0.492184 0.0626115 0.0360068 0.0207068 0.0119081 0.00684815 0.00393825 0.00226482 0.00130245 0.000749018 0.000430747 0.000247715 0.000142456 8.19241e-05 4.7113e-05 2.70939e-05 1.55812e-05 8.96046e-06 5.153e-06 2.9634e-06 1.7042e-06 9.80053e-07 5.63611e-07 3.24122e-07 1.86397e-07 1.07193e-07 6.1645e-08 3.5451e-08 2.03872e-08 1.17243e-08 6.74244e-09 3.87746e-09 2.22986e-09 1.28235e-09 7.37456e-10 4.24098e-10 2.43891e-10 1.40257e-10 8.06594e-11 4.63858e-11 2.66756e-11 1.53407e-11 8.82214e-12 5.07346e-12 2.91765e-12 1.67789e-12 9.64924e-13 5.5491e-13 3.19119e-13 1.8352e-13 1.05539e-13 6.06935e-14 3.49037e-14 2.00725e-14 1.15433e-14 6.63836e-15 3.8176e-15 2.19543e-15 1.26255e-15 7.26072e-16 4.17551e-16 2.40126e-16 1.38092e-16 7.94143e-17 4.56698e-17 2.62639e-17 1.51039e-17 8.68596e-18 4.99514e-18 2.87261e-18 1.65199e-18 9.50029e-19 5.46345e-19 3.14193e-19 1.80687e-19 1.0391e-19 5.97566e-20 3.43649e-20 1.97626e-20 1.13651e-20 6.53589e-21 3.75867e-21 2.16154e-21 1.24307e-21 7.14864e-22 4.11106e-22 2.36419e-22 1.35961e-22 7.81885e-23 4.49648e-23 2.58584e-23 1.48707e-23 8.55188e-24 4.91803e-24 2.82827e-24 1.62649e-24 9.35364e-25 5.37911e-25 3.09343e-25 1.77898e-25 1.02306e-25
0.0626115 0.0243707 0.0157547 0.0100606 0.00636098 0.00398893 0.00248422 0.00153805 0.000947429 0.000581035 0.000354953 0.000216095 0.000131154 7.93824e-05 4.79275e-05 2.88712e-05 1.73561e-05 1.04141e-05 6.23788e-06 3.73046e-06 2.22765e-06 1.32843e-06 7.91186e-07 4.70656e-07 2.79671e-07 1.66012e-07 9.84488e-08 5.83288e-08 3.45288e-08 2.04233e-08 1.20708e-08 7.12903e-09 4.20751e-09 2.48161e-09 1.46276e-09 8.61695e-10 5.07328e-10 2.98531e-10 1.75577e-10 1.03212e-10 6.06441e-11 3.56165e-11 2.09086e-11 1.22693e-11 7.19679e-12 4.21981e-12 2.47335e-12 1.44919e-12 8.48819e-13 4.97007e-13 2.90918e-13 1.70234e-13 9.95848e-14 5.82392e-14 3.405e-14 1.99022e-14 1.16299e-14 6.79418e-15 3.96821e-15 2.31712e-15 1.35271e-15 7.89519e-16 4.6071e-16 2.68782e-16 1.56778e-16 9.14292e-17 5.3309e-17 3.10767e-17 1.8113e-17 1.05552e-17 6.14993e-18 3.58261e-18 2.08669e-18 1.2152e-18 7.07567e-19 4.11929e-19 2.3978e-19 1.39553e-19 8.12093e-20 4.72511e-20 2.7489e-20 1.599e-20 9.3e-21 5.40832e-21 3.14476e-21 1.82836e-21 1.06288e-21 6.1781e-22 3.59069e-22 2.08666e-22 1.21249e-22 7.04468e-23 4.09258e-23 2.37733e-23 1.38082e-23 8.01945e-24 4.65703e-24 2.70416e-24 1.57006e-24 9.11507e-25 5.29134e-25
0.0360068 0.0157547 0.0107377 0.00718808 0.0047441 0.00309524 0.00200026 0.00128225 0.00081632 0.000516583 0.000325188 0.000203754 0.000127137 7.90341e-05 4.89655e-05 3.02435e-05 1.86275e-05 1.14435e-05 7.01346e-06 4.28896e-06 2.61749e-06 1.59439e-06 9.69474e-07 5.88514e-07 3.56699e-07 2.15879e-07 1.30473e-07 7.8753e-08 4.74764e-08 2.85879e-08 1.71951e-08 1.03317e-08 6.20159e-09 3.71895e-09 2.22814e-09 1.33378e-09 7.97752e-10 4.76765e-10 2.84714e-10 1.69901e-10 1.01316e-10 6.03758e-11 3.59557e-11 2.13993e-11 1.27283e-11 7.56639e-12 4.49534e-12 2.66932e-12 1.58421e-12 9.39732e-13 5.57164e-13 3.30184e-13 1.95582e-13 1.158e-13 6.85334e-14 4.05427e-14 2.39744e-14 1.41714e-14 8.37354e-15 4.94589e-15 2.92027e-15 1.72365e-15 1.01701e-15 5.99871e-16 3.53712e-16 2.08499e-16 1.22864e-16 7.23791e-17 4.26261e-17 2.50965e-17 1.47717e-17 8.69221e-18 5.11345e-18 3.00736e-18 1.76826e-18 1.03944e-18 6.10868e-19 3.58916e-19 2.10832e-19 1.23818e-19 7.26998e-20 4.26765e-20 2.50468e-20 1.46969e-20 8.62203e-21 5.05717e-21 2.96565e-21 1.7388e-21 1.01929e-21 5.974e-22 3.5007e-22 2.05101e-22 1.20145e-22 7.03667e-23 4.12057e-23 2.41255e-23 1.41229e-23 8.26617e-24 4.83745e-24 2.83049e-24 1.65593e-24
0.0207068 0.0100606 0.00718808 0.00501463 0.00343454 0.002318 0.00154569 0.00102035 0.000667795 0.000433822 0.000280001 0.000179688 0.000114725 7.29129e-05 4.61478e-05 2.90979e-05 1.82842e-05 1.14529e-05 7.15301e-06 4.45544e-06 2.76824e-06 1.71594e-06 1.06133e-06 6.55108e-07 4.03589e-07 2.48188e-07 1.52364e-07 9.33861e-08 5.71504e-08 3.49242e-08 2.13126e-08 1.2989e-08 7.90634e-09 4.80681e-09 2.91906e-09 1.77075e-09 1.07305e-09 6.49603e-10 3.92879e-10 2.37394e-10 1.43317e-10 8.64479e-11 5.21021e-11 3.13771e-11 1.88816e-11 1.13539e-11 6.82247e-12 4.09676e-12 2.45839e-12 1.47428e-12 8.8357e-13 5.29223e-13 3.16798e-13 1.8953e-13 1.13328e-13 6.77269e-14 4.04539e-14 2.41513e-14 1.44114e-14 8.5954e-15 5.12416e-15 3.0534e-15 1.81866e-15 1.08277e-15 6.4437e-16 3.83317e-16 2.27934e-16 1.35485e-16 8.05021e-17 4.78149e-17 2.83898e-17 1.68503e-17 9.99777e-18 5.92996e-18 3.51607e-18 2.08412e-18 1.23496e-18 7.31553e-19 4.3322e-19 2.56474e-19 1.51793e-19 8.98125e-20 5.31253e-20 3.14157e-20 1.85728e-20 1.09772e-20 6.4863e-21 3.8317e-21 2.26297e-21 1.33617e-21 7.88752e-22 4.65498e-22 2.7466e-22 1.62022e-22 9.55562e-23 5.63441e-23 3.32158e-23 1.95772e-23 1.15363e-23 6.79665e-24 4.00347e-24
0.0119081 0.00636098 0.0047441 0.00343454 0.00243117 0.00169071 0.00115899 0.000785056 0.000526407 0.000349911 0.000230831 0.000151259 9.85288e-05 6.38388e-05 4.11633e-05 2.64261e-05 1.68973e-05 1.07647e-05 6.83468e-06 4.32584e-06 2.72996e-06 1.71816e-06 1.07861e-06 6.75517e-07 4.22119e-07 2.6322e-07 1.63809e-07 1.01752e-07 6.30918e-08 3.90544e-08 2.41361e-08 1.48937e-08 9.17702e-09 5.64673e-09 3.46988e-09 2.1295e-09 1.30531e-09 7.99167e-10 4.88736e-10 2.98567e-10 1.82204e-10 1.11081e-10 6.76556e-11 4.11683e-11 2.50283e-11 1.52028e-11 9.22686e-12 5.5954e-12 3.39053e-12 2.05293e-12 1.24212e-12 7.51e-13 4.5375e-13 2.7397e-13 1.65312e-13 9.96855e-14 6.00747e-14 3.61819e-14 2.1779e-14 1.3102e-14 7.87771e-15 4.73399e-15 2.84333e-15 1.70689e-15 1.02416e-15 6.1421e-16 3.68181e-16 2.206e-16 1.32115e-16 7.90874e-17 4.73233e-17 2.83048e-17 1.69226e-17 1.01134e-17 6.04166e-18 3.60784e-18 2.15365e-18 1.28512e-18 7.6657e-19 4.57096e-19 2.72466e-19 1.62356e-19 9.67121e-20 5.75904e-20 3.42831e-20 2.0402e-20 1.21376e-20 7.21873e-21 4.29199e-21 2.55112e-21 1.51593e-21 9.00539e-22 5.3482e-22 3.17537e-22 1.8848e-22 1.11847e-22 6.63541e-23 3.93553e-23 2.33362e-23 1.38341e-23 8.1991e-24
0.00684815 0.00398893 0.00309524 0.002318 0.00169071 0.00120811 0.0008491 0.000588672 0.00040344 0.000273771 0.000184187 0.000122982 8.1565e-05 5.37711e-05 3.5256e-05 2.30024e-05 1.49402e-05 9.66364e-06 6.22686e-06 3.99819e-06 2.55879e-06 1.63259e-06 1.03867e-06 6.59048e-07 4.17121e-07 2.63377e-07 1.65928e-07 1.04314e-07 6.54479e-08 4.09846e-08 2.56188e-08 1.59863e-08 9.95913e-09 6.1946e-09 3.84727e-09 2.38598e-09 1.47769e-09 9.13954e-10 5.64566e-10 3.48316e-10 2.14646e-10 1.32124e-10 8.12389e-11 4.98988e-11 3.06179e-11 1.87687e-11 1.14943e-11 7.0328e-12 4.29922e-12 2.6259e-12 1.60252e-12 9.77183e-13 5.95399e-13 3.62501e-13 2.2054e-13 1.34077e-13 8.14549e-14 4.9452e-14 3.00029e-14 1.81912e-14 1.10227e-14 6.67493e-15 4.03968e-15 2.4434e-15 1.47705e-15 8.92394e-16 5.38867e-16 3.2522e-16 1.96178e-16 1.18278e-16 7.12757e-17 4.2931e-17 2.58462e-17 1.55532e-17 9.35512e-18 5.62453e-18 3.38015e-18 2.03049e-18 1.21923e-18 7.31804e-19 4.39066e-19 2.63327e-19 1.57869e-19 9.46091e-20 5.66774e-20 3.39414e-20 2.03187e-20 1.21593e-20 7.27406e-21 4.35008e-21 2.60061e-21 1.55422e-21 9.28562e-22 5.54593e-22 3.31134e-22 1.97653e-22 1.17943e-22 7.03585e-23 4.196e-23 2.50168e-23 1.4911e-23
0.00393825 0.00248422 0.00200026 0.00154569 0.00115899 0.0008491 0.000610624 0.000432471 0.000302387 0.000209122 0.000143249 9.73081e-05 6.5611e-05 4.39455e-05 2.92582e-05 1.93738e-05 1.27651e-05 8.37244e-06 5.46833e-06 3.55768e-06 2.30628e-06 1.49002e-06 9.59636e-07 6.16225e-07 3.94609e-07 2.52035e-07 1.60577e-07 1.02068e-07 6.4735e-08 4.09709e-08 2.58788e-08 1.6315e-08 1.0267e-08 6.44976e-09 4.04507e-09 2.53291e-09 1.58362e-09 9.88665e-10 6.16365e-10 3.83744e-10 2.38605e-10 1.48176e-10 9.19071e-11 5.69398e-11 3.52367e-11 2.17823e-11 1.3451e-11 8.29785e-12 5.11386e-12 3.1486e-12 1.93681e-12 1.19032e-12 7.30912e-13 4.48434e-13 2.74901e-13 1.68386e-13 1.03062e-13 6.30326e-14 3.85222e-14 2.35259e-14 1.43575e-14 8.7562e-15 5.3366e-15 3.25038e-15 1.97846e-15 1.20353e-15 7.31681e-16 4.44562e-16 2.69957e-16 1.63837e-16 9.93788e-17 6.02478e-17 3.65057e-17 2.21084e-17 1.33825e-17 8.09659e-18 4.89619e-18 2.95944e-18 1.78797e-18 1.07973e-18 6.51741e-19 3.9323e-19 2.37156e-19 1.42968e-19 8.61518e-20 5.18938e-20 3.1246e-20 1.88064e-20 1.13149e-20 6.80507e-21 4.09124e-21 2.45878e-21 1.47717e-21 8.87136e-22 5.32599e-22 3.19642e-22 1.91771e-22 1.15017e-22 6.89605e-23 4.13334e-23 2.47667e-23
0.00226482 0.00153805 0.00128225 0.00102035 0.000785056 0.000588672 0.000432471 0.000312432 0.000222561 0.000156649 0.000109116 7.5315e-05 5.15659e-05 3.5051e-05 2.36703e-05 1.58905e-05 1.06103e-05 7.04963e-06 4.66254e-06 3.07075e-06 2.01448e-06 1.31672e-06 8.5771e-07 5.56925e-07 3.60533e-07 2.32736e-07 1.49836e-07 9.62214e-08 6.16429e-08 3.94008e-08 2.51296e-08 1.59944e-08 1.016e-08 6.44176e-09 4.07692e-09 2.57579e-09 1.6247e-09 1.02316e-09 6.43359e-10 4.03949e-10 2.53272e-10 1.58583e-10 9.91646e-11 6.19308e-11 3.86302e-11 2.40676e-11 1.49777e-11 9.31053e-12 5.78149e-12 3.58636e-12 2.22245e-12 1.37589e-12 8.50995e-13 5.25858e-13 3.24655e-13 2.00262e-13 1.23426e-13 7.60077e-14 4.67692e-14 2.87557e-14 1.76668e-14 1.0846e-14 6.65374e-15 4.07903e-15 2.4989e-15 1.52985e-15 9.35973e-16 5.72269e-16 3.49675e-16 2.13532e-16 1.30317e-16 7.9485e-17 4.84529e-17 2.95197e-17 1.79748e-17 1.09392e-17 6.65387e-18 4.04521e-18 2.45803e-18 1.49286e-18 9.06234e-19 5.49863e-19 3.33477e-19 2.02152e-19 1.22488e-19 7.41853e-20 4.49112e-20 2.71773e-20 1.6439e-20 9.93956e-21 6.00736e-21 3.62934e-21 2.19181e-21 1.32316e-21 7.98467e-22 4.81661e-22 2.90447e-22 1.75081e-22 1.05501e-22 6.35512e-23 3.82686e-23
0.00130245 0.000947429 0.00081632 0.000667795 0.000526407 0.00040344 0.000302387 0.000222561 0.000161334 0.000115445 8.16859e-05 5.72334e-05 3.97529e-05 2.73971e-05 1.87498e-05 1.27504e-05 8.62052e-06 5.79738e-06 3.87972e-06 2.58464e-06 1.71463e-06 1.13302e-06 7.45949e-07 4.89428e-07 3.20085e-07 2.08698e-07 1.35683e-07 8.79731e-08 5.68925e-08 3.67027e-08 2.36227e-08 1.51704e-08 9.7218e-09 6.21753e-09 3.96871e-09 2.52858e-09 1.60817e-09 1.02105e-09 6.47222e-10 4.09613e-10 2.58842e-10 1.63328e-10 1.02914e-10 6.47591e-11 4.06962e-11 2.5542e-11 1.60112e-11 1.00248e-11 6.26941e-12 3.91646e-12 2.44393e-12 1.52345e-12 9.48695e-13 5.90192e-13 3.66811e-13 2.27763e-13 1.41296e-13 8.75773e-14 5.42348e-14 3.35582e-14 2.07474e-14 1.28169e-14 7.91158e-15 4.87992e-15 3.00774e-15 1.85248e-15 1.14014e-15 7.01237e-16 4.31e-16 2.64729e-16 1.62497e-16 9.9682e-17 6.11109e-17 3.74418e-17 2.29265e-17 1.40303e-17 8.58125e-18 5.24555e-18 3.20475e-18 1.95689e-18 1.19429e-18 7.28498e-19 4.44149e-19 2.70654e-19 1.6485e-19 1.00359e-19 6.10687e-20 3.71434e-20 2.25813e-20 1.37222e-20 8.33506e-21 5.06067e-21 3.07131e-21 1.8632e-21 1.12984e-21 6.84863e-22 4.14971e-22 2.51341e-22 1.52175e-22 9.21003e-23 5.57209e-23
0.000749018 0.000581035 0.000516583 0.000433822 0.000349911 0.000273771 0.000209122 0.000156649 0.000115445 8.39062e-05 6.02567e-05 4.28208e-05 3.01486e-05 2.10509e-05 1.45891e-05 1.00425e-05 6.87019e-06 4.67342e-06 3.16252e-06 2.12978e-06 1.42787e-06 9.53297e-07 6.33974e-07 4.20073e-07 2.77386e-07 1.82573e-07 1.19801e-07 7.83839e-08 5.11448e-08 3.32847e-08 2.16079e-08 1.39944e-08 9.04307e-09 5.83101e-09 3.75213e-09 2.40966e-09 1.54458e-09 9.88278e-10 6.31232e-10 4.02504e-10 2.56242e-10 1.62875e-10 1.03372e-10 6.55129e-11 4.14611e-11 2.62039e-11 1.65396e-11 1.04263e-11 6.56454e-12 4.1282e-12 2.59308e-12 1.62699e-12 1.01972e-12 6.38437e-13 3.99309e-13 2.49498e-13 1.55741e-13 9.71242e-14 6.05135e-14 3.76693e-14 2.34284e-14 1.45589e-14 9.03965e-15 5.60819e-15 3.47656e-15 2.15348e-15 1.33292e-15 8.24418e-16 5.09538e-16 3.14702e-16 1.94233e-16 1.19799e-16 7.38405e-17 4.54838e-17 2.79991e-17 1.72251e-17 1.05905e-17 6.50743e-18 3.99623e-18 2.4527e-18 1.5045e-18 9.22366e-19 5.6517e-19 3.46118e-19 2.11858e-19 1.29611e-19 7.92542e-20 4.84383e-20 2.959e-20 1.80674e-20 1.10266e-20 6.72651e-21 4.10149e-21 2.49978e-21 1.5229e-21 9.27374e-22 5.64489e-22 3.43459e-22 2.0889e-22 1.26995e-22 7.7176e-23
0.000430747 0.000354953 0.000325188 0.000280001 0.000230831 0.000184187 0.000143249 0.000109116 8.16859e-05 6.02567e-05 4.38869e-05 3.16101e-05 2.25443e-05 1.59378e-05 1.11784e-05 7.78416e-06 5.38522e-06 3.70331e-06 2.53267e-06 1.72325e-06 1.16696e-06 7.86771e-07 5.28257e-07 3.53314e-07 2.35449e-07 1.56367e-07 1.03511e-07 6.83124e-08 4.49524e-08 2.94991e-08 1.93076e-08 1.26055e-08 8.21033e-09 5.33545e-09 3.45968e-09 2.23869e-09 1.44572e-09 9.31839e-10 5.99509e-10 3.85017e-10 2.46843e-10 1.57996e-10 1.00968e-10 6.44249e-11 4.10469e-11 2.61147e-11 1.65916e-11 1.05271e-11 6.67056e-12 4.22154e-12 2.66838e-12 1.68465e-12 1.06236e-12 6.69189e-13 4.21069e-13 2.64666e-13 1.66186e-13 1.04246e-13 6.53275e-14 4.08999e-14 2.55827e-14 1.59874e-14 9.98217e-15 6.2273e-15 3.88159e-15 2.41749e-15 1.50442e-15 9.35485e-16 5.81261e-16 3.60894e-16 2.23909e-16 1.3882e-16 8.60059e-17 5.32484e-17 3.29453e-17 2.03701e-17 1.25868e-17 7.7725e-18 4.79665e-18 2.95837e-18 1.82351e-18 1.12333e-18 6.9161e-19 4.25568e-19 2.6172e-19 1.60868e-19 9.88263e-20 6.06802e-20 3.72391e-20 2.28419e-20 1.40039e-20 8.58132e-21 5.25595e-21 3.21769e-21 1.96896e-21 1.20429e-21 7.36255e-22 4.4992e-22 2.74824e-22 1.67798e-22 1.02409e-22
0.000247715 0.000216095 0.000203754 0.000179688 0.000151259 0.000122982 9.73081e-05 7.5315e-05 5.72334e-05 4.28208e-05 3.16101e-05 2.30619e-05 1.66515e-05 1.1912e-05 8.45071e-06 5.95005e-06 4.16061e-06 2.89102e-06 1.9972e-06 1.37233e-06 9.38266e-07 6.38522e-07 4.32652e-07 2.91967e-07 1.96276e-07 1.31472e-07 8.77656e-08 5.84004e-08 3.8742e-08 2.56266e-08 1.69045e-08 1.11217e-08 7.29883e-09 4.77854e-09 3.12135e-09 2.0344e-09 1.32318e-09 8.58858e-10 5.56393e-10 3.59775e-10 2.32219e-10 1.49628e-10 9.62506e-11 6.18147e-11 3.96372e-11 2.53782e-11 1.6225e-11 1.03584e-11 6.60403e-12 4.20484e-12 2.67381e-12 1.69812e-12 1.07716e-12 6.82468e-13 4.31902e-13 2.73027e-13 1.72407e-13 1.08754e-13 6.85314e-14 4.31419e-14 2.71322e-14 1.70474e-14 1.0701e-14 6.71123e-15 4.20527e-15 2.63275e-15 1.64687e-15 1.02932e-15 6.42825e-16 4.01136e-16 2.50124e-16 1.55845e-16 9.70303e-17 6.03683e-17 3.75321e-17 2.33182e-17 1.44775e-17 8.98256e-18 5.56961e-18 3.4512e-18 2.13719e-18 1.32266e-18 8.18075e-19 5.05683e-19 3.124e-19 1.92883e-19 1.19024e-19 7.34067e-20 4.52482e-20 2.78763e-20 1.71649e-20 1.05639e-20 6.49813e-21 3.99517e-21 2.45511e-21 1.50798e-21 9.258e-22 5.68113e-22 3.48461e-22 2.13637e-22 1.3092e-22
0.000142456 0.000131154 0.000127137 0.000114725 9.85288e-05 8.1565e-05 6.5611e-05 5.15659e-05 3.97529e-05 3.01486e-05 2.25443e-05 1.66515e-05 1.21656e-05 8.80228e-06 6.31331e-06 4.49242e-06 3.17371e-06 2.22732e-06 1.55365e-06 1.07765e-06 7.43591e-07 5.10594e-07 3.49012e-07 2.3755e-07 1.61038e-07 1.08758e-07 7.31896e-08 4.90877e-08 3.28177e-08 2.18739e-08 1.45375e-08 9.63518e-09 6.36928e-09 4.19983e-09 2.76269e-09 1.81315e-09 1.18735e-09 7.759e-10 5.05998e-10 3.29339e-10 2.13953e-10 1.38742e-10 8.9812e-11 5.804e-11 3.74465e-11 2.41218e-11 1.55147e-11 9.96405e-12 6.39007e-12 4.09234e-12 2.61729e-12 1.67172e-12 1.06641e-12 6.79438e-13 4.32368e-13 2.74821e-13 1.74483e-13 1.10656e-13 7.0102e-14 4.43639e-14 2.80469e-14 1.77136e-14 1.11765e-14 7.04516e-15 4.43684e-15 2.79167e-15 1.75497e-15 1.1023e-15 6.9177e-16 4.33776e-16 2.7178e-16 1.70148e-16 1.06438e-16 6.65334e-17 4.15585e-17 2.59396e-17 1.61792e-17 1.00843e-17 6.28115e-18 3.90967e-18 2.43195e-18 1.51178e-18 9.39172e-19 5.83086e-19 3.61788e-19 2.24344e-19 1.39034e-19 8.61139e-20 5.33064e-20 3.29794e-20 2.03924e-20 1.26025e-20 7.78425e-21 4.80562e-21 2.96523e-21 1.82872e-21 1.12725e-21 6.94517e-22 4.27696e-22 2.63258e-22 1.61966e-22
8.19241e-05 7.93824e-05 7.90341e-05 7.29129e-05 6.38388e-05 5.37711e-05 4.39455e-05 3.5051e-05 2.73971e-05 2.10509e-05 1.59378e-05 1.1912e-05 8.80228e-06 6.43865e-06 4.6669e-06 3.35482e-06 2.39353e-06 1.69594e-06 1.19404e-06 8.35754e-07 5.81793e-07 4.02951e-07 2.77763e-07 1.90619e-07 1.30269e-07 8.86761e-08 6.01393e-08 4.06427e-08 2.73753e-08 1.83806e-08 1.23043e-08 8.21304e-09 5.46718e-09 3.62984e-09 2.40395e-09 1.58826e-09 1.04693e-09 6.88587e-10 4.51937e-10 2.96012e-10 1.93503e-10 1.26254e-10 8.22258e-11 5.3457e-11 3.46946e-11 2.24803e-11 1.45429e-11 9.39354e-12 6.0584e-12 3.90172e-12 2.50925e-12 1.61153e-12 1.03361e-12 6.62089e-13 4.23576e-13 2.70656e-13 1.72738e-13 1.10118e-13 7.01193e-14 4.46008e-14 2.83389e-14 1.79876e-14 1.14056e-14 7.22496e-15 4.57226e-15 2.89078e-15 1.82599e-15 1.15236e-15 7.26602e-16 4.5775e-16 2.88133e-16 1.81217e-16 1.13881e-16 7.15094e-17 4.48679e-17 2.81305e-17 1.76237e-17 1.10331e-17 6.90222e-18 4.31493e-18 2.69563e-18 1.68288e-18 1.04992e-18 6.54604e-19 4.07871e-19 2.53977e-19 1.58051e-19 9.82968e-20 6.10972e-20 3.79533e-20 2.35629e-20 1.46205e-20 9.06681e-21 5.61965e-21 3.48122e-21 2.15538e-21 1.33379e-21 8.24959e-22 5.09985e-22 3.15113e-22 1.9461e-22
4.7113e-05 4.79275e-05 4.89655e-05 4.61478e-05 4.11633e-05 3.5256e-05 2.92582e-05 2.36703e-05 1.87498e-05 1.45891e-05 1.11784e-05 8.45071e-06 6.31331e-06 4.6669e-06 3.4172e-06 2.4807e-06 1.78678e-06 1.27776e-06 9.0773e-07 6.40927e-07 4.49984e-07 3.14262e-07 2.18395e-07 1.51072e-07 1.04049e-07 7.13693e-08 4.8765e-08 3.31984e-08 2.25227e-08 1.52298e-08 1.02662e-08 6.89966e-09 4.62392e-09 3.09038e-09 2.06008e-09 1.36985e-09 9.08709e-10 6.01422e-10 3.9717e-10 2.61729e-10 1.72123e-10 1.12972e-10 7.40078e-11 4.83936e-11 3.15884e-11 2.05837e-11 1.33906e-11 8.69717e-12 5.64002e-12 3.65198e-12 2.36124e-12 1.52453e-12 9.82947e-13 6.32912e-13 4.06997e-13 2.61389e-13 1.67667e-13 1.07421e-13 6.87414e-14 4.39394e-14 2.80548e-14 1.78932e-14 1.14002e-14 7.25579e-15 4.6134e-15 2.93042e-15 1.8596e-15 1.17897e-15 7.46766e-16 4.72582e-16 2.98804e-16 1.88766e-16 1.1915e-16 7.51458e-17 4.7355e-17 2.98182e-17 1.87612e-17 1.17953e-17 7.4103e-18 4.65204e-18 2.91836e-18 1.82949e-18 1.14609e-18 7.17489e-19 4.48871e-19 2.80636e-19 1.75343e-19 1.09486e-19 6.83215e-20 4.26082e-20 2.65563e-20 1.6542e-20 1.02981e-20 6.40734e-21 3.98434e-21 2.47625e-21 1.53815e-21 9.54926e-22 5.92534e-22 3.67479e-22 2.27788e-22
2.70939e-05 2.88712e-05 3.02435e-05 2.90979e-05 2.64261e-05 2.30024e-05 1.93738e-05 1.58905e-05 1.27504e-05 1.00425e-05 7.78416e-06 5.95005e-06 4.49242e-06 3.35482e-06 2.4807e-06 1.81801e-06 1.32156e-06 9.53543e-07 6.83304e-07 4.86558e-07 3.44428e-07 2.42484e-07 1.69842e-07 1.18392e-07 8.21565e-08 5.67699e-08 3.90709e-08 2.67881e-08 1.83007e-08 1.24599e-08 8.45569e-09 5.72059e-09 3.85878e-09 2.59559e-09 1.7412e-09 1.16504e-09 7.77597e-10 5.17768e-10 3.43972e-10 2.2801e-10 1.50822e-10 9.95612e-11 6.55931e-11 4.3132e-11 2.83102e-11 1.85488e-11 1.21322e-11 7.9221e-12 5.16464e-12 3.36171e-12 2.18485e-12 1.41789e-12 9.18845e-13 5.94617e-13 3.84278e-13 2.48018e-13 1.59869e-13 1.02921e-13 6.61782e-14 4.25024e-14 2.72653e-14 1.74711e-14 1.11828e-14 7.15019e-15 4.56699e-15 2.91406e-15 1.85752e-15 1.18289e-15 7.52557e-16 4.78333e-16 3.03755e-16 1.92721e-16 1.22168e-16 7.73766e-17 4.89665e-17 3.09621e-17 1.9562e-17 1.23496e-17 7.79032e-18 4.91053e-18 3.09298e-18 1.94675e-18 1.22442e-18 7.69563e-19 4.83346e-19 3.03373e-19 1.90286e-19 1.19276e-19 7.47166e-20 4.67743e-20 2.92636e-20 1.82971e-20 1.14334e-20 7.14023e-21 4.45652e-21 2.77991e-21 1.73309e-21 1.07987e-21 6.72488e-22 4.18566e-22 2.60384e-22
1.55812e-05 1.73561e-05 1.86275e-05 1.82842e-05 1.68973e-05 1.49402e-05 1.27651e-05 1.06103e-05 8.62052e-06 6.87019e-06 5.38522e-06 4.16061e-06 3.17371e-06 2.39353e-06 1.78678e-06 1.32156e-06 9.69269e-07 7.05426e-07 5.09771e-07 3.65973e-07 2.61143e-07 1.85287e-07 1.30771e-07 9.1838e-08 6.41959e-08 4.4677e-08 3.09643e-08 2.13764e-08 1.47025e-08 1.00766e-08 6.88306e-09 4.6866e-09 3.18132e-09 2.15323e-09 1.45332e-09 9.78299e-10 6.56852e-10 4.39941e-10 2.93963e-10 1.95976e-10 1.30365e-10 8.65368e-11 5.73265e-11 3.79014e-11 2.50109e-11 1.64742e-11 1.08319e-11 7.10981e-12 4.65893e-12 3.04797e-12 1.99092e-12 1.29847e-12 8.45609e-13 5.49897e-13 3.57096e-13 2.31578e-13 1.49981e-13 9.7009e-14 6.26676e-14 4.04336e-14 2.60569e-14 1.67725e-14 1.0784e-14 6.92595e-15 4.44333e-15 2.84759e-15 1.82305e-15 1.16595e-15 7.4496e-16 4.75517e-16 3.03241e-16 1.93201e-16 1.2298e-16 7.82127e-17 4.96983e-17 3.15526e-17 2.00156e-17 1.26866e-17 8.03476e-18 5.08463e-18 3.21522e-18 2.03158e-18 1.28273e-18 8.09313e-19 5.10257e-19 3.21481e-19 2.02405e-19 1.27348e-19 8.0071e-20 5.03121e-20 3.15929e-20 1.98258e-20 1.24338e-20 7.79307e-21 4.88149e-21 3.05589e-21 1.91192e-21 1.19551e-21 7.4712e-22 4.66644e-22 2.91302e-22
8.96046e-06 1.04141e-05 1.14435e-05 1.14529e-05 1.07647e-05 9.66364e-06 8.37244e-06 7.04963e-06 5.79738e-06 4.67342e-06 3.70331e-06 2.89102e-06 2.22732e-06 1.69594e-06 1.27776e-06 9.53543e-07 7.05426e-07 5.17729e-07 3.77198e-07 2.72956e-07 1.96284e-07 1.40325e-07 9.97725e-08 7.05764e-08 4.96841e-08 3.48181e-08 2.4296e-08 1.68851e-08 1.16898e-08 8.06358e-09 5.54296e-09 3.79771e-09 2.59378e-09 1.76618e-09 1.19919e-09 8.11969e-10 5.4833e-10 3.69353e-10 2.48187e-10 1.66378e-10 1.11283e-10 7.42706e-11 4.9464e-11 3.2876e-11 2.1808e-11 1.44387e-11 9.54204e-12 6.2948e-12 4.14547e-12 2.72546e-12 1.78896e-12 1.17241e-12 7.67171e-13 5.01257e-13 3.2704e-13 2.13074e-13 1.38633e-13 9.00787e-14 5.84541e-14 3.78843e-14 2.45226e-14 1.58545e-14 1.02383e-14 6.604e-15 4.255e-15 2.73853e-15 1.76064e-15 1.13076e-15 7.25486e-16 4.65e-16 2.9775e-16 1.90474e-16 1.21735e-16 7.7731e-17 4.95888e-17 3.16076e-17 2.01291e-17 1.28083e-17 8.14323e-18 5.17308e-18 3.28365e-18 2.08268e-18 1.31995e-18 8.35915e-19 5.28989e-19 3.34515e-19 2.11385e-19 1.33483e-19 8.42329e-20 5.3118e-20 3.34744e-20 2.10814e-20 1.3268e-20 8.34519e-21 5.24562e-21 3.29527e-21 2.06882e-21 1.29807e-21 8.13988e-22 5.10139e-22 3.19531e-22
5.153e-06 6.23788e-06 7.01346e-06 7.15301e-06 6.83468e-06 6.22686e-06 5.46833e-06 4.66254e-06 3.87972e-06 3.16252e-06 2.53267e-06 1.9972e-06 1.55365e-06 1.19404e-06 9.0773e-07 6.83304e-07 5.09771e-07 3.77198e-07 2.77e-07 2.02003e-07 1.4636e-07 1.05406e-07 7.54847e-08 5.37724e-08 3.81158e-08 2.68919e-08 1.88896e-08 1.32133e-08 9.20619e-09 6.39026e-09 4.41984e-09 3.0466e-09 2.09321e-09 1.43372e-09 9.79097e-10 6.66733e-10 4.52786e-10 3.06688e-10 2.07208e-10 1.39658e-10 9.391e-11 6.30058e-11 4.21801e-11 2.8179e-11 1.87873e-11 1.25012e-11 8.30269e-12 5.50412e-12 3.64239e-12 2.40622e-12 1.58693e-12 1.04491e-12 6.86929e-13 4.509e-13 2.9553e-13 1.93417e-13 1.26408e-13 8.25008e-14 5.37725e-14 3.50023e-14 2.27552e-14 1.4775e-14 9.58178e-15 6.20659e-15 4.01568e-15 2.59523e-15 1.67539e-15 1.0804e-15 6.95986e-16 4.47886e-16 2.87937e-16 1.84926e-16 1.18654e-16 7.60594e-17 4.87105e-17 3.11672e-17 1.99245e-17 1.27262e-17 8.12155e-18 5.17863e-18 3.29939e-18 2.1004e-18 1.33606e-18 8.49203e-19 5.39344e-19 3.42291e-19 2.17072e-19 1.37562e-19 8.71134e-20 5.51274e-20 3.48619e-20 2.20314e-20 1.39137e-20 8.78134e-21 5.53859e-21 3.49111e-21 2.19916e-21 1.38447e-21 8.71063e-22 5.47718e-22 3.442e-22
2.9634e-06 3.73046e-06 4.28896e-06 4.45544e-06 4.32584e-06 3.99819e-06 3.55768e-06 3.07075e-06 2.58464e-06 2.12978e-06 1.72325e-06 1.37233e-06 1.07765e-06 8.35754e-07 6.40927e-07 4.86558e-07 3.65973e-07 2.72956e-07 2.02003e-07 1.48423e-07 1.0833e-07 7.85782e-08 5.66676e-08 4.0645e-08 2.90043e-08 2.05983e-08 1.45622e-08 1.02508e-08 7.18661e-09 5.01893e-09 3.49222e-09 2.42143e-09 1.67337e-09 1.15272e-09 7.91643e-10 5.42082e-10 3.70153e-10 2.52074e-10 1.71218e-10 1.16008e-10 7.84128e-11 5.28786e-11 3.55798e-11 2.38886e-11 1.60057e-11 1.07025e-11 7.14246e-12 4.75764e-12 3.16331e-12 2.09952e-12 1.39108e-12 9.20155e-13 6.07665e-13 4.00666e-13 2.63776e-13 1.73397e-13 1.13819e-13 7.46066e-14 4.8836e-14 3.19243e-14 2.08417e-14 1.35891e-14 8.84931e-15 5.75571e-15 3.73915e-15 2.42629e-15 1.57261e-15 1.01817e-15 6.58485e-16 4.25415e-16 2.74555e-16 1.77013e-16 1.14012e-16 7.33619e-17 4.71605e-17 3.02887e-17 1.9435e-17 1.24595e-17 7.98056e-18 5.1073e-18 3.26574e-18 2.08647e-18 1.33195e-18 8.49599e-19 5.41502e-19 3.44866e-19 2.19469e-19 1.39563e-19 8.86849e-20 5.63141e-20 3.57336e-20 2.26586e-20 1.4358e-20 9.09206e-21 5.75364e-21 3.63865e-21 2.29963e-21 1.45246e-21 9.16809e-22 5.78346e-22 3.64616e-22
1.7042e-06 2.22765e-06 2.61749e-06 2.76824e-06 2.72996e-06 2.55879e-06 2.30628e-06 2.01448e-06 1.71463e-06 1.42787e-06 1.16696e-06 9.38266e-07 7.43591e-07 5.81793e-07 4.49984e-07 3.44428e-07 2.61143e-07 1.96284e-07 1.4636e-07 1.0833e-07 7.9635e-08 5.81683e-08 4.22359e-08 3.04967e-08 2.19051e-08 1.56565e-08 1.11382e-08 7.88906e-09 5.5644e-09 3.9092e-09 2.73601e-09 1.90803e-09 1.32606e-09 9.18576e-10 6.34316e-10 4.36708e-10 2.99795e-10 2.05237e-10 1.4013e-10 9.54326e-11 6.48322e-11 4.39393e-11 2.97112e-11 2.00459e-11 1.34959e-11 9.06734e-12 6.07979e-12 4.0687e-12 2.71774e-12 1.81204e-12 1.20604e-12 8.01325e-13 5.31537e-13 3.52009e-13 2.32751e-13 1.53661e-13 1.01295e-13 6.66778e-14 4.38289e-14 2.87701e-14 1.88598e-14 1.23471e-14 8.07304e-15 5.27189e-15 3.43847e-15 2.24e-15 1.45755e-15 9.4734e-16 6.15042e-16 3.98869e-16 2.584e-16 1.67226e-16 1.08111e-16 6.98235e-17 4.50514e-17 2.90401e-17 1.87017e-17 1.20326e-17 7.7348e-18 4.96766e-18 3.18769e-18 2.04376e-18 1.30924e-18 8.38017e-19 5.35962e-19 3.42508e-19 2.1871e-19 1.39551e-19 8.8976e-20 5.66878e-20 3.60903e-20 2.29605e-20 1.45971e-20 9.27363e-21 5.8876e-21 3.73539e-21 2.36835e-21 1.50064e-21 9.50228e-22 6.01321e-22 3.80291e-22
9.80053e-07 1.32843e-06 1.59439e-06 1.71594e-06 1.71816e-06 1.63259e-06 1.49002e-06 1.31672e-06 1.13302e-06 9.53297e-07 7.86771e-07 6.38522e-07 5.10594e-07 4.02951e-07 3.14262e-07 2.42484e-07 1.85287e-07 1.40325e-07 1.05406e-07 7.85782e-08 5.81683e-08 4.27788e-08 3.12691e-08 2.27256e-08 1.64278e-08 1.18152e-08 8.45722e-09 6.02627e-09 4.27571e-09 3.02133e-09 2.12671e-09 1.49147e-09 1.0423e-09 7.25952e-10 5.03996e-10 3.48825e-10 2.40715e-10 1.6564e-10 1.13669e-10 7.78003e-11 5.31154e-11 3.61744e-11 2.45788e-11 1.66623e-11 1.12708e-11 7.6077e-12 5.1246e-12 3.44512e-12 2.31159e-12 1.54812e-12 1.03494e-12 6.90649e-13 4.60106e-13 3.06011e-13 2.03196e-13 1.34713e-13 8.91747e-14 5.8942e-14 3.89026e-14 2.564e-14 1.68755e-14 1.10921e-14 7.28114e-15 4.77341e-15 3.12546e-15 2.04394e-15 1.33507e-15 8.71027e-16 5.67628e-16 3.69496e-16 2.4026e-16 1.56059e-16 1.01261e-16 6.56367e-17 4.25027e-17 2.74953e-17 1.77697e-17 1.14734e-17 7.40117e-18 4.76994e-18 3.07141e-18 1.97597e-18 1.27014e-18 8.15746e-19 5.23477e-19 3.3565e-19 2.15045e-19 1.37667e-19 8.80629e-20 5.62895e-20 3.59532e-20 2.29471e-20 1.46354e-20 9.32769e-21 5.94072e-21 3.78099e-21 2.40479e-21 1.52848e-21 9.70864e-22 6.16277e-22 3.90946e-22
5.63611e-07 7.91186e-07 9.69474e-07 1.06133e-06 1.07861e-06 1.03867e-06 9.59636e-07 8.5771e-07 7.45949e-07 6.33974e-07 5.28257e-07 4.32652e-07 3.49012e-07 2.77763e-07 2.18395e-07 1.69842e-07 1.30771e-07 9.97725e-08 7.54847e-08 5.66676e-08 4.22359e-08 3.12691e-08 2.30054e-08 1.68265e-08 1.22395e-08 8.85689e-09 6.37778e-09 4.57135e-09 3.2622e-09 2.31828e-09 1.64096e-09 1.15715e-09 8.13041e-10 5.69298e-10 3.97315e-10 2.76413e-10 1.91719e-10 1.3259e-10 9.14408e-11 6.28929e-11 4.31458e-11 2.9525e-11 2.01556e-11 1.37275e-11 9.32845e-12 6.32535e-12 4.28001e-12 2.89016e-12 1.94778e-12 1.31017e-12 8.79644e-13 5.89527e-13 3.94403e-13 2.63413e-13 1.75637e-13 1.16921e-13 7.77125e-14 5.15733e-14 3.41754e-14 2.26137e-14 1.49423e-14 9.8597e-15 6.49719e-15 4.2758e-15 2.81029e-15 1.84477e-15 1.20948e-15 7.92023e-16 5.18045e-16 3.38454e-16 2.20874e-16 1.43984e-16 9.37599e-17 6.09906e-17 3.96334e-17 2.57289e-17 1.6686e-17 1.08108e-17 6.99769e-18 4.52527e-18 2.92373e-18 1.88729e-18 1.21719e-18 7.84332e-19 5.04979e-19 3.2485e-19 2.08803e-19 1.34104e-19 8.60599e-20 5.51851e-20 3.53599e-20 2.26398e-20 1.44848e-20 9.26053e-21 5.91627e-21 3.77706e-21 2.40967e-21 1.53626e-21 9.78772e-22 6.23174e-22 3.9651e-22
3.24122e-07 4.70656e-07 5.88514e-07 6.55108e-07 6.75517e-07 6.59048e-07 6.16225e-07 5.56925e-07 4.89428e-07 4.20073e-07 3.53314e-07 2.91967e-07 2.3755e-07 1.90619e-07 1.51072e-07 1.18392e-07 9.1838e-08 7.05764e-08 5.37724e-08 4.0645e-08 3.04967e-08 2.27256e-08 1.68265e-08 1.23841e-08 9.06325e-09 6.59775e-09 4.77892e-09 3.44511e-09 2.47243e-09 1.76681e-09 1.25746e-09 8.9149e-10 6.29703e-10 4.43225e-10 3.10918e-10 2.17402e-10 1.51543e-10 1.05321e-10 7.29879e-11 5.04419e-11 3.4768e-11 2.39034e-11 1.63933e-11 1.12161e-11 7.65624e-12 5.21463e-12 3.54402e-12 2.40361e-12 1.62687e-12 1.09899e-12 7.40977e-13 4.98673e-13 3.35003e-13 2.24659e-13 1.50406e-13 1.00528e-13 6.70833e-14 4.46954e-14 2.97337e-14 1.97511e-14 1.31011e-14 8.67775e-15 5.73998e-15 3.79166e-15 2.50137e-15 1.64804e-15 1.08447e-15 7.12739e-16 4.67869e-16 3.06768e-16 2.00907e-16 1.3143e-16 8.58847e-17 5.60621e-17 3.65565e-17 2.38128e-17 1.54959e-17 1.00738e-17 6.54249e-18 4.24502e-18 2.75175e-18 1.78212e-18 1.15312e-18 7.45464e-19 4.81505e-19 3.10744e-19 2.00373e-19 1.29098e-19 8.31084e-20 5.34595e-20 3.43608e-20 2.20682e-20 1.41626e-20 9.08224e-21 5.82002e-21 3.72686e-21 2.3848e-21 1.52496e-21 9.74459e-22 6.22265e-22 3.97097e-22
1.86397e-07 2.79671e-07 3.56699e-07 4.03589e-07 4.22119e-07 4.17121e-07 3.94609e-07 3.60533e-07 3.20085e-07 2.77386e-07 2.35449e-07 1.96276e-07 1.61038e-07 1.30269e-07 1.04049e-07 8.21565e-08 6.41959e-08 4.96841e-08 3.81158e-08 2.90043e-08 2.19051e-08 1.64278e-08 1.22395e-08 9.06325e-09 6.67263e-09 4.88597e-09 3.55941e-09 2.58047e-09 1.86218e-09 1.33798e-09 9.57359e-10 6.8231e-10 4.84451e-10 3.42729e-10 2.41632e-10 1.69794e-10 1.18936e-10 8.30584e-11 5.78339e-11 4.01568e-11 2.78072e-11 1.92053e-11 1.3231e-11 9.09292e-12 6.23438e-12 4.26477e-12 2.911e-12 1.98272e-12 1.34767e-12 9.14191e-13 6.18935e-13 4.18248e-13 2.82115e-13 1.89952e-13 1.27676e-13 8.56729e-14 5.73937e-14 3.83876e-14 2.56355e-14 1.70936e-14 1.13811e-14 7.56669e-15 5.02362e-15 3.33066e-15 2.20527e-15 1.45821e-15 9.62997e-16 6.35162e-16 4.18419e-16 2.75307e-16 1.80931e-16 1.18771e-16 7.78791e-17 5.10096e-17 3.33744e-17 2.18131e-17 1.4242e-17 9.28926e-18 6.05285e-18 3.94016e-18 2.56243e-18 1.66487e-18 1.08071e-18 7.00875e-19 4.54137e-19 2.94004e-19 1.90172e-19 1.22906e-19 7.93668e-20 5.12095e-20 3.30151e-20 2.12683e-20 1.36904e-20 8.80578e-21 5.6597e-21 3.63494e-21 2.33285e-21 1.49611e-21 9.58816e-22 6.14052e-22 3.92987e-22
1.07193e-07 1.66012e-07 2.15879e-07 2.48188e-07 2.6322e-07 2.63377e-07 2.52035e-07 2.32736e-07 2.08698e-07 1.82573e-07 1.56367e-07 1.31472e-07 1.08758e-07 8.86761e-08 7.13693e-08 5.67699e-08 4.4677e-08 3.48181e-08 2.68919e-08 2.05983e-08 1.56565e-08 1.18152e-08 8.85689e-09 6.59775e-09 4.88597e-09 3.59829e-09 2.63612e-09 1.92169e-09 1.39432e-09 1.00718e-09 7.24446e-10 5.18981e-10 3.70359e-10 2.63327e-10 1.86568e-10 1.31738e-10 9.27215e-11 6.50578e-11 4.55114e-11 3.17463e-11 2.20832e-11 1.53205e-11 1.06014e-11 7.31773e-12 5.039e-12 3.46181e-12 2.37293e-12 1.62301e-12 1.10775e-12 7.54523e-13 5.12909e-13 3.47994e-13 2.35662e-13 1.593e-13 1.07492e-13 7.24077e-14 4.8693e-14 3.26919e-14 2.1914e-14 1.46667e-14 9.80132e-15 6.54029e-15 4.35797e-15 2.89976e-15 1.92683e-15 1.27862e-15 8.4737e-16 5.60851e-16 3.70747e-16 2.4478e-16 1.61418e-16 1.06321e-16 6.99503e-17 4.59694e-17 3.01766e-17 1.9788e-17 1.2962e-17 8.48192e-18 5.54463e-18 3.62091e-18 2.36231e-18 1.5397e-18 1.0026e-18 6.52254e-19 4.23945e-19 2.75305e-19 1.78623e-19 1.15794e-19 7.50008e-20 4.85382e-20 3.13866e-20 2.02794e-20 1.30925e-20 8.44599e-21 5.44434e-21 3.5068e-21 2.25712e-21 1.45171e-21 9.33026e-22 5.99237e-22 3.84591e-22
6.1645e-08 9.84488e-08 1.30473e-07 1.52364e-07 1.63809e-07 1.65928e-07 1.60577e-07 1.49836e-07 1.35683e-07 1.19801e-07 1.03511e-07 8.77656e-08 7.31896e-08 6.01393e-08 4.8765e-08 3.90709e-08 3.09643e-08 2.4296e-08 1.88896e-08 1.45622e-08 1.11382e-08 8.45722e-09 6.37778e-09 4.77892e-09 3.55941e-09 2.63612e-09 1.94192e-09 1.42332e-09 1.03822e-09 7.53882e-10 5.4505e-10 3.92444e-10 2.81456e-10 2.011e-10 1.43169e-10 1.01576e-10 7.18289e-11 5.06324e-11 3.55822e-11 2.49323e-11 1.74207e-11 1.21391e-11 8.43652e-12 5.84843e-12 4.04436e-12 2.79017e-12 1.9205e-12 1.31896e-12 9.03889e-13 6.18146e-13 4.21877e-13 2.8736e-13 1.95361e-13 1.32568e-13 8.97964e-14 6.07176e-14 4.09852e-14 2.76195e-14 1.85823e-14 1.24823e-14 8.37186e-15 5.60653e-15 3.74912e-15 2.50346e-15 1.66934e-15 1.11161e-15 7.39235e-16 4.90957e-16 3.25648e-16 2.1573e-16 1.42739e-16 9.43305e-17 6.22663e-17 4.1054e-17 2.70376e-17 1.7787e-17 1.16887e-17 7.6731e-18 5.0318e-18 3.29634e-18 2.15728e-18 1.41044e-18 9.21267e-19 6.01179e-19 3.91939e-19 2.55292e-19 1.66137e-19 1.08022e-19 7.01749e-20 4.55493e-20 2.95405e-20 1.91424e-20 1.23943e-20 8.01871e-21 5.18376e-21 3.3485e-21 2.16135e-21 1.39405e-21 8.98481e-22 5.78663e-22 3.7242e-22
3.5451e-08 5.83288e-08 7.8753e-08 9.33861e-08 1.01752e-07 1.04314e-07 1.02068e-07 9.62214e-08 8.79731e-08 7.83839e-08 6.83124e-08 5.84004e-08 4.90877e-08 4.06427e-08 3.31984e-08 2.67881e-08 2.13764e-08 1.68851e-08 1.32133e-08 1.02508e-08 7.88906e-09 6.02627e-09 4.57135e-09 3.44511e-09 2.58047e-09 1.92169e-09 1.42332e-09 1.04877e-09 7.69019e-10 5.61277e-10 4.07851e-10 2.9512e-10 2.12693e-10 1.52702e-10 1.0923e-10 7.78595e-11 5.5312e-11 3.91671e-11 2.76486e-11 1.94592e-11 1.36561e-11 9.55696e-12 6.67036e-12 4.64361e-12 3.22459e-12 2.2338e-12 1.54382e-12 1.06455e-12 7.3245e-13 5.02882e-13 3.44554e-13 2.356e-13 1.60786e-13 1.09521e-13 7.44642e-14 5.0538e-14 3.42398e-14 2.31583e-14 1.56373e-14 1.05418e-14 7.09558e-15 4.76862e-15 3.19997e-15 2.1442e-15 1.43471e-15 9.58641e-16 6.3967e-16 4.26262e-16 2.83682e-16 1.88552e-16 1.25167e-16 8.29883e-17 5.49572e-17 3.63516e-17 2.40172e-17 1.58502e-17 1.04488e-17 6.88065e-18 4.52617e-18 2.97428e-18 1.95249e-18 1.28044e-18 8.38888e-19 5.49072e-19 3.5904e-19 2.34558e-19 1.53096e-19 9.98351e-20 6.50459e-20 4.23428e-20 2.75403e-20 1.78975e-20 1.16214e-20 7.53995e-21 4.88802e-21 3.16633e-21 2.04947e-21 1.32555e-21 8.56694e-22 5.53266e-22 3.57047e-22
2.03872e-08 3.45288e-08 4.74764e-08 5.71504e-08 6.30918e-08 6.54479e-08 6.4735e-08 6.16429e-08 5.68925e-08 5.11448e-08 4.49524e-08 3.8742e-08 3.28177e-08 2.73753e-08 2.25227e-08 1.83007e-08 1.47025e-08 1.16898e-08 9.20619e-09 7.18661e-09 5.5644e-09 4.27571e-09 3.2622e-09 2.47243e-09 1.86218e-09 1.39432e-09 1.03822e-09 7.69019e-10 5.66787e-10 4.15766e-10 3.03616e-10 2.20769e-10 1.59874e-10 1.15324e-10 8.2878e-11 5.93477e-11 4.23522e-11 3.01243e-11 2.1359e-11 1.50981e-11 1.06411e-11 7.47862e-12 5.24168e-12 3.66415e-12 2.55488e-12 1.77704e-12 1.23307e-12 8.53636e-13 5.8964e-13 4.06404e-13 2.79521e-13 1.91859e-13 1.31428e-13 8.98578e-14 6.13207e-14 4.177e-14 2.84021e-14 1.9279e-14 1.30642e-14 8.83833e-15 5.9698e-15 4.02596e-15 2.71092e-15 1.8227e-15 1.22372e-15 8.20413e-16 5.49261e-16 3.67226e-16 2.45195e-16 1.63503e-16 1.0889e-16 7.24279e-17 4.81167e-17 3.19277e-17 2.11607e-17 1.40086e-17 9.26343e-18 6.11884e-18 4.03736e-18 2.66112e-18 1.75219e-18 1.15253e-18 7.57338e-19 4.97163e-19 3.26053e-19 2.13632e-19 1.39842e-19 9.14558e-20 5.97576e-20 3.90114e-20 2.54455e-20 1.65828e-20 1.07979e-20 7.02525e-21 4.56698e-21 2.96653e-21 1.92542e-21 1.24871e-21 8.09225e-22 5.2402e-22 3.39082e-22
1.17243e-08 2.04233e-08 2.85879e-08 3.49242e-08 3.90544e-08 4.09846e-08 4.09709e-08 3.94008e-08 3.67027e-08 3.32847e-08 2.94991e-08 2.56266e-08 2.18739e-08 1.83806e-08 1.52298e-08 1.24599e-08 1.00766e-08 8.06358e-09 6.39026e-09 5.01893e-09 3.9092e-09 3.02133e-09 2.31828e-09 1.76681e-09 1.33798e-09 1.00718e-09 7.53882e-10 5.61277e-10 4.15766e-10 3.06499e-10 2.24915e-10 1.64329e-10 1.19564e-10 8.66485e-11 6.25558e-11 4.49977e-11 3.22549e-11 2.30431e-11 1.64091e-11 1.16488e-11 8.24477e-12 5.81866e-12 4.09506e-12 2.87429e-12 2.01221e-12 1.40516e-12 9.78869e-13 6.80301e-13 4.71723e-13 3.26372e-13 2.25324e-13 1.55237e-13 1.06735e-13 7.32426e-14 5.01638e-14 3.42932e-14 2.34013e-14 1.59406e-14 1.08399e-14 7.35895e-15 4.98768e-15 3.37511e-15 2.28036e-15 1.53836e-15 1.03626e-15 6.97031e-16 4.68187e-16 3.1404e-16 2.1036e-16 1.40723e-16 9.4017e-17 6.27329e-17 4.18066e-17 2.78269e-17 1.84999e-17 1.22847e-17 8.14822e-18 5.39851e-18 3.57278e-18 2.36194e-18 1.55981e-18 1.02902e-18 6.78158e-19 4.46481e-19 2.93662e-19 1.92962e-19 1.26673e-19 8.30786e-20 5.44373e-20 3.56379e-20 2.331e-20 1.52333e-20 9.94654e-21 6.48909e-21 4.22995e-21 2.75506e-21 1.79299e-21 1.16595e-21 7.57607e-22 4.91897e-22 3.19136e-22
6.74244e-09 1.20708e-08 1.71951e-08 2.13126e-08 2.41361e-08 2.56188e-08 2.58788e-08 2.51296e-08 2.36227e-08 2.16079e-08 1.93076e-08 1.69045e-08 1.45375e-08 1.23043e-08 1.02662e-08 8.45569e-09 6.88306e-09 5.54296e-09 4.41984e-09 3.49222e-09 2.73601e-09 2.12671e-09 1.64096e-09 1.25746e-09 9.57359e-10 7.24446e-10 5.4505e-10 4.07851e-10 3.03616e-10 2.24915e-10 1.6584e-10 1.21739e-10 8.89882e-11 6.47851e-11 4.69825e-11 3.39458e-11 2.44393e-11 1.75351e-11 1.25402e-11 8.93971e-12 6.35364e-12 4.50244e-12 3.18158e-12 2.24208e-12 1.57584e-12 1.10475e-12 7.72577e-13 5.38989e-13 3.75155e-13 2.60533e-13 1.80538e-13 1.2484e-13 8.61474e-14 5.93284e-14 4.07791e-14 2.79763e-14 1.91577e-14 1.30953e-14 8.93571e-15 6.08697e-15 4.13954e-15 2.81059e-15 1.90527e-15 1.28957e-15 8.71518e-16 5.88123e-16 3.96309e-16 2.66678e-16 1.79202e-16 1.20258e-16 8.05953e-17 5.39443e-17 3.60605e-17 2.40758e-17 1.60547e-17 1.06932e-17 7.11389e-18 4.72726e-18 3.1378e-18 2.08048e-18 1.37795e-18 9.1168e-19 6.0256e-19 3.97846e-19 2.62419e-19 1.7292e-19 1.13835e-19 7.4868e-20 4.91936e-20 3.22941e-20 2.11809e-20 1.38797e-20 9.08732e-21 5.94455e-21 3.88539e-21 2.5374e-21 1.65572e-21 1.07953e-21 7.03297e-22 4.57828e-22 2.97805e-22
3.87746e-09 7.12903e-09 1.03317e-08 1.2989e-08 1.48937e-08 1.59863e-08 1.6315e-08 1.59944e-08 1.51704e-08 1.39944e-08 1.26055e-08 1.11217e-08 9.63518e-09 8.21304e-09 6.89966e-09 5.72059e-09 4.6866e-09 3.79771e-09 3.0466e-09 2.42143e-09 1.90803e-09 1.49147e-09 1.15715e-09 8.9149e-10 6.8231e-10 5.18981e-10 3.92444e-10 2.9512e-10 2.20769e-10 1.64329e-10 1.21739e-10 8.97812e-11 6.59278e-11 4.82129e-11 3.51194e-11 2.54855e-11 1.84275e-11 1.32779e-11 9.53546e-12 6.82587e-12 4.87114e-12 3.46583e-12 2.45885e-12 1.73961e-12 1.22745e-12 8.63825e-13 6.06397e-13 4.24649e-13 2.96674e-13 2.06792e-13 1.43821e-13 9.98106e-14 6.91227e-14 4.77727e-14 3.29519e-14 2.26852e-14 1.55881e-14 1.06917e-14 7.32035e-15 5.00336e-15 3.41395e-15 2.32561e-15 1.58167e-15 1.07402e-15 7.28189e-16 4.92973e-16 3.33246e-16 2.24949e-16 1.51634e-16 1.02073e-16 6.86189e-17 4.60687e-17 3.08894e-17 2.06854e-17 1.38352e-17 9.24228e-18 6.16678e-18 4.10991e-18 2.73597e-18 1.8193e-18 1.20843e-18 8.01806e-19 5.31445e-19 3.51881e-19 2.32751e-19 1.53798e-19 1.01527e-19 6.69569e-20 4.41159e-20 2.90394e-20 1.90978e-20 1.25483e-20 8.23759e-21 5.40301e-21 3.54077e-21 2.31842e-21 1.51679e-21 9.91519e-22 6.47629e-22 4.22674e-22 2.75642e-22
2.22986e-09 4.20751e-09 6.20159e-09 7.90634e-09 9.17702e-09 9.95913e-09 1.0267e-08 1.016e-08 9.7218e-09 9.04307e-09 8.21033e-09 7.29883e-09 6.36928e-09 5.46718e-09 4.62392e-09 3.85878e-09 3.18132e-09 2.59378e-09 2.09321e-09 1.67337e-09 1.32606e-09 1.0423e-09 8.13041e-10 6.29703e-10 4.84451e-10 3.70359e-10 2.81456e-10 2.12693e-10 1.59874e-10 1.19564e-10 8.89882e-11 6.59278e-11 4.86298e-11 3.57206e-11 2.61334e-11 1.90461e-11 1.38299e-11 1.00069e-11 7.21608e-12 5.18664e-12 3.71625e-12 2.65464e-12 1.89075e-12 1.34288e-12 9.51158e-13 6.71926e-13 4.73457e-13 3.32785e-13 2.33349e-13 1.63244e-13 1.13943e-13 7.93571e-14 5.51518e-14 3.82503e-14 2.6475e-14 1.82889e-14 1.26098e-14 8.67812e-15 5.96152e-15 4.08811e-15 2.7986e-15 1.91263e-15 1.305e-15 8.88987e-16 6.04649e-16 4.10628e-16 2.78449e-16 1.88543e-16 1.27484e-16 8.6079e-17 5.80423e-17 3.90852e-17 2.62852e-17 1.76545e-17 1.18428e-17 7.93446e-18 5.30955e-18 3.54882e-18 2.36923e-18 1.57992e-18 1.0524e-18 7.00243e-19 4.65426e-19 3.09025e-19 2.04968e-19 1.35811e-19 8.98981e-20 5.94482e-20 3.92742e-20 2.59216e-20 1.70927e-20 1.12606e-20 7.41174e-21 4.87407e-21 3.20246e-21 2.10233e-21 1.37896e-21 9.03728e-22 5.9179e-22 3.8721e-22 2.53151e-22
