0.375818 0.0500305 0.0287057 0.0179162 0.0116527 0.00771642 0.00514239 0.00343018 0.00228482 0.00151839 0.0010065 0.000665523 0.000439034 0.000289002 0.000189866 0.000124512 8.15189e-05 5.329e-05 3.47876e-05 2.26798e-05 1.47683e-05 9.60569e-06 6.24111e-06 4.05079e-06 2.62632e-06 1.70061e-06 1.09922e-06 7.0831e-07 4.53524e-07 2.86222e-07 1.84823e-07
0.0500305 0.0104825 0.0057166 0.00322569 0.00184801 0.00106968 0.000624851 0.000368152 0.00021862 0.000130733 7.86521e-05 4.75658e-05 2.88938e-05 1.7618e-05 1.07774e-05 6.61109e-06 4.06514e-06 2.50484e-06 1.54623e-06 9.56004e-07 5.91904e-07 3.66921e-07 2.2769e-07 1.41408e-07 8.7864e-08 5.45856e-08 3.38601e-08 2.09097e-08 1.27688e-08 7.59398e-09 4.74473e-09
0.0287057 0.0057166 0.00283285 0.00150107 0.000826698 0.000466771 0.000268345 0.000156453 9.2254e-05 5.49018e-05 3.29205e-05 1.9863e-05 1.20464e-05 7.33719e-06 4.48503e-06 2.74993e-06 1.69047e-06 1.0415e-06 6.4291e-07 3.97528e-07 2.4616e-07 1.5262e-07 9.47237e-08 5.88357e-08 3.65565e-08 2.27018e-08 1.40655e-08 8.66175e-09 5.25942e-09 3.24601e-09 2.02888e-09
0.0179162 0.00322569 0.00150107 0.00075906 0.000404997 0.00022394 0.000126975 7.33446e-05 4.29716e-05 2.54572e-05 1.52145e-05 9.15744e-06 5.54346e-06 3.37158e-06 2.05866e-06 1.26113e-06 7.74706e-07 4.77027e-07 2.94329e-07 1.81923e-07 1.12616e-07 6.98028e-08 4.33116e-08 2.68937e-08 1.67023e-08 1.03642e-08 6.41244e-09 3.93977e-09 2.44334e-09 1.50802e-09 9.42548e-10
0.0116527 0.00184801 0.000826698 0.000404997 0.000211247 0.000115019 6.4539e-05 3.70127e-05 2.1575e-05 1.27337e-05 7.58865e-06 4.55729e-06 2.75376e-06 1.67235e-06 1.01982e-06 6.24056e-07 3.82991e-07 2.3563e-07 1.45276e-07 8.97335e-08 5.55135e-08 3.43891e-08 2.13258e-08 1.3234e-08 8.21323e-09 5.09193e-09 3.14708e-09 1.95493e-09 1.21232e-09 7.4815e-10 4.67461e-10
0.00771642 0.00106968 0.000466771 0.00022394 0.000115019 6.19551e-05 3.45068e-05 1.96859e-05 1.14309e-05 6.72665e-06 3.99926e-06 2.39699e-06 1.44596e-06 8.76831e-07 5.34006e-07 3.26389e-07 2.00095e-07 1.22985e-07 7.57576e-08 4.67544e-08 2.89019e-08 1.78906e-08 1.10864e-08 6.87475e-09 4.26327e-09 2.64118e-09 1.64091e-09 1.01907e-09 6.31801e-10 3.89815e-10 2.43448e-10
0.00514239 0.000624851 0.000268345 0.000126975 6.4539e-05 3.45068e-05 1.91182e-05 1.08649e-05 6.29027e-06 3.69276e-06 2.19109e-06 1.31095e-06 7.8958e-07 4.78127e-07 2.90812e-07 1.77534e-07 1.08718e-07 6.67531e-08 4.10796e-08 2.53297e-08 1.56444e-08 9.67614e-09 5.99135e-09 3.7124e-09 2.30063e-09 1.42835e-09 8.87046e-10 5.50681e-10 3.4129e-10 2.10516e-10 1.31399e-10
0.00343018 0.000368152 0.000156453 7.33446e-05 3.70127e-05 1.96859e-05 1.08649e-05 6.15641e-06 3.55584e-06 2.08329e-06 1.23393e-06 7.37093e-07 4.43299e-07 2.68074e-07 1.62846e-07 9.92969e-08 6.07402e-08 3.72559e-08 2.29048e-08 1.411e-08 8.70718e-09 5.38092e-09 3.32916e-09 2.06137e-09 1.27826e-09 7.93193e-10 4.92354e-10 3.05516e-10 1.89271e-10 1.16712e-10 7.2807e-11
0.00228482 0.00021862 9.2254e-05 4.29716e-05 2.1575e-05 1.14309e-05 6.29027e-06 3.55584e-06 2.04967e-06 1.19873e-06 7.08861e-07 4.22813e-07 2.53934e-07 1.53361e-07 9.30482e-08 5.66721e-08 3.46291e-08 2.12187e-08 1.30326e-08 8.02118e-09 4.94553e-09 3.05377e-09 1.88795e-09 1.16886e-09 7.24372e-10 4.49237e-10 2.78704e-10 1.72859e-10 1.07043e-10 6.59873e-11 4.11405e-11
0.00151839 0.000130733 5.49018e-05 2.54572e-05 1.27337e-05 6.72665e-06 3.69276e-06 2.08329e-06 1.19873e-06 6.99937e-07 4.13283e-07 2.46165e-07 1.47648e-07 8.906e-08 5.39718e-08 3.28359e-08 2.00433e-08 1.22693e-08 7.52884e-09 4.62969e-09 2.8521e-09 1.75975e-09 1.08744e-09 6.7281e-10 4.16698e-10 2.58275e-10 1.60147e-10 9.92781e-11 6.14522e-11 3.78714e-11 2.35983e-11
0.0010065 7.86521e-05 3.29205e-05 1.52145e-05 7.58865e-06 3.99926e-06 2.19109e-06 1.23393e-06 7.08861e-07 4.13283e-07 2.43684e-07 1.44953e-07 8.6833e-08 5.23151e-08 3.16684e-08 1.92464e-08 1.17365e-08 7.17757e-09 4.40046e-09 2.70368e-09 1.66427e-09 1.02623e-09 6.33719e-10 3.91832e-10 2.42528e-10 1.50236e-10 9.31063e-11 5.76906e-11 3.56952e-11 2.19917e-11 1.36961e-11
0.000665523 4.75658e-05 1.9863e-05 9.15744e-06 4.55729e-06 2.39699e-06 1.31095e-06 7.37093e-07 4.22813e-07 2.46165e-07 1.44953e-07 8.61161e-08 5.15257e-08 3.10083e-08 1.87506e-08 1.13842e-08 6.93549e-09 4.23767e-09 2.59584e-09 1.59363e-09 9.8029e-10 6.04039e-10 3.72758e-10 2.30332e-10 1.42481e-10 8.82121e-11 5.46397e-11 3.38401e-11 2.09297e-11 1.28911e-11 8.02435e-12
0.000439034 2.88938e-05 1.20464e-05 5.54346e-06 2.75376e-06 1.44596e-06 7.8958e-07 4.43299e-07 2.53934e-07 1.47648e-07 8.6833e-08 5.15257e-08 3.07946e-08 1.85125e-08 1.11831e-08 6.78323e-09 4.12875e-09 2.52056e-09 1.54276e-09 9.46434e-10 5.81761e-10 3.58228e-10 2.20923e-10 1.36428e-10 8.43447e-11 5.21908e-11 3.23116e-11 2.00025e-11 1.23665e-11 7.61478e-12 4.73771e-12
0.000289002 1.7618e-05 7.33719e-06 3.37158e-06 1.67235e-06 8.76831e-07 4.78127e-07 2.68074e-07 1.53361e-07 8.906e-08 5.23151e-08 3.10083e-08 1.85125e-08 1.11177e-08 6.70965e-09 4.06612e-09 2.47281e-09 1.5084e-09 9.22557e-10 5.65549e-10 3.47397e-10 2.13776e-10 1.31757e-10 8.1317e-11 5.02453e-11 3.10747e-11 1.92293e-11 1.18987e-11 7.35362e-12 4.52688e-12 2.81521e-12
0.000189866 1.07774e-05 4.48503e-06 2.05866e-06 1.01982e-06 5.34006e-07 2.90812e-07 1.62846e-07 9.30482e-08 5.39718e-08 3.16684e-08 1.87506e-08 1.11831e-08 6.70965e-09 4.04567e-09 2.44961e-09 1.48852e-09 9.07307e-10 5.54517e-10 3.39697e-10 2.08528e-10 1.28241e-10 7.89922e-11 4.87249e-11 3.0091e-11 1.86008e-11 1.1505e-11 7.11611e-12 4.39632e-12 2.7057e-12 1.6819e-12
0.000124512 6.61109e-06 2.74993e-06 1.26113e-06 6.24056e-07 3.26389e-07 1.77534e-07 9.92969e-08 5.66721e-08 3.28359e-08 1.92464e-08 1.13842e-08 6.78323e-09 4.06612e-09 2.44961e-09 1.48202e-09 8.99872e-10 5.48104e-10 3.34752e-10 2.04935e-10 1.25724e-10 7.72721e-11 4.75704e-11 2.93273e-11 1.81025e-11 1.11848e-11 6.91497e-12 4.27534e-12 2.64039e-12 1.62463e-12 1.00947e-12
8.15189e-05 4.06514e-06 1.69047e-06 7.74706e-07 3.82991e-07 2.00095e-07 1.08718e-07 6.07402e-08 3.46291e-08 2.00433e-08 1.17365e-08 6.93549e-09 4.12875e-09 2.47281e-09 1.48852e-09 8.99872e-10 5.46e-10 3.32334e-10 2.02838e-10 1.241e-10 7.60879e-11 4.67386e-11 2.87578e-11 1.77203e-11 1.09327e-11 6.75178e-12 4.1725e-12 2.57875e-12 1.59207e-12 9.79381e-13 6.08297e-13
5.329e-05 2.50484e-06 1.0415e-06 4.77027e-07 2.3563e-07 1.22985e-07 6.67531e-08 3.72559e-08 2.12187e-08 1.22693e-08 7.17757e-09 4.23767e-09 2.52056e-09 1.5084e-09 9.07307e-10 5.48104e-10 3.32334e-10 2.02149e-10 1.23304e-10 7.53945e-11 4.61996e-11 2.83638e-11 1.74431e-11 1.0743e-11 6.62491e-12 4.08961e-12 2.52629e-12 1.56076e-12 9.63279e-13 5.92441e-13 3.67825e-13
3.47876e-05 1.54623e-06 6.4291e-07 2.94329e-07 1.45276e-07 7.57576e-08 4.10796e-08 2.29048e-08 1.30326e-08 7.52884e-09 4.40046e-09 2.59584e-09 1.54276e-09 9.22557e-10 5.54517e-10 3.34752e-10 2.02838e-10 1.23304e-10 7.51661e-11 4.59346e-11 2.81323e-11 1.72627e-11 1.06109e-11 6.5321e-12 4.02639e-12 2.48449e-12 1.53415e-12 9.47472e-13 5.84588e-13 3.59461e-13 2.23094e-13
2.26798e-05 9.56004e-07 3.97528e-07 1.81923e-07 8.97335e-08 4.67544e-08 2.53297e-08 1.411e-08 8.02118e-09 4.62969e-09 2.70368e-09 1.59363e-09 9.46434e-10 5.65549e-10 3.39697e-10 2.04935e-10 1.241e-10 7.53945e-11 4.59346e-11 2.80559e-11 1.71738e-11 1.05331e-11 6.4714e-12 3.98202e-12 2.45348e-12 1.51331e-12 9.3411e-13 5.76696e-13 3.55716e-13 2.18684e-13 1.35675e-13
1.47683e-05 5.91904e-07 2.4616e-07 1.12616e-07 5.55135e-08 2.89019e-08 1.56444e-08 8.70718e-09 4.94553e-09 2.8521e-09 1.66427e-09 9.8029e-10 5.81761e-10 3.47397e-10 2.08528e-10 1.25724e-10 7.60879e-11 4.61996e-11 2.81323e-11 1.71738e-11 1.05074e-11 6.4414e-12 3.95574e-12 2.43303e-12 1.49848e-12 9.2391e-13 5.70088e-13 3.51842e-13 2.16961e-13 1.33356e-13 8.27076e-14
9.60569e-06 3.66921e-07 1.5262e-07 6.98028e-08 3.43891e-08 1.78906e-08 9.67614e-09 5.38092e-09 3.05377e-09 1.75975e-09 1.02623e-09 6.04039e-10 3.58228e-10 2.13776e-10 1.28241e-10 7.72721e-11 4.67386e-11 2.83638e-11 1.72627e-11 1.05331e-11 6.4414e-12 3.94704e-12 2.42289e-12 1.48962e-12 9.17084e-13 5.65233e-13 3.4865e-13 2.15109e-13 1.3261e-13 8.14934e-14 5.05259e-14
6.24111e-06 2.2769e-07 9.47237e-08 4.33116e-08 2.13258e-08 1.10864e-08 5.99135e-09 3.32916e-09 1.88795e-09 1.08744e-09 6.33719e-10 3.72758e-10 2.20923e-10 1.31757e-10 7.89922e-11 4.75704e-11 2.87578e-11 1.74431e-11 1.06109e-11 6.4714e-12 3.95574e-12 2.42289e-12 1.48668e-12 9.13671e-13 5.6229e-13 3.46438e-13 2.1362e-13 1.31759e-13 8.12049e-14 4.98944e-14 3.09248e-14
4.05079e-06 1.41408e-07 5.88357e-08 2.68937e-08 1.3234e-08 6.87475e-09 3.7124e-09 2.06137e-09 1.16886e-09 6.7281e-10 3.91832e-10 2.30332e-10 1.36428e-10 8.1317e-11 4.87249e-11 2.93273e-11 1.77203e-11 1.0743e-11 6.5321e-12 3.98202e-12 2.43303e-12 1.48962e-12 9.13671e-13 5.61305e-13 3.45314e-13 2.12682e-13 1.31102e-13 8.08387e-14 4.98097e-14 3.05991e-14 1.89597e-14
2.62632e-06 8.7864e-08 3.65565e-08 1.67023e-08 8.21323e-09 4.26327e-09 2.30063e-09 1.27826e-09 7.24372e-10 4.16698e-10 2.42528e-10 1.42481e-10 8.43447e-11 5.02453e-11 3.0091e-11 1.81025e-11 1.09327e-11 6.62491e-12 4.02639e-12 2.45348e-12 1.49848e-12 9.17084e-13 5.6229e-13 3.45314e-13 2.12364e-13 1.30754e-13 8.05754e-14 4.96696e-14 3.05971e-14 1.87933e-14 1.16413e-14
1.70061e-06 5.45856e-08 2.27018e-08 1.03642e-08 5.09193e-09 2.64118e-09 1.42835e-09 7.93193e-10 4.49237e-10 2.58275e-10 1.50236e-10 8.82121e-11 5.21908e-11 3.10747e-11 1.86008e-11 1.11848e-11 6.75178e-12 4.08961e-12 2.48449e-12 1.51331e-12 9.2391e-13 5.65233e-13 3.46438e-13 2.12682e-13 1.30754e-13 8.04818e-14 4.95812e-14 3.05555e-14 1.88183e-14 1.15567e-14 7.15668e-15
1.09922e-06 3.38601e-08 1.40655e-08 6.41244e-09 3.14708e-09 1.64091e-09 8.87046e-10 4.92354e-10 2.78704e-10 1.60147e-10 9.31063e-11 5.46397e-11 3.23116e-11 1.92293e-11 1.1505e-11 6.91497e-12 4.1725e-12 2.52629e-12 1.53415e-12 9.3411e-13 5.70088e-13 3.4865e-13 2.1362e-13 1.31102e-13 8.05754e-14 4.95812e-14 3.05364e-14 1.8814e-14 1.15845e-14 7.11324e-15 4.40384e-15
7.0831e-07 2.09097e-08 8.66175e-09 3.93977e-09 1.95493e-09 1.01907e-09 5.50681e-10 3.05516e-10 1.72859e-10 9.92781e-11 5.76906e-11 3.38401e-11 2.00025e-11 1.18987e-11 7.11611e-12 4.27534e-12 2.57875e-12 1.56076e-12 9.47472e-13 5.76696e-13 3.51842e-13 2.15109e-13 1.31759e-13 8.08387e-14 4.96696e-14 3.05555e-14 1.8814e-14 1.1589e-14 7.13437e-15 4.38011e-15 2.7111e-15
4.53524e-07 1.27688e-08 5.25942e-09 2.44334e-09 1.21232e-09 6.31801e-10 3.4129e-10 1.89271e-10 1.07043e-10 6.14522e-11 3.56952e-11 2.09297e-11 1.23665e-11 7.35362e-12 4.39632e-12 2.64039e-12 1.59207e-12 9.63279e-13 5.84588e-13 3.55716e-13 2.16961e-13 1.3261e-13 8.12049e-14 4.98097e-14 3.05971e-14 1.88183e-14 1.15845e-14 7.13437e-15 4.3913e-15 2.6957e-15 1.66818e-15
2.86222e-07 7.59398e-09 3.24601e-09 1.50802e-09 7.4815e-10 3.89815e-10 2.10516e-10 1.16712e-10 6.59873e-11 3.78714e-11 2.19917e-11 1.28911e-11 7.61478e-12 4.52688e-12 2.7057e-12 1.62463e-12 9.79381e-13 5.92441e-13 3.59461e-13 2.18684e-13 1.33356e-13 8.14934e-14 4.98944e-14 3.05991e-14 1.87933e-14 1.15567e-14 7.11324e-15 4.38011e-15 2.6957e-15 1.65469e-15 1.02382e-15
1.84823e-07 4.74473e-09 2.02888e-09 9.42548e-10 4.67461e-10 2.43448e-10 1.31399e-10 7.2807e-11 4.11405e-11 2.35983e-11 1.36961e-11 8.02435e-12 4.73771e-12 2.81521e-12 1.6819e-12 1.00947e-12 6.08297e-13 3.67825e-13 2.23094e-13 1.35675e-13 8.27076e-14 5.05259e-14 3.09248e-14 1.89597e-14 1.16413e-14 7.15668e-15 4.40384e-15 2.7111e-15 1.66818e-15 1.02382e-15 6.33323e-16
