0.368293 0.0062828 0.00429855 0.00314802 0.00243117 0.00195437 0.00161887 0.00137151 0.00118206 0.00103245 0.000911309 0.000811209 0.000727088 0.00065539 0.000593544 0.000539646 0.000492254 0.000450256 0.000412779 0.000379131 0.000348752 0.000321186 0.000296058 0.000273056 0.000251916 0.000232416 0.000214369 0.000197611 0.000182002 0.00016742 0.000157167
0.0062828 0.000391384 0.000242619 0.000161438 0.000114158 8.48326e-05 6.55639e-05 5.22451e-05 4.26334e-05 3.5443e-05 2.99017e-05 2.55249e-05 2.19965e-05 1.91033e-05 1.66962e-05 1.4669e-05 1.29435e-05 1.14613e-05 1.01779e-05 9.05885e-06 8.07697e-06 7.21075e-06 6.44288e-06 5.75929e-06 5.14848e-06 4.60096e-06 4.10892e-06 3.66588e-06 3.26658e-06 2.9068e-06 2.69907e-06
0.00429855 0.000242619 0.000144939 9.35175e-05 6.4598e-05 4.72204e-05 3.61046e-05 2.85844e-05 2.32458e-05 1.93001e-05 1.62855e-05 1.39187e-05 1.20185e-05 1.04643e-05 9.17338e-06 8.08697e-06 7.16244e-06 6.3681e-06 5.67991e-06 5.07935e-06 4.5519e-06 4.08606e-06 3.67259e-06 3.30401e-06 2.97421e-06 2.67816e-06 2.41174e-06 2.17157e-06 1.95497e-06 1.79446e-06 1.66698e-06
0.00314802 0.000161438 9.35175e-05 5.88352e-05 3.99021e-05 2.88266e-05 2.18981e-05 1.72903e-05 1.40587e-05 1.16894e-05 9.88801e-06 8.4774e-06 7.346e-06 6.42056e-06 5.65122e-06 5.00292e-06 4.45033e-06 3.97469e-06 3.56179e-06 3.20073e-06 2.88295e-06 2.60169e-06 2.3515e-06 2.12798e-06 1.92751e-06 1.74716e-06 1.58449e-06 1.43756e-06 1.31863e-06 1.21027e-06 1.12468e-06
0.00243117 0.000114158 6.4598e-05 3.99021e-05 2.67349e-05 1.91904e-05 1.45476e-05 1.14952e-05 9.36963e-06 7.81671e-06 6.63719e-06 5.71293e-06 4.97035e-06 4.36157e-06 3.85419e-06 3.42548e-06 3.05906e-06 2.74282e-06 2.46758e-06 2.22627e-06 2.01337e-06 1.82446e-06 1.65602e-06 1.50517e-06 1.36955e-06 1.24725e-06 1.13669e-06 1.04215e-06 9.56027e-07 8.77466e-07 8.1558e-07
0.00195437 8.48326e-05 4.72204e-05 2.88266e-05 1.91904e-05 1.37494e-05 1.04362e-05 8.27137e-06 6.76754e-06 5.66861e-06 4.83228e-06 4.17507e-06 3.64533e-06 3.20959e-06 2.84525e-06 2.53645e-06 2.27176e-06 2.04269e-06 1.84283e-06 1.66719e-06 1.51188e-06 1.37378e-06 1.25039e-06 1.13966e-06 1.03993e-06 9.49809e-07 8.70438e-07 7.98182e-07 7.32289e-07 6.72139e-07 6.24787e-07
0.00161887 6.55639e-05 3.61046e-05 2.18981e-05 1.45476e-05 1.04362e-05 7.94665e-06 6.32324e-06 5.1945e-06 4.36746e-06 3.73583e-06 3.23759e-06 2.8345e-06 2.50182e-06 2.22278e-06 1.98563e-06 1.78186e-06 1.60512e-06 1.4506e-06 1.31457e-06 1.19408e-06 1.08679e-06 9.90773e-07 9.04494e-07 8.26672e-07 7.57183e-07 6.94032e-07 6.36502e-07 5.84005e-07 5.36057e-07 4.98291e-07
0.00137151 5.22451e-05 2.85844e-05 1.72903e-05 1.14952e-05 8.27137e-06 6.32324e-06 5.05172e-06 4.16509e-06 3.51296e-06 3.01289e-06 2.61693e-06 2.2955e-06 2.02942e-06 1.80569e-06 1.61513e-06 1.45108e-06 1.30858e-06 1.18381e-06 1.07384e-06 9.76324e-07 8.89396e-07 8.11538e-07 7.41512e-07 6.78681e-07 6.21722e-07 5.69936e-07 5.2274e-07 4.79656e-07 4.40291e-07 4.09249e-07
0.00118206 4.26334e-05 2.32458e-05 1.40587e-05 9.36963e-06 6.76754e-06 5.1945e-06 4.16509e-06 3.44454e-06 2.91235e-06 2.50267e-06 2.17717e-06 1.91219e-06 1.69234e-06 1.50711e-06 1.3491e-06 1.2129e-06 1.09446e-06 9.90663e-07 8.99103e-07 8.17859e-07 7.45392e-07 6.80452e-07 6.22177e-07 5.69515e-07 5.21764e-07 4.7834e-07 4.38755e-07 4.02609e-07 3.69577e-07 3.4349e-07
0.00103245 3.5443e-05 1.93001e-05 1.16894e-05 7.81671e-06 5.66861e-06 4.36746e-06 3.51296e-06 2.91235e-06 2.46697e-06 2.12293e-06 1.84881e-06 1.62515e-06 1.43924e-06 1.2824e-06 1.14846e-06 1.0329e-06 9.32336e-07 8.44163e-07 7.66346e-07 6.9727e-07 6.35636e-07 5.80458e-07 5.30777e-07 4.85878e-07 4.45161e-07 4.0813e-07 3.74368e-07 3.43536e-07 3.15357e-07 2.93066e-07
0.000911309 2.99017e-05 1.62855e-05 9.88801e-06 6.63719e-06 4.83228e-06 3.73583e-06 3.01289e-06 2.50267e-06 2.12293e-06 1.82872e-06 1.59375e-06 1.4017e-06 1.24185e-06 1.10686e-06 9.91489e-07 8.91899e-07 8.05193e-07 7.29144e-07 6.62009e-07 6.02404e-07 5.49242e-07 5.01576e-07 4.58657e-07 4.19867e-07 3.84691e-07 3.52698e-07 3.23528e-07 2.96888e-07 2.72538e-07 2.53245e-07
0.000811209 2.55249e-05 1.39187e-05 8.4774e-06 5.71293e-06 4.17507e-06 3.23759e-06 2.61693e-06 2.17717e-06 1.84881e-06 1.59375e-06 1.38966e-06 1.22262e-06 1.08346e-06 9.65847e-07 8.65281e-07 7.78436e-07 7.02806e-07 6.36459e-07 5.77882e-07 5.25884e-07 4.79473e-07 4.3786e-07 4.00393e-07 3.66532e-07 3.35826e-07 3.07898e-07 2.82436e-07 2.59182e-07 2.37926e-07 2.21058e-07
0.000727088 2.19965e-05 1.20185e-05 7.346e-06 4.97035e-06 3.64533e-06 2.8345e-06 2.2955e-06 1.91219e-06 1.62515e-06 1.4017e-06 1.22262e-06 1.0759e-06 9.53564e-07 8.50125e-07 7.61645e-07 6.8522e-07 6.18653e-07 5.60251e-07 5.08693e-07 4.62909e-07 4.22047e-07 3.8541e-07 3.52426e-07 3.22617e-07 2.95588e-07 2.71006e-07 2.48595e-07 2.28128e-07 2.0942e-07 1.9455e-07
0.00065539 1.91033e-05 1.04643e-05 6.42056e-06 4.36157e-06 3.20959e-06 2.50182e-06 2.02942e-06 1.69234e-06 1.43924e-06 1.24185e-06 1.08346e-06 9.53564e-07 8.45201e-07 7.53541e-07 6.75117e-07 6.07368e-07 5.48353e-07 4.96578e-07 4.50863e-07 4.10269e-07 3.74041e-07 3.41561e-07 3.12321e-07 2.85899e-07 2.61943e-07 2.40157e-07 2.20296e-07 2.02158e-07 1.8558e-07 1.72384e-07
0.000593544 1.66962e-05 9.17338e-06 5.65122e-06 3.85419e-06 2.84525e-06 2.22278e-06 1.80569e-06 1.50711e-06 1.2824e-06 1.10686e-06 9.65847e-07 8.50125e-07 7.53541e-07 6.71821e-07 6.0189e-07 5.41472e-07 4.88843e-07 4.42667e-07 4.01896e-07 3.65694e-07 3.33389e-07 3.04428e-07 2.78359e-07 2.54803e-07 2.33448e-07 2.14029e-07 1.96328e-07 1.80163e-07 1.65389e-07 1.53611e-07
0.000539646 1.4669e-05 8.08697e-06 5.00292e-06 3.42548e-06 2.53645e-06 1.98563e-06 1.61513e-06 1.3491e-06 1.14846e-06 9.91489e-07 8.65281e-07 7.61645e-07 6.75117e-07 6.0189e-07 5.3922e-07 4.85073e-07 4.37903e-07 3.96518e-07 3.59979e-07 3.27537e-07 2.98589e-07 2.72641e-07 2.49285e-07 2.28183e-07 2.09054e-07 1.91662e-07 1.75808e-07 1.61332e-07 1.48103e-07 1.37541e-07
0.000492254 1.29435e-05 7.16244e-06 4.45033e-06 3.05906e-06 2.27176e-06 1.78186e-06 1.45108e-06 1.2129e-06 1.0329e-06 8.91899e-07 7.78436e-07 6.8522e-07 6.07368e-07 5.41472e-07 4.85073e-07 4.3634e-07 3.93887e-07 3.56642e-07 3.2376e-07 2.94568e-07 2.68522e-07 2.45176e-07 2.24165e-07 2.05183e-07 1.87978e-07 1.72336e-07 1.58079e-07 1.45063e-07 1.33167e-07 1.23658e-07
0.000450256 1.14613e-05 6.3681e-06 3.97469e-06 2.74282e-06 2.04269e-06 1.60512e-06 1.30858e-06 1.09446e-06 9.32336e-07 8.05193e-07 7.02806e-07 6.18653e-07 5.48353e-07 4.88843e-07 4.37903e-07 3.93887e-07 3.55545e-07 3.21908e-07 2.92213e-07 2.65852e-07 2.42333e-07 2.21255e-07 2.02286e-07 1.85152e-07 1.69622e-07 1.55505e-07 1.42639e-07 1.30893e-07 1.20159e-07 1.11568e-07
0.000412779 1.01779e-05 5.67991e-06 3.56179e-06 2.46758e-06 1.84283e-06 1.4506e-06 1.18381e-06 9.90663e-07 8.44163e-07 7.29144e-07 6.36459e-07 5.60251e-07 4.96578e-07 4.42667e-07 3.96518e-07 3.56642e-07 3.21908e-07 2.91437e-07 2.64539e-07 2.40662e-07 2.19362e-07 2.00274e-07 1.83097e-07 1.67583e-07 1.53524e-07 1.40743e-07 1.29097e-07 1.18466e-07 1.08751e-07 1.00966e-07
0.000379131 9.05885e-06 5.07935e-06 3.20073e-06 2.22627e-06 1.66719e-06 1.31457e-06 1.07384e-06 8.99103e-07 7.66346e-07 6.62009e-07 5.77882e-07 5.08693e-07 4.50863e-07 4.01896e-07 3.59979e-07 3.2376e-07 2.92213e-07 2.64539e-07 2.40111e-07 2.18429e-07 1.99088e-07 1.81757e-07 1.66163e-07 1.52079e-07 1.39317e-07 1.27717e-07 1.17148e-07 1.07499e-07 9.86836e-08 9.16118e-08
0.000348752 8.07697e-06 4.5519e-06 2.88295e-06 2.01337e-06 1.51188e-06 1.19408e-06 9.76324e-07 8.17859e-07 6.9727e-07 6.02404e-07 5.25884e-07 4.62909e-07 4.10269e-07 3.65694e-07 3.27537e-07 2.94568e-07 2.65852e-07 2.40662e-07 2.18429e-07 1.98696e-07 1.81095e-07 1.65324e-07 1.51135e-07 1.38321e-07 1.26711e-07 1.16159e-07 1.06545e-07 9.77689e-08 8.9751e-08 8.33127e-08
0.000321186 7.21075e-06 4.08606e-06 2.60169e-06 1.82446e-06 1.37378e-06 1.08679e-06 8.89396e-07 7.45392e-07 6.35636e-07 5.49242e-07 4.79473e-07 4.22047e-07 3.74041e-07 3.33389e-07 2.98589e-07 2.68522e-07 2.42333e-07 2.19362e-07 1.99088e-07 1.81095e-07 1.65046e-07 1.50668e-07 1.37732e-07 1.26052e-07 1.15469e-07 1.05851e-07 9.70894e-08 8.90921e-08 8.17857e-08 7.59132e-08
0.000296058 6.44288e-06 3.67259e-06 2.3515e-06 1.65602e-06 1.25039e-06 9.90773e-07 8.11538e-07 6.80452e-07 5.80458e-07 5.01576e-07 4.3786e-07 3.8541e-07 3.41561e-07 3.04428e-07 2.72641e-07 2.45176e-07 2.21255e-07 2.00274e-07 1.81757e-07 1.65324e-07 1.50668e-07 1.37537e-07 1.25726e-07 1.15061e-07 1.05399e-07 9.66188e-08 8.86203e-08 8.13202e-08 7.46511e-08 6.92863e-08
0.000273056 5.75929e-06 3.30401e-06 2.12798e-06 1.50517e-06 1.13966e-06 9.04494e-07 7.41512e-07 6.22177e-07 5.30777e-07 4.58657e-07 4.00393e-07 3.52426e-07 3.12321e-07 2.78359e-07 2.49285e-07 2.24165e-07 2.02286e-07 1.83097e-07 1.66163e-07 1.51135e-07 1.37732e-07 1.25726e-07 1.14926e-07 1.05175e-07 9.63415e-08 8.8315e-08 8.10033e-08 7.43304e-08 6.82344e-08 6.33271e-08
0.000251916 5.14848e-06 2.97421e-06 1.92751e-06 1.36955e-06 1.03993e-06 8.26672e-07 6.78681e-07 5.69515e-07 4.85878e-07 4.19867e-07 3.66532e-07 3.22617e-07 2.85899e-07 2.54803e-07 2.28183e-07 2.05183e-07 1.85152e-07 1.67583e-07 1.52079e-07 1.38321e-07 1.26052e-07 1.15061e-07 1.05175e-07 9.62499e-08 8.81648e-08 8.08187e-08 7.41271e-08 6.80205e-08 6.2442e-08 5.79483e-08
0.000232416 4.60096e-06 2.67816e-06 1.74716e-06 1.24725e-06 9.49809e-07 7.57183e-07 6.21722e-07 5.21764e-07 4.45161e-07 3.84691e-07 3.35826e-07 2.95588e-07 2.61943e-07 2.33448e-07 2.09054e-07 1.87978e-07 1.69622e-07 1.53524e-07 1.39317e-07 1.26711e-07 1.15469e-07 1.05399e-07 9.63415e-08 8.81648e-08 8.0758e-08 7.40285e-08 6.78988e-08 6.23051e-08 5.71954e-08 5.3077e-08
0.000214369 4.10892e-06 2.41174e-06 1.58449e-06 1.13669e-06 8.70438e-07 6.94032e-07 5.69936e-07 4.7834e-07 4.0813e-07 3.52698e-07 3.07898e-07 2.71006e-07 2.40157e-07 2.14029e-07 1.91662e-07 1.72336e-07 1.55505e-07 1.40743e-07 1.27717e-07 1.16159e-07 1.05851e-07 9.66188e-08 8.8315e-08 8.08187e-08 7.40285e-08 6.78594e-08 6.22403e-08 5.71127e-08 5.24289e-08 4.86521e-08
0.000197611 3.66588e-06 2.17157e-06 1.43756e-06 1.04215e-06 7.98182e-07 6.36502e-07 5.2274e-07 4.38755e-07 3.74368e-07 3.23528e-07 2.82436e-07 2.48595e-07 2.20296e-07 1.96328e-07 1.75808e-07 1.58079e-07 1.42639e-07 1.29097e-07 1.17148e-07 1.06545e-07 9.70894e-08 8.86203e-08 8.10033e-08 7.41271e-08 6.78988e-08 6.22403e-08 5.70865e-08 5.23835e-08 4.80876e-08 4.46223e-08
0.000182002 3.26658e-06 1.95497e-06 1.31863e-06 9.56027e-07 7.32289e-07 5.84005e-07 4.79656e-07 4.02609e-07 3.43536e-07 2.96888e-07 2.59182e-07 2.28128e-07 2.02158e-07 1.80163e-07 1.61332e-07 1.45063e-07 1.30893e-07 1.18466e-07 1.07499e-07 9.77689e-08 8.90921e-08 8.13202e-08 7.43304e-08 6.80205e-08 6.23051e-08 5.71127e-08 5.23835e-08 4.8068e-08 4.4126e-08 4.09456e-08
0.00016742 2.9068e-06 1.79446e-06 1.21027e-06 8.77466e-07 6.72139e-07 5.36057e-07 4.40291e-07 3.69577e-07 3.15357e-07 2.72538e-07 2.37926e-07 2.0942e-07 1.8558e-07 1.65389e-07 1.48103e-07 1.33167e-07 1.20159e-07 1.08751e-07 9.86836e-08 8.9751e-08 8.17857e-08 7.46511e-08 6.82344e-08 6.2442e-08 5.71954e-08 5.24289e-08 4.80876e-08 4.4126e-08 4.05073e-08 3.75874e-08
0.000157167 2.69907e-06 1.66698e-06 1.12468e-06 8.1558e-07 6.24787e-07 4.98291e-07 4.09249e-07 3.4349e-07 2.93066e-07 2.53245e-07 2.21058e-07 1.9455e-07 1.72384e-07 1.53611e-07 1.37541e-07 1.23658e-07 1.11568e-07 1.00966e-07 9.16118e-08 8.33127e-08 7.59132e-08 6.92863e-08 6.33271e-08 5.79483e-08 5.3077e-08 4.86521e-08 4.46223e-08 4.09456e-08 3.75874e-08 3.48743e-08
