0.386765 0.0915933 0.0404855 0.0192803 0.00882382 0.00378749 0.00153609 0.000596188 0.000223892 8.20317e-05 2.94996e-05 1.04568e-05 3.66501e-06 1.27296e-06 4.38883e-07 1.5039e-07 5.12682e-08 1.74006e-08 5.88341e-09 1.98268e-09 6.66206e-10 2.23274e-10 7.46558e-11 2.49106e-11 8.29631e-12 2.7583e-12 9.15621e-13 3.03483e-13 1.0039e-13 3.2965e-14 1.08874e-14
0.0915933 0.02778 0.0124536 0.00458271 0.00154296 0.000498226 0.000157788 4.95571e-05 1.55201e-05 4.85933e-06 1.52289e-06 4.77935e-07 1.50222e-07 4.72868e-08 1.49055e-08 4.70429e-09 1.48638e-09 4.70108e-10 1.48818e-10 4.71473e-11 1.49475e-11 4.74197e-12 1.50521e-12 4.78038e-13 1.51891e-13 4.82816e-14 1.53523e-14 4.88071e-15 1.545e-15 4.70426e-16 1.49828e-16
0.0404855 0.0124536 0.00385799 0.00121278 0.000378068 0.000117057 3.61593e-05 1.11789e-05 3.46431e-06 1.07678e-06 3.3569e-07 1.04945e-07 3.28894e-08 1.03298e-08 3.25042e-09 1.02445e-09 3.23331e-10 1.02173e-10 3.23208e-11 1.02337e-11 3.24297e-12 1.02841e-12 3.26341e-13 1.03616e-13 3.29159e-14 1.04609e-14 3.32491e-15 1.05438e-15 3.27341e-16 1.03686e-16 3.3025e-17
0.0192803 0.00458271 0.00121278 0.00034521 0.000101435 3.02957e-05 9.14651e-06 2.78476e-06 8.53809e-07 2.6332e-07 8.16088e-08 2.5396e-08 7.92993e-09 2.48316e-09 7.79424e-10 2.4514e-10 7.72315e-11 2.43674e-11 7.6979e-12 2.4345e-12 7.7066e-13 2.44163e-13 7.74143e-14 2.45611e-14 7.79688e-15 2.47597e-15 7.8549e-16 2.46451e-16 7.82138e-17 2.47692e-17 7.88634e-18
0.00882382 0.00154296 0.000378068 0.000101435 2.86346e-05 8.32866e-06 2.46996e-06 7.42669e-07 2.25636e-07 6.91077e-08 2.13019e-08 6.59985e-09 2.0533e-09 6.40981e-10 2.00659e-10 6.29644e-11 1.97966e-11 6.23477e-12 1.96643e-12 6.20987e-13 1.96318e-13 6.21233e-14 1.9675e-14 6.23585e-15 1.97754e-15 6.27021e-16 1.97761e-16 6.27396e-17 1.99028e-17 6.30014e-18 2.00469e-18
0.00378749 0.000498226 0.000117057 3.02957e-05 8.32866e-06 2.3778e-06 6.95944e-07 2.07259e-07 6.25128e-08 1.90371e-08 5.84077e-09 1.80258e-09 5.58943e-10 1.73983e-10 5.43272e-11 1.70087e-11 5.33687e-12 1.67772e-12 5.2827e-13 1.66571e-13 5.25861e-14 1.6619e-14 5.25711e-15 1.66429e-15 5.27071e-16 1.66556e-16 5.2794e-17 1.67389e-17 5.30692e-18 1.67894e-18 5.33847e-19
0.00153609 0.000157788 3.61593e-05 9.14651e-06 2.46996e-06 6.95944e-07 2.01727e-07 5.9637e-08 1.78842e-08 5.4208e-09 1.65662e-09 5.09545e-10 1.57534e-10 4.8908e-11 1.52362e-11 4.76009e-12 1.49073e-12 4.67816e-13 1.47067e-13 4.63037e-14 1.4598e-14 4.60763e-15 1.45579e-15 4.60291e-16 1.45456e-16 4.60496e-17 1.45859e-17 4.62142e-18 1.4642e-18 4.62944e-19 1.47091e-19
0.000596188 4.95571e-05 1.11789e-05 2.78476e-06 7.42669e-07 2.07259e-07 5.9637e-08 1.75294e-08 5.23228e-09 1.57974e-09 4.81158e-10 1.47559e-10 4.55013e-11 1.40932e-11 4.38109e-12 1.36609e-12 4.27066e-13 1.33802e-13 4.19999e-14 1.32052e-14 4.15775e-15 1.31073e-15 4.13627e-16 1.30573e-16 4.12757e-17 1.30567e-17 4.13243e-18 1.30838e-18 4.1425e-19 1.30896e-19 4.15589e-20
0.000223892 1.55201e-05 3.46431e-06 8.53809e-07 2.25636e-07 6.25128e-08 1.78842e-08 5.23228e-09 1.55568e-09 4.68128e-10 1.42166e-10 4.34854e-11 1.33777e-11 4.13472e-12 1.28286e-12 3.99305e-13 1.24626e-13 3.89871e-14 1.22208e-14 3.83731e-15 1.20674e-15 3.79977e-16 1.19752e-16 3.77884e-17 1.19349e-17 3.77226e-18 1.19301e-18 3.7745e-19 1.19425e-19 3.77141e-20 1.19656e-20
8.20317e-05 4.85933e-06 1.07678e-06 2.6332e-07 6.91077e-08 1.90371e-08 5.4208e-09 1.57974e-09 4.68128e-10 1.40456e-10 4.25444e-11 1.29831e-11 3.98565e-12 1.22949e-12 3.8079e-13 1.18332e-13 3.68767e-14 1.15201e-14 3.60634e-15 1.13101e-15 3.55263e-16 1.11733e-16 3.51882e-17 1.10938e-17 3.50085e-18 1.10564e-18 3.49406e-19 1.1047e-19 3.49302e-20 1.10246e-20 3.49548e-21
2.94996e-05 1.52289e-06 3.3569e-07 8.16088e-08 2.13019e-08 5.84077e-09 1.65662e-09 4.81158e-10 1.42166e-10 4.25444e-11 1.28568e-11 3.91518e-12 1.1996e-12 3.69395e-13 1.14221e-13 3.54413e-14 1.10294e-14 3.44104e-15 1.07591e-15 3.37038e-16 1.05749e-16 3.32303e-17 1.04557e-17 3.29353e-18 1.03849e-18 3.27727e-19 1.03496e-19 3.27001e-20 1.03332e-20 3.25961e-21 1.03284e-21
1.04568e-05 4.77935e-07 1.04945e-07 2.5396e-08 6.59985e-09 1.80258e-09 5.09545e-10 1.47559e-10 4.34854e-11 1.29831e-11 3.91518e-12 1.18996e-12 3.63957e-13 1.11892e-13 3.45463e-14 1.07043e-14 3.32689e-15 1.0367e-15 3.23775e-16 1.01316e-16 3.17594e-17 9.97077e-18 3.1345e-18 9.86563e-19 3.10837e-19 9.80233e-20 3.09347e-20 9.76782e-21 3.08481e-21 9.72604e-22 3.07998e-22
3.66501e-06 1.50222e-07 3.28894e-08 7.92993e-09 2.0533e-09 5.58943e-10 1.57534e-10 4.55013e-11 1.33777e-11 3.98565e-12 1.1996e-12 3.63957e-13 1.11137e-13 3.41159e-14 1.05185e-14 3.25499e-15 1.01043e-15 3.14506e-16 9.81198e-17 3.06743e-17 9.60659e-18 3.01334e-18 9.46527e-19 2.97683e-19 9.3723e-20 2.95356e-20 9.31501e-21 2.9395e-21 9.27812e-22 2.92387e-22 9.25393e-23
1.27296e-06 4.72868e-08 1.03298e-08 2.48316e-09 6.40981e-10 1.73983e-10 4.8908e-11 1.40932e-11 4.13472e-12 1.22949e-12 3.69395e-13 1.11892e-13 3.41159e-14 1.0458e-14 3.22022e-15 9.95311e-16 3.08621e-16 9.59595e-17 2.99086e-17 9.34142e-18 2.92301e-18 9.16122e-19 2.87543e-19 9.03665e-20 2.84316e-20 8.95403e-21 2.82222e-21 8.90086e-22 2.80794e-22 8.84474e-23 2.79784e-23
4.38883e-07 1.49055e-08 3.25042e-09 7.79424e-10 2.00659e-10 5.43272e-11 1.52362e-11 4.38109e-12 1.28286e-12 3.8079e-13 1.14221e-13 3.45463e-14 1.05185e-14 3.22022e-15 9.90374e-16 3.05762e-16 9.47091e-17 2.94193e-17 9.16091e-18 2.85877e-18 8.938e-19 2.79917e-19 8.77934e-20 2.75719e-20 8.66916e-21 2.72852e-21 8.59504e-22 2.70927e-22 8.54253e-23 2.68964e-23 8.50378e-24
1.5039e-07 4.70429e-09 1.02445e-09 2.4514e-10 6.29644e-11 1.70087e-11 4.76009e-12 1.36609e-12 3.99305e-13 1.18332e-13 3.54413e-14 1.07043e-14 3.25499e-15 9.95311e-16 3.05762e-16 9.42996e-17 2.91806e-17 9.05596e-18 2.8175e-18 8.78517e-19 2.74459e-19 8.58912e-20 2.69204e-20 8.44896e-21 2.65488e-21 8.35107e-22 2.62919e-22 8.28325e-23 2.61051e-23 8.21584e-24 2.59633e-24
5.12682e-08 1.48638e-09 3.23331e-10 7.72315e-11 1.97966e-11 5.33687e-12 1.49073e-12 4.27066e-13 1.24626e-13 3.68767e-14 1.10294e-14 3.32689e-15 1.01043e-15 3.08621e-16 9.47091e-17 2.91806e-17 9.02151e-18 2.79732e-18 8.69597e-19 2.70937e-19 8.45823e-20 2.64516e-20 8.28517e-21 2.59869e-21 8.16096e-22 2.56564e-22 8.07325e-23 2.54221e-23 8.00821e-24 2.51935e-24 7.95791e-25
1.74006e-08 4.70108e-10 1.02173e-10 2.43674e-11 6.23477e-12 1.67772e-12 4.67816e-13 1.33802e-13 3.89871e-14 1.15201e-14 3.44104e-15 1.0367e-15 3.14506e-16 9.59595e-17 2.94193e-17 9.05596e-18 2.79732e-18 8.66665e-19 2.69211e-19 8.3816e-20 2.6148e-20 8.17197e-21 2.55804e-21 8.01872e-22 2.51681e-22 7.90816e-23 2.48719e-23 7.82831e-24 2.4649e-24 7.75154e-25 2.44742e-25
5.88341e-09 1.48818e-10 3.23208e-11 7.6979e-12 1.96643e-12 5.2827e-13 1.47067e-13 4.19999e-14 1.22208e-14 3.60634e-15 1.07591e-15 3.23775e-16 9.81198e-17 2.99086e-17 9.16091e-18 2.8175e-18 8.69597e-19 2.69211e-19 8.35637e-20 2.59988e-20 8.10552e-21 2.53163e-21 7.92002e-22 2.48131e-22 7.78386e-23 2.44456e-23 7.68471e-24 2.41763e-24 7.60919e-25 2.39204e-25 7.5493e-26
1.98268e-09 4.71473e-11 1.02337e-11 2.4345e-12 6.20987e-13 1.66571e-13 4.63037e-14 1.32052e-14 3.83731e-15 1.13101e-15 3.37038e-16 1.01316e-16 3.06743e-17 9.34142e-18 2.85877e-18 8.78517e-19 2.70937e-19 8.3816e-20 2.59988e-20 8.08361e-21 2.51863e-21 7.86193e-22 2.45817e-22 7.69724e-23 2.4134e-23 7.57576e-24 2.38042e-24 7.48563e-25 2.35506e-25 7.40083e-26 2.33477e-26
6.66206e-10 1.49475e-11 3.24297e-12 7.7066e-13 1.96318e-13 5.25861e-14 1.4598e-14 4.15775e-15 1.20674e-15 3.55263e-16 1.05749e-16 3.17594e-17 9.60659e-18 2.92301e-18 8.938e-19 2.74459e-19 8.45823e-20 2.6148e-20 8.10552e-21 2.51863e-21 7.84274e-22 2.44675e-22 7.64612e-23 2.39301e-23 7.49944e-24 2.35302e-24 7.39033e-25 2.32305e-25 7.30572e-26 2.29508e-26 7.23761e-27
2.23274e-10 4.74197e-12 1.02841e-12 2.44163e-13 6.21233e-14 1.6619e-14 4.60763e-15 1.31073e-15 3.79977e-16 1.11733e-16 3.32303e-17 9.97077e-18 3.01334e-18 9.16122e-19 2.79917e-19 8.58912e-20 2.64516e-20 8.17197e-21 2.53163e-21 7.86193e-22 2.44675e-22 7.62922e-23 2.38293e-23 7.45425e-24 2.335e-24 7.32308e-25 2.29906e-25 7.22392e-26 2.271e-26 7.132e-27 2.24827e-27
7.46558e-11 1.50521e-12 3.26341e-13 7.74143e-14 1.9675e-14 5.25711e-15 1.45579e-15 4.13627e-16 1.19752e-16 3.51882e-17 1.04557e-17 3.1345e-18 9.46527e-19 2.87543e-19 8.77934e-20 2.69204e-20 8.28517e-21 2.55804e-21 7.92002e-22 2.45817e-22 7.64612e-23 2.38293e-23 7.43929e-24 2.32608e-24 7.28309e-25 2.28317e-25 7.16508e-26 2.2505e-26 7.07241e-27 2.22039e-27 6.99702e-28
2.49106e-11 4.78038e-13 1.03616e-13 2.45611e-14 6.23585e-15 1.66429e-15 4.60291e-16 1.30573e-16 3.77884e-17 1.10938e-17 3.29353e-18 9.86563e-19 2.97683e-19 9.03665e-20 2.75719e-20 8.44896e-21 2.59869e-21 8.01872e-22 2.48131e-22 7.69724e-23 2.39301e-23 7.45425e-24 2.32608e-24 7.26983e-25 2.27527e-25 7.12986e-26 2.23664e-26 7.02256e-27 2.20615e-27 6.92418e-28 2.18125e-28
8.29631e-12 1.51891e-13 3.29159e-14 7.79688e-15 1.97754e-15 5.27071e-16 1.45456e-16 4.12757e-17 1.19349e-17 3.50085e-18 1.03849e-18 3.10837e-19 9.3723e-20 2.84316e-20 8.66916e-21 2.65488e-21 8.16096e-22 2.51681e-22 7.78386e-23 2.4134e-23 7.49944e-24 2.335e-24 7.28309e-25 2.27527e-25 7.11813e-26 2.2297e-26 6.99201e-27 2.19457e-27 6.89202e-28 2.1625e-28 6.81008e-29
2.7583e-12 4.82816e-14 1.04609e-14 2.47597e-15 6.27021e-16 1.66556e-16 4.60496e-17 1.30567e-17 3.77226e-18 1.10564e-18 3.27727e-19 9.80233e-20 2.95356e-20 8.95403e-21 2.72852e-21 8.35107e-22 2.56564e-22 7.90816e-23 2.44456e-23 7.57576e-24 2.35302e-24 7.32308e-25 2.28317e-25 7.12986e-26 2.2297e-26 6.98178e-27 2.18861e-27 6.86705e-28 2.15591e-28 6.76273e-29 2.12903e-29
9.15621e-13 1.53523e-14 3.32491e-15 7.8549e-16 1.97761e-16 5.2794e-17 1.45859e-17 4.13243e-18 1.19301e-18 3.49406e-19 1.03496e-19 3.09347e-20 9.31501e-21 2.82222e-21 8.59504e-22 2.62919e-22 8.07325e-23 2.48719e-23 7.68471e-24 2.38042e-24 7.39033e-25 2.29906e-25 7.16508e-26 2.23664e-26 6.99201e-27 2.18861e-27 6.85843e-28 2.15123e-28 6.75175e-29 2.11736e-29 6.66383e-30
3.03483e-13 4.88071e-15 1.05438e-15 2.46451e-16 6.27396e-17 1.67389e-17 4.62142e-18 1.30838e-18 3.7745e-19 1.1047e-19 3.27001e-20 9.76782e-21 2.9395e-21 8.90086e-22 2.70927e-22 8.28325e-23 2.54221e-23 7.82831e-24 2.41763e-24 7.48563e-25 2.32305e-25 7.22392e-26 2.2505e-26 7.02256e-27 2.19457e-27 6.86705e-28 2.15123e-28 6.74553e-29 2.11651e-29 6.63577e-30 2.08784e-30
1.0039e-13 1.545e-15 3.27341e-16 7.82138e-17 1.99028e-17 5.30692e-18 1.4642e-18 4.1425e-19 1.19425e-19 3.49302e-20 1.03332e-20 3.08481e-21 9.27812e-22 2.80794e-22 8.54253e-23 2.61051e-23 8.00821e-24 2.4649e-24 7.60919e-25 2.35506e-25 7.30572e-26 2.271e-26 7.07241e-27 2.20615e-27 6.89202e-28 2.15591e-28 6.75175e-29 2.11651e-29 6.63908e-30 2.08102e-30 6.54584e-31
3.2965e-14 4.70426e-16 1.03686e-16 2.47692e-17 6.30014e-18 1.67894e-18 4.62944e-19 1.30896e-19 3.77141e-20 1.10246e-20 3.25961e-21 9.72604e-22 2.92387e-22 8.84474e-23 2.68964e-23 8.21584e-24 2.51935e-24 7.75154e-25 2.39204e-25 7.40083e-26 2.29508e-26 7.132e-27 2.22039e-27 6.92418e-28 2.1625e-28 6.76273e-29 2.11736e-29 6.63577e-30 2.08102e-30 6.52164e-31 2.0509e-31
1.08874e-14 1.49828e-16 3.3025e-17 7.88634e-18 2.00469e-18 5.33847e-19 1.47091e-19 4.15589e-20 1.19656e-20 3.49548e-21 1.03284e-21 3.07998e-22 9.25393e-23 2.79784e-23 8.50378e-24 2.59633e-24 7.95791e-25 2.44742e-25 7.5493e-26 2.33477e-26 7.23761e-27 2.24827e-27 6.99702e-28 2.18125e-28 6.81008e-29 2.12903e-29 6.66383e-30 2.08784e-30 6.54584e-31 2.0509e-31 6.44786e-32
