0.369477 0.0156755 0.0104366 0.00746419 0.00562422 0.00439889 0.00353397 0.00289524 0.00240689 0.00202336 0.00171578 0.00146499 0.00125777 0.00108469 0.000938832 0.000815003 0.000709214 0.000618349 0.00053994 0.000472002 0.000412919 0.000361362 0.00031623 0.0002766 0.000241694 0.000210852 0.000183508 0.000159179 0.000137443 0.000117935 0.000104279
0.0156755 0.00169797 0.00104212 0.000684746 0.000474973 0.000343648 0.000256873 0.00019693 0.000153993 0.000122319 9.83857e-05 7.99425e-05 6.5498e-05 5.40321e-05 4.48271e-05 3.73661e-05 3.12688e-05 2.62504e-05 2.20942e-05 1.86329e-05 1.57361e-05 1.33007e-05 1.12447e-05 9.50224e-06 8.02022e-06 6.75541e-06 5.67261e-06 4.74311e-06 3.9436e-06 3.25547e-06 2.81691e-06
0.0104366 0.00104212 0.000615205 0.000392065 0.000265961 0.00018948 0.000140184 0.000106756 8.31325e-05 6.58699e-05 5.29113e-05 4.29698e-05 3.52066e-05 2.90555e-05 2.41227e-05 2.01265e-05 1.68611e-05 1.41731e-05 1.19461e-05 1.00907e-05 8.53702e-06 7.23016e-06 6.12637e-06 5.19055e-06 4.3944e-06 3.71491e-06 3.1334e-06 2.63467e-06 2.20656e-06 1.88103e-06 1.62878e-06
0.00746419 0.000684746 0.000392065 0.000243911 0.000162636 0.000114558 8.41618e-05 6.38358e-05 4.96073e-05 3.92743e-05 3.15474e-05 2.56325e-05 2.10187e-05 1.73643e-05 1.44334e-05 1.2058e-05 1.01159e-05 8.51603e-06 7.18959e-06 6.08362e-06 5.15688e-06 4.37684e-06 3.71765e-06 3.15855e-06 2.68276e-06 2.27668e-06 1.92926e-06 1.63158e-06 1.39283e-06 1.18738e-06 1.02859e-06
0.00562422 0.000474973 0.000265961 0.000162636 0.000107181 7.49649e-05 5.48687e-05 4.15515e-05 3.22806e-05 2.55683e-05 2.05555e-05 1.67194e-05 1.3726e-05 1.13535e-05 9.449e-06 7.90401e-06 6.63959e-06 5.59707e-06 4.73197e-06 4.01011e-06 3.40481e-06 2.89504e-06 2.46403e-06 2.09834e-06 1.78708e-06 1.52142e-06 1.2942e-06 1.10609e-06 9.44406e-07 8.05145e-07 6.97585e-07
0.00439889 0.000343648 0.00018948 0.000114558 7.49649e-05 5.22439e-05 3.81898e-05 2.8923e-05 2.24872e-05 1.78306e-05 1.43518e-05 1.16871e-05 9.60562e-06 7.95388e-06 6.62645e-06 5.54847e-06 4.66542e-06 3.93674e-06 3.33163e-06 2.8264e-06 2.40254e-06 2.04542e-06 1.7434e-06 1.48708e-06 1.2689e-06 1.08269e-06 9.26015e-07 7.91573e-07 6.75944e-07 5.76293e-07 4.99289e-07
0.00353397 0.000256873 0.000140184 8.41618e-05 5.48687e-05 3.81898e-05 2.79221e-05 2.11665e-05 1.64762e-05 1.30801e-05 1.054e-05 8.59163e-06 7.06764e-06 5.85686e-06 4.8828e-06 4.09109e-06 3.44207e-06 2.90617e-06 2.46095e-06 2.08907e-06 1.77699e-06 1.51401e-06 1.29156e-06 1.10278e-06 9.42078e-07 8.0597e-07 6.89429e-07 5.89387e-07 5.03317e-07 4.29124e-07 3.71725e-07
0.00289524 0.00019693 0.000106756 6.38358e-05 4.15515e-05 2.8923e-05 2.11665e-05 1.60649e-05 1.25202e-05 9.95011e-06 8.02489e-06 6.54618e-06 5.38812e-06 4.46716e-06 3.72566e-06 3.12259e-06 2.62798e-06 2.21944e-06 1.87994e-06 1.59632e-06 1.3583e-06 1.15771e-06 9.88049e-07 8.44071e-07 7.21948e-07 6.17661e-07 5.28359e-07 4.51695e-07 3.85733e-07 3.28871e-07 2.84817e-07
0.00240689 0.000153993 8.31325e-05 4.96073e-05 3.22806e-05 2.24872e-05 1.64762e-05 1.25202e-05 9.7678e-06 7.7691e-06 6.26976e-06 5.11675e-06 4.21289e-06 3.49355e-06 2.91408e-06 2.44261e-06 2.05584e-06 1.73633e-06 1.4708e-06 1.24899e-06 1.06284e-06 9.05988e-07 7.73341e-07 6.60967e-07 5.65299e-07 4.83613e-07 4.13672e-07 3.53634e-07 3.01983e-07 2.57462e-07 2.22915e-07
0.00202336 0.000122319 6.58699e-05 3.92743e-05 2.55683e-05 1.78306e-05 1.30801e-05 9.95011e-06 7.7691e-06 6.183e-06 4.99167e-06 4.07463e-06 3.35524e-06 2.78242e-06 2.32084e-06 1.94522e-06 1.63707e-06 1.38251e-06 1.17098e-06 9.94293e-07 8.46046e-07 7.21156e-07 6.15636e-07 5.26105e-07 4.49902e-07 3.84849e-07 3.29162e-07 2.81369e-07 2.40259e-07 2.04833e-07 1.77299e-07
0.00171578 9.83857e-05 5.29113e-05 3.15474e-05 2.05555e-05 1.43518e-05 1.054e-05 8.02489e-06 6.26976e-06 4.99167e-06 4.03069e-06 3.29041e-06 2.70939e-06 2.24662e-06 1.87365e-06 1.57015e-06 1.32117e-06 1.11553e-06 9.44669e-07 8.01991e-07 6.82306e-07 5.81537e-07 4.9635e-07 4.24092e-07 3.62607e-07 3.10134e-07 2.65227e-07 2.26696e-07 1.93562e-07 1.65015e-07 1.42793e-07
0.00146499 7.99425e-05 4.29698e-05 2.56325e-05 1.67194e-05 1.16871e-05 8.59163e-06 6.54618e-06 5.11675e-06 4.07463e-06 3.29041e-06 2.68595e-06 2.21138e-06 1.83334e-06 1.52866e-06 1.28074e-06 1.0774e-06 9.09477e-07 7.69998e-07 6.53553e-07 5.55917e-07 4.73704e-07 4.04226e-07 3.45311e-07 2.95195e-07 2.52438e-07 2.15857e-07 1.8448e-07 1.57504e-07 1.3427e-07 1.16156e-07
0.00125777 6.5498e-05 3.52066e-05 2.10187e-05 1.3726e-05 9.60562e-06 7.06764e-06 5.38812e-06 4.21289e-06 3.35524e-06 2.70939e-06 2.21138e-06 1.82031e-06 1.50877e-06 1.2577e-06 1.05345e-06 8.85951e-07 7.47666e-07 6.32836e-07 5.37005e-07 4.56662e-07 3.89033e-07 3.31898e-07 2.83465e-07 2.4228e-07 2.07153e-07 1.7711e-07 1.51348e-07 1.29207e-07 1.10143e-07 9.52579e-08
0.00108469 5.40321e-05 2.90555e-05 1.73643e-05 1.13535e-05 7.95388e-06 5.85686e-06 4.46716e-06 3.49355e-06 2.78242e-06 2.24662e-06 1.83334e-06 1.50877e-06 1.25022e-06 1.04188e-06 8.72427e-07 7.33499e-07 6.18834e-07 5.23649e-07 4.4423e-07 3.77668e-07 3.21658e-07 2.74354e-07 2.34269e-07 2.00193e-07 1.71139e-07 1.46299e-07 1.25005e-07 1.06709e-07 9.09599e-08 7.86467e-08
0.000938832 4.48271e-05 2.41227e-05 1.44334e-05 9.449e-06 6.62645e-06 4.8828e-06 3.72566e-06 2.91408e-06 2.32084e-06 1.87365e-06 1.52866e-06 1.2577e-06 1.04188e-06 8.68013e-07 7.26619e-07 6.1073e-07 5.15109e-07 4.35754e-07 3.69564e-07 3.14107e-07 2.67457e-07 2.28071e-07 1.94707e-07 1.66353e-07 1.42187e-07 1.21531e-07 1.0383e-07 8.86267e-08 7.55432e-08 6.53002e-08
0.000815003 3.73661e-05 2.01265e-05 1.2058e-05 7.90401e-06 5.54847e-06 4.09109e-06 3.12259e-06 2.44261e-06 1.94522e-06 1.57015e-06 1.28074e-06 1.05345e-06 8.72427e-07 7.26619e-07 6.08075e-07 5.10943e-07 4.3082e-07 3.64347e-07 3.08919e-07 2.62495e-07 2.23455e-07 1.90506e-07 1.62602e-07 1.38898e-07 1.187e-07 1.01442e-07 8.66575e-08 7.39625e-08 6.30411e-08 5.44798e-08
0.000709214 3.12688e-05 1.68611e-05 1.01159e-05 6.63959e-06 4.66542e-06 3.44207e-06 2.62798e-06 2.05584e-06 1.63707e-06 1.32117e-06 1.0774e-06 8.85951e-07 7.33499e-07 6.1073e-07 5.10943e-07 4.292e-07 3.61792e-07 3.05885e-07 2.59282e-07 2.20261e-07 1.87458e-07 1.59781e-07 1.3635e-07 1.1645e-07 9.95007e-08 8.50223e-08 7.26228e-08 6.19789e-08 5.28248e-08 4.564e-08
0.000618349 2.62504e-05 1.41731e-05 8.51603e-06 5.59707e-06 3.93674e-06 2.90617e-06 2.21944e-06 1.73633e-06 1.38251e-06 1.11553e-06 9.09477e-07 7.47666e-07 6.18834e-07 5.15109e-07 4.3082e-07 3.61792e-07 3.04886e-07 2.57703e-07 2.18384e-07 1.85473e-07 1.57814e-07 1.34484e-07 1.1474e-07 9.79766e-08 8.37024e-08 7.15132e-08 6.10772e-08 5.21215e-08 4.44215e-08 3.83708e-08
0.00053994 2.20942e-05 1.19461e-05 7.18959e-06 4.73197e-06 3.33163e-06 2.46095e-06 1.87994e-06 1.4708e-06 1.17098e-06 9.44669e-07 7.69998e-07 6.32836e-07 5.23649e-07 4.35754e-07 3.64347e-07 3.05885e-07 2.57703e-07 2.17765e-07 1.84494e-07 1.56653e-07 1.33262e-07 1.13538e-07 9.68497e-08 8.26858e-08 7.06283e-08 6.03351e-08 5.1525e-08 4.39666e-08 3.74698e-08 3.23589e-08
0.000472002 1.86329e-05 1.00907e-05 6.08362e-06 4.01011e-06 2.8264e-06 2.08907e-06 1.59632e-06 1.24899e-06 9.94293e-07 8.01991e-07 6.53553e-07 5.37005e-07 4.4423e-07 3.69564e-07 3.08919e-07 2.59282e-07 2.18384e-07 1.84494e-07 1.56269e-07 1.32657e-07 1.12824e-07 9.61059e-08 8.19648e-08 6.99659e-08 5.97543e-08 5.10394e-08 4.35822e-08 3.71863e-08 3.16902e-08 2.73618e-08
0.000412919 1.57361e-05 8.53702e-06 5.15688e-06 3.40481e-06 2.40254e-06 1.77699e-06 1.3583e-06 1.06284e-06 8.46046e-07 6.82306e-07 5.55917e-07 4.56662e-07 3.77668e-07 3.14107e-07 2.62495e-07 2.20261e-07 1.85473e-07 1.56653e-07 1.32657e-07 1.12588e-07 9.57362e-08 8.15341e-08 6.95247e-08 5.93373e-08 5.06698e-08 4.32745e-08 3.69482e-08 3.15238e-08 2.68636e-08 2.31897e-08
0.000361362 1.33007e-05 7.23016e-06 4.37684e-06 2.89504e-06 2.04542e-06 1.51401e-06 1.15771e-06 9.05988e-07 7.21156e-07 5.81537e-07 4.73704e-07 3.89033e-07 3.21658e-07 2.67457e-07 2.23455e-07 1.87458e-07 1.57814e-07 1.33262e-07 1.12824e-07 9.57362e-08 8.13909e-08 6.93043e-08 5.90862e-08 5.04206e-08 4.30497e-08 3.67623e-08 3.13852e-08 2.67757e-08 2.28166e-08 1.96925e-08
0.00031623 1.12447e-05 6.12637e-06 3.71765e-06 2.46403e-06 1.7434e-06 1.29156e-06 9.88049e-07 7.73341e-07 6.15636e-07 4.9635e-07 4.04226e-07 3.31898e-07 2.74354e-07 2.28071e-07 1.90506e-07 1.59781e-07 1.34484e-07 1.13538e-07 9.61059e-08 8.15341e-08 6.93043e-08 5.90023e-08 5.02952e-08 4.29127e-08 3.66347e-08 3.12808e-08 2.67031e-08 2.27799e-08 1.9411e-08 1.67502e-08
0.0002766 9.50224e-06 5.19055e-06 3.15855e-06 2.09834e-06 1.48708e-06 1.10278e-06 8.44071e-07 6.60967e-07 5.26105e-07 4.24092e-07 3.45311e-07 2.83465e-07 2.34269e-07 1.94707e-07 1.62602e-07 1.3635e-07 1.1474e-07 9.68497e-08 8.19648e-08 6.95247e-08 5.90862e-08 5.02952e-08 4.28666e-08 3.65696e-08 3.12159e-08 2.66513e-08 2.27492e-08 1.94058e-08 1.65354e-08 1.42664e-08
0.000241694 8.02022e-06 4.3944e-06 2.68276e-06 1.78708e-06 1.2689e-06 9.42078e-07 7.21948e-07 5.65299e-07 4.49902e-07 3.62607e-07 2.95195e-07 2.4228e-07 2.00193e-07 1.66353e-07 1.38898e-07 1.1645e-07 9.79766e-08 8.26858e-08 6.99659e-08 5.93373e-08 5.04206e-08 4.29127e-08 3.65696e-08 3.11938e-08 2.66242e-08 2.27289e-08 1.93998e-08 1.65477e-08 1.40997e-08 1.21631e-08
0.000210852 6.75541e-06 3.71491e-06 2.27668e-06 1.52142e-06 1.08269e-06 8.0597e-07 6.17661e-07 4.83613e-07 3.84849e-07 3.10134e-07 2.52438e-07 2.07153e-07 1.71139e-07 1.42187e-07 1.187e-07 9.95007e-08 8.37024e-08 7.06283e-08 5.97543e-08 5.06698e-08 4.30497e-08 3.66347e-08 3.12159e-08 2.66242e-08 2.27218e-08 1.93959e-08 1.65539e-08 1.41196e-08 1.20305e-08 1.03767e-08
0.000183508 5.67261e-06 3.1334e-06 1.92926e-06 1.2942e-06 9.26015e-07 6.89429e-07 5.28359e-07 4.13672e-07 3.29162e-07 2.65227e-07 2.15857e-07 1.7711e-07 1.46299e-07 1.21531e-07 1.01442e-07 8.50223e-08 7.15132e-08 6.03351e-08 5.10394e-08 4.32745e-08 3.67623e-08 3.12808e-08 2.66513e-08 2.27289e-08 1.93959e-08 1.65557e-08 1.41291e-08 1.20509e-08 1.02677e-08 8.85514e-09
0.000159179 4.74311e-06 2.63467e-06 1.63158e-06 1.10609e-06 7.91573e-07 5.89387e-07 4.51695e-07 3.53634e-07 2.81369e-07 2.26696e-07 1.8448e-07 1.51348e-07 1.25005e-07 1.0383e-07 8.66575e-08 7.26228e-08 6.10772e-08 5.1525e-08 4.35822e-08 3.69482e-08 3.13852e-08 2.67031e-08 2.27492e-08 1.93998e-08 1.65539e-08 1.41291e-08 1.20576e-08 1.02838e-08 8.76188e-09 7.55581e-09
0.000137443 3.9436e-06 2.20656e-06 1.39283e-06 9.44406e-07 6.75944e-07 5.03317e-07 3.85733e-07 3.01983e-07 2.40259e-07 1.93562e-07 1.57504e-07 1.29207e-07 1.06709e-07 8.86267e-08 7.39625e-08 6.19789e-08 5.21215e-08 4.39666e-08 3.71863e-08 3.15238e-08 2.67757e-08 2.27799e-08 1.94058e-08 1.65477e-08 1.41196e-08 1.20509e-08 1.02838e-08 8.77071e-09 7.47266e-09 6.44363e-09
0.000117935 3.25547e-06 1.88103e-06 1.18738e-06 8.05145e-07 5.76293e-07 4.29124e-07 3.28871e-07 2.57462e-07 2.04833e-07 1.65015e-07 1.3427e-07 1.10143e-07 9.09599e-08 7.55432e-08 6.30411e-08 5.28248e-08 4.44215e-08 3.74698e-08 3.16902e-08 2.68636e-08 2.28166e-08 1.9411e-08 1.65354e-08 1.40997e-08 1.20305e-08 1.02677e-08 8.76188e-09 7.47266e-09 6.36669e-09 5.48975e-09
0.000104279 2.81691e-06 1.62878e-06 1.02859e-06 6.97585e-07 4.99289e-07 3.71725e-07 2.84817e-07 2.22915e-07 1.77299e-07 1.42793e-07 1.16156e-07 9.52579e-08 7.86467e-08 6.53002e-08 5.44798e-08 4.564e-08 3.83708e-08 3.23589e-08 2.73618e-08 2.31897e-08 1.96925e-08 1.67502e-08 1.42664e-08 1.21631e-08 1.03767e-08 8.85514e-09 7.55581e-09 6.44363e-09 5.48975e-09 4.73275e-09
