0.856043 0.0267426 0.01538 0.00884518 0.00508695 0.00292556 0.00168252 0.000967635 0.000556497 0.000320048 0.000184063 0.000105856 6.08791e-05 3.50122e-05 2.01359e-05 1.15804e-05 6.65999e-06 3.83023e-06 2.20281e-06 1.26686e-06 7.28583e-07 4.19016e-07 2.4098e-07 1.3859e-07 7.97048e-08 4.58391e-08 2.63625e-08 1.51614e-08 8.71946e-09 5.01466e-09 2.88398e-09 1.65861e-09 9.53883e-10 5.48588e-10 3.15499e-10 1.81447e-10 1.04352e-10 6.00139e-11 3.45146e-11 1.98497e-11 1.14158e-11 6.56534e-12 3.7758e-12 2.1715e-12 1.24885e-12 7.18228e-13 4.13061e-13 2.37556e-13 1.36621e-13 7.8572e-14 4.51876e-14 2.59879e-14 1.49459e-14 8.59554e-15 4.94339e-15 2.84299e-15 1.63504e-15 9.40326e-16 5.40792e-16 3.11015e-16 1.78868e-16 1.02869e-16 5.9161e-17 3.40241e-17 1.95676e-17 1.12535e-17 6.47203e-18 3.72213e-18 2.14064e-18 1.2311e-18 7.08021e-19 4.0719e-19 2.34179e-19 1.34679e-19 7.74553e-20 4.45454e-20 2.56185e-20 1.47335e-20 8.47338e-21 4.87313e-21 2.80259e-21 1.6118e-21 9.26962e-22 5.33106e-22 3.06595e-22 1.76326e-22 1.01407e-22 5.83202e-23 3.35405e-23 1.92895e-23 1.10936e-23 6.38005e-24 3.66923e-24 2.11021e-24 1.21361e-24 6.97958e-25 4.01403e-25 2.30851e-25 1.32765e-25 7.63545e-26 4.39123e-26
0.0267426 0.00290211 0.00173614 0.00103707 0.000618624 0.000368543 0.000219294 0.00013034 7.73884e-05 4.59033e-05 2.72026e-05 1.61064e-05 9.5286e-06 5.63277e-06 3.32732e-06 1.96411e-06 1.15864e-06 6.83058e-07 4.02445e-07 2.36978e-07 1.39468e-07 8.20377e-08 4.82322e-08 2.83436e-08 1.66485e-08 9.77472e-09 5.73657e-09 3.36532e-09 1.97348e-09 1.15685e-09 6.77899e-10 3.97104e-10 2.32541e-10 1.3613e-10 7.96666e-11 4.66088e-11 2.72605e-11 1.59397e-11 9.31768e-12 5.44531e-12 3.18147e-12 1.85834e-12 1.08523e-12 6.336e-13 3.69839e-13 2.15832e-13 1.2593e-13 7.34601e-14 4.28438e-14 2.49828e-14 1.4565e-14 8.48989e-15 4.94784e-15 2.88306e-15 1.67965e-15 9.78388e-16 5.69815e-16 3.3181e-16 1.93187e-16 1.12461e-16 6.54579e-17 3.80944e-17 2.21666e-17 1.28967e-17 7.50242e-18 4.36382e-18 2.53792e-18 1.47583e-18 8.58103e-19 4.98876e-19 2.89998e-19 1.68558e-19 9.79611e-20 5.69261e-20 3.30768e-20 1.92172e-20 1.11638e-20 6.48469e-21 3.76639e-21 2.18735e-21 1.2702e-21 7.37537e-22 4.2821e-22 2.48594e-22 1.44307e-22 8.37618e-23 4.86148e-23 2.82133e-23 1.63721e-23 9.49996e-24 5.51193e-24 3.19781e-24 1.8551e-24 1.0761e-24 6.2417e-25 3.62012e-25 2.09949e-25 1.21751e-25 7.05995e-26 4.09357e-26 2.37342e-26
0.01538 0.00173614 0.00104435 0.000627169 0.000376059 0.000225169 0.000134644 8.04138e-05 4.79704e-05 2.85856e-05 1.7017e-05 1.01205e-05 6.01361e-06 3.57026e-06 2.11796e-06 1.25547e-06 7.43675e-07 4.40215e-07 2.60414e-07 1.53956e-07 9.09645e-08 5.37161e-08 3.17033e-08 1.87017e-08 1.10267e-08 6.49837e-09 3.82796e-09 2.25394e-09 1.32659e-09 7.80473e-10 4.58998e-10 2.69838e-10 1.58577e-10 9.31594e-11 5.47103e-11 3.21197e-11 1.88512e-11 1.10605e-11 6.48764e-12 3.8043e-12 2.2302e-12 1.30707e-12 7.6585e-13 4.48621e-13 2.6273e-13 1.53829e-13 9.0047e-14 5.26991e-14 3.0835e-14 1.80382e-14 1.05501e-14 6.16921e-15 3.60679e-15 2.10829e-15 1.23214e-15 7.19965e-16 4.20617e-16 2.45691e-16 1.43489e-16 8.37874e-17 4.89181e-17 2.85557e-17 1.66667e-17 9.72622e-18 5.67512e-18 3.31089e-18 1.93132e-18 1.12643e-18 6.56897e-19 3.83031e-19 2.23314e-19 1.3018e-19 7.58783e-20 4.42222e-20 2.57699e-20 1.50153e-20 8.74798e-21 5.09604e-21 2.96832e-21 1.72879e-21 1.00677e-21 5.86236e-22 3.41327e-22 1.98713e-22 1.15675e-22 6.73306e-23 3.91872e-23 2.28053e-23 1.32706e-23 7.72152e-24 4.49241e-24 2.61347e-24 1.52027e-24 8.84273e-25 5.143e-25 2.99097e-25 1.7393e-25 1.01135e-25 5.88025e-26 3.41867e-26 1.9874e-26
0.00884518 0.00103707 0.000627169 0.000378583 0.000228139 0.000137264 8.24669e-05 4.94784e-05 2.96486e-05 1.77452e-05 1.0609e-05 6.33611e-06 3.78046e-06 2.25355e-06 1.34219e-06 7.98738e-07 4.74959e-07 2.8222e-07 1.67577e-07 9.9438e-08 5.89677e-08 3.49472e-08 2.06995e-08 1.22537e-08 7.25007e-09 4.28744e-09 2.53421e-09 1.49722e-09 8.84163e-10 5.21905e-10 3.07943e-10 1.81625e-10 1.07081e-10 6.31089e-11 3.71802e-11 2.18968e-11 1.28916e-11 7.58733e-12 4.46413e-12 2.62574e-12 1.54397e-12 9.07617e-13 5.33391e-13 3.13381e-13 1.84071e-13 1.08091e-13 6.34578e-14 3.72458e-14 2.18559e-14 1.28221e-14 7.52068e-15 4.41022e-15 2.58567e-15 1.51564e-15 8.88247e-16 5.20459e-16 3.049e-16 1.78586e-16 1.04583e-16 6.12343e-17 3.58472e-17 2.09818e-17 1.22789e-17 7.18461e-18 4.20321e-18 2.45862e-18 1.43792e-18 8.40846e-19 4.91625e-19 2.87402e-19 1.67991e-19 9.818e-20 5.73722e-20 3.35215e-20 1.95835e-20 1.14394e-20 6.68129e-21 3.9018e-21 2.27834e-21 1.33022e-21 7.76561e-22 4.53294e-22 2.64568e-22 1.54399e-22 9.00967e-23 5.25686e-23 3.06689e-23 1.78907e-23 1.04355e-23 6.08632e-24 3.5494e-24 2.06973e-24 1.20679e-24 7.03578e-25 4.10158e-25 2.39085e-25 1.39353e-25 8.12158e-26 4.73292e-26 2.75791e-26 1.60693e-26
0.00508695 0.000618624 0.000376059 0.000228139 0.000138143 8.35044e-05 5.03961e-05 3.03697e-05 1.82762e-05 1.09843e-05 6.59386e-06 3.95382e-06 2.36829e-06 1.41716e-06 8.47219e-07 5.06042e-07 3.02005e-07 1.80092e-07 1.07311e-07 6.38978e-08 3.80214e-08 2.26093e-08 1.34362e-08 7.98004e-09 4.73682e-09 2.81017e-09 1.66629e-09 9.87529e-10 5.84978e-10 3.46361e-10 2.04985e-10 1.21264e-10 7.17066e-11 4.23851e-11 2.50438e-11 1.47919e-11 8.73359e-12 5.15477e-12 3.04144e-12 1.79394e-12 1.05779e-12 6.23527e-13 3.67437e-13 2.16464e-13 1.27487e-13 7.50632e-14 4.41849e-14 2.60021e-14 1.52979e-14 8.99813e-15 5.29137e-15 3.11088e-15 1.82852e-15 1.07454e-15 6.31319e-16 3.70839e-16 2.17788e-16 1.27878e-16 7.50707e-17 4.4062e-17 2.58569e-17 1.51708e-17 8.89948e-18 5.21969e-18 3.06091e-18 1.79467e-18 1.05207e-18 6.1665e-19 3.61379e-19 2.11749e-19 1.24055e-19 7.26676e-20 4.25604e-20 2.49235e-20 1.45932e-20 8.54349e-21 5.00104e-21 2.92704e-21 1.71293e-21 1.0023e-21 5.86406e-22 3.43042e-22 2.00652e-22 1.17351e-22 6.86251e-23 4.01262e-23 2.34598e-23 1.37142e-23 8.01626e-24 4.68517e-24 2.738e-24 1.59991e-24 9.34792e-25 5.46122e-25 3.19023e-25 1.86342e-25 1.08833e-25 6.35574e-26 3.71135e-26 2.167e-26 1.26516e-26
0.00292556 0.000368543 0.000225169 0.000137264 8.35044e-05 5.07041e-05 3.0734e-05 1.85993e-05 1.12388e-05 6.78175e-06 4.08693e-06 2.45993e-06 1.47895e-06 8.88208e-07 5.3289e-07 3.19408e-07 1.91276e-07 1.14447e-07 6.84216e-08 4.08741e-08 2.43996e-08 1.45551e-08 8.67673e-09 5.16916e-09 3.07764e-09 1.83131e-09 1.08909e-09 6.47339e-10 3.8457e-10 2.28351e-10 1.35526e-10 8.03974e-11 4.76727e-11 2.8256e-11 1.67407e-11 9.91429e-12 5.86925e-12 3.47329e-12 2.05468e-12 1.21505e-12 7.18284e-13 4.24479e-13 2.50771e-13 1.48103e-13 8.7442e-14 5.16118e-14 3.04547e-14 1.79655e-14 1.05952e-14 6.24689e-15 3.6822e-15 2.16992e-15 1.27842e-15 7.53012e-16 4.43435e-16 2.61072e-16 1.53672e-16 9.04347e-17 5.32091e-17 3.13002e-17 1.84086e-17 1.08246e-17 6.36379e-18 3.74059e-18 2.19829e-18 1.29167e-18 7.58825e-19 4.45714e-19 2.61757e-19 1.53698e-19 9.02336e-20 5.29662e-20 3.10857e-20 1.82414e-20 1.07026e-20 6.27848e-21 3.68263e-21 2.15974e-21 1.26643e-21 7.42513e-22 4.35279e-22 2.55137e-22 1.49528e-22 8.76226e-23 5.134e-23 3.00774e-23 1.76187e-23 1.03194e-23 6.04343e-24 3.53885e-24 2.07201e-24 1.21303e-24 7.10078e-25 4.15615e-25 2.43237e-25 1.42339e-25 8.32859e-26 4.87276e-26 2.85059e-26 1.66744e-26 9.75269e-27
0.00168252 0.000219294 0.000134644 8.24669e-05 5.03961e-05 3.0734e-05 1.87077e-05 1.13674e-05 6.89601e-06 4.17716e-06 2.5267e-06 1.52636e-06 9.20929e-07 5.55001e-07 3.34109e-07 2.00927e-07 1.20717e-07 7.24602e-08 4.34563e-08 2.60404e-08 1.5592e-08 9.32889e-09 5.57762e-09 3.33251e-09 1.98981e-09 1.18735e-09 7.08092e-10 4.22037e-10 2.51403e-10 1.49679e-10 8.90701e-11 5.29772e-11 3.14949e-11 1.87152e-11 1.11162e-11 6.59985e-12 3.91682e-12 2.32359e-12 1.37791e-12 8.16803e-13 4.84014e-13 2.86712e-13 1.6978e-13 1.00504e-13 5.94761e-14 3.51856e-14 2.08093e-14 1.23033e-14 7.27208e-15 4.29711e-15 2.53849e-15 1.4992e-15 8.85179e-16 5.22508e-16 3.08353e-16 1.81928e-16 1.07312e-16 6.32846e-17 3.73122e-17 2.19942e-17 1.2962e-17 7.63743e-18 4.49917e-18 2.6499e-18 1.56042e-18 9.18697e-19 5.40779e-19 3.18264e-19 1.87274e-19 1.10177e-19 6.48078e-20 3.81145e-20 2.2412e-20 1.31765e-20 7.74553e-21 4.55232e-21 2.67514e-21 1.57179e-21 9.23374e-22 5.42372e-22 3.18533e-22 1.87046e-22 1.09821e-22 6.44703e-23 3.78422e-23 2.22093e-23 1.30328e-23 7.64689e-24 4.48618e-24 2.63157e-24 1.54348e-24 9.05175e-25 5.30779e-25 3.11204e-25 1.82442e-25 1.06944e-25 6.26816e-26 3.67346e-26 2.1526e-26 1.26126e-26 7.38927e-27
0.000967635 0.00013034 8.04138e-05 4.94784e-05 3.03697e-05 1.85993e-05 1.13674e-05 6.93435e-06 4.22272e-06 2.5673e-06 1.55849e-06 9.44758e-07 5.7196e-07 3.45839e-07 2.0887e-07 1.2601e-07 7.59423e-08 4.57234e-08 2.75036e-08 1.65295e-08 9.92585e-09 5.95565e-09 3.57076e-09 2.13933e-09 1.28084e-09 7.66345e-10 4.58224e-10 2.73821e-10 1.63532e-10 9.76096e-11 5.82303e-11 3.472e-11 2.06915e-11 1.23252e-11 7.33829e-12 4.36716e-12 2.59785e-12 1.54471e-12 9.18123e-13 5.45486e-13 3.23967e-13 1.92334e-13 1.14144e-13 6.77176e-14 4.01607e-14 2.38098e-14 1.41115e-14 8.36091e-15 4.95224e-15 2.93239e-15 1.73587e-15 1.02728e-15 6.07774e-16 3.59484e-16 2.1257e-16 1.25666e-16 7.42713e-17 4.38855e-17 2.59249e-17 1.53113e-17 9.04087e-18 5.33717e-18 3.15005e-18 1.8588e-18 1.09662e-18 6.46831e-19 3.81452e-19 2.24907e-19 1.32582e-19 7.81417e-20 4.6047e-20 2.71295e-20 1.59811e-20 9.41225e-21 5.54252e-21 3.26323e-21 1.92096e-21 1.13062e-21 6.65345e-22 3.9148e-22 2.30306e-22 1.35468e-22 7.96713e-23 4.68495e-23 2.75452e-23 1.61929e-23 9.51797e-24 5.59377e-24 3.28705e-24 1.9313e-24 1.13459e-24 6.66455e-25 3.91425e-25 2.29865e-25 1.34972e-25 7.9243e-26 4.65187e-26 2.73051e-26 1.60254e-26 9.40428e-27 5.51814e-27
0.000556497 7.73884e-05 4.79704e-05 2.96486e-05 1.82762e-05 1.12388e-05 6.89601e-06 4.22272e-06 2.58092e-06 1.57471e-06 9.59241e-07 5.83447e-07 3.54377e-07 2.1496e-07 1.3023e-07 7.88061e-08 4.76356e-08 2.87642e-08 1.73519e-08 1.04577e-08 6.29709e-09 3.78859e-09 2.27754e-09 1.36812e-09 8.21222e-10 4.926e-10 2.95281e-10 1.76888e-10 1.05899e-10 6.3362e-11 3.78894e-11 2.26447e-11 1.35266e-11 8.07579e-12 4.81914e-12 2.87439e-12 1.71366e-12 1.02119e-12 6.08283e-13 3.62178e-13 2.15557e-13 1.28243e-13 7.62671e-14 4.53401e-14 2.69446e-14 1.60069e-14 9.50602e-15 5.64347e-15 3.3493e-15 1.98713e-15 1.1786e-15 6.98837e-16 4.14249e-16 2.45484e-16 1.45434e-16 8.61376e-17 5.10041e-17 3.0193e-17 1.78689e-17 1.05726e-17 6.2541e-18 3.69866e-18 2.18688e-18 1.29273e-18 7.64003e-19 4.51428e-19 2.66681e-19 1.57509e-19 9.30098e-20 5.4912e-20 3.24132e-20 1.9129e-20 1.12871e-20 6.65875e-21 3.92758e-21 2.31622e-21 1.36571e-21 8.05127e-22 4.74566e-22 2.79677e-22 1.64797e-22 9.70888e-23 5.71903e-23 3.36829e-23 1.98349e-23 1.16785e-23 6.87509e-24 4.04677e-24 2.38164e-24 1.40147e-24 8.24578e-25 4.85088e-25 2.85333e-25 1.67813e-25 9.86833e-26 5.80238e-26 3.41126e-26 2.00525e-26 1.17861e-26 6.92658e-27 4.07021e-27
0.000320048 4.59033e-05 2.85856e-05 1.77452e-05 1.09843e-05 6.78175e-06 4.17716e-06 2.5673e-06 1.57471e-06 9.641e-07 5.89246e-07 3.59564e-07 2.19083e-07 1.33301e-07 8.10004e-08 4.91593e-08 2.98003e-08 1.8045e-08 1.09155e-08 6.5963e-09 3.98246e-09 2.40224e-09 1.44782e-09 8.71885e-10 5.2465e-10 3.15471e-10 1.89558e-10 1.13823e-10 6.83023e-11 4.09609e-11 2.45495e-11 1.4705e-11 8.80328e-12 5.26734e-12 3.15002e-12 1.88286e-12 1.12489e-12 6.71743e-13 4.00957e-13 2.39222e-13 1.42666e-13 8.50474e-14 5.0679e-14 3.01874e-14 1.79747e-14 1.06988e-14 6.36586e-15 3.78641e-15 2.25139e-15 1.33823e-15 7.95196e-16 4.72368e-16 2.80515e-16 1.66533e-16 9.88374e-17 5.86434e-17 3.47854e-17 2.0628e-17 1.22294e-17 7.24833e-18 4.295e-18 2.54438e-18 1.50694e-18 8.92289e-19 5.28222e-19 3.12629e-19 1.84989e-19 1.09438e-19 6.47288e-20 3.82769e-20 2.26301e-20 1.33767e-20 7.90548e-21 4.67113e-21 2.75952e-21 1.62991e-21 9.62533e-22 5.68315e-22 3.35495e-22 1.98019e-22 1.16857e-22 6.89493e-23 4.06755e-23 2.3992e-23 1.41491e-23 8.34307e-24 4.91875e-24 2.89947e-24 1.7089e-24 1.00705e-24 5.93366e-25 3.49569e-25 2.05912e-25 1.21275e-25 7.14168e-26 4.20506e-26 2.47563e-26 1.45728e-26 8.5772e-27 5.04769e-27 2.9702e-27
0.000184063 2.72026e-05 1.7017e-05 1.0609e-05 6.59386e-06 4.08693e-06 2.5267e-06 1.55849e-06 9.59241e-07 5.89246e-07 3.61304e-07 2.21163e-07 1.35166e-07 8.24856e-08 5.02676e-08 3.05937e-08 1.8597e-08 1.12915e-08 6.84831e-09 4.14921e-09 2.51142e-09 1.51869e-09 9.17549e-10 5.53887e-10 3.34088e-10 2.01356e-10 1.21267e-10 7.29819e-11 4.38925e-11 2.63804e-11 1.58452e-11 9.51153e-12 5.70624e-12 3.42141e-12 2.05033e-12 1.22805e-12 7.35167e-13 4.3989e-13 2.63085e-13 1.57271e-13 9.39741e-14 5.61281e-14 3.35097e-14 1.99979e-14 1.19296e-14 7.11379e-15 4.24048e-15 2.5268e-15 1.50513e-15 8.96244e-16 5.33499e-16 3.17468e-16 1.88855e-16 1.1231e-16 6.677e-17 3.96839e-17 2.35788e-17 1.40057e-17 8.31709e-18 4.93764e-18 2.93058e-18 1.7389e-18 1.03154e-18 6.11775e-19 3.62737e-19 2.15025e-19 1.27434e-19 7.55063e-20 4.47285e-20 2.64905e-20 1.56857e-20 9.28593e-21 5.49614e-21 3.25239e-21 1.92425e-21 1.13824e-21 6.73171e-22 3.98047e-22 2.35323e-22 1.39096e-22 8.22028e-23 4.85717e-23 2.86949e-23 1.69493e-23 1.00099e-23 5.91061e-24 3.48953e-24 2.05983e-24 1.21571e-24 7.17399e-25 4.23278e-25 2.49704e-25 1.47286e-25 8.68631e-26 5.12209e-26 3.01994e-26 1.78028e-26 1.04935e-26 6.18433e-27 3.64425e-27 2.14717e-27
0.000105856 1.61064e-05 1.01205e-05 6.33611e-06 3.95382e-06 2.45993e-06 1.52636e-06 9.44758e-07 5.83447e-07 3.59564e-07 2.21163e-07 1.35791e-07 8.3235e-08 5.09405e-08 3.11305e-08 1.89983e-08 1.15793e-08 7.04889e-09 4.28608e-09 2.60332e-09 1.57959e-09 9.57496e-10 5.7986e-10 3.50851e-10 2.12106e-10 1.28124e-10 7.73343e-11 4.66433e-11 2.81123e-11 1.69319e-11 1.01913e-11 6.13024e-12 3.68519e-12 2.21405e-12 1.32944e-12 7.9783e-13 4.78545e-13 2.86889e-13 1.71905e-13 1.02957e-13 6.1634e-14 3.68799e-14 2.20581e-14 1.31875e-14 7.88098e-15 4.70785e-15 2.81123e-15 1.67805e-15 1.00127e-15 5.97236e-16 3.56112e-16 2.12266e-16 1.26482e-16 7.53419e-17 4.4865e-17 2.67082e-17 1.58946e-17 9.45644e-18 5.62446e-18 3.34435e-18 1.98803e-18 1.18146e-18 7.01938e-19 4.16934e-19 2.47586e-19 1.46987e-19 8.7242e-20 5.17689e-20 3.07123e-20 1.82161e-20 1.0802e-20 6.40406e-21 3.79589e-21 2.24947e-21 1.33278e-21 7.89489e-22 4.67572e-22 2.76863e-22 1.63907e-22 9.70172e-23 5.74141e-23 3.39711e-23 2.00966e-23 1.18866e-23 7.02939e-24 4.15627e-24 2.45706e-24 1.4523e-24 8.58276e-25 5.07139e-25 2.99612e-25 1.7698e-25 1.04525e-25 6.17238e-26 3.64435e-26 2.15141e-26 1.26988e-26 7.49451e-27 4.42244e-27 2.60927e-27 1.53928e-27
6.08791e-05 9.5286e-06 6.01361e-06 3.78046e-06 2.36829e-06 1.47895e-06 9.20929e-07 5.7196e-07 3.54377e-07 2.19083e-07 1.35166e-07 8.3235e-08 5.11661e-08 3.14013e-08 1.92419e-08 1.17739e-08 7.19464e-09 4.39079e-09 2.67641e-09 1.62955e-09 9.91094e-10 6.02165e-10 3.65504e-10 2.21649e-10 1.34293e-10 8.12964e-11 4.91743e-11 2.97213e-11 1.79504e-11 1.08335e-11 6.53381e-12 3.93801e-12 2.37198e-12 1.42783e-12 8.58991e-13 5.16477e-13 3.10366e-13 1.86408e-13 1.11901e-13 6.71403e-14 4.02646e-14 2.41357e-14 1.4461e-14 8.66055e-15 5.18449e-15 3.10232e-15 1.85562e-15 1.10949e-15 6.63114e-16 3.96179e-16 2.36612e-16 1.41263e-16 8.43084e-17 5.02998e-17 2.99998e-17 1.78868e-17 1.06613e-17 6.35262e-18 3.78414e-18 2.25348e-18 1.34158e-18 7.98468e-19 4.75094e-19 2.82609e-19 1.68065e-19 9.99214e-20 5.93923e-20 3.52934e-20 2.09678e-20 1.2454e-20 7.39545e-21 4.39057e-21 2.60604e-21 1.54648e-21 9.17518e-22 5.44244e-22 3.22762e-22 1.91373e-22 1.13447e-22 6.7239e-23 3.98442e-23 2.36062e-23 1.39831e-23 8.2814e-24 4.90371e-24 2.90314e-24 1.71845e-24 1.01702e-24 6.01794e-25 3.56036e-25 2.10605e-25 1.24559e-25 7.36562e-26 4.35489e-26 2.57441e-26 1.52164e-26 8.99248e-27 5.31354e-27 3.13924e-27 1.8544e-27 1.09527e-27
3.50122e-05 5.63277e-06 3.57026e-06 2.25355e-06 1.41716e-06 8.88208e-07 5.55001e-07 3.45839e-07 2.1496e-07 1.33301e-07 8.24856e-08 5.09405e-08 3.14013e-08 1.93235e-08 1.18721e-08 7.28309e-09 4.46159e-09 2.72951e-09 1.66776e-09 1.0178e-09 6.2045e-10 3.77819e-10 2.29837e-10 1.3968e-10 8.481e-11 5.1449e-11 3.11845e-11 1.88865e-11 1.14295e-11 6.9116e-12 4.17657e-12 2.52211e-12 1.52202e-12 9.17906e-13 5.53235e-13 3.33245e-13 2.00618e-13 1.20707e-13 7.25882e-14 4.36287e-14 2.62096e-14 1.57376e-14 9.44515e-15 5.66606e-15 3.3975e-15 2.03634e-15 1.22e-15 7.30617e-16 4.37368e-16 2.6172e-16 1.56553e-16 9.3611e-17 5.59547e-17 3.34345e-17 1.99712e-17 1.19253e-17 7.11856e-18 4.24793e-18 2.53413e-18 1.51129e-18 9.01026e-19 5.37033e-19 3.19994e-19 1.90617e-19 1.13518e-19 6.75848e-20 4.02274e-20 2.39377e-20 1.42408e-20 8.46996e-21 5.03643e-21 2.99406e-21 1.7795e-21 1.0574e-21 6.28173e-22 3.731e-22 2.21553e-22 1.31534e-22 7.80747e-23 4.63332e-23 2.74908e-23 1.63078e-23 9.6721e-24 5.73539e-24 3.40035e-24 2.0156e-24 1.19455e-24 7.07829e-25 4.19349e-25 2.48398e-25 1.47111e-25 8.71106e-26 5.15732e-26 3.05286e-26 1.80684e-26 1.06921e-26 6.32616e-27 3.7424e-27 2.21357e-27 1.3091e-27 7.74085e-28
2.01359e-05 3.32732e-06 2.11796e-06 1.34219e-06 8.47219e-07 5.3289e-07 3.34109e-07 2.0887e-07 1.3023e-07 8.10004e-08 5.02676e-08 3.11305e-08 1.92419e-08 1.18721e-08 7.31275e-09 4.49729e-09 2.76172e-09 1.69358e-09 1.0372e-09 6.34425e-10 3.87605e-10 2.36545e-10 1.44205e-10 8.78228e-11 5.3434e-11 3.24811e-11 1.9727e-11 1.19709e-11 7.25847e-12 4.39771e-12 2.66248e-12 1.61078e-12 9.73841e-13 5.88373e-13 3.55255e-13 2.14368e-13 1.29278e-13 7.79177e-14 4.69362e-14 2.82583e-14 1.70043e-14 1.0227e-14 6.14795e-15 3.69406e-15 2.21859e-15 1.33185e-15 7.9918e-16 4.79347e-16 2.87393e-16 1.72237e-16 1.03183e-16 6.17911e-17 3.69897e-17 2.2135e-17 1.32411e-17 7.91803e-18 4.73332e-18 2.8286e-18 1.6898e-18 1.00917e-18 6.02506e-19 3.59606e-19 2.14568e-19 1.2799e-19 7.63252e-20 4.55028e-20 2.71201e-20 1.61596e-20 9.62621e-21 5.73284e-21 3.41332e-21 2.03178e-21 1.20913e-21 7.19394e-22 4.27918e-22 2.54481e-22 1.51305e-22 8.99405e-23 5.34521e-23 3.17601e-23 1.88673e-23 1.12059e-23 6.65425e-24 3.95061e-24 2.34502e-24 1.39169e-24 8.25773e-25 4.89888e-25 2.90572e-25 1.72319e-25 1.02173e-25 6.05707e-26 3.59017e-26 2.12762e-26 1.26067e-26 7.46859e-27 4.4239e-27 2.62001e-27 1.55143e-27 9.18531e-28 5.43738e-28
1.15804e-05 1.96411e-06 1.25547e-06 7.98738e-07 5.06042e-07 3.19408e-07 2.00927e-07 1.2601e-07 7.88061e-08 4.91593e-08 3.05937e-08 1.89983e-08 1.17739e-08 7.28309e-09 4.49729e-09 2.77252e-09 1.7066e-09 1.04896e-09 6.43868e-10 3.94707e-10 2.4167e-10 1.47798e-10 9.02898e-11 5.51003e-11 3.3592e-11 2.046e-11 1.24503e-11 7.56966e-12 4.59844e-12 2.79124e-12 1.69298e-12 1.02609e-12 6.21452e-13 3.76127e-13 2.27496e-13 1.37511e-13 8.30681e-14 5.01502e-14 3.02595e-14 1.82477e-14 1.09982e-14 6.62535e-15 3.9891e-15 2.40065e-15 1.44402e-15 8.68199e-16 5.21757e-16 3.1342e-16 1.88192e-16 1.12952e-16 6.7766e-17 4.06405e-17 2.43635e-17 1.46001e-17 8.74613e-18 5.23745e-18 3.13526e-18 1.8762e-18 1.12238e-18 6.71213e-19 4.01275e-19 2.39823e-19 1.43287e-19 8.5584e-20 5.11037e-20 3.05063e-20 1.82056e-20 1.08618e-20 6.47859e-21 3.86319e-21 2.30303e-21 1.3726e-21 8.17863e-22 4.87205e-22 2.90161e-22 1.72768e-22 1.02846e-22 6.1209e-23 3.64205e-23 2.16661e-23 1.28862e-23 7.66257e-24 4.55549e-24 2.70774e-24 1.60913e-24 9.56073e-25 5.67945e-25 3.37317e-25 2.00303e-25 1.18921e-25 7.05909e-26 4.18949e-26 2.48598e-26 1.47488e-26 8.7487e-27 5.18867e-27 3.07678e-27 1.82417e-27 1.08134e-27 6.40903e-28 3.79799e-28
6.65999e-06 1.15864e-06 7.43675e-07 4.74959e-07 3.02005e-07 1.91276e-07 1.20717e-07 7.59423e-08 4.76356e-08 2.98003e-08 1.8597e-08 1.15793e-08 7.19464e-09 4.46159e-09 2.76172e-09 1.7066e-09 1.0529e-09 6.48627e-10 3.99014e-10 2.45132e-10 1.50406e-10 9.21737e-11 5.64229e-11 3.45012e-11 2.10749e-11 1.28608e-11 7.84084e-12 4.77602e-12 2.90666e-12 1.76752e-12 1.07396e-12 6.52053e-13 3.95601e-13 2.39842e-13 1.4531e-13 8.79795e-14 5.32343e-14 3.2191e-14 1.94545e-14 1.17505e-14 7.09333e-15 4.27967e-15 2.58074e-15 1.55545e-15 9.37036e-16 5.64219e-16 3.39576e-16 2.04282e-16 1.22838e-16 7.38328e-17 4.43593e-17 2.66406e-17 1.5993e-17 9.59731e-18 5.75712e-18 3.45224e-18 2.06938e-18 1.24002e-18 7.42793e-19 4.44796e-19 2.66264e-19 1.5934e-19 9.53238e-20 5.70091e-20 3.40845e-20 2.03724e-20 1.21731e-20 7.27178e-21 4.34269e-21 2.59274e-21 1.54754e-21 9.23452e-22 5.50903e-22 3.28569e-22 1.95916e-22 1.16791e-22 6.9606e-23 4.14745e-23 2.47068e-23 1.47148e-23 8.76187e-24 5.21608e-24 3.10455e-24 1.8474e-24 1.09909e-24 6.53762e-25 3.88792e-25 2.31169e-25 1.37423e-25 8.16777e-26 4.85364e-26 2.8837e-26 1.71299e-26 1.01738e-26 6.04131e-27 3.58678e-27 2.12914e-27 1.26366e-27 7.49865e-28 4.44903e-28 2.63923e-28
3.83023e-06 6.83058e-07 4.40215e-07 2.8222e-07 1.80092e-07 1.14447e-07 7.24602e-08 4.57234e-08 2.87642e-08 1.8045e-08 1.12915e-08 7.04889e-09 4.39079e-09 2.72951e-09 1.69358e-09 1.04896e-09 6.48627e-10 4.00457e-10 2.46877e-10 1.51986e-10 9.34458e-11 5.73822e-11 3.51952e-11 2.15627e-11 1.31966e-11 8.06818e-12 4.92798e-12 3.00717e-12 1.83342e-12 1.11685e-12 6.79782e-13 4.13432e-13 2.51252e-13 1.5258e-13 9.25933e-14 5.61523e-14 3.40308e-14 2.06111e-14 1.24757e-14 7.54692e-15 4.56275e-15 2.75704e-15 1.66504e-15 1.00503e-15 6.06337e-16 3.65624e-16 2.20367e-16 1.32757e-16 7.99412e-17 4.81163e-17 2.89486e-17 1.74093e-17 1.04655e-17 6.28872e-18 3.77744e-18 2.26813e-18 1.36138e-18 8.16832e-19 4.89929e-19 2.93754e-19 1.76071e-19 1.05499e-19 6.31933e-20 3.78403e-20 2.26519e-20 1.35557e-20 8.10986e-21 4.85039e-21 2.90013e-21 1.73355e-21 1.03594e-21 6.189e-22 3.69649e-22 2.20723e-22 1.31763e-22 7.86382e-23 4.69209e-23 2.79895e-23 1.66925e-23 9.95284e-24 5.93299e-24 3.53593e-24 2.10687e-24 1.2551e-24 7.47524e-25 4.45125e-25 2.65002e-25 1.57735e-25 9.38686e-26 5.58506e-26 3.32239e-26 1.97602e-26 1.17503e-26 6.98601e-27 4.15269e-27 2.46803e-27 1.46655e-27 8.71296e-28 5.1756e-28 3.07385e-28 1.82529e-28
2.20281e-06 4.02445e-07 2.60414e-07 1.67577e-07 1.07311e-07 6.84216e-08 4.34563e-08 2.75036e-08 1.73519e-08 1.09155e-08 6.84831e-09 4.28608e-09 2.67641e-09 1.66776e-09 1.0372e-09 6.43868e-10 3.99014e-10 2.46877e-10 1.52516e-10 9.40867e-11 5.79636e-11 3.56637e-11 2.19164e-11 1.34527e-11 8.24848e-12 5.05221e-12 3.09139e-12 1.88978e-12 1.15416e-12 7.04276e-13 4.2939e-13 2.61582e-13 1.5923e-13 9.68536e-14 5.88697e-14 3.57573e-14 2.17043e-14 1.31656e-14 7.98115e-15 4.83531e-15 2.9277e-15 1.77166e-15 1.07151e-15 6.47702e-16 3.91317e-16 2.36299e-16 1.4262e-16 8.60383e-17 5.18801e-17 3.12689e-17 1.88379e-17 1.1344e-17 6.82835e-18 4.10855e-18 2.47109e-18 1.48566e-18 8.92864e-19 5.36402e-19 3.22134e-19 1.93388e-19 1.16057e-19 6.96255e-20 4.17561e-20 2.5034e-20 1.50039e-20 8.98961e-21 5.38451e-21 3.2242e-21 1.93006e-21 1.15503e-21 6.9103e-22 4.13313e-22 2.4714e-22 1.47738e-22 8.82937e-23 5.27539e-23 3.15116e-23 1.88183e-23 1.12353e-23 6.70632e-24 4.00205e-24 2.38771e-24 1.42424e-24 8.49349e-25 5.06402e-25 3.01864e-25 1.79901e-25 1.07193e-25 6.38575e-26 3.80337e-26 2.26484e-26 1.34842e-26 8.02648e-27 4.77688e-27 2.84238e-27 1.69099e-27 1.00582e-27 5.98164e-28 3.55668e-28 2.11443e-28 1.25681e-28
1.26686e-06 2.36978e-07 1.53956e-07 9.9438e-08 6.38978e-08 4.08741e-08 2.60404e-08 1.65295e-08 1.04577e-08 6.5963e-09 4.14921e-09 2.60332e-09 1.62955e-09 1.0178e-09 6.34425e-10 3.94707e-10 2.45132e-10 1.51986e-10 9.40867e-11 5.81584e-11 3.58997e-11 2.21307e-11 1.36256e-11 8.37914e-12 5.14696e-12 3.15815e-12 1.93582e-12 1.18542e-12 7.25212e-13 4.43268e-13 2.70701e-13 1.65178e-13 1.00708e-13 6.13535e-14 3.73502e-14 2.27213e-14 1.38125e-14 8.39117e-15 5.09437e-15 3.09091e-15 1.87421e-15 1.13578e-15 6.87901e-16 4.16405e-16 2.51926e-16 1.52336e-16 9.20691e-17 5.56174e-17 3.35815e-17 2.02669e-17 1.22258e-17 7.37181e-18 4.44309e-18 2.67678e-18 1.61199e-18 9.70376e-19 5.83912e-19 3.51228e-19 2.11188e-19 1.26938e-19 7.62707e-20 4.58115e-20 2.7507e-20 1.65107e-20 9.90715e-21 5.94281e-21 3.56369e-21 2.13636e-21 1.28032e-21 7.6707e-22 4.59437e-22 2.75102e-22 1.6468e-22 9.85532e-23 5.89636e-23 3.52682e-23 2.10897e-23 1.2608e-23 7.53557e-24 4.50276e-24 2.68991e-24 1.60655e-24 9.59287e-25 5.7267e-25 3.41793e-25 2.03951e-25 1.21673e-25 7.25721e-26 4.32767e-26 2.58017e-26 1.53799e-26 9.16583e-27 5.46141e-27 3.25351e-27 1.93784e-27 1.15398e-27 6.8707e-28 4.08999e-28 2.43425e-28 1.44854e-28 8.61828e-29
7.28583e-07 1.39468e-07 9.09645e-08 5.89677e-08 3.80214e-08 2.43996e-08 1.5592e-08 9.92585e-09 6.29709e-09 3.98246e-09 2.51142e-09 1.57959e-09 9.91094e-10 6.2045e-10 3.87605e-10 2.4167e-10 1.50406e-10 9.34458e-11 5.79636e-11 3.58997e-11 2.22025e-11 1.37127e-11 8.4583e-12 5.21088e-12 3.20651e-12 1.97093e-12 1.21018e-12 7.4231e-13 4.54884e-13 2.78491e-13 1.70347e-13 1.04108e-13 6.35733e-14 3.87901e-14 2.36502e-14 1.44089e-14 8.77231e-15 5.33703e-15 3.24487e-15 1.97158e-15 1.19719e-15 7.26521e-16 4.40636e-16 2.67095e-16 1.61812e-16 9.79773e-17 5.92944e-17 3.5866e-17 2.1684e-17 1.31035e-17 7.91468e-18 4.7784e-18 2.88363e-18 1.73944e-18 1.04881e-18 6.3213e-19 3.8084e-19 2.29355e-19 1.38073e-19 8.30895e-20 4.99834e-20 3.00573e-20 1.80685e-20 1.08579e-20 6.52269e-21 3.91709e-21 2.35159e-21 1.41131e-21 8.46742e-22 5.07865e-22 3.0452e-22 1.8254e-22 1.0939e-22 6.55351e-23 3.92511e-23 2.35025e-23 1.40689e-23 8.41964e-24 5.03752e-24 3.01322e-24 1.80193e-24 1.07731e-24 6.4393e-25 3.84801e-25 2.29897e-25 1.37319e-25 8.20038e-26 4.896e-26 2.9225e-26 1.74412e-26 1.04065e-26 6.20793e-27 3.70254e-27 2.20783e-27 1.31628e-27 7.84591e-28 4.67581e-28 2.78605e-28 1.65974e-28 9.88581e-29 5.88716e-29
4.19016e-07 8.20377e-08 5.37161e-08 3.49472e-08 2.26093e-08 1.45551e-08 9.32889e-09 5.95565e-09 3.78859e-09 2.40224e-09 1.51869e-09 9.57496e-10 6.02165e-10 3.77819e-10 2.36545e-10 1.47798e-10 9.21737e-11 5.73822e-11 3.56637e-11 2.21307e-11 1.37127e-11 8.48481e-12 5.24307e-12 3.2358e-12 1.99461e-12 1.22811e-12 7.55341e-13 4.64083e-13 2.84849e-13 1.74671e-13 1.0701e-13 6.55013e-14 4.00595e-14 2.44798e-14 1.49475e-14 9.12014e-15 5.56054e-15 3.38786e-15 2.06271e-15 1.25506e-15 7.63156e-16 4.6376e-16 2.81653e-16 1.70955e-16 1.03706e-16 6.28765e-17 3.81014e-17 2.30765e-17 1.39695e-17 8.45233e-18 5.11171e-18 3.08997e-18 1.86701e-18 1.12758e-18 6.80704e-19 4.1076e-19 2.47765e-19 1.49389e-19 9.00383e-20 5.42462e-20 3.267e-20 1.96685e-20 1.18368e-20 7.12115e-21 4.28268e-21 2.57475e-21 1.54743e-21 9.29713e-22 5.58405e-22 3.35286e-22 2.01256e-22 1.20769e-22 7.24492e-23 4.34498e-23 2.60508e-23 1.56147e-23 9.35682e-24 5.60542e-24 3.35718e-24 2.01015e-24 1.2033e-24 7.20133e-25 4.30869e-25 2.57735e-25 1.54134e-25 9.21559e-26 5.5087e-26 3.29214e-26 1.96703e-26 1.17503e-26 7.01768e-27 4.19032e-27 2.50156e-27 1.49309e-27 8.9099e-28 5.31587e-28 3.17096e-28 1.89114e-28 1.12765e-28 6.72267e-29 4.0071e-29
2.4098e-07 4.82322e-08 3.17033e-08 2.06995e-08 1.34362e-08 8.67673e-09 5.57762e-09 3.57076e-09 2.27754e-09 1.44782e-09 9.17549e-10 5.7986e-10 3.65504e-10 2.29837e-10 1.44205e-10 9.02898e-11 5.64229e-11 3.51952e-11 2.19164e-11 1.36256e-11 8.4583e-12 5.24307e-12 3.24561e-12 2.00653e-12 1.23897e-12 7.64127e-13 4.70744e-13 2.89694e-13 1.78094e-13 1.09379e-13 6.71134e-14 4.11427e-14 2.51999e-14 1.54221e-14 9.43057e-15 5.76229e-15 3.51826e-15 2.14658e-15 1.30876e-15 7.97413e-16 4.85535e-16 2.9545e-16 1.79672e-16 1.09198e-16 6.63289e-17 4.02666e-17 2.44316e-17 1.48159e-17 8.98005e-18 5.44018e-18 3.29409e-18 1.99366e-18 1.20605e-18 7.2926e-19 4.40766e-19 2.66286e-19 1.60807e-19 9.707e-20 5.8572e-20 3.53285e-20 2.13008e-20 1.28381e-20 7.73482e-21 4.65846e-21 2.80468e-21 1.68801e-21 1.01559e-21 6.10833e-22 3.67269e-22 2.20754e-22 1.32648e-22 7.96816e-23 4.78505e-23 2.87269e-23 1.72411e-23 1.03447e-23 6.20517e-24 3.72109e-24 2.23085e-24 1.33707e-24 8.01179e-25 4.79947e-25 2.87441e-25 1.72107e-25 1.03025e-25 6.16573e-26 3.68914e-26 2.20681e-26 1.3198e-26 7.8914e-27 4.71742e-27 2.81943e-27 1.68472e-27 1.00647e-27 6.01154e-28 3.5899e-28 2.14335e-28 1.27943e-28 7.63583e-29 4.55631e-29 2.71824e-29
1.3859e-07 2.83436e-08 1.87017e-08 1.22537e-08 7.98004e-09 5.16916e-09 3.33251e-09 2.13933e-09 1.36812e-09 8.71885e-10 5.53887e-10 3.50851e-10 2.21649e-10 1.3968e-10 8.78228e-11 5.51003e-11 3.45012e-11 2.15627e-11 1.34527e-11 8.37914e-12 5.21088e-12 3.2358e-12 2.00653e-12 1.24261e-12 7.6855e-13 4.74776e-13 2.92959e-13 1.80572e-13 1.11183e-13 6.83892e-14 4.20261e-14 2.58018e-14 1.58268e-14 9.69989e-15 5.93994e-15 3.63456e-15 2.22223e-15 1.3577e-15 8.28916e-16 5.05727e-16 3.0834e-16 1.87872e-16 1.14399e-16 6.96175e-17 4.23406e-17 2.57363e-17 1.56349e-17 9.49305e-18 5.76087e-18 3.4942e-18 2.11832e-18 1.28358e-18 7.77408e-19 4.70624e-19 2.84776e-19 1.72243e-19 1.04134e-19 6.2931e-20 3.80151e-20 2.29549e-20 1.38555e-20 8.36e-21 5.04227e-21 3.0401e-21 1.83229e-21 1.10394e-21 6.64891e-22 4.00321e-22 2.40948e-22 1.44976e-22 8.72035e-23 5.24368e-23 3.15214e-23 1.89428e-23 1.13804e-23 6.83507e-24 4.10399e-24 2.46348e-24 1.47834e-24 8.86915e-25 5.31956e-25 3.18975e-25 1.91217e-25 1.14601e-25 6.86662e-26 4.11332e-26 2.46342e-26 1.47497e-26 8.82929e-27 5.2841e-27 3.16169e-27 1.89135e-27 1.13117e-27 6.76385e-28 4.0436e-28 2.41686e-28 1.44426e-28 8.62887e-29 5.15437e-29 3.0783e-29 1.83808e-29
7.97048e-08 1.66485e-08 1.10267e-08 7.25007e-09 4.73682e-09 3.07764e-09 1.98981e-09 1.28084e-09 8.21222e-10 5.2465e-10 3.34088e-10 2.12106e-10 1.34293e-10 8.481e-11 5.3434e-11 3.3592e-11 2.10749e-11 1.31966e-11 8.24848e-12 5.14696e-12 3.20651e-12 1.99461e-12 1.23897e-12 7.6855e-13 4.76127e-13 2.94603e-13 1.82072e-13 1.12398e-13 6.93123e-14 4.26987e-14 2.62779e-14 1.61568e-14 9.92488e-15 6.09137e-15 3.73541e-15 2.28881e-15 1.40133e-15 8.57317e-16 5.24114e-16 3.20186e-16 1.95471e-16 1.19255e-16 7.2709e-17 4.43028e-17 2.69781e-17 1.64186e-17 9.98652e-18 6.07088e-18 3.68854e-18 2.23991e-18 1.35951e-18 8.24749e-19 5.00092e-19 3.0309e-19 1.83609e-19 1.11179e-19 6.72913e-20 4.07108e-20 2.46195e-20 1.48823e-20 8.99269e-21 5.43173e-21 3.2796e-21 1.97944e-21 1.19427e-21 7.20293e-22 4.34273e-22 2.61738e-22 1.57697e-22 9.49816e-23 5.71891e-23 3.44231e-23 2.07134e-23 1.246e-23 7.49301e-24 4.50471e-24 2.70739e-24 1.62672e-24 9.77132e-25 5.86779e-25 3.52273e-25 2.11431e-25 1.26866e-25 7.61046e-26 4.56422e-26 2.73663e-26 1.64043e-26 9.83101e-27 5.89027e-27 3.52834e-27 2.11304e-27 1.26516e-27 7.57338e-28 4.5325e-28 2.71202e-28 1.62239e-28 9.70349e-29 5.80244e-29 3.46901e-29 2.07355e-29 1.23919e-29
4.58391e-08 9.77472e-09 6.49837e-09 4.28744e-09 2.81017e-09 1.83131e-09 1.18735e-09 7.66345e-10 4.926e-10 3.15471e-10 2.01356e-10 1.28124e-10 8.12964e-11 5.1449e-11 3.24811e-11 2.046e-11 1.28608e-11 8.06818e-12 5.05221e-12 3.15815e-12 1.97093e-12 1.22811e-12 7.64127e-13 4.74776e-13 2.94603e-13 1.82574e-13 1.1301e-13 6.9871e-14 4.31519e-14 2.66223e-14 1.64079e-14 1.01028e-14 6.21477e-15 3.81962e-15 2.34553e-15 1.43914e-15 8.82296e-16 5.40494e-16 3.30859e-16 2.02387e-16 1.23713e-16 7.55714e-17 4.61332e-17 2.81445e-17 1.71595e-17 1.04558e-17 6.36728e-18 3.87531e-18 2.35733e-18 1.43318e-18 8.70877e-19 5.28922e-19 3.21078e-19 1.94815e-19 1.18148e-19 7.16201e-20 4.33958e-20 2.62827e-20 1.59114e-20 9.62861e-21 5.82429e-21 3.52167e-21 2.12856e-21 1.28604e-21 7.7672e-22 4.68937e-22 2.83015e-22 1.70746e-22 1.02978e-22 6.20854e-23 3.7419e-23 2.25452e-23 1.35794e-23 8.17651e-24 4.9218e-24 2.96176e-24 1.78175e-24 1.07156e-24 6.44268e-25 3.87252e-25 2.32702e-25 1.39795e-25 8.39587e-26 5.04112e-26 3.02606e-26 1.81601e-26 1.08956e-26 6.53548e-27 3.91922e-27 2.34974e-27 1.40844e-27 8.44025e-28 5.0568e-28 3.029e-28 1.81396e-28 1.08608e-28 6.50137e-29 3.89095e-29 2.32818e-29 1.3928e-29 8.33058e-30
2.63625e-08 5.73657e-09 3.82796e-09 2.53421e-09 1.66629e-09 1.08909e-09 7.08092e-10 4.58224e-10 2.95281e-10 1.89558e-10 1.21267e-10 7.73343e-11 4.91743e-11 3.11845e-11 1.9727e-11 1.24503e-11 7.84084e-12 4.92798e-12 3.09139e-12 1.93582e-12 1.21018e-12 7.55341e-13 4.70744e-13 2.92959e-13 1.82072e-13 1.1301e-13 7.0058e-14 4.33799e-14 2.68307e-14 1.65771e-14 1.02315e-14 6.30866e-15 3.88619e-15 2.39174e-15 1.47069e-15 9.03568e-16 5.54684e-16 3.40241e-16 2.08544e-16 1.27728e-16 7.81747e-17 4.7813e-17 2.92237e-17 1.78501e-17 1.08962e-17 6.64726e-18 4.05277e-18 2.46951e-18 1.50392e-18 9.15385e-19 5.56866e-19 3.38589e-19 2.05767e-19 1.24987e-19 7.58832e-20 4.60494e-20 2.79321e-20 1.69351e-20 1.02633e-20 6.21724e-21 3.76468e-21 2.27868e-21 1.37869e-21 8.33831e-22 5.0411e-22 3.04657e-22 1.84051e-22 1.1115e-22 6.7101e-23 4.04948e-23 2.443e-23 1.47334e-23 8.88265e-24 5.35358e-24 3.2256e-24 1.94287e-24 1.16989e-24 7.04239e-25 4.23807e-25 2.54972e-25 1.53354e-25 9.22103e-26 5.543e-26 3.33116e-26 2.00139e-26 1.20215e-26 7.21891e-27 4.3339e-27 2.60123e-27 1.5609e-27 9.36411e-28 5.61639e-28 3.36781e-28 2.01902e-28 1.21014e-28 7.25161e-29 4.3445e-29 2.60227e-29 1.55838e-29 9.33046e-30 5.58527e-30
1.51614e-08 3.36532e-09 2.25394e-09 1.49722e-09 9.87529e-10 6.47339e-10 4.22037e-10 2.73821e-10 1.76888e-10 1.13823e-10 7.29819e-11 4.66433e-11 2.97213e-11 1.88865e-11 1.19709e-11 7.56966e-12 4.77602e-12 3.00717e-12 1.88978e-12 1.18542e-12 7.4231e-13 4.64083e-13 2.89694e-13 1.80572e-13 1.12398e-13 6.9871e-14 4.33799e-14 2.69004e-14 1.66622e-14 1.03093e-14 6.37189e-15 3.93432e-15 2.42688e-15 1.49563e-15 9.2089e-16 5.66522e-16 3.48227e-16 2.13874e-16 1.31255e-16 8.04913e-17 4.93246e-17 3.02046e-17 1.84836e-17 1.13034e-17 6.90806e-18 4.21921e-18 2.57539e-18 1.57108e-18 9.5787e-19 5.83676e-19 3.55469e-19 2.16373e-19 1.31638e-19 8.00461e-20 4.86505e-20 2.95548e-20 1.79459e-20 1.0892e-20 6.60776e-21 4.00695e-21 2.42879e-21 1.47158e-21 8.9126e-22 5.39574e-22 3.26535e-22 1.97535e-22 1.19452e-22 7.22085e-23 4.36342e-23 2.6358e-23 1.59166e-23 9.60818e-24 5.79814e-24 3.49781e-24 2.10943e-24 1.27174e-24 7.66475e-25 4.61815e-25 2.78169e-25 1.67504e-25 1.00836e-25 6.06855e-26 3.65119e-26 2.19617e-26 1.32063e-26 7.93935e-27 4.77172e-27 2.86718e-27 1.72237e-27 1.03441e-27 6.21086e-28 3.72827e-28 2.23749e-28 1.3425e-28 8.05324e-29 4.82979e-29 2.89594e-29 1.73603e-29 1.04047e-29 6.23465e-30 3.73511e-30
8.71946e-09 1.97348e-09 1.32659e-09 8.84163e-10 5.84978e-10 3.8457e-10 2.51403e-10 1.63532e-10 1.05899e-10 6.83023e-11 4.38925e-11 2.81123e-11 1.79504e-11 1.14295e-11 7.25847e-12 4.59844e-12 2.90666e-12 1.83342e-12 1.15416e-12 7.25212e-13 4.54884e-13 2.84849e-13 1.78094e-13 1.11183e-13 6.93123e-14 4.31519e-14 2.68307e-14 1.66622e-14 1.03353e-14 6.4037e-15 3.96343e-15 2.45055e-15 1.51365e-15 9.34061e-16 5.75873e-16 3.54728e-16 2.1832e-16 1.34257e-16 8.24961e-17 5.06521e-17 3.1077e-17 1.90532e-17 1.16734e-17 7.14711e-18 4.37301e-18 2.67395e-18 1.63403e-18 9.9794e-19 6.0911e-19 3.7157e-19 2.26541e-19 1.38044e-19 8.4074e-20 5.11781e-20 3.11379e-20 1.89358e-20 1.15099e-20 6.99296e-21 4.24671e-21 2.57782e-21 1.5641e-21 9.48621e-22 5.75098e-22 3.4851e-22 2.11114e-22 1.27836e-22 7.73786e-23 4.68198e-23 2.83191e-23 1.71228e-23 1.03495e-23 6.25335e-24 3.77712e-24 2.28069e-24 1.37667e-24 8.30725e-25 5.01128e-25 3.02209e-25 1.82194e-25 1.09808e-25 6.61616e-26 3.98524e-26 2.39984e-26 1.44474e-26 8.69516e-27 5.2318e-27 3.1471e-27 1.89259e-27 1.13787e-27 6.83945e-28 4.11e-28 2.4692e-28 1.48309e-28 8.9059e-29 5.34671e-29 3.20919e-29 1.92578e-29 1.15537e-29 6.93016e-30 4.15594e-30 2.49175e-30
5.01466e-09 1.15685e-09 7.80473e-10 5.21905e-10 3.46361e-10 2.28351e-10 1.49679e-10 9.76096e-11 6.3362e-11 4.09609e-11 2.63804e-11 1.69319e-11 1.08335e-11 6.9116e-12 4.39771e-12 2.79124e-12 1.76752e-12 1.11685e-12 7.04276e-13 4.43268e-13 2.78491e-13 1.74671e-13 1.09379e-13 6.83892e-14 4.26987e-14 2.66223e-14 1.65771e-14 1.03093e-14 6.4037e-15 3.97317e-15 2.46245e-15 1.52455e-15 9.42928e-16 5.82631e-16 3.59669e-16 2.21831e-16 1.36699e-16 8.41674e-17 5.17811e-17 3.18317e-17 1.95533e-17 1.20022e-17 7.36199e-18 4.51263e-18 2.76424e-18 1.69215e-18 1.03522e-18 6.32932e-19 3.86745e-19 2.36179e-19 1.4415e-19 8.79324e-20 5.36107e-20 3.26685e-20 1.98969e-20 1.21123e-20 7.36986e-21 4.48215e-21 2.72467e-21 1.65557e-21 1.00551e-21 6.10439e-22 3.70437e-22 2.24702e-22 1.36247e-22 8.25798e-23 5.00327e-23 3.03019e-23 1.83453e-23 1.11025e-23 6.71684e-24 4.06216e-24 2.45584e-24 1.48421e-24 8.96706e-25 5.41581e-25 3.26993e-25 1.97369e-25 1.19093e-25 7.18393e-26 4.33222e-26 2.61175e-26 1.57409e-26 9.48431e-27 5.71296e-27 3.44032e-27 2.07119e-27 1.2466e-27 7.50107e-28 4.5124e-28 2.71384e-28 1.63174e-28 9.80877e-29 5.89486e-29 3.54185e-29 2.12758e-29 1.27774e-29 7.67183e-30 4.60532e-30 2.76392e-30 1.65843e-30
2.88398e-09 6.77899e-10 4.58998e-10 3.07943e-10 2.04985e-10 1.35526e-10 8.90701e-11 5.82303e-11 3.78894e-11 2.45495e-11 1.58452e-11 1.01913e-11 6.53381e-12 4.17657e-12 2.66248e-12 1.69298e-12 1.07396e-12 6.79782e-13 4.2939e-13 2.70701e-13 1.70347e-13 1.0701e-13 6.71134e-14 4.20261e-14 2.62779e-14 1.64079e-14 1.02315e-14 6.37189e-15 3.96343e-15 2.46245e-15 1.5282e-15 9.47388e-16 5.86718e-16 3.62996e-16 2.24368e-16 1.38555e-16 8.54868e-17 5.26995e-17 3.24606e-17 1.99784e-17 1.22866e-17 7.5505e-18 4.63669e-18 2.84536e-18 1.7449e-18 1.06934e-18 6.54917e-19 4.00853e-19 2.45201e-19 1.499e-19 9.15873e-20 5.59275e-20 3.41334e-20 2.08211e-20 1.26942e-20 7.73547e-21 4.71146e-21 2.86824e-21 1.74531e-21 1.06152e-21 6.45347e-22 3.92164e-22 2.38208e-22 1.44631e-22 8.7779e-23 5.32531e-23 3.22945e-23 1.9577e-23 1.18631e-23 7.18609e-24 4.35139e-24 2.63397e-24 1.59383e-24 9.64102e-25 5.82988e-25 3.52414e-25 2.12965e-25 1.28654e-25 7.76969e-26 4.69085e-26 2.83119e-26 1.70827e-26 1.03043e-26 6.21381e-27 3.74606e-27 2.25773e-27 1.36035e-27 8.1943e-28 4.93469e-28 2.97095e-28 1.78822e-28 1.07606e-28 6.47357e-29 3.89356e-29 2.34123e-29 1.40747e-29 8.45931e-30 5.08312e-30 3.0537e-30 1.83411e-30 1.10136e-30
1.65861e-09 3.97104e-10 2.69838e-10 1.81625e-10 1.21264e-10 8.03974e-11 5.29772e-11 3.472e-11 2.26447e-11 1.4705e-11 9.51153e-12 6.13024e-12 3.93801e-12 2.52211e-12 1.61078e-12 1.02609e-12 6.52053e-13 4.13432e-13 2.61582e-13 1.65178e-13 1.04108e-13 6.55013e-14 4.11427e-14 2.58018e-14 1.61568e-14 1.01028e-14 6.30866e-15 3.93432e-15 2.45055e-15 1.52455e-15 9.47388e-16 5.88085e-16 3.64668e-16 2.25901e-16 1.39804e-16 8.64399e-17 5.33973e-17 3.29569e-17 2.03241e-17 1.25234e-17 7.71072e-18 4.74392e-18 2.91649e-18 1.79174e-18 1.09999e-18 6.74856e-19 4.13762e-19 2.53522e-19 1.55244e-19 9.50062e-20 5.81082e-20 3.55203e-20 2.17008e-20 1.32508e-20 8.08682e-21 4.93279e-21 3.0074e-21 1.83264e-21 1.11624e-21 6.79568e-22 4.13535e-22 2.51535e-22 1.52931e-22 9.29415e-23 5.64601e-23 3.42844e-23 2.08103e-23 1.26267e-23 7.65837e-24 4.64321e-24 2.81411e-24 1.70493e-24 1.03257e-24 6.25146e-25 3.78351e-25 2.28909e-25 1.38449e-25 8.37096e-26 5.05969e-26 3.05729e-26 1.84679e-26 1.11524e-26 6.73269e-27 4.06335e-27 2.45164e-27 1.47879e-27 8.91733e-28 5.37584e-28 3.23998e-28 1.95219e-28 1.17596e-28 7.08188e-29 4.2638e-29 2.56648e-29 1.54445e-29 9.29188e-30 5.58896e-30 3.36092e-30 2.02062e-30 1.21454e-30 7.29867e-31
9.53883e-10 2.32541e-10 1.58577e-10 1.07081e-10 7.17066e-11 4.76727e-11 3.14949e-11 2.06915e-11 1.35266e-11 8.80328e-12 5.70624e-12 3.68519e-12 2.37198e-12 1.52202e-12 9.73841e-13 6.21452e-13 3.95601e-13 2.51252e-13 1.5923e-13 1.00708e-13 6.35733e-14 4.00595e-14 2.51999e-14 1.58268e-14 9.92488e-15 6.21477e-15 3.88619e-15 2.42688e-15 1.51365e-15 9.42928e-16 5.86718e-16 3.64668e-16 2.26414e-16 1.40432e-16 8.7016e-17 5.38668e-17 3.33154e-17 2.05867e-17 1.27103e-17 7.84096e-18 4.83321e-18 2.97692e-18 1.83221e-18 1.12685e-18 6.92555e-19 4.25349e-19 2.61065e-19 1.6013e-19 9.8158e-20 6.01332e-20 3.68167e-20 2.25282e-20 1.37773e-20 8.42098e-21 5.14435e-21 3.14103e-21 1.91687e-21 1.16923e-21 7.12843e-22 4.34394e-22 2.6459e-22 1.61089e-22 9.80318e-23 5.96321e-23 3.62585e-23 2.20374e-23 1.33885e-23 8.13081e-24 4.9359e-24 2.99524e-24 1.81692e-24 1.10174e-24 6.67835e-25 4.04673e-25 2.45126e-25 1.48432e-25 8.98502e-26 5.43712e-26 3.28912e-26 1.98908e-26 1.20252e-26 7.26769e-27 4.39108e-27 2.65228e-27 1.60155e-27 9.66801e-28 5.83462e-28 3.52021e-28 2.12327e-28 1.28034e-28 7.71851e-29 4.65187e-29 2.80292e-29 1.68844e-29 1.01684e-29 6.12226e-30 3.68526e-30 2.21779e-30 1.33436e-30 8.02646e-31 4.827e-31
