0.626109 0.0154723 0.0122857 0.00975536 0.00774617 0.00615079 0.00488399 0.0038781 0.00307937 0.00244515 0.00194156 0.00154168 0.00122416 0.000972033 0.000771836 0.000612871 0.000486645 0.000386417 0.000306832 0.000243637 0.000193458 0.000153614 0.000121976 9.68543e-05 7.69064e-05 6.1067e-05 4.84898e-05 3.8503e-05 3.0573e-05 2.42763e-05 1.92764e-05 1.53063e-05 1.21538e-05 9.65065e-06 7.66303e-06 6.08477e-06 4.83157e-06 3.83647e-06 3.04632e-06 2.41891e-06 1.92072e-06 1.52513e-06 1.21102e-06 9.616e-07 7.63551e-07 6.06292e-07 4.81422e-07 3.82269e-07 3.03538e-07 2.41022e-07 1.91382e-07 1.51965e-07 1.20667e-07 9.58147e-08 7.6081e-08 6.04115e-08 4.79693e-08 3.80897e-08 3.02448e-08 2.40157e-08 1.90695e-08 1.5142e-08 1.20234e-08 9.54707e-09 7.58078e-09 6.01946e-09 4.77971e-09 3.79529e-09 3.01362e-09 2.39294e-09 1.9001e-09 1.50876e-09 1.19802e-09 9.51279e-10 7.55356e-10 5.99785e-10 4.76255e-10 3.78166e-10 3.0028e-10 2.38435e-10 1.89328e-10 1.50334e-10 1.19372e-10 9.47863e-11 7.52644e-11 5.97631e-11 4.74544e-11 3.76809e-11 2.99202e-11 2.37579e-11 1.88648e-11 1.49794e-11 1.18943e-11 9.4446e-12 7.49941e-12 5.95485e-12 4.72841e-12 3.75456e-12 2.98128e-12 2.36726e-12 1.87971e-12
0.0154723 0.00450245 0.00378139 0.00316636 0.00264427 0.00220292 0.00183121 0.00151916 0.00125798 0.00103994 0.000858348 0.000707447 0.000582294 0.000478685 0.000393054 0.000322391 0.000264162 0.000216243 0.000176857 0.000144522 0.000118005 9.62796e-05 7.84979e-05 6.39566e-05 5.20754e-05 4.23753e-05 3.44618e-05 2.80106e-05 2.27548e-05 1.84759e-05 1.49942e-05 1.2163e-05 9.862e-06 7.99286e-06 6.47532e-06 5.24383e-06 4.24494e-06 3.43507e-06 2.77873e-06 2.24704e-06 1.81649e-06 1.46798e-06 1.18597e-06 9.57851e-07 7.73393e-07 6.24285e-07 5.03791e-07 4.06449e-07 3.27834e-07 2.6436e-07 2.13126e-07 1.71783e-07 1.38428e-07 1.11527e-07 8.98342e-08 7.23463e-08 5.82514e-08 4.68935e-08 3.77432e-08 3.03729e-08 2.44375e-08 1.96586e-08 1.58116e-08 1.27154e-08 1.02238e-08 8.21921e-09 6.60664e-09 5.30967e-09 4.2667e-09 3.42811e-09 2.75397e-09 2.2121e-09 1.77661e-09 1.42668e-09 1.14552e-09 9.19662e-10 7.38246e-10 5.92548e-10 4.75549e-10 3.81609e-10 3.06192e-10 2.45654e-10 1.97063e-10 1.58068e-10 1.26776e-10 1.01669e-10 8.15263e-11 6.53679e-11 5.24072e-11 4.20124e-11 3.36763e-11 2.69919e-11 2.16324e-11 1.73356e-11 1.38911e-11 1.11301e-11 8.91716e-12 7.14364e-12 5.7224e-12 4.58357e-12 3.67111e-12
0.0122857 0.00378139 0.00322638 0.00274233 0.002323 0.0019618 0.00165223 0.00138805 0.00116347 0.000973208 0.000812513 0.000677163 0.000563446 0.00046812 0.000388377 0.000321797 0.000266306 0.000220131 0.000181766 0.000149935 0.00012356 0.000101733 8.36898e-05 6.87908e-05 5.65006e-05 4.63721e-05 3.80327e-05 3.11722e-05 2.5533e-05 2.09013e-05 1.70997e-05 1.39818e-05 1.14263e-05 9.33311e-06 7.61959e-06 6.21771e-06 5.07144e-06 4.13466e-06 3.3695e-06 2.74481e-06 2.23506e-06 1.81928e-06 1.48029e-06 1.20404e-06 9.7901e-07 7.95767e-07 6.46613e-07 5.2525e-07 4.26535e-07 3.4627e-07 2.81029e-07 2.28015e-07 1.84952e-07 1.49983e-07 1.21594e-07 9.85533e-08 7.98594e-08 6.4696e-08 5.23997e-08 4.24309e-08 3.4351e-08 2.78038e-08 2.24997e-08 1.82038e-08 1.47251e-08 1.19089e-08 9.62946e-09 7.78486e-09 6.29247e-09 5.08526e-09 4.10894e-09 3.3195e-09 2.68128e-09 2.16542e-09 1.74852e-09 1.41167e-09 1.13953e-09 9.19718e-10 7.42197e-10 5.98854e-10 4.83126e-10 3.89709e-10 3.14311e-10 2.53467e-10 2.04374e-10 1.64768e-10 1.32821e-10 1.07055e-10 8.62761e-11 6.95222e-11 5.60151e-11 4.5127e-11 3.63511e-11 2.92786e-11 2.35795e-11 1.89877e-11 1.52884e-11 1.23086e-11 9.90852e-12 7.97563e-12 6.41914e-12
0.00975536 0.00316636 0.00274233 0.00236383 0.00202904 0.00173521 0.001479 0.00125684 0.00106517 0.000900494 0.000759563 0.000639361 0.000537153 0.000450485 0.000377182 0.000315323 0.000263233 0.000219455 0.000182728 0.000151967 0.000126245 0.000104766 8.6855e-05 7.19383e-05 5.95301e-05 4.92202e-05 4.06629e-05 3.35674e-05 2.76896e-05 2.28249e-05 1.88022e-05 1.54784e-05 1.27343e-05 1.04704e-05 8.6041e-06 7.06654e-06 5.80067e-06 4.75912e-06 3.90267e-06 3.19882e-06 2.6207e-06 2.14612e-06 1.75672e-06 1.43737e-06 1.17561e-06 9.61136e-07 7.85495e-07 6.41715e-07 5.24066e-07 4.27838e-07 3.49161e-07 2.8486e-07 2.32326e-07 1.89422e-07 1.54394e-07 1.25807e-07 1.02483e-07 8.34603e-08 6.795e-08 5.53074e-08 4.50054e-08 3.66131e-08 2.97783e-08 2.42136e-08 1.96841e-08 1.59983e-08 1.29996e-08 1.05607e-08 8.57756e-09 6.96532e-09 5.65495e-09 4.59016e-09 3.72513e-09 3.02253e-09 2.45198e-09 1.98876e-09 1.61275e-09 1.3076e-09 1.06e-09 8.59139e-10 6.96219e-10 5.641e-10 4.56978e-10 3.70139e-10 2.99755e-10 2.42717e-10 1.96503e-10 1.59064e-10 1.28739e-10 1.04181e-10 8.42951e-11 6.81956e-11 5.51634e-11 4.46156e-11 3.60799e-11 2.91733e-11 2.35859e-11 1.90661e-11 1.54105e-11 1.24543e-11 1.0064e-11
0.00774617 0.00264427 0.002323 0.00202904 0.0017634 0.00152578 0.00131499 0.00112935 0.00096685 0.000825359 0.000702735 0.000596899 0.000505889 0.000427886 0.00036123 0.000304426 0.000256137 0.000215179 0.000180513 0.000151229 0.000126536 0.000105749 8.82769e-05 7.36131e-05 6.1323e-05 5.10356e-05 4.24352e-05 3.52532e-05 2.92624e-05 2.42702e-05 2.01144e-05 1.6658e-05 1.37859e-05 1.14013e-05 9.42306e-06 7.78323e-06 6.42491e-06 5.30058e-06 4.37057e-06 3.6018e-06 2.9667e-06 2.44237e-06 2.00973e-06 1.65295e-06 1.35888e-06 1.11664e-06 9.1719e-07 7.5305e-07 6.18035e-07 5.07029e-07 4.15801e-07 3.40862e-07 2.79328e-07 2.28821e-07 1.87383e-07 1.53398e-07 1.25536e-07 1.02702e-07 8.39958e-08 6.86758e-08 5.61335e-08 4.58686e-08 3.74702e-08 3.06012e-08 2.49847e-08 2.03937e-08 1.66421e-08 1.35771e-08 1.1074e-08 9.03013e-09 7.36177e-09 6.00026e-09 4.88945e-09 3.9834e-09 3.24454e-09 2.64217e-09 2.15118e-09 1.75107e-09 1.4251e-09 1.15957e-09 9.43341e-10 7.67285e-10 6.2397e-10 5.0733e-10 4.1242e-10 3.35206e-10 2.72401e-10 2.21325e-10 1.79796e-10 1.46035e-10 1.18595e-10 9.62947e-11 7.81757e-11 6.34561e-11 5.15003e-11 4.17908e-11 3.39068e-11 2.75062e-11 2.23106e-11 1.80939e-11 1.46721e-11
0.00615079 0.00220292 0.0019618 0.00173521 0.00152578 0.00133474 0.00116233 0.00100811 0.000871201 0.000750427 0.000644483 0.000552001 0.00047162 0.000402025 0.000341977 0.00029033 0.000246034 0.000208143 0.000175807 0.000148272 0.000124875 0.00010503 8.82289e-05 7.40273e-05 6.20419e-05 5.19415e-05 4.34412e-05 3.62969e-05 3.02995e-05 2.52708e-05 2.10588e-05 1.75347e-05 1.4589e-05 1.21291e-05 1.00768e-05 8.36594e-06 6.94097e-06 5.75503e-06 4.76878e-06 3.94919e-06 3.26859e-06 2.70377e-06 2.23535e-06 1.84713e-06 1.52555e-06 1.25935e-06 1.0391e-06 8.56982e-07 7.06464e-07 5.8213e-07 4.79475e-07 3.94761e-07 3.24885e-07 2.67273e-07 2.19794e-07 1.80683e-07 1.48477e-07 1.2197e-07 1.0016e-07 8.22231e-08 6.74761e-08 5.53565e-08 4.53995e-08 3.72222e-08 3.05087e-08 2.49988e-08 2.04781e-08 1.67703e-08 1.37301e-08 1.1238e-08 9.19588e-09 7.5229e-09 6.15273e-09 5.03088e-09 4.11259e-09 3.36112e-09 2.74633e-09 2.24348e-09 1.83229e-09 1.49614e-09 1.22139e-09 9.96888e-10 8.13482e-10 6.63684e-10 5.41362e-10 4.41498e-10 3.59986e-10 2.93467e-10 2.39195e-10 1.94924e-10 1.58818e-10 1.29377e-10 1.05375e-10 8.58113e-11 6.98678e-11 5.68771e-11 4.62941e-11 3.76742e-11 3.06545e-11 2.49387e-11 2.02856e-11
0.00488399 0.00183121 0.00165223 0.001479 0.00131499 0.00116233 0.00102212 0.00089473 0.000780043 0.000677577 0.000586628 0.000506363 0.000435879 0.00037426 0.000320604 0.000274049 0.000233784 0.000199063 0.000169202 0.000143585 0.000121659 0.000102932 8.69677e-05 7.33844e-05 6.18466e-05 5.2062e-05 4.37767e-05 3.67711e-05 3.08555e-05 2.58666e-05 2.16643e-05 1.81287e-05 1.51573e-05 1.26627e-05 1.05703e-05 8.81708e-06 7.34933e-06 6.12164e-06 5.09561e-06 4.2388e-06 3.52384e-06 2.92771e-06 2.431e-06 2.01741e-06 1.67327e-06 1.38709e-06 1.14927e-06 9.51739e-07 7.87778e-07 6.51755e-07 5.3897e-07 4.45503e-07 3.68084e-07 3.03991e-07 2.50954e-07 2.07087e-07 1.70821e-07 1.40852e-07 1.16097e-07 9.56586e-08 7.87901e-08 6.48736e-08 5.3397e-08 4.39361e-08 3.61398e-08 2.97175e-08 2.44289e-08 2.00754e-08 1.64928e-08 1.35456e-08 1.11219e-08 9.12932e-09 7.49167e-09 6.14614e-09 5.04094e-09 4.13342e-09 3.38841e-09 2.777e-09 2.27536e-09 1.86389e-09 1.52647e-09 1.24984e-09 1.02312e-09 8.37331e-10 6.85133e-10 5.60479e-10 4.58407e-10 3.74847e-10 3.06455e-10 2.50492e-10 2.04708e-10 1.67259e-10 1.36635e-10 1.11597e-10 9.11306e-11 7.44039e-11 6.07363e-11 4.95707e-11 4.04507e-11 3.30029e-11 2.69218e-11
0.0038781 0.00151916 0.00138805 0.00125684 0.00112935 0.00100811 0.00089473 0.000790085 0.000694545 0.000608101 0.000530484 0.000461249 0.000399845 0.00034566 0.000298059 0.000256409 0.000220099 0.000188547 0.000161212 0.000137595 0.000117242 9.97423e-05 8.4729e-05 7.18746e-05 6.08894e-05 5.15182e-05 4.3537e-05 3.67502e-05 3.09876e-05 2.61015e-05 2.19639e-05 1.84647e-05 1.55087e-05 1.30146e-05 1.09124e-05 9.1423e-06 7.65339e-06 6.40215e-06 5.3516e-06 4.47031e-06 3.73163e-06 3.11297e-06 2.59525e-06 2.1623e-06 1.80051e-06 1.4984e-06 1.24628e-06 1.03603e-06 8.6079e-07 7.1483e-07 5.93325e-07 4.92236e-07 4.08178e-07 3.38321e-07 2.80294e-07 2.32119e-07 1.92143e-07 1.58986e-07 1.31498e-07 1.0872e-07 8.9853e-08 7.42324e-08 6.13049e-08 5.06107e-08 4.17674e-08 3.44575e-08 2.84175e-08 2.34285e-08 1.93093e-08 1.59093e-08 1.31039e-08 1.079e-08 8.88204e-09 7.30935e-09 6.01343e-09 4.94589e-09 4.06676e-09 3.343e-09 2.74733e-09 2.25721e-09 1.85406e-09 1.52254e-09 1.24999e-09 1.02598e-09 8.41918e-10 6.90717e-10 5.66541e-10 4.64585e-10 3.80894e-10 3.12211e-10 2.55859e-10 2.09633e-10 1.71724e-10 1.40642e-10 1.15162e-10 9.42802e-11 7.71697e-11 6.31524e-11 5.16716e-11 4.227e-11 3.45728e-11
0.00307937 0.00125798 0.00116347 0.00106517 0.00096685 0.000871201 0.000780043 0.000694545 0.000615378 0.00054284 0.000476961 0.000417578 0.000364398 0.000317043 0.000275085 0.000238075 0.000205561 0.000177099 0.000152267 0.000130667 0.00011193 9.57187e-05 8.17249e-05 6.96721e-05 5.93123e-05 5.04248e-05 4.2814e-05 3.63075e-05 3.0754e-05 2.60209e-05 2.19929e-05 1.85695e-05 1.56636e-05 1.32002e-05 1.11141e-05 9.34965e-06 7.85875e-06 6.6003e-06 5.53908e-06 4.64502e-06 3.89246e-06 3.25955e-06 2.72771e-06 2.28116e-06 1.90651e-06 1.59241e-06 1.32927e-06 1.10898e-06 9.24672e-07 7.70578e-07 6.41823e-07 5.34307e-07 4.44579e-07 3.69739e-07 3.07351e-07 2.55372e-07 2.12089e-07 1.76064e-07 1.46095e-07 1.21177e-07 1.00468e-07 8.32645e-08 6.898e-08 5.71244e-08 4.72887e-08 3.91323e-08 3.23711e-08 2.67688e-08 2.21285e-08 1.82864e-08 1.51065e-08 1.24755e-08 1.02995e-08 8.50045e-09 7.0135e-09 5.78494e-09 4.7702e-09 3.93233e-09 3.24072e-09 2.67001e-09 2.19922e-09 1.81096e-09 1.49085e-09 1.22701e-09 1.00961e-09 8.30524e-10 6.83037e-10 5.61607e-10 4.61656e-10 3.79406e-10 3.11739e-10 2.56083e-10 2.10317e-10 1.72693e-10 1.41769e-10 1.16358e-10 9.54818e-11 7.83353e-11 6.4255e-11 5.26951e-11 4.32065e-11
0.00244515 0.00103994 0.000973208 0.000900494 0.000825359 0.000750427 0.000677577 0.000608101 0.00054284 0.000482281 0.000426653 0.000375988 0.00033018 0.000289026 0.000252257 0.00021957 0.000190638 0.000165133 0.000142728 0.000123112 0.00010599 9.10846e-05 7.81431e-05 6.69331e-05 5.72445e-05 4.88881e-05 4.16945e-05 3.55133e-05 3.0211e-05 2.567e-05 2.1787e-05 1.84713e-05 1.5644e-05 1.32363e-05 1.11885e-05 9.44883e-06 7.97261e-06 6.7213e-06 5.66173e-06 4.76543e-06 4.00795e-06 3.36839e-06 2.82885e-06 2.3741e-06 1.99111e-06 1.66883e-06 1.39783e-06 1.17012e-06 9.7892e-07 8.18493e-07 6.83973e-07 5.7125e-07 4.76851e-07 3.97847e-07 3.31764e-07 2.76523e-07 2.30369e-07 1.9183e-07 1.59665e-07 1.32834e-07 1.10465e-07 9.18231e-08 7.6296e-08 6.33688e-08 5.26112e-08 4.36629e-08 3.62229e-08 3.00395e-08 2.49026e-08 2.06368e-08 1.70958e-08 1.41576e-08 1.17204e-08 9.69964e-09 8.0247e-09 6.6369e-09 5.48741e-09 4.53563e-09 3.74783e-09 3.09596e-09 2.55673e-09 2.11083e-09 1.74222e-09 1.43758e-09 1.1859e-09 9.78018e-10 8.06371e-10 6.64681e-10 5.47751e-10 4.5128e-10 3.71711e-10 3.06098e-10 2.52008e-10 2.07428e-10 1.70696e-10 1.40437e-10 1.15517e-10 9.4998e-11 7.81072e-11 6.42061e-11 5.27682e-11
0.00194156 0.000858348 0.000812513 0.000759563 0.000702735 0.000644483 0.000586628 0.000530484 0.000476961 0.000426653 0.00037991 0.000336897 0.000297638 0.000262057 0.000230009 0.000201298 0.000175702 0.00015298 0.00013289 0.000115188 9.96432e-05 8.6032e-05 7.4147e-05 6.37959e-05 5.48019e-05 4.70044e-05 4.02584e-05 3.44332e-05 2.94124e-05 2.50924e-05 2.13813e-05 1.81984e-05 1.54723e-05 1.31408e-05 1.11494e-05 9.45063e-06 8.00323e-06 6.77142e-06 5.72425e-06 4.83498e-06 4.08057e-06 3.44119e-06 2.8998e-06 2.44181e-06 2.0547e-06 1.72778e-06 1.45191e-06 1.2193e-06 1.02331e-06 8.58309e-07 7.19486e-07 6.0277e-07 5.04705e-07 4.22364e-07 3.5327e-07 2.95326e-07 2.46762e-07 2.06083e-07 1.72027e-07 1.43532e-07 1.19702e-07 9.97846e-08 8.31447e-08 6.92501e-08 5.76535e-08 4.79793e-08 3.99126e-08 3.31891e-08 2.75877e-08 2.29231e-08 1.90403e-08 1.58094e-08 1.31222e-08 1.0888e-08 9.03111e-09 7.48844e-09 6.20726e-09 5.14363e-09 4.26093e-09 3.52862e-09 2.92129e-09 2.41777e-09 2.00046e-09 1.6547e-09 1.36832e-09 1.13119e-09 9.34898e-10 7.72463e-10 6.38083e-10 5.26944e-10 4.35052e-10 3.59094e-10 2.96326e-10 2.4447e-10 2.0164e-10 1.66275e-10 1.37081e-10 1.12986e-10 9.31062e-11 7.67071e-11 6.31826e-11
0.00154168 0.000707447 0.000677163 0.000639361 0.000596899 0.000552001 0.000506363 0.000461249 0.000417578 0.000375988 0.000336897 0.00030055 0.000267063 0.00023645 0.000208654 0.000183564 0.000161036 0.000140904 0.000122989 0.000107107 9.30771e-05 8.07231e-05 6.98769e-05 6.03803e-05 5.20865e-05 4.48601e-05 3.85778e-05 3.31275e-05 2.84081e-05 2.43291e-05 2.08097e-05 1.77781e-05 1.51707e-05 1.29314e-05 1.10111e-05 9.36633e-06 7.9595e-06 6.7576e-06 5.73198e-06 4.85776e-06 4.1134e-06 3.48024e-06 2.94222e-06 2.48547e-06 2.09807e-06 1.76978e-06 1.49182e-06 1.25666e-06 1.05788e-06 8.89975e-07 7.48255e-07 6.28724e-07 5.27977e-07 4.43121e-07 3.71697e-07 3.11616e-07 2.61109e-07 2.18675e-07 1.83045e-07 1.53146e-07 1.28069e-07 1.07048e-07 8.94369e-08 7.46896e-08 6.23468e-08 5.20214e-08 4.33879e-08 3.61725e-08 3.01449e-08 2.51119e-08 2.09111e-08 1.74065e-08 1.4484e-08 1.20477e-08 1.00177e-08 8.32689e-09 6.91907e-09 5.74735e-09 4.77248e-09 3.9617e-09 3.28762e-09 2.72738e-09 2.26192e-09 1.87533e-09 1.55436e-09 1.28795e-09 1.0669e-09 8.83537e-10 7.31488e-10 6.05441e-10 5.0098e-10 4.14433e-10 3.42749e-10 2.83393e-10 2.34257e-10 1.93592e-10 1.59948e-10 1.32119e-10 1.09106e-10 9.0081e-11 7.43563e-11
0.00122416 0.000582294 0.000563446 0.000537153 0.000505889 0.00047162 0.000435879 0.000399845 0.000364398 0.00033018 0.000297638 0.000267063 0.000238627 0.000212408 0.00018841 0.000166588 0.000146857 0.000129107 0.000113212 9.90376e-05 8.64438e-05 7.5293e-05 6.54509e-05 5.67892e-05 4.91868e-05 4.25309e-05 3.67173e-05 3.16505e-05 2.72437e-05 2.34183e-05 2.01036e-05 1.72365e-05 1.47605e-05 1.26257e-05 1.07876e-05 9.20738e-06 7.85058e-06 6.68713e-06 5.69069e-06 4.8383e-06 4.10995e-06 3.48826e-06 2.95816e-06 2.50661e-06 2.12235e-06 1.79564e-06 1.51812e-06 1.28259e-06 1.08285e-06 9.13615e-07 7.70327e-07 6.49103e-07 5.4662e-07 4.60044e-07 3.86955e-07 3.25294e-07 2.73307e-07 2.29506e-07 1.92623e-07 1.61584e-07 1.3548e-07 1.13537e-07 9.51024e-08 7.9624e-08 6.66344e-08 5.5739e-08 4.66048e-08 3.89508e-08 3.25403e-08 2.71736e-08 2.2683e-08 1.8927e-08 1.57869e-08 1.31627e-08 1.09708e-08 9.14047e-09 7.61283e-09 6.33828e-09 5.27531e-09 4.38913e-09 3.65061e-09 3.03537e-09 2.52301e-09 2.09647e-09 1.74151e-09 1.44621e-09 1.20063e-09 9.96456e-10 8.26765e-10 6.85778e-10 5.68674e-10 4.71438e-10 3.90722e-10 3.2374e-10 2.68171e-10 2.22083e-10 1.83869e-10 1.52192e-10 1.25942e-10 1.04194e-10 8.61808e-11
0.000972033 0.000478685 0.00046812 0.000450485 0.000427886 0.000402025 0.00037426 0.00034566 0.000317043 0.000289026 0.000262057 0.00023645 0.000212408 0.000190047 0.000169419 0.000150522 0.000133318 0.00011774 0.000103705 9.11146e-05 7.98656e-05 6.98517e-05 6.09672e-05 5.31091e-05 4.61785e-05 4.00823e-05 3.47332e-05 3.00506e-05 2.59603e-05 2.23946e-05 1.92923e-05 1.6598e-05 1.42621e-05 1.22402e-05 1.04929e-05 8.985e-06 7.68562e-06 6.5674e-06 5.60633e-06 4.78134e-06 4.07399e-06 3.4682e-06 2.94994e-06 2.50704e-06 2.12892e-06 1.80641e-06 1.5316e-06 1.29764e-06 1.09864e-06 9.29504e-07 7.85879e-07 6.64012e-07 5.60685e-07 4.73142e-07 3.99027e-07 3.36323e-07 2.8331e-07 2.3852e-07 2.00701e-07 1.68788e-07 1.41876e-07 1.19194e-07 1.00089e-07 8.4005e-08 7.04723e-08 5.90922e-08 4.95273e-08 4.14922e-08 3.47455e-08 2.90834e-08 2.43339e-08 2.03517e-08 1.70143e-08 1.42186e-08 1.18778e-08 9.91851e-09 8.27938e-09 6.90861e-09 5.76274e-09 4.80524e-09 4.00545e-09 3.33765e-09 2.78026e-09 2.3152e-09 1.92732e-09 1.60391e-09 1.33436e-09 1.10977e-09 9.22707e-10 7.66948e-10 6.37298e-10 5.29413e-10 4.39668e-10 3.65035e-10 3.02989e-10 2.51421e-10 2.08575e-10 1.72986e-10 1.43432e-10 1.18898e-10 9.85355e-11
0.000771836 0.000393054 0.000388377 0.000377182 0.00036123 0.000341977 0.000320604 0.000298059 0.000275085 0.000252257 0.000230009 0.000208654 0.00018841 0.000169419 0.000151759 0.000135463 0.000120526 0.000106913 9.45736e-05 8.34404e-05 7.34384e-05 6.44876e-05 5.65059e-05 4.94116e-05 4.31251e-05 3.75701e-05 3.26742e-05 2.83697e-05 2.45939e-05 2.12889e-05 1.84018e-05 1.58847e-05 1.3694e-05 1.17907e-05 1.01398e-05 8.70995e-06 7.47348e-06 6.4057e-06 5.48484e-06 4.69171e-06 4.00943e-06 3.42319e-06 2.92006e-06 2.48873e-06 2.11933e-06 1.80329e-06 1.53318e-06 1.30253e-06 1.10576e-06 9.38036e-07 7.95197e-07 6.7365e-07 5.70304e-07 4.82502e-07 4.07961e-07 3.44724e-07 2.91116e-07 2.45702e-07 2.07255e-07 1.74727e-07 1.47225e-07 1.23986e-07 1.04362e-07 8.77989e-08 7.38285e-08 6.20511e-08 5.21278e-08 4.37713e-08 3.67379e-08 3.08209e-08 2.58458e-08 2.16645e-08 1.81521e-08 1.5203e-08 1.27279e-08 1.06516e-08 8.91055e-09 7.45128e-09 6.22868e-09 5.20479e-09 4.34766e-09 3.63041e-09 3.03044e-09 2.52876e-09 2.10944e-09 1.75907e-09 1.46642e-09 1.22208e-09 1.01813e-09 8.47957e-10 7.06015e-10 5.8766e-10 4.89002e-10 4.06791e-10 3.38305e-10 2.81272e-10 2.33789e-10 1.94269e-10 1.61387e-10 1.34036e-10 1.11291e-10
0.000612871 0.000322391 0.000321797 0.000315323 0.000304426 0.00029033 0.000274049 0.000256409 0.000238075 0.00021957 0.000201298 0.000183564 0.000166588 0.000150522 0.000135463 0.000121466 0.000108547 9.66994e-05 8.5895e-05 7.60912e-05 6.72357e-05 5.92697e-05 5.21307e-05 4.5755e-05 4.00791e-05 3.50411e-05 3.05816e-05 2.66442e-05 2.31762e-05 2.01285e-05 1.74558e-05 1.51166e-05 1.30732e-05 1.12915e-05 9.74041e-06 8.39239e-06 7.22263e-06 6.20904e-06 5.33202e-06 4.57417e-06 3.92014e-06 3.35641e-06 2.87108e-06 2.45373e-06 2.09523e-06 1.7876e-06 1.5239e-06 1.29807e-06 1.10485e-06 9.39696e-07 7.98648e-07 6.78294e-07 5.75681e-07 4.88266e-07 4.13855e-07 3.50562e-07 2.96765e-07 2.51073e-07 2.12291e-07 1.79397e-07 1.51515e-07 1.27896e-07 1.07902e-07 9.09853e-08 7.6682e-08 6.4595e-08 5.43867e-08 4.57698e-08 3.85001e-08 3.23702e-08 2.72041e-08 2.28524e-08 1.91886e-08 1.61054e-08 1.3512e-08 1.13316e-08 9.49925e-09 7.96009e-09 6.66776e-09 5.58314e-09 4.67322e-09 3.91017e-09 3.27055e-09 2.7346e-09 2.28568e-09 1.90982e-09 1.59523e-09 1.33202e-09 1.11189e-09 9.27839e-10 7.74014e-10 6.45493e-10 5.3815e-10 4.48524e-10 3.73716e-10 3.11295e-10 2.59226e-10 2.15807e-10 1.7961e-10 1.49444e-10 1.24312e-10
0.000486645 0.000264162 0.000266306 0.000263233 0.000256137 0.000246034 0.000233784 0.000220099 0.000205561 0.000190638 0.000175702 0.000161036 0.000146857 0.000133318 0.000120526 0.000108547 9.74166e-05 8.71441e-05 7.77201e-05 6.91206e-05 6.13113e-05 5.42504e-05 4.78914e-05 4.21856e-05 3.70829e-05 3.25338e-05 2.84899e-05 2.49047e-05 2.17342e-05 1.8937e-05 1.64747e-05 1.43116e-05 1.24151e-05 1.07556e-05 9.30591e-06 8.04169e-06 6.94096e-06 5.98405e-06 5.15338e-06 4.43331e-06 3.80994e-06 3.27099e-06 2.80558e-06 2.40416e-06 2.05833e-06 1.76071e-06 1.50486e-06 1.28513e-06 1.09662e-06 9.35037e-07 7.96665e-07 6.78275e-07 5.7707e-07 4.90627e-07 4.16853e-07 3.5394e-07 3.0033e-07 2.54682e-07 2.15841e-07 1.82815e-07 1.54753e-07 1.30925e-07 1.10704e-07 9.35562e-08 7.90227e-08 6.67125e-08 5.62916e-08 4.74751e-08 4.00201e-08 3.37197e-08 2.83981e-08 2.39055e-08 2.01146e-08 1.69175e-08 1.42225e-08 1.19518e-08 1.00395e-08 8.42977e-09 7.07532e-09 5.9362e-09 4.97856e-09 4.17385e-09 3.49792e-09 2.93039e-09 2.45406e-09 2.05444e-09 1.71931e-09 1.43835e-09 1.20291e-09 1.00568e-09 8.40515e-10 7.02253e-10 5.86552e-10 4.89763e-10 4.08821e-10 3.41156e-10 2.84606e-10 2.37361e-10 1.97903e-10 1.64958e-10 1.3746e-10
0.000386417 0.000216243 0.000220131 0.000219455 0.000215179 0.000208143 0.000199063 0.000188547 0.000177099 0.000165133 0.00015298 0.000140904 0.000129107 0.00011774 0.000106913 9.66994e-05 8.71441e-05 7.82693e-05 7.00793e-05 6.25639e-05 5.57028e-05 4.94678e-05 4.38255e-05 3.87392e-05 3.41701e-05 3.00792e-05 2.64273e-05 2.31766e-05 2.02906e-05 1.77346e-05 1.54762e-05 1.34851e-05 1.17332e-05 1.01947e-05 8.84627e-06 7.6664e-06 6.63575e-06 5.73689e-06 4.95414e-06 4.27351e-06 3.68249e-06 3.16996e-06 2.72606e-06 2.34209e-06 2.01034e-06 1.72403e-06 1.47721e-06 1.26466e-06 1.08181e-06 9.24655e-07 7.89722e-07 6.73972e-07 5.74767e-07 4.89816e-07 4.17132e-07 3.54993e-07 3.01913e-07 2.56604e-07 2.17959e-07 1.8502e-07 1.56966e-07 1.33088e-07 1.12778e-07 9.55146e-08 8.08497e-08 6.84e-08 5.78373e-08 4.88808e-08 4.12907e-08 3.48622e-08 2.94205e-08 2.48165e-08 2.09234e-08 1.76331e-08 1.48537e-08 1.2507e-08 1.05265e-08 8.85598e-09 7.44751e-09 6.26053e-09 5.26066e-09 4.41877e-09 3.71019e-09 3.11408e-09 2.61279e-09 2.1914e-09 1.83732e-09 1.53992e-09 1.29021e-09 1.08063e-09 9.0479e-10 7.57318e-10 6.33678e-10 5.30056e-10 4.4324e-10 3.7053e-10 3.09654e-10 2.58702e-10 2.16071e-10 1.80413e-10 1.50596e-10
0.000306832 0.000176857 0.000181766 0.000182728 0.000180513 0.000175807 0.000169202 0.000161212 0.000152267 0.000142728 0.00013289 0.000122989 0.000113212 0.000103705 9.45736e-05 8.5895e-05 7.77201e-05 7.00793e-05 6.29861e-05 5.6441e-05 5.04342e-05 4.49482e-05 3.99599e-05 3.54425e-05 3.13666e-05 2.77017e-05 2.44167e-05 2.14809e-05 1.88643e-05 1.65383e-05 1.44756e-05 1.26504e-05 1.1039e-05 9.61908e-06 8.37037e-06 7.27419e-06 6.31359e-06 5.47319e-06 4.73909e-06 4.09882e-06 3.5412e-06 3.05621e-06 2.63496e-06 2.26954e-06 1.95293e-06 1.67893e-06 1.44209e-06 1.23758e-06 1.06118e-06 9.09172e-07 7.78322e-07 6.65788e-07 5.69097e-07 4.86091e-07 4.14896e-07 3.53882e-07 3.01637e-07 2.56935e-07 2.18716e-07 1.86066e-07 1.58192e-07 1.34414e-07 1.14143e-07 9.68731e-08 8.21704e-08 6.96611e-08 5.90245e-08 4.99858e-08 4.23095e-08 3.57941e-08 3.02671e-08 2.55812e-08 2.16106e-08 1.82478e-08 1.54013e-08 1.29931e-08 1.09566e-08 9.23533e-09 7.78121e-09 6.55334e-09 5.51699e-09 4.64267e-09 3.90539e-09 3.28393e-09 2.76032e-09 2.31933e-09 1.94808e-09 1.63568e-09 1.37288e-09 1.15191e-09 9.66172e-10 8.10112e-10 6.79035e-10 5.6898e-10 4.7661e-10 3.99109e-10 3.34107e-10 2.79606e-10 2.33924e-10 1.95648e-10 1.63587e-10
0.000243637 0.000144522 0.000149935 0.000151967 0.000151229 0.000148272 0.000143585 0.000137595 0.000130667 0.000123112 0.000115188 0.000107107 9.90376e-05 9.11146e-05 8.34404e-05 7.60912e-05 6.91206e-05 6.25639e-05 5.6441e-05 5.07598e-05 4.55185e-05 4.07077e-05 3.63127e-05 3.23145e-05 2.86914e-05 2.54199e-05 2.24756e-05 1.9834e-05 1.74707e-05 1.53621e-05 1.34853e-05 1.1819e-05 1.03427e-05 9.03753e-06 7.88597e-06 6.87185e-06 5.98037e-06 5.19803e-06 4.51259e-06 3.91299e-06 3.38926e-06 2.93245e-06 2.53455e-06 2.18842e-06 1.88771e-06 1.62677e-06 1.40061e-06 1.20482e-06 1.0355e-06 8.8922e-07 7.62983e-07 6.54145e-07 5.604e-07 4.79727e-07 4.10366e-07 3.50783e-07 2.99643e-07 2.55784e-07 2.182e-07 1.86019e-07 1.58483e-07 1.34941e-07 1.14826e-07 9.76525e-08 8.29996e-08 7.05057e-08 5.98595e-08 5.07935e-08 4.30779e-08 3.65154e-08 3.0937e-08 2.61979e-08 2.21739e-08 1.87591e-08 1.58627e-08 1.34075e-08 1.13271e-08 9.56535e-09 8.07411e-09 6.81246e-09 5.74556e-09 4.84377e-09 4.08187e-09 3.43845e-09 2.89534e-09 2.43707e-09 2.05057e-09 1.72473e-09 1.45014e-09 1.21883e-09 1.02406e-09 8.60116e-10 7.22172e-10 6.06148e-10 5.08596e-10 4.26606e-10 3.57719e-10 2.99861e-10 2.51283e-10 2.10511e-10 1.76301e-10
0.000193458 0.000118005 0.00012356 0.000126245 0.000126536 0.000124875 0.000121659 0.000117242 0.00011193 0.00010599 9.96432e-05 9.30771e-05 8.64438e-05 7.98656e-05 7.34384e-05 6.72357e-05 6.13113e-05 5.57028e-05 5.04342e-05 4.55185e-05 4.09596e-05 3.67546e-05 3.28948e-05 2.93677e-05 2.61578e-05 2.32473e-05 2.06175e-05 1.82488e-05 1.61218e-05 1.42171e-05 1.25159e-05 1.10001e-05 9.65274e-06 8.45764e-06 7.3998e-06 6.46529e-06 5.64126e-06 4.91594e-06 4.27857e-06 3.7194e-06 3.22958e-06 2.80115e-06 2.42695e-06 2.10054e-06 1.81621e-06 1.56883e-06 1.35386e-06 1.16728e-06 1.00552e-06 8.65422e-07 7.4422e-07 6.39469e-07 5.49026e-07 4.7101e-07 4.03776e-07 3.45885e-07 2.96082e-07 2.53274e-07 2.16508e-07 1.84956e-07 1.579e-07 1.34716e-07 1.14865e-07 9.78805e-08 8.3358e-08 7.09492e-08 6.03535e-08 5.13118e-08 4.3601e-08 3.70293e-08 3.14319e-08 2.66669e-08 2.26131e-08 1.91661e-08 1.62368e-08 1.37488e-08 1.16366e-08 9.84445e-09 8.32462e-09 7.03637e-09 5.94493e-09 5.02067e-09 4.23836e-09 3.5765e-09 3.01679e-09 2.54368e-09 2.14394e-09 1.80633e-09 1.52132e-09 1.28081e-09 1.07793e-09 9.0687e-10 7.62688e-10 6.41209e-10 5.38896e-10 4.52758e-10 3.80263e-10 3.19273e-10 2.6798e-10 2.24857e-10 1.88615e-10
0.000153614 9.62796e-05 0.000101733 0.000104766 0.000105749 0.00010503 0.000102932 9.97423e-05 9.57187e-05 9.10846e-05 8.6032e-05 8.07231e-05 7.5293e-05 6.98517e-05 6.44876e-05 5.92697e-05 5.42504e-05 4.94678e-05 4.49482e-05 4.07077e-05 3.67546e-05 3.30902e-05 2.9711e-05 2.66092e-05 2.37743e-05 2.11932e-05 1.88519e-05 1.6735e-05 1.4827e-05 1.31123e-05 1.15755e-05 1.02015e-05 8.97614e-06 7.88575e-06 6.91756e-06 6.05959e-06 5.30077e-06 4.63086e-06 4.04049e-06 3.52106e-06 3.06478e-06 2.66459e-06 2.3141e-06 2.00757e-06 1.73984e-06 1.50631e-06 1.30286e-06 1.12583e-06 9.71967e-07 8.38387e-07 7.22542e-07 6.22182e-07 5.35326e-07 4.6023e-07 3.95362e-07 3.39382e-07 2.91115e-07 2.49534e-07 2.13743e-07 1.82961e-07 1.56508e-07 1.33793e-07 1.14302e-07 9.75903e-08 8.32715e-08 7.10114e-08 6.05214e-08 5.15517e-08 4.38871e-08 3.73417e-08 3.17556e-08 2.69911e-08 2.29297e-08 1.94697e-08 1.65237e-08 1.40167e-08 1.18844e-08 1.00719e-08 8.53186e-09 7.2241e-09 6.11411e-09 5.17245e-09 4.37396e-09 3.6972e-09 3.12388e-09 2.6384e-09 2.22748e-09 1.87984e-09 1.58585e-09 1.33733e-09 1.12734e-09 9.49979e-10 8.00235e-10 6.73857e-10 5.67241e-10 4.7733e-10 4.01536e-10 3.37665e-10 2.83861e-10 2.38553e-10 2.00414e-10
0.000121976 7.84979e-05 8.36898e-05 8.6855e-05 8.82769e-05 8.82289e-05 8.69677e-05 8.4729e-05 8.17249e-05 7.81431e-05 7.4147e-05 6.98769e-05 6.54509e-05 6.09672e-05 5.65059e-05 5.21307e-05 4.78914e-05 4.38255e-05 3.99599e-05 3.63127e-05 3.28948e-05 2.9711e-05 2.67612e-05 2.40416e-05 2.15453e-05 1.92634e-05 1.71852e-05 1.52992e-05 1.35932e-05 1.20544e-05 1.06706e-05 9.42926e-06 8.31857e-06 7.32709e-06 6.44398e-06 5.65904e-06 4.96274e-06 4.34624e-06 3.80137e-06 3.32064e-06 2.8972e-06 2.52479e-06 2.19778e-06 1.91102e-06 1.65992e-06 1.44034e-06 1.24857e-06 1.08128e-06 9.35533e-07 8.08696e-07 6.98438e-07 6.02695e-07 5.19643e-07 4.47672e-07 3.85364e-07 3.31472e-07 2.84903e-07 2.44698e-07 2.10016e-07 1.80124e-07 1.54381e-07 1.3223e-07 1.13184e-07 9.68193e-08 8.27696e-08 7.07158e-08 6.03816e-08 5.15276e-08 4.3947e-08 3.74608e-08 3.19145e-08 2.71748e-08 2.3127e-08 1.9672e-08 1.67247e-08 1.4212e-08 1.20709e-08 1.02476e-08 8.6956e-09 7.37528e-09 6.25263e-09 5.29853e-09 4.48808e-09 3.79997e-09 3.21601e-09 2.72068e-09 2.3007e-09 1.94479e-09 1.64329e-09 1.38799e-09 1.17192e-09 9.89113e-10 8.34517e-10 7.0383e-10 5.93398e-10 5.00118e-10 4.21356e-10 3.54877e-10 2.98788e-10 2.5148e-10 2.11595e-10
9.68543e-05 6.39566e-05 6.87908e-05 7.19383e-05 7.36131e-05 7.40273e-05 7.33844e-05 7.18746e-05 6.96721e-05 6.69331e-05 6.37959e-05 6.03803e-05 5.67892e-05 5.31091e-05 4.94116e-05 4.5755e-05 4.21856e-05 3.87392e-05 3.54425e-05 3.23145e-05 2.93677e-05 2.66092e-05 2.40416e-05 2.16638e-05 1.9472e-05 1.74604e-05 1.56213e-05 1.39459e-05 1.24249e-05 1.10483e-05 9.80605e-06 8.68806e-06 7.68451e-06 6.78585e-06 5.98297e-06 5.2672e-06 4.6304e-06 4.06496e-06 3.56382e-06 3.12045e-06 2.72886e-06 2.38355e-06 2.07953e-06 1.81226e-06 1.57763e-06 1.37194e-06 1.19185e-06 1.03438e-06 8.9686e-07 7.76898e-07 6.72375e-07 5.81403e-07 5.0231e-07 4.33616e-07 3.74014e-07 3.2235e-07 2.77609e-07 2.38899e-07 2.05437e-07 1.76535e-07 1.51594e-07 1.30089e-07 1.1156e-07 9.56079e-08 8.18851e-08 7.00884e-08 5.99548e-08 5.12559e-08 4.37937e-08 3.73966e-08 3.19162e-08 2.7224e-08 2.32092e-08 1.97762e-08 1.68422e-08 1.43363e-08 1.21972e-08 1.03723e-08 8.81618e-09 7.49002e-09 6.36043e-09 5.39875e-09 4.58045e-09 3.88449e-09 3.29286e-09 2.79017e-09 2.36324e-09 2.00083e-09 1.69331e-09 1.43249e-09 1.21138e-09 1.02401e-09 8.65295e-10 7.30911e-10 6.17172e-10 5.20947e-10 4.39569e-10 3.70775e-10 3.12641e-10 2.63532e-10 2.22064e-10
7.69064e-05 5.20754e-05 5.65006e-05 5.95301e-05 6.1323e-05 6.20419e-05 6.18466e-05 6.08894e-05 5.93123e-05 5.72445e-05 5.48019e-05 5.20865e-05 4.91868e-05 4.61785e-05 4.31251e-05 4.00791e-05 3.70829e-05 3.41701e-05 3.13666e-05 2.86914e-05 2.61578e-05 2.37743e-05 2.15453e-05 1.9472e-05 1.75529e-05 1.57845e-05 1.41614e-05 1.26774e-05 1.13253e-05 1.00972e-05 8.98533e-06 7.9814e-06 7.07736e-06 6.26531e-06 5.53761e-06 4.88695e-06 4.3064e-06 3.78946e-06 3.33004e-06 2.92247e-06 2.56153e-06 2.24243e-06 1.96076e-06 1.71251e-06 1.49403e-06 1.30203e-06 1.13353e-06 9.85833e-07 8.56545e-07 7.43505e-07 6.44788e-07 5.58676e-07 4.83642e-07 4.1833e-07 3.61538e-07 3.12205e-07 2.69392e-07 2.32272e-07 2.00117e-07 1.72288e-07 1.48224e-07 1.27432e-07 1.09482e-07 9.39986e-08 8.06525e-08 6.91574e-08 5.9264e-08 5.0755e-08 4.34419e-08 3.71609e-08 3.177e-08 2.71459e-08 2.31822e-08 1.97867e-08 1.68796e-08 1.43922e-08 1.22652e-08 1.04473e-08 8.89451e-09 7.5689e-09 6.43784e-09 5.47328e-09 4.65112e-09 3.95071e-09 3.3543e-09 2.84671e-09 2.4149e-09 2.04775e-09 1.7357e-09 1.47062e-09 1.24552e-09 1.05447e-09 8.92388e-10 7.54931e-10 6.3841e-10 5.39676e-10 4.56048e-10 3.85243e-10 3.25317e-10 2.74618e-10 2.31741e-10
6.1067e-05 4.23753e-05 4.63721e-05 4.92202e-05 5.10356e-05 5.19415e-05 5.2062e-05 5.15182e-05 5.04248e-05 4.88881e-05 4.70044e-05 4.48601e-05 4.25309e-05 4.00823e-05 3.75701e-05 3.50411e-05 3.25338e-05 3.00792e-05 2.77017e-05 2.54199e-05 2.32473e-05 2.11932e-05 1.92634e-05 1.74604e-05 1.57845e-05 1.42339e-05 1.28053e-05 1.14943e-05 1.02956e-05 9.20311e-06 8.21065e-06 7.31167e-06 6.4996e-06 5.76792e-06 5.11029e-06 4.52057e-06 3.9929e-06 3.52173e-06 3.10184e-06 2.72835e-06 2.39672e-06 2.10278e-06 1.84265e-06 1.61282e-06 1.41006e-06 1.23144e-06 1.0743e-06 9.36254e-07 8.15129e-07 7.08986e-07 6.16083e-07 5.34863e-07 4.63936e-07 4.02066e-07 3.48152e-07 3.0122e-07 2.60406e-07 2.24945e-07 1.94166e-07 1.67473e-07 1.44345e-07 1.24323e-07 1.07004e-07 9.20349e-08 7.91077e-08 6.79523e-08 5.8333e-08 5.00444e-08 4.29075e-08 3.67665e-08 3.14862e-08 2.69488e-08 2.30524e-08 1.97086e-08 1.68408e-08 1.43827e-08 1.22771e-08 1.04744e-08 8.93193e-09 7.61291e-09 6.48557e-09 5.52257e-09 4.70039e-09 3.99879e-09 3.4004e-09 2.89028e-09 2.45563e-09 2.08546e-09 1.77035e-09 1.50224e-09 1.27422e-09 1.08038e-09 9.15664e-10 7.75766e-10 6.56993e-10 5.56197e-10 4.70692e-10 3.98188e-10 3.36732e-10 2.84661e-10 2.40559e-10
4.84898e-05 3.44618e-05 3.80327e-05 4.06629e-05 4.24352e-05 4.34412e-05 4.37767e-05 4.3537e-05 4.2814e-05 4.16945e-05 4.02584e-05 3.85778e-05 3.67173e-05 3.47332e-05 3.26742e-05 3.05816e-05 2.84899e-05 2.64273e-05 2.44167e-05 2.24756e-05 2.06175e-05 1.88519e-05 1.71852e-05 1.56213e-05 1.41614e-05 1.28053e-05 1.15512e-05 1.0396e-05 9.33599e-06 8.36669e-06 7.48321e-06 6.68037e-06 5.95289e-06 5.29544e-06 4.70279e-06 4.16981e-06 3.69156e-06 3.26335e-06 2.88072e-06 2.53946e-06 2.23568e-06 1.96572e-06 1.72624e-06 1.51412e-06 1.32653e-06 1.16089e-06 1.01483e-06 8.86209e-07 7.73104e-07 6.73767e-07 5.86628e-07 5.10282e-07 4.43468e-07 3.85061e-07 3.34058e-07 2.89568e-07 2.50797e-07 2.17045e-07 1.87688e-07 1.62179e-07 1.40034e-07 1.20824e-07 1.04176e-07 8.97603e-08 7.72869e-08 6.6503e-08 5.71867e-08 4.91445e-08 4.22072e-08 3.62271e-08 3.10759e-08 2.66417e-08 2.28272e-08 1.95479e-08 1.67305e-08 1.43116e-08 1.22359e-08 1.04558e-08 8.9302e-09 7.62339e-09 6.50463e-09 5.54739e-09 4.72879e-09 4.02912e-09 3.4314e-09 2.92105e-09 2.48551e-09 2.114e-09 1.79725e-09 1.52732e-09 1.2974e-09 1.10164e-09 9.35048e-10 7.93335e-10 6.7284e-10 5.7043e-10 4.83425e-10 4.0954e-10 3.46821e-10 2.93601e-10 2.48461e-10
3.8503e-05 2.80106e-05 3.11722e-05 3.35674e-05 3.52532e-05 3.62969e-05 3.67711e-05 3.67502e-05 3.63075e-05 3.55133e-05 3.44332e-05 3.31275e-05 3.16505e-05 3.00506e-05 2.83697e-05 2.66442e-05 2.49047e-05 2.31766e-05 2.14809e-05 1.9834e-05 1.82488e-05 1.6735e-05 1.52992e-05 1.39459e-05 1.26774e-05 1.14943e-05 1.0396e-05 9.38066e-06 8.44569e-06 7.58782e-06 6.80334e-06 6.08821e-06 5.4382e-06 4.84901e-06 4.31633e-06 3.83592e-06 3.40365e-06 3.01555e-06 2.66783e-06 2.35691e-06 2.07942e-06 1.83222e-06 1.61237e-06 1.41718e-06 1.24415e-06 1.091e-06 9.55649e-07 8.36191e-07 7.30904e-07 6.38229e-07 5.56758e-07 4.85224e-07 4.22489e-07 3.67532e-07 3.19443e-07 2.77409e-07 2.40705e-07 2.08687e-07 1.80785e-07 1.56492e-07 1.35361e-07 1.16997e-07 1.01052e-07 8.72181e-08 7.52263e-08 6.48397e-08 5.58503e-08 4.80763e-08 4.13582e-08 3.55569e-08 3.05509e-08 2.62341e-08 2.25142e-08 1.93108e-08 1.65539e-08 1.41829e-08 1.21449e-08 1.03943e-08 8.89141e-09 7.60197e-09 6.49629e-09 5.54871e-09 4.73707e-09 4.04225e-09 3.44774e-09 2.93932e-09 2.50475e-09 2.13349e-09 1.81647e-09 1.5459e-09 1.31508e-09 1.11826e-09 9.5051e-10 8.07601e-10 6.85908e-10 5.82327e-10 4.94199e-10 4.1925e-10 3.55535e-10 3.01394e-10 2.55405e-10
3.0573e-05 2.27548e-05 2.5533e-05 2.76896e-05 2.92624e-05 3.02995e-05 3.08555e-05 3.09876e-05 3.0754e-05 3.0211e-05 2.94124e-05 2.84081e-05 2.72437e-05 2.59603e-05 2.45939e-05 2.31762e-05 2.17342e-05 2.02906e-05 1.88643e-05 1.74707e-05 1.61218e-05 1.4827e-05 1.35932e-05 1.24249e-05 1.13253e-05 1.02956e-05 9.33599e-06 8.44569e-06 7.62298e-06 6.86558e-06 6.1707e-06 5.53526e-06 4.95591e-06 4.42921e-06 3.95165e-06 3.51974e-06 3.13004e-06 2.77922e-06 2.46407e-06 2.18156e-06 1.92878e-06 1.70303e-06 1.50177e-06 1.32266e-06 1.16351e-06 1.02232e-06 8.97256e-07 7.8663e-07 6.88912e-07 6.02712e-07 5.26771e-07 4.59951e-07 4.01227e-07 3.49679e-07 3.04481e-07 2.64894e-07 2.30257e-07 1.99984e-07 1.73551e-07 1.50492e-07 1.30397e-07 1.129e-07 9.76796e-08 8.44502e-08 7.29613e-08 6.29922e-08 5.43487e-08 4.68605e-08 4.0378e-08 3.47704e-08 2.99231e-08 2.5736e-08 2.21218e-08 1.9004e-08 1.63164e-08 1.40011e-08 1.20077e-08 1.02927e-08 8.8179e-09 7.55054e-09 6.46205e-09 5.52772e-09 4.72617e-09 4.0389e-09 3.44994e-09 2.94549e-09 2.51366e-09 2.14417e-09 1.82819e-09 1.55809e-09 1.32733e-09 1.13027e-09 9.62068e-10 8.18564e-10 6.96185e-10 5.91869e-10 5.02987e-10 4.27289e-10 3.62847e-10 3.08008e-10 2.61362e-10
2.42763e-05 1.84759e-05 2.09013e-05 2.28249e-05 2.42702e-05 2.52708e-05 2.58666e-05 2.61015e-05 2.60209e-05 2.567e-05 2.50924e-05 2.43291e-05 2.34183e-05 2.23946e-05 2.12889e-05 2.01285e-05 1.8937e-05 1.77346e-05 1.65383e-05 1.53621e-05 1.42171e-05 1.31123e-05 1.20544e-05 1.10483e-05 1.00972e-05 9.20311e-06 8.36669e-06 7.58782e-06 6.86558e-06 6.19842e-06 5.58436e-06 5.02106e-06 4.50593e-06 4.03623e-06 3.60913e-06 3.22177e-06 2.87132e-06 2.55499e-06 2.27009e-06 2.01404e-06 1.78436e-06 1.57875e-06 1.395e-06 1.23108e-06 1.0851e-06 9.55297e-07 8.40056e-07 7.37895e-07 6.47459e-07 5.67511e-07 4.96929e-07 4.34694e-07 3.79888e-07 3.31681e-07 2.89327e-07 2.52157e-07 2.19572e-07 1.91037e-07 1.66073e-07 1.44256e-07 1.25206e-07 1.08589e-07 9.41072e-08 8.14969e-08 7.0526e-08 6.09894e-08 5.27063e-08 4.55177e-08 3.92838e-08 3.3882e-08 2.92046e-08 2.51575e-08 2.16581e-08 1.86345e-08 1.60238e-08 1.3771e-08 1.18283e-08 1.01541e-08 8.71224e-09 7.47117e-09 6.40358e-09 5.48575e-09 4.69714e-09 4.01992e-09 3.43869e-09 2.9401e-09 2.51264e-09 2.14634e-09 1.83262e-09 1.56406e-09 1.33428e-09 1.13776e-09 9.69783e-10 8.26261e-10 7.03691e-10 5.99063e-10 5.09789e-10 4.3365e-10 3.68741e-10 3.13428e-10 2.66314e-10
1.92764e-05 1.49942e-05 1.70997e-05 1.88022e-05 2.01144e-05 2.10588e-05 2.16643e-05 2.19639e-05 2.19929e-05 2.1787e-05 2.13813e-05 2.08097e-05 2.01036e-05 1.92923e-05 1.84018e-05 1.74558e-05 1.64747e-05 1.54762e-05 1.44756e-05 1.34853e-05 1.25159e-05 1.15755e-05 1.06706e-05 9.80605e-06 8.98533e-06 8.21065e-06 7.48321e-06 6.80334e-06 6.1707e-06 5.58436e-06 5.04294e-06 4.54473e-06 4.08774e-06 3.66984e-06 3.28876e-06 2.94218e-06 2.62777e-06 2.34324e-06 2.08631e-06 1.85481e-06 1.64665e-06 1.45984e-06 1.2925e-06 1.14288e-06 1.00932e-06 8.90294e-07 7.84388e-07 6.90298e-07 6.06827e-07 5.3288e-07 4.67459e-07 4.09657e-07 3.58651e-07 3.13696e-07 2.74121e-07 2.39323e-07 2.08758e-07 1.8194e-07 1.58434e-07 1.37853e-07 1.19849e-07 1.04116e-07 9.03793e-08 7.83966e-08 6.79532e-08 5.88591e-08 5.09467e-08 4.40679e-08 3.80925e-08 3.29059e-08 2.84073e-08 2.45084e-08 2.11317e-08 1.82093e-08 1.56818e-08 1.34973e-08 1.16105e-08 9.98194e-09 8.57712e-09 7.36607e-09 6.32268e-09 5.42428e-09 4.65118e-09 3.98628e-09 3.41475e-09 2.92376e-09 2.50218e-09 2.14039e-09 1.83007e-09 1.56404e-09 1.33609e-09 1.14087e-09 9.7375e-10 8.30761e-10 7.08474e-10 6.03941e-10 5.14624e-10 4.38341e-10 3.7322e-10 3.17652e-10 2.70254e-10
1.53063e-05 1.2163e-05 1.39818e-05 1.54784e-05 1.6658e-05 1.75347e-05 1.81287e-05 1.84647e-05 1.85695e-05 1.84713e-05 1.81984e-05 1.77781e-05 1.72365e-05 1.6598e-05 1.58847e-05 1.51166e-05 1.43116e-05 1.34851e-05 1.26504e-05 1.1819e-05 1.10001e-05 1.02015e-05 9.42926e-06 8.68806e-06 7.9814e-06 7.31167e-06 6.68037e-06 6.08821e-06 5.53526e-06 5.02106e-06 4.54473e-06 4.10504e-06 3.70054e-06 3.32955e-06 2.99029e-06 2.6809e-06 2.39948e-06 2.14413e-06 1.91296e-06 1.70416e-06 1.51594e-06 1.34663e-06 1.19461e-06 1.05837e-06 9.36479e-07 8.2761e-07 7.3053e-07 6.44094e-07 5.67251e-07 4.99034e-07 4.38558e-07 3.85016e-07 3.37673e-07 2.95865e-07 2.58989e-07 2.265e-07 1.9791e-07 1.72777e-07 1.50708e-07 1.31348e-07 1.14382e-07 9.95292e-08 8.65378e-08 7.51853e-08 6.52737e-08 5.66279e-08 4.90925e-08 4.25304e-08 3.68205e-08 3.18561e-08 2.75431e-08 2.37989e-08 2.05508e-08 1.77353e-08 1.52963e-08 1.31849e-08 1.13585e-08 9.77951e-09 8.41536e-09 7.23756e-09 6.22127e-09 5.34487e-09 4.58957e-09 3.93901e-09 3.37897e-09 2.89714e-09 2.48283e-09 2.12675e-09 1.8209e-09 1.55832e-09 1.333e-09 1.13975e-09 9.74099e-10 8.32163e-10 7.10609e-10 6.06557e-10 5.17529e-10 4.4139e-10 3.76303e-10 3.20688e-10 2.73187e-10
1.21538e-05 9.862e-06 1.14263e-05 1.27343e-05 1.37859e-05 1.4589e-05 1.51573e-05 1.55087e-05 1.56636e-05 1.5644e-05 1.54723e-05 1.51707e-05 1.47605e-05 1.42621e-05 1.3694e-05 1.30732e-05 1.24151e-05 1.17332e-05 1.1039e-05 1.03427e-05 9.65274e-06 8.97614e-06 8.31857e-06 7.68451e-06 7.07736e-06 6.4996e-06 5.95289e-06 5.4382e-06 4.95591e-06 4.50593e-06 4.08774e-06 3.70054e-06 3.34325e-06 3.01461e-06 2.71324e-06 2.43765e-06 2.18631e-06 1.95765e-06 1.75014e-06 1.56223e-06 1.39244e-06 1.23934e-06 1.10156e-06 9.77791e-07 8.66814e-07 7.67476e-07 6.78701e-07 5.99493e-07 5.28927e-07 4.66152e-07 4.10388e-07 3.60918e-07 3.1709e-07 2.7831e-07 2.44038e-07 2.13786e-07 1.87114e-07 1.63625e-07 1.4296e-07 1.24799e-07 1.08856e-07 9.4873e-08 8.26211e-08 7.18962e-08 6.25164e-08 5.43205e-08 4.71651e-08 4.09235e-08 3.54834e-08 3.07458e-08 2.66231e-08 2.30384e-08 1.99237e-08 1.72194e-08 1.48731e-08 1.28388e-08 1.10763e-08 9.55024e-09 8.2298e-09 7.08801e-09 6.1013e-09 5.24915e-09 4.51365e-09 3.87921e-09 3.33226e-09 2.861e-09 2.45519e-09 2.10592e-09 1.80549e-09 1.54719e-09 1.32524e-09 1.13462e-09 9.70989e-10 8.30592e-10 7.1019e-10 6.06985e-10 5.18561e-10 4.42837e-10 3.78018e-10 3.22558e-10 2.75127e-10
