0.213061 0.0838331 0.0329858 0.0129789 0.00510679 0.00200937 0.000790624 0.000311086 0.000122403 4.81618e-05 1.89502e-05 7.45632e-06 2.93383e-06 1.15437e-06 4.54211e-07 1.78718e-07 7.032e-08 2.76688e-08 1.08868e-08 4.28363e-09 1.68548e-09 6.63183e-10 2.60942e-10 1.02673e-10 4.03986e-11 1.58956e-11 6.25443e-12 2.46093e-12 9.683e-13 3.80996e-13 1.4991e-13 5.89851e-14 2.32088e-14 9.13196e-15 3.59315e-15 1.41379e-15 5.56284e-16 2.18881e-16 8.61229e-17 3.38867e-17 1.33334e-17 5.24628e-18 2.06425e-18 8.12219e-19 3.19583e-19 1.25746e-19 4.94773e-20 1.94678e-20 7.65998e-21 3.01397e-21 1.1859e-21 4.66617e-22 1.83599e-22 7.22407e-23 2.84245e-23 1.11842e-23 4.40063e-24 1.73151e-24 6.81297e-25 2.6807e-25 1.05477e-25 4.1502e-26 1.63298e-26 6.42527e-27 2.52815e-27 9.94748e-28 3.91403e-28 1.54005e-28 6.05962e-29 2.38428e-29 9.38139e-30 3.69129e-30 1.45241e-30 5.71479e-31 2.24859e-31 8.84753e-32 3.48123e-32 1.36976e-32 5.38958e-33 2.12063e-33 8.34404e-34 3.28312e-34 1.29181e-34 5.08287e-35 1.99995e-35 7.86921e-36 3.09629e-36 1.2183e-36 4.79362e-37 1.88614e-37 7.42139e-38 2.92009e-38 1.14897e-38 4.52083e-39 1.77881e-39 6.99906e-40 2.75392e-40 1.08358e-40 4.26356e-41 1.67758e-41 6.60077e-42
0.0838331 0.0659715 0.0389366 0.0204272 0.0100468 0.00474374 0.0021776 0.000979223 0.000433456 0.000189502 8.20195e-05 3.5206e-05 1.50069e-05 6.35895e-06 2.68077e-06 1.12512e-06 4.70369e-07 1.95963e-07 8.13889e-08 3.37095e-08 1.39268e-08 5.74073e-09 2.36147e-09 9.69566e-10 3.9739e-10 1.62615e-10 6.6445e-11 2.71124e-11 1.10489e-11 4.49731e-12 1.82854e-12 7.42683e-13 3.01355e-13 1.22167e-13 4.94828e-14 2.00262e-14 8.09859e-15 3.27267e-15 1.32158e-15 5.33335e-16 2.15097e-16 8.66985e-17 3.49254e-17 1.40617e-17 5.65858e-18 2.27596e-18 9.14986e-19 3.67679e-19 1.47684e-19 5.92952e-20 2.37975e-20 9.54717e-21 3.82876e-21 1.53492e-21 6.1513e-22 2.46435e-22 9.86962e-23 3.95152e-23 1.58161e-23 6.32863e-24 2.53162e-24 1.01245e-24 4.04792e-25 1.61801e-25 6.46586e-26 2.58326e-26 1.03183e-26 4.12054e-27 1.64515e-27 6.56698e-28 2.62082e-28 1.04574e-28 4.1718e-29 1.66396e-29 6.63565e-30 2.64574e-30 1.05471e-30 4.20387e-31 1.6753e-31 6.67523e-32 2.65933e-32 1.05928e-32 4.21878e-33 1.67996e-33 6.68882e-34 2.66281e-34 1.05992e-34 4.21839e-35 1.67867e-35 6.67925e-36 2.65728e-36 1.05705e-36 4.20437e-37 1.67208e-37 6.64911e-38 2.64376e-38 1.05107e-38 4.17829e-39 1.6608e-39 6.60077e-40 2.62317e-40
0.0329858 0.0389366 0.0306408 0.0200937 0.0118594 0.00653281 0.00342728 0.00173382 0.000852759 0.000410098 0.000193633 9.00411e-05 4.13332e-05 1.87654e-05 8.4384e-06 3.76295e-06 1.66568e-06 7.325e-07 3.2024e-07 1.39268e-07 6.02777e-08 2.59762e-08 1.115e-08 4.76868e-09 2.03269e-09 8.63786e-10 3.66017e-10 1.54684e-10 6.5211e-11 2.74281e-11 1.15116e-11 4.82168e-12 2.01576e-12 8.41207e-13 3.50459e-13 1.45775e-13 6.05444e-14 2.51101e-14 1.04e-14 4.30195e-15 1.77732e-15 7.33434e-16 3.02326e-16 1.24489e-16 5.1209e-17 2.10447e-17 8.64046e-18 3.54443e-18 1.45273e-18 5.94936e-19 2.43453e-19 9.95477e-20 4.06755e-20 1.66085e-20 6.77697e-21 2.76349e-21 1.12618e-21 4.58667e-22 1.86695e-22 7.59487e-23 3.08796e-23 1.25485e-23 5.09674e-24 2.06908e-24 8.39559e-25 3.40505e-25 1.38038e-25 5.59351e-26 2.26561e-26 9.17286e-27 3.71236e-27 1.50185e-27 6.07345e-28 2.45519e-28 9.92151e-29 4.00791e-29 1.61849e-29 6.53367e-30 2.63672e-30 1.06373e-30 4.2901e-31 1.7297e-31 6.97184e-32 2.80931e-32 1.13169e-32 4.55764e-33 1.835e-33 7.38613e-34 2.97227e-34 1.19578e-34 4.80957e-35 1.93401e-35 7.77517e-36 3.12508e-36 1.25579e-36 5.04516e-37 2.02647e-37 8.13794e-38 3.26738e-38 1.31159e-38 5.2639e-39
0.0129789 0.0204272 0.0200937 0.0158125 0.010888 0.00685456 0.00404559 0.00227402 0.00123029 0.000645443 0.000330151 0.000165333 8.13166e-05 3.93792e-05 1.88148e-05 8.88364e-06 4.15083e-06 1.92144e-06 8.82034e-07 4.01851e-07 1.81833e-07 8.17667e-08 3.65599e-08 1.62615e-08 7.19821e-09 3.17215e-09 1.39216e-09 6.08636e-10 2.65138e-10 1.15116e-10 4.9824e-11 2.15014e-11 9.25328e-12 3.97187e-12 1.7007e-12 7.26533e-13 3.09691e-13 1.31734e-13 5.59253e-14 2.36976e-14 1.00236e-14 4.23256e-15 1.78434e-15 7.51065e-16 3.1567e-16 1.32487e-16 5.55293e-17 2.32437e-17 9.71729e-18 4.05755e-18 1.69231e-18 7.05042e-19 2.93417e-19 1.21985e-19 5.06641e-20 2.10221e-20 8.71467e-21 3.60943e-21 1.49366e-21 6.17592e-22 2.55154e-22 1.05333e-22 4.34506e-23 1.79106e-23 7.37761e-24 3.03684e-24 1.24922e-24 5.13538e-25 2.10976e-25 8.66217e-26 3.55437e-26 1.45763e-26 5.97429e-27 2.44731e-27 1.00198e-27 4.10017e-28 1.67698e-28 6.85546e-29 2.80116e-29 1.14403e-29 4.67019e-30 1.90564e-30 7.77241e-31 3.16874e-31 1.29133e-31 5.26033e-32 2.14198e-32 8.71865e-33 3.54747e-33 1.44287e-33 5.8665e-34 2.38438e-34 9.68775e-35 3.9348e-35 1.59763e-35 6.48471e-36 2.63127e-36 1.06734e-36 4.32823e-37 1.75463e-37 7.11106e-38
0.00510679 0.0100468 0.0118594 0.010888 0.0085682 0.00606839 0.00397954 0.00246059 0.00145225 0.000825377 0.000454665 0.00024395 0.000127982 6.58517e-05 3.33136e-05 1.66033e-05 8.16613e-06 3.96915e-06 1.90879e-06 9.09167e-07 4.29275e-07 2.01079e-07 9.35038e-08 4.31893e-08 1.98259e-08 9.04904e-09 4.10829e-09 1.85597e-09 8.3459e-10 3.7368e-10 1.66636e-10 7.40262e-11 3.27679e-11 1.4456e-11 6.35716e-12 2.78722e-12 1.21854e-12 5.31291e-13 2.31052e-13 1.00236e-13 4.33838e-14 1.87356e-14 8.07395e-15 3.47237e-15 1.49048e-15 6.38587e-16 2.73114e-16 1.16608e-16 4.97049e-17 2.11539e-17 8.98928e-18 3.81442e-18 1.61631e-18 6.83965e-19 2.89054e-19 1.22005e-19 5.14344e-20 2.1658e-20 9.10948e-21 3.82731e-21 1.60632e-21 6.73484e-22 2.82092e-22 1.18042e-22 4.93487e-23 2.06121e-23 8.60175e-24 3.58659e-24 1.49422e-24 6.22015e-25 2.58729e-25 1.07537e-25 4.46633e-26 1.85366e-26 7.68783e-27 3.18625e-27 1.31968e-27 5.46226e-28 2.25945e-28 9.34039e-29 3.85891e-29 1.59334e-29 6.57514e-30 2.7118e-30 1.11782e-30 4.60525e-31 1.89631e-31 7.80444e-32 3.21039e-32 1.31996e-32 5.42448e-33 2.22818e-33 9.1484e-34 3.75444e-34 1.54012e-34 6.31504e-35 2.58831e-35 1.06042e-35 4.34272e-36 1.77777e-36 7.27476e-37
0.00200937 0.00474374 0.00653281 0.00685456 0.00606839 0.00477545 0.00344482 0.0023236 0.00148568 0.000909329 0.00053669 0.000307158 0.000171214 9.32782e-05 4.981e-05 2.61316e-05 1.34951e-05 6.87165e-06 3.45484e-06 1.7171e-06 8.44533e-07 4.11417e-07 1.98671e-07 9.51645e-08 4.52452e-08 2.13631e-08 1.00222e-08 4.6737e-09 2.16734e-09 9.99815e-10 4.58963e-10 2.09715e-10 9.54095e-11 4.32287e-11 1.95105e-11 8.77348e-12 3.93155e-12 1.75599e-12 7.8184e-13 3.4707e-13 1.53632e-13 6.78212e-14 2.98624e-14 1.31162e-14 5.74729e-15 2.51265e-15 1.09611e-15 4.77168e-16 2.07308e-16 8.98928e-17 3.89071e-17 1.68096e-17 7.25003e-18 3.12178e-18 1.34206e-18 5.76065e-19 2.46902e-19 1.0567e-19 4.51622e-20 1.92759e-20 8.2165e-21 3.49794e-21 1.48733e-21 6.31663e-22 2.67957e-22 1.13543e-22 4.80603e-23 2.03215e-23 8.5838e-24 3.62221e-24 1.52703e-24 6.43152e-25 2.70634e-25 1.1378e-25 4.77938e-26 2.00591e-26 8.41189e-27 3.52474e-27 1.47578e-27 6.17426e-28 2.58122e-28 1.07832e-28 4.50158e-29 1.87794e-29 7.82893e-30 3.26165e-30 1.35797e-30 5.65028e-31 2.34953e-31 9.76406e-32 4.05529e-32 1.68331e-32 6.98325e-33 2.89542e-33 1.19986e-33 4.96955e-34 2.05721e-34 8.51173e-35 3.51998e-35 1.45495e-35 6.01103e-36
0.000790624 0.0021776 0.00342728 0.00404559 0.00397954 0.00344482 0.00271086 0.0019809 0.00136399 0.000894483 0.000563123 0.000342429 0.000202103 0.000116223 6.5329e-05 3.5987e-05 1.94697e-05 1.03645e-05 5.43749e-06 2.81511e-06 1.43996e-06 7.28459e-07 3.64797e-07 1.80981e-07 8.9013e-08 4.34296e-08 2.10317e-08 1.01143e-08 4.83244e-09 2.29481e-09 1.08353e-09 5.08851e-10 2.37758e-10 1.1056e-10 5.11786e-11 2.35893e-11 1.08286e-11 4.95166e-12 2.25596e-12 1.02421e-12 4.63445e-13 2.09037e-13 9.39995e-14 4.21468e-14 1.88448e-14 8.40352e-15 3.73781e-15 1.65847e-15 7.34125e-16 3.24226e-16 1.42882e-16 6.28336e-17 2.75758e-17 1.20785e-17 5.28059e-18 2.30442e-18 1.00387e-18 4.36568e-19 1.89546e-19 8.2165e-20 3.55624e-20 1.5369e-20 6.63246e-21 2.85821e-21 1.23005e-21 5.28663e-22 2.26923e-22 9.72831e-23 4.16554e-23 1.78153e-23 7.61063e-24 3.24761e-24 1.38432e-24 5.89457e-25 2.50739e-25 1.06551e-25 4.52342e-26 1.91852e-26 8.12944e-27 3.44162e-27 1.45574e-27 6.15217e-28 2.59781e-28 1.09605e-28 4.62067e-29 1.94643e-29 8.19291e-30 3.44598e-30 1.44833e-30 6.08294e-31 2.55301e-31 1.07077e-31 4.4879e-32 1.87978e-32 7.86846e-33 3.29153e-33 1.37606e-33 5.74929e-34 2.40067e-34 1.00184e-34 4.17844e-35
0.000311086 0.000979223 0.00173382 0.00227402 0.00246059 0.0023236 0.0019809 0.00155885 0.00115005 0.000804461 0.000538102 0.000346462 0.000215843 0.000130658 7.71149e-05 4.45021e-05 2.51709e-05 1.39821e-05 7.64102e-06 4.11417e-06 2.18538e-06 1.14651e-06 5.94651e-07 3.05187e-07 1.55106e-07 7.81176e-08 3.90122e-08 1.93298e-08 9.50708e-09 4.64368e-09 2.25348e-09 1.08689e-09 5.2121e-10 2.48582e-10 1.17947e-10 5.569e-11 2.6173e-11 1.22466e-11 5.70632e-12 2.64826e-12 1.22436e-12 5.63997e-13 2.58902e-13 1.18453e-13 5.40226e-14 2.45628e-14 1.11354e-14 5.034e-15 2.26958e-15 1.02058e-15 4.57788e-16 2.04848e-16 9.14518e-17 4.0736e-17 1.81061e-17 8.03092e-18 3.55491e-18 1.57052e-18 6.92534e-19 3.0482e-19 1.3393e-19 5.87446e-20 2.57239e-20 1.12462e-20 4.90901e-21 2.13956e-21 9.31138e-22 4.04652e-22 1.75608e-22 7.61063e-23 3.294e-23 1.42387e-23 6.14719e-24 2.65066e-24 1.14161e-24 4.91114e-25 2.11037e-25 9.05852e-26 3.88412e-26 1.6637e-26 7.11893e-27 3.04315e-27 1.2996e-27 5.5448e-28 2.36352e-28 1.00656e-28 4.28286e-29 1.82076e-29 7.73402e-30 3.28245e-30 1.392e-30 5.89839e-31 2.49742e-31 1.05662e-31 4.46708e-32 1.88717e-32 7.96688e-33 3.36094e-33 1.41689e-33 5.9692e-34 2.51311e-34
0.000122403 0.000433456 0.000852759 0.00123029 0.00145225 0.00148568 0.00136399 0.00115005 0.000905019 0.000672628 0.000476385 0.000323765 0.000212319 0.000134951 8.34415e-05 5.03419e-05 2.9712e-05 1.71923e-05 9.77114e-06 5.46344e-06 3.00958e-06 1.63529e-06 8.77414e-07 4.65317e-07 2.44117e-07 1.2679e-07 6.52379e-08 3.32748e-08 1.68334e-08 8.45056e-09 4.21171e-09 2.08484e-09 1.0254e-09 5.01273e-10 2.43644e-10 1.17779e-10 5.66406e-11 2.7105e-11 1.29102e-11 6.12179e-12 2.89049e-12 1.35923e-12 6.36686e-13 2.97124e-13 1.38166e-13 6.40286e-14 2.95747e-14 1.36175e-14 6.25107e-15 2.86117e-15 1.30591e-15 5.94437e-16 2.69876e-16 1.22216e-16 5.52126e-17 2.48844e-17 1.119e-17 5.02087e-18 2.24805e-18 1.00448e-18 4.47928e-19 1.9936e-19 8.85637e-20 3.92721e-20 1.73839e-20 7.68189e-21 3.38896e-21 1.49267e-21 6.56417e-22 2.88225e-22 1.26369e-22 5.53247e-23 2.41873e-23 1.05599e-23 4.6042e-24 2.00485e-24 8.71883e-25 3.78702e-25 1.6429e-25 7.11893e-26 3.08119e-26 1.33209e-26 5.75273e-27 2.48169e-27 1.06947e-27 4.60408e-28 1.98008e-28 8.50743e-29 3.65172e-29 1.56599e-29 6.70942e-30 2.87203e-30 1.22832e-30 5.24882e-31 2.24102e-31 9.56026e-32 4.07514e-32 1.73569e-32 7.38689e-33 3.14138e-33 1.33492e-33
4.81618e-05 0.000189502 0.000410098 0.000645443 0.000825377 0.000909329 0.000894483 0.000804461 0.000672628 0.000529317 0.000395713 0.000283093 0.000194929 0.000129798 8.39032e-05 5.28213e-05 3.24743e-05 1.95423e-05 1.15339e-05 6.68795e-06 3.81568e-06 2.14479e-06 1.18914e-06 6.5098e-07 3.52193e-07 1.88465e-07 9.98244e-08 5.23704e-08 2.72296e-08 1.4039e-08 7.18111e-09 3.64587e-09 1.838e-09 9.20432e-10 4.58028e-10 2.26562e-10 1.11432e-10 5.45099e-11 2.65278e-11 1.28466e-11 6.19206e-12 2.9712e-12 1.41959e-12 6.75476e-13 3.20143e-13 1.5116e-13 7.11135e-14 3.3339e-14 1.55775e-14 7.25505e-15 3.36847e-15 1.55928e-15 7.19718e-16 3.31275e-16 1.52071e-16 6.96266e-17 3.17988e-17 1.44874e-17 6.5849e-18 2.98619e-18 1.35122e-18 6.10105e-19 2.74905e-19 1.23619e-19 5.54803e-20 2.48524e-20 1.11121e-20 4.95959e-21 2.20973e-21 9.82868e-22 4.36451e-22 1.93499e-22 8.56527e-23 3.78567e-23 1.67071e-23 7.36257e-24 3.24e-24 1.42385e-24 6.24884e-25 2.73884e-25 1.19888e-25 5.24138e-26 2.28867e-26 9.9817e-27 4.34829e-27 1.89208e-27 8.22384e-28 3.57057e-28 1.54859e-28 6.70942e-29 2.90394e-29 1.25562e-29 5.42378e-30 2.34062e-30 1.00914e-30 4.34682e-31 1.87068e-31 8.0435e-32 3.45552e-32 1.48325e-32 6.36137e-33
1.89502e-05 8.20195e-05 0.000193633 0.000330151 0.000454665 0.00053669 0.000563123 0.000538102 0.000476385 0.000395713 0.000311402 0.000233915 0.000168737 0.000117464 7.9232e-05 5.19589e-05 3.32219e-05 2.07611e-05 1.27071e-05 7.63136e-06 4.50406e-06 2.61612e-06 1.49725e-06 8.45264e-07 4.71163e-07 2.59543e-07 1.414e-07 7.62428e-08 4.07132e-08 2.15433e-08 1.13022e-08 5.8816e-09 3.03743e-09 1.5573e-09 7.92968e-10 4.01154e-10 2.01687e-10 1.00806e-10 5.01018e-11 2.47683e-11 1.21819e-11 5.96229e-12 2.90455e-12 1.40863e-12 6.80219e-13 3.27122e-13 1.56693e-13 7.4772e-14 3.55497e-14 1.68424e-14 7.95235e-15 3.74254e-15 1.75576e-15 8.21185e-16 3.82946e-16 1.78074e-16 8.25784e-17 3.81924e-17 1.76185e-17 8.10731e-18 3.72164e-18 1.70441e-18 7.788e-19 3.55074e-19 1.61541e-19 7.33399e-20 3.32293e-20 1.50261e-20 6.78179e-21 3.05515e-21 1.37384e-21 6.167e-22 2.76354e-22 1.23632e-22 5.52192e-23 2.4624e-23 1.09636e-23 4.8741e-24 2.16368e-24 9.59107e-25 4.24552e-25 1.87671e-25 8.28481e-26 3.65257e-26 1.60827e-26 7.07251e-27 3.1064e-27 1.36276e-27 5.97138e-28 2.61355e-28 1.14261e-28 4.98988e-29 2.17677e-29 9.4859e-30 4.12947e-30 1.79586e-30 7.8022e-31 3.38641e-31 1.46841e-31 6.36137e-32 2.7533e-32
7.45632e-06 3.5206e-05 9.00411e-05 0.000165333 0.00024395 0.000307158 0.000342429 0.000346462 0.000323765 0.000283093 0.000233915 0.000184077 0.000138822 0.000100841 7.08531e-05 4.83227e-05 3.20853e-05 2.07934e-05 1.31814e-05 8.1892e-06 4.99441e-06 2.99451e-06 1.76737e-06 1.02799e-06 5.89871e-07 3.34219e-07 1.87141e-07 1.03634e-07 5.67961e-08 3.08241e-08 1.65754e-08 8.83615e-09 4.67189e-09 2.45099e-09 1.2764e-09 6.60066e-10 3.39073e-10 1.73079e-10 8.78147e-11 4.42979e-11 2.22231e-11 1.10901e-11 5.50646e-12 2.72088e-12 1.33823e-12 6.55264e-13 3.1948e-13 1.55126e-13 7.50251e-14 3.6147e-14 1.73518e-14 8.29996e-15 3.95662e-15 1.87992e-15 8.90368e-16 4.20399e-16 1.97906e-16 9.28975e-17 4.34847e-17 2.02999e-17 9.45173e-18 4.3896e-18 2.03361e-18 9.39872e-19 4.33372e-19 1.99376e-19 9.15229e-20 4.19238e-20 1.91642e-20 8.74262e-21 3.98052e-21 1.80886e-21 8.20469e-22 3.71475e-22 1.67891e-22 7.57488e-23 3.41187e-23 1.53425e-23 6.88813e-24 3.08765e-24 1.38194e-24 6.17595e-25 2.75603e-25 1.22813e-25 5.46512e-26 2.42864e-26 1.07782e-26 4.7771e-27 2.1146e-27 9.34865e-28 4.12799e-28 1.82057e-28 8.0199e-29 3.52882e-29 1.55097e-29 6.80919e-30 2.9862e-30 1.30822e-30 5.72523e-31 2.503e-31 1.09319e-31
2.93383e-06 1.50069e-05 4.13332e-05 8.13166e-05 0.000127982 0.000171214 0.000202103 0.000215843 0.000212319 0.000194929 0.000168737 0.000138822 0.000109244 8.26619e-05 6.04034e-05 4.27804e-05 2.94574e-05 1.97722e-05 1.29662e-05 8.32401e-06 5.24039e-06 3.24018e-06 1.97032e-06 1.17974e-06 6.96289e-07 4.05473e-07 2.33176e-07 1.32524e-07 7.44917e-08 4.14385e-08 2.28267e-08 1.24584e-08 6.74023e-09 3.61646e-09 1.92519e-09 1.01722e-09 5.3366e-10 2.7808e-10 1.43968e-10 7.4077e-11 3.78911e-11 1.92726e-11 9.7498e-12 4.90683e-12 2.45724e-12 1.22467e-12 6.07577e-13 3.001e-13 1.476e-13 7.2299e-14 3.52748e-14 1.71453e-14 8.30297e-15 4.00666e-15 1.92683e-15 9.23562e-16 4.41263e-16 2.10176e-16 9.98077e-17 4.72586e-17 2.23138e-17 1.0507e-17 4.93433e-18 2.31132e-18 1.07995e-18 5.03376e-19 2.34074e-19 1.08597e-19 5.027e-20 2.32197e-20 1.07024e-20 4.92281e-21 2.25981e-21 1.03533e-21 4.7343e-22 2.16085e-22 9.84475e-23 4.47728e-23 2.0327e-23 9.21295e-24 4.16877e-24 1.88329e-24 8.49457e-25 3.82558e-25 1.72029e-25 7.72439e-26 3.4634e-26 1.55071e-26 6.93358e-27 3.09599e-27 1.3806e-27 6.14859e-28 2.73484e-28 1.21492e-28 5.39061e-29 2.38896e-29 1.05748e-29 4.67561e-30 2.06498e-30 9.10991e-31 4.01461e-31
1.15437e-06 6.35895e-06 1.87654e-05 3.93792e-05 6.58517e-05 9.32782e-05 0.000116223 0.000130658 0.000134951 0.000129798 0.000117464 0.000100841 8.26619e-05 6.50499e-05 4.9362e-05 3.62552e-05 2.58559e-05 1.79532e-05 1.21659e-05 8.06214e-06 5.23414e-06 3.33438e-06 2.08724e-06 1.28546e-06 7.79756e-07 4.66351e-07 2.75242e-07 1.60444e-07 9.24398e-08 5.2677e-08 2.97084e-08 1.65913e-08 9.18026e-09 5.03512e-09 2.73867e-09 1.47783e-09 7.91458e-10 4.2083e-10 2.22231e-10 1.16588e-10 6.07828e-11 3.14994e-11 1.62303e-11 8.31681e-12 4.23926e-12 2.14989e-12 1.08498e-12 5.44986e-13 2.72512e-13 1.35672e-13 6.72625e-14 3.32119e-14 1.63348e-14 8.00375e-15 3.90738e-15 1.90083e-15 9.21541e-16 4.45296e-16 2.14481e-16 1.02987e-16 4.93019e-17 2.3533e-17 1.1201e-17 5.31668e-18 2.51688e-18 1.18838e-18 5.59692e-19 2.62951e-19 1.23243e-19 5.76285e-20 2.68861e-20 1.25158e-20 5.81377e-21 2.69491e-21 1.24664e-21 5.75539e-22 2.65193e-22 1.21962e-22 5.59864e-23 2.56539e-23 1.17343e-23 5.35811e-24 2.44249e-24 1.11157e-24 5.05056e-25 2.29117e-25 1.03778e-25 4.6935e-26 2.11956e-26 9.55802e-27 4.30401e-27 1.93542e-27 8.69138e-28 3.89783e-28 1.74578e-28 7.80909e-29 3.48872e-29 1.55668e-29 6.93755e-30 3.08816e-30 1.37306e-30
4.54211e-07 2.68077e-06 8.4384e-06 1.88148e-05 3.33136e-05 4.981e-05 6.5329e-05 7.71149e-05 8.34415e-05 8.39032e-05 7.9232e-05 7.08531e-05 6.04034e-05 4.9362e-05 3.88449e-05 2.95496e-05 2.18004e-05 1.56418e-05 1.09415e-05 7.47734e-06 5.00157e-06 3.27994e-06 2.11182e-06 1.33672e-06 8.3277e-07 5.11164e-07 3.09427e-07 1.8488e-07 1.09117e-07 6.36609e-08 3.6738e-08 2.09834e-08 1.18685e-08 6.65105e-09 3.69457e-09 2.03518e-09 1.11219e-09 6.03198e-10 3.24781e-10 1.73665e-10 9.22481e-11 4.86909e-11 2.55445e-11 1.33234e-11 6.91036e-12 3.56493e-12 1.8296e-12 9.34325e-13 4.74853e-13 2.40223e-13 1.20986e-13 6.06722e-14 3.02999e-14 1.50713e-14 7.46753e-15 3.68616e-15 1.81299e-15 8.88566e-16 4.34015e-16 2.11294e-16 1.02536e-16 4.96044e-17 2.39251e-17 1.15057e-17 5.51747e-18 2.63855e-18 1.25841e-18 5.98608e-19 2.84026e-19 1.34431e-19 6.34732e-20 2.98994e-20 1.4052e-20 6.5894e-21 3.08324e-21 1.43962e-21 6.70791e-22 3.11924e-22 1.44762e-22 6.70533e-23 3.10005e-23 1.4306e-23 6.59002e-24 3.03034e-24 1.39107e-24 6.37494e-25 2.91668e-25 1.3323e-25 6.07617e-26 2.76686e-26 1.25803e-26 5.71148e-27 2.58927e-27 1.17217e-27 5.29902e-28 2.39227e-28 1.07855e-28 4.85628e-29 2.18377e-29 9.80756e-30 4.39923e-30
1.78718e-07 1.12512e-06 3.76295e-06 8.88364e-06 1.66033e-05 2.61316e-05 3.5987e-05 4.45021e-05 5.03419e-05 5.28213e-05 5.19589e-05 4.83227e-05 4.27804e-05 3.62552e-05 2.95496e-05 2.32537e-05 1.77274e-05 1.31298e-05 9.47129e-06 6.66877e-06 4.59192e-06 3.09734e-06 2.04964e-06 1.33243e-06 8.51941e-07 5.3634e-07 3.32783e-07 2.03685e-07 1.23078e-07 7.34759e-08 4.33658e-08 2.53194e-08 1.46323e-08 8.37435e-09 4.74875e-09 2.66927e-09 1.48789e-09 8.22779e-10 4.5153e-10 2.45995e-10 1.33088e-10 7.15245e-11 3.81937e-11 2.02704e-11 1.06948e-11 5.61076e-12 2.92755e-12 1.51953e-12 7.84729e-13 4.03287e-13 2.06285e-13 1.0504e-13 5.3252e-14 2.68831e-14 1.35159e-14 6.7685e-15 3.37655e-15 1.67819e-15 8.31089e-16 4.10146e-16 2.01725e-16 9.88903e-17 4.83241e-17 2.35412e-17 1.14337e-17 5.537e-18 2.67378e-18 1.28759e-18 6.18381e-19 2.96208e-19 1.41524e-19 6.74497e-20 3.20684e-20 1.52107e-20 7.1981e-21 3.39868e-21 1.60121e-21 7.5276e-22 3.53147e-22 1.65336e-22 7.72524e-23 3.60254e-23 1.67679e-23 7.78999e-24 3.61246e-24 1.67223e-24 7.72733e-25 3.56468e-25 1.64167e-25 7.54815e-26 3.46496e-26 1.58809e-26 7.26743e-27 3.32072e-27 1.5151e-27 6.90275e-28 3.1404e-28 1.42673e-28 6.47299e-29 2.93282e-29 1.32707e-29
7.032e-08 4.70369e-07 1.66568e-06 4.15083e-06 8.16613e-06 1.34951e-05 1.94697e-05 2.51709e-05 2.9712e-05 3.24743e-05 3.32219e-05 3.20853e-05 2.94574e-05 2.58559e-05 2.18004e-05 1.77274e-05 1.39504e-05 1.06552e-05 7.91916e-06 5.7399e-06 4.06526e-06 2.81826e-06 1.91537e-06 1.27791e-06 8.38031e-07 5.40773e-07 3.43718e-07 2.15386e-07 1.33175e-07 8.13108e-08 4.90564e-08 2.92646e-08 1.72721e-08 1.00911e-08 5.83902e-09 3.34775e-09 1.90268e-09 1.07238e-09 5.99613e-10 3.32721e-10 1.83282e-10 1.00258e-10 5.44767e-11 2.94107e-11 1.57803e-11 8.41671e-12 4.46362e-12 2.35419e-12 1.23507e-12 6.44642e-13 3.34814e-13 1.73069e-13 8.90503e-14 4.56163e-14 2.32667e-14 1.18179e-14 5.97856e-15 3.0127e-15 1.51241e-15 7.56468e-16 3.77019e-16 1.87256e-16 9.26935e-17 4.57348e-17 2.2494e-17 1.10294e-17 5.39177e-18 2.62812e-18 1.2774e-18 6.19166e-19 2.99308e-19 1.44308e-19 6.93987e-20 3.32912e-20 1.59313e-20 7.60575e-21 3.62266e-21 1.72159e-21 8.16346e-22 3.86262e-22 1.82379e-22 8.59353e-23 4.04106e-23 1.89654e-23 8.88371e-24 4.15344e-24 1.9383e-24 9.0292e-25 4.19866e-25 1.94904e-25 9.03224e-26 4.17877e-26 1.93017e-26 8.90123e-27 4.09851e-27 1.88424e-27 8.64955e-28 3.96471e-28 1.81468e-28 8.2942e-29 3.78567e-29
2.76688e-08 1.95963e-07 7.325e-07 1.92144e-06 3.96915e-06 6.87165e-06 1.03645e-05 1.39821e-05 1.71923e-05 1.95423e-05 2.07611e-05 2.07934e-05 1.97722e-05 1.79532e-05 1.56418e-05 1.31298e-05 1.06552e-05 8.38499e-06 6.41518e-06 4.78265e-06 3.48138e-06 2.47872e-06 1.72894e-06 1.1831e-06 7.95254e-07 5.25686e-07 3.42084e-07 2.19347e-07 1.38707e-07 8.65702e-08 5.33649e-08 3.25122e-08 1.95886e-08 1.1678e-08 6.89243e-09 4.0292e-09 2.33401e-09 1.34031e-09 7.63301e-10 4.31251e-10 2.418e-10 1.34589e-10 7.43917e-11 4.0843e-11 2.22795e-11 1.2078e-11 6.50863e-12 3.48725e-12 1.85809e-12 9.84747e-13 5.19207e-13 2.72389e-13 1.42215e-13 7.3906e-14 3.82345e-14 1.96941e-14 1.01014e-14 5.16e-15 2.62539e-15 1.33066e-15 6.71918e-16 3.38059e-16 1.69488e-16 8.46835e-17 4.21711e-17 2.09327e-17 1.03579e-17 5.10959e-18 2.51309e-18 1.23245e-18 6.02698e-19 2.93924e-19 1.42956e-19 6.9348e-20 3.35548e-20 1.61954e-20 7.7978e-21 3.74559e-21 1.79498e-21 8.58253e-22 4.09457e-22 1.94921e-22 9.25959e-23 4.3896e-23 2.07672e-23 9.8055e-24 4.62083e-24 2.17342e-24 1.02038e-24 4.78177e-25 2.23687e-25 1.04456e-25 4.86949e-26 2.26623e-26 1.05296e-26 4.88445e-27 2.26222e-27 1.04611e-27 4.83015e-28 2.22687e-28 1.02516e-28
1.08868e-08 8.13889e-08 3.2024e-07 8.82034e-07 1.90879e-06 3.45484e-06 5.43749e-06 7.64102e-06 9.77114e-06 1.15339e-05 1.27071e-05 1.31814e-05 1.29662e-05 1.21659e-05 1.09415e-05 9.47129e-06 7.91916e-06 6.41518e-06 5.04836e-06 3.8682e-06 2.89184e-06 2.11315e-06 1.51174e-06 1.06034e-06 7.30119e-07 4.94121e-07 3.29021e-07 2.15766e-07 1.39474e-07 8.89415e-08 5.59932e-08 3.48242e-08 2.14097e-08 1.3019e-08 7.83455e-09 4.66802e-09 2.75508e-09 1.61141e-09 9.34377e-10 5.37333e-10 3.06565e-10 1.73581e-10 9.75695e-11 5.44611e-11 3.01951e-11 1.66332e-11 9.10559e-12 4.9549e-12 2.6807e-12 1.44224e-12 7.7177e-13 4.10844e-13 2.17612e-13 1.14703e-13 6.01764e-14 3.14266e-14 1.634e-14 8.45958e-15 4.3616e-15 2.23973e-15 1.14564e-15 5.83791e-16 2.96392e-16 1.49942e-16 7.55904e-17 3.79789e-17 1.9019e-17 9.49388e-18 4.72437e-18 2.34383e-18 1.15937e-18 5.71825e-19 2.81245e-19 1.37947e-19 6.74809e-20 3.29241e-20 1.60228e-20 7.77826e-21 3.76678e-21 1.81981e-21 8.77147e-22 4.21826e-22 2.02409e-22 9.69136e-23 4.63038e-23 2.20773e-23 1.05049e-23 4.98853e-24 2.36432e-24 1.11844e-24 5.28084e-25 2.48885e-25 1.17089e-25 5.49877e-26 2.5779e-26 1.20651e-26 5.63738e-27 2.62975e-27 1.22478e-27 5.69533e-28 2.6443e-28
4.28363e-09 3.37095e-08 1.39268e-07 4.01851e-07 9.09167e-07 1.7171e-06 2.81511e-06 4.11417e-06 5.46344e-06 6.68795e-06 7.63136e-06 8.1892e-06 8.32401e-06 8.06214e-06 7.47734e-06 6.66877e-06 5.7399e-06 4.78265e-06 3.8682e-06 3.04404e-06 2.33558e-06 1.75044e-06 1.28357e-06 9.22256e-07 6.50159e-07 4.50239e-07 3.06615e-07 2.05541e-07 1.35753e-07 8.84103e-08 5.68184e-08 3.60585e-08 2.2612e-08 1.40197e-08 8.59899e-09 5.22016e-09 3.13801e-09 1.86875e-09 1.10295e-09 6.45399e-10 3.74569e-10 2.1568e-10 1.23254e-10 6.99255e-11 3.93944e-11 2.20451e-11 1.22568e-11 6.77229e-12 3.71946e-12 2.03097e-12 1.10279e-12 5.9557e-13 3.19962e-13 1.71028e-13 9.09717e-14 4.816e-14 2.53788e-14 1.33143e-14 6.95494e-15 3.61782e-15 1.87428e-15 9.67174e-16 4.97175e-16 2.5462e-16 1.29928e-16 6.60662e-17 3.34784e-17 1.69083e-17 8.51179e-18 4.27135e-18 2.13682e-18 1.06577e-18 5.30009e-19 2.6282e-19 1.29963e-19 6.40912e-20 3.15224e-20 1.54636e-20 7.56656e-21 3.69325e-21 1.79831e-21 8.73556e-22 4.23359e-22 2.04711e-22 9.87668e-23 4.75484e-23 2.28422e-23 1.09505e-23 5.23899e-24 2.50145e-24 1.19203e-24 5.66956e-25 2.6915e-25 1.27538e-25 6.03257e-26 2.84836e-26 1.34256e-26 6.31727e-27 2.96756e-27 1.39174e-27 6.51652e-28
1.68548e-09 1.39268e-08 6.02777e-08 1.81833e-07 4.29275e-07 8.44533e-07 1.43996e-06 2.18538e-06 3.00958e-06 3.81568e-06 4.50406e-06 4.99441e-06 5.24039e-06 5.23414e-06 5.00157e-06 4.59192e-06 4.06526e-06 3.48138e-06 2.89184e-06 2.33558e-06 1.83796e-06 1.41193e-06 1.06059e-06 7.80191e-07 5.62799e-07 3.98599e-07 2.7748e-07 1.90054e-07 1.28195e-07 8.52275e-08 5.58907e-08 3.61792e-08 2.31325e-08 1.46183e-08 9.13528e-09 5.64843e-09 3.45719e-09 2.0956e-09 1.25853e-09 7.49137e-10 4.42144e-10 2.58833e-10 1.5034e-10 8.66676e-11 4.96015e-11 2.81908e-11 1.59149e-11 8.92671e-12 4.97588e-12 2.75698e-12 1.5187e-12 8.31902e-13 4.53223e-13 2.45624e-13 1.3244e-13 7.10605e-14 3.79459e-14 2.01693e-14 1.06726e-14 5.62283e-15 2.94988e-15 1.54124e-15 8.02054e-16 4.15769e-16 2.14715e-16 1.10479e-16 5.66427e-17 2.89401e-17 1.47362e-17 7.47887e-18 3.78348e-18 1.90803e-18 9.59294e-19 4.80864e-19 2.40342e-19 1.19785e-19 5.95349e-20 2.95096e-20 1.45883e-20 7.19324e-21 3.5379e-21 1.73577e-21 8.49552e-22 4.1482e-22 2.02081e-22 9.82215e-23 4.76348e-23 2.30515e-23 1.11315e-23 5.36413e-24 2.57965e-24 1.23809e-24 5.93054e-25 2.83531e-25 1.35297e-25 6.44427e-26 3.06388e-26 1.45411e-26 6.88911e-27 3.25826e-27 1.53843e-27
6.63183e-10 5.74073e-09 2.59762e-08 8.17667e-08 2.01079e-07 4.11417e-07 7.28459e-07 1.14651e-06 1.63529e-06 2.14479e-06 2.61612e-06 2.99451e-06 3.24018e-06 3.33438e-06 3.27994e-06 3.09734e-06 2.81826e-06 2.47872e-06 2.11315e-06 1.75044e-06 1.41193e-06 1.1111e-06 8.54495e-07 6.43199e-07 4.74523e-07 3.43547e-07 2.44355e-07 1.70927e-07 1.17695e-07 7.98439e-08 5.34074e-08 3.52496e-08 2.29716e-08 1.47905e-08 9.41404e-09 5.92662e-09 3.69224e-09 2.27734e-09 1.39126e-09 8.42179e-10 5.05342e-10 3.00679e-10 1.77462e-10 1.03927e-10 6.04088e-11 3.48612e-11 1.99788e-11 1.13734e-11 6.43296e-12 3.61596e-12 2.02033e-12 1.12227e-12 6.19907e-13 3.4056e-13 1.86111e-13 1.01189e-13 5.47453e-14 2.94766e-14 1.57975e-14 8.42823e-15 4.47694e-15 2.36797e-15 1.24731e-15 6.5437e-16 3.41958e-16 1.7802e-16 9.23326e-17 4.77171e-17 2.45734e-17 1.26116e-17 6.45096e-18 3.28901e-18 1.67158e-18 8.46919e-19 4.27804e-19 2.1546e-19 1.08202e-19 5.41852e-20 2.70603e-20 1.34777e-20 6.69512e-21 3.3173e-21 1.63953e-21 8.08323e-22 3.97563e-22 1.95076e-22 9.54993e-23 4.66461e-23 2.27337e-23 1.10556e-23 5.36507e-24 2.59814e-24 1.25564e-24 6.05615e-25 2.91526e-25 1.40063e-25 6.71659e-26 3.21492e-26 1.53604e-26 7.32586e-27 3.48783e-27
2.60942e-10 2.36147e-09 1.115e-08 3.65599e-08 9.35038e-08 1.98671e-07 3.64797e-07 5.94651e-07 8.77414e-07 1.18914e-06 1.49725e-06 1.76737e-06 1.97032e-06 2.08724e-06 2.11182e-06 2.04964e-06 1.91537e-06 1.72894e-06 1.51174e-06 1.28357e-06 1.06059e-06 8.54495e-07 6.72435e-07 5.17661e-07 3.90394e-07 2.88783e-07 2.09774e-07 1.49794e-07 1.05249e-07 7.28283e-08 4.96699e-08 3.34132e-08 2.21857e-08 1.4549e-08 9.42871e-09 6.04185e-09 3.83007e-09 2.40308e-09 1.49295e-09 9.18803e-10 5.60357e-10 3.38792e-10 2.0313e-10 1.20818e-10 7.1307e-11 4.17739e-11 2.42978e-11 1.40355e-11 8.05373e-12 4.59167e-12 2.60162e-12 1.46523e-12 8.20439e-13 4.56818e-13 2.52973e-13 1.39352e-13 7.63713e-14 4.16479e-14 2.2603e-14 1.22098e-14 6.56573e-15 3.51514e-15 1.87388e-15 9.94787e-16 5.25968e-16 2.76998e-16 1.4532e-16 7.59543e-17 3.95546e-17 2.05258e-17 1.06145e-17 5.47061e-18 2.81023e-18 1.43898e-18 7.34521e-19 3.73788e-19 1.89648e-19 9.5941e-20 4.83973e-20 2.43459e-20 1.22137e-20 6.11097e-21 3.04958e-21 1.51797e-21 7.53703e-22 3.73315e-22 1.84464e-22 9.09348e-23 4.47251e-23 2.1948e-23 1.07469e-23 5.25085e-24 2.5601e-24 1.24561e-24 6.04817e-25 2.93087e-25 1.41749e-25 6.84235e-26 3.29664e-26 1.58538e-26 7.61032e-27
1.02673e-10 9.69566e-10 4.76868e-09 1.62615e-08 4.31893e-08 9.51645e-08 1.80981e-07 3.05187e-07 4.65317e-07 6.5098e-07 8.45264e-07 1.02799e-06 1.17974e-06 1.28546e-06 1.33672e-06 1.33243e-06 1.27791e-06 1.1831e-06 1.06034e-06 9.22256e-07 7.80191e-07 6.43199e-07 5.17661e-07 4.07368e-07 3.13895e-07 2.37135e-07 1.75845e-07 1.28129e-07 9.1827e-08 6.47868e-08 4.50352e-08 3.0867e-08 2.08746e-08 1.39381e-08 9.19412e-09 5.99489e-09 3.86582e-09 2.46662e-09 1.55797e-09 9.74534e-10 6.03933e-10 3.70933e-10 2.25876e-10 1.36413e-10 8.17316e-11 4.85956e-11 2.86813e-11 1.68078e-11 9.78224e-12 5.65569e-12 3.249e-12 1.85491e-12 1.05267e-12 5.93936e-13 3.33232e-13 1.85947e-13 1.03214e-13 5.69988e-14 3.13209e-14 1.7128e-14 9.32276e-15 5.05132e-15 2.72485e-15 1.46356e-15 7.8282e-16 4.17006e-16 2.21258e-16 1.16944e-16 6.15774e-17 3.23051e-17 1.68875e-17 8.79725e-18 4.56719e-18 2.36324e-18 1.21887e-18 6.26664e-19 3.21194e-19 1.6413e-19 8.36229e-20 4.24824e-20 2.15212e-20 1.08724e-20 5.47788e-21 2.75265e-21 1.37964e-21 6.89736e-22 3.43971e-22 1.71122e-22 8.49292e-23 4.20529e-23 2.07751e-23 1.02404e-23 5.03661e-24 2.47186e-24 1.21058e-24 5.91646e-25 2.88568e-25 1.40465e-25 6.82401e-26 3.30883e-26 1.60137e-26
4.03986e-11 3.9739e-10 2.03269e-09 7.19821e-09 1.98259e-08 4.52452e-08 8.9013e-08 1.55106e-07 2.44117e-07 3.52193e-07 4.71163e-07 5.89871e-07 6.96289e-07 7.79756e-07 8.3277e-07 8.51941e-07 8.38031e-07 7.95254e-07 7.30119e-07 6.50159e-07 5.62799e-07 4.74523e-07 3.90394e-07 3.13895e-07 2.47016e-07 1.90499e-07 1.44145e-07 1.07131e-07 7.8284e-08 5.6294e-08 3.98699e-08 2.78328e-08 1.91649e-08 1.3025e-08 8.74255e-09 5.79873e-09 3.8027e-09 2.46679e-09 1.58362e-09 1.00655e-09 6.33677e-10 3.95283e-10 2.44407e-10 1.49841e-10 9.11168e-11 5.49726e-11 3.29152e-11 1.95645e-11 1.1547e-11 6.76875e-12 3.94168e-12 2.28078e-12 1.31161e-12 7.49773e-13 4.26129e-13 2.40833e-13 1.35372e-13 7.56921e-14 4.21063e-14 2.33069e-14 1.28388e-14 7.0392e-15 3.84186e-15 2.08752e-15 1.12939e-15 6.0846e-16 3.26469e-16 1.74469e-16 9.28771e-17 4.92553e-17 2.60252e-17 1.37016e-17 7.18819e-18 3.7582e-18 1.95833e-18 1.01711e-18 5.26583e-19 2.71774e-19 1.39838e-19 7.17375e-20 3.66944e-20 1.87161e-20 9.51959e-21 4.82875e-21 2.44281e-21 1.23256e-21 6.20317e-22 3.11407e-22 1.55946e-22 7.79066e-23 3.88282e-23 1.9307e-23 9.57846e-24 4.74143e-24 2.34193e-24 1.15427e-24 5.67714e-25 2.78647e-25 1.36489e-25 6.67237e-26 3.25546e-26
1.58956e-11 1.62615e-10 8.63786e-10 3.17215e-09 9.04904e-09 2.13631e-08 4.34296e-08 7.81176e-08 1.2679e-07 1.88465e-07 2.59543e-07 3.34219e-07 4.05473e-07 4.66351e-07 5.11164e-07 5.3634e-07 5.40773e-07 5.25686e-07 4.94121e-07 4.50239e-07 3.98599e-07 3.43547e-07 2.88783e-07 2.37135e-07 1.90499e-07 1.49911e-07 1.15702e-07 8.76781e-08 6.5301e-08 4.78439e-08 3.45127e-08 2.45311e-08 1.7193e-08 1.18899e-08 8.11822e-09 5.47589e-09 3.65084e-09 2.4071e-09 1.57023e-09 1.01388e-09 6.48265e-10 4.10604e-10 2.57727e-10 1.60366e-10 9.89506e-11 6.0564e-11 3.67812e-11 2.21703e-11 1.32667e-11 7.88335e-12 4.65279e-12 2.72814e-12 1.58952e-12 9.2044e-13 5.29834e-13 3.03234e-13 1.72578e-13 9.76867e-14 5.50043e-14 3.0813e-14 1.71757e-14 9.5278e-15 5.26055e-15 2.89124e-15 1.582e-15 8.61877e-16 4.67577e-16 2.52626e-16 1.35945e-16 7.28706e-17 3.89124e-17 2.0702e-17 1.09739e-17 5.79664e-18 3.05134e-18 1.60081e-18 8.37065e-19 4.36294e-19 2.2669e-19 1.17422e-19 6.06402e-20 3.12243e-20 1.60315e-20 8.20785e-21 4.19071e-21 2.13389e-21 1.0837e-21 5.48931e-22 2.77347e-22 1.39782e-22 7.02775e-23 3.52487e-23 1.76381e-23 8.80567e-24 4.38624e-24 2.18002e-24 1.08115e-24 5.35039e-25 2.64226e-25 1.30218e-25 6.40462e-26
6.25443e-12 6.6445e-11 3.66017e-10 1.39216e-09 4.10829e-09 1.00222e-08 2.10317e-08 3.90122e-08 6.52379e-08 9.98244e-08 1.414e-07 1.87141e-07 2.33176e-07 2.75242e-07 3.09427e-07 3.32783e-07 3.43718e-07 3.42084e-07 3.29021e-07 3.06615e-07 2.7748e-07 2.44355e-07 2.09774e-07 1.75845e-07 1.44145e-07 1.15702e-07 9.10503e-08 7.03242e-08 5.33644e-08 3.98223e-08 2.92486e-08 2.11606e-08 1.5091e-08 1.06161e-08 7.37139e-09 5.05501e-09 3.42549e-09 2.29494e-09 1.52083e-09 9.9733e-10 6.47491e-10 4.16328e-10 2.6522e-10 1.67455e-10 1.04822e-10 6.50745e-11 4.00771e-11 2.44925e-11 1.48571e-11 8.94767e-12 5.35136e-12 3.17904e-12 1.87628e-12 1.10042e-12 6.41456e-13 3.71707e-13 2.14159e-13 1.22702e-13 6.99219e-14 3.96361e-14 2.23537e-14 1.25444e-14 7.0057e-15 3.89414e-15 2.15469e-15 1.18693e-15 6.50997e-16 3.55548e-16 1.93387e-16 1.04764e-16 5.65324e-17 3.03894e-17 1.62752e-17 8.68459e-18 4.61773e-18 2.44681e-18 1.2921e-18 6.80071e-19 3.56783e-19 1.86585e-19 9.72756e-20 5.05608e-20 2.6202e-20 1.35392e-20 6.97618e-21 3.58454e-21 1.83681e-21 9.38714e-22 4.78483e-22 2.43268e-22 1.23371e-22 6.24118e-23 3.14972e-23 1.58579e-23 7.96547e-24 3.99194e-24 1.99611e-24 9.95927e-25 4.95832e-25 2.46331e-25 1.22124e-25
2.46093e-12 2.71124e-11 1.54684e-10 6.08636e-10 1.85597e-09 4.6737e-09 1.01143e-08 1.93298e-08 3.32748e-08 5.23704e-08 7.62428e-08 1.03634e-07 1.32524e-07 1.60444e-07 1.8488e-07 2.03685e-07 2.15386e-07 2.19347e-07 2.15766e-07 2.05541e-07 1.90054e-07 1.70927e-07 1.49794e-07 1.28129e-07 1.07131e-07 8.76781e-08 7.03242e-08 5.53408e-08 4.27721e-08 3.24984e-08 2.42955e-08 1.78856e-08 1.29753e-08 9.2825e-09 6.5528e-09 4.56732e-09 3.14492e-09 2.14042e-09 1.44059e-09 9.59246e-10 6.32202e-10 4.12564e-10 2.66687e-10 1.70822e-10 1.08457e-10 6.82795e-11 4.2635e-11 2.64126e-11 1.62384e-11 9.90993e-12 6.00485e-12 3.61358e-12 2.16009e-12 1.28291e-12 7.5718e-13 4.44182e-13 2.59037e-13 1.50203e-13 8.66123e-14 4.96749e-14 2.8341e-14 1.60872e-14 9.08633e-15 5.10742e-15 2.85742e-15 1.59133e-15 8.82285e-16 4.87049e-16 2.67731e-16 1.46565e-16 7.99128e-17 4.34005e-17 2.34806e-17 1.2656e-17 6.79668e-18 3.63703e-18 1.93946e-18 1.03071e-18 5.45934e-19 2.88224e-19 1.51682e-19 7.95764e-20 4.16206e-20 2.17037e-20 1.12846e-20 5.85057e-21 3.02475e-21 1.5595e-21 8.01884e-22 4.11235e-22 2.10351e-22 1.07324e-22 5.46218e-23 2.77316e-23 1.40457e-23 7.09726e-24 3.57796e-24 1.79969e-24 9.03215e-25 4.52311e-25 2.26023e-25
9.683e-13 1.10489e-11 6.5211e-11 2.65138e-10 8.3459e-10 2.16734e-09 4.83244e-09 9.50708e-09 1.68334e-08 2.72296e-08 4.07132e-08 5.67961e-08 7.44917e-08 9.24398e-08 1.09117e-07 1.23078e-07 1.33175e-07 1.38707e-07 1.39474e-07 1.35753e-07 1.28195e-07 1.17695e-07 1.05249e-07 9.1827e-08 7.8284e-08 6.5301e-08 5.33644e-08 4.27721e-08 3.36591e-08 2.60309e-08 1.98019e-08 1.48289e-08 1.09401e-08 7.95697e-09 5.70915e-09 4.04347e-09 2.82841e-09 1.95508e-09 1.33609e-09 9.03146e-10 6.04112e-10 4.00031e-10 2.62333e-10 1.70433e-10 1.09735e-10 7.00432e-11 4.43354e-11 2.78372e-11 1.73424e-11 1.07229e-11 6.58187e-12 4.0116e-12 2.42837e-12 1.46028e-12 8.72501e-13 5.18075e-13 3.0577e-13 1.79411e-13 1.04672e-13 6.07308e-14 3.5047e-14 2.01197e-14 1.14917e-14 6.53124e-15 3.69415e-15 2.07967e-15 1.16544e-15 6.50204e-16 3.61179e-16 1.99782e-16 1.10051e-16 6.03786e-17 3.2996e-17 1.79627e-17 9.74204e-18 5.26425e-18 2.83444e-18 1.52082e-18 8.13203e-19 4.33378e-19 2.30203e-19 1.21889e-19 6.43359e-20 3.38539e-20 1.77607e-20 9.29029e-21 4.84559e-21 2.52021e-21 1.30714e-21 6.76128e-22 3.48802e-22 1.79472e-22 9.21086e-23 4.71535e-23 2.408e-23 1.22673e-23 6.23462e-24 3.16125e-24 1.59924e-24 8.07224e-25 4.06551e-25
3.80996e-13 4.49731e-12 2.74281e-11 1.15116e-10 3.7368e-10 9.99815e-10 2.29481e-09 4.64368e-09 8.45056e-09 1.4039e-08 2.15433e-08 3.08241e-08 4.14385e-08 5.2677e-08 6.36609e-08 7.34759e-08 8.13108e-08 8.65702e-08 8.89415e-08 8.84103e-08 8.52275e-08 7.98439e-08 7.28283e-08 6.47868e-08 5.6294e-08 4.78439e-08 3.98223e-08 3.24984e-08 2.60309e-08 2.04847e-08 1.58516e-08 1.20718e-08 9.05448e-09 6.69348e-09 4.88005e-09 3.51113e-09 2.49442e-09 1.75074e-09 1.21458e-09 8.33258e-10 5.65561e-10 3.79931e-10 2.52711e-10 1.66494e-10 1.08688e-10 7.03252e-11 4.51154e-11 2.87046e-11 1.81181e-11 1.13481e-11 7.05488e-12 4.35432e-12 2.66878e-12 1.62466e-12 9.82555e-13 5.90452e-13 3.52636e-13 2.09344e-13 1.23556e-13 7.25111e-14 4.23208e-14 2.45684e-14 1.41886e-14 8.15261e-15 4.66133e-15 2.65238e-15 1.50219e-15 8.46903e-16 4.75343e-16 2.65641e-16 1.47823e-16 8.19211e-17 4.52164e-17 2.4859e-17 1.36145e-17 7.42819e-18 4.03803e-18 2.18724e-18 1.18058e-18 6.35043e-19 3.40448e-19 1.81915e-19 9.68923e-20 5.14447e-20 2.72302e-20 1.43697e-20 7.56062e-21 3.9665e-21 2.07501e-21 1.08249e-21 5.6317e-22 2.92207e-22 1.51216e-22 7.80524e-23 4.0186e-23 2.06388e-23 1.05738e-23 5.40434e-24 2.7557e-24 1.4019e-24 7.1157e-25
1.4991e-13 1.82854e-12 1.15116e-11 4.9824e-11 1.66636e-10 4.58963e-10 1.08353e-09 2.25348e-09 4.21171e-09 7.18111e-09 1.13022e-08 1.65754e-08 2.28267e-08 2.97084e-08 3.6738e-08 4.33658e-08 4.90564e-08 5.33649e-08 5.59932e-08 5.68184e-08 5.58907e-08 5.34074e-08 4.96699e-08 4.50352e-08 3.98699e-08 3.45127e-08 2.92486e-08 2.42955e-08 1.98019e-08 1.58516e-08 1.24742e-08 9.65811e-09 7.36283e-09 5.53073e-09 4.09632e-09 2.9933e-09 2.15925e-09 1.53846e-09 1.08324e-09 7.54082e-10 5.19239e-10 3.53796e-10 2.38642e-10 1.59409e-10 1.05488e-10 6.9177e-11 4.49706e-11 2.89889e-11 1.85352e-11 1.17581e-11 7.40234e-12 4.62589e-12 2.87023e-12 1.7686e-12 1.08249e-12 6.58253e-13 3.97754e-13 2.38874e-13 1.42605e-13 8.46416e-14 4.99558e-14 2.9323e-14 1.71205e-14 9.94418e-15 5.74682e-15 3.30483e-15 1.89142e-15 1.07744e-15 6.10974e-16 3.44921e-16 1.9388e-16 1.08519e-16 6.04902e-17 3.35823e-17 1.85705e-17 1.02297e-17 5.61391e-18 3.06951e-18 1.67228e-18 9.07861e-19 4.91171e-19 2.64839e-19 1.4233e-19 7.62445e-20 4.07141e-20 2.16738e-20 1.15028e-20 6.08671e-21 3.21139e-21 1.68951e-21 8.8636e-22 4.6373e-22 2.41962e-22 1.25916e-22 6.53561e-23 3.38363e-23 1.7474e-23 9.00194e-24 4.62627e-24 2.3719e-24 1.21325e-24
5.89851e-14 7.42683e-13 4.82168e-12 2.15014e-11 7.40262e-11 2.09715e-10 5.08851e-10 1.08689e-09 2.08484e-09 3.64587e-09 5.8816e-09 8.83615e-09 1.24584e-08 1.65913e-08 2.09834e-08 2.53194e-08 2.92646e-08 3.25122e-08 3.48242e-08 3.60585e-08 3.61792e-08 3.52496e-08 3.34132e-08 3.0867e-08 2.78328e-08 2.45311e-08 2.11606e-08 1.78856e-08 1.48289e-08 1.20718e-08 9.65811e-09 7.60034e-09 5.88755e-09 4.49274e-09 3.37953e-09 2.50752e-09 1.83623e-09 1.32784e-09 9.48683e-10 6.69986e-10 4.67924e-10 3.23321e-10 2.21115e-10 1.49725e-10 1.00418e-10 6.67305e-11 4.3951e-11 2.86996e-11 1.85854e-11 1.19393e-11 7.61033e-12 4.81457e-12 3.02373e-12 1.88564e-12 1.16787e-12 7.18523e-13 4.39221e-13 2.6681e-13 1.61092e-13 9.66887e-14 5.77001e-14 3.42409e-14 2.02091e-14 1.18644e-14 6.92948e-15 4.02689e-15 2.32867e-15 1.3402e-15 7.67728e-16 4.37793e-16 2.48544e-16 1.40493e-16 7.90809e-17 4.43295e-17 2.47492e-17 1.37631e-17 7.62427e-18 4.20767e-18 2.31358e-18 1.26754e-18 6.91999e-19 3.76486e-19 2.04138e-19 1.10322e-19 5.94281e-20 3.19111e-20 1.70821e-20 9.1162e-21 4.85053e-21 2.5733e-21 1.36127e-21 7.18082e-22 3.77748e-22 1.98176e-22 1.03692e-22 5.41132e-23 2.81674e-23 1.4625e-23 7.57478e-24 3.91371e-24 2.0173e-24
2.32088e-14 3.01355e-13 2.01576e-12 9.25328e-12 3.27679e-11 9.54095e-11 2.37758e-10 5.2121e-10 1.0254e-09 1.838e-09 3.03743e-09 4.67189e-09 6.74023e-09 9.18026e-09 1.18685e-08 1.46323e-08 1.72721e-08 1.95886e-08 2.14097e-08 2.2612e-08 2.31325e-08 2.29716e-08 2.21857e-08 2.08746e-08 1.91649e-08 1.7193e-08 1.5091e-08 1.29753e-08 1.09401e-08 9.05448e-09 7.36283e-09 5.88755e-09 4.63314e-09 3.59075e-09 2.74259e-09 2.06576e-09 1.53531e-09 1.12656e-09 8.16545e-10 5.84904e-10 4.14255e-10 2.90214e-10 2.01192e-10 1.38075e-10 9.38398e-11 6.31795e-11 4.21525e-11 2.78781e-11 1.8282e-11 1.18911e-11 7.67323e-12 4.91357e-12 3.12309e-12 1.97078e-12 1.23496e-12 7.68636e-13 4.75255e-13 2.9198e-13 1.7827e-13 1.08188e-13 6.52718e-14 3.91552e-14 2.33581e-14 1.3859e-14 8.17961e-15 4.80288e-15 2.80605e-15 1.63142e-15 9.43992e-16 5.4369e-16 3.1172e-16 1.77932e-16 1.01127e-16 5.72326e-17 3.22573e-17 1.81076e-17 1.01247e-17 5.63936e-18 3.12924e-18 1.73e-18 9.52981e-19 5.23105e-19 2.86148e-19 1.55999e-19 8.47639e-20 4.5908e-20 2.47847e-20 1.33389e-20 7.157e-21 3.82858e-21 2.04205e-21 1.08603e-21 5.7595e-22 3.04595e-22 1.60648e-22 8.45021e-23 4.4332e-23 2.31978e-23 1.2108e-23 6.30407e-24 3.27421e-24
