0.374077 0.0417992 0.0249673 0.0161918 0.0109932 0.00764984 0.00539272 0.00382707 0.00272502 0.00194325 0.00138648 0.000989198 0.000705502 0.0005029 0.000358252 0.000255032 0.000181421 0.000128963 9.16064e-05 6.50239e-05 4.6122e-05 3.2691e-05 2.31538e-05 1.63854e-05 1.15838e-05 8.1779e-06 5.76083e-06 4.04276e-06 2.81692e-06 1.93527e-06 1.36514e-06
0.0417992 0.00788369 0.00444814 0.00263273 0.00160143 0.000992579 0.000624368 0.000397617 0.000255864 0.000166098 0.000108625 7.14809e-05 4.72845e-05 3.1417e-05 2.09528e-05 1.40189e-05 9.40554e-06 6.32548e-06 4.26291e-06 2.87809e-06 1.94618e-06 1.31776e-06 8.93205e-07 6.05865e-07 4.11035e-07 2.78654e-07 1.88459e-07 1.26763e-07 8.43048e-08 5.48177e-08 3.7465e-08
0.0249673 0.00444814 0.00232818 0.00130833 0.000769316 0.000466498 0.000289284 0.000182496 0.000116696 7.54333e-05 4.91897e-05 3.23065e-05 2.13433e-05 1.41695e-05 9.44544e-06 6.31818e-06 4.23878e-06 2.85093e-06 1.92166e-06 1.29772e-06 8.77776e-07 5.94522e-07 4.03091e-07 2.73474e-07 1.85539e-07 1.25749e-07 8.49792e-08 5.70694e-08 3.78616e-08 2.55266e-08 1.74544e-08
0.0161918 0.00263273 0.00130833 0.000706893 0.000404525 0.000240898 0.000147608 9.23774e-05 5.87506e-05 3.78347e-05 2.46068e-05 1.61306e-05 1.06421e-05 7.05809e-06 4.70151e-06 3.14322e-06 2.10791e-06 1.41734e-06 9.55163e-07 6.44942e-07 4.36194e-07 2.95412e-07 2.00275e-07 1.35858e-07 9.21537e-08 6.24359e-08 4.21734e-08 2.8314e-08 1.91795e-08 1.29318e-08 8.84305e-09
0.0109932 0.00160143 0.000769316 0.000404525 0.000227039 0.000133434 8.10442e-05 5.04198e-05 3.19351e-05 2.05059e-05 1.33078e-05 8.70943e-06 5.73859e-06 3.80197e-06 2.53036e-06 1.69045e-06 1.13294e-06 7.61366e-07 5.12846e-07 3.46134e-07 2.34009e-07 1.58425e-07 1.07366e-07 7.28076e-08 4.93698e-08 3.34406e-08 2.25909e-08 1.53337e-08 1.03871e-08 7.0031e-09 4.78781e-09
0.00764984 0.000992579 0.000466498 0.000240898 0.000133434 7.7718e-05 4.69182e-05 2.90681e-05 1.8357e-05 1.17612e-05 7.61955e-06 4.97961e-06 3.27708e-06 2.16887e-06 1.44212e-06 9.62618e-07 6.44651e-07 4.32914e-07 2.91413e-07 1.96562e-07 1.32812e-07 8.98653e-08 6.08721e-08 4.126e-08 2.79682e-08 1.89436e-08 1.28649e-08 8.73101e-09 5.9135e-09 3.98639e-09 2.72428e-09
0.00539272 0.000624368 0.000289284 0.000147608 8.10442e-05 4.69182e-05 2.82073e-05 1.74248e-05 1.098e-05 7.02264e-06 4.54302e-06 2.96522e-06 1.94917e-06 1.28867e-06 8.56024e-07 5.70878e-07 3.81983e-07 2.56314e-07 1.72405e-07 1.16206e-07 7.84647e-08 5.30585e-08 3.59195e-08 2.43349e-08 1.64909e-08 1.11948e-08 7.6004e-09 5.1567e-09 3.49172e-09 2.35338e-09 1.6075e-09
0.00382707 0.000397617 0.000182496 9.23774e-05 5.04198e-05 2.90681e-05 1.74248e-05 1.07407e-05 6.75646e-06 4.31501e-06 2.78779e-06 1.81741e-06 1.19334e-06 7.8813e-07 5.23012e-07 3.48466e-07 2.32956e-07 1.56183e-07 1.0497e-07 7.06992e-08 4.77033e-08 3.22359e-08 2.181e-08 1.47691e-08 1.00158e-08 6.79632e-09 4.61233e-09 3.12824e-09 2.11754e-09 1.42688e-09 9.7414e-10
0.00272502 0.000255864 0.000116696 5.87506e-05 3.19351e-05 1.8357e-05 1.098e-05 6.75646e-06 4.24397e-06 2.70685e-06 1.74668e-06 1.13739e-06 7.46006e-07 4.92181e-07 3.26293e-07 2.17193e-07 1.45067e-07 9.71758e-08 6.52583e-08 4.39188e-08 2.96121e-08 1.99973e-08 1.35218e-08 9.15647e-09 6.20632e-09 4.20934e-09 2.8554e-09 1.93586e-09 1.30996e-09 8.82501e-10 6.02173e-10
0.00194325 0.000166098 7.54333e-05 3.78347e-05 2.05059e-05 1.17612e-05 7.02264e-06 4.31501e-06 2.70685e-06 1.72435e-06 1.1114e-06 7.22899e-07 4.73638e-07 3.12165e-07 2.06748e-07 1.37491e-07 9.17512e-08 6.14093e-08 4.12062e-08 2.77107e-08 1.86706e-08 1.26002e-08 8.51693e-09 5.76402e-09 3.90477e-09 2.64702e-09 1.79478e-09 1.21629e-09 8.22759e-10 5.54151e-10 3.77931e-10
0.00138648 0.000108625 4.91897e-05 2.46068e-05 1.33078e-05 7.61955e-06 4.54302e-06 2.78779e-06 1.74668e-06 1.1114e-06 7.15524e-07 4.64903e-07 3.04285e-07 2.00348e-07 1.32565e-07 8.80777e-08 5.87255e-08 3.92727e-08 2.63318e-08 1.76948e-08 1.1914e-08 8.0361e-09 5.42854e-09 3.67176e-09 2.48604e-09 1.68442e-09 1.14157e-09 7.73304e-10 5.22922e-10 3.52122e-10 2.40029e-10
0.000989198 7.14809e-05 3.23065e-05 1.61306e-05 8.70943e-06 4.97961e-06 2.96522e-06 1.81741e-06 1.13739e-06 7.22899e-07 4.64903e-07 3.01749e-07 1.973e-07 1.29781e-07 8.57937e-08 5.69524e-08 3.79411e-08 2.53531e-08 1.69861e-08 1.14065e-08 7.67531e-09 5.17376e-09 3.49287e-09 2.36116e-09 1.59782e-09 1.08207e-09 7.33009e-10 4.96342e-10 3.35523e-10 2.25882e-10 1.53903e-10
0.000705502 4.72845e-05 2.13433e-05 1.06421e-05 5.73859e-06 3.27708e-06 1.94917e-06 1.19334e-06 7.46006e-07 4.73638e-07 3.04285e-07 1.973e-07 1.2888e-07 8.46972e-08 5.59408e-08 3.71039e-08 2.46985e-08 1.64915e-08 1.10411e-08 7.40941e-09 4.98249e-09 3.35652e-09 2.26471e-09 1.53009e-09 1.03489e-09 7.00503e-10 4.74321e-10 3.21051e-10 2.16957e-10 1.46029e-10 9.94505e-11
0.0005029 3.1417e-05 1.41695e-05 7.05809e-06 3.80197e-06 2.16887e-06 1.28867e-06 7.8813e-07 4.92181e-07 3.12165e-07 2.00348e-07 1.29781e-07 8.46972e-08 5.56118e-08 3.66994e-08 2.43221e-08 1.61778e-08 1.07943e-08 7.22191e-09 4.84328e-09 3.25486e-09 2.19138e-09 1.47773e-09 9.9786e-10 6.74575e-10 4.56398e-10 3.08902e-10 2.09004e-10 1.41195e-10 9.50154e-11 6.46806e-11
0.000358252 2.09528e-05 9.44544e-06 4.70151e-06 2.53036e-06 1.44212e-06 8.56024e-07 5.23012e-07 3.26293e-07 2.06748e-07 1.32565e-07 8.57937e-08 5.59408e-08 3.66994e-08 2.41992e-08 1.60255e-08 1.06515e-08 7.10215e-09 4.74855e-09 3.18256e-09 2.13752e-09 1.4383e-09 9.69379e-10 6.54252e-10 4.42076e-10 2.98962e-10 2.02261e-10 1.36801e-10 9.23885e-11 6.21595e-11 4.22967e-11
0.000255032 1.40189e-05 6.31818e-06 3.14322e-06 1.69045e-06 9.62618e-07 5.70878e-07 3.48466e-07 2.17193e-07 1.37491e-07 8.80777e-08 5.69524e-08 3.71039e-08 2.43221e-08 1.60255e-08 1.06048e-08 7.04377e-09 4.69349e-09 3.13613e-09 2.10063e-09 1.41005e-09 9.48281e-10 6.3879e-10 4.3092e-10 2.91037e-10 1.96734e-10 1.33046e-10 8.99548e-11 6.07334e-11 4.08538e-11 2.77882e-11
0.000181421 9.40554e-06 4.23878e-06 2.10791e-06 1.13294e-06 6.44651e-07 3.81983e-07 2.32956e-07 1.45067e-07 9.17512e-08 5.87255e-08 3.79411e-08 2.46985e-08 1.61778e-08 1.06515e-08 7.04377e-09 4.67542e-09 3.11342e-09 2.0791e-09 1.39181e-09 9.33747e-10 6.27635e-10 4.22584e-10 2.84937e-10 1.92356e-10 1.29974e-10 8.78648e-11 5.93866e-11 4.00838e-11 2.69584e-11 1.83297e-11
0.000128963 6.32548e-06 2.85093e-06 1.41734e-06 7.61366e-07 4.32914e-07 2.56314e-07 1.56183e-07 9.71758e-08 6.14093e-08 3.92727e-08 2.53531e-08 1.64915e-08 1.07943e-08 7.10215e-09 4.69349e-09 3.11342e-09 2.07202e-09 1.38287e-09 9.25233e-10 6.20401e-10 4.16807e-10 2.80501e-10 1.89049e-10 1.2757e-10 8.6164e-11 5.8227e-11 3.93418e-11 2.65471e-11 1.78511e-11 1.2133e-11
9.16064e-05 4.26291e-06 1.92166e-06 9.55163e-07 5.12846e-07 2.91413e-07 1.72405e-07 1.0497e-07 6.52583e-08 4.12062e-08 2.63318e-08 1.69861e-08 1.10411e-08 7.22191e-09 4.74855e-09 3.13613e-09 2.0791e-09 1.38287e-09 9.22428e-10 6.16844e-10 4.1341e-10 2.77611e-10 1.86741e-10 1.25804e-10 8.48573e-11 5.72928e-11 3.87029e-11 2.61419e-11 1.76354e-11 1.18566e-11 8.0558e-12
6.50239e-05 2.87809e-06 1.29772e-06 6.44942e-07 3.46134e-07 1.96562e-07 1.16206e-07 7.06992e-08 4.39188e-08 2.77107e-08 1.76948e-08 1.14065e-08 7.40941e-09 4.84328e-09 3.18256e-09 2.10063e-09 1.39181e-09 9.25233e-10 6.16844e-10 4.12289e-10 2.76185e-10 1.85378e-10 1.24645e-10 8.39357e-11 5.65943e-11 3.81965e-11 2.57941e-11 1.74173e-11 1.17468e-11 7.89625e-12 5.3632e-12
4.6122e-05 1.94618e-06 8.77776e-07 4.36194e-07 2.34009e-07 1.32812e-07 7.84647e-08 4.77033e-08 2.96121e-08 1.86706e-08 1.1914e-08 7.67531e-09 4.98249e-09 3.25486e-09 2.13752e-09 1.41005e-09 9.33747e-10 6.20401e-10 4.1341e-10 2.76185e-10 1.84927e-10 1.24071e-10 8.33882e-11 5.61314e-11 3.78328e-11 2.5525e-11 1.72314e-11 1.1632e-11 7.84308e-12 5.27131e-12 3.57916e-12
3.2691e-05 1.31776e-06 5.94522e-07 2.95412e-07 1.58425e-07 8.98653e-08 5.30585e-08 3.22359e-08 1.99973e-08 1.26002e-08 8.0361e-09 5.17376e-09 3.35652e-09 2.19138e-09 1.4383e-09 9.48281e-10 6.27635e-10 4.16807e-10 2.77611e-10 1.85378e-10 1.24071e-10 8.32067e-11 5.5901e-11 3.76145e-11 2.53432e-11 1.70927e-11 1.15353e-11 7.78465e-12 5.24772e-12 3.52644e-12 2.39366e-12
2.31538e-05 8.93205e-07 4.03091e-07 2.00275e-07 1.07366e-07 6.08721e-08 3.59195e-08 2.181e-08 1.35218e-08 8.51693e-09 5.42854e-09 3.49287e-09 2.26471e-09 1.47773e-09 9.69379e-10 6.3879e-10 4.22584e-10 2.80501e-10 1.86741e-10 1.24645e-10 8.33882e-11 5.5901e-11 3.75418e-11 2.52519e-11 1.70078e-11 1.14672e-11 7.73646e-12 5.21958e-12 3.51779e-12 2.36358e-12 1.60386e-12
1.63854e-05 6.05865e-07 2.73474e-07 1.35858e-07 7.28076e-08 4.126e-08 2.43349e-08 1.47691e-08 9.15647e-09 5.76402e-09 3.67176e-09 2.36116e-09 1.53009e-09 9.9786e-10 6.54252e-10 4.3092e-10 2.84937e-10 1.89049e-10 1.25804e-10 8.39357e-11 5.61314e-11 3.76145e-11 2.52519e-11 1.69793e-11 1.14323e-11 7.70555e-12 5.19712e-12 3.50545e-12 2.36202e-12 1.58681e-12 1.07645e-12
1.15838e-05 4.11035e-07 1.85539e-07 9.21537e-08 4.93698e-08 2.79682e-08 1.64909e-08 1.00158e-08 6.20632e-09 3.90477e-09 2.48604e-09 1.59782e-09 1.03489e-09 6.74575e-10 4.42076e-10 2.91037e-10 1.92356e-10 1.2757e-10 8.48573e-11 5.65943e-11 3.78328e-11 2.53432e-11 1.70078e-11 1.14323e-11 7.69496e-12 5.185e-12 3.49613e-12 2.35755e-12 1.58822e-12 1.06682e-12 7.23511e-13
8.1779e-06 2.78654e-07 1.25749e-07 6.24359e-08 3.34406e-08 1.89436e-08 1.11948e-08 6.79632e-09 4.20934e-09 2.64702e-09 1.68442e-09 1.08207e-09 7.00503e-10 4.56398e-10 2.98962e-10 1.96734e-10 1.29974e-10 8.6164e-11 5.72928e-11 3.81965e-11 2.5525e-11 1.70927e-11 1.14672e-11 7.70555e-12 5.185e-12 3.49276e-12 2.35447e-12 1.58732e-12 1.06913e-12 7.18052e-13 4.8685e-13
5.76083e-06 1.88459e-07 8.49792e-08 4.21734e-08 2.25909e-08 1.28649e-08 7.6004e-09 4.61233e-09 2.8554e-09 1.79478e-09 1.14157e-09 7.33009e-10 4.74321e-10 3.08902e-10 2.02261e-10 1.33046e-10 8.78648e-11 5.8227e-11 3.87029e-11 2.57941e-11 1.72314e-11 1.15353e-11 7.73646e-12 5.19712e-12 3.49613e-12 2.35447e-12 1.58677e-12 1.06952e-12 7.20238e-13 4.83671e-13 3.27857e-13
4.04276e-06 1.26763e-07 5.70694e-08 2.8314e-08 1.53337e-08 8.73101e-09 5.1567e-09 3.12824e-09 1.93586e-09 1.21629e-09 7.73304e-10 4.96342e-10 3.21051e-10 2.09004e-10 1.36801e-10 8.99548e-11 5.93866e-11 3.93418e-11 2.61419e-11 1.74173e-11 1.1632e-11 7.78465e-12 5.21958e-12 3.50545e-12 2.35755e-12 1.58732e-12 1.06952e-12 7.20739e-13 4.85282e-13 3.25853e-13 2.20832e-13
2.81692e-06 8.43048e-08 3.78616e-08 1.91795e-08 1.03871e-08 5.9135e-09 3.49172e-09 2.11754e-09 1.30996e-09 8.22759e-10 5.22922e-10 3.35523e-10 2.16957e-10 1.41195e-10 9.23885e-11 6.07334e-11 4.00838e-11 2.65471e-11 1.76354e-11 1.17468e-11 7.84308e-12 5.24772e-12 3.51779e-12 2.36202e-12 1.58822e-12 1.06913e-12 7.20238e-13 4.85282e-13 3.26703e-13 2.19352e-13 1.48629e-13
1.93527e-06 5.48177e-08 2.55266e-08 1.29318e-08 7.0031e-09 3.98639e-09 2.35338e-09 1.42688e-09 8.82501e-10 5.54151e-10 3.52122e-10 2.25882e-10 1.46029e-10 9.50154e-11 6.21595e-11 4.08538e-11 2.69584e-11 1.78511e-11 1.18566e-11 7.89625e-12 5.27131e-12 3.52644e-12 2.36358e-12 1.58681e-12 1.06682e-12 7.18052e-13 4.83671e-13 3.25853e-13 2.19352e-13 1.47267e-13 9.97733e-14
1.36514e-06 3.7465e-08 1.74544e-08 8.84305e-09 4.78781e-09 2.72428e-09 1.6075e-09 9.7414e-10 6.02173e-10 3.77931e-10 2.40029e-10 1.53903e-10 9.94505e-11 6.46806e-11 4.22967e-11 2.77882e-11 1.83297e-11 1.2133e-11 8.0558e-12 5.3632e-12 3.57916e-12 2.39366e-12 1.60386e-12 1.07645e-12 7.23511e-13 4.8685e-13 3.27857e-13 2.20832e-13 1.48629e-13 9.97733e-14 6.758e-14
