0.520238 0.0481107 0.0304352 0.0192536 0.01218 0.00770517 0.00487436 0.00308356 0.00195069 0.00123402 0.000780653 0.000493848 0.000312413 0.000197635 0.000125026 7.90922e-05 5.00344e-05 3.16522e-05 2.00235e-05 1.2667e-05 8.01327e-06 5.06926e-06 3.20686e-06 2.02869e-06 1.28337e-06 8.11868e-07 5.13595e-07 3.24905e-07 2.05537e-07 1.30025e-07 8.22548e-08 5.20351e-08 3.29179e-08 2.08241e-08 1.31735e-08 8.33368e-09 5.27196e-09 3.33509e-09 2.10981e-09 1.33468e-09 8.44331e-10 5.34131e-10 3.37896e-10 2.13756e-10 1.35224e-10 8.55438e-11 5.41158e-11 3.42341e-11 2.16568e-11 1.37003e-11 8.66691e-12 5.48276e-12 3.46844e-12 2.19417e-12 1.38805e-12 8.78092e-13 5.55489e-13 3.51407e-13 2.22303e-13 1.40631e-13 8.89643e-14 5.62796e-14 3.5603e-14 2.25228e-14 1.42481e-14 9.01347e-15 5.702e-15 3.60713e-15 2.2819e-15 1.44355e-15 9.13204e-16 5.777e-16 3.65458e-16 2.31192e-16 1.46254e-16 9.25216e-17 5.853e-17 3.70266e-17 2.34233e-17 1.48178e-17 9.37387e-18 5.92999e-18 3.75137e-18 2.37315e-18 1.50127e-18 9.49719e-19 6.008e-19 3.80071e-19 2.40437e-19 1.52102e-19 9.62212e-20 6.08704e-20 3.85071e-20 2.43599e-20 1.54103e-20 9.7487e-21 6.16711e-21 3.90137e-21 2.46804e-21 1.5613e-21 9.87694e-22
0.0481107 0.017737 0.0123907 0.00857871 0.00589525 0.00402562 0.00273405 0.00184814 0.00124414 0.0008345 0.000557926 0.000371936 0.000247301 0.000164043 0.000108582 7.17307e-05 4.73011e-05 3.114e-05 2.04693e-05 1.34361e-05 8.80785e-06 5.76682e-06 3.77143e-06 2.46384e-06 1.60799e-06 1.04844e-06 6.82998e-07 4.44562e-07 2.89136e-07 1.87909e-07 1.22035e-07 7.92012e-08 5.1369e-08 3.32971e-08 2.15705e-08 1.39661e-08 9.03776e-09 5.84559e-09 3.77908e-09 2.442e-09 1.57729e-09 1.01834e-09 6.57204e-10 4.23971e-10 2.73407e-10 1.76248e-10 1.13577e-10 7.31658e-11 4.7118e-11 3.0334e-11 1.95228e-11 1.25611e-11 8.07958e-12 5.19557e-12 3.34013e-12 2.14676e-12 1.37941e-12 8.86139e-13 5.69126e-13 3.65441e-13 2.34602e-13 1.50575e-13 9.66237e-14 6.19909e-14 3.97638e-14 2.55015e-14 1.63517e-14 1.04829e-14 6.7193e-15 4.30619e-15 2.75924e-15 1.76773e-15 1.13233e-15 7.25212e-16 4.64398e-16 2.9734e-16 1.9035e-16 1.21841e-16 7.79779e-17 4.98992e-17 3.19271e-17 2.04253e-17 1.30655e-17 8.35657e-18 5.34416e-18 3.41728e-18 2.1849e-18 1.3968e-18 8.9287e-19 5.70685e-19 3.6472e-19 2.33065e-19 1.4892e-19 9.51444e-20 6.07816e-20 3.88258e-20 2.47986e-20 1.58378e-20 1.0114e-20 6.45825e-21 4.12352e-21
0.0304352 0.0123907 0.0090101 0.00646951 0.00459756 0.00323924 0.00226564 0.00157476 0.0010886 0.00074893 0.000513063 0.000350149 0.000238152 0.000161479 0.000109183 7.36349e-05 4.95436e-05 3.3262e-05 2.22862e-05 1.49044e-05 9.95034e-06 6.63218e-06 4.41383e-06 2.9333e-06 1.94677e-06 1.2904e-06 8.54308e-07 5.64957e-07 3.73208e-07 2.46289e-07 1.62376e-07 1.06954e-07 7.0387e-08 4.62833e-08 3.04094e-08 1.99646e-08 1.30977e-08 8.58664e-09 5.62547e-09 3.6831e-09 2.40989e-09 1.57587e-09 1.0299e-09 6.72704e-10 4.39159e-10 2.86546e-10 1.86874e-10 1.21813e-10 7.93665e-11 5.16871e-11 3.36463e-11 2.18931e-11 1.42396e-11 9.258e-12 6.01681e-12 3.90888e-12 2.53852e-12 1.64798e-12 1.06949e-12 6.9383e-13 4.49975e-13 2.91733e-13 1.89081e-13 1.22512e-13 7.93565e-14 5.13879e-14 3.32674e-14 2.15307e-14 1.39309e-14 9.01137e-15 5.82762e-15 3.76776e-15 2.4354e-15 1.57382e-15 1.01681e-15 6.56787e-16 4.24144e-16 2.73848e-16 1.76771e-16 1.14084e-16 7.36122e-17 4.74885e-17 3.06296e-17 1.97521e-17 1.27351e-17 8.20941e-18 5.29107e-18 3.40956e-18 2.19674e-18 1.41509e-18 9.1142e-19 5.86923e-19 3.77898e-19 2.43276e-19 1.56587e-19 1.00774e-19 6.48448e-20 4.17194e-20 2.68373e-20 1.72615e-20 1.11008e-20
0.0192536 0.00857871 0.00646951 0.0047987 0.00351244 0.00254308 0.0018245 0.00129881 0.000918387 0.000645585 0.000451469 0.000314265 0.000217852 0.000150453 0.000103553 7.10518e-05 4.86124e-05 3.31724e-05 2.25814e-05 1.5337e-05 1.03949e-05 7.03141e-06 4.74751e-06 3.19991e-06 2.15329e-06 1.44677e-06 9.70657e-07 6.50332e-07 4.35149e-07 2.90806e-07 1.94113e-07 1.29425e-07 8.62019e-08 5.73548e-08 3.81238e-08 2.53172e-08 1.67974e-08 1.11351e-08 7.37543e-09 4.88126e-09 3.22807e-09 2.13321e-09 1.40868e-09 9.29593e-10 6.13034e-10 4.04014e-10 2.66097e-10 1.75154e-10 1.15226e-10 7.5759e-11 4.9783e-11 3.26962e-11 2.1463e-11 1.40821e-11 9.23493e-12 6.05334e-12 3.96604e-12 2.59733e-12 1.70023e-12 1.11251e-12 7.27651e-13 4.75738e-13 3.10916e-13 2.0312e-13 1.32648e-13 8.6595e-14 5.65107e-14 3.68654e-14 2.40414e-14 1.56732e-14 1.02145e-14 6.65486e-15 4.33438e-15 2.82218e-15 1.83702e-15 1.19542e-15 7.77681e-16 5.05782e-16 3.28857e-16 2.13765e-16 1.38916e-16 9.02526e-17 5.86216e-17 3.8067e-17 2.47136e-17 1.60406e-17 1.04089e-17 6.75293e-18 4.38008e-18 2.84038e-18 1.84153e-18 1.19368e-18 7.73588e-19 5.01236e-19 3.24704e-19 2.10304e-19 1.36184e-19 8.81696e-20 5.70732e-20 3.69374e-20 2.39013e-20
0.01218 0.00589525 0.00459756 0.00351244 0.00264031 0.00195883 0.00143749 0.00104523 0.000754015 0.000540204 0.000384683 0.000272466 0.000192056 0.00013479 9.42268e-05 6.56339e-05 4.55668e-05 3.15391e-05 2.17685e-05 1.49856e-05 1.02911e-05 7.05125e-06 4.82108e-06 3.28969e-06 2.24052e-06 1.52325e-06 1.03387e-06 7.00597e-07 4.74041e-07 3.20288e-07 2.16109e-07 1.45626e-07 9.80092e-08 6.58838e-08 4.4238e-08 2.96716e-08 1.98807e-08 1.33072e-08 8.89862e-09 5.94505e-09 3.96827e-09 2.6465e-09 1.76353e-09 1.17421e-09 7.81219e-10 5.19366e-10 3.45033e-10 2.29057e-10 1.51961e-10 1.00747e-10 6.6751e-11 4.41992e-11 2.92489e-11 1.93442e-11 1.27863e-11 8.44699e-12 5.57731e-12 3.68062e-12 2.42771e-12 1.60051e-12 1.05465e-12 6.94634e-13 4.57303e-13 3.00925e-13 1.97935e-13 1.30137e-13 8.55266e-14 5.61854e-14 3.68955e-14 2.4219e-14 1.58918e-14 1.04239e-14 6.83481e-15 4.47993e-15 2.93538e-15 1.92269e-15 1.25895e-15 8.24079e-16 5.39249e-16 3.52755e-16 2.30687e-16 1.50814e-16 9.85676e-17 6.44021e-17 4.2067e-17 2.74702e-17 1.79335e-17 1.17044e-17 7.63695e-18 4.9817e-18 3.24882e-18 2.11818e-18 1.38069e-18 8.99751e-19 5.86201e-19 3.81829e-19 2.48652e-19 1.61888e-19 1.05377e-19 6.85768e-20 4.46187e-20
0.00770517 0.00402562 0.00323924 0.00254308 0.00195883 0.00148593 0.00111311 0.000825071 0.000606071 0.00044173 0.000319749 0.000230049 0.000164615 0.000117218 8.30978e-05 5.86717e-05 4.12723e-05 2.89338e-05 2.022e-05 1.40892e-05 9.79056e-06 6.78613e-06 4.69246e-06 3.23747e-06 2.22892e-06 1.53151e-06 1.05033e-06 7.1905e-07 4.91425e-07 3.35318e-07 2.2845e-07 1.55415e-07 1.05581e-07 7.16314e-08 4.85362e-08 3.2847e-08 2.22033e-08 1.49917e-08 1.01114e-08 6.81271e-09 4.58556e-09 3.08351e-09 2.07153e-09 1.39042e-09 9.32446e-10 6.24791e-10 4.18304e-10 2.79838e-10 1.87063e-10 1.24954e-10 8.3406e-11 5.56343e-11 3.70846e-11 2.47035e-11 1.64455e-11 1.09412e-11 7.27474e-12 4.8341e-12 3.21044e-12 2.13094e-12 1.41365e-12 9.37303e-13 6.21147e-13 4.11423e-13 2.72376e-13 1.80235e-13 1.19208e-13 7.88085e-14 5.20768e-14 3.43974e-14 2.27101e-14 1.49876e-14 9.887e-15 6.51963e-15 4.29744e-15 2.83158e-15 1.86502e-15 1.22794e-15 8.08193e-16 5.31737e-16 3.49726e-16 2.29937e-16 1.51128e-16 9.92974e-17 6.52214e-17 4.28257e-17 2.81115e-17 1.84472e-17 1.21017e-17 7.9366e-18 5.20351e-18 3.41063e-18 2.23486e-18 1.46402e-18 9.58797e-19 6.27755e-19 4.10904e-19 2.68892e-19 1.75916e-19 1.1506e-19 7.52383e-20
0.00487436 0.00273405 0.00226564 0.0018245 0.00143749 0.00111311 0.000849808 0.000641156 0.000478886 0.000354585 0.000260555 0.000190176 0.000137975 9.95627e-05 7.14938e-05 5.11097e-05 3.63886e-05 2.58104e-05 1.82439e-05 1.2854e-05 9.02943e-06 6.32506e-06 4.41906e-06 3.07982e-06 2.14148e-06 1.48578e-06 1.02871e-06 7.10861e-07 4.90306e-07 3.37584e-07 2.32041e-07 1.5924e-07 1.09112e-07 7.46549e-08 5.10075e-08 3.48037e-08 2.37169e-08 1.61417e-08 1.0973e-08 7.45082e-09 5.05361e-09 3.42403e-09 2.31753e-09 1.56706e-09 1.05859e-09 7.14438e-10 4.81741e-10 3.24553e-10 2.1847e-10 1.46941e-10 9.87527e-11 6.63166e-11 4.45011e-11 2.98404e-11 1.99955e-11 1.33894e-11 8.95984e-12 5.99179e-12 4.00441e-12 2.67456e-12 1.78528e-12 1.19098e-12 7.94059e-13 5.29127e-13 3.52395e-13 2.34568e-13 1.56057e-13 1.03771e-13 6.89686e-14 4.5816e-14 3.04212e-14 2.01899e-14 1.33935e-14 8.88096e-15 5.88623e-15 3.89967e-15 2.58249e-15 1.7095e-15 1.13117e-15 7.48189e-16 4.94685e-16 3.2695e-16 2.1601e-16 1.42661e-16 9.41852e-17 6.21594e-17 4.10092e-17 2.70463e-17 1.78316e-17 1.17525e-17 7.74336e-18 5.10026e-18 3.3583e-18 2.21062e-18 1.45472e-18 9.57005e-19 6.29395e-19 4.13817e-19 2.72001e-19 1.78737e-19 1.17419e-19
0.00308356 0.00184814 0.00157476 0.00129881 0.00104523 0.000825071 0.000641156 0.000491783 0.000373061 0.000280315 0.000208881 0.000154511 0.000113547 8.29545e-05 6.02825e-05 4.35952e-05 3.13877e-05 2.25066e-05 1.60777e-05 1.14451e-05 8.12089e-06 5.74472e-06 4.05229e-06 2.85083e-06 2.00056e-06 1.40057e-06 9.78321e-07 6.81926e-07 4.74372e-07 3.29358e-07 2.28258e-07 1.57917e-07 1.09071e-07 7.52143e-08 5.17883e-08 3.56066e-08 2.44468e-08 1.67622e-08 1.14783e-08 7.85026e-09 5.36255e-09 3.65895e-09 2.49378e-09 1.69782e-09 1.15472e-09 7.84551e-10 5.3253e-10 3.61125e-10 2.44666e-10 1.65617e-10 1.12012e-10 7.56938e-11 5.11098e-11 3.44831e-11 2.32474e-11 1.5661e-11 1.05427e-11 7.0921e-12 4.7676e-12 3.20283e-12 2.15023e-12 1.44264e-12 9.673e-13 6.48188e-13 4.34094e-13 2.90546e-13 1.94357e-13 1.29941e-13 8.68273e-14 5.79879e-14 3.87074e-14 2.58245e-14 1.72208e-14 1.1478e-14 7.64664e-15 5.09183e-15 3.38906e-15 2.25471e-15 1.49938e-15 9.96659e-16 6.62214e-16 4.39816e-16 2.91989e-16 1.93772e-16 1.28542e-16 8.52376e-17 5.65008e-17 3.74384e-17 2.47983e-17 1.642e-17 1.08685e-17 7.19147e-18 4.75683e-18 3.14538e-18 2.07915e-18 1.37391e-18 9.07598e-19 5.99366e-19 3.95693e-19 2.61151e-19 1.72305e-19
0.00195069 0.00124414 0.0010886 0.000918387 0.000754015 0.000606071 0.000478886 0.000373061 0.000287156 0.000218764 0.000165169 0.00012372 9.20211e-05 6.80118e-05 4.99798e-05 3.65378e-05 2.65841e-05 1.92574e-05 1.38937e-05 9.98639e-06 7.15293e-06 5.10675e-06 3.63481e-06 2.57973e-06 1.82599e-06 1.28919e-06 9.08013e-07 6.38086e-07 4.47433e-07 3.13102e-07 2.18672e-07 1.52438e-07 1.06076e-07 7.36893e-08 5.11073e-08 3.53902e-08 2.44699e-08 1.68949e-08 1.16487e-08 8.02083e-09 5.51575e-09 3.78836e-09 2.59884e-09 1.78077e-09 1.21885e-09 8.33341e-10 5.69171e-10 3.8835e-10 2.64715e-10 1.80269e-10 1.22648e-10 8.33709e-11 5.66225e-11 3.84234e-11 2.60523e-11 1.76502e-11 1.19485e-11 8.08254e-12 5.46339e-12 3.69032e-12 2.49093e-12 1.6802e-12 1.13258e-12 7.6295e-13 5.13624e-13 3.45561e-13 2.32349e-13 1.56134e-13 1.04859e-13 7.03821e-14 4.7215e-14 3.16564e-14 2.12134e-14 1.4208e-14 9.51121e-15 6.36385e-15 4.2559e-15 2.84482e-15 1.90069e-15 1.26932e-15 8.47286e-16 5.65324e-16 3.7703e-16 2.51343e-16 1.67485e-16 1.11559e-16 7.42779e-17 4.94357e-17 3.2889e-17 2.18723e-17 1.45403e-17 9.66254e-18 6.41875e-18 4.26239e-18 2.82945e-18 1.87759e-18 1.24552e-18 8.25951e-19 5.47537e-19 3.62853e-19 2.40386e-19
0.00123402 0.0008345 0.00074893 0.000645585 0.000540204 0.00044173 0.000354585 0.000280315 0.000218764 0.00016885 0.000129076 9.78387e-05 7.3604e-05 5.49992e-05 4.08469e-05 3.01683e-05 2.21685e-05 1.62142e-05 1.18082e-05 8.56518e-06 6.18981e-06 4.45772e-06 3.19992e-06 2.29003e-06 1.63418e-06 1.16301e-06 8.25578e-07 5.8463e-07 4.13054e-07 2.91195e-07 2.0486e-07 1.43837e-07 1.008e-07 7.05124e-08 4.92399e-08 3.43279e-08 2.38938e-08 1.66057e-08 1.15237e-08 7.98562e-09 5.52628e-09 3.81931e-09 2.63624e-09 1.8174e-09 1.25142e-09 8.60706e-10 5.91323e-10 4.05815e-10 2.78213e-10 1.90541e-10 1.30368e-10 8.9113e-11 6.08567e-11 4.15227e-11 2.83062e-11 1.92801e-11 1.31213e-11 8.92261e-12 6.06271e-12 4.11631e-12 2.79271e-12 1.89333e-12 1.28268e-12 8.68377e-13 5.87495e-13 3.97202e-13 2.68373e-13 1.81213e-13 1.22285e-13 8.24696e-14 5.55849e-14 3.74428e-14 2.52077e-14 1.69612e-14 1.14063e-14 7.66654e-15 5.15024e-15 3.45807e-15 2.32071e-15 1.55667e-15 1.04366e-15 6.99387e-16 4.68461e-16 3.1364e-16 2.09891e-16 1.40399e-16 9.38746e-17 6.27403e-17 4.19145e-17 2.799e-17 1.86839e-17 1.24669e-17 8.31533e-18 5.54415e-18 3.6951e-18 2.46182e-18 1.63956e-18 1.09155e-18 7.26448e-19 4.83298e-19 3.21422e-19
0.000780653 0.000557926 0.000513063 0.000451469 0.000384683 0.000319749 0.000260555 0.000208881 0.000165169 0.000129076 9.98435e-05 7.65393e-05 5.82071e-05 4.39497e-05 3.29704e-05 2.45888e-05 1.82397e-05 1.34633e-05 9.8925e-06 7.23813e-06 5.27522e-06 3.83056e-06 2.77201e-06 1.99953e-06 1.43796e-06 1.03115e-06 7.37442e-07 5.26042e-07 3.74334e-07 2.65764e-07 1.88269e-07 1.33092e-07 9.38979e-08 6.61194e-08 4.64737e-08 3.26079e-08 2.28406e-08 1.59731e-08 1.1153e-08 7.77586e-09 5.41348e-09 3.76357e-09 2.613e-09 1.81182e-09 1.25472e-09 8.67866e-10 5.9958e-10 4.1376e-10 2.85213e-10 1.96394e-10 1.35093e-10 9.28332e-11 6.37305e-11 4.37098e-11 2.99507e-11 2.05043e-11 1.4025e-11 9.58494e-12 6.54508e-12 4.46569e-12 3.04452e-12 2.07402e-12 1.41183e-12 9.60355e-13 6.52785e-13 4.43408e-13 3.00982e-13 2.04167e-13 1.38403e-13 9.37626e-14 6.34805e-14 4.29521e-14 2.90448e-14 1.96289e-14 1.32579e-14 8.94968e-15 6.0381e-15 4.07153e-15 2.744e-15 1.84835e-15 1.2444e-15 8.37374e-16 5.63203e-16 3.78617e-16 2.54407e-16 1.70865e-16 1.14705e-16 7.69684e-17 5.1624e-17 3.46101e-17 2.31935e-17 1.55364e-17 1.04028e-17 6.9627e-18 4.65833e-18 3.11538e-18 2.08269e-18 1.39179e-18 9.2973e-19 6.20842e-19 4.14427e-19
0.000493848 0.000371936 0.000350149 0.000314265 0.000272466 0.000230049 0.000190176 0.000154511 0.00012372 9.78387e-05 7.65393e-05 5.93105e-05 4.55737e-05 3.47548e-05 2.63241e-05 1.98153e-05 1.48317e-05 1.10439e-05 8.18404e-06 6.03789e-06 4.43616e-06 3.24679e-06 2.36775e-06 1.72086e-06 1.24673e-06 9.00519e-07 6.48606e-07 4.65909e-07 3.33821e-07 2.38601e-07 1.70148e-07 1.21067e-07 8.59633e-08 6.09153e-08 4.30828e-08 3.04144e-08 2.14332e-08 1.50784e-08 1.05904e-08 7.42653e-09 5.19997e-09 3.63564e-09 2.53832e-09 1.76979e-09 1.23232e-09 8.56979e-10 5.95226e-10 4.12928e-10 2.86129e-10 1.98045e-10 1.36927e-10 9.45705e-11 6.52492e-11 4.49739e-11 3.09687e-11 2.13046e-11 1.46428e-11 1.00551e-11 6.8987e-12 4.7291e-12 3.23913e-12 2.2168e-12 1.51593e-12 1.03586e-12 7.07278e-13 4.8257e-13 3.29017e-13 2.24166e-13 1.52624e-13 1.03844e-13 7.06084e-14 4.79789e-14 3.25813e-14 2.21115e-14 1.49971e-14 1.01656e-14 6.88669e-15 4.66271e-15 3.15517e-15 2.13388e-15 1.44239e-15 9.74462e-16 6.57994e-16 4.44077e-16 2.99555e-16 2.01968e-16 1.36106e-16 9.16787e-17 6.17243e-17 4.15379e-17 2.79407e-17 1.87862e-17 1.26255e-17 8.48156e-18 5.69532e-18 3.82279e-18 2.56487e-18 1.72019e-18 1.15323e-18 7.72835e-19 5.17715e-19
0.000312413 0.000247301 0.000238152 0.000217852 0.000192056 0.000164615 0.000137975 0.000113547 9.20211e-05 7.3604e-05 5.82071e-05 4.55737e-05 3.53675e-05 2.72301e-05 2.08155e-05 1.58089e-05 1.19355e-05 8.96211e-06 6.69573e-06 4.97924e-06 3.68679e-06 2.71882e-06 1.99743e-06 1.46225e-06 1.0669e-06 7.75996e-07 5.62736e-07 4.06937e-07 2.93488e-07 2.1113e-07 1.51516e-07 1.08485e-07 7.75038e-08 5.52539e-08 3.93123e-08 2.79161e-08 1.97869e-08 1.39999e-08 9.88851e-09 6.97301e-09 4.90931e-09 3.45109e-09 2.42242e-09 1.69794e-09 1.18849e-09 8.3079e-10 5.79996e-10 4.04403e-10 2.81629e-10 1.95898e-10 1.36108e-10 9.44624e-11 6.54886e-11 4.53541e-11 3.13781e-11 2.16873e-11 1.49749e-11 1.03304e-11 7.11983e-12 4.90271e-12 3.37306e-12 2.3187e-12 1.59259e-12 1.09298e-12 7.49509e-13 5.13578e-13 3.51648e-13 2.40597e-13 1.64497e-13 1.12388e-13 7.6733e-14 5.23541e-14 3.5697e-14 2.43238e-14 1.65636e-14 1.12722e-14 7.66647e-15 5.21103e-15 3.53995e-15 2.40337e-15 1.6308e-15 1.10596e-15 7.49617e-16 5.0782e-16 3.43836e-16 2.32686e-16 1.57387e-16 1.06403e-16 7.18991e-17 4.85608e-17 3.27826e-17 2.21207e-17 1.49196e-17 1.00582e-17 6.77782e-18 4.56533e-18 3.07375e-18 2.06862e-18 1.3916e-18 9.35774e-19 6.29003e-19
0.000197635 0.000164043 0.000161479 0.000150453 0.00013479 0.000117218 9.95627e-05 8.29545e-05 6.80118e-05 5.49992e-05 4.39497e-05 3.47548e-05 2.72301e-05 2.11583e-05 1.6318e-05 1.24998e-05 9.51583e-06 7.2031e-06 5.42391e-06 4.06439e-06 3.03191e-06 2.2522e-06 1.66642e-06 1.22845e-06 9.02438e-07 6.60774e-07 4.82328e-07 3.5104e-07 2.54778e-07 1.84423e-07 1.33161e-07 9.59163e-08 6.89306e-08 4.94287e-08 3.53699e-08 2.52589e-08 1.80035e-08 1.28083e-08 9.09602e-09 6.44859e-09 4.56415e-09 3.22523e-09 2.27559e-09 1.60317e-09 1.12782e-09 7.92313e-10 5.55864e-10 3.89469e-10 2.72539e-10 1.9048e-10 1.3297e-10 9.27167e-11 6.45762e-11 4.49276e-11 3.12243e-11 2.16782e-11 1.50354e-11 1.0418e-11 7.21167e-12 4.98752e-12 3.44618e-12 2.37907e-12 1.64097e-12 1.13091e-12 7.78751e-13 5.35819e-13 3.6838e-13 2.5307e-13 1.73723e-13 1.19166e-13 8.16841e-14 5.59519e-14 3.82994e-14 2.61985e-14 1.7909e-14 1.22345e-14 8.35263e-15 5.69888e-15 3.88588e-15 2.64807e-15 1.80349e-15 1.22757e-15 8.35087e-16 5.67774e-16 3.85818e-16 2.62032e-16 1.77868e-16 1.20675e-16 8.18302e-17 5.54616e-17 3.75714e-17 2.54397e-17 1.72171e-17 1.16467e-17 7.87493e-18 5.32222e-18 3.59538e-18 2.42777e-18 1.63863e-18 1.10552e-18 7.45545e-19
0.000125026 0.000108582 0.000109183 0.000103553 9.42268e-05 8.30978e-05 7.14938e-05 6.02825e-05 4.99798e-05 4.08469e-05 3.29704e-05 2.63241e-05 2.08155e-05 1.6318e-05 1.2693e-05 9.80368e-06 7.52337e-06 5.73936e-06 4.35454e-06 3.28719e-06 2.46983e-06 1.84758e-06 1.37645e-06 1.02152e-06 7.55374e-07 5.56667e-07 4.08911e-07 2.99458e-07 2.18668e-07 1.59235e-07 1.15653e-07 8.3789e-08 6.05595e-08 4.36704e-08 3.14227e-08 2.25627e-08 1.61684e-08 1.15639e-08 8.25537e-09 5.88292e-09 4.18506e-09 2.97228e-09 2.10757e-09 1.49212e-09 1.05481e-09 7.4459e-10 5.2487e-10 3.69485e-10 2.59759e-10 1.82386e-10 1.27901e-10 8.95847e-11 6.2674e-11 4.37973e-11 3.05723e-11 2.13177e-11 1.48491e-11 1.03328e-11 7.18295e-12 4.98848e-12 3.46117e-12 2.39927e-12 1.66166e-12 1.14981e-12 7.94948e-13 5.49144e-13 3.79034e-13 2.61411e-13 1.80147e-13 1.24051e-13 8.53584e-14 5.86914e-14 4.03265e-14 2.76886e-14 1.89982e-14 1.30266e-14 8.92606e-15 6.11234e-15 4.18292e-15 2.86075e-15 1.9553e-15 1.33563e-15 9.11805e-16 6.22109e-16 4.24213e-16 2.89107e-16 1.96922e-16 1.34059e-16 9.12148e-17 6.20311e-17 4.2163e-17 2.8644e-17 1.945e-17 1.32007e-17 8.95493e-18 6.07188e-18 4.11512e-18 2.78768e-18 1.88759e-18 1.27756e-18 8.64297e-19
7.90922e-05 7.17307e-05 7.36349e-05 7.10518e-05 6.56339e-05 5.86717e-05 5.11097e-05 4.35952e-05 3.65378e-05 3.01683e-05 2.45888e-05 1.98153e-05 1.58089e-05 1.24998e-05 9.80368e-06 7.63286e-06 5.90304e-06 4.53726e-06 3.46776e-06 2.63649e-06 1.99474e-06 1.50235e-06 1.1267e-06 8.41613e-07 6.26307e-07 4.64435e-07 3.43251e-07 2.52885e-07 1.85751e-07 1.3605e-07 9.93772e-08 7.24019e-08 5.26186e-08 3.81506e-08 2.75982e-08 1.99213e-08 1.435e-08 1.03161e-08 7.40193e-09 5.30115e-09 3.78983e-09 2.70473e-09 1.9271e-09 1.37085e-09 9.73649e-10 6.90499e-10 4.88983e-10 3.4579e-10 2.44197e-10 1.72224e-10 1.21308e-10 8.5338e-11 5.99613e-11 4.20812e-11 2.9499e-11 2.06559e-11 1.4448e-11 1.00952e-11 7.04649e-12 4.91356e-12 3.4229e-12 2.38219e-12 1.65636e-12 1.15064e-12 7.98612e-13 5.53804e-13 3.83713e-13 2.65643e-13 1.83754e-13 1.27008e-13 8.77173e-14 6.05356e-14 4.17458e-14 2.87672e-14 1.98094e-14 1.36314e-14 9.37375e-15 6.44158e-15 4.42369e-15 3.03596e-15 2.08224e-15 1.42723e-15 9.77668e-16 6.69311e-16 4.57939e-16 3.13138e-16 2.14001e-16 1.46168e-16 9.97817e-17 6.80791e-17 4.64243e-17 3.1641e-17 2.15542e-17 1.46755e-17 9.98704e-18 6.79311e-18 4.61839e-18 3.13839e-18 2.13167e-18 1.44721e-18 9.82083e-19
5.00344e-05 4.73011e-05 4.95436e-05 4.86124e-05 4.55668e-05 4.12723e-05 3.63886e-05 3.13877e-05 2.65841e-05 2.21685e-05 1.82397e-05 1.48317e-05 1.19355e-05 9.51583e-06 7.52337e-06 5.90304e-06 4.59964e-06 3.5613e-06 2.74122e-06 2.09855e-06 1.59847e-06 1.21184e-06 9.14687e-07 6.87556e-07 5.14822e-07 3.84076e-07 2.85545e-07 2.11597e-07 1.56313e-07 1.15133e-07 8.45636e-08 6.19447e-08 4.52599e-08 3.29884e-08 2.39878e-08 1.74039e-08 1.25999e-08 9.10313e-09 6.56371e-09 4.72363e-09 3.39314e-09 2.43307e-09 1.74165e-09 1.24465e-09 8.88053e-10 6.32638e-10 4.50008e-10 3.19634e-10 2.26711e-10 1.60583e-10 1.13592e-10 8.0249e-11 5.6622e-11 3.99028e-11 2.8087e-11 1.97473e-11 1.38683e-11 9.72891e-12 6.81777e-12 4.77276e-12 3.33777e-12 2.33193e-12 1.62763e-12 1.13498e-12 7.90712e-13 5.50376e-13 3.82754e-13 2.65954e-13 1.84641e-13 1.28084e-13 8.87792e-14 6.14873e-14 4.25525e-14 2.94264e-14 2.03342e-14 1.40412e-14 9.68881e-15 6.68089e-15 4.60365e-15 3.17014e-15 2.18157e-15 1.5003e-15 1.03113e-15 7.08235e-16 4.86157e-16 3.33514e-16 2.28663e-16 1.56685e-16 1.07302e-16 7.34427e-17 5.02399e-17 3.43489e-17 2.34718e-17 1.60307e-17 1.0943e-17 7.46614e-18 5.09144e-18 3.47034e-18 2.36424e-18 1.60993e-18 1.09576e-18
3.16522e-05 3.114e-05 3.3262e-05 3.31724e-05 3.15391e-05 2.89338e-05 2.58104e-05 2.25066e-05 1.92574e-05 1.62142e-05 1.34633e-05 1.10439e-05 8.96211e-06 7.2031e-06 5.73936e-06 4.53726e-06 3.5613e-06 2.77694e-06 2.15224e-06 1.65874e-06 1.27175e-06 9.7032e-07 7.36976e-07 5.57366e-07 4.19843e-07 3.15059e-07 2.35584e-07 1.75562e-07 1.30414e-07 9.65813e-08 7.13186e-08 5.25184e-08 3.85721e-08 2.82578e-08 2.06517e-08 1.5058e-08 1.0955e-08 7.95296e-09 5.76176e-09 4.16604e-09 3.00652e-09 2.16575e-09 1.55733e-09 1.11792e-09 8.01166e-10 5.73243e-10 4.09526e-10 2.92128e-10 2.08081e-10 1.48005e-10 1.0513e-10 7.45764e-11 5.28339e-11 3.73834e-11 2.64188e-11 1.8648e-11 1.31476e-11 9.25918e-12 6.51359e-12 4.57724e-12 3.21316e-12 2.2533e-12 1.5786e-12 1.10485e-12 7.72544e-13 5.39684e-13 3.76671e-13 2.62664e-13 1.83005e-13 1.27396e-13 8.8611e-14 6.15839e-14 4.27662e-14 2.96754e-14 2.0576e-14 1.4256e-14 9.87003e-15 6.82851e-15 4.72092e-15 3.26157e-15 2.25181e-15 1.55363e-15 1.07122e-15 7.38125e-16 5.08286e-16 3.49797e-16 2.4058e-16 1.65365e-16 1.13598e-16 7.79919e-17 5.35155e-17 3.67e-17 2.51544e-17 1.72317e-17 1.1798e-17 8.07353e-18 5.52196e-18 3.77487e-18 2.57926e-18 1.76146e-18 1.20238e-18
2.00235e-05 2.04693e-05 2.22862e-05 2.25814e-05 2.17685e-05 2.022e-05 1.82439e-05 1.60777e-05 1.38937e-05 1.18082e-05 9.8925e-06 8.18404e-06 6.69573e-06 5.42391e-06 4.35454e-06 3.46776e-06 2.74122e-06 2.15224e-06 1.67928e-06 1.30269e-06 1.00514e-06 7.71679e-07 5.89672e-07 4.48618e-07 3.39897e-07 2.56524e-07 1.9289e-07 1.44536e-07 1.07947e-07 8.03675e-08 5.96557e-08 4.41557e-08 3.25941e-08 2.39973e-08 1.7624e-08 1.29125e-08 9.4389e-09 6.88458e-09 5.01089e-09 3.63972e-09 2.63857e-09 1.90919e-09 1.37891e-09 9.94157e-10 7.15542e-10 5.14161e-10 3.68866e-10 2.64221e-10 1.8898e-10 1.34968e-10 9.62572e-11 6.85553e-11 4.87607e-11 3.46367e-11 2.45729e-11 1.74118e-11 1.23229e-11 8.71119e-12 6.15106e-12 4.33854e-12 3.05681e-12 2.15148e-12 1.51273e-12 1.06255e-12 7.45617e-13 5.22715e-13 3.66108e-13 2.56186e-13 1.79108e-13 1.25111e-13 8.73176e-14 6.089e-14 4.24262e-14 2.95374e-14 2.0548e-14 1.42834e-14 9.92124e-15 6.88617e-15 4.7761e-15 3.31024e-15 2.29267e-15 1.58681e-15 1.09753e-15 7.58607e-16 5.24007e-16 3.61726e-16 2.49545e-16 1.72048e-16 1.18547e-16 8.16335e-17 5.61814e-17 3.86427e-17 2.65641e-17 1.82507e-17 1.25322e-17 8.60081e-18 5.89957e-18 4.04459e-18 2.77143e-18 1.89808e-18 1.29929e-18
1.2667e-05 1.34361e-05 1.49044e-05 1.5337e-05 1.49856e-05 1.40892e-05 1.2854e-05 1.14451e-05 9.98639e-06 8.56518e-06 7.23813e-06 6.03789e-06 4.97924e-06 4.06439e-06 3.28719e-06 2.63649e-06 2.09855e-06 1.65874e-06 1.30269e-06 1.017e-06 7.89576e-07 6.09859e-07 4.68781e-07 3.58713e-07 2.73324e-07 2.07428e-07 1.56825e-07 1.18142e-07 8.86986e-08 6.63784e-08 4.95224e-08 3.68386e-08 2.73269e-08 2.02169e-08 1.49186e-08 1.09818e-08 8.06488e-09 5.90934e-09 4.32051e-09 3.15226e-09 2.29526e-09 1.668e-09 1.20989e-09 8.76009e-10 6.33153e-10 4.56848e-10 3.29096e-10 2.36691e-10 1.69969e-10 1.21874e-10 8.7261e-11 6.23903e-11 4.45471e-11 3.17646e-11 2.26206e-11 1.60886e-11 1.14287e-11 8.10886e-12 5.74666e-12 4.06797e-12 2.87647e-12 2.03176e-12 1.43359e-12 1.01049e-12 7.11544e-13 5.00546e-13 3.51779e-13 2.46994e-13 1.73263e-13 1.21432e-13 8.50312e-14 5.94908e-14 4.15867e-14 2.90469e-14 2.02719e-14 1.41366e-14 9.85044e-15 6.85861e-15 4.7719e-15 3.31763e-15 2.3049e-15 1.60018e-15 1.11015e-15 7.69665e-16 5.33249e-16 3.69209e-16 2.55467e-16 1.76653e-16 1.22077e-16 8.4311e-17 5.8193e-17 4.0142e-17 2.76742e-17 1.90678e-17 1.31305e-17 9.03691e-18 6.21615e-18 4.27355e-18 2.93647e-18 2.01667e-18 1.38427e-18
8.01327e-06 8.80785e-06 9.95034e-06 1.03949e-05 1.02911e-05 9.79056e-06 9.02943e-06 8.12089e-06 7.15293e-06 6.18981e-06 5.27522e-06 4.43616e-06 3.68679e-06 3.03191e-06 2.46983e-06 1.99474e-06 1.59847e-06 1.27175e-06 1.00514e-06 7.89576e-07 6.16725e-07 4.79168e-07 3.70452e-07 2.85075e-07 2.18418e-07 1.66659e-07 1.26672e-07 9.59254e-08 7.23885e-08 5.44459e-08 4.08214e-08 3.05143e-08 2.27443e-08 1.69062e-08 1.25337e-08 9.26862e-09 6.83756e-09 5.03244e-09 3.6956e-09 2.70806e-09 1.9803e-09 1.44522e-09 1.05269e-09 7.65348e-10 5.55437e-10 4.02396e-10 2.91032e-10 2.10144e-10 1.51498e-10 1.0905e-10 7.83793e-11 5.62531e-11 4.03163e-11 2.8855e-11 2.06245e-11 1.47226e-11 1.04963e-11 7.47404e-12 5.31564e-12 3.77614e-12 2.67946e-12 1.89917e-12 1.34466e-12 9.51039e-13 6.71949e-13 4.74282e-13 3.34432e-13 2.35591e-13 1.65806e-13 1.16585e-13 8.19012e-14 5.74849e-14 4.03127e-14 2.82462e-14 1.97751e-14 1.38331e-14 9.6689e-15 6.75294e-15 4.71276e-15 3.28647e-15 2.29014e-15 1.5947e-15 1.10965e-15 7.71598e-16 5.36162e-16 3.72312e-16 2.58363e-16 1.79172e-16 1.24174e-16 8.6004e-17 5.95302e-17 4.11804e-17 2.84697e-17 1.96707e-17 1.35833e-17 9.37434e-18 6.46595e-18 4.45743e-18 3.07114e-18 2.11485e-18 1.45557e-18
5.06926e-06 5.76682e-06 6.63218e-06 7.03141e-06 7.05125e-06 6.78613e-06 6.32506e-06 5.74472e-06 5.10675e-06 4.45772e-06 3.83056e-06 3.24679e-06 2.71882e-06 2.2522e-06 1.84758e-06 1.50235e-06 1.21184e-06 9.7032e-07 7.71679e-07 6.09859e-07 4.79168e-07 3.74442e-07 2.91121e-07 2.25264e-07 1.73525e-07 1.33106e-07 1.01696e-07 7.74043e-08 5.87046e-08 4.43711e-08 3.34289e-08 2.51074e-08 1.88019e-08 1.40403e-08 1.04564e-08 7.76714e-09 5.75525e-09 4.25434e-09 3.13765e-09 2.30897e-09 1.69554e-09 1.24254e-09 9.08764e-10 6.63381e-10 4.83362e-10 3.51565e-10 2.55263e-10 1.8503e-10 1.33903e-10 9.67506e-11 6.97997e-11 5.02815e-11 3.6169e-11 2.5981e-11 1.86372e-11 1.33515e-11 9.55254e-12 6.8259e-12 4.87156e-12 3.47261e-12 2.47251e-12 1.75843e-12 1.24919e-12 8.86467e-13 6.28399e-13 4.44998e-13 3.14805e-13 2.22482e-13 1.57082e-13 1.10802e-13 7.80849e-14 5.49783e-14 3.86749e-14 2.71825e-14 1.90888e-14 1.33938e-14 9.39018e-15 6.57801e-15 4.6044e-15 3.22044e-15 2.25075e-15 1.57187e-15 1.09695e-15 7.64971e-16 5.33086e-16 3.71234e-16 2.58347e-16 1.79667e-16 1.24867e-16 8.67251e-17 6.01959e-17 4.17558e-17 2.89467e-17 2.00548e-17 1.38861e-17 9.60917e-18 6.64571e-18 4.59357e-18 3.17334e-18 2.191e-18 1.51194e-18
3.20686e-06 3.77143e-06 4.41383e-06 4.74751e-06 4.82108e-06 4.69246e-06 4.41906e-06 4.05229e-06 3.63481e-06 3.19992e-06 2.77201e-06 2.36775e-06 1.99743e-06 1.66642e-06 1.37645e-06 1.1267e-06 9.14687e-07 7.36976e-07 5.89672e-07 4.68781e-07 3.70452e-07 2.91121e-07 2.27589e-07 1.77054e-07 1.37109e-07 1.05717e-07 8.11804e-08 6.20975e-08 4.73263e-08 3.59432e-08 2.72075e-08 2.05299e-08 1.54445e-08 1.15852e-08 8.66633e-09 6.46571e-09 4.81163e-09 3.57197e-09 2.64548e-09 1.95487e-09 1.44141e-09 1.06058e-09 7.78789e-10 5.7075e-10 4.17494e-10 3.04831e-10 2.22177e-10 1.61656e-10 1.17426e-10 8.51595e-11 6.16627e-11 4.45811e-11 3.21838e-11 2.32006e-11 1.67015e-11 1.20066e-11 8.62002e-12 6.18069e-12 4.42609e-12 3.1657e-12 2.26152e-12 1.61371e-12 1.15015e-12 8.18847e-13 5.82342e-13 4.13707e-13 2.93601e-13 2.08152e-13 1.47426e-13 1.04314e-13 7.37399e-14 5.20783e-14 3.67465e-14 2.59052e-14 1.82465e-14 1.2841e-14 9.02926e-15 6.34379e-15 4.45343e-15 3.12389e-15 2.18957e-15 1.53352e-15 1.07324e-15 7.50555e-16 5.24511e-16 3.66285e-16 2.55611e-16 1.78255e-16 1.24226e-16 8.65154e-17 6.02133e-17 4.18806e-17 2.91111e-17 2.02225e-17 1.40394e-17 9.74089e-18 6.75449e-18 4.68094e-18 3.24209e-18 2.24425e-18 1.55266e-18
2.02869e-06 2.46384e-06 2.9333e-06 3.19991e-06 3.28969e-06 3.23747e-06 3.07982e-06 2.85083e-06 2.57973e-06 2.29003e-06 1.99953e-06 1.72086e-06 1.46225e-06 1.22845e-06 1.02152e-06 8.41613e-07 6.87556e-07 5.57366e-07 4.48618e-07 3.58713e-07 2.85075e-07 2.25264e-07 1.77054e-07 1.38468e-07 1.07783e-07 8.35266e-08 6.44588e-08 4.95472e-08 3.79423e-08 2.8952e-08 2.20169e-08 1.6689e-08 1.26113e-08 9.50177e-09 7.13874e-09 5.34886e-09 3.99734e-09 2.97985e-09 2.21603e-09 1.64419e-09 1.21719e-09 8.99154e-10 6.62839e-10 4.87654e-10 3.58076e-10 2.62436e-10 1.91993e-10 1.40212e-10 1.02222e-10 7.44018e-11 5.40665e-11 3.92281e-11 2.8419e-11 2.0558e-11 1.48502e-11 1.07122e-11 7.71681e-12 5.55166e-12 3.98886e-12 2.8624e-12 2.05154e-12 1.46862e-12 1.05011e-12 7.5001e-13 5.35076e-13 3.81322e-13 2.71461e-13 1.93051e-13 1.3715e-13 9.73393e-14 6.90174e-14 4.88894e-14 3.45992e-14 2.44637e-14 1.72817e-14 1.21976e-14 8.60171e-15 6.06081e-15 4.26694e-15 3.00159e-15 2.10979e-15 1.48179e-15 1.03993e-15 7.29274e-16 5.11043e-16 3.57856e-16 2.50408e-16 1.75099e-16 1.22354e-16 8.54399e-17 5.96227e-17 4.15794e-17 2.89777e-17 2.01824e-17 1.40479e-17 9.77201e-18 6.79348e-18 4.71999e-18 3.27745e-18 2.27447e-18 1.57752e-18
1.28337e-06 1.60799e-06 1.94677e-06 2.15329e-06 2.24052e-06 2.22892e-06 2.14148e-06 2.00056e-06 1.82599e-06 1.63418e-06 1.43796e-06 1.24673e-06 1.0669e-06 9.02438e-07 7.55374e-07 6.26307e-07 5.14822e-07 4.19843e-07 3.39897e-07 2.73324e-07 2.18418e-07 1.73525e-07 1.37109e-07 1.07783e-07 8.43224e-08 6.56702e-08 5.09254e-08 3.93316e-08 3.02607e-08 2.3197e-08 1.77205e-08 1.34922e-08 1.02404e-08 7.74881e-09 5.84655e-09 4.39906e-09 3.30115e-09 2.47093e-09 1.84497e-09 1.37433e-09 1.02141e-09 7.57459e-10 5.60526e-10 4.13945e-10 3.05091e-10 2.24432e-10 1.64792e-10 1.20783e-10 8.8373e-11 6.45506e-11 4.70726e-11 3.42725e-11 2.49144e-11 1.80844e-11 1.31075e-11 9.4868e-12 6.85673e-12 4.94912e-12 3.56753e-12 2.56833e-12 1.84667e-12 1.32617e-12 9.51242e-13 6.81519e-13 4.87721e-13 3.48644e-13 2.48956e-13 1.77583e-13 1.2654e-13 9.00772e-14 6.40575e-14 4.55095e-14 3.23013e-14 2.29051e-14 1.62274e-14 1.14861e-14 8.12302e-15 5.73967e-15 4.05218e-15 2.85845e-15 2.01474e-15 1.41893e-15 9.98527e-16 7.02143e-16 4.93358e-16 3.46399e-16 2.43037e-16 1.70395e-16 1.19381e-16 8.3582e-17 5.84781e-17 4.08867e-17 2.85683e-17 1.99482e-17 1.39203e-17 9.70771e-18 6.76577e-18 4.71252e-18 3.28041e-18 2.28216e-18 1.58676e-18
8.11868e-07 1.04844e-06 1.2904e-06 1.44677e-06 1.52325e-06 1.53151e-06 1.48578e-06 1.40057e-06 1.28919e-06 1.16301e-06 1.03115e-06 9.00519e-07 7.75996e-07 6.60774e-07 5.56667e-07 4.64435e-07 3.84076e-07 3.15059e-07 2.56524e-07 2.07428e-07 1.66659e-07 1.33106e-07 1.05717e-07 8.35266e-08 6.56702e-08 5.13926e-08 4.00437e-08 3.10721e-08 2.4016e-08 1.84932e-08 1.419e-08 1.08513e-08 8.27146e-09 6.2855e-09 4.76228e-09 3.59799e-09 2.71097e-09 2.0373e-09 1.52721e-09 1.14206e-09 8.52063e-10 6.34277e-10 4.71135e-10 3.49223e-10 2.58335e-10 1.90727e-10 1.40547e-10 1.03379e-10 7.59049e-11 5.56364e-11 4.07119e-11 2.97425e-11 2.16944e-11 1.57997e-11 1.14896e-11 8.34309e-12 6.04971e-12 4.38071e-12 3.16789e-12 2.28784e-12 1.65017e-12 1.18874e-12 8.55304e-13 6.14662e-13 4.41213e-13 3.1635e-13 2.26572e-13 1.62096e-13 1.15845e-13 8.27056e-14 5.89861e-14 4.20274e-14 2.99152e-14 2.12735e-14 1.5114e-14 1.0728e-14 7.60803e-15 5.39065e-15 3.81624e-15 2.69936e-15 1.90777e-15 1.34721e-15 9.50601e-16 6.70222e-16 4.72175e-16 3.32397e-16 2.33823e-16 1.64361e-16 1.15451e-16 8.1038e-17 5.6843e-17 3.98444e-17 2.79103e-17 1.95377e-17 1.36678e-17 9.55532e-18 6.67601e-18 4.66142e-18 3.25276e-18 2.26843e-18 1.58103e-18
5.13595e-07 6.82998e-07 8.54308e-07 9.70657e-07 1.03387e-06 1.05033e-06 1.02871e-06 9.78321e-07 9.08013e-07 8.25578e-07 7.37442e-07 6.48606e-07 5.62736e-07 4.82328e-07 4.08911e-07 3.43251e-07 2.85545e-07 2.35584e-07 1.9289e-07 1.56825e-07 1.26672e-07 1.01696e-07 8.11804e-08 6.44588e-08 5.09254e-08 4.00437e-08 3.1347e-08 2.44355e-08 1.89717e-08 1.46737e-08 1.13084e-08 8.68479e-09 6.64795e-09 5.07281e-09 3.85922e-09 2.92748e-09 2.21455e-09 1.67078e-09 1.25731e-09 9.4383e-10 7.06828e-10 5.28128e-10 3.93736e-10 2.92916e-10 2.17463e-10 1.61124e-10 1.1915e-10 8.79463e-11 6.47965e-11 4.76564e-11 3.49904e-11 2.56481e-11 1.87699e-11 1.37147e-11 1.00058e-11 7.28905e-12 5.30229e-12 3.85163e-12 2.79402e-12 2.02411e-12 1.46444e-12 1.05818e-12 7.6367e-13 5.5046e-13 3.96307e-13 2.84993e-13 2.04713e-13 1.46885e-13 1.05278e-13 7.53771e-14 5.39126e-14 3.85212e-14 2.74966e-14 1.96081e-14 1.39693e-14 9.94287e-15 7.07048e-15 5.02338e-15 3.56582e-15 2.52899e-15 1.79212e-15 1.26889e-15 8.97691e-16 6.34571e-16 4.48219e-16 3.16348e-16 2.23104e-16 1.57226e-16 1.10719e-16 7.79125e-17 5.47876e-17 3.84993e-17 2.70349e-17 1.89715e-17 1.33043e-17 9.32382e-18 6.53005e-18 4.5705e-18 3.19697e-18 2.23483e-18 1.56131e-18
3.24905e-07 4.44562e-07 5.64957e-07 6.50332e-07 7.00597e-07 7.1905e-07 7.10861e-07 6.81926e-07 6.38086e-07 5.8463e-07 5.26042e-07 4.65909e-07 4.06937e-07 3.5104e-07 2.99458e-07 2.52885e-07 2.11597e-07 1.75562e-07 1.44536e-07 1.18142e-07 9.59254e-08 7.74043e-08 6.20975e-08 4.95472e-08 3.93316e-08 3.10721e-08 2.44355e-08 1.91338e-08 1.49213e-08 1.15911e-08 8.97095e-09 6.91868e-09 5.318e-09 4.07454e-09 3.11223e-09 2.37021e-09 1.8e-09 1.36326e-09 1.02979e-09 7.75944e-10 5.83256e-10 4.37394e-10 3.27271e-10 2.44342e-10 1.82043e-10 1.35352e-10 1.00438e-10 7.43885e-11 5.49931e-11 4.05818e-11 2.98949e-11 2.19851e-11 1.61415e-11 1.18323e-11 8.65996e-12 6.32859e-12 4.61804e-12 3.365e-12 2.44853e-12 1.77924e-12 1.29118e-12 9.35779e-13 6.77346e-13 4.89679e-13 3.5358e-13 2.55006e-13 1.83702e-13 1.32186e-13 9.50118e-14 6.82184e-14 4.8929e-14 3.50576e-14 2.50932e-14 1.79432e-14 1.28181e-14 9.14807e-15 6.52275e-15 4.64658e-15 3.30709e-15 2.35167e-15 1.67082e-15 1.18608e-15 8.4127e-16 5.96213e-16 4.22199e-16 2.98738e-16 2.11216e-16 1.49221e-16 1.05344e-16 7.43131e-17 5.23851e-17 3.69011e-17 2.59757e-17 1.82723e-17 1.28448e-17 9.02334e-18 6.33465e-18 4.44422e-18 3.11596e-18 2.18331e-18 1.52887e-18
2.05537e-07 2.89136e-07 3.73208e-07 4.35149e-07 4.74041e-07 4.91425e-07 4.90306e-07 4.74372e-07 4.47433e-07 4.13054e-07 3.74334e-07 3.33821e-07 2.93488e-07 2.54778e-07 2.18668e-07 1.85751e-07 1.56313e-07 1.30414e-07 1.07947e-07 8.86986e-08 7.23885e-08 5.87046e-08 4.73263e-08 3.79423e-08 3.02607e-08 2.4016e-08 1.89717e-08 1.49213e-08 1.16868e-08 9.1173e-09 7.08602e-09 5.48757e-09 4.23516e-09 3.2579e-09 2.4983e-09 1.91006e-09 1.45612e-09 1.10699e-09 8.3934e-10 6.34772e-10 4.78879e-10 3.60413e-10 2.70631e-10 2.02764e-10 1.51591e-10 1.13098e-10 8.42098e-11 6.25787e-11 4.64164e-11 3.43654e-11 2.53981e-11 1.87383e-11 1.38017e-11 1.01491e-11 7.45139e-12 5.46229e-12 3.99817e-12 2.92221e-12 2.13277e-12 1.55444e-12 1.13139e-12 8.22394e-13 5.97016e-13 4.32857e-13 3.1345e-13 2.2671e-13 1.6378e-13 1.18182e-13 8.51835e-14 6.13311e-14 4.41101e-14 3.16911e-14 2.27451e-14 1.6308e-14 1.1681e-14 8.35871e-15 5.97564e-15 4.26799e-15 3.04554e-15 2.17128e-15 1.54662e-15 1.10071e-15 7.82702e-16 5.56103e-16 3.94783e-16 2.80035e-16 1.98482e-16 1.4057e-16 9.9479e-17 7.03467e-17 4.9709e-17 3.51002e-17 2.4767e-17 1.74636e-17 1.23052e-17 8.66466e-18 6.09707e-18 4.2875e-18 3.01303e-18 2.11605e-18 1.48516e-18
1.30025e-07 1.87909e-07 2.46289e-07 2.90806e-07 3.20288e-07 3.35318e-07 3.37584e-07 3.29358e-07 3.13102e-07 2.91195e-07 2.65764e-07 2.38601e-07 2.1113e-07 1.84423e-07 1.59235e-07 1.3605e-07 1.15133e-07 9.65813e-08 8.03675e-08 6.63784e-08 5.44459e-08 4.43711e-08 3.59432e-08 2.8952e-08 2.3197e-08 1.84932e-08 1.46737e-08 1.15911e-08 9.1173e-09 7.14263e-09 5.57423e-09 4.33435e-09 3.35852e-09 2.59373e-09 1.99671e-09 1.53241e-09 1.17263e-09 8.94798e-10 6.80943e-10 5.16848e-10 3.91313e-10 2.95551e-10 2.22702e-10 1.67431e-10 1.25603e-10 9.40252e-11 7.02428e-11 5.23719e-11 3.89727e-11 2.89477e-11 2.14626e-11 1.58851e-11 1.17369e-11 8.65762e-12 6.37592e-12 4.68819e-12 3.44194e-12 2.52322e-12 1.84704e-12 1.35016e-12 9.85581e-13 7.18481e-13 5.2308e-13 3.80333e-13 2.76194e-13 2.00324e-13 1.45122e-13 1.05008e-13 7.58954e-14 5.47926e-14 3.95141e-14 2.84653e-14 2.04843e-14 1.47259e-14 1.05755e-14 7.58739e-15 5.43828e-15 3.8942e-15 2.78592e-15 1.99123e-15 1.42195e-15 1.01453e-15 7.23217e-16 5.15114e-16 3.66585e-16 2.60669e-16 1.85206e-16 1.31485e-16 9.32734e-17 6.61161e-17 4.68306e-17 3.31459e-17 2.34431e-17 1.65686e-17 1.17018e-17 8.25881e-18 5.82485e-18 4.10544e-18 2.89166e-18 2.0354e-18 1.43178e-18
8.22548e-08 1.22035e-07 1.62376e-07 1.94113e-07 2.16109e-07 2.2845e-07 2.32041e-07 2.28258e-07 2.18672e-07 2.0486e-07 1.88269e-07 1.70148e-07 1.51516e-07 1.33161e-07 1.15653e-07 9.93772e-08 8.45636e-08 7.13186e-08 5.96557e-08 4.95224e-08 4.08214e-08 3.34289e-08 2.72075e-08 2.20169e-08 1.77205e-08 1.419e-08 1.13084e-08 8.97095e-09 7.08602e-09 5.57423e-09 4.3679e-09 3.40992e-09 2.65262e-09 2.05651e-09 1.58919e-09 1.22425e-09 9.40296e-10 7.20136e-10 5.50005e-10 4.18953e-10 3.18313e-10 2.41252e-10 1.82412e-10 1.37606e-10 1.03576e-10 7.77935e-11 5.83076e-11 4.36145e-11 3.25603e-11 2.42617e-11 1.8045e-11 1.33972e-11 9.92934e-12 7.3467e-12 5.42689e-12 4.00236e-12 2.94717e-12 2.16689e-12 1.59084e-12 1.16625e-12 8.53779e-13 6.24173e-13 4.55705e-13 3.32274e-13 2.41966e-13 1.75983e-13 1.27837e-13 9.27528e-14 6.72187e-14 4.86585e-14 3.51837e-14 2.54127e-14 1.83355e-14 1.32154e-14 9.51533e-15 6.84429e-15 4.91817e-15 3.53068e-15 2.53222e-15 1.81443e-15 1.29891e-15 9.29032e-16 6.63894e-16 4.74013e-16 3.38153e-16 2.41031e-16 1.71663e-16 1.2216e-16 8.68637e-17 6.17175e-17 4.38173e-17 3.10853e-17 2.20365e-17 1.56103e-17 1.10502e-17 7.81667e-18 5.52549e-18 3.90321e-18 2.75538e-18 1.9438e-18 1.37036e-18
5.20351e-08 7.92012e-08 1.06954e-07 1.29425e-07 1.45626e-07 1.55415e-07 1.5924e-07 1.57917e-07 1.52438e-07 1.43837e-07 1.33092e-07 1.21067e-07 1.08485e-07 9.59163e-08 8.3789e-08 7.24019e-08 6.19447e-08 5.25184e-08 4.41557e-08 3.68386e-08 3.05143e-08 2.51074e-08 2.05299e-08 1.6689e-08 1.34922e-08 1.08513e-08 8.68479e-09 6.91868e-09 5.48757e-09 4.33435e-09 3.40992e-09 2.67252e-09 2.08703e-09 1.6242e-09 1.25983e-09 9.74118e-10 7.50915e-10 5.77169e-10 4.42381e-10 3.38156e-10 2.57815e-10 1.96069e-10 1.48751e-10 1.12588e-10 8.50249e-11 6.40691e-11 4.81762e-11 3.61514e-11 2.70741e-11 2.0237e-11 1.50982e-11 1.12439e-11 8.35871e-12 6.20322e-12 4.59589e-12 3.39951e-12 2.51059e-12 1.85125e-12 1.36303e-12 1.00209e-12 7.35678e-13 5.39342e-13 3.94867e-13 2.88708e-13 2.10817e-13 1.53745e-13 1.11984e-13 8.14679e-14 5.91973e-14 4.29648e-14 3.11481e-14 2.25562e-14 1.63166e-14 1.17904e-14 8.51088e-15 6.13727e-15 4.42119e-15 3.18182e-15 2.28767e-15 1.64323e-15 1.17923e-15 8.45481e-16 6.05647e-16 4.33463e-16 3.09963e-16 2.21461e-16 1.58097e-16 1.1277e-16 8.03733e-17 5.72382e-17 4.07307e-17 2.89617e-17 2.05778e-17 1.46101e-17 1.03654e-17 7.34868e-18 5.20625e-18 3.68585e-18 2.60766e-18 1.84362e-18 1.30258e-18
3.29179e-08 5.1369e-08 7.0387e-08 8.62019e-08 9.80092e-08 1.05581e-07 1.09112e-07 1.09071e-07 1.06076e-07 1.008e-07 9.38979e-08 8.59633e-08 7.75038e-08 6.89306e-08 6.05595e-08 5.26186e-08 4.52599e-08 3.85721e-08 3.25941e-08 2.73269e-08 2.27443e-08 1.88019e-08 1.54445e-08 1.26113e-08 1.02404e-08 8.27146e-09 6.64795e-09 5.318e-09 4.23516e-09 3.35852e-09 2.65262e-09 2.08703e-09 1.63603e-09 1.27799e-09 9.94957e-10 7.72118e-10 5.9734e-10 4.60757e-10 3.54391e-10 2.71833e-10 2.07956e-10 1.58685e-10 1.20789e-10 9.17256e-11 6.94951e-11 5.25354e-11 3.96292e-11 2.98314e-11 2.24106e-11 1.68029e-11 1.25744e-11 9.39264e-12 7.0034e-12 5.21281e-12 3.87345e-12 2.87347e-12 2.12823e-12 1.57379e-12 1.16202e-12 8.56712e-13 6.30703e-13 4.6366e-13 3.40388e-13 2.49552e-13 1.82716e-13 1.33608e-13 9.75753e-14 7.11726e-14 5.18516e-14 3.77311e-14 2.74243e-14 1.99104e-14 1.44393e-14 1.04602e-14 7.56957e-15 5.47206e-15 3.95173e-15 2.85095e-15 2.05477e-15 1.47952e-15 1.06431e-15 7.64907e-16 5.49231e-16 3.94016e-16 2.82416e-16 2.02251e-16 1.44718e-16 1.03465e-16 7.39106e-17 5.27558e-17 3.76261e-17 2.68145e-17 1.90949e-17 1.35874e-17 9.66127e-18 6.86457e-18 4.87394e-18 3.45811e-18 2.45186e-18 1.73721e-18 1.23003e-18
