0.167229 0.0862003 0.0444332 0.0229037 0.011806 0.00608558 0.0031369 0.00161696 0.000833483 0.000429631 0.000221459 0.000114154 5.88423e-05 3.03311e-05 1.56346e-05 8.05907e-06 4.15416e-06 2.14132e-06 1.10377e-06 5.68955e-07 2.93276e-07 1.51173e-07 7.79243e-08 4.01671e-08 2.07047e-08 1.06725e-08 5.50131e-09 2.83572e-09 1.46171e-09 7.53461e-10 3.88382e-10 2.00197e-10 1.03194e-10 5.31929e-11 2.7419e-11 1.41335e-11 7.28532e-12 3.75532e-12 1.93573e-12 9.97799e-13 5.1433e-13 2.65118e-13 1.36659e-13 7.04428e-14 3.63107e-14 1.87169e-14 9.64786e-15 4.97313e-15 2.56347e-15 1.32137e-15 6.81121e-16 3.51093e-16 1.80976e-16 9.32865e-17 4.80859e-17 2.47865e-17 1.27766e-17 6.58585e-18 3.39477e-18 1.74988e-18 9.02001e-19 4.64949e-19 2.39664e-19 1.23538e-19 6.36796e-20 3.28245e-20 1.69199e-20 8.72157e-21 4.49566e-21 2.31735e-21 1.19451e-21 6.15727e-22 3.17385e-22 1.636e-22 8.43301e-23 4.34691e-23 2.24068e-23 1.15499e-23 5.95355e-24 3.06884e-24 1.58188e-24 8.154e-25 4.20309e-25 2.16654e-25 1.11677e-25 5.75657e-26 2.9673e-26 1.52954e-26 7.88422e-27 4.06403e-27 2.09486e-27 1.07982e-27 5.56611e-28 2.86913e-28 1.47893e-28 7.62336e-29 3.92957e-29 2.02555e-29 1.0441e-29 5.38195e-30 2.7742e-30
0.0862003 0.0557289 0.0345488 0.0208099 0.0122738 0.00712418 0.00408332 0.00231669 0.00130339 0.000728149 0.000404355 0.000223389 0.00012286 6.73044e-05 3.67417e-05 1.99951e-05 1.08511e-05 5.87396e-06 3.17245e-06 1.70984e-06 9.19792e-07 4.93929e-07 2.64814e-07 1.41766e-07 7.57882e-08 4.04646e-08 2.15789e-08 1.14948e-08 6.11668e-09 3.25166e-09 1.72701e-09 9.16444e-10 4.85916e-10 2.57443e-10 1.36295e-10 7.21074e-11 3.81234e-11 2.01434e-11 1.06368e-11 5.61366e-12 2.96103e-12 1.56105e-12 8.22572e-13 4.33237e-13 2.28076e-13 1.20018e-13 6.3129e-14 3.31924e-14 1.74454e-14 9.16563e-15 4.81381e-15 2.52735e-15 1.32647e-15 6.95974e-16 3.65051e-16 1.91418e-16 1.00344e-16 5.25865e-17 2.75513e-17 1.4431e-17 7.55686e-18 3.95621e-18 2.07069e-18 1.08356e-18 5.66878e-19 2.96507e-19 1.55056e-19 8.10685e-20 4.2377e-20 2.21475e-20 1.15727e-20 6.04602e-21 3.1581e-21 1.64932e-21 8.61217e-22 4.49622e-22 2.347e-22 1.22493e-22 6.39209e-23 3.33511e-23 1.73986e-23 9.07518e-24 4.733e-24 2.46808e-24 1.28684e-24 6.70864e-25 3.49695e-25 1.82259e-25 9.49812e-26 4.94919e-26 2.57858e-26 1.34332e-26 6.99725e-27 3.64443e-27 1.89795e-27 9.88315e-28 5.1459e-28 2.67907e-28 1.39464e-28 7.25942e-29 3.77832e-29
0.0444332 0.0345488 0.0245742 0.0165479 0.0107329 0.00677255 0.0041841 0.00254179 0.00152298 0.000902103 0.000529144 0.000307778 0.000177712 0.000101952 5.81547e-05 3.30028e-05 1.86429e-05 1.04874e-05 5.87718e-06 3.28219e-06 1.82716e-06 1.01417e-06 5.61396e-07 3.0998e-07 1.70758e-07 9.38596e-08 5.14861e-08 2.81883e-08 1.54052e-08 8.4049e-09 4.57829e-09 2.49012e-09 1.35244e-09 7.33549e-10 3.9736e-10 2.14985e-10 1.1618e-10 6.27153e-11 3.38189e-11 1.82183e-11 9.80479e-12 5.27193e-12 2.83216e-12 1.5202e-12 8.15324e-13 4.3694e-13 2.33985e-13 1.25211e-13 6.6957e-14 3.57815e-14 1.91092e-14 1.0199e-14 5.44014e-15 2.9001e-15 1.54515e-15 8.22803e-16 4.37918e-16 2.32954e-16 1.23861e-16 6.58248e-17 3.4966e-17 1.85656e-17 9.8533e-18 5.22723e-18 2.77194e-18 1.46934e-18 7.78564e-19 4.12384e-19 2.18349e-19 1.1557e-19 6.11488e-20 3.23433e-20 1.71016e-20 9.03964e-21 4.77671e-21 2.52333e-21 1.33257e-21 7.03525e-22 3.71318e-22 1.95926e-22 1.03352e-22 5.45047e-23 2.87366e-23 1.5147e-23 7.98199e-24 4.20524e-24 2.21497e-24 1.16639e-24 6.14075e-25 3.23224e-25 1.70095e-25 8.94923e-26 4.7075e-26 2.47575e-26 1.30178e-26 6.84353e-27 3.59701e-27 1.89025e-27 9.93159e-28 5.21722e-28 2.7402e-28
0.0229037 0.0208099 0.0165479 0.0121901 0.00853692 0.00576468 0.00378622 0.00243275 0.00153537 0.000954638 0.000586079 0.000355898 0.000214068 0.000127682 7.55898e-05 4.44518e-05 2.59834e-05 1.51051e-05 8.73748e-06 5.03111e-06 2.8848e-06 1.64772e-06 9.37753e-07 5.31917e-07 3.00779e-07 1.69585e-07 9.53553e-08 5.348e-08 2.99222e-08 1.67036e-08 9.30455e-09 5.17251e-09 2.86994e-09 1.58947e-09 8.78784e-10 4.85059e-10 2.67316e-10 1.47098e-10 8.08284e-11 4.43536e-11 2.43066e-11 1.33038e-11 7.27284e-12 3.97128e-12 2.16608e-12 1.1802e-12 6.42381e-13 3.493e-13 1.89754e-13 1.02988e-13 5.58461e-14 3.02573e-14 1.63797e-14 8.86005e-15 4.78884e-15 2.58642e-15 1.39589e-15 7.52834e-16 4.05743e-16 2.18533e-16 1.17626e-16 6.3273e-17 3.40151e-17 1.82755e-17 9.81338e-18 5.26656e-18 2.82488e-18 1.51442e-18 8.11462e-19 4.34584e-19 2.32632e-19 1.24468e-19 6.6565e-20 3.55826e-20 1.90125e-20 1.01544e-20 5.42112e-21 2.89297e-21 1.54322e-21 8.22886e-22 4.38618e-22 2.33707e-22 1.2448e-22 6.62783e-23 3.5277e-23 1.877e-23 9.98369e-24 5.30856e-24 2.82177e-24 1.49945e-24 7.96541e-25 4.23013e-25 2.2458e-25 1.19196e-25 6.32457e-26 3.35489e-26 1.77913e-26 9.43235e-27 4.99941e-27 2.64914e-27 1.4034e-27
0.011806 0.0122738 0.0107329 0.00853692 0.0063854 0.00457128 0.00316568 0.00213553 0.00141015 0.000914719 0.000584439 0.000368574 0.000229808 0.000141854 8.67835e-05 5.26685e-05 3.17338e-05 1.8995e-05 1.13019e-05 6.68769e-06 3.93733e-06 2.30725e-06 1.34617e-06 7.82266e-07 4.52868e-07 2.61251e-07 1.50213e-07 8.61012e-08 4.92085e-08 2.8046e-08 1.59429e-08 9.04049e-09 5.11443e-09 2.88693e-09 1.62612e-09 9.14101e-10 5.1286e-10 2.87214e-10 1.60564e-10 8.96111e-11 4.99315e-11 2.7779e-11 1.54317e-11 8.56039e-12 4.74218e-12 2.62355e-12 1.4496e-12 7.99978e-13 4.40955e-13 2.42782e-13 1.33524e-13 7.33572e-14 4.02605e-14 2.20741e-14 1.20912e-14 6.61685e-15 3.61776e-15 1.97628e-15 1.07867e-15 5.88259e-16 3.20555e-16 1.74541e-16 9.49652e-17 5.16312e-17 2.8051e-17 1.52294e-17 8.26275e-18 4.48001e-18 2.42747e-18 1.31449e-18 7.11369e-19 3.84746e-19 2.07971e-19 1.12353e-19 6.06631e-20 3.27364e-20 1.76567e-20 9.51836e-21 5.12858e-21 2.76197e-21 1.48673e-21 7.99907e-22 4.30177e-22 2.31239e-22 1.24246e-22 6.6729e-23 3.58233e-23 1.92236e-23 1.03117e-23 5.52906e-24 2.96349e-24 1.58778e-24 8.50385e-25 4.55282e-25 2.43663e-25 1.3036e-25 6.97187e-26 3.72741e-26 1.99214e-26 1.06436e-26 5.68486e-27
0.00608558 0.00712418 0.00677255 0.00576468 0.00457128 0.00344735 0.00250295 0.00176367 0.00121282 0.000817239 0.000541257 0.000353175 0.000227471 0.000144836 9.12821e-05 5.70046e-05 3.53048e-05 2.17013e-05 1.3248e-05 8.03659e-06 4.84691e-06 2.9075e-06 1.73542e-06 1.03102e-06 6.09882e-07 3.59299e-07 2.10866e-07 1.2331e-07 7.18657e-08 4.17499e-08 2.41811e-08 1.39653e-08 8.0435e-09 4.62078e-09 2.64799e-09 1.5139e-09 8.63588e-10 4.9157e-10 2.79239e-10 1.58312e-10 8.95849e-11 5.06026e-11 2.85337e-11 1.60628e-11 9.02791e-12 5.06621e-12 2.8388e-12 1.58841e-12 8.87543e-13 4.95263e-13 2.76009e-13 1.53627e-13 8.54057e-14 4.74241e-14 2.63038e-14 1.45735e-14 8.06576e-15 4.45942e-15 2.46307e-15 1.35911e-15 7.49238e-16 4.12655e-16 2.27073e-16 1.24844e-16 6.85809e-17 3.76427e-17 2.06448e-17 1.13136e-17 6.19529e-18 3.39e-18 1.85363e-18 1.01284e-18 5.53045e-19 3.01778e-19 1.64562e-19 8.96792e-20 4.88409e-20 2.65833e-20 1.44602e-20 7.86114e-21 4.27119e-21 2.31936e-21 1.25878e-21 6.82809e-22 3.70186e-22 2.00594e-22 1.08642e-22 5.88114e-23 3.18212e-23 1.72094e-23 9.30276e-24 5.02645e-24 2.71467e-24 1.46548e-24 7.90786e-25 4.26534e-25 2.29969e-25 1.23939e-25 6.67687e-26 3.59557e-26 1.93551e-26
0.0031369 0.00408332 0.0041841 0.00378622 0.00316568 0.00250295 0.00189725 0.00139109 0.00099274 0.000692651 0.000474094 0.000319174 0.000211792 0.000138754 8.98751e-05 5.7623e-05 3.66051e-05 2.3059e-05 1.44147e-05 8.94764e-06 5.51809e-06 3.38264e-06 2.06204e-06 1.25048e-06 7.54643e-07 4.53345e-07 2.7118e-07 1.61561e-07 9.58882e-08 5.67068e-08 3.34218e-08 1.96347e-08 1.14998e-08 6.7157e-09 3.91101e-09 2.27163e-09 1.3161e-09 7.60664e-10 4.38624e-10 2.52366e-10 1.44893e-10 8.30191e-11 4.74742e-11 2.70969e-11 1.54381e-11 8.78028e-12 4.98531e-12 2.82599e-12 1.59944e-12 9.03871e-13 5.10046e-13 2.87406e-13 1.61729e-13 9.08872e-14 5.10104e-14 2.85938e-14 1.60089e-14 8.95238e-15 5.00059e-15 2.79012e-15 1.5551e-15 8.65838e-16 4.81586e-16 2.67597e-16 1.48549e-16 8.23853e-17 4.56491e-17 2.52713e-17 1.3978e-17 7.72496e-18 4.26567e-18 2.35357e-18 1.29756e-18 7.14809e-19 3.93485e-19 2.16445e-19 1.18975e-19 6.53517e-20 3.58725e-20 1.96777e-20 1.07871e-20 5.90953e-21 3.23541e-21 1.77026e-21 9.68022e-22 5.29024e-22 2.88945e-22 1.57728e-22 8.60518e-23 4.69218e-23 2.55716e-23 1.39288e-23 7.58307e-24 4.12628e-24 2.24417e-24 1.21995e-24 6.62862e-25 3.59998e-25 1.95423e-25 1.06037e-25 5.75102e-26
0.00161696 0.00231669 0.00254179 0.00243275 0.00213553 0.00176367 0.00139109 0.00105816 0.000781513 0.000563161 0.000397414 0.00027543 0.000187899 0.00012641 8.39921e-05 5.51882e-05 3.58977e-05 2.31365e-05 1.4787e-05 9.37799e-06 5.90536e-06 3.69419e-06 2.29683e-06 1.4199e-06 8.7311e-07 5.34202e-07 3.25312e-07 1.97229e-07 1.19077e-07 7.16095e-08 4.2903e-08 2.56132e-08 1.52397e-08 9.03844e-09 5.34421e-09 3.1507e-09 1.85234e-09 1.08611e-09 6.35217e-10 3.70601e-10 2.1571e-10 1.25273e-10 7.25941e-11 4.19798e-11 2.42274e-11 1.39551e-11 8.02324e-12 4.60451e-12 2.63793e-12 1.50873e-12 8.61498e-13 4.9115e-13 2.79584e-13 1.58917e-13 9.02e-14 5.11259e-14 2.89395e-14 1.63596e-14 9.23645e-15 5.20837e-15 2.93344e-15 1.65024e-15 9.27307e-16 5.205e-16 2.91845e-16 1.63466e-16 9.14662e-17 5.11283e-17 2.85523e-17 1.59298e-17 8.87927e-18 4.94486e-18 2.75136e-18 1.52957e-18 8.4962e-19 4.71546e-19 2.61502e-19 1.44906e-19 8.02348e-20 4.4393e-20 2.4544e-20 1.35602e-20 7.48651e-21 4.13042e-21 2.27727e-21 1.25472e-21 6.90876e-22 3.80168e-22 2.09065e-22 1.149e-22 6.31103e-23 3.46437e-23 1.90063e-23 1.04214e-23 5.71098e-24 3.12795e-24 1.71228e-24 9.36837e-25 5.12303e-25 2.80008e-25 1.52966e-25
0.000833483 0.00130339 0.00152298 0.00153537 0.00141015 0.00121282 0.00099274 0.000781513 0.000596002 0.000442644 0.000321426 0.000228908 0.000160271 0.00011054 7.52253e-05 5.05799e-05 3.36402e-05 2.2153e-05 1.44566e-05 9.35572e-06 6.00823e-06 3.83106e-06 2.42668e-06 1.52764e-06 9.56138e-07 5.95204e-07 3.68637e-07 2.27221e-07 1.39422e-07 8.51832e-08 5.18339e-08 3.14197e-08 1.89758e-08 1.14205e-08 6.85057e-09 4.0963e-09 2.44198e-09 1.45155e-09 8.60433e-10 5.08681e-10 2.99961e-10 1.76448e-10 1.03549e-10 6.06297e-11 3.54222e-11 2.06514e-11 1.20154e-11 6.97713e-12 4.0438e-12 2.33941e-12 1.35099e-12 7.78843e-13 4.48257e-13 2.57575e-13 1.47775e-13 8.46525e-14 4.84216e-14 2.76579e-14 1.57759e-14 8.98638e-15 5.11216e-15 2.90449e-15 1.64815e-15 9.34109e-16 5.28794e-16 2.99004e-16 1.68882e-16 9.52826e-17 5.3701e-17 3.02343e-17 1.70051e-17 9.5549e-18 5.36358e-18 3.00797e-18 1.68535e-18 9.43447e-19 5.27668e-19 2.94869e-19 1.64638e-19 9.18491e-20 5.11997e-20 2.85178e-20 1.58719e-20 8.82697e-21 4.90537e-21 2.72405e-21 1.51164e-21 8.38257e-22 4.64524e-22 2.57245e-22 1.42363e-22 7.87349e-23 4.35172e-23 2.40372e-23 1.3269e-23 7.32039e-24 4.03619e-24 2.22412e-24 1.22489e-24 6.74202e-25 3.7089e-25
0.000429631 0.000728149 0.000902103 0.000954638 0.000914719 0.000817239 0.000692651 0.000563161 0.000442644 0.000338233 0.000252317 0.000184362 0.000132286 9.34093e-05 6.50208e-05 4.46816e-05 3.03493e-05 2.0397e-05 1.3576e-05 8.95582e-06 5.85953e-06 3.80458e-06 2.45284e-06 1.57093e-06 9.99902e-07 6.32755e-07 3.98238e-07 2.49354e-07 1.55374e-07 9.63714e-08 5.95149e-08 3.66023e-08 2.24225e-08 1.36846e-08 8.32212e-09 5.04376e-09 3.04692e-09 1.83491e-09 1.10172e-09 6.59601e-10 3.93821e-10 2.34514e-10 1.39295e-10 8.2535e-11 4.87885e-11 2.87746e-11 1.69336e-11 9.94418e-12 5.82774e-12 3.40856e-12 1.98981e-12 1.15943e-12 6.74373e-13 3.9156e-13 2.26968e-13 1.31346e-13 7.58895e-14 4.37799e-14 2.52183e-14 1.45052e-14 8.33132e-15 4.77865e-15 2.73724e-15 1.56585e-15 8.94616e-16 5.10484e-16 2.90939e-16 1.65618e-16 9.41703e-17 5.34849e-17 3.03439e-17 1.71967e-17 9.73566e-18 5.50605e-18 3.11086e-18 1.75589e-18 9.9014e-19 5.57815e-19 3.13968e-19 1.7656e-19 9.92015e-20 5.56891e-20 3.12361e-20 1.7506e-20 9.80311e-21 5.48527e-21 3.06687e-21 1.71341e-21 9.5654e-22 5.33614e-22 2.97467e-22 1.65708e-22 9.22463e-23 5.13167e-23 2.85285e-23 1.58495e-23 8.79976e-24 4.88261e-24 2.70747e-24 1.50041e-24 8.30991e-25
0.000221459 0.000404355 0.000529144 0.000586079 0.000584439 0.000541257 0.000474094 0.000397414 0.000321426 0.000252317 0.000193098 0.000144568 0.000106176 7.66657e-05 5.45246e-05 3.82529e-05 2.6508e-05 1.8164e-05 1.2319e-05 8.27623e-06 5.51182e-06 3.64116e-06 2.38734e-06 1.5543e-06 1.00531e-06 6.46225e-07 4.12998e-07 2.62505e-07 1.65991e-07 1.0445e-07 6.54213e-08 4.07962e-08 2.5334e-08 1.56695e-08 9.65513e-09 5.92767e-09 3.62662e-09 2.21145e-09 1.34422e-09 8.14586e-10 4.92186e-10 2.96549e-10 1.78191e-10 1.06793e-10 6.38418e-11 3.80726e-11 2.26519e-11 1.34466e-11 7.96471e-12 4.70771e-12 2.7769e-12 1.63474e-12 9.60517e-13 5.63316e-13 3.29772e-13 1.92715e-13 1.12429e-13 6.54819e-14 3.80774e-14 2.21073e-14 1.28157e-14 7.41834e-15 4.28792e-15 2.47501e-15 1.42663e-15 8.21241e-16 4.72133e-16 2.71086e-16 1.55458e-16 8.90422e-17 5.09408e-17 2.91096e-17 1.66157e-17 9.47378e-18 5.39587e-18 3.07003e-18 1.74493e-18 9.90781e-19 5.62016e-19 3.18495e-19 1.80321e-19 1.01997e-19 5.76418e-20 3.25463e-20 1.83607e-20 1.03492e-20 5.82854e-21 3.27988e-21 1.8442e-21 1.03613e-21 5.81684e-22 3.26309e-22 1.82914e-22 1.02458e-22 5.73502e-23 3.20787e-23 1.79307e-23 1.00157e-23 5.59081e-24 3.11877e-24 1.73864e-24
0.000114154 0.000223389 0.000307778 0.000355898 0.000368574 0.000353175 0.000319174 0.00027543 0.000228908 0.000184362 0.000144568 0.000110776 8.31837e-05 6.13572e-05 4.45411e-05 3.18729e-05 2.25132e-05 1.57149e-05 1.08511e-05 7.41838e-06 5.02506e-06 3.37492e-06 2.24872e-06 1.48725e-06 9.7683e-07 6.37418e-07 4.13398e-07 2.66565e-07 1.7095e-07 1.09067e-07 6.92448e-08 4.37585e-08 2.75306e-08 1.7248e-08 1.07626e-08 6.69e-09 4.14324e-09 2.55698e-09 1.57271e-09 9.642e-10 5.89299e-10 3.59093e-10 2.18188e-10 1.32206e-10 7.98938e-11 4.81568e-11 2.8955e-11 1.73678e-11 1.03935e-11 6.20587e-12 3.69743e-12 2.19828e-12 1.30431e-12 7.72362e-13 4.56486e-13 2.69293e-13 1.58576e-13 9.32153e-14 5.4701e-14 3.20466e-14 1.87442e-14 1.09463e-14 6.38271e-15 3.71616e-15 2.16048e-15 1.25427e-15 7.27167e-16 4.21007e-16 2.4343e-16 1.40572e-16 8.10737e-17 4.67013e-17 2.68694e-17 1.54411e-17 8.8634e-18 5.08203e-18 2.9107e-18 1.6653e-18 9.51774e-19 5.43411e-19 3.09946e-19 1.7661e-19 1.00537e-19 5.71775e-20 3.24879e-20 1.84427e-20 1.04602e-20 5.92755e-21 3.35613e-21 1.89861e-21 1.07319e-21 6.06125e-22 3.42061e-22 1.92888e-22 1.08686e-22 6.11948e-23 3.44297e-23 1.93569e-23 1.0875e-23 6.10542e-24 3.42533e-24
5.88423e-05 0.00012286 0.000177712 0.000214068 0.000229808 0.000227471 0.000211792 0.000187899 0.000160271 0.000132286 0.000106176 8.31837e-05 6.38054e-05 4.80334e-05 3.55605e-05 2.59334e-05 1.86566e-05 1.32561e-05 9.31243e-06 6.4739e-06 4.4573e-06 3.04148e-06 2.05814e-06 1.38193e-06 9.21145e-07 6.09818e-07 4.01122e-07 2.62251e-07 1.70478e-07 1.1022e-07 7.08955e-08 4.53787e-08 2.89111e-08 1.8338e-08 1.15825e-08 7.28613e-09 4.56576e-09 2.8505e-09 1.77333e-09 1.09945e-09 6.79428e-10 4.18547e-10 2.57057e-10 1.57416e-10 9.6127e-11 5.85416e-11 3.55587e-11 2.15441e-11 1.30211e-11 7.85129e-12 4.72322e-12 2.83511e-12 1.69812e-12 1.01499e-12 6.05442e-13 3.60439e-13 2.14171e-13 1.27024e-13 7.52014e-14 4.44431e-14 2.62205e-14 1.54439e-14 9.08174e-15 5.33208e-15 3.12576e-15 1.82964e-15 1.0694e-15 6.24157e-16 3.63784e-16 2.1174e-16 1.2308e-16 7.14508e-17 4.14263e-17 2.39887e-17 1.38743e-17 8.01499e-18 4.62476e-18 2.66553e-18 1.5346e-18 8.82538e-19 5.07002e-19 2.9096e-19 1.66806e-19 9.55333e-20 5.46602e-20 3.12442e-20 1.78426e-20 1.01799e-20 5.80275e-21 3.30473e-21 1.88044e-21 1.06907e-21 6.07282e-22 3.44677e-22 1.9547e-22 1.10765e-22 6.27163e-23 3.54833e-23 2.00603e-23 1.13326e-23 6.39733e-24
3.03311e-05 6.73044e-05 0.000101952 0.000127682 0.000141854 0.000144836 0.000138754 0.00012641 0.00011054 9.34093e-05 7.66657e-05 6.13572e-05 4.80334e-05 3.68755e-05 2.782e-05 2.06614e-05 1.51282e-05 1.09341e-05 7.80959e-06 5.51731e-06 3.85871e-06 2.67355e-06 1.83633e-06 1.25106e-06 8.45856e-07 5.67816e-07 3.78613e-07 2.50858e-07 1.65217e-07 1.08196e-07 7.04746e-08 4.56698e-08 2.94517e-08 1.89049e-08 1.20814e-08 7.6881e-09 4.87263e-09 3.07626e-09 1.93494e-09 1.21273e-09 7.57473e-10 4.71563e-10 2.92639e-10 1.8105e-10 1.11682e-10 6.86957e-11 4.2139e-11 2.57802e-11 1.57316e-11 9.57589e-12 5.81489e-12 3.52283e-12 2.12941e-12 1.28433e-12 7.72984e-13 4.64266e-13 2.78287e-13 1.66484e-13 9.94093e-14 5.92491e-14 3.52498e-14 2.0935e-14 1.24122e-14 7.34695e-15 4.34172e-15 2.56172e-15 1.50916e-15 8.87738e-16 5.21434e-16 3.05839e-16 1.79134e-16 1.04778e-16 6.12049e-17 3.57053e-17 2.0803e-17 1.21053e-17 7.03555e-18 4.08413e-18 2.36806e-18 1.37147e-18 7.93406e-19 4.58486e-19 2.6466e-19 1.52613e-19 8.79112e-20 5.05891e-20 2.90828e-20 1.67029e-20 9.58363e-21 5.49363e-21 3.14621e-21 1.80021e-21 1.02913e-21 5.87811e-22 3.35453e-22 1.91276e-22 1.08975e-22 6.20354e-23 3.52861e-23 2.00552e-23 1.13897e-23
1.56346e-05 3.67417e-05 5.81547e-05 7.55898e-05 8.67835e-05 9.12821e-05 8.98751e-05 8.39921e-05 7.52253e-05 6.50208e-05 5.45246e-05 4.45411e-05 3.55605e-05 2.782e-05 2.13733e-05 1.61547e-05 1.2031e-05 8.83995e-06 6.41556e-06 4.60344e-06 3.26864e-06 2.29836e-06 1.6015e-06 1.10651e-06 7.58469e-07 5.1604e-07 3.48645e-07 2.33997e-07 1.56071e-07 1.03482e-07 6.82284e-08 4.47454e-08 2.91961e-08 1.89583e-08 1.22537e-08 7.88528e-09 5.0528e-09 3.22469e-09 2.05002e-09 1.29841e-09 8.19423e-10 5.15358e-10 3.23051e-10 2.01857e-10 1.25742e-10 7.80951e-11 4.83638e-11 2.98684e-11 1.83966e-11 1.13015e-11 6.92537e-12 4.23341e-12 2.58173e-12 1.57086e-12 9.53669e-13 5.77722e-13 3.49245e-13 2.10695e-13 1.26858e-13 7.62327e-14 4.57246e-14 2.73757e-14 1.63608e-14 9.76093e-15 5.81356e-15 3.45682e-15 2.05216e-15 1.21636e-15 7.1986e-16 4.25385e-16 2.51004e-16 1.47896e-16 8.70216e-17 5.11332e-17 3.00053e-17 1.75842e-17 1.02919e-17 6.01617e-18 3.51247e-18 2.04825e-18 1.193e-18 6.94065e-19 4.03336e-19 2.34128e-19 1.35758e-19 7.86351e-20 4.55001e-20 2.63005e-20 1.51872e-20 8.76115e-21 5.04922e-21 2.90719e-21 1.67231e-21 9.61081e-22 5.51838e-22 3.16576e-22 1.81454e-22 1.03916e-22 5.94608e-23 3.39954e-23 1.94203e-23
8.05907e-06 1.99951e-05 3.30028e-05 4.44518e-05 5.26685e-05 5.70046e-05 5.7623e-05 5.51882e-05 5.05799e-05 4.46816e-05 3.82529e-05 3.18729e-05 2.59334e-05 2.06614e-05 1.61547e-05 1.2419e-05 9.40194e-06 7.01902e-06 5.17335e-06 3.7683e-06 2.71509e-06 1.93655e-06 1.3683e-06 9.58329e-07 6.65685e-07 4.58841e-07 3.13973e-07 2.13373e-07 1.44067e-07 9.66759e-08 6.44966e-08 4.27904e-08 2.82399e-08 1.85436e-08 1.21182e-08 7.88291e-09 5.10537e-09 3.2926e-09 2.11494e-09 1.35323e-09 8.62637e-10 5.47933e-10 3.46839e-10 2.18818e-10 1.37609e-10 8.62711e-11 5.39244e-11 3.36086e-11 2.08882e-11 1.29472e-11 8.00413e-12 4.9357e-12 3.03609e-12 1.86313e-12 1.14068e-12 6.968e-13 4.24719e-13 2.58328e-13 1.56799e-13 9.49816e-14 5.7423e-14 3.465e-14 2.08696e-14 1.25469e-14 7.52997e-15 4.5113e-15 2.69823e-15 1.61118e-15 9.60539e-16 5.71749e-16 3.39807e-16 2.01655e-16 1.19496e-16 7.07092e-17 4.17823e-17 2.46556e-17 1.45297e-17 8.55126e-18 5.02627e-18 2.95064e-18 1.73003e-18 1.01313e-18 5.92604e-19 3.46227e-19 2.02052e-19 1.17783e-19 6.85843e-20 3.98935e-20 2.31805e-20 1.34553e-20 7.80235e-21 4.51985e-21 2.61575e-21 1.51235e-21 8.7357e-22 5.04127e-22 2.90661e-22 1.67434e-22 9.63643e-23 5.54132e-23 3.18376e-23
4.15416e-06 1.08511e-05 1.86429e-05 2.59834e-05 3.17338e-05 3.53048e-05 3.66051e-05 3.58977e-05 3.36402e-05 3.03493e-05 2.6508e-05 2.25132e-05 1.86566e-05 1.51282e-05 1.2031e-05 9.40194e-06 7.23181e-06 5.48273e-06 4.10196e-06 3.0317e-06 2.21555e-06 1.60224e-06 1.14747e-06 8.14326e-07 5.72993e-07 3.99964e-07 2.77086e-07 1.90598e-07 1.30227e-07 8.84123e-08 5.96621e-08 4.00301e-08 2.67115e-08 1.77315e-08 1.17119e-08 7.69911e-09 5.0382e-09 3.28256e-09 2.12977e-09 1.37627e-09 8.85925e-10 5.68165e-10 3.63075e-10 2.31217e-10 1.46756e-10 9.2849e-11 5.85612e-11 3.68247e-11 2.30892e-11 1.44363e-11 9.00167e-12 5.59814e-12 3.47259e-12 2.14875e-12 1.32639e-12 8.16849e-13 5.01908e-13 3.07713e-13 1.8825e-13 1.14925e-13 7.00179e-14 4.25738e-14 2.58366e-14 1.56499e-14 9.46213e-15 5.71069e-15 3.44055e-15 2.06932e-15 1.24251e-15 7.4485e-16 4.45806e-16 2.66408e-16 1.5896e-16 9.47074e-17 5.6344e-17 3.34729e-17 1.9858e-17 1.17648e-17 6.96069e-18 4.11295e-18 2.42715e-18 1.43053e-18 8.42092e-19 4.95107e-19 2.90753e-19 1.70548e-19 9.99245e-20 5.84807e-20 3.41883e-20 1.99652e-20 1.16469e-20 6.78729e-21 3.95129e-21 2.29798e-21 1.33514e-21 7.74971e-22 4.49399e-22 2.60359e-22 1.507e-22 8.71485e-23 5.03526e-23
2.14132e-06 5.87396e-06 1.04874e-05 1.51051e-05 1.8995e-05 2.17013e-05 2.3059e-05 2.31365e-05 2.2153e-05 2.0397e-05 1.8164e-05 1.57149e-05 1.32561e-05 1.09341e-05 8.83995e-06 7.01902e-06 5.48273e-06 4.21927e-06 3.20286e-06 2.40086e-06 1.77884e-06 1.3038e-06 9.46047e-07 6.8003e-07 4.84524e-07 3.42379e-07 2.40057e-07 1.67081e-07 1.15483e-07 7.92953e-08 5.41081e-08 3.67024e-08 2.47554e-08 1.66074e-08 1.10839e-08 7.3612e-09 4.86581e-09 3.20184e-09 2.09779e-09 1.36873e-09 8.89474e-10 5.75809e-10 3.71375e-10 2.38669e-10 1.52855e-10 9.75711e-11 6.20819e-11 3.93785e-11 2.49028e-11 1.57026e-11 9.87352e-12 6.19135e-12 3.8721e-12 2.41542e-12 1.50298e-12 9.32954e-13 5.77756e-13 3.56971e-13 2.20066e-13 1.35373e-13 8.30985e-14 5.0905e-14 3.11213e-14 1.89892e-14 1.15645e-14 7.02974e-15 4.26545e-15 2.58358e-15 1.56216e-15 9.4297e-16 5.68267e-16 3.41905e-16 2.05388e-16 1.23189e-16 7.3776e-17 4.4118e-17 2.63444e-17 1.57089e-17 9.35411e-18 5.56248e-18 3.30336e-18 1.95919e-18 1.16049e-18 6.86536e-19 4.05648e-19 2.39394e-19 1.41111e-19 8.30817e-20 4.88601e-20 2.87023e-20 1.68423e-20 9.87231e-21 5.78062e-21 3.38125e-21 1.97577e-21 1.15334e-21 6.72589e-22 3.9185e-22 2.28073e-22 1.32623e-22 7.70483e-23
1.10377e-06 3.17245e-06 5.87718e-06 8.73748e-06 1.13019e-05 1.3248e-05 1.44147e-05 1.4787e-05 1.44566e-05 1.3576e-05 1.2319e-05 1.08511e-05 9.31243e-06 7.80959e-06 6.41556e-06 5.17335e-06 4.10196e-06 3.20286e-06 2.46584e-06 1.87394e-06 1.40713e-06 1.0449e-06 7.67904e-07 5.58892e-07 4.03091e-07 2.88252e-07 2.04479e-07 1.43957e-07 1.00624e-07 6.98581e-08 4.81872e-08 3.30357e-08 2.25164e-08 1.52614e-08 1.02892e-08 6.90181e-09 4.60711e-09 3.06104e-09 2.02473e-09 1.33351e-09 8.74647e-10 5.71402e-10 3.71868e-10 2.41119e-10 1.55786e-10 1.00307e-10 6.43713e-11 4.11774e-11 2.62588e-11 1.6695e-11 1.05835e-11 6.69033e-12 4.2177e-12 2.65185e-12 1.66303e-12 1.04031e-12 6.49185e-13 4.04151e-13 2.51025e-13 1.55567e-13 9.61983e-14 5.936e-14 3.65527e-14 2.24629e-14 1.37771e-14 8.43359e-15 5.15291e-15 3.14265e-15 1.91321e-15 1.1627e-15 7.05398e-16 4.27241e-16 2.58347e-16 1.55969e-16 9.40145e-17 5.65831e-17 3.40039e-17 2.04049e-17 1.22268e-17 7.31617e-18 4.37175e-18 2.60879e-18 1.5547e-18 9.25318e-19 5.50023e-19 3.26534e-19 1.93617e-19 1.14666e-19 6.78286e-20 4.00763e-20 2.36519e-20 1.39431e-20 8.21062e-21 4.82972e-21 2.83797e-21 1.66587e-21 9.76847e-22 5.72236e-22 3.34883e-22 1.95788e-22 1.14357e-22
5.68955e-07 1.70984e-06 3.28219e-06 5.03111e-06 6.68769e-06 8.03659e-06 8.94764e-06 9.37799e-06 9.35572e-06 8.95582e-06 8.27623e-06 7.41838e-06 6.4739e-06 5.51731e-06 4.60344e-06 3.7683e-06 3.0317e-06 2.40086e-06 1.87394e-06 1.44328e-06 1.09795e-06 8.25728e-07 6.14407e-07 4.52628e-07 3.30344e-07 2.38989e-07 1.71473e-07 1.22074e-07 8.62665e-08 6.05374e-08 4.22007e-08 2.92331e-08 2.01287e-08 1.37806e-08 9.38297e-09 6.35534e-09 4.28311e-09 2.87272e-09 1.91789e-09 1.27477e-09 8.43702e-10 5.56118e-10 3.65116e-10 2.38804e-10 1.55618e-10 1.0105e-10 6.53922e-11 4.21772e-11 2.71167e-11 1.738e-11 1.1106e-11 7.07616e-12 4.49584e-12 2.84861e-12 1.80011e-12 1.13459e-12 7.13329e-13 4.47381e-13 2.79918e-13 1.74734e-13 1.08829e-13 6.76333e-14 4.19415e-14 2.5955e-14 1.60293e-14 9.87971e-15 6.0776e-15 3.73163e-15 2.28697e-15 1.39907e-15 8.54379e-16 5.2085e-16 3.16987e-16 1.92599e-16 1.16833e-16 7.07599e-17 4.27897e-17 2.58364e-17 1.55769e-17 9.37771e-18 5.6376e-18 3.38443e-18 2.02899e-18 1.21477e-18 7.26328e-19 4.33722e-19 2.58666e-19 1.54073e-19 9.16602e-20 5.44647e-20 3.23249e-20 1.91627e-20 1.13471e-20 6.71156e-21 3.9654e-21 2.34035e-21 1.37979e-21 8.12632e-22 4.7811e-22 2.81011e-22 1.65001e-22
2.93276e-07 9.19792e-07 1.82716e-06 2.8848e-06 3.93733e-06 4.84691e-06 5.51809e-06 5.90536e-06 6.00823e-06 5.85953e-06 5.51182e-06 5.02506e-06 4.4573e-06 3.85871e-06 3.26864e-06 2.71509e-06 2.21555e-06 1.77884e-06 1.40713e-06 1.09795e-06 8.45911e-07 6.44104e-07 4.85093e-07 3.61613e-07 2.66988e-07 1.95353e-07 1.41728e-07 1.02002e-07 7.28559e-08 5.16651e-08 3.63886e-08 2.54632e-08 1.77083e-08 1.22427e-08 8.41656e-09 5.75509e-09 3.91498e-09 2.65008e-09 1.78538e-09 1.19735e-09 7.99486e-10 5.3158e-10 3.52016e-10 2.32197e-10 1.52584e-10 9.99023e-11 6.51797e-11 4.23807e-11 2.74657e-11 1.7743e-11 1.14266e-11 7.3368e-12 4.69712e-12 2.99867e-12 1.90913e-12 1.21223e-12 7.67727e-13 4.84993e-13 3.05633e-13 1.92144e-13 1.20516e-13 7.54191e-14 4.70932e-14 2.93427e-14 1.82445e-14 1.13207e-14 7.01047e-15 4.33284e-15 2.67283e-15 1.64574e-15 1.01149e-15 6.20563e-16 3.80063e-16 2.32374e-16 1.41838e-16 8.64357e-17 5.25895e-17 3.19467e-17 1.9377e-17 1.17354e-17 7.09688e-18 4.28561e-18 2.5843e-18 1.55623e-18 9.3586e-19 5.62043e-19 3.37101e-19 2.01926e-19 1.20803e-19 7.21809e-20 4.30765e-20 2.56767e-20 1.52872e-20 9.09106e-21 5.40019e-21 3.2042e-21 1.89913e-21 1.1244e-21 6.65008e-22 3.92898e-22 2.31893e-22
1.51173e-07 4.93929e-07 1.01417e-06 1.64772e-06 2.30725e-06 2.9075e-06 3.38264e-06 3.69419e-06 3.83106e-06 3.80458e-06 3.64116e-06 3.37492e-06 3.04148e-06 2.67355e-06 2.29836e-06 1.93655e-06 1.60224e-06 1.3038e-06 1.0449e-06 8.25728e-07 6.44104e-07 4.96402e-07 3.78292e-07 2.8527e-07 2.13013e-07 1.57592e-07 1.15579e-07 8.40705e-08 6.06776e-08 4.34717e-08 3.09273e-08 2.18567e-08 1.53486e-08 1.07133e-08 7.43479e-09 5.13111e-09 3.52252e-09 2.40598e-09 1.63536e-09 1.10638e-09 7.45141e-10 4.9968e-10 3.33683e-10 2.21936e-10 1.4704e-10 9.70545e-11 6.38295e-11 4.18318e-11 2.73224e-11 1.7787e-11 1.15427e-11 7.46745e-12 4.81656e-12 3.0977e-12 1.98663e-12 1.27059e-12 8.10469e-13 5.15634e-13 3.27229e-13 2.07155e-13 1.30828e-13 8.24319e-14 5.18207e-14 3.2505e-14 2.03451e-14 1.27073e-14 7.92053e-15 4.927e-15 3.05886e-15 1.89541e-15 1.17229e-15 7.23717e-16 4.4599e-16 2.7436e-16 1.68489e-16 1.03298e-16 6.32267e-17 3.86375e-17 2.35739e-17 1.4361e-17 8.73532e-18 5.30553e-18 3.2177e-18 1.94869e-18 1.17851e-18 7.11743e-19 4.29269e-19 2.58559e-19 1.55535e-19 9.34413e-20 5.60668e-20 3.35999e-20 2.01115e-20 1.20236e-20 7.1799e-21 4.28255e-21 2.5515e-21 1.51847e-21 9.02696e-22 5.36056e-22 3.17995e-22
7.79243e-08 2.64814e-07 5.61396e-07 9.37753e-07 1.34617e-06 1.73542e-06 2.06204e-06 2.29683e-06 2.42668e-06 2.45284e-06 2.38734e-06 2.24872e-06 2.05814e-06 1.83633e-06 1.6015e-06 1.3683e-06 1.14747e-06 9.46047e-07 7.67904e-07 6.14407e-07 4.85093e-07 3.78292e-07 2.91627e-07 2.22408e-07 1.67916e-07 1.25578e-07 9.30795e-08 6.84118e-08 4.98818e-08 3.60967e-08 2.59343e-08 1.85061e-08 1.31198e-08 9.2437e-09 6.47425e-09 4.50889e-09 3.12314e-09 2.15205e-09 1.47551e-09 1.00681e-09 6.83834e-10 4.62404e-10 3.11339e-10 2.08763e-10 1.39425e-10 9.27599e-11 6.14843e-11 4.06074e-11 2.67261e-11 1.75308e-11 1.14617e-11 7.47005e-12 4.85358e-12 3.14417e-12 2.03091e-12 1.30814e-12 8.40291e-13 5.38331e-13 3.43989e-13 2.19252e-13 1.39405e-13 8.84243e-14 5.59568e-14 3.53303e-14 2.22576e-14 1.39916e-14 8.77688e-15 5.49435e-15 3.43255e-15 2.14024e-15 1.3319e-15 8.27301e-16 5.12926e-16 3.17442e-16 1.96114e-16 1.20949e-16 7.44666e-17 4.57723e-17 2.80892e-17 1.72102e-17 1.05283e-17 6.43079e-18 3.92212e-18 2.38858e-18 1.45256e-18 8.82092e-19 5.34923e-19 3.23949e-19 1.95921e-19 1.18336e-19 7.13822e-20 4.30045e-20 2.5876e-20 1.55507e-20 9.33423e-21 5.59621e-21 3.35124e-21 2.00456e-21 1.19769e-21 7.14809e-22 4.2615e-22
4.01671e-08 1.41766e-07 3.0998e-07 5.31917e-07 7.82266e-07 1.03102e-06 1.25048e-06 1.4199e-06 1.52764e-06 1.57093e-06 1.5543e-06 1.48725e-06 1.38193e-06 1.25106e-06 1.10651e-06 9.58329e-07 8.14326e-07 6.8003e-07 5.58892e-07 4.52628e-07 3.61613e-07 2.8527e-07 2.22408e-07 1.71499e-07 1.30885e-07 9.89235e-08 7.40865e-08 5.50084e-08 4.05109e-08 2.96041e-08 2.14752e-08 1.54699e-08 1.10698e-08 7.87112e-09 5.56282e-09 3.90869e-09 2.73119e-09 1.89826e-09 1.31262e-09 9.03201e-10 6.18552e-10 4.21688e-10 2.86221e-10 1.93452e-10 1.30219e-10 8.73094e-11 5.83168e-11 3.88084e-11 2.5734e-11 1.70055e-11 1.12e-11 7.35252e-12 4.81156e-12 3.13912e-12 2.04193e-12 1.3244e-12 8.56605e-13 5.5253e-13 3.55449e-13 2.28074e-13 1.45976e-13 9.32009e-14 5.93636e-14 3.7723e-14 2.39169e-14 1.513e-14 9.55061e-15 6.01594e-15 3.78161e-15 2.37232e-15 1.48529e-15 9.28132e-16 5.78879e-16 3.60381e-16 2.2395e-16 1.38922e-16 8.60271e-17 5.31818e-17 3.28222e-17 2.02238e-17 1.24413e-17 7.64163e-18 4.6864e-18 2.8697e-18 1.75466e-18 1.07131e-18 6.53165e-19 3.97669e-19 2.41782e-19 1.46804e-19 8.90184e-20 5.39082e-20 3.26042e-20 1.96946e-20 1.18819e-20 7.15968e-21 4.30907e-21 2.59038e-21 1.5554e-21 9.32879e-22 5.58887e-22
2.07047e-08 7.57882e-08 1.70758e-07 3.00779e-07 4.52868e-07 6.09882e-07 7.54643e-07 8.7311e-07 9.56138e-07 9.99902e-07 1.00531e-06 9.7683e-07 9.21145e-07 8.45856e-07 7.58469e-07 6.65685e-07 5.72993e-07 4.84524e-07 4.03091e-07 3.30344e-07 2.66988e-07 2.13013e-07 1.67916e-07 1.30885e-07 1.00949e-07 7.70914e-08 5.83244e-08 4.37383e-08 3.25271e-08 2.39989e-08 1.7574e-08 1.27775e-08 9.22698e-09 6.61989e-09 4.72004e-09 3.34549e-09 2.35778e-09 1.65263e-09 1.15233e-09 7.99446e-10 5.51952e-10 3.79306e-10 2.59495e-10 1.76761e-10 1.19903e-10 8.1007e-11 5.45155e-11 3.65492e-11 2.44146e-11 1.62512e-11 1.07804e-11 7.12749e-12 4.6972e-12 3.0859e-12 2.02117e-12 1.3199e-12 8.59472e-13 5.58094e-13 3.61411e-13 2.33424e-13 1.50373e-13 9.66272e-14 6.19393e-14 3.9609e-14 2.52703e-14 1.60856e-14 1.02164e-14 6.47468e-15 4.09465e-15 2.58414e-15 1.62755e-15 1.02304e-15 6.41818e-16 4.01889e-16 2.51185e-16 1.56709e-16 9.75935e-17 6.06724e-17 3.76548e-17 2.33304e-17 1.44315e-17 8.9126e-18 5.49555e-18 3.38335e-18 2.07981e-18 1.27659e-18 7.82432e-19 4.78871e-19 2.9267e-19 1.78622e-19 1.08869e-19 6.62661e-20 4.02819e-20 2.4455e-20 1.48277e-20 8.97923e-21 5.43091e-21 3.28081e-21 1.97959e-21 1.19306e-21 7.1821e-22
1.06725e-08 4.04646e-08 9.38596e-08 1.69585e-07 2.61251e-07 3.59299e-07 4.53345e-07 5.34202e-07 5.95204e-07 6.32755e-07 6.46225e-07 6.37418e-07 6.09818e-07 5.67816e-07 5.1604e-07 4.58841e-07 3.99964e-07 3.42379e-07 2.88252e-07 2.38989e-07 1.95353e-07 1.57592e-07 1.25578e-07 9.89235e-08 7.70914e-08 5.9472e-08 4.54436e-08 3.44127e-08 2.5838e-08 1.92437e-08 1.42227e-08 1.04352e-08 7.6032e-09 5.5031e-09 3.95788e-09 2.82932e-09 2.01083e-09 1.42117e-09 9.99066e-10 6.98727e-10 4.86265e-10 3.36798e-10 2.32205e-10 1.59387e-10 1.08938e-10 7.415e-11 5.02703e-11 3.39498e-11 2.28423e-11 1.53134e-11 1.02301e-11 6.81101e-12 4.51971e-12 2.98964e-12 1.9714e-12 1.29604e-12 8.49541e-13 5.55275e-13 3.61929e-13 2.35267e-13 1.52529e-13 9.86336e-14 6.36222e-14 4.09383e-14 2.62794e-14 1.68301e-14 1.07541e-14 6.85634e-15 4.36184e-15 2.76902e-15 1.75421e-15 1.10906e-15 6.99794e-16 4.40697e-16 2.77004e-16 1.73789e-16 1.08835e-16 6.80362e-17 4.24573e-17 2.64496e-17 1.64497e-17 1.02136e-17 6.33143e-18 3.91864e-18 2.42155e-18 1.49413e-18 9.20522e-19 5.66292e-19 3.47872e-19 2.13395e-19 1.3072e-19 7.99662e-20 4.88525e-20 2.98052e-20 1.81608e-20 1.10515e-20 6.71678e-21 4.07723e-21 2.47196e-21 1.49692e-21 9.05405e-22
5.50131e-09 2.15789e-08 5.14861e-08 9.53553e-08 1.50213e-07 2.10866e-07 2.7118e-07 3.25312e-07 3.68637e-07 3.98238e-07 4.12998e-07 4.13398e-07 4.01122e-07 3.78613e-07 3.48645e-07 3.13973e-07 2.77086e-07 2.40057e-07 2.04479e-07 1.71473e-07 1.41728e-07 1.15579e-07 9.30795e-08 7.40865e-08 5.83244e-08 4.54436e-08 3.50643e-08 2.6808e-08 2.0318e-08 1.52726e-08 1.13905e-08 8.43204e-09 6.19779e-09 4.52477e-09 3.28202e-09 2.3659e-09 1.6954e-09 1.20802e-09 8.56059e-10 6.03465e-10 4.23259e-10 2.95425e-10 2.05236e-10 1.41937e-10 9.77332e-11 6.70129e-11 4.5762e-11 3.11271e-11 2.10919e-11 1.42393e-11 9.57863e-12 6.42111e-12 4.28995e-12 2.85675e-12 1.89632e-12 1.2549e-12 8.27946e-13 5.44659e-13 3.57282e-13 2.33719e-13 1.52477e-13 9.92139e-14 6.43913e-14 4.16864e-14 2.69217e-14 1.73451e-14 1.11491e-14 7.15017e-15 4.5754e-15 2.92145e-15 1.86144e-15 1.18358e-15 7.51042e-16 4.7563e-16 3.00628e-16 1.89655e-16 1.19423e-16 7.50623e-17 4.70953e-17 2.94966e-17 1.84425e-17 1.15116e-17 7.17353e-18 4.463e-18 2.77223e-18 1.71931e-18 1.06467e-18 6.58293e-19 4.06427e-19 2.50563e-19 1.54252e-19 9.4828e-20 5.82163e-20 3.56915e-20 2.18528e-20 1.33623e-20 8.16011e-21 4.97693e-21 3.03171e-21 1.84451e-21 1.12086e-21
2.83572e-09 1.14948e-08 2.81883e-08 5.348e-08 8.61012e-08 1.2331e-07 1.61561e-07 1.97229e-07 2.27221e-07 2.49354e-07 2.62505e-07 2.66565e-07 2.62251e-07 2.50858e-07 2.33997e-07 2.13373e-07 1.90598e-07 1.67081e-07 1.43957e-07 1.22074e-07 1.02002e-07 8.40705e-08 6.84118e-08 5.50084e-08 4.37383e-08 3.44127e-08 2.6808e-08 2.06888e-08 1.58254e-08 1.20038e-08 9.03253e-09 6.74525e-09 5.00081e-09 3.68196e-09 2.69307e-09 1.95736e-09 1.41405e-09 1.01563e-09 7.25409e-10 5.15353e-10 3.6424e-10 2.56162e-10 1.79294e-10 1.24914e-10 8.66408e-11 5.98365e-11 4.11532e-11 2.81898e-11 1.92349e-11 1.30752e-11 8.85565e-12 5.97655e-12 4.01963e-12 2.69444e-12 1.80029e-12 1.19907e-12 7.96188e-13 5.27095e-13 3.47937e-13 2.29025e-13 1.50338e-13 9.84204e-14 6.42637e-14 4.18539e-14 2.71909e-14 1.7622e-14 1.13934e-14 7.34928e-15 4.72989e-15 3.03735e-15 1.94624e-15 1.24445e-15 7.94072e-16 5.05662e-16 3.21364e-16 2.03841e-16 1.2905e-16 8.15478e-17 5.14368e-17 3.2386e-17 2.03553e-17 1.27717e-17 7.99997e-18 5.00273e-18 3.12334e-18 1.94688e-18 1.21165e-18 7.52917e-19 4.67155e-19 2.89421e-19 1.79047e-19 1.10607e-19 6.82313e-20 4.20325e-20 2.58581e-20 1.58864e-20 9.74729e-21 5.97283e-21 3.6553e-21 2.2342e-21 1.36391e-21
1.46171e-09 6.11668e-09 1.54052e-08 2.99222e-08 4.92085e-08 7.18657e-08 9.58882e-08 1.19077e-07 1.39422e-07 1.55374e-07 1.65991e-07 1.7095e-07 1.70478e-07 1.65217e-07 1.56071e-07 1.44067e-07 1.30227e-07 1.15483e-07 1.00624e-07 8.62665e-08 7.28559e-08 6.06776e-08 4.98818e-08 4.05109e-08 3.25271e-08 2.5838e-08 2.0318e-08 1.58254e-08 1.22152e-08 9.3481e-09 7.09593e-09 5.34477e-09 3.99616e-09 2.96685e-09 2.18788e-09 1.60307e-09 1.16735e-09 8.45045e-10 6.08259e-10 4.35437e-10 3.10084e-10 2.19703e-10 1.54908e-10 1.0871e-10 7.59438e-11 5.28214e-11 3.65835e-11 2.52336e-11 1.73359e-11 1.18643e-11 8.08945e-12 5.49571e-12 3.72052e-12 2.51017e-12 1.68796e-12 1.13142e-12 7.56011e-13 5.03625e-13 3.34502e-13 2.21532e-13 1.46302e-13 9.63555e-14 6.32907e-14 4.1464e-14 2.70955e-14 1.76622e-14 1.14852e-14 7.45082e-15 4.82241e-15 3.11416e-15 2.00659e-15 1.29013e-15 8.27736e-16 5.29968e-16 3.38631e-16 2.15944e-16 1.37439e-16 8.7308e-17 5.53587e-17 3.50367e-17 2.21351e-17 1.39597e-17 8.7886e-18 5.52368e-18 3.46591e-18 2.17118e-18 1.35794e-18 8.47975e-19 5.28707e-19 3.29146e-19 2.04604e-19 1.27001e-19 7.87176e-20 4.87218e-20 3.01142e-20 1.85877e-20 1.14577e-20 7.05331e-21 4.33635e-21 2.66256e-21 1.63278e-21
7.53461e-10 3.25166e-09 8.4049e-09 1.67036e-08 2.8046e-08 4.17499e-08 5.67068e-08 7.16095e-08 8.51832e-08 9.63714e-08 1.0445e-07 1.09067e-07 1.1022e-07 1.08196e-07 1.03482e-07 9.66759e-08 8.84123e-08 7.92953e-08 6.98581e-08 6.05374e-08 5.16651e-08 4.34717e-08 3.60967e-08 2.96041e-08 2.39989e-08 1.92437e-08 1.52726e-08 1.20038e-08 9.3481e-09 7.21669e-09 5.52525e-09 4.197e-09 3.16418e-09 2.36846e-09 1.76073e-09 1.30037e-09 9.54365e-10 6.96212e-10 5.04957e-10 3.64209e-10 2.61289e-10 1.86489e-10 1.32442e-10 9.36092e-11 6.58569e-11 4.61256e-11 3.21667e-11 2.23385e-11 1.54505e-11 1.06446e-11 7.30573e-12 4.9957e-12 3.40389e-12 2.31124e-12 1.56404e-12 1.05493e-12 7.09277e-13 4.75399e-13 3.17678e-13 2.11659e-13 1.40618e-13 9.31607e-14 6.15516e-14 4.05594e-14 2.66573e-14 1.74759e-14 1.14285e-14 7.45577e-15 4.85253e-15 3.15095e-15 2.04143e-15 1.31968e-15 8.51269e-16 5.47956e-16 3.51987e-16 2.25646e-16 1.44367e-16 9.21855e-17 5.87531e-17 3.73755e-17 2.37328e-17 1.50429e-17 9.51808e-18 6.01197e-18 3.79095e-18 2.38647e-18 1.49988e-18 9.41148e-19 5.89625e-19 3.68827e-19 2.30361e-19 1.43663e-19 8.94632e-20 5.5631e-20 3.4544e-20 2.14202e-20 1.32641e-20 8.20246e-21 5.06565e-21 3.12433e-21 1.92452e-21
3.88382e-10 1.72701e-09 4.57829e-09 9.30455e-09 1.59429e-08 2.41811e-08 3.34218e-08 4.2903e-08 5.18339e-08 5.95149e-08 6.54213e-08 6.92448e-08 7.08955e-08 7.04746e-08 6.82284e-08 6.44966e-08 5.96621e-08 5.41081e-08 4.81872e-08 4.22007e-08 3.63886e-08 3.09273e-08 2.59343e-08 2.14752e-08 1.7574e-08 1.42227e-08 1.13905e-08 9.03253e-09 7.09593e-09 5.52525e-09 4.2661e-09 3.26756e-09 2.48367e-09 1.87409e-09 1.40429e-09 1.04526e-09 7.73056e-10 5.68241e-10 4.15236e-10 3.01715e-10 2.18038e-10 1.56743e-10 1.1211e-10 7.97968e-11 5.65299e-11 3.98653e-11 2.79898e-11 1.95684e-11 1.36245e-11 9.4482e-12 6.52675e-12 4.49173e-12 3.07998e-12 2.10447e-12 1.433e-12 9.72514e-13 6.57861e-13 4.43607e-13 2.98211e-13 1.9987e-13 1.33568e-13 8.90059e-14 5.91466e-14 3.9198e-14 2.59089e-14 1.7081e-14 1.12327e-14 7.36858e-15 4.82213e-15 3.14827e-15 2.05073e-15 1.3328e-15 8.64305e-16 5.59286e-16 3.61147e-16 2.32722e-16 1.49663e-16 9.60567e-17 6.15317e-17 3.93408e-17 2.5106e-17 1.59925e-17 1.01689e-17 6.4546e-18 4.0899e-18 2.58714e-18 1.63381e-18 1.03009e-18 6.4841e-19 4.0751e-19 2.55714e-19 1.60217e-19 1.00233e-19 6.26148e-20 3.90582e-20 2.43293e-20 1.51335e-20 9.40048e-21 5.83139e-21 3.61256e-21 2.23506e-21
2.00197e-10 9.16444e-10 2.49012e-09 5.17251e-09 9.04049e-09 1.39653e-08 1.96347e-08 2.56132e-08 3.14197e-08 3.66023e-08 4.07962e-08 4.37585e-08 4.53787e-08 4.56698e-08 4.47454e-08 4.27904e-08 4.00301e-08 3.67024e-08 3.30357e-08 2.92331e-08 2.54632e-08 2.18567e-08 1.85061e-08 1.54699e-08 1.27775e-08 1.04352e-08 8.43204e-09 6.74525e-09 5.34477e-09 4.197e-09 3.26756e-09 2.52326e-09 1.9334e-09 1.47047e-09 1.11047e-09 8.32933e-10 6.20705e-10 4.59673e-10 3.38383e-10 2.47666e-10 1.80267e-10 1.30511e-10 9.40028e-11 6.7372e-11 4.80547e-11 3.41178e-11 2.41147e-11 1.69707e-11 1.18931e-11 8.30088e-12 5.77089e-12 3.99669e-12 2.7577e-12 1.89596e-12 1.29894e-12 8.86896e-13 6.03556e-13 4.09415e-13 2.76853e-13 1.86641e-13 1.2545e-13 8.40772e-14 5.61896e-14 3.74486e-14 2.48912e-14 1.65011e-14 1.09111e-14 7.19666e-15 4.73512e-15 3.10807e-15 2.03532e-15 1.32978e-15 8.66869e-16 5.63864e-16 3.65984e-16 2.37048e-16 1.5322e-16 9.88364e-17 6.36297e-17 4.08847e-17 2.62202e-17 1.67842e-17 1.07243e-17 6.84009e-18 4.35499e-18 2.76798e-18 1.75631e-18 1.11254e-18 7.03585e-19 4.44243e-19 2.80052e-19 1.76271e-19 1.1078e-19 6.95169e-20 4.3559e-20 2.72544e-20 1.70284e-20 1.06243e-20 6.61956e-21 4.11876e-21 2.55931e-21
1.03194e-10 4.85916e-10 1.35244e-09 2.86994e-09 5.11443e-09 8.0435e-09 1.14998e-08 1.52397e-08 1.89758e-08 2.24225e-08 2.5334e-08 2.75306e-08 2.89111e-08 2.94517e-08 2.91961e-08 2.82399e-08 2.67115e-08 2.47554e-08 2.25164e-08 2.01287e-08 1.77083e-08 1.53486e-08 1.31198e-08 1.10698e-08 9.22698e-09 7.6032e-09 6.19779e-09 5.00081e-09 3.99616e-09 3.16418e-09 2.48367e-09 1.9334e-09 1.4932e-09 1.14455e-09 8.70999e-10 6.58268e-10 4.94213e-10 3.68697e-10 2.73387e-10 2.01531e-10 1.47726e-10 1.077e-10 7.81091e-11 5.6363e-11 4.04734e-11 2.89267e-11 2.05802e-11 1.45777e-11 1.02819e-11 7.22205e-12 5.05251e-12 3.521e-12 2.44447e-12 1.69088e-12 1.16545e-12 8.00516e-13 5.48004e-13 3.73917e-13 2.5432e-13 1.72439e-13 1.16567e-13 7.85661e-14 5.28013e-14 3.53862e-14 2.36501e-14 1.57642e-14 1.04803e-14 6.94975e-15 4.59706e-15 3.03342e-15 1.99687e-15 1.31146e-15 8.59344e-16 5.61836e-16 3.66524e-16 2.38598e-16 1.54995e-16 1.0048e-16 6.50073e-17 4.19749e-17 2.70505e-17 1.73995e-17 1.11709e-17 7.15893e-18 4.57961e-18 2.92444e-18 1.86426e-18 1.18641e-18 7.53768e-19 4.78111e-19 3.02776e-19 1.91438e-19 1.20853e-19 7.6177e-20 4.79444e-20 3.01307e-20 1.89082e-20 1.18487e-20 7.41443e-21 4.63323e-21 2.89134e-21
