0.095743 0.0566642 0.033536 0.0198478 0.0117467 0.00695211 0.00411451 0.00243512 0.00144119 0.000852951 0.000504808 0.000298764 0.000176819 0.000104648 6.19347e-05 3.66552e-05 2.16939e-05 1.28392e-05 7.59874e-06 4.49721e-06 2.66162e-06 1.57524e-06 9.32286e-07 5.51761e-07 3.26552e-07 1.93266e-07 1.14382e-07 6.76953e-08 4.00646e-08 2.37117e-08 1.40335e-08 8.30551e-09 4.91551e-09 2.90918e-09 1.72176e-09 1.019e-09 6.03081e-10 3.56926e-10 2.11242e-10 1.25021e-10 7.39918e-11 4.37911e-11 2.59172e-11 1.53387e-11 9.07802e-12 5.37271e-12 3.17977e-12 1.8819e-12 1.11378e-12 6.59175e-13 3.90124e-13 2.3089e-13 1.36649e-13 8.08739e-14 4.78642e-14 2.83278e-14 1.67654e-14 9.92239e-15 5.87243e-15 3.47552e-15 2.05694e-15 1.21737e-15 7.20486e-16 4.2641e-16 2.52365e-16 1.49359e-16 8.83962e-17 5.23161e-17 3.09626e-17 1.83248e-17 1.08453e-17 6.41864e-18 3.79879e-18 2.24826e-18 1.3306e-18 7.875e-19 4.66072e-19 2.75838e-19 1.63251e-19 9.66181e-20 5.71821e-20 3.38425e-20 2.00292e-20 1.1854e-20 7.01565e-21 4.15212e-21 2.45738e-21 1.45437e-21 8.60747e-22 5.09422e-22 3.01495e-22 1.78436e-22 1.05605e-22 6.25008e-23 3.69902e-23 2.18922e-23 1.29566e-23 7.66819e-24 4.53832e-24 2.68594e-24 1.58964e-24
0.0566642 0.0403198 0.0278776 0.0188752 0.0125773 0.00827602 0.00539064 0.00348191 0.00223326 0.00142384 0.000903116 0.000570265 0.000358673 0.000224804 0.000140462 8.75189e-05 5.43941e-05 3.37295e-05 2.08721e-05 1.28913e-05 7.94818e-06 4.89261e-06 3.00724e-06 1.84585e-06 1.13154e-06 6.92823e-07 4.23732e-07 2.58884e-07 1.58014e-07 9.63571e-08 5.87078e-08 3.57397e-08 2.17406e-08 1.32152e-08 8.02734e-09 4.87287e-09 2.95614e-09 1.79229e-09 1.08603e-09 6.5772e-10 3.98121e-10 2.40865e-10 1.45656e-10 8.80407e-11 5.31925e-11 3.21245e-11 1.93932e-11 1.17029e-11 7.05953e-12 4.25701e-12 2.56616e-12 1.54639e-12 9.31569e-13 5.61019e-13 3.37762e-13 2.03291e-13 1.22322e-13 7.35828e-14 4.42521e-14 2.66061e-14 1.59927e-14 9.61082e-15 5.77429e-15 3.46849e-15 2.08299e-15 1.25067e-15 7.50776e-16 4.506e-16 2.70389e-16 1.6222e-16 9.7306e-17 5.83577e-17 3.4993e-17 2.09793e-17 1.25756e-17 7.537e-18 4.51647e-18 2.70604e-18 1.62108e-18 9.70979e-19 5.81507e-19 3.48209e-19 2.08481e-19 1.24806e-19 7.47045e-20 4.47099e-20 2.67552e-20 1.60088e-20 9.57765e-21 5.72939e-21 3.42696e-21 2.04956e-21 1.22565e-21 7.32867e-22 4.38166e-22 2.61944e-22 1.56579e-22 9.35873e-23 5.59317e-23 3.3424e-23 1.99719e-23
0.033536 0.0278776 0.021732 0.0162433 0.0117831 0.00835741 0.00582415 0.00400143 0.00271702 0.0018267 0.00121776 0.000805875 0.00052988 0.000346431 0.000225347 0.000145918 9.4098e-05 6.04544e-05 3.87074e-05 2.4706e-05 1.57239e-05 9.98076e-06 6.3197e-06 3.9924e-06 2.51677e-06 1.58339e-06 9.943e-07 6.23283e-07 3.90064e-07 2.4373e-07 1.5207e-07 9.47488e-08 5.89564e-08 3.66391e-08 2.27427e-08 1.4101e-08 8.73345e-09 5.40352e-09 3.33996e-09 2.06252e-09 1.27252e-09 7.84436e-10 4.83161e-10 2.97359e-10 1.82869e-10 1.12378e-10 6.90112e-11 4.23508e-11 2.59729e-11 1.59186e-11 9.75048e-12 5.96887e-12 3.65185e-12 2.23303e-12 1.36473e-12 8.33639e-13 5.0897e-13 3.10597e-13 1.89453e-13 1.15507e-13 7.0392e-14 4.288e-14 2.611e-14 1.58922e-14 9.66922e-15 5.88077e-15 3.57533e-15 2.17292e-15 1.32013e-15 8.01759e-16 4.86773e-16 2.9544e-16 1.79256e-16 1.08729e-16 6.59306e-17 3.9967e-17 2.4221e-17 1.46744e-17 8.88816e-18 5.38205e-18 3.25814e-18 1.97189e-18 1.19313e-18 7.21748e-19 4.36497e-19 2.63922e-19 1.59541e-19 9.6421e-20 5.82607e-20 3.51956e-20 2.12573e-20 1.28363e-20 7.74972e-21 4.67784e-21 2.82306e-21 1.70339e-21 1.02761e-21 6.19813e-22 3.73781e-22 2.2537e-22 1.35863e-22
0.0198478 0.0188752 0.0162433 0.0131545 0.0102203 0.00770261 0.00567043 0.0040968 0.0029146 0.0020469 0.00142174 0.000978119 0.000667315 0.000451915 0.00030403 0.00020333 0.000135257 8.95367e-05 5.90076e-05 3.87293e-05 2.53241e-05 1.65012e-05 1.07175e-05 6.94001e-06 4.48133e-06 2.8861e-06 1.85414e-06 1.1884e-06 7.6004e-07 4.85078e-07 3.08985e-07 1.96454e-07 1.24687e-07 7.90052e-08 4.99806e-08 3.15711e-08 1.99137e-08 1.25434e-08 7.89051e-09 4.95733e-09 3.11075e-09 1.94975e-09 1.2207e-09 7.63442e-10 4.76975e-10 2.97704e-10 1.85635e-10 1.15648e-10 7.19827e-11 4.4766e-11 2.78169e-11 1.72712e-11 1.07152e-11 6.64288e-12 4.11525e-12 2.54761e-12 1.57606e-12 9.7438e-13 6.02013e-13 3.71718e-13 2.29383e-13 1.41466e-13 8.71964e-14 5.37161e-14 3.30732e-14 2.03527e-14 1.25183e-14 7.69578e-15 4.7288e-15 2.90432e-15 1.78295e-15 1.09405e-15 6.71041e-16 4.1141e-16 2.52127e-16 1.5445e-16 9.45765e-17 5.7891e-17 3.54221e-17 2.16659e-17 1.32471e-17 8.09679e-18 4.94713e-18 3.02167e-18 1.845e-18 1.12618e-18 6.8719e-19 4.19191e-19 2.55632e-19 1.55844e-19 9.49806e-20 5.78704e-20 3.52497e-20 2.14652e-20 1.30676e-20 7.95321e-21 4.83922e-21 2.94373e-21 1.79024e-21 1.08847e-21 6.61633e-22
0.0117467 0.0125773 0.0117831 0.0102203 0.00842196 0.00668738 0.00516157 0.00389503 0.00288548 0.00210477 0.00151518 0.00107837 0.000759858 0.000530713 0.000367759 0.000253041 0.000172995 0.000117583 7.94947e-05 5.34816e-05 3.58185e-05 2.38888e-05 1.58705e-05 1.05055e-05 6.93059e-06 4.55772e-06 2.98835e-06 1.95388e-06 1.27414e-06 8.28801e-07 5.37845e-07 3.48249e-07 2.25009e-07 1.45087e-07 9.33728e-08 5.9981e-08 3.84631e-08 2.46233e-08 1.5738e-08 1.00435e-08 6.40004e-09 4.07252e-09 2.58793e-09 1.64238e-09 1.04099e-09 6.59016e-10 4.16712e-10 2.63201e-10 1.6606e-10 1.04661e-10 6.58972e-11 4.14496e-11 2.60472e-11 1.63532e-11 1.02578e-11 6.42887e-12 4.02577e-12 2.51889e-12 1.57481e-12 9.83814e-13 6.1415e-13 3.83108e-13 2.38816e-13 1.48767e-13 9.26105e-14 5.76145e-14 3.58203e-14 2.22566e-14 1.38206e-14 8.57714e-15 5.31996e-15 3.29787e-15 2.04325e-15 1.26526e-15 7.83089e-16 4.84421e-16 2.99516e-16 1.85101e-16 1.14338e-16 7.05944e-17 4.35667e-17 2.68749e-17 1.65711e-17 1.02134e-17 6.2923e-18 3.875e-18 2.3854e-18 1.46785e-18 9.0289e-19 5.55169e-19 3.41237e-19 2.09667e-19 1.28781e-19 7.90719e-20 4.85338e-20 2.97798e-20 1.82665e-20 1.12009e-20 6.86608e-21 4.20758e-21 2.57764e-21
0.00695211 0.00827602 0.00835741 0.00770261 0.00668738 0.00556244 0.0044783 0.00351342 0.00269877 0.00203666 0.001514 0.00111089 0.000805866 0.00057872 0.000411871 0.000290761 0.000203764 0.000141847 9.81438e-05 6.75253e-05 4.62191e-05 3.14841e-05 2.13513e-05 1.44195e-05 9.70038e-06 6.50195e-06 4.3432e-06 2.89185e-06 1.91964e-06 1.27061e-06 8.38731e-07 5.52216e-07 3.62683e-07 2.37646e-07 1.55369e-07 1.01362e-07 6.59942e-08 4.28835e-08 2.78143e-08 1.80082e-08 1.16393e-08 7.51058e-09 4.83874e-09 3.11265e-09 1.99937e-09 1.28246e-09 8.21494e-10 5.25526e-10 3.35763e-10 2.1426e-10 1.36563e-10 8.69416e-11 5.52892e-11 3.51226e-11 2.22885e-11 1.41298e-11 8.94878e-12 5.66212e-12 3.57926e-12 2.26057e-12 1.42647e-12 8.99371e-13 5.66574e-13 3.56636e-13 2.24313e-13 1.40978e-13 8.85373e-14 5.55631e-14 3.4845e-14 2.18371e-14 1.3676e-14 8.55924e-15 5.35347e-15 3.34629e-15 2.09038e-15 1.30506e-15 8.14289e-16 5.07786e-16 3.16475e-16 1.97134e-16 1.2273e-16 7.63687e-17 4.74959e-17 2.95242e-17 1.83437e-17 1.13917e-17 7.07106e-18 4.38712e-18 2.72068e-18 1.68649e-18 1.04496e-18 6.47186e-19 4.00661e-19 2.4794e-19 1.5337e-19 9.48337e-20 5.86159e-20 3.62162e-20 2.2368e-20 1.38099e-20 8.52307e-21
0.00411451 0.00539064 0.00582415 0.00567043 0.00516157 0.0044783 0.00374661 0.00304544 0.00241793 0.00188231 0.00144098 0.00108726 0.000810019 0.000596734 0.000435226 0.000314582 0.000225533 0.000160494 0.000113437 7.96771e-05 5.56423e-05 3.86502e-05 2.67139e-05 1.83784e-05 1.2589e-05 8.58827e-06 5.83657e-06 3.95224e-06 2.66716e-06 1.79414e-06 1.2032e-06 8.04565e-07 5.36522e-07 3.56841e-07 2.36743e-07 1.5669e-07 1.03471e-07 6.81779e-08 4.48293e-08 2.94178e-08 1.92673e-08 1.25959e-08 8.2199e-09 5.355e-09 3.48286e-09 2.26163e-09 1.46637e-09 9.49337e-10 6.13729e-10 3.96216e-10 2.55451e-10 1.64482e-10 1.05776e-10 6.79402e-11 4.35868e-11 2.7931e-11 1.78787e-11 1.14319e-11 7.30207e-12 4.65942e-12 2.97021e-12 1.89158e-12 1.20353e-12 7.65052e-13 4.85893e-13 3.08328e-13 1.95488e-13 1.23843e-13 7.83919e-14 4.95829e-14 3.13373e-14 1.97909e-14 1.24898e-14 7.87653e-15 4.96378e-15 3.12604e-15 1.96738e-15 1.23737e-15 7.77737e-16 4.88536e-16 3.06687e-16 1.92414e-16 1.20649e-16 7.56067e-17 4.73538e-17 2.96422e-17 1.85452e-17 1.15964e-17 7.24756e-18 4.52729e-18 2.82663e-18 1.76395e-18 1.10026e-18 6.85966e-19 4.27471e-19 2.66265e-19 1.65778e-19 1.0317e-19 6.41783e-20 3.99063e-20 2.48036e-20
0.00243512 0.00348191 0.00400143 0.0040968 0.00389503 0.00351342 0.00304544 0.00255794 0.00209396 0.00167769 0.0013198 0.00102195 0.000780429 0.000588723 0.000439273 0.00032455 0.00023766 0.000172625 0.000124457 8.91179e-05 6.34113e-05 4.48564e-05 3.15584e-05 2.20901e-05 1.53892e-05 1.06732e-05 7.37136e-06 5.07089e-06 3.47534e-06 2.37342e-06 1.61547e-06 1.09607e-06 7.41419e-07 5.00078e-07 3.3637e-07 2.25661e-07 1.51011e-07 1.00812e-07 6.71461e-08 4.4624e-08 2.95934e-08 1.95856e-08 1.29368e-08 8.52898e-09 5.61278e-09 3.6872e-09 2.41813e-09 1.58326e-09 1.035e-09 6.75561e-10 4.40297e-10 2.86554e-10 1.86236e-10 1.20875e-10 7.83511e-11 5.07228e-11 3.27965e-11 2.11804e-11 1.36627e-11 8.80339e-12 5.66613e-12 3.64301e-12 2.33982e-12 1.50129e-12 9.6232e-13 6.1625e-13 3.94264e-13 2.52012e-13 1.60942e-13 1.02692e-13 6.54693e-14 4.1704e-14 2.65439e-14 1.68814e-14 1.0728e-14 6.81235e-15 4.3227e-15 2.74093e-15 1.73674e-15 1.09969e-15 6.95839e-16 4.40007e-16 2.78053e-16 1.75598e-16 1.10825e-16 6.99023e-17 4.40639e-17 2.776e-17 1.74785e-17 1.09988e-17 6.91738e-18 4.34813e-18 2.73168e-18 1.71526e-18 1.07647e-18 6.7524e-19 4.23347e-19 2.65291e-19 1.66164e-19 1.04028e-19 6.50967e-20
0.00144119 0.00223326 0.00271702 0.0029146 0.00288548 0.00269877 0.00241793 0.00209396 0.00176383 0.00145173 0.00117152 0.000929402 0.000726391 0.000560268 0.000427066 0.000322094 0.000240598 0.000178154 0.000130862 9.54171e-05 6.90995e-05 4.97251e-05 3.5573e-05 2.53092e-05 1.79144e-05 1.26192e-05 8.84889e-06 6.17856e-06 4.29664e-06 2.97652e-06 2.05453e-06 1.41325e-06 9.68955e-07 6.62263e-07 4.51298e-07 3.06662e-07 2.07814e-07 1.40462e-07 9.47012e-08 6.3696e-08 4.27435e-08 2.86197e-08 1.91221e-08 1.27502e-08 8.48475e-09 5.6355e-09 3.73617e-09 2.47257e-09 1.63352e-09 1.0774e-09 7.09468e-10 4.66456e-10 3.06219e-10 2.00733e-10 1.31398e-10 8.5893e-11 5.6072e-11 3.65569e-11 2.38037e-11 1.54805e-11 1.00555e-11 6.52408e-12 4.22807e-12 2.73706e-12 1.76994e-12 1.14335e-12 7.37826e-13 4.75659e-13 3.06347e-13 1.97115e-13 1.26713e-13 8.13821e-14 5.22218e-14 3.34811e-14 2.14476e-14 1.37277e-14 8.7794e-15 5.61032e-15 3.5824e-15 2.28576e-15 1.45735e-15 9.28495e-16 5.91134e-16 3.76088e-16 2.39108e-16 1.51917e-16 9.6457e-17 6.1204e-17 3.88106e-17 2.45952e-17 1.55771e-17 9.85964e-18 6.23707e-18 3.9432e-18 2.49156e-18 1.57344e-18 9.931e-19 6.26472e-19 3.94985e-19 2.48905e-19 1.56771e-19
0.000852951 0.00142384 0.0018267 0.0020469 0.00210477 0.00203666 0.00188231 0.00167769 0.00145173 0.00122553 0.00101303 0.000822259 0.000656858 0.000517374 0.000402406 0.000309457 0.000235544 0.000177615 0.000132789 9.84957e-05 7.25278e-05 5.30463e-05 3.85541e-05 2.7857e-05 2.00174e-05 1.431e-05 1.01802e-05 7.20921e-06 5.0832e-06 3.56949e-06 2.49681e-06 1.74005e-06 1.2084e-06 8.36387e-07 5.77052e-07 3.96914e-07 2.72214e-07 1.8617e-07 1.26983e-07 8.63895e-08 5.86279e-08 3.96931e-08 2.68122e-08 1.80715e-08 1.21543e-08 8.15789e-09 5.46469e-09 3.65362e-09 2.43824e-09 1.62426e-09 1.08014e-09 7.17095e-10 4.753e-10 3.14538e-10 2.07833e-10 1.37123e-10 9.03401e-11 5.94349e-11 3.9049e-11 2.56214e-11 1.67894e-11 1.09881e-11 7.18256e-12 4.68941e-12 3.0581e-12 1.99202e-12 1.29615e-12 8.42462e-13 5.47001e-13 3.54796e-13 2.29898e-13 1.48821e-13 9.62452e-14 6.21851e-14 4.01417e-14 2.58891e-14 1.66824e-14 1.07405e-14 6.90921e-15 4.44094e-15 2.85214e-15 1.83031e-15 1.17367e-15 7.52028e-16 4.81506e-16 3.08072e-16 1.96967e-16 1.25843e-16 8.03469e-17 5.12643e-17 3.26869e-17 2.08281e-17 1.32632e-17 8.44065e-18 5.36829e-18 3.41219e-18 2.16757e-18 1.37613e-18 8.73162e-19 5.53715e-19 3.50943e-19
0.000504808 0.000903116 0.00121776 0.00142174 0.00151518 0.001514 0.00144098 0.0013198 0.00117152 0.00101303 0.000856658 0.000710589 0.000579552 0.000465665 0.000369193 0.000289211 0.000224102 0.000171936 0.000130719 9.85542e-05 7.37313e-05 5.47662e-05 4.04084e-05 2.96293e-05 2.1599e-05 1.56591e-05 1.12942e-05 8.10648e-06 5.79176e-06 4.12e-06 2.9187e-06 2.05957e-06 1.44791e-06 1.01428e-06 7.08109e-07 4.92756e-07 3.41833e-07 2.3643e-07 1.63062e-07 1.12154e-07 7.69362e-08 5.26439e-08 3.59341e-08 2.44707e-08 1.66266e-08 1.12722e-08 7.62609e-09 5.14882e-09 3.46942e-09 2.33334e-09 1.56638e-09 1.04964e-09 7.02144e-10 4.68903e-10 3.1263e-10 2.08109e-10 1.38319e-10 9.17952e-11 6.08313e-11 4.0255e-11 2.66019e-11 1.75559e-11 1.15709e-11 7.61651e-12 5.00733e-12 3.28799e-12 2.15646e-12 1.41271e-12 9.24429e-13 6.04252e-13 3.94544e-13 2.57346e-13 1.67685e-13 1.09153e-13 7.09828e-14 4.61161e-14 2.99326e-14 1.94105e-14 1.25759e-14 8.14064e-15 5.26506e-15 3.40237e-15 2.19685e-15 1.41731e-15 9.1366e-16 5.88525e-16 3.78803e-16 2.43632e-16 1.5658e-16 1.0056e-16 6.45361e-17 4.13884e-17 2.65251e-17 1.69881e-17 1.08729e-17 6.95443e-18 4.44531e-18 2.83969e-18 1.81289e-18 1.15667e-18 7.37542e-19
0.000298764 0.000570265 0.000805875 0.000978119 0.00107837 0.00111089 0.00108726 0.00102195 0.000929402 0.000822259 0.000710589 0.000601741 0.000500582 0.000409924 0.000330996 0.000263903 0.000208009 0.000162248 0.000125347 9.59877e-05 7.29083e-05 5.49607e-05 4.11403e-05 3.05933e-05 2.26104e-05 1.66142e-05 1.21418e-05 8.82789e-06 6.38737e-06 4.60033e-06 3.29884e-06 2.35577e-06 1.67568e-06 1.18745e-06 8.38454e-07 5.90002e-07 4.1381e-07 2.89322e-07 2.01675e-07 1.40173e-07 9.71557e-08 6.71597e-08 4.63051e-08 3.18472e-08 2.1851e-08 1.49578e-08 1.02163e-08 6.96281e-09 4.73551e-09 3.21419e-09 2.17734e-09 1.47217e-09 9.93556e-10 6.69346e-10 4.50151e-10 3.02228e-10 2.02583e-10 1.35575e-10 9.05915e-11 6.04425e-11 4.02682e-11 2.67894e-11 1.77976e-11 1.18079e-11 7.8237e-12 5.17718e-12 3.4216e-12 2.25857e-12 1.48908e-12 9.80611e-13 6.45029e-13 4.23817e-13 2.78166e-13 1.82376e-13 1.19448e-13 7.81529e-14 5.10834e-14 3.33572e-14 2.17613e-14 1.41832e-14 9.23554e-15 6.00843e-15 3.90551e-15 2.5364e-15 1.64585e-15 1.0671e-15 6.91293e-16 4.47479e-16 2.8943e-16 1.87059e-16 1.20805e-16 7.79597e-17 5.02734e-17 3.23962e-17 2.08615e-17 1.34244e-17 8.63278e-18 5.54774e-18 3.56283e-18 2.28662e-18 1.46662e-18
0.000176819 0.000358673 0.00052988 0.000667315 0.000759858 0.000805866 0.000810019 0.000780429 0.000726391 0.000656858 0.000579552 0.000500582 0.00042439 0.000353907 0.000290811 0.000235814 0.000188932 0.00014972 0.00011746 9.13022e-05 7.03652e-05 5.38007e-05 4.08327e-05 3.07772e-05 2.30485e-05 1.71561e-05 1.26973e-05 9.34678e-06 6.84539e-06 4.98926e-06 3.6198e-06 2.61481e-06 1.88103e-06 1.34783e-06 9.62128e-07 6.84329e-07 4.85063e-07 3.42684e-07 2.41331e-07 1.69437e-07 1.18612e-07 8.27999e-08 5.76436e-08 4.00255e-08 2.77222e-08 1.91541e-08 1.3203e-08 9.08026e-09 6.23116e-09 4.26693e-09 2.91586e-09 1.98861e-09 1.35361e-09 9.19642e-10 6.23667e-10 4.22199e-10 2.85321e-10 1.92497e-10 1.2966e-10 8.71971e-11 5.855e-11 3.92554e-11 2.62807e-11 1.75693e-11 1.17292e-11 7.81973e-12 5.20644e-12 3.46202e-12 2.29916e-12 1.52502e-12 1.01031e-12 6.68539e-13 4.41874e-13 2.91729e-13 1.92391e-13 1.26742e-13 8.34065e-14 5.48315e-14 3.60099e-14 2.36256e-14 1.54854e-14 1.01403e-14 6.63397e-15 4.3361e-15 2.83163e-15 1.84753e-15 1.2044e-15 7.84487e-16 5.1055e-16 3.31999e-16 2.15719e-16 1.40055e-16 9.086e-17 5.89004e-17 3.8154e-17 2.46969e-17 1.59747e-17 1.03257e-17 6.66959e-18 4.3051e-18 2.777e-18
0.000104648 0.000224804 0.000346431 0.000451915 0.000530713 0.00057872 0.000596734 0.000588723 0.000560268 0.000517374 0.000465665 0.000409924 0.000353907 0.000300328 0.000250971 0.00020684 0.000168342 0.00013545 0.000107847 8.50436e-05 6.64654e-05 5.15167e-05 3.96229e-05 3.02561e-05 2.2948e-05 1.72949e-05 1.29568e-05 9.65225e-06 7.15226e-06 5.27309e-06 3.86905e-06 2.82596e-06 2.05515e-06 1.48841e-06 1.07372e-06 7.71641e-07 5.52551e-07 3.94298e-07 2.80437e-07 1.9882e-07 1.40525e-07 9.90295e-08 6.95892e-08 4.87674e-08 3.40856e-08 2.37631e-08 1.6526e-08 1.14656e-08 7.9364e-09 5.48129e-09 3.77749e-09 2.59785e-09 1.78297e-09 1.22128e-09 8.34947e-10 5.69762e-10 3.88101e-10 2.63896e-10 1.79134e-10 1.21395e-10 8.21339e-11 5.54828e-11 3.7422e-11 2.52026e-11 1.69485e-11 1.13814e-11 7.63233e-12 5.11128e-12 3.41842e-12 2.28329e-12 1.52316e-12 1.01483e-12 6.75329e-13 4.48874e-13 2.9801e-13 1.97627e-13 1.30912e-13 8.66247e-14 5.72588e-14 3.78086e-14 2.494e-14 1.64349e-14 1.08197e-14 7.11609e-15 4.67585e-15 3.06957e-15 2.01327e-15 1.31928e-15 8.63763e-16 5.6504e-16 3.69316e-16 2.41189e-16 1.57385e-16 1.02618e-16 6.68562e-17 4.35237e-17 2.83126e-17 1.84039e-17 1.19543e-17 7.75931e-18 5.03286e-18
6.19347e-05 0.000140462 0.000225347 0.00030403 0.000367759 0.000411871 0.000435226 0.000439273 0.000427066 0.000402406 0.000369193 0.000330996 0.000290811 0.000250971 0.000213151 0.00017844 0.000147444 0.00012039 9.72319e-05 7.77431e-05 6.15853e-05 4.83664e-05 3.76807e-05 2.91362e-05 2.23713e-05 1.70639e-05 1.29349e-05 9.74753e-06 7.30492e-06 5.44567e-06 4.03941e-06 2.9821e-06 2.19161e-06 1.60373e-06 1.16872e-06 8.48365e-07 6.13504e-07 4.42063e-07 3.17429e-07 2.27176e-07 1.62065e-07 1.15261e-07 8.17304e-08 5.77891e-08 4.07484e-08 2.86562e-08 2.01007e-08 1.40644e-08 9.81723e-09 6.83666e-09 4.75028e-09 3.2934e-09 2.2785e-09 1.57311e-09 1.08393e-09 7.45418e-10 5.11657e-10 3.50559e-10 2.39755e-10 1.63689e-10 1.11567e-10 7.59168e-11 5.15752e-11 3.49836e-11 2.36933e-11 1.60228e-11 1.08198e-11 7.29602e-12 4.91303e-12 3.30388e-12 2.21883e-12 1.4882e-12 9.96898e-13 6.66963e-13 4.45684e-13 2.97466e-13 1.9831e-13 1.32056e-13 8.78389e-14 5.83637e-14 3.87379e-14 2.56846e-14 1.70124e-14 1.12569e-14 7.44125e-15 4.91418e-15 3.24223e-15 2.13713e-15 1.40741e-15 9.26019e-16 6.08745e-16 3.99829e-16 2.62388e-16 1.72048e-16 1.12719e-16 7.37895e-17 4.82665e-17 3.1547e-17 2.06033e-17 1.34458e-17 8.76828e-18
3.66552e-05 8.75189e-05 0.000145918 0.00020333 0.000253041 0.000290761 0.000314582 0.00032455 0.000322094 0.000309457 0.000289211 0.000263903 0.000235814 0.00020684 0.00017844 0.000151657 0.00012716 0.000105311 8.62333e-05 6.98791e-05 5.60827e-05 4.46089e-05 3.51876e-05 2.75406e-05 2.13985e-05 1.65126e-05 1.26601e-05 9.64747e-06 7.30943e-06 5.50782e-06 4.12879e-06 3.07981e-06 2.28657e-06 1.69005e-06 1.24382e-06 9.11671e-07 6.65608e-07 4.84137e-07 3.50876e-07 2.53418e-07 1.82421e-07 1.30895e-07 9.36341e-08 6.6781e-08 4.74926e-08 3.36819e-08 2.38235e-08 1.6807e-08 1.18274e-08 8.30296e-09 5.81511e-09 4.06345e-09 2.83317e-09 1.97115e-09 1.36855e-09 9.48258e-10 6.55749e-10 4.52605e-10 3.11812e-10 2.14427e-10 1.47198e-10 1.00874e-10 6.90126e-11 4.71378e-11 3.21455e-11 2.18875e-11 1.48803e-11 1.01015e-11 6.84755e-12 4.63521e-12 3.13331e-12 2.1152e-12 1.42603e-12 9.60159e-13 6.45669e-13 4.33651e-13 2.909e-13 1.9491e-13 1.30443e-13 8.71989e-14 5.82262e-14 3.88375e-14 2.58773e-14 1.72239e-14 1.14524e-14 7.60711e-15 5.04794e-15 3.34645e-15 2.21636e-15 1.46652e-15 9.69475e-16 6.40311e-16 4.22532e-16 2.78578e-16 1.83511e-16 1.20784e-16 7.94326e-17 5.21953e-17 3.42702e-17 2.24832e-17 1.47388e-17
2.16939e-05 5.43941e-05 9.4098e-05 0.000135257 0.000172995 0.000203764 0.000225533 0.00023766 0.000240598 0.000235544 0.000224102 0.000208009 0.000188932 0.000168342 0.000147444 0.00012716 0.00010814 9.07976e-05 7.53479e-05 6.18556e-05 5.02749e-05 4.04853e-05 3.23215e-05 2.55966e-05 2.01182e-05 1.57003e-05 1.21709e-05 9.37544e-06 7.17906e-06 5.46619e-06 4.13968e-06 3.11911e-06 2.33873e-06 1.74548e-06 1.29695e-06 9.59597e-07 7.0712e-07 5.19048e-07 3.79577e-07 2.76589e-07 2.0085e-07 1.45368e-07 1.04876e-07 7.54298e-08 5.40903e-08 3.86766e-08 2.75786e-08 1.96123e-08 1.3911e-08 9.84229e-09 6.94664e-09 4.89134e-09 3.43625e-09 2.40866e-09 1.68472e-09 1.1759e-09 8.19078e-10 5.69402e-10 3.95069e-10 2.73597e-10 1.89128e-10 1.30504e-10 8.98954e-11 6.18181e-11 4.244e-11 2.90894e-11 1.99072e-11 1.36024e-11 9.28052e-12 6.32252e-12 4.30116e-12 2.92194e-12 1.98226e-12 1.34298e-12 9.0867e-13 6.14024e-13 4.14399e-13 2.79329e-13 1.88057e-13 1.26459e-13 8.49385e-14 5.69858e-14 3.81896e-14 2.55652e-14 1.70957e-14 1.14201e-14 7.62081e-15 5.08035e-15 3.38341e-15 2.25108e-15 1.49627e-15 9.93621e-16 6.59218e-16 4.3696e-16 2.89378e-16 1.91473e-16 1.26583e-16 8.36128e-17 5.51832e-17 3.63902e-17 2.39778e-17
1.28392e-05 3.37295e-05 6.04544e-05 8.95367e-05 0.000117583 0.000141847 0.000160494 0.000172625 0.000178154 0.000177615 0.000171936 0.000162248 0.00014972 0.00013545 0.00012039 0.000105311 9.07976e-05 7.72585e-05 6.49477e-05 5.39934e-05 4.44263e-05 3.62062e-05 2.9245e-05 2.34261e-05 1.8619e-05 1.46901e-05 1.15104e-05 8.96025e-06 6.93218e-06 5.33186e-06 4.07827e-06 3.10298e-06 2.34907e-06 1.76982e-06 1.32731e-06 9.91089e-07 7.36935e-07 5.45756e-07 4.02616e-07 2.95918e-07 2.16722e-07 1.58177e-07 1.15066e-07 8.34386e-08 6.03183e-08 4.34751e-08 3.12453e-08 2.23935e-08 1.60063e-08 1.14112e-08 8.11475e-09 5.75647e-09 4.07387e-09 2.87646e-09 2.02646e-09 1.42453e-09 9.99285e-10 6.99542e-10 4.88731e-10 3.40785e-10 2.37174e-10 1.6476e-10 1.1425e-10 7.9085e-11 5.465e-11 3.77016e-11 2.59669e-11 1.78562e-11 1.22598e-11 8.40455e-12 5.75309e-12 3.93239e-12 2.68407e-12 1.82948e-12 1.24529e-12 8.46511e-13 5.74684e-13 3.89646e-13 2.63857e-13 1.78457e-13 1.20552e-13 8.13405e-14 5.48195e-14 3.69038e-14 2.48156e-14 1.66688e-14 1.11845e-14 7.49676e-15 5.01975e-15 3.35776e-15 2.24381e-15 1.49795e-15 9.99055e-16 6.6569e-16 4.43151e-16 2.94737e-16 1.95852e-16 1.30028e-16 8.6252e-17 5.7165e-17 3.78553e-17
7.59874e-06 2.08721e-05 3.87074e-05 5.90076e-05 7.94947e-05 9.81438e-05 0.000113437 0.000124457 0.000130862 0.000132789 0.000130719 0.000125347 0.00011746 0.000107847 9.72319e-05 8.62333e-05 7.53479e-05 6.49477e-05 5.52896e-05 4.65302e-05 3.87448e-05 3.19453e-05 2.6098e-05 2.11387e-05 1.69844e-05 1.35437e-05 1.07233e-05 8.43323e-06 6.59018e-06 5.11893e-06 3.95343e-06 3.03671e-06 2.32048e-06 1.76442e-06 1.33528e-06 1.00596e-06 7.54583e-07 5.63677e-07 4.19394e-07 3.10851e-07 2.29553e-07 1.68917e-07 1.23874e-07 9.05441e-08 6.59718e-08 4.79208e-08 3.47057e-08 2.5063e-08 1.80492e-08 1.29633e-08 9.2863e-09 6.63547e-09 4.72973e-09 3.36331e-09 2.38613e-09 1.68907e-09 1.19303e-09 8.40876e-10 5.91447e-10 4.1517e-10 2.9086e-10 2.03382e-10 1.4195e-10 9.88932e-11 6.87748e-11 4.77466e-11 3.30919e-11 2.28974e-11 1.5818e-11 1.09102e-11 7.51358e-12 5.16663e-12 3.54756e-12 2.43236e-12 1.66538e-12 1.13867e-12 7.775e-13 5.30184e-13 3.61069e-13 2.45585e-13 1.6683e-13 1.13192e-13 7.67075e-14 5.19219e-14 3.51045e-14 2.37074e-14 1.59928e-14 1.07769e-14 7.25429e-15 4.87801e-15 3.27674e-15 2.19888e-15 1.4741e-15 9.87255e-16 6.60562e-16 4.41557e-16 2.94888e-16 1.96757e-16 1.31163e-16 8.73592e-17 5.81337e-17
4.49721e-06 1.28913e-05 2.4706e-05 3.87293e-05 5.34816e-05 6.75253e-05 7.96771e-05 8.91179e-05 9.54171e-05 9.84957e-05 9.85542e-05 9.59877e-05 9.13022e-05 8.50436e-05 7.77431e-05 6.98791e-05 6.18556e-05 5.39934e-05 4.65302e-05 3.96278e-05 3.33825e-05 2.78374e-05 2.2995e-05 1.88277e-05 1.52884e-05 1.23182e-05 9.85243e-06 7.82588e-06 6.17556e-06 4.8431e-06 3.77579e-06 2.92723e-06 2.25728e-06 1.73181e-06 1.32221e-06 1.0048e-06 7.60184e-07 5.72667e-07 4.29637e-07 3.21062e-07 2.39017e-07 1.7729e-07 1.31042e-07 9.65301e-08 7.08751e-08 5.18742e-08 3.78513e-08 2.75376e-08 1.9977e-08 1.4452e-08 1.0427e-08 7.50348e-09 5.386e-09 3.8566e-09 2.75492e-09 1.96339e-09 1.39613e-09 9.9059e-10 7.01353e-10 4.95539e-10 3.49415e-10 2.45895e-10 1.72712e-10 1.21083e-10 8.47324e-11 5.91891e-11 4.12741e-11 2.87326e-11 1.99688e-11 1.38555e-11 9.59852e-12 6.63914e-12 4.58522e-12 3.16201e-12 2.17739e-12 1.49723e-12 1.02811e-12 7.05007e-13 4.82801e-13 3.30197e-13 2.25538e-13 1.53858e-13 1.04829e-13 7.13378e-14 4.84887e-14 3.29195e-14 2.23239e-14 1.51216e-14 1.02316e-14 6.91547e-15 4.66913e-15 3.14916e-15 2.12182e-15 1.42817e-15 9.60335e-16 6.4512e-16 4.32953e-16 2.90288e-16 1.94453e-16 1.30138e-16 8.70165e-17
2.66162e-06 7.94818e-06 1.57239e-05 2.53241e-05 3.58185e-05 4.62191e-05 5.56423e-05 6.34113e-05 6.90995e-05 7.25278e-05 7.37313e-05 7.29083e-05 7.03652e-05 6.64654e-05 6.15853e-05 5.60827e-05 5.02749e-05 4.44263e-05 3.87448e-05 3.33825e-05 2.84413e-05 2.39802e-05 2.00234e-05 1.65683e-05 1.35932e-05 1.10635e-05 8.9369e-06 7.1679e-06 5.71047e-06 4.52044e-06 3.55677e-06 2.78245e-06 2.16478e-06 1.67543e-06 1.29022e-06 9.88826e-07 7.54371e-07 5.72982e-07 4.33374e-07 3.26456e-07 2.44958e-07 1.83116e-07 1.36393e-07 1.01237e-07 7.48901e-08 5.52201e-08 4.05886e-08 2.97433e-08 2.17318e-08 1.5833e-08 1.15035e-08 8.33557e-09 6.02434e-09 4.34296e-09 3.12319e-09 2.24065e-09 1.60378e-09 1.14534e-09 8.16154e-10 5.80339e-10 4.11801e-10 2.91616e-10 2.06099e-10 1.4538e-10 1.02356e-10 7.19329e-11 5.04617e-11 3.53374e-11 2.47039e-11 1.72413e-11 1.20133e-11 8.35722e-12 5.80473e-12 4.02566e-12 2.78767e-12 1.92757e-12 1.33092e-12 9.17669e-13 6.31859e-13 4.34478e-13 2.98359e-13 2.0462e-13 1.40153e-13 9.58769e-14 6.55079e-14 4.47044e-14 3.04716e-14 2.0746e-14 1.41085e-14 9.58387e-15 6.50315e-15 4.40796e-15 2.98464e-15 2.01879e-15 1.3641e-15 9.20798e-16 6.20942e-16 4.18326e-16 2.81554e-16 1.89321e-16 1.27184e-16
1.57524e-06 4.89261e-06 9.98076e-06 1.65012e-05 2.38888e-05 3.14841e-05 3.86502e-05 4.48564e-05 4.97251e-05 5.30463e-05 5.47662e-05 5.49607e-05 5.38007e-05 5.15167e-05 4.83664e-05 4.46089e-05 4.04853e-05 3.62062e-05 3.19453e-05 2.78374e-05 2.39802e-05 2.04378e-05 1.72459e-05 1.44177e-05 1.19484e-05 9.82111e-06 8.01036e-06 6.48593e-06 5.21545e-06 4.16646e-06 3.30781e-06 2.61062e-06 2.0488e-06 1.59926e-06 1.24195e-06 9.5975e-07 7.38186e-07 5.65213e-07 4.309e-07 3.27139e-07 2.47371e-07 1.86333e-07 1.39835e-07 1.04565e-07 7.79209e-08 5.78722e-08 4.28433e-08 3.16183e-08 2.32638e-08 1.70667e-08 1.24849e-08 9.10805e-09 6.62681e-09 4.80901e-09 3.48107e-09 2.51366e-09 1.81077e-09 1.30142e-09 9.33229e-10 6.67738e-10 4.76754e-10 3.39686e-10 2.41533e-10 1.71402e-10 1.21399e-10 8.58207e-11 6.05577e-11 4.26544e-11 2.99913e-11 2.10513e-11 1.47513e-11 1.03198e-11 7.20793e-12 5.02652e-12 3.49989e-12 2.43325e-12 1.68918e-12 1.17095e-12 8.10555e-13 5.60304e-13 3.86788e-13 2.66651e-13 1.83587e-13 1.26236e-13 8.66915e-14 5.9461e-14 4.07342e-14 2.7872e-14 1.90488e-14 1.30037e-14 8.867e-15 6.03952e-15 4.10917e-15 2.7928e-15 1.89612e-15 1.286e-15 8.71315e-16 5.89755e-16 3.98786e-16 2.69392e-16 1.81809e-16
9.32286e-07 3.00724e-06 6.3197e-06 1.07175e-05 1.58705e-05 2.13513e-05 2.67139e-05 3.15584e-05 3.5573e-05 3.85541e-05 4.04084e-05 4.11403e-05 4.08327e-05 3.96229e-05 3.76807e-05 3.51876e-05 3.23215e-05 2.9245e-05 2.6098e-05 2.2995e-05 2.00234e-05 1.72459e-05 1.47029e-05 1.24158e-05 1.03911e-05 8.62375e-06 7.1005e-06 5.80273e-06 4.70869e-06 3.79535e-06 3.03973e-06 2.41983e-06 1.91525e-06 1.50754e-06 1.1804e-06 9.19594e-07 7.12965e-07 5.50212e-07 4.22728e-07 3.23399e-07 2.46394e-07 1.86984e-07 1.41359e-07 1.06475e-07 7.99149e-08 5.97751e-08 4.45629e-08 3.31157e-08 2.45328e-08 1.81198e-08 1.33443e-08 9.79963e-09 7.17683e-09 5.24202e-09 3.81893e-09 2.77519e-09 2.01179e-09 1.45491e-09 1.04975e-09 7.55715e-10 5.42844e-10 3.891e-10 2.78318e-10 1.98673e-10 1.41537e-10 1.00638e-10 7.14219e-11 5.05937e-11 3.57748e-11 2.52517e-11 1.77932e-11 1.25165e-11 8.79014e-12 6.16319e-12 4.31448e-12 3.01562e-12 2.10459e-12 1.4666e-12 1.02052e-12 7.09107e-13 4.92033e-13 3.40942e-13 2.35929e-13 1.63045e-13 1.12531e-13 7.75681e-14 5.34013e-14 3.67187e-14 2.52174e-14 1.72981e-14 1.1852e-14 8.11129e-15 5.54497e-15 3.78643e-15 2.58279e-15 1.75989e-15 1.19791e-15 8.14547e-16 5.53307e-16 3.75477e-16 2.54549e-16
5.51761e-07 1.84585e-06 3.9924e-06 6.94001e-06 1.05055e-05 1.44195e-05 1.83784e-05 2.20901e-05 2.53092e-05 2.7857e-05 2.96293e-05 3.05933e-05 3.07772e-05 3.02561e-05 2.91362e-05 2.75406e-05 2.55966e-05 2.34261e-05 2.11387e-05 1.88277e-05 1.65683e-05 1.44177e-05 1.24158e-05 1.0588e-05 8.94705e-06 7.4956e-06 6.22889e-06 5.13676e-06 4.20552e-06 3.41952e-06 2.76234e-06 2.21765e-06 1.76986e-06 1.40454e-06 1.10863e-06 8.70553e-07 6.80234e-07 5.29009e-07 4.09535e-07 3.1566e-07 2.42281e-07 1.85209e-07 1.41028e-07 1.06983e-07 8.08624e-08 6.09049e-08 4.57176e-08 3.42048e-08 2.551e-08 1.89669e-08 1.406e-08 1.03924e-08 7.65992e-09 5.63052e-09 4.12782e-09 3.01838e-09 2.20161e-09 1.60194e-09 1.16284e-09 8.42154e-10 6.08533e-10 4.38757e-10 3.1567e-10 2.2664e-10 1.62389e-10 1.16121e-10 8.28749e-11 5.90352e-11 4.19753e-11 2.97913e-11 2.11065e-11 1.49277e-11 1.05397e-11 7.4293e-12 5.2283e-12 3.67352e-12 2.57708e-12 1.80514e-12 1.26254e-12 8.81743e-13 6.14915e-13 4.28229e-13 2.97808e-13 2.06828e-13 1.43451e-13 9.9364e-14 6.87383e-14 4.74921e-14 3.27724e-14 2.25874e-14 1.55491e-14 1.06915e-14 7.34289e-15 5.03738e-15 3.45191e-15 2.36286e-15 1.61565e-15 1.10356e-15 7.53e-16 5.13271e-16 3.4951e-16
3.26552e-07 1.13154e-06 2.51677e-06 4.48133e-06 6.93059e-06 9.70038e-06 1.2589e-05 1.53892e-05 1.79144e-05 2.00174e-05 2.1599e-05 2.26104e-05 2.30485e-05 2.2948e-05 2.23713e-05 2.13985e-05 2.01182e-05 1.8619e-05 1.69844e-05 1.52884e-05 1.35932e-05 1.19484e-05 1.03911e-05 8.94705e-06 7.63191e-06 6.45307e-06 5.41125e-06 4.50224e-06 3.71828e-06 3.04932e-06 2.48409e-06 2.01082e-06 1.61789e-06 1.29426e-06 1.02966e-06 8.1485e-07 6.41599e-07 5.0274e-07 3.92104e-07 3.0445e-07 2.35375e-07 1.81219e-07 1.38968e-07 1.06157e-07 8.07922e-08 6.12673e-08 4.62997e-08 3.48713e-08 2.61785e-08 1.95908e-08 1.46161e-08 1.08723e-08 8.06427e-09 5.96477e-09 4.39991e-09 3.23704e-09 2.3754e-09 1.73877e-09 1.26967e-09 9.24939e-10 6.72254e-10 4.87503e-10 3.52751e-10 2.54702e-10 1.83523e-10 1.31966e-10 9.47046e-11 6.78322e-11 4.84927e-11 3.46028e-11 2.46466e-11 1.7524e-11 1.24381e-11 8.8133e-12 6.23446e-12 4.40304e-12 3.10465e-12 2.18571e-12 1.53642e-12 1.07838e-12 7.55782e-13 5.28924e-13 3.69636e-13 2.5796e-13 1.79778e-13 1.25124e-13 8.69711e-14 6.03737e-14 4.18571e-14 2.89835e-14 2.00448e-14 1.38461e-14 9.55308e-15 6.58345e-15 4.53176e-15 3.11597e-15 2.14013e-15 1.4683e-15 1.00629e-15 6.88931e-16 4.71171e-16
1.93266e-07 6.92823e-07 1.58339e-06 2.8861e-06 4.55772e-06 6.50195e-06 8.58827e-06 1.06732e-05 1.26192e-05 1.431e-05 1.56591e-05 1.66142e-05 1.71561e-05 1.72949e-05 1.70639e-05 1.65126e-05 1.57003e-05 1.46901e-05 1.35437e-05 1.23182e-05 1.10635e-05 9.82111e-06 8.62375e-06 7.4956e-06 6.45307e-06 5.50584e-06 4.65804e-06 3.9094e-06 3.25634e-06 2.69298e-06 2.21194e-06 1.80509e-06 1.46399e-06 1.18037e-06 9.46341e-07 7.54633e-07 5.98659e-07 4.72575e-07 3.71275e-07 2.90358e-07 2.2608e-07 1.75287e-07 1.35352e-07 1.04104e-07 7.97664e-08 6.08942e-08 4.63222e-08 3.51164e-08 2.6533e-08 1.9983e-08 1.5003e-08 1.123e-08 8.38116e-09 6.23716e-09 4.62875e-09 3.42586e-09 2.52892e-09 1.86205e-09 1.36763e-09 1.00206e-09 7.32475e-10 5.34189e-10 3.88708e-10 2.82229e-10 2.04481e-10 1.47842e-10 1.06675e-10 7.68176e-11 5.52098e-11 3.96048e-11 2.83577e-11 2.02678e-11 1.44601e-11 1.02986e-11 7.32231e-12 5.19748e-12 3.68322e-12 2.60596e-12 1.84089e-12 1.29843e-12 9.14441e-13 6.43058e-13 4.5156e-13 3.16637e-13 2.21719e-13 1.55041e-13 1.0827e-13 7.55084e-14 5.25919e-14 3.65837e-14 2.54164e-14 1.76362e-14 1.22227e-14 8.46091e-15 5.85002e-15 4.04015e-15 2.78706e-15 1.92049e-15 1.32191e-15 9.08916e-16 6.24288e-16
1.14382e-07 4.23732e-07 9.943e-07 1.85414e-06 2.98835e-06 4.3432e-06 5.83657e-06 7.37136e-06 8.84889e-06 1.01802e-05 1.12942e-05 1.21418e-05 1.26973e-05 1.29568e-05 1.29349e-05 1.26601e-05 1.21709e-05 1.15104e-05 1.07233e-05 9.85243e-06 8.9369e-06 8.01036e-06 7.1005e-06 6.22889e-06 5.41125e-06 4.65804e-06 3.97518e-06 3.36485e-06 2.82631e-06 2.35664e-06 1.9514e-06 1.60517e-06 1.31207e-06 1.06605e-06 8.61195e-07 6.91883e-07 5.52933e-07 4.39658e-07 3.47895e-07 2.74001e-07 2.14836e-07 1.67719e-07 1.3039e-07 1.00963e-07 7.78737e-08 5.98399e-08 4.58158e-08 3.49555e-08 2.6579e-08 2.01434e-08 1.52174e-08 1.14604e-08 8.60513e-09 6.44238e-09 4.80954e-09 3.58066e-09 2.65863e-09 1.96888e-09 1.45438e-09 1.07167e-09 7.8777e-10 5.77718e-10 4.22705e-10 3.08595e-10 2.24798e-10 1.63407e-10 1.18535e-10 8.58099e-11 6.19965e-11 4.47048e-11 3.21749e-11 2.31139e-11 1.65745e-11 1.18641e-11 8.47763e-12 6.04746e-12 4.30671e-12 3.06202e-12 2.17357e-12 1.54049e-12 1.09011e-12 7.70244e-13 5.43428e-13 3.82845e-13 2.69329e-13 1.89206e-13 1.32736e-13 9.29945e-14 6.5065e-14 4.54644e-14 3.17278e-14 2.21136e-14 1.53937e-14 1.07028e-14 7.43245e-15 5.15531e-15 3.5717e-15 2.47173e-15 1.7086e-15 1.17978e-15 8.13747e-16
6.76953e-08 2.58884e-07 6.23283e-07 1.1884e-06 1.95388e-06 2.89185e-06 3.95224e-06 5.07089e-06 6.17856e-06 7.20921e-06 8.10648e-06 8.82789e-06 9.34678e-06 9.65225e-06 9.74753e-06 9.64747e-06 9.37544e-06 8.96025e-06 8.43323e-06 7.82588e-06 7.1679e-06 6.48593e-06 5.80273e-06 5.13676e-06 4.50224e-06 3.9094e-06 3.36485e-06 2.87216e-06 2.43237e-06 2.04459e-06 1.70649e-06 1.41471e-06 1.1653e-06 9.53982e-07 7.76416e-07 6.28361e-07 5.0581e-07 4.05064e-07 3.22781e-07 2.5599e-07 2.02092e-07 1.58839e-07 1.24313e-07 9.68932e-08 7.52229e-08 5.81759e-08 4.48259e-08 3.44158e-08 2.63319e-08 2.00791e-08 1.52614e-08 1.1563e-08 8.73399e-09 6.57752e-09 4.93917e-09 3.69848e-09 2.76188e-09 2.05697e-09 1.52801e-09 1.13221e-09 8.36872e-10 6.17091e-10 4.53965e-10 3.332e-10 2.44017e-10 1.78316e-10 1.30029e-10 9.46207e-11 6.87151e-11 4.98033e-11 3.60264e-11 2.60112e-11 1.87454e-11 1.34846e-11 9.68305e-12 6.9411e-12 4.96711e-12 3.54857e-12 2.531e-12 1.80232e-12 1.28141e-12 9.0965e-13 6.44765e-13 4.56335e-13 3.22502e-13 2.27593e-13 1.60389e-13 1.12873e-13 7.93259e-14 5.56753e-14 3.90248e-14 2.73187e-14 1.90999e-14 1.33371e-14 9.30162e-15 6.47939e-15 4.50813e-15 3.13295e-15 2.17476e-15 1.50793e-15 1.0444e-15
4.00646e-08 1.58014e-07 3.90064e-07 7.6004e-07 1.27414e-06 1.91964e-06 2.66716e-06 3.47534e-06 4.29664e-06 5.0832e-06 5.79176e-06 6.38737e-06 6.84539e-06 7.15226e-06 7.30492e-06 7.30943e-06 7.17906e-06 6.93218e-06 6.59018e-06 6.17556e-06 5.71047e-06 5.21545e-06 4.70869e-06 4.20552e-06 3.71828e-06 3.25634e-06 2.82631e-06 2.43237e-06 2.0766e-06 1.75943e-06 1.47997e-06 1.23636e-06 1.02609e-06 8.46278e-07 6.93811e-07 5.65567e-07 4.58506e-07 3.69761e-07 2.9669e-07 2.36906e-07 1.88287e-07 1.48974e-07 1.17359e-07 9.20674e-08 7.19349e-08 5.59859e-08 4.34088e-08 3.35344e-08 2.58147e-08 1.98041e-08 1.51426e-08 1.15411e-08 8.76863e-09 6.64199e-09 5.01629e-09 3.77764e-09 2.83691e-09 2.12467e-09 1.58704e-09 1.1824e-09 8.7872e-10 6.5144e-10 4.81794e-10 3.55498e-10 2.61714e-10 1.92243e-10 1.40908e-10 1.03062e-10 7.52257e-11 5.47966e-11 3.98365e-11 2.89048e-11 2.09331e-11 1.51319e-11 1.09186e-11 7.86442e-12 5.65471e-12 4.05895e-12 2.90864e-12 2.08092e-12 1.48635e-12 1.05999e-12 7.54769e-13 5.36618e-13 3.80951e-13 2.70046e-13 1.91154e-13 1.35119e-13 9.53778e-14 6.72338e-14 4.73312e-14 3.32764e-14 2.33649e-14 1.63847e-14 1.14755e-14 8.02736e-15 5.60852e-15 3.91387e-15 2.72808e-15 1.89936e-15 1.32089e-15
2.37117e-08 9.63571e-08 2.4373e-07 4.85078e-07 8.28801e-07 1.27061e-06 1.79414e-06 2.37342e-06 2.97652e-06 3.56949e-06 4.12e-06 4.60033e-06 4.98926e-06 5.27309e-06 5.44567e-06 5.50782e-06 5.46619e-06 5.33186e-06 5.11893e-06 4.8431e-06 4.52044e-06 4.16646e-06 3.79535e-06 3.41952e-06 3.04932e-06 2.69298e-06 2.35664e-06 2.04459e-06 1.75943e-06 1.50236e-06 1.27343e-06 1.07186e-06 8.96187e-07 7.44547e-07 6.1481e-07 5.04728e-07 4.12048e-07 3.34589e-07 2.70297e-07 2.17281e-07 1.73835e-07 1.3844e-07 1.09765e-07 8.66599e-08 6.81371e-08 5.33608e-08 4.16284e-08 3.2355e-08 2.50569e-08 1.93373e-08 1.48729e-08 1.14017e-08 8.71275e-09 6.6374e-09 5.0412e-09 3.81768e-09 2.8829e-09 2.17098e-09 1.63047e-09 1.22131e-09 9.12495e-10 6.80065e-10 5.05608e-10 3.75013e-10 2.77506e-10 2.04888e-10 1.50939e-10 1.10955e-10 8.13914e-11 5.95817e-11 4.35283e-11 3.17376e-11 2.3096e-11 1.67756e-11 1.21623e-11 8.80174e-12 6.35841e-12 4.58536e-12 3.30109e-12 2.37255e-12 1.7024e-12 1.21957e-12 8.72308e-13 6.22959e-13 4.44211e-13 3.1628e-13 2.24862e-13 1.59639e-13 1.13174e-13 8.01216e-14 5.6645e-14 3.99937e-14 2.82e-14 1.98583e-14 1.39664e-14 9.81024e-15 6.88241e-15 4.82253e-15 3.37513e-15 2.35937e-15 1.6474e-15
1.40335e-08 5.87078e-08 1.5207e-07 3.08985e-07 5.37845e-07 8.38731e-07 1.2032e-06 1.61547e-06 2.05453e-06 2.49681e-06 2.9187e-06 3.29884e-06 3.6198e-06 3.86905e-06 4.03941e-06 4.12879e-06 4.13968e-06 4.07827e-06 3.95343e-06 3.77579e-06 3.55677e-06 3.30781e-06 3.03973e-06 2.76234e-06 2.48409e-06 2.21194e-06 1.9514e-06 1.70649e-06 1.47997e-06 1.27343e-06 1.08755e-06 9.22197e-07 7.76692e-07 6.49916e-07 5.40472e-07 4.468e-07 3.67269e-07 3.00252e-07 2.44182e-07 1.97586e-07 1.59108e-07 1.27528e-07 1.01756e-07 8.08414e-08 6.39568e-08 5.03942e-08 3.95525e-08 3.09258e-08 2.40921e-08 1.87018e-08 1.44676e-08 1.11546e-08 8.57244e-09 6.56726e-09 5.01571e-09 3.81933e-09 2.8999e-09 2.19561e-09 1.6578e-09 1.24839e-09 9.37634e-10 7.02448e-10 5.2495e-10 3.91356e-10 2.91073e-10 2.15988e-10 1.59912e-10 1.18134e-10 8.70838e-11 6.406e-11 4.70266e-11 3.4453e-11 2.51916e-11 1.83844e-11 1.33913e-11 9.73628e-12 7.06608e-12 5.1191e-12 3.70215e-12 2.67285e-12 1.9265e-12 1.38629e-12 9.9595e-13 7.14393e-13 5.11639e-13 3.65873e-13 2.61245e-13 1.86264e-13 1.32613e-13 9.42814e-14 6.69365e-14 4.74577e-14 3.36021e-14 2.37603e-14 1.67793e-14 1.18342e-14 8.33605e-15 5.86467e-15 4.12096e-15 2.89223e-15 2.02747e-15
8.30551e-09 3.57397e-08 9.47488e-08 1.96454e-07 3.48249e-07 5.52216e-07 8.04565e-07 1.09607e-06 1.41325e-06 1.74005e-06 2.05957e-06 2.35577e-06 2.61481e-06 2.82596e-06 2.9821e-06 3.07981e-06 3.11911e-06 3.10298e-06 3.03671e-06 2.92723e-06 2.78245e-06 2.61062e-06 2.41983e-06 2.21765e-06 2.01082e-06 1.80509e-06 1.60517e-06 1.41471e-06 1.23636e-06 1.07186e-06 9.22197e-07 7.87702e-07 6.68188e-07 5.63082e-07 4.71527e-07 3.92483e-07 3.24805e-07 2.67311e-07 2.18825e-07 1.78219e-07 1.44434e-07 1.16499e-07 9.35384e-08 7.4772e-08 5.95163e-08 4.71785e-08 3.72496e-08 2.92971e-08 2.29565e-08 1.79232e-08 1.39445e-08 1.08121e-08 8.35569e-09 6.43667e-09 4.94294e-09 3.78436e-09 2.88881e-09 2.19886e-09 1.66903e-09 1.26342e-09 9.53843e-10 7.18263e-10 5.39504e-10 4.04238e-10 3.02159e-10 2.25328e-10 1.67648e-10 1.24455e-10 9.21876e-11 6.81404e-11 5.02606e-11 3.69966e-11 2.71786e-11 1.99269e-11 1.4582e-11 1.06507e-11 7.76497e-12 5.65089e-12 4.10511e-12 2.97701e-12 2.15524e-12 1.55771e-12 1.124e-12 8.09742e-13 5.82429e-13 4.18279e-13 2.99937e-13 2.14755e-13 1.5354e-13 1.09616e-13 7.81462e-14 5.56338e-14 3.95526e-14 2.80819e-14 1.99115e-14 1.40999e-14 9.97173e-15 7.04333e-15 4.96875e-15 3.50095e-15 2.46379e-15
4.91551e-09 2.17406e-08 5.89564e-08 1.24687e-07 2.25009e-07 3.62683e-07 5.36522e-07 7.41419e-07 9.68955e-07 1.2084e-06 1.44791e-06 1.67568e-06 1.88103e-06 2.05515e-06 2.19161e-06 2.28657e-06 2.33873e-06 2.34907e-06 2.32048e-06 2.25728e-06 2.16478e-06 2.0488e-06 1.91525e-06 1.76986e-06 1.61789e-06 1.46399e-06 1.31207e-06 1.1653e-06 1.02609e-06 8.96187e-07 7.76692e-07 6.68188e-07 5.7082e-07 4.84382e-07 4.08408e-07 3.42244e-07 2.85118e-07 2.36192e-07 1.94605e-07 1.59507e-07 1.30086e-07 1.05581e-07 8.52945e-08 6.8597e-08 5.49297e-08 4.38015e-08 3.47866e-08 2.75189e-08 2.16871e-08 1.70284e-08 1.33229e-08 1.03876e-08 8.07191e-09 6.25199e-09 4.82706e-09 3.71542e-09 2.85121e-09 2.18164e-09 1.66457e-09 1.26653e-09 9.61081e-10 7.27378e-10 5.49093e-10 4.1347e-10 3.10585e-10 2.32744e-10 1.74007e-10 1.29797e-10 9.66038e-11 7.1743e-11 5.31667e-11 3.93183e-11 2.90178e-11 2.13731e-11 1.57117e-11 1.15278e-11 8.44217e-12 6.17113e-12 4.50291e-12 3.27985e-12 2.38486e-12 1.73115e-12 1.25453e-12 9.07649e-13 6.55628e-13 4.72837e-13 3.40482e-13 2.44803e-13 1.75748e-13 1.25987e-13 9.0185e-14 6.44656e-14 4.60168e-14 3.28027e-14 2.33517e-14 1.66016e-14 1.17873e-14 8.35841e-15 5.91948e-15 4.18701e-15 2.95796e-15
