0.59197 0.0229925 0.0172443 0.0129333 0.00969995 0.00727496 0.00545622 0.00409216 0.00306912 0.00230184 0.00172638 0.00129479 0.00097109 0.000728317 0.000546238 0.000409679 0.000307259 0.000230444 0.000172833 0.000129625 9.72186e-05 7.2914e-05 5.46855e-05 4.10141e-05 3.07606e-05 2.30704e-05 1.73028e-05 1.29771e-05 9.73284e-06 7.29963e-06 5.47472e-06 4.10604e-06 3.07953e-06 2.30965e-06 1.73224e-06 1.29918e-06 9.74383e-07 7.30787e-07 5.48091e-07 4.11068e-07 3.08301e-07 2.31226e-07 1.73419e-07 1.30064e-07 9.75483e-08 7.31613e-08 5.48709e-08 4.11532e-08 3.08649e-08 2.31487e-08 1.73615e-08 1.30211e-08 9.76585e-09 7.32439e-09 5.49329e-09 4.11997e-09 3.08998e-09 2.31748e-09 1.73811e-09 1.30358e-09 9.77688e-10 7.33266e-10 5.49949e-10 4.12462e-10 3.09346e-10 2.3201e-10 1.74007e-10 1.30506e-10 9.78791e-11 7.34094e-11 5.5057e-11 4.12928e-11 3.09696e-11 2.32272e-11 1.74204e-11 1.30653e-11 9.79897e-12 7.34923e-12 5.51192e-12 4.13394e-12 3.10045e-12 2.32534e-12 1.74401e-12 1.308e-12 9.81003e-13 7.35752e-13 5.51814e-13 4.13861e-13 3.10396e-13 2.32797e-13 1.74597e-13 1.30948e-13 9.82111e-14 7.36583e-14 5.52437e-14 4.14328e-14 3.10746e-14 2.3306e-14 1.74795e-14 1.31096e-14 9.8322e-15
0.0229925 0.007267 0.00582998 0.00465727 0.00370655 0.00294011 0.00232523 0.00183403 0.0014431 0.00113302 0.000887777 0.000694344 0.000542141 0.000422644 0.000329011 0.000255779 0.0001986 0.000154025 0.000119324 9.23476e-05 7.14015e-05 5.51567e-05 4.25717e-05 3.28319e-05 2.53013e-05 1.9484e-05 1.4994e-05 1.15312e-05 8.86275e-06 6.8078e-06 5.22641e-06 4.01022e-06 3.07548e-06 2.35747e-06 1.80624e-06 1.38329e-06 1.05892e-06 8.10285e-07 6.19783e-07 4.73889e-07 3.62205e-07 2.76746e-07 2.11378e-07 1.61398e-07 1.23196e-07 9.40081e-08 7.17144e-08 5.4692e-08 4.16986e-08 3.17837e-08 2.42201e-08 1.84518e-08 1.40539e-08 1.07017e-08 8.14724e-09 6.20115e-09 4.7189e-09 3.59021e-09 2.73093e-09 2.0769e-09 1.57921e-09 1.20055e-09 9.12523e-10 6.93475e-10 5.26918e-10 4.00297e-10 3.04055e-10 2.30915e-10 1.75341e-10 1.33122e-10 1.01054e-10 7.66999e-11 5.82069e-11 4.41666e-11 3.35086e-11 2.54191e-11 1.92801e-11 1.46219e-11 1.10878e-11 8.40689e-12 6.37344e-12 4.83129e-12 3.66187e-12 2.7752e-12 2.103e-12 1.59345e-12 1.20724e-12 9.14545e-13 6.92743e-13 5.24684e-13 3.97357e-13 3.00902e-13 2.27839e-13 1.72501e-13 1.30592e-13 9.88566e-14 7.48267e-14 5.66332e-14 4.28598e-14 3.24335e-14 2.45417e-14
0.0172443 0.00582998 0.00477729 0.00389284 0.00315674 0.00254892 0.00205035 0.00164375 0.00131379 0.00104719 0.000832615 0.000660506 0.000522884 0.000413145 0.00032586 0.000256594 0.000201744 0.000158394 0.000124194 9.72566e-05 7.60732e-05 5.94383e-05 4.63927e-05 3.6175e-05 2.81815e-05 2.1935e-05 1.70588e-05 1.3256e-05 1.02932e-05 7.98681e-06 6.19296e-06 4.79884e-06 3.71622e-06 2.8761e-06 2.22462e-06 1.71975e-06 1.32875e-06 1.02612e-06 7.92023e-07 6.11042e-07 4.71199e-07 3.632e-07 2.79835e-07 2.15515e-07 1.65913e-07 1.27677e-07 9.82168e-08 7.55266e-08 5.80579e-08 4.46144e-08 3.42724e-08 2.63194e-08 2.02055e-08 1.55072e-08 1.18979e-08 9.126e-09 6.99794e-09 5.36466e-09 4.1115e-09 3.15025e-09 2.41314e-09 1.84804e-09 1.41494e-09 1.08309e-09 8.28878e-10 6.34192e-10 4.85129e-10 3.71023e-10 2.83698e-10 2.16881e-10 1.65769e-10 1.26677e-10 9.67863e-11 7.39346e-11 5.64681e-11 4.31202e-11 3.29218e-11 2.51311e-11 1.91809e-11 1.4637e-11 1.11678e-11 8.51953e-12 6.49824e-12 4.95575e-12 3.77885e-12 2.88102e-12 2.19619e-12 1.67392e-12 1.27567e-12 9.72037e-13 7.40576e-13 5.64157e-13 4.29709e-13 3.27261e-13 2.49207e-13 1.89746e-13 1.44456e-13 1.09962e-13 8.36957e-14 6.36961e-14 4.84701e-14
0.0129333 0.00465727 0.00389284 0.00323094 0.00266533 0.00218715 0.00178646 0.00145319 0.00117777 0.000951413 0.000766271 0.000615488 0.000493153 0.000394236 0.000314501 0.000250407 0.000199017 0.000157909 0.000125096 9.89567e-05 7.81718e-05 6.16727e-05 4.85967e-05 3.8249e-05 3.00719e-05 2.36185e-05 1.85318e-05 1.4527e-05 1.13776e-05 8.90336e-06 6.96156e-06 5.43904e-06 4.24635e-06 3.31284e-06 2.58278e-06 2.01229e-06 1.56682e-06 1.21923e-06 9.48194e-07 7.36994e-07 5.72525e-07 4.44526e-07 3.44969e-07 2.67577e-07 2.0745e-07 1.60759e-07 1.24522e-07 9.64118e-08 7.46159e-08 5.7724e-08 4.46385e-08 3.45062e-08 2.66638e-08 2.05964e-08 1.5904e-08 1.22764e-08 9.47311e-09 7.30756e-09 5.63526e-09 4.34432e-09 3.3481e-09 2.57957e-09 1.98688e-09 1.52994e-09 1.17776e-09 9.06413e-10 6.97397e-10 5.36442e-10 4.12532e-10 3.17165e-10 2.43787e-10 1.87341e-10 1.43931e-10 1.10556e-10 8.49005e-11 6.51848e-11 5.0037e-11 3.84013e-11 2.94654e-11 2.26044e-11 1.73375e-11 1.32953e-11 1.01936e-11 7.81411e-12 5.98895e-12 4.58928e-12 3.51612e-12 2.69344e-12 2.06289e-12 1.5797e-12 1.20949e-12 9.25893e-13 7.08681e-13 5.42342e-13 4.14982e-13 3.17483e-13 2.42855e-13 1.85743e-13 1.42041e-13 1.08606e-13 8.30301e-14
0.00969995 0.00370655 0.00315674 0.00266533 0.00223395 0.00186059 0.00154114 0.00127037 0.00104268 0.000852527 0.000694642 0.000564225 0.000456986 0.000369163 0.000297501 0.000239218 0.000191958 0.00015374 0.000122911 9.81002e-05 7.81751e-05 6.22052e-05 4.94291e-05 3.92255e-05 3.10897e-05 2.46123e-05 1.94627e-05 1.53742e-05 1.21323e-05 9.56478e-06 7.53365e-06 5.92861e-06 4.66159e-06 3.66238e-06 2.87511e-06 2.25539e-06 1.76798e-06 1.38495e-06 1.08417e-06 8.48176e-07 6.63138e-07 5.18158e-07 4.04641e-07 3.15816e-07 2.46356e-07 1.92072e-07 1.49674e-07 1.16577e-07 9.07551e-08 7.06201e-08 5.49276e-08 4.27033e-08 3.31855e-08 2.57784e-08 2.00164e-08 1.55363e-08 1.20543e-08 9.34924e-09 7.24857e-09 5.6179e-09 4.35257e-09 3.37109e-09 2.61007e-09 2.0202e-09 1.56315e-09 1.20913e-09 9.35008e-10 7.22819e-10 5.58624e-10 4.31606e-10 3.33377e-10 2.57434e-10 1.98739e-10 1.53387e-10 1.18354e-10 9.12995e-11 7.04124e-11 5.42908e-11 4.18506e-11 3.22536e-11 2.48517e-11 1.91442e-11 1.47444e-11 1.13533e-11 8.74029e-12 6.7273e-12 5.17688e-12 3.98299e-12 3.06384e-12 2.35635e-12 1.81189e-12 1.39297e-12 1.07071e-12 8.22863e-13 6.32273e-13 4.85743e-13 3.73108e-13 2.86543e-13 2.20025e-13 1.68921e-13 1.29666e-13
0.00727496 0.00294011 0.00254892 0.00218715 0.00186059 0.00157119 0.00131839 0.00110013 0.000913509 0.000755237 0.000621942 0.000510361 0.000417452 0.000340454 0.000276909 0.000224664 0.000181857 0.000146891 0.000118412 9.52768e-05 7.65277e-05 6.13673e-05 4.91341e-05 3.92822e-05 3.13624e-05 2.50065e-05 1.9914e-05 1.58398e-05 1.2585e-05 9.98827e-06 7.91921e-06 6.27261e-06 4.96371e-06 3.92441e-06 3.10004e-06 2.44681e-06 1.92968e-06 1.52068e-06 1.19748e-06 9.42299e-07 7.40987e-07 5.82295e-07 4.57296e-07 3.58906e-07 2.81516e-07 2.20684e-07 1.729e-07 1.35388e-07 1.05958e-07 8.28827e-08 6.48002e-08 5.0638e-08 3.95523e-08 3.08792e-08 2.40971e-08 1.87964e-08 1.46555e-08 1.1422e-08 8.89841e-09 6.92962e-09 5.39436e-09 4.19765e-09 3.26523e-09 2.53901e-09 1.97362e-09 1.53361e-09 1.19129e-09 9.25085e-10 7.18133e-10 5.57304e-10 4.3236e-10 3.35327e-10 2.59994e-10 2.01527e-10 1.56164e-10 1.20978e-10 9.36949e-11 7.25452e-11 5.61549e-11 4.34565e-11 3.36212e-11 2.60054e-11 2.01099e-11 1.55472e-11 1.20169e-11 9.28606e-12 7.1742e-12 5.5414e-12 4.27927e-12 3.30391e-12 2.55031e-12 1.9682e-12 1.51865e-12 1.17154e-12 9.03587e-13 6.96786e-13 5.37212e-13 4.14105e-13 3.19149e-13 2.45923e-13 1.89463e-13
0.00545622 0.00232523 0.00205035 0.00178646 0.00154114 0.00131839 0.00111974 0.00094508 0.000793288 0.000662631 0.000551082 0.000456511 0.000376823 0.000310035 0.000254325 0.000208054 0.00016977 0.000138205 0.000112262 9.10031e-05 7.36284e-05 5.94638e-05 4.79428e-05 3.85923e-05 3.10185e-05 2.48954e-05 1.99538e-05 1.59725e-05 1.27698e-05 1.01974e-05 8.13398e-06 6.48117e-06 5.15891e-06 4.10238e-06 3.25915e-06 2.58689e-06 2.05151e-06 1.62556e-06 1.28701e-06 1.01818e-06 8.04894e-07 6.35824e-07 5.01915e-07 3.95939e-07 3.12134e-07 2.4591e-07 1.93617e-07 1.52353e-07 1.19814e-07 9.41709e-08 7.39756e-08 5.80803e-08 4.55768e-08 3.57471e-08 2.80236e-08 2.19583e-08 1.71978e-08 1.34632e-08 1.05349e-08 8.24003e-09 6.44232e-09 5.03474e-09 3.93312e-09 3.07133e-09 2.39745e-09 1.87073e-09 1.45919e-09 1.13778e-09 8.86851e-10 6.91026e-10 5.3826e-10 4.19129e-10 3.26259e-10 2.53886e-10 1.97507e-10 1.53601e-10 1.19419e-10 9.28174e-11 7.21207e-11 5.60232e-11 4.35067e-11 3.37774e-11 2.62169e-11 2.03434e-11 1.57816e-11 1.22398e-11 9.49042e-12 7.35685e-12 5.70158e-12 4.41769e-12 3.42212e-12 2.65031e-12 2.05211e-12 1.58858e-12 1.22948e-12 9.51355e-13 7.35991e-13 5.69262e-13 4.40214e-13 3.40351e-13 2.63091e-13
0.00409216 0.00183403 0.00164375 0.00145319 0.00127037 0.00110013 0.00094508 0.000806261 0.000683662 0.000576597 0.000483972 0.00040448 0.000336729 0.000279334 0.00023097 0.00019041 0.000156541 0.000128367 0.000105014 8.57196e-05 6.98246e-05 5.67663e-05 4.60655e-05 3.73173e-05 3.0181e-05 2.43717e-05 1.96516e-05 1.58236e-05 1.27243e-05 1.02191e-05 8.19723e-06 6.56777e-06 5.25639e-06 4.20239e-06 3.35631e-06 2.67796e-06 2.1347e-06 1.7001e-06 1.35281e-06 1.07555e-06 8.54421e-07 6.78224e-07 5.37954e-07 4.26382e-07 3.3771e-07 2.67295e-07 2.11421e-07 1.67118e-07 1.32016e-07 1.04224e-07 8.22338e-08 6.4846e-08 5.11062e-08 4.02557e-08 3.16921e-08 2.49373e-08 1.96124e-08 1.5417e-08 1.21133e-08 9.51304e-09 7.46759e-09 5.85933e-09 4.59545e-09 3.60266e-09 2.82319e-09 2.21146e-09 1.7316e-09 1.35534e-09 1.06043e-09 8.29386e-10 6.48445e-10 5.06798e-10 3.95955e-10 3.09249e-10 2.41448e-10 1.88451e-10 1.47039e-10 1.14691e-10 8.9432e-11 6.97146e-11 5.43281e-11 4.23252e-11 3.29646e-11 2.56669e-11 1.99793e-11 1.55477e-11 1.20959e-11 9.40793e-12 7.3154e-12 5.68684e-12 4.41973e-12 3.4341e-12 2.66763e-12 2.07173e-12 1.60857e-12 1.24867e-12 9.69068e-13 7.51908e-13 5.83283e-13 4.52376e-13 3.50773e-13
0.00306912 0.0014431 0.00131379 0.00117777 0.00104268 0.000913509 0.000793288 0.000683662 0.000585286 0.000498143 0.000421774 0.000355449 0.000298293 0.000249371 0.000207744 0.000172509 0.000142826 0.000117926 9.71191e-05 7.97927e-05 6.54114e-05 5.35101e-05 4.36882e-05 3.5603e-05 2.89634e-05 2.35229e-05 1.90743e-05 1.5444e-05 1.24868e-05 1.00821e-05 8.13003e-06 6.54778e-06 5.26723e-06 4.2323e-06 3.39702e-06 2.72374e-06 2.1817e-06 1.74584e-06 1.39575e-06 1.11486e-06 8.89731e-07 7.09465e-07 5.65264e-07 4.5002e-07 3.57999e-07 2.84586e-07 2.26066e-07 1.79456e-07 1.4236e-07 1.12859e-07 8.9415e-08 7.07973e-08 5.60227e-08 4.43055e-08 3.50192e-08 2.7664e-08 2.18419e-08 1.72361e-08 1.35946e-08 1.07171e-08 8.4445e-09 6.65069e-09 5.2355e-09 4.11957e-09 3.24007e-09 2.54723e-09 2.0017e-09 1.57235e-09 1.23459e-09 9.69004e-10 7.60255e-10 5.96248e-10 4.67448e-10 3.66337e-10 2.86994e-10 2.24757e-10 1.75955e-10 1.37704e-10 1.07732e-10 8.42566e-11 6.58754e-11 5.14881e-11 4.02306e-11 3.1425e-11 2.45394e-11 1.9157e-11 1.49508e-11 1.16649e-11 9.09864e-12 7.09501e-12 5.53113e-12 4.31082e-12 3.35887e-12 2.61646e-12 2.03764e-12 1.58648e-12 1.2349e-12 9.61013e-13 7.47691e-13 5.81586e-13 4.52279e-13
0.00230184 0.00113302 0.00104719 0.000951413 0.000852527 0.000755237 0.000662631 0.000576597 0.000498143 0.000427657 0.000365094 0.000310125 0.000262244 0.000220848 0.000185291 0.000154925 0.000129126 0.000107308 8.89346e-05 7.35199e-05 6.06329e-05 4.98936e-05 4.09706e-05 3.35771e-05 2.74667e-05 2.24286e-05 1.82841e-05 1.48817e-05 1.20942e-05 9.81465e-06 7.95382e-06 6.43733e-06 5.20343e-06 4.20097e-06 3.38772e-06 2.72887e-06 2.19581e-06 1.76506e-06 1.41741e-06 1.13714e-06 9.11458e-07 7.29912e-07 5.84025e-07 4.66908e-07 3.72976e-07 2.9771e-07 2.37452e-07 1.89252e-07 1.50729e-07 1.19965e-07 9.54154e-08 7.58403e-08 6.02429e-08 4.78238e-08 3.79421e-08 3.00847e-08 2.38408e-08 1.88823e-08 1.4947e-08 1.18256e-08 9.35124e-09 7.39088e-09 5.8386e-09 4.61013e-09 3.63842e-09 2.87021e-09 2.26318e-09 1.78375e-09 1.40528e-09 1.10664e-09 8.71112e-10 6.85433e-10 5.39118e-10 4.23872e-10 3.33135e-10 2.61724e-10 2.05546e-10 1.61368e-10 1.26641e-10 9.93532e-11 7.79186e-11 6.10881e-11 4.78773e-11 3.75114e-11 2.93805e-11 2.3005e-11 1.80074e-11 1.40913e-11 1.10236e-11 8.62125e-12 6.74051e-12 5.26858e-12 4.11695e-12 3.21617e-12 2.51181e-12 1.96119e-12 1.53088e-12 1.19468e-12 9.3208e-13 7.27022e-13 5.66938e-13
0.00172638 0.000887777 0.000832615 0.000766271 0.000694642 0.000621942 0.000551082 0.000483972 0.000421774 0.000365094 0.000314147 0.000268868 0.000229011 0.000194213 0.000164048 0.000138064 0.000115806 9.68347e-05 8.07381e-05 6.71366e-05 5.56863e-05 4.60803e-05 3.8047e-05 3.13488e-05 2.5779e-05 2.11593e-05 1.73368e-05 1.41811e-05 1.15813e-05 9.4437e-06 7.68949e-06 6.25245e-06 5.07722e-06 4.11765e-06 3.33536e-06 2.69853e-06 2.18083e-06 1.76054e-06 1.41977e-06 1.1438e-06 9.20579e-07 7.40226e-07 5.94667e-07 4.77313e-07 3.82792e-07 3.06737e-07 2.45597e-07 1.96491e-07 1.57087e-07 1.25493e-07 1.00182e-07 7.99214e-08 6.37156e-08 5.07628e-08 4.04176e-08 3.21609e-08 2.55755e-08 2.03266e-08 1.61458e-08 1.28177e-08 1.01701e-08 8.06509e-09 6.39247e-09 5.06416e-09 4.00988e-09 3.17354e-09 2.51045e-09 1.98499e-09 1.5688e-09 1.23932e-09 9.78614e-10 7.72421e-10 6.09418e-10 4.80617e-10 3.78886e-10 2.98571e-10 2.35191e-10 1.85194e-10 1.45772e-10 1.147e-10 9.02183e-11 7.09374e-11 5.57578e-11 4.38116e-11 3.44135e-11 2.70225e-11 2.12121e-11 1.66458e-11 1.30584e-11 1.0241e-11 8.02906e-12 6.29302e-12 4.93091e-12 3.86252e-12 3.02476e-12 2.36806e-12 1.85342e-12 1.45024e-12 1.13446e-12 8.87211e-13 6.93669e-13
0.00129479 0.000694344 0.000660506 0.000615488 0.000564225 0.000510361 0.000456511 0.00040448 0.000355449 0.000310125 0.000268868 0.000231783 0.000198797 0.000169721 0.000144289 0.000122197 0.000103122 8.67389e-05 7.27375e-05 6.08238e-05 5.0727e-05 4.22016e-05 3.50273e-05 2.9009e-05 2.3975e-05 1.97758e-05 1.62818e-05 1.33815e-05 1.09794e-05 8.99415e-06 7.35661e-06 6.00845e-06 4.90051e-06 3.99154e-06 3.247e-06 2.63809e-06 2.14083e-06 1.73533e-06 1.40509e-06 1.1365e-06 9.1831e-07 7.4128e-07 5.97808e-07 4.81661e-07 3.87735e-07 3.11855e-07 2.50615e-07 2.01238e-07 1.61462e-07 1.29449e-07 1.03706e-07 8.30228e-08 6.64179e-08 5.30978e-08 4.24208e-08 3.38689e-08 2.70239e-08 2.15491e-08 1.71731e-08 1.36778e-08 1.08876e-08 8.66181e-09 6.88729e-09 5.4734e-09 4.3475e-09 3.45145e-09 2.73872e-09 2.17211e-09 1.72191e-09 1.36438e-09 1.0806e-09 8.55455e-10 6.76925e-10 5.35423e-10 4.23322e-10 3.34554e-10 2.64293e-10 2.08705e-10 1.64744e-10 1.29994e-10 1.02535e-10 8.08463e-11 6.37223e-11 5.02075e-11 3.95453e-11 3.11366e-11 2.45076e-11 1.92836e-11 1.51681e-11 1.19272e-11 9.37574e-12 7.36782e-12 5.78815e-12 4.5458e-12 3.56905e-12 2.80135e-12 2.19816e-12 1.72436e-12 1.35231e-12 1.06024e-12 8.31027e-13
0.00097109 0.000542141 0.000522884 0.000493153 0.000456986 0.000417452 0.000376823 0.000336729 0.000298293 0.000262244 0.000229011 0.000198797 0.000171646 0.000147485 0.000126166 0.000107492 9.12425e-05 7.71833e-05 6.50825e-05 5.47161e-05 4.58735e-05 3.83601e-05 3.19991e-05 2.66317e-05 2.21166e-05 1.83293e-05 1.5161e-05 1.25173e-05 1.03164e-05 8.48833e-06 6.97304e-06 5.71952e-06 4.6845e-06 3.83142e-06 3.12949e-06 2.55288e-06 2.07993e-06 1.69258e-06 1.37579e-06 1.11706e-06 9.06014e-07 7.34087e-07 5.94194e-07 4.80497e-07 3.88194e-07 3.13339e-07 2.52698e-07 2.0362e-07 1.63938e-07 1.31885e-07 1.06016e-07 8.51571e-08 6.8352e-08 5.48242e-08 4.39432e-08 3.51979e-08 2.81745e-08 2.2538e-08 1.80179e-08 1.43955e-08 1.14945e-08 9.17273e-09 7.31579e-09 5.83154e-09 4.64589e-09 3.69933e-09 2.9441e-09 2.34186e-09 1.86189e-09 1.47956e-09 1.17519e-09 9.32993e-10 7.40373e-10 5.87256e-10 4.65601e-10 3.68989e-10 2.923e-10 2.31454e-10 1.83199e-10 1.44946e-10 1.14636e-10 9.06294e-11 7.1623e-11 5.65815e-11 4.46825e-11 3.52732e-11 2.78355e-11 2.19585e-11 1.73164e-11 1.36511e-11 1.07581e-11 8.47543e-12 6.67497e-12 5.25533e-12 4.13635e-12 3.25463e-12 2.56009e-12 2.01318e-12 1.58264e-12 1.24382e-12 9.7726e-13
0.000728317 0.000422644 0.000413145 0.000394236 0.000369163 0.000340454 0.000310035 0.000279334 0.000249371 0.000220848 0.000194213 0.000169721 0.000147485 0.000127511 0.000109733 9.40345e-05 8.02686e-05 6.82719e-05 5.78748e-05 4.89091e-05 4.12128e-05 3.46335e-05 2.90304e-05 2.42755e-05 2.02536e-05 1.68618e-05 1.40096e-05 1.16175e-05 9.6162e-06 7.94578e-06 6.55461e-06 5.39842e-06 4.43942e-06 3.64546e-06 2.98932e-06 2.44799e-06 2.00211e-06 1.63541e-06 1.33427e-06 1.08734e-06 8.85118e-07 7.19734e-07 5.84645e-07 4.74436e-07 3.84628e-07 3.11527e-07 2.5209e-07 2.03813e-07 1.6464e-07 1.32886e-07 1.07169e-07 8.63618e-08 6.95409e-08 5.59546e-08 4.49902e-08 3.61487e-08 2.90249e-08 2.32893e-08 1.8675e-08 1.49653e-08 1.19852e-08 9.59261e-09 7.67313e-09 6.13419e-09 4.90112e-09 3.91376e-09 3.12361e-09 2.49167e-09 1.98655e-09 1.58302e-09 1.26084e-09 1.00374e-09 7.98683e-10 6.35222e-10 5.04984e-10 4.01269e-10 3.18714e-10 2.53034e-10 2.00805e-10 1.5929e-10 1.26306e-10 1.00112e-10 7.93188e-11 6.28201e-11 4.97343e-11 3.93597e-11 3.11378e-11 2.46244e-11 1.94666e-11 1.53838e-11 1.21531e-11 9.59765e-12 7.57701e-12 5.97982e-12 4.71779e-12 3.72093e-12 2.93379e-12 2.31245e-12 1.82216e-12 1.43538e-12 1.13038e-12
0.000546238 0.000329011 0.00032586 0.000314501 0.000297501 0.000276909 0.000254325 0.00023097 0.000207744 0.000185291 0.000164048 0.000144289 0.000126166 0.000109733 9.49805e-05 8.18486e-05 7.02465e-05 6.00633e-05 5.11782e-05 4.34667e-05 3.6806e-05 3.1078e-05 2.6172e-05 2.19855e-05 1.84252e-05 1.54071e-05 1.28563e-05 1.07063e-05 8.89888e-06 7.38319e-06 6.11508e-06 5.05641e-06 4.17441e-06 3.44105e-06 2.83241e-06 2.32818e-06 1.91115e-06 1.56679e-06 1.28289e-06 1.04918e-06 8.57053e-07 6.99329e-07 5.70017e-07 4.64132e-07 3.77535e-07 3.06796e-07 2.49075e-07 2.02029e-07 1.63723e-07 1.32566e-07 1.07248e-07 8.66941e-08 7.0024e-08 5.65157e-08 4.5579e-08 3.67319e-08 2.95809e-08 2.38055e-08 1.91448e-08 1.53863e-08 1.23577e-08 9.91906e-09 7.95672e-09 6.37877e-09 5.11074e-09 4.09244e-09 3.27518e-09 2.6197e-09 2.09427e-09 1.67334e-09 1.33633e-09 1.06665e-09 8.50975e-10 6.78579e-10 5.40851e-10 4.30876e-10 3.43106e-10 2.73092e-10 2.1727e-10 1.72783e-10 1.37347e-10 1.09133e-10 8.66793e-11 6.88177e-11 5.46152e-11 4.33269e-11 3.43587e-11 2.72366e-11 2.15829e-11 1.70965e-11 1.35379e-11 1.07162e-11 8.47977e-12 6.70776e-12 5.30427e-12 4.19306e-12 3.31357e-12 2.61771e-12 2.06733e-12 1.63217e-12 1.28821e-12
0.000409679 0.000255779 0.000256594 0.000250407 0.000239218 0.000224664 0.000208054 0.00019041 0.000172509 0.000154925 0.000138064 0.000122197 0.000107492 9.40345e-05 8.18486e-05 7.0915e-05 6.1183e-05 5.25812e-05 4.50259e-05 3.8427e-05 3.26925e-05 2.77324e-05 2.34601e-05 1.97947e-05 1.66612e-05 1.39914e-05 1.17237e-05 9.80312e-06 8.18103e-06 6.81452e-06 5.66608e-06 4.70313e-06 3.89743e-06 3.2247e-06 2.66407e-06 2.19773e-06 1.81051e-06 1.48952e-06 1.22386e-06 1.00434e-06 8.23211e-07 6.73967e-07 5.51165e-07 4.50252e-07 3.67431e-07 2.99542e-07 2.43957e-07 1.98498e-07 1.61361e-07 1.31055e-07 1.06348e-07 8.62259e-08 6.98538e-08 5.6545e-08 4.57363e-08 3.69657e-08 2.98549e-08 2.40946e-08 1.9432e-08 1.5661e-08 1.26134e-08 1.01522e-08 8.16602e-09 6.56434e-09 5.27361e-09 4.23414e-09 3.39759e-09 2.72476e-09 2.18396e-09 1.74954e-09 1.40078e-09 1.12096e-09 8.96574e-10 7.16745e-10 5.72703e-10 4.57388e-10 3.65118e-10 2.91327e-10 2.32343e-10 1.85219e-10 1.47587e-10 1.17551e-10 9.35877e-11 7.44785e-11 5.92468e-11 4.71113e-11 3.74466e-11 2.97531e-11 2.36312e-11 1.87619e-11 1.48904e-11 1.18135e-11 9.36903e-12 7.42777e-12 5.88669e-12 4.66376e-12 3.69365e-12 2.92436e-12 2.31454e-12 1.8313e-12 1.44849e-12
0.000307259 0.0001986 0.000201744 0.000199017 0.000191958 0.000181857 0.00016977 0.000156541 0.000142826 0.000129126 0.000115806 0.000103122 9.12425e-05 8.02686e-05 7.02465e-05 6.1183e-05 5.3056e-05 4.58229e-05 3.94281e-05 3.38078e-05 2.88947e-05 2.46207e-05 2.09192e-05 1.77265e-05 1.49832e-05 1.26341e-05 1.06293e-05 8.92336e-06 7.47594e-06 6.25112e-06 5.21728e-06 4.34671e-06 3.61527e-06 3.00204e-06 2.48894e-06 2.06046e-06 1.7033e-06 1.4061e-06 1.15922e-06 9.54462e-07 7.84898e-07 6.44688e-07 5.28914e-07 4.33447e-07 3.54828e-07 2.90165e-07 2.37046e-07 1.93461e-07 1.5774e-07 1.28495e-07 1.04578e-07 8.50389e-08 6.90915e-08 5.60883e-08 4.54957e-08 3.68747e-08 2.98645e-08 2.4169e-08 1.95455e-08 1.57953e-08 1.27558e-08 1.02943e-08 8.30229e-09 6.69145e-09 5.38976e-09 4.33862e-09 3.49038e-09 2.80632e-09 2.25503e-09 1.81102e-09 1.45363e-09 1.16613e-09 9.35005e-10 7.49297e-10 6.00168e-10 4.80479e-10 3.84471e-10 3.075e-10 2.45822e-10 1.96425e-10 1.56883e-10 1.25245e-10 9.99432e-11 7.97188e-11 6.35601e-11 5.06556e-11 4.03547e-11 3.21355e-11 2.55803e-11 2.03543e-11 1.61898e-11 1.28726e-11 1.02312e-11 8.12889e-12 6.45624e-12 5.12595e-12 4.06836e-12 3.22786e-12 2.56015e-12 2.02988e-12 1.60892e-12
0.000230444 0.000154025 0.000158394 0.000157909 0.00015374 0.000146891 0.000138205 0.000128367 0.000117926 0.000107308 9.68347e-05 8.67389e-05 7.71833e-05 6.82719e-05 6.00633e-05 5.25812e-05 4.58229e-05 3.97666e-05 3.43774e-05 2.96117e-05 2.54213e-05 2.17554e-05 1.85634e-05 1.57959e-05 1.34059e-05 1.13494e-05 9.58598e-06 8.07858e-06 6.79387e-06 5.70199e-06 4.77644e-06 3.9938e-06 3.33357e-06 2.77782e-06 2.31101e-06 1.91968e-06 1.59225e-06 1.31879e-06 1.0908e-06 9.01026e-07 7.43322e-07 6.12465e-07 5.04044e-07 4.14339e-07 3.4022e-07 2.79058e-07 2.28652e-07 1.87162e-07 1.53049e-07 1.25035e-07 1.02053e-07 8.3221e-08 6.78044e-08 5.51966e-08 4.48959e-08 3.6488e-08 2.96313e-08 2.40447e-08 1.94967e-08 1.57975e-08 1.2791e-08 1.03495e-08 8.36828e-09 6.76188e-09 5.46029e-09 4.40646e-09 3.5538e-09 2.8644e-09 2.30736e-09 1.85757e-09 1.49461e-09 1.2019e-09 9.65988e-10 7.75965e-10 6.22995e-10 4.99923e-10 4.00962e-10 3.2143e-10 2.57549e-10 2.06265e-10 1.65116e-10 1.32115e-10 1.05662e-10 8.4468e-11 6.74958e-11 5.39107e-11 4.30418e-11 3.435e-11 2.74022e-11 2.18509e-11 1.74174e-11 1.38781e-11 1.10537e-11 8.80089e-12 7.00459e-12 5.5729e-12 4.43225e-12 3.52382e-12 2.80061e-12 2.22507e-12 1.76721e-12
0.000172833 0.000119324 0.000124194 0.000125096 0.000122911 0.000118412 0.000112262 0.000105014 9.71191e-05 8.89346e-05 8.07381e-05 7.27375e-05 6.50825e-05 5.78748e-05 5.11782e-05 4.50259e-05 3.94281e-05 3.43774e-05 2.98541e-05 2.58299e-05 2.22708e-05 1.914e-05 1.63994e-05 1.40112e-05 1.19385e-05 1.01465e-05 8.60275e-06 7.2772e-06 6.14252e-06 5.17403e-06 4.34965e-06 3.64973e-06 3.05691e-06 2.55597e-06 2.13359e-06 1.77817e-06 1.4797e-06 1.22953e-06 1.0202e-06 8.45363e-07 6.99566e-07 5.78181e-07 4.77272e-07 3.93508e-07 3.24073e-07 2.66593e-07 2.19073e-07 1.79835e-07 1.47476e-07 1.2082e-07 9.88882e-08 8.08623e-08 6.60626e-08 5.39242e-08 4.39786e-08 3.58374e-08 2.91797e-08 2.374e-08 1.92995e-08 1.56778e-08 1.27264e-08 1.03232e-08 8.36799e-09 6.77844e-09 5.48717e-09 4.43898e-09 3.58873e-09 2.89952e-09 2.34125e-09 1.88933e-09 1.52375e-09 1.2282e-09 9.89423e-10 7.96626e-10 6.4105e-10 5.15584e-10 4.14459e-10 3.32998e-10 2.67414e-10 2.14642e-10 1.722e-10 1.38086e-10 1.10678e-10 8.86696e-11 7.10058e-11 5.68357e-11 4.54737e-11 3.63676e-11 2.90728e-11 2.32316e-11 1.85565e-11 1.48163e-11 1.18253e-11 9.43445e-12 7.52413e-12 5.99837e-12 4.78025e-12 3.80811e-12 3.03259e-12 2.41415e-12 1.92116e-12
0.000129625 9.23476e-05 9.72566e-05 9.89567e-05 9.81002e-05 9.52768e-05 9.10031e-05 8.57196e-05 7.97927e-05 7.35199e-05 6.71366e-05 6.08238e-05 5.47161e-05 4.89091e-05 4.34667e-05 3.8427e-05 3.38078e-05 2.96117e-05 2.58299e-05 2.24449e-05 1.94341e-05 1.6771e-05 1.44277e-05 1.23753e-05 1.05854e-05 9.03074e-06 7.68527e-06 6.52488e-06 5.52731e-06 4.67228e-06 3.94151e-06 3.31858e-06 2.78893e-06 2.33964e-06 1.9594e-06 1.63827e-06 1.36763e-06 1.13997e-06 9.48826e-07 7.88626e-07 6.54589e-07 5.42625e-07 4.49245e-07 3.71481e-07 3.06816e-07 2.53118e-07 2.08587e-07 1.71706e-07 1.41199e-07 1.15995e-07 9.51965e-08 7.80526e-08 6.39368e-08 5.23266e-08 4.27871e-08 3.49567e-08 2.85356e-08 2.3275e-08 1.89692e-08 1.5448e-08 1.2571e-08 1.02222e-08 8.30634e-09 6.74479e-09 5.47304e-09 4.43811e-09 3.59651e-09 2.91263e-09 2.35731e-09 1.9067e-09 1.54129e-09 1.24517e-09 1.00537e-09 8.11285e-10 6.54306e-10 5.27414e-10 4.24903e-10 3.42138e-10 2.75352e-10 2.21491e-10 1.78078e-10 1.43104e-10 1.14943e-10 9.22813e-11 7.40531e-11 5.93985e-11 4.76227e-11 3.81648e-11 3.0572e-11 2.44794e-11 1.95928e-11 1.56753e-11 1.25359e-11 1.00214e-11 8.00806e-12 6.39676e-12 5.10773e-12 4.07694e-12 3.25298e-12 2.5946e-12 2.06873e-12
9.72186e-05 7.14015e-05 7.60732e-05 7.81718e-05 7.81751e-05 7.65277e-05 7.36284e-05 6.98246e-05 6.54114e-05 6.06329e-05 5.56863e-05 5.0727e-05 4.58735e-05 4.12128e-05 3.6806e-05 3.26925e-05 2.88947e-05 2.54213e-05 2.22708e-05 1.94341e-05 1.68965e-05 1.464e-05 1.2644e-05 1.08872e-05 9.34773e-06 8.00436e-06 6.83658e-06 5.82505e-06 4.95178e-06 4.20022e-06 3.5553e-06 3.00341e-06 2.53236e-06 2.13129e-06 1.79061e-06 1.50186e-06 1.25764e-06 1.0515e-06 8.77841e-07 7.31806e-07 6.09218e-07 5.06487e-07 4.20533e-07 3.4873e-07 2.88837e-07 2.38949e-07 1.97454e-07 1.62984e-07 1.34389e-07 1.10695e-07 9.10872e-08 7.4879e-08 6.14963e-08 5.04586e-08 4.13647e-08 3.388e-08 2.77259e-08 2.26707e-08 1.85221e-08 1.51207e-08 1.23344e-08 1.00539e-08 8.18898e-09 6.66519e-09 5.42112e-09 4.40622e-09 3.57891e-09 2.90502e-09 2.35649e-09 1.91034e-09 1.54769e-09 1.25313e-09 1.01403e-09 8.20067e-10 6.62831e-10 5.35442e-10 4.32299e-10 3.48837e-10 2.8134e-10 2.26785e-10 1.82716e-10 1.47137e-10 1.18428e-10 9.52746e-11 7.66115e-11 6.15757e-11 4.94681e-11 3.97234e-11 3.18841e-11 2.55808e-11 2.05148e-11 1.64452e-11 1.31774e-11 1.05546e-11 8.4505e-12 6.76317e-12 5.41064e-12 4.32694e-12 3.45899e-12 2.76411e-12 2.20802e-12
7.2914e-05 5.51567e-05 5.94383e-05 6.16727e-05 6.22052e-05 6.13673e-05 5.94638e-05 5.67663e-05 5.35101e-05 4.98936e-05 4.60803e-05 4.22016e-05 3.83601e-05 3.46335e-05 3.1078e-05 2.77324e-05 2.46207e-05 2.17554e-05 1.914e-05 1.6771e-05 1.464e-05 1.27347e-05 1.10408e-05 9.54256e-06 8.22349e-06 7.06717e-06 6.05755e-06 5.17928e-06 4.41791e-06 3.76e-06 3.19322e-06 2.70633e-06 2.2892e-06 1.93274e-06 1.62886e-06 1.37039e-06 1.15103e-06 9.65248e-07 8.08212e-07 6.75726e-07 5.64153e-07 4.70356e-07 3.91633e-07 3.25667e-07 2.70476e-07 2.24369e-07 1.85904e-07 1.5386e-07 1.27199e-07 1.05047e-07 8.66625e-08 7.14239e-08 5.88073e-08 4.83734e-08 3.9754e-08 3.2641e-08 2.67771e-08 2.1948e-08 1.79747e-08 1.47088e-08 1.20267e-08 9.82603e-09 8.02199e-09 6.54433e-09 5.33499e-09 4.34606e-09 3.538e-09 2.87823e-09 2.33995e-09 1.9011e-09 1.54358e-09 1.25252e-09 1.01572e-09 8.23195e-10 6.66775e-10 5.39767e-10 4.36706e-10 3.53129e-10 2.85392e-10 2.30525e-10 1.8611e-10 1.50175e-10 1.21118e-10 9.76342e-11 7.86658e-11 6.33524e-11 5.0996e-11 4.10307e-11 3.29977e-11 2.65256e-11 2.13136e-11 1.71183e-11 1.3743e-11 1.10285e-11 8.84661e-12 7.09349e-12 5.68551e-12 4.55521e-12 3.6482e-12 2.92068e-12 2.33736e-12
5.46855e-05 4.25717e-05 4.63927e-05 4.85967e-05 4.94291e-05 4.91341e-05 4.79428e-05 4.60655e-05 4.36882e-05 4.09706e-05 3.8047e-05 3.50273e-05 3.19991e-05 2.90304e-05 2.6172e-05 2.34601e-05 2.09192e-05 1.85634e-05 1.63994e-05 1.44277e-05 1.2644e-05 1.10408e-05 9.60829e-06 8.33501e-06 7.20878e-06 6.21706e-06 5.34739e-06 4.58768e-06 3.92638e-06 3.35267e-06 2.85651e-06 2.42868e-06 2.0608e-06 1.74528e-06 1.47536e-06 1.24498e-06 1.0488e-06 8.82088e-07 7.40714e-07 6.21058e-07 5.19972e-07 4.34727e-07 3.62963e-07 3.02647e-07 2.52033e-07 2.09625e-07 1.74145e-07 1.44503e-07 1.19771e-07 9.91647e-08 8.20165e-08 6.77639e-08 5.5932e-08 4.61212e-08 3.79952e-08 3.1272e-08 2.57154e-08 2.11276e-08 1.73435e-08 1.42253e-08 1.16582e-08 9.54679e-09 7.81172e-09 6.38715e-09 5.2185e-09 4.2606e-09 3.47606e-09 2.83403e-09 2.30901e-09 1.88001e-09 1.52972e-09 1.2439e-09 1.01086e-09 8.20976e-10 6.66361e-10 5.40547e-10 4.38235e-10 3.55088e-10 2.87557e-10 2.32742e-10 1.88275e-10 1.52225e-10 1.23013e-10 9.93574e-11 8.02106e-11 6.47219e-11 5.21989e-11 4.20792e-11 3.39056e-11 2.73071e-11 2.1983e-11 1.7689e-11 1.42277e-11 1.14387e-11 9.19257e-12 7.38442e-12 5.92951e-12 4.75934e-12 3.81858e-12 3.06258e-12 2.45531e-12
4.10141e-05 3.28319e-05 3.6175e-05 3.8249e-05 3.92255e-05 3.92822e-05 3.85923e-05 3.73173e-05 3.5603e-05 3.35771e-05 3.13488e-05 2.9009e-05 2.66317e-05 2.42755e-05 2.19855e-05 1.97947e-05 1.77265e-05 1.57959e-05 1.40112e-05 1.23753e-05 1.08872e-05 9.54256e-06 8.33501e-06 7.25654e-06 6.2982e-06 5.45056e-06 4.70404e-06 4.04919e-06 3.47688e-06 2.97842e-06 2.54569e-06 2.17117e-06 1.84795e-06 1.56976e-06 1.33094e-06 1.12642e-06 9.5167e-07 8.02691e-07 6.75947e-07 5.68335e-07 4.77142e-07 4.00005e-07 3.34871e-07 2.79966e-07 2.33759e-07 1.94932e-07 1.62356e-07 1.35063e-07 1.1223e-07 9.31523e-08 7.72342e-08 6.39688e-08 5.29276e-08 4.37485e-08 3.61263e-08 2.9804e-08 2.45655e-08 2.02296e-08 1.66444e-08 1.3683e-08 1.12391e-08 9.22423e-09 7.56456e-09 6.1987e-09 5.07561e-09 4.15293e-09 3.39553e-09 2.77429e-09 2.26514e-09 1.84817e-09 1.50696e-09 1.22795e-09 9.99953e-10 8.13782e-10 6.61867e-10 5.37987e-10 4.37036e-10 3.54823e-10 2.87912e-10 2.33489e-10 1.8925e-10 1.5331e-10 1.2413e-10 1.00452e-10 8.12496e-11 6.56848e-11 5.30757e-11 4.28663e-11 3.46043e-11 2.79216e-11 2.25192e-11 1.81538e-11 1.46281e-11 1.1782e-11 9.4856e-12 7.63351e-12 6.14049e-12 4.93744e-12 3.96849e-12 3.18842e-12 2.56067e-12
3.07606e-05 2.53013e-05 2.81815e-05 3.00719e-05 3.10897e-05 3.13624e-05 3.10185e-05 3.0181e-05 2.89634e-05 2.74667e-05 2.5779e-05 2.3975e-05 2.21166e-05 2.02536e-05 1.84252e-05 1.66612e-05 1.49832e-05 1.34059e-05 1.19385e-05 1.05854e-05 9.34773e-06 8.22349e-06 7.20878e-06 6.2982e-06 5.48534e-06 4.7632e-06 4.12451e-06 3.56194e-06 3.06831e-06 2.63673e-06 2.26064e-06 1.93395e-06 1.651e-06 1.40662e-06 1.1961e-06 1.01522e-06 8.60158e-07 7.27539e-07 6.14357e-07 5.17963e-07 4.36026e-07 3.66511e-07 3.0764e-07 2.5787e-07 2.15864e-07 1.80468e-07 1.50688e-07 1.2567e-07 1.04682e-07 8.71001e-08 7.23909e-08 6.01011e-08 4.98455e-08 4.12978e-08 3.41821e-08 2.82651e-08 2.33504e-08 1.92726e-08 1.58928e-08 1.30942e-08 1.07793e-08 8.86624e-09 7.28681e-09 5.984e-09 4.91031e-09 4.02623e-09 3.29887e-09 2.70096e-09 2.20986e-09 1.80679e-09 1.47624e-09 1.20536e-09 9.83546e-10 8.02037e-10 6.53615e-10 5.32332e-10 4.33294e-10 3.52472e-10 2.8656e-10 2.32841e-10 1.89087e-10 1.5347e-10 1.24495e-10 1.00938e-10 8.17949e-11 6.62487e-11 5.36303e-11 4.3394e-11 3.50943e-11 2.83686e-11 2.2921e-11 1.8511e-11 1.49426e-11 1.20568e-11 9.72396e-12 7.83911e-12 6.31691e-12 5.08815e-12 4.09671e-12 3.29711e-12 2.65251e-12
2.30704e-05 1.9484e-05 2.1935e-05 2.36185e-05 2.46123e-05 2.50065e-05 2.48954e-05 2.43717e-05 2.35229e-05 2.24286e-05 2.11593e-05 1.97758e-05 1.83293e-05 1.68618e-05 1.54071e-05 1.39914e-05 1.26341e-05 1.13494e-05 1.01465e-05 9.03074e-06 8.00436e-06 7.06717e-06 6.21706e-06 5.45056e-06 4.7632e-06 4.14989e-06 3.60516e-06 3.12341e-06 2.69903e-06 2.32656e-06 2.00079e-06 1.71678e-06 1.46992e-06 1.25598e-06 1.07107e-06 9.11664e-07 7.74574e-07 6.56951e-07 5.56256e-07 4.70234e-07 3.96896e-07 3.34491e-07 2.81489e-07 2.36552e-07 1.98519e-07 1.66382e-07 1.3927e-07 1.16431e-07 9.72211e-08 8.10861e-08 6.75524e-08 5.62158e-08 4.67317e-08 3.88072e-08 3.2194e-08 2.66814e-08 2.20916e-08 1.82742e-08 1.51026e-08 1.24704e-08 1.0288e-08 8.48038e-09 6.98456e-09 5.74793e-09 4.72651e-09 3.88359e-09 3.18859e-09 2.61603e-09 2.14473e-09 1.75709e-09 1.43852e-09 1.17691e-09 9.6223e-10 7.86199e-10 6.4196e-10 5.23855e-10 4.27216e-10 3.48195e-10 2.83622e-10 2.3089e-10 1.87855e-10 1.52755e-10 1.24145e-10 1.0084e-10 8.18654e-11 6.64268e-11 5.38721e-11 4.36682e-11 3.53794e-11 2.865e-11 2.31895e-11 1.87608e-11 1.51709e-11 1.22623e-11 9.90686e-12 8.00034e-12 6.45791e-12 5.21061e-12 4.20243e-12 3.38792e-12 2.73015e-12
1.73028e-05 1.4994e-05 1.70588e-05 1.85318e-05 1.94627e-05 1.9914e-05 1.99538e-05 1.96516e-05 1.90743e-05 1.82841e-05 1.73368e-05 1.62818e-05 1.5161e-05 1.40096e-05 1.28563e-05 1.17237e-05 1.06293e-05 9.58598e-06 8.60275e-06 7.68527e-06 6.83658e-06 6.05755e-06 5.34739e-06 4.70404e-06 4.12451e-06 3.60516e-06 3.14197e-06 2.73067e-06 2.36694e-06 2.0465e-06 1.7652e-06 1.51908e-06 1.30442e-06 1.11775e-06 9.55866e-07 8.15857e-07 6.95068e-07 5.91109e-07 5.01839e-07 4.25347e-07 3.59941e-07 3.04125e-07 2.56583e-07 2.16163e-07 1.81858e-07 1.52791e-07 1.28204e-07 1.07437e-07 8.99239e-08 7.51762e-08 6.27747e-08 5.23603e-08 4.3626e-08 3.63101e-08 3.01899e-08 2.50761e-08 2.08081e-08 1.725e-08 1.42871e-08 1.18223e-08 9.77409e-09 8.07375e-09 6.66357e-09 5.49516e-09 4.52797e-09 3.72807e-09 3.06711e-09 2.52144e-09 2.07131e-09 1.70031e-09 1.39478e-09 1.14335e-09 9.36614e-10 7.66746e-10 6.27277e-10 5.12849e-10 4.19032e-10 3.42166e-10 2.79232e-10 2.27738e-10 1.85632e-10 1.51225e-10 1.23126e-10 1.00192e-10 8.14864e-11 6.62377e-11 5.38143e-11 4.36985e-11 3.54663e-11 2.87706e-11 2.33276e-11 1.89052e-11 1.53139e-11 1.23991e-11 1.00344e-11 8.11709e-12 6.56318e-12 5.30442e-12 4.28523e-12 3.46039e-12 2.79315e-12
1.29771e-05 1.15312e-05 1.3256e-05 1.4527e-05 1.53742e-05 1.58398e-05 1.59725e-05 1.58236e-05 1.5444e-05 1.48817e-05 1.41811e-05 1.33815e-05 1.25173e-05 1.16175e-05 1.07063e-05 9.80312e-06 8.92336e-06 8.07858e-06 7.2772e-06 6.52488e-06 5.82505e-06 5.17928e-06 4.58768e-06 4.04919e-06 3.56194e-06 3.12341e-06 2.73067e-06 2.38053e-06 2.0697e-06 1.79483e-06 1.55267e-06 1.34004e-06 1.15395e-06 9.91578e-07 8.50311e-07 7.27738e-07 6.21659e-07 5.30079e-07 4.51202e-07 3.83415e-07 3.25284e-07 2.75535e-07 2.33041e-07 1.96812e-07 1.65981e-07 1.39787e-07 1.17572e-07 9.87591e-08 8.28533e-08 6.94251e-08 5.81047e-08 4.85747e-08 4.05626e-08 3.38354e-08 2.81942e-08 2.34695e-08 1.9517e-08 1.62144e-08 1.34578e-08 1.11596e-08 9.24545e-09 7.65289e-09 6.3292e-09 5.23006e-09 4.31825e-09 3.56254e-09 2.93677e-09 2.41905e-09 1.99111e-09 1.63766e-09 1.34598e-09 1.10547e-09 9.07313e-10 7.44168e-10 6.09952e-10 4.99617e-10 4.08979e-10 3.34574e-10 2.73536e-10 2.23499e-10 1.82507e-10 1.48946e-10 1.21488e-10 9.90353e-11 8.06878e-11 6.57037e-11 5.34737e-11 4.34974e-11 3.5364e-11 2.87369e-11 2.334e-11 1.89474e-11 1.53741e-11 1.24687e-11 1.01076e-11 8.18989e-12 6.63299e-12 5.36966e-12 4.34503e-12 3.5144e-12 2.84134e-12
9.73284e-06 8.86275e-06 1.02932e-05 1.13776e-05 1.21323e-05 1.2585e-05 1.27698e-05 1.27243e-05 1.24868e-05 1.20942e-05 1.15813e-05 1.09794e-05 1.03164e-05 9.6162e-06 8.89888e-06 8.18103e-06 7.47594e-06 6.79387e-06 6.14252e-06 5.52731e-06 4.95178e-06 4.41791e-06 3.92638e-06 3.47688e-06 3.06831e-06 2.69903e-06 2.36694e-06 2.0697e-06 1.80481e-06 1.56971e-06 1.36183e-06 1.17867e-06 1.01782e-06 8.77012e-07 7.54105e-07 6.47125e-07 5.54254e-07 4.73834e-07 4.04361e-07 3.44483e-07 2.92987e-07 2.48791e-07 2.10936e-07 1.78574e-07 1.5096e-07 1.27437e-07 1.07435e-07 9.04532e-08 7.60589e-08 6.38763e-08 5.35807e-08 4.48923e-08 3.75701e-08 3.14076e-08 2.62277e-08 2.18793e-08 1.82332e-08 1.51797e-08 1.26254e-08 1.04909e-08 8.70932e-09 7.22378e-09 5.98638e-09 4.95668e-09 4.10066e-09 3.3897e-09 2.79976e-09 2.31068e-09 1.90557e-09 1.57031e-09 1.29308e-09 1.06403e-09 8.74936e-10 7.18948e-10 5.90371e-10 4.84466e-10 3.973e-10 3.25609e-10 2.66687e-10 2.18293e-10 1.78573e-10 1.45993e-10 1.19288e-10 9.74122e-11 7.95032e-11 6.48509e-11 5.28702e-11 4.30799e-11 3.5084e-11 2.85575e-11 2.32332e-11 1.88922e-11 1.53547e-11 1.24735e-11 1.01281e-11 8.2199e-12 6.66812e-12 5.40682e-12 4.38214e-12 3.55008e-12 2.87476e-12
7.29963e-06 6.8078e-06 7.98681e-06 8.90336e-06 9.56478e-06 9.98827e-06 1.01974e-05 1.02191e-05 1.00821e-05 9.81465e-06 9.4437e-06 8.99415e-06 8.48833e-06 7.94578e-06 7.38319e-06 6.81452e-06 6.25112e-06 5.70199e-06 5.17403e-06 4.67228e-06 4.20022e-06 3.76e-06 3.35267e-06 2.97842e-06 2.63673e-06 2.32656e-06 2.0465e-06 1.79483e-06 1.56971e-06 1.36917e-06 1.19121e-06 1.03387e-06 8.95233e-07 7.73468e-07 6.66845e-07 5.73748e-07 4.92681e-07 4.22271e-07 3.61268e-07 3.08538e-07 2.63061e-07 2.23923e-07 1.90308e-07 1.61494e-07 1.36841e-07 1.15787e-07 9.78377e-08 8.25604e-08 6.95784e-08 5.8564e-08 4.92331e-08 4.13397e-08 3.46719e-08 2.90469e-08 2.43079e-08 2.03204e-08 1.69695e-08 1.41568e-08 1.17987e-08 9.824e-09 8.1721e-09 6.79176e-09 5.63952e-09 4.67868e-09 3.87823e-09 3.21205e-09 2.65813e-09 2.19798e-09 1.81607e-09 1.49937e-09 1.23698e-09 1.01975e-09 8.4007e-10 6.91562e-10 5.68914e-10 4.67702e-10 3.8424e-10 3.15467e-10 2.58838e-10 2.12241e-10 1.73926e-10 1.42441e-10 1.16587e-10 9.53698e-11 7.79692e-11 6.37075e-11 5.20257e-11 4.24628e-11 3.46392e-11 2.82421e-11 2.30146e-11 1.87451e-11 1.52599e-11 1.24167e-11 1.00983e-11 8.20882e-12 6.66976e-12 5.41674e-12 4.39712e-12 3.56782e-12 2.89364e-12
5.47472e-06 5.22641e-06 6.19296e-06 6.96156e-06 7.53365e-06 7.91921e-06 8.13398e-06 8.19723e-06 8.13003e-06 7.95382e-06 7.68949e-06 7.35661e-06 6.97304e-06 6.55461e-06 6.11508e-06 5.66608e-06 5.21728e-06 4.77644e-06 4.34965e-06 3.94151e-06 3.5553e-06 3.19322e-06 2.85651e-06 2.54569e-06 2.26064e-06 2.00079e-06 1.7652e-06 1.55267e-06 1.36183e-06 1.19121e-06 1.03927e-06 9.04472e-07 7.85302e-07 6.80294e-07 5.88052e-07 5.07262e-07 4.367e-07 3.75232e-07 3.21822e-07 2.75523e-07 2.35481e-07 2.00925e-07 1.71166e-07 1.4559e-07 1.2365e-07 1.04865e-07 8.88088e-08 7.5109e-08 6.34388e-08 5.35133e-08 4.50847e-08 3.79378e-08 3.18864e-08 2.67696e-08 2.2449e-08 1.88053e-08 1.57365e-08 1.31549e-08 1.09858e-08 9.16542e-09 7.63939e-09 6.36151e-09 5.29258e-09 4.39935e-09 3.6537e-09 3.03185e-09 2.51376e-09 2.08251e-09 1.72387e-09 1.42588e-09 1.17851e-09 9.73325e-10 8.03277e-10 6.62464e-10 5.45951e-10 4.49621e-10 3.70038e-10 3.0434e-10 2.50143e-10 2.05466e-10 1.68664e-10 1.38368e-10 1.13445e-10 9.29566e-11 7.61239e-11 6.23035e-11 5.09636e-11 4.16645e-11 3.40437e-11 2.78019e-11 2.26926e-11 1.85126e-11 1.50949e-11 1.2302e-11 1.00209e-11 8.15877e-12 6.6395e-12 5.4006e-12 4.39083e-12 3.56822e-12 2.89842e-12
4.10604e-06 4.01022e-06 4.79884e-06 5.43904e-06 5.92861e-06 6.27261e-06 6.48117e-06 6.56777e-06 6.54778e-06 6.43733e-06 6.25245e-06 6.00845e-06 5.71952e-06 5.39842e-06 5.05641e-06 4.70313e-06 4.34671e-06 3.9938e-06 3.64973e-06 3.31858e-06 3.00341e-06 2.70633e-06 2.42868e-06 2.17117e-06 1.93395e-06 1.71678e-06 1.51908e-06 1.34004e-06 1.17867e-06 1.03387e-06 9.04472e-07 7.89283e-07 6.8711e-07 5.9679e-07 5.17201e-07 4.4728e-07 3.86027e-07 3.32513e-07 2.8588e-07 2.45342e-07 2.10186e-07 1.79764e-07 1.53496e-07 1.3086e-07 1.11393e-07 9.46822e-08 8.03636e-08 6.81161e-08 5.76578e-08 4.87418e-08 4.11524e-08 3.47021e-08 2.92279e-08 2.45886e-08 2.06624e-08 1.7344e-08 1.45429e-08 1.21815e-08 1.01931e-08 8.5208e-09 7.11596e-09 5.93711e-09 4.94898e-09 4.12158e-09 3.42948e-09 2.85114e-09 2.36832e-09 1.96565e-09 1.63012e-09 1.3508e-09 1.11847e-09 9.25397e-10 7.65085e-10 6.32084e-10 5.21832e-10 4.30508e-10 3.54923e-10 2.92412e-10 2.40751e-10 1.98089e-10 1.62883e-10 1.3385e-10 1.09925e-10 9.02217e-11 7.40063e-11 6.06699e-11 4.97083e-11 4.07043e-11 3.33128e-11 2.72487e-11 2.22765e-11 1.82021e-11 1.48651e-11 1.21337e-11 9.89925e-12 8.07227e-12 6.57926e-12 5.35983e-12 4.36434e-12 3.5521e-12 2.8897e-12
3.07953e-06 3.07548e-06 3.71622e-06 4.24635e-06 4.66159e-06 4.96371e-06 5.15891e-06 5.25639e-06 5.26723e-06 5.20343e-06 5.07722e-06 4.90051e-06 4.6845e-06 4.43942e-06 4.17441e-06 3.89743e-06 3.61527e-06 3.33357e-06 3.05691e-06 2.78893e-06 2.53236e-06 2.2892e-06 2.0608e-06 1.84795e-06 1.651e-06 1.46992e-06 1.30442e-06 1.15395e-06 1.01782e-06 8.95233e-07 7.85302e-07 6.8711e-07 5.99729e-07 5.22237e-07 4.53741e-07 3.93382e-07 3.40348e-07 2.93881e-07 2.53274e-07 2.17876e-07 1.87093e-07 1.60385e-07 1.37262e-07 1.17285e-07 1.00061e-07 8.52384e-08 7.25064e-08 6.15896e-08 5.22452e-08 4.42599e-08 3.7447e-08 3.16432e-08 2.67065e-08 2.25134e-08 1.89568e-08 1.59442e-08 1.33958e-08 1.12428e-08 9.42598e-09 7.89481e-09 6.60585e-09 5.52201e-09 4.61167e-09 3.84787e-09 3.20769e-09 2.67168e-09 2.22332e-09 1.84866e-09 1.53587e-09 1.27498e-09 1.05757e-09 8.76559e-10 7.2598e-10 6.00824e-10 4.96883e-10 4.10631e-10 3.39115e-10 2.79862e-10 2.30808e-10 1.90226e-10 1.56678e-10 1.28965e-10 1.06087e-10 8.72141e-11 7.16556e-11 5.88378e-11 4.82847e-11 3.96018e-11 3.2462e-11 2.65947e-11 2.17761e-11 1.78209e-11 1.45765e-11 1.19165e-11 9.73701e-12 7.95212e-12 6.4912e-12 5.29609e-12 4.31894e-12 3.52042e-12 2.86819e-12
