0.369859 0.0182526 0.0120408 0.00854248 0.00638348 0.00494731 0.00393452 0.00318793 0.00261884 0.00217388 0.00181911 0.00153189 0.00129652 0.00110178 0.000939352 0.000803005 0.000687923 0.000590344 0.000507277 0.000436321 0.000375523 0.000323282 0.000278274 0.000239393 0.000205716 0.00017646 0.000150964 0.000128663 0.000109072 9.17727e-05 7.96359e-05
0.0182526 0.00215476 0.00131467 0.000857871 0.000589762 0.00042201 0.000311425 0.000235382 0.000181277 0.000141704 0.000112104 8.9554e-05 7.21132e-05 5.84541e-05 4.76439e-05 3.90119e-05 3.20669e-05 2.64421e-05 2.18605e-05 1.81093e-05 1.5024e-05 1.24757e-05 1.03626e-05 8.60396e-06 7.13509e-06 5.90403e-06 4.86884e-06 3.99568e-06 3.25731e-06 2.63207e-06 2.23112e-06
0.0120408 0.00131467 0.000770107 0.000486907 0.000327196 0.000230487 0.000168319 0.000126354 9.68894e-05 7.5538e-05 5.96693e-05 4.76323e-05 3.83491e-05 3.1092e-05 2.53544e-05 2.07753e-05 1.70915e-05 1.41075e-05 1.16761e-05 9.68447e-06 8.04552e-06 6.69107e-06 5.5674e-06 4.63181e-06 3.85017e-06 3.19506e-06 2.6444e-06 2.18041e-06 1.78894e-06 1.49352e-06 1.26691e-06
0.00854248 0.000857871 0.000486907 0.000300322 0.000198285 0.000138053 0.00010008 7.48019e-05 5.72207e-05 4.45594e-05 3.51858e-05 2.8092e-05 2.26279e-05 1.83586e-05 1.49835e-05 1.22891e-05 1.01206e-05 8.36313e-06 6.93019e-06 5.75573e-06 4.78867e-06 3.98905e-06 3.3254e-06 2.77266e-06 2.31083e-06 1.92382e-06 1.5987e-06 1.32512e-06 1.10843e-06 9.25431e-07 7.8533e-07
0.00638348 0.000589762 0.000327196 0.000198285 0.000129341 8.93814e-05 6.4526e-05 4.81296e-05 3.67899e-05 2.86496e-05 2.26327e-05 1.80817e-05 1.45762e-05 1.18361e-05 9.66868e-06 7.93729e-06 6.54284e-06 5.41192e-06 4.48927e-06 3.73263e-06 3.10929e-06 2.59368e-06 2.16563e-06 1.80906e-06 1.51115e-06 1.26158e-06 1.05206e-06 8.81303e-07 7.37325e-07 6.15627e-07 5.22492e-07
0.00494731 0.00042201 0.000230487 0.000138053 8.93814e-05 6.15158e-05 4.433e-05 3.30511e-05 2.52712e-05 1.96919e-05 1.55681e-05 1.24475e-05 1.0042e-05 8.16029e-06 6.67064e-06 5.47982e-06 4.5201e-06 3.74132e-06 3.10566e-06 2.58416e-06 2.15442e-06 1.79888e-06 1.50368e-06 1.25779e-06 1.05238e-06 8.80354e-07 7.38143e-07 6.18449e-07 5.17466e-07 4.32069e-07 3.66675e-07
0.00393452 0.000311425 0.000168319 0.00010008 6.4526e-05 4.433e-05 3.19351e-05 2.382e-05 1.82263e-05 1.42136e-05 1.12454e-05 8.99726e-06 7.2627e-06 5.90469e-06 4.82888e-06 3.96838e-06 3.27455e-06 2.71134e-06 2.2515e-06 1.87419e-06 1.56324e-06 1.30597e-06 1.09238e-06 9.14501e-07 7.65938e-07 6.42416e-07 5.3869e-07 4.51364e-07 3.77673e-07 3.15347e-07 2.67566e-07
0.00318793 0.000235382 0.000126354 7.48019e-05 4.81296e-05 3.30511e-05 2.382e-05 1.77805e-05 1.36159e-05 1.06258e-05 8.41165e-06 6.733e-06 5.43677e-06 4.42126e-06 3.61637e-06 2.97233e-06 2.45292e-06 2.03122e-06 1.68691e-06 1.4044e-06 1.17159e-06 9.79009e-07 8.19151e-07 6.86049e-07 5.75263e-07 4.82482e-07 4.0457e-07 3.38978e-07 2.83627e-07 2.36817e-07 2.0088e-07
0.00261884 0.000181277 9.68894e-05 5.72207e-05 3.67899e-05 2.52712e-05 1.82263e-05 1.36159e-05 1.0434e-05 8.1469e-06 6.45165e-06 5.16531e-06 4.17138e-06 3.39235e-06 2.77472e-06 2.28044e-06 1.88179e-06 1.55815e-06 1.29394e-06 1.07717e-06 8.98587e-07 7.50891e-07 6.28327e-07 5.2645e-07 4.41385e-07 3.70157e-07 3.10354e-07 2.60017e-07 2.17547e-07 1.81636e-07 1.54027e-07
0.00217388 0.000141704 7.5538e-05 4.45594e-05 2.86496e-05 1.96919e-05 1.42136e-05 1.06258e-05 8.1469e-06 6.36327e-06 5.04004e-06 4.03533e-06 3.25868e-06 2.6498e-06 2.16702e-06 1.78066e-06 1.46909e-06 1.21619e-06 1.00976e-06 8.40453e-07 7.01004e-07 5.85712e-07 4.90131e-07 4.10581e-07 3.44177e-07 2.8859e-07 2.41933e-07 2.02671e-07 1.69553e-07 1.41558e-07 1.20004e-07
0.00181911 0.000112104 5.96693e-05 3.51858e-05 2.26327e-05 1.55681e-05 1.12454e-05 8.41165e-06 6.45165e-06 5.04004e-06 3.99207e-06 3.19599e-06 2.58045e-06 2.09784e-06 1.71519e-06 1.40901e-06 1.16215e-06 9.61821e-07 7.98356e-07 6.6433e-07 5.53975e-07 4.62796e-07 3.87176e-07 3.24261e-07 2.71761e-07 2.27827e-07 1.90964e-07 1.59953e-07 1.33803e-07 1.11705e-07 9.4666e-08
0.00153189 8.9554e-05 4.76323e-05 2.8092e-05 1.80817e-05 1.24475e-05 8.99726e-06 6.733e-06 5.16531e-06 4.03533e-06 3.19599e-06 2.55819e-06 2.06498e-06 1.6783e-06 1.37175e-06 1.12652e-06 9.28855e-07 7.68499e-07 6.37694e-07 5.30484e-07 4.42254e-07 3.69357e-07 3.08921e-07 2.58657e-07 2.16729e-07 1.81656e-07 1.52237e-07 1.27498e-07 1.06643e-07 8.90252e-08 7.54226e-08
0.00129652 7.21132e-05 3.83491e-05 2.26279e-05 1.45762e-05 1.0042e-05 7.2627e-06 5.43677e-06 4.17138e-06 3.25868e-06 2.58045e-06 2.06498e-06 1.66637e-06 1.35389e-06 1.10622e-06 9.08147e-07 7.48539e-07 6.19103e-07 5.13559e-07 4.2709e-07 3.55945e-07 2.97185e-07 2.48489e-07 2.08004e-07 1.74246e-07 1.46018e-07 1.22349e-07 1.02452e-07 8.56847e-08 7.15253e-08 6.05784e-08
0.00110178 5.84541e-05 3.1092e-05 1.83586e-05 1.18361e-05 8.16029e-06 5.90469e-06 4.42126e-06 3.39235e-06 2.6498e-06 2.09784e-06 1.6783e-06 1.35389e-06 1.09962e-06 8.98147e-07 7.37065e-07 6.07308e-07 5.0212e-07 4.16382e-07 3.46161e-07 2.88405e-07 2.40723e-07 2.01222e-07 1.68394e-07 1.41032e-07 1.1816e-07 9.89886e-08 8.28783e-08 6.93074e-08 5.78509e-08 4.89826e-08
0.000939352 4.76439e-05 2.53544e-05 1.49835e-05 9.66868e-06 6.67064e-06 4.82888e-06 3.61637e-06 2.77472e-06 2.16702e-06 1.71519e-06 1.37175e-06 1.10622e-06 8.98147e-07 7.3332e-07 6.01581e-07 4.95499e-07 4.09535e-07 3.39491e-07 2.82144e-07 2.34996e-07 1.96086e-07 1.63864e-07 1.37096e-07 1.14792e-07 9.61552e-08 8.054e-08 6.74225e-08 5.63766e-08 4.70548e-08 3.98302e-08
0.000803005 3.90119e-05 2.07753e-05 1.22891e-05 7.93729e-06 5.47982e-06 3.96838e-06 2.97233e-06 2.28044e-06 1.78066e-06 1.40901e-06 1.12652e-06 9.08147e-07 7.37065e-07 6.01581e-07 4.93331e-07 4.06196e-07 3.35609e-07 2.78115e-07 2.31062e-07 1.92391e-07 1.60488e-07 1.34079e-07 1.12148e-07 9.38814e-08 7.86235e-08 6.58438e-08 5.51121e-08 4.60782e-08 3.84571e-08 3.25436e-08
0.000687923 3.20669e-05 1.70915e-05 1.01206e-05 6.54284e-06 4.5201e-06 3.27455e-06 2.45292e-06 1.88179e-06 1.46909e-06 1.16215e-06 9.28855e-07 7.48539e-07 6.07308e-07 4.95499e-07 4.06196e-07 3.34334e-07 2.76142e-07 2.2876e-07 1.89998e-07 1.58152e-07 1.3189e-07 1.10157e-07 9.21165e-08 7.70952e-08 6.45524e-08 5.40506e-08 4.52347e-08 3.78161e-08 3.15597e-08 2.66998e-08
0.000590344 2.64421e-05 1.41075e-05 8.36313e-06 5.41192e-06 3.74132e-06 2.71134e-06 2.03122e-06 1.55815e-06 1.21619e-06 9.61821e-07 7.68499e-07 6.19103e-07 5.0212e-07 4.09535e-07 3.35609e-07 2.76142e-07 2.28003e-07 1.88822e-07 1.56779e-07 1.30463e-07 1.08769e-07 9.08231e-08 7.59304e-08 6.35346e-08 5.31877e-08 4.45273e-08 3.72597e-08 3.11459e-08 2.59916e-08 2.19836e-08
0.000507277 2.18605e-05 1.16761e-05 6.93019e-06 4.48927e-06 3.10566e-06 2.2515e-06 1.68691e-06 1.29394e-06 1.00976e-06 7.98356e-07 6.37694e-07 5.13559e-07 4.16382e-07 3.39491e-07 2.78115e-07 2.2876e-07 1.88822e-07 1.56326e-07 1.2976e-07 1.07949e-07 8.99748e-08 7.5111e-08 6.27802e-08 5.25201e-08 4.39586e-08 3.6795e-08 3.07853e-08 2.57315e-08 2.14721e-08 1.81565e-08
0.000436321 1.81093e-05 9.68447e-06 5.75573e-06 3.73263e-06 2.58416e-06 1.87419e-06 1.4044e-06 1.07717e-06 8.40453e-07 6.6433e-07 5.30484e-07 4.2709e-07 3.46161e-07 2.82144e-07 2.31062e-07 1.89998e-07 1.56779e-07 1.2976e-07 1.07678e-07 8.95549e-08 7.46243e-08 6.22815e-08 5.20452e-08 4.35306e-08 3.64279e-08 3.04868e-08 2.55042e-08 2.13153e-08 1.7786e-08 1.50361e-08
0.000375523 1.5024e-05 8.04552e-06 4.78867e-06 3.10929e-06 2.15442e-06 1.56324e-06 1.17159e-06 8.98587e-07 7.01004e-07 5.53975e-07 4.42254e-07 3.55945e-07 2.88405e-07 2.34996e-07 1.92391e-07 1.58152e-07 1.30463e-07 1.07949e-07 8.95549e-08 7.44629e-08 6.20334e-08 5.17612e-08 4.32447e-08 3.61628e-08 3.0257e-08 2.53185e-08 2.1178e-08 1.76981e-08 1.4767e-08 1.24811e-08
0.000323282 1.24757e-05 6.69107e-06 3.98905e-06 2.59368e-06 1.79888e-06 1.30597e-06 9.79009e-07 7.50891e-07 5.85712e-07 4.62796e-07 3.69357e-07 2.97185e-07 2.40723e-07 1.96086e-07 1.60488e-07 1.3189e-07 1.08769e-07 8.99748e-08 7.46243e-08 6.20334e-08 5.16666e-08 4.31016e-08 3.60027e-08 3.01011e-08 2.51811e-08 2.1068e-08 1.76205e-08 1.47239e-08 1.22849e-08 1.03809e-08
0.000278274 1.03626e-05 5.5674e-06 3.3254e-06 2.16563e-06 1.50368e-06 1.09238e-06 8.19151e-07 6.28327e-07 4.90131e-07 3.87176e-07 3.08921e-07 2.48489e-07 2.01222e-07 1.63864e-07 1.34079e-07 1.10157e-07 9.08231e-08 7.5111e-08 6.22815e-08 5.17612e-08 4.31016e-08 3.59491e-08 3.00224e-08 2.50967e-08 2.09913e-08 1.75602e-08 1.46851e-08 1.22701e-08 1.02371e-08 8.64878e-09
0.000239393 8.60396e-06 4.63181e-06 2.77266e-06 1.80906e-06 1.25779e-06 9.14501e-07 6.86049e-07 5.2645e-07 4.10581e-07 3.24261e-07 2.58657e-07 2.08004e-07 1.68394e-07 1.37096e-07 1.12148e-07 9.21165e-08 7.59304e-08 6.27802e-08 5.20452e-08 4.32447e-08 3.60027e-08 3.00224e-08 2.50683e-08 2.0952e-08 1.7522e-08 1.46561e-08 1.22553e-08 1.02391e-08 8.54219e-09 7.21551e-09
0.000205716 7.13509e-06 3.85017e-06 2.31083e-06 1.51115e-06 1.05238e-06 7.65938e-07 5.75263e-07 4.41385e-07 3.44177e-07 2.71761e-07 2.16729e-07 1.74246e-07 1.41032e-07 1.14792e-07 9.38814e-08 7.70952e-08 6.35346e-08 5.25201e-08 4.35306e-08 3.61628e-08 3.01011e-08 2.50967e-08 2.0952e-08 1.75089e-08 1.46406e-08 1.22446e-08 1.02378e-08 8.55292e-09 7.13522e-09 6.02601e-09
0.00017646 5.90403e-06 3.19506e-06 1.92382e-06 1.26158e-06 8.80354e-07 6.42416e-07 4.82482e-07 3.70157e-07 2.8859e-07 2.27827e-07 1.81656e-07 1.46018e-07 1.1816e-07 9.61552e-08 7.86235e-08 6.45524e-08 5.31877e-08 4.39586e-08 3.64279e-08 3.0257e-08 2.51811e-08 2.09913e-08 1.7522e-08 1.46406e-08 1.22407e-08 1.02364e-08 8.55798e-09 7.14912e-09 5.96392e-09 5.03601e-09
0.000150964 4.86884e-06 2.6444e-06 1.5987e-06 1.05206e-06 7.38143e-07 5.3869e-07 4.0457e-07 3.10354e-07 2.41933e-07 1.90964e-07 1.52237e-07 1.22349e-07 9.89886e-08 8.054e-08 6.58438e-08 5.40506e-08 4.45273e-08 3.6795e-08 3.04868e-08 2.53185e-08 2.1068e-08 1.75602e-08 1.46561e-08 1.22446e-08 1.02364e-08 8.55944e-09 7.15549e-09 5.9772e-09 4.98613e-09 4.20979e-09
0.000128663 3.99568e-06 2.18041e-06 1.32512e-06 8.81303e-07 6.18449e-07 4.51364e-07 3.38978e-07 2.60017e-07 2.02671e-07 1.59953e-07 1.27498e-07 1.02452e-07 8.28783e-08 6.74225e-08 5.51121e-08 4.52347e-08 3.72597e-08 3.07853e-08 2.55042e-08 2.1178e-08 1.76205e-08 1.46851e-08 1.22553e-08 1.02378e-08 8.55798e-09 7.15549e-09 5.98146e-09 4.99628e-09 4.16777e-09 3.51846e-09
0.000109072 3.25731e-06 1.78894e-06 1.10843e-06 7.37325e-07 5.17466e-07 3.77673e-07 2.83627e-07 2.17547e-07 1.69553e-07 1.33803e-07 1.06643e-07 8.56847e-08 6.93074e-08 5.63766e-08 4.60782e-08 3.78161e-08 3.11459e-08 2.57315e-08 2.13153e-08 1.76981e-08 1.47239e-08 1.22701e-08 1.02391e-08 8.55292e-09 7.14912e-09 5.9772e-09 4.99628e-09 4.17324e-09 3.48115e-09 2.93858e-09
9.17727e-05 2.63207e-06 1.49352e-06 9.25431e-07 6.15627e-07 4.32069e-07 3.15347e-07 2.36817e-07 1.81636e-07 1.41558e-07 1.11705e-07 8.90252e-08 7.15253e-08 5.78509e-08 4.70548e-08 3.84571e-08 3.15597e-08 2.59916e-08 2.14721e-08 1.7786e-08 1.4767e-08 1.22849e-08 1.02371e-08 8.54219e-09 7.13522e-09 5.96392e-09 4.98613e-09 4.16777e-09 3.48115e-09 2.90381e-09 2.45111e-09
7.96359e-05 2.23112e-06 1.26691e-06 7.8533e-07 5.22492e-07 3.66675e-07 2.67566e-07 2.0088e-07 1.54027e-07 1.20004e-07 9.4666e-08 7.54226e-08 6.05784e-08 4.89826e-08 3.98302e-08 3.25436e-08 2.66998e-08 2.19836e-08 1.81565e-08 1.50361e-08 1.24811e-08 1.03809e-08 8.64878e-09 7.21551e-09 6.02601e-09 5.03601e-09 4.20979e-09 3.51846e-09 2.93858e-09 2.45111e-09 2.06859e-09
