0.969931 0.00712017 0.00366797 0.00188956 0.000973409 0.000501453 0.000258324 0.000133076 6.85544e-05 3.53159e-05 1.8193e-05 9.37217e-06 4.82809e-06 2.4872e-06 1.28128e-06 6.60055e-07 3.40028e-07 1.75166e-07 9.02371e-08 4.64858e-08 2.39472e-08 1.23364e-08 6.35514e-09 3.27386e-09 1.68653e-09 8.6882e-10 4.47574e-10 2.30568e-10 1.18778e-10 6.11885e-11 3.15214e-11 1.62383e-11 8.36517e-12 4.30933e-12 2.21996e-12 1.14361e-12 5.89135e-13 3.03494e-13 1.56345e-13 8.05415e-14 4.14911e-14 2.13742e-14 1.10109e-14 5.67231e-15 2.9221e-15 1.50532e-15 7.75469e-16 3.99484e-16 2.05795e-16 1.06016e-16 5.46141e-17 2.81345e-17 1.44935e-17 7.46637e-18 3.84631e-18 1.98143e-18 1.02074e-18 5.25835e-19 2.70885e-19 1.39547e-19 7.18877e-20 3.7033e-20 1.90776e-20 9.82787e-21 5.06284e-21 2.60813e-21 1.34358e-21 6.92148e-22 3.56561e-22 1.83683e-22 9.46246e-23 4.8746e-23 2.51116e-23 1.29363e-23 6.66414e-24 3.43304e-24 1.76854e-24 9.11064e-25 4.69336e-25 2.41779e-25 1.24553e-25 6.41636e-26 3.3054e-26 1.70278e-26 8.7719e-27 4.51886e-27 2.3279e-27 1.19922e-27 6.1778e-28 3.1825e-28 1.63947e-28 8.44576e-29 4.35085e-29 2.24134e-29 1.15463e-29 5.94811e-30 3.06418e-30 1.57851e-30 8.13174e-31 4.18908e-31 2.15801e-31
0.00712017 0.000160711 8.35912e-05 4.34745e-05 2.26084e-05 1.17562e-05 6.11258e-06 3.17795e-06 1.65208e-06 8.5878e-07 4.46372e-07 2.31995e-07 1.20566e-07 6.26525e-08 3.25552e-08 1.69149e-08 8.78793e-09 4.56534e-09 2.37154e-09 1.23184e-09 6.39813e-10 3.32293e-10 1.72568e-10 8.96131e-11 4.65324e-11 2.41608e-11 1.25442e-11 6.51246e-12 3.38082e-12 1.75499e-12 9.10964e-13 4.72828e-13 2.45404e-13 1.2736e-13 6.60944e-14 3.42982e-14 1.77973e-14 9.23456e-15 4.79131e-15 2.48583e-15 1.28963e-15 6.69021e-16 3.4705e-16 1.80021e-16 9.33759e-17 4.84312e-17 2.51187e-17 1.30271e-17 6.75584e-18 3.50341e-18 1.81671e-18 9.4202e-19 4.88446e-19 2.53253e-19 1.31303e-19 6.80733e-20 3.52908e-20 1.82949e-20 9.48375e-21 4.91602e-21 2.54818e-21 1.32078e-21 6.84566e-22 3.548e-22 1.83881e-22 9.52956e-23 4.93849e-23 2.55917e-23 1.32614e-23 6.87173e-24 3.56063e-24 1.8449e-24 9.55885e-25 4.95249e-25 2.56582e-25 1.32928e-25 6.8864e-26 3.56742e-26 1.848e-26 9.57279e-27 4.95862e-27 2.56844e-27 1.33035e-27 6.89048e-28 3.56878e-28 1.84832e-28 9.57247e-29 4.95744e-29 2.56732e-29 1.3295e-29 6.88473e-30 3.56511e-30 1.84607e-30 9.55895e-31 4.94951e-31 2.56273e-31 1.32688e-31 6.86989e-32 3.55678e-32 1.84142e-32 9.5332e-33
0.00366797 8.35912e-05 4.34925e-05 2.26271e-05 1.17707e-05 6.1226e-06 3.18443e-06 1.65611e-06 8.61213e-07 4.47811e-07 2.32832e-07 1.21048e-07 6.29268e-08 3.271e-08 1.70017e-08 8.83631e-09 4.59217e-09 2.38634e-09 1.23999e-09 6.44273e-10 3.34729e-10 1.73895e-10 9.0334e-11 4.69231e-11 2.43722e-11 1.26583e-11 6.57397e-12 3.41392e-12 1.77277e-12 9.20505e-13 4.7794e-13 2.4814e-13 1.28823e-13 6.68754e-14 3.47149e-14 1.80194e-14 9.35282e-15 4.85424e-15 2.51928e-15 1.30741e-15 6.78456e-16 3.52055e-16 1.82675e-16 9.4782e-17 4.91758e-17 2.55127e-17 1.32355e-17 6.86604e-18 3.56165e-18 1.84747e-18 9.5826e-19 4.97016e-19 2.57774e-19 1.33687e-19 6.93299e-20 3.59529e-20 1.86436e-20 9.66736e-21 5.01267e-21 2.59904e-21 1.34753e-21 6.98633e-22 3.62195e-22 1.87767e-22 9.73376e-23 5.04575e-23 2.6155e-23 1.35572e-23 7.02695e-24 3.64208e-24 1.88764e-24 9.78299e-25 5.07002e-25 2.62745e-25 1.36158e-25 7.05569e-26 3.65613e-26 1.89448e-26 9.8162e-27 5.08609e-27 2.63518e-27 1.36529e-27 7.07336e-28 3.66449e-28 1.8984e-28 9.83447e-29 5.09449e-29 2.63899e-29 1.36698e-29 7.0807e-30 3.66756e-30 1.89962e-30 9.83882e-31 5.09576e-31 2.63914e-31 1.3668e-31 7.07843e-32 3.6657e-32 1.8983e-32 9.83024e-33 5.09039e-33
0.00188956 4.34745e-05 2.26271e-05 1.17755e-05 6.12762e-06 3.18832e-06 1.6588e-06 8.62952e-07 4.48892e-07 2.33485e-07 1.21434e-07 6.31516e-08 3.28393e-08 1.70753e-08 8.87789e-09 4.61548e-09 2.39934e-09 1.24719e-09 6.48251e-10 3.36917e-10 1.75094e-10 9.09889e-11 4.72799e-11 2.45661e-11 1.27634e-11 6.63083e-12 3.44463e-12 1.78932e-12 9.29412e-13 4.82727e-13 2.50708e-13 1.302e-13 6.76122e-14 3.51088e-14 1.82298e-14 9.46508e-15 4.91408e-15 2.55115e-15 1.32437e-15 6.87474e-16 3.56847e-16 1.85219e-16 9.6132e-17 4.98917e-17 2.58921e-17 1.34365e-17 6.9724e-18 3.61792e-18 1.87722e-18 9.73985e-19 5.05323e-19 2.6216e-19 1.36002e-19 7.05514e-20 3.65971e-20 1.89832e-20 9.84632e-21 5.10694e-21 2.64868e-21 1.37367e-21 7.12387e-22 3.69431e-22 1.91573e-22 9.93386e-23 5.15093e-23 2.67077e-23 1.38475e-23 7.17946e-24 3.72216e-24 1.92967e-24 1.00036e-24 5.1858e-25 2.68818e-25 1.39344e-25 7.22273e-26 3.7437e-26 1.94038e-26 1.00567e-26 5.21212e-27 2.70121e-27 1.39987e-27 7.25445e-28 3.75931e-28 1.94804e-28 1.00943e-28 5.23045e-29 2.71013e-29 1.4042e-29 7.27537e-30 3.76937e-30 1.95286e-30 1.01172e-30 5.24129e-31 2.71522e-31 1.40656e-31 7.2862e-32 3.77426e-32 1.95502e-32 1.01265e-32 5.24515e-33 2.71672e-33
0.000973409 2.26084e-05 1.17707e-05 6.12762e-06 3.18962e-06 1.66014e-06 8.63997e-07 4.49613e-07 2.33952e-07 1.21724e-07 6.33268e-08 3.2943e-08 1.71357e-08 8.91261e-09 4.63526e-09 2.41051e-09 1.25346e-09 6.51743e-10 3.38853e-10 1.76163e-10 9.15771e-11 4.76023e-11 2.47422e-11 1.28594e-11 6.68298e-12 3.4729e-12 1.80462e-12 9.37676e-13 4.87182e-13 2.53106e-13 1.31488e-13 6.83039e-14 3.54796e-14 1.84283e-14 9.57121e-15 4.97078e-15 2.58141e-15 1.3405e-15 6.96067e-16 3.61421e-16 1.87651e-16 9.74245e-17 5.0578e-17 2.62563e-17 1.36296e-17 7.07478e-18 3.67215e-18 1.90593e-18 9.89177e-19 5.13358e-19 2.66407e-19 1.38246e-19 7.17364e-20 3.72227e-20 1.93133e-20 1.00204e-20 5.19874e-21 2.69707e-21 1.39916e-21 7.25814e-22 3.765e-22 1.95294e-22 1.01296e-22 5.25392e-23 2.72493e-23 1.41322e-23 7.3291e-24 3.80079e-24 1.97098e-24 1.02205e-24 5.29968e-25 2.74796e-25 1.42481e-25 7.38733e-26 3.83004e-26 1.98566e-26 1.02942e-26 5.3366e-27 2.76645e-27 1.43406e-27 7.43358e-28 3.85314e-28 1.99719e-28 1.03516e-28 5.36519e-29 2.78067e-29 1.44112e-29 7.46858e-30 3.87047e-30 2.00575e-30 1.03939e-30 5.38598e-31 2.79088e-31 1.44612e-31 7.49302e-32 3.88237e-32 2.01153e-32 1.04218e-32 5.39944e-33 2.79733e-33 1.44919e-33
0.000501453 1.17562e-05 6.1226e-06 3.18832e-06 1.66014e-06 8.64345e-07 4.49974e-07 2.34232e-07 1.21917e-07 6.34521e-08 3.30208e-08 1.71827e-08 8.94045e-09 4.65147e-09 2.41983e-09 1.25877e-09 6.54744e-10 3.40537e-10 1.77102e-10 9.20977e-11 4.78898e-11 2.49004e-11 1.2946e-11 6.73036e-12 3.49872e-12 1.81866e-12 9.45286e-13 4.91301e-13 2.55331e-13 1.32688e-13 6.89497e-14 3.58267e-14 1.86146e-14 9.6711e-15 5.02426e-15 2.61001e-15 1.35578e-15 7.04223e-16 3.6577e-16 1.89968e-16 9.86579e-17 5.12341e-17 2.6605e-17 1.38148e-17 7.17307e-18 3.72429e-18 1.93357e-18 1.00382e-18 5.21111e-19 2.7051e-19 1.40416e-19 7.28838e-20 3.7829e-20 1.96335e-20 1.01895e-20 5.28798e-21 2.74414e-21 1.42398e-21 7.38899e-22 3.83396e-22 1.98926e-22 1.03209e-22 5.3546e-23 2.77792e-23 1.4411e-23 7.47572e-24 3.87788e-24 2.0115e-24 1.04335e-24 5.41156e-25 2.80673e-25 1.45567e-25 7.54933e-26 3.91507e-26 2.03028e-26 1.05283e-26 5.45938e-27 2.83084e-27 1.46782e-27 7.61057e-28 3.9459e-28 2.04579e-28 1.06063e-28 5.49859e-29 2.85054e-29 1.47771e-29 7.66013e-30 3.97074e-30 2.05823e-30 1.06685e-30 5.52968e-31 2.86606e-31 1.48545e-31 7.6987e-32 3.98993e-32 2.06776e-32 1.07158e-32 5.55313e-33 2.87765e-33 1.49117e-33 7.72691e-34
0.000258324 6.11258e-06 3.18443e-06 1.6588e-06 8.63997e-07 4.49974e-07 2.34325e-07 1.22014e-07 6.35273e-08 3.30728e-08 1.72164e-08 8.96135e-09 4.6641e-09 2.42731e-09 1.26312e-09 6.57251e-10 3.41964e-10 1.77908e-10 9.25502e-11 4.81422e-11 2.50404e-11 1.30234e-11 6.7729e-12 3.52205e-12 1.83141e-12 9.52234e-13 4.95078e-13 2.57379e-13 1.33797e-13 6.95487e-14 3.61497e-14 1.87886e-14 9.76461e-15 5.07446e-15 2.63693e-15 1.37019e-15 7.11934e-16 3.6989e-16 1.92168e-16 9.98308e-17 5.18591e-17 2.69377e-17 1.39918e-17 7.26717e-18 3.77427e-18 1.9601e-18 1.0179e-18 5.28574e-19 2.74465e-19 1.4251e-19 7.39922e-20 3.84153e-20 1.99436e-20 1.03534e-20 5.37454e-21 2.78985e-21 1.44811e-21 7.51629e-22 3.90109e-22 2.02466e-22 1.05075e-22 5.45289e-23 2.82968e-23 1.46835e-23 7.61916e-24 3.95336e-24 2.0512e-24 1.06423e-24 5.52132e-25 2.86441e-25 1.48598e-25 7.70857e-26 3.9987e-26 2.07419e-26 1.07588e-26 5.58037e-27 2.89432e-27 1.50112e-27 7.78524e-28 4.0375e-28 2.09382e-28 1.0858e-28 5.63052e-29 2.91967e-29 1.51392e-29 7.84984e-30 4.0701e-30 2.11026e-30 1.09409e-30 5.67227e-31 2.94069e-31 1.5245e-31 7.90304e-32 4.09683e-32 2.12368e-32 1.10083e-32 5.70607e-33 2.95762e-33 1.53298e-33 7.94545e-34 4.11803e-34
0.000133076 3.17795e-06 1.65611e-06 8.62952e-07 4.49613e-07 2.34232e-07 1.22014e-07 6.35524e-08 3.30988e-08 1.72366e-08 8.9753e-09 4.67313e-09 2.43293e-09 1.26652e-09 6.5926e-10 3.43135e-10 1.78582e-10 9.29341e-11 4.8359e-11 2.5162e-11 1.30912e-11 6.81056e-12 3.54285e-12 1.84285e-12 9.58511e-13 4.98509e-13 2.5925e-13 1.34814e-13 7.01004e-14 3.64484e-14 1.89499e-14 9.85164e-15 5.12133e-15 2.66213e-15 1.38372e-15 7.1919e-16 3.73776e-16 1.94247e-16 1.00942e-16 5.24523e-17 2.72542e-17 1.41605e-17 7.35696e-18 3.82205e-18 1.9855e-18 1.03139e-18 5.35738e-19 2.78266e-19 1.44526e-19 7.50603e-20 3.89811e-20 2.02431e-20 1.05118e-20 5.45834e-21 2.83415e-21 1.47151e-21 7.63989e-22 3.96634e-22 2.05909e-22 1.06891e-22 5.54866e-23 2.88016e-23 1.49495e-23 7.75927e-24 4.02714e-24 2.09004e-24 1.08466e-24 5.62885e-25 2.92097e-25 1.51572e-25 7.86488e-26 4.08085e-26 2.11735e-26 1.09855e-26 5.69942e-27 2.95683e-27 1.53393e-27 7.95742e-28 4.12784e-28 2.14121e-28 1.11066e-28 5.76085e-29 2.98799e-29 1.54974e-29 8.03753e-30 4.16844e-30 2.16178e-30 1.12108e-30 5.81361e-31 3.01469e-31 1.56325e-31 8.10586e-32 4.20299e-32 2.17923e-32 1.12989e-32 5.85813e-33 3.03716e-33 1.57458e-33 8.16301e-34 4.23178e-34 2.19374e-34
6.85544e-05 1.65208e-06 8.61213e-07 4.48892e-07 2.33952e-07 1.21917e-07 6.35273e-08 3.30988e-08 1.72433e-08 8.98228e-09 4.67856e-09 2.43667e-09 1.26894e-09 6.60768e-10 3.44047e-10 1.79122e-10 9.32487e-11 4.85402e-11 2.52653e-11 1.31496e-11 6.84329e-12 3.56111e-12 1.85299e-12 9.6411e-13 5.0159e-13 2.60939e-13 1.35737e-13 7.0604e-14 3.67222e-14 1.90985e-14 9.9321e-15 5.1648e-15 2.68558e-15 1.39636e-15 7.25982e-16 3.77424e-16 1.96203e-16 1.0199e-16 5.3013e-17 2.75539e-17 1.43205e-17 7.44234e-18 3.86755e-18 2.00974e-18 1.04429e-18 5.42595e-19 2.8191e-19 1.46461e-19 7.60871e-20 3.95256e-20 2.05317e-20 1.06647e-20 5.53928e-21 2.87698e-21 1.49417e-21 7.75966e-22 4.02964e-22 2.09252e-22 1.08656e-22 5.64181e-23 2.92931e-23 1.52087e-23 7.8959e-24 4.09914e-24 2.12797e-24 1.10464e-24 5.73403e-25 2.97633e-25 1.54484e-25 8.01811e-26 4.16143e-26 2.15972e-26 1.12082e-26 5.81642e-27 3.0183e-27 1.56622e-27 8.12694e-28 4.21683e-28 2.18792e-28 1.13517e-28 5.88945e-29 3.05545e-29 1.58511e-29 8.22302e-30 4.26568e-30 2.21275e-30 1.14779e-30 5.95356e-31 3.08801e-31 1.60165e-31 8.30697e-32 4.30829e-32 2.23437e-32 1.15875e-32 6.00917e-33 3.1162e-33 1.61594e-33 8.37937e-34 4.34496e-34 2.25293e-34 1.16815e-34
3.53159e-05 8.5878e-07 4.47811e-07 2.33485e-07 1.21724e-07 6.34521e-08 3.30728e-08 1.72366e-08 8.98228e-09 4.68037e-09 2.43855e-09 1.2704e-09 6.61775e-10 3.44699e-10 1.79527e-10 9.34939e-11 4.86853e-11 2.53499e-11 1.31983e-11 6.87106e-12 3.5768e-12 1.86179e-12 9.69023e-13 5.04317e-13 2.62447e-13 1.36567e-13 7.1059e-14 3.6971e-14 1.92342e-14 1.00059e-14 5.20484e-15 2.70726e-15 1.40807e-15 7.32304e-16 3.80829e-16 1.98035e-16 1.02974e-16 5.35407e-17 2.78366e-17 1.44718e-17 7.52322e-18 3.91075e-18 2.03278e-18 1.05657e-18 5.49139e-19 2.85392e-19 1.48313e-19 7.70713e-20 4.00483e-20 2.08091e-20 1.08119e-20 5.61728e-21 2.91831e-21 1.51605e-21 7.87547e-22 4.0909e-22 2.12491e-22 1.10368e-22 5.73225e-23 2.97706e-23 1.54608e-23 8.02891e-24 4.1693e-24 2.16496e-24 1.12414e-24 5.83676e-25 3.03044e-25 1.57334e-25 8.16809e-26 4.24036e-26 2.20124e-26 1.14266e-26 5.93126e-27 3.07866e-27 1.59794e-27 8.29363e-28 4.3044e-28 2.2339e-28 1.15931e-28 6.0162e-29 3.12197e-29 1.62002e-29 8.40614e-30 4.36173e-30 2.26311e-30 1.17419e-30 6.09199e-31 3.16057e-31 1.63967e-31 8.50619e-32 4.41265e-32 2.28903e-32 1.18738e-32 6.15906e-33 3.19467e-33 1.65701e-33 8.59435e-34 4.45746e-34 2.31179e-34 1.19894e-34 6.21779e-35
1.8193e-05 4.46372e-07 2.32832e-07 1.21434e-07 6.33268e-08 3.30208e-08 1.72164e-08 8.9753e-09 4.67856e-09 2.43855e-09 1.27089e-09 6.62279e-10 3.45091e-10 1.79798e-10 9.36692e-11 4.87943e-11 2.54158e-11 1.32373e-11 6.89382e-12 3.5899e-12 1.86926e-12 9.73245e-13 5.06687e-13 2.63769e-13 1.37301e-13 7.14648e-14 3.71944e-14 1.93567e-14 1.00729e-14 5.24139e-15 2.72714e-15 1.41886e-15 7.38148e-16 3.83988e-16 1.99739e-16 1.03892e-16 5.40347e-17 2.81019e-17 1.46142e-17 7.59949e-18 3.95157e-18 2.05461e-18 1.06823e-18 5.5536e-19 2.88709e-19 1.5008e-19 7.80119e-20 4.05486e-20 2.1075e-20 1.09531e-20 5.69225e-21 2.95808e-21 1.53714e-21 7.9872e-22 4.15007e-22 2.15623e-22 1.12025e-22 5.81988e-23 3.02338e-23 1.57055e-23 8.15817e-24 4.23753e-24 2.20097e-24 1.14313e-24 5.93693e-25 3.08324e-25 1.60116e-25 8.31468e-26 4.31755e-26 2.24188e-26 1.16405e-26 6.04382e-27 3.13787e-27 1.62908e-27 8.45733e-28 4.39044e-28 2.27912e-28 1.18307e-28 6.14097e-29 3.18749e-29 1.65442e-29 8.58669e-30 4.45648e-30 2.31283e-30 1.20027e-30 6.22878e-31 3.2323e-31 1.67728e-31 8.70332e-32 4.51597e-32 2.34317e-32 1.21574e-32 6.30765e-33 3.2725e-33 1.69777e-33 8.80775e-34 4.56918e-34 2.37027e-34 1.22955e-34 6.37796e-35 3.3083e-35
9.37217e-06 2.31995e-07 1.21048e-07 6.31516e-08 3.2943e-08 1.71827e-08 8.96135e-09 4.67313e-09 2.43667e-09 1.2704e-09 6.62279e-10 3.45221e-10 1.79933e-10 9.37745e-11 4.88671e-11 2.54629e-11 1.32666e-11 6.91155e-12 3.60041e-12 1.87539e-12 9.76772e-13 5.08698e-13 2.64906e-13 1.37939e-13 7.18209e-14 3.73921e-14 1.9466e-14 1.01331e-14 5.2744e-15 2.7452e-15 1.42871e-15 7.43506e-16 3.86897e-16 2.01315e-16 1.04744e-16 5.44944e-17 2.83496e-17 1.47474e-17 7.67109e-18 3.98999e-18 2.0752e-18 1.07925e-18 5.61253e-19 2.91857e-19 1.5176e-19 7.89078e-20 4.10259e-20 2.13291e-20 1.10883e-20 5.76411e-21 2.99625e-21 1.5574e-21 8.09473e-22 4.20709e-22 2.18645e-22 1.13625e-22 5.90461e-23 3.06822e-23 1.59426e-23 8.28352e-24 4.30377e-24 2.23596e-24 1.16161e-24 6.03443e-25 3.13468e-25 1.62829e-25 8.45771e-26 4.39294e-26 2.2816e-26 1.18497e-26 6.15397e-27 3.19586e-27 1.65959e-27 8.61787e-28 4.47488e-28 2.32352e-28 1.20641e-28 6.26363e-29 3.25194e-29 1.68827e-29 8.76452e-30 4.54986e-30 2.36185e-30 1.226e-30 6.36379e-31 3.30313e-31 1.71443e-31 8.89819e-32 4.61815e-32 2.39674e-32 1.24382e-32 6.45482e-33 3.34962e-33 1.73817e-33 9.01939e-34 4.68002e-34 2.42832e-34 1.25994e-34 6.53707e-35 3.39159e-35 1.75958e-35
4.82809e-06 1.20566e-07 6.29268e-08 3.28393e-08 1.71357e-08 8.94045e-09 4.6641e-09 2.43293e-09 1.26894e-09 6.61775e-10 3.45091e-10 1.79933e-10 9.38096e-11 4.89035e-11 2.54913e-11 1.32862e-11 6.92423e-12 3.60829e-12 1.88016e-12 9.79598e-13 5.10346e-13 2.65855e-13 1.38481e-13 7.2127e-14 3.7564e-14 1.95619e-14 1.01863e-14 5.30385e-15 2.76142e-15 1.43761e-15 7.48374e-16 3.89552e-16 2.0276e-16 1.05528e-16 5.49193e-17 2.85794e-17 1.48714e-17 7.73792e-18 4.02595e-18 2.09452e-18 1.08962e-18 5.66811e-19 2.94833e-19 1.53351e-19 7.9758e-20 4.14797e-20 2.15711e-20 1.12172e-20 5.83278e-21 3.03278e-21 1.57683e-21 8.19793e-22 4.26188e-22 2.21552e-22 1.15167e-22 5.98634e-23 3.11151e-23 1.61719e-23 8.40484e-24 4.36795e-24 2.26989e-24 1.17954e-24 6.12916e-25 3.18471e-25 1.6547e-25 8.59705e-26 4.46644e-26 2.32036e-26 1.2054e-26 6.26162e-27 3.25256e-27 1.68946e-27 8.77509e-28 4.55762e-28 2.36705e-28 1.22931e-28 6.38408e-29 3.31527e-29 1.72156e-29 8.93944e-30 4.64176e-30 2.41012e-30 1.25135e-30 6.49689e-31 3.373e-31 1.7511e-31 9.0906e-32 4.7191e-32 2.44969e-32 1.27159e-32 6.60041e-33 3.42595e-33 1.77818e-33 9.22906e-34 4.78989e-34 2.48588e-34 1.29009e-34 6.69498e-35 3.47428e-35 1.80288e-35 9.35527e-36
2.4872e-06 6.26525e-08 3.271e-08 1.70753e-08 8.91261e-09 4.65147e-09 2.42731e-09 1.26652e-09 6.60768e-10 3.44699e-10 1.79798e-10 9.37745e-11 4.89035e-11 2.55007e-11 1.3296e-11 6.93184e-12 3.61356e-12 1.88357e-12 9.81721e-13 5.1163e-13 2.66616e-13 1.38924e-13 7.23825e-14 3.77097e-14 1.96443e-14 1.02326e-14 5.32969e-15 2.77577e-15 1.44554e-15 7.52744e-16 3.9195e-16 2.04072e-16 1.06244e-16 5.53089e-17 2.87909e-17 1.4986e-17 7.7999e-18 4.05941e-18 2.11256e-18 1.09932e-18 5.72027e-19 2.97632e-19 1.54852e-19 8.05616e-20 4.19096e-20 2.18008e-20 1.13399e-20 5.89818e-21 3.06764e-21 1.59539e-21 8.29669e-22 4.3144e-22 2.24343e-22 1.16649e-22 6.06498e-23 3.15323e-23 1.6393e-23 8.52199e-24 4.42999e-24 2.30273e-24 1.19691e-24 6.22102e-25 3.23327e-25 1.68035e-25 8.73255e-26 4.53797e-26 2.35811e-26 1.22531e-26 6.36664e-27 3.30793e-27 1.71864e-27 8.92882e-28 4.63859e-28 2.40969e-28 1.25175e-28 6.50218e-29 3.3774e-29 1.75424e-29 9.11128e-30 4.7321e-30 2.4576e-30 1.2763e-30 6.62796e-31 3.44184e-31 1.78725e-31 9.28039e-32 4.81871e-32 2.50197e-32 1.29902e-32 6.74431e-33 3.50142e-33 1.81776e-33 9.43658e-34 4.89867e-34 2.5429e-34 1.31997e-34 6.85155e-35 3.5563e-35 1.84584e-35 9.58029e-36 4.97221e-36
1.28128e-06 3.25552e-08 1.70017e-08 8.87789e-09 4.63526e-09 2.41983e-09 1.26312e-09 6.5926e-10 3.44047e-10 1.79527e-10 9.36692e-11 4.88671e-11 2.54913e-11 1.3296e-11 6.93438e-12 3.61619e-12 1.88562e-12 9.83137e-13 5.12548e-13 2.67187e-13 1.3927e-13 7.25874e-14 3.78292e-14 1.97132e-14 1.02719e-14 5.3519e-15 2.78824e-15 1.45251e-15 7.56612e-16 3.94089e-16 2.0525e-16 1.06891e-16 5.56628e-17 2.8984e-17 1.50911e-17 7.85698e-18 4.09034e-18 2.12928e-18 1.10836e-18 5.76895e-19 3.00253e-19 1.5626e-19 8.13176e-20 4.23149e-20 2.20179e-20 1.1456e-20 5.96024e-21 3.10077e-21 1.61306e-21 8.39091e-22 4.36458e-22 2.27014e-22 1.1807e-22 6.14046e-23 3.19331e-23 1.66058e-23 8.63486e-24 4.48983e-24 2.33444e-24 1.21371e-24 6.30993e-25 3.2803e-25 1.70523e-25 8.86406e-26 4.60747e-26 2.39481e-26 1.24469e-26 6.46894e-27 3.36191e-27 1.74711e-27 9.07893e-28 4.71771e-28 2.45138e-28 1.27371e-28 6.61782e-29 3.43828e-29 1.78628e-29 9.27989e-30 4.82079e-30 2.50424e-30 1.30083e-30 6.75687e-31 3.50958e-31 1.82285e-31 9.46736e-32 4.91691e-32 2.55352e-32 1.32609e-32 6.88637e-33 3.57597e-33 1.85687e-33 9.64175e-34 5.00628e-34 2.59933e-34 1.34956e-34 7.00664e-35 3.63759e-35 1.88844e-35 9.80348e-36 5.08913e-36 2.64176e-36
6.60055e-07 1.69149e-08 8.83631e-09 4.61548e-09 2.41051e-09 1.25877e-09 6.57251e-10 3.43135e-10 1.79122e-10 9.34939e-11 4.87943e-11 2.54629e-11 1.32862e-11 6.93184e-12 3.61619e-12 1.8863e-12 9.83846e-13 5.13099e-13 2.67568e-13 1.39517e-13 7.27412e-14 3.79223e-14 1.97684e-14 1.03041e-14 5.37044e-15 2.79882e-15 1.45849e-15 7.59974e-16 3.95966e-16 2.06293e-16 1.07467e-16 5.59805e-17 2.91585e-17 1.51866e-17 7.90907e-18 4.1187e-18 2.14469e-18 1.1167e-18 5.81411e-19 3.02691e-19 1.57575e-19 8.20252e-20 4.26953e-20 2.22221e-20 1.15655e-20 6.0189e-21 3.13216e-21 1.62984e-21 8.48048e-22 4.41237e-22 2.29561e-22 1.19427e-22 6.21269e-23 3.23173e-23 1.681e-23 8.74333e-24 4.54741e-24 2.36499e-24 1.2299e-24 6.39577e-25 3.32577e-25 1.72931e-25 8.99145e-26 4.67485e-26 2.43044e-26 1.26352e-26 6.56841e-27 3.41443e-27 1.77483e-27 9.22524e-28 4.79489e-28 2.49208e-28 1.29517e-28 6.73089e-29 3.49785e-29 1.81766e-29 9.44508e-30 4.90774e-30 2.55e-30 1.3249e-30 6.88349e-31 3.57617e-31 1.85785e-31 9.65133e-32 5.01358e-32 2.60431e-32 1.35277e-32 7.02647e-33 3.64952e-33 1.89548e-33 9.84439e-34 5.11262e-34 2.65511e-34 1.37882e-34 7.1601e-35 3.71806e-35 1.93063e-35 1.00246e-35 5.20503e-36 2.7025e-36 1.40312e-36
3.40028e-07 8.78793e-09 4.59217e-09 2.39934e-09 1.25346e-09 6.54744e-10 3.41964e-10 1.78582e-10 9.32487e-11 4.86853e-11 2.54158e-11 1.32666e-11 6.92423e-12 3.61356e-12 1.88562e-12 9.83846e-13 5.13283e-13 2.67759e-13 1.39666e-13 7.28439e-14 3.79889e-14 1.98098e-14 1.03291e-14 5.3853e-15 2.80749e-15 1.46349e-15 7.62825e-16 3.97579e-16 2.07199e-16 1.07974e-16 5.62617e-17 2.9314e-17 1.52723e-17 7.95613e-18 4.14445e-18 2.15874e-18 1.12436e-18 5.85569e-19 3.04945e-19 1.58794e-19 8.26837e-20 4.30503e-20 2.24133e-20 1.16683e-20 6.07408e-21 3.16175e-21 1.64569e-21 8.56531e-22 4.45771e-22 2.31983e-22 1.20719e-22 6.28159e-23 3.26843e-23 1.70054e-23 8.84727e-24 4.60266e-24 2.39434e-24 1.24549e-24 6.47846e-25 3.36963e-25 1.75255e-25 9.11459e-26 4.74005e-26 2.46495e-26 1.28178e-26 6.66494e-27 3.46546e-27 1.80179e-27 9.36762e-28 4.87006e-28 2.53175e-28 1.3161e-28 6.84128e-29 3.55605e-29 1.84833e-29 9.60669e-30 4.99287e-30 2.59483e-30 1.3485e-30 7.0077e-31 3.64152e-31 1.89223e-31 9.83214e-32 5.10865e-32 2.65429e-32 1.37903e-32 7.16446e-33 3.72201e-33 1.93356e-33 1.00443e-33 5.21758e-34 2.7102e-34 1.40773e-34 7.31181e-35 3.79764e-35 1.97237e-35 1.02435e-35 5.31982e-36 2.76268e-36 1.43466e-36 7.44997e-37
1.75166e-07 4.56534e-09 2.38634e-09 1.24719e-09 6.51743e-10 3.40537e-10 1.77908e-10 9.29341e-11 4.85402e-11 2.53499e-11 1.32373e-11 6.91155e-12 3.60829e-12 1.88357e-12 9.83137e-13 5.13099e-13 2.67759e-13 1.39715e-13 7.28952e-14 3.80288e-14 1.98374e-14 1.03471e-14 5.39646e-15 2.81425e-15 1.4675e-15 7.65162e-16 3.98927e-16 2.07968e-16 1.08409e-16 5.65061e-17 2.94505e-17 1.53482e-17 7.9981e-18 4.16758e-18 2.17144e-18 1.13131e-18 5.89363e-19 3.07011e-19 1.59917e-19 8.32923e-20 4.33796e-20 2.25911e-20 1.17642e-20 6.12572e-21 3.18952e-21 1.6606e-21 8.64529e-22 4.50056e-22 2.34276e-22 1.21945e-22 6.34708e-23 3.30339e-23 1.71918e-23 8.94657e-24 4.65553e-24 2.42247e-24 1.26044e-24 6.55792e-25 3.41182e-25 1.77494e-25 9.23335e-26 4.80301e-26 2.4983e-26 1.29944e-26 6.75844e-27 3.51493e-27 1.82795e-27 9.50592e-28 4.94314e-28 2.57035e-28 1.33648e-28 6.94886e-29 3.61281e-29 1.87827e-29 9.76458e-30 5.0761e-30 2.63869e-30 1.3716e-30 7.12938e-31 3.70559e-31 1.92595e-31 1.00096e-31 5.20202e-32 2.7034e-32 1.40485e-32 7.30023e-33 3.79337e-33 1.97106e-33 1.02413e-33 5.32106e-34 2.76455e-34 1.43627e-34 7.46161e-35 3.87627e-35 2.01363e-35 1.046e-35 5.43339e-36 2.82224e-36 1.4659e-36 7.61375e-37 3.95439e-37
9.02371e-08 2.37154e-09 1.23999e-09 6.48251e-10 3.38853e-10 1.77102e-10 9.25502e-11 4.8359e-11 2.52653e-11 1.31983e-11 6.89382e-12 3.60041e-12 1.88016e-12 9.81721e-13 5.12548e-13 2.67568e-13 1.39666e-13 7.28952e-14 3.80422e-14 1.98513e-14 1.03578e-14 5.40391e-15 2.81908e-15 1.4705e-15 7.66983e-16 4.00006e-16 2.08598e-16 1.08772e-16 5.67134e-17 2.95678e-17 1.54141e-17 8.03492e-18 4.18805e-18 2.18277e-18 1.13755e-18 5.92791e-19 3.08888e-19 1.60941e-19 8.38502e-20 4.36828e-20 2.27555e-20 1.18531e-20 6.17378e-21 3.21544e-21 1.67456e-21 8.72035e-22 4.54088e-22 2.36439e-22 1.23104e-22 6.4091e-23 3.33655e-23 1.73689e-23 9.04113e-24 4.70596e-24 2.44934e-24 1.27475e-24 6.63406e-25 3.4523e-25 1.79645e-25 9.3476e-26 4.86364e-26 2.53047e-26 1.31649e-26 6.84881e-27 3.56279e-27 1.85329e-27 9.64e-28 5.01406e-28 2.60785e-28 1.3563e-28 7.05354e-29 3.66809e-29 1.90745e-29 9.91857e-30 5.15733e-30 2.68153e-30 1.39419e-30 7.24842e-31 3.76831e-31 1.95899e-31 1.01836e-31 5.2936e-32 2.7516e-32 1.43022e-32 7.43364e-33 3.86354e-33 2.00795e-33 1.04353e-33 5.42298e-34 2.81811e-34 1.4644e-34 7.60938e-35 3.95387e-35 2.05438e-35 1.06739e-35 5.54563e-36 2.88114e-36 1.4968e-36 7.77584e-37 4.03941e-37 2.09833e-37
4.64858e-08 1.23184e-09 6.44273e-10 3.36917e-10 1.76163e-10 9.20977e-11 4.81422e-11 2.5162e-11 1.31496e-11 6.87106e-12 3.5899e-12 1.87539e-12 9.79598e-13 5.1163e-13 2.67187e-13 1.39517e-13 7.28439e-14 3.80288e-14 1.98513e-14 1.03614e-14 5.40764e-15 2.82198e-15 1.47251e-15 7.68285e-16 4.00817e-16 2.09089e-16 1.09063e-16 5.68833e-17 2.96658e-17 1.547e-17 8.06657e-18 4.20583e-18 2.19271e-18 1.14307e-18 5.95848e-19 3.10572e-19 1.61867e-19 8.4357e-20 4.39595e-20 2.29062e-20 1.1935e-20 6.21819e-21 3.23947e-21 1.68755e-21 8.7904e-22 4.57861e-22 2.38468e-22 1.24194e-22 6.46758e-23 3.36789e-23 1.75367e-23 9.13085e-24 4.75389e-24 2.47493e-24 1.2884e-24 6.70679e-25 3.49104e-25 1.81707e-25 9.45722e-26 4.9219e-26 2.56142e-26 1.33292e-26 6.93595e-27 3.609e-27 1.87778e-27 9.76971e-28 5.08274e-28 2.64419e-28 1.37552e-28 7.1552e-29 3.72183e-29 1.93585e-29 1.00685e-29 5.2365e-30 2.72331e-30 1.41624e-30 7.36469e-31 3.82961e-31 1.9913e-31 1.03538e-31 5.3833e-32 2.79884e-32 1.45509e-32 7.56456e-33 3.93243e-33 2.04419e-33 1.06259e-33 5.52324e-34 2.87082e-34 1.49211e-34 7.75498e-35 4.03037e-35 2.09456e-35 1.08849e-35 5.65645e-36 2.93932e-36 1.52733e-36 7.9361e-37 4.1235e-37 2.14245e-37 1.11311e-37
2.39472e-08 6.39813e-10 3.34729e-10 1.75094e-10 9.15771e-11 4.78898e-11 2.50404e-11 1.30912e-11 6.84329e-12 3.5768e-12 1.86926e-12 9.76772e-13 5.10346e-13 2.66616e-13 1.3927e-13 7.27412e-14 3.79889e-14 1.98374e-14 1.03578e-14 5.40764e-15 2.82295e-15 1.47351e-15 7.69066e-16 4.01358e-16 2.0944e-16 1.09281e-16 5.70157e-17 2.97443e-17 1.55158e-17 8.09299e-18 4.22092e-18 2.20124e-18 1.14787e-18 5.9853e-19 3.12063e-19 1.62692e-19 8.48119e-20 4.42094e-20 2.30431e-20 1.20098e-20 6.2589e-21 3.2616e-21 1.69955e-21 8.85537e-22 4.61371e-22 2.40362e-22 1.25214e-22 6.52246e-23 3.39737e-23 1.76949e-23 9.21563e-24 4.79928e-24 2.49921e-24 1.30137e-24 6.77605e-25 3.52799e-25 1.83676e-25 9.56211e-26 4.97773e-26 2.59111e-26 1.3487e-26 7.01978e-27 3.6535e-27 1.90139e-27 9.89494e-28 5.14911e-28 2.67936e-28 1.39414e-28 7.25376e-29 3.77397e-29 1.96342e-29 1.02143e-29 5.31352e-30 2.764e-30 1.43772e-30 7.47808e-31 3.88945e-31 2.02286e-31 1.05203e-31 5.47104e-32 2.84508e-32 1.47945e-32 7.69288e-33 4e-33 2.07976e-33 1.08131e-33 5.62174e-34 2.92263e-34 1.51936e-34 7.89827e-35 4.10569e-35 2.13415e-35 1.1093e-35 5.76574e-36 2.99672e-36 1.55748e-36 8.09439e-37 4.20659e-37 2.18606e-37 1.136e-37 5.90312e-38
1.23364e-08 3.32293e-10 1.73895e-10 9.09889e-11 4.76023e-11 2.49004e-11 1.30234e-11 6.81056e-12 3.56111e-12 1.86179e-12 9.73245e-13 5.08698e-13 2.65855e-13 1.38924e-13 7.25874e-14 3.79223e-14 1.98098e-14 1.03471e-14 5.40391e-15 2.82198e-15 1.47351e-15 7.69327e-16 4.01629e-16 2.0965e-16 1.09427e-16 5.71103e-17 2.98032e-17 1.55515e-17 8.11417e-18 4.23328e-18 2.20837e-18 1.15195e-18 6.00834e-19 3.13359e-19 1.63416e-19 8.52145e-20 4.44323e-20 2.3166e-20 1.20773e-20 6.29588e-21 3.2818e-21 1.71055e-21 8.91517e-22 4.64615e-22 2.42118e-22 1.26163e-22 6.57367e-23 3.42496e-23 1.78433e-23 9.29537e-24 4.84208e-24 2.52214e-24 1.31366e-24 6.84176e-25 3.5631e-25 1.85551e-25 9.66214e-26 5.03105e-26 2.61951e-26 1.36382e-26 7.10021e-27 3.69625e-27 1.92411e-27 1.00155e-27 5.21311e-28 2.7133e-28 1.41214e-28 7.34909e-29 3.82446e-29 1.99015e-29 1.03557e-29 5.38832e-30 2.80354e-30 1.45862e-30 7.58848e-31 3.94775e-31 2.05364e-31 1.06827e-31 5.55673e-32 2.89027e-32 1.50328e-32 7.81846e-33 4.06617e-33 2.11462e-33 1.09967e-33 5.7184e-34 2.97351e-34 1.54614e-34 8.03913e-35 4.17978e-35 2.17311e-35 1.12978e-35 5.87341e-36 3.05331e-36 1.58721e-36 8.25057e-37 4.28862e-37 2.22914e-37 1.15862e-37 6.02183e-38 3.1297e-38
6.35514e-09 1.72568e-10 9.0334e-11 4.72799e-11 2.47422e-11 1.2946e-11 6.7729e-12 3.54285e-12 1.85299e-12 9.69023e-13 5.06687e-13 2.64906e-13 1.38481e-13 7.23825e-14 3.78292e-14 1.97684e-14 1.03291e-14 5.39646e-15 2.81908e-15 1.47251e-15 7.69066e-16 4.01629e-16 2.09721e-16 1.095e-16 5.71671e-17 2.98426e-17 1.55771e-17 8.13007e-18 4.24291e-18 2.21409e-18 1.15528e-18 6.02759e-19 3.14458e-19 1.64038e-19 8.55644e-20 4.46278e-20 2.32747e-20 1.21375e-20 6.32907e-21 3.30004e-21 1.72054e-21 8.96975e-22 4.67589e-22 2.43735e-22 1.2704e-22 6.62115e-23 3.45062e-23 1.79818e-23 9.37e-24 4.88223e-24 2.54372e-24 1.32524e-24 6.90384e-25 3.59635e-25 1.8733e-25 9.75721e-26 5.08182e-26 2.6466e-26 1.37826e-26 7.17716e-27 3.73722e-27 1.9459e-27 1.01314e-27 5.27467e-28 2.74599e-28 1.42949e-28 7.44112e-29 3.87325e-29 2.016e-29 1.04926e-29 5.46082e-30 2.84191e-30 1.47891e-30 7.69579e-31 4.00446e-31 2.08361e-31 1.0841e-31 5.64028e-32 2.93437e-32 1.52655e-32 7.9412e-33 4.13089e-33 2.14874e-33 1.11765e-33 5.81312e-34 3.0234e-34 1.5724e-34 8.17741e-35 4.25256e-35 2.21141e-35 1.14993e-35 5.97936e-36 3.10902e-36 1.6165e-36 8.4045e-37 4.36951e-37 2.27163e-37 1.18094e-37 6.13907e-38 3.19126e-38 1.65885e-38
3.27386e-09 8.96131e-11 4.69231e-11 2.45661e-11 1.28594e-11 6.73036e-12 3.52205e-12 1.84285e-12 9.6411e-13 5.04317e-13 2.63769e-13 1.37939e-13 7.2127e-14 3.77097e-14 1.97132e-14 1.03041e-14 5.3853e-15 2.81425e-15 1.4705e-15 7.68285e-16 4.01358e-16 2.0965e-16 1.095e-16 5.71861e-17 2.98623e-17 1.55924e-17 8.14069e-18 4.2498e-18 2.21838e-18 1.15788e-18 6.04301e-19 3.15359e-19 1.64558e-19 8.58611e-20 4.47959e-20 2.33692e-20 1.21903e-20 6.35845e-21 3.3163e-21 1.72951e-21 9.01905e-22 4.7029e-22 2.4521e-22 1.27844e-22 6.66487e-23 3.47434e-23 1.81102e-23 9.43943e-24 4.9197e-24 2.56391e-24 1.3361e-24 6.96224e-25 3.62769e-25 1.8901e-25 9.84722e-26 5.12998e-26 2.67235e-26 1.39201e-26 7.25053e-27 3.77634e-27 1.96675e-27 1.02424e-27 5.33373e-28 2.77739e-28 1.44617e-28 7.52975e-29 3.92029e-29 2.04096e-29 1.0625e-29 5.53094e-30 2.87905e-30 1.49858e-30 7.79988e-31 4.05954e-31 2.11273e-31 1.09949e-31 5.72163e-32 2.97734e-32 1.54923e-32 8.06096e-33 4.19409e-33 2.18208e-33 1.13523e-33 5.9058e-34 3.07225e-34 1.59814e-34 8.313e-35 4.32397e-35 2.249e-35 1.16971e-35 6.08349e-36 3.1638e-36 1.64532e-36 8.55604e-37 4.44918e-37 2.31351e-37 1.20295e-37 6.25472e-38 3.25201e-38 1.69076e-38 8.79013e-39
1.68653e-09 4.65324e-11 2.43722e-11 1.27634e-11 6.68298e-12 3.49872e-12 1.83141e-12 9.58511e-13 5.0159e-13 2.62447e-13 1.37301e-13 7.18209e-14 3.7564e-14 1.96443e-14 1.02719e-14 5.37044e-15 2.80749e-15 1.4675e-15 7.66983e-16 4.00817e-16 2.0944e-16 1.09427e-16 5.71671e-17 2.98623e-17 1.55975e-17 8.14599e-18 4.25394e-18 2.22124e-18 1.15974e-18 6.0546e-19 3.16061e-19 1.64974e-19 8.61043e-20 4.49362e-20 2.34493e-20 1.22357e-20 6.38398e-21 3.33057e-21 1.73745e-21 9.063e-22 4.72714e-22 2.46543e-22 1.28574e-22 6.70476e-23 3.49609e-23 1.82285e-23 9.50359e-24 4.95445e-24 2.5827e-24 1.34624e-24 7.01688e-25 3.6571e-25 1.90591e-25 9.93208e-26 5.17549e-26 2.69672e-26 1.40506e-26 7.32027e-27 3.81359e-27 1.98663e-27 1.03484e-27 5.39023e-28 2.80748e-28 1.46218e-28 7.61488e-29 3.96553e-29 2.06499e-29 1.07525e-29 5.59863e-30 2.91495e-30 1.5176e-30 7.90068e-31 4.11291e-31 2.14098e-31 1.11444e-31 5.80068e-32 3.01913e-32 1.57132e-32 8.17764e-33 4.25571e-33 2.21461e-33 1.1524e-33 5.99638e-34 3.12002e-34 1.62333e-34 8.44577e-35 4.39393e-35 2.28586e-35 1.18913e-35 6.18571e-36 3.21761e-36 1.67364e-36 8.70505e-37 4.52757e-37 2.35474e-37 1.22463e-37 6.36868e-38 3.31191e-38 1.72224e-38 8.95552e-39 4.65665e-39
8.6882e-10 2.41608e-11 1.26583e-11 6.63083e-12 3.4729e-12 1.81866e-12 9.52234e-13 4.98509e-13 2.60939e-13 1.36567e-13 7.14648e-14 3.73921e-14 1.95619e-14 1.02326e-14 5.3519e-15 2.79882e-15 1.46349e-15 7.65162e-16 4.00006e-16 2.09089e-16 1.09281e-16 5.71103e-17 2.98426e-17 1.55924e-17 8.14599e-18 4.25532e-18 2.22268e-18 1.16086e-18 6.06233e-19 3.16562e-19 1.65287e-19 8.62938e-20 4.50486e-20 2.3515e-20 1.22736e-20 6.40563e-21 3.34284e-21 1.74435e-21 9.10157e-22 4.7486e-22 2.47731e-22 1.2923e-22 6.7408e-23 3.51583e-23 1.83364e-23 9.5624e-24 4.98643e-24 2.60006e-24 1.35564e-24 7.06772e-25 3.68454e-25 1.9207e-25 1.00117e-25 5.21829e-26 2.7197e-26 1.41738e-26 7.38629e-27 3.84893e-27 2.00552e-27 1.04493e-27 5.4441e-28 2.83621e-28 1.47749e-28 7.69643e-29 4.00893e-29 2.08807e-29 1.08752e-29 5.66381e-30 2.94955e-30 1.53596e-30 7.99806e-31 4.16453e-31 2.16833e-31 1.12892e-31 5.87737e-32 3.05971e-32 1.59278e-32 8.29112e-33 4.31569e-33 2.2463e-33 1.16913e-33 6.08475e-34 3.16666e-34 1.64794e-34 8.57558e-35 4.46238e-35 2.32195e-35 1.20815e-35 6.28592e-36 3.2704e-36 1.70143e-36 8.8514e-37 4.6046e-37 2.39528e-37 1.24596e-37 6.48086e-38 3.37091e-38 1.75325e-38 9.11857e-39 4.74234e-39 2.46628e-39
4.47574e-10 1.25442e-11 6.57397e-12 3.44463e-12 1.80462e-12 9.45286e-13 4.95078e-13 2.5925e-13 1.35737e-13 7.1059e-14 3.71944e-14 1.9466e-14 1.01863e-14 5.32969e-15 2.78824e-15 1.45849e-15 7.62825e-16 3.98927e-16 2.08598e-16 1.09063e-16 5.70157e-17 2.98032e-17 1.55771e-17 8.14069e-18 4.25394e-18 2.22268e-18 1.16123e-18 6.06619e-19 3.16864e-19 1.65496e-19 8.64293e-20 4.51331e-20 2.35662e-20 1.2304e-20 6.42337e-21 3.35308e-21 1.7502e-21 9.13471e-22 4.76724e-22 2.48774e-22 1.2981e-22 6.77292e-23 3.53356e-23 1.84338e-23 9.6158e-24 5.01562e-24 2.61597e-24 1.3643e-24 7.11469e-25 3.70999e-25 1.93446e-25 1.0086e-25 5.25834e-26 2.74126e-26 1.42897e-26 7.44853e-27 3.88231e-27 2.02341e-27 1.05451e-27 5.49529e-28 2.86356e-28 1.4921e-28 7.77431e-29 4.05045e-29 2.11018e-29 1.09929e-29 5.72641e-30 2.98283e-30 1.55364e-30 8.09194e-31 4.21435e-31 2.19476e-31 1.14293e-31 5.95161e-32 3.09903e-32 1.6136e-32 8.4013e-33 4.37397e-33 2.27712e-33 1.18543e-33 6.17083e-34 3.21213e-34 1.67195e-34 8.70233e-35 4.52927e-35 2.35723e-35 1.22675e-35 6.38403e-36 3.32211e-36 1.72868e-36 8.99496e-37 4.68021e-37 2.43509e-37 1.26691e-37 6.59115e-38 3.42894e-38 1.78378e-38 9.27913e-39 4.82677e-39 2.51067e-39 1.30589e-39
2.30568e-10 6.51246e-12 3.41392e-12 1.78932e-12 9.37676e-13 4.91301e-13 2.57379e-13 1.34814e-13 7.0604e-14 3.6971e-14 1.93567e-14 1.01331e-14 5.30385e-15 2.77577e-15 1.45251e-15 7.59974e-16 3.97579e-16 2.07968e-16 1.08772e-16 5.68833e-17 2.97443e-17 1.55515e-17 8.13007e-18 4.2498e-18 2.22124e-18 1.16086e-18 6.06619e-19 3.16964e-19 1.656e-19 8.65106e-20 4.51894e-20 2.36028e-20 1.23268e-20 6.43719e-21 3.36128e-21 1.75499e-21 9.16239e-22 4.78305e-22 2.49669e-22 1.30314e-22 6.80111e-23 3.54924e-23 1.85207e-23 9.66375e-24 5.04198e-24 2.63042e-24 1.3722e-24 7.15775e-25 3.73341e-25 1.94718e-25 1.01549e-25 5.29559e-26 2.76137e-26 1.43982e-26 7.50692e-27 3.9137e-27 2.04027e-27 1.06355e-27 5.54376e-28 2.8895e-28 1.50597e-28 7.84846e-29 4.09003e-29 2.1313e-29 1.11055e-29 5.78637e-30 3.01475e-30 1.57063e-30 8.18221e-31 4.26232e-31 2.22023e-31 1.15645e-31 6.02333e-32 3.13706e-32 1.63376e-32 8.50806e-33 4.4305e-33 2.30704e-33 1.20126e-33 6.25455e-34 3.25639e-34 1.69534e-34 8.82589e-35 4.59452e-35 2.39168e-35 1.24493e-35 6.47995e-36 3.3727e-36 1.75536e-36 9.13558e-37 4.75432e-37 2.47413e-37 1.28748e-37 6.69946e-38 3.48596e-38 1.81379e-38 9.43706e-39 4.90986e-39 2.55438e-39 1.32888e-39 6.91303e-40
1.18778e-10 3.38082e-12 1.77277e-12 9.29412e-13 4.87182e-13 2.55331e-13 1.33797e-13 7.01004e-14 3.67222e-14 1.92342e-14 1.00729e-14 5.2744e-15 2.76142e-15 1.44554e-15 7.56612e-16 3.95966e-16 2.07199e-16 1.08409e-16 5.67134e-17 2.96658e-17 1.55158e-17 8.11417e-18 4.24291e-18 2.21838e-18 1.15974e-18 6.06233e-19 3.16864e-19 1.656e-19 8.65378e-20 4.52176e-20 2.36247e-20 1.2342e-20 6.44708e-21 3.36744e-21 1.75873e-21 9.18456e-22 4.79601e-22 2.50417e-22 1.30741e-22 6.82533e-23 3.56287e-23 1.85969e-23 9.70617e-24 5.06548e-24 2.64339e-24 1.37933e-24 7.19685e-25 3.75479e-25 1.95883e-25 1.02183e-25 5.33001e-26 2.78003e-26 1.44991e-26 7.5614e-27 3.94308e-27 2.05608e-27 1.07206e-27 5.58944e-28 2.91401e-28 1.51911e-28 7.91878e-29 4.12765e-29 2.1514e-29 1.12128e-29 5.84364e-30 3.04528e-30 1.58689e-30 8.26881e-31 4.30839e-31 2.24473e-31 1.16947e-31 6.09247e-32 3.17376e-32 1.65323e-32 8.61131e-33 4.48523e-33 2.33603e-33 1.21661e-33 6.33582e-34 3.29939e-34 1.71809e-34 8.94614e-35 4.65807e-35 2.42526e-35 1.26267e-35 6.57359e-36 3.42213e-36 1.78144e-36 9.27315e-37 4.82687e-37 2.51238e-37 1.30764e-37 6.80568e-38 3.54192e-38 1.84326e-38 9.59223e-39 4.99154e-39 2.59737e-39 1.3515e-39 7.03202e-40 3.65872e-40
6.11885e-11 1.75499e-12 9.20505e-13 4.82727e-13 2.53106e-13 1.32688e-13 6.95487e-14 3.64484e-14 1.90985e-14 1.00059e-14 5.24139e-15 2.7452e-15 1.43761e-15 7.52744e-16 3.94089e-16 2.06293e-16 1.07974e-16 5.65061e-17 2.95678e-17 1.547e-17 8.09299e-18 4.23328e-18 2.21409e-18 1.15788e-18 6.0546e-19 3.16562e-19 1.65496e-19 8.65106e-20 4.52176e-20 2.36321e-20 1.23496e-20 6.45301e-21 3.37156e-21 1.7614e-21 9.20121e-22 4.8061e-22 2.51017e-22 1.31091e-22 6.84556e-23 3.57443e-23 1.86624e-23 9.74303e-24 5.0861e-24 2.65486e-24 1.38569e-24 7.23194e-25 3.77409e-25 1.96941e-25 1.02761e-25 5.36156e-26 2.79719e-26 1.45923e-26 7.61191e-27 3.9704e-27 2.07084e-27 1.08002e-27 5.6323e-28 2.93706e-28 1.53149e-28 7.98521e-29 4.16325e-29 2.17046e-29 1.13148e-29 5.89814e-30 3.07439e-30 1.60242e-30 8.35162e-31 4.35252e-31 2.26822e-31 1.18197e-31 6.15895e-32 3.20909e-32 1.67199e-32 8.71094e-33 4.53809e-33 2.36406e-33 1.23147e-33 6.41456e-34 3.3411e-34 1.74016e-34 9.06297e-35 4.71988e-35 2.45794e-35 1.27994e-35 6.66486e-36 3.47034e-36 1.8069e-36 9.40754e-37 4.89779e-37 2.54979e-37 1.32737e-37 6.90972e-38 3.59676e-38 1.87217e-38 9.7445e-39 5.07174e-39 2.6396e-39 1.37373e-39 7.14905e-40 3.7203e-40 1.93594e-40
3.15214e-11 9.10964e-13 4.7794e-13 2.50708e-13 1.31488e-13 6.89497e-14 3.61497e-14 1.89499e-14 9.9321e-15 5.20484e-15 2.72714e-15 1.42871e-15 7.48374e-16 3.9195e-16 2.0525e-16 1.07467e-16 5.62617e-17 2.94505e-17 1.54141e-17 8.06657e-18 4.22092e-18 2.20837e-18 1.15528e-18 6.04301e-19 3.16061e-19 1.65287e-19 8.64293e-20 4.51894e-20 2.36247e-20 1.23496e-20 6.45499e-21 3.37361e-21 1.763e-21 9.21233e-22 4.81332e-22 2.51467e-22 1.31364e-22 6.86176e-23 3.5839e-23 1.87171e-23 9.77429e-24 5.10382e-24 2.66484e-24 1.39127e-24 7.263e-25 3.7913e-25 1.97891e-25 1.03284e-25 5.39021e-26 2.81286e-26 1.46777e-26 7.6584e-27 3.99565e-27 2.08452e-27 1.08742e-27 5.67228e-28 2.95863e-28 1.5431e-28 8.04768e-29 4.19681e-29 2.18847e-29 1.14113e-29 5.94984e-30 3.10205e-30 1.61721e-30 8.43058e-31 4.39465e-31 2.29069e-31 1.19395e-31 6.2227e-32 3.24302e-32 1.69004e-32 8.80685e-33 4.58904e-33 2.39112e-33 1.24583e-33 6.4907e-34 3.38146e-34 1.76155e-34 9.17627e-35 4.77986e-35 2.48968e-35 1.29674e-35 6.75368e-36 3.51729e-36 1.83171e-36 9.53862e-37 4.96701e-37 2.58634e-37 1.34666e-37 7.01149e-38 3.65044e-38 1.90047e-38 9.89372e-39 5.15039e-39 2.68104e-39 1.39556e-39 7.26401e-40 3.78083e-40 1.9678e-40 1.02414e-40
1.62383e-11 4.72828e-13 2.4814e-13 1.302e-13 6.83039e-14 3.58267e-14 1.87886e-14 9.85164e-15 5.1648e-15 2.70726e-15 1.41886e-15 7.43506e-16 3.89552e-16 2.04072e-16 1.06891e-16 5.59805e-17 2.9314e-17 1.53482e-17 8.03492e-18 4.20583e-18 2.20124e-18 1.15195e-18 6.02759e-19 3.15359e-19 1.64974e-19 8.62938e-20 4.51331e-20 2.36028e-20 1.2342e-20 6.45301e-21 3.37361e-21 1.76354e-21 9.21788e-22 4.81766e-22 2.51767e-22 1.31559e-22 6.87393e-23 3.59128e-23 1.87609e-23 9.79991e-24 5.11862e-24 2.67329e-24 1.39606e-24 7.28998e-25 3.8064e-25 1.98732e-25 1.0375e-25 5.41593e-26 2.827e-26 1.47553e-26 7.70082e-27 4.01879e-27 2.09712e-27 1.09426e-27 5.70935e-28 2.97869e-28 1.55394e-28 8.10613e-29 4.2283e-29 2.20541e-29 1.15023e-29 5.99867e-30 3.12823e-30 1.63123e-30 8.5056e-31 4.43476e-31 2.31211e-31 1.20538e-31 6.28368e-32 3.27551e-32 1.70734e-32 8.89896e-33 4.63803e-33 2.41716e-33 1.25966e-33 6.56417e-34 3.42045e-34 1.78224e-34 9.28593e-35 4.83798e-35 2.52047e-35 1.31304e-35 6.83996e-36 3.56294e-36 1.85586e-36 9.66628e-37 5.03448e-37 2.62199e-37 1.36548e-37 7.1109e-38 3.70291e-38 1.92816e-38 1.00398e-38 5.22742e-39 2.72165e-39 1.41696e-39 7.37681e-40 3.84026e-40 1.9991e-40 1.04062e-40 5.41668e-41
8.36517e-12 2.45404e-13 1.28823e-13 6.76122e-14 3.54796e-14 1.86146e-14 9.76461e-15 5.12133e-15 2.68558e-15 1.40807e-15 7.38148e-16 3.86897e-16 2.0276e-16 1.06244e-16 5.56628e-17 2.91585e-17 1.52723e-17 7.9981e-18 4.18805e-18 2.19271e-18 1.14787e-18 6.00834e-19 3.14458e-19 1.64558e-19 8.61043e-20 4.50486e-20 2.35662e-20 1.23268e-20 6.44708e-21 3.37156e-21 1.763e-21 9.21788e-22 4.8191e-22 2.51918e-22 1.31677e-22 6.88205e-23 3.59655e-23 1.87938e-23 9.81987e-24 5.13047e-24 2.68022e-24 1.40006e-24 7.31286e-25 3.81937e-25 1.99462e-25 1.04158e-25 5.43868e-26 2.83962e-26 1.48249e-26 7.73913e-27 4.0398e-27 2.10861e-27 1.10053e-27 5.74347e-28 2.99722e-28 1.56398e-28 8.16049e-29 4.25767e-29 2.22125e-29 1.15877e-29 6.04459e-30 3.1529e-30 1.64447e-30 8.57661e-31 4.47279e-31 2.33247e-31 1.21626e-31 6.34181e-32 3.30654e-32 1.72389e-32 8.98716e-33 4.68501e-33 2.44216e-33 1.27296e-33 6.63489e-34 3.45803e-34 1.80219e-34 9.39185e-35 4.89417e-35 2.55027e-35 1.32883e-35 6.92363e-36 3.60725e-36 1.87931e-36 9.79039e-37 5.10013e-37 2.6567e-37 1.38383e-37 7.20784e-38 3.75412e-38 1.9552e-38 1.01825e-38 5.30275e-39 2.76139e-39 1.43793e-39 7.48734e-40 3.89852e-40 2.02981e-40 1.0568e-40 5.5019e-41 2.86428e-41
