0.373525 0.0390473 0.0236243 0.0155051 0.0106664 0.00753482 0.00540247 0.0039063 0.00283805 0.00206754 0.00150849 0.00110145 0.000804496 0.00058761 0.00042912 0.000313282 0.000228624 0.000166769 0.000121589 8.86035e-05 6.45312e-05 4.69715e-05 3.41677e-05 2.48349e-05 1.80331e-05 1.3075e-05 9.45804e-06 6.8142e-06 4.87376e-06 3.43815e-06 2.49297e-06
0.0390473 0.00708081 0.00403833 0.00242465 0.00150153 0.000950063 0.000611224 0.000398614 0.000262912 0.000175048 0.000117467 7.93464e-05 5.38928e-05 3.67749e-05 2.51933e-05 1.73173e-05 1.19381e-05 8.25038e-06 5.71421e-06 3.96511e-06 2.75585e-06 1.91796e-06 1.33621e-06 9.31512e-07 6.49407e-07 4.52302e-07 3.1418e-07 2.16992e-07 1.48201e-07 9.91012e-08 6.96595e-08
0.0236243 0.00403833 0.00214884 0.00122893 0.00073695 0.000456609 0.000289754 0.000187257 0.000122761 8.1403e-05 5.4477e-05 3.67313e-05 2.4919e-05 1.69919e-05 1.16361e-05 7.9972e-06 5.51318e-06 3.81073e-06 2.63996e-06 1.83244e-06 1.27402e-06 8.86976e-07 6.1814e-07 4.31029e-07 3.00522e-07 2.09275e-07 1.45288e-07 1.00239e-07 6.83679e-08 4.73879e-08 3.33265e-08
0.0155051 0.00242465 0.00122893 0.000677274 0.00039582 0.000241068 0.000151247 9.70098e-05 6.32749e-05 4.1812e-05 2.79144e-05 1.87897e-05 1.2732e-05 8.6744e-06 5.93672e-06 4.07848e-06 2.81088e-06 1.94254e-06 1.34559e-06 9.33947e-07 6.49325e-07 4.5206e-07 3.15043e-07 2.19673e-07 1.5315e-07 1.06637e-07 7.4026e-08 5.10927e-08 3.5576e-08 2.46606e-08 1.7345e-08
0.0106664 0.00150153 0.00073695 0.00039582 0.000227113 0.000136611 8.50066e-05 5.4224e-05 3.52355e-05 2.32225e-05 1.54742e-05 1.04011e-05 7.04004e-06 4.79222e-06 3.27742e-06 2.25022e-06 1.55006e-06 1.07075e-06 7.41425e-07 5.14434e-07 3.57551e-07 2.48859e-07 1.73388e-07 1.20874e-07 8.42564e-08 5.86681e-08 4.07483e-08 2.84332e-08 1.97991e-08 1.37239e-08 9.65085e-09
0.00753482 0.000950063 0.000456609 0.000241068 0.000136611 8.14837e-05 5.04207e-05 3.20414e-05 2.07661e-05 1.36598e-05 9.08849e-06 6.10145e-06 4.12556e-06 2.80579e-06 1.91736e-06 1.31548e-06 9.05567e-07 6.25166e-07 4.32641e-07 3.00028e-07 2.08429e-07 1.45003e-07 1.00987e-07 7.03781e-08 4.90495e-08 3.41603e-08 2.3852e-08 1.66418e-08 1.1587e-08 8.03064e-09 5.64517e-09
0.00540247 0.000611224 0.000289754 0.000151247 8.50066e-05 5.04207e-05 3.10826e-05 1.97012e-05 1.27442e-05 8.37044e-06 5.56227e-06 3.73005e-06 2.51961e-06 1.71201e-06 1.16892e-06 8.01337e-07 5.51218e-07 3.80266e-07 2.62982e-07 1.82256e-07 1.26537e-07 8.7983e-08 6.1246e-08 4.26665e-08 2.97321e-08 2.07541e-08 1.44876e-08 1.01057e-08 7.03462e-09 4.8747e-09 3.4251e-09
0.0039063 0.000398614 0.000187257 9.70098e-05 5.4224e-05 3.20414e-05 1.97012e-05 1.24638e-05 8.05048e-06 5.28094e-06 3.50529e-06 2.34818e-06 1.58461e-06 1.0757e-06 7.33803e-07 5.02621e-07 3.45459e-07 2.38137e-07 1.64568e-07 1.13973e-07 7.90778e-08 5.49509e-08 3.82322e-08 2.66242e-08 1.85673e-08 1.29557e-08 9.04059e-09 6.30414e-09 4.38709e-09 3.03948e-09 2.13455e-09
0.00283805 0.000262912 0.000122761 6.32749e-05 3.52355e-05 2.07661e-05 1.27442e-05 8.05048e-06 5.19333e-06 3.40281e-06 2.25624e-06 1.5099e-06 1.01791e-06 6.90346e-07 4.70503e-07 3.21993e-07 2.21127e-07 1.52309e-07 1.05176e-07 7.27886e-08 5.04692e-08 3.50495e-08 2.43732e-08 1.69735e-08 1.18313e-08 8.25181e-09 5.75583e-09 4.01215e-09 2.79122e-09 1.93342e-09 1.35711e-09
0.00206754 0.000175048 8.1403e-05 4.1812e-05 2.32225e-05 1.36598e-05 8.37044e-06 5.28094e-06 3.40281e-06 2.22721e-06 1.47521e-06 9.86233e-07 6.64228e-07 4.50053e-07 3.06454e-07 2.09542e-07 1.43783e-07 9.89571e-08 6.82829e-08 4.72225e-08 3.27208e-08 2.27101e-08 1.57872e-08 1.09882e-08 7.65536e-09 5.33675e-09 3.7209e-09 2.59269e-09 1.80314e-09 1.24874e-09 8.76083e-10
0.00150849 0.000117467 5.4477e-05 2.79144e-05 1.54742e-05 9.08849e-06 5.56227e-06 3.50529e-06 2.25624e-06 1.47521e-06 9.76126e-07 6.51928e-07 4.38651e-07 2.96936e-07 2.02012e-07 1.38011e-07 9.46222e-08 6.50723e-08 4.48685e-08 3.10081e-08 2.14719e-08 1.48952e-08 1.03485e-08 7.1988e-09 5.01275e-09 3.49284e-09 2.43423e-09 1.69549e-09 1.17879e-09 8.16186e-10 5.72341e-10
0.00110145 7.93464e-05 3.67313e-05 1.87897e-05 1.04011e-05 6.10145e-06 3.73005e-06 2.34818e-06 1.5099e-06 9.86233e-07 6.51928e-07 4.34983e-07 2.92405e-07 1.97759e-07 1.34423e-07 9.17591e-08 6.28616e-08 4.31979e-08 2.97644e-08 2.05561e-08 1.42259e-08 9.86262e-09 6.84815e-09 4.76123e-09 3.31371e-09 2.30788e-09 1.60771e-09 1.11938e-09 7.78007e-10 5.38575e-10 3.77496e-10
0.000804496 5.38928e-05 2.4919e-05 1.2732e-05 7.04004e-06 4.12556e-06 2.51961e-06 1.58461e-06 1.01791e-06 6.64228e-07 4.38651e-07 2.92405e-07 1.96382e-07 1.32701e-07 9.01258e-08 6.14719e-08 4.20807e-08 2.88965e-08 1.98967e-08 1.37326e-08 9.49779e-09 6.5808e-09 4.56685e-09 3.17346e-09 2.20756e-09 1.53678e-09 1.0701e-09 7.44787e-10 5.17495e-10 3.58166e-10 2.50933e-10
0.00058761 3.67749e-05 1.69919e-05 8.6744e-06 4.79222e-06 2.80579e-06 1.71201e-06 1.0757e-06 6.90346e-07 4.50053e-07 2.96936e-07 1.97759e-07 1.32701e-07 8.95946e-08 6.08006e-08 4.14384e-08 2.8346e-08 1.94515e-08 1.33847e-08 9.23224e-09 6.38141e-09 4.41901e-09 3.06499e-09 2.12875e-09 1.48011e-09 1.02991e-09 7.16861e-10 4.98755e-10 3.46445e-10 2.39734e-10 1.67888e-10
0.00042912 2.51933e-05 1.16361e-05 5.93672e-06 3.27742e-06 1.91736e-06 1.16892e-06 7.33803e-07 4.70503e-07 3.06454e-07 2.02012e-07 1.34423e-07 9.01258e-08 6.08006e-08 4.12288e-08 2.80787e-08 1.91939e-08 1.31626e-08 9.05152e-09 6.2396e-09 4.31039e-09 2.98324e-09 2.06808e-09 1.43565e-09 9.97743e-10 6.93963e-10 4.82837e-10 3.35816e-10 2.33198e-10 1.61339e-10 1.12942e-10
0.000313282 1.73173e-05 7.9972e-06 4.07848e-06 2.25022e-06 1.31548e-06 8.01337e-07 5.02621e-07 3.21993e-07 2.09542e-07 1.38011e-07 9.17591e-08 6.14719e-08 4.14384e-08 2.80787e-08 1.91096e-08 1.30542e-08 8.94647e-09 6.14851e-09 4.23598e-09 2.92466e-09 2.02311e-09 1.40178e-09 9.72653e-10 6.75672e-10 4.69757e-10 3.26717e-10 2.27158e-10 1.577e-10 1.09086e-10 7.63336e-11
0.000228624 1.19381e-05 5.51318e-06 2.81088e-06 1.55006e-06 9.05567e-07 5.51218e-07 3.45459e-07 2.21127e-07 1.43783e-07 9.46222e-08 6.28616e-08 4.20807e-08 2.8346e-08 1.91939e-08 1.30542e-08 8.912e-09 6.10396e-09 4.19255e-09 2.88684e-09 1.99212e-09 1.37734e-09 9.53885e-10 6.61571e-10 4.59376e-10 3.19251e-10 2.21959e-10 1.54272e-10 1.07072e-10 7.40526e-11 5.17994e-11
0.000166769 8.25038e-06 3.81073e-06 1.94254e-06 1.07075e-06 6.25166e-07 3.80266e-07 2.38137e-07 1.52309e-07 9.89571e-08 6.50723e-08 4.31979e-08 2.88965e-08 1.94515e-08 1.31626e-08 8.94647e-09 6.10396e-09 4.17827e-09 2.86829e-09 1.97396e-09 1.36148e-09 9.40869e-10 6.51307e-10 4.5152e-10 3.13394e-10 2.17715e-10 1.51313e-10 1.05137e-10 7.29513e-11 5.04459e-11 3.5274e-11
0.000121589 5.71421e-06 2.63996e-06 1.34559e-06 7.41425e-07 4.32641e-07 2.62982e-07 1.64568e-07 1.05176e-07 6.82829e-08 4.48685e-08 2.97644e-08 1.98967e-08 1.33847e-08 9.05152e-09 6.14851e-09 4.19255e-09 2.86829e-09 1.96798e-09 1.35368e-09 9.33213e-10 6.44612e-10 4.4603e-10 3.09083e-10 2.14446e-10 1.4892e-10 1.03465e-10 7.18693e-11 4.98557e-11 3.44698e-11 2.40945e-11
8.86035e-05 3.96511e-06 1.83244e-06 9.33947e-07 5.14434e-07 3.00028e-07 1.82256e-07 1.13973e-07 7.27886e-08 4.72225e-08 3.10081e-08 2.05561e-08 1.37326e-08 9.23224e-09 6.2396e-09 4.23598e-09 2.88684e-09 1.97396e-09 1.35368e-09 9.30686e-10 6.41309e-10 4.42786e-10 3.06251e-10 2.12136e-10 1.47127e-10 1.02135e-10 7.0937e-11 4.92602e-11 3.41637e-11 2.36169e-11 1.65028e-11
6.45312e-05 2.75585e-06 1.27402e-06 6.49325e-07 3.57551e-07 2.08429e-07 1.26537e-07 7.90778e-08 5.04692e-08 3.27208e-08 2.14719e-08 1.42259e-08 9.49779e-09 6.38141e-09 4.31039e-09 2.92466e-09 1.99212e-09 1.36148e-09 9.33213e-10 6.41309e-10 4.41713e-10 3.04848e-10 2.10762e-10 1.45936e-10 1.01177e-10 7.02128e-11 4.87504e-11 3.38439e-11 2.34666e-11 1.62197e-11 1.13303e-11
4.69715e-05 1.91796e-06 8.86976e-07 4.5206e-07 2.48859e-07 1.45003e-07 8.7983e-08 5.49509e-08 3.50495e-08 2.27101e-08 1.48952e-08 9.86262e-09 6.5808e-09 4.41901e-09 2.98324e-09 2.02311e-09 1.37734e-09 9.40869e-10 6.44612e-10 4.42786e-10 3.04848e-10 2.10306e-10 1.45342e-10 1.00601e-10 6.97221e-11 4.83685e-11 3.35732e-11 2.33012e-11 1.6153e-11 1.11631e-11 7.79561e-12
3.41677e-05 1.33621e-06 6.1814e-07 3.15043e-07 1.73388e-07 1.00987e-07 6.1246e-08 3.82322e-08 2.43732e-08 1.57872e-08 1.03485e-08 6.84815e-09 4.56685e-09 3.06499e-09 2.06808e-09 1.40178e-09 9.53885e-10 6.51307e-10 4.4603e-10 3.06251e-10 2.10762e-10 1.45342e-10 1.00409e-10 6.9475e-11 4.8134e-11 3.33816e-11 2.31639e-11 1.60726e-11 1.11396e-11 7.69735e-12 5.37376e-12
2.48349e-05 9.31512e-07 4.31029e-07 2.19673e-07 1.20874e-07 7.03781e-08 4.26665e-08 2.66242e-08 1.69735e-08 1.09882e-08 7.1988e-09 4.76123e-09 3.17346e-09 2.12875e-09 1.43565e-09 9.72653e-10 6.61571e-10 4.5152e-10 3.09083e-10 2.12136e-10 1.45936e-10 1.00601e-10 6.9475e-11 4.80551e-11 3.32831e-11 2.30754e-11 1.60078e-11 1.11045e-11 7.69472e-12 5.3163e-12 3.71043e-12
1.80331e-05 6.49407e-07 3.00522e-07 1.5315e-07 8.42564e-08 4.90495e-08 2.97321e-08 1.85673e-08 1.18313e-08 7.65536e-09 5.01275e-09 3.31371e-09 2.20756e-09 1.48011e-09 9.97743e-10 6.75672e-10 4.59376e-10 3.13394e-10 2.14446e-10 1.47127e-10 1.01177e-10 6.97221e-11 4.8134e-11 3.32831e-11 2.3045e-11 1.59726e-11 1.10776e-11 7.68261e-12 5.32255e-12 3.6769e-12 2.56555e-12
1.3075e-05 4.52302e-07 2.09275e-07 1.06637e-07 5.86681e-08 3.41603e-08 2.07541e-08 1.29557e-08 8.25181e-09 5.33675e-09 3.49284e-09 2.30788e-09 1.53678e-09 1.02991e-09 6.93963e-10 4.69757e-10 3.19251e-10 2.17715e-10 1.4892e-10 1.02135e-10 7.02128e-11 4.83685e-11 3.33816e-11 2.30754e-11 1.59726e-11 1.10678e-11 7.67396e-12 5.32092e-12 3.68569e-12 2.54583e-12 1.7759e-12
9.45804e-06 3.1418e-07 1.45288e-07 7.4026e-08 4.07483e-08 2.3852e-08 1.44876e-08 9.04059e-09 5.75583e-09 3.7209e-09 2.43423e-09 1.60771e-09 1.0701e-09 7.16861e-10 4.82837e-10 3.26717e-10 2.21959e-10 1.51313e-10 1.03465e-10 7.0937e-11 4.87504e-11 3.35732e-11 2.31639e-11 1.60078e-11 1.10776e-11 7.67396e-12 5.3196e-12 3.68771e-12 2.55397e-12 1.76392e-12 1.23017e-12
6.8142e-06 2.16992e-07 1.00239e-07 5.10927e-08 2.84332e-08 1.66418e-08 1.01057e-08 6.30414e-09 4.01215e-09 2.59269e-09 1.69549e-09 1.11938e-09 7.44787e-10 4.98755e-10 3.35816e-10 2.27158e-10 1.54272e-10 1.05137e-10 7.18693e-11 4.92602e-11 3.38439e-11 2.33012e-11 1.60726e-11 1.11045e-11 7.68261e-12 5.32092e-12 3.68771e-12 2.55597e-12 1.7699e-12 1.22228e-12 8.52249e-13
4.87376e-06 1.48201e-07 6.83679e-08 3.5576e-08 1.97991e-08 1.1587e-08 7.03462e-09 4.38709e-09 2.79122e-09 1.80314e-09 1.17879e-09 7.78007e-10 5.17495e-10 3.46445e-10 2.33198e-10 1.577e-10 1.07072e-10 7.29513e-11 4.98557e-11 3.41637e-11 2.34666e-11 1.6153e-11 1.11396e-11 7.69472e-12 5.32255e-12 3.68569e-12 2.55397e-12 1.7699e-12 1.22543e-12 8.46205e-13 5.89925e-13
3.43815e-06 9.91012e-08 4.73879e-08 2.46606e-08 1.37239e-08 8.03064e-09 4.8747e-09 3.03948e-09 1.93342e-09 1.24874e-09 8.16186e-10 5.38575e-10 3.58166e-10 2.39734e-10 1.61339e-10 1.09086e-10 7.40526e-11 5.04459e-11 3.44698e-11 2.36169e-11 1.62197e-11 1.11631e-11 7.69735e-12 5.3163e-12 3.6769e-12 2.54583e-12 1.76392e-12 1.22228e-12 8.46205e-13 5.84308e-13 4.073e-13
2.49297e-06 6.96595e-08 3.33265e-08 1.7345e-08 9.65085e-09 5.64517e-09 3.4251e-09 2.13455e-09 1.35711e-09 8.76083e-10 5.72341e-10 3.77496e-10 2.50933e-10 1.67888e-10 1.12942e-10 7.63336e-11 5.17994e-11 3.5274e-11 2.40945e-11 1.65028e-11 1.13303e-11 7.79561e-12 5.37376e-12 3.71043e-12 2.56555e-12 1.7759e-12 1.23017e-12 8.52249e-13 5.89925e-13 4.073e-13 2.83847e-13
