0.473876 0.0739308 0.0394162 0.0210147 0.011204 0.0059734 0.00318472 0.00169793 0.000905251 0.000482634 0.000257316 0.000137188 7.31418e-05 3.89955e-05 2.07904e-05 1.10844e-05 5.90965e-06 3.15073e-06 1.67981e-06 8.9559e-07 4.77483e-07 2.5457e-07 1.35724e-07 7.23611e-08 3.85793e-08 2.05685e-08 1.09661e-08 5.84658e-09 3.1171e-09 1.66188e-09 8.86031e-10 4.72387e-10 2.51853e-10 1.34275e-10 7.15889e-11 3.81676e-11 2.0349e-11 1.08491e-11 5.78418e-12 3.08383e-12 1.64414e-12 8.76575e-13 4.67346e-13 2.49165e-13 1.32842e-13 7.08248e-14 3.77602e-14 2.01318e-14 1.07333e-14 5.72245e-15 3.05092e-15 1.6266e-15 8.6722e-16 4.62358e-16 2.46506e-16 1.31425e-16 7.00689e-17 3.73572e-17 1.9917e-17 1.06187e-17 5.66137e-18 3.01836e-18 1.60924e-18 8.57964e-19 4.57423e-19 2.43875e-19 1.30022e-19 6.93211e-20 3.69585e-20 1.97044e-20 1.05054e-20 5.60095e-21 2.98615e-21 1.59206e-21 8.48807e-22 4.52541e-22 2.41272e-22 1.28634e-22 6.85813e-23 3.65641e-23 1.94941e-23 1.03933e-23 5.54117e-24 2.95428e-24 1.57507e-24 8.39748e-25 4.47711e-25 2.38697e-25 1.27261e-25 6.78493e-26 3.61738e-26 1.92861e-26 1.02824e-26 5.48204e-27 2.92275e-27 1.55826e-27 8.30786e-28 4.42933e-28 2.3615e-28 1.25903e-28 6.71252e-29
0.0739308 0.0297686 0.0181013 0.0108397 0.00641308 0.0037571 0.00218328 0.00126008 0.000723032 0.000412791 0.000234638 0.000132859 7.49721e-05 4.21777e-05 2.36633e-05 1.32432e-05 7.39499e-06 4.1209e-06 2.2921e-06 1.2727e-06 7.05556e-07 3.9057e-07 2.15912e-07 1.19207e-07 6.57381e-08 3.6212e-08 1.99269e-08 1.09548e-08 6.01691e-09 3.30194e-09 1.81056e-09 9.92025e-10 5.43148e-10 2.97176e-10 1.6249e-10 8.87908e-11 4.84901e-11 2.64663e-11 1.44378e-11 7.87197e-12 4.28996e-12 2.33679e-12 1.2723e-12 6.92424e-13 3.76681e-13 2.04835e-13 1.11344e-13 6.05021e-14 3.28639e-14 1.78452e-14 9.68676e-15 5.25652e-15 2.85158e-15 1.54648e-15 8.38451e-16 4.54456e-16 2.46257e-16 1.33406e-16 7.22521e-17 3.9122e-17 2.11782e-17 1.14619e-17 6.20196e-18 3.35512e-18 1.81466e-18 9.81283e-19 5.30527e-19 2.86772e-19 1.54984e-19 8.37444e-20 4.52427e-20 2.4438e-20 1.31981e-20 7.12662e-21 3.84758e-21 2.07694e-21 1.12097e-21 6.04923e-22 3.26395e-22 1.76086e-22 9.49831e-23 5.12283e-23 2.76258e-23 1.48959e-23 8.03084e-24 4.32915e-24 2.33342e-24 1.25756e-24 6.7767e-25 3.65139e-25 1.9672e-25 1.05972e-25 5.70809e-26 3.07429e-26 1.65559e-26 8.91494e-27 4.8e-27 2.58418e-27 1.39112e-27 7.48796e-28 4.03018e-28
0.0394162 0.0181013 0.0117376 0.00743786 0.00463044 0.00284236 0.0017248 0.00103665 0.000618009 0.00036586 0.000215272 0.000125988 7.33847e-05 4.25629e-05 2.45918e-05 1.41593e-05 8.12677e-06 4.6509e-06 2.6546e-06 1.51146e-06 8.58627e-07 4.86739e-07 2.7538e-07 1.55515e-07 8.76723e-08 4.93459e-08 2.77319e-08 1.55627e-08 8.72172e-09 4.88161e-09 2.72896e-09 1.52381e-09 8.4994e-10 4.7358e-10 2.63613e-10 1.46598e-10 8.14508e-11 4.52154e-11 2.50794e-11 1.38996e-11 7.69764e-12 4.25984e-12 2.35572e-12 1.30185e-12 7.18973e-13 3.96819e-13 2.18882e-13 1.20663e-13 6.64801e-14 3.66078e-14 2.01478e-14 1.1083e-14 6.09365e-15 3.34879e-15 1.83949e-15 1.00998e-15 5.54293e-16 3.04076e-16 1.66743e-16 9.13989e-17 5.00802e-17 2.74301e-17 1.50186e-17 8.22015e-18 4.49757e-18 2.45998e-18 1.34506e-18 7.35212e-19 4.01743e-19 2.19459e-19 1.19847e-19 6.54303e-20 3.57114e-20 1.94857e-20 1.06293e-20 5.79675e-21 3.16046e-21 1.72269e-21 9.3877e-22 5.11453e-22 2.78581e-22 1.51704e-22 8.25934e-23 4.49571e-23 2.44657e-23 1.33115e-23 7.24109e-24 3.93817e-24 2.14141e-24 1.16418e-24 6.32788e-25 3.43886e-25 1.8685e-25 1.01506e-25 5.51334e-26 2.99408e-26 1.62569e-26 8.82551e-27 4.7904e-27 2.59976e-27 1.41067e-27
0.0210147 0.0108397 0.00743786 0.00494864 0.00321725 0.00205416 0.00129255 0.000803573 0.00049452 0.000301685 0.000182657 0.000109857 6.56836e-05 3.90657e-05 2.31245e-05 1.36295e-05 8.00168e-06 4.68084e-06 2.72917e-06 1.5864e-06 9.19529e-07 5.31588e-07 3.06563e-07 1.76387e-07 1.01269e-07 5.80243e-08 3.31829e-08 1.89425e-08 1.07949e-08 6.14191e-09 3.48916e-09 1.97928e-09 1.12122e-09 6.34313e-10 3.584e-10 2.0226e-10 1.14012e-10 6.41968e-11 3.61091e-11 2.02899e-11 1.13899e-11 6.38779e-12 3.57924e-12 2.0038e-12 1.12087e-12 6.26476e-13 3.49877e-13 1.95254e-13 1.08885e-13 6.06779e-14 3.37907e-14 1.88052e-14 1.04588e-14 5.81322e-15 3.22917e-15 1.79272e-15 9.94688e-16 5.51599e-16 3.05723e-16 1.69359e-16 9.37708e-17 5.18937e-17 2.87047e-17 1.58705e-17 8.77063e-18 4.84483e-18 2.6751e-18 1.47645e-18 8.14552e-19 4.49206e-19 2.4763e-19 1.36457e-19 7.51666e-20 4.13901e-20 2.27832e-20 1.25366e-20 6.89605e-21 3.79206e-21 2.08453e-21 1.14552e-21 6.29308e-22 3.45613e-22 1.89753e-22 1.0415e-22 5.71485e-23 3.13494e-23 1.71923e-23 9.42585e-24 5.16645e-24 2.83108e-24 1.55096e-24 8.49456e-25 4.6513e-25 2.54626e-25 1.39357e-25 7.62527e-26 4.1714e-26 2.28145e-26 1.24751e-26 6.82001e-27 3.72763e-27
0.011204 0.00641308 0.00463044 0.00321725 0.00217318 0.00143635 0.000932989 0.000597431 0.000377998 0.000236724 0.000146939 9.05008e-05 5.53568e-05 3.36522e-05 2.03445e-05 1.22377e-05 7.32758e-06 4.36919e-06 2.59517e-06 1.53596e-06 9.06067e-07 5.32848e-07 3.12464e-07 1.82738e-07 1.06601e-07 6.20393e-08 3.60247e-08 2.08745e-08 1.20716e-08 6.96769e-09 4.01451e-09 2.30905e-09 1.32595e-09 7.60227e-10 4.35227e-10 2.48812e-10 1.42049e-10 8.09912e-11 4.61207e-11 2.6232e-11 1.49028e-11 8.45708e-12 4.79413e-12 2.71489e-12 1.5359e-12 8.68075e-13 4.90174e-13 2.76537e-13 1.55877e-13 8.77903e-14 4.94037e-14 2.77799e-14 1.56088e-14 8.76375e-15 4.91698e-15 2.75679e-15 1.5446e-15 8.64854e-16 4.83941e-16 2.70627e-16 1.51247e-16 8.4479e-17 4.71585e-17 2.63105e-17 1.46711e-17 8.17642e-18 4.55449e-18 2.5357e-18 1.41104e-18 7.84827e-19 4.36318e-19 2.42456e-19 1.34669e-19 7.47672e-20 4.14924e-20 2.30167e-20 1.27626e-20 7.07396e-21 3.91935e-21 2.17069e-21 1.20176e-21 6.65084e-22 3.67941e-22 2.03482e-22 1.12492e-22 6.21687e-23 3.43459e-23 1.89686e-23 1.04727e-23 5.78017e-24 3.18926e-24 1.75917e-24 9.7005e-25 5.34754e-25 2.94706e-25 1.62368e-25 8.94317e-26 4.92452e-26 2.71094e-26 1.49197e-26 8.20897e-27
0.0059734 0.0037571 0.00284236 0.00205416 0.00143635 0.000979414 0.000654643 0.000430486 0.000279246 0.000179046 0.000113651 7.15088e-05 4.46436e-05 2.76781e-05 1.70528e-05 1.0447e-05 6.36712e-06 3.86224e-06 2.33263e-06 1.40315e-06 8.40894e-07 5.02194e-07 2.98946e-07 1.77418e-07 1.04994e-07 6.19682e-08 3.64817e-08 2.14262e-08 1.25554e-08 7.34156e-09 4.28411e-09 2.49512e-09 1.45051e-09 8.41752e-10 4.8766e-10 2.82066e-10 1.62898e-10 9.39369e-11 5.40931e-11 3.11068e-11 1.78649e-11 1.0247e-11 5.87037e-12 3.35912e-12 1.91997e-12 1.0962e-12 6.2521e-13 3.56221e-13 2.02761e-13 1.15302e-13 6.55065e-14 3.7183e-14 2.10875e-14 1.19492e-14 6.7655e-15 3.82748e-15 2.16367e-15 1.2222e-15 6.89882e-16 3.89134e-16 2.19342e-16 1.23553e-16 6.95499e-17 3.91258e-17 2.19967e-17 1.23591e-17 6.93999e-18 3.89474e-18 2.18449e-18 1.22457e-18 6.8609e-19 3.84193e-19 2.15027e-19 1.20287e-19 6.72553e-20 3.7586e-20 2.09952e-20 1.17223e-20 6.54194e-21 3.64929e-21 2.0348e-21 1.1341e-21 6.31824e-22 3.51855e-22 1.95865e-22 1.08988e-22 6.06225e-23 3.37073e-23 1.87349e-23 1.04093e-23 5.7814e-24 3.20991e-24 1.78157e-24 9.88474e-25 5.48255e-25 3.03988e-25 1.68497e-25 9.33659e-26 5.1719e-26 2.86404e-26 1.58554e-26
0.00318472 0.00218328 0.0017248 0.00129255 0.000932989 0.000654643 0.000449193 0.000302666 0.000200867 0.000131599 8.52623e-05 5.47055e-05 3.47988e-05 2.19663e-05 1.37705e-05 8.5787e-06 5.31395e-06 3.2745e-06 2.00811e-06 1.22603e-06 7.45462e-07 4.5153e-07 2.72517e-07 1.63925e-07 9.82954e-08 5.87672e-08 3.50368e-08 2.08338e-08 1.23574e-08 7.31238e-09 4.3173e-09 2.54352e-09 1.49544e-09 8.77525e-10 5.13973e-10 3.00501e-10 1.75393e-10 1.02203e-10 5.94616e-11 3.45424e-11 2.00372e-11 1.16068e-11 6.71436e-12 3.87911e-12 2.23828e-12 1.28994e-12 7.42537e-13 4.26947e-13 2.45219e-13 1.40693e-13 8.06391e-14 4.61726e-14 2.64122e-14 1.50944e-14 8.61848e-15 4.91656e-15 2.80232e-15 1.59592e-15 9.08133e-16 5.1635e-16 2.93362e-16 1.66546e-16 9.4482e-17 5.35614e-17 3.03426e-17 1.71774e-17 9.71793e-18 5.49425e-18 3.10433e-18 1.75291e-18 9.89208e-19 5.57904e-19 3.14471e-19 1.77156e-19 9.97449e-20 5.61295e-20 3.1569e-20 1.77462e-20 9.97078e-21 5.59934e-21 3.14291e-21 1.76328e-21 9.88792e-22 5.54229e-22 3.10512e-22 1.7389e-22 9.73383e-23 5.44637e-23 3.04614e-23 1.70299e-23 9.51703e-24 5.31641e-24 2.9687e-24 1.6571e-24 9.24628e-25 5.15734e-25 2.87559e-25 1.60278e-25 8.93032e-26 4.97406e-26 2.76954e-26
0.00169793 0.00126008 0.00103665 0.000803573 0.000597431 0.000430486 0.000302666 0.0002086 0.000141405 9.45148e-05 6.2411e-05 4.07769e-05 2.63934e-05 1.69412e-05 1.07926e-05 6.82896e-06 4.29428e-06 2.68511e-06 1.67019e-06 1.03389e-06 6.37148e-07 3.91018e-07 2.39037e-07 1.45597e-07 8.83806e-08 5.34766e-08 3.22591e-08 1.94042e-08 1.16402e-08 6.96473e-09 4.15705e-09 2.47545e-09 1.47082e-09 8.7205e-10 5.15993e-10 3.04722e-10 1.7962e-10 1.0569e-10 6.20822e-11 3.64072e-11 2.13166e-11 1.2462e-11 7.27478e-12 4.24068e-12 2.46864e-12 1.43518e-12 8.33294e-13 4.83231e-13 2.79893e-13 1.61929e-13 9.35773e-14 5.40186e-14 3.11499e-14 1.79442e-14 1.03267e-14 5.93711e-15 3.41021e-15 1.95699e-15 1.12204e-15 6.42767e-16 3.67901e-16 2.10402e-16 1.20232e-16 6.86516e-17 3.91696e-17 2.23319e-17 1.27228e-17 7.24327e-18 4.12082e-18 2.34282e-18 1.33108e-18 7.55772e-19 4.28845e-19 2.43187e-19 1.37822e-19 7.80615e-20 4.41879e-20 2.4999e-20 1.41351e-20 7.988e-21 4.51174e-21 2.54696e-21 1.43707e-21 8.10423e-22 4.56806e-22 2.57359e-22 1.44924e-22 8.15716e-23 4.5892e-23 2.58071e-23 1.4506e-23 8.15019e-24 4.57722e-24 2.56953e-24 1.44187e-24 8.08761e-25 4.53463e-25 2.54152e-25 1.42389e-25 7.97434e-26 4.46427e-26
0.000905251 0.000723032 0.000618009 0.00049452 0.000377998 0.000279246 0.000200867 0.000141405 9.7778e-05 6.65922e-05 4.47634e-05 2.97482e-05 1.95711e-05 1.27604e-05 8.25281e-06 5.29861e-06 3.37932e-06 2.14214e-06 1.3503e-06 8.46764e-07 5.28452e-07 3.28327e-07 2.03139e-07 1.25193e-07 7.68729e-08 4.70397e-08 2.86906e-08 1.74452e-08 1.05766e-08 6.39457e-09 3.85597e-09 2.31936e-09 1.39176e-09 8.33239e-10 4.97769e-10 2.96742e-10 1.76548e-10 1.04836e-10 6.21385e-11 3.67655e-11 2.1716e-11 1.28058e-11 7.53956e-12 4.43223e-12 2.60171e-12 1.52502e-12 8.92682e-13 5.21841e-13 3.04663e-13 1.77647e-13 1.0346e-13 6.01831e-14 3.49689e-14 2.0296e-14 1.17671e-14 6.81516e-15 3.94313e-15 2.27917e-15 1.31612e-15 7.59286e-16 4.37642e-16 2.52027e-16 1.4501e-16 8.33648e-17 4.78859e-17 2.74842e-17 1.57622e-17 9.03271e-18 5.17241e-18 2.95971e-18 1.69236e-18 9.67015e-19 5.52173e-19 3.15084e-19 1.79677e-19 1.02395e-19 5.83163e-20 3.31921e-20 1.88807e-20 1.07335e-20 6.09839e-21 3.46291e-21 1.96528e-21 1.11473e-21 6.31948e-22 3.58067e-22 2.02779e-22 1.14778e-22 6.49354e-23 3.67189e-23 2.07534e-23 1.17242e-23 6.62027e-24 3.73654e-24 2.10799e-24 1.18871e-24 6.70032e-25 3.77511e-25 2.12609e-25 1.19689e-25 6.73517e-26
0.000482634 0.000412791 0.00036586 0.000301685 0.000236724 0.000179046 0.000131599 9.45148e-05 6.65922e-05 4.61634e-05 3.15576e-05 2.13115e-05 1.4238e-05 9.42151e-06 6.18085e-06 4.02337e-06 2.60045e-06 1.66988e-06 1.06593e-06 6.76661e-07 4.27357e-07 2.68622e-07 1.68097e-07 1.04753e-07 6.50243e-08 4.02148e-08 2.47849e-08 1.52251e-08 9.32364e-09 5.69282e-09 3.46618e-09 2.10482e-09 1.27489e-09 7.70325e-10 4.64371e-10 2.79313e-10 1.67645e-10 1.00415e-10 6.00283e-11 3.58172e-11 2.13323e-11 1.2683e-11 7.52793e-12 4.46088e-12 2.63926e-12 1.55914e-12 9.19702e-13 5.41742e-13 3.1867e-13 1.87201e-13 1.09829e-13 6.43543e-14 3.76626e-14 2.20156e-14 1.28543e-14 7.49696e-15 4.36766e-15 2.54187e-15 1.47779e-15 8.5829e-16 4.98004e-16 2.88681e-16 1.67187e-16 9.67366e-17 5.59239e-17 3.2302e-17 1.86421e-17 1.07499e-17 6.19391e-18 3.56602e-18 2.05149e-18 1.17932e-18 6.7744e-19 3.88866e-19 2.23061e-19 1.27864e-19 7.32449e-20 4.19296e-20 2.39874e-20 1.37142e-20 7.83586e-21 4.47443e-21 2.55346e-21 1.45635e-21 8.30141e-22 4.72925e-22 2.69273e-22 1.53234e-22 8.71536e-23 4.95436e-23 2.81491e-23 1.59854e-23 9.07326e-24 5.14744e-24 2.91884e-24 1.65433e-24 9.37202e-25 5.30694e-25 3.00372e-25 1.69935e-25 9.60985e-26
0.000257316 0.000234638 0.000215272 0.000182657 0.000146939 0.000113651 8.52623e-05 6.2411e-05 4.47634e-05 3.15576e-05 2.19205e-05 1.50309e-05 1.01898e-05 6.83811e-06 4.54721e-06 2.99895e-06 1.96305e-06 1.27616e-06 8.24395e-07 5.29453e-07 3.38195e-07 2.1494e-07 1.35963e-07 8.56272e-08 5.37038e-08 3.3551e-08 2.08839e-08 1.29541e-08 8.0089e-09 4.93609e-09 3.03321e-09 1.85864e-09 1.13584e-09 6.92343e-10 4.20975e-10 2.55369e-10 1.54561e-10 9.33447e-11 5.62569e-11 3.38371e-11 2.0313e-11 1.21716e-11 7.28026e-12 4.34706e-12 2.59132e-12 1.54222e-12 9.16423e-13 5.43739e-13 3.22145e-13 1.90589e-13 1.12603e-13 6.6439e-14 3.91504e-14 2.30412e-14 1.35439e-14 7.95185e-15 4.66329e-15 2.73168e-15 1.59843e-15 9.34316e-16 5.45564e-16 3.18243e-16 1.85457e-16 1.07972e-16 6.2802e-17 3.64953e-17 2.11891e-17 1.22916e-17 7.12418e-18 4.12571e-18 2.38731e-18 1.38029e-18 7.97435e-19 4.60349e-19 2.65555e-19 1.53075e-19 8.81744e-20 5.07546e-20 2.91951e-20 1.67822e-20 9.64059e-21 5.53446e-21 3.17519e-21 1.82051e-21 1.04316e-21 5.97375e-22 3.4189e-22 1.95558e-22 1.11793e-22 6.38724e-23 3.6473e-23 2.08159e-23 1.18738e-23 6.7695e-24 3.85745e-24 2.19698e-24 1.25065e-24 7.11595e-25 4.04689e-25 2.30041e-25 1.30704e-25
0.000137188 0.000132859 0.000125988 0.000109857 9.05008e-05 7.15088e-05 5.47055e-05 4.07769e-05 2.97482e-05 2.13115e-05 1.50309e-05 1.04578e-05 7.18915e-06 4.88957e-06 3.29376e-06 2.19959e-06 1.45732e-06 9.5858e-07 6.2634e-07 4.06746e-07 2.62639e-07 1.68691e-07 1.07814e-07 6.85871e-08 4.34429e-08 2.7404e-08 1.72199e-08 1.0781e-08 6.72642e-09 4.18293e-09 2.59311e-09 1.60276e-09 9.87833e-10 6.07187e-10 3.72251e-10 2.27653e-10 1.38892e-10 8.45455e-11 5.13514e-11 3.11243e-11 1.88263e-11 1.13654e-11 6.84829e-12 4.11901e-12 2.47309e-12 1.48235e-12 8.87052e-13 5.29978e-13 3.16154e-13 1.88318e-13 1.1201e-13 6.65297e-14 3.94623e-14 2.33762e-14 1.38296e-14 8.17147e-15 4.82241e-15 2.8426e-15 1.67366e-15 9.84306e-16 5.78255e-16 3.39349e-16 1.9894e-16 1.16508e-16 6.81653e-17 3.98428e-17 2.32663e-17 1.35739e-17 7.91207e-18 4.6078e-18 2.68116e-18 1.55879e-18 9.05511e-19 5.25593e-19 3.04833e-19 1.7666e-19 1.02303e-19 5.91988e-20 3.42313e-20 1.97798e-20 1.14214e-20 6.5905e-21 3.80036e-21 2.19e-21 1.2612e-21 7.25847e-22 4.17481e-22 2.39973e-22 1.37856e-22 7.91465e-23 4.54136e-23 2.60431e-23 1.49264e-23 8.55021e-24 4.89512e-24 2.80104e-24 1.60194e-24 9.1569e-25 5.23156e-25 2.98742e-25 1.70509e-25
7.31418e-05 7.49721e-05 7.33847e-05 6.56836e-05 5.53568e-05 4.46436e-05 3.47988e-05 2.63934e-05 1.95711e-05 1.4238e-05 1.01898e-05 7.18915e-06 5.00864e-06 3.45058e-06 2.35339e-06 1.59053e-06 1.06608e-06 7.09165e-07 4.68465e-07 3.07476e-07 2.00609e-07 1.3016e-07 8.40141e-08 5.39655e-08 3.45064e-08 2.19694e-08 1.39309e-08 8.79983e-09 5.53854e-09 3.47393e-09 2.17182e-09 1.35355e-09 8.41074e-10 5.21148e-10 3.22039e-10 1.98485e-10 1.2203e-10 7.48454e-11 4.58001e-11 2.79647e-11 1.70384e-11 1.036e-11 6.28685e-12 3.80784e-12 2.30211e-12 1.38931e-12 8.37001e-13 5.03419e-13 3.02297e-13 1.81242e-13 1.08499e-13 6.48563e-14 3.87133e-14 2.30763e-14 1.37368e-14 8.16654e-15 4.84882e-15 2.87538e-15 1.70306e-15 1.00752e-15 5.9536e-16 3.51414e-16 2.07198e-16 1.22037e-16 7.18033e-17 4.22044e-17 2.47823e-17 1.4538e-17 8.52035e-18 4.98894e-18 2.91855e-18 1.70585e-18 9.96184e-19 5.81259e-19 3.38876e-19 1.97405e-19 1.14902e-19 6.68286e-20 3.88386e-20 2.25548e-20 1.30887e-20 7.58995e-21 4.3982e-21 2.54689e-21 1.47384e-21 8.52312e-22 4.92564e-22 2.84476e-22 1.64193e-22 9.47096e-23 5.45968e-23 3.14543e-23 1.81107e-23 1.04217e-23 5.9937e-24 3.44514e-24 1.97915e-24 1.13636e-24 6.52107e-25 3.7402e-25 2.1441e-25
3.89955e-05 4.21777e-05 4.25629e-05 3.90657e-05 3.36522e-05 2.76781e-05 2.19663e-05 1.69412e-05 1.27604e-05 9.42151e-06 6.83811e-06 4.88957e-06 3.45058e-06 2.40674e-06 1.66112e-06 1.13566e-06 7.69731e-07 5.17599e-07 3.45533e-07 2.29122e-07 1.50987e-07 9.89218e-08 6.44607e-08 4.17923e-08 2.69669e-08 1.73229e-08 1.10808e-08 7.05977e-09 4.48089e-09 2.83386e-09 1.78611e-09 1.12208e-09 7.02742e-10 4.38814e-10 2.73233e-10 1.69672e-10 1.05089e-10 6.49261e-11 4.00167e-11 2.46072e-11 1.5098e-11 9.24373e-12 5.64782e-12 3.4439e-12 2.09597e-12 1.27325e-12 7.72078e-13 4.67363e-13 2.82433e-13 1.70399e-13 1.02644e-13 6.1735e-14 3.7075e-14 2.22333e-14 1.33141e-14 7.96211e-15 4.75516e-15 2.83622e-15 1.68953e-15 1.00521e-15 5.97349e-16 3.54562e-16 2.10214e-16 1.24494e-16 7.36481e-17 4.35227e-17 2.56933e-17 1.51525e-17 8.92733e-18 5.25457e-18 3.08989e-18 1.81529e-18 1.06551e-18 6.2486e-19 3.66127e-19 2.14344e-19 1.2538e-19 7.32813e-20 4.27966e-20 2.49739e-20 1.45622e-20 8.48481e-21 4.94009e-21 2.87417e-21 1.67102e-21 9.70834e-22 5.63651e-22 3.27027e-22 1.89613e-22 1.09868e-22 6.36201e-23 3.68167e-23 2.12925e-23 1.23068e-23 7.10892e-24 4.10399e-24 2.36787e-24 1.36541e-24 7.86909e-25 4.53259e-25 2.60935e-25
2.07904e-05 2.36633e-05 2.45918e-05 2.31245e-05 2.03445e-05 1.70528e-05 1.37705e-05 1.07926e-05 8.25281e-06 6.18085e-06 4.54721e-06 3.29376e-06 2.35339e-06 1.66112e-06 1.15974e-06 8.01728e-07 5.49271e-07 3.73226e-07 2.51692e-07 1.68552e-07 1.12146e-07 7.41673e-08 4.87751e-08 3.19076e-08 2.07702e-08 1.34574e-08 8.68113e-09 5.5768e-09 3.56848e-09 2.27488e-09 1.44508e-09 9.14863e-10 5.77322e-10 3.63197e-10 2.27817e-10 1.42497e-10 8.88895e-11 5.53054e-11 3.43243e-11 2.12517e-11 1.31276e-11 8.0911e-12 4.97622e-12 3.05416e-12 1.87075e-12 1.14367e-12 6.97871e-13 4.25071e-13 2.58457e-13 1.56883e-13 9.50709e-14 5.75209e-14 3.4748e-14 2.09594e-14 1.26238e-14 7.59247e-15 4.56009e-15 2.73513e-15 1.63837e-15 9.80143e-16 5.85632e-16 3.49487e-16 2.08316e-16 1.24026e-16 7.37579e-17 4.38153e-17 2.60001e-17 1.54123e-17 9.12664e-18 5.39905e-18 3.19078e-18 1.88389e-18 1.11124e-18 6.54872e-19 3.85578e-19 2.26822e-19 1.33315e-19 7.82897e-20 4.59376e-20 2.69325e-20 1.57774e-20 9.23539e-21 5.4018e-21 3.15714e-21 1.84385e-21 1.07607e-21 6.27544e-22 3.65714e-22 2.12981e-22 1.23949e-22 7.20868e-23 4.1897e-23 2.4335e-23 1.41255e-23 8.19415e-24 4.75049e-24 2.7524e-24 1.59377e-24 9.2233e-25 5.33454e-25 3.08363e-25
1.10844e-05 1.32432e-05 1.41593e-05 1.36295e-05 1.22377e-05 1.0447e-05 8.5787e-06 6.82896e-06 5.29861e-06 4.02337e-06 2.99895e-06 2.19959e-06 1.59053e-06 1.13566e-06 8.01728e-07 5.60211e-07 3.87814e-07 2.66187e-07 1.81277e-07 1.2256e-07 8.23071e-08 5.49299e-08 3.64456e-08 2.40495e-08 1.57884e-08 1.03151e-08 6.7085e-09 4.34417e-09 2.80166e-09 1.79986e-09 1.15203e-09 7.34792e-10 4.67102e-10 2.95986e-10 1.86983e-10 1.17778e-10 7.39783e-11 4.63422e-11 2.89551e-11 1.80465e-11 1.12207e-11 6.96061e-12 4.3083e-12 2.66092e-12 1.64005e-12 1.00881e-12 6.19329e-13 3.79504e-13 2.32125e-13 1.4173e-13 8.63889e-14 5.25695e-14 3.19382e-14 1.93734e-14 1.17339e-14 7.09634e-15 4.2855e-15 2.5844e-15 1.55642e-15 9.36084e-16 5.62264e-16 3.37301e-16 2.02096e-16 1.20942e-16 7.22914e-17 4.31616e-17 2.57408e-17 1.53345e-17 9.12547e-18 5.42481e-18 3.22159e-18 1.91126e-18 1.13278e-18 6.70738e-19 3.96783e-19 2.34505e-19 1.38472e-19 8.16931e-20 4.81541e-20 2.83604e-20 1.6689e-20 9.81279e-21 5.76509e-21 3.38437e-21 1.98525e-21 1.16365e-21 6.81563e-22 3.98907e-22 2.33306e-22 1.36355e-22 7.96374e-23 4.648e-23 2.71096e-23 1.58014e-23 9.20415e-24 5.35792e-24 3.11699e-24 1.8122e-24 1.05296e-24 6.11449e-25 3.54856e-25
5.90965e-06 7.39499e-06 8.12677e-06 8.00168e-06 7.32758e-06 6.36712e-06 5.31395e-06 4.29428e-06 3.37932e-06 2.60045e-06 1.96305e-06 1.45732e-06 1.06608e-06 7.69731e-07 5.49271e-07 3.87814e-07 2.71185e-07 1.87963e-07 1.29226e-07 8.81804e-08 5.97548e-08 4.02313e-08 2.69235e-08 1.7916e-08 1.18589e-08 7.81047e-09 5.1199e-09 3.34124e-09 2.1713e-09 1.40537e-09 9.06163e-10 5.82162e-10 3.72716e-10 2.37835e-10 1.51287e-10 9.59422e-11 6.06678e-11 3.82557e-11 2.40586e-11 1.50913e-11 9.44294e-12 5.89454e-12 3.67107e-12 2.28123e-12 1.41453e-12 8.75296e-13 5.40536e-13 3.33158e-13 2.04955e-13 1.25856e-13 7.71469e-14 4.72082e-14 2.88398e-14 1.75899e-14 1.07115e-14 6.51286e-15 3.95408e-15 2.39712e-15 1.45117e-15 8.77304e-16 5.29662e-16 3.19359e-16 1.92311e-16 1.15661e-16 6.94776e-17 4.16855e-17 2.49817e-17 1.49543e-17 8.94184e-18 5.34095e-18 3.18676e-18 1.89946e-18 1.13101e-18 6.72783e-19 3.99815e-19 2.37372e-19 1.40797e-19 8.34371e-20 4.9401e-20 2.92233e-20 1.72722e-20 1.02e-20 6.01849e-21 3.54832e-21 2.09031e-21 1.23043e-21 7.23712e-22 4.2535e-22 2.49806e-22 1.46603e-22 8.59743e-23 5.03834e-23 2.95056e-23 1.72673e-23 1.00984e-23 5.90189e-24 3.44705e-24 2.01199e-24 1.17363e-24 6.84174e-25 3.98599e-25
3.15073e-06 4.1209e-06 4.6509e-06 4.68084e-06 4.36919e-06 3.86224e-06 3.2745e-06 2.68511e-06 2.14214e-06 1.66988e-06 1.27616e-06 9.5858e-07 7.09165e-07 5.17599e-07 3.73226e-07 2.66187e-07 1.87963e-07 1.31521e-07 9.12591e-08 6.28338e-08 4.29529e-08 2.91669e-08 1.96825e-08 1.32048e-08 8.81055e-09 5.84834e-09 3.8632e-09 2.54017e-09 1.66296e-09 1.08419e-09 7.04074e-10 4.55515e-10 2.93654e-10 1.88662e-10 1.20814e-10 7.71238e-11 4.90862e-11 3.11516e-11 1.97152e-11 1.24442e-11 7.83465e-12 4.92042e-12 3.08284e-12 1.9271e-12 1.20196e-12 7.48082e-13 4.64628e-13 2.87998e-13 1.78168e-13 1.10014e-13 6.78071e-14 4.17186e-14 2.56234e-14 1.57114e-14 9.61807e-15 5.87858e-15 3.58747e-15 2.18601e-15 1.3301e-15 8.08156e-16 4.90349e-16 2.97117e-16 1.79795e-16 1.08659e-16 6.55859e-17 3.95386e-17 2.38074e-17 1.43183e-17 8.60152e-18 5.16145e-18 3.09379e-18 1.85245e-18 1.10801e-18 6.62058e-19 3.95194e-19 2.35666e-19 1.40399e-19 8.35638e-20 4.96901e-20 2.95207e-20 1.75225e-20 1.03916e-20 6.1574e-21 3.6454e-21 2.15642e-21 1.27458e-21 7.5276e-22 4.44226e-22 2.61949e-22 1.54347e-22 9.08781e-23 5.34689e-23 3.14362e-23 1.84694e-23 1.08435e-23 6.36199e-24 3.73012e-24 2.18557e-24 1.27974e-24 7.4886e-25 4.3793e-25
1.67981e-06 2.2921e-06 2.6546e-06 2.72917e-06 2.59517e-06 2.33263e-06 2.00811e-06 1.67019e-06 1.3503e-06 1.06593e-06 8.24395e-07 6.2634e-07 4.68465e-07 3.45533e-07 2.51692e-07 1.81277e-07 1.29226e-07 9.12591e-08 6.38921e-08 4.43765e-08 3.05946e-08 2.09482e-08 1.42514e-08 9.63727e-09 6.48033e-09 4.33441e-09 2.88459e-09 1.91063e-09 1.25985e-09 8.2719e-10 5.40918e-10 3.52355e-10 2.2868e-10 1.47893e-10 9.53251e-11 6.12443e-11 3.92268e-11 2.50502e-11 1.59516e-11 1.01299e-11 6.41592e-12 4.05331e-12 2.55444e-12 1.60603e-12 1.00744e-12 6.30555e-13 3.93821e-13 2.45457e-13 1.5268e-13 9.47859e-14 5.87336e-14 3.63274e-14 2.2429e-14 1.38241e-14 8.50617e-15 5.22543e-15 3.20495e-15 1.96267e-15 1.20011e-15 7.3275e-16 4.46755e-16 2.72006e-16 1.65385e-16 1.00424e-16 6.08994e-17 3.68842e-17 2.23116e-17 1.34802e-17 8.13479e-18 4.90338e-18 2.95225e-18 1.77554e-18 1.06669e-18 6.40153e-19 3.83777e-19 2.29844e-19 1.37516e-19 8.21955e-20 4.90826e-20 2.92819e-20 1.7453e-20 1.03932e-20 6.1836e-21 3.67583e-21 2.18323e-21 1.29562e-21 7.68243e-22 4.55163e-22 2.69457e-22 1.59395e-22 9.42157e-23 5.56473e-23 3.2843e-23 1.93697e-23 1.14154e-23 6.72287e-24 3.95653e-24 2.32689e-24 1.36756e-24 8.03208e-25 4.71439e-25
8.9559e-07 1.2727e-06 1.51146e-06 1.5864e-06 1.53596e-06 1.40315e-06 1.22603e-06 1.03389e-06 8.46764e-07 6.76661e-07 5.29453e-07 4.06746e-07 3.07476e-07 2.29122e-07 1.68552e-07 1.2256e-07 8.81804e-08 6.28338e-08 4.43765e-08 3.10847e-08 2.1609e-08 1.49158e-08 1.02279e-08 6.97005e-09 4.72239e-09 3.18209e-09 2.13314e-09 1.42301e-09 9.44904e-10 6.24685e-10 4.11266e-10 2.69686e-10 1.76176e-10 1.14674e-10 7.43835e-11 4.80894e-11 3.09914e-11 1.99117e-11 1.27556e-11 8.14837e-12 5.19112e-12 3.29848e-12 2.0906e-12 1.32182e-12 8.33777e-13 5.24735e-13 3.29514e-13 2.06482e-13 1.29121e-13 8.05822e-14 5.01926e-14 3.12049e-14 1.93647e-14 1.19958e-14 7.41812e-15 4.57963e-15 2.82265e-15 1.73697e-15 1.06722e-15 6.54725e-16 4.01074e-16 2.45339e-16 1.49865e-16 9.14198e-17 5.56929e-17 3.38839e-17 2.0589e-17 1.24949e-17 7.57364e-18 4.5852e-18 2.77272e-18 1.67479e-18 1.01048e-18 6.09007e-19 3.6665e-19 2.20509e-19 1.32481e-19 7.95144e-20 4.76769e-20 2.85595e-20 1.70915e-20 1.02189e-20 6.10427e-21 3.64311e-21 2.17234e-21 1.29422e-21 7.70405e-22 4.58214e-22 2.72308e-22 1.61697e-22 9.59405e-23 5.68803e-23 3.36969e-23 1.99476e-23 1.17997e-23 6.97481e-24 4.11987e-24 2.4318e-24 1.4344e-24 8.45506e-25 4.98047e-25
4.77483e-07 7.05556e-07 8.58627e-07 9.19529e-07 9.06067e-07 8.40894e-07 7.45462e-07 6.37148e-07 5.28452e-07 4.27357e-07 3.38195e-07 2.62639e-07 2.00609e-07 1.50987e-07 1.12146e-07 8.23071e-08 5.97548e-08 4.29529e-08 3.05946e-08 2.1609e-08 1.51435e-08 1.05356e-08 7.28019e-09 4.99878e-09 3.41186e-09 2.31568e-09 1.56337e-09 1.05019e-09 7.02122e-10 4.67302e-10 3.09686e-10 2.04396e-10 1.34379e-10 8.8019e-11 5.74481e-11 3.73677e-11 2.42269e-11 1.56581e-11 1.00895e-11 6.48254e-12 4.15344e-12 2.65401e-12 1.6915e-12 1.07536e-12 6.82004e-13 4.31524e-13 2.72421e-13 1.71603e-13 1.07867e-13 6.76641e-14 4.23607e-14 2.64683e-14 1.65072e-14 1.02761e-14 6.38575e-15 3.96136e-15 2.45329e-15 1.51684e-15 9.36357e-16 5.77122e-16 3.5517e-16 2.18255e-16 1.33926e-16 8.20651e-17 5.02174e-17 3.06879e-17 1.87289e-17 1.14157e-17 6.94939e-18 4.22533e-18 2.56598e-18 1.55646e-18 9.43029e-19 5.70721e-19 3.45021e-19 2.08352e-19 1.25688e-19 7.5742e-20 4.55975e-20 2.74228e-20 1.64763e-20 9.88989e-21 5.93082e-21 3.55334e-21 2.12699e-21 1.27206e-21 7.60101e-22 4.53797e-22 2.70698e-22 1.61342e-22 9.60857e-23 5.71769e-23 3.3997e-23 2.01987e-23 1.19916e-23 7.11381e-24 4.21705e-24 2.49804e-24 1.4787e-24 8.74692e-25 5.17046e-25
2.5457e-07 3.9057e-07 4.86739e-07 5.31588e-07 5.32848e-07 5.02194e-07 4.5153e-07 3.91018e-07 3.28327e-07 2.68622e-07 2.1494e-07 1.68691e-07 1.3016e-07 9.89218e-08 7.41673e-08 5.49299e-08 4.02313e-08 2.91669e-08 2.09482e-08 1.49158e-08 1.05356e-08 7.38639e-09 5.14256e-09 3.55707e-09 2.44538e-09 1.67146e-09 1.13627e-09 7.68486e-10 5.17218e-10 3.46499e-10 2.31111e-10 1.53504e-10 1.01551e-10 6.69258e-11 4.39458e-11 2.87556e-11 1.87531e-11 1.21907e-11 7.90021e-12 5.10457e-12 3.2888e-12 2.11309e-12 1.35407e-12 8.65471e-13 5.51804e-13 3.50975e-13 2.2272e-13 1.41016e-13 8.90901e-14 5.61663e-14 3.53373e-14 2.21885e-14 1.39054e-14 8.69817e-15 5.431e-15 3.38502e-15 2.10617e-15 1.30827e-15 8.11318e-16 5.02333e-16 3.10541e-16 1.91684e-16 1.18144e-16 7.2713e-17 4.46889e-17 2.74277e-17 1.68111e-17 1.02904e-17 6.29085e-18 3.84097e-18 2.34228e-18 1.42664e-18 8.67916e-19 5.27401e-19 3.2012e-19 1.94091e-19 1.17551e-19 7.11189e-20 4.29825e-20 2.5951e-20 1.56524e-20 9.43152e-21 5.67757e-21 3.41453e-21 2.05162e-21 1.23158e-21 7.38656e-22 4.42627e-22 2.65007e-22 1.58528e-22 9.47527e-23 5.65874e-23 3.37673e-23 2.01339e-23 1.19955e-23 7.14128e-24 4.24819e-24 2.52527e-24 1.5e-24 8.90355e-25 5.2811e-25
1.35724e-07 2.15912e-07 2.7538e-07 3.06563e-07 3.12464e-07 2.98946e-07 2.72517e-07 2.39037e-07 2.03139e-07 1.68097e-07 1.35963e-07 1.07814e-07 8.40141e-08 6.44607e-08 4.87751e-08 3.64456e-08 2.69235e-08 1.96825e-08 1.42514e-08 1.02279e-08 7.28019e-09 5.14256e-09 3.60675e-09 2.51275e-09 1.73963e-09 1.19729e-09 8.19449e-10 5.57899e-10 3.77938e-10 2.54817e-10 1.71033e-10 1.14305e-10 7.6081e-11 5.04415e-11 3.33178e-11 2.19285e-11 1.43831e-11 9.40292e-12 6.12771e-12 3.98118e-12 2.579e-12 1.66595e-12 1.07323e-12 6.89568e-13 4.41935e-13 2.82535e-13 1.802e-13 1.14666e-13 7.2803e-14 4.61236e-14 2.91599e-14 1.83978e-14 1.15847e-14 7.28067e-15 4.56716e-15 2.85978e-15 1.78752e-15 1.11537e-15 6.94805e-16 4.32111e-16 2.6831e-16 1.66343e-16 1.0297e-16 6.3647e-17 3.92841e-17 2.42127e-17 1.49029e-17 9.16035e-18 5.62318e-18 3.44741e-18 2.11084e-18 1.29087e-18 7.88472e-19 4.81034e-19 2.93131e-19 1.78425e-19 1.08484e-19 6.58876e-20 3.99739e-20 2.42267e-20 1.46678e-20 8.87153e-21 5.36045e-21 3.23581e-21 1.95141e-21 1.17573e-21 7.0773e-22 4.25632e-22 2.55749e-22 1.53538e-22 9.20968e-23 5.51959e-23 3.30528e-23 1.97767e-23 1.18237e-23 7.06329e-24 4.21623e-24 2.51483e-24 1.49888e-24 8.92693e-25 5.31277e-25
7.23611e-08 1.19207e-07 1.55515e-07 1.76387e-07 1.82738e-07 1.77418e-07 1.63925e-07 1.45597e-07 1.25193e-07 1.04753e-07 8.56272e-08 6.85871e-08 5.39655e-08 4.17923e-08 3.19076e-08 2.40495e-08 1.7916e-08 1.32048e-08 9.63727e-09 6.97005e-09 4.99878e-09 3.55707e-09 2.51275e-09 1.76293e-09 1.22894e-09 8.51533e-10 5.86672e-10 4.02019e-10 2.74081e-10 1.85954e-10 1.25582e-10 8.44395e-11 5.65383e-11 3.77054e-11 2.50496e-11 1.65809e-11 1.09367e-11 7.18958e-12 4.71099e-12 3.07727e-12 2.00409e-12 1.3014e-12 8.4274e-13 5.4426e-13 3.50582e-13 2.25258e-13 1.44382e-13 9.23258e-14 5.89035e-14 3.74971e-14 2.38189e-14 1.50988e-14 9.55172e-15 6.0307e-15 3.80035e-15 2.3904e-15 1.50083e-15 9.40652e-16 5.88545e-16 3.67624e-16 2.29256e-16 1.4274e-16 8.87354e-17 5.50796e-17 3.41383e-17 2.11284e-17 1.3058e-17 8.05913e-18 4.96723e-18 3.0575e-18 1.87957e-18 1.15399e-18 7.07634e-19 4.334e-19 2.65127e-19 1.62e-19 9.88737e-20 6.02784e-20 3.67085e-20 2.23309e-20 1.35702e-20 8.23797e-21 4.99589e-21 3.02672e-21 1.83192e-21 1.10771e-21 6.69167e-22 4.03869e-22 2.43529e-22 1.46715e-22 8.83108e-23 5.31102e-23 3.19134e-23 1.91604e-23 1.14942e-23 6.88973e-24 4.12647e-24 2.46954e-24 1.47678e-24 8.82444e-25 5.26906e-25
3.85793e-08 6.57381e-08 8.76723e-08 1.01269e-07 1.06601e-07 1.04994e-07 9.82954e-08 8.83806e-08 7.68729e-08 6.50243e-08 5.37038e-08 4.34429e-08 3.45064e-08 2.69669e-08 2.07702e-08 1.57884e-08 1.18589e-08 8.81055e-09 6.48033e-09 4.72239e-09 3.41186e-09 2.44538e-09 1.73963e-09 1.22894e-09 8.62487e-10 6.01576e-10 4.17153e-10 2.87678e-10 1.97355e-10 1.34722e-10 9.15332e-11 6.19114e-11 4.16967e-11 2.79677e-11 1.86859e-11 1.24378e-11 8.24918e-12 5.45233e-12 3.59181e-12 2.35864e-12 1.5441e-12 1.00787e-12 6.55989e-13 4.25786e-13 2.75633e-13 1.77973e-13 1.14629e-13 7.36528e-14 4.72139e-14 3.01972e-14 1.92713e-14 1.22724e-14 7.79917e-15 4.94646e-15 3.13105e-15 1.97816e-15 1.24746e-15 7.85255e-16 4.93437e-16 3.09535e-16 1.93849e-16 1.21202e-16 7.56602e-17 4.71577e-17 2.93481e-17 1.82375e-17 1.13168e-17 7.01247e-18 4.33928e-18 2.6815e-18 1.65487e-18 1.01998e-18 6.27865e-19 3.86015e-19 2.37037e-19 1.45382e-19 8.90632e-20 5.44992e-20 3.33116e-20 2.03388e-20 1.24047e-20 7.55764e-21 4.59978e-21 2.79669e-21 1.69871e-21 1.03078e-21 6.24874e-22 3.7845e-22 2.28992e-22 1.38431e-22 8.36094e-23 5.04537e-23 3.04196e-23 1.83249e-23 1.10297e-23 6.63325e-24 3.98597e-24 2.39328e-24 1.43586e-24 8.60775e-25 5.15627e-25
2.05685e-08 3.6212e-08 4.93459e-08 5.80243e-08 6.20393e-08 6.19682e-08 5.87672e-08 5.34766e-08 4.70397e-08 4.02148e-08 3.3551e-08 2.7404e-08 2.19694e-08 1.73229e-08 1.34574e-08 1.03151e-08 7.81047e-09 5.84834e-09 4.33441e-09 3.18209e-09 2.31568e-09 1.67146e-09 1.19729e-09 8.51533e-10 6.01576e-10 4.22316e-10 2.94712e-10 2.04509e-10 1.4116e-10 9.69414e-11 6.62546e-11 4.50746e-11 3.05314e-11 2.05944e-11 1.38361e-11 9.26013e-12 6.17486e-12 4.10305e-12 2.71717e-12 1.79354e-12 1.18017e-12 7.74225e-13 5.06434e-13 3.30337e-13 2.14887e-13 1.39419e-13 9.02259e-14 5.82465e-14 3.75122e-14 2.4103e-14 1.54524e-14 9.88494e-15 6.31006e-15 4.01977e-15 2.55565e-15 1.62165e-15 1.02705e-15 6.49269e-16 4.09713e-16 2.58092e-16 1.62305e-16 1.01898e-16 6.38695e-17 3.99701e-17 2.4975e-17 1.55819e-17 9.70718e-18 6.03865e-18 3.75124e-18 2.32707e-18 1.44165e-18 8.91939e-19 5.51124e-19 3.40105e-19 2.09623e-19 1.29043e-19 7.93444e-20 4.87292e-20 2.98927e-20 1.83169e-20 1.12115e-20 6.85493e-21 4.1868e-21 2.55452e-21 1.55701e-21 9.48066e-22 5.76709e-22 3.50472e-22 2.12783e-22 1.29067e-22 7.82152e-23 4.7356e-23 2.86466e-23 1.73137e-23 1.04552e-23 6.30825e-24 3.80296e-24 2.29076e-24 1.37875e-24 8.29174e-25 4.98272e-25
1.09661e-08 1.99269e-08 2.77319e-08 3.31829e-08 3.60247e-08 3.64817e-08 3.50368e-08 3.22591e-08 2.86906e-08 2.47849e-08 2.08839e-08 1.72199e-08 1.39309e-08 1.10808e-08 8.68113e-09 6.7085e-09 5.1199e-09 3.8632e-09 2.88459e-09 2.13314e-09 1.56337e-09 1.13627e-09 8.19449e-10 5.86672e-10 4.17153e-10 2.94712e-10 2.06948e-10 1.44487e-10 1.0033e-10 6.93088e-11 4.76444e-11 3.25989e-11 2.22052e-11 1.5061e-11 1.01738e-11 6.84568e-12 4.58904e-12 3.06526e-12 2.04038e-12 1.35367e-12 8.95206e-13 5.90194e-13 3.87949e-13 2.54278e-13 1.66202e-13 1.08343e-13 7.04426e-14 4.56856e-14 2.95574e-14 1.90778e-14 1.22856e-14 7.89401e-15 5.0613e-15 3.23828e-15 2.06767e-15 1.31761e-15 8.38021e-16 5.31992e-16 3.37101e-16 2.13226e-16 1.34637e-16 8.48695e-17 5.34096e-17 3.35572e-17 2.10507e-17 1.31849e-17 8.2458e-18 5.14932e-18 3.21101e-18 1.9995e-18 1.24338e-18 7.72143e-19 4.78872e-19 2.96606e-19 1.83481e-19 1.1336e-19 6.99527e-20 4.31151e-20 2.65428e-20 1.63217e-20 1.00253e-20 6.15103e-21 3.76988e-21 2.30806e-21 1.4116e-21 8.62443e-22 5.26396e-22 3.2097e-22 1.95521e-22 1.18989e-22 7.23457e-23 4.39457e-23 2.66702e-23 1.61714e-23 9.79683e-24 5.92992e-24 3.58626e-24 2.16706e-24 1.3084e-24 7.89331e-25 4.75805e-25
5.84658e-09 1.09548e-08 1.55627e-08 1.89425e-08 2.08745e-08 2.14262e-08 2.08338e-08 1.94042e-08 1.74452e-08 1.52251e-08 1.29541e-08 1.0781e-08 8.79983e-09 7.05977e-09 5.5768e-09 4.34417e-09 3.34124e-09 2.54017e-09 1.91063e-09 1.42301e-09 1.05019e-09 7.68486e-10 5.57899e-10 4.02019e-10 2.87678e-10 2.04509e-10 1.44487e-10 1.01484e-10 7.08854e-11 4.92523e-11 3.40502e-11 2.34283e-11 1.60466e-11 1.09431e-11 7.4317e-12 5.02698e-12 3.38741e-12 2.27424e-12 1.5215e-12 1.01447e-12 6.74199e-13 4.46654e-13 2.9501e-13 1.94281e-13 1.27584e-13 8.35548e-14 5.45756e-14 3.55559e-14 2.31072e-14 1.49809e-14 9.68974e-15 6.25321e-15 4.02659e-15 2.58727e-15 1.65899e-15 1.06161e-15 6.78005e-16 4.32182e-16 2.74973e-16 1.74631e-16 1.10709e-16 7.00636e-17 4.42658e-17 2.79208e-17 1.75828e-17 1.10551e-17 6.94023e-18 4.35042e-18 2.72301e-18 1.70194e-18 1.06226e-18 6.62088e-19 4.12114e-19 2.5618e-19 1.59042e-19 9.8612e-20 6.10672e-20 3.77709e-20 2.3334e-20 1.43984e-20 8.87437e-21 5.46353e-21 3.35992e-21 2.06401e-21 1.26658e-21 7.76425e-22 4.75466e-22 2.90871e-22 1.77766e-22 1.08536e-22 6.62041e-23 4.03445e-23 2.4563e-23 1.4941e-23 9.08011e-24 5.51338e-24 3.34478e-24 2.02742e-24 1.22788e-24 7.43032e-25 4.49267e-25
3.1171e-09 6.01691e-09 8.72172e-09 1.07949e-08 1.20716e-08 1.25554e-08 1.23574e-08 1.16402e-08 1.05766e-08 9.32364e-09 8.0089e-09 6.72642e-09 5.53854e-09 4.48089e-09 3.56848e-09 2.80166e-09 2.1713e-09 1.66296e-09 1.25985e-09 9.44904e-10 7.02122e-10 5.17218e-10 3.77938e-10 2.74081e-10 1.97355e-10 1.4116e-10 1.0033e-10 7.08854e-11 4.97996e-11 3.47987e-11 2.41926e-11 1.67374e-11 1.15261e-11 7.90224e-12 5.39483e-12 3.66811e-12 2.48437e-12 1.67637e-12 1.1271e-12 7.55187e-13 5.04317e-13 3.35707e-13 2.22779e-13 1.47398e-13 9.72429e-14 6.39753e-14 4.19755e-14 2.74691e-14 1.79306e-14 1.16756e-14 7.58451e-15 4.91557e-15 3.17867e-15 2.05102e-15 1.32061e-15 8.48558e-16 5.44148e-16 3.48261e-16 2.22466e-16 1.41846e-16 9.02789e-17 5.73572e-17 3.63782e-17 2.30338e-17 1.45605e-17 9.18948e-18 5.79062e-18 3.64329e-18 2.28883e-18 1.4358e-18 8.99404e-19 5.62607e-19 3.51446e-19 2.19245e-19 1.36592e-19 8.49891e-20 5.28142e-20 3.27793e-20 2.03198e-20 1.25812e-20 7.78064e-21 4.80629e-21 2.96562e-21 1.82785e-21 1.12536e-21 6.9212e-22 4.25221e-22 2.60976e-22 1.6001e-22 9.80079e-23 5.99723e-23 3.66625e-23 2.23915e-23 1.36628e-23 8.32909e-24 5.073e-24 3.08707e-24 1.87694e-24 1.1402e-24 6.9206e-25 4.19706e-25
1.66188e-09 3.30194e-09 4.88161e-09 6.14191e-09 6.96769e-09 7.34156e-09 7.31238e-09 6.96473e-09 6.39457e-09 5.69282e-09 4.93609e-09 4.18293e-09 3.47393e-09 2.83386e-09 2.27488e-09 1.79986e-09 1.40537e-09 1.08419e-09 8.2719e-10 6.24685e-10 4.67302e-10 3.46499e-10 2.54817e-10 1.85954e-10 1.34722e-10 9.69414e-11 6.93088e-11 4.92523e-11 3.47987e-11 2.44525e-11 1.70934e-11 1.18899e-11 8.23154e-12 5.67313e-12 3.89305e-12 2.66049e-12 1.81098e-12 1.22804e-12 8.29703e-13 5.58607e-13 3.74817e-13 2.50677e-13 1.67125e-13 1.11084e-13 7.36177e-14 4.86499e-14 3.20618e-14 2.10736e-14 1.38156e-14 9.03475e-15 5.89399e-15 3.83601e-15 2.49091e-15 1.61388e-15 1.04339e-15 6.73148e-16 4.33396e-16 2.78481e-16 1.78593e-16 1.14317e-16 7.30394e-17 4.65825e-17 2.9657e-17 1.8849e-17 1.19597e-17 7.57612e-18 4.79158e-18 3.02575e-18 1.90776e-18 1.20107e-18 7.55052e-19 4.73986e-19 2.9713e-19 1.86008e-19 1.16288e-19 7.26049e-20 4.52728e-20 2.81942e-20 1.75366e-20 1.08943e-20 6.75989e-21 4.18957e-21 2.59359e-21 1.60377e-21 9.90611e-22 6.11212e-22 3.76717e-22 2.31944e-22 1.42661e-22 8.76565e-23 5.3806e-23 3.29953e-23 2.02141e-23 1.23721e-23 7.56537e-24 4.62186e-24 2.82105e-24 1.72036e-24 1.0482e-24 6.38116e-25 3.88136e-25
8.86031e-10 1.81056e-09 2.72896e-09 3.48916e-09 4.01451e-09 4.28411e-09 4.3173e-09 4.15705e-09 3.85597e-09 3.46618e-09 3.03321e-09 2.59311e-09 2.17182e-09 1.78611e-09 1.44508e-09 1.15203e-09 9.06163e-10 7.04074e-10 5.40918e-10 4.11266e-10 3.09686e-10 2.31111e-10 1.71033e-10 1.25582e-10 9.15332e-11 6.62546e-11 4.76444e-11 3.40502e-11 2.41926e-11 1.70934e-11 1.20136e-11 8.40105e-12 5.84662e-12 4.05025e-12 2.79352e-12 1.91865e-12 1.31246e-12 8.94327e-13 6.07142e-13 4.10704e-13 2.76868e-13 1.86025e-13 1.24589e-13 8.31851e-14 5.53749e-14 3.67557e-14 2.43289e-14 1.606e-14 1.05737e-14 6.94392e-15 4.54894e-15 2.97287e-15 1.93835e-15 1.26097e-15 8.18509e-16 5.30168e-16 3.42688e-16 2.21057e-16 1.42316e-16 9.14462e-17 5.86494e-17 3.75462e-17 2.39935e-17 1.53061e-17 9.74757e-18 6.19734e-18 3.93377e-18 2.49301e-18 1.57747e-18 9.96648e-19 6.28747e-19 3.96075e-19 2.4915e-19 1.56509e-19 9.81798e-20 6.1507e-20 3.84819e-20 2.40453e-20 1.50057e-20 9.35283e-21 5.82242e-21 3.62031e-21 2.24844e-21 1.39482e-21 8.64298e-22 5.34969e-22 3.30767e-22 2.04292e-22 1.26044e-22 7.76867e-23 4.78333e-23 2.94225e-23 1.80802e-23 1.10996e-23 6.80765e-24 4.1714e-24 2.55369e-24 1.56192e-24 9.54474e-25 5.82757e-25 3.55497e-25
4.72387e-10 9.92025e-10 1.52381e-09 1.97928e-09 2.30905e-09 2.49512e-09 2.54352e-09 2.47545e-09 2.31936e-09 2.10482e-09 1.85864e-09 1.60276e-09 1.35355e-09 1.12208e-09 9.14863e-10 7.34792e-10 5.82162e-10 4.55515e-10 3.52355e-10 2.69686e-10 2.04396e-10 1.53504e-10 1.14305e-10 8.44395e-11 6.19114e-11 4.50746e-11 3.25989e-11 2.34283e-11 1.67374e-11 1.18899e-11 8.40105e-12 5.90557e-12 4.13111e-12 2.87636e-12 1.99379e-12 1.37613e-12 9.45924e-13 6.47654e-13 4.4176e-13 3.00227e-13 2.03324e-13 1.37234e-13 9.23251e-14 6.19172e-14 4.13982e-14 2.75979e-14 1.83457e-14 1.21618e-14 8.04086e-15 5.30253e-15 3.48797e-15 2.28879e-15 1.49834e-15 9.78622e-16 6.37748e-16 4.14704e-16 2.69097e-16 1.74254e-16 1.12612e-16 7.26335e-17 4.67584e-17 3.00452e-17 1.92708e-17 1.23383e-17 7.88606e-18 5.03187e-18 3.20538e-18 2.03859e-18 1.29447e-18 8.20699e-19 5.1954e-19 3.28406e-19 2.07287e-19 1.30653e-19 8.22358e-20 5.16905e-20 3.24475e-20 2.03415e-20 1.27358e-20 7.96386e-21 4.97375e-21 3.10254e-21 1.93301e-21 1.20294e-21 7.47747e-22 4.64276e-22 2.8795e-22 1.78396e-22 1.10405e-22 6.82553e-23 4.21537e-23 2.60072e-23 1.60294e-23 9.86992e-24 6.07142e-24 3.73125e-24 2.29092e-24 1.40529e-24 8.61251e-25 5.27357e-25 3.22624e-25
2.51853e-10 5.43148e-10 8.4994e-10 1.12122e-09 1.32595e-09 1.45051e-09 1.49544e-09 1.47082e-09 1.39176e-09 1.27489e-09 1.13584e-09 9.87833e-10 8.41074e-10 7.02742e-10 5.77322e-10 4.67102e-10 3.72716e-10 2.93654e-10 2.2868e-10 1.76176e-10 1.34379e-10 1.01551e-10 7.6081e-11 5.65383e-11 4.16967e-11 3.05314e-11 2.22052e-11 1.60466e-11 1.15261e-11 8.23154e-12 5.84662e-12 4.13111e-12 2.90449e-12 2.03241e-12 1.41573e-12 9.8189e-13 6.78162e-13 4.66515e-13 3.19688e-13 2.18263e-13 1.48487e-13 1.00671e-13 6.80267e-14 4.58212e-14 3.07689e-14 2.05996e-14 1.37515e-14 9.15435e-15 6.0775e-15 4.02421e-15 2.65783e-15 1.75105e-15 1.15087e-15 7.54634e-16 4.93696e-16 3.22272e-16 2.09919e-16 1.36448e-16 8.85115e-17 5.73015e-17 3.70246e-17 2.38777e-17 1.53706e-17 9.87662e-18 6.3352e-18 4.05663e-18 2.59323e-18 1.65501e-18 1.05455e-18 6.70883e-19 4.26147e-19 2.70283e-19 1.71174e-19 1.08251e-19 6.8361e-20 4.31107e-20 2.71501e-20 1.70758e-20 1.07256e-20 6.72832e-21 4.21547e-21 2.63785e-21 1.64865e-21 1.02918e-21 6.41719e-22 3.9967e-22 2.4864e-22 1.54511e-22 9.59122e-23 5.94738e-23 3.68401e-23 2.27964e-23 1.4092e-23 8.70248e-24 5.36892e-24 3.3091e-24 2.0376e-24 1.25349e-24 7.70413e-25 4.73076e-25 2.90235e-25
