0.745416 0.0341456 0.0218236 0.0139482 0.00891473 0.0056977 0.00364159 0.00232746 0.00148756 0.000950747 0.000607654 0.000388372 0.000248221 0.000158647 0.000101396 6.48057e-05 4.14195e-05 2.64726e-05 1.69195e-05 1.08138e-05 6.91147e-06 4.41735e-06 2.82327e-06 1.80445e-06 1.15328e-06 7.37101e-07 4.71106e-07 3.01099e-07 1.92443e-07 1.22996e-07 7.86111e-08 5.0243e-08 3.21119e-08 2.05238e-08 1.31174e-08 8.38379e-09 5.35836e-09 3.42471e-09 2.18884e-09 1.39896e-09 8.94123e-10 5.71464e-10 3.65242e-10 2.33438e-10 1.49198e-10 9.53574e-11 6.09461e-11 3.89526e-11 2.48959e-11 1.59118e-11 1.01698e-11 6.49984e-12 4.15426e-12 2.65513e-12 1.69698e-12 1.0846e-12 6.93201e-13 4.43048e-13 2.83167e-13 1.80981e-13 1.15671e-13 7.39292e-14 4.72506e-14 3.01994e-14 1.93015e-14 1.23362e-14 7.88448e-15 5.03923e-15 3.22074e-15 2.05848e-15 1.31564e-15 8.40872e-16 5.37429e-16 3.43489e-16 2.19535e-16 1.40312e-16 8.96781e-17 5.73163e-17 3.66327e-17 2.34132e-17 1.49641e-17 9.56408e-18 6.11272e-18 3.90684e-18 2.49699e-18 1.59591e-18 1.02e-18 6.51916e-19 4.16661e-19 2.66302e-19 1.70202e-19 1.08782e-19 6.95262e-20 4.44365e-20 2.84008e-20 1.81519e-20 1.16015e-20 7.4149e-21 4.73911e-21 3.02892e-21 1.93588e-21
0.0341456 0.0065955 0.00447206 0.00302228 0.00203649 0.00136859 0.000917542 0.000613804 0.000409797 0.000273097 0.000181692 0.000120693 8.00579e-05 5.30335e-05 3.50879e-05 2.3188e-05 1.53074e-05 1.00948e-05 6.6509e-06 4.37799e-06 2.8794e-06 1.89227e-06 1.24262e-06 8.1542e-07 5.34725e-07 3.50429e-07 2.29512e-07 1.5023e-07 9.828e-08 6.42605e-08 4.19956e-08 2.74317e-08 1.79101e-08 1.16883e-08 7.62468e-09 4.97178e-09 3.24065e-09 2.11148e-09 1.37526e-09 8.95428e-10 5.82814e-10 3.79216e-10 2.46665e-10 1.60397e-10 1.0427e-10 6.77638e-11 4.40269e-11 2.85972e-11 1.85702e-11 1.2056e-11 7.82497e-12 5.07764e-12 3.29414e-12 2.13662e-12 1.38554e-12 8.98303e-13 5.82288e-13 3.7737e-13 2.4452e-13 1.58409e-13 1.02605e-13 6.64477e-14 4.30247e-14 2.78536e-14 1.80292e-14 1.16681e-14 7.55022e-15 4.88486e-15 3.15996e-15 2.04384e-15 1.32176e-15 8.5467e-16 5.52568e-16 3.57204e-16 2.30883e-16 1.49215e-16 9.64231e-17 6.23013e-17 4.02496e-17 2.60002e-17 1.67936e-17 1.08458e-17 7.00382e-18 4.52232e-18 2.91973e-18 1.88487e-18 1.21668e-18 7.85285e-19 5.06802e-19 3.27046e-19 2.11028e-19 1.36154e-19 8.78383e-20 5.6663e-20 3.65492e-20 2.35733e-20 1.52029e-20 9.80389e-21 6.32173e-21 4.07605e-21 2.62791e-21
0.0218236 0.00447206 0.00307186 0.00210179 0.00143305 0.000974044 0.000660204 0.00044635 0.000301072 0.000202652 0.000136142 9.12978e-05 6.11245e-05 4.08609e-05 2.72764e-05 1.81841e-05 1.21077e-05 8.05248e-06 5.34966e-06 3.55042e-06 2.35405e-06 1.5594e-06 1.03211e-06 6.82559e-07 4.51044e-07 2.97837e-07 1.96533e-07 1.29599e-07 8.54069e-08 5.62496e-08 3.70249e-08 2.43572e-08 1.60151e-08 1.05246e-08 6.91311e-09 4.53873e-09 2.9785e-09 1.95376e-09 1.28104e-09 8.39606e-10 5.50072e-10 3.60245e-10 2.35841e-10 1.54342e-10 1.00972e-10 6.60354e-11 4.31729e-11 2.82169e-11 1.84365e-11 1.20425e-11 7.86386e-12 5.13373e-12 3.35053e-12 2.18615e-12 1.42606e-12 9.30008e-13 6.06362e-13 3.95253e-13 2.57585e-13 1.67829e-13 1.09325e-13 7.12004e-14 4.63612e-14 3.01814e-14 1.96444e-14 1.27836e-14 8.3174e-15 5.41056e-15 3.51899e-15 2.28833e-15 1.4878e-15 9.67158e-16 6.28607e-16 4.08499e-16 2.6542e-16 1.72429e-16 1.12001e-16 7.27391e-17 4.72336e-17 3.06671e-17 1.99083e-17 1.29222e-17 8.38646e-18 5.44207e-18 3.53097e-18 2.2907e-18 1.4859e-18 9.63733e-19 6.24989e-19 4.05262e-19 2.62754e-19 1.70339e-19 1.10415e-19 7.15643e-20 4.63785e-20 3.00532e-20 1.94724e-20 1.26155e-20 8.17228e-21 5.29346e-21 3.42842e-21
0.0139482 0.00302228 0.00210179 0.0014549 0.00100302 0.000688994 0.00047175 0.000322063 0.000219292 0.000148956 0.000100957 6.82871e-05 4.61031e-05 3.10723e-05 2.09084e-05 1.40482e-05 9.42571e-06 6.31601e-06 4.22708e-06 2.82578e-06 1.88697e-06 1.25878e-06 8.38902e-07 5.58567e-07 3.71587e-07 2.46994e-07 1.64048e-07 1.08875e-07 7.22058e-08 4.78542e-08 3.16944e-08 2.09784e-08 1.38771e-08 9.17434e-09 6.06191e-09 4.00324e-09 2.64235e-09 1.74322e-09 1.1495e-09 7.57637e-10 4.9914e-10 3.28697e-10 2.16365e-10 1.42365e-10 9.3638e-11 6.15652e-11 4.0463e-11 2.65844e-11 1.74601e-11 1.14636e-11 7.52403e-12 4.93679e-12 3.23821e-12 2.12341e-12 1.39199e-12 9.12254e-13 5.97688e-13 3.91486e-13 2.56356e-13 1.67826e-13 1.09841e-13 7.18732e-14 4.70179e-14 3.0751e-14 2.01074e-14 1.31448e-14 8.59133e-15 5.614e-15 3.6677e-15 2.39567e-15 1.56449e-15 1.02149e-15 6.66828e-16 4.35222e-16 2.84006e-16 1.85296e-16 1.20873e-16 7.88341e-17 5.14076e-17 3.35172e-17 2.18492e-17 1.42408e-17 9.2804e-18 6.04687e-18 3.93938e-18 2.56602e-18 1.67121e-18 1.08827e-18 7.08567e-19 4.61281e-19 3.00255e-19 1.95414e-19 1.27164e-19 8.27403e-20 5.38287e-20 3.50151e-20 2.27742e-20 1.48108e-20 9.63075e-21 6.26168e-21 4.07072e-21
0.00891473 0.00203649 0.00143305 0.00100302 0.000698752 0.000484767 0.000335073 0.000230838 0.000158553 0.000108609 7.42132e-05 5.05954e-05 3.44219e-05 2.33733e-05 1.58427e-05 1.07205e-05 7.24316e-06 4.88665e-06 3.29233e-06 2.21533e-06 1.48886e-06 9.99475e-07 6.7023e-07 4.48986e-07 3.00485e-07 2.00915e-07 1.34221e-07 8.95918e-08 5.97542e-08 3.98234e-08 2.65211e-08 1.76498e-08 1.17381e-08 7.80148e-09 5.18188e-09 3.43984e-09 2.28213e-09 1.51322e-09 1.00284e-09 6.64264e-10 4.39776e-10 2.91014e-10 1.92484e-10 1.27257e-10 8.40961e-11 5.55505e-11 3.66794e-11 2.42093e-11 1.59726e-11 1.05343e-11 6.9451e-12 4.57717e-12 3.01554e-12 1.98603e-12 1.30757e-12 8.60613e-13 5.66258e-13 3.72468e-13 2.44927e-13 1.61012e-13 1.05817e-13 6.95242e-14 4.56666e-14 2.9988e-14 1.96873e-14 1.29215e-14 8.47885e-15 5.5623e-15 3.64813e-15 2.39214e-15 1.56821e-15 1.02784e-15 6.73529e-16 4.41258e-16 2.89027e-16 1.89277e-16 1.23928e-16 8.1125e-17 5.30955e-17 3.47439e-17 2.2731e-17 1.4869e-17 9.72444e-18 6.35876e-18 4.15724e-18 2.71747e-18 1.77604e-18 1.16056e-18 7.58255e-19 4.95328e-19 3.23522e-19 2.11275e-19 1.37951e-19 9.00618e-20 5.87884e-20 3.8369e-20 2.50385e-20 1.63371e-20 1.06582e-20 6.95236e-21 4.53444e-21
0.0056977 0.00136859 0.000974044 0.000688994 0.000484767 0.00033948 0.00023675 0.000164495 0.000113911 7.8644e-05 5.41466e-05 3.71865e-05 2.54798e-05 1.74213e-05 1.18881e-05 8.09737e-06 5.50599e-06 3.73796e-06 2.53387e-06 1.71523e-06 1.15955e-06 7.82909e-07 5.27985e-07 3.5567e-07 2.39338e-07 1.60893e-07 1.08056e-07 7.25039e-08 4.86065e-08 3.25586e-08 2.17916e-08 1.4574e-08 9.73985e-09 6.50456e-09 4.34099e-09 2.89519e-09 1.92971e-09 1.28541e-09 8.55738e-10 5.69369e-10 3.78625e-10 2.5165e-10 1.67171e-10 1.10997e-10 7.36641e-11 4.88649e-11 3.23999e-11 2.14733e-11 1.42256e-11 9.42029e-12 6.23567e-12 4.12603e-12 2.72909e-12 1.80444e-12 1.19264e-12 7.87998e-13 5.20466e-13 3.43649e-13 2.26828e-13 1.49672e-13 9.87299e-14 6.51068e-14 4.29215e-14 2.82878e-14 1.8638e-14 1.22767e-14 8.08432e-15 5.32221e-15 3.5029e-15 2.30491e-15 1.51625e-15 9.97203e-16 6.55681e-16 4.31022e-16 2.83274e-16 1.8613e-16 1.22273e-16 8.03067e-17 5.27327e-17 3.46193e-17 2.27231e-17 1.49117e-17 9.78373e-18 6.41795e-18 4.20925e-18 2.76015e-18 1.80959e-18 1.18618e-18 7.77396e-19 5.09399e-19 3.33734e-19 2.18609e-19 1.43174e-19 9.37535e-20 6.13821e-20 4.01816e-20 2.62993e-20 1.72106e-20 1.12611e-20 7.36715e-21 4.81898e-21
0.00364159 0.000917542 0.000660204 0.00047175 0.000335073 0.00023675 0.000166507 0.000116623 8.13838e-05 5.66037e-05 3.925e-05 2.71417e-05 1.87213e-05 1.28832e-05 8.84662e-06 6.06266e-06 4.14707e-06 2.83182e-06 1.93056e-06 1.31413e-06 8.93245e-07 6.06337e-07 4.11057e-07 2.78332e-07 1.88245e-07 1.27178e-07 8.58314e-08 5.78697e-08 3.89803e-08 2.62329e-08 1.76389e-08 1.18505e-08 7.95527e-09 5.33632e-09 3.57693e-09 2.39592e-09 1.60375e-09 1.0728e-09 7.17174e-10 4.79143e-10 3.19926e-10 2.13494e-10 1.42391e-10 9.49172e-11 6.32388e-11 4.21118e-11 2.80293e-11 1.86472e-11 1.23999e-11 8.24188e-12 5.47578e-12 3.63649e-12 2.41402e-12 1.60186e-12 1.06253e-12 7.04513e-13 4.66958e-13 3.09392e-13 2.04921e-13 1.3568e-13 8.98046e-14 5.94208e-14 3.93042e-14 2.59898e-14 1.71805e-14 1.13537e-14 7.50083e-15 4.95402e-15 3.27103e-15 2.15919e-15 1.42489e-15 9.40061e-16 6.20039e-16 4.08856e-16 2.69535e-16 1.77645e-16 1.17054e-16 7.71114e-17 5.07867e-17 3.34413e-17 2.20151e-17 1.44898e-17 9.53478e-18 6.27289e-18 4.12606e-18 2.7134e-18 1.78404e-18 1.17277e-18 7.70786e-19 5.06493e-19 3.32761e-19 2.1858e-19 1.43552e-19 9.42609e-20 6.18839e-20 4.06207e-20 2.6659e-20 1.74932e-20 1.14768e-20 7.52838e-21 4.93757e-21
0.00232746 0.000613804 0.00044635 0.000322063 0.000230838 0.000164495 0.000116623 8.23109e-05 5.78597e-05 4.05245e-05 2.82899e-05 1.96899e-05 1.36668e-05 9.4622e-06 6.53593e-06 4.50491e-06 3.09879e-06 2.12758e-06 1.45821e-06 9.97788e-07 6.81689e-07 4.65051e-07 3.16824e-07 2.1556e-07 1.46482e-07 9.94233e-08 6.74074e-08 4.56525e-08 3.08874e-08 2.08773e-08 1.40983e-08 9.51196e-09 6.41215e-09 4.31898e-09 2.90681e-09 1.95489e-09 1.31375e-09 8.82256e-10 5.92083e-10 3.97088e-10 2.66143e-10 1.7827e-10 1.19339e-10 7.98433e-11 5.33891e-11 3.56806e-11 2.38334e-11 1.59117e-11 1.06178e-11 7.08183e-12 4.7212e-12 3.14603e-12 2.09547e-12 1.39513e-12 9.28462e-13 6.17643e-13 4.10712e-13 2.73004e-13 1.814e-13 1.20488e-13 8.00008e-14 5.30996e-14 3.52321e-14 2.3369e-14 1.54952e-14 1.02711e-14 6.8061e-15 4.50864e-15 2.98581e-15 1.97674e-15 1.30831e-15 8.65667e-16 5.72623e-16 3.78676e-16 2.50352e-16 1.65471e-16 1.0934e-16 7.22315e-17 4.77053e-17 3.14993e-17 2.07937e-17 1.37234e-17 9.05501e-18 5.97337e-18 3.93961e-18 2.59771e-18 1.71252e-18 1.12873e-18 7.43793e-19 4.90034e-19 3.22784e-19 2.12575e-19 1.39968e-19 9.21426e-20 6.06472e-20 3.99099e-20 2.62585e-20 1.72735e-20 1.1361e-20 7.47092e-21 4.91199e-21
0.00148756 0.000409797 0.000301072 0.000219292 0.000158553 0.000113911 8.13838e-05 5.78597e-05 4.09555e-05 2.88763e-05 2.02875e-05 1.42074e-05 9.92013e-06 6.90787e-06 4.79828e-06 3.32523e-06 2.29946e-06 1.58693e-06 1.09314e-06 7.51679e-07 5.16025e-07 3.53699e-07 2.42079e-07 1.65454e-07 1.12935e-07 7.69895e-08 5.24226e-08 3.56544e-08 2.42236e-08 1.64404e-08 1.1147e-08 7.55079e-09 5.11013e-09 3.45535e-09 2.33446e-09 1.57591e-09 1.06301e-09 7.16508e-10 4.82602e-10 3.24829e-10 2.18488e-10 1.46864e-10 9.86577e-11 6.6234e-11 4.44399e-11 2.98001e-11 1.99719e-11 1.33778e-11 8.95622e-12 5.99297e-12 4.00815e-12 2.67939e-12 1.7903e-12 1.19568e-12 7.98198e-13 5.32621e-13 3.55257e-13 2.36857e-13 1.57854e-13 1.05161e-13 7.00305e-14 4.66182e-14 3.10217e-14 2.06357e-14 1.37221e-14 9.12166e-15 6.06151e-15 4.02666e-15 2.67405e-15 1.77524e-15 1.17818e-15 7.8169e-16 5.18476e-16 3.43793e-16 2.27898e-16 1.5103e-16 1.00062e-16 6.62757e-17 4.38861e-17 2.90527e-17 1.92281e-17 1.27226e-17 8.41608e-18 5.56594e-18 3.68014e-18 2.4327e-18 1.60774e-18 1.06229e-18 7.01734e-19 4.63456e-19 3.06021e-19 2.02024e-19 1.33341e-19 8.79906e-20 5.80525e-20 3.8293e-20 2.52542e-20 1.66519e-20 1.09777e-20 7.23566e-21 4.76832e-21
0.000950747 0.000273097 0.000202652 0.000148956 0.000108609 7.8644e-05 5.66037e-05 4.05245e-05 2.88763e-05 2.04895e-05 1.44833e-05 1.02024e-05 7.16417e-06 5.01619e-06 3.50287e-06 2.44008e-06 1.69586e-06 1.17612e-06 8.1404e-07 5.62381e-07 3.87841e-07 2.6703e-07 1.83564e-07 1.26002e-07 8.63691e-08 5.9124e-08 4.04223e-08 2.76031e-08 1.88276e-08 1.28279e-08 8.73099e-09 5.93656e-09 4.03263e-09 2.73678e-09 1.85569e-09 1.25719e-09 8.51021e-10 5.75618e-10 3.89042e-10 2.62747e-10 1.77325e-10 1.19592e-10 8.0602e-11 5.42885e-11 3.65425e-11 2.45824e-11 1.65271e-11 1.1105e-11 7.45762e-12 5.0055e-12 3.3579e-12 2.25147e-12 1.50886e-12 1.01069e-12 6.76687e-13 4.52852e-13 3.02921e-13 2.02542e-13 1.35367e-13 9.04341e-14 6.03913e-14 4.03129e-14 2.68996e-14 1.79425e-14 1.19635e-14 7.974e-15 5.31301e-15 3.53878e-15 2.35624e-15 1.56834e-15 1.04357e-15 6.94161e-16 4.61599e-16 3.06857e-16 2.03927e-16 1.35484e-16 8.99856e-17 5.97497e-17 3.96622e-17 2.63207e-17 1.74624e-17 1.15823e-17 7.68016e-18 5.09139e-18 3.37438e-18 2.23585e-18 1.48111e-18 9.8091e-19 6.49484e-19 4.29939e-19 2.84543e-19 1.88274e-19 1.24549e-19 8.23744e-20 5.44695e-20 3.601e-20 2.38015e-20 1.57288e-20 1.0392e-20 6.86466e-21 4.53371e-21
0.000607654 0.000181692 0.000136142 0.000100957 7.42132e-05 5.41466e-05 3.925e-05 2.82899e-05 2.02875e-05 1.44833e-05 1.02977e-05 7.29487e-06 5.15035e-06 3.62512e-06 2.54438e-06 1.78117e-06 1.24387e-06 8.667e-07 6.02624e-07 4.18184e-07 2.89657e-07 2.00282e-07 1.38257e-07 9.5292e-08 6.55821e-08 4.5072e-08 3.09351e-08 2.12053e-08 1.45182e-08 9.92846e-09 6.7822e-09 4.62808e-09 3.15493e-09 2.14861e-09 1.4619e-09 9.93779e-10 6.7497e-10 4.58055e-10 3.106e-10 2.10449e-10 1.42484e-10 9.6399e-11 6.51737e-11 4.40329e-11 2.97301e-11 2.00603e-11 1.35273e-11 9.11639e-12 6.14018e-12 4.13326e-12 2.78077e-12 1.86984e-12 1.25665e-12 8.44125e-13 5.66738e-13 3.8032e-13 2.551e-13 1.7103e-13 1.14615e-13 7.67746e-14 5.14055e-14 3.44049e-14 2.30173e-14 1.53927e-14 1.02898e-14 6.87593e-15 4.59298e-15 3.0669e-15 2.04715e-15 1.36599e-15 9.1116e-16 6.0757e-16 4.05001e-16 2.69882e-16 1.79786e-16 1.1973e-16 7.97104e-17 5.30516e-17 3.52983e-17 2.34793e-17 1.56132e-17 1.03796e-17 6.89838e-18 4.58351e-18 3.04463e-18 2.02189e-18 1.34237e-18 8.90995e-19 5.91251e-19 3.9225e-19 2.60166e-19 1.72519e-19 1.14372e-19 7.58066e-20 5.02338e-20 3.32804e-20 2.20438e-20 1.45979e-20 9.66507e-21 6.39776e-21 4.23411e-21
0.000388372 0.000120693 9.12978e-05 6.82871e-05 5.05954e-05 3.71865e-05 2.71417e-05 1.96899e-05 1.42074e-05 1.02024e-05 7.29487e-06 5.19566e-06 3.68742e-06 2.60853e-06 1.83981e-06 1.29406e-06 9.07874e-07 6.35427e-07 4.43755e-07 3.09257e-07 2.15104e-07 1.49342e-07 1.03506e-07 7.1621e-08 4.94814e-08 3.41355e-08 2.3516e-08 1.61787e-08 1.11166e-08 7.62918e-09 5.22973e-09 3.58096e-09 2.44939e-09 1.67369e-09 1.14252e-09 7.79195e-10 5.30926e-10 3.61444e-10 2.45857e-10 1.67098e-10 1.1348e-10 7.70077e-11 5.22194e-11 3.5385e-11 2.39612e-11 1.62146e-11 1.09653e-11 7.4108e-12 5.00544e-12 3.37879e-12 2.27944e-12 1.53693e-12 1.03571e-12 6.9758e-13 4.69595e-13 3.15961e-13 2.12486e-13 1.42829e-13 9.59621e-14 6.44442e-14 4.32588e-14 2.90251e-14 1.94665e-14 1.30503e-14 8.74537e-15 5.85815e-15 3.92259e-15 2.62555e-15 1.75673e-15 1.17497e-15 7.85592e-16 5.25065e-16 3.50815e-16 2.34313e-16 1.56449e-16 1.04425e-16 6.96786e-17 4.64791e-17 3.09943e-17 2.06622e-17 1.37702e-17 9.17441e-18 6.11071e-18 4.06896e-18 2.70866e-18 1.80264e-18 1.19935e-18 7.97752e-19 5.30492e-19 3.52678e-19 2.34407e-19 1.5576e-19 1.03475e-19 6.87242e-20 4.56335e-20 3.0294e-20 2.01062e-20 1.33416e-20 8.85092e-21 5.87049e-21 3.89284e-21
0.000248221 8.00579e-05 6.11245e-05 4.61031e-05 3.44219e-05 2.54798e-05 1.87213e-05 1.36668e-05 9.92013e-06 7.16417e-06 5.15035e-06 3.68742e-06 2.63018e-06 1.86967e-06 1.3249e-06 9.36145e-07 6.59689e-07 4.63718e-07 3.25206e-07 2.27572e-07 1.58925e-07 1.10772e-07 7.70701e-08 5.35301e-08 3.71198e-08 2.57009e-08 1.77687e-08 1.22676e-08 8.45838e-09 5.8246e-09 4.00609e-09 2.75214e-09 1.8886e-09 1.29463e-09 8.86561e-10 6.06517e-10 4.1454e-10 2.8307e-10 1.93125e-10 1.31648e-10 8.9667e-11 6.10249e-11 4.15001e-11 2.82012e-11 1.91502e-11 1.2995e-11 8.8122e-12 5.97183e-12 4.0444e-12 2.73735e-12 1.85159e-12 1.25172e-12 8.45703e-13 5.71069e-13 3.85411e-13 2.59975e-13 1.75273e-13 1.18108e-13 7.95485e-14 5.35522e-14 3.60346e-14 2.42362e-14 1.62935e-14 1.0949e-14 7.35449e-15 4.93797e-15 3.31411e-15 2.22337e-15 1.49103e-15 9.99533e-16 6.69798e-16 4.48674e-16 3.00442e-16 2.01112e-16 1.34575e-16 9.00212e-17 6.01976e-17 4.02413e-17 2.68921e-17 1.79656e-17 1.19984e-17 8.01074e-18 5.34678e-18 3.56767e-18 2.37986e-18 1.58707e-18 1.05808e-18 7.05217e-19 4.69904e-19 3.13026e-19 2.08467e-19 1.38798e-19 9.23891e-20 6.14822e-20 4.09045e-20 2.72075e-20 1.80926e-20 1.20286e-20 7.99513e-21 5.31299e-21 3.52983e-21
0.000158647 5.30335e-05 4.08609e-05 3.10723e-05 2.33733e-05 1.74213e-05 1.28832e-05 9.4622e-06 6.90787e-06 5.01619e-06 3.62512e-06 2.60853e-06 1.86967e-06 1.3353e-06 9.50532e-07 6.74588e-07 4.7741e-07 3.36987e-07 2.37291e-07 1.6671e-07 1.16873e-07 8.17712e-08 5.71038e-08 3.98066e-08 2.77021e-08 1.92475e-08 1.33529e-08 9.25008e-09 6.39908e-09 4.42097e-09 3.05049e-09 2.10232e-09 1.44719e-09 9.95108e-10 6.83522e-10 4.69019e-10 3.21514e-10 2.20189e-10 1.50659e-10 1.02994e-10 7.03483e-11 4.80108e-11 3.27399e-11 2.2309e-11 1.519e-11 1.03352e-11 7.02709e-12 4.77458e-12 3.24195e-12 2.19987e-12 1.49181e-12 1.01104e-12 6.84799e-13 4.63562e-13 3.13623e-13 2.12065e-13 1.43317e-13 9.68056e-14 6.53555e-14 4.41009e-14 2.97442e-14 2.00517e-14 1.35113e-14 9.10015e-15 6.12642e-15 4.12266e-15 2.77308e-15 1.86453e-15 1.25314e-15 8.41888e-16 5.65381e-16 3.79544e-16 2.54695e-16 1.70852e-16 1.14568e-16 7.67983e-17 5.14625e-17 3.44732e-17 2.30849e-17 1.54536e-17 1.03418e-17 6.91865e-18 4.62714e-18 3.09365e-18 2.06776e-18 1.38166e-18 9.22944e-19 6.16348e-19 4.11486e-19 2.7464e-19 1.83255e-19 1.22245e-19 8.15249e-20 5.43549e-20 3.62306e-20 2.41437e-20 1.60852e-20 1.07137e-20 7.13431e-21 4.74963e-21 3.16131e-21
0.000101396 3.50879e-05 2.72764e-05 2.09084e-05 1.58427e-05 1.18881e-05 8.84662e-06 6.53593e-06 4.79828e-06 3.50287e-06 2.54438e-06 1.83981e-06 1.3249e-06 9.50532e-07 6.79611e-07 4.84374e-07 3.44216e-07 2.4395e-07 1.72454e-07 1.21623e-07 8.55846e-08 6.00994e-08 4.21203e-08 2.9465e-08 2.0576e-08 1.43446e-08 9.98464e-09 6.9394e-09 4.81602e-09 3.33779e-09 2.31027e-09 1.59706e-09 1.10271e-09 7.60497e-10 5.23907e-10 3.60537e-10 2.47857e-10 1.70225e-10 1.16797e-10 8.00651e-11 5.48365e-11 3.75252e-11 2.56577e-11 1.75292e-11 1.19666e-11 8.16302e-12 5.56435e-12 3.79026e-12 2.58004e-12 1.75506e-12 1.19309e-12 8.10554e-13 5.50329e-13 3.73424e-13 2.53238e-13 1.71636e-13 1.16264e-13 7.87135e-14 5.32627e-14 3.60224e-14 2.43503e-14 1.64521e-14 1.11104e-14 7.49954e-15 5.05988e-15 3.41232e-15 2.30022e-15 1.54989e-15 1.04388e-15 7.02781e-16 4.72949e-16 3.18153e-16 2.13939e-16 1.43806e-16 9.66281e-17 6.49038e-17 4.35794e-17 2.92508e-17 1.96266e-17 1.31645e-17 8.82713e-18 5.91686e-18 3.96482e-18 2.65594e-18 1.7786e-18 1.19071e-18 7.96893e-19 5.33172e-19 3.56622e-19 2.38465e-19 1.59412e-19 1.06535e-19 7.11786e-20 4.75432e-20 3.17477e-20 2.11945e-20 1.41457e-20 9.43872e-21 6.29644e-21 4.19923e-21 2.79989e-21
6.48057e-05 2.3188e-05 1.81841e-05 1.40482e-05 1.07205e-05 8.09737e-06 6.06266e-06 4.50491e-06 3.32523e-06 2.44008e-06 1.78117e-06 1.29406e-06 9.36145e-07 6.74588e-07 4.84374e-07 3.46652e-07 2.47335e-07 1.75975e-07 1.24874e-07 8.83951e-08 6.24285e-08 4.39944e-08 3.09404e-08 2.1718e-08 1.52167e-08 1.06432e-08 7.43211e-09 5.18172e-09 3.60736e-09 2.50778e-09 1.74101e-09 1.20711e-09 8.35899e-10 5.78152e-10 3.99423e-10 2.75642e-10 1.90019e-10 1.3086e-10 9.003e-11 6.18807e-11 4.24938e-11 2.91548e-11 1.99858e-11 1.3689e-11 9.36857e-12 6.40673e-12 4.37795e-12 2.98941e-12 2.03982e-12 1.3909e-12 9.47784e-13 6.45412e-13 4.39226e-13 2.98724e-13 2.03044e-13 1.37928e-13 9.36412e-14 6.35386e-14 4.30894e-14 2.9206e-14 1.97855e-14 1.33968e-14 9.06652e-15 6.13293e-15 4.14657e-15 2.80226e-15 1.89291e-15 1.27808e-15 8.62572e-16 5.819e-16 3.92392e-16 2.64492e-16 1.7821e-16 1.20027e-16 8.0809e-17 5.43845e-17 3.65872e-17 2.4605e-17 1.65411e-17 1.11161e-17 7.46771e-18 5.01507e-18 3.36684e-18 2.25956e-18 1.51596e-18 1.01675e-18 6.81715e-19 4.56941e-19 3.06187e-19 2.05109e-19 1.37358e-19 9.19607e-20 6.15497e-20 4.11841e-20 2.75495e-20 1.84239e-20 1.23178e-20 8.23329e-21 5.50174e-21 3.67551e-21 2.45485e-21
4.14195e-05 1.53074e-05 1.21077e-05 9.42571e-06 7.24316e-06 5.50599e-06 4.14707e-06 3.09879e-06 2.29946e-06 1.69586e-06 1.24387e-06 9.07874e-07 6.59689e-07 4.7741e-07 3.44216e-07 2.47335e-07 1.77161e-07 1.26526e-07 9.01169e-08 6.40215e-08 4.53742e-08 3.20862e-08 2.26418e-08 1.59455e-08 1.12084e-08 7.86459e-09 5.50897e-09 3.85269e-09 2.69023e-09 1.87576e-09 1.30604e-09 9.08138e-10 6.30651e-10 4.37412e-10 3.03025e-10 2.09687e-10 1.4494e-10 1.0008e-10 6.90341e-11 4.75723e-11 3.27516e-11 2.25275e-11 1.54813e-11 1.06299e-11 7.29277e-12 4.99924e-12 3.42434e-12 2.3438e-12 1.60304e-12 1.09561e-12 7.48284e-13 5.1072e-13 3.48349e-13 2.37447e-13 1.61751e-13 1.1012e-13 7.49247e-14 5.09488e-14 3.46256e-14 2.35191e-14 1.59666e-14 1.08336e-14 7.34706e-15 4.98006e-15 3.37399e-15 2.28477e-15 1.54646e-15 1.04625e-15 7.07514e-16 4.78238e-16 3.23121e-16 2.18224e-16 1.47319e-16 9.94125e-17 6.70577e-17 4.52154e-17 3.04759e-17 2.05335e-17 1.38296e-17 9.31106e-18 6.26662e-18 4.21614e-18 2.83561e-18 1.90648e-18 1.28137e-18 8.6094e-19 5.78272e-19 3.88289e-19 2.60641e-19 1.74903e-19 1.17333e-19 7.86894e-20 5.27576e-20 3.53614e-20 2.36947e-20 1.58727e-20 1.063e-20 7.11702e-21 4.76373e-21 3.18774e-21 2.13258e-21
2.64726e-05 1.00948e-05 8.05248e-06 6.31601e-06 4.88665e-06 3.73796e-06 2.83182e-06 2.12758e-06 1.58693e-06 1.17612e-06 8.667e-07 6.35427e-07 4.63718e-07 3.36987e-07 2.4395e-07 1.75975e-07 1.26526e-07 9.06968e-08 6.48303e-08 4.62189e-08 3.28692e-08 2.33212e-08 1.65107e-08 1.16651e-08 8.22548e-09 5.78941e-09 4.06767e-09 2.85321e-09 1.99816e-09 1.39724e-09 9.75622e-10 6.80285e-10 4.73723e-10 3.29462e-10 2.28852e-10 1.58779e-10 1.10038e-10 7.61761e-11 5.26792e-11 3.63931e-11 2.51174e-11 1.73189e-11 1.19307e-11 8.21166e-12 5.64706e-12 3.88019e-12 2.664e-12 1.82758e-12 1.25281e-12 8.58179e-13 5.87432e-13 4.01823e-13 2.74674e-13 1.87634e-13 1.28094e-13 8.73921e-14 5.95868e-14 4.06041e-14 2.76526e-14 1.88216e-14 1.28037e-14 8.70521e-15 5.91552e-15 4.01775e-15 2.72742e-15 1.85058e-15 1.25502e-15 8.50728e-16 5.76405e-16 3.90362e-16 2.6425e-16 1.78802e-16 1.20933e-16 8.17585e-17 5.52515e-17 3.73233e-17 2.52025e-17 1.70114e-17 1.14781e-17 7.74169e-18 5.21968e-18 3.51799e-18 2.37023e-18 1.59638e-18 1.07481e-18 7.23409e-19 4.86733e-19 3.27383e-19 2.20131e-19 1.47969e-19 9.9432e-20 6.67957e-20 4.4858e-20 3.01164e-20 2.02134e-20 1.35629e-20 9.09793e-21 6.10115e-21 4.09036e-21 2.74154e-21 1.83701e-21
1.69195e-05 6.6509e-06 5.34966e-06 4.22708e-06 3.29233e-06 2.53387e-06 1.93056e-06 1.45821e-06 1.09314e-06 8.1404e-07 6.02624e-07 4.43755e-07 3.25206e-07 2.37291e-07 1.72454e-07 1.24874e-07 9.01169e-08 6.48303e-08 4.65033e-08 3.32665e-08 2.37369e-08 1.68967e-08 1.20006e-08 8.50512e-09 6.01569e-09 4.24682e-09 2.99266e-09 2.10526e-09 1.47857e-09 1.03681e-09 7.25956e-10 5.07576e-10 3.54403e-10 2.4713e-10 1.7211e-10 1.19719e-10 8.31787e-11 5.77265e-11 4.00192e-11 2.77146e-11 1.9174e-11 1.32524e-11 9.15094e-12 6.31309e-12 4.35146e-12 2.99679e-12 2.06214e-12 1.41785e-12 9.74101e-13 6.68724e-13 4.58743e-13 3.14471e-13 2.15421e-13 1.47469e-13 1.00885e-13 6.89716e-14 4.71239e-14 3.21771e-14 2.19579e-14 1.49756e-14 1.02077e-14 6.95389e-15 4.7347e-15 3.22201e-15 2.19146e-15 1.48978e-15 1.01226e-15 6.87463e-16 4.6666e-16 3.16628e-16 2.14733e-16 1.45563e-16 9.86315e-17 6.68023e-17 4.52256e-17 3.06053e-17 2.07029e-17 1.39989e-17 9.46204e-18 6.39307e-18 4.31787e-18 2.9152e-18 1.96747e-18 1.32737e-18 8.95209e-19 6.0354e-19 4.06761e-19 2.74048e-19 1.84574e-19 1.24272e-19 8.36451e-20 5.6282e-20 3.78586e-20 2.54581e-20 1.71143e-20 1.15017e-20 7.72756e-21 5.19035e-21 3.4852e-21 2.33959e-21 1.57012e-21
1.08138e-05 4.37799e-06 3.55042e-06 2.82578e-06 2.21533e-06 1.71523e-06 1.31413e-06 9.97788e-07 7.51679e-07 5.62381e-07 4.18184e-07 3.09257e-07 2.27572e-07 1.6671e-07 1.21623e-07 8.83951e-08 6.40215e-08 4.62189e-08 3.32665e-08 2.38768e-08 1.70925e-08 1.22057e-08 8.69592e-09 6.18182e-09 4.3855e-09 3.10506e-09 2.19439e-09 1.54807e-09 1.09027e-09 7.66619e-10 5.38219e-10 3.77312e-10 2.64139e-10 1.84662e-10 1.28932e-10 8.99092e-11 6.26221e-11 4.35662e-11 3.02754e-11 2.10167e-11 1.45743e-11 1.00967e-11 6.98792e-12 4.83183e-12 3.33796e-12 2.30392e-12 1.58886e-12 1.09482e-12 7.53795e-13 5.18589e-13 3.56504e-13 2.44898e-13 1.68111e-13 1.15319e-13 7.90517e-14 5.41543e-14 3.70745e-14 2.53655e-14 1.73438e-14 1.18518e-14 8.0941e-15 5.52466e-15 3.76876e-15 2.56954e-15 1.75097e-15 1.19255e-15 8.11802e-16 5.52341e-16 3.75622e-16 2.55321e-16 1.73467e-16 1.17801e-16 7.99618e-17 5.42531e-17 3.67941e-17 2.49429e-17 1.69018e-17 1.14483e-17 7.7513e-18 5.2461e-18 3.54919e-18 2.40025e-18 1.62264e-18 1.09654e-18 7.40752e-19 5.00225e-19 3.37681e-19 2.27875e-19 1.53724e-19 1.03667e-19 6.98874e-20 4.70995e-20 3.17319e-20 2.13717e-20 1.43896e-20 9.68563e-21 6.51744e-21 4.38428e-21 2.94845e-21 1.98228e-21 1.33234e-21
6.91147e-06 2.8794e-06 2.35405e-06 1.88697e-06 1.48886e-06 1.15955e-06 8.93245e-07 6.81689e-07 5.16025e-07 3.87841e-07 2.89657e-07 2.15104e-07 1.58925e-07 1.16873e-07 8.55846e-08 6.24285e-08 4.53742e-08 3.28692e-08 2.37369e-08 1.70925e-08 1.22748e-08 8.79265e-09 6.28333e-09 4.48005e-09 3.18751e-09 2.26332e-09 1.60402e-09 1.13471e-09 8.01321e-10 5.64953e-10 3.97679e-10 2.79511e-10 1.96172e-10 1.37491e-10 9.62348e-11 6.72723e-11 4.69685e-11 3.27539e-11 2.28151e-11 1.58747e-11 1.10338e-11 7.66128e-12 5.31428e-12 3.68273e-12 2.54972e-12 1.76369e-12 1.21891e-12 8.41691e-13 5.80732e-13 4.0036e-13 2.75796e-13 1.89844e-13 1.30583e-13 8.97558e-14 6.16505e-14 4.2317e-14 2.90272e-14 1.98982e-14 1.36317e-14 9.33292e-15 6.38593e-15 4.36692e-15 2.98454e-15 2.03862e-15 1.39173e-15 9.49604e-16 6.47592e-16 4.41405e-16 3.00714e-16 2.04766e-16 1.39364e-16 9.48066e-17 6.44652e-17 4.38142e-17 2.97653e-17 2.02123e-17 1.37194e-17 9.30832e-18 6.31289e-18 4.27966e-18 2.90013e-18 1.96451e-18 1.33023e-18 9.00392e-19 6.09224e-19 4.12063e-19 2.78609e-19 1.88309e-19 1.27233e-19 8.59363e-20 5.80242e-20 3.9165e-20 2.64268e-20 1.7826e-20 1.20205e-20 8.10326e-21 5.46088e-21 3.67904e-21 2.47787e-21 1.66838e-21 1.12301e-21
4.41735e-06 1.89227e-06 1.5594e-06 1.25878e-06 9.99475e-07 7.82909e-07 6.06337e-07 4.65051e-07 3.53699e-07 2.6703e-07 2.00282e-07 1.49342e-07 1.10772e-07 8.17712e-08 6.00994e-08 4.39944e-08 3.20862e-08 2.33212e-08 1.68967e-08 1.22057e-08 8.79265e-09 6.31748e-09 4.52797e-09 3.23787e-09 2.31029e-09 1.64503e-09 1.16904e-09 8.29233e-10 5.87152e-10 4.15039e-10 2.92903e-10 2.0639e-10 1.45214e-10 1.02026e-10 7.15847e-11 5.01604e-11 3.51038e-11 2.45369e-11 1.71308e-11 1.19466e-11 8.32223e-12 5.7913e-12 4.02597e-12 2.796e-12 1.93994e-12 1.34474e-12 9.31319e-13 6.44438e-13 4.4555e-13 3.07791e-13 2.12455e-13 1.46536e-13 1.00993e-13 6.95535e-14 4.7867e-14 3.29193e-14 2.2624e-14 1.55382e-14 1.06648e-14 7.31523e-15 5.0146e-15 3.43545e-15 2.3522e-15 1.60959e-15 1.10081e-15 7.52441e-16 5.14041e-16 3.50989e-16 2.39533e-16 1.63387e-16 1.11393e-16 7.59073e-17 5.17017e-17 3.51984e-17 2.39521e-17 1.62918e-17 1.10765e-17 7.52752e-18 5.11347e-18 3.47215e-18 2.3567e-18 1.59895e-18 1.08441e-18 7.3517e-19 4.98212e-19 3.37504e-19 2.28551e-19 1.54714e-19 1.04694e-19 7.08214e-20 4.78912e-20 3.23743e-20 2.18776e-20 1.47794e-20 9.98095e-21 6.73829e-21 4.54769e-21 3.06831e-21 2.06954e-21 1.39546e-21 9.40666e-22
2.82327e-06 1.24262e-06 1.03211e-06 8.38902e-07 6.7023e-07 5.27985e-07 4.11057e-07 3.16824e-07 2.42079e-07 1.83564e-07 1.38257e-07 1.03506e-07 7.70701e-08 5.71038e-08 4.21203e-08 3.09404e-08 2.26418e-08 1.65107e-08 1.20006e-08 8.69592e-09 6.28333e-09 4.52797e-09 3.2548e-09 2.33408e-09 1.67007e-09 1.19242e-09 8.49676e-10 6.04289e-10 4.28989e-10 3.04013e-10 2.15089e-10 1.51934e-10 1.0716e-10 7.54706e-11 5.30782e-11 3.72796e-11 2.61496e-11 1.83197e-11 1.28189e-11 8.95946e-12 6.255e-12 4.36219e-12 3.03899e-12 2.11502e-12 1.47054e-12 1.02147e-12 7.08886e-13 4.91519e-13 3.40509e-13 2.35695e-13 1.63012e-13 1.12653e-13 7.7791e-14 5.36772e-14 3.70111e-14 2.55014e-14 1.75587e-14 1.20817e-14 8.3076e-15 5.70877e-15 3.92044e-15 2.69066e-15 1.84554e-15 1.26512e-15 8.66737e-16 5.93472e-16 4.06138e-16 2.77788e-16 1.899e-16 1.29751e-16 8.86085e-17 6.04819e-17 4.12634e-17 2.81382e-17 1.9179e-17 1.30664e-17 8.89794e-18 6.05664e-18 4.12084e-18 2.80256e-18 1.90521e-18 1.29465e-18 8.79401e-19 5.97103e-19 4.05268e-19 2.7496e-19 1.8648e-19 1.26425e-19 8.56799e-20 5.80454e-20 3.931e-20 2.66126e-20 1.80104e-20 1.21847e-20 8.24065e-21 5.57143e-21 3.76559e-21 2.54426e-21 1.71852e-21 1.16042e-21 7.83326e-22
1.80445e-06 8.1542e-07 6.82559e-07 5.58567e-07 4.48986e-07 3.5567e-07 2.78332e-07 2.1556e-07 1.65454e-07 1.26002e-07 9.5292e-08 7.1621e-08 5.35301e-08 3.98066e-08 2.9465e-08 2.1718e-08 1.59455e-08 1.16651e-08 8.50512e-09 6.18182e-09 4.48005e-09 3.23787e-09 2.33408e-09 1.67848e-09 1.20426e-09 8.62148e-10 6.15952e-10 4.39198e-10 3.12582e-10 2.22073e-10 1.57503e-10 1.11526e-10 7.88481e-11 5.56618e-11 3.92375e-11 2.76216e-11 1.94188e-11 1.36346e-11 9.56159e-12 6.69736e-12 4.68577e-12 3.27475e-12 2.28619e-12 1.59441e-12 1.11084e-12 7.7318e-13 5.37654e-13 3.73533e-13 2.59281e-13 1.79821e-13 1.24608e-13 8.62776e-14 5.96907e-14 4.1265e-14 2.85057e-14 1.96772e-14 1.35733e-14 9.35637e-15 6.44517e-15 4.43685e-15 3.05235e-15 2.09855e-15 1.44191e-15 9.90138e-16 6.79511e-16 4.66066e-16 3.19488e-16 2.18888e-16 1.49883e-16 1.02579e-16 7.01673e-17 4.79725e-17 3.27819e-17 2.23905e-17 1.52857e-17 1.04305e-17 7.11415e-18 4.85004e-18 3.30503e-18 2.25121e-18 1.53275e-18 1.04315e-18 7.09642e-19 4.82567e-19 3.28021e-19 2.22883e-19 1.51386e-19 1.02785e-19 6.97605e-20 4.73295e-20 3.20995e-20 2.17625e-20 1.47492e-20 9.99265e-21 6.76776e-21 4.58209e-21 3.10128e-21 2.09834e-21 1.4193e-21 9.59701e-22 6.48729e-22
1.15328e-06 5.34725e-07 4.51044e-07 3.71587e-07 3.00485e-07 2.39338e-07 1.88245e-07 1.46482e-07 1.12935e-07 8.63691e-08 6.55821e-08 4.94814e-08 3.71198e-08 2.77021e-08 2.0576e-08 1.52167e-08 1.12084e-08 8.22548e-09 6.01569e-09 4.3855e-09 3.18751e-09 2.31029e-09 1.67007e-09 1.20426e-09 8.6634e-10 6.21855e-10 4.45424e-10 3.1841e-10 2.27181e-10 1.61796e-10 1.15029e-10 8.16443e-11 5.78567e-11 4.09374e-11 2.89235e-11 2.04066e-11 1.43782e-11 1.01174e-11 7.11039e-12 4.99104e-12 3.4993e-12 2.45065e-12 1.71438e-12 1.19805e-12 8.3637e-13 5.83299e-13 4.06413e-13 2.82904e-13 1.96751e-13 1.36714e-13 9.49162e-14 6.58424e-14 4.56373e-14 3.16077e-14 2.18742e-14 1.51268e-14 1.04532e-14 7.21837e-15 4.98116e-15 3.43501e-15 2.36722e-15 1.63031e-15 1.12209e-15 7.71827e-16 5.30579e-16 3.64522e-16 2.50293e-16 1.71762e-16 1.17806e-16 8.07557e-17 5.53285e-17 3.78878e-17 2.59316e-17 1.77395e-17 1.21295e-17 8.28967e-18 5.66273e-18 3.86647e-18 2.6388e-18 1.80014e-18 1.22748e-18 8.36638e-19 5.70004e-19 3.88184e-19 2.64254e-19 1.79817e-19 1.22312e-19 8.31651e-20 5.65258e-20 3.84052e-20 2.60839e-20 1.77092e-20 1.20191e-20 8.15434e-21 5.53041e-21 3.74954e-21 2.54128e-21 1.7218e-21 1.1662e-21 7.89632e-22 5.34488e-22
7.37101e-07 3.50429e-07 2.97837e-07 2.46994e-07 2.00915e-07 1.60893e-07 1.27178e-07 9.94233e-08 7.69895e-08 5.9124e-08 4.5072e-08 3.41355e-08 2.57009e-08 1.92475e-08 1.43446e-08 1.06432e-08 7.86459e-09 5.78941e-09 4.24682e-09 3.10506e-09 2.26332e-09 1.64503e-09 1.19242e-09 8.62148e-10 6.21855e-10 4.47516e-10 3.2136e-10 2.30295e-10 1.64713e-10 1.17589e-10 8.37978e-11 5.96159e-11 4.23434e-11 3.00284e-11 2.12633e-11 1.5035e-11 1.06164e-11 7.48642e-12 5.27247e-12 3.70866e-12 2.60557e-12 1.82847e-12 1.2817e-12 8.97469e-13 6.27766e-13 4.38669e-13 3.06232e-13 2.13575e-13 1.48816e-13 1.036e-13 7.2059e-14 5.00784e-14 3.47739e-14 2.41273e-14 1.67272e-14 1.1588e-14 8.02175e-15 5.54902e-15 3.8358e-15 2.6497e-15 1.82913e-15 1.26185e-15 8.69943e-16 5.99379e-16 4.1271e-16 2.84006e-16 1.95324e-16 1.34256e-16 9.2229e-17 6.3323e-17 4.34531e-17 2.98024e-17 2.04294e-17 1.39971e-17 9.5853e-18 6.56085e-18 4.48855e-18 3.06936e-18 2.09792e-18 1.43329e-18 9.78775e-19 6.68102e-19 4.55844e-19 3.10889e-19 2.11941e-19 1.44427e-19 9.83796e-20 6.69871e-20 4.55941e-20 3.10214e-20 2.10984e-20 1.43442e-20 9.7487e-21 6.62309e-21 4.49802e-21 3.05374e-21 2.07249e-21 1.40607e-21 9.53626e-22 6.46556e-22 4.38223e-22
4.71106e-07 2.29512e-07 1.96533e-07 1.64048e-07 1.34221e-07 1.08056e-07 8.58314e-08 6.74074e-08 5.24226e-08 4.04223e-08 3.09351e-08 2.3516e-08 1.77687e-08 1.33529e-08 9.98464e-09 7.43211e-09 5.50897e-09 4.06767e-09 2.99266e-09 2.19439e-09 1.60402e-09 1.16904e-09 8.49676e-10 6.15952e-10 4.45424e-10 3.2136e-10 2.31341e-10 1.66189e-10 1.19149e-10 8.5261e-11 6.09009e-11 4.34255e-11 3.09133e-11 2.19712e-11 1.5592e-11 1.10487e-11 7.81823e-12 5.5248e-12 3.89903e-12 2.7482e-12 1.93469e-12 1.36039e-12 9.55483e-13 6.70353e-13 4.69809e-13 3.2892e-13 2.30052e-13 1.60745e-13 1.12213e-13 7.82614e-14 5.4534e-14 3.79674e-14 2.64112e-14 1.83574e-14 1.27493e-14 8.84758e-15 6.13526e-15 4.25129e-15 2.94372e-15 2.03688e-15 1.40843e-15 9.7323e-16 6.72064e-16 4.63796e-16 3.19869e-16 2.2047e-16 1.51869e-16 1.04552e-16 7.19359e-17 4.9467e-17 3.39974e-17 2.3353e-17 1.60328e-17 1.10014e-17 7.54517e-18 5.17217e-18 3.54375e-18 2.42686e-18 1.6612e-18 1.13658e-18 7.77282e-19 5.31329e-19 3.63043e-19 2.47951e-19 1.69273e-19 1.15513e-19 7.87945e-20 5.37262e-20 3.66188e-20 2.4949e-20 1.69916e-20 1.15679e-20 7.87245e-21 5.3556e-21 3.64209e-21 2.47593e-21 1.68258e-21 1.14304e-21 7.7625e-22 5.26983e-22 3.57642e-22
3.01099e-07 1.5023e-07 1.29599e-07 1.08875e-07 8.95918e-08 7.25039e-08 5.78697e-08 4.56525e-08 3.56544e-08 2.76031e-08 2.12053e-08 1.61787e-08 1.22676e-08 9.25008e-09 6.9394e-09 5.18172e-09 3.85269e-09 2.85321e-09 2.10526e-09 1.54807e-09 1.13471e-09 8.29233e-10 6.04289e-10 4.39198e-10 3.1841e-10 2.30295e-10 1.66189e-10 1.19673e-10 8.60009e-11 6.16835e-11 4.41603e-11 3.15593e-11 2.25158e-11 1.60377e-11 1.14057e-11 8.09933e-12 5.7432e-12 4.06684e-12 2.87595e-12 2.03117e-12 1.43275e-12 1.00943e-12 7.10358e-13 4.99334e-13 3.50617e-13 2.45933e-13 1.72329e-13 1.20634e-13 8.43653e-14 5.89457e-14 4.11478e-14 2.86984e-14 1.99984e-14 1.39243e-14 9.68711e-15 6.73399e-15 4.67751e-15 3.24661e-15 2.25178e-15 1.56067e-15 1.08092e-15 7.48128e-16 5.17451e-16 3.57667e-16 2.47065e-16 1.70558e-16 1.17671e-16 8.11344e-17 5.59097e-17 3.85052e-17 2.65038e-17 1.8233e-17 1.25365e-17 8.61512e-18 5.91729e-18 4.06222e-18 2.78732e-18 1.9116e-18 1.31039e-18 8.97837e-19 6.14885e-19 4.20913e-19 2.88003e-19 1.96975e-19 1.3466e-19 9.20193e-20 6.2855e-20 4.29163e-20 2.92907e-20 1.99831e-20 1.36279e-20 9.29024e-21 6.33083e-21 4.31253e-21 2.9366e-21 1.99894e-21 1.3602e-21 9.25232e-22 6.29144e-22 4.27662e-22 2.90608e-22
1.92443e-07 9.828e-08 8.54069e-08 7.22058e-08 5.97542e-08 4.86065e-08 3.89803e-08 3.08874e-08 2.42236e-08 1.88276e-08 1.45182e-08 1.11166e-08 8.45838e-09 6.39908e-09 4.81602e-09 3.60736e-09 2.69023e-09 1.99816e-09 1.47857e-09 1.09027e-09 8.01321e-10 5.87152e-10 4.28989e-10 3.12582e-10 2.27181e-10 1.64713e-10 1.19149e-10 8.60009e-11 6.19464e-11 4.45318e-11 3.19526e-11 2.28854e-11 1.63629e-11 1.168e-11 8.32413e-12 5.9234e-12 4.20889e-12 2.98641e-12 2.11613e-12 1.49749e-12 1.05837e-12 7.47104e-13 5.26756e-13 3.70973e-13 2.60972e-13 1.83391e-13 1.2874e-13 9.02835e-14 6.32527e-14 4.42727e-14 3.09593e-14 2.163e-14 1.50988e-14 1.05307e-14 7.33862e-15 5.10999e-15 3.55536e-15 2.4718e-15 1.71719e-15 1.19208e-15 8.2696e-16 5.73271e-16 3.97136e-16 2.74935e-16 1.90212e-16 1.31514e-16 9.08725e-17 6.27523e-17 4.3308e-17 2.98712e-17 2.05915e-17 1.41867e-17 9.76868e-18 6.7229e-18 4.62432e-18 3.17917e-18 2.18454e-18 1.50033e-18 1.02992e-18 7.06662e-19 4.84635e-19 3.32213e-19 2.27625e-19 1.55894e-19 1.0672e-19 7.30261e-20 4.99487e-20 3.41498e-20 2.33386e-20 1.59436e-20 1.08874e-20 7.43173e-21 5.07096e-21 3.4588e-21 2.3583e-21 1.60736e-21 1.09514e-21 7.4588e-22 5.07829e-22 3.45633e-22 2.35161e-22
1.22996e-07 6.42605e-08 5.62496e-08 4.78542e-08 3.98234e-08 3.25586e-08 2.62329e-08 2.08773e-08 1.64404e-08 1.28279e-08 9.92846e-09 7.62918e-09 5.8246e-09 4.42097e-09 3.33779e-09 2.50778e-09 1.87576e-09 1.39724e-09 1.03681e-09 7.66619e-10 5.64953e-10 4.15039e-10 3.04013e-10 2.22073e-10 1.61796e-10 1.17589e-10 8.5261e-11 6.16835e-11 4.45318e-11 3.20846e-11 2.30721e-11 1.65608e-11 1.18662e-11 8.48806e-12 6.06183e-12 4.3224e-12 3.07749e-12 2.18799e-12 1.55343e-12 1.10143e-12 7.79946e-13 5.51607e-13 3.89648e-13 2.74922e-13 1.93757e-13 1.36405e-13 9.59276e-14 6.73923e-14 4.72982e-14 3.31633e-14 2.32307e-14 1.6258e-14 1.13681e-14 7.94204e-15 5.54382e-15 3.8666e-15 2.69465e-15 1.87644e-15 1.30568e-15 9.07853e-16 6.30781e-16 4.3796e-16 3.03871e-16 2.10692e-16 1.4599e-16 1.01091e-16 6.99567e-17 4.83812e-17 3.34395e-17 2.30986e-17 1.59462e-17 1.10023e-17 7.58689e-18 5.22887e-18 3.60179e-18 2.4797e-18 1.7063e-18 1.17352e-18 8.067e-19 5.54268e-19 3.80644e-19 2.61284e-19 1.79269e-19 1.22942e-19 8.42753e-20 5.77444e-20 3.95486e-20 2.7075e-20 1.85278e-20 1.26736e-20 8.66562e-21 5.9228e-21 4.04654e-21 2.76359e-21 1.88668e-21 1.28753e-21 8.78334e-22 5.98968e-22 4.08311e-22 2.78244e-22 1.89544e-22
7.86111e-08 4.19956e-08 3.70249e-08 3.16944e-08 2.65211e-08 2.17916e-08 1.76389e-08 1.40983e-08 1.1147e-08 8.73099e-09 6.7822e-09 5.22973e-09 4.00609e-09 3.05049e-09 2.31027e-09 1.74101e-09 1.30604e-09 9.75622e-10 7.25956e-10 5.38219e-10 3.97679e-10 2.92903e-10 2.15089e-10 1.57503e-10 1.15029e-10 8.37978e-11 6.09009e-11 4.41603e-11 3.19526e-11 2.30721e-11 1.66272e-11 1.19602e-11 8.58779e-12 6.15571e-12 4.40514e-12 3.14742e-12 2.24538e-12 1.59951e-12 1.13782e-12 8.08297e-13 5.73452e-13 4.06324e-13 2.87552e-13 2.03257e-13 1.43508e-13 1.0121e-13 7.13023e-14 5.01798e-14 3.52788e-14 2.47782e-14 1.73864e-14 1.21884e-14 8.53669e-15 5.97378e-15 4.17673e-15 2.91783e-15 2.03671e-15 1.42054e-15 9.90012e-16 6.89444e-16 4.79774e-16 3.33627e-16 2.31835e-16 1.6099e-16 1.11718e-16 7.74755e-17 5.36938e-17 3.71887e-17 2.57412e-17 1.78067e-17 1.23107e-17 8.50605e-18 5.87391e-18 4.054e-18 2.79642e-18 1.92792e-18 1.32846e-18 9.14915e-19 6.29788e-19 4.33303e-19 2.97973e-19 2.04811e-19 1.4071e-19 9.66265e-20 6.63238e-20 4.55038e-20 3.12058e-20 2.13912e-20 1.46572e-20 1.00388e-20 6.87285e-21 4.70343e-21 3.2175e-21 2.20015e-21 1.5039e-21 1.02759e-21 7.01871e-22 4.79219e-22 3.27079e-22 2.2316e-22 1.52204e-22
5.0243e-08 2.74317e-08 2.43572e-08 2.09784e-08 1.76498e-08 1.4574e-08 1.18505e-08 9.51196e-09 7.55079e-09 5.93656e-09 4.62808e-09 3.58096e-09 2.75214e-09 2.10232e-09 1.59706e-09 1.20711e-09 9.08138e-10 6.80285e-10 5.07576e-10 3.77312e-10 2.79511e-10 2.0639e-10 1.51934e-10 1.11526e-10 8.16443e-11 5.96159e-11 4.34255e-11 3.15593e-11 2.28854e-11 1.65608e-11 1.19602e-11 8.62127e-12 6.20313e-12 4.45546e-12 3.19482e-12 2.28719e-12 1.63488e-12 1.16687e-12 8.31639e-13 5.919e-13 4.20709e-13 2.98645e-13 2.11732e-13 1.49932e-13 1.06046e-13 7.49215e-14 5.28738e-14 3.72746e-14 2.62504e-14 1.84682e-14 1.29805e-14 9.11474e-15 6.39437e-15 4.4819e-15 3.13868e-15 2.19616e-15 1.53539e-15 1.07256e-15 7.4866e-16 5.22171e-16 3.63927e-16 2.53452e-16 1.76387e-16 1.22669e-16 8.52519e-17 5.92083e-17 4.10938e-17 2.85031e-17 1.97576e-17 1.3687e-17 9.47596e-18 6.55663e-18 4.53406e-18 3.13363e-18 2.16454e-18 1.49433e-18 1.03109e-18 7.1108e-19 4.90136e-19 3.37671e-19 2.32518e-19 1.60032e-19 1.1009e-19 7.56983e-20 5.20263e-20 3.57406e-20 2.45418e-20 1.68446e-20 1.15565e-20 7.92511e-21 5.43256e-21 3.72241e-21 2.54957e-21 1.74557e-21 1.19464e-21 8.17274e-22 5.58899e-22 3.82063e-22 2.61082e-22 1.78345e-22 1.21783e-22
3.21119e-08 1.79101e-08 1.60151e-08 1.38771e-08 1.17381e-08 9.73985e-09 7.95527e-09 6.41215e-09 5.11013e-09 4.03263e-09 3.15493e-09 2.44939e-09 1.8886e-09 1.44719e-09 1.10271e-09 8.35899e-10 6.30651e-10 4.73723e-10 3.54403e-10 2.64139e-10 1.96172e-10 1.45214e-10 1.0716e-10 7.88481e-11 5.78567e-11 4.23434e-11 3.09133e-11 2.25158e-11 1.63629e-11 1.18662e-11 8.58779e-12 6.20313e-12 4.47235e-12 3.21876e-12 2.31261e-12 1.65884e-12 1.18802e-12 8.49542e-13 6.06615e-13 4.32544e-13 3.08005e-13 2.19037e-13 1.5557e-13 1.10357e-13 7.81918e-14 5.53378e-14 3.912e-14 2.76253e-14 1.94876e-14 1.37331e-14 9.66822e-15 6.79998e-15 4.77817e-15 3.35444e-15 2.35284e-15 1.64888e-15 1.15457e-15 8.07783e-16 5.64704e-16 3.94464e-16 2.75335e-16 1.92041e-16 1.33847e-16 9.32207e-17 6.48806e-17 4.51255e-17 3.13646e-17 2.17858e-17 1.51228e-17 1.0491e-17 7.27341e-18 5.03962e-18 3.48981e-18 2.41522e-18 1.67057e-18 1.15487e-18 7.97931e-19 5.51017e-19 3.8031e-19 2.62354e-19 1.80891e-19 1.24662e-19 8.5869e-20 5.91197e-20 4.0684e-20 2.79842e-20 1.92401e-20 1.32222e-20 9.08266e-21 6.23638e-21 4.28024e-21 2.93644e-21 2.0137e-21 1.38036e-21 9.45839e-22 6.47844e-22 4.43563e-22 3.03581e-22 2.07697e-22 1.42045e-22 9.71096e-23
