0.138818 0.0754443 0.0410023 0.0222839 0.0121108 0.00658196 0.00357715 0.0019441 0.00105658 0.000574227 0.00031208 0.000169609 9.21787e-05 5.00971e-05 2.72267e-05 1.47971e-05 8.04191e-06 4.3706e-06 2.37533e-06 1.29094e-06 7.01597e-07 3.81303e-07 2.0723e-07 1.12625e-07 6.12092e-08 3.32659e-08 1.80793e-08 9.82569e-09 5.34005e-09 2.9022e-09 1.57728e-09 8.57219e-10 4.6588e-10 2.53196e-10 1.37606e-10 7.4786e-11 4.06446e-11 2.20894e-11 1.20051e-11 6.52453e-12 3.54594e-12 1.92714e-12 1.04736e-12 5.69217e-13 3.09357e-13 1.68129e-13 9.13744e-14 4.966e-14 2.69891e-14 1.4668e-14 7.97174e-15 4.33247e-15 2.3546e-15 1.27967e-15 6.95475e-16 3.77976e-16 2.05422e-16 1.11642e-16 6.06751e-17 3.29756e-17 1.79215e-17 9.73996e-18 5.29345e-18 2.87688e-18 1.56352e-18 8.49739e-19 4.61815e-19 2.50986e-19 1.36406e-19 7.41335e-20 4.02899e-20 2.18967e-20 1.19004e-20 6.4676e-21 3.515e-21 1.91033e-21 1.03822e-21 5.6425e-22 3.06658e-22 1.66662e-22 9.05771e-23 4.92267e-23 2.67536e-23 1.454e-23 7.90218e-24 4.29466e-24 2.33406e-24 1.26851e-24 6.89407e-25 3.74678e-25 2.03629e-25 1.10668e-25 6.01457e-26 3.26879e-26 1.77651e-26 9.65497e-27 5.24727e-27 2.85178e-27 1.54988e-27 8.42325e-28 4.57785e-28
0.0754443 0.0506633 0.0327849 0.0206714 0.0127853 0.00779138 0.00469252 0.00279923 0.00165662 0.000973869 0.00056924 0.000331089 0.000191743 0.000110623 6.36079e-05 3.64644e-05 2.08474e-05 1.18898e-05 6.766e-06 3.84249e-06 2.17815e-06 1.2326e-06 6.9643e-07 3.92917e-07 2.2138e-07 1.24575e-07 7.00189e-08 3.9312e-08 2.2049e-08 1.23548e-08 6.91654e-09 3.86876e-09 2.16225e-09 1.20756e-09 6.73901e-10 3.75827e-10 2.09459e-10 1.16665e-10 6.49422e-11 3.61301e-11 2.009e-11 1.11653e-11 6.2022e-12 3.44365e-12 1.91116e-12 1.06021e-12 5.87899e-13 3.2587e-13 1.80559e-13 1.00008e-13 5.53731e-14 3.06489e-14 1.69585e-14 9.38046e-15 5.18713e-15 2.86749e-15 1.58473e-15 8.7556e-16 4.83618e-16 2.67058e-16 1.47435e-16 8.13752e-17 4.49035e-17 2.47725e-17 1.36635e-17 7.53463e-18 4.15405e-18 2.28977e-18 1.26191e-18 6.95313e-19 3.83047e-19 2.10982e-19 1.16188e-19 6.39738e-20 3.52185e-20 1.93851e-20 1.06683e-20 5.87026e-21 3.22963e-21 1.77657e-21 9.77128e-22 5.37351e-22 2.95465e-22 1.62441e-22 8.92948e-23 4.90797e-23 2.69727e-23 1.48215e-23 8.14344e-24 4.47376e-24 2.45747e-24 1.34975e-24 7.41263e-25 4.07046e-25 2.23496e-25 1.22701e-25 6.73574e-26 3.69725e-26 2.02922e-26 1.11362e-26 6.11092e-27
0.0410023 0.0327849 0.0241973 0.0169832 0.0115115 0.00760409 0.00492385 0.00313788 0.00197371 0.00122792 0.000756845 0.000462749 0.000280951 0.000169522 0.000101725 6.07418e-05 3.61093e-05 2.13796e-05 1.26121e-05 7.41514e-06 4.34621e-06 2.5402e-06 1.48075e-06 8.61059e-07 4.99572e-07 2.89228e-07 1.67117e-07 9.63814e-08 5.54887e-08 3.18934e-08 1.8303e-08 1.04883e-08 6.00181e-09 3.42996e-09 1.95772e-09 1.11608e-09 6.35552e-10 3.61523e-10 2.05435e-10 1.16623e-10 6.61433e-11 3.74797e-11 2.12193e-11 1.20035e-11 6.78483e-12 3.83212e-12 2.16282e-12 1.21981e-12 6.875e-13 3.87228e-13 2.17965e-13 1.22614e-13 6.89351e-14 3.8734e-14 2.17523e-14 1.22092e-14 6.8493e-15 3.8405e-15 2.15239e-15 1.20573e-15 6.7512e-16 3.77851e-16 2.11386e-16 1.18209e-16 6.60768e-17 3.69213e-17 2.06224e-17 1.15144e-17 6.42668e-18 3.58574e-18 1.99997e-18 1.11512e-18 6.21556e-19 3.46338e-19 1.92924e-19 1.07434e-19 5.98094e-20 3.32868e-20 1.85206e-20 1.03019e-20 5.72879e-21 3.1849e-21 1.77018e-21 9.83631e-22 5.46437e-22 3.0349e-22 1.68518e-22 9.35515e-23 5.19227e-23 2.88117e-23 1.5984e-23 8.8657e-24 4.91644e-24 2.72584e-24 1.511e-24 8.37421e-25 4.64025e-25 2.57074e-25 1.42395e-25 7.88593e-26 4.36652e-26
0.0222839 0.0206714 0.0169832 0.0129969 0.00948539 0.00668877 0.0045944 0.00309065 0.00204392 0.00133256 0.000858314 0.000547093 0.000345547 0.000216497 0.000134673 8.3237e-05 5.11482e-05 3.12648e-05 1.90192e-05 1.1519e-05 6.94824e-06 4.1755e-06 2.50054e-06 1.49264e-06 8.88319e-07 5.27181e-07 3.12036e-07 1.84235e-07 1.08524e-07 6.3786e-08 3.74129e-08 2.19009e-08 1.27965e-08 7.46369e-09 4.34594e-09 2.52649e-09 1.46652e-09 8.50009e-10 4.91988e-10 2.84385e-10 1.64174e-10 9.46611e-11 5.45165e-11 3.13614e-11 1.80216e-11 1.03452e-11 5.93263e-12 3.39889e-12 1.94546e-12 1.11255e-12 6.35678e-13 3.62904e-13 2.07012e-13 1.17994e-13 6.72039e-14 3.82482e-14 2.1753e-14 1.23631e-14 7.02178e-15 3.98552e-15 2.26073e-15 1.28159e-15 7.2609e-16 4.11133e-16 2.32664e-16 1.31596e-16 7.43913e-17 4.20319e-17 2.37365e-17 1.33981e-17 7.55894e-18 4.26262e-18 2.40268e-18 1.3537e-18 7.62362e-19 4.29158e-19 2.41487e-19 1.3583e-19 7.63711e-20 4.29234e-20 2.41155e-20 1.35438e-20 7.60373e-21 4.26739e-21 2.39413e-21 1.34273e-21 7.52808e-22 4.21931e-22 2.36408e-22 1.32418e-22 7.41485e-23 4.15076e-23 2.32288e-23 1.29958e-23 7.2687e-24 4.06436e-24 2.27201e-24 1.26974e-24 7.09422e-25 3.96265e-25 2.21288e-25
0.0121108 0.0127853 0.0115115 0.00948539 0.00737585 0.00550226 0.00397716 0.00280391 0.0019369 0.00131542 0.000880518 0.00058209 0.000380631 0.000246511 0.000158286 0.000100857 6.38186e-05 4.01278e-05 2.50863e-05 1.56002e-05 9.65388e-06 5.94723e-06 3.64846e-06 2.22952e-06 1.35748e-06 8.23712e-07 4.9823e-07 3.00456e-07 1.80676e-07 1.08358e-07 6.4822e-08 3.86852e-08 2.30345e-08 1.3686e-08 8.11486e-09 4.80214e-09 2.83646e-09 1.67242e-09 9.84397e-10 5.78477e-10 3.39408e-10 1.98841e-10 1.16322e-10 6.79545e-11 3.96455e-11 2.31e-11 1.3443e-11 7.81374e-12 4.53653e-12 2.63092e-12 1.52414e-12 8.82048e-13 5.09946e-13 2.94534e-13 1.69957e-13 9.79819e-14 5.64379e-14 3.24806e-14 1.86774e-14 1.07315e-14 6.16115e-15 3.53455e-15 2.02622e-15 1.16071e-15 6.64448e-16 3.80103e-16 2.17297e-16 1.24144e-16 7.08801e-17 4.04443e-17 2.30638e-17 1.31447e-17 7.48726e-18 4.26241e-18 2.42522e-18 1.37917e-18 7.83901e-19 4.45332e-19 2.52867e-19 1.43513e-19 8.14116e-20 4.61615e-20 2.61624e-20 1.48212e-20 8.3927e-21 4.75046e-21 2.68775e-21 1.52008e-21 8.59353e-22 4.85631e-22 2.74332e-22 1.54911e-22 8.74437e-23 4.93422e-23 2.78327e-23 1.56943e-23 8.84666e-24 4.98508e-24 2.80816e-24 1.58137e-24 8.90238e-25
0.00658196 0.00779138 0.00760409 0.00668877 0.00550226 0.00431544 0.00326458 0.00240015 0.00172404 0.00121458 0.000841653 0.000574975 0.000387931 0.000258868 0.000171059 0.000112043 7.28062e-05 4.69686e-05 3.01005e-05 1.91735e-05 1.21449e-05 7.6531e-06 4.79942e-06 2.99635e-06 1.86284e-06 1.1536e-06 7.11761e-07 4.3763e-07 2.68201e-07 1.6386e-07 9.98191e-08 6.06389e-08 3.67406e-08 2.22052e-08 1.33883e-08 8.054e-09 4.83453e-09 2.89599e-09 1.73132e-09 1.03307e-09 6.15307e-10 3.65842e-10 2.17153e-10 1.28687e-10 7.61428e-11 4.49854e-11 2.65391e-11 1.5635e-11 9.19864e-12 5.40487e-12 3.17178e-12 1.85905e-12 1.08836e-12 6.36438e-13 3.7176e-13 2.16923e-13 1.26444e-13 7.36297e-14 4.28336e-14 2.48946e-14 1.44552e-14 8.38603e-15 4.86082e-15 2.81511e-15 1.629e-15 9.4189e-16 5.44176e-16 3.14157e-16 1.81231e-16 1.04473e-16 6.01821e-17 3.46443e-17 1.99299e-17 1.14575e-17 6.58264e-18 3.77952e-18 2.16874e-18 1.24371e-18 7.12811e-19 4.08303e-19 2.33747e-19 1.33744e-19 7.64835e-20 4.37153e-20 2.49733e-20 1.42594e-20 8.13787e-21 4.64206e-21 2.6467e-21 1.50834e-21 8.59199e-22 4.89209e-22 2.78424e-22 1.58391e-22 9.00684e-23 5.11958e-23 2.90884e-23 1.65209e-23 9.3794e-24 5.32293e-24 3.01969e-24
0.00357715 0.00469252 0.00492385 0.0045944 0.00397716 0.00326458 0.00257415 0.00196636 0.00146376 0.00106638 0.000762752 0.000537003 0.000372867 0.00025575 0.000173515 0.000116574 7.76277e-05 5.12776e-05 3.36229e-05 2.18978e-05 1.41726e-05 9.11979e-06 5.83692e-06 3.7171e-06 2.35608e-06 1.48685e-06 9.34447e-07 5.84997e-07 3.64889e-07 2.26811e-07 1.40521e-07 8.67894e-08 5.34452e-08 3.28193e-08 2.00995e-08 1.22781e-08 7.48194e-09 4.54866e-09 2.75919e-09 1.67013e-09 1.00884e-09 6.08192e-10 3.65959e-10 2.19802e-10 1.31785e-10 7.888e-11 4.71365e-11 2.81231e-11 1.67536e-11 9.96581e-12 5.91971e-12 3.51149e-12 2.08019e-12 1.23071e-12 7.27214e-13 4.29184e-13 2.52996e-13 1.48966e-13 8.76154e-14 5.1476e-14 3.02117e-14 1.77134e-14 1.03752e-14 6.07122e-15 3.54933e-15 2.07309e-15 1.20977e-15 7.05363e-16 4.10916e-16 2.39185e-16 1.39112e-16 8.08454e-17 4.69474e-17 2.72422e-17 1.57962e-17 9.15281e-18 5.2997e-18 3.06655e-18 1.77321e-18 1.02467e-18 5.91737e-19 3.41509e-19 1.96974e-19 1.13541e-19 6.541e-20 3.76602e-20 2.16709e-20 1.24632e-20 7.16384e-21 4.11558e-21 2.36314e-21 1.35621e-21 7.77935e-22 4.46012e-22 2.55588e-22 1.46395e-22 8.38127e-23 4.79617e-23 2.74337e-23 1.56849e-23 8.96374e-24
0.0019441 0.00279923 0.00313788 0.00309065 0.00280391 0.00240015 0.00196636 0.00155618 0.00119732 0.00089979 0.000662795 0.000479854 0.000342194 0.000240786 0.000167422 0.000115171 7.84622e-05 5.29845e-05 3.54921e-05 2.3599e-05 1.55841e-05 1.02262e-05 6.67095e-06 4.32785e-06 2.79335e-06 1.79426e-06 1.1473e-06 7.3049e-07 4.63238e-07 2.92644e-07 1.84208e-07 1.15555e-07 7.22532e-08 4.5038e-08 2.79911e-08 1.73475e-08 1.07222e-08 6.61014e-09 4.06506e-09 2.494e-09 1.52665e-09 9.32467e-10 5.68352e-10 3.45721e-10 2.09889e-10 1.27186e-10 7.69313e-11 4.64526e-11 2.80017e-11 1.6852e-11 1.01259e-11 6.07511e-12 3.63943e-12 2.17716e-12 1.3006e-12 7.75915e-13 4.62292e-13 2.75086e-13 1.63487e-13 9.70467e-14 5.75402e-14 3.40777e-14 2.016e-14 1.19136e-14 7.03305e-15 4.14765e-15 2.44359e-15 1.43825e-15 8.4573e-16 4.96854e-16 2.91632e-16 1.71025e-16 1.00211e-16 5.86683e-17 3.43193e-17 2.00598e-17 1.17159e-17 6.83738e-18 3.98732e-18 2.32356e-18 1.35306e-18 7.87362e-19 4.57861e-19 2.66073e-19 1.54519e-19 8.96775e-20 5.20127e-20 3.01485e-20 1.74646e-20 1.0111e-20 5.85021e-21 3.38299e-21 1.95518e-21 1.12936e-21 6.51989e-22 3.76199e-22 2.16954e-22 1.25053e-22 7.20449e-23 4.14854e-23 2.38768e-23
0.00105658 0.00165662 0.00197371 0.00204392 0.0019369 0.00172404 0.00146376 0.00119732 0.000950089 0.000735045 0.000556547 0.00041362 0.00030243 0.000217967 0.000155087 0.00010908 7.59225e-05 5.23434e-05 3.57742e-05 2.42548e-05 1.63235e-05 1.09107e-05 7.24645e-06 4.78425e-06 3.14115e-06 2.05162e-06 1.33344e-06 8.62674e-07 5.55678e-07 3.56458e-07 2.27768e-07 1.45e-07 9.19828e-08 5.8155e-08 3.66501e-08 2.30268e-08 1.44252e-08 9.01149e-09 5.61442e-09 3.48896e-09 2.16279e-09 1.33753e-09 8.25279e-10 5.08094e-10 3.12153e-10 1.91384e-10 1.17108e-10 7.15226e-11 4.36015e-11 2.65331e-11 1.61186e-11 9.77565e-12 5.9192e-12 3.57851e-12 2.16014e-12 1.30204e-12 7.83696e-13 4.71051e-13 2.82751e-13 1.695e-13 1.01481e-13 6.06821e-14 3.62421e-14 2.162e-14 1.28825e-14 7.66764e-15 4.5588e-15 2.70757e-15 1.60642e-15 9.5214e-16 5.63787e-16 3.33511e-16 1.97105e-16 1.16383e-16 6.86574e-17 4.04674e-17 2.38315e-17 1.40227e-17 8.24437e-18 4.84321e-18 2.84294e-18 1.6675e-18 9.77323e-19 5.72386e-19 3.34985e-19 1.95908e-19 1.14493e-19 6.68663e-20 3.90253e-20 2.27614e-20 1.3267e-20 7.72808e-21 4.49885e-21 2.61738e-21 1.52185e-21 8.84347e-22 5.13598e-22 2.9811e-22 1.72937e-22 1.00268e-22 5.81038e-23
0.000574227 0.000973869 0.00122792 0.00133256 0.00131542 0.00121458 0.00106638 0.00089979 0.000735045 0.000584457 0.000454157 0.000345964 0.000259003 0.000190942 0.000138848 9.97288e-05 7.08353e-05 4.98036e-05 3.46919e-05 2.39594e-05 1.64168e-05 1.11665e-05 7.54366e-06 5.0639e-06 3.3791e-06 2.24229e-06 1.48013e-06 9.72206e-07 6.35603e-07 4.13706e-07 2.68148e-07 1.73113e-07 1.11337e-07 7.13476e-08 4.55645e-08 2.90033e-08 1.84036e-08 1.16427e-08 7.34429e-09 4.62004e-09 2.89861e-09 1.81395e-09 1.13238e-09 7.05236e-10 4.38215e-10 2.71697e-10 1.68098e-10 1.03788e-10 6.39553e-11 3.93344e-11 2.4147e-11 1.47971e-11 9.05175e-12 5.52787e-12 3.37033e-12 2.05163e-12 1.24697e-12 7.56769e-13 4.58606e-13 2.77524e-13 1.67712e-13 1.01216e-13 6.10048e-14 3.67223e-14 2.20779e-14 1.32575e-14 7.95162e-15 4.76378e-15 2.85077e-15 1.70411e-15 1.01758e-15 6.07002e-16 3.61717e-16 2.15335e-16 1.28068e-16 7.60941e-17 4.51709e-17 2.67899e-17 1.58744e-17 9.39821e-18 5.55933e-18 3.28576e-18 1.94042e-18 1.145e-18 6.75109e-19 3.97748e-19 2.34161e-19 1.37752e-19 8.0978e-20 4.75692e-20 2.79242e-20 1.63809e-20 9.6029e-21 5.62573e-21 3.29362e-21 1.92704e-21 1.12677e-21 6.58435e-22 3.84527e-22 2.24431e-22 1.30914e-22
0.00031208 0.00056924 0.000756845 0.000858314 0.000880518 0.000841653 0.000762752 0.000662795 0.000556547 0.000454157 0.000361693 0.000282059 0.000215946 0.000162659 0.000120753 8.84786e-05 6.40675e-05 4.58937e-05 3.25521e-05 2.28803e-05 1.59477e-05 1.10295e-05 7.57299e-06 5.16471e-06 3.50008e-06 2.35794e-06 1.57966e-06 1.05271e-06 6.98061e-07 4.60718e-07 3.02719e-07 1.98063e-07 1.29068e-07 8.37845e-08 5.41899e-08 3.49264e-08 2.24355e-08 1.43657e-08 9.17029e-09 5.8366e-09 3.70431e-09 2.34462e-09 1.48013e-09 9.32039e-10 5.85479e-10 3.66919e-10 2.29428e-10 1.43144e-10 8.91211e-11 5.53733e-11 3.43369e-11 2.12515e-11 1.31283e-11 8.0956e-12 4.98343e-12 3.06247e-12 1.87888e-12 1.15089e-12 7.03865e-13 4.29822e-13 2.62089e-13 1.59583e-13 9.7033e-14 5.89198e-14 3.57295e-14 2.16388e-14 1.30885e-14 7.90708e-15 4.77112e-15 2.87552e-15 1.73107e-15 1.04095e-15 6.25273e-16 3.75186e-16 2.2489e-16 1.34664e-16 8.05564e-17 4.8142e-17 2.8743e-17 1.71449e-17 1.02174e-17 6.08352e-18 3.61899e-18 2.15103e-18 1.27743e-18 7.58003e-19 4.49418e-19 2.66247e-19 1.57608e-19 9.32269e-20 5.51031e-20 3.25454e-20 1.92083e-20 1.13287e-20 6.67676e-21 3.93236e-21 2.31445e-21 1.36131e-21 8.00164e-22 4.70029e-22 2.75929e-22
0.000169609 0.000331089 0.000462749 0.000547093 0.00058209 0.000574975 0.000537003 0.000479854 0.00041362 0.000345964 0.000282059 0.000224925 0.000175922 0.000135256 0.000102411 7.64817e-05 5.64092e-05 4.11346e-05 2.96856e-05 2.1219e-05 1.50335e-05 1.05641e-05 7.36694e-06 5.10089e-06 3.50838e-06 2.39799e-06 1.6294e-06 1.10102e-06 7.4009e-07 4.95009e-07 3.2953e-07 2.18389e-07 1.44118e-07 9.47198e-08 6.20128e-08 4.04497e-08 2.62913e-08 1.70308e-08 1.09963e-08 7.07792e-09 4.54215e-09 2.90648e-09 1.85467e-09 1.18034e-09 7.49255e-10 4.7443e-10 2.99691e-10 1.88872e-10 1.18765e-10 7.45192e-11 4.66591e-11 2.91555e-11 1.81823e-11 1.13174e-11 7.0314e-12 4.36067e-12 2.69963e-12 1.66847e-12 1.02947e-12 6.34181e-13 3.90061e-13 2.39547e-13 1.46894e-13 8.99477e-14 5.50003e-14 3.35849e-14 2.04805e-14 1.2473e-14 7.58658e-15 4.60873e-15 2.79633e-15 1.69464e-15 1.02581e-15 6.20238e-16 3.74602e-16 2.26e-16 1.36203e-16 8.20001e-17 4.93173e-17 2.96313e-17 1.7786e-17 1.06658e-17 6.38995e-18 3.82476e-18 2.28729e-18 1.36664e-18 8.1585e-19 4.86629e-19 2.90017e-19 1.72701e-19 1.02758e-19 6.10938e-20 3.62946e-20 2.15455e-20 1.27804e-20 7.57561e-21 4.48721e-21 2.656e-21 1.571e-21 9.28599e-22 5.48514e-22
9.21787e-05 0.000191743 0.000280951 0.000345547 0.000380631 0.000387931 0.000372867 0.000342194 0.00030243 0.000259003 0.000215946 0.000175922 0.000140438 0.000110115 8.49661e-05 6.46215e-05 4.851e-05 3.59842e-05 2.64029e-05 1.91792e-05 1.38032e-05 9.84891e-06 6.97134e-06 4.89774e-06 3.41689e-06 2.36816e-06 1.63119e-06 1.11702e-06 7.60716e-07 5.15366e-07 3.47422e-07 2.33107e-07 1.55707e-07 1.03563e-07 6.86018e-08 4.52662e-08 2.97575e-08 1.94925e-08 1.27249e-08 8.27972e-09 5.3704e-09 3.4728e-09 2.23916e-09 1.43969e-09 9.23152e-10 5.90393e-10 3.76627e-10 2.39674e-10 1.52162e-10 9.6382e-11 6.09152e-11 3.84171e-11 2.4178e-11 1.51859e-11 9.51943e-12 5.95603e-12 3.71964e-12 2.31881e-12 1.44302e-12 8.96487e-13 5.56029e-13 3.44312e-13 2.12877e-13 1.31414e-13 8.10041e-14 4.9859e-14 3.06454e-14 1.88099e-14 1.15299e-14 7.05811e-15 4.31514e-15 2.63485e-15 1.60688e-15 9.7879e-16 5.95505e-16 3.61895e-16 2.19681e-16 1.33206e-16 8.06838e-17 4.88193e-17 2.95086e-17 1.78183e-17 1.07486e-17 6.47761e-18 3.9e-18 2.34589e-18 1.40979e-18 8.46463e-19 5.07784e-19 3.04351e-19 1.82264e-19 1.09059e-19 6.52032e-20 3.89517e-20 2.32509e-20 1.3868e-20 8.2653e-21 4.92239e-21 2.92936e-21 1.74203e-21 1.03521e-21
5.00971e-05 0.000110623 0.000169522 0.000216497 0.000246511 0.000258868 0.00025575 0.000240786 0.000217967 0.000190942 0.000162659 0.000135256 0.000110115 8.79831e-05 6.9133e-05 5.35096e-05 4.08556e-05 3.08084e-05 2.29688e-05 1.69455e-05 1.2381e-05 8.9651e-06 6.43748e-06 4.5865e-06 3.24389e-06 2.27858e-06 1.5902e-06 1.10304e-06 7.60716e-07 5.21773e-07 3.56032e-07 2.41746e-07 1.63377e-07 1.09922e-07 7.36418e-08 4.91354e-08 3.26566e-08 2.16235e-08 1.42667e-08 9.38053e-09 6.14747e-09 4.01591e-09 2.61543e-09 1.69832e-09 1.09967e-09 7.10089e-10 4.57311e-10 2.93764e-10 1.88239e-10 1.20331e-10 7.67428e-11 4.88338e-11 3.10068e-11 1.96459e-11 1.24222e-11 7.83891e-12 4.9371e-12 3.10363e-12 1.94748e-12 1.21984e-12 7.62742e-13 4.76123e-13 2.96719e-13 1.84619e-13 1.14691e-13 7.11405e-14 4.40615e-14 2.72503e-14 1.68294e-14 1.03792e-14 6.39252e-15 3.93193e-15 2.41534e-15 1.48185e-15 9.0801e-16 5.55716e-16 3.39705e-16 2.07418e-16 1.26503e-16 7.70675e-17 4.68997e-17 2.85105e-17 1.73136e-17 1.05032e-17 6.36537e-18 3.85386e-18 2.33104e-18 1.40861e-18 8.50409e-19 5.12942e-19 3.09115e-19 1.86118e-19 1.11965e-19 6.72987e-20 4.04174e-20 2.42535e-20 1.45422e-20 8.71251e-21 5.21576e-21 3.12003e-21 1.86498e-21
2.72267e-05 6.36079e-05 0.000101725 0.000134673 0.000158286 0.000171059 0.000173515 0.000167422 0.000155087 0.000138848 0.000120753 0.000102411 8.49661e-05 6.9133e-05 5.52803e-05 4.35165e-05 3.37733e-05 2.58746e-05 1.95896e-05 1.46703e-05 1.0876e-05 7.98786e-06 5.81577e-06 4.19999e-06 3.01007e-06 2.14188e-06 1.51386e-06 1.0632e-06 7.42223e-07 5.15204e-07 3.55695e-07 2.44313e-07 1.66991e-07 1.1361e-07 7.69497e-08 5.18981e-08 3.48602e-08 2.33246e-08 1.5548e-08 1.03271e-08 6.83568e-09 4.50967e-09 2.96564e-09 1.94427e-09 1.27088e-09 8.28335e-10 5.38401e-10 3.49015e-10 2.25661e-10 1.4554e-10 9.36382e-11 6.01039e-11 3.84913e-11 2.45958e-11 1.56829e-11 9.97899e-12 6.33675e-12 4.01597e-12 2.54029e-12 1.60386e-12 1.01079e-12 6.35896e-13 3.9936e-13 2.50388e-13 1.5673e-13 9.79487e-14 6.11178e-14 3.80782e-14 2.36887e-14 1.47155e-14 9.1284e-15 5.65474e-15 3.49819e-15 2.16122e-15 1.3335e-15 8.21741e-16 5.05754e-16 3.10897e-16 1.90888e-16 1.17067e-16 7.17124e-17 4.38802e-17 2.68206e-17 1.63757e-17 9.98793e-18 6.08558e-18 3.70415e-18 2.25238e-18 1.36827e-18 8.30399e-19 5.03492e-19 3.04998e-19 1.8459e-19 1.11617e-19 6.74332e-20 4.07045e-20 2.45496e-20 1.4794e-20 8.90779e-21 5.35928e-21 3.2218e-21
1.47971e-05 3.64644e-05 6.07418e-05 8.3237e-05 0.000100857 0.000112043 0.000116574 0.000115171 0.00010908 9.97288e-05 8.84786e-05 7.64817e-05 6.46215e-05 5.35096e-05 4.35165e-05 3.48197e-05 2.74539e-05 2.13578e-05 1.64122e-05 1.24698e-05 9.37575e-06 6.98124e-06 5.15145e-06 3.76925e-06 2.73617e-06 1.97152e-06 1.41065e-06 1.00269e-06 7.0828e-07 4.97362e-07 3.47299e-07 2.41221e-07 1.66695e-07 1.14637e-07 7.84732e-08 5.34808e-08 3.62941e-08 2.4531e-08 1.6516e-08 1.10783e-08 7.40426e-09 4.93164e-09 3.27384e-09 2.16636e-09 1.4291e-09 9.39936e-10 6.16427e-10 4.0314e-10 2.62941e-10 1.71052e-10 1.10994e-10 7.18471e-11 4.63966e-11 2.98925e-11 1.92161e-11 1.23261e-11 7.88987e-12 5.0399e-12 3.21296e-12 2.04431e-12 1.29827e-12 8.22966e-13 5.20739e-13 3.28926e-13 2.07412e-13 1.30571e-13 8.20647e-14 5.14962e-14 3.22643e-14 2.01842e-14 1.26084e-14 7.86466e-15 4.89877e-15 3.04715e-15 1.89284e-15 1.17425e-15 7.27516e-16 4.50169e-16 2.78208e-16 1.71726e-16 1.05873e-16 6.51966e-17 4.01023e-17 2.46392e-17 1.51219e-17 9.27078e-18 5.67762e-18 3.47349e-18 2.12286e-18 1.29611e-18 7.90563e-19 4.81738e-19 2.93274e-19 1.78374e-19 1.08391e-19 6.58053e-20 3.99159e-20 2.4191e-20 1.46484e-20 8.86257e-21 5.35761e-21
8.04191e-06 2.08474e-05 3.61093e-05 5.11482e-05 6.38186e-05 7.28062e-05 7.76277e-05 7.84622e-05 7.59225e-05 7.08353e-05 6.40675e-05 5.64092e-05 4.851e-05 4.08556e-05 3.37733e-05 2.74539e-05 2.19798e-05 1.73547e-05 1.35295e-05 1.04246e-05 7.94571e-06 5.99567e-06 4.48203e-06 3.32133e-06 2.44112e-06 1.78042e-06 1.28916e-06 9.27083e-07 6.62402e-07 4.70396e-07 3.32108e-07 2.33181e-07 1.62862e-07 1.1318e-07 7.8277e-08 5.38903e-08 3.69387e-08 2.52132e-08 1.71404e-08 1.16074e-08 7.83122e-09 5.26465e-09 3.52704e-09 2.3551e-09 1.56752e-09 1.04009e-09 6.8807e-10 4.53876e-10 2.98556e-10 1.95856e-10 1.28148e-10 8.36331e-11 5.44471e-11 3.53616e-11 2.29129e-11 1.48131e-11 9.55566e-12 6.15104e-12 3.95126e-12 2.53305e-12 1.62069e-12 1.03496e-12 6.59683e-13 4.19718e-13 2.66569e-13 1.69009e-13 1.06973e-13 6.75967e-14 4.26458e-14 2.68623e-14 1.68944e-14 1.06094e-14 6.65269e-15 4.16564e-15 2.60468e-15 1.62641e-15 1.01419e-15 6.31595e-16 3.92822e-16 2.44007e-16 1.51381e-16 9.38019e-17 5.80543e-17 3.58881e-17 2.21599e-17 1.36678e-17 8.4207e-18 5.18237e-18 3.18601e-18 1.95665e-18 1.20042e-18 7.35729e-19 4.50477e-19 2.75553e-19 1.68393e-19 1.0281e-19 6.27112e-20 3.82175e-20 2.32697e-20 1.4156e-20 8.60428e-21
4.3706e-06 1.18898e-05 2.13796e-05 3.12648e-05 4.01278e-05 4.69686e-05 5.12776e-05 5.29845e-05 5.23434e-05 4.98036e-05 4.58937e-05 4.11346e-05 3.59842e-05 3.08084e-05 2.58746e-05 2.13578e-05 1.73547e-05 1.39013e-05 1.09898e-05 8.58367e-06 6.62975e-06 5.06771e-06 3.83641e-06 2.87815e-06 2.14104e-06 1.58008e-06 1.1574e-06 8.41812e-07 6.08196e-07 4.36638e-07 3.11593e-07 2.21092e-07 1.56025e-07 1.09537e-07 7.65196e-08 5.3202e-08 3.68225e-08 2.53752e-08 1.74139e-08 1.19025e-08 8.10423e-09 5.49761e-09 3.71608e-09 2.50324e-09 1.68065e-09 1.12476e-09 7.50407e-10 4.99153e-10 3.31064e-10 2.18964e-10 1.44428e-10 9.5014e-11 6.23467e-11 4.08096e-11 2.6648e-11 1.73601e-11 1.12837e-11 7.31799e-12 4.73585e-12 3.0584e-12 1.97108e-12 1.26781e-12 8.13883e-13 5.21496e-13 3.33535e-13 2.12937e-13 1.35707e-13 8.63391e-14 5.48389e-14 3.47745e-14 2.20161e-14 1.39169e-14 8.78382e-15 5.53574e-15 3.48365e-15 2.18914e-15 1.37374e-15 8.60878e-16 5.38761e-16 3.36728e-16 2.10186e-16 1.31033e-16 8.15869e-17 5.07379e-17 3.15158e-17 1.95531e-17 1.21174e-17 7.50085e-18 4.63803e-18 2.86475e-18 1.76757e-18 1.08946e-18 6.70816e-19 4.12625e-19 2.53558e-19 1.55659e-19 9.54679e-20 5.84965e-20 3.58097e-20 2.19016e-20 1.33832e-20
2.37533e-06 6.766e-06 1.26121e-05 1.90192e-05 2.50863e-05 3.01005e-05 3.36229e-05 3.54921e-05 3.57742e-05 3.46919e-05 3.25521e-05 2.96856e-05 2.64029e-05 2.29688e-05 1.95896e-05 1.64122e-05 1.35295e-05 1.09898e-05 8.8069e-06 6.97018e-06 5.4533e-06 4.22111e-06 3.23493e-06 2.45617e-06 1.84867e-06 1.38006e-06 1.02231e-06 7.51801e-07 5.4907e-07 3.98396e-07 2.87282e-07 2.0594e-07 1.46803e-07 1.04089e-07 7.34262e-08 5.15436e-08 3.60134e-08 2.50498e-08 1.7349e-08 1.1966e-08 8.22044e-09 5.62574e-09 3.83586e-09 2.60617e-09 1.76462e-09 1.19087e-09 8.01101e-10 5.37237e-10 3.59207e-10 2.39478e-10 1.59208e-10 1.05556e-10 6.97998e-11 4.60375e-11 3.02893e-11 1.988e-11 1.30173e-11 8.50423e-12 5.54348e-12 3.6057e-12 2.34036e-12 1.51594e-12 9.7997e-13 6.32261e-13 4.07148e-13 2.617e-13 1.67906e-13 1.07538e-13 6.8755e-14 4.38848e-14 2.79646e-14 1.7791e-14 1.13008e-14 7.16712e-15 4.53863e-15 2.86988e-15 1.81206e-15 1.14253e-15 7.19382e-16 4.52335e-16 2.84041e-16 1.78129e-16 1.11566e-16 6.97886e-17 4.36014e-17 2.72077e-17 1.69577e-17 1.05569e-17 6.56462e-18 4.07751e-18 2.52989e-18 1.56797e-18 9.70758e-19 6.00386e-19 3.7094e-19 2.28948e-19 1.41169e-19 8.69599e-20 5.35156e-20 3.29027e-20 2.02106e-20
1.29094e-06 3.84249e-06 7.41514e-06 1.1519e-05 1.56002e-05 1.91735e-05 2.18978e-05 2.3599e-05 2.42548e-05 2.39594e-05 2.28803e-05 2.1219e-05 1.91792e-05 1.69455e-05 1.46703e-05 1.24698e-05 1.04246e-05 8.58367e-06 6.97018e-06 5.58792e-06 4.42697e-06 3.46883e-06 2.69033e-06 2.06665e-06 1.57335e-06 1.18773e-06 8.8953e-07 6.61216e-07 4.88027e-07 3.57786e-07 2.60633e-07 1.88712e-07 1.35849e-07 9.72567e-08 6.92619e-08 4.90774e-08 3.46078e-08 2.42917e-08 1.69752e-08 1.1812e-08 8.18557e-09 5.65018e-09 3.88531e-09 2.66194e-09 1.81734e-09 1.23649e-09 8.38518e-10 5.66825e-10 3.81984e-10 2.56651e-10 1.71943e-10 1.1487e-10 7.65319e-11 5.08549e-11 3.3706e-11 2.22843e-11 1.46973e-11 9.67054e-12 6.34846e-12 4.15829e-12 2.7178e-12 1.77255e-12 1.15368e-12 7.49367e-13 4.85793e-13 3.14322e-13 2.02996e-13 1.30859e-13 8.42068e-14 5.40919e-14 3.46879e-14 2.22075e-14 1.41942e-14 9.05801e-15 5.77133e-15 3.67161e-15 2.33231e-15 1.47938e-15 9.37028e-16 5.92671e-16 3.74348e-16 2.3613e-16 1.48749e-16 9.35815e-17 5.87995e-17 3.68989e-17 2.31271e-17 1.44779e-17 9.0527e-18 5.65386e-18 3.52709e-18 2.19787e-18 1.36808e-18 8.50644e-19 5.28353e-19 3.27828e-19 2.03199e-19 1.25823e-19 7.78333e-20 4.81002e-20 2.96968e-20
7.01597e-07 2.17815e-06 4.34621e-06 6.94824e-06 9.65388e-06 1.21449e-05 1.41726e-05 1.55841e-05 1.63235e-05 1.64168e-05 1.59477e-05 1.50335e-05 1.38032e-05 1.2381e-05 1.0876e-05 9.37575e-06 7.94571e-06 6.62975e-06 5.4533e-06 4.42697e-06 3.55032e-06 2.81526e-06 2.209e-06 1.71631e-06 1.32127e-06 1.00836e-06 7.63305e-07 5.73363e-07 4.27557e-07 3.16633e-07 2.32953e-07 1.70321e-07 1.23791e-07 8.94633e-08 6.43057e-08 4.59837e-08 3.27193e-08 2.31707e-08 1.6334e-08 1.14642e-08 8.01237e-09 5.57721e-09 3.86701e-09 2.67114e-09 1.83839e-09 1.26082e-09 8.6178e-10 5.871e-10 3.98702e-10 2.69928e-10 1.82202e-10 1.22632e-10 8.23066e-11 5.50914e-11 3.67778e-11 2.4489e-11 1.62657e-11 1.07775e-11 7.12423e-12 4.69849e-12 3.09176e-12 2.03004e-12 1.33008e-12 8.69666e-13 5.67475e-13 3.69558e-13 2.40205e-13 1.55834e-13 1.00912e-13 6.52298e-14 4.20905e-14 2.71129e-14 1.74357e-14 1.11941e-14 7.17526e-15 4.59202e-15 2.93427e-15 1.87215e-15 1.19272e-15 7.58764e-16 4.82013e-16 3.05777e-16 1.93713e-16 1.22555e-16 7.74337e-17 4.88619e-17 3.07937e-17 1.93826e-17 1.21852e-17 7.6513e-18 4.79872e-18 3.00617e-18 1.88108e-18 1.17576e-18 7.34094e-19 4.57843e-19 2.85247e-19 1.77531e-19 1.10377e-19 6.85562e-20 4.25386e-20
3.81303e-07 1.2326e-06 2.5402e-06 4.1755e-06 5.94723e-06 7.6531e-06 9.11979e-06 1.02262e-05 1.09107e-05 1.11665e-05 1.10295e-05 1.05641e-05 9.84891e-06 8.9651e-06 7.98786e-06 6.98124e-06 5.99567e-06 5.06771e-06 4.22111e-06 3.46883e-06 2.81526e-06 2.2585e-06 1.79237e-06 1.40816e-06 1.09588e-06 8.45307e-07 6.46583e-07 4.9068e-07 3.69591e-07 2.76417e-07 2.05344e-07 1.51571e-07 1.11199e-07 8.11069e-08 5.88301e-08 4.24455e-08 3.04685e-08 2.17646e-08 1.54744e-08 1.09527e-08 7.71881e-09 5.41711e-09 3.78653e-09 2.63653e-09 1.82895e-09 1.26416e-09 8.70743e-10 5.97739e-10 4.08992e-10 2.78962e-10 1.8969e-10 1.28603e-10 8.69379e-11 5.86072e-11 3.94014e-11 2.64196e-11 1.76695e-11 1.1788e-11 7.8451e-12 5.2087e-12 3.45032e-12 2.28042e-12 1.5039e-12 9.89683e-13 6.49933e-13 4.2595e-13 2.78604e-13 1.81876e-13 1.18506e-13 7.7073e-14 5.00356e-14 3.24256e-14 2.09771e-14 1.35478e-14 8.73521e-15 5.62307e-15 3.61397e-15 2.3191e-15 1.48592e-15 9.50651e-16 6.07312e-16 3.87418e-16 2.46795e-16 1.56998e-16 9.97391e-17 6.32789e-17 4.00946e-17 2.53722e-17 1.60356e-17 1.01222e-17 6.38172e-18 4.01869e-18 2.52768e-18 1.58804e-18 9.96574e-19 6.24705e-19 3.9117e-19 2.44675e-19 1.52881e-19 9.54262e-20 5.95027e-20
2.0723e-07 6.9643e-07 1.48075e-06 2.50054e-06 3.64846e-06 4.79942e-06 5.83692e-06 6.67095e-06 7.24645e-06 7.54366e-06 7.57299e-06 7.36694e-06 6.97134e-06 6.43748e-06 5.81577e-06 5.15145e-06 4.48203e-06 3.83641e-06 3.23493e-06 2.69033e-06 2.209e-06 1.79237e-06 1.43832e-06 1.14233e-06 8.98495e-07 7.00296e-07 5.41151e-07 4.14796e-07 3.15515e-07 2.38258e-07 1.7868e-07 1.33123e-07 9.85629e-08 7.25408e-08 5.30854e-08 3.86366e-08 2.79741e-08 2.01529e-08 1.44488e-08 1.03114e-08 7.32621e-09 5.18301e-09 3.65171e-09 2.56262e-09 1.79146e-09 1.24774e-09 8.65933e-10 5.98883e-10 4.12804e-10 2.8362e-10 1.94251e-10 1.32637e-10 9.02991e-11 6.1299e-11 4.14965e-11 2.80151e-11 1.88638e-11 1.26692e-11 8.48767e-12 5.67246e-12 3.78205e-12 2.51582e-12 1.66977e-12 1.10582e-12 7.30766e-13 4.81912e-13 3.17156e-13 2.08311e-13 1.36555e-13 8.93467e-14 5.83501e-14 3.80379e-14 2.47525e-14 1.60793e-14 1.04274e-14 6.7509e-15 4.36354e-15 2.81593e-15 1.81437e-15 1.16725e-15 7.49802e-16 4.80939e-16 3.08039e-16 1.97018e-16 1.25835e-16 8.02606e-17 5.11237e-17 3.25215e-17 2.06613e-17 1.31098e-17 8.30787e-18 5.25839e-18 3.32425e-18 2.09904e-18 1.32386e-18 8.34001e-19 5.24812e-19 3.29883e-19 2.07131e-19 1.29917e-19 8.14005e-20
1.12625e-07 3.92917e-07 8.61059e-07 1.49264e-06 2.22952e-06 2.99635e-06 3.7171e-06 4.32785e-06 4.78425e-06 5.0639e-06 5.16471e-06 5.10089e-06 4.89774e-06 4.5865e-06 4.19999e-06 3.76925e-06 3.32133e-06 2.87815e-06 2.45617e-06 2.06665e-06 1.71631e-06 1.40816e-06 1.14233e-06 9.16927e-07 7.28734e-07 5.7379e-07 4.47838e-07 3.46645e-07 2.66219e-07 2.02937e-07 1.53608e-07 1.15491e-07 8.62779e-08 6.40615e-08 4.7289e-08 3.47134e-08 2.53461e-08 1.84119e-08 1.33091e-08 9.57508e-09 6.85743e-09 4.88965e-09 3.47185e-09 2.45514e-09 1.72937e-09 1.21353e-09 8.48433e-10 5.9108e-10 4.10377e-10 2.83972e-10 1.9587e-10 1.3468e-10 9.2325e-11 6.31041e-11 4.30084e-11 2.92309e-11 1.98133e-11 1.33946e-11 9.03217e-12 6.07535e-12 4.07659e-12 2.72894e-12 1.8226e-12 1.21454e-12 8.07566e-13 5.35816e-13 3.54768e-13 2.34416e-13 1.54583e-13 1.0174e-13 6.68334e-14 4.38213e-14 2.86804e-14 1.87375e-14 1.22202e-14 7.95614e-15 5.1713e-15 3.35571e-15 2.17406e-15 1.40629e-15 9.08256e-16 5.85711e-16 3.7715e-16 2.42501e-16 1.55701e-16 9.98297e-17 6.39191e-17 4.0871e-17 2.6099e-17 1.66443e-17 1.06011e-17 6.7436e-18 4.28445e-18 2.71876e-18 1.72316e-18 1.09087e-18 6.89793e-19 4.35683e-19 2.74876e-19 1.73231e-19 1.09055e-19
6.12092e-08 2.2138e-07 4.99572e-07 8.88319e-07 1.35748e-06 1.86284e-06 2.35608e-06 2.79335e-06 3.14115e-06 3.3791e-06 3.50008e-06 3.50838e-06 3.41689e-06 3.24389e-06 3.01007e-06 2.73617e-06 2.44112e-06 2.14104e-06 1.84867e-06 1.57335e-06 1.32127e-06 1.09588e-06 8.98495e-07 7.28734e-07 5.85084e-07 4.65294e-07 3.6672e-07 2.86588e-07 2.22175e-07 1.70934e-07 1.30564e-07 9.90446e-08 7.46439e-08 5.59041e-08 4.16198e-08 3.08088e-08 2.26816e-08 1.66109e-08 1.21039e-08 8.77723e-09 6.33529e-09 4.55228e-09 3.25699e-09 2.32057e-09 1.64674e-09 1.16405e-09 8.19757e-10 5.75205e-10 4.02192e-10 2.80262e-10 1.94654e-10 1.34763e-10 9.30104e-11 6.40003e-11 4.39096e-11 3.00401e-11 2.04947e-11 1.39448e-11 9.4633e-12 6.40569e-12 4.32523e-12 2.91341e-12 1.95779e-12 1.3126e-12 8.78051e-13 5.86078e-13 3.90356e-13 2.59453e-13 1.72095e-13 1.13922e-13 7.52665e-14 4.96324e-14 3.26676e-14 2.14622e-14 1.40752e-14 9.21457e-15 6.02212e-15 3.9291e-15 2.5593e-15 1.66437e-15 1.08066e-15 7.00577e-16 4.53483e-16 2.93101e-16 1.89164e-16 1.21908e-16 7.84543e-17 5.04194e-17 3.23585e-17 2.07395e-17 1.32751e-17 8.48626e-18 5.41807e-18 3.45487e-18 2.20033e-18 1.39965e-18 8.89275e-19 5.64349e-19 3.57735e-19 2.26509e-19 1.4326e-19
3.32659e-08 1.24575e-07 2.89228e-07 5.27181e-07 8.23712e-07 1.1536e-06 1.48685e-06 1.79426e-06 2.05162e-06 2.24229e-06 2.35794e-06 2.39799e-06 2.36816e-06 2.27858e-06 2.14188e-06 1.97152e-06 1.78042e-06 1.58008e-06 1.38006e-06 1.18773e-06 1.00836e-06 8.45307e-07 7.00296e-07 5.7379e-07 4.65294e-07 3.73657e-07 2.97328e-07 2.3455e-07 1.83516e-07 1.42474e-07 1.09798e-07 8.40234e-08 6.38706e-08 4.82423e-08 3.62164e-08 2.70301e-08 2.00614e-08 1.48097e-08 1.08767e-08 7.9487e-09 5.78137e-09 4.18577e-09 3.01719e-09 2.16561e-09 1.54801e-09 1.10215e-09 7.81704e-10 5.5237e-10 3.88917e-10 2.7288e-10 1.90819e-10 1.32999e-10 9.24051e-11 6.40036e-11 4.41989e-11 3.04336e-11 2.08962e-11 1.43081e-11 9.77088e-12 6.65505e-12 4.52131e-12 3.06408e-12 2.07151e-12 1.39717e-12 9.40182e-13 6.31248e-13 4.22898e-13 2.82711e-13 1.88599e-13 1.25559e-13 8.34238e-14 5.53199e-14 3.66136e-14 2.41875e-14 1.59493e-14 1.04982e-14 6.89803e-15 4.52467e-15 2.9629e-15 1.93699e-15 1.26426e-15 8.2386e-16 5.36036e-16 3.48233e-16 2.25889e-16 1.46312e-16 9.46319e-17 6.11193e-17 3.94197e-17 2.53895e-17 1.63309e-17 1.04904e-17 6.72995e-18 4.31197e-18 2.75927e-18 1.76351e-18 1.12572e-18 7.17743e-19 4.57083e-19 2.9075e-19 1.84736e-19
1.80793e-08 7.00189e-08 1.67117e-07 3.12036e-07 4.9823e-07 7.11761e-07 9.34447e-07 1.1473e-06 1.33344e-06 1.48013e-06 1.57966e-06 1.6294e-06 1.63119e-06 1.5902e-06 1.51386e-06 1.41065e-06 1.28916e-06 1.1574e-06 1.02231e-06 8.8953e-07 7.63305e-07 6.46583e-07 5.41151e-07 4.47838e-07 3.6672e-07 2.97328e-07 2.3882e-07 1.90137e-07 1.50117e-07 1.17584e-07 9.14101e-08 7.05548e-08 5.4087e-08 4.11934e-08 3.11787e-08 2.34585e-08 1.75494e-08 1.30571e-08 9.66384e-09 7.11637e-09 5.21503e-09 3.80385e-09 2.76205e-09 1.99687e-09 1.43763e-09 1.03081e-09 7.36227e-10 5.23836e-10 3.71351e-10 2.62318e-10 1.84661e-10 1.29559e-10 9.06051e-11 6.31638e-11 4.38989e-11 3.04192e-11 2.10176e-11 1.4481e-11 9.94996e-12 6.81845e-12 4.66037e-12 3.17728e-12 2.16081e-12 1.46599e-12 9.92259e-13 6.70072e-13 4.51486e-13 3.03541e-13 2.03639e-13 1.36331e-13 9.1084e-14 6.07324e-14 4.04156e-14 2.6844e-14 1.77963e-14 1.17765e-14 7.77899e-15 5.12938e-15 3.37642e-15 2.21878e-15 1.45563e-15 9.53418e-16 6.2348e-16 4.07082e-16 2.65384e-16 1.72748e-16 1.12282e-16 7.28742e-17 4.72302e-17 3.05673e-17 1.97559e-17 1.27511e-17 8.21906e-18 5.2909e-18 3.40156e-18 2.18413e-18 1.40068e-18 8.97157e-19 5.73953e-19 3.6675e-19 2.34076e-19
9.82569e-09 3.9312e-08 9.63814e-08 1.84235e-07 3.00456e-07 4.3763e-07 5.84997e-07 7.3049e-07 8.62674e-07 9.72206e-07 1.05271e-06 1.10102e-06 1.11702e-06 1.10304e-06 1.0632e-06 1.00269e-06 9.27083e-07 8.41812e-07 7.51801e-07 6.61216e-07 5.73363e-07 4.9068e-07 4.14796e-07 3.46645e-07 2.86588e-07 2.3455e-07 1.90137e-07 1.52752e-07 1.21675e-07 9.61393e-08 7.53816e-08 5.86753e-08 4.53544e-08 3.48254e-08 2.65714e-08 2.01508e-08 1.51929e-08 1.13911e-08 8.49494e-09 6.30256e-09 4.65287e-09 3.41862e-09 2.50025e-09 1.82049e-09 1.31987e-09 9.52969e-10 6.8531e-10 4.90924e-10 3.50359e-10 2.49135e-10 1.76534e-10 1.24664e-10 8.77427e-11 6.15581e-11 4.30529e-11 3.00192e-11 2.08696e-11 1.4467e-11 1.00007e-11 6.89438e-12 4.74033e-12 3.25086e-12 2.22378e-12 1.51745e-12 1.03299e-12 7.01552e-13 4.75366e-13 3.21385e-13 2.16807e-13 1.45947e-13 9.8041e-14 6.57255e-14 4.39736e-14 2.9363e-14 1.95694e-14 1.30179e-14 8.64382e-15 5.72914e-15 3.79059e-15 2.50366e-15 1.65084e-15 1.08672e-15 7.14197e-16 4.68625e-16 3.0701e-16 2.00821e-16 1.31162e-16 8.55392e-17 5.57042e-17 3.62233e-17 2.35222e-17 1.52534e-17 9.87789e-18 6.38826e-18 4.12601e-18 2.66144e-18 1.71455e-18 1.10317e-18 7.08925e-19 4.55022e-19 2.91708e-19
5.34005e-09 2.2049e-08 5.54887e-08 1.08524e-07 1.80676e-07 2.68201e-07 3.64889e-07 4.63238e-07 5.55678e-07 6.35603e-07 6.98061e-07 7.4009e-07 7.60716e-07 7.60716e-07 7.42223e-07 7.0828e-07 6.62402e-07 6.08196e-07 5.4907e-07 4.88027e-07 4.27557e-07 3.69591e-07 3.15515e-07 2.66219e-07 2.22175e-07 1.83516e-07 1.50117e-07 1.21675e-07 9.77676e-08 7.79133e-08 6.16067e-08 4.83514e-08 3.76797e-08 2.91651e-08 2.24289e-08 1.7142e-08 1.30238e-08 9.8388e-09 7.39217e-09 5.52486e-09 4.10842e-09 3.04029e-09 2.23932e-09 1.64193e-09 1.19866e-09 8.71368e-10 6.30865e-10 4.54943e-10 3.26826e-10 2.33921e-10 1.66825e-10 1.18561e-10 8.39757e-11 5.92844e-11 4.17199e-11 2.92684e-11 2.04713e-11 1.42764e-11 9.9278e-12 6.8846e-12 4.76132e-12 3.2842e-12 2.25951e-12 1.55063e-12 1.06154e-12 7.24978e-13 4.93969e-13 3.35802e-13 2.27771e-13 1.54158e-13 1.04114e-13 7.01688e-14 4.71948e-14 3.16794e-14 2.12232e-14 1.4191e-14 9.47114e-15 6.30947e-15 4.19567e-15 2.78512e-15 1.84559e-15 1.22093e-15 8.06346e-16 5.31672e-16 3.50002e-16 2.30045e-16 1.50968e-16 9.89237e-17 6.47244e-17 4.22863e-17 2.75872e-17 1.79722e-17 1.16921e-17 7.59612e-18 4.92842e-18 3.19338e-18 2.06647e-18 1.33553e-18 8.62049e-19 5.55743e-19 3.57839e-19
2.9022e-09 1.23548e-08 3.18934e-08 6.3786e-08 1.08358e-07 1.6386e-07 2.26811e-07 2.92644e-07 3.56458e-07 4.13706e-07 4.60718e-07 4.95009e-07 5.15366e-07 5.21773e-07 5.15204e-07 4.97362e-07 4.70396e-07 4.36638e-07 3.98396e-07 3.57786e-07 3.16633e-07 2.76417e-07 2.38258e-07 2.02937e-07 1.70934e-07 1.42474e-07 1.17584e-07 9.61393e-08 7.79133e-08 6.26149e-08 4.9921e-08 3.94997e-08 3.10288e-08 2.4207e-08 1.87609e-08 1.44486e-08 1.10604e-08 8.41783e-09 6.37105e-09 4.79621e-09 3.5921e-09 2.67698e-09 1.98549e-09 1.46584e-09 1.07739e-09 7.88483e-10 5.74653e-10 4.1713e-10 3.0161e-10 2.1726e-10 1.55929e-10 1.11514e-10 7.94766e-11 5.64541e-11 3.99705e-11 2.82106e-11 1.98495e-11 1.39248e-11 9.74013e-12 6.79374e-12 4.72556e-12 3.27815e-12 2.26811e-12 1.56526e-12 1.07752e-12 7.39949e-13 5.06927e-13 3.46479e-13 2.36277e-13 1.60768e-13 1.09153e-13 7.39511e-14 4.99979e-14 3.37345e-14 2.27159e-14 1.52665e-14 1.02404e-14 6.85615e-15 4.58191e-15 3.05655e-15 2.0354e-15 1.35306e-15 8.97934e-16 5.94908e-16 3.935e-16 2.59862e-16 1.71339e-16 1.12797e-16 7.41448e-17 4.86647e-17 3.18941e-17 2.08728e-17 1.36407e-17 8.90195e-18 5.8015e-18 3.77581e-18 2.45417e-18 1.59306e-18 1.03277e-18 6.68695e-19 4.32427e-19
1.57728e-09 6.91654e-09 1.8303e-08 3.74129e-08 6.4822e-08 9.98191e-08 1.40521e-07 1.84208e-07 2.27768e-07 2.68148e-07 3.02719e-07 3.2953e-07 3.47422e-07 3.56032e-07 3.55695e-07 3.47299e-07 3.32108e-07 3.11593e-07 2.87282e-07 2.60633e-07 2.32953e-07 2.05344e-07 1.7868e-07 1.53608e-07 1.30564e-07 1.09798e-07 9.14101e-08 7.53816e-08 6.16067e-08 4.9921e-08 4.01251e-08 3.20035e-08 2.53387e-08 1.99215e-08 1.55577e-08 1.2072e-08 9.30988e-09 7.13747e-09 5.44106e-09 4.12531e-09 3.11139e-09 2.33485e-09 1.74362e-09 1.296e-09 9.58938e-10 7.06438e-10 5.18226e-10 3.78604e-10 2.75504e-10 1.99711e-10 1.44231e-10 1.03787e-10 7.44229e-11 5.31851e-11 3.78822e-11 2.68957e-11 1.90358e-11 1.34319e-11 9.44961e-12 6.62884e-12 4.63702e-12 3.23481e-12 2.2506e-12 1.56176e-12 1.08099e-12 7.46367e-13 5.14076e-13 3.53242e-13 2.42165e-13 1.6564e-13 1.13047e-13 7.69854e-14 5.23164e-14 3.54786e-14 2.40111e-14 1.62178e-14 1.09327e-14 7.35584e-15 4.93997e-15 3.31146e-15 2.21581e-15 1.48006e-15 9.86904e-16 6.5695e-16 4.36582e-16 2.8966e-16 1.91873e-16 1.26898e-16 8.37955e-17 5.52493e-17 3.63733e-17 2.39112e-17 1.56961e-17 1.02888e-17 6.73488e-18 4.40251e-18 2.87397e-18 1.87365e-18 1.21991e-18 7.9324e-19 5.15149e-19
8.57219e-10 3.86876e-09 1.04883e-08 2.19009e-08 3.86852e-08 6.06389e-08 8.67894e-08 1.15555e-07 1.45e-07 1.73113e-07 1.98063e-07 2.18389e-07 2.33107e-07 2.41746e-07 2.44313e-07 2.41221e-07 2.33181e-07 2.21092e-07 2.0594e-07 1.88712e-07 1.70321e-07 1.51571e-07 1.33123e-07 1.15491e-07 9.90446e-08 8.40234e-08 7.05548e-08 5.86753e-08 4.83514e-08 3.94997e-08 3.20035e-08 2.57272e-08 2.05276e-08 1.62624e-08 1.27958e-08 1.00026e-08 7.77036e-09 6.00015e-09 4.6066e-09 3.51715e-09 2.67108e-09 2.01814e-09 1.51729e-09 1.1353e-09 8.45568e-10 6.26978e-10 4.62898e-10 3.40336e-10 2.49217e-10 1.81781e-10 1.32091e-10 9.5631e-11 6.89881e-11 4.95957e-11 3.55345e-11 2.53766e-11 1.80648e-11 1.282e-11 9.07048e-12 6.39876e-12 4.50109e-12 3.15738e-12 2.20878e-12 1.54108e-12 1.07243e-12 7.44419e-13 5.15455e-13 3.56053e-13 2.45365e-13 1.68698e-13 1.15725e-13 7.92108e-14 5.41009e-14 3.68728e-14 2.50789e-14 1.70228e-14 1.15316e-14 7.79662e-15 5.2613e-15 3.54379e-15 2.38258e-15 1.59899e-15 1.07122e-15 7.16404e-16 4.783e-16 3.18801e-16 2.12142e-16 1.40941e-16 9.34892e-17 6.19173e-17 4.0945e-17 2.70357e-17 1.78253e-17 1.17356e-17 7.71538e-18 5.06524e-18 3.32082e-18 2.17421e-18 1.42161e-18 9.28299e-19 6.0539e-19
4.6588e-10 2.16225e-09 6.00181e-09 1.27965e-08 2.30345e-08 3.67406e-08 5.34452e-08 7.22532e-08 9.19828e-08 1.11337e-07 1.29068e-07 1.44118e-07 1.55707e-07 1.63377e-07 1.66991e-07 1.66695e-07 1.62862e-07 1.56025e-07 1.46803e-07 1.35849e-07 1.23791e-07 1.11199e-07 9.85629e-08 8.62779e-08 7.46439e-08 6.38706e-08 5.4087e-08 4.53544e-08 3.76797e-08 3.10288e-08 2.53387e-08 2.05276e-08 1.65041e-08 1.31733e-08 1.0442e-08 8.22224e-09 6.4333e-09 5.00297e-09 3.86791e-09 2.97357e-09 2.27366e-09 1.72944e-09 1.30888e-09 9.85794e-10 7.38985e-10 5.51464e-10 4.09728e-10 3.03133e-10 2.23351e-10 1.63914e-10 1.19831e-10 8.72761e-11 6.33352e-11 4.57998e-11 3.3006e-11 2.37069e-11 1.69727e-11 1.21131e-11 8.61839e-12 6.11362e-12 4.32419e-12 3.04984e-12 2.14509e-12 1.50467e-12 1.05266e-12 7.34547e-13 5.11278e-13 3.54999e-13 2.45898e-13 1.69927e-13 1.17158e-13 8.05944e-14 5.53202e-14 3.78903e-14 2.58975e-14 1.76641e-14 1.20239e-14 8.16849e-15 5.53853e-15 3.74818e-15 2.53184e-15 1.70709e-15 1.14894e-15 7.7192e-16 5.17722e-16 3.46644e-16 2.31712e-16 1.54632e-16 1.03028e-16 6.85367e-17 4.55216e-17 3.0189e-17 1.99908e-17 1.32181e-17 8.7273e-18 5.75401e-18 3.78838e-18 2.49078e-18 1.63542e-18 1.07236e-18 7.02236e-19
