0.847557 0.000165128 0.000159151 0.00015339 0.000147837 0.000142486 0.000137328 0.000132357 0.000127565 0.000122948 0.000118497 0.000114208 0.000110073 0.000106089 0.000102249 9.85472e-05 9.49799e-05 9.15417e-05 8.8228e-05 8.50342e-05 8.1956e-05 7.89893e-05 7.613e-05 7.33741e-05 7.07181e-05 6.81581e-05 6.56909e-05 6.33129e-05 6.1021e-05 5.88121e-05 5.66832e-05 5.46313e-05 5.26537e-05 5.07477e-05 4.89107e-05 4.71401e-05 4.54337e-05 4.37891e-05 4.22039e-05 4.06762e-05 3.92037e-05 3.77846e-05 3.64168e-05 3.50986e-05 3.3828e-05 3.26035e-05 3.14233e-05 3.02858e-05 2.91895e-05 2.81328e-05 2.71145e-05 2.61329e-05 2.51869e-05 2.42752e-05 2.33965e-05 2.25495e-05 2.17333e-05 2.09465e-05 2.01883e-05 1.94575e-05 1.87531e-05 1.80743e-05 1.742e-05 1.67894e-05 1.61817e-05 1.55959e-05 1.50314e-05 1.44872e-05 1.39628e-05 1.34574e-05 1.29702e-05 1.25007e-05 1.20482e-05 1.16121e-05 1.11917e-05 1.07866e-05 1.03961e-05 1.00198e-05 9.65709e-06 9.30751e-06 8.97059e-06 8.64586e-06 8.33289e-06 8.03124e-06 7.74052e-06 7.46032e-06 7.19026e-06 6.92998e-06 6.67912e-06 6.43734e-06 6.20432e-06 5.97973e-06 5.76327e-06 5.55464e-06 5.35357e-06 5.15977e-06 4.973e-06 4.79298e-06 4.61948e-06 4.45226e-06 4.29109e-06
0.000165128 2.0963e-05 2.03849e-05 1.98212e-05 1.92715e-05 1.87357e-05 1.82134e-05 1.77044e-05 1.72084e-05 1.67251e-05 1.62542e-05 1.57955e-05 1.53487e-05 1.49136e-05 1.44898e-05 1.40772e-05 1.36755e-05 1.32844e-05 1.29037e-05 1.25332e-05 1.21725e-05 1.18216e-05 1.14801e-05 1.11479e-05 1.08246e-05 1.05102e-05 1.02043e-05 9.90682e-06 9.61749e-06 9.33613e-06 9.06254e-06 8.79652e-06 8.53788e-06 8.28645e-06 8.04202e-06 7.80444e-06 7.57352e-06 7.34909e-06 7.13098e-06 6.91904e-06 6.71309e-06 6.51299e-06 6.31858e-06 6.12971e-06 5.94623e-06 5.768e-06 5.59489e-06 5.42675e-06 5.26345e-06 5.10487e-06 4.95087e-06 4.80132e-06 4.65612e-06 4.51514e-06 4.37826e-06 4.24538e-06 4.11638e-06 3.99116e-06 3.86961e-06 3.75162e-06 3.63711e-06 3.52598e-06 3.41812e-06 3.31345e-06 3.21188e-06 3.11333e-06 3.0177e-06 2.92491e-06 2.83489e-06 2.74755e-06 2.66282e-06 2.58062e-06 2.50088e-06 2.42354e-06 2.34852e-06 2.27575e-06 2.20518e-06 2.13673e-06 2.07035e-06 2.00597e-06 1.94355e-06 1.88301e-06 1.82431e-06 1.76739e-06 1.7122e-06 1.65869e-06 1.60681e-06 1.55652e-06 1.50776e-06 1.46049e-06 1.41467e-06 1.37025e-06 1.32719e-06 1.28545e-06 1.245e-06 1.20579e-06 1.16779e-06 1.13096e-06 1.09527e-06 1.06067e-06 1.02715e-06
0.000159151 2.03849e-05 1.98441e-05 1.93159e-05 1.88002e-05 1.82967e-05 1.78052e-05 1.73254e-05 1.68573e-05 1.64004e-05 1.59547e-05 1.552e-05 1.50959e-05 1.46824e-05 1.42791e-05 1.38859e-05 1.35026e-05 1.3129e-05 1.27648e-05 1.241e-05 1.20641e-05 1.17272e-05 1.13989e-05 1.10792e-05 1.07677e-05 1.04644e-05 1.0169e-05 9.88133e-06 9.60126e-06 9.32859e-06 9.06316e-06 8.80479e-06 8.55332e-06 8.30858e-06 8.07042e-06 7.83867e-06 7.61318e-06 7.3938e-06 7.18039e-06 6.97279e-06 6.77086e-06 6.57446e-06 6.38345e-06 6.19771e-06 6.01709e-06 5.84146e-06 5.67071e-06 5.5047e-06 5.34332e-06 5.18645e-06 5.03397e-06 4.88576e-06 4.74172e-06 4.60174e-06 4.46571e-06 4.33353e-06 4.20509e-06 4.0803e-06 3.95906e-06 3.84127e-06 3.72685e-06 3.61571e-06 3.50774e-06 3.40288e-06 3.30104e-06 3.20213e-06 3.10607e-06 3.01279e-06 2.92221e-06 2.83426e-06 2.74887e-06 2.66596e-06 2.58546e-06 2.50732e-06 2.43145e-06 2.35781e-06 2.28633e-06 2.21695e-06 2.1496e-06 2.08424e-06 2.02081e-06 1.95925e-06 1.8995e-06 1.84153e-06 1.78527e-06 1.73069e-06 1.67772e-06 1.62633e-06 1.57648e-06 1.5281e-06 1.48118e-06 1.43565e-06 1.39149e-06 1.34865e-06 1.3071e-06 1.26679e-06 1.2277e-06 1.18978e-06 1.153e-06 1.11734e-06 1.08275e-06
0.00015339 1.98212e-05 1.93159e-05 1.88217e-05 1.83384e-05 1.78658e-05 1.74037e-05 1.6952e-05 1.65106e-05 1.60792e-05 1.56577e-05 1.5246e-05 1.48439e-05 1.44511e-05 1.40677e-05 1.36933e-05 1.33278e-05 1.29711e-05 1.26231e-05 1.22834e-05 1.1952e-05 1.16287e-05 1.13134e-05 1.10058e-05 1.07059e-05 1.04134e-05 1.01283e-05 9.85035e-06 9.57941e-06 9.31533e-06 9.05798e-06 8.80719e-06 8.56283e-06 8.32476e-06 8.09284e-06 7.86693e-06 7.64689e-06 7.43259e-06 7.22389e-06 7.02068e-06 6.82282e-06 6.63019e-06 6.44266e-06 6.26012e-06 6.08244e-06 5.90951e-06 5.74121e-06 5.57744e-06 5.41808e-06 5.26302e-06 5.11217e-06 4.96541e-06 4.82265e-06 4.68378e-06 4.54871e-06 4.41734e-06 4.28958e-06 4.16534e-06 4.04453e-06 3.92706e-06 3.81285e-06 3.70181e-06 3.59386e-06 3.48892e-06 3.38691e-06 3.28776e-06 3.19139e-06 3.09773e-06 3.0067e-06 2.91825e-06 2.83229e-06 2.74877e-06 2.66761e-06 2.58876e-06 2.51216e-06 2.43774e-06 2.36544e-06 2.29521e-06 2.22699e-06 2.16073e-06 2.09637e-06 2.03387e-06 1.97316e-06 1.91421e-06 1.85696e-06 1.80137e-06 1.74739e-06 1.69498e-06 1.64409e-06 1.59468e-06 1.54671e-06 1.50014e-06 1.45494e-06 1.41105e-06 1.36845e-06 1.3271e-06 1.28696e-06 1.24801e-06 1.2102e-06 1.17351e-06 1.13789e-06
0.000147837 1.92715e-05 1.88002e-05 1.83384e-05 1.7886e-05 1.74429e-05 1.7009e-05 1.65842e-05 1.61684e-05 1.57614e-05 1.53632e-05 1.49737e-05 1.45927e-05 1.42201e-05 1.38557e-05 1.34995e-05 1.31514e-05 1.28111e-05 1.24786e-05 1.21537e-05 1.18364e-05 1.15264e-05 1.12237e-05 1.0928e-05 1.06394e-05 1.03577e-05 1.00826e-05 9.81419e-06 9.55224e-06 9.29663e-06 9.04726e-06 8.80398e-06 8.56668e-06 8.33524e-06 8.10954e-06 7.88945e-06 7.67486e-06 7.46565e-06 7.26172e-06 7.06293e-06 6.86919e-06 6.68038e-06 6.49639e-06 6.31712e-06 6.14245e-06 5.9723e-06 5.80654e-06 5.64509e-06 5.48785e-06 5.33471e-06 5.18559e-06 5.04038e-06 4.899e-06 4.76135e-06 4.62735e-06 4.49691e-06 4.36994e-06 4.24636e-06 4.12609e-06 4.00905e-06 3.89516e-06 3.78433e-06 3.6765e-06 3.57159e-06 3.46953e-06 3.37025e-06 3.27367e-06 3.17973e-06 3.08836e-06 2.9995e-06 2.91309e-06 2.82905e-06 2.74734e-06 2.66788e-06 2.59062e-06 2.51551e-06 2.44249e-06 2.3715e-06 2.3025e-06 2.23542e-06 2.17022e-06 2.10686e-06 2.04527e-06 1.98541e-06 1.92725e-06 1.87072e-06 1.8158e-06 1.76243e-06 1.71057e-06 1.66019e-06 1.61124e-06 1.56369e-06 1.51749e-06 1.47262e-06 1.42903e-06 1.38669e-06 1.34556e-06 1.30562e-06 1.26682e-06 1.22914e-06 1.19255e-06
0.000142486 1.87357e-05 1.82967e-05 1.78658e-05 1.74429e-05 1.7028e-05 1.66211e-05 1.6222e-05 1.58308e-05 1.54473e-05 1.50715e-05 1.47033e-05 1.43426e-05 1.39894e-05 1.36435e-05 1.33049e-05 1.29735e-05 1.26491e-05 1.23318e-05 1.20213e-05 1.17176e-05 1.14206e-05 1.11301e-05 1.08462e-05 1.05686e-05 1.02973e-05 1.00322e-05 9.7731e-06 9.52e-06 9.27276e-06 9.03126e-06 8.79542e-06 8.56512e-06 8.34026e-06 8.12075e-06 7.90647e-06 7.69733e-06 7.49323e-06 7.29406e-06 7.09973e-06 6.91014e-06 6.7252e-06 6.54481e-06 6.36887e-06 6.19729e-06 6.02998e-06 5.86685e-06 5.70781e-06 5.55277e-06 5.40164e-06 5.25434e-06 5.11078e-06 4.97088e-06 4.83455e-06 4.70173e-06 4.57232e-06 4.44624e-06 4.32343e-06 4.20381e-06 4.0873e-06 3.97383e-06 3.86333e-06 3.75572e-06 3.65095e-06 3.54894e-06 3.44963e-06 3.35294e-06 3.25883e-06 3.16722e-06 3.07806e-06 2.99128e-06 2.90682e-06 2.82464e-06 2.74467e-06 2.66685e-06 2.59114e-06 2.51748e-06 2.44582e-06 2.37611e-06 2.3083e-06 2.24234e-06 2.17819e-06 2.11579e-06 2.05511e-06 1.9961e-06 1.93871e-06 1.88291e-06 1.82865e-06 1.7759e-06 1.7246e-06 1.67474e-06 1.62626e-06 1.57913e-06 1.53332e-06 1.48879e-06 1.44551e-06 1.40345e-06 1.36256e-06 1.32283e-06 1.28421e-06 1.24669e-06
0.000137328 1.82134e-05 1.78052e-05 1.74037e-05 1.7009e-05 1.66211e-05 1.62399e-05 1.58655e-05 1.54978e-05 1.51369e-05 1.47826e-05 1.44349e-05 1.40938e-05 1.37593e-05 1.34313e-05 1.31096e-05 1.27944e-05 1.24855e-05 1.21828e-05 1.18863e-05 1.15958e-05 1.13115e-05 1.1033e-05 1.07605e-05 1.04937e-05 1.02326e-05 9.97723e-06 9.72737e-06 9.48297e-06 9.24396e-06 9.01025e-06 8.78176e-06 8.55839e-06 8.34007e-06 8.1267e-06 7.91821e-06 7.71451e-06 7.51551e-06 7.32113e-06 7.13128e-06 6.94588e-06 6.76485e-06 6.5881e-06 6.41555e-06 6.24712e-06 6.08272e-06 5.92229e-06 5.76573e-06 5.61297e-06 5.46393e-06 5.31854e-06 5.17672e-06 5.03839e-06 4.90349e-06 4.77193e-06 4.64364e-06 4.51857e-06 4.39662e-06 4.27775e-06 4.16187e-06 4.04893e-06 3.93885e-06 3.83157e-06 3.72703e-06 3.62517e-06 3.52593e-06 3.42924e-06 3.33505e-06 3.24329e-06 3.15392e-06 3.06687e-06 2.98209e-06 2.89953e-06 2.81913e-06 2.74084e-06 2.66462e-06 2.59041e-06 2.51816e-06 2.44782e-06 2.37936e-06 2.31272e-06 2.24785e-06 2.18473e-06 2.12329e-06 2.0635e-06 2.00532e-06 1.94871e-06 1.89362e-06 1.84003e-06 1.78789e-06 1.73717e-06 1.68782e-06 1.63982e-06 1.59313e-06 1.54772e-06 1.50355e-06 1.46059e-06 1.41882e-06 1.37819e-06 1.33869e-06 1.30027e-06
0.000132357 1.77044e-05 1.73254e-05 1.6952e-05 1.65842e-05 1.6222e-05 1.58655e-05 1.55147e-05 1.51696e-05 1.48302e-05 1.44966e-05 1.41687e-05 1.38465e-05 1.353e-05 1.32191e-05 1.29139e-05 1.26144e-05 1.23204e-05 1.20319e-05 1.1749e-05 1.14715e-05 1.11994e-05 1.09326e-05 1.06712e-05 1.0415e-05 1.0164e-05 9.91807e-06 9.67724e-06 9.44141e-06 9.2105e-06 8.98447e-06 8.76323e-06 8.54672e-06 8.33488e-06 8.12763e-06 7.92489e-06 7.72661e-06 7.53271e-06 7.34312e-06 7.15777e-06 6.97658e-06 6.79949e-06 6.62642e-06 6.45731e-06 6.29208e-06 6.13066e-06 5.97298e-06 5.81898e-06 5.66858e-06 5.52171e-06 5.37831e-06 5.23831e-06 5.10164e-06 4.96824e-06 4.83804e-06 4.71098e-06 4.58699e-06 4.46601e-06 4.34797e-06 4.23283e-06 4.1205e-06 4.01094e-06 3.90409e-06 3.79989e-06 3.69827e-06 3.59919e-06 3.50259e-06 3.40841e-06 3.3166e-06 3.2271e-06 3.13988e-06 3.05486e-06 2.97201e-06 2.89127e-06 2.8126e-06 2.73595e-06 2.66126e-06 2.5885e-06 2.51763e-06 2.44859e-06 2.38134e-06 2.31584e-06 2.25205e-06 2.18993e-06 2.12943e-06 2.07052e-06 2.01317e-06 1.95733e-06 1.90296e-06 1.85003e-06 1.79851e-06 1.74835e-06 1.69953e-06 1.65202e-06 1.60577e-06 1.56077e-06 1.51697e-06 1.47435e-06 1.43288e-06 1.39252e-06 1.35326e-06
0.000127565 1.72084e-05 1.68573e-05 1.65106e-05 1.61684e-05 1.58308e-05 1.54978e-05 1.51696e-05 1.48461e-05 1.45275e-05 1.42137e-05 1.39048e-05 1.36007e-05 1.33016e-05 1.30073e-05 1.2718e-05 1.24336e-05 1.2154e-05 1.18794e-05 1.16096e-05 1.13447e-05 1.10845e-05 1.08292e-05 1.05786e-05 1.03327e-05 1.00915e-05 9.85494e-06 9.62297e-06 9.39554e-06 9.17262e-06 8.95415e-06 8.74008e-06 8.53036e-06 8.32493e-06 8.12374e-06 7.92673e-06 7.73385e-06 7.54504e-06 7.36024e-06 7.17939e-06 7.00243e-06 6.82931e-06 6.65996e-06 6.49432e-06 6.33234e-06 6.17394e-06 6.01908e-06 5.8677e-06 5.71972e-06 5.57509e-06 5.43376e-06 5.29566e-06 5.16073e-06 5.02892e-06 4.90016e-06 4.77441e-06 4.65159e-06 4.53166e-06 4.41456e-06 4.30023e-06 4.18862e-06 4.07967e-06 3.97333e-06 3.86955e-06 3.76827e-06 3.66944e-06 3.57302e-06 3.47894e-06 3.38716e-06 3.29764e-06 3.21032e-06 3.12515e-06 3.0421e-06 2.9611e-06 2.88213e-06 2.80512e-06 2.73005e-06 2.65686e-06 2.58552e-06 2.51597e-06 2.44819e-06 2.38213e-06 2.31775e-06 2.25501e-06 2.19387e-06 2.13431e-06 2.07627e-06 2.01973e-06 1.96465e-06 1.91099e-06 1.85873e-06 1.80782e-06 1.75824e-06 1.70995e-06 1.66293e-06 1.61714e-06 1.57255e-06 1.52913e-06 1.48686e-06 1.4457e-06 1.40563e-06
0.000122948 1.67251e-05 1.64004e-05 1.60792e-05 1.57614e-05 1.54473e-05 1.51369e-05 1.48302e-05 1.45275e-05 1.42287e-05 1.39339e-05 1.36432e-05 1.33567e-05 1.30743e-05 1.2796e-05 1.2522e-05 1.22522e-05 1.19867e-05 1.17254e-05 1.14684e-05 1.12157e-05 1.09672e-05 1.07229e-05 1.04829e-05 1.02471e-05 1.00155e-05 9.78806e-06 9.56478e-06 9.34562e-06 9.13055e-06 8.91953e-06 8.71253e-06 8.5095e-06 8.31042e-06 8.11524e-06 7.92392e-06 7.73641e-06 7.55267e-06 7.37266e-06 7.19632e-06 7.0236e-06 6.85447e-06 6.68886e-06 6.52674e-06 6.36804e-06 6.21272e-06 6.06073e-06 5.91201e-06 5.76652e-06 5.6242e-06 5.485e-06 5.34887e-06 5.21576e-06 5.08561e-06 4.95838e-06 4.83401e-06 4.71245e-06 4.59366e-06 4.47757e-06 4.36415e-06 4.25333e-06 4.14508e-06 4.03934e-06 3.93607e-06 3.83521e-06 3.73673e-06 3.64056e-06 3.54667e-06 3.45502e-06 3.36555e-06 3.27822e-06 3.19298e-06 3.1098e-06 3.02863e-06 2.94943e-06 2.87216e-06 2.79677e-06 2.72322e-06 2.65149e-06 2.58151e-06 2.51327e-06 2.44671e-06 2.38181e-06 2.31852e-06 2.25682e-06 2.19665e-06 2.138e-06 2.08082e-06 2.02509e-06 1.97076e-06 1.91781e-06 1.86621e-06 1.81592e-06 1.76691e-06 1.71916e-06 1.67263e-06 1.6273e-06 1.58313e-06 1.5401e-06 1.49819e-06 1.45736e-06
0.000118497 1.62542e-05 1.59547e-05 1.56577e-05 1.53632e-05 1.50715e-05 1.47826e-05 1.44966e-05 1.42137e-05 1.39339e-05 1.36574e-05 1.33843e-05 1.31145e-05 1.28482e-05 1.25854e-05 1.23262e-05 1.20705e-05 1.18185e-05 1.15702e-05 1.13256e-05 1.10847e-05 1.08475e-05 1.06141e-05 1.03844e-05 1.01584e-05 9.93618e-06 9.71769e-06 9.50293e-06 9.29187e-06 9.08451e-06 8.88082e-06 8.68079e-06 8.48438e-06 8.29158e-06 8.10236e-06 7.91667e-06 7.7345e-06 7.55581e-06 7.38057e-06 7.20873e-06 7.04027e-06 6.87514e-06 6.7133e-06 6.55471e-06 6.39934e-06 6.24713e-06 6.09806e-06 5.95206e-06 5.80911e-06 5.66916e-06 5.53216e-06 5.39806e-06 5.26683e-06 5.13842e-06 5.01279e-06 4.88988e-06 4.76965e-06 4.65207e-06 4.53708e-06 4.42464e-06 4.3147e-06 4.20723e-06 4.10218e-06 3.99949e-06 3.89914e-06 3.80108e-06 3.70526e-06 3.61164e-06 3.52019e-06 3.43085e-06 3.34359e-06 3.25837e-06 3.17514e-06 3.09387e-06 3.01452e-06 2.93705e-06 2.86142e-06 2.7876e-06 2.71554e-06 2.64521e-06 2.57657e-06 2.50959e-06 2.44423e-06 2.38046e-06 2.31825e-06 2.25755e-06 2.19834e-06 2.14059e-06 2.08426e-06 2.02932e-06 1.97574e-06 1.92349e-06 1.87255e-06 1.82287e-06 1.77444e-06 1.72722e-06 1.68119e-06 1.63632e-06 1.59259e-06 1.54996e-06 1.50841e-06
0.000114208 1.57955e-05 1.552e-05 1.5246e-05 1.49737e-05 1.47033e-05 1.44349e-05 1.41687e-05 1.39048e-05 1.36432e-05 1.33843e-05 1.31279e-05 1.28743e-05 1.26235e-05 1.23756e-05 1.21306e-05 1.18886e-05 1.16497e-05 1.1414e-05 1.11814e-05 1.0952e-05 1.07258e-05 1.05028e-05 1.02832e-05 1.00668e-05 9.85377e-06 9.64403e-06 9.43761e-06 9.23451e-06 9.03472e-06 8.83825e-06 8.64508e-06 8.4552e-06 8.26861e-06 8.08527e-06 7.90518e-06 7.72831e-06 7.55464e-06 7.38415e-06 7.21681e-06 7.0526e-06 6.89148e-06 6.73342e-06 6.5784e-06 6.42637e-06 6.27732e-06 6.1312e-06 5.98797e-06 5.84761e-06 5.71008e-06 5.57533e-06 5.44333e-06 5.31405e-06 5.18744e-06 5.06346e-06 4.94209e-06 4.82327e-06 4.70697e-06 4.59315e-06 4.48177e-06 4.37279e-06 4.26618e-06 4.16188e-06 4.05987e-06 3.9601e-06 3.86254e-06 3.76714e-06 3.67388e-06 3.5827e-06 3.49357e-06 3.40646e-06 3.32132e-06 3.23813e-06 3.15684e-06 3.07741e-06 2.99982e-06 2.92402e-06 2.84998e-06 2.77767e-06 2.70705e-06 2.63809e-06 2.57075e-06 2.505e-06 2.44081e-06 2.37815e-06 2.31698e-06 2.25728e-06 2.19901e-06 2.14214e-06 2.08664e-06 2.03249e-06 1.97966e-06 1.92811e-06 1.87781e-06 1.82875e-06 1.78089e-06 1.73421e-06 1.68869e-06 1.64428e-06 1.60098e-06 1.55876e-06
0.000110073 1.53487e-05 1.50959e-05 1.48439e-05 1.45927e-05 1.43426e-05 1.40938e-05 1.38465e-05 1.36007e-05 1.33567e-05 1.31145e-05 1.28743e-05 1.26362e-05 1.24003e-05 1.21667e-05 1.19355e-05 1.17067e-05 1.14805e-05 1.12569e-05 1.10359e-05 1.08177e-05 1.06022e-05 1.03895e-05 1.01796e-05 9.9726e-06 9.7685e-06 9.56731e-06 9.36906e-06 9.17375e-06 8.9814e-06 8.79202e-06 8.60561e-06 8.42217e-06 8.24169e-06 8.06418e-06 7.88963e-06 7.71802e-06 7.54934e-06 7.38358e-06 7.22073e-06 7.06075e-06 6.90365e-06 6.74938e-06 6.59794e-06 6.44929e-06 6.30342e-06 6.16028e-06 6.01987e-06 5.88214e-06 5.74707e-06 5.61463e-06 5.48478e-06 5.3575e-06 5.23276e-06 5.11051e-06 4.99073e-06 4.87339e-06 4.75844e-06 4.64586e-06 4.53562e-06 4.42766e-06 4.32198e-06 4.21852e-06 4.11725e-06 4.01814e-06 3.92115e-06 3.82625e-06 3.73341e-06 3.64258e-06 3.55374e-06 3.46685e-06 3.38187e-06 3.29878e-06 3.21754e-06 3.13811e-06 3.06046e-06 2.98456e-06 2.91038e-06 2.83789e-06 2.76704e-06 2.69782e-06 2.63019e-06 2.56411e-06 2.49957e-06 2.43652e-06 2.37494e-06 2.3148e-06 2.25607e-06 2.19872e-06 2.14272e-06 2.08805e-06 2.03467e-06 1.98257e-06 1.93171e-06 1.88207e-06 1.83362e-06 1.78634e-06 1.7402e-06 1.69517e-06 1.65124e-06 1.60838e-06
0.000106089 1.49136e-05 1.46824e-05 1.44511e-05 1.42201e-05 1.39894e-05 1.37593e-05 1.353e-05 1.33016e-05 1.30743e-05 1.28482e-05 1.26235e-05 1.24003e-05 1.21788e-05 1.1959e-05 1.1741e-05 1.1525e-05 1.1311e-05 1.10992e-05 1.08895e-05 1.0682e-05 1.04769e-05 1.02741e-05 1.00738e-05 9.87593e-06 9.68056e-06 9.48773e-06 9.29746e-06 9.10979e-06 8.92474e-06 8.74233e-06 8.56257e-06 8.38546e-06 8.21103e-06 8.03928e-06 7.8702e-06 7.7038e-06 7.54008e-06 7.37903e-06 7.22064e-06 7.0649e-06 6.91181e-06 6.76134e-06 6.61349e-06 6.46824e-06 6.32556e-06 6.18545e-06 6.04787e-06 5.91282e-06 5.78026e-06 5.65016e-06 5.52252e-06 5.3973e-06 5.27447e-06 5.15401e-06 5.03589e-06 4.92008e-06 4.80655e-06 4.69528e-06 4.58623e-06 4.47938e-06 4.37469e-06 4.27213e-06 4.17168e-06 4.07329e-06 3.97695e-06 3.88262e-06 3.79027e-06 3.69987e-06 3.61138e-06 3.52478e-06 3.44004e-06 3.35712e-06 3.27599e-06 3.19663e-06 3.119e-06 3.04307e-06 2.96881e-06 2.89619e-06 2.82519e-06 2.75577e-06 2.68791e-06 2.62157e-06 2.55672e-06 2.49335e-06 2.43141e-06 2.37089e-06 2.31176e-06 2.25398e-06 2.19754e-06 2.1424e-06 2.08854e-06 2.03593e-06 1.98455e-06 1.93438e-06 1.88538e-06 1.83754e-06 1.79083e-06 1.74523e-06 1.70071e-06 1.65725e-06
0.000102249 1.44898e-05 1.42791e-05 1.40677e-05 1.38557e-05 1.36435e-05 1.34313e-05 1.32191e-05 1.30073e-05 1.2796e-05 1.25854e-05 1.23756e-05 1.21667e-05 1.1959e-05 1.17525e-05 1.15473e-05 1.13436e-05 1.11414e-05 1.09409e-05 1.07421e-05 1.05452e-05 1.03501e-05 1.0157e-05 9.96598e-06 9.777e-06 9.59015e-06 9.40548e-06 9.22303e-06 9.04284e-06 8.86495e-06 8.68937e-06 8.51615e-06 8.34529e-06 8.17681e-06 8.01074e-06 7.84708e-06 7.68585e-06 7.52704e-06 7.37066e-06 7.21671e-06 7.06519e-06 6.91611e-06 6.76944e-06 6.62519e-06 6.48334e-06 6.34389e-06 6.20681e-06 6.07211e-06 5.93976e-06 5.80974e-06 5.68205e-06 5.55665e-06 5.43353e-06 5.31267e-06 5.19405e-06 5.07764e-06 4.96343e-06 4.85138e-06 4.74147e-06 4.63369e-06 4.52799e-06 4.42436e-06 4.32278e-06 4.2232e-06 4.12562e-06 4.02999e-06 3.9363e-06 3.84451e-06 3.75459e-06 3.66653e-06 3.58029e-06 3.49584e-06 3.41316e-06 3.33222e-06 3.25298e-06 3.17543e-06 3.09953e-06 3.02526e-06 2.95259e-06 2.88149e-06 2.81194e-06 2.7439e-06 2.67736e-06 2.61227e-06 2.54863e-06 2.4864e-06 2.42555e-06 2.36607e-06 2.30792e-06 2.25108e-06 2.19552e-06 2.14122e-06 2.08816e-06 2.03631e-06 1.98565e-06 1.93616e-06 1.8878e-06 1.84057e-06 1.79443e-06 1.74936e-06 1.70535e-06
9.85472e-05 1.40772e-05 1.38859e-05 1.36933e-05 1.34995e-05 1.33049e-05 1.31096e-05 1.29139e-05 1.2718e-05 1.2522e-05 1.23262e-05 1.21306e-05 1.19355e-05 1.1741e-05 1.15473e-05 1.13544e-05 1.11626e-05 1.09718e-05 1.07823e-05 1.05941e-05 1.04073e-05 1.02221e-05 1.00384e-05 9.85632e-06 9.676e-06 9.49746e-06 9.32076e-06 9.14595e-06 8.97308e-06 8.8022e-06 8.63334e-06 8.46653e-06 8.30182e-06 8.13921e-06 7.97875e-06 7.82044e-06 7.66431e-06 7.51037e-06 7.35863e-06 7.2091e-06 7.06179e-06 6.91669e-06 6.77382e-06 6.63317e-06 6.49474e-06 6.35852e-06 6.22451e-06 6.0927e-06 5.96308e-06 5.83565e-06 5.71038e-06 5.58727e-06 5.4663e-06 5.34746e-06 5.23072e-06 5.11608e-06 5.00351e-06 4.893e-06 4.78452e-06 4.67805e-06 4.57357e-06 4.47107e-06 4.37051e-06 4.27188e-06 4.17515e-06 4.08031e-06 3.98731e-06 3.89615e-06 3.80679e-06 3.71922e-06 3.6334e-06 3.54931e-06 3.46693e-06 3.38623e-06 3.30719e-06 3.22978e-06 3.15398e-06 3.07976e-06 3.00709e-06 2.93596e-06 2.86633e-06 2.79818e-06 2.73148e-06 2.66622e-06 2.60236e-06 2.53989e-06 2.47877e-06 2.41899e-06 2.36052e-06 2.30333e-06 2.24741e-06 2.19273e-06 2.13926e-06 2.08699e-06 2.03589e-06 1.98593e-06 1.93711e-06 1.88939e-06 1.84276e-06 1.79719e-06 1.75266e-06
9.49799e-05 1.36755e-05 1.35026e-05 1.33278e-05 1.31514e-05 1.29735e-05 1.27944e-05 1.26144e-05 1.24336e-05 1.22522e-05 1.20705e-05 1.18886e-05 1.17067e-05 1.1525e-05 1.13436e-05 1.11626e-05 1.09822e-05 1.08024e-05 1.06236e-05 1.04456e-05 1.02687e-05 1.00929e-05 9.91828e-06 9.745e-06 9.57311e-06 9.40266e-06 9.23374e-06 9.0664e-06 8.90069e-06 8.73668e-06 8.5744e-06 8.41391e-06 8.25523e-06 8.0984e-06 7.94347e-06 7.79045e-06 7.63936e-06 7.49024e-06 7.3431e-06 7.19796e-06 7.05482e-06 6.91371e-06 6.77462e-06 6.63757e-06 6.50256e-06 6.36959e-06 6.23865e-06 6.10976e-06 5.9829e-06 5.85808e-06 5.73527e-06 5.61448e-06 5.4957e-06 5.37892e-06 5.26411e-06 5.15128e-06 5.04041e-06 4.93148e-06 4.82447e-06 4.71938e-06 4.61618e-06 4.51486e-06 4.41539e-06 4.31776e-06 4.22195e-06 4.12794e-06 4.03571e-06 3.94523e-06 3.85649e-06 3.76947e-06 3.68413e-06 3.60047e-06 3.51845e-06 3.43806e-06 3.35928e-06 3.28207e-06 3.20642e-06 3.13231e-06 3.0597e-06 2.98859e-06 2.91894e-06 2.85073e-06 2.78395e-06 2.71856e-06 2.65454e-06 2.59188e-06 2.53054e-06 2.47052e-06 2.41177e-06 2.35429e-06 2.29805e-06 2.24303e-06 2.1892e-06 2.13655e-06 2.08506e-06 2.03469e-06 1.98544e-06 1.93728e-06 1.8902e-06 1.84416e-06 1.79915e-06
9.15417e-05 1.32844e-05 1.3129e-05 1.29711e-05 1.28111e-05 1.26491e-05 1.24855e-05 1.23204e-05 1.2154e-05 1.19867e-05 1.18185e-05 1.16497e-05 1.14805e-05 1.1311e-05 1.11414e-05 1.09718e-05 1.08024e-05 1.06334e-05 1.04647e-05 1.02967e-05 1.01293e-05 9.96268e-06 9.79695e-06 9.6322e-06 9.4685e-06 9.30595e-06 9.14461e-06 8.98456e-06 8.82586e-06 8.66857e-06 8.51274e-06 8.35844e-06 8.20569e-06 8.05456e-06 7.90507e-06 7.75726e-06 7.61117e-06 7.46681e-06 7.32423e-06 7.18344e-06 7.04446e-06 6.9073e-06 6.77199e-06 6.63853e-06 6.50694e-06 6.37722e-06 6.24937e-06 6.12341e-06 5.99933e-06 5.87714e-06 5.75682e-06 5.63839e-06 5.52183e-06 5.40714e-06 5.29431e-06 5.18333e-06 5.0742e-06 4.9669e-06 4.86142e-06 4.75775e-06 4.65588e-06 4.55579e-06 4.45747e-06 4.3609e-06 4.26606e-06 4.17295e-06 4.08153e-06 3.9918e-06 3.90373e-06 3.81732e-06 3.73253e-06 3.64934e-06 3.56775e-06 3.48773e-06 3.40925e-06 3.3323e-06 3.25687e-06 3.18292e-06 3.11043e-06 3.03939e-06 2.96978e-06 2.90157e-06 2.83475e-06 2.76929e-06 2.70517e-06 2.64236e-06 2.58086e-06 2.52064e-06 2.46168e-06 2.40395e-06 2.34744e-06 2.29212e-06 2.23798e-06 2.185e-06 2.13315e-06 2.08242e-06 2.03279e-06 1.98423e-06 1.93673e-06 1.89027e-06 1.84482e-06
8.8228e-05 1.29037e-05 1.27648e-05 1.26231e-05 1.24786e-05 1.23318e-05 1.21828e-05 1.20319e-05 1.18794e-05 1.17254e-05 1.15702e-05 1.1414e-05 1.12569e-05 1.10992e-05 1.09409e-05 1.07823e-05 1.06236e-05 1.04647e-05 1.0306e-05 1.01475e-05 9.98937e-06 9.83167e-06 9.67454e-06 9.51806e-06 9.36234e-06 9.20747e-06 9.05353e-06 8.90059e-06 8.74874e-06 8.59803e-06 8.44852e-06 8.30029e-06 8.15338e-06 8.00783e-06 7.86371e-06 7.72104e-06 7.57987e-06 7.44023e-06 7.30216e-06 7.16568e-06 7.03082e-06 6.89761e-06 6.76605e-06 6.63618e-06 6.508e-06 6.38153e-06 6.25678e-06 6.13376e-06 6.01248e-06 5.89293e-06 5.77513e-06 5.65908e-06 5.54477e-06 5.43221e-06 5.32139e-06 5.21231e-06 5.10496e-06 4.99933e-06 4.89543e-06 4.79323e-06 4.69274e-06 4.59393e-06 4.4968e-06 4.40134e-06 4.30753e-06 4.21536e-06 4.12482e-06 4.03589e-06 3.94855e-06 3.8628e-06 3.77861e-06 3.69596e-06 3.61485e-06 3.53524e-06 3.45714e-06 3.38051e-06 3.30533e-06 3.2316e-06 3.15929e-06 3.08839e-06 3.01886e-06 2.95071e-06 2.8839e-06 2.81841e-06 2.75424e-06 2.69135e-06 2.62973e-06 2.56936e-06 2.51022e-06 2.4523e-06 2.39556e-06 2.34e-06 2.28559e-06 2.23232e-06 2.18017e-06 2.12911e-06 2.07913e-06 2.03021e-06 1.98234e-06 1.93549e-06 1.88965e-06
8.50342e-05 1.25332e-05 1.241e-05 1.22834e-05 1.21537e-05 1.20213e-05 1.18863e-05 1.1749e-05 1.16096e-05 1.14684e-05 1.13256e-05 1.11814e-05 1.10359e-05 1.08895e-05 1.07421e-05 1.05941e-05 1.04456e-05 1.02967e-05 1.01475e-05 9.99828e-06 9.84906e-06 9.69999e-06 9.55119e-06 9.40275e-06 9.25479e-06 9.1074e-06 8.96066e-06 8.81467e-06 8.6695e-06 8.52522e-06 8.38191e-06 8.23963e-06 8.09844e-06 7.95839e-06 7.81954e-06 7.68194e-06 7.54563e-06 7.41065e-06 7.27704e-06 7.14484e-06 7.01406e-06 6.88476e-06 6.75694e-06 6.63064e-06 6.50587e-06 6.38265e-06 6.261e-06 6.14092e-06 6.02245e-06 5.90557e-06 5.79031e-06 5.67666e-06 5.56463e-06 5.45423e-06 5.34545e-06 5.23829e-06 5.13276e-06 5.02885e-06 4.92656e-06 4.82588e-06 4.72681e-06 4.62933e-06 4.53344e-06 4.43914e-06 4.34641e-06 4.25524e-06 4.16562e-06 4.07754e-06 3.99099e-06 3.90595e-06 3.82241e-06 3.74035e-06 3.65977e-06 3.58064e-06 3.50295e-06 3.42669e-06 3.35184e-06 3.27838e-06 3.2063e-06 3.13557e-06 3.06619e-06 2.99814e-06 2.93139e-06 2.86594e-06 2.80175e-06 2.73883e-06 2.67714e-06 2.61667e-06 2.55741e-06 2.49933e-06 2.44241e-06 2.38665e-06 2.33202e-06 2.2785e-06 2.22608e-06 2.17474e-06 2.12446e-06 2.07522e-06 2.02701e-06 1.97981e-06 1.93361e-06
8.1956e-05 1.21725e-05 1.20641e-05 1.1952e-05 1.18364e-05 1.17176e-05 1.15958e-05 1.14715e-05 1.13447e-05 1.12157e-05 1.10847e-05 1.0952e-05 1.08177e-05 1.0682e-05 1.05452e-05 1.04073e-05 1.02687e-05 1.01293e-05 9.98937e-06 9.84906e-06 9.70849e-06 9.56778e-06 9.42705e-06 9.28642e-06 9.14599e-06 9.00588e-06 8.86616e-06 8.72694e-06 8.58829e-06 8.45031e-06 8.31306e-06 8.17661e-06 8.04103e-06 7.90638e-06 7.77272e-06 7.64011e-06 7.50859e-06 7.37821e-06 7.24901e-06 7.12103e-06 6.99431e-06 6.86889e-06 6.74479e-06 6.62203e-06 6.50066e-06 6.38068e-06 6.26213e-06 6.14501e-06 6.02935e-06 5.91515e-06 5.80244e-06 5.69122e-06 5.58149e-06 5.47327e-06 5.36656e-06 5.26137e-06 5.15769e-06 5.05553e-06 4.95489e-06 4.85577e-06 4.75815e-06 4.66205e-06 4.56745e-06 4.47435e-06 4.38275e-06 4.29262e-06 4.20398e-06 4.1168e-06 4.03107e-06 3.9468e-06 3.86396e-06 3.78255e-06 3.70254e-06 3.62394e-06 3.54673e-06 3.47089e-06 3.3964e-06 3.32327e-06 3.25146e-06 3.18097e-06 3.11178e-06 3.04388e-06 2.97724e-06 2.91186e-06 2.84772e-06 2.78481e-06 2.72309e-06 2.66257e-06 2.60323e-06 2.54504e-06 2.48799e-06 2.43207e-06 2.37726e-06 2.32354e-06 2.27089e-06 2.2193e-06 2.16876e-06 2.11925e-06 2.07074e-06 2.02323e-06 1.97669e-06
7.89893e-05 1.18216e-05 1.17272e-05 1.16287e-05 1.15264e-05 1.14206e-05 1.13115e-05 1.11994e-05 1.10845e-05 1.09672e-05 1.08475e-05 1.07258e-05 1.06022e-05 1.04769e-05 1.03501e-05 1.02221e-05 1.00929e-05 9.96268e-06 9.83167e-06 9.69999e-06 9.56778e-06 9.43516e-06 9.30226e-06 9.1692e-06 9.0361e-06 8.90305e-06 8.77017e-06 8.63755e-06 8.50528e-06 8.37344e-06 8.24211e-06 8.11137e-06 7.9813e-06 7.85195e-06 7.7234e-06 7.59569e-06 7.46889e-06 7.34304e-06 7.2182e-06 7.0944e-06 6.9717e-06 6.85012e-06 6.72971e-06 6.61049e-06 6.4925e-06 6.37576e-06 6.26029e-06 6.14613e-06 6.03329e-06 5.92178e-06 5.81163e-06 5.70285e-06 5.59544e-06 5.48943e-06 5.38482e-06 5.28161e-06 5.17982e-06 5.07944e-06 4.98049e-06 4.88296e-06 4.78684e-06 4.69215e-06 4.59888e-06 4.50703e-06 4.41659e-06 4.32756e-06 4.23993e-06 4.15369e-06 4.06885e-06 3.98539e-06 3.9033e-06 3.82257e-06 3.7432e-06 3.66517e-06 3.58848e-06 3.51311e-06 3.43904e-06 3.36627e-06 3.29479e-06 3.22458e-06 3.15563e-06 3.08793e-06 3.02145e-06 2.9562e-06 2.89215e-06 2.82928e-06 2.7676e-06 2.70707e-06 2.64768e-06 2.58943e-06 2.53229e-06 2.47625e-06 2.4213e-06 2.36742e-06 2.31459e-06 2.2628e-06 2.21203e-06 2.16227e-06 2.1135e-06 2.06572e-06 2.01889e-06
7.613e-05 1.14801e-05 1.13989e-05 1.13134e-05 1.12237e-05 1.11301e-05 1.1033e-05 1.09326e-05 1.08292e-05 1.07229e-05 1.06141e-05 1.05028e-05 1.03895e-05 1.02741e-05 1.0157e-05 1.00384e-05 9.91828e-06 9.79695e-06 9.67454e-06 9.55119e-06 9.42705e-06 9.30226e-06 9.17694e-06 9.05123e-06 8.92523e-06 8.79907e-06 8.67284e-06 8.54665e-06 8.42059e-06 8.29475e-06 8.16922e-06 8.04407e-06 7.91939e-06 7.79524e-06 7.6717e-06 7.54882e-06 7.42666e-06 7.30529e-06 7.18475e-06 7.06508e-06 6.94635e-06 6.82859e-06 6.71183e-06 6.59612e-06 6.4815e-06 6.36798e-06 6.2556e-06 6.14439e-06 6.03436e-06 5.92555e-06 5.81797e-06 5.71164e-06 5.60658e-06 5.50279e-06 5.4003e-06 5.2991e-06 5.19922e-06 5.10066e-06 5.00342e-06 4.90751e-06 4.81294e-06 4.7197e-06 4.62779e-06 4.53722e-06 4.44799e-06 4.36009e-06 4.27352e-06 4.18828e-06 4.10436e-06 4.02175e-06 3.94046e-06 3.86047e-06 3.78177e-06 3.70436e-06 3.62823e-06 3.55337e-06 3.47978e-06 3.40743e-06 3.33632e-06 3.26643e-06 3.19777e-06 3.13031e-06 3.06404e-06 2.99895e-06 2.93503e-06 2.87227e-06 2.81064e-06 2.75015e-06 2.69077e-06 2.6325e-06 2.57531e-06 2.5192e-06 2.46414e-06 2.41013e-06 2.35716e-06 2.3052e-06 2.25425e-06 2.20429e-06 2.1553e-06 2.10727e-06 2.06019e-06
7.33741e-05 1.11479e-05 1.10792e-05 1.10058e-05 1.0928e-05 1.08462e-05 1.07605e-05 1.06712e-05 1.05786e-05 1.04829e-05 1.03844e-05 1.02832e-05 1.01796e-05 1.00738e-05 9.96598e-06 9.85632e-06 9.745e-06 9.6322e-06 9.51806e-06 9.40275e-06 9.28642e-06 9.1692e-06 9.05123e-06 8.93264e-06 8.81354e-06 8.69406e-06 8.5743e-06 8.45437e-06 8.33437e-06 8.21439e-06 8.09452e-06 7.97484e-06 7.85544e-06 7.7364e-06 7.61777e-06 7.49963e-06 7.38205e-06 7.26508e-06 7.14878e-06 7.0332e-06 6.91839e-06 6.8044e-06 6.69128e-06 6.57905e-06 6.46777e-06 6.35745e-06 6.24815e-06 6.13988e-06 6.03268e-06 5.92656e-06 5.82156e-06 5.71769e-06 5.61498e-06 5.51344e-06 5.41308e-06 5.31392e-06 5.21597e-06 5.11925e-06 5.02376e-06 4.9295e-06 4.8365e-06 4.74474e-06 4.65423e-06 4.56499e-06 4.477e-06 4.39027e-06 4.3048e-06 4.22059e-06 4.13763e-06 4.05593e-06 3.97547e-06 3.89626e-06 3.81828e-06 3.74154e-06 3.66602e-06 3.59172e-06 3.51863e-06 3.44674e-06 3.37604e-06 3.30653e-06 3.23819e-06 3.17102e-06 3.105e-06 3.04013e-06 2.97638e-06 2.91376e-06 2.85225e-06 2.79183e-06 2.7325e-06 2.67424e-06 2.61704e-06 2.56089e-06 2.50578e-06 2.45169e-06 2.39861e-06 2.34652e-06 2.29542e-06 2.24529e-06 2.19611e-06 2.14788e-06 2.10058e-06
7.07181e-05 1.08246e-05 1.07677e-05 1.07059e-05 1.06394e-05 1.05686e-05 1.04937e-05 1.0415e-05 1.03327e-05 1.02471e-05 1.01584e-05 1.00668e-05 9.9726e-06 9.87593e-06 9.777e-06 9.676e-06 9.57311e-06 9.4685e-06 9.36234e-06 9.25479e-06 9.14599e-06 9.0361e-06 8.92523e-06 8.81354e-06 8.70114e-06 8.58815e-06 8.47468e-06 8.36085e-06 8.24675e-06 8.13248e-06 8.01814e-06 7.90382e-06 7.78959e-06 7.67554e-06 7.56174e-06 7.44826e-06 7.33518e-06 7.22254e-06 7.11042e-06 6.99887e-06 6.88795e-06 6.77769e-06 6.66816e-06 6.55939e-06 6.45142e-06 6.3443e-06 6.23805e-06 6.13272e-06 6.02833e-06 5.92491e-06 5.82249e-06 5.72109e-06 5.62074e-06 5.52145e-06 5.42324e-06 5.32614e-06 5.23015e-06 5.13529e-06 5.04156e-06 4.94899e-06 4.85758e-06 4.76734e-06 4.67827e-06 4.59038e-06 4.50367e-06 4.41815e-06 4.33382e-06 4.25067e-06 4.16872e-06 4.08795e-06 4.00837e-06 3.92998e-06 3.85276e-06 3.77672e-06 3.70185e-06 3.62815e-06 3.55562e-06 3.48423e-06 3.41399e-06 3.34489e-06 3.27693e-06 3.21009e-06 3.14436e-06 3.07974e-06 3.01621e-06 2.95377e-06 2.8924e-06 2.83211e-06 2.77286e-06 2.71466e-06 2.65749e-06 2.60135e-06 2.54621e-06 2.49207e-06 2.43892e-06 2.38674e-06 2.33553e-06 2.28526e-06 2.23594e-06 2.18754e-06 2.14005e-06
6.81581e-05 1.05102e-05 1.04644e-05 1.04134e-05 1.03577e-05 1.02973e-05 1.02326e-05 1.0164e-05 1.00915e-05 1.00155e-05 9.93618e-06 9.85377e-06 9.7685e-06 9.68056e-06 9.59015e-06 9.49746e-06 9.40266e-06 9.30595e-06 9.20747e-06 9.1074e-06 9.00588e-06 8.90305e-06 8.79907e-06 8.69406e-06 8.58815e-06 8.48146e-06 8.37411e-06 8.26621e-06 8.15786e-06 8.04917e-06 7.94022e-06 7.83113e-06 7.72196e-06 7.6128e-06 7.50373e-06 7.39483e-06 7.28616e-06 7.1778e-06 7.0698e-06 6.96222e-06 6.85512e-06 6.74856e-06 6.64258e-06 6.53724e-06 6.43256e-06 6.32861e-06 6.22541e-06 6.123e-06 6.02141e-06 5.92069e-06 5.82085e-06 5.72192e-06 5.62394e-06 5.52691e-06 5.43087e-06 5.33583e-06 5.24182e-06 5.14884e-06 5.05691e-06 4.96604e-06 4.87626e-06 4.78755e-06 4.69995e-06 4.61344e-06 4.52805e-06 4.44377e-06 4.36061e-06 4.27857e-06 4.19765e-06 4.11786e-06 4.0392e-06 3.96166e-06 3.88524e-06 3.80995e-06 3.73577e-06 3.66271e-06 3.59077e-06 3.51992e-06 3.45018e-06 3.38154e-06 3.31399e-06 3.24751e-06 3.18212e-06 3.11779e-06 3.05452e-06 2.9923e-06 2.93113e-06 2.87098e-06 2.81186e-06 2.75376e-06 2.69666e-06 2.64055e-06 2.58543e-06 2.53129e-06 2.4781e-06 2.42587e-06 2.37457e-06 2.32421e-06 2.27477e-06 2.22623e-06 2.17859e-06
6.56909e-05 1.02043e-05 1.0169e-05 1.01283e-05 1.00826e-05 1.00322e-05 9.97723e-06 9.91807e-06 9.85494e-06 9.78806e-06 9.71769e-06 9.64403e-06 9.56731e-06 9.48773e-06 9.40548e-06 9.32076e-06 9.23374e-06 9.14461e-06 9.05353e-06 8.96066e-06 8.86616e-06 8.77017e-06 8.67284e-06 8.5743e-06 8.47468e-06 8.37411e-06 8.2727e-06 8.17056e-06 8.06781e-06 7.96455e-06 7.86088e-06 7.75689e-06 7.65267e-06 7.54831e-06 7.44388e-06 7.33946e-06 7.23514e-06 7.13097e-06 7.02702e-06 6.92336e-06 6.82005e-06 6.71713e-06 6.61467e-06 6.51271e-06 6.4113e-06 6.31049e-06 6.21031e-06 6.11081e-06 6.01203e-06 5.91399e-06 5.81673e-06 5.72027e-06 5.62466e-06 5.52991e-06 5.43604e-06 5.34308e-06 5.25105e-06 5.15997e-06 5.06986e-06 4.98072e-06 4.89258e-06 4.80545e-06 4.71933e-06 4.63424e-06 4.55019e-06 4.46718e-06 4.38522e-06 4.30432e-06 4.22448e-06 4.1457e-06 4.06798e-06 3.99134e-06 3.91576e-06 3.84124e-06 3.7678e-06 3.69542e-06 3.6241e-06 3.55384e-06 3.48464e-06 3.41649e-06 3.34938e-06 3.28332e-06 3.21829e-06 3.1543e-06 3.09132e-06 3.02936e-06 2.96842e-06 2.90847e-06 2.84951e-06 2.79154e-06 2.73455e-06 2.67852e-06 2.62345e-06 2.56932e-06 2.51614e-06 2.46389e-06 2.41255e-06 2.36212e-06 2.31259e-06 2.26395e-06 2.21619e-06
6.33129e-05 9.90682e-06 9.88133e-06 9.85035e-06 9.81419e-06 9.7731e-06 9.72737e-06 9.67724e-06 9.62297e-06 9.56478e-06 9.50293e-06 9.43761e-06 9.36906e-06 9.29746e-06 9.22303e-06 9.14595e-06 9.0664e-06 8.98456e-06 8.90059e-06 8.81467e-06 8.72694e-06 8.63755e-06 8.54665e-06 8.45437e-06 8.36085e-06 8.26621e-06 8.17056e-06 8.07404e-06 7.97674e-06 7.87877e-06 7.78024e-06 7.68123e-06 7.58185e-06 7.48217e-06 7.38229e-06 7.28228e-06 7.18221e-06 7.08217e-06 6.98221e-06 6.88241e-06 6.78282e-06 6.6835e-06 6.58452e-06 6.48591e-06 6.38774e-06 6.29005e-06 6.19287e-06 6.09627e-06 6.00026e-06 5.9049e-06 5.81021e-06 5.71623e-06 5.62299e-06 5.53051e-06 5.43883e-06 5.34796e-06 5.25793e-06 5.16876e-06 5.08048e-06 4.99309e-06 4.90662e-06 4.82107e-06 4.73647e-06 4.65282e-06 4.57014e-06 4.48843e-06 4.4077e-06 4.32797e-06 4.24923e-06 4.17149e-06 4.09476e-06 4.01904e-06 3.94434e-06 3.87064e-06 3.79796e-06 3.72629e-06 3.65564e-06 3.586e-06 3.51737e-06 3.44975e-06 3.38313e-06 3.31752e-06 3.2529e-06 3.18927e-06 3.12663e-06 3.06497e-06 3.00428e-06 2.94456e-06 2.88581e-06 2.82801e-06 2.77115e-06 2.71524e-06 2.66025e-06 2.60619e-06 2.55304e-06 2.5008e-06 2.44945e-06 2.399e-06 2.34942e-06 2.3007e-06 2.25285e-06
6.1021e-05 9.61749e-06 9.60126e-06 9.57941e-06 9.55224e-06 9.52e-06 9.48297e-06 9.44141e-06 9.39554e-06 9.34562e-06 9.29187e-06 9.23451e-06 9.17375e-06 9.10979e-06 9.04284e-06 8.97308e-06 8.90069e-06 8.82586e-06 8.74874e-06 8.6695e-06 8.58829e-06 8.50528e-06 8.42059e-06 8.33437e-06 8.24675e-06 8.15786e-06 8.06781e-06 7.97674e-06 7.88474e-06 7.79193e-06 7.6984e-06 7.60426e-06 7.5096e-06 7.41451e-06 7.31908e-06 7.22338e-06 7.1275e-06 7.03151e-06 6.93547e-06 6.83947e-06 6.74355e-06 6.64779e-06 6.55223e-06 6.45695e-06 6.36197e-06 6.26737e-06 6.17318e-06 6.07944e-06 5.98621e-06 5.89351e-06 5.80138e-06 5.70987e-06 5.619e-06 5.5288e-06 5.4393e-06 5.35053e-06 5.26252e-06 5.17528e-06 5.08883e-06 5.00321e-06 4.91842e-06 4.83449e-06 4.75142e-06 4.66923e-06 4.58795e-06 4.50756e-06 4.4281e-06 4.34956e-06 4.27196e-06 4.19529e-06 4.11958e-06 4.04482e-06 3.97101e-06 3.89817e-06 3.82629e-06 3.75537e-06 3.68542e-06 3.61643e-06 3.54841e-06 3.48135e-06 3.41526e-06 3.35012e-06 3.28595e-06 3.22272e-06 3.16045e-06 3.09912e-06 3.03873e-06 2.97928e-06 2.92076e-06 2.86316e-06 2.80648e-06 2.75072e-06 2.69585e-06 2.64188e-06 2.5888e-06 2.53661e-06 2.48528e-06 2.43483e-06 2.38522e-06 2.33647e-06 2.28856e-06
5.88121e-05 9.33613e-06 9.32859e-06 9.31533e-06 9.29663e-06 9.27276e-06 9.24396e-06 9.2105e-06 9.17262e-06 9.13055e-06 9.08451e-06 9.03472e-06 8.9814e-06 8.92474e-06 8.86495e-06 8.8022e-06 8.73668e-06 8.66857e-06 8.59803e-06 8.52522e-06 8.45031e-06 8.37344e-06 8.29475e-06 8.21439e-06 8.13248e-06 8.04917e-06 7.96455e-06 7.87877e-06 7.79193e-06 7.70413e-06 7.61549e-06 7.52609e-06 7.43605e-06 7.34544e-06 7.25436e-06 7.16289e-06 7.07111e-06 6.97909e-06 6.88691e-06 6.79464e-06 6.70235e-06 6.61008e-06 6.51792e-06 6.42591e-06 6.3341e-06 6.24256e-06 6.15132e-06 6.06044e-06 5.96995e-06 5.87991e-06 5.79034e-06 5.70128e-06 5.61278e-06 5.52486e-06 5.43755e-06 5.35088e-06 5.26488e-06 5.17958e-06 5.09499e-06 5.01114e-06 4.92806e-06 4.84575e-06 4.76424e-06 4.68354e-06 4.60367e-06 4.52463e-06 4.44645e-06 4.36914e-06 4.2927e-06 4.21714e-06 4.14247e-06 4.06869e-06 3.99582e-06 3.92386e-06 3.85281e-06 3.78267e-06 3.71345e-06 3.64515e-06 3.57777e-06 3.51131e-06 3.44578e-06 3.38116e-06 3.31746e-06 3.25467e-06 3.1928e-06 3.13184e-06 3.07178e-06 3.01263e-06 2.95438e-06 2.89702e-06 2.84054e-06 2.78496e-06 2.73024e-06 2.6764e-06 2.62342e-06 2.5713e-06 2.52004e-06 2.46961e-06 2.42002e-06 2.37126e-06 2.32332e-06
5.66832e-05 9.06254e-06 9.06316e-06 9.05798e-06 9.04726e-06 9.03126e-06 9.01025e-06 8.98447e-06 8.95415e-06 8.91953e-06 8.88082e-06 8.83825e-06 8.79202e-06 8.74233e-06 8.68937e-06 8.63334e-06 8.5744e-06 8.51274e-06 8.44852e-06 8.38191e-06 8.31306e-06 8.24211e-06 8.16922e-06 8.09452e-06 8.01814e-06 7.94022e-06 7.86088e-06 7.78024e-06 7.6984e-06 7.61549e-06 7.5316e-06 7.44683e-06 7.36129e-06 7.27507e-06 7.18824e-06 7.10091e-06 7.01315e-06 6.92503e-06 6.83664e-06 6.74804e-06 6.65931e-06 6.5705e-06 6.48167e-06 6.3929e-06 6.30422e-06 6.21571e-06 6.1274e-06 6.03934e-06 5.95158e-06 5.86417e-06 5.77715e-06 5.69054e-06 5.6044e-06 5.51875e-06 5.43363e-06 5.34907e-06 5.26509e-06 5.18173e-06 5.09901e-06 5.01695e-06 4.93558e-06 4.85492e-06 4.77498e-06 4.69578e-06 4.61735e-06 4.53969e-06 4.46282e-06 4.38675e-06 4.31149e-06 4.23706e-06 4.16346e-06 4.0907e-06 4.01879e-06 3.94774e-06 3.87755e-06 3.80822e-06 3.73977e-06 3.67219e-06 3.60548e-06 3.53965e-06 3.4747e-06 3.41063e-06 3.34744e-06 3.28513e-06 3.22369e-06 3.16313e-06 3.10344e-06 3.04462e-06 2.98666e-06 2.92957e-06 2.87334e-06 2.81796e-06 2.76344e-06 2.70975e-06 2.65691e-06 2.6049e-06 2.55371e-06 2.50335e-06 2.4538e-06 2.40505e-06 2.35711e-06
5.46313e-05 8.79652e-06 8.80479e-06 8.80719e-06 8.80398e-06 8.79542e-06 8.78176e-06 8.76323e-06 8.74008e-06 8.71253e-06 8.68079e-06 8.64508e-06 8.60561e-06 8.56257e-06 8.51615e-06 8.46653e-06 8.41391e-06 8.35844e-06 8.30029e-06 8.23963e-06 8.17661e-06 8.11137e-06 8.04407e-06 7.97484e-06 7.90382e-06 7.83113e-06 7.75689e-06 7.68123e-06 7.60426e-06 7.52609e-06 7.44683e-06 7.36658e-06 7.28543e-06 7.20348e-06 7.12082e-06 7.03754e-06 6.95372e-06 6.86943e-06 6.78475e-06 6.69976e-06 6.61453e-06 6.52912e-06 6.44359e-06 6.35801e-06 6.27242e-06 6.1869e-06 6.10149e-06 6.01623e-06 5.93119e-06 5.84639e-06 5.76189e-06 5.67773e-06 5.59394e-06 5.51056e-06 5.42763e-06 5.34517e-06 5.26322e-06 5.18181e-06 5.10096e-06 5.0207e-06 4.94106e-06 4.86205e-06 4.7837e-06 4.70602e-06 4.62904e-06 4.55277e-06 4.47723e-06 4.40243e-06 4.32838e-06 4.2551e-06 4.1826e-06 4.11088e-06 4.03996e-06 3.96985e-06 3.90054e-06 3.83206e-06 3.7644e-06 3.69756e-06 3.63156e-06 3.56639e-06 3.50206e-06 3.43857e-06 3.37592e-06 3.3141e-06 3.25313e-06 3.193e-06 3.13371e-06 3.07525e-06 3.01763e-06 2.96084e-06 2.90488e-06 2.84974e-06 2.79543e-06 2.74193e-06 2.68925e-06 2.63738e-06 2.58631e-06 2.53604e-06 2.48656e-06 2.43786e-06 2.38995e-06
5.26537e-05 8.53788e-06 8.55332e-06 8.56283e-06 8.56668e-06 8.56512e-06 8.55839e-06 8.54672e-06 8.53036e-06 8.5095e-06 8.48438e-06 8.4552e-06 8.42217e-06 8.38546e-06 8.34529e-06 8.30182e-06 8.25523e-06 8.20569e-06 8.15338e-06 8.09844e-06 8.04103e-06 7.9813e-06 7.91939e-06 7.85544e-06 7.78959e-06 7.72196e-06 7.65267e-06 7.58185e-06 7.5096e-06 7.43605e-06 7.36129e-06 7.28543e-06 7.20857e-06 7.1308e-06 7.0522e-06 6.97288e-06 6.89291e-06 6.81238e-06 6.73135e-06 6.6499e-06 6.56811e-06 6.48604e-06 6.40376e-06 6.32133e-06 6.2388e-06 6.15623e-06 6.07369e-06 5.99121e-06 5.90885e-06 5.82665e-06 5.74466e-06 5.66292e-06 5.58148e-06 5.50036e-06 5.41961e-06 5.33925e-06 5.25933e-06 5.17987e-06 5.1009e-06 5.02245e-06 4.94454e-06 4.8672e-06 4.79044e-06 4.7143e-06 4.63879e-06 4.56393e-06 4.48973e-06 4.41622e-06 4.34341e-06 4.2713e-06 4.19992e-06 4.12927e-06 4.05936e-06 3.99021e-06 3.92182e-06 3.8542e-06 3.78736e-06 3.7213e-06 3.65603e-06 3.59155e-06 3.52787e-06 3.46498e-06 3.4029e-06 3.34162e-06 3.28114e-06 3.22147e-06 3.1626e-06 3.10454e-06 3.04728e-06 2.99082e-06 2.93516e-06 2.8803e-06 2.82623e-06 2.77295e-06 2.72046e-06 2.66876e-06 2.61783e-06 2.56768e-06 2.5183e-06 2.46968e-06 2.42182e-06
