0.397633 0.1226 0.0395539 0.0138127 0.00249127 0.000336506 3.89414e-05 4.10695e-06 4.07954e-07 3.89056e-08 3.60471e-09 3.26978e-10 2.91874e-11 2.57305e-12 2.24586e-13 1.9445e-14 1.67237e-15 1.43026e-16 1.21736e-17 1.03189e-18 8.71537e-20 7.33786e-21 6.16083e-22 5.15972e-23 4.31162e-24 3.59565e-25 2.99307e-26 2.48731e-27 2.06384e-28 1.70929e-29 1.41445e-30
0.1226 0.0439187 0.0175315 0.00202557 0.000187059 1.58621e-05 1.29469e-06 1.03797e-07 8.25212e-09 6.5364e-10 5.17022e-11 4.08857e-12 3.23418e-13 2.55972e-14 2.0272e-15 1.60652e-16 1.27394e-17 1.01081e-18 8.02465e-20 6.37387e-21 5.06502e-22 4.02663e-23 3.20236e-24 2.54771e-25 2.02754e-26 1.61405e-27 1.28524e-28 1.02366e-29 8.15246e-31 6.22536e-32 4.96233e-33
0.0395539 0.0175315 0.00164795 0.000143762 1.18855e-05 9.54215e-07 7.55198e-08 5.94064e-09 4.66436e-10 3.66284e-11 2.87935e-12 2.26651e-13 1.78661e-14 1.41018e-15 1.1144e-16 8.81613e-18 6.98117e-19 5.53279e-20 4.38819e-21 3.48268e-22 2.76565e-23 2.1974e-24 1.74672e-25 1.38907e-26 1.10506e-27 8.79431e-29 7.00085e-30 5.57368e-31 4.33188e-32 3.44329e-33 2.74456e-34
0.0138127 0.00202557 0.000143762 1.08074e-05 8.24807e-07 6.32449e-08 4.86578e-09 3.75718e-10 2.91228e-11 2.26569e-12 1.76853e-13 1.38448e-14 1.08653e-15 8.54518e-17 6.73261e-18 5.31269e-19 4.19775e-20 3.32057e-21 2.62927e-22 2.08368e-23 1.65254e-24 1.31147e-25 1.04141e-26 8.27394e-28 6.57666e-29 5.22975e-30 4.15982e-31 3.26703e-32 2.59608e-33 2.06288e-34 1.64351e-35
0.00249127 0.000187059 1.18855e-05 8.24807e-07 5.97837e-08 4.43515e-09 3.33841e-10 2.53907e-11 1.9466e-12 1.50188e-13 1.1647e-14 9.06981e-16 7.08695e-17 5.55312e-18 4.3614e-19 3.43212e-20 2.70531e-21 2.13542e-22 1.68762e-23 1.33512e-24 1.05722e-25 8.37832e-27 6.64442e-28 5.27267e-29 4.18647e-30 3.32551e-31 2.62542e-32 2.08489e-33 1.65584e-34 1.31499e-35 1.04692e-36
0.000336506 1.58621e-05 9.54215e-07 6.32449e-08 4.43515e-09 3.21602e-10 2.38237e-11 1.79107e-12 1.36117e-13 1.04301e-14 8.04366e-16 6.23486e-17 4.85263e-18 3.78946e-19 2.96737e-20 2.32896e-21 1.83144e-22 1.44257e-23 1.13788e-24 8.98636e-26 7.1045e-27 5.62197e-28 4.45246e-29 3.52882e-30 2.79852e-31 2.21352e-32 1.75611e-33 1.39358e-34 1.10603e-35 8.77737e-37 6.98249e-38
3.89414e-05 1.29469e-06 7.55198e-08 4.86578e-09 3.33841e-10 2.38237e-11 1.74425e-12 1.29979e-13 9.81009e-15 7.47513e-16 5.73793e-17 4.42997e-18 3.43599e-19 2.67506e-20 2.08908e-21 1.63566e-22 1.28344e-23 1.00892e-24 7.94374e-26 6.2631e-27 4.94393e-28 3.90671e-29 3.08995e-30 2.44592e-31 1.93458e-32 1.53285e-33 1.21509e-34 9.63492e-36 7.64108e-37 6.05944e-38 4.81644e-39
4.10695e-06 1.03797e-07 5.94064e-09 3.75718e-10 2.53907e-11 1.79107e-12 1.29979e-13 9.61919e-15 7.21967e-16 5.47583e-17 4.18669e-18 3.22126e-19 2.49093e-20 1.93407e-21 1.50675e-22 1.17713e-23 9.21803e-25 7.2331e-26 5.68543e-27 4.47563e-28 3.52788e-29 2.78402e-30 2.19923e-31 1.73759e-32 1.37464e-33 1.0882e-34 8.61878e-36 6.82871e-37 5.41148e-38 4.28822e-39 3.40588e-40
4.07954e-07 8.25212e-09 4.66436e-10 2.91228e-11 1.9466e-12 1.36117e-13 9.81009e-15 7.21967e-16 5.39375e-17 4.07492e-18 3.10499e-19 2.38183e-20 1.8369e-21 1.42281e-22 1.10603e-23 8.62358e-25 6.74074e-26 5.28039e-27 4.14412e-28 3.25762e-29 2.56437e-30 2.02115e-31 1.59422e-32 1.25897e-33 9.9504e-35 7.86994e-36 6.22798e-37 4.9306e-38 3.90443e-39 3.09182e-40 2.45382e-41
3.89056e-08 6.5364e-10 3.66284e-11 2.26569e-12 1.50188e-13 1.04301e-14 7.47513e-16 5.47583e-17 4.07492e-18 3.06812e-19 2.33086e-20 1.78324e-21 1.37197e-22 1.06038e-23 8.22666e-25 6.4026e-26 4.99634e-27 3.90788e-28 3.06259e-29 2.40425e-30 1.89027e-31 1.48789e-32 1.17266e-33 9.25153e-35 7.30536e-36 5.77298e-37 4.56486e-38 3.61123e-39 2.85763e-40 2.26138e-41 1.79348e-42
3.60471e-09 5.17022e-11 2.87935e-12 1.76853e-13 1.1647e-14 8.04366e-16 5.73793e-17 4.18669e-18 3.10499e-19 2.33086e-20 1.76606e-21 1.34792e-22 1.0348e-23 7.98219e-25 6.18156e-26 4.80298e-27 3.74232e-28 2.9229e-29 2.28764e-30 1.79369e-31 1.4085e-32 1.10763e-33 8.72101e-35 6.87396e-36 5.42324e-37 4.28216e-38 3.38345e-39 2.67471e-40 2.11513e-41 1.67274e-42 1.32577e-43
3.26978e-10 4.08857e-12 2.26651e-13 1.38448e-14 9.06981e-16 6.23486e-17 4.42997e-18 3.22126e-19 2.38183e-20 1.78324e-21 1.34792e-22 1.02656e-23 7.86545e-25 6.05628e-26 4.68236e-27 3.63257e-28 2.82638e-29 2.20462e-30 1.72337e-31 1.34966e-32 1.05877e-33 8.31778e-35 6.54297e-36 5.15271e-37 4.06191e-38 3.2048e-39 2.53036e-40 1.99897e-41 1.57976e-42 1.2486e-43 9.88988e-45
2.91874e-11 3.23418e-13 1.78661e-14 1.08653e-15 7.08695e-17 4.85263e-18 3.43599e-19 2.49093e-20 1.8369e-21 1.37197e-22 1.0348e-23 7.86545e-25 6.01567e-26 4.62434e-27 3.56983e-28 2.76558e-29 2.14899e-30 1.67421e-31 1.30723e-32 1.0227e-33 8.01485e-35 6.29071e-36 4.9441e-37 3.89037e-38 3.06443e-39 2.41604e-40 1.90629e-41 1.50499e-42 1.18866e-43 9.38955e-45 7.43287e-46
2.57305e-12 2.55972e-14 1.41018e-15 8.54518e-17 5.55312e-18 3.78946e-19 2.67506e-20 1.93407e-21 1.42281e-22 1.06038e-23 7.98219e-25 6.05628e-26 4.62434e-27 3.5494e-28 2.73616e-29 2.11697e-30 1.643e-31 1.27854e-32 9.9725e-34 7.79424e-35 6.10262e-36 4.78566e-37 3.75813e-38 2.95488e-39 2.32585e-40 1.83247e-41 1.44491e-42 1.14004e-43 8.99903e-45 7.10478e-46 5.6211e-47
2.24586e-13 2.0272e-15 1.1144e-16 6.73261e-18 4.3614e-19 2.96737e-20 2.08908e-21 1.50675e-22 1.10603e-23 8.22666e-25 6.18156e-26 4.68236e-27 3.56983e-28 2.73616e-29 2.10651e-30 1.62783e-31 1.26193e-32 9.80983e-34 7.64403e-35 5.96884e-36 4.66932e-37 3.65867e-38 2.8709e-39 2.25563e-40 1.77423e-41 1.39695e-42 1.10083e-43 8.68056e-45 6.84838e-46 5.40407e-47 4.2733e-48
1.9445e-14 1.60652e-16 8.81613e-18 5.31269e-19 3.43212e-20 2.32896e-21 1.63566e-22 1.17713e-23 8.62358e-25 6.4026e-26 4.80298e-27 3.63257e-28 2.76558e-29 2.11697e-30 1.62783e-31 1.2565e-32 9.7305e-34 7.5567e-35 5.8829e-36 4.58966e-37 3.58748e-38 2.80881e-39 2.20242e-40 1.72922e-41 1.35928e-42 1.06958e-43 8.42358e-45 6.63876e-46 5.23483e-47 4.12882e-48 3.26325e-49
1.67237e-15 1.27394e-17 6.98117e-19 4.19775e-20 2.70531e-21 1.83144e-22 1.28344e-23 9.21803e-25 6.74074e-26 4.99634e-27 3.74232e-28 2.82638e-29 2.14899e-30 1.643e-31 1.26193e-32 9.7305e-34 7.52803e-35 5.84086e-36 4.54317e-37 3.54155e-38 2.76609e-39 2.16413e-40 1.69575e-41 1.33054e-42 1.04524e-43 8.2199e-45 6.47008e-46 5.09651e-47 4.01675e-48 3.16664e-49 2.50159e-50
1.43026e-16 1.01081e-18 5.53279e-20 3.32057e-21 2.13542e-22 1.44257e-23 1.00892e-24 7.2331e-26 5.28039e-27 3.90788e-28 2.9229e-29 2.20462e-30 1.67421e-31 1.27854e-32 9.80983e-34 7.5567e-35 5.84086e-36 4.52788e-37 3.51902e-38 2.74108e-39 2.13933e-40 1.67261e-41 1.30975e-42 1.02704e-43 8.06347e-45 6.33767e-46 4.9859e-47 3.92546e-48 3.09235e-49 2.43681e-50 1.92416e-51
1.21736e-17 8.02465e-20 4.38819e-21 2.62927e-22 1.68762e-23 1.13788e-24 7.94374e-26 5.68543e-27 4.14412e-28 3.06259e-29 2.28764e-30 1.72337e-31 1.30723e-32 9.9725e-34 7.64403e-35 5.8829e-36 4.54317e-37 3.51902e-38 2.73284e-39 2.12715e-40 1.65903e-41 1.29625e-42 1.01441e-43 7.94981e-45 6.23805e-46 4.90034e-47 3.8532e-48 3.03223e-49 2.38763e-50 1.88068e-51 1.48439e-52
1.03189e-18 6.37387e-21 3.48268e-22 2.08368e-23 1.33512e-24 8.98636e-26 6.2631e-27 4.47563e-28 3.25762e-29 2.40425e-30 1.79369e-31 1.34966e-32 1.0227e-33 7.79424e-35 5.96884e-36 4.58966e-37 3.54155e-38 2.74108e-39 2.12715e-40 1.65455e-41 1.2896e-42 1.00698e-43 7.87572e-45 6.16865e-46 4.83784e-47 3.79848e-48 2.98536e-49 2.34823e-50 1.84824e-51 1.45523e-52 1.14811e-53
8.71537e-20 5.06502e-22 2.76565e-23 1.65254e-24 1.05722e-25 7.1045e-27 4.94393e-28 3.52788e-29 2.56437e-30 1.89027e-31 1.4085e-32 1.05877e-33 8.01485e-35 6.10262e-36 4.66932e-37 3.58748e-38 2.76609e-39 2.13933e-40 1.65903e-41 1.2896e-42 1.00453e-43 7.83918e-45 6.1277e-46 4.79696e-47 3.76017e-48 2.95091e-49 2.31817e-50 1.82264e-51 1.43397e-52 1.12862e-53 8.90075e-55
7.33786e-21 4.02663e-23 2.1974e-24 1.31147e-25 8.37832e-27 5.62197e-28 3.90671e-29 2.78402e-30 2.02115e-31 1.48789e-32 1.10763e-33 8.31778e-35 6.29071e-36 4.78566e-37 3.65867e-38 2.80881e-39 2.16413e-40 1.67261e-41 1.29625e-42 1.00698e-43 7.83918e-45 6.11417e-46 4.77676e-47 3.73751e-48 2.92829e-49 2.29701e-50 1.80369e-51 1.41754e-52 1.11482e-53 8.77105e-55 6.91457e-56
6.16083e-22 3.20236e-24 1.74672e-25 1.04141e-26 6.64442e-28 4.45246e-29 3.08995e-30 2.19923e-31 1.59422e-32 1.17266e-33 8.72101e-35 6.54297e-36 4.9441e-37 3.75813e-38 2.8709e-39 2.20242e-40 1.69575e-41 1.30975e-42 1.01441e-43 7.87572e-45 6.1277e-46 4.77676e-47 3.73001e-48 2.91708e-49 2.28444e-50 1.79117e-51 1.40589e-52 1.10447e-53 8.6828e-55 6.82894e-56 5.38156e-57
5.15972e-23 2.54771e-25 1.38907e-26 8.27394e-28 5.27267e-29 3.52882e-30 2.44592e-31 1.73759e-32 1.25897e-33 9.25153e-35 6.87396e-36 5.15271e-37 3.89037e-38 2.95488e-39 2.25563e-40 1.72922e-41 1.33054e-42 1.02704e-43 7.94981e-45 6.16865e-46 4.79696e-47 3.73751e-48 2.91708e-49 2.28027e-50 1.78495e-51 1.39894e-52 1.09759e-53 8.61941e-55 6.7737e-56 5.32564e-57 4.19541e-58
4.31162e-24 2.02754e-26 1.10506e-27 6.57666e-29 4.18647e-30 2.79852e-31 1.93458e-32 1.37464e-33 9.9504e-35 7.30536e-36 5.42324e-37 4.06191e-38 3.06443e-39 2.32585e-40 1.77423e-41 1.35928e-42 1.04524e-43 8.06347e-45 6.23805e-46 4.83784e-47 3.76017e-48 2.92829e-49 2.28444e-50 1.78495e-51 1.39663e-52 1.09416e-53 8.58136e-55 6.73648e-56 5.29213e-57 4.15944e-58 3.2756e-59
3.59565e-25 1.61405e-27 8.79431e-29 5.22975e-30 3.32551e-31 2.21352e-32 1.53285e-33 1.0882e-34 7.86994e-36 5.77298e-37 4.28216e-38 3.2048e-39 2.41604e-40 1.83247e-41 1.39695e-42 1.06958e-43 8.2199e-45 6.33767e-46 4.90034e-47 3.79848e-48 2.95091e-49 2.29701e-50 1.79117e-51 1.39894e-52 1.09416e-53 8.56866e-55 6.71781e-56 5.27172e-57 4.14005e-58 3.25293e-59 2.56089e-60
2.99307e-26 1.28524e-28 7.00085e-30 4.15982e-31 2.62542e-32 1.75611e-33 1.21509e-34 8.61878e-36 6.22798e-37 4.56486e-38 3.38345e-39 2.53036e-40 1.90629e-41 1.44491e-42 1.10083e-43 8.42358e-45 6.47008e-46 4.9859e-47 3.8532e-48 2.98536e-49 2.31817e-50 1.80369e-51 1.40589e-52 1.09759e-53 8.58136e-55 6.71781e-56 5.2649e-57 4.13018e-58 3.24253e-59 2.54696e-60 2.00449e-61
2.48731e-27 1.02366e-29 5.57368e-31 3.26703e-32 2.08489e-33 1.39358e-34 9.63492e-36 6.82871e-37 4.9306e-38 3.61123e-39 2.67471e-40 1.99897e-41 1.50499e-42 1.14004e-43 8.68056e-45 6.63876e-46 5.09651e-47 3.92546e-48 3.03223e-49 2.34823e-50 1.82264e-51 1.41754e-52 1.10447e-53 8.61941e-55 6.73648e-56 5.27172e-57 4.13018e-58 3.23899e-59 2.5421e-60 1.99621e-61 1.57058e-62
2.06384e-28 8.15246e-31 4.33188e-32 2.59608e-33 1.65584e-34 1.10603e-35 7.64108e-37 5.41148e-38 3.90443e-39 2.85763e-40 2.11513e-41 1.57976e-42 1.18866e-43 8.99903e-45 6.84838e-46 5.23483e-47 4.01675e-48 3.09235e-49 2.38763e-50 1.84824e-51 1.43397e-52 1.11482e-53 8.6828e-55 6.7737e-56 5.29213e-57 4.14005e-58 3.24253e-59 2.5421e-60 1.99457e-61 1.56583e-62 1.23162e-63
1.70929e-29 6.22536e-32 3.44329e-33 2.06288e-34 1.31499e-35 8.77737e-37 6.05944e-38 4.28822e-39 3.09182e-40 2.26138e-41 1.67274e-42 1.2486e-43 9.38955e-45 7.10478e-46 5.40407e-47 4.12882e-48 3.16664e-49 2.43681e-50 1.88068e-51 1.45523e-52 1.12862e-53 8.77105e-55 6.82894e-56 5.32564e-57 4.15944e-58 3.25293e-59 2.54696e-60 1.99621e-61 1.56583e-62 1.22893e-63 9.66372e-65
1.41445e-30 4.96233e-33 2.74456e-34 1.64351e-35 1.04692e-36 6.98249e-38 4.81644e-39 3.40588e-40 2.45382e-41 1.79348e-42 1.32577e-43 9.88988e-45 7.43287e-46 5.6211e-47 4.2733e-48 3.26325e-49 2.50159e-50 1.92416e-51 1.48439e-52 1.14811e-53 8.90075e-55 6.91457e-56 5.38156e-57 4.19541e-58 3.2756e-59 2.56089e-60 2.00449e-61 1.57058e-62 1.23162e-63 9.66372e-65 7.59698e-66
