0.429032 0.109404 0.0451504 0.0186334 0.00768989 0.00317358 0.00130972 0.000540515 0.000223068 9.20591e-05 3.79923e-05 1.56792e-05 6.47075e-06 2.67044e-06 1.10208e-06 4.54823e-07 1.87703e-07 7.74641e-08 3.19691e-08 1.31935e-08 5.44488e-09 2.24707e-09 9.27357e-10 3.82715e-10 1.57945e-10 6.5183e-11 2.69007e-11 1.11018e-11 4.58165e-12 1.89083e-12 7.80334e-13 3.2204e-13 1.32904e-13 5.4849e-14 2.26359e-14 9.34172e-15 3.85528e-15 1.59106e-15 6.56621e-16 2.70984e-16 1.11834e-16 4.61533e-17 1.90472e-17 7.86069e-18 3.24407e-18 1.33881e-18 5.52521e-19 2.28023e-19 9.41038e-20 3.88362e-20 1.60275e-20 6.61447e-21 2.72976e-21 1.12656e-21 4.64925e-22 1.91872e-22 7.91847e-23 3.26791e-23 1.34865e-23 5.56582e-24 2.29698e-24 9.47954e-25 3.91216e-25 1.61453e-25 6.66308e-26 2.74982e-26 1.13484e-26 4.68342e-27 1.93282e-27 7.97666e-28 3.29193e-28 1.35856e-28 5.60672e-29 2.31387e-29 9.54921e-30 3.94091e-30 1.62639e-30 6.71205e-31 2.77003e-31 1.14318e-31 4.71784e-32 1.94703e-32 8.03529e-33 3.31612e-33 1.36855e-33 5.64793e-34 2.33087e-34 9.61939e-35 3.96988e-35 1.63835e-35 6.76138e-36 2.79039e-36 1.15158e-36 4.75251e-37 1.96134e-37 8.09434e-38 3.3405e-38 1.37861e-38 5.68944e-39 2.348e-39 9.69009e-40
0.109404 0.0476476 0.0236471 0.0114029 0.00538433 0.00250206 0.00114813 0.000521514 0.000234905 0.000105066 4.67118e-05 2.0661e-05 9.09754e-06 3.9901e-06 1.74392e-06 7.59832e-07 3.30138e-07 1.4308e-07 6.18688e-08 2.66969e-08 1.1498e-08 4.94342e-09 2.12194e-09 9.09476e-10 3.8927e-10 1.664e-10 7.10458e-11 3.02997e-11 1.29087e-11 5.49417e-12 2.33626e-12 9.92573e-13 4.21355e-13 1.7873e-13 7.57579e-14 3.20891e-14 1.35831e-14 5.74605e-15 2.42929e-15 1.02646e-15 4.33482e-16 1.82968e-16 7.71902e-17 3.25495e-17 1.37192e-17 5.77996e-18 2.4341e-18 1.02466e-18 4.31174e-19 1.81369e-19 7.62642e-20 3.20574e-20 1.34707e-20 5.6587e-21 2.37633e-21 9.97627e-22 4.18702e-22 1.75679e-22 7.36917e-23 3.09032e-23 1.29562e-23 5.43061e-24 2.2757e-24 9.53412e-25 3.99347e-25 1.67234e-25 7.0018e-26 2.93092e-26 1.22663e-26 5.13261e-27 2.14724e-27 8.98142e-28 3.75605e-28 1.57052e-28 6.56569e-29 2.74439e-29 1.14695e-29 4.7926e-30 2.00232e-30 8.36433e-31 3.49354e-31 1.45894e-31 6.09187e-32 2.54334e-32 1.0617e-32 4.4314e-33 1.84938e-33 7.71716e-34 3.21986e-34 1.34327e-34 5.60327e-35 2.33706e-35 9.74652e-36 4.06427e-36 1.69461e-36 7.06496e-37 2.94514e-37 1.22761e-37 5.11647e-38 2.13226e-38 8.88521e-39
0.0451504 0.0236471 0.0131377 0.00696121 0.00356799 0.00178407 0.000875058 0.000422613 0.000201519 9.50702e-05 4.44435e-05 2.06132e-05 9.49476e-06 4.34689e-06 1.97934e-06 8.96916e-07 4.04651e-07 1.81837e-07 8.14166e-08 3.63331e-08 1.61647e-08 7.17154e-09 3.1734e-09 1.40084e-09 6.16982e-10 2.71171e-10 1.18949e-10 5.20804e-11 2.27633e-11 9.93312e-12 4.32779e-12 1.88284e-12 8.18017e-13 3.54929e-13 1.53809e-13 6.65745e-14 2.87836e-14 1.24313e-14 5.36346e-15 2.31178e-15 9.95506e-16 4.28303e-16 1.84113e-16 7.90793e-17 3.39388e-17 1.45546e-17 6.23717e-18 2.67097e-18 1.14303e-18 4.88835e-19 2.08927e-19 8.92404e-20 3.80956e-20 1.62533e-20 6.93062e-21 2.95374e-21 1.2582e-21 5.35686e-22 2.27962e-22 9.69644e-23 4.12255e-23 1.75198e-23 7.44229e-24 3.16013e-24 1.34131e-24 5.69092e-25 2.41363e-25 1.02329e-25 4.33682e-26 1.83735e-26 7.7815e-27 3.29451e-27 1.39437e-27 5.89967e-28 2.49542e-28 1.05519e-28 4.46054e-29 1.88505e-29 7.96407e-30 3.36379e-30 1.42039e-30 5.99617e-31 2.53063e-31 1.06777e-31 4.5042e-32 1.89957e-32 8.00926e-33 3.37622e-33 1.42289e-33 5.99539e-34 2.52564e-34 1.06373e-34 4.47926e-35 1.88578e-35 7.93765e-36 3.34047e-36 1.40554e-36 5.91282e-37 2.48696e-37 1.04584e-37 4.39728e-38
0.0186334 0.0114029 0.00696121 0.00398646 0.00218552 0.00116044 0.000601138 0.000305319 0.000152578 7.52179e-05 3.66529e-05 1.7682e-05 8.45545e-06 4.01203e-06 1.89052e-06 8.8531e-07 4.12255e-07 1.90993e-07 8.80724e-08 4.04391e-08 1.84948e-08 8.42777e-09 3.82741e-09 1.73273e-09 7.82128e-10 3.52072e-10 1.58076e-10 7.08021e-11 3.16399e-11 1.41088e-11 6.27855e-12 2.78864e-12 1.23632e-12 5.4716e-13 2.41758e-13 1.06651e-13 4.69783e-14 2.06637e-14 9.0766e-15 3.98171e-15 1.74451e-15 7.634e-16 3.33681e-16 1.4569e-16 6.35423e-17 2.76855e-17 1.20507e-17 5.24036e-18 2.27673e-18 9.88271e-19 4.28618e-19 1.85741e-19 8.0426e-20 3.47977e-20 1.50446e-20 6.49976e-21 2.80614e-21 1.21067e-21 5.21983e-22 2.24911e-22 9.68486e-23 4.16788e-23 1.7926e-23 7.70554e-24 3.31042e-24 1.42144e-24 6.10025e-25 2.61664e-25 1.12183e-25 4.80725e-26 2.05903e-26 8.81512e-27 3.77224e-27 1.61354e-27 6.89884e-28 2.94843e-28 1.25959e-28 5.3789e-29 2.29609e-29 9.79763e-30 4.17918e-30 1.78198e-30 7.59559e-31 3.23645e-31 1.37857e-31 5.87008e-32 2.49872e-32 1.06329e-32 4.52327e-33 1.92362e-33 8.17817e-34 3.47588e-34 1.47689e-34 6.2735e-35 2.6641e-35 1.13103e-35 4.80044e-36 2.03692e-36 8.64086e-37 3.66463e-37 1.5538e-37
0.00768989 0.00538433 0.00356799 0.00218552 0.00127008 0.000710406 0.000385874 0.000204754 0.000106584 5.45973e-05 2.75862e-05 1.37738e-05 6.80612e-06 3.33234e-06 1.6182e-06 7.80029e-07 3.73499e-07 1.77758e-07 8.41313e-08 3.96159e-08 1.85668e-08 8.66392e-09 4.02656e-09 1.8643e-09 8.60142e-10 3.95541e-10 1.81329e-10 8.28855e-11 3.77831e-11 1.71786e-11 7.79137e-12 3.52556e-12 1.59178e-12 7.17177e-13 3.22478e-13 1.44726e-13 6.48338e-14 2.89936e-14 1.29443e-14 5.76985e-15 2.56795e-15 1.14123e-15 5.06461e-16 2.24457e-16 9.93465e-17 4.39166e-17 1.93901e-17 8.55117e-18 3.76689e-18 1.65756e-18 7.28616e-19 3.19954e-19 1.40363e-19 6.15181e-20 2.69373e-20 1.17847e-20 5.15119e-21 2.24974e-21 9.81758e-22 4.28088e-22 1.86521e-22 8.12081e-23 3.5331e-23 1.53605e-23 6.67356e-24 2.89747e-24 1.25718e-24 5.45133e-25 2.36232e-25 1.02309e-25 4.42824e-26 1.91559e-26 8.2819e-27 3.57866e-27 1.54554e-27 6.67135e-28 2.87824e-28 1.24115e-28 5.34947e-29 2.30457e-29 9.9236e-30 4.27121e-30 1.83755e-30 7.90202e-31 3.39666e-31 1.45944e-31 6.26818e-32 2.69106e-32 1.15488e-32 4.95428e-33 2.12453e-33 9.10717e-34 3.90254e-34 1.67169e-34 7.15838e-35 3.06425e-35 1.31126e-35 5.6093e-36 2.39877e-36 1.02549e-36 4.38267e-37
0.00317358 0.00250206 0.00178407 0.00116044 0.000710406 0.000416286 0.000235918 0.000130191 7.02976e-05 3.72709e-05 1.94551e-05 1.00194e-05 5.09937e-06 2.56832e-06 1.28153e-06 6.34102e-07 3.11379e-07 1.5185e-07 7.35848e-08 3.54514e-08 1.69882e-08 8.10022e-09 3.84448e-09 1.8168e-09 8.55112e-10 4.00957e-10 1.8734e-10 8.72393e-11 4.0497e-11 1.8743e-11 8.65021e-12 3.98155e-12 1.82798e-12 8.3722e-13 3.82565e-13 1.74428e-13 7.9362e-14 3.6036e-14 1.63314e-14 7.38773e-15 3.33602e-15 1.50387e-15 6.76832e-16 3.04138e-16 1.36459e-16 6.11368e-17 2.73522e-17 1.22207e-17 5.4529e-18 2.43003e-18 1.0816e-18 4.80845e-19 2.13524e-19 9.47129e-20 4.19666e-20 1.85758e-20 8.21392e-21 3.62851e-21 1.60137e-21 7.06083e-22 3.11048e-22 1.36905e-22 6.02066e-23 2.6455e-23 1.16151e-23 5.09562e-24 2.23377e-24 9.78492e-25 4.28312e-25 1.87351e-25 8.1894e-26 3.5773e-26 1.56161e-26 6.81255e-27 2.97013e-27 1.29412e-27 5.63525e-28 2.45243e-28 1.06668e-28 4.63686e-29 2.01455e-29 8.74779e-30 3.79656e-30 1.64687e-30 7.14019e-31 3.09418e-31 1.34021e-31 5.80219e-32 2.51079e-32 1.086e-32 4.69524e-33 2.02906e-33 8.76484e-34 3.78452e-34 1.63342e-34 7.04708e-35 3.03911e-35 1.31013e-35 5.64567e-36 2.43194e-36 1.0472e-36
0.00130972 0.00114813 0.000875058 0.000601138 0.000385874 0.000235918 0.00013898 7.9494e-05 4.43845e-05 2.42853e-05 1.30606e-05 6.91976e-06 3.61855e-06 1.87044e-06 9.5688e-07 4.84983e-07 2.43743e-07 1.21563e-07 6.02023e-08 2.96222e-08 1.44886e-08 7.04742e-09 3.41034e-09 1.6424e-09 7.87427e-10 3.75933e-10 1.78768e-10 8.46935e-11 3.99834e-11 1.88132e-11 8.82415e-12 4.12651e-12 1.92422e-12 8.94851e-13 4.15072e-13 1.92055e-13 8.86549e-14 4.0832e-14 1.87655e-14 8.6064e-15 3.9393e-15 1.79964e-15 8.20648e-16 3.73559e-16 1.69755e-16 7.7015e-17 3.48851e-17 1.57776e-17 7.12526e-18 3.21323e-18 1.44705e-18 6.50797e-19 2.92312e-19 1.3113e-19 5.87534e-20 2.62936e-20 1.17536e-20 5.24822e-21 2.3409e-21 1.04304e-21 4.64274e-22 2.06452e-22 9.17156e-23 4.07062e-23 1.80502e-23 7.9968e-24 3.53976e-24 1.56554e-24 6.91823e-25 3.05476e-25 1.34778e-25 5.9419e-26 2.61763e-26 1.15232e-26 5.06906e-27 2.22833e-27 9.78889e-28 4.29733e-28 1.88529e-28 8.26575e-29 3.62171e-29 1.58591e-29 6.9404e-30 3.03553e-30 1.32689e-30 5.79683e-31 2.53108e-31 1.10455e-31 4.81766e-32 2.10019e-32 9.15084e-33 3.98515e-33 1.73466e-33 7.54704e-34 3.28195e-34 1.42654e-34 6.19784e-35 2.69154e-35 1.16834e-35 5.06932e-36 2.1986e-36
0.000540515 0.000521514 0.000422613 0.000305319 0.000204754 0.000130191 7.9494e-05 4.70029e-05 2.70702e-05 1.52507e-05 8.43188e-06 4.58662e-06 2.45962e-06 1.30244e-06 6.8194e-07 3.53448e-07 1.81514e-07 9.2439e-08 4.6716e-08 2.34428e-08 1.16874e-08 5.79162e-09 2.85389e-09 1.39892e-09 6.82363e-10 3.3131e-10 1.60166e-10 7.71137e-11 3.69842e-11 1.76731e-11 8.41605e-12 3.99462e-12 1.8901e-12 8.91665e-13 4.19455e-13 1.96785e-13 9.20819e-14 4.29812e-14 2.00148e-14 9.29896e-15 4.31089e-15 1.99428e-15 9.20718e-16 4.2425e-16 1.9512e-16 8.9577e-17 4.10519e-17 1.87818e-17 8.57896e-18 3.91244e-18 1.78156e-18 8.10047e-19 3.67791e-19 1.66759e-19 7.55083e-20 3.41456e-20 1.54214e-20 6.95634e-21 3.13414e-21 1.41043e-21 6.3401e-22 2.84684e-22 1.27693e-22 5.72158e-23 2.5611e-23 1.14527e-23 5.11646e-24 2.28362e-24 1.01831e-24 4.53679e-25 2.01947e-25 8.98167e-26 3.9913e-26 1.77222e-26 7.86279e-27 3.48576e-27 1.54415e-27 6.83528e-28 3.02349e-28 1.33644e-28 5.90324e-29 2.60576e-29 1.14944e-29 5.06706e-30 2.23227e-30 9.82795e-31 4.32426e-31 1.90151e-31 8.35657e-32 3.67033e-32 1.61114e-32 7.06837e-33 3.09932e-33 1.35825e-33 5.94926e-34 2.60448e-34 1.13961e-34 4.98395e-35 2.1786e-35 9.51854e-36 4.15678e-36
0.000223068 0.000234905 0.000201519 0.000152578 0.000106584 7.02976e-05 4.43845e-05 2.70702e-05 1.60493e-05 9.29243e-06 5.27253e-06 2.93972e-06 1.61409e-06 8.74271e-07 4.67833e-07 2.47621e-07 1.29772e-07 6.7399e-08 3.47163e-08 1.77463e-08 9.00793e-09 4.54265e-09 2.27697e-09 1.13486e-09 5.62631e-10 2.7755e-10 1.36278e-10 6.6618e-11 3.24299e-11 1.57248e-11 7.5962e-12 3.65649e-12 1.75414e-12 8.38807e-13 3.99877e-13 1.90071e-13 9.00917e-14 4.25879e-14 2.00803e-14 9.4445e-15 4.43157e-15 2.07465e-15 9.69121e-16 4.51745e-16 2.10147e-16 9.75663e-17 4.52119e-17 2.09127e-17 9.656e-18 4.45083e-18 2.04816e-18 9.41003e-19 4.3166e-19 1.97714e-19 9.0427e-20 4.12993e-20 1.88359e-20 8.57928e-21 3.90256e-21 1.77295e-21 8.04473e-22 3.6459e-22 1.65041e-22 7.4625e-23 3.37052e-23 1.52069e-23 6.85373e-24 3.0858e-24 1.38795e-24 6.2367e-25 2.79976e-25 1.25569e-25 5.62664e-26 2.519e-26 1.12676e-26 5.03573e-27 2.24871e-27 1.00334e-27 4.47323e-28 1.99275e-28 8.8706e-29 3.94574e-29 1.75382e-29 7.78988e-30 3.45757e-30 1.53359e-30 6.79762e-31 3.01103e-31 1.33288e-31 5.89643e-32 2.60685e-32 1.1518e-32 5.08596e-33 2.24447e-33 9.89922e-34 4.36355e-34 1.92236e-34 8.46432e-35 3.72488e-35 1.63833e-35 7.20218e-36
9.20591e-05 0.000105066 9.50702e-05 7.52179e-05 5.45973e-05 3.72709e-05 2.42853e-05 1.52507e-05 9.29243e-06 5.52073e-06 3.20999e-06 1.83191e-06 1.02849e-06 5.69121e-07 3.10873e-07 1.67841e-07 8.96646e-08 4.74417e-08 2.48809e-08 1.29432e-08 6.68273e-09 3.42642e-09 1.74546e-09 8.83787e-10 4.44961e-10 2.22836e-10 1.11038e-10 5.50689e-11 2.71896e-11 1.33679e-11 6.54609e-12 3.19335e-12 1.55217e-12 7.51849e-13 3.62988e-13 1.74697e-13 8.3825e-14 4.01059e-14 1.91356e-14 9.10595e-15 4.32216e-15 2.04651e-15 9.6672e-16 4.5562e-16 2.14266e-16 1.00551e-16 4.70906e-17 2.20104e-17 1.02682e-17 4.78143e-18 2.22253e-18 1.03131e-18 4.77751e-19 2.20958e-19 1.02031e-19 4.70428e-20 2.16575e-20 9.95627e-21 4.57063e-21 2.09538e-21 9.59339e-22 4.38653e-22 2.0032e-22 9.13678e-23 4.16241e-23 1.89404e-23 8.60878e-24 3.90852e-24 1.77261e-24 8.03074e-25 3.63455e-25 1.64326e-25 7.42227e-26 3.34926e-26 1.50991e-26 6.80072e-27 3.06033e-27 1.37593e-27 6.18092e-28 2.77423e-28 1.24415e-28 5.57508e-29 2.49623e-29 1.11681e-29 4.99282e-30 2.23042e-30 9.95656e-31 4.4414e-31 1.97981e-31 8.81917e-32 3.92588e-32 1.74645e-32 7.7641e-33 3.44943e-33 1.53154e-33 6.79583e-34 3.01364e-34 1.33561e-34 5.91579e-35 2.61875e-35 1.15859e-35
3.79923e-05 4.67118e-05 4.44435e-05 3.66529e-05 2.75862e-05 1.94551e-05 1.30606e-05 8.43188e-06 5.27253e-06 3.20999e-06 1.91022e-06 1.11451e-06 6.39098e-07 3.60901e-07 2.01028e-07 1.10601e-07 6.01734e-08 3.24054e-08 1.72889e-08 9.14485e-09 4.79876e-09 2.49961e-09 1.29309e-09 6.64654e-10 3.39586e-10 1.72524e-10 8.71851e-11 4.38385e-11 2.19387e-11 1.09299e-11 5.42219e-12 2.67901e-12 1.31857e-12 6.46602e-13 3.15973e-13 1.5389e-13 7.47103e-14 3.61592e-14 1.74493e-14 8.39681e-15 4.02969e-15 1.92884e-15 9.20937e-16 4.38646e-16 2.08442e-16 9.88277e-17 4.67551e-17 2.20733e-17 1.03998e-17 4.89021e-18 2.29512e-18 1.07518e-18 5.02786e-19 2.34711e-19 1.09383e-19 5.08935e-20 2.3642e-20 1.09657e-20 5.07853e-21 2.34859e-21 1.08458e-21 5.00165e-22 2.30347e-22 1.05945e-22 4.86662e-23 2.23271e-23 1.02308e-23 4.68243e-24 2.14058e-24 9.77462e-25 4.45851e-25 2.03147e-25 9.24645e-26 4.20428e-26 1.90972e-26 8.66604e-27 3.92874e-27 1.77941e-27 8.05186e-28 3.64019e-28 1.64425e-28 7.42052e-29 3.34604e-29 1.50753e-29 6.7865e-30 3.05265e-30 1.37204e-30 6.16203e-31 2.76535e-31 1.2401e-31 5.55704e-32 2.4884e-32 1.11351e-32 4.97927e-33 2.22507e-33 9.93649e-34 4.43443e-34 1.97771e-34 8.81484e-35 3.92641e-35 1.74788e-35
1.56792e-05 2.0661e-05 2.06132e-05 1.7682e-05 1.37738e-05 1.00194e-05 6.91976e-06 4.58662e-06 2.93972e-06 1.83191e-06 1.11451e-06 6.64113e-07 3.88585e-07 2.23729e-07 1.26967e-07 7.11238e-08 3.93752e-08 2.15657e-08 1.16957e-08 6.28567e-09 3.34991e-09 1.77147e-09 9.3001e-10 4.84953e-10 2.5128e-10 1.29428e-10 6.62928e-11 3.37758e-11 1.71227e-11 8.6394e-12 4.33953e-12 2.17044e-12 1.08115e-12 5.36468e-13 2.65212e-13 1.3065e-13 6.41438e-14 3.13902e-14 1.53138e-14 7.44862e-15 3.61263e-15 1.74733e-15 8.42891e-16 4.05562e-16 1.94658e-16 9.32078e-17 4.45281e-17 2.12251e-17 1.00956e-17 4.79196e-18 2.26996e-18 1.07319e-18 5.0642e-19 2.38533e-19 1.12154e-19 5.26413e-20 2.46666e-20 1.15394e-20 5.38974e-21 2.51351e-21 1.17041e-21 5.44205e-22 2.52677e-22 1.17156e-22 5.42471e-23 2.5085e-23 1.15848e-23 5.34342e-24 2.46159e-24 1.13264e-24 5.20544e-25 2.3896e-25 1.09574e-25 5.01897e-26 2.29645e-26 1.04965e-26 4.79275e-27 2.1862e-27 9.96253e-28 4.53556e-28 2.06292e-28 9.37419e-29 4.2559e-29 1.93048e-29 8.74901e-30 3.96172e-30 1.79244e-30 8.10306e-31 3.66019e-31 1.65202e-31 7.45056e-32 3.35762e-32 1.51199e-32 6.80376e-33 3.05938e-33 1.37471e-33 6.17284e-34 2.76988e-34 1.24207e-34 5.56598e-35 2.49261e-35
6.47075e-06 9.09754e-06 9.49476e-06 8.45545e-06 6.80612e-06 5.09937e-06 3.61855e-06 2.45962e-06 1.61409e-06 1.02849e-06 6.39098e-07 3.88585e-07 2.31804e-07 1.35961e-07 7.85497e-08 4.47675e-08 2.52012e-08 1.40278e-08 7.72812e-09 4.21726e-09 2.28123e-09 1.22395e-09 6.51711e-10 3.44559e-10 1.8096e-10 9.44472e-11 4.9005e-11 2.5286e-11 1.2979e-11 6.62892e-12 3.36973e-12 1.7053e-12 8.59314e-13 4.31256e-13 2.15591e-13 1.07378e-13 5.32909e-14 2.6358e-14 1.29943e-14 6.38605e-15 3.12897e-15 1.52866e-15 7.44744e-16 3.61855e-16 1.75362e-16 8.47709e-17 4.08797e-17 1.96676e-17 9.44092e-18 4.52194e-18 2.1613e-18 1.03089e-18 4.9073e-19 2.33149e-19 1.10563e-19 5.23352e-20 2.47291e-20 1.16648e-20 5.49308e-21 2.58255e-21 1.21225e-21 5.6815e-22 2.65877e-22 1.2424e-22 5.79726e-23 2.70133e-23 1.25701e-23 5.84153e-24 2.71112e-24 1.25667e-24 5.81778e-25 2.69009e-25 1.24241e-25 5.73135e-26 2.64095e-26 1.21558e-26 5.58899e-27 2.56699e-27 1.17778e-27 5.39838e-28 2.47189e-28 1.13076e-28 5.1677e-29 2.35948e-29 1.0763e-29 4.90526e-30 2.2336e-30 1.01618e-30 4.6192e-31 2.09797e-31 9.52082e-32 4.31717e-32 1.95605e-32 8.85571e-33 4.00622e-33 1.811e-33 8.18056e-34 3.6926e-34 1.6656e-34 7.50765e-35 3.38173e-35
2.67044e-06 3.9901e-06 4.34689e-06 4.01203e-06 3.33234e-06 2.56832e-06 1.87044e-06 1.30244e-06 8.74271e-07 5.69121e-07 3.60901e-07 2.23729e-07 1.35961e-07 8.11802e-08 4.77134e-08 2.76479e-08 1.58158e-08 8.94162e-09 5.00108e-09 2.7695e-09 1.51968e-09 8.26804e-10 4.46278e-10 2.39105e-10 1.27219e-10 6.72484e-11 3.53299e-11 1.84537e-11 9.58608e-12 4.95385e-12 2.54743e-12 1.30384e-12 6.64369e-13 3.37089e-13 1.70339e-13 8.57429e-14 4.29997e-14 2.14875e-14 1.07009e-14 5.31164e-15 2.62825e-15 1.29654e-15 6.37726e-16 3.12794e-16 1.53004e-16 7.4646e-17 3.63253e-17 1.76339e-17 8.53995e-18 4.12636e-18 1.98935e-18 9.57022e-19 4.59435e-19 2.20113e-19 1.05248e-19 5.02283e-20 2.39264e-20 1.13768e-20 5.40012e-21 2.55883e-21 1.21048e-21 5.71701e-22 2.69584e-22 1.26926e-22 5.96699e-23 2.80107e-23 1.31302e-23 6.14627e-24 2.87317e-24 1.34132e-24 6.25374e-25 2.91202e-25 1.35428e-25 6.29067e-26 2.91856e-26 1.35249e-26 6.26044e-27 2.89462e-27 1.33692e-27 6.16812e-28 2.8428e-28 1.30886e-28 6.02009e-29 2.76621e-29 1.26983e-29 5.82364e-30 2.66832e-30 1.22148e-30 5.58654e-31 2.55281e-31 1.16551e-31 5.31677e-32 2.42335e-32 1.10364e-32 5.02216e-33 2.28355e-33 1.03751e-33 4.7102e-34 2.13679e-34 9.68641e-35 4.38781e-35
1.10208e-06 1.74392e-06 1.97934e-06 1.89052e-06 1.6182e-06 1.28153e-06 9.5688e-07 6.8194e-07 4.67833e-07 3.10873e-07 2.01028e-07 1.26967e-07 7.85497e-08 4.77134e-08 2.85114e-08 1.67874e-08 9.75287e-09 5.59725e-09 3.17651e-09 1.7842e-09 9.92635e-10 5.47375e-10 2.99359e-10 1.62461e-10 8.75312e-11 4.6841e-11 2.49064e-11 1.31635e-11 6.91752e-12 3.61559e-12 1.88008e-12 9.72867e-13 5.01083e-13 2.56945e-13 1.31199e-13 6.67208e-14 3.37994e-14 1.70586e-14 8.57882e-15 4.29958e-15 2.1478e-15 1.06952e-15 5.30953e-16 2.62813e-16 1.2972e-16 6.38521e-17 3.13469e-17 1.53498e-17 7.49787e-18 3.65368e-18 1.7763e-18 8.61635e-19 4.17045e-19 2.0143e-19 9.70891e-20 4.67035e-20 2.24226e-20 1.07449e-20 5.13951e-21 2.45394e-21 1.16964e-21 5.56548e-22 2.64385e-22 1.25392e-22 5.93777e-23 2.80744e-23 1.32541e-23 6.24817e-24 2.94129e-24 1.38267e-24 6.49095e-25 3.04313e-25 1.42484e-25 6.66289e-26 3.11184e-26 1.45158e-26 6.76316e-27 3.14739e-27 1.46304e-27 6.79318e-28 3.15075e-28 1.45978e-28 6.75624e-29 3.12372e-29 1.44278e-29 6.65724e-30 3.06878e-30 1.41325e-30 6.5023e-31 2.98891e-31 1.37267e-31 6.2984e-32 2.88746e-32 1.3226e-32 6.05305e-33 2.76796e-33 1.26471e-33 5.77396e-34 2.63399e-34 1.20065e-34 5.46876e-35
4.54823e-07 7.59832e-07 8.96916e-07 8.8531e-07 7.80029e-07 6.34102e-07 4.84983e-07 3.53448e-07 2.47621e-07 1.67841e-07 1.10601e-07 7.11238e-08 4.47675e-08 2.76479e-08 1.67874e-08 1.00382e-08 5.91971e-09 3.447e-09 1.98397e-09 1.12974e-09 6.36973e-10 3.55852e-10 1.97104e-10 1.08304e-10 5.90652e-11 3.19857e-11 1.72067e-11 9.19842e-12 4.88826e-12 2.58318e-12 1.35781e-12 7.10098e-13 3.69573e-13 1.91461e-13 9.87529e-14 5.07215e-14 2.59468e-14 1.32221e-14 6.71283e-15 3.39598e-15 1.71214e-15 8.60367e-16 4.30973e-16 2.15223e-16 1.07163e-16 5.32064e-17 2.63444e-17 1.30094e-17 6.40776e-18 3.14827e-18 1.54309e-18 7.54554e-19 3.68133e-19 1.79209e-19 8.70538e-20 4.21999e-20 2.04154e-20 9.8571e-21 4.75019e-21 2.28488e-21 1.09706e-21 5.25811e-22 2.51583e-22 1.20172e-22 5.73083e-23 2.72858e-23 1.29712e-23 6.1569e-24 2.91809e-24 1.38104e-24 6.52674e-25 3.08024e-25 1.45172e-25 6.83294e-26 3.21194e-26 1.50791e-26 7.07039e-27 3.31118e-27 1.54883e-27 7.23633e-28 3.37703e-28 1.57422e-28 7.33019e-29 3.40956e-29 1.58424e-29 7.35348e-30 3.40975e-30 1.57949e-30 7.30949e-31 3.37938e-31 1.5609e-31 7.20297e-32 3.32086e-32 1.52968e-32 7.03988e-33 3.23709e-33 1.48722e-33 6.82699e-34 3.13131e-34 1.43507e-34 6.5716e-35
1.87703e-07 3.30138e-07 4.04651e-07 4.12255e-07 3.73499e-07 3.11379e-07 2.43743e-07 1.81514e-07 1.29772e-07 8.96646e-08 6.01734e-08 3.93752e-08 2.52012e-08 1.58158e-08 9.75287e-09 5.91971e-09 3.54186e-09 2.09156e-09 1.22037e-09 7.04207e-10 4.02216e-10 2.27554e-10 1.27603e-10 7.09634e-11 3.91593e-11 2.14519e-11 1.1671e-11 6.30858e-12 3.38913e-12 1.81016e-12 9.61494e-13 5.08035e-13 2.67096e-13 1.39755e-13 7.27927e-14 3.77498e-14 1.94952e-14 1.00278e-14 5.1382e-15 2.62311e-15 1.33438e-15 6.76491e-16 3.41834e-16 1.72183e-16 8.64646e-17 4.32915e-17 2.16136e-17 1.0761e-17 5.34337e-18 2.64641e-18 1.3074e-18 6.44325e-19 3.16795e-19 1.55402e-19 7.60627e-20 3.71491e-20 1.81056e-20 8.80628e-21 4.27473e-21 2.07103e-21 1.00149e-21 4.83402e-22 2.32914e-22 1.12028e-22 5.3792e-23 2.57863e-23 1.23412e-23 5.89712e-24 2.81353e-24 1.34032e-24 6.37565e-25 3.02841e-25 1.43646e-25 6.80412e-26 3.21859e-26 1.52049e-26 7.1737e-27 3.38027e-27 1.59082e-27 7.4776e-28 3.51064e-28 1.64628e-28 7.71124e-29 3.60792e-29 1.68621e-29 7.87221e-30 3.67131e-30 1.71038e-30 7.96018e-31 3.70097e-31 1.71902e-31 7.97676e-32 3.69793e-32 1.71271e-32 7.92523e-33 3.66393e-33 1.69238e-33 7.81031e-34 3.60136e-34 1.6592e-34 7.63781e-35
7.74641e-08 1.4308e-07 1.81837e-07 1.90993e-07 1.77758e-07 1.5185e-07 1.21563e-07 9.2439e-08 6.7399e-08 4.74417e-08 3.24054e-08 2.15657e-08 1.40278e-08 8.94162e-09 5.59725e-09 3.447e-09 2.09156e-09 1.25207e-09 7.40284e-10 4.32716e-10 2.50273e-10 1.43337e-10 8.13437e-11 4.57693e-11 2.5547e-11 1.41524e-11 7.78459e-12 4.25333e-12 2.30923e-12 1.24622e-12 6.68715e-13 3.56886e-13 1.89484e-13 1.00109e-13 5.26411e-14 2.75563e-14 1.43629e-14 7.45531e-15 3.85448e-15 1.98522e-15 1.01872e-15 5.20921e-16 2.65467e-16 1.34841e-16 6.8275e-17 3.44645e-17 1.7346e-17 8.70537e-18 4.35686e-18 2.17469e-18 1.08266e-18 5.37647e-19 2.66343e-19 1.3163e-19 6.49042e-20 3.19314e-20 1.56754e-20 7.67898e-21 3.754e-21 1.83153e-21 8.91845e-22 4.3345e-22 2.10273e-22 1.01823e-22 4.92199e-23 2.37515e-23 1.14422e-23 5.50327e-24 2.64263e-24 1.26699e-24 6.06518e-25 2.89912e-25 1.38374e-25 6.59511e-26 3.13893e-26 1.49192e-26 7.08157e-27 3.35693e-27 1.58926e-27 7.51452e-28 3.54871e-28 1.67384e-28 7.88574e-29 3.71077e-29 1.74417e-29 8.18896e-30 3.84051e-30 1.79921e-30 8.42001e-31 3.93633e-31 1.83834e-31 8.57679e-32 3.99756e-32 1.86141e-32 8.65919e-33 4.02443e-33 1.86867e-33 8.66892e-34 4.01801e-34 1.8607e-34 8.6093e-35
3.19691e-08 6.18688e-08 8.14166e-08 8.80724e-08 8.41313e-08 7.35848e-08 6.02023e-08 4.6716e-08 3.47163e-08 2.48809e-08 1.72889e-08 1.16957e-08 7.72812e-09 5.00108e-09 3.17651e-09 1.98397e-09 1.22037e-09 7.40284e-10 4.43359e-10 2.62421e-10 1.53642e-10 8.90477e-11 5.11257e-11 2.90954e-11 1.64217e-11 9.19682e-12 5.11301e-12 2.82302e-12 1.54849e-12 8.44137e-13 4.57467e-13 2.46533e-13 1.32152e-13 7.04791e-14 3.74057e-14 1.97604e-14 1.03925e-14 5.44237e-15 2.83843e-15 1.47455e-15 7.63122e-16 3.93502e-16 2.02197e-16 1.03546e-16 5.28531e-17 2.68929e-17 1.36421e-17 6.8999e-18 3.47988e-18 1.75019e-18 8.77894e-19 4.39208e-19 2.19182e-19 1.09113e-19 5.41894e-20 2.68504e-20 1.32743e-20 6.54823e-21 3.2234e-21 1.58345e-21 7.76283e-22 3.79825e-22 1.85488e-22 9.04141e-23 4.39913e-23 2.13661e-23 1.03593e-23 5.01419e-24 2.42299e-24 1.16896e-24 5.63072e-25 2.70804e-25 1.30044e-25 6.23567e-26 2.98571e-26 1.42757e-26 6.8162e-27 3.25011e-27 1.54766e-27 7.36017e-28 3.49578e-28 1.65827e-28 7.85659e-29 3.71782e-29 1.75723e-29 8.29595e-30 3.91209e-30 1.84274e-30 8.6705e-31 4.07526e-31 1.91341e-31 8.97443e-32 4.20496e-32 1.96826e-32 9.2039e-33 4.29972e-33 2.00676e-33 9.3571e-34 4.359e-34 2.02879e-34 9.43409e-35
1.31935e-08 2.66969e-08 3.63331e-08 4.04391e-08 3.96159e-08 3.54514e-08 2.96222e-08 2.34428e-08 1.77463e-08 1.29432e-08 9.14485e-09 6.28567e-09 4.21726e-09 2.7695e-09 1.7842e-09 1.12974e-09 7.04207e-10 4.32716e-10 2.62421e-10 1.5723e-10 9.31548e-11 5.46201e-11 3.17164e-11 1.82506e-11 1.04129e-11 5.89384e-12 3.31094e-12 1.84677e-12 1.02318e-12 5.63277e-13 3.08218e-13 1.67684e-13 9.07277e-14 4.8833e-14 2.61525e-14 1.3939e-14 7.3954e-15 3.90644e-15 2.05479e-15 1.07645e-15 5.61727e-16 2.92029e-16 1.51271e-16 7.80858e-17 4.01721e-17 2.05999e-17 1.05303e-17 5.36656e-18 2.72692e-18 1.3817e-18 6.98155e-19 3.51827e-19 1.76838e-19 8.86602e-20 4.43422e-20 2.21244e-20 1.10133e-20 5.47003e-21 2.71087e-21 1.3406e-21 6.6159e-22 3.25835e-22 1.60159e-22 7.85716e-23 3.84739e-23 1.88048e-23 9.17479e-24 4.46852e-24 2.17265e-24 1.05461e-24 5.11073e-25 2.47276e-25 1.19455e-25 5.76188e-26 2.77507e-26 1.3346e-26 6.40918e-27 3.07359e-27 1.47195e-27 7.03972e-28 3.36235e-28 1.60387e-28 7.6409e-29 3.63562e-29 1.72775e-29 8.20096e-30 3.88809e-30 1.84122e-30 8.70932e-31 4.11508e-31 1.94221e-31 9.15688e-32 4.31261e-32 2.029e-32 9.53632e-33 4.47758e-33 2.10028e-33 9.84216e-34 4.60775e-34 2.15516e-34 1.00709e-34
5.44488e-09 1.1498e-08 1.61647e-08 1.84948e-08 1.85668e-08 1.69882e-08 1.44886e-08 1.16874e-08 9.00793e-09 6.68273e-09 4.79876e-09 3.34991e-09 2.28123e-09 1.51968e-09 9.92635e-10 6.36973e-10 4.02216e-10 2.50273e-10 1.53642e-10 9.31548e-11 5.58345e-11 3.31098e-11 1.94394e-11 1.13073e-11 6.51993e-12 3.72872e-12 2.11599e-12 1.19205e-12 6.66916e-13 3.70681e-13 2.04751e-13 1.12429e-13 6.13873e-14 3.33381e-14 1.80123e-14 9.68411e-15 5.18207e-15 2.76047e-15 1.46413e-15 7.73329e-16 4.06825e-16 2.13193e-16 1.11307e-16 5.7905e-17 3.00196e-17 1.5511e-17 7.98861e-18 4.10151e-18 2.09943e-18 1.07148e-18 5.453e-19 2.7675e-19 1.40081e-19 7.07202e-20 3.56133e-20 1.78902e-20 8.96571e-21 4.48277e-21 2.23629e-21 1.11316e-21 5.52911e-22 2.74061e-22 1.35568e-22 6.69278e-23 3.29773e-23 1.62182e-23 7.96144e-24 3.90119e-24 1.90827e-24 9.31827e-25 4.54257e-25 2.21082e-25 1.07425e-25 5.21168e-26 2.52453e-26 1.22103e-26 5.89704e-27 2.84389e-27 1.36954e-27 6.58622e-28 3.16305e-28 1.51703e-28 7.26636e-29 3.47601e-29 1.66073e-29 7.92461e-30 3.77686e-30 1.79791e-30 8.5486e-31 4.05998e-31 1.92603e-31 9.12683e-32 4.3202e-32 2.04279e-32 9.64906e-33 4.553e-33 2.14619e-33 1.01066e-33 4.75457e-34 2.23459e-34 1.04923e-34
2.24707e-09 4.94342e-09 7.17154e-09 8.42777e-09 8.66392e-09 8.10022e-09 7.04742e-09 5.79162e-09 4.54265e-09 3.42642e-09 2.49961e-09 1.77147e-09 1.22395e-09 8.26804e-10 5.47375e-10 3.55852e-10 2.27554e-10 1.43337e-10 8.90477e-11 5.46201e-11 3.31098e-11 1.98518e-11 1.17815e-11 6.92556e-12 4.03474e-12 2.33086e-12 1.33589e-12 7.59916e-13 4.29221e-13 2.40809e-13 1.34243e-13 7.43822e-14 4.09762e-14 2.24488e-14 1.22338e-14 6.63342e-15 3.5794e-15 1.92251e-15 1.028e-15 5.47338e-16 2.90223e-16 1.5328e-16 8.06454e-17 4.2274e-17 2.20812e-17 1.14942e-17 5.96341e-18 3.08399e-18 1.58994e-18 8.17226e-19 4.18826e-19 2.14041e-19 1.09085e-19 5.54466e-20 2.81099e-20 1.42151e-20 7.17093e-21 3.60884e-21 1.81197e-21 9.07727e-22 4.53736e-22 2.26319e-22 1.1265e-22 5.59569e-23 2.77405e-23 1.37256e-23 6.77836e-24 3.34129e-24 1.64406e-24 8.07523e-25 3.9595e-25 1.93817e-25 9.47164e-26 4.62121e-26 2.25112e-26 1.09488e-26 5.31714e-27 2.57835e-27 1.24845e-27 6.03647e-28 2.91464e-28 1.40537e-28 6.76724e-29 3.25431e-29 1.56294e-29 7.49677e-30 3.59139e-30 1.71838e-30 8.21208e-31 3.91989e-31 1.86891e-31 8.90038e-32 4.23391e-32 2.01185e-32 9.54943e-33 4.52791e-33 2.14468e-33 1.0148e-33 4.79685e-34 2.26516e-34 1.0686e-34
9.27357e-10 2.12194e-09 3.1734e-09 3.82741e-09 4.02656e-09 3.84448e-09 3.41034e-09 2.85389e-09 2.27697e-09 1.74546e-09 1.29309e-09 9.3001e-10 6.51711e-10 4.46278e-10 2.99359e-10 1.97104e-10 1.27603e-10 8.13437e-11 5.11257e-11 3.17164e-11 1.94394e-11 1.17815e-11 7.06605e-12 4.19661e-12 2.46964e-12 1.44086e-12 8.33825e-13 4.78842e-13 2.72993e-13 1.54567e-13 8.6944e-14 4.86022e-14 2.70081e-14 1.49236e-14 8.20162e-15 4.48413e-15 2.43951e-15 1.32087e-15 7.11924e-16 3.82033e-16 2.04143e-16 1.08643e-16 5.7593e-17 3.04155e-17 1.60042e-17 8.39161e-18 4.38507e-18 2.28389e-18 1.18574e-18 6.13706e-19 3.16687e-19 1.62944e-19 8.3603e-20 4.27776e-20 2.18301e-20 1.11115e-20 5.64155e-21 2.85734e-21 1.44375e-21 7.27802e-22 3.66062e-22 1.83713e-22 9.20014e-23 4.59769e-23 2.29297e-23 1.14127e-23 5.6694e-24 2.81098e-24 1.39115e-24 6.87225e-25 3.38887e-25 1.66823e-25 8.19822e-26 4.02218e-26 1.97014e-26 9.63474e-27 4.70442e-27 2.29355e-27 1.1165e-27 5.42718e-28 2.63429e-28 1.27685e-28 6.18039e-29 2.98746e-29 1.44215e-29 6.95263e-30 3.34758e-30 1.60978e-30 7.7315e-31 3.7088e-31 1.77698e-31 8.50403e-32 4.06504e-32 1.94094e-32 9.25714e-33 4.41027e-33 2.09887e-33 9.97802e-34 4.73861e-34 2.24808e-34 1.06545e-34
3.82715e-10 9.09476e-10 1.40084e-09 1.73273e-09 1.8643e-09 1.8168e-09 1.6424e-09 1.39892e-09 1.13486e-09 8.83787e-10 6.64654e-10 4.84953e-10 3.44559e-10 2.39105e-10 1.62461e-10 1.08304e-10 7.09634e-11 4.57693e-11 2.90954e-11 1.82506e-11 1.13073e-11 6.92556e-12 4.19661e-12 2.51764e-12 1.49626e-12 8.81427e-13 5.14932e-13 2.98469e-13 1.71718e-13 9.81003e-14 5.56689e-14 3.13896e-14 1.75922e-14 9.80246e-15 5.4318e-15 2.99398e-15 1.64191e-15 8.96052e-16 4.86727e-16 2.632e-16 1.41713e-16 7.59841e-17 4.05783e-17 2.15865e-17 1.14406e-17 6.04156e-18 3.1793e-18 1.66743e-18 8.71657e-19 4.54221e-19 2.35969e-19 1.22222e-19 6.31234e-20 3.25096e-20 1.66974e-20 8.55337e-21 4.37024e-21 2.22733e-21 1.13241e-21 5.74371e-22 2.90653e-22 1.4675e-22 7.39305e-23 3.71654e-23 1.86442e-23 9.33387e-24 4.66351e-24 2.3255e-24 1.15743e-24 5.74992e-25 2.85127e-25 1.41138e-25 6.97414e-26 3.44031e-26 1.69426e-26 8.33014e-27 4.08912e-27 2.00413e-27 9.80744e-28 4.79216e-28 2.33811e-28 1.13912e-28 5.5419e-29 2.69241e-29 1.30627e-29 6.32904e-30 3.06248e-30 1.47995e-30 7.14277e-31 3.44307e-31 1.65765e-31 7.97107e-32 3.82848e-32 1.83667e-32 8.80111e-33 4.21266e-33 2.01416e-33 9.61965e-34 4.58944e-34 2.18727e-34 1.04134e-34
1.57945e-10 3.8927e-10 6.16982e-10 7.82128e-10 8.60142e-10 8.55112e-10 7.87427e-10 6.82363e-10 5.62631e-10 4.44961e-10 3.39586e-10 2.5128e-10 1.8096e-10 1.27219e-10 8.75312e-11 5.90652e-11 3.91593e-11 2.5547e-11 1.64217e-11 1.04129e-11 6.51993e-12 4.03474e-12 2.46964e-12 1.49626e-12 8.97865e-13 5.33942e-13 3.14834e-13 1.84153e-13 1.06899e-13 6.16075e-14 3.52629e-14 2.00526e-14 1.13325e-14 6.36652e-15 3.55647e-15 1.97597e-15 1.09216e-15 6.00659e-16 3.2877e-16 1.79126e-16 9.71636e-17 5.24806e-17 2.823e-17 1.51252e-17 8.07297e-18 4.29299e-18 2.27476e-18 1.20119e-18 6.32168e-19 3.31625e-19 1.73419e-19 9.04113e-20 4.69964e-20 2.43589e-20 1.25904e-20 6.49001e-21 3.3366e-21 1.71099e-21 8.75199e-22 4.4659e-22 2.27343e-22 1.15465e-22 5.85116e-23 2.95855e-23 1.49274e-23 7.51586e-24 3.77648e-24 1.89377e-24 9.47809e-25 4.73462e-25 2.3607e-25 1.17491e-25 5.83701e-26 2.8948e-26 1.4332e-26 7.08377e-27 3.49552e-27 1.72211e-27 8.47082e-28 4.16026e-28 2.04013e-28 9.98969e-29 4.88442e-29 2.38481e-29 1.16275e-29 5.66138e-30 2.75278e-30 1.33673e-30 6.48263e-31 3.13981e-31 1.51883e-31 7.33801e-32 3.54096e-32 1.70665e-32 8.21598e-33 3.95069e-33 1.89755e-33 9.10394e-34 4.36303e-34 2.08871e-34 9.98862e-35
6.5183e-11 1.664e-10 2.71171e-10 3.52072e-10 3.95541e-10 4.00957e-10 3.75933e-10 3.3131e-10 2.7755e-10 2.22836e-10 1.72524e-10 1.29428e-10 9.44472e-11 6.72484e-11 4.6841e-11 3.19857e-11 2.14519e-11 1.41524e-11 9.19682e-12 5.89384e-12 3.72872e-12 2.33086e-12 1.44086e-12 8.81427e-13 5.33942e-13 3.20478e-13 1.90691e-13 1.12537e-13 6.59004e-14 3.83071e-14 2.21122e-14 1.26792e-14 7.22426e-15 4.09133e-15 2.30368e-15 1.28995e-15 7.18484e-16 3.98154e-16 2.19564e-16 1.20512e-16 6.58472e-17 3.58222e-17 1.94064e-17 1.04708e-17 5.62751e-18 3.0131e-18 1.6074e-18 8.54481e-19 4.52683e-19 2.39027e-19 1.25807e-19 6.60098e-20 3.45302e-20 1.801e-20 9.36678e-21 4.85804e-21 2.51282e-21 1.29635e-21 6.67069e-22 3.42404e-22 1.7533e-22 8.95663e-23 4.56492e-23 2.32137e-23 1.17789e-23 5.96394e-24 3.01338e-24 1.51945e-24 7.64634e-25 3.84036e-25 1.92514e-25 9.63254e-26 4.8109e-26 2.39848e-26 1.19367e-26 5.93049e-27 2.94149e-27 1.45656e-27 7.20097e-28 3.5544e-28 1.75174e-28 8.62012e-29 4.23555e-29 2.07812e-29 1.01815e-29 4.98123e-30 2.43368e-30 1.18741e-30 5.78572e-31 2.81544e-31 1.36828e-31 6.64134e-32 3.21956e-32 1.55886e-32 7.53866e-33 3.6414e-33 1.75687e-33 8.46666e-34 4.07565e-34 1.95975e-34 9.41309e-35
2.69007e-11 7.10458e-11 1.18949e-10 1.58076e-10 1.81329e-10 1.8734e-10 1.78768e-10 1.60166e-10 1.36278e-10 1.11038e-10 8.71851e-11 6.62928e-11 4.9005e-11 3.53299e-11 2.49064e-11 1.72067e-11 1.1671e-11 7.78459e-12 5.11301e-12 3.31094e-12 2.11599e-12 1.33589e-12 8.33825e-13 5.14932e-13 3.14834e-13 1.90691e-13 1.14479e-13 6.81534e-14 4.02536e-14 2.3597e-14 1.37343e-14 7.93968e-15 4.56023e-15 2.60306e-15 1.47712e-15 8.33473e-16 4.67749e-16 2.61142e-16 1.45069e-16 8.02024e-17 4.41363e-17 2.41809e-17 1.31914e-17 7.16656e-18 3.87792e-18 2.09032e-18 1.12255e-18 6.00665e-19 3.20289e-19 1.70209e-19 9.01562e-20 4.76023e-20 2.50564e-20 1.31494e-20 6.88061e-21 3.59019e-21 1.86814e-21 9.6948e-22 5.01803e-22 2.59074e-22 1.33425e-22 6.85493e-23 3.51354e-23 1.79676e-23 9.16769e-24 4.66745e-24 2.37122e-24 1.20214e-24 6.0821e-25 3.07104e-25 1.54764e-25 7.78439e-26 3.90813e-26 1.95848e-26 9.79702e-27 4.89223e-27 2.43879e-27 1.2137e-27 6.03022e-28 2.99125e-28 1.48144e-28 7.32559e-29 3.61691e-29 1.78314e-29 8.77795e-30 4.31496e-30 2.1181e-30 1.03827e-30 5.0826e-31 2.48472e-31 1.2131e-31 5.91501e-32 2.88046e-32 1.40096e-32 6.80539e-33 3.30185e-33 1.60009e-33 7.74504e-34 3.74458e-34 1.80838e-34 8.72356e-35
1.11018e-11 3.02997e-11 5.20804e-11 7.08021e-11 8.28855e-11 8.72393e-11 8.46935e-11 7.71137e-11 6.6618e-11 5.50689e-11 4.38385e-11 3.37758e-11 2.5286e-11 1.84537e-11 1.31635e-11 9.19842e-12 6.30858e-12 4.25333e-12 2.82302e-12 1.84677e-12 1.19205e-12 7.59916e-13 4.78842e-13 2.98469e-13 1.84153e-13 1.12537e-13 6.81534e-14 4.09233e-14 2.4375e-14 1.44075e-14 8.45411e-15 4.92649e-15 2.85193e-15 1.64059e-15 9.38092e-16 5.33316e-16 3.01525e-16 1.69574e-16 9.48824e-17 5.28306e-17 2.92779e-17 1.6152e-17 8.8718e-18 4.85251e-18 2.64334e-18 1.43427e-18 7.75274e-19 4.17524e-19 2.24057e-19 1.19822e-19 6.38645e-20 3.39291e-20 1.79686e-20 9.48698e-21 4.994e-21 2.62128e-21 1.372e-21 7.16158e-22 3.72824e-22 1.93585e-22 1.00263e-22 5.18013e-23 2.6699e-23 1.37287e-23 7.04322e-24 3.6053e-24 1.84146e-24 9.38554e-25 4.77364e-25 2.42301e-25 1.22743e-25 6.20569e-26 3.13153e-26 1.57729e-26 7.92999e-27 3.97976e-27 1.99379e-27 9.97139e-28 4.97853e-28 2.48159e-28 1.23497e-28 6.13611e-29 3.04406e-29 1.50782e-29 7.45755e-30 3.68301e-30 1.81628e-30 8.94427e-31 4.39848e-31 2.16006e-31 1.05936e-31 5.18857e-32 2.53797e-32 1.23986e-32 6.04938e-33 2.9479e-33 1.43479e-33 6.97497e-34 3.38677e-34 1.64258e-34 7.95744e-35
4.58165e-12 1.29087e-11 2.27633e-11 3.16399e-11 3.77831e-11 4.0497e-11 3.99834e-11 3.69842e-11 3.24299e-11 2.71896e-11 2.19387e-11 1.71227e-11 1.2979e-11 9.58608e-12 6.91752e-12 4.88826e-12 3.38913e-12 2.30923e-12 1.54849e-12 1.02318e-12 6.66916e-13 4.29221e-13 2.72993e-13 1.71718e-13 1.06899e-13 6.59004e-14 4.02536e-14 2.4375e-14 1.46388e-14 8.72325e-15 5.15972e-15 3.03045e-15 1.76793e-15 1.02478e-15 5.90378e-16 3.38124e-16 1.92564e-16 1.09076e-16 6.1465e-17 3.44636e-17 1.92313e-17 1.06819e-17 5.90684e-18 3.25232e-18 1.78331e-18 9.73913e-19 5.2982e-19 2.87148e-19 1.55062e-19 8.34398e-20 4.47465e-20 2.3917e-20 1.27426e-20 6.76787e-21 3.58367e-21 1.89201e-21 9.9603e-22 5.22888e-22 2.73756e-22 1.42945e-22 7.4448e-23 3.86763e-23 2.00434e-23 1.03624e-23 5.3448e-24 2.75051e-24 1.4123e-24 7.23599e-25 3.69951e-25 1.8875e-25 9.61052e-26 4.88364e-26 2.47682e-26 1.25377e-26 6.33479e-27 3.19487e-27 1.60841e-27 8.0831e-28 4.05521e-28 2.03104e-28 1.01556e-28 5.06976e-29 2.52685e-29 1.25746e-29 6.24808e-30 3.09988e-30 1.53568e-30 7.59679e-31 3.75267e-31 1.85116e-31 9.11905e-32 4.48611e-32 2.20401e-32 1.08141e-32 5.29919e-33 2.59347e-33 1.26769e-33 6.18892e-34 3.01783e-34 1.46981e-34 7.15026e-35
1.89083e-12 5.49417e-12 9.93312e-12 1.41088e-11 1.71786e-11 1.8743e-11 1.88132e-11 1.76731e-11 1.57248e-11 1.33679e-11 1.09299e-11 8.6394e-12 6.62892e-12 4.95385e-12 3.61559e-12 2.58318e-12 1.81016e-12 1.24622e-12 8.44137e-13 5.63277e-13 3.70681e-13 2.40809e-13 1.54567e-13 9.81003e-14 6.16075e-14 3.83071e-14 2.3597e-14 1.44075e-14 8.72325e-15 5.23981e-15 3.12371e-15 1.84886e-15 1.08683e-15 6.34708e-16 3.6836e-16 2.12505e-16 1.21892e-16 6.95334e-17 3.94562e-17 2.22756e-17 1.25147e-17 6.9979e-18 3.89532e-18 2.15881e-18 1.19138e-18 6.54805e-19 3.58473e-19 1.95497e-19 1.06222e-19 5.75084e-20 3.10268e-20 1.66831e-20 8.94112e-21 4.77668e-21 2.544e-21 1.35083e-21 7.15181e-22 3.77568e-22 1.98779e-22 1.04369e-22 5.46554e-23 2.85483e-23 1.48744e-23 7.73111e-24 4.00875e-24 2.0738e-24 1.07038e-24 5.51245e-25 2.83277e-25 1.45263e-25 7.43363e-26 3.79634e-26 1.93494e-26 9.84297e-27 4.99757e-27 2.53269e-27 1.28119e-27 6.46946e-28 3.26108e-28 1.641e-28 8.24375e-29 4.1345e-29 2.07022e-29 1.03495e-29 5.16588e-30 2.57456e-30 1.28118e-30 6.3661e-31 3.15869e-31 1.56502e-31 7.74329e-32 3.82589e-32 1.88778e-32 9.30232e-33 4.57787e-33 2.24997e-33 1.10443e-33 5.41452e-34 2.65124e-34 1.29662e-34 6.33376e-35
7.80334e-13 2.33626e-12 4.32779e-12 6.27855e-12 7.79137e-12 8.65021e-12 8.82415e-12 8.41605e-12 7.5962e-12 6.54609e-12 5.42219e-12 4.33953e-12 3.36973e-12 2.54743e-12 1.88008e-12 1.35781e-12 9.61494e-13 6.68715e-13 4.57467e-13 3.08218e-13 2.04751e-13 1.34243e-13 8.6944e-14 5.56689e-14 3.52629e-14 2.21122e-14 1.37343e-14 8.45411e-15 5.15972e-15 3.12371e-15 1.87663e-15 1.1192e-15 6.62835e-16 3.89954e-16 2.27959e-16 1.32451e-16 7.65099e-17 4.39488e-17 2.51097e-17 1.42722e-17 8.07191e-18 4.5434e-18 2.54554e-18 1.41984e-18 7.88556e-19 4.36131e-19 2.40245e-19 1.31826e-19 7.20624e-20 3.92491e-20 2.13016e-20 1.15213e-20 6.21074e-21 3.33716e-21 1.78748e-21 9.54503e-22 5.08182e-22 2.69775e-22 1.4281e-22 7.53915e-23 3.96937e-23 2.08443e-23 1.09181e-23 5.70461e-24 2.97339e-24 1.54614e-24 8.02125e-25 4.15196e-25 2.1444e-25 1.10514e-25 5.68349e-26 2.91685e-26 1.49394e-26 7.63652e-27 3.89597e-27 1.98386e-27 1.00832e-27 5.11557e-28 2.59068e-28 1.30971e-28 6.6098e-29 3.33021e-29 1.67508e-29 8.41196e-30 4.21762e-30 2.11134e-30 1.05532e-30 5.2669e-31 2.62472e-31 1.30611e-31 6.49016e-32 3.22049e-32 1.59583e-32 7.89705e-33 3.90267e-33 1.92615e-33 9.49413e-34 4.67379e-34 2.29795e-34 1.12844e-34 5.53463e-35
3.2204e-13 9.92573e-13 1.88284e-12 2.78864e-12 3.52556e-12 3.98155e-12 4.12651e-12 3.99462e-12 3.65649e-12 3.19335e-12 2.67901e-12 2.17044e-12 1.7053e-12 1.30384e-12 9.72867e-13 7.10098e-13 5.08035e-13 3.56886e-13 2.46533e-13 1.67684e-13 1.12429e-13 7.43822e-14 4.86022e-14 3.13896e-14 2.00526e-14 1.26792e-14 7.93968e-15 4.92649e-15 3.03045e-15 1.84886e-15 1.1192e-15 6.72476e-16 4.01206e-16 2.37748e-16 1.39977e-16 8.19038e-17 4.76402e-17 2.7553e-17 1.58485e-17 9.06822e-18 5.16248e-18 2.92467e-18 1.64912e-18 9.25678e-19 5.17326e-19 2.87892e-19 1.59558e-19 8.80816e-20 4.8438e-20 2.65382e-20 1.44875e-20 7.88122e-21 4.27287e-21 2.30895e-21 1.2437e-21 6.67828e-22 3.57517e-22 1.9083e-22 1.01567e-22 5.39061e-23 2.85326e-23 1.50623e-23 7.93072e-24 4.1652e-24 2.18216e-24 1.14049e-24 5.94665e-25 3.09353e-25 1.60568e-25 8.3159e-26 4.29759e-26 2.21629e-26 1.14061e-26 5.85825e-27 3.00292e-27 1.53631e-27 7.845e-28 3.99853e-28 2.03432e-28 1.03315e-28 5.23776e-29 2.65085e-29 1.33935e-29 6.7559e-30 3.40228e-30 1.71067e-30 8.58782e-31 4.3046e-31 2.15441e-31 1.07667e-31 5.37281e-32 2.67732e-32 1.33226e-32 6.62027e-33 3.28528e-33 1.62813e-33 8.0581e-34 3.98304e-34 1.96627e-34 9.69455e-35 4.77393e-35
1.32904e-13 4.21355e-13 8.18017e-13 1.23632e-12 1.59178e-12 1.82798e-12 1.92422e-12 1.8901e-12 1.75414e-12 1.55217e-12 1.31857e-12 1.08115e-12 8.59314e-13 6.64369e-13 5.01083e-13 3.69573e-13 2.67096e-13 1.89484e-13 1.32152e-13 9.07277e-14 6.13873e-14 4.09762e-14 2.70081e-14 1.75922e-14 1.13325e-14 7.22426e-15 4.56023e-15 2.85193e-15 1.76793e-15 1.08683e-15 6.62835e-16 4.01206e-16 2.41101e-16 1.43894e-16 8.53153e-17 5.02664e-17 2.94379e-17 1.71404e-17 9.92476e-18 5.71606e-18 3.2752e-18 1.86735e-18 1.05959e-18 5.98479e-19 3.36531e-19 1.88422e-19 1.05058e-19 5.83416e-20 3.22725e-20 1.77846e-20 9.76482e-21 5.34243e-21 2.91282e-21 1.58282e-21 8.57304e-22 4.62872e-22 2.49142e-22 1.337e-22 7.15393e-23 3.81701e-23 2.03093e-23 1.07769e-23 5.70358e-24 3.0108e-24 1.58535e-24 8.32731e-25 4.36357e-25 2.2812e-25 1.18985e-25 6.19221e-26 3.21552e-26 1.6662e-26 8.61571e-27 4.44596e-27 2.28964e-27 1.17684e-27 6.03707e-28 3.09113e-28 1.57981e-28 8.0594e-29 4.1042e-29 2.08639e-29 1.05881e-29 5.36429e-30 2.71324e-30 1.37013e-30 6.90787e-31 3.47735e-31 1.74777e-31 8.77138e-32 4.39548e-32 2.19944e-32 1.099e-32 5.48365e-33 2.73238e-33 1.35963e-33 6.75646e-34 3.35309e-34 1.66191e-34 8.22649e-35 4.06702e-35
