0.0776525 0.0477862 0.0294069 0.0180965 0.0111363 0.00685313 0.00421731 0.00259527 0.00159709 0.000982823 0.000604814 0.000372193 0.000229042 0.000140949 8.67378e-05 5.33771e-05 3.28474e-05 2.02138e-05 1.24393e-05 7.65494e-06 4.71073e-06 2.89891e-06 1.78394e-06 1.09781e-06 6.75577e-07 4.1574e-07 2.5584e-07 1.5744e-07 9.68861e-08 5.96222e-08 3.66906e-08 2.25788e-08 1.38947e-08 8.55056e-09 5.26188e-09 3.23808e-09 1.99267e-09 1.22626e-09 7.54619e-10 4.64381e-10 2.85773e-10 1.7586e-10 1.08222e-10 6.65979e-11 4.09833e-11 2.52205e-11 1.55203e-11 9.55097e-12 5.87752e-12 3.61693e-12 2.22581e-12 1.36973e-12 8.42909e-13 5.18713e-13 3.19208e-13 1.96436e-13 1.20883e-13 7.43898e-14 4.57784e-14 2.81713e-14 1.73362e-14 1.06684e-14 6.56518e-15 4.04011e-15 2.48622e-15 1.52998e-15 9.41528e-16 5.79402e-16 3.56555e-16 2.19419e-16 1.35027e-16 8.30934e-17 5.11344e-17 3.14673e-17 1.93645e-17 1.19166e-17 7.3333e-18 4.5128e-18 2.77711e-18 1.70899e-18 1.05169e-18 6.47192e-19 3.98272e-19 2.4509e-19 1.50825e-19 9.28153e-20 5.71171e-20 3.5149e-20 2.16301e-20 1.33109e-20 8.1913e-21 5.0408e-21 3.10203e-21 1.90894e-21 1.17473e-21 7.22913e-22 4.44869e-22 2.73766e-22 1.68471e-22 1.03675e-22 6.37997e-23
0.0477862 0.034864 0.024813 0.0173362 0.0119402 0.00813042 0.00548495 0.00367173 0.00244191 0.00161495 0.00106289 0.000696588 0.000454826 0.000295989 0.000192053 0.000124282 8.02323e-05 5.16821e-05 3.32249e-05 2.13203e-05 1.36582e-05 8.73607e-06 5.57977e-06 3.55907e-06 2.26735e-06 1.44277e-06 9.17074e-07 5.82333e-07 3.69423e-07 2.34146e-07 1.4828e-07 9.38277e-08 5.93269e-08 3.74853e-08 2.36688e-08 1.49352e-08 9.41845e-09 5.93601e-09 3.7391e-09 2.35402e-09 1.48126e-09 9.31629e-10 5.85669e-10 3.68017e-10 2.31152e-10 1.45128e-10 9.10818e-11 5.71411e-11 3.58349e-11 2.24653e-11 1.4079e-11 8.82042e-12 5.52421e-12 3.45875e-12 2.16492e-12 1.35469e-12 8.47459e-13 5.30009e-13 3.31387e-13 2.07148e-13 1.29455e-13 8.08831e-14 5.05239e-14 3.1553e-14 1.97012e-14 1.22985e-14 7.67584e-15 4.78976e-15 2.98827e-15 1.86399e-15 1.16249e-15 7.24868e-16 4.51912e-16 2.81693e-16 1.75561e-16 1.09399e-16 6.81596e-17 4.24597e-17 2.64462e-17 1.64698e-17 1.02553e-17 6.38489e-18 3.97464e-18 2.47392e-18 1.53964e-18 9.58069e-19 5.96104e-19 3.70847e-19 2.30684e-19 1.43479e-19 8.92304e-20 5.54867e-20 3.44999e-20 2.14487e-20 1.33334e-20 8.2877e-21 5.15093e-21 3.20106e-21 1.98913e-21 1.23592e-21 7.6785e-22
0.0294069 0.024813 0.0197863 0.0151917 0.0113497 0.00830515 0.00597862 0.004247 0.00298381 0.00207687 0.00143407 0.000983358 0.000670193 0.000454296 0.000306463 0.000205841 0.000137714 9.18059e-05 6.10022e-05 4.04127e-05 2.66987e-05 1.75935e-05 1.15661e-05 7.58688e-06 4.96645e-06 3.24483e-06 2.11619e-06 1.37779e-06 8.95601e-07 5.81291e-07 3.76751e-07 2.43854e-07 1.57634e-07 1.01776e-07 6.56355e-08 4.2282e-08 2.72093e-08 1.74923e-08 1.12347e-08 7.20905e-09 4.62185e-09 2.96067e-09 1.89503e-09 1.21201e-09 7.74596e-10 4.94692e-10 3.15715e-10 2.01358e-10 1.28342e-10 8.1752e-11 5.20441e-11 3.31128e-11 2.10562e-11 1.33824e-11 8.5008e-12 5.39721e-12 3.42506e-12 2.17251e-12 1.37739e-12 8.72896e-13 5.52943e-13 3.5012e-13 2.21604e-13 1.40206e-13 8.86729e-14 5.606e-14 3.54289e-14 2.23826e-14 1.41356e-14 8.92423e-15 5.63231e-15 3.55358e-15 2.24135e-15 1.41326e-15 8.90857e-16 5.61395e-16 3.53677e-16 2.22755e-16 1.40259e-16 8.82919e-17 5.55648e-17 3.49599e-17 2.19905e-17 1.38292e-17 8.69471e-18 5.46531e-18 3.43461e-18 2.15797e-18 1.35556e-18 8.5134e-19 5.34561e-19 3.35585e-19 2.10631e-19 1.32178e-19 8.29302e-20 5.20218e-20 3.26271e-20 2.04595e-20 1.28272e-20 8.04076e-21 5.0395e-21
0.0180965 0.0173362 0.0151917 0.012595 0.0100497 0.00779481 0.00591447 0.00440927 0.00323972 0.00235148 0.00168902 0.00120224 0.000848977 0.000595312 0.000414824 0.000287428 0.00019814 0.000135954 9.28889e-05 6.32174e-05 4.28688e-05 2.89732e-05 1.9521e-05 1.31145e-05 8.7868e-06 5.87232e-06 3.91523e-06 2.60456e-06 1.72901e-06 1.1455e-06 7.57487e-07 5.00011e-07 3.29495e-07 2.1678e-07 1.42404e-07 9.34096e-08 6.11863e-08 4.00256e-08 2.61498e-08 1.70635e-08 1.11214e-08 7.24042e-09 4.70868e-09 3.05903e-09 1.98535e-09 1.28727e-09 8.33882e-10 5.39697e-10 3.48998e-10 2.25493e-10 1.45578e-10 9.39122e-11 6.05371e-11 3.89947e-11 2.51006e-11 1.6146e-11 1.03791e-11 6.66773e-12 4.28079e-12 2.74668e-12 1.76132e-12 1.12881e-12 7.23038e-13 4.6288e-13 2.96174e-13 1.89411e-13 1.21073e-13 7.73532e-14 4.93975e-14 3.15306e-14 2.01171e-14 1.28294e-14 8.17832e-15 5.21123e-15 3.31925e-15 2.11333e-15 1.34501e-15 8.55697e-16 5.44194e-16 3.45963e-16 2.19863e-16 1.39677e-16 8.87051e-17 5.63156e-17 3.57412e-17 2.26762e-17 1.43826e-17 9.11948e-18 5.78062e-18 3.66312e-18 2.32062e-18 1.46972e-18 9.30558e-19 5.89028e-19 3.72746e-19 2.35818e-19 1.49152e-19 9.43136e-20 5.96227e-20 3.76829e-20 2.38107e-20
0.0111363 0.0119402 0.0113497 0.0100497 0.00848432 0.00691838 0.00549305 0.00426959 0.0032612 0.00245475 0.00182477 0.00134184 0.0009774 0.00070598 0.000506118 0.000360395 0.000255065 0.000179516 0.000125703 8.76097e-05 6.07968e-05 4.20214e-05 2.89363e-05 1.98567e-05 1.3582e-05 9.26184e-06 6.29781e-06 4.27084e-06 2.88891e-06 1.94945e-06 1.31251e-06 8.81773e-07 5.91181e-07 3.95583e-07 2.6421e-07 1.76153e-07 1.17245e-07 7.79109e-08 5.16926e-08 3.42463e-08 2.26558e-08 1.49676e-08 9.87538e-09 6.50738e-09 4.28282e-09 2.81543e-09 1.84871e-09 1.2126e-09 7.94528e-10 5.20067e-10 3.40081e-10 2.22173e-10 1.45011e-10 9.45633e-11 6.16125e-11 4.01098e-11 2.60903e-11 1.69577e-11 1.10133e-11 7.14742e-12 4.63517e-12 3.00383e-12 1.94531e-12 1.25896e-12 8.14245e-13 5.26288e-13 3.39957e-13 2.19465e-13 1.41596e-13 9.13044e-14 5.88423e-14 3.79012e-14 2.43997e-14 1.56998e-14 1.00967e-14 6.49016e-15 4.16985e-15 2.67781e-15 1.71886e-15 1.10282e-15 7.07255e-16 4.53378e-16 2.9051e-16 1.86073e-16 1.19132e-16 7.62432e-17 4.87759e-17 3.1192e-17 1.99397e-17 1.2742e-17 8.1395e-18 5.19763e-18 3.3179e-18 2.11726e-18 1.35064e-18 8.61321e-19 5.49098e-19 3.49944e-19 2.22953e-19 1.42002e-19 9.04165e-20
0.00685313 0.00813042 0.00830515 0.00779481 0.00691838 0.00589818 0.00487621 0.003934 0.00311098 0.00241924 0.0018546 0.00140424 0.00105177 0.000780243 0.000573867 0.000418833 0.000303553 0.000218606 0.000156515 0.000111461 7.89843e-05 5.5714e-05 3.91322e-05 2.73763e-05 1.90808e-05 1.32527e-05 9.17451e-06 6.33168e-06 4.35699e-06 2.98988e-06 2.04637e-06 1.39713e-06 9.51618e-07 6.46714e-07 4.38562e-07 2.96798e-07 2.00467e-07 1.35148e-07 9.09495e-08 6.11005e-08 4.098e-08 2.74418e-08 1.83481e-08 1.22499e-08 8.16695e-09 5.43747e-09 3.61546e-09 2.40093e-09 1.59245e-09 1.05496e-09 6.98086e-10 4.61425e-10 3.04668e-10 2.00956e-10 1.32415e-10 8.71668e-11 5.73259e-11 3.76662e-11 2.47265e-11 1.6218e-11 1.06283e-11 6.95941e-12 4.55338e-12 2.97685e-12 1.94469e-12 1.26947e-12 8.28098e-13 5.39804e-13 3.51636e-13 2.28907e-13 1.48916e-13 9.68163e-14 6.2905e-14 4.08467e-14 2.65077e-14 1.71923e-14 1.11442e-14 7.21981e-15 4.67482e-15 3.02534e-15 1.95685e-15 1.26508e-15 8.17456e-16 5.27957e-16 3.40819e-16 2.19911e-16 1.41831e-16 9.1432e-17 5.89162e-17 3.79475e-17 2.44313e-17 1.57228e-17 1.01143e-17 6.50379e-18 4.18049e-18 2.68609e-18 1.72523e-18 1.10768e-18 7.10919e-19 4.56111e-19 2.92528e-19
0.00421731 0.00548495 0.00597862 0.00591447 0.00549305 0.00487621 0.00418236 0.00349076 0.00284928 0.00228267 0.00179987 0.00139976 0.00107554 0.000817629 0.000615661 0.000459619 0.000340467 0.000250422 0.000183001 0.000132935 9.60345e-05 6.90232e-05 4.93737e-05 3.51616e-05 2.49365e-05 1.76161e-05 1.23991e-05 8.69702e-06 6.08041e-06 4.23793e-06 2.94512e-06 2.04101e-06 1.41071e-06 9.72607e-07 6.68951e-07 4.59045e-07 3.14314e-07 2.14764e-07 1.46449e-07 9.96718e-08 6.77103e-08 4.5916e-08 3.10835e-08 2.10077e-08 1.41755e-08 9.55067e-09 6.4252e-09 4.31638e-09 2.8957e-09 1.94003e-09 1.29808e-09 8.67469e-10 5.79002e-10 3.86008e-10 2.57051e-10 1.70986e-10 1.13616e-10 7.5416e-11 5.00091e-11 3.31289e-11 2.19255e-11 1.44973e-11 9.57709e-12 6.32114e-12 4.16854e-12 2.74668e-12 1.80833e-12 1.1896e-12 7.81968e-13 5.13625e-13 3.37118e-13 2.21107e-13 1.44917e-13 9.49146e-14 6.21234e-14 4.06341e-14 2.65611e-14 1.73511e-14 1.13277e-14 7.39082e-15 4.81933e-15 3.14072e-15 2.04562e-15 1.33162e-15 8.66359e-16 5.63358e-16 3.66137e-16 2.37837e-16 1.54418e-16 1.00208e-16 6.49971e-17 4.21386e-17 2.73064e-17 1.76868e-17 1.14509e-17 7.41032e-18 4.79343e-18 3.09935e-18 2.00315e-18 1.29413e-18 8.35729e-19
0.00259527 0.00367173 0.004247 0.00440927 0.00426959 0.003934 0.00349076 0.00300639 0.00252686 0.00208093 0.00168416 0.00134268 0.00105642 0.000821539 0.000632257 0.00048204 0.000364402 0.000273346 0.000203593 0.000150652 0.000110807 8.10459e-05 5.897e-05 4.26992e-05 3.07774e-05 2.20896e-05 1.57907e-05 1.12452e-05 7.97955e-06 5.64312e-06 3.978e-06 2.79567e-06 1.95905e-06 1.369e-06 9.54152e-07 6.63341e-07 4.60054e-07 3.18332e-07 2.19781e-07 1.51418e-07 1.04107e-07 7.14387e-08 4.89291e-08 3.34512e-08 2.28295e-08 1.55542e-08 1.05802e-08 7.18544e-09 4.87251e-09 3.29924e-09 2.23077e-09 1.50625e-09 1.01569e-09 6.84005e-10 4.60058e-10 3.09055e-10 2.07369e-10 1.3898e-10 9.30411e-11 6.22192e-11 4.15637e-11 2.77368e-11 1.84911e-11 1.23153e-11 8.19431e-12 5.44725e-12 3.61784e-12 2.4007e-12 1.59166e-12 1.05439e-12 6.97897e-13 4.61567e-13 3.05026e-13 2.01422e-13 1.32908e-13 8.7635e-14 5.77421e-14 3.80192e-14 2.50158e-14 1.64488e-14 1.08086e-14 7.09782e-15 4.65807e-15 3.05505e-15 2.00247e-15 1.31177e-15 8.58806e-16 5.61933e-16 3.67477e-16 2.4018e-16 1.56895e-16 1.02436e-16 6.68449e-17 4.35976e-17 2.8421e-17 1.85183e-17 1.20602e-17 7.85056e-18 5.10791e-18 3.3219e-18 2.15941e-18
0.00159709 0.00244191 0.00298381 0.00323972 0.0032612 0.00311098 0.00284928 0.00252686 0.00218275 0.00184446 0.00152965 0.00124816 0.00100409 0.000797642 0.000626557 0.000487212 0.000375398 0.000286838 0.000217498 0.000163761 0.000122501 9.10842e-05 6.73447e-05 4.95317e-05 3.62516e-05 2.64099e-05 1.91566e-05 1.38386e-05 9.95832e-06 7.13982e-06 5.10127e-06 3.63275e-06 2.57886e-06 1.82524e-06 1.28817e-06 9.06646e-07 6.36458e-07 4.45672e-07 3.11329e-07 2.16982e-07 1.50893e-07 1.04711e-07 7.25142e-08 5.01187e-08 3.45741e-08 2.38071e-08 1.63641e-08 1.12289e-08 7.69241e-09 5.2613e-09 3.59295e-09 2.44995e-09 1.66814e-09 1.13421e-09 7.70129e-10 5.22221e-10 3.53659e-10 2.39206e-10 1.61595e-10 1.09036e-10 7.34869e-11 4.94724e-11 3.3269e-11 2.23488e-11 1.49975e-11 1.00541e-11 6.73343e-12 4.50518e-12 3.01148e-12 2.01117e-12 1.34192e-12 8.94592e-13 5.95869e-13 3.96564e-13 2.63706e-13 1.75218e-13 1.16332e-13 7.71762e-14 5.11614e-14 3.38909e-14 2.24342e-14 1.484e-14 9.80966e-15 6.48009e-15 4.2778e-15 2.82213e-15 1.86061e-15 1.22592e-15 8.07241e-16 5.31229e-16 3.49384e-16 2.29653e-16 1.50867e-16 9.9054e-17 6.49997e-17 4.26301e-17 2.79441e-17 1.83079e-17 1.19884e-17 7.84635e-18 5.13284e-18
0.000982823 0.00161495 0.00207687 0.00235148 0.00245475 0.00241924 0.00228267 0.00208093 0.00184446 0.0015969 0.00135516 0.00113027 0.000928489 0.000752552 0.000602672 0.000477454 0.000374565 0.000291236 0.0002246 0.000171911 0.000130669 9.86814e-05 7.40776e-05 5.52967e-05 4.10607e-05 3.03396e-05 2.23138e-05 1.63394e-05 1.1915e-05 8.65471e-06 6.26314e-06 4.51644e-06 3.24592e-06 2.32534e-06 1.66075e-06 1.18264e-06 8.39814e-07 5.94771e-07 4.20145e-07 2.96058e-07 2.08125e-07 1.45975e-07 1.0216e-07 7.1345e-08 4.97233e-08 3.45861e-08 2.40114e-08 1.66392e-08 1.15101e-08 7.94835e-09 5.47964e-09 3.77161e-09 2.59192e-09 1.77851e-09 1.21858e-09 8.33737e-10 5.69641e-10 3.88676e-10 2.64852e-10 1.80245e-10 1.22514e-10 8.31727e-11 5.63981e-11 3.81988e-11 2.58433e-11 1.74651e-11 1.17905e-11 7.95139e-12 5.35689e-12 3.60538e-12 2.42421e-12 1.62846e-12 1.09291e-12 7.32818e-13 4.90937e-13 3.28609e-13 2.19768e-13 1.46856e-13 9.8054e-14 6.54176e-14 4.36099e-14 2.905e-14 1.93367e-14 1.28617e-14 8.54879e-15 5.67812e-15 3.76882e-15 2.49983e-15 1.65702e-15 1.09764e-15 7.26637e-16 4.80728e-16 3.17844e-16 2.10022e-16 1.38694e-16 9.15365e-17 6.03785e-17 3.98038e-17 2.62256e-17 1.72699e-17 1.13663e-17
0.000604814 0.00106289 0.00143407 0.00168902 0.00182477 0.0018546 0.00179987 0.00168416 0.00152965 0.00135516 0.00117537 0.00100089 0.000838714 0.000692874 0.000565156 0.000455729 0.000363693 0.000287509 0.000225321 0.000175179 0.000135193 0.000103621 7.89178e-05 5.97464e-05 4.49804e-05 3.36868e-05 2.51045e-05 1.86219e-05 1.37525e-05 1.01142e-05 7.40907e-06 5.40709e-06 3.93196e-06 2.84953e-06 2.05837e-06 1.48226e-06 1.06422e-06 7.61898e-07 5.43971e-07 3.87359e-07 2.75141e-07 1.94958e-07 1.3782e-07 9.72086e-08 6.84153e-08 4.80497e-08 3.36782e-08 2.35589e-08 1.6449e-08 1.14638e-08 7.9753e-09 5.53882e-09 3.84029e-09 2.65832e-09 1.83725e-09 1.26785e-09 8.73621e-10 6.01108e-10 4.13022e-10 2.83402e-10 1.94203e-10 1.32907e-10 9.08429e-11 6.20159e-11 4.22858e-11 2.87992e-11 1.95917e-11 1.33131e-11 9.03685e-12 6.12766e-12 4.15071e-12 2.80873e-12 1.89876e-12 1.28235e-12 8.65239e-13 5.8326e-13 3.92821e-13 2.64328e-13 1.77711e-13 1.19375e-13 8.01224e-14 5.37327e-14 3.60061e-14 2.41087e-14 1.61301e-14 1.07838e-14 7.2042e-15 4.80933e-15 3.20829e-15 2.13874e-15 1.42477e-15 9.48506e-16 6.31025e-16 4.19537e-16 2.78752e-16 1.85093e-16 1.22828e-16 8.14589e-17 5.3991e-17 3.57643e-17 2.36771e-17
0.000372193 0.000696588 0.000983358 0.00120224 0.00134184 0.00140424 0.00139976 0.00134268 0.00124816 0.00113027 0.00100089 0.000869357 0.000742424 0.000624582 0.000518449 0.000425188 0.000344909 0.000277009 0.000220452 0.000173971 0.000136226 0.000105902 8.17761e-05 6.27508e-05 4.78691e-05 3.63153e-05 2.74071e-05 2.05827e-05 1.5386e-05 1.14509e-05 8.48666e-06 6.26488e-06 4.60732e-06 3.37613e-06 2.46545e-06 1.79451e-06 1.30206e-06 9.41899e-07 6.79395e-07 4.88692e-07 3.50581e-07 2.50857e-07 1.79056e-07 1.27503e-07 9.05836e-08 6.4212e-08 4.54205e-08 3.20618e-08 2.25868e-08 1.5881e-08 1.11451e-08 7.80726e-09 5.45943e-09 3.81111e-09 2.65603e-09 1.84805e-09 1.28384e-09 8.90525e-10 6.16788e-10 4.26578e-10 2.94611e-10 2.03192e-10 1.39953e-10 9.62707e-11 6.61385e-11 4.53813e-11 3.11011e-11 2.12893e-11 1.45562e-11 9.94137e-12 6.78214e-12 4.62191e-12 3.14644e-12 2.1398e-12 1.45375e-12 9.86684e-13 6.69036e-13 4.53223e-13 3.06742e-13 2.07417e-13 1.40129e-13 9.45881e-14 6.37933e-14 4.29885e-14 2.8945e-14 1.94736e-14 1.30912e-14 8.79376e-15 5.90257e-15 3.959e-15 2.65345e-15 1.77716e-15 1.18942e-15 7.95506e-16 5.31687e-16 3.55123e-16 2.37036e-16 1.58114e-16 1.05403e-16 7.022e-17 4.67523e-17
0.000229042 0.000454826 0.000670193 0.000848977 0.0009774 0.00105177 0.00107554 0.00105642 0.00100409 0.000928489 0.000838714 0.000742424 0.000645623 0.000552686 0.000466525 0.000388845 0.000320404 0.000261262 0.000211003 0.000168915 0.000134123 0.000105692 8.27028e-05 6.42884e-05 4.96663e-05 3.81478e-05 2.91411e-05 2.21463e-05 1.67486e-05 1.26082e-05 9.44974e-06 7.05306e-06 5.24339e-06 3.88332e-06 2.86567e-06 2.1074e-06 1.54466e-06 1.12861e-06 8.22116e-07 5.97111e-07 4.32472e-07 3.12383e-07 2.25055e-07 1.61733e-07 1.15947e-07 8.29294e-08 5.91802e-08 4.21403e-08 2.99434e-08 2.12334e-08 1.50272e-08 1.06146e-08 7.48377e-09 5.26689e-09 3.70021e-09 2.59514e-09 1.81708e-09 1.27026e-09 8.86601e-10 6.17879e-10 4.29967e-10 2.98772e-10 2.07316e-10 1.43658e-10 9.94134e-11 6.87059e-11 4.74231e-11 3.26923e-11 2.25099e-11 1.54806e-11 1.0634e-11 7.29649e-12 5.00092e-12 3.42386e-12 2.34164e-12 1.59983e-12 1.09191e-12 7.44508e-13 5.07139e-13 3.45121e-13 2.34643e-13 1.59385e-13 1.08168e-13 7.33439e-14 4.96884e-14 3.3634e-14 2.27479e-14 1.53726e-14 1.03802e-14 7.00366e-15 4.7218e-15 3.18098e-15 2.14136e-15 1.44046e-15 9.68277e-16 6.50416e-16 4.36597e-16 2.92869e-16 1.96324e-16 1.31519e-16 8.8048e-17
0.000140949 0.000295989 0.000454296 0.000595312 0.00070598 0.000780243 0.000817629 0.000821539 0.000797642 0.000752552 0.000692874 0.000624582 0.000552686 0.000481104 0.000412696 0.00034937 0.00029224 0.000241797 0.000198068 0.000160758 0.000129368 0.000103286 8.18568e-05 6.44281e-05 5.0384e-05 3.9163e-05 3.02676e-05 2.3267e-05 1.77946e-05 1.35438e-05 1.02612e-05 7.74043e-06 5.81473e-06 4.35086e-06 3.24324e-06 2.40887e-06 1.78297e-06 1.31533e-06 9.67267e-07 7.09135e-07 5.18365e-07 3.77846e-07 2.7467e-07 1.99144e-07 1.44021e-07 1.03901e-07 7.47803e-08 5.36986e-08 3.84751e-08 2.75085e-08 1.96269e-08 1.39755e-08 9.93191e-09 7.04495e-09 4.98799e-09 3.52531e-09 2.48723e-09 1.75187e-09 1.2319e-09 8.64879e-10 6.06261e-10 4.24332e-10 2.96559e-10 2.06962e-10 1.44231e-10 1.00377e-10 6.97636e-11 4.84235e-11 3.35683e-11 2.32414e-11 1.60718e-11 1.11008e-11 7.65833e-12 5.27741e-12 3.63266e-12 2.49778e-12 1.71562e-12 1.17715e-12 8.06866e-13 5.52502e-13 3.77955e-13 2.58301e-13 1.76362e-13 1.20304e-13 8.19897e-14 5.5828e-14 3.79809e-14 2.5817e-14 1.7534e-14 1.18986e-14 8.06786e-15 5.46606e-15 3.7004e-15 2.50317e-15 1.692e-15 1.14285e-15 7.71366e-16 5.20258e-16 3.50647e-16 2.36166e-16 1.58953e-16
8.67378e-05 0.000192053 0.000306463 0.000414824 0.000506118 0.000573867 0.000615661 0.000632257 0.000626557 0.000602672 0.000565156 0.000518449 0.000466525 0.000412696 0.000359551 0.000308974 0.000262225 0.000220034 0.000182718 0.000150281 0.00012251 9.90519e-05 7.94728e-05 6.3308e-05 5.00933e-05 3.93874e-05 3.07859e-05 2.39281e-05 1.84995e-05 1.42307e-05 1.08947e-05 8.30302e-06 6.30053e-06 4.76131e-06 3.58397e-06 2.68762e-06 2.00819e-06 1.49534e-06 1.10977e-06 8.21e-07 6.05512e-07 4.45269e-07 3.26503e-07 2.38761e-07 1.74138e-07 1.26681e-07 9.19312e-08 6.65545e-08 4.80718e-08 3.46444e-08 2.49135e-08 1.78783e-08 1.28036e-08 9.1513e-09 6.52828e-09 4.64842e-09 3.30389e-09 2.34412e-09 1.66031e-09 1.17402e-09 8.2881e-10 5.8418e-10 4.1112e-10 2.88893e-10 2.02706e-10 1.42029e-10 9.93753e-11 6.94365e-11 4.84527e-11 3.37662e-11 2.35014e-11 1.63368e-11 1.13425e-11 7.86564e-12 5.44821e-12 3.76945e-12 2.60506e-12 1.79838e-12 1.24017e-12 8.54327e-13 5.87923e-13 4.04184e-13 2.77593e-13 1.90466e-13 1.30561e-13 8.94133e-14 6.11779e-14 4.18212e-14 2.85637e-14 1.9492e-14 1.32901e-14 9.05398e-15 6.163e-15 4.19174e-15 2.84873e-15 1.93451e-15 1.31267e-15 8.90052e-16 6.03048e-16 4.08293e-16 2.76236e-16
5.33771e-05 0.000124282 0.000205841 0.000287428 0.000360395 0.000418833 0.000459619 0.00048204 0.000487212 0.000477454 0.000455729 0.000425188 0.000388845 0.00034937 0.000308974 0.000269383 0.000231849 0.000197206 0.000165936 0.000138241 0.000114112 9.33932e-05 7.58293e-05 6.11118e-05 4.89083e-05 3.8886e-05 3.07271e-05 2.41389e-05 1.88591e-05 1.46573e-05 1.13353e-05 8.72493e-06 6.6856e-06 5.10103e-06 3.87613e-06 2.93385e-06 2.21233e-06 1.66228e-06 1.24468e-06 9.28911e-07 6.91046e-07 5.12517e-07 3.7899e-07 2.79454e-07 2.05494e-07 1.50708e-07 1.10245e-07 8.04461e-08 5.85611e-08 4.25308e-08 3.08191e-08 2.22838e-08 1.60782e-08 1.15769e-08 8.31921e-09 5.96662e-09 4.27125e-09 3.05201e-09 2.17691e-09 1.55004e-09 1.10181e-09 7.8191e-10 5.53999e-10 3.91904e-10 2.76813e-10 1.9523e-10 1.37491e-10 9.66903e-11 6.79031e-11 4.76219e-11 3.33539e-11 2.33305e-11 1.62986e-11 1.13721e-11 7.92499e-12 5.51623e-12 3.83514e-12 2.66332e-12 1.84749e-12 1.28016e-12 8.86098e-13 6.12691e-13 4.23208e-13 2.9203e-13 2.01312e-13 1.3864e-13 9.53879e-14 6.55678e-14 4.50285e-14 3.08953e-14 2.11793e-14 1.45061e-14 9.927e-15 6.78765e-15 4.63726e-15 3.16556e-15 2.15919e-15 1.4716e-15 1.00219e-15 6.81999e-16 4.63756e-16
3.28474e-05 8.02323e-05 0.000137714 0.00019814 0.000255065 0.000303553 0.000340467 0.000364402 0.000375398 0.000374565 0.000363693 0.000344909 0.000320404 0.00029224 0.000262225 0.000231849 0.000202269 0.000174323 0.000148568 0.000125319 0.000104706 8.67125e-05 7.12212e-05 5.80483e-05 4.69713e-05 3.77508e-05 3.0147e-05 2.39298e-05 1.88867e-05 1.48259e-05 1.15785e-05 8.9984e-06 6.96073e-06 5.36064e-06 4.1109e-06 3.13975e-06 2.38873e-06 1.81059e-06 1.36749e-06 1.02928e-06 7.72166e-07 5.77441e-07 4.30501e-07 3.20007e-07 2.37195e-07 1.75331e-07 1.29257e-07 9.50464e-08 6.97163e-08 5.10137e-08 3.72412e-08 2.71255e-08 1.97141e-08 1.42971e-08 1.03472e-08 7.47343e-09 5.38726e-09 3.87605e-09 2.78359e-09 1.99544e-09 1.42794e-09 1.02008e-09 7.27508e-10 5.18004e-10 3.68246e-10 2.61379e-10 1.85245e-10 1.31094e-10 9.26382e-11 6.53711e-11 4.60663e-11 3.24186e-11 2.27842e-11 1.59924e-11 1.1211e-11 7.84944e-12 5.48918e-12 3.83409e-12 2.67493e-12 1.8641e-12 1.2976e-12 9.0227e-13 6.26712e-13 4.34853e-13 3.01418e-13 2.08716e-13 1.44381e-13 9.97796e-14 6.88902e-14 4.75187e-14 3.27469e-14 2.25466e-14 1.55098e-14 1.06598e-14 7.32011e-15 5.02248e-15 3.44316e-15 2.35853e-15 1.61426e-15 1.10399e-15 7.54421e-16
2.02138e-05 5.16821e-05 9.18059e-05 0.000135954 0.000179516 0.000218606 0.000250422 0.000273346 0.000286838 0.000291236 0.000287509 0.000277009 0.000261262 0.000241797 0.000220034 0.000197206 0.000174323 0.000152168 0.000131303 0.0001121 9.47679e-05 7.93866e-05 6.59377e-05 5.43329e-05 4.44377e-05 3.60906e-05 2.91184e-05 2.33471e-05 1.86095e-05 1.47506e-05 1.16299e-05 9.12327e-06 7.12254e-06 5.53512e-06 4.28267e-06 3.29975e-06 2.53224e-06 1.93577e-06 1.47435e-06 1.11893e-06 8.46301e-07 6.37996e-07 4.79441e-07 3.59192e-07 2.68311e-07 1.99854e-07 1.48454e-07 1.09981e-07 8.12684e-08 5.99023e-08 4.40469e-08 3.23124e-08 2.36502e-08 1.7272e-08 1.25868e-08 9.15349e-09 6.64319e-09 4.81183e-09 3.47865e-09 2.51015e-09 1.808e-09 1.29995e-09 9.33052e-10 6.68578e-10 4.78282e-10 3.41601e-10 2.43598e-10 1.73446e-10 1.23312e-10 8.7541e-11 6.2058e-11 4.39316e-11 3.10573e-11 2.19265e-11 1.54599e-11 1.08865e-11 7.65641e-12 5.37809e-12 3.77319e-12 2.64409e-12 1.85073e-12 1.29394e-12 9.03663e-13 6.3041e-13 4.39315e-13 3.05824e-13 2.12677e-13 1.47751e-13 1.02543e-13 7.10985e-14 4.92491e-14 3.40821e-14 2.35642e-14 1.62774e-14 1.12338e-14 7.7462e-15 5.33672e-15 3.67359e-15 2.52664e-15 1.73636e-15 1.19229e-15
1.24393e-05 3.32249e-05 6.10022e-05 9.28889e-05 0.000125703 0.000156515 0.000183001 0.000203593 0.000217498 0.0002246 0.000225321 0.000220452 0.000211003 0.000198068 0.000182718 0.000165936 0.000148568 0.000131303 0.000114672 9.90551e-05 8.47016e-05 7.17489e-05 6.02457e-05 5.01733e-05 4.14647e-05 3.40208e-05 2.77238e-05 2.24475e-05 1.80651e-05 1.44547e-05 1.15026e-05 9.10595e-06 7.17296e-06 5.62361e-06 4.38902e-06 3.41068e-06 2.63947e-06 2.03454e-06 1.56228e-06 1.19526e-06 9.11239e-07 6.92358e-07 5.24335e-07 3.95839e-07 2.97925e-07 2.23573e-07 1.673e-07 1.24848e-07 9.29204e-08 6.89798e-08 5.10797e-08 3.77332e-08 2.78086e-08 2.04476e-08 1.50019e-08 1.09828e-08 8.02361e-09 5.84983e-09 4.25653e-09 3.09122e-09 2.24072e-09 1.62125e-09 1.17094e-09 8.4424e-10 6.07656e-10 4.36645e-10 3.13254e-10 2.24377e-10 1.60468e-10 1.14589e-10 8.17061e-11 5.81755e-11 4.1363e-11 2.93687e-11 2.08242e-11 1.47461e-11 1.04285e-11 7.36575e-12 5.19601e-12 3.66094e-12 2.5763e-12 1.81089e-12 1.27141e-12 8.91642e-13 6.24618e-13 4.37086e-13 3.05531e-13 2.13348e-13 1.48825e-13 1.03711e-13 7.22011e-14 5.02156e-14 3.48913e-14 2.42207e-14 1.67979e-14 1.16393e-14 8.05767e-15 5.57328e-15 3.85155e-15 2.65944e-15 1.83477e-15
7.65494e-06 2.13203e-05 4.04127e-05 6.32174e-05 8.76097e-05 0.000111461 0.000132935 0.000150652 0.000163761 0.000171911 0.000175179 0.000173971 0.000168915 0.000160758 0.000150281 0.000138241 0.000125319 0.0001121 9.90551e-05 8.65467e-05 7.48329e-05 6.40803e-05 5.43794e-05 4.5759e-05 3.82016e-05 3.16559e-05 2.60486e-05 2.12931e-05 1.72971e-05 1.39679e-05 1.12161e-05 8.95819e-06 7.11838e-06 5.62893e-06 4.43045e-06 3.47164e-06 2.70875e-06 2.10488e-06 1.62922e-06 1.2563e-06 9.65225e-07 7.39005e-07 5.63902e-07 4.28893e-07 3.25187e-07 2.45812e-07 1.85268e-07 1.39242e-07 1.04363e-07 7.80139e-08 5.81674e-08 4.32616e-08 3.20978e-08 2.37589e-08 1.75463e-08 1.29294e-08 9.50685e-09 6.97561e-09 5.10787e-09 3.73279e-09 2.7226e-09 1.98205e-09 1.44028e-09 1.04471e-09 7.5646e-10 5.46805e-10 3.94596e-10 2.84292e-10 2.04496e-10 1.46868e-10 1.05319e-10 7.54122e-11 5.39191e-11 3.84967e-11 2.74473e-11 1.95425e-11 1.38957e-11 9.86758e-12 6.99815e-12 4.95688e-12 3.50669e-12 2.47777e-12 1.74867e-12 1.23268e-12 8.67949e-13 6.10452e-13 4.28875e-13 3.00982e-13 2.11003e-13 1.4777e-13 1.0338e-13 7.22518e-14 5.04466e-14 3.51879e-14 2.4521e-14 1.70717e-14 1.18744e-14 8.25188e-15 5.72934e-15 3.97443e-15 2.75466e-15
4.71073e-06 1.36582e-05 2.66987e-05 4.28688e-05 6.07968e-05 7.89843e-05 9.60345e-05 0.000110807 0.000122501 0.000130669 0.000135193 0.000136226 0.000134123 0.000129368 0.00012251 0.000114112 0.000104706 9.47679e-05 8.47016e-05 7.48329e-05 6.54091e-05 5.66057e-05 4.85348e-05 4.12552e-05 3.47834e-05 2.91035e-05 2.41764e-05 1.99473e-05 1.63524e-05 1.33238e-05 1.07935e-05 8.69558e-06 6.96877e-06 5.55697e-06 4.41002e-06 3.48381e-06 2.74008e-06 2.14607e-06 1.67406e-06 1.30081e-06 1.00702e-06 7.76778e-07 5.97109e-07 4.57466e-07 3.49353e-07 2.6596e-07 2.01865e-07 1.52771e-07 1.15291e-07 8.67693e-08 6.51306e-08 4.87628e-08 3.64175e-08 2.7132e-08 2.01666e-08 1.49551e-08 1.10658e-08 8.17028e-09 6.01974e-09 4.42618e-09 3.24798e-09 2.37877e-09 1.73888e-09 1.26876e-09 9.2408e-10 6.71851e-10 4.87629e-10 3.53326e-10 2.55593e-10 1.84597e-10 1.33113e-10 9.58404e-11 6.8901e-11 4.94611e-11 3.5455e-11 2.53793e-11 1.81419e-11 1.29509e-11 9.23293e-12 6.57381e-12 4.67457e-12 3.3199e-12 2.35492e-12 1.66843e-12 1.18066e-12 8.3453e-13 5.89203e-13 4.15532e-13 2.92731e-13 2.05999e-13 1.44812e-13 1.01693e-13 7.13403e-14 4.9997e-14 3.50045e-14 2.44841e-14 1.71092e-14 1.19445e-14 8.33114e-15 5.8056e-15 4.04205e-15
2.89891e-06 8.73607e-06 1.75935e-05 2.89732e-05 4.20214e-05 5.5714e-05 6.90232e-05 8.10459e-05 9.10842e-05 9.86814e-05 0.000103621 0.000105902 0.000105692 0.000103286 9.90519e-05 9.33932e-05 8.67125e-05 7.93866e-05 7.17489e-05 6.40803e-05 5.66057e-05 4.9495e-05 4.28676e-05 3.67987e-05 3.13265e-05 2.64598e-05 2.21845e-05 1.84708e-05 1.52775e-05 1.25574e-05 1.02604e-05 8.33627e-06 6.73658e-06 5.41594e-06 4.33285e-06 3.45011e-06 2.73486e-06 2.15855e-06 1.69664e-06 1.32827e-06 1.0359e-06 8.04908e-07 6.23204e-07 4.80867e-07 3.69812e-07 2.83496e-07 2.16656e-07 1.6508e-07 1.25419e-07 9.50187e-08 7.17919e-08 5.40998e-08 4.06635e-08 3.04883e-08 2.28041e-08 1.70167e-08 1.2669e-08 9.41126e-09 6.97611e-09 5.16017e-09 3.80912e-09 2.80618e-09 2.06329e-09 1.51419e-09 1.10916e-09 8.11e-10 5.91943e-10 4.31309e-10 3.13735e-10 2.27836e-10 1.65188e-10 1.19578e-10 8.64279e-11 6.23734e-11 4.49472e-11 3.23428e-11 2.324e-11 1.66759e-11 1.19496e-11 8.55137e-12 6.11154e-12 4.36222e-12 3.1097e-12 2.21408e-12 1.57449e-12 1.11833e-12 7.93404e-13 5.62237e-13 3.97975e-13 2.81392e-13 1.98745e-13 1.40222e-13 9.88276e-14 6.95814e-14 4.89404e-14 3.43882e-14 2.41393e-14 1.69285e-14 1.18605e-14 8.30193e-15 5.80572e-15
1.78394e-06 5.57977e-06 1.15661e-05 1.9521e-05 2.89363e-05 3.91322e-05 4.93737e-05 5.897e-05 6.73447e-05 7.40776e-05 7.89178e-05 8.17761e-05 8.27028e-05 8.18568e-05 7.94728e-05 7.58293e-05 7.12212e-05 6.59377e-05 6.02457e-05 5.43794e-05 4.85348e-05 4.28676e-05 3.74948e-05 3.24977e-05 2.79269e-05 2.3807e-05 2.01417e-05 1.69193e-05 1.41166e-05 1.17029e-05 9.64287e-06 7.89956e-06 6.43577e-06 5.21565e-06 4.20561e-06 3.37486e-06 2.69574e-06 2.14377e-06 1.69758e-06 1.33878e-06 1.05167e-06 8.23019e-07 6.41732e-07 4.9862e-07 3.8611e-07 2.98008e-07 2.2928e-07 1.75862e-07 1.34489e-07 1.02554e-07 7.79837e-08 5.914e-08 4.4732e-08 3.37479e-08 2.5398e-08 1.9068e-08 1.42822e-08 1.06732e-08 7.95846e-09 5.92142e-09 4.39652e-09 3.25762e-09 2.40892e-09 1.77786e-09 1.30962e-09 9.62906e-10 7.067e-10 5.17745e-10 3.78655e-10 2.76462e-10 2.01516e-10 1.46649e-10 1.06551e-10 7.72973e-11 5.59901e-11 4.0496e-11 2.92469e-11 2.10925e-11 1.51904e-11 1.09248e-11 7.84647e-12 5.62811e-12 4.03171e-12 2.88446e-12 2.0611e-12 1.47097e-12 1.04854e-12 7.46545e-13 5.30914e-13 3.77136e-13 2.67601e-13 1.8967e-13 1.3429e-13 9.49787e-14 6.71052e-14 4.73632e-14 3.33954e-14 2.35235e-14 1.65536e-14 1.16377e-14 8.17392e-15
1.09781e-06 3.55907e-06 7.58688e-06 1.31145e-05 1.98567e-05 2.73763e-05 3.51616e-05 4.26992e-05 4.95317e-05 5.52967e-05 5.97464e-05 6.27508e-05 6.42884e-05 6.44281e-05 6.3308e-05 6.11118e-05 5.80483e-05 5.43329e-05 5.01733e-05 4.5759e-05 4.12552e-05 3.67987e-05 3.24977e-05 2.8433e-05 2.466e-05 2.12126e-05 1.81062e-05 1.5342e-05 1.29101e-05 1.07926e-05 8.96624e-06 7.40488e-06 6.08093e-06 4.96681e-06 4.03595e-06 3.2634e-06 2.62628e-06 2.10399e-06 1.67824e-06 1.33306e-06 1.05462e-06 8.3111e-07 6.52528e-07 5.10475e-07 3.97959e-07 3.09202e-07 2.39462e-07 1.84869e-07 1.42288e-07 1.09193e-07 8.35556e-08 6.37608e-08 4.85247e-08 3.6833e-08 2.78874e-08 2.10624e-08 1.58695e-08 1.1929e-08 8.94661e-09 6.695e-09 4.99925e-09 3.72517e-09 2.7701e-09 2.05578e-09 1.52268e-09 1.12568e-09 8.30637e-10 6.11812e-10 4.49834e-10 3.30166e-10 2.41922e-10 1.76968e-10 1.29244e-10 9.42397e-11 6.86089e-11 4.98729e-11 3.61993e-11 2.62361e-11 1.89878e-11 1.37227e-11 9.9039e-12 7.13814e-12 5.13792e-12 3.69338e-12 2.65159e-12 1.90127e-12 1.36159e-12 9.73921e-13 6.95802e-13 4.96524e-13 3.53914e-13 2.51979e-13 1.79206e-13 1.27311e-13 9.03472e-14 6.40481e-14 4.53574e-14 3.20884e-14 2.26784e-14 1.60121e-14 1.12944e-14
6.75577e-07 2.26735e-06 4.96645e-06 8.7868e-06 1.3582e-05 1.90808e-05 2.49365e-05 3.07774e-05 3.62516e-05 4.10607e-05 4.49804e-05 4.78691e-05 4.96663e-05 5.0384e-05 5.00933e-05 4.89083e-05 4.69713e-05 4.44377e-05 4.14647e-05 3.82016e-05 3.47834e-05 3.13265e-05 2.79269e-05 2.466e-05 2.15815e-05 1.87291e-05 1.61255e-05 1.37803e-05 1.1693e-05 9.85553e-06 8.25397e-06 6.87083e-06 5.68649e-06 4.68039e-06 3.83202e-06 3.12164e-06 2.53068e-06 2.0421e-06 1.64053e-06 1.31229e-06 1.04542e-06 8.29518e-07 6.55696e-07 5.1639e-07 4.05235e-07 3.16914e-07 2.4702e-07 1.91923e-07 1.48651e-07 1.14788e-07 8.83803e-08 6.78549e-08 5.1953e-08 3.96715e-08 3.02146e-08 2.2954e-08 1.73953e-08 1.31512e-08 9.9195e-09 7.46497e-09 5.60541e-09 4.20002e-09 3.14038e-09 2.34328e-09 1.74501e-09 1.29695e-09 9.62098e-10 7.12374e-10 5.26509e-10 3.88446e-10 2.86088e-10 2.10344e-10 1.54396e-10 1.13145e-10 8.27831e-11 6.0474e-11 4.41093e-11 3.21249e-11 2.33622e-11 1.69652e-11 1.23025e-11 8.90887e-12 6.44262e-12 4.65289e-12 3.35595e-12 2.4174e-12 1.73914e-12 1.24963e-12 8.96812e-13 6.42837e-13 4.60246e-13 3.29138e-13 2.35111e-13 1.67758e-13 1.19569e-13 8.51298e-14 6.0546e-14 4.30166e-14 3.05309e-14 2.16473e-14 1.53334e-14
4.1574e-07 1.44277e-06 3.24483e-06 5.87232e-06 9.26184e-06 1.32527e-05 1.76161e-05 2.20896e-05 2.64099e-05 3.03396e-05 3.36868e-05 3.63153e-05 3.81478e-05 3.9163e-05 3.93874e-05 3.8886e-05 3.77508e-05 3.60906e-05 3.40208e-05 3.16559e-05 2.91035e-05 2.64598e-05 2.3807e-05 2.12126e-05 1.87291e-05 1.6395e-05 1.42361e-05 1.22674e-05 1.04948e-05 8.91687e-06 7.52701e-06 6.31451e-06 5.26611e-06 4.36709e-06 3.60207e-06 2.95579e-06 2.41351e-06 1.9614e-06 1.58674e-06 1.27805e-06 1.02508e-06 8.18864e-07 6.5158e-07 5.1652e-07 4.07968e-07 3.21098e-07 2.51868e-07 1.96916e-07 1.53463e-07 1.1923e-07 9.23574e-08 7.13338e-08 5.49409e-08 4.21995e-08 3.2327e-08 2.47002e-08 1.88254e-08 1.43129e-08 1.08561e-08 8.21511e-09 6.20258e-09 4.67277e-09 3.51271e-09 2.63513e-09 1.97275e-09 1.47392e-09 1.09908e-09 8.1801e-10 6.07685e-10 4.50617e-10 3.33552e-10 2.46469e-10 1.81812e-10 1.33893e-10 9.84426e-11 7.22627e-11 5.29621e-11 3.87569e-11 2.83191e-11 2.06619e-11 1.50533e-11 1.09516e-11 7.95645e-12 5.77255e-12 4.18249e-12 3.02642e-12 2.18707e-12 1.57851e-12 1.13786e-12 8.19217e-13 5.89097e-13 4.23118e-13 3.03551e-13 2.17523e-13 1.55701e-13 1.11326e-13 7.95114e-14 5.67281e-14 4.04306e-14 2.87854e-14 2.04735e-14
2.5584e-07 9.17074e-07 2.11619e-06 3.91523e-06 6.29781e-06 9.17451e-06 1.23991e-05 1.57907e-05 1.91566e-05 2.23138e-05 2.51045e-05 2.74071e-05 2.91411e-05 3.02676e-05 3.07859e-05 3.07271e-05 3.0147e-05 2.91184e-05 2.77238e-05 2.60486e-05 2.41764e-05 2.21845e-05 2.01417e-05 1.81062e-05 1.61255e-05 1.42361e-05 1.24648e-05 1.08291e-05 9.33884e-06 7.99747e-06 6.80337e-06 5.75105e-06 4.83226e-06 4.03695e-06 3.35403e-06 2.77201e-06 2.27946e-06 1.86538e-06 1.51944e-06 1.23215e-06 9.94888e-07 7.99997e-07 6.40723e-07 5.11188e-07 4.06328e-07 3.21821e-07 2.54006e-07 1.99808e-07 1.56665e-07 1.2245e-07 9.54161e-08 7.41303e-08 5.74275e-08 4.4364e-08 3.41792e-08 2.62631e-08 2.01287e-08 1.53886e-08 1.17362e-08 8.92948e-09 6.77832e-09 5.13381e-09 3.87976e-09 2.92576e-09 2.20174e-09 1.65351e-09 1.23931e-09 9.27063e-10 6.92168e-10 5.15829e-10 3.83716e-10 2.84932e-10 2.1121e-10 1.56296e-10 1.15467e-10 8.51641e-11 6.27134e-11 4.61086e-11 3.38482e-11 2.48104e-11 1.8159e-11 1.32714e-11 9.6856e-12 7.05876e-12 5.13731e-12 3.73387e-12 2.71024e-12 1.96469e-12 1.42241e-12 1.02853e-12 7.42796e-13 5.35795e-13 3.86022e-13 2.7779e-13 1.99675e-13 1.43364e-13 1.02819e-13 7.36595e-14 5.27131e-14 3.76833e-14 2.69107e-14
1.5744e-07 5.82333e-07 1.37779e-06 2.60456e-06 4.27084e-06 6.33168e-06 8.69702e-06 1.12452e-05 1.38386e-05 1.63394e-05 1.86219e-05 2.05827e-05 2.21463e-05 2.3267e-05 2.39281e-05 2.41389e-05 2.39298e-05 2.33471e-05 2.24475e-05 2.12931e-05 1.99473e-05 1.84708e-05 1.69193e-05 1.5342e-05 1.37803e-05 1.22674e-05 1.08291e-05 9.48371e-06 8.24317e-06 7.11394e-06 6.0979e-06 5.19336e-06 4.39586e-06 3.69905e-06 3.09528e-06 2.57618e-06 2.13314e-06 1.75759e-06 1.44131e-06 1.17658e-06 9.56265e-07 7.73932e-07 6.2382e-07 5.00854e-07 4.00604e-07 3.19249e-07 2.53516e-07 2.00628e-07 1.58247e-07 1.24418e-07 9.75162e-08 7.62002e-08 5.93691e-08 4.61238e-08 3.57344e-08 2.76107e-08 2.1278e-08 1.6356e-08 1.25413e-08 9.59309e-09 7.32066e-09 5.57371e-09 4.23414e-09 3.20949e-09 2.42762e-09 1.8324e-09 1.38031e-09 1.03769e-09 7.78601e-10 5.83092e-10 4.35866e-10 3.25221e-10 2.42233e-10 1.80107e-10 1.33686e-10 9.90647e-11 7.32893e-11 5.41334e-11 3.99217e-11 2.93956e-11 2.16123e-11 1.58663e-11 1.1631e-11 8.51416e-12 6.22383e-12 4.54336e-12 3.31215e-12 2.41139e-12 1.75331e-12 1.27319e-12 9.2339e-13 6.68865e-13 4.8391e-13 3.49681e-13 2.52389e-13 1.81956e-13 1.31029e-13 9.42509e-14 6.77212e-14 4.86064e-14 3.48498e-14
9.68861e-08 3.69423e-07 8.95601e-07 1.72901e-06 2.88891e-06 4.35699e-06 6.08041e-06 7.97955e-06 9.95832e-06 1.1915e-05 1.37525e-05 1.5386e-05 1.67486e-05 1.77946e-05 1.84995e-05 1.88591e-05 1.88867e-05 1.86095e-05 1.80651e-05 1.72971e-05 1.63524e-05 1.52775e-05 1.41166e-05 1.29101e-05 1.1693e-05 1.04948e-05 9.33884e-06 8.24317e-06 7.22046e-06 6.2788e-06 5.42234e-06 4.65201e-06 3.96618e-06 3.36128e-06 2.8324e-06 2.37371e-06 1.97889e-06 1.64147e-06 1.35502e-06 1.11337e-06 9.10741e-07 7.41788e-07 6.01677e-07 4.86081e-07 3.91178e-07 3.13631e-07 2.5055e-07 1.99458e-07 1.58248e-07 1.25142e-07 9.8647e-08 7.75222e-08 6.07389e-08 4.7451e-08 3.69654e-08 2.87179e-08 2.2251e-08 1.71955e-08 1.3255e-08 1.01924e-08 7.81854e-09 5.98353e-09 4.56874e-09 3.48071e-09 2.64602e-09 2.00722e-09 1.51948e-09 1.14792e-09 8.65508e-10 6.51309e-10 4.89192e-10 3.66747e-10 2.74452e-10 2.05018e-10 1.52885e-10 1.13814e-10 8.45868e-11 6.27623e-11 4.64942e-11 3.43887e-11 2.53959e-11 1.87264e-11 1.3788e-11 1.01371e-11 7.44234e-12 5.45625e-12 3.99467e-12 2.92065e-12 2.13256e-12 1.55509e-12 1.13254e-12 8.23762e-13 5.98429e-13 4.34204e-13 3.14669e-13 2.27773e-13 1.64682e-13 1.18931e-13 8.57941e-14 6.18213e-14 4.44986e-14
5.96222e-08 2.34146e-07 5.81291e-07 1.1455e-06 1.94945e-06 2.98988e-06 4.23793e-06 5.64312e-06 7.13982e-06 8.65471e-06 1.01142e-05 1.14509e-05 1.26082e-05 1.35438e-05 1.42307e-05 1.46573e-05 1.48259e-05 1.47506e-05 1.44547e-05 1.39679e-05 1.33238e-05 1.25574e-05 1.17029e-05 1.07926e-05 9.85553e-06 8.91687e-06 7.99747e-06 7.11394e-06 6.2788e-06 5.5008e-06 4.78542e-06 4.13528e-06 3.55073e-06 3.03029e-06 2.57112e-06 2.16939e-06 1.82069e-06 1.52023e-06 1.26312e-06 1.04454e-06 8.5986e-07 7.04737e-07 5.75164e-07 4.67503e-07 3.78501e-07 3.0528e-07 2.45318e-07 1.96434e-07 1.56749e-07 1.24664e-07 9.88255e-08 7.80968e-08 6.15279e-08 4.83307e-08 3.7855e-08 2.9567e-08 2.30308e-08 1.78919e-08 1.38639e-08 1.07157e-08 8.26215e-09 6.35517e-09 4.87696e-09 3.73408e-09 2.85268e-09 2.17462e-09 1.65422e-09 1.25576e-09 9.51349e-10 7.1931e-10 5.42816e-10 4.08854e-10 3.07383e-10 2.30677e-10 1.72806e-10 1.29229e-10 9.64759e-11 7.19043e-11 5.35034e-11 3.97476e-11 2.94821e-11 2.18341e-11 1.61457e-11 1.19215e-11 8.78971e-12 6.47136e-12 4.75781e-12 3.49316e-12 2.56119e-12 1.87537e-12 1.37139e-12 1.00157e-12 7.30546e-13 5.32201e-13 3.87233e-13 2.81415e-13 2.04271e-13 1.48102e-13 1.07255e-13 7.75863e-14 5.60621e-14
3.66906e-08 1.4828e-07 3.76751e-07 7.57487e-07 1.31251e-06 2.04637e-06 2.94512e-06 3.978e-06 5.10127e-06 6.26314e-06 7.40907e-06 8.48666e-06 9.44974e-06 1.02612e-05 1.08947e-05 1.13353e-05 1.15785e-05 1.16299e-05 1.15026e-05 1.12161e-05 1.07935e-05 1.02604e-05 9.64287e-06 8.96624e-06 8.25397e-06 7.52701e-06 6.80337e-06 6.0979e-06 5.42234e-06 4.78542e-06 4.19318e-06 3.64928e-06 3.15536e-06 2.71143e-06 2.31619e-06 1.96737e-06 1.66203e-06 1.39677e-06 1.16798e-06 9.71977e-07 8.05126e-07 6.63948e-07 5.45174e-07 4.45793e-07 3.6307e-07 2.94554e-07 2.38074e-07 1.91728e-07 1.53863e-07 1.23056e-07 9.80936e-08 7.79449e-08 6.17426e-08 4.87609e-08 3.83959e-08 3.0148e-08 2.36063e-08 1.84342e-08 1.43575e-08 1.11537e-08 8.64328e-09 6.68158e-09 5.15288e-09 3.96473e-09 3.04366e-09 2.33142e-09 1.782e-09 1.35919e-09 1.03457e-09 7.85894e-10 5.95817e-10 4.50842e-10 3.40501e-10 2.5669e-10 1.9316e-10 1.45096e-10 1.08803e-10 8.1449e-11 6.08707e-11 4.54174e-11 3.3833e-11 2.51637e-11 1.86871e-11 1.38564e-11 1.02592e-11 7.58479e-12 5.59954e-12 4.1281e-12 3.03912e-12 2.23437e-12 1.64053e-12 1.20294e-12 8.80931e-13 6.44303e-13 4.70649e-13 3.43377e-13 2.5022e-13 1.8212e-13 1.32399e-13 9.61418e-14 6.97347e-14
2.25788e-08 9.38277e-08 2.43854e-07 5.00011e-07 8.81773e-07 1.39713e-06 2.04101e-06 2.79567e-06 3.63275e-06 4.51644e-06 5.40709e-06 6.26488e-06 7.05306e-06 7.74043e-06 8.30302e-06 8.72493e-06 8.9984e-06 9.12327e-06 9.10595e-06 8.95819e-06 8.69558e-06 8.33627e-06 7.89956e-06 7.40488e-06 6.87083e-06 6.31451e-06 5.75105e-06 5.19336e-06 4.65201e-06 4.13528e-06 3.64928e-06 3.19815e-06 2.78434e-06 2.40883e-06 2.07144e-06 1.77106e-06 1.50589e-06 1.27365e-06 1.07175e-06 8.97445e-07 7.47957e-07 6.20546e-07 5.1259e-07 4.21631e-07 3.454e-07 2.81839e-07 2.291e-07 1.85544e-07 1.49732e-07 1.20415e-07 9.65138e-08 7.7105e-08 6.14048e-08 4.87515e-08 3.85902e-08 3.04583e-08 2.39722e-08 1.88156e-08 1.47287e-08 1.14995e-08 8.95549e-09 6.95704e-09 5.39151e-09 4.16843e-09 3.2154e-09 2.4747e-09 1.90045e-09 1.45632e-09 1.11365e-09 8.49868e-10 6.47265e-10 4.91996e-10 3.73256e-10 2.82641e-10 2.13632e-10 1.61181e-10 1.21393e-10 9.12687e-11 6.85036e-11 5.13314e-11 3.84011e-11 2.8682e-11 2.13892e-11 1.59261e-11 1.18404e-11 8.7898e-12 6.51566e-12 4.82299e-12 3.56502e-12 2.63153e-12 1.93983e-12 1.42804e-12 1.04989e-12 7.70883e-13 5.65302e-13 4.14029e-13 3.02864e-13 2.21278e-13 1.61478e-13 1.177e-13 8.56924e-14
1.38947e-08 5.93269e-08 1.57634e-07 3.29495e-07 5.91181e-07 9.51618e-07 1.41071e-06 1.95905e-06 2.57886e-06 3.24592e-06 3.93196e-06 4.60732e-06 5.24339e-06 5.81473e-06 6.30053e-06 6.6856e-06 6.96073e-06 7.12254e-06 7.17296e-06 7.11838e-06 6.96877e-06 6.73658e-06 6.43577e-06 6.08093e-06 5.68649e-06 5.26611e-06 4.83226e-06 4.39586e-06 3.96618e-06 3.55073e-06 3.15536e-06 2.78434e-06 2.4405e-06 2.12545e-06 1.83977e-06 1.58317e-06 1.35473e-06 1.15301e-06 9.76261e-07 8.225e-07 6.89644e-07 5.75584e-07 4.78256e-07 3.95682e-07 3.26011e-07 2.67533e-07 2.18695e-07 1.78103e-07 1.44519e-07 1.16856e-07 9.41657e-08 7.56304e-08 6.05485e-08 4.8323e-08 3.8449e-08 3.05025e-08 2.41289e-08 1.90338e-08 1.49738e-08 1.17486e-08 9.19428e-09 7.17721e-09 5.58889e-09 4.34165e-09 3.36486e-09 2.60187e-09 2.00741e-09 1.54539e-09 1.18717e-09 9.10088e-10 6.96253e-10 5.31599e-10 4.05092e-10 3.081e-10 2.33893e-10 1.77234e-10 1.34059e-10 1.01223e-10 7.62977e-11 5.7413e-11 4.31308e-11 3.23488e-11 2.42233e-11 1.81104e-11 1.35193e-11 1.00769e-11 7.49982e-12 5.57369e-12 4.13631e-12 3.06529e-12 2.26846e-12 1.67648e-12 1.23733e-12 9.12013e-13 6.7136e-13 4.9358e-13 3.62424e-13 2.65791e-13 1.94688e-13 1.42436e-13 1.04085e-13
