0.292109 0.12028 0.0495271 0.0203935 0.00839733 0.00345773 0.00142377 0.000586258 0.0002414 9.94001e-05 4.09295e-05 1.68533e-05 6.9396e-06 2.85748e-06 1.17661e-06 4.84487e-07 1.99494e-07 8.21448e-08 3.38243e-08 1.39277e-08 5.73492e-09 2.36144e-09 9.72357e-10 4.00382e-10 1.64863e-10 6.78849e-11 2.79526e-11 1.15099e-11 4.73937e-12 1.9515e-12 8.0356e-13 3.30878e-13 1.36244e-13 5.61004e-14 2.31002e-14 9.51183e-15 3.91664e-15 1.61273e-15 6.64066e-16 2.73439e-16 1.12593e-16 4.63616e-17 1.90901e-17 7.86062e-18 3.23673e-18 1.33277e-18 5.48788e-19 2.25971e-19 9.30471e-20 3.83135e-20 1.57761e-20 6.49606e-21 2.67485e-21 1.10141e-21 4.53521e-22 1.86744e-22 7.68946e-23 3.16625e-23 1.30375e-23 5.36838e-24 2.21051e-24 9.10209e-25 3.74792e-25 1.54326e-25 6.3546e-26 2.6166e-26 1.07742e-26 4.43645e-27 1.82677e-27 7.52201e-28 3.0973e-28 1.27536e-28 5.25148e-29 2.16237e-29 8.90389e-30 3.66631e-30 1.50966e-30 6.21623e-31 2.55962e-31 1.05396e-31 4.33985e-32 1.787e-32 7.35822e-33 3.02985e-33 1.24759e-33 5.13712e-34 2.11529e-34 8.71e-35 3.58647e-35 1.47678e-35 6.08087e-36 2.50389e-36 1.03101e-36 4.24534e-37 1.74808e-37 7.19799e-38 2.96388e-38 1.22042e-38 5.02526e-39 2.06922e-39 8.52034e-40
0.12028 0.0652752 0.0333626 0.0164076 0.00785553 0.00368734 0.00170473 0.000778706 0.00035225 0.000158058 7.04417e-05 3.1212e-05 1.37606e-05 6.04025e-06 2.64121e-06 1.15099e-06 5.00057e-07 2.16661e-07 9.36419e-08 4.0382e-08 1.73787e-08 7.46513e-09 3.20119e-09 1.37056e-09 5.85932e-10 2.50154e-10 1.06664e-10 4.54276e-11 1.9326e-11 8.21328e-12 3.48715e-12 1.47921e-12 6.26923e-13 2.6549e-13 1.12344e-13 4.75046e-14 2.00735e-14 8.47672e-15 3.57736e-15 1.50883e-15 6.36025e-16 2.67963e-16 1.12837e-16 4.74915e-17 1.99791e-17 8.40118e-18 3.53116e-18 1.48359e-18 6.23074e-19 2.61576e-19 1.09773e-19 4.60514e-20 1.93125e-20 8.09643e-21 3.3932e-21 1.42165e-21 5.95453e-22 2.49332e-22 1.04373e-22 4.36801e-23 1.82753e-23 7.64431e-24 3.19673e-24 1.3365e-24 5.58646e-25 2.33456e-25 9.75398e-26 4.07443e-26 1.70162e-26 7.10517e-27 2.96621e-27 1.23808e-27 5.16673e-28 2.15579e-28 8.99335e-29 3.75115e-29 1.56436e-29 6.52285e-30 2.71939e-30 1.13355e-30 4.72438e-31 1.96873e-31 8.20287e-32 3.41732e-32 1.42347e-32 5.9286e-33 2.46888e-33 1.028e-33 4.27991e-34 1.78165e-34 7.41582e-35 3.08636e-35 1.28435e-35 5.34409e-36 2.2234e-36 9.2494e-37 3.84738e-37 1.6002e-37 6.65483e-38 2.76732e-38 1.15064e-38
0.0495271 0.0333626 0.0199267 0.0111032 0.00590919 0.00304311 0.0015286 0.000752933 0.000365027 0.000174654 8.26443e-05 3.87362e-05 1.8007e-05 8.31057e-06 3.81107e-06 1.73778e-06 7.88362e-07 3.56007e-07 1.60095e-07 7.17209e-08 3.20184e-08 1.42483e-08 6.32181e-09 2.79727e-09 1.23459e-09 5.4361e-10 2.38833e-10 1.04714e-10 4.58221e-11 2.0015e-11 8.72759e-12 3.79955e-12 1.65161e-12 7.16899e-13 3.10752e-13 1.34526e-13 5.81653e-14 2.51196e-14 1.08361e-14 4.66955e-15 2.01017e-15 8.64505e-16 3.71448e-16 1.59456e-16 6.83933e-17 2.93109e-17 1.25517e-17 5.3709e-18 2.29655e-18 9.81294e-19 4.19015e-19 1.78804e-19 7.6252e-20 3.24984e-20 1.38427e-20 5.89292e-21 2.50728e-21 1.06622e-21 4.53177e-22 1.92519e-22 8.17464e-23 3.46946e-23 1.47183e-23 6.24115e-24 2.64537e-24 1.1208e-24 4.74671e-25 2.00951e-25 8.50394e-26 3.59742e-26 1.52126e-26 6.43082e-27 2.71756e-27 1.14802e-27 4.84815e-28 2.04676e-28 8.6382e-29 3.64459e-29 1.53726e-29 6.48219e-30 2.73259e-30 1.15162e-30 4.85205e-31 2.04376e-31 8.60645e-32 3.62334e-32 1.52507e-32 6.41749e-33 2.69985e-33 1.13557e-33 4.77522e-34 2.0076e-34 8.43852e-35 3.54621e-35 1.48996e-35 6.25887e-36 2.62865e-36 1.10378e-36 4.63397e-37 1.9451e-37 8.16301e-38
0.0203935 0.0164076 0.0111032 0.00683952 0.00396551 0.00220257 0.00118446 0.000620987 0.000318938 0.000161033 8.01408e-05 3.93925e-05 1.91557e-05 9.22734e-06 4.40774e-06 2.0898e-06 9.84172e-07 4.60674e-07 2.14443e-07 9.93188e-08 4.57863e-08 2.10176e-08 9.60975e-09 4.37773e-09 1.98748e-09 8.99449e-10 4.05842e-10 1.82611e-10 8.19516e-11 3.66874e-11 1.63858e-11 7.30237e-12 3.24756e-12 1.44143e-12 6.38588e-13 2.82406e-13 1.24679e-13 5.49556e-14 2.41859e-14 1.06286e-14 4.66422e-15 2.04408e-15 8.94659e-16 3.91094e-16 1.70761e-16 7.44738e-17 3.24446e-17 1.41196e-17 6.13851e-18 2.66612e-18 1.15687e-18 5.0153e-19 2.17234e-19 9.40132e-20 4.06532e-20 1.75653e-20 7.58373e-21 3.27181e-21 1.41052e-21 6.0767e-22 2.61615e-22 1.12557e-22 4.83954e-23 2.07954e-23 8.93036e-24 3.83281e-24 1.64406e-24 7.0482e-25 3.01999e-25 1.29331e-25 5.53581e-26 2.36833e-26 1.01273e-26 4.32853e-27 1.84921e-27 7.89655e-28 3.37053e-28 1.43804e-28 6.13289e-29 2.61446e-29 1.1141e-29 4.74567e-30 2.02072e-30 8.60108e-31 3.65967e-31 1.55659e-31 6.61848e-32 2.81315e-32 1.19531e-32 5.07727e-33 2.15595e-33 9.1519e-34 3.88374e-34 1.64763e-34 6.98778e-35 2.96274e-35 1.25581e-35 5.32153e-36 2.25439e-36 9.54783e-37 4.04266e-37
0.00839733 0.00785553 0.00590919 0.00396551 0.0024748 0.00146741 0.000837247 0.00046348 0.000250362 0.000132516 6.89432e-05 3.53415e-05 1.78847e-05 8.94866e-06 4.43266e-06 2.17601e-06 1.05959e-06 5.12183e-07 2.45927e-07 1.17362e-07 5.56938e-08 2.62924e-08 1.23528e-08 5.77778e-09 2.69123e-09 1.24868e-09 5.77265e-10 2.65959e-10 1.2214e-10 5.5923e-11 2.55317e-11 1.16251e-11 5.2796e-12 2.39194e-12 1.08118e-12 4.87631e-13 2.19471e-13 9.85814e-14 4.41963e-14 1.97781e-14 8.83542e-15 3.94043e-15 1.75455e-15 7.80042e-16 3.46282e-16 1.53506e-16 6.79557e-17 3.00439e-17 1.32659e-17 5.85038e-18 2.57703e-18 1.13386e-18 4.98339e-19 2.18789e-19 9.59576e-20 4.20436e-20 1.84036e-20 8.04819e-21 3.51642e-21 1.53504e-21 6.6953e-22 2.91783e-22 1.27058e-22 5.52843e-23 2.40366e-23 1.04429e-23 4.53378e-24 1.96695e-24 8.5277e-25 3.69472e-25 1.59974e-25 6.92223e-26 2.99346e-26 1.29373e-26 5.588e-27 2.41225e-27 1.04075e-27 4.48783e-28 1.93417e-28 8.33156e-29 3.58706e-29 1.5436e-29 6.63928e-30 2.85431e-30 1.22654e-30 5.26819e-31 2.26178e-31 9.70621e-32 4.16356e-32 1.78525e-32 7.65163e-33 3.2782e-33 1.40394e-33 6.01024e-34 2.57201e-34 1.10025e-34 4.70494e-35 2.01123e-35 8.59444e-36 3.67134e-36 1.56778e-36
0.00345773 0.00368734 0.00304311 0.00220257 0.00146741 0.000922276 0.00055482 0.000322482 0.000182281 0.000100671 5.45171e-05 2.90281e-05 1.52302e-05 7.88785e-06 4.03834e-06 2.04627e-06 1.02725e-06 5.11356e-07 2.52594e-07 1.23896e-07 6.03773e-08 2.92472e-08 1.4089e-08 6.75198e-09 3.22025e-09 1.52894e-09 7.22864e-10 3.40409e-10 1.59706e-10 7.46644e-11 3.47904e-11 1.61598e-11 7.48368e-12 3.45591e-12 1.59161e-12 7.31133e-13 3.35036e-13 1.53169e-13 6.98684e-14 3.18025e-14 1.44461e-14 6.54923e-15 2.96353e-15 1.33858e-15 6.03564e-16 2.71691e-16 1.22103e-16 5.47906e-17 2.4549e-17 1.09834e-17 4.90716e-18 2.18948e-18 9.75629e-19 4.34192e-19 1.92997e-19 8.56849e-20 3.79981e-20 1.68321e-20 7.44811e-21 3.29231e-21 1.45384e-21 6.41361e-22 2.82666e-22 1.24463e-22 5.47541e-23 2.40663e-23 1.05689e-23 4.63754e-24 2.03326e-24 8.90747e-25 3.89925e-25 1.70561e-25 7.45525e-26 3.25636e-26 1.42134e-26 6.19968e-27 2.70241e-27 1.1772e-27 5.12474e-28 2.22959e-28 9.69423e-29 4.21254e-29 1.82946e-29 7.94061e-30 3.44464e-30 1.49347e-30 6.47171e-31 2.80294e-31 1.21335e-31 5.24978e-32 2.2703e-32 9.81332e-33 4.23978e-33 1.83092e-33 7.90315e-34 3.40986e-34 1.47056e-34 6.33933e-35 2.73163e-35 1.17658e-35 5.06573e-36
0.00142377 0.00170473 0.0015286 0.00118446 0.000837247 0.00055482 0.00035026 0.000212853 0.000125411 7.20138e-05 4.04596e-05 2.23083e-05 1.21003e-05 6.4692e-06 3.4145e-06 1.78156e-06 9.19944e-07 4.70569e-07 2.38641e-07 1.2007e-07 5.99748e-08 2.97565e-08 1.46719e-08 7.19239e-09 3.50677e-09 1.70114e-09 8.21316e-10 3.94766e-10 1.88948e-10 9.00781e-11 4.27824e-11 2.02472e-11 9.5499e-12 4.48993e-12 2.10453e-12 9.83575e-13 4.5841e-13 2.13084e-13 9.87975e-14 4.5697e-14 2.10872e-14 9.70919e-15 4.46084e-15 2.0453e-15 9.35916e-16 4.27455e-16 1.94871e-16 8.86819e-17 4.02886e-17 1.82732e-17 8.27474e-18 3.74134e-18 1.68909e-18 7.61474e-19 3.42808e-19 1.5412e-19 6.91992e-20 3.10306e-20 1.38977e-20 6.21697e-21 2.77785e-21 1.23979e-21 5.52728e-22 2.46156e-22 1.09512e-22 4.8671e-23 2.16099e-23 9.5856e-24 4.24796e-24 1.88081e-24 8.32006e-25 3.67732e-25 1.62393e-25 7.16553e-26 3.15921e-26 1.39177e-26 6.12666e-27 2.69497e-27 1.18458e-27 5.20314e-28 2.28382e-28 1.00175e-28 4.39103e-29 1.92348e-29 8.42036e-30 3.68383e-30 1.61065e-30 7.03787e-31 3.07343e-31 1.34139e-31 5.85112e-32 2.55083e-32 1.11144e-32 4.84015e-33 2.1067e-33 9.1648e-34 3.98496e-34 1.73184e-34 7.52283e-35 3.26623e-35 1.41745e-35
0.000586258 0.000778706 0.000752933 0.000620987 0.00046348 0.000322482 0.000212853 0.000134787 8.25264e-05 4.91319e-05 2.8563e-05 1.62683e-05 9.1015e-06 5.01221e-06 2.72173e-06 1.45945e-06 7.73733e-07 4.05979e-07 2.11016e-07 1.08734e-07 5.55834e-08 2.82046e-08 1.4214e-08 7.11777e-09 3.54309e-09 1.75387e-09 8.63655e-10 4.23198e-10 2.0641e-10 1.00234e-10 4.84724e-11 2.3349e-11 1.12053e-11 5.3584e-12 2.55376e-12 1.21319e-12 5.74565e-13 2.71316e-13 1.27759e-13 5.99983e-14 2.81038e-14 1.31316e-14 6.12118e-15 2.84682e-15 1.32108e-15 6.11758e-16 2.82711e-16 1.30392e-16 6.00252e-17 2.75816e-17 1.26513e-17 5.79303e-18 2.64823e-18 1.20867e-18 5.50789e-19 2.50615e-19 1.13866e-19 5.16612e-20 2.34065e-20 1.05908e-20 4.78582e-21 2.15991e-21 9.736e-22 4.38336e-22 1.97119e-22 8.8544e-23 3.97292e-23 1.78072e-23 7.97306e-24 3.56625e-24 1.59355e-24 7.11376e-25 3.17263e-25 1.41364e-25 6.29312e-26 2.79904e-26 1.24388e-26 5.52306e-27 2.45033e-27 1.08622e-27 4.8114e-28 2.12955e-28 9.4184e-29 4.16242e-29 1.83823e-29 8.11233e-30 3.57759e-30 1.57667e-30 6.94384e-31 3.05616e-31 1.34423e-31 5.90879e-32 2.59571e-32 1.1396e-32 5.00022e-33 2.19267e-33 9.60971e-34 4.20924e-34 1.84271e-34 8.06262e-35 3.52586e-35
0.0002414 0.00035225 0.000365027 0.000318938 0.000250362 0.000182281 0.000125411 8.25264e-05 5.23763e-05 3.22543e-05 1.93609e-05 1.13679e-05 6.54732e-06 3.70732e-06 2.06765e-06 1.1376e-06 6.18251e-07 3.32269e-07 1.76759e-07 9.3154e-08 4.86711e-08 2.52271e-08 1.29789e-08 6.63143e-09 3.36642e-09 1.69864e-09 8.52247e-10 4.25311e-10 2.11183e-10 1.04361e-10 5.13407e-11 2.51493e-11 1.22695e-11 5.96278e-12 2.88717e-12 1.39307e-12 6.69912e-13 3.21123e-13 1.53459e-13 7.31204e-14 3.47424e-14 1.6463e-14 7.78083e-15 3.66825e-15 1.72523e-15 8.09521e-16 3.79e-16 1.77057e-16 8.25439e-17 3.84046e-17 1.78335e-17 8.2656e-18 3.82403e-18 1.76605e-18 8.14225e-19 3.74771e-19 1.72223e-19 7.90203e-20 3.62017e-20 1.65608e-20 7.56509e-21 3.45099e-21 1.57212e-21 7.15249e-22 3.24993e-22 1.47485e-22 6.68492e-23 3.02643e-23 1.36856e-23 6.18171e-24 2.78918e-24 1.25713e-24 5.66018e-25 2.54587e-25 1.14396e-25 5.13523e-26 2.30301e-26 1.03188e-26 4.6192e-27 2.06594e-27 9.23188e-28 4.12185e-28 1.83879e-28 8.19631e-29 3.65053e-29 1.62463e-29 7.22467e-30 3.21037e-30 1.42552e-30 6.32522e-31 2.8046e-31 1.24269e-31 5.50252e-32 2.43482e-32 1.07668e-32 4.75805e-33 2.10134e-33 9.27452e-34 4.09093e-34 1.8034e-34 7.94526e-35
9.94001e-05 0.000158058 0.000174654 0.000161033 0.000132516 0.000100671 7.20138e-05 4.91319e-05 3.22543e-05 2.05056e-05 1.26858e-05 7.66559e-06 4.53781e-06 2.63793e-06 1.50889e-06 8.50629e-07 4.73283e-07 2.60204e-07 1.41503e-07 7.61833e-08 4.06384e-08 2.14929e-08 1.1277e-08 5.87321e-09 3.03771e-09 1.56097e-09 7.97251e-10 4.04855e-10 2.0448e-10 1.02749e-10 5.13806e-11 2.55754e-11 1.2675e-11 6.25554e-12 3.07512e-12 1.50597e-12 7.34861e-13 3.57349e-13 1.73199e-13 8.36798e-14 4.03066e-14 1.93581e-14 9.27111e-15 4.42821e-15 2.10958e-15 1.00248e-15 4.75233e-16 2.24763e-16 1.06064e-16 4.99416e-17 2.34664e-17 1.10039e-17 5.14978e-18 2.40549e-18 1.12154e-18 5.21974e-19 2.42508e-19 1.12478e-19 5.20834e-20 2.4079e-20 1.11148e-20 5.12287e-21 2.3577e-21 1.08353e-21 4.97271e-22 2.27906e-22 1.04315e-22 4.76846e-23 2.17704e-23 9.9271e-24 4.52127e-24 2.05681e-24 9.34614e-25 4.24218e-25 1.92342e-25 8.71161e-26 3.9416e-26 1.78159e-26 8.04473e-27 3.62906e-27 1.63555e-27 7.3643e-28 3.31287e-28 1.48898e-28 6.68645e-29 3.00007e-29 1.34494e-29 6.02445e-30 2.69639e-30 1.20588e-30 5.38881e-31 2.4063e-31 1.0737e-31 4.78739e-32 2.13306e-32 9.49732e-33 4.2257e-33 1.87889e-33 8.34863e-34 3.70718e-34 1.6451e-34
4.09295e-05 7.04417e-05 8.26443e-05 8.01408e-05 6.89432e-05 5.45171e-05 4.04596e-05 2.8563e-05 1.93609e-05 1.26858e-05 8.07589e-06 5.01482e-06 3.047e-06 1.81611e-06 1.06407e-06 6.1392e-07 3.49306e-07 1.96245e-07 1.08983e-07 5.98818e-08 3.2581e-08 1.75663e-08 9.39129e-09 4.98132e-09 2.62278e-09 1.37145e-09 7.12485e-10 3.67889e-10 1.88865e-10 9.64305e-11 4.89816e-11 2.47584e-11 1.24562e-11 6.23913e-12 3.1119e-12 1.54588e-12 7.64978e-13 3.77157e-13 1.85294e-13 9.07253e-14 4.42777e-14 2.1542e-14 1.04492e-14 5.0539e-15 2.4376e-15 1.17255e-15 5.62575e-16 2.69243e-16 1.28547e-16 6.12302e-17 2.90999e-17 1.37997e-17 6.53026e-18 3.08391e-18 1.45349e-18 6.83733e-19 3.21033e-19 1.50461e-19 7.0394e-20 3.28778e-20 1.53302e-20 7.13654e-21 3.31699e-21 1.53934e-21 7.13306e-22 3.30054e-22 1.52503e-22 7.03675e-23 3.24249e-23 1.49216e-23 6.85793e-24 3.14794e-24 1.44321e-24 6.60862e-25 3.02263e-25 1.38091e-25 6.3017e-26 2.87261e-26 1.30807e-26 5.95022e-27 2.7039e-27 1.22747e-27 5.56682e-28 2.52224e-28 1.14171e-28 5.16327e-29 2.33293e-29 1.05316e-29 4.75014e-30 2.14068e-30 9.639e-31 4.33668e-31 1.94954e-31 8.75719e-32 3.93062e-32 1.76289e-32 7.9007e-33 3.53824e-33 1.58342e-33 7.08102e-34 3.16441e-34
1.68533e-05 3.1212e-05 3.87362e-05 3.93925e-05 3.53415e-05 2.90281e-05 2.23083e-05 1.62683e-05 1.13679e-05 7.66559e-06 5.01482e-06 3.19597e-06 1.99073e-06 1.21517e-06 7.28499e-07 4.29713e-07 2.4978e-07 1.43264e-07 8.11731e-08 4.54788e-08 2.52176e-08 1.38493e-08 7.53832e-09 4.06915e-09 2.17947e-09 1.15885e-09 6.11957e-10 3.21075e-10 1.67433e-10 8.68097e-11 4.4763e-11 2.29623e-11 1.17211e-11 5.95496e-12 3.01193e-12 1.51689e-12 7.6083e-13 3.80122e-13 1.89204e-13 9.38381e-14 4.63799e-14 2.28476e-14 1.12194e-14 5.49243e-15 2.68088e-15 1.30483e-15 6.33339e-16 3.06596e-16 1.48042e-16 7.13058e-17 3.42629e-17 1.64254e-17 7.85657e-18 3.74976e-18 1.78589e-18 8.48826e-19 4.02641e-19 1.90624e-19 9.0079e-20 4.2489e-20 2.0006e-20 9.40357e-21 4.41262e-21 2.06723e-21 9.66922e-22 4.51563e-22 2.10566e-22 9.80434e-23 4.55851e-23 2.11649e-23 9.81332e-24 4.54395e-24 2.10128e-24 9.70461e-25 4.47642e-25 2.06231e-25 9.48981e-26 4.36169e-26 2.00243e-26 9.18274e-27 4.20642e-27 1.92481e-27 8.79849e-28 4.01774e-28 1.83281e-28 8.35266e-29 3.80288e-29 1.72977e-29 7.86066e-30 3.5689e-30 1.6189e-30 7.33712e-31 3.32243e-31 1.50321e-31 6.7955e-32 3.06951e-32 1.38538e-32 6.24781e-33 2.81547e-33 1.26778e-33 5.70442e-34
6.9396e-06 1.37606e-05 1.8007e-05 1.91557e-05 1.78847e-05 1.52302e-05 1.21003e-05 9.1015e-06 6.54732e-06 4.53781e-06 3.047e-06 1.99073e-06 1.26985e-06 7.93038e-07 4.85995e-07 2.92814e-07 1.7373e-07 1.01643e-07 5.87102e-08 3.35147e-08 1.89248e-08 1.05791e-08 5.8586e-09 3.21618e-09 1.75119e-09 9.46219e-10 5.07595e-10 2.70451e-10 1.43177e-10 7.53386e-11 3.94151e-11 2.05085e-11 1.06157e-11 5.46779e-12 2.80303e-12 1.43049e-12 7.26899e-13 3.67851e-13 1.85419e-13 9.3109e-14 4.65853e-14 2.32267e-14 1.15416e-14 5.71663e-15 2.82266e-15 1.38954e-15 6.82063e-16 3.33857e-16 1.62974e-16 7.9349e-17 3.85357e-17 1.86689e-17 9.02286e-18 4.35079e-18 2.09325e-18 1.00493e-18 4.8143e-19 2.30167e-19 1.09823e-19 5.23e-20 2.48597e-20 1.17949e-20 5.58629e-21 2.64118e-21 1.24664e-21 5.87446e-22 2.76375e-22 1.29823e-22 6.08892e-23 2.85156e-23 1.3335e-23 6.22713e-24 2.90389e-24 1.35233e-24 6.28943e-25 2.92131e-25 1.35517e-25 6.2787e-26 2.9055e-26 1.34294e-26 6.19992e-27 2.85905e-27 1.31697e-27 6.05972e-28 2.78526e-28 1.27886e-28 5.8659e-29 2.68787e-29 1.23042e-29 5.62697e-30 2.57089e-30 1.17351e-30 5.35172e-31 2.43842e-31 1.11004e-31 5.04885e-32 2.29444e-32 1.04183e-32 4.7267e-33 2.14274e-33 9.70588e-34
2.85748e-06 6.04025e-06 8.31057e-06 9.22734e-06 8.94866e-06 7.88785e-06 6.4692e-06 5.01221e-06 3.70732e-06 2.63793e-06 1.81611e-06 1.21517e-06 7.93038e-07 5.06247e-07 3.16864e-07 1.94844e-07 1.17905e-07 7.03123e-08 4.13731e-08 2.4047e-08 1.38187e-08 7.85771e-09 4.42454e-09 2.4687e-09 1.36569e-09 7.49457e-10 4.0819e-10 2.20743e-10 1.18575e-10 6.329e-11 3.35783e-11 1.77131e-11 9.29323e-12 4.85049e-12 2.51916e-12 1.30219e-12 6.70088e-13 3.43329e-13 1.75182e-13 8.90312e-14 4.50751e-14 2.27372e-14 1.14289e-14 5.72528e-15 2.85868e-15 1.42286e-15 7.06048e-16 3.49323e-16 1.7234e-16 8.47904e-17 4.16055e-17 2.03627e-17 9.94109e-18 4.8415e-18 2.35237e-18 1.14036e-18 5.51586e-19 2.66227e-19 1.28228e-19 6.16352e-20 2.95676e-20 1.41569e-20 6.76561e-21 3.22739e-21 1.53683e-21 7.30541e-22 3.46681e-22 1.64248e-22 7.7691e-23 3.6691e-23 1.73015e-23 8.1462e-24 3.82994e-24 1.79808e-24 8.4298e-25 3.94668e-25 1.8453e-25 8.61654e-26 4.01831e-26 1.87159e-26 8.70648e-27 4.04533e-27 1.87739e-27 8.70268e-28 4.02959e-28 1.86375e-28 8.61078e-29 3.97406e-29 1.8322e-29 8.43851e-30 3.88259e-30 1.78463e-30 8.19509e-31 3.75964e-31 1.72319e-31 7.89078e-32 3.61007e-32 1.65016e-32 7.53633e-33 3.43891e-33 1.56789e-33
1.17661e-06 2.64121e-06 3.81107e-06 4.40774e-06 4.43266e-06 4.03834e-06 3.4145e-06 2.72173e-06 2.06765e-06 1.50889e-06 1.06407e-06 7.28499e-07 4.85995e-07 3.16864e-07 2.02406e-07 1.26932e-07 7.82838e-08 4.75522e-08 2.84855e-08 1.68467e-08 9.84617e-09 5.69186e-09 3.25692e-09 1.84596e-09 1.03697e-09 5.77661e-10 3.19273e-10 1.75157e-10 9.5422e-11 5.16402e-11 2.77712e-11 1.48459e-11 7.89132e-12 4.17197e-12 2.19427e-12 1.14841e-12 5.98209e-13 3.10204e-13 1.60163e-13 8.23516e-14 4.21744e-14 2.15159e-14 1.09362e-14 5.539e-15 2.7958e-15 1.40652e-15 7.05345e-16 3.52629e-16 1.75768e-16 8.73598e-17 4.32983e-17 2.14022e-17 1.05513e-17 5.18866e-18 2.54526e-18 1.24558e-18 6.08142e-19 2.9625e-19 1.43999e-19 6.98448e-20 3.38071e-20 1.63307e-20 7.87318e-21 3.78846e-21 1.81955e-21 8.72323e-22 4.17464e-22 1.99439e-22 9.5119e-23 4.52906e-23 2.15303e-23 1.0219e-23 4.84286e-24 2.29161e-24 1.08279e-24 5.10884e-25 2.40708e-25 1.13256e-25 5.32168e-26 2.49726e-26 1.17036e-26 5.47805e-27 2.56091e-27 1.19574e-27 5.57652e-28 2.59767e-28 1.20867e-28 5.61751e-29 2.60797e-29 1.20947e-29 5.60305e-30 2.59301e-30 1.19878e-30 5.53659e-31 2.55456e-31 1.17753e-31 5.42266e-32 2.49488e-32 1.1468e-32 5.26664e-33 2.41655e-33
4.84487e-07 1.15099e-06 1.73778e-06 2.0898e-06 2.17601e-06 2.04627e-06 1.78156e-06 1.45945e-06 1.1376e-06 8.50629e-07 6.1392e-07 4.29713e-07 2.92814e-07 1.94844e-07 1.26932e-07 8.11262e-08 5.09612e-08 3.15117e-08 1.92059e-08 1.15512e-08 6.86254e-09 4.03086e-09 2.34266e-09 1.3481e-09 7.68622e-10 4.34439e-10 2.43552e-10 1.35489e-10 7.48263e-11 4.104e-11 2.23624e-11 1.21097e-11 6.51894e-12 3.4896e-12 1.85798e-12 9.84181e-13 5.18772e-13 2.72167e-13 1.42147e-13 7.39195e-14 3.82804e-14 1.9745e-14 1.01454e-14 5.19363e-15 2.64925e-15 1.34672e-15 6.8232e-16 3.4459e-16 1.73488e-16 8.70823e-17 4.3584e-17 2.17521e-17 1.08265e-17 5.37433e-18 2.661e-18 1.31426e-18 6.47542e-19 3.18295e-19 1.56099e-19 7.63837e-20 3.7296e-20 1.81722e-20 8.8361e-21 4.28791e-21 2.07674e-21 1.00391e-21 4.84398e-22 2.33305e-22 1.12171e-22 5.38376e-23 2.57965e-23 1.23402e-23 5.89366e-24 2.81039e-24 1.33807e-24 6.36124e-25 3.0197e-25 1.43141e-25 6.77563e-26 3.20286e-26 1.51196e-26 7.12799e-27 3.35608e-27 1.57814e-27 7.41169e-28 3.47664e-28 1.62885e-28 7.62246e-29 3.56293e-29 1.66352e-29 7.75833e-30 3.61439e-30 1.68204e-30 7.81958e-31 3.63146e-31 1.68477e-31 7.80846e-32 3.61548e-32 1.67244e-32 7.72898e-33 3.56854e-33
1.99494e-07 5.00057e-07 7.88362e-07 9.84172e-07 1.05959e-06 1.02725e-06 9.19944e-07 7.73733e-07 6.18251e-07 4.73283e-07 3.49306e-07 2.4978e-07 1.7373e-07 1.17905e-07 7.82838e-08 5.09612e-08 3.25867e-08 2.05004e-08 1.27057e-08 7.76718e-09 4.68824e-09 2.79665e-09 1.65006e-09 9.63636e-10 5.57391e-10 3.19518e-10 1.81615e-10 1.02408e-10 5.73111e-11 3.18447e-11 1.75748e-11 9.63705e-12 5.25213e-12 2.84569e-12 1.53327e-12 8.21746e-13 4.38169e-13 2.32501e-13 1.22794e-13 6.4562e-14 3.37989e-14 1.76208e-14 9.14986e-15 4.73295e-15 2.43914e-15 1.25253e-15 6.40971e-16 3.26917e-16 1.66201e-16 8.42313e-17 4.25598e-17 2.14414e-17 1.07714e-17 5.39628e-18 2.69622e-18 1.34366e-18 6.67929e-19 3.31212e-19 1.6385e-19 8.08687e-20 3.98232e-20 1.95676e-20 9.59423e-21 4.69438e-21 2.29226e-21 1.1171e-21 5.43349e-22 2.63784e-22 1.27826e-22 6.18313e-23 2.98563e-23 1.4392e-23 6.92591e-24 3.32753e-24 1.59614e-24 7.64435e-25 3.65548e-25 1.74541e-25 8.32168e-26 3.96187e-26 1.88356e-26 8.94248e-27 4.23984e-27 2.00755e-27 9.49331e-28 4.48349e-28 2.11481e-28 9.96314e-29 4.68811e-29 2.20337e-29 1.03436e-29 4.85025e-30 2.27181e-30 1.06292e-30 4.96781e-31 2.31936e-31 1.08173e-31 5.03996e-32 2.34584e-32 1.09079e-32 5.06711e-33
8.21448e-08 2.16661e-07 3.56007e-07 4.60674e-07 5.12183e-07 5.11356e-07 4.70569e-07 4.05979e-07 3.32269e-07 2.60204e-07 1.96245e-07 1.43264e-07 1.01643e-07 7.03123e-08 4.75522e-08 3.15117e-08 2.05004e-08 1.31144e-08 8.26118e-09 5.13065e-09 3.14489e-09 1.90437e-09 1.14019e-09 6.75471e-10 3.96216e-10 2.30258e-10 1.32646e-10 7.57854e-11 4.29621e-11 2.41755e-11 1.35088e-11 7.49833e-12 4.13577e-12 2.26737e-12 1.2359e-12 6.69961e-13 3.61263e-13 1.93822e-13 1.03485e-13 5.49962e-14 2.90969e-14 1.53282e-14 8.04158e-15 4.20202e-15 2.18729e-15 1.13434e-15 5.86168e-16 3.01855e-16 1.54925e-16 7.92569e-17 4.04194e-17 2.05505e-17 1.04178e-17 5.2661e-18 2.65459e-18 1.33455e-18 6.69172e-19 3.34684e-19 1.66978e-19 8.31072e-20 4.12669e-20 2.04444e-20 1.01061e-20 4.98485e-21 2.45361e-21 1.20522e-21 5.90818e-22 2.89063e-22 1.41156e-22 6.88016e-23 3.34738e-23 1.62569e-23 7.88159e-24 3.81462e-24 1.84317e-24 8.89145e-25 4.2824e-25 2.05932e-25 9.88779e-26 4.7405e-26 2.26941e-26 1.08487e-26 5.17883e-27 2.46881e-27 1.17532e-27 5.5879e-28 2.65324e-28 1.25821e-28 5.95912e-29 2.8189e-29 1.33184e-29 6.2851e-30 2.96256e-30 1.39484e-30 6.55989e-31 3.08169e-31 1.44614e-31 6.77909e-32 3.17451e-32 1.48503e-32 6.93992e-33
3.38243e-08 9.36419e-08 1.60095e-07 2.14443e-07 2.45927e-07 2.52594e-07 2.38641e-07 2.11016e-07 1.76759e-07 1.41503e-07 1.08983e-07 8.11731e-08 5.87102e-08 4.13731e-08 2.84855e-08 1.92059e-08 1.27057e-08 8.26118e-09 5.28679e-09 3.33422e-09 2.07457e-09 1.27472e-09 7.74156e-10 4.65055e-10 2.76531e-10 1.6286e-10 9.50522e-11 5.50059e-11 3.15761e-11 1.79884e-11 1.01738e-11 5.71464e-12 3.18896e-12 1.76847e-12 9.74899e-13 5.34378e-13 2.9132e-13 1.57989e-13 8.52524e-14 4.57826e-14 2.4473e-14 1.3024e-14 6.90155e-15 3.64214e-15 1.91444e-15 1.00244e-15 5.22961e-16 2.71847e-16 1.40824e-16 7.27061e-17 3.74159e-17 1.91945e-17 9.81688e-18 5.00594e-18 2.54537e-18 1.29064e-18 6.52657e-19 3.2917e-19 1.65594e-19 8.30973e-20 4.15984e-20 2.0775e-20 1.03516e-20 5.14635e-21 2.55295e-21 1.26375e-21 6.24276e-22 3.0776e-22 1.51421e-22 7.43568e-23 3.64447e-23 1.78298e-23 8.70713e-24 4.2446e-24 2.06561e-24 1.00352e-24 4.8673e-25 2.35693e-25 1.13951e-25 5.50065e-26 2.65125e-26 1.27597e-26 6.13194e-27 2.94261e-27 1.41013e-27 6.7482e-28 3.22501e-28 1.53921e-28 7.33672e-29 3.49262e-29 1.66057e-29 7.88551e-30 3.74005e-30 1.77178e-30 8.38373e-31 3.96248e-31 1.87072e-31 8.82205e-32 4.15584e-32 1.95562e-32 9.19288e-33
1.39277e-08 4.0382e-08 7.17209e-08 9.93188e-08 1.17362e-07 1.23896e-07 1.2007e-07 1.08734e-07 9.3154e-08 7.61833e-08 5.98818e-08 4.54788e-08 3.35147e-08 2.4047e-08 1.68467e-08 1.15512e-08 7.76718e-09 5.13065e-09 3.33422e-09 2.13447e-09 1.34757e-09 8.39867e-10 5.17191e-10 3.14932e-10 1.89765e-10 1.13221e-10 6.69267e-11 3.92159e-11 2.27888e-11 1.31392e-11 7.51935e-12 4.2728e-12 2.41166e-12 1.35246e-12 7.53822e-13 4.177e-13 2.30155e-13 1.26136e-13 6.87727e-14 3.73114e-14 2.01464e-14 1.08284e-14 5.79449e-15 3.08759e-15 1.63849e-15 8.66059e-16 4.56029e-16 2.39239e-16 1.2506e-16 6.51486e-17 3.38249e-17 1.75048e-17 9.03048e-18 4.64449e-18 2.38165e-18 1.21778e-18 6.20932e-19 3.15746e-19 1.60134e-19 8.10051e-20 4.08746e-20 2.05747e-20 1.0332e-20 5.17639e-21 2.58755e-21 1.29061e-21 6.42345e-22 3.19029e-22 1.58126e-22 7.82181e-23 3.86156e-23 1.90278e-23 9.35846e-24 4.59438e-24 2.25151e-24 1.10144e-24 5.37909e-25 2.62257e-25 1.27654e-25 6.20361e-26 3.01003e-26 1.45824e-26 7.05391e-27 3.40713e-27 1.6433e-27 7.91454e-28 3.80652e-28 1.82825e-28 8.76917e-29 4.20056e-29 2.00953e-29 9.60124e-30 4.58161e-30 2.18361e-30 1.03946e-30 4.94225e-31 2.34713e-31 1.1134e-31 5.27564e-32 2.497e-32 1.18056e-32
5.73492e-09 1.73787e-08 3.20184e-08 4.57863e-08 5.56938e-08 6.03773e-08 5.99748e-08 5.55834e-08 4.86711e-08 4.06384e-08 3.2581e-08 2.52176e-08 1.89248e-08 1.38187e-08 9.84617e-09 6.86254e-09 4.68824e-09 3.14489e-09 2.07457e-09 1.34757e-09 8.62937e-10 5.45324e-10 3.40385e-10 2.10029e-10 1.28203e-10 7.74658e-11 4.6363e-11 2.74991e-11 1.61719e-11 9.43404e-12 5.46141e-12 3.13868e-12 1.79133e-12 1.01562e-12 5.72199e-13 3.20434e-13 1.78411e-13 9.8787e-14 5.4409e-14 2.98144e-14 1.62575e-14 8.82331e-15 4.76691e-15 2.56414e-15 1.37345e-15 7.32679e-16 3.89318e-16 2.06083e-16 1.08688e-16 5.7118e-17 2.99134e-17 1.56137e-17 8.12337e-18 4.21308e-18 2.1784e-18 1.12302e-18 5.77274e-19 2.95911e-19 1.51271e-19 7.71253e-20 3.92209e-20 1.98951e-20 1.00672e-20 5.082e-21 2.55946e-21 1.2861e-21 6.44823e-22 3.22601e-22 1.61054e-22 8.02385e-23 3.98949e-23 1.97968e-23 9.80478e-24 4.84687e-24 2.39158e-24 1.17794e-24 5.79157e-25 2.84262e-25 1.39285e-25 6.81354e-26 3.32762e-26 1.62257e-26 7.89945e-27 3.83995e-27 1.86381e-27 9.03317e-28 4.3717e-28 2.11274e-28 1.01962e-28 4.91403e-29 2.36513e-29 1.13684e-29 5.45739e-30 2.61648e-30 1.25288e-30 5.99195e-31 2.86222e-31 1.3656e-31 6.50787e-32 3.09782e-32 1.47294e-32
2.36144e-09 7.46513e-09 1.42483e-08 2.10176e-08 2.62924e-08 2.92472e-08 2.97565e-08 2.82046e-08 2.52271e-08 2.14929e-08 1.75663e-08 1.38493e-08 1.05791e-08 7.85771e-09 5.69186e-09 4.03086e-09 2.79665e-09 1.90437e-09 1.27472e-09 8.39867e-10 5.45324e-10 3.49301e-10 2.20928e-10 1.38092e-10 8.53632e-11 5.2222e-11 3.16358e-11 1.89883e-11 1.12978e-11 6.66654e-12 3.90292e-12 2.26793e-12 1.30851e-12 7.4985e-13 4.26928e-13 2.41569e-13 1.35879e-13 7.59958e-14 4.22725e-14 2.33911e-14 1.28782e-14 7.05592e-15 3.84791e-15 2.08902e-15 1.12921e-15 6.07836e-16 3.25867e-16 1.74018e-16 9.25773e-17 4.90707e-17 2.59178e-17 1.36421e-17 7.1567e-18 3.7423e-18 1.95074e-18 1.01376e-18 5.25267e-19 2.71377e-19 1.39813e-19 7.18347e-20 3.68101e-20 1.88138e-20 9.59153e-21 4.87788e-21 2.47476e-21 1.25262e-21 6.32577e-22 3.18742e-22 1.60258e-22 8.0404e-23 4.02562e-23 2.01143e-23 1.00304e-23 4.99211e-24 2.47986e-24 1.22959e-24 6.08565e-25 3.00662e-25 1.48283e-25 7.30067e-26 3.58845e-26 1.76091e-26 8.62722e-27 4.22006e-27 2.06108e-27 1.00511e-27 4.8942e-28 2.37967e-28 1.1554e-28 5.60186e-29 2.71228e-29 1.31143e-29 6.33254e-30 3.05381e-30 1.47078e-30 7.0746e-31 3.39873e-31 1.6308e-31 7.81562e-32 3.74121e-32 1.78878e-32
9.72357e-10 3.20119e-09 6.32181e-09 9.60975e-09 1.23528e-08 1.4089e-08 1.46719e-08 1.4214e-08 1.29789e-08 1.1277e-08 9.39129e-09 7.53832e-09 5.8586e-09 4.42454e-09 3.25692e-09 2.34266e-09 1.65006e-09 1.14019e-09 7.74156e-10 5.17191e-10 3.40385e-10 2.20928e-10 1.41548e-10 8.9598e-11 5.60742e-11 3.47213e-11 2.12846e-11 1.29247e-11 7.77818e-12 4.64137e-12 2.74733e-12 1.61378e-12 9.41036e-13 5.44933e-13 3.13467e-13 1.79175e-13 1.01793e-13 5.74945e-14 3.22925e-14 1.80402e-14 1.00262e-14 5.5446e-15 3.05157e-15 1.67175e-15 9.11764e-16 4.95138e-16 2.67772e-16 1.44231e-16 7.7386e-17 4.13649e-17 2.20302e-17 1.16915e-17 6.18347e-18 3.25949e-18 1.71264e-18 8.97053e-19 4.68432e-19 2.43886e-19 1.26612e-19 6.55456e-20 3.38396e-20 1.74241e-20 8.94851e-21 4.58407e-21 2.34251e-21 1.19417e-21 6.07339e-22 3.08177e-22 1.56026e-22 7.88216e-23 3.97343e-23 1.99884e-23 1.00347e-23 5.0276e-24 2.51403e-24 1.25472e-24 6.25048e-25 3.10801e-25 1.54267e-25 7.64359e-26 3.78072e-26 1.86689e-26 9.20327e-27 4.52962e-27 2.22581e-27 1.09204e-27 5.3496e-28 2.61669e-28 1.27803e-28 6.23304e-29 3.03557e-29 1.4763e-29 7.16988e-30 3.47747e-30 1.68438e-30 8.14795e-31 3.93642e-31 1.89936e-31 9.15327e-32 4.4057e-32 2.11804e-32
4.00382e-10 1.37056e-09 2.79727e-09 4.37773e-09 5.77778e-09 6.75198e-09 7.19239e-09 7.11777e-09 6.63143e-09 5.87321e-09 4.98132e-09 4.06915e-09 3.21618e-09 2.4687e-09 1.84596e-09 1.3481e-09 9.63636e-10 6.75471e-10 4.65055e-10 3.14932e-10 2.10029e-10 1.38092e-10 8.9598e-11 5.74182e-11 3.63712e-11 2.2789e-11 1.41329e-11 8.68002e-12 5.28232e-12 3.18677e-12 1.90673e-12 1.13193e-12 6.66957e-13 3.90194e-13 2.26727e-13 1.30887e-13 7.50902e-14 4.28225e-14 2.42811e-14 1.36922e-14 7.68025e-15 4.28611e-15 2.38023e-15 1.31558e-15 7.23824e-16 3.96491e-16 2.16263e-16 1.17474e-16 6.35578e-17 3.42547e-17 1.83928e-17 9.84009e-18 5.24595e-18 2.7872e-18 1.47595e-18 7.79072e-19 4.09944e-19 2.15056e-19 1.12484e-19 5.86651e-20 3.05106e-20 1.58247e-20 8.18582e-21 4.2234e-21 2.17351e-21 1.11581e-21 5.7144e-22 2.91963e-22 1.48829e-22 7.5696e-23 3.84153e-23 1.94538e-23 9.83087e-24 4.9578e-24 2.49525e-24 1.25339e-24 6.2838e-25 3.14442e-25 1.57057e-25 7.83051e-26 3.8972e-26 1.93625e-26 9.60354e-27 4.75528e-27 2.35077e-27 1.16024e-27 5.71741e-28 2.81307e-28 1.38198e-28 6.77916e-29 3.32058e-29 1.62416e-29 7.93284e-30 3.86925e-30 1.88466e-30 9.16761e-31 4.45356e-31 2.16071e-31 1.04696e-31 5.06667e-32 2.44894e-32
1.64863e-10 5.85932e-10 1.23459e-09 1.98748e-09 2.69123e-09 3.22025e-09 3.50677e-09 3.54309e-09 3.36642e-09 3.03771e-09 2.62278e-09 2.17947e-09 1.75119e-09 1.36569e-09 1.03697e-09 7.68622e-10 5.57391e-10 3.96216e-10 2.76531e-10 1.89765e-10 1.28203e-10 8.53632e-11 5.60742e-11 3.63712e-11 2.3313e-11 1.47773e-11 9.26889e-12 5.75643e-12 3.54162e-12 2.15967e-12 1.30589e-12 7.83315e-13 4.66277e-13 2.75538e-13 1.61694e-13 9.42563e-14 5.45953e-14 3.14299e-14 1.79879e-14 1.02369e-14 5.79431e-15 3.26263e-15 1.82789e-15 1.01913e-15 5.65553e-16 3.12434e-16 1.71849e-16 9.41247e-17 5.13436e-17 2.78966e-17 1.50992e-17 8.1422e-18 4.37488e-18 2.34245e-18 1.24998e-18 6.64814e-19 3.52457e-19 1.86276e-19 9.81503e-20 5.15636e-20 2.70113e-20 1.41101e-20 7.35075e-21 3.81923e-21 1.97921e-21 1.02308e-21 5.27536e-22 2.71361e-22 1.39257e-22 7.12998e-23 3.64234e-23 1.8566e-23 9.44321e-24 4.793e-24 2.42773e-24 1.22721e-24 6.19126e-25 3.11746e-25 1.56675e-25 7.85946e-26 3.93547e-26 1.9671e-26 9.81518e-27 4.88906e-27 2.43122e-27 1.20699e-27 5.98253e-28 2.96056e-28 1.46281e-28 7.21664e-29 3.55493e-29 1.74858e-29 8.58834e-30 4.21225e-30 2.06306e-30 1.00905e-30 4.92859e-31 2.40412e-31 1.17117e-31 5.69806e-32 2.76875e-32
6.78849e-11 2.50154e-10 5.4361e-10 8.99449e-10 1.24868e-09 1.52894e-09 1.70114e-09 1.75387e-09 1.69864e-09 1.56097e-09 1.37145e-09 1.15885e-09 9.46219e-10 7.49457e-10 5.77661e-10 4.34439e-10 3.19518e-10 2.30258e-10 1.6286e-10 1.13221e-10 7.74658e-11 5.2222e-11 3.47213e-11 2.2789e-11 1.47773e-11 9.47365e-12 6.0087e-12 3.77262e-12 2.34608e-12 1.44576e-12 8.83292e-13 5.35239e-13 3.21808e-13 1.92047e-13 1.13795e-13 6.69702e-14 3.91567e-14 2.27518e-14 1.31407e-14 7.54596e-15 4.30927e-15 2.4478e-15 1.38329e-15 7.77857e-16 4.35319e-16 2.42498e-16 1.34484e-16 7.42608e-17 4.0835e-17 2.2364e-17 1.22001e-17 6.63019e-18 3.58995e-18 1.93685e-18 1.04135e-18 5.57991e-19 2.98012e-19 1.58655e-19 8.42028e-20 4.45539e-20 2.35053e-20 1.23652e-20 6.48664e-21 3.39357e-21 1.77067e-21 9.21495e-22 4.78353e-22 2.47702e-22 1.27956e-22 6.59432e-23 3.3906e-23 1.73941e-23 8.90374e-24 4.54784e-24 2.31804e-24 1.17907e-24 5.98521e-25 3.03221e-25 1.53319e-25 7.73762e-26 3.89771e-26 1.95983e-26 9.83671e-27 4.92854e-27 2.46513e-27 1.23091e-27 6.13609e-28 3.05387e-28 1.51745e-28 7.52833e-29 3.72917e-29 1.84446e-29 9.10917e-30 4.49215e-30 2.21211e-30 1.08779e-30 5.3417e-31 2.61952e-31 1.28287e-31 6.27432e-32 3.0647e-32
2.79526e-11 1.06664e-10 2.38833e-10 4.05842e-10 5.77265e-10 7.22864e-10 8.21316e-10 8.63655e-10 8.52247e-10 7.97251e-10 7.12485e-10 6.11957e-10 5.07595e-10 4.0819e-10 3.19273e-10 2.43552e-10 1.81615e-10 1.32646e-10 9.50522e-11 6.69267e-11 4.6363e-11 3.16358e-11 2.12846e-11 1.41329e-11 9.26889e-12 6.0087e-12 3.85282e-12 2.44505e-12 1.53656e-12 9.56719e-13 5.90466e-13 3.61383e-13 2.1942e-13 1.32214e-13 7.90898e-14 4.69833e-14 2.77251e-14 1.62566e-14 9.47376e-15 5.48855e-15 3.1618e-15 1.81152e-15 1.03245e-15 5.85458e-16 3.3037e-16 1.85547e-16 1.03736e-16 5.77411e-17 3.20028e-17 1.76642e-17 9.71092e-18 5.3179e-18 2.90123e-18 1.57701e-18 8.54174e-19 4.6106e-19 2.48034e-19 1.32999e-19 7.10893e-20 3.78807e-20 2.01244e-20 1.066e-20 5.63048e-21 2.96568e-21 1.55783e-21 8.16143e-22 4.26467e-22 2.22283e-22 1.15572e-22 5.99451e-23 3.1019e-23 1.6014e-23 8.24881e-24 4.23959e-24 2.1743e-24 1.11274e-24 5.68292e-25 2.89646e-25 1.47334e-25 7.4798e-26 3.79009e-26 1.91689e-26 9.67717e-27 4.87661e-27 2.45314e-27 1.2319e-27 6.17574e-28 3.09086e-28 1.5444e-28 7.70442e-29 3.83739e-29 1.90835e-29 9.47583e-30 4.69815e-30 2.32594e-30 1.14985e-30 5.67628e-31 2.79821e-31 1.37753e-31 6.77223e-32 3.32495e-32
1.15099e-11 4.54276e-11 1.04714e-10 1.82611e-10 2.65959e-10 3.40409e-10 3.94766e-10 4.23198e-10 4.25311e-10 4.04855e-10 3.67889e-10 3.21075e-10 2.70451e-10 2.20743e-10 1.75157e-10 1.35489e-10 1.02408e-10 7.57854e-11 5.50059e-11 3.92159e-11 2.74991e-11 1.89883e-11 1.29247e-11 8.68002e-12 5.75643e-12 3.77262e-12 2.44505e-12 1.56804e-12 9.95622e-13 6.2622e-13 3.90355e-13 2.41258e-13 1.47901e-13 8.99682e-14 5.43231e-14 3.25686e-14 1.93937e-14 1.14734e-14 6.74544e-15 3.942e-15 2.2904e-15 1.3234e-15 7.60575e-16 4.34858e-16 2.47392e-16 1.40066e-16 7.89325e-17 4.42815e-17 2.47341e-17 1.37574e-17 7.62076e-18 4.20472e-18 2.31103e-18 1.26547e-18 6.90429e-19 3.75367e-19 2.03378e-19 1.09826e-19 5.91147e-20 3.17186e-20 1.69667e-20 9.04852e-21 4.81159e-21 2.55131e-21 1.34905e-21 7.11405e-22 3.74158e-22 1.96278e-22 1.02704e-22 5.36087e-23 2.79147e-23 1.45013e-23 7.51586e-24 3.8866e-24 2.0054e-24 1.03251e-24 5.30478e-25 2.71982e-25 1.39165e-25 7.1065e-26 3.62188e-26 1.84239e-26 9.35437e-27 4.74076e-27 2.39827e-27 1.2111e-27 6.10528e-28 3.07249e-28 1.54365e-28 7.7427e-29 3.87734e-29 1.93859e-29 9.67748e-30 4.82361e-30 2.40064e-30 1.193e-30 5.91998e-31 2.93345e-31 1.45153e-31 7.17248e-32 3.53934e-32
4.73937e-12 1.9326e-11 4.58221e-11 8.19516e-11 1.2214e-10 1.59706e-10 1.88948e-10 2.0641e-10 2.11183e-10 2.0448e-10 1.88865e-10 1.67433e-10 1.43177e-10 1.18575e-10 9.5422e-11 7.48263e-11 5.73111e-11 4.29621e-11 3.15761e-11 2.27888e-11 1.61719e-11 1.12978e-11 7.77818e-12 5.28232e-12 3.54162e-12 2.34608e-12 1.53656e-12 9.95622e-13 6.38599e-13 4.05675e-13 2.55362e-13 1.59351e-13 9.86168e-14 6.05496e-14 3.68967e-14 2.23215e-14 1.34107e-14 8.00375e-15 4.74642e-15 2.79755e-15 1.63919e-15 9.55033e-16 5.53391e-16 3.18975e-16 1.82924e-16 1.04388e-16 5.92877e-17 3.35185e-17 1.88657e-17 1.05728e-17 5.9006e-18 3.27976e-18 1.81586e-18 1.00154e-18 5.50356e-19 3.0134e-19 1.64418e-19 8.94058e-20 4.84554e-20 2.61769e-20 1.40971e-20 7.56855e-21 4.05135e-21 2.16234e-21 1.15084e-21 6.10803e-22 3.23307e-22 1.70679e-22 8.98726e-23 4.72039e-23 2.4732e-23 1.29269e-23 6.74069e-24 3.50682e-24 1.8203e-24 9.42785e-25 4.8724e-25 2.51277e-25 1.29319e-25 6.64181e-26 3.40444e-26 1.74163e-26 8.89271e-27 4.53206e-27 2.30545e-27 1.17066e-27 5.9338e-28 3.00247e-28 1.51663e-28 7.64808e-29 3.85041e-29 1.93534e-29 9.71212e-30 4.86621e-30 2.43444e-30 1.21604e-30 6.06531e-31 3.0208e-31 1.50232e-31 7.4609e-32 3.7001e-32
1.9515e-12 8.21328e-12 2.0015e-11 3.66874e-11 5.5923e-11 7.46644e-11 9.00781e-11 1.00234e-10 1.04361e-10 1.02749e-10 9.64305e-11 8.68097e-11 7.53386e-11 6.329e-11 5.16402e-11 4.104e-11 3.18447e-11 2.41755e-11 1.79884e-11 1.31392e-11 9.43404e-12 6.66654e-12 4.64137e-12 3.18677e-12 2.15967e-12 1.44576e-12 9.56719e-13 6.2622e-13 4.05675e-13 2.60239e-13 1.65395e-13 1.04189e-13 6.50812e-14 4.03264e-14 2.47959e-14 1.51346e-14 9.17273e-15 5.52188e-15 3.30258e-15 1.96295e-15 1.15973e-15 6.81232e-16 3.97936e-16 2.31205e-16 1.33638e-16 7.68575e-17 4.39886e-17 2.50588e-17 1.42105e-17 8.02331e-18 4.51075e-18 2.52552e-18 1.40836e-18 7.82328e-19 4.32936e-19 2.38707e-19 1.31146e-19 7.18024e-20 3.91792e-20 2.1308e-20 1.15515e-20 6.24281e-21 3.36356e-21 1.80688e-21 9.67833e-22 5.16946e-22 2.75354e-22 1.46274e-22 7.74998e-23 4.09559e-23 2.15894e-23 1.13526e-23 5.95533e-24 3.1167e-24 1.62736e-24 8.47798e-25 4.40699e-25 2.28588e-25 1.18316e-25 6.11128e-26 3.15019e-26 1.62059e-26 8.32075e-27 4.26399e-27 2.18099e-27 1.11349e-27 5.67456e-28 2.88672e-28 1.46594e-28 7.43164e-29 3.76114e-29 1.90035e-29 9.58609e-30 4.82786e-30 2.42764e-30 1.21882e-30 6.10996e-31 3.05834e-31 1.5286e-31 7.6291e-32 3.8022e-32
8.0356e-13 3.48715e-12 8.72759e-12 1.63858e-11 2.55317e-11 3.47904e-11 4.27824e-11 4.84724e-11 5.13407e-11 5.13806e-11 4.89816e-11 4.4763e-11 3.94151e-11 3.35783e-11 2.77712e-11 2.23624e-11 1.75748e-11 1.35088e-11 1.01738e-11 7.51935e-12 5.46141e-12 3.90292e-12 2.74733e-12 1.90673e-12 1.30589e-12 8.83292e-13 5.90466e-13 3.90355e-13 2.55362e-13 1.65395e-13 1.06114e-13 6.74693e-14 4.25314e-14 2.6592e-14 1.64965e-14 1.01572e-14 6.20924e-15 3.76974e-15 2.27359e-15 1.36255e-15 8.11595e-16 4.80584e-16 2.82967e-16 1.65701e-16 9.65211e-17 5.59375e-17 3.22584e-17 1.85144e-17 1.05772e-17 6.01575e-18 3.40664e-18 1.92104e-18 1.07888e-18 6.0352e-19 3.36309e-19 1.86707e-19 1.03277e-19 5.6926e-20 3.12696e-20 1.7119e-20 9.34149e-21 5.08126e-21 2.75537e-21 1.48962e-21 8.02946e-22 4.31566e-22 2.31306e-22 1.23633e-22 6.59043e-23 3.50393e-23 1.85816e-23 9.82929e-24 5.18675e-24 2.7304e-24 1.43396e-24 7.51363e-25 3.92811e-25 2.04908e-25 1.06659e-25 5.54006e-26 2.87164e-26 1.48546e-26 7.66876e-27 3.95129e-27 2.03197e-27 1.04298e-27 5.3436e-28 2.73276e-28 1.39506e-28 7.10927e-29 3.61667e-29 1.83678e-29 9.3129e-30 4.71414e-30 2.38245e-30 1.20215e-30 6.05646e-31 3.04661e-31 1.53025e-31 7.67476e-32 3.84359e-32
3.30878e-13 1.47921e-12 3.79955e-12 7.30237e-12 1.16251e-11 1.61598e-11 2.02472e-11 2.3349e-11 2.51493e-11 2.55754e-11 2.47584e-11 2.29623e-11 2.05085e-11 1.77131e-11 1.48459e-11 1.21097e-11 9.63705e-12 7.49833e-12 5.71464e-12 4.2728e-12 3.13868e-12 2.26793e-12 1.61378e-12 1.13193e-12 7.83315e-13 5.35239e-13 3.61383e-13 2.41258e-13 1.59351e-13 1.04189e-13 6.74693e-14 4.32921e-14 2.7537e-14 1.73702e-14 1.087e-14 6.75065e-15 4.16186e-15 2.54793e-15 1.5494e-15 9.36127e-16 5.62087e-16 3.35483e-16 1.99082e-16 1.17483e-16 6.89579e-17 4.0266e-17 2.33944e-17 1.35263e-17 7.78399e-18 4.45912e-18 2.54319e-18 1.44427e-18 8.168e-19 4.60078e-19 2.58134e-19 1.4428e-19 8.03446e-20 4.45804e-20 2.46495e-20 1.35828e-20 7.45981e-21 4.08374e-21 2.22851e-21 1.21237e-21 6.57578e-22 3.5562e-22 1.9177e-22 1.03124e-22 5.53031e-23 2.95787e-23 1.57788e-23 8.39578e-24 4.45616e-24 2.35939e-24 1.24623e-24 6.56716e-25 3.45272e-25 1.81121e-25 9.48022e-26 4.95143e-26 2.58062e-26 1.3422e-26 6.96666e-27 3.60882e-27 1.86576e-27 9.62744e-28 4.95846e-28 2.54905e-28 1.30803e-28 6.70013e-29 3.42599e-29 1.7488e-29 8.91163e-30 4.53368e-30 2.30268e-30 1.16766e-30 5.91171e-31 2.98836e-31 1.5083e-31 7.60128e-32 3.8251e-32
1.36244e-13 6.26923e-13 1.65161e-12 3.24756e-12 5.2796e-12 7.48368e-12 9.5499e-12 1.12053e-11 1.22695e-11 1.2675e-11 1.24562e-11 1.17211e-11 1.06157e-11 9.29323e-12 7.89132e-12 6.51894e-12 5.25213e-12 4.13577e-12 3.18896e-12 2.41166e-12 1.79133e-12 1.30851e-12 9.41036e-13 6.66957e-13 4.66277e-13 3.21808e-13 2.1942e-13 1.47901e-13 9.86168e-14 6.50812e-14 4.25314e-14 2.7537e-14 1.76713e-14 1.12445e-14 7.09733e-15 4.44511e-15 2.76341e-15 1.70575e-15 1.04572e-15 6.36884e-16 3.85442e-16 2.31853e-16 1.38649e-16 8.24446e-17 4.87566e-17 2.86822e-17 1.6787e-17 9.77665e-18 5.66669e-18 3.26932e-18 1.87774e-18 1.0738e-18 6.11468e-19 3.46771e-19 1.95876e-19 1.10214e-19 6.1781e-20 3.45049e-20 1.92025e-20 1.06494e-20 5.88604e-21 3.24256e-21 1.78056e-21 9.7468e-22 5.3191e-22 2.89412e-22 1.5701e-22 8.49381e-23 4.58213e-23 2.46519e-23 1.32275e-23 7.07907e-24 3.77893e-24 2.01224e-24 1.06889e-24 5.6643e-25 2.99465e-25 1.57962e-25 8.31347e-26 4.36574e-26 2.28769e-26 1.19624e-26 6.24223e-27 3.2507e-27 1.68946e-27 8.7633e-28 4.53683e-28 2.34433e-28 1.20915e-28 6.22512e-29 3.19919e-29 1.64123e-29 8.40523e-30 4.29726e-30 2.19336e-30 1.11767e-30 5.68614e-31 2.88823e-31 1.46477e-31 7.41716e-32 3.75016e-32
