0.786294 0.0328049 0.0201614 0.0123909 0.00761525 0.00468022 0.00287639 0.00176778 0.00108645 0.000667717 0.000410369 0.000252206 0.000155002 9.5262e-05 5.85466e-05 3.59818e-05 2.21139e-05 1.35908e-05 8.35273e-06 5.13346e-06 3.15494e-06 1.93898e-06 1.19167e-06 7.32381e-07 4.5011e-07 2.76631e-07 1.70013e-07 1.04487e-07 6.42163e-08 3.94664e-08 2.42554e-08 1.4907e-08 9.16162e-09 5.63059e-09 3.46047e-09 2.12675e-09 1.30707e-09 8.03306e-10 4.93699e-10 3.0342e-10 1.86477e-10 1.14606e-10 7.04352e-11 4.32884e-11 2.66044e-11 1.63506e-11 1.00488e-11 6.17587e-12 3.79559e-12 2.33271e-12 1.43365e-12 8.81099e-13 5.4151e-13 3.32804e-13 2.04536e-13 1.25705e-13 7.72562e-14 4.74805e-14 2.91808e-14 1.79341e-14 1.1022e-14 6.77395e-15 4.16317e-15 2.55862e-15 1.57249e-15 9.66427e-16 5.93951e-16 3.65033e-16 2.24344e-16 1.37878e-16 8.47379e-17 5.20786e-17 3.20067e-17 1.96708e-17 1.20894e-17 7.42996e-18 4.56634e-18 2.8064e-18 1.72477e-18 1.06002e-18 6.51471e-19 4.00384e-19 2.4607e-19 1.51231e-19 9.29441e-20 5.7122e-20 3.51063e-20 2.15758e-20 1.32602e-20 8.14949e-21 5.00855e-21 3.07818e-21 1.8918e-21 1.16267e-21 7.1456e-22 4.39158e-22 2.699e-22 1.65876e-22 1.01945e-22 6.26538e-23 3.85061e-23
0.0328049 0.00530433 0.00343704 0.00222118 0.00143199 0.000921184 0.000591409 0.000378997 0.000242468 0.000154882 9.87923e-05 6.29314e-05 4.0038e-05 2.54435e-05 1.61514e-05 1.02424e-05 6.48906e-06 4.10744e-06 2.59773e-06 1.64161e-06 1.03662e-06 6.54122e-07 4.1248e-07 2.59936e-07 1.63706e-07 1.03041e-07 6.48206e-08 4.07554e-08 2.56117e-08 1.60872e-08 1.01e-08 6.33822e-09 3.97584e-09 2.49294e-09 1.56252e-09 9.78979e-10 6.13145e-10 3.83885e-10 2.40266e-10 1.50329e-10 9.40276e-11 5.87945e-11 3.67528e-11 2.29679e-11 1.43494e-11 8.96253e-12 5.59649e-12 3.49376e-12 2.18055e-12 1.36062e-12 8.48808e-13 5.29403e-13 3.30119e-13 2.05809e-13 1.28284e-13 7.99452e-14 4.98117e-14 3.10305e-14 1.93272e-14 1.20357e-14 7.49376e-15 4.66505e-15 2.90363e-15 1.807e-15 1.12437e-15 6.99506e-16 4.35122e-16 2.70626e-16 1.68293e-16 1.04641e-16 6.50551e-17 4.04393e-17 2.51345e-17 1.562e-17 9.70601e-18 6.03042e-18 3.74631e-18 2.32707e-18 1.44533e-18 8.97589e-19 5.57367e-19 3.46066e-19 2.14848e-19 1.3337e-19 8.27837e-20 5.13793e-20 3.18853e-20 1.97857e-20 1.22765e-20 7.6165e-21 4.72497e-21 2.93093e-21 1.81792e-21 1.12748e-21 6.99207e-22 4.33579e-22 2.68842e-22 1.66683e-22 1.03336e-22 6.40591e-23 3.97079e-23
0.0201614 0.00343704 0.00224981 0.00146814 0.000955391 0.000620162 0.000401641 0.000259577 0.000167442 0.000107821 6.93161e-05 4.44953e-05 2.85225e-05 1.82598e-05 1.16756e-05 7.45704e-06 4.75764e-06 3.03236e-06 1.9309e-06 1.22843e-06 7.80869e-07 4.95972e-07 3.1478e-07 1.99639e-07 1.26528e-07 8.01389e-08 5.07261e-08 3.20894e-08 2.02883e-08 1.28201e-08 8.09683e-09 5.11117e-09 3.22491e-09 2.03384e-09 1.2821e-09 8.07874e-10 5.08847e-10 3.20375e-10 2.01635e-10 1.26857e-10 7.97821e-11 5.0159e-11 3.15246e-11 1.98066e-11 1.24404e-11 7.81139e-12 4.90338e-12 3.07709e-12 1.93048e-12 1.21081e-12 7.59226e-13 4.75946e-13 2.9829e-13 1.86903e-13 1.17083e-13 7.33282e-14 4.59149e-14 2.87438e-14 1.79905e-14 1.12578e-14 7.04335e-15 4.40575e-15 2.75536e-15 1.72289e-15 1.0771e-15 6.73256e-16 4.20755e-16 2.62909e-16 1.64251e-16 1.02599e-16 6.40781e-17 4.00137e-17 2.49829e-17 1.55959e-17 9.7346e-18 6.07523e-18 3.79094e-18 2.36523e-18 1.4755e-18 9.20346e-19 5.73992e-19 3.57937e-19 2.23179e-19 1.39138e-19 8.67338e-20 5.40605e-20 3.36916e-20 2.09949e-20 1.30815e-20 8.14996e-21 5.07699e-21 3.16236e-21 1.96957e-21 1.22656e-21 7.63767e-22 4.75544e-22 2.96059e-22 1.843e-22 1.14718e-22 7.14e-23 4.4435e-23
0.0123909 0.00222118 0.00146814 0.000966948 0.000634828 0.00041559 0.000271361 0.000176769 0.000114902 7.45405e-05 4.82687e-05 3.12038e-05 2.01405e-05 1.29809e-05 8.35505e-06 5.37086e-06 3.44844e-06 2.21165e-06 1.41695e-06 9.06909e-07 5.79916e-07 3.70494e-07 2.365e-07 1.50847e-07 9.61412e-08 6.12307e-08 3.89699e-08 2.47858e-08 1.57544e-08 1.00078e-08 6.3537e-09 4.03155e-09 2.55674e-09 1.62061e-09 1.02673e-09 6.50173e-10 4.11531e-10 2.60366e-10 1.64658e-10 1.04088e-10 6.57732e-11 4.1546e-11 2.6233e-11 1.65581e-11 1.04477e-11 6.59001e-12 4.15535e-12 2.61934e-12 1.6506e-12 1.03982e-12 6.54866e-13 4.12308e-13 2.5952e-13 1.63306e-13 1.02736e-13 6.46144e-14 4.06284e-14 2.55402e-14 1.60515e-14 1.00857e-14 6.3358e-15 3.97924e-15 2.49865e-15 1.56862e-15 9.84564e-16 6.17848e-16 3.87645e-16 2.43166e-16 1.52508e-16 9.56311e-17 5.99555e-17 3.75822e-17 2.35538e-17 1.47593e-17 9.24694e-18 5.79242e-18 3.62788e-18 2.27184e-18 1.42245e-18 8.90491e-19 5.57389e-19 3.48838e-19 2.18287e-19 1.36575e-19 8.54389e-20 5.34417e-20 3.34232e-20 2.09006e-20 1.30681e-20 8.16986e-21 5.10694e-21 3.19194e-21 1.99479e-21 1.24649e-21 7.78803e-22 4.86539e-22 3.0392e-22 1.89825e-22 1.1855e-22 7.40287e-23 4.62225e-23
0.00761525 0.00143199 0.000955391 0.000634828 0.000420301 0.000277369 0.00018251 0.000119775 7.84151e-05 5.12242e-05 3.33941e-05 2.17297e-05 1.41151e-05 9.15413e-06 5.92788e-06 3.83331e-06 2.47559e-06 1.5968e-06 1.02877e-06 6.62084e-07 4.25657e-07 2.7339e-07 1.7543e-07 1.12472e-07 7.20475e-08 4.61158e-08 2.94952e-08 1.88511e-08 1.20399e-08 7.68455e-09 4.90161e-09 3.1246e-09 1.99065e-09 1.26751e-09 8.06626e-10 5.13057e-10 3.26168e-10 2.07255e-10 1.31633e-10 8.35661e-11 5.30278e-11 3.36352e-11 2.13258e-11 1.35159e-11 8.56282e-12 5.42284e-12 3.43304e-12 2.17259e-12 1.37445e-12 8.69233e-13 5.49544e-13 3.47322e-13 2.19447e-13 1.38611e-13 8.75262e-14 5.52531e-14 3.48703e-14 2.20007e-14 1.38773e-14 8.75107e-15 5.51707e-15 3.47736e-15 2.19123e-15 1.38046e-15 8.69484e-16 5.47522e-16 3.44704e-16 2.1697e-16 1.3654e-16 8.59079e-17 5.40404e-17 3.39874e-17 2.13715e-17 1.34359e-17 8.44543e-18 5.30758e-18 3.33498e-18 2.09515e-18 1.31602e-18 8.26485e-19 5.18964e-19 3.25813e-19 2.04517e-19 1.28358e-19 8.05472e-20 5.05373e-20 3.17036e-20 1.98857e-20 1.24713e-20 7.82026e-21 4.90309e-21 3.07368e-21 1.92659e-21 1.20743e-21 7.56622e-22 4.74067e-22 2.96993e-22 1.86036e-22 1.16519e-22 7.29696e-23 4.56916e-23
0.00468022 0.000921184 0.000620162 0.00041559 0.000277369 0.000184448 0.000122258 8.07984e-05 5.32559e-05 3.50166e-05 2.29726e-05 1.50401e-05 9.82806e-06 6.41087e-06 4.17498e-06 2.71472e-06 1.76268e-06 1.14298e-06 7.40212e-07 4.78802e-07 3.09362e-07 1.99671e-07 1.28744e-07 8.29318e-08 5.33729e-08 3.43198e-08 2.205e-08 1.41557e-08 9.0808e-09 5.82109e-09 3.72892e-09 2.38712e-09 1.52717e-09 9.76415e-10 6.23915e-10 3.98446e-10 2.54317e-10 1.62237e-10 1.03444e-10 6.59242e-11 4.19931e-11 2.67368e-11 1.70156e-11 1.08243e-11 6.88282e-12 4.37479e-12 2.77956e-12 1.76534e-12 1.12078e-12 7.11298e-13 4.51265e-13 2.86195e-13 1.81446e-13 1.14998e-13 7.28614e-14 4.61497e-14 2.9222e-14 1.84979e-14 1.17061e-14 7.40591e-15 4.6841e-15 2.96182e-15 1.8723e-15 1.18327e-15 7.47621e-16 4.72252e-16 2.98238e-16 1.88299e-16 1.1886e-16 7.50111e-17 4.73281e-17 2.98552e-17 1.8829e-17 1.18726e-17 7.48474e-18 4.71759e-18 2.97289e-18 1.87307e-18 1.17991e-18 7.43122e-19 4.67944e-19 2.94612e-19 1.85452e-19 1.16718e-19 7.34462e-20 4.62093e-20 2.90682e-20 1.82826e-20 1.14971e-20 7.22886e-21 4.5445e-21 2.85652e-21 1.79524e-21 1.1281e-21 7.08773e-22 4.45253e-22 2.79669e-22 1.7564e-22 1.10292e-22 6.9248e-23 4.34723e-23
0.00287639 0.000591409 0.000401641 0.000271361 0.00018251 0.000122258 8.16026e-05 5.42905e-05 3.60138e-05 2.38262e-05 1.57246e-05 1.03544e-05 6.80416e-06 4.46261e-06 2.92165e-06 1.90962e-06 1.24621e-06 8.12082e-07 5.28465e-07 3.43457e-07 2.22947e-07 1.44554e-07 9.36238e-08 6.0575e-08 3.91538e-08 2.52841e-08 1.6313e-08 1.0516e-08 6.7735e-09 4.35951e-09 2.80374e-09 1.80188e-09 1.15722e-09 7.4271e-10 4.76371e-10 3.05355e-10 1.95618e-10 1.25246e-10 8.01458e-11 5.12585e-11 3.27663e-11 2.0935e-11 1.33693e-11 8.53381e-12 5.44477e-12 3.47237e-12 2.21353e-12 1.41048e-12 8.98405e-13 5.72016e-13 3.64064e-13 2.31626e-13 1.47313e-13 9.3657e-14 5.95239e-14 3.78179e-14 2.40194e-14 1.52507e-14 9.68013e-15 6.14245e-15 3.89649e-15 2.47104e-15 1.56662e-15 9.9295e-16 6.29178e-16 3.98571e-16 2.5242e-16 1.59821e-16 1.01166e-16 6.40222e-17 4.05064e-17 2.56221e-17 1.62034e-17 1.02447e-17 6.47589e-18 4.09265e-18 2.58594e-18 1.63358e-18 1.03175e-18 6.51512e-19 4.11324e-19 2.59634e-19 1.63854e-19 1.03388e-19 6.52239e-20 4.11399e-20 2.59443e-20 1.63586e-20 1.03128e-20 6.50028e-21 4.09653e-21 2.58124e-21 1.62619e-21 1.02435e-21 6.45139e-22 4.0625e-22 2.55781e-22 1.61019e-22 1.0135e-22 6.37834e-23 4.01356e-23
0.00176778 0.000378997 0.000259577 0.000176769 0.000119775 8.07984e-05 5.42905e-05 3.63502e-05 2.42606e-05 1.61449e-05 1.07156e-05 7.09479e-06 4.68696e-06 3.08988e-06 2.0331e-06 1.33535e-06 8.75603e-07 5.73243e-07 3.74741e-07 2.44638e-07 1.59495e-07 1.03857e-07 6.75491e-08 4.38854e-08 2.84815e-08 1.8466e-08 1.19609e-08 7.74037e-09 5.00473e-09 3.23323e-09 2.08711e-09 1.34624e-09 8.67718e-10 5.58892e-10 3.59734e-10 2.31393e-10 1.48745e-10 9.55592e-11 6.13544e-11 3.93706e-11 2.52499e-11 1.61851e-11 1.03692e-11 6.6399e-12 4.24978e-12 2.71873e-12 1.73848e-12 1.11116e-12 7.09906e-13 4.53358e-13 2.89405e-13 1.8467e-13 1.17794e-13 7.51073e-14 4.78723e-14 3.05021e-14 1.94279e-14 1.23701e-14 7.87365e-15 5.01001e-15 3.18686e-15 2.02653e-15 1.28829e-15 8.18736e-16 5.20174e-16 3.30393e-16 2.09794e-16 1.33179e-16 8.45211e-17 5.36267e-17 3.40162e-17 2.15716e-17 1.36764e-17 8.66877e-18 5.4934e-18 3.48036e-18 2.20449e-18 1.39603e-18 8.8387e-19 5.59484e-19 3.54075e-19 2.24034e-19 1.41724e-19 8.96367e-20 5.66817e-20 3.58358e-20 2.2652e-20 1.43158e-20 9.0458e-21 5.71476e-21 3.60971e-21 2.27966e-21 1.43944e-21 9.08745e-22 5.73613e-22 3.62013e-22 2.28433e-22 1.4412e-22 9.0912e-23 5.73391e-23 3.61588e-23
0.00108645 0.000242468 0.000167442 0.000114902 7.84151e-05 5.32559e-05 3.60138e-05 2.42606e-05 1.62866e-05 1.08993e-05 7.27315e-06 4.84073e-06 3.21406e-06 2.12928e-06 1.40772e-06 9.28893e-07 6.11842e-07 4.02334e-07 2.64151e-07 1.73171e-07 1.13369e-07 7.41214e-08 4.84007e-08 3.1568e-08 2.05663e-08 1.33845e-08 8.7017e-09 5.6518e-09 3.66747e-09 2.37772e-09 1.54024e-09 9.96916e-10 6.44749e-10 4.16673e-10 2.69083e-10 1.7365e-10 1.11988e-10 7.2175e-11 4.64869e-11 2.99234e-11 1.92503e-11 1.23771e-11 7.95359e-12 5.1083e-12 3.27919e-12 2.10397e-12 1.34928e-12 8.64887e-13 5.54139e-13 3.54883e-13 2.27177e-13 1.45365e-13 9.29772e-14 5.94457e-14 3.79923e-14 2.4272e-14 1.55008e-14 9.89572e-15 6.31519e-15 4.02881e-15 2.56933e-15 1.63803e-15 1.04396e-15 6.65131e-16 4.23642e-16 2.69749e-16 1.71709e-16 1.0927e-16 6.95162e-17 4.42131e-17 2.81124e-17 1.78702e-17 1.13566e-17 7.21536e-18 4.58308e-18 2.91038e-18 1.84773e-18 1.1728e-18 7.44231e-19 4.72164e-19 2.99489e-19 1.89921e-19 1.20412e-19 7.63268e-20 4.83718e-20 3.06491e-20 1.94158e-20 1.22973e-20 7.78709e-21 4.93013e-21 3.12075e-21 1.97506e-21 1.24974e-21 7.90647e-22 5.00112e-22 3.16283e-22 1.99991e-22 1.26436e-22 7.99205e-23 5.05096e-23 3.19168e-23
0.000667717 0.000154882 0.000107821 7.45405e-05 5.12242e-05 3.50166e-05 2.38262e-05 1.61449e-05 1.08993e-05 7.33327e-06 4.91891e-06 3.29021e-06 2.19514e-06 1.46107e-06 9.7035e-07 6.4313e-07 4.25444e-07 2.80941e-07 1.85209e-07 1.21908e-07 8.01231e-08 5.25871e-08 3.44689e-08 2.25649e-08 1.47545e-08 9.63659e-09 6.28718e-09 4.09773e-09 2.66812e-09 1.73564e-09 1.12803e-09 7.32507e-10 4.75272e-10 3.08126e-10 1.99609e-10 1.29215e-10 8.35872e-11 5.40341e-11 3.49067e-11 2.25358e-11 1.45401e-11 9.37571e-12 6.04212e-12 3.89162e-12 2.50516e-12 1.61181e-12 1.0365e-12 6.66203e-13 4.27992e-13 2.74828e-13 1.76395e-13 1.13167e-13 7.25715e-14 4.65188e-14 2.98066e-14 1.90907e-14 1.22226e-14 7.82236e-15 5.00438e-15 3.20041e-15 2.046e-15 1.30754e-15 8.35332e-16 5.3348e-16 3.40593e-16 2.17378e-16 1.38695e-16 8.84653e-17 5.641e-17 3.59594e-17 2.29163e-17 1.46001e-17 9.29921e-18 5.92134e-18 3.76946e-18 2.39897e-18 1.52637e-18 9.7093e-19 6.17459e-19 3.92577e-19 2.49538e-19 1.5858e-19 1.00754e-19 6.39996e-20 4.0644e-20 2.58061e-20 1.63815e-20 1.03967e-20 6.59701e-21 4.18514e-21 2.65452e-21 1.68336e-21 1.06729e-21 6.76562e-22 4.28795e-22 2.71714e-22 1.72145e-22 1.09043e-22 6.90602e-23 4.37301e-23 2.76858e-23
0.000410369 9.87923e-05 6.93161e-05 4.82687e-05 3.33941e-05 2.29726e-05 1.57246e-05 1.07156e-05 7.27315e-06 4.91891e-06 3.31587e-06 2.22861e-06 1.49377e-06 9.98714e-07 6.66175e-07 4.43401e-07 2.94532e-07 1.95277e-07 1.29242e-07 8.53962e-08 5.63374e-08 3.71122e-08 2.44136e-08 1.60389e-08 1.05239e-08 6.89698e-09 4.51492e-09 2.95238e-09 1.92862e-09 1.25861e-09 8.20591e-10 5.34524e-10 3.47881e-10 2.2622e-10 1.46988e-10 9.54325e-11 6.19137e-11 4.01389e-11 2.60041e-11 1.68355e-11 1.08925e-11 7.04303e-12 4.5512e-12 2.93925e-12 1.89714e-12 1.22383e-12 7.8906e-13 5.08478e-13 3.27502e-13 2.10834e-13 1.35662e-13 8.7252e-14 5.6091e-14 3.60429e-14 2.31504e-14 1.48632e-14 9.53874e-15 6.1192e-15 3.92399e-15 2.51533e-15 1.61176e-15 1.0324e-15 6.6106e-16 4.23138e-16 2.70754e-16 1.7319e-16 1.10746e-16 7.0794e-17 4.52406e-17 2.89019e-17 1.84584e-17 1.17851e-17 7.52225e-18 4.79997e-18 3.06203e-18 1.95282e-18 1.24508e-18 7.93632e-19 5.05742e-19 3.22203e-19 2.05221e-19 1.30679e-19 8.31932e-20 5.29501e-20 3.36934e-20 2.1435e-20 1.36335e-20 8.66945e-21 5.51167e-21 3.50334e-21 2.22633e-21 1.41451e-21 8.98538e-22 5.70662e-22 3.62356e-22 2.30042e-22 1.46014e-22 9.26622e-23 5.87934e-23 3.72971e-23 2.36561e-23
0.000252206 6.29314e-05 4.44953e-05 3.12038e-05 2.17297e-05 1.50401e-05 1.03544e-05 7.09479e-06 4.84073e-06 3.29021e-06 2.22861e-06 1.50478e-06 1.01312e-06 6.80286e-07 4.55676e-07 3.04532e-07 2.03089e-07 1.35171e-07 8.97993e-08 5.95536e-08 3.94304e-08 2.60665e-08 1.72069e-08 1.13428e-08 7.46734e-09 4.90988e-09 3.22448e-09 2.11523e-09 1.38607e-09 9.07321e-10 5.93346e-10 3.87653e-10 2.53036e-10 1.65021e-10 1.07531e-10 7.00121e-11 4.55485e-11 2.96106e-11 1.92356e-11 1.2487e-11 8.10057e-12 5.25155e-12 3.40239e-12 2.20299e-12 1.42554e-12 9.21929e-13 5.95895e-13 3.84951e-13 2.48548e-13 1.60395e-13 1.03455e-13 6.66963e-14 4.29779e-14 2.76814e-14 1.7821e-14 1.1468e-14 7.37659e-15 4.74287e-15 3.04824e-15 1.95832e-15 1.25762e-15 8.07326e-16 5.18068e-16 3.32327e-16 2.13103e-16 1.36604e-16 8.7536e-17 5.60746e-17 3.5909e-17 2.29879e-17 1.47116e-17 9.41213e-18 6.01982e-18 3.84902e-18 2.46032e-18 1.5722e-18 1.00439e-18 6.41475e-19 4.0958e-19 2.61446e-19 1.66845e-19 1.06447e-19 6.78958e-20 4.32958e-20 2.76022e-20 1.75929e-20 1.12106e-20 7.14204e-21 4.549e-21 2.89676e-21 1.84422e-21 1.17387e-21 7.47023e-22 4.75288e-22 3.02336e-22 1.92281e-22 1.22263e-22 7.77259e-23 4.9403e-23 3.13948e-23 1.99471e-23
0.000155002 4.0038e-05 2.85225e-05 2.01405e-05 1.41151e-05 9.82806e-06 6.80416e-06 4.68696e-06 3.21406e-06 2.19514e-06 1.49377e-06 1.01312e-06 6.85038e-07 4.61907e-07 3.10651e-07 2.08426e-07 1.39529e-07 9.32126e-08 6.21501e-08 4.13634e-08 2.74819e-08 1.82295e-08 1.20736e-08 7.98495e-09 5.27364e-09 3.47843e-09 2.29147e-09 1.50776e-09 9.90969e-10 6.50605e-10 4.26703e-10 2.79578e-10 1.83007e-10 1.19683e-10 7.82021e-11 5.10547e-11 3.33042e-11 2.1708e-11 1.41388e-11 9.20209e-12 5.98484e-12 3.88974e-12 2.52639e-12 1.63984e-12 1.06373e-12 6.89601e-13 4.46797e-13 2.89318e-13 1.8724e-13 1.21113e-13 7.82984e-14 5.05935e-14 3.26754e-14 2.1093e-14 1.36097e-14 8.77732e-15 5.65822e-15 3.64593e-15 2.34829e-15 1.51186e-15 9.72967e-16 6.25908e-16 4.02489e-16 2.58722e-16 1.66246e-16 1.06785e-16 6.85668e-17 4.40115e-17 2.82404e-17 1.81147e-17 1.16158e-17 7.44604e-18 4.77162e-18 3.05684e-18 1.9577e-18 1.25341e-18 8.02254e-19 5.13342e-19 3.28382e-19 2.10006e-19 1.34266e-19 8.58193e-20 5.48391e-20 3.50335e-20 2.23752e-20 1.4287e-20 9.12035e-21 5.82071e-21 3.71396e-21 2.36918e-21 1.51098e-21 9.63435e-22 6.1417e-22 3.91436e-22 2.49424e-22 1.589e-22 1.01209e-22 6.44503e-23 4.10339e-23 2.612e-23 1.66234e-23
9.5262e-05 2.54435e-05 1.82598e-05 1.29809e-05 9.15413e-06 6.41087e-06 4.46261e-06 3.08988e-06 2.12928e-06 1.46107e-06 9.98714e-07 6.80286e-07 4.61907e-07 3.12711e-07 2.11133e-07 1.42194e-07 9.55422e-08 6.4057e-08 4.28603e-08 2.86231e-08 1.9081e-08 1.26985e-08 8.43742e-09 5.59773e-09 3.70845e-09 2.45348e-09 1.6211e-09 1.0698e-09 7.05152e-10 4.64274e-10 3.05349e-10 2.00619e-10 1.31679e-10 8.6347e-11 5.65693e-11 3.70281e-11 2.42167e-11 1.58249e-11 1.0333e-11 6.74185e-12 4.39554e-12 2.86375e-12 1.86448e-12 1.21309e-12 7.88756e-13 5.12532e-13 3.32839e-13 2.16018e-13 1.40119e-13 9.08363e-14 5.88554e-14 3.81138e-14 2.46692e-14 1.59591e-14 1.03193e-14 6.66937e-15 4.30841e-15 2.78196e-15 1.79553e-15 1.15837e-15 7.46996e-16 4.81514e-16 3.10259e-16 1.99833e-16 1.2866e-16 8.28049e-17 5.3273e-17 3.42611e-17 2.20262e-17 1.41556e-17 9.0943e-18 5.8407e-18 3.74989e-18 2.40676e-18 1.54422e-18 9.90494e-19 6.35131e-19 4.07141e-19 2.60916e-19 1.67159e-19 1.07063e-19 6.85529e-20 4.38829e-20 2.80833e-20 1.79675e-20 1.14925e-20 7.34903e-21 4.69826e-21 3.00288e-21 1.91882e-21 1.22582e-21 7.82917e-22 4.99926e-22 3.19151e-22 2.037e-22 1.29984e-22 8.29264e-23 5.28937e-23 3.37305e-23 2.15056e-23 1.37086e-23
5.85466e-05 1.61514e-05 1.16756e-05 8.35505e-06 5.92788e-06 4.17498e-06 2.92165e-06 2.0331e-06 1.40772e-06 9.7035e-07 6.66175e-07 4.55676e-07 3.10651e-07 2.11133e-07 1.43091e-07 9.67235e-08 6.52224e-08 4.38812e-08 2.94605e-08 1.97397e-08 1.32018e-08 8.81372e-09 5.87443e-09 3.90923e-09 2.59758e-09 1.72359e-09 1.14212e-09 7.55851e-10 4.99606e-10 3.29846e-10 2.17525e-10 1.43298e-10 9.4303e-11 6.19985e-11 4.07215e-11 2.67221e-11 1.752e-11 1.1477e-11 7.51221e-12 4.91319e-12 3.2109e-12 2.09685e-12 1.36836e-12 8.92337e-13 5.81522e-13 3.78722e-13 2.46491e-13 1.60329e-13 1.04224e-13 6.77124e-14 4.39667e-14 2.85326e-14 1.85066e-14 1.19974e-14 7.77365e-15 5.03441e-15 3.25884e-15 2.10849e-15 1.36358e-15 8.81448e-16 5.69536e-16 3.67841e-16 2.37474e-16 1.53248e-16 9.88552e-17 6.37432e-17 4.10867e-17 2.64732e-17 1.7051e-17 1.09784e-17 7.06601e-18 4.54631e-18 2.92413e-18 1.88013e-18 1.20848e-18 7.76518e-19 4.988e-19 3.20308e-19 2.05626e-19 1.31965e-19 8.46665e-20 5.43051e-20 3.48215e-20 2.2322e-20 1.43054e-20 9.1654e-21 5.87068e-21 3.75935e-21 2.40672e-21 1.54039e-21 9.85659e-22 6.30548e-22 4.03279e-22 2.57864e-22 1.64845e-22 1.05356e-22 6.73206e-23 4.3007e-23 2.74685e-23 1.75403e-23 1.11982e-23
3.59818e-05 1.02424e-05 7.45704e-06 5.37086e-06 3.83331e-06 2.71472e-06 1.90962e-06 1.33535e-06 9.28893e-07 6.4313e-07 4.43401e-07 3.04532e-07 2.08426e-07 1.42194e-07 9.67235e-08 6.56144e-08 4.43986e-08 2.9972e-08 2.01886e-08 1.35707e-08 9.10453e-09 6.09705e-09 4.076e-09 2.72045e-09 1.81291e-09 1.20636e-09 8.0162e-10 5.31966e-10 3.52573e-10 2.33393e-10 1.5432e-10 1.01923e-10 6.72455e-11 4.43208e-11 2.91827e-11 1.91969e-11 1.26166e-11 8.28457e-12 5.43538e-12 3.56315e-12 2.33396e-12 1.52764e-12 9.99144e-13 6.53014e-13 4.26495e-13 2.78364e-13 1.81563e-13 1.18349e-13 7.70968e-14 5.01933e-14 3.26589e-14 2.12378e-14 1.38032e-14 8.96629e-15 5.82129e-15 3.77749e-15 2.45003e-15 1.58828e-15 1.02914e-15 6.66535e-16 4.31493e-16 2.7921e-16 1.80593e-16 1.16758e-16 7.54559e-17 4.87442e-17 3.14761e-17 2.03175e-17 1.31097e-17 8.45581e-18 5.45203e-18 3.51403e-18 2.26413e-18 1.4583e-18 9.38958e-19 6.04368e-19 3.8888e-19 2.50145e-19 1.60854e-19 1.03404e-19 6.64525e-20 4.2693e-20 2.74205e-20 1.76064e-20 1.13017e-20 7.25261e-21 4.65294e-21 2.98431e-21 1.91358e-21 1.22669e-21 7.86167e-22 5.03714e-22 3.22661e-22 2.06634e-22 1.32298e-22 8.46844e-23 5.41941e-23 3.46737e-23 2.21795e-23 1.41842e-23 9.06908e-24
2.21139e-05 6.48906e-06 4.75764e-06 3.44844e-06 2.47559e-06 1.76268e-06 1.24621e-06 8.75603e-07 6.11842e-07 4.25444e-07 2.94532e-07 2.03089e-07 1.39529e-07 9.55422e-08 6.52224e-08 4.43986e-08 3.0144e-08 2.04161e-08 1.3796e-08 9.30259e-09 6.26013e-09 4.20477e-09 2.8192e-09 1.88702e-09 1.26105e-09 8.41456e-10 5.60663e-10 3.73057e-10 2.47901e-10 1.64527e-10 1.09063e-10 7.22129e-11 4.77612e-11 3.15556e-11 2.08275e-11 1.37332e-11 9.04683e-12 5.95425e-12 3.91541e-12 2.57253e-12 1.68884e-12 1.10783e-12 7.26145e-13 4.75612e-13 3.11294e-13 2.03603e-13 1.33078e-13 8.69244e-14 5.67415e-14 3.70161e-14 2.41334e-14 1.5725e-14 1.02404e-14 6.66498e-15 4.33557e-15 2.8188e-15 1.83172e-15 1.18969e-15 7.7232e-16 5.01132e-16 3.25015e-16 2.10696e-16 1.36526e-16 8.84265e-17 5.72486e-17 3.70481e-17 2.39656e-17 1.54967e-17 1.00165e-17 6.47184e-18 4.17999e-18 2.69875e-18 1.74178e-18 1.12375e-18 7.24757e-19 4.67271e-19 3.01161e-19 1.94038e-19 1.24978e-19 8.04714e-20 5.17982e-20 3.33315e-20 2.1442e-20 1.37894e-20 8.86544e-21 5.69811e-21 3.66133e-21 2.35194e-21 1.51042e-21 9.69729e-22 6.22428e-22 3.99407e-22 2.56231e-22 1.64338e-22 1.05375e-22 6.75506e-23 4.3293e-23 2.77398e-23 1.777e-23 1.13808e-23 7.28718e-24
1.35908e-05 4.10744e-06 3.03236e-06 2.21165e-06 1.5968e-06 1.14298e-06 8.12082e-07 5.73243e-07 4.02334e-07 2.80941e-07 1.95277e-07 1.35171e-07 9.32126e-08 6.4057e-08 4.38812e-08 2.9972e-08 2.04161e-08 1.38717e-08 9.40288e-09 6.35963e-09 4.29241e-09 2.89148e-09 1.94419e-09 1.30497e-09 8.74472e-10 5.85072e-10 3.90863e-10 2.6075e-10 1.73714e-10 1.1558e-10 7.68057e-11 5.09788e-11 3.3798e-11 2.23831e-11 1.48078e-11 9.78647e-12 6.46157e-12 4.26229e-12 2.80903e-12 1.84965e-12 1.2169e-12 7.99962e-13 5.2546e-13 3.44888e-13 2.26201e-13 1.48251e-13 9.70958e-14 6.35489e-14 4.15653e-14 2.71691e-14 1.7748e-14 1.15868e-14 7.55994e-15 4.92976e-15 3.21285e-15 2.09276e-15 1.36244e-15 8.8652e-16 5.76555e-16 3.74783e-16 2.43505e-16 1.58137e-16 1.02649e-16 6.66016e-17 4.31938e-17 2.80008e-17 1.81442e-17 1.17523e-17 7.60915e-18 4.92465e-18 3.186e-18 2.0604e-18 1.33197e-18 8.60753e-19 5.56041e-19 3.59073e-19 2.31797e-19 1.49584e-19 9.64981e-20 6.22315e-20 4.01201e-20 2.58569e-20 1.66593e-20 1.07301e-20 6.9091e-21 4.44745e-21 2.86203e-21 1.84126e-21 1.18422e-21 7.61431e-22 4.89453e-22 3.14539e-22 2.02081e-22 1.29796e-22 8.33469e-23 5.35065e-23 3.43413e-23 2.20354e-23 1.41358e-23 9.06606e-24 5.81319e-24
8.35273e-06 2.59773e-06 1.9309e-06 1.41695e-06 1.02877e-06 7.40212e-07 5.28465e-07 3.74741e-07 2.64151e-07 1.85209e-07 1.29242e-07 8.97993e-08 6.21501e-08 4.28603e-08 2.94605e-08 2.01886e-08 1.3796e-08 9.40288e-09 6.39307e-09 4.33677e-09 2.93556e-09 1.98308e-09 1.3371e-09 8.9992e-10 6.04651e-10 4.05605e-10 2.71665e-10 1.81689e-10 1.21344e-10 8.09333e-11 5.39117e-11 3.5868e-11 2.38355e-11 1.58216e-11 1.04908e-11 6.94891e-12 4.59821e-12 3.03978e-12 2.00767e-12 1.3248e-12 8.73438e-13 5.75373e-13 3.78716e-13 2.49078e-13 1.63692e-13 1.07497e-13 7.05434e-14 4.62607e-14 3.03162e-14 1.98541e-14 1.29942e-14 8.49921e-15 5.55576e-15 3.62955e-15 2.36981e-15 1.54642e-15 1.00857e-15 6.57438e-16 4.28328e-16 2.78918e-16 1.81536e-16 1.18096e-16 7.67901e-17 4.99083e-17 3.24223e-17 2.10534e-17 1.3665e-17 8.86576e-18 5.74963e-18 3.72724e-18 2.41524e-18 1.56446e-18 1.01298e-18 6.55654e-19 4.24217e-19 2.74375e-19 1.77397e-19 1.14656e-19 7.40792e-20 4.78466e-20 3.08932e-20 1.99404e-20 1.28666e-20 8.29967e-21 5.35208e-21 3.45027e-21 2.22359e-21 1.43261e-21 9.22732e-22 5.94156e-22 3.82476e-22 2.46144e-22 1.58364e-22 1.01861e-22 6.55005e-23 4.21085e-23 2.70635e-23 1.73896e-23 1.11709e-23 7.17433e-24 4.60649e-24
5.13346e-06 1.64161e-06 1.22843e-06 9.06909e-07 6.62084e-07 4.78802e-07 3.43457e-07 2.44638e-07 1.73171e-07 1.21908e-07 8.53962e-08 5.95536e-08 4.13634e-08 2.86231e-08 1.97397e-08 1.35707e-08 9.30259e-09 6.35963e-09 4.33677e-09 2.95038e-09 2.00276e-09 1.35668e-09 9.17219e-10 6.18962e-10 4.16959e-10 2.80414e-10 1.88286e-10 1.26236e-10 8.45127e-11 5.65023e-11 3.77259e-11 2.51575e-11 1.67561e-11 1.11474e-11 7.40789e-12 4.91756e-12 3.26105e-12 2.16041e-12 1.42987e-12 9.45493e-13 6.24642e-13 4.12316e-13 2.71935e-13 1.79205e-13 1.18003e-13 7.76439e-14 5.10506e-14 3.35416e-14 2.20224e-14 1.44495e-14 9.47443e-15 6.20837e-15 4.06566e-15 2.66086e-15 1.74043e-15 1.13773e-15 7.43327e-16 4.8538e-16 3.16776e-16 2.06631e-16 1.34715e-16 8.77856e-17 5.71765e-17 3.72224e-17 2.42209e-17 1.57535e-17 1.02417e-17 6.65542e-18 4.32309e-18 2.80693e-18 1.82175e-18 1.18188e-18 7.66454e-19 4.96856e-19 3.21967e-19 2.08559e-19 1.35048e-19 8.74165e-20 5.65647e-20 3.65887e-20 2.36592e-20 1.52936e-20 9.88273e-21 6.38416e-21 4.12281e-21 2.66163e-21 1.71779e-21 1.10831e-21 7.14863e-22 4.60955e-22 2.97146e-22 1.91495e-22 1.23375e-22 7.94648e-23 5.1169e-23 3.294e-23 2.11996e-23 1.36401e-23 8.77404e-24 5.64251e-24 3.62775e-24
3.15494e-06 1.03662e-06 7.80869e-07 5.79916e-07 4.25657e-07 3.09362e-07 2.22947e-07 1.59495e-07 1.13369e-07 8.01231e-08 5.63374e-08 3.94304e-08 2.74819e-08 1.9081e-08 1.32018e-08 9.10453e-09 6.26013e-09 4.29241e-09 2.93556e-09 2.00276e-09 1.36326e-09 9.25969e-10 6.27682e-10 4.24673e-10 2.86804e-10 1.93363e-10 1.30153e-10 8.74705e-11 5.86986e-11 3.93352e-11 2.63239e-11 1.75937e-11 1.17443e-11 7.83033e-12 5.21481e-12 3.46912e-12 2.30537e-12 1.53046e-12 1.01502e-12 6.72535e-13 4.45203e-13 2.94453e-13 1.94582e-13 1.28477e-13 8.47623e-14 5.58779e-14 3.68085e-14 2.42291e-14 1.59374e-14 1.0476e-14 6.88145e-15 4.51732e-15 2.96349e-15 1.94292e-15 1.27305e-15 8.3364e-16 5.45584e-16 3.56862e-16 2.33292e-16 1.52429e-16 9.95427e-17 6.49723e-17 4.23867e-17 2.76388e-17 1.80137e-17 1.1735e-17 7.64122e-18 4.97335e-18 3.23552e-18 2.10404e-18 1.36767e-18 8.88644e-19 5.77165e-19 3.74714e-19 2.43181e-19 1.57759e-19 1.02305e-19 6.63193e-20 4.2976e-20 2.78393e-20 1.80276e-20 1.167e-20 7.55191e-21 4.8854e-21 3.15938e-21 2.04251e-21 1.32005e-21 8.52873e-22 5.50865e-22 3.55694e-22 2.29604e-22 1.48169e-22 9.55897e-23 6.16514e-23 3.97517e-23 2.56241e-23 1.6513e-23 1.06387e-23 6.85234e-24 4.41242e-24 2.84057e-24
1.93898e-06 6.54122e-07 4.95972e-07 3.70494e-07 2.7339e-07 1.99671e-07 1.44554e-07 1.03857e-07 7.41214e-08 5.25871e-08 3.71122e-08 2.60665e-08 1.82295e-08 1.26985e-08 8.81372e-09 6.09705e-09 4.20477e-09 2.89148e-09 1.98308e-09 1.35668e-09 9.25969e-10 6.30611e-10 4.28574e-10 2.90696e-10 1.9681e-10 1.33012e-10 8.97452e-11 6.0456e-11 4.06639e-11 2.73118e-11 1.83185e-11 1.22703e-11 8.20856e-12 5.48467e-12 3.66037e-12 2.44012e-12 1.6249e-12 1.0809e-12 7.18307e-13 4.76882e-13 3.16303e-13 2.09605e-13 1.38777e-13 9.18048e-14 6.06811e-14 4.0077e-14 2.64484e-14 1.74412e-14 1.14931e-14 7.5681e-15 4.98009e-15 3.27488e-15 2.15214e-15 1.41341e-15 9.27672e-16 6.08498e-16 3.98903e-16 2.61352e-16 1.71135e-16 1.11999e-16 7.32585e-17 4.78931e-17 3.12944e-17 2.04382e-17 1.33415e-17 8.70484e-18 5.67691e-18 3.70054e-18 2.41114e-18 1.57032e-18 1.02227e-18 6.65216e-19 4.32691e-19 2.81331e-19 1.82845e-19 1.1879e-19 7.71452e-20 5.00812e-20 3.24997e-20 2.10828e-20 1.36716e-20 8.8626e-21 5.74317e-21 3.72046e-21 2.40933e-21 1.55974e-21 1.00942e-21 6.53059e-22 4.22374e-22 2.73093e-22 1.76519e-22 1.14063e-22 7.36836e-23 4.75852e-23 3.0722e-23 1.98293e-23 1.27951e-23 8.25403e-24 5.32317e-24 3.43211e-24 2.21228e-24
1.19167e-06 4.1248e-07 3.1478e-07 2.365e-07 1.7543e-07 1.28744e-07 9.36238e-08 6.75491e-08 4.84007e-08 3.44689e-08 2.44136e-08 1.72069e-08 1.20736e-08 8.43742e-09 5.87443e-09 4.076e-09 2.8192e-09 1.94419e-09 1.3371e-09 9.17219e-10 6.27682e-10 4.28574e-10 2.92003e-10 1.98553e-10 1.34753e-10 9.12889e-11 6.17381e-11 4.1685e-11 2.81016e-11 1.89164e-11 1.27154e-11 8.53551e-12 5.72223e-12 3.8314e-12 2.5623e-12 1.71159e-12 1.14206e-12 7.61222e-13 5.06858e-13 3.37154e-13 2.24054e-13 1.48755e-13 9.86737e-14 6.53961e-14 4.33047e-14 2.86525e-14 1.89429e-14 1.25139e-14 8.26068e-15 5.44907e-15 3.59187e-15 2.36603e-15 1.55751e-15 1.0246e-15 6.73603e-16 4.42572e-16 2.90604e-16 1.90705e-16 1.25076e-16 8.19864e-17 5.3712e-17 3.51696e-17 2.30163e-17 1.50551e-17 9.84264e-18 6.43173e-18 4.20083e-18 2.74245e-18 1.78955e-18 1.16722e-18 7.60971e-19 4.95904e-19 3.23029e-19 2.10332e-19 1.36897e-19 8.90648e-20 5.79227e-20 3.76551e-20 2.44701e-20 1.58959e-20 1.03223e-20 6.70056e-21 4.34804e-21 2.82049e-21 1.82898e-21 1.18563e-21 7.68323e-22 4.97736e-22 3.22341e-22 2.08688e-22 1.35065e-22 8.73895e-23 5.65255e-23 3.65512e-23 2.36284e-23 1.52701e-23 9.8657e-24 6.37226e-24 4.11473e-24 2.65626e-24 1.7143e-24
7.32381e-07 2.59936e-07 1.99639e-07 1.50847e-07 1.12472e-07 8.29318e-08 6.0575e-08 4.38854e-08 3.1568e-08 2.25649e-08 1.60389e-08 1.13428e-08 7.98495e-09 5.59773e-09 3.90923e-09 2.72045e-09 1.88702e-09 1.30497e-09 8.9992e-10 6.18962e-10 4.24673e-10 2.90696e-10 1.98553e-10 1.35338e-10 9.20691e-11 6.25183e-11 4.23777e-11 2.86775e-11 1.93756e-11 1.3071e-11 8.805e-12 5.92307e-12 3.97911e-12 2.66974e-12 1.78904e-12 1.19745e-12 8.00571e-13 5.34647e-13 3.56678e-13 2.37707e-13 1.58263e-13 1.0527e-13 6.99565e-14 4.64478e-14 3.08125e-14 2.04232e-14 1.3526e-14 8.95099e-15 5.91889e-15 3.91099e-15 2.58237e-15 1.7039e-15 1.12349e-15 7.40302e-16 4.87488e-16 3.20807e-16 2.10987e-16 1.38677e-16 9.10962e-17 5.9806e-17 3.92415e-17 2.57341e-17 1.68671e-17 1.10495e-17 7.23473e-18 4.73462e-18 3.09695e-18 2.02477e-18 1.32316e-18 8.64271e-19 5.64275e-19 3.68247e-19 2.40215e-19 1.5663e-19 1.02087e-19 6.65101e-20 4.33142e-20 2.81969e-20 1.83487e-20 1.19356e-20 7.76105e-21 5.04473e-21 3.27792e-21 2.12915e-21 1.38249e-21 8.97365e-22 5.82278e-22 3.77701e-22 2.4492e-22 1.58767e-22 1.02887e-22 6.66541e-23 4.31677e-23 2.79487e-23 1.80899e-23 1.17053e-23 7.57188e-24 4.8967e-24 3.16578e-24 2.04616e-24 1.32215e-24
4.5011e-07 1.63706e-07 1.26528e-07 9.61412e-08 7.20475e-08 5.33729e-08 3.91538e-08 2.84815e-08 2.05663e-08 1.47545e-08 1.05239e-08 7.46734e-09 5.27364e-09 3.70845e-09 2.59758e-09 1.81291e-09 1.26105e-09 8.74472e-10 6.04651e-10 4.16959e-10 2.86804e-10 1.9681e-10 1.34753e-10 9.20691e-11 6.27801e-11 4.27276e-11 2.90278e-11 1.96869e-11 1.33301e-11 9.01185e-12 6.08343e-12 4.10077e-12 2.76051e-12 1.85586e-12 1.24611e-12 8.35686e-13 5.59789e-13 3.74558e-13 2.50348e-13 1.67154e-13 1.11494e-13 7.4296e-14 4.94617e-14 3.28985e-14 2.18625e-14 1.45162e-14 9.63039e-15 6.38389e-15 4.2285e-15 2.7987e-15 1.851e-15 1.22333e-15 8.07931e-16 5.33225e-16 3.51688e-16 2.31806e-16 1.52692e-16 1.00517e-16 6.61307e-17 4.34822e-17 2.85739e-17 1.87666e-17 1.23187e-17 8.08184e-18 5.29943e-18 3.47316e-18 2.27512e-18 1.4896e-18 9.74823e-19 6.37644e-19 4.16899e-19 2.7245e-19 1.77971e-19 1.16205e-19 7.5843e-20 4.94794e-20 3.22667e-20 2.10334e-20 1.37055e-20 8.92709e-21 5.81246e-21 3.78309e-21 2.46136e-21 1.60083e-21 1.04078e-21 6.76434e-22 4.39481e-22 2.85436e-22 1.85324e-22 1.20286e-22 7.8047e-23 5.06245e-23 3.28269e-23 2.12797e-23 1.37901e-23 8.93395e-24 5.78616e-24 3.74638e-24 2.42499e-24 1.56923e-24 1.01518e-24
2.76631e-07 1.03041e-07 8.01389e-08 6.12307e-08 4.61158e-08 3.43198e-08 2.52841e-08 1.8466e-08 1.33845e-08 9.63659e-09 6.89698e-09 4.90988e-09 3.47843e-09 2.45348e-09 1.72359e-09 1.20636e-09 8.41456e-10 5.85072e-10 4.05605e-10 2.80414e-10 1.93363e-10 1.33012e-10 9.12889e-11 6.25183e-11 4.27276e-11 2.91454e-11 1.98442e-11 1.34877e-11 9.15204e-12 6.20023e-12 4.19409e-12 2.83293e-12 1.91086e-12 1.28719e-12 8.65958e-13 5.81856e-13 3.90498e-13 2.61773e-13 1.75288e-13 1.17251e-13 7.83491e-14 5.23021e-14 3.48809e-14 2.32408e-14 1.54711e-14 1.029e-14 6.83814e-15 4.5405e-15 3.01247e-15 1.99712e-15 1.32299e-15 8.75769e-16 5.79312e-16 3.82942e-16 2.52964e-16 1.66993e-16 1.10168e-16 7.26343e-17 4.78587e-17 3.15151e-17 2.07407e-17 1.36421e-17 8.96795e-18 5.89209e-18 3.86913e-18 2.5394e-18 1.66581e-18 1.0922e-18 7.15761e-19 4.68839e-19 3.06956e-19 2.00876e-19 1.31396e-19 8.59102e-20 5.61459e-20 3.66781e-20 2.39504e-20 1.5633e-20 1.01999e-20 6.65236e-21 4.33698e-21 2.8264e-21 1.84127e-21 1.19906e-21 7.80557e-22 5.07943e-22 3.30425e-22 2.14873e-22 1.39682e-22 9.07732e-23 5.89699e-23 3.82969e-23 2.48632e-23 1.61367e-23 1.04698e-23 6.79097e-24 4.40346e-24 2.85448e-24 1.84985e-24 1.19845e-24 7.7621e-25
1.70013e-07 6.48206e-08 5.07261e-08 3.89699e-08 2.94952e-08 2.205e-08 1.6313e-08 1.19609e-08 8.7017e-09 6.28718e-09 4.51492e-09 3.22448e-09 2.29147e-09 1.6211e-09 1.14212e-09 8.0162e-10 5.60663e-10 3.90863e-10 2.71665e-10 1.88286e-10 1.30153e-10 8.97452e-11 6.17381e-11 4.23777e-11 2.90278e-11 1.98442e-11 1.35406e-11 9.22282e-12 6.27122e-12 4.25731e-12 2.88565e-12 1.95302e-12 1.31994e-12 8.90855e-13 6.00469e-13 4.04229e-13 2.71792e-13 1.82532e-13 1.22448e-13 8.20529e-14 5.49262e-14 3.67302e-14 2.45381e-14 1.63775e-14 1.09208e-14 7.27563e-15 4.84298e-15 3.22099e-15 2.14048e-15 1.42131e-15 9.43047e-16 6.25247e-16 4.1424e-16 2.74249e-16 1.81441e-16 1.19959e-16 7.92588e-17 5.23337e-17 3.45338e-17 2.27741e-17 1.50099e-17 9.88696e-18 6.50878e-18 4.28247e-18 2.81613e-18 1.85088e-18 1.21585e-18 7.98283e-19 5.23863e-19 3.4361e-19 2.25271e-19 1.47619e-19 9.66888e-20 6.33017e-20 4.14249e-20 2.70968e-20 1.7717e-20 1.15793e-20 7.5647e-21 4.94001e-21 3.22472e-21 2.10419e-21 1.3725e-21 8.94908e-22 5.83287e-22 3.80039e-22 2.47525e-22 1.6116e-22 1.04892e-22 6.82469e-23 4.43892e-23 2.88621e-23 1.87602e-23 1.21901e-23 7.9185e-24 5.14213e-24 3.33818e-24 2.16644e-24 1.40557e-24 9.11663e-25 5.9114e-25
1.04487e-07 4.07554e-08 3.20894e-08 2.47858e-08 1.88511e-08 1.41557e-08 1.0516e-08 7.74037e-09 5.6518e-09 4.09773e-09 2.95238e-09 2.11523e-09 1.50776e-09 1.0698e-09 7.55851e-10 5.31966e-10 3.73057e-10 2.6075e-10 1.81689e-10 1.26236e-10 8.74705e-11 6.0456e-11 4.1685e-11 2.86775e-11 1.96869e-11 1.34877e-11 9.22282e-12 6.29504e-12 4.28922e-12 2.91769e-12 1.98158e-12 1.34377e-12 9.09932e-13 6.15301e-13 4.15514e-13 2.80237e-13 1.88768e-13 1.27002e-13 8.53489e-14 5.72931e-14 3.84186e-14 2.57354e-14 1.72221e-14 1.15138e-14 7.69034e-15 5.13188e-15 3.42156e-15 2.27929e-15 1.5171e-15 1.00896e-15 6.70498e-16 4.45233e-16 2.95429e-16 1.95887e-16 1.29793e-16 8.59404e-17 5.6866e-17 3.76031e-17 2.48495e-17 1.64113e-17 1.08318e-17 7.14499e-18 4.71032e-18 3.10351e-18 2.04368e-18 1.34505e-18 8.84773e-19 5.81701e-19 3.82249e-19 2.51059e-19 1.64814e-19 1.08144e-19 7.09262e-20 4.64956e-20 3.04663e-20 1.99543e-20 1.30636e-20 8.54878e-21 5.59195e-21 3.65632e-21 2.38973e-21 1.56128e-21 1.01964e-21 6.65643e-22 4.34384e-22 2.83365e-22 1.84782e-22 1.20453e-22 7.84913e-23 5.11299e-23 3.32951e-23 2.16741e-23 1.41044e-23 9.17552e-24 5.96713e-24 3.87939e-24 2.52131e-24 1.63816e-24 1.06403e-24 6.90914e-25 4.48503e-25
6.42163e-08 2.56117e-08 2.02883e-08 1.57544e-08 1.20399e-08 9.0808e-09 6.7735e-09 5.00473e-09 3.66747e-09 2.66812e-09 1.92862e-09 1.38607e-09 9.90969e-10 7.05152e-10 4.99606e-10 3.52573e-10 2.47901e-10 1.73714e-10 1.21344e-10 8.45127e-11 5.86986e-11 4.06639e-11 2.81016e-11 1.93756e-11 1.33301e-11 9.15204e-12 6.27122e-12 4.28922e-12 2.92843e-12 1.99599e-12 1.35825e-12 9.22846e-13 6.26089e-13 4.24157e-13 2.86962e-13 1.93889e-13 1.30838e-13 8.81836e-14 5.93653e-14 3.99197e-14 2.68143e-14 1.79924e-14 1.20606e-14 8.07639e-15 5.40321e-15 3.61146e-15 2.4117e-15 1.60911e-15 1.0727e-15 7.14521e-16 4.75557e-16 3.16266e-16 2.10171e-16 1.39564e-16 9.26106e-17 6.14107e-17 4.0694e-17 2.69481e-17 1.78338e-17 1.17946e-17 7.79564e-18 5.14943e-18 3.39945e-18 2.24289e-18 1.47897e-18 9.74705e-19 6.42023e-19 4.22666e-19 2.78112e-19 1.82903e-19 1.20228e-19 7.89909e-20 5.1873e-20 3.40488e-20 2.2339e-20 1.46497e-20 9.60284e-21 6.29192e-21 4.12079e-21 2.69772e-21 1.76536e-21 1.15477e-21 7.55064e-22 4.93517e-22 3.22444e-22 2.10593e-22 1.3749e-22 8.97302e-23 5.85398e-23 3.81777e-23 2.48896e-23 1.6221e-23 1.05679e-23 6.88271e-24 4.48112e-24 2.91658e-24 1.89768e-24 1.23435e-24 8.02637e-25 5.21757e-25 3.39068e-25
3.94664e-08 1.60872e-08 1.28201e-08 1.00078e-08 7.68455e-09 5.82109e-09 4.35951e-09 3.23323e-09 2.37772e-09 1.73564e-09 1.25861e-09 9.07321e-10 6.50605e-10 4.64274e-10 3.29846e-10 2.33393e-10 1.64527e-10 1.1558e-10 8.09333e-11 5.65023e-11 3.93352e-11 2.73118e-11 1.89164e-11 1.3071e-11 9.01185e-12 6.20023e-12 4.25731e-12 2.91769e-12 1.99599e-12 1.3631e-12 9.29362e-13 6.3264e-13 4.30005e-13 2.91852e-13 1.9781e-13 1.33891e-13 9.05106e-14 6.11095e-14 4.12098e-14 2.77582e-14 1.86767e-14 1.25529e-14 8.42816e-15 5.6531e-15 3.78806e-15 2.53593e-15 1.69613e-15 1.13344e-15 7.56761e-16 5.04842e-16 3.36511e-16 2.24129e-16 1.49163e-16 9.9197e-17 6.59201e-17 4.37751e-17 2.90492e-17 1.9264e-17 1.27665e-17 8.45507e-18 5.59613e-18 3.70161e-18 2.44699e-18 1.61665e-18 1.06746e-18 7.04438e-19 4.64615e-19 3.06274e-19 2.01789e-19 1.3288e-19 8.74584e-20 5.75344e-20 3.78305e-20 2.48628e-20 1.63325e-20 1.0724e-20 7.03827e-21 4.61723e-21 3.02767e-21 1.9845e-21 1.3002e-21 8.51514e-22 5.57439e-22 3.64779e-22 2.38612e-22 1.56023e-22 1.01981e-22 6.66333e-23 4.35215e-23 2.84157e-23 1.85465e-23 1.21007e-23 7.89248e-24 5.14599e-24 3.35413e-24 2.18549e-24 1.42356e-24 9.26973e-25 6.03423e-25 3.92683e-25 2.55465e-25
2.42554e-08 1.01e-08 8.09683e-09 6.3537e-09 4.90161e-09 3.72892e-09 2.80374e-09 2.08711e-09 1.54024e-09 1.12803e-09 8.20591e-10 5.93346e-10 4.26703e-10 3.05349e-10 2.17525e-10 1.5432e-10 1.09063e-10 7.68057e-11 5.39117e-11 3.77259e-11 2.63239e-11 1.83185e-11 1.27154e-11 8.805e-12 6.08343e-12 4.19409e-12 2.88565e-12 1.98158e-12 1.35825e-12 9.29362e-13 6.34837e-13 4.32956e-13 2.9482e-13 2.00461e-13 1.3611e-13 9.2291e-14 6.24971e-14 4.22682e-14 2.85522e-14 1.92644e-14 1.29832e-14 8.74042e-15 5.87792e-15 3.94884e-15 2.65024e-15 1.77699e-15 1.19036e-15 7.96669e-16 5.32717e-16 3.55914e-16 2.37592e-16 1.58478e-16 1.05625e-16 7.03445e-17 4.68134e-17 3.11312e-17 2.06878e-17 1.37383e-17 9.11712e-18 6.04641e-18 4.00737e-18 2.65429e-18 1.757e-18 1.16234e-18 7.68495e-19 5.07808e-19 3.35363e-19 2.21356e-19 1.46028e-19 9.62831e-20 6.34513e-20 4.17938e-20 2.75149e-20 1.81056e-20 1.19083e-20 7.82861e-21 5.14423e-21 3.37878e-21 2.21824e-21 1.45568e-21 9.54864e-22 6.26086e-22 4.10343e-22 2.68835e-22 1.76056e-22 1.15251e-22 7.5418e-23 4.93332e-23 3.22584e-23 2.10856e-23 1.37776e-23 8.9993e-24 5.87613e-24 3.83552e-24 2.50271e-24 1.6325e-24 1.06452e-24 6.93923e-25 4.52202e-25 2.94589e-25 1.91852e-25
1.4907e-08 6.33822e-09 5.11117e-09 4.03155e-09 3.1246e-09 2.38712e-09 1.80188e-09 1.34624e-09 9.96916e-10 7.32507e-10 5.34524e-10 3.87653e-10 2.79578e-10 2.00619e-10 1.43298e-10 1.01923e-10 7.22129e-11 5.09788e-11 3.5868e-11 2.51575e-11 1.75937e-11 1.22703e-11 8.53551e-12 5.92307e-12 4.10077e-12 2.83293e-12 1.95302e-12 1.34377e-12 9.22846e-13 6.3264e-13 4.32956e-13 2.95815e-13 2.01799e-13 1.37457e-13 9.34949e-14 6.35051e-14 4.30776e-14 2.91835e-14 1.97463e-14 1.3345e-14 9.00843e-15 6.07431e-15 4.09146e-15 2.753e-15 1.85053e-15 1.24269e-15 8.33711e-16 5.58817e-16 3.74227e-16 2.50394e-16 1.67396e-16 1.11818e-16 7.4633e-17 4.97751e-17 3.31714e-17 2.209e-17 1.46999e-17 9.77527e-18 6.49599e-18 4.31391e-18 2.86295e-18 1.8988e-18 1.25856e-18 8.33691e-19 5.51921e-19 3.6517e-19 2.41472e-19 1.59586e-19 1.05411e-19 6.95895e-20 4.5917e-20 3.02818e-20 1.99604e-20 1.31505e-20 8.65978e-21 5.69985e-21 3.74989e-21 2.46589e-21 1.62082e-21 1.06488e-21 6.99331e-22 4.59069e-22 3.01226e-22 1.97573e-22 1.29535e-22 8.48934e-23 5.5615e-23 3.64202e-23 2.38412e-23 1.5601e-23 1.02051e-23 6.67312e-24 4.36199e-24 2.85029e-24 1.86184e-24 1.21577e-24 7.93621e-25 5.17885e-25 3.37842e-25 2.2032e-25 1.43634e-25
9.16162e-09 3.97584e-09 3.22491e-09 2.55674e-09 1.99065e-09 1.52717e-09 1.15722e-09 8.67718e-10 6.44749e-10 4.75272e-10 3.47881e-10 2.53036e-10 1.83007e-10 1.31679e-10 9.4303e-11 6.72455e-11 4.77612e-11 3.3798e-11 2.38355e-11 1.67561e-11 1.17443e-11 8.20856e-12 5.72223e-12 3.97911e-12 2.76051e-12 1.91086e-12 1.31994e-12 9.09932e-13 6.26089e-13 4.30005e-13 2.9482e-13 2.01799e-13 1.37908e-13 9.4102e-14 6.41168e-14 4.36248e-14 2.9642e-14 2.01147e-14 1.36325e-14 9.22806e-15 6.23931e-15 4.21378e-15 2.8427e-15 1.91572e-15 1.28969e-15 8.67378e-16 5.8279e-16 3.9121e-16 2.62369e-16 1.75806e-16 1.17701e-16 7.87344e-17 5.26255e-17 3.51468e-17 2.34552e-17 1.56411e-17 1.04227e-17 6.94033e-18 4.61826e-18 3.07101e-18 2.04078e-18 1.35529e-18 8.99476e-19 5.96594e-19 3.95463e-19 2.61984e-19 1.73457e-19 1.14779e-19 7.59091e-20 5.0175e-20 3.31474e-20 2.18869e-20 1.44443e-20 9.5278e-21 6.28164e-21 4.13947e-21 2.72653e-21 1.79503e-21 1.18124e-21 7.76976e-22 5.10842e-22 3.3572e-22 2.20538e-22 1.44813e-22 9.50506e-23 6.23629e-23 4.09001e-23 2.68135e-23 1.75718e-23 1.1511e-23 7.53792e-24 4.93434e-24 3.22887e-24 2.11212e-24 1.38113e-24 9.02816e-25 5.89954e-25 3.85383e-25 2.51665e-25 1.64291e-25 1.07218e-25
