0.814599 0.0774801 0.00736947 0.000700943 6.66698e-05 6.34125e-06 6.03144e-07 5.73677e-08 5.45649e-09 5.18991e-10 4.93635e-11 4.69518e-12 4.46579e-13 4.24761e-14 4.04009e-15 3.84271e-16 3.65497e-17 3.4764e-18 3.30655e-19 3.14501e-20 2.99136e-21 2.84521e-22 2.7062e-23 2.57399e-24 2.44823e-25 2.32862e-26 2.21485e-27 2.10665e-28 2.00372e-29 1.90583e-30 1.81272e-31 1.72415e-32 1.63992e-33 1.5598e-34 1.48359e-35 1.41111e-36 1.34217e-37 1.2766e-38 1.21423e-39 1.1549e-40 1.09848e-41 1.04481e-42 9.93767e-44 9.45215e-45 8.99036e-46 8.55112e-47 8.13335e-48 7.73598e-49 7.35803e-50 6.99855e-51 6.65662e-52 6.33141e-53 6.02208e-54 5.72786e-55 5.44802e-56 5.18185e-57 4.92869e-58 4.68789e-59 4.45886e-60 4.24102e-61 4.03382e-62 3.83674e-63 3.64929e-64 3.471e-65 3.30142e-66 3.14013e-67 2.98671e-68 2.84079e-69 2.702e-70 2.56999e-71 2.44443e-72 2.32501e-73 2.21142e-74 2.10337e-75 2.00061e-76 1.90287e-77 1.8099e-78 1.72148e-79 1.63737e-80 1.55738e-81 1.48129e-82 1.40892e-83 1.34009e-84 1.27461e-85 1.21234e-86 1.15311e-87 1.09677e-88 1.04319e-89 9.92224e-91 9.43747e-92 8.9764e-93 8.53784e-94 8.12072e-95 7.72397e-96 7.34661e-97 6.98768e-98 6.64629e-99 6.32158e-100 6.01273e-101 5.71897e-102 5.43956e-103
0.0774801 0.0108059 0.00135465 0.000159935 1.81691e-05 2.00939e-06 2.17873e-07 2.32673e-08 2.45506e-09 2.5653e-10 2.65891e-11 2.73725e-12 2.80158e-13 2.8531e-14 2.8929e-15 2.92199e-16 2.94134e-17 2.95183e-18 2.95427e-19 2.94942e-20 2.938e-21 2.92065e-22 2.89798e-23 2.87056e-24 2.8389e-25 2.80348e-26 2.76475e-27 2.72311e-28 2.67894e-29 2.63259e-30 2.58437e-31 2.53457e-32 2.48348e-33 2.43133e-34 2.37834e-35 2.32473e-36 2.27068e-37 2.21637e-38 2.16194e-39 2.10754e-40 2.05329e-41 1.99931e-42 1.94571e-43 1.89257e-44 1.83998e-45 1.78802e-46 1.73673e-47 1.68619e-48 1.63645e-49 1.58754e-50 1.5395e-51 1.49237e-52 1.44617e-53 1.40092e-54 1.35664e-55 1.31334e-56 1.27103e-57 1.22973e-58 1.18942e-59 1.15012e-60 1.11182e-61 1.07452e-62 1.03821e-63 1.00288e-64 9.68527e-66 9.35136e-67 9.02695e-68 8.71193e-69 8.40614e-70 8.10943e-71 7.82165e-72 7.54263e-73 7.27221e-74 7.01021e-75 6.75645e-76 6.51075e-77 6.27293e-78 6.04281e-79 5.82021e-80 5.60493e-81 5.39679e-82 5.19561e-83 5.00121e-84 4.8134e-85 4.63201e-86 4.45685e-87 4.28775e-88 4.12454e-89 3.96703e-90 3.81508e-91 3.6685e-92 3.52714e-93 3.39083e-94 3.25943e-95 3.13277e-96 3.01071e-97 2.89309e-98 2.77978e-99 2.67064e-100 2.56553e-101 2.46431e-102
0.00736947 0.00135465 0.000205521 2.82196e-05 3.64003e-06 4.49618e-07 5.37862e-08 6.27696e-09 7.18202e-10 8.08575e-11 8.98114e-12 9.8621e-13 1.07234e-13 1.15605e-14 1.23698e-15 1.31479e-16 1.38924e-17 1.46011e-18 1.52725e-19 1.59053e-20 1.64987e-21 1.7052e-22 1.75652e-23 1.80381e-24 1.84711e-25 1.88645e-26 1.9219e-27 1.95352e-28 1.98141e-29 2.00565e-30 2.02637e-31 2.04367e-32 2.05766e-33 2.06848e-34 2.07625e-35 2.08109e-36 2.08315e-37 2.08255e-38 2.07943e-39 2.07391e-40 2.06613e-41 2.05621e-42 2.04429e-43 2.03048e-44 2.01491e-45 1.9977e-46 1.97896e-47 1.9588e-48 1.93734e-49 1.91467e-50 1.89091e-51 1.86614e-52 1.84047e-53 1.81397e-54 1.78674e-55 1.75887e-56 1.73042e-57 1.70147e-58 1.6721e-59 1.64238e-60 1.61236e-61 1.5821e-62 1.55168e-63 1.52113e-64 1.49051e-65 1.45988e-66 1.42926e-67 1.39871e-68 1.36827e-69 1.33796e-70 1.30784e-71 1.27792e-72 1.24824e-73 1.21882e-74 1.18969e-75 1.16087e-76 1.13238e-77 1.10425e-78 1.07648e-79 1.0491e-80 1.02211e-81 9.95538e-83 9.69383e-84 9.43658e-85 9.18372e-86 8.93531e-87 8.6914e-88 8.45206e-89 8.2173e-90 7.98717e-91 7.76167e-92 7.54083e-93 7.32463e-94 7.11308e-95 6.90616e-96 6.70386e-97 6.50615e-98 6.31299e-99 6.12437e-100 5.94023e-101 5.76054e-102
0.000700943 0.000159935 2.82196e-05 4.37588e-06 6.26179e-07 8.4749e-08 1.10058e-08 1.38415e-09 1.69658e-10 2.036e-11 2.40037e-12 2.7875e-13 3.1951e-14 3.62082e-15 4.0623e-16 4.51715e-17 4.98302e-18 5.4576e-19 5.93862e-20 6.42392e-21 6.91139e-22 7.39903e-23 7.88494e-24 8.36732e-25 8.84447e-26 9.31483e-27 9.77693e-28 1.02294e-28 1.06711e-29 1.11007e-30 1.15174e-31 1.19201e-32 1.23082e-33 1.26808e-34 1.30373e-35 1.33774e-36 1.37004e-37 1.4006e-38 1.42941e-39 1.45643e-40 1.48166e-41 1.50509e-42 1.52672e-43 1.54656e-44 1.56461e-45 1.5809e-46 1.59544e-47 1.60825e-48 1.61937e-49 1.62883e-50 1.63666e-51 1.6429e-52 1.64759e-53 1.65077e-54 1.65248e-55 1.65277e-56 1.65169e-57 1.64928e-58 1.64559e-59 1.64068e-60 1.63458e-61 1.62736e-62 1.61905e-63 1.60971e-64 1.59939e-65 1.58814e-66 1.57601e-67 1.56304e-68 1.54929e-69 1.53479e-70 1.5196e-71 1.50376e-72 1.48732e-73 1.47032e-74 1.45279e-75 1.43479e-76 1.41635e-77 1.39751e-78 1.3783e-79 1.35877e-80 1.33896e-81 1.31888e-82 1.29858e-83 1.27809e-84 1.25743e-85 1.23665e-86 1.21576e-87 1.19479e-88 1.17376e-89 1.15271e-90 1.13166e-91 1.11062e-92 1.08962e-93 1.06867e-94 1.04781e-95 1.02703e-96 1.00637e-97 9.85837e-99 9.65444e-100 9.45206e-101 9.25138e-102
6.66698e-05 1.81691e-05 3.64003e-06 6.26179e-07 9.79897e-08 1.43578e-08 2.00326e-09 2.69053e-10 3.50448e-11 4.45065e-12 5.53328e-13 6.75531e-14 8.11841e-15 9.62305e-16 1.12685e-16 1.30531e-17 1.4974e-18 1.70275e-19 1.9209e-20 2.15133e-21 2.39344e-22 2.64656e-23 2.91e-24 3.18298e-25 3.46471e-26 3.75439e-27 4.05115e-28 4.35414e-29 4.66249e-30 4.97532e-31 5.29175e-32 5.61091e-33 5.93193e-34 6.25399e-35 6.57623e-36 6.89785e-37 7.21806e-38 7.53611e-39 7.85126e-40 8.16281e-41 8.47009e-42 8.77246e-43 9.06931e-44 9.36009e-45 9.64426e-46 9.92131e-47 1.01908e-47 1.04523e-48 1.07054e-49 1.09497e-50 1.11851e-51 1.1411e-52 1.16274e-53 1.18339e-54 1.20305e-55 1.22169e-56 1.2393e-57 1.25588e-58 1.27141e-59 1.2859e-60 1.29933e-61 1.31171e-62 1.32305e-63 1.33335e-64 1.34261e-65 1.35085e-66 1.35807e-67 1.3643e-68 1.36954e-69 1.37381e-70 1.37712e-71 1.3795e-72 1.38096e-73 1.38153e-74 1.38123e-75 1.38007e-76 1.37809e-77 1.3753e-78 1.37173e-79 1.3674e-80 1.36235e-81 1.35658e-82 1.35014e-83 1.34305e-84 1.33532e-85 1.32699e-86 1.31809e-87 1.30864e-88 1.29866e-89 1.28818e-90 1.27722e-91 1.26582e-92 1.25399e-93 1.24176e-94 1.22916e-95 1.2162e-96 1.20292e-97 1.18933e-98 1.17545e-99 1.16131e-100 1.14693e-101
6.34125e-06 2.00939e-06 4.49618e-07 8.4749e-08 1.43578e-08 2.25815e-09 3.35999e-10 4.7877e-11 6.58801e-12 8.80733e-13 1.14911e-13 1.46834e-14 1.84262e-15 2.27592e-16 2.7719e-17 3.33395e-18 3.96508e-19 4.66794e-20 5.44482e-21 6.29758e-22 7.22771e-23 8.23625e-24 9.32387e-25 1.04908e-25 1.17369e-26 1.30616e-27 1.4464e-28 1.59428e-29 1.74963e-30 1.91226e-31 2.08194e-32 2.25841e-33 2.44138e-34 2.63054e-35 2.82556e-36 3.02608e-37 3.23174e-38 3.44214e-39 3.65688e-40 3.87555e-41 4.09771e-42 4.32295e-43 4.55082e-44 4.78088e-45 5.01269e-46 5.2458e-47 5.47978e-48 5.71419e-49 5.9486e-50 6.18257e-51 6.4157e-52 6.64757e-53 6.87778e-54 7.10594e-55 7.33168e-56 7.55463e-57 7.77444e-58 7.99078e-59 8.20331e-60 8.41174e-61 8.61576e-62 8.81512e-63 9.00954e-64 9.19877e-65 9.38261e-66 9.56082e-67 9.73322e-68 9.89964e-69 1.00599e-69 1.02139e-70 1.03614e-71 1.05024e-72 1.06367e-73 1.07643e-74 1.08851e-75 1.09991e-76 1.11061e-77 1.12063e-78 1.12995e-79 1.13857e-80 1.1465e-81 1.15374e-82 1.1603e-83 1.16616e-84 1.17135e-85 1.17587e-86 1.17972e-87 1.18291e-88 1.18546e-89 1.18736e-90 1.18864e-91 1.1893e-92 1.18935e-93 1.18881e-94 1.18768e-95 1.18599e-96 1.18374e-97 1.18095e-98 1.17763e-99 1.1738e-100 1.16948e-101
6.03144e-07 2.17873e-07 5.37862e-08 1.10058e-08 2.00326e-09 3.35999e-10 5.30139e-11 7.97391e-12 1.15389e-12 1.61714e-13 2.20586e-14 2.93988e-15 3.83991e-16 4.92737e-17 6.22426e-18 7.7529e-19 9.53579e-20 1.15954e-20 1.39539e-21 1.66332e-22 1.96546e-23 2.30385e-24 2.68046e-25 3.09716e-26 3.55568e-27 4.05763e-28 4.60448e-29 5.19756e-30 5.83803e-31 6.52689e-32 7.26496e-33 8.05289e-34 8.89115e-35 9.78004e-36 1.07197e-36 1.17099e-37 1.27506e-38 1.38413e-39 1.49814e-40 1.617e-41 1.74063e-42 1.86892e-43 2.00174e-44 2.13895e-45 2.2804e-46 2.42592e-47 2.57532e-48 2.72843e-49 2.88504e-50 3.04493e-51 3.20788e-52 3.37367e-53 3.54207e-54 3.71282e-55 3.88569e-56 4.06041e-57 4.23674e-58 4.41443e-59 4.5932e-60 4.7728e-61 4.95296e-62 5.13344e-63 5.31396e-64 5.49428e-65 5.67414e-66 5.85328e-67 6.03147e-68 6.20845e-69 6.384e-70 6.55787e-71 6.72985e-72 6.89972e-73 7.06725e-74 7.23225e-75 7.39452e-76 7.55387e-77 7.71012e-78 7.86308e-79 8.0126e-80 8.15852e-81 8.30069e-82 8.43898e-83 8.57324e-84 8.70336e-85 8.82922e-86 8.95073e-87 9.06778e-88 9.1803e-89 9.28819e-90 9.3914e-91 9.48986e-92 9.58351e-93 9.67233e-94 9.75626e-95 9.83528e-96 9.90938e-97 9.97854e-98 1.00427e-98 1.0102e-99 1.01563e-100 1.02057e-101
5.73677e-08 2.32673e-08 6.27696e-09 1.38415e-09 2.69053e-10 4.7877e-11 7.97391e-12 1.26091e-12 1.91182e-13 2.79942e-14 3.97997e-15 5.51674e-16 7.48008e-17 9.94729e-18 1.30024e-18 1.67361e-19 2.12451e-20 2.6632e-21 3.30045e-22 4.04754e-23 4.91614e-24 5.91829e-25 7.06631e-26 8.37274e-27 9.85027e-28 1.15117e-28 1.33697e-29 1.5437e-30 1.77261e-31 2.02494e-32 2.30188e-33 2.6046e-34 2.93421e-35 3.2918e-36 3.67837e-37 4.09488e-38 4.54221e-39 5.02117e-40 5.53252e-41 6.07689e-42 6.65487e-43 7.26694e-44 7.9135e-45 8.59485e-46 9.3112e-47 1.00627e-47 1.08493e-48 1.16709e-49 1.25275e-50 1.34186e-51 1.43441e-52 1.53033e-53 1.62958e-54 1.73209e-55 1.83779e-56 1.94659e-57 2.05842e-58 2.17317e-59 2.29074e-60 2.41102e-61 2.53388e-62 2.65921e-63 2.78687e-64 2.91674e-65 3.04865e-66 3.18248e-67 3.31807e-68 3.45526e-69 3.5939e-70 3.73384e-71 3.87489e-72 4.01691e-73 4.15973e-74 4.30317e-75 4.44707e-76 4.59127e-77 4.73558e-78 4.87985e-79 5.02391e-80 5.16759e-81 5.31073e-82 5.45316e-83 5.59473e-84 5.73527e-85 5.87464e-86 6.01268e-87 6.14924e-88 6.28418e-89 6.41736e-90 6.54863e-91 6.67788e-92 6.80497e-93 6.92977e-94 7.05217e-95 7.17205e-96 7.28931e-97 7.40384e-98 7.51554e-99 7.62433e-100 7.7301e-101 7.83278e-102
5.45649e-09 2.45506e-09 7.18202e-10 1.69658e-10 3.50448e-11 6.58801e-12 1.15389e-12 1.91182e-13 3.02804e-14 4.6197e-15 6.8279e-16 9.81992e-17 1.37912e-17 1.89672e-18 2.5605e-19 3.39946e-20 4.44604e-21 5.73615e-22 7.30927e-23 9.20843e-24 1.14803e-24 1.41749e-25 1.7346e-26 2.10505e-27 2.53485e-28 3.03034e-29 3.59813e-30 4.24511e-31 4.97839e-32 5.80532e-33 6.73343e-34 7.77041e-35 8.92409e-36 1.02024e-36 1.16132e-37 1.31647e-38 1.48647e-39 1.67213e-40 1.87422e-41 2.09354e-42 2.33082e-43 2.58683e-44 2.86227e-45 3.15785e-46 3.47422e-47 3.81202e-48 4.17186e-49 4.55429e-50 4.95983e-51 5.38897e-52 5.84213e-53 6.31971e-54 6.82204e-55 7.34941e-56 7.90206e-57 8.48017e-58 9.08386e-59 9.71321e-60 1.03682e-60 1.10489e-61 1.17551e-62 1.24867e-63 1.32434e-64 1.40251e-65 1.48313e-66 1.56618e-67 1.6516e-68 1.73935e-69 1.82938e-70 1.92162e-71 2.01602e-72 2.1125e-73 2.211e-74 2.31143e-75 2.41372e-76 2.51778e-77 2.62351e-78 2.73084e-79 2.83966e-80 2.94987e-81 3.06138e-82 3.17407e-83 3.28785e-84 3.4026e-85 3.51821e-86 3.63458e-87 3.75159e-88 3.86912e-89 3.98706e-90 4.10529e-91 4.2237e-92 4.34218e-93 4.4606e-94 4.57885e-95 4.69682e-96 4.81439e-97 4.93145e-98 5.04788e-99 5.16358e-100 5.27843e-101 5.39233e-102
5.18991e-10 2.5653e-10 8.08575e-11 2.036e-11 4.45065e-12 8.80733e-13 1.61714e-13 2.79942e-14 4.6197e-15 7.32599e-16 1.12319e-16 1.67267e-17 2.42856e-18 3.4481e-19 4.79927e-20 6.56191e-21 8.82882e-22 1.17067e-22 1.53174e-23 1.97986e-24 2.53047e-25 3.20079e-26 4.00987e-27 4.97867e-28 6.13008e-29 7.489e-30 9.08235e-31 1.09391e-31 1.30902e-32 1.55687e-33 1.84096e-34 2.16499e-35 2.53286e-36 2.94863e-37 3.41657e-38 3.94109e-39 4.52677e-40 5.17835e-41 5.90068e-42 6.69873e-43 7.57761e-44 8.54247e-45 9.59858e-46 1.07512e-46 1.20058e-47 1.33676e-48 1.4842e-49 1.64344e-50 1.81501e-51 1.99943e-52 2.19723e-53 2.40891e-54 2.63496e-55 2.87588e-56 3.13213e-57 3.40417e-58 3.69242e-59 3.9973e-60 4.31921e-61 4.6585e-62 5.01552e-63 5.39058e-64 5.78398e-65 6.19596e-66 6.62676e-67 7.07658e-68 7.54557e-69 8.03387e-70 8.54157e-71 9.06875e-72 9.61541e-73 1.01816e-73 1.07671e-74 1.13721e-75 1.19963e-76 1.26396e-77 1.33018e-78 1.39826e-79 1.46819e-80 1.53993e-81 1.61345e-82 1.68872e-83 1.76568e-84 1.84431e-85 1.92455e-86 2.00636e-87 2.08968e-88 2.17446e-89 2.26065e-90 2.34817e-91 2.43697e-92 2.52698e-93 2.61814e-94 2.71038e-95 2.80362e-96 2.89779e-97 2.99282e-98 3.08863e-99 3.18514e-100 3.28227e-101 3.37995e-102
4.93635e-11 2.65891e-11 8.98114e-12 2.40037e-12 5.53328e-13 1.14911e-13 2.20586e-14 3.97997e-15 6.8279e-16 1.12319e-16 1.78292e-17 2.74446e-18 4.11269e-19 6.01884e-20 8.62477e-21 1.21275e-21 1.67643e-22 2.28173e-23 3.06194e-24 4.05592e-25 5.30869e-26 6.87198e-27 8.8048e-28 1.1174e-28 1.40549e-29 1.75316e-30 2.16979e-31 2.66573e-32 3.2524e-33 3.94228e-34 4.74901e-35 5.68736e-36 6.77331e-37 8.02405e-38 9.45802e-39 1.10949e-39 1.29556e-40 1.50624e-41 1.74387e-42 2.01092e-43 2.30999e-44 2.64378e-45 3.01513e-46 3.42698e-47 3.88238e-48 4.38449e-49 4.93656e-50 5.54193e-51 6.20402e-52 6.92634e-53 7.71246e-54 8.56601e-55 9.49067e-56 1.04902e-56 1.15682e-57 1.27287e-58 1.39752e-59 1.53117e-60 1.67418e-61 1.82694e-62 1.98981e-63 2.16315e-64 2.34734e-65 2.54272e-66 2.74964e-67 2.96844e-68 3.19943e-69 3.44294e-70 3.69927e-71 3.9687e-72 4.25151e-73 4.54796e-74 4.85829e-75 5.18272e-76 5.52147e-77 5.87471e-78 6.24262e-79 6.62535e-80 7.02301e-81 7.43572e-82 7.86355e-83 8.30657e-84 8.76482e-85 9.2383e-86 9.72701e-87 1.02309e-87 1.075e-88 1.1284e-89 1.18331e-90 1.23969e-91 1.29754e-92 1.35684e-93 1.41756e-94 1.4797e-95 1.54321e-96 1.60807e-97 1.67425e-98 1.74173e-99 1.81046e-100 1.88042e-101 1.95155e-102
4.69518e-12 2.73725e-12 9.8621e-13 2.7875e-13 6.75531e-14 1.46834e-14 2.93988e-15 5.51674e-16 9.81992e-17 1.67267e-17 2.74446e-18 4.35992e-19 6.7336e-20 1.01437e-20 1.49455e-21 2.15862e-22 3.06214e-23 4.27338e-24 5.87528e-25 7.96763e-26 1.06694e-26 1.41212e-27 1.8488e-28 2.39618e-29 3.07643e-30 3.91503e-31 4.94108e-32 6.18756e-33 7.69169e-34 9.49526e-35 1.16449e-35 1.41926e-36 1.71956e-37 2.07172e-38 2.48268e-39 2.96002e-40 3.51199e-41 4.14753e-42 4.87633e-43 5.70879e-44 6.6561e-45 7.73021e-46 8.9439e-47 1.03107e-47 1.18451e-48 1.35622e-49 1.5478e-50 1.76095e-51 1.99744e-52 2.2591e-53 2.54788e-54 2.86578e-55 3.21488e-56 3.59735e-57 4.01542e-58 4.47138e-59 4.96761e-60 5.50652e-61 6.0906e-62 6.72239e-63 7.40447e-64 8.13947e-65 8.93005e-66 9.77892e-67 1.06888e-67 1.16624e-68 1.27025e-69 1.38119e-70 1.49933e-71 1.62495e-72 1.75833e-73 1.89973e-74 2.04942e-75 2.20768e-76 2.37476e-77 2.55092e-78 2.73641e-79 2.93148e-80 3.13637e-81 3.35129e-82 3.57649e-83 3.81216e-84 4.05852e-85 4.31575e-86 4.58403e-87 4.86354e-88 5.15443e-89 5.45685e-90 5.77093e-91 6.09679e-92 6.43452e-93 6.78423e-94 7.14598e-95 7.51983e-96 7.90582e-97 8.30399e-98 8.71434e-99 9.13686e-100 9.57154e-101 1.00183e-101 1.04772e-102
4.46579e-13 2.80158e-13 1.07234e-13 3.1951e-14 8.11841e-15 1.84262e-15 3.83991e-16 7.48008e-17 1.37912e-17 2.42856e-18 4.11269e-19 6.7336e-20 1.07042e-20 1.65782e-21 2.5086e-22 3.7176e-23 5.40628e-24 7.72829e-25 1.08757e-25 1.5086e-26 2.06502e-27 2.79212e-28 3.73239e-29 4.9365e-30 6.46453e-31 8.3871e-32 1.07868e-32 1.37594e-33 1.74156e-34 2.18824e-35 2.73048e-36 3.38476e-37 4.1697e-38 5.10625e-39 6.2179e-40 7.53084e-41 9.07416e-42 1.08801e-42 1.29841e-43 1.54252e-44 1.82462e-45 2.14936e-46 2.52182e-47 2.94748e-48 3.43229e-49 3.98266e-50 4.60545e-51 5.30806e-52 6.09835e-53 6.98474e-54 7.97615e-55 9.08207e-56 1.03125e-56 1.16781e-57 1.31899e-58 1.48597e-59 1.66998e-60 1.87229e-61 2.09426e-62 2.33727e-63 2.60278e-64 2.8923e-65 3.20738e-66 3.54963e-67 3.92072e-68 4.32236e-69 4.75629e-70 5.22433e-71 5.7283e-72 6.2701e-73 6.85163e-74 7.47484e-75 8.14172e-76 8.85427e-77 9.61451e-78 1.04245e-78 1.12863e-79 1.22019e-80 1.31736e-81 1.42032e-82 1.5293e-83 1.64449e-84 1.76612e-85 1.89437e-86 2.02945e-87 2.17157e-88 2.32091e-89 2.47768e-90 2.64206e-91 2.81424e-92 2.9944e-93 3.18271e-94 3.37934e-95 3.58446e-96 3.79823e-97 4.02078e-98 4.25227e-99 4.49282e-100 4.74256e-101 5.00161e-102 5.27008e-103
4.24761e-14 2.8531e-14 1.15605e-14 3.62082e-15 9.62305e-16 2.27592e-16 4.92737e-17 9.94729e-18 1.89672e-18 3.4481e-19 6.01884e-20 1.01437e-20 1.65782e-21 2.63684e-22 4.09363e-23 6.2184e-24 9.26181e-25 1.35498e-25 1.95007e-26 2.7646e-27 3.86528e-28 5.33511e-29 7.27641e-30 9.81417e-31 1.30999e-31 1.73161e-32 2.26804e-33 2.94514e-34 3.79339e-35 4.84853e-36 6.1522e-37 7.75269e-38 9.70568e-39 1.20751e-39 1.49338e-40 1.8365e-41 2.24626e-42 2.73325e-43 3.30937e-44 3.98795e-45 4.78384e-46 5.71351e-47 6.79522e-48 8.04913e-49 9.49738e-50 1.11643e-50 1.30764e-51 1.52626e-52 1.77545e-53 2.05862e-54 2.37946e-55 2.74194e-56 3.15034e-57 3.60927e-58 4.12365e-59 4.69872e-60 5.34009e-61 6.05371e-62 6.84591e-63 7.72338e-64 8.69318e-65 9.76278e-66 1.094e-66 1.22332e-67 1.36508e-68 1.52021e-69 1.68964e-70 1.87435e-71 2.07538e-72 2.29379e-73 2.53068e-74 2.7872e-75 3.06452e-76 3.36387e-77 3.6865e-78 4.0337e-79 4.40681e-80 4.80716e-81 5.23617e-82 5.69523e-83 6.18581e-84 6.70937e-85 7.26741e-86 7.86145e-87 8.49303e-88 9.16371e-89 9.87505e-90 1.06286e-90 1.14261e-91 1.2269e-92 1.31589e-93 1.40974e-94 1.50863e-95 1.61269e-96 1.7221e-97 1.83702e-98 1.95759e-99 2.08397e-100 2.21632e-101 2.35478e-102 2.49951e-103
4.04009e-15 2.8929e-15 1.23698e-15 4.0623e-16 1.12685e-16 2.7719e-17 6.22426e-18 1.30024e-18 2.5605e-19 4.79927e-20 8.62477e-21 1.49455e-21 2.5086e-22 4.09363e-23 6.51414e-24 1.0134e-24 1.54458e-25 2.31072e-26 3.39842e-27 4.92038e-28 7.02162e-29 9.8868e-30 1.37488e-30 1.88986e-31 2.56967e-32 3.45864e-33 4.61084e-34 6.09177e-35 7.98024e-36 1.03705e-36 1.33745e-37 1.71246e-38 2.17763e-39 2.75114e-40 3.45415e-41 4.31113e-42 5.35032e-43 6.6041e-44 8.10947e-45 9.90856e-46 1.20491e-46 1.45851e-47 1.75772e-48 2.10934e-49 2.521e-50 3.00116e-51 3.55926e-52 4.20571e-53 4.95203e-54 5.81092e-55 6.79628e-56 7.92337e-57 9.20883e-58 1.06708e-58 1.2329e-59 1.42049e-60 1.63214e-61 1.87037e-62 2.13785e-63 2.43747e-64 2.77233e-65 3.14574e-66 3.56124e-67 4.0226e-68 4.53382e-69 5.09916e-70 5.72314e-71 6.41052e-72 7.16634e-73 7.99591e-74 8.90482e-75 9.89892e-76 1.09844e-76 1.21676e-77 1.34554e-78 1.48548e-79 1.6373e-80 1.80177e-81 1.97967e-82 2.17184e-83 2.37912e-84 2.60238e-85 2.84253e-86 3.10051e-87 3.37727e-88 3.67381e-89 3.99114e-90 4.3303e-91 4.69235e-92 5.07838e-93 5.4895e-94 5.92684e-95 6.39154e-96 6.88478e-97 7.40775e-98 7.96164e-99 8.54766e-100 9.16705e-101 9.82104e-102 1.05109e-102 1.12378e-103
3.84271e-16 2.92199e-16 1.31479e-16 4.51715e-17 1.30531e-17 3.33395e-18 7.7529e-19 1.67361e-19 3.39946e-20 6.56191e-21 1.21275e-21 2.15862e-22 3.7176e-23 6.2184e-24 1.0134e-24 1.61326e-25 2.51428e-26 3.84351e-27 5.77246e-28 8.5296e-29 1.24158e-29 1.78228e-30 2.52556e-31 3.53588e-32 4.89479e-33 6.70463e-34 9.09274e-35 1.22165e-35 1.62687e-36 2.14847e-37 2.8149e-38 3.66043e-39 4.72602e-40 6.06046e-41 7.72145e-42 9.77699e-43 1.23067e-43 1.54037e-44 1.91758e-45 2.3748e-46 2.92642e-47 3.58894e-48 4.38124e-49 5.32482e-50 6.44407e-51 7.76659e-52 9.32349e-53 1.11497e-53 1.32845e-54 1.57715e-55 1.86596e-56 2.20029e-57 2.58613e-58 3.03011e-59 3.53953e-60 4.12242e-61 4.78758e-62 5.54463e-63 6.40409e-64 7.3774e-65 8.477e-66 9.71637e-67 1.11101e-67 1.26739e-68 1.44249e-69 1.63811e-70 1.85624e-71 2.09896e-72 2.36852e-73 2.66732e-74 2.99793e-75 3.36305e-76 3.76558e-77 4.20857e-78 4.69529e-79 5.22914e-80 5.81375e-81 6.45294e-82 7.1507e-83 7.91125e-84 8.73901e-85 9.63861e-86 1.06149e-86 1.16729e-87 1.28179e-88 1.40553e-89 1.5391e-90 1.68308e-91 1.83809e-92 2.00476e-93 2.18375e-94 2.37574e-95 2.58144e-96 2.80157e-97 3.03687e-98 3.2881e-99 3.55606e-100 3.84154e-101 4.14538e-102 4.46841e-103 4.81149e-104
3.65497e-17 2.94134e-17 1.38924e-17 4.98302e-18 1.4974e-18 3.96508e-19 9.53579e-20 2.12451e-20 4.44604e-21 8.82882e-22 1.67643e-22 3.06214e-23 5.40628e-24 9.26181e-25 1.54458e-25 2.51428e-26 4.00396e-27 6.25013e-28 9.57949e-29 1.44373e-29 2.14229e-30 3.13337e-31 4.52194e-32 6.44475e-33 9.07835e-34 1.26486e-34 1.7442e-35 2.38193e-36 3.22311e-37 4.32366e-38 5.75248e-39 7.59394e-40 9.95073e-41 1.29471e-41 1.67327e-42 2.14864e-43 2.74217e-44 3.47911e-45 4.38931e-46 5.5078e-47 6.87555e-48 8.54031e-49 1.05574e-49 1.2991e-50 1.59146e-51 1.94129e-52 2.35826e-53 2.85338e-54 3.43919e-55 4.12987e-56 4.94142e-57 5.89186e-58 7.00145e-59 8.29282e-60 9.79127e-61 1.1525e-61 1.35252e-62 1.58266e-63 1.84675e-64 2.14902e-65 2.49412e-66 2.88715e-67 3.3337e-68 3.83988e-69 4.41237e-70 5.05842e-71 5.78592e-72 6.60342e-73 7.52019e-74 8.54622e-75 9.69231e-76 1.09701e-76 1.2392e-77 1.39714e-78 1.57227e-79 1.76613e-80 1.98034e-81 2.21665e-82 2.47693e-83 2.76314e-84 3.07738e-85 3.42187e-86 3.79894e-87 4.21109e-88 4.66093e-89 5.15121e-90 5.68483e-91 6.26483e-92 6.89442e-93 7.57693e-94 8.31587e-95 9.1149e-96 9.97785e-97 1.09087e-97 1.19116e-98 1.29908e-99 1.41509e-100 1.53965e-101 1.67323e-102 1.81635e-103 1.96951e-104
3.4764e-18 2.95183e-18 1.46011e-18 5.4576e-19 1.70275e-19 4.66794e-20 1.15954e-20 2.6632e-21 5.73615e-22 1.17067e-22 2.28173e-23 4.27338e-24 7.72829e-25 1.35498e-25 2.31072e-26 3.84351e-27 6.25013e-28 9.95636e-29 1.55637e-29 2.39101e-30 3.61476e-31 5.38411e-32 7.90922e-33 1.14694e-33 1.64322e-34 2.32768e-35 3.26225e-36 4.52629e-37 6.22076e-38 8.47308e-39 1.1443e-39 1.53295e-40 2.03786e-41 2.68931e-42 3.52433e-43 4.58793e-44 5.93457e-45 7.62979e-46 9.75212e-47 1.23951e-47 1.56699e-48 1.97078e-49 2.46631e-50 3.07171e-51 3.80812e-52 4.70012e-53 5.77624e-54 7.0694e-55 8.61752e-56 1.04641e-56 1.26589e-57 1.52586e-58 1.83278e-59 2.19396e-60 2.61767e-61 3.11323e-62 3.69112e-63 4.3631e-64 5.14233e-65 6.04347e-66 7.08289e-67 8.27873e-68 9.65111e-69 1.12223e-69 1.30169e-70 1.50618e-71 1.73869e-72 2.00247e-73 2.30109e-74 2.63844e-75 3.01879e-76 3.44675e-77 3.92735e-78 4.46605e-79 5.06875e-80 5.74182e-81 6.49217e-82 7.3272e-83 8.25489e-84 9.28382e-85 1.04232e-85 1.16828e-86 1.30732e-87 1.46057e-88 1.62921e-89 1.81453e-90 2.01788e-91 2.24069e-92 2.4845e-93 2.75092e-94 3.04165e-95 3.3585e-96 3.70336e-97 4.07826e-98 4.48528e-99 4.92664e-100 5.40468e-101 5.92182e-102 6.48062e-103 7.08374e-104 7.73397e-105
3.30655e-19 2.95427e-19 1.52725e-19 5.93862e-20 1.9209e-20 5.44482e-21 1.39539e-21 3.30045e-22 7.30927e-23 1.53174e-23 3.06194e-24 5.87528e-25 1.08757e-25 1.95007e-26 3.39842e-27 5.77246e-28 9.57949e-29 1.55637e-29 2.47995e-30 3.88154e-31 5.97564e-32 9.05947e-33 1.35401e-33 1.99689e-34 2.90851e-35 4.18699e-36 5.96145e-37 8.40027e-38 1.17213e-38 1.62043e-39 2.22056e-40 3.01763e-41 4.06836e-42 5.4436e-43 7.23134e-44 9.54021e-45 1.25036e-45 1.62844e-46 2.10807e-47 2.71318e-48 3.4726e-49 4.42086e-50 5.59916e-51 7.05646e-52 8.8507e-53 1.10501e-53 1.3735e-54 1.69991e-55 2.09518e-56 2.57204e-57 3.14519e-58 3.83165e-59 4.65097e-60 5.62561e-61 6.78126e-62 8.14722e-63 9.75683e-64 1.16479e-64 1.38634e-65 1.64515e-66 1.94666e-67 2.29701e-68 2.70303e-69 3.1724e-70 3.71366e-71 4.33634e-72 5.05101e-73 5.8694e-74 6.80448e-75 7.87057e-76 9.08345e-77 1.04605e-77 1.20208e-78 1.37851e-79 1.57764e-80 1.80197e-81 2.0542e-82 2.33731e-83 2.65451e-84 3.00928e-85 3.40541e-86 3.84699e-87 4.33842e-88 4.88447e-89 5.49026e-90 6.16129e-91 6.90347e-92 7.72315e-93 8.62709e-94 9.62256e-95 1.07173e-95 1.19195e-96 1.32381e-97 1.46823e-98 1.6262e-99 1.79879e-100 1.9871e-101 2.19232e-102 2.4157e-103 2.65854e-104 2.92225e-105
3.14501e-20 2.94942e-20 1.59053e-20 6.42392e-21 2.15133e-21 6.29758e-22 1.66332e-22 4.04754e-23 9.20843e-24 1.97986e-24 4.05592e-25 7.96763e-26 1.5086e-26 2.7646e-27 4.92038e-28 8.5296e-29 1.44373e-29 2.39101e-30 3.88154e-31 6.18644e-32 9.6938e-33 1.49519e-33 2.27259e-34 3.40715e-35 5.04296e-36 7.37473e-37 1.06631e-37 1.52537e-38 2.16013e-39 3.02992e-40 4.21159e-41 5.8039e-42 7.93297e-43 1.07588e-43 1.44829e-44 1.9358e-45 2.56988e-46 3.38951e-47 4.44274e-48 5.78849e-49 7.49865e-50 9.66053e-51 1.23797e-51 1.57832e-52 2.00234e-53 2.52821e-54 3.17756e-55 3.97603e-56 4.95385e-57 6.1466e-58 7.596e-59 9.35078e-60 1.14677e-60 1.40126e-61 1.70618e-62 2.07033e-63 2.50383e-64 3.01831e-65 3.62707e-66 4.34528e-67 5.19024e-68 6.18156e-69 7.34148e-70 8.69514e-71 1.02709e-71 1.21005e-72 1.42199e-73 1.66691e-74 1.94929e-75 2.27412e-76 2.64698e-77 3.07404e-78 3.56214e-79 4.11889e-80 4.75265e-81 5.47267e-82 6.28911e-83 7.21316e-84 8.25707e-85 9.43427e-86 1.07594e-86 1.22486e-87 1.39193e-88 1.57904e-89 1.78826e-90 2.02184e-91 2.2822e-92 2.57197e-93 2.89399e-94 3.25131e-95 3.64723e-96 4.08531e-97 4.56935e-98 5.10344e-99 5.69197e-100 6.33963e-101 7.05143e-102 7.83273e-103 8.68923e-104 9.62702e-105 1.06526e-105
2.99136e-21 2.938e-21 1.64987e-21 6.91139e-22 2.39344e-22 7.22771e-23 1.96546e-23 4.91614e-24 1.14803e-24 2.53047e-25 5.30869e-26 1.06694e-26 2.06502e-27 3.86528e-28 7.02162e-29 1.24158e-29 2.14229e-30 3.61476e-31 5.97564e-32 9.6938e-33 1.54535e-33 2.42395e-34 3.74518e-35 5.70564e-36 8.57843e-37 1.27389e-37 1.8698e-38 2.71446e-39 3.89995e-40 5.54836e-41 7.8202e-42 1.0925e-42 1.51344e-43 2.0798e-44 2.83626e-45 3.83966e-46 5.16175e-47 6.89268e-48 9.1451e-49 1.2059e-49 1.58073e-50 2.06031e-51 2.67071e-52 3.44372e-53 4.41794e-54 5.64002e-55 7.16612e-56 9.06359e-57 1.14129e-57 1.43098e-58 1.78679e-59 2.22213e-60 2.75284e-61 3.39746e-62 4.17774e-63 5.11903e-64 6.25085e-65 7.6074e-66 9.2283e-67 1.11592e-67 1.34527e-68 1.6169e-69 1.93773e-70 2.31563e-71 2.75959e-72 3.2798e-73 3.88784e-74 4.5968e-75 5.42146e-76 6.37845e-77 7.48649e-78 8.76657e-79 1.02422e-79 1.19396e-80 1.3888e-81 1.61201e-82 1.86721e-83 2.15841e-84 2.49006e-85 2.86707e-86 3.29487e-87 3.77943e-88 4.32731e-89 4.94574e-90 5.64262e-91 6.42659e-92 7.30713e-93 8.29456e-94 9.40012e-95 1.06361e-95 1.20157e-96 1.35534e-97 1.52649e-98 1.7167e-99 1.92781e-100 2.1618e-101 2.42079e-102 2.70706e-103 3.0231e-104 3.37154e-105 3.75522e-106
2.84521e-22 2.92065e-22 1.7052e-22 7.39903e-23 2.64656e-23 8.23625e-24 2.30385e-24 5.91829e-25 1.41749e-25 3.20079e-26 6.87198e-27 1.41212e-27 2.79212e-28 5.33511e-29 9.8868e-30 1.78228e-30 3.13337e-31 5.38411e-32 9.05947e-33 1.49519e-33 2.42395e-34 3.86493e-35 6.06798e-36 9.39016e-37 1.43359e-37 2.16102e-38 3.21883e-39 4.74063e-40 6.90785e-41 9.96467e-42 1.42371e-42 2.01571e-43 2.82925e-44 3.93849e-45 5.4396e-46 7.4565e-47 1.01479e-47 1.37159e-48 1.84161e-49 2.45708e-50 3.2583e-51 4.29556e-52 5.63116e-53 7.34205e-54 9.52274e-55 1.22889e-55 1.57814e-56 2.01712e-57 2.5665e-58 3.25114e-59 4.10089e-60 5.15141e-61 6.44518e-62 8.03265e-63 9.97347e-64 1.23381e-64 1.52091e-65 1.86838e-66 2.28754e-67 2.79162e-68 3.39599e-69 4.11846e-70 4.97964e-71 6.00328e-72 7.21671e-73 8.65131e-74 1.0343e-74 1.23328e-75 1.46674e-76 1.74e-77 2.0591e-78 2.43087e-79 2.86302e-80 3.36425e-81 3.94437e-82 4.61438e-83 5.38661e-84 6.27488e-85 7.29459e-86 8.46295e-87 9.7991e-88 1.13243e-88 1.30622e-89 1.50388e-90 1.72831e-91 1.9827e-92 2.27055e-93 2.59575e-94 2.96254e-95 3.37559e-96 3.84e-97 4.36138e-98 4.94582e-99 5.6e-100 6.33118e-101 7.14726e-102 8.05683e-103 9.0692e-104 1.01945e-104 1.14436e-105 1.28285e-106
2.7062e-23 2.89798e-23 1.75652e-23 7.88494e-24 2.91e-24 9.32387e-25 2.68046e-25 7.06631e-26 1.7346e-26 4.00987e-27 8.8048e-28 1.8488e-28 3.73239e-29 7.27641e-30 1.37488e-30 2.52556e-31 4.52194e-32 7.90922e-33 1.35401e-33 2.27259e-34 3.74518e-35 6.06798e-36 9.67698e-37 1.52059e-37 2.35647e-38 3.60462e-39 5.4467e-40 8.1355e-41 1.20195e-41 1.75749e-42 2.54466e-43 3.65018e-44 5.18964e-45 7.31615e-46 1.0231e-46 1.4197e-47 1.95553e-48 2.67461e-49 3.63335e-50 4.9037e-51 6.57692e-52 8.76812e-53 1.16218e-53 1.53185e-54 2.00827e-55 2.61923e-56 3.39897e-57 4.38953e-58 5.64227e-59 7.21976e-60 9.19785e-61 1.16682e-61 1.47412e-62 1.85494e-63 2.3251e-64 2.90349e-65 3.61254e-66 4.47882e-67 5.53369e-68 6.8141e-69 8.36341e-70 1.02324e-70 1.24804e-71 1.51763e-72 1.84005e-73 2.22458e-74 2.68196e-75 3.22457e-76 3.86666e-77 4.62458e-78 5.51703e-79 6.56542e-80 7.79413e-81 9.23091e-82 1.09073e-82 1.28589e-83 1.51262e-84 1.77547e-85 2.07959e-86 2.43074e-87 2.83541e-88 3.30087e-89 3.83524e-90 4.4476e-91 5.14808e-92 5.94793e-93 6.85968e-94 7.8972e-95 9.0759e-96 1.04128e-96 1.19267e-97 1.36382e-98 1.55704e-99 1.77481e-100 2.01991e-101 2.29535e-102 2.60444e-103 2.95081e-104 3.33841e-105 3.77155e-106 4.25494e-107
2.57399e-24 2.87056e-24 1.80381e-24 8.36732e-25 3.18298e-25 1.04908e-25 3.09716e-26 8.37274e-27 2.10505e-27 4.97867e-28 1.1174e-28 2.39618e-29 4.9365e-30 9.81417e-31 1.88986e-31 3.53588e-32 6.44475e-33 1.14694e-33 1.99689e-34 3.40715e-35 5.70564e-36 9.39016e-37 1.52059e-37 2.42537e-38 3.81405e-39 5.91847e-40 9.06953e-41 1.37347e-41 2.0568e-42 3.04761e-43 4.47051e-44 6.49532e-45 9.35171e-46 1.33479e-46 1.88945e-47 2.6535e-48 3.6984e-49 5.11748e-50 7.03194e-51 9.59827e-52 1.30173e-52 1.75456e-53 2.3509e-54 3.13193e-55 4.14947e-56 5.46837e-57 7.1695e-58 9.35321e-59 1.21435e-59 1.56931e-60 2.0189e-61 2.58599e-62 3.29839e-63 4.18982e-64 5.30103e-65 6.68107e-66 8.38885e-67 1.04948e-67 1.30829e-68 1.62532e-69 2.01239e-70 2.48352e-71 3.05521e-72 3.74686e-73 4.58121e-74 5.58487e-75 6.78888e-76 8.22933e-77 9.94814e-78 1.19939e-78 1.44225e-79 1.72988e-80 2.06971e-81 2.47027e-82 2.94133e-83 3.49407e-84 4.14123e-85 4.89731e-86 5.7788e-87 6.80439e-88 7.99523e-89 9.37522e-90 1.09713e-90 1.28139e-91 1.4937e-92 1.7379e-93 2.01827e-94 2.3396e-95 2.70726e-96 3.12719e-97 3.60606e-98 4.15123e-99 4.7709e-100 5.47415e-101 6.27101e-102 7.17259e-103 8.19112e-104 9.34011e-105 1.06344e-105 1.20903e-106 1.37257e-107
2.44823e-25 2.8389e-25 1.84711e-25 8.84447e-26 3.46471e-26 1.17369e-26 3.55568e-27 9.85027e-28 2.53485e-28 6.13008e-29 1.40549e-29 3.07643e-30 6.46453e-31 1.30999e-31 2.56967e-32 4.89479e-33 9.07835e-34 1.64322e-34 2.90851e-35 5.04296e-36 8.57843e-37 1.43359e-37 2.35647e-38 3.81405e-39 6.0844e-40 9.57496e-41 1.4876e-41 2.2834e-42 3.46501e-43 5.20138e-44 7.72791e-45 1.13699e-45 1.65731e-46 2.3944e-47 3.4301e-48 4.87412e-49 6.87253e-50 9.61857e-51 1.33662e-51 1.84474e-52 2.52932e-53 3.44609e-54 4.66663e-55 6.2825e-56 8.41014e-57 1.1197e-57 1.4829e-58 1.95392e-59 2.56189e-60 3.34304e-61 4.34229e-62 5.61502e-63 7.22937e-64 9.26877e-65 1.1835e-65 1.50521e-66 1.90699e-67 2.407e-68 3.02707e-69 3.79342e-70 4.73743e-71 5.89654e-72 7.31531e-73 9.04659e-74 1.11529e-74 1.37082e-75 1.67992e-76 2.05279e-77 2.50138e-78 3.03964e-79 3.68384e-80 4.45288e-81 5.3687e-82 6.45669e-83 7.74618e-84 9.27096e-85 1.10699e-85 1.31877e-86 1.56753e-87 1.85913e-88 2.20023e-89 2.59843e-90 3.06236e-91 3.60181e-92 4.22789e-93 4.95313e-94 5.79171e-95 6.75959e-96 7.87473e-97 9.15729e-98 1.06299e-98 1.23179e-99 1.42496e-100 1.64567e-101 1.89743e-102 2.18416e-103 2.51024e-104 2.8805e-105 3.30029e-106 3.77556e-107 4.31287e-108
2.32862e-26 2.80348e-26 1.88645e-26 9.31483e-27 3.75439e-27 1.30616e-27 4.05763e-28 1.15117e-28 3.03034e-29 7.489e-30 1.75316e-30 3.91503e-31 8.3871e-32 1.73161e-32 3.45864e-33 6.70463e-34 1.26486e-34 2.32768e-35 4.18699e-36 7.37473e-37 1.27389e-37 2.16102e-38 3.60462e-39 5.91847e-40 9.57496e-41 1.52767e-41 2.40566e-42 3.74172e-43 5.75217e-44 8.74542e-45 1.31572e-45 1.95976e-46 2.8914e-47 4.22737e-48 6.12729e-49 8.8078e-50 1.25609e-50 1.77777e-51 2.49783e-52 3.48506e-53 4.82987e-54 6.65042e-55 9.1003e-56 1.23781e-56 1.67393e-57 2.25109e-58 3.01094e-59 4.00632e-60 5.30392e-61 6.98758e-62 9.16225e-63 1.19588e-63 1.55396e-64 2.01059e-65 2.59053e-66 3.32421e-67 4.24888e-68 5.40997e-69 6.86269e-70 8.67396e-71 1.09246e-71 1.3712e-72 1.71531e-73 2.13877e-74 2.65829e-75 3.29378e-76 4.06884e-77 5.01145e-78 6.15466e-79 7.53739e-80 9.20541e-81 1.12124e-81 1.3621e-82 1.65047e-83 1.99487e-84 2.40521e-85 2.89298e-86 3.4715e-87 4.15612e-88 4.96454e-89 5.9171e-90 7.03718e-91 8.35154e-92 9.89079e-93 1.16899e-93 1.37886e-94 1.62322e-95 1.90722e-96 2.23667e-97 2.61818e-98 3.05919e-99 3.56811e-100 4.15439e-101 4.82869e-102 5.60295e-103 6.49055e-104 7.50649e-105 8.66752e-106 9.99235e-107 1.15018e-107 1.32191e-108
2.21485e-27 2.76475e-27 1.9219e-27 9.77693e-28 4.05115e-28 1.4464e-28 4.60448e-29 1.33697e-29 3.59813e-30 9.08235e-31 2.16979e-31 4.94108e-32 1.07868e-32 2.26804e-33 4.61084e-34 9.09274e-35 1.7442e-35 3.26225e-36 5.96145e-37 1.06631e-37 1.8698e-38 3.21883e-39 5.4467e-40 9.06953e-41 1.4876e-41 2.40566e-42 3.83867e-43 6.04854e-44 9.4176e-45 1.44984e-45 2.2082e-46 3.32907e-47 4.97035e-48 7.35233e-49 1.078e-49 1.56724e-50 2.26014e-51 3.23417e-52 4.59361e-53 6.47798e-54 9.07273e-55 1.2623e-55 1.74511e-56 2.3978e-57 3.27516e-58 4.44805e-59 6.00771e-60 8.07104e-61 1.07872e-61 1.43455e-62 1.89855e-63 2.50088e-64 3.27934e-65 4.2812e-66 5.56525e-67 7.2044e-68 9.28873e-69 1.19291e-69 1.52617e-70 1.94528e-71 2.47053e-72 3.12658e-73 3.94329e-74 4.95672e-75 6.21034e-76 7.75631e-77 9.65711e-78 1.19874e-78 1.48361e-79 1.83088e-80 2.25308e-81 2.765e-82 3.38412e-83 4.13097e-84 5.02967e-85 6.10847e-86 7.4004e-87 8.94396e-88 1.07839e-88 1.29724e-89 1.55697e-90 1.86455e-91 2.22804e-92 2.65671e-93 3.16124e-94 3.75388e-95 4.44866e-96 5.26163e-97 6.21112e-98 7.31802e-99 8.60611e-100 1.01024e-100 1.18375e-101 1.38461e-102 1.61675e-103 1.88458e-104 2.19311e-105 2.54794e-106 2.95539e-107 3.42254e-108 3.95732e-109
2.10665e-28 2.72311e-28 1.95352e-28 1.02294e-28 4.35414e-29 1.59428e-29 5.19756e-30 1.5437e-30 4.24511e-31 1.09391e-31 2.66573e-32 6.18756e-33 1.37594e-33 2.94514e-34 6.09177e-35 1.22165e-35 2.38193e-36 4.52629e-37 8.40027e-38 1.52537e-38 2.71446e-39 4.74063e-40 8.1355e-41 1.37347e-41 2.2834e-42 3.74172e-43 6.04854e-44 9.65268e-45 1.52182e-45 2.37178e-46 3.6562e-47 5.57784e-48 8.4255e-49 1.26072e-49 1.86947e-50 2.74833e-51 4.00709e-52 5.79623e-53 8.32072e-54 1.18578e-54 1.67803e-55 2.35863e-56 3.29377e-57 4.57094e-58 6.30506e-59 8.64645e-60 1.17906e-60 1.59906e-61 2.15727e-62 2.89551e-63 3.86722e-64 5.14031e-65 6.80083e-66 8.95728e-67 1.1746e-67 1.53375e-68 1.99447e-69 2.58318e-70 3.33262e-71 4.28318e-72 5.48453e-73 6.99759e-74 8.89677e-75 1.12728e-75 1.42357e-76 1.79191e-77 2.24841e-78 2.81247e-79 3.50741e-80 4.36117e-81 5.40711e-82 6.68503e-83 8.24221e-84 1.01348e-84 1.2429e-85 1.52034e-86 1.85502e-87 2.25778e-88 2.74135e-89 3.32061e-90 4.01295e-91 4.83861e-92 5.82116e-93 6.98793e-94 8.37061e-95 1.00058e-95 1.19358e-96 1.42094e-97 1.68824e-98 2.00192e-99 2.36935e-100 2.79896e-101 3.30037e-102 3.88455e-103 4.56401e-104 5.35294e-105 6.26747e-106 7.32584e-107 8.54874e-108 9.95948e-109 1.15844e-109
2.00372e-29 2.67894e-29 1.98141e-29 1.06711e-29 4.66249e-30 1.74963e-30 5.83803e-31 1.77261e-31 4.97839e-32 1.30902e-32 3.2524e-33 7.69169e-34 1.74156e-34 3.79339e-35 7.98024e-36 1.62687e-36 3.22311e-37 6.22076e-38 1.17213e-38 2.16013e-39 3.89995e-40 6.90785e-41 1.20195e-41 2.0568e-42 3.46501e-43 5.75217e-44 9.4176e-45 1.52182e-45 2.42889e-46 3.83136e-47 5.97661e-48 9.22466e-49 1.40948e-49 2.13294e-50 3.19817e-51 4.75336e-52 7.0055e-53 1.02416e-53 1.48569e-54 2.13921e-55 3.05822e-56 4.34202e-57 6.12395e-58 8.58207e-59 1.19529e-59 1.65487e-60 2.27801e-61 3.11838e-62 4.24584e-63 5.75089e-64 7.75019e-65 1.03936e-65 1.38725e-66 1.84308e-67 2.43777e-68 3.21037e-69 4.21002e-70 5.49835e-71 7.15231e-72 9.26774e-73 1.19635e-73 1.53867e-74 1.97185e-75 2.51816e-76 3.20489e-77 4.06535e-78 5.14012e-79 6.47848e-80 8.1401e-81 1.01971e-81 1.27362e-82 1.58617e-83 1.96986e-84 2.43963e-85 3.01329e-86 3.71204e-87 4.56103e-88 5.59003e-89 6.83424e-90 8.33515e-91 1.01416e-91 1.23108e-92 1.49099e-93 1.80174e-94 2.17249e-95 2.6139e-96 3.13836e-97 3.76026e-98 4.49626e-99 5.36559e-100 6.39047e-101 7.5965e-102 9.0131e-103 1.0674e-103 1.2618e-104 1.48894e-105 1.75387e-106 2.06237e-107 2.42101e-108 2.83727e-109 3.31964e-110
1.90583e-30 2.63259e-30 2.00565e-30 1.11007e-30 4.97532e-31 1.91226e-31 6.52689e-32 2.02494e-32 5.80532e-33 1.55687e-33 3.94228e-34 9.49526e-35 2.18824e-35 4.84853e-36 1.03705e-36 2.14847e-37 4.32366e-38 8.47308e-39 1.62043e-39 3.02992e-40 5.54836e-41 9.96467e-42 1.75749e-42 3.04761e-43 5.20138e-44 8.74542e-45 1.44984e-45 2.37178e-46 3.83136e-47 6.11564e-48 9.65161e-49 1.50684e-49 2.32845e-50 3.56291e-51 5.40093e-52 8.11406e-53 1.20859e-53 1.78542e-54 2.61681e-55 3.80634e-56 5.49634e-57 7.88112e-58 1.12244e-58 1.58821e-59 2.23314e-60 3.12095e-61 4.33619e-62 5.9905e-63 8.23062e-64 1.12484e-64 1.52938e-65 2.06904e-66 2.78561e-67 3.73276e-68 4.97919e-69 6.61244e-70 8.74369e-71 1.15135e-71 1.50992e-72 1.97232e-73 2.5664e-74 3.32689e-75 4.29696e-76 5.53012e-77 7.09243e-78 9.06527e-79 1.15485e-79 1.46645e-80 1.85626e-81 2.34243e-82 2.94705e-83 3.69681e-84 4.62399e-85 5.76743e-86 7.17383e-87 8.89916e-88 1.10103e-88 1.35872e-89 1.67247e-90 2.05358e-91 2.51542e-92 3.07381e-93 3.74739e-94 4.55814e-95 5.53188e-96 6.69889e-97 8.0946e-98 9.76042e-99 1.17446e-99 1.41034e-100 1.6902e-101 2.02162e-102 2.41335e-103 2.87553e-104 3.41983e-105 4.05972e-106 4.81068e-107 5.69045e-108 6.71942e-109 7.92088e-110 9.32145e-111
1.81272e-31 2.58437e-31 2.02637e-31 1.15174e-31 5.29175e-32 2.08194e-32 7.26496e-33 2.30188e-33 6.73343e-34 1.84096e-34 4.74901e-35 1.16449e-35 2.73048e-36 6.1522e-37 1.33745e-37 2.8149e-38 5.75248e-39 1.1443e-39 2.22056e-40 4.21159e-41 7.8202e-42 1.42371e-42 2.54466e-43 4.47051e-44 7.72791e-45 1.31572e-45 2.2082e-46 3.6562e-47 5.97661e-48 9.65161e-49 1.54074e-49 2.43269e-50 3.801e-51 5.87991e-52 9.00946e-53 1.36793e-53 2.05887e-54 3.07295e-55 4.54974e-56 6.68439e-57 9.74785e-58 1.41139e-58 2.02953e-59 2.89905e-60 4.11464e-61 5.80388e-62 8.1378e-63 1.13445e-63 1.57264e-64 2.1683e-65 2.97393e-66 4.05818e-67 5.51045e-68 7.44668e-69 1.00165e-69 1.34125e-70 1.78811e-71 2.37369e-72 3.13798e-73 4.13161e-74 5.41849e-75 7.07901e-76 9.2139e-77 1.1949e-77 1.54411e-78 1.98847e-79 2.55207e-80 3.2646e-81 4.16264e-82 5.29103e-83 6.70462e-84 8.47037e-85 1.06697e-85 1.34015e-86 1.67855e-87 2.09662e-88 2.61175e-89 3.24489e-90 4.0211e-91 4.9704e-92 6.12858e-93 7.5383e-94 9.25022e-95 1.13244e-95 1.3832e-96 1.68569e-97 2.04982e-98 2.4872e-99 3.01152e-100 3.63877e-101 4.38768e-102 5.2801e-103 6.3415e-104 7.6015e-105 9.09452e-106 1.08604e-106 1.29453e-107 1.54026e-108 1.82938e-109 2.16897e-110 2.56717e-111
1.72415e-32 2.53457e-32 2.04367e-32 1.19201e-32 5.61091e-33 2.25841e-33 8.05289e-34 2.6046e-34 7.77041e-35 2.16499e-35 5.68736e-36 1.41926e-36 3.38476e-37 7.75269e-38 1.71246e-38 3.66043e-39 7.59394e-40 1.53295e-40 3.01763e-41 5.8039e-42 1.0925e-42 2.01571e-43 3.65018e-44 6.49532e-45 1.13699e-45 1.95976e-46 3.32907e-47 5.57784e-48 9.22466e-49 1.50684e-49 2.43269e-50 3.88378e-51 6.13478e-52 9.5925e-53 1.48542e-53 2.27895e-54 3.46543e-55 5.22487e-56 7.81338e-57 1.15928e-57 1.70706e-58 2.49546e-59 3.62246e-60 5.223e-61 7.48172e-62 1.06499e-62 1.50676e-63 2.11925e-64 2.96379e-65 4.12206e-66 5.70241e-67 7.84785e-68 1.07463e-68 1.46436e-69 1.98599e-70 2.68107e-71 3.60325e-72 4.8216e-73 6.42464e-74 8.52543e-75 1.12679e-75 1.48344e-76 1.94555e-77 2.54215e-78 3.3097e-79 4.2938e-80 5.55133e-81 7.15303e-82 9.18662e-83 1.17605e-83 1.50084e-84 1.90946e-85 2.42205e-86 3.06324e-87 3.86307e-88 4.85808e-89 6.0926e-90 7.62029e-91 9.50594e-92 1.18276e-92 1.46791e-93 1.8173e-94 2.24438e-95 2.76522e-96 3.39898e-97 4.16842e-98 5.10055e-99 6.22735e-100 7.58663e-101 9.22294e-102 1.11888e-102 1.35458e-103 1.63664e-104 1.97351e-105 2.3751e-106 2.85294e-107 3.42048e-108 4.09335e-109 4.8897e-110 5.83055e-111 6.94022e-112
1.63992e-33 2.48348e-33 2.05766e-33 1.23082e-33 5.93193e-34 2.44138e-34 8.89115e-35 2.93421e-35 8.92409e-36 2.53286e-36 6.77331e-37 1.71956e-37 4.1697e-38 9.70568e-39 2.17763e-39 4.72602e-40 9.95073e-41 2.03786e-41 4.06836e-42 7.93297e-43 1.51344e-43 2.82925e-44 5.18964e-45 9.35171e-46 1.65731e-46 2.8914e-47 4.97035e-48 8.4255e-49 1.40948e-49 2.32845e-50 3.801e-51 6.13478e-52 9.79495e-53 1.54783e-53 2.42191e-54 3.754e-55 5.76639e-56 8.7811e-57 1.32611e-57 1.98671e-58 2.95359e-59 4.35862e-60 6.38631e-61 9.29312e-62 1.34335e-62 1.92945e-63 2.75413e-64 3.90779e-65 5.51265e-66 7.73301e-67 1.07888e-67 1.49729e-68 2.06736e-69 2.84032e-70 3.88349e-71 5.28497e-72 7.1595e-73 9.65603e-74 1.29671e-74 1.73405e-75 2.30944e-76 3.06354e-77 4.04813e-78 5.32896e-79 6.98921e-80 9.13377e-81 1.18945e-81 1.54367e-82 1.99667e-83 2.57416e-84 3.30809e-85 4.23801e-86 5.41274e-87 6.89247e-88 8.75107e-89 1.10791e-89 1.39872e-90 1.76102e-91 2.21121e-92 2.76919e-93 3.45903e-94 4.30981e-95 5.35655e-96 6.64134e-97 8.21469e-98 1.0137e-98 1.24805e-99 1.53312e-100 1.87915e-101 2.29828e-102 2.80491e-103 3.41606e-104 4.15182e-105 5.03587e-106 6.09604e-107 7.36503e-108 8.88111e-109 1.06891e-109 1.28413e-110 1.53988e-111 1.84325e-112
