0.390592 0.133764 0.0458097 0.0156883 0.00537269 0.00183996 0.000630124 0.000215796 7.39027e-05 2.53092e-05 8.66752e-06 2.96833e-06 1.01655e-06 3.48134e-07 1.19224e-07 4.08301e-08 1.39829e-08 4.78867e-09 1.63996e-09 5.61629e-10 1.92339e-10 6.58694e-11 2.2558e-11 7.72534e-12 2.64567e-12 9.0605e-13 3.10291e-13 1.06264e-13 3.63918e-14 1.24629e-14 4.26813e-15 1.46169e-15 5.00578e-16 1.71431e-16 5.87092e-17 2.01059e-17 6.88558e-18 2.35808e-18 8.0756e-19 2.76562e-19 9.47129e-20 3.24359e-20 1.11082e-20 3.80418e-21 1.3028e-21 4.46165e-22 1.52796e-22 5.23274e-23 1.79203e-23 6.13711e-24 2.10175e-24 7.19777e-25 2.46499e-25 8.44174e-26 2.89101e-26 9.90071e-27 3.39066e-27 1.16118e-27 3.97666e-28 1.36187e-28 4.66393e-29 1.59724e-29 5.46999e-30 1.87328e-30 6.41536e-31 2.19704e-31 7.52411e-32 2.57675e-32 8.82449e-33 3.02208e-33 1.03496e-33 3.54438e-34 1.21383e-34 4.15695e-35 1.42361e-35 4.87539e-36 1.66965e-36 5.718e-37 1.95822e-37 6.70622e-38 2.29665e-38 7.86525e-39 2.69358e-39 9.22458e-40 3.1591e-40 1.08188e-40 3.70508e-41 1.26886e-41 4.34543e-42 1.48816e-42 5.09644e-43 1.74536e-43 5.97724e-44 2.047e-44 7.01028e-45 2.40078e-45 8.22185e-46 2.8157e-46 9.64282e-47 3.30233e-47 1.13094e-47
0.133764 0.0621206 0.0268601 0.0111116 0.00446049 0.00175192 0.000676809 0.000258098 9.74011e-05 3.64427e-05 1.35373e-05 4.998e-06 1.8356e-06 6.7108e-07 2.4436e-07 8.86635e-08 3.20693e-08 1.15665e-08 4.16111e-09 1.49352e-09 5.34934e-10 1.91228e-10 6.82398e-11 2.43118e-11 8.64857e-12 3.07232e-12 1.09e-12 3.86245e-13 1.36713e-13 4.83393e-14 1.7075e-14 6.02584e-15 2.12468e-15 7.48535e-16 2.63506e-16 9.26935e-17 3.2584e-17 1.14464e-17 4.01848e-18 1.40992e-18 4.94397e-19 1.73269e-19 6.06933e-20 2.12492e-20 7.43599e-21 2.60098e-21 9.09377e-22 3.17811e-22 1.11025e-22 3.87705e-23 1.35338e-23 4.72264e-24 1.6474e-24 5.74472e-25 2.00262e-25 6.97902e-26 2.43142e-26 8.46837e-27 2.94862e-27 1.02641e-27 3.57196e-28 1.24275e-28 4.3227e-29 1.50322e-29 5.22623e-30 1.8166e-30 6.31297e-31 2.1934e-31 7.61923e-32 2.64618e-32 9.18845e-33 3.18995e-33 1.10725e-33 3.84264e-34 1.33333e-34 4.62565e-35 1.60449e-35 5.56454e-36 1.92954e-36 6.68979e-37 2.31903e-37 8.03779e-38 2.78551e-38 9.65191e-39 3.34397e-39 1.15839e-39 4.01226e-40 1.38953e-40 4.81166e-41 1.66598e-41 5.76754e-42 1.99647e-42 6.9101e-43 2.39143e-43 8.27532e-44 2.86329e-44 9.90604e-45 3.42681e-45 1.18532e-45 4.0996e-46 1.41776e-46
0.0458097 0.0268601 0.0137057 0.00647054 0.00290431 0.00125773 0.000530202 0.000218851 8.88129e-05 3.55397e-05 1.40549e-05 5.50258e-06 2.13561e-06 8.22564e-07 3.14702e-07 1.19684e-07 4.52742e-08 1.7044e-08 6.38848e-09 2.38506e-09 8.872e-10 3.28925e-10 1.21573e-10 4.48069e-11 1.64705e-11 6.03959e-12 2.20961e-12 8.0667e-13 2.93906e-13 1.06882e-13 3.88003e-14 1.40619e-14 5.08825e-15 1.83843e-15 6.63311e-16 2.39005e-16 8.60093e-17 3.09144e-17 1.10988e-17 3.98033e-18 1.42596e-18 5.10342e-19 1.82474e-19 6.51845e-20 2.32652e-20 8.2967e-21 2.95633e-21 1.0526e-21 3.745e-22 1.33146e-22 4.73047e-23 1.67955e-23 5.95938e-24 2.1132e-24 7.48897e-25 2.65248e-25 9.38943e-26 3.32194e-26 1.17467e-26 4.15168e-27 1.46662e-27 5.17849e-28 1.82764e-28 6.44737e-29 2.27346e-29 8.01322e-30 2.82326e-30 9.94307e-31 3.50044e-31 1.23186e-31 4.33353e-32 1.52393e-32 5.35723e-33 1.88264e-33 6.61382e-34 2.32272e-34 8.15466e-35 2.86208e-35 1.00422e-35 3.52249e-36 1.23523e-36 4.33035e-37 1.51769e-37 5.31773e-38 1.86277e-38 6.52349e-39 2.28399e-39 7.99474e-40 2.79777e-40 9.78854e-41 3.42394e-41 1.1974e-41 4.18654e-42 1.46346e-42 5.11463e-43 1.78714e-43 6.24336e-44 2.18068e-44 7.61521e-45 2.65883e-45 9.28149e-46
0.0156883 0.0111116 0.00647054 0.00339677 0.00166923 0.000783038 0.000354752 0.000156396 6.74474e-05 2.85621e-05 1.19108e-05 4.902e-06 1.99457e-06 8.03482e-07 3.20817e-07 1.27089e-07 4.99896e-08 1.95374e-08 7.59152e-09 2.93415e-09 1.12856e-09 4.32133e-10 1.64784e-10 6.25959e-11 2.36936e-11 8.93868e-12 3.36178e-12 1.26067e-12 4.71468e-13 1.75868e-13 6.54445e-14 2.42979e-14 9.00174e-15 3.32811e-15 1.22808e-15 4.5233e-16 1.66312e-16 6.10477e-17 2.23729e-17 8.18687e-18 2.99146e-18 1.09155e-18 3.97768e-19 1.44764e-19 5.26214e-20 1.91053e-20 6.92875e-21 2.51007e-21 9.08369e-22 3.284e-22 1.1861e-22 4.27992e-23 1.54297e-23 5.55777e-24 2.00022e-24 7.19286e-25 2.58454e-25 9.27969e-26 3.32938e-26 1.19366e-26 4.2766e-27 1.53117e-27 5.47855e-28 1.95898e-28 7.00051e-29 2.50016e-29 8.92387e-30 3.18341e-30 1.135e-30 4.04447e-31 1.44047e-31 5.12772e-32 1.82444e-32 6.48824e-33 2.30632e-33 8.19429e-34 2.91011e-34 1.03304e-34 3.66558e-35 1.30013e-35 4.60948e-36 1.6336e-36 5.78723e-37 2.04942e-37 7.25489e-38 2.56728e-38 9.08155e-39 3.21142e-39 1.13524e-39 4.01172e-40 1.41721e-40 5.00493e-41 1.76696e-41 6.23624e-42 2.20033e-42 7.76114e-43 2.73677e-43 9.64778e-44 3.40014e-44 1.19797e-44 4.2197e-45
0.00537269 0.00446049 0.00290431 0.00166923 0.00088677 0.000445786 0.000215019 0.000100405 4.56721e-05 2.03288e-05 8.88384e-06 3.82164e-06 1.62163e-06 6.79883e-07 2.82024e-07 1.15878e-07 4.72057e-08 1.90819e-08 7.65918e-09 3.05452e-09 1.21096e-09 4.77471e-10 1.87314e-10 7.31406e-11 2.84349e-11 1.10098e-11 4.24668e-12 1.63219e-12 6.25219e-13 2.38738e-13 9.08899e-14 3.45053e-14 1.30646e-14 4.9341e-15 1.85898e-15 6.98797e-16 2.62109e-16 9.81095e-17 3.66506e-17 1.36656e-17 5.08617e-18 1.88973e-18 7.00953e-19 2.59589e-19 9.59881e-20 3.54414e-20 1.30674e-20 4.81147e-21 1.76928e-21 6.49781e-22 2.38346e-22 8.73246e-23 3.19575e-23 1.16824e-23 4.26608e-24 1.55625e-24 5.67153e-25 2.06491e-25 7.51096e-26 2.72959e-26 9.91101e-27 3.59557e-27 1.30334e-27 4.72062e-28 1.70845e-28 6.17836e-29 2.23267e-29 8.06237e-30 2.90936e-30 1.04915e-30 3.78083e-31 1.36162e-31 4.90063e-32 1.76271e-32 6.3365e-33 2.27648e-33 8.17392e-34 2.93329e-34 1.05206e-34 3.77137e-35 1.35123e-35 4.83884e-36 1.73196e-36 6.19614e-37 2.21564e-37 7.9191e-38 2.82914e-38 1.01028e-38 3.6061e-39 1.28662e-39 4.58858e-40 1.6358e-40 5.8292e-41 2.07642e-41 7.39359e-42 2.63167e-42 9.36366e-43 3.33045e-43 1.18414e-43 4.20876e-44 1.49539e-44
0.00183996 0.00175192 0.00125773 0.000783038 0.000445786 0.000238361 0.0001216 5.97901e-05 2.85342e-05 1.32846e-05 6.05663e-06 2.71203e-06 1.19551e-06 5.19786e-07 2.23245e-07 9.48386e-08 3.98938e-08 1.6632e-08 6.87777e-09 2.82302e-09 1.15081e-09 4.66175e-10 1.87737e-10 7.51952e-11 2.99659e-11 1.18853e-11 4.69314e-12 1.84548e-12 7.22863e-13 2.82097e-13 1.09705e-13 4.25227e-14 1.64308e-14 6.33006e-15 2.43183e-15 9.31734e-16 3.56075e-16 1.35747e-16 5.16308e-17 1.95938e-17 7.41997e-18 2.80413e-18 1.05765e-18 3.98171e-19 1.49628e-19 5.61304e-20 2.10212e-20 7.85992e-21 2.93429e-21 1.0938e-21 4.07141e-22 1.51337e-22 5.61769e-23 2.08259e-23 7.71087e-24 2.85148e-24 1.05323e-24 3.88578e-25 1.43202e-25 5.27173e-26 1.93866e-26 7.12208e-27 2.61387e-27 9.58392e-28 3.51073e-28 1.28487e-28 4.69822e-29 1.71647e-29 6.26578e-30 2.28539e-30 8.32912e-31 3.03321e-31 1.10376e-31 4.01357e-32 1.45839e-32 5.29554e-33 1.92154e-33 6.96785e-34 2.52501e-34 9.14432e-35 3.30954e-35 1.19707e-35 4.32724e-36 1.56332e-36 5.64468e-37 2.03698e-37 7.34676e-38 2.64833e-38 9.5416e-39 3.43595e-39 1.23667e-39 4.44882e-40 1.59966e-40 5.74914e-41 2.06527e-41 7.41571e-42 2.66155e-42 9.54828e-43 3.42396e-43 1.22729e-43 4.39732e-44
0.000630124 0.000676809 0.000530202 0.000354752 0.000215019 0.0001216 6.52857e-05 3.36505e-05 1.67806e-05 8.1413e-06 3.859e-06 1.79294e-06 8.18618e-07 3.68068e-07 1.63249e-07 7.15258e-08 3.09948e-08 1.32976e-08 5.65328e-09 2.38341e-09 9.97146e-10 4.14224e-10 1.70944e-10 7.01156e-11 2.85955e-11 1.16001e-11 4.68228e-12 1.88109e-12 7.52388e-13 2.99682e-13 1.18896e-13 4.69951e-14 1.85097e-14 7.26587e-15 2.84306e-15 1.10908e-15 4.31397e-16 1.67335e-16 6.47363e-17 2.49808e-17 9.61637e-18 3.69321e-18 1.41523e-18 5.41151e-19 2.06497e-19 7.86404e-20 2.98915e-20 1.1341e-20 4.29518e-21 1.62393e-21 6.12966e-22 2.30999e-22 8.69184e-23 3.26561e-23 1.22514e-23 4.58988e-24 1.71722e-24 6.4162e-25 2.39428e-25 8.92346e-26 3.32176e-26 1.23508e-26 4.58701e-27 1.7017e-27 6.30624e-28 2.33455e-28 8.63365e-29 3.18973e-29 1.17732e-29 4.34138e-30 1.59942e-30 5.88718e-31 2.16508e-31 7.95557e-32 2.92084e-32 1.0715e-32 3.92764e-33 1.43859e-33 5.26516e-34 1.9256e-34 7.03732e-35 2.57005e-35 9.37939e-36 3.4207e-36 1.24671e-36 4.54086e-37 1.65285e-37 6.01256e-38 2.18585e-38 7.94187e-39 2.88384e-39 1.04658e-39 3.796e-40 1.37608e-40 4.98568e-41 1.80541e-41 6.53435e-42 2.36378e-42 8.54659e-43 3.08863e-43 1.11565e-43
0.000215796 0.000258098 0.000218851 0.000156396 0.000100405 5.97901e-05 3.36505e-05 1.81177e-05 9.41007e-06 4.74341e-06 2.33117e-06 1.12092e-06 5.28817e-07 2.45328e-07 1.12126e-07 5.05652e-08 2.25296e-08 9.92878e-09 4.33204e-09 1.87286e-09 8.02874e-10 3.41506e-10 1.44213e-10 6.04899e-11 2.52133e-11 1.04477e-11 4.30542e-12 1.76505e-12 7.20069e-13 2.92407e-13 1.18224e-13 4.76025e-14 1.90919e-14 7.62873e-15 3.03748e-15 1.20534e-15 4.76764e-16 1.88001e-16 7.39163e-17 2.89798e-17 1.13312e-17 4.41909e-18 1.71913e-18 6.67186e-19 2.58337e-19 9.98077e-20 3.84784e-20 1.48039e-20 5.68427e-21 2.17842e-21 8.3331e-22 3.18196e-22 1.21292e-22 4.61575e-23 1.75368e-23 6.65235e-24 2.51965e-24 9.52935e-25 3.59886e-25 1.35726e-25 5.11181e-26 1.92272e-26 7.22278e-27 2.7099e-27 1.0155e-27 3.80097e-28 1.42106e-28 5.30698e-29 1.97975e-29 7.37759e-30 2.74644e-30 1.02138e-30 3.79474e-31 1.4085e-31 5.2231e-32 1.93509e-32 7.16288e-33 2.64908e-33 9.78885e-34 3.61415e-34 1.3333e-34 4.91477e-35 1.81025e-35 6.6626e-36 2.45033e-36 9.00506e-37 3.30703e-37 1.21362e-37 4.45074e-38 1.63112e-38 5.97386e-39 2.18646e-39 7.99747e-40 2.92343e-40 1.06799e-40 3.89926e-41 1.42279e-41 5.18859e-42 1.89108e-42 6.8886e-43 2.50792e-43
7.39027e-05 9.74011e-05 8.88129e-05 6.74474e-05 4.56721e-05 2.85342e-05 1.67806e-05 9.41007e-06 5.07694e-06 2.65245e-06 1.34848e-06 6.69628e-07 3.2577e-07 1.55643e-07 7.31737e-08 3.39082e-08 1.55092e-08 7.01011e-09 3.13444e-09 1.38766e-09 6.08737e-10 2.6479e-10 1.14278e-10 4.89605e-11 2.08336e-11 8.80858e-12 3.70205e-12 1.54713e-12 6.43136e-13 2.66009e-13 1.09503e-13 4.48746e-14 1.83113e-14 7.44166e-15 3.0126e-15 1.2151e-15 4.88374e-16 1.95628e-16 7.81113e-17 3.10926e-17 1.23401e-17 4.88366e-18 1.92748e-18 7.58751e-19 2.97929e-19 1.16701e-19 4.56057e-20 1.77822e-20 6.91843e-21 2.68606e-21 1.04074e-21 4.02455e-22 1.55334e-22 5.98437e-23 2.30142e-23 8.83533e-24 3.38628e-24 1.29574e-24 4.95026e-25 1.88831e-25 7.19239e-26 2.73555e-26 1.03898e-26 3.9407e-27 1.49267e-27 5.64664e-28 2.13338e-28 8.05033e-29 3.03416e-29 1.14223e-29 4.29514e-30 1.61331e-30 6.05321e-31 2.26879e-31 8.4948e-32 3.17742e-32 1.18732e-32 4.4324e-33 1.65311e-33 6.15978e-34 2.29317e-34 8.5295e-35 3.16983e-35 1.17701e-35 4.36684e-36 1.61883e-36 5.99638e-37 2.21942e-37 8.20841e-38 3.03357e-38 1.12029e-38 4.13423e-39 1.52459e-39 5.61837e-40 2.06906e-40 7.61461e-41 2.80051e-41 1.02932e-41 3.78083e-42 1.38789e-42 5.09169e-43
2.53092e-05 3.64427e-05 3.55397e-05 2.85621e-05 2.03288e-05 1.32846e-05 8.1413e-06 4.74341e-06 2.65245e-06 1.43332e-06 7.5235e-07 3.85136e-07 1.92889e-07 9.47569e-08 4.57558e-08 2.17558e-08 1.02011e-08 4.72295e-09 2.16146e-09 9.78727e-10 4.38851e-10 1.94999e-10 8.59189e-11 3.75609e-11 1.63004e-11 7.02556e-12 3.00858e-12 1.28058e-12 5.41964e-13 2.28131e-13 9.55383e-14 3.98165e-14 1.65177e-14 6.82233e-15 2.80611e-15 1.1496e-15 4.69182e-16 1.90791e-16 7.73154e-17 3.12268e-17 1.25719e-17 5.04598e-18 2.01934e-18 8.05831e-19 3.20697e-19 1.27293e-19 5.03982e-20 1.99052e-20 7.84318e-21 3.0834e-21 1.20952e-21 4.73445e-22 1.84941e-22 7.20988e-23 2.80533e-23 1.0895e-23 4.22357e-24 1.63443e-24 6.31408e-25 2.43518e-25 9.37667e-26 3.60483e-26 1.38375e-26 5.30374e-27 2.02992e-27 7.75825e-28 2.96109e-28 1.12865e-28 4.29634e-29 1.63338e-29 6.20203e-30 2.3521e-30 8.90974e-31 3.3711e-31 1.27406e-31 4.80981e-32 1.81384e-32 6.83303e-33 2.57146e-33 9.6674e-34 3.63088e-34 1.36237e-34 5.10703e-35 1.91267e-35 7.15682e-36 2.67556e-36 9.99384e-37 3.72975e-37 1.3908e-37 5.182e-38 1.92921e-38 7.17664e-39 2.66764e-39 9.90843e-40 3.67756e-40 1.36395e-40 5.05506e-41 1.87219e-41 6.92903e-42 2.56272e-42 9.47198e-43
8.66752e-06 1.35373e-05 1.40549e-05 1.19108e-05 8.88384e-06 6.05663e-06 3.859e-06 2.33117e-06 1.34848e-06 7.5235e-07 4.07059e-07 2.1448e-07 1.10423e-07 5.56994e-08 2.75885e-08 1.34431e-08 6.45427e-09 3.05739e-09 1.43058e-09 6.61865e-10 3.03041e-10 1.37418e-10 6.17582e-11 2.75245e-11 1.21718e-11 5.34338e-12 2.32966e-12 1.00917e-12 4.34495e-13 1.85996e-13 7.91865e-14 3.35391e-14 1.41357e-14 5.92992e-15 2.47654e-15 1.0299e-15 4.26564e-16 1.75989e-16 7.23387e-17 2.96285e-17 1.20938e-17 4.92033e-18 1.99551e-18 8.06855e-19 3.25289e-19 1.30774e-19 5.24315e-20 2.09666e-20 8.36305e-21 3.32767e-21 1.32096e-21 5.23176e-22 2.0675e-22 8.15287e-23 3.20829e-23 1.25998e-23 4.93859e-24 1.93206e-24 7.54461e-25 2.94087e-25 1.14435e-25 4.44539e-26 1.72403e-26 6.67551e-27 2.58076e-27 9.96207e-28 3.83981e-28 1.4779e-28 5.68024e-29 2.18019e-29 8.3568e-30 3.19903e-30 1.22305e-30 4.67011e-31 1.78108e-31 6.78456e-32 2.58141e-32 9.81063e-33 3.72439e-33 1.41235e-33 5.35013e-34 2.02459e-34 7.65359e-35 2.89042e-35 1.09051e-35 4.11041e-36 1.54786e-36 5.82344e-37 2.18895e-37 8.22067e-38 3.08463e-38 1.15645e-38 4.33203e-39 1.62143e-39 6.06397e-40 2.26606e-40 8.46158e-41 3.15718e-41 1.17713e-41 4.3856e-42 1.63276e-42
2.96833e-06 4.998e-06 5.50258e-06 4.902e-06 3.82164e-06 2.71203e-06 1.79294e-06 1.12092e-06 6.69628e-07 3.85136e-07 2.1448e-07 1.16161e-07 6.13991e-08 3.17627e-08 1.61192e-08 8.04049e-09 3.94869e-09 1.91189e-09 9.13779e-10 4.31561e-10 2.0159e-10 9.32119e-11 4.26937e-11 1.93831e-11 8.72774e-12 3.89962e-12 1.72977e-12 7.62046e-13 3.33559e-13 1.45115e-13 6.27685e-14 2.70016e-14 1.15551e-14 4.92045e-15 2.08537e-15 8.79837e-16 3.69616e-16 1.54635e-16 6.44395e-17 2.67518e-17 1.10657e-17 4.56128e-18 1.87388e-18 7.67351e-19 3.13255e-19 1.27498e-19 5.17431e-20 2.09408e-20 8.45208e-21 3.40256e-21 1.36633e-21 5.47326e-22 2.18733e-22 8.72149e-23 3.46981e-23 1.37749e-23 5.45715e-24 2.15757e-24 8.51355e-25 3.35295e-25 1.31807e-25 5.17207e-26 2.02595e-26 7.92226e-27 3.09277e-27 1.20543e-27 4.6908e-28 1.82257e-28 7.07081e-29 2.73916e-29 1.0596e-29 4.09321e-30 1.57903e-30 6.08331e-31 2.34058e-31 8.99404e-32 3.4518e-32 1.32315e-32 5.06587e-33 1.93729e-33 7.40013e-34 2.82358e-34 1.07619e-34 4.09741e-35 1.55839e-35 5.92104e-36 2.24741e-36 8.52194e-37 3.22831e-37 1.2218e-37 4.61976e-38 1.74519e-38 6.58687e-39 2.48389e-39 9.35862e-40 3.52308e-40 1.32517e-40 4.98045e-41 1.87032e-41 7.01811e-42 2.63141e-42
1.01655e-06 1.8356e-06 2.13561e-06 1.99457e-06 1.62163e-06 1.19551e-06 8.18618e-07 5.28817e-07 3.2577e-07 1.92889e-07 1.10423e-07 6.13991e-08 3.32812e-08 1.76382e-08 9.16192e-09 4.67386e-09 2.34568e-09 1.15985e-09 5.65756e-10 2.72535e-10 1.29779e-10 6.11418e-11 2.85204e-11 1.31809e-11 6.03909e-12 2.74452e-12 1.23778e-12 5.54233e-13 2.46486e-13 1.08918e-13 4.78373e-14 2.08893e-14 9.07183e-15 3.9192e-15 1.68475e-15 7.20788e-16 3.06978e-16 1.30172e-16 5.49691e-17 2.31199e-17 9.687e-18 4.04383e-18 1.68213e-18 6.97341e-19 2.88142e-19 1.18684e-19 4.87364e-20 1.99542e-20 8.14667e-21 3.31688e-21 1.34687e-21 5.45506e-22 2.2039e-22 8.88246e-23 3.57155e-23 1.43282e-23 5.73549e-24 2.29096e-24 9.13188e-25 3.63266e-25 1.44223e-25 5.71494e-26 2.26038e-26 8.92405e-27 3.51703e-27 1.3837e-27 5.43477e-28 2.13112e-28 8.34341e-29 3.26139e-29 1.27292e-29 4.96085e-30 1.93055e-30 7.50227e-31 2.91141e-31 1.1283e-31 4.36691e-32 1.68796e-32 6.51628e-33 2.51247e-33 9.67552e-34 3.72163e-34 1.42984e-34 5.48716e-35 2.10341e-35 8.05426e-36 3.08079e-36 1.17718e-36 4.49342e-37 1.71345e-37 6.52736e-38 2.48416e-38 9.44516e-39 3.58783e-39 1.36162e-39 5.16281e-40 1.95584e-40 7.40289e-41 2.79961e-41 1.05787e-41 3.99396e-42
3.48134e-07 6.7108e-07 8.22564e-07 8.03482e-07 6.79883e-07 5.19786e-07 3.68068e-07 2.45328e-07 1.55643e-07 9.47569e-08 5.56994e-08 3.17627e-08 1.76382e-08 9.56748e-09 5.08208e-09 2.64913e-09 1.35757e-09 6.84977e-10 3.40737e-10 1.67297e-10 8.11553e-11 3.89306e-11 1.8482e-11 8.68951e-12 4.04857e-12 1.87031e-12 8.57137e-13 3.89864e-13 1.76071e-13 7.89835e-14 3.52059e-14 1.55978e-14 6.87088e-15 3.0101e-15 1.31183e-15 5.68865e-16 2.4551e-16 1.05474e-16 4.51152e-17 1.92167e-17 8.15245e-18 3.44521e-18 1.45053e-18 6.08533e-19 2.54415e-19 1.06012e-19 4.40326e-20 1.82326e-20 7.52697e-21 3.09838e-21 1.27184e-21 5.2066e-22 2.12586e-22 8.65781e-23 3.5173e-23 1.42551e-23 5.76398e-24 2.32538e-24 9.36077e-25 3.76013e-25 1.50728e-25 6.02986e-26 2.40751e-26 9.59396e-27 3.81609e-27 1.51513e-27 6.00501e-28 2.3759e-28 9.38446e-29 3.70065e-29 1.45697e-29 5.72718e-30 2.24785e-30 8.80936e-31 3.44736e-31 1.34713e-31 5.25684e-32 2.04855e-32 7.97239e-33 3.09857e-33 1.20276e-33 4.66283e-34 1.80546e-34 6.98239e-35 2.69717e-35 1.04066e-35 4.01069e-36 1.54399e-36 5.93745e-37 2.28081e-37 8.75234e-38 3.35515e-38 1.28487e-38 4.91563e-39 1.87878e-39 7.17392e-40 2.73671e-40 1.04304e-40 3.97174e-41 1.51103e-41 5.74363e-42
1.19224e-07 2.4436e-07 3.14702e-07 3.20817e-07 2.82024e-07 2.23245e-07 1.63249e-07 1.12126e-07 7.31737e-08 4.57558e-08 2.75885e-08 1.61192e-08 9.16192e-09 5.08208e-09 2.7583e-09 1.46805e-09 7.67604e-10 3.94931e-10 2.00209e-10 1.00125e-10 4.94473e-11 2.41373e-11 1.16555e-11 5.57163e-12 2.63833e-12 1.23829e-12 5.7636e-13 2.66165e-13 1.22007e-13 5.55347e-14 2.51104e-14 1.12823e-14 5.03885e-15 2.23757e-15 9.88217e-16 4.34173e-16 1.89805e-16 8.25813e-17 3.57659e-17 1.54224e-17 6.62227e-18 2.83207e-18 1.20645e-18 5.1202e-19 2.16519e-19 9.12416e-20 3.83204e-20 1.6042e-20 6.69456e-21 2.78529e-21 1.15543e-21 4.77948e-22 1.97162e-22 8.11161e-23 3.32864e-23 1.36249e-23 5.56345e-24 2.26634e-24 9.21096e-25 3.7352e-25 1.51139e-25 6.10266e-26 2.45905e-26 9.88876e-27 3.96887e-27 1.58988e-27 6.35702e-28 2.53721e-28 1.01086e-28 4.02043e-29 1.59634e-29 6.32791e-30 2.50437e-30 9.89586e-31 3.90428e-31 1.53807e-31 6.05026e-32 2.37655e-32 9.322e-33 3.65152e-33 1.42841e-33 5.58031e-34 2.17722e-34 8.48391e-35 3.3018e-35 1.28345e-35 4.98294e-36 1.93235e-36 7.48493e-37 2.89602e-37 1.11927e-37 4.32113e-38 1.66647e-38 6.42015e-39 2.47085e-39 9.49972e-40 3.64876e-40 1.4001e-40 5.36729e-41 2.05563e-41 7.86564e-42
4.08301e-08 8.86635e-08 1.19684e-07 1.27089e-07 1.15878e-07 9.48386e-08 7.15258e-08 5.05652e-08 3.39082e-08 2.17558e-08 1.34431e-08 8.04049e-09 4.67386e-09 2.64913e-09 1.46805e-09 7.97194e-10 4.25018e-10 2.22832e-10 1.15051e-10 5.85696e-11 2.94303e-11 1.46106e-11 7.17231e-12 3.4841e-12 1.67593e-12 7.98766e-13 3.77414e-13 1.76875e-13 8.22549e-14 3.79739e-14 1.741e-14 7.92972e-15 3.58921e-15 1.61492e-15 7.22497e-16 3.21486e-16 1.4231e-16 6.26827e-17 2.74784e-17 1.19909e-17 5.20962e-18 2.25387e-18 9.71152e-19 4.1682e-19 1.78228e-19 7.59317e-20 3.22365e-20 1.36396e-20 5.75222e-21 2.41821e-21 1.01349e-21 4.23506e-22 1.76461e-22 7.3321e-23 3.03832e-23 1.25574e-23 5.17676e-24 2.12883e-24 8.73335e-25 3.57441e-25 1.45962e-25 5.94718e-26 2.41795e-26 9.81006e-27 3.97198e-27 1.605e-27 6.47292e-28 2.60555e-28 1.04688e-28 4.19862e-29 1.68094e-29 6.71812e-30 2.68048e-30 1.06773e-30 4.24633e-31 1.6861e-31 6.6847e-32 2.64623e-32 1.04601e-32 4.1287e-33 1.62734e-33 6.40537e-34 2.5178e-34 9.88374e-35 3.87486e-35 1.51718e-35 5.933e-36 2.31729e-36 9.03986e-37 3.52234e-37 1.37088e-37 5.32931e-38 2.06947e-38 8.02732e-39 3.11039e-39 1.20393e-39 4.65517e-40 1.79815e-40 6.93877e-41 2.67492e-41 1.03019e-41
1.39829e-08 3.20693e-08 4.52742e-08 4.99896e-08 4.72057e-08 3.98938e-08 3.09948e-08 2.25296e-08 1.55092e-08 1.02011e-08 6.45427e-09 3.94869e-09 2.34568e-09 1.35757e-09 7.67604e-10 4.25018e-10 2.30901e-10 1.23289e-10 6.47942e-11 3.35589e-11 1.71483e-11 8.65365e-12 4.3164e-12 2.12973e-12 1.04018e-12 5.03203e-13 2.41255e-13 1.14692e-13 5.40893e-14 2.53163e-14 1.17644e-14 5.42969e-15 2.48978e-15 1.13465e-15 5.14045e-16 2.31575e-16 1.03763e-16 4.62542e-17 2.05169e-17 9.05754e-18 3.98042e-18 1.74158e-18 7.58798e-19 3.29264e-19 1.42319e-19 6.1283e-20 2.62926e-20 1.12408e-20 4.78942e-21 2.03394e-21 8.61009e-22 3.6336e-22 1.52886e-22 6.4141e-23 2.68338e-23 1.11955e-23 4.65856e-24 1.93348e-24 8.00462e-25 3.30585e-25 1.36206e-25 5.59893e-26 2.29636e-26 9.39772e-27 3.83777e-27 1.56399e-27 6.36072e-28 2.58178e-28 1.04591e-28 4.22914e-29 1.7069e-29 6.87678e-30 2.76566e-30 1.11037e-30 4.45046e-31 1.78086e-31 7.11473e-32 2.83794e-32 1.13027e-32 4.49473e-33 1.78479e-33 7.07688e-34 2.80209e-34 1.10795e-34 4.37491e-35 1.7252e-35 6.79423e-36 2.6723e-36 1.04975e-36 4.11858e-37 1.61393e-37 6.31693e-38 2.46957e-38 9.64357e-39 3.76154e-39 1.4656e-39 5.70415e-40 2.21771e-40 8.61315e-41 3.34174e-41 1.29522e-41
4.78867e-09 1.15665e-08 1.7044e-08 1.95374e-08 1.90819e-08 1.6632e-08 1.32976e-08 9.92878e-09 7.01011e-09 4.72295e-09 3.05739e-09 1.91189e-09 1.15985e-09 6.84977e-10 3.94931e-10 2.22832e-10 1.23289e-10 6.70063e-11 3.58259e-11 1.88684e-11 9.8e-12 5.02465e-12 2.54544e-12 1.27509e-12 6.32057e-13 3.1023e-13 1.50861e-13 7.27223e-14 3.47667e-14 1.64914e-14 7.76465e-15 3.63012e-15 1.68579e-15 7.77867e-16 3.56743e-16 1.62656e-16 7.37501e-17 3.32608e-17 1.49238e-17 6.66327e-18 2.96104e-18 1.30987e-18 5.76918e-19 2.53029e-19 1.10526e-19 4.80903e-20 2.08453e-20 9.00268e-21 3.87438e-21 1.66168e-21 7.10325e-22 3.02674e-22 1.28571e-22 5.44509e-23 2.29931e-23 9.68184e-24 4.06557e-24 1.70264e-24 7.11203e-25 2.96323e-25 1.23159e-25 5.10655e-26 2.11239e-26 8.71833e-27 3.59029e-27 1.47532e-27 6.04962e-28 2.47557e-28 1.011e-28 4.12076e-29 1.67638e-29 6.80697e-30 2.75894e-30 1.11623e-30 4.50826e-31 1.81769e-31 7.31656e-32 2.94024e-32 1.17968e-32 4.72567e-33 1.89015e-33 7.54877e-34 3.01035e-34 1.19875e-34 4.76681e-35 1.89288e-35 7.50633e-36 2.97271e-36 1.17573e-36 4.64414e-37 1.83213e-37 7.21884e-38 2.84087e-38 1.11665e-38 4.38403e-39 1.71921e-39 6.73432e-40 2.63496e-40 1.02987e-40 4.02088e-41 1.5682e-41
1.63996e-09 4.16111e-09 6.38848e-09 7.59152e-09 7.65918e-09 6.87777e-09 5.65328e-09 4.33204e-09 3.13444e-09 2.16146e-09 1.43058e-09 9.13779e-10 5.65756e-10 3.40737e-10 2.00209e-10 1.15051e-10 6.47942e-11 3.58259e-11 1.94777e-11 1.04266e-11 5.50189e-12 2.86485e-12 1.47336e-12 7.4901e-13 3.76669e-13 1.87504e-13 9.24488e-14 4.51719e-14 2.1884e-14 1.05165e-14 5.0152e-15 2.37431e-15 1.11629e-15 5.21366e-16 2.41975e-16 1.1163e-16 5.12019e-17 2.33557e-17 1.05974e-17 4.78411e-18 2.14921e-18 9.6099e-19 4.27755e-19 1.89574e-19 8.36645e-20 3.67742e-20 1.61007e-20 7.02275e-21 3.05198e-21 1.32166e-21 5.7039e-22 2.45348e-22 1.05196e-22 4.49633e-23 1.91604e-23 8.14097e-24 3.44911e-24 1.45725e-24 6.14033e-25 2.58053e-25 1.08173e-25 4.52323e-26 1.88681e-26 7.85205e-27 3.26017e-27 1.35059e-27 5.58289e-28 2.30286e-28 9.4792e-29 3.89398e-29 1.59644e-29 6.53236e-30 2.66787e-30 1.08756e-30 4.42542e-31 1.79757e-31 7.28896e-32 2.95058e-32 1.19241e-32 4.81106e-33 1.93803e-33 7.79479e-34 3.13028e-34 1.25519e-34 5.02574e-35 2.00938e-35 8.02254e-36 3.19859e-36 1.27355e-36 5.06397e-37 2.01093e-37 7.97528e-38 3.15897e-38 1.2497e-38 4.93784e-39 1.94872e-39 7.68155e-40 3.02445e-40 1.18946e-40 4.67273e-41 1.83363e-41
5.61629e-10 1.49352e-09 2.38506e-09 2.93415e-09 3.05452e-09 2.82302e-09 2.38341e-09 1.87286e-09 1.38766e-09 9.78727e-10 6.61865e-10 4.31561e-10 2.72535e-10 1.67297e-10 1.00125e-10 5.85696e-11 3.35589e-11 1.88684e-11 1.04266e-11 5.67045e-12 3.03869e-12 1.60624e-12 8.38293e-13 4.32324e-13 2.20484e-13 1.11275e-13 5.56074e-14 2.75314e-14 1.35115e-14 6.57604e-15 3.17535e-15 1.52181e-15 7.2414e-16 3.42237e-16 1.60697e-16 7.49879e-17 3.4785e-17 1.60443e-17 7.35997e-18 3.35857e-18 1.52492e-18 6.89022e-19 3.0988e-19 1.38741e-19 6.18488e-20 2.74564e-20 1.21395e-20 5.34643e-21 2.34579e-21 1.02548e-21 4.46714e-22 1.9393e-22 8.39106e-23 3.61902e-23 1.55599e-23 6.66967e-24 2.8505e-24 1.21477e-24 5.16245e-25 2.18797e-25 9.24868e-26 3.89945e-26 1.63998e-26 6.88046e-27 2.8798e-27 1.20255e-27 5.01024e-28 2.08285e-28 8.64014e-29 3.5766e-29 1.4775e-29 6.09137e-30 2.50639e-30 1.02932e-30 4.21926e-31 1.72633e-31 7.05073e-32 2.87462e-32 1.16998e-32 4.75385e-33 1.9284e-33 7.80987e-34 3.15794e-34 1.27494e-34 5.1394e-35 2.06865e-35 8.31431e-36 3.33688e-36 1.33735e-36 5.35236e-37 2.13923e-37 8.53866e-38 3.40371e-38 1.35506e-38 5.38784e-39 2.1396e-39 8.48631e-40 3.3619e-40 1.33027e-40 5.25765e-41 2.07562e-41
1.92339e-10 5.34934e-10 8.872e-10 1.12856e-09 1.21096e-09 1.15081e-09 9.97146e-10 8.02874e-10 6.08737e-10 4.38851e-10 3.03041e-10 2.0159e-10 1.29779e-10 8.11553e-11 4.94473e-11 2.94303e-11 1.71483e-11 9.8e-12 5.50189e-12 3.03869e-12 1.65304e-12 8.867e-13 4.69442e-13 2.45513e-13 1.26938e-13 6.49278e-14 3.28753e-14 1.64876e-14 8.1944e-15 4.03793e-15 1.97366e-15 9.57262e-16 4.60891e-16 2.20354e-16 1.0465e-16 4.93835e-17 2.31615e-17 1.07995e-17 5.00729e-18 2.30917e-18 1.05939e-18 4.83605e-19 2.19704e-19 9.93518e-20 4.47275e-20 2.00495e-20 8.95002e-21 3.97923e-21 1.76232e-21 7.77563e-22 3.41825e-22 1.4974e-22 6.53712e-23 2.84441e-23 1.23366e-23 5.33387e-24 2.29915e-24 9.88118e-25 4.23449e-25 1.80959e-25 7.71214e-26 3.27808e-26 1.38977e-26 5.87723e-27 2.47935e-27 1.04343e-27 4.38102e-28 1.83526e-28 7.67106e-29 3.19941e-29 1.33156e-29 5.53037e-30 2.29227e-30 9.4824e-31 3.91497e-31 1.6133e-31 6.63585e-32 2.72451e-32 1.11663e-32 4.5685e-33 1.86594e-33 7.60841e-34 3.09728e-34 1.25883e-34 5.10827e-35 2.0697e-35 8.37308e-36 3.38233e-36 1.36432e-36 5.4953e-37 2.21034e-37 8.87822e-38 3.56127e-38 1.42662e-38 5.70743e-39 2.28043e-39 9.10006e-40 3.62688e-40 1.44375e-40 5.74025e-41 2.27959e-41
6.58694e-11 1.91228e-10 3.28925e-10 4.32133e-10 4.77471e-10 4.66175e-10 4.14224e-10 3.41506e-10 2.6479e-10 1.94999e-10 1.37418e-10 9.32119e-11 6.11418e-11 3.89306e-11 2.41373e-11 1.46106e-11 8.65365e-12 5.02465e-12 2.86485e-12 1.60624e-12 8.867e-13 4.82485e-13 2.59036e-13 1.37337e-13 7.19629e-14 3.72936e-14 1.91269e-14 9.71387e-15 4.88777e-15 2.43788e-15 1.20584e-15 5.91731e-16 2.88191e-16 1.39351e-16 6.69202e-17 3.19265e-17 1.51361e-17 7.13284e-18 3.34196e-18 1.55715e-18 7.2168e-19 3.3276e-19 1.52676e-19 6.97182e-20 3.16903e-20 1.43411e-20 6.46222e-21 2.8999e-21 1.29613e-21 5.77071e-22 2.55966e-22 1.13125e-22 4.98198e-23 2.18656e-23 9.56492e-24 4.17062e-24 1.81284e-24 7.85593e-25 3.39429e-25 1.46235e-25 6.28252e-26 2.69173e-26 1.1502e-26 4.90219e-27 2.08406e-27 8.83808e-28 3.73905e-28 1.57814e-28 6.64562e-29 2.79224e-29 1.17063e-29 4.89733e-30 2.04452e-30 8.51797e-31 3.54171e-31 1.46974e-31 6.0875e-32 2.51665e-32 1.03851e-32 4.27777e-33 1.75898e-33 7.22031e-34 2.95881e-34 1.21048e-34 4.94417e-35 2.01622e-35 8.20924e-36 3.33735e-36 1.35471e-36 5.49101e-37 2.22242e-37 8.9822e-38 3.6252e-38 1.46111e-38 5.88098e-39 2.36396e-39 9.48995e-40 3.8048e-40 1.52353e-40 6.09305e-41 2.43382e-41
2.2558e-11 6.82398e-11 1.21573e-10 1.64784e-10 1.87314e-10 1.87737e-10 1.70944e-10 1.44213e-10 1.14278e-10 8.59189e-11 6.17582e-11 4.26937e-11 2.85204e-11 1.8482e-11 1.16555e-11 7.17231e-12 4.3164e-12 2.54544e-12 1.47336e-12 8.38293e-13 4.69442e-13 2.59036e-13 1.40983e-13 7.57517e-14 4.0215e-14 2.11092e-14 1.09629e-14 5.63657e-15 2.8706e-15 1.44883e-15 7.25017e-16 3.59872e-16 1.7725e-16 8.66598e-17 4.20716e-17 2.02878e-17 9.72027e-18 4.62848e-18 2.19091e-18 1.03118e-18 4.82694e-19 2.24761e-19 1.04128e-19 4.80058e-20 2.20279e-20 1.00618e-20 4.57581e-21 2.07212e-21 9.34499e-22 4.19773e-22 1.87835e-22 8.3737e-23 3.71951e-23 1.64637e-23 7.26254e-24 3.19309e-24 1.39938e-24 6.11366e-25 2.66284e-25 1.15639e-25 5.00736e-26 2.1622e-26 9.31094e-27 3.99884e-27 1.71295e-27 7.31906e-28 3.11954e-28 1.32641e-28 5.62653e-29 2.38124e-29 1.00551e-29 4.23661e-30 1.78121e-30 7.47305e-31 3.12887e-31 1.30739e-31 5.45211e-32 2.26928e-32 9.42737e-33 3.90922e-33 1.61809e-33 6.68568e-34 2.7576e-34 1.13547e-34 4.66762e-35 1.91558e-35 7.84888e-36 3.21091e-36 1.31152e-36 5.34887e-37 2.17821e-37 8.85726e-38 3.59645e-38 1.45825e-38 5.90457e-39 2.38754e-39 9.64113e-40 3.88805e-40 1.56593e-40 6.29881e-41 2.53046e-41
7.72534e-12 2.43118e-11 4.48069e-11 6.25959e-11 7.31406e-11 7.51952e-11 7.01156e-11 6.04899e-11 4.89605e-11 3.75609e-11 2.75245e-11 1.93831e-11 1.31809e-11 8.68951e-12 5.57163e-12 3.4841e-12 2.12973e-12 1.27509e-12 7.4901e-13 4.32324e-13 2.45513e-13 1.37337e-13 7.57517e-14 4.12372e-14 2.21736e-14 1.17857e-14 6.19638e-15 3.22442e-15 1.66164e-15 8.48432e-16 4.29432e-16 2.15554e-16 1.07343e-16 5.30528e-17 2.6032e-17 1.26855e-17 6.14102e-18 2.95408e-18 1.41242e-18 6.71386e-19 3.17354e-19 1.49201e-19 6.9782e-20 3.24742e-20 1.50395e-20 6.9327e-21 3.18137e-21 1.45356e-21 6.61335e-22 2.99666e-22 1.3525e-22 6.08095e-23 2.72391e-23 1.21576e-23 5.40734e-24 2.39686e-24 1.05893e-24 4.66333e-25 2.04724e-25 8.96024e-26 3.91008e-26 1.70137e-26 7.38234e-27 3.19447e-27 1.37862e-27 5.93414e-28 2.54782e-28 1.09119e-28 4.6621e-29 1.98717e-29 8.45051e-30 3.5855e-30 1.51795e-30 6.4125e-31 2.7032e-31 1.13719e-31 4.77425e-32 2.0004e-32 8.36541e-33 3.49165e-33 1.45468e-33 6.04934e-34 2.51115e-34 1.04058e-34 4.30458e-35 1.77768e-35 7.3292e-36 3.01685e-36 1.23982e-36 5.08726e-37 2.08421e-37 8.52595e-38 3.48257e-38 1.42045e-38 5.78534e-39 2.35299e-39 9.55681e-40 3.87627e-40 1.57013e-40 6.35164e-41 2.56611e-41
2.64567e-12 8.64857e-12 1.64705e-11 2.36936e-11 2.84349e-11 2.99659e-11 2.85955e-11 2.52133e-11 2.08336e-11 1.63004e-11 1.21718e-11 8.72774e-12 6.03909e-12 4.04857e-12 2.63833e-12 1.67593e-12 1.04018e-12 6.32057e-13 3.76669e-13 2.20484e-13 1.26938e-13 7.19629e-14 4.0215e-14 2.21736e-14 1.2073e-14 6.49615e-15 3.45666e-15 1.82007e-15 9.48847e-16 4.90014e-16 2.50802e-16 1.27279e-16 6.40705e-17 3.20038e-17 1.58685e-17 7.81276e-18 3.82064e-18 1.85632e-18 8.96328e-19 4.30218e-19 2.05312e-19 9.74411e-20 4.6e-20 2.16045e-20 1.00968e-20 4.69617e-21 2.17421e-21 1.00212e-21 4.59898e-22 2.10178e-22 9.56654e-23 4.33727e-23 1.95896e-23 8.81514e-24 3.95253e-24 1.76607e-24 7.86445e-25 3.49059e-25 1.54433e-25 6.81122e-26 2.99497e-26 1.31303e-26 5.73995e-27 2.50219e-27 1.08779e-27 4.71636e-28 2.03956e-28 8.79756e-29 3.78537e-29 1.6248e-29 6.95761e-30 2.97244e-30 1.26702e-30 5.38875e-31 2.28692e-31 9.68484e-32 4.0929e-32 1.72618e-32 7.26567e-33 3.05223e-33 1.27976e-33 5.3558e-34 2.2373e-34 9.32909e-35 3.88318e-35 1.61355e-35 6.69331e-36 2.77187e-36 1.14602e-36 4.73059e-37 1.94963e-37 8.02259e-38 3.29621e-38 1.35228e-38 5.5396e-39 2.26601e-39 9.25614e-40 3.77564e-40 1.53799e-40 6.2565e-41 2.54174e-41
9.0605e-13 3.07232e-12 6.03959e-12 8.93868e-12 1.10098e-11 1.18853e-11 1.16001e-11 1.04477e-11 8.80858e-12 7.02556e-12 5.34338e-12 3.89962e-12 2.74452e-12 1.87031e-12 1.23829e-12 7.98766e-13 5.03203e-13 3.1023e-13 1.87504e-13 1.11275e-13 6.49278e-14 3.72936e-14 2.11092e-14 1.17857e-14 6.49615e-15 3.53762e-15 1.90469e-15 1.01454e-15 5.34936e-16 2.7935e-16 1.44551e-16 7.4151e-17 3.77236e-17 1.90404e-17 9.53808e-18 4.74362e-18 2.34292e-18 1.14955e-18 5.60446e-19 2.71575e-19 1.30826e-19 6.26677e-20 2.98559e-20 1.41493e-20 6.67181e-21 3.1306e-21 1.46204e-21 6.79687e-22 3.14585e-22 1.4498e-22 6.65396e-23 3.04162e-23 1.38496e-23 6.28243e-24 2.83937e-24 1.2787e-24 5.7386e-25 2.56673e-25 1.14428e-25 5.08503e-26 2.25272e-26 9.94957e-27 4.38148e-27 1.92392e-27 8.42432e-28 3.6787e-28 1.60211e-28 6.9592e-29 3.01522e-29 1.30316e-29 5.61853e-30 2.41665e-30 1.03704e-30 4.44007e-31 1.89679e-31 8.08541e-32 3.43922e-32 1.45986e-32 6.1841e-33 2.6144e-33 1.1031e-33 4.6454e-34 1.9526e-34 8.19219e-35 3.43084e-35 1.43426e-35 5.98546e-36 2.49359e-36 1.0371e-36 4.30626e-37 1.78516e-37 7.38859e-38 3.05328e-38 1.25981e-38 5.19026e-39 2.13515e-39 8.77069e-40 3.59763e-40 1.47363e-40 6.02776e-41 2.46225e-41
3.10291e-13 1.09e-12 2.20961e-12 3.36178e-12 4.24668e-12 4.69314e-12 4.68228e-12 4.30542e-12 3.70205e-12 3.00858e-12 2.32966e-12 1.72977e-12 1.23778e-12 8.57137e-13 5.7636e-13 3.77414e-13 2.41255e-13 1.50861e-13 9.24488e-14 5.56074e-14 3.28753e-14 1.91269e-14 1.09629e-14 6.19638e-15 3.45666e-15 1.90469e-15 1.03741e-15 5.58875e-16 2.97971e-16 1.57312e-16 8.22805e-17 4.26554e-17 2.19269e-17 1.11809e-17 5.65754e-18 2.84169e-18 1.4173e-18 7.0211e-19 3.45565e-19 1.69022e-19 8.21775e-20 3.97241e-20 1.90959e-20 9.13053e-21 4.34315e-21 2.05563e-21 9.68248e-22 4.53943e-22 2.11862e-22 9.84478e-23 4.55531e-23 2.09916e-23 9.63478e-24 4.40513e-24 2.00652e-24 9.10635e-25 4.11817e-25 1.85595e-25 8.33627e-26 3.73214e-26 1.66557e-26 7.41006e-27 3.28677e-27 1.45358e-27 6.41004e-28 2.81881e-28 1.23619e-28 5.40683e-29 2.35868e-29 1.02634e-29 4.45481e-30 1.92891e-30 8.33222e-31 3.59087e-31 1.544e-31 6.62414e-32 2.83572e-32 1.21135e-32 5.16375e-33 2.19671e-33 9.32622e-34 3.9517e-34 1.67118e-34 7.05411e-35 2.97203e-35 1.2499e-35 5.24708e-36 2.19887e-36 9.19884e-37 3.84178e-37 1.60181e-37 6.66777e-38 2.77112e-38 1.14986e-38 4.76391e-39 1.97071e-39 8.14012e-40 3.35738e-40 1.38275e-40 5.68681e-41 2.33554e-41
1.06264e-13 3.86245e-13 8.0667e-13 1.26067e-12 1.63219e-12 1.84548e-12 1.88109e-12 1.76505e-12 1.54713e-12 1.28058e-12 1.00917e-12 7.62046e-13 5.54233e-13 3.89864e-13 2.66165e-13 1.76875e-13 1.14692e-13 7.27223e-14 4.51719e-14 2.75314e-14 1.64876e-14 9.71387e-15 5.63657e-15 3.22442e-15 1.82007e-15 1.01454e-15 5.58875e-16 3.04442e-16 1.64098e-16 8.75681e-17 4.62866e-17 2.42455e-17 1.2591e-17 6.48505e-18 3.314e-18 1.68084e-18 8.4639e-19 4.23269e-19 2.10273e-19 1.03798e-19 5.09249e-20 2.48378e-20 1.20457e-20 5.80994e-21 2.78752e-21 1.3306e-21 6.32029e-22 2.98783e-22 1.40595e-22 6.58634e-23 3.07212e-23 1.42695e-23 6.60105e-24 3.04159e-24 1.39611e-24 6.38443e-25 2.90904e-25 1.32083e-25 5.97659e-26 2.69532e-26 1.21159e-26 5.42908e-27 2.42525e-27 1.08014e-27 4.79652e-28 2.12388e-28 9.37822e-29 4.12976e-29 1.81373e-29 7.94489e-30 3.47135e-30 1.51296e-30 6.57809e-31 2.85324e-31 1.23471e-31 5.33092e-32 2.29652e-32 9.87159e-33 4.23424e-33 1.81239e-33 7.74171e-34 3.30024e-34 1.4041e-34 5.96221e-35 2.52692e-35 1.06897e-35 4.51384e-36 1.9026e-36 8.00536e-37 3.36251e-37 1.40997e-37 5.90239e-38 2.46681e-38 1.0293e-38 4.28806e-39 1.78363e-39 7.40767e-40 3.07189e-40 1.272e-40 5.25941e-41 2.17152e-41
3.63918e-14 1.36713e-13 2.93906e-13 4.71468e-13 6.25219e-13 7.22863e-13 7.52388e-13 7.20069e-13 6.43136e-13 5.41964e-13 4.34495e-13 3.33559e-13 2.46486e-13 1.76071e-13 1.22007e-13 8.22549e-14 5.40893e-14 3.47667e-14 2.1884e-14 1.35115e-14 8.1944e-15 4.88777e-15 2.8706e-15 1.66164e-15 9.48847e-16 5.34936e-16 2.97971e-16 1.64098e-16 8.94031e-17 4.82134e-17 2.57495e-17 1.36259e-17 7.14726e-18 3.71769e-18 1.91834e-18 9.8231e-19 4.99324e-19 2.52034e-19 1.26358e-19 6.29397e-20 3.11556e-20 1.53298e-20 7.49933e-21 3.64824e-21 1.76524e-21 8.49696e-22 4.06948e-22 1.93956e-22 9.2007e-23 4.3447e-23 2.04258e-23 9.5618e-24 4.45754e-24 2.06966e-24 9.57197e-25 4.41013e-25 2.02439e-25 9.25921e-26 4.2202e-26 1.91696e-26 8.67861e-27 3.91636e-27 1.76176e-27 7.9009e-28 3.53267e-28 1.57493e-28 7.00128e-29 3.10372e-29 1.37216e-29 6.05026e-30 2.6608e-30 1.1672e-30 5.10739e-31 2.22944e-31 9.70868e-32 4.21805e-32 1.82841e-32 7.90794e-33 3.41274e-33 1.46965e-33 6.31552e-34 2.70839e-34 1.15914e-34 4.95109e-35 2.11067e-35 8.98078e-36 3.81412e-36 1.61688e-36 6.84191e-37 2.89007e-37 1.21867e-37 5.13003e-38 2.15589e-38 9.04516e-39 3.78881e-39 1.58452e-39 6.61625e-40 2.7584e-40 1.14828e-40 4.77296e-41 1.98104e-41
1.24629e-14 4.83393e-14 1.06882e-13 1.75868e-13 2.38738e-13 2.82097e-13 2.99682e-13 2.92407e-13 2.66009e-13 2.28131e-13 1.85996e-13 1.45115e-13 1.08918e-13 7.89835e-14 5.55347e-14 3.79739e-14 2.53163e-14 1.64914e-14 1.05165e-14 6.57604e-15 4.03793e-15 2.43788e-15 1.44883e-15 8.48432e-16 4.90014e-16 2.7935e-16 1.57312e-16 8.75681e-17 4.82134e-17 2.62708e-17 1.41739e-17 7.57578e-18 4.01307e-18 2.10773e-18 1.09802e-18 5.67562e-19 2.91184e-19 1.48323e-19 7.50343e-20 3.77084e-20 1.88301e-20 9.34563e-21 4.61106e-21 2.26215e-21 1.10372e-21 5.35659e-22 2.58639e-22 1.24264e-22 5.94172e-23 2.82788e-23 1.33984e-23 6.32045e-24 2.96895e-24 1.3889e-24 6.47151e-25 3.00368e-25 1.38887e-25 6.39849e-26 2.93725e-26 1.34368e-26 6.126e-27 2.78373e-27 1.2609e-27 5.69338e-28 2.5629e-28 1.15027e-28 5.14752e-29 2.29701e-29 1.02216e-29 4.53625e-30 2.00781e-30 8.86379e-31 3.90314e-31 1.71447e-31 7.51261e-32 3.28412e-32 1.4323e-32 6.23247e-33 2.70592e-33 1.17225e-33 5.06746e-34 2.18599e-34 9.41046e-35 4.04292e-35 1.73347e-35 7.4181e-36 3.16839e-36 1.35073e-36 5.7478e-37 2.44145e-37 1.0352e-37 4.38167e-38 1.85145e-38 7.81005e-39 3.28909e-39 1.3829e-39 5.80511e-40 2.43303e-40 1.01815e-40 4.25417e-41 1.77487e-41
4.26813e-15 1.7075e-14 3.88003e-14 6.54445e-14 9.08899e-14 1.09705e-13 1.18896e-13 1.18224e-13 1.09503e-13 9.55383e-14 7.91865e-14 6.27685e-14 4.78373e-14 3.52059e-14 2.51104e-14 1.741e-14 1.17644e-14 7.76465e-15 5.0152e-15 3.17535e-15 1.97366e-15 1.20584e-15 7.25017e-16 4.29432e-16 2.50802e-16 1.44551e-16 8.22805e-17 4.62866e-17 2.57495e-17 1.41739e-17 7.72412e-18 4.16923e-18 2.23001e-18 1.18245e-18 6.21798e-19 3.24389e-19 1.67948e-19 8.63209e-20 4.40568e-20 2.23349e-20 1.12497e-20 5.63109e-21 2.80177e-21 1.38598e-21 6.81789e-22 3.33578e-22 1.62359e-22 7.86253e-23 3.789e-23 1.81731e-23 8.67645e-24 4.12403e-24 1.95176e-24 9.19837e-25 4.31745e-25 2.01848e-25 9.40055e-26 4.3617e-26 2.01641e-26 9.28881e-27 4.26426e-27 1.95104e-27 8.8974e-28 4.04457e-28 1.83285e-28 8.28055e-29 3.72994e-29 1.67526e-29 7.50298e-30 3.35105e-30 1.49263e-30 6.63093e-31 2.93813e-31 1.29858e-31 5.72517e-32 2.51799e-32 1.10481e-32 4.83629e-33 2.11225e-33 9.20467e-34 4.00239e-34 1.7366e-34 7.51908e-35 3.24888e-35 1.40095e-35 6.02903e-36 2.58956e-36 1.11013e-36 4.75011e-37 2.02877e-37 8.64917e-38 3.6808e-38 1.56369e-38 6.63149e-39 2.80762e-39 1.1867e-39 5.00769e-40 2.10977e-40 8.87455e-41 3.72719e-41 1.56298e-41
1.46169e-15 6.02584e-15 1.40619e-14 2.42979e-14 3.45053e-14 4.25227e-14 4.69951e-14 4.76025e-14 4.48746e-14 3.98165e-14 3.35391e-14 2.70016e-14 2.08893e-14 1.55978e-14 1.12823e-14 7.92972e-15 5.42969e-15 3.63012e-15 2.37431e-15 1.52181e-15 9.57262e-16 5.91731e-16 3.59872e-16 2.15554e-16 1.27279e-16 7.4151e-17 4.26554e-17 2.42455e-17 1.36259e-17 7.57578e-18 4.16923e-18 2.27228e-18 1.227e-18 6.56737e-19 3.48552e-19 1.83499e-19 9.58596e-20 4.97065e-20 2.55915e-20 1.30858e-20 6.64729e-21 3.3553e-21 1.68331e-21 8.39525e-22 4.16324e-22 2.05325e-22 1.00726e-22 4.91598e-23 2.38735e-23 1.15379e-23 5.55024e-24 2.65783e-24 1.26717e-24 6.0157e-25 2.84406e-25 1.33919e-25 6.28119e-26 2.93486e-26 1.36623e-26 6.33711e-27 2.92908e-27 1.34922e-27 6.19418e-28 2.83446e-28 1.29293e-28 5.87943e-29 2.6655e-29 1.20487e-29 5.43055e-30 2.44075e-30 1.09396e-30 4.89003e-31 2.18009e-31 9.69426e-32 4.2999e-32 1.90251e-32 8.39737e-33 3.69768e-33 1.62445e-33 7.12022e-34 3.11395e-34 1.35887e-34 5.91715e-35 2.57118e-35 1.11495e-35 4.82502e-36 2.08391e-36 8.98275e-37 3.86463e-37 1.65954e-37 7.11321e-38 3.04336e-38 1.29977e-38 5.54137e-39 2.35841e-39 1.00204e-39 4.25036e-40 1.79993e-40 7.61e-41 3.21236e-41 1.3539e-41
5.00578e-16 2.12468e-15 5.08825e-15 9.00174e-15 1.30646e-14 1.64308e-14 1.85097e-14 1.90919e-14 1.83113e-14 1.65177e-14 1.41357e-14 1.15551e-14 9.07183e-15 6.87088e-15 5.03885e-15 3.58921e-15 2.48978e-15 1.68579e-15 1.11629e-15 7.2414e-16 4.60891e-16 2.88191e-16 1.7725e-16 1.07343e-16 6.40705e-17 3.77236e-17 2.19269e-17 1.2591e-17 7.14726e-18 4.01307e-18 2.23001e-18 1.227e-18 6.68804e-19 3.61284e-19 1.93496e-19 1.02784e-19 5.41701e-20 2.83345e-20 1.47138e-20 7.58766e-21 3.8867e-21 1.97811e-21 1.00051e-21 5.03018e-22 2.51439e-22 1.24984e-22 6.17911e-23 3.03897e-23 1.48706e-23 7.241e-24 3.50918e-24 1.69282e-24 8.12964e-25 3.88728e-25 1.85093e-25 8.77711e-26 4.14555e-26 1.95042e-26 9.14188e-27 4.2692e-27 1.98656e-27 9.21178e-28 4.25704e-28 1.96079e-28 9.0022e-29 4.11998e-29 1.87976e-29 8.5507e-30 3.87814e-30 1.75387e-30 7.90952e-31 3.55721e-31 1.59551e-31 7.13756e-32 3.18479e-32 1.41748e-32 6.29337e-33 2.78739e-33 1.23164e-33 5.42955e-34 2.38811e-34 1.04804e-34 4.58932e-35 2.00534e-35 8.7441e-36 3.80491e-36 1.65232e-36 7.16106e-37 3.09751e-37 1.33726e-37 5.76234e-38 2.47844e-38 1.06406e-38 4.56014e-39 1.95086e-39 8.33153e-40 3.55209e-40 1.51188e-40 6.42447e-41 2.72555e-41 1.15446e-41
