0.412264 0.126121 0.045395 0.0163391 0.00588097 0.00211675 0.000761885 0.000274227 9.8703e-05 3.55264e-05 1.27871e-05 4.60248e-06 1.65658e-06 5.96256e-07 2.14611e-07 7.72455e-08 2.78031e-08 1.00072e-08 3.60192e-09 1.29645e-09 4.66633e-10 1.67956e-10 6.04528e-11 2.17589e-11 7.83172e-12 2.81889e-12 1.01461e-12 3.6519e-13 1.31443e-13 4.73107e-14 1.70286e-14 6.12915e-15 2.20608e-15 7.94038e-16 2.858e-16 1.02868e-16 3.70256e-17 1.33267e-17 4.79671e-18 1.72649e-18 6.21418e-19 2.23668e-19 8.05054e-20 2.89765e-20 1.04296e-20 3.75393e-21 1.35116e-21 4.86325e-22 1.75044e-22 6.3004e-23 2.26771e-23 8.16223e-24 2.93785e-24 1.05743e-24 3.80601e-25 1.3699e-25 4.93073e-26 1.77473e-26 6.38781e-27 2.29918e-27 8.27547e-28 2.97861e-28 1.0721e-28 3.85881e-29 1.38891e-29 4.99913e-30 1.79935e-30 6.47643e-31 2.33107e-31 8.39028e-32 3.01993e-32 1.08697e-32 3.91235e-33 1.40818e-33 5.06849e-34 1.82431e-34 6.56628e-35 2.36341e-35 8.50668e-36 3.06183e-36 1.10205e-36 3.96663e-37 1.42772e-37 5.13881e-38 1.84962e-38 6.65738e-39 2.3962e-39 8.6247e-40 3.10431e-40 1.11734e-40 4.02166e-41 1.44752e-41 5.2101e-42 1.87528e-42 6.74974e-43 2.42945e-43 8.74436e-44 3.14737e-44 1.13284e-44 4.07746e-45 1.46761e-45
0.126121 0.0564781 0.0252333 0.0108477 0.0045399 0.00186277 0.000752795 0.000300586 0.000118855 4.66186e-05 1.81612e-05 7.0341e-06 2.71079e-06 1.04013e-06 3.97564e-07 1.51443e-07 5.75132e-08 2.17822e-08 8.22929e-09 3.10207e-09 1.16695e-09 4.38172e-10 1.64244e-10 6.14678e-11 2.29705e-11 8.57239e-12 3.19511e-12 1.18948e-12 4.42335e-13 1.64322e-13 6.09849e-14 2.26127e-14 8.3774e-15 3.10109e-15 1.14706e-15 4.2398e-16 1.56605e-16 5.7807e-17 2.13249e-17 7.86205e-18 2.89695e-18 1.06687e-18 3.927e-19 1.44476e-19 5.31286e-20 1.95283e-20 7.17485e-21 2.63501e-21 9.67337e-22 3.54983e-22 1.3022e-22 4.77523e-23 1.7505e-23 6.41488e-24 2.35004e-24 8.60658e-25 3.15106e-25 1.15334e-25 4.22028e-26 1.54386e-26 5.64625e-27 2.06445e-27 7.54645e-28 2.75791e-28 1.00767e-28 3.68093e-29 1.34433e-29 4.90864e-30 1.79196e-30 6.54051e-31 2.38677e-31 8.70819e-32 3.17663e-32 1.15859e-32 4.22489e-33 1.54038e-33 5.61529e-34 2.04666e-34 7.4585e-35 2.71763e-35 9.90071e-36 3.60644e-36 1.3135e-36 4.78324e-37 1.74163e-37 6.3406e-38 2.30808e-38 8.4007e-39 3.05722e-39 1.11246e-39 4.04757e-40 1.47249e-40 5.35626e-41 1.94815e-41 7.08496e-42 2.57635e-42 9.36761e-43 3.40571e-43 1.23806e-43 4.50025e-44 1.63564e-44
0.045395 0.0252333 0.0130442 0.00631185 0.00292244 0.00131076 0.000573863 0.000246494 0.00010425 4.3527e-05 1.79771e-05 7.35585e-06 2.9856e-06 1.20323e-06 4.81878e-07 1.91909e-07 7.60454e-08 2.99972e-08 1.17842e-08 4.61196e-09 1.79878e-09 6.99356e-10 2.71113e-10 1.04816e-10 4.04218e-11 1.55521e-11 5.97055e-12 2.28745e-12 8.74701e-13 3.33876e-13 1.27226e-13 4.84027e-14 1.83869e-14 6.97473e-15 2.64215e-15 9.99605e-16 3.77719e-16 1.42562e-16 5.37473e-17 2.02419e-17 7.61564e-18 2.86248e-18 1.07492e-18 4.03298e-19 1.51184e-19 5.66283e-20 2.11943e-20 7.92648e-21 2.96228e-21 1.10629e-21 4.12877e-22 1.5399e-22 5.73972e-23 2.1381e-23 7.95999e-24 2.96178e-24 1.10143e-24 4.09384e-25 1.52084e-25 5.64708e-26 2.09583e-26 7.77472e-27 2.88283e-27 1.06847e-27 3.95843e-28 1.4659e-28 5.4264e-29 2.00794e-29 7.42717e-30 2.74623e-30 1.01507e-30 3.75061e-31 1.38535e-31 5.11535e-32 1.88821e-32 6.96767e-33 2.57035e-33 9.47908e-34 3.49473e-34 1.28806e-34 4.74613e-35 1.74833e-35 6.43861e-36 2.37055e-36 8.72557e-37 3.21094e-37 1.18131e-37 4.34503e-38 1.59779e-38 5.87422e-39 2.15915e-39 7.93451e-40 2.91518e-40 1.07083e-40 3.93264e-41 1.44398e-41 5.30095e-42 1.94564e-42 7.13982e-43 2.61959e-43 9.60946e-44
0.0163391 0.0108477 0.00631185 0.00336108 0.00168941 0.000814912 0.000381031 0.00017384 7.77464e-05 3.41989e-05 1.48337e-05 6.35692e-06 2.69579e-06 1.13271e-06 4.72057e-07 1.95296e-07 8.0266e-08 3.2793e-08 1.33252e-08 5.38781e-09 2.16857e-09 8.6918e-10 3.47024e-10 1.38053e-10 5.47361e-11 2.16343e-11 8.52594e-12 3.3508e-12 1.31351e-12 5.13647e-13 2.00402e-13 7.80184e-14 3.03112e-14 1.17534e-14 4.5491e-15 1.75762e-15 6.77954e-16 2.61086e-16 1.00394e-16 3.8548e-17 1.47806e-17 5.65989e-18 2.16456e-18 8.26803e-19 3.15446e-19 1.20215e-19 4.57639e-20 1.74034e-20 6.61165e-21 2.50937e-21 9.51515e-22 3.60475e-22 1.36445e-22 5.1603e-23 1.95002e-23 7.36315e-24 2.77816e-24 1.04744e-24 3.94634e-25 1.48579e-25 5.59023e-26 2.10193e-26 7.89829e-27 2.96607e-27 1.11319e-27 4.17549e-28 1.56531e-28 5.86481e-29 2.19622e-29 8.22001e-30 3.07503e-30 1.14977e-30 4.297e-31 1.60515e-31 5.99331e-32 2.23679e-32 8.34439e-33 3.11157e-33 1.1598e-33 4.32128e-34 1.60942e-34 5.99182e-35 2.22989e-35 8.2956e-36 3.085e-36 1.14686e-36 4.26199e-37 1.58332e-37 5.88006e-38 2.183e-38 8.10189e-39 3.00597e-39 1.11494e-39 4.13415e-40 1.53248e-40 5.67909e-41 2.10397e-41 7.79259e-42 2.8854e-42 1.0681e-42 3.95283e-43
0.00588097 0.0045399 0.00292244 0.00168941 0.000911431 0.000468204 0.000231787 0.000111454 5.2339e-05 2.40993e-05 1.09128e-05 4.87109e-06 2.14725e-06 9.36161e-07 4.04172e-07 1.72971e-07 7.34426e-08 3.09607e-08 1.29669e-08 5.39839e-09 2.23513e-09 9.2074e-10 3.77509e-10 1.54106e-10 6.26532e-11 2.53754e-11 1.02408e-11 4.1191e-12 1.65159e-12 6.60255e-13 2.63211e-13 1.04651e-13 4.1504e-14 1.64211e-14 6.48227e-15 2.55338e-15 1.00372e-15 3.93779e-16 1.54199e-16 6.0274e-17 2.35198e-17 9.16271e-18 3.56392e-18 1.38412e-18 5.36772e-19 2.07872e-19 8.03931e-20 3.10512e-20 1.19783e-20 4.61515e-21 1.77612e-21 6.82766e-22 2.6218e-22 1.0057e-22 3.85389e-23 1.47537e-23 5.64275e-24 2.15615e-24 8.23147e-25 3.13978e-25 1.19662e-25 4.55675e-26 1.73384e-26 6.59218e-27 2.50451e-27 9.5082e-28 3.60716e-28 1.36752e-28 5.18091e-29 1.96153e-29 7.42176e-30 2.80639e-30 1.06053e-30 4.00538e-31 1.51186e-31 5.70341e-32 2.15039e-32 8.1034e-33 3.05203e-33 1.14891e-33 4.32282e-34 1.62568e-34 6.11072e-35 2.29587e-35 8.62188e-36 3.23639e-36 1.21431e-36 4.55419e-37 1.7073e-37 6.39775e-38 2.39646e-38 8.97305e-39 3.35847e-39 1.25654e-39 4.69949e-40 1.75697e-40 6.56632e-41 2.45316e-41 9.16179e-42 3.42048e-42 1.27658e-42
0.00211675 0.00186277 0.00131076 0.000814912 0.000468204 0.000254413 0.000132552 6.68118e-05 3.27818e-05 1.57283e-05 7.40413e-06 3.4289e-06 1.56542e-06 7.05731e-07 3.14617e-07 1.38857e-07 6.07318e-08 2.63448e-08 1.13426e-08 4.85006e-09 2.06077e-09 8.70504e-10 3.65726e-10 1.52879e-10 6.36058e-11 2.63471e-11 1.08686e-11 4.46613e-12 1.82853e-12 7.4606e-13 3.0341e-13 1.23012e-13 4.97268e-14 2.0046e-14 8.05965e-15 3.23229e-15 1.29318e-15 5.16196e-16 2.05596e-16 8.17157e-17 3.24132e-17 1.28322e-17 5.0708e-18 2.00023e-18 7.87664e-19 3.09662e-19 1.21548e-19 4.76367e-20 1.86423e-20 7.28514e-21 2.84303e-21 1.10802e-21 4.31281e-22 1.67661e-22 6.51003e-23 2.52481e-23 9.78103e-24 3.785e-24 1.46314e-24 5.65017e-25 2.17973e-25 8.4008e-26 3.23467e-26 1.24434e-26 4.7826e-27 1.83658e-27 7.04678e-28 2.70155e-28 1.03487e-28 3.96116e-29 1.51505e-29 5.79039e-30 2.21144e-30 8.43987e-31 3.21882e-31 1.22678e-31 4.67248e-32 1.77849e-32 6.76522e-33 2.57185e-33 9.77125e-34 3.71021e-34 1.40799e-34 5.34015e-35 2.02428e-35 7.66924e-36 2.90406e-36 1.0991e-36 4.15763e-37 1.57196e-37 5.94052e-38 2.24389e-38 8.4718e-39 3.19706e-39 1.20596e-39 4.54696e-40 1.71365e-40 6.45566e-41 2.43096e-41 9.15032e-42 3.44288e-42
0.000761885 0.000752795 0.000573863 0.000381031 0.000231787 0.000132552 7.23543e-05 3.80732e-05 1.94458e-05 9.68831e-06 4.72619e-06 2.26402e-06 1.06748e-06 4.96313e-07 2.27899e-07 1.03484e-07 4.65177e-08 2.07196e-08 9.15182e-09 4.0114e-09 1.74587e-09 7.54886e-10 3.24425e-10 1.3864e-10 5.89349e-11 2.49292e-11 1.04962e-11 4.40006e-12 1.83697e-12 7.63942e-13 3.16537e-13 1.307e-13 5.37893e-14 2.20675e-14 9.02635e-15 3.68159e-15 1.49754e-15 6.07569e-16 2.45886e-16 9.9275e-17 3.99905e-17 1.6074e-17 6.44733e-18 2.58083e-18 1.03109e-18 4.11169e-19 1.63668e-19 6.50359e-20 2.57997e-20 1.02182e-20 4.04068e-21 1.59544e-21 6.29027e-22 2.47654e-22 9.73701e-23 3.82322e-23 1.49925e-23 5.87189e-24 2.29697e-24 8.97471e-25 3.50259e-25 1.36545e-25 5.31735e-26 2.06851e-26 8.03852e-27 3.12078e-27 1.2104e-27 4.69013e-28 1.81569e-28 7.02278e-29 2.71392e-29 1.04789e-29 4.0427e-30 1.55839e-30 6.00253e-31 2.31024e-31 8.88488e-32 3.41448e-32 1.31125e-32 5.03195e-33 1.9297e-33 7.39516e-34 2.83217e-34 1.08395e-34 4.14594e-35 1.58478e-35 6.0541e-36 2.31138e-36 8.81943e-37 3.36326e-37 1.28185e-37 4.88287e-38 1.859e-38 7.0738e-39 2.69031e-39 1.02266e-39 3.88544e-40 1.47549e-40 5.60048e-41 2.12475e-41 8.0573e-42
0.000274227 0.000300586 0.000246494 0.00017384 0.000111454 6.68118e-05 3.80732e-05 2.08479e-05 1.10513e-05 5.7019e-06 2.87506e-06 1.42125e-06 6.90515e-07 3.304e-07 1.55954e-07 7.27188e-08 3.35352e-08 1.53108e-08 6.92644e-09 3.10718e-09 1.38309e-09 6.11247e-10 2.6834e-10 1.17073e-10 5.07818e-11 2.19078e-11 9.40315e-12 4.01664e-12 1.70799e-12 7.23189e-13 3.04972e-13 1.28115e-13 5.3624e-14 2.23673e-14 9.29894e-15 3.85378e-15 1.59234e-15 6.56051e-16 2.69554e-16 1.10461e-16 4.51522e-17 1.84117e-17 7.49031e-18 3.04041e-18 1.23149e-18 4.97766e-19 2.00795e-19 8.08429e-20 3.24879e-20 1.30323e-20 5.21874e-21 2.08631e-21 8.32696e-22 3.31825e-22 1.32029e-22 5.24548e-23 2.08103e-23 8.24457e-24 3.26189e-24 1.28885e-24 5.08602e-25 2.00455e-25 7.89098e-26 3.10267e-26 1.21855e-26 4.78045e-27 1.87337e-27 7.33364e-28 2.86793e-28 1.12042e-28 4.3729e-29 1.70507e-29 6.64219e-30 2.58514e-30 1.00524e-30 3.90553e-31 1.51607e-31 5.88031e-32 2.27892e-32 8.82494e-33 3.41474e-33 1.3203e-33 5.10114e-34 1.96945e-34 7.59823e-35 2.92939e-35 1.12861e-35 4.34531e-36 1.67191e-36 6.4287e-37 2.47036e-37 9.48701e-38 3.64111e-38 1.39662e-38 5.35392e-39 2.05123e-39 7.85439e-40 3.00587e-40 1.14972e-40 4.39524e-41 1.67937e-41
9.8703e-05 0.000118855 0.00010425 7.77464e-05 5.2339e-05 3.27818e-05 1.94458e-05 1.10513e-05 6.06537e-06 3.23351e-06 1.68174e-06 8.56211e-07 4.27866e-07 2.10323e-07 1.01881e-07 4.87052e-08 2.30083e-08 1.0752e-08 4.97495e-09 2.28107e-09 1.03715e-09 4.67921e-10 2.09589e-10 9.32484e-11 4.12273e-11 1.81205e-11 7.92047e-12 3.44406e-12 1.49024e-12 6.41839e-13 2.75223e-13 1.17526e-13 4.99874e-14 2.11812e-14 8.94297e-15 3.76292e-15 1.57815e-15 6.59798e-16 2.75026e-16 1.14312e-16 4.73818e-17 1.95877e-17 8.07704e-18 3.32246e-18 1.36347e-18 5.58271e-19 2.28085e-19 9.29889e-20 3.7834e-20 1.5363e-20 6.22654e-21 2.51893e-21 1.01721e-21 4.1007e-22 1.65036e-22 6.63121e-23 2.66026e-23 1.0656e-23 4.26203e-24 1.70221e-24 6.78897e-25 2.70397e-25 1.07554e-25 4.27255e-26 1.69514e-26 6.71724e-27 2.65864e-27 1.05105e-27 4.15047e-28 1.63716e-28 6.45083e-29 2.53912e-29 9.98404e-30 3.92187e-30 1.53906e-30 6.03393e-31 2.36341e-31 9.24873e-32 3.61606e-32 1.41257e-32 5.51329e-33 2.15005e-33 8.3778e-34 3.26184e-34 1.26897e-34 4.93297e-35 1.91618e-35 7.43777e-36 2.88492e-36 1.11819e-36 4.33106e-37 1.67639e-37 6.48433e-38 2.50651e-38 9.68259e-39 3.73799e-39 1.44216e-39 5.56064e-40 2.14276e-40 8.25214e-41 3.1762e-41
3.55264e-05 4.66186e-05 4.3527e-05 3.41989e-05 2.40993e-05 1.57283e-05 9.68831e-06 5.7019e-06 3.23351e-06 1.7778e-06 9.5205e-07 4.98385e-07 2.55764e-07 1.28969e-07 6.40225e-08 3.13378e-08 1.51453e-08 7.23533e-09 3.4201e-09 1.60101e-09 7.42757e-10 3.41734e-10 1.56017e-10 7.07173e-11 3.18386e-11 1.42442e-11 6.33498e-12 2.80172e-12 1.23258e-12 5.39557e-13 2.35077e-13 1.01961e-13 4.40363e-14 1.8942e-14 8.11643e-15 3.46499e-15 1.47404e-15 6.24963e-16 2.64118e-16 1.11275e-16 4.67422e-17 1.95786e-17 8.17835e-18 3.40724e-18 1.41592e-18 5.86963e-19 2.42749e-19 1.00165e-19 4.12398e-20 1.69432e-20 6.9467e-21 2.84249e-21 1.16086e-21 4.73209e-22 1.92548e-22 7.82099e-23 3.17135e-23 1.28384e-23 5.18891e-24 2.09394e-24 8.43711e-25 3.39455e-25 1.36378e-25 5.47145e-26 2.19213e-26 8.77114e-27 3.50496e-27 1.39882e-27 5.57582e-28 2.2199e-28 8.82774e-29 3.50647e-29 1.39125e-29 5.51402e-30 2.18307e-30 8.63407e-31 3.41131e-31 1.34647e-31 5.30941e-32 2.09162e-32 8.2322e-33 3.23707e-33 1.27175e-33 4.99193e-34 1.95778e-34 7.67178e-35 3.00379e-35 1.17515e-35 4.5938e-36 1.79438e-36 7.0037e-37 2.73159e-37 1.0646e-37 4.14613e-38 1.61359e-38 6.27544e-39 2.43893e-39 9.47247e-40 3.67657e-40 1.42607e-40 5.52797e-41
1.27871e-05 1.81612e-05 1.79771e-05 1.48337e-05 1.09128e-05 7.40413e-06 4.72619e-06 2.87506e-06 1.68174e-06 9.5205e-07 5.24172e-07 2.81738e-07 1.48281e-07 7.66036e-08 3.89235e-08 1.9485e-08 9.62349e-09 4.69496e-09 2.26492e-09 1.0814e-09 5.11427e-10 2.39742e-10 1.11465e-10 5.14287e-11 2.35593e-11 1.07202e-11 4.84734e-12 2.17881e-12 9.73866e-13 4.32984e-13 1.9154e-13 8.43287e-14 3.69589e-14 1.61282e-14 7.00914e-15 3.03414e-15 1.3085e-15 5.62281e-16 2.40788e-16 1.02774e-16 4.37275e-17 1.85483e-17 7.84477e-18 3.30851e-18 1.39157e-18 5.83772e-19 2.44277e-19 1.01968e-19 4.24642e-20 1.76438e-20 7.31486e-21 3.02617e-21 1.24935e-21 5.1476e-22 2.11682e-22 8.68849e-23 3.55969e-23 1.45583e-23 5.94371e-24 2.42258e-24 9.85808e-25 4.00514e-25 1.6247e-25 6.58075e-26 2.6616e-26 1.07496e-26 4.33548e-27 1.7462e-27 7.02388e-28 2.82163e-28 1.13208e-28 4.53648e-29 1.81569e-29 7.2586e-30 2.89846e-30 1.1561e-30 4.60625e-31 1.8333e-31 7.28897e-32 2.89503e-32 1.14869e-32 4.5533e-33 1.80315e-33 7.1339e-34 2.81982e-34 1.11358e-34 4.39378e-35 1.73211e-35 6.8225e-36 2.68502e-36 1.05583e-36 4.14851e-37 1.62872e-37 6.38944e-38 2.50466e-38 9.81093e-39 3.84019e-39 1.50204e-39 5.87086e-40 2.29308e-40 8.95036e-41
4.60248e-06 7.0341e-06 7.35585e-06 6.35692e-06 4.87109e-06 3.4289e-06 2.26402e-06 1.42125e-06 8.56211e-07 4.98385e-07 2.81738e-07 1.55292e-07 8.37232e-08 4.42637e-08 2.29969e-08 1.17618e-08 5.93074e-09 2.95207e-09 1.45212e-09 7.06558e-10 3.40352e-10 1.62429e-10 7.6848e-11 3.60655e-11 1.67984e-11 7.76895e-12 3.56911e-12 1.6294e-12 7.3947e-13 3.33713e-13 1.49801e-13 6.69059e-14 2.9739e-14 1.31584e-14 5.79677e-15 2.54308e-15 1.11123e-15 4.83723e-16 2.09799e-16 9.06751e-17 3.90583e-17 1.67701e-17 7.17811e-18 3.06327e-18 1.30349e-18 5.53127e-19 2.34087e-19 9.88108e-20 4.1605e-20 1.74757e-20 7.32335e-21 3.06196e-21 1.27743e-21 5.31799e-22 2.20935e-22 9.16031e-23 3.79064e-23 1.56565e-23 6.45476e-24 2.65639e-24 1.09131e-24 4.47582e-25 1.83267e-25 7.49204e-26 3.05801e-26 1.24629e-26 5.07171e-27 2.06093e-27 8.36297e-28 3.38891e-28 1.37144e-28 5.54274e-29 2.23726e-29 9.01911e-30 3.63145e-30 1.46042e-30 5.86634e-31 2.35375e-31 9.43335e-32 3.77656e-32 1.51029e-32 6.03351e-33 2.40786e-33 9.59966e-34 3.82341e-34 1.52134e-34 6.04767e-35 2.40186e-35 9.53035e-36 3.77818e-36 1.49649e-36 5.92232e-37 2.34176e-37 9.25191e-38 3.6523e-38 1.44063e-38 5.67805e-39 2.23619e-39 8.80015e-40 3.46056e-40 1.35983e-40
1.65658e-06 2.71079e-06 2.9856e-06 2.69579e-06 2.14725e-06 1.56542e-06 1.06748e-06 6.90515e-07 4.27866e-07 2.55764e-07 1.48281e-07 8.37232e-08 4.61906e-08 2.49671e-08 1.32508e-08 6.91796e-09 3.55834e-09 1.80562e-09 9.04931e-10 4.48378e-10 2.19833e-10 1.06732e-10 5.13506e-11 2.44968e-11 1.15938e-11 5.44633e-12 2.54062e-12 1.17735e-12 5.42203e-13 2.4823e-13 1.1301e-13 5.11765e-14 2.30584e-14 1.03395e-14 4.61501e-15 2.05089e-15 9.07596e-16 4.00036e-16 1.75645e-16 7.68367e-17 3.34938e-17 1.45506e-17 6.30047e-18 2.71954e-18 1.1703e-18 5.02144e-19 2.14847e-19 9.16731e-20 3.90129e-20 1.65602e-20 7.0121e-21 2.96204e-21 1.24832e-21 5.24912e-22 2.20241e-22 9.22129e-23 3.85294e-23 1.60667e-23 6.68676e-24 2.77771e-24 1.15176e-24 4.76716e-25 1.96971e-25 8.12476e-26 3.34581e-26 1.3756e-26 5.64683e-27 2.31447e-27 9.47218e-28 3.87094e-28 1.57966e-28 6.43737e-29 2.61977e-29 1.06474e-29 4.32174e-30 1.75196e-30 7.09332e-31 2.86846e-31 1.1586e-31 4.67424e-32 1.88363e-32 7.58222e-33 3.04875e-33 1.22457e-33 4.91348e-34 1.96947e-34 7.88626e-35 3.15474e-35 1.26077e-35 5.03378e-36 2.00792e-36 8.00208e-37 3.18616e-37 1.2675e-37 5.03796e-38 2.00074e-38 7.93893e-39 3.14758e-39 1.24693e-39 4.93584e-40 1.95228e-40
5.96256e-07 1.04013e-06 1.20323e-06 1.13271e-06 9.36161e-07 7.05731e-07 4.96313e-07 3.304e-07 2.10323e-07 1.28969e-07 7.66036e-08 4.42637e-08 2.49671e-08 1.37853e-08 7.46765e-09 3.97652e-09 2.08486e-09 1.07771e-09 5.49919e-10 2.77278e-10 1.38276e-10 6.82563e-11 3.33741e-11 1.61742e-11 7.77369e-12 3.70722e-12 1.75503e-12 8.25127e-13 3.85408e-13 1.78911e-13 8.25671e-14 3.78931e-14 1.72988e-14 7.85742e-15 3.55185e-15 1.59821e-15 7.15987e-16 3.1941e-16 1.41919e-16 6.28132e-17 2.7698e-17 1.21701e-17 5.32899e-18 2.32573e-18 1.01178e-18 4.3881e-19 1.89748e-19 8.18144e-20 3.51786e-20 1.50855e-20 6.4523e-21 2.75281e-21 1.1716e-21 4.97456e-22 2.10734e-22 8.90732e-23 3.75682e-23 1.58119e-23 6.64137e-24 2.78401e-24 1.16478e-24 4.8641e-25 2.02752e-25 8.43631e-26 3.50417e-26 1.45306e-26 6.01538e-27 2.48624e-27 1.02598e-27 4.22736e-28 1.7392e-28 7.14482e-29 2.93098e-29 1.20068e-29 4.91187e-30 2.00672e-30 8.18761e-31 3.33636e-31 1.35782e-31 5.51927e-32 2.24078e-32 9.08666e-33 3.68052e-33 1.4891e-33 6.01808e-34 2.42952e-34 9.79761e-35 3.947e-35 1.58843e-35 6.38609e-36 2.56491e-36 1.02918e-36 4.12567e-37 1.65232e-37 6.61144e-38 2.64306e-38 1.05568e-38 4.21291e-39 1.67981e-39 6.69229e-40 2.66397e-40
2.14611e-07 3.97564e-07 4.81878e-07 4.72057e-07 4.04172e-07 3.14617e-07 2.27899e-07 1.55954e-07 1.01881e-07 6.40225e-08 3.89235e-08 2.29969e-08 1.32508e-08 7.46765e-09 4.12592e-09 2.23931e-09 1.1959e-09 6.29332e-10 3.26745e-10 1.67552e-10 8.49394e-11 4.26039e-11 2.11588e-11 1.04117e-11 5.07914e-12 2.45773e-12 1.18021e-12 5.62675e-13 2.6644e-13 1.25355e-13 5.86178e-14 2.72519e-14 1.25998e-14 5.79491e-15 2.65185e-15 1.20772e-15 5.47511e-16 2.47121e-16 1.1107e-16 4.972e-17 2.21706e-17 9.8492e-18 4.35978e-18 1.9232e-18 8.45545e-19 3.70553e-19 1.61888e-19 7.05137e-20 3.06248e-20 1.32633e-20 5.72863e-21 2.46778e-21 1.06036e-21 4.54491e-22 1.94336e-22 8.29031e-23 3.52861e-23 1.49859e-23 6.35084e-24 2.68582e-24 1.13356e-24 4.77479e-25 2.00739e-25 8.4236e-26 3.52835e-26 1.47528e-26 6.1578e-27 2.56591e-27 1.06744e-27 4.43346e-28 1.83848e-28 7.61219e-29 3.14708e-29 1.29917e-29 5.35555e-30 2.20461e-30 9.06279e-31 3.72056e-31 1.5254e-31 6.24597e-32 2.55427e-32 1.04327e-32 4.25602e-33 1.73418e-33 7.05795e-34 2.86925e-34 1.16512e-34 4.72605e-35 1.91495e-35 7.75101e-36 3.13407e-36 1.26595e-36 5.10848e-37 2.05939e-37 8.2941e-38 3.33724e-38 1.34153e-38 5.3879e-39 2.16195e-39 8.66742e-40 3.47181e-40
7.72455e-08 1.51443e-07 1.91909e-07 1.95296e-07 1.72971e-07 1.38857e-07 1.03484e-07 7.27188e-08 4.87052e-08 3.13378e-08 1.9485e-08 1.17618e-08 6.91796e-09 3.97652e-09 2.23931e-09 1.23795e-09 6.73003e-10 3.60332e-10 1.90246e-10 9.91603e-11 5.10732e-11 2.60168e-11 1.31176e-11 6.55066e-12 3.24202e-12 1.59105e-12 7.74649e-13 3.74348e-13 1.79628e-13 8.56178e-14 4.05503e-14 1.90899e-14 8.9355e-15 4.15965e-15 1.92631e-15 8.87623e-16 4.07059e-16 1.85823e-16 8.44576e-17 3.82252e-17 1.72308e-17 7.73697e-18 3.46108e-18 1.54272e-18 6.85256e-19 3.03362e-19 1.33864e-19 5.88855e-20 2.58248e-20 1.12926e-20 4.92405e-21 2.1412e-21 9.28616e-22 4.01692e-22 1.73326e-22 7.46065e-23 3.20379e-23 1.37263e-23 5.8678e-24 2.50296e-24 1.0654e-24 4.52564e-25 1.91857e-25 8.11756e-26 3.42806e-26 1.44499e-26 6.07988e-27 2.55363e-27 1.07071e-27 4.48185e-28 1.87295e-28 7.81447e-29 3.25529e-29 1.35399e-29 5.62323e-30 2.33196e-30 9.65676e-31 3.9933e-31 1.64905e-31 6.80066e-32 2.80088e-32 1.15207e-32 4.7327e-33 1.94179e-33 7.95729e-34 3.25695e-34 1.33152e-34 5.43732e-35 2.21786e-35 9.03652e-36 3.67788e-36 1.49531e-36 6.07309e-37 2.46401e-37 9.98703e-38 4.04389e-38 1.63583e-38 6.61093e-39 2.66918e-39 1.07669e-39 4.33917e-40
2.78031e-08 5.75132e-08 7.60454e-08 8.0266e-08 7.34426e-08 6.07318e-08 4.65177e-08 3.35352e-08 2.30083e-08 1.51453e-08 9.62349e-09 5.93074e-09 3.55834e-09 2.08486e-09 1.1959e-09 6.73003e-10 3.72239e-10 2.02661e-10 1.08752e-10 5.75868e-11 3.01203e-11 1.55753e-11 7.96879e-12 4.03678e-12 2.02599e-12 1.00797e-12 4.97377e-13 2.43532e-13 1.18371e-13 5.71369e-14 2.73987e-14 1.30565e-14 6.18492e-15 2.91325e-15 1.3648e-15 6.36081e-16 2.94988e-16 1.36155e-16 6.2559e-17 2.86186e-17 1.30372e-17 5.91514e-18 2.67337e-18 1.20372e-18 5.40042e-19 2.41443e-19 1.07582e-19 4.7781e-20 2.11546e-20 9.33752e-21 4.10941e-21 1.80338e-21 7.89212e-22 3.44457e-22 1.49949e-22 6.51111e-23 2.82032e-23 1.21872e-23 5.25416e-24 2.26006e-24 9.70024e-25 4.15446e-25 1.77558e-25 7.57329e-26 3.2238e-26 1.36966e-26 5.80817e-27 2.45848e-27 1.03876e-27 4.38128e-28 1.84477e-28 7.7546e-29 3.25435e-29 1.36356e-29 5.70437e-30 2.38273e-30 9.93784e-31 4.13878e-31 1.72119e-31 7.14788e-32 2.96433e-32 1.2277e-32 5.07786e-33 2.09753e-33 8.65335e-34 3.56549e-34 1.46732e-34 6.03126e-35 2.47617e-35 1.01544e-35 4.15942e-36 1.70188e-36 6.95588e-37 2.83993e-37 1.15826e-37 4.71906e-38 1.92071e-38 7.8097e-39 3.17234e-39 1.28737e-39 5.21935e-40
1.00072e-08 2.17822e-08 2.99972e-08 3.2793e-08 3.09607e-08 2.63448e-08 2.07196e-08 1.53108e-08 1.0752e-08 7.23533e-09 4.69496e-09 2.95207e-09 1.80562e-09 1.07771e-09 6.29332e-10 3.60332e-10 2.02661e-10 1.12142e-10 6.11336e-11 3.28718e-11 1.74521e-11 9.1569e-12 4.75204e-12 2.44093e-12 1.24181e-12 6.26093e-13 3.12991e-13 1.55218e-13 7.63949e-14 3.73309e-14 1.81182e-14 8.73681e-15 4.18712e-15 1.99493e-15 9.45159e-16 4.45406e-16 2.08825e-16 9.74259e-17 4.52399e-17 2.09124e-17 9.62499e-18 4.41144e-18 2.01379e-18 9.15718e-19 4.14845e-19 1.87259e-19 8.42337e-20 3.77629e-20 1.68745e-20 7.51667e-21 3.33806e-21 1.47801e-21 6.52552e-22 2.87306e-22 1.26154e-22 5.5248e-23 2.41338e-23 1.05162e-23 4.57137e-24 1.98251e-24 8.57815e-25 3.70345e-25 1.59544e-25 6.85862e-26 2.9424e-26 1.25978e-26 5.38316e-27 2.29589e-27 9.77361e-28 4.15306e-28 1.76161e-28 7.45925e-29 3.15314e-29 1.33067e-29 5.60648e-30 2.35842e-30 9.90546e-31 4.15401e-31 1.73945e-31 7.27317e-32 3.03678e-32 1.26618e-32 5.27203e-33 2.19218e-33 9.10337e-34 3.77542e-34 1.56378e-34 6.46913e-35 2.67291e-35 1.10306e-35 4.5468e-36 1.87201e-36 7.69868e-37 3.16257e-37 1.29774e-37 5.31943e-38 2.17813e-38 8.90944e-39 3.64059e-39 1.48613e-39 6.06054e-40
3.60192e-09 8.22929e-09 1.17842e-08 1.33252e-08 1.29669e-08 1.13426e-08 9.15182e-09 6.92644e-09 4.97495e-09 3.4201e-09 2.26492e-09 1.45212e-09 9.04931e-10 5.49919e-10 3.26745e-10 1.90246e-10 1.08752e-10 6.11336e-11 3.38411e-11 1.84698e-11 9.94928e-12 5.29473e-12 2.78599e-12 1.45052e-12 7.47762e-13 3.81912e-13 1.93356e-13 9.70875e-14 4.83698e-14 2.39205e-14 1.17467e-14 5.73007e-15 2.77744e-15 1.33812e-15 6.40967e-16 3.05333e-16 1.44681e-16 6.82101e-17 3.20017e-17 1.4944e-17 6.94727e-18 3.21576e-18 1.48234e-18 6.8057e-19 3.11256e-19 1.41822e-19 6.43878e-20 2.91307e-20 1.31352e-20 5.90342e-21 2.64485e-21 1.18132e-21 5.26073e-22 2.33601e-22 1.0344e-22 4.56799e-23 2.01194e-23 8.83878e-24 3.87334e-24 1.69327e-24 7.38483e-25 3.21334e-25 1.39508e-25 6.04355e-26 2.61253e-26 1.12701e-26 4.85193e-27 2.08469e-27 8.93987e-28 3.82649e-28 1.63482e-28 6.972e-29 2.96811e-29 1.2614e-29 5.35177e-30 2.26686e-30 9.58631e-31 4.04756e-31 1.70633e-31 7.18249e-32 3.01886e-32 1.26701e-32 5.31003e-33 2.22232e-33 9.28802e-34 3.87664e-34 1.6159e-34 6.72688e-35 2.7968e-35 1.16136e-35 4.81661e-36 1.99524e-36 8.25533e-37 3.41171e-37 1.40836e-37 5.80726e-38 2.39194e-38 9.84145e-39 4.04489e-39 1.66074e-39 6.81158e-40
1.29645e-09 3.10207e-09 4.61196e-09 5.38781e-09 5.39839e-09 4.85006e-09 4.0114e-09 3.10718e-09 2.28107e-09 1.60101e-09 1.0814e-09 7.06558e-10 4.48378e-10 2.77278e-10 1.67552e-10 9.91603e-11 5.75868e-11 3.28718e-11 1.84698e-11 1.02277e-11 5.58787e-12 3.015e-12 1.60794e-12 8.4826e-13 4.42956e-13 2.29105e-13 1.17433e-13 5.96832e-14 3.00898e-14 1.50549e-14 7.4781e-15 3.68909e-15 1.80802e-15 8.80598e-16 4.26346e-16 2.05245e-16 9.82681e-17 4.68041e-17 2.21808e-17 1.04612e-17 4.91103e-18 2.29526e-18 1.06814e-18 4.95027e-19 2.28507e-19 1.05075e-19 4.81375e-20 2.19739e-20 9.9959e-21 4.53184e-21 2.04792e-21 9.22525e-22 4.14299e-22 1.85506e-22 8.28228e-23 3.68744e-23 1.63726e-23 7.25035e-24 3.20245e-24 1.41097e-24 6.20146e-25 2.71918e-25 1.18953e-25 5.192e-26 2.26119e-26 9.82672e-27 4.26157e-27 1.84435e-27 7.96617e-28 3.43407e-28 1.47755e-28 6.34549e-29 2.72018e-29 1.16401e-29 4.97234e-30 2.12043e-30 9.0274e-31 3.837e-31 1.62827e-31 6.89892e-32 2.91856e-32 1.23283e-32 5.19994e-33 2.19011e-33 9.21119e-34 3.86868e-34 1.62262e-34 6.79658e-35 2.84311e-35 1.18778e-35 4.95596e-36 2.06529e-36 8.59611e-37 3.57357e-37 1.48385e-37 6.15426e-38 2.54957e-38 1.05504e-38 4.3611e-39 1.80074e-39 7.42754e-40
4.66633e-10 1.16695e-09 1.79878e-09 2.16857e-09 2.23513e-09 2.06077e-09 1.74587e-09 1.38309e-09 1.03715e-09 7.42757e-10 5.11427e-10 3.40352e-10 2.19833e-10 1.38276e-10 8.49394e-11 5.10732e-11 3.01203e-11 1.74521e-11 9.94928e-12 5.58787e-12 3.09527e-12 1.69269e-12 9.14663e-13 4.88757e-13 2.5845e-13 1.35328e-13 7.02064e-14 3.6105e-14 1.84148e-14 9.31885e-15 4.68089e-15 2.33466e-15 1.15663e-15 5.6935e-16 2.78548e-16 1.3548e-16 6.5526e-17 3.15222e-17 1.50862e-17 7.18441e-18 3.40513e-18 1.60652e-18 7.54607e-19 3.52946e-19 1.64405e-19 7.62779e-20 3.5255e-20 1.62344e-20 7.44897e-21 3.40605e-21 1.5522e-21 7.0507e-22 3.19261e-22 1.44122e-22 6.48666e-23 2.91112e-23 1.3028e-23 5.8145e-24 2.58818e-24 1.14909e-24 5.08886e-25 2.24814e-25 9.90808e-26 4.35658e-26 1.91124e-26 8.36613e-27 3.65423e-27 1.59276e-27 6.92805e-28 3.00745e-28 1.30296e-28 5.63418e-29 2.43172e-29 1.04761e-29 4.50509e-30 1.93395e-30 8.28777e-31 3.54567e-31 1.51441e-31 6.45779e-32 2.7494e-32 1.16873e-32 4.96059e-33 2.10234e-33 8.89686e-34 3.75964e-34 1.58652e-34 6.68562e-35 2.81352e-35 1.18244e-35 4.96295e-36 2.08038e-36 8.70959e-37 3.64178e-37 1.5209e-37 6.34407e-38 2.64316e-38 1.09996e-38 4.5723e-39 1.89849e-39 7.87412e-40
1.67956e-10 4.38172e-10 6.99356e-10 8.6918e-10 9.2074e-10 8.70504e-10 7.54886e-10 6.11247e-10 4.67921e-10 3.41734e-10 2.39742e-10 1.62429e-10 1.06732e-10 6.82563e-11 4.26039e-11 2.60168e-11 1.55753e-11 9.1569e-12 5.29473e-12 3.015e-12 1.69269e-12 9.37887e-13 5.13334e-13 2.77761e-13 1.48689e-13 7.87959e-14 4.13619e-14 2.15179e-14 1.10998e-14 5.67984e-15 2.88432e-15 1.45411e-15 7.2803e-16 3.62108e-16 1.78976e-16 8.79296e-17 4.2951e-17 2.08647e-17 1.00821e-17 4.84706e-18 2.31889e-18 1.10417e-18 5.23387e-19 2.47008e-19 1.16083e-19 5.43318e-20 2.53298e-20 1.17641e-20 5.44359e-21 2.50995e-21 1.15331e-21 5.28167e-22 2.41095e-22 1.09708e-22 4.97688e-23 2.25106e-23 1.01523e-23 4.56584e-24 2.04782e-24 9.16026e-25 4.08695e-25 1.81885e-25 8.07469e-26 3.57615e-26 1.58012e-26 6.96587e-27 3.06404e-27 1.34484e-27 5.89015e-28 2.57444e-28 1.12294e-28 4.8885e-29 2.12399e-29 9.211e-30 3.9871e-30 1.72274e-30 7.43043e-31 3.19928e-31 1.37516e-31 5.90104e-32 2.52811e-32 1.08135e-32 4.61804e-33 1.96915e-33 8.3839e-34 3.56426e-34 1.51308e-34 6.4141e-35 2.7152e-35 1.14781e-35 4.84567e-36 2.04297e-36 8.60209e-37 3.61735e-37 1.51926e-37 6.37289e-38 2.67001e-38 1.11731e-38 4.67004e-39 1.9497e-39 8.13057e-40
6.04528e-11 1.64244e-10 2.71113e-10 3.47024e-10 3.77509e-10 3.65726e-10 3.24425e-10 2.6834e-10 2.09589e-10 1.56017e-10 1.11465e-10 7.6848e-11 5.13506e-11 3.33741e-11 2.11588e-11 1.31176e-11 7.96879e-12 4.75204e-12 2.78599e-12 1.60794e-12 9.14663e-13 5.13334e-13 2.84502e-13 1.55838e-13 8.44272e-14 4.52691e-14 2.40377e-14 1.2647e-14 6.59644e-15 3.41232e-15 1.75143e-15 8.92284e-16 4.51374e-16 2.26795e-16 1.13221e-16 5.61748e-17 2.77069e-17 1.35885e-17 6.62823e-18 3.21628e-18 1.55285e-18 7.46118e-19 3.56832e-19 1.69891e-19 8.05374e-20 3.80197e-20 1.78758e-20 8.37196e-21 3.90613e-21 1.81584e-21 8.41139e-22 3.88298e-22 1.78655e-22 8.19335e-23 3.74578e-23 1.70725e-23 7.75828e-24 3.51544e-24 1.58846e-24 7.15789e-25 3.21691e-25 1.44201e-25 6.44763e-26 2.87583e-26 1.27963e-26 5.68049e-27 2.51591e-27 1.11182e-27 4.90264e-28 2.15724e-28 9.47245e-29 4.15091e-29 1.81535e-29 7.92374e-30 3.45203e-30 1.5011e-30 6.51554e-31 2.82304e-31 1.22102e-31 5.27209e-32 2.27256e-32 9.77981e-33 4.2019e-33 1.80249e-33 7.72014e-34 3.30153e-34 1.4098e-34 6.0112e-35 2.55941e-35 1.08819e-35 4.62025e-36 1.959e-36 8.29508e-37 3.5078e-37 1.48145e-37 6.24867e-38 2.63235e-38 1.10756e-38 4.65441e-39 1.95365e-39 8.19066e-40
2.17589e-11 6.14678e-11 1.04816e-10 1.38053e-10 1.54106e-10 1.52879e-10 1.3864e-10 1.17073e-10 9.32484e-11 7.07173e-11 5.14287e-11 3.60655e-11 2.44968e-11 1.61742e-11 1.04117e-11 6.55066e-12 4.03678e-12 2.44093e-12 1.45052e-12 8.4826e-13 4.88757e-13 2.77761e-13 1.55838e-13 8.63892e-14 4.73541e-14 2.56839e-14 1.37923e-14 7.33712e-15 3.86855e-15 2.02259e-15 1.04903e-15 5.39957e-16 2.75917e-16 1.40021e-16 7.05888e-17 3.53617e-17 1.76076e-17 8.71659e-18 4.29116e-18 2.10125e-18 1.02364e-18 4.96213e-19 2.39395e-19 1.14965e-19 5.49653e-20 2.61668e-20 1.24055e-20 5.85785e-21 2.75537e-21 1.29119e-21 6.02872e-22 2.80496e-22 1.3006e-22 6.01065e-23 2.76885e-23 1.2715e-23 5.8212e-24 2.65719e-24 1.20944e-24 5.48941e-25 2.48475e-25 1.12172e-25 5.05083e-26 2.26852e-26 1.01637e-26 4.54272e-27 2.02564e-27 9.01181e-28 4.00028e-28 1.77181e-28 7.83102e-29 3.45391e-29 1.52025e-29 6.6781e-30 2.92779e-30 1.28114e-30 5.59549e-31 2.4394e-31 1.06157e-31 4.61154e-32 1.99984e-32 8.65784e-33 3.74199e-33 1.61469e-33 6.95639e-34 2.99225e-34 1.28512e-34 5.51107e-35 2.35985e-35 1.00902e-35 4.30823e-36 1.83691e-36 7.82125e-37 3.32566e-37 1.41222e-37 5.98904e-38 2.53661e-38 1.07301e-38 4.53325e-39 1.91287e-39 8.06196e-40
7.83172e-12 2.29705e-11 4.04218e-11 5.47361e-11 6.26532e-11 6.36058e-11 5.89349e-11 5.07818e-11 4.12273e-11 3.18386e-11 2.35593e-11 1.67984e-11 1.15938e-11 7.77369e-12 5.07914e-12 3.24202e-12 2.02599e-12 1.24181e-12 7.47762e-13 4.42956e-13 2.5845e-13 1.48689e-13 8.44272e-14 4.73541e-14 2.62565e-14 1.44019e-14 7.8195e-15 4.20495e-15 2.24073e-15 1.18378e-15 6.20293e-16 3.22507e-16 1.6644e-16 8.52904e-17 4.34116e-17 2.19535e-17 1.10334e-17 5.51236e-18 2.73836e-18 1.3529e-18 6.64893e-19 3.25116e-19 1.58199e-19 7.6617e-20 3.6938e-20 1.77303e-20 8.47456e-21 4.03401e-21 1.91265e-21 9.03364e-22 4.25083e-22 1.99304e-22 9.31192e-23 4.33596e-23 2.01232e-23 9.3093e-24 4.29321e-24 1.97393e-24 9.04893e-25 4.13634e-25 1.88548e-25 8.5712e-26 3.88605e-26 1.75732e-26 7.92676e-27 3.56673e-27 1.60103e-27 7.16982e-28 3.20347e-28 1.4281e-28 6.3525e-29 2.81968e-29 1.24895e-29 5.52078e-30 2.43548e-30 1.0723e-30 4.71206e-31 2.06675e-31 9.04826e-32 3.95419e-32 1.72496e-32 7.51188e-33 3.26571e-33 1.41737e-33 6.14151e-34 2.65687e-34 1.14757e-34 4.949e-35 2.13106e-35 9.16273e-36 3.93385e-36 1.6865e-36 7.22002e-37 3.08666e-37 1.31779e-37 5.61846e-38 2.39231e-38 1.01731e-38 4.3205e-39 1.83261e-39 7.76369e-40
2.81889e-12 8.57239e-12 1.55521e-11 2.16343e-11 2.53754e-11 2.63471e-11 2.49292e-11 2.19078e-11 1.81205e-11 1.42442e-11 1.07202e-11 7.76895e-12 5.44633e-12 3.70722e-12 2.45773e-12 1.59105e-12 1.00797e-12 6.26093e-13 3.81912e-13 2.29105e-13 1.35328e-13 7.87959e-14 4.52691e-14 2.56839e-14 1.44019e-14 7.98701e-15 4.38359e-15 2.38238e-15 1.28278e-15 6.84653e-16 3.6237e-16 1.90274e-16 9.91541e-17 5.12981e-17 2.63567e-17 1.34527e-17 6.82303e-18 3.43962e-18 1.7239e-18 8.59179e-19 4.25909e-19 2.10039e-19 1.03066e-19 5.03313e-20 2.44649e-20 1.18386e-20 5.70394e-21 2.7367e-21 1.30773e-21 6.22442e-22 2.95139e-22 1.39428e-22 6.56323e-23 3.07875e-23 1.43934e-23 6.70701e-24 3.11535e-24 1.44257e-24 6.65973e-25 3.06548e-25 1.40701e-25 6.43995e-26 2.9396e-26 1.33826e-26 6.07675e-27 2.75236e-27 1.24356e-27 5.60515e-28 2.52049e-28 1.1308e-28 5.06186e-29 2.2609e-29 1.00768e-29 4.48176e-30 1.98922e-30 8.81139e-31 3.89538e-31 1.71877e-31 7.56945e-32 3.32741e-32 1.46003e-32 6.39502e-33 2.79618e-33 1.22052e-33 5.3186e-34 2.31384e-34 1.005e-34 4.35824e-35 1.88703e-35 8.15797e-36 3.52154e-36 1.5179e-36 6.53315e-37 2.80791e-37 1.20513e-37 5.16523e-38 2.21083e-38 9.45025e-39 4.03424e-39 1.71997e-39 7.32369e-40
1.01461e-12 3.19511e-12 5.97055e-12 8.52594e-12 1.02408e-11 1.08686e-11 1.04962e-11 9.40315e-12 7.92047e-12 6.33498e-12 4.84734e-12 3.56911e-12 2.54062e-12 1.75503e-12 1.18021e-12 7.74649e-13 4.97377e-13 3.12991e-13 1.93356e-13 1.17433e-13 7.02064e-14 4.13619e-14 2.40377e-14 1.37923e-14 7.8195e-15 4.38359e-15 2.43149e-15 1.33525e-15 7.26329e-16 3.91561e-16 2.09293e-16 1.10965e-16 5.83783e-17 3.04868e-17 1.58091e-17 8.14276e-18 4.16705e-18 2.11931e-18 1.07146e-18 5.3861e-19 2.69269e-19 1.33905e-19 6.62514e-20 3.26179e-20 1.59829e-20 7.79588e-21 3.78573e-21 1.83051e-21 8.81444e-22 4.22739e-22 2.01957e-22 9.61181e-23 4.55787e-23 2.15364e-23 1.01411e-23 4.75928e-24 2.22628e-24 1.0381e-24 4.82567e-25 2.23651e-25 1.0335e-25 4.76226e-26 2.1883e-26 1.00282e-26 4.58342e-27 2.08947e-27 9.50136e-28 4.3099e-28 1.95032e-28 8.80484e-29 3.96589e-29 1.78232e-29 7.99235e-30 3.57628e-30 1.59689e-30 7.11578e-31 3.16443e-31 1.40447e-31 6.22138e-32 2.75067e-32 1.2139e-32 5.34734e-33 2.35134e-33 1.03213e-33 4.52277e-34 1.97853e-34 8.64097e-35 3.7677e-35 1.6402e-35 7.12915e-36 3.09393e-36 1.34068e-36 5.80091e-37 2.50629e-37 1.0813e-37 4.6585e-38 2.00421e-38 8.61092e-39 3.69464e-39 1.58315e-39 6.77497e-40
3.6519e-13 1.18948e-12 2.28745e-12 3.3508e-12 4.1191e-12 4.46613e-12 4.40006e-12 4.01664e-12 3.44406e-12 2.80172e-12 2.17881e-12 1.6294e-12 1.17735e-12 8.25127e-13 5.62675e-13 3.74348e-13 2.43532e-13 1.55218e-13 9.70875e-14 5.96832e-14 3.6105e-14 2.15179e-14 1.2647e-14 7.33712e-15 4.20495e-15 2.38238e-15 1.33525e-15 7.4076e-16 4.06999e-16 2.21578e-16 1.19586e-16 6.4008e-17 3.39907e-17 1.79149e-17 9.37444e-18 4.87175e-18 2.51514e-18 1.2903e-18 6.57937e-19 3.33538e-19 1.68139e-19 8.43036e-20 4.20497e-20 2.08689e-20 1.0307e-20 5.06681e-21 2.47954e-21 1.20811e-21 5.86145e-22 2.83218e-22 1.36305e-22 6.5347e-23 3.12117e-23 1.48536e-23 7.0439e-24 3.32895e-24 1.56803e-24 7.36195e-25 3.44558e-25 1.60767e-25 7.47881e-26 3.46898e-26 1.60449e-26 7.40064e-27 3.40429e-27 1.56185e-27 7.14713e-28 3.26236e-28 1.48548e-28 6.7477e-29 3.05792e-29 1.38261e-29 6.23731e-30 2.80764e-30 1.26111e-30 5.65259e-31 2.52841e-31 1.12868e-31 5.02848e-32 2.23594e-32 9.92332e-33 4.39588e-33 1.94375e-33 8.57943e-34 3.78017e-34 1.66271e-34 7.30105e-35 3.20061e-35 1.40078e-35 6.12088e-36 2.67038e-36 1.16321e-36 5.05925e-37 2.19717e-37 9.52807e-38 4.1259e-38 1.78408e-38 7.70382e-39 3.32201e-39 1.43057e-39 6.15232e-40
1.31443e-13 4.42335e-13 8.74701e-13 1.31351e-12 1.65159e-12 1.82853e-12 1.83697e-12 1.70799e-12 1.49024e-12 1.23258e-12 9.73866e-13 7.3947e-13 5.42203e-13 3.85408e-13 2.6644e-13 1.79628e-13 1.18371e-13 7.63949e-14 4.83698e-14 3.00898e-14 1.84148e-14 1.10998e-14 6.59644e-15 3.86855e-15 2.24073e-15 1.28278e-15 7.26329e-16 4.06999e-16 2.25827e-16 1.24137e-16 6.76354e-17 3.6541e-17 1.95837e-17 1.04154e-17 5.49882e-18 2.88282e-18 1.50122e-18 7.76738e-19 3.99407e-19 2.04162e-19 1.03765e-19 5.24483e-20 2.63699e-20 1.31906e-20 6.56557e-21 3.25243e-21 1.60376e-21 7.87291e-22 3.84816e-22 1.87307e-22 9.08017e-23 4.38456e-23 2.10912e-23 1.0108e-23 4.82691e-24 2.29696e-24 1.08933e-24 5.14908e-25 2.42606e-25 1.13949e-25 5.33576e-26 2.49108e-26 1.15963e-26 5.38298e-27 2.49188e-27 1.15043e-27 5.2973e-28 2.43294e-28 1.1146e-28 5.09378e-29 2.32231e-29 1.05629e-29 4.79346e-30 2.17041e-30 9.80571e-31 4.42062e-31 1.98872e-31 8.92827e-32 4.00022e-32 1.78871e-32 7.98277e-33 3.55583e-33 1.58095e-33 7.01614e-34 3.10813e-34 1.37447e-34 6.06763e-35 2.67402e-35 1.17649e-35 5.16771e-36 2.26626e-36 9.92282e-37 4.33796e-37 1.89353e-37 8.25294e-38 3.59173e-38 1.56087e-38 6.77349e-39 2.93527e-39 1.27023e-39 5.48944e-40
4.73107e-14 1.64322e-13 3.33876e-13 5.13647e-13 6.60255e-13 7.4606e-13 7.63942e-13 7.23189e-13 6.41839e-13 5.39557e-13 4.32984e-13 3.33713e-13 2.4823e-13 1.78911e-13 1.25355e-13 8.56178e-14 5.71369e-14 3.73309e-14 2.39205e-14 1.50549e-14 9.31885e-15 5.67984e-15 3.41232e-15 2.02259e-15 1.18378e-15 6.84653e-16 3.91561e-16 2.21578e-16 1.24137e-16 6.88884e-17 3.78851e-17 2.06565e-17 1.11709e-17 5.99415e-18 3.19244e-18 1.68816e-18 8.86605e-19 4.6259e-19 2.39841e-19 1.23601e-19 6.33268e-20 3.22639e-20 1.63492e-20 8.24163e-21 4.13373e-21 2.06328e-21 1.02502e-21 5.06913e-22 2.49586e-22 1.22365e-22 5.97442e-23 2.90532e-23 1.40735e-23 6.7916e-24 3.26548e-24 1.56449e-24 7.46955e-25 3.55426e-25 1.6857e-25 7.9693e-26 3.75585e-26 1.76473e-26 8.26732e-27 3.86186e-27 1.7989e-27 8.35645e-28 3.87144e-28 1.7889e-28 8.24491e-29 3.79053e-29 1.73841e-29 7.9536e-30 3.63045e-30 1.65334e-30 7.5126e-31 3.40617e-31 1.54102e-31 6.95723e-32 3.1345e-32 1.40936e-32 6.32436e-33 2.83248e-33 1.26616e-33 5.64938e-34 2.51603e-34 1.11853e-34 4.9638e-35 2.19901e-35 9.72522e-36 4.29384e-36 1.89269e-36 8.32934e-37 3.65977e-37 1.60553e-37 7.03265e-38 3.07584e-38 1.34328e-38 5.8578e-39 2.55082e-39 1.10921e-39 4.81664e-40
1.70286e-14 6.09849e-14 1.27226e-13 2.00402e-13 2.63211e-13 3.0341e-13 3.16537e-13 3.04972e-13 2.75223e-13 2.35077e-13 1.9154e-13 1.49801e-13 1.1301e-13 8.25671e-14 5.86178e-14 4.05503e-14 2.73987e-14 1.81182e-14 1.17467e-14 7.4781e-15 4.68089e-15 2.88432e-15 1.75143e-15 1.04903e-15 6.20293e-16 3.6237e-16 2.09293e-16 1.19586e-16 6.76354e-17 3.78851e-17 2.10267e-17 1.15685e-17 6.31193e-18 3.4166e-18 1.83537e-18 9.78806e-19 5.18373e-19 2.72701e-19 1.42542e-19 7.40494e-20 3.82405e-20 1.96356e-20 1.00271e-20 5.09327e-21 2.57391e-21 1.29431e-21 6.47746e-22 3.2267e-22 1.60017e-22 7.90107e-23 3.88488e-23 1.90237e-23 9.27881e-24 4.50835e-24 2.18233e-24 1.05255e-24 5.05864e-25 2.42287e-25 1.15658e-25 5.50305e-26 2.61008e-26 1.23413e-26 5.8178e-27 2.73451e-27 1.2816e-27 5.98978e-28 2.79177e-28 1.29775e-28 6.0168e-29 2.78249e-29 1.28357e-29 5.90669e-30 2.71165e-30 1.24196e-30 5.67534e-31 2.58763e-31 1.17723e-31 5.34428e-32 2.42104e-32 1.09451e-32 4.93812e-33 2.22352e-33 9.99258e-34 4.48214e-34 2.00669e-34 8.96766e-35 4.00032e-35 1.78132e-35 7.91834e-36 3.51387e-36 1.55671e-36 6.88521e-37 3.04034e-37 1.3404e-37 5.90025e-38 2.5932e-38 1.13801e-38 4.98666e-39 2.18192e-39 9.53324e-40 4.15937e-40
6.12915e-15 2.26127e-14 4.84027e-14 7.80184e-14 1.04651e-13 1.23012e-13 1.307e-13 1.28115e-13 1.17526e-13 1.01961e-13 8.43287e-14 6.69059e-14 5.11765e-14 3.78931e-14 2.72519e-14 1.90899e-14 1.30565e-14 8.73681e-15 5.73007e-15 3.68909e-15 2.33466e-15 1.45411e-15 8.92284e-16 5.39957e-16 3.22507e-16 1.90274e-16 1.10965e-16 6.4008e-17 3.6541e-17 2.06565e-17 1.15685e-17 6.42145e-18 3.53436e-18 1.92963e-18 1.0454e-18 5.62182e-19 3.00188e-19 1.59205e-19 8.38856e-20 4.3923e-20 2.286e-20 1.18286e-20 6.08641e-21 3.11487e-21 1.58582e-21 8.03302e-22 4.04937e-22 2.03165e-22 1.01467e-22 5.04528e-23 2.49794e-23 1.23161e-23 6.04802e-24 2.95836e-24 1.44157e-24 6.99866e-25 3.38557e-25 1.63203e-25 7.84051e-26 3.75423e-26 1.79181e-26 8.52505e-27 4.04359e-27 1.91221e-27 9.01647e-28 4.23933e-28 1.98769e-28 9.29432e-29 4.33443e-29 2.01613e-29 9.35405e-30 4.32915e-30 1.99871e-30 9.20585e-31 4.23026e-31 1.93945e-31 8.872e-32 4.04962e-32 1.84449e-32 8.38349e-33 3.80259e-33 1.7213e-33 7.77633e-34 3.50629e-34 1.57795e-34 7.08803e-35 3.17805e-35 1.42237e-35 6.35468e-36 2.83413e-36 1.26184e-36 5.60866e-37 2.48884e-37 1.10263e-37 4.8772e-38 2.15392e-38 9.49774e-39 4.18168e-39 1.83837e-39 8.07009e-40 3.5375e-40
2.20608e-15 8.3774e-15 1.83869e-14 3.03112e-14 4.1504e-14 4.97268e-14 5.37893e-14 5.3624e-14 4.99874e-14 4.40363e-14 3.69589e-14 2.9739e-14 2.30584e-14 1.72988e-14 1.25998e-14 8.9355e-15 6.18492e-15 4.18712e-15 2.77744e-15 1.80802e-15 1.15663e-15 7.2803e-16 4.51374e-16 2.75917e-16 1.6644e-16 9.91541e-17 5.83783e-17 3.39907e-17 1.95837e-17 1.11709e-17 6.31193e-18 3.53436e-18 1.96209e-18 1.08033e-18 5.90179e-19 3.19996e-19 1.72257e-19 9.20889e-20 4.89053e-20 2.58069e-20 1.35347e-20 7.0566e-21 3.65821e-21 1.88606e-21 9.67246e-22 4.93507e-22 2.50551e-22 1.26596e-22 6.36683e-23 3.18768e-23 1.58903e-23 7.88778e-24 3.89936e-24 1.92e-24 9.41734e-25 4.60172e-25 2.24038e-25 1.08687e-25 5.25445e-26 2.53169e-26 1.21581e-26 5.82008e-27 2.77737e-27 1.32134e-27 6.26764e-28 2.96436e-28 1.39807e-28 6.57537e-29 3.08417e-29 1.4428e-29 6.73211e-30 3.13327e-30 1.45468e-30 6.73733e-31 3.11298e-31 1.43502e-31 6.60011e-32 3.02885e-32 1.38693e-32 6.33729e-33 2.88962e-33 1.31488e-33 5.97109e-34 2.70621e-34 1.22413e-34 5.52667e-35 2.49051e-35 1.12025e-35 5.02987e-36 2.25439e-36 1.00866e-36 4.50526e-37 2.00892e-37 8.94309e-38 3.97472e-38 1.76373e-38 7.81403e-39 3.45658e-39 1.52671e-39 6.73315e-40 2.9651e-40
