0.841065 0.0683031 0.00554692 0.000450467 3.65826e-05 2.97088e-06 2.41266e-07 1.95933e-08 1.59118e-09 1.2922e-10 1.0494e-11 8.52221e-13 6.92091e-14 5.62049e-15 4.56442e-16 3.70678e-17 3.01029e-18 2.44466e-19 1.98532e-20 1.61228e-21 1.30934e-22 1.06332e-23 8.63524e-25 7.01271e-26 5.69504e-27 4.62496e-28 3.75594e-29 3.05021e-30 2.47709e-31 2.01165e-32 1.63367e-33 1.32671e-34 1.07742e-35 8.74978e-37 7.10572e-38 5.77058e-39 4.6863e-40 3.80576e-41 3.09067e-42 2.50994e-43 2.03833e-44 1.65534e-45 1.3443e-46 1.09171e-47 8.86583e-49 7.19997e-50 5.84711e-51 4.74846e-52 3.85624e-53 3.13166e-54 2.54323e-55 2.06537e-56 1.67729e-57 1.36213e-58 1.10619e-59 8.98342e-61 7.29546e-62 5.92467e-63 4.81144e-64 3.90739e-65 3.1732e-66 2.57697e-67 2.09276e-68 1.69954e-69 1.3802e-70 1.12086e-71 9.10257e-73 7.39223e-74 6.00325e-75 4.87526e-76 3.95921e-77 3.21529e-78 2.61115e-79 2.12052e-80 1.72208e-81 1.39851e-82 1.13573e-83 9.22331e-85 7.49028e-86 6.08288e-87 4.93992e-88 4.01173e-89 3.25793e-90 2.64578e-91 2.14864e-92 1.74492e-93 1.41706e-94 1.1508e-95 9.34564e-97 7.58962e-98 6.16356e-99 5.00544e-100 4.06494e-101 3.30115e-102 2.68087e-103 2.17714e-104 1.76806e-105 1.43585e-106 1.16606e-107 9.4696e-109 7.69029e-110
0.0683031 0.00816224 0.000875249 8.83276e-05 8.57386e-06 8.1004e-07 7.50217e-08 6.84276e-09 6.16629e-10 5.50244e-11 4.87037e-12 4.28155e-13 3.74206e-14 3.25415e-15 2.81748e-16 2.43001e-17 2.08868e-18 1.78983e-19 1.52955e-20 1.30388e-21 1.10902e-22 9.41355e-24 7.97541e-25 6.74537e-26 5.696e-27 4.80283e-28 4.04421e-29 3.40111e-30 2.8569e-31 2.39712e-32 2.00926e-33 1.68253e-34 1.40764e-35 1.17665e-36 9.82769e-38 8.20206e-39 6.84035e-40 5.70079e-41 4.74797e-42 3.95195e-43 3.28744e-44 2.73312e-45 2.27105e-46 1.88613e-47 1.56568e-48 1.29906e-49 1.07736e-50 8.93108e-52 7.40061e-53 6.12997e-54 5.07555e-55 4.20095e-56 3.47583e-57 2.87489e-58 2.37706e-59 1.96482e-60 1.62357e-61 1.34119e-62 1.10761e-63 9.14452e-65 7.5478e-66 6.22826e-67 5.13812e-68 4.23776e-69 3.49434e-70 2.88069e-71 2.37427e-72 1.95645e-73 1.61183e-74 1.32764e-75 1.09334e-76 9.00215e-78 7.41065e-79 6.09941e-80 5.01929e-81 4.12973e-82 3.39725e-83 2.79423e-84 2.29789e-85 1.88941e-86 1.55331e-87 1.27681e-88 1.04938e-89 8.62332e-91 7.0853e-92 5.8208e-93 4.78135e-94 3.92701e-95 3.22492e-96 2.64803e-97 2.17407e-98 1.78474e-99 1.46496e-100 1.20234e-101 9.86685e-103 8.09626e-104 6.6427e-105 5.44953e-106 4.47023e-107 3.66655e-108 3.00706e-109
0.00554692 0.000875249 0.000113708 1.33567e-05 1.47311e-06 1.55531e-07 1.58998e-08 1.58543e-09 1.54979e-10 1.49052e-11 1.41418e-12 1.32641e-13 1.23184e-14 1.13422e-15 1.03648e-16 9.40868e-18 8.49005e-19 7.6203e-20 6.80675e-21 6.05354e-22 5.36226e-23 4.73263e-24 4.16295e-25 3.65055e-26 3.19208e-27 2.7838e-28 2.42176e-29 2.10196e-30 1.82047e-31 1.5735e-32 1.35746e-33 1.169e-34 1.00502e-35 8.62672e-37 7.39376e-38 6.32804e-39 5.40864e-40 4.61691e-41 3.93628e-42 3.35211e-43 2.85149e-44 2.42307e-45 2.05695e-46 1.74447e-47 1.4781e-48 1.25129e-49 1.05839e-50 8.94499e-52 7.55396e-53 6.37446e-54 5.37524e-55 4.5295e-56 3.81426e-57 3.20989e-58 2.6996e-59 2.26906e-60 1.90608e-61 1.60026e-62 1.34278e-63 1.12613e-64 9.43954e-66 7.9086e-67 6.62277e-68 5.54343e-69 4.6379e-70 3.8786e-71 3.24223e-72 2.70915e-73 2.26281e-74 1.88927e-75 1.5768e-76 1.31552e-77 1.09714e-78 9.14696e-80 7.6233e-81 6.35133e-82 5.28988e-83 4.40443e-84 3.66607e-85 3.05057e-86 2.53767e-87 2.1104e-88 1.75457e-89 1.45835e-90 1.21181e-91 1.00669e-92 8.36077e-94 6.94207e-95 5.76269e-96 4.78254e-97 3.96817e-98 3.29172e-99 2.72998e-100 2.26361e-101 1.8765e-102 1.55527e-103 1.28877e-104 1.06771e-105 8.84401e-107 7.32419e-108 6.0644e-109
0.000450467 8.83276e-05 1.33567e-05 1.77306e-06 2.17067e-07 2.51241e-08 2.78945e-09 2.99866e-10 3.14119e-11 3.22123e-12 3.24491e-13 3.21945e-14 3.15258e-15 3.05195e-16 2.92489e-17 2.77812e-18 2.61765e-19 2.44872e-20 2.27578e-21 2.10253e-22 1.93194e-23 1.76636e-24 1.60759e-25 1.45688e-26 1.31513e-27 1.18283e-28 1.06022e-29 9.47296e-31 8.43877e-32 7.49646e-33 6.64184e-34 5.87006e-35 5.17581e-36 4.55356e-37 3.99772e-38 3.50275e-39 3.06326e-40 2.6741e-41 2.33039e-42 2.02754e-43 1.7613e-44 1.52774e-45 1.32327e-46 1.14461e-47 9.8877e-49 8.53081e-50 7.35127e-51 6.3275e-52 5.44026e-53 4.67242e-54 4.00883e-55 3.43607e-56 2.94232e-57 2.51719e-58 2.15157e-59 1.83747e-60 1.56792e-61 1.33683e-62 1.13891e-63 9.69566e-65 8.24794e-66 7.01141e-67 5.95617e-68 5.05636e-69 4.28971e-70 3.63701e-71 3.08174e-72 2.60969e-73 2.20867e-74 1.86823e-75 1.57939e-76 1.3345e-77 1.127e-78 9.51281e-80 8.02565e-81 6.76773e-82 5.70431e-83 4.80579e-84 4.047e-85 3.40653e-86 2.86621e-87 2.41059e-88 2.02658e-89 1.70307e-90 1.43065e-91 1.20135e-92 1.00843e-93 8.46181e-95 7.09788e-96 5.95174e-97 4.98898e-98 4.18057e-99 3.50202e-100 2.93268e-101 2.45513e-102 2.05471e-103 1.71909e-104 1.43787e-105 1.2023e-106 1.00505e-107 8.39922e-109
3.65826e-05 8.57386e-06 1.47311e-06 2.17067e-07 2.9076e-08 3.645e-09 4.34972e-10 4.99535e-11 5.56251e-12 6.03842e-13 6.41623e-14 6.69413e-15 6.87438e-16 6.96235e-17 6.96568e-18 6.89347e-19 6.75568e-20 6.56252e-21 6.32409e-22 6.05004e-23 5.74934e-24 5.43013e-25 5.09967e-26 4.76426e-27 4.42928e-28 4.09922e-29 3.77771e-30 3.46764e-31 3.17121e-32 2.89e-33 2.62507e-34 2.37703e-35 2.14612e-36 1.93226e-37 1.73513e-38 1.55422e-39 1.38886e-40 1.23829e-41 1.10166e-42 9.78095e-44 8.66678e-45 7.66509e-46 6.76697e-47 5.96378e-48 5.24723e-49 4.60943e-50 4.04299e-51 3.54095e-52 3.09687e-53 2.7048e-54 2.35927e-55 2.05529e-56 1.78828e-57 1.55414e-58 1.34911e-59 1.16984e-60 1.01332e-61 8.76832e-63 7.57973e-64 6.54594e-65 5.64784e-66 4.86854e-67 4.19307e-68 3.60823e-69 3.10238e-70 2.66529e-71 2.28799e-72 1.9626e-73 1.68224e-74 1.44089e-75 1.23329e-76 1.05488e-77 9.01684e-79 7.70232e-80 6.57526e-81 5.60966e-82 4.78298e-83 4.07572e-84 3.47105e-85 2.95444e-86 2.51334e-87 2.13695e-88 1.81598e-89 1.54243e-90 1.30943e-91 1.11109e-92 9.42341e-94 7.98847e-95 6.76894e-96 5.73302e-97 4.8535e-98 4.10716e-99 3.47412e-100 2.93744e-101 2.48266e-102 2.09747e-103 1.77135e-104 1.49537e-105 1.26191e-106 1.06452e-107 8.97676e-109
2.97088e-06 8.1004e-07 1.55531e-07 2.51241e-08 3.645e-09 4.90677e-10 6.24673e-11 7.6136e-12 8.95919e-13 1.02407e-13 1.14224e-14 1.24761e-15 1.33813e-16 1.4125e-17 1.4701e-18 1.5109e-19 1.53536e-20 1.54434e-21 1.53901e-22 1.52073e-23 1.49101e-24 1.45144e-25 1.40359e-26 1.34902e-27 1.28918e-28 1.22546e-29 1.15911e-30 1.09125e-31 1.02287e-32 9.54842e-34 8.8788e-35 8.22591e-36 7.59462e-37 6.98876e-38 6.41119e-39 5.86394e-40 5.34829e-41 4.86489e-42 4.41384e-43 3.99481e-44 3.60711e-45 3.24974e-46 2.9215e-47 2.62101e-48 2.34679e-49 2.09727e-50 1.87087e-51 1.66598e-52 1.48102e-53 1.31445e-54 1.16479e-55 1.03061e-56 9.10548e-58 8.03339e-59 7.07785e-60 6.22773e-61 5.47272e-62 4.80329e-63 4.21069e-64 3.68692e-65 3.22466e-66 2.81727e-67 2.45874e-68 2.14362e-69 1.86702e-70 1.62452e-71 1.41219e-72 1.22648e-73 1.06423e-74 9.22645e-76 7.99216e-77 6.91726e-78 5.9821e-79 5.1693e-80 4.46351e-81 3.85121e-82 3.32048e-83 2.86085e-84 2.46312e-85 2.11926e-86 1.82218e-87 1.56574e-88 1.34453e-89 1.15386e-90 9.89632e-92 8.48274e-93 7.26686e-94 6.22172e-95 5.32394e-96 4.55324e-97 3.89202e-98 3.32509e-99 2.83929e-100 2.42326e-101 2.06717e-102 1.76255e-103 1.50212e-104 1.27957e-105 1.0895e-106 9.27253e-108 7.88821e-109
2.41266e-07 7.50217e-08 1.58998e-08 2.78945e-09 4.34972e-10 6.24673e-11 8.43568e-12 1.08563e-12 1.34385e-13 1.61072e-14 1.87874e-15 2.14078e-16 2.39037e-17 2.62191e-18 2.8308e-19 3.01349e-20 3.1675e-21 3.29134e-22 3.38445e-23 3.44707e-24 3.48017e-25 3.48528e-26 3.46436e-27 3.41972e-28 3.3539e-29 3.26956e-30 3.16939e-31 3.05607e-32 2.93216e-33 2.80011e-34 2.66221e-35 2.52054e-36 2.37698e-37 2.2332e-38 2.09064e-39 1.95056e-40 1.814e-41 1.68182e-42 1.55469e-43 1.43314e-44 1.31755e-45 1.20817e-46 1.10514e-47 1.00851e-48 9.18241e-50 8.34227e-51 7.5631e-52 6.84286e-53 6.17916e-54 5.56936e-55 5.01067e-56 4.50014e-57 4.03481e-58 3.6117e-59 3.22785e-60 2.8804e-61 2.56655e-62 2.28363e-63 2.02907e-64 1.80046e-65 1.59553e-66 1.41212e-67 1.24827e-68 1.1021e-69 9.71926e-71 8.56156e-72 7.53347e-73 6.62175e-74 5.81431e-75 5.10016e-76 4.4693e-77 3.91272e-78 3.42223e-79 2.99049e-80 2.61089e-81 2.27749e-82 1.98498e-83 1.7286e-84 1.50411e-85 1.30775e-86 1.13614e-87 9.86301e-89 8.55593e-90 7.41671e-91 6.42463e-92 5.5614e-93 4.8109e-94 4.15892e-95 3.59297e-96 3.10206e-97 2.67656e-98 2.30801e-99 1.98903e-100 1.71312e-101 1.47464e-102 1.26865e-103 1.09082e-104 9.37419e-106 8.05159e-107 6.91199e-108 5.93065e-109
1.95933e-08 6.84276e-09 1.58543e-09 2.99866e-10 4.99535e-11 7.6136e-12 1.08563e-12 1.46926e-13 1.90613e-14 2.38763e-15 2.9033e-16 3.44147e-17 3.98987e-18 4.53626e-19 5.06892e-20 5.57706e-21 6.05111e-22 6.48297e-23 6.86614e-24 7.19572e-25 7.46842e-26 7.68249e-27 7.83757e-28 7.93455e-29 7.97542e-30 7.96305e-31 7.90106e-32 7.7936e-33 7.64521e-34 7.46065e-35 7.24481e-36 7.00253e-37 6.73858e-38 6.45749e-39 6.16357e-40 5.8608e-41 5.55285e-42 5.24301e-43 4.93422e-44 4.62905e-45 4.32972e-46 4.0381e-47 3.75572e-48 3.48384e-49 3.22342e-50 2.97517e-51 2.73957e-52 2.51691e-53 2.30729e-54 2.11066e-55 1.92687e-56 1.75562e-57 1.59656e-58 1.44924e-59 1.31318e-60 1.18785e-61 1.07269e-62 9.67126e-64 8.7059e-65 7.825e-66 7.02287e-67 6.29395e-68 5.63285e-69 5.03439e-70 4.4936e-71 4.00578e-72 3.56648e-73 3.17152e-74 2.81698e-75 2.4992e-76 2.21479e-77 1.96061e-78 1.73376e-79 1.53156e-80 1.35158e-81 1.19158e-82 1.0495e-83 9.23494e-85 8.1187e-86 7.13098e-87 6.25792e-88 5.48705e-89 4.80709e-90 4.20795e-91 3.68052e-92 3.21667e-93 2.80911e-94 2.45135e-95 2.13757e-96 1.86261e-97 1.62187e-98 1.41127e-99 1.22718e-100 1.06639e-101 9.26061e-103 8.03685e-104 6.97041e-105 6.04176e-106 5.23366e-107 4.53095e-108 3.92031e-109
1.59118e-09 6.16629e-10 1.54979e-10 3.14119e-11 5.56251e-12 8.95919e-13 1.34385e-13 1.90613e-14 2.58382e-15 3.37294e-16 4.26473e-17 5.24625e-18 6.30113e-19 7.41038e-20 8.55333e-21 9.70852e-22 1.08545e-22 1.19707e-23 1.30377e-24 1.40384e-25 1.49576e-26 1.57829e-27 1.65045e-28 1.71152e-29 1.76105e-30 1.79885e-31 1.82494e-32 1.83956e-33 1.84313e-34 1.83621e-35 1.8195e-36 1.79378e-37 1.7599e-38 1.71875e-39 1.67127e-40 1.61836e-41 1.56094e-42 1.49989e-43 1.43602e-44 1.37014e-45 1.30296e-46 1.23516e-47 1.16733e-48 1.10001e-49 1.03366e-50 9.687e-52 9.05463e-53 8.44238e-54 7.85255e-55 7.28694e-56 6.74687e-57 6.23328e-58 5.7467e-59 5.28735e-60 4.85517e-61 4.44983e-62 4.07082e-63 3.71744e-64 3.38885e-65 3.08412e-66 2.8022e-67 2.54203e-68 2.30245e-69 2.08233e-70 1.88052e-71 1.69586e-72 1.52722e-73 1.37351e-74 1.23365e-75 1.10663e-76 9.91447e-78 8.87181e-79 7.92942e-80 7.07898e-81 6.31265e-82 5.6231e-83 5.00351e-84 4.44752e-85 3.94928e-86 3.50335e-87 3.10473e-88 2.74884e-89 2.43147e-90 2.14878e-91 1.89726e-92 1.67371e-93 1.47523e-94 1.2992e-95 1.14323e-96 1.00518e-97 8.831e-99 7.75246e-100 6.80048e-101 5.96097e-102 5.22128e-103 4.57011e-104 3.99734e-105 3.49394e-106 3.05188e-107 2.66398e-108 2.32386e-109
1.2922e-10 5.50244e-11 1.49052e-11 3.22123e-12 6.03842e-13 1.02407e-13 1.61072e-14 2.38763e-15 3.37294e-16 4.57773e-17 6.00533e-18 7.65094e-19 9.5019e-20 1.15382e-20 1.37335e-21 1.6056e-22 1.84701e-23 2.09376e-24 2.3419e-25 2.58749e-26 2.8267e-27 3.05595e-28 3.27196e-29 3.47182e-30 3.65307e-31 3.81369e-32 3.95214e-33 4.06737e-34 4.15874e-35 4.22608e-36 4.26961e-37 4.2899e-38 4.28782e-39 4.26453e-40 4.2214e-41 4.15995e-42 4.08187e-43 3.98888e-44 3.88278e-45 3.76538e-46 3.63844e-47 3.50371e-48 3.36284e-49 3.21741e-50 3.06889e-51 2.91865e-52 2.76793e-53 2.61784e-54 2.4694e-55 2.32348e-56 2.18083e-57 2.04209e-58 1.90782e-59 1.77843e-60 1.65426e-61 1.53557e-62 1.42253e-63 1.31525e-64 1.21375e-65 1.11803e-66 1.02803e-67 9.43628e-69 8.64702e-70 7.9108e-71 7.22575e-72 6.5898e-73 6.00075e-74 5.45633e-75 4.95421e-76 4.49203e-77 4.06742e-78 3.67807e-79 3.32169e-80 2.99606e-81 2.69901e-82 2.4285e-83 2.18253e-84 1.95922e-85 1.75679e-86 1.57355e-87 1.40791e-88 1.25838e-89 1.12358e-90 1.00222e-91 8.93084e-93 7.95068e-94 7.07143e-95 6.28361e-96 5.57852e-97 4.94816e-98 4.38522e-99 3.88302e-100 3.43546e-101 3.03701e-102 2.68261e-103 2.3677e-104 2.08815e-105 1.84021e-106 1.6205e-107 1.42598e-108 1.25391e-109
1.0494e-11 4.87037e-12 1.41418e-12 3.24491e-13 6.41623e-14 1.14224e-14 1.87874e-15 2.9033e-16 4.26473e-17 6.00533e-18 8.15828e-19 1.07455e-19 1.37762e-20 1.72459e-21 2.11367e-22 2.54174e-23 3.00448e-24 3.49651e-25 4.01159e-26 4.54285e-27 5.08294e-28 5.62435e-29 6.15955e-30 6.68119e-31 7.18236e-32 7.65662e-33 8.09822e-34 8.50216e-35 8.86424e-36 9.18113e-37 9.45036e-38 9.6703e-39 9.84015e-40 9.9599e-41 1.00302e-41 1.00525e-42 1.00286e-43 9.96085e-45 9.85211e-46 9.70542e-47 9.52414e-48 9.31175e-49 9.07183e-50 8.80799e-51 8.5238e-52 8.22276e-53 7.90825e-54 7.58349e-55 7.25152e-56 6.91515e-57 6.57701e-58 6.23945e-59 5.90464e-60 5.57445e-61 5.25058e-62 4.93445e-63 4.62729e-64 4.33011e-65 4.04375e-66 3.76884e-67 3.50585e-68 3.25511e-69 3.0168e-70 2.79099e-71 2.57764e-72 2.37661e-73 2.18768e-74 2.01057e-75 1.84494e-76 1.6904e-77 1.54652e-78 1.41286e-79 1.28894e-80 1.17428e-81 1.0684e-82 9.70791e-84 8.80979e-85 7.98481e-86 7.22829e-87 6.53565e-88 5.90252e-89 5.32465e-90 4.79801e-91 4.31875e-92 3.88322e-93 3.48796e-94 3.12973e-95 2.80548e-96 2.51235e-97 2.24768e-98 2.009e-99 1.79401e-100 1.60057e-101 1.42672e-102 1.27064e-103 1.13067e-104 1.00527e-105 8.93043e-107 7.92702e-108 7.03076e-109 6.23097e-110
8.52221e-13 4.28155e-13 1.32641e-13 3.21945e-14 6.69413e-15 1.24761e-15 2.14078e-16 3.44147e-17 5.24625e-18 7.65094e-19 1.07455e-19 1.46093e-20 1.93065e-21 2.48826e-22 3.13612e-23 3.87427e-24 4.70031e-25 5.60943e-26 6.59452e-27 7.64642e-28 8.75411e-29 9.9051e-30 1.10857e-30 1.22816e-31 1.3478e-32 1.466e-33 1.58132e-34 1.69239e-35 1.79792e-36 1.89673e-37 1.98779e-38 2.07022e-39 2.14329e-40 2.20643e-41 2.25925e-42 2.3015e-43 2.33309e-44 2.35408e-45 2.36465e-46 2.36512e-47 2.35589e-48 2.33746e-49 2.31042e-50 2.27539e-51 2.23306e-52 2.18415e-53 2.12937e-54 2.06948e-55 2.0052e-56 1.93725e-57 1.86634e-58 1.79312e-59 1.71823e-60 1.64228e-61 1.5658e-62 1.4893e-63 1.41326e-64 1.33807e-65 1.26412e-66 1.19171e-67 1.12114e-68 1.05263e-69 9.86381e-71 9.22547e-72 8.61252e-73 8.02585e-74 7.46606e-75 6.93347e-76 6.42817e-77 5.95005e-78 5.49879e-79 5.07392e-80 4.67483e-81 4.30081e-82 3.95105e-83 3.62464e-84 3.32065e-85 3.03809e-86 2.77594e-87 2.53316e-88 2.30873e-89 2.1016e-90 1.91077e-91 1.73523e-92 1.57401e-93 1.42617e-94 1.29078e-95 1.16699e-96 1.05396e-97 9.5089e-99 8.57028e-100 7.71662e-101 6.9412e-102 6.23772e-103 5.60027e-104 5.02332e-105 4.50174e-106 4.03072e-107 3.60584e-108 3.22298e-109 2.87835e-110
6.92091e-14 3.74206e-14 1.23184e-14 3.15258e-15 6.87438e-16 1.33813e-16 2.39037e-17 3.98987e-18 6.30113e-19 9.5019e-20 1.37762e-20 1.93065e-21 2.62656e-22 3.48081e-23 4.50633e-24 5.7128e-25 7.10611e-26 8.68799e-27 1.04558e-27 1.24023e-28 1.45159e-29 1.67811e-30 1.91782e-31 2.16846e-32 2.42748e-33 2.69212e-34 2.95949e-35 3.22663e-36 3.49055e-37 3.74835e-38 3.99721e-39 4.23452e-40 4.45785e-41 4.66502e-42 4.85415e-43 5.02364e-44 5.17222e-45 5.29892e-46 5.40308e-47 5.48436e-48 5.54271e-49 5.57835e-50 5.59175e-51 5.58362e-52 5.55485e-53 5.50651e-54 5.43982e-55 5.35612e-56 5.25682e-57 5.1434e-58 5.01738e-59 4.8803e-60 4.73369e-61 4.57904e-62 4.41781e-63 4.25141e-64 4.08119e-65 3.9084e-66 3.73422e-67 3.55975e-68 3.38598e-69 3.21383e-70 3.0441e-71 2.87752e-72 2.7147e-73 2.55621e-74 2.40248e-75 2.25389e-76 2.11076e-77 1.9733e-78 1.84169e-79 1.71603e-80 1.59638e-81 1.48275e-82 1.3751e-83 1.27337e-84 1.17744e-85 1.08718e-86 1.00244e-87 9.23048e-89 8.48808e-90 7.79519e-91 7.14971e-92 6.54947e-93 5.99228e-94 5.47591e-95 4.99815e-96 4.55682e-97 4.14977e-98 3.77489e-99 3.43016e-100 3.11359e-101 2.82328e-102 2.55742e-103 2.31427e-104 2.09217e-105 1.88955e-106 1.70494e-107 1.53692e-108 1.38419e-109 1.24552e-110
5.62049e-15 3.25415e-15 1.13422e-15 3.05195e-16 6.96235e-17 1.4125e-17 2.62191e-18 4.53626e-19 7.41038e-20 1.15382e-20 1.72459e-21 2.48826e-22 3.48081e-23 4.73805e-24 6.29413e-25 8.18014e-26 1.04228e-26 1.3043e-27 1.60552e-28 1.94659e-29 2.32739e-30 2.74691e-31 3.20333e-32 3.69398e-33 4.21542e-34 4.76352e-35 5.33352e-36 5.92017e-37 6.51781e-38 7.12052e-39 7.72223e-40 8.31685e-41 8.8984e-42 9.46108e-43 9.99941e-44 1.05083e-44 1.09832e-45 1.14199e-46 1.1815e-47 1.21656e-48 1.24694e-49 1.27246e-50 1.29304e-51 1.30863e-52 1.31923e-53 1.32492e-54 1.32581e-55 1.32205e-56 1.31386e-57 1.30146e-58 1.2851e-59 1.26508e-60 1.24169e-61 1.21525e-62 1.18608e-63 1.15449e-64 1.12081e-65 1.08536e-66 1.04845e-67 1.01038e-68 9.71433e-70 9.31879e-71 8.91974e-72 8.51954e-73 8.12038e-74 7.72426e-75 7.33297e-76 6.94812e-77 6.57113e-78 6.20323e-79 5.84549e-80 5.4988e-81 5.16389e-82 4.84132e-83 4.53156e-84 4.23489e-85 3.95153e-86 3.68155e-87 3.42494e-88 3.1816e-89 2.95137e-90 2.73401e-91 2.52922e-92 2.33666e-93 2.15596e-94 1.9867e-95 1.82844e-96 1.68073e-97 1.54309e-98 1.41507e-99 1.29617e-100 1.18592e-101 1.08384e-102 9.89471e-104 9.02354e-105 8.22045e-106 7.48112e-107 6.80141e-108 6.17731e-109 5.60502e-110 5.08087e-111
4.56442e-16 2.81748e-16 1.03648e-16 2.92489e-17 6.96568e-18 1.4701e-18 2.8308e-19 5.06892e-20 8.55333e-21 1.37335e-21 2.11367e-22 3.13612e-23 4.50633e-24 6.29413e-25 8.57148e-26 1.14102e-26 1.48794e-27 1.90429e-28 2.3957e-29 2.96678e-30 3.62091e-31 4.3601e-32 5.18482e-33 6.09396e-34 7.08471e-35 8.15267e-36 9.29182e-37 1.04947e-37 1.17524e-38 1.30549e-39 1.43913e-40 1.57497e-41 1.71179e-42 1.84832e-43 1.98331e-44 2.1155e-45 2.24368e-46 2.36669e-47 2.48344e-48 2.59296e-49 2.69435e-50 2.78684e-51 2.86975e-52 2.94258e-53 3.00489e-54 3.05642e-55 3.09701e-56 3.12662e-57 3.14531e-58 3.15328e-59 3.15079e-60 3.13821e-61 3.11598e-62 3.08461e-63 3.04465e-64 2.99672e-65 2.94145e-66 2.87952e-67 2.81161e-68 2.7384e-69 2.66059e-70 2.57886e-71 2.49386e-72 2.40624e-73 2.31662e-74 2.22558e-75 2.13368e-76 2.04143e-77 1.94931e-78 1.85777e-79 1.76719e-80 1.67795e-81 1.59037e-82 1.50472e-83 1.42125e-84 1.34016e-85 1.26165e-86 1.18583e-87 1.11284e-88 1.04274e-89 9.75595e-91 9.11441e-92 8.50287e-93 7.92124e-94 7.36926e-95 6.84652e-96 6.35248e-97 5.88648e-98 5.44775e-99 5.03546e-100 4.6487e-101 4.28652e-102 3.94793e-103 3.6319e-104 3.33739e-105 3.06337e-106 2.80878e-107 2.57261e-108 2.35381e-109 2.15141e-110 1.96442e-111
3.70678e-17 2.43001e-17 9.40868e-18 2.77812e-18 6.89347e-19 1.5109e-19 3.01349e-20 5.57706e-21 9.70852e-22 1.6056e-22 2.54174e-23 3.87427e-24 5.7128e-25 8.18014e-26 1.14102e-26 1.55448e-27 2.07305e-28 2.71138e-29 3.48372e-30 4.40343e-31 5.48249e-32 6.7311e-33 8.15722e-34 9.76621e-35 1.15606e-35 1.35398e-36 1.56999e-37 1.8034e-38 2.05316e-39 2.31793e-40 2.59608e-41 2.8857e-42 3.18467e-43 3.49065e-44 3.80117e-45 4.11365e-46 4.42543e-47 4.73385e-48 5.03626e-49 5.33009e-50 5.61288e-51 5.8823e-52 6.13619e-53 6.37262e-54 6.58985e-55 6.78639e-56 6.961e-57 7.1127e-58 7.24076e-59 7.34471e-60 7.42432e-61 7.47964e-62 7.51089e-63 7.51853e-64 7.50323e-65 7.4658e-66 7.40723e-67 7.32864e-68 7.23125e-69 7.11638e-70 6.98542e-71 6.83981e-72 6.68102e-73 6.51054e-74 6.32985e-75 6.14041e-76 5.94367e-77 5.74102e-78 5.53378e-79 5.32325e-80 5.11064e-81 4.89707e-82 4.6836e-83 4.47122e-84 4.26081e-85 4.05318e-86 3.84906e-87 3.6491e-88 3.45385e-89 3.2638e-90 3.07937e-91 2.9009e-92 2.72866e-93 2.56287e-94 2.40367e-95 2.25118e-96 2.10543e-97 1.96645e-98 1.8342e-99 1.7086e-100 1.58957e-101 1.47697e-102 1.37065e-103 1.27045e-104 1.17618e-105 1.08763e-106 1.00459e-107 9.2685e-109 8.54182e-110 7.86356e-111 7.23144e-112
3.01029e-18 2.08868e-18 8.49005e-19 2.61765e-19 6.75568e-20 1.53536e-20 3.1675e-21 6.05111e-22 1.08545e-22 1.84701e-23 3.00448e-24 4.70031e-25 7.10611e-26 1.04228e-26 1.48794e-27 2.07305e-28 2.82523e-29 3.77372e-30 4.94871e-31 6.38063e-32 8.09923e-33 1.01328e-33 1.25072e-34 1.5245e-35 1.83648e-36 2.18803e-37 2.57996e-38 3.01251e-39 3.48525e-40 3.99714e-41 4.54644e-42 5.13078e-43 5.74717e-44 6.39202e-45 7.06123e-46 7.75023e-47 8.45405e-48 9.16741e-49 9.88483e-50 1.06007e-50 1.13092e-51 1.20049e-52 1.26821e-53 1.33356e-54 1.39603e-55 1.45515e-56 1.51049e-57 1.56167e-58 1.60834e-59 1.65022e-60 1.68708e-61 1.71872e-62 1.74503e-63 1.76593e-64 1.78139e-65 1.79144e-66 1.79615e-67 1.79564e-68 1.79005e-69 1.77958e-70 1.76444e-71 1.74489e-72 1.72119e-73 1.69363e-74 1.66253e-75 1.62817e-76 1.5909e-77 1.55104e-78 1.50889e-79 1.4648e-80 1.41906e-81 1.37198e-82 1.32385e-83 1.27496e-84 1.22557e-85 1.17594e-86 1.12629e-87 1.07685e-88 1.02781e-89 9.79352e-91 9.3165e-92 8.84845e-93 8.39067e-94 7.94431e-95 7.51032e-96 7.08952e-97 6.68259e-98 6.29004e-99 5.9123e-100 5.54963e-101 5.20222e-102 4.87014e-103 4.55335e-104 4.25178e-105 3.96523e-106 3.69348e-107 3.43621e-108 3.1931e-109 2.96375e-110 2.74774e-111 2.54463e-112
2.44466e-19 1.78983e-19 7.6203e-20 2.44872e-20 6.56252e-21 1.54434e-21 3.29134e-22 6.48297e-23 1.19707e-23 2.09376e-24 3.49651e-25 5.60943e-26 8.68799e-27 1.3043e-27 1.90429e-28 2.71138e-29 3.77372e-30 5.14454e-31 6.8814e-32 9.04522e-33 1.1699e-33 1.49067e-34 1.8731e-35 2.32326e-36 2.84676e-37 3.44865e-38 4.1332e-39 4.90379e-40 5.76273e-41 6.71121e-42 7.74914e-43 8.87513e-44 1.00864e-44 1.1379e-45 1.27474e-46 1.41849e-47 1.56838e-48 1.7235e-49 1.88287e-50 2.04543e-51 2.21003e-52 2.3755e-53 2.54063e-54 2.70419e-55 2.86498e-56 3.02179e-57 3.17348e-58 3.31893e-59 3.45712e-60 3.58709e-61 3.70797e-62 3.81899e-63 3.91949e-64 4.0089e-65 4.08679e-66 4.15281e-67 4.20675e-68 4.2485e-69 4.27804e-70 4.29547e-71 4.30099e-72 4.29487e-73 4.27746e-74 4.24921e-75 4.21061e-76 4.16221e-77 4.10461e-78 4.03845e-79 3.96439e-80 3.88312e-81 3.79535e-82 3.70178e-83 3.60312e-84 3.50006e-85 3.39331e-86 3.28352e-87 3.17133e-88 3.05738e-89 2.94225e-90 2.8265e-91 2.71064e-92 2.59517e-93 2.48054e-94 2.36715e-95 2.25538e-96 2.14556e-97 2.038e-98 1.93296e-99 1.83066e-100 1.73129e-101 1.63502e-102 1.54199e-103 1.45228e-104 1.36598e-105 1.28313e-106 1.20377e-107 1.12791e-108 1.05552e-109 9.86577e-111 9.21043e-112 8.58857e-113
1.98532e-20 1.52955e-20 6.80675e-21 2.27578e-21 6.32409e-22 1.53901e-22 3.38445e-23 6.86614e-24 1.30377e-24 2.3419e-25 4.01159e-26 6.59452e-27 1.04558e-27 1.60552e-28 2.3957e-29 3.48372e-30 4.94871e-31 6.8814e-32 9.38365e-33 1.25676e-33 1.65542e-34 2.14717e-35 2.74529e-36 3.4633e-37 4.31463e-38 5.31232e-39 6.46869e-40 7.79496e-41 9.30099e-42 1.09949e-42 1.28829e-43 1.49687e-44 1.72539e-45 1.97371e-46 2.24145e-47 2.52793e-48 2.8322e-49 3.15303e-50 3.48893e-51 3.83818e-52 4.19882e-53 4.5687e-54 4.94551e-55 5.32679e-56 5.70999e-57 6.0925e-58 6.47166e-59 6.84483e-60 7.20941e-61 7.56286e-62 7.90277e-63 8.22684e-64 8.53293e-65 8.81909e-66 9.08357e-67 9.32483e-68 9.54154e-69 9.73264e-70 9.89727e-71 1.00348e-71 1.01449e-72 1.02275e-73 1.02825e-74 1.03103e-75 1.03114e-76 1.02864e-77 1.02362e-78 1.01618e-79 1.00643e-80 9.94492e-82 9.80502e-83 9.64601e-84 9.46938e-85 9.27663e-86 9.06932e-87 8.84901e-88 8.61727e-89 8.37562e-90 8.12561e-91 7.86869e-92 7.60631e-93 7.33984e-94 7.07059e-95 6.79981e-96 6.52866e-97 6.25823e-98 5.98955e-99 5.72353e-100 5.46103e-101 5.20282e-102 4.94958e-103 4.70192e-104 4.46037e-105 4.22539e-106 3.99737e-107 3.77662e-108 3.56339e-109 3.35789e-110 3.16025e-111 2.97055e-112 2.78884e-113
1.61228e-21 1.30388e-21 6.05354e-22 2.10253e-22 6.05004e-23 1.52073e-23 3.44707e-24 7.19572e-25 1.40384e-25 2.58749e-26 4.54285e-27 7.64642e-28 1.24023e-28 1.94659e-29 2.96678e-30 4.40343e-31 6.38063e-32 9.04522e-33 1.25676e-33 1.71416e-34 2.29839e-35 3.03325e-36 3.94435e-37 5.05889e-38 6.4051e-39 8.01186e-40 9.90804e-41 1.2122e-41 1.46806e-42 1.76093e-43 2.09304e-44 2.46633e-45 2.88236e-46 3.34224e-47 3.84658e-48 4.39548e-49 4.98849e-50 5.62457e-51 6.30209e-52 7.01885e-53 7.77207e-54 8.55845e-55 9.37415e-56 1.02149e-56 1.10759e-57 1.19523e-58 1.28386e-59 1.37292e-60 1.46185e-61 1.55006e-62 1.63699e-63 1.72205e-64 1.80469e-65 1.88438e-66 1.96059e-67 2.03286e-68 2.10074e-69 2.16383e-70 2.22177e-71 2.27426e-72 2.32104e-73 2.36189e-74 2.39665e-75 2.42523e-76 2.44755e-77 2.46362e-78 2.47346e-79 2.47715e-80 2.47483e-81 2.46665e-82 2.4528e-83 2.43352e-84 2.40906e-85 2.3797e-86 2.34574e-87 2.3075e-88 2.2653e-89 2.21948e-90 2.17039e-91 2.11838e-92 2.06378e-93 2.00695e-94 1.94822e-95 1.88792e-96 1.82637e-97 1.76387e-98 1.70072e-99 1.6372e-100 1.57357e-101 1.51007e-102 1.44694e-103 1.38439e-104 1.32261e-105 1.26177e-106 1.20203e-107 1.14354e-108 1.08642e-109 1.03078e-110 9.76701e-112 9.24268e-113 8.73543e-114
1.30934e-22 1.10902e-22 5.36226e-23 1.93194e-23 5.74934e-24 1.49101e-24 3.48017e-25 7.46842e-26 1.49576e-26 2.8267e-27 5.08294e-28 8.75411e-29 1.45159e-29 2.32739e-30 3.62091e-31 5.48249e-32 8.09923e-33 1.1699e-33 1.65542e-34 2.29839e-35 3.13558e-36 4.2086e-37 5.56378e-38 7.25187e-39 9.32755e-40 1.18488e-40 1.48762e-41 1.84718e-42 2.2698e-43 2.76166e-44 3.32873e-45 3.97665e-46 4.71056e-47 5.53503e-48 6.45387e-49 7.47004e-50 8.58554e-51 9.80129e-52 1.11171e-52 1.25316e-53 1.40422e-54 1.56451e-55 1.73351e-56 1.9106e-57 2.09504e-58 2.28597e-59 2.48246e-60 2.68347e-61 2.88788e-62 3.09453e-63 3.3022e-64 3.50962e-65 3.71554e-66 3.91867e-67 4.11775e-68 4.31155e-69 4.49887e-70 4.67857e-71 4.84957e-72 5.01087e-73 5.16155e-74 5.30079e-75 5.42787e-76 5.54215e-77 5.64313e-78 5.7304e-79 5.80367e-80 5.86274e-81 5.90753e-82 5.93808e-83 5.95449e-84 5.95699e-85 5.94587e-86 5.92153e-87 5.88441e-88 5.83505e-89 5.77402e-90 5.70196e-91 5.61954e-92 5.52748e-93 5.42651e-94 5.31739e-95 5.20089e-96 5.07777e-97 4.94882e-98 4.81481e-99 4.67647e-100 4.53455e-101 4.38976e-102 4.2428e-103 4.09431e-104 3.94492e-105 3.79524e-106 3.64581e-107 3.49715e-108 3.34974e-109 3.20403e-110 3.06042e-111 2.91927e-112 2.78092e-113 2.64564e-114
1.06332e-23 9.41355e-24 4.73263e-24 1.76636e-24 5.43013e-25 1.45144e-25 3.48528e-26 7.68249e-27 1.57829e-27 3.05595e-28 5.62435e-29 9.9051e-30 1.67811e-30 2.74691e-31 4.3601e-32 6.7311e-33 1.01328e-33 1.49067e-34 2.14717e-35 3.03325e-36 4.2086e-37 5.74271e-38 7.71509e-39 1.02154e-39 1.33432e-40 1.72074e-41 2.19252e-42 2.76213e-43 3.4426e-44 4.24734e-45 5.18995e-46 6.28397e-47 7.5426e-48 8.97849e-49 1.06034e-49 1.24279e-50 1.44614e-51 1.67112e-52 1.91832e-53 2.18807e-54 2.48052e-55 2.79552e-56 3.13272e-57 3.49146e-58 3.87086e-59 4.26974e-60 4.68669e-61 5.12005e-62 5.56792e-63 6.02821e-64 6.49863e-65 6.97673e-66 7.45992e-67 7.9455e-68 8.43072e-69 8.91276e-70 9.38881e-71 9.85604e-72 1.03117e-72 1.07532e-73 1.11778e-74 1.15832e-75 1.19671e-76 1.23274e-77 1.26622e-78 1.29697e-79 1.32485e-80 1.34974e-81 1.37153e-82 1.39015e-83 1.40553e-84 1.41766e-85 1.42651e-86 1.43212e-87 1.4345e-88 1.43372e-89 1.42986e-90 1.42299e-91 1.41323e-92 1.40071e-93 1.38554e-94 1.36789e-95 1.34789e-96 1.32571e-97 1.30152e-98 1.27548e-99 1.24778e-100 1.21858e-101 1.18805e-102 1.15637e-103 1.1237e-104 1.09022e-105 1.05608e-106 1.02144e-107 9.8644e-109 9.51229e-110 9.15938e-111 8.80695e-112 8.45617e-113 8.10814e-114 7.76386e-115
8.63524e-25 7.97541e-25 4.16295e-25 1.60759e-25 5.09967e-26 1.40359e-26 3.46436e-27 7.83757e-28 1.65045e-28 3.27196e-29 6.15955e-30 1.10857e-30 1.91782e-31 3.20333e-32 5.18482e-33 8.15722e-34 1.25072e-34 1.8731e-35 2.74529e-36 3.94435e-37 5.56378e-38 7.71509e-39 1.05292e-39 1.41576e-40 1.87729e-41 2.45688e-42 3.17601e-43 4.05816e-44 5.12863e-45 6.41431e-46 7.94341e-47 9.7451e-48 1.18491e-48 1.42851e-49 1.70825e-50 2.02696e-51 2.38733e-52 2.79182e-53 3.24263e-54 3.74165e-55 4.29037e-56 4.88987e-57 5.54077e-58 6.24317e-59 6.99666e-60 7.80026e-61 8.65244e-62 9.5511e-63 1.04936e-63 1.14767e-64 1.24966e-65 1.35492e-66 1.46298e-67 1.57332e-68 1.68542e-69 1.79868e-70 1.91252e-71 2.02632e-72 2.13946e-73 2.25131e-74 2.36124e-75 2.46864e-76 2.5729e-77 2.67345e-78 2.76973e-79 2.86123e-80 2.94747e-81 3.02799e-82 3.1024e-83 3.17035e-84 3.23154e-85 3.28572e-86 3.33269e-87 3.37229e-88 3.40444e-89 3.42908e-90 3.44622e-91 3.45591e-92 3.45826e-93 3.45338e-94 3.44148e-95 3.42276e-96 3.39747e-97 3.36589e-98 3.32833e-99 3.28512e-100 3.2366e-101 3.18314e-102 3.12511e-103 3.0629e-104 2.99689e-105 2.92748e-106 2.85506e-107 2.78001e-108 2.70271e-109 2.62355e-110 2.54287e-111 2.46103e-112 2.37836e-113 2.2952e-114 2.21183e-115
7.01271e-26 6.74537e-26 3.65055e-26 1.45688e-26 4.76426e-27 1.34902e-27 3.41972e-28 7.93455e-29 1.71152e-29 3.47182e-30 6.68119e-31 1.22816e-31 2.16846e-32 3.69398e-33 6.09396e-34 9.76621e-35 1.5245e-35 2.32326e-36 3.4633e-37 5.05889e-38 7.25187e-39 1.02154e-39 1.41576e-40 1.93249e-41 2.60045e-42 3.45273e-43 4.52686e-44 5.8649e-45 7.51337e-46 9.52309e-47 1.19488e-47 1.4849e-48 1.82848e-49 2.23201e-50 2.70198e-51 3.24496e-52 3.86749e-53 4.57592e-54 5.37636e-55 6.27452e-56 7.2756e-57 8.38417e-58 9.60409e-59 1.09383e-59 1.2389e-60 1.3957e-61 1.56423e-62 1.74438e-63 1.93589e-64 2.1384e-65 2.35143e-66 2.57436e-67 2.80647e-68 3.04691e-69 3.29474e-70 3.54892e-71 3.80831e-72 4.0717e-73 4.33781e-74 4.60532e-75 4.87285e-76 5.13902e-77 5.40241e-78 5.66162e-79 5.91528e-80 6.16202e-81 6.40054e-82 6.62957e-83 6.84794e-84 7.05452e-85 7.24829e-86 7.42833e-87 7.59379e-88 7.74395e-89 7.8782e-90 7.99603e-91 8.09706e-92 8.181e-93 8.24769e-94 8.29708e-95 8.32921e-96 8.34426e-97 8.34247e-98 8.32418e-99 8.28983e-100 8.23994e-101 8.17508e-102 8.0959e-103 8.00311e-104 7.89746e-105 7.77974e-106 7.65078e-107 7.51142e-108 7.36255e-109 7.20504e-110 7.03977e-111 6.86764e-112 6.6895e-113 6.50623e-114 6.31867e-115 6.12763e-116
5.69504e-27 5.696e-27 3.19208e-27 1.31513e-27 4.42928e-28 1.28918e-28 3.3539e-29 7.97542e-30 1.76105e-30 3.65307e-31 7.18236e-32 1.3478e-32 2.42748e-33 4.21542e-34 7.08471e-35 1.15606e-35 1.83648e-36 2.84676e-37 4.31463e-38 6.4051e-39 9.32755e-40 1.33432e-40 1.87729e-41 2.60045e-42 3.55009e-43 4.7806e-44 6.35514e-45 8.34606e-46 1.08352e-46 1.39142e-47 1.76841e-48 2.22554e-49 2.77471e-50 3.42864e-51 4.20071e-52 5.10486e-53 6.15541e-54 7.36691e-55 8.75387e-56 1.03306e-56 1.2111e-57 1.41083e-58 1.63345e-59 1.88008e-60 2.15166e-61 2.449e-62 2.77268e-63 3.12309e-64 3.5004e-65 3.90452e-66 4.33512e-67 4.7916e-68 5.2731e-69 5.77849e-70 6.30638e-71 6.85511e-72 7.42279e-73 8.00729e-74 8.60628e-75 9.2172e-76 9.83735e-77 1.04639e-77 1.10938e-78 1.17241e-79 1.23516e-80 1.29731e-81 1.35856e-82 1.41859e-83 1.47708e-84 1.53375e-85 1.58831e-86 1.64048e-87 1.69002e-88 1.73667e-89 1.78022e-90 1.82048e-91 1.85728e-92 1.89045e-93 1.91989e-94 1.94547e-95 1.96714e-96 1.98484e-97 1.99854e-98 2.00825e-99 2.01398e-100 2.01578e-101 2.01371e-102 2.00786e-103 1.99834e-104 1.98526e-105 1.96876e-106 1.94899e-107 1.92611e-108 1.9003e-109 1.87173e-110 1.84061e-111 1.80711e-112 1.77144e-113 1.7338e-114 1.69438e-115 1.6534e-116
4.62496e-28 4.80283e-28 2.7838e-28 1.18283e-28 4.09922e-29 1.22546e-29 3.26956e-30 7.96305e-31 1.79885e-31 3.81369e-32 7.65662e-33 1.466e-33 2.69212e-34 4.76352e-35 8.15267e-36 1.35398e-36 2.18803e-37 3.44865e-38 5.31232e-39 8.01186e-40 1.18488e-40 1.72074e-41 2.45688e-42 3.45273e-43 4.7806e-44 6.52728e-45 8.79554e-46 1.17056e-46 1.53964e-47 2.00265e-48 2.5775e-49 3.28417e-50 4.14471e-51 5.18319e-52 6.42561e-53 7.89974e-54 9.6349e-55 1.16617e-55 1.40118e-56 1.67173e-57 1.98108e-58 2.33244e-59 2.72895e-60 3.17366e-61 3.66939e-62 4.21878e-63 4.82417e-64 5.48756e-65 6.21057e-66 6.9944e-67 7.83979e-68 8.74695e-69 9.71558e-70 1.07448e-70 1.18332e-71 1.29787e-72 1.41787e-73 1.543e-74 1.6729e-75 1.80712e-76 1.94519e-77 2.08658e-78 2.23072e-79 2.37701e-80 2.5248e-81 2.67343e-82 2.8222e-83 2.97042e-84 3.11737e-85 3.26234e-86 3.40463e-87 3.54353e-88 3.67838e-89 3.80851e-90 3.9333e-91 4.05215e-92 4.16452e-93 4.2699e-94 4.36781e-95 4.45784e-96 4.53964e-97 4.61289e-98 4.67733e-99 4.73278e-100 4.77907e-101 4.81613e-102 4.84392e-103 4.86246e-104 4.87182e-105 4.87212e-106 4.86352e-107 4.84623e-108 4.8205e-109 4.78662e-110 4.74491e-111 4.69571e-112 4.6394e-113 4.57638e-114 4.50706e-115 4.43189e-116 4.35129e-117
3.75594e-29 4.04421e-29 2.42176e-29 1.06022e-29 3.77771e-30 1.15911e-30 3.16939e-31 7.90106e-32 1.82494e-32 3.95214e-33 8.09822e-34 1.58132e-34 2.95949e-35 5.33352e-36 9.29182e-37 1.56999e-37 2.57996e-38 4.1332e-39 6.46869e-40 9.90804e-41 1.48762e-41 2.19252e-42 3.17601e-43 4.52686e-44 6.35514e-45 8.79554e-46 1.20106e-46 1.61943e-47 2.15748e-48 2.84181e-49 3.703e-50 4.77589e-51 6.09973e-52 7.71822e-53 9.67961e-54 1.20365e-54 1.48459e-55 1.81686e-56 2.2069e-57 2.66146e-58 3.18752e-59 3.79225e-60 4.4829e-61 5.26672e-62 6.15084e-63 7.14221e-64 8.24744e-65 9.47274e-66 1.08237e-66 1.23054e-67 1.3922e-68 1.56769e-69 1.75725e-70 1.96101e-71 2.179e-72 2.41112e-73 2.65715e-74 2.91675e-75 3.18944e-76 3.47462e-77 3.77156e-78 4.0794e-79 4.39718e-80 4.7238e-81 5.05809e-82 5.39875e-83 5.74442e-84 6.09365e-85 6.44493e-86 6.79672e-87 7.14744e-88 7.49546e-89 7.83918e-90 8.177e-91 8.50732e-92 8.82861e-93 9.13935e-94 9.43812e-95 9.72353e-96 9.9943e-97 1.02492e-97 1.04873e-98 1.07074e-99 1.09087e-100 1.10904e-101 1.1252e-102 1.13928e-103 1.15126e-104 1.1611e-105 1.16879e-106 1.17432e-107 1.17771e-108 1.17898e-109 1.17815e-110 1.17528e-111 1.1704e-112 1.16358e-113 1.15488e-114 1.14439e-115 1.13218e-116 1.11834e-117
3.05021e-30 3.40111e-30 2.10196e-30 9.47296e-31 3.46764e-31 1.09125e-31 3.05607e-32 7.7936e-33 1.83956e-33 4.06737e-34 8.50216e-35 1.69239e-35 3.22663e-36 5.92017e-37 1.04947e-37 1.8034e-38 3.01251e-39 4.90379e-40 7.79496e-41 1.2122e-41 1.84718e-42 2.76213e-43 4.05816e-44 5.8649e-45 8.34606e-46 1.17056e-46 1.61943e-47 2.21165e-48 2.98372e-49 3.97892e-50 5.24797e-51 6.84971e-52 8.8516e-53 1.13303e-53 1.4372e-54 1.80725e-55 2.25378e-56 2.78831e-57 3.42334e-58 4.17225e-59 5.04923e-60 6.06916e-61 7.24754e-62 8.60032e-63 1.01437e-63 1.1894e-64 1.38675e-65 1.60799e-66 1.85468e-67 2.12825e-68 2.43005e-69 2.76132e-70 3.12311e-71 3.51633e-72 3.94167e-73 4.39962e-74 4.89041e-75 5.41405e-76 5.97026e-77 6.55852e-78 7.17798e-79 7.82755e-80 8.50583e-81 9.21116e-82 9.94158e-83 1.06949e-83 1.14686e-84 1.22601e-85 1.30664e-86 1.38845e-87 1.47111e-88 1.55427e-89 1.63759e-90 1.72071e-91 1.80326e-92 1.88488e-93 1.9652e-94 2.04385e-95 2.1205e-96 2.19478e-97 2.26637e-98 2.33496e-99 2.40023e-100 2.46192e-101 2.51976e-102 2.57351e-103 2.62298e-104 2.66796e-105 2.70831e-106 2.74389e-107 2.7746e-108 2.80037e-109 2.82114e-110 2.8369e-111 2.84764e-112 2.85341e-113 2.85426e-114 2.85026e-115 2.84153e-116 2.82818e-117 2.81035e-118
2.47709e-31 2.8569e-31 1.82047e-31 8.43877e-32 3.17121e-32 1.02287e-32 2.93216e-33 7.64521e-34 1.84313e-34 4.15874e-35 8.86424e-36 1.79792e-36 3.49055e-37 6.51781e-38 1.17524e-38 2.05316e-39 3.48525e-40 5.76273e-41 9.30099e-42 1.46806e-42 2.2698e-43 3.4426e-44 5.12863e-45 7.51337e-46 1.08352e-46 1.53964e-47 2.15748e-48 2.98372e-49 4.07529e-50 5.50085e-51 7.34227e-52 9.69612e-53 1.26751e-53 1.64096e-54 2.10485e-55 2.67609e-56 3.37363e-57 4.21856e-58 5.23412e-59 6.44572e-60 7.88081e-61 9.56886e-62 1.15412e-62 1.38308e-63 1.64721e-64 1.95005e-65 2.29525e-66 2.68648e-67 3.1274e-68 3.62167e-69 4.1728e-70 4.78421e-71 5.45908e-72 6.20038e-73 7.01074e-74 7.89249e-75 8.84751e-76 9.87727e-77 1.09827e-77 1.21643e-78 1.34219e-79 1.47548e-80 1.61617e-81 1.76406e-82 1.91889e-83 2.08035e-84 2.24806e-85 2.42155e-86 2.60034e-87 2.78387e-88 2.97153e-89 3.16265e-90 3.35653e-91 3.55245e-92 3.74962e-93 3.94725e-94 4.14453e-95 4.34062e-96 4.53469e-97 4.72591e-98 4.91345e-99 5.09649e-100 5.27425e-101 5.44594e-102 5.61085e-103 5.76827e-104 5.91754e-105 6.05805e-106 6.18925e-107 6.31063e-108 6.42174e-109 6.52219e-110 6.61166e-111 6.68987e-112 6.75662e-113 6.81177e-114 6.85523e-115 6.88699e-116 6.90708e-117 6.91559e-118 6.91268e-119
2.01165e-32 2.39712e-32 1.5735e-32 7.49646e-33 2.89e-33 9.54842e-34 2.80011e-34 7.46065e-35 1.83621e-35 4.22608e-36 9.18113e-37 1.89673e-37 3.74835e-38 7.12052e-39 1.30549e-39 2.31793e-40 3.99714e-41 6.71121e-42 1.09949e-42 1.76093e-43 2.76166e-44 4.24734e-45 6.41431e-46 9.52309e-47 1.39142e-47 2.00265e-48 2.84181e-49 3.97892e-50 5.50085e-51 7.51404e-52 1.01475e-52 1.35559e-53 1.79226e-54 2.34633e-55 3.04285e-56 3.9107e-57 4.98286e-58 6.29659e-59 7.89372e-60 9.82071e-61 1.21287e-61 1.48738e-62 1.81164e-63 2.19216e-64 2.63588e-65 3.1501e-66 3.74248e-67 4.42095e-68 5.19365e-69 6.06887e-70 7.05493e-71 8.16014e-72 9.39264e-73 1.07603e-73 1.22708e-74 1.3931e-75 1.57475e-76 1.77261e-77 1.98717e-78 2.21884e-79 2.46793e-80 2.73463e-81 3.019e-82 3.32101e-83 3.64047e-84 3.97705e-85 4.33031e-86 4.69963e-87 5.08428e-88 5.48338e-89 5.89591e-90 6.32074e-91 6.75658e-92 7.20205e-93 7.65565e-94 8.11579e-95 8.5808e-96 9.04892e-97 9.51834e-98 9.9872e-99 1.04536e-99 1.09157e-100 1.13715e-101 1.18191e-102 1.22567e-103 1.26824e-104 1.30945e-105 1.34912e-106 1.3871e-107 1.42323e-108 1.45736e-109 1.48936e-110 1.51911e-111 1.54651e-112 1.57145e-113 1.59386e-114 1.61366e-115 1.63081e-116 1.64526e-117 1.65699e-118 1.66598e-119
1.63367e-33 2.00926e-33 1.35746e-33 6.64184e-34 2.62507e-34 8.8788e-35 2.66221e-35 7.24481e-36 1.8195e-36 4.26961e-37 9.45036e-38 1.98779e-38 3.99721e-39 7.72223e-40 1.43913e-40 2.59608e-41 4.54644e-42 7.74914e-43 1.28829e-43 2.09304e-44 3.32873e-45 5.18995e-46 7.94341e-47 1.19488e-47 1.76841e-48 2.5775e-49 3.703e-50 5.24797e-51 7.34227e-52 1.01475e-52 1.38625e-53 1.87296e-54 2.50404e-55 3.31429e-56 4.34482e-57 5.64373e-58 7.26678e-59 9.27804e-60 1.17505e-60 1.47666e-61 1.84187e-62 2.28094e-63 2.80516e-64 3.42688e-65 4.15949e-66 5.01739e-67 6.01593e-68 7.17135e-69 8.5007e-70 1.00217e-70 1.17526e-71 1.37122e-72 1.59192e-73 1.83927e-74 2.11513e-75 2.42133e-76 2.75966e-77 3.13177e-78 3.53926e-79 3.98353e-80 4.46585e-81 4.98732e-82 5.54878e-83 6.15089e-84 6.79403e-85 7.47831e-86 8.20358e-87 8.96938e-88 9.77493e-89 1.06192e-89 1.15007e-90 1.24177e-91 1.33684e-92 1.43503e-93 1.53607e-94 1.63969e-95 1.74557e-96 1.85335e-97 1.9627e-98 2.0732e-99 2.18449e-100 2.29612e-101 2.40769e-102 2.51877e-103 2.6289e-104 2.73767e-105 2.84462e-106 2.94933e-107 3.05138e-108 3.15036e-109 3.24586e-110 3.33751e-111 3.42495e-112 3.50784e-113 3.58586e-114 3.65872e-115 3.72617e-116 3.78797e-117 3.84391e-118 3.89383e-119 3.93758e-120
1.32671e-34 1.68253e-34 1.169e-34 5.87006e-35 2.37703e-35 8.22591e-36 2.52054e-36 7.00253e-37 1.79378e-37 4.2899e-38 9.6703e-39 2.07022e-39 4.23452e-40 8.31685e-41 1.57497e-41 2.8857e-42 5.13078e-43 8.87513e-44 1.49687e-44 2.46633e-45 3.97665e-46 6.28397e-47 9.7451e-48 1.4849e-48 2.22554e-49 3.28417e-50 4.77589e-51 6.84971e-52 9.69612e-53 1.35559e-53 1.87296e-54 2.55888e-55 3.45878e-56 4.62763e-57 6.13133e-58 8.04814e-59 1.04701e-59 1.35047e-60 1.72759e-61 2.19261e-62 2.76171e-63 3.45315e-64 4.28736e-65 5.287e-66 6.47706e-67 7.88485e-68 9.54001e-69 1.14745e-69 1.37223e-70 1.63196e-71 1.93044e-72 2.27164e-73 2.65966e-74 3.09871e-75 3.59309e-76 4.14708e-77 4.76501e-78 5.4511e-79 6.2095e-80 7.04415e-81 7.95882e-82 8.95699e-83 1.00418e-83 1.12161e-84 1.24821e-85 1.38418e-86 1.52965e-87 1.6847e-88 1.84934e-89 2.02353e-90 2.20715e-91 2.40001e-92 2.60188e-93 2.81242e-94 3.03123e-95 3.25786e-96 3.49177e-97 3.73236e-98 3.97897e-99 4.23088e-100 4.48731e-101 4.74743e-102 5.01036e-103 5.27521e-104 5.54102e-105 5.80682e-106 6.07163e-107 6.33444e-108 6.59424e-109 6.85004e-110 7.10083e-111 7.34564e-112 7.58352e-113 7.81353e-114 8.0348e-115 8.24646e-116 8.44774e-117 8.63787e-118 8.81616e-119 8.982e-120 9.1348e-121
