0.280929 0.118037 0.0495955 0.0208384 0.00875565 0.00367884 0.00154573 0.000649467 0.000272885 0.000114658 4.81755e-05 2.02418e-05 8.50496e-06 3.57351e-06 1.50148e-06 6.30873e-07 2.65072e-07 1.11375e-07 4.67962e-08 1.96623e-08 8.26146e-09 3.4712e-09 1.45849e-09 6.1281e-10 2.57483e-10 1.08186e-10 4.54564e-11 1.90993e-11 8.02493e-12 3.37182e-12 1.41673e-12 5.95265e-13 2.50111e-13 1.05089e-13 4.4155e-14 1.85525e-14 7.79517e-15 3.27528e-15 1.37617e-15 5.78222e-16 2.4295e-16 1.0208e-16 4.28908e-17 1.80213e-17 7.57199e-18 3.18151e-18 1.33677e-18 5.61667e-19 2.35995e-19 9.91574e-20 4.16628e-20 1.75054e-20 7.3552e-21 3.09042e-21 1.2985e-21 5.45586e-22 2.29238e-22 9.63184e-23 4.04699e-23 1.70042e-23 7.14461e-24 3.00194e-24 1.26132e-24 5.29966e-25 2.22675e-25 9.35608e-26 3.93112e-26 1.65173e-26 6.94005e-27 2.91599e-27 1.22521e-27 5.14792e-28 2.16299e-28 9.08821e-29 3.81857e-29 1.60444e-29 6.74136e-30 2.8325e-30 1.19013e-30 5.00053e-31 2.10106e-31 8.828e-32 3.70924e-32 1.55851e-32 6.54835e-33 2.75141e-33 1.15605e-33 4.85736e-34 2.04091e-34 8.57525e-35 3.60305e-35 1.51389e-35 6.36086e-36 2.67263e-36 1.12295e-36 4.71829e-37 1.98248e-37 8.32973e-38 3.49989e-38 1.47054e-38 6.17875e-39
0.118037 0.0651242 0.0338878 0.01698 0.00828634 0.00396564 0.00186959 0.000870984 0.00040186 0.000183933 8.36205e-05 3.77977e-05 1.70003e-05 7.61309e-06 3.39631e-06 1.51002e-06 6.69333e-07 2.95885e-07 1.30478e-07 5.74093e-08 2.52084e-08 1.10484e-08 4.83408e-09 2.11174e-09 9.21162e-10 4.01275e-10 1.74583e-10 7.5867e-11 3.29326e-11 1.42808e-11 6.18673e-12 2.67778e-12 1.15802e-12 5.00389e-13 2.16056e-13 9.32207e-14 4.01939e-14 1.73191e-14 7.45797e-15 3.20967e-15 1.38056e-15 5.93498e-16 2.55011e-16 1.09519e-16 4.70123e-17 2.01716e-17 8.65134e-18 3.70891e-18 1.58941e-18 6.80865e-19 2.91559e-19 1.24807e-19 5.34074e-20 2.28467e-20 9.77026e-21 4.17693e-21 1.78517e-21 7.62743e-22 3.25804e-22 1.3913e-22 5.93978e-23 2.5352e-23 1.0818e-23 4.61511e-24 1.96842e-24 8.39374e-25 3.5785e-25 1.5253e-25 6.50013e-26 2.76951e-26 1.17978e-26 5.02478e-27 2.13971e-27 9.10992e-28 3.87794e-28 1.65049e-28 7.02353e-29 2.98833e-29 1.27126e-29 5.4072e-30 2.29957e-30 9.77822e-31 4.15729e-31 1.76726e-31 7.51163e-32 3.19234e-32 1.35653e-32 5.76361e-33 2.44853e-33 1.04008e-33 4.41747e-34 1.876e-34 7.96602e-35 3.38223e-35 1.43588e-35 6.09518e-36 2.58708e-36 1.09797e-36 4.65935e-37 1.97706e-37 8.38824e-38
0.0495955 0.0338878 0.0205799 0.0116721 0.00632681 0.00331972 0.00169949 0.000853315 0.000421765 0.000205763 9.92853e-05 4.74577e-05 2.24996e-05 1.05909e-05 4.95377e-06 2.30402e-06 1.0662e-06 4.91137e-07 2.25302e-07 1.02964e-07 4.68922e-08 2.12879e-08 9.63585e-09 4.34976e-09 1.95859e-09 8.79837e-10 3.94373e-10 1.76409e-10 7.87587e-11 3.50987e-11 1.5615e-11 6.93583e-12 3.07606e-12 1.36228e-12 6.02488e-13 2.66114e-13 1.17397e-13 5.17291e-14 2.27683e-14 1.00107e-14 4.39704e-15 1.92945e-15 8.45871e-16 3.705e-16 1.62145e-16 7.09026e-17 3.09799e-17 1.3526e-17 5.90127e-18 2.57286e-18 1.12097e-18 4.88081e-19 2.12382e-19 9.23589e-20 4.01409e-20 1.74362e-20 7.56967e-21 3.28454e-21 1.42446e-21 6.1746e-22 2.67523e-22 1.15854e-22 5.01491e-23 2.16983e-23 9.38436e-24 4.05699e-24 1.75319e-24 7.57327e-25 3.2702e-25 1.41157e-25 6.09085e-26 2.62724e-26 1.13285e-26 4.88318e-27 2.10423e-27 9.06451e-28 3.90358e-28 1.68055e-28 7.23289e-29 3.11206e-29 1.33864e-29 5.75653e-30 2.47481e-30 1.06368e-30 4.57054e-31 1.96344e-31 8.43259e-32 3.62078e-32 1.55432e-32 6.67085e-33 2.86236e-33 1.22793e-33 5.26658e-34 2.25836e-34 9.68206e-35 4.15007e-35 1.77852e-35 7.62036e-36 3.26446e-36 1.39819e-36 5.98745e-37
0.0208384 0.01698 0.0116721 0.00731285 0.00431554 0.00244087 0.00133708 0.000714247 0.000373839 0.000192385 9.75988e-05 4.89083e-05 2.42484e-05 1.19099e-05 5.80129e-06 2.80488e-06 1.3471e-06 6.43078e-07 3.05308e-07 1.44222e-07 6.78141e-08 3.17514e-08 1.48081e-08 6.88105e-09 3.18666e-09 1.4711e-09 6.77121e-10 3.10803e-10 1.42289e-10 6.4982e-11 2.96081e-11 1.3461e-11 6.10728e-12 2.76545e-12 1.2499e-12 5.63922e-13 2.53998e-13 1.14221e-13 5.12855e-14 2.29937e-14 1.02948e-14 4.60303e-15 2.05548e-15 9.16744e-16 4.08386e-16 1.81719e-16 8.07715e-17 3.5864e-17 1.59082e-17 7.04954e-18 3.12099e-18 1.38048e-18 6.10084e-19 2.69389e-19 1.18855e-19 5.23975e-20 2.30819e-20 1.01604e-20 4.46929e-21 1.96455e-21 8.6297e-22 3.7883e-22 1.66194e-22 7.28651e-23 3.19274e-23 1.39815e-23 6.11924e-24 2.67671e-24 1.17024e-24 5.11349e-25 2.23327e-25 9.74877e-26 4.25352e-26 1.85499e-26 8.08606e-27 3.5232e-27 1.53443e-27 6.67993e-28 2.90681e-28 1.2644e-28 5.49766e-29 2.38948e-29 1.03816e-29 4.50884e-30 1.95752e-30 8.49562e-31 3.6858e-31 1.59853e-31 6.93052e-32 3.00379e-32 1.30147e-32 5.63719e-33 2.44095e-33 1.05663e-33 4.57258e-34 1.97822e-34 8.55585e-35 3.69941e-35 1.59913e-35 6.91063e-36 2.98565e-36
0.00875565 0.00828634 0.00632681 0.00431554 0.00273971 0.00165339 0.000960511 0.000541539 0.000297999 0.00016071 8.52037e-05 4.45143e-05 2.2961e-05 1.17112e-05 5.91393e-06 2.95987e-06 1.46952e-06 7.24291e-07 3.54622e-07 1.72575e-07 8.35148e-08 4.02077e-08 1.92656e-08 9.19027e-09 4.36596e-09 2.06612e-09 9.74229e-10 4.57818e-10 2.14457e-10 1.00157e-10 4.66429e-11 2.16633e-11 1.0036e-11 4.63816e-12 2.13862e-12 9.83954e-13 4.51764e-13 2.07008e-13 9.46756e-14 4.32218e-14 1.96976e-14 8.96196e-15 4.07099e-15 1.84643e-15 8.36233e-16 3.78188e-16 1.70804e-16 7.70406e-17 3.47051e-17 1.56149e-17 7.01734e-18 3.15003e-18 1.41248e-18 6.32685e-19 2.83106e-19 1.26555e-19 5.65186e-20 2.52173e-20 1.12413e-20 5.0067e-21 2.22802e-21 9.90666e-22 4.40137e-22 1.95394e-22 8.66771e-23 3.84218e-23 1.70193e-23 7.53358e-24 3.33247e-24 1.47314e-24 6.50794e-25 2.87322e-25 1.26774e-25 5.59024e-26 2.46364e-26 1.08512e-26 4.77682e-27 2.10166e-27 9.24183e-28 4.06189e-28 1.78434e-28 7.83455e-29 3.43827e-29 1.50821e-29 6.61272e-30 2.89804e-30 1.26951e-30 5.55875e-31 2.43296e-31 1.06442e-31 4.65494e-32 2.03489e-32 8.89197e-33 3.88408e-33 1.69596e-33 7.40258e-34 3.22993e-34 1.4088e-34 6.14261e-35 2.67737e-35 1.16659e-35
0.00367884 0.00396564 0.00331972 0.00244087 0.00165339 0.00105718 0.000647269 0.000383023 0.000220474 0.000124025 6.84227e-05 3.71203e-05 1.98462e-05 1.04751e-05 5.46598e-06 2.82312e-06 1.4447e-06 7.33141e-07 3.69212e-07 1.84639e-07 9.17422e-08 4.53137e-08 2.22584e-08 1.08775e-08 5.29036e-09 2.56152e-09 1.23506e-09 5.93154e-10 2.83815e-10 1.35327e-10 6.43123e-11 3.04681e-11 1.43915e-11 6.77865e-12 3.18431e-12 1.49203e-12 6.97402e-13 3.25221e-13 1.51324e-13 7.02613e-14 3.25566e-14 1.50561e-14 6.94984e-15 3.20224e-15 1.47293e-15 6.76376e-16 3.10097e-16 1.4195e-16 6.48827e-17 2.9614e-17 1.34978e-17 6.14392e-18 2.79297e-18 1.26807e-18 5.75031e-19 2.60453e-19 1.17835e-19 5.32522e-20 2.40401e-20 1.08414e-20 4.88421e-21 2.19825e-21 9.88435e-22 4.44034e-22 1.99293e-22 8.93695e-23 4.00419e-23 1.79259e-23 8.01852e-24 3.58398e-24 1.60068e-24 7.14359e-25 3.18575e-25 1.4197e-25 6.32238e-26 2.81364e-26 1.25132e-26 5.56145e-27 2.4702e-27 1.0965e-27 4.86428e-28 2.15662e-28 9.55603e-29 4.2319e-29 1.87306e-29 8.28578e-30 3.6634e-30 1.61886e-30 7.15009e-31 3.15644e-31 1.39275e-31 6.14239e-32 2.70769e-32 1.19305e-32 5.25441e-33 2.31311e-33 1.01784e-33 4.47689e-34 1.9683e-34 8.65023e-35 3.80005e-35
0.00154573 0.00186959 0.00169949 0.00133708 0.000960511 0.000647269 0.000415725 0.000257118 0.000154222 9.01745e-05 5.15976e-05 2.89792e-05 1.60135e-05 8.723e-06 4.6915e-06 2.49457e-06 1.31281e-06 6.84453e-07 3.53812e-07 1.81467e-07 9.24038e-08 4.67394e-08 2.34957e-08 1.17434e-08 5.83797e-09 2.88766e-09 1.42162e-09 6.96772e-10 3.40083e-10 1.65335e-10 8.00802e-11 3.865e-11 1.85917e-11 8.91461e-12 4.26157e-12 2.03133e-12 9.65597e-13 4.5779e-13 2.16493e-13 1.02135e-13 4.80727e-14 2.25767e-14 1.05803e-14 4.94823e-15 2.30965e-15 1.07602e-15 5.00381e-16 2.32283e-16 1.07646e-16 4.98043e-17 2.30064e-17 1.06112e-17 4.88697e-18 2.24746e-18 1.03215e-18 4.73379e-19 2.16826e-19 9.91888e-20 4.53193e-20 2.06817e-20 9.4273e-21 4.2924e-21 1.95227e-21 8.86987e-22 4.02575e-22 1.82532e-22 8.26811e-23 3.74162e-23 1.69164e-23 7.64125e-24 3.44855e-24 1.55502e-24 7.00597e-25 3.15388e-25 1.41865e-25 6.37622e-26 2.86365e-26 1.28515e-26 5.76328e-27 2.58271e-27 1.15659e-27 5.17589e-28 2.31473e-28 1.03451e-28 4.62049e-29 2.06239e-29 9.19997e-30 4.10148e-30 1.82743e-30 8.13744e-31 3.62152e-31 1.61084e-31 7.16105e-32 3.18178e-32 1.41298e-32 6.27162e-33 2.7823e-33 1.23371e-33 5.46778e-34 2.42216e-34 1.07248e-34
0.000649467 0.000870984 0.000853315 0.000714247 0.000541539 0.000383023 0.000257118 0.000165652 0.000103222 6.25572e-05 3.70292e-05 2.14777e-05 1.22384e-05 6.86545e-06 3.79807e-06 2.07505e-06 1.12097e-06 5.99383e-07 3.17502e-07 1.66746e-07 8.68809e-08 4.49377e-08 2.30857e-08 1.17849e-08 5.98049e-09 3.01817e-09 1.51529e-09 7.57045e-10 3.76484e-10 1.86415e-10 9.19234e-11 4.51519e-11 2.20961e-11 1.07752e-11 5.23694e-12 2.53712e-12 1.2254e-12 5.9013e-13 2.83403e-13 1.35738e-13 6.4846e-14 3.09027e-14 1.46921e-14 6.96922e-15 3.29864e-15 1.55801e-15 7.34387e-16 3.45486e-16 1.62224e-16 7.60337e-17 3.5574e-17 1.66157e-17 7.74796e-18 3.60714e-18 1.67674e-18 7.7825e-19 3.60695e-19 1.66935e-19 7.71544e-20 3.5612e-20 1.64161e-20 7.55785e-21 3.47533e-21 1.59617e-21 7.32247e-22 3.35543e-22 1.5359e-22 7.02282e-23 3.20781e-23 1.46375e-23 6.67255e-24 3.03877e-24 1.38259e-24 6.2848e-25 2.85429e-25 1.29516e-25 5.87184e-26 2.65988e-26 1.20391e-26 5.44473e-27 2.46047e-27 1.11103e-27 5.01312e-28 2.26033e-28 1.01841e-28 4.58526e-29 2.06304e-29 9.27591e-30 4.1679e-30 1.87153e-30 8.39842e-31 3.76641e-31 1.68807e-31 7.56123e-32 3.38484e-32 1.51437e-32 6.77141e-33 3.0261e-33 1.3516e-33 6.03367e-34 2.69206e-34
0.000272885 0.00040186 0.000421765 0.000373839 0.000297999 0.000220474 0.000154222 0.000103222 6.6653e-05 4.17729e-05 2.55241e-05 1.52583e-05 8.94877e-06 5.16054e-06 2.93158e-06 1.64306e-06 9.09725e-07 4.98145e-07 2.70025e-07 1.45015e-07 7.7215e-08 4.07891e-08 2.13888e-08 1.1139e-08 5.76398e-09 2.96476e-09 1.51637e-09 7.71467e-10 3.9053e-10 1.96759e-10 9.86898e-11 4.92906e-11 2.45191e-11 1.21501e-11 5.99881e-12 2.95147e-12 1.44732e-12 7.07475e-13 3.44773e-13 1.67529e-13 8.11762e-14 3.92284e-14 1.89083e-14 9.09126e-15 4.36072e-15 2.08685e-15 9.96463e-16 4.74789e-16 2.25757e-16 1.07131e-16 5.07398e-17 2.39868e-17 1.1319e-17 5.33194e-18 2.50741e-18 1.1772e-18 5.51799e-19 2.5825e-19 1.20683e-19 5.63139e-20 2.62403e-20 1.22102e-20 5.67407e-21 2.63329e-21 1.22053e-21 5.65017e-22 2.61246e-22 1.2065e-22 5.56552e-23 2.56448e-23 1.18037e-23 5.42719e-24 2.49276e-24 1.14378e-24 5.24297e-25 2.40099e-25 1.09848e-25 5.021e-26 2.29296e-26 1.04621e-26 4.76938e-27 2.17239e-27 9.88677e-28 4.49591e-28 2.04284e-28 9.27498e-29 4.20784e-29 1.90757e-29 8.64138e-30 3.91177e-30 1.76953e-30 7.99907e-31 3.6135e-31 1.63127e-31 7.35937e-32 3.318e-32 1.49499e-32 6.73181e-33 3.02943e-33 1.36249e-33 6.12417e-34
0.000114658 0.000183933 0.000205763 0.000192385 0.00016071 0.000124025 9.01745e-05 6.25572e-05 4.17729e-05 2.70206e-05 1.7012e-05 1.04638e-05 6.30625e-06 3.73281e-06 2.17437e-06 1.24846e-06 7.07557e-07 3.9628e-07 2.19553e-07 1.20435e-07 6.54611e-08 3.52795e-08 1.88639e-08 1.00126e-08 5.27803e-09 2.76439e-09 1.43912e-09 7.44935e-10 3.83534e-10 1.96463e-10 1.00154e-10 5.08242e-11 2.56796e-11 1.29215e-11 6.47635e-12 3.23382e-12 1.60896e-12 7.97783e-13 3.94274e-13 1.94243e-13 9.54068e-14 4.67256e-14 2.28202e-14 1.11153e-14 5.40008e-15 2.61697e-15 1.26519e-15 6.10246e-16 2.93687e-16 1.41034e-16 6.75862e-17 3.23231e-17 1.54283e-17 7.35018e-18 3.49527e-18 1.65916e-18 7.86222e-19 3.7194e-19 1.75668e-19 8.28367e-20 3.90018e-20 1.83356e-20 8.60744e-21 4.03493e-21 1.88885e-21 8.8303e-22 4.12271e-22 1.92237e-22 8.95256e-23 4.16419e-23 1.93463e-23 8.97767e-24 4.16138e-24 1.92678e-24 8.91163e-25 4.11741e-25 1.9004e-25 8.76245e-26 4.03626e-26 1.85744e-26 8.53961e-27 3.92248e-27 1.80008e-27 8.25348e-28 3.78099e-28 1.73063e-28 7.91483e-29 3.6168e-29 1.65142e-29 7.53446e-30 3.43488e-30 1.56474e-30 7.12281e-31 3.24e-31 1.47274e-31 6.68969e-32 3.03658e-32 1.37744e-32 6.24408e-33 2.82867e-33 1.28062e-33
4.81755e-05 8.36205e-05 9.92853e-05 9.75988e-05 8.52037e-05 6.84227e-05 5.15976e-05 3.70292e-05 2.55241e-05 1.7012e-05 1.10192e-05 6.9635e-06 4.30663e-06 2.61319e-06 1.55892e-06 9.159e-07 5.3073e-07 3.03698e-07 1.71799e-07 9.61633e-08 5.33049e-08 2.92822e-08 1.59513e-08 8.62166e-09 4.62603e-09 2.46518e-09 1.30524e-09 6.86903e-10 3.59429e-10 1.87059e-10 9.68537e-11 4.99044e-11 2.55948e-11 1.30693e-11 6.64553e-12 3.36564e-12 1.69802e-12 8.53546e-13 4.27551e-13 2.13446e-13 1.06215e-13 5.26915e-14 2.60614e-14 1.28532e-14 6.32154e-15 3.10084e-15 1.51712e-15 7.40428e-16 3.60501e-16 1.75115e-16 8.48728e-17 4.10462e-17 1.98091e-17 9.54056e-18 4.58592e-18 2.20013e-18 1.05357e-18 5.03614e-19 2.40309e-19 1.14473e-19 5.44401e-20 2.58485e-20 1.22538e-20 5.80023e-21 2.74141e-21 1.29382e-21 6.09767e-22 2.86982e-22 1.34885e-22 6.33147e-23 2.96818e-23 1.38975e-23 6.49907e-24 3.03564e-24 1.41627e-24 6.60005e-25 3.07232e-25 1.42861e-25 6.63589e-26 3.07917e-26 1.42733e-26 6.60975e-27 3.05788e-27 1.41332e-27 6.52613e-28 3.01073e-28 1.3877e-28 6.39055e-29 2.94039e-29 1.35177e-29 6.20928e-30 2.84987e-30 1.30695e-30 5.989e-31 2.74229e-31 1.25471e-31 5.73654e-32 2.62083e-32 1.19651e-32 5.4587e-33 2.48863e-33
2.02418e-05 3.77977e-05 4.74577e-05 4.89083e-05 4.45143e-05 3.71203e-05 2.89792e-05 2.14777e-05 1.52583e-05 1.04638e-05 6.9635e-06 4.51544e-06 2.86233e-06 1.7784e-06 1.08535e-06 6.51818e-07 3.85802e-07 2.25347e-07 1.3004e-07 7.42104e-08 4.19166e-08 2.34515e-08 1.30049e-08 7.15245e-09 3.90344e-09 2.11492e-09 1.1381e-09 6.08529e-10 3.23408e-10 1.70896e-10 8.98161e-11 4.69612e-11 2.44341e-11 1.2654e-11 6.52419e-12 3.34952e-12 1.71268e-12 8.72337e-13 4.42666e-13 2.23831e-13 1.12791e-13 5.66504e-14 2.83633e-14 1.41575e-14 7.046e-15 3.4968e-15 1.73066e-15 8.54301e-16 4.20633e-16 2.06598e-16 1.01232e-16 4.94885e-17 2.41392e-17 1.1749e-17 5.70648e-18 2.76599e-18 1.33806e-18 6.46052e-19 3.1135e-19 1.49776e-19 7.19237e-20 3.44791e-20 1.65012e-20 7.88438e-21 3.76125e-21 1.79155e-21 8.52059e-22 4.04646e-22 1.91893e-22 9.08732e-23 4.29755e-23 2.02969e-23 9.57352e-24 4.50986e-24 2.12185e-24 9.97105e-25 4.68005e-25 2.1941e-25 1.02747e-25 4.80617e-26 2.24572e-26 1.04822e-26 4.88757e-27 2.27662e-27 1.05938e-27 4.92481e-28 2.28722e-28 1.06125e-28 4.91954e-29 2.27844e-29 1.0543e-29 4.87429e-30 2.25157e-30 1.03919e-30 4.79231e-31 2.20822e-31 1.0167e-31 4.67741e-32 2.15022e-32 9.87716e-33 4.53376e-33
8.50496e-06 1.70003e-05 2.24996e-05 2.42484e-05 2.2961e-05 1.98462e-05 1.60135e-05 1.22384e-05 8.94877e-06 6.30625e-06 4.30663e-06 2.86233e-06 1.85775e-06 1.18069e-06 7.36461e-07 4.51696e-07 2.72848e-07 1.62541e-07 9.56067e-08 5.55824e-08 3.19669e-08 1.8202e-08 1.02683e-08 5.74261e-09 3.18562e-09 1.75377e-09 9.58606e-10 5.20448e-10 2.80768e-10 1.50557e-10 8.02734e-11 4.25684e-11 2.24576e-11 1.17898e-11 6.16045e-12 3.20463e-12 1.65992e-12 8.56285e-13 4.39994e-13 2.25238e-13 1.14886e-13 5.83967e-14 2.95841e-14 1.49393e-14 7.52073e-15 3.77478e-15 1.88918e-15 9.42853e-16 4.69297e-16 2.32981e-16 1.15373e-16 5.69935e-17 2.80882e-17 1.38111e-17 6.77591e-18 3.31721e-18 1.62058e-18 7.90106e-19 3.84453e-19 1.8671e-19 9.05072e-20 4.37934e-20 2.11528e-20 1.01995e-20 4.90975e-21 2.35956e-21 1.13217e-21 5.42396e-22 2.59456e-22 1.23927e-22 5.91075e-23 2.81517e-23 1.33897e-23 6.35987e-24 3.01686e-24 1.42924e-24 6.76246e-25 3.19574e-25 1.50839e-25 7.11121e-26 3.34867e-26 1.5751e-26 7.40056e-27 3.47335e-27 1.62844e-27 7.62676e-28 3.56833e-28 1.66784e-28 7.78786e-29 3.63297e-29 1.69315e-29 7.88359e-30 3.66739e-30 1.70452e-30 7.91525e-31 3.67242e-31 1.70244e-31 7.88551e-32 3.64949e-32 1.68766e-32 7.79819e-33
3.57351e-06 7.61309e-06 1.05909e-05 1.19099e-05 1.17112e-05 1.04751e-05 8.723e-06 6.86545e-06 5.16054e-06 3.73281e-06 2.61319e-06 1.7784e-06 1.18069e-06 7.669e-07 4.88488e-07 3.05729e-07 1.88324e-07 1.14336e-07 6.85006e-08 4.0542e-08 2.37257e-08 1.37402e-08 7.88036e-09 4.47875e-09 2.52395e-09 1.41106e-09 7.82986e-10 4.31417e-10 2.36125e-10 1.28424e-10 6.94308e-11 3.73242e-11 1.99563e-11 1.06154e-11 5.61899e-12 2.96036e-12 1.55268e-12 8.10882e-13 4.21741e-13 2.18484e-13 1.12758e-13 5.79822e-14 2.97111e-14 1.51732e-14 7.72364e-15 3.91927e-15 1.98278e-15 1.00017e-15 5.03086e-16 2.52363e-16 1.26258e-16 6.30059e-17 3.13635e-17 1.55748e-17 7.71627e-18 3.81424e-18 1.88127e-18 9.2591e-19 4.54761e-19 2.22905e-19 1.09044e-19 5.32423e-20 2.59478e-20 1.26229e-20 6.1298e-21 2.97158e-21 1.43813e-21 6.94863e-22 3.35201e-22 1.61448e-22 7.76424e-23 3.72837e-23 1.78775e-23 8.56008e-24 4.09303e-24 1.95444e-24 9.32015e-25 4.43873e-25 2.11126e-25 1.00296e-25 4.75878e-26 2.25522e-26 1.06751e-26 5.04732e-27 2.38374e-27 1.12455e-27 5.29946e-28 2.49472e-28 1.17317e-28 5.51137e-29 2.58656e-29 1.21271e-29 5.68035e-30 2.65816e-30 1.24275e-30 5.80483e-31 2.70898e-31 1.2631e-31 5.88433e-32 2.73895e-32 1.27382e-32
1.50148e-06 3.39631e-06 4.95377e-06 5.80129e-06 5.91393e-06 5.46598e-06 4.6915e-06 3.79807e-06 2.93158e-06 2.17437e-06 1.55892e-06 1.08535e-06 7.36461e-07 4.88488e-07 3.17496e-07 2.02623e-07 1.27189e-07 7.86441e-08 4.79606e-08 2.88793e-08 1.71866e-08 1.01174e-08 5.89587e-09 3.40348e-09 1.9474e-09 1.10505e-09 6.22181e-10 3.47739e-10 1.93006e-10 1.06421e-10 5.8314e-11 3.17646e-11 1.72054e-11 9.26939e-12 4.96835e-12 2.65e-12 1.40685e-12 7.43534e-13 3.9128e-13 2.05061e-13 1.07043e-13 5.56647e-14 2.8841e-14 1.48904e-14 7.66175e-15 3.92937e-15 2.00882e-15 1.02384e-15 5.20281e-16 2.63634e-16 1.33217e-16 6.71361e-17 3.3746e-17 1.69197e-17 8.46259e-18 4.22262e-18 2.10213e-18 1.04415e-18 5.17515e-19 2.55955e-19 1.2633e-19 6.22275e-20 3.0592e-20 1.5011e-20 7.35197e-21 3.5943e-21 1.75412e-21 8.54589e-22 4.15649e-22 2.0183e-22 9.78473e-23 4.73624e-23 2.28905e-23 1.10466e-23 5.32317e-24 2.56148e-24 1.23085e-24 5.90644e-25 2.83052e-25 1.35468e-25 6.4752e-26 3.09117e-26 1.47387e-26 7.01893e-27 3.33864e-27 1.58623e-27 7.5278e-28 3.56851e-28 1.68978e-28 7.99297e-29 3.77685e-29 1.78279e-29 8.40684e-30 3.96033e-30 1.86383e-30 8.7632e-31 4.11632e-31 1.93176e-31 9.05734e-32 4.24287e-32 1.9858e-32
6.30873e-07 1.51002e-06 2.30402e-06 2.80488e-06 2.95987e-06 2.82312e-06 2.49457e-06 2.07505e-06 1.64306e-06 1.24846e-06 9.159e-07 6.51818e-07 4.51696e-07 3.05729e-07 2.02623e-07 1.3177e-07 8.42355e-08 5.30132e-08 3.28892e-08 2.01372e-08 1.21802e-08 7.28462e-09 4.31114e-09 2.52647e-09 1.46706e-09 8.44566e-10 4.82277e-10 2.73298e-10 1.53757e-10 8.59138e-11 4.76948e-11 2.63149e-11 1.44339e-11 7.87295e-12 4.27146e-12 2.30569e-12 1.23854e-12 6.62202e-13 3.52475e-13 1.8681e-13 9.86012e-14 5.18371e-14 2.71482e-14 1.41659e-14 7.36559e-15 3.81668e-15 1.9712e-15 1.01482e-15 5.20845e-16 2.66521e-16 1.35988e-16 6.91916e-17 3.51099e-17 1.7769e-17 8.9699e-18 4.51686e-18 2.26903e-18 1.13718e-18 5.68632e-19 2.83708e-19 1.41247e-19 7.0174e-20 3.47927e-20 1.72162e-20 8.50244e-21 4.19113e-21 2.06214e-21 1.0128e-21 4.96559e-22 2.43037e-22 1.18754e-22 5.79313e-23 2.82154e-23 1.37208e-23 6.66211e-24 3.22995e-24 1.56367e-24 7.55914e-25 3.64916e-25 1.75921e-25 8.46957e-26 4.07224e-26 1.95545e-26 9.37802e-27 4.49199e-27 2.14901e-27 1.02689e-27 4.90117e-28 2.33657e-28 1.11268e-28 5.29277e-29 2.51493e-29 1.19373e-29 5.66023e-30 2.68112e-30 1.26871e-30 5.99758e-31 2.83249e-31 1.33643e-31 6.29962e-32 2.96676e-32
2.65072e-07 6.69333e-07 1.0662e-06 1.3471e-06 1.46952e-06 1.4447e-06 1.31281e-06 1.12097e-06 9.09725e-07 7.07557e-07 5.3073e-07 3.85802e-07 2.72848e-07 1.88324e-07 1.27189e-07 8.42355e-08 5.48071e-08 3.50878e-08 2.21332e-08 1.37724e-08 8.46252e-09 5.13941e-09 3.08745e-09 1.836e-09 1.08147e-09 6.31356e-10 3.65497e-10 2.09918e-10 1.19663e-10 6.77316e-11 3.80802e-11 2.1273e-11 1.18118e-11 6.5206e-12 3.57977e-12 1.9549e-12 1.06218e-12 5.74341e-13 3.09117e-13 1.6563e-13 8.8368e-14 4.69528e-14 2.48489e-14 1.31006e-14 6.88143e-15 3.60182e-15 1.87877e-15 9.76759e-16 5.06183e-16 2.61506e-16 1.34694e-16 6.91759e-17 3.5427e-17 1.80937e-17 9.2165e-18 4.68259e-18 2.37311e-18 1.19976e-18 6.05122e-19 3.04503e-19 1.52886e-19 7.65944e-20 3.82917e-20 1.91035e-20 9.51142e-21 4.72633e-21 2.34406e-21 1.16038e-21 5.73377e-22 2.82816e-22 1.39255e-22 6.84507e-23 3.3591e-23 1.64574e-23 8.05022e-24 3.93169e-24 1.91729e-24 9.33579e-25 4.5392e-25 2.20388e-25 1.06853e-25 5.1736e-26 2.50158e-26 1.20799e-26 5.82576e-27 2.80602e-27 1.34987e-27 6.48577e-28 3.11253e-28 1.49195e-28 7.14328e-29 3.41625e-29 1.63199e-29 7.78779e-30 3.71231e-30 1.76774e-30 8.40898e-31 3.99601e-31 1.89704e-31 8.99704e-32 4.26288e-32
1.11375e-07 2.95885e-07 4.91137e-07 6.43078e-07 7.24291e-07 7.33141e-07 6.84453e-07 5.99383e-07 4.98145e-07 3.9628e-07 3.03698e-07 2.25347e-07 1.62541e-07 1.14336e-07 7.86441e-08 5.30132e-08 3.50878e-08 2.28394e-08 1.46411e-08 9.25446e-09 5.77401e-09 3.55927e-09 2.16951e-09 1.30859e-09 7.81583e-10 4.62528e-10 2.71348e-10 1.57891e-10 9.11637e-11 5.22518e-11 2.97412e-11 1.68168e-11 9.44915e-12 5.27762e-12 2.93087e-12 1.61875e-12 8.89381e-13 4.86204e-13 2.64521e-13 1.43251e-13 7.72337e-14 4.14633e-14 2.21685e-14 1.18057e-14 6.26308e-15 3.31044e-15 1.74357e-15 9.15166e-16 4.78759e-16 2.49653e-16 1.29779e-16 6.72609e-17 3.47576e-17 1.79104e-17 9.20372e-18 4.71695e-18 2.41118e-18 1.22943e-18 6.25331e-19 3.17306e-19 1.60634e-19 8.11363e-20 4.08916e-20 2.05646e-20 1.03204e-20 5.16876e-21 2.58351e-21 1.28881e-21 6.41718e-22 3.18929e-22 1.58219e-22 7.83526e-23 3.87345e-23 1.91164e-23 9.41887e-24 4.63327e-24 2.27556e-24 1.11588e-24 5.46369e-25 2.67122e-25 1.30407e-25 6.35733e-26 3.09485e-26 1.50456e-26 7.30463e-27 3.54172e-27 1.71501e-27 8.29415e-28 4.00623e-28 1.93272e-28 9.31283e-29 4.48212e-29 2.15469e-29 1.03465e-29 4.96266e-30 2.37773e-30 1.138e-30 5.44079e-31 2.59855e-31 1.23981e-31 5.90939e-32
4.67962e-08 1.30478e-07 2.25302e-07 3.05308e-07 3.54622e-07 3.69212e-07 3.53812e-07 3.17502e-07 2.70025e-07 2.19553e-07 1.71799e-07 1.3004e-07 9.56067e-08 6.85006e-08 4.79606e-08 3.28892e-08 2.21332e-08 1.46411e-08 9.53385e-09 6.1188e-09 3.87474e-09 2.42335e-09 1.49816e-09 9.1622e-10 5.54677e-10 3.32619e-10 1.97679e-10 1.16494e-10 6.81047e-11 3.9515e-11 2.27629e-11 1.30236e-11 7.40304e-12 4.18216e-12 2.34868e-12 1.31157e-12 7.28474e-13 4.02518e-13 2.21309e-13 1.21099e-13 6.59619e-14 3.57709e-14 1.93163e-14 1.03882e-14 5.56472e-15 2.96957e-15 1.57887e-15 8.36481e-16 4.41645e-16 2.32405e-16 1.21904e-16 6.37434e-17 3.32306e-17 1.72729e-17 8.95275e-18 4.62748e-18 2.38542e-18 1.22645e-18 6.28974e-19 3.21766e-19 1.64211e-19 8.36079e-20 4.24718e-20 2.15272e-20 1.08876e-20 5.49485e-21 2.76748e-21 1.39104e-21 6.97811e-22 3.49384e-22 1.74604e-22 8.70978e-23 4.33693e-23 2.15574e-23 1.06971e-23 5.29915e-24 2.6208e-24 1.29409e-24 6.37984e-25 3.14041e-25 1.54351e-25 7.57509e-26 3.71225e-26 1.81664e-26 8.87761e-27 4.33241e-27 2.11145e-27 1.02769e-27 4.99551e-28 2.42521e-28 1.17592e-28 5.69477e-29 2.75457e-29 1.33082e-29 6.42216e-30 3.09564e-30 1.4905e-30 7.16868e-31 3.4441e-31 1.65292e-31 7.92451e-32
1.96623e-08 5.74093e-08 1.02964e-07 1.44222e-07 1.72575e-07 1.84639e-07 1.81467e-07 1.66746e-07 1.45015e-07 1.20435e-07 9.61633e-08 7.42104e-08 5.55824e-08 4.0542e-08 2.88793e-08 2.01372e-08 1.37724e-08 9.25446e-09 6.1188e-09 3.98573e-09 2.56072e-09 1.62428e-09 1.01808e-09 6.31058e-10 3.87103e-10 2.35141e-10 1.41522e-10 8.44388e-11 4.99673e-11 2.93389e-11 1.70997e-11 9.89651e-12 5.68942e-12 3.24999e-12 1.84523e-12 1.04158e-12 5.84672e-13 3.26447e-13 1.81339e-13 1.00238e-13 5.51467e-14 3.02018e-14 1.64682e-14 8.9418e-15 4.83546e-15 2.60462e-15 1.39766e-15 7.47255e-16 3.98102e-16 2.11363e-16 1.11846e-16 5.89942e-17 3.10201e-17 1.62615e-17 8.49962e-18 4.42994e-18 2.30245e-18 1.19346e-18 6.17004e-19 3.18169e-19 1.63662e-19 8.39818e-20 4.29931e-20 2.1959e-20 1.11906e-20 5.69042e-21 2.88741e-21 1.46207e-21 7.38828e-22 3.72612e-22 1.87555e-22 9.42269e-23 4.72516e-23 2.36522e-23 1.18183e-23 5.89503e-24 2.93548e-24 1.45932e-24 7.24292e-25 3.5891e-25 1.77573e-25 8.77215e-26 4.32695e-26 2.13118e-26 1.04817e-26 5.14786e-27 2.52476e-27 1.23658e-27 6.04845e-28 2.95458e-28 1.44141e-28 7.02314e-29 3.4177e-29 1.66115e-29 8.06418e-30 3.91022e-30 1.89382e-30 9.16181e-31 4.42729e-31 2.13706e-31 1.03045e-31
8.26146e-09 2.52084e-08 4.68922e-08 6.78141e-08 8.35148e-08 9.17422e-08 9.24038e-08 8.68809e-08 7.7215e-08 6.54611e-08 5.33049e-08 4.19166e-08 3.19669e-08 2.37257e-08 1.71866e-08 1.21802e-08 8.46252e-09 5.77401e-09 3.87474e-09 2.56072e-09 1.66854e-09 1.07301e-09 6.81642e-10 4.28097e-10 2.65996e-10 1.6362e-10 9.96967e-11 6.02062e-11 3.60519e-11 2.14159e-11 1.26253e-11 7.38933e-12 4.29517e-12 2.48031e-12 1.42335e-12 8.11921e-13 4.60497e-13 2.59749e-13 1.45744e-13 8.13638e-14 4.52021e-14 2.4995e-14 1.37591e-14 7.54117e-15 4.11594e-15 2.23739e-15 1.21149e-15 6.53513e-16 3.51239e-16 1.88112e-16 1.00402e-16 5.34101e-17 2.8321e-17 1.49705e-17 7.88944e-18 4.1455e-18 2.17203e-18 1.13487e-18 5.91355e-19 3.07332e-19 1.59314e-19 8.23787e-20 4.24932e-20 2.18672e-20 1.1227e-20 5.75112e-21 2.93959e-21 1.49929e-21 7.6309e-22 3.87592e-22 1.96474e-22 9.93993e-23 5.01916e-23 2.52969e-23 1.27264e-23 6.391e-24 3.20383e-24 1.60334e-24 8.01031e-25 3.99539e-25 1.98961e-25 9.89215e-26 4.91066e-26 2.43405e-26 1.20468e-26 5.95359e-27 2.93808e-27 1.44789e-27 7.12542e-28 3.50183e-28 1.71871e-28 8.42443e-29 4.12403e-29 2.0163e-29 9.84576e-30 4.80192e-30 2.33917e-30 1.13814e-30 5.5313e-31 2.68513e-31 1.30202e-31
3.4712e-09 1.10484e-08 2.12879e-08 3.17514e-08 4.02077e-08 4.53137e-08 4.67394e-08 4.49377e-08 4.07891e-08 3.52795e-08 2.92822e-08 2.34515e-08 1.8202e-08 1.37402e-08 1.01174e-08 7.28462e-09 5.13941e-09 3.55927e-09 2.42335e-09 1.62428e-09 1.07301e-09 6.99355e-10 4.50132e-10 2.86345e-10 1.80163e-10 1.12191e-10 6.9187e-11 4.22772e-11 2.56105e-11 1.53871e-11 9.17293e-12 5.42793e-12 3.18927e-12 1.86133e-12 1.07934e-12 6.22046e-13 3.56392e-13 2.03041e-13 1.1505e-13 6.48532e-14 3.63751e-14 2.03043e-14 1.12813e-14 6.24013e-15 3.43681e-15 1.885e-15 1.02973e-15 5.60334e-16 3.03766e-16 1.64078e-16 8.83147e-17 4.73731e-17 2.53274e-17 1.34976e-17 7.17075e-18 3.79802e-18 2.00572e-18 1.05618e-18 5.54624e-19 2.90456e-19 1.5171e-19 7.90376e-20 4.10737e-20 2.12928e-20 1.10121e-20 5.68192e-21 2.92507e-21 1.50251e-21 7.70121e-22 3.93898e-22 2.01054e-22 1.02416e-22 5.20671e-23 2.64194e-23 1.33802e-23 6.76396e-24 3.41314e-24 1.71925e-24 8.64515e-25 4.33978e-25 2.17491e-25 1.08819e-25 5.43598e-26 2.71124e-26 1.35018e-26 6.71369e-27 3.3334e-27 1.65266e-27 8.18205e-28 4.04513e-28 1.99713e-28 9.8468e-29 4.84851e-29 2.38427e-29 1.17098e-29 5.74374e-30 2.81388e-30 1.37685e-30 6.72901e-31 3.28477e-31 1.60161e-31
1.45849e-09 4.83408e-09 9.63585e-09 1.48081e-08 1.92656e-08 2.22584e-08 2.34957e-08 2.30857e-08 2.13888e-08 1.88639e-08 1.59513e-08 1.30049e-08 1.02683e-08 7.88036e-09 5.89587e-09 4.31114e-09 3.08745e-09 2.16951e-09 1.49816e-09 1.01808e-09 6.81642e-10 4.50132e-10 2.93456e-10 1.89028e-10 1.20399e-10 7.58793e-11 4.73474e-11 2.92675e-11 1.79312e-11 1.08937e-11 6.56542e-12 3.92687e-12 2.33176e-12 1.37505e-12 8.05545e-13 4.68942e-13 2.71347e-13 1.56105e-13 8.93089e-14 5.08225e-14 2.87732e-14 1.62098e-14 9.08871e-15 5.07266e-15 2.8187e-15 1.55958e-15 8.59361e-16 4.71641e-16 2.57852e-16 1.40446e-16 7.62209e-17 4.12208e-17 2.22168e-17 1.19347e-17 6.39072e-18 3.41142e-18 1.81554e-18 9.63385e-19 5.09741e-19 2.68961e-19 1.41531e-19 7.42785e-20 3.88829e-20 2.03031e-20 1.05756e-20 5.4955e-21 2.84904e-21 1.47367e-21 7.6057e-22 3.91682e-22 2.01283e-22 1.03224e-22 5.28288e-23 2.69836e-23 1.37559e-23 6.99923e-24 3.55472e-24 1.80206e-24 9.11924e-25 4.6067e-25 2.32315e-25 1.1696e-25 5.87871e-26 2.95003e-26 1.47803e-26 7.39381e-27 3.6931e-27 1.84189e-27 9.17279e-28 4.56155e-28 2.26522e-28 1.12332e-28 5.56296e-29 2.75122e-29 1.35885e-29 6.70282e-30 3.3021e-30 1.62472e-30 7.98424e-31 3.91889e-31 1.92121e-31
6.1281e-10 2.11174e-09 4.34976e-09 6.88105e-09 9.19027e-09 1.08775e-08 1.17434e-08 1.17849e-08 1.1139e-08 1.00126e-08 8.62166e-09 7.15245e-09 5.74261e-09 4.47875e-09 3.40348e-09 2.52647e-09 1.836e-09 1.30859e-09 9.1622e-10 6.31058e-10 4.28097e-10 2.86345e-10 1.89028e-10 1.23262e-10 7.94559e-11 5.06667e-11 3.19809e-11 1.9993e-11 1.23855e-11 7.60672e-12 4.63366e-12 2.80071e-12 1.68031e-12 1.00101e-12 5.92309e-13 3.4822e-13 2.03456e-13 1.18171e-13 6.82465e-14 3.91989e-14 2.23968e-14 1.27321e-14 7.20272e-15 4.05558e-15 2.27322e-15 1.26861e-15 7.04984e-16 3.9017e-16 2.15085e-16 1.18114e-16 6.46223e-17 3.5229e-17 1.91382e-17 1.03617e-17 5.59159e-18 3.00781e-18 1.61293e-18 8.62325e-19 4.59674e-19 2.44335e-19 1.29513e-19 6.84641e-20 3.60964e-20 1.89821e-20 9.95716e-21 5.21027e-21 2.71985e-21 1.4165e-21 7.3603e-22 3.81598e-22 1.97411e-22 1.01908e-22 5.24983e-23 2.69895e-23 1.38477e-23 7.09112e-24 3.62428e-24 1.84891e-24 9.4149e-25 4.78558e-25 2.42823e-25 1.22998e-25 6.21971e-26 3.13995e-26 1.5826e-26 7.96387e-27 4.00128e-27 2.00727e-27 1.00545e-27 5.02885e-28 2.51158e-28 1.25258e-28 6.23811e-29 3.10244e-29 1.54087e-29 7.64273e-30 3.78585e-30 1.87292e-30 9.25393e-31 4.56659e-31 2.25074e-31
2.57483e-10 9.21162e-10 1.95859e-09 3.18666e-09 4.36596e-09 5.29036e-09 5.83797e-09 5.98049e-09 5.76398e-09 5.27803e-09 4.62603e-09 3.90344e-09 3.18562e-09 2.52395e-09 1.9474e-09 1.46706e-09 1.08147e-09 7.81583e-10 5.54677e-10 3.87103e-10 2.65996e-10 1.80163e-10 1.20399e-10 7.94559e-11 5.18223e-11 3.34274e-11 2.13384e-11 1.3488e-11 8.44675e-12 5.24324e-12 3.22753e-12 1.97097e-12 1.19453e-12 7.1873e-13 4.2947e-13 2.54934e-13 1.50374e-13 8.81621e-14 5.13879e-14 2.97858e-14 1.7172e-14 9.8488e-15 5.62055e-15 3.19217e-15 1.80458e-15 1.0156e-15 5.69095e-16 3.17563e-16 1.76488e-16 9.77e-17 5.38796e-17 2.96042e-17 1.6208e-17 8.84295e-18 4.80842e-18 2.60607e-18 1.40795e-18 7.58304e-19 4.07186e-19 2.18006e-19 1.16387e-19 6.19632e-20 3.28992e-20 1.74217e-20 9.20185e-21 4.84806e-21 2.54797e-21 1.33592e-21 6.98797e-22 3.64693e-22 1.89904e-22 9.86711e-23 5.11587e-23 2.64692e-23 1.3667e-23 7.04266e-24 3.622e-24 1.85921e-24 9.52555e-25 4.87139e-25 2.48675e-25 1.26719e-25 6.44612e-26 3.27353e-26 1.65962e-26 8.40024e-27 4.24498e-27 2.14178e-27 1.07895e-27 5.42713e-28 2.72577e-28 1.36701e-28 6.84586e-29 3.42349e-29 1.70965e-29 8.5261e-30 4.2463e-30 2.11201e-30 1.0491e-30 5.20454e-31 2.57871e-31
1.08186e-10 4.01275e-10 8.79837e-10 1.4711e-09 2.06612e-09 2.56152e-09 2.88766e-09 3.01817e-09 2.96476e-09 2.76439e-09 2.46518e-09 2.11492e-09 1.75377e-09 1.41106e-09 1.10505e-09 8.44566e-10 6.31356e-10 4.62528e-10 3.32619e-10 2.35141e-10 1.6362e-10 1.12191e-10 7.58793e-11 5.06667e-11 3.34274e-11 2.18061e-11 1.40744e-11 8.99323e-12 5.6921e-12 3.57039e-12 2.22045e-12 1.36972e-12 8.38403e-13 5.09403e-13 3.07328e-13 1.84165e-13 1.09648e-13 6.48785e-14 3.81605e-14 2.23173e-14 1.29802e-14 7.50965e-15 4.32258e-15 2.47588e-15 1.41142e-15 8.00921e-16 4.52481e-16 2.54537e-16 1.42593e-16 7.95619e-17 4.42203e-17 2.4485e-17 1.35079e-17 7.42567e-18 4.06804e-18 2.22115e-18 1.20881e-18 6.55783e-19 3.5467e-19 1.91243e-19 1.0282e-19 5.5123e-20 2.94702e-20 1.57129e-20 8.35576e-21 4.43196e-21 2.34485e-21 1.23756e-21 6.51596e-22 3.42273e-22 1.79379e-22 9.37992e-23 4.89413e-23 2.54813e-23 1.32391e-23 6.86443e-24 3.55204e-24 1.83441e-24 9.45538e-25 4.86454e-25 2.49805e-25 1.28048e-25 6.55195e-26 3.34667e-26 1.70652e-26 8.68723e-27 4.41505e-27 2.2402e-27 1.13488e-27 5.74033e-28 2.89906e-28 1.46193e-28 7.36126e-29 3.70125e-29 1.85834e-29 9.31734e-30 4.66509e-30 2.33259e-30 1.16477e-30 5.80858e-31 2.89294e-31
4.54564e-11 1.74583e-10 3.94373e-10 6.77121e-10 9.74229e-10 1.23506e-09 1.42162e-09 1.51529e-09 1.51637e-09 1.43912e-09 1.30524e-09 1.1381e-09 9.58606e-10 7.82986e-10 6.22181e-10 4.82277e-10 3.65497e-10 2.71348e-10 1.97679e-10 1.41522e-10 9.96967e-11 6.9187e-11 4.73474e-11 3.19809e-11 2.13384e-11 1.40744e-11 9.18289e-12 5.9303e-12 3.7928e-12 2.40353e-12 1.50988e-12 9.40654e-13 5.81404e-13 3.56654e-13 2.17211e-13 1.31377e-13 7.89386e-14 4.71309e-14 2.79692e-14 1.65013e-14 9.68086e-15 5.64887e-15 3.27903e-15 1.89385e-15 1.08853e-15 6.22732e-16 3.54647e-16 2.01089e-16 1.13538e-16 6.3843e-17 3.57567e-17 1.99493e-17 1.10885e-17 6.14102e-18 3.38905e-18 1.86392e-18 1.02171e-18 5.58245e-19 3.04054e-19 1.65099e-19 8.938e-20 4.82471e-20 2.59698e-20 1.39401e-20 7.46257e-21 3.98445e-21 2.12193e-21 1.1272e-21 5.97322e-22 3.15772e-22 1.66541e-22 8.76343e-23 4.60102e-23 2.41036e-23 1.26002e-23 6.57299e-24 3.4218e-24 1.77775e-24 9.21791e-25 4.77039e-25 2.46407e-25 1.27041e-25 6.53803e-26 3.35871e-26 1.72242e-26 8.81773e-27 4.50654e-27 2.29938e-27 1.17131e-27 5.95715e-28 3.025e-28 1.53371e-28 7.76432e-29 3.9248e-29 1.98106e-29 9.98512e-30 5.02569e-30 2.526e-30 1.26788e-30 6.35536e-31 3.18147e-31
1.90993e-11 7.5867e-11 1.76409e-10 3.10803e-10 4.57818e-10 5.93154e-10 6.96772e-10 7.57045e-10 7.71467e-10 7.44935e-10 6.86903e-10 6.08529e-10 5.20448e-10 4.31417e-10 3.47739e-10 2.73298e-10 2.09918e-10 1.57891e-10 1.16494e-10 8.44388e-11 6.02062e-11 4.22772e-11 2.92675e-11 1.9993e-11 1.3488e-11 8.99323e-12 5.9303e-12 3.86988e-12 2.50048e-12 1.60057e-12 1.01545e-12 6.38797e-13 3.98622e-13 2.46839e-13 1.5173e-13 9.26125e-14 5.61488e-14 3.38224e-14 2.02475e-14 1.2049e-14 7.12917e-15 4.19498e-15 2.45533e-15 1.42976e-15 8.28446e-16 4.77739e-16 2.74226e-16 1.56706e-16 8.91631e-17 5.05201e-17 2.85088e-17 1.60245e-17 8.97287e-18 5.00573e-18 2.78253e-18 1.54132e-18 8.50876e-19 4.6817e-19 2.56768e-19 1.40384e-19 7.65189e-20 4.1584e-20 2.25333e-20 1.21757e-20 6.56095e-21 3.52589e-21 1.88986e-21 1.01036e-21 5.38806e-22 2.86632e-22 1.52117e-22 8.05403e-23 4.25455e-23 2.24244e-23 1.17933e-23 6.18897e-24 3.24107e-24 1.6938e-24 8.83411e-25 4.59837e-25 2.38893e-25 1.23873e-25 6.41127e-26 3.3122e-26 1.70809e-26 8.79311e-27 4.51881e-27 2.3183e-27 1.18739e-27 6.07164e-28 3.09973e-28 1.58e-28 8.04111e-29 4.08616e-29 2.07331e-29 1.05045e-29 5.31444e-30 2.68487e-30 1.3545e-30 6.82402e-31 3.4333e-31
8.02493e-12 3.29326e-11 7.87587e-11 1.42289e-10 2.14457e-10 2.83815e-10 3.40083e-10 3.76484e-10 3.9053e-10 3.83534e-10 3.59429e-10 3.23408e-10 2.80768e-10 2.36125e-10 1.93006e-10 1.53757e-10 1.19663e-10 9.11637e-11 6.81047e-11 4.99673e-11 3.60519e-11 2.56105e-11 1.79312e-11 1.23855e-11 8.44675e-12 5.6921e-12 3.7928e-12 2.50048e-12 1.63196e-12 1.05499e-12 6.7584e-13 4.2923e-13 2.70373e-13 1.68977e-13 1.04818e-13 6.45545e-14 3.9485e-14 2.39926e-14 1.44868e-14 8.69419e-15 5.18735e-15 3.07764e-15 1.81607e-15 1.06605e-15 6.22627e-16 3.61877e-16 2.09338e-16 1.20546e-16 6.91101e-17 3.94524e-17 2.24288e-17 1.26998e-17 7.16294e-18 4.02479e-18 2.2532e-18 1.25691e-18 6.98718e-19 3.87108e-19 2.13764e-19 1.17665e-19 6.45661e-20 3.53218e-20 1.92662e-20 1.04784e-20 5.6829e-21 3.07363e-21 1.65793e-21 8.91957e-22 4.7864e-22 2.56205e-22 1.36805e-22 7.28753e-23 3.87294e-23 2.05356e-23 1.08643e-23 5.73512e-24 3.02101e-24 1.58799e-24 8.33003e-25 4.36083e-25 2.27842e-25 1.1881e-25 6.18369e-26 3.21241e-26 1.66578e-26 8.62236e-27 4.4552e-27 2.29804e-27 1.18334e-27 6.08323e-28 3.12211e-28 1.59979e-28 8.18443e-29 4.18061e-29 2.13219e-29 1.08582e-29 5.52142e-30 2.80356e-30 1.42151e-30 7.19742e-31 3.63918e-31
3.37182e-12 1.42808e-11 3.50987e-11 6.4982e-11 1.00157e-10 1.35327e-10 1.65335e-10 1.86415e-10 1.96759e-10 1.96463e-10 1.87059e-10 1.70896e-10 1.50557e-10 1.28424e-10 1.06421e-10 8.59138e-11 6.77316e-11 5.22518e-11 3.9515e-11 2.93389e-11 2.14159e-11 1.53871e-11 1.08937e-11 7.60672e-12 5.24324e-12 3.57039e-12 2.40353e-12 1.60057e-12 1.05499e-12 6.88645e-13 4.4538e-13 2.85528e-13 1.81521e-13 1.14482e-13 7.16517e-14 4.45188e-14 2.74675e-14 1.68337e-14 1.02504e-14 6.20319e-15 3.73164e-15 2.232e-15 1.32766e-15 7.85535e-16 4.62391e-16 2.70828e-16 1.57867e-16 9.15951e-17 5.29052e-17 3.04251e-17 1.74234e-17 9.93694e-18 5.64479e-18 3.19424e-18 1.80077e-18 1.01151e-18 5.66163e-19 3.15804e-19 1.75565e-19 9.72837e-20 5.37355e-20 2.95895e-20 1.62443e-20 8.89172e-21 4.85313e-21 2.64143e-21 1.43373e-21 7.76133e-22 4.19052e-22 2.25679e-22 1.21236e-22 6.49696e-23 3.47338e-23 1.85259e-23 9.8586e-24 5.23453e-24 2.77324e-24 1.46611e-24 7.73446e-25 4.07192e-25 2.13939e-25 1.12181e-25 5.87095e-26 3.06667e-26 1.59888e-26 8.32079e-27 4.32248e-27 2.24147e-27 1.16032e-27 5.99632e-28 3.09359e-28 1.59341e-28 8.19384e-29 4.20686e-29 2.15651e-29 1.10376e-29 5.64087e-30 2.87853e-30 1.46676e-30 7.46321e-31 3.79208e-31
1.41673e-12 6.18673e-12 1.5615e-11 2.96081e-11 4.66429e-11 6.43123e-11 8.00802e-11 9.19234e-11 9.86898e-11 1.00154e-10 9.68537e-11 8.98161e-11 8.02734e-11 6.94308e-11 5.8314e-11 4.76948e-11 3.80802e-11 2.97412e-11 2.27629e-11 1.70997e-11 1.26253e-11 9.17293e-12 6.56542e-12 4.63366e-12 3.22753e-12 2.22045e-12 1.50988e-12 1.01545e-12 6.7584e-13 4.4538e-13 2.90761e-13 1.88129e-13 1.20691e-13 7.67998e-14 4.8492e-14 3.03913e-14 1.89119e-14 1.16883e-14 7.17663e-15 4.37876e-15 2.6555e-15 1.60106e-15 9.59891e-16 5.72374e-16 3.39517e-16 2.00376e-16 1.17681e-16 6.87872e-17 4.0024e-17 2.31849e-17 1.33728e-17 7.68118e-18 4.39415e-18 2.50388e-18 1.42133e-18 8.03831e-19 4.52968e-19 2.54358e-19 1.42344e-19 7.9394e-20 4.41397e-20 2.44624e-20 1.35155e-20 7.44494e-21 4.089e-21 2.2394e-21 1.22302e-21 6.66119e-22 3.61837e-22 1.96039e-22 1.05942e-22 5.711e-23 3.07113e-23 1.64759e-23 8.81838e-24 4.70908e-24 2.50907e-24 1.33395e-24 7.07672e-25 3.74638e-25 1.97923e-25 1.04353e-25 5.49099e-26 2.88372e-26 1.51156e-26 7.90837e-27 4.12999e-27 2.15292e-27 1.12031e-27 5.81957e-28 3.01789e-28 1.56237e-28 8.07515e-29 4.16688e-29 2.14674e-29 1.10425e-29 5.67135e-30 2.90835e-30 1.48922e-30 7.61435e-31 3.88759e-31
5.95265e-13 2.67778e-12 6.93583e-12 1.3461e-11 2.16633e-11 3.04681e-11 3.865e-11 4.51519e-11 4.92906e-11 5.08242e-11 4.99044e-11 4.69612e-11 4.25684e-11 3.73242e-11 3.17646e-11 2.63149e-11 2.1273e-11 1.68168e-11 1.30236e-11 9.89651e-12 7.38933e-12 5.42793e-12 3.92687e-12 2.80071e-12 1.97097e-12 1.36972e-12 9.40654e-13 6.38797e-13 4.2923e-13 2.85528e-13 1.88129e-13 1.22833e-13 7.95074e-14 5.10397e-14 3.25069e-14 2.05475e-14 1.28942e-14 8.03543e-15 4.97424e-15 3.05956e-15 1.8703e-15 1.13653e-15 6.86699e-16 4.12621e-16 2.46616e-16 1.4664e-16 8.67606e-17 5.10857e-17 2.99399e-17 1.74679e-17 1.01468e-17 5.86908e-18 3.38082e-18 1.93971e-18 1.10857e-18 6.31172e-19 3.58045e-19 2.02383e-19 1.13999e-19 6.39961e-20 3.58075e-20 1.99709e-20 1.11035e-20 6.1545e-21 3.40119e-21 1.87414e-21 1.02977e-21 5.64249e-22 3.08335e-22 1.68044e-22 9.13474e-23 4.953e-23 2.67894e-23 1.44545e-23 7.78058e-24 4.1784e-24 2.23882e-24 1.1969e-24 6.38479e-25 3.39864e-25 1.80531e-25 9.56978e-26 5.06263e-26 2.67294e-26 1.4085e-26 7.40792e-27 3.88885e-27 2.03774e-27 1.06584e-27 5.56497e-28 2.90053e-28 1.50921e-28 7.83952e-29 4.06548e-29 2.10488e-29 1.08805e-29 5.61549e-30 2.89371e-30 1.48889e-30 7.64923e-31 3.92405e-31
2.50111e-13 1.15802e-12 3.07606e-12 6.10728e-12 1.0036e-11 1.43915e-11 1.85917e-11 2.20961e-11 2.45191e-11 2.56796e-11 2.55948e-11 2.44341e-11 2.24576e-11 1.99563e-11 1.72054e-11 1.44339e-11 1.18118e-11 9.44915e-12 7.40304e-12 5.68942e-12 4.29517e-12 3.18927e-12 2.33176e-12 1.68031e-12 1.19453e-12 8.38403e-13 5.81404e-13 3.98622e-13 2.70373e-13 1.81521e-13 1.20691e-13 7.95074e-14 5.19176e-14 3.3618e-14 2.15942e-14 1.37647e-14 8.7095e-15 5.47208e-15 3.4148e-15 2.11712e-15 1.30437e-15 7.98787e-16 4.86332e-16 2.94439e-16 1.77298e-16 1.06203e-16 6.32946e-17 3.7538e-17 2.21572e-17 1.30185e-17 7.61507e-18 4.43516e-18 2.57232e-18 1.48583e-18 8.54867e-19 4.89956e-19 2.79764e-19 1.59164e-19 9.02325e-20 5.09779e-20 2.8704e-20 1.61094e-20 9.01224e-21 5.02612e-21 2.79456e-21 1.5492e-21 8.56331e-22 4.72008e-22 2.59452e-22 1.4223e-22 7.77639e-23 4.24076e-23 2.30681e-23 1.25172e-23 6.77566e-24 3.65904e-24 1.9714e-24 1.05973e-24 5.6839e-25 3.04194e-25 1.62452e-25 8.65745e-26 4.60426e-26 2.44373e-26 1.29445e-26 6.84342e-27 3.61104e-27 1.90186e-27 9.99824e-28 5.24668e-28 2.74836e-28 1.43716e-28 7.50228e-29 3.90974e-29 2.03415e-29 1.0566e-29 5.47953e-30 2.83721e-30 1.46678e-30 7.57142e-31 3.90245e-31
