0.372994 0.0363299 0.0222532 0.014773 0.01029 0.00737247 0.00537091 0.0039522 0.00292625 0.00217503 0.00162065 0.00120945 0.000903457 0.000675261 0.000504846 0.000377471 0.000282217 0.000210966 0.000157664 0.000117793 8.79721e-05 6.5671e-05 4.8996e-05 3.65285e-05 2.72056e-05 2.02309e-05 1.50069e-05 1.10851e-05 8.12805e-06 5.88074e-06 4.37758e-06
0.0363299 0.00632111 0.0036423 0.00221633 0.00139568 0.000900329 0.000591629 0.0003946 0.000266416 0.000181691 0.000124948 8.65235e-05 6.02642e-05 4.21798e-05 2.96446e-05 2.09084e-05 1.47914e-05 1.04914e-05 7.45833e-06 5.31243e-06 3.7902e-06 2.70781e-06 1.93646e-06 1.38559e-06 9.91294e-07 7.08356e-07 5.04683e-07 3.57454e-07 2.50413e-07 1.72009e-07 1.24201e-07
0.0222532 0.0036423 0.00196827 0.00114423 0.000698846 0.000441844 0.000286537 0.000189449 0.000127165 8.63884e-05 5.92556e-05 4.09642e-05 2.85017e-05 1.99365e-05 1.40076e-05 9.87893e-06 6.98948e-06 4.9587e-06 3.52622e-06 2.51258e-06 1.79333e-06 1.28171e-06 9.16944e-07 6.56298e-07 4.69623e-07 3.3558e-07 2.39031e-07 1.69219e-07 1.18512e-07 8.43513e-08 6.09401e-08
0.014773 0.00221633 0.00114423 0.000642339 0.00038286 0.000238144 0.000152782 0.000100299 6.70055e-05 4.53742e-05 3.10556e-05 2.14373e-05 1.49003e-05 1.04154e-05 7.31467e-06 5.15725e-06 3.64825e-06 2.58807e-06 1.84041e-06 1.31143e-06 9.3609e-07 6.69093e-07 4.78719e-07 3.42673e-07 2.45229e-07 1.7526e-07 1.2488e-07 8.84998e-08 6.32673e-08 4.50344e-08 3.25402e-08
0.01029 0.00139568 0.000698846 0.00038286 0.000224264 0.000137872 8.7774e-05 5.73306e-05 3.81706e-05 2.57879e-05 1.7621e-05 1.21489e-05 8.4366e-06 5.89308e-06 4.13633e-06 2.91501e-06 2.0613e-06 1.46183e-06 1.03924e-06 7.40363e-07 5.28361e-07 3.77595e-07 2.70125e-07 1.93346e-07 1.38371e-07 9.89215e-08 7.05513e-08 5.05458e-08 3.61374e-08 2.57225e-08 1.85833e-08
0.00737247 0.000900329 0.000441844 0.000238144 0.000137872 8.40981e-05 5.32664e-05 3.46742e-05 2.30328e-05 1.55351e-05 1.06018e-05 7.30213e-06 5.06655e-06 3.53645e-06 2.4806e-06 1.74713e-06 1.23478e-06 8.75238e-07 6.21936e-07 4.4288e-07 3.15938e-07 2.25707e-07 1.61421e-07 1.15518e-07 8.26743e-08 5.91298e-08 4.2396e-08 3.03726e-08 2.17128e-08 1.54537e-08 1.11608e-08
0.00537091 0.000591629 0.000286537 0.000152782 8.7774e-05 5.32664e-05 3.36252e-05 2.18393e-05 1.44836e-05 9.75659e-06 6.65138e-06 4.577e-06 3.17308e-06 2.21309e-06 1.55121e-06 1.09179e-06 7.71115e-07 5.46242e-07 3.87925e-07 2.76088e-07 1.96852e-07 1.40567e-07 1.00492e-07 7.18978e-08 5.14565e-08 3.68879e-08 2.6443e-08 1.894e-08 1.35373e-08 9.63354e-09 6.95437e-09
0.0039522 0.0003946 0.000189449 0.000100299 5.73306e-05 3.46742e-05 2.18393e-05 1.41618e-05 9.38026e-06 6.31218e-06 4.29912e-06 2.95571e-06 2.04735e-06 1.42677e-06 9.99276e-07 7.02788e-07 4.9601e-07 3.51119e-07 2.49191e-07 1.7724e-07 1.263e-07 9.01406e-08 6.4414e-08 4.60725e-08 3.30003e-08 2.36489e-08 1.69472e-08 1.2135e-08 8.67132e-09 6.16973e-09 4.45175e-09
0.00292625 0.000266416 0.000127165 6.70055e-05 3.81706e-05 2.30328e-05 1.44836e-05 9.38026e-06 6.20661e-06 4.17253e-06 2.83922e-06 1.95026e-06 1.34972e-06 9.39809e-07 6.57679e-07 4.62179e-07 3.25946e-07 2.30566e-07 1.6352e-07 1.1623e-07 8.27742e-08 5.9044e-08 4.21735e-08 3.01668e-08 2.15979e-08 1.54713e-08 1.10828e-08 7.93318e-09 5.66723e-09 4.03155e-09 2.90754e-09
0.00217503 0.000181691 8.63884e-05 4.53742e-05 2.57879e-05 1.55351e-05 9.75659e-06 6.31218e-06 4.17253e-06 2.80246e-06 1.9052e-06 1.3075e-06 9.04092e-07 6.28978e-07 4.39794e-07 3.08814e-07 2.1762e-07 1.53826e-07 1.09019e-07 7.74393e-08 5.51153e-08 3.92929e-08 2.80576e-08 2.00594e-08 1.43546e-08 1.02782e-08 7.35979e-09 5.26634e-09 3.76103e-09 2.67502e-09 1.92829e-09
0.00162065 0.000124948 5.92556e-05 3.10556e-05 1.7621e-05 1.06018e-05 6.65138e-06 4.29912e-06 2.83922e-06 1.9052e-06 1.29404e-06 8.87279e-07 6.12982e-07 4.26088e-07 2.97683e-07 2.08861e-07 1.47071e-07 1.03882e-07 7.35723e-08 5.22265e-08 3.71484e-08 2.64715e-08 1.88918e-08 1.34994e-08 9.65558e-09 6.91045e-09 4.94629e-09 3.53808e-09 2.52604e-09 1.7963e-09 1.29427e-09
0.00120945 8.65235e-05 4.09642e-05 2.14373e-05 1.21489e-05 7.30213e-06 4.577e-06 2.95571e-06 1.95026e-06 1.3075e-06 8.87279e-07 6.07838e-07 4.19565e-07 2.91397e-07 2.03417e-07 1.42611e-07 1.00346e-07 7.08283e-08 5.01288e-08 3.55622e-08 2.52812e-08 1.80046e-08 1.28423e-08 9.1719e-09 6.55712e-09 4.69081e-09 3.35618e-09 2.39983e-09 1.71288e-09 1.21783e-09 8.77075e-10
0.000903457 6.02642e-05 2.85017e-05 1.49003e-05 8.4366e-06 5.06655e-06 3.17308e-06 2.04735e-06 1.34972e-06 9.04092e-07 6.12982e-07 4.19565e-07 2.89363e-07 2.00805e-07 1.40067e-07 9.81236e-08 6.89935e-08 4.8665e-08 3.44203e-08 2.44038e-08 1.73384e-08 1.2341e-08 8.79786e-09 6.28024e-09 4.48772e-09 3.209e-09 2.29507e-09 1.64051e-09 1.17059e-09 8.3212e-10 5.99033e-10
0.000675261 4.21798e-05 1.99365e-05 1.04154e-05 5.89308e-06 3.53645e-06 2.21309e-06 1.42677e-06 9.39809e-07 6.28978e-07 4.26088e-07 2.91397e-07 2.00805e-07 1.3924e-07 9.70499e-08 6.79388e-08 4.77366e-08 3.36491e-08 2.37851e-08 1.68534e-08 1.19671e-08 8.51324e-09 6.06592e-09 4.32797e-09 3.09125e-09 2.20951e-09 1.57962e-09 1.12873e-09 8.0519e-10 5.72274e-10 4.11803e-10
0.000504846 2.96446e-05 1.40076e-05 7.31467e-06 4.13633e-06 2.4806e-06 1.55121e-06 9.99276e-07 6.57679e-07 4.39794e-07 2.97683e-07 2.03417e-07 1.40067e-07 9.70499e-08 6.75945e-08 4.72859e-08 3.3203e-08 2.33899e-08 1.65233e-08 1.17011e-08 8.30405e-09 5.9043e-09 4.20489e-09 2.99873e-09 2.1409e-09 1.5296e-09 1.09314e-09 7.80856e-10 5.56883e-10 3.95728e-10 2.8465e-10
0.000377471 2.09084e-05 9.87893e-06 5.15725e-06 2.91501e-06 1.74713e-06 1.09179e-06 7.02788e-07 4.62179e-07 3.08814e-07 2.08861e-07 1.42611e-07 9.81236e-08 6.79388e-08 4.72859e-08 3.3057e-08 2.31972e-08 1.63314e-08 1.15302e-08 8.16071e-09 5.78844e-09 4.1136e-09 2.9282e-09 2.08731e-09 1.48957e-09 1.06383e-09 7.59996e-10 5.42713e-10 3.86948e-10 2.74925e-10 1.97681e-10
0.000282217 1.47914e-05 6.98948e-06 3.64825e-06 2.0613e-06 1.23478e-06 7.71115e-07 4.9601e-07 3.25946e-07 2.1762e-07 1.47071e-07 1.00346e-07 6.89935e-08 4.77366e-08 3.3203e-08 2.31972e-08 1.62684e-08 1.14466e-08 8.07703e-09 5.71363e-09 4.05066e-09 2.87724e-09 2.04718e-09 1.45866e-09 1.04052e-09 7.42839e-10 5.30498e-10 3.78712e-10 2.69951e-10 1.9177e-10 1.37839e-10
0.000210966 1.04914e-05 4.9587e-06 2.58807e-06 1.46183e-06 8.75238e-07 5.46242e-07 3.51119e-07 2.30566e-07 1.53826e-07 1.03882e-07 7.08283e-08 4.8665e-08 3.36491e-08 2.33899e-08 1.63314e-08 1.14466e-08 8.04951e-09 5.67692e-09 4.01377e-09 2.84417e-09 2.01932e-09 1.43613e-09 1.02284e-09 7.29348e-10 5.205e-10 3.7159e-10 2.65193e-10 1.88988e-10 1.34234e-10 9.64505e-11
0.000157664 7.45833e-06 3.52622e-06 1.84041e-06 1.03924e-06 6.21936e-07 3.87925e-07 2.49191e-07 1.6352e-07 1.09019e-07 7.35723e-08 5.01288e-08 3.44203e-08 2.37851e-08 1.65233e-08 1.15302e-08 8.07703e-09 5.67692e-09 4.00162e-09 2.8279e-09 2.00293e-09 1.42142e-09 1.01048e-09 7.19398e-10 5.12778e-10 3.65816e-10 2.61075e-10 1.86269e-10 1.32713e-10 9.42497e-11 6.76978e-11
0.000117793 5.31243e-06 2.51258e-06 1.31143e-06 7.40363e-07 4.4288e-07 2.76088e-07 1.7724e-07 1.1623e-07 7.74393e-08 5.22265e-08 3.55622e-08 2.44038e-08 1.68534e-08 1.17011e-08 8.16071e-09 5.71363e-09 4.01377e-09 2.8279e-09 1.99752e-09 1.41416e-09 1.00316e-09 7.12853e-10 5.07312e-10 3.61474e-10 2.57788e-10 1.83921e-10 1.31186e-10 9.34467e-11 6.63544e-11 4.76458e-11
8.79721e-05 3.7902e-06 1.79333e-06 9.3609e-07 5.28361e-07 3.15938e-07 1.96852e-07 1.263e-07 8.27742e-08 5.51153e-08 3.71484e-08 2.52812e-08 1.73384e-08 1.19671e-08 8.30405e-09 5.78844e-09 4.05066e-09 2.84417e-09 2.00293e-09 1.41416e-09 1.00074e-09 7.09609e-10 5.04055e-10 3.58585e-10 2.55413e-10 1.8209e-10 1.29875e-10 9.26118e-11 6.59555e-11 4.68272e-11 3.36138e-11
6.5671e-05 2.70781e-06 1.28171e-06 6.69093e-07 3.77595e-07 2.25707e-07 1.40567e-07 9.01406e-08 5.9044e-08 3.92929e-08 2.64715e-08 1.80046e-08 1.2341e-08 8.51324e-09 5.9043e-09 4.1136e-09 2.87724e-09 2.01932e-09 1.42142e-09 1.00316e-09 7.09609e-10 5.02974e-10 3.57144e-10 2.53982e-10 1.80846e-10 1.28889e-10 9.19026e-11 6.55179e-11 4.66504e-11 3.31166e-11 2.37649e-11
4.8996e-05 1.93646e-06 9.16944e-07 4.78719e-07 2.70125e-07 1.61421e-07 1.00492e-07 6.4414e-08 4.21735e-08 2.80576e-08 1.88918e-08 1.28423e-08 8.79786e-09 6.06592e-09 4.20489e-09 2.9282e-09 2.04718e-09 1.43613e-09 1.01048e-09 7.12853e-10 5.04055e-10 3.57144e-10 2.53505e-10 1.80218e-10 1.28281e-10 9.13985e-11 6.51527e-11 4.64364e-11 3.30574e-11 2.34642e-11 1.68334e-11
3.65285e-05 1.38559e-06 6.56298e-07 3.42673e-07 1.93346e-07 1.15518e-07 7.18978e-08 4.60725e-08 3.01668e-08 2.00594e-08 1.34994e-08 9.1719e-09 6.28024e-09 4.32797e-09 2.99873e-09 2.08731e-09 1.45866e-09 1.02284e-09 7.19398e-10 5.07312e-10 3.58585e-10 2.53982e-10 1.80218e-10 1.28077e-10 9.11385e-11 6.49161e-11 4.62627e-11 3.29652e-11 2.3463e-11 1.66521e-11 1.1943e-11
2.72056e-05 9.91294e-07 4.69623e-07 2.45229e-07 1.38371e-07 8.26743e-08 5.14565e-08 3.30003e-08 2.15979e-08 1.43546e-08 9.65558e-09 6.55712e-09 4.48772e-09 3.09125e-09 2.1409e-09 1.48957e-09 1.04052e-09 7.29348e-10 5.12778e-10 3.61474e-10 2.55413e-10 1.80846e-10 1.28281e-10 9.11385e-11 6.48346e-11 4.61677e-11 3.28933e-11 2.34334e-11 1.66758e-11 1.18337e-11 8.48507e-12
2.02309e-05 7.08356e-07 3.3558e-07 1.7526e-07 9.89215e-08 5.91298e-08 3.68879e-08 2.36489e-08 1.54713e-08 1.02782e-08 6.91045e-09 4.69081e-09 3.209e-09 2.20951e-09 1.5296e-09 1.06383e-09 7.42839e-10 5.205e-10 3.65816e-10 2.57788e-10 1.8209e-10 1.28889e-10 9.13985e-11 6.49161e-11 4.61677e-11 3.28669e-11 2.34113e-11 1.66749e-11 1.18642e-11 8.4184e-12 6.03471e-12
1.50069e-05 5.04683e-07 2.39031e-07 1.2488e-07 7.05513e-08 4.2396e-08 2.6443e-08 1.69472e-08 1.10828e-08 7.35979e-09 4.94629e-09 3.35618e-09 2.29507e-09 1.57962e-09 1.09314e-09 7.59996e-10 5.30498e-10 3.7159e-10 2.61075e-10 1.83921e-10 1.29875e-10 9.19026e-11 6.51527e-11 4.62627e-11 3.28933e-11 2.34113e-11 1.66723e-11 1.18727e-11 8.44619e-12 5.9925e-12 4.29474e-12
1.10851e-05 3.57454e-07 1.69219e-07 8.84998e-08 5.05458e-08 3.03726e-08 1.894e-08 1.2135e-08 7.93318e-09 5.26634e-09 3.53808e-09 2.39983e-09 1.64051e-09 1.12873e-09 7.80856e-10 5.42713e-10 3.78712e-10 2.65193e-10 1.86269e-10 1.31186e-10 9.26118e-11 6.55179e-11 4.64364e-11 3.29652e-11 2.34334e-11 1.66749e-11 1.18727e-11 8.45341e-12 6.01287e-12 4.26572e-12 3.05656e-12
8.12805e-06 2.50413e-07 1.18512e-07 6.32673e-08 3.61374e-08 2.17128e-08 1.35373e-08 8.67132e-09 5.66723e-09 3.76103e-09 2.52604e-09 1.71288e-09 1.17059e-09 8.0519e-10 5.56883e-10 3.86948e-10 2.69951e-10 1.88988e-10 1.32713e-10 9.34467e-11 6.59555e-11 4.66504e-11 3.30574e-11 2.3463e-11 1.66758e-11 1.18642e-11 8.44619e-12 6.01287e-12 4.27646e-12 3.03364e-12 2.17338e-12
5.88074e-06 1.72009e-07 8.43513e-08 4.50344e-08 2.57225e-08 1.54537e-08 9.63354e-09 6.16973e-09 4.03155e-09 2.67502e-09 1.7963e-09 1.21783e-09 8.3212e-10 5.72274e-10 3.95728e-10 2.74925e-10 1.9177e-10 1.34234e-10 9.42497e-11 6.63544e-11 4.68272e-11 3.31166e-11 2.34642e-11 1.66521e-11 1.18337e-11 8.4184e-12 5.9925e-12 4.26572e-12 3.03364e-12 2.15191e-12 1.54152e-12
4.37758e-06 1.24201e-07 6.09401e-08 3.25402e-08 1.85833e-08 1.11608e-08 6.95437e-09 4.45175e-09 2.90754e-09 1.92829e-09 1.29427e-09 8.77075e-10 5.99033e-10 4.11803e-10 2.8465e-10 1.97681e-10 1.37839e-10 9.64505e-11 6.76978e-11 4.76458e-11 3.36138e-11 2.37649e-11 1.68334e-11 1.1943e-11 8.48507e-12 6.03471e-12 4.29474e-12 3.05656e-12 2.17338e-12 1.54152e-12 1.10402e-12
