0.381769 0.0743903 0.0371546 0.0201558 0.0110746 0.00598978 0.00316595 0.00163707 0.000830944 0.000415479 0.000205256 0.000100423 4.87472e-05 2.35097e-05 1.12769e-05 5.38444e-06 2.56083e-06 1.21378e-06 5.73589e-07 2.70344e-07 1.27119e-07 5.96471e-08 2.79346e-08 1.30601e-08 6.09625e-09 2.84148e-09 1.32254e-09 6.14516e-10 2.84586e-10 1.30306e-10 6.0396e-11
0.0743903 0.0198253 0.00966103 0.00447154 0.00199694 0.000875442 0.000380856 0.000165399 7.1913e-05 3.13416e-05 1.36974e-05 6.00271e-06 2.63729e-06 1.16133e-06 5.12423e-07 2.26499e-07 1.00271e-07 4.44506e-08 1.97288e-08 8.7656e-09 3.89827e-09 1.73511e-09 7.72869e-10 3.4449e-10 1.53639e-10 6.85526e-11 3.059e-11 1.36309e-11 6.02717e-12 2.57319e-12 1.15124e-12
0.0371546 0.00966103 0.00383547 0.00159148 0.000669515 0.000283524 0.000120755 5.17301e-05 2.22862e-05 9.6514e-06 4.19896e-06 1.83408e-06 8.03839e-07 3.53323e-07 1.55683e-07 6.87413e-08 3.04072e-08 1.34713e-08 5.9762e-09 2.65431e-09 1.18013e-09 5.25171e-10 2.33896e-10 1.04244e-10 4.64877e-11 2.0738e-11 9.24601e-12 4.10531e-12 1.78912e-12 7.9403e-13 3.55303e-13
0.0201558 0.00447154 0.00159148 0.000612836 0.000245937 0.000101097 4.22356e-05 1.78598e-05 7.6247e-06 3.28026e-06 1.42006e-06 6.17902e-07 2.69993e-07 1.18383e-07 5.20571e-08 2.29469e-08 1.01359e-08 4.48501e-09 1.98757e-09 8.81963e-10 3.9181e-10 1.74236e-10 7.75499e-11 3.45426e-11 1.53947e-11 6.86122e-12 3.052e-12 1.34473e-12 5.98929e-13 2.65782e-13 1.18898e-13
0.0110746 0.00199694 0.000669515 0.000245937 9.55091e-05 3.84031e-05 1.58047e-05 6.61329e-06 2.80181e-06 1.19842e-06 5.16462e-07 2.23904e-07 9.75392e-08 4.26585e-08 1.87173e-08 8.23489e-09 3.63132e-09 1.60442e-09 7.10058e-10 3.14701e-10 1.39652e-10 6.20403e-11 2.75877e-11 1.22772e-11 5.46609e-12 2.43211e-12 1.07735e-12 4.79969e-13 2.13709e-13 9.48058e-14 4.23894e-14
0.00598978 0.000875442 0.000283524 0.000101097 3.84031e-05 1.52025e-05 6.1879e-06 2.56856e-06 1.08162e-06 4.60446e-07 1.97662e-07 8.54158e-08 3.71064e-08 1.61891e-08 7.08815e-09 3.11257e-09 1.37019e-09 6.04444e-10 2.67126e-10 1.18237e-10 5.24063e-11 2.32555e-11 1.03302e-11 4.59226e-12 2.04182e-12 9.06267e-13 4.03484e-13 1.79669e-13 7.99603e-14 3.54566e-14 1.5843e-14
0.00316595 0.000380856 0.000120755 4.22356e-05 1.58047e-05 6.1879e-06 2.49837e-06 1.03074e-06 4.31972e-07 1.83173e-07 7.83752e-08 3.37724e-08 1.46349e-08 6.37091e-09 2.78383e-09 1.22023e-09 5.36272e-10 2.36212e-10 1.04245e-10 4.60818e-11 2.04002e-11 9.04241e-12 4.01225e-12 1.7815e-12 7.9078e-13 3.51673e-13 1.56472e-13 6.96341e-14 3.09724e-14 1.37274e-14 6.12955e-15
0.00163707 0.000165399 5.17301e-05 1.78598e-05 6.61329e-06 2.56856e-06 1.03074e-06 4.23218e-07 1.76677e-07 7.46731e-08 3.18604e-08 1.36946e-08 5.92113e-09 2.57238e-09 1.12195e-09 4.90952e-10 2.15429e-10 9.47535e-11 4.17606e-11 1.84374e-11 8.15263e-12 3.60964e-12 1.59986e-12 7.0944e-13 3.15041e-13 1.40002e-13 6.2249e-14 2.76846e-14 1.23064e-14 5.45167e-15 2.43261e-15
0.000830944 7.1913e-05 2.22862e-05 7.6247e-06 2.80181e-06 1.08162e-06 4.31972e-07 1.76677e-07 7.35156e-08 3.0984e-08 1.31869e-08 5.65543e-09 2.44028e-09 1.05819e-09 4.60748e-10 2.013e-10 8.82014e-11 3.87415e-11 1.70529e-11 7.52004e-12 3.32149e-12 1.46902e-12 6.50361e-13 2.88308e-13 1.27928e-13 5.68077e-14 2.52409e-14 1.12184e-14 4.98383e-15 2.20673e-15 9.84023e-16
0.000415479 3.13416e-05 9.6514e-06 3.28026e-06 1.19842e-06 4.60446e-07 1.83173e-07 7.46731e-08 3.0984e-08 1.30261e-08 5.53154e-09 2.36749e-09 1.01966e-09 4.41405e-10 1.91889e-10 8.37131e-11 3.66298e-11 1.60688e-11 7.06467e-12 3.11191e-12 1.37302e-12 6.0662e-13 2.6839e-13 1.1888e-13 5.27082e-14 2.33886e-14 1.0385e-14 4.6127e-15 2.04803e-15 9.06397e-16 4.03924e-16
0.000205256 1.36974e-05 4.19896e-06 1.42006e-06 5.16462e-07 1.97662e-07 7.83752e-08 3.18604e-08 1.31869e-08 5.53154e-09 2.34421e-09 1.00146e-09 4.30582e-10 1.86102e-10 8.07842e-11 3.51948e-11 1.53804e-11 6.73909e-12 2.95954e-12 1.30227e-12 5.73999e-13 2.53401e-13 1.12019e-13 4.95777e-14 2.19649e-14 9.73981e-15 4.32181e-15 1.91844e-15 8.51307e-16 3.76595e-16 1.67724e-16
0.000100423 6.00271e-06 1.83408e-06 6.17902e-07 2.23904e-07 8.54158e-08 3.37724e-08 1.36946e-08 5.65543e-09 2.36749e-09 1.00146e-09 4.27095e-10 1.83342e-10 7.9126e-11 3.43006e-11 1.49245e-11 6.51439e-12 2.85118e-12 1.25081e-12 5.49842e-13 2.42145e-13 1.06807e-13 4.7177e-14 2.0864e-14 9.23697e-15 4.09315e-15 1.8151e-15 8.05243e-16 3.57135e-16 1.57919e-16 7.02926e-17
4.87472e-05 2.63729e-06 8.03839e-07 2.69993e-07 9.75392e-08 3.71064e-08 1.46349e-08 5.92113e-09 2.44028e-09 1.01966e-09 4.30582e-10 1.83342e-10 7.85887e-11 3.38708e-11 1.46641e-11 6.37294e-12 2.77862e-12 1.21486e-12 5.32433e-13 2.33843e-13 1.02894e-13 4.53483e-14 2.00152e-14 8.84529e-15 3.91335e-15 1.733e-15 7.68032e-16 3.40536e-16 1.50954e-16 6.67223e-17 2.96833e-17
2.35097e-05 1.16133e-06 3.53323e-07 1.18383e-07 4.26585e-08 1.61891e-08 6.37091e-09 2.57238e-09 1.05819e-09 4.41405e-10 1.86102e-10 7.9126e-11 3.38708e-11 1.45794e-11 6.30454e-12 2.73687e-12 1.19204e-12 5.20669e-13 2.27987e-13 1.00045e-13 4.39851e-14 1.93707e-14 8.54336e-15 3.77297e-15 1.66816e-15 7.38285e-16 3.27005e-16 1.44912e-16 6.42061e-17 2.83683e-17 1.2614e-17
1.12769e-05 5.12423e-07 1.55683e-07 5.20571e-08 1.87173e-08 7.08815e-09 2.78383e-09 1.12195e-09 4.60748e-10 1.91889e-10 8.07842e-11 3.43006e-11 1.46641e-11 6.30454e-12 2.72324e-12 1.18096e-12 5.13861e-13 2.24245e-13 9.81061e-14 4.30158e-14 1.88975e-14 8.31627e-15 3.66534e-15 1.61766e-15 7.14784e-16 3.16161e-16 1.39959e-16 6.19912e-17 2.74536e-17 1.21253e-17 5.38894e-18
5.38444e-06 2.26499e-07 6.87413e-08 2.29469e-08 8.23489e-09 3.11257e-09 1.22023e-09 4.90952e-10 2.013e-10 8.37131e-11 3.51948e-11 1.49245e-11 6.37294e-12 2.73687e-12 1.18096e-12 5.11632e-13 2.2242e-13 9.69788e-14 4.23933e-14 1.85736e-14 8.15375e-15 3.58577e-15 1.57937e-15 6.9661e-16 3.07627e-16 1.35993e-16 6.01705e-17 2.6638e-17 1.17917e-17 5.20616e-18 2.31273e-18
2.56083e-06 1.00271e-07 3.04072e-08 1.01359e-08 3.63132e-09 1.37019e-09 5.36272e-10 2.15429e-10 8.82014e-11 3.66298e-11 1.53804e-11 6.51439e-12 2.77862e-12 1.19204e-12 5.13861e-13 2.2242e-13 9.66089e-14 4.20888e-14 1.83846e-14 8.04891e-15 3.53102e-15 1.55182e-15 6.83087e-16 3.01111e-16 1.32898e-16 5.87195e-17 2.59677e-17 1.14907e-17 5.08438e-18 2.24405e-18 9.96437e-19
1.21378e-06 4.44506e-08 1.34713e-08 4.48501e-09 1.60442e-09 6.04444e-10 2.36212e-10 9.47535e-11 3.87415e-11 1.60688e-11 6.73909e-12 2.85118e-12 1.21486e-12 5.20669e-13 2.24245e-13 9.69788e-14 4.20888e-14 1.83224e-14 7.9975e-15 3.49896e-15 1.53398e-15 6.73741e-16 2.96396e-16 1.30581e-16 5.76026e-17 2.54383e-17 1.12443e-17 4.9734e-18 2.19972e-18 9.70557e-19 4.30779e-19
5.73589e-07 1.97288e-08 5.9762e-09 1.98757e-09 7.10058e-10 2.67126e-10 1.04245e-10 4.17606e-11 1.70529e-11 7.06467e-12 2.95954e-12 1.25081e-12 5.32433e-13 2.27987e-13 9.81061e-14 4.23933e-14 1.83846e-14 7.9975e-15 3.48841e-15 1.52521e-15 6.68254e-16 2.93332e-16 1.28972e-16 5.67901e-17 2.5039e-17 1.10523e-17 4.88316e-18 2.15892e-18 9.5451e-19 4.21017e-19 1.86792e-19
2.70344e-07 8.7656e-09 2.65431e-09 8.81963e-10 3.14701e-10 1.18237e-10 4.60818e-11 1.84374e-11 7.52004e-12 3.11191e-12 1.30227e-12 5.49842e-13 2.33843e-13 1.00045e-13 4.30158e-14 1.85736e-14 8.04891e-15 3.49896e-15 1.52521e-15 6.66444e-16 2.91823e-16 1.28025e-16 5.62602e-17 2.47604e-17 1.09117e-17 4.81426e-18 2.12612e-18 9.39607e-19 4.15268e-19 1.83113e-19 8.12098e-20
1.27119e-07 3.89827e-09 1.18013e-09 3.9181e-10 1.39652e-10 5.24063e-11 2.04002e-11 8.15263e-12 3.32149e-12 1.37302e-12 5.73999e-13 2.42145e-13 1.02894e-13 4.39851e-14 1.88975e-14 8.15375e-15 3.53102e-15 1.53398e-15 6.68254e-16 2.91823e-16 1.27713e-16 5.59988e-17 2.4596e-17 1.08196e-17 4.76589e-18 2.1018e-18 9.27831e-19 4.0988e-19 1.81085e-19 7.9827e-20 3.53898e-20
5.96471e-08 1.73511e-09 5.25171e-10 1.74236e-10 6.20403e-11 2.32555e-11 9.04241e-12 3.60964e-12 1.46902e-12 6.0662e-13 2.53401e-13 1.06807e-13 4.53483e-14 1.93707e-14 8.31627e-15 3.58577e-15 1.55182e-15 6.73741e-16 2.93332e-16 1.28025e-16 5.59988e-17 2.45416e-17 1.0774e-17 4.73722e-18 2.08577e-18 9.19454e-19 4.05728e-19 1.79168e-19 7.91291e-20 3.48726e-20 1.54546e-20
2.79346e-08 7.72869e-10 2.33896e-10 7.75499e-11 2.75877e-11 1.03302e-11 4.01225e-12 1.59986e-12 6.50361e-13 2.6839e-13 1.12019e-13 4.7177e-14 2.00152e-14 8.54336e-15 3.66534e-15 1.57937e-15 6.83087e-16 2.96396e-16 1.28972e-16 5.62602e-17 2.4596e-17 1.0774e-17 4.72772e-18 2.07781e-18 9.1446e-19 4.02953e-19 1.77743e-19 7.84624e-20 3.46413e-20 1.52626e-20 6.76166e-21
1.30601e-08 3.4449e-10 1.04244e-10 3.45426e-11 1.22772e-11 4.59226e-12 1.7815e-12 7.0944e-13 2.88308e-13 1.1888e-13 4.95777e-14 2.0864e-14 8.84529e-15 3.77297e-15 1.61766e-15 6.9661e-16 3.01111e-16 1.30581e-16 5.67901e-17 2.47604e-17 1.08196e-17 4.73722e-18 2.07781e-18 9.12801e-19 4.01568e-19 1.76881e-19 7.7994e-20 3.44175e-20 1.51906e-20 6.69111e-21 2.96334e-21
6.09625e-09 1.53639e-10 4.64877e-11 1.53947e-11 5.46609e-12 2.04182e-12 7.9078e-13 3.15041e-13 1.27928e-13 5.27082e-14 2.19649e-14 9.23697e-15 3.91335e-15 1.66816e-15 7.14784e-16 3.07627e-16 1.32898e-16 5.76026e-17 2.5039e-17 1.09117e-17 4.76589e-18 2.08577e-18 9.1446e-19 4.01568e-19 1.76594e-19 7.77566e-20 3.42739e-20 1.51195e-20 6.67113e-21 2.93777e-21 1.30066e-21
2.84148e-09 6.85526e-11 2.0738e-11 6.86122e-12 2.43211e-12 9.06267e-13 3.51673e-13 1.40002e-13 5.68077e-14 2.33886e-14 9.73981e-15 4.09315e-15 1.733e-15 7.38285e-16 3.16161e-16 1.35993e-16 5.87195e-17 2.54383e-17 1.10523e-17 4.81426e-18 2.1018e-18 9.19454e-19 4.02953e-19 1.76881e-19 7.77566e-20 3.42252e-20 1.50808e-20 6.65061e-21 2.93357e-21 1.29156e-21 5.71647e-22
1.32254e-09 3.059e-11 9.24601e-12 3.052e-12 1.07735e-12 4.03484e-13 1.56472e-13 6.2249e-14 2.52409e-14 1.0385e-14 4.32181e-15 1.8151e-15 7.68032e-16 3.27005e-16 1.39959e-16 6.01705e-17 2.59677e-17 1.12443e-17 4.88316e-18 2.12612e-18 9.27831e-19 4.05728e-19 1.77743e-19 7.7994e-20 3.42739e-20 1.50808e-20 6.64303e-21 2.92866e-21 1.29147e-21 5.68466e-22 2.51532e-22
6.14516e-10 1.36309e-11 4.10531e-12 1.34473e-12 4.79969e-13 1.79669e-13 6.96341e-14 2.76846e-14 1.12184e-14 4.6127e-15 1.91844e-15 8.05243e-16 3.40536e-16 1.44912e-16 6.19912e-17 2.6638e-17 1.14907e-17 4.9734e-18 2.15892e-18 9.39607e-19 4.0988e-19 1.79168e-19 7.84624e-20 3.44175e-20 1.51195e-20 6.65061e-21 2.92866e-21 1.29077e-21 5.69046e-22 2.50424e-22 1.10776e-22
2.84586e-10 6.02717e-12 1.78912e-12 5.98929e-13 2.13709e-13 7.99603e-14 3.09724e-14 1.23064e-14 4.98383e-15 2.04803e-15 8.51307e-16 3.57135e-16 1.50954e-16 6.42061e-17 2.74536e-17 1.17917e-17 5.08438e-18 2.19972e-18 9.5451e-19 4.15268e-19 1.81085e-19 7.91291e-20 3.46413e-20 1.51906e-20 6.67113e-21 2.93357e-21 1.29147e-21 5.69046e-22 2.50808e-22 1.10353e-22 4.88028e-23
1.30306e-10 2.57319e-12 7.9403e-13 2.65782e-13 9.48058e-14 3.54566e-14 1.37274e-14 5.45167e-15 2.20673e-15 9.06397e-16 3.76595e-16 1.57919e-16 6.67223e-17 2.83683e-17 1.21253e-17 5.20616e-18 2.24405e-18 9.70557e-19 4.21017e-19 1.83113e-19 7.9827e-20 3.48726e-20 1.52626e-20 6.69111e-21 2.93777e-21 1.29156e-21 5.68466e-22 2.50424e-22 1.10353e-22 4.85471e-23 2.14652e-23
6.0396e-11 1.15124e-12 3.55303e-13 1.18898e-13 4.23894e-14 1.5843e-14 6.12955e-15 2.43261e-15 9.84023e-16 4.03924e-16 1.67724e-16 7.02926e-17 2.96833e-17 1.2614e-17 5.38894e-18 2.31273e-18 9.96437e-19 4.30779e-19 1.86792e-19 8.12098e-20 3.53898e-20 1.54546e-20 6.76166e-21 2.96334e-21 1.30066e-21 5.71647e-22 2.51532e-22 1.10776e-22 4.88028e-23 2.14652e-23 9.48841e-24
