0.368749 0.0102675 0.00695622 0.00505111 0.00386593 0.00307622 0.002519 0.0021072 0.00179144 0.00154214 0.00134063 0.00117464 0.00103576 0.00091806 0.000817221 0.000730025 0.000654026 0.000587324 0.000528425 0.000476132 0.000429476 0.000387664 0.000350037 0.000316045 0.000285224 0.000257178 0.00023157 0.000208108 0.000186537 0.000166636 0.000152801
0.0102675 0.000870107 0.000538858 0.000357859 0.000251875 0.000185712 0.000142001 0.000111691 8.98062e-05 7.34697e-05 6.09362e-05 5.11015e-05 4.32391e-05 3.68548e-05 3.16024e-05 2.72326e-05 2.35621e-05 2.04533e-05 1.78008e-05 1.55232e-05 1.35563e-05 1.1849e-05 1.03603e-05 9.05686e-06 7.91146e-06 6.90173e-06 6.00921e-06 5.21869e-06 4.51771e-06 3.89633e-06 3.51425e-06
0.00695622 0.000538858 0.00032169 0.000207372 0.000142747 0.000103624 7.84188e-05 6.12791e-05 4.90824e-05 4.00727e-05 3.32114e-05 2.78546e-05 2.35865e-05 2.01284e-05 1.72869e-05 1.49245e-05 1.29406e-05 1.126e-05 9.82563e-06 8.59338e-06 7.5286e-06 6.60378e-06 5.79683e-06 5.08987e-06 4.46827e-06 3.92003e-06 3.4353e-06 3.00599e-06 2.62563e-06 2.33626e-06 2.10849e-06
0.00505111 0.000357859 0.000207372 0.000130522 8.83115e-05 6.33919e-05 4.76571e-05 3.7116e-05 2.96925e-05 2.42459e-05 2.01149e-05 1.6897e-05 1.43355e-05 1.22603e-05 1.05544e-05 9.13494e-06 7.94163e-06 6.92962e-06 6.06485e-06 5.32102e-06 4.6775e-06 4.1179e-06 3.62907e-06 3.20033e-06 2.82297e-06 2.48982e-06 2.19503e-06 1.93382e-06 1.72105e-06 1.53133e-06 1.38263e-06
0.00386593 0.000251875 0.000142747 8.83115e-05 5.90673e-05 4.21237e-05 3.15774e-05 2.45811e-05 1.96831e-05 1.61002e-05 1.33854e-05 1.127e-05 9.58443e-06 8.21683e-06 7.09074e-06 6.15211e-06 5.36168e-06 4.69022e-06 4.11555e-06 3.62051e-06 3.19162e-06 2.81816e-06 2.49152e-06 2.20469e-06 1.95193e-06 1.72855e-06 1.5307e-06 1.36267e-06 1.21292e-06 1.07925e-06 9.74668e-07
0.00307622 0.000185712 0.000103624 6.33919e-05 4.21237e-05 2.99605e-05 2.24582e-05 1.75073e-05 1.40487e-05 1.15188e-05 9.59968e-06 8.10148e-06 6.9051e-06 5.93231e-06 5.12962e-06 4.45924e-06 3.89368e-06 3.41247e-06 3e-06 2.6442e-06 2.33556e-06 2.06651e-06 1.83093e-06 1.62386e-06 1.44121e-06 1.27964e-06 1.13939e-06 1.01453e-06 9.03148e-07 8.03654e-07 7.25812e-07
0.002519 0.000142001 7.84188e-05 4.76571e-05 3.15774e-05 2.24582e-05 1.68612e-05 1.31745e-05 1.05982e-05 8.71041e-06 7.27498e-06 6.15158e-06 5.25233e-06 4.51949e-06 3.9136e-06 3.4067e-06 2.97841e-06 2.61351e-06 2.30037e-06 2.02998e-06 1.79521e-06 1.59039e-06 1.41092e-06 1.25306e-06 1.11372e-06 9.916e-07 8.83078e-07 7.86407e-07 7.00127e-07 6.23023e-07 5.62641e-07
0.0021072 0.000111691 6.12791e-05 3.7116e-05 2.45811e-05 1.75073e-05 1.31745e-05 1.03197e-05 8.32106e-06 6.85288e-06 5.7335e-06 4.85523e-06 4.15061e-06 3.57529e-06 3.09886e-06 2.69973e-06 2.36212e-06 2.07419e-06 1.82692e-06 1.61326e-06 1.42765e-06 1.26564e-06 1.12361e-06 9.98628e-07 8.88773e-07 7.91407e-07 7.04861e-07 6.27744e-07 5.58897e-07 4.9736e-07 4.49097e-07
0.00179144 8.98062e-05 4.90824e-05 2.96925e-05 1.96831e-05 1.40487e-05 1.05982e-05 8.32106e-06 6.72287e-06 5.54564e-06 4.64576e-06 3.93813e-06 3.36935e-06 2.90424e-06 2.51861e-06 2.19523e-06 1.92148e-06 1.68789e-06 1.48718e-06 1.31368e-06 1.16292e-06 1.03128e-06 9.15869e-07 8.14496e-07 7.2493e-07 6.45539e-07 5.74965e-07 5.12073e-07 4.55922e-07 4.05727e-07 3.66295e-07
0.00154214 7.34697e-05 4.00727e-05 2.42459e-05 1.61002e-05 1.15188e-05 8.71041e-06 6.85288e-06 5.54564e-06 4.58018e-06 3.84048e-06 3.25771e-06 2.78861e-06 2.40457e-06 2.08587e-06 1.81846e-06 1.59198e-06 1.39864e-06 1.23249e-06 1.08883e-06 9.63986e-07 8.54974e-07 7.59477e-07 6.75404e-07 6.01126e-07 5.35289e-07 4.76766e-07 4.24615e-07 3.78054e-07 3.36433e-07 3.03678e-07
0.00134063 6.09362e-05 3.32114e-05 2.01149e-05 1.33854e-05 9.59968e-06 7.27498e-06 5.7335e-06 4.64576e-06 3.84048e-06 3.22229e-06 2.7345e-06 2.34141e-06 2.01932e-06 1.75189e-06 1.52739e-06 1.3372e-06 1.17483e-06 1.03526e-06 9.14594e-07 8.09723e-07 7.18196e-07 6.37936e-07 5.67285e-07 5.04873e-07 4.49561e-07 4.00399e-07 3.56594e-07 3.17487e-07 2.82534e-07 2.54977e-07
0.00117464 5.11015e-05 2.78546e-05 1.6897e-05 1.127e-05 8.10148e-06 6.15158e-06 4.85523e-06 3.93813e-06 3.25771e-06 2.7345e-06 2.32115e-06 1.98775e-06 1.71442e-06 1.48737e-06 1.29673e-06 1.13521e-06 9.97296e-07 8.78757e-07 7.76275e-07 6.87234e-07 6.09492e-07 5.41331e-07 4.8134e-07 4.28353e-07 3.81402e-07 3.39678e-07 3.02506e-07 2.69326e-07 2.39672e-07 2.16253e-07
0.00103576 4.32391e-05 2.35865e-05 1.43355e-05 9.58443e-06 6.9051e-06 5.25233e-06 4.15061e-06 3.36935e-06 2.78861e-06 2.34141e-06 1.98775e-06 1.70231e-06 1.4682e-06 1.27368e-06 1.11033e-06 9.71928e-07 8.53757e-07 7.52193e-07 6.64406e-07 5.88123e-07 5.21533e-07 4.63159e-07 4.11791e-07 3.6643e-07 3.26243e-07 2.90537e-07 2.58733e-07 2.30347e-07 2.04983e-07 1.84918e-07
0.00091806 3.68548e-05 2.01284e-05 1.22603e-05 8.21683e-06 5.93231e-06 4.51949e-06 3.57529e-06 2.90424e-06 2.40457e-06 2.01932e-06 1.71442e-06 1.4682e-06 1.26619e-06 1.09832e-06 9.57349e-07 8.37902e-07 7.35926e-07 6.48296e-07 5.72553e-07 5.06748e-07 4.49314e-07 3.98977e-07 3.54691e-07 3.15591e-07 2.80959e-07 2.50194e-07 2.22795e-07 1.98347e-07 1.76504e-07 1.59196e-07
0.000817221 3.16024e-05 1.72869e-05 1.05544e-05 7.09074e-06 5.12962e-06 3.9136e-06 3.09886e-06 2.51861e-06 2.08587e-06 1.75189e-06 1.48737e-06 1.27368e-06 1.09832e-06 9.52591e-07 8.30203e-07 7.26512e-07 6.38e-07 5.61945e-07 4.96217e-07 4.39125e-07 3.89304e-07 3.45649e-07 3.07248e-07 2.73353e-07 2.43336e-07 2.16677e-07 1.92939e-07 1.71762e-07 1.52844e-07 1.37831e-07
0.000730025 2.72326e-05 1.49245e-05 9.13494e-06 6.15211e-06 4.45924e-06 3.4067e-06 2.69973e-06 2.19523e-06 1.81846e-06 1.52739e-06 1.29673e-06 1.11033e-06 9.57349e-07 8.30203e-07 7.2343e-07 6.32978e-07 5.55773e-07 4.89444e-07 4.32132e-07 3.82359e-07 3.38934e-07 3.0089e-07 2.67433e-07 2.37907e-07 2.11765e-07 1.88553e-07 1.67888e-07 1.49455e-07 1.32992e-07 1.19908e-07
0.000654026 2.35621e-05 1.29406e-05 7.94163e-06 5.36168e-06 3.89368e-06 2.97841e-06 2.36212e-06 1.92148e-06 1.59198e-06 1.3372e-06 1.13521e-06 9.71928e-07 8.37902e-07 7.26512e-07 6.32978e-07 5.53747e-07 4.86129e-07 4.28045e-07 3.77867e-07 3.34297e-07 2.96292e-07 2.63003e-07 2.33733e-07 2.07908e-07 1.85048e-07 1.64753e-07 1.46689e-07 1.3058e-07 1.16194e-07 1.04744e-07
0.000587324 2.04533e-05 1.126e-05 6.92962e-06 4.69022e-06 3.41247e-06 2.61351e-06 2.07419e-06 1.68789e-06 1.39864e-06 1.17483e-06 9.97296e-07 8.53757e-07 7.35926e-07 6.38e-07 5.55773e-07 4.86129e-07 4.26701e-07 3.75661e-07 3.31576e-07 2.93304e-07 2.59925e-07 2.30695e-07 2.04999e-07 1.82331e-07 1.6227e-07 1.44464e-07 1.28619e-07 1.1449e-07 1.01876e-07 9.18217e-08
0.000528425 1.78008e-05 9.82563e-06 6.06485e-06 4.11555e-06 3e-06 2.30037e-06 1.82692e-06 1.48718e-06 1.23249e-06 1.03526e-06 8.78757e-07 7.52193e-07 6.48296e-07 5.61945e-07 4.89444e-07 4.28045e-07 3.75661e-07 3.30679e-07 2.91831e-07 2.58112e-07 2.28711e-07 2.02967e-07 1.80341e-07 1.60385e-07 1.42728e-07 1.27058e-07 1.13117e-07 1.00688e-07 8.95924e-08 8.07382e-08
0.000476132 1.55232e-05 8.59338e-06 5.32102e-06 3.62051e-06 2.6442e-06 2.02998e-06 1.61326e-06 1.31368e-06 1.08883e-06 9.14594e-07 7.76275e-07 6.64406e-07 5.72553e-07 4.96217e-07 4.32132e-07 3.77867e-07 3.31576e-07 2.91831e-07 2.57513e-07 2.2773e-07 2.01766e-07 1.79035e-07 1.59062e-07 1.41448e-07 1.25866e-07 1.12041e-07 9.97424e-08 8.87802e-08 7.8996e-08 7.11784e-08
0.000429476 1.35563e-05 7.5286e-06 4.6775e-06 3.19162e-06 2.33556e-06 1.79521e-06 1.42765e-06 1.16292e-06 9.63986e-07 8.09723e-07 6.87234e-07 5.88123e-07 5.06748e-07 4.39125e-07 3.82359e-07 3.34297e-07 2.93304e-07 2.58112e-07 2.2773e-07 2.01368e-07 1.78389e-07 1.58276e-07 1.40605e-07 1.25025e-07 1.11244e-07 9.90189e-08 8.81461e-08 7.84561e-08 6.98087e-08 6.28915e-08
0.000387664 1.1849e-05 6.60378e-06 4.1179e-06 2.81816e-06 2.06651e-06 1.59039e-06 1.26564e-06 1.03128e-06 8.54974e-07 7.18196e-07 6.09492e-07 5.21533e-07 4.49314e-07 3.89304e-07 3.38934e-07 2.96292e-07 2.59925e-07 2.28711e-07 2.01766e-07 1.78389e-07 1.58015e-07 1.40186e-07 1.24523e-07 1.10716e-07 9.85063e-08 8.76763e-08 7.80458e-08 6.94642e-08 6.18071e-08 5.56755e-08
0.000350037 1.03603e-05 5.79683e-06 3.62907e-06 2.49152e-06 1.83093e-06 1.41092e-06 1.12361e-06 9.15869e-07 7.59477e-07 6.37936e-07 5.41331e-07 4.63159e-07 3.98977e-07 3.45649e-07 3.0089e-07 2.63003e-07 2.30695e-07 2.02967e-07 1.79035e-07 1.58276e-07 1.40186e-07 1.24357e-07 1.10454e-07 9.81998e-08 8.73647e-08 7.77557e-08 6.92122e-08 6.16005e-08 5.48095e-08 4.93662e-08
0.000316045 9.05686e-06 5.08987e-06 3.20033e-06 2.20469e-06 1.62386e-06 1.25306e-06 9.98628e-07 8.14496e-07 6.75404e-07 5.67285e-07 4.8134e-07 4.11791e-07 3.54691e-07 3.07248e-07 2.67433e-07 2.33733e-07 2.04999e-07 1.80341e-07 1.59062e-07 1.40605e-07 1.24523e-07 1.10454e-07 9.80979e-08 8.72091e-08 7.75823e-08 6.90461e-08 6.14575e-08 5.46973e-08 4.86669e-08 4.38288e-08
0.000285224 7.91146e-06 4.46827e-06 2.82297e-06 1.95193e-06 1.44121e-06 1.11372e-06 8.88773e-07 7.2493e-07 6.01126e-07 5.04873e-07 4.28353e-07 3.6643e-07 3.15591e-07 2.73353e-07 2.37907e-07 2.07908e-07 1.82331e-07 1.60385e-07 1.41448e-07 1.25025e-07 1.10716e-07 9.81998e-08 8.72091e-08 7.75245e-08 6.89633e-08 6.1373e-08 5.4626e-08 4.86163e-08 4.3256e-08 3.8952e-08
0.000257178 6.90173e-06 3.92003e-06 2.48982e-06 1.72855e-06 1.27964e-06 9.916e-07 7.91407e-07 6.45539e-07 5.35289e-07 4.49561e-07 3.81402e-07 3.26243e-07 2.80959e-07 2.43336e-07 2.11765e-07 1.85048e-07 1.6227e-07 1.42728e-07 1.25866e-07 1.11244e-07 9.85063e-08 8.73647e-08 7.75823e-08 6.89633e-08 6.13449e-08 5.45912e-08 4.85886e-08 4.32424e-08 3.84743e-08 3.46431e-08
0.00023157 6.00921e-06 3.4353e-06 2.19503e-06 1.5307e-06 1.13939e-06 8.83078e-07 7.04861e-07 5.74965e-07 4.76766e-07 4.00399e-07 3.39678e-07 2.90537e-07 2.50194e-07 2.16677e-07 1.88553e-07 1.64753e-07 1.44464e-07 1.27058e-07 1.12041e-07 9.90189e-08 8.76763e-08 7.77557e-08 6.90461e-08 6.1373e-08 5.45912e-08 4.85797e-08 4.32372e-08 3.84793e-08 3.42362e-08 3.08249e-08
0.000208108 5.21869e-06 3.00599e-06 1.93382e-06 1.36267e-06 1.01453e-06 7.86407e-07 6.27744e-07 5.12073e-07 4.24615e-07 3.56594e-07 3.02506e-07 2.58733e-07 2.22795e-07 1.92939e-07 1.67888e-07 1.46689e-07 1.28619e-07 1.13117e-07 9.97424e-08 8.81461e-08 7.80458e-08 6.92122e-08 6.14575e-08 5.4626e-08 4.85886e-08 4.32372e-08 3.84816e-08 3.42467e-08 3.04702e-08 2.74327e-08
0.000186537 4.51771e-06 2.62563e-06 1.72105e-06 1.21292e-06 9.03148e-07 7.00127e-07 5.58897e-07 4.55922e-07 3.78054e-07 3.17487e-07 2.69326e-07 2.30347e-07 1.98347e-07 1.71762e-07 1.49455e-07 1.3058e-07 1.1449e-07 1.00688e-07 8.87802e-08 7.84561e-08 6.94642e-08 6.16005e-08 5.46973e-08 4.86163e-08 4.32424e-08 3.84793e-08 3.42467e-08 3.04777e-08 2.71167e-08 2.44126e-08
0.000166636 3.89633e-06 2.33626e-06 1.53133e-06 1.07925e-06 8.03654e-07 6.23023e-07 4.9736e-07 4.05727e-07 3.36433e-07 2.82534e-07 2.39672e-07 2.04983e-07 1.76504e-07 1.52844e-07 1.32992e-07 1.16194e-07 1.01876e-07 8.95924e-08 7.8996e-08 6.98087e-08 6.18071e-08 5.48095e-08 4.86669e-08 4.3256e-08 3.84743e-08 3.42362e-08 3.04702e-08 2.71167e-08 2.41264e-08 2.172e-08
0.000152801 3.51425e-06 2.10849e-06 1.38263e-06 9.74668e-07 7.25812e-07 5.62641e-07 4.49097e-07 3.66295e-07 3.03678e-07 2.54977e-07 2.16253e-07 1.84918e-07 1.59196e-07 1.37831e-07 1.19908e-07 1.04744e-07 9.18217e-08 8.07382e-08 7.11784e-08 6.28915e-08 5.56755e-08 4.93662e-08 4.38288e-08 3.8952e-08 3.46431e-08 3.08249e-08 2.74327e-08 2.44126e-08 2.172e-08 1.95508e-08
