0.372207 0.0321576 0.0200627 0.0135443 0.0096065 0.00702497 0.0052366 0.00395197 0.00300697 0.00230072 0.00176719 0.00136112 0.00105041 0.000811771 0.000627973 0.000486127 0.000376496 0.000291671 0.000225989 0.000175099 0.000135653 0.000105067 8.13424e-05 6.29321e-05 4.86368e-05 3.75255e-05 2.88745e-05 2.21199e-05 1.68214e-05 1.26335e-05 9.77487e-06
0.0321576 0.00521993 0.00305342 0.00189383 0.0012214 0.000810084 0.000548863 0.000378203 0.000264179 0.00018659 0.000132995 9.55103e-05 6.90222e-05 5.01431e-05 3.65903e-05 2.68018e-05 1.96957e-05 1.45139e-05 1.07211e-05 7.93546e-06 5.88354e-06 4.36798e-06 3.24573e-06 2.41267e-06 1.79266e-06 1.32991e-06 9.83339e-07 7.22686e-07 5.25616e-07 3.75714e-07 2.82288e-07
0.0200627 0.00305342 0.00168692 0.00100374 0.000629281 0.000409583 0.000274077 0.00018731 0.000130127 9.15792e-05 6.51218e-05 4.66983e-05 3.37177e-05 2.44842e-05 1.78639e-05 1.3086e-05 9.61858e-06 7.09046e-06 5.23973e-06 3.88013e-06 2.87826e-06 2.13791e-06 1.5894e-06 1.18199e-06 8.78594e-07 6.5202e-07 4.82269e-07 3.54619e-07 2.58264e-07 1.91181e-07 1.43726e-07
0.0135443 0.00189383 0.00100374 0.000578451 0.000354602 0.000227354 0.000150641 0.000102289 7.0763e-05 4.96637e-05 3.52523e-05 2.52498e-05 1.8218e-05 1.32234e-05 9.64582e-06 7.06542e-06 5.19349e-06 3.82887e-06 2.82994e-06 2.09607e-06 1.55522e-06 1.1555e-06 8.593e-07 6.39262e-07 4.75388e-07 3.53022e-07 2.61395e-07 1.92606e-07 1.43151e-07 1.05977e-07 7.96882e-08
0.0096065 0.0012214 0.000629281 0.000354602 0.000213939 0.000135719 8.93109e-05 6.03788e-05 4.16517e-05 2.91784e-05 2.06858e-05 1.48039e-05 1.06749e-05 7.74499e-06 5.64786e-06 4.13605e-06 3.03973e-06 2.24075e-06 1.65602e-06 1.22651e-06 9.10028e-07 6.76156e-07 5.02884e-07 3.74194e-07 2.78388e-07 2.06895e-07 1.53433e-07 1.14288e-07 8.49524e-08 6.28921e-08 4.72865e-08
0.00702497 0.000810084 0.000409583 0.000227354 0.000135719 8.55023e-05 5.60193e-05 3.77677e-05 2.60073e-05 1.8197e-05 1.28894e-05 9.21821e-06 6.64348e-06 4.81783e-06 3.51183e-06 2.57082e-06 1.88874e-06 1.39185e-06 1.02834e-06 7.61439e-07 5.64837e-07 4.19612e-07 3.12061e-07 2.32223e-07 1.72824e-07 1.28546e-07 9.58394e-08 7.13883e-08 5.30626e-08 3.9281e-08 2.95257e-08
0.0052366 0.000548863 0.000274077 0.000150641 8.93109e-05 5.60193e-05 3.66032e-05 2.46353e-05 1.69446e-05 1.18458e-05 8.3848e-06 5.99291e-06 4.31656e-06 3.12865e-06 2.27936e-06 1.66775e-06 1.22467e-06 9.02073e-07 6.66189e-07 4.93081e-07 3.65638e-07 2.71548e-07 2.01908e-07 1.50245e-07 1.11842e-07 8.33857e-08 6.21607e-08 4.62953e-08 3.44064e-08 2.54676e-08 1.91352e-08
0.00395197 0.000378203 0.00018731 0.000102289 6.03788e-05 3.77677e-05 2.46353e-05 1.65616e-05 1.13818e-05 7.95119e-06 5.6244e-06 4.01738e-06 2.89181e-06 2.09469e-06 1.52514e-06 1.11524e-06 8.18478e-07 6.0254e-07 4.44745e-07 3.29016e-07 2.43867e-07 1.81043e-07 1.34575e-07 1.00128e-07 7.45999e-08 5.56038e-08 4.14397e-08 3.08558e-08 2.29273e-08 1.69685e-08 1.27438e-08
0.00300697 0.000264179 0.000130127 7.0763e-05 4.16517e-05 2.60073e-05 1.69446e-05 1.13818e-05 7.81636e-06 5.45673e-06 3.8573e-06 2.75331e-06 1.98055e-06 1.43364e-06 1.04313e-06 7.62276e-07 5.59079e-07 4.11326e-07 3.0343e-07 2.2435e-07 1.66205e-07 1.23334e-07 9.16459e-08 6.81963e-08 5.07901e-08 3.78436e-08 2.81946e-08 2.09877e-08 1.55913e-08 1.15374e-08 8.66102e-09
0.00230072 0.00018659 9.15792e-05 4.96637e-05 2.91784e-05 1.8197e-05 1.18458e-05 7.95119e-06 5.45673e-06 3.80682e-06 2.6891e-06 1.91808e-06 1.37874e-06 9.973e-07 7.25134e-07 5.29535e-07 3.88121e-07 2.85367e-07 2.10383e-07 1.55464e-07 1.15112e-07 8.53799e-08 6.34286e-08 4.71777e-08 3.51214e-08 2.61588e-08 1.94823e-08 1.4498e-08 1.07676e-08 7.96671e-09 5.97784e-09
0.00176719 0.000132995 6.51218e-05 3.52523e-05 2.06858e-05 1.28894e-05 8.3848e-06 5.6244e-06 3.8573e-06 2.6891e-06 1.89817e-06 1.35292e-06 9.71778e-07 7.0241e-07 5.10354e-07 3.72431e-07 2.72789e-07 2.00439e-07 1.47681e-07 1.09067e-07 8.07147e-08 5.98424e-08 4.44347e-08 3.30347e-08 2.4582e-08 1.83016e-08 1.36256e-08 1.01365e-08 7.52648e-09 5.56781e-09 4.17599e-09
0.00136112 9.55103e-05 4.66983e-05 2.52498e-05 1.48039e-05 9.21821e-06 5.99291e-06 4.01738e-06 2.75331e-06 1.91808e-06 1.35292e-06 9.63573e-07 6.91599e-07 4.99528e-07 3.62685e-07 2.64487e-07 1.93596e-07 1.42159e-07 1.04678e-07 7.72639e-08 5.71503e-08 4.23493e-08 3.143e-08 2.33555e-08 1.73718e-08 1.29284e-08 9.62176e-09 7.15569e-09 5.31188e-09 3.92893e-09 2.94554e-09
0.00105041 6.90222e-05 3.37177e-05 1.8218e-05 1.06749e-05 6.64348e-06 4.31656e-06 2.89181e-06 1.98055e-06 1.37874e-06 9.71778e-07 6.91599e-07 4.96025e-07 3.58009e-07 2.59752e-07 1.89295e-07 1.38468e-07 1.01615e-07 7.47794e-08 5.51656e-08 4.07826e-08 3.0205e-08 2.24059e-08 1.66421e-08 1.23731e-08 9.20461e-09 6.84797e-09 5.09127e-09 3.77849e-09 2.79433e-09 2.09407e-09
0.000811771 5.01431e-05 2.44842e-05 1.32234e-05 7.74499e-06 4.81783e-06 3.12865e-06 2.09469e-06 1.43364e-06 9.973e-07 7.0241e-07 4.99528e-07 3.58009e-07 2.58213e-07 1.87218e-07 1.36346e-07 9.9673e-08 7.31015e-08 5.37656e-08 3.96416e-08 2.92906e-08 2.16827e-08 1.60765e-08 1.19356e-08 8.87017e-09 6.59616e-09 4.90566e-09 3.64612e-09 2.70533e-09 2.0004e-09 1.49851e-09
0.000627973 3.65903e-05 1.78639e-05 9.64582e-06 5.64786e-06 3.51183e-06 2.27936e-06 1.52514e-06 1.04313e-06 7.25134e-07 5.10354e-07 3.62685e-07 2.59752e-07 1.87218e-07 1.35653e-07 9.873e-08 7.21309e-08 5.28714e-08 3.88648e-08 2.86398e-08 2.11508e-08 1.56496e-08 1.15979e-08 8.60684e-09 6.39376e-09 4.75283e-09 3.53356e-09 2.62555e-09 1.94764e-09 1.43994e-09 1.07826e-09
0.000486127 2.68018e-05 1.3086e-05 7.06542e-06 4.13605e-06 2.57082e-06 1.66775e-06 1.11524e-06 7.62276e-07 5.29535e-07 3.72431e-07 2.64487e-07 1.89295e-07 1.36346e-07 9.873e-08 7.18131e-08 5.24354e-08 3.84132e-08 2.82217e-08 2.07861e-08 1.53432e-08 1.13472e-08 8.40574e-09 6.23529e-09 4.63019e-09 3.44063e-09 2.55715e-09 1.89951e-09 1.40875e-09 1.04138e-09 7.79528e-10
0.000376496 1.96957e-05 9.61858e-06 5.19349e-06 3.03973e-06 1.88874e-06 1.22467e-06 8.18478e-07 5.59079e-07 3.88121e-07 2.72789e-07 1.93596e-07 1.38468e-07 9.9673e-08 7.21309e-08 5.24354e-08 3.8265e-08 2.80171e-08 2.05732e-08 1.51453e-08 1.11742e-08 8.26028e-09 6.1164e-09 4.53525e-09 3.3665e-09 2.50073e-09 1.85801e-09 1.37979e-09 1.02309e-09 7.56187e-10 5.65851e-10
0.000291671 1.45139e-05 7.09046e-06 3.82887e-06 2.24075e-06 1.39185e-06 9.02073e-07 6.0254e-07 4.11326e-07 2.85367e-07 2.00439e-07 1.42159e-07 1.01615e-07 7.31015e-08 5.28714e-08 3.84132e-08 2.80171e-08 2.05031e-08 1.50482e-08 1.10727e-08 8.16578e-09 6.03376e-09 4.46592e-09 3.31015e-09 2.45622e-09 1.82393e-09 1.35474e-09 1.00579e-09 7.45618e-10 5.51033e-10 4.12197e-10
0.000225989 1.07211e-05 5.23973e-06 2.82994e-06 1.65602e-06 1.02834e-06 6.66189e-07 4.44745e-07 3.0343e-07 2.10383e-07 1.47681e-07 1.04678e-07 7.47794e-08 5.37656e-08 3.88648e-08 2.82217e-08 2.05732e-08 1.50482e-08 1.10393e-08 8.11926e-09 5.98509e-09 4.4206e-09 3.27064e-09 2.4233e-09 1.79752e-09 1.33436e-09 9.90819e-10 7.35421e-10 5.45075e-10 4.02776e-10 3.01198e-10
0.000175099 7.93546e-06 3.88013e-06 2.09607e-06 1.22651e-06 7.61439e-07 4.93081e-07 3.29016e-07 2.2435e-07 1.55464e-07 1.09067e-07 7.72639e-08 5.51656e-08 3.96416e-08 2.86398e-08 2.07861e-08 1.51453e-08 1.10727e-08 8.11926e-09 5.96901e-09 4.39821e-09 3.24724e-09 2.4016e-09 1.77877e-09 1.31899e-09 9.78822e-10 7.26609e-10 5.39183e-10 3.9955e-10 2.95207e-10 2.20689e-10
0.000135653 5.88354e-06 2.87826e-06 1.55522e-06 9.10028e-07 5.64837e-07 3.65638e-07 2.43867e-07 1.66205e-07 1.15112e-07 8.07147e-08 5.71503e-08 4.07826e-08 2.92906e-08 2.11508e-08 1.53432e-08 1.11742e-08 8.16578e-09 5.98509e-09 4.39821e-09 3.23949e-09 2.39083e-09 1.76758e-09 1.30872e-09 9.70123e-10 7.19713e-10 5.34119e-10 3.9625e-10 2.93578e-10 2.16885e-10 1.62089e-10
0.000105067 4.36798e-06 2.13791e-06 1.1555e-06 6.76156e-07 4.19612e-07 2.71548e-07 1.81043e-07 1.23334e-07 8.53799e-08 5.98424e-08 4.23493e-08 3.0205e-08 2.16827e-08 1.56496e-08 1.13472e-08 8.26028e-09 6.03376e-09 4.4206e-09 3.24724e-09 2.39083e-09 1.76386e-09 1.30359e-09 9.64866e-10 7.15008e-10 5.30295e-10 3.93443e-10 2.9182e-10 2.16168e-10 1.59679e-10 1.19302e-10
8.13424e-05 3.24573e-06 1.5894e-06 8.593e-07 5.02884e-07 3.12061e-07 2.01908e-07 1.34575e-07 9.16459e-08 6.34286e-08 4.44347e-08 3.143e-08 2.24059e-08 1.60765e-08 1.15979e-08 8.40574e-09 6.1164e-09 4.46592e-09 3.27064e-09 2.4016e-09 1.76758e-09 1.30359e-09 9.63109e-10 7.12628e-10 5.27931e-10 3.91439e-10 2.90348e-10 2.15306e-10 1.59462e-10 1.17779e-10 8.7973e-11
6.29321e-05 2.41267e-06 1.18199e-06 6.39262e-07 3.74194e-07 2.32223e-07 1.50245e-07 1.00128e-07 6.81963e-08 4.71777e-08 3.30347e-08 2.33555e-08 1.66421e-08 1.19356e-08 8.60684e-09 6.23529e-09 4.53525e-09 3.31015e-09 2.4233e-09 1.77877e-09 1.30872e-09 9.64866e-10 7.12628e-10 5.27133e-10 3.90401e-10 2.89389e-10 2.14601e-10 1.59104e-10 1.17817e-10 8.70112e-11 6.49746e-11
4.86368e-05 1.79266e-06 8.78594e-07 4.75388e-07 2.78388e-07 1.72824e-07 1.11842e-07 7.45999e-08 5.07901e-08 3.51214e-08 2.4582e-08 1.73718e-08 1.23731e-08 8.87017e-09 6.39376e-09 4.63019e-09 3.3665e-09 2.45622e-09 1.79752e-09 1.31899e-09 9.70123e-10 7.15008e-10 5.27931e-10 3.90401e-10 2.89058e-10 2.14214e-10 1.58818e-10 1.17723e-10 8.71608e-11 6.43645e-11 4.80515e-11
3.75255e-05 1.32991e-06 6.5202e-07 3.53022e-07 2.06895e-07 1.28546e-07 8.33857e-08 5.56038e-08 3.78436e-08 2.61588e-08 1.83016e-08 1.29284e-08 9.20461e-09 6.59616e-09 4.75283e-09 3.44063e-09 2.50073e-09 1.82393e-09 1.33436e-09 9.78822e-10 7.19713e-10 5.30295e-10 3.91439e-10 2.89389e-10 2.14214e-10 1.58712e-10 1.17644e-10 8.71865e-11 6.45426e-11 4.76577e-11 3.55708e-11
2.88745e-05 9.83339e-07 4.82269e-07 2.61395e-07 1.53433e-07 9.58394e-08 6.21607e-08 4.14397e-08 2.81946e-08 1.94823e-08 1.36256e-08 9.62176e-09 6.84797e-09 4.90566e-09 3.53356e-09 2.55715e-09 1.85801e-09 1.35474e-09 9.90819e-10 7.26609e-10 5.34119e-10 3.93443e-10 2.90348e-10 2.14601e-10 1.58818e-10 1.17644e-10 8.71853e-11 6.46028e-11 4.78179e-11 3.53055e-11 2.63458e-11
2.21199e-05 7.22686e-07 3.54619e-07 1.92606e-07 1.14288e-07 7.13883e-08 4.62953e-08 3.08558e-08 2.09877e-08 1.4498e-08 1.01365e-08 7.15569e-09 5.09127e-09 3.64612e-09 2.62555e-09 1.89951e-09 1.37979e-09 1.00579e-09 7.35421e-10 5.39183e-10 3.9625e-10 2.9182e-10 2.15306e-10 1.59104e-10 1.17723e-10 8.71865e-11 6.46028e-11 4.78626e-11 3.5423e-11 2.6152e-11 1.95117e-11
1.68214e-05 5.25616e-07 2.58264e-07 1.43151e-07 8.49524e-08 5.30626e-08 3.44064e-08 2.29273e-08 1.55913e-08 1.07676e-08 7.52648e-09 5.31188e-09 3.77849e-09 2.70533e-09 1.94764e-09 1.40875e-09 1.02309e-09 7.45618e-10 5.45075e-10 3.9955e-10 2.93578e-10 2.16168e-10 1.59462e-10 1.17817e-10 8.71608e-11 6.45426e-11 4.78179e-11 3.5423e-11 2.62141e-11 1.93522e-11 1.44363e-11
1.26335e-05 3.75714e-07 1.91181e-07 1.05977e-07 6.28921e-08 3.9281e-08 2.54676e-08 1.69685e-08 1.15374e-08 7.96671e-09 5.56781e-09 3.92893e-09 2.79433e-09 2.0004e-09 1.43994e-09 1.04138e-09 7.56187e-10 5.51033e-10 4.02776e-10 2.95207e-10 2.16885e-10 1.59679e-10 1.17779e-10 8.70112e-11 6.43645e-11 4.76577e-11 3.53055e-11 2.6152e-11 1.93522e-11 1.4286e-11 1.06561e-11
9.77487e-06 2.82288e-07 1.43726e-07 7.96882e-08 4.72865e-08 2.95257e-08 1.91352e-08 1.27438e-08 8.66102e-09 5.97784e-09 4.17599e-09 2.94554e-09 2.09407e-09 1.49851e-09 1.07826e-09 7.79528e-10 5.65851e-10 4.12197e-10 3.01198e-10 2.20689e-10 1.62089e-10 1.19302e-10 8.7973e-11 6.49746e-11 4.80515e-11 3.55708e-11 2.63458e-11 1.95117e-11 1.44363e-11 1.06561e-11 7.94669e-12
