0.38928 0.0994204 0.041171 0.0182847 0.00743661 0.00273978 0.000934735 0.000301674 9.35554e-05 2.81839e-05 8.30966e-06 2.41027e-06 6.90297e-07 1.95718e-07 5.50408e-08 1.53752e-08 4.27083e-09 1.18067e-09 3.25061e-10 8.91765e-11 2.43881e-11 6.65124e-12 1.80949e-12 4.91192e-13 1.33069e-13 3.59848e-14 9.71498e-15 2.61878e-15 7.04726e-16 1.88596e-16 5.06448e-17
0.0994204 0.0317066 0.0137086 0.00433041 0.0012151 0.000323377 8.39748e-05 2.15667e-05 5.51408e-06 1.40802e-06 3.59619e-07 9.1932e-08 2.35281e-08 6.02872e-09 1.54653e-09 3.97148e-10 1.02086e-10 2.62637e-11 6.76216e-12 1.74229e-12 4.49189e-13 1.15874e-13 2.99064e-14 7.72225e-15 1.99484e-15 5.15509e-16 1.33263e-16 3.44519e-17 8.8812e-18 2.19952e-18 5.69392e-19
0.041171 0.0137086 0.00361361 0.000949246 0.000244545 6.21943e-05 1.57277e-05 3.97241e-06 1.00445e-06 2.54521e-07 6.46481e-08 1.6459e-08 4.1993e-09 1.07343e-09 2.74848e-10 7.04755e-11 1.80938e-11 4.65047e-12 1.19641e-12 3.08058e-13 7.93791e-14 2.04676e-14 5.28061e-15 1.36311e-15 3.52031e-16 9.09519e-17 2.35043e-17 6.06507e-18 1.53067e-18 3.94453e-19 1.02114e-19
0.0182847 0.00433041 0.000949246 0.000223043 5.3863e-05 1.31783e-05 3.25208e-06 8.08157e-07 2.02044e-07 5.07748e-08 1.28164e-08 3.2471e-09 8.25232e-10 2.10276e-10 5.36975e-11 1.3738e-11 3.52032e-12 9.03293e-13 2.32051e-13 5.96731e-14 1.53589e-14 3.95624e-15 1.01978e-15 2.63023e-16 6.78766e-17 1.75236e-17 4.52146e-18 1.15313e-18 2.97514e-19 7.66502e-20 1.98348e-20
0.00743661 0.0012151 0.000244545 5.3863e-05 1.2457e-05 2.96257e-06 7.17308e-07 1.75902e-07 4.35527e-08 1.08649e-08 2.72669e-09 6.87595e-10 1.74071e-10 4.42093e-11 1.12578e-11 2.87314e-12 7.34642e-13 1.88143e-13 4.82498e-14 1.23885e-14 3.18413e-15 8.1914e-16 2.10898e-16 5.43367e-17 1.40078e-17 3.6113e-18 9.25816e-19 2.38747e-19 6.15697e-20 1.58548e-20 4.1001e-21
0.00273978 0.000323377 6.21943e-05 1.31783e-05 2.96257e-06 6.90722e-07 1.64914e-07 4.00307e-08 9.83518e-09 2.43867e-09 6.08994e-10 1.52938e-10 3.85816e-11 9.76875e-12 2.48092e-12 6.31656e-13 1.61165e-13 4.11952e-14 1.05462e-14 2.70349e-15 6.93843e-16 1.78255e-16 4.58369e-17 1.17958e-17 3.0369e-18 7.80042e-19 2.00971e-19 5.17931e-20 1.33484e-20 3.43523e-21 8.877e-22
0.000934735 8.39748e-05 1.57277e-05 3.25208e-06 7.17308e-07 1.64914e-07 3.89705e-08 9.38603e-09 2.29198e-09 5.6548e-10 1.40627e-10 3.51901e-11 8.84978e-12 2.23459e-12 5.66115e-13 1.43818e-13 3.66213e-14 9.34361e-15 2.38801e-15 6.11219e-16 1.56645e-16 4.01906e-17 1.03219e-17 2.65291e-18 6.81414e-19 1.75343e-19 4.51411e-20 1.16251e-20 2.99399e-21 7.70005e-22 1.98824e-22
0.000301674 2.15667e-05 3.97241e-06 8.08157e-07 1.75902e-07 4.00307e-08 9.38603e-09 2.24683e-09 5.4594e-10 1.34138e-10 3.32399e-11 8.29211e-12 2.07962e-12 5.23816e-13 1.3241e-13 3.35699e-14 8.53235e-15 2.17327e-15 5.54569e-16 1.41739e-16 3.62764e-17 9.29582e-18 2.38447e-18 6.11818e-19 1.57194e-19 4.04151e-20 1.03964e-20 2.67534e-21 6.88535e-22 1.76965e-22 4.566e-23
9.35554e-05 5.51408e-06 1.00445e-06 2.02044e-07 4.35527e-08 9.83518e-09 2.29198e-09 5.4594e-10 1.32107e-10 3.23445e-11 7.9904e-12 1.98786e-12 4.97325e-13 1.24989e-13 3.1531e-14 7.97933e-15 2.02464e-15 5.14888e-16 1.31197e-16 3.34867e-17 8.55978e-18 2.19081e-18 5.61194e-19 1.43933e-19 3.69473e-20 9.49125e-21 2.4396e-21 6.2733e-22 1.61339e-22 4.14409e-23 1.06848e-23
2.81839e-05 1.40802e-06 2.54521e-07 5.07748e-08 1.08649e-08 2.43867e-09 5.6548e-10 1.34138e-10 3.23445e-11 7.89475e-12 1.94502e-12 4.82707e-13 1.20498e-13 3.0223e-14 7.61034e-15 1.92264e-15 4.8708e-16 1.23691e-16 3.1475e-17 8.02361e-18 2.04855e-18 5.23669e-19 1.34042e-19 3.43467e-20 8.80907e-21 2.26109e-21 5.80741e-22 1.49228e-22 3.83534e-23 9.84537e-24 2.53673e-24
8.30966e-06 3.59619e-07 6.46481e-08 1.28164e-08 2.72669e-09 6.08994e-10 1.40627e-10 3.32399e-11 7.9904e-12 1.94502e-12 4.78028e-13 1.18374e-13 2.94904e-14 7.38317e-15 1.85599e-15 4.6816e-16 1.18433e-16 3.00349e-17 7.63333e-18 1.94361e-18 4.95662e-19 1.26593e-19 3.23731e-20 8.28792e-21 2.12389e-21 5.4473e-22 1.39807e-22 3.59006e-23 9.22102e-24 2.3657e-24 6.09152e-25
2.41027e-06 9.1932e-08 1.6459e-08 3.2471e-09 6.87595e-10 1.52938e-10 3.51901e-11 8.29211e-12 1.98786e-12 4.82707e-13 1.18374e-13 2.92542e-14 7.27474e-15 1.81823e-15 4.56361e-16 1.14948e-16 2.90402e-17 7.35556e-18 1.86723e-18 4.74907e-19 1.20996e-19 3.08734e-20 7.88814e-21 2.01778e-21 5.16676e-22 1.32418e-22 3.39622e-23 8.71537e-24 2.23718e-24 5.7365e-25 1.47622e-25
6.90297e-07 2.35281e-08 4.1993e-09 8.25232e-10 1.74071e-10 3.85816e-11 8.84978e-12 2.07962e-12 4.97325e-13 1.20498e-13 2.94904e-14 7.27474e-15 1.80599e-15 4.50687e-16 1.12957e-16 2.84136e-17 7.16946e-18 1.81384e-18 4.59945e-19 1.16867e-19 2.97469e-20 7.58351e-21 1.93596e-21 4.94827e-22 1.26612e-22 3.24267e-23 8.31123e-24 2.13151e-24 5.4683e-25 1.40145e-25 3.6044e-26
1.95718e-07 6.02872e-09 1.07343e-09 2.10276e-10 4.42093e-11 9.76875e-12 2.23459e-12 5.23816e-13 1.24989e-13 3.0223e-14 7.38317e-15 1.81823e-15 4.50687e-16 1.12308e-16 2.81106e-17 7.06235e-18 1.77995e-18 4.4983e-19 1.13952e-19 2.89267e-20 7.35638e-21 1.87383e-21 4.77984e-22 1.22081e-22 3.12151e-23 7.98921e-24 2.04643e-24 5.24523e-25 1.3449e-25 3.44512e-26 8.85578e-27
5.50408e-08 1.54653e-09 2.74848e-10 5.36975e-11 1.12578e-11 2.48092e-12 5.66115e-13 1.3241e-13 3.1531e-14 7.61034e-15 1.85599e-15 4.56361e-16 1.12957e-16 2.81106e-17 7.02736e-18 1.76348e-18 4.43975e-19 1.1209e-19 2.83682e-20 7.19486e-21 1.82821e-21 4.65316e-22 1.18607e-22 3.02717e-23 7.73511e-24 1.97849e-24 5.06488e-25 1.29746e-25 3.32503e-26 8.51351e-27 2.1873e-27
1.53752e-08 3.97148e-10 7.04755e-11 1.3738e-11 2.87314e-12 6.31656e-13 1.43818e-13 3.35699e-14 7.97933e-15 1.92264e-15 4.6816e-16 1.14948e-16 2.84136e-17 7.06235e-18 1.76348e-18 4.42058e-19 1.11182e-19 2.80436e-20 7.0911e-21 1.79697e-21 4.5625e-22 1.16039e-22 2.95569e-23 7.53872e-24 1.9251e-24 4.92109e-25 1.25908e-25 3.22366e-26 8.25724e-27 2.11328e-27 5.42681e-28
4.27083e-09 1.02086e-10 1.80938e-11 3.52032e-12 7.34642e-13 1.61165e-13 3.66213e-14 8.53235e-15 2.02464e-15 4.8708e-16 1.18433e-16 2.90402e-17 7.16946e-18 1.77995e-18 4.43975e-19 1.11182e-19 2.7937e-20 7.04035e-21 1.77874e-21 4.504e-22 1.14271e-22 2.90424e-23 7.39265e-24 1.88437e-24 4.80908e-25 1.22864e-25 3.14184e-26 8.04009e-27 2.05845e-27 5.26599e-28 1.35166e-28
1.18067e-09 2.62637e-11 4.65047e-12 9.03293e-13 1.88143e-13 4.11952e-14 9.34361e-15 2.17327e-15 5.14888e-16 1.23691e-16 3.00349e-17 7.35556e-18 1.81384e-18 4.4983e-19 1.1209e-19 2.80436e-20 7.04035e-21 1.77275e-21 4.47532e-22 1.13237e-22 2.87093e-23 7.2917e-24 1.85491e-24 4.72528e-25 1.20525e-25 3.07756e-26 7.86582e-27 2.01193e-27 5.14868e-28 1.31662e-28 3.37797e-29
3.25061e-10 6.76216e-12 1.19641e-12 2.32051e-13 4.82498e-14 1.05462e-14 2.38801e-15 5.54569e-16 1.31197e-16 3.1475e-17 7.63333e-18 1.86723e-18 4.59945e-19 1.13952e-19 2.83682e-20 7.0911e-21 1.77874e-21 4.47532e-22 1.12896e-22 2.85456e-23 7.23243e-24 1.83577e-24 4.66714e-25 1.18826e-25 3.02918e-26 7.73092e-27 1.97496e-27 5.04924e-28 1.29158e-28 3.30158e-29 8.46704e-30
8.91765e-11 1.74229e-12 3.08058e-13 5.96731e-14 1.23885e-14 2.70349e-15 6.11219e-16 1.41739e-16 3.34867e-17 8.02361e-18 1.94361e-18 4.74907e-19 1.16867e-19 2.89267e-20 7.19486e-21 1.79697e-21 4.504e-22 1.13237e-22 2.85456e-23 7.21289e-24 1.82634e-24 4.63292e-25 1.17718e-25 2.99547e-26 7.63234e-27 1.94693e-27 4.97137e-28 1.27044e-28 3.24841e-29 8.3006e-30 2.12787e-30
2.43881e-11 4.49189e-13 7.93791e-14 1.53589e-14 3.18413e-15 6.93843e-16 1.56645e-16 3.62764e-17 8.55978e-18 2.04855e-18 4.95662e-19 1.20996e-19 2.97469e-20 7.35638e-21 1.82821e-21 4.5625e-22 1.14271e-22 2.87093e-23 7.23243e-24 1.82634e-24 4.62162e-25 1.17171e-25 2.97558e-26 7.56785e-27 1.92731e-27 4.91407e-28 1.25422e-28 3.20382e-29 8.18868e-30 2.0917e-30 5.36002e-31
6.65124e-12 1.15874e-13 2.04676e-14 3.95624e-15 8.1914e-16 1.78255e-16 4.01906e-17 9.29582e-18 2.19081e-18 5.23669e-19 1.26593e-19 3.08734e-20 7.58351e-21 1.87383e-21 4.65316e-22 1.16039e-22 2.90424e-23 7.2917e-24 1.83577e-24 4.63292e-25 1.17171e-25 2.96901e-26 7.53597e-27 1.91569e-27 4.87642e-28 1.24279e-28 3.17063e-29 8.0959e-30 2.06845e-30 5.28185e-31 1.35298e-31
1.80949e-12 2.99064e-14 5.28061e-15 1.01978e-15 2.10898e-16 4.58369e-17 1.03219e-17 2.38447e-18 5.61194e-19 1.34042e-19 3.23731e-20 7.88814e-21 1.93596e-21 4.77984e-22 1.18607e-22 2.95569e-23 7.39265e-24 1.85491e-24 4.66714e-25 1.17718e-25 2.97558e-26 7.53597e-27 1.91185e-27 4.85777e-28 1.236e-28 3.14868e-29 8.02969e-30 2.04951e-30 5.23448e-31 1.3362e-31 3.42155e-32
4.91192e-13 7.72225e-15 1.36311e-15 2.63023e-16 5.43367e-17 1.17958e-17 2.65291e-18 6.11818e-19 1.43933e-19 3.43467e-20 8.28792e-21 2.01778e-21 4.94827e-22 1.22081e-22 3.02717e-23 7.53872e-24 1.88437e-24 4.72528e-25 1.18826e-25 2.99547e-26 7.56785e-27 1.91569e-27 4.85777e-28 1.23374e-28 3.13776e-29 7.99011e-30 2.03683e-30 5.19691e-31 1.32683e-31 3.38595e-32 8.66725e-33
1.33069e-13 1.99484e-15 3.52031e-16 6.78766e-17 1.40078e-17 3.0369e-18 6.81414e-19 1.57194e-19 3.69473e-20 8.80907e-21 2.12389e-21 5.16676e-22 1.26612e-22 3.12151e-23 7.73511e-24 1.9251e-24 4.80908e-25 1.20525e-25 3.02918e-26 7.63234e-27 1.92731e-27 4.87642e-28 1.236e-28 3.13776e-29 7.97694e-30 2.03048e-30 5.17414e-31 1.3197e-31 3.36822e-32 8.59281e-33 2.19884e-33
3.59848e-14 5.15509e-16 9.09519e-17 1.75236e-17 3.6113e-18 7.80042e-19 1.75343e-19 4.04151e-20 9.49125e-21 2.26109e-21 5.4473e-22 1.32418e-22 3.24267e-23 7.98921e-24 1.97849e-24 4.92109e-25 1.22864e-25 3.07756e-26 7.73092e-27 1.94693e-27 4.91407e-28 1.24279e-28 3.14868e-29 7.99011e-30 2.03048e-30 5.16653e-31 1.31608e-31 3.35561e-32 8.56165e-33 2.18357e-33 5.58584e-34
9.71498e-15 1.33263e-16 2.35043e-17 4.52146e-18 9.25816e-19 2.00971e-19 4.51411e-20 1.03964e-20 2.4396e-21 5.80741e-22 1.39807e-22 3.39622e-23 8.31123e-24 2.04643e-24 5.06488e-25 1.25908e-25 3.14184e-26 7.86582e-27 1.97496e-27 4.97137e-28 1.25422e-28 3.17063e-29 8.02969e-30 2.03683e-30 5.17414e-31 1.31608e-31 3.35134e-32 8.54212e-33 2.1788e-33 5.55532e-34 1.42068e-34
2.61878e-15 3.44519e-17 6.06507e-18 1.15313e-18 2.38747e-19 5.17931e-20 1.16251e-20 2.67534e-21 6.2733e-22 1.49228e-22 3.59006e-23 8.71537e-24 2.13151e-24 5.24523e-25 1.29746e-25 3.22366e-26 8.04009e-27 2.01193e-27 5.04924e-28 1.27044e-28 3.20382e-29 8.0959e-30 2.04951e-30 5.19691e-31 1.3197e-31 3.35561e-32 8.54212e-33 2.1766e-33 5.55012e-34 1.41475e-34 3.61696e-35
7.04726e-16 8.8812e-18 1.53067e-18 2.97514e-19 6.15697e-20 1.33484e-20 2.99399e-21 6.88535e-22 1.61339e-22 3.83534e-23 9.22102e-24 2.23718e-24 5.4683e-25 1.3449e-25 3.32503e-26 8.25724e-27 2.05845e-27 5.14868e-28 1.29158e-28 3.24841e-29 8.18868e-30 2.06845e-30 5.23448e-31 1.32683e-31 3.36822e-32 8.56165e-33 2.1788e-33 5.55012e-34 1.41483e-34 3.60559e-35 9.21553e-36
1.88596e-16 2.19952e-18 3.94453e-19 7.66502e-20 1.58548e-20 3.43523e-21 7.70005e-22 1.76965e-22 4.14409e-23 9.84537e-24 2.3657e-24 5.7365e-25 1.40145e-25 3.44512e-26 8.51351e-27 2.11328e-27 5.26599e-28 1.31662e-28 3.30158e-29 8.3006e-30 2.0917e-30 5.28185e-31 1.3362e-31 3.38595e-32 8.59281e-33 2.18357e-33 5.55532e-34 1.41475e-34 3.60559e-35 9.1865e-36 2.34741e-36
5.06448e-17 5.69392e-19 1.02114e-19 1.98348e-20 4.1001e-21 8.877e-22 1.98824e-22 4.566e-23 1.06848e-23 2.53673e-24 6.09152e-25 1.47622e-25 3.6044e-26 8.85578e-27 2.1873e-27 5.42681e-28 1.35166e-28 3.37797e-29 8.46704e-30 2.12787e-30 5.36002e-31 1.35298e-31 3.42155e-32 8.66725e-33 2.19884e-33 5.58584e-34 1.42068e-34 3.61696e-35 9.21553e-36 2.34741e-36 5.99666e-37
