0.976214 0.00583397 0.00292289 0.00147307 0.000746666 0.000380579 0.000195022 0.000100447 5.19857e-05 2.70273e-05 1.41109e-05 7.39611e-06 3.89046e-06 2.05306e-06 1.08658e-06 5.76546e-07 3.06606e-07 1.63368e-07 8.71899e-08 4.65967e-08 2.493e-08 1.33495e-08 7.15294e-09 3.83437e-09 2.05592e-09 1.10238e-09 5.90891e-10 3.16336e-10 1.68637e-10 8.85468e-11 4.73838e-11
0.00583397 6.36692e-05 3.20501e-05 1.62338e-05 8.26958e-06 4.23426e-06 2.17791e-06 1.12462e-06 5.82667e-07 3.02714e-07 1.57621e-07 8.22157e-08 4.29406e-08 2.24487e-08 1.1743e-08 6.14479e-09 3.21569e-09 1.68265e-09 8.80214e-10 4.60259e-10 2.40539e-10 1.2563e-10 6.55674e-11 3.41902e-11 1.78062e-11 9.25016e-12 4.77235e-12 2.40688e-12 1.11608e-12 3.40075e-13 1.71847e-13
0.00292289 3.20501e-05 1.61263e-05 8.16361e-06 4.15591e-06 2.12642e-06 1.0929e-06 5.63897e-07 2.91918e-07 1.51537e-07 7.88412e-08 4.10918e-08 2.14458e-08 1.12034e-08 5.85651e-09 3.06257e-09 1.60172e-09 8.37636e-10 4.37942e-10 2.28881e-10 1.19559e-10 6.24143e-11 3.25568e-11 1.6962e-11 8.8152e-12 4.54955e-12 2.29479e-12 1.06363e-12 3.23701e-13 1.62574e-13 8.22034e-14
0.00147307 1.62338e-05 8.16361e-06 4.1298e-06 2.10068e-06 1.07386e-06 5.51389e-07 2.8421e-07 1.46977e-07 7.62182e-08 3.96138e-08 2.06259e-08 1.07542e-08 5.61282e-09 2.93146e-09 1.53167e-09 8.00424e-10 4.18275e-10 2.18533e-10 1.14135e-10 5.95809e-11 3.10812e-11 1.61958e-11 8.41871e-12 4.34558e-12 2.19166e-12 1.01488e-12 3.07665e-13 1.54772e-13 7.7762e-14 3.93446e-14
0.000746666 8.26958e-06 4.15591e-06 2.10068e-06 1.06752e-06 5.45136e-07 2.79587e-07 1.43939e-07 7.43456e-08 3.85058e-08 1.99886e-08 1.0395e-08 5.41359e-09 2.8223e-09 1.47245e-09 7.68561e-10 4.0125e-10 2.09489e-10 1.09355e-10 5.70656e-11 2.97628e-11 1.55073e-11 8.06055e-12 4.16044e-12 2.09761e-12 9.70165e-13 2.92725e-13 1.47137e-13 7.40513e-14 3.72202e-14 1.88443e-14
0.000380579 4.23426e-06 2.12642e-06 1.07386e-06 5.45136e-07 2.78046e-07 1.4242e-07 7.32224e-08 3.77675e-08 1.95336e-08 1.01258e-08 5.25873e-09 2.73503e-09 1.42403e-09 7.42032e-10 3.86857e-10 2.01744e-10 1.05217e-10 5.48674e-11 2.8601e-11 1.48961e-11 7.74053e-12 3.99406e-12 2.01264e-12 9.29562e-13 2.79059e-13 1.40044e-13 7.0422e-14 3.54583e-14 1.78295e-14 9.03296e-15
0.000195022 2.17791e-06 1.0929e-06 5.51389e-07 2.79587e-07 1.4242e-07 7.2848e-08 3.73985e-08 1.92607e-08 9.94645e-09 5.14817e-09 2.66961e-09 1.3864e-09 7.20824e-10 3.75091e-10 1.95297e-10 1.01719e-10 5.29851e-11 2.75953e-11 1.4362e-11 7.45853e-12 3.84637e-12 1.93672e-12 8.93069e-13 2.66703e-13 1.33583e-13 6.70614e-14 3.37364e-14 1.69946e-14 8.54888e-15 4.33402e-15
0.000100447 1.12462e-06 5.63897e-07 2.8421e-07 1.43939e-07 7.32224e-08 3.73985e-08 1.91697e-08 9.85677e-09 5.08186e-09 2.62602e-09 1.35953e-09 7.04926e-10 3.65945e-10 1.90142e-10 9.88589e-11 5.1418e-11 2.6745e-11 1.39046e-11 7.2144e-12 3.71729e-12 1.86982e-12 8.60674e-13 2.55662e-13 1.27771e-13 6.40136e-14 3.21477e-14 1.61793e-14 8.15407e-15 4.10347e-15 2.08174e-15
5.19857e-05 5.82667e-07 2.91918e-07 1.46977e-07 7.43456e-08 3.77675e-08 1.92607e-08 9.85677e-09 5.05976e-09 2.60423e-09 1.34342e-09 6.94332e-10 3.59416e-10 1.86279e-10 9.6636e-11 5.01651e-11 2.605e-11 1.35238e-11 7.00802e-12 3.60677e-12 1.8119e-12 8.32362e-13 2.45934e-13 1.22611e-13 6.12879e-14 3.07139e-14 1.543e-14 7.76895e-15 3.91723e-15 1.97212e-15 1.00115e-15
2.70273e-05 3.02714e-07 1.51537e-07 7.62182e-08 3.85058e-08 1.95336e-08 9.94645e-09 5.08186e-09 2.60423e-09 1.33805e-09 6.89036e-10 3.55499e-10 1.83704e-10 9.5049e-11 4.9226e-11 2.55097e-11 1.32193e-11 6.83931e-12 3.51475e-12 1.76294e-12 8.08121e-13 2.37512e-13 1.18102e-13 5.88856e-14 2.94399e-14 1.47576e-14 7.41651e-15 3.73576e-15 1.8845e-15 9.49135e-16 4.82151e-16
1.41109e-05 1.57621e-07 7.88412e-08 3.96138e-08 1.99886e-08 1.01258e-08 5.14817e-09 2.62602e-09 1.34342e-09 6.89036e-10 3.54194e-10 1.82417e-10 9.40971e-11 4.86002e-11 2.5124e-11 1.29911e-11 6.70816e-12 3.44118e-12 1.72291e-12 7.87937e-13 2.30394e-13 1.14241e-13 5.68059e-14 2.83263e-14 1.41644e-14 7.10219e-15 3.57049e-15 1.79923e-15 9.08036e-16 4.57517e-16 2.32565e-16
7.39611e-06 8.22157e-08 4.10918e-08 2.06259e-08 1.0395e-08 5.25873e-09 2.66961e-09 1.35953e-09 6.94332e-10 3.55499e-10 1.82417e-10 9.37798e-11 4.82874e-11 2.48926e-11 1.28391e-11 6.61454e-12 3.38604e-12 1.6918e-12 7.71803e-13 2.24575e-13 1.11026e-13 5.5048e-14 2.73727e-14 1.36507e-14 6.82717e-15 3.42413e-15 1.722e-15 8.68095e-16 4.38304e-16 2.20926e-16 1.12373e-16
3.89046e-06 4.29406e-08 2.14458e-08 1.07542e-08 5.41359e-09 2.73503e-09 1.3864e-09 7.04926e-10 3.59416e-10 1.83704e-10 9.40971e-11 4.82874e-11 2.48155e-11 1.27631e-11 6.55838e-12 3.34929e-12 1.66959e-12 7.59708e-13 2.20052e-13 1.08457e-13 5.3611e-14 2.65788e-14 1.32165e-14 6.59161e-15 3.29726e-15 1.65414e-15 8.32139e-16 4.19662e-16 2.11979e-16 1.06887e-16 5.44003e-17
2.05306e-06 2.24487e-08 1.12034e-08 5.61282e-09 2.8223e-09 1.42403e-09 7.20824e-10 3.65945e-10 1.86279e-10 9.5049e-11 4.86002e-11 2.48926e-11 1.27631e-11 6.53966e-12 3.33092e-12 1.65627e-12 7.51649e-13 2.16824e-13 1.06531e-13 5.24941e-14 2.59442e-14 1.28615e-14 6.39549e-15 3.18998e-15 1.59595e-15 8.00835e-16 4.02996e-16 2.03313e-16 1.02738e-16 5.18225e-17 2.63902e-17
1.08658e-06 1.1743e-08 5.85651e-09 2.93146e-09 1.47245e-09 7.42032e-10 3.75091e-10 1.90142e-10 9.6636e-11 4.9226e-11 2.5124e-11 1.28391e-11 6.55838e-12 3.33092e-12 1.65183e-12 7.4762e-13 2.14887e-13 1.05248e-13 5.16968e-14 2.54686e-14 1.25856e-14 6.23871e-15 3.10227e-15 1.54749e-15 7.74333e-16 3.8864e-16 1.95628e-16 9.87287e-17 4.99084e-17 2.51826e-17 1.28309e-17
5.76546e-07 6.14479e-09 3.06257e-09 1.53167e-09 7.68561e-10 3.86857e-10 1.95297e-10 9.88589e-11 5.01651e-11 2.55097e-11 1.29911e-11 6.61454e-12 3.34929e-12 1.65627e-12 7.4762e-13 2.14242e-13 1.04606e-13 5.12185e-14 2.51516e-14 1.23886e-14 6.1212e-15 3.0341e-15 1.50875e-15 7.52659e-16 3.76668e-16 1.89089e-16 9.52058e-17 4.80631e-17 2.43047e-17 1.22672e-17 6.25336e-18
3.06606e-07 3.21569e-09 1.60172e-09 8.00424e-10 4.0125e-10 2.01744e-10 1.01719e-10 5.1418e-11 2.605e-11 1.32193e-11 6.70816e-12 3.38604e-12 1.66959e-12 7.51649e-13 2.14887e-13 1.04606e-13 5.10591e-14 2.49932e-14 1.22705e-14 6.04289e-15 2.98543e-15 1.47971e-15 7.35812e-16 3.67093e-16 1.83734e-16 9.2252e-17 4.64595e-17 2.34608e-17 1.18673e-17 5.99133e-18 3.05546e-18
1.63368e-07 1.68265e-09 8.37636e-10 4.18275e-10 2.09489e-10 1.05217e-10 5.29851e-11 2.6745e-11 1.35238e-11 6.83931e-12 3.44118e-12 1.6918e-12 7.59708e-13 2.16824e-13 1.05248e-13 5.12185e-14 2.49932e-14 1.22311e-14 6.00374e-15 2.95624e-15 1.46036e-15 7.23784e-16 3.59915e-16 1.7957e-16 8.98861e-17 4.51384e-17 2.27369e-17 1.14843e-17 5.81064e-18 2.93422e-18 1.49694e-18
8.71899e-08 8.80214e-10 4.37942e-10 2.18533e-10 1.09355e-10 5.48674e-11 2.75953e-11 1.39046e-11 7.00802e-12 3.51475e-12 1.72291e-12 7.71803e-13 2.20052e-13 1.06531e-13 5.16968e-14 2.51516e-14 1.22705e-14 6.00374e-15 2.94652e-15 1.45069e-15 7.16569e-16 3.55132e-16 1.76596e-16 8.81118e-17 4.41094e-17 2.21533e-17 1.11608e-17 5.63832e-18 2.8534e-18 1.44115e-18 7.35448e-19
4.65967e-08 4.60259e-10 2.28881e-10 1.14135e-10 5.70656e-11 2.8601e-11 1.4362e-11 7.2144e-12 3.60677e-12 1.76294e-12 7.87937e-13 2.24575e-13 1.08457e-13 5.24941e-14 2.54686e-14 1.23886e-14 6.04289e-15 2.95624e-15 1.45069e-15 7.14165e-16 3.5274e-16 1.74813e-16 8.69292e-17 4.33743e-17 2.17149e-17 1.0907e-17 5.49559e-18 2.77672e-18 1.40544e-18 7.0994e-19 3.62377e-19
2.493e-08 2.40539e-10 1.19559e-10 5.95809e-11 2.97628e-11 1.48961e-11 7.45853e-12 3.71729e-12 1.8119e-12 8.08121e-13 2.30394e-13 1.11026e-13 5.3611e-14 2.59442e-14 1.25856e-14 6.1212e-15 2.98543e-15 1.46036e-15 7.16569e-16 3.5274e-16 1.74218e-16 8.6338e-17 4.29333e-17 2.14225e-17 1.07254e-17 5.38751e-18 2.71475e-18 1.3718e-18 6.94409e-19 3.50802e-19 1.79087e-19
1.33495e-08 1.2563e-10 6.24143e-11 3.10812e-11 1.55073e-11 7.74053e-12 3.84637e-12 1.86982e-12 8.32362e-13 2.37512e-13 1.14241e-13 5.5048e-14 2.65788e-14 1.28615e-14 6.23871e-15 3.0341e-15 1.47971e-15 7.23784e-16 3.55132e-16 1.74813e-16 8.6338e-17 4.27863e-17 2.12763e-17 1.06163e-17 5.31527e-18 2.67001e-18 1.34546e-18 6.79903e-19 3.44185e-19 1.73882e-19 8.87741e-20
7.15294e-09 6.55674e-11 3.25568e-11 1.61958e-11 8.06055e-12 3.99406e-12 1.93672e-12 8.60674e-13 2.45934e-13 1.18102e-13 5.68059e-14 2.73727e-14 1.32165e-14 6.39549e-15 3.10227e-15 1.50875e-15 7.35812e-16 3.59915e-16 1.76596e-16 8.69292e-17 4.29333e-17 2.12763e-17 1.058e-17 5.27913e-18 2.64307e-18 1.32768e-18 6.69029e-19 3.38078e-19 1.71142e-19 8.64599e-20 4.41406e-20
3.83437e-09 3.41902e-11 1.6962e-11 8.41871e-12 4.16044e-12 2.01264e-12 8.93069e-13 2.55662e-13 1.22611e-13 5.88856e-14 2.83263e-14 1.36507e-14 6.59161e-15 3.18998e-15 1.54749e-15 7.52659e-16 3.67093e-16 1.7957e-16 8.81118e-17 4.33743e-17 2.14225e-17 1.06163e-17 5.27913e-18 2.63409e-18 1.31875e-18 6.62411e-19 3.33776e-19 1.68655e-19 8.53706e-20 4.3126e-20 2.20151e-20
2.05592e-09 1.78062e-11 8.8152e-12 4.34558e-12 2.09761e-12 9.29562e-13 2.66703e-13 1.27771e-13 6.12879e-14 2.94399e-14 1.41644e-14 6.82717e-15 3.29726e-15 1.59595e-15 7.74333e-16 3.76668e-16 1.83734e-16 8.98861e-17 4.41094e-17 2.17149e-17 1.07254e-17 5.31527e-18 2.64307e-18 1.31875e-18 6.60196e-19 3.31591e-19 1.67066e-19 8.44073e-20 4.27202e-20 2.15782e-20 1.10133e-20
1.10238e-09 9.25016e-12 4.54955e-12 2.19166e-12 9.70165e-13 2.79059e-13 1.33583e-13 6.40136e-14 3.07139e-14 1.47576e-14 7.10219e-15 3.42413e-15 1.65414e-15 8.00835e-16 3.8864e-16 1.89089e-16 9.2252e-17 4.51384e-17 2.21533e-17 1.0907e-17 5.38751e-18 2.67001e-18 1.32768e-18 6.62411e-19 3.31591e-19 1.66526e-19 8.38892e-20 4.23766e-20 2.14437e-20 1.08296e-20 5.52592e-21
5.90891e-10 4.77235e-12 2.29479e-12 1.01488e-12 2.92725e-13 1.40044e-13 6.70614e-14 3.21477e-14 1.543e-14 7.41651e-15 3.57049e-15 1.722e-15 8.32139e-16 4.02996e-16 1.95628e-16 9.52058e-17 4.64595e-17 2.27369e-17 1.11608e-17 5.49559e-18 2.71475e-18 1.34546e-18 6.69029e-19 3.33776e-19 1.67066e-19 8.38892e-20 4.22523e-20 2.13392e-20 1.07957e-20 5.45096e-21 2.78051e-21
3.16336e-10 2.40688e-12 1.06363e-12 3.07665e-13 1.47137e-13 7.0422e-14 3.37364e-14 1.61793e-14 7.76895e-15 3.73576e-15 1.79923e-15 8.68095e-16 4.19662e-16 2.03313e-16 9.87287e-17 4.80631e-17 2.34608e-17 1.14843e-17 5.63832e-18 2.77672e-18 1.3718e-18 6.79903e-19 3.38078e-19 1.68655e-19 8.44073e-20 4.23766e-20 2.13392e-20 1.07744e-20 5.44937e-21 2.75084e-21 1.40264e-21
1.68637e-10 1.11608e-12 3.23701e-13 1.54772e-13 7.40513e-14 3.54583e-14 1.69946e-14 8.15407e-15 3.91723e-15 1.8845e-15 9.08036e-16 4.38304e-16 2.11979e-16 1.02738e-16 4.99084e-17 2.43047e-17 1.18673e-17 5.81064e-18 2.8534e-18 1.40544e-18 6.94409e-19 3.44185e-19 1.71142e-19 8.53706e-20 4.27202e-20 2.14437e-20 1.07957e-20 5.44937e-21 2.7553e-21 1.39051e-21 7.08714e-22
8.85468e-11 3.40075e-13 1.62574e-13 7.7762e-14 3.72202e-14 1.78295e-14 8.54888e-15 4.10347e-15 1.97212e-15 9.49135e-16 4.57517e-16 2.20926e-16 1.06887e-16 5.18225e-17 2.51826e-17 1.22672e-17 5.99133e-18 2.93422e-18 1.44115e-18 7.0994e-19 3.50802e-19 1.73882e-19 8.64599e-20 4.3126e-20 2.15782e-20 1.08296e-20 5.45096e-21 2.75084e-21 1.39051e-21 7.01578e-22 3.57448e-22
4.73838e-11 1.71847e-13 8.22034e-14 3.93446e-14 1.88443e-14 9.03296e-15 4.33402e-15 2.08174e-15 1.00115e-15 4.82151e-16 2.32565e-16 1.12373e-16 5.44003e-17 2.63902e-17 1.28309e-17 6.25336e-18 3.05546e-18 1.49694e-18 7.35448e-19 3.62377e-19 1.79087e-19 8.87741e-20 4.41406e-20 2.20151e-20 1.10133e-20 5.52592e-21 2.78051e-21 1.40264e-21 7.08714e-22 3.57448e-22 1.82008e-22
