0.463513 0.081081 0.0411642 0.0208988 0.0106101 0.00538668 0.00273478 0.00138843 0.000704893 0.000357869 0.000181687 9.22412e-05 4.68302e-05 2.37753e-05 1.20705e-05 6.12812e-06 3.1112e-06 1.57953e-06 8.01916e-07 4.07127e-07 2.06695e-07 1.04938e-07 5.3276e-08 2.70478e-08 1.3732e-08 6.97161e-09 3.53943e-09 1.79694e-09 9.12294e-10 4.63165e-10 2.35145e-10 1.19381e-10 6.0609e-11 3.07707e-11 1.56221e-11 7.9312e-12 4.02661e-12 2.04428e-12 1.03786e-12 5.26916e-13 2.67511e-13 1.35813e-13 6.89514e-14 3.50061e-14 1.77723e-14 9.02287e-15 4.58084e-15 2.32566e-15 1.18072e-15 5.99442e-16 3.04332e-16 1.54507e-16 7.84421e-17 3.98244e-17 2.02186e-17 1.02648e-17 5.21136e-18 2.64577e-18 1.34324e-18 6.81951e-19 3.46221e-19 1.75774e-19 8.9239e-20 4.5306e-20 2.30015e-20 1.16777e-20 5.92867e-21 3.00994e-21 1.52812e-21 7.75816e-22 3.93876e-22 1.99968e-22 1.01522e-22 5.1542e-23 2.61675e-23 1.3285e-23 6.7447e-24 3.42423e-24 1.73846e-24 8.82602e-25 4.4809e-25 2.27492e-25 1.15496e-25 5.86364e-26 2.97692e-26 1.51136e-26 7.67306e-27 3.89556e-27 1.97774e-27 1.00409e-27 5.09766e-28 2.58804e-28 1.31393e-28 6.67072e-29 3.38667e-29 1.71939e-29 8.7292e-30 4.43175e-30 2.24997e-30 1.14229e-30 5.79932e-31
0.081081 0.0332635 0.0194462 0.0111717 0.00633126 0.00354915 0.00197186 0.0010874 0.000595877 0.000324766 0.000176174 9.51756e-05 5.12307e-05 2.74872e-05 1.47053e-05 7.84667e-06 4.17707e-06 2.21885e-06 1.17634e-06 6.22522e-07 3.28897e-07 1.73501e-07 9.13965e-08 4.80825e-08 2.52646e-08 1.326e-08 6.95199e-09 3.64116e-09 1.9053e-09 9.96093e-10 5.20324e-10 2.71585e-10 1.41649e-10 7.38266e-11 3.84522e-11 2.00149e-11 1.04117e-11 5.41299e-12 2.81264e-12 1.46071e-12 7.58218e-13 3.93383e-13 2.04003e-13 1.05747e-13 5.47915e-14 2.8378e-14 1.4692e-14 7.60359e-15 3.93367e-15 2.03435e-15 1.05174e-15 5.43565e-16 2.80839e-16 1.45055e-16 7.49002e-17 3.86643e-17 1.99535e-17 1.02947e-17 5.31002e-18 2.73824e-18 1.4117e-18 7.27637e-19 3.74962e-19 1.93182e-19 9.95065e-20 5.12445e-20 2.63849e-20 1.35825e-20 6.99072e-21 3.59736e-21 1.85083e-21 9.52083e-22 4.89675e-22 2.51808e-22 1.29468e-22 6.65554e-23 3.42089e-23 1.75804e-23 9.0335e-24 4.6411e-24 2.3841e-24 1.22453e-24 6.28863e-25 3.22914e-25 1.65791e-25 8.51103e-26 4.36868e-26 2.24216e-26 1.15062e-26 5.90401e-27 3.02911e-27 1.55394e-27 7.97091e-28 4.08823e-28 2.09661e-28 1.07512e-28 5.51257e-29 2.82623e-29 1.44884e-29 7.42666e-30 3.8065e-30
0.0411642 0.0194462 0.0122214 0.00747782 0.00448378 0.00264616 0.00154173 0.000888763 0.000507776 0.00028789 0.000162142 9.07882e-05 5.05736e-05 2.80427e-05 1.54854e-05 8.51923e-06 4.67094e-06 2.55306e-06 1.39149e-06 7.56417e-07 4.10194e-07 2.21943e-07 1.19835e-07 6.45768e-08 3.47358e-08 1.86523e-08 9.99978e-09 5.35289e-09 2.86131e-09 1.52741e-09 8.14306e-10 4.33603e-10 2.3062e-10 1.22525e-10 6.50276e-11 3.44777e-11 1.82627e-11 9.6649e-12 5.11036e-12 2.69987e-12 1.42524e-12 7.51797e-13 3.96271e-13 2.08726e-13 1.09866e-13 5.7792e-14 3.03806e-14 1.5961e-14 8.38049e-15 4.39776e-15 2.30651e-15 1.20906e-15 6.33459e-16 3.31721e-16 1.73628e-16 9.08369e-17 4.75018e-17 2.48294e-17 1.2973e-17 6.77535e-18 3.53713e-18 1.84587e-18 9.62911e-19 5.02124e-19 2.61747e-19 1.36395e-19 7.1051e-20 3.69996e-20 1.92613e-20 1.00239e-20 5.215e-21 2.71233e-21 1.41028e-21 7.33065e-22 3.80943e-22 1.97907e-22 1.02789e-22 5.33726e-23 2.77065e-23 1.43793e-23 7.46085e-24 3.87023e-24 2.00717e-24 1.04072e-24 5.39495e-25 2.79606e-25 1.44882e-25 7.50569e-26 3.88758e-26 2.01317e-26 1.04231e-26 5.39549e-27 2.79243e-27 1.44495e-27 7.47561e-28 3.8669e-28 1.99988e-28 1.03412e-28 5.34641e-29 2.76366e-29 1.42835e-29
0.0208988 0.0111717 0.00747782 0.00482845 0.0030363 0.00187073 0.00113393 0.000678174 0.000401064 0.00023492 0.000136466 7.86994e-05 4.50951e-05 2.5692e-05 1.45623e-05 8.2156e-06 4.61538e-06 2.58282e-06 1.44024e-06 8.00476e-07 4.4355e-07 2.45081e-07 1.35063e-07 7.42494e-08 4.0724e-08 2.22878e-08 1.21731e-08 6.63591e-09 3.61087e-09 1.96145e-09 1.06374e-09 5.75996e-10 3.11433e-10 1.68152e-10 9.0669e-11 4.88271e-11 2.62623e-11 1.4109e-11 7.57138e-12 4.0587e-12 2.17345e-12 1.16274e-12 6.21447e-13 3.31838e-13 1.77037e-13 9.43696e-14 5.02625e-14 2.67492e-14 1.42248e-14 7.55889e-15 4.01383e-15 2.1299e-15 1.12945e-15 5.98542e-16 3.16991e-16 1.67777e-16 8.87486e-17 4.6918e-17 2.47899e-17 1.3091e-17 6.90942e-18 3.64491e-18 1.92183e-18 1.01282e-18 5.33508e-19 2.80899e-19 1.4783e-19 7.77653e-20 4.08905e-20 2.1492e-20 1.12916e-20 5.93008e-21 3.11313e-21 1.63368e-21 8.56995e-22 4.49398e-22 2.35575e-22 1.23446e-22 6.46665e-23 3.38639e-23 1.77277e-23 9.2775e-24 4.85371e-24 2.53855e-24 1.32729e-24 6.93778e-25 3.62536e-25 1.89391e-25 9.89117e-26 5.16439e-26 2.69572e-26 1.40676e-26 7.33926e-27 3.82804e-27 1.99616e-27 1.04066e-27 5.42399e-28 2.82637e-28 1.47245e-28 7.66925e-29 3.99366e-29
0.0106101 0.00633126 0.00448378 0.0030363 0.00199084 0.00127369 0.000799183 0.000493553 0.00030079 0.000181257 0.000108168 6.40031e-05 3.75869e-05 2.19259e-05 1.27134e-05 7.33155e-06 4.20704e-06 2.40318e-06 1.36705e-06 7.74662e-07 4.37413e-07 2.46168e-07 1.38112e-07 7.72636e-08 4.31065e-08 2.39886e-08 1.33176e-08 7.37676e-09 4.07732e-09 2.24908e-09 1.23822e-09 6.80451e-10 3.73285e-10 2.04439e-10 1.11789e-10 6.10344e-11 3.32754e-11 1.81163e-11 9.85005e-12 5.34875e-12 2.90091e-12 1.57146e-12 8.50315e-13 4.59602e-13 2.48156e-13 1.33853e-13 7.2128e-14 3.88301e-14 2.0885e-14 1.12232e-14 6.02592e-15 3.23274e-15 1.73288e-15 9.28166e-16 4.96769e-16 2.65683e-16 1.41992e-16 7.58336e-17 4.04731e-17 2.15868e-17 1.15062e-17 6.12921e-18 3.26299e-18 1.73608e-18 9.2316e-19 4.90614e-19 2.60595e-19 1.38345e-19 7.34062e-20 3.89299e-20 2.06356e-20 1.09331e-20 5.78981e-21 3.06468e-21 1.62147e-21 8.57516e-22 4.53302e-22 2.39525e-22 1.26513e-22 6.67946e-23 3.52515e-23 1.85971e-23 9.80728e-24 5.16999e-24 2.72441e-24 1.43516e-24 7.55748e-25 3.97836e-25 2.09356e-25 1.10134e-25 5.79186e-26 3.04492e-26 1.60029e-26 8.40792e-27 4.41618e-27 2.31888e-27 1.21725e-27 6.38795e-28 3.35135e-28 1.75776e-28 9.2168e-29
0.00538668 0.00354915 0.00264616 0.00187073 0.00127369 0.00084297 0.000545605 0.000346801 0.000217138 0.000134225 8.20612e-05 4.96887e-05 2.98319e-05 1.77751e-05 1.05192e-05 6.187e-06 3.61861e-06 2.1056e-06 1.21945e-06 7.03176e-07 4.03843e-07 2.31065e-07 1.31746e-07 7.48724e-08 4.24204e-08 2.39648e-08 1.35019e-08 7.58756e-09 4.25358e-09 2.37908e-09 1.32774e-09 7.39466e-10 4.1102e-10 2.28028e-10 1.26279e-10 6.98117e-11 3.85309e-11 2.12326e-11 1.16826e-11 6.41865e-12 3.5216e-12 1.92954e-12 1.05585e-12 5.77047e-13 3.1499e-13 1.71742e-13 9.35341e-14 5.08853e-14 2.7654e-14 1.50136e-14 8.14296e-15 4.41232e-15 2.38864e-15 1.29195e-15 6.98171e-16 3.76975e-16 2.03379e-16 1.09636e-16 5.90562e-17 3.1787e-17 1.70968e-17 9.18901e-18 4.93538e-18 2.64898e-18 1.42085e-18 7.61624e-19 4.07998e-19 2.18429e-19 1.16869e-19 6.24939e-20 3.33985e-20 1.78391e-20 9.52321e-21 5.08115e-21 2.70965e-21 1.44425e-21 7.69409e-22 4.09693e-22 2.18048e-22 1.15996e-22 6.16785e-23 3.27816e-23 1.74155e-23 9.2481e-24 4.90893e-24 2.6046e-24 1.38139e-24 7.32355e-25 3.8811e-25 2.056e-25 1.08874e-25 5.76326e-26 3.04967e-26 1.61318e-26 8.53022e-27 4.50908e-27 2.3827e-27 1.25865e-27 6.64661e-28 3.50877e-28 1.85171e-28
0.00273478 0.00197186 0.00154173 0.00113393 0.000799183 0.000545605 0.000363323 0.000237111 0.000152174 9.62869e-05 6.0185e-05 3.72202e-05 2.28025e-05 1.38531e-05 8.35299e-06 5.00244e-06 2.97737e-06 1.76207e-06 1.03742e-06 6.07853e-07 3.54576e-07 2.05978e-07 1.19194e-07 6.87257e-08 3.94922e-08 2.26214e-08 1.29188e-08 7.35684e-09 4.17825e-09 2.36697e-09 1.33764e-09 7.54201e-10 4.2431e-10 2.38216e-10 1.33473e-10 7.46422e-11 4.1666e-11 2.32176e-11 1.29159e-11 7.17344e-12 3.97792e-12 2.2026e-12 1.21784e-12 6.72422e-13 3.70776e-13 2.04183e-13 1.12301e-13 6.16917e-14 3.38501e-14 1.85525e-14 1.01571e-14 5.55487e-15 3.03481e-15 1.65637e-15 9.03148e-16 4.91985e-16 2.67761e-16 1.45598e-16 7.91023e-17 4.29394e-17 2.32898e-17 1.26221e-17 6.83527e-18 3.69872e-18 1.99998e-18 1.08066e-18 5.83502e-19 3.14847e-19 1.69771e-19 9.1484e-20 4.92661e-20 2.65142e-20 1.42608e-20 7.66565e-21 4.11813e-21 2.21107e-21 1.18648e-21 6.36329e-22 3.4109e-22 1.82738e-22 9.78505e-23 5.23695e-23 2.80143e-23 1.49785e-23 8.00483e-24 4.27595e-24 2.28304e-24 1.21843e-24 6.49972e-25 3.46578e-25 1.84724e-25 9.84158e-26 5.24117e-26 2.79008e-26 1.48468e-26 7.89734e-27 4.19916e-27 2.23194e-27 1.18588e-27 6.29856e-28 3.34416e-28
0.00138843 0.0010874 0.000888763 0.000678174 0.000493553 0.000346801 0.000237111 0.000158577 0.000104132 6.73304e-05 4.29589e-05 2.70927e-05 1.69124e-05 1.04616e-05 6.41851e-06 3.90892e-06 2.36459e-06 1.42161e-06 8.49857e-07 5.05409e-07 2.99114e-07 1.76228e-07 1.03392e-07 6.04218e-08 3.51802e-08 2.04124e-08 1.18052e-08 6.80623e-09 3.91266e-09 2.24301e-09 1.28247e-09 7.31436e-10 4.16167e-10 2.36248e-10 1.33821e-10 7.56443e-11 4.26739e-11 2.40279e-11 1.35044e-11 7.57646e-12 4.24347e-12 2.37283e-12 1.32474e-12 7.38474e-13 4.11059e-13 2.28486e-13 1.2683e-13 7.03089e-14 3.89264e-14 2.15248e-14 1.18882e-14 6.55822e-15 3.61382e-15 1.98917e-15 1.09375e-15 6.00776e-16 3.29665e-16 1.80721e-16 9.89768e-17 5.41572e-17 2.96066e-17 1.61711e-17 8.82511e-18 4.81214e-18 2.62183e-18 1.42734e-18 7.76449e-19 4.22057e-19 2.2925e-19 1.24433e-19 6.74922e-20 3.65826e-20 1.98154e-20 1.07262e-20 5.80242e-21 3.13688e-21 1.69481e-21 9.15123e-22 4.93835e-22 2.66338e-22 1.43561e-22 7.73392e-23 4.16414e-23 2.24088e-23 1.20527e-23 6.47927e-24 3.48136e-24 1.86963e-24 1.00358e-24 5.38445e-25 2.88753e-25 1.54779e-25 8.29279e-26 4.44116e-26 2.3774e-26 1.2721e-26 6.80391e-27 3.6376e-27 1.94399e-27 1.03848e-27 5.54539e-28
0.000704893 0.000595877 0.000507776 0.000401064 0.00030079 0.000217138 0.000152174 0.000104132 6.98651e-05 4.60988e-05 2.99841e-05 1.92604e-05 1.22364e-05 7.69808e-06 4.80053e-06 2.96988e-06 1.82409e-06 1.11296e-06 6.74945e-07 4.07023e-07 2.44179e-07 1.45779e-07 8.66405e-08 5.12756e-08 3.02258e-08 1.77511e-08 1.03883e-08 6.05924e-09 3.52312e-09 2.0424e-09 1.18065e-09 6.80663e-10 3.91405e-10 2.2452e-10 1.28489e-10 7.3367e-11 4.18027e-11 2.37691e-11 1.34884e-11 7.63986e-12 4.31932e-12 2.4377e-12 1.37344e-12 7.72551e-13 4.33871e-13 2.43294e-13 1.36226e-13 7.61681e-14 4.2529e-14 2.37147e-14 1.32065e-14 7.34534e-15 4.08045e-15 2.26407e-15 1.2548e-15 6.94659e-16 3.84149e-16 2.12212e-16 1.1711e-16 6.45628e-17 3.55589e-17 1.95661e-17 1.07562e-17 5.90771e-18 3.2419e-18 1.77749e-18 9.73758e-19 5.33015e-19 2.91529e-19 1.59325e-19 8.70074e-20 4.74793e-20 2.58902e-20 1.41077e-20 7.682e-21 4.18019e-21 2.27314e-21 1.2353e-21 6.70872e-22 3.64111e-22 1.97497e-22 1.07059e-22 5.80004e-23 3.14041e-23 1.69939e-23 9.19089e-24 4.96802e-24 2.68396e-24 1.44923e-24 7.82124e-25 4.21882e-25 2.27452e-25 1.22567e-25 6.60159e-26 3.554e-26 1.91242e-26 1.0286e-26 5.52991e-27 2.97164e-27 1.59618e-27 8.57006e-28
0.000357869 0.000324766 0.00028789 0.00023492 0.000181257 0.000134225 9.62869e-05 6.73304e-05 4.60988e-05 3.10049e-05 2.05363e-05 1.34222e-05 8.67006e-06 5.54217e-06 3.50964e-06 2.20375e-06 1.37313e-06 8.49566e-07 5.22237e-07 3.19109e-07 1.9391e-07 1.17226e-07 7.05267e-08 4.22404e-08 2.51922e-08 1.4965e-08 8.85647e-09 5.22282e-09 3.06967e-09 1.79845e-09 1.05048e-09 6.11832e-10 3.55373e-10 2.05873e-10 1.18968e-10 6.85833e-11 3.94468e-11 2.26387e-11 1.2965e-11 7.40991e-12 4.22674e-12 2.40647e-12 1.36764e-12 7.75892e-13 4.39439e-13 2.48479e-13 1.4028e-13 7.90753e-14 4.45087e-14 2.50166e-14 1.40414e-14 7.87066e-15 4.406e-15 2.46337e-15 1.37556e-15 7.67206e-16 4.27405e-16 2.37836e-16 1.32202e-16 7.34062e-17 4.0717e-17 2.2562e-17 1.24896e-17 6.90719e-18 3.81632e-18 2.10663e-18 1.16183e-18 6.402e-19 3.52466e-19 1.9389e-19 1.06571e-19 5.85294e-20 3.21196e-20 1.7613e-20 9.65099e-21 5.28435e-21 2.89134e-21 1.58089e-21 8.63783e-22 4.71644e-22 2.57358e-22 1.40339e-22 7.6479e-23 4.1652e-23 2.26706e-23 1.23319e-23 6.7041e-24 3.6425e-24 1.97794e-24 1.07345e-24 5.82257e-25 3.15655e-25 1.71033e-25 9.26241e-26 5.01354e-26 2.71236e-26 1.46668e-26 7.92705e-27 4.28234e-27 2.31231e-27 1.24799e-27
0.000181687 0.000176174 0.000162142 0.000136466 0.000108168 8.20612e-05 6.0185e-05 4.29589e-05 2.99841e-05 2.05363e-05 1.38391e-05 9.19514e-06 6.03399e-06 3.916e-06 2.51632e-06 1.60248e-06 1.01222e-06 6.34618e-07 3.95158e-07 2.445e-07 1.50397e-07 9.20082e-08 5.60018e-08 3.3924e-08 2.04583e-08 1.22858e-08 7.34874e-09 4.37919e-09 2.60035e-09 1.53889e-09 9.07807e-10 5.33894e-10 3.13081e-10 1.83085e-10 1.06782e-10 6.21219e-11 3.60524e-11 2.08743e-11 1.20592e-11 6.9517e-12 3.99912e-12 2.296e-12 1.31567e-12 7.52516e-13 4.29644e-13 2.44878e-13 1.39337e-13 7.91557e-14 4.4897e-14 2.5427e-14 1.43792e-14 8.11995e-15 4.57902e-15 2.57875e-15 1.45037e-15 8.14702e-16 4.5707e-16 2.56121e-16 1.43351e-16 8.01427e-17 4.47554e-17 2.49665e-17 1.39128e-17 7.74504e-18 4.30724e-18 2.39304e-18 1.32827e-18 7.36577e-19 4.08089e-19 2.25894e-19 1.24933e-19 6.90365e-20 3.81171e-20 2.10284e-20 1.15917e-20 6.38485e-21 3.51415e-21 1.93271e-21 1.06217e-21 5.8332e-22 3.20122e-22 1.75559e-22 9.6214e-23 5.26943e-23 2.88407e-23 1.5775e-23 8.62306e-24 4.7107e-24 2.57185e-24 1.40329e-24 7.65238e-25 4.17058e-25 2.2717e-25 1.2367e-25 6.72884e-26 3.65919e-26 1.98884e-26 1.08041e-26 5.86622e-27 3.18353e-27 1.72682e-27
9.22412e-05 9.51756e-05 9.07882e-05 7.86994e-05 6.40031e-05 4.96887e-05 3.72202e-05 2.70927e-05 1.92604e-05 1.34222e-05 9.19514e-06 6.20626e-06 4.13438e-06 2.72226e-06 1.77381e-06 1.14493e-06 7.32696e-07 4.65216e-07 2.93258e-07 1.83633e-07 1.14279e-07 7.07116e-08 4.35196e-08 2.66502e-08 1.62432e-08 9.85636e-09 5.95591e-09 3.5848e-09 2.1496e-09 1.28443e-09 7.64893e-10 4.54043e-10 2.68698e-10 1.5855e-10 9.3294e-11 5.47498e-11 3.20479e-11 1.87133e-11 1.09013e-11 6.3361e-12 3.67467e-12 2.12668e-12 1.22831e-12 7.08052e-13 4.07384e-13 2.33965e-13 1.34132e-13 7.67673e-14 4.38634e-14 2.50227e-14 1.42526e-14 8.10585e-15 4.60332e-15 2.61053e-15 1.47839e-15 8.36116e-16 4.72259e-16 2.66406e-16 1.50097e-16 8.44656e-17 4.74766e-17 2.66554e-17 1.49488e-17 8.3745e-18 4.68653e-18 2.61997e-18 1.46319e-18 8.16359e-19 4.55032e-19 2.53393e-19 1.40977e-19 7.83631e-20 4.35204e-20 2.4149e-20 1.33888e-20 7.41692e-21 4.1054e-21 2.27062e-21 1.25486e-21 6.92972e-22 3.82396e-22 2.10859e-22 1.16188e-22 6.39772e-23 3.52037e-23 1.93579e-23 1.06375e-23 5.84165e-24 3.20593e-24 1.75833e-24 9.63777e-25 5.27946e-25 2.8903e-25 1.5814e-25 8.64746e-26 4.72596e-26 2.58136e-26 1.40919e-26 7.68874e-27 4.19286e-27 2.28527e-27
4.68302e-05 5.12307e-05 5.05736e-05 4.50951e-05 3.75869e-05 2.98319e-05 2.28025e-05 1.69124e-05 1.22364e-05 8.67006e-06 6.03399e-06 4.13438e-06 2.79416e-06 1.86547e-06 1.23187e-06 8.05458e-07 5.2193e-07 3.35434e-07 2.13952e-07 1.35517e-07 8.52831e-08 5.33478e-08 3.31842e-08 2.05335e-08 1.26431e-08 7.74868e-09 4.72825e-09 2.87327e-09 1.73921e-09 1.04885e-09 6.30291e-10 3.77493e-10 2.25364e-10 1.34132e-10 7.95991e-11 4.71052e-11 2.78013e-11 1.6366e-11 9.61055e-12 5.63017e-12 3.2908e-12 1.91922e-12 1.11693e-12 6.48692e-13 3.76004e-13 2.17528e-13 1.25614e-13 7.24071e-14 4.16652e-14 2.39352e-14 1.37276e-14 7.86084e-15 4.49445e-15 2.56589e-15 1.46276e-15 8.32718e-16 4.73401e-16 2.68772e-16 1.52397e-16 8.63019e-17 4.88126e-17 2.75755e-17 1.556e-17 8.76999e-18 4.9375e-18 2.7768e-18 1.55999e-18 8.75485e-19 4.90837e-19 2.74914e-19 1.53828e-19 8.59934e-20 4.80278e-20 2.67995e-20 1.49409e-20 8.32241e-21 4.63183e-21 2.5757e-21 1.43114e-21 7.94553e-22 4.40781e-22 2.44337e-22 1.3534e-22 7.49107e-23 4.14329e-23 2.29001e-23 1.26481e-23 6.98096e-24 3.85045e-24 2.12237e-24 1.16909e-24 6.43569e-25 3.54054e-25 1.9466e-25 1.06959e-25 5.87356e-26 3.22351e-26 1.76809e-26 9.69247e-27 5.31032e-27 2.90782e-27
2.37753e-05 2.74872e-05 2.80427e-05 2.5692e-05 2.19259e-05 1.77751e-05 1.38531e-05 1.04616e-05 7.69808e-06 5.54217e-06 3.916e-06 2.72226e-06 1.86547e-06 1.26214e-06 8.44229e-07 5.58891e-07 3.66534e-07 2.38325e-07 1.53744e-07 9.8461e-08 6.2632e-08 3.95915e-08 2.48806e-08 1.55503e-08 9.66899e-09 5.983e-09 3.68531e-09 2.26023e-09 1.38057e-09 8.39995e-10 5.09208e-10 3.07602e-10 1.85196e-10 1.11144e-10 6.64988e-11 3.96709e-11 2.36002e-11 1.4002e-11 8.28599e-12 4.89127e-12 2.88045e-12 1.69239e-12 9.92155e-13 5.80401e-13 3.38828e-13 1.97408e-13 1.14791e-13 6.66261e-14 3.86005e-14 2.23245e-14 1.28893e-14 7.42957e-15 4.27565e-15 2.45678e-15 1.40953e-15 8.075e-16 4.61947e-16 2.63899e-16 1.50555e-16 8.57792e-17 4.88101e-17 2.77392e-17 1.57452e-17 8.92659e-18 5.05496e-18 2.85928e-18 1.61553e-18 9.11808e-19 5.14082e-19 2.89542e-19 1.62911e-19 9.15718e-20 5.14223e-20 2.8849e-20 1.61699e-20 9.05498e-21 5.0662e-21 2.83203e-21 1.58177e-21 8.82723e-22 4.92209e-22 2.74236e-22 1.52671e-22 8.49281e-23 4.72081e-23 2.62214e-23 1.45539e-23 8.07213e-24 4.47394e-24 2.47794e-24 1.3715e-24 7.58593e-25 4.1931e-25 2.31622e-25 1.27864e-25 7.05416e-26 3.88932e-26 2.14308e-26 1.18017e-26 6.49526e-27 3.5727e-27
1.20705e-05 1.47053e-05 1.54854e-05 1.45623e-05 1.27134e-05 1.05192e-05 8.35299e-06 6.41851e-06 4.80053e-06 3.50964e-06 2.51632e-06 1.77381e-06 1.23187e-06 8.44229e-07 5.71728e-07 3.83046e-07 2.54137e-07 1.67111e-07 1.08988e-07 7.05439e-08 4.5341e-08 2.89525e-08 1.83753e-08 1.15959e-08 7.2786e-09 4.54573e-09 2.82551e-09 1.74839e-09 1.07729e-09 6.61116e-10 4.04161e-10 2.46177e-10 1.49426e-10 9.0399e-11 5.45156e-11 3.27761e-11 1.96484e-11 1.17458e-11 7.0028e-12 4.16427e-12 2.47017e-12 1.46176e-12 8.63021e-13 5.08394e-13 2.98844e-13 1.75302e-13 1.02625e-13 5.99624e-14 3.49691e-14 2.03563e-14 1.18288e-14 6.86184e-15 3.97389e-15 2.29767e-15 1.3264e-15 7.64538e-16 4.40024e-16 2.52886e-16 1.45131e-16 8.31766e-17 4.76058e-17 2.72115e-17 1.55343e-17 8.85711e-18 5.0439e-18 2.86898e-18 1.62999e-18 9.25028e-19 5.24378e-19 2.96938e-19 1.67969e-19 9.49171e-20 5.35823e-20 3.02182e-20 1.70254e-20 9.58325e-21 5.38922e-21 3.02792e-21 1.69971e-21 9.53293e-22 5.34202e-22 2.99102e-22 1.67331e-22 9.35366e-23 5.22446e-23 2.91584e-23 1.62612e-23 9.06183e-24 5.04613e-24 2.80793e-24 1.56137e-24 8.67598e-25 4.81763e-25 2.67334e-25 1.48247e-25 8.21552e-26 4.54992e-26 2.51824e-26 1.3929e-26 7.69974e-27 4.25374e-27
6.12812e-06 7.84667e-06 8.51923e-06 8.2156e-06 7.33155e-06 6.187e-06 5.00244e-06 3.90892e-06 2.96988e-06 2.20375e-06 1.60248e-06 1.14493e-06 8.05458e-07 5.58891e-07 3.83046e-07 2.59616e-07 1.74186e-07 1.15789e-07 7.63178e-08 4.9908e-08 3.24005e-08 2.08925e-08 1.3387e-08 8.52723e-09 5.40157e-09 3.40378e-09 2.13434e-09 1.33212e-09 8.27762e-10 5.12213e-10 3.15695e-10 1.93838e-10 1.18589e-10 7.2302e-11 4.39365e-11 2.66152e-11 1.60739e-11 9.67947e-12 5.81261e-12 3.48119e-12 2.07952e-12 1.23914e-12 7.36608e-13 4.36866e-13 2.58518e-13 1.5265e-13 8.99489e-14 5.28954e-14 3.1045e-14 1.81862e-14 1.06339e-14 6.20682e-15 3.61655e-15 2.10373e-15 1.22173e-15 7.08387e-16 4.10104e-16 2.37064e-16 1.36836e-16 7.88707e-17 4.5397e-17 2.60945e-17 1.49795e-17 8.5879e-18 4.91732e-18 2.81214e-18 1.60629e-18 9.16432e-19 5.22251e-19 2.97284e-19 1.6904e-19 9.6015e-20 5.44796e-20 3.08804e-20 1.74862e-20 9.89187e-21 5.59041e-21 3.15644e-21 1.78053e-21 1.00347e-21 5.65036e-22 3.17883e-22 1.78684e-22 1.00355e-22 5.63159e-23 3.15772e-23 1.76917e-23 9.90435e-24 5.5405e-24 3.09702e-24 1.72989e-24 9.6555e-25 5.38543e-25 3.00165e-25 1.67186e-25 9.30557e-26 5.17601e-26 2.87714e-26 1.59825e-26 8.87264e-27 4.92251e-27
3.1112e-06 4.17707e-06 4.67094e-06 4.61538e-06 4.20704e-06 3.61861e-06 2.97737e-06 2.36459e-06 1.82409e-06 1.37313e-06 1.01222e-06 7.32696e-07 5.2193e-07 3.66534e-07 2.54137e-07 1.74186e-07 1.18141e-07 7.93648e-08 5.28479e-08 3.49057e-08 2.28819e-08 1.48951e-08 9.63282e-09 6.19164e-09 3.95696e-09 2.51518e-09 1.59061e-09 1.00107e-09 6.27164e-10 3.91217e-10 2.43034e-10 1.50388e-10 9.27121e-11 5.69521e-11 3.4866e-11 2.12753e-11 1.29417e-11 7.84874e-12 4.74631e-12 2.86225e-12 1.72147e-12 1.0327e-12 6.17978e-13 3.68919e-13 2.19728e-13 1.30578e-13 7.7431e-14 4.58197e-14 2.70589e-14 1.59483e-14 9.38198e-15 5.50898e-15 3.22901e-15 1.88934e-15 1.10361e-15 6.43589e-16 3.74718e-16 2.17833e-16 1.2644e-16 7.32831e-17 4.24128e-17 2.45121e-17 1.41471e-17 8.15409e-18 4.69372e-18 2.69839e-18 1.54936e-18 8.88529e-19 5.08949e-19 2.91188e-19 1.6641e-19 9.4995e-20 5.4169e-20 3.08559e-20 1.75579e-20 9.98074e-21 5.66786e-21 3.2155e-21 1.82248e-21 1.03197e-21 5.83805e-22 3.29971e-22 1.86337e-22 1.05134e-22 5.92669e-23 3.33824e-23 1.87873e-23 1.05648e-23 5.9362e-24 3.33287e-24 1.86979e-24 1.04819e-24 5.87168e-25 3.28676e-25 1.83849e-25 1.02766e-25 5.7403e-26 3.20422e-26 1.78738e-26 9.96379e-27 5.55072e-27
1.57953e-06 2.21885e-06 2.55306e-06 2.58282e-06 2.40318e-06 2.1056e-06 1.76207e-06 1.42161e-06 1.11296e-06 8.49566e-07 6.34618e-07 4.65216e-07 3.35434e-07 2.38325e-07 1.67111e-07 1.15789e-07 7.93648e-08 5.38628e-08 3.62242e-08 2.41582e-08 1.59864e-08 1.05025e-08 6.85335e-09 4.44394e-09 2.86455e-09 1.83621e-09 1.17084e-09 7.42875e-10 4.69121e-10 2.94926e-10 1.84626e-10 1.15111e-10 7.14932e-11 4.42397e-11 2.7279e-11 1.67641e-11 1.0269e-11 6.27091e-12 3.81801e-12 2.31793e-12 1.40334e-12 8.47373e-13 5.10355e-13 3.06617e-13 1.83773e-13 1.09892e-13 6.55665e-14 3.90354e-14 2.31914e-14 1.37503e-14 8.13666e-15 4.80563e-15 2.83302e-15 1.66712e-15 9.79319e-16 5.74306e-16 3.36236e-16 1.96537e-16 1.147e-16 6.68375e-17 3.88892e-17 2.25948e-17 1.31091e-17 7.59513e-18 4.39454e-18 2.53933e-18 1.46543e-18 8.4463e-19 4.86221e-19 2.79562e-19 1.60551e-19 9.20978e-20 5.27711e-20 3.0204e-20 1.72689e-20 9.86292e-21 5.62726e-21 3.20736e-21 1.82628e-21 1.03887e-21 5.90395e-22 3.35209e-22 1.90147e-22 1.07763e-22 6.10191e-23 3.45211e-23 1.95133e-23 1.10208e-23 6.21924e-24 3.50679e-24 1.97577e-24 1.1123e-24 6.25713e-25 3.51721e-25 1.9756e-25 1.10887e-25 6.21945e-26 3.4859e-26 1.95242e-26 1.09279e-26 6.11229e-27
8.01916e-07 1.17634e-06 1.39149e-06 1.44024e-06 1.36705e-06 1.21945e-06 1.03742e-06 8.49857e-07 6.74945e-07 5.22237e-07 3.95158e-07 2.93258e-07 2.13952e-07 1.53744e-07 1.08988e-07 7.63178e-08 5.28479e-08 3.62242e-08 2.4598e-08 1.65594e-08 1.10588e-08 7.33045e-09 4.82539e-09 3.15577e-09 2.05128e-09 1.3257e-09 8.52133e-10 5.44934e-10 3.46793e-10 2.19683e-10 1.38554e-10 8.70221e-11 5.44394e-11 3.39272e-11 2.10671e-11 1.30363e-11 8.03995e-12 4.94271e-12 3.0293e-12 1.85113e-12 1.12797e-12 6.85435e-13 4.15421e-13 2.51133e-13 1.51444e-13 9.11096e-14 5.46861e-14 3.27509e-14 1.95718e-14 1.16716e-14 6.94625e-15 4.12586e-15 2.44596e-15 1.44736e-15 8.54914e-16 5.04087e-16 2.9672e-16 1.74368e-16 1.02302e-16 5.99261e-17 3.50495e-17 2.0469e-17 1.19365e-17 6.95084e-18 4.04198e-18 2.34725e-18 1.36129e-18 7.88454e-19 4.56091e-19 2.63505e-19 1.52054e-19 8.76382e-20 5.04526e-20 2.90122e-20 1.66645e-20 9.56165e-21 5.48035e-21 3.13782e-21 1.79475e-21 1.02551e-21 5.85395e-22 3.33839e-22 1.90201e-22 1.08264e-22 6.15681e-23 3.49815e-23 1.98581e-23 1.12632e-23 6.38282e-24 3.61412e-24 2.04472e-24 1.15589e-24 6.52908e-25 3.68509e-25 2.07831e-25 1.17124e-25 6.59564e-26 3.71151e-26 2.08704e-26 1.17275e-26 6.58527e-27
4.07127e-07 6.22522e-07 7.56417e-07 8.00476e-07 7.74662e-07 7.03176e-07 6.07853e-07 5.05409e-07 4.07023e-07 3.19109e-07 2.445e-07 1.83633e-07 1.35517e-07 9.8461e-08 7.05439e-08 4.9908e-08 3.49057e-08 2.41582e-08 1.65594e-08 1.12502e-08 7.58043e-09 5.0687e-09 3.36504e-09 2.21909e-09 1.45421e-09 9.47347e-10 6.13716e-10 3.95489e-10 2.5359e-10 1.61834e-10 1.02813e-10 6.50377e-11 4.09736e-11 2.57126e-11 1.60756e-11 1.00146e-11 6.2174e-12 3.8473e-12 2.37318e-12 1.45944e-12 8.94888e-13 5.47177e-13 3.33662e-13 2.0293e-13 1.23107e-13 7.45005e-14 4.49785e-14 2.70928e-14 1.62832e-14 9.7654e-15 5.84431e-15 3.49057e-15 2.08068e-15 1.2379e-15 7.35117e-16 4.35756e-16 2.57851e-16 1.52317e-16 8.9827e-17 5.28883e-17 3.10903e-17 1.82482e-17 1.06946e-17 6.25846e-18 3.65721e-18 2.13414e-18 1.24367e-18 7.23774e-19 4.20664e-19 2.44182e-19 1.41562e-19 8.19694e-20 4.74063e-20 2.73849e-20 1.58012e-20 9.10706e-21 5.24312e-21 3.01531e-21 1.73227e-21 9.9414e-22 5.69952e-22 3.26434e-22 1.86779e-22 1.06768e-22 6.09743e-23 3.47896e-23 1.98316e-23 1.12947e-23 6.4271e-24 3.65408e-24 2.07574e-24 1.17817e-24 6.68166e-25 3.78628e-25 2.14386e-25 1.21294e-25 6.85729e-26 3.87379e-26 2.18674e-26 1.23351e-26 6.95302e-27
2.06695e-07 3.28897e-07 4.10194e-07 4.4355e-07 4.37413e-07 4.03843e-07 3.54576e-07 2.99114e-07 2.44179e-07 1.9391e-07 1.50397e-07 1.14279e-07 8.52831e-08 6.2632e-08 4.5341e-08 3.24005e-08 2.28819e-08 1.59864e-08 1.10588e-08 7.58043e-09 5.15231e-09 3.47447e-09 2.32585e-09 1.54627e-09 1.02138e-09 6.7057e-10 4.37737e-10 2.84203e-10 1.83575e-10 1.18001e-10 7.54995e-11 4.80938e-11 3.05076e-11 1.92746e-11 1.21309e-11 7.60687e-12 4.75323e-12 2.96007e-12 1.83741e-12 1.13698e-12 7.01447e-13 4.31497e-13 2.64697e-13 1.61938e-13 9.88134e-14 6.01438e-14 3.65181e-14 2.21209e-14 1.33692e-14 8.06207e-15 4.85127e-15 2.91313e-15 1.74577e-15 1.04414e-15 6.23311e-16 3.71401e-16 2.209e-16 1.31155e-16 7.77374e-17 4.59992e-17 2.71747e-17 1.60284e-17 9.43937e-18 5.55061e-18 3.2591e-18 1.91087e-18 1.1188e-18 6.54149e-19 3.8196e-19 2.22735e-19 1.29718e-19 7.54515e-20 4.38329e-20 2.54336e-20 1.47402e-20 8.53295e-21 4.93403e-21 2.84985e-21 1.64426e-21 9.47663e-22 5.45612e-22 3.1381e-22 1.80307e-22 1.03498e-22 5.93507e-23 3.40022e-23 1.94617e-23 1.1129e-23 6.35829e-24 3.62943e-24 2.06993e-24 1.17951e-24 6.71557e-25 3.82034e-25 2.17154e-25 1.23335e-25 6.99938e-26 3.96914e-26 2.24906e-26 1.27344e-26 7.20503e-27
1.04938e-07 1.73501e-07 2.21943e-07 2.45081e-07 2.46168e-07 2.31065e-07 2.05978e-07 1.76228e-07 1.45779e-07 1.17226e-07 9.20082e-08 7.07116e-08 5.33478e-08 3.95915e-08 2.89525e-08 2.08925e-08 1.48951e-08 1.05025e-08 7.33045e-09 5.0687e-09 3.47447e-09 2.3625e-09 1.59433e-09 1.06836e-09 7.11184e-10 4.70476e-10 3.09413e-10 2.0236e-10 1.31651e-10 8.52225e-11 5.49061e-11 3.52146e-11 2.24881e-11 1.43019e-11 9.05992e-12 5.71764e-12 3.59534e-12 2.25298e-12 1.4071e-12 8.75999e-13 5.43677e-13 3.36425e-13 2.07582e-13 1.27729e-13 7.83844e-14 4.79786e-14 2.92941e-14 1.78428e-14 1.08424e-14 6.57362e-15 3.97673e-15 2.40059e-15 1.44614e-15 8.69414e-16 5.21664e-16 3.12412e-16 1.86749e-16 1.11431e-16 6.63727e-17 3.94665e-17 2.34284e-17 1.38851e-17 8.21613e-18 4.85413e-18 2.8635e-18 1.68672e-18 9.92109e-19 5.82726e-19 3.41798e-19 2.00212e-19 1.17121e-19 6.8426e-20 3.99262e-20 2.32679e-20 1.35435e-20 7.87386e-21 4.57235e-21 2.65214e-21 1.53663e-21 8.89331e-22 5.14152e-22 2.96936e-22 1.7131e-22 9.87331e-23 5.68473e-23 3.26987e-23 1.87903e-23 1.07877e-23 6.18754e-24 3.54578e-24 2.0301e-24 1.16129e-24 6.6372e-25 3.79018e-25 2.16258e-25 1.23289e-25 7.02306e-26 3.99743e-26 2.27349e-26 1.29203e-26 7.33698e-27
5.3276e-08 9.13965e-08 1.19835e-07 1.35063e-07 1.38112e-07 1.31746e-07 1.19194e-07 1.03392e-07 8.66405e-08 7.05267e-08 5.60018e-08 4.35196e-08 3.31842e-08 2.48806e-08 1.83753e-08 1.3387e-08 9.63282e-09 6.85335e-09 4.82539e-09 3.36504e-09 2.32585e-09 1.59433e-09 1.08447e-09 7.32348e-10 4.91212e-10 3.27375e-10 2.16873e-10 1.42854e-10 9.3591e-11 6.10034e-11 3.95694e-11 2.55478e-11 1.64221e-11 1.05116e-11 6.7013e-12 4.25569e-12 2.69261e-12 1.69758e-12 1.06661e-12 6.67969e-13 4.16997e-13 2.59529e-13 1.61051e-13 9.96574e-14 6.14987e-14 3.78506e-14 2.32363e-14 1.42293e-14 8.6928e-15 5.29814e-15 3.22186e-15 1.95496e-15 1.18371e-15 7.15244e-16 4.31312e-16 2.59585e-16 1.55934e-16 9.34975e-17 5.59597e-17 3.3434e-17 1.99415e-17 1.18741e-17 7.0589e-18 4.1897e-18 2.48288e-18 1.46916e-18 8.68041e-19 5.12132e-19 3.01724e-19 1.77516e-19 1.04298e-19 6.11984e-20 3.58625e-20 2.0989e-20 1.22688e-20 7.16278e-21 4.17681e-21 2.43276e-21 1.41532e-21 8.22479e-22 4.77435e-22 2.76843e-22 1.60359e-22 9.27893e-23 5.36364e-23 3.09731e-23 1.78682e-23 1.02981e-23 5.92951e-24 3.41094e-24 1.96033e-24 1.12562e-24 6.45758e-25 3.70141e-25 2.11978e-25 1.21296e-25 6.93492e-26 3.96169e-26 2.26135e-26 1.28977e-26 7.35049e-27
2.70478e-08 4.80825e-08 6.45768e-08 7.42494e-08 7.72636e-08 7.48724e-08 6.87257e-08 6.04218e-08 5.12756e-08 4.22404e-08 3.3924e-08 2.66502e-08 2.05335e-08 1.55503e-08 1.15959e-08 8.52723e-09 6.19164e-09 4.44394e-09 3.15577e-09 2.21909e-09 1.54627e-09 1.06836e-09 7.32348e-10 4.98313e-10 3.3672e-10 2.26046e-10 1.50816e-10 1.00038e-10 6.59912e-11 4.33043e-11 2.82757e-11 1.83754e-11 1.18876e-11 7.65731e-12 4.91208e-12 3.1386e-12 1.99784e-12 1.26709e-12 8.00816e-13 5.04428e-13 3.16709e-13 1.98229e-13 1.23699e-13 7.69675e-14 4.77562e-14 2.95512e-14 1.82382e-14 1.12276e-14 6.89481e-15 4.22399e-15 2.58179e-15 1.5745e-15 9.5812e-16 5.81805e-16 3.52567e-16 2.13224e-16 1.28702e-16 7.75373e-17 4.66267e-17 2.79884e-17 1.6771e-17 1.00322e-17 5.99118e-18 3.57206e-18 2.12636e-18 1.2638e-18 7.50002e-19 4.44429e-19 2.62974e-19 1.55385e-19 9.16858e-20 5.40264e-20 3.17931e-20 1.86851e-20 1.09675e-20 6.42944e-21 3.76452e-21 2.20154e-21 1.28598e-21 7.50306e-22 4.37274e-22 2.54558e-22 1.48029e-22 8.59895e-23 4.98985e-23 2.89256e-23 1.67509e-23 9.69085e-24 5.60095e-24 3.23404e-24 1.86561e-24 1.07521e-24 6.1911e-25 3.56167e-25 2.04719e-25 1.17567e-25 6.74593e-26 3.86753e-26 2.21547e-26 1.26808e-26 7.25231e-27
1.3732e-08 2.52646e-08 3.47358e-08 4.0724e-08 4.31065e-08 4.24204e-08 3.94922e-08 3.51802e-08 3.02258e-08 2.51922e-08 2.04583e-08 1.62432e-08 1.26431e-08 9.66899e-09 7.2786e-09 5.40157e-09 3.95696e-09 2.86455e-09 2.05128e-09 1.45421e-09 1.02138e-09 7.11184e-10 4.91212e-10 3.3672e-10 2.29185e-10 1.54953e-10 1.04106e-10 6.95284e-11 4.61741e-11 3.05006e-11 2.00451e-11 1.31099e-11 8.53463e-12 5.53161e-12 3.57013e-12 2.29488e-12 1.46945e-12 9.37414e-13 5.95877e-13 3.77476e-13 2.38333e-13 1.50001e-13 9.41171e-14 5.88782e-14 3.67278e-14 2.28471e-14 1.41743e-14 8.77096e-15 5.41377e-15 3.33344e-15 2.04767e-15 1.25496e-15 7.67419e-16 4.68268e-16 2.8513e-16 1.73262e-16 1.05074e-16 6.35988e-17 3.84221e-17 2.31693e-17 1.39466e-17 8.38033e-18 5.02706e-18 3.01053e-18 1.79997e-18 1.07448e-18 6.40412e-19 3.81118e-19 2.26473e-19 1.34383e-19 7.9626e-20 4.71154e-20 2.78407e-20 1.64294e-20 9.68267e-21 5.69921e-21 3.35036e-21 1.96714e-21 1.1536e-21 6.75718e-22 3.95342e-22 2.3104e-22 1.34871e-22 7.86455e-23 4.58104e-23 2.66561e-23 1.54945e-23 8.99746e-24 5.21948e-24 3.02488e-24 1.75134e-24 1.01302e-24 5.85414e-25 3.37994e-25 1.94968e-25 1.12365e-25 6.47023e-26 3.7225e-26 2.13985e-26 1.22905e-26 7.0534e-27
6.97161e-09 1.326e-08 1.86523e-08 2.22878e-08 2.39886e-08 2.39648e-08 2.26214e-08 2.04124e-08 1.77511e-08 1.4965e-08 1.22858e-08 9.85636e-09 7.74868e-09 5.983e-09 4.54573e-09 3.40378e-09 2.51518e-09 1.83621e-09 1.3257e-09 9.47347e-10 6.7057e-10 4.70476e-10 3.27375e-10 2.26046e-10 1.54953e-10 1.05496e-10 7.13637e-11 4.79816e-11 3.20751e-11 2.13249e-11 1.41041e-11 9.28225e-12 6.08009e-12 3.96468e-12 2.57414e-12 1.66442e-12 1.07195e-12 6.87756e-13 4.39652e-13 2.80065e-13 1.77803e-13 1.12514e-13 7.09755e-14 4.46368e-14 2.79902e-14 1.75021e-14 1.0914e-14 6.78772e-15 4.21065e-15 2.60551e-15 1.60837e-15 9.9052e-16 6.08626e-16 3.73144e-16 2.28281e-16 1.39365e-16 8.4909e-17 5.16289e-17 3.13325e-17 1.89792e-17 1.14754e-17 6.92595e-18 4.17286e-18 2.50986e-18 1.5071e-18 9.03504e-19 5.40791e-19 3.23188e-19 1.92852e-19 1.14907e-19 6.83663e-20 4.06181e-20 2.40988e-20 1.42784e-20 8.44859e-21 4.99256e-21 2.9465e-21 1.73678e-21 1.02247e-21 6.01217e-22 3.53101e-22 2.07139e-22 1.21376e-22 7.10421e-23 4.15359e-23 2.42584e-23 1.41528e-23 8.24842e-24 4.80236e-24 2.79321e-24 1.62302e-24 9.42153e-25 5.46393e-25 3.16579e-25 1.83256e-25 1.05984e-25 6.12395e-26 3.53543e-26 2.03928e-26 1.17528e-26 6.76773e-27
3.53943e-09 6.95199e-09 9.99978e-09 1.21731e-08 1.33176e-08 1.35019e-08 1.29188e-08 1.18052e-08 1.03883e-08 8.85647e-09 7.34874e-09 5.95591e-09 4.72825e-09 3.68531e-09 2.82551e-09 2.13434e-09 1.59061e-09 1.17084e-09 8.52133e-10 6.13716e-10 4.37737e-10 3.09413e-10 2.16873e-10 1.50816e-10 1.04106e-10 7.13637e-11 4.85989e-11 3.2891e-11 2.21296e-11 1.48063e-11 9.85398e-12 6.52504e-12 4.29992e-12 2.82059e-12 1.84207e-12 1.19796e-12 7.75931e-13 5.00633e-13 3.21808e-13 2.06119e-13 1.31565e-13 8.36988e-14 5.30768e-14 3.35542e-14 2.1149e-14 1.32916e-14 8.33008e-15 5.2065e-15 3.24567e-15 2.01817e-15 1.25181e-15 7.74609e-16 4.78207e-16 2.94556e-16 1.81037e-16 1.11029e-16 6.79527e-17 4.15047e-17 2.53006e-17 1.53933e-17 9.34801e-18 5.66649e-18 3.42874e-18 2.0711e-18 1.24891e-18 7.51864e-19 4.51902e-19 2.71183e-19 1.62483e-19 9.72069e-20 5.80688e-20 3.46385e-20 2.06328e-20 1.22731e-20 7.29055e-21 4.32501e-21 2.56239e-21 1.51617e-21 8.95997e-22 5.28847e-22 3.11766e-22 1.83574e-22 1.07967e-22 6.34268e-23 3.72194e-23 2.18166e-23 1.27742e-23 7.47175e-24 4.36572e-24 2.54826e-24 1.48591e-24 8.65593e-25 5.03744e-25 2.9288e-25 1.70122e-25 9.8725e-26 5.72397e-26 3.31572e-26 1.919e-26 1.10967e-26 6.41118e-27
1.79694e-09 3.64116e-09 5.35289e-09 6.63591e-09 7.37676e-09 7.58756e-09 7.35684e-09 6.80623e-09 6.05924e-09 5.22282e-09 4.37919e-09 3.5848e-09 2.87327e-09 2.26023e-09 1.74839e-09 1.33212e-09 1.00107e-09 7.42875e-10 5.44934e-10 3.95489e-10 2.84203e-10 2.0236e-10 1.42854e-10 1.00038e-10 6.95284e-11 4.79816e-11 3.2891e-11 2.24042e-11 1.51697e-11 1.02129e-11 6.83872e-12 4.55575e-12 3.02003e-12 1.99261e-12 1.30884e-12 8.56013e-13 5.57552e-13 3.61721e-13 2.33782e-13 1.50543e-13 9.66008e-14 6.17773e-14 3.93783e-14 2.50215e-14 1.58506e-14 1.00115e-14 6.30537e-15 3.96026e-15 2.48071e-15 1.54989e-15 9.65904e-16 6.00491e-16 3.72434e-16 2.30457e-16 1.42285e-16 8.76562e-17 5.38871e-17 3.30591e-17 2.02406e-17 1.23682e-17 7.54326e-18 4.59201e-18 2.79034e-18 1.69255e-18 1.02488e-18 6.19543e-19 3.73897e-19 2.25284e-19 1.35526e-19 8.14038e-20 4.88214e-20 2.92371e-20 1.74835e-20 1.04402e-20 6.22562e-21 3.70739e-21 2.20482e-21 1.30952e-21 7.76773e-22 4.60183e-22 2.7229e-22 1.60919e-22 9.49875e-23 5.60041e-23 3.2982e-23 1.9402e-23 1.14008e-23 6.69198e-24 3.92383e-24 2.29833e-24 1.34483e-24 7.86106e-25 4.59054e-25 2.67806e-25 1.56085e-25 9.08842e-26 5.28703e-26 3.07281e-26 1.7843e-26 1.03518e-26 6.00041e-27
9.12294e-10 1.9053e-09 2.86131e-09 3.61087e-09 4.07732e-09 4.25358e-09 4.17825e-09 3.91266e-09 3.52312e-09 3.06967e-09 2.60035e-09 2.1496e-09 1.73921e-09 1.38057e-09 1.07729e-09 8.27762e-10 6.27164e-10 4.69121e-10 3.46793e-10 2.5359e-10 1.83575e-10 1.31651e-10 9.3591e-11 6.59912e-11 4.61741e-11 3.20751e-11 2.21296e-11 1.51697e-11 1.03353e-11 7.0009e-12 4.71615e-12 3.16038e-12 2.10726e-12 1.39836e-12 9.23701e-13 6.07495e-13 3.97859e-13 2.59517e-13 1.68624e-13 1.09158e-13 7.04103e-14 4.526e-14 2.89965e-14 1.85173e-14 1.17886e-14 7.48239e-15 4.73539e-15 2.98847e-15 1.88087e-15 1.18065e-15 7.39209e-16 4.61672e-16 2.87641e-16 1.78792e-16 1.1088e-16 6.86111e-17 4.2364e-17 2.61027e-17 1.60503e-17 9.84953e-18 6.03256e-18 3.68776e-18 2.25019e-18 1.37054e-18 8.3329e-19 5.05769e-19 3.06462e-19 1.85389e-19 1.11968e-19 6.75181e-20 4.06515e-20 2.44387e-20 1.46703e-20 8.7937e-21 5.26368e-21 3.14634e-21 1.87815e-21 1.11963e-21 6.66584e-22 3.96348e-22 2.35371e-22 1.39603e-22 8.27006e-23 4.89336e-23 2.89201e-23 1.70724e-23 1.0067e-23 5.92958e-24 3.48881e-24 2.05053e-24 1.20393e-24 7.06131e-25 4.13742e-25 2.42181e-25 1.4162e-25 8.27349e-26 4.82881e-26 2.81569e-26 1.64033e-26 9.54732e-27 5.55194e-27
4.63165e-10 9.96093e-10 1.52741e-09 1.96145e-09 2.24908e-09 2.37908e-09 2.36697e-09 2.24301e-09 2.0424e-09 1.79845e-09 1.53889e-09 1.28443e-09 1.04885e-09 8.39995e-10 6.61116e-10 5.12213e-10 3.91217e-10 2.94926e-10 2.19683e-10 1.61834e-10 1.18001e-10 8.52225e-11 6.10034e-11 4.33043e-11 3.05006e-11 2.13249e-11 1.48063e-11 1.02129e-11 7.0009e-12 4.7708e-12 3.23288e-12 2.17904e-12 1.46126e-12 9.75152e-13 6.47731e-13 4.28332e-13 2.82038e-13 1.8495e-13 1.20805e-13 7.86088e-14 5.09647e-14 3.29261e-14 2.12e-14 1.36053e-14 8.70376e-15 5.55106e-15 3.52987e-15 2.23819e-15 1.41524e-15 8.92466e-16 5.61332e-16 3.52166e-16 2.20397e-16 1.37602e-16 8.57105e-17 5.32674e-17 3.30318e-17 2.04396e-17 1.26214e-17 7.77779e-18 4.78349e-18 2.93625e-18 1.79896e-18 1.10015e-18 6.71583e-19 4.09246e-19 2.48957e-19 1.51194e-19 9.16713e-20 5.54925e-20 3.35393e-20 2.02398e-20 1.21957e-20 7.3378e-21 4.40858e-21 2.64495e-21 1.58466e-21 9.4812e-22 5.66517e-22 3.38061e-22 2.01475e-22 1.19923e-22 7.12928e-23 4.23315e-23 2.51053e-23 1.48717e-23 8.79949e-24 5.20073e-24 3.07037e-24 1.81069e-24 1.06668e-24 6.27719e-25 3.69018e-25 2.16715e-25 1.27143e-25 7.45199e-26 4.36344e-26 2.55254e-26 1.49179e-26 8.71046e-27 5.08135e-27
2.35145e-10 5.20324e-10 8.14306e-10 1.06374e-09 1.23822e-09 1.32774e-09 1.33764e-09 1.28247e-09 1.18065e-09 1.05048e-09 9.07807e-10 7.64893e-10 6.30291e-10 5.09208e-10 4.04161e-10 3.15695e-10 2.43034e-10 1.84626e-10 1.38554e-10 1.02813e-10 7.54995e-11 5.49061e-11 3.95694e-11 2.82757e-11 2.00451e-11 1.41041e-11 9.85398e-12 6.83872e-12 4.71615e-12 3.23288e-12 2.20348e-12 1.49371e-12 1.00733e-12 6.75959e-13 4.51453e-13 3.00146e-13 1.98684e-13 1.30972e-13 8.59907e-14 5.62403e-14 3.66462e-14 2.37934e-14 1.53951e-14 9.92793e-15 6.38171e-15 4.08942e-15 2.61263e-15 1.66429e-15 1.05718e-15 6.69701e-16 4.23115e-16 2.66633e-16 1.67603e-16 1.05098e-16 6.57469e-17 4.10353e-17 2.55545e-17 1.58792e-17 9.84617e-18 6.09266e-18 3.76244e-18 2.31887e-18 1.42643e-18 8.75806e-19 5.36749e-19 3.28365e-19 2.00533e-19 1.22256e-19 7.44099e-20 4.52148e-20 2.74307e-20 1.66155e-20 1.00491e-20 6.06858e-21 3.6594e-21 2.20347e-21 1.32493e-21 7.95567e-22 4.77059e-22 2.85687e-22 1.70861e-22 1.02056e-22 6.08818e-23 3.62745e-23 2.15869e-23 1.2831e-23 7.61774e-24 4.51744e-24 2.67589e-24 1.5833e-24 9.35803e-25 5.52511e-25 3.25866e-25 1.91994e-25 1.13004e-25 6.64451e-26 3.90305e-26 2.29046e-26 1.34285e-26 7.86541e-27 4.60271e-27
1.19381e-10 2.71585e-10 4.33603e-10 5.75996e-10 6.80451e-10 7.39466e-10 7.54201e-10 7.31436e-10 6.80663e-10 6.11832e-10 5.33894e-10 4.54043e-10 3.77493e-10 3.07602e-10 2.46177e-10 1.93838e-10 1.50388e-10 1.15111e-10 8.70221e-11 6.50377e-11 4.80938e-11 3.52146e-11 2.55478e-11 1.83754e-11 1.31099e-11 9.28225e-12 6.52504e-12 4.55575e-12 3.16038e-12 2.17904e-12 1.49371e-12 1.01827e-12 6.90511e-13 4.65894e-13 3.12831e-13 2.09087e-13 1.39131e-13 9.21878e-14 6.08346e-14 3.99873e-14 2.6185e-14 1.70844e-14 1.11076e-14 7.1973e-15 4.64831e-15 2.99257e-15 1.92071e-15 1.22911e-15 7.84279e-16 4.99045e-16 3.1669e-16 2.00442e-16 1.26543e-16 7.96909e-17 5.00651e-17 3.13793e-17 1.96229e-17 1.22438e-17 7.62312e-18 4.73624e-18 2.93658e-18 1.81711e-18 1.1222e-18 6.91721e-19 4.25582e-19 2.61363e-19 1.60226e-19 9.80545e-20 5.99051e-20 3.65374e-20 2.22488e-20 1.35264e-20 8.21074e-21 4.97644e-21 3.01167e-21 1.81995e-21 1.09821e-21 6.61765e-22 3.98219e-22 2.39305e-22 1.43617e-22 8.60783e-23 5.1526e-23 3.08045e-23 1.83936e-23 1.09696e-23 6.53435e-24 3.88781e-24 2.31052e-24 1.37159e-24 8.1331e-25 4.81742e-25 2.85041e-25 1.68478e-25 9.94778e-26 5.86769e-26 3.45757e-26 2.03538e-26 1.19701e-26 7.03287e-27 4.12818e-27
6.0609e-11 1.41649e-10 2.3062e-10 3.11433e-10 3.73285e-10 4.1102e-10 4.2431e-10 4.16167e-10 3.91405e-10 3.55373e-10 3.13081e-10 2.68698e-10 2.25364e-10 1.85196e-10 1.49426e-10 1.18589e-10 9.27121e-11 7.14932e-11 5.44394e-11 4.09736e-11 3.05076e-11 2.24881e-11 1.64221e-11 1.18876e-11 8.53463e-12 6.08009e-12 4.29992e-12 3.02003e-12 2.10726e-12 1.46126e-12 1.00733e-12 6.90511e-13 4.70806e-13 3.19365e-13 2.15578e-13 1.44838e-13 9.68744e-14 6.45147e-14 4.27864e-14 2.82631e-14 1.85979e-14 1.21927e-14 7.965e-15 5.18529e-15 3.36445e-15 2.17598e-15 1.40295e-15 9.01823e-16 5.78002e-16 3.69408e-16 2.35445e-16 1.49663e-16 9.48884e-17 6.00092e-17 3.78582e-17 2.38269e-17 1.49612e-17 9.3732e-18 5.85941e-18 3.65501e-18 2.27519e-18 1.41339e-18 8.76276e-19 5.42224e-19 3.34883e-19 2.06445e-19 1.27037e-19 7.80349e-20 4.78516e-20 2.92934e-20 1.7903e-20 1.09239e-20 6.65489e-21 4.04791e-21 2.45844e-21 1.49088e-21 9.02801e-22 5.45907e-22 3.29637e-22 1.98773e-22 1.19699e-22 7.1986e-23 4.32356e-23 2.59346e-23 1.55373e-23 9.29681e-24 5.55608e-24 3.31655e-24 1.97741e-24 1.17763e-24 7.0054e-25 4.16269e-25 2.47082e-25 1.46501e-25 8.67729e-26 5.13423e-26 3.03475e-26 1.79198e-26 1.05709e-26 6.22974e-27 3.66783e-27
