0.824286 0.000376002 0.000358333 0.000341494 0.000325446 0.000310153 0.000295578 0.000281688 0.000268451 0.000255836 0.000243813 0.000232356 0.000221437 0.000211031 0.000201114 0.000191663 0.000182657 0.000174073 0.000165893 0.000158097 0.000150668 0.000143588 0.00013684 0.00013041 0.000124281 0.000118441 0.000112875 0.000107571 0.000102516 9.76984e-05 9.31073e-05 8.8732e-05 8.45622e-05 8.05884e-05 7.68014e-05 7.31923e-05 6.97528e-05 6.64749e-05 6.33511e-05 6.03741e-05 5.7537e-05 5.48332e-05 5.22564e-05 4.98008e-05 4.74605e-05 4.52302e-05 4.31047e-05 4.10791e-05 3.91487e-05 3.7309e-05 3.55558e-05 3.38849e-05 3.22926e-05 3.07751e-05 2.93289e-05 2.79506e-05 2.66372e-05 2.53854e-05 2.41925e-05 2.30556e-05 2.19722e-05 2.09397e-05 1.99557e-05 1.90179e-05 1.81242e-05 1.72725e-05 1.64608e-05 1.56873e-05 1.49501e-05 1.42476e-05 1.3578e-05 1.294e-05 1.23319e-05 1.17524e-05 1.12001e-05 1.06738e-05 1.01722e-05 9.69418e-06 9.23863e-06 8.80448e-06 8.39074e-06 7.99643e-06 7.62066e-06 7.26255e-06 6.92126e-06 6.59602e-06 6.28605e-06 5.99066e-06 5.70914e-06 5.44085e-06 5.18517e-06 4.94151e-06 4.7093e-06 4.48799e-06 4.27709e-06 4.0761e-06 3.88456e-06 3.70201e-06 3.52804e-06 3.36225e-06 3.20425e-06
0.000376002 5.43262e-05 5.24117e-05 5.05572e-05 4.87613e-05 4.70225e-05 4.53394e-05 4.37107e-05 4.21349e-05 4.06107e-05 3.91367e-05 3.77116e-05 3.6334e-05 3.50026e-05 3.3716e-05 3.24731e-05 3.12726e-05 3.01132e-05 2.89936e-05 2.79128e-05 2.68696e-05 2.58628e-05 2.48912e-05 2.39539e-05 2.30497e-05 2.21775e-05 2.13365e-05 2.05255e-05 1.97436e-05 1.89899e-05 1.82634e-05 1.75632e-05 1.68886e-05 1.62385e-05 1.56123e-05 1.5009e-05 1.4428e-05 1.38684e-05 1.33296e-05 1.28108e-05 1.23113e-05 1.18304e-05 1.13676e-05 1.09221e-05 1.04934e-05 1.00809e-05 9.68399e-06 9.3021e-06 8.93473e-06 8.58134e-06 8.24143e-06 7.91452e-06 7.60013e-06 7.29782e-06 7.00713e-06 6.72765e-06 6.45896e-06 6.20067e-06 5.95239e-06 5.71375e-06 5.48439e-06 5.26398e-06 5.05217e-06 4.84864e-06 4.65308e-06 4.46519e-06 4.28469e-06 4.11129e-06 3.94473e-06 3.78474e-06 3.63108e-06 3.4835e-06 3.34178e-06 3.20568e-06 3.07499e-06 2.94951e-06 2.82903e-06 2.71336e-06 2.60231e-06 2.49571e-06 2.39338e-06 2.29516e-06 2.20088e-06 2.11039e-06 2.02355e-06 1.94021e-06 1.86024e-06 1.78349e-06 1.70986e-06 1.6392e-06 1.57141e-06 1.50637e-06 1.44397e-06 1.38411e-06 1.32669e-06 1.27161e-06 1.21877e-06 1.1681e-06 1.11949e-06 1.07287e-06 1.02817e-06
0.000358333 5.24117e-05 5.06495e-05 4.89382e-05 4.72769e-05 4.56647e-05 4.41005e-05 4.25834e-05 4.11124e-05 3.96864e-05 3.83044e-05 3.69653e-05 3.56683e-05 3.44122e-05 3.3196e-05 3.20187e-05 3.08794e-05 2.97769e-05 2.87105e-05 2.7679e-05 2.66815e-05 2.57171e-05 2.47849e-05 2.38839e-05 2.30132e-05 2.2172e-05 2.13594e-05 2.05746e-05 1.98166e-05 1.90848e-05 1.83783e-05 1.76964e-05 1.70382e-05 1.6403e-05 1.57902e-05 1.5199e-05 1.46286e-05 1.40786e-05 1.35481e-05 1.30366e-05 1.25434e-05 1.2068e-05 1.16097e-05 1.1168e-05 1.07423e-05 1.03321e-05 9.93692e-06 9.55615e-06 9.18935e-06 8.83605e-06 8.49576e-06 8.16806e-06 7.85249e-06 7.54864e-06 7.25611e-06 6.97448e-06 6.70339e-06 6.44245e-06 6.19131e-06 5.94962e-06 5.71705e-06 5.49326e-06 5.27794e-06 5.07079e-06 4.87151e-06 4.67981e-06 4.49543e-06 4.31809e-06 4.14754e-06 3.98352e-06 3.82581e-06 3.67416e-06 3.52836e-06 3.38818e-06 3.25343e-06 3.12389e-06 2.99937e-06 2.87968e-06 2.76465e-06 2.65411e-06 2.54787e-06 2.44578e-06 2.34768e-06 2.25343e-06 2.16287e-06 2.07587e-06 1.99229e-06 1.91199e-06 1.83487e-06 1.76078e-06 1.68963e-06 1.62129e-06 1.55565e-06 1.49262e-06 1.43209e-06 1.37397e-06 1.31816e-06 1.26457e-06 1.21312e-06 1.16372e-06 1.1163e-06
0.000341494 5.05572e-05 4.89382e-05 4.73619e-05 4.58278e-05 4.43353e-05 4.28838e-05 4.14727e-05 4.01012e-05 3.87687e-05 3.74746e-05 3.62179e-05 3.49981e-05 3.38143e-05 3.26658e-05 3.15518e-05 3.04716e-05 2.94244e-05 2.84094e-05 2.74259e-05 2.6473e-05 2.55502e-05 2.46564e-05 2.37912e-05 2.29536e-05 2.2143e-05 2.13586e-05 2.05998e-05 1.98658e-05 1.9156e-05 1.84696e-05 1.7806e-05 1.71646e-05 1.65446e-05 1.59456e-05 1.53668e-05 1.48076e-05 1.42675e-05 1.37459e-05 1.32422e-05 1.27559e-05 1.22864e-05 1.18333e-05 1.13959e-05 1.09738e-05 1.05665e-05 1.01736e-05 9.79453e-06 9.42889e-06 9.07624e-06 8.73615e-06 8.40821e-06 8.09202e-06 7.78719e-06 7.49334e-06 7.2101e-06 6.93711e-06 6.67403e-06 6.42053e-06 6.17626e-06 5.94093e-06 5.71422e-06 5.49583e-06 5.28548e-06 5.08289e-06 4.88778e-06 4.6999e-06 4.51899e-06 4.34481e-06 4.17712e-06 4.01569e-06 3.86029e-06 3.71072e-06 3.56676e-06 3.42821e-06 3.29489e-06 3.16659e-06 3.04314e-06 2.92437e-06 2.8101e-06 2.70017e-06 2.59442e-06 2.4927e-06 2.39486e-06 2.30076e-06 2.21026e-06 2.12324e-06 2.03955e-06 1.95907e-06 1.8817e-06 1.80731e-06 1.73579e-06 1.66703e-06 1.60093e-06 1.53739e-06 1.47632e-06 1.41762e-06 1.36121e-06 1.30699e-06 1.25488e-06 1.20481e-06
0.000325446 4.87613e-05 4.72769e-05 4.58278e-05 4.44137e-05 4.30344e-05 4.16896e-05 4.0379e-05 3.91023e-05 3.78589e-05 3.66485e-05 3.54706e-05 3.43247e-05 3.32103e-05 3.21269e-05 3.1074e-05 3.00509e-05 2.90571e-05 2.80921e-05 2.71552e-05 2.62458e-05 2.53635e-05 2.45075e-05 2.36773e-05 2.28723e-05 2.20919e-05 2.13355e-05 2.06025e-05 1.98924e-05 1.92045e-05 1.85383e-05 1.78933e-05 1.72688e-05 1.66643e-05 1.60793e-05 1.55133e-05 1.49657e-05 1.4436e-05 1.39237e-05 1.34283e-05 1.29494e-05 1.24864e-05 1.20388e-05 1.16063e-05 1.11883e-05 1.07845e-05 1.03944e-05 1.00176e-05 9.65366e-06 9.30221e-06 8.96285e-06 8.63521e-06 8.31892e-06 8.01363e-06 7.71897e-06 7.43461e-06 7.16022e-06 6.89548e-06 6.64008e-06 6.3937e-06 6.15605e-06 5.92685e-06 5.70582e-06 5.49268e-06 5.28718e-06 5.08905e-06 4.89804e-06 4.71393e-06 4.53647e-06 4.36543e-06 4.2006e-06 4.04177e-06 3.88873e-06 3.74128e-06 3.59922e-06 3.46237e-06 3.33055e-06 3.20358e-06 3.0813e-06 2.96353e-06 2.85012e-06 2.74092e-06 2.63577e-06 2.53454e-06 2.43707e-06 2.34325e-06 2.25293e-06 2.166e-06 2.08232e-06 2.00179e-06 1.92429e-06 1.84971e-06 1.77795e-06 1.70889e-06 1.64245e-06 1.57853e-06 1.51703e-06 1.45787e-06 1.40096e-06 1.34622e-06 1.29357e-06
0.000310153 4.70225e-05 4.56647e-05 4.43353e-05 4.30344e-05 4.17621e-05 4.05183e-05 3.93031e-05 3.81163e-05 3.69577e-05 3.58272e-05 3.47246e-05 3.36495e-05 3.26017e-05 3.15809e-05 3.05866e-05 2.96187e-05 2.86766e-05 2.77599e-05 2.68683e-05 2.60014e-05 2.51586e-05 2.43395e-05 2.35437e-05 2.27707e-05 2.20201e-05 2.12913e-05 2.0584e-05 1.98976e-05 1.92316e-05 1.85857e-05 1.79593e-05 1.73519e-05 1.67631e-05 1.61925e-05 1.56395e-05 1.51038e-05 1.45849e-05 1.40823e-05 1.35956e-05 1.31245e-05 1.26684e-05 1.22269e-05 1.17998e-05 1.13864e-05 1.09866e-05 1.05998e-05 1.02257e-05 9.86401e-06 9.51426e-06 9.17614e-06 8.8493e-06 8.53341e-06 8.22813e-06 7.93315e-06 7.64815e-06 7.37283e-06 7.10689e-06 6.85003e-06 6.60197e-06 6.36245e-06 6.13118e-06 5.90791e-06 5.69238e-06 5.48434e-06 5.28356e-06 5.08979e-06 4.90282e-06 4.72241e-06 4.54836e-06 4.38046e-06 4.21849e-06 4.06228e-06 3.91161e-06 3.76632e-06 3.62621e-06 3.49112e-06 3.36087e-06 3.23531e-06 3.11427e-06 2.99759e-06 2.88514e-06 2.77675e-06 2.67231e-06 2.57166e-06 2.47467e-06 2.38123e-06 2.2912e-06 2.20447e-06 2.12092e-06 2.04044e-06 1.96293e-06 1.88827e-06 1.81637e-06 1.74713e-06 1.68045e-06 1.61625e-06 1.55443e-06 1.49492e-06 1.43762e-06 1.38246e-06
0.000295578 4.53394e-05 4.41005e-05 4.28838e-05 4.16896e-05 4.05183e-05 3.93702e-05 3.82453e-05 3.71439e-05 3.60661e-05 3.50117e-05 3.39809e-05 3.29736e-05 3.19896e-05 3.10289e-05 3.00912e-05 2.91764e-05 2.82843e-05 2.74145e-05 2.65669e-05 2.57411e-05 2.49369e-05 2.41539e-05 2.33918e-05 2.26502e-05 2.19289e-05 2.12275e-05 2.05455e-05 1.98826e-05 1.92385e-05 1.86128e-05 1.80051e-05 1.74149e-05 1.6842e-05 1.62859e-05 1.57463e-05 1.52227e-05 1.47149e-05 1.42224e-05 1.37448e-05 1.32819e-05 1.28331e-05 1.23982e-05 1.19768e-05 1.15686e-05 1.11731e-05 1.07902e-05 1.04193e-05 1.00603e-05 9.7127e-06 9.37629e-06 9.05072e-06 8.73569e-06 8.4309e-06 8.13606e-06 7.85087e-06 7.57505e-06 7.30834e-06 7.05046e-06 6.80115e-06 6.56015e-06 6.32721e-06 6.10209e-06 5.88455e-06 5.67435e-06 5.47128e-06 5.2751e-06 5.08561e-06 4.90259e-06 4.72584e-06 4.55516e-06 4.39037e-06 4.23126e-06 4.07766e-06 3.9294e-06 3.78629e-06 3.64817e-06 3.51489e-06 3.38627e-06 3.26217e-06 3.14244e-06 3.02693e-06 2.91551e-06 2.80803e-06 2.70437e-06 2.60439e-06 2.50798e-06 2.41501e-06 2.32537e-06 2.23894e-06 2.15562e-06 2.07529e-06 1.99786e-06 1.92322e-06 1.85129e-06 1.78196e-06 1.71515e-06 1.65076e-06 1.58872e-06 1.52895e-06 1.47135e-06
0.000281688 4.37107e-05 4.25834e-05 4.14727e-05 4.0379e-05 3.93031e-05 3.82453e-05 3.72061e-05 3.61858e-05 3.51846e-05 3.42029e-05 3.32407e-05 3.22981e-05 3.13753e-05 3.04723e-05 2.9589e-05 2.87254e-05 2.78815e-05 2.70571e-05 2.62521e-05 2.54663e-05 2.46997e-05 2.39519e-05 2.32228e-05 2.25121e-05 2.18196e-05 2.11451e-05 2.04882e-05 1.98487e-05 1.92263e-05 1.86207e-05 1.80317e-05 1.74588e-05 1.69019e-05 1.63605e-05 1.58344e-05 1.53233e-05 1.48269e-05 1.43447e-05 1.38766e-05 1.34222e-05 1.29811e-05 1.25532e-05 1.2138e-05 1.17352e-05 1.13446e-05 1.09659e-05 1.05987e-05 1.02428e-05 9.89785e-06 9.56359e-06 9.23973e-06 8.92601e-06 8.62214e-06 8.32786e-06 8.04291e-06 7.76703e-06 7.49996e-06 7.24146e-06 6.99129e-06 6.74921e-06 6.51499e-06 6.2884e-06 6.06921e-06 5.85721e-06 5.65219e-06 5.45394e-06 5.26225e-06 5.07694e-06 4.8978e-06 4.72465e-06 4.55731e-06 4.3956e-06 4.23933e-06 4.08836e-06 3.9425e-06 3.8016e-06 3.66551e-06 3.53406e-06 3.40712e-06 3.28454e-06 3.16618e-06 3.0519e-06 2.94158e-06 2.83508e-06 2.73228e-06 2.63306e-06 2.5373e-06 2.44489e-06 2.35572e-06 2.26968e-06 2.18667e-06 2.10659e-06 2.02933e-06 1.95481e-06 1.88293e-06 1.8136e-06 1.74674e-06 1.68226e-06 1.62009e-06 1.56014e-06
0.000268451 4.21349e-05 4.11124e-05 4.01012e-05 3.91023e-05 3.81163e-05 3.71439e-05 3.61858e-05 3.52424e-05 3.43141e-05 3.34015e-05 3.25047e-05 3.1624e-05 3.07598e-05 2.99121e-05 2.90811e-05 2.82669e-05 2.74695e-05 2.6689e-05 2.59253e-05 2.51784e-05 2.44483e-05 2.37349e-05 2.3038e-05 2.23576e-05 2.16934e-05 2.10454e-05 2.04132e-05 1.97969e-05 1.9196e-05 1.86105e-05 1.80401e-05 1.74846e-05 1.69437e-05 1.64172e-05 1.59048e-05 1.54063e-05 1.49215e-05 1.445e-05 1.39916e-05 1.3546e-05 1.31131e-05 1.26924e-05 1.22837e-05 1.18869e-05 1.15015e-05 1.11274e-05 1.07643e-05 1.04119e-05 1.007e-05 9.73833e-06 9.4166e-06 9.10459e-06 8.80205e-06 8.50875e-06 8.22444e-06 7.94888e-06 7.68186e-06 7.42313e-06 7.17249e-06 6.9297e-06 6.69456e-06 6.46685e-06 6.24637e-06 6.03291e-06 5.82628e-06 5.62628e-06 5.43272e-06 5.24542e-06 5.06419e-06 4.88886e-06 4.71925e-06 4.5552e-06 4.39654e-06 4.24311e-06 4.09475e-06 3.9513e-06 3.81263e-06 3.67858e-06 3.54901e-06 3.42378e-06 3.30276e-06 3.18582e-06 3.07283e-06 2.96367e-06 2.85821e-06 2.75634e-06 2.65795e-06 2.56292e-06 2.47114e-06 2.38252e-06 2.29695e-06 2.21433e-06 2.13456e-06 2.05756e-06 1.98323e-06 1.91149e-06 1.84225e-06 1.77542e-06 1.71093e-06 1.6487e-06
0.000255836 4.06107e-05 3.96864e-05 3.87687e-05 3.78589e-05 3.69577e-05 3.60661e-05 3.51846e-05 3.43141e-05 3.34552e-05 3.26082e-05 3.17738e-05 3.09523e-05 3.01441e-05 2.93495e-05 2.85687e-05 2.7802e-05 2.70495e-05 2.63114e-05 2.55877e-05 2.48786e-05 2.4184e-05 2.35041e-05 2.28387e-05 2.21878e-05 2.15514e-05 2.09294e-05 2.03217e-05 1.97282e-05 1.91487e-05 1.85832e-05 1.80314e-05 1.74931e-05 1.69683e-05 1.64568e-05 1.59582e-05 1.54726e-05 1.49995e-05 1.45389e-05 1.40905e-05 1.36541e-05 1.32295e-05 1.28164e-05 1.24146e-05 1.2024e-05 1.16443e-05 1.12752e-05 1.09165e-05 1.0568e-05 1.02295e-05 9.90079e-06 9.58158e-06 9.27168e-06 8.97086e-06 8.67891e-06 8.39562e-06 8.12078e-06 7.85417e-06 7.59558e-06 7.34483e-06 7.10169e-06 6.86598e-06 6.6375e-06 6.41606e-06 6.20147e-06 5.99355e-06 5.79211e-06 5.59699e-06 5.40799e-06 5.22497e-06 5.04774e-06 4.87614e-06 4.71002e-06 4.54921e-06 4.39357e-06 4.24295e-06 4.09719e-06 3.95616e-06 3.81972e-06 3.68773e-06 3.56005e-06 3.43657e-06 3.31715e-06 3.20168e-06 3.09002e-06 2.98207e-06 2.87771e-06 2.77683e-06 2.67932e-06 2.58508e-06 2.49401e-06 2.406e-06 2.32097e-06 2.23881e-06 2.15944e-06 2.08277e-06 2.0087e-06 1.93717e-06 1.86808e-06 1.80136e-06 1.73694e-06
0.000243813 3.91367e-05 3.83044e-05 3.74746e-05 3.66485e-05 3.58272e-05 3.50117e-05 3.42029e-05 3.34015e-05 3.26082e-05 3.18238e-05 3.10488e-05 3.02838e-05 2.95292e-05 2.87854e-05 2.80529e-05 2.73318e-05 2.66226e-05 2.59254e-05 2.52405e-05 2.4568e-05 2.3908e-05 2.32606e-05 2.26259e-05 2.2004e-05 2.13948e-05 2.07984e-05 2.02147e-05 1.96437e-05 1.90854e-05 1.85396e-05 1.80063e-05 1.74854e-05 1.69767e-05 1.64801e-05 1.59955e-05 1.55227e-05 1.50617e-05 1.46121e-05 1.41739e-05 1.37469e-05 1.33309e-05 1.29257e-05 1.25312e-05 1.21471e-05 1.17733e-05 1.14095e-05 1.10556e-05 1.07114e-05 1.03767e-05 1.00513e-05 9.73495e-06 9.42751e-06 9.12878e-06 8.83855e-06 8.55665e-06 8.28287e-06 8.01702e-06 7.75893e-06 7.5084e-06 7.26526e-06 7.02931e-06 6.80039e-06 6.57831e-06 6.36291e-06 6.15401e-06 5.95144e-06 5.75504e-06 5.56465e-06 5.3801e-06 5.20124e-06 5.02792e-06 4.85998e-06 4.69728e-06 4.53968e-06 4.38702e-06 4.23918e-06 4.09601e-06 3.95739e-06 3.82318e-06 3.69327e-06 3.56751e-06 3.4458e-06 3.32801e-06 3.21403e-06 3.10374e-06 2.99705e-06 2.89383e-06 2.79399e-06 2.69742e-06 2.60403e-06 2.51372e-06 2.42639e-06 2.34196e-06 2.26033e-06 2.18141e-06 2.10513e-06 2.0314e-06 1.96015e-06 1.89128e-06 1.82474e-06
0.000232356 3.77116e-05 3.69653e-05 3.62179e-05 3.54706e-05 3.47246e-05 3.39809e-05 3.32407e-05 3.25047e-05 3.17738e-05 3.10488e-05 3.03305e-05 2.96193e-05 2.89159e-05 2.82208e-05 2.75346e-05 2.68574e-05 2.61899e-05 2.55322e-05 2.48847e-05 2.42476e-05 2.36212e-05 2.30055e-05 2.24007e-05 2.18071e-05 2.12246e-05 2.06533e-05 2.00932e-05 1.95445e-05 1.9007e-05 1.84808e-05 1.79659e-05 1.74621e-05 1.69695e-05 1.64879e-05 1.60173e-05 1.55576e-05 1.51086e-05 1.46703e-05 1.42425e-05 1.38251e-05 1.3418e-05 1.30209e-05 1.26339e-05 1.22566e-05 1.1889e-05 1.15309e-05 1.11821e-05 1.08425e-05 1.05119e-05 1.01901e-05 9.87699e-06 9.57236e-06 9.27604e-06 8.98788e-06 8.70769e-06 8.43531e-06 8.17057e-06 7.9133e-06 7.66333e-06 7.4205e-06 7.18464e-06 6.95559e-06 6.73319e-06 6.51727e-06 6.30769e-06 6.10427e-06 5.90688e-06 5.71537e-06 5.52957e-06 5.34935e-06 5.17455e-06 5.00505e-06 4.8407e-06 4.68137e-06 4.52691e-06 4.3772e-06 4.23212e-06 4.09152e-06 3.9553e-06 3.82332e-06 3.69548e-06 3.57165e-06 3.45173e-06 3.33559e-06 3.22314e-06 3.11426e-06 3.00886e-06 2.90683e-06 2.80807e-06 2.71249e-06 2.62e-06 2.5305e-06 2.4439e-06 2.36012e-06 2.27907e-06 2.20067e-06 2.12484e-06 2.05151e-06 1.98059e-06 1.91201e-06
0.000221437 3.6334e-05 3.56683e-05 3.49981e-05 3.43247e-05 3.36495e-05 3.29736e-05 3.22981e-05 3.1624e-05 3.09523e-05 3.02838e-05 2.96193e-05 2.89595e-05 2.8305e-05 2.76566e-05 2.70147e-05 2.63798e-05 2.57523e-05 2.51328e-05 2.45214e-05 2.39186e-05 2.33247e-05 2.27398e-05 2.21643e-05 2.15982e-05 2.10417e-05 2.0495e-05 1.99582e-05 1.94313e-05 1.89145e-05 1.84077e-05 1.79109e-05 1.74242e-05 1.69476e-05 1.64811e-05 1.60245e-05 1.55779e-05 1.51411e-05 1.47141e-05 1.42969e-05 1.38893e-05 1.34912e-05 1.31026e-05 1.27232e-05 1.2353e-05 1.19919e-05 1.16397e-05 1.12963e-05 1.09616e-05 1.06354e-05 1.03176e-05 1.0008e-05 9.70646e-06 9.41289e-06 9.1271e-06 8.84895e-06 8.57829e-06 8.31496e-06 8.05883e-06 7.80973e-06 7.56752e-06 7.33205e-06 7.10317e-06 6.88073e-06 6.66459e-06 6.45461e-06 6.25063e-06 6.05253e-06 5.86015e-06 5.67336e-06 5.49203e-06 5.31602e-06 5.14519e-06 4.97943e-06 4.81859e-06 4.66255e-06 4.5112e-06 4.3644e-06 4.22203e-06 4.08399e-06 3.95015e-06 3.82041e-06 3.69464e-06 3.57275e-06 3.45462e-06 3.34016e-06 3.22925e-06 3.12181e-06 3.01773e-06 2.91692e-06 2.81928e-06 2.72473e-06 2.63318e-06 2.54453e-06 2.45872e-06 2.37564e-06 2.29522e-06 2.21739e-06 2.14207e-06 2.06918e-06 1.99865e-06
0.000211031 3.50026e-05 3.44122e-05 3.38143e-05 3.32103e-05 3.26017e-05 3.19896e-05 3.13753e-05 3.07598e-05 3.01441e-05 2.95292e-05 2.89159e-05 2.8305e-05 2.76973e-05 2.70935e-05 2.64941e-05 2.58997e-05 2.53108e-05 2.4728e-05 2.41516e-05 2.3582e-05 2.30196e-05 2.24646e-05 2.19174e-05 2.13782e-05 2.08472e-05 2.03246e-05 1.98106e-05 1.93052e-05 1.88087e-05 1.8321e-05 1.78423e-05 1.73726e-05 1.69119e-05 1.64603e-05 1.60177e-05 1.55842e-05 1.51597e-05 1.47442e-05 1.43377e-05 1.394e-05 1.35512e-05 1.31711e-05 1.27996e-05 1.24368e-05 1.20824e-05 1.17364e-05 1.13987e-05 1.10691e-05 1.07476e-05 1.0434e-05 1.01282e-05 9.83008e-06 9.53954e-06 9.25643e-06 8.98061e-06 8.71197e-06 8.45036e-06 8.19566e-06 7.94772e-06 7.70642e-06 7.47163e-06 7.2432e-06 7.02101e-06 6.80493e-06 6.59482e-06 6.39054e-06 6.19198e-06 5.999e-06 5.81148e-06 5.62928e-06 5.45229e-06 5.28038e-06 5.11342e-06 4.9513e-06 4.7939e-06 4.64111e-06 4.4928e-06 4.34887e-06 4.2092e-06 4.07368e-06 3.94221e-06 3.81468e-06 3.69099e-06 3.57104e-06 3.45472e-06 3.34194e-06 3.2326e-06 3.12661e-06 3.02388e-06 2.92432e-06 2.82784e-06 2.73435e-06 2.64377e-06 2.55602e-06 2.47102e-06 2.38869e-06 2.30896e-06 2.23174e-06 2.15697e-06 2.08457e-06
0.000201114 3.3716e-05 3.3196e-05 3.26658e-05 3.21269e-05 3.15809e-05 3.10289e-05 3.04723e-05 2.99121e-05 2.93495e-05 2.87854e-05 2.82208e-05 2.76566e-05 2.70935e-05 2.65322e-05 2.59735e-05 2.5418e-05 2.48663e-05 2.43188e-05 2.37761e-05 2.32386e-05 2.27067e-05 2.21808e-05 2.16612e-05 2.11482e-05 2.0642e-05 2.0143e-05 1.96513e-05 1.9167e-05 1.86904e-05 1.82216e-05 1.77607e-05 1.73078e-05 1.6863e-05 1.64263e-05 1.59977e-05 1.55773e-05 1.51652e-05 1.47612e-05 1.43654e-05 1.39778e-05 1.35984e-05 1.3227e-05 1.28637e-05 1.25083e-05 1.21609e-05 1.18213e-05 1.14894e-05 1.11653e-05 1.08487e-05 1.05396e-05 1.02379e-05 9.94349e-06 9.65625e-06 9.37609e-06 9.10289e-06 8.83654e-06 8.57693e-06 8.32393e-06 8.07744e-06 7.83733e-06 7.60348e-06 7.37578e-06 7.15411e-06 6.93834e-06 6.72836e-06 6.52404e-06 6.32528e-06 6.13195e-06 5.94392e-06 5.7611e-06 5.58336e-06 5.41058e-06 5.24266e-06 5.07948e-06 4.92093e-06 4.76689e-06 4.61728e-06 4.47197e-06 4.33085e-06 4.19384e-06 4.06082e-06 3.9317e-06 3.80638e-06 3.68475e-06 3.56673e-06 3.45223e-06 3.34114e-06 3.23338e-06 3.12887e-06 3.02751e-06 2.92922e-06 2.83392e-06 2.74152e-06 2.65195e-06 2.56514e-06 2.48099e-06 2.39945e-06 2.32043e-06 2.24386e-06 2.16968e-06
0.000191663 3.24731e-05 3.20187e-05 3.15518e-05 3.1074e-05 3.05866e-05 3.00912e-05 2.9589e-05 2.90811e-05 2.85687e-05 2.80529e-05 2.75346e-05 2.70147e-05 2.64941e-05 2.59735e-05 2.54538e-05 2.49356e-05 2.44194e-05 2.3906e-05 2.33958e-05 2.28893e-05 2.23869e-05 2.18892e-05 2.13964e-05 2.09089e-05 2.0427e-05 1.9951e-05 1.94811e-05 1.90176e-05 1.85606e-05 1.81104e-05 1.76671e-05 1.72308e-05 1.68017e-05 1.63797e-05 1.59651e-05 1.55579e-05 1.5158e-05 1.47657e-05 1.43808e-05 1.40033e-05 1.36334e-05 1.32709e-05 1.29158e-05 1.25681e-05 1.22278e-05 1.18948e-05 1.15691e-05 1.12506e-05 1.09391e-05 1.06348e-05 1.03374e-05 1.00469e-05 9.76326e-06 9.48631e-06 9.21598e-06 8.95219e-06 8.69483e-06 8.44381e-06 8.19902e-06 7.96035e-06 7.72772e-06 7.501e-06 7.28009e-06 7.06489e-06 6.85529e-06 6.65118e-06 6.45245e-06 6.259e-06 6.07072e-06 5.88749e-06 5.70922e-06 5.5358e-06 5.36712e-06 5.20309e-06 5.04358e-06 4.88852e-06 4.73778e-06 4.59128e-06 4.44891e-06 4.31058e-06 4.17619e-06 4.04564e-06 3.91884e-06 3.79571e-06 3.67614e-06 3.56005e-06 3.44736e-06 3.33797e-06 3.2318e-06 3.12877e-06 3.02879e-06 2.9318e-06 2.8377e-06 2.74642e-06 2.65789e-06 2.57203e-06 2.48877e-06 2.40805e-06 2.32978e-06 2.2539e-06
0.000182657 3.12726e-05 3.08794e-05 3.04716e-05 3.00509e-05 2.96187e-05 2.91764e-05 2.87254e-05 2.82669e-05 2.7802e-05 2.73318e-05 2.68574e-05 2.63798e-05 2.58997e-05 2.5418e-05 2.49356e-05 2.4453e-05 2.39711e-05 2.34904e-05 2.30115e-05 2.25349e-05 2.20612e-05 2.15907e-05 2.11239e-05 2.06612e-05 2.02029e-05 1.97494e-05 1.93009e-05 1.88577e-05 1.842e-05 1.79881e-05 1.75621e-05 1.71422e-05 1.67286e-05 1.63214e-05 1.59206e-05 1.55265e-05 1.5139e-05 1.47582e-05 1.43842e-05 1.4017e-05 1.36566e-05 1.33031e-05 1.29564e-05 1.26166e-05 1.22836e-05 1.19574e-05 1.1638e-05 1.13252e-05 1.10192e-05 1.07198e-05 1.0427e-05 1.01407e-05 9.86081e-06 9.5873e-06 9.32009e-06 9.0591e-06 8.80425e-06 8.55544e-06 8.3126e-06 8.07563e-06 7.84445e-06 7.61895e-06 7.39906e-06 7.18467e-06 6.97568e-06 6.77201e-06 6.57354e-06 6.3802e-06 6.19187e-06 6.00847e-06 5.82989e-06 5.65603e-06 5.48681e-06 5.32211e-06 5.16186e-06 5.00595e-06 4.85428e-06 4.70677e-06 4.56332e-06 4.42385e-06 4.28825e-06 4.15644e-06 4.02833e-06 3.90383e-06 3.78287e-06 3.66534e-06 3.55118e-06 3.44029e-06 3.3326e-06 3.22803e-06 3.12649e-06 3.02791e-06 2.93222e-06 2.83935e-06 2.74921e-06 2.66174e-06 2.57686e-06 2.49452e-06 2.41464e-06 2.33715e-06
0.000174073 3.01132e-05 2.97769e-05 2.94244e-05 2.90571e-05 2.86766e-05 2.82843e-05 2.78815e-05 2.74695e-05 2.70495e-05 2.66226e-05 2.61899e-05 2.57523e-05 2.53108e-05 2.48663e-05 2.44194e-05 2.39711e-05 2.3522e-05 2.30728e-05 2.2624e-05 2.21763e-05 2.17301e-05 2.12861e-05 2.08445e-05 2.04059e-05 1.99706e-05 1.9539e-05 1.91114e-05 1.8688e-05 1.82693e-05 1.78554e-05 1.74465e-05 1.70428e-05 1.66445e-05 1.62518e-05 1.58649e-05 1.54837e-05 1.51085e-05 1.47393e-05 1.43763e-05 1.40194e-05 1.36687e-05 1.33242e-05 1.29861e-05 1.26542e-05 1.23286e-05 1.20094e-05 1.16964e-05 1.13897e-05 1.10893e-05 1.0795e-05 1.05069e-05 1.0225e-05 9.94914e-06 9.67931e-06 9.41544e-06 9.15748e-06 8.90535e-06 8.659e-06 8.41833e-06 8.18329e-06 7.95379e-06 7.72975e-06 7.5111e-06 7.29774e-06 7.08959e-06 6.88658e-06 6.6886e-06 6.49558e-06 6.30743e-06 6.12405e-06 5.94536e-06 5.77128e-06 5.6017e-06 5.43655e-06 5.27573e-06 5.11916e-06 4.96675e-06 4.81841e-06 4.67406e-06 4.5336e-06 4.39696e-06 4.26404e-06 4.13478e-06 4.00908e-06 3.88686e-06 3.76804e-06 3.65254e-06 3.54029e-06 3.43121e-06 3.32521e-06 3.22223e-06 3.12219e-06 3.02503e-06 2.93065e-06 2.83901e-06 2.75003e-06 2.66364e-06 2.57977e-06 2.49836e-06 2.41935e-06
0.000165893 2.89936e-05 2.87105e-05 2.84094e-05 2.80921e-05 2.77599e-05 2.74145e-05 2.70571e-05 2.6689e-05 2.63114e-05 2.59254e-05 2.55322e-05 2.51328e-05 2.4728e-05 2.43188e-05 2.3906e-05 2.34904e-05 2.30728e-05 2.26537e-05 2.2234e-05 2.18141e-05 2.13946e-05 2.09761e-05 2.0559e-05 2.01437e-05 1.97308e-05 1.93206e-05 1.89133e-05 1.85095e-05 1.81092e-05 1.7713e-05 1.73209e-05 1.69332e-05 1.65501e-05 1.61718e-05 1.57985e-05 1.54303e-05 1.50673e-05 1.47097e-05 1.43575e-05 1.40109e-05 1.367e-05 1.33347e-05 1.30051e-05 1.26813e-05 1.23633e-05 1.20512e-05 1.17448e-05 1.14443e-05 1.11496e-05 1.08607e-05 1.05775e-05 1.03002e-05 1.00285e-05 9.76256e-06 9.50224e-06 9.24752e-06 8.99833e-06 8.75464e-06 8.51637e-06 8.28347e-06 8.05587e-06 7.83351e-06 7.61631e-06 7.4042e-06 7.19711e-06 6.99496e-06 6.79768e-06 6.60519e-06 6.41742e-06 6.23427e-06 6.05567e-06 5.88155e-06 5.71182e-06 5.54639e-06 5.3852e-06 5.22815e-06 5.07517e-06 4.92617e-06 4.78107e-06 4.6398e-06 4.50228e-06 4.36842e-06 4.23815e-06 4.11138e-06 3.98805e-06 3.86808e-06 3.75139e-06 3.6379e-06 3.52755e-06 3.42026e-06 3.31595e-06 3.21457e-06 3.11603e-06 3.02028e-06 2.92723e-06 2.83684e-06 2.74902e-06 2.66372e-06 2.58088e-06 2.50043e-06
0.000158097 2.79128e-05 2.7679e-05 2.74259e-05 2.71552e-05 2.68683e-05 2.65669e-05 2.62521e-05 2.59253e-05 2.55877e-05 2.52405e-05 2.48847e-05 2.45214e-05 2.41516e-05 2.37761e-05 2.33958e-05 2.30115e-05 2.2624e-05 2.2234e-05 2.18421e-05 2.1449e-05 2.10553e-05 2.06614e-05 2.0268e-05 1.98755e-05 1.94843e-05 1.90948e-05 1.87075e-05 1.83226e-05 1.79405e-05 1.75616e-05 1.7186e-05 1.6814e-05 1.64459e-05 1.60818e-05 1.5722e-05 1.53666e-05 1.50158e-05 1.46698e-05 1.43285e-05 1.39923e-05 1.3661e-05 1.3335e-05 1.30141e-05 1.26984e-05 1.23881e-05 1.20831e-05 1.17835e-05 1.14893e-05 1.12005e-05 1.09171e-05 1.06391e-05 1.03664e-05 1.00992e-05 9.83728e-06 9.5807e-06 9.32941e-06 9.08337e-06 8.84254e-06 8.60687e-06 8.37632e-06 8.15082e-06 7.93034e-06 7.71479e-06 7.50414e-06 7.29831e-06 7.09723e-06 6.90085e-06 6.70909e-06 6.52188e-06 6.33916e-06 6.16084e-06 5.98687e-06 5.81716e-06 5.65165e-06 5.49025e-06 5.3329e-06 5.17951e-06 5.03002e-06 4.88435e-06 4.74243e-06 4.60417e-06 4.46952e-06 4.33839e-06 4.21071e-06 4.08641e-06 3.96542e-06 3.84766e-06 3.73307e-06 3.62157e-06 3.51311e-06 3.40759e-06 3.30498e-06 3.20518e-06 3.10815e-06 3.0138e-06 2.92209e-06 2.83295e-06 2.74631e-06 2.66212e-06 2.58032e-06
0.000150668 2.68696e-05 2.66815e-05 2.6473e-05 2.62458e-05 2.60014e-05 2.57411e-05 2.54663e-05 2.51784e-05 2.48786e-05 2.4568e-05 2.42476e-05 2.39186e-05 2.3582e-05 2.32386e-05 2.28893e-05 2.25349e-05 2.21763e-05 2.18141e-05 2.1449e-05 2.10817e-05 2.07128e-05 2.03428e-05 1.99723e-05 1.96018e-05 1.92317e-05 1.88625e-05 1.84945e-05 1.81282e-05 1.77638e-05 1.74018e-05 1.70424e-05 1.66859e-05 1.63325e-05 1.59825e-05 1.56361e-05 1.52934e-05 1.49547e-05 1.46201e-05 1.42898e-05 1.39638e-05 1.36423e-05 1.33255e-05 1.30133e-05 1.27059e-05 1.24033e-05 1.21056e-05 1.18129e-05 1.15251e-05 1.12423e-05 1.09645e-05 1.06918e-05 1.04241e-05 1.01614e-05 9.90371e-06 9.65104e-06 9.40337e-06 9.16065e-06 8.92287e-06 8.68999e-06 8.46198e-06 8.23878e-06 8.02036e-06 7.80667e-06 7.59766e-06 7.39327e-06 7.19346e-06 6.99816e-06 6.80732e-06 6.62087e-06 6.43875e-06 6.2609e-06 6.08726e-06 5.91776e-06 5.75232e-06 5.59089e-06 5.4334e-06 5.27978e-06 5.12996e-06 4.98387e-06 4.84145e-06 4.70262e-06 4.56732e-06 4.43547e-06 4.30702e-06 4.18189e-06 4.06001e-06 3.94132e-06 3.82574e-06 3.71323e-06 3.6037e-06 3.4971e-06 3.39336e-06 3.29241e-06 3.1942e-06 3.09866e-06 3.00574e-06 2.91536e-06 2.82748e-06 2.74203e-06 2.65895e-06
0.000143588 2.58628e-05 2.57171e-05 2.55502e-05 2.53635e-05 2.51586e-05 2.49369e-05 2.46997e-05 2.44483e-05 2.4184e-05 2.3908e-05 2.36212e-05 2.33247e-05 2.30196e-05 2.27067e-05 2.23869e-05 2.20612e-05 2.17301e-05 2.13946e-05 2.10553e-05 2.07128e-05 2.03678e-05 2.00208e-05 1.96725e-05 1.93233e-05 1.89737e-05 1.86241e-05 1.8275e-05 1.79268e-05 1.75798e-05 1.72343e-05 1.68908e-05 1.65495e-05 1.62106e-05 1.58744e-05 1.55412e-05 1.52111e-05 1.48844e-05 1.45612e-05 1.42417e-05 1.3926e-05 1.36143e-05 1.33067e-05 1.30033e-05 1.27041e-05 1.24094e-05 1.21191e-05 1.18333e-05 1.1552e-05 1.12754e-05 1.10034e-05 1.0736e-05 1.04733e-05 1.02154e-05 9.96207e-06 9.71349e-06 9.46959e-06 9.23037e-06 8.99582e-06 8.7659e-06 8.54059e-06 8.31987e-06 8.1037e-06 7.89204e-06 7.68486e-06 7.4821e-06 7.28373e-06 7.0897e-06 6.89995e-06 6.71444e-06 6.5331e-06 6.35589e-06 6.18275e-06 6.01362e-06 5.84843e-06 5.68714e-06 5.52968e-06 5.37598e-06 5.22598e-06 5.07963e-06 4.93686e-06 4.7976e-06 4.66179e-06 4.52937e-06 4.40028e-06 4.27444e-06 4.15181e-06 4.03231e-06 3.91588e-06 3.80246e-06 3.692e-06 3.58442e-06 3.47966e-06 3.37767e-06 3.27839e-06 3.18176e-06 3.08771e-06 2.9962e-06 2.90716e-06 2.82053e-06 2.73627e-06
0.00013684 2.48912e-05 2.47849e-05 2.46564e-05 2.45075e-05 2.43395e-05 2.41539e-05 2.39519e-05 2.37349e-05 2.35041e-05 2.32606e-05 2.30055e-05 2.27398e-05 2.24646e-05 2.21808e-05 2.18892e-05 2.15907e-05 2.12861e-05 2.09761e-05 2.06614e-05 2.03428e-05 2.00208e-05 1.96961e-05 1.93692e-05 1.90406e-05 1.87108e-05 1.83803e-05 1.80496e-05 1.7719e-05 1.73889e-05 1.70597e-05 1.67318e-05 1.64053e-05 1.60807e-05 1.57581e-05 1.54379e-05 1.51203e-05 1.48054e-05 1.44935e-05 1.41848e-05 1.38794e-05 1.35774e-05 1.3279e-05 1.29844e-05 1.26935e-05 1.24067e-05 1.21238e-05 1.1845e-05 1.15704e-05 1.13e-05 1.10338e-05 1.0772e-05 1.05145e-05 1.02614e-05 1.00126e-05 9.76825e-06 9.52828e-06 9.29272e-06 9.06154e-06 8.83475e-06 8.61232e-06 8.39425e-06 8.18049e-06 7.97104e-06 7.76585e-06 7.5649e-06 7.36814e-06 7.17554e-06 6.98706e-06 6.80265e-06 6.62226e-06 6.44586e-06 6.27338e-06 6.10478e-06 5.94001e-06 5.779e-06 5.62172e-06 5.4681e-06 5.31808e-06 5.17161e-06 5.02863e-06 4.88908e-06 4.75291e-06 4.62005e-06 4.49045e-06 4.36405e-06 4.24078e-06 4.1206e-06 4.00344e-06 3.88924e-06 3.77794e-06 3.6695e-06 3.56384e-06 3.46091e-06 3.36066e-06 3.26303e-06 3.16796e-06 3.0754e-06 2.98529e-06 2.89758e-06 2.81222e-06
0.00013041 2.39539e-05 2.38839e-05 2.37912e-05 2.36773e-05 2.35437e-05 2.33918e-05 2.32228e-05 2.3038e-05 2.28387e-05 2.26259e-05 2.24007e-05 2.21643e-05 2.19174e-05 2.16612e-05 2.13964e-05 2.11239e-05 2.08445e-05 2.0559e-05 2.0268e-05 1.99723e-05 1.96725e-05 1.93692e-05 1.90629e-05 1.87543e-05 1.84437e-05 1.81318e-05 1.78189e-05 1.75055e-05 1.71919e-05 1.68786e-05 1.65658e-05 1.6254e-05 1.59433e-05 1.56342e-05 1.53268e-05 1.50214e-05 1.47183e-05 1.44176e-05 1.41195e-05 1.38243e-05 1.3532e-05 1.32429e-05 1.2957e-05 1.26745e-05 1.23955e-05 1.21201e-05 1.18484e-05 1.15805e-05 1.13164e-05 1.10563e-05 1.08e-05 1.05478e-05 1.02997e-05 1.00556e-05 9.81555e-06 9.57965e-06 9.34788e-06 9.12023e-06 8.89672e-06 8.67732e-06 8.46204e-06 8.25087e-06 8.04377e-06 7.84074e-06 7.64175e-06 7.44677e-06 7.25576e-06 7.06871e-06 6.88556e-06 6.70628e-06 6.53084e-06 6.35918e-06 6.19128e-06 6.02706e-06 5.86651e-06 5.70955e-06 5.55615e-06 5.40626e-06 5.25981e-06 5.11677e-06 4.97707e-06 4.84067e-06 4.7075e-06 4.57753e-06 4.45068e-06 4.32691e-06 4.20616e-06 4.08838e-06 3.97351e-06 3.8615e-06 3.7523e-06 3.64584e-06 3.54208e-06 3.44096e-06 3.34242e-06 3.24643e-06 3.15291e-06 3.06183e-06 2.97312e-06 2.88675e-06
0.000124281 2.30497e-05 2.30132e-05 2.29536e-05 2.28723e-05 2.27707e-05 2.26502e-05 2.25121e-05 2.23576e-05 2.21878e-05 2.2004e-05 2.18071e-05 2.15982e-05 2.13782e-05 2.11482e-05 2.09089e-05 2.06612e-05 2.04059e-05 2.01437e-05 1.98755e-05 1.96018e-05 1.93233e-05 1.90406e-05 1.87543e-05 1.84649e-05 1.8173e-05 1.7879e-05 1.75835e-05 1.72867e-05 1.69892e-05 1.66914e-05 1.63935e-05 1.6096e-05 1.57991e-05 1.55031e-05 1.52083e-05 1.49151e-05 1.46235e-05 1.43339e-05 1.40464e-05 1.37613e-05 1.34786e-05 1.31987e-05 1.29215e-05 1.26474e-05 1.23763e-05 1.21084e-05 1.18439e-05 1.15827e-05 1.1325e-05 1.10709e-05 1.08204e-05 1.05736e-05 1.03305e-05 1.00911e-05 9.8556e-06 9.6239e-06 9.39605e-06 9.17207e-06 8.95197e-06 8.73575e-06 8.52341e-06 8.31496e-06 8.11037e-06 7.90965e-06 7.71277e-06 7.51971e-06 7.33045e-06 7.14497e-06 6.96324e-06 6.78523e-06 6.6109e-06 6.44021e-06 6.27314e-06 6.10964e-06 5.94967e-06 5.79319e-06 5.64016e-06 5.49052e-06 5.34424e-06 5.20127e-06 5.06155e-06 4.92505e-06 4.79171e-06 4.66148e-06 4.53431e-06 4.41016e-06 4.28897e-06 4.17068e-06 4.05526e-06 3.94264e-06 3.83279e-06 3.72563e-06 3.62114e-06 3.51925e-06 3.41991e-06 3.32307e-06 3.2287e-06 3.13672e-06 3.0471e-06 2.95979e-06
0.000118441 2.21775e-05 2.2172e-05 2.2143e-05 2.20919e-05 2.20201e-05 2.19289e-05 2.18196e-05 2.16934e-05 2.15514e-05 2.13948e-05 2.12246e-05 2.10417e-05 2.08472e-05 2.0642e-05 2.0427e-05 2.02029e-05 1.99706e-05 1.97308e-05 1.94843e-05 1.92317e-05 1.89737e-05 1.87108e-05 1.84437e-05 1.8173e-05 1.78991e-05 1.76225e-05 1.73438e-05 1.70633e-05 1.67815e-05 1.64987e-05 1.62154e-05 1.59318e-05 1.56484e-05 1.53653e-05 1.5083e-05 1.48016e-05 1.45215e-05 1.42428e-05 1.39658e-05 1.36907e-05 1.34176e-05 1.31468e-05 1.28784e-05 1.26126e-05 1.23494e-05 1.20891e-05 1.18317e-05 1.15773e-05 1.13261e-05 1.10781e-05 1.08333e-05 1.0592e-05 1.0354e-05 1.01196e-05 9.88863e-06 9.66124e-06 9.43743e-06 9.21723e-06 9.00067e-06 8.78776e-06 8.5785e-06 8.3729e-06 8.17096e-06 7.97268e-06 7.77806e-06 7.58707e-06 7.3997e-06 7.21595e-06 7.03577e-06 6.85916e-06 6.68609e-06 6.51652e-06 6.35043e-06 6.18778e-06 6.02853e-06 5.87266e-06 5.72013e-06 5.57089e-06 5.4249e-06 5.28213e-06 5.14253e-06 5.00605e-06 4.87266e-06 4.7423e-06 4.61493e-06 4.49051e-06 4.36899e-06 4.25031e-06 4.13444e-06 4.02133e-06 3.91092e-06 3.80318e-06 3.69805e-06 3.59548e-06 3.49543e-06 3.39786e-06 3.3027e-06 3.20993e-06 3.11948e-06 3.03131e-06
0.000112875 2.13365e-05 2.13594e-05 2.13586e-05 2.13355e-05 2.12913e-05 2.12275e-05 2.11451e-05 2.10454e-05 2.09294e-05 2.07984e-05 2.06533e-05 2.0495e-05 2.03246e-05 2.0143e-05 1.9951e-05 1.97494e-05 1.9539e-05 1.93206e-05 1.90948e-05 1.88625e-05 1.86241e-05 1.83803e-05 1.81318e-05 1.7879e-05 1.76225e-05 1.73628e-05 1.71004e-05 1.68357e-05 1.65691e-05 1.6301e-05 1.60319e-05 1.5762e-05 1.54917e-05 1.52213e-05 1.49512e-05 1.46815e-05 1.44127e-05 1.41448e-05 1.38781e-05 1.36129e-05 1.33494e-05 1.30876e-05 1.28279e-05 1.25704e-05 1.23151e-05 1.20623e-05 1.18121e-05 1.15646e-05 1.13199e-05 1.1078e-05 1.08392e-05 1.06033e-05 1.03706e-05 1.01411e-05 9.91485e-06 9.69187e-06 9.47221e-06 9.25591e-06 9.043e-06 8.83351e-06 8.62745e-06 8.42484e-06 8.22568e-06 8.02997e-06 7.83773e-06 7.64895e-06 7.46361e-06 7.28171e-06 7.10323e-06 6.92816e-06 6.75647e-06 6.58815e-06 6.42317e-06 6.26151e-06 6.10313e-06 5.948e-06 5.7961e-06 5.64738e-06 5.50182e-06 5.35937e-06 5.22e-06 5.08368e-06 4.95035e-06 4.81998e-06 4.69253e-06 4.56795e-06 4.4462e-06 4.32725e-06 4.21104e-06 4.09753e-06 3.98668e-06 3.87845e-06 3.77278e-06 3.66963e-06 3.56897e-06 3.47074e-06 3.3749e-06 3.2814e-06 3.19021e-06 3.10127e-06
0.000107571 2.05255e-05 2.05746e-05 2.05998e-05 2.06025e-05 2.0584e-05 2.05455e-05 2.04882e-05 2.04132e-05 2.03217e-05 2.02147e-05 2.00932e-05 1.99582e-05 1.98106e-05 1.96513e-05 1.94811e-05 1.93009e-05 1.91114e-05 1.89133e-05 1.87075e-05 1.84945e-05 1.8275e-05 1.80496e-05 1.78189e-05 1.75835e-05 1.73438e-05 1.71004e-05 1.68538e-05 1.66044e-05 1.63526e-05 1.60988e-05 1.58435e-05 1.5587e-05 1.53296e-05 1.50716e-05 1.48134e-05 1.45553e-05 1.42975e-05 1.40403e-05 1.37838e-05 1.35284e-05 1.32743e-05 1.30216e-05 1.27705e-05 1.25212e-05 1.22739e-05 1.20286e-05 1.17856e-05 1.15449e-05 1.13067e-05 1.10711e-05 1.08381e-05 1.06079e-05 1.03805e-05 1.0156e-05 9.93448e-06 9.71599e-06 9.50058e-06 9.28828e-06 9.07913e-06 8.87317e-06 8.67042e-06 8.47091e-06 8.27464e-06 8.08164e-06 7.89191e-06 7.70545e-06 7.52226e-06 7.34234e-06 7.16568e-06 6.99228e-06 6.82211e-06 6.65517e-06 6.49143e-06 6.33088e-06 6.17349e-06 6.01923e-06 5.86808e-06 5.72001e-06 5.575e-06 5.433e-06 5.29398e-06 5.15792e-06 5.02478e-06 4.89451e-06 4.76708e-06 4.64246e-06 4.52061e-06 4.40148e-06 4.28503e-06 4.17123e-06 4.06004e-06 3.95141e-06 3.8453e-06 3.74167e-06 3.64047e-06 3.54168e-06 3.44524e-06 3.35111e-06 3.25925e-06 3.16962e-06
0.000102516 1.97436e-05 1.98166e-05 1.98658e-05 1.98924e-05 1.98976e-05 1.98826e-05 1.98487e-05 1.97969e-05 1.97282e-05 1.96437e-05 1.95445e-05 1.94313e-05 1.93052e-05 1.9167e-05 1.90176e-05 1.88577e-05 1.8688e-05 1.85095e-05 1.83226e-05 1.81282e-05 1.79268e-05 1.7719e-05 1.75055e-05 1.72867e-05 1.70633e-05 1.68357e-05 1.66044e-05 1.63698e-05 1.61324e-05 1.58925e-05 1.56507e-05 1.54072e-05 1.51624e-05 1.49166e-05 1.46701e-05 1.44233e-05 1.41764e-05 1.39296e-05 1.36833e-05 1.34376e-05 1.31928e-05 1.2949e-05 1.27065e-05 1.24654e-05 1.22259e-05 1.19881e-05 1.17523e-05 1.15185e-05 1.12868e-05 1.10574e-05 1.08304e-05 1.06058e-05 1.03838e-05 1.01644e-05 9.94774e-06 9.73382e-06 9.52273e-06 9.31452e-06 9.10923e-06 8.9069e-06 8.70757e-06 8.51126e-06 8.318e-06 8.1278e-06 7.94069e-06 7.75668e-06 7.57576e-06 7.39794e-06 7.22323e-06 7.05161e-06 6.88308e-06 6.71764e-06 6.55527e-06 6.39594e-06 6.23966e-06 6.08639e-06 5.93612e-06 5.78882e-06 5.64446e-06 5.50303e-06 5.36448e-06 5.2288e-06 5.09595e-06 4.9659e-06 4.83861e-06 4.71405e-06 4.59219e-06 4.47298e-06 4.3564e-06 4.24241e-06 4.13097e-06 4.02204e-06 3.91558e-06 3.81155e-06 3.70992e-06 3.61065e-06 3.51369e-06 3.41901e-06 3.32656e-06 3.23632e-06
9.76984e-05 1.89899e-05 1.90848e-05 1.9156e-05 1.92045e-05 1.92316e-05 1.92385e-05 1.92263e-05 1.9196e-05 1.91487e-05 1.90854e-05 1.9007e-05 1.89145e-05 1.88087e-05 1.86904e-05 1.85606e-05 1.842e-05 1.82693e-05 1.81092e-05 1.79405e-05 1.77638e-05 1.75798e-05 1.73889e-05 1.71919e-05 1.69892e-05 1.67815e-05 1.65691e-05 1.63526e-05 1.61324e-05 1.59089e-05 1.56826e-05 1.54539e-05 1.52231e-05 1.49906e-05 1.47567e-05 1.45217e-05 1.4286e-05 1.40498e-05 1.38133e-05 1.35769e-05 1.33408e-05 1.31051e-05 1.28702e-05 1.26362e-05 1.24032e-05 1.21716e-05 1.19413e-05 1.17126e-05 1.14857e-05 1.12605e-05 1.10374e-05 1.08163e-05 1.05975e-05 1.03809e-05 1.01666e-05 9.95483e-06 9.74556e-06 9.53887e-06 9.33482e-06 9.13347e-06 8.93486e-06 8.73904e-06 8.54603e-06 8.35588e-06 8.1686e-06 7.98421e-06 7.80275e-06 7.62421e-06 7.4486e-06 7.27594e-06 7.10623e-06 6.93946e-06 6.77563e-06 6.61473e-06 6.45676e-06 6.30169e-06 6.14953e-06 6.00024e-06 5.85382e-06 5.71024e-06 5.56948e-06 5.43152e-06 5.29632e-06 5.16387e-06 5.03414e-06 4.90709e-06 4.7827e-06 4.66093e-06 4.54176e-06 4.42514e-06 4.31105e-06 4.19946e-06 4.09032e-06 3.9836e-06 3.87927e-06 3.77729e-06 3.67762e-06 3.58023e-06 3.48507e-06 3.39213e-06 3.30134e-06
9.31073e-05 1.82634e-05 1.83783e-05 1.84696e-05 1.85383e-05 1.85857e-05 1.86128e-05 1.86207e-05 1.86105e-05 1.85832e-05 1.85396e-05 1.84808e-05 1.84077e-05 1.8321e-05 1.82216e-05 1.81104e-05 1.79881e-05 1.78554e-05 1.7713e-05 1.75616e-05 1.74018e-05 1.72343e-05 1.70597e-05 1.68786e-05 1.66914e-05 1.64987e-05 1.6301e-05 1.60988e-05 1.58925e-05 1.56826e-05 1.54695e-05 1.52535e-05 1.50351e-05 1.48146e-05 1.45923e-05 1.43686e-05 1.41437e-05 1.3918e-05 1.36917e-05 1.3465e-05 1.32383e-05 1.30118e-05 1.27856e-05 1.25599e-05 1.23351e-05 1.21112e-05 1.18884e-05 1.16668e-05 1.14467e-05 1.12281e-05 1.10113e-05 1.07962e-05 1.0583e-05 1.03719e-05 1.01628e-05 9.95597e-06 9.7514e-06 9.54917e-06 9.34936e-06 9.15203e-06 8.95722e-06 8.76499e-06 8.57537e-06 8.38841e-06 8.20414e-06 8.02258e-06 7.84377e-06 7.66771e-06 7.49442e-06 7.32392e-06 7.15621e-06 6.99131e-06 6.8292e-06 6.66988e-06 6.51337e-06 6.35964e-06 6.20868e-06 6.0605e-06 5.91506e-06 5.77237e-06 5.63239e-06 5.49511e-06 5.36051e-06 5.22856e-06 5.09925e-06 4.97254e-06 4.84842e-06 4.72684e-06 4.60779e-06 4.49124e-06 4.37715e-06 4.26549e-06 4.15623e-06 4.04934e-06 3.94479e-06 3.84254e-06 3.74256e-06 3.64482e-06 3.54928e-06 3.4559e-06 3.36466e-06
8.8732e-05 1.75632e-05 1.76964e-05 1.7806e-05 1.78933e-05 1.79593e-05 1.80051e-05 1.80317e-05 1.80401e-05 1.80314e-05 1.80063e-05 1.79659e-05 1.79109e-05 1.78423e-05 1.77607e-05 1.76671e-05 1.75621e-05 1.74465e-05 1.73209e-05 1.7186e-05 1.70424e-05 1.68908e-05 1.67318e-05 1.65658e-05 1.63935e-05 1.62154e-05 1.60319e-05 1.58435e-05 1.56507e-05 1.54539e-05 1.52535e-05 1.505e-05 1.48436e-05 1.46348e-05 1.44238e-05 1.42111e-05 1.39968e-05 1.37814e-05 1.3565e-05 1.3348e-05 1.31306e-05 1.2913e-05 1.26954e-05 1.24781e-05 1.22613e-05 1.2045e-05 1.18296e-05 1.16152e-05 1.14019e-05 1.11899e-05 1.09792e-05 1.07702e-05 1.05627e-05 1.0357e-05 1.01532e-05 9.95137e-06 9.75154e-06 9.55384e-06 9.35833e-06 9.16507e-06 8.97414e-06 8.78557e-06 8.59943e-06 8.41575e-06 8.23457e-06 8.05593e-06 7.87985e-06 7.70637e-06 7.5355e-06 7.36725e-06 7.20165e-06 7.03871e-06 6.87842e-06 6.7208e-06 6.56584e-06 6.41354e-06 6.26391e-06 6.11692e-06 5.97258e-06 5.83086e-06 5.69177e-06 5.55528e-06 5.42137e-06 5.29003e-06 5.16124e-06 5.03497e-06 4.9112e-06 4.78992e-06 4.67109e-06 4.55468e-06 4.44068e-06 4.32905e-06 4.21976e-06 4.11279e-06 4.00811e-06 3.90567e-06 3.80547e-06 3.70745e-06 3.61159e-06 3.51787e-06 3.42624e-06
8.45622e-05 1.68886e-05 1.70382e-05 1.71646e-05 1.72688e-05 1.73519e-05 1.74149e-05 1.74588e-05 1.74846e-05 1.74931e-05 1.74854e-05 1.74621e-05 1.74242e-05 1.73726e-05 1.73078e-05 1.72308e-05 1.71422e-05 1.70428e-05 1.69332e-05 1.6814e-05 1.66859e-05 1.65495e-05 1.64053e-05 1.6254e-05 1.6096e-05 1.59318e-05 1.5762e-05 1.5587e-05 1.54072e-05 1.52231e-05 1.50351e-05 1.48436e-05 1.46489e-05 1.44515e-05 1.42516e-05 1.40496e-05 1.38457e-05 1.36404e-05 1.34338e-05 1.32262e-05 1.30179e-05 1.28091e-05 1.26001e-05 1.2391e-05 1.21821e-05 1.19735e-05 1.17654e-05 1.1558e-05 1.13515e-05 1.1146e-05 1.09416e-05 1.07385e-05 1.05368e-05 1.03366e-05 1.01381e-05 9.94123e-06 9.74619e-06 9.55306e-06 9.36189e-06 9.17278e-06 8.98577e-06 8.80094e-06 8.61834e-06 8.43801e-06 8.26001e-06 8.08437e-06 7.91112e-06 7.7403e-06 7.57193e-06 7.40603e-06 7.24263e-06 7.08174e-06 6.92338e-06 6.76754e-06 6.61423e-06 6.46347e-06 6.31525e-06 6.16956e-06 6.0264e-06 5.88577e-06 5.74766e-06 5.61205e-06 5.47893e-06 5.34829e-06 5.22011e-06 5.09438e-06 4.97107e-06 4.85016e-06 4.73164e-06 4.61548e-06 4.50165e-06 4.39014e-06 4.28091e-06 4.17393e-06 4.0692e-06 3.96666e-06 3.8663e-06 3.76809e-06 3.672e-06 3.578e-06 3.48605e-06
