0.409593 0.128987 0.0452849 0.0158987 0.00558172 0.00195964 0.000687992 0.000241541 8.48004e-05 2.97718e-05 1.04523e-05 3.66961e-06 1.28833e-06 4.52309e-07 1.58797e-07 5.57507e-08 1.9573e-08 6.87171e-09 2.41253e-09 8.46993e-10 2.97363e-10 1.04399e-10 3.66524e-11 1.2868e-11 4.51769e-12 1.58608e-12 5.56842e-13 1.95497e-13 6.86351e-14 2.40965e-14 8.45982e-15 2.97008e-15 1.04274e-15 3.66086e-16 1.28526e-16 4.51231e-17 1.58419e-17 5.56177e-18 1.95263e-18 6.85533e-19 2.40678e-19 8.44973e-20 2.96654e-20 1.0415e-20 3.6565e-21 1.28373e-21 4.50692e-22 1.5823e-22 5.55514e-23 1.9503e-23 6.84715e-24 2.40391e-24 8.43966e-25 2.963e-25 1.04025e-25 3.65214e-26 1.2822e-26 4.50155e-27 1.58041e-27 5.54851e-28 1.94798e-28 6.83898e-29 2.40104e-29 8.42959e-30 2.95947e-30 1.03901e-30 3.64778e-31 1.28067e-31 4.49618e-32 1.57852e-32 5.5419e-33 1.94566e-33 6.83083e-34 2.39817e-34 8.41954e-35 2.95594e-35 1.03777e-35 3.64343e-36 1.27914e-36 4.49082e-37 1.57664e-37 5.53529e-38 1.94333e-38 6.82268e-39 2.39531e-39 8.40949e-40 2.95241e-40 1.03654e-40 3.63908e-41 1.27761e-41 4.48546e-42 1.57476e-42 5.52868e-43 1.94102e-43 6.81454e-44 2.39246e-44 8.39946e-45 2.94889e-45 1.0353e-45 3.63474e-46 1.27609e-46
0.128987 0.0580139 0.025436 0.0107095 0.00438464 0.00175869 0.000694447 0.000270841 0.000104578 4.00477e-05 1.52298e-05 5.75762e-06 2.16559e-06 8.10921e-07 3.02472e-07 1.12432e-07 4.16634e-08 1.53963e-08 5.67538e-09 2.08732e-09 7.661e-10 2.80648e-10 1.02632e-10 3.74725e-11 1.36615e-11 4.97382e-12 1.80854e-12 6.56824e-13 2.38281e-13 8.63527e-14 3.12637e-14 1.13085e-14 4.08691e-15 1.47581e-15 5.32514e-16 1.92006e-16 6.91827e-17 2.49112e-17 8.96441e-18 3.22396e-18 1.15881e-18 4.16293e-19 1.49473e-19 5.36428e-20 1.92422e-20 6.89926e-21 2.47264e-21 8.85808e-22 3.17208e-22 1.13549e-22 4.06311e-23 1.45339e-23 5.19702e-24 1.85774e-24 6.6386e-25 2.37156e-25 8.46962e-26 3.02391e-26 1.07932e-26 3.8514e-27 1.37396e-27 4.90025e-28 1.74726e-28 6.22864e-29 2.21988e-29 7.90987e-30 2.81783e-30 1.00362e-30 3.57385e-31 1.27238e-31 4.52911e-32 1.61186e-32 5.73539e-33 2.04043e-33 7.25779e-34 2.58116e-34 9.1781e-35 3.26304e-35 1.15991e-35 4.12248e-36 1.46497e-36 5.20519e-37 1.84919e-37 6.56853e-38 2.33289e-38 8.28447e-39 2.94157e-39 1.04433e-39 3.70717e-40 1.31582e-40 4.66979e-41 1.6571e-41 5.87965e-42 2.08596e-42 7.39967e-43 2.62466e-43 9.3087e-44 3.30111e-44 1.17055e-44 4.15025e-45 1.47136e-45
0.0452849 0.025436 0.0129892 0.00618446 0.0028114 0.00123632 0.00053019 0.000222919 9.22372e-05 3.76619e-05 1.52067e-05 6.08144e-06 2.41194e-06 9.49656e-07 3.7151e-07 1.44506e-07 5.59205e-08 2.15398e-08 8.26199e-09 3.15692e-09 1.20204e-09 4.56219e-10 1.72638e-10 6.51484e-11 2.45223e-11 9.20847e-12 3.45024e-12 1.29006e-12 4.81423e-13 1.79328e-13 6.66844e-14 2.47568e-14 9.17698e-15 3.39684e-15 1.25561e-15 4.63518e-16 1.709e-16 6.29366e-17 2.31515e-17 8.50722e-18 3.12287e-18 1.14523e-18 4.19594e-19 1.53594e-19 5.61755e-20 2.05287e-20 7.49605e-21 2.7351e-21 9.97232e-22 3.6334e-22 1.32293e-22 4.81365e-23 1.75041e-23 6.3612e-24 2.31038e-24 8.38653e-25 3.04258e-25 1.10324e-25 3.9983e-26 1.44832e-26 5.24377e-27 1.89766e-27 6.86433e-28 2.4819e-28 8.96988e-29 3.24047e-29 1.17018e-29 4.22404e-30 1.52418e-30 5.49775e-31 1.98233e-31 7.14521e-32 2.57457e-32 9.27361e-33 3.33927e-33 1.20204e-33 4.32563e-34 1.55614e-34 5.59656e-35 2.01219e-35 7.2326e-36 2.59897e-36 9.33666e-37 3.35327e-37 1.20402e-37 4.32206e-38 1.55111e-38 5.56531e-39 1.99634e-39 7.15946e-40 2.56702e-40 9.202e-41 3.29793e-41 1.18171e-41 4.2334e-42 1.51628e-42 5.42982e-43 1.94404e-43 6.95895e-44 2.49058e-44 8.91205e-45
0.0158987 0.0107095 0.00618446 0.00325188 0.00160943 0.000763035 0.000350221 0.000156702 6.86806e-05 2.95903e-05 1.25651e-05 5.26965e-06 2.18624e-06 8.98439e-07 3.66118e-07 1.48077e-07 5.94865e-08 2.37515e-08 9.43077e-09 3.72559e-09 1.46493e-09 5.73552e-10 2.23667e-10 8.69024e-11 3.3649e-11 1.29875e-11 4.99779e-12 1.91785e-12 7.34021e-13 2.80238e-13 1.06741e-13 4.05672e-14 1.53856e-14 5.82362e-15 2.20017e-15 8.29745e-16 3.12389e-16 1.1742e-16 4.40677e-17 1.65142e-17 6.17989e-18 2.30951e-18 8.61977e-19 3.21317e-19 1.19634e-19 4.44919e-20 1.65283e-20 6.13362e-21 2.27386e-21 8.42139e-22 3.11597e-22 1.15188e-22 4.25439e-23 1.57e-23 5.78898e-24 2.13285e-24 7.85205e-25 2.88857e-25 1.06186e-25 3.90076e-26 1.43198e-26 5.25335e-27 1.92601e-27 7.05685e-28 2.58405e-28 9.45664e-29 3.45879e-29 1.26436e-29 4.61938e-30 1.68682e-30 6.15644e-31 2.24582e-31 8.1886e-32 2.98427e-32 1.08709e-32 3.95821e-33 1.44059e-33 5.24077e-34 1.90576e-34 6.9273e-35 2.51702e-35 9.14194e-36 3.31914e-36 1.20462e-36 4.37034e-37 1.58499e-37 5.74627e-38 2.08256e-38 7.54506e-39 2.73266e-39 9.89396e-40 3.58111e-40 1.29578e-40 4.68721e-41 1.695e-41 6.1277e-42 2.21464e-42 8.00178e-43 2.89036e-43 1.04376e-43 3.76821e-44
0.00558172 0.00438464 0.0028114 0.00160943 0.000857042 0.000433645 0.000211133 9.97339e-05 4.59699e-05 2.07611e-05 9.2157e-06 4.03051e-06 1.74013e-06 7.42785e-07 3.13879e-07 1.31443e-07 5.45987e-08 2.25126e-08 9.22044e-09 3.75327e-09 1.5192e-09 6.11723e-10 2.45132e-10 9.77911e-11 3.88495e-11 1.53737e-11 6.06156e-12 2.38179e-12 9.32872e-13 3.64269e-13 1.41833e-13 5.50748e-14 2.13311e-14 8.24169e-15 3.17697e-15 1.22195e-15 4.69007e-16 1.79654e-16 6.86855e-17 2.62119e-17 9.98556e-18 3.79768e-18 1.442e-18 5.46693e-19 2.06956e-19 7.82336e-20 2.95334e-20 1.11342e-20 4.19233e-21 1.57659e-21 5.92196e-22 2.22186e-22 8.32702e-23 3.11744e-23 1.16589e-23 4.35596e-24 1.62588e-24 6.06301e-25 2.25887e-25 8.40838e-26 3.12724e-26 1.16212e-26 4.31506e-27 1.60097e-27 5.93541e-28 2.19885e-28 8.14004e-29 3.0113e-29 1.11323e-29 4.11268e-30 1.51839e-30 5.60234e-31 2.06579e-31 7.61278e-32 2.80379e-32 1.03205e-32 3.79674e-33 1.396e-33 5.13013e-34 1.88428e-34 6.91739e-35 2.53818e-35 9.30878e-36 3.41237e-36 1.25031e-36 4.57911e-37 1.6763e-37 6.13383e-38 2.2435e-38 8.20239e-39 2.99762e-39 1.09506e-39 3.99879e-40 1.45966e-40 5.32611e-41 1.94271e-41 7.08351e-42 2.58186e-42 9.40732e-43 3.42649e-43 1.24763e-43
0.00195964 0.00175869 0.00123632 0.000763035 0.000433645 0.000232528 0.000119351 5.9189e-05 2.85453e-05 1.34507e-05 6.21457e-06 2.82307e-06 1.26364e-06 5.58309e-07 2.43842e-07 1.05401e-07 4.51364e-08 1.9166e-08 8.07569e-09 3.37874e-09 1.40443e-09 5.80277e-10 2.38423e-10 9.74563e-11 3.96435e-11 1.60535e-11 6.47336e-12 2.59992e-12 1.04031e-12 4.14795e-13 1.64836e-13 6.52977e-14 2.57895e-14 1.01567e-14 3.98918e-15 1.56278e-15 6.10722e-16 2.38107e-16 9.26245e-17 3.59541e-17 1.39277e-17 5.38462e-18 2.07783e-18 8.00345e-19 3.07742e-19 1.18132e-19 4.52737e-20 1.7324e-20 6.61912e-21 2.52535e-21 9.62136e-22 3.6607e-22 1.39099e-22 5.27882e-23 2.00086e-23 7.57503e-24 2.86452e-24 1.08203e-24 4.08276e-25 1.53892e-25 5.79477e-26 2.17986e-26 8.19224e-27 3.0759e-27 1.15385e-27 4.32456e-28 1.61943e-28 6.05925e-29 2.26528e-29 8.46215e-30 3.15867e-30 1.17815e-30 4.39111e-31 1.63546e-31 6.08693e-32 2.26392e-32 8.41462e-33 3.12554e-33 1.16021e-33 4.30408e-34 1.59573e-34 5.91259e-35 2.1895e-35 8.10332e-36 2.99737e-36 1.1081e-36 4.09438e-37 1.51206e-37 5.58118e-38 2.05904e-38 7.59262e-39 2.79839e-39 1.03091e-39 3.79602e-40 1.39714e-40 5.13995e-41 1.89011e-41 6.94751e-42 2.55263e-42 9.3749e-43 3.44167e-43
0.000687992 0.000694447 0.00053019 0.000350221 0.000211133 0.000119351 6.42796e-05 3.33263e-05 1.67522e-05 8.20691e-06 3.93374e-06 1.85039e-06 8.5624e-07 3.90522e-07 1.75835e-07 7.82629e-08 3.44733e-08 1.50419e-08 6.50691e-09 2.7926e-09 1.18981e-09 5.03522e-10 2.11761e-10 8.85413e-11 3.68204e-11 1.52344e-11 6.27328e-12 2.57169e-12 1.04981e-12 4.26845e-13 1.729e-13 6.97866e-14 2.80723e-14 1.12561e-14 4.49953e-15 1.79342e-15 7.12831e-16 2.82578e-16 1.11734e-16 4.40734e-17 1.73443e-17 6.81026e-18 2.66833e-18 1.04332e-18 4.07133e-19 1.58572e-19 6.16474e-20 2.3924e-20 9.26853e-21 3.58484e-21 1.38432e-21 5.33745e-22 2.05486e-22 7.89959e-23 3.03263e-23 1.16265e-23 4.45148e-24 1.70219e-24 6.50095e-25 2.47984e-25 9.44856e-26 3.59597e-26 1.36706e-26 5.19153e-27 1.96948e-27 7.46393e-28 2.82589e-28 1.06887e-28 4.03915e-29 1.52496e-29 5.75227e-30 2.16792e-30 8.16359e-31 3.07157e-31 1.15475e-31 4.33785e-32 1.62827e-32 6.10734e-33 2.28907e-33 8.57341e-34 3.20881e-34 1.20015e-34 4.48574e-35 1.67551e-35 6.25434e-36 2.33314e-36 8.69828e-37 3.24088e-37 1.2068e-37 4.49111e-38 1.67042e-38 6.20949e-39 2.307e-39 8.56658e-40 3.17935e-40 1.17935e-40 4.3725e-41 1.62031e-41 6.00146e-42 2.22181e-42 8.22149e-43
0.000241541 0.000270841 0.000222919 0.000156702 9.97339e-05 5.9189e-05 3.33263e-05 1.80033e-05 9.40382e-06 4.77622e-06 2.36882e-06 1.15099e-06 5.49336e-07 2.58073e-07 1.19547e-07 5.46837e-08 2.47301e-08 1.10687e-08 4.90748e-09 2.15701e-09 9.40527e-10 4.07078e-10 1.74985e-10 7.47388e-11 3.17321e-11 1.33975e-11 5.62689e-12 2.35164e-12 9.78254e-13 4.05158e-13 1.67106e-13 6.86511e-14 2.80982e-14 1.14595e-14 4.65781e-15 1.88711e-15 7.62207e-16 3.06952e-16 1.23267e-16 4.93683e-17 1.97209e-17 7.85832e-18 3.12389e-18 1.23899e-18 4.9032e-19 1.93629e-19 7.63086e-20 3.00136e-20 1.17825e-20 4.61695e-21 1.80594e-21 7.05185e-22 2.74904e-22 1.06994e-22 4.15779e-23 1.61327e-23 6.25052e-24 2.41829e-24 9.34328e-25 3.60503e-25 1.38916e-25 5.34623e-26 2.05498e-26 7.88945e-27 3.02538e-27 1.15883e-27 4.43386e-28 1.69463e-28 6.47014e-29 2.46779e-29 9.40303e-30 3.57936e-30 1.36123e-30 5.17194e-31 1.96328e-31 7.44607e-32 2.82161e-32 1.06831e-32 4.0415e-33 1.52769e-33 5.77014e-34 2.17771e-34 8.2127e-35 3.09493e-35 1.16547e-35 4.38572e-36 1.64922e-36 6.19758e-37 2.32742e-37 8.73461e-38 3.27592e-38 1.22786e-38 4.59936e-39 1.7218e-39 6.44184e-40 2.40871e-40 9.00139e-41 3.36195e-41 1.25497e-41 4.68209e-42 1.74588e-42
8.48004e-05 0.000104578 9.22372e-05 6.86806e-05 4.59699e-05 2.85453e-05 1.67522e-05 9.40382e-06 5.09138e-06 2.67475e-06 1.36967e-06 6.86062e-07 3.37083e-07 1.62824e-07 7.74664e-08 3.63578e-08 1.68553e-08 7.72717e-09 3.50642e-09 1.57627e-09 7.0249e-10 3.10578e-10 1.36292e-10 5.93966e-11 2.57182e-11 1.10684e-11 4.73651e-12 2.01606e-12 8.53795e-13 3.59857e-13 1.50988e-13 6.30803e-14 2.62469e-14 1.08788e-14 4.49241e-15 1.84864e-15 7.58171e-16 3.09947e-16 1.2632e-16 5.1331e-17 2.07998e-17 8.40549e-18 3.38794e-18 1.36213e-18 5.46331e-19 2.18617e-19 8.72849e-20 3.47741e-20 1.38251e-20 5.48535e-21 2.17218e-21 8.58554e-22 3.38726e-22 1.33402e-22 5.24485e-23 2.05865e-23 8.06742e-24 3.15651e-24 1.23317e-24 4.81059e-25 1.87392e-25 7.28955e-26 2.8318e-26 1.09863e-26 4.25681e-27 1.64731e-27 6.36704e-28 2.45802e-28 9.4783e-29 3.65079e-29 1.40464e-29 5.39856e-30 2.0727e-30 7.94968e-31 3.046e-31 1.16596e-31 4.4589e-32 1.70359e-32 6.50287e-33 2.48004e-33 9.45002e-34 3.5978e-34 1.3686e-34 5.2019e-35 1.9756e-35 7.49714e-36 2.84287e-36 1.07719e-36 4.07855e-37 1.54314e-37 5.83439e-38 2.20436e-38 8.3229e-39 3.14032e-39 1.1841e-39 4.46192e-40 1.68027e-40 6.32365e-41 2.37843e-41 8.94029e-42 3.35859e-42
2.97718e-05 4.00477e-05 3.76619e-05 2.95903e-05 2.07611e-05 1.34507e-05 8.20691e-06 4.77622e-06 2.67475e-06 1.45061e-06 7.65567e-07 3.94637e-07 1.99289e-07 9.88281e-08 4.82224e-08 2.31901e-08 1.10065e-08 5.16179e-09 2.39444e-09 1.09963e-09 5.00341e-10 2.25715e-10 1.01016e-10 4.48744e-11 1.97966e-11 8.67672e-12 3.77979e-12 1.63712e-12 7.05236e-13 3.02246e-13 1.28907e-13 5.47256e-14 2.31314e-14 9.73655e-15 4.0821e-15 1.70497e-15 7.09544e-16 2.94265e-16 1.21635e-16 5.01189e-17 2.05883e-17 8.43273e-18 3.44426e-18 1.40297e-18 5.69992e-19 2.30994e-19 9.33857e-20 3.76657e-20 1.51577e-20 6.08658e-21 2.43892e-21 9.75297e-22 3.89241e-22 1.55049e-22 6.16477e-23 2.44671e-23 9.69373e-24 3.83411e-24 1.51399e-24 5.96883e-25 2.34953e-25 9.23456e-26 3.62421e-26 1.42033e-26 5.55855e-27 2.17242e-27 8.47917e-28 3.30524e-28 1.28679e-28 5.00356e-29 1.94326e-29 7.53838e-30 2.92098e-30 1.13057e-30 4.37112e-31 1.68821e-31 6.51344e-32 2.51046e-32 9.66638e-33 3.71837e-33 1.42899e-33 5.48657e-34 2.10464e-34 8.06614e-35 3.0887e-35 1.18171e-35 4.51737e-36 1.72544e-36 6.58516e-37 2.51124e-37 9.56916e-38 3.64359e-38 1.38631e-38 5.27075e-39 2.0025e-39 7.60269e-40 2.88443e-40 1.0936e-40 4.14349e-41 1.56887e-41 5.9365e-42
1.04523e-05 1.52298e-05 1.52067e-05 1.25651e-05 9.2157e-06 6.21457e-06 3.93374e-06 2.36882e-06 1.36967e-06 7.65567e-07 4.15753e-07 2.20233e-07 1.14151e-07 5.80399e-08 2.90087e-08 1.42771e-08 6.92945e-09 3.32086e-09 1.57313e-09 7.3731e-10 3.42187e-10 1.57369e-10 7.17624e-11 3.24672e-11 1.4581e-11 6.50316e-12 2.88162e-12 1.26908e-12 5.55686e-13 2.41989e-13 1.04837e-13 4.51959e-14 1.93935e-14 8.2848e-15 3.52427e-15 1.49314e-15 6.30164e-16 2.64974e-16 1.11024e-16 4.63611e-17 1.92965e-17 8.00654e-18 3.31211e-18 1.36618e-18 5.61956e-19 2.30531e-19 9.4326e-20 3.84988e-20 1.56752e-20 6.36746e-21 2.5807e-21 1.04366e-21 4.21176e-22 1.6962e-22 6.81751e-23 2.73487e-23 1.09506e-23 4.3767e-24 1.74618e-24 6.95486e-25 2.76543e-25 1.09782e-25 4.35127e-26 1.722e-26 6.80455e-27 2.68493e-27 1.05791e-27 4.16259e-28 1.63565e-28 6.41869e-29 2.51561e-29 9.84676e-30 3.84956e-30 1.50317e-30 5.86271e-31 2.28397e-31 8.88785e-32 3.45484e-32 1.34151e-32 5.20361e-33 2.01637e-33 7.8055e-34 3.01859e-34 1.16624e-34 4.50158e-35 1.73596e-35 6.68837e-36 2.57464e-36 9.90224e-37 3.80522e-37 1.46104e-37 5.60518e-38 2.14865e-38 8.22997e-39 3.14988e-39 1.20464e-39 4.60358e-40 1.75799e-40 6.70843e-41 2.5581e-41 9.74792e-42
3.66961e-06 5.75762e-06 6.08144e-06 5.26965e-06 4.03051e-06 2.82307e-06 1.85039e-06 1.15099e-06 6.86062e-07 3.94637e-07 2.20233e-07 1.19731e-07 6.36199e-08 3.31279e-08 1.69417e-08 8.52466e-09 4.22689e-09 2.06805e-09 9.99518e-10 4.77682e-10 2.25933e-10 1.05839e-10 4.91391e-11 2.2625e-11 1.03363e-11 4.68773e-12 2.11142e-12 9.44879e-13 4.20263e-13 1.85847e-13 8.17353e-14 3.57606e-14 1.55687e-14 6.74618e-15 2.91014e-15 1.25e-15 5.34719e-16 2.27846e-16 9.67226e-17 4.0912e-17 1.72454e-17 7.24528e-18 3.03424e-18 1.26681e-18 5.27335e-19 2.18888e-19 9.06074e-20 3.74068e-20 1.54036e-20 6.32725e-21 2.59278e-21 1.06e-21 4.32383e-22 1.75988e-22 7.14793e-23 2.89724e-23 1.17199e-23 4.73176e-24 1.9068e-24 7.66997e-25 3.07972e-25 1.23446e-25 4.93983e-26 1.97349e-26 7.87165e-27 3.13488e-27 1.24657e-27 4.94963e-28 1.96246e-28 7.76996e-29 3.07213e-29 1.21305e-29 4.78352e-30 1.88392e-30 7.41024e-31 2.9112e-31 1.14233e-31 4.47718e-32 1.75275e-32 6.85408e-33 2.67733e-33 1.0447e-33 4.07212e-34 1.58564e-34 6.16807e-35 2.39699e-35 9.30595e-36 3.60947e-36 1.39869e-36 5.41505e-37 2.09456e-37 8.09474e-38 3.12563e-38 1.20588e-38 4.64846e-39 1.79044e-39 6.89066e-40 2.64984e-40 1.01822e-40 3.90962e-41 1.50004e-41
1.28833e-06 2.16559e-06 2.41194e-06 2.18624e-06 1.74013e-06 1.26364e-06 8.5624e-07 5.49336e-07 3.37083e-07 1.99289e-07 1.14151e-07 6.36199e-08 3.46185e-08 1.84427e-08 9.64127e-09 4.95522e-09 2.5079e-09 1.25163e-09 6.16693e-10 3.00291e-10 1.44639e-10 6.89679e-11 3.25785e-11 1.5255e-11 7.08493e-12 3.26529e-12 1.49406e-12 6.78983e-13 3.06589e-13 1.37598e-13 6.13994e-14 2.72483e-14 1.20296e-14 5.28463e-15 2.31059e-15 1.00571e-15 4.35861e-16 1.88118e-16 8.08713e-17 3.46346e-17 1.4779e-17 6.28431e-18 2.66323e-18 1.125e-18 4.73736e-19 1.9889e-19 8.32585e-20 3.47556e-20 1.44691e-20 6.00787e-21 2.48826e-21 1.02803e-21 4.23722e-22 1.74242e-22 7.14916e-23 2.92693e-23 1.19579e-23 4.87538e-24 1.9838e-24 8.05651e-25 3.26572e-25 1.32134e-25 5.33677e-26 2.15173e-26 8.66088e-27 3.48033e-27 1.39631e-27 5.59324e-28 2.23707e-28 8.93407e-29 3.56276e-29 1.41875e-29 5.64184e-30 2.24051e-30 8.88578e-31 3.51951e-31 1.39225e-31 5.50063e-32 2.1706e-32 8.55524e-33 3.36805e-33 1.32443e-33 5.20231e-34 2.04121e-34 8.00044e-35 3.13244e-35 1.2252e-35 4.78729e-36 1.86871e-36 7.28743e-37 2.83917e-37 1.1051e-37 4.2975e-38 1.66969e-38 6.48146e-39 2.5138e-39 9.74135e-40 3.77175e-40 1.45918e-40 5.64055e-41 2.17866e-41
4.52309e-07 8.10921e-07 9.49656e-07 8.98439e-07 7.42785e-07 5.58309e-07 3.90522e-07 2.58073e-07 1.62824e-07 9.88281e-08 5.80399e-08 3.31279e-08 1.84427e-08 1.00431e-08 5.36228e-09 2.81276e-09 1.45193e-09 7.38593e-10 3.70724e-10 1.83801e-10 9.00956e-11 4.36997e-11 2.09891e-11 9.98919e-12 4.71354e-12 2.20634e-12 1.02497e-12 4.7278e-13 2.16612e-13 9.86141e-14 4.46245e-14 2.00778e-14 8.98446e-15 3.99955e-15 1.77166e-15 7.81074e-16 3.428e-16 1.49799e-16 6.51888e-17 2.82559e-17 1.22007e-17 5.24883e-18 2.25012e-18 9.61324e-19 4.09364e-19 1.7377e-19 7.35382e-20 3.10292e-20 1.30554e-20 5.47787e-21 2.29232e-21 9.56786e-22 3.98353e-22 1.6545e-22 6.85557e-23 2.83418e-23 1.16909e-23 4.81208e-24 1.97655e-24 8.10211e-25 3.31458e-25 1.35338e-25 5.51565e-26 2.24378e-26 9.11148e-27 3.69355e-27 1.49473e-27 6.03901e-28 2.43595e-28 9.8104e-29 3.94492e-29 1.58394e-29 6.35043e-30 2.5424e-30 1.01643e-30 4.05805e-31 1.61799e-31 6.44262e-32 2.56209e-32 1.01761e-32 4.03675e-33 1.59942e-33 6.32964e-34 2.50204e-34 9.87912e-35 3.89637e-35 1.53507e-35 6.04136e-36 2.37512e-36 9.32803e-37 3.65979e-37 1.43448e-37 5.61706e-38 2.19741e-38 8.58827e-39 3.35352e-39 1.30829e-39 5.09943e-40 1.98591e-40 7.72727e-41 3.00418e-41
1.58797e-07 3.02472e-07 3.7151e-07 3.66118e-07 3.13879e-07 2.43842e-07 1.75835e-07 1.19547e-07 7.74664e-08 4.82224e-08 2.90087e-08 1.69417e-08 9.64127e-09 5.36228e-09 2.92194e-09 1.56311e-09 8.22352e-10 4.26109e-10 2.17738e-10 1.09845e-10 5.47629e-11 2.70036e-11 1.31801e-11 6.37199e-12 3.05319e-12 1.45075e-12 6.83929e-13 3.20038e-13 1.48711e-13 6.86437e-14 3.14863e-14 1.43564e-14 6.50871e-15 2.93488e-15 1.31656e-15 5.87685e-16 2.61094e-16 1.15474e-16 5.08496e-17 2.22989e-17 9.73969e-18 4.23777e-18 1.83706e-18 7.93533e-19 3.41598e-19 1.46564e-19 6.26834e-20 2.67262e-20 1.13612e-20 4.81571e-21 2.03555e-21 8.58082e-22 3.60775e-22 1.51301e-22 6.32956e-23 2.6416e-23 1.09989e-23 4.56933e-24 1.89409e-24 7.83472e-25 3.23402e-25 1.33225e-25 5.47736e-26 2.24763e-26 9.20591e-27 3.76372e-27 1.53602e-27 6.25782e-28 2.54516e-28 1.03345e-28 4.18952e-29 1.69572e-29 6.85294e-30 2.76532e-30 1.11423e-30 4.48313e-31 1.80126e-31 7.22724e-32 2.8959e-32 1.15884e-32 4.63126e-33 1.84853e-33 7.36913e-34 2.93412e-34 1.16687e-34 4.63512e-35 1.83908e-35 7.28878e-36 2.88556e-36 1.14113e-36 4.50796e-37 1.77899e-37 7.01329e-38 2.76207e-38 1.08673e-38 4.27155e-39 1.6774e-39 6.58086e-40 2.57946e-40 1.01015e-40 3.95234e-41
5.57507e-08 1.12432e-07 1.44506e-07 1.48077e-07 1.31443e-07 1.05401e-07 7.82629e-08 5.46837e-08 3.63578e-08 2.31901e-08 1.42771e-08 8.52466e-09 4.95522e-09 2.81276e-09 1.56311e-09 8.52219e-10 4.56666e-10 2.40878e-10 1.25234e-10 6.42497e-11 3.256e-11 1.63136e-11 8.08735e-12 3.96975e-12 1.9306e-12 9.30774e-13 4.45081e-13 2.11194e-13 9.94842e-14 4.65402e-14 2.163e-14 9.99044e-15 4.58712e-15 2.09434e-15 9.51078e-16 4.29687e-16 1.93176e-16 8.64387e-17 3.85037e-17 1.70771e-17 7.54258e-18 3.31808e-18 1.45405e-18 6.34838e-19 2.7618e-19 1.19736e-19 5.17378e-20 2.22841e-20 9.56821e-21 4.09599e-21 1.74832e-21 7.44147e-22 3.1587e-22 1.33723e-22 5.64656e-23 2.37836e-23 9.99351e-24 4.18923e-24 1.75208e-24 7.31149e-25 3.0445e-25 1.26505e-25 5.24575e-26 2.17089e-26 8.9664e-27 3.69634e-27 1.52097e-27 6.24713e-28 2.56138e-28 1.04838e-28 4.28378e-29 1.74752e-29 7.11737e-30 2.89423e-30 1.17511e-30 4.76397e-31 1.92851e-31 7.79557e-32 3.14675e-32 1.26846e-32 5.10626e-33 2.05284e-33 8.2422e-34 3.30506e-34 1.32365e-34 5.29463e-35 2.11533e-35 8.44132e-36 3.36466e-36 1.33962e-36 5.32766e-37 2.1165e-37 8.39918e-38 3.32964e-38 1.31859e-38 5.21652e-39 2.06167e-39 8.14014e-40 3.2109e-40 1.26535e-40 4.98183e-41
1.9573e-08 4.16634e-08 5.59205e-08 5.94865e-08 5.45987e-08 4.51364e-08 3.44733e-08 2.47301e-08 1.68553e-08 1.10065e-08 6.92945e-09 4.22689e-09 2.5079e-09 1.45193e-09 8.22352e-10 4.56666e-10 2.49098e-10 1.33678e-10 7.06739e-11 3.6854e-11 1.89753e-11 9.6554e-12 4.8594e-12 2.4207e-12 1.19435e-12 5.83989e-13 2.83136e-13 1.36179e-13 6.50043e-14 3.08081e-14 1.45023e-14 6.78281e-15 3.15294e-15 1.45707e-15 6.69606e-16 3.06085e-16 1.39203e-16 6.29987e-17 2.83779e-17 1.27255e-17 5.68187e-18 2.52641e-18 1.11887e-18 4.93605e-19 2.16954e-19 9.50162e-20 4.14691e-20 1.80384e-20 7.82112e-21 3.38049e-21 1.45671e-21 6.25885e-22 2.68151e-22 1.14569e-22 4.8819e-23 2.07483e-23 8.79592e-24 3.71975e-24 1.56931e-24 6.60538e-25 2.77399e-25 1.1624e-25 4.86048e-26 2.02813e-26 8.44554e-27 3.50993e-27 1.4559e-27 6.02756e-28 2.49088e-28 1.0275e-28 4.23107e-29 1.73929e-29 7.1378e-30 2.92446e-30 1.19627e-30 4.88575e-31 1.99236e-31 8.11242e-32 3.29833e-32 1.3391e-32 5.429e-33 2.19799e-33 8.88677e-34 3.58827e-34 1.44698e-34 5.82753e-35 2.34403e-35 9.41693e-36 3.77861e-36 1.5144e-36 6.06243e-37 2.42414e-37 9.68239e-38 3.86305e-38 1.53961e-38 6.12955e-39 2.43779e-39 9.6854e-40 3.84417e-40 1.52426e-40 6.03797e-41
6.87171e-09 1.53963e-08 2.15398e-08 2.37515e-08 2.25126e-08 1.9166e-08 1.50419e-08 1.10687e-08 7.72717e-09 5.16179e-09 3.32086e-09 2.06805e-09 1.25163e-09 7.38593e-10 4.26109e-10 2.40878e-10 1.33678e-10 7.29483e-11 3.9199e-11 2.07667e-11 1.08583e-11 5.60873e-12 2.86446e-12 1.44751e-12 7.24253e-13 3.59017e-13 1.76414e-13 8.59723e-14 4.15709e-14 1.99529e-14 9.50983e-15 4.50237e-15 2.11812e-15 9.90449e-16 4.60473e-16 2.12901e-16 9.79171e-17 4.48065e-17 2.0404e-17 9.24844e-18 4.17327e-18 1.87506e-18 8.38984e-19 3.73903e-19 1.65994e-19 7.34193e-20 3.23572e-20 1.42111e-20 6.22051e-21 2.71404e-21 1.18043e-21 5.11853e-22 2.21293e-22 9.53997e-23 4.10129e-23 1.75842e-23 7.51944e-24 3.20733e-24 1.36466e-24 5.79245e-25 2.4529e-25 1.03635e-25 4.36886e-26 1.83776e-26 7.71419e-27 3.23146e-27 1.35093e-27 5.63661e-28 2.34731e-28 9.75691e-29 4.04818e-29 1.67662e-29 6.93186e-30 2.86105e-30 1.1789e-30 4.84976e-31 1.99191e-31 8.16848e-32 3.34463e-32 1.36743e-32 5.58245e-33 2.27573e-33 9.26411e-34 3.76606e-34 1.52891e-34 6.19873e-35 2.5099e-35 1.01498e-35 4.0993e-36 1.6536e-36 6.66233e-37 2.68106e-37 1.07766e-37 4.32674e-38 1.73521e-38 6.95124e-39 2.78165e-39 1.11194e-39 4.44019e-40 1.77123e-40 7.05846e-41
2.41253e-09 5.67538e-09 8.26199e-09 9.43077e-09 9.22044e-09 8.07569e-09 6.50691e-09 4.90748e-09 3.50642e-09 2.39444e-09 1.57313e-09 9.99518e-10 6.16693e-10 3.70724e-10 2.17738e-10 1.25234e-10 7.06739e-11 3.9199e-11 2.1399e-11 1.15123e-11 6.11024e-12 3.20261e-12 1.6591e-12 8.50161e-13 4.31209e-13 2.16623e-13 1.07843e-13 5.32326e-14 2.60652e-14 1.26656e-14 6.11006e-15 2.92734e-15 1.39333e-15 6.59055e-16 3.09883e-16 1.44877e-16 6.73644e-17 3.11596e-17 1.43409e-17 6.56857e-18 2.99472e-18 1.35929e-18 6.14334e-19 2.76507e-19 1.23959e-19 5.53585e-20 2.46308e-20 1.09198e-20 4.82442e-21 2.12431e-21 9.32354e-22 4.0792e-22 1.77928e-22 7.73795e-23 3.35552e-23 1.45105e-23 6.25786e-24 2.69169e-24 1.15481e-24 4.94211e-25 2.10989e-25 8.98632e-26 3.81859e-26 1.61901e-26 6.8493e-27 2.89145e-27 1.2181e-27 5.12112e-28 2.14875e-28 8.99844e-29 3.7612e-29 1.56921e-29 6.53511e-30 2.71679e-30 1.12748e-30 4.67117e-31 1.93208e-31 7.97848e-32 3.28947e-32 1.35412e-32 5.56582e-33 2.28429e-33 9.36139e-34 3.83095e-34 1.56554e-34 6.38882e-35 2.6037e-35 1.05971e-35 4.30742e-36 1.74861e-36 7.08963e-37 2.87091e-37 1.16116e-37 4.69079e-38 1.89276e-38 7.62862e-39 3.0712e-39 1.23506e-39 4.96131e-40 1.99085e-40 7.98041e-41
8.46993e-10 2.08732e-09 3.15692e-09 3.72559e-09 3.75327e-09 3.37874e-09 2.7926e-09 2.15701e-09 1.57627e-09 1.09963e-09 7.3731e-10 4.77682e-10 3.00291e-10 1.83801e-10 1.09845e-10 6.42497e-11 3.6854e-11 2.07667e-11 1.15123e-11 6.28676e-12 3.38574e-12 1.8e-12 9.45524e-13 4.91127e-13 2.52432e-13 1.2847e-13 6.47767e-14 3.23759e-14 1.6048e-14 7.89227e-15 3.8525e-15 1.86725e-15 8.98938e-16 4.29993e-16 2.0442e-16 9.66125e-17 4.54048e-17 2.12241e-17 9.86993e-18 4.56713e-18 2.1033e-18 9.64201e-19 4.40063e-19 1.99992e-19 9.05168e-20 4.0806e-20 1.83255e-20 8.19938e-21 3.65554e-21 1.62412e-21 7.19165e-22 3.17414e-22 1.39655e-22 6.12572e-23 2.67898e-23 1.16823e-23 5.0801e-24 2.20309e-24 9.52892e-25 4.11089e-25 1.76904e-25 7.59415e-26 3.25227e-26 1.38959e-26 5.92387e-27 2.5198e-27 1.06953e-27 4.53008e-28 1.91482e-28 8.07759e-29 3.40083e-29 1.42909e-29 5.99403e-30 2.50949e-30 1.04876e-30 4.37528e-31 1.82219e-31 7.5762e-32 3.14483e-32 1.3033e-32 5.39272e-33 2.22793e-33 9.19047e-34 3.78556e-34 1.55701e-34 6.39487e-35 2.6228e-35 1.07424e-35 4.39394e-36 1.79487e-36 7.32227e-37 2.98336e-37 1.21401e-37 4.93406e-38 2.00291e-38 8.12087e-39 3.2888e-39 1.33037e-39 5.3755e-40 2.16962e-40 8.74729e-41
2.97363e-10 7.661e-10 1.20204e-09 1.46493e-09 1.5192e-09 1.40443e-09 1.18981e-09 9.40527e-10 7.0249e-10 5.00341e-10 3.42187e-10 2.25933e-10 1.44639e-10 9.00956e-11 5.47629e-11 3.256e-11 1.89753e-11 1.08583e-11 6.11024e-12 3.38574e-12 1.84948e-12 9.96984e-13 5.30843e-13 2.79404e-13 1.45481e-13 7.49839e-14 3.82805e-14 1.93672e-14 9.7152e-15 4.8342e-15 2.38707e-15 1.17014e-15 5.69634e-16 2.75472e-16 1.32377e-16 6.323e-17 3.00277e-17 1.41812e-17 6.66184e-18 3.11356e-18 1.44807e-18 6.70301e-19 3.0887e-19 1.41703e-19 6.47357e-20 2.94536e-20 1.33481e-20 6.02624e-21 2.71064e-21 1.21492e-21 5.42653e-22 2.4157e-22 1.07189e-22 4.74125e-23 2.09076e-23 9.19234e-24 4.02989e-24 1.76174e-24 7.68076e-25 3.33974e-25 1.44843e-25 6.26598e-26 2.70404e-26 1.16413e-26 5.00003e-27 2.14268e-27 9.16174e-28 3.90892e-28 1.66424e-28 7.07098e-29 2.99823e-29 1.2688e-29 5.359e-30 2.2592e-30 9.50654e-31 3.99307e-31 1.67426e-31 7.0079e-32 2.92831e-32 1.22159e-32 5.08774e-33 2.1156e-33 8.78342e-34 3.64106e-34 1.50709e-34 6.22892e-35 2.57073e-35 1.05946e-35 4.36023e-36 1.79201e-36 7.35507e-37 3.01482e-37 1.23417e-37 5.04586e-38 2.06041e-38 8.40307e-39 3.42293e-39 1.39266e-39 5.65956e-40 2.29733e-40 9.3148e-41
1.04399e-10 2.80648e-10 4.56219e-10 5.73552e-10 6.11723e-10 5.80277e-10 5.03522e-10 4.07078e-10 3.10578e-10 2.25715e-10 1.57369e-10 1.05839e-10 6.89679e-11 4.36997e-11 2.70036e-11 1.63136e-11 9.6554e-12 5.60873e-12 3.20261e-12 1.8e-12 9.96984e-13 5.44756e-13 2.93912e-13 1.56709e-13 8.26333e-14 4.31213e-14 2.22827e-14 1.14083e-14 5.78993e-15 2.91421e-15 1.45528e-15 7.21309e-16 3.54976e-16 1.7351e-16 8.42614e-17 4.06666e-17 1.95104e-17 9.30724e-18 4.41574e-18 2.08404e-18 9.78631e-19 4.57324e-19 2.12715e-19 9.84955e-20 4.54095e-20 2.08476e-20 9.53242e-21 4.34159e-21 1.96992e-21 8.90542e-22 4.01158e-22 1.80087e-22 8.05741e-23 3.59336e-23 1.5975e-23 7.08028e-24 3.12875e-24 1.37859e-24 6.05733e-25 2.65423e-25 1.15995e-25 5.05607e-26 2.19831e-26 9.53447e-27 4.12535e-27 1.78076e-27 7.66937e-28 3.29566e-28 1.41312e-28 6.04633e-29 2.58167e-29 1.10008e-29 4.6783e-30 1.98566e-30 8.41195e-31 3.55696e-31 1.50131e-31 6.32538e-32 2.66039e-32 1.11702e-32 4.68215e-33 1.95938e-33 8.18635e-34 3.41489e-34 1.4223e-34 5.91487e-35 2.45613e-35 1.01841e-35 4.21667e-36 1.74343e-36 7.19845e-37 2.96813e-37 1.22221e-37 5.0262e-38 2.06431e-38 8.46755e-39 3.46897e-39 1.41942e-39 5.80097e-40 2.36796e-40 9.65479e-41
3.66524e-11 1.02632e-10 1.72638e-10 2.23667e-10 2.45132e-10 2.38423e-10 2.11761e-10 1.74985e-10 1.36292e-10 1.01016e-10 7.17624e-11 4.91391e-11 3.25785e-11 2.09891e-11 1.31801e-11 8.08735e-12 4.8594e-12 2.86446e-12 1.6591e-12 9.45524e-13 5.30843e-13 2.93912e-13 1.60634e-13 8.67352e-14 4.63042e-14 2.44574e-14 1.27889e-14 6.62427e-15 3.4005e-15 1.73083e-15 8.73896e-16 4.37856e-16 2.17784e-16 1.07571e-16 5.27802e-17 2.57325e-17 1.24694e-17 6.0072e-18 2.87783e-18 1.37126e-18 6.50017e-19 3.06597e-19 1.43922e-19 6.72479e-20 3.12818e-20 1.44889e-20 6.68299e-21 3.07014e-21 1.40494e-21 6.40497e-22 2.90932e-22 1.31683e-22 5.93987e-23 2.67041e-23 1.19667e-23 5.34571e-24 2.38074e-24 1.05713e-24 4.68047e-25 2.06648e-25 9.09879e-26 3.99557e-26 1.75003e-26 7.6456e-27 3.33201e-27 1.44862e-27 6.2832e-28 2.71901e-28 1.174e-28 5.05792e-29 2.17444e-29 9.32858e-30 3.99388e-30 1.7065e-30 7.27723e-31 3.09738e-31 1.31586e-31 5.57989e-32 2.3619e-32 9.98007e-33 4.20974e-33 1.77273e-33 7.45262e-34 3.12802e-34 1.31081e-34 5.48437e-35 2.29113e-35 9.55689e-36 3.98054e-36 1.65553e-36 6.87565e-37 2.85156e-37 1.18101e-37 4.88469e-38 2.01764e-38 8.32308e-39 3.429e-39 1.41092e-39 5.79829e-40 2.37995e-40 9.75692e-41
1.2868e-11 3.74725e-11 6.51484e-11 8.69024e-11 9.77911e-11 9.74563e-11 8.85413e-11 7.47388e-11 5.93966e-11 4.48744e-11 3.24672e-11 2.2625e-11 1.5255e-11 9.98919e-12 6.37199e-12 3.96975e-12 2.4207e-12 1.44751e-12 8.50161e-13 4.91127e-13 2.79404e-13 1.56709e-13 8.67352e-14 4.74147e-14 2.56203e-14 1.36935e-14 7.24394e-15 3.79506e-15 1.97003e-15 1.01378e-15 5.17401e-16 2.61997e-16 1.31678e-16 6.57098e-17 3.25675e-17 1.60364e-17 7.84726e-18 3.81706e-18 1.84606e-18 8.87906e-19 4.248e-19 2.02202e-19 9.57745e-20 4.51498e-20 2.11873e-20 9.89871e-21 4.60498e-21 2.13346e-21 9.84484e-22 4.52536e-22 2.07239e-22 9.45614e-23 4.29959e-23 1.9483e-23 8.79922e-24 3.96125e-24 1.77771e-24 7.95361e-25 3.54798e-25 1.57814e-25 6.99988e-26 3.09632e-26 1.36598e-26 6.01053e-27 2.63804e-27 1.15498e-27 5.04451e-28 2.19806e-28 9.55569e-29 4.14483e-29 1.7939e-29 7.74738e-30 3.33887e-30 1.43599e-30 6.16355e-31 2.64032e-31 1.12887e-31 4.8174e-32 2.05201e-32 8.72489e-33 3.70314e-33 1.56901e-33 6.63652e-34 2.8024e-34 1.18143e-34 4.97262e-35 2.08968e-35 8.76799e-36 3.67334e-36 1.53664e-36 6.41873e-37 2.67732e-37 1.11516e-37 4.63841e-38 1.92668e-38 7.99219e-39 3.31093e-39 1.36984e-39 5.66026e-40 2.33592e-40 9.62814e-41
4.51769e-12 1.36615e-11 2.45223e-11 3.3649e-11 3.88495e-11 3.96435e-11 3.68204e-11 3.17321e-11 2.57182e-11 1.97966e-11 1.4581e-11 1.03363e-11 7.08493e-12 4.71354e-12 3.05319e-12 1.9306e-12 1.19435e-12 7.24253e-13 4.31209e-13 2.52432e-13 1.45481e-13 8.26333e-14 4.63042e-14 2.56203e-14 1.40085e-14 7.57447e-15 4.05271e-15 2.14697e-15 1.12675e-15 5.86091e-16 3.02294e-16 1.54669e-16 7.85329e-17 3.95847e-17 1.9814e-17 9.85193e-18 4.86737e-18 2.39006e-18 1.16673e-18 5.6634e-19 2.73419e-19 1.31314e-19 6.27487e-20 2.98396e-20 1.41236e-20 6.65482e-21 3.12197e-21 1.45843e-21 6.78528e-22 3.14434e-22 1.45153e-22 6.67587e-23 3.0593e-23 1.39706e-23 6.3582e-24 2.88415e-24 1.30409e-24 5.87814e-25 2.64152e-25 1.18354e-25 5.28765e-26 2.35572e-26 1.04664e-26 4.63781e-27 2.04974e-27 9.03619e-28 3.9737e-28 1.74323e-28 7.62941e-29 3.33138e-29 1.45137e-29 6.30923e-30 2.73677e-30 1.18463e-30 5.11722e-31 2.20601e-31 9.49122e-32 4.07564e-32 1.74682e-32 7.47294e-33 3.19114e-33 1.36027e-33 5.7882e-34 2.45877e-34 1.0427e-34 4.41456e-35 1.86599e-35 7.87486e-36 3.31816e-36 1.396e-36 5.86437e-37 2.45989e-37 1.03033e-37 4.30943e-38 1.79992e-38 7.50738e-39 3.12705e-39 1.30078e-39 5.40382e-40 2.24202e-40 9.29024e-41
1.58608e-12 4.97382e-12 9.20847e-12 1.29875e-11 1.53737e-11 1.60535e-11 1.52344e-11 1.33975e-11 1.10684e-11 8.67672e-12 6.50316e-12 4.68773e-12 3.26529e-12 2.20634e-12 1.45075e-12 9.30774e-13 5.83989e-13 3.59017e-13 2.16623e-13 1.2847e-13 7.49839e-14 4.31213e-14 2.44574e-14 1.36935e-14 7.57447e-15 4.1423e-15 2.24113e-15 1.2003e-15 6.36717e-16 3.34698e-16 1.74426e-16 9.01572e-17 4.62373e-17 2.35366e-17 1.18959e-17 5.97159e-18 2.97815e-18 1.47599e-18 7.27131e-19 3.56151e-19 1.73478e-19 8.40492e-20 4.05124e-20 1.94306e-20 9.27482e-21 4.40672e-21 2.08442e-21 9.81695e-22 4.60418e-22 2.15064e-22 1.00064e-22 4.63808e-23 2.14188e-23 9.85585e-24 4.51942e-24 2.06539e-24 9.40798e-25 4.27171e-25 1.93355e-25 8.72561e-26 3.92604e-26 1.76144e-26 7.88067e-27 3.51621e-27 1.56469e-27 6.94473e-28 3.07454e-28 1.35778e-28 5.98178e-29 2.62908e-29 1.15286e-29 5.04388e-30 2.20189e-30 9.59156e-31 4.16931e-31 1.80859e-31 7.82957e-32 3.38278e-32 1.4587e-32 6.27813e-33 2.69702e-33 1.1565e-33 4.95024e-34 2.11516e-34 9.02221e-35 3.8419e-35 1.63327e-35 6.93206e-36 2.93746e-36 1.24279e-36 5.24994e-37 2.21438e-37 9.32616e-38 3.92209e-38 1.64705e-38 6.90692e-39 2.89239e-39 1.20958e-39 5.05161e-40 2.10693e-40 8.77618e-41
5.56842e-13 1.80854e-12 3.45024e-12 4.99779e-12 6.06156e-12 6.47336e-12 6.27328e-12 5.62689e-12 4.73651e-12 3.77979e-12 2.88162e-12 2.11142e-12 1.49406e-12 1.02497e-12 6.83929e-13 4.45081e-13 2.83136e-13 1.76414e-13 1.07843e-13 6.47767e-14 3.82805e-14 2.22827e-14 1.27889e-14 7.24394e-15 4.05271e-15 2.24113e-15 1.22583e-15 6.63596e-16 3.55734e-16 1.88936e-16 9.94671e-17 5.19281e-17 2.68941e-17 1.3823e-17 7.0532e-18 3.57393e-18 1.79892e-18 8.99702e-19 4.4722e-19 2.20996e-19 1.08588e-19 5.30656e-20 2.57964e-20 1.24768e-20 6.00511e-21 2.87665e-21 1.37173e-21 6.51228e-22 3.07851e-22 1.44927e-22 6.79543e-23 3.17391e-23 1.47684e-23 6.84672e-24 3.1629e-24 1.45609e-24 6.68083e-25 3.0553e-25 1.39282e-25 6.32985e-26 2.86802e-26 1.29567e-26 5.83663e-27 2.62191e-27 1.1746e-27 5.2482e-28 2.33885e-28 1.03967e-28 4.61013e-29 2.0393e-29 8.99957e-30 3.96241e-30 1.74067e-30 7.62977e-31 3.33709e-31 1.45648e-31 6.34368e-32 2.75738e-32 1.19615e-32 5.17882e-33 2.23793e-33 9.65266e-34 4.15576e-34 1.78596e-34 7.66174e-35 3.28117e-35 1.40279e-35 5.98728e-36 2.55127e-36 1.08538e-36 4.61023e-37 1.95519e-37 8.27925e-38 3.5006e-38 1.47793e-38 6.2307e-39 2.62301e-39 1.1027e-39 4.62927e-40 1.9408e-40 8.12588e-41
1.95497e-13 6.56824e-13 1.29006e-12 1.91785e-12 2.38179e-12 2.59992e-12 2.57169e-12 2.35164e-12 2.01606e-12 1.63712e-12 1.26908e-12 9.44879e-13 6.78983e-13 4.7278e-13 3.20038e-13 2.11194e-13 1.36179e-13 8.59723e-14 5.32326e-14 3.23759e-14 1.93672e-14 1.14083e-14 6.62427e-15 3.79506e-15 2.14697e-15 1.2003e-15 6.63596e-16 3.63027e-16 1.96625e-16 1.05495e-16 5.60944e-17 2.9573e-17 1.54644e-17 8.02414e-18 4.13274e-18 2.11345e-18 1.07348e-18 5.41702e-19 2.7165e-19 1.35408e-19 6.7107e-20 3.30728e-20 1.62123e-20 7.90623e-21 3.83641e-21 1.85262e-21 8.90474e-22 4.26087e-22 2.02992e-22 9.62996e-23 4.54978e-23 2.14107e-23 1.00369e-23 4.6875e-24 2.18125e-24 1.01143e-24 4.67388e-25 2.15262e-25 9.88204e-26 4.52222e-26 2.06309e-26 9.38389e-27 4.25575e-27 1.92455e-27 8.67909e-28 3.90337e-28 1.75087e-28 7.83326e-29 3.49569e-29 1.55615e-29 6.91064e-30 3.06169e-30 1.35332e-30 5.96838e-31 2.62635e-31 1.15321e-31 5.05294e-32 2.20941e-32 9.6411e-33 4.19866e-33 1.82493e-33 7.91681e-34 3.42798e-34 1.48158e-34 6.39189e-35 2.75272e-35 1.18342e-35 5.07895e-36 2.17611e-36 9.30835e-37 3.97522e-37 1.69496e-37 7.21573e-38 3.06715e-38 1.30177e-38 5.51681e-39 2.33459e-39 9.86527e-40 4.16289e-40 1.7542e-40 7.38194e-41
6.86351e-14 2.38281e-13 4.81423e-13 7.34021e-13 9.32872e-13 1.04031e-12 1.04981e-12 9.78254e-13 8.53795e-13 7.05236e-13 5.55686e-13 4.20263e-13 3.06589e-13 2.16612e-13 1.48711e-13 9.94842e-14 6.50043e-14 4.15709e-14 2.60652e-14 1.6048e-14 9.7152e-15 5.78993e-15 3.4005e-15 1.97003e-15 1.12675e-15 6.36717e-16 3.55734e-16 1.96625e-16 1.07582e-16 5.82977e-17 3.13032e-17 1.66626e-17 8.79613e-18 4.60683e-18 2.39456e-18 1.23568e-18 6.33248e-19 3.22369e-19 1.63066e-19 8.19798e-20 4.09722e-20 2.03612e-20 1.00634e-20 4.94754e-21 2.42004e-21 1.17793e-21 5.70625e-22 2.75159e-22 1.32094e-22 6.31407e-23 3.00553e-23 1.42486e-23 6.72844e-24 3.16519e-24 1.48345e-24 6.92761e-25 3.22383e-25 1.49513e-25 6.9111e-26 3.18429e-26 1.46256e-26 6.69701e-27 3.0574e-27 1.39174e-27 6.31728e-28 2.85955e-28 1.29089e-28 5.81208e-29 2.61007e-29 1.16917e-29 5.22433e-30 2.32882e-30 1.03566e-30 4.59509e-31 2.03418e-31 8.98516e-32 3.96023e-32 1.74178e-32 7.64477e-33 3.3485e-33 1.46376e-33 6.38614e-34 2.78083e-34 1.20863e-34 5.24334e-35 2.27058e-35 9.81505e-36 4.23536e-36 1.8245e-36 7.84631e-37 3.36875e-37 1.444e-37 6.17976e-38 2.64056e-38 1.12655e-38 4.79893e-39 2.04123e-39 8.66967e-40 3.67695e-40 1.55724e-40 6.58595e-41
2.40965e-14 8.63527e-14 1.79328e-13 2.80238e-13 3.64269e-13 4.14795e-13 4.26845e-13 4.05158e-13 3.59857e-13 3.02246e-13 2.41989e-13 1.85847e-13 1.37598e-13 9.86141e-14 6.86437e-14 4.65402e-14 3.08081e-14 1.99529e-14 1.26656e-14 7.89227e-15 4.8342e-15 2.91421e-15 1.73083e-15 1.01378e-15 5.86091e-16 3.34698e-16 1.88936e-16 1.05495e-16 5.82977e-17 3.19015e-17 1.72951e-17 9.29356e-18 4.95189e-18 2.61733e-18 1.37277e-18 7.14722e-19 3.69494e-19 1.89731e-19 9.67927e-20 4.9072e-20 2.47295e-20 1.23903e-20 6.17346e-21 3.05941e-21 1.50832e-21 7.39896e-22 3.61196e-22 1.755e-22 8.48872e-23 4.08787e-23 1.9602e-23 9.36075e-24 4.45225e-24 2.10939e-24 9.95619e-25 4.68202e-25 2.19393e-25 1.02447e-25 4.76772e-26 2.21152e-26 1.02253e-26 4.7131e-27 2.16577e-27 9.92264e-28 4.53297e-28 2.06495e-28 9.38073e-29 4.25003e-29 1.92045e-29 8.65555e-30 3.89129e-30 1.74511e-30 7.80738e-31 3.48469e-31 1.55175e-31 6.89445e-32 3.05645e-32 1.35205e-32 5.96827e-33 2.62906e-33 1.15576e-33 5.07067e-34 2.22031e-34 9.70346e-35 4.23273e-35 1.84294e-35 8.00962e-36 3.47487e-36 1.50489e-36 6.50617e-37 2.80809e-37 1.20998e-37 5.20516e-38 2.23561e-38 9.58677e-39 4.10466e-39 1.75477e-39 7.49053e-40 3.19275e-40 1.3589e-40 5.77553e-41
8.45982e-15 3.12637e-14 6.66844e-14 1.06741e-13 1.41833e-13 1.64836e-13 1.729e-13 1.67106e-13 1.50988e-13 1.28907e-13 1.04837e-13 8.17353e-14 6.13994e-14 4.46245e-14 3.14863e-14 2.163e-14 1.45023e-14 9.50983e-15 6.11006e-15 3.8525e-15 2.38707e-15 1.45528e-15 8.73896e-16 5.17401e-16 3.02294e-16 1.74426e-16 9.94671e-17 5.60944e-17 3.13032e-17 1.72951e-17 9.46537e-18 5.13375e-18 2.76056e-18 1.47229e-18 7.79089e-19 4.09185e-19 2.13369e-19 1.10497e-19 5.68448e-20 2.90583e-20 1.47636e-20 7.45686e-21 3.74501e-21 1.87056e-21 9.2938e-22 4.59407e-22 2.25974e-22 1.10623e-22 5.39041e-23 2.6149e-23 1.263e-23 6.07468e-24 2.90984e-24 1.38833e-24 6.59847e-25 3.12441e-25 1.47405e-25 6.92973e-26 3.24657e-26 1.51592e-26 7.05514e-27 3.27305e-27 1.51374e-27 6.97963e-28 3.20872e-28 1.47088e-28 6.72357e-29 3.06498e-29 1.39344e-29 6.31843e-30 2.85769e-30 1.28923e-30 5.802e-31 2.60485e-31 1.16672e-31 5.21372e-32 2.32461e-32 1.03418e-32 4.59091e-33 2.03368e-33 8.99005e-34 3.96604e-34 1.74616e-34 7.67287e-35 3.36509e-35 1.47305e-35 6.43621e-36 2.80708e-36 1.22209e-36 5.31115e-37 2.30423e-37 9.97993e-38 4.31526e-38 1.86284e-38 8.02871e-39 3.45486e-39 1.48436e-39 6.36771e-40 2.72757e-40 1.16661e-40 4.98243e-41
2.97008e-15 1.13085e-14 2.47568e-14 4.05672e-14 5.50748e-14 6.52977e-14 6.97866e-14 6.86511e-14 6.30803e-14 5.47256e-14 4.51959e-14 3.57606e-14 2.72483e-14 2.00778e-14 1.43564e-14 9.99044e-15 6.78281e-15 4.50237e-15 2.92734e-15 1.86725e-15 1.17014e-15 7.21309e-16 4.37856e-16 2.61997e-16 1.54669e-16 9.01572e-17 5.19281e-17 2.9573e-17 1.66626e-17 9.29356e-18 5.13375e-18 2.80997e-18 1.52466e-18 8.20387e-19 4.37926e-19 2.3199e-19 1.22e-19 6.371e-20 3.30468e-20 1.7031e-20 8.72266e-21 4.44071e-21 2.24775e-21 1.13141e-21 5.66447e-22 2.82124e-22 1.3981e-22 6.89485e-23 3.38429e-23 1.6536e-23 8.04408e-24 3.89637e-24 1.87948e-24 9.02945e-25 4.32097e-25 2.0599e-25 9.78365e-26 4.63009e-26 2.1835e-26 1.0262e-26 4.8069e-27 2.24434e-27 1.04457e-27 4.84673e-28 2.24208e-28 1.03413e-28 4.75616e-29 2.18132e-29 9.97683e-30 4.55097e-30 2.07052e-30 9.39602e-31 4.25325e-31 1.92059e-31 8.65182e-32 3.88831e-32 1.74348e-32 7.79999e-33 3.48188e-33 1.55094e-33 6.89373e-34 3.05782e-34 1.35358e-34 5.97983e-35 2.63658e-35 1.16027e-35 5.09629e-36 2.23431e-36 9.77784e-37 4.27135e-37 1.86262e-37 8.10835e-38 3.52374e-38 1.5288e-38 6.62195e-39 2.86366e-39 1.23642e-39 5.33011e-40 2.29424e-40 9.86021e-41 4.23144e-41
1.04274e-15 4.08691e-15 9.17698e-15 1.53856e-14 2.13311e-14 2.57895e-14 2.80723e-14 2.80982e-14 2.62469e-14 2.31314e-14 1.93935e-14 1.55687e-14 1.20296e-14 8.98446e-15 6.50871e-15 4.58712e-15 3.15294e-15 2.11812e-15 1.39333e-15 8.98938e-16 5.69634e-16 3.54976e-16 2.17784e-16 1.31678e-16 7.85329e-17 4.62373e-17 2.68941e-17 1.54644e-17 8.79613e-18 4.95189e-18 2.76056e-18 1.52466e-18 8.34622e-19 4.53027e-19 2.43914e-19 1.30311e-19 6.9103e-20 3.63845e-20 1.90267e-20 9.88446e-21 5.10262e-21 2.6181e-21 1.33545e-21 6.77339e-22 3.41672e-22 1.71442e-22 8.55864e-23 4.25153e-23 2.10188e-23 1.03432e-23 5.067e-24 2.47146e-24 1.20038e-24 5.80629e-25 2.79734e-25 1.34248e-25 6.41848e-26 3.05747e-26 1.45125e-26 6.8645e-27 3.23597e-27 1.52043e-27 7.12081e-28 3.32451e-28 1.54738e-28 7.18066e-29 3.32249e-29 1.53294e-29 7.05302e-30 3.23625e-30 1.48099e-30 6.75976e-31 3.07753e-31 1.39763e-31 6.3317e-32 2.86161e-32 1.29028e-32 5.80448e-33 2.60535e-33 1.16684e-33 5.2146e-34 2.32547e-34 1.0349e-34 4.59622e-35 2.03721e-35 9.01197e-36 3.97894e-36 1.75345e-36 7.71284e-37 3.38644e-37 1.48421e-37 6.49353e-38 2.83607e-38 1.23656e-38 5.38252e-39 2.33907e-39 1.01485e-39 4.39608e-40 1.90131e-40 8.21055e-41 3.54025e-41
