0.8707 5.87438e-05 5.71708e-05 5.56399e-05 5.415e-05 5.27e-05 5.12889e-05 4.99155e-05 4.85789e-05 4.72781e-05 4.60121e-05 4.478e-05 4.35809e-05 4.24139e-05 4.12782e-05 4.01729e-05 3.90972e-05 3.80502e-05 3.70314e-05 3.60398e-05 3.50747e-05 3.41355e-05 3.32214e-05 3.23319e-05 3.14661e-05 3.06235e-05 2.98035e-05 2.90054e-05 2.82288e-05 2.74729e-05 2.67372e-05 2.60213e-05 2.53245e-05 2.46464e-05 2.39864e-05 2.33441e-05 2.2719e-05 2.21107e-05 2.15186e-05 2.09424e-05 2.03816e-05 1.98358e-05 1.93047e-05 1.87878e-05 1.82847e-05 1.77951e-05 1.73185e-05 1.68548e-05 1.64035e-05 1.59642e-05 1.55368e-05 1.51207e-05 1.47158e-05 1.43218e-05 1.39383e-05 1.3565e-05 1.32018e-05 1.28483e-05 1.25043e-05 1.21694e-05 1.18436e-05 1.15264e-05 1.12178e-05 1.09174e-05 1.06251e-05 1.03405e-05 1.00637e-05 9.79418e-06 9.53191e-06 9.27667e-06 9.02827e-06 8.78652e-06 8.55124e-06 8.32226e-06 8.09941e-06 7.88253e-06 7.67146e-06 7.46603e-06 7.26611e-06 7.07155e-06 6.88219e-06 6.6979e-06 6.51855e-06 6.344e-06 6.17413e-06 6.0088e-06 5.8479e-06 5.69131e-06 5.53891e-06 5.39059e-06 5.24625e-06 5.10577e-06 4.96905e-06 4.83599e-06 4.70649e-06 4.58047e-06 4.45781e-06 4.33845e-06 4.22227e-06 4.10921e-06 3.99918e-06
5.87438e-05 6.42247e-06 6.28826e-06 6.15664e-06 6.02756e-06 5.90098e-06 5.77685e-06 5.65515e-06 5.53581e-06 5.41882e-06 5.30412e-06 5.19167e-06 5.08145e-06 4.9734e-06 4.8675e-06 4.76371e-06 4.66198e-06 4.56228e-06 4.46459e-06 4.36885e-06 4.27504e-06 4.18312e-06 4.09305e-06 4.00481e-06 3.91837e-06 3.83368e-06 3.75071e-06 3.66944e-06 3.58984e-06 3.51186e-06 3.43549e-06 3.36069e-06 3.28743e-06 3.21569e-06 3.14543e-06 3.07662e-06 3.00925e-06 2.94328e-06 2.87868e-06 2.81544e-06 2.75351e-06 2.69289e-06 2.63353e-06 2.57543e-06 2.51855e-06 2.46286e-06 2.40836e-06 2.35501e-06 2.30278e-06 2.25167e-06 2.20164e-06 2.15268e-06 2.10476e-06 2.05786e-06 2.01196e-06 1.96705e-06 1.9231e-06 1.8801e-06 1.83801e-06 1.79684e-06 1.75655e-06 1.71713e-06 1.67856e-06 1.64082e-06 1.60391e-06 1.56779e-06 1.53246e-06 1.4979e-06 1.46408e-06 1.43101e-06 1.39866e-06 1.36701e-06 1.33605e-06 1.30578e-06 1.27616e-06 1.2472e-06 1.21887e-06 1.19117e-06 1.16407e-06 1.13757e-06 1.11166e-06 1.08632e-06 1.06153e-06 1.0373e-06 1.0136e-06 9.90432e-07 9.67775e-07 9.45621e-07 9.23959e-07 9.0278e-07 8.82072e-07 8.61826e-07 8.42031e-07 8.22679e-07 8.0376e-07 7.85264e-07 7.67182e-07 7.49505e-07 7.32225e-07 7.15333e-07 6.98821e-07
5.71708e-05 6.28826e-06 6.16077e-06 6.03563e-06 5.91279e-06 5.79222e-06 5.67389e-06 5.55777e-06 5.44383e-06 5.33201e-06 5.22231e-06 5.11467e-06 5.00908e-06 4.90549e-06 4.80388e-06 4.7042e-06 4.60644e-06 4.51056e-06 4.41652e-06 4.3243e-06 4.23387e-06 4.1452e-06 4.05826e-06 3.97301e-06 3.88943e-06 3.80749e-06 3.72717e-06 3.64843e-06 3.57124e-06 3.49559e-06 3.42144e-06 3.34876e-06 3.27754e-06 3.20773e-06 3.13933e-06 3.0723e-06 3.00662e-06 2.94226e-06 2.87921e-06 2.81743e-06 2.7569e-06 2.6976e-06 2.63951e-06 2.58261e-06 2.52687e-06 2.47227e-06 2.41879e-06 2.3664e-06 2.3151e-06 2.26485e-06 2.21565e-06 2.16746e-06 2.12026e-06 2.07405e-06 2.0288e-06 1.98449e-06 1.9411e-06 1.89863e-06 1.85703e-06 1.81632e-06 1.77645e-06 1.73742e-06 1.69922e-06 1.66182e-06 1.6252e-06 1.58937e-06 1.55429e-06 1.51995e-06 1.48634e-06 1.45345e-06 1.42125e-06 1.38975e-06 1.35891e-06 1.32873e-06 1.2992e-06 1.2703e-06 1.24202e-06 1.21435e-06 1.18727e-06 1.16077e-06 1.13485e-06 1.10948e-06 1.08466e-06 1.06038e-06 1.03662e-06 1.01338e-06 9.90641e-07 9.68396e-07 9.46635e-07 9.25347e-07 9.04523e-07 8.84152e-07 8.64226e-07 8.44736e-07 8.25671e-07 8.07024e-07 7.88786e-07 7.70947e-07 7.535e-07 7.36437e-07 7.19748e-07
5.56399e-05 6.15664e-06 6.03563e-06 5.91672e-06 5.79991e-06 5.68516e-06 5.57244e-06 5.46173e-06 5.35299e-06 5.2462e-06 5.14134e-06 5.03837e-06 4.93726e-06 4.838e-06 4.74055e-06 4.64489e-06 4.55098e-06 4.45881e-06 4.36835e-06 4.27956e-06 4.19243e-06 4.10693e-06 4.02303e-06 3.94071e-06 3.85994e-06 3.7807e-06 3.70296e-06 3.6267e-06 3.55189e-06 3.47852e-06 3.40655e-06 3.33597e-06 3.26674e-06 3.19886e-06 3.13229e-06 3.06701e-06 3.003e-06 2.94024e-06 2.87871e-06 2.81838e-06 2.75924e-06 2.70127e-06 2.64444e-06 2.58873e-06 2.53412e-06 2.4806e-06 2.42815e-06 2.37674e-06 2.32636e-06 2.27698e-06 2.2286e-06 2.18119e-06 2.13473e-06 2.08921e-06 2.04462e-06 2.00092e-06 1.95811e-06 1.91617e-06 1.87508e-06 1.83483e-06 1.7954e-06 1.75678e-06 1.71895e-06 1.6819e-06 1.64561e-06 1.61006e-06 1.57525e-06 1.54116e-06 1.50777e-06 1.47507e-06 1.44305e-06 1.4117e-06 1.381e-06 1.35094e-06 1.3215e-06 1.29268e-06 1.26447e-06 1.23684e-06 1.2098e-06 1.18332e-06 1.1574e-06 1.13202e-06 1.10718e-06 1.08287e-06 1.05906e-06 1.03577e-06 1.01296e-06 9.90643e-07 9.68797e-07 9.47415e-07 9.26489e-07 9.06009e-07 8.85966e-07 8.66351e-07 8.47156e-07 8.28372e-07 8.0999e-07 7.92003e-07 7.74403e-07 7.57181e-07 7.40329e-07
5.415e-05 6.02756e-06 5.91279e-06 5.79991e-06 5.68892e-06 5.57978e-06 5.47248e-06 5.36699e-06 5.2633e-06 5.16138e-06 5.06121e-06 4.96276e-06 4.86601e-06 4.77095e-06 4.67755e-06 4.58578e-06 4.49563e-06 4.40707e-06 4.32009e-06 4.23465e-06 4.15074e-06 4.06833e-06 3.98741e-06 3.90795e-06 3.82992e-06 3.75332e-06 3.67812e-06 3.60429e-06 3.53182e-06 3.46069e-06 3.39087e-06 3.32234e-06 3.25509e-06 3.18909e-06 3.12433e-06 3.06078e-06 2.99842e-06 2.93725e-06 2.87722e-06 2.81834e-06 2.76058e-06 2.70391e-06 2.64833e-06 2.59382e-06 2.54035e-06 2.48791e-06 2.43648e-06 2.38604e-06 2.33658e-06 2.28809e-06 2.24053e-06 2.19391e-06 2.14819e-06 2.10337e-06 2.05943e-06 2.01636e-06 1.97413e-06 1.93274e-06 1.89217e-06 1.8524e-06 1.81342e-06 1.77522e-06 1.73778e-06 1.70109e-06 1.66513e-06 1.62989e-06 1.59536e-06 1.56153e-06 1.52837e-06 1.49589e-06 1.46406e-06 1.43288e-06 1.40233e-06 1.3724e-06 1.34308e-06 1.31435e-06 1.28622e-06 1.25865e-06 1.23166e-06 1.20521e-06 1.17931e-06 1.15394e-06 1.1291e-06 1.10477e-06 1.08094e-06 1.0576e-06 1.03474e-06 1.01236e-06 9.90446e-07 9.68986e-07 9.47972e-07 9.27397e-07 9.07251e-07 8.87526e-07 8.68214e-07 8.49306e-07 8.30795e-07 8.12672e-07 7.94931e-07 7.77563e-07 7.60561e-07
5.27e-05 5.90098e-06 5.79222e-06 5.68516e-06 5.57978e-06 5.47607e-06 5.374e-06 5.27358e-06 5.17476e-06 5.07755e-06 4.98192e-06 4.88786e-06 4.79535e-06 4.70436e-06 4.61489e-06 4.52691e-06 4.44041e-06 4.35537e-06 4.27177e-06 4.18959e-06 4.10882e-06 4.02944e-06 3.95142e-06 3.87476e-06 3.79943e-06 3.72541e-06 3.65269e-06 3.58125e-06 3.51107e-06 3.44213e-06 3.37442e-06 3.30792e-06 3.24261e-06 3.17847e-06 3.11549e-06 3.05365e-06 2.99293e-06 2.93331e-06 2.87479e-06 2.81733e-06 2.76093e-06 2.70558e-06 2.65124e-06 2.59791e-06 2.54557e-06 2.4942e-06 2.4438e-06 2.39434e-06 2.34581e-06 2.29819e-06 2.25147e-06 2.20563e-06 2.16066e-06 2.11655e-06 2.07328e-06 2.03084e-06 1.98921e-06 1.94837e-06 1.90832e-06 1.86905e-06 1.83053e-06 1.79276e-06 1.75572e-06 1.7194e-06 1.68379e-06 1.64887e-06 1.61464e-06 1.58107e-06 1.54817e-06 1.51591e-06 1.48429e-06 1.45329e-06 1.42291e-06 1.39312e-06 1.36393e-06 1.33532e-06 1.30728e-06 1.27979e-06 1.25286e-06 1.22647e-06 1.2006e-06 1.17525e-06 1.15042e-06 1.12608e-06 1.10224e-06 1.07887e-06 1.05598e-06 1.03356e-06 1.01158e-06 9.9006e-07 9.68973e-07 9.48316e-07 9.28081e-07 9.08259e-07 8.88843e-07 8.69825e-07 8.51197e-07 8.32952e-07 8.15083e-07 7.97581e-07 7.80441e-07
5.12889e-05 5.77685e-06 5.67389e-06 5.57244e-06 5.47248e-06 5.374e-06 5.277e-06 5.18146e-06 5.08737e-06 4.99472e-06 4.9035e-06 4.81368e-06 4.72527e-06 4.63824e-06 4.55259e-06 4.46829e-06 4.38535e-06 4.30373e-06 4.22343e-06 4.14443e-06 4.06672e-06 3.99028e-06 3.91511e-06 3.84118e-06 3.76847e-06 3.69699e-06 3.6267e-06 3.5576e-06 3.48966e-06 3.42289e-06 3.35725e-06 3.29274e-06 3.22934e-06 3.16704e-06 3.10581e-06 3.04565e-06 2.98655e-06 2.92848e-06 2.87143e-06 2.81539e-06 2.76035e-06 2.70628e-06 2.65318e-06 2.60103e-06 2.54982e-06 2.49953e-06 2.45014e-06 2.40166e-06 2.35405e-06 2.30731e-06 2.26143e-06 2.21639e-06 2.17217e-06 2.12878e-06 2.08618e-06 2.04437e-06 2.00334e-06 1.96308e-06 1.92356e-06 1.88479e-06 1.84674e-06 1.80941e-06 1.77279e-06 1.73685e-06 1.7016e-06 1.66702e-06 1.63309e-06 1.59981e-06 1.56717e-06 1.53515e-06 1.50375e-06 1.47295e-06 1.44275e-06 1.41312e-06 1.38408e-06 1.35559e-06 1.32766e-06 1.30027e-06 1.27341e-06 1.24708e-06 1.22127e-06 1.19596e-06 1.17114e-06 1.14682e-06 1.12297e-06 1.0996e-06 1.07669e-06 1.05423e-06 1.03221e-06 1.01064e-06 9.89492e-07 9.68767e-07 9.48456e-07 9.28551e-07 9.09044e-07 8.89929e-07 8.71197e-07 8.52842e-07 8.34857e-07 8.17234e-07 7.99968e-07
4.99155e-05 5.65515e-06 5.55777e-06 5.46173e-06 5.36699e-06 5.27358e-06 5.18146e-06 5.09065e-06 5.00113e-06 4.91289e-06 4.82593e-06 4.74024e-06 4.6558e-06 4.57261e-06 4.49067e-06 4.40995e-06 4.33046e-06 4.25217e-06 4.17508e-06 4.09918e-06 4.02446e-06 3.9509e-06 3.87849e-06 3.80723e-06 3.7371e-06 3.66809e-06 3.60018e-06 3.53337e-06 3.46765e-06 3.40299e-06 3.33939e-06 3.27684e-06 3.21532e-06 3.15482e-06 3.09532e-06 3.03683e-06 2.97932e-06 2.92278e-06 2.86719e-06 2.81256e-06 2.75885e-06 2.70607e-06 2.6542e-06 2.60322e-06 2.55312e-06 2.5039e-06 2.45554e-06 2.40803e-06 2.36135e-06 2.31549e-06 2.27045e-06 2.2262e-06 2.18274e-06 2.14006e-06 2.09815e-06 2.05699e-06 2.01657e-06 1.97688e-06 1.93791e-06 1.89965e-06 1.86208e-06 1.8252e-06 1.789e-06 1.75346e-06 1.71858e-06 1.68434e-06 1.65074e-06 1.61776e-06 1.58539e-06 1.55363e-06 1.52246e-06 1.49187e-06 1.46186e-06 1.43241e-06 1.40352e-06 1.37517e-06 1.34736e-06 1.32008e-06 1.29332e-06 1.26707e-06 1.24131e-06 1.21605e-06 1.19128e-06 1.16698e-06 1.14315e-06 1.11978e-06 1.09686e-06 1.07438e-06 1.05234e-06 1.03072e-06 1.00953e-06 9.88752e-07 9.68378e-07 9.48402e-07 9.28817e-07 9.09617e-07 8.90793e-07 8.72341e-07 8.54252e-07 8.3652e-07 8.19139e-07
4.85789e-05 5.53581e-06 5.44383e-06 5.35299e-06 5.2633e-06 5.17476e-06 5.08737e-06 5.00113e-06 4.91602e-06 4.83206e-06 4.74923e-06 4.66752e-06 4.58695e-06 4.50749e-06 4.42914e-06 4.3519e-06 4.27576e-06 4.20071e-06 4.12675e-06 4.05387e-06 3.98206e-06 3.91131e-06 3.84161e-06 3.77296e-06 3.70534e-06 3.63875e-06 3.57318e-06 3.50861e-06 3.44505e-06 3.38247e-06 3.32087e-06 3.26024e-06 3.20057e-06 3.14185e-06 3.08406e-06 3.02721e-06 2.97127e-06 2.91623e-06 2.8621e-06 2.80885e-06 2.75647e-06 2.70496e-06 2.65431e-06 2.6045e-06 2.55552e-06 2.50736e-06 2.46002e-06 2.41347e-06 2.36772e-06 2.32274e-06 2.27854e-06 2.2351e-06 2.1924e-06 2.15044e-06 2.10921e-06 2.0687e-06 2.0289e-06 1.98979e-06 1.95137e-06 1.91363e-06 1.87656e-06 1.84014e-06 1.80438e-06 1.76925e-06 1.73475e-06 1.70086e-06 1.66759e-06 1.63492e-06 1.60284e-06 1.57134e-06 1.54042e-06 1.51006e-06 1.48025e-06 1.45099e-06 1.42227e-06 1.39408e-06 1.3664e-06 1.33924e-06 1.31259e-06 1.28642e-06 1.26075e-06 1.23555e-06 1.21083e-06 1.18657e-06 1.16277e-06 1.13941e-06 1.1165e-06 1.09401e-06 1.07196e-06 1.05032e-06 1.02909e-06 1.00827e-06 9.87846e-07 9.67812e-07 9.48162e-07 9.28889e-07 9.09986e-07 8.91448e-07 8.73267e-07 8.55438e-07 8.37954e-07
4.72781e-05 5.41882e-06 5.33201e-06 5.2462e-06 5.16138e-06 5.07755e-06 4.99472e-06 4.91289e-06 4.83206e-06 4.75222e-06 4.67339e-06 4.59556e-06 4.51872e-06 4.44287e-06 4.36802e-06 4.29416e-06 4.22128e-06 4.14939e-06 4.07847e-06 4.00853e-06 3.93955e-06 3.87154e-06 3.80448e-06 3.73838e-06 3.67322e-06 3.609e-06 3.54571e-06 3.48334e-06 3.4219e-06 3.36136e-06 3.30173e-06 3.24299e-06 3.18513e-06 3.12816e-06 3.07206e-06 3.01682e-06 2.96243e-06 2.90889e-06 2.85618e-06 2.8043e-06 2.75325e-06 2.703e-06 2.65355e-06 2.6049e-06 2.55703e-06 2.50993e-06 2.4636e-06 2.41802e-06 2.37319e-06 2.3291e-06 2.28574e-06 2.2431e-06 2.20117e-06 2.15993e-06 2.1194e-06 2.07954e-06 2.04036e-06 2.00184e-06 1.96398e-06 1.92677e-06 1.8902e-06 1.85425e-06 1.81893e-06 1.78422e-06 1.75011e-06 1.71659e-06 1.68367e-06 1.65132e-06 1.61953e-06 1.58831e-06 1.55765e-06 1.52752e-06 1.49794e-06 1.46888e-06 1.44034e-06 1.41231e-06 1.38479e-06 1.35776e-06 1.33122e-06 1.30516e-06 1.27958e-06 1.25446e-06 1.2298e-06 1.2056e-06 1.18183e-06 1.1585e-06 1.13561e-06 1.11313e-06 1.09107e-06 1.06942e-06 1.04818e-06 1.02733e-06 1.00686e-06 9.86783e-07 9.67079e-07 9.47745e-07 9.28775e-07 9.10163e-07 8.91902e-07 8.73986e-07 8.56411e-07
4.60121e-05 5.30412e-06 5.22231e-06 5.14134e-06 5.06121e-06 4.98192e-06 4.9035e-06 4.82593e-06 4.74923e-06 4.67339e-06 4.59843e-06 4.52434e-06 4.45112e-06 4.37879e-06 4.30733e-06 4.23674e-06 4.16704e-06 4.09821e-06 4.03025e-06 3.96317e-06 3.89696e-06 3.83162e-06 3.76714e-06 3.70353e-06 3.64077e-06 3.57886e-06 3.51781e-06 3.4576e-06 3.39823e-06 3.33969e-06 3.28199e-06 3.2251e-06 3.16904e-06 3.11379e-06 3.05934e-06 3.00569e-06 2.95283e-06 2.90076e-06 2.84947e-06 2.79895e-06 2.7492e-06 2.7002e-06 2.65195e-06 2.60445e-06 2.55768e-06 2.51163e-06 2.46631e-06 2.4217e-06 2.3778e-06 2.33459e-06 2.29207e-06 2.25023e-06 2.20906e-06 2.16856e-06 2.12872e-06 2.08952e-06 2.05097e-06 2.01305e-06 1.97575e-06 1.93908e-06 1.90301e-06 1.86755e-06 1.83267e-06 1.79839e-06 1.76468e-06 1.73155e-06 1.69897e-06 1.66695e-06 1.63548e-06 1.60455e-06 1.57415e-06 1.54428e-06 1.51492e-06 1.48608e-06 1.45773e-06 1.42988e-06 1.40252e-06 1.37564e-06 1.34923e-06 1.32329e-06 1.29781e-06 1.27278e-06 1.2482e-06 1.22406e-06 1.20035e-06 1.17706e-06 1.15419e-06 1.13174e-06 1.10969e-06 1.08804e-06 1.06679e-06 1.04592e-06 1.02543e-06 1.00531e-06 9.85569e-07 9.66187e-07 9.47161e-07 9.28486e-07 9.10156e-07 8.92165e-07 8.74508e-07
4.478e-05 5.19167e-06 5.11467e-06 5.03837e-06 4.96276e-06 4.88786e-06 4.81368e-06 4.74024e-06 4.66752e-06 4.59556e-06 4.52434e-06 4.45388e-06 4.38417e-06 4.31524e-06 4.24707e-06 4.17967e-06 4.11305e-06 4.0472e-06 3.98212e-06 3.91783e-06 3.85431e-06 3.79157e-06 3.72961e-06 3.66842e-06 3.60801e-06 3.54837e-06 3.48951e-06 3.43141e-06 3.37407e-06 3.3175e-06 3.26168e-06 3.20663e-06 3.15232e-06 3.09876e-06 3.04594e-06 2.99386e-06 2.94252e-06 2.8919e-06 2.842e-06 2.79282e-06 2.74436e-06 2.6966e-06 2.64954e-06 2.60317e-06 2.5575e-06 2.5125e-06 2.46819e-06 2.42454e-06 2.38155e-06 2.33922e-06 2.29755e-06 2.25651e-06 2.21611e-06 2.17634e-06 2.1372e-06 2.09867e-06 2.06075e-06 2.02343e-06 1.98671e-06 1.95057e-06 1.91502e-06 1.88004e-06 1.84563e-06 1.81178e-06 1.77849e-06 1.74574e-06 1.71353e-06 1.68185e-06 1.6507e-06 1.62007e-06 1.58995e-06 1.56034e-06 1.53122e-06 1.5026e-06 1.47446e-06 1.4468e-06 1.41961e-06 1.39289e-06 1.36663e-06 1.34082e-06 1.31545e-06 1.29052e-06 1.26603e-06 1.24196e-06 1.21832e-06 1.19509e-06 1.17226e-06 1.14984e-06 1.12781e-06 1.10618e-06 1.08492e-06 1.06405e-06 1.04355e-06 1.02341e-06 1.00363e-06 9.84213e-07 9.65142e-07 9.46416e-07 9.28028e-07 9.09973e-07 8.92246e-07
4.35809e-05 5.08145e-06 5.00908e-06 4.93726e-06 4.86601e-06 4.79535e-06 4.72527e-06 4.6558e-06 4.58695e-06 4.51872e-06 4.45112e-06 4.38417e-06 4.31788e-06 4.25223e-06 4.18726e-06 4.12295e-06 4.05932e-06 3.99637e-06 3.9341e-06 3.87252e-06 3.81163e-06 3.75143e-06 3.69192e-06 3.6331e-06 3.57498e-06 3.51756e-06 3.46083e-06 3.40479e-06 3.34945e-06 3.29481e-06 3.24085e-06 3.18758e-06 3.135e-06 3.08311e-06 3.03189e-06 2.98136e-06 2.9315e-06 2.88231e-06 2.8338e-06 2.78595e-06 2.73875e-06 2.69222e-06 2.64634e-06 2.60111e-06 2.55652e-06 2.51256e-06 2.46924e-06 2.42655e-06 2.38449e-06 2.34304e-06 2.3022e-06 2.26197e-06 2.22234e-06 2.1833e-06 2.14486e-06 2.107e-06 2.06971e-06 2.033e-06 1.99686e-06 1.96127e-06 1.92624e-06 1.89176e-06 1.85781e-06 1.82441e-06 1.79153e-06 1.75918e-06 1.72734e-06 1.69602e-06 1.6652e-06 1.63488e-06 1.60505e-06 1.57571e-06 1.54684e-06 1.51845e-06 1.49053e-06 1.46308e-06 1.43607e-06 1.40952e-06 1.38341e-06 1.35774e-06 1.3325e-06 1.30769e-06 1.2833e-06 1.25932e-06 1.23575e-06 1.21258e-06 1.18981e-06 1.16743e-06 1.14544e-06 1.12383e-06 1.10259e-06 1.08172e-06 1.06121e-06 1.04107e-06 1.02127e-06 1.00183e-06 9.82721e-07 9.63954e-07 9.45518e-07 9.2741e-07 9.09624e-07
4.24139e-05 4.9734e-06 4.90549e-06 4.838e-06 4.77095e-06 4.70436e-06 4.63824e-06 4.57261e-06 4.50749e-06 4.44287e-06 4.37879e-06 4.31524e-06 4.25223e-06 4.18979e-06 4.12791e-06 4.06661e-06 4.00588e-06 3.94575e-06 3.88621e-06 3.82727e-06 3.76893e-06 3.7112e-06 3.65409e-06 3.59759e-06 3.5417e-06 3.48644e-06 3.43181e-06 3.37779e-06 3.32441e-06 3.27164e-06 3.21951e-06 3.168e-06 3.11711e-06 3.06685e-06 3.01722e-06 2.96821e-06 2.91982e-06 2.87204e-06 2.82489e-06 2.77835e-06 2.73242e-06 2.6871e-06 2.64238e-06 2.59827e-06 2.55476e-06 2.51184e-06 2.46951e-06 2.42778e-06 2.38662e-06 2.34605e-06 2.30605e-06 2.26662e-06 2.22776e-06 2.18946e-06 2.15172e-06 2.11453e-06 2.07789e-06 2.04179e-06 2.00622e-06 1.97119e-06 1.93669e-06 1.90271e-06 1.86924e-06 1.83629e-06 1.80384e-06 1.77189e-06 1.74043e-06 1.70947e-06 1.67899e-06 1.64899e-06 1.61946e-06 1.5904e-06 1.5618e-06 1.53365e-06 1.50596e-06 1.47872e-06 1.45191e-06 1.42554e-06 1.39959e-06 1.37408e-06 1.34898e-06 1.32429e-06 1.30001e-06 1.27613e-06 1.25265e-06 1.22955e-06 1.20685e-06 1.18453e-06 1.16258e-06 1.141e-06 1.11979e-06 1.09894e-06 1.07844e-06 1.05829e-06 1.03849e-06 1.01902e-06 9.99897e-07 9.811e-07 9.62627e-07 9.44476e-07 9.2664e-07
4.12782e-05 4.8675e-06 4.80388e-06 4.74055e-06 4.67755e-06 4.61489e-06 4.55259e-06 4.49067e-06 4.42914e-06 4.36802e-06 4.30733e-06 4.24707e-06 4.18726e-06 4.12791e-06 4.06904e-06 4.01064e-06 3.95275e-06 3.89535e-06 3.83846e-06 3.78209e-06 3.72624e-06 3.67092e-06 3.61614e-06 3.5619e-06 3.5082e-06 3.45505e-06 3.40246e-06 3.35043e-06 3.29895e-06 3.24804e-06 3.19769e-06 3.1479e-06 3.09869e-06 3.05004e-06 3.00195e-06 2.95444e-06 2.90749e-06 2.86111e-06 2.8153e-06 2.77005e-06 2.72537e-06 2.68125e-06 2.63769e-06 2.59469e-06 2.55224e-06 2.51035e-06 2.46902e-06 2.42823e-06 2.38798e-06 2.34828e-06 2.30912e-06 2.2705e-06 2.23241e-06 2.19484e-06 2.15781e-06 2.12129e-06 2.08529e-06 2.0498e-06 2.01483e-06 1.98036e-06 1.94638e-06 1.91291e-06 1.87993e-06 1.84743e-06 1.81541e-06 1.78388e-06 1.75281e-06 1.72222e-06 1.69209e-06 1.66241e-06 1.63319e-06 1.60442e-06 1.57609e-06 1.54821e-06 1.52075e-06 1.49373e-06 1.46713e-06 1.44095e-06 1.41518e-06 1.38983e-06 1.36487e-06 1.34032e-06 1.31616e-06 1.29239e-06 1.26901e-06 1.24601e-06 1.22338e-06 1.20112e-06 1.17923e-06 1.1577e-06 1.13652e-06 1.1157e-06 1.09522e-06 1.07508e-06 1.05528e-06 1.03581e-06 1.01667e-06 9.97854e-07 9.79355e-07 9.61171e-07 9.43296e-07
4.01729e-05 4.76371e-06 4.7042e-06 4.64489e-06 4.58578e-06 4.52691e-06 4.46829e-06 4.40995e-06 4.3519e-06 4.29416e-06 4.23674e-06 4.17967e-06 4.12295e-06 4.06661e-06 4.01064e-06 3.95508e-06 3.89992e-06 3.84518e-06 3.79087e-06 3.737e-06 3.68357e-06 3.6306e-06 3.5781e-06 3.52606e-06 3.4745e-06 3.42342e-06 3.37282e-06 3.32272e-06 3.27312e-06 3.22402e-06 3.17542e-06 3.12733e-06 3.07975e-06 3.03268e-06 2.98612e-06 2.94008e-06 2.89456e-06 2.84955e-06 2.80506e-06 2.76109e-06 2.71764e-06 2.67471e-06 2.63229e-06 2.59039e-06 2.549e-06 2.50813e-06 2.46778e-06 2.42793e-06 2.38859e-06 2.34976e-06 2.31144e-06 2.27361e-06 2.23629e-06 2.19946e-06 2.16313e-06 2.12729e-06 2.09194e-06 2.05707e-06 2.02269e-06 1.98878e-06 1.95534e-06 1.92238e-06 1.88988e-06 1.85785e-06 1.82628e-06 1.79516e-06 1.76449e-06 1.73428e-06 1.7045e-06 1.67516e-06 1.64626e-06 1.61779e-06 1.58975e-06 1.56212e-06 1.53492e-06 1.50812e-06 1.48174e-06 1.45576e-06 1.43018e-06 1.405e-06 1.3802e-06 1.3558e-06 1.33177e-06 1.30813e-06 1.28485e-06 1.26195e-06 1.23941e-06 1.21722e-06 1.1954e-06 1.17392e-06 1.15279e-06 1.13201e-06 1.11156e-06 1.09144e-06 1.07165e-06 1.05219e-06 1.03304e-06 1.01422e-06 9.95703e-07 9.77495e-07 9.5959e-07
3.90972e-05 4.66198e-06 4.60644e-06 4.55098e-06 4.49563e-06 4.44041e-06 4.38535e-06 4.33046e-06 4.27576e-06 4.22128e-06 4.16704e-06 4.11305e-06 4.05932e-06 4.00588e-06 3.95275e-06 3.89992e-06 3.84742e-06 3.79527e-06 3.74346e-06 3.69202e-06 3.64096e-06 3.59027e-06 3.53998e-06 3.49009e-06 3.44061e-06 3.39155e-06 3.34292e-06 3.29471e-06 3.24694e-06 3.19961e-06 3.15273e-06 3.1063e-06 3.06032e-06 3.0148e-06 2.96975e-06 2.92516e-06 2.88103e-06 2.83738e-06 2.7942e-06 2.75149e-06 2.70925e-06 2.66749e-06 2.62621e-06 2.5854e-06 2.54506e-06 2.5052e-06 2.46582e-06 2.42691e-06 2.38847e-06 2.35051e-06 2.31302e-06 2.27599e-06 2.23944e-06 2.20335e-06 2.16772e-06 2.13256e-06 2.09785e-06 2.06361e-06 2.02981e-06 1.99647e-06 1.96358e-06 1.93114e-06 1.89913e-06 1.86757e-06 1.83644e-06 1.80575e-06 1.77549e-06 1.74566e-06 1.71625e-06 1.68725e-06 1.65868e-06 1.63051e-06 1.60276e-06 1.57541e-06 1.54846e-06 1.52191e-06 1.49575e-06 1.46998e-06 1.4446e-06 1.4196e-06 1.39498e-06 1.37072e-06 1.34684e-06 1.32333e-06 1.30017e-06 1.27738e-06 1.25493e-06 1.23284e-06 1.21109e-06 1.18968e-06 1.1686e-06 1.14787e-06 1.12745e-06 1.10737e-06 1.0876e-06 1.06815e-06 1.04902e-06 1.03019e-06 1.01167e-06 9.93448e-07 9.75523e-07
3.80502e-05 4.56228e-06 4.51056e-06 4.45881e-06 4.40707e-06 4.35537e-06 4.30373e-06 4.25217e-06 4.20071e-06 4.14939e-06 4.09821e-06 4.0472e-06 3.99637e-06 3.94575e-06 3.89535e-06 3.84518e-06 3.79527e-06 3.74562e-06 3.69625e-06 3.64717e-06 3.5984e-06 3.54995e-06 3.50182e-06 3.45402e-06 3.40658e-06 3.35949e-06 3.31276e-06 3.2664e-06 3.22043e-06 3.17483e-06 3.12963e-06 3.08483e-06 3.04043e-06 2.99644e-06 2.95286e-06 2.9097e-06 2.86695e-06 2.82463e-06 2.78274e-06 2.74127e-06 2.70024e-06 2.65963e-06 2.61947e-06 2.57974e-06 2.54044e-06 2.50159e-06 2.46317e-06 2.42519e-06 2.38765e-06 2.35055e-06 2.31388e-06 2.27766e-06 2.24187e-06 2.20651e-06 2.17159e-06 2.13711e-06 2.10305e-06 2.06943e-06 2.03623e-06 2.00346e-06 1.97111e-06 1.93919e-06 1.90769e-06 1.8766e-06 1.84593e-06 1.81567e-06 1.78582e-06 1.75637e-06 1.72733e-06 1.69869e-06 1.67045e-06 1.64261e-06 1.61515e-06 1.58808e-06 1.5614e-06 1.5351e-06 1.50917e-06 1.48363e-06 1.45845e-06 1.43364e-06 1.40919e-06 1.38511e-06 1.36138e-06 1.338e-06 1.31498e-06 1.2923e-06 1.26996e-06 1.24796e-06 1.2263e-06 1.20497e-06 1.18396e-06 1.16328e-06 1.14292e-06 1.12287e-06 1.10314e-06 1.08371e-06 1.0646e-06 1.04578e-06 1.02726e-06 1.00903e-06 9.91096e-07
3.70314e-05 4.46459e-06 4.41652e-06 4.36835e-06 4.32009e-06 4.27177e-06 4.22343e-06 4.17508e-06 4.12675e-06 4.07847e-06 4.03025e-06 3.98212e-06 3.9341e-06 3.88621e-06 3.83846e-06 3.79087e-06 3.74346e-06 3.69625e-06 3.64925e-06 3.60247e-06 3.55593e-06 3.50965e-06 3.46362e-06 3.41787e-06 3.37241e-06 3.32724e-06 3.28238e-06 3.23783e-06 3.19361e-06 3.14972e-06 3.10617e-06 3.06296e-06 3.02011e-06 2.97761e-06 2.93548e-06 2.89372e-06 2.85233e-06 2.81133e-06 2.7707e-06 2.73046e-06 2.69061e-06 2.65116e-06 2.61209e-06 2.57343e-06 2.53517e-06 2.4973e-06 2.45984e-06 2.42279e-06 2.38614e-06 2.34989e-06 2.31405e-06 2.27862e-06 2.2436e-06 2.20898e-06 2.17476e-06 2.14095e-06 2.10755e-06 2.07455e-06 2.04195e-06 2.00976e-06 1.97796e-06 1.94656e-06 1.91556e-06 1.88495e-06 1.85474e-06 1.82492e-06 1.79548e-06 1.76644e-06 1.73778e-06 1.7095e-06 1.6816e-06 1.65407e-06 1.62692e-06 1.60015e-06 1.57374e-06 1.54769e-06 1.52201e-06 1.49669e-06 1.47173e-06 1.44712e-06 1.42286e-06 1.39895e-06 1.37539e-06 1.35216e-06 1.32927e-06 1.30672e-06 1.2845e-06 1.26261e-06 1.24104e-06 1.21979e-06 1.19886e-06 1.17825e-06 1.15795e-06 1.13795e-06 1.11826e-06 1.09887e-06 1.07977e-06 1.06098e-06 1.04247e-06 1.02425e-06 1.00631e-06
3.60398e-05 4.36885e-06 4.3243e-06 4.27956e-06 4.23465e-06 4.18959e-06 4.14443e-06 4.09918e-06 4.05387e-06 4.00853e-06 3.96317e-06 3.91783e-06 3.87252e-06 3.82727e-06 3.78209e-06 3.737e-06 3.69202e-06 3.64717e-06 3.60247e-06 3.55793e-06 3.51356e-06 3.46939e-06 3.42541e-06 3.38166e-06 3.33813e-06 3.29484e-06 3.2518e-06 3.20902e-06 3.16651e-06 3.12429e-06 3.08235e-06 3.04071e-06 2.99937e-06 2.95835e-06 2.91764e-06 2.87726e-06 2.8372e-06 2.79749e-06 2.75811e-06 2.71908e-06 2.6804e-06 2.64208e-06 2.60411e-06 2.5665e-06 2.52926e-06 2.49238e-06 2.45587e-06 2.41973e-06 2.38397e-06 2.34857e-06 2.31355e-06 2.27891e-06 2.24465e-06 2.21076e-06 2.17725e-06 2.14412e-06 2.11137e-06 2.07899e-06 2.047e-06 2.01538e-06 1.98413e-06 1.95326e-06 1.92277e-06 1.89265e-06 1.8629e-06 1.83352e-06 1.80451e-06 1.77586e-06 1.74759e-06 1.71967e-06 1.69212e-06 1.66493e-06 1.63809e-06 1.61161e-06 1.58549e-06 1.55971e-06 1.53428e-06 1.5092e-06 1.48446e-06 1.46006e-06 1.43599e-06 1.41227e-06 1.38887e-06 1.36581e-06 1.34307e-06 1.32065e-06 1.29855e-06 1.27678e-06 1.25531e-06 1.23416e-06 1.21332e-06 1.19278e-06 1.17254e-06 1.15261e-06 1.13296e-06 1.11362e-06 1.09456e-06 1.07579e-06 1.0573e-06 1.03909e-06 1.02116e-06
3.50747e-05 4.27504e-06 4.23387e-06 4.19243e-06 4.15074e-06 4.10882e-06 4.06672e-06 4.02446e-06 3.98206e-06 3.93955e-06 3.89696e-06 3.85431e-06 3.81163e-06 3.76893e-06 3.72624e-06 3.68357e-06 3.64096e-06 3.5984e-06 3.55593e-06 3.51356e-06 3.47131e-06 3.42919e-06 3.38721e-06 3.34539e-06 3.30375e-06 3.26229e-06 3.22104e-06 3.17999e-06 3.13916e-06 3.09856e-06 3.0582e-06 3.0181e-06 2.97825e-06 2.93866e-06 2.89935e-06 2.86033e-06 2.82159e-06 2.78314e-06 2.745e-06 2.70716e-06 2.66964e-06 2.63243e-06 2.59554e-06 2.55897e-06 2.52274e-06 2.48684e-06 2.45127e-06 2.41604e-06 2.38115e-06 2.3466e-06 2.3124e-06 2.27855e-06 2.24504e-06 2.21189e-06 2.17908e-06 2.14663e-06 2.11453e-06 2.08278e-06 2.05138e-06 2.02034e-06 1.98965e-06 1.95931e-06 1.92933e-06 1.89969e-06 1.87041e-06 1.84148e-06 1.8129e-06 1.78466e-06 1.75678e-06 1.72923e-06 1.70204e-06 1.67518e-06 1.64867e-06 1.62249e-06 1.59665e-06 1.57115e-06 1.54598e-06 1.52114e-06 1.49663e-06 1.47245e-06 1.44859e-06 1.42506e-06 1.40184e-06 1.37894e-06 1.35636e-06 1.33409e-06 1.31213e-06 1.29047e-06 1.26912e-06 1.24807e-06 1.22732e-06 1.20687e-06 1.18671e-06 1.16684e-06 1.14726e-06 1.12796e-06 1.10895e-06 1.09021e-06 1.07176e-06 1.05357e-06 1.03566e-06
3.41355e-05 4.18312e-06 4.1452e-06 4.10693e-06 4.06833e-06 4.02944e-06 3.99028e-06 3.9509e-06 3.91131e-06 3.87154e-06 3.83162e-06 3.79157e-06 3.75143e-06 3.7112e-06 3.67092e-06 3.6306e-06 3.59027e-06 3.54995e-06 3.50965e-06 3.46939e-06 3.42919e-06 3.38906e-06 3.34903e-06 3.30911e-06 3.2693e-06 3.22963e-06 3.19011e-06 3.15075e-06 3.11157e-06 3.07256e-06 3.03375e-06 2.99515e-06 2.95675e-06 2.91859e-06 2.88065e-06 2.84295e-06 2.80551e-06 2.76831e-06 2.73138e-06 2.69472e-06 2.65833e-06 2.62222e-06 2.5864e-06 2.55087e-06 2.51563e-06 2.48069e-06 2.44606e-06 2.41173e-06 2.37771e-06 2.34401e-06 2.31062e-06 2.27755e-06 2.2448e-06 2.21237e-06 2.18026e-06 2.14849e-06 2.11704e-06 2.08591e-06 2.05512e-06 2.02466e-06 1.99452e-06 1.96472e-06 1.93525e-06 1.90611e-06 1.8773e-06 1.84882e-06 1.82067e-06 1.79285e-06 1.76536e-06 1.73819e-06 1.71136e-06 1.68484e-06 1.65866e-06 1.63279e-06 1.60725e-06 1.58203e-06 1.55713e-06 1.53254e-06 1.50827e-06 1.48431e-06 1.46067e-06 1.43733e-06 1.4143e-06 1.39158e-06 1.36916e-06 1.34704e-06 1.32522e-06 1.3037e-06 1.28247e-06 1.26154e-06 1.24089e-06 1.22053e-06 1.20045e-06 1.18066e-06 1.16115e-06 1.14191e-06 1.12295e-06 1.10426e-06 1.08584e-06 1.06768e-06 1.04979e-06
3.32214e-05 4.09305e-06 4.05826e-06 4.02303e-06 3.98741e-06 3.95142e-06 3.91511e-06 3.87849e-06 3.84161e-06 3.80448e-06 3.76714e-06 3.72961e-06 3.69192e-06 3.65409e-06 3.61614e-06 3.5781e-06 3.53998e-06 3.50182e-06 3.46362e-06 3.42541e-06 3.38721e-06 3.34903e-06 3.31089e-06 3.27281e-06 3.2348e-06 3.19688e-06 3.15905e-06 3.12134e-06 3.08376e-06 3.04631e-06 3.00902e-06 2.97188e-06 2.93492e-06 2.89814e-06 2.86155e-06 2.82516e-06 2.78898e-06 2.75302e-06 2.71728e-06 2.68178e-06 2.64651e-06 2.61149e-06 2.57672e-06 2.54221e-06 2.50796e-06 2.47397e-06 2.44026e-06 2.40683e-06 2.37367e-06 2.3408e-06 2.30822e-06 2.27593e-06 2.24393e-06 2.21223e-06 2.18082e-06 2.14972e-06 2.11892e-06 2.08842e-06 2.05823e-06 2.02835e-06 1.99877e-06 1.96951e-06 1.94055e-06 1.91191e-06 1.88357e-06 1.85555e-06 1.82784e-06 1.80043e-06 1.77334e-06 1.74656e-06 1.72009e-06 1.69393e-06 1.66807e-06 1.64253e-06 1.61729e-06 1.59235e-06 1.56772e-06 1.5434e-06 1.51937e-06 1.49565e-06 1.47222e-06 1.44909e-06 1.42626e-06 1.40372e-06 1.38147e-06 1.35952e-06 1.33785e-06 1.31647e-06 1.29537e-06 1.27455e-06 1.25402e-06 1.23376e-06 1.21378e-06 1.19407e-06 1.17463e-06 1.15546e-06 1.13656e-06 1.11792e-06 1.09955e-06 1.08143e-06 1.06357e-06
3.23319e-05 4.00481e-06 3.97301e-06 3.94071e-06 3.90795e-06 3.87476e-06 3.84118e-06 3.80723e-06 3.77296e-06 3.73838e-06 3.70353e-06 3.66842e-06 3.6331e-06 3.59759e-06 3.5619e-06 3.52606e-06 3.49009e-06 3.45402e-06 3.41787e-06 3.38166e-06 3.34539e-06 3.30911e-06 3.27281e-06 3.23652e-06 3.20026e-06 3.16404e-06 3.12787e-06 3.09177e-06 3.05575e-06 3.01983e-06 2.98402e-06 2.94832e-06 2.91276e-06 2.87734e-06 2.84208e-06 2.80697e-06 2.77204e-06 2.73729e-06 2.70273e-06 2.66836e-06 2.6342e-06 2.60025e-06 2.56652e-06 2.53301e-06 2.49974e-06 2.4667e-06 2.4339e-06 2.40135e-06 2.36905e-06 2.33701e-06 2.30523e-06 2.27371e-06 2.24246e-06 2.21148e-06 2.18077e-06 2.15034e-06 2.12019e-06 2.09032e-06 2.06073e-06 2.03143e-06 2.00242e-06 1.97369e-06 1.94525e-06 1.9171e-06 1.88924e-06 1.86168e-06 1.83441e-06 1.80743e-06 1.78074e-06 1.75435e-06 1.72825e-06 1.70244e-06 1.67692e-06 1.6517e-06 1.62677e-06 1.60213e-06 1.57778e-06 1.55372e-06 1.52995e-06 1.50646e-06 1.48326e-06 1.46035e-06 1.43772e-06 1.41537e-06 1.39331e-06 1.37152e-06 1.35001e-06 1.32877e-06 1.30781e-06 1.28713e-06 1.26671e-06 1.24656e-06 1.22668e-06 1.20706e-06 1.18771e-06 1.16862e-06 1.14978e-06 1.13121e-06 1.11289e-06 1.09482e-06 1.077e-06
3.14661e-05 3.91837e-06 3.88943e-06 3.85994e-06 3.82992e-06 3.79943e-06 3.76847e-06 3.7371e-06 3.70534e-06 3.67322e-06 3.64077e-06 3.60801e-06 3.57498e-06 3.5417e-06 3.5082e-06 3.4745e-06 3.44061e-06 3.40658e-06 3.37241e-06 3.33813e-06 3.30375e-06 3.2693e-06 3.2348e-06 3.20026e-06 3.1657e-06 3.13113e-06 3.09658e-06 3.06205e-06 3.02757e-06 2.99314e-06 2.95878e-06 2.92449e-06 2.8903e-06 2.85622e-06 2.82225e-06 2.78841e-06 2.7547e-06 2.72114e-06 2.68773e-06 2.65448e-06 2.62141e-06 2.58852e-06 2.55581e-06 2.5233e-06 2.49099e-06 2.45888e-06 2.42699e-06 2.39532e-06 2.36387e-06 2.33265e-06 2.30166e-06 2.27091e-06 2.2404e-06 2.21014e-06 2.18013e-06 2.15037e-06 2.12087e-06 2.09162e-06 2.06264e-06 2.03392e-06 2.00546e-06 1.97727e-06 1.94935e-06 1.92171e-06 1.89433e-06 1.86723e-06 1.8404e-06 1.81385e-06 1.78757e-06 1.76157e-06 1.73584e-06 1.71039e-06 1.68522e-06 1.66033e-06 1.63571e-06 1.61137e-06 1.58731e-06 1.56352e-06 1.54001e-06 1.51677e-06 1.4938e-06 1.47111e-06 1.44869e-06 1.42654e-06 1.40466e-06 1.38305e-06 1.3617e-06 1.34063e-06 1.31981e-06 1.29926e-06 1.27897e-06 1.25894e-06 1.23917e-06 1.21965e-06 1.20039e-06 1.18138e-06 1.16262e-06 1.14412e-06 1.12585e-06 1.10784e-06 1.09007e-06
3.06235e-05 3.83368e-06 3.80749e-06 3.7807e-06 3.75332e-06 3.72541e-06 3.69699e-06 3.66809e-06 3.63875e-06 3.609e-06 3.57886e-06 3.54837e-06 3.51756e-06 3.48644e-06 3.45505e-06 3.42342e-06 3.39155e-06 3.35949e-06 3.32724e-06 3.29484e-06 3.26229e-06 3.22963e-06 3.19688e-06 3.16404e-06 3.13113e-06 3.09819e-06 3.06521e-06 3.03222e-06 2.99923e-06 2.96625e-06 2.93331e-06 2.90041e-06 2.86756e-06 2.83479e-06 2.80209e-06 2.76948e-06 2.73698e-06 2.70459e-06 2.67231e-06 2.64017e-06 2.60817e-06 2.57632e-06 2.54463e-06 2.5131e-06 2.48174e-06 2.45055e-06 2.41956e-06 2.38875e-06 2.35814e-06 2.32774e-06 2.29754e-06 2.26755e-06 2.23778e-06 2.20824e-06 2.17892e-06 2.14982e-06 2.12097e-06 2.09234e-06 2.06396e-06 2.03582e-06 2.00793e-06 1.98028e-06 1.95288e-06 1.92573e-06 1.89884e-06 1.8722e-06 1.84582e-06 1.8197e-06 1.79383e-06 1.76823e-06 1.74288e-06 1.7178e-06 1.69298e-06 1.66842e-06 1.64412e-06 1.62009e-06 1.59631e-06 1.57281e-06 1.54956e-06 1.52657e-06 1.50385e-06 1.48138e-06 1.45918e-06 1.43723e-06 1.41555e-06 1.39412e-06 1.37295e-06 1.35203e-06 1.33137e-06 1.31096e-06 1.2908e-06 1.2709e-06 1.25124e-06 1.23183e-06 1.21267e-06 1.19375e-06 1.17508e-06 1.15665e-06 1.13846e-06 1.1205e-06 1.10279e-06
2.98035e-05 3.75071e-06 3.72717e-06 3.70296e-06 3.67812e-06 3.65269e-06 3.6267e-06 3.60018e-06 3.57318e-06 3.54571e-06 3.51781e-06 3.48951e-06 3.46083e-06 3.43181e-06 3.40246e-06 3.37282e-06 3.34292e-06 3.31276e-06 3.28238e-06 3.2518e-06 3.22104e-06 3.19011e-06 3.15905e-06 3.12787e-06 3.09658e-06 3.06521e-06 3.03377e-06 3.00228e-06 2.97075e-06 2.9392e-06 2.90764e-06 2.87609e-06 2.84456e-06 2.81306e-06 2.78161e-06 2.75022e-06 2.7189e-06 2.68766e-06 2.6565e-06 2.62545e-06 2.5945e-06 2.56368e-06 2.53298e-06 2.50242e-06 2.47199e-06 2.44173e-06 2.41161e-06 2.38167e-06 2.35189e-06 2.32229e-06 2.29287e-06 2.26365e-06 2.23461e-06 2.20578e-06 2.17714e-06 2.14872e-06 2.1205e-06 2.0925e-06 2.06472e-06 2.03716e-06 2.00983e-06 1.98272e-06 1.95584e-06 1.9292e-06 1.90279e-06 1.87662e-06 1.85069e-06 1.825e-06 1.79955e-06 1.77434e-06 1.74938e-06 1.72467e-06 1.7002e-06 1.67598e-06 1.65201e-06 1.62828e-06 1.60481e-06 1.58158e-06 1.55861e-06 1.53588e-06 1.5134e-06 1.49117e-06 1.46919e-06 1.44746e-06 1.42597e-06 1.40473e-06 1.38374e-06 1.36299e-06 1.34249e-06 1.32223e-06 1.30222e-06 1.28244e-06 1.26291e-06 1.24362e-06 1.22456e-06 1.20574e-06 1.18716e-06 1.16881e-06 1.15069e-06 1.13281e-06 1.11515e-06
2.90054e-05 3.66944e-06 3.64843e-06 3.6267e-06 3.60429e-06 3.58125e-06 3.5576e-06 3.53337e-06 3.50861e-06 3.48334e-06 3.4576e-06 3.43141e-06 3.40479e-06 3.37779e-06 3.35043e-06 3.32272e-06 3.29471e-06 3.2664e-06 3.23783e-06 3.20902e-06 3.17999e-06 3.15075e-06 3.12134e-06 3.09177e-06 3.06205e-06 3.03222e-06 3.00228e-06 2.97224e-06 2.94214e-06 2.91198e-06 2.88178e-06 2.85155e-06 2.82131e-06 2.79107e-06 2.76085e-06 2.73064e-06 2.70048e-06 2.67037e-06 2.64031e-06 2.61032e-06 2.58042e-06 2.5506e-06 2.52089e-06 2.49128e-06 2.46179e-06 2.43242e-06 2.40318e-06 2.37408e-06 2.34513e-06 2.31633e-06 2.28769e-06 2.25921e-06 2.23091e-06 2.20278e-06 2.17483e-06 2.14706e-06 2.11949e-06 2.09211e-06 2.06493e-06 2.03795e-06 2.01117e-06 1.98461e-06 1.95825e-06 1.93211e-06 1.90619e-06 1.88049e-06 1.85501e-06 1.82975e-06 1.80472e-06 1.77992e-06 1.75535e-06 1.73101e-06 1.7069e-06 1.68302e-06 1.65938e-06 1.63597e-06 1.6128e-06 1.58986e-06 1.56716e-06 1.5447e-06 1.52247e-06 1.50048e-06 1.47873e-06 1.45721e-06 1.43593e-06 1.41489e-06 1.39409e-06 1.37352e-06 1.35318e-06 1.33308e-06 1.31321e-06 1.29358e-06 1.27417e-06 1.255e-06 1.23606e-06 1.21734e-06 1.19886e-06 1.1806e-06 1.16257e-06 1.14476e-06 1.12717e-06
2.82288e-05 3.58984e-06 3.57124e-06 3.55189e-06 3.53182e-06 3.51107e-06 3.48966e-06 3.46765e-06 3.44505e-06 3.4219e-06 3.39823e-06 3.37407e-06 3.34945e-06 3.32441e-06 3.29895e-06 3.27312e-06 3.24694e-06 3.22043e-06 3.19361e-06 3.16651e-06 3.13916e-06 3.11157e-06 3.08376e-06 3.05575e-06 3.02757e-06 2.99923e-06 2.97075e-06 2.94214e-06 2.91343e-06 2.88463e-06 2.85576e-06 2.82682e-06 2.79784e-06 2.76883e-06 2.7398e-06 2.71077e-06 2.68174e-06 2.65274e-06 2.62376e-06 2.59482e-06 2.56594e-06 2.53712e-06 2.50837e-06 2.47971e-06 2.45113e-06 2.42265e-06 2.39428e-06 2.36602e-06 2.33788e-06 2.30987e-06 2.282e-06 2.25427e-06 2.22669e-06 2.19926e-06 2.17199e-06 2.14488e-06 2.11795e-06 2.09118e-06 2.0646e-06 2.0382e-06 2.01198e-06 1.98596e-06 1.96013e-06 1.93449e-06 1.90906e-06 1.88383e-06 1.8588e-06 1.83398e-06 1.80937e-06 1.78498e-06 1.7608e-06 1.73683e-06 1.71308e-06 1.68955e-06 1.66624e-06 1.64315e-06 1.62029e-06 1.59765e-06 1.57523e-06 1.55303e-06 1.53107e-06 1.50932e-06 1.4878e-06 1.46651e-06 1.44545e-06 1.42461e-06 1.40399e-06 1.38361e-06 1.36344e-06 1.3435e-06 1.32379e-06 1.3043e-06 1.28503e-06 1.26599e-06 1.24717e-06 1.22857e-06 1.21019e-06 1.19202e-06 1.17408e-06 1.15635e-06 1.13884e-06
2.74729e-05 3.51186e-06 3.49559e-06 3.47852e-06 3.46069e-06 3.44213e-06 3.42289e-06 3.40299e-06 3.38247e-06 3.36136e-06 3.33969e-06 3.3175e-06 3.29481e-06 3.27164e-06 3.24804e-06 3.22402e-06 3.19961e-06 3.17483e-06 3.14972e-06 3.12429e-06 3.09856e-06 3.07256e-06 3.04631e-06 3.01983e-06 2.99314e-06 2.96625e-06 2.9392e-06 2.91198e-06 2.88463e-06 2.85716e-06 2.82958e-06 2.80191e-06 2.77416e-06 2.74635e-06 2.7185e-06 2.69061e-06 2.6627e-06 2.63478e-06 2.60687e-06 2.57897e-06 2.55109e-06 2.52325e-06 2.49545e-06 2.46771e-06 2.44004e-06 2.41244e-06 2.38492e-06 2.35749e-06 2.33016e-06 2.30294e-06 2.27583e-06 2.24884e-06 2.22197e-06 2.19524e-06 2.16864e-06 2.14219e-06 2.11589e-06 2.08974e-06 2.06375e-06 2.03793e-06 2.01227e-06 1.98679e-06 1.96148e-06 1.93635e-06 1.9114e-06 1.88664e-06 1.86207e-06 1.83769e-06 1.81351e-06 1.78952e-06 1.76573e-06 1.74215e-06 1.71876e-06 1.69558e-06 1.67261e-06 1.64985e-06 1.62729e-06 1.60495e-06 1.58282e-06 1.5609e-06 1.53919e-06 1.5177e-06 1.49642e-06 1.47536e-06 1.45451e-06 1.43388e-06 1.41347e-06 1.39327e-06 1.37328e-06 1.35351e-06 1.33396e-06 1.31462e-06 1.2955e-06 1.27659e-06 1.25789e-06 1.23941e-06 1.22114e-06 1.20308e-06 1.18524e-06 1.1676e-06 1.15017e-06
2.67372e-05 3.43549e-06 3.42144e-06 3.40655e-06 3.39087e-06 3.37442e-06 3.35725e-06 3.33939e-06 3.32087e-06 3.30173e-06 3.28199e-06 3.26168e-06 3.24085e-06 3.21951e-06 3.19769e-06 3.17542e-06 3.15273e-06 3.12963e-06 3.10617e-06 3.08235e-06 3.0582e-06 3.03375e-06 3.00902e-06 2.98402e-06 2.95878e-06 2.93331e-06 2.90764e-06 2.88178e-06 2.85576e-06 2.82958e-06 2.80326e-06 2.77683e-06 2.75029e-06 2.72366e-06 2.69696e-06 2.67019e-06 2.64338e-06 2.61653e-06 2.58965e-06 2.56277e-06 2.53588e-06 2.509e-06 2.48215e-06 2.45532e-06 2.42854e-06 2.4018e-06 2.37513e-06 2.34852e-06 2.32199e-06 2.29554e-06 2.26918e-06 2.24292e-06 2.21677e-06 2.19072e-06 2.1648e-06 2.139e-06 2.11333e-06 2.08779e-06 2.0624e-06 2.03715e-06 2.01205e-06 1.9871e-06 1.96232e-06 1.93769e-06 1.91324e-06 1.88895e-06 1.86483e-06 1.8409e-06 1.81714e-06 1.79356e-06 1.77017e-06 1.74697e-06 1.72395e-06 1.70113e-06 1.6785e-06 1.65606e-06 1.63382e-06 1.61178e-06 1.58994e-06 1.5683e-06 1.54686e-06 1.52563e-06 1.50459e-06 1.48377e-06 1.46314e-06 1.44272e-06 1.42251e-06 1.40251e-06 1.38271e-06 1.36311e-06 1.34373e-06 1.32455e-06 1.30557e-06 1.2868e-06 1.26824e-06 1.24988e-06 1.23173e-06 1.21378e-06 1.19604e-06 1.17849e-06 1.16115e-06
2.60213e-05 3.36069e-06 3.34876e-06 3.33597e-06 3.32234e-06 3.30792e-06 3.29274e-06 3.27684e-06 3.26024e-06 3.24299e-06 3.2251e-06 3.20663e-06 3.18758e-06 3.168e-06 3.1479e-06 3.12733e-06 3.1063e-06 3.08483e-06 3.06296e-06 3.04071e-06 3.0181e-06 2.99515e-06 2.97188e-06 2.94832e-06 2.92449e-06 2.90041e-06 2.87609e-06 2.85155e-06 2.82682e-06 2.80191e-06 2.77683e-06 2.7516e-06 2.72625e-06 2.70077e-06 2.67519e-06 2.64953e-06 2.62379e-06 2.59798e-06 2.57213e-06 2.54624e-06 2.52033e-06 2.4944e-06 2.46847e-06 2.44254e-06 2.41664e-06 2.39076e-06 2.36492e-06 2.33912e-06 2.31337e-06 2.28769e-06 2.26208e-06 2.23655e-06 2.2111e-06 2.18574e-06 2.16048e-06 2.13533e-06 2.11028e-06 2.08536e-06 2.06055e-06 2.03588e-06 2.01133e-06 1.98693e-06 1.96266e-06 1.93854e-06 1.91457e-06 1.89076e-06 1.8671e-06 1.84361e-06 1.82027e-06 1.79711e-06 1.77412e-06 1.7513e-06 1.72865e-06 1.70619e-06 1.6839e-06 1.6618e-06 1.63988e-06 1.61814e-06 1.5966e-06 1.57524e-06 1.55408e-06 1.5331e-06 1.51232e-06 1.49173e-06 1.47134e-06 1.45114e-06 1.43114e-06 1.41133e-06 1.39172e-06 1.37231e-06 1.35309e-06 1.33408e-06 1.31526e-06 1.29663e-06 1.27821e-06 1.25998e-06 1.24195e-06 1.22412e-06 1.20648e-06 1.18904e-06 1.1718e-06
2.53245e-05 3.28743e-06 3.27754e-06 3.26674e-06 3.25509e-06 3.24261e-06 3.22934e-06 3.21532e-06 3.20057e-06 3.18513e-06 3.16904e-06 3.15232e-06 3.135e-06 3.11711e-06 3.09869e-06 3.07975e-06 3.06032e-06 3.04043e-06 3.02011e-06 2.99937e-06 2.97825e-06 2.95675e-06 2.93492e-06 2.91276e-06 2.8903e-06 2.86756e-06 2.84456e-06 2.82131e-06 2.79784e-06 2.77416e-06 2.75029e-06 2.72625e-06 2.70204e-06 2.6777e-06 2.65322e-06 2.62863e-06 2.60394e-06 2.57917e-06 2.55432e-06 2.52941e-06 2.50445e-06 2.47946e-06 2.45444e-06 2.4294e-06 2.40436e-06 2.37932e-06 2.3543e-06 2.3293e-06 2.30434e-06 2.27941e-06 2.25454e-06 2.22973e-06 2.20497e-06 2.1803e-06 2.1557e-06 2.13119e-06 2.10677e-06 2.08245e-06 2.05823e-06 2.03412e-06 2.01013e-06 1.98626e-06 1.96252e-06 1.9389e-06 1.91542e-06 1.89208e-06 1.86888e-06 1.84583e-06 1.82293e-06 1.80018e-06 1.77759e-06 1.75515e-06 1.73288e-06 1.71078e-06 1.68884e-06 1.66707e-06 1.64547e-06 1.62405e-06 1.6028e-06 1.58173e-06 1.56084e-06 1.54014e-06 1.51961e-06 1.49926e-06 1.4791e-06 1.45913e-06 1.43934e-06 1.41974e-06 1.40033e-06 1.3811e-06 1.36206e-06 1.34321e-06 1.32455e-06 1.30609e-06 1.28781e-06 1.26971e-06 1.25181e-06 1.2341e-06 1.21658e-06 1.19925e-06 1.1821e-06
