0.387061 0.133469 0.0460239 0.0158703 0.00547252 0.00188708 0.000650716 0.000224385 7.73741e-05 2.66807e-05 9.20025e-06 3.1725e-06 1.09397e-06 3.77229e-07 1.30079e-07 4.48549e-08 1.54672e-08 5.33352e-09 1.83914e-09 6.34187e-10 2.18685e-10 7.54087e-11 2.6003e-11 8.96655e-12 3.09192e-12 1.06618e-12 3.67647e-13 1.26775e-13 4.37155e-14 1.50743e-14 5.19804e-15 1.79243e-15 6.18078e-16 2.13131e-16 7.34933e-17 2.53425e-17 8.7388e-18 3.01338e-18 1.0391e-18 3.58309e-19 1.23555e-19 4.26051e-20 1.46914e-20 5.06601e-21 1.7469e-21 6.02379e-22 2.07717e-22 7.16265e-23 2.46988e-23 8.51682e-24 2.93684e-24 1.0127e-24 3.49208e-25 1.20416e-25 4.15229e-26 1.43182e-26 4.93732e-27 1.70253e-27 5.87078e-28 2.02441e-28 6.98071e-29 2.40714e-29 8.30049e-30 2.86224e-30 9.86979e-31 3.40337e-31 1.17358e-31 4.04682e-32 1.39545e-32 4.81191e-33 1.65928e-33 5.72166e-34 1.97298e-34 6.8034e-35 2.346e-35 8.08965e-36 2.78953e-36 9.61908e-37 3.31693e-37 1.14377e-37 3.94403e-38 1.36001e-38 4.68969e-39 1.61713e-39 5.57632e-40 1.92287e-40 6.63058e-41 2.28641e-41 7.88417e-42 2.71868e-42 9.37475e-43 3.23267e-43 1.11471e-43 3.84384e-44 1.32546e-44 4.57056e-45 1.57606e-45 5.43468e-46 1.87403e-46 6.46216e-47 2.22833e-47
0.133469 0.0623539 0.0271324 0.0112977 0.00456534 0.00180514 0.000702077 0.000269549 0.000102415 3.85798e-05 1.4429e-05 5.36368e-06 1.98339e-06 7.30083e-07 2.67668e-07 9.77873e-08 3.56122e-08 1.29326e-08 4.68454e-09 1.69295e-09 6.10533e-10 2.19755e-10 7.8959e-11 2.83243e-11 1.01453e-11 3.62883e-12 1.2963e-12 4.62511e-13 1.64835e-13 5.86841e-14 2.08719e-14 7.4165e-15 2.63304e-15 9.34021e-16 3.31068e-16 1.17262e-16 4.15044e-17 1.46805e-17 5.18939e-18 1.83328e-18 6.47284e-19 2.28414e-19 8.0561e-20 2.83995e-20 1.00067e-20 3.52427e-21 1.24068e-21 4.36584e-22 1.53568e-22 5.39966e-23 1.89788e-23 6.66833e-24 2.34215e-24 8.22371e-25 2.88657e-25 1.01289e-25 3.55312e-26 1.24604e-26 4.36853e-27 1.53116e-27 5.36527e-28 1.87954e-28 6.58274e-29 2.30493e-29 8.06879e-30 2.82398e-30 9.88146e-31 3.45691e-31 1.20911e-31 4.22823e-32 1.47831e-32 5.16763e-33 1.80608e-33 6.3111e-34 2.20495e-34 7.70224e-35 2.69007e-35 9.39381e-36 3.27983e-36 1.14497e-36 3.99642e-37 1.39472e-37 4.86675e-38 1.69797e-38 5.92331e-39 2.06605e-39 7.20542e-40 2.5126e-40 8.76061e-41 3.05416e-41 1.06463e-41 3.71069e-42 1.29319e-42 4.50629e-43 1.57011e-43 5.4701e-44 1.90552e-44 6.63727e-45 2.31164e-45 8.05024e-46 2.80321e-46
0.0460239 0.0271324 0.0139284 0.00661718 0.00298932 0.00130303 0.000552931 0.000229753 9.38618e-05 3.78126e-05 1.50547e-05 5.93387e-06 2.31861e-06 8.99115e-07 3.4633e-07 1.32609e-07 5.05055e-08 1.91432e-08 7.22431e-09 2.71554e-09 1.01704e-09 3.79645e-10 1.4128e-10 5.24269e-11 1.94037e-11 7.16394e-12 2.63893e-12 9.70017e-13 3.55846e-13 1.30296e-13 4.76248e-14 1.73785e-14 6.33158e-15 2.30338e-15 8.36776e-16 3.0358e-16 1.09999e-16 3.98088e-17 1.43904e-17 5.19626e-18 1.87437e-18 6.75442e-19 2.43167e-19 8.74634e-20 3.14317e-20 1.12861e-20 4.04921e-21 1.45165e-21 5.20029e-22 1.86159e-22 6.65946e-23 2.38071e-23 8.50541e-24 3.0368e-24 1.08362e-24 3.86444e-25 1.37738e-25 4.90668e-26 1.74701e-26 6.21701e-27 2.21134e-27 7.86183e-28 2.79377e-28 9.9235e-29 3.52331e-29 1.25041e-29 4.43586e-30 1.573e-30 5.57588e-31 1.97576e-31 6.99835e-32 2.47801e-32 8.7712e-33 3.10362e-33 1.09783e-33 3.88206e-34 1.37231e-34 4.84967e-35 1.71333e-35 6.05124e-36 2.1366e-36 7.54195e-37 2.66149e-37 9.38971e-38 3.31182e-38 1.16781e-38 4.11689e-39 1.45098e-39 5.11272e-40 1.80111e-40 6.34355e-41 2.23371e-41 7.86371e-42 2.7678e-42 9.73986e-43 3.42674e-43 1.20538e-43 4.23917e-44 1.49057e-44 5.24017e-45 1.84186e-45
0.0158703 0.0112977 0.00661718 0.00349504 0.00172834 0.000815969 0.000372071 0.000165107 7.16737e-05 3.05532e-05 1.2826e-05 5.31398e-06 2.1767e-06 8.82752e-07 3.54844e-07 1.41518e-07 5.60418e-08 2.20513e-08 8.62643e-09 3.3568e-09 1.2999e-09 5.01128e-10 1.92395e-10 7.3583e-11 2.80424e-11 1.06515e-11 4.03333e-12 1.52284e-12 5.73407e-13 2.15357e-13 8.06876e-14 3.01623e-14 1.12509e-14 4.18815e-15 1.55603e-15 5.77049e-16 2.13624e-16 7.89518e-17 2.9133e-17 1.07337e-17 3.94897e-18 1.45083e-18 5.32319e-19 1.95063e-19 7.13918e-20 2.60983e-20 9.52987e-21 3.47609e-21 1.26661e-21 4.61059e-22 1.67668e-22 6.0917e-23 2.21124e-23 8.01963e-24 2.90608e-24 1.05222e-24 3.80684e-25 1.37623e-25 4.97162e-26 1.79471e-26 6.47424e-27 2.33395e-27 8.40833e-28 3.02729e-28 1.08926e-28 3.91694e-29 1.4077e-29 5.05625e-30 1.81513e-30 6.51261e-31 2.33548e-31 8.37097e-32 2.99889e-32 1.07383e-32 3.84334e-33 1.37493e-33 4.91654e-34 1.75731e-34 6.27844e-35 2.2422e-35 8.00427e-36 2.85625e-36 1.01883e-36 3.63281e-37 1.29486e-37 4.61365e-38 1.64329e-38 5.85101e-39 2.08258e-39 7.41014e-40 2.63579e-40 9.37252e-41 3.3317e-41 1.18398e-41 4.2062e-42 1.49386e-42 5.30399e-43 1.88267e-43 6.68074e-44 2.37005e-44 8.4057e-45
0.00547252 0.00456534 0.00298932 0.00172834 0.000923832 0.000467339 0.000226854 0.000106615 4.88124e-05 2.18689e-05 9.61984e-06 4.16563e-06 1.77934e-06 7.50975e-07 3.13596e-07 1.29713e-07 5.31968e-08 2.16483e-08 8.74787e-09 3.51224e-09 1.40183e-09 5.56471e-10 2.19785e-10 8.64015e-11 3.38184e-11 1.31831e-11 5.11957e-12 1.98106e-12 7.64026e-13 2.93728e-13 1.12588e-13 4.3034e-14 1.6405e-14 6.23796e-15 2.36628e-15 8.95569e-16 3.38211e-16 1.27461e-16 4.7941e-17 1.79977e-17 6.74436e-18 2.52298e-18 9.42248e-19 3.51339e-19 1.30805e-19 4.86275e-20 1.80521e-20 6.69242e-21 2.47782e-21 9.16237e-22 3.3839e-22 1.24829e-22 4.59962e-23 1.69298e-23 6.2247e-24 2.28634e-24 8.38941e-25 3.07542e-25 1.12634e-25 4.12141e-26 1.50674e-26 5.50379e-27 2.00875e-27 7.32556e-28 2.66942e-28 9.71992e-29 3.53662e-29 1.28588e-29 4.67209e-30 1.69639e-30 6.15533e-31 2.23201e-31 8.0885e-32 2.92936e-32 1.06027e-32 3.83538e-33 1.3866e-33 5.01018e-34 1.80933e-34 6.53059e-35 2.35592e-35 8.49472e-36 3.06141e-36 1.10277e-36 3.97046e-37 1.42888e-37 5.13987e-38 1.84806e-38 6.64189e-39 2.38606e-39 8.56821e-40 3.07554e-40 1.10351e-40 3.95789e-41 1.419e-41 5.08555e-42 1.82193e-42 6.52481e-43 2.33588e-43 8.35948e-44 2.99061e-44
0.00188708 0.00180514 0.00130303 0.000815969 0.000467339 0.00025143 0.000129073 6.38683e-05 3.06763e-05 1.43743e-05 6.59615e-06 2.97296e-06 1.31915e-06 5.77333e-07 2.49605e-07 1.06741e-07 4.52e-08 1.89701e-08 7.89713e-09 3.26316e-09 1.33917e-09 5.46127e-10 2.21417e-10 8.92833e-11 3.58204e-11 1.43034e-11 5.6862e-12 2.25113e-12 8.87729e-13 3.48786e-13 1.36561e-13 5.32919e-14 2.0732e-14 8.04145e-15 3.11032e-15 1.19981e-15 4.61647e-16 1.77194e-16 6.78545e-17 2.59264e-17 9.88505e-18 3.76123e-18 1.42833e-18 5.41395e-19 2.04839e-19 7.73676e-20 2.91728e-20 1.09824e-20 4.12805e-21 1.54932e-21 5.80644e-22 2.17307e-22 8.12176e-23 3.03153e-23 1.13012e-23 4.20782e-24 1.56486e-24 5.81297e-25 2.15693e-25 7.99478e-26 2.96021e-26 1.09496e-26 4.04615e-27 1.49373e-27 5.50928e-28 2.03013e-28 7.4743e-29 2.74944e-29 1.01054e-29 3.71116e-30 1.36182e-30 4.99338e-31 1.82954e-31 6.69836e-32 2.45066e-32 8.9597e-33 3.27345e-33 1.19517e-33 4.36081e-34 1.59011e-34 5.79454e-35 2.1103e-35 7.68087e-36 2.79398e-36 1.01575e-36 3.69072e-37 1.34028e-37 4.86461e-38 1.7647e-38 6.39843e-39 2.31876e-39 8.39893e-40 3.04076e-40 1.10036e-40 3.98002e-41 1.43892e-41 5.19992e-42 1.8783e-42 6.7818e-43 2.44761e-43 8.82997e-44
0.000650716 0.000702077 0.000552931 0.000372071 0.000226854 0.000129073 6.9727e-05 3.61653e-05 1.81491e-05 8.86161e-06 4.22752e-06 1.97689e-06 9.08492e-07 4.11153e-07 1.83557e-07 8.0954e-08 3.53126e-08 1.52506e-08 6.52665e-09 2.76996e-09 1.1666e-09 4.87861e-10 2.02682e-10 8.36913e-11 3.43615e-11 1.4033e-11 5.70241e-12 2.30638e-12 9.28717e-13 3.72415e-13 1.48751e-13 5.91936e-14 2.34722e-14 9.27629e-15 3.65434e-15 1.43523e-15 5.62051e-16 2.19496e-16 8.54928e-17 3.32149e-17 1.28731e-17 4.97762e-18 1.9204e-18 7.39319e-19 2.84038e-19 1.08908e-19 4.16787e-20 1.5921e-20 6.07093e-21 2.31098e-21 8.78255e-22 3.33235e-22 1.26244e-22 4.77552e-23 1.80386e-23 6.80419e-24 2.56307e-24 9.64214e-25 3.6227e-25 1.35942e-25 5.09507e-26 1.9074e-26 7.13244e-27 2.66414e-27 9.94049e-28 3.70515e-28 1.37963e-28 5.13202e-29 1.9072e-29 7.08101e-30 2.62661e-30 9.7344e-31 3.60449e-31 1.33355e-31 4.92963e-32 1.82082e-32 6.72012e-33 2.47828e-33 9.13264e-34 3.36296e-34 1.23746e-34 4.55027e-35 1.67202e-35 6.13979e-36 2.25308e-36 8.26267e-37 3.02822e-37 1.10914e-37 4.05994e-38 1.48523e-38 5.4302e-39 1.98422e-39 7.24633e-40 2.64489e-40 9.64858e-41 3.51795e-41 1.282e-41 4.66947e-42 1.69992e-42 6.18553e-43 2.24965e-43
0.000224385 0.000269549 0.000229753 0.000165107 0.000106615 6.38683e-05 3.61653e-05 1.95924e-05 1.02399e-05 5.19438e-06 2.5691e-06 1.24326e-06 5.90325e-07 2.75641e-07 1.26802e-07 5.75582e-08 2.58139e-08 1.14511e-08 5.02926e-09 2.18869e-09 9.44496e-10 4.04418e-10 1.71918e-10 7.25921e-11 3.04601e-11 1.27063e-11 5.27129e-12 2.17552e-12 8.9349e-13 3.65271e-13 1.48679e-13 6.02685e-14 2.4335e-14 9.7894e-15 3.92413e-15 1.56771e-15 6.24294e-16 2.47844e-16 9.81047e-17 3.87239e-17 1.52439e-17 5.98537e-18 2.34427e-18 9.15979e-19 3.57081e-19 1.38896e-19 5.3912e-20 2.08829e-20 8.07302e-21 3.11495e-21 1.19968e-21 4.61214e-22 1.77007e-22 6.78193e-23 2.59426e-23 9.90813e-24 3.77842e-24 1.43876e-24 5.47075e-25 2.07731e-25 7.87716e-26 2.98311e-26 1.12828e-26 4.2621e-27 1.60808e-27 6.06016e-28 2.2812e-28 8.57746e-29 3.22169e-29 1.20879e-29 4.53073e-30 1.69649e-30 6.34609e-31 2.37163e-31 8.85486e-32 3.30309e-32 1.23104e-32 4.58399e-33 1.70548e-33 6.33998e-34 2.35492e-34 8.74014e-35 3.24132e-35 1.20114e-35 4.44777e-36 1.64579e-36 6.08546e-37 2.24858e-37 8.30282e-38 3.06373e-38 1.12976e-38 4.16337e-39 1.53329e-39 5.64334e-40 2.07578e-40 7.63076e-41 2.80348e-41 1.02938e-41 3.77755e-42 1.38549e-42 5.07875e-43
7.73741e-05 0.000102415 9.38618e-05 7.16737e-05 4.88124e-05 3.06763e-05 1.81491e-05 1.02399e-05 5.55891e-06 2.92247e-06 1.49515e-06 7.47189e-07 3.65833e-07 1.7591e-07 8.32374e-08 3.88224e-08 1.78727e-08 8.13133e-09 3.65965e-09 1.63084e-09 7.20139e-10 3.1532e-10 1.36988e-10 5.908e-11 2.53069e-11 1.07712e-11 4.55712e-12 1.91721e-12 8.02307e-13 3.34068e-13 1.38442e-13 5.71148e-14 2.34626e-14 9.59931e-15 3.91225e-15 1.58859e-15 6.42796e-16 2.59224e-16 1.04203e-16 4.17589e-17 1.66854e-17 6.64805e-18 2.64162e-18 1.04692e-18 4.13866e-19 1.63214e-19 6.42153e-20 2.52083e-20 9.87426e-21 3.85971e-21 1.50565e-21 5.86193e-22 2.2779e-22 8.83549e-23 3.42101e-23 1.3223e-23 5.10243e-24 1.96572e-24 7.56103e-25 2.90387e-25 1.1136e-25 4.26434e-26 1.63067e-26 6.22712e-27 2.37482e-27 9.04509e-28 3.4407e-28 1.30722e-28 4.96055e-29 1.8802e-29 7.11843e-30 2.69205e-30 1.01697e-30 3.83776e-31 1.44676e-31 5.44852e-32 2.0499e-32 7.70489e-33 2.89329e-33 1.08547e-33 4.06865e-34 1.52371e-34 5.70135e-35 2.13151e-35 7.96227e-36 2.9719e-36 1.10838e-36 4.13052e-37 1.53812e-37 5.72335e-38 2.1281e-38 7.90722e-39 2.93595e-39 1.08937e-39 4.03929e-40 1.49674e-40 5.54249e-41 2.05109e-41 7.58563e-42 2.80369e-42 1.03563e-42
2.66807e-05 3.85798e-05 3.78126e-05 3.05532e-05 2.18689e-05 1.43743e-05 8.86161e-06 5.19438e-06 2.92247e-06 1.58903e-06 8.39311e-07 4.32366e-07 2.1792e-07 1.07738e-07 5.23584e-08 2.5056e-08 1.18247e-08 5.51026e-09 2.53823e-09 1.15686e-09 5.22128e-10 2.33529e-10 1.03574e-10 4.55784e-11 1.99108e-11 8.63856e-12 3.72391e-12 1.59561e-12 6.79786e-13 2.88055e-13 1.21439e-13 5.09497e-14 2.12777e-14 8.8473e-15 3.66342e-15 1.51091e-15 6.20785e-16 2.54138e-16 1.03679e-16 4.2157e-17 1.70869e-17 6.90443e-18 2.78173e-18 1.11757e-18 4.47765e-19 1.78932e-19 7.13227e-20 2.83602e-20 1.12504e-20 4.45287e-21 1.75856e-21 6.93027e-22 2.72553e-22 1.06976e-22 4.19065e-23 1.63857e-23 6.39527e-24 2.49166e-24 9.69116e-25 3.76306e-25 1.45883e-25 5.64661e-26 2.18226e-26 8.42133e-27 3.24509e-27 1.24871e-27 4.79844e-28 1.84144e-28 7.05748e-29 2.7014e-29 1.03274e-29 3.94336e-30 1.50394e-30 5.72917e-31 2.18004e-31 8.28628e-32 3.14621e-32 1.19332e-32 4.52151e-33 1.71148e-33 6.4719e-34 2.44497e-34 9.22799e-35 3.47968e-35 1.31093e-35 4.93441e-36 1.85573e-36 6.97307e-37 2.61801e-37 9.82121e-38 3.68138e-38 1.37884e-38 5.16042e-39 1.92986e-39 7.21184e-40 2.69308e-40 1.00494e-40 3.7474e-41 1.39643e-41 5.20011e-42 1.93517e-42
9.20025e-06 1.4429e-05 1.50547e-05 1.2826e-05 9.61984e-06 6.59615e-06 4.22752e-06 2.5691e-06 1.49515e-06 8.39311e-07 4.5693e-07 2.42265e-07 1.25515e-07 6.37141e-08 3.17597e-08 1.55749e-08 7.52593e-09 3.58809e-09 1.6898e-09 7.86881e-10 3.62633e-10 1.65517e-10 7.48746e-11 3.35897e-11 1.49518e-11 6.60714e-12 2.89971e-12 1.26442e-12 5.48008e-13 2.36147e-13 1.01207e-13 4.31515e-14 1.83083e-14 7.73165e-15 3.2506e-15 1.36086e-15 5.67413e-16 2.35669e-16 9.75202e-17 4.02107e-17 1.65237e-17 6.7678e-18 2.76326e-18 1.12481e-18 4.56532e-19 1.84775e-19 7.45825e-20 3.00259e-20 1.20575e-20 4.83014e-21 1.93036e-21 7.69705e-22 3.06233e-22 1.21576e-22 4.81666e-23 1.90445e-23 7.51529e-24 2.96005e-24 1.16373e-24 4.56701e-25 1.78919e-25 6.99756e-26 2.73227e-26 1.06514e-26 4.14583e-27 1.61124e-27 6.25265e-28 2.42295e-28 9.37592e-29 3.62317e-29 1.39824e-29 5.38903e-30 2.07437e-30 7.9748e-31 3.06215e-31 1.1744e-31 4.49887e-32 1.72146e-32 6.57974e-33 2.51217e-33 9.58135e-34 3.65051e-34 1.38943e-34 5.2831e-35 2.00686e-35 7.61601e-36 2.88757e-36 1.0938e-36 4.13954e-37 1.56524e-37 5.91339e-38 2.23214e-38 8.4187e-39 3.17258e-39 1.19463e-39 4.49478e-40 1.68985e-40 6.34833e-41 2.38312e-41 8.93951e-42 3.35095e-42
3.1725e-06 5.36368e-06 5.93387e-06 5.31398e-06 4.16563e-06 2.97296e-06 1.97689e-06 1.24326e-06 7.47189e-07 4.32366e-07 2.42265e-07 1.32025e-07 7.02213e-08 3.65556e-08 1.86691e-08 9.37178e-09 4.63195e-09 2.25713e-09 1.08575e-09 5.16099e-10 2.42644e-10 1.12925e-10 5.20608e-11 2.37906e-11 1.07826e-11 4.8494e-12 2.16523e-12 9.60185e-13 4.23065e-13 1.85273e-13 8.067e-14 3.49328e-14 1.50486e-14 6.45071e-15 2.75214e-15 1.1689e-15 4.94329e-16 2.08194e-16 8.73389e-17 3.65012e-17 1.51996e-17 6.30734e-18 2.60859e-18 1.07539e-18 4.41959e-19 1.81092e-19 7.39882e-20 3.01452e-20 1.22492e-20 4.96442e-21 2.00696e-21 8.09381e-22 3.25645e-22 1.30721e-22 5.23586e-23 2.09266e-23 8.34653e-24 3.32227e-24 1.31982e-24 5.23315e-25 2.07113e-25 8.18218e-26 3.22678e-26 1.27036e-26 4.99302e-27 1.95928e-27 7.67613e-28 3.00276e-28 1.17286e-28 4.57444e-29 1.78159e-29 6.92902e-30 2.69119e-30 1.04385e-30 4.0436e-31 1.5644e-31 6.04484e-32 2.3329e-32 8.99271e-33 3.46243e-33 1.33161e-33 5.1155e-34 1.96303e-34 7.5249e-35 2.88151e-35 1.10229e-35 4.21243e-36 1.60821e-36 6.13386e-37 2.33729e-37 8.89793e-38 3.3843e-38 1.28606e-38 4.88283e-39 1.85229e-39 7.02064e-40 2.6588e-40 1.0061e-40 3.80404e-41 1.43717e-41 5.42546e-42
1.09397e-06 1.98339e-06 2.31861e-06 2.1767e-06 1.77934e-06 1.31915e-06 9.08492e-07 5.90325e-07 3.65833e-07 2.1792e-07 1.25515e-07 7.02213e-08 3.83e-08 2.04251e-08 1.06764e-08 5.48093e-09 2.76823e-09 1.37754e-09 6.7625e-10 3.2786e-10 1.57132e-10 7.45087e-11 3.49814e-11 1.62723e-11 7.50414e-12 3.43264e-12 1.55827e-12 7.02325e-13 3.14404e-13 1.39846e-13 6.18267e-14 2.71766e-14 1.18805e-14 5.16664e-15 2.23574e-15 9.62879e-16 4.12812e-16 1.76217e-16 7.49094e-17 3.17171e-17 1.3378e-17 5.62197e-18 2.35425e-18 9.82514e-19 4.08697e-19 1.6947e-19 7.00585e-20 2.88769e-20 1.18688e-20 4.86484e-21 1.98873e-21 8.109e-22 3.2982e-22 1.33825e-22 5.41728e-23 2.18796e-23 8.81738e-24 3.54577e-24 1.42292e-24 5.69863e-25 2.27776e-25 9.08689e-26 3.61839e-26 1.43823e-26 5.70656e-27 2.26035e-27 8.93816e-28 3.52867e-28 1.39086e-28 5.47368e-29 2.15088e-29 8.43939e-30 3.30656e-30 1.29368e-30 5.05452e-31 1.97217e-31 7.68489e-32 2.99067e-32 1.16239e-32 4.51229e-33 1.74951e-33 6.7752e-34 2.62074e-34 1.01259e-34 3.90802e-35 1.50663e-35 5.80222e-36 2.23216e-36 8.57846e-37 3.29349e-37 1.2632e-37 4.84025e-38 1.85289e-38 7.08639e-39 2.70771e-39 1.03368e-39 3.94266e-40 1.50249e-40 5.72091e-41 2.17647e-41 8.27338e-42
3.77229e-07 7.30083e-07 8.99115e-07 8.82752e-07 7.50975e-07 5.77333e-07 4.11153e-07 2.75641e-07 1.7591e-07 1.07738e-07 6.37141e-08 3.65556e-08 2.04251e-08 1.11481e-08 5.95873e-09 3.12566e-09 1.6119e-09 8.18472e-10 4.09742e-10 2.02466e-10 9.88473e-11 4.77233e-11 2.28028e-11 1.07905e-11 5.06016e-12 2.35286e-12 1.08533e-12 4.96887e-13 2.25876e-13 1.01991e-13 4.57604e-14 2.04076e-14 9.04894e-15 3.99049e-15 1.75061e-15 7.64169e-16 3.31987e-16 1.43573e-16 6.18201e-17 2.65075e-17 1.13204e-17 4.81588e-18 2.04116e-18 8.62037e-19 3.6281e-19 1.52191e-19 6.36366e-20 2.65266e-20 1.10245e-20 4.56854e-21 1.88792e-21 7.78058e-22 3.19817e-22 1.31126e-22 5.36295e-23 2.18817e-23 8.90737e-24 3.61775e-24 1.46614e-24 5.9291e-25 2.39277e-25 9.63694e-26 3.87369e-26 1.55411e-26 6.22341e-27 2.48765e-27 9.92617e-28 3.9539e-28 1.57231e-28 6.24223e-29 2.47426e-29 9.79197e-30 3.8693e-30 1.52667e-30 6.01485e-31 2.36638e-31 9.29693e-32 3.64755e-32 1.42916e-32 5.59237e-33 2.18552e-33 8.53039e-34 3.32545e-34 1.29482e-34 5.03567e-35 1.95616e-35 7.59031e-36 2.94193e-36 1.13903e-36 4.40525e-37 1.70197e-37 6.56885e-38 2.53272e-38 9.75564e-39 3.75406e-39 1.44322e-39 5.54316e-40 2.12707e-40 8.15479e-41 3.12362e-41 1.19543e-41
1.30079e-07 2.67668e-07 3.4633e-07 3.54844e-07 3.13596e-07 2.49605e-07 1.83557e-07 1.26802e-07 8.32374e-08 5.23584e-08 3.17597e-08 1.86691e-08 1.06764e-08 5.95873e-09 3.25423e-09 1.74283e-09 9.17014e-10 4.74785e-10 2.42219e-10 1.21906e-10 6.05893e-11 2.9766e-11 1.4466e-11 6.95981e-12 3.31701e-12 1.56693e-12 7.34069e-13 3.41205e-13 1.57426e-13 7.21258e-14 3.2826e-14 1.48459e-14 6.67399e-15 2.98321e-15 1.32621e-15 5.86521e-16 2.58103e-16 1.1304e-16 4.92822e-17 2.13918e-17 9.24649e-18 3.98064e-18 1.70703e-18 7.29294e-19 3.10455e-19 1.317e-19 5.56818e-20 2.34658e-20 9.85815e-21 4.12897e-21 1.72431e-21 7.1805e-22 2.98196e-22 1.23507e-22 5.1022e-23 2.10249e-23 8.6428e-24 3.54443e-24 1.45024e-24 5.92059e-25 2.41182e-25 9.80405e-26 3.97715e-26 1.61016e-26 6.50601e-27 2.62382e-27 1.05621e-27 4.244e-28 1.7023e-28 6.81626e-29 2.72475e-29 1.08741e-29 4.33271e-30 1.72364e-30 6.84647e-31 2.71541e-31 1.07539e-31 4.25279e-32 1.67947e-32 6.62328e-33 2.60849e-33 1.02597e-33 4.0301e-34 1.58106e-34 6.19504e-35 2.42444e-35 9.47679e-36 3.70002e-36 1.44294e-36 5.6209e-37 2.18717e-37 8.5014e-38 3.30093e-38 1.28035e-38 4.9611e-39 1.92039e-39 7.42628e-40 2.86901e-40 1.10733e-40 4.26989e-41 1.64496e-41
4.48549e-08 9.77873e-08 1.32609e-07 1.41518e-07 1.29713e-07 1.06741e-07 8.0954e-08 5.75582e-08 3.88224e-08 2.5056e-08 1.55749e-08 9.37178e-09 5.48093e-09 3.12566e-09 1.74283e-09 9.52299e-10 5.10887e-10 2.69537e-10 1.40044e-10 7.17453e-11 3.62805e-11 1.81264e-11 8.95524e-12 4.37817e-12 2.11958e-12 1.01674e-12 4.83519e-13 2.28072e-13 1.06754e-13 4.96057e-14 2.28915e-14 1.04946e-14 4.78128e-15 2.16541e-15 9.75147e-16 4.36764e-16 1.94613e-16 8.62868e-17 3.80759e-17 1.67253e-17 7.31471e-18 3.18559e-18 1.38173e-18 5.96982e-19 2.56961e-19 1.10204e-19 4.70984e-20 2.00608e-20 8.51667e-21 3.60428e-21 1.52068e-21 6.39695e-22 2.68324e-22 1.12238e-22 4.68215e-23 1.94811e-23 8.08494e-24 3.34709e-24 1.38234e-24 5.69568e-25 2.34148e-25 9.60453e-26 3.93121e-26 1.6057e-26 6.54511e-27 2.66258e-27 1.08105e-27 4.38093e-28 1.77208e-28 7.15512e-29 2.88393e-29 1.16039e-29 4.66118e-30 1.86927e-30 7.4843e-31 2.99191e-31 1.1942e-31 4.75941e-32 1.89405e-32 7.52665e-33 2.98676e-33 1.18359e-33 4.68394e-34 1.85117e-34 7.30664e-35 2.88028e-35 1.13399e-35 4.45916e-36 1.75136e-36 6.87043e-37 2.6921e-37 1.05367e-37 4.1194e-38 1.60875e-38 6.27589e-39 2.44571e-39 9.52101e-40 3.7027e-40 1.43853e-40 5.58333e-41 2.16494e-41
1.54672e-08 3.56122e-08 5.05055e-08 5.60418e-08 5.31968e-08 4.52e-08 3.53126e-08 2.58139e-08 1.78727e-08 1.18247e-08 7.52593e-09 4.63195e-09 2.76823e-09 1.6119e-09 9.17014e-10 5.10887e-10 2.79279e-10 1.50054e-10 7.93557e-11 4.13601e-11 2.12686e-11 1.08012e-11 5.42197e-12 2.69235e-12 1.32341e-12 6.44341e-13 3.10917e-13 1.48765e-13 7.06131e-14 3.3265e-14 1.55587e-14 7.22775e-15 3.33594e-15 1.53021e-15 6.97795e-16 3.16418e-16 1.42711e-16 6.40346e-17 2.85909e-17 1.27053e-17 5.62033e-18 2.47537e-18 1.08565e-18 4.74216e-19 2.06331e-19 8.9437e-20 3.86268e-20 1.66239e-20 7.13016e-21 3.04816e-21 1.29896e-21 5.5184e-22 2.3374e-22 9.87179e-23 4.15755e-23 1.7462e-23 7.31478e-24 3.05626e-24 1.27377e-24 5.29588e-25 2.19662e-25 9.09016e-26 3.7533e-26 1.54635e-26 6.35732e-27 2.6082e-27 1.06789e-27 4.36371e-28 1.7797e-28 7.2447e-29 2.94372e-29 1.19397e-29 4.83422e-30 1.95396e-30 7.88455e-31 3.17633e-31 1.27755e-31 5.13039e-32 2.05709e-32 8.23578e-33 3.29243e-33 1.31432e-33 5.23928e-34 2.08565e-34 8.29127e-35 3.29172e-35 1.30514e-35 5.16818e-36 2.04396e-36 8.07367e-37 3.18526e-37 1.25517e-37 4.94032e-38 1.94228e-38 7.62743e-39 2.99203e-39 1.17242e-39 4.58921e-40 1.79447e-40 7.00953e-41 2.73528e-41
5.33352e-09 1.29326e-08 1.91432e-08 2.20513e-08 2.16483e-08 1.89701e-08 1.52506e-08 1.14511e-08 8.13133e-09 5.51026e-09 3.58809e-09 2.25713e-09 1.37754e-09 8.18472e-10 4.74785e-10 2.69537e-10 1.50054e-10 8.20599e-11 4.4149e-11 2.3398e-11 1.22293e-11 6.3099e-12 3.21684e-12 1.6217e-12 8.09007e-13 3.99628e-13 1.95584e-13 9.48884e-14 4.56568e-14 2.17972e-14 1.03294e-14 4.86058e-15 2.2719e-15 1.05515e-15 4.87073e-16 2.23533e-16 1.02017e-16 4.63108e-17 2.09157e-17 9.40004e-18 4.20474e-18 1.87231e-18 8.30085e-19 3.66472e-19 1.61138e-19 7.05763e-20 3.0795e-20 1.3388e-20 5.79991e-21 2.50406e-21 1.07754e-21 4.62205e-22 1.97646e-22 8.42627e-23 3.58192e-23 1.51833e-23 6.41835e-24 2.70594e-24 1.13785e-24 4.7726e-25 1.9969e-25 8.33523e-26 3.4711e-26 1.44221e-26 5.97903e-27 2.4734e-27 1.02104e-27 4.20632e-28 1.72938e-28 7.09623e-29 2.90626e-29 1.18804e-29 4.8477e-30 1.97454e-30 8.02855e-31 3.25888e-31 1.32061e-31 5.34284e-32 2.15812e-32 8.70358e-33 3.50473e-33 1.40916e-33 5.65752e-34 2.26812e-34 9.08013e-35 3.63008e-35 1.44927e-35 5.77837e-36 2.30087e-36 9.15001e-37 3.63416e-37 1.44161e-37 5.71172e-38 2.26031e-38 8.93427e-39 3.52737e-39 1.39108e-39 5.47987e-40 2.15633e-40 8.47604e-41 3.32823e-41
1.83914e-09 4.68454e-09 7.22431e-09 8.62643e-09 8.74787e-09 7.89713e-09 6.52665e-09 5.02926e-09 3.65965e-09 2.53823e-09 1.6898e-09 1.08575e-09 6.7625e-10 4.09742e-10 2.42219e-10 1.40044e-10 7.93557e-11 4.4149e-11 2.41523e-11 1.30097e-11 6.90809e-12 3.61974e-12 1.87337e-12 9.58412e-13 4.85044e-13 2.42995e-13 1.20576e-13 5.92937e-14 2.89103e-14 1.39827e-14 6.7113e-15 3.19787e-15 1.51324e-15 7.11362e-16 3.32306e-16 1.54302e-16 7.12372e-17 3.27075e-17 1.49379e-17 6.78783e-18 3.06941e-18 1.38147e-18 6.18968e-19 2.76126e-19 1.22666e-19 5.42735e-20 2.39196e-20 1.05022e-20 4.59434e-21 2.00278e-21 8.70077e-22 3.76742e-22 1.62606e-22 6.99646e-23 3.00129e-23 1.2837e-23 5.47496e-24 2.32861e-24 9.87741e-25 4.17881e-25 1.76342e-25 7.42302e-26 3.11714e-26 1.3059e-26 5.45843e-27 2.27643e-27 9.47309e-28 3.93373e-28 1.6301e-28 6.7413e-29 2.78235e-29 1.14614e-29 4.71242e-30 1.93395e-30 7.92246e-31 3.23971e-31 1.32252e-31 5.38963e-32 2.19279e-32 8.90695e-33 3.61219e-33 1.46263e-33 5.91336e-34 2.38718e-34 9.6227e-35 3.87333e-35 1.55689e-35 6.24931e-36 2.50504e-36 1.00281e-36 4.00917e-37 1.60078e-37 6.38355e-38 2.54246e-38 1.01139e-38 4.01847e-39 1.59475e-39 6.32158e-40 2.50302e-40 9.89962e-41 3.91108e-41
6.34187e-10 1.69295e-09 2.71554e-09 3.3568e-09 3.51224e-09 3.26316e-09 2.76996e-09 2.18869e-09 1.63084e-09 1.15686e-09 7.86881e-10 5.16099e-10 3.2786e-10 2.02466e-10 1.21906e-10 7.17453e-11 4.13601e-11 2.3398e-11 1.30097e-11 7.11934e-12 3.83899e-12 2.04201e-12 1.07244e-12 5.56575e-13 2.85653e-13 1.45082e-13 7.29645e-14 3.63561e-14 1.79569e-14 8.79577e-15 4.27456e-15 2.06183e-15 9.87456e-16 4.69709e-16 2.21984e-16 1.04261e-16 4.86789e-17 2.25992e-17 1.04347e-17 4.79281e-18 2.19037e-18 9.96195e-19 4.50972e-19 2.03238e-19 9.11976e-20 4.07519e-20 1.81369e-20 8.04052e-21 3.55116e-21 1.56269e-21 6.85239e-22 2.99452e-22 1.30428e-22 5.66263e-23 2.45082e-23 1.05752e-23 4.54972e-24 1.95182e-24 8.34999e-25 3.56252e-25 1.51595e-25 6.43423e-26 2.72411e-26 1.15052e-26 4.8477e-27 2.03785e-27 8.54725e-28 3.57704e-28 1.49379e-28 6.22502e-29 2.58882e-29 1.07447e-29 4.45075e-30 1.8401e-30 7.59341e-31 3.12778e-31 1.28605e-31 5.27855e-32 2.16285e-32 8.84724e-33 3.61305e-33 1.47312e-33 5.99673e-34 2.43735e-34 9.89148e-35 4.00827e-35 1.62187e-35 6.55321e-36 2.64411e-36 1.06538e-36 4.28689e-37 1.72266e-37 6.91338e-38 2.77091e-38 1.10919e-38 4.43458e-39 1.7708e-39 7.06262e-40 2.81353e-40 1.11953e-40 4.44962e-41
2.18685e-10 6.10533e-10 1.01704e-09 1.2999e-09 1.40183e-09 1.33917e-09 1.1666e-09 9.44496e-10 7.20139e-10 5.22128e-10 3.62633e-10 2.42644e-10 1.57132e-10 9.88473e-11 6.05893e-11 3.62805e-11 2.12686e-11 1.22293e-11 6.90809e-12 3.83899e-12 2.10141e-12 1.13425e-12 6.04273e-13 3.18019e-13 1.65464e-13 8.51706e-14 4.33992e-14 2.19043e-14 1.09561e-14 5.43341e-15 2.6728e-15 1.3047e-15 6.32223e-16 3.04223e-16 1.45416e-16 6.90656e-17 3.26031e-17 1.53008e-17 7.14057e-18 3.31445e-18 1.53053e-18 7.03246e-19 3.21582e-19 1.46376e-19 6.63301e-20 2.99285e-20 1.34479e-20 6.01842e-21 2.68301e-21 1.1916e-21 5.27304e-22 2.32519e-22 1.02181e-22 4.47553e-23 1.95398e-23 8.50429e-24 3.69009e-24 1.59645e-24 6.88694e-25 2.96268e-25 1.27105e-25 5.43866e-26 2.32114e-26 9.88141e-27 4.19637e-27 1.77783e-27 7.51442e-28 3.16893e-28 1.33342e-28 5.59856e-29 2.34568e-29 9.80755e-30 4.09236e-30 1.70423e-30 7.08342e-31 2.93857e-31 1.21681e-31 5.02948e-32 2.07516e-32 8.54725e-33 3.51448e-33 1.44268e-33 5.91248e-34 2.41921e-34 9.8831e-35 4.03129e-35 1.64187e-35 6.6771e-36 2.71147e-36 1.09952e-36 4.45235e-37 1.80044e-37 7.27078e-38 2.93228e-38 1.18104e-38 4.75078e-39 1.90862e-39 7.65833e-40 3.06917e-40 1.22853e-40 4.91181e-41
7.54087e-11 2.19755e-10 3.79645e-10 5.01128e-10 5.56471e-10 5.46127e-10 4.87861e-10 4.04418e-10 3.1532e-10 2.33529e-10 1.65517e-10 1.12925e-10 7.45087e-11 4.77233e-11 2.9766e-11 1.81264e-11 1.08012e-11 6.3099e-12 3.61974e-12 2.04201e-12 1.13425e-12 6.21031e-13 3.35503e-13 1.78995e-13 9.43818e-14 4.92208e-14 2.5404e-14 1.29838e-14 6.57471e-15 3.30022e-15 1.64283e-15 8.11343e-16 3.9769e-16 1.93537e-16 9.35415e-17 4.49156e-17 2.14321e-17 1.01653e-17 4.79374e-18 2.24813e-18 1.04871e-18 4.86707e-19 2.2477e-19 1.03311e-19 4.72674e-20 2.15307e-20 9.76558e-21 4.41108e-21 1.98453e-21 8.89388e-22 3.97099e-22 1.76657e-22 7.83131e-23 3.45984e-23 1.52349e-23 6.6869e-24 2.92586e-24 1.27633e-24 5.55119e-25 2.40748e-25 1.04117e-25 4.49055e-26 1.93162e-26 8.28746e-27 3.5467e-27 1.51412e-27 6.44838e-28 2.73984e-28 1.16146e-28 4.91263e-29 2.07336e-29 8.73193e-30 3.66977e-30 1.53915e-30 6.44256e-31 2.69146e-31 1.12224e-31 4.67061e-32 1.94029e-32 8.04598e-33 3.33065e-33 1.37636e-33 5.67808e-34 2.33858e-34 9.61612e-35 3.94781e-35 1.61821e-35 6.6229e-36 2.70651e-36 1.10441e-36 4.50009e-37 1.83103e-37 7.43982e-38 3.0188e-38 1.22327e-38 4.95031e-39 2.00068e-39 8.0755e-40 3.25547e-40 1.31075e-40 5.27108e-41
2.6003e-11 7.8959e-11 1.4128e-10 1.92395e-10 2.19785e-10 2.21417e-10 2.02682e-10 1.71918e-10 1.36988e-10 1.03574e-10 7.48746e-11 5.20608e-11 3.49814e-11 2.28028e-11 1.4466e-11 8.95524e-12 5.42197e-12 3.21684e-12 1.87337e-12 1.07244e-12 6.04273e-13 3.35503e-13 1.83738e-13 9.93417e-14 5.30694e-14 2.80319e-14 1.46501e-14 7.58002e-15 3.88488e-15 1.97323e-15 9.93737e-16 4.9641e-16 2.46067e-16 1.21078e-16 5.91594e-17 2.87118e-17 1.38452e-17 6.63532e-18 3.16121e-18 1.49753e-18 7.05546e-19 3.30669e-19 1.54192e-19 7.15506e-20 3.30461e-20 1.51934e-20 6.95479e-21 3.17009e-21 1.43905e-21 6.50665e-22 2.93067e-22 1.3151e-22 5.88003e-23 2.61985e-23 1.16331e-23 5.14849e-24 2.27126e-24 9.98845e-25 4.37935e-25 1.91442e-25 8.34476e-26 3.62722e-26 1.57234e-26 6.79775e-27 2.93127e-27 1.2608e-27 5.4096e-28 2.31545e-28 9.88746e-29 4.21245e-29 1.79064e-29 7.59503e-30 3.21453e-30 1.35767e-30 5.72242e-31 2.40709e-31 1.01053e-31 4.2342e-32 1.77082e-32 7.39225e-33 3.08029e-33 1.28126e-33 5.32021e-34 2.20536e-34 9.12653e-35 3.77068e-35 1.55538e-35 6.40569e-36 2.63405e-36 1.08149e-36 4.43377e-37 1.81505e-37 7.41954e-38 3.02867e-38 1.23459e-38 5.02578e-39 2.04315e-39 8.29515e-40 3.36345e-40 1.36205e-40 5.50876e-41
8.96655e-12 2.83243e-11 5.24269e-11 7.3583e-11 8.64015e-11 8.92833e-11 8.36913e-11 7.25921e-11 5.908e-11 4.55784e-11 3.35897e-11 2.37906e-11 1.62723e-11 1.07905e-11 6.95981e-12 4.37817e-12 2.69235e-12 1.6217e-12 9.58412e-13 5.56575e-13 3.18019e-13 1.78995e-13 9.93417e-14 5.44158e-14 2.94427e-14 1.57475e-14 8.33145e-15 4.36281e-15 2.26252e-15 1.16257e-15 5.92175e-16 2.99138e-16 1.49919e-16 7.457e-17 3.68249e-17 1.80604e-17 8.79927e-18 4.26012e-18 2.05004e-18 9.80784e-19 4.66608e-19 2.20796e-19 1.03939e-19 4.86845e-20 2.26939e-20 1.05294e-20 4.86345e-21 2.23664e-21 1.02428e-21 4.67169e-22 2.12234e-22 9.60493e-23 4.33074e-23 1.94566e-23 8.71076e-24 3.8866e-24 1.72843e-24 7.66196e-25 3.3859e-25 1.49173e-25 6.55272e-26 2.87015e-26 1.25363e-26 5.46066e-27 2.37227e-27 1.02791e-27 4.44264e-28 1.91537e-28 8.23788e-29 3.53469e-29 1.51316e-29 6.46304e-30 2.75443e-30 1.17136e-30 4.97086e-31 2.10512e-31 8.89699e-32 3.75276e-32 1.57985e-32 6.6383e-33 2.78413e-33 1.16555e-33 4.87076e-34 2.0319e-34 8.46174e-35 3.51792e-35 1.46014e-35 6.0506e-36 2.50329e-36 1.03406e-36 4.26492e-37 1.7564e-37 7.22257e-38 2.96571e-38 1.21603e-38 4.97911e-39 2.03591e-39 8.31334e-40 3.39011e-40 1.38064e-40 5.6155e-41
3.09192e-12 1.01453e-11 1.94037e-11 2.80424e-11 3.38184e-11 3.58204e-11 3.43615e-11 3.04601e-11 2.53069e-11 1.99108e-11 1.49518e-11 1.07826e-11 7.50414e-12 5.06016e-12 3.31701e-12 2.11958e-12 1.32341e-12 8.09007e-13 4.85044e-13 2.85653e-13 1.65464e-13 9.43818e-14 5.30694e-14 2.94427e-14 1.61308e-14 8.73378e-15 4.67647e-15 2.47783e-15 1.29991e-15 6.75558e-16 3.47961e-16 1.77708e-16 9.00262e-17 4.52561e-17 2.2583e-17 1.11899e-17 5.50729e-18 2.69303e-18 1.30872e-18 6.32212e-19 3.03662e-19 1.45051e-19 6.89198e-20 3.25794e-20 1.53249e-20 7.17427e-21 3.34316e-21 1.55096e-21 7.16429e-22 3.29558e-22 1.50985e-22 6.89026e-23 3.13246e-23 1.41884e-23 6.40361e-24 2.88009e-24 1.29098e-24 5.76772e-25 2.56862e-25 1.14037e-25 5.04746e-26 2.22751e-26 9.80204e-27 4.30126e-27 1.8823e-27 8.21527e-28 3.57623e-28 1.55283e-28 6.72584e-29 2.90613e-29 1.25272e-29 5.38754e-30 2.31176e-30 9.89764e-31 4.22845e-31 1.80264e-31 7.66896e-32 3.25598e-32 1.37963e-32 5.83441e-33 2.46265e-33 1.03751e-33 4.36304e-34 1.83148e-34 7.67451e-35 3.2103e-35 1.34062e-35 5.58906e-36 2.32629e-36 9.66696e-37 4.0108e-37 1.6615e-37 6.87241e-38 2.83837e-38 1.17055e-38 4.82042e-39 1.98227e-39 8.14022e-40 3.33821e-40 1.36711e-40 5.59138e-41
1.06618e-12 3.62883e-12 7.16394e-12 1.06515e-11 1.31831e-11 1.43034e-11 1.4033e-11 1.27063e-11 1.07712e-11 8.63856e-12 6.60714e-12 4.8494e-12 3.43264e-12 2.35286e-12 1.56693e-12 1.01674e-12 6.44341e-13 3.99628e-13 2.42995e-13 1.45082e-13 8.51706e-14 4.92208e-14 2.80319e-14 1.57475e-14 8.73378e-15 4.7858e-15 2.59283e-15 1.38974e-15 7.37375e-16 3.87494e-16 2.01779e-16 1.04163e-16 5.33288e-17 2.70883e-17 1.36562e-17 6.83512e-18 3.39756e-18 1.6777e-18 8.23201e-19 4.01467e-19 1.94647e-19 9.38414e-20 4.49968e-20 2.14631e-20 1.01861e-20 4.81068e-21 2.26129e-21 1.05809e-21 4.9292e-22 2.28652e-22 1.05627e-22 4.85995e-23 2.22741e-23 1.01702e-23 4.62661e-24 2.09726e-24 9.47407e-25 4.2654e-25 1.91408e-25 8.56203e-26 3.81808e-26 1.69746e-26 7.52447e-27 3.32586e-27 1.46594e-27 6.44379e-28 2.82493e-28 1.23522e-28 5.38736e-29 2.34384e-29 1.01725e-29 4.40448e-30 1.90263e-30 8.20028e-31 3.52646e-31 1.51323e-31 6.47958e-32 2.76876e-32 1.18069e-32 5.02481e-33 2.13429e-33 9.048e-34 3.82855e-34 1.61702e-34 6.81727e-35 2.86902e-35 1.20532e-35 5.05506e-36 2.11652e-36 8.84713e-37 3.69216e-37 1.5384e-37 6.39997e-38 2.65841e-38 1.10258e-38 4.56621e-39 1.88829e-39 7.7976e-40 3.21545e-40 1.3241e-40 5.44512e-41
3.67647e-13 1.2963e-12 2.63893e-12 4.03333e-12 5.11957e-12 5.6862e-12 5.70241e-12 5.27129e-12 4.55712e-12 3.72391e-12 2.89971e-12 2.16523e-12 1.55827e-12 1.08533e-12 7.34069e-13 4.83519e-13 3.10917e-13 1.95584e-13 1.20576e-13 7.29645e-14 4.33992e-14 2.5404e-14 1.46501e-14 8.33145e-15 4.67647e-15 2.59283e-15 1.42101e-15 7.70313e-16 4.13276e-16 2.19559e-16 1.15562e-16 6.02876e-17 3.1187e-17 1.60038e-17 8.14945e-18 4.11944e-18 2.0677e-18 1.03087e-18 5.10628e-19 2.51363e-19 1.22997e-19 5.98394e-20 2.89512e-20 1.39323e-20 6.67012e-21 3.17746e-21 1.50637e-21 7.10821e-22 3.3391e-22 1.56172e-22 7.2734e-23 3.37359e-23 1.55854e-23 7.17244e-24 3.28842e-24 1.50219e-24 6.83796e-25 3.10193e-25 1.40243e-25 6.31999e-26 2.83904e-26 1.2714e-26 5.67656e-27 2.52703e-27 1.12174e-27 4.96545e-28 2.192e-28 9.6508e-29 4.23796e-29 1.85629e-29 8.11063e-30 3.53516e-30 1.53721e-30 6.66876e-31 2.8865e-31 1.24661e-31 5.3721e-32 2.3101e-32 9.91314e-33 4.24523e-33 1.81435e-33 7.73903e-34 3.29469e-34 1.39998e-34 5.93779e-35 2.51384e-35 1.06237e-35 4.48178e-36 1.88747e-36 7.93554e-37 3.33083e-37 1.3958e-37 5.83977e-38 2.43942e-38 1.01744e-38 4.2371e-39 1.7619e-39 7.31573e-40 3.03324e-40 1.25585e-40 5.19235e-41
1.26775e-13 4.62511e-13 9.70017e-13 1.52284e-12 1.98106e-12 2.25113e-12 2.30638e-12 2.17552e-12 1.91721e-12 1.59561e-12 1.26442e-12 9.60185e-13 7.02325e-13 4.96887e-13 3.41205e-13 2.28072e-13 1.48765e-13 9.48884e-14 5.92937e-14 3.63561e-14 2.19043e-14 1.29838e-14 7.58002e-15 4.36281e-15 2.47783e-15 1.38974e-15 7.70313e-16 4.22236e-16 2.29012e-16 1.22975e-16 6.54102e-17 3.44786e-17 1.80183e-17 9.33918e-18 4.80281e-18 2.45144e-18 1.2423e-18 6.25225e-19 3.12589e-19 1.55293e-19 7.66784e-20 3.76392e-20 1.83716e-20 8.91822e-21 4.30646e-21 2.06895e-21 9.89108e-22 4.70619e-22 2.22892e-22 1.05095e-22 4.93396e-23 2.30668e-23 1.07403e-23 4.98114e-24 2.30133e-24 1.05928e-24 4.85819e-25 2.22029e-25 1.01125e-25 4.59046e-26 2.07705e-26 9.36838e-27 4.21254e-27 1.88851e-27 8.44151e-28 3.76253e-28 1.67235e-28 7.41298e-29 3.27719e-29 1.44504e-29 6.35561e-30 2.78839e-30 1.22038e-30 5.3285e-31 2.32115e-31 1.00882e-31 4.37479e-32 1.89301e-32 8.17371e-33 3.5219e-33 1.51441e-33 6.49882e-34 2.78336e-34 1.18978e-34 5.07618e-35 2.16172e-35 9.18902e-36 3.89906e-36 1.65153e-36 6.98332e-37 2.94782e-37 1.24227e-37 5.2266e-38 2.19545e-38 9.20749e-39 3.85553e-39 1.61199e-39 6.72958e-40 2.80525e-40 1.16768e-40 4.85352e-41
4.37155e-14 1.64835e-13 3.55846e-13 5.73407e-13 7.64026e-13 8.87729e-13 9.28717e-13 8.9349e-13 8.02307e-13 6.79786e-13 5.48008e-13 4.23065e-13 3.14404e-13 2.25876e-13 1.57426e-13 1.06754e-13 7.06131e-14 4.56568e-14 2.89103e-14 1.79569e-14 1.09561e-14 6.57471e-15 3.88488e-15 2.26252e-15 1.29991e-15 7.37375e-16 4.13276e-16 2.29012e-16 1.25547e-16 6.81282e-17 3.66136e-17 1.94965e-17 1.02911e-17 5.38675e-18 2.79718e-18 1.44142e-18 7.37353e-19 3.7455e-19 1.88979e-19 9.47338e-20 4.71942e-20 2.33704e-20 1.15062e-20 5.63352e-21 2.74341e-21 1.32906e-21 6.40645e-22 3.07314e-22 1.46726e-22 6.97353e-23 3.29978e-23 1.55475e-23 7.29513e-24 3.40924e-24 1.58703e-24 7.35972e-25 3.40043e-25 1.56548e-25 7.18192e-26 3.28365e-26 1.49636e-26 6.79689e-27 3.07765e-27 1.3893e-27 6.25275e-28 2.80594e-28 1.25559e-28 5.60286e-29 2.49339e-29 1.10667e-29 4.8991e-30 2.16328e-30 9.52865e-31 4.18692e-31 1.83538e-31 8.02689e-32 3.50251e-32 1.52491e-32 6.62457e-33 2.87173e-33 1.24227e-33 5.36287e-34 2.31048e-34 9.93456e-35 4.26336e-35 1.82612e-35 7.8072e-36 3.3317e-36 1.41923e-36 6.03495e-37 2.56177e-37 1.08559e-37 4.59268e-38 1.93977e-38 8.17958e-39 3.44367e-39 1.44755e-39 6.07544e-40 2.54604e-40 1.06539e-40 4.45156e-41
1.50743e-14 5.86841e-14 1.30296e-13 2.15357e-13 2.93728e-13 3.48786e-13 3.72415e-13 3.65271e-13 3.34068e-13 2.88055e-13 2.36147e-13 1.85273e-13 1.39846e-13 1.01991e-13 7.21258e-14 4.96057e-14 3.3265e-14 2.17972e-14 1.39827e-14 8.79577e-15 5.43341e-15 3.30022e-15 1.97323e-15 1.16257e-15 6.75558e-16 3.87494e-16 2.19559e-16 1.22975e-16 6.81282e-17 3.73534e-17 2.02793e-17 1.09069e-17 5.81396e-18 3.07282e-18 1.61089e-18 8.37928e-19 4.3262e-19 2.21768e-19 1.12903e-19 5.7101e-20 2.86962e-20 1.43335e-20 7.11735e-21 3.51413e-21 1.72559e-21 8.42863e-22 4.09594e-22 1.98062e-22 9.53162e-23 4.56581e-23 2.17729e-23 1.03376e-23 4.88751e-24 2.3013e-24 1.07926e-24 5.0419e-25 2.34654e-25 1.0881e-25 5.02763e-26 2.31499e-26 1.06235e-26 4.85907e-27 2.21537e-27 1.00688e-27 4.56231e-28 2.06109e-28 9.28422e-29 4.17023e-29 1.86797e-29 8.34453e-30 3.71778e-30 1.65211e-30 7.32308e-31 3.23796e-31 1.42822e-31 6.28477e-32 2.75913e-32 1.20855e-32 5.28191e-33 2.30339e-33 1.00233e-33 4.35256e-34 1.88618e-34 8.15727e-35 3.52083e-35 1.51671e-35 6.52124e-36 2.79862e-36 1.19884e-36 5.12616e-37 2.18803e-37 9.32306e-38 3.9657e-38 1.68404e-38 7.13945e-39 3.02185e-39 1.27699e-39 5.38787e-40 2.26975e-40 9.54722e-41 4.00984e-41
5.19804e-15 2.08719e-14 4.76248e-14 8.06876e-14 1.12588e-13 1.36561e-13 1.48751e-13 1.48679e-13 1.38442e-13 1.21439e-13 1.01207e-13 8.067e-14 6.18267e-14 4.57604e-14 3.2826e-14 2.28915e-14 1.55587e-14 1.03294e-14 6.7113e-15 4.27456e-15 2.6728e-15 1.64283e-15 9.93737e-16 5.92175e-16 3.47961e-16 2.01779e-16 1.15562e-16 6.54102e-17 3.66136e-17 2.02793e-17 1.11201e-17 6.03978e-18 3.25076e-18 1.73452e-18 9.17852e-19 4.8186e-19 2.51055e-19 1.29853e-19 6.66959e-20 3.40271e-20 1.72482e-20 8.68874e-21 4.35077e-21 2.16602e-21 1.07234e-21 5.28035e-22 2.58659e-22 1.26067e-22 6.11446e-23 2.95162e-23 1.41832e-23 6.78511e-24 3.23198e-24 1.53307e-24 7.24257e-25 3.40806e-25 1.59755e-25 7.46068e-26 3.47156e-26 1.60966e-26 7.43785e-27 3.42532e-27 1.5723e-27 7.19417e-28 3.28151e-28 1.49227e-28 6.76603e-29 3.05888e-29 1.37899e-29 6.19952e-30 2.77959e-30 1.24296e-30 5.54383e-31 2.46641e-31 1.09457e-31 4.84586e-32 2.14027e-32 9.43096e-33 4.14625e-33 1.8188e-33 7.96098e-34 3.4771e-34 1.51549e-34 6.59168e-35 2.86128e-35 1.23955e-35 5.35943e-36 2.31284e-36 9.96223e-37 4.28319e-37 1.83819e-37 7.87488e-38 3.36773e-38 1.43775e-38 6.12772e-39 2.60731e-39 1.10759e-39 4.6975e-40 1.98916e-40 8.41005e-41 3.5503e-41
1.79243e-15 7.4165e-15 1.73785e-14 3.01623e-14 4.3034e-14 5.32919e-14 5.91936e-14 6.02685e-14 5.71148e-14 5.09497e-14 4.31515e-14 3.49328e-14 2.71766e-14 2.04076e-14 1.48459e-14 1.04946e-14 7.22775e-15 4.86058e-15 3.19787e-15 2.06183e-15 1.3047e-15 8.11343e-16 4.9641e-16 2.99138e-16 1.77708e-16 1.04163e-16 6.02876e-17 3.44786e-17 1.94965e-17 1.09069e-17 6.03978e-18 3.31227e-18 1.79976e-18 9.69332e-19 5.17687e-19 2.74257e-19 1.44176e-19 7.52328e-20 3.8979e-20 2.00579e-20 1.02537e-20 5.20867e-21 2.62979e-21 1.31995e-21 6.5876e-22 3.26973e-22 1.61433e-22 7.92948e-23 3.8756e-23 1.88513e-23 9.12683e-24 4.3988e-24 2.11077e-24 1.00855e-24 4.79909e-25 2.27443e-25 1.07371e-25 5.04952e-26 2.36595e-26 1.10457e-26 5.13878e-27 2.38253e-27 1.10096e-27 5.07094e-28 2.32825e-28 1.06568e-28 4.86304e-29 2.21263e-29 1.00382e-29 4.54132e-30 2.04885e-30 9.21866e-31 4.13696e-31 1.85172e-31 8.26749e-32 3.68213e-32 1.63597e-32 7.25139e-33 3.20671e-33 1.41485e-33 6.22864e-34 2.73607e-34 1.19931e-34 5.2459e-35 2.28989e-35 9.9754e-36 4.33694e-36 1.88187e-36 8.15014e-37 3.52309e-37 1.52013e-37 6.5471e-38 2.81477e-38 1.20803e-38 5.17563e-39 2.21368e-39 9.45241e-40 4.02958e-40 1.71505e-40 7.28798e-41 3.09215e-41
6.18078e-16 2.63304e-15 6.33158e-15 1.12509e-14 1.6405e-14 2.0732e-14 2.34722e-14 2.4335e-14 2.34626e-14 2.12777e-14 1.83083e-14 1.50486e-14 1.18805e-14 9.04894e-15 6.67399e-15 4.78128e-15 3.33594e-15 2.2719e-15 1.51324e-15 9.87456e-16 6.32223e-16 3.9769e-16 2.46067e-16 1.49919e-16 9.00262e-17 5.33288e-17 3.1187e-17 1.80183e-17 1.02911e-17 5.81396e-18 3.25076e-18 1.79976e-18 9.87111e-19 5.36564e-19 2.89172e-19 1.54571e-19 8.19761e-20 4.31493e-20 2.25485e-20 1.17015e-20 6.03201e-21 3.08947e-21 1.57257e-21 7.95673e-22 4.00267e-22 2.00235e-22 9.9629e-23 4.93133e-23 2.42855e-23 1.19016e-23 5.80496e-24 2.81836e-24 1.36224e-24 6.55585e-25 3.14177e-25 1.49949e-25 7.12824e-26 3.37551e-26 1.59243e-26 7.48496e-27 3.50563e-27 1.63617e-27 7.61058e-28 3.52833e-28 1.63048e-28 7.51096e-29 3.44935e-29 1.57933e-29 7.20998e-30 3.28208e-30 1.48986e-30 6.74448e-31 3.045e-31 1.37115e-31 6.1584e-32 2.75904e-32 1.23304e-32 5.49728e-33 2.44508e-33 1.085e-33 4.80378e-34 2.12211e-34 9.35414e-35 4.11443e-35 1.80594e-35 7.91046e-36 3.45797e-36 1.50861e-36 6.56879e-37 2.85471e-37 1.23829e-37 5.36139e-38 2.3171e-38 9.99622e-39 4.30492e-39 1.85074e-39 7.94305e-40 3.40334e-40 1.45583e-40 6.21747e-41 2.65111e-41
