0.211038 0.100494 0.0478544 0.0227878 0.0108513 0.0051673 0.00246062 0.00117172 0.000557964 0.000265697 0.000126522 6.02487e-05 2.86899e-05 1.36618e-05 6.50564e-06 3.09792e-06 1.4752e-06 7.02477e-07 3.34513e-07 1.59292e-07 7.58533e-08 3.61206e-08 1.72003e-08 8.19061e-09 3.90029e-09 1.85728e-09 8.8442e-10 4.21152e-10 2.00549e-10 9.54994e-11 4.54759e-11 2.16552e-11 1.0312e-11 4.91047e-12 2.33832e-12 1.11349e-12 5.30232e-13 2.52491e-13 1.20234e-13 5.72543e-14 2.72639e-14 1.29828e-14 6.1823e-15 2.94395e-15 1.40188e-15 6.67563e-16 3.17887e-16 1.51375e-16 7.20832e-17 3.43253e-17 1.63454e-17 7.78352e-18 3.70644e-18 1.76497e-18 8.40462e-19 4.0022e-19 1.90581e-19 9.07529e-20 4.32157e-20 2.05789e-20 9.79947e-21 4.66641e-21 2.2221e-21 1.05814e-21 5.03878e-22 2.39942e-22 1.14258e-22 5.44086e-23 2.59089e-23 1.23375e-23 5.87502e-24 2.79763e-24 1.3322e-24 6.34383e-25 3.02087e-25 1.43851e-25 6.85005e-26 3.26193e-26 1.5533e-26 7.39666e-27 3.52222e-27 1.67725e-27 7.9869e-28 3.80328e-28 1.81109e-28 8.62423e-29 4.10677e-29 1.95561e-29 9.31241e-30 4.43448e-30 2.11166e-30 1.00555e-30 4.78834e-31 2.28016e-31 1.08579e-31 5.17044e-32 2.46211e-32 1.17243e-32 5.58302e-33 2.65858e-33 1.26599e-33
0.100494 0.0612212 0.0355181 0.0199444 0.0109407 0.00589716 0.00313546 0.00164893 0.00085942 0.000444588 0.000228538 0.000116841 5.94547e-05 3.01289e-05 1.52124e-05 7.65608e-06 3.84197e-06 1.92295e-06 9.60183e-07 4.78418e-07 2.37907e-07 1.18094e-07 5.85229e-08 2.89575e-08 1.43081e-08 7.0604e-09 3.47973e-09 1.71303e-09 8.42405e-10 4.13848e-10 2.03119e-10 9.96038e-11 4.8802e-11 2.38922e-11 1.16883e-11 5.71394e-12 2.79145e-12 1.36285e-12 6.64967e-13 3.24267e-13 1.58039e-13 7.69836e-14 3.74811e-14 1.82397e-14 8.87206e-15 4.31358e-15 2.09637e-15 1.01841e-15 4.94543e-16 2.40062e-16 1.1649e-16 5.65065e-17 2.74008e-17 1.32828e-17 6.43693e-18 3.11844e-18 1.51032e-18 7.31271e-19 3.53972e-19 1.71295e-19 8.28727e-20 4.00839e-20 1.93831e-20 9.37081e-21 4.52931e-21 2.18873e-21 1.05745e-21 5.10784e-22 2.46677e-22 1.19106e-22 5.74987e-23 2.77524e-23 1.33926e-23 6.46183e-24 3.11724e-24 1.50354e-24 7.2508e-25 3.49615e-25 1.68549e-25 8.12455e-26 3.91568e-26 1.88692e-26 9.09157e-27 4.37991e-27 2.10976e-27 1.01612e-27 4.89328e-28 2.35615e-28 1.13436e-28 5.4607e-29 2.62842e-29 1.265e-29 6.08752e-30 2.92915e-30 1.40927e-30 6.7796e-31 3.26113e-31 1.56851e-31 7.54338e-32 3.62745e-32 1.74419e-32
0.0478544 0.0355181 0.0238221 0.0150369 0.00911098 0.00535882 0.00308119 0.00174004 0.000968374 0.000532394 0.000289694 0.000156241 8.36182e-05 4.44493e-05 2.34867e-05 1.23439e-05 6.45641e-06 3.36232e-06 1.74409e-06 9.01425e-07 4.64357e-07 2.38479e-07 1.22131e-07 6.2383e-08 3.17874e-08 1.61607e-08 8.1988e-09 4.15127e-09 2.098e-09 1.05845e-09 5.33118e-10 2.68102e-10 1.3463e-10 6.75115e-11 3.38097e-11 1.69107e-11 8.44822e-12 4.21576e-12 2.10144e-12 1.04643e-12 5.20566e-13 2.58721e-13 1.28468e-13 6.37357e-14 3.15944e-14 1.56492e-14 7.74534e-15 3.83063e-15 1.89318e-15 9.35011e-16 4.61484e-16 2.27626e-16 1.12207e-16 5.52792e-17 2.7218e-17 1.3394e-17 6.58768e-18 3.2384e-18 1.59115e-18 7.81414e-19 3.83572e-19 1.88198e-19 9.22978e-20 4.5246e-20 2.21712e-20 1.08598e-20 5.31719e-21 2.60242e-21 1.27324e-21 6.22711e-22 3.04445e-22 1.48793e-22 7.2696e-23 3.55056e-23 1.73358e-23 8.46171e-24 4.12896e-24 2.01416e-24 9.82253e-25 4.78884e-25 2.33409e-25 1.13733e-25 5.54045e-26 2.6983e-26 1.3138e-26 6.39526e-27 3.11232e-27 1.51429e-27 7.36604e-28 3.5823e-28 1.74178e-28 8.46704e-29 4.11508e-29 1.99956e-29 9.71414e-30 4.71832e-30 2.29132e-30 1.1125e-30 5.40051e-31 2.62114e-31 1.27194e-31
0.0227878 0.0199444 0.0150369 0.0104279 0.0068469 0.00432334 0.00265024 0.00158709 0.000932529 0.000539332 0.000307771 0.000173617 9.69601e-05 5.3673e-05 2.94789e-05 1.60774e-05 8.71318e-06 4.69514e-06 2.51683e-06 1.34273e-06 7.13206e-07 3.77298e-07 1.98851e-07 1.04439e-07 5.46751e-08 2.85367e-08 1.48521e-08 7.7094e-09 3.99179e-09 2.06203e-09 1.06281e-09 5.46647e-10 2.80605e-10 1.43769e-10 7.35285e-11 3.75411e-11 1.91362e-11 9.73937e-12 4.94955e-12 2.51181e-12 1.27298e-12 6.44313e-13 3.25711e-13 1.64457e-13 8.29421e-14 4.17851e-14 2.10286e-14 1.0572e-14 5.30979e-15 2.66433e-15 1.33569e-15 6.69019e-16 3.34814e-16 1.67422e-16 8.3652e-17 4.17645e-17 2.0836e-17 1.03875e-17 5.17488e-18 2.57631e-18 1.28177e-18 6.37301e-19 3.16673e-19 1.57259e-19 7.8049e-20 3.87143e-20 1.91927e-20 9.5097e-21 4.70945e-21 2.33105e-21 1.15324e-21 5.70262e-22 2.81855e-22 1.39244e-22 6.87596e-23 3.39391e-23 1.67448e-23 8.2581e-24 4.07102e-24 2.0061e-24 9.88175e-25 4.86575e-25 2.39499e-25 1.17842e-25 5.7962e-26 2.84993e-26 1.40081e-26 6.88298e-27 3.38091e-27 1.66017e-27 8.14956e-28 3.9993e-28 1.96202e-28 9.62263e-29 4.71802e-29 2.31261e-29 1.13325e-29 5.55173e-30 2.71904e-30 1.33134e-30 6.51708e-31
0.0108513 0.0109407 0.00911098 0.0068469 0.00481675 0.00323351 0.00209527 0.0013204 0.000813466 0.000491797 0.00029261 0.000171717 9.95693e-05 5.71274e-05 3.24699e-05 1.83004e-05 1.02363e-05 5.68629e-06 3.13898e-06 1.72285e-06 9.40598e-07 5.11018e-07 2.76376e-07 1.48844e-07 7.98467e-08 4.26762e-08 2.2731e-08 1.20683e-08 6.38781e-09 3.3714e-09 1.77456e-09 9.31651e-10 4.87932e-10 2.54954e-10 1.32926e-10 6.91587e-11 3.59103e-11 1.86107e-11 9.62758e-12 4.97181e-12 2.56324e-12 1.31937e-12 6.78081e-13 3.47981e-13 1.78326e-13 9.12607e-14 4.66426e-14 2.38086e-14 1.21382e-14 6.18112e-15 3.14403e-15 1.59746e-15 8.10801e-16 4.11105e-16 2.08239e-16 1.05379e-16 5.32772e-17 2.69115e-17 1.35817e-17 6.84864e-18 3.4506e-18 1.73716e-18 8.73867e-19 4.39262e-19 2.2064e-19 1.10747e-19 5.55495e-20 2.78441e-20 1.39476e-20 6.98214e-21 3.49305e-21 1.74645e-21 8.72669e-22 4.35803e-22 2.17513e-22 1.08502e-22 5.40952e-23 2.69556e-23 1.34251e-23 6.6829e-24 3.32506e-24 1.65358e-24 8.21949e-25 4.08381e-25 2.0281e-25 1.00675e-25 4.99539e-26 2.4776e-26 1.22832e-26 6.08721e-27 3.01544e-27 1.49319e-27 7.39116e-28 3.65719e-28 1.80893e-28 8.94421e-29 4.42086e-29 2.18435e-29 1.07892e-29 5.32734e-30 2.6296e-30
0.0051673 0.00589716 0.00535882 0.00432334 0.00323351 0.00229239 0.00156094 0.00102966 0.000661902 0.000416445 0.000257276 0.000156465 9.38591e-05 5.56269e-05 3.26152e-05 1.89393e-05 1.09025e-05 6.22663e-06 3.53056e-06 1.98866e-06 1.11334e-06 6.19792e-07 3.43236e-07 1.89159e-07 1.03774e-07 5.66898e-08 3.08453e-08 1.67204e-08 9.03172e-09 4.86236e-09 2.60949e-09 1.39626e-09 7.44985e-10 3.96424e-10 2.10407e-10 1.11404e-10 5.88478e-11 3.10166e-11 1.6313e-11 8.56232e-12 4.48539e-12 2.34529e-12 1.22409e-12 6.37795e-13 3.31763e-13 1.72298e-13 8.93436e-14 4.62597e-14 2.39178e-14 1.23492e-14 6.36762e-15 3.2791e-15 1.68652e-15 8.66368e-16 4.44535e-16 2.27834e-16 1.16641e-16 5.96521e-17 3.04754e-17 1.55538e-17 7.93054e-18 4.03977e-18 2.05594e-18 1.04539e-18 5.31086e-19 2.69578e-19 1.36725e-19 6.92882e-20 3.50859e-20 1.77531e-20 8.97619e-21 4.53519e-21 2.28977e-21 1.15528e-21 5.82493e-22 2.935e-22 1.4779e-22 7.43721e-23 3.74031e-23 1.87994e-23 9.44336e-24 4.74088e-24 2.37874e-24 1.19288e-24 5.97877e-25 2.99501e-25 1.49955e-25 7.50417e-26 3.75344e-26 1.87649e-26 9.37683e-27 4.68342e-27 2.33815e-27 1.16677e-27 5.81979e-28 2.90163e-28 1.44608e-28 7.20381e-29 3.58719e-29 1.78555e-29 8.88424e-30
0.00246062 0.00313546 0.00308119 0.00265024 0.00209527 0.00156094 0.00111199 0.00076475 0.000511092 0.000333517 0.000213275 0.000134023 8.2946e-05 5.06487e-05 3.0559e-05 1.82407e-05 1.07827e-05 6.31799e-06 3.67224e-06 2.11871e-06 1.21408e-06 6.91334e-07 3.91367e-07 2.2035e-07 1.23433e-07 6.88139e-08 3.81926e-08 2.11083e-08 1.162e-08 6.37278e-09 3.48267e-09 1.89686e-09 1.02985e-09 5.57432e-10 3.00855e-10 1.61929e-10 8.69264e-11 4.65465e-11 2.48644e-11 1.32516e-11 7.04696e-12 3.73951e-12 1.98035e-12 1.0467e-12 5.52182e-13 2.90774e-13 1.52852e-13 8.02146e-14 4.20271e-14 2.19849e-14 1.14831e-14 5.98903e-15 3.11916e-15 1.62226e-15 8.42607e-16 4.37088e-16 2.26449e-16 1.17177e-16 6.05624e-17 3.12656e-17 1.6123e-17 8.30534e-18 4.27377e-18 2.19695e-18 1.12823e-18 5.78833e-19 2.96688e-19 1.51931e-19 7.77326e-20 3.97357e-20 2.02949e-20 1.0357e-20 5.28113e-21 2.69077e-21 1.3699e-21 6.96906e-22 3.54273e-22 1.79965e-22 9.13548e-23 4.6342e-23 2.34923e-23 1.19011e-23 6.02519e-24 3.04845e-24 1.54141e-24 7.78918e-25 3.93376e-25 1.98551e-25 1.00158e-25 5.04963e-26 2.54445e-26 1.28143e-26 6.45007e-27 3.24497e-27 1.63169e-27 8.20059e-28 4.11947e-28 2.06838e-28 1.03804e-28 5.20708e-29 2.61083e-29
0.00117172 0.00164893 0.00174004 0.00158709 0.0013204 0.00102966 0.00076475 0.000546613 0.000378694 0.000255626 0.000168783 0.00010934 6.9663e-05 4.37364e-05 2.71018e-05 1.65978e-05 1.00574e-05 6.03573e-06 3.59036e-06 2.11849e-06 1.2407e-06 7.21614e-07 4.17014e-07 2.3955e-07 1.3684e-07 7.7759e-08 4.39696e-08 2.47481e-08 1.38686e-08 7.73985e-09 4.30262e-09 2.383e-09 1.31518e-09 7.23426e-10 3.96658e-10 2.16828e-10 1.18183e-10 6.42372e-11 3.48228e-11 1.88293e-11 1.01564e-11 5.46551e-12 2.93455e-12 1.5722e-12 8.40562e-13 4.48495e-13 2.38837e-13 1.26951e-13 6.73571e-14 3.56758e-14 1.88639e-14 9.95816e-15 5.24857e-15 2.7621e-15 1.45142e-15 7.61591e-16 3.99067e-16 2.08824e-16 1.0913e-16 5.69582e-17 2.96912e-17 1.54588e-17 8.03921e-18 4.17595e-18 2.16678e-18 1.12306e-18 5.81478e-19 3.00758e-19 1.55405e-19 8.02213e-20 4.13713e-20 2.1316e-20 1.09728e-20 5.6434e-21 2.89995e-21 1.48892e-21 7.63823e-22 3.91528e-22 2.00535e-22 1.02631e-22 5.24856e-23 2.68213e-23 1.36963e-23 6.98907e-24 3.56396e-24 1.81614e-24 9.24861e-25 4.70673e-25 2.39378e-25 1.21667e-25 6.18012e-26 3.13731e-26 1.59169e-26 8.07066e-27 4.08987e-27 2.07142e-27 1.04854e-27 5.30479e-28 2.68238e-28 1.35565e-28 6.84778e-29
0.000557964 0.00085942 0.000968374 0.000932529 0.000813466 0.000661902 0.000511092 0.000378694 0.000271335 0.000189048 0.000128622 8.57329e-05 5.61298e-05 3.61711e-05 2.29826e-05 1.44188e-05 8.94298e-06 5.48915e-06 3.33723e-06 2.01123e-06 1.20234e-06 7.13413e-07 4.20374e-07 2.46101e-07 1.43206e-07 8.28592e-08 4.76874e-08 2.73076e-08 1.55634e-08 8.83041e-09 4.98899e-09 2.80734e-09 1.57368e-09 8.78934e-10 4.89204e-10 2.71384e-10 1.50074e-10 8.27398e-11 4.54846e-11 2.4935e-11 1.36331e-11 7.43484e-12 4.04464e-12 2.19513e-12 1.18864e-12 6.42224e-13 3.4626e-13 1.86308e-13 1.00047e-13 5.36224e-14 2.86872e-14 1.53198e-14 8.16713e-15 4.34668e-15 2.30962e-15 1.22529e-15 6.49046e-16 3.43295e-16 1.81315e-16 9.56294e-17 5.03684e-17 2.64942e-17 1.39182e-17 7.30251e-18 3.82676e-18 2.00296e-18 1.04716e-18 5.4684e-19 2.85253e-19 1.48639e-19 7.73716e-20 4.02332e-20 2.09004e-20 1.08467e-20 5.6238e-21 2.9131e-21 1.5076e-21 7.79524e-22 4.02711e-22 2.07868e-22 1.07206e-22 5.52455e-23 2.84463e-23 1.46358e-23 7.52439e-24 3.86545e-24 1.98431e-24 1.0179e-24 5.21787e-25 2.67288e-25 1.36826e-25 6.99955e-26 3.57837e-26 1.82819e-26 9.33434e-27 4.76295e-27 2.42887e-27 1.23786e-27 6.305e-28 3.20958e-28 1.63292e-28
0.000265697 0.000444588 0.000532394 0.000539332 0.000491797 0.000416445 0.000333517 0.000255626 0.000189048 0.000135705 9.49757e-05 6.50325e-05 4.3686e-05 2.88545e-05 1.87733e-05 1.205e-05 7.64035e-06 4.79069e-06 2.97341e-06 1.82827e-06 1.11447e-06 6.73938e-07 4.04516e-07 2.41121e-07 1.42795e-07 8.40519e-08 4.91923e-08 2.86355e-08 1.65845e-08 9.559e-09 5.48456e-09 3.13323e-09 1.78261e-09 1.01023e-09 5.70384e-10 3.20897e-10 1.79923e-10 1.00552e-10 5.60202e-11 3.11171e-11 1.72348e-11 9.51953e-12 5.24413e-12 2.88154e-12 1.57945e-12 8.63696e-13 4.71218e-13 2.56522e-13 1.39349e-13 7.55414e-14 4.08698e-14 2.20689e-14 1.18946e-14 6.39927e-15 3.43676e-15 1.84259e-15 9.86258e-16 5.27054e-16 2.81218e-16 1.49821e-16 7.97005e-17 4.23378e-17 2.24589e-17 1.18976e-17 6.29443e-18 3.32577e-18 1.75503e-18 9.25002e-19 4.86948e-19 2.56045e-19 1.34479e-19 7.05525e-20 3.69741e-20 1.93563e-20 1.01227e-20 5.28851e-21 2.76019e-21 1.43921e-21 7.49715e-22 3.90181e-22 2.02882e-22 1.05398e-22 5.47073e-23 2.83719e-23 1.47017e-23 7.61187e-24 3.93792e-24 2.03564e-24 1.05148e-24 5.42715e-25 2.79911e-25 1.44262e-25 7.42976e-26 3.82378e-26 1.96658e-26 1.01073e-26 5.19126e-27 2.66456e-27 1.36679e-27 7.00653e-28 3.58952e-28
0.000126522 0.000228538 0.000289694 0.000307771 0.00029261 0.000257276 0.000213275 0.000168783 0.000128622 9.49757e-05 6.82764e-05 4.79596e-05 3.30132e-05 2.23217e-05 1.48537e-05 9.74337e-06 6.30877e-06 4.03688e-06 2.55534e-06 1.60152e-06 9.94559e-07 6.12397e-07 3.7411e-07 2.26861e-07 1.36623e-07 8.1748e-08 4.86169e-08 2.87479e-08 1.69073e-08 9.89278e-09 5.76042e-09 3.33879e-09 1.92674e-09 1.10725e-09 6.3378e-10 3.61397e-10 2.05331e-10 1.16256e-10 6.56041e-11 3.69029e-11 2.06947e-11 1.15713e-11 6.45166e-12 3.58739e-12 1.9895e-12 1.10055e-12 6.07319e-13 3.34347e-13 1.83649e-13 1.00652e-13 5.50463e-14 3.00427e-14 1.63636e-14 8.89568e-15 4.82683e-15 2.61428e-15 1.41343e-15 7.62867e-16 4.11053e-16 2.21126e-16 1.18767e-16 6.36922e-17 3.41055e-17 1.82361e-17 9.73689e-18 5.19169e-18 2.76447e-18 1.47009e-18 7.80758e-19 4.14139e-19 2.19404e-19 1.16098e-19 6.1362e-20 3.2395e-20 1.70834e-20 8.99903e-21 4.73539e-21 2.48922e-21 1.30715e-21 6.85738e-22 3.59389e-22 1.88173e-22 9.84331e-23 5.14431e-23 2.6861e-23 1.40131e-23 7.3042e-24 3.80401e-24 1.97948e-24 1.02921e-24 5.34702e-25 2.77574e-25 1.43983e-25 7.463e-26 3.8654e-26 2.00059e-26 1.03469e-26 5.3476e-27 2.76189e-27 1.42547e-27 7.35225e-28
6.02487e-05 0.000116841 0.000156241 0.000173617 0.000171717 0.000156465 0.000134023 0.00010934 8.57329e-05 6.50325e-05 4.79596e-05 3.45182e-05 2.43203e-05 1.68155e-05 1.14328e-05 7.65651e-06 5.05788e-06 3.29987e-06 2.12849e-06 1.35861e-06 8.58837e-07 5.38058e-07 3.34288e-07 2.06078e-07 1.26118e-07 7.66568e-08 4.6295e-08 2.77898e-08 1.65864e-08 9.84615e-09 5.81504e-09 3.41761e-09 1.9993e-09 1.16444e-09 6.75352e-10 3.90119e-10 2.24488e-10 1.28704e-10 7.35294e-11 4.18659e-11 2.37601e-11 1.34426e-11 7.58248e-12 4.26466e-12 2.39193e-12 1.33797e-12 7.46475e-13 4.1543e-13 2.30637e-13 1.27745e-13 7.0595e-14 3.89271e-14 2.14194e-14 1.17616e-14 6.44554e-15 3.52541e-15 1.92461e-15 1.04877e-15 5.70486e-16 3.09784e-16 1.67936e-16 9.08904e-17 4.91134e-17 2.64977e-17 1.42744e-17 7.67839e-18 4.12437e-18 2.21226e-18 1.18501e-18 6.33908e-19 3.38661e-19 1.80697e-19 9.62937e-20 5.12527e-20 2.7247e-20 1.44683e-20 7.67399e-21 4.06577e-21 2.15175e-21 1.13757e-21 6.00776e-22 3.16959e-22 1.67055e-22 8.79608e-23 4.62703e-23 2.43168e-23 1.27676e-23 6.69761e-24 3.5103e-24 1.83819e-24 9.61755e-25 5.02776e-25 2.6262e-25 1.37066e-25 7.14801e-26 3.7248e-26 1.93949e-26 1.00913e-26 5.24665e-27 2.72585e-27 1.41518e-27
2.86899e-05 5.94547e-05 8.36182e-05 9.69601e-05 9.95693e-05 9.38591e-05 8.2946e-05 6.9663e-05 5.61298e-05 4.3686e-05 3.30132e-05 2.43203e-05 1.75213e-05 1.23765e-05 8.58977e-06 5.86799e-06 3.95158e-06 2.62652e-06 1.72503e-06 1.12056e-06 7.2055e-07 4.58987e-07 2.89821e-07 1.81513e-07 1.12814e-07 6.96142e-08 4.26677e-08 2.59857e-08 1.57311e-08 9.4691e-09 5.66911e-09 3.37672e-09 2.00151e-09 1.18087e-09 6.93626e-10 4.05703e-10 2.36339e-10 1.37144e-10 7.92881e-11 4.56763e-11 2.62233e-11 1.50057e-11 8.55949e-12 4.86762e-12 2.76e-12 1.56053e-12 8.79924e-13 4.94847e-13 2.7758e-13 1.55321e-13 8.67033e-14 4.82874e-14 2.68323e-14 1.48777e-14 8.23187e-15 4.54538e-15 2.50483e-15 1.37767e-15 7.56306e-16 4.14434e-16 2.26695e-16 1.23787e-16 6.74803e-17 3.67254e-17 1.99554e-17 1.08262e-17 5.86455e-18 3.1721e-18 1.71329e-18 9.2406e-19 4.97703e-19 2.67704e-19 1.43803e-19 7.71475e-20 4.1336e-20 2.21208e-20 1.18236e-20 6.3123e-21 3.36608e-21 1.79296e-21 9.53973e-22 5.07028e-22 2.69195e-22 1.42774e-22 7.56467e-23 4.00402e-23 2.11728e-23 1.11851e-23 5.90331e-24 3.11278e-24 1.63986e-24 8.63135e-25 4.5391e-25 2.385e-25 1.25211e-25 6.568e-26 3.44248e-26 1.80287e-26 9.43438e-27 4.93319e-27 2.57758e-27
1.36618e-05 3.01289e-05 4.44493e-05 5.3673e-05 5.71274e-05 5.56269e-05 5.06487e-05 4.37364e-05 3.61711e-05 2.88545e-05 2.23217e-05 1.68155e-05 1.23765e-05 8.9238e-06 6.31725e-06 4.39877e-06 3.01742e-06 2.04183e-06 1.36452e-06 9.0147e-07 5.89269e-07 3.81418e-07 2.44631e-07 1.55564e-07 9.81362e-08 6.14452e-08 3.82013e-08 2.35925e-08 1.4479e-08 8.83309e-09 5.35839e-09 3.23314e-09 1.94087e-09 1.15946e-09 6.89445e-10 4.08148e-10 2.40599e-10 1.41255e-10 8.26088e-11 4.8131e-11 2.79424e-11 1.61661e-11 9.32188e-12 5.35812e-12 3.07031e-12 1.75413e-12 9.9929e-13 5.67698e-13 3.21646e-13 1.81765e-13 1.0246e-13 5.76155e-14 3.23222e-14 1.80912e-14 1.01035e-14 5.63042e-15 3.13113e-15 1.73771e-15 9.6249e-16 5.32084e-16 2.93597e-16 1.61708e-16 8.89082e-17 4.87979e-17 2.67381e-17 1.46267e-17 7.98852e-18 4.3562e-18 2.37185e-18 1.2895e-18 7.0004e-19 3.79497e-19 2.05442e-19 1.11067e-19 5.99653e-20 3.23335e-20 1.74123e-20 9.36521e-21 5.03097e-21 2.69941e-21 1.4467e-21 7.74451e-22 4.14116e-22 2.21194e-22 1.18021e-22 6.29051e-23 3.34938e-23 1.78156e-23 9.46688e-24 5.0256e-24 2.66534e-24 1.41224e-24 7.47593e-25 3.95391e-25 2.0893e-25 1.10305e-25 5.81856e-26 3.06668e-26 1.61496e-26 8.49766e-27 4.46775e-27
6.50564e-06 1.52124e-05 2.34867e-05 2.94789e-05 3.24699e-05 3.26152e-05 3.0559e-05 2.71018e-05 2.29826e-05 1.87733e-05 1.48537e-05 1.14328e-05 8.58977e-06 6.31725e-06 4.55811e-06 3.23282e-06 2.25746e-06 1.55418e-06 1.05618e-06 7.09228e-07 4.71015e-07 3.09623e-07 2.016e-07 1.301e-07 8.32621e-08 5.28709e-08 3.33264e-08 2.08615e-08 1.29733e-08 8.01787e-09 4.92615e-09 3.00971e-09 1.82907e-09 1.10593e-09 6.65464e-10 3.98576e-10 2.3767e-10 1.41122e-10 8.34548e-11 4.91601e-11 2.885e-11 1.68699e-11 9.83044e-12 5.70928e-12 3.30514e-12 1.90743e-12 1.09749e-12 6.29646e-13 3.60224e-13 2.05527e-13 1.16957e-13 6.63857e-14 3.75883e-14 2.1232e-14 1.19652e-14 6.72778e-15 3.7746e-15 2.11323e-15 1.18065e-15 6.58299e-16 3.66331e-16 2.03468e-16 1.12801e-16 6.24225e-17 3.44829e-17 1.9016e-17 1.0469e-17 5.75416e-18 3.15765e-18 1.73008e-18 9.46473e-19 5.17014e-19 2.8201e-19 1.53606e-19 8.35504e-20 4.53834e-20 2.46188e-20 1.33374e-20 7.21637e-21 3.89965e-21 2.10475e-21 1.13463e-21 6.10937e-22 3.28579e-22 1.76519e-22 9.47248e-23 5.07766e-23 2.71895e-23 1.4544e-23 7.77179e-24 4.14878e-24 2.21254e-24 1.1788e-24 6.27444e-25 3.33659e-25 1.77268e-25 9.4095e-26 4.99018e-26 2.64415e-26 1.39986e-26 7.4048e-27
3.09792e-06 7.65608e-06 1.23439e-05 1.60774e-05 1.83004e-05 1.89393e-05 1.82407e-05 1.65978e-05 1.44188e-05 1.205e-05 9.74337e-06 7.65651e-06 5.86799e-06 4.39877e-06 3.23282e-06 2.334e-06 1.65811e-06 1.16075e-06 8.01699e-07 5.46889e-07 3.68815e-07 2.46093e-07 1.62589e-07 1.06431e-07 6.9069e-08 4.44601e-08 2.84011e-08 1.80122e-08 1.13459e-08 7.10074e-09 4.41682e-09 2.73142e-09 1.67982e-09 1.02764e-09 6.25512e-10 3.78911e-10 2.28475e-10 1.37159e-10 8.19922e-11 4.88154e-11 2.89498e-11 1.71043e-11 1.00692e-11 5.90709e-12 3.45377e-12 2.01283e-12 1.1694e-12 6.77336e-13 3.9118e-13 2.25279e-13 1.29382e-13 7.411e-14 4.2341e-14 2.41302e-14 1.37186e-14 7.78103e-15 4.40324e-15 2.48624e-15 1.4008e-15 7.87581e-16 4.41904e-16 2.47455e-16 1.383e-16 7.71482e-17 4.29567e-17 2.38756e-17 1.3247e-17 7.33735e-18 4.05728e-18 2.23987e-18 1.23458e-18 6.7942e-19 3.73334e-19 2.04838e-19 1.12226e-19 6.13983e-20 3.3544e-20 1.83013e-20 9.97169e-21 5.42611e-21 2.94885e-21 1.60056e-21 8.67673e-22 4.69805e-22 2.54078e-22 1.3725e-22 7.40566e-23 3.99145e-23 2.14894e-23 1.15571e-23 6.20895e-24 3.33224e-24 1.78655e-24 9.56881e-25 5.12007e-25 2.737e-25 1.46172e-25 7.79914e-26 4.15751e-26 2.21426e-26 1.17826e-26
1.4752e-06 3.84197e-06 6.45641e-06 8.71318e-06 1.02363e-05 1.09025e-05 1.07827e-05 1.00574e-05 8.94298e-06 7.64035e-06 6.30877e-06 5.05788e-06 3.95158e-06 3.01742e-06 2.25746e-06 1.65811e-06 1.19773e-06 8.52119e-07 5.97845e-07 4.14099e-07 2.83444e-07 1.91889e-07 1.28583e-07 8.53411e-08 5.61359e-08 3.66157e-08 2.36948e-08 1.52192e-08 9.70649e-09 6.14931e-09 3.8711e-09 2.42227e-09 1.50701e-09 9.32463e-10 5.73957e-10 3.51526e-10 2.1427e-10 1.3001e-10 7.85391e-11 4.72459e-11 2.83063e-11 1.68932e-11 1.00441e-11 5.95029e-12 3.5128e-12 2.06684e-12 1.21213e-12 7.08645e-13 4.13037e-13 2.40034e-13 1.39098e-13 8.03839e-14 4.63295e-14 2.66329e-14 1.52717e-14 8.73561e-15 4.98503e-15 2.83817e-15 1.61226e-15 9.13865e-16 5.16899e-16 2.91762e-16 1.64353e-16 9.23997e-17 5.18479e-17 2.90389e-17 1.62344e-17 9.05985e-18 5.04719e-18 2.80699e-18 1.55852e-18 8.63933e-19 4.78145e-19 2.6422e-19 1.45786e-19 8.03192e-20 4.41869e-20 2.42746e-20 1.3317e-20 7.29572e-21 3.99164e-21 2.18105e-21 1.19021e-21 6.48691e-22 3.53115e-22 1.91986e-22 1.04258e-22 5.65512e-23 3.06394e-23 1.65818e-23 8.96409e-24 4.84074e-24 2.6113e-24 1.40718e-24 7.57525e-25 4.07388e-25 2.18872e-25 1.17476e-25 6.29936e-26 3.37469e-26 1.80622e-26
7.02477e-07 1.92295e-06 3.36232e-06 4.69514e-06 5.68629e-06 6.22663e-06 6.31799e-06 6.03573e-06 5.48915e-06 4.79069e-06 4.03688e-06 3.29987e-06 2.62652e-06 2.04183e-06 1.55418e-06 1.16075e-06 8.52119e-07 6.1581e-07 4.38679e-07 3.08385e-07 2.14152e-07 1.47033e-07 9.98873e-08 6.71912e-08 4.47808e-08 2.95866e-08 1.93884e-08 1.26076e-08 8.13867e-09 5.21758e-09 3.32303e-09 2.10324e-09 1.32332e-09 8.27911e-10 5.15174e-10 3.18919e-10 1.96454e-10 1.20443e-10 7.35074e-11 4.46668e-11 2.70283e-11 1.62892e-11 9.77898e-12 5.84874e-12 3.48548e-12 2.06991e-12 1.22512e-12 7.22753e-13 4.25046e-13 2.49207e-13 1.45681e-13 8.49188e-14 4.93629e-14 2.86174e-14 1.65472e-14 9.54377e-15 5.49091e-15 3.15158e-15 1.80469e-15 1.03107e-15 5.87788e-16 3.34362e-16 1.89804e-16 1.07524e-16 6.07917e-17 3.43036e-17 1.93202e-17 1.08613e-17 6.09493e-18 3.4142e-18 1.90925e-18 1.06587e-18 5.94063e-19 3.30568e-19 1.83657e-19 1.01879e-19 5.64294e-20 3.12095e-20 1.72362e-20 9.5056e-21 5.235e-21 2.87915e-21 1.58136e-21 8.67428e-22 4.75203e-22 2.60003e-22 1.42084e-22 7.75503e-23 4.22774e-23 2.30211e-23 1.25213e-23 6.80273e-24 3.6918e-24 2.00135e-24 1.08379e-24 5.86292e-25 3.16837e-25 1.71048e-25 9.22504e-26 4.97044e-26 2.67549e-26
3.34513e-07 9.60183e-07 1.74409e-06 2.51683e-06 3.13898e-06 3.53056e-06 3.67224e-06 3.59036e-06 3.33723e-06 2.97341e-06 2.55534e-06 2.12849e-06 1.72503e-06 1.36452e-06 1.05618e-06 8.01699e-07 5.97845e-07 4.38679e-07 3.17154e-07 2.26188e-07 1.5929e-07 1.10871e-07 7.63334e-08 5.20216e-08 3.51161e-08 2.34928e-08 1.55846e-08 1.02564e-08 6.69925e-09 4.34467e-09 2.79864e-09 1.79118e-09 1.13939e-09 7.20554e-10 4.53146e-10 2.83461e-10 1.76413e-10 1.09256e-10 6.73475e-11 4.13277e-11 2.5251e-11 1.53641e-11 9.31095e-12 5.62083e-12 3.38055e-12 2.02586e-12 1.20982e-12 7.20067e-13 4.27181e-13 2.52629e-13 1.48946e-13 8.75573e-14 5.13228e-14 2.99999e-14 1.74887e-14 1.01685e-14 5.89722e-15 3.41164e-15 1.96894e-15 1.13366e-15 6.51238e-16 3.73278e-16 2.13493e-16 1.21848e-16 6.93998e-17 3.94481e-17 2.2379e-17 1.26715e-17 7.16143e-18 4.03999e-18 2.27503e-18 1.2789e-18 7.17702e-19 4.02095e-19 2.24909e-19 1.256e-19 7.00318e-20 3.89885e-20 2.16734e-20 1.20305e-20 6.66825e-21 3.69088e-21 2.04009e-21 1.12611e-21 6.20774e-22 3.41761e-22 1.87913e-22 1.03192e-22 5.65979e-23 3.10049e-23 1.69647e-23 9.2716e-24 5.06135e-24 2.75988e-24 1.50326e-24 8.17914e-25 4.44546e-25 2.41363e-25 1.30911e-25 7.0932e-26 3.83949e-26
1.59292e-07 4.78418e-07 9.01425e-07 1.34273e-06 1.72285e-06 1.98866e-06 2.11871e-06 2.11849e-06 2.01123e-06 1.82827e-06 1.60152e-06 1.35861e-06 1.12056e-06 9.0147e-07 7.09228e-07 5.46889e-07 4.14099e-07 3.08385e-07 2.26188e-07 1.63588e-07 1.16788e-07 8.23783e-08 5.74585e-08 3.96591e-08 2.71059e-08 1.8356e-08 1.2323e-08 8.20531e-09 5.42132e-09 3.55569e-09 2.31587e-09 1.49839e-09 9.63372e-10 6.15672e-10 3.91209e-10 2.47219e-10 1.55407e-10 9.72006e-11 6.05018e-11 3.74844e-11 2.31203e-11 1.41994e-11 8.68463e-12 5.29054e-12 3.21054e-12 1.94108e-12 1.16937e-12 7.02023e-13 4.20043e-13 2.50511e-13 1.48933e-13 8.8274e-14 5.21661e-14 3.07396e-14 1.80633e-14 1.05857e-14 6.1873e-15 3.60721e-15 2.09778e-15 1.21702e-15 7.04385e-16 4.06749e-16 2.34353e-16 1.34731e-16 7.72927e-17 4.42496e-17 2.52814e-17 1.44156e-17 8.20403e-18 4.66018e-18 2.64227e-18 1.49544e-18 8.44881e-19 4.76512e-19 2.683e-19 1.50817e-19 8.46408e-20 4.74266e-20 2.65333e-20 1.48219e-20 8.26738e-21 4.60469e-21 2.56102e-21 1.42239e-21 7.88907e-22 4.36967e-22 2.41712e-22 1.33531e-22 7.36742e-23 4.05981e-23 2.2344e-23 1.22827e-23 6.74393e-24 3.6985e-24 2.02602e-24 1.10859e-24 6.05927e-25 3.30824e-25 1.80431e-25 9.83032e-26 5.35027e-26
7.58533e-08 2.37907e-07 4.64357e-07 7.13206e-07 9.40598e-07 1.11334e-06 1.21408e-06 1.2407e-06 1.20234e-06 1.11447e-06 9.94559e-07 8.58837e-07 7.2055e-07 5.89269e-07 4.71015e-07 3.68815e-07 2.83444e-07 2.14152e-07 1.5929e-07 1.16788e-07 8.44933e-08 6.03773e-08 4.26501e-08 2.98051e-08 2.06194e-08 1.41301e-08 9.59702e-09 6.46349e-09 4.31853e-09 2.86368e-09 1.88539e-09 1.23287e-09 8.00962e-10 5.17155e-10 3.31942e-10 2.1186e-10 1.34489e-10 8.49319e-11 5.33697e-11 3.33767e-11 2.07777e-11 1.28775e-11 7.94722e-12 4.88446e-12 2.99019e-12 1.82356e-12 1.10799e-12 6.70817e-13 4.04734e-13 2.43378e-13 1.45877e-13 8.71619e-14 5.19211e-14 3.08373e-14 1.82626e-14 1.07854e-14 6.35233e-15 3.73152e-15 2.18637e-15 1.27785e-15 7.45036e-16 4.33359e-16 2.51488e-16 1.45616e-16 8.41294e-17 4.85018e-17 2.79036e-17 1.60206e-17 9.17974e-18 5.24974e-18 2.99654e-18 1.70724e-18 9.70914e-19 5.51181e-19 3.12358e-19 1.76714e-19 9.98085e-20 5.62801e-20 3.16845e-20 1.78099e-20 9.99557e-21 5.60146e-21 3.1344e-21 1.75138e-21 9.77216e-22 5.44498e-22 3.02977e-22 1.68361e-22 9.34333e-23 5.17847e-23 2.86649e-23 1.58474e-23 8.75057e-24 4.82605e-24 2.65848e-24 1.46276e-24 8.03922e-25 4.41336e-25 2.42016e-25 1.32571e-25 7.2542e-26
3.61206e-08 1.18094e-07 2.38479e-07 3.77298e-07 5.11018e-07 6.19792e-07 6.91334e-07 7.21614e-07 7.13413e-07 6.73938e-07 6.12397e-07 5.38058e-07 4.58987e-07 3.81418e-07 3.09623e-07 2.46093e-07 1.91889e-07 1.47033e-07 1.10871e-07 8.23783e-08 6.03773e-08 4.36944e-08 3.12497e-08 2.21039e-08 1.54737e-08 1.07275e-08 7.3692e-09 5.01866e-09 3.39002e-09 2.27223e-09 1.51184e-09 9.98893e-10 6.55601e-10 4.27563e-10 2.77156e-10 1.78619e-10 1.14477e-10 7.29787e-11 4.62864e-11 2.92132e-11 1.83508e-11 1.14752e-11 7.14433e-12 4.42927e-12 2.73486e-12 1.68203e-12 1.03058e-12 6.2912e-13 3.82687e-13 2.31985e-13 1.40162e-13 8.44104e-14 5.06759e-14 3.03309e-14 1.81004e-14 1.07707e-14 6.39128e-15 3.78229e-15 2.23242e-15 1.31426e-15 7.71793e-16 4.52129e-16 2.64237e-16 1.5407e-16 8.96319e-17 5.20296e-17 3.01374e-17 1.742e-17 1.00485e-17 5.78473e-18 3.32365e-18 1.90597e-18 1.09095e-18 6.23302e-19 3.55479e-19 2.0238e-19 1.15021e-19 6.52613e-20 3.69675e-20 2.09066e-20 1.18049e-20 6.65526e-21 3.74636e-21 2.10575e-21 1.18187e-21 6.62386e-22 3.70715e-22 2.07191e-22 1.15641e-22 6.44578e-23 3.58816e-23 1.99485e-23 1.10764e-23 6.14261e-24 3.40233e-24 1.88226e-24 1.04009e-24 5.74066e-25 3.16488e-25 1.74288e-25 9.58734e-26
1.72003e-08 5.85229e-08 1.22131e-07 1.98851e-07 2.76376e-07 3.43236e-07 3.91367e-07 4.17014e-07 4.20374e-07 4.04516e-07 3.7411e-07 3.34288e-07 2.89821e-07 2.44631e-07 2.016e-07 1.62589e-07 1.28583e-07 9.98873e-08 7.63334e-08 5.74585e-08 4.26501e-08 3.12497e-08 2.26211e-08 1.61908e-08 1.14662e-08 8.0397e-09 5.5845e-09 3.84486e-09 2.62504e-09 1.77804e-09 1.19528e-09 7.97783e-10 5.2885e-10 3.48297e-10 2.27963e-10 1.48318e-10 9.59508e-11 6.17349e-11 3.95127e-11 2.51625e-11 1.59467e-11 1.00591e-11 6.31687e-12 3.94969e-12 2.4593e-12 1.52513e-12 9.42129e-13 5.79798e-13 3.55517e-13 2.17225e-13 1.32273e-13 8.02776e-14 4.85645e-14 2.92879e-14 1.76092e-14 1.05563e-14 6.31014e-15 3.76146e-15 2.23613e-15 1.32584e-15 7.841e-16 4.62555e-16 2.72205e-16 1.59807e-16 9.36025e-17 5.47011e-17 3.18966e-17 1.85591e-17 1.07759e-17 6.2439e-18 3.61065e-18 2.08381e-18 1.20032e-18 6.9011e-19 3.9604e-19 2.2687e-19 1.29733e-19 7.40577e-20 4.22042e-20 2.40116e-20 1.36389e-20 7.73476e-21 4.37961e-21 2.47604e-21 1.39774e-21 7.87874e-22 4.43463e-22 2.49253e-22 1.399e-22 7.84155e-23 4.38935e-23 2.45372e-23 1.36989e-23 7.63826e-24 4.2536e-24 2.36584e-24 1.31427e-24 7.29239e-25 4.04152e-25 2.23728e-25 1.23709e-25
8.19061e-09 2.89575e-08 6.2383e-08 1.04439e-07 1.48844e-07 1.89159e-07 2.2035e-07 2.3955e-07 2.46101e-07 2.41121e-07 2.26861e-07 2.06078e-07 1.81513e-07 1.55564e-07 1.301e-07 1.06431e-07 8.53411e-08 6.71912e-08 5.20216e-08 3.96591e-08 2.98051e-08 2.21039e-08 1.61908e-08 1.17231e-08 8.39663e-09 5.95304e-09 4.18023e-09 2.90886e-09 2.00687e-09 1.37336e-09 9.32596e-10 6.28659e-10 4.20822e-10 2.79823e-10 1.84885e-10 1.21415e-10 7.92694e-11 5.14647e-11 3.32339e-11 2.13507e-11 1.36486e-11 8.68343e-12 5.49915e-12 3.46715e-12 2.17667e-12 1.36086e-12 8.47429e-13 5.25671e-13 3.24863e-13 2.00039e-13 1.22745e-13 7.50616e-14 4.57507e-14 2.77963e-14 1.68355e-14 1.0166e-14 6.1207e-15 3.6746e-15 2.19994e-15 1.31352e-15 7.82198e-16 4.64603e-16 2.75271e-16 1.62696e-16 9.59317e-17 5.64335e-17 3.31228e-17 1.93979e-17 1.13356e-17 6.6102e-18 3.8467e-18 2.23401e-18 1.29486e-18 7.49069e-19 4.32513e-19 2.49272e-19 1.43403e-19 8.23521e-20 4.72101e-20 2.70181e-20 1.54366e-20 8.80511e-21 5.01443e-21 2.85118e-21 1.61867e-21 9.17554e-22 5.1935e-22 2.93531e-22 1.65663e-22 9.33657e-23 5.2547e-23 2.95337e-23 1.65771e-23 9.29248e-24 5.20228e-24 2.90875e-24 1.62434e-24 9.05975e-25 5.04699e-25 2.80824e-25 1.56073e-25
3.90029e-09 1.43081e-08 3.17874e-08 5.46751e-08 7.98467e-08 1.03774e-07 1.23433e-07 1.3684e-07 1.43206e-07 1.42795e-07 1.36623e-07 1.26118e-07 1.12814e-07 9.81362e-08 8.32621e-08 6.9069e-08 5.61359e-08 4.47808e-08 3.51161e-08 2.71059e-08 2.06194e-08 1.54737e-08 1.14662e-08 8.39663e-09 6.08101e-09 4.35833e-09 3.09314e-09 2.17497e-09 1.51599e-09 1.04792e-09 7.1867e-10 4.89181e-10 3.306e-10 2.21908e-10 1.47982e-10 9.80706e-11 6.46062e-11 4.23178e-11 2.75667e-11 1.7863e-11 1.15164e-11 7.38853e-12 4.71796e-12 2.99901e-12 1.89801e-12 1.19614e-12 7.50735e-13 4.69327e-13 2.92281e-13 1.81349e-13 1.12117e-13 6.90737e-14 4.24119e-14 2.59559e-14 1.58344e-14 9.62994e-15 5.83898e-15 3.53004e-15 2.12806e-15 1.27934e-15 7.6703e-16 4.58666e-16 2.73569e-16 1.62761e-16 9.65993e-17 5.71957e-17 3.37865e-17 1.9913e-17 1.17103e-17 6.87161e-18 4.02372e-18 2.35125e-18 1.37116e-18 7.9803e-19 4.63561e-19 2.68763e-19 1.55534e-19 8.98444e-20 5.18062e-20 2.98204e-20 1.71357e-20 9.83012e-21 5.62991e-21 3.21916e-21 1.83779e-21 1.04755e-21 5.96197e-22 3.38809e-22 1.92256e-22 1.08938e-22 6.16399e-23 3.48289e-23 1.96527e-23 1.10744e-23 6.23223e-24 3.5027e-24 1.9661e-24 1.10221e-24 6.17141e-25 3.45125e-25 1.92774e-25
1.85728e-09 7.0604e-09 1.61607e-08 2.85367e-08 4.26762e-08 5.66898e-08 6.88139e-08 7.7759e-08 8.28592e-08 8.40519e-08 8.1748e-08 7.66568e-08 6.96142e-08 6.14452e-08 5.28709e-08 4.44601e-08 3.66157e-08 2.95866e-08 2.34928e-08 1.8356e-08 1.41301e-08 1.07275e-08 8.0397e-09 5.95304e-09 4.35833e-09 3.15704e-09 2.26405e-09 1.60834e-09 1.13234e-09 7.90479e-10 5.47393e-10 3.76163e-10 2.56612e-10 1.7384e-10 1.16985e-10 7.82243e-11 5.1988e-11 3.43496e-11 2.25684e-11 1.47481e-11 9.58779e-12 6.20196e-12 3.99254e-12 2.5583e-12 1.63196e-12 1.03654e-12 6.55614e-13 4.13002e-13 2.59152e-13 1.61998e-13 1.00895e-13 6.26156e-14 3.87251e-14 2.38696e-14 1.4665e-14 8.98137e-15 5.4836e-15 3.33801e-15 2.02602e-15 1.22621e-15 7.40096e-16 4.45492e-16 2.67455e-16 1.60159e-16 9.56675e-17 5.70059e-17 3.38876e-17 2.0098e-17 1.18927e-17 7.02168e-18 4.13677e-18 2.43198e-18 1.42678e-18 8.35361e-19 4.88121e-19 2.84667e-19 1.65698e-19 9.62699e-20 5.58302e-20 3.23199e-20 1.8677e-20 1.07746e-20 6.20522e-21 3.56777e-21 2.04801e-21 1.17374e-21 6.7164e-22 3.83736e-22 2.18914e-22 1.24702e-22 7.09317e-23 4.0289e-23 2.2852e-23 1.29438e-23 7.32168e-24 4.136e-24 2.33336e-24 1.31469e-24 7.39796e-25 4.15777e-25 2.33386e-25
8.8442e-10 3.47973e-09 8.1988e-09 1.48521e-08 2.2731e-08 3.08453e-08 3.81926e-08 4.39696e-08 4.76874e-08 4.91923e-08 4.86169e-08 4.6295e-08 4.26677e-08 3.82013e-08 3.33264e-08 2.84011e-08 2.36948e-08 1.93884e-08 1.55846e-08 1.2323e-08 9.59702e-09 7.3692e-09 5.5845e-09 4.18023e-09 3.09314e-09 2.26405e-09 1.64031e-09 1.17699e-09 8.3685e-10 5.89873e-10 4.12376e-10 2.8604e-10 1.96934e-10 1.34624e-10 9.1405e-11 6.16583e-11 4.1334e-11 2.7544e-11 1.82497e-11 1.20251e-11 7.88175e-12 5.13971e-12 3.33517e-12 2.15396e-12 1.38474e-12 8.86301e-13 5.64855e-13 3.58506e-13 2.26631e-13 1.42711e-13 8.95295e-14 5.59619e-14 3.48565e-14 2.16364e-14 1.33856e-14 8.25442e-15 5.07419e-15 3.10969e-15 1.90008e-15 1.15762e-15 7.03289e-16 4.26093e-16 2.57459e-16 1.55158e-16 9.3268e-17 5.59251e-17 3.34521e-17 1.99622e-17 1.18846e-17 7.0595e-18 4.18408e-18 2.47448e-18 1.46031e-18 8.60015e-19 5.05456e-19 2.96481e-19 1.73565e-19 1.01415e-19 5.91462e-20 3.44316e-20 2.00082e-20 1.16063e-20 6.72089e-21 3.88531e-21 2.24235e-21 1.29203e-21 7.43269e-22 4.2691e-22 2.44826e-22 1.40191e-22 8.01559e-23 4.57632e-23 2.60899e-23 1.4853e-23 8.44413e-24 4.79404e-24 2.7181e-24 1.53906e-24 8.70325e-25 4.91533e-25 2.77254e-25
4.21152e-10 1.71303e-09 4.15127e-09 7.7094e-09 1.20683e-08 1.67204e-08 2.11083e-08 2.47481e-08 2.73076e-08 2.86355e-08 2.87479e-08 2.77898e-08 2.59857e-08 2.35925e-08 2.08615e-08 1.80122e-08 1.52192e-08 1.26076e-08 1.02564e-08 8.20531e-09 6.46349e-09 5.01866e-09 3.84486e-09 2.90886e-09 2.17497e-09 1.60834e-09 1.17699e-09 8.52885e-10 6.12294e-10 4.35703e-10 3.07451e-10 2.15225e-10 1.49522e-10 1.03125e-10 7.06332e-11 4.80587e-11 3.24918e-11 2.18337e-11 1.45861e-11 9.6897e-12 6.40222e-12 4.20813e-12 2.75212e-12 1.7912e-12 1.16036e-12 7.48306e-13 4.80476e-13 3.07208e-13 1.95622e-13 1.24075e-13 7.83949e-14 4.93486e-14 3.09525e-14 1.93461e-14 1.20508e-14 7.48167e-15 4.63005e-15 2.85637e-15 1.7568e-15 1.07731e-15 6.58727e-16 4.0165e-16 2.4423e-16 1.48111e-16 8.95868e-17 5.40496e-17 3.25283e-17 1.95288e-17 1.16965e-17 6.98929e-18 4.167e-18 2.47885e-18 1.47142e-18 8.71563e-19 5.15181e-19 3.03904e-19 1.78916e-19 1.05127e-19 6.16523e-20 3.60886e-20 2.1086e-20 1.2298e-20 7.15995e-21 4.16133e-21 2.41444e-21 1.39854e-21 8.08768e-22 4.66954e-22 2.69178e-22 1.54928e-22 8.90351e-23 5.10907e-23 2.92741e-23 1.67493e-23 9.56963e-24 5.45991e-24 3.11086e-24 1.77006e-24 1.00581e-24 5.70795e-25 3.23507e-25
2.00549e-10 8.42405e-10 2.098e-09 3.99179e-09 6.38781e-09 9.03172e-09 1.162e-08 1.38686e-08 1.55634e-08 1.65845e-08 1.69073e-08 1.65864e-08 1.57311e-08 1.4479e-08 1.29733e-08 1.13459e-08 9.70649e-09 8.13867e-09 6.69925e-09 5.42132e-09 4.31853e-09 3.39002e-09 2.62504e-09 2.00687e-09 1.51599e-09 1.13234e-09 8.3685e-10 6.12294e-10 4.43759e-10 3.18731e-10 2.2698e-10 1.60331e-10 1.12377e-10 7.81852e-11 5.40134e-11 3.7063e-11 2.52676e-11 1.71194e-11 1.15299e-11 7.7209e-12 5.14182e-12 3.40611e-12 2.24481e-12 1.47216e-12 9.60864e-13 6.24266e-13 4.03781e-13 2.60047e-13 1.66782e-13 1.06535e-13 6.77857e-14 4.29671e-14 2.71353e-14 1.70758e-14 1.07083e-14 6.69255e-15 4.16907e-15 2.58881e-15 1.60255e-15 9.89031e-16 6.08594e-16 3.7342e-16 2.28482e-16 1.39418e-16 8.48459e-17 5.15006e-17 3.1181e-17 1.88318e-17 1.13459e-17 6.81962e-18 4.08954e-18 2.44684e-18 1.46075e-18 8.70166e-19 5.17259e-19 3.0684e-19 1.81649e-19 1.07322e-19 6.32841e-20 3.72452e-20 2.18792e-20 1.2829e-20 7.50883e-21 4.38715e-21 2.55881e-21 1.48989e-21 8.66051e-22 5.02597e-22 2.91203e-22 1.68455e-22 9.72959e-23 5.61103e-23 3.23101e-23 1.85777e-23 1.06663e-23 6.1153e-24 3.50116e-24 2.00173e-24 1.1429e-24 6.51678e-25 3.71095e-25
9.54994e-11 4.13848e-10 1.05845e-09 2.06203e-09 3.3714e-09 4.86236e-09 6.37278e-09 7.73985e-09 8.83041e-09 9.559e-09 9.89278e-09 9.84615e-09 9.4691e-09 8.83309e-09 8.01787e-09 7.10074e-09 6.14931e-09 5.21758e-09 4.34467e-09 3.55569e-09 2.86368e-09 2.27223e-09 1.77804e-09 1.37336e-09 1.04792e-09 7.90479e-10 5.89873e-10 4.35703e-10 3.18731e-10 2.31035e-10 1.66016e-10 1.1831e-10 8.365e-11 5.86999e-11 4.08961e-11 2.82965e-11 1.945e-11 1.32848e-11 9.01887e-12 6.08712e-12 4.08538e-12 2.72711e-12 1.81095e-12 1.19654e-12 7.86759e-13 5.14894e-13 3.35447e-13 2.17583e-13 1.40534e-13 9.03969e-14 5.79152e-14 3.69617e-14 2.35008e-14 1.48877e-14 9.39807e-15 5.91227e-15 3.70695e-15 2.31668e-15 1.44324e-15 8.96337e-16 5.55008e-16 3.42653e-16 2.10945e-16 1.29502e-16 7.92867e-17 4.84142e-17 2.94863e-17 1.79131e-17 1.08554e-17 6.56254e-18 3.95796e-18 2.3816e-18 1.42983e-18 8.56522e-19 5.1198e-19 3.05385e-19 1.81777e-19 1.07981e-19 6.40166e-20 3.78781e-20 2.23693e-20 1.31856e-20 7.758e-21 4.55632e-21 2.67122e-21 1.56332e-21 9.13368e-22 5.3274e-22 3.1022e-22 1.80352e-22 1.04685e-22 6.06691e-23 3.51063e-23 2.02837e-23 1.17022e-23 6.74144e-24 3.87807e-24 2.22775e-24 1.27795e-24 7.321e-25 4.18835e-25
4.54759e-11 2.03119e-10 5.33118e-10 1.06281e-09 1.77456e-09 2.60949e-09 3.48267e-09 4.30262e-09 4.98899e-09 5.48456e-09 5.76042e-09 5.81504e-09 5.66911e-09 5.35839e-09 4.92615e-09 4.41682e-09 3.8711e-09 3.32303e-09 2.79864e-09 2.31587e-09 1.88539e-09 1.51184e-09 1.19528e-09 9.32596e-10 7.1867e-10 5.47393e-10 4.12376e-10 3.07451e-10 2.2698e-10 1.66016e-10 1.20355e-10 8.65199e-11 6.16992e-11 4.36629e-11 3.06735e-11 2.13978e-11 1.48271e-11 1.02081e-11 6.98473e-12 4.75084e-12 3.21297e-12 2.16098e-12 1.44574e-12 9.62286e-13 6.37341e-13 4.20112e-13 2.75647e-13 1.80053e-13 1.17104e-13 7.58438e-14 4.89222e-14 3.14327e-14 2.01185e-14 1.28292e-14 8.15148e-15 5.1612e-15 3.25675e-15 2.04823e-15 1.28402e-15 8.02411e-16 4.99912e-16 3.10523e-16 1.92322e-16 1.18777e-16 7.3153e-17 4.49322e-17 2.75256e-17 1.68189e-17 1.02509e-17 6.23242e-18 3.78012e-18 2.28735e-18 1.38089e-18 8.31772e-19 4.9991e-19 2.99806e-19 1.7942e-19 1.07152e-19 6.38627e-20 3.79865e-20 2.25508e-20 1.33618e-20 7.90227e-21 4.66486e-21 2.74878e-21 1.61686e-21 9.49393e-22 5.56516e-22 3.25672e-22 1.90268e-22 1.10981e-22 6.46306e-23 3.75793e-23 2.18168e-23 1.26467e-23 7.32008e-24 4.23078e-24 2.44174e-24 1.40723e-24 8.09885e-25 4.65466e-25
2.16552e-11 9.96038e-11 2.68102e-10 5.46647e-10 9.31651e-10 1.39626e-09 1.89686e-09 2.383e-09 2.80734e-09 3.13323e-09 3.33879e-09 3.41761e-09 3.37672e-09 3.23314e-09 3.00971e-09 2.73142e-09 2.42227e-09 2.10324e-09 1.79118e-09 1.49839e-09 1.23287e-09 9.98893e-10 7.97783e-10 6.28659e-10 4.89181e-10 3.76163e-10 2.8604e-10 2.15225e-10 1.60331e-10 1.1831e-10 8.65199e-11 6.27317e-11 4.51138e-11 3.21918e-11 2.28005e-11 1.60342e-11 1.11991e-11 7.77088e-12 5.35828e-12 3.67243e-12 2.50239e-12 1.69559e-12 1.14273e-12 7.66126e-13 5.11062e-13 3.39263e-13 2.2416e-13 1.47437e-13 9.65474e-14 6.29541e-14 4.08802e-14 2.64399e-14 1.7034e-14 1.09328e-14 6.99123e-15 4.45477e-15 2.82872e-15 1.79014e-15 1.12917e-15 7.09966e-16 4.45003e-16 2.78079e-16 1.73255e-16 1.07634e-16 6.66787e-17 4.11935e-17 2.53806e-17 1.55968e-17 9.5599e-18 5.84496e-18 3.56488e-18 2.16903e-18 1.31664e-18 7.97391e-19 4.81835e-19 2.90516e-19 1.74785e-19 1.04935e-19 6.28692e-20 3.75902e-20 2.24309e-20 1.33589e-20 7.9408e-21 4.71132e-21 2.7901e-21 1.64935e-21 9.73271e-22 5.73322e-22 3.37147e-22 1.97929e-22 1.16007e-22 6.78814e-23 3.96575e-23 2.31323e-23 1.34723e-23 7.83445e-24 4.54911e-24 2.63759e-24 1.52708e-24 8.82871e-25 5.09715e-25
1.0312e-11 4.8802e-11 1.3463e-10 2.80605e-10 4.87932e-10 7.44985e-10 1.02985e-09 1.31518e-09 1.57368e-09 1.78261e-09 1.92674e-09 1.9993e-09 2.00151e-09 1.94087e-09 1.82907e-09 1.67982e-09 1.50701e-09 1.32332e-09 1.13939e-09 9.63372e-10 8.00962e-10 6.55601e-10 5.2885e-10 4.20822e-10 3.306e-10 2.56612e-10 1.96934e-10 1.49522e-10 1.12377e-10 8.365e-11 6.16992e-11 4.51138e-11 3.2714e-11 2.35351e-11 1.68038e-11 1.19111e-11 8.38457e-12 5.86293e-12 4.07353e-12 2.81291e-12 1.93095e-12 1.31799e-12 8.94677e-13 6.04116e-13 4.05838e-13 2.71293e-13 1.80488e-13 1.19523e-13 7.87966e-14 5.17227e-14 3.38087e-14 2.20092e-14 1.42712e-14 9.21826e-15 5.93217e-15 3.80367e-15 2.43028e-15 1.54746e-15 9.82041e-16 6.21191e-16 3.9169e-16 2.46216e-16 1.54305e-16 9.64196e-17 6.00764e-17 3.73272e-17 2.31291e-17 1.42932e-17 8.80982e-18 5.4162e-18 3.32153e-18 2.03198e-18 1.24012e-18 7.55081e-19 4.58699e-19 2.78028e-19 1.6815e-19 1.01477e-19 6.11118e-20 3.67269e-20 2.20275e-20 1.3185e-20 7.87682e-21 4.69668e-21 2.79521e-21 1.6605e-21 9.84644e-22 5.82838e-22 3.44396e-22 2.03154e-22 1.19636e-22 7.03363e-23 4.12849e-23 2.41941e-23 1.41561e-23 8.27008e-24 4.82408e-24 2.80976e-24 1.63413e-24 9.4902e-25 5.50358e-25
