0.466918 0.0786687 0.0406089 0.0209624 0.0108208 0.00558572 0.00288336 0.00148839 0.000768311 0.000396603 0.000204727 0.000105681 5.45525e-05 2.81601e-05 1.45363e-05 7.50364e-06 3.87339e-06 1.99945e-06 1.03212e-06 5.32782e-07 2.75023e-07 1.41967e-07 7.32837e-08 3.78292e-08 1.95275e-08 1.00801e-08 5.20337e-09 2.68599e-09 1.38651e-09 7.15719e-10 3.69455e-10 1.90713e-10 9.84465e-11 5.08182e-11 2.62325e-11 1.35412e-11 6.99001e-12 3.60825e-12 1.86259e-12 9.61469e-13 4.96312e-13 2.56197e-13 1.32249e-13 6.82673e-14 3.52397e-14 1.81908e-14 9.39011e-15 4.84719e-15 2.50213e-15 1.2916e-15 6.66727e-16 3.44165e-16 1.77659e-16 9.17077e-17 4.73397e-17 2.44368e-17 1.26143e-17 6.51153e-18 3.36126e-18 1.73509e-18 8.95655e-19 4.62339e-19 2.3866e-19 1.23197e-19 6.35943e-20 3.28275e-20 1.69456e-20 8.74734e-21 4.51539e-21 2.33085e-21 1.20319e-21 6.21088e-22 3.20607e-22 1.65498e-22 8.54301e-23 4.40992e-23 2.27641e-23 1.17508e-23 6.0658e-24 3.13118e-24 1.61632e-24 8.34346e-25 4.30691e-25 2.22323e-25 1.14764e-25 5.92412e-26 3.05804e-26 1.57856e-26 8.14857e-27 4.2063e-27 2.1713e-27 1.12083e-27 5.78574e-28 2.98661e-28 1.54169e-28 7.95823e-29 4.10805e-29 2.12058e-29 1.09465e-29 5.65059e-30 2.91684e-30
0.0786687 0.0320775 0.0190047 0.011073 0.00636776 0.00362353 0.00204416 0.00114486 0.000637261 0.000352846 0.000194472 0.000106753 5.83923e-05 3.18386e-05 1.73108e-05 9.38786e-06 5.07936e-06 2.74242e-06 1.47782e-06 7.94945e-07 4.26919e-07 2.28928e-07 1.22588e-07 6.55588e-08 3.50179e-08 1.86835e-08 9.9579e-09 5.30209e-09 2.82047e-09 1.49904e-09 7.96065e-10 4.22418e-10 2.23983e-10 1.18682e-10 6.2844e-11 3.32559e-11 1.75878e-11 9.29621e-12 4.91092e-12 2.59294e-12 1.36838e-12 7.21793e-13 3.80557e-13 2.00557e-13 1.0565e-13 5.56327e-14 2.92833e-14 1.54081e-14 8.10441e-15 4.26132e-15 2.23986e-15 1.17695e-15 6.18247e-16 3.24664e-16 1.70444e-16 8.94555e-17 4.69369e-17 2.46212e-17 1.2912e-17 6.7697e-18 3.54848e-18 1.85958e-18 9.74296e-19 5.10355e-19 2.67277e-19 1.39946e-19 7.32612e-20 3.83445e-20 2.00655e-20 1.04982e-20 5.49169e-21 2.87223e-21 1.50196e-21 7.85286e-22 4.10512e-22 2.14563e-22 1.12129e-22 5.85892e-23 3.06092e-23 1.59892e-23 8.35099e-24 4.36106e-24 2.27713e-24 1.18885e-24 6.20599e-25 3.23923e-25 1.69052e-25 8.82157e-26 4.60279e-26 2.40131e-26 1.25264e-26 6.53366e-27 3.40754e-27 1.77697e-27 9.2656e-28 4.83086e-28 2.51844e-28 1.3128e-28 6.84263e-29 3.56621e-29 1.85846e-29
0.0406089 0.0190047 0.0120705 0.00747362 0.0045387 0.00271459 0.00160361 0.000937633 0.000543499 0.000312704 0.000178756 0.000101608 5.7466e-05 3.23554e-05 1.8144e-05 1.01376e-05 5.6454e-06 3.13429e-06 1.7353e-06 9.58283e-07 5.27939e-07 2.90213e-07 1.59206e-07 8.71705e-08 4.76434e-08 2.59959e-08 1.41619e-08 7.70358e-09 4.18459e-09 2.27005e-09 1.22991e-09 6.65564e-10 3.59762e-10 1.94255e-10 1.04781e-10 5.64633e-11 3.03979e-11 1.63505e-11 8.78717e-12 4.71856e-12 2.53179e-12 1.35743e-12 7.27265e-13 3.89372e-13 2.08327e-13 1.11389e-13 5.95213e-14 3.17863e-14 1.69651e-14 9.04957e-15 4.82464e-15 2.57084e-15 1.36919e-15 7.28857e-16 3.87805e-16 2.06245e-16 1.09638e-16 5.82574e-17 3.09427e-17 1.64281e-17 8.71858e-18 4.62527e-18 2.45282e-18 1.30027e-18 6.89051e-19 3.65021e-19 1.93303e-19 1.02334e-19 5.41575e-20 2.86526e-20 1.51544e-20 8.0128e-21 4.2355e-21 2.23822e-21 1.18245e-21 6.24519e-22 3.29758e-22 1.74074e-22 9.18675e-23 4.84713e-23 2.55684e-23 1.34841e-23 7.10951e-24 3.74766e-24 1.97509e-24 1.04068e-24 5.48225e-25 2.88742e-25 1.52046e-25 8.00484e-26 4.21353e-26 2.21747e-26 1.16678e-26 6.13817e-27 3.22858e-27 1.69789e-27 8.9275e-28 4.6933e-28 2.46691e-28 1.29646e-28 6.81231e-29
0.0209624 0.011073 0.00747362 0.00487477 0.0031002 0.00193333 0.00118685 0.000719221 0.000431129 0.000256045 0.000150845 8.82428e-05 5.12998e-05 2.96573e-05 1.70597e-05 9.76873e-06 5.57074e-06 3.1648e-06 1.79172e-06 1.01112e-06 5.68917e-07 3.19224e-07 1.78659e-07 9.97498e-08 5.55674e-08 3.08894e-08 1.71369e-08 9.48944e-09 5.24538e-09 2.89456e-09 1.59476e-09 8.77299e-10 4.8192e-10 2.64366e-10 1.44833e-10 7.92472e-11 4.33093e-11 2.36418e-11 1.28915e-11 7.02211e-12 3.82114e-12 2.07728e-12 1.12822e-12 6.12206e-13 3.31914e-13 1.79801e-13 9.73208e-14 5.26359e-14 2.84466e-14 1.53626e-14 8.29068e-15 4.47117e-15 2.40971e-15 1.29787e-15 6.98597e-16 3.75804e-16 2.02042e-16 1.08562e-16 5.83005e-17 3.12921e-17 1.67869e-17 9.00092e-18 4.8238e-18 2.58394e-18 1.38348e-18 7.40398e-19 3.96063e-19 2.11776e-19 1.13189e-19 6.0472e-20 3.22945e-20 1.72398e-20 9.19965e-21 4.90734e-21 2.61675e-21 1.39484e-21 7.43247e-22 3.95908e-22 2.10819e-22 1.12223e-22 5.97197e-23 3.17699e-23 1.68959e-23 8.98289e-24 4.77444e-24 2.5369e-24 1.3476e-24 7.1565e-25 3.79945e-25 2.01663e-25 1.07008e-25 5.6767e-26 3.01069e-26 1.59635e-26 8.46227e-27 4.48478e-27 2.37626e-27 1.25877e-27 6.66658e-28 3.5299e-28 1.86865e-28
0.0108208 0.00636776 0.0045387 0.0031002 0.00205328 0.00132821 0.000843231 0.000527194 0.000325406 0.000198672 0.000120156 7.20717e-05 4.2915e-05 2.53876e-05 1.4931e-05 8.73471e-06 5.08524e-06 2.94751e-06 1.70151e-06 9.78549e-07 5.60818e-07 3.20374e-07 1.82467e-07 1.0363e-07 5.86999e-08 3.31673e-08 1.86967e-08 1.05163e-08 5.90267e-09 3.30655e-09 1.84877e-09 1.03185e-09 5.74921e-10 3.19812e-10 1.77627e-10 9.85099e-11 5.4555e-11 3.01717e-11 1.66647e-11 9.19294e-12 5.06511e-12 2.78754e-12 1.53239e-12 8.41498e-13 4.61624e-13 2.52982e-13 1.38507e-13 7.57623e-14 4.1404e-14 2.26075e-14 1.23338e-14 6.72341e-15 3.66216e-15 1.9932e-15 1.08404e-15 5.89144e-16 3.19959e-16 1.73649e-16 9.41805e-17 5.10471e-17 2.76508e-17 1.49686e-17 8.09833e-18 4.37884e-18 2.36634e-18 1.27807e-18 6.89927e-19 3.72239e-19 2.00734e-19 1.08194e-19 5.8287e-20 3.1386e-20 1.68926e-20 9.08788e-21 4.88692e-21 2.62675e-21 1.4113e-21 7.57945e-22 4.06894e-22 2.18349e-22 1.17126e-22 6.2804e-23 3.36636e-23 1.80374e-23 9.66122e-24 5.17294e-24 2.76881e-24 1.4815e-24 7.92439e-25 4.2373e-25 2.26503e-25 1.21038e-25 6.46601e-26 3.45318e-26 1.84363e-26 9.84015e-27 5.25055e-27 2.80083e-27 1.49365e-27 7.96326e-28 4.24442e-28
0.00558572 0.00362353 0.00271459 0.00193333 0.00132821 0.00088797 0.00058103 0.000373597 0.000236742 0.000148171 9.17497e-05 5.6284e-05 3.42433e-05 2.06807e-05 1.24074e-05 7.3993e-06 4.38866e-06 2.59004e-06 1.52155e-06 8.90075e-07 5.18634e-07 3.01098e-07 1.74211e-07 1.00475e-07 5.77752e-08 3.31286e-08 1.89458e-08 1.08077e-08 6.15073e-09 3.49256e-09 1.97895e-09 1.11904e-09 6.31558e-10 3.55781e-10 2.00072e-10 1.12321e-10 6.29555e-11 3.52319e-11 1.96876e-11 1.09859e-11 6.1218e-12 3.40685e-12 1.89355e-12 1.05116e-12 5.82838e-13 3.228e-13 1.78584e-13 9.86935e-14 5.44865e-14 3.00509e-14 1.6558e-14 9.11488e-15 5.01305e-15 2.75468e-15 1.51242e-15 8.2968e-16 4.5478e-16 2.49088e-16 1.36324e-16 7.45542e-17 4.07435e-17 2.22506e-17 1.2143e-17 6.62251e-18 3.60942e-18 1.96597e-18 1.07016e-18 5.82182e-19 3.16529e-19 1.71996e-19 9.34071e-20 5.06995e-20 2.75039e-20 1.49127e-20 8.08161e-21 4.37745e-21 2.36991e-21 1.28243e-21 6.93633e-22 3.74997e-22 2.02642e-22 1.09456e-22 5.90964e-23 3.18933e-23 1.72051e-23 9.27761e-24 5.00084e-24 2.6945e-24 1.45127e-24 7.81361e-25 4.20528e-25 2.26246e-25 1.21677e-25 6.54166e-26 3.51573e-26 1.88884e-26 1.01445e-26 5.44659e-27 2.92334e-27 1.56854e-27 8.4135e-28
0.00288336 0.00204416 0.00160361 0.00118685 0.000843231 0.00058103 0.000390857 0.000257857 0.000167379 0.000107166 6.78059e-05 4.24604e-05 2.63471e-05 1.6216e-05 9.90786e-06 6.01368e-06 3.62815e-06 2.17688e-06 1.29953e-06 7.7215e-07 4.56809e-07 2.69163e-07 1.58001e-07 9.24222e-08 5.38835e-08 3.13173e-08 1.81485e-08 1.0488e-08 6.04514e-09 3.47569e-09 1.99365e-09 1.14099e-09 6.51608e-10 3.71367e-10 2.11238e-10 1.19931e-10 6.79695e-11 3.8455e-11 2.17209e-11 1.22494e-11 6.89753e-12 3.87826e-12 2.17755e-12 1.22098e-12 6.83726e-13 3.82388e-13 2.13598e-13 1.19172e-13 6.64136e-14 3.69707e-14 2.05586e-14 1.14203e-14 6.33755e-15 3.51351e-15 1.94603e-15 1.07685e-15 5.95349e-16 3.28859e-16 1.81501e-16 1.0009e-16 5.51506e-17 3.03648e-17 1.67055e-17 9.1839e-18 5.0452e-18 2.76963e-18 1.51938e-18 8.32948e-19 4.56335e-19 2.49844e-19 1.36705e-19 7.47532e-20 4.08522e-20 2.23124e-20 1.21795e-20 6.64454e-21 3.62296e-21 1.97437e-21 1.07538e-21 5.85429e-22 3.18541e-22 1.73237e-22 9.41686e-23 5.11639e-23 2.77855e-23 1.50825e-23 8.18339e-24 4.43815e-24 2.40592e-24 1.3037e-24 7.06141e-25 3.82321e-25 2.06914e-25 1.11938e-25 6.05339e-26 3.2723e-26 1.76826e-26 9.55161e-27 5.15763e-27 2.784e-27 1.50223e-27
0.00148839 0.00114486 0.000937633 0.000719221 0.000527194 0.000373597 0.000257857 0.000174216 0.000115641 7.56176e-05 4.88119e-05 3.11556e-05 1.96891e-05 1.2333e-05 7.66404e-06 4.72846e-06 2.89827e-06 1.76585e-06 1.06998e-06 6.45044e-07 3.87039e-07 2.31214e-07 1.37561e-07 8.15292e-08 4.8147e-08 2.83371e-08 1.66248e-08 9.72411e-09 5.67157e-09 3.29899e-09 1.91401e-09 1.10775e-09 6.39631e-10 3.68511e-10 2.11859e-10 1.21552e-10 6.96033e-11 3.9782e-11 2.26968e-11 1.29269e-11 7.35026e-12 4.17272e-12 2.3652e-12 1.33867e-12 7.56581e-13 4.27011e-13 2.40681e-13 1.35483e-13 7.61698e-14 4.27716e-14 2.39894e-14 1.34397e-14 7.52107e-15 4.20441e-15 2.3479e-15 1.30983e-15 7.29998e-16 4.06457e-16 2.26102e-16 1.25661e-16 6.97773e-17 3.87128e-17 2.14601e-17 1.18865e-17 6.57859e-18 3.63809e-18 2.01041e-18 1.11013e-18 6.12563e-19 3.37769e-19 1.86119e-19 1.02486e-19 5.63971e-20 3.10147e-20 1.70452e-20 9.36204e-21 5.13896e-21 2.81918e-21 1.54568e-21 8.46969e-22 4.63847e-22 2.53889e-22 1.38893e-22 7.59436e-23 4.15028e-23 2.26696e-23 1.23764e-23 6.75359e-24 3.68355e-24 2.00815e-24 1.09427e-24 5.96016e-25 3.24487e-25 1.76583e-25 9.60532e-26 5.22267e-26 2.83853e-26 1.54212e-26 8.37467e-27 4.54618e-27 2.46693e-27
0.000768311 0.000637261 0.000543499 0.000431129 0.000325406 0.000236742 0.000167379 0.000115641 7.83832e-05 5.22772e-05 3.43844e-05 2.2343e-05 1.4364e-05 9.14687e-06 5.77501e-06 3.61804e-06 2.2508e-06 1.39124e-06 8.54861e-07 5.22413e-07 3.17638e-07 1.92221e-07 1.15814e-07 6.94912e-08 4.15356e-08 2.47362e-08 1.46809e-08 8.68497e-09 5.12212e-09 3.01208e-09 1.76638e-09 1.03313e-09 6.02754e-10 3.50819e-10 2.0372e-10 1.18041e-10 6.82527e-11 3.93853e-11 2.26834e-11 1.304e-11 7.4829e-12 4.28663e-12 2.45156e-12 1.39983e-12 7.98062e-13 4.54309e-13 2.5825e-13 1.46597e-13 8.31041e-14 4.70493e-14 2.66032e-14 1.50239e-14 8.47445e-15 4.77463e-15 2.68707e-15 1.51058e-15 8.48301e-16 4.7589e-16 2.66702e-16 1.49321e-16 8.35223e-17 4.66746e-17 2.60595e-17 1.45368e-17 8.10206e-18 4.51189e-18 2.51053e-18 1.39581e-18 7.75433e-19 4.30459e-19 2.38778e-19 1.32355e-19 7.3312e-20 4.05795e-20 2.24461e-20 1.24075e-20 6.85398e-21 3.78375e-21 2.08751e-21 1.15098e-21 6.34227e-22 3.49272e-22 1.92234e-22 1.05743e-22 5.81337e-23 3.19423e-23 1.75417e-23 9.62825e-24 5.28199e-24 2.89619e-24 1.58723e-24 8.69437e-25 4.76022e-25 2.60502e-25 1.42492e-25 7.79063e-26 4.25754e-26 2.32569e-26 1.26986e-26 6.93066e-27 3.78102e-27
0.000396603 0.000352846 0.000312704 0.000256045 0.000198672 0.000148171 0.000107166 7.56176e-05 5.22772e-05 3.55222e-05 2.37815e-05 1.57166e-05 1.02688e-05 6.64156e-06 4.25657e-06 2.70563e-06 1.70694e-06 1.06952e-06 6.65915e-07 4.1221e-07 2.53789e-07 1.55469e-07 9.47939e-08 5.75454e-08 3.47897e-08 2.09512e-08 1.25712e-08 7.51706e-09 4.4802e-09 2.66194e-09 1.57696e-09 9.31583e-10 5.4886e-10 3.22547e-10 1.89088e-10 1.10591e-10 6.45364e-11 3.758e-11 2.1838e-11 1.26651e-11 7.33124e-12 4.23593e-12 2.44315e-12 1.40673e-12 8.08644e-13 4.641e-13 2.65948e-13 1.52172e-13 8.69459e-14 4.96085e-14 2.82667e-14 1.60851e-14 9.14153e-15 5.18892e-15 2.9418e-15 1.66588e-15 9.4228e-16 5.32398e-16 3.00487e-16 1.69419e-16 9.5423e-17 5.36925e-17 3.01824e-17 1.69505e-17 9.51069e-18 5.33151e-18 2.98612e-18 1.67105e-18 9.34352e-19 5.22005e-19 2.91401e-19 1.62543e-19 9.05964e-20 5.04579e-20 2.8082e-20 1.56177e-20 8.67956e-21 4.82037e-21 2.67529e-21 1.48379e-21 8.22419e-22 4.55552e-22 2.52181e-22 1.39515e-22 7.71379e-23 4.26246e-23 2.35397e-23 1.29926e-23 7.16718e-24 3.95152e-24 2.17744e-24 1.19922e-24 6.60124e-25 3.63188e-25 1.99719e-25 1.09772e-25 6.03055e-26 3.31141e-26 1.81747e-26 9.97056e-27 5.46733e-27
0.000204727 0.000194472 0.000178756 0.000150845 0.000120156 9.17497e-05 6.78059e-05 4.88119e-05 3.43844e-05 2.37815e-05 1.61913e-05 1.08735e-05 7.21449e-06 4.73557e-06 3.07854e-06 1.98394e-06 1.26842e-06 8.05087e-07 5.07602e-07 3.18073e-07 1.98175e-07 1.22818e-07 7.5739e-08 4.64901e-08 2.84124e-08 1.72932e-08 1.04848e-08 6.33372e-09 3.81288e-09 2.28782e-09 1.36847e-09 8.16123e-10 4.85342e-10 2.87849e-10 1.70278e-10 1.0048e-10 5.9152e-11 3.47434e-11 2.03623e-11 1.19088e-11 6.95078e-12 4.04905e-12 2.35428e-12 1.3664e-12 7.91661e-13 4.57897e-13 2.64415e-13 1.52448e-13 8.77587e-14 5.04448e-14 2.89547e-14 1.65965e-14 9.50011e-15 5.43088e-15 3.10068e-15 1.7681e-15 1.00701e-15 5.7286e-16 3.25514e-16 1.8476e-16 1.04755e-16 5.93313e-17 3.35696e-17 1.89746e-17 1.07145e-17 6.04447e-18 3.40673e-18 1.91833e-18 1.07924e-18 6.0665e-19 3.40712e-19 1.91194e-19 1.07203e-19 6.00615e-20 3.36236e-20 1.88088e-20 1.05136e-20 5.87254e-21 3.27784e-21 1.82828e-21 1.01906e-21 5.67625e-22 3.15963e-22 1.75763e-22 9.77104e-23 5.42853e-23 3.01409e-23 1.67251e-23 9.27518e-24 5.14071e-24 2.84758e-24 1.57646e-24 8.72272e-25 4.82374e-25 2.66614e-25 1.47284e-25 8.1321e-26 4.48776e-26 2.47537e-26 1.3647e-26 7.52007e-27
0.000105681 0.000106753 0.000101608 8.82428e-05 7.20717e-05 5.6284e-05 4.24604e-05 3.11556e-05 2.2343e-05 1.57166e-05 1.08735e-05 7.41489e-06 4.99244e-06 3.32355e-06 2.19017e-06 1.43009e-06 9.26017e-07 5.95053e-07 3.797e-07 2.40718e-07 1.51693e-07 9.50588e-08 5.92587e-08 3.67611e-08 2.27004e-08 1.39573e-08 8.54682e-09 5.21357e-09 3.16871e-09 1.91924e-09 1.15864e-09 6.97281e-10 4.18382e-10 2.50323e-10 1.49365e-10 8.88921e-11 5.27708e-11 3.12525e-11 1.84661e-11 1.08869e-11 6.4049e-12 3.76036e-12 2.20337e-12 1.2886e-12 7.52225e-13 4.38335e-13 2.54986e-13 1.48083e-13 8.58605e-14 4.97054e-14 2.87314e-14 1.65833e-14 9.558e-15 5.50126e-15 3.16208e-15 1.81516e-15 1.04065e-15 5.95881e-16 3.40792e-16 1.94675e-16 1.1108e-16 6.33104e-17 3.60449e-17 2.04999e-17 1.16469e-17 6.61047e-18 3.74822e-18 2.12324e-18 1.20161e-18 6.79409e-19 3.83802e-19 2.16621e-19 1.22158e-19 6.88295e-20 3.87499e-20 2.1798e-20 1.22523e-20 6.88149e-21 3.86205e-21 2.16586e-21 1.21374e-21 6.7969e-22 3.80356e-22 2.12702e-22 1.18866e-22 6.63832e-23 3.70489e-23 2.0664e-23 1.15181e-23 6.41621e-24 3.57202e-24 1.98743e-24 1.10513e-24 6.14167e-25 3.41125e-25 1.89365e-25 1.05063e-25 5.8259e-26 3.22885e-26 1.78857e-26 9.90245e-27
5.45525e-05 5.83923e-05 5.7466e-05 5.12998e-05 4.2915e-05 3.42433e-05 2.63471e-05 1.96891e-05 1.4364e-05 1.02688e-05 7.21449e-06 4.99244e-06 3.40898e-06 2.30028e-06 1.53572e-06 1.01546e-06 6.65595e-07 4.32793e-07 2.79354e-07 1.79093e-07 1.14095e-07 7.22616e-08 4.55171e-08 2.85245e-08 1.779e-08 1.10451e-08 6.82825e-09 4.20435e-09 2.57888e-09 1.57612e-09 9.59958e-10 5.82763e-10 3.52675e-10 2.12795e-10 1.28029e-10 7.68193e-11 4.59722e-11 2.74429e-11 1.63425e-11 9.70953e-12 5.75586e-12 3.40477e-12 2.00986e-12 1.18407e-12 6.96222e-13 4.0861e-13 2.39379e-13 1.39993e-13 8.17318e-14 4.76393e-14 2.77236e-14 1.61088e-14 9.34607e-15 5.41456e-15 3.13245e-15 1.80971e-15 1.04413e-15 6.0164e-16 3.46234e-16 1.99006e-16 1.14246e-16 6.55105e-17 3.75218e-17 2.14671e-17 1.22685e-17 7.00402e-18 3.99443e-18 2.27574e-18 1.29527e-18 7.36511e-19 4.18396e-19 2.37462e-19 1.3465e-19 7.62846e-20 4.31807e-20 2.44216e-20 1.38006e-20 7.79231e-21 4.39631e-21 2.4784e-21 1.39611e-21 7.85857e-22 4.42024e-22 2.48446e-22 1.39544e-22 7.83226e-23 4.39304e-23 2.46236e-23 1.37928e-23 7.72091e-24 4.31925e-24 2.41478e-24 1.34921e-24 7.53383e-25 4.20431e-25 2.34488e-25 1.30706e-25 7.28156e-26 4.05426e-26 2.25611e-26 1.2548e-26
2.81601e-05 3.18386e-05 3.23554e-05 2.96573e-05 2.53876e-05 2.06807e-05 1.6216e-05 1.2333e-05 9.14687e-06 6.64156e-06 4.73557e-06 3.32355e-06 2.30028e-06 1.57245e-06 1.06303e-06 7.11458e-07 4.7183e-07 3.10308e-07 2.02519e-07 1.31237e-07 8.44879e-08 5.40601e-08 3.43938e-08 2.17653e-08 1.37047e-08 8.58868e-09 5.35858e-09 3.32925e-09 2.06021e-09 1.27009e-09 7.80188e-10 4.77613e-10 2.91432e-10 1.77274e-10 1.07513e-10 6.50186e-11 3.92128e-11 2.35874e-11 1.41527e-11 8.4712e-12 5.05871e-12 3.01412e-12 1.79201e-12 1.0632e-12 6.29523e-13 3.72017e-13 2.1943e-13 1.29192e-13 7.59295e-14 4.45493e-14 2.60946e-14 1.52602e-14 8.9103e-15 5.19475e-15 3.0241e-15 1.75794e-15 1.02048e-15 5.91588e-16 3.42498e-16 1.98033e-16 1.14359e-16 6.59591e-17 3.79979e-17 2.18645e-17 1.25668e-17 7.21488e-18 4.13774e-18 2.37048e-18 1.35663e-18 7.75618e-19 4.43e-19 2.52778e-19 1.441e-19 8.20706e-20 4.67e-20 2.65497e-20 1.50808e-20 8.55891e-21 4.85345e-21 2.74996e-21 1.55687e-21 8.80719e-22 4.97836e-22 2.81194e-22 1.58709e-22 8.95119e-23 5.04485e-23 2.84125e-23 1.59908e-23 8.99364e-24 5.05488e-24 2.83923e-24 1.59372e-24 8.94016e-25 5.01197e-25 2.80806e-25 1.57232e-25 8.79868e-26 4.92086e-26 2.75052e-26 1.53653e-26
1.45363e-05 1.73108e-05 1.8144e-05 1.70597e-05 1.4931e-05 1.24074e-05 9.90786e-06 7.66404e-06 5.77501e-06 4.25657e-06 3.07854e-06 2.19017e-06 1.53572e-06 1.06303e-06 7.27368e-07 4.92521e-07 3.30345e-07 2.19652e-07 1.44889e-07 9.48701e-08 6.16958e-08 3.98676e-08 2.56098e-08 1.63599e-08 1.03965e-08 6.57454e-09 4.13839e-09 2.59357e-09 1.61869e-09 1.00629e-09 6.2324e-10 3.84631e-10 2.3657e-10 1.45033e-10 8.86398e-11 5.40136e-11 3.28203e-11 1.98883e-11 1.20203e-11 7.24664e-12 4.35819e-12 2.61493e-12 1.56544e-12 9.35126e-13 5.57431e-13 3.31613e-13 1.96888e-13 1.16676e-13 6.90157e-14 4.0751e-14 2.40203e-14 1.41348e-14 8.30416e-15 4.87095e-15 2.85276e-15 1.66827e-15 9.74178e-16 5.68061e-16 3.30791e-16 1.92366e-16 1.11722e-16 6.48025e-17 3.7541e-17 2.17217e-17 1.25536e-17 7.24668e-18 4.1785e-18 2.4067e-18 1.3847e-18 7.95853e-19 4.56942e-19 2.62091e-19 1.5018e-19 8.59717e-20 4.91685e-20 2.80941e-20 1.6038e-20 9.14743e-21 5.21278e-21 2.96803e-21 1.68851e-21 9.598e-22 5.45141e-22 3.0938e-22 1.75444e-22 9.94158e-23 5.62919e-23 3.18506e-23 1.80084e-23 1.01748e-23 5.74474e-24 3.2413e-24 1.82758e-24 1.02978e-24 5.79871e-25 3.26316e-25 1.83516e-25 1.03143e-25 5.79346e-26 3.2522e-26 1.82457e-26
7.50364e-06 9.38786e-06 1.01376e-05 9.76873e-06 8.73471e-06 7.3993e-06 6.01368e-06 4.72846e-06 3.61804e-06 2.70563e-06 1.98394e-06 1.43009e-06 1.01546e-06 7.11458e-07 4.92521e-07 3.37281e-07 2.28706e-07 1.5369e-07 1.02428e-07 6.77433e-08 4.44872e-08 2.90229e-08 1.88179e-08 1.21311e-08 7.77819e-09 4.96189e-09 3.15014e-09 1.99086e-09 1.25281e-09 7.85162e-10 4.90172e-10 3.04884e-10 1.88969e-10 1.16731e-10 7.18767e-11 4.41218e-11 2.70045e-11 1.64813e-11 1.00315e-11 6.0898e-12 3.68764e-12 2.22762e-12 1.34251e-12 8.07264e-13 4.84359e-13 2.90004e-13 1.73283e-13 1.03336e-13 6.15065e-14 3.65414e-14 2.16706e-14 1.28292e-14 7.58217e-15 4.47378e-15 2.6355e-15 1.55017e-15 9.10412e-16 5.339e-16 3.12651e-16 1.82833e-16 1.06773e-16 6.22716e-17 3.6271e-17 2.11e-17 1.22594e-17 7.11436e-18 4.12375e-18 2.38754e-18 1.38078e-18 7.97665e-19 4.60311e-19 2.65355e-19 1.52812e-19 8.7913e-20 5.05267e-20 2.90115e-20 1.66421e-20 9.53778e-21 5.46124e-21 3.12428e-21 1.78579e-21 1.01986e-21 5.81947e-22 3.31796e-22 1.8902e-22 1.07597e-22 6.12003e-23 3.47837e-23 1.97547e-23 1.1211e-23 6.35779e-24 3.60294e-24 2.04034e-24 1.15465e-24 6.52983e-25 3.69033e-25 2.08422e-25 1.17636e-25 6.63534e-26 3.74037e-26 2.10716e-26
3.87339e-06 5.07936e-06 5.6454e-06 5.57074e-06 5.08524e-06 4.38866e-06 3.62815e-06 2.89827e-06 2.2508e-06 1.70694e-06 1.26842e-06 9.26017e-07 6.65595e-07 4.7183e-07 3.30345e-07 2.28706e-07 1.56731e-07 1.0641e-07 7.16285e-08 4.78357e-08 3.17126e-08 2.08809e-08 1.36615e-08 8.88503e-09 5.74631e-09 3.69685e-09 2.36656e-09 1.50786e-09 9.56479e-10 6.04165e-10 3.80096e-10 2.38217e-10 1.48754e-10 9.25666e-11 5.74111e-11 3.54939e-11 2.18769e-11 1.34445e-11 8.23919e-12 5.03555e-12 3.06958e-12 1.86647e-12 1.13217e-12 6.85154e-13 4.137e-13 2.4925e-13 1.49855e-13 8.99123e-14 5.38405e-14 3.21786e-14 1.91963e-14 1.1431e-14 6.79507e-15 4.0324e-15 2.38899e-15 1.41309e-15 8.34534e-16 4.92105e-16 2.89753e-16 1.70362e-16 1.00024e-16 5.86464e-17 3.43397e-17 2.0081e-17 1.17279e-17 6.84093e-18 3.98549e-18 2.31917e-18 1.34797e-18 7.82587e-19 4.53841e-19 2.62908e-19 1.52139e-19 8.7948e-20 5.07889e-20 2.93007e-20 1.68874e-20 9.72368e-21 5.59359e-21 3.21477e-21 1.84594e-21 1.05901e-21 6.07024e-22 3.47648e-22 1.98935e-22 1.13743e-22 6.4981e-23 3.7094e-23 2.11584e-23 1.20595e-23 6.86833e-24 3.90886e-24 2.22297e-24 1.2633e-24 7.17421e-25 4.07137e-25 2.30894e-25 1.30856e-25 7.4112e-26 4.1947e-26 2.37267e-26
1.99945e-06 2.74242e-06 3.13429e-06 3.1648e-06 2.94751e-06 2.59004e-06 2.17688e-06 1.76585e-06 1.39124e-06 1.06952e-06 8.05087e-07 5.95053e-07 4.32793e-07 3.10308e-07 2.19652e-07 1.5369e-07 1.0641e-07 7.29685e-08 4.95956e-08 3.34351e-08 2.23704e-08 1.48622e-08 9.80929e-09 6.43455e-09 4.19652e-09 2.72207e-09 1.75664e-09 1.12813e-09 7.21174e-10 4.59017e-10 2.9095e-10 1.83694e-10 1.15542e-10 7.24138e-11 4.52286e-11 2.81563e-11 1.74731e-11 1.08106e-11 6.66911e-12 4.10272e-12 2.51714e-12 1.54034e-12 9.40249e-13 5.72559e-13 3.47845e-13 2.1085e-13 1.2753e-13 7.69732e-14 4.63637e-14 2.78713e-14 1.67226e-14 1.00147e-14 5.98674e-15 3.57255e-15 2.12826e-15 1.26576e-15 7.51577e-16 4.45568e-16 2.63748e-16 1.55889e-16 9.20051e-17 5.4224e-17 3.19133e-17 1.8757e-17 1.10099e-17 6.45427e-18 3.77888e-18 2.20977e-18 1.29065e-18 7.52938e-19 4.38745e-19 2.55374e-19 1.48479e-19 8.62353e-20 5.00319e-20 2.89975e-20 1.67894e-20 9.71134e-21 5.61178e-21 3.23973e-21 1.86857e-21 1.07675e-21 6.19908e-22 3.5658e-22 2.04932e-22 1.17677e-22 6.75171e-23 3.8706e-23 2.21714e-23 1.269e-23 7.25761e-24 4.14756e-24 2.36846e-24 1.3515e-24 7.7064e-25 4.39113e-25 2.50031e-25 1.42269e-25 8.0897e-26 4.59687e-26 2.61039e-26
1.03212e-06 1.47782e-06 1.7353e-06 1.79172e-06 1.70151e-06 1.52155e-06 1.29953e-06 1.06998e-06 8.54861e-07 6.65915e-07 5.07602e-07 3.797e-07 2.79354e-07 2.02519e-07 1.44889e-07 1.02428e-07 7.16285e-08 4.95956e-08 3.40282e-08 2.31514e-08 1.56289e-08 1.04743e-08 6.9723e-09 4.61184e-09 3.0324e-09 1.98274e-09 1.28958e-09 8.34569e-10 5.37552e-10 3.44689e-10 2.2008e-10 1.39948e-10 8.86485e-11 5.59458e-11 3.51824e-11 2.20502e-11 1.37749e-11 8.57845e-12 5.32634e-12 3.2976e-12 2.03593e-12 1.25362e-12 7.69931e-13 4.7169e-13 2.88283e-13 1.75781e-13 1.06943e-13 6.49211e-14 3.93283e-14 2.3776e-14 1.43454e-14 8.63878e-15 5.19257e-15 3.11548e-15 1.86596e-15 1.11567e-15 6.65958e-16 3.96874e-16 2.36141e-16 1.40289e-16 8.32191e-17 4.92933e-17 2.91563e-17 1.72216e-17 1.01583e-17 5.98407e-18 3.52052e-18 2.06855e-18 1.21392e-18 7.11515e-19 4.16548e-19 2.43581e-19 1.42275e-19 8.301e-20 4.83794e-20 2.81662e-20 1.6381e-20 9.51723e-21 5.52388e-21 3.20295e-21 1.8554e-21 1.07378e-21 6.2085e-22 3.58644e-22 2.06991e-22 1.1936e-22 6.87687e-23 3.95872e-23 2.27697e-23 1.30859e-23 7.51454e-24 4.31178e-24 2.47215e-24 1.41631e-24 8.10808e-25 4.63827e-25 2.65141e-25 1.51457e-25 8.64556e-26 4.9317e-26 2.81128e-26
5.32782e-07 7.94945e-07 9.58283e-07 1.01112e-06 9.78549e-07 8.90075e-07 7.7215e-07 6.45044e-07 5.22413e-07 4.1221e-07 3.18073e-07 2.40718e-07 1.79093e-07 1.31237e-07 9.48701e-08 6.77433e-08 4.78357e-08 3.34351e-08 2.31514e-08 1.58924e-08 1.08222e-08 7.31474e-09 4.90969e-09 3.27397e-09 2.16988e-09 1.42986e-09 9.37104e-10 6.11014e-10 3.9646e-10 2.5606e-10 1.64655e-10 1.05437e-10 6.72478e-11 4.27277e-11 2.70494e-11 1.70645e-11 1.07294e-11 6.72457e-12 4.2016e-12 2.61745e-12 1.62593e-12 1.00724e-12 6.22314e-13 3.83509e-13 2.35759e-13 1.44585e-13 8.84658e-14 5.40076e-14 3.28998e-14 1.99995e-14 1.21328e-14 7.34585e-15 4.43905e-15 2.6775e-15 1.61205e-15 9.68868e-16 5.81306e-16 3.48193e-16 2.08223e-16 1.24322e-16 7.41135e-17 4.41156e-17 2.6221e-17 1.55627e-17 9.22381e-18 5.45937e-18 3.22698e-18 1.90494e-18 1.12309e-18 6.61307e-19 3.88923e-19 2.28457e-19 1.34041e-19 7.85552e-20 4.59859e-20 2.68904e-20 1.57074e-20 9.1654e-21 5.34257e-21 3.11107e-21 1.80983e-21 1.05182e-21 6.107e-22 3.54249e-22 2.05299e-22 1.18871e-22 6.87661e-23 3.97462e-23 2.29532e-23 1.32442e-23 7.63568e-24 4.39861e-24 2.53184e-24 1.45618e-24 8.36866e-25 4.80581e-25 2.75773e-25 1.58131e-25 9.06078e-26 5.18805e-26 2.9685e-26
2.75023e-07 4.26919e-07 5.27939e-07 5.68917e-07 5.60818e-07 5.18634e-07 4.56809e-07 3.87039e-07 3.17638e-07 2.53789e-07 1.98175e-07 1.51693e-07 1.14095e-07 8.44879e-08 6.16958e-08 4.44872e-08 3.17126e-08 2.23704e-08 1.56289e-08 1.08222e-08 7.43232e-09 5.06525e-09 3.42742e-09 2.30368e-09 1.53867e-09 1.02164e-09 6.74562e-10 4.43052e-10 2.89544e-10 1.88327e-10 1.21942e-10 7.86186e-11 5.048e-11 3.22859e-11 2.05723e-11 1.30616e-11 8.2645e-12 5.21202e-12 3.27658e-12 2.05358e-12 1.2833e-12 7.99688e-13 4.96968e-13 3.08031e-13 1.90439e-13 1.1745e-13 7.22632e-14 4.43591e-14 2.71695e-14 1.66051e-14 1.01273e-14 6.164e-15 3.74433e-15 2.27015e-15 1.3738e-15 8.29862e-16 5.00406e-16 3.01227e-16 1.81025e-16 1.08612e-16 6.50616e-17 3.89135e-17 2.32391e-17 1.38579e-17 8.25187e-18 4.90677e-18 2.91369e-18 1.72786e-18 1.0233e-18 6.05257e-19 3.57546e-19 2.10956e-19 1.24316e-19 7.31736e-20 4.30209e-20 2.52647e-20 1.48207e-20 8.68465e-21 5.08363e-21 2.97264e-21 1.73647e-21 1.01334e-21 5.90769e-22 3.4408e-22 2.00212e-22 1.1639e-22 6.75994e-23 3.92266e-23 2.27423e-23 1.31738e-23 7.62464e-24 4.40922e-24 2.54769e-24 1.47089e-24 8.48529e-25 4.89117e-25 2.81724e-25 1.62145e-25 9.32526e-26 5.35917e-26 3.07765e-26
1.41967e-07 2.28928e-07 2.90213e-07 3.19224e-07 3.20374e-07 3.01098e-07 2.69163e-07 2.31214e-07 1.92221e-07 1.55469e-07 1.22818e-07 9.50588e-08 7.22616e-08 5.40601e-08 3.98676e-08 2.90229e-08 2.08809e-08 1.48622e-08 1.04743e-08 7.31474e-09 5.06525e-09 3.48004e-09 2.37344e-09 1.60763e-09 1.08191e-09 7.23702e-10 4.81325e-10 3.18394e-10 2.09538e-10 1.37229e-10 8.94582e-11 5.80603e-11 3.75243e-11 2.41548e-11 1.54891e-11 9.89583e-12 6.30011e-12 3.99738e-12 2.52808e-12 1.59386e-12 1.00185e-12 6.27907e-13 3.92441e-13 2.44614e-13 1.52075e-13 9.43055e-14 5.83391e-14 3.60045e-14 2.21698e-14 1.36208e-14 8.3505e-15 5.10876e-15 3.11917e-15 1.90068e-15 1.15597e-15 7.0174e-16 4.25227e-16 2.57217e-16 1.55322e-16 9.36353e-17 5.63558e-17 3.38647e-17 2.03181e-17 1.2172e-17 7.2811e-18 4.34917e-18 2.5942e-18 1.54526e-18 9.19212e-19 5.46081e-19 3.23996e-19 1.91988e-19 1.13624e-19 6.71652e-20 3.96555e-20 2.33862e-20 1.37759e-20 8.10586e-21 4.76434e-21 2.79732e-21 1.64068e-21 9.61302e-22 5.62673e-22 3.29019e-22 1.92204e-22 1.12173e-22 6.54044e-23 3.80999e-23 2.21742e-23 1.28939e-23 7.49098e-24 4.34831e-24 2.52193e-24 1.46146e-24 8.46217e-25 4.89584e-25 2.83028e-25 1.6349e-25 9.43672e-26 5.44279e-26 3.13689e-26
7.32837e-08 1.22588e-07 1.59206e-07 1.78659e-07 1.82467e-07 1.74211e-07 1.58001e-07 1.37561e-07 1.15814e-07 9.47939e-08 7.5739e-08 5.92587e-08 4.55171e-08 3.43938e-08 2.56098e-08 1.88179e-08 1.36615e-08 9.80929e-09 6.9723e-09 4.90969e-09 3.42742e-09 2.37344e-09 1.63126e-09 1.11329e-09 7.5478e-10 5.08547e-10 3.40637e-10 2.26904e-10 1.50352e-10 9.91314e-11 6.50508e-11 4.24945e-11 2.76403e-11 1.79047e-11 1.15526e-11 7.42609e-12 4.75632e-12 3.03583e-12 1.93124e-12 1.22463e-12 7.74169e-13 4.8795e-13 3.0667e-13 1.92205e-13 1.20143e-13 7.49054e-14 4.65844e-14 2.89014e-14 1.78887e-14 1.10472e-14 6.80721e-15 4.1856e-15 2.56829e-15 1.57273e-15 9.61202e-16 5.86335e-16 3.57002e-16 2.16976e-16 1.3164e-16 7.97296e-17 4.82087e-17 2.91021e-17 1.75401e-17 1.05552e-17 6.34221e-18 3.80517e-18 2.27971e-18 1.36386e-18 8.14821e-19 4.86146e-19 2.89666e-19 1.72372e-19 1.02444e-19 6.0809e-20 3.60514e-20 2.13481e-20 1.26267e-20 7.45977e-21 4.40224e-21 2.59505e-21 1.52809e-21 8.98864e-22 5.28188e-22 3.10056e-22 1.81827e-22 1.06524e-22 6.23479e-23 3.64572e-23 2.12981e-23 1.24308e-23 7.24887e-24 4.22334e-24 2.45847e-24 1.42989e-24 8.30948e-25 4.82488e-25 2.79928e-25 1.62277e-25 9.39999e-26 5.44076e-26 3.14673e-26
3.78292e-08 6.55588e-08 8.71705e-08 9.97498e-08 1.0363e-07 1.00475e-07 9.24222e-08 8.15292e-08 6.94912e-08 5.75454e-08 4.64901e-08 3.67611e-08 2.85245e-08 2.17653e-08 1.63599e-08 1.21311e-08 8.88503e-09 6.43455e-09 4.61184e-09 3.27397e-09 2.30368e-09 1.60763e-09 1.11329e-09 7.65415e-10 5.22694e-10 3.54677e-10 2.39226e-10 1.60442e-10 1.07027e-10 7.10309e-11 4.69132e-11 3.08415e-11 2.01865e-11 1.31571e-11 8.541e-12 5.52311e-12 3.55839e-12 2.28446e-12 1.46161e-12 9.32091e-13 5.92534e-13 3.75533e-13 2.37306e-13 1.49534e-13 9.39689e-14 5.88952e-14 3.68184e-14 2.29602e-14 1.42838e-14 8.86546e-15 5.49009e-15 3.39241e-15 2.09176e-15 1.28713e-15 7.90418e-16 4.84446e-16 2.96352e-16 1.80954e-16 1.10292e-16 6.71056e-17 4.07596e-17 2.47159e-17 1.49629e-17 9.04408e-18 5.45808e-18 3.28895e-18 1.97893e-18 1.18898e-18 7.13358e-19 4.27403e-19 2.55729e-19 1.52808e-19 9.11906e-20 5.43503e-20 3.2353e-20 1.92352e-20 1.14225e-20 6.77514e-21 4.01399e-21 2.37545e-21 1.40422e-21 8.29191e-22 4.89117e-22 2.88216e-22 1.69659e-22 9.97702e-23 5.86132e-23 3.44007e-23 2.0171e-23 1.18162e-23 6.91559e-24 4.04378e-24 2.36243e-24 1.37895e-24 8.04205e-25 4.68614e-25 2.72836e-25 1.5872e-25 9.22595e-26 5.35852e-26 3.10984e-26
1.95275e-08 3.50179e-08 4.76434e-08 5.55674e-08 5.86999e-08 5.77752e-08 5.38835e-08 4.8147e-08 4.15356e-08 3.47897e-08 2.84124e-08 2.27004e-08 1.779e-08 1.37047e-08 1.03965e-08 7.77819e-09 5.74631e-09 4.19652e-09 3.0324e-09 2.16988e-09 1.53867e-09 1.08191e-09 7.5478e-10 5.22694e-10 3.59477e-10 2.45622e-10 1.66799e-10 1.12616e-10 7.5617e-11 5.05092e-11 3.35712e-11 2.2208e-11 1.4625e-11 9.5899e-12 6.26244e-12 4.07344e-12 2.6396e-12 1.70427e-12 1.09655e-12 7.03168e-13 4.49459e-13 2.86398e-13 1.81948e-13 1.15258e-13 7.28074e-14 4.58678e-14 2.88207e-14 1.80635e-14 1.12936e-14 7.04419e-15 4.38357e-15 2.72178e-15 1.68629e-15 1.04255e-15 6.43231e-16 3.96069e-16 2.43406e-16 1.49303e-16 9.14127e-17 5.58681e-17 3.40848e-17 2.07595e-17 1.26226e-17 7.6626e-18 4.64422e-18 2.81045e-18 1.69817e-18 1.02458e-18 6.17276e-19 3.71363e-19 2.23109e-19 1.33858e-19 8.02044e-20 4.7994e-20 2.86829e-20 1.71205e-20 1.02066e-20 6.07751e-21 3.61459e-21 2.1473e-21 1.2742e-21 7.55263e-22 4.47185e-22 2.64493e-22 1.56273e-22 9.22375e-23 5.43866e-23 3.20365e-23 1.88527e-23 1.10837e-23 6.51012e-24 3.82023e-24 2.23972e-24 1.31192e-24 7.67787e-25 4.48948e-25 2.62289e-25 1.53109e-25 8.93017e-26 5.20435e-26 3.03057e-26
1.00801e-08 1.86835e-08 2.59959e-08 3.08894e-08 3.31673e-08 3.31286e-08 3.13173e-08 2.83371e-08 2.47362e-08 2.09512e-08 1.72932e-08 1.39573e-08 1.10451e-08 8.58868e-09 6.57454e-09 4.96189e-09 3.69685e-09 2.72207e-09 1.98274e-09 1.42986e-09 1.02164e-09 7.23702e-10 5.08547e-10 3.54677e-10 2.45622e-10 1.68971e-10 1.15514e-10 7.85018e-11 5.305e-11 3.56596e-11 2.38488e-11 1.5873e-11 1.05161e-11 6.93646e-12 4.55613e-12 2.98062e-12 1.94241e-12 1.26114e-12 8.15911e-13 5.26059e-13 3.3806e-13 2.16558e-13 1.38301e-13 8.80622e-14 5.59132e-14 3.54029e-14 2.23565e-14 1.40814e-14 8.84703e-15 5.54492e-15 3.46712e-15 2.16296e-15 1.34637e-15 8.36264e-16 5.18335e-16 3.20621e-16 1.97929e-16 1.21952e-16 7.49979e-17 4.60376e-17 2.82097e-17 1.72555e-17 1.0537e-17 6.4237e-18 3.90974e-18 2.37587e-18 1.44154e-18 8.73317e-19 5.28293e-19 3.19117e-19 1.9249e-19 1.15949e-19 6.97487e-20 4.19014e-20 2.51394e-20 1.50636e-20 9.0149e-21 5.38841e-21 3.21691e-21 1.91825e-21 1.14254e-21 6.79744e-22 4.03958e-22 2.39802e-22 1.42201e-22 8.42359e-23 4.98474e-23 2.94677e-23 1.74027e-23 1.02674e-23 6.05183e-24 3.56369e-24 2.09657e-24 1.23231e-24 7.23668e-25 4.24594e-25 2.48902e-25 1.45784e-25 8.53146e-26 4.98857e-26 2.91455e-26
5.20337e-09 9.9579e-09 1.41619e-08 1.71369e-08 1.86967e-08 1.89458e-08 1.81485e-08 1.66248e-08 1.46809e-08 1.25712e-08 1.04848e-08 8.54682e-09 6.82825e-09 5.35858e-09 4.13839e-09 3.15014e-09 2.36656e-09 1.75664e-09 1.28958e-09 9.37104e-10 6.74562e-10 4.81325e-10 3.40637e-10 2.39226e-10 1.66799e-10 1.15514e-10 7.94863e-11 5.43654e-11 3.69712e-11 2.50058e-11 1.68257e-11 1.12659e-11 7.50786e-12 4.98103e-12 3.29048e-12 2.16478e-12 1.41859e-12 9.26103e-13 6.02397e-13 3.90471e-13 2.52251e-13 1.62432e-13 1.04267e-13 6.67293e-14 4.25812e-14 2.70953e-14 1.71944e-14 1.08826e-14 6.87015e-15 4.32636e-15 2.71791e-15 1.70347e-15 1.06524e-15 6.64665e-16 4.13836e-16 2.57128e-16 1.59437e-16 9.86673e-17 6.09426e-17 3.75712e-17 2.31204e-17 1.42025e-17 8.70915e-18 5.33152e-18 3.25842e-18 1.9882e-18 1.21123e-18 7.36755e-19 4.47468e-19 2.71369e-19 1.64335e-19 9.93769e-20 6.00122e-20 3.61913e-20 2.17968e-20 1.31104e-20 7.8756e-21 4.72508e-21 2.83141e-21 1.69462e-21 1.01305e-21 6.04906e-22 3.60787e-22 2.14946e-22 1.27918e-22 7.60446e-23 4.51592e-23 2.679e-23 1.58766e-23 9.39952e-24 5.55939e-24 3.28494e-24 1.93916e-24 1.14365e-24 6.73868e-25 3.96699e-25 2.33324e-25 1.37113e-25 8.05043e-26 4.72272e-26 2.76822e-26
2.68599e-09 5.30209e-09 7.70358e-09 9.48944e-09 1.05163e-08 1.08077e-08 1.0488e-08 9.72411e-09 8.68497e-09 7.51706e-09 6.33372e-09 5.21357e-09 4.20435e-09 3.32925e-09 2.59357e-09 1.99086e-09 1.50786e-09 1.12813e-09 8.34569e-10 6.11014e-10 4.43052e-10 3.18394e-10 2.26904e-10 1.60442e-10 1.12616e-10 7.85018e-11 5.43654e-11 3.74185e-11 2.56042e-11 1.74231e-11 1.17937e-11 7.94315e-12 5.32421e-12 3.55247e-12 2.35996e-12 1.5612e-12 1.02866e-12 6.75157e-13 4.415e-13 2.8768e-13 1.86809e-13 1.20906e-13 7.80039e-14 5.01702e-14 3.21725e-14 2.05719e-14 1.31176e-14 8.34192e-15 5.29108e-15 3.34752e-15 2.1127e-15 1.3302e-15 8.35586e-16 5.23709e-16 3.27521e-16 2.04393e-16 1.2729e-16 7.9113e-17 4.90738e-17 3.03823e-17 1.87751e-17 1.15813e-17 7.13113e-18 4.38338e-18 2.68984e-18 1.64788e-18 1.00792e-18 6.15518e-19 3.75307e-19 2.28495e-19 1.38908e-19 8.43237e-20 5.11162e-20 3.09433e-20 1.87062e-20 1.12935e-20 6.80935e-21 4.10043e-21 2.46609e-21 1.48134e-21 8.8875e-22 5.32587e-22 3.18785e-22 1.90595e-22 1.13826e-22 6.79034e-23 4.04646e-23 2.40879e-23 1.43242e-23 8.50938e-24 5.04997e-24 2.99399e-24 1.77333e-24 1.04933e-24 6.2034e-25 3.6639e-25 2.16203e-25 1.27465e-25 7.50821e-26 4.4188e-26 2.59838e-26
1.38651e-09 2.82047e-09 4.18459e-09 5.24538e-09 5.90267e-09 6.15073e-09 6.04514e-09 5.67157e-09 5.12212e-09 4.4802e-09 3.81288e-09 3.16871e-09 2.57888e-09 2.06021e-09 1.61869e-09 1.25281e-09 9.56479e-10 7.21174e-10 5.37552e-10 3.9646e-10 2.89544e-10 2.09538e-10 1.50352e-10 1.07027e-10 7.5617e-11 5.305e-11 3.69712e-11 2.56042e-11 1.76267e-11 1.20663e-11 8.21574e-12 5.56538e-12 3.75166e-12 2.51725e-12 1.68149e-12 1.11842e-12 7.40866e-13 4.88841e-13 3.21333e-13 2.10458e-13 1.37359e-13 8.93482e-14 5.79298e-14 3.74418e-14 2.41265e-14 1.5501e-14 9.931e-15 6.34504e-15 4.04316e-15 2.56973e-15 1.62918e-15 1.03037e-15 6.50124e-16 4.09264e-16 2.57065e-16 1.61117e-16 1.00769e-16 6.28951e-17 3.91778e-17 2.43566e-17 1.51137e-17 9.36088e-18 5.78734e-18 3.5717e-18 2.20051e-18 1.35344e-18 8.31079e-19 5.09503e-19 3.11867e-19 1.906e-19 1.16312e-19 7.0874e-20 4.31244e-20 2.62027e-20 1.5899e-20 9.63396e-21 5.82993e-21 3.52336e-21 2.12665e-21 1.28201e-21 7.7189e-22 4.6419e-22 2.78819e-22 1.6728e-22 1.00247e-22 6.00087e-23 3.58821e-23 2.14325e-23 1.27882e-23 7.62236e-24 4.53864e-24 2.69975e-24 1.60432e-24 9.52435e-25 5.64889e-25 3.34719e-25 1.9815e-25 1.17196e-25 6.92529e-26 4.08864e-26 2.4118e-26
7.15719e-10 1.49904e-09 2.27005e-09 2.89456e-09 3.30655e-09 3.49256e-09 3.47569e-09 3.29899e-09 3.01208e-09 2.66194e-09 2.28782e-09 1.91924e-09 1.57612e-09 1.27009e-09 1.00629e-09 7.85162e-10 6.04165e-10 4.59017e-10 3.44689e-10 2.5606e-10 1.88327e-10 1.37229e-10 9.91314e-11 7.10309e-11 5.05092e-11 3.56596e-11 2.50058e-11 1.74231e-11 1.20663e-11 8.30857e-12 5.68984e-12 3.87624e-12 2.62762e-12 1.77277e-12 1.19061e-12 7.96157e-13 5.30173e-13 3.5164e-13 2.32332e-13 1.52937e-13 1.00316e-13 6.55751e-14 4.27237e-14 2.77467e-14 1.79644e-14 1.15963e-14 7.46397e-15 4.79079e-15 3.06668e-15 1.95789e-15 1.24682e-15 7.92031e-16 5.01926e-16 3.17339e-16 2.0018e-16 1.25997e-16 7.91351e-17 4.95985e-17 3.10229e-17 1.93658e-17 1.20656e-17 7.50309e-18 4.65729e-18 2.88566e-18 1.78482e-18 1.10205e-18 6.79325e-19 4.18066e-19 2.56871e-19 1.57582e-19 9.65233e-20 5.90345e-20 3.60531e-20 2.19864e-20 1.33892e-20 8.14249e-21 4.94505e-21 2.99923e-21 1.8167e-21 1.09901e-21 6.64018e-22 4.00704e-22 2.41515e-22 1.45396e-22 8.74288e-23 5.25124e-23 3.15053e-23 1.88811e-23 1.13032e-23 6.75945e-24 4.03803e-24 2.4098e-24 1.43666e-24 8.55649e-25 5.0911e-25 3.02629e-25 1.79721e-25 1.0663e-25 6.32071e-26 3.74333e-26 2.21495e-26
3.69455e-10 7.96065e-10 1.22991e-09 1.59476e-09 1.84877e-09 1.97895e-09 1.99365e-09 1.91401e-09 1.76638e-09 1.57696e-09 1.36847e-09 1.15864e-09 9.59958e-10 7.80188e-10 6.2324e-10 4.90172e-10 3.80096e-10 2.9095e-10 2.2008e-10 1.64655e-10 1.21942e-10 8.94582e-11 6.50508e-11 4.69132e-11 3.35712e-11 2.38488e-11 1.68257e-11 1.17937e-11 8.21574e-12 5.68984e-12 3.91864e-12 2.68452e-12 1.82979e-12 1.24119e-12 8.38044e-13 5.63345e-13 3.77086e-13 2.51383e-13 1.6693e-13 1.10432e-13 7.27921e-14 4.78141e-14 3.13015e-14 2.04249e-14 1.3286e-14 8.61599e-15 5.57111e-15 3.59204e-15 2.30964e-15 1.48111e-15 9.47333e-16 6.04402e-16 3.84669e-16 2.4424e-16 1.54719e-16 9.77902e-17 6.16733e-17 3.88128e-17 2.43754e-17 1.52775e-17 9.55641e-18 5.96629e-18 3.71792e-18 2.3126e-18 1.4359e-18 8.90003e-19 5.50703e-19 3.40188e-19 2.09803e-19 1.29186e-19 7.94215e-20 4.87527e-20 2.9882e-20 1.82888e-20 1.11773e-20 6.82153e-21 4.15744e-21 2.53038e-21 1.53804e-21 9.3366e-22 5.66051e-22 3.42752e-22 2.07286e-22 1.2521e-22 7.55429e-23 4.55244e-23 2.74031e-23 1.64766e-23 9.89595e-24 5.93714e-24 3.55824e-24 2.13029e-24 1.27407e-24 7.61221e-25 4.54354e-25 2.70928e-25 1.61396e-25 9.60552e-26 5.7114e-26 3.39285e-26 2.0137e-26
1.90713e-10 4.22418e-10 6.65564e-10 8.77299e-10 1.03185e-09 1.11904e-09 1.14099e-09 1.10775e-09 1.03313e-09 9.31583e-10 8.16123e-10 6.97281e-10 5.82763e-10 4.77613e-10 3.84631e-10 3.04884e-10 2.38217e-10 1.83694e-10 1.39948e-10 1.05437e-10 7.86186e-11 5.80603e-11 4.24945e-11 3.08415e-11 2.2208e-11 1.5873e-11 1.12659e-11 7.94315e-12 5.56538e-12 3.87624e-12 2.68452e-12 1.84918e-12 1.26724e-12 8.6418e-13 5.86554e-13 3.96331e-13 2.66645e-13 1.78653e-13 1.19223e-13 7.92583e-14 5.24964e-14 3.46475e-14 2.2789e-14 1.49397e-14 9.76276e-15 6.36005e-15 4.13095e-15 2.67536e-15 1.72781e-15 1.11283e-15 7.14855e-16 4.5803e-16 2.92746e-16 1.86654e-16 1.18731e-16 7.53525e-17 4.77162e-17 3.01505e-17 1.9011e-17 1.19626e-17 7.51231e-18 4.7084e-18 2.9454e-18 1.83911e-18 1.14625e-18 7.13152e-19 4.42925e-19 2.74626e-19 1.69994e-19 1.05056e-19 6.48213e-20 3.99338e-20 2.45642e-20 1.50875e-20 9.25335e-21 5.66708e-21 3.46586e-21 2.11674e-21 1.29103e-21 7.86383e-22 4.78375e-22 2.90636e-22 1.76356e-22 1.0688e-22 6.46965e-23 3.91158e-23 2.36221e-23 1.42492e-23 8.5857e-24 5.16752e-24 3.10683e-24 1.86591e-24 1.11946e-24 6.70936e-25 4.01709e-25 2.40276e-25 1.43576e-25 8.57103e-26 5.11178e-26 3.04582e-26 1.81316e-26
9.84465e-11 2.23983e-10 3.59762e-10 4.8192e-10 5.74921e-10 6.31558e-10 6.51608e-10 6.39631e-10 6.02754e-10 5.4886e-10 4.85342e-10 4.18382e-10 3.52675e-10 2.91432e-10 2.3657e-10 1.88969e-10 1.48754e-10 1.15542e-10 8.86485e-11 6.72478e-11 5.048e-11 3.75243e-11 2.76403e-11 2.01865e-11 1.4625e-11 1.05161e-11 7.50786e-12 5.32421e-12 3.75166e-12 2.62762e-12 1.82979e-12 1.26724e-12 8.73063e-13 5.98499e-13 4.08326e-13 2.77309e-13 1.87506e-13 1.26252e-13 8.46652e-14 5.65563e-14 3.76383e-14 2.4958e-14 1.64922e-14 1.08614e-14 7.12988e-15 4.66568e-15 3.04388e-15 1.97998e-15 1.28428e-15 8.30719e-16 5.35902e-16 3.44815e-16 2.21304e-16 1.41685e-16 9.04949e-17 5.76652e-17 3.66625e-17 2.3258e-17 1.47229e-17 9.30049e-18 5.86318e-18 3.6889e-18 2.31643e-18 1.45184e-18 9.08272e-19 5.6719e-19 3.5357e-19 2.20025e-19 1.3669e-19 8.47785e-20 5.24968e-20 3.24559e-20 2.00347e-20 1.23485e-20 7.5998e-21 4.67044e-21 2.86612e-21 1.7564e-21 1.07488e-21 6.56918e-22 4.0095e-22 2.44404e-22 1.4879e-22 9.04687e-23 5.49404e-23 3.33244e-23 2.01893e-23 1.22173e-23 7.38473e-24 4.45869e-24 2.68906e-24 1.62004e-24 9.74957e-25 5.86126e-25 3.52005e-25 2.11187e-25 1.26576e-25 7.57892e-26 4.53361e-26 2.70936e-26 1.61764e-26
