0.958137 0.00969503 0.00505268 0.00263326 0.00137236 0.00071522 0.000372745 0.000194261 0.000101241 5.27631e-05 2.74981e-05 1.4331e-05 7.46875e-06 3.89243e-06 2.02859e-06 1.05722e-06 5.50983e-07 2.87152e-07 1.49652e-07 7.79931e-08 4.06471e-08 2.11837e-08 1.10401e-08 5.7537e-09 2.99861e-09 1.56276e-09 8.14451e-10 4.24461e-10 2.21213e-10 1.15288e-10 6.00835e-11 3.13132e-11 1.63193e-11 8.50498e-12 4.43247e-12 2.31003e-12 1.2039e-12 6.27428e-13 3.26991e-13 1.70415e-13 8.8814e-14 4.62865e-14 2.41227e-14 1.25719e-14 6.55197e-15 3.41464e-15 1.77958e-15 9.27449e-16 4.83351e-16 2.51904e-16 1.31283e-16 6.84196e-17 3.56577e-17 1.85834e-17 9.68497e-18 5.04744e-18 2.63053e-18 1.37093e-18 7.14478e-19 3.72359e-19 1.94059e-19 1.01136e-19 5.27083e-20 2.74696e-20 1.43161e-20 7.461e-21 3.88839e-21 2.02648e-21 1.05612e-21 5.50412e-22 2.86853e-22 1.49497e-22 7.79122e-23 4.06049e-23 2.11617e-23 1.10287e-23 5.74772e-24 2.99549e-24 1.56114e-24 8.13605e-25 4.2402e-25 2.20983e-25 1.15168e-25 6.00211e-26 3.12807e-26 1.63023e-26 8.49615e-27 4.42787e-27 2.30764e-27 1.20265e-27 6.26776e-28 3.26652e-28 1.70239e-28 8.87218e-29 4.62384e-29 2.40977e-29 1.25588e-29 6.54517e-30 3.41109e-30 1.77773e-30 9.26486e-31
0.00969503 0.000304774 0.000160945 8.49768e-05 4.48592e-05 2.36773e-05 1.24952e-05 6.59307e-06 3.47829e-06 1.83477e-06 9.67682e-07 5.10298e-07 2.69063e-07 1.4185e-07 7.47729e-08 3.94098e-08 2.07688e-08 1.09437e-08 5.76586e-09 3.03749e-09 1.59998e-09 8.42686e-10 4.43782e-10 2.33682e-10 1.23037e-10 6.47743e-11 3.40977e-11 1.79475e-11 9.44584e-12 4.97091e-12 2.61571e-12 1.37627e-12 7.24069e-13 3.80906e-13 2.00363e-13 1.05385e-13 5.54249e-14 2.91471e-14 1.53268e-14 8.05883e-15 4.23701e-15 2.22748e-15 1.17094e-15 6.15494e-16 3.23505e-16 1.70023e-16 8.9352e-17 4.69538e-17 2.46722e-17 1.29633e-17 6.81074e-18 3.57804e-18 1.87962e-18 9.87337e-19 5.18603e-19 2.72382e-19 1.43052e-19 7.51254e-20 3.94505e-20 2.07155e-20 1.08771e-20 5.71091e-21 2.9983e-21 1.57406e-21 8.26311e-22 4.33755e-22 2.27679e-22 1.19503e-22 6.27209e-23 3.29174e-23 1.72749e-23 9.06541e-24 4.75705e-24 2.49613e-24 1.30972e-24 6.87176e-25 3.60528e-25 1.89143e-25 9.92254e-26 5.20519e-26 2.73044e-26 1.43222e-26 7.51223e-27 3.94013e-27 2.06649e-27 1.08378e-27 5.68369e-28 2.98059e-28 1.563e-28 8.19593e-29 4.29755e-29 2.25335e-29 1.18146e-29 6.19434e-30 3.24754e-30 1.70255e-30 8.92543e-31 4.6789e-31 2.4527e-31 1.28567e-31 6.73906e-32
0.00505268 0.000160945 8.50431e-05 4.49287e-05 2.3732e-05 1.25335e-05 6.61816e-06 3.49409e-06 1.84443e-06 9.73475e-07 5.13716e-07 2.71055e-07 1.42998e-07 7.54302e-08 3.97832e-08 2.09796e-08 1.10621e-08 5.83212e-09 3.07439e-09 1.62047e-09 8.54024e-10 4.50038e-10 2.37126e-10 1.24929e-10 6.58109e-11 3.46646e-11 1.82571e-11 9.61458e-12 5.06275e-12 2.66563e-12 1.40337e-12 7.3876e-13 3.88861e-13 2.04666e-13 1.07711e-13 5.66805e-14 2.98244e-14 1.56918e-14 8.25541e-15 4.34279e-15 2.28436e-15 1.20151e-15 6.31908e-16 3.32314e-16 1.74748e-16 9.18847e-17 4.83107e-17 2.53988e-17 1.33522e-17 7.01877e-18 3.68928e-18 1.93907e-18 1.0191e-18 5.35565e-19 2.81436e-19 1.47884e-19 7.77027e-20 4.08249e-20 2.1448e-20 1.12674e-20 5.91885e-21 3.10904e-21 1.63301e-21 8.57688e-22 4.50449e-22 2.36559e-22 1.24225e-22 6.52315e-23 3.42518e-23 1.7984e-23 9.44212e-24 4.95713e-24 2.60238e-24 1.36612e-24 7.17115e-25 3.76416e-25 1.97573e-25 1.03697e-25 5.44235e-26 2.85619e-26 1.49889e-26 7.86562e-27 4.12741e-27 2.16573e-27 1.13636e-27 5.96219e-28 3.1281e-28 1.64111e-28 8.60948e-29 4.51648e-29 2.36923e-29 1.24279e-29 6.51884e-30 3.41923e-30 1.79337e-30 9.40583e-31 4.93297e-31 2.58705e-31 1.3567e-31 7.11461e-32 3.7308e-32
0.00263326 8.49768e-05 4.49287e-05 2.37503e-05 1.25526e-05 6.63324e-06 3.50464e-06 1.85135e-06 9.77831e-07 5.16382e-07 2.72654e-07 1.43942e-07 7.59802e-08 4.01006e-08 2.11613e-08 1.11654e-08 5.89042e-09 3.10716e-09 1.6388e-09 8.64239e-10 4.55711e-10 2.40266e-10 1.26662e-10 6.67652e-11 3.51889e-11 1.85444e-11 9.77182e-12 5.14863e-12 2.71246e-12 1.42887e-12 7.52621e-13 3.96387e-13 2.08748e-13 1.09922e-13 5.78769e-14 3.04711e-14 1.60411e-14 8.44384e-15 4.44438e-15 2.33908e-15 1.23096e-15 6.47752e-16 3.4083e-16 1.79322e-16 9.43404e-17 4.96282e-17 2.61052e-17 1.37308e-17 7.22156e-18 3.79785e-18 1.99716e-18 1.05017e-18 5.52177e-19 2.90314e-19 1.52626e-19 8.02349e-20 4.21765e-20 2.21692e-20 1.16521e-20 6.12395e-21 3.21836e-21 1.69126e-21 8.88718e-22 4.66974e-22 2.45356e-22 1.28907e-22 6.77226e-23 3.55769e-23 1.86887e-23 9.81677e-24 5.15627e-24 2.7082e-24 1.42234e-24 7.46978e-25 3.92274e-25 2.05992e-25 1.08166e-25 5.67954e-26 2.98205e-26 1.56566e-26 8.21976e-27 4.31522e-27 2.26531e-27 1.18914e-27 6.24198e-28 3.27636e-28 1.71967e-28 9.02567e-29 4.73693e-29 2.48598e-29 1.30461e-29 6.84616e-30 3.5925e-30 1.88508e-30 9.89119e-31 5.1898e-31 2.72293e-31 1.42859e-31 7.49483e-32 3.93189e-32 2.06265e-32
0.00137236 4.48592e-05 2.3732e-05 1.25526e-05 6.63827e-06 3.50992e-06 1.85551e-06 9.80741e-07 5.18292e-07 2.73857e-07 1.44678e-07 7.64218e-08 4.03614e-08 2.13133e-08 1.12531e-08 5.94065e-09 3.13571e-09 1.65493e-09 8.73307e-10 4.60785e-10 2.43095e-10 1.28233e-10 6.76352e-11 3.56693e-11 1.8809e-11 9.9172e-12 5.22835e-12 2.75609e-12 1.4527e-12 7.65622e-13 4.03467e-13 2.12598e-13 1.12013e-13 5.90113e-14 3.10858e-14 1.63738e-14 8.62375e-15 4.54156e-15 2.39153e-15 1.25925e-15 6.62993e-16 3.49037e-16 1.83738e-16 9.67144e-17 5.09037e-17 2.67902e-17 1.40983e-17 7.41871e-18 3.90353e-18 2.05379e-18 1.0805e-18 5.68408e-19 2.98998e-19 1.5727e-19 8.27172e-20 4.35028e-20 2.28776e-20 1.20303e-20 6.32583e-21 3.32606e-21 1.74871e-21 9.19346e-22 4.83298e-22 2.54054e-22 1.3354e-22 7.01899e-23 3.68904e-23 1.93878e-23 1.01887e-23 5.35413e-24 2.81342e-24 1.47829e-24 7.76714e-25 4.08077e-25 2.14388e-25 1.12626e-25 5.91639e-26 3.10781e-26 1.63242e-26 8.57409e-27 4.50324e-27 2.36507e-27 1.24206e-27 6.52262e-28 3.42518e-28 1.79857e-28 9.44389e-29 4.95858e-29 2.60343e-29 1.36684e-29 7.17583e-30 3.76712e-30 1.97756e-30 1.03809e-30 5.44904e-31 2.86016e-31 1.50122e-31 7.87924e-32 4.13531e-32 2.17028e-32 1.13896e-32
0.00071522 2.36773e-05 1.25335e-05 6.63324e-06 3.50992e-06 1.85689e-06 9.82198e-07 5.19439e-07 2.7466e-07 1.45206e-07 7.67539e-08 4.05648e-08 2.14353e-08 1.13252e-08 5.98268e-09 3.15998e-09 1.66883e-09 8.81208e-10 4.65251e-10 2.45606e-10 1.29639e-10 6.84189e-11 3.61047e-11 1.90502e-11 1.00504e-11 5.30174e-12 2.79643e-12 1.47483e-12 7.77735e-13 4.10087e-13 2.16209e-13 1.1398e-13 6.00815e-14 3.16672e-14 1.66893e-14 8.79474e-15 4.63414e-15 2.44161e-15 1.2863e-15 6.776e-16 3.56916e-16 1.87985e-16 9.90016e-17 5.21347e-17 2.74522e-17 1.44542e-17 7.60983e-18 4.00612e-18 2.10883e-18 1.11001e-18 5.84225e-19 3.0747e-19 1.61806e-19 8.51449e-20 4.48014e-20 2.3572e-20 1.24015e-20 6.5241e-21 3.43195e-21 1.80524e-21 9.49515e-22 4.99393e-22 2.62638e-22 1.38117e-22 7.26289e-23 3.81899e-23 2.008e-23 1.05573e-23 5.55036e-24 2.91786e-24 1.53386e-24 8.06275e-25 4.23798e-25 2.22747e-25 1.17069e-25 6.15252e-26 3.23327e-26 1.69907e-26 8.92806e-27 4.6912e-27 2.46485e-27 1.29502e-27 6.8037e-28 3.57432e-28 1.87768e-28 9.86354e-29 5.18113e-29 2.72143e-29 1.4294e-29 7.5074e-30 3.94284e-30 2.07067e-30 1.08742e-30 5.71036e-31 2.99857e-31 1.57452e-31 8.26735e-32 4.34078e-32 2.27905e-32 1.19653e-32 6.2817e-33
0.000372745 1.24952e-05 6.61816e-06 3.50464e-06 1.85551e-06 9.82198e-07 5.19822e-07 2.75062e-07 1.45522e-07 7.69758e-08 4.07104e-08 2.15271e-08 1.13814e-08 6.01642e-09 3.17991e-09 1.68045e-09 8.87923e-10 4.69097e-10 2.47794e-10 1.30876e-10 6.91146e-11 3.64942e-11 1.92674e-11 1.01712e-11 5.36864e-12 2.83339e-12 1.49519e-12 7.88933e-13 4.16231e-13 2.19574e-13 1.15819e-13 6.10852e-14 3.22141e-14 1.69869e-14 8.95647e-15 4.72192e-15 2.4892e-15 1.31208e-15 6.91544e-16 3.64453e-16 1.92054e-16 1.01198e-16 5.33186e-17 2.809e-17 1.47975e-17 7.79454e-18 4.10542e-18 2.16218e-18 1.13866e-18 5.99598e-19 3.15716e-19 1.66227e-19 8.75133e-20 4.60698e-20 2.4251e-20 1.27648e-20 6.71841e-21 3.53583e-21 1.86075e-21 9.7917e-22 5.15229e-22 2.71091e-22 1.42628e-22 7.50354e-23 3.94733e-23 2.07642e-23 1.0922e-23 5.74464e-24 3.02134e-24 1.58896e-24 8.3561e-25 4.3941e-25 2.31054e-25 1.21489e-25 6.38755e-26 3.35823e-26 1.76549e-26 9.28111e-27 4.8788e-27 2.56451e-27 1.34796e-27 7.08479e-28 3.72356e-28 1.9569e-28 1.0284e-28 5.40423e-29 2.83979e-29 1.49218e-29 7.84039e-30 4.11941e-30 2.16429e-30 1.13704e-30 5.9734e-31 3.13796e-31 1.64838e-31 8.65865e-32 4.54806e-32 2.38883e-32 1.25466e-32 6.58952e-33 3.4607e-33
0.000194261 6.59307e-06 3.49409e-06 1.85135e-06 9.80741e-07 5.19439e-07 2.75062e-07 1.45628e-07 7.70868e-08 4.07979e-08 2.15884e-08 1.14216e-08 6.04179e-09 3.19546e-09 1.68979e-09 8.93439e-10 4.72316e-10 2.49653e-10 1.31941e-10 6.97206e-11 3.6837e-11 1.94603e-11 1.02792e-11 5.42889e-12 2.86689e-12 1.51376e-12 7.99192e-13 4.21886e-13 2.22684e-13 1.17526e-13 6.20202e-14 3.27254e-14 1.72659e-14 9.10858e-15 4.80471e-15 2.5342e-15 1.33651e-15 7.04794e-16 3.71631e-16 1.95939e-16 1.03298e-16 5.44531e-17 2.87023e-17 1.51277e-17 7.97246e-18 4.20123e-18 2.21373e-18 1.16638e-18 6.14498e-19 3.23718e-19 1.70522e-19 8.98179e-20 4.73056e-20 2.49133e-20 1.31195e-20 6.90838e-21 3.63751e-21 1.91515e-21 1.00826e-21 5.30778e-22 2.79399e-22 1.47066e-22 7.74051e-23 4.07381e-23 2.14391e-23 1.1282e-23 5.93662e-24 3.12369e-24 1.6435e-24 8.64669e-25 4.54889e-25 2.39296e-25 1.25876e-25 6.62108e-26 3.48249e-26 1.8316e-26 9.63267e-27 5.06573e-27 2.66389e-27 1.40077e-27 7.36545e-28 3.87266e-28 2.0361e-28 1.07046e-28 5.62755e-29 2.95835e-29 1.55511e-29 8.17432e-30 4.29659e-30 2.25828e-30 1.1869e-30 6.23778e-31 3.27815e-31 1.7227e-31 9.0526e-32 4.75685e-32 2.49947e-32 1.31329e-32 6.90009e-33 3.62521e-33 1.90456e-33
0.000101241 3.47829e-06 1.84443e-06 9.77831e-07 5.18292e-07 2.7466e-07 1.45522e-07 7.70868e-08 4.08271e-08 2.16191e-08 1.14458e-08 6.05874e-09 3.20659e-09 1.69681e-09 8.97742e-10 4.749e-10 2.5118e-10 1.32832e-10 7.02358e-11 3.71322e-11 1.96283e-11 1.03742e-11 5.48238e-12 2.89685e-12 1.53048e-12 8.08491e-13 4.27041e-13 2.25534e-13 1.19097e-13 6.28845e-14 3.31998e-14 1.75259e-14 9.25076e-15 4.88235e-15 2.57653e-15 1.35956e-15 7.17325e-16 3.78435e-16 1.9963e-16 1.05298e-16 5.55357e-17 2.92878e-17 1.5444e-17 8.14325e-18 4.29336e-18 2.26339e-18 1.19313e-18 6.28894e-19 3.31462e-19 1.74685e-19 9.20542e-20 4.85064e-20 2.55577e-20 1.34652e-20 7.09366e-21 3.73679e-21 1.96832e-21 1.03672e-21 5.4601e-22 2.87547e-22 1.51422e-22 7.97336e-23 4.19822e-23 2.21035e-23 1.16367e-23 6.12596e-24 3.22471e-24 1.69739e-24 8.93404e-25 4.70206e-25 2.4746e-25 1.30225e-25 6.85273e-26 3.60585e-26 1.89726e-26 9.98218e-27 5.2517e-27 2.76282e-27 1.45339e-27 7.64524e-28 4.02141e-28 2.11516e-28 1.11247e-28 5.85076e-29 3.07692e-29 1.61808e-29 8.5087e-30 4.47411e-30 2.35251e-30 1.23691e-30 6.50314e-31 3.41894e-31 1.79738e-31 9.44868e-32 4.96688e-32 2.61083e-32 1.37232e-32 7.21301e-33 3.79105e-33 1.99244e-33 1.04712e-33
5.27631e-05 1.83477e-06 9.73475e-07 5.16382e-07 2.73857e-07 1.45206e-07 7.69758e-08 4.07979e-08 2.16191e-08 1.14539e-08 6.06722e-09 3.21328e-09 1.7015e-09 9.00823e-10 4.76843e-10 2.52372e-10 1.33548e-10 7.06589e-11 3.73793e-11 1.97711e-11 1.04561e-11 5.52897e-12 2.92322e-12 1.54532e-12 8.16808e-13 4.31683e-13 2.28116e-13 1.20529e-13 6.36763e-14 3.36365e-14 1.77662e-14 9.38271e-15 4.95466e-15 2.61609e-15 1.38116e-15 7.29109e-16 3.84853e-16 2.0312e-16 1.07194e-16 5.65644e-17 2.98453e-17 1.57459e-17 8.30655e-18 4.38162e-18 2.31105e-18 1.21884e-18 6.42758e-19 3.38931e-19 1.78706e-19 9.42179e-20 4.96698e-20 2.61829e-20 1.38009e-20 7.2739e-21 3.83348e-21 2.02017e-21 1.06451e-21 5.60899e-22 2.9552e-22 1.55689e-22 8.20167e-23 4.32033e-23 2.27563e-23 1.19856e-23 6.31234e-24 3.32425e-24 1.75053e-24 9.21764e-25 4.85337e-25 2.5553e-25 1.34529e-25 7.08211e-26 3.72809e-26 1.96239e-26 1.03291e-26 5.43641e-27 2.86115e-27 1.50573e-27 7.92372e-28 4.16956e-28 2.19396e-28 1.15437e-28 6.07353e-29 3.19533e-29 1.681e-29 8.84303e-30 4.65172e-30 2.44684e-30 1.287e-30 6.7691e-31 3.56012e-31 1.87232e-31 9.84633e-32 5.17787e-32 2.72276e-32 1.43169e-32 7.52786e-33 3.958e-33 2.08095e-33 1.09404e-33 5.75153e-34
2.74981e-05 9.67682e-07 5.13716e-07 2.72654e-07 1.44678e-07 7.67539e-08 4.07104e-08 2.15884e-08 1.14458e-08 6.06722e-09 3.21551e-09 1.70384e-09 9.02674e-10 4.78141e-10 2.53225e-10 1.34086e-10 7.09889e-11 3.75776e-11 1.98884e-11 1.05245e-11 5.56857e-12 2.94592e-12 1.55825e-12 8.24126e-13 4.35804e-13 2.30426e-13 1.21819e-13 6.43938e-14 3.40345e-14 1.79863e-14 9.50415e-15 5.0215e-15 2.6528e-15 1.40129e-15 7.40121e-16 3.90869e-16 2.06402e-16 1.08982e-16 5.7537e-17 3.03738e-17 1.60327e-17 8.46205e-18 4.46583e-18 2.35662e-18 1.24347e-18 6.56063e-19 3.46112e-19 1.82579e-19 9.63048e-20 5.07937e-20 2.67877e-20 1.41262e-20 7.44876e-21 3.92742e-21 2.07061e-21 1.09158e-21 5.75415e-22 3.03302e-22 1.5986e-22 8.42504e-23 4.43992e-23 2.33964e-23 1.2328e-23 6.49543e-24 3.42212e-24 1.80283e-24 9.497e-25 5.00255e-25 2.63493e-25 1.38778e-25 7.30884e-26 3.84901e-26 2.02686e-26 1.06727e-26 5.61955e-27 2.95872e-27 1.5577e-27 8.20045e-28 4.31688e-28 2.27237e-28 1.19609e-28 6.29549e-29 3.31339e-29 1.74379e-29 9.17683e-30 4.82915e-30 2.54114e-30 1.3371e-30 7.03529e-31 3.7015e-31 1.9474e-31 1.0245e-31 5.38952e-32 2.8351e-32 1.49131e-32 7.84422e-33 4.12584e-33 2.16999e-33 1.14126e-33 6.00195e-34 3.15634e-34
1.4331e-05 5.10298e-07 2.71055e-07 1.43942e-07 7.64218e-08 4.05648e-08 2.15271e-08 1.14216e-08 6.05874e-09 3.21328e-09 1.70384e-09 9.03291e-10 4.7879e-10 2.53737e-10 1.34445e-10 7.12252e-11 3.77267e-11 1.99798e-11 1.05795e-11 5.60109e-12 2.96492e-12 1.56924e-12 8.30428e-13 4.39393e-13 2.32458e-13 1.22964e-13 6.50355e-14 3.43929e-14 1.81858e-14 9.61481e-15 5.08273e-15 2.68659e-15 1.41989e-15 7.5034e-16 3.96473e-16 2.0947e-16 1.10658e-16 5.84516e-17 3.08721e-17 1.63039e-17 8.60942e-18 4.54583e-18 2.4e-18 1.26698e-18 6.68784e-19 3.5299e-19 1.86295e-19 9.83109e-20 5.18758e-20 2.7371e-20 1.44405e-20 7.6179e-21 4.01841e-21 2.11953e-21 1.11787e-21 5.89533e-22 3.1088e-22 1.63925e-22 8.64306e-23 4.55677e-23 2.40224e-23 1.26633e-23 6.67489e-24 3.51815e-24 1.85419e-24 9.77164e-25 5.14934e-25 2.71337e-25 1.42968e-25 7.53253e-26 3.96841e-26 2.09058e-26 1.10126e-26 5.80083e-27 3.05537e-27 1.60921e-27 8.47499e-28 4.46314e-28 2.35027e-28 1.23758e-28 6.51633e-29 3.43092e-29 1.80633e-29 9.50957e-30 5.00614e-30 2.63526e-30 1.38715e-30 7.3013e-31 3.84288e-31 2.02253e-31 1.06441e-31 5.60153e-32 2.9477e-32 1.5511e-32 8.16166e-33 4.29435e-33 2.25942e-33 1.18872e-33 6.25376e-34 3.28993e-34 1.73066e-34
7.46875e-06 2.69063e-07 1.42998e-07 7.59802e-08 4.03614e-08 2.14353e-08 1.13814e-08 6.04179e-09 3.20659e-09 1.7015e-09 9.02674e-10 4.7879e-10 2.53908e-10 1.34625e-10 7.13672e-11 3.78263e-11 2.00453e-11 1.06209e-11 5.62646e-12 2.98017e-12 1.57826e-12 8.35701e-13 4.42444e-13 2.34208e-13 1.23961e-13 6.56001e-14 3.4711e-14 1.83642e-14 9.71447e-15 5.1382e-15 2.71737e-15 1.43693e-15 7.59744e-16 4.01651e-16 2.12315e-16 1.12219e-16 5.93062e-17 3.13392e-17 1.65589e-17 8.74837e-18 4.62146e-18 2.44112e-18 1.2893e-18 6.80893e-19 3.59552e-19 1.89847e-19 1.00232e-19 5.29141e-20 2.79317e-20 1.4743e-20 7.781e-21 4.10629e-21 2.16685e-21 1.14333e-21 6.03226e-22 3.1824e-22 1.67879e-22 8.85531e-23 4.67067e-23 2.46333e-23 1.29908e-23 6.85042e-24 3.61217e-24 1.90453e-24 1.00411e-24 5.29349e-25 2.79046e-25 1.47089e-25 7.7528e-26 4.08609e-26 2.15343e-26 1.13482e-26 5.97995e-27 3.15095e-27 1.6602e-27 8.74688e-28 4.6081e-28 2.42754e-28 1.27875e-28 6.73567e-29 3.54775e-29 1.86854e-29 9.84076e-30 5.18241e-30 2.72906e-30 1.43705e-30 7.56675e-31 3.98405e-31 2.09759e-31 1.10432e-31 5.81361e-32 3.0604e-32 1.61098e-32 8.47975e-33 4.46329e-33 2.34914e-33 1.23635e-33 6.50664e-34 3.42415e-34 1.8019e-34 9.48176e-35
3.89243e-06 1.4185e-07 7.54302e-08 4.01006e-08 2.13133e-08 1.13252e-08 6.01642e-09 3.19546e-09 1.69681e-09 9.00823e-10 4.78141e-10 2.53737e-10 1.34625e-10 7.14145e-11 3.78761e-11 2.00847e-11 1.06485e-11 5.64462e-12 2.99164e-12 1.5853e-12 8.39934e-13 4.44949e-13 2.35672e-13 1.24808e-13 6.60864e-14 3.4988e-14 1.85211e-14 9.80291e-15 5.18782e-15 2.7451e-15 1.45236e-15 7.68313e-16 4.06394e-16 2.14934e-16 1.13661e-16 6.00991e-17 3.17742e-17 1.67971e-17 8.87861e-18 4.69257e-18 2.47988e-18 1.31041e-18 6.92368e-19 3.65785e-19 1.93229e-19 1.02065e-19 5.39065e-20 2.84686e-20 1.50332e-20 7.93775e-21 4.19089e-21 2.21247e-21 1.16792e-21 6.16468e-22 3.25367e-22 1.71713e-22 9.06143e-23 4.78142e-23 2.52281e-23 1.331e-23 7.02168e-24 3.70401e-24 1.95376e-24 1.03048e-24 5.43475e-25 2.86608e-25 1.51136e-25 7.96927e-26 4.20185e-26 2.21531e-26 1.16789e-26 6.1566e-27 3.24529e-27 1.71056e-27 9.01569e-28 4.75153e-28 2.50404e-28 1.31955e-28 6.95319e-29 3.66369e-29 1.93032e-29 1.01699e-29 5.35771e-30 2.8224e-30 1.48674e-30 7.83125e-31 4.1248e-31 2.17247e-31 1.14415e-31 6.02545e-32 3.17304e-32 1.67086e-32 8.79804e-33 4.63244e-33 2.43901e-33 1.2841e-33 6.76024e-34 3.55883e-34 1.87341e-34 9.86143e-35 5.19072e-35
2.02859e-06 7.47729e-08 3.97832e-08 2.11613e-08 1.12531e-08 5.98268e-09 3.17991e-09 1.68979e-09 8.97742e-10 4.76843e-10 2.53225e-10 1.34445e-10 7.13672e-11 3.78761e-11 2.00978e-11 1.06623e-11 5.65554e-12 2.9993e-12 1.59034e-12 8.43116e-13 4.46903e-13 2.36847e-13 1.25504e-13 6.64931e-14 3.52235e-14 1.86563e-14 9.87994e-15 5.23146e-15 2.7697e-15 1.46617e-15 7.76029e-16 4.10692e-16 2.1732e-16 1.14982e-16 6.08286e-17 3.21762e-17 1.70181e-17 8.99989e-18 4.759e-18 2.51621e-18 1.33024e-18 7.03186e-19 3.71676e-19 1.96433e-19 1.03806e-19 5.48512e-20 2.89807e-20 1.53106e-20 8.08784e-21 4.27204e-21 2.25631e-21 1.19158e-21 6.29235e-22 3.32249e-22 1.7542e-22 9.26101e-23 4.88881e-23 2.58055e-23 1.36204e-23 7.18838e-24 3.79351e-24 2.00179e-24 1.05624e-24 5.57286e-25 2.94009e-25 1.55101e-25 8.18158e-26 4.31549e-26 2.27612e-26 1.20041e-26 6.33049e-27 3.33824e-27 1.76023e-27 9.28098e-28 4.89319e-28 2.57967e-28 1.35991e-28 7.16854e-29 3.77855e-29 1.99157e-29 1.04964e-29 5.53175e-30 2.91514e-30 1.53615e-30 8.09439e-31 4.26493e-31 2.24707e-31 1.18385e-31 6.23675e-32 3.28546e-32 1.73066e-32 9.11608e-33 4.80156e-33 2.52892e-33 1.33189e-33 7.01423e-34 3.69379e-34 1.94511e-34 1.02423e-34 5.393e-35 2.83952e-35
1.05722e-06 3.94098e-08 2.09796e-08 1.11654e-08 5.94065e-09 3.15998e-09 1.68045e-09 8.93439e-10 4.749e-10 2.52372e-10 1.34086e-10 7.12252e-11 3.78263e-11 2.00847e-11 1.06623e-11 5.65918e-12 3.00313e-12 1.59337e-12 8.45242e-13 4.48301e-13 2.37731e-13 1.26046e-13 6.68196e-14 3.54168e-14 1.87693e-14 9.9454e-15 5.26905e-15 2.79113e-15 1.47831e-15 7.82875e-16 4.14535e-16 2.19468e-16 1.16179e-16 6.14933e-17 3.25443e-17 1.72214e-17 9.11195e-18 4.82063e-18 2.55004e-18 1.34878e-18 7.13324e-19 3.77213e-19 1.99453e-19 1.05451e-19 5.57461e-20 2.9467e-20 1.55745e-20 8.231e-21 4.34959e-21 2.29829e-21 1.21428e-21 6.41501e-22 3.38873e-22 1.78994e-22 9.4537e-23 4.99263e-23 2.63646e-23 1.39212e-23 7.35022e-24 3.8805e-24 2.04853e-24 1.08134e-24 5.70758e-25 3.01237e-25 1.58977e-25 8.38935e-26 4.42682e-26 2.33574e-26 1.23233e-26 6.50133e-27 3.42963e-27 1.80911e-27 9.54231e-28 5.03286e-28 2.65429e-28 1.39977e-28 7.38136e-29 3.89216e-29 2.0522e-29 1.08199e-29 5.70427e-30 3.00714e-30 1.58519e-30 8.35578e-31 4.40421e-31 2.32127e-31 1.22337e-31 6.44719e-32 3.3975e-32 1.7903e-32 9.43342e-33 4.9704e-33 2.61874e-33 1.37966e-33 7.26825e-34 3.82885e-34 2.0169e-34 1.06238e-34 5.59575e-35 2.94724e-35 1.55222e-35
5.50983e-07 2.07688e-08 1.10621e-08 5.89042e-09 3.13571e-09 1.66883e-09 8.87923e-10 4.72316e-10 2.5118e-10 1.33548e-10 7.09889e-11 3.77267e-11 2.00453e-11 1.06485e-11 5.65554e-12 3.00313e-12 1.59438e-12 8.46306e-13 4.49142e-13 2.38321e-13 1.26435e-13 6.70651e-14 3.55676e-14 1.88601e-14 9.99915e-15 5.30049e-15 2.80933e-15 1.48877e-15 7.88839e-16 4.17915e-16 2.21375e-16 1.17249e-16 6.20918e-17 3.28778e-17 1.74067e-17 9.21457e-18 4.87733e-18 2.58129e-18 1.36597e-18 7.22763e-19 3.82386e-19 2.02284e-19 1.06997e-19 5.65897e-20 2.99266e-20 1.58246e-20 8.36693e-21 4.4234e-21 2.33832e-21 1.23598e-21 6.53245e-22 3.45225e-22 1.82427e-22 9.63913e-23 5.09271e-23 2.69043e-23 1.42121e-23 7.50689e-24 3.96484e-24 2.0939e-24 1.10574e-24 5.83868e-25 3.08279e-25 1.62757e-25 8.59221e-26 4.53563e-26 2.39408e-26 1.2636e-26 6.66883e-27 3.51933e-27 1.85712e-27 9.79924e-28 5.1703e-28 2.72779e-28 1.43906e-28 7.59132e-29 4.00433e-29 2.1121e-29 1.11397e-29 5.87501e-30 3.09825e-30 1.6338e-30 8.61502e-31 4.54244e-31 2.39496e-31 1.26265e-31 6.65647e-32 3.50898e-32 1.84968e-32 9.74961e-33 5.13874e-33 2.70834e-33 1.42734e-33 7.52196e-34 3.96381e-34 2.08869e-34 1.10056e-34 5.79871e-35 3.05513e-35 1.60956e-35 8.47941e-36
2.87152e-07 1.09437e-08 5.83212e-09 3.10716e-09 1.65493e-09 8.81208e-10 4.69097e-10 2.49653e-10 1.32832e-10 7.06589e-11 3.75776e-11 1.99798e-11 1.06209e-11 5.64462e-12 2.9993e-12 1.59337e-12 8.46306e-13 4.49422e-13 2.38617e-13 1.26668e-13 6.72291e-14 3.56756e-14 1.89283e-14 1.00411e-14 5.32572e-15 2.82429e-15 1.49752e-15 7.93906e-16 4.20826e-16 2.23035e-16 1.18191e-16 6.26228e-17 3.3176e-17 1.75735e-17 9.30754e-18 4.92898e-18 2.60991e-18 1.38179e-18 7.31484e-19 3.87185e-19 2.04919e-19 1.08442e-19 5.73802e-20 3.03586e-20 1.60603e-20 8.49538e-21 4.49331e-21 2.37633e-21 1.25662e-21 6.64444e-22 3.51295e-22 1.85714e-22 9.81696e-23 5.18884e-23 2.74237e-23 1.44925e-23 7.65811e-24 4.04636e-24 2.13782e-24 1.12938e-24 5.96592e-25 3.15122e-25 1.66436e-25 8.78983e-26 4.64175e-26 2.45104e-26 1.29416e-26 6.8327e-27 3.60717e-27 1.90419e-27 1.00514e-27 5.30528e-28 2.80004e-28 1.47771e-28 7.79807e-29 4.11488e-29 2.1712e-29 1.14555e-29 6.04368e-30 3.18833e-30 1.68189e-30 8.87172e-31 4.67942e-31 2.46803e-31 1.30162e-31 6.86426e-32 3.61976e-32 1.90871e-32 1.00642e-32 5.30632e-33 2.79759e-33 1.47487e-33 7.77499e-34 4.09849e-34 2.16036e-34 1.1387e-34 6.0016e-35 3.16304e-35 1.66695e-35 8.78454e-36 4.62909e-36
1.49652e-07 5.76586e-09 3.07439e-09 1.6388e-09 8.73307e-10 4.65251e-10 2.47794e-10 1.31941e-10 7.02358e-11 3.73793e-11 1.98884e-11 1.05795e-11 5.62646e-12 2.99164e-12 1.59034e-12 8.45242e-13 4.49142e-13 2.38617e-13 1.26746e-13 6.73111e-14 3.57405e-14 1.89739e-14 1.00711e-14 5.3447e-15 2.83595e-15 1.50454e-15 7.98066e-16 4.23261e-16 2.24446e-16 1.19001e-16 6.30853e-17 3.34383e-17 1.77214e-17 9.39066e-18 4.97548e-18 2.63584e-18 1.3962e-18 7.39469e-19 3.91599e-19 2.07353e-19 1.09781e-19 5.81161e-20 3.07621e-20 1.62812e-20 8.6161e-21 4.5592e-21 2.41224e-21 1.27617e-21 6.75076e-22 3.5707e-22 1.88848e-22 9.98686e-23 5.28086e-23 2.79216e-23 1.47617e-23 7.80361e-24 4.12492e-24 2.1802e-24 1.15224e-24 6.08907e-25 3.21754e-25 1.70005e-25 8.98184e-26 4.74498e-26 2.50651e-26 1.32395e-26 6.99266e-27 3.69301e-27 1.95023e-27 1.02982e-27 5.43759e-28 2.87092e-28 1.51567e-28 8.00128e-29 4.22363e-29 2.22937e-29 1.17666e-29 6.21003e-30 3.27724e-30 1.7294e-30 9.12546e-31 4.81492e-31 2.54037e-31 1.34023e-31 7.07027e-32 3.72965e-32 1.96732e-32 1.03767e-32 5.4729e-33 2.88637e-33 1.52217e-33 8.027e-34 4.23271e-34 2.23183e-34 1.17675e-34 6.20414e-35 3.27083e-35 1.7243e-35 9.08967e-36 4.79138e-36 2.52553e-36
7.79931e-08 3.03749e-09 1.62047e-09 8.64239e-10 4.60785e-10 2.45606e-10 1.30876e-10 6.97206e-11 3.71322e-11 1.97711e-11 1.05245e-11 5.60109e-12 2.98017e-12 1.5853e-12 8.43116e-13 4.48301e-13 2.38321e-13 1.26668e-13 6.73111e-14 3.57621e-14 1.89967e-14 1.00891e-14 5.35737e-15 2.84429e-15 1.50982e-15 8.01311e-16 4.25215e-16 2.25604e-16 1.19679e-16 6.34782e-17 3.36641e-17 1.78503e-17 9.46377e-18 5.01674e-18 2.65902e-18 1.40917e-18 7.46703e-19 3.95619e-19 2.09582e-19 1.11014e-19 5.87959e-20 3.11363e-20 1.64868e-20 8.72885e-21 4.62093e-21 2.44599e-21 1.29459e-21 6.85121e-22 3.6254e-22 1.91823e-22 1.01485e-22 5.3686e-23 2.83974e-23 1.50195e-23 7.94311e-24 4.20037e-24 2.22098e-24 1.17426e-24 6.20792e-25 3.28164e-25 1.7346e-25 9.16792e-26 4.84515e-26 2.56041e-26 1.35294e-26 7.14844e-27 3.7767e-27 1.99517e-27 1.05394e-27 5.56699e-28 2.94031e-28 1.55287e-28 8.20062e-29 4.3304e-29 2.28655e-29 1.20727e-29 6.37378e-30 3.36483e-30 1.77624e-30 9.37586e-31 4.94874e-31 2.61186e-31 1.37842e-31 7.27418e-32 3.8385e-32 2.02541e-32 1.06866e-32 5.63824e-33 2.97455e-33 1.56919e-33 8.27761e-34 4.36627e-34 2.303e-34 1.21466e-34 6.40605e-35 3.37835e-35 1.78155e-35 9.39437e-36 4.95355e-36 2.61182e-36 1.37705e-36
4.06471e-08 1.59998e-09 8.54024e-10 4.55711e-10 2.43095e-10 1.29639e-10 6.91146e-11 3.6837e-11 1.96283e-11 1.04561e-11 5.56857e-12 2.96492e-12 1.57826e-12 8.39934e-13 4.46903e-13 2.37731e-13 1.26435e-13 6.72291e-14 3.57405e-14 1.89967e-14 1.00951e-14 5.36371e-15 2.84931e-15 1.51334e-15 8.03634e-16 4.26684e-16 2.26508e-16 1.20223e-16 6.38009e-17 3.3853e-17 1.79598e-17 9.52671e-18 5.05267e-18 2.6794e-18 1.42067e-18 7.53169e-19 3.99239e-19 2.11601e-19 1.12136e-19 5.94183e-20 3.14805e-20 1.66767e-20 8.83342e-21 4.67839e-21 2.47751e-21 1.31186e-21 6.9456e-22 3.67694e-22 1.94633e-22 1.03016e-22 5.45188e-23 2.88499e-23 1.52652e-23 8.07637e-24 4.27257e-24 2.26007e-24 1.19541e-24 6.32223e-25 3.34339e-25 1.76793e-25 9.34772e-26 4.94208e-26 2.61263e-26 1.38106e-26 7.29977e-27 3.85809e-27 2.03893e-27 1.07745e-27 5.69327e-28 3.0081e-28 1.58925e-28 8.39575e-29 4.43502e-29 2.34262e-29 1.23731e-29 6.53468e-30 3.45097e-30 1.82234e-30 9.62252e-31 5.08066e-31 2.6824e-31 1.41612e-31 7.47567e-32 3.94614e-32 2.0829e-32 1.09936e-32 5.8021e-33 3.06199e-33 1.61584e-33 8.52647e-34 4.49899e-34 2.37376e-34 1.25237e-34 6.60706e-35 3.48545e-35 1.8386e-35 9.69825e-36 5.11536e-36 2.69797e-36 1.42291e-36 7.50403e-37
2.11837e-08 8.42686e-10 4.50038e-10 2.40266e-10 1.28233e-10 6.84189e-11 3.64942e-11 1.94603e-11 1.03742e-11 5.52897e-12 2.94592e-12 1.56924e-12 8.35701e-13 4.44949e-13 2.36847e-13 1.26046e-13 6.70651e-14 3.56756e-14 1.89739e-14 1.00891e-14 5.36371e-15 2.85098e-15 1.51511e-15 8.0503e-16 4.27665e-16 2.27154e-16 1.20632e-16 6.40525e-17 3.40046e-17 1.80497e-17 9.57936e-18 5.0832e-18 2.69695e-18 1.4307e-18 7.58857e-19 4.0245e-19 2.13405e-19 1.13147e-19 5.9982e-20 3.1794e-20 1.68506e-20 8.92959e-21 4.73147e-21 2.50674e-21 1.32792e-21 7.03374e-22 3.72522e-22 1.97274e-22 1.04458e-22 5.53055e-23 2.92785e-23 1.54984e-23 8.20312e-24 4.3414e-24 2.29741e-24 1.21565e-24 6.43182e-25 3.40268e-25 1.79999e-25 9.52093e-26 5.0356e-26 2.66309e-26 1.40826e-26 7.44637e-27 3.93705e-27 2.08143e-27 1.10032e-27 5.81621e-28 3.07418e-28 1.62474e-28 8.58635e-29 4.53732e-29 2.3975e-29 1.26674e-29 6.69246e-30 3.53552e-30 1.86763e-30 9.86506e-31 5.2105e-31 2.75188e-31 1.45329e-31 7.67444e-32 4.05241e-32 2.1397e-32 1.12971e-32 5.96422e-33 3.14858e-33 1.66207e-33 8.77321e-34 4.63066e-34 2.44401e-34 1.28984e-34 6.80688e-35 3.59199e-35 1.89539e-35 1.00009e-35 5.27661e-36 2.78387e-36 1.46866e-36 7.74764e-37 4.08693e-37
1.10401e-08 4.43782e-10 2.37126e-10 1.26662e-10 6.76352e-11 3.61047e-11 1.92674e-11 1.02792e-11 5.48238e-12 2.92322e-12 1.55825e-12 8.30428e-13 4.42444e-13 2.35672e-13 1.25504e-13 6.68196e-14 3.55676e-14 1.89283e-14 1.00711e-14 5.35737e-15 2.84931e-15 1.51511e-15 8.05495e-16 4.28156e-16 2.27543e-16 1.20906e-16 6.42326e-17 3.41186e-17 1.81198e-17 9.62162e-18 5.10826e-18 2.71164e-18 1.43921e-18 7.63753e-19 4.05246e-19 2.14993e-19 1.14043e-19 6.04859e-20 3.20762e-20 1.7008e-20 9.01718e-21 4.78006e-21 2.53362e-21 1.34276e-21 7.11548e-22 3.77016e-22 1.9974e-22 1.05809e-22 5.60446e-23 2.96823e-23 1.57186e-23 8.32315e-24 4.40673e-24 2.33293e-24 1.23493e-24 6.53648e-25 3.45942e-25 1.83072e-25 9.68725e-26 5.12554e-26 2.71169e-26 1.43451e-26 7.58801e-27 4.01344e-27 2.1226e-27 1.1225e-27 5.93562e-28 3.13843e-28 1.6593e-28 8.7721e-29 4.63713e-29 2.45111e-29 1.29552e-29 6.84687e-30 3.61834e-30 1.91204e-30 1.01031e-30 5.33802e-31 2.82018e-31 1.48986e-31 7.87018e-32 4.15715e-32 2.19573e-32 1.15967e-32 6.12437e-33 3.23417e-33 1.7078e-33 9.01748e-34 4.7611e-34 2.51365e-34 1.32701e-34 7.00522e-35 3.6978e-35 1.95183e-35 1.03018e-35 5.43706e-36 2.8694e-36 1.51424e-36 7.9905e-37 4.2163e-37 2.22467e-37
5.7537e-09 2.33682e-10 1.24929e-10 6.67652e-11 3.56693e-11 1.90502e-11 1.01712e-11 5.42889e-12 2.89685e-12 1.54532e-12 8.24126e-13 4.39393e-13 2.34208e-13 1.24808e-13 6.64931e-14 3.54168e-14 1.88601e-14 1.00411e-14 5.3447e-15 2.84429e-15 1.51334e-15 8.0503e-16 4.28156e-16 2.27672e-16 1.21042e-16 6.43408e-17 3.41947e-17 1.817e-17 9.65338e-18 5.12781e-18 2.72342e-18 1.4462e-18 7.67849e-19 4.07622e-19 2.16359e-19 1.14823e-19 6.09291e-20 3.23265e-20 1.71488e-20 9.09602e-21 4.82406e-21 2.5581e-21 1.35634e-21 7.19065e-22 3.81166e-22 2.02027e-22 1.07067e-22 5.67348e-23 3.00605e-23 1.59256e-23 8.43622e-24 4.46843e-24 2.36655e-24 1.25324e-24 6.63602e-25 3.51349e-25 1.86007e-25 9.84636e-26 5.21174e-26 2.75835e-26 1.45975e-26 7.72443e-27 4.08712e-27 2.16237e-27 1.14395e-27 6.05127e-28 3.20074e-28 1.69285e-28 8.95269e-29 4.73427e-29 2.50334e-29 1.32359e-29 6.99765e-30 3.69931e-30 1.95549e-30 1.03362e-30 5.46304e-31 2.88721e-31 1.52578e-31 8.06258e-32 4.26018e-32 2.25089e-32 1.18919e-32 6.2823e-33 3.31864e-33 1.75296e-33 9.2589e-34 4.89012e-34 2.58257e-34 1.36383e-34 7.20181e-35 3.80275e-35 2.00784e-35 1.06007e-35 5.59651e-36 2.95444e-36 1.55958e-36 8.23225e-37 4.34516e-37 2.29335e-37 1.21035e-37
2.99861e-09 1.23037e-10 6.58109e-11 3.51889e-11 1.8809e-11 1.00504e-11 5.36864e-12 2.86689e-12 1.53048e-12 8.16808e-13 4.35804e-13 2.32458e-13 1.23961e-13 6.60864e-14 3.52235e-14 1.87693e-14 9.99915e-15 5.32572e-15 2.83595e-15 1.50982e-15 8.03634e-16 4.27665e-16 2.27543e-16 1.21042e-16 6.43769e-17 3.42328e-17 1.82002e-17 9.67459e-18 5.1418e-18 2.73227e-18 1.45165e-18 7.71135e-19 4.09572e-19 2.17502e-19 1.15487e-19 6.13106e-20 3.25445e-20 1.72726e-20 9.16596e-21 4.86339e-21 2.58014e-21 1.36865e-21 7.25911e-22 3.84965e-22 2.0413e-22 1.08228e-22 5.73746e-23 3.04124e-23 1.61188e-23 8.54213e-24 4.52639e-24 2.39823e-24 1.27053e-24 6.73026e-25 3.5648e-25 1.88797e-25 9.998e-26 5.29405e-26 2.80299e-26 1.48393e-26 7.85539e-27 4.15797e-27 2.20067e-27 1.16464e-27 6.16298e-28 3.26101e-28 1.72535e-28 9.12782e-29 4.8286e-29 2.55411e-29 1.3509e-29 7.14456e-30 3.77827e-30 1.99792e-30 1.0564e-30 5.58536e-31 2.95284e-31 1.56098e-31 8.25135e-32 4.36136e-32 2.3051e-32 1.21822e-32 6.43778e-33 3.40186e-33 1.7975e-33 9.49713e-34 5.01752e-34 2.65069e-34 1.40024e-34 7.39635e-35 3.90668e-35 2.06334e-35 1.08971e-35 5.75471e-36 3.03887e-36 1.60463e-36 8.47258e-37 4.47334e-37 2.36169e-37 1.24679e-37 6.58169e-38
1.56276e-09 6.47743e-11 3.46646e-11 1.85444e-11 9.9172e-12 5.30174e-12 2.83339e-12 1.51376e-12 8.08491e-13 4.31683e-13 2.30426e-13 1.22964e-13 6.56001e-14 3.4988e-14 1.86563e-14 9.9454e-15 5.30049e-15 2.82429e-15 1.50454e-15 8.01311e-16 4.26684e-16 2.27154e-16 1.20906e-16 6.43408e-17 3.42328e-17 1.82102e-17 9.68521e-18 5.1502e-18 2.73819e-18 1.45555e-18 7.73606e-19 4.11093e-19 2.18419e-19 1.16031e-19 6.16297e-20 3.27296e-20 1.73791e-20 9.22685e-21 4.89798e-21 2.59969e-21 1.37964e-21 7.32072e-22 3.88405e-22 2.06044e-22 1.09291e-22 5.7963e-23 3.07374e-23 1.62979e-23 8.64067e-24 4.5805e-24 2.4279e-24 1.28677e-24 6.81903e-25 3.61326e-25 1.91439e-25 1.01419e-25 5.37232e-26 2.84553e-26 1.50703e-26 7.98065e-27 4.22586e-27 2.23744e-27 1.18453e-27 6.27055e-28 3.31913e-28 1.75674e-28 9.29718e-29 4.91994e-29 2.60334e-29 1.37743e-29 7.28736e-30 3.85512e-30 2.03925e-30 1.07863e-30 5.70477e-31 3.01698e-31 1.59542e-31 8.43618e-32 4.46052e-32 2.35828e-32 1.24673e-32 6.59056e-33 3.48371e-33 1.84133e-33 9.73181e-34 5.14312e-34 2.71789e-34 1.43618e-34 7.58857e-35 4.00943e-35 2.11826e-35 1.11905e-35 5.91146e-36 3.12258e-36 1.64933e-36 8.71116e-37 4.60066e-37 2.42963e-37 1.28302e-37 6.77495e-38 3.57729e-38
8.14451e-10 3.40977e-11 1.82571e-11 9.77182e-12 5.22835e-12 2.79643e-12 1.49519e-12 7.99192e-13 4.27041e-13 2.28116e-13 1.21819e-13 6.50355e-14 3.4711e-14 1.85211e-14 9.87994e-15 5.26905e-15 2.80933e-15 1.49752e-15 7.98066e-16 4.25215e-16 2.26508e-16 1.20632e-16 6.42326e-17 3.41947e-17 1.82002e-17 9.68521e-18 5.15301e-18 2.74115e-18 1.4579e-18 7.75256e-19 4.12182e-19 2.19109e-19 1.16455e-19 6.18857e-20 3.28816e-20 1.74683e-20 9.27857e-21 4.92775e-21 2.6167e-21 1.38931e-21 7.37536e-22 3.9148e-22 2.07768e-22 1.10253e-22 5.84988e-23 3.10349e-23 1.64627e-23 8.73167e-24 4.63067e-24 2.4555e-24 1.30193e-24 6.90216e-25 3.65877e-25 1.93928e-25 1.02777e-25 5.44641e-26 2.88588e-26 1.52899e-26 8.10001e-27 4.29067e-27 2.2726e-27 1.2036e-27 6.37379e-28 3.37501e-28 1.78696e-28 9.4605e-29 5.00814e-29 2.65095e-29 1.40311e-29 7.4258e-30 3.92971e-30 2.07942e-30 1.10025e-30 5.82108e-31 3.07952e-31 1.62904e-31 8.61678e-32 4.55751e-32 2.41034e-32 1.27467e-32 6.74041e-33 3.56406e-33 1.8844e-33 9.96257e-34 5.26673e-34 2.78408e-34 1.47161e-34 7.77818e-35 4.11087e-35 2.17252e-35 1.14806e-35 6.06653e-36 3.20545e-36 1.6936e-36 8.94765e-37 4.72695e-37 2.49705e-37 1.31901e-37 6.967e-38 3.67976e-38 1.94343e-38
4.24461e-10 1.79475e-11 9.61458e-12 5.14863e-12 2.75609e-12 1.47483e-12 7.88933e-13 4.21886e-13 2.25534e-13 1.20529e-13 6.43938e-14 3.43929e-14 1.83642e-14 9.80291e-15 5.23146e-15 2.79113e-15 1.48877e-15 7.93906e-16 4.23261e-16 2.25604e-16 1.20223e-16 6.40525e-17 3.41186e-17 1.817e-17 9.67459e-18 5.1502e-18 2.74115e-18 1.45868e-18 7.76081e-19 4.12836e-19 2.19569e-19 1.16759e-19 6.20782e-20 3.30002e-20 1.75398e-20 9.32104e-21 4.95265e-21 2.63116e-21 1.39763e-21 7.42294e-22 3.94183e-22 2.09296e-22 1.11113e-22 5.8981e-23 3.13042e-23 1.66126e-23 8.81495e-24 4.67679e-24 2.48099e-24 1.31598e-24 6.9795e-25 3.70126e-25 1.96258e-25 1.04053e-25 5.51619e-26 2.92399e-26 1.54977e-26 8.21324e-27 4.35229e-27 2.3061e-27 1.22179e-27 6.47253e-28 3.42855e-28 1.81596e-28 9.61749e-29 5.09306e-29 2.69685e-29 1.4279e-29 7.55966e-30 4.00193e-30 2.11836e-30 1.12123e-30 5.93411e-31 3.14037e-31 1.66178e-31 8.79287e-32 4.65217e-32 2.4612e-32 1.30199e-32 6.88709e-33 3.64278e-33 1.92663e-33 1.01891e-33 5.38816e-34 2.84915e-34 1.50648e-34 7.9649e-35 4.21084e-35 2.22603e-35 1.17669e-35 6.21969e-36 3.28736e-36 1.7374e-36 9.18172e-37 4.85203e-37 2.56387e-37 1.3547e-37 7.15758e-38 3.7815e-38 1.99773e-38 1.05532e-38
2.21213e-10 9.44584e-12 5.06275e-12 2.71246e-12 1.4527e-12 7.77735e-13 4.16231e-13 2.22684e-13 1.19097e-13 6.36763e-14 3.40345e-14 1.81858e-14 9.71447e-15 5.18782e-15 2.7697e-15 1.47831e-15 7.88839e-16 4.20826e-16 2.24446e-16 1.19679e-16 6.38009e-17 3.40046e-17 1.81198e-17 9.65338e-18 5.1418e-18 2.73819e-18 1.4579e-18 7.76081e-19 4.13054e-19 2.198e-19 1.16942e-19 6.22068e-20 3.3085e-20 1.75935e-20 9.35415e-21 4.97263e-21 2.64303e-21 1.40459e-21 7.46335e-22 3.96511e-22 2.10627e-22 1.11869e-22 5.94087e-23 3.15449e-23 1.67476e-23 8.89035e-24 4.71879e-24 2.50431e-24 1.3289e-24 7.05091e-25 3.74064e-25 1.98425e-25 1.05244e-25 5.58152e-26 2.95978e-26 1.56934e-26 8.32015e-27 4.41062e-27 2.33788e-27 1.23909e-27 6.56659e-28 3.47964e-28 1.84369e-28 9.76788e-29 5.17455e-29 2.74097e-29 1.45177e-29 7.68871e-30 4.07165e-30 2.15601e-30 1.14155e-30 6.04366e-31 3.19942e-31 1.69359e-31 8.96416e-32 4.74435e-32 2.51079e-32 1.32865e-32 7.03039e-33 3.71976e-33 1.96797e-33 1.0411e-33 5.50722e-34 2.91302e-34 1.54072e-34 8.14845e-35 4.3092e-35 2.27871e-35 1.20491e-35 6.37073e-36 3.36819e-36 1.78064e-36 9.41304e-37 4.97572e-37 2.63e-37 1.39005e-37 7.34643e-38 3.88238e-38 2.05161e-38 1.08409e-38 5.72813e-39
1.15288e-10 4.97091e-12 2.66563e-12 1.42887e-12 7.65622e-13 4.10087e-13 2.19574e-13 1.17526e-13 6.28845e-14 3.36365e-14 1.79863e-14 9.61481e-15 5.1382e-15 2.7451e-15 1.46617e-15 7.82875e-16 4.17915e-16 2.23035e-16 1.19001e-16 6.34782e-17 3.3853e-17 1.80497e-17 9.62162e-18 5.12781e-18 2.73227e-18 1.45555e-18 7.75256e-19 4.12836e-19 2.198e-19 1.17003e-19 6.22711e-20 3.3136e-20 1.76294e-20 9.37785e-21 4.98765e-21 2.65228e-21 1.41018e-21 7.49653e-22 3.98457e-22 2.11757e-22 1.1252e-22 5.97809e-23 3.17566e-23 1.68673e-23 8.95774e-24 4.75658e-24 2.52543e-24 1.34066e-24 7.11625e-25 3.77685e-25 2.00427e-25 1.06348e-25 5.6423e-26 2.99318e-26 1.58767e-26 8.42054e-27 4.46554e-27 2.36789e-27 1.25546e-27 6.65582e-28 3.52822e-28 1.87011e-28 9.91142e-29 5.25247e-29 2.78324e-29 1.47468e-29 7.81273e-30 4.13876e-30 2.1923e-30 1.16116e-30 6.14957e-31 3.25658e-31 1.72442e-31 9.13037e-32 4.83391e-32 2.55902e-32 1.35461e-32 7.17006e-33 3.79487e-33 2.00835e-33 1.06279e-33 5.62374e-34 2.97558e-34 1.5743e-34 8.32857e-35 4.4058e-35 2.3305e-35 1.23266e-35 6.51942e-36 3.44783e-36 1.82328e-36 9.64129e-37 5.09786e-37 2.69534e-37 1.42499e-37 7.53328e-38 3.98226e-38 2.10499e-38 1.11261e-38 5.88047e-39 3.10782e-39
6.00835e-11 2.61571e-12 1.40337e-12 7.52621e-13 4.03467e-13 2.16209e-13 1.15819e-13 6.20202e-14 3.31998e-14 1.77662e-14 9.50415e-15 5.08273e-15 2.71737e-15 1.45236e-15 7.76029e-16 4.14535e-16 2.21375e-16 1.18191e-16 6.30853e-17 3.36641e-17 1.79598e-17 9.57936e-18 5.10826e-18 2.72342e-18 1.45165e-18 7.73606e-19 4.12182e-19 2.19569e-19 1.16942e-19 6.22711e-20 3.3153e-20 1.76474e-20 9.39209e-21 4.99768e-21 2.6589e-21 1.41437e-21 7.5224e-22 4.00018e-22 2.12685e-22 1.13065e-22 6.00972e-23 3.19387e-23 1.69715e-23 9.01699e-24 4.79009e-24 2.5443e-24 1.35125e-24 7.17541e-25 3.80981e-25 2.02258e-25 1.07363e-25 5.69842e-26 3.02413e-26 1.60472e-26 8.51424e-27 4.51695e-27 2.39606e-27 1.27088e-27 6.74004e-28 3.57419e-28 1.89517e-28 1.00479e-28 5.32669e-29 2.82357e-29 1.49657e-29 7.93153e-30 4.20315e-30 2.22717e-30 1.18003e-30 6.25166e-31 3.31176e-31 1.75422e-31 9.29124e-32 4.9207e-32 2.60582e-32 1.37983e-32 7.3059e-33 3.868e-33 2.0477e-33 1.08396e-33 5.73754e-34 3.03673e-34 1.60715e-34 8.50497e-35 4.50048e-35 2.3813e-35 1.25991e-35 6.66555e-36 3.52616e-36 1.86526e-36 9.86612e-37 5.21827e-37 2.7598e-37 1.45949e-37 7.71788e-38 4.08101e-38 2.1578e-38 1.14084e-38 6.03138e-39 3.18846e-39 1.68547e-39
3.13132e-11 1.37627e-12 7.3876e-13 3.96387e-13 2.12598e-13 1.1398e-13 6.10852e-14 3.27254e-14 1.75259e-14 9.38271e-15 5.0215e-15 2.68659e-15 1.43693e-15 7.68313e-16 4.10692e-16 2.19468e-16 1.17249e-16 6.26228e-17 3.34383e-17 1.78503e-17 9.52671e-18 5.0832e-18 2.71164e-18 1.4462e-18 7.71135e-19 4.11093e-19 2.19109e-19 1.16759e-19 6.22068e-20 3.3136e-20 1.76474e-20 9.39684e-21 5.0027e-21 2.66288e-21 1.41718e-21 7.54091e-22 4.01192e-22 2.13408e-22 1.13502e-22 6.03567e-23 3.20911e-23 1.706e-23 9.06798e-24 4.81926e-24 2.56089e-24 1.36064e-24 7.22828e-25 3.83947e-25 2.03916e-25 1.08287e-25 5.74976e-26 3.05259e-26 1.62045e-26 8.60108e-27 4.56478e-27 2.42235e-27 1.28531e-27 6.81913e-28 3.61746e-28 1.91882e-28 1.0177e-28 5.39708e-29 2.8619e-29 1.51743e-29 8.04489e-30 4.26472e-30 2.26058e-30 1.19814e-30 6.34975e-31 3.36486e-31 1.78295e-31 9.44651e-32 5.00458e-32 2.65111e-32 1.40427e-32 7.43768e-33 3.93903e-33 2.08597e-33 1.10456e-33 5.84843e-34 3.09639e-34 1.63923e-34 8.6774e-35 4.59313e-35 2.43106e-35 1.28662e-35 6.8089e-36 3.60306e-36 1.9065e-36 1.00872e-36 5.33677e-37 2.82329e-37 1.4935e-37 7.89997e-38 4.17848e-38 2.20996e-38 1.16875e-38 6.18065e-39 3.26828e-39 1.72814e-39 9.13716e-40
1.63193e-11 7.24069e-13 3.88861e-13 2.08748e-13 1.12013e-13 6.00815e-14 3.22141e-14 1.72659e-14 9.25076e-15 4.95466e-15 2.6528e-15 1.41989e-15 7.59744e-16 4.06394e-16 2.1732e-16 1.16179e-16 6.20918e-17 3.3176e-17 1.77214e-17 9.46377e-18 5.05267e-18 2.69695e-18 1.43921e-18 7.67849e-19 4.09572e-19 2.18419e-19 1.16455e-19 6.20782e-20 3.3085e-20 1.76294e-20 9.39209e-21 5.0027e-21 2.66421e-21 1.41858e-21 7.55203e-22 4.01976e-22 2.13926e-22 1.1383e-22 6.05591e-23 3.22133e-23 1.71326e-23 9.11062e-24 4.84404e-24 2.57517e-24 1.36881e-24 7.27475e-25 3.86577e-25 2.05398e-25 1.09119e-25 5.79624e-26 3.0785e-26 1.63485e-26 8.6809e-27 4.60893e-27 2.44672e-27 1.29873e-27 6.89293e-28 3.65798e-28 1.94102e-28 1.02985e-28 5.46351e-29 2.89818e-29 1.53721e-29 8.15263e-30 4.32334e-30 2.29245e-30 1.21545e-30 6.44369e-31 3.41579e-31 1.81054e-31 9.59593e-32 5.08542e-32 2.69481e-32 1.42788e-32 7.5652e-33 4.00785e-33 2.12309e-33 1.12457e-33 5.95626e-34 3.15446e-34 1.67048e-34 8.84558e-35 4.68358e-35 2.47969e-35 1.31275e-35 6.94926e-36 3.67843e-36 1.94695e-36 1.03043e-36 5.4532e-37 2.88572e-37 1.52696e-37 8.07929e-38 4.27454e-38 2.2614e-38 1.19629e-38 6.32807e-39 3.34716e-39 1.77034e-39 9.36285e-40 4.95147e-40
