0.198329 0.0966217 0.0470721 0.0229326 0.0111723 0.0054429 0.00265167 0.00129184 0.000629358 0.00030661 0.000149374 7.2772e-05 3.5453e-05 1.7272e-05 8.41456e-06 4.0994e-06 1.99714e-06 9.72968e-07 4.7401e-07 2.30928e-07 1.12503e-07 5.48093e-08 2.6702e-08 1.30087e-08 6.33755e-09 3.08752e-09 1.50418e-09 7.32805e-10 3.57008e-10 1.73927e-10 8.47336e-11 4.12805e-11 2.0111e-11 9.79766e-12 4.77322e-12 2.32541e-12 1.13289e-12 5.51923e-13 2.68886e-13 1.30996e-13 6.38183e-14 3.1091e-14 1.51469e-14 7.37925e-15 3.59502e-15 1.75142e-15 8.53256e-16 4.15689e-16 2.02515e-16 9.86612e-17 4.80657e-17 2.34166e-17 1.14081e-17 5.55779e-18 2.70764e-18 1.31911e-18 6.42642e-19 3.13082e-19 1.52527e-19 7.43081e-20 3.62014e-20 1.76366e-20 8.59218e-21 4.18593e-21 2.0393e-21 9.93505e-22 4.84015e-22 2.35802e-22 1.14878e-22 5.59663e-23 2.72656e-23 1.32832e-23 6.47132e-24 3.1527e-24 1.53593e-24 7.48273e-25 3.64543e-25 1.77598e-25 8.65221e-26 4.21518e-26 2.05355e-26 1.00045e-26 4.87397e-27 2.3745e-27 1.15681e-27 5.63573e-28 2.74561e-28 1.33761e-28 6.51654e-29 3.17472e-29 1.54666e-29 7.53501e-30 3.6709e-30 1.78839e-30 8.71267e-31 4.24463e-31 2.0679e-31 1.00744e-31 4.90803e-32 2.39109e-32 1.16489e-32
0.0966217 0.0598953 0.0354269 0.0203028 0.0113738 0.00626345 0.00340334 0.00182949 0.000974813 0.000515601 0.000271014 0.000141691 7.37339e-05 3.82139e-05 1.97338e-05 1.01579e-05 5.21379e-06 2.66918e-06 1.36328e-06 6.94809e-07 3.53428e-07 1.79457e-07 9.09714e-08 4.60458e-08 2.32737e-08 1.17482e-08 5.92312e-09 2.98288e-09 1.50058e-09 7.54133e-10 3.78644e-10 1.89946e-10 9.52068e-11 4.76831e-11 2.38637e-11 1.19345e-11 5.96461e-12 2.97908e-12 1.48703e-12 7.41837e-13 3.69878e-13 1.84323e-13 9.18086e-14 4.57066e-14 2.27444e-14 1.13131e-14 5.62473e-15 2.79542e-15 1.38875e-15 6.89664e-16 3.42369e-16 1.69903e-16 8.42873e-17 4.18006e-17 2.07238e-17 1.02713e-17 5.08923e-18 2.52092e-18 1.24838e-18 6.18049e-19 3.05905e-19 1.51371e-19 7.48853e-20 3.70381e-20 1.83149e-20 9.05448e-21 4.47539e-21 2.21161e-21 1.0927e-21 5.39768e-22 2.66583e-22 1.31636e-22 6.49894e-23 3.20799e-23 1.58325e-23 7.81259e-24 3.85451e-24 1.90141e-24 9.37811e-25 4.62476e-25 2.28034e-25 1.12421e-25 5.54162e-26 2.73128e-26 1.34598e-26 6.63211e-27 3.26747e-27 1.6096e-27 7.9281e-28 3.90454e-28 1.92274e-28 9.46719e-29 4.66094e-29 2.29445e-29 1.12937e-29 5.5584e-30 2.73538e-30 1.34599e-30 6.62254e-31 3.2581e-31 1.60274e-31
0.0470721 0.0354269 0.0241754 0.015551 0.00961121 0.00576969 0.00338729 0.00195379 0.00111083 0.000624024 0.000347006 0.000191282 0.000104642 5.68636e-05 3.07176e-05 1.6506e-05 8.82726e-06 4.70047e-06 2.4932e-06 1.31771e-06 6.9416e-07 3.64575e-07 1.90943e-07 9.97465e-08 5.19814e-08 2.70287e-08 1.40247e-08 7.26287e-09 3.75427e-09 1.93727e-09 9.98035e-10 5.13373e-10 2.63686e-10 1.35252e-10 6.92835e-11 3.54468e-11 1.81138e-11 9.24602e-12 4.71447e-12 2.40141e-12 1.22201e-12 6.21263e-13 3.15563e-13 1.60149e-13 8.1209e-14 4.11472e-14 2.08327e-14 1.05398e-14 5.32861e-15 2.69216e-15 1.35926e-15 6.85856e-16 3.45858e-16 1.74304e-16 8.7795e-17 4.41971e-17 2.22376e-17 1.1183e-17 5.62098e-18 2.82395e-18 1.41807e-18 7.11773e-19 3.57104e-19 1.79086e-19 8.97737e-20 4.49843e-20 2.25322e-20 1.12818e-20 5.64669e-21 2.82522e-21 1.41305e-21 7.06505e-22 3.53124e-22 1.76441e-22 8.81317e-23 4.4008e-23 2.19685e-23 1.09633e-23 5.46963e-24 2.72805e-24 1.36028e-24 6.78092e-25 3.37936e-25 1.68372e-25 8.38682e-26 4.17655e-26 2.07939e-26 1.03503e-26 5.15072e-27 2.56264e-27 1.27471e-27 6.33931e-28 3.15197e-28 1.56687e-28 7.78743e-29 3.86964e-29 1.92249e-29 9.54933e-30 4.74244e-30 2.35478e-30 1.16902e-30
0.0229326 0.0203028 0.015551 0.0109775 0.00734493 0.00472943 0.00295795 0.00180795 0.00108457 0.000640568 0.000373365 0.000215161 0.000122769 6.94431e-05 3.89766e-05 2.17254e-05 1.20343e-05 6.62846e-06 3.63217e-06 1.98094e-06 1.0757e-06 5.81799e-07 3.13507e-07 1.68355e-07 9.01183e-08 4.80951e-08 2.55959e-08 1.35863e-08 7.19374e-09 3.80012e-09 2.00302e-09 1.05359e-09 5.53096e-10 2.89813e-10 1.51588e-10 7.91552e-11 4.12663e-11 2.14805e-11 1.1165e-11 5.79514e-12 3.00392e-12 1.55509e-12 8.04058e-13 4.15248e-13 2.14208e-13 1.1038e-13 5.68185e-14 2.9218e-14 1.50103e-14 7.7041e-15 3.95058e-15 2.02405e-15 1.03613e-15 5.29974e-16 2.70864e-16 1.3833e-16 7.05931e-17 3.59995e-17 1.83455e-17 9.34263e-18 4.75473e-18 2.41829e-18 1.2292e-18 6.2442e-19 3.17014e-19 1.60856e-19 8.15745e-20 4.13467e-20 2.0946e-20 1.06057e-20 5.36742e-21 2.71507e-21 1.37276e-21 6.93758e-22 3.50451e-22 1.76953e-22 8.9311e-23 4.50579e-23 2.27227e-23 1.14546e-23 5.77203e-24 2.90746e-24 1.46399e-24 7.36898e-25 3.70785e-25 1.86503e-25 9.37784e-26 4.71385e-26 2.36869e-26 1.18988e-26 5.9753e-27 2.99976e-27 1.50551e-27 7.55355e-28 3.78875e-28 1.89984e-28 9.52399e-29 4.77313e-29 2.39151e-29 1.19792e-29 5.99889e-30
0.0111723 0.0113738 0.00961121 0.00734493 0.00526091 0.00359871 0.00237756 0.00152829 0.000960724 0.000592824 0.000360089 0.000215774 0.000127776 7.48803e-05 4.34768e-05 2.50344e-05 1.43074e-05 8.12134e-06 4.58142e-06 2.56981e-06 1.43393e-06 7.96264e-07 4.40188e-07 2.42331e-07 1.3289e-07 7.26097e-08 3.95383e-08 2.14611e-08 1.16139e-08 6.26711e-09 3.37281e-09 1.81055e-09 9.69578e-10 5.18037e-10 2.7618e-10 1.46935e-10 7.80186e-11 4.13477e-11 2.18737e-11 1.15516e-11 6.09042e-12 3.20599e-12 1.68507e-12 8.84381e-13 4.63502e-13 2.42592e-13 1.26806e-13 6.61996e-14 3.45182e-14 1.79778e-14 9.35263e-15 4.86027e-15 2.52308e-15 1.30846e-15 6.77893e-16 3.50872e-16 1.81441e-16 9.37421e-17 4.83901e-17 2.49582e-17 1.28622e-17 6.62324e-18 3.40794e-18 1.75221e-18 9.00256e-19 4.62207e-19 2.37142e-19 1.21587e-19 6.2299e-20 3.19006e-20 1.63247e-20 8.34891e-21 4.26734e-21 2.17989e-21 1.11292e-21 5.67884e-22 2.89614e-22 1.47622e-22 7.52077e-23 3.82961e-23 1.9491e-23 9.91534e-24 5.04169e-24 2.5624e-24 1.30173e-24 6.61008e-25 3.3551e-25 1.70224e-25 8.63291e-26 4.37642e-26 2.21773e-26 1.12339e-26 5.68835e-27 2.87926e-27 1.45685e-27 7.36879e-28 3.72583e-28 1.88322e-28 9.51549e-29 4.80637e-29 2.42695e-29
0.0054429 0.00626345 0.00576969 0.00472943 0.00359871 0.00259794 0.00180251 0.00121212 0.000794649 0.000510043 0.000321537 0.000199584 0.000122222 7.39587e-05 4.42812e-05 2.62612e-05 1.54411e-05 9.00841e-06 5.21823e-06 3.00302e-06 1.71782e-06 9.77187e-07 5.53011e-07 3.11459e-07 1.7463e-07 9.75017e-08 5.42243e-08 3.00446e-08 1.65891e-08 9.1295e-09 5.00861e-09 2.73971e-09 1.49443e-09 8.12999e-10 4.41167e-10 2.38818e-10 1.28983e-10 6.95086e-11 3.73793e-11 2.00608e-11 1.07455e-11 5.74516e-12 3.06622e-12 1.63366e-12 8.68973e-13 4.61491e-13 2.44713e-13 1.29573e-13 6.85098e-14 3.61741e-14 1.90751e-14 1.00458e-14 5.28397e-15 2.77599e-15 1.45671e-15 7.63552e-16 3.9979e-16 2.09106e-16 1.09259e-16 5.70313e-17 2.97407e-17 1.54946e-17 8.06519e-18 4.19433e-18 2.17939e-18 1.13147e-18 5.86942e-19 3.04229e-19 1.57568e-19 8.15472e-20 4.21723e-20 2.17938e-20 1.12547e-20 5.80815e-21 2.99536e-21 1.54375e-21 7.95112e-22 4.09268e-22 2.10534e-22 1.08238e-22 5.56135e-23 2.85584e-23 1.4657e-23 7.51832e-24 3.85445e-24 1.97505e-24 1.01151e-24 5.17777e-25 2.64913e-25 1.35473e-25 6.92464e-26 3.53786e-26 1.8067e-26 9.22229e-27 4.70545e-27 2.39981e-27 1.2234e-27 6.23423e-28 3.17555e-28 1.6169e-28 8.22957e-29
0.00265167 0.00340334 0.00338729 0.00295795 0.00237756 0.00180251 0.00130766 0.000916314 0.000624228 0.000415367 0.000270927 0.000173698 0.0001097 6.83686e-05 4.21089e-05 2.56617e-05 1.54894e-05 9.26837e-06 5.50193e-06 3.24231e-06 1.89789e-06 1.10403e-06 6.38529e-07 3.67317e-07 2.1024e-07 1.19769e-07 6.79287e-08 3.83667e-08 2.1585e-08 1.20987e-08 6.7578e-09 3.76207e-09 2.08774e-09 1.15511e-09 6.3728e-10 3.50633e-10 1.92418e-10 1.05331e-10 5.75225e-11 3.13421e-11 1.704e-11 9.24482e-12 5.00557e-12 2.705e-12 1.45905e-12 7.85588e-13 4.22248e-13 2.26577e-13 1.21384e-13 6.49285e-14 3.4678e-14 1.84945e-14 9.84959e-15 5.23845e-15 2.78236e-15 1.47594e-15 7.81962e-16 4.13789e-16 2.18708e-16 1.15467e-16 6.08936e-17 3.20789e-17 1.68817e-17 8.87503e-18 4.66118e-18 2.4457e-18 1.28205e-18 6.71446e-19 3.51342e-19 1.83685e-19 9.59507e-20 5.00801e-20 2.61175e-20 1.361e-20 7.08679e-21 3.68736e-21 1.91718e-21 9.96093e-22 5.17168e-22 2.68328e-22 1.39126e-22 7.20889e-23 3.73291e-23 1.93177e-23 9.99066e-24 5.16383e-24 2.66743e-24 1.37709e-24 7.10538e-25 3.66412e-25 1.88849e-25 9.72813e-26 5.00859e-26 2.57738e-26 1.32563e-26 6.81475e-27 3.5016e-27 1.79836e-27 9.23174e-28 4.73686e-28 2.42941e-28
0.00129184 0.00182949 0.00195379 0.00180795 0.00152829 0.00121212 0.000916314 0.000667003 0.000470825 0.000323938 0.000218077 0.000144079 9.36405e-05 5.99837e-05 3.7931e-05 2.37094e-05 1.46654e-05 8.9852e-06 5.4573e-06 3.28816e-06 1.96663e-06 1.16822e-06 6.89559e-07 4.04622e-07 2.36117e-07 1.37075e-07 7.91907e-08 4.55411e-08 2.6077e-08 1.4871e-08 8.44779e-09 4.7814e-09 2.69685e-09 1.51607e-09 8.49593e-10 4.74675e-10 2.64444e-10 1.46919e-10 8.14101e-11 4.49971e-11 2.48108e-11 1.36486e-11 7.49147e-12 4.10311e-12 2.24265e-12 1.22334e-12 6.66033e-13 3.61944e-13 1.96341e-13 1.06323e-13 5.74807e-14 3.10251e-14 1.67195e-14 8.99657e-15 4.83384e-15 2.59352e-15 1.38959e-15 7.43532e-16 3.97327e-16 2.12055e-16 1.13035e-16 6.0181e-17 3.20037e-17 1.7e-17 9.02029e-18 4.78107e-18 2.53148e-18 1.33901e-18 7.07553e-19 3.7352e-19 1.96997e-19 1.03801e-19 5.46455e-20 2.87425e-20 1.5105e-20 7.93146e-21 4.16129e-21 2.1815e-21 1.14272e-21 5.98126e-22 3.12838e-22 1.63503e-22 8.53923e-23 4.45663e-23 2.32431e-23 1.2114e-23 6.30949e-24 3.28411e-24 1.7083e-24 8.88058e-25 4.61372e-25 2.39553e-25 1.24307e-25 6.44669e-26 3.34143e-26 1.73096e-26 8.96196e-27 4.63752e-27 2.3985e-27 1.23985e-27 6.40586e-28
0.000629358 0.000974813 0.00111083 0.00108457 0.000960724 0.000794649 0.000624228 0.000470825 0.000343569 0.00024389 0.000169121 0.000114925 7.67283e-05 5.04327e-05 3.26905e-05 2.09267e-05 1.32454e-05 8.29776e-06 5.14955e-06 3.16827e-06 1.93379e-06 1.17162e-06 7.04993e-07 4.21503e-07 2.50506e-07 1.48047e-07 8.70343e-08 5.09128e-08 2.96435e-08 1.71833e-08 9.91893e-09 5.70287e-09 3.26648e-09 1.86425e-09 1.06032e-09 6.01104e-10 3.39707e-10 1.91408e-10 1.0754e-10 6.02545e-11 3.36716e-11 1.87689e-11 1.04366e-11 5.78975e-12 3.20467e-12 1.76995e-12 9.75508e-13 5.36563e-13 2.94553e-13 1.61393e-13 8.827e-14 4.81919e-14 2.62659e-14 1.42919e-14 7.76406e-15 4.21125e-15 2.28075e-15 1.2334e-15 6.66059e-16 3.59185e-16 1.93437e-16 1.04038e-16 5.5884e-17 2.9981e-17 1.60649e-17 8.59805e-18 4.59645e-18 2.45448e-18 1.30925e-18 6.97623e-19 3.71338e-19 1.97459e-19 1.04895e-19 5.56689e-20 2.95161e-20 1.56352e-20 8.2748e-21 4.37549e-21 2.31164e-21 1.22025e-21 6.43597e-22 3.39179e-22 1.78608e-22 9.39796e-23 4.94124e-23 2.59606e-23 1.36294e-23 7.15034e-24 3.74863e-24 1.96389e-24 1.02818e-24 5.37942e-25 2.81266e-25 1.46968e-25 7.67458e-26 4.00516e-26 2.08893e-26 1.08885e-26 5.67231e-27 2.95327e-27 1.53675e-27
0.00030661 0.000515601 0.000624024 0.000640568 0.000592824 0.000510043 0.000415367 0.000323938 0.00024389 0.000178306 0.000127143 8.87254e-05 6.07595e-05 4.09205e-05 2.71527e-05 1.7778e-05 1.15002e-05 7.35784e-06 4.66042e-06 2.92471e-06 1.81984e-06 1.12344e-06 6.8845e-07 4.19003e-07 2.53383e-07 1.52309e-07 9.10372e-08 5.41254e-08 3.20184e-08 1.8851e-08 1.10488e-08 6.44819e-09 3.74797e-09 2.17008e-09 1.25185e-09 7.19617e-10 4.12278e-10 2.3544e-10 1.34039e-10 7.6085e-11 4.3066e-11 2.431e-11 1.36867e-11 7.68624e-12 4.30601e-12 2.40668e-12 1.34208e-12 7.46779e-13 4.14658e-13 2.29774e-13 1.27074e-13 7.01429e-14 3.86462e-14 2.12546e-14 1.16692e-14 6.39589e-15 3.49985e-15 1.91209e-15 1.04303e-15 5.68109e-16 3.08982e-16 1.67811e-16 9.10135e-17 4.92955e-17 2.66649e-17 1.44052e-17 7.77243e-18 4.18859e-18 2.25457e-18 1.21216e-18 6.50976e-19 3.49215e-19 1.87134e-19 1.00175e-19 5.35693e-20 2.8618e-20 1.52734e-20 8.14358e-21 4.33797e-21 2.30866e-21 1.22756e-21 6.52141e-22 3.46151e-22 1.83579e-22 9.72797e-23 5.15073e-23 2.72502e-23 1.44056e-23 7.60959e-24 4.01666e-24 2.1186e-24 1.11666e-24 5.88145e-25 3.09561e-25 1.62821e-25 8.55824e-26 4.49544e-26 2.35982e-26 1.23797e-26 6.49036e-27 3.40065e-27
0.000149374 0.000271014 0.000347006 0.000373365 0.000360089 0.000321537 0.000270927 0.000218077 0.000169121 0.000127143 9.30912e-05 6.66214e-05 4.67356e-05 3.22118e-05 2.18547e-05 1.46193e-05 9.65485e-06 6.30229e-06 4.0702e-06 2.60298e-06 1.64965e-06 1.03673e-06 6.46466e-07 4.00188e-07 2.46049e-07 1.50316e-07 9.12804e-08 5.51177e-08 3.31042e-08 1.97823e-08 1.17649e-08 6.96507e-09 4.10565e-09 2.41018e-09 1.40932e-09 8.20995e-10 4.76556e-10 2.75675e-10 1.58947e-10 9.13556e-11 5.23485e-11 2.99095e-11 1.70411e-11 9.68314e-12 5.48791e-12 3.10249e-12 1.7497e-12 9.84472e-13 5.52668e-13 3.09583e-13 1.73051e-13 9.65351e-14 5.37448e-14 2.98644e-14 1.65639e-14 9.17042e-15 5.06821e-15 2.79627e-15 1.54023e-15 8.47024e-16 4.65077e-16 2.54972e-16 1.39578e-16 7.62986e-17 4.1649e-17 2.27037e-17 1.23598e-17 6.71981e-18 3.64882e-18 1.97883e-18 1.07186e-18 5.79905e-19 3.13381e-19 1.6916e-19 9.12102e-20 4.9127e-20 2.64326e-20 1.42073e-20 7.62857e-21 4.0921e-21 2.19295e-21 1.17409e-21 6.28012e-22 3.35615e-22 1.79195e-22 9.55945e-23 5.09527e-23 2.71355e-23 1.44394e-23 7.67734e-24 4.07875e-24 2.16524e-24 1.14856e-24 6.08801e-25 3.22461e-25 1.70673e-25 9.02703e-26 4.77113e-26 2.52e-26 1.33011e-26 7.01593e-27
7.2772e-05 0.000141691 0.000191282 0.000215161 0.000215774 0.000199584 0.000173698 0.000144079 0.000114925 8.87254e-05 6.66214e-05 4.88374e-05 3.50565e-05 2.47011e-05 1.71184e-05 1.16879e-05 7.87319e-06 5.23873e-06 3.44679e-06 2.24445e-06 1.44762e-06 9.2545e-07 5.86776e-07 3.69192e-07 2.30625e-07 1.43097e-07 8.82262e-08 5.40712e-08 3.29519e-08 1.99743e-08 1.20466e-08 7.23042e-09 4.31992e-09 2.56977e-09 1.52232e-09 8.98244e-10 5.27999e-10 3.09238e-10 1.80484e-10 1.04987e-10 6.08745e-11 3.51881e-11 2.028e-11 1.16546e-11 6.67934e-12 3.81781e-12 2.17662e-12 1.23787e-12 7.02305e-13 3.97532e-13 2.24515e-13 1.26525e-13 7.11535e-14 3.99328e-14 2.23668e-14 1.25039e-14 6.97716e-15 3.8862e-15 2.16076e-15 1.19935e-15 6.64606e-16 3.67687e-16 2.03098e-16 1.12013e-16 6.16852e-17 3.39203e-17 1.8626e-17 1.02136e-17 5.59306e-18 3.05876e-18 1.67064e-18 9.1132e-19 4.96506e-19 2.70182e-19 1.46851e-19 7.97256e-20 4.32345e-20 2.34199e-20 1.26727e-20 6.85012e-21 3.69894e-21 1.99534e-21 1.0753e-21 5.78916e-22 3.1138e-22 1.67325e-22 8.98323e-23 4.81854e-23 2.58236e-23 1.38274e-23 7.39775e-24 3.95454e-24 2.11222e-24 1.12728e-24 6.01153e-25 3.20333e-25 1.70564e-25 9.07508e-26 4.82497e-26 2.56345e-26 1.36097e-26
3.5453e-05 7.37339e-05 0.000104642 0.000122769 0.000127776 0.000122222 0.0001097 9.36405e-05 7.67283e-05 6.07595e-05 4.67356e-05 3.50565e-05 2.5724e-05 1.85122e-05 1.3093e-05 9.11661e-06 6.25872e-06 4.24172e-06 2.84102e-06 1.88232e-06 1.23469e-06 8.02389e-07 5.16959e-07 3.30385e-07 2.09558e-07 1.3198e-07 8.25689e-08 5.13327e-08 3.17243e-08 1.94961e-08 1.19176e-08 7.24824e-09 4.38717e-09 2.64328e-09 1.58563e-09 9.47205e-10 5.63573e-10 3.34037e-10 1.97263e-10 1.16082e-10 6.80798e-11 3.97977e-11 2.31921e-11 1.34745e-11 7.80593e-12 4.50941e-12 2.598e-12 1.49288e-12 8.55686e-13 4.89263e-13 2.79089e-13 1.58836e-13 9.01968e-14 5.11091e-14 2.89001e-14 1.63087e-14 9.18512e-15 5.16321e-15 2.89699e-15 1.62252e-15 9.07126e-16 5.06293e-16 2.82106e-16 1.56934e-16 8.71636e-17 4.83373e-17 2.67655e-17 1.4799e-17 8.17083e-18 4.50497e-18 2.48042e-18 1.36389e-18 7.48972e-19 4.1077e-19 2.25005e-19 1.23099e-19 6.72666e-20 3.67145e-20 2.00161e-20 1.09003e-20 5.9295e-21 3.22206e-21 1.74901e-21 9.48429e-22 5.13781e-22 2.78049e-22 1.5033e-22 8.11995e-23 4.38184e-23 2.36245e-23 1.27256e-23 6.8487e-24 3.68267e-24 1.97856e-24 1.06211e-24 5.69688e-25 3.05318e-25 1.63502e-25 8.74897e-26 4.67797e-26 2.49937e-26
1.7272e-05 3.82139e-05 5.68636e-05 6.94431e-05 7.48803e-05 7.39587e-05 6.83686e-05 5.99837e-05 5.04327e-05 4.09205e-05 3.22118e-05 2.47011e-05 1.85122e-05 1.35954e-05 9.80516e-06 6.9573e-06 4.86425e-06 3.35544e-06 2.28629e-06 1.54025e-06 1.02684e-06 6.77948e-07 4.43571e-07 2.87783e-07 1.85241e-07 1.18356e-07 7.50949e-08 4.73343e-08 2.96512e-08 1.84652e-08 1.14351e-08 7.04413e-09 4.31741e-09 2.6335e-09 1.59901e-09 9.66645e-10 5.8192e-10 3.48913e-10 2.08402e-10 1.24017e-10 7.35397e-11 4.34591e-11 2.55985e-11 1.50306e-11 8.7986e-12 5.1354e-12 2.98884e-12 1.73476e-12 1.00421e-12 5.79822e-13 3.33954e-13 1.91882e-13 1.09994e-13 6.29103e-14 3.59022e-14 2.04454e-14 1.16191e-14 6.58982e-15 3.73016e-15 2.10744e-15 1.18845e-15 6.68992e-16 3.75925e-16 2.10882e-16 1.18101e-16 6.60333e-17 3.68624e-17 2.05463e-17 1.14348e-17 6.35452e-18 3.52625e-18 1.95404e-18 1.08132e-18 5.97579e-19 3.29811e-19 1.81793e-19 1.00079e-19 5.50269e-20 3.02193e-20 1.65761e-20 9.0819e-21 4.97029e-21 2.71709e-21 1.48373e-21 8.09367e-22 4.41043e-22 2.40089e-22 1.30565e-22 7.09339e-23 3.85e-23 2.08764e-23 1.13095e-23 6.12122e-24 3.31009e-24 1.78838e-24 9.65386e-25 5.20683e-25 2.80596e-25 1.51089e-25 8.12892e-26 4.37006e-26
8.41456e-06 1.97338e-05 3.07176e-05 3.89766e-05 4.34768e-05 4.42812e-05 4.21089e-05 3.7931e-05 3.26905e-05 2.71527e-05 2.18547e-05 1.71184e-05 1.3093e-05 9.80516e-06 7.206e-06 5.20684e-06 3.70499e-06 2.5997e-06 1.80091e-06 1.23293e-06 8.34933e-07 5.59722e-07 3.71711e-07 2.44693e-07 1.59758e-07 1.03502e-07 6.65704e-08 4.25241e-08 2.69883e-08 1.70236e-08 1.06758e-08 6.65808e-09 4.1306e-09 2.54976e-09 1.56642e-09 9.5793e-10 5.83256e-10 3.53643e-10 2.13564e-10 1.28474e-10 7.70007e-11 4.59862e-11 2.73697e-11 1.6236e-11 9.60075e-12 5.65974e-12 3.32659e-12 1.94965e-12 1.13949e-12 6.64198e-13 3.86151e-13 2.23936e-13 1.29548e-13 7.47672e-14 4.3052e-14 2.47348e-14 1.41802e-14 8.11225e-15 4.6314e-15 2.63887e-15 1.50066e-15 8.51781e-16 4.82586e-16 2.72926e-16 1.54084e-16 8.68418e-17 4.8863e-17 2.74491e-17 1.53953e-17 8.62144e-18 4.82076e-18 2.6916e-18 1.50065e-18 8.35485e-19 4.64514e-19 2.57913e-19 1.43013e-19 7.91985e-20 4.38036e-20 2.41973e-20 1.33504e-20 7.35715e-21 4.04966e-21 2.22655e-21 1.22281e-21 6.70828e-22 3.67618e-22 2.01244e-22 1.10052e-22 6.01223e-23 3.28124e-23 1.78902e-23 9.74486e-24 5.30305e-24 2.88318e-24 1.56611e-24 8.49934e-25 4.60856e-25 2.49671e-25 1.35146e-25 7.30928e-26
4.0994e-06 1.01579e-05 1.6506e-05 2.17254e-05 2.50344e-05 2.62612e-05 2.56617e-05 2.37094e-05 2.09267e-05 1.7778e-05 1.46193e-05 1.16879e-05 9.11661e-06 6.9573e-06 5.20684e-06 3.82894e-06 2.77122e-06 1.97679e-06 1.39149e-06 9.67567e-07 6.65229e-07 4.52588e-07 3.04924e-07 2.03572e-07 1.34752e-07 8.84843e-08 5.76659e-08 3.73146e-08 2.39837e-08 1.53173e-08 9.72356e-09 6.13722e-09 3.8525e-09 2.40575e-09 1.49485e-09 9.24441e-10 5.69096e-10 3.48819e-10 2.12911e-10 1.29436e-10 7.83859e-11 4.72944e-11 2.84336e-11 1.70357e-11 1.0173e-11 6.05544e-12 3.59337e-12 2.12598e-12 1.25419e-12 7.37824e-13 4.32879e-13 2.53303e-13 1.47846e-13 8.60814e-14 4.99998e-14 2.89746e-14 1.67527e-14 9.66496e-15 5.56401e-15 3.19649e-15 1.83265e-15 1.04866e-15 5.98898e-16 3.41398e-16 1.94257e-16 1.10337e-16 6.25627e-17 3.54139e-17 2.00131e-17 1.12916e-17 6.36078e-18 3.57765e-18 2.00924e-18 1.12675e-18 6.30951e-19 3.52821e-19 1.97021e-19 1.09872e-19 6.11911e-20 3.40351e-20 1.89067e-20 1.04897e-20 5.81281e-21 3.21728e-21 1.77863e-21 9.8216e-22 5.4174e-22 2.98483e-22 1.64278e-22 9.03185e-23 4.96045e-23 2.72157e-23 1.4917e-23 8.16798e-24 4.46813e-24 2.44187e-24 1.33325e-24 7.27279e-25 3.96366e-25 2.15827e-25 1.17418e-25
1.99714e-06 5.21379e-06 8.82726e-06 1.20343e-05 1.43074e-05 1.54411e-05 1.54894e-05 1.46654e-05 1.32454e-05 1.15002e-05 9.65485e-06 7.87319e-06 6.25872e-06 4.86425e-06 3.70499e-06 2.77122e-06 2.03895e-06 1.47783e-06 1.05651e-06 7.45794e-07 5.20334e-07 3.59111e-07 2.45348e-07 1.66048e-07 1.11389e-07 7.41042e-08 4.89156e-08 3.20514e-08 2.08553e-08 1.34809e-08 8.65962e-09 5.52958e-09 3.51094e-09 2.21721e-09 1.39299e-09 8.70865e-10 5.4188e-10 3.35654e-10 2.07013e-10 1.27144e-10 7.77779e-11 4.73964e-11 2.87757e-11 1.74082e-11 1.04951e-11 6.30636e-12 3.77724e-12 2.2554e-12 1.34267e-12 7.9699e-13 4.71754e-13 2.7848e-13 1.63955e-13 9.62814e-14 5.64e-14 3.29584e-14 1.92147e-14 1.11766e-14 6.48665e-15 3.75659e-15 2.17097e-15 1.25206e-15 7.20658e-16 4.1399e-16 2.3737e-16 1.3585e-16 7.76088e-17 4.42585e-17 2.51963e-17 1.43201e-17 8.12539e-18 4.60305e-18 2.60356e-18 1.47036e-18 8.29138e-19 4.66869e-19 2.62506e-19 1.47392e-19 8.26437e-20 4.62766e-20 2.58785e-20 1.44529e-20 8.0616e-21 4.49104e-21 2.49887e-21 1.38874e-21 7.70882e-22 4.27421e-22 2.36719e-22 1.30957e-22 7.23691e-23 3.99496e-23 2.20301e-23 1.21359e-23 6.67863e-24 3.67173e-24 2.01664e-24 1.10655e-24 6.06596e-25 3.3222e-25 1.81783e-25
9.72968e-07 2.66918e-06 4.70047e-06 6.62846e-06 8.12134e-06 9.00841e-06 9.26837e-06 8.9852e-06 8.29776e-06 7.35784e-06 6.30229e-06 5.23873e-06 4.24172e-06 3.35544e-06 2.5997e-06 1.97679e-06 1.47783e-06 1.08784e-06 7.89477e-07 5.65507e-07 4.0021e-07 2.8007e-07 1.93959e-07 1.33019e-07 9.03964e-08 6.09058e-08 4.07058e-08 2.69987e-08 1.77786e-08 1.16275e-08 7.55551e-09 4.87937e-09 3.1327e-09 2.00007e-09 1.27015e-09 8.02504e-10 5.04569e-10 3.15763e-10 1.96723e-10 1.22033e-10 7.53874e-11 4.63864e-11 2.84327e-11 1.73635e-11 1.0566e-11 6.40748e-12 3.87276e-12 2.33323e-12 1.40134e-12 8.3912e-13 5.01e-13 2.98281e-13 1.77102e-13 1.04874e-13 6.19426e-14 3.64942e-14 2.14487e-14 1.25762e-14 7.35699e-15 4.29415e-15 2.50096e-15 1.45349e-15 8.42986e-16 4.87924e-16 2.81858e-16 1.62508e-16 9.35202e-17 5.37209e-17 3.08039e-17 1.76324e-17 1.00758e-17 5.74806e-18 3.27385e-18 1.86168e-18 1.057e-18 5.99214e-19 3.3919e-19 1.91721e-19 1.08212e-19 6.09922e-20 3.43302e-20 1.92972e-20 1.08328e-20 6.07333e-21 3.40065e-21 1.90177e-21 1.06224e-21 5.92612e-22 3.30223e-22 1.83799e-22 1.02185e-22 5.67479e-23 3.14802e-23 1.74445e-23 9.65659e-24 5.33997e-24 2.94993e-24 1.62798e-24 8.97553e-25 4.94368e-25 2.72037e-25
4.7401e-07 1.36328e-06 2.4932e-06 3.63217e-06 4.58142e-06 5.21823e-06 5.50193e-06 5.4573e-06 5.14955e-06 4.66042e-06 4.0702e-06 3.44679e-06 2.84102e-06 2.28629e-06 1.80091e-06 1.39149e-06 1.05651e-06 7.89477e-07 5.81377e-07 4.22406e-07 3.03105e-07 2.15e-07 1.50872e-07 1.04812e-07 7.21305e-08 4.92022e-08 3.32837e-08 2.23389e-08 1.48821e-08 9.84481e-09 6.46914e-09 4.22402e-09 2.74143e-09 1.76898e-09 1.13521e-09 7.24678e-10 4.60281e-10 2.9094e-10 1.83051e-10 1.14659e-10 7.15131e-11 4.44198e-11 2.74818e-11 1.69378e-11 1.04008e-11 6.36403e-12 3.88066e-12 2.3585e-12 1.4288e-12 8.62889e-13 5.19553e-13 3.11915e-13 1.8673e-13 1.1148e-13 6.63775e-14 3.94203e-14 2.3352e-14 1.37996e-14 8.13529e-15 4.7849e-15 2.80797e-15 1.64421e-15 9.60713e-16 5.60173e-16 3.25961e-16 1.89299e-16 1.09721e-16 6.34755e-17 3.66541e-17 2.11278e-17 1.21568e-17 6.98294e-18 4.00428e-18 2.29242e-18 1.31028e-18 7.47735e-19 4.26051e-19 2.42392e-19 1.37699e-19 7.81114e-20 4.42467e-20 2.50289e-20 1.41387e-20 7.97619e-21 4.49377e-21 2.52853e-21 1.42094e-21 7.97523e-22 4.47078e-22 2.50325e-22 1.39996e-22 7.82034e-23 4.36359e-23 2.43209e-23 1.35407e-23 7.53069e-24 4.1838e-24 2.32196e-24 1.28735e-24 7.1302e-25 3.94528e-25
2.30928e-07 6.94809e-07 1.31771e-06 1.98094e-06 2.56981e-06 3.00302e-06 3.24231e-06 3.28816e-06 3.16827e-06 2.92471e-06 2.60298e-06 2.24445e-06 1.88232e-06 1.54025e-06 1.23293e-06 9.67567e-07 7.45794e-07 5.65507e-07 4.22406e-07 3.11178e-07 2.26322e-07 1.6266e-07 1.15619e-07 8.13354e-08 5.66658e-08 3.91207e-08 2.67773e-08 1.81807e-08 1.22499e-08 8.19412e-09 5.44356e-09 3.59271e-09 2.35643e-09 1.5364e-09 9.96076e-10 6.42279e-10 4.12002e-10 2.62974e-10 1.67052e-10 1.05633e-10 6.65019e-11 4.16893e-11 2.6028e-11 1.61863e-11 1.00277e-11 6.18964e-12 3.80705e-12 2.33359e-12 1.42567e-12 8.68205e-13 5.27077e-13 3.19019e-13 1.92527e-13 1.1586e-13 6.95311e-14 4.16163e-14 2.48438e-14 1.47937e-14 8.7875e-15 5.20733e-15 3.0786e-15 1.81596e-15 1.0688e-15 6.27699e-16 3.67869e-16 2.15151e-16 1.25581e-16 7.31572e-17 4.25363e-17 2.46862e-17 1.43006e-17 8.26959e-18 4.77371e-18 2.75098e-18 1.58269e-18 9.09066e-19 5.21317e-19 2.9849e-19 1.70644e-19 9.74096e-20 5.55232e-20 3.16025e-20 1.7962e-20 1.0195e-20 5.77866e-21 3.27107e-21 1.8492e-21 1.04405e-21 5.88726e-22 3.31564e-22 1.86506e-22 1.04785e-22 5.88031e-23 3.29609e-23 1.84547e-23 1.03212e-23 5.7661e-24 3.21785e-24 1.79387e-24 9.98994e-25 5.55765e-25
1.12503e-07 3.53428e-07 6.9416e-07 1.0757e-06 1.43393e-06 1.71782e-06 1.89789e-06 1.96663e-06 1.93379e-06 1.81984e-06 1.64965e-06 1.44762e-06 1.23469e-06 1.02684e-06 8.34933e-07 6.65229e-07 5.20334e-07 4.0021e-07 3.03105e-07 2.26322e-07 1.66782e-07 1.21415e-07 8.73883e-08 6.22328e-08 4.38793e-08 3.06504e-08 2.12219e-08 1.45721e-08 9.92751e-09 6.71308e-09 4.50745e-09 3.00619e-09 1.99214e-09 1.31211e-09 8.59182e-10 5.59471e-10 3.62368e-10 2.33506e-10 1.49731e-10 9.55606e-11 6.07119e-11 3.84037e-11 2.41906e-11 1.51761e-11 9.4836e-12 5.90402e-12 3.66216e-12 2.26358e-12 1.39434e-12 8.56071e-13 5.23913e-13 3.1964e-13 1.94426e-13 1.17918e-13 7.13138e-14 4.30101e-14 2.58704e-14 1.55205e-14 9.28766e-15 5.54417e-15 3.30159e-15 1.96153e-15 1.16272e-15 6.87687e-16 4.05849e-16 2.39012e-16 1.40469e-16 8.23877e-17 4.82271e-17 2.81763e-17 1.64309e-17 9.56403e-18 5.557e-18 3.22312e-18 1.86623e-18 1.07876e-18 6.22538e-19 3.58681e-19 2.06331e-19 1.18508e-19 6.79629e-20 3.89181e-20 2.22534e-20 1.27064e-20 7.24499e-21 4.1253e-21 2.34578e-21 1.33212e-21 7.55504e-22 4.27931e-22 2.42084e-22 1.3678e-22 7.71891e-23 4.35083e-23 2.44952e-23 1.37749e-23 7.73764e-24 4.34155e-24 2.43337e-24 1.3624e-24 7.61976e-25
5.48093e-08 1.79457e-07 3.64575e-07 5.81799e-07 7.96264e-07 9.77187e-07 1.10403e-06 1.16822e-06 1.17162e-06 1.12344e-06 1.03673e-06 9.2545e-07 8.02389e-07 6.77948e-07 5.59722e-07 4.52588e-07 3.59111e-07 2.8007e-07 2.15e-07 1.6266e-07 1.21415e-07 8.95002e-08 6.52096e-08 4.69965e-08 3.3526e-08 2.3688e-08 1.65862e-08 1.15149e-08 7.9299e-09 5.4194e-09 3.67689e-09 2.47748e-09 1.65838e-09 1.10314e-09 7.29419e-10 4.7955e-10 3.13551e-10 2.03939e-10 1.31977e-10 8.4995e-11 5.44833e-11 3.47684e-11 2.20918e-11 1.39787e-11 8.80964e-12 5.53049e-12 3.45892e-12 2.15547e-12 1.33851e-12 8.28367e-13 5.1097e-13 3.14183e-13 1.92586e-13 1.17696e-13 7.17188e-14 4.35785e-14 2.64068e-14 1.59586e-14 9.61927e-15 5.78345e-15 3.46864e-15 2.07532e-15 1.23878e-15 7.37746e-16 4.38381e-16 2.59927e-16 1.5379e-16 9.08037e-17 5.35056e-17 3.14655e-17 1.84685e-17 1.08194e-17 6.32667e-18 3.69284e-18 2.15167e-18 1.25152e-18 7.26716e-19 4.21278e-19 2.43819e-19 1.40887e-19 8.12827e-20 4.6823e-20 2.69319e-20 1.54681e-20 8.8711e-21 5.08046e-21 2.90553e-21 1.65941e-21 9.46454e-22 5.39106e-22 3.06681e-22 1.74241e-22 9.88711e-23 5.60347e-23 3.17191e-23 1.79338e-23 1.01278e-23 5.71299e-24 3.219e-24 1.81175e-24 1.0186e-24
2.6702e-08 9.09714e-08 1.90943e-07 3.13507e-07 4.40188e-07 5.53011e-07 6.38529e-07 6.89559e-07 7.04993e-07 6.8845e-07 6.46466e-07 5.86776e-07 5.16959e-07 4.43571e-07 3.71711e-07 3.04924e-07 2.45348e-07 1.93959e-07 1.50872e-07 1.15619e-07 8.73883e-08 6.52096e-08 4.8082e-08 3.50594e-08 2.52977e-08 1.80753e-08 1.27958e-08 8.97943e-09 6.24939e-09 4.3154e-09 2.95782e-09 2.01301e-09 1.36079e-09 9.13997e-10 6.1014e-10 4.04913e-10 2.67209e-10 1.75387e-10 1.14524e-10 7.44106e-11 4.81169e-11 3.09714e-11 1.98472e-11 1.26643e-11 8.04772e-12 5.09371e-12 3.21162e-12 2.01742e-12 1.26272e-12 7.87589e-13 4.89583e-13 3.0334e-13 1.87349e-13 1.15355e-13 7.08137e-14 4.33446e-14 2.6456e-14 1.61034e-14 9.77569e-15 5.91896e-15 3.57472e-15 2.15359e-15 1.29431e-15 7.76054e-16 4.64248e-16 2.771e-16 1.65035e-16 9.80816e-17 5.81695e-17 3.44286e-17 2.03366e-17 1.19893e-17 7.0548e-18 4.14349e-18 2.42916e-18 1.42159e-18 8.30487e-19 4.8434e-19 2.81994e-19 1.63915e-19 9.51256e-20 5.51179e-20 3.18873e-20 1.84197e-20 1.06244e-20 6.11915e-21 3.5193e-21 2.02121e-21 1.15923e-21 6.63952e-22 3.79776e-22 2.16945e-22 1.2377e-22 7.05234e-23 4.0134e-23 2.28119e-23 1.29506e-23 7.34357e-24 4.15931e-24 2.3531e-24 1.32975e-24
1.30087e-08 4.60458e-08 9.97465e-08 1.68355e-07 2.42331e-07 3.11459e-07 3.67317e-07 4.04622e-07 4.21503e-07 4.19003e-07 4.00188e-07 3.69192e-07 3.30385e-07 2.87783e-07 2.44693e-07 2.03572e-07 1.66048e-07 1.33019e-07 1.04812e-07 8.13354e-08 6.22328e-08 4.69965e-08 3.50594e-08 2.58572e-08 1.88673e-08 1.36291e-08 9.75226e-09 6.91602e-09 4.86328e-09 3.39247e-09 2.34851e-09 1.61407e-09 1.10167e-09 7.46999e-10 5.03334e-10 3.37116e-10 2.24491e-10 1.48669e-10 9.79348e-11 6.41863e-11 4.1862e-11 2.71738e-11 1.75593e-11 1.12969e-11 7.23735e-12 4.6177e-12 2.93466e-12 1.85795e-12 1.17194e-12 7.36586e-13 4.61358e-13 2.88e-13 1.79197e-13 1.11147e-13 6.87271e-14 4.23704e-14 2.60457e-14 1.59655e-14 9.75975e-15 5.9502e-15 3.61821e-15 2.1946e-15 1.32782e-15 8.01455e-16 4.8261e-16 2.89945e-16 1.73805e-16 1.03958e-16 6.20478e-17 3.69561e-17 2.19665e-17 1.30307e-17 7.71482e-18 4.55885e-18 2.68889e-18 1.58305e-18 9.30336e-19 5.45786e-19 3.19638e-19 1.8688e-19 1.09081e-19 6.35675e-20 3.69854e-20 2.14857e-20 1.24625e-20 7.21791e-21 4.17425e-21 2.41056e-21 1.39009e-21 8.00502e-22 4.60351e-22 2.64382e-22 1.51636e-22 8.68579e-23 4.96893e-23 2.83905e-23 1.62012e-23 9.23412e-24 5.25686e-24 2.98915e-24 1.69773e-24
6.33755e-09 2.32737e-08 5.19814e-08 9.01183e-08 1.3289e-07 1.7463e-07 2.1024e-07 2.36117e-07 2.50506e-07 2.53383e-07 2.46049e-07 2.30625e-07 2.09558e-07 1.85241e-07 1.59758e-07 1.34752e-07 1.11389e-07 9.03964e-08 7.21305e-08 5.66658e-08 4.38793e-08 3.3526e-08 2.52977e-08 1.88673e-08 1.39183e-08 1.01624e-08 7.34842e-09 5.26525e-09 3.7401e-09 2.63501e-09 1.84203e-09 1.27818e-09 8.80685e-10 6.0273e-10 4.09854e-10 2.76989e-10 1.86095e-10 1.24323e-10 8.26062e-11 5.46022e-11 3.59112e-11 2.35046e-11 1.53129e-11 9.93151e-12 6.41347e-12 4.12436e-12 2.64159e-12 1.6853e-12 1.07114e-12 6.7831e-13 4.28023e-13 2.69161e-13 1.68697e-13 1.05389e-13 6.56321e-14 4.07483e-14 2.52238e-14 1.55688e-14 9.58251e-15 5.88183e-15 3.6007e-15 2.19853e-15 1.33899e-15 8.1348e-16 4.93027e-16 2.98107e-16 1.79836e-16 1.08245e-16 6.50107e-17 3.89613e-17 2.33009e-17 1.39067e-17 8.2833e-18 4.92418e-18 2.92167e-18 1.73027e-18 1.02282e-18 6.03535e-19 3.555e-19 2.09039e-19 1.2271e-19 7.19135e-20 4.2076e-20 2.4579e-20 1.43356e-20 8.34829e-21 4.85428e-21 2.81844e-21 1.63403e-21 9.46005e-22 5.46911e-22 3.15748e-22 1.82045e-22 1.04818e-22 6.02736e-23 3.46146e-23 1.98537e-23 1.13732e-23 6.50723e-24 3.71865e-24 2.12256e-24
3.08752e-09 1.17482e-08 2.70287e-08 4.80951e-08 7.26097e-08 9.75017e-08 1.19769e-07 1.37075e-07 1.48047e-07 1.52309e-07 1.50316e-07 1.43097e-07 1.3198e-07 1.18356e-07 1.03502e-07 8.84843e-08 7.41042e-08 6.09058e-08 4.92022e-08 3.91207e-08 3.06504e-08 2.3688e-08 1.80753e-08 1.36291e-08 1.01624e-08 7.49827e-09 5.47809e-09 3.96495e-09 2.8445e-09 2.02364e-09 1.42824e-09 1.00042e-09 6.95708e-10 4.80489e-10 3.29673e-10 2.24776e-10 1.52335e-10 1.02646e-10 6.8782e-11 4.58452e-11 3.04009e-11 2.00603e-11 1.31741e-11 8.61224e-12 5.60517e-12 3.6325e-12 2.34438e-12 1.50701e-12 9.64993e-13 6.1561e-13 3.91301e-13 2.47849e-13 1.56452e-13 9.84316e-14 6.17291e-14 3.8591e-14 2.40525e-14 1.49469e-14 9.26167e-15 5.72282e-15 3.52651e-15 2.16732e-15 1.32854e-15 8.12324e-16 4.95462e-16 3.01471e-16 1.83003e-16 1.10835e-16 6.69757e-17 4.03838e-17 2.42977e-17 1.45886e-17 8.74122e-18 5.22708e-18 3.11956e-18 1.8582e-18 1.10478e-18 6.55626e-19 3.88377e-19 2.29658e-19 1.35568e-19 7.98903e-20 4.70009e-20 2.76063e-20 1.61887e-20 9.47834e-21 5.54091e-21 3.23423e-21 1.88501e-21 1.09703e-21 6.37533e-22 3.69974e-22 2.14406e-22 1.24083e-22 7.17138e-23 4.13925e-23 2.38604e-23 1.37366e-23 7.89836e-24 4.53585e-24 2.60168e-24
1.50418e-09 5.92312e-09 1.40247e-08 2.55959e-08 3.95383e-08 5.42243e-08 6.79287e-08 7.91907e-08 8.70343e-08 9.10372e-08 9.12804e-08 8.82262e-08 8.25689e-08 7.50949e-08 6.65704e-08 5.76659e-08 4.89156e-08 4.07058e-08 3.32837e-08 2.67773e-08 2.12219e-08 1.65862e-08 1.27958e-08 9.75226e-09 7.34842e-09 5.47809e-09 4.04277e-09 2.9552e-09 2.1408e-09 1.53762e-09 1.09545e-09 7.74423e-10 5.43458e-10 3.78706e-10 2.62133e-10 1.80282e-10 1.23228e-10 8.37348e-11 5.65774e-11 3.80204e-11 2.54165e-11 1.69055e-11 1.119e-11 7.37224e-12 4.8351e-12 3.1573e-12 2.05302e-12 1.32953e-12 8.576e-13 5.51075e-13 3.52798e-13 2.2505e-13 1.43059e-13 9.06322e-14 5.72294e-14 3.60219e-14 2.26028e-14 1.41399e-14 8.81961e-15 5.4854e-15 3.40215e-15 2.10435e-15 1.29817e-15 7.98764e-16 4.90242e-16 3.00146e-16 1.8332e-16 1.11704e-16 6.79092e-17 4.11922e-17 2.49316e-17 1.50575e-17 9.07498e-18 5.45817e-18 3.27624e-18 1.96268e-18 1.17352e-18 7.00339e-19 4.17182e-19 2.48059e-19 1.47236e-19 8.72404e-20 5.16035e-20 3.04729e-20 1.79653e-20 1.05744e-20 6.21426e-21 3.64626e-21 2.13621e-21 1.24965e-21 7.29954e-22 4.25768e-22 2.4799e-22 1.44241e-22 8.37811e-23 4.85979e-23 2.81522e-23 1.6287e-23 9.41046e-24 5.43041e-24 3.12978e-24
7.32805e-10 2.98288e-09 7.26287e-09 1.35863e-08 2.14611e-08 3.00446e-08 3.83667e-08 4.55411e-08 5.09128e-08 5.41254e-08 5.51177e-08 5.40712e-08 5.13327e-08 4.73343e-08 4.25241e-08 3.73146e-08 3.20514e-08 2.69987e-08 2.23389e-08 1.81807e-08 1.45721e-08 1.15149e-08 8.97943e-09 6.91602e-09 5.26525e-09 3.96495e-09 2.9552e-09 2.18129e-09 1.5953e-09 1.15661e-09 8.31627e-10 5.93264e-10 4.20054e-10 2.95291e-10 2.06168e-10 1.43003e-10 9.857e-11 6.75352e-11 4.60051e-11 3.11653e-11 2.09998e-11 1.40776e-11 9.39048e-12 6.23408e-12 4.11958e-12 2.71018e-12 1.77531e-12 1.15808e-12 7.52405e-13 4.86932e-13 3.13935e-13 2.01659e-13 1.29076e-13 8.23328e-14 5.23408e-14 3.31657e-14 2.09487e-14 1.31912e-14 8.28144e-15 5.18388e-15 3.23568e-15 2.01404e-15 1.25024e-15 7.74058e-16 4.78004e-16 2.9444e-16 1.80924e-16 1.10905e-16 6.78247e-17 4.13837e-17 2.51941e-17 1.53044e-17 9.27687e-18 5.61147e-18 3.38735e-18 2.04066e-18 1.22695e-18 7.36284e-19 4.41005e-19 2.63656e-19 1.57341e-19 9.37293e-20 5.57379e-20 3.30888e-20 1.96102e-20 1.16029e-20 6.85411e-21 4.04244e-21 2.38045e-21 1.39961e-21 8.21681e-22 4.81678e-22 2.81954e-22 1.64809e-22 9.61992e-23 5.60742e-23 3.26411e-23 1.89752e-23 1.10164e-23 6.38746e-24 3.69884e-24
3.57008e-10 1.50058e-09 3.75427e-09 7.19374e-09 1.16139e-08 1.65891e-08 2.1585e-08 2.6077e-08 2.96435e-08 3.20184e-08 3.31042e-08 3.29519e-08 3.17243e-08 2.96512e-08 2.69883e-08 2.39837e-08 2.08553e-08 1.77786e-08 1.48821e-08 1.22499e-08 9.92751e-09 7.9299e-09 6.24939e-09 4.86328e-09 3.7401e-09 2.8445e-09 2.1408e-09 1.5953e-09 1.17772e-09 8.61744e-10 6.25244e-10 4.5002e-10 3.21433e-10 2.27917e-10 1.60484e-10 1.1225e-10 7.80123e-11 5.38859e-11 3.70024e-11 2.52654e-11 1.71576e-11 1.15907e-11 7.79059e-12 5.21091e-12 3.46907e-12 2.29901e-12 1.51691e-12 9.96625e-13 6.52106e-13 4.24985e-13 2.75899e-13 1.78444e-13 1.14993e-13 7.38435e-14 4.72565e-14 3.01414e-14 1.91628e-14 1.21446e-14 7.67319e-15 4.8336e-15 3.036e-15 1.90151e-15 1.18767e-15 7.39812e-16 4.59625e-16 2.8482e-16 1.76054e-16 1.08557e-16 6.67778e-17 4.09816e-17 2.5093e-17 1.533e-17 9.34511e-18 5.68454e-18 3.45061e-18 2.09028e-18 1.26369e-18 7.62466e-19 4.59159e-19 2.75985e-19 1.65577e-19 9.9158e-20 5.92762e-20 3.53731e-20 2.10727e-20 1.25325e-20 7.44105e-21 4.4109e-21 2.61053e-21 1.54258e-21 9.10125e-22 5.36164e-22 3.1539e-22 1.85253e-22 1.08657e-22 6.36414e-23 3.72236e-23 2.17422e-23 1.26825e-23 7.3881e-24 4.2983e-24
1.73927e-10 7.54133e-10 1.93727e-09 3.80012e-09 6.26711e-09 9.1295e-09 1.20987e-08 1.4871e-08 1.71833e-08 1.8851e-08 1.97823e-08 1.99743e-08 1.94961e-08 1.84652e-08 1.70236e-08 1.53173e-08 1.34809e-08 1.16275e-08 9.84481e-09 8.19412e-09 6.71308e-09 5.4194e-09 4.3154e-09 3.39247e-09 2.63501e-09 2.02364e-09 1.53762e-09 1.15661e-09 8.61744e-10 6.36271e-10 4.65772e-10 3.38183e-10 2.43639e-10 1.74225e-10 1.23705e-10 8.72387e-11 6.11227e-11 4.25581e-11 2.94548e-11 2.02687e-11 1.38703e-11 9.44118e-12 6.39339e-12 4.30804e-12 2.88899e-12 1.92842e-12 1.28148e-12 8.47896e-13 5.58665e-13 3.66603e-13 2.39625e-13 1.5603e-13 1.01222e-13 6.54303e-14 4.21469e-14 2.70567e-14 1.73121e-14 1.10416e-14 7.02022e-15 4.44987e-15 2.81226e-15 1.77217e-15 1.11361e-15 6.97852e-16 4.36142e-16 2.71866e-16 1.69033e-16 1.04834e-16 6.48592e-17 4.00317e-17 2.46504e-17 1.51444e-17 9.28348e-18 5.67832e-18 3.46578e-18 2.11092e-18 1.28307e-18 7.78322e-19 4.71207e-19 2.84725e-19 1.71719e-19 1.03373e-19 6.21158e-20 3.72583e-20 2.23092e-20 1.33351e-20 7.95753e-21 4.74067e-21 2.81964e-21 1.67438e-21 9.92733e-22 5.8768e-22 3.47368e-22 2.05018e-22 1.20825e-22 7.11047e-23 4.17852e-23 2.45212e-23 1.43703e-23 8.41012e-24 4.91544e-24
8.47336e-11 3.78644e-10 9.98035e-10 2.00302e-09 3.37281e-09 5.00861e-09 6.7578e-09 8.44779e-09 9.91893e-09 1.10488e-08 1.17649e-08 1.20466e-08 1.19176e-08 1.14351e-08 1.06758e-08 9.72356e-09 8.65962e-09 7.55551e-09 6.46914e-09 5.44356e-09 4.50745e-09 3.67689e-09 2.95782e-09 2.34851e-09 1.84203e-09 1.42824e-09 1.09545e-09 8.31627e-10 6.25244e-10 4.65772e-10 3.43953e-10 2.5189e-10 1.83011e-10 1.31965e-10 9.44704e-11 6.71627e-11 4.7433e-11 3.32866e-11 2.32171e-11 1.60989e-11 1.11002e-11 7.61212e-12 5.19282e-12 3.52456e-12 2.38061e-12 1.60038e-12 1.07097e-12 7.13535e-13 4.73368e-13 3.12742e-13 2.05794e-13 1.34893e-13 8.80859e-14 5.73102e-14 3.71544e-14 2.40041e-14 1.54561e-14 9.9195e-15 6.34594e-15 4.04719e-15 2.57335e-15 1.63141e-15 1.03128e-15 6.50092e-16 4.08681e-16 2.56232e-16 1.60232e-16 9.9945e-17 6.21857e-17 3.85978e-17 2.39003e-17 1.47649e-17 9.10064e-18 5.59687e-18 3.43456e-18 2.10315e-18 1.28517e-18 7.83718e-19 4.76967e-19 2.89709e-19 1.7563e-19 1.06271e-19 6.41832e-20 3.86936e-20 2.32852e-20 1.39882e-20 8.38868e-21 5.02218e-21 3.00172e-21 1.79118e-21 1.06712e-21 6.34753e-22 3.76984e-22 2.23553e-22 1.3237e-22 7.82637e-23 4.62065e-23 2.72413e-23 1.60378e-23 9.42895e-24 5.53597e-24
4.12805e-11 1.89946e-10 5.13373e-10 1.05359e-09 1.81055e-09 2.73971e-09 3.76207e-09 4.7814e-09 5.70287e-09 6.44819e-09 6.96507e-09 7.23042e-09 7.24824e-09 7.04413e-09 6.65808e-09 6.13722e-09 5.52958e-09 4.87937e-09 4.22402e-09 3.59271e-09 3.00619e-09 2.47748e-09 2.01301e-09 1.61407e-09 1.27818e-09 1.00042e-09 7.74423e-10 5.93264e-10 4.5002e-10 3.38183e-10 2.5189e-10 1.86034e-10 1.36293e-10 9.90859e-11 7.1508e-11 5.12436e-11 3.6475e-11 2.57954e-11 1.81297e-11 1.26661e-11 8.79841e-12 6.078e-12 4.17639e-12 2.85501e-12 1.94204e-12 1.31469e-12 8.85878e-13 5.94258e-13 3.96907e-13 2.63982e-13 1.74858e-13 1.15366e-13 7.58234e-14 4.96486e-14 3.23919e-14 2.10589e-14 1.36441e-14 8.81064e-15 5.671e-15 3.63864e-15 2.32745e-15 1.48429e-15 9.4381e-16 5.98427e-16 3.78379e-16 2.38595e-16 1.50053e-16 9.41235e-17 5.88914e-17 3.6756e-17 2.28851e-17 1.42151e-17 8.80921e-18 5.44678e-18 3.36029e-18 2.06857e-18 1.27068e-18 7.7893e-19 4.76509e-19 2.90919e-19 1.77264e-19 1.07803e-19 6.54366e-20 3.96464e-20 2.39771e-20 1.44748e-20 8.72305e-21 5.24777e-21 3.15172e-21 1.88972e-21 1.1312e-21 6.76056e-22 4.03405e-22 2.40341e-22 1.42972e-22 8.49229e-23 5.03684e-23 2.98305e-23 1.76419e-23 1.04188e-23 6.14458e-24
2.0111e-11 9.52068e-11 2.63686e-10 5.53096e-10 9.69578e-10 1.49443e-09 2.08774e-09 2.69685e-09 3.26648e-09 3.74797e-09 4.10565e-09 4.31992e-09 4.38717e-09 4.31741e-09 4.1306e-09 3.8525e-09 3.51094e-09 3.1327e-09 2.74143e-09 2.35643e-09 1.99214e-09 1.65838e-09 1.36079e-09 1.10167e-09 8.80685e-10 6.95708e-10 5.43458e-10 4.20054e-10 3.21433e-10 2.43639e-10 1.83011e-10 1.36293e-10 1.00673e-10 7.37821e-11 5.36714e-11 3.87639e-11 2.78057e-11 1.98146e-11 1.40311e-11 9.87558e-12 6.9103e-12 4.80826e-12 3.32754e-12 2.2908e-12 1.56913e-12 1.06957e-12 7.25623e-13 4.90039e-13 3.29481e-13 2.20582e-13 1.47064e-13 9.76548e-14 6.45927e-14 4.25622e-14 2.79424e-14 1.82787e-14 1.19155e-14 7.7412e-15 5.01266e-15 3.23542e-15 2.08177e-15 1.33539e-15 8.5406e-16 5.44638e-16 3.46334e-16 2.19624e-16 1.38896e-16 8.76103e-17 5.51186e-17 3.45896e-17 2.16532e-17 1.35223e-17 8.42469e-18 5.23665e-18 3.24766e-18 2.00968e-18 1.24091e-18 7.64593e-19 4.70128e-19 2.88479e-19 1.76662e-19 1.07974e-19 6.5866e-20 4.01034e-20 2.43723e-20 1.4785e-20 8.95299e-21 5.41196e-21 3.26582e-21 1.96741e-21 1.18325e-21 7.1047e-22 4.25911e-22 2.54921e-22 1.52342e-22 9.09008e-23 5.41583e-23 3.22196e-23 1.91401e-23 1.1354e-23 6.72574e-24
