0.388186 0.0960741 0.0409462 0.0187517 0.00805242 0.00318331 0.00117591 0.000412989 0.00013979 4.60488e-05 1.48639e-05 4.72394e-06 1.48325e-06 4.61246e-07 1.42314e-07 4.36266e-08 1.33013e-08 4.03672e-09 1.22021e-09 3.67568e-10 1.10387e-10 3.30619e-11 9.87855e-12 2.94524e-12 8.764e-13 2.60324e-13 7.7201e-14 2.28598e-14 6.75678e-15 1.9846e-15 5.85475e-16
0.0960741 0.0300079 0.0131727 0.00446506 0.00136208 0.000395976 0.00011257 3.1686e-05 8.88507e-06 2.48935e-06 6.97812e-07 1.95827e-07 5.50263e-08 1.54824e-08 4.36157e-09 1.2301e-09 3.47286e-10 9.81374e-11 2.77549e-11 7.85538e-12 2.22476e-12 6.30462e-13 1.78759e-13 5.07094e-14 1.43913e-14 4.08587e-15 1.16042e-15 3.2956e-16 9.32725e-17 2.53733e-17 7.21696e-18
0.0409462 0.0131727 0.00374007 0.00106684 0.000299883 8.34321e-05 2.3113e-05 6.40061e-06 1.77543e-06 4.93693e-07 1.37645e-07 3.84729e-08 1.0778e-08 3.02548e-09 8.50762e-10 2.39596e-10 6.75651e-11 1.90749e-11 5.39061e-12 1.52474e-12 4.31607e-13 1.22259e-13 3.46529e-14 9.82734e-15 2.78833e-15 7.91475e-16 2.24705e-16 6.36795e-17 1.7657e-17 4.99756e-18 1.4215e-18
0.0187517 0.00446506 0.00106684 0.000273644 7.22741e-05 1.93662e-05 5.23882e-06 1.42796e-06 3.91731e-07 1.08053e-07 2.99425e-08 8.32947e-09 2.32461e-09 6.50511e-10 1.82451e-10 5.12706e-11 1.44311e-11 4.06761e-12 1.1479e-12 3.24281e-13 9.16933e-14 2.5948e-14 7.34819e-15 2.08224e-15 5.90369e-16 1.6745e-16 4.74594e-17 1.32986e-17 3.76959e-18 1.06668e-18 3.03288e-19
0.00805242 0.00136208 0.000299883 7.22741e-05 1.83055e-05 4.77164e-06 1.26708e-06 3.40924e-07 9.26461e-08 2.53724e-08 6.99139e-09 1.93602e-09 5.38267e-10 1.50145e-10 4.19957e-11 1.1773e-11 3.30675e-12 9.30307e-13 2.62096e-13 7.39302e-14 2.08758e-14 5.9002e-15 1.66896e-15 4.72431e-16 1.33809e-16 3.78974e-17 1.06747e-17 3.0245e-18 8.56939e-19 2.42373e-19 6.88702e-20
0.00318331 0.000395976 8.34321e-05 1.93662e-05 4.77164e-06 1.21999e-06 3.19568e-07 8.51327e-08 2.2961e-08 6.25097e-09 1.71417e-09 4.72769e-10 1.30991e-10 3.64297e-11 1.01627e-11 2.84235e-12 7.96679e-13 2.23711e-13 6.29184e-14 1.77198e-14 4.99639e-15 1.41028e-15 3.9843e-16 1.12652e-16 3.18643e-17 8.99251e-18 2.54559e-18 7.20802e-19 2.04102e-19 5.76931e-20 1.63814e-20
0.00117591 0.00011257 2.3113e-05 5.23882e-06 1.26708e-06 3.19568e-07 8.2871e-08 2.19094e-08 5.87394e-09 1.59138e-09 4.34622e-10 1.19451e-10 3.29959e-11 9.15178e-12 2.54691e-12 7.10788e-13 1.98835e-13 5.57336e-14 1.56492e-14 4.40064e-15 1.2391e-15 3.49294e-16 9.85615e-17 2.78321e-17 7.85462e-18 2.22073e-18 6.2817e-19 1.77744e-19 5.02955e-20 1.4208e-20 4.03113e-21
0.000412989 3.1686e-05 6.40061e-06 1.42796e-06 3.40924e-07 8.51327e-08 2.19094e-08 5.7579e-09 1.53625e-09 4.14522e-10 1.12818e-10 3.09126e-11 8.51598e-12 2.35631e-12 6.54322e-13 1.82245e-13 5.08883e-14 1.42403e-14 3.99231e-15 1.12106e-15 3.15241e-16 8.87544e-17 2.50137e-17 7.05182e-18 1.99073e-18 5.62367e-19 1.5895e-19 4.49425e-20 1.27083e-20 3.58769e-21 1.01715e-21
0.00013979 8.88507e-06 1.77543e-06 3.91731e-07 9.26461e-08 2.2961e-08 5.87394e-09 1.53625e-09 4.08231e-10 1.09772e-10 2.97858e-11 8.13963e-12 2.23696e-12 6.17603e-13 1.71162e-13 4.75862e-14 1.32653e-14 3.70636e-15 1.03761e-15 2.90978e-16 8.17212e-17 2.29808e-17 6.46796e-18 1.82269e-18 5.14088e-19 1.45105e-19 4.09811e-20 1.15788e-20 3.27187e-21 9.2312e-22 2.61529e-22
4.60488e-05 2.48935e-06 4.93693e-07 1.08053e-07 2.53724e-08 6.25097e-09 1.59138e-09 4.14522e-10 1.09772e-10 2.94286e-11 7.96393e-12 2.17111e-12 5.95379e-13 1.64053e-13 4.53832e-14 1.25964e-14 3.50601e-15 9.78188e-16 2.73483e-16 7.65986e-17 2.14876e-17 6.03522e-18 1.69737e-18 4.77885e-19 1.34671e-19 3.79813e-20 1.07187e-20 3.02635e-21 8.54601e-22 2.40975e-22 6.82247e-23
1.48639e-05 6.97812e-07 1.37645e-07 2.99425e-08 6.99139e-09 1.71417e-09 4.34622e-10 1.12818e-10 2.97858e-11 7.96393e-12 2.15004e-12 5.84871e-13 1.60072e-13 4.40272e-14 1.21593e-14 3.3697e-15 9.36573e-16 2.60962e-16 7.28702e-17 2.03862e-17 5.71227e-18 1.603e-18 4.50414e-19 1.26701e-19 3.56759e-20 1.00539e-20 2.83529e-21 7.99978e-22 2.25761e-22 6.36232e-23 1.80016e-23
4.72394e-06 1.95827e-07 3.84729e-08 8.32947e-09 1.93602e-09 4.72769e-10 1.19451e-10 3.09126e-11 8.13963e-12 2.17111e-12 5.84871e-13 1.58788e-13 4.33799e-14 1.19117e-14 3.28471e-15 9.08998e-16 2.52313e-16 7.02169e-17 1.95846e-17 5.47296e-18 1.53209e-18 4.29539e-19 1.20587e-19 3.38929e-20 9.536e-21 2.68541e-21 7.56786e-22 2.13391e-22 6.01848e-23 1.69521e-23 4.79356e-24
1.48325e-06 5.50263e-08 1.0778e-08 2.32461e-09 5.38267e-10 1.30991e-10 3.29959e-11 8.51598e-12 2.23696e-12 5.95379e-13 1.60072e-13 4.33799e-14 1.18315e-14 3.24384e-15 8.93237e-16 2.46866e-16 6.84394e-17 1.90244e-17 5.30044e-18 1.47978e-18 4.1386e-19 1.15928e-19 3.25182e-20 9.13263e-21 2.56764e-21 7.22565e-22 2.03497e-22 5.73449e-23 1.61643e-23 4.5507e-24 1.28608e-24
4.61246e-07 1.54824e-08 3.02548e-09 6.50511e-10 1.50145e-10 3.64297e-11 9.15178e-12 2.35631e-12 6.17603e-13 1.64053e-13 4.40272e-14 1.19117e-14 3.24384e-15 8.88107e-16 2.44232e-16 6.74163e-17 1.86687e-17 5.18382e-18 1.44286e-18 4.02443e-19 1.12455e-19 3.14741e-20 8.82168e-21 2.47571e-21 6.95562e-22 1.95611e-22 5.50562e-23 1.55057e-23 4.36837e-24 1.22923e-24 3.47207e-25
1.42314e-07 4.36157e-09 8.50762e-10 1.82451e-10 4.19957e-11 1.01627e-11 2.54691e-12 6.54322e-13 1.71162e-13 4.53832e-14 1.21593e-14 3.28471e-15 8.93237e-16 2.44232e-16 6.70822e-17 1.84959e-17 5.11632e-18 1.41927e-18 3.94671e-19 1.09985e-19 3.07076e-20 8.58781e-21 2.40525e-21 6.74537e-22 1.89389e-22 5.32283e-23 1.49727e-23 4.2145e-24 1.18672e-24 3.33785e-25 9.42326e-26
4.36266e-08 1.2301e-09 2.39596e-10 5.12706e-11 1.1773e-11 2.84235e-12 7.10788e-13 1.82245e-13 4.75862e-14 1.25964e-14 3.3697e-15 9.08998e-16 2.46866e-16 6.74163e-17 1.84959e-17 5.09422e-18 1.40777e-18 3.90152e-19 1.08398e-19 3.01828e-20 8.42043e-21 2.35315e-21 6.58604e-22 1.8458e-22 5.17919e-23 1.45477e-23 4.08985e-24 1.1506e-24 3.23829e-25 9.10428e-26 2.56903e-26
1.33013e-08 3.47286e-10 6.75651e-11 1.44311e-11 3.30675e-12 7.96679e-13 1.98835e-13 5.08883e-14 1.32653e-14 3.50601e-15 9.36573e-16 2.52313e-16 6.84394e-17 1.86687e-17 5.11632e-18 1.40777e-18 3.88669e-19 1.07622e-19 2.98765e-20 8.31245e-21 2.31731e-21 6.47138e-22 1.81003e-22 5.06959e-23 1.42165e-23 3.99098e-24 1.12141e-24 3.15329e-25 8.87056e-26 2.49288e-26 7.03114e-27
4.03672e-09 9.81374e-11 1.90749e-11 4.06761e-12 9.30307e-13 2.23711e-13 5.57336e-14 1.42403e-14 3.70636e-15 9.78188e-16 2.60962e-16 7.02169e-17 1.90244e-17 5.18382e-18 1.41927e-18 3.90152e-19 1.07622e-19 2.97758e-20 8.25949e-21 2.29632e-21 6.39713e-22 1.7853e-22 4.99032e-23 1.39688e-23 3.91502e-24 1.09847e-24 3.08498e-25 8.67051e-26 2.43802e-26 6.84886e-27 1.93086e-27
1.22021e-09 2.77549e-11 5.39061e-12 1.1479e-12 2.62096e-13 6.29184e-14 1.56492e-14 3.99231e-15 1.03761e-15 2.73483e-16 7.28702e-17 1.95846e-17 5.30044e-18 1.44286e-18 3.94671e-19 1.08398e-19 2.98765e-20 8.25949e-21 2.28941e-21 6.36065e-22 1.77079e-22 4.93881e-23 1.37969e-23 3.8598e-24 1.0812e-24 3.03208e-25 8.51129e-26 2.39105e-26 6.72042e-27 1.88718e-27 5.31818e-28
3.67568e-10 7.85538e-12 1.52474e-12 3.24281e-13 7.39302e-14 1.77198e-14 4.40064e-15 1.12106e-15 2.90978e-16 7.65986e-17 2.03862e-17 5.47296e-18 1.47978e-18 4.02443e-19 1.09985e-19 3.01828e-20 8.31245e-21 2.29632e-21 6.36065e-22 1.76601e-22 4.91345e-23 1.36957e-23 3.82381e-24 1.06917e-24 2.99342e-25 8.39055e-26 2.3542e-26 6.61072e-27 1.85728e-27 5.21362e-28 1.46863e-28
1.10387e-10 2.22476e-12 4.31607e-13 9.16933e-14 2.08758e-14 4.99639e-15 1.2391e-15 3.15241e-16 8.17212e-17 2.14876e-17 5.71227e-18 1.53209e-18 4.1386e-19 1.12455e-19 3.07076e-20 8.42043e-21 2.31731e-21 6.39713e-22 1.77079e-22 4.91345e-23 1.36623e-23 3.80605e-24 1.06207e-24 2.96813e-25 8.30599e-26 2.32708e-26 6.52641e-27 1.83188e-27 5.14465e-28 1.44367e-28 4.06513e-29
3.30619e-11 6.30462e-13 1.22259e-13 2.5948e-14 5.9002e-15 1.41028e-15 3.49294e-16 8.87544e-17 2.29808e-17 6.03522e-18 1.603e-18 4.29539e-19 1.15928e-19 3.14741e-20 8.58781e-21 2.35315e-21 6.47138e-22 1.7853e-22 4.93881e-23 1.36957e-23 3.80605e-24 1.05972e-24 2.95563e-25 8.25594e-26 2.30926e-26 6.46697e-27 1.81292e-27 5.08661e-28 1.42799e-28 4.00583e-29 1.12756e-29
9.87855e-12 1.78759e-13 3.46529e-14 7.34819e-15 1.66896e-15 3.9843e-16 9.85615e-17 2.50137e-17 6.46796e-18 1.69737e-18 4.50414e-19 1.20587e-19 3.25182e-20 8.82168e-21 2.40525e-21 6.58604e-22 1.81003e-22 4.99032e-23 1.37969e-23 3.82381e-24 1.06207e-24 2.95563e-25 8.23937e-26 2.30043e-26 6.43163e-27 1.80038e-27 5.04508e-28 1.41498e-28 3.9709e-29 1.11358e-29 3.13336e-30
2.94524e-12 5.07094e-14 9.82734e-15 2.08224e-15 4.72431e-16 1.12652e-16 2.78321e-17 7.05182e-18 1.82269e-18 4.77885e-19 1.26701e-19 3.38929e-20 9.13263e-21 2.47571e-21 6.74537e-22 1.8458e-22 5.06959e-23 1.39688e-23 3.8598e-24 1.06917e-24 2.96813e-25 8.25594e-26 2.30043e-26 6.41991e-27 1.79414e-27 5.02023e-28 1.40624e-28 3.94259e-29 1.10604e-29 3.10076e-30 8.72189e-31
8.764e-13 1.43913e-14 2.78833e-15 5.90369e-16 1.33809e-16 3.18643e-17 7.85462e-18 1.99073e-18 5.14088e-19 1.34671e-19 3.56759e-20 9.536e-21 2.56764e-21 6.95562e-22 1.89389e-22 5.17919e-23 1.42165e-23 3.91502e-24 1.0812e-24 2.99342e-25 8.30599e-26 2.30926e-26 6.43163e-27 1.79414e-27 5.01197e-28 1.40186e-28 3.92536e-29 1.10014e-29 3.08526e-30 8.64696e-31 2.43144e-31
2.60324e-13 4.08587e-15 7.91475e-16 1.6745e-16 3.78974e-17 8.99251e-18 2.22073e-18 5.62367e-19 1.45105e-19 3.79813e-20 1.00539e-20 2.68541e-21 7.22565e-22 1.95611e-22 5.32283e-23 1.45477e-23 3.99098e-24 1.09847e-24 3.03208e-25 8.39055e-26 2.32708e-26 6.46697e-27 1.80038e-27 5.02023e-28 1.40186e-28 3.9196e-29 1.09714e-29 3.07385e-30 8.61762e-31 2.41456e-31 6.78736e-32
7.7201e-14 1.16042e-15 2.24705e-16 4.74594e-17 1.06747e-17 2.54559e-18 6.2817e-19 1.5895e-19 4.09811e-20 1.07187e-20 2.83529e-21 7.56786e-22 2.03497e-22 5.50562e-23 1.49727e-23 4.08985e-24 1.12141e-24 3.08498e-25 8.51129e-26 2.3542e-26 6.52641e-27 1.81292e-27 5.04508e-28 1.40624e-28 3.92536e-29 1.09714e-29 3.06995e-30 8.59831e-31 2.40982e-31 6.75023e-32 1.89693e-32
2.28598e-14 3.2956e-16 6.36795e-17 1.32986e-17 3.0245e-18 7.20802e-19 1.77744e-19 4.49425e-20 1.15788e-20 3.02635e-21 7.99978e-22 2.13391e-22 5.73449e-23 1.55057e-23 4.2145e-24 1.1506e-24 3.15329e-25 8.67051e-26 2.39105e-26 6.61072e-27 1.83188e-27 5.08661e-28 1.41498e-28 3.94259e-29 1.10014e-29 3.07385e-30 8.59831e-31 2.40747e-31 6.74538e-32 1.88898e-32 5.30684e-33
6.75678e-15 9.32725e-17 1.7657e-17 3.76959e-18 8.56939e-19 2.04102e-19 5.02955e-20 1.27083e-20 3.27187e-21 8.54601e-22 2.25761e-22 6.01848e-23 1.61643e-23 4.36837e-24 1.18672e-24 3.23829e-25 8.87056e-26 2.43802e-26 6.72042e-27 1.85728e-27 5.14465e-28 1.42799e-28 3.9709e-29 1.10604e-29 3.08526e-30 8.61762e-31 2.40982e-31 6.74538e-32 1.88944e-32 5.28992e-33 1.48573e-33
1.9846e-15 2.53733e-17 4.99756e-18 1.06668e-18 2.42373e-19 5.76931e-20 1.4208e-20 3.58769e-21 9.2312e-22 2.40975e-22 6.36232e-23 1.69521e-23 4.5507e-24 1.22923e-24 3.33785e-25 9.10428e-26 2.49288e-26 6.84886e-27 1.88718e-27 5.21362e-28 1.44367e-28 4.00583e-29 1.11358e-29 3.10076e-30 8.64696e-31 2.41456e-31 6.75023e-32 1.88898e-32 5.28992e-33 1.48072e-33 4.15775e-34
5.85475e-16 7.21696e-18 1.4215e-18 3.03288e-19 6.88702e-20 1.63814e-20 4.03113e-21 1.01715e-21 2.61529e-22 6.82247e-23 1.80016e-23 4.79356e-24 1.28608e-24 3.47207e-25 9.42326e-26 2.56903e-26 7.03114e-27 1.93086e-27 5.31818e-28 1.46863e-28 4.06513e-29 1.12756e-29 3.13336e-30 8.72189e-31 2.43144e-31 6.78736e-32 1.89693e-32 5.30684e-33 1.48573e-33 4.15775e-34 1.16715e-34
