0.369882 0.0184045 0.0121343 0.00860459 0.00642666 0.004978 0.0039565 0.00320358 0.00262979 0.00218129 0.00182383 0.00153457 0.00129766 0.00110175 0.00093847 0.000801497 0.000685976 0.000588102 0.000504856 0.000433809 0.00037299 0.00032078 0.000275842 0.000237062 0.000203506 0.000174386 0.000149036 0.000126886 0.000107447 9.03001e-05 7.82693e-05
0.0184045 0.00218286 0.00133132 0.000868355 0.000596635 0.000426636 0.00031459 0.000237567 0.00018279 0.000142748 0.000112816 9.00294e-05 7.24197e-05 5.864e-05 4.77439e-05 3.90515e-05 3.20645e-05 2.64113e-05 2.18112e-05 1.80489e-05 1.49577e-05 1.24072e-05 1.02947e-05 8.53844e-06 7.07321e-06 5.84656e-06 4.81623e-06 3.9481e-06 3.21474e-06 2.59438e-06 2.19647e-06
0.0121343 0.00133132 0.000779474 0.000492579 0.000330811 0.000232869 0.000169922 0.000127445 9.76343e-05 7.60438e-05 6.00077e-05 4.78524e-05 3.84855e-05 3.11689e-05 2.53895e-05 2.07813e-05 1.70776e-05 1.40805e-05 1.16408e-05 9.64458e-06 8.00354e-06 6.64884e-06 5.52618e-06 4.59247e-06 3.81327e-06 3.16092e-06 2.61318e-06 2.15215e-06 1.7636e-06 1.47054e-06 1.24588e-06
0.00860459 0.000868355 0.000492579 0.000303652 0.000200358 0.000139395 0.00010097 7.53987e-05 5.76219e-05 4.48268e-05 3.53602e-05 2.82013e-05 2.26914e-05 1.839e-05 1.49925e-05 1.22829e-05 1.01041e-05 8.34014e-06 6.90336e-06 5.72699e-06 4.75939e-06 3.9602e-06 3.29762e-06 2.7464e-06 2.28634e-06 1.90125e-06 1.5781e-06 1.30648e-06 1.09151e-06 9.10176e-07 7.71434e-07
0.00642666 0.000596635 0.000330811 0.000200358 0.000130608 9.01886e-05 6.50534e-05 4.8478e-05 3.70197e-05 2.87989e-05 2.27265e-05 1.8137e-05 1.46047e-05 1.18461e-05 9.66592e-06 7.92605e-06 6.52613e-06 5.39194e-06 4.46758e-06 3.71032e-06 3.08716e-06 2.57227e-06 2.14527e-06 1.78999e-06 1.49348e-06 1.24537e-06 1.03731e-06 8.67908e-07 7.25239e-07 6.04785e-07 5.12657e-07
0.004978 0.000426636 0.000232869 0.000139395 9.01886e-05 6.20227e-05 4.46559e-05 3.32623e-05 2.54069e-05 1.97768e-05 1.56183e-05 1.24739e-05 1.0052e-05 8.15917e-06 6.66212e-06 5.46653e-06 4.50393e-06 3.72362e-06 3.08737e-06 2.56596e-06 2.13675e-06 1.78204e-06 1.48786e-06 1.2431e-06 1.03887e-06 8.68024e-07 7.2694e-07 6.08335e-07 5.08386e-07 4.23961e-07 3.5935e-07
0.0039565 0.00031459 0.000169922 0.00010097 6.50534e-05 4.46559e-05 3.21406e-05 2.39497e-05 1.83065e-05 1.42608e-05 1.12703e-05 9.00708e-06 7.26237e-06 5.89765e-06 4.81755e-06 3.95446e-06 3.25926e-06 2.69552e-06 2.23573e-06 1.85888e-06 1.54864e-06 1.29225e-06 1.07963e-06 9.02757e-07 7.55206e-07 6.32664e-07 5.29881e-07 4.43452e-07 3.70602e-07 3.09059e-07 2.61905e-07
0.00320358 0.000237567 0.000127445 7.53987e-05 4.8478e-05 3.32623e-05 2.39497e-05 1.78593e-05 1.36617e-05 1.06498e-05 8.42128e-06 6.73304e-06 5.43055e-06 4.41108e-06 3.60383e-06 2.95855e-06 2.43867e-06 2.01704e-06 1.67316e-06 1.3913e-06 1.15928e-06 9.67574e-07 8.08622e-07 6.76426e-07 5.6652e-07 4.74584e-07 3.97473e-07 3.32632e-07 2.77979e-07 2.31812e-07 1.96391e-07
0.00262979 0.00018279 9.76343e-05 5.76219e-05 3.70197e-05 2.54069e-05 1.83065e-05 1.36617e-05 1.04578e-05 8.15641e-06 6.45186e-06 5.15954e-06 4.16188e-06 3.38067e-06 2.76191e-06 2.26724e-06 1.86868e-06 1.54546e-06 1.28187e-06 1.06585e-06 8.88083e-07 7.41228e-07 6.19502e-07 5.18438e-07 4.34149e-07 3.63655e-07 3.04538e-07 2.54838e-07 2.12954e-07 1.7758e-07 1.504e-07
0.00218129 0.000142748 7.60438e-05 4.48268e-05 2.87989e-05 1.97768e-05 1.42608e-05 1.06498e-05 8.15641e-06 6.36353e-06 5.03448e-06 4.0262e-06 3.2475e-06 2.6376e-06 2.15449e-06 1.76827e-06 1.45712e-06 1.20484e-06 9.99142e-07 8.30621e-07 6.91974e-07 5.77475e-07 4.8266e-07 4.03839e-07 3.38121e-07 2.83174e-07 2.37108e-07 1.9839e-07 1.6577e-07 1.38227e-07 1.17034e-07
0.00182383 0.000112816 6.00077e-05 3.53602e-05 2.27265e-05 1.56183e-05 1.12703e-05 8.42128e-06 6.45186e-06 5.03448e-06 3.98305e-06 3.18504e-06 2.56858e-06 2.08572e-06 1.70325e-06 1.39754e-06 1.15131e-06 9.51704e-07 7.89011e-07 6.55764e-07 5.46176e-07 4.55733e-07 3.80809e-07 3.18546e-07 2.66652e-07 2.23277e-07 1.86925e-07 1.56381e-07 1.30655e-07 1.08941e-07 9.22088e-08
0.00153457 9.00294e-05 4.78524e-05 2.82013e-05 1.8137e-05 1.24739e-05 9.00708e-06 6.73304e-06 5.15954e-06 4.0262e-06 3.18504e-06 2.54643e-06 2.05306e-06 1.66662e-06 1.36058e-06 1.11601e-06 9.19082e-07 7.59498e-07 6.29466e-07 5.23009e-07 4.35496e-07 3.63275e-07 3.03469e-07 2.53787e-07 2.12393e-07 1.77808e-07 1.48833e-07 1.24496e-07 1.04005e-07 8.67149e-08 7.33737e-08
0.00129766 7.24197e-05 3.84855e-05 2.26914e-05 1.46047e-05 1.0052e-05 7.26237e-06 5.43055e-06 4.16188e-06 3.2475e-06 2.56858e-06 2.05306e-06 1.65478e-06 1.34286e-06 1.0959e-06 8.9859e-07 7.39768e-07 6.1111e-07 5.06316e-07 4.20558e-07 3.50077e-07 2.91934e-07 2.43803e-07 2.03836e-07 1.7055e-07 1.42748e-07 1.19465e-07 9.99158e-08 8.34616e-08 6.95826e-08 5.88594e-08
0.00110175 5.864e-05 3.11689e-05 1.839e-05 1.18461e-05 8.15917e-06 5.89765e-06 4.41108e-06 3.38067e-06 2.6376e-06 2.08572e-06 1.66662e-06 1.34286e-06 1.08936e-06 8.88694e-07 7.28426e-07 5.99465e-07 4.95035e-07 4.1001e-07 3.4045e-07 2.83304e-07 2.36179e-07 1.97185e-07 1.64817e-07 1.37869e-07 1.15371e-07 9.65356e-08 8.07266e-08 6.74253e-08 5.62096e-08 4.75333e-08
0.00093847 4.77439e-05 2.53895e-05 1.49925e-05 9.66592e-06 6.66212e-06 4.81755e-06 3.60383e-06 2.76191e-06 2.15449e-06 1.70325e-06 1.36058e-06 1.0959e-06 8.88694e-07 7.24725e-07 5.9381e-07 4.88506e-07 4.03265e-07 3.33887e-07 2.7715e-07 2.30556e-07 1.92148e-07 1.60379e-07 1.34017e-07 1.12079e-07 9.37694e-08 7.84468e-08 6.55904e-08 5.47773e-08 4.56629e-08 3.86035e-08
0.000801497 3.90515e-05 2.07813e-05 1.22829e-05 7.92605e-06 5.46653e-06 3.95446e-06 2.95855e-06 2.26724e-06 1.76827e-06 1.39754e-06 1.11601e-06 8.9859e-07 7.28426e-07 5.9381e-07 4.86367e-07 3.99975e-07 3.30067e-07 2.7319e-07 2.26693e-07 1.88524e-07 1.57072e-07 1.31066e-07 1.09495e-07 9.15492e-08 7.65776e-08 6.40528e-08 5.35478e-08 4.47153e-08 3.72729e-08 3.1502e-08
0.000685976 3.20645e-05 1.70776e-05 1.01041e-05 6.52613e-06 4.50393e-06 3.25926e-06 2.43867e-06 1.86868e-06 1.45712e-06 1.15131e-06 9.19082e-07 7.39768e-07 5.99465e-07 4.88506e-07 3.99975e-07 3.28813e-07 2.7125e-07 2.24434e-07 1.86177e-07 1.54783e-07 1.28923e-07 1.07549e-07 8.98257e-08 7.50868e-08 6.27947e-08 5.25151e-08 4.38961e-08 3.66519e-08 3.05498e-08 2.5813e-08
0.000588102 2.64113e-05 1.40805e-05 8.34014e-06 5.39194e-06 3.72362e-06 2.69552e-06 2.01704e-06 1.54546e-06 1.20484e-06 9.51704e-07 7.59498e-07 6.1111e-07 4.95035e-07 4.03265e-07 3.30067e-07 2.7125e-07 2.23691e-07 1.85024e-07 1.53438e-07 1.27527e-07 1.06191e-07 8.85626e-08 7.39506e-08 6.18029e-08 5.16752e-08 4.32086e-08 3.61121e-08 3.01495e-08 2.51286e-08 2.12269e-08
0.000504856 2.18112e-05 1.16408e-05 6.90336e-06 4.46758e-06 3.08737e-06 2.23573e-06 1.67316e-06 1.28187e-06 9.99142e-07 7.89011e-07 6.29466e-07 5.06316e-07 4.1001e-07 3.33887e-07 2.7319e-07 2.24434e-07 1.85024e-07 1.52994e-07 1.26839e-07 1.0539e-07 8.77343e-08 7.31512e-08 6.10676e-08 5.10253e-08 4.26556e-08 3.56609e-08 2.98e-08 2.48772e-08 2.07332e-08 1.75097e-08
0.000433809 1.80489e-05 9.64458e-06 5.72699e-06 3.71032e-06 2.56596e-06 1.85888e-06 1.3913e-06 1.06585e-06 8.30621e-07 6.55764e-07 5.23009e-07 4.20558e-07 3.4045e-07 2.7715e-07 2.26693e-07 1.86177e-07 1.53438e-07 1.26839e-07 1.05125e-07 8.73242e-08 7.26764e-08 6.05816e-08 5.0563e-08 4.22393e-08 3.53043e-08 2.95104e-08 2.46572e-08 2.0582e-08 1.71526e-08 1.44824e-08
0.00037299 1.49577e-05 8.00354e-06 4.75939e-06 3.08716e-06 2.13675e-06 1.54864e-06 1.15928e-06 8.88083e-07 6.91974e-07 5.46176e-07 4.35496e-07 3.50077e-07 2.83304e-07 2.30556e-07 1.88524e-07 1.54783e-07 1.27527e-07 1.0539e-07 8.73242e-08 7.2519e-08 6.03398e-08 5.02864e-08 4.19613e-08 3.50467e-08 2.92875e-08 2.44773e-08 2.04493e-08 1.7068e-08 1.42234e-08 1.20065e-08
0.00032078 1.24072e-05 6.64884e-06 3.9602e-06 2.57227e-06 1.78204e-06 1.29225e-06 9.67574e-07 7.41228e-07 5.77475e-07 4.55733e-07 3.63275e-07 2.91934e-07 2.36179e-07 1.92148e-07 1.57072e-07 1.28923e-07 1.06191e-07 8.77343e-08 7.26764e-08 6.03398e-08 5.01943e-08 4.18221e-08 3.48911e-08 2.91361e-08 2.4344e-08 2.03428e-08 1.69932e-08 1.41822e-08 1.1818e-08 9.97383e-09
0.000275842 1.02947e-05 5.52618e-06 3.29762e-06 2.14527e-06 1.48786e-06 1.07963e-06 8.08622e-07 6.19502e-07 4.8266e-07 3.80809e-07 3.03469e-07 2.43803e-07 1.97185e-07 1.60379e-07 1.31066e-07 1.07549e-07 8.85626e-08 7.31512e-08 6.05816e-08 5.02864e-08 4.18221e-08 3.4839e-08 2.90597e-08 2.42622e-08 2.02685e-08 1.69348e-08 1.41448e-08 1.1804e-08 9.83581e-09 8.29929e-09
0.000237062 8.53844e-06 4.59247e-06 2.7464e-06 1.78999e-06 1.2431e-06 9.02757e-07 6.76426e-07 5.18438e-07 4.03839e-07 3.18546e-07 2.53787e-07 2.03836e-07 1.64817e-07 1.34017e-07 1.09495e-07 8.98257e-08 7.39506e-08 6.10676e-08 5.0563e-08 4.19613e-08 3.48911e-08 2.90597e-08 2.42347e-08 2.02304e-08 1.68979e-08 1.41167e-08 1.17897e-08 9.83794e-09 8.19723e-09 6.91538e-09
0.000203506 7.07321e-06 3.81327e-06 2.28634e-06 1.49348e-06 1.03887e-06 7.55206e-07 5.6652e-07 4.34149e-07 3.38121e-07 2.66652e-07 2.12393e-07 1.7055e-07 1.37869e-07 1.12079e-07 9.15492e-08 7.50868e-08 6.18029e-08 5.10253e-08 4.22393e-08 3.50467e-08 2.91361e-08 2.42622e-08 2.02304e-08 1.68852e-08 1.41018e-08 1.17795e-08 9.83678e-09 8.20772e-09 6.83864e-09 5.76823e-09
0.000174386 5.84656e-06 3.16092e-06 1.90125e-06 1.24537e-06 8.68024e-07 6.32664e-07 4.74584e-07 3.63655e-07 2.83174e-07 2.23277e-07 1.77808e-07 1.42748e-07 1.15371e-07 9.37694e-08 7.65776e-08 6.27947e-08 5.16752e-08 4.26556e-08 3.53043e-08 2.92875e-08 2.4344e-08 2.02685e-08 1.68979e-08 1.41018e-08 1.17757e-08 9.83543e-09 8.21266e-09 6.85214e-09 5.70898e-09 4.81464e-09
0.000149036 4.81623e-06 2.61318e-06 1.5781e-06 1.03731e-06 7.2694e-07 5.29881e-07 3.97473e-07 3.04538e-07 2.37108e-07 1.86925e-07 1.48833e-07 1.19465e-07 9.65356e-08 7.84468e-08 6.40528e-08 5.25151e-08 4.32086e-08 3.56609e-08 2.95104e-08 2.44773e-08 2.03428e-08 1.69348e-08 1.41167e-08 1.17795e-08 9.83543e-09 8.21408e-09 6.85831e-09 5.72185e-09 4.76712e-09 4.01978e-09
0.000126886 3.9481e-06 2.15215e-06 1.30648e-06 8.67908e-07 6.08335e-07 4.43452e-07 3.32632e-07 2.54838e-07 1.9839e-07 1.56381e-07 1.24496e-07 9.99158e-08 8.07266e-08 6.55904e-08 5.35478e-08 4.38961e-08 3.61121e-08 2.98e-08 2.46572e-08 2.04493e-08 1.69932e-08 1.41448e-08 1.17897e-08 9.83678e-09 8.21266e-09 6.85831e-09 5.72598e-09 4.77694e-09 3.97978e-09 3.3555e-09
0.000107447 3.21474e-06 1.7636e-06 1.09151e-06 7.25239e-07 5.08386e-07 3.70602e-07 2.77979e-07 2.12954e-07 1.6577e-07 1.30655e-07 1.04005e-07 8.34616e-08 6.74253e-08 5.47773e-08 4.47153e-08 3.66519e-08 3.01495e-08 2.48772e-08 2.0582e-08 1.7068e-08 1.41822e-08 1.1804e-08 9.83794e-09 8.20772e-09 6.85214e-09 5.72185e-09 4.77694e-09 3.98508e-09 3.32001e-09 2.79899e-09
9.03001e-05 2.59438e-06 1.47054e-06 9.10176e-07 6.04785e-07 4.23961e-07 3.09059e-07 2.31812e-07 1.7758e-07 1.38227e-07 1.08941e-07 8.67149e-08 6.95826e-08 5.62096e-08 4.56629e-08 3.72729e-08 3.05498e-08 2.51286e-08 2.07332e-08 1.71526e-08 1.42234e-08 1.1818e-08 9.83581e-09 8.19723e-09 6.83864e-09 5.70898e-09 4.76712e-09 3.97978e-09 3.32001e-09 2.7659e-09 2.33174e-09
7.82693e-05 2.19647e-06 1.24588e-06 7.71434e-07 5.12657e-07 3.5935e-07 2.61905e-07 1.96391e-07 1.504e-07 1.17034e-07 9.22088e-08 7.33737e-08 5.88594e-08 4.75333e-08 3.86035e-08 3.1502e-08 2.5813e-08 2.12269e-08 1.75097e-08 1.44824e-08 1.20065e-08 9.97383e-09 8.29929e-09 6.91538e-09 5.76823e-09 4.81464e-09 4.01978e-09 3.3555e-09 2.79899e-09 2.33174e-09 1.96535e-09
