0.390554 0.103211 0.0412969 0.0176872 0.00670285 0.00225318 0.000693775 0.000200892 5.57083e-05 1.49756e-05 3.93477e-06 1.01617e-06 2.58957e-07 6.53004e-08 1.63273e-08 4.05397e-09 1.00072e-09 2.45812e-10 6.01243e-11 1.46521e-11 3.55922e-12 8.6213e-13 2.08301e-13 5.02141e-14 1.20801e-14 2.90078e-15 6.95382e-16 1.6644e-16 3.97732e-17 9.45943e-18 2.2553e-18
0.103211 0.0336618 0.0143156 0.00412559 0.0010398 0.000247214 5.72125e-05 1.30785e-05 2.97412e-06 6.75156e-07 1.53255e-07 3.4811e-08 7.91484e-09 1.80148e-09 4.10457e-10 9.36118e-11 2.1369e-11 4.8819e-12 1.11613e-12 2.55344e-13 5.84518e-14 1.33876e-14 3.06774e-15 7.03277e-16 1.6129e-16 3.70039e-17 8.49235e-18 1.94928e-18 4.4642e-19 9.81754e-20 2.2561e-20
0.0412969 0.0143156 0.00342799 0.000809957 0.000186647 4.2339e-05 9.53458e-06 2.1426e-06 4.81746e-07 1.08504e-07 2.44906e-08 5.53962e-09 1.25552e-09 2.85064e-10 6.48247e-11 1.47616e-11 3.36547e-12 7.68089e-13 1.75459e-13 4.01133e-14 9.17724e-15 2.10092e-15 4.81231e-16 1.10285e-16 2.52858e-17 5.79978e-18 1.33066e-18 3.0495e-19 6.83225e-20 1.56358e-20 3.59315e-21
0.0176872 0.00412559 0.000809957 0.000170145 3.66566e-05 7.98898e-06 1.75443e-06 3.87732e-07 8.61703e-08 1.92444e-08 4.31592e-09 9.71367e-10 2.19275e-10 4.96232e-11 1.12538e-11 2.55676e-12 5.8176e-13 1.32546e-13 3.0233e-14 6.90278e-15 1.57739e-15 3.60732e-16 8.25507e-17 1.89024e-17 4.33053e-18 9.92546e-19 2.27401e-19 5.14841e-20 1.17925e-20 2.69803e-21 6.19755e-22
0.00670285 0.0010398 0.000186647 3.66566e-05 7.55199e-06 1.59851e-06 3.44241e-07 7.50476e-08 1.65138e-08 3.66034e-09 8.16048e-10 1.82785e-10 4.10978e-11 9.26941e-12 2.09609e-12 4.75015e-13 1.07845e-13 2.45227e-14 5.58366e-15 1.27283e-15 2.90445e-16 6.63347e-17 1.5162e-17 3.46795e-18 7.93681e-19 1.81666e-19 4.13443e-20 9.46475e-21 2.16688e-21 4.95512e-22 1.13748e-22
0.00225318 0.000247214 4.2339e-05 7.98898e-06 1.59851e-06 3.31517e-07 7.03734e-08 1.51822e-08 3.31438e-09 7.30074e-10 1.61942e-10 3.61199e-11 8.09201e-12 1.81941e-12 4.10294e-13 9.27544e-14 2.10126e-14 4.76863e-15 1.08385e-15 2.46669e-16 5.62028e-17 1.28185e-17 2.92619e-18 6.68502e-19 1.52797e-19 3.48401e-20 7.96838e-21 1.82298e-21 4.17089e-22 9.53179e-23 2.18642e-23
0.000693775 5.72125e-05 9.53458e-06 1.75443e-06 3.44241e-07 7.03734e-08 1.47814e-08 3.16347e-09 6.86281e-10 1.50401e-10 3.32191e-11 7.38223e-12 1.6486e-12 3.69632e-13 8.31469e-14 1.87545e-14 4.23998e-15 9.60438e-16 2.17924e-16 4.95188e-17 1.12664e-17 2.56616e-18 5.85066e-19 1.33493e-19 3.04384e-20 6.95296e-21 1.589e-21 3.63257e-22 8.30525e-23 1.89674e-23 4.34738e-24
0.000200892 1.30785e-05 2.1426e-06 3.87732e-07 7.50476e-08 1.51822e-08 3.16347e-09 6.72801e-10 1.45217e-10 3.16899e-11 6.97399e-12 1.54491e-12 3.44043e-13 7.69445e-14 1.72691e-14 3.88719e-15 8.77157e-16 1.98351e-16 4.49345e-17 1.01955e-17 2.3165e-18 5.2696e-19 1.19996e-19 2.73318e-20 6.23377e-21 1.42273e-21 3.24882e-22 7.42142e-23 1.69556e-23 3.8697e-24 8.86274e-25
5.57083e-05 2.97412e-06 4.81746e-07 8.61703e-08 1.65138e-08 3.31438e-09 6.86281e-10 1.45217e-10 3.12112e-11 6.78651e-12 1.48881e-12 3.2889e-13 7.30591e-14 1.63027e-14 3.6514e-15 8.20372e-16 1.84801e-16 4.17225e-17 9.43794e-18 2.13852e-18 4.85271e-19 1.10257e-19 2.50717e-20 5.70818e-21 1.30072e-21 2.9661e-22 6.76771e-23 1.54482e-23 3.52693e-24 8.04419e-25 1.84102e-25
1.49756e-05 6.75156e-07 1.08504e-07 1.92444e-08 3.66034e-09 7.30074e-10 1.50401e-10 3.16899e-11 6.78651e-12 1.47102e-12 3.21814e-13 7.09147e-14 1.57176e-14 3.50011e-15 7.82476e-16 1.755e-16 3.94713e-17 8.89841e-18 2.01015e-18 4.54896e-19 1.03102e-19 2.33963e-20 5.31614e-21 1.20921e-21 2.75301e-22 6.27266e-23 1.43012e-23 3.26209e-24 7.44254e-25 1.69644e-25 3.8799e-26
3.93477e-06 1.53255e-07 2.44906e-08 4.31592e-09 8.16048e-10 1.61942e-10 3.32191e-11 6.97399e-12 1.48881e-12 3.21814e-13 7.02284e-14 1.54409e-14 3.41536e-15 7.59143e-16 1.69422e-16 3.79394e-17 8.52043e-18 1.91824e-18 4.32784e-19 9.78233e-20 2.21457e-20 5.02086e-21 1.13976e-21 2.59021e-22 5.89218e-23 1.34147e-23 3.05619e-24 6.96635e-25 1.58837e-25 3.6184e-26 8.27022e-27
1.01617e-06 3.4811e-08 5.53962e-09 9.71367e-10 1.82785e-10 3.61199e-11 7.38223e-12 1.54491e-12 3.2889e-13 7.09147e-14 1.54409e-14 3.38803e-15 7.48005e-16 1.65978e-16 3.6984e-17 8.26994e-18 1.85476e-18 4.17046e-19 9.39812e-20 2.12188e-20 4.79898e-21 1.08699e-21 2.46531e-22 5.59791e-23 1.2724e-23 2.8947e-24 6.59025e-25 1.50121e-25 3.42075e-26 7.78838e-27 1.77904e-27
2.58957e-07 7.91484e-09 1.25552e-09 2.19275e-10 4.10978e-11 8.09201e-12 1.6486e-12 3.44043e-13 7.30591e-14 1.57176e-14 3.41536e-15 7.48005e-16 1.64862e-16 3.65245e-17 8.12675e-18 1.81476e-18 4.065e-19 9.12956e-20 2.05506e-20 4.63528e-21 1.04734e-21 2.37014e-22 5.37101e-23 1.21861e-23 2.76781e-24 6.29232e-25 1.4316e-25 3.25906e-26 7.42197e-27 1.68895e-27 3.85572e-28
6.53004e-08 1.80148e-09 2.85064e-10 4.96232e-11 9.26941e-12 1.81941e-12 3.69632e-13 7.69445e-14 1.63027e-14 3.50011e-15 7.59143e-16 1.65978e-16 3.65245e-17 8.08014e-18 1.79542e-18 4.00431e-19 8.95904e-20 2.00989e-20 4.51974e-21 1.01847e-21 2.29918e-22 5.19868e-23 1.17714e-23 2.66877e-24 6.05726e-25 1.37613e-25 3.12895e-26 7.1189e-27 1.62032e-27 3.68538e-28 8.40882e-29
1.63273e-08 4.10457e-10 6.48247e-11 1.12538e-11 2.09609e-12 4.10294e-13 8.31469e-14 1.72691e-14 3.6514e-15 7.82476e-16 1.69422e-16 3.6984e-17 8.12675e-18 1.79542e-18 3.98448e-19 8.87619e-20 1.98374e-20 4.4459e-21 9.9882e-22 2.24872e-22 5.07216e-23 1.14595e-23 2.59285e-24 5.87424e-25 1.33237e-25 3.02507e-26 6.87408e-27 1.5631e-27 3.55586e-28 8.08391e-29 1.84353e-29
4.05397e-09 9.36118e-11 1.47616e-11 2.55676e-12 4.75015e-13 9.27544e-14 1.87545e-14 3.88719e-15 8.20372e-16 1.755e-16 3.79394e-17 8.26994e-18 1.81476e-18 4.00431e-19 8.87619e-20 1.97518e-20 4.4099e-21 9.87392e-22 2.2163e-22 4.98552e-23 1.12363e-23 2.53672e-24 5.73555e-25 1.29855e-25 2.94346e-26 6.67894e-27 1.51684e-27 3.4473e-28 7.83827e-29 1.78116e-29 4.05993e-30
1.00072e-09 2.1369e-11 3.36547e-12 5.8176e-13 1.07845e-13 2.10126e-14 4.23998e-15 8.77157e-16 1.84801e-16 3.94713e-17 8.52043e-18 1.85476e-18 4.065e-19 8.95904e-20 1.98374e-20 4.4099e-21 9.83642e-22 2.20044e-22 4.93496e-23 1.10923e-23 2.4981e-24 5.63575e-25 1.27339e-25 2.88118e-26 6.52692e-27 1.48017e-27 3.35977e-28 7.6318e-29 1.73445e-29 3.93964e-30 8.97574e-31
2.45812e-10 4.8819e-12 7.68089e-13 1.32546e-13 2.45227e-14 4.76863e-15 9.60438e-16 1.98351e-16 4.17225e-17 8.89841e-18 1.91824e-18 4.17046e-19 9.12956e-20 2.00989e-20 4.4459e-21 9.87392e-22 2.20044e-22 4.91834e-23 1.10217e-23 2.47549e-24 5.57112e-25 1.25601e-25 2.83615e-26 6.41321e-27 1.45199e-27 3.29102e-28 7.46632e-29 1.69517e-29 3.8508e-30 8.74315e-31 1.99108e-31
6.01243e-11 1.11613e-12 1.75459e-13 3.0233e-14 5.58366e-15 1.08385e-15 2.17924e-16 4.49345e-17 9.43794e-18 2.01015e-18 4.32784e-19 9.39812e-20 2.05506e-20 4.51974e-21 9.9882e-22 2.2163e-22 4.93496e-23 1.10217e-23 2.46805e-24 5.53936e-25 1.2458e-25 2.80689e-26 6.3343e-27 1.43152e-27 3.23929e-28 7.33824e-29 1.66401e-29 3.77626e-30 8.5745e-31 1.94606e-31 4.42988e-32
1.46521e-11 2.55344e-13 4.01133e-14 6.90278e-15 1.27283e-15 2.46669e-16 4.95188e-17 1.01955e-17 2.13852e-18 4.54896e-19 9.78233e-20 2.12188e-20 4.63528e-21 1.01847e-21 2.24872e-22 4.98552e-23 1.10923e-23 2.47549e-24 5.53936e-25 1.24244e-25 2.79248e-26 6.28787e-27 1.41817e-27 3.20324e-28 7.24466e-29 1.64039e-29 3.71797e-30 8.43375e-31 1.9142e-31 4.34282e-32 9.88168e-33
3.55922e-12 5.84518e-14 9.17724e-15 1.57739e-15 2.90445e-16 5.62028e-17 1.12664e-17 2.3165e-18 4.85271e-19 1.03102e-19 2.21457e-20 4.79898e-21 1.04734e-21 2.29918e-22 5.07216e-23 1.12363e-23 2.4981e-24 5.57112e-25 1.2458e-25 2.79248e-26 6.27253e-27 1.41159e-27 3.18197e-28 7.18344e-29 1.62385e-29 3.67511e-30 8.32599e-31 1.88785e-31 4.28311e-32 9.71378e-33 2.20942e-33
8.6213e-13 1.33876e-14 2.10092e-15 3.60732e-16 6.63347e-17 1.28185e-17 2.56616e-18 5.2696e-19 1.10257e-19 2.33963e-20 5.02086e-21 1.08699e-21 2.37014e-22 5.19868e-23 1.14595e-23 2.53672e-24 5.63575e-25 1.25601e-25 2.80689e-26 6.28787e-27 1.41159e-27 3.17494e-28 7.15319e-29 1.61406e-29 3.64695e-30 8.25008e-31 1.86826e-31 4.23441e-32 9.60328e-33 2.1772e-33 4.95024e-34
2.08301e-13 3.06774e-15 4.81231e-16 8.25507e-17 1.5162e-17 2.92619e-18 5.85066e-19 1.19996e-19 2.50717e-20 5.31614e-21 1.13976e-21 2.46531e-22 5.37101e-23 1.17714e-23 2.59285e-24 5.73555e-25 1.27339e-25 2.83615e-26 6.3343e-27 1.41817e-27 3.18197e-28 7.15319e-29 1.61082e-29 3.63299e-30 8.20497e-31 1.85532e-31 4.19973e-32 9.51496e-33 2.15712e-33 4.88889e-34 1.11117e-34
5.02141e-14 7.03277e-16 1.10285e-16 1.89024e-17 3.46795e-18 6.68502e-19 1.33493e-19 2.73318e-20 5.70818e-21 1.20921e-21 2.59021e-22 5.59791e-23 1.21861e-23 2.66877e-24 5.87424e-25 1.29855e-25 2.88118e-26 6.41321e-27 1.43152e-27 3.20324e-28 7.18344e-29 1.61406e-29 3.63299e-30 8.19001e-31 1.84889e-31 4.17901e-32 9.45595e-33 2.14155e-33 4.85337e-34 1.09962e-34 2.49841e-35
1.20801e-14 1.6129e-16 2.52858e-17 4.33053e-18 7.93681e-19 1.52797e-19 3.04384e-20 6.23377e-21 1.30072e-21 2.75301e-22 5.89218e-23 1.2724e-23 2.76781e-24 6.05726e-25 1.33237e-25 2.94346e-26 6.52692e-27 1.45199e-27 3.23929e-28 7.24466e-29 1.62385e-29 3.64695e-30 8.20497e-31 1.84889e-31 4.17212e-32 9.42646e-33 2.13215e-33 4.82709e-34 1.09359e-34 2.47696e-35 5.62597e-36
2.90078e-15 3.70039e-17 5.79978e-18 9.92546e-19 1.81666e-19 3.48401e-20 6.95296e-21 1.42273e-21 2.9661e-22 6.27266e-23 1.34147e-23 2.8947e-24 6.29232e-25 1.37613e-25 3.02507e-26 6.67894e-27 1.48017e-27 3.29102e-28 7.33824e-29 1.64039e-29 3.67511e-30 8.25008e-31 1.85532e-31 4.17901e-32 9.42646e-33 2.12901e-33 4.81382e-34 1.08945e-34 2.46738e-35 5.58695e-36 1.26857e-36
6.95382e-16 8.49235e-18 1.33066e-18 2.27401e-19 4.13443e-20 7.96838e-21 1.589e-21 3.24882e-22 6.76771e-23 1.43012e-23 3.05619e-24 6.59025e-25 1.4316e-25 3.12895e-26 6.87408e-27 1.51684e-27 3.35977e-28 7.46632e-29 1.66401e-29 3.71797e-30 8.32599e-31 1.86826e-31 4.19973e-32 9.45595e-33 2.13215e-33 4.81382e-34 1.08806e-34 2.46167e-35 5.57342e-36 1.26165e-36 2.86383e-37
1.6644e-16 1.94928e-18 3.0495e-19 5.14841e-20 9.46475e-21 1.82298e-21 3.63257e-22 7.42142e-23 1.54482e-23 3.26209e-24 6.96635e-25 1.50121e-25 3.25906e-26 7.1189e-27 1.5631e-27 3.4473e-28 7.6318e-29 1.69517e-29 3.77626e-30 8.43375e-31 1.88785e-31 4.23441e-32 9.51496e-33 2.14155e-33 4.82709e-34 1.08945e-34 2.46167e-35 5.56763e-36 1.26019e-36 2.85191e-37 6.47169e-38
3.97732e-17 4.4642e-19 6.83225e-20 1.17925e-20 2.16688e-21 4.17089e-22 8.30525e-23 1.69556e-23 3.52693e-24 7.44254e-25 1.58837e-25 3.42075e-26 7.42197e-27 1.62032e-27 3.55586e-28 7.83827e-29 1.73445e-29 3.8508e-30 8.5745e-31 1.9142e-31 4.28311e-32 9.60328e-33 2.15712e-33 4.85337e-34 1.09359e-34 2.46738e-35 5.57342e-36 1.26019e-36 2.85152e-37 6.45159e-38 1.46362e-38
9.45943e-18 9.81754e-20 1.56358e-20 2.69803e-21 4.95512e-22 9.53179e-23 1.89674e-23 3.8697e-24 8.04419e-25 1.69644e-25 3.6184e-26 7.78838e-27 1.68895e-27 3.68538e-28 8.08391e-29 1.78116e-29 3.93964e-30 8.74315e-31 1.94606e-31 4.34282e-32 9.71378e-33 2.1772e-33 4.88889e-34 1.09962e-34 2.47696e-35 5.58695e-36 1.26165e-36 2.85191e-37 6.45159e-38 1.45935e-38 3.30988e-39
2.2553e-18 2.2561e-20 3.59315e-21 6.19755e-22 1.13748e-22 2.18642e-23 4.34738e-24 8.86274e-25 1.84102e-25 3.8799e-26 8.27022e-27 1.77904e-27 3.85572e-28 8.40882e-29 1.84353e-29 4.05993e-30 8.97574e-31 1.99108e-31 4.42988e-32 9.88168e-33 2.20942e-33 4.95024e-34 1.11117e-34 2.49841e-35 5.62597e-36 1.26857e-36 2.86383e-37 6.47169e-38 1.46362e-38 3.30988e-39 7.50498e-40
