0.883057 0.026473 0.0133766 0.00694807 0.00369594 0.00200519 0.00110502 0.000616119 0.000346346 0.000195701 0.000110873 6.2856e-05 3.56037e-05 2.0127e-05 1.1346e-05 6.37456e-06 3.56813e-06 1.9894e-06 1.10473e-06 6.10988e-07 3.36568e-07 1.84677e-07 1.00949e-07 5.49793e-08 2.9837e-08 1.61364e-08 8.6959e-09 4.66611e-09 2.48527e-09 1.29824e-09 6.9198e-10
0.026473 0.00142132 0.000730149 0.000382801 0.00020334 0.000108797 5.8381e-05 3.13259e-05 1.67756e-05 8.9556e-06 4.76294e-06 2.52287e-06 1.33084e-06 6.99201e-07 3.65923e-07 1.90801e-07 9.91447e-08 5.13525e-08 2.6519e-08 1.36569e-08 7.01519e-09 3.59505e-09 1.83831e-09 9.38061e-10 4.77643e-10 2.42508e-10 1.22415e-10 6.07836e-11 2.85295e-11 1.05748e-11 5.28137e-12
0.0133766 0.000730149 0.000371586 0.000192885 0.000101475 5.38165e-05 2.86536e-05 1.52713e-05 8.13095e-06 4.3194e-06 2.28767e-06 1.20747e-06 6.35035e-07 3.32776e-07 1.73771e-07 9.04346e-08 4.6914e-08 2.42641e-08 1.25143e-08 6.43747e-09 3.30346e-09 1.69137e-09 8.64114e-10 4.40479e-10 2.23867e-10 1.13109e-10 5.62136e-11 2.64288e-11 9.89265e-12 4.90347e-12 2.45034e-12
0.00694807 0.000382801 0.000192885 9.90453e-05 5.15486e-05 2.70637e-05 1.42789e-05 7.54928e-06 3.99159e-06 2.10777e-06 1.1106e-06 5.83607e-07 3.0577e-07 1.59709e-07 8.31628e-08 4.31741e-08 2.23493e-08 1.15376e-08 5.94076e-09 3.05152e-09 1.56387e-09 7.99703e-10 4.08001e-10 2.07527e-10 1.04928e-10 5.21813e-11 2.45598e-11 9.25841e-12 4.59812e-12 2.27987e-12 1.13994e-12
0.00369594 0.00020334 0.000101475 5.15486e-05 2.65359e-05 1.37858e-05 7.20321e-06 3.77533e-06 1.98087e-06 1.039e-06 5.44268e-07 2.84563e-07 1.48439e-07 7.72376e-08 4.00856e-08 2.07504e-08 1.07144e-08 5.51885e-09 2.83609e-09 1.45421e-09 7.44033e-10 3.79808e-10 1.93289e-10 9.77756e-11 4.86443e-11 2.29138e-11 8.69312e-12 4.31368e-12 2.1432e-12 1.063e-12 5.31796e-13
0.00200519 0.000108797 5.38165e-05 2.70637e-05 1.37858e-05 7.08834e-06 3.66788e-06 1.90536e-06 9.91761e-07 5.16519e-07 2.68888e-07 1.39817e-07 7.25845e-08 3.76099e-08 1.94474e-08 1.00345e-08 5.16649e-09 2.65449e-09 1.36104e-09 6.96417e-10 3.55554e-10 1.8098e-10 9.15646e-11 4.55613e-11 2.14741e-11 8.19648e-12 4.06049e-12 2.01564e-12 1.00183e-12 4.97053e-13 2.488e-13
0.00110502 5.8381e-05 2.86536e-05 1.42789e-05 7.20321e-06 3.66788e-06 1.8803e-06 9.68292e-07 5.00008e-07 2.58547e-07 1.33734e-07 6.91449e-08 3.57157e-08 1.84241e-08 9.48937e-09 4.8793e-09 2.50447e-09 1.28321e-09 6.5627e-10 3.34943e-10 1.70448e-10 8.62198e-11 4.2895e-11 2.02238e-11 7.76381e-12 3.83861e-12 1.90226e-12 9.44631e-13 4.69686e-13 2.33102e-13 1.1674e-13
0.000616119 3.13259e-05 1.52713e-05 7.54928e-06 3.77533e-06 1.90536e-06 9.68292e-07 4.94528e-07 2.53409e-07 1.30115e-07 6.68755e-08 3.43795e-08 1.76675e-08 9.07229e-09 4.65371e-09 2.38418e-09 1.21977e-09 6.23097e-10 3.17721e-10 1.61565e-10 8.16763e-11 4.06133e-11 1.91479e-11 7.39002e-12 3.64602e-12 1.80319e-12 8.93874e-13 4.44039e-13 2.20863e-13 1.09645e-13 5.49381e-14
0.000346346 1.67756e-05 8.13095e-06 3.99159e-06 1.98087e-06 9.91761e-07 5.00008e-07 2.53409e-07 1.28914e-07 6.5748e-08 3.35844e-08 1.71683e-08 8.77803e-09 4.48693e-09 2.29213e-09 1.16993e-09 5.96493e-10 3.03679e-10 1.54225e-10 7.78792e-11 3.86885e-11 1.82333e-11 7.0705e-12 3.48044e-12 1.71756e-12 8.49675e-13 4.21328e-13 2.09367e-13 1.04174e-13 5.17299e-14 2.59314e-14
0.000195701 8.9556e-06 4.3194e-06 2.10777e-06 1.039e-06 5.16519e-07 2.58547e-07 1.30115e-07 6.5748e-08 3.33204e-08 1.69203e-08 8.60293e-09 4.37687e-09 2.22718e-09 1.13307e-09 5.76131e-10 2.92646e-10 1.48336e-10 7.47824e-11 3.70975e-11 1.7469e-11 6.80123e-12 3.33984e-12 1.64435e-12 8.11652e-13 4.01629e-13 1.99212e-13 9.90238e-14 4.9286e-14 2.44804e-14 1.22767e-14
0.000110873 4.76294e-06 2.28767e-06 1.1106e-06 5.44268e-07 2.68888e-07 1.33734e-07 6.68755e-08 3.35844e-08 1.69203e-08 8.5448e-09 4.32218e-09 2.18852e-09 1.10875e-09 5.61762e-10 2.84485e-10 1.43828e-10 7.23486e-11 3.58211e-11 1.68456e-11 6.57885e-12 3.22245e-12 1.58267e-12 7.79363e-13 3.84776e-13 1.90444e-13 9.44873e-14 4.69806e-14 2.33898e-14 1.16204e-14 5.82972e-15
6.2856e-05 2.52287e-06 1.20747e-06 5.83607e-07 2.84563e-07 1.39817e-07 6.91449e-08 3.43795e-08 1.71683e-08 8.60293e-09 4.32218e-09 2.17569e-09 1.09666e-09 5.5321e-10 2.791e-10 1.40647e-10 7.05485e-11 3.48439e-11 1.63557e-11 6.40058e-12 3.12679e-12 1.53174e-12 7.52407e-13 3.70576e-13 1.82991e-13 9.05909e-14 4.49566e-14 2.23588e-14 1.11343e-14 5.5328e-15 2.77661e-15
3.56037e-05 1.33084e-06 6.35035e-07 3.0577e-07 1.48439e-07 7.25845e-08 3.57157e-08 1.76675e-08 8.77803e-09 4.37687e-09 2.18852e-09 1.09666e-09 5.50371e-10 2.76423e-10 1.38753e-10 6.93603e-11 3.41541e-11 1.59934e-11 6.26418e-12 3.05166e-12 1.49092e-12 7.30445e-13 3.58851e-13 1.76769e-13 8.73044e-14 4.32289e-14 2.14572e-14 1.06738e-14 5.31655e-15 2.64232e-15 1.3264e-15
2.0127e-05 6.99201e-07 3.32776e-07 1.59709e-07 7.72376e-08 3.76099e-08 1.84241e-08 9.07229e-09 4.48693e-09 2.22718e-09 1.10875e-09 5.5321e-10 2.76423e-10 1.38124e-10 6.87697e-11 3.37435e-11 1.57542e-11 6.16794e-12 2.99613e-12 1.45968e-12 7.132e-13 3.49455e-13 1.717e-13 8.45907e-14 4.17848e-14 2.06931e-14 1.02731e-14 5.11123e-15 2.54631e-15 1.26569e-15 6.35497e-16
1.1346e-05 3.65923e-07 1.73771e-07 8.31628e-08 4.00856e-08 1.94474e-08 9.48937e-09 4.65371e-09 2.29213e-09 1.13307e-09 5.61762e-10 2.791e-10 1.38753e-10 6.87697e-11 3.36072e-11 1.56353e-11 6.11068e-12 2.95949e-12 1.43765e-12 7.00453e-13 3.42267e-13 1.6772e-13 8.24159e-14 4.06082e-14 2.00615e-14 9.93639e-15 4.93357e-15 2.45498e-15 1.22318e-15 6.08065e-16 3.05359e-16
6.37456e-06 1.90801e-07 9.04346e-08 4.31741e-08 2.07504e-08 1.00345e-08 4.8793e-09 2.38418e-09 1.16993e-09 5.76131e-10 2.84485e-10 1.40647e-10 6.93603e-11 3.37435e-11 1.56353e-11 6.09167e-12 2.94128e-12 1.42454e-12 6.92043e-13 3.37197e-13 1.64779e-13 8.07526e-14 3.96844e-14 1.95552e-14 9.66169e-15 4.78586e-15 2.37649e-15 1.18267e-15 5.89313e-16 2.92978e-16 1.47144e-16
3.56813e-06 9.91447e-08 4.6914e-08 2.23493e-08 1.07144e-08 5.16649e-09 2.50447e-09 1.21977e-09 5.96493e-10 2.92646e-10 1.43828e-10 7.05485e-11 3.41541e-11 1.57542e-11 6.11068e-12 2.94128e-12 1.42019e-12 6.87865e-13 3.34181e-13 1.62838e-13 7.95794e-14 3.90017e-14 1.91679e-14 9.44596e-15 4.66729e-15 2.31206e-15 1.14815e-15 5.71412e-16 2.84742e-16 1.41564e-16 7.11025e-17
1.9894e-06 5.13525e-08 2.42641e-08 1.15376e-08 5.51885e-09 2.65449e-09 1.28321e-09 6.23097e-10 3.03679e-10 1.48336e-10 7.23486e-11 3.48439e-11 1.59934e-11 6.16794e-12 2.95949e-12 1.42454e-12 6.87865e-13 3.3318e-13 1.61874e-13 7.88814e-14 3.85514e-14 1.88948e-14 9.28653e-15 4.57657e-15 2.26137e-15 1.12025e-15 5.56318e-16 2.76871e-16 1.37969e-16 6.85927e-17 3.44514e-17
1.10473e-06 2.6519e-08 1.25143e-08 5.94076e-09 2.83609e-09 1.36104e-09 6.5627e-10 3.17721e-10 1.54225e-10 7.47824e-11 3.58211e-11 1.63557e-11 6.26418e-12 2.99613e-12 1.43765e-12 6.92043e-13 3.34181e-13 1.61874e-13 7.86498e-14 3.83277e-14 1.87324e-14 9.18138e-15 4.51259e-15 2.2239e-15 1.09887e-15 5.44356e-16 2.7032e-16 1.34529e-16 6.70348e-17 3.33255e-17 1.6737e-17
6.10988e-07 1.36569e-08 6.43747e-09 3.05152e-09 1.45421e-09 6.96417e-10 3.34943e-10 1.61565e-10 7.78792e-11 3.70975e-11 1.68456e-11 6.40058e-12 3.05166e-12 1.45968e-12 7.00453e-13 3.37197e-13 1.62838e-13 7.88814e-14 3.83277e-14 1.86784e-14 9.12913e-15 4.47452e-15 2.19918e-15 1.08378e-15 5.35493e-16 2.65258e-16 1.31715e-16 6.55447e-17 3.26574e-17 1.62338e-17 8.15209e-18
3.36568e-07 7.01519e-09 3.30346e-09 1.56387e-09 7.44033e-10 3.55554e-10 1.70448e-10 8.16763e-11 3.86885e-11 1.7469e-11 6.57885e-12 3.12679e-12 1.49092e-12 7.132e-13 3.42267e-13 1.64779e-13 7.95794e-14 3.85514e-14 1.87324e-14 9.12913e-15 4.46189e-15 2.1869e-15 1.0748e-15 5.29644e-16 2.61677e-16 1.2961e-16 6.43513e-17 3.20189e-17 1.59511e-17 7.92823e-18 3.98059e-18
1.84677e-07 3.59505e-09 1.69137e-09 7.99703e-10 3.79808e-10 1.8098e-10 8.62198e-11 4.06133e-11 1.82333e-11 6.80123e-12 3.22245e-12 1.53174e-12 7.30445e-13 3.49455e-13 1.6772e-13 8.07526e-14 3.90017e-14 1.88948e-14 9.18138e-15 4.47452e-15 2.1869e-15 1.07182e-15 5.26737e-16 2.59545e-16 1.28217e-16 6.34985e-17 3.15222e-17 1.56816e-17 7.81087e-18 3.88163e-18 1.94843e-18
1.00949e-07 1.83831e-09 8.64114e-10 4.08001e-10 1.93289e-10 9.15646e-11 4.2895e-11 1.91479e-11 7.0705e-12 3.33984e-12 1.58267e-12 7.52407e-13 3.58851e-13 1.717e-13 8.24159e-14 3.96844e-14 1.91679e-14 9.28653e-15 4.51259e-15 2.19918e-15 1.0748e-15 5.26737e-16 2.58837e-16 1.27525e-16 6.29892e-17 3.11896e-17 1.54803e-17 7.69951e-18 3.8342e-18 1.90504e-18 9.55986e-19
5.49793e-08 9.38061e-10 4.40479e-10 2.07527e-10 9.77756e-11 4.55613e-11 2.02238e-11 7.39002e-12 3.48044e-12 1.64435e-12 7.79363e-13 3.70576e-13 1.76769e-13 8.45907e-14 4.06082e-14 1.95552e-14 9.44596e-15 4.57657e-15 2.2239e-15 1.08378e-15 5.29644e-16 2.59545e-16 1.27525e-16 6.28199e-17 3.10236e-17 1.53585e-17 7.6211e-18 3.78959e-18 1.88665e-18 9.37171e-19 4.70134e-19
2.9837e-08 4.77643e-10 2.23867e-10 1.04928e-10 4.86443e-11 2.14741e-11 7.76381e-12 3.64602e-12 1.71756e-12 8.11652e-13 3.84776e-13 1.82991e-13 8.73044e-14 4.17848e-14 2.00615e-14 9.66169e-15 4.66729e-15 2.26137e-15 1.09887e-15 5.35493e-16 2.61677e-16 1.28217e-16 6.29892e-17 3.10236e-17 1.53178e-17 7.58139e-18 3.761e-18 1.86961e-18 9.30507e-19 4.62096e-19 2.31723e-19
1.61364e-08 2.42508e-10 1.13109e-10 5.21813e-11 2.29138e-11 8.19648e-12 3.83861e-12 1.80319e-12 8.49675e-13 4.01629e-13 1.90444e-13 9.05909e-14 4.32289e-14 2.06931e-14 9.93639e-15 4.78586e-15 2.31206e-15 1.12025e-15 5.44356e-16 2.65258e-16 1.2961e-16 6.34985e-17 3.11896e-17 1.53585e-17 7.58139e-18 3.75131e-18 1.8604e-18 9.24512e-19 4.59975e-19 2.28359e-19 1.14465e-19
8.6959e-09 1.22415e-10 5.62136e-11 2.45598e-11 8.69312e-12 4.06049e-12 1.90226e-12 8.93874e-13 4.21328e-13 1.99212e-13 9.44873e-14 4.49566e-14 2.14572e-14 1.02731e-14 4.93357e-15 2.37649e-15 1.14815e-15 5.56318e-16 2.7032e-16 1.31715e-16 6.43513e-17 3.15222e-17 1.54803e-17 7.6211e-18 3.761e-18 1.8604e-18 9.22325e-19 4.58179e-19 2.27875e-19 1.13094e-19 5.66617e-20
4.66611e-09 6.07836e-11 2.64288e-11 9.25841e-12 4.31368e-12 2.01564e-12 9.44631e-13 4.44039e-13 2.09367e-13 9.90238e-14 4.69806e-14 2.23588e-14 1.06738e-14 5.11123e-15 2.45498e-15 1.18267e-15 5.71412e-16 2.76871e-16 1.34529e-16 6.55447e-17 3.20189e-17 1.56816e-17 7.69951e-18 3.78959e-18 1.86961e-18 9.24512e-19 4.58179e-19 2.2752e-19 1.13112e-19 5.61177e-20 2.81017e-20
2.48527e-09 2.85295e-11 9.89265e-12 4.59812e-12 2.1432e-12 1.00183e-12 4.69686e-13 2.20863e-13 1.04174e-13 4.9286e-14 2.33898e-14 1.11343e-14 5.31655e-15 2.54631e-15 1.22318e-15 5.89313e-16 2.84742e-16 1.37969e-16 6.70348e-17 3.26574e-17 1.59511e-17 7.81087e-18 3.8342e-18 1.88665e-18 9.30507e-19 4.59975e-19 2.27875e-19 1.13112e-19 5.6211e-20 2.78778e-20 1.3953e-20
1.29824e-09 1.05748e-11 4.90347e-12 2.27987e-12 1.063e-12 4.97053e-13 2.33102e-13 1.09645e-13 5.17299e-14 2.44804e-14 1.16204e-14 5.5328e-15 2.64232e-15 1.26569e-15 6.08065e-16 2.92978e-16 1.41564e-16 6.85927e-17 3.33255e-17 1.62338e-17 7.92823e-18 3.88163e-18 1.90504e-18 9.37171e-19 4.62096e-19 2.28359e-19 1.13094e-19 5.61177e-20 2.78778e-20 1.38216e-20 6.91473e-21
6.9198e-10 5.28137e-12 2.45034e-12 1.13994e-12 5.31796e-13 2.488e-13 1.1674e-13 5.49381e-14 2.59314e-14 1.22767e-14 5.82972e-15 2.77661e-15 1.3264e-15 6.35497e-16 3.05359e-16 1.47144e-16 7.11025e-17 3.44514e-17 1.6737e-17 8.15209e-18 3.98059e-18 1.94843e-18 9.55986e-19 4.70134e-19 2.31723e-19 1.14465e-19 5.66617e-20 2.81017e-20 1.3953e-20 6.91473e-21 3.4571e-21
