0.834815 0.0290798 0.0170656 0.010015 0.00587734 0.00344913 0.00202414 0.00118787 0.000697106 0.000409099 0.000240081 0.000140892 8.26832e-05 4.85229e-05 2.84758e-05 1.67111e-05 9.80699e-06 5.75527e-06 3.3775e-06 1.9821e-06 1.1632e-06 6.82628e-07 4.00602e-07 2.35095e-07 1.37966e-07 8.09659e-08 4.75151e-08 2.78844e-08 1.63641e-08 9.60331e-09 5.63573e-09 3.30735e-09 1.94093e-09 1.13904e-09 6.6845e-10 3.92282e-10 2.30212e-10 1.35101e-10 7.92843e-11 4.65283e-11 2.73053e-11 1.60242e-11 9.40385e-12 5.51868e-12 3.23866e-12 1.90062e-12 1.11538e-12 6.54566e-13 3.84135e-13 2.25431e-13 1.32295e-13 7.76376e-14 4.55619e-14 2.67382e-14 1.56914e-14 9.20854e-15 5.40406e-15 3.17139e-15 1.86114e-15 1.09222e-15 6.40971e-16 3.76156e-16 2.20749e-16 1.29547e-16 7.60251e-17 4.46156e-17 2.61828e-17 1.53655e-17 9.01728e-18 5.29182e-18 3.10552e-18 1.82249e-18 1.06953e-18 6.27659e-19 3.68344e-19 2.16164e-19 1.26856e-19 7.44461e-20 4.3689e-20 2.5639e-20 1.50463e-20 8.83e-21 5.18191e-21 3.04102e-21 1.78463e-21 1.04732e-21 6.14623e-22 3.60693e-22 2.11674e-22 1.24222e-22 7.28999e-23 4.27816e-23 2.51065e-23 1.47338e-23 8.6466e-24 5.07429e-24 2.97786e-24 1.74757e-24 1.02557e-24 6.01857e-25 3.53202e-25
0.0290798 0.00362474 0.00222265 0.00136039 0.000831223 0.000507099 0.000308915 0.000187932 0.000114188 6.92998e-05 4.20117e-05 2.54428e-05 1.53937e-05 9.30525e-06 5.6201e-06 3.39165e-06 2.04526e-06 1.23246e-06 7.42164e-07 4.46628e-07 2.68612e-07 1.61454e-07 9.69906e-08 5.82343e-08 3.49467e-08 2.09615e-08 1.25671e-08 7.53101e-09 4.51113e-09 2.70109e-09 1.61667e-09 9.67246e-10 5.78488e-10 3.45859e-10 2.06708e-10 1.23501e-10 7.37649e-11 4.40448e-11 2.62913e-11 1.56894e-11 9.36012e-12 5.58265e-12 3.3288e-12 1.98439e-12 1.18266e-12 7.04679e-13 4.19782e-13 2.50012e-13 1.48869e-13 8.86252e-14 5.275e-14 3.13908e-14 1.86766e-14 1.111e-14 6.60771e-15 3.92927e-15 2.33613e-15 1.38871e-15 8.25377e-16 4.90485e-16 2.91428e-16 1.7313e-16 1.02836e-16 6.10745e-17 3.6267e-17 2.1533e-17 1.27832e-17 7.58779e-18 4.50336e-18 2.67241e-18 1.58568e-18 9.40758e-19 5.5807e-19 3.31016e-19 1.96318e-19 1.16419e-19 6.90305e-20 4.09272e-20 2.42626e-20 1.4382e-20 8.5243e-21 5.05191e-21 2.99371e-21 1.77388e-21 1.05099e-21 6.22635e-22 3.68834e-22 2.18469e-22 1.29393e-22 7.66296e-23 4.53781e-23 2.68696e-23 1.5909e-23 9.41864e-24 5.57573e-24 3.30052e-24 1.95358e-24 1.15624e-24 6.84279e-25 4.04938e-25 2.39615e-25
0.0170656 0.00222265 0.00137229 0.000845501 0.000519944 0.000319181 0.000195622 0.000119715 7.31601e-05 4.4652e-05 2.72197e-05 1.65744e-05 1.00817e-05 6.12627e-06 3.71924e-06 2.25595e-06 1.36724e-06 8.27975e-07 5.01033e-07 3.02975e-07 1.83087e-07 1.10567e-07 6.67319e-08 4.02519e-08 2.4266e-08 1.46211e-08 8.80522e-09 5.30016e-09 3.18885e-09 1.91772e-09 1.15279e-09 6.9268e-10 4.16048e-10 2.49797e-10 1.49924e-10 8.99496e-11 5.39483e-11 3.23454e-11 1.93868e-11 1.16163e-11 6.95817e-12 4.16675e-12 2.49447e-12 1.49293e-12 8.93276e-13 5.34343e-13 3.19556e-13 1.91059e-13 1.14205e-13 6.82504e-14 4.07781e-14 2.43588e-14 1.45476e-14 8.68641e-15 5.18563e-15 3.09512e-15 1.84702e-15 1.10201e-15 6.57386e-16 3.92084e-16 2.3381e-16 1.39403e-16 8.31023e-17 4.95317e-17 2.95179e-17 1.75882e-17 1.04783e-17 6.24163e-18 3.71743e-18 2.21374e-18 1.31811e-18 7.84723e-19 4.67116e-19 2.78021e-19 1.65453e-19 9.84508e-20 5.85748e-20 3.48458e-20 2.07271e-20 1.23276e-20 7.33109e-21 4.35924e-21 2.59183e-21 1.54083e-21 9.15924e-22 5.44401e-22 3.23545e-22 1.92268e-22 1.14245e-22 6.78777e-23 4.03251e-23 2.39543e-23 1.42283e-23 8.4505e-24 5.01851e-24 2.98009e-24 1.76948e-24 1.05058e-24 6.23696e-25 3.7024e-25 2.19765e-25
0.010015 0.00136039 0.000845501 0.000524265 0.000324385 0.000200319 0.000123482 7.59911e-05 4.66935e-05 2.86505e-05 1.75562e-05 1.07446e-05 6.56821e-06 4.0108e-06 2.44664e-06 1.49105e-06 9.07857e-07 5.52294e-07 3.35714e-07 2.03908e-07 1.2376e-07 7.50622e-08 4.54962e-08 2.75584e-08 1.66828e-08 1.00933e-08 6.1032e-09 3.68851e-09 2.22805e-09 1.34519e-09 8.11787e-10 4.8967e-10 2.9524e-10 1.77937e-10 1.07197e-10 6.45549e-11 3.88609e-11 2.33851e-11 1.40674e-11 8.45941e-12 5.08539e-12 3.05612e-12 1.83604e-12 1.10272e-12 6.62097e-13 3.97426e-13 2.38491e-13 1.43078e-13 8.58144e-14 5.14564e-14 3.0847e-14 1.84877e-14 1.10778e-14 6.63627e-15 3.97466e-15 2.38003e-15 1.42487e-15 8.52862e-16 5.10383e-16 3.05372e-16 1.82675e-16 1.09257e-16 6.53343e-17 3.90621e-17 2.33504e-17 1.3956e-17 8.33977e-18 4.98284e-18 2.97667e-18 1.77794e-18 1.06179e-18 6.34007e-19 3.78518e-19 2.25952e-19 1.34861e-19 8.04811e-20 4.80224e-20 2.86508e-20 1.70912e-20 1.01942e-20 6.07965e-21 3.62536e-21 2.16158e-21 1.28866e-21 7.68169e-22 4.57852e-22 2.72862e-22 1.62598e-22 9.68807e-23 5.77183e-23 3.43831e-23 2.048e-23 1.21975e-23 7.2639e-24 4.32538e-24 2.57535e-24 1.53323e-24 9.12721e-25 5.43285e-25 3.23354e-25 1.92437e-25
0.00587734 0.000831223 0.000519944 0.000324385 0.000201898 0.00012539 7.77196e-05 4.80843e-05 2.96991e-05 1.83148e-05 1.12779e-05 6.93532e-06 4.25945e-06 2.61292e-06 1.60108e-06 9.8004e-07 5.99301e-07 3.66134e-07 2.23487e-07 1.36301e-07 8.30616e-08 5.05793e-08 3.07774e-08 1.87152e-08 1.13729e-08 6.90676e-09 4.19197e-09 2.5428e-09 1.54158e-09 9.34095e-10 5.65712e-10 3.42442e-10 2.07193e-10 1.25304e-10 7.57471e-11 4.57703e-11 2.76455e-11 1.66915e-11 1.00739e-11 6.07778e-12 3.66552e-12 2.20992e-12 1.3319e-12 8.02463e-13 4.83329e-13 2.91023e-13 1.75179e-13 1.05418e-13 6.34193e-14 3.81427e-14 2.29343e-14 1.37863e-14 8.28513e-15 4.97789e-15 2.99011e-15 1.79567e-15 1.07812e-15 6.47162e-16 3.88385e-16 2.33035e-16 1.39794e-16 8.38435e-17 5.02763e-17 3.01421e-17 1.80676e-17 1.0828e-17 6.48808e-18 3.88693e-18 2.32821e-18 1.39433e-18 8.34898e-19 4.9984e-19 2.99198e-19 1.79068e-19 1.07155e-19 6.41119e-20 3.83532e-20 2.29404e-20 1.37195e-20 8.20376e-21 4.90488e-21 2.93215e-21 1.75261e-21 1.04743e-21 6.25912e-22 3.73977e-22 2.2342e-22 1.33458e-22 7.97109e-23 4.76034e-23 2.84255e-23 1.69718e-23 1.01321e-23 6.04815e-24 3.60992e-24 2.1544e-24 1.28561e-24 7.6709e-25 4.57656e-25 2.73016e-25 1.62852e-25
0.00344913 0.000507099 0.000319181 0.000200319 0.00012539 7.83008e-05 4.87888e-05 3.0339e-05 1.88313e-05 1.16685e-05 7.21877e-06 4.45932e-06 2.7509e-06 1.69481e-06 1.0429e-06 6.4102e-07 3.93581e-07 2.41411e-07 1.47933e-07 9.05693e-08 5.54017e-08 3.38618e-08 2.06804e-08 1.26208e-08 7.69677e-09 4.69068e-09 2.85682e-09 1.73884e-09 1.05774e-09 6.43061e-10 3.90739e-10 2.37298e-10 1.44039e-10 8.73883e-11 5.29936e-11 3.21215e-11 1.94616e-11 1.17863e-11 7.13503e-12 4.31761e-12 2.61171e-12 1.57923e-12 9.5457e-13 5.76791e-13 3.48403e-13 2.10379e-13 1.26994e-13 7.66355e-14 4.62322e-14 2.78824e-14 1.6811e-14 1.01329e-14 6.10597e-15 3.67842e-15 2.21542e-15 1.33396e-15 8.03007e-16 4.83273e-16 2.9078e-16 1.74919e-16 1.05199e-16 6.32542e-17 3.80256e-17 2.28544e-17 1.37334e-17 8.25079e-18 4.95597e-18 2.97631e-18 1.78709e-18 1.07284e-18 6.43936e-19 3.86434e-19 2.31863e-19 1.39096e-19 8.34301e-20 5.00335e-20 3.00005e-20 1.79857e-20 1.0781e-20 6.46136e-21 3.8719e-21 2.31985e-21 1.38974e-21 8.32425e-22 4.98535e-22 2.98529e-22 1.78739e-22 1.07002e-22 6.40486e-23 3.83328e-23 2.29391e-23 1.37255e-23 8.21161e-24 4.91218e-24 2.93811e-24 1.75716e-24 1.05077e-24 6.28275e-25 3.75617e-25 2.24539e-25 1.34212e-25
0.00202414 0.000308915 0.000195622 0.000123482 7.77196e-05 4.87888e-05 3.05542e-05 1.90928e-05 1.19068e-05 7.41166e-06 4.60561e-06 2.85736e-06 1.77009e-06 1.09502e-06 6.76521e-07 4.17454e-07 2.57298e-07 1.58413e-07 9.74315e-08 5.98667e-08 3.67512e-08 2.25412e-08 1.3814e-08 8.45897e-09 5.1759e-09 3.16476e-09 1.93372e-09 1.18076e-09 7.20527e-10 4.39415e-10 2.67822e-10 1.63144e-10 9.93257e-11 6.04401e-11 3.67595e-11 2.23462e-11 1.35779e-11 8.24644e-12 5.00621e-12 3.03785e-12 1.84267e-12 1.11726e-12 6.77162e-13 4.10269e-13 2.48478e-13 1.50436e-13 9.10478e-14 5.50859e-14 3.33174e-14 2.01449e-14 1.21766e-14 7.35791e-15 4.44486e-15 2.68434e-15 1.62068e-15 9.78225e-16 5.90291e-16 3.56107e-16 2.14777e-16 1.29505e-16 7.80693e-17 4.70514e-17 2.83508e-17 1.70789e-17 1.02863e-17 6.19391e-18 3.72888e-18 2.24441e-18 1.35064e-18 8.12623e-19 4.88827e-19 2.93993e-19 1.76783e-19 1.06282e-19 6.38859e-20 3.83948e-20 2.30709e-20 1.38606e-20 8.32582e-21 5.00036e-21 3.00265e-21 1.80277e-21 1.0822e-21 6.49543e-22 3.89801e-22 2.33892e-22 1.40321e-22 8.41721e-23 5.04839e-23 3.02745e-23 1.81527e-23 1.0883e-23 6.52375e-24 3.91012e-24 2.34329e-24 1.40414e-24 8.41273e-25 5.03978e-25 3.01879e-25 1.80802e-25 1.08274e-25
0.00118787 0.000187932 0.000119715 7.59911e-05 4.80843e-05 3.0339e-05 1.90928e-05 1.19869e-05 7.50929e-06 4.69482e-06 2.92977e-06 1.82515e-06 1.1352e-06 7.05005e-07 4.37227e-07 2.70801e-07 1.67517e-07 1.03505e-07 6.38835e-08 3.9388e-08 2.42611e-08 1.49297e-08 9.17923e-09 5.63889e-09 3.46122e-09 2.1229e-09 1.3011e-09 7.96866e-10 4.87714e-10 2.98307e-10 1.82344e-10 1.11393e-10 6.80101e-11 4.15e-11 2.53099e-11 1.54279e-11 9.39958e-12 5.724e-12 3.48408e-12 2.11973e-12 1.28909e-12 7.83614e-13 4.76149e-13 2.89208e-13 1.75594e-13 1.06573e-13 6.46582e-14 3.92145e-14 2.3775e-14 1.44095e-14 8.73041e-15 5.28789e-15 3.20181e-15 1.9381e-15 1.17281e-15 7.09508e-16 4.29105e-16 2.59448e-16 1.56827e-16 9.47713e-17 5.72562e-17 3.45827e-17 2.08828e-17 1.26071e-17 7.60921e-18 4.5916e-18 2.77008e-18 1.67079e-18 1.00754e-18 6.07445e-19 3.66153e-19 2.20664e-19 1.32957e-19 8.00955e-20 4.82415e-20 2.90504e-20 1.74905e-20 1.05287e-20 6.3368e-21 3.81319e-21 2.29421e-21 1.38008e-21 8.30045e-22 4.99148e-22 3.00114e-22 1.80416e-22 1.08442e-22 6.51708e-23 3.916e-23 2.35271e-23 1.41329e-23 8.4885e-24 5.09765e-24 3.06089e-24 1.83767e-24 1.10313e-24 6.6211e-25 3.97352e-25 2.38432e-25 1.43054e-25 8.58183e-26
0.000697106 0.000114188 7.31601e-05 4.66935e-05 2.96991e-05 1.88313e-05 1.19068e-05 7.50929e-06 4.7248e-06 2.96641e-06 1.85872e-06 1.16251e-06 7.25829e-07 4.52458e-07 2.81627e-07 1.7505e-07 1.08663e-07 6.7369e-08 4.17188e-08 2.58062e-08 1.59464e-08 9.84394e-09 6.07107e-09 3.74086e-09 2.30306e-09 1.41672e-09 8.7081e-10 5.34857e-10 3.28277e-10 2.01347e-10 1.23413e-10 7.55967e-11 4.62784e-11 2.83139e-11 1.7313e-11 1.05806e-11 6.46274e-12 3.9455e-12 2.40753e-12 1.46837e-12 8.95155e-13 5.45464e-13 3.32235e-13 2.02275e-13 1.231e-13 7.48868e-14 4.5539e-14 2.76821e-14 1.68211e-14 1.02178e-14 6.20454e-15 3.7663e-15 2.28548e-15 1.38644e-15 8.40795e-16 5.09737e-16 3.08939e-16 1.87186e-16 1.13384e-16 6.86606e-17 4.15668e-17 2.51577e-17 1.52224e-17 9.2084e-18 5.56901e-18 3.36718e-18 2.03541e-18 1.23008e-18 7.43223e-19 4.48959e-19 2.71143e-19 1.63718e-19 9.88336e-20 5.96515e-20 3.59957e-20 2.17167e-20 1.30994e-20 7.89994e-21 4.76339e-21 2.87162e-21 1.73085e-21 1.04307e-21 6.2848e-22 3.78612e-22 2.28046e-22 1.37334e-22 8.26922e-23 4.97827e-23 2.99657e-23 1.80344e-23 1.0852e-23 6.52913e-24 3.92766e-24 2.36238e-24 1.4207e-24 8.54262e-25 5.13594e-25 3.08737e-25 1.85566e-25 1.11519e-25 6.70102e-26
0.000409099 6.92998e-05 4.4652e-05 2.86505e-05 1.83148e-05 1.16685e-05 7.41166e-06 4.69482e-06 2.96641e-06 1.86999e-06 1.17632e-06 7.38516e-07 4.62808e-07 2.89536e-07 1.80849e-07 1.12794e-07 7.02503e-08 4.3696e-08 2.71454e-08 1.6844e-08 1.04403e-08 6.46431e-09 3.99852e-09 2.47095e-09 1.52559e-09 9.41095e-10 5.80059e-10 3.57246e-10 2.19854e-10 1.35203e-10 8.30877e-11 5.10265e-11 3.13166e-11 1.92081e-11 1.17743e-11 7.21331e-12 4.41664e-12 2.70282e-12 1.65316e-12 1.01064e-12 6.17539e-13 3.77162e-13 2.30246e-13 1.40496e-13 8.56939e-14 5.2246e-14 3.18405e-14 1.9397e-14 1.1812e-14 7.19033e-15 4.37539e-15 2.66152e-15 1.61843e-15 9.83806e-16 5.97838e-16 3.63177e-16 2.20555e-16 1.33901e-16 8.12678e-17 4.93092e-17 2.99098e-17 1.81375e-17 1.09957e-17 6.66428e-18 4.03803e-18 2.4461e-18 1.4814e-18 8.96935e-19 5.42933e-19 3.28571e-19 1.98798e-19 1.20253e-19 7.27251e-20 4.39721e-20 2.65814e-20 1.60652e-20 9.70748e-21 5.86459e-21 3.54228e-21 2.13916e-21 1.29158e-21 7.79679e-22 4.70577e-22 2.83966e-22 1.71326e-22 1.03349e-22 6.23319e-23 3.75874e-23 2.26621e-23 1.36612e-23 8.23386e-24 4.96193e-24 2.98971e-24 1.80111e-24 1.08489e-24 6.53376e-25 3.93439e-25 2.3688e-25 1.42599e-25 8.58308e-26 5.16546e-26
0.000240081 4.20117e-05 2.72197e-05 1.75562e-05 1.12779e-05 7.21877e-06 4.60561e-06 2.92977e-06 1.85872e-06 1.17632e-06 7.42778e-07 4.68041e-07 2.94353e-07 1.84787e-07 1.1581e-07 7.24668e-08 4.52784e-08 2.82515e-08 1.76046e-08 1.09565e-08 6.81107e-09 4.22938e-09 2.6235e-09 1.62575e-09 1.00649e-09 6.22549e-10 3.84734e-10 2.37567e-10 1.46577e-10 9.03685e-11 5.56736e-11 3.42749e-11 2.10867e-11 1.29646e-11 7.96595e-12 4.89162e-12 3.00202e-12 1.84133e-12 1.12878e-12 6.91609e-13 4.23534e-13 2.5924e-13 1.58601e-13 9.69862e-14 5.92811e-14 3.62187e-14 2.21189e-14 1.35025e-14 8.2393e-15 5.02569e-15 3.06433e-15 1.86773e-15 1.13798e-15 6.93108e-16 4.22005e-16 2.56856e-16 1.56285e-16 9.50621e-17 5.78044e-17 3.51384e-17 2.13537e-17 1.29729e-17 7.87908e-18 4.78402e-18 2.90397e-18 1.76228e-18 1.06916e-18 6.48485e-19 3.9323e-19 2.38389e-19 1.44485e-19 8.75494e-20 5.30375e-20 3.21229e-20 1.94513e-20 1.17757e-20 7.12739e-21 4.31303e-21 2.60942e-21 1.5784e-21 9.54556e-22 5.77166e-22 3.48912e-22 2.10886e-22 1.27438e-22 7.69959e-23 4.65113e-23 2.80913e-23 1.69632e-23 1.02416e-23 6.1824e-24 3.7314e-24 2.25172e-24 1.35858e-24 8.19574e-25 4.94335e-25 2.98118e-25 1.79757e-25 1.08373e-25 6.53265e-26 3.93726e-26
0.000140892 2.54428e-05 1.65744e-05 1.07446e-05 6.93532e-06 4.45932e-06 2.85736e-06 1.82515e-06 1.16251e-06 7.38516e-07 4.68041e-07 2.95971e-07 1.86778e-07 1.17646e-07 7.39712e-08 4.64331e-08 2.91018e-08 1.82129e-08 1.13826e-08 7.10462e-09 4.42903e-09 2.75786e-09 1.71537e-09 1.06583e-09 6.61585e-10 4.1027e-10 2.5419e-10 1.57351e-10 9.7324e-11 6.01483e-11 3.71445e-11 2.29216e-11 1.41348e-11 8.7104e-12 5.36416e-12 3.30134e-12 2.03055e-12 1.24819e-12 7.66831e-13 4.70846e-13 2.88953e-13 1.77235e-13 1.08656e-13 6.65808e-14 4.07791e-14 2.49648e-14 1.52765e-14 9.34399e-15 5.71291e-15 3.49144e-15 2.13294e-15 1.30252e-15 7.95106e-16 4.85183e-16 2.95957e-16 1.80468e-16 1.10008e-16 6.70348e-17 4.08353e-17 2.48675e-17 1.51388e-17 9.2134e-18 5.60555e-18 3.40949e-18 2.07318e-18 1.26026e-18 7.65892e-19 4.65326e-19 2.82639e-19 1.71631e-19 1.04195e-19 6.32403e-20 3.83737e-20 2.32793e-20 1.4119e-20 8.56128e-21 5.19009e-21 3.14569e-21 1.90617e-21 1.15482e-21 6.9948e-22 4.23591e-22 2.56466e-22 1.55248e-22 9.3959e-23 5.68547e-23 3.43963e-23 2.08054e-23 1.25823e-23 7.6079e-24 4.59931e-24 2.78e-24 1.68005e-24 1.01514e-24 6.13274e-25 3.70436e-25 2.23718e-25 1.35089e-25 8.15585e-26 4.92324e-26 2.97144e-26
8.26832e-05 1.53937e-05 1.00817e-05 6.56821e-06 4.25945e-06 2.7509e-06 1.77009e-06 1.1352e-06 7.25829e-07 4.62808e-07 2.94353e-07 1.86778e-07 1.18263e-07 7.47315e-08 4.71358e-08 2.96786e-08 1.86565e-08 1.17098e-08 7.33921e-09 4.59365e-09 2.8715e-09 1.79281e-09 1.11804e-09 6.96474e-10 4.33411e-10 2.69441e-10 1.67346e-10 1.03842e-10 6.438e-11 3.98812e-11 2.46854e-11 1.52678e-11 9.43613e-12 5.82777e-12 3.59678e-12 2.21839e-12 1.36737e-12 8.42301e-13 5.18549e-13 3.19053e-13 1.96198e-13 1.20585e-13 7.40734e-14 4.54791e-14 2.79093e-14 1.7119e-14 1.04956e-14 6.43187e-15 3.93984e-15 2.41232e-15 1.47642e-15 9.03252e-16 5.52379e-16 3.37675e-16 2.06346e-16 1.26048e-16 7.69699e-17 4.69844e-17 2.86708e-17 1.74896e-17 1.06654e-17 6.5019e-18 3.96247e-18 2.41413e-18 1.47036e-18 8.95289e-19 5.44976e-19 3.31642e-19 2.01764e-19 1.22716e-19 7.46177e-20 4.53599e-20 2.75672e-20 1.67496e-20 1.01745e-20 6.17893e-21 3.75158e-21 2.27727e-21 1.38202e-21 8.38533e-22 5.08663e-22 3.08494e-22 1.87056e-22 1.13398e-22 6.87308e-23 4.16495e-23 2.52338e-23 1.52852e-23 9.25709e-24 5.60528e-24 3.39344e-24 2.05401e-24 1.24305e-24 7.52135e-25 4.55017e-25 2.75223e-25 1.66444e-25 1.00642e-25 6.08445e-26 3.67782e-26 2.22275e-26
4.85229e-05 9.30525e-06 6.12627e-06 4.0108e-06 2.61292e-06 1.69481e-06 1.09502e-06 7.05005e-07 4.52458e-07 2.89536e-07 1.84787e-07 1.17646e-07 7.47315e-08 4.73717e-08 2.997e-08 1.89263e-08 1.19318e-08 7.51019e-09 4.72002e-09 2.96225e-09 1.8566e-09 1.16215e-09 7.26588e-10 4.53749e-10 2.83056e-10 1.76392e-10 1.09813e-10 6.83001e-11 4.24419e-11 2.63507e-11 1.63466e-11 1.01325e-11 6.27585e-12 3.88425e-12 2.40233e-12 1.48477e-12 9.17066e-13 5.66061e-13 3.49186e-13 2.15274e-13 1.3264e-13 8.16798e-14 5.02711e-14 3.09239e-14 1.90129e-14 1.16838e-14 7.17652e-15 4.40595e-15 2.70375e-15 1.65845e-15 1.01683e-15 6.23179e-16 3.81768e-16 2.33783e-16 1.43106e-16 8.75662e-17 5.35617e-17 3.27503e-17 2.00181e-17 1.22315e-17 7.47121e-18 4.56203e-18 2.78474e-18 1.69932e-18 1.03665e-18 6.322e-19 3.85433e-19 2.34919e-19 1.43141e-19 8.71944e-20 5.30999e-20 3.23283e-20 1.9677e-20 1.19735e-20 7.28407e-21 4.43015e-21 2.69375e-21 1.63754e-21 9.95235e-22 6.04725e-22 3.6736e-22 2.23115e-22 1.35478e-22 8.22466e-23 4.99199e-23 3.02927e-23 1.83787e-23 1.11481e-23 6.76089e-24 4.0994e-24 2.48516e-24 1.50628e-24 9.12797e-25 5.5305e-25 3.35024e-25 2.02913e-25 1.22876e-25 7.43958e-26 4.50357e-26 2.72578e-26 1.64951e-26
2.84758e-05 5.6201e-06 3.71924e-06 2.44664e-06 1.60108e-06 1.0429e-06 6.76521e-07 4.37227e-07 2.81627e-07 1.80849e-07 1.1581e-07 7.39712e-08 4.71358e-08 2.997e-08 1.90169e-08 1.20439e-08 7.61416e-09 4.80567e-09 3.02835e-09 1.90554e-09 1.19736e-09 7.51375e-10 4.7092e-10 2.94796e-10 1.84334e-10 1.15139e-10 7.18441e-11 4.47852e-11 2.78914e-11 1.73546e-11 1.07891e-11 6.70183e-12 4.15965e-12 2.57981e-12 1.59881e-12 9.90145e-13 6.12775e-13 3.78979e-13 2.34235e-13 1.44683e-13 8.93152e-14 5.51036e-14 3.39774e-14 2.09393e-14 1.28975e-14 7.94008e-15 4.8857e-15 3.00482e-15 1.84716e-15 1.13499e-15 6.97084e-16 4.27945e-16 2.62608e-16 1.61082e-16 9.87669e-17 6.05348e-17 3.70878e-17 2.27141e-17 1.39059e-17 8.51039e-18 5.20651e-18 3.18416e-18 1.9467e-18 1.18976e-18 7.26913e-19 4.43985e-19 2.71095e-19 1.65479e-19 1.0098e-19 6.16036e-20 3.75709e-20 2.29075e-20 1.39632e-20 8.50892e-21 5.18384e-21 3.1573e-21 1.92252e-21 1.17036e-21 7.12297e-22 4.3341e-22 2.63654e-22 1.6035e-22 9.75004e-23 5.92715e-23 3.60238e-23 2.18897e-23 1.32984e-23 8.07728e-24 4.90504e-24 2.97805e-24 1.80774e-24 1.09712e-24 6.65713e-25 4.03867e-25 2.44967e-25 1.48558e-25 9.00757e-26 5.4606e-26 3.30976e-26 2.00575e-26 1.21529e-26
1.67111e-05 3.39165e-06 2.25595e-06 1.49105e-06 9.8004e-07 6.4102e-07 4.17454e-07 2.70801e-07 1.7505e-07 1.12794e-07 7.24668e-08 4.64331e-08 2.96786e-08 1.89263e-08 1.20439e-08 7.64905e-09 4.84893e-09 3.06854e-09 1.9387e-09 1.22299e-09 7.70381e-10 4.84612e-10 3.04452e-10 1.91033e-10 1.19726e-10 7.49525e-11 4.68726e-11 2.92826e-11 1.82759e-11 1.13957e-11 7.09932e-12 4.41895e-12 2.74829e-12 1.7079e-12 1.06054e-12 6.58075e-13 4.0805e-13 2.52845e-13 1.56569e-13 9.68902e-14 5.99217e-14 3.70363e-14 2.2878e-14 1.41242e-14 8.71504e-15 5.37459e-15 3.31282e-15 2.04094e-15 1.25676e-15 7.73513e-16 4.75863e-16 2.92618e-16 1.79858e-16 1.10502e-16 6.78631e-17 4.16599e-17 2.55641e-17 1.5681e-17 9.6151e-18 5.89349e-18 3.61106e-18 2.21178e-18 1.35426e-18 8.28919e-19 5.072e-19 3.10246e-19 1.89712e-19 1.15971e-19 7.08713e-20 4.32975e-20 2.6444e-20 1.61461e-20 9.85566e-21 6.01428e-21 3.66914e-21 2.23784e-21 1.36452e-21 8.31804e-22 5.06934e-22 3.0887e-22 1.88145e-22 1.1458e-22 6.9762e-23 4.2465e-23 2.58431e-23 1.57239e-23 9.56492e-24 5.81712e-24 3.53706e-24 2.15024e-24 1.30689e-24 7.94158e-25 4.82487e-25 2.93076e-25 1.77988e-25 1.08073e-25 6.56087e-26 3.98223e-26 2.41664e-26 1.46629e-26 8.89505e-27
9.80699e-06 2.04526e-06 1.36724e-06 9.07857e-07 5.99301e-07 3.93581e-07 2.57298e-07 1.67517e-07 1.08663e-07 7.02503e-08 4.52784e-08 2.91018e-08 1.86565e-08 1.19318e-08 7.61416e-09 4.84893e-09 3.08202e-09 1.95544e-09 1.23856e-09 7.83252e-10 4.94576e-10 3.11852e-10 1.96372e-10 1.23497e-10 7.75724e-11 4.86693e-11 3.05018e-11 1.90958e-11 1.1943e-11 7.46221e-12 4.65824e-12 2.9053e-12 1.81046e-12 1.12728e-12 7.01343e-13 4.36013e-13 2.70862e-13 1.68147e-13 1.04312e-13 6.46682e-14 4.00654e-14 2.48072e-14 1.53506e-14 9.49337e-15 5.86772e-15 3.62476e-15 2.23799e-15 1.38106e-15 8.51818e-16 5.25132e-16 3.23581e-16 1.99295e-16 1.22691e-16 7.54981e-17 4.6438e-17 2.85515e-17 1.75471e-17 1.07798e-17 6.61978e-18 4.06361e-18 2.49355e-18 1.52956e-18 9.37905e-19 5.7491e-19 3.52284e-19 2.15795e-19 1.32144e-19 8.08934e-20 4.95043e-20 3.02858e-20 1.85227e-20 1.13251e-20 6.92232e-21 4.22998e-21 2.58407e-21 1.57816e-21 9.63562e-22 5.88158e-22 3.58919e-22 2.18971e-22 1.33558e-22 8.14412e-23 4.96494e-23 3.02608e-23 1.84393e-23 1.12334e-23 6.8419e-24 4.16626e-24 2.53642e-24 1.54384e-24 9.39485e-25 5.71593e-25 3.47692e-25 2.11454e-25 1.28573e-25 7.8162e-26 4.75072e-26 2.88695e-26 1.75403e-26 1.06551e-26 6.47134e-27
5.75527e-06 1.23246e-06 8.27975e-07 5.52294e-07 3.66134e-07 2.41411e-07 1.58413e-07 1.03505e-07 6.7369e-08 4.3696e-08 2.82515e-08 1.82129e-08 1.17098e-08 7.51019e-09 4.80567e-09 3.06854e-09 1.95544e-09 1.24379e-09 7.89748e-10 5.00629e-10 3.16861e-10 2.00255e-10 1.26385e-10 7.96589e-11 5.01451e-11 3.15285e-11 1.98009e-11 1.2422e-11 7.78483e-12 4.87387e-12 3.04848e-12 1.905e-12 1.18939e-12 7.41974e-13 4.62484e-13 2.88048e-13 1.79268e-13 1.11487e-13 6.92849e-14 4.30285e-14 2.67047e-14 1.65631e-14 1.02665e-14 6.35986e-15 3.93747e-15 2.43636e-15 1.5067e-15 9.3128e-16 5.75318e-16 3.55236e-16 2.19236e-16 1.35238e-16 8.33841e-17 5.1389e-17 3.16566e-17 1.94927e-17 1.19976e-17 7.38141e-18 4.53951e-18 2.79067e-18 1.7149e-18 1.05344e-18 6.46872e-19 3.97075e-19 2.43654e-19 1.4946e-19 9.16492e-20 5.61811e-20 3.44279e-20 2.10909e-20 1.29164e-20 7.90785e-21 4.83999e-21 2.96144e-21 1.81149e-21 1.10777e-21 6.77233e-22 4.13915e-22 2.52911e-22 1.54493e-22 9.43494e-23 5.76049e-23 3.51618e-23 2.14573e-23 1.30911e-23 7.98498e-24 4.86934e-24 2.9687e-24 1.80953e-24 1.10272e-24 6.71853e-25 4.09249e-25 2.49235e-25 1.51754e-25 9.23806e-26 5.62256e-26 3.42137e-26 2.08152e-26 1.26613e-26 7.70002e-27 4.68192e-27
3.3775e-06 7.42164e-07 5.01033e-07 3.35714e-07 2.23487e-07 1.47933e-07 9.74315e-08 6.38835e-08 4.17188e-08 2.71454e-08 1.76046e-08 1.13826e-08 7.33921e-09 4.72002e-09 3.02835e-09 1.9387e-09 1.23856e-09 7.89748e-10 5.02659e-10 3.19389e-10 2.02614e-10 1.28339e-10 8.11758e-11 5.12746e-11 3.23457e-11 2.03796e-11 1.28252e-11 8.06207e-12 5.06248e-12 3.17566e-12 1.99011e-12 1.24598e-12 7.79385e-13 4.87095e-13 3.04166e-13 1.89783e-13 1.18321e-13 7.37129e-14 4.58889e-14 2.85474e-14 1.77473e-14 1.10258e-14 6.84557e-15 4.24759e-15 2.63399e-15 1.63242e-15 1.01113e-15 6.25952e-16 3.87297e-16 2.39508e-16 1.4804e-16 9.14579e-17 5.6475e-17 3.48568e-17 2.15041e-17 1.32606e-17 8.17363e-18 5.03597e-18 3.1015e-18 1.90934e-18 1.17497e-18 7.22769e-19 4.44436e-19 2.73186e-19 1.67861e-19 1.03107e-19 6.33105e-20 3.88612e-20 2.38458e-20 1.46274e-20 8.96978e-21 5.49871e-21 3.36982e-21 2.06453e-21 1.26447e-21 7.74228e-22 4.7392e-22 2.90015e-22 1.77425e-22 1.08516e-22 6.63525e-23 4.05609e-23 2.47883e-23 1.51452e-23 9.25116e-24 5.64953e-24 3.44924e-24 2.10539e-24 1.28482e-24 7.8388e-25 4.78147e-25 2.91593e-25 1.77786e-25 1.08374e-25 6.6048e-26 4.02443e-26 2.45166e-26 1.49324e-26 9.09305e-27 5.53612e-27 3.3699e-27
1.9821e-06 4.46628e-07 3.02975e-07 2.03908e-07 1.36301e-07 9.05693e-08 5.98667e-08 3.9388e-08 2.58062e-08 1.6844e-08 1.09565e-08 7.10462e-09 4.59365e-09 2.96225e-09 1.90554e-09 1.22299e-09 7.83252e-10 5.00629e-10 3.19389e-10 2.03404e-10 1.29325e-10 8.20967e-11 5.20387e-11 3.29395e-11 2.08224e-11 1.31459e-11 8.28948e-12 5.2211e-12 3.28486e-12 2.0645e-12 1.2962e-12 8.13031e-13 5.09492e-13 3.18991e-13 1.99547e-13 1.24724e-13 7.78944e-14 4.86102e-14 3.03126e-14 1.88888e-14 1.17621e-14 7.31928e-15 4.55164e-15 2.82873e-15 1.75691e-15 1.09055e-15 6.76533e-16 4.19457e-16 2.59925e-16 1.60982e-16 9.96505e-17 6.16542e-17 3.81269e-17 2.35663e-17 1.45596e-17 8.99099e-18 5.54974e-18 3.42412e-18 2.11174e-18 1.30182e-18 8.02207e-19 4.94139e-19 3.04259e-19 1.87272e-19 1.15223e-19 7.08682e-20 4.35719e-20 2.678e-20 1.64538e-20 1.0106e-20 6.20506e-21 3.80868e-21 2.33704e-21 1.43358e-21 8.79119e-22 5.38944e-22 3.30302e-22 2.02374e-22 1.23959e-22 7.59062e-23 4.64686e-23 2.84397e-23 1.74011e-23 1.06443e-23 6.50948e-24 3.97985e-24 2.43265e-24 1.48658e-24 9.08224e-25 5.54748e-25 3.38765e-25 2.06825e-25 1.26244e-25 7.70407e-26 4.70043e-26 2.86722e-26 1.74861e-26 1.06619e-26 6.49963e-27 3.96145e-27 2.41398e-27
1.1632e-06 2.68612e-07 1.83087e-07 1.2376e-07 8.30616e-08 5.54017e-08 3.67512e-08 2.42611e-08 1.59464e-08 1.04403e-08 6.81107e-09 4.42903e-09 2.8715e-09 1.8566e-09 1.19736e-09 7.70381e-10 4.94576e-10 3.16861e-10 2.02614e-10 1.29325e-10 8.24055e-11 5.24241e-11 3.33e-11 2.11217e-11 1.33789e-11 8.46337e-12 5.3472e-12 3.37438e-12 2.12701e-12 1.33929e-12 8.42413e-13 5.29351e-13 3.32312e-13 2.08425e-13 1.30607e-13 8.17735e-14 5.11566e-14 3.19775e-14 1.99735e-14 1.24665e-14 7.77534e-15 4.84612e-15 3.0184e-15 1.87878e-15 1.16869e-15 7.26537e-16 4.51395e-16 2.80287e-16 1.73943e-16 1.07887e-16 6.68811e-17 4.14392e-17 2.56625e-17 1.58845e-17 9.82738e-18 6.07714e-18 3.75632e-18 2.32077e-18 1.43322e-18 8.84722e-19 5.4591e-19 3.36712e-19 2.07598e-19 1.27944e-19 7.88223e-20 4.8542e-20 2.98832e-20 1.839e-20 1.13132e-20 6.95726e-21 4.27706e-21 2.62851e-21 1.61485e-21 9.91788e-22 6.08933e-22 3.73755e-22 2.29337e-22 1.4068e-22 8.62715e-23 5.28905e-23 3.24165e-23 1.98626e-23 1.21671e-23 7.4512e-24 4.56195e-24 2.7923e-24 1.7087e-24 1.04535e-24 6.39367e-25 3.90962e-25 2.3901e-25 1.46082e-25 8.92645e-26 5.45333e-26 3.3308e-26 2.03394e-26 1.24176e-26 7.57951e-27 4.62546e-27 2.82214e-27 1.72153e-27
6.82628e-07 1.61454e-07 1.10567e-07 7.50622e-08 5.05793e-08 3.38618e-08 2.25412e-08 1.49297e-08 9.84394e-09 6.46431e-09 4.22938e-09 2.75786e-09 1.79281e-09 1.16215e-09 7.51375e-10 4.84612e-10 3.11852e-10 2.00255e-10 1.28339e-10 8.20967e-11 5.24241e-11 3.34208e-11 2.12727e-11 1.35202e-11 8.5809e-12 5.43876e-12 3.4428e-12 2.17668e-12 1.37459e-12 8.67091e-13 5.46379e-13 3.43937e-13 2.1629e-13 1.35889e-13 8.52971e-14 5.34941e-14 3.35205e-14 2.09875e-14 1.31301e-14 8.20818e-15 5.1275e-15 3.20077e-15 1.99666e-15 1.2447e-15 7.75426e-16 4.82774e-16 3.00388e-16 1.86794e-16 1.1609e-16 7.21073e-17 4.47639e-17 2.77745e-17 1.72242e-17 1.06761e-17 6.6141e-18 4.09564e-18 2.53495e-18 1.56826e-18 9.69779e-19 5.99429e-19 3.70355e-19 2.28727e-19 1.41201e-19 8.71341e-20 5.37487e-20 3.31422e-20 2.04283e-20 1.25871e-20 7.75285e-21 4.77359e-21 2.93818e-21 1.80787e-21 1.11201e-21 6.83772e-22 4.20315e-22 2.58287e-22 1.58671e-22 9.74451e-23 5.98266e-23 3.672e-23 2.25313e-23 1.38213e-23 8.47596e-24 5.19652e-24 3.18508e-24 1.9517e-24 1.19562e-24 7.32261e-25 4.48361e-25 2.74462e-25 1.6797e-25 1.02773e-25 6.28671e-26 3.84474e-26 2.35078e-26 1.43701e-26 8.78234e-27 5.3662e-27 3.27816e-27 2.00217e-27 1.22259e-27
4.00602e-07 9.69906e-08 6.67319e-08 4.54962e-08 3.07774e-08 2.06804e-08 1.3814e-08 9.17923e-09 6.07107e-09 3.99852e-09 2.6235e-09 1.71537e-09 1.11804e-09 7.26588e-10 4.7092e-10 3.04452e-10 1.96372e-10 1.26385e-10 8.11758e-11 5.20387e-11 3.33e-11 2.12727e-11 1.35676e-11 8.64016e-12 5.4943e-12 3.48903e-12 2.21273e-12 1.40155e-12 8.86689e-13 5.60321e-13 3.53693e-13 2.23029e-13 1.40494e-13 8.84164e-14 5.55909e-14 3.49208e-14 2.19174e-14 1.37446e-14 8.61237e-15 5.39232e-15 3.37366e-15 2.10917e-15 1.31769e-15 8.22655e-16 5.13256e-16 3.20015e-16 1.99404e-16 1.24175e-16 7.7282e-17 4.80698e-17 2.98829e-17 1.85668e-17 1.15298e-17 7.15618e-18 4.43938e-18 2.75264e-18 1.70596e-18 1.05678e-18 6.54336e-19 4.04971e-19 2.50529e-19 1.54919e-19 9.57575e-20 5.91647e-20 3.65409e-20 2.25593e-20 1.39222e-20 8.58865e-21 5.29643e-21 3.26502e-21 2.01203e-21 1.23946e-21 7.63282e-22 4.69885e-22 2.89173e-22 1.77903e-22 1.09414e-22 6.72711e-23 4.13478e-23 2.54066e-23 1.56068e-23 9.58423e-24 5.88405e-24 3.6114e-24 2.21593e-24 1.35931e-24 8.3362e-25 5.11098e-25 3.13277e-25 1.91975e-25 1.17612e-25 7.20365e-26 4.41113e-26 2.7005e-26 1.65286e-26 1.01142e-26 6.18764e-27 3.78463e-27 2.31433e-27 1.41493e-27 8.64869e-28
2.35095e-07 5.82343e-08 4.02519e-08 2.75584e-08 1.87152e-08 1.26208e-08 8.45897e-09 5.63889e-09 3.74086e-09 2.47095e-09 1.62575e-09 1.06583e-09 6.96474e-10 4.53749e-10 2.94796e-10 1.91033e-10 1.23497e-10 7.96589e-11 5.12746e-11 3.29395e-11 2.11217e-11 1.35202e-11 8.64016e-12 5.51291e-12 3.51233e-12 2.23459e-12 1.41977e-12 9.00907e-13 5.70967e-13 3.61438e-13 2.28544e-13 1.44357e-13 9.10874e-14 5.7418e-14 3.61595e-14 2.27509e-14 1.43017e-14 8.98273e-15 5.63728e-15 3.53496e-15 2.21495e-15 1.38682e-15 8.67681e-16 5.42497e-16 3.38953e-16 2.11638e-16 1.3206e-16 8.23529e-17 5.13244e-17 3.19678e-17 1.99e-17 1.23809e-17 7.69867e-18 4.78464e-18 2.97207e-18 1.84523e-18 1.14506e-18 7.1023e-19 4.40318e-19 2.72857e-19 1.6901e-19 1.0464e-19 6.47587e-20 4.00606e-20 2.47719e-20 1.53119e-20 9.46079e-21 5.84332e-21 3.60769e-21 2.22658e-21 1.3737e-21 8.47211e-22 5.22325e-22 3.21916e-22 1.98335e-22 1.22155e-22 7.52121e-23 4.6294e-23 2.84858e-23 1.75226e-23 1.07756e-23 6.62449e-24 4.07137e-24 2.50152e-24 1.53655e-24 9.43563e-25 5.79265e-25 3.55523e-25 2.18145e-25 1.33817e-25 8.20665e-26 5.03168e-26 3.08427e-26 1.89011e-26 1.15803e-26 7.09332e-27 4.34389e-27 2.65955e-27 1.62795e-27 9.96272e-28 6.09565e-28
1.37966e-07 3.49467e-08 2.4266e-08 1.66828e-08 1.13729e-08 7.69677e-09 5.1759e-09 3.46122e-09 2.30306e-09 1.52559e-09 1.00649e-09 6.61585e-10 4.33411e-10 2.83056e-10 1.84334e-10 1.19726e-10 7.75724e-11 5.01451e-11 3.23457e-11 2.08224e-11 1.33789e-11 8.5809e-12 5.4943e-12 3.51233e-12 2.24192e-12 1.42895e-12 9.09527e-13 5.78156e-13 3.67055e-13 2.32753e-13 1.47422e-13 9.3272e-14 5.89497e-14 3.72195e-14 2.34767e-14 1.47943e-14 9.31444e-15 5.85923e-15 3.68262e-15 2.31271e-15 1.45124e-15 9.09975e-16 5.70161e-16 3.56988e-16 2.23362e-16 1.3966e-16 8.72669e-17 5.44944e-17 3.40083e-17 2.12108e-17 1.32214e-17 8.2366e-18 5.12836e-18 3.19135e-18 1.98492e-18 1.23392e-18 7.66678e-19 4.76132e-19 2.95552e-19 1.83374e-19 1.13722e-19 7.04948e-20 4.36798e-20 2.70532e-20 1.67485e-20 1.03647e-20 6.41155e-21 3.9646e-21 2.45059e-21 1.51418e-21 9.35242e-22 5.7745e-22 3.56411e-22 2.19906e-22 1.35636e-22 8.36308e-23 5.15485e-23 3.17633e-23 1.95658e-23 1.20486e-23 7.4172e-24 4.56472e-24 2.80841e-24 1.72735e-24 1.06213e-24 6.52905e-25 4.0124e-25 2.46514e-25 1.51412e-25 9.29754e-26 5.70771e-26 3.50304e-26 2.14941e-26 1.31852e-26 8.08626e-27 4.95798e-27 3.0392e-27 1.86257e-27 1.14121e-27 6.99073e-28 4.28136e-28
8.09659e-08 2.09615e-08 1.46211e-08 1.00933e-08 6.90676e-09 4.69068e-09 3.16476e-09 2.1229e-09 1.41672e-09 9.41095e-10 6.22549e-10 4.1027e-10 2.69441e-10 1.76392e-10 1.15139e-10 7.49525e-11 4.86693e-11 3.15285e-11 2.03796e-11 1.31459e-11 8.46337e-12 5.43876e-12 3.48903e-12 2.23459e-12 1.42895e-12 9.12416e-13 5.81779e-13 3.70459e-13 2.35595e-13 1.49644e-13 9.49389e-14 6.01644e-14 3.80861e-14 2.40848e-14 1.52155e-14 9.60309e-15 6.05528e-15 3.81478e-15 2.40121e-15 1.51018e-15 9.49026e-16 5.95921e-16 3.73914e-16 2.34442e-16 1.4689e-16 9.19708e-17 5.75463e-17 3.59835e-17 2.24861e-17 1.4043e-17 8.76485e-18 5.46736e-18 3.40851e-18 2.1238e-18 1.3226e-18 8.23215e-19 5.12127e-19 3.18438e-19 1.97907e-19 1.22939e-19 7.63338e-20 4.73747e-20 2.93888e-20 1.82234e-20 1.12952e-20 6.998e-21 4.33389e-21 2.68293e-21 1.66024e-21 1.02699e-21 6.35032e-22 3.92525e-22 2.42539e-22 1.4981e-22 9.2502e-23 5.70969e-23 3.52312e-23 2.17321e-23 1.34009e-23 8.26091e-24 5.09081e-24 3.13627e-24 1.93156e-24 1.18926e-24 7.32008e-25 4.50435e-25 2.77093e-25 1.70412e-25 1.04774e-25 6.4401e-26 3.95746e-26 2.43124e-26 1.49323e-26 9.16891e-27 5.6286e-27 3.45443e-27 2.11957e-27 1.30022e-27 7.97413e-28 4.88934e-28 2.99721e-28
4.75151e-08 1.25671e-08 8.80522e-09 6.1032e-09 4.19197e-09 2.85682e-09 1.93372e-09 1.3011e-09 8.7081e-10 5.80059e-10 3.84734e-10 2.5419e-10 1.67346e-10 1.09813e-10 7.18441e-11 4.68726e-11 3.05018e-11 1.98009e-11 1.28252e-11 8.28948e-12 5.3472e-12 3.4428e-12 2.21273e-12 1.41977e-12 9.09527e-13 5.81779e-13 3.716e-13 2.37027e-13 1.50991e-13 9.60638e-14 6.10448e-14 3.8747e-14 2.45668e-14 1.55596e-14 9.84482e-15 6.22286e-15 3.92971e-15 2.47934e-15 1.56289e-15 9.84356e-16 6.19468e-16 3.89528e-16 2.44751e-16 1.53669e-16 9.64126e-17 6.04471e-17 3.78723e-17 2.37126e-17 1.48374e-17 9.27821e-18 5.79838e-18 3.62152e-18 2.2606e-18 1.41031e-18 8.79356e-19 5.48003e-19 3.41331e-19 2.12494e-19 1.32221e-19 8.22328e-20 5.1119e-20 3.17628e-20 1.97269e-20 1.22463e-20 7.59912e-21 4.71343e-21 2.92233e-21 1.81111e-21 1.12199e-21 6.94803e-22 4.30099e-22 2.66141e-22 1.64624e-22 1.01794e-22 6.29206e-23 3.88789e-23 2.40152e-23 1.48291e-23 9.15372e-24 5.64861e-24 3.48455e-24 2.1489e-24 1.32481e-24 8.16503e-25 5.03077e-25 3.09873e-25 1.90813e-25 1.17466e-25 7.22923e-26 4.4479e-26 2.7359e-26 1.68241e-26 1.03431e-26 6.35703e-27 3.90616e-27 2.39959e-27 1.47373e-27 9.04886e-28 5.55476e-28 3.40907e-28 2.09172e-28
2.78844e-08 7.53101e-09 5.30016e-09 3.68851e-09 2.5428e-09 1.73884e-09 1.18076e-09 7.96866e-10 5.34857e-10 3.57246e-10 2.37567e-10 1.57351e-10 1.03842e-10 6.83001e-11 4.47852e-11 2.92826e-11 1.90958e-11 1.2422e-11 8.06207e-12 5.2211e-12 3.37438e-12 2.17668e-12 1.40155e-12 9.00907e-13 5.78156e-13 3.70459e-13 2.37027e-13 1.51442e-13 9.66304e-14 6.15781e-14 3.91929e-14 2.49161e-14 1.5822e-14 1.00364e-14 6.35972e-15 4.02592e-15 2.54608e-15 1.60871e-15 1.01552e-15 6.40512e-16 4.03645e-16 2.54167e-16 1.59918e-16 1.00542e-16 6.31645e-17 3.96542e-17 2.48773e-17 1.55964e-17 9.77146e-18 6.11811e-18 3.8283e-18 2.39404e-18 1.49624e-18 9.34594e-19 5.83447e-19 3.64035e-19 2.27014e-19 1.41494e-19 8.8146e-20 5.48848e-20 3.41579e-20 2.12484e-20 1.32117e-20 8.21101e-21 5.10084e-21 3.16737e-21 1.96594e-21 1.21973e-21 7.56448e-22 4.68945e-22 2.906e-22 1.80012e-22 1.11467e-22 6.89968e-23 4.26929e-23 2.64076e-23 1.63287e-23 1.00931e-23 6.23664e-24 3.85243e-24 2.37891e-24 1.46853e-24 9.0626e-25 5.59099e-25 3.4482e-25 2.12602e-25 1.31044e-25 8.07494e-26 4.97438e-26 3.0635e-26 1.88616e-26 1.16097e-26 7.14411e-27 4.39503e-27 2.70311e-27 1.66209e-27 1.02173e-27 6.27931e-28 3.85817e-28 2.36999e-28 1.45549e-28
1.63641e-08 4.51113e-09 3.18885e-09 2.22805e-09 1.54158e-09 1.05774e-09 7.20527e-10 4.87714e-10 3.28277e-10 2.19854e-10 1.46577e-10 9.7324e-11 6.438e-11 4.24419e-11 2.78914e-11 1.82759e-11 1.1943e-11 7.78483e-12 5.06248e-12 3.28486e-12 2.12701e-12 1.37459e-12 8.86689e-13 5.70967e-13 3.67055e-13 2.35595e-13 1.50991e-13 9.66304e-14 6.17568e-14 3.94175e-14 2.51276e-14 1.5999e-14 1.01751e-14 6.46402e-15 4.10211e-15 2.60057e-15 1.64703e-15 1.04214e-15 6.58792e-16 4.16091e-16 2.62577e-16 1.65564e-16 1.0431e-16 6.56677e-17 4.13094e-17 2.59675e-17 1.63118e-17 1.02394e-17 6.4233e-18 4.02679e-18 2.52281e-18 1.57958e-18 9.88417e-19 6.18136e-19 3.86349e-19 2.41343e-19 1.5068e-19 9.40253e-20 5.86422e-20 3.65559e-20 2.27767e-20 1.41845e-20 8.82942e-21 5.49353e-21 3.41645e-21 2.12376e-21 1.31962e-21 8.19617e-22 5.08852e-22 3.15788e-22 1.95897e-22 1.21476e-22 7.52984e-23 4.66573e-23 2.88996e-23 1.78941e-23 1.10757e-23 6.85304e-24 4.23883e-24 2.62098e-24 1.62008e-24 1.00108e-24 6.18393e-25 3.81877e-25 2.35748e-25 1.45493e-25 8.97647e-26 5.53659e-26 3.41392e-26 2.10447e-26 1.29691e-26 7.99018e-27 4.92137e-27 3.0304e-27 1.86552e-27 1.14812e-27 7.06424e-28 4.34543e-28 2.67235e-28 1.64304e-28 1.00995e-28
9.60331e-09 2.70109e-09 1.91772e-09 1.34519e-09 9.34095e-10 6.43061e-10 4.39415e-10 2.98307e-10 2.01347e-10 1.35203e-10 9.03685e-11 6.01483e-11 3.98812e-11 2.63507e-11 1.73546e-11 1.13957e-11 7.46221e-12 4.87387e-12 3.17566e-12 2.0645e-12 1.33929e-12 8.67091e-13 5.60321e-13 3.61438e-13 2.32753e-13 1.49644e-13 9.60638e-14 6.15781e-14 3.94175e-14 2.51985e-14 1.60882e-14 1.02591e-14 6.53436e-15 4.15728e-15 2.64208e-15 1.67738e-15 1.06385e-15 6.74079e-16 4.26712e-16 2.69879e-16 1.70539e-16 1.07674e-16 6.79277e-17 4.28191e-17 2.69709e-17 1.69758e-17 1.06771e-17 6.71074e-18 4.21494e-18 2.64561e-18 1.65951e-18 1.04031e-18 6.51744e-19 4.0807e-19 2.55353e-19 1.59698e-19 9.98208e-20 6.23603e-20 3.89373e-20 2.42997e-20 1.51572e-20 9.44983e-21 5.88871e-21 3.66786e-21 2.28353e-21 1.42104e-21 8.8392e-22 5.49584e-22 3.41563e-22 2.12192e-22 1.31769e-22 8.17941e-23 5.07532e-23 3.14803e-23 1.95187e-23 1.20977e-23 7.49549e-24 4.6424e-24 2.87431e-24 1.779e-24 1.10071e-24 6.80811e-25 4.20959e-25 2.60204e-25 1.60788e-25 9.93246e-26 6.1338e-26 3.78681e-26 2.33716e-26 1.44205e-26 8.89501e-27 5.48519e-27 3.38157e-27 2.08413e-27 1.28416e-27 7.91034e-28 4.87147e-28 2.99926e-28 1.84611e-28 1.13604e-28 6.98917e-29
5.63573e-09 1.61667e-09 1.15279e-09 8.11787e-10 5.65712e-10 3.90739e-10 2.67822e-10 1.82344e-10 1.23413e-10 8.30877e-11 5.56736e-11 3.71445e-11 2.46854e-11 1.63466e-11 1.07891e-11 7.09932e-12 4.65824e-12 3.04848e-12 1.99011e-12 1.2962e-12 8.42413e-13 5.46379e-13 3.53693e-13 2.28544e-13 1.47422e-13 9.49389e-14 6.10448e-14 3.91929e-14 2.51276e-14 1.60882e-14 1.02872e-14 6.56977e-15 4.19068e-15 2.67007e-15 1.69934e-15 1.08039e-15 6.86177e-16 4.35376e-16 2.75981e-16 1.74782e-16 1.10593e-16 6.99179e-17 4.41659e-17 2.78763e-17 1.75811e-17 1.10797e-17 6.97733e-18 4.39078e-18 2.76117e-18 1.73521e-18 1.08975e-18 6.83946e-19 4.28991e-19 2.68913e-19 1.68469e-19 1.05481e-19 6.60069e-20 4.12824e-20 2.58052e-20 1.61222e-20 1.00674e-20 6.28343e-21 3.91979e-21 2.44412e-21 1.52327e-21 9.48934e-22 5.90881e-22 3.67768e-22 2.28803e-22 1.42287e-22 8.84487e-23 5.49594e-23 3.41366e-23 2.11949e-23 1.31545e-23 8.16126e-24 5.06151e-24 3.13795e-24 1.94473e-24 1.20481e-24 7.46163e-25 4.61957e-25 2.85907e-25 1.76892e-25 1.09409e-25 6.76492e-26 4.18156e-26 2.58393e-26 1.59623e-26 9.85782e-27 6.08613e-27 3.75646e-27 2.31789e-27 1.42985e-27 8.81792e-28 5.4366e-28 3.351e-28 2.06494e-28 1.27213e-28 7.83507e-29 4.82444e-29
3.30735e-09 9.67246e-10 6.9268e-10 4.8967e-10 3.42442e-10 2.37298e-10 1.63144e-10 1.11393e-10 7.55967e-11 5.10265e-11 3.42749e-11 2.29216e-11 1.52678e-11 1.01325e-11 6.70183e-12 4.41895e-12 2.9053e-12 1.905e-12 1.24598e-12 8.13031e-13 5.29351e-13 3.43937e-13 2.23029e-13 1.44357e-13 9.3272e-14 6.01644e-14 3.8747e-14 2.49161e-14 1.5999e-14 1.02591e-14 6.56977e-15 4.20187e-15 2.68415e-15 1.71264e-15 1.09154e-15 6.94931e-16 4.41972e-16 2.8081e-16 1.78242e-16 1.13032e-16 7.16147e-17 4.53339e-17 2.86732e-17 1.81207e-17 1.14427e-17 7.22017e-18 4.55242e-18 2.86828e-18 1.8059e-18 1.13624e-18 7.14422e-19 4.48909e-19 2.81895e-19 1.76908e-19 1.10956e-19 6.95498e-20 4.35707e-20 2.72804e-20 1.70715e-20 1.06773e-20 6.6746e-21 4.17031e-21 2.60434e-21 1.62561e-21 1.01421e-21 6.32466e-22 3.9423e-22 2.45623e-22 1.52967e-22 9.52233e-23 5.92524e-23 3.68545e-23 2.29139e-23 1.42409e-23 8.84723e-24 5.49429e-24 3.41078e-24 2.11659e-24 1.313e-24 8.14214e-25 5.04733e-25 3.12778e-25 1.93761e-25 1.19992e-25 7.42843e-26 4.59731e-26 2.84429e-26 1.75919e-26 1.08772e-26 6.72345e-27 4.1547e-27 2.56662e-27 1.58511e-27 9.78673e-28 6.0408e-28 3.72763e-28 2.29961e-28 1.41828e-28 8.74493e-29 5.39062e-29 3.32209e-29
1.94093e-09 5.78488e-10 4.16048e-10 2.9524e-10 2.07193e-10 1.44039e-10 9.93257e-11 6.80101e-11 4.62784e-11 3.13166e-11 2.10867e-11 1.41348e-11 9.43613e-12 6.27585e-12 4.15965e-12 2.74829e-12 1.81046e-12 1.18939e-12 7.79385e-13 5.09492e-13 3.32312e-13 2.1629e-13 1.40494e-13 9.10874e-14 5.89497e-14 3.80861e-14 2.45668e-14 1.5822e-14 1.01751e-14 6.53436e-15 4.19068e-15 2.68415e-15 1.71709e-15 1.09715e-15 7.0023e-16 4.46416e-16 2.84303e-16 1.80875e-16 1.14961e-16 7.29976e-17 4.63093e-17 2.93523e-17 1.85885e-17 1.1762e-17 7.43655e-18 4.69808e-18 2.96578e-18 1.87084e-18 1.1793e-18 7.42862e-19 4.67625e-19 2.94171e-19 1.84937e-19 1.16192e-19 7.29563e-20 4.57816e-20 2.87123e-20 1.79969e-20 1.12743e-20 7.05902e-21 4.41744e-21 2.76296e-21 1.72726e-21 1.07926e-21 6.74044e-22 4.20769e-22 2.62542e-22 1.63741e-22 1.02076e-22 6.36062e-23 3.96179e-23 2.46662e-23 1.5351e-23 9.54984e-24 5.9386e-24 3.69152e-24 2.29383e-24 1.4248e-24 8.84689e-25 5.49124e-25 3.40719e-25 2.11336e-25 1.31039e-25 8.12238e-26 5.03295e-26 3.11761e-26 1.93055e-26 1.19511e-26 7.39601e-27 4.57569e-27 2.82999e-27 1.74979e-27 1.08159e-27 6.68367e-28 4.129e-28 2.55009e-28 1.57452e-28 9.71902e-29 5.99767e-29 3.70024e-29 2.28226e-29
