0.242118 0.109062 0.0491272 0.0221294 0.00996818 0.00449017 0.0020226 0.000911081 0.000410397 0.000184863 8.32718e-05 3.75098e-05 1.68963e-05 7.61095e-06 3.42836e-06 1.54431e-06 6.95633e-07 3.13348e-07 1.41148e-07 6.35801e-08 2.86397e-08 1.29008e-08 5.81115e-09 2.61764e-09 1.17912e-09 5.31133e-10 2.39249e-10 1.0777e-10 4.8545e-11 2.18671e-11 9.85005e-12 4.43696e-12 1.99863e-12 9.00284e-13 4.05533e-13 1.82673e-13 8.2285e-14 3.70653e-14 1.66961e-14 7.52076e-15 3.38773e-15 1.526e-15 6.87389e-16 3.09635e-16 1.39475e-16 6.28267e-17 2.83003e-17 1.27479e-17 5.74229e-18 2.58662e-18 1.16514e-18 5.24839e-19 2.36414e-19 1.06493e-19 4.79697e-20 2.1608e-20 9.73332e-21 4.38438e-21 1.97495e-21 8.89615e-22 4.00728e-22 1.80508e-22 8.13099e-23 3.66261e-23 1.64982e-23 7.43164e-24 3.34758e-24 1.50792e-24 6.79244e-25 3.05966e-25 1.37822e-25 6.20821e-26 2.79649e-26 1.25968e-26 5.67424e-27 2.55596e-27 1.15134e-27 5.18619e-28 2.33612e-28 1.05231e-28 4.74013e-29 2.13519e-29 9.61798e-30 4.33242e-30 1.95154e-30 8.79073e-31 3.95979e-31 1.78369e-31 8.03463e-32 3.6192e-32 1.63027e-32 7.34357e-33 3.30791e-33 1.49005e-33 6.71194e-34 3.0234e-34 1.36189e-34 6.13464e-35 2.76335e-35 1.24475e-35 5.607e-36
0.109062 0.0636268 0.035192 0.0187943 0.00979115 0.00500739 0.00252448 0.00125828 0.000621354 0.000304466 0.000148218 7.17516e-05 3.45669e-05 1.65825e-05 7.92539e-06 3.77531e-06 1.79307e-06 8.49349e-07 4.01355e-07 1.89243e-07 8.90523e-08 4.18288e-08 1.96144e-08 9.18331e-09 4.29339e-09 2.00457e-09 9.34768e-10 4.35394e-10 2.02578e-10 9.41583e-11 4.37232e-11 2.0285e-11 9.40311e-12 4.35532e-12 2.01577e-12 9.32292e-13 4.30891e-13 1.99023e-13 9.18696e-14 4.23826e-14 1.95416e-14 9.00542e-15 4.14788e-15 1.90958e-15 8.78714e-16 4.0417e-16 1.85821e-16 8.53979e-17 3.9231e-17 1.80155e-17 8.26999e-18 3.79499e-18 1.74089e-18 7.98342e-19 3.65991e-19 1.67733e-19 7.68496e-20 3.51998e-20 1.61184e-20 7.37879e-21 3.37706e-21 1.54519e-21 7.06843e-22 3.23267e-22 1.47809e-22 6.75688e-23 3.08814e-23 1.4111e-23 6.44663e-24 2.94456e-24 1.3447e-24 6.13976e-25 2.80283e-25 1.27929e-25 5.83798e-26 2.6637e-26 1.21517e-26 5.5427e-27 2.52777e-27 1.15263e-27 5.25503e-28 2.39552e-28 1.09185e-28 4.97583e-29 2.26731e-29 1.033e-29 4.70579e-30 2.14344e-30 9.76195e-31 4.44539e-31 2.0241e-31 9.21521e-32 4.19497e-32 1.90944e-32 8.69031e-33 3.95475e-33 1.79952e-33 8.18752e-34 3.72481e-34 1.69439e-34 7.70694e-35
0.0491272 0.035192 0.0226047 0.0136151 0.00785539 0.00439372 0.00240015 0.00128689 0.000679613 0.000354413 0.000182866 9.34945e-05 4.74234e-05 2.38878e-05 1.19586e-05 5.95388e-06 2.94968e-06 1.45483e-06 7.14646e-07 3.49756e-07 1.70596e-07 8.29506e-08 4.02181e-08 1.94477e-08 9.38077e-09 4.5145e-09 2.16793e-09 1.03898e-09 4.9699e-10 2.37311e-10 1.13125e-10 5.38415e-11 2.55874e-11 1.21429e-11 5.75488e-12 2.72395e-12 1.28776e-12 6.08097e-13 2.86836e-13 1.35158e-13 6.36228e-14 2.99206e-14 1.40582e-14 6.59947e-15 3.09544e-15 1.45073e-15 6.79381e-16 3.17919e-16 1.48665e-16 6.94704e-17 3.24416e-17 1.514e-17 7.06127e-18 3.29138e-18 1.53329e-18 7.13882e-19 3.32196e-19 1.54503e-19 7.18221e-20 3.33708e-20 1.54978e-20 7.19404e-21 3.33796e-21 1.54811e-21 7.17695e-22 3.32583e-22 1.54059e-22 7.13356e-23 3.30189e-23 1.52778e-23 7.06647e-24 3.26734e-24 1.51022e-24 6.97818e-25 3.22333e-25 1.48844e-25 6.87112e-26 3.17098e-26 1.46296e-26 6.74759e-27 3.11132e-27 1.43424e-27 6.60978e-28 3.04536e-28 1.40275e-28 6.45974e-29 2.97403e-29 1.3689e-29 6.2994e-30 2.8982e-30 1.33309e-30 6.13053e-31 2.81867e-31 1.29568e-31 5.95479e-32 2.73619e-32 1.25702e-32 5.77368e-33 2.65144e-33 1.2174e-33 5.58859e-34
0.0221294 0.0187943 0.0136151 0.00903291 0.00566013 0.00340529 0.00198668 0.00113131 0.000631682 0.000346989 0.000187985 0.000100639 5.33235e-05 2.79974e-05 1.45818e-05 7.53999e-06 3.87355e-06 1.97831e-06 1.00498e-06 5.08031e-07 2.55666e-07 1.28131e-07 6.39696e-08 3.18234e-08 1.5779e-08 7.7996e-09 3.84422e-09 1.88958e-09 9.26439e-10 4.53132e-10 2.21131e-10 1.07682e-10 5.23311e-11 2.53828e-11 1.22893e-11 5.93968e-12 2.86603e-12 1.38075e-12 6.64193e-13 3.19045e-13 1.53043e-13 7.33166e-14 3.50788e-14 1.67634e-14 8.00157e-15 3.81509e-15 1.81705e-15 8.64534e-16 4.10927e-16 1.95134e-16 9.25757e-17 4.38808e-17 2.07816e-17 9.83378e-18 4.64957e-18 2.19668e-18 1.03703e-18 4.89218e-19 2.30624e-19 1.08645e-19 5.11473e-20 2.40634e-20 1.13141e-20 5.31638e-21 2.49664e-21 1.17178e-21 5.4966e-22 2.57694e-22 1.2075e-22 5.65512e-23 2.64716e-23 1.23853e-23 5.79194e-24 2.70732e-24 1.26491e-24 5.90726e-25 2.75756e-25 1.28671e-25 6.00148e-26 2.79808e-26 1.30404e-26 6.07515e-27 2.82917e-27 1.31704e-27 6.12896e-28 2.85115e-28 1.32588e-28 6.16371e-29 2.86443e-29 1.33074e-29 6.18031e-30 2.86941e-30 1.33182e-30 6.1797e-31 2.86657e-31 1.32934e-31 6.16289e-32 2.85638e-32 1.32352e-32 6.13095e-33 2.83932e-33
0.00996818 0.00979115 0.00785539 0.00566013 0.00380733 0.00243942 0.00150672 0.000904168 0.000530025 0.000304709 0.000172308 9.60638e-05 5.28982e-05 2.88132e-05 1.55431e-05 8.31231e-06 4.41077e-06 2.32397e-06 1.21659e-06 6.33125e-07 3.27698e-07 1.68763e-07 8.65094e-08 4.41542e-08 2.24456e-08 1.13673e-08 5.73652e-09 2.88538e-09 1.44679e-09 7.23322e-10 3.60623e-10 1.79322e-10 8.89477e-11 4.40159e-11 2.17325e-11 1.07073e-11 5.26463e-12 2.58352e-12 1.26546e-12 6.18748e-13 3.02024e-13 1.47184e-13 7.16148e-14 3.4793e-14 1.68794e-14 8.17745e-15 3.9564e-15 1.91172e-15 9.22591e-16 4.44709e-16 2.14112e-16 1.02973e-16 4.94695e-17 2.3741e-17 1.13821e-17 5.4516e-18 2.60864e-18 1.24712e-18 5.95681e-19 2.8428e-19 1.35555e-19 6.45852e-20 3.07473e-20 1.46268e-20 6.95291e-21 3.3027e-21 1.56771e-21 7.43643e-22 3.52511e-22 1.66993e-22 7.90581e-23 3.74048e-23 1.76866e-23 8.35811e-24 3.9475e-24 1.86334e-24 8.79071e-25 4.14499e-25 1.95343e-25 9.20129e-26 4.33195e-26 2.03848e-26 9.58788e-27 4.5075e-27 2.11812e-27 9.94884e-28 4.67093e-28 2.19204e-28 1.02828e-28 4.82166e-29 2.25999e-29 1.05888e-29 4.95925e-30 2.32179e-30 1.08659e-30 5.08339e-31 2.3773e-31 1.11138e-31 5.19388e-32 2.42647e-32 1.13322e-32
0.00449017 0.00500739 0.00439372 0.00340529 0.00243942 0.00165315 0.00107448 0.000675794 0.000413848 0.00024787 0.00014569 8.42549e-05 4.80417e-05 2.70538e-05 1.5067e-05 8.30825e-06 4.54046e-06 2.46126e-06 1.32432e-06 7.07735e-07 3.75862e-07 1.9846e-07 1.04228e-07 5.44663e-08 2.83301e-08 1.46715e-08 7.56708e-09 3.88789e-09 1.99034e-09 1.01545e-09 5.16405e-10 2.61814e-10 1.32354e-10 6.67249e-11 3.35505e-11 1.68278e-11 8.42019e-12 4.20368e-12 2.09408e-12 1.04101e-12 5.16478e-13 2.55752e-13 1.26412e-13 6.23727e-14 3.0723e-14 1.51087e-14 7.41833e-15 3.63688e-15 1.78041e-15 8.70356e-16 4.24897e-16 2.07157e-16 1.0087e-16 4.90562e-17 2.38291e-17 1.15616e-17 5.60332e-18 2.71269e-18 1.3119e-18 6.33805e-19 3.05901e-19 1.47499e-19 7.10541e-20 3.41975e-20 1.64443e-20 7.90066e-21 3.79268e-21 1.81918e-21 8.71882e-22 4.17546e-22 1.99812e-22 9.55477e-23 4.56568e-23 2.18015e-23 1.04033e-23 4.96094e-24 2.36414e-24 1.12592e-24 5.3588e-25 2.54897e-25 1.21172e-25 5.75689e-26 2.73354e-26 1.29724e-26 6.15287e-27 2.91677e-27 1.38198e-27 6.5445e-28 3.09766e-28 1.46547e-28 6.92963e-29 3.27521e-29 1.54727e-29 7.30626e-30 3.4485e-30 1.62696e-30 7.67247e-31 3.61669e-31 1.70415e-31 8.02652e-32 3.77898e-32
0.0020226 0.00252448 0.00240015 0.00198668 0.00150672 0.00107448 0.000731568 0.000480275 0.000306107 0.000190351 0.00011592 6.93322e-05 4.08211e-05 2.37034e-05 1.35949e-05 7.71142e-06 4.33063e-06 2.41004e-06 1.33013e-06 7.28556e-07 3.96266e-07 2.14139e-07 1.15025e-07 6.14408e-08 3.26476e-08 1.72632e-08 9.08649e-09 4.76207e-09 2.48559e-09 1.29239e-09 6.69542e-10 3.45674e-10 1.77884e-10 9.12548e-11 4.66757e-11 2.38068e-11 1.211e-11 6.14424e-12 3.10975e-12 1.57022e-12 7.91068e-13 3.97674e-13 1.99497e-13 9.98801e-14 4.99098e-14 2.48936e-14 1.23941e-14 6.1602e-15 3.0567e-15 1.51431e-15 7.4904e-16 3.69951e-16 1.82454e-16 8.98576e-17 4.41942e-17 2.17072e-17 1.06485e-17 5.21718e-18 2.55306e-18 1.2479e-18 6.09263e-19 2.97134e-19 1.44755e-19 7.04473e-20 3.42494e-20 1.66347e-20 8.07157e-21 3.91286e-21 1.89511e-21 9.17042e-22 4.43371e-22 2.14179e-22 1.03378e-22 4.98574e-23 2.40264e-23 1.15695e-23 5.5669e-24 2.67666e-24 1.28606e-24 6.17486e-25 2.96273e-25 1.42058e-25 6.80701e-26 3.25961e-26 1.55992e-26 7.46055e-27 3.56597e-27 1.70344e-27 8.1325e-28 3.88038e-28 1.85048e-28 8.81972e-29 4.2014e-29 2.00034e-29 9.519e-30 4.5275e-30 2.15233e-30 1.0227e-30 4.85715e-31 2.30573e-31 1.09405e-31
0.000911081 0.00125828 0.00128689 0.00113131 0.000904168 0.000675794 0.000480275 0.000328052 0.000216968 0.000139698 8.79193e-05 5.42553e-05 3.29113e-05 1.96639e-05 1.15914e-05 6.75064e-06 3.88868e-06 2.2179e-06 1.25353e-06 7.02596e-07 3.90785e-07 2.15815e-07 1.18401e-07 6.4559e-08 3.49995e-08 1.88725e-08 1.01252e-08 5.40643e-09 2.87389e-09 1.52122e-09 8.01992e-10 4.21209e-10 2.20424e-10 1.14955e-10 5.97553e-11 3.09651e-11 1.59983e-11 8.24218e-12 4.23473e-12 2.17009e-12 1.10928e-12 5.65672e-13 2.87796e-13 1.46097e-13 7.40065e-14 3.74115e-14 1.88747e-14 9.50438e-15 4.77712e-15 2.39681e-15 1.20047e-15 6.00272e-16 2.99669e-16 1.49368e-16 7.43388e-17 3.69434e-17 1.83332e-17 9.08535e-18 4.49637e-18 2.22237e-18 1.09704e-18 5.40869e-19 2.66344e-19 1.31005e-19 6.43636e-20 3.15874e-20 1.54853e-20 7.58352e-21 3.71004e-21 1.81323e-21 8.85334e-22 4.31865e-22 2.10469e-22 1.02479e-22 4.98539e-23 2.42319e-23 1.17682e-23 5.71054e-24 2.76881e-24 1.34143e-24 6.4939e-25 3.14136e-25 1.51848e-25 7.33474e-26 3.54042e-26 1.70774e-26 8.23183e-27 3.96535e-27 1.9089e-27 9.18345e-28 4.41527e-28 2.12149e-28 1.01874e-28 4.88909e-29 2.34499e-29 1.1241e-29 5.38552e-30 2.57876e-30 1.23413e-30 5.90309e-31 2.8221e-31
0.000410397 0.000621354 0.000679613 0.000631682 0.000530025 0.000413848 0.000306107 0.000216968 0.000148549 9.88105e-05 6.4133e-05 4.07539e-05 2.5423e-05 1.56025e-05 9.43717e-06 5.63401e-06 3.32403e-06 1.94021e-06 1.12142e-06 6.42349e-07 3.64891e-07 2.05689e-07 1.15121e-07 6.40033e-08 3.53627e-08 1.94247e-08 1.06116e-08 5.76724e-09 3.11918e-09 1.67924e-09 9.00111e-10 4.80489e-10 2.55485e-10 1.3534e-10 7.14401e-11 3.75823e-11 1.97068e-11 1.03016e-11 5.36909e-12 2.79038e-12 1.44624e-12 7.47618e-13 3.855e-13 1.98298e-13 1.01765e-13 5.21077e-14 2.66235e-14 1.35744e-14 6.90713e-15 3.50774e-15 1.77803e-15 8.99616e-16 4.54368e-16 2.29095e-16 1.15319e-16 5.79549e-17 2.90804e-17 1.45698e-17 7.28897e-18 3.64132e-18 1.81655e-18 9.05004e-19 4.5028e-19 2.23748e-19 1.11044e-19 5.50429e-20 2.72519e-20 1.34769e-20 6.65729e-21 3.28494e-21 1.61918e-21 7.97272e-22 3.92172e-22 1.92715e-22 9.46087e-23 4.64018e-23 2.27371e-23 1.11312e-23 5.44453e-24 2.66074e-24 1.2992e-24 6.33853e-25 3.08992e-25 1.50508e-25 7.3254e-26 3.56264e-26 1.73135e-26 8.40777e-27 4.08003e-27 1.97851e-27 9.58765e-28 4.64292e-28 2.24688e-28 1.08664e-28 5.25184e-29 2.53667e-29 1.22447e-29 5.90698e-30 2.8479e-30 1.37224e-30 6.60822e-31
0.000184863 0.000304466 0.000354413 0.000346989 0.000304709 0.00024787 0.000190351 0.000139698 9.88105e-05 6.7773e-05 4.52853e-05 2.95841e-05 1.89494e-05 1.19279e-05 7.39246e-06 4.51808e-06 2.72671e-06 1.62681e-06 9.60456e-07 5.616e-07 3.2547e-07 1.87074e-07 1.06706e-07 6.04318e-08 3.3997e-08 1.90062e-08 1.05633e-08 5.83842e-09 3.21013e-09 1.75632e-09 9.56425e-10 5.18525e-10 2.79934e-10 1.50521e-10 8.06263e-11 4.30298e-11 2.28847e-11 1.21303e-11 6.4093e-12 3.37612e-12 1.77315e-12 9.28643e-13 4.85033e-13 2.52673e-13 1.31296e-13 6.806e-14 3.51978e-14 1.81618e-14 9.3509e-15 4.80433e-15 2.46335e-15 1.26056e-15 6.43827e-16 3.28224e-16 1.67029e-16 8.48514e-17 4.3032e-17 2.17877e-17 1.10138e-17 5.55896e-18 2.80152e-18 1.4098e-18 7.08443e-19 3.55507e-19 1.78158e-19 8.91639e-20 4.45673e-20 2.22485e-20 1.10932e-20 5.52451e-21 2.74807e-21 1.36543e-21 6.77686e-22 3.35984e-22 1.66399e-22 8.23252e-23 4.0689e-23 2.00906e-23 9.91033e-24 4.88397e-24 2.40468e-24 1.1829e-24 5.81368e-25 2.85482e-25 1.40067e-25 6.86646e-26 3.36336e-26 1.64614e-26 8.05042e-27 3.93401e-27 1.92099e-27 9.37329e-28 4.57028e-28 2.22682e-28 1.08423e-28 5.27544e-29 2.5651e-29 1.24641e-29 6.05247e-30 2.93716e-30 1.42446e-30
8.32718e-05 0.000148218 0.000182866 0.000187985 0.000172308 0.00014569 0.00011592 8.79193e-05 6.4133e-05 4.52853e-05 3.11047e-05 2.08607e-05 1.37014e-05 8.83459e-06 5.60356e-06 3.50203e-06 2.15957e-06 1.31561e-06 7.92587e-07 4.7263e-07 2.79185e-07 1.63478e-07 9.49496e-08 5.47305e-08 3.13244e-08 1.78093e-08 1.00622e-08 5.65167e-09 3.15679e-09 1.754e-09 9.69726e-10 5.33596e-10 2.92296e-10 1.59431e-10 8.66066e-11 4.68637e-11 2.52641e-11 1.35714e-11 7.26544e-12 3.87684e-12 2.06219e-12 1.09363e-12 5.78294e-13 3.0494e-13 1.60366e-13 8.41167e-14 4.40114e-14 2.2972e-14 1.19624e-14 6.21521e-15 3.22215e-15 1.66693e-15 8.60597e-16 4.43426e-16 2.28037e-16 1.17052e-16 5.99747e-17 3.06755e-17 1.56629e-17 7.98421e-18 4.0634e-18 2.06474e-18 1.04755e-18 5.30687e-19 2.68455e-19 1.3561e-19 6.84086e-20 3.44626e-20 1.73386e-20 8.71218e-21 4.37216e-21 2.19147e-21 1.09713e-21 5.48625e-22 2.74031e-22 1.36722e-22 6.8141e-23 3.39246e-23 1.68721e-23 8.38268e-24 4.16067e-24 2.0631e-24 1.02202e-24 5.05819e-25 2.5011e-25 1.2356e-25 6.09876e-26 3.00767e-26 1.48201e-26 7.29642e-27 3.58935e-27 1.7643e-27 8.66544e-28 4.25278e-28 2.08558e-28 1.02202e-28 5.00464e-29 2.44893e-29 1.1975e-29 5.85155e-30 2.85741e-30
3.75098e-05 7.17516e-05 9.34945e-05 0.000100639 9.60638e-05 8.42549e-05 6.93322e-05 5.42553e-05 4.07539e-05 2.95841e-05 2.08607e-05 1.43448e-05 9.64993e-06 6.3668e-06 4.12854e-06 2.63578e-06 1.65921e-06 1.03115e-06 6.33344e-07 3.84832e-07 2.31511e-07 1.37994e-07 8.15492e-08 4.78076e-08 2.78176e-08 1.60726e-08 9.22535e-09 5.26228e-09 2.98408e-09 1.68279e-09 9.4397e-10 5.26881e-10 2.92684e-10 1.61852e-10 8.91164e-11 4.88658e-11 2.66895e-11 1.45223e-11 7.87331e-12 4.25376e-12 2.29056e-12 1.22948e-12 6.57901e-13 3.51005e-13 1.86735e-13 9.90698e-14 5.24207e-14 2.76662e-14 1.45653e-14 7.64972e-15 4.00834e-15 2.0956e-15 1.09322e-15 5.691e-16 2.95652e-16 1.53289e-16 7.93241e-17 4.09718e-17 2.1124e-17 1.08717e-17 5.58562e-18 2.86496e-18 1.4671e-18 7.50082e-19 3.82902e-19 1.9517e-19 9.93342e-20 5.0485e-20 2.56224e-20 1.29863e-20 6.5731e-21 3.3227e-21 1.67749e-21 8.45845e-22 4.25985e-22 2.1428e-22 1.07663e-22 5.40326e-23 2.70872e-23 1.35644e-23 6.78537e-24 3.39074e-24 1.69267e-24 8.44141e-25 4.20564e-25 2.0933e-25 1.04093e-25 5.17146e-26 2.5669e-26 1.27297e-26 6.30741e-27 3.12256e-27 1.54456e-27 7.63384e-28 3.76989e-28 1.86024e-28 9.17211e-29 4.51894e-29 2.22473e-29 1.09445e-29 5.38018e-30
1.68963e-05 3.45669e-05 4.74234e-05 5.33235e-05 5.28982e-05 4.80417e-05 4.08211e-05 3.29113e-05 2.5423e-05 1.89494e-05 1.37014e-05 9.64993e-06 6.64205e-06 4.47972e-06 2.96702e-06 1.93332e-06 1.24129e-06 7.86321e-07 4.92015e-07 3.04395e-07 1.86361e-07 1.12995e-07 6.78969e-08 4.0456e-08 2.39165e-08 1.40347e-08 8.17879e-09 4.73513e-09 2.72451e-09 1.55849e-09 8.86563e-10 5.01681e-10 2.82468e-10 1.58284e-10 8.82939e-11 4.90383e-11 2.71229e-11 1.4942e-11 8.20018e-12 4.48385e-12 2.44317e-12 1.32675e-12 7.18148e-13 3.87508e-13 2.08467e-13 1.11824e-13 5.9815e-14 3.19088e-14 1.69775e-14 9.01021e-15 4.77016e-15 2.51941e-15 1.3276e-15 6.98018e-16 3.66207e-16 1.91723e-16 1.0017e-16 5.22326e-17 2.71837e-17 1.41209e-17 7.32197e-18 3.78986e-18 1.95825e-18 1.01015e-18 5.20224e-19 2.67487e-19 1.37322e-19 7.03909e-20 3.60289e-20 1.84144e-20 9.39835e-21 4.79012e-21 2.43813e-21 1.23935e-21 6.2918e-22 3.19013e-22 1.6155e-22 8.17115e-23 4.12807e-23 2.0831e-23 1.04998e-23 5.28658e-24 2.65886e-24 1.33585e-24 6.70447e-25 3.36147e-25 1.68368e-25 8.42491e-26 4.21165e-26 2.10343e-26 1.04955e-26 5.23218e-27 2.606e-27 1.29684e-27 6.44798e-28 3.20327e-28 1.59002e-28 7.88604e-29 3.90811e-29 1.93522e-29 9.57546e-30
7.61095e-06 1.65825e-05 2.38878e-05 2.79974e-05 2.88132e-05 2.70538e-05 2.37034e-05 1.96639e-05 1.56025e-05 1.19279e-05 8.83459e-06 6.3668e-06 4.47972e-06 3.08584e-06 2.08583e-06 1.38609e-06 9.07e-07 5.85229e-07 3.72786e-07 2.34669e-07 1.46119e-07 9.00649e-08 5.49934e-08 3.32847e-08 1.99803e-08 1.19015e-08 7.03796e-09 4.13347e-09 2.41197e-09 1.39884e-09 8.06565e-10 4.62504e-10 2.63823e-10 1.4974e-10 8.45848e-11 4.75629e-11 2.66288e-11 1.48465e-11 8.24439e-12 4.56066e-12 2.5136e-12 1.38047e-12 7.55571e-13 4.12191e-13 2.24155e-13 1.21527e-13 6.56926e-14 3.54099e-14 1.90343e-14 1.02046e-14 5.45674e-15 2.91064e-15 1.54879e-15 8.22203e-16 4.3549e-16 2.30154e-16 1.21374e-16 6.38751e-17 3.35472e-17 1.75844e-17 9.1995e-18 4.80388e-18 2.50398e-18 1.30287e-18 6.76744e-19 3.50927e-19 1.81676e-19 9.39041e-20 4.84611e-20 2.49713e-20 1.28482e-20 6.60104e-21 3.38662e-21 1.73507e-21 8.87727e-22 4.53592e-22 2.31466e-22 1.17966e-22 6.00465e-23 3.05274e-23 1.55015e-23 7.86232e-24 3.98319e-24 2.01569e-24 1.01892e-24 5.14504e-25 2.59525e-25 1.30773e-25 6.5829e-26 3.31041e-26 1.66312e-26 8.3473e-27 4.18562e-27 2.09687e-27 1.04951e-27 5.24826e-28 2.62218e-28 1.30898e-28 6.52887e-29 3.25372e-29 1.62019e-29
3.42836e-06 7.92539e-06 1.19586e-05 1.45818e-05 1.55431e-05 1.5067e-05 1.35949e-05 1.15914e-05 9.43717e-06 7.39246e-06 5.60356e-06 4.12854e-06 2.96702e-06 2.08583e-06 1.43779e-06 9.73702e-07 6.48926e-07 4.26207e-07 2.76208e-07 1.76809e-07 1.11901e-07 7.00777e-08 4.34573e-08 2.67034e-08 1.62683e-08 9.83155e-09 5.89673e-09 3.51155e-09 2.07708e-09 1.22077e-09 7.13154e-10 4.14221e-10 2.39278e-10 1.37502e-10 7.86233e-11 4.47433e-11 2.53472e-11 1.42968e-11 8.03037e-12 4.49253e-12 2.50365e-12 1.39011e-12 7.69089e-13 4.24047e-13 2.33032e-13 1.27653e-13 6.97117e-14 3.79568e-14 2.06074e-14 1.1157e-14 6.0242e-15 3.24428e-15 1.74277e-15 9.33884e-16 4.99244e-16 2.66274e-16 1.417e-16 7.52426e-17 3.9869e-17 2.1082e-17 1.11254e-17 5.85965e-18 3.08035e-18 1.61631e-18 8.46571e-19 4.42626e-19 2.31028e-19 1.20383e-19 6.26256e-20 3.25272e-20 1.6868e-20 8.7341e-21 4.51571e-21 2.33131e-21 1.20187e-21 6.18741e-22 3.18104e-22 1.63324e-22 8.37458e-23 4.28866e-23 2.19349e-23 1.12052e-23 5.71714e-24 2.91359e-24 1.48312e-24 7.54104e-25 3.83005e-25 1.94315e-25 9.84788e-26 4.98568e-26 2.5215e-26 1.27396e-26 6.43013e-27 3.24237e-27 1.63339e-27 8.22067e-28 4.13356e-28 2.07658e-28 1.04228e-28 5.22683e-29 2.6189e-29
1.54431e-06 3.77531e-06 5.95388e-06 7.53999e-06 8.31231e-06 8.30825e-06 7.71142e-06 6.75064e-06 5.63401e-06 4.51808e-06 3.50203e-06 2.63578e-06 1.93332e-06 1.38609e-06 9.73702e-07 6.71577e-07 4.55563e-07 3.04385e-07 2.00572e-07 1.30489e-07 8.38973e-08 5.33542e-08 3.35863e-08 2.09423e-08 1.29424e-08 7.93187e-09 4.823e-09 2.91095e-09 1.74464e-09 1.03871e-09 6.14534e-10 3.61409e-10 2.11338e-10 1.22914e-10 7.1117e-11 4.09447e-11 2.34621e-11 1.33834e-11 7.6011e-12 4.29908e-12 2.42178e-12 1.359e-12 7.59784e-13 4.23263e-13 2.34981e-13 1.3002e-13 7.17127e-14 3.94305e-14 2.16155e-14 1.18151e-14 6.44008e-15 3.50075e-15 1.89795e-15 1.02635e-15 5.53642e-16 2.9793e-16 1.59949e-16 8.56764e-17 4.57909e-17 2.44209e-17 1.29967e-17 6.90271e-18 3.65883e-18 1.93564e-18 1.02208e-18 5.38704e-19 2.83422e-19 1.48852e-19 7.80433e-20 4.08499e-20 2.1347e-20 1.11376e-20 5.8019e-21 3.01778e-21 1.56732e-21 8.12821e-22 4.20934e-22 2.17684e-22 1.12421e-22 5.7981e-23 2.98646e-23 1.53628e-23 7.8929e-24 4.05012e-24 2.07575e-24 1.0626e-24 5.4332e-25 2.77491e-25 1.41565e-25 7.21416e-26 3.67238e-26 1.86746e-26 9.48643e-27 4.81406e-27 2.44053e-27 1.23603e-27 6.25397e-28 3.16132e-28 1.59652e-28 8.05531e-29 4.06067e-29
6.95633e-07 1.79307e-06 2.94968e-06 3.87355e-06 4.41077e-06 4.54046e-06 4.33063e-06 3.88868e-06 3.32403e-06 2.72671e-06 2.15957e-06 1.65921e-06 1.24129e-06 9.07e-07 6.48926e-07 4.55563e-07 3.14369e-07 2.13564e-07 1.43015e-07 9.4514e-08 6.17031e-08 3.98286e-08 2.54391e-08 1.6089e-08 1.00821e-08 6.26338e-09 3.85945e-09 2.35995e-09 1.43259e-09 8.63682e-10 5.17308e-10 3.07928e-10 1.82215e-10 1.0722e-10 6.2753e-11 3.65396e-11 2.11719e-11 1.22099e-11 7.00979e-12 4.00698e-12 2.28099e-12 1.29327e-12 7.30437e-13 4.11021e-13 2.30457e-13 1.2877e-13 7.17123e-14 3.9808e-14 2.2029e-14 1.21537e-14 6.68576e-15 3.66746e-15 2.00627e-15 1.0946e-15 5.95664e-16 3.23338e-16 1.75087e-16 9.45853e-17 5.09791e-17 2.7415e-17 1.47108e-17 7.87704e-18 4.20912e-18 2.24463e-18 1.19466e-18 6.34615e-19 3.36485e-19 1.78086e-19 9.40847e-20 4.96196e-20 2.61246e-20 1.37318e-20 7.20605e-21 3.77554e-21 1.97509e-21 1.03166e-21 5.38073e-22 2.80229e-22 1.45736e-22 7.56863e-23 3.9253e-23 2.03305e-23 1.05161e-23 5.43251e-24 2.80285e-24 1.44432e-24 7.43362e-25 3.82138e-25 1.96216e-25 1.00635e-25 5.15558e-26 2.63831e-26 1.34866e-26 6.88681e-27 3.513e-27 1.79016e-27 9.11313e-28 4.63459e-28 2.35468e-28 1.19518e-28 6.06078e-29
3.13348e-07 8.49349e-07 1.45483e-06 1.97831e-06 2.32397e-06 2.46126e-06 2.41004e-06 2.2179e-06 1.94021e-06 1.62681e-06 1.31561e-06 1.03115e-06 7.86321e-07 5.85229e-07 4.26207e-07 3.04385e-07 2.13564e-07 1.47439e-07 1.00291e-07 6.72962e-08 4.45905e-08 2.92019e-08 1.89168e-08 1.21301e-08 7.70445e-09 4.84988e-09 3.02734e-09 1.87473e-09 1.15227e-09 7.03197e-10 4.26254e-10 2.56727e-10 1.53682e-10 9.14633e-11 5.41322e-11 3.18683e-11 1.86661e-11 1.08801e-11 6.31227e-12 3.64578e-12 2.09664e-12 1.20076e-12 6.84946e-13 3.89212e-13 2.20346e-13 1.243e-13 6.98772e-14 3.91515e-14 2.18655e-14 1.21734e-14 6.75689e-15 3.73946e-15 2.06365e-15 1.1357e-15 6.23344e-16 3.41242e-16 1.86337e-16 1.01501e-16 5.51571e-17 2.99037e-17 1.61757e-17 8.73065e-18 4.70216e-18 2.5272e-18 1.35549e-18 7.25583e-19 3.87647e-19 2.06711e-19 1.10024e-19 5.84555e-20 3.10026e-20 1.64143e-20 8.67588e-21 4.57815e-21 2.41194e-21 1.26869e-21 6.66311e-22 3.49415e-22 1.82963e-22 9.56655e-23 4.99495e-23 2.60437e-23 1.35607e-23 7.05151e-24 3.66195e-24 1.89926e-24 9.83804e-25 5.08974e-25 2.63e-25 1.35737e-25 6.99734e-26 3.60303e-26 1.85316e-26 9.52091e-27 4.88618e-27 2.50494e-27 1.28282e-27 6.56278e-28 3.35404e-28 1.71244e-28 8.73441e-29
1.41148e-07 4.01355e-07 7.14646e-07 1.00498e-06 1.21659e-06 1.32432e-06 1.33013e-06 1.25353e-06 1.12142e-06 9.60456e-07 7.92587e-07 6.33344e-07 4.92015e-07 3.72786e-07 2.76208e-07 2.00572e-07 1.43015e-07 1.00291e-07 6.92659e-08 4.71709e-08 3.17093e-08 2.10602e-08 1.38312e-08 8.98882e-09 5.78465e-09 3.68845e-09 2.3315e-09 1.46173e-09 9.09355e-10 5.61578e-10 3.44398e-10 2.09815e-10 1.27021e-10 7.64366e-11 4.57338e-11 2.72139e-11 1.61089e-11 9.4876e-12 5.56099e-12 3.24442e-12 1.88446e-12 1.08988e-12 6.2774e-13 3.60126e-13 2.05809e-13 1.17184e-13 6.64845e-14 3.759e-14 2.11823e-14 1.18979e-14 6.66203e-15 3.71899e-15 2.06998e-15 1.14886e-15 6.35862e-16 3.50987e-16 1.93234e-16 1.06113e-16 5.81278e-17 3.17653e-17 1.73183e-17 9.4203e-18 5.11282e-18 2.76895e-18 1.49642e-18 8.07039e-19 4.34375e-19 2.33336e-19 1.25103e-19 6.69485e-20 3.57618e-20 1.90688e-20 1.015e-20 5.3935e-21 2.8612e-21 1.51536e-21 8.01286e-22 4.23039e-22 2.23001e-22 1.17376e-22 6.16899e-23 3.23759e-23 1.69674e-23 8.87989e-24 4.64097e-24 2.42232e-24 1.26266e-24 6.57331e-25 3.4177e-25 1.77479e-25 9.20522e-26 4.76873e-26 2.46753e-26 1.27533e-26 6.58405e-27 3.39532e-27 1.74902e-27 8.99998e-28 4.62627e-28 2.37558e-28 1.21861e-28
6.35801e-08 1.89243e-07 3.49756e-07 5.08031e-07 6.33125e-07 7.07735e-07 7.28556e-07 7.02596e-07 6.42349e-07 5.616e-07 4.7263e-07 3.84832e-07 3.04395e-07 2.34669e-07 1.76809e-07 1.30489e-07 9.4514e-08 6.72962e-08 4.71709e-08 3.25899e-08 2.22173e-08 1.49593e-08 9.95669e-09 6.55588e-09 4.27323e-09 2.75902e-09 1.76551e-09 1.12026e-09 7.05186e-10 4.40559e-10 2.73268e-10 1.68349e-10 1.03042e-10 6.26798e-11 3.7903e-11 2.27911e-11 1.36304e-11 8.10964e-12 4.80103e-12 2.82875e-12 1.65905e-12 9.68744e-13 5.63263e-13 3.26162e-13 1.88122e-13 1.0809e-13 6.18778e-14 3.52967e-14 2.00649e-14 1.13682e-14 6.42009e-15 3.61436e-15 2.02862e-15 1.13525e-15 6.3349e-16 3.52517e-16 1.95636e-16 1.08287e-16 5.97854e-17 3.29256e-17 1.80893e-17 9.91488e-18 5.42195e-18 2.95836e-18 1.61064e-18 8.7503e-19 4.744e-19 2.56676e-19 1.38601e-19 7.46977e-20 4.01816e-20 2.15747e-20 1.15632e-20 6.18652e-21 3.30417e-21 1.76175e-21 9.37797e-22 4.9839e-22 2.64448e-22 1.40099e-22 7.4109e-23 3.91433e-23 2.06447e-23 1.08727e-23 5.71815e-24 3.00313e-24 1.57509e-24 8.2501e-25 4.31566e-25 2.25465e-25 1.17643e-25 6.13077e-26 3.19109e-26 1.659e-26 8.61478e-27 4.46831e-27 2.315e-27 1.19805e-27 6.19337e-28 3.19824e-28 1.64982e-28
2.86397e-08 8.90523e-08 1.70596e-07 2.55666e-07 3.27698e-07 3.75862e-07 3.96266e-07 3.90785e-07 3.64891e-07 3.2547e-07 2.79185e-07 2.31511e-07 1.86361e-07 1.46119e-07 1.11901e-07 8.38973e-08 6.17031e-08 4.45905e-08 3.17093e-08 2.22173e-08 1.53546e-08 1.04774e-08 7.06508e-09 4.71157e-09 3.10959e-09 2.03236e-09 1.31616e-09 8.44986e-10 5.38057e-10 3.39963e-10 2.13222e-10 1.32796e-10 8.21562e-11 5.05044e-11 3.08588e-11 1.87458e-11 1.13243e-11 6.80461e-12 4.06793e-12 2.41997e-12 1.43283e-12 8.44515e-13 4.95585e-13 2.89599e-13 1.68542e-13 9.77042e-14 5.64248e-14 3.24663e-14 1.86146e-14 1.06361e-14 6.05709e-15 3.43831e-15 1.94566e-15 1.09767e-15 6.17437e-16 3.46315e-16 1.93705e-16 1.08053e-16 6.01157e-17 3.336e-17 1.84664e-17 1.01972e-17 5.61765e-18 3.08762e-18 1.69323e-18 9.26523e-19 5.059e-19 2.75654e-19 1.49892e-19 8.13439e-20 4.4058e-20 2.38176e-20 1.28517e-20 6.922e-21 3.72159e-21 1.99742e-21 1.0702e-21 5.7245e-22 3.05702e-22 1.6299e-22 8.67645e-23 4.61162e-23 2.44743e-23 1.29695e-23 6.86284e-24 3.62632e-24 1.91347e-24 1.00828e-24 5.30588e-25 2.78842e-25 1.46351e-25 7.67148e-26 4.01623e-26 2.10002e-26 1.09674e-26 5.72094e-27 2.98074e-27 1.55125e-27 8.06397e-28 4.1873e-28 2.17192e-28
1.29008e-08 4.18288e-08 8.29506e-08 1.28131e-07 1.68763e-07 1.9846e-07 2.14139e-07 2.15815e-07 2.05689e-07 1.87074e-07 1.63478e-07 1.37994e-07 1.12995e-07 9.00649e-08 7.00777e-08 5.33542e-08 3.98286e-08 2.92019e-08 2.10602e-08 1.49593e-08 1.04774e-08 7.2431e-09 4.94665e-09 3.34011e-09 2.23142e-09 1.47589e-09 9.67015e-10 6.2798e-10 4.04393e-10 2.58343e-10 1.63795e-10 1.03105e-10 6.44585e-11 4.00352e-11 2.47111e-11 1.51618e-11 9.24965e-12 5.61206e-12 3.38717e-12 2.03404e-12 1.21555e-12 7.23034e-13 4.28146e-13 2.5243e-13 1.48209e-13 8.66669e-14 5.04821e-14 2.92943e-14 1.69373e-14 9.75819e-15 5.60284e-15 3.20631e-15 1.82896e-15 1.04003e-15 5.89621e-16 3.33287e-16 1.87854e-16 1.05588e-16 5.91876e-17 3.30904e-17 1.84527e-17 1.02643e-17 5.69564e-18 3.15299e-18 1.74139e-18 9.59599e-19 5.27624e-19 2.89484e-19 1.58493e-19 8.65972e-20 4.722e-20 2.56977e-20 1.39582e-20 7.56747e-21 4.09519e-21 2.21216e-21 1.19287e-21 6.4213e-22 3.4508e-22 1.85139e-22 9.91684e-23 5.30345e-23 2.83184e-23 1.50978e-23 8.03731e-24 4.27237e-24 2.26778e-24 1.20204e-24 6.3626e-25 3.36324e-25 1.77541e-25 9.35987e-26 4.9281e-26 2.59142e-26 1.36099e-26 7.13904e-27 3.74025e-27 1.95726e-27 1.02303e-27 5.34111e-28 2.78539e-28
5.81115e-09 1.96144e-08 4.02181e-08 6.39696e-08 8.65094e-08 1.04228e-07 1.15025e-07 1.18401e-07 1.15121e-07 1.06706e-07 9.49496e-08 8.15492e-08 6.78969e-08 5.49934e-08 4.34573e-08 3.35863e-08 2.54391e-08 1.89168e-08 1.38312e-08 9.95669e-09 7.06508e-09 4.94665e-09 3.42054e-09 2.33787e-09 1.58054e-09 1.05764e-09 7.00924e-10 4.60304e-10 2.99689e-10 1.9353e-10 1.24009e-10 7.88778e-11 4.98199e-11 3.12565e-11 1.94848e-11 1.20724e-11 7.43611e-12 4.55467e-12 2.77477e-12 1.6817e-12 1.01416e-12 6.08673e-13 3.63628e-13 2.1627e-13 1.28078e-13 7.5535e-14 4.43694e-14 2.59619e-14 1.51343e-14 8.79049e-15 5.08787e-15 2.9348e-15 1.68728e-15 9.66941e-16 5.52409e-16 3.14635e-16 1.7868e-16 1.01182e-16 5.71374e-17 3.21782e-17 1.80741e-17 1.0126e-17 5.65886e-18 3.15472e-18 1.75452e-18 9.73522e-19 5.38951e-19 2.97708e-19 1.64094e-19 9.02565e-20 4.95413e-20 2.71381e-20 1.48366e-20 8.09562e-21 4.40906e-21 2.39684e-21 1.30061e-21 7.04503e-22 3.80948e-22 2.05641e-22 1.10823e-22 5.96267e-23 3.203e-23 1.71787e-23 9.19926e-24 4.91881e-24 2.62617e-24 1.40008e-24 7.45357e-25 3.96246e-25 2.10362e-25 1.11527e-25 5.90498e-26 3.1224e-26 1.64892e-26 8.69687e-27 4.58129e-27 2.41036e-27 1.26665e-27 6.6484e-28 3.48557e-28
2.61764e-09 9.18331e-09 1.94477e-08 3.18234e-08 4.41542e-08 5.44663e-08 6.14408e-08 6.4559e-08 6.40033e-08 6.04318e-08 5.47305e-08 4.78076e-08 4.0456e-08 3.32847e-08 2.67034e-08 2.09423e-08 1.6089e-08 1.21301e-08 8.98882e-09 6.55588e-09 4.71157e-09 3.34011e-09 2.33787e-09 1.61699e-09 1.10597e-09 7.48548e-10 5.01653e-10 3.33068e-10 2.19194e-10 1.4305e-10 9.26185e-11 5.95149e-11 3.79689e-11 2.40574e-11 1.51433e-11 9.47263e-12 5.88996e-12 3.64128e-12 2.23871e-12 1.3691e-12 8.33027e-13 5.0437e-13 3.03938e-13 1.82322e-13 1.08889e-13 6.47563e-14 3.83528e-14 2.26249e-14 1.32956e-14 7.78419e-15 4.54102e-15 2.63982e-15 1.52941e-15 8.83169e-16 5.08366e-16 2.91716e-16 1.66891e-16 9.5199e-17 5.4149e-17 3.07144e-17 1.73747e-17 9.80275e-18 5.51648e-18 3.09662e-18 1.73401e-18 9.68679e-19 5.3988e-19 3.00212e-19 1.66569e-19 9.22185e-20 5.09473e-20 2.80882e-20 1.54542e-20 8.48613e-21 4.65081e-21 2.54404e-21 1.38903e-21 7.5702e-22 4.11841e-22 2.23662e-22 1.21258e-22 6.56299e-23 3.54632e-23 1.91316e-23 1.03048e-23 5.5418e-24 2.97578e-24 1.59552e-24 8.54209e-25 4.56668e-25 2.43793e-25 1.29968e-25 6.91928e-26 3.67875e-26 1.95329e-26 1.03578e-26 5.48551e-27 2.90149e-27 1.53281e-27 8.08777e-28 4.26237e-28
1.17912e-09 4.29339e-09 9.38077e-09 1.5779e-08 2.24456e-08 2.83301e-08 3.26476e-08 3.49995e-08 3.53627e-08 3.3997e-08 3.13244e-08 2.78176e-08 2.39165e-08 1.99803e-08 1.62683e-08 1.29424e-08 1.00821e-08 7.70445e-09 5.78465e-09 4.27323e-09 3.10959e-09 2.23142e-09 1.58054e-09 1.10597e-09 7.65106e-10 5.23652e-10 3.54792e-10 2.38101e-10 1.58353e-10 1.04418e-10 6.82964e-11 4.43264e-11 2.85582e-11 1.82704e-11 1.16106e-11 7.33115e-12 4.60069e-12 2.87022e-12 1.78055e-12 1.09858e-12 6.74286e-13 4.11787e-13 2.50264e-13 1.5139e-13 9.1167e-14 5.46625e-14 3.26374e-14 1.94077e-14 1.14954e-14 6.78299e-15 3.98761e-15 2.33588e-15 1.36358e-15 7.93312e-16 4.60031e-16 2.65919e-16 1.53238e-16 8.80401e-17 5.04339e-17 2.88089e-17 1.64107e-17 9.32293e-18 5.28244e-18 2.98539e-18 1.68298e-18 9.46443e-19 5.30975e-19 2.97195e-19 1.65967e-19 9.2477e-20 5.14165e-20 2.85265e-20 1.5794e-20 8.72674e-21 4.81224e-21 2.64848e-21 1.45485e-21 7.97681e-22 4.36561e-22 2.38497e-22 1.30064e-22 7.0808e-23 3.84836e-23 2.08809e-23 1.13114e-23 6.11775e-24 3.3036e-24 1.78122e-24 9.58939e-25 5.15492e-25 2.76708e-25 1.48321e-25 7.9391e-26 4.24367e-26 2.26529e-26 1.20761e-26 6.42928e-27 3.41852e-27 1.81536e-27 9.62822e-28 5.10031e-28
5.31133e-10 2.00457e-09 4.5145e-09 7.7996e-09 1.13673e-08 1.46715e-08 1.72632e-08 1.88725e-08 1.94247e-08 1.90062e-08 1.78093e-08 1.60726e-08 1.40347e-08 1.19015e-08 9.83155e-09 7.93187e-09 6.26338e-09 4.84988e-09 3.68845e-09 2.75902e-09 2.03236e-09 1.47589e-09 1.05764e-09 7.48548e-10 5.23652e-10 3.62333e-10 2.48137e-10 1.68284e-10 1.13081e-10 7.53251e-11 4.97605e-11 3.26138e-11 2.12154e-11 1.3702e-11 8.78905e-12 5.60082e-12 3.54678e-12 2.23255e-12 1.3972e-12 8.69576e-13 5.38315e-13 3.31538e-13 2.0318e-13 1.23923e-13 7.52359e-14 4.54742e-14 2.73676e-14 1.64022e-14 9.79082e-15 5.82161e-15 3.44847e-15 2.03526e-15 1.19693e-15 7.01488e-16 4.09748e-16 2.38561e-16 1.38455e-16 8.01086e-17 4.62115e-17 2.658e-17 1.52449e-17 8.71956e-18 4.97384e-18 2.82975e-18 1.60579e-18 9.08957e-19 5.13259e-19 2.8913e-19 1.62494e-19 9.11152e-20 5.09775e-20 2.84591e-20 1.5854e-20 8.81354e-21 4.88965e-21 2.70731e-21 1.49606e-21 8.25147e-22 4.54253e-22 2.49613e-22 1.36916e-22 7.49677e-23 4.09773e-23 2.23601e-23 1.2181e-23 6.62493e-24 3.59735e-24 1.9503e-24 1.05572e-24 5.70606e-25 3.07948e-25 1.65952e-25 8.9302e-26 4.79874e-26 2.57507e-26 1.37993e-26 7.38485e-27 3.94687e-27 2.10668e-27 1.12303e-27 5.97911e-28
2.39249e-10 9.34768e-10 2.16793e-09 3.84422e-09 5.73652e-09 7.56708e-09 9.08649e-09 1.01252e-08 1.06116e-08 1.05633e-08 1.00622e-08 9.22535e-09 8.17879e-09 7.03796e-09 5.89673e-09 4.823e-09 3.85945e-09 3.02734e-09 2.3315e-09 1.76551e-09 1.31616e-09 9.67015e-10 7.00924e-10 5.01653e-10 3.54792e-10 2.48137e-10 1.71726e-10 1.17669e-10 7.98737e-11 5.37366e-11 3.58474e-11 2.37217e-11 1.55775e-11 1.01548e-11 6.5736e-12 4.22697e-12 2.70066e-12 1.71491e-12 1.08256e-12 6.79512e-13 4.24204e-13 2.63435e-13 1.6277e-13 1.00083e-13 6.12489e-14 3.73133e-14 2.26318e-14 1.36688e-14 8.22157e-15 4.92548e-15 2.93945e-15 1.74766e-15 1.03531e-15 6.11158e-16 3.59541e-16 2.10813e-16 1.23209e-16 7.17829e-17 4.16935e-17 2.41447e-17 1.39416e-17 8.02742e-18 4.60936e-18 2.63959e-18 1.50763e-18 8.58893e-19 4.88088e-19 2.76692e-19 1.5648e-19 8.82898e-20 4.97018e-20 2.79168e-20 1.56464e-20 8.75056e-21 4.88373e-21 2.72007e-21 1.51196e-21 8.38787e-22 4.64438e-22 2.56678e-22 1.41595e-22 7.79691e-23 4.28576e-23 2.35168e-23 1.28822e-23 7.04486e-24 3.8463e-24 2.09659e-24 1.14103e-24 6.20019e-25 3.36395e-25 1.8224e-25 9.85819e-26 5.32503e-26 2.87229e-26 1.54713e-26 8.322e-27 4.47034e-27 2.39815e-27 1.28482e-27 6.87461e-28
1.0777e-10 4.35394e-10 1.03898e-09 1.88958e-09 2.88538e-09 3.88789e-09 4.76207e-09 5.40643e-09 5.76724e-09 5.83842e-09 5.65167e-09 5.26228e-09 4.73513e-09 4.13347e-09 3.51155e-09 2.91095e-09 2.35995e-09 1.87473e-09 1.46173e-09 1.12026e-09 8.44986e-10 6.2798e-10 4.60304e-10 3.33068e-10 2.38101e-10 1.68284e-10 1.17669e-10 8.14483e-11 5.58386e-11 3.79347e-11 2.55498e-11 1.70675e-11 1.13123e-11 7.44197e-12 4.86099e-12 3.15352e-12 2.03248e-12 1.30177e-12 8.28755e-13 5.24573e-13 3.30194e-13 2.06731e-13 1.28766e-13 7.98056e-14 4.92243e-14 3.02211e-14 1.84711e-14 1.12407e-14 6.81186e-15 4.11125e-15 2.47155e-15 1.48015e-15 8.8314e-16 5.25038e-16 3.11052e-16 1.83653e-16 1.08076e-16 6.33962e-17 3.70714e-17 2.16118e-17 1.25619e-17 7.28055e-18 4.20774e-18 2.42516e-18 1.39401e-18 7.99202e-19 4.57022e-19 2.60696e-19 1.48345e-19 8.42125e-20 4.76946e-20 2.69509e-20 1.51953e-20 8.54869e-21 4.79914e-21 2.68857e-21 1.50311e-21 8.38667e-22 4.67022e-22 2.59567e-22 1.43994e-22 7.97325e-23 4.40697e-23 2.43149e-23 1.33921e-23 7.36343e-24 4.04188e-24 2.21498e-24 1.21186e-24 6.61983e-25 3.61045e-25 1.96612e-25 1.06906e-25 5.80435e-26 3.14682e-26 1.7036e-26 9.20981e-27 4.97203e-27 2.68055e-27 1.44322e-27 7.76013e-28
4.8545e-11 2.02578e-10 4.9699e-10 9.26439e-10 1.44679e-09 1.99034e-09 2.48559e-09 2.87389e-09 3.11918e-09 3.21013e-09 3.15679e-09 2.98408e-09 2.72451e-09 2.41197e-09 2.07708e-09 1.74464e-09 1.43259e-09 1.15227e-09 9.09355e-10 7.05186e-10 5.38057e-10 4.04393e-10 2.99689e-10 2.19194e-10 1.58353e-10 1.13081e-10 7.98737e-11 5.58386e-11 3.86564e-11 2.65145e-11 1.8027e-11 1.21542e-11 8.12952e-12 5.39631e-12 3.55606e-12 2.32712e-12 1.51277e-12 9.77126e-13 6.27282e-13 4.00326e-13 2.54039e-13 1.6033e-13 1.00657e-13 6.28734e-14 3.90807e-14 2.4177e-14 1.48887e-14 9.12824e-15 5.5726e-15 3.38786e-15 2.05139e-15 1.2373e-15 7.43465e-16 4.45091e-16 2.65514e-16 1.57841e-16 9.35166e-17 5.52245e-17 3.25078e-17 1.90763e-17 1.11605e-17 6.5102e-18 3.78664e-18 2.19632e-18 1.27042e-18 7.32893e-19 4.21696e-19 2.42021e-19 1.38556e-19 7.91299e-20 4.50842e-20 2.5627e-20 1.45339e-20 8.22435e-21 4.64381e-21 2.6165e-21 1.47116e-21 8.25491e-22 4.62267e-22 2.58358e-22 1.44116e-22 8.02389e-23 4.45916e-23 2.47361e-23 1.36974e-23 7.57152e-24 4.17815e-24 2.30172e-24 1.26591e-24 6.95101e-25 3.81065e-25 2.08578e-25 1.13991e-25 6.22034e-26 3.3893e-26 1.84404e-26 1.00186e-26 5.43535e-27 2.94472e-27 1.59318e-27 8.60795e-28
2.18671e-11 9.41583e-11 2.37311e-10 4.53132e-10 7.23322e-10 1.01545e-09 1.29239e-09 1.52122e-09 1.67924e-09 1.75632e-09 1.754e-09 1.68279e-09 1.55849e-09 1.39884e-09 1.22077e-09 1.03871e-09 8.63682e-10 7.03197e-10 5.61578e-10 4.40559e-10 3.39963e-10 2.58343e-10 1.9353e-10 1.4305e-10 1.04418e-10 7.53251e-11 5.37366e-11 3.79347e-11 2.65145e-11 1.83583e-11 1.25977e-11 8.5713e-12 5.78461e-12 3.87377e-12 2.57499e-12 1.69957e-12 1.11418e-12 7.25674e-13 4.69692e-13 3.02186e-13 1.93298e-13 1.22959e-13 7.77976e-14 4.89695e-14 3.06701e-14 1.91166e-14 1.18599e-14 7.32476e-15 4.50411e-15 2.75795e-15 1.68184e-15 1.02154e-15 6.18089e-16 3.72581e-16 2.23773e-16 1.33925e-16 7.98768e-17 4.74817e-17 2.81332e-17 1.66163e-17 9.7838e-18 5.74347e-18 3.36176e-18 1.96208e-18 1.14196e-18 6.62835e-19 3.8371e-19 2.2155e-19 1.27596e-19 7.33037e-20 4.20108e-20 2.40195e-20 1.37013e-20 7.79778e-21 4.42808e-21 2.50908e-21 1.41869e-21 8.00489e-22 4.50748e-22 2.53304e-22 1.42068e-22 7.95268e-23 4.44335e-23 2.478e-23 1.37944e-23 7.66531e-24 4.25202e-24 2.35458e-24 1.30166e-24 7.18392e-25 3.95838e-25 2.1776e-25 1.19607e-25 6.55935e-26 3.59175e-26 1.96382e-26 1.07216e-26 5.84504e-27 3.18199e-27 1.72983e-27 9.39091e-28
9.85005e-12 4.37232e-11 1.13125e-10 2.21131e-10 3.60623e-10 5.16405e-10 6.69542e-10 8.01992e-10 9.00111e-10 9.56425e-10 9.69726e-10 9.4397e-10 8.86563e-10 8.06565e-10 7.13154e-10 6.14534e-10 5.17308e-10 4.26254e-10 3.44398e-10 2.73268e-10 2.13222e-10 1.63795e-10 1.24009e-10 9.26185e-11 6.82964e-11 4.97605e-11 3.58474e-11 2.55498e-11 1.8027e-11 1.25977e-11 8.72369e-12 5.98882e-12 4.07748e-12 2.75434e-12 1.84658e-12 1.22909e-12 8.12455e-13 5.33502e-13 3.48104e-13 2.25748e-13 1.45541e-13 9.33007e-14 5.94858e-14 3.77272e-14 2.3806e-14 1.49481e-14 9.34164e-15 5.81119e-15 3.59895e-15 2.21929e-15 1.36283e-15 8.33504e-16 5.07771e-16 3.08156e-16 1.86322e-16 1.12251e-16 6.73903e-17 4.03203e-17 2.40441e-17 1.42919e-17 8.46846e-18 5.0025e-18 2.94626e-18 1.73016e-18 1.01314e-18 5.91619e-19 3.44539e-19 2.00117e-19 1.15933e-19 6.69929e-20 3.86169e-20 2.22063e-20 1.27393e-20 7.2914e-21 4.16381e-21 2.37251e-21 1.3489e-21 7.65293e-22 4.33281e-22 2.44807e-22 1.3804e-22 7.76848e-23 4.36344e-23 2.44625e-23 1.36888e-23 7.6461e-24 4.26323e-24 2.37287e-24 1.31844e-24 7.31332e-25 4.0499e-25 2.23906e-25 1.23591e-25 6.81124e-26 3.74792e-26 2.05916e-26 1.12964e-26 6.18798e-27 3.38476e-27 1.84878e-27 1.0084e-27
4.43696e-12 2.0285e-11 5.38415e-11 1.07682e-10 1.79322e-10 2.61814e-10 3.45674e-10 4.21209e-10 4.80489e-10 5.18525e-10 5.33596e-10 5.26881e-10 5.01681e-10 4.62504e-10 4.14221e-10 3.61409e-10 3.07928e-10 2.56727e-10 2.09815e-10 1.68349e-10 1.32796e-10 1.03105e-10 7.88778e-11 5.95149e-11 4.43264e-11 3.26138e-11 2.37217e-11 1.70675e-11 1.21542e-11 8.5713e-12 5.98882e-12 4.14768e-12 2.84851e-12 1.94065e-12 1.31203e-12 8.80554e-13 5.86833e-13 3.88459e-13 2.55484e-13 1.66986e-13 1.08491e-13 7.00822e-14 4.50202e-14 2.87659e-14 1.82854e-14 1.15653e-14 7.27968e-15 4.56075e-15 2.84443e-15 1.76624e-15 1.09209e-15 6.72473e-16 4.12434e-16 2.51969e-16 1.53356e-16 9.29953e-17 5.61917e-17 3.38357e-17 2.03054e-17 1.21456e-17 7.2416e-18 4.3042e-18 2.55052e-18 1.50686e-18 8.87689e-19 5.21457e-19 3.05475e-19 1.78469e-19 1.03993e-19 6.04399e-20 3.50389e-20 2.02632e-20 1.16901e-20 6.72823e-21 3.86352e-21 2.21351e-21 1.26538e-21 7.21797e-22 4.10854e-22 2.33375e-22 1.32292e-22 7.48418e-23 4.22572e-23 2.38133e-23 1.33943e-23 7.51988e-24 4.21416e-24 2.35741e-24 1.31642e-24 7.33849e-25 4.08396e-25 2.26899e-25 1.25856e-25 6.96971e-26 3.85362e-26 2.12739e-26 1.17263e-26 6.4539e-27 3.54683e-27 1.94637e-27 1.06657e-27
1.99863e-12 9.40311e-12 2.55874e-11 5.23311e-11 8.89477e-11 1.32354e-10 1.77884e-10 2.20424e-10 2.55485e-10 2.79934e-10 2.92296e-10 2.92684e-10 2.82468e-10 2.63823e-10 2.39278e-10 2.11338e-10 1.82215e-10 1.53682e-10 1.27021e-10 1.03042e-10 8.21562e-11 6.44585e-11 4.98199e-11 3.79689e-11 2.85582e-11 2.12154e-11 1.55775e-11 1.13123e-11 8.12952e-12 5.78461e-12 4.07748e-12 2.84851e-12 1.97303e-12 1.35552e-12 9.24052e-13 6.2524e-13 4.20043e-13 2.80261e-13 1.8577e-13 1.2236e-13 8.01048e-14 5.21354e-14 3.37407e-14 2.17174e-14 1.39052e-14 8.85803e-15 5.61517e-15 3.54262e-15 2.22477e-15 1.39094e-15 8.65876e-16 5.3676e-16 3.31389e-16 2.03788e-16 1.24839e-16 7.61907e-17 4.63316e-17 2.80749e-17 1.69538e-17 1.02038e-17 6.12121e-18 3.66045e-18 2.18215e-18 1.29694e-18 7.68558e-19 4.54131e-19 2.67587e-19 1.57237e-19 9.21465e-20 5.38597e-20 3.14003e-20 1.82606e-20 1.05933e-20 6.13057e-21 3.53958e-21 2.03892e-21 1.17185e-21 6.7202e-22 3.8455e-22 2.19585e-22 1.25126e-22 7.11552e-23 4.03829e-23 2.28736e-23 1.29311e-23 7.29652e-24 4.10951e-24 2.31032e-24 1.29651e-24 7.26303e-25 4.06171e-25 2.26758e-25 1.26384e-25 7.03251e-26 3.90686e-26 2.16699e-26 1.20008e-26 6.63582e-27 3.66375e-27 2.01981e-27 1.11189e-27
