0.604255 0.0249353 0.0184316 0.0136242 0.0100707 0.00744402 0.00550244 0.00406728 0.00300644 0.00222229 0.00164266 0.00121422 0.00089752 0.000663425 0.000490388 0.000362484 0.000267939 0.000198054 0.000146397 0.000108213 7.99887e-05 5.91257e-05 4.37044e-05 3.23052e-05 2.38793e-05 1.7651e-05 1.30472e-05 9.64417e-06 7.12874e-06 5.2694e-06 3.89502e-06 2.8791e-06 2.12816e-06 1.57309e-06 1.16279e-06 8.59507e-07 6.35327e-07 4.69619e-07 3.47131e-07 2.56591e-07 1.89666e-07 1.40197e-07 1.0363e-07 7.66009e-08 5.66216e-08 4.18533e-08 3.0937e-08 2.28679e-08 1.69034e-08 1.24946e-08 9.23571e-09 6.82682e-09 5.04622e-09 3.73005e-09 2.75716e-09 2.03803e-09 1.50646e-09 1.11354e-09 8.23104e-10 6.08419e-10 4.49729e-10 3.32429e-10 2.45724e-10 1.81633e-10 1.34259e-10 9.9241e-11 7.33566e-11 5.42235e-11 4.00807e-11 2.96267e-11 2.18994e-11 1.61875e-11 1.19654e-11 8.84455e-12 6.53768e-12 4.8325e-12 3.57207e-12 2.64039e-12 1.95171e-12 1.44266e-12 1.06638e-12 7.88243e-13 5.82651e-13 4.30682e-13 3.1835e-13 2.35317e-13 1.7394e-13 1.28573e-13 9.50379e-14 7.02497e-14 5.19269e-14 3.83832e-14 2.83719e-14 2.09719e-14 1.55019e-14 1.14586e-14 8.46996e-15 6.26079e-15 4.62783e-15 3.42078e-15 2.52856e-15
0.0249353 0.00762175 0.00603033 0.00475056 0.00372815 0.0029159 0.00227373 0.00176819 0.00137168 0.00106172 0.000820135 0.000632345 0.000486722 0.000374045 0.000287035 0.000219967 0.000168359 0.000128707 9.82868e-05 7.49792e-05 5.71436e-05 4.35111e-05 3.31026e-05 2.51636e-05 1.9114e-05 1.45084e-05 1.10049e-05 8.34204e-06 6.3196e-06 4.78465e-06 3.62049e-06 2.73812e-06 2.06973e-06 1.56374e-06 1.18089e-06 8.91379e-07 6.72554e-07 5.07238e-07 3.82406e-07 2.88186e-07 2.171e-07 1.63491e-07 1.23078e-07 9.26243e-08 6.96838e-08 5.2409e-08 3.9405e-08 2.96192e-08 2.22574e-08 1.6721e-08 1.25584e-08 9.42975e-09 7.0788e-09 5.31273e-09 3.98635e-09 2.99046e-09 2.24289e-09 1.68184e-09 1.26089e-09 9.45105e-10 7.08274e-10 5.30691e-10 3.9756e-10 2.97775e-10 2.22996e-10 1.66968e-10 1.24997e-10 9.35614e-11 7.00206e-11 5.23949e-11 3.92002e-11 2.93241e-11 2.19331e-11 1.64027e-11 1.22651e-11 9.17004e-12 6.85512e-12 5.12394e-12 3.82948e-12 2.8617e-12 2.13824e-12 1.59749e-12 1.19336e-12 8.91371e-13 6.65729e-13 4.97153e-13 3.71226e-13 2.77167e-13 2.0692e-13 1.54462e-13 1.15291e-13 8.60464e-14 6.42138e-14 4.79165e-14 3.57522e-14 2.66737e-14 1.98988e-14 1.48434e-14 1.10714e-14 8.25734e-15 6.15802e-15
0.0184316 0.00603033 0.00487176 0.00391363 0.00312854 0.0024902 0.00197456 0.00156038 0.00122932 0.000965832 0.000756923 0.000591849 0.000461808 0.000359646 0.000279588 0.000216993 0.000168155 0.000130122 0.000100558 7.76137e-05 5.98344e-05 4.6077e-05 3.54459e-05 2.72409e-05 2.09156e-05 1.6045e-05 1.22982e-05 9.41891e-06 7.20825e-06 5.51245e-06 4.21269e-06 3.21727e-06 2.45551e-06 1.87298e-06 1.42782e-06 1.08786e-06 8.28395e-07 6.30492e-07 4.79631e-07 3.64693e-07 2.77171e-07 2.10559e-07 1.59888e-07 1.21361e-07 9.20802e-08 6.98371e-08 5.29473e-08 4.01276e-08 3.04012e-08 2.30244e-08 1.74319e-08 1.31935e-08 9.98249e-09 7.5507e-09 5.70962e-09 4.31621e-09 3.26195e-09 2.46453e-09 1.86155e-09 1.40574e-09 1.06127e-09 8.01014e-10 6.04437e-10 4.55996e-10 3.43931e-10 2.5935e-10 1.95527e-10 1.47379e-10 1.11064e-10 8.36803e-11 6.30359e-11 4.74754e-11 3.57492e-11 2.69144e-11 2.02593e-11 1.52471e-11 1.14729e-11 8.63147e-12 6.4927e-12 4.88308e-12 3.67192e-12 2.76073e-12 2.07534e-12 1.55986e-12 1.17225e-12 8.80828e-13 6.61758e-13 4.97104e-13 3.73366e-13 2.80391e-13 2.1054e-13 1.5807e-13 1.18661e-13 8.90659e-14 6.68439e-14 5.01601e-14 3.7636e-14 2.82356e-14 2.11807e-14 1.58867e-14 1.19146e-14
0.0136242 0.00475056 0.00391363 0.00320135 0.0026028 0.00210499 0.00169451 0.00135847 0.00108508 0.000863859 0.000685689 0.000542793 0.000428613 0.000337683 0.000265487 0.000208322 0.000163172 0.000127593 9.96168e-05 7.76606e-05 6.04605e-05 4.70091e-05 3.65058e-05 2.83167e-05 2.19406e-05 1.69827e-05 1.31322e-05 1.01453e-05 7.8308e-06 6.03918e-06 4.65369e-06 3.58328e-06 2.75704e-06 2.1198e-06 1.62874e-06 1.25061e-06 9.59665e-07 7.3596e-07 5.64072e-07 4.32086e-07 3.30804e-07 2.53129e-07 1.93595e-07 1.4799e-07 1.13075e-07 8.63576e-08 6.59237e-08 5.03031e-08 3.83678e-08 2.92525e-08 2.22939e-08 1.69842e-08 1.29343e-08 9.84648e-09 7.49321e-09 5.7004e-09 4.33509e-09 3.29572e-09 2.50475e-09 1.90303e-09 1.44542e-09 1.09753e-09 8.3313e-10 6.32249e-10 4.79673e-10 3.63819e-10 2.75876e-10 2.09136e-10 1.58503e-10 1.20099e-10 9.09782e-11 6.89023e-11 5.21712e-11 3.9494e-11 2.98906e-11 2.26176e-11 1.71106e-11 1.29418e-11 9.78668e-12 7.39929e-12 5.5932e-12 4.22715e-12 3.19413e-12 2.41312e-12 1.82274e-12 1.37656e-12 1.03941e-12 7.84708e-13 5.92317e-13 4.47022e-13 3.37313e-13 2.54488e-13 1.9197e-13 1.44788e-13 1.09185e-13 8.2325e-14 6.20634e-14 4.67817e-14 3.52578e-14 2.65689e-14 2.00185e-14
0.0100707 0.00372815 0.00312854 0.0026028 0.00214961 0.00176417 0.00143991 0.0011696 0.000945963 0.000762162 0.000611958 0.00048982 0.000390943 0.000311212 0.000247148 0.000195837 0.00015486 0.000122224 9.62934e-05 7.5738e-05 5.94773e-05 4.66391e-05 3.65214e-05 2.85611e-05 2.23083e-05 1.74039e-05 1.35626e-05 1.05579e-05 8.21063e-06 6.37903e-06 4.95147e-06 3.83999e-06 2.97551e-06 2.30378e-06 1.78231e-06 1.37785e-06 1.06441e-06 8.21709e-07 6.33924e-07 4.88741e-07 3.76575e-07 2.89977e-07 2.23165e-07 1.71651e-07 1.31957e-07 1.01389e-07 7.78624e-08 5.97657e-08 4.58532e-08 3.5163e-08 2.69529e-08 2.06508e-08 1.58155e-08 1.21074e-08 9.26491e-09 7.08701e-09 5.419e-09 4.14203e-09 3.16483e-09 2.41732e-09 1.84573e-09 1.40882e-09 1.07498e-09 8.19983e-10 6.25279e-10 4.76661e-10 3.63258e-10 2.76754e-10 2.10789e-10 1.60502e-10 1.22178e-10 9.29799e-11 7.0741e-11 5.38072e-11 4.09167e-11 3.11067e-11 2.36429e-11 1.79657e-11 1.36485e-11 1.03664e-11 7.87179e-12 5.97617e-12 4.53605e-12 3.44224e-12 2.61164e-12 1.98105e-12 1.50242e-12 1.1392e-12 8.63626e-13 6.54587e-13 4.96053e-13 3.75844e-13 2.84714e-13 2.15641e-13 1.63297e-13 1.23637e-13 9.35938e-14 7.08389e-14 5.36074e-14 4.05608e-14 3.06845e-14
0.00744402 0.0029159 0.0024902 0.00210499 0.00176417 0.00146774 0.00121341 0.000997616 0.0008162 0.000664874 0.000539492 0.000436211 0.000351573 0.000282528 0.000226432 0.000181024 0.00014439 0.000114924 9.12899e-05 7.23813e-05 5.72892e-05 4.52698e-05 3.5717e-05 2.8139e-05 2.21383e-05 1.73946e-05 1.36504e-05 1.06995e-05 8.37716e-06 6.55186e-06 5.11903e-06 3.99565e-06 3.11587e-06 2.42763e-06 1.88978e-06 1.46987e-06 1.14236e-06 8.87145e-07 6.88438e-07 5.33858e-07 4.13703e-07 3.20379e-07 2.47948e-07 1.91773e-07 1.48236e-07 1.14516e-07 8.84169e-08 6.82286e-08 5.2622e-08 4.05644e-08 3.12539e-08 2.40687e-08 1.85266e-08 1.42541e-08 1.0962e-08 8.42655e-09 6.47478e-09 4.97303e-09 3.81804e-09 2.93015e-09 2.24788e-09 1.72382e-09 1.32146e-09 1.01265e-09 7.75731e-10 5.94041e-10 4.54753e-10 3.48012e-10 2.6624e-10 2.03618e-10 1.55678e-10 1.18989e-10 9.09197e-11 6.9452e-11 5.30383e-11 4.04924e-11 3.09058e-11 2.35826e-11 1.79899e-11 1.37201e-11 1.0461e-11 7.97414e-12 6.077e-12 4.63011e-12 3.52689e-12 2.68592e-12 2.04501e-12 1.55669e-12 1.18472e-12 9.01434e-13 6.85743e-13 5.21554e-13 3.96596e-13 3.01516e-13 2.29186e-13 1.74173e-13 1.32339e-13 1.00535e-13 7.63597e-14 5.79873e-14 4.40274e-14
0.00550244 0.00227373 0.00197456 0.00169451 0.00143991 0.00121341 0.00101524 0.000844168 0.000698089 0.000574492 0.000470728 0.000384198 0.000312463 0.000253301 0.000204732 0.000165024 0.000132682 0.000106428 8.51837e-05 6.80408e-05 5.42442e-05 4.31676e-05 3.42949e-05 2.72025e-05 2.15444e-05 1.70388e-05 1.34573e-05 1.06149e-05 8.36256e-06 6.58047e-06 5.17236e-06 4.06123e-06 3.18553e-06 2.49621e-06 1.95421e-06 1.52851e-06 1.19451e-06 9.32707e-07 7.27699e-07 5.67311e-07 4.41941e-07 3.44027e-07 2.67619e-07 2.0804e-07 1.61619e-07 1.25477e-07 9.73565e-08 7.54932e-08 5.85058e-08 4.53154e-08 3.50796e-08 2.71415e-08 2.09888e-08 1.62227e-08 1.25328e-08 9.67751e-09 7.46927e-09 5.76231e-09 4.44348e-09 3.42502e-09 2.63888e-09 2.03235e-09 1.5646e-09 1.20404e-09 9.26208e-10 7.12222e-10 5.47474e-10 4.20684e-10 3.23144e-10 2.48135e-10 1.90474e-10 1.46163e-10 1.12125e-10 8.59864e-11 6.59208e-11 5.05224e-11 3.87094e-11 2.96498e-11 2.27041e-11 1.73806e-11 1.33016e-11 1.01772e-11 7.78458e-12 5.95291e-12 4.55106e-12 3.47846e-12 2.65799e-12 2.03056e-12 1.55086e-12 1.18421e-12 9.04032e-13 6.89986e-13 5.26502e-13 4.01665e-13 3.06361e-13 2.33621e-13 1.78114e-13 1.35767e-13 1.03468e-13 7.88362e-14 6.00568e-14
0.00406728 0.00176819 0.00156038 0.00135847 0.0011696 0.000997616 0.000844168 0.000709412 0.000592577 0.000492347 0.000407126 0.000335216 0.00027494 0.000224707 0.00018306 0.000148689 0.000120441 9.73114e-05 7.84379e-05 6.30853e-05 5.06329e-05 4.05596e-05 3.24311e-05 2.5887e-05 2.06298e-05 1.64149e-05 1.3042e-05 1.03478e-05 8.19928e-06 6.48866e-06 5.12875e-06 4.04918e-06 3.19332e-06 2.51571e-06 1.97987e-06 1.55664e-06 1.22274e-06 9.59592e-07 7.52423e-07 5.89486e-07 4.61459e-07 3.60956e-07 2.82128e-07 2.20354e-07 1.71984e-07 1.3414e-07 1.04554e-07 8.1441e-08 6.33977e-08 4.9322e-08 3.83488e-08 2.97998e-08 2.31437e-08 1.79646e-08 1.39371e-08 1.0807e-08 8.37564e-09 6.48814e-09 5.0236e-09 3.88784e-09 3.00749e-09 2.32546e-09 1.79732e-09 1.38854e-09 1.07229e-09 8.27734e-10 6.38701e-10 4.92649e-10 3.7985e-10 2.9277e-10 2.25572e-10 1.73735e-10 1.33764e-10 1.02954e-10 7.92145e-11 6.09288e-11 4.68491e-11 3.60116e-11 2.76726e-11 2.12582e-11 1.63257e-11 1.25341e-11 9.62027e-12 7.38177e-12 5.66256e-12 4.34258e-12 3.3294e-12 2.55194e-12 1.95553e-12 1.49812e-12 1.14741e-12 8.7859e-13 6.72587e-13 5.14763e-13 3.9388e-13 3.01315e-13 2.30452e-13 1.76214e-13 1.34712e-13 1.02963e-13 7.8679e-14
0.00300644 0.00137168 0.00122932 0.00108508 0.000945963 0.0008162 0.000698089 0.000592577 0.000499709 0.000418954 0.000349438 0.000290108 0.000239844 0.000197536 0.000162124 0.000132636 0.000108192 8.80118e-05 7.14139e-05 5.78089e-05 4.66921e-05 3.76347e-05 3.02749e-05 2.43095e-05 1.94855e-05 1.5593e-05 1.24586e-05 9.93939e-06 7.91837e-06 6.29979e-06 5.00559e-06 3.97237e-06 3.14871e-06 2.493e-06 1.97171e-06 1.55779e-06 1.22953e-06 9.69512e-07 7.63769e-07 6.01149e-07 4.72744e-07 3.71456e-07 2.91634e-07 2.28786e-07 1.79347e-07 1.40488e-07 1.0997e-07 8.60229e-08 6.72453e-08 5.25326e-08 4.1013e-08 3.19999e-08 2.49526e-08 1.94461e-08 1.51462e-08 1.17906e-08 9.17355e-09 7.13363e-09 5.54451e-09 4.30725e-09 3.34447e-09 2.59566e-09 2.01358e-09 1.56132e-09 1.21011e-09 9.37497e-10 7.25992e-10 5.61972e-10 4.34832e-10 3.36324e-10 2.60031e-10 2.00968e-10 1.55263e-10 1.19909e-10 9.25722e-11 7.14426e-11 5.51168e-11 4.25075e-11 3.2772e-11 2.52581e-11 1.94607e-11 1.49893e-11 1.15418e-11 8.88445e-12 6.83693e-12 5.25975e-12 4.04525e-12 3.1103e-12 2.39079e-12 1.83722e-12 1.41145e-12 1.08406e-12 8.32398e-13 6.38995e-13 4.90406e-13 3.76276e-13 2.88637e-13 2.21357e-13 1.6972e-13 1.30098e-13 9.97035e-14
0.00222229 0.00106172 0.000965832 0.000863859 0.000762162 0.000664874 0.000574492 0.000492347 0.000418954 0.000354276 0.000297922 0.000249288 0.000207659 0.000172277 0.000142393 0.000117291 9.63111e-05 7.88534e-05 6.43855e-05 5.24395e-05 4.26093e-05 3.45452e-05 2.7949e-05 2.2568e-05 1.81893e-05 1.46344e-05 1.17547e-05 9.42672e-06 7.54844e-06 6.03574e-06 4.81958e-06 3.84344e-06 3.06116e-06 2.43518e-06 1.93498e-06 1.53582e-06 1.21771e-06 9.64497e-07 7.63187e-07 6.0332e-07 4.76504e-07 3.7601e-07 2.96457e-07 2.33541e-07 1.8383e-07 1.44588e-07 1.13638e-07 8.92474e-08 7.00423e-08 5.49321e-08 4.30529e-08 3.37206e-08 2.63946e-08 2.06475e-08 1.61421e-08 1.26124e-08 9.84898e-09 7.68676e-09 5.99599e-09 4.67466e-09 3.64264e-09 2.83703e-09 2.20851e-09 1.7184e-09 1.33644e-09 1.0389e-09 8.07243e-10 6.26967e-10 4.86742e-10 3.77721e-10 2.92998e-10 2.27187e-10 1.76088e-10 1.3643e-10 1.05664e-10 8.18051e-11 6.33106e-11 4.89798e-11 3.78796e-11 2.9285e-11 2.26328e-11 1.74858e-11 1.3505e-11 1.04271e-11 8.04811e-12 6.21e-12 4.79024e-12 3.69397e-12 2.84775e-12 2.19476e-12 1.69101e-12 1.30252e-12 1.00301e-12 7.72161e-13 5.94285e-13 4.57265e-13 3.51746e-13 2.70508e-13 2.07981e-13 1.59867e-13 1.22854e-13
0.00164266 0.000820135 0.000756923 0.000685689 0.000611958 0.000539492 0.000470728 0.000407126 0.000349438 0.000297922 0.000252497 0.000212866 0.0001786 0.000149201 0.00012415 0.000102931 8.50542e-05 7.00655e-05 5.75528e-05 4.71485e-05 3.85287e-05 3.14111e-05 2.55521e-05 2.07428e-05 1.68058e-05 1.35908e-05 1.09715e-05 8.84227e-06 7.11494e-06 5.71637e-06 4.58609e-06 3.67421e-06 2.93976e-06 2.34914e-06 1.87491e-06 1.49466e-06 1.1902e-06 9.46729e-07 7.52282e-07 5.97174e-07 4.73588e-07 3.75227e-07 2.97027e-07 2.34919e-07 1.8564e-07 1.46579e-07 1.15645e-07 9.11689e-08 7.18195e-08 5.65357e-08 4.44731e-08 3.49603e-08 2.7464e-08 2.1561e-08 1.69162e-08 1.32638e-08 1.03938e-08 8.14001e-09 6.37132e-09 4.98417e-09 3.89692e-09 3.04523e-09 2.37845e-09 1.85673e-09 1.44873e-09 1.12985e-09 8.80734e-10 6.8623e-10 5.3444e-10 4.1604e-10 3.23731e-10 2.51796e-10 1.95764e-10 1.52139e-10 1.18188e-10 9.17775e-11 7.12415e-11 5.52797e-11 4.28784e-11 3.32471e-11 2.57699e-11 1.99674e-11 1.54661e-11 1.19755e-11 9.26962e-12 7.1728e-12 5.54852e-12 4.2907e-12 3.317e-12 2.56348e-12 1.98055e-12 1.52972e-12 1.18117e-12 9.1178e-13 7.03631e-13 5.42851e-13 4.18695e-13 3.22848e-13 2.48877e-13 1.91804e-13 1.47781e-13
0.00121422 0.000632345 0.000591849 0.000542793 0.00048982 0.000436211 0.000384198 0.000335216 0.000290108 0.000249288 0.000212866 0.000180746 0.000152699 0.000128414 0.000107541 8.97167e-05 7.45837e-05 6.18017e-05 5.10556e-05 4.20596e-05 3.45576e-05 2.83238e-05 2.31608e-05 1.88976e-05 1.53875e-05 1.25049e-05 1.01436e-05 8.21372e-06 6.63993e-06 5.35915e-06 4.31886e-06 3.47546e-06 2.79288e-06 2.24138e-06 1.79649e-06 1.43814e-06 1.14991e-06 9.18414e-07 7.32718e-07 5.83954e-07 4.64921e-07 3.69788e-07 2.93843e-07 2.33282e-07 1.85038e-07 1.46645e-07 1.16121e-07 9.18764e-08 7.26368e-08 5.73825e-08 4.52982e-08 3.5733e-08 2.8168e-08 2.21894e-08 1.74682e-08 1.37427e-08 1.08049e-08 8.48995e-09 6.66699e-09 5.2324e-09 4.10417e-09 3.21743e-09 2.52091e-09 1.97412e-09 1.54514e-09 1.20876e-09 9.45144e-10 7.38662e-10 5.77015e-10 4.50533e-10 3.51617e-10 2.74295e-10 2.13884e-10 1.66706e-10 1.2988e-10 1.01148e-10 7.87401e-11 6.12721e-11 4.76608e-11 3.7059e-11 2.88048e-11 2.23808e-11 1.73832e-11 1.34968e-11 1.04756e-11 8.12796e-12 6.3043e-12 4.8882e-12 3.78895e-12 2.93597e-12 2.27429e-12 1.7612e-12 1.36344e-12 1.0552e-12 8.16407e-13 6.31469e-13 4.88284e-13 3.77461e-13 2.91709e-13 2.25377e-13 1.74082e-13
0.00089752 0.000486722 0.000461808 0.000428613 0.000390943 0.000351573 0.000312463 0.00027494 0.000239844 0.000207659 0.0001786 0.000152699 0.00012986 0.000109906 9.26108e-05 7.77239e-05 6.49892e-05 5.41557e-05 4.49852e-05 3.72574e-05 3.07722e-05 2.53502e-05 2.0833e-05 1.70816e-05 1.39755e-05 1.1411e-05 9.299e-06 7.56402e-06 6.14201e-06 4.97903e-06 4.02986e-06 3.25669e-06 2.62804e-06 2.11779e-06 1.70433e-06 1.36984e-06 1.09964e-06 8.81689e-07 7.06131e-07 5.64908e-07 4.51449e-07 3.60408e-07 2.87442e-07 2.29028e-07 1.82316e-07 1.45001e-07 1.15223e-07 9.14834e-08 7.25752e-08 5.75292e-08 4.55673e-08 3.60655e-08 2.85242e-08 2.25438e-08 1.78049e-08 1.40527e-08 1.10839e-08 8.73674e-09 6.88232e-09 5.41821e-09 4.26303e-09 3.3522e-09 2.63448e-09 2.06928e-09 1.62446e-09 1.27458e-09 9.99546e-10 7.83462e-10 6.13787e-10 4.80625e-10 3.76174e-10 2.94286e-10 2.30119e-10 1.79863e-10 1.4052e-10 1.09737e-10 8.56605e-11 6.6839e-11 5.21319e-11 4.06447e-11 3.16763e-11 2.46774e-11 1.92176e-11 1.49603e-11 1.16419e-11 9.05626e-12 7.04244e-12 5.47454e-12 4.25426e-12 3.30488e-12 2.56652e-12 1.99248e-12 1.54634e-12 1.19972e-12 9.30508e-13 7.21488e-13 5.59254e-13 4.33372e-13 3.35728e-13 2.60009e-13 2.01312e-13
0.000663425 0.000374045 0.000359646 0.000337683 0.000311212 0.000282528 0.000253301 0.000224707 0.000197536 0.000172277 0.000149201 0.000128414 0.000109906 9.35919e-05 7.93335e-05 6.6965e-05 5.63064e-05 4.71755e-05 3.93944e-05 3.27955e-05 2.72234e-05 2.25371e-05 1.86104e-05 1.53312e-05 1.26014e-05 1.03356e-05 8.46015e-06 6.91175e-06 5.63647e-06 4.58851e-06 3.72922e-06 3.02606e-06 2.45176e-06 1.98358e-06 1.60257e-06 1.29302e-06 1.04193e-06 8.38555e-07 6.74077e-07 5.41239e-07 4.34099e-07 3.47796e-07 2.78364e-07 2.2257e-07 1.77787e-07 1.41883e-07 1.13126e-07 9.01189e-08 7.17295e-08 5.70453e-08 4.53307e-08 3.59936e-08 2.8558e-08 2.26417e-08 1.79381e-08 1.42017e-08 1.12359e-08 8.88348e-09 7.01904e-09 5.54238e-09 4.37368e-09 3.44933e-09 2.71873e-09 2.14165e-09 1.6861e-09 1.32673e-09 1.04338e-09 8.20122e-10 6.44301e-10 5.05917e-10 3.97059e-10 3.11473e-10 2.44219e-10 1.91398e-10 1.49932e-10 1.17398e-10 9.18828e-11 7.18822e-11 5.62115e-11 4.39389e-11 3.43318e-11 2.68145e-11 2.0935e-11 1.63384e-11 1.27462e-11 9.94008e-12 7.74891e-12 6.03858e-12 4.70409e-12 3.66324e-12 2.85172e-12 2.21923e-12 1.72645e-12 1.34265e-12 1.04384e-12 8.11272e-13 6.30325e-13 4.89586e-13 3.80157e-13 2.95099e-13 2.29005e-13
0.000490388 0.000287035 0.000279588 0.000265487 0.000247148 0.000226432 0.000204732 0.00018306 0.000162124 0.000142393 0.00012415 0.000107541 9.26108e-05 7.93335e-05 6.76343e-05 5.74077e-05 4.85312e-05 4.08747e-05 3.43074e-05 2.87029e-05 2.3942e-05 1.99148e-05 1.65214e-05 1.36722e-05 1.1288e-05 9.29885e-06 7.64419e-06 6.27147e-06 5.13552e-06 4.19774e-06 3.4253e-06 2.79041e-06 2.26963e-06 1.84326e-06 1.49483e-06 1.21058e-06 9.79077e-07 7.90829e-07 6.37987e-07 5.14072e-07 4.13749e-07 3.32635e-07 2.67137e-07 2.14313e-07 1.71763e-07 1.37526e-07 1.10011e-07 8.79198e-08 7.02026e-08 5.60076e-08 4.46455e-08 3.55594e-08 2.83002e-08 2.25056e-08 1.78841e-08 1.42012e-08 1.12688e-08 8.93566e-09 7.08083e-09 5.60732e-09 4.43759e-09 3.50968e-09 2.77409e-09 2.19136e-09 1.73003e-09 1.36504e-09 1.07645e-09 8.48404e-10 6.68313e-10 5.26174e-10 4.14053e-10 3.2566e-10 2.56011e-10 2.0116e-10 1.57987e-10 1.24022e-10 9.73142e-11 7.6324e-11 5.9835e-11 4.68881e-11 3.67271e-11 2.87561e-11 2.2506e-11 1.76072e-11 1.37693e-11 1.07638e-11 8.41116e-12 6.57027e-12 5.13039e-12 4.00462e-12 3.12477e-12 2.43737e-12 1.90054e-12 1.48144e-12 1.15438e-12 8.99227e-13 7.00245e-13 5.4512e-13 4.24227e-13 3.30043e-13 2.56691e-13
0.000362484 0.000219967 0.000216993 0.000208322 0.000195837 0.000181024 0.000165024 0.000148689 0.000132636 0.000117291 0.000102931 8.97167e-05 7.77239e-05 6.6965e-05 5.74077e-05 4.89902e-05 4.16319e-05 3.5242e-05 2.97261e-05 2.49899e-05 2.0943e-05 1.75004e-05 1.45837e-05 1.21218e-05 1.00511e-05 8.31499e-06 6.8638e-06 5.65418e-06 4.6486e-06 3.81471e-06 3.12483e-06 2.55536e-06 2.08626e-06 1.70061e-06 1.38418e-06 1.12501e-06 9.13102e-07 7.40124e-07 5.99148e-07 4.84426e-07 3.91205e-07 3.1556e-07 2.54259e-07 2.04647e-07 1.64544e-07 1.32167e-07 1.06057e-07 8.50243e-08 6.81004e-08 5.44966e-08 4.35725e-08 3.4809e-08 2.77852e-08 2.21611e-08 1.76616e-08 1.40651e-08 1.11928e-08 8.90059e-09 7.07289e-09 5.61668e-09 4.45731e-09 3.53495e-09 2.80168e-09 2.21914e-09 1.75666e-09 1.38974e-09 1.09882e-09 8.68307e-10 6.85772e-10 5.41315e-10 4.27061e-10 3.36746e-10 2.65396e-10 2.09059e-10 1.646e-10 1.29533e-10 1.01889e-10 8.01077e-11 6.2954e-11 4.94514e-11 3.88279e-11 3.04735e-11 2.39066e-11 1.87471e-11 1.46951e-11 1.15143e-11 9.0184e-12 7.06082e-12 5.52606e-12 4.32328e-12 3.38105e-12 2.64321e-12 2.06566e-12 1.61373e-12 1.26025e-12 9.83857e-13 7.67826e-13 5.99033e-13 4.67194e-13 3.64255e-13 2.83907e-13
0.000267939 0.000168359 0.000168155 0.000163172 0.00015486 0.00014439 0.000132682 0.000120441 0.000108192 9.63111e-05 8.50542e-05 7.45837e-05 6.49892e-05 5.63064e-05 4.85312e-05 4.16319e-05 3.55582e-05 3.0249e-05 2.5637e-05 2.16531e-05 1.82294e-05 1.53007e-05 1.28063e-05 1.06899e-05 8.90086e-06 7.39364e-06 6.12782e-06 5.06787e-06 4.18275e-06 3.44555e-06 2.83304e-06 2.32531e-06 1.90536e-06 1.55873e-06 1.27319e-06 1.03841e-06 8.45718e-07 6.87835e-07 5.58686e-07 4.53208e-07 3.67191e-07 2.97147e-07 2.40188e-07 1.93932e-07 1.56416e-07 1.26026e-07 1.01438e-07 8.15678e-08 6.55275e-08 5.2593e-08 4.21739e-08 3.37896e-08 2.70492e-08 2.16355e-08 1.72915e-08 1.38089e-08 1.10194e-08 8.78685e-09 7.00156e-09 5.57507e-09 4.43616e-09 3.52754e-09 2.80319e-09 2.22615e-09 1.76679e-09 1.40136e-09 1.11084e-09 8.80039e-10 6.96791e-10 5.5139e-10 4.36091e-10 3.44715e-10 2.72343e-10 2.15053e-10 1.69729e-10 1.33891e-10 1.05568e-10 8.31969e-11 6.55358e-11 5.15999e-11 4.06091e-11 3.19452e-11 2.51187e-11 1.97426e-11 1.55105e-11 1.21806e-11 9.56175e-12 7.50293e-12 5.88509e-12 4.61432e-12 3.61657e-12 2.83351e-12 2.21917e-12 1.7374e-12 1.35974e-12 1.06379e-12 8.31974e-13 6.5045e-13 5.08361e-13 3.9718e-13 3.10213e-13
0.000198054 0.000128707 0.000130122 0.000127593 0.000122224 0.000114924 0.000106428 9.73114e-05 8.80118e-05 7.88534e-05 7.00655e-05 6.18017e-05 5.41557e-05 4.71755e-05 4.08747e-05 3.5242e-05 3.0249e-05 2.58558e-05 2.20157e-05 1.8679e-05 1.57953e-05 1.33151e-05 1.11916e-05 9.38079e-06 7.84259e-06 6.54053e-06 5.44197e-06 4.51793e-06 3.74294e-06 3.09469e-06 2.55384e-06 2.10368e-06 1.72986e-06 1.42009e-06 1.16394e-06 9.52521e-07 7.78358e-07 6.35138e-07 5.17564e-07 4.212e-07 3.42342e-07 2.77908e-07 2.25333e-07 1.82496e-07 1.47639e-07 1.19311e-07 9.63182e-08 7.76781e-08 6.25841e-08 5.03752e-08 4.05106e-08 3.25485e-08 2.61285e-08 2.0957e-08 1.67952e-08 1.3449e-08 1.07611e-08 8.60381e-09 6.87387e-09 5.48777e-09 4.37807e-09 3.49035e-09 2.78074e-09 2.21394e-09 1.76153e-09 1.40069e-09 1.11307e-09 8.8398e-10 7.01625e-10 5.56565e-10 4.41246e-10 3.49627e-10 2.7688e-10 2.19153e-10 1.73371e-10 1.37083e-10 1.08335e-10 8.55744e-11 6.75627e-11 5.33168e-11 4.20551e-11 3.31569e-11 2.61297e-11 2.05827e-11 1.62062e-11 1.27549e-11 1.00343e-11 7.8908e-12 6.20266e-12 4.87373e-12 3.82803e-12 3.00553e-12 2.35886e-12 1.85063e-12 1.45137e-12 1.13784e-12 8.91715e-13 6.98586e-13 5.47096e-13 4.28311e-13 3.35204e-13
0.000146397 9.82868e-05 0.000100558 9.96168e-05 9.62934e-05 9.12899e-05 8.51837e-05 7.84379e-05 7.14139e-05 6.43855e-05 5.75528e-05 5.10556e-05 4.49852e-05 3.93944e-05 3.43074e-05 2.97261e-05 2.5637e-05 2.20157e-05 1.8831e-05 1.60476e-05 1.36287e-05 1.15371e-05 9.7371e-06 8.19459e-06 6.87798e-06 5.75831e-06 4.80936e-06 4.00766e-06 3.33238e-06 2.76519e-06 2.29003e-06 1.89296e-06 1.56194e-06 1.28659e-06 1.05804e-06 8.68716e-07 7.12185e-07 5.83006e-07 4.76587e-07 3.89065e-07 3.17201e-07 2.58284e-07 2.10054e-07 1.70629e-07 1.38445e-07 1.12208e-07 9.08456e-08 7.34738e-08 5.93641e-08 4.7917e-08 3.86406e-08 3.11312e-08 2.50587e-08 2.0153e-08 1.6194e-08 1.30019e-08 1.04306e-08 8.36124e-09 6.69728e-09 5.36045e-09 4.28733e-09 3.4266e-09 2.73676e-09 2.18431e-09 1.74222e-09 1.3887e-09 1.10622e-09 8.80644e-10 7.00642e-10 5.571e-10 4.42707e-10 3.51602e-10 2.79089e-10 2.21409e-10 1.75556e-10 1.39125e-10 1.10197e-10 8.72401e-11 6.9031e-11 5.45959e-11 4.31586e-11 3.41012e-11 2.69322e-11 2.12606e-11 1.67759e-11 1.32313e-11 1.04312e-11 8.2202e-12 6.47512e-12 5.09842e-12 4.0128e-12 3.15709e-12 2.48288e-12 1.9519e-12 1.5339e-12 1.20496e-12 9.46212e-13 7.42759e-13 5.82844e-13 4.57198e-13 3.58514e-13
0.000108213 7.49792e-05 7.76137e-05 7.76606e-05 7.5738e-05 7.23813e-05 6.80408e-05 6.30853e-05 5.78089e-05 5.24395e-05 4.71485e-05 4.20596e-05 3.72574e-05 3.27955e-05 2.87029e-05 2.49899e-05 2.16531e-05 1.8679e-05 1.60476e-05 1.37346e-05 1.17133e-05 9.95645e-06 8.43679e-06 7.12818e-06 6.00596e-06 5.04723e-06 4.23109e-06 3.53862e-06 2.9529e-06 2.45891e-06 2.04343e-06 1.69487e-06 1.40318e-06 1.15964e-06 9.56744e-07 7.88066e-07 6.48113e-07 5.32214e-07 4.36409e-07 3.57351e-07 2.92221e-07 2.38652e-07 1.94658e-07 1.58582e-07 1.2904e-07 1.04883e-07 8.51535e-08 6.90618e-08 5.59529e-08 4.52868e-08 3.6618e-08 2.95806e-08 2.38735e-08 1.92503e-08 1.55088e-08 1.24838e-08 1.00406e-08 8.06894e-09 6.47937e-09 5.19894e-09 4.16842e-09 3.33971e-09 2.67384e-09 2.13923e-09 1.71035e-09 1.36653e-09 1.09112e-09 8.70653e-10 6.943e-10 5.53328e-10 4.40715e-10 3.50815e-10 2.79092e-10 2.21908e-10 1.76342e-10 1.40057e-10 1.11179e-10 8.82092e-11 6.99491e-11 5.54412e-11 4.39206e-11 3.47771e-11 2.7524e-11 2.17734e-11 1.72164e-11 1.3607e-11 1.07495e-11 8.4884e-12 6.70003e-12 5.28621e-12 4.169e-12 3.28656e-12 2.58986e-12 2.04005e-12 1.60633e-12 1.26433e-12 9.94777e-13 7.82398e-13 6.15136e-13 4.83457e-13 3.7983e-13
7.99887e-05 5.71436e-05 5.98344e-05 6.04605e-05 5.94773e-05 5.72892e-05 5.42442e-05 5.06329e-05 4.66921e-05 4.26093e-05 3.85287e-05 3.45576e-05 3.07722e-05 2.72234e-05 2.3942e-05 2.0943e-05 1.82294e-05 1.57953e-05 1.36287e-05 1.17133e-05 1.00305e-05 8.56019e-06 7.28207e-06 6.17617e-06 5.22338e-06 4.40575e-06 3.70669e-06 3.11105e-06 2.60516e-06 2.17679e-06 1.81508e-06 1.51048e-06 1.25461e-06 1.0402e-06 8.60925e-07 7.11362e-07 5.86838e-07 4.83366e-07 3.97547e-07 3.26496e-07 2.67774e-07 2.1932e-07 1.79403e-07 1.46568e-07 1.19599e-07 9.74778e-08 7.93586e-08 6.45366e-08 5.24271e-08 4.25459e-08 3.44924e-08 2.7936e-08 2.26045e-08 1.82736e-08 1.47593e-08 1.19104e-08 9.60317e-09 7.73649e-09 6.22761e-09 5.00906e-09 4.02584e-09 3.23318e-09 2.59468e-09 2.08077e-09 1.66749e-09 1.33537e-09 1.06868e-09 8.54695e-10 6.83116e-10 5.45638e-10 4.35559e-10 3.47479e-10 2.77046e-10 2.20762e-10 1.75812e-10 1.39937e-10 1.11322e-10 8.85102e-11 7.03361e-11 5.5865e-11 4.43487e-11 3.51889e-11 2.79073e-11 2.21219e-11 1.75276e-11 1.3881e-11 1.0988e-11 8.69412e-12 6.87606e-12 5.43583e-12 4.29543e-12 3.39286e-12 2.67883e-12 2.11421e-12 1.66793e-12 1.31533e-12 1.03688e-12 8.17055e-13 6.43595e-13 5.06772e-13 3.98892e-13
5.91257e-05 4.35111e-05 4.6077e-05 4.70091e-05 4.66391e-05 4.52698e-05 4.31676e-05 4.05596e-05 3.76347e-05 3.45452e-05 3.14111e-05 2.83238e-05 2.53502e-05 2.25371e-05 1.99148e-05 1.75004e-05 1.53007e-05 1.33151e-05 1.15371e-05 9.95645e-06 8.56019e-06 7.334e-06 6.26284e-06 5.33162e-06 4.52567e-06 3.831e-06 3.23452e-06 2.72417e-06 2.28896e-06 1.91899e-06 1.60539e-06 1.34031e-06 1.11683e-06 9.28875e-07 7.71175e-07 6.39152e-07 5.2886e-07 4.36907e-07 3.60392e-07 2.96841e-07 2.4415e-07 2.00538e-07 1.64498e-07 1.34763e-07 1.10267e-07 9.01151e-08 7.35609e-08 5.99803e-08 4.88535e-08 3.97487e-08 3.23075e-08 2.62331e-08 2.12801e-08 1.72459e-08 1.39637e-08 1.1296e-08 9.12994e-09 7.37298e-09 5.94918e-09 4.79645e-09 3.86402e-09 3.11045e-09 2.50196e-09 2.01102e-09 1.61526e-09 1.29646e-09 1.03987e-09 8.33506e-10 6.67652e-10 5.34456e-10 4.27562e-10 3.41836e-10 2.73132e-10 2.18108e-10 1.74067e-10 1.38839e-10 1.10679e-10 8.8182e-11 7.022e-11 5.58871e-11 4.44566e-11 3.5346e-11 2.80884e-11 2.23099e-11 1.77117e-11 1.40545e-11 1.11473e-11 8.83737e-12 7.00294e-12 5.54683e-12 4.39156e-12 3.47542e-12 2.74923e-12 2.17388e-12 1.71822e-12 1.35753e-12 1.07213e-12 8.46399e-13 6.67937e-13 5.26903e-13 4.15493e-13
4.37044e-05 3.31026e-05 3.54459e-05 3.65058e-05 3.65214e-05 3.5717e-05 3.42949e-05 3.24311e-05 3.02749e-05 2.7949e-05 2.55521e-05 2.31608e-05 2.0833e-05 1.86104e-05 1.65214e-05 1.45837e-05 1.28063e-05 1.11916e-05 9.7371e-06 8.43679e-06 7.28207e-06 6.26284e-06 5.36814e-06 4.5867e-06 3.90733e-06 3.31921e-06 2.81209e-06 2.37642e-06 2.00343e-06 1.68511e-06 1.41427e-06 1.1845e-06 9.90075e-07 8.25987e-07 6.87835e-07 5.71784e-07 4.74513e-07 3.9315e-07 3.2523e-07 2.68639e-07 2.21574e-07 1.82498e-07 1.5011e-07 1.23308e-07 1.01164e-07 8.28947e-08 6.7844e-08 5.54621e-08 4.52892e-08 3.69422e-08 3.01019e-08 2.4503e-08 1.99256e-08 1.61877e-08 1.31385e-08 1.0654e-08 8.6315e-09 6.98687e-09 5.65081e-09 4.56644e-09 3.68717e-09 2.97486e-09 2.3983e-09 1.93203e-09 1.55526e-09 1.25107e-09 1.00566e-09 8.07836e-10 6.48487e-10 5.20227e-10 4.17065e-10 3.34149e-10 2.67551e-10 2.14096e-10 1.71219e-10 1.36848e-10 1.09315e-10 8.72721e-11 6.96356e-11 5.55331e-11 4.42631e-11 3.52618e-11 2.80766e-11 2.23442e-11 1.77734e-11 1.41307e-11 1.12293e-11 8.91937e-12 7.08134e-12 5.61952e-12 4.45748e-12 3.53417e-12 2.8009e-12 2.21882e-12 1.75698e-12 1.39069e-12 1.10031e-12 8.70219e-13 6.8797e-13 5.43678e-13 4.29485e-13
3.23052e-05 2.51636e-05 2.72409e-05 2.83167e-05 2.85611e-05 2.8139e-05 2.72025e-05 2.5887e-05 2.43095e-05 2.2568e-05 2.07428e-05 1.88976e-05 1.70816e-05 1.53312e-05 1.36722e-05 1.21218e-05 1.06899e-05 9.38079e-06 8.19459e-06 7.12818e-06 6.17617e-06 5.33162e-06 4.5867e-06 3.93307e-06 3.36228e-06 2.86604e-06 2.43637e-06 2.06574e-06 1.74719e-06 1.47429e-06 1.24124e-06 1.04281e-06 8.74305e-07 7.31601e-07 6.11043e-07 5.09435e-07 4.23991e-07 3.52292e-07 2.9225e-07 2.42068e-07 2.00205e-07 1.65344e-07 1.36365e-07 1.12314e-07 9.23853e-08 7.58973e-08 6.22762e-08 5.10394e-08 4.17823e-08 3.41663e-08 2.79084e-08 2.27728e-08 1.85633e-08 1.51169e-08 1.22985e-08 9.99621e-09 8.11745e-09 6.58592e-09 5.3387e-09 4.32401e-09 3.49927e-09 2.82955e-09 2.2862e-09 1.84576e-09 1.48905e-09 1.2004e-09 9.66999e-10 7.78433e-10 6.26205e-10 5.03406e-10 4.0442e-10 3.24688e-10 2.60509e-10 2.08886e-10 1.67391e-10 1.34059e-10 1.07301e-10 8.58341e-11 6.86234e-11 5.48333e-11 4.37904e-11 3.49528e-11 2.78842e-11 2.22336e-11 1.7719e-11 1.41142e-11 1.12372e-11 8.94235e-12 7.11278e-12 5.65491e-12 4.49379e-12 3.56948e-12 2.83402e-12 2.24912e-12 1.78417e-12 1.41474e-12 1.12133e-12 8.88415e-13 7.03593e-13 5.56999e-13 4.40775e-13
2.38793e-05 1.9114e-05 2.09156e-05 2.19406e-05 2.23083e-05 2.21383e-05 2.15444e-05 2.06298e-05 1.94855e-05 1.81893e-05 1.68058e-05 1.53875e-05 1.39755e-05 1.26014e-05 1.1288e-05 1.00511e-05 8.90086e-06 7.84259e-06 6.87798e-06 6.00596e-06 5.22338e-06 4.52567e-06 3.90733e-06 3.36228e-06 2.88423e-06 2.46684e-06 2.10395e-06 1.7897e-06 1.51854e-06 1.28539e-06 1.08554e-06 9.14769e-07 7.69254e-07 6.45595e-07 5.40777e-07 4.52146e-07 3.77374e-07 3.14433e-07 2.61562e-07 2.17238e-07 1.80152e-07 1.49178e-07 1.23355e-07 1.01862e-07 8.40025e-08 6.91856e-08 5.69114e-08 4.67584e-08 3.83718e-08 3.14537e-08 2.57545e-08 2.10654e-08 1.72121e-08 1.40494e-08 1.14565e-08 9.33323e-09 7.59634e-09 6.17704e-09 5.01846e-09 4.07366e-09 3.30393e-09 2.67743e-09 2.16798e-09 1.75408e-09 1.41811e-09 1.14562e-09 9.24812e-10 7.46025e-10 6.01376e-10 4.8444e-10 3.89977e-10 3.13727e-10 2.52221e-10 2.02645e-10 1.62712e-10 1.30568e-10 1.04711e-10 8.39258e-11 6.72275e-11 5.3821e-11 4.30641e-11 3.44383e-11 2.75255e-11 2.19888e-11 1.75566e-11 1.40107e-11 1.11753e-11 8.90941e-12 7.09949e-12 5.65456e-12 4.5016e-12 3.58208e-12 2.8491e-12 2.26509e-12 1.8e-12 1.42979e-12 1.13524e-12 9.00994e-13 7.14786e-13 5.66831e-13 4.49322e-13
1.7651e-05 1.45084e-05 1.6045e-05 1.69827e-05 1.74039e-05 1.73946e-05 1.70388e-05 1.64149e-05 1.5593e-05 1.46344e-05 1.35908e-05 1.25049e-05 1.1411e-05 1.03356e-05 9.29885e-06 8.31499e-06 7.39364e-06 6.54053e-06 5.75831e-06 5.04723e-06 4.40575e-06 3.831e-06 3.31921e-06 2.86604e-06 2.46684e-06 2.11683e-06 1.81129e-06 1.54566e-06 1.31559e-06 1.11702e-06 9.46212e-07 7.99734e-07 6.74492e-07 5.67703e-07 4.76887e-07 3.99848e-07 3.34649e-07 2.79597e-07 2.33211e-07 1.94208e-07 1.61478e-07 1.34062e-07 1.1114e-07 9.20091e-08 7.60679e-08 6.28063e-08 5.17909e-08 4.26549e-08 3.50887e-08 2.88311e-08 2.36628e-08 1.93998e-08 1.58878e-08 1.29982e-08 1.06234e-08 8.67404e-09 7.07558e-09 5.76632e-09 4.69506e-09 3.81943e-09 3.10442e-09 2.52114e-09 2.04576e-09 1.65868e-09 1.34379e-09 1.08783e-09 8.79971e-10 7.11303e-10 5.7455e-10 4.63762e-10 3.74078e-10 3.01534e-10 2.42897e-10 1.95535e-10 1.57309e-10 1.26476e-10 1.01625e-10 8.16073e-11 6.54942e-11 5.25321e-11 4.21115e-11 3.37392e-11 2.70166e-11 2.16218e-11 1.72952e-11 1.38271e-11 1.10488e-11 8.82436e-12 7.04427e-12 5.62053e-12 4.48241e-12 3.57307e-12 2.84689e-12 2.26727e-12 1.80484e-12 1.4361e-12 1.1422e-12 9.08057e-13 7.21607e-13 5.73203e-13 4.55134e-13
1.30472e-05 1.10049e-05 1.22982e-05 1.31322e-05 1.35626e-05 1.36504e-05 1.34573e-05 1.3042e-05 1.24586e-05 1.17547e-05 1.09715e-05 1.01436e-05 9.299e-06 8.46015e-06 7.64419e-06 6.8638e-06 6.12782e-06 5.44197e-06 4.80936e-06 4.23109e-06 3.70669e-06 3.23452e-06 2.81209e-06 2.43637e-06 2.10395e-06 1.81129e-06 1.5548e-06 1.33093e-06 1.1363e-06 9.6771e-07 8.22167e-07 6.96924e-07 5.89475e-07 4.97554e-07 4.19129e-07 3.52389e-07 2.95731e-07 2.47744e-07 2.0719e-07 1.7299e-07 1.44207e-07 1.20029e-07 9.97579e-08 8.27918e-08 6.86163e-08 5.6792e-08 4.69444e-08 3.87557e-08 3.19564e-08 2.63188e-08 2.16509e-08 1.7791e-08 1.46034e-08 1.19743e-08 9.80843e-09 8.02627e-09 6.56153e-09 5.359e-09 4.3728e-09 3.56487e-09 2.90365e-09 2.36304e-09 1.92147e-09 1.56113e-09 1.26734e-09 1.02804e-09 8.33282e-10 6.74914e-10 5.46242e-10 4.41783e-10 3.57049e-10 2.88368e-10 2.3274e-10 1.8772e-10 1.51309e-10 1.21883e-10 9.81186e-11 7.89392e-11 6.34707e-11 5.10032e-11 4.09609e-11 3.28772e-11 2.63741e-11 2.11457e-11 1.69446e-11 1.3571e-11 1.08634e-11 8.69153e-12 6.95038e-12 5.55528e-12 4.43804e-12 3.54379e-12 2.8284e-12 2.25638e-12 1.79922e-12 1.43404e-12 1.14247e-12 9.09787e-13 7.24182e-13 5.76198e-13 4.58263e-13
9.64417e-06 8.34204e-06 9.41891e-06 1.01453e-05 1.05579e-05 1.06995e-05 1.06149e-05 1.03478e-05 9.93939e-06 9.42672e-06 8.84227e-06 8.21372e-06 7.56402e-06 6.91175e-06 6.27147e-06 5.65418e-06 5.06787e-06 4.51793e-06 4.00766e-06 3.53862e-06 3.11105e-06 2.72417e-06 2.37642e-06 2.06574e-06 1.7897e-06 1.54566e-06 1.33093e-06 1.14279e-06 9.78622e-07 8.35897e-07 7.12251e-07 6.05486e-07 5.13582e-07 4.34703e-07 3.6719e-07 3.09556e-07 2.60479e-07 2.18787e-07 1.83449e-07 1.53561e-07 1.28335e-07 1.07086e-07 8.92211e-08 7.42282e-08 6.16679e-08 5.11631e-08 4.23917e-08 3.50792e-08 2.8992e-08 2.39322e-08 1.97323e-08 1.6251e-08 1.33691e-08 1.09864e-08 9.01892e-09 7.39622e-09 6.05946e-09 4.95949e-09 4.05537e-09 3.31302e-09 2.70412e-09 2.2052e-09 1.79679e-09 1.46279e-09 1.1899e-09 9.6715e-10 7.85482e-10 6.3745e-10 5.16929e-10 4.18887e-10 3.39196e-10 2.74473e-10 2.21947e-10 1.79351e-10 1.44835e-10 1.16885e-10 9.42691e-11 7.59815e-11 6.12041e-11 4.9271e-11 3.96411e-11 3.18749e-11 2.56156e-11 2.05739e-11 1.65154e-11 1.32504e-11 1.06252e-11 8.51564e-12 6.82143e-12 5.46153e-12 4.37056e-12 3.49581e-12 2.7948e-12 2.2333e-12 1.78378e-12 1.42408e-12 1.13641e-12 9.0644e-13 7.22693e-13 5.75945e-13 4.58801e-13
7.12874e-06 6.3196e-06 7.20825e-06 7.8308e-06 8.21063e-06 8.37716e-06 8.36256e-06 8.19928e-06 7.91837e-06 7.54844e-06 7.11494e-06 6.63993e-06 6.14201e-06 5.63647e-06 5.13552e-06 4.6486e-06 4.18275e-06 3.74294e-06 3.33238e-06 2.9529e-06 2.60516e-06 2.28896e-06 2.00343e-06 1.74719e-06 1.51854e-06 1.31559e-06 1.1363e-06 9.78622e-07 8.40519e-07 7.20027e-07 6.15279e-07 5.24526e-07 4.46147e-07 3.78658e-07 3.20712e-07 2.71092e-07 2.28711e-07 1.92601e-07 1.61905e-07 1.35869e-07 1.13832e-07 9.52186e-08 7.95263e-08 6.63217e-08 5.52303e-08 4.59299e-08 3.81442e-08 3.1637e-08 2.62067e-08 2.16818e-08 1.79168e-08 1.47884e-08 1.21925e-08 1.00413e-08 8.26078e-09 6.78893e-09 5.57368e-09 4.57145e-09 3.74583e-09 3.06643e-09 2.50797e-09 2.04938e-09 1.67318e-09 1.36487e-09 1.11245e-09 9.05971e-10 7.37229e-10 5.99447e-10 4.87044e-10 3.95422e-10 3.20801e-10 2.60076e-10 2.10697e-10 1.70576e-10 1.38002e-10 1.11575e-10 9.01496e-11 7.27923e-11 5.87402e-11 4.73718e-11 3.81806e-11 3.07545e-11 2.47584e-11 1.992e-11 1.60182e-11 1.28735e-11 1.03406e-11 8.30166e-12 6.66125e-12 5.34224e-12 4.28224e-12 3.43086e-12 2.74739e-12 2.19903e-12 1.75927e-12 1.4068e-12 1.12443e-12 8.98332e-13 7.17375e-13 5.72617e-13 4.56872e-13
5.2694e-06 4.78465e-06 5.51245e-06 6.03918e-06 6.37903e-06 6.55186e-06 6.58047e-06 6.48866e-06 6.29979e-06 6.03574e-06 5.71637e-06 5.35915e-06 4.97903e-06 4.58851e-06 4.19774e-06 3.81471e-06 3.44555e-06 3.09469e-06 2.76519e-06 2.45891e-06 2.17679e-06 1.91899e-06 1.68511e-06 1.47429e-06 1.28539e-06 1.11702e-06 9.6771e-07 8.35897e-07 7.20027e-07 6.18575e-07 5.30076e-07 4.53143e-07 3.86483e-07 3.28902e-07 2.79309e-07 2.36712e-07 2.00221e-07 1.69038e-07 1.42454e-07 1.19842e-07 1.00651e-07 8.43964e-08 7.06562e-08 5.90637e-08 4.93011e-08 4.10939e-08 3.42061e-08 2.84349e-08 2.3607e-08 1.95743e-08 1.62107e-08 1.34093e-08 1.10793e-08 9.14396e-09 7.53847e-09 6.20829e-09 5.10756e-09 4.19777e-09 3.44665e-09 2.82723e-09 2.31697e-09 1.89708e-09 1.55189e-09 1.26842e-09 1.03584e-09 8.4521e-10 6.89101e-10 5.61379e-10 4.56975e-10 3.71704e-10 3.0212e-10 2.45383e-10 1.99159e-10 1.61529e-10 1.30919e-10 1.06038e-10 8.58291e-11 6.94266e-11 5.6123e-11 4.53404e-11 3.66069e-11 2.95379e-11 2.38199e-11 1.91977e-11 1.54636e-11 1.24488e-11 1.00162e-11 8.05465e-12 6.47378e-12 5.20046e-12 4.17544e-12 3.35075e-12 2.6876e-12 2.15464e-12 1.72653e-12 1.38283e-12 1.10703e-12 8.85824e-13 7.085e-13 5.66418e-13 4.5263e-13
3.89502e-06 3.62049e-06 4.21269e-06 4.65369e-06 4.95147e-06 5.11903e-06 5.17236e-06 5.12875e-06 5.00559e-06 4.81958e-06 4.58609e-06 4.31886e-06 4.02986e-06 3.72922e-06 3.4253e-06 3.12483e-06 2.83304e-06 2.55384e-06 2.29003e-06 2.04343e-06 1.81508e-06 1.60539e-06 1.41427e-06 1.24124e-06 1.08554e-06 9.46212e-07 8.22167e-07 7.12251e-07 6.15279e-07 5.30076e-07 4.55497e-07 3.90451e-07 3.33908e-07 2.84912e-07 2.42582e-07 2.06115e-07 1.74783e-07 1.47931e-07 1.24975e-07 1.05394e-07 8.87296e-08 7.45772e-08 6.25825e-08 5.24363e-08 4.38697e-08 3.66498e-08 3.05755e-08 2.54734e-08 2.11949e-08 1.76126e-08 1.46177e-08 1.21174e-08 1.00331e-08 8.29786e-09 6.85515e-09 5.65718e-09 4.66366e-09 3.8407e-09 3.15981e-09 2.5971e-09 2.13257e-09 1.74951e-09 1.43396e-09 1.17428e-09 9.60803e-10 7.85468e-10 6.416e-10 5.23659e-10 4.27061e-10 3.48012e-10 2.83381e-10 2.30581e-10 1.87483e-10 1.52331e-10 1.23684e-10 1.00355e-10 8.13719e-11 6.5936e-11 5.33937e-11 4.32098e-11 3.49464e-11 2.82461e-11 2.28167e-11 1.842e-11 1.48619e-11 1.19843e-11 9.65846e-12 7.7797e-12 6.263e-12 5.03931e-12 4.05258e-12 3.25738e-12 2.61688e-12 2.10128e-12 1.68643e-12 1.35283e-12 1.08471e-12 8.69315e-13 6.96371e-13 5.57579e-13 4.46249e-13
2.8791e-06 2.73812e-06 3.21727e-06 3.58328e-06 3.83999e-06 3.99565e-06 4.06123e-06 4.04918e-06 3.97237e-06 3.84344e-06 3.67421e-06 3.47546e-06 3.25669e-06 3.02606e-06 2.79041e-06 2.55536e-06 2.32531e-06 2.10368e-06 1.89296e-06 1.69487e-06 1.51048e-06 1.34031e-06 1.1845e-06 1.04281e-06 9.14769e-07 7.99734e-07 6.96924e-07 6.05486e-07 5.24526e-07 4.53143e-07 3.90451e-07 3.35591e-07 2.87752e-07 2.46168e-07 2.10132e-07 1.78995e-07 1.52164e-07 1.29105e-07 1.09335e-07 9.24259e-08 7.79964e-08 6.57095e-08 5.52687e-08 4.64142e-08 3.89193e-08 3.25869e-08 2.72461e-08 2.27494e-08 1.89694e-08 1.57971e-08 1.31387e-08 1.09144e-08 9.05581e-09 7.50507e-09 6.21288e-09 5.13755e-09 4.2438e-09 3.50189e-09 2.88675e-09 2.37732e-09 1.9559e-09 1.60766e-09 1.32021e-09 1.08319e-09 8.87934e-10 7.27252e-10 5.95148e-10 4.8664e-10 3.97595e-10 3.24588e-10 2.64782e-10 2.15833e-10 1.75803e-10 1.43093e-10 1.16386e-10 9.45984e-11 7.68367e-11 6.2368e-11 5.05906e-11 4.10107e-11 3.32238e-11 2.68987e-11 2.17644e-11 1.75996e-11 1.42233e-11 1.14881e-11 9.2736e-12 7.48178e-12 6.03284e-12 4.86187e-12 3.9161e-12 3.15265e-12 2.53673e-12 2.0401e-12 1.63988e-12 1.31752e-12 1.05802e-12 8.49224e-13 6.81313e-13 5.46349e-13 4.3792e-13
2.12816e-06 2.06973e-06 2.45551e-06 2.75704e-06 2.97551e-06 3.11587e-06 3.18553e-06 3.19332e-06 3.14871e-06 3.06116e-06 2.93976e-06 2.79288e-06 2.62804e-06 2.45176e-06 2.26963e-06 2.08626e-06 1.90536e-06 1.72986e-06 1.56194e-06 1.40318e-06 1.25461e-06 1.11683e-06 9.90075e-07 8.74305e-07 7.69254e-07 6.74492e-07 5.89475e-07 5.13582e-07 4.46147e-07 3.86483e-07 3.33908e-07 2.87752e-07 2.47374e-07 2.12168e-07 1.81567e-07 1.55048e-07 1.32131e-07 1.12379e-07 9.5398e-08 8.0835e-08 6.83743e-08 5.77361e-08 4.86728e-08 4.09671e-08 3.44284e-08 2.88902e-08 2.42079e-08 2.02562e-08 1.69266e-08 1.41256e-08 1.17731e-08 9.80022e-09 8.14808e-09 6.76651e-09 5.61277e-09 4.65057e-09 3.84914e-09 3.18246e-09 2.62853e-09 2.16884e-09 1.78779e-09 1.47227e-09 1.21131e-09 9.95688e-10 8.1772e-10 6.70975e-10 5.50095e-10 4.50616e-10 3.68825e-10 3.01638e-10 2.46497e-10 2.01282e-10 1.64237e-10 1.33911e-10 1.09106e-10 8.88327e-11 7.22763e-11 5.87656e-11 4.77485e-11 3.87714e-11 3.14618e-11 2.55141e-11 2.06779e-11 1.67482e-11 1.35572e-11 1.09677e-11 8.8677e-12 7.16568e-12 5.7871e-12 4.67116e-12 3.76837e-12 3.03845e-12 2.44862e-12 1.97227e-12 1.58778e-12 1.27761e-12 1.02752e-12 8.25988e-13 6.63665e-13 5.3299e-13 4.27846e-13
