0.979958 0.00493086 0.00246962 0.00124308 0.000628758 0.000319539 0.000163137 8.36559e-05 4.30794e-05 2.2273e-05 1.15592e-05 6.02016e-06 3.14568e-06 1.64868e-06 8.66479e-07 4.5653e-07 2.41078e-07 1.2756e-07 6.76136e-08 3.58933e-08 1.9079e-08 1.01525e-08 5.40721e-09 2.88191e-09 1.53678e-09 8.19747e-10 4.37259e-10 2.33034e-10 1.23738e-10 6.47924e-11 3.45411e-11
0.00493086 4.53381e-05 2.27993e-05 1.15261e-05 5.85586e-06 2.98857e-06 1.53147e-06 7.87626e-07 4.06349e-07 2.10207e-07 1.08987e-07 5.66121e-08 2.94502e-08 1.53379e-08 7.99492e-09 4.16982e-09 2.17559e-09 1.13529e-09 5.92425e-10 3.09095e-10 1.61225e-10 8.40631e-11 4.38091e-11 2.2816e-11 1.18702e-11 6.16115e-12 3.17626e-12 1.60032e-12 7.39818e-13 2.20281e-13 1.11355e-13
0.00246962 2.27993e-05 1.14615e-05 5.79199e-06 2.94125e-06 1.50029e-06 7.68376e-07 3.94936e-07 2.03628e-07 1.05272e-07 5.45469e-08 2.83163e-08 1.47216e-08 7.66263e-09 3.99192e-09 2.0809e-09 1.08515e-09 5.65988e-10 2.95211e-10 1.53958e-10 8.02712e-11 4.1836e-11 2.17918e-11 1.13399e-11 5.8874e-12 3.03577e-12 1.52952e-12 7.06634e-13 2.09909e-13 1.0548e-13 5.33535e-14
0.00124308 1.15261e-05 5.79199e-06 2.92547e-06 1.48471e-06 7.56828e-07 3.87329e-07 1.9893e-07 1.02487e-07 5.29414e-08 2.74097e-08 1.42175e-08 7.3859e-09 3.84149e-09 1.9998e-09 1.04172e-09 5.42875e-10 2.82971e-10 1.47505e-10 7.68819e-11 4.0062e-11 2.08662e-11 1.08583e-11 5.63774e-12 2.9071e-12 1.46433e-12 6.75768e-13 1.99747e-13 1.00531e-13 5.05356e-14 2.55775e-14
0.000628758 5.85586e-06 2.94125e-06 1.48471e-06 7.52979e-07 3.83526e-07 1.96112e-07 1.00631e-07 5.1795e-08 2.673e-08 1.38257e-08 7.16463e-09 3.71848e-09 1.93226e-09 1.00501e-09 5.23079e-10 2.72372e-10 1.41863e-10 7.38941e-11 3.84867e-11 2.00388e-11 1.04254e-11 5.4121e-12 2.79024e-12 1.40486e-12 6.47446e-13 1.90275e-13 9.56855e-14 4.81783e-14 2.42278e-14 1.22701e-14
0.000319539 2.98857e-06 1.50029e-06 7.56828e-07 3.83526e-07 1.95173e-07 9.97027e-08 5.11073e-08 2.62769e-08 1.35459e-08 6.99874e-09 3.62285e-09 1.87825e-09 9.74982e-10 5.06592e-10 2.63409e-10 1.3703e-10 7.13066e-11 3.71094e-11 1.93095e-11 1.00409e-11 5.21041e-12 2.68518e-12 1.35111e-12 6.21714e-13 1.81605e-13 9.11824e-14 4.5872e-14 2.3107e-14 1.16245e-14 5.8909e-15
0.000163137 1.53147e-06 7.68376e-07 3.87329e-07 1.96112e-07 9.97027e-08 5.08781e-08 2.60505e-08 1.33781e-08 6.88817e-09 3.55456e-09 1.83776e-09 9.5164e-10 4.9341e-10 2.5608e-10 1.33006e-10 6.91187e-11 3.59297e-11 1.86779e-11 9.70483e-12 5.03261e-12 2.59188e-12 1.30306e-12 5.98577e-13 1.73763e-13 8.70779e-14 4.37356e-14 2.20113e-14 1.10926e-14 5.58255e-15 2.83087e-15
8.36559e-05 7.87626e-07 3.94936e-07 1.9893e-07 1.00631e-07 5.11073e-08 2.60505e-08 1.33222e-08 6.8329e-09 3.5136e-09 1.81077e-09 9.34972e-10 4.83526e-10 2.50382e-10 1.29788e-10 6.73296e-11 3.49473e-11 1.81438e-11 9.41695e-12 4.87864e-12 2.51031e-12 1.2607e-12 5.7803e-13 1.66753e-13 8.33843e-14 4.17971e-14 2.1e-14 1.05732e-14 5.3307e-15 2.68382e-15 1.36182e-15
4.30794e-05 4.06349e-07 2.03628e-07 1.02487e-07 5.1795e-08 2.62769e-08 1.33781e-08 6.8329e-09 3.49994e-09 1.79728e-09 9.24974e-10 4.7694e-10 2.46314e-10 1.27376e-10 6.59388e-11 3.41618e-11 1.77071e-11 9.17719e-12 4.74844e-12 2.44044e-12 1.22401e-12 5.60066e-13 1.60572e-13 8.01036e-14 4.00626e-14 2.00869e-14 1.00956e-14 5.08502e-15 2.56487e-15 1.29183e-15 6.55917e-16
2.2273e-05 2.10207e-07 1.05272e-07 5.29414e-08 2.673e-08 1.35459e-08 6.88817e-09 3.5136e-09 1.79728e-09 9.21642e-10 4.73647e-10 2.43873e-10 1.25768e-10 6.49456e-11 3.35728e-11 1.73676e-11 8.98548e-12 4.64198e-12 2.38226e-12 1.193e-12 5.4468e-13 1.55221e-13 7.72355e-14 3.85333e-14 1.92752e-14 9.66681e-15 4.86011e-15 2.44896e-15 1.23579e-15 6.2266e-16 3.16353e-16
1.15592e-05 1.08987e-07 5.45469e-08 2.74097e-08 1.38257e-08 6.99874e-09 3.55456e-09 1.81077e-09 9.24974e-10 4.73647e-10 2.4306e-10 1.24964e-10 6.43498e-11 3.31803e-11 1.71251e-11 8.84176e-12 4.55921e-12 2.33574e-12 1.16763e-12 5.31866e-13 1.50696e-13 7.4779e-14 3.72089e-14 1.85654e-14 9.28839e-15 4.65944e-15 2.34336e-15 1.18126e-15 5.96343e-16 3.00585e-16 1.52812e-16
6.02016e-06 5.66121e-08 2.83163e-08 1.42175e-08 7.16463e-09 3.62285e-09 1.83776e-09 9.34972e-10 4.7694e-10 2.43873e-10 1.24964e-10 6.41513e-11 3.29841e-11 1.69797e-11 8.74597e-12 4.50011e-12 2.30086e-12 1.14791e-12 5.2162e-13 1.46996e-13 7.27334e-14 3.60891e-14 1.79574e-14 8.9606e-15 4.48379e-15 2.24981e-15 1.13185e-15 5.7077e-16 2.88267e-16 1.45354e-16 7.394e-17
3.14568e-06 2.94502e-08 1.47216e-08 7.3859e-09 3.71848e-09 1.87825e-09 9.5164e-10 4.83526e-10 2.46314e-10 1.25768e-10 6.43498e-11 3.29841e-11 1.69312e-11 8.69808e-12 4.46466e-12 2.27761e-12 1.13383e-12 5.13939e-13 1.4412e-13 7.10978e-14 3.51735e-14 1.74511e-14 8.68342e-15 4.33331e-15 2.16869e-15 1.08843e-15 5.47743e-16 2.76318e-16 1.3961e-16 7.04211e-17 3.58432e-17
1.64868e-06 1.53379e-08 7.66263e-09 3.84149e-09 1.93226e-09 9.74982e-10 4.9341e-10 2.50382e-10 1.27376e-10 6.49456e-11 3.31803e-11 1.69797e-11 8.69808e-12 4.45285e-12 2.26599e-12 1.12539e-12 5.0882e-13 1.42066e-13 6.98716e-14 3.44616e-14 1.70463e-14 8.45677e-15 4.20797e-15 2.10008e-15 1.05118e-15 5.2769e-16 2.65633e-16 1.3405e-16 6.77548e-17 3.41877e-17 1.74106e-17
8.66479e-07 7.99492e-09 3.99192e-09 1.9998e-09 1.00501e-09 5.06592e-10 2.5608e-10 1.29788e-10 6.59388e-11 3.35728e-11 1.71251e-11 8.74597e-12 4.46466e-12 2.26599e-12 1.12257e-12 5.06261e-13 1.40834e-13 6.90544e-14 3.39534e-14 1.67428e-14 8.28058e-15 4.10776e-15 2.04397e-15 1.02016e-15 5.10708e-16 2.56426e-16 1.29117e-16 6.51791e-17 3.29562e-17 1.66342e-17 8.47552e-18
4.5653e-07 4.16982e-09 2.0809e-09 1.04172e-09 5.23079e-10 2.63409e-10 1.33006e-10 6.73296e-11 3.41618e-11 1.73676e-11 8.84176e-12 4.50011e-12 2.27761e-12 1.12539e-12 5.06261e-13 1.40424e-13 6.86459e-14 3.36485e-14 1.65405e-14 8.15477e-15 4.03263e-15 2.00034e-15 9.95345e-16 4.96816e-16 2.48746e-16 1.24919e-16 6.29157e-17 3.17696e-17 1.60687e-17 8.1128e-18 4.13557e-18
2.41078e-07 2.17559e-09 1.08515e-09 5.42875e-10 2.72372e-10 1.3703e-10 6.91187e-11 3.49473e-11 1.77071e-11 8.98548e-12 4.55921e-12 2.30086e-12 1.13383e-12 5.0882e-13 1.40834e-13 6.86459e-14 3.35469e-14 1.64394e-14 8.07931e-15 3.98256e-15 1.9692e-15 9.76744e-16 4.86015e-16 2.42603e-16 1.21481e-16 6.10175e-17 3.07382e-17 1.55255e-17 7.85491e-18 3.96679e-18 2.02294e-18
1.2756e-07 1.13529e-09 5.65988e-10 2.82971e-10 1.41863e-10 7.13066e-11 3.59297e-11 1.81438e-11 9.17719e-12 4.64198e-12 2.33574e-12 1.14791e-12 5.13939e-13 1.42066e-13 6.90544e-14 3.36485e-14 1.64394e-14 8.05416e-15 3.95753e-15 1.95052e-15 9.64346e-16 4.78302e-16 2.37997e-16 1.18806e-16 5.94968e-17 2.98885e-17 1.50595e-17 7.60809e-18 3.85015e-18 1.94478e-18 9.92124e-19
6.76136e-08 5.92425e-10 2.95211e-10 1.47505e-10 7.38941e-11 3.71094e-11 1.86779e-11 9.41695e-12 4.74844e-12 2.38226e-12 1.16763e-12 5.2162e-13 1.4412e-13 6.98716e-14 3.39534e-14 1.65405e-14 8.07931e-15 3.95753e-15 1.94429e-15 9.58149e-16 4.73676e-16 2.34927e-16 1.16896e-16 5.83561e-17 2.92264e-17 1.46838e-17 7.39965e-18 3.73901e-18 1.89255e-18 9.56126e-19 4.87906e-19
3.58933e-08 3.09095e-10 1.53958e-10 7.68819e-11 3.84867e-11 1.93095e-11 9.70483e-12 4.87864e-12 2.44044e-12 1.193e-12 5.31866e-13 1.46996e-13 7.10978e-14 3.44616e-14 1.67428e-14 8.15477e-15 3.98256e-15 1.95052e-15 9.58149e-16 4.72134e-16 2.33392e-16 1.1575e-16 5.75957e-17 2.87534e-17 1.44014e-17 7.23612e-18 3.64695e-18 1.84305e-18 9.33025e-19 4.71433e-19 2.40623e-19
1.9079e-08 1.61225e-10 8.02712e-11 4.0062e-11 2.00388e-11 1.00409e-11 5.03261e-12 2.51031e-12 1.22401e-12 5.4468e-13 1.50696e-13 7.27334e-14 3.51735e-14 1.70463e-14 8.28058e-15 4.03263e-15 1.9692e-15 9.64346e-16 4.73676e-16 2.33392e-16 1.15369e-16 5.72156e-17 2.84696e-17 1.42131e-17 7.11904e-18 3.57724e-18 1.80304e-18 9.11283e-19 4.61375e-19 2.33141e-19 1.19014e-19
1.01525e-08 8.40631e-11 4.1836e-11 2.08662e-11 1.04254e-11 5.21041e-12 2.59188e-12 1.2607e-12 5.60066e-13 1.55221e-13 7.4779e-14 3.60891e-14 1.74511e-14 8.45677e-15 4.10776e-15 2.00034e-15 9.76744e-16 4.78302e-16 2.34927e-16 1.1575e-16 5.72156e-17 2.8375e-17 1.41189e-17 7.04876e-18 3.53064e-18 1.77416e-18 8.94264e-19 4.51993e-19 2.28851e-19 1.15648e-19 5.904e-20
5.40721e-09 4.38091e-11 2.17918e-11 1.08583e-11 5.4121e-12 2.68518e-12 1.30306e-12 5.7803e-13 1.60572e-13 7.72355e-14 3.72089e-14 1.79574e-14 8.68342e-15 4.20797e-15 2.04397e-15 9.95345e-16 4.86015e-16 2.37997e-16 1.16896e-16 5.75957e-17 2.84696e-17 1.41189e-17 7.02533e-18 3.50732e-18 1.75677e-18 8.82777e-19 4.44961e-19 2.24898e-19 1.13869e-19 5.7542e-20 2.93759e-20
2.88191e-09 2.2816e-11 1.13399e-11 5.63774e-12 2.79024e-12 1.35111e-12 5.98577e-13 1.66753e-13 8.01036e-14 3.85333e-14 1.85654e-14 8.9606e-15 4.33331e-15 2.10008e-15 1.02016e-15 4.96816e-16 2.42603e-16 1.18806e-16 5.83561e-17 2.87534e-17 1.42131e-17 7.04876e-18 3.50732e-18 1.75097e-18 8.77012e-19 4.40682e-19 2.22114e-19 1.12258e-19 5.6834e-20 2.87187e-20 1.466e-20
1.53678e-09 1.18702e-11 5.8874e-12 2.9071e-12 1.40486e-12 6.21714e-13 1.73763e-13 8.33843e-14 4.00626e-14 1.92752e-14 9.28839e-15 4.48379e-15 2.16869e-15 1.05118e-15 5.10708e-16 2.48746e-16 1.21481e-16 5.94968e-17 2.92264e-17 1.44014e-17 7.11904e-18 3.53064e-18 1.75677e-18 8.77012e-19 4.3925e-19 2.207e-19 1.11228e-19 5.62092e-20 2.84545e-20 1.43768e-20 7.33775e-21
8.19747e-10 6.16115e-12 3.03577e-12 1.46433e-12 6.47446e-13 1.81605e-13 8.70779e-14 4.17971e-14 2.00869e-14 9.66681e-15 4.65944e-15 2.24981e-15 1.08843e-15 5.2769e-16 2.56426e-16 1.24919e-16 6.10175e-17 2.98885e-17 1.46838e-17 7.23612e-18 3.57724e-18 1.77416e-18 8.82777e-19 4.40682e-19 2.207e-19 1.10879e-19 5.58734e-20 2.82314e-20 1.4289e-20 7.2186e-21 3.68342e-21
4.37259e-10 3.17626e-12 1.52952e-12 6.75768e-13 1.90275e-13 9.11824e-14 4.37356e-14 2.1e-14 1.00956e-14 4.86011e-15 2.34336e-15 1.13185e-15 5.47743e-16 2.65633e-16 1.29117e-16 6.29157e-17 3.07382e-17 1.50595e-17 7.39965e-18 3.64695e-18 1.80304e-18 8.94264e-19 4.44961e-19 2.22114e-19 1.11228e-19 5.58734e-20 2.81508e-20 1.42211e-20 7.19633e-21 3.63479e-21 1.85416e-21
2.33034e-10 1.60032e-12 7.06634e-13 1.99747e-13 9.56855e-14 4.5872e-14 2.20113e-14 1.05732e-14 5.08502e-15 2.44896e-15 1.18126e-15 5.7077e-16 2.76318e-16 1.3405e-16 6.51791e-17 3.17696e-17 1.55255e-17 7.60809e-18 3.73901e-18 1.84305e-18 9.11283e-19 4.51993e-19 2.24898e-19 1.12258e-19 5.62092e-20 2.82314e-20 1.42211e-20 7.18247e-21 3.63364e-21 1.8349e-21 9.35671e-22
1.23738e-10 7.39818e-13 2.09909e-13 1.00531e-13 4.81783e-14 2.3107e-14 1.10926e-14 5.3307e-15 2.56487e-15 1.23579e-15 5.96343e-16 2.88267e-16 1.3961e-16 6.77548e-17 3.29562e-17 1.60687e-17 7.85491e-18 3.85015e-18 1.89255e-18 9.33025e-19 4.61375e-19 2.28851e-19 1.13869e-19 5.6834e-20 2.84545e-20 1.4289e-20 7.19633e-21 3.63364e-21 1.83776e-21 9.27798e-22 4.72926e-22
6.47924e-11 2.20281e-13 1.0548e-13 5.05356e-14 2.42278e-14 1.16245e-14 5.58255e-15 2.68382e-15 1.29183e-15 6.2266e-16 3.00585e-16 1.45354e-16 7.04211e-17 3.41877e-17 1.66342e-17 8.1128e-18 3.96679e-18 1.94478e-18 9.56126e-19 4.71433e-19 2.33141e-19 1.15648e-19 5.7542e-20 2.87187e-20 1.43768e-20 7.2186e-21 3.63479e-21 1.8349e-21 9.27798e-22 4.68301e-22 2.38625e-22
3.45411e-11 1.11355e-13 5.33535e-14 2.55775e-14 1.22701e-14 5.8909e-15 2.83087e-15 1.36182e-15 6.55917e-16 3.16353e-16 1.52812e-16 7.394e-17 3.58432e-17 1.74106e-17 8.47552e-18 4.13557e-18 2.02294e-18 9.92124e-19 4.87906e-19 2.40623e-19 1.19014e-19 5.904e-20 2.93759e-20 1.466e-20 7.33775e-21 3.68342e-21 1.85416e-21 9.35671e-22 4.72926e-22 2.38625e-22 1.21524e-22
