0.9073 0.01937 0.0106062 0.0058075 0.00317994 0.0017412 0.000953406 0.000522044 0.000285849 0.000156519 8.57029e-05 4.69273e-05 2.56954e-05 1.40697e-05 7.70395e-06 4.21836e-06 2.30979e-06 1.26474e-06 6.92519e-07 3.79194e-07 2.0763e-07 1.13689e-07 6.22515e-08 3.40862e-08 1.86642e-08 1.02197e-08 5.59587e-09 3.06406e-09 1.67775e-09 9.18662e-10 5.0302e-10 2.75432e-10 1.50815e-10 8.25798e-11 4.52172e-11 2.4759e-11 1.3557e-11 7.42321e-12 4.06463e-12 2.22562e-12 1.21865e-12 6.67283e-13 3.65375e-13 2.00064e-13 1.09546e-13 5.99829e-14 3.28441e-14 1.7984e-14 9.84728e-15 5.39195e-15 2.9524e-15 1.61661e-15 8.85185e-16 4.8469e-16 2.65395e-16 1.45319e-16 7.95705e-17 4.35694e-17 2.38567e-17 1.30629e-17 7.1527e-18 3.91651e-18 2.14451e-18 1.17424e-18 6.42966e-19 3.52061e-19 1.92773e-19 1.05554e-19 5.77971e-20 3.16472e-20 1.73287e-20 9.48843e-21 5.19546e-21 2.84481e-21 1.5577e-21 8.52928e-22 4.67027e-22 2.55724e-22 1.40023e-22 7.66709e-23 4.19817e-23 2.29874e-23 1.25869e-23 6.89205e-24 3.77379e-24 2.06637e-24 1.13145e-24 6.19536e-25 3.39231e-25 1.85748e-25 1.01708e-25 5.56909e-26 3.04939e-26 1.66972e-26 9.14266e-27 5.00613e-27 2.74114e-27 1.50093e-27 8.21846e-28 4.50008e-28 2.46405e-28
0.01937 0.00135074 0.000760035 0.000427348 0.000240122 0.000134834 7.56659e-05 4.24369e-05 2.37872e-05 1.33263e-05 7.46199e-06 4.17625e-06 2.33623e-06 1.30632e-06 7.30122e-07 4.07909e-07 2.27802e-07 1.27171e-07 7.09671e-08 3.95889e-08 2.20771e-08 1.23074e-08 6.85893e-09 3.82131e-09 2.12833e-09 1.18507e-09 6.59671e-10 3.67109e-10 2.04245e-10 1.13605e-10 6.31741e-11 3.5122e-11 1.95218e-11 1.08483e-11 6.02718e-12 3.34791e-12 1.85928e-12 1.03236e-12 5.73106e-13 3.18095e-13 1.76522e-13 9.79414e-14 5.43323e-14 3.01354e-14 1.67118e-14 9.26621e-15 5.13704e-15 2.84746e-15 1.57812e-15 8.74494e-16 4.84522e-16 2.68417e-16 1.48679e-16 8.23436e-17 4.5599e-17 2.5248e-17 1.3978e-17 7.73765e-18 4.28276e-18 2.37021e-18 1.3116e-18 7.25722e-19 4.01505e-19 2.22109e-19 1.22856e-19 6.79485e-20 3.7577e-20 2.07789e-20 1.14889e-20 6.35181e-21 3.51135e-21 1.94094e-21 1.07278e-21 5.9289e-22 3.27641e-22 1.81045e-22 1.00032e-22 5.52658e-23 3.05309e-23 1.68651e-23 9.31546e-24 5.14502e-24 2.84144e-24 1.56912e-24 8.66454e-25 4.78413e-25 2.64138e-25 1.45824e-25 8.05003e-26 4.44363e-26 2.45273e-26 1.35374e-26 7.47121e-27 4.12308e-27 2.27523e-27 1.25546e-27 6.92716e-28 3.82193e-28 2.10855e-28 1.16322e-28 6.41676e-29
0.0106062 0.000760035 0.000428773 0.000241704 0.000136151 7.66401e-05 4.31125e-05 2.42369e-05 1.36173e-05 7.64643e-06 4.2913e-06 2.40709e-06 1.34952e-06 7.56244e-07 4.23589e-07 2.37158e-07 1.32724e-07 7.4248e-08 4.15195e-08 2.32091e-08 1.2969e-08 7.24446e-09 4.04539e-09 2.25826e-09 1.26024e-09 7.03078e-10 3.92127e-10 2.18639e-10 1.21874e-10 6.79172e-11 3.78389e-11 2.10761e-11 1.17364e-11 6.53405e-12 3.6369e-12 2.02388e-12 1.12602e-12 6.26348e-13 3.48337e-13 1.93686e-13 1.07675e-13 5.98481e-14 3.32589e-14 1.84794e-14 1.02659e-14 5.70203e-15 3.1666e-15 1.75828e-15 9.76146e-16 5.41847e-16 3.00728e-16 1.66882e-16 9.2594e-17 5.13685e-17 2.84939e-17 1.58034e-17 8.76381e-18 4.85938e-18 2.69411e-18 1.49347e-18 8.27804e-19 4.58784e-19 2.54238e-19 1.40871e-19 7.80475e-20 4.32363e-20 2.39493e-20 1.32646e-20 7.34599e-21 4.06784e-21 2.25235e-21 1.247e-21 6.9033e-22 3.82127e-22 2.11504e-22 1.17056e-22 6.47783e-23 3.5845e-23 1.98331e-23 1.09728e-23 6.07032e-24 3.35791e-24 1.85735e-24 1.02727e-24 5.68125e-25 3.14174e-25 1.73726e-25 9.60568e-26 5.31082e-26 2.93606e-26 1.62307e-26 8.97185e-27 4.95904e-27 2.74084e-27 1.51476e-27 8.37097e-28 4.62573e-28 2.55599e-28 1.41225e-28 7.80256e-29 4.3106e-29
0.0058075 0.000427348 0.000241704 0.000136592 7.71297e-05 4.35207e-05 2.45393e-05 1.38273e-05 7.78638e-06 4.38197e-06 2.46463e-06 1.38546e-06 7.78408e-07 4.3712e-07 2.45349e-07 1.37647e-07 7.71891e-08 4.32673e-08 2.4243e-08 1.35782e-08 7.60206e-09 4.25464e-09 2.38036e-09 1.33129e-09 7.44325e-10 4.1602e-10 2.32452e-10 1.29845e-10 7.25089e-11 4.04798e-11 2.25927e-11 1.26062e-11 7.03224e-12 3.92189e-12 2.18673e-12 1.21897e-12 6.79353e-13 3.78533e-13 2.10872e-13 1.17448e-13 6.54013e-14 3.64118e-14 2.02682e-14 1.128e-14 6.27659e-15 3.49191e-15 1.94235e-15 1.08024e-15 6.00678e-16 3.3396e-16 1.85644e-16 1.03181e-16 5.73397e-17 3.18602e-17 1.77002e-17 9.8322e-18 5.46089e-18 3.03262e-18 1.6839e-18 9.34892e-19 5.18981e-19 2.88064e-19 1.59873e-19 8.87176e-20 4.92261e-20 2.73107e-20 1.51503e-20 8.40357e-21 4.6608e-21 2.58471e-21 1.43324e-21 7.94665e-22 4.40561e-22 2.44223e-22 1.35371e-22 7.5028e-23 4.15798e-23 2.30411e-23 1.27669e-23 7.07343e-24 3.91866e-24 2.17075e-24 1.20239e-24 6.65957e-25 3.68818e-25 2.04242e-25 1.13095e-25 6.26196e-26 3.46692e-26 1.91931e-26 1.06247e-26 5.88107e-27 3.25511e-27 1.80155e-27 9.97001e-28 5.51717e-28 3.05288e-28 1.68917e-28 9.34566e-29 5.17034e-29 2.86023e-29
0.00317994 0.000240122 0.000136151 7.71297e-05 4.36572e-05 2.46913e-05 1.39541e-05 7.88046e-06 4.44739e-06 2.50829e-06 1.41378e-06 7.96401e-07 4.48372e-07 2.52297e-07 1.41894e-07 7.9763e-08 4.48163e-08 2.51695e-08 1.41294e-08 7.92855e-09 4.44723e-09 2.49355e-09 1.39761e-09 7.83063e-10 4.3859e-10 2.4557e-10 1.37453e-10 7.69122e-11 4.30236e-11 2.40598e-11 1.3451e-11 7.51794e-12 4.20076e-12 2.34663e-12 1.31055e-12 7.31744e-13 4.08472e-13 2.27963e-13 1.27196e-13 7.09554e-14 3.95738e-14 2.20669e-14 1.23023e-14 6.85725e-15 3.82147e-15 2.12927e-15 1.18619e-15 6.60695e-16 3.67937e-16 2.04868e-16 1.14052e-16 6.34838e-17 3.53309e-17 1.96599e-17 1.09382e-17 6.08476e-18 3.38439e-18 1.88216e-18 1.04659e-18 5.81883e-19 3.23474e-19 1.79799e-19 9.99265e-20 5.55291e-20 3.08538e-20 1.71414e-20 9.5221e-21 5.28896e-21 2.93738e-21 1.63118e-21 9.05727e-22 5.0286e-22 2.79159e-22 1.54958e-22 8.60065e-23 4.77317e-23 2.64875e-23 1.46971e-23 8.15428e-24 4.52375e-24 2.50941e-24 1.3919e-24 7.7198e-25 4.28122e-25 2.37406e-25 1.31638e-25 7.29851e-26 4.04625e-26 2.24304e-26 1.24334e-26 6.89139e-27 3.81937e-27 2.11663e-27 1.17292e-27 6.49916e-28 3.60095e-28 1.99501e-28 1.10521e-28 6.12231e-29 3.39122e-29 1.87832e-29
0.0017412 0.000134834 7.66401e-05 4.35207e-05 2.46913e-05 1.39966e-05 7.92773e-06 4.48689e-06 2.53763e-06 1.43421e-06 8.1005e-07 4.57237e-07 2.57936e-07 1.45424e-07 8.19458e-08 4.61521e-08 2.598e-08 1.46178e-08 8.221e-09 4.62143e-09 2.59684e-09 1.45861e-09 8.18958e-10 4.59643e-10 2.57883e-10 1.44634e-10 8.10911e-11 4.54499e-11 2.54657e-11 1.42641e-11 7.98742e-12 4.47139e-12 2.50241e-12 1.40009e-12 7.83143e-13 4.37941e-13 2.4484e-13 1.3685e-13 7.64728e-14 4.27239e-14 2.38637e-14 1.33264e-14 7.44041e-15 4.15329e-15 2.31794e-15 1.29338e-15 7.21557e-16 4.02471e-16 2.2445e-16 1.2515e-16 6.97695e-17 3.88891e-17 2.16731e-17 1.20766e-17 6.72819e-18 3.74789e-18 2.08742e-18 1.16244e-18 6.47246e-19 3.60336e-19 2.00579e-19 1.11636e-19 6.21252e-20 3.4568e-20 1.92321e-20 1.06985e-20 5.95072e-21 3.30951e-21 1.84037e-21 1.02329e-21 5.68909e-22 3.16256e-22 1.75787e-22 9.7699e-23 5.42934e-23 3.01689e-23 1.67621e-23 9.31223e-24 5.17293e-24 2.87328e-24 1.5958e-24 8.86213e-25 4.92106e-25 2.73237e-25 1.51699e-25 8.42146e-26 4.67471e-26 2.59469e-26 1.44006e-26 7.99173e-27 4.43471e-27 2.46068e-27 1.36525e-27 7.57417e-28 4.2017e-28 2.33068e-28 1.29273e-28 7.16971e-29 3.97617e-29 2.20494e-29 1.22264e-29
0.000953406 7.56659e-05 4.31125e-05 2.45393e-05 1.39541e-05 7.92773e-06 4.50011e-06 2.55237e-06 1.44654e-06 8.19223e-07 4.6363e-07 2.62213e-07 1.48206e-07 8.37172e-08 4.72624e-08 2.66673e-08 1.50388e-08 8.47677e-09 4.77571e-09 2.68934e-09 1.51377e-09 8.51701e-10 4.79001e-10 2.69286e-10 1.5133e-10 8.50114e-11 4.77391e-11 2.67992e-11 1.50392e-11 8.43701e-12 4.7317e-12 2.65286e-12 1.48691e-12 8.3317e-13 4.66727e-13 2.61382e-13 1.46345e-13 8.19159e-14 4.58409e-14 2.5647e-14 1.43456e-14 8.02236e-15 4.4853e-15 2.50719e-15 1.40118e-15 7.8291e-16 4.37365e-16 2.44283e-16 1.36414e-16 7.61636e-17 4.25164e-17 2.37296e-17 1.32419e-17 7.38814e-18 4.12145e-18 2.29877e-18 1.28196e-18 7.14801e-19 3.98503e-19 2.22133e-19 1.23804e-19 6.89911e-20 3.84408e-20 2.14157e-20 1.19293e-20 6.64417e-21 3.70008e-21 2.06029e-21 1.14707e-21 6.38561e-22 3.55436e-22 1.9782e-22 1.10086e-22 6.1255e-23 3.40804e-23 1.89592e-23 1.05461e-23 5.86564e-24 3.26209e-24 1.81398e-24 1.00861e-24 5.60759e-25 3.11735e-25 1.73282e-25 9.63121e-26 5.35265e-26 2.97452e-26 1.65283e-26 9.18333e-27 5.10194e-27 2.83422e-27 1.57433e-27 8.74422e-28 4.85637e-28 2.69692e-28 1.49758e-28 8.31532e-29 4.61673e-29 2.56305e-29 1.42281e-29 7.89777e-30
0.000522044 4.24369e-05 2.42369e-05 1.38273e-05 7.88046e-06 4.48689e-06 2.55237e-06 1.45067e-06 8.23832e-07 4.67491e-07 2.65088e-07 1.50211e-07 8.50604e-08 4.81368e-08 2.72248e-08 1.53887e-08 8.69357e-09 4.90869e-09 2.77021e-09 1.5626e-09 8.81009e-10 4.96499e-10 2.79684e-10 1.57484e-10 8.86404e-11 4.98722e-11 2.80494e-11 1.577e-11 8.86317e-12 4.97966e-12 2.79685e-12 1.57037e-12 8.81455e-13 4.94619e-13 2.7747e-13 1.55611e-13 8.72464e-14 4.89035e-14 2.74045e-14 1.53531e-14 8.5993e-15 4.81537e-15 2.69585e-15 1.50892e-15 8.44386e-16 4.72415e-16 2.64251e-16 1.47782e-16 8.2631e-17 4.61934e-17 2.58187e-17 1.44281e-17 8.06136e-18 4.50329e-18 2.51523e-18 1.4046e-18 7.84253e-19 4.37814e-19 2.44375e-19 1.36381e-19 7.61007e-20 4.24579e-20 2.36846e-20 1.32103e-20 7.3671e-21 4.10792e-21 2.29029e-21 1.27674e-21 7.11635e-22 3.96605e-22 2.21006e-22 1.2314e-22 6.86026e-23 3.82148e-23 2.1285e-23 1.1854e-23 6.60098e-24 3.6754e-24 2.04623e-24 1.13909e-24 6.34038e-25 3.52882e-25 1.96381e-25 1.09276e-25 6.0801e-26 3.38262e-26 1.88172e-26 1.04669e-26 5.82155e-27 3.23758e-27 1.80038e-27 1.00108e-27 5.56594e-28 3.09435e-28 1.72014e-28 9.56144e-29 5.31431e-29 2.95349e-29 1.64131e-29 9.12031e-30 5.06753e-30
0.000285849 2.37872e-05 1.36173e-05 7.78638e-06 4.44739e-06 2.53763e-06 1.44654e-06 8.23832e-07 4.68782e-07 2.66532e-07 1.51422e-07 8.5963e-08 4.87673e-08 2.76475e-08 1.56642e-08 8.86943e-09 5.01916e-09 2.83873e-09 1.60468e-09 9.06626e-10 5.11984e-10 2.88988e-10 1.63044e-10 9.1948e-11 5.18319e-11 2.92062e-11 1.64507e-11 9.26252e-12 5.21334e-12 2.93325e-12 1.64981e-12 9.27634e-13 5.2141e-13 2.92987e-13 1.64583e-13 9.24267e-14 5.18902e-14 2.91242e-14 1.63421e-14 9.16742e-15 5.14135e-15 2.88271e-15 1.61592e-15 9.05605e-16 5.07409e-16 2.84238e-16 1.59188e-16 8.91351e-17 4.98997e-17 2.79293e-17 1.56292e-17 8.74439e-18 4.89149e-18 2.73574e-18 1.52978e-18 8.55281e-19 4.78094e-19 2.67206e-19 1.49316e-19 8.34254e-20 4.66038e-20 2.60302e-20 1.45368e-20 8.11698e-21 4.53167e-21 2.52964e-21 1.41189e-21 7.8792e-22 4.39649e-22 2.45285e-22 1.3683e-22 7.63196e-23 4.25634e-23 2.37347e-23 1.32336e-23 7.37772e-24 4.11259e-24 2.29223e-24 1.27748e-24 7.11868e-25 3.96642e-25 2.20979e-25 1.231e-25 6.85677e-26 3.81889e-26 2.12672e-26 1.18425e-26 6.59373e-27 3.67095e-27 2.04354e-27 1.1375e-27 6.33104e-28 3.5234e-28 1.96069e-28 1.09099e-28 6.07004e-29 3.37697e-29 1.87856e-29 1.04493e-29 5.81186e-30 3.23226e-30
0.000156519 1.33263e-05 7.64643e-06 4.38197e-06 2.50829e-06 1.43421e-06 8.19223e-07 4.67491e-07 2.66532e-07 1.51827e-07 8.64164e-08 4.9148e-08 2.79316e-08 1.58628e-08 9.00274e-09 5.10613e-09 2.89431e-09 1.63962e-09 9.28327e-10 5.25322e-10 2.97117e-10 1.67963e-10 9.49064e-11 5.36017e-11 3.02601e-11 1.70757e-11 9.63185e-12 5.43087e-12 3.061e-12 1.72464e-12 9.71354e-13 5.46899e-13 3.07817e-13 1.73196e-13 9.74194e-14 5.47799e-14 3.07942e-14 1.73058e-14 9.72288e-15 5.46109e-15 3.06655e-15 1.72151e-15 9.66182e-16 5.4213e-16 3.04121e-16 1.70564e-16 9.56382e-17 5.36142e-17 3.00494e-17 1.68384e-17 9.43358e-18 5.28404e-18 2.95918e-18 1.65689e-18 9.27543e-19 5.19154e-19 2.90523e-19 1.62551e-19 9.09336e-20 5.08612e-20 2.84431e-20 1.59037e-20 8.89102e-21 4.96978e-21 2.77752e-21 1.55208e-21 8.67174e-22 4.84437e-22 2.70587e-22 1.51119e-22 8.43858e-23 4.71155e-23 2.63028e-23 1.46819e-23 8.19429e-24 4.57283e-24 2.55157e-24 1.42356e-24 7.94136e-25 4.42959e-25 2.47049e-25 1.3777e-25 7.68204e-26 4.28304e-26 2.38771e-26 1.33097e-26 7.41833e-27 4.1343e-27 2.30385e-27 1.2837e-27 7.15204e-28 3.98433e-28 2.21942e-28 1.23619e-28 6.88475e-29 3.83401e-29 2.13491e-29 1.18869e-29 6.61788e-30 3.68411e-30 2.05074e-30
8.57029e-05 7.46199e-06 4.2913e-06 2.46463e-06 1.41378e-06 8.1005e-07 4.6363e-07 2.65088e-07 1.51422e-07 8.64164e-08 4.92753e-08 2.80742e-08 1.59827e-08 9.0923e-09 5.16883e-09 2.93643e-09 1.66713e-09 9.45923e-10 5.36398e-10 3.04002e-10 1.72199e-10 9.74905e-11 5.51669e-11 3.12024e-11 1.764e-11 9.96818e-12 5.63053e-12 3.17909e-12 1.79426e-12 1.01228e-12 5.70893e-13 3.21849e-13 1.81384e-13 1.02188e-13 5.75518e-14 3.24026e-14 1.82376e-14 1.02619e-14 5.77242e-15 3.24614e-15 1.82498e-15 1.02573e-15 5.76361e-16 3.23777e-16 1.81841e-16 1.02101e-16 5.73154e-17 3.2167e-17 1.8049e-17 1.01252e-17 5.67883e-18 3.18438e-18 1.78527e-18 1.00068e-18 5.60794e-19 3.14216e-19 1.76025e-19 9.85917e-20 5.52115e-20 3.09132e-20 1.73055e-20 9.68613e-21 5.42059e-21 3.03301e-21 1.6968e-21 9.49124e-22 5.30822e-22 2.96832e-22 1.65962e-22 9.27778e-23 5.18584e-23 2.89824e-23 1.61954e-23 9.04877e-24 5.05512e-24 2.8237e-24 1.57706e-24 8.80697e-25 4.91758e-25 2.74551e-25 1.53266e-25 8.55491e-26 4.77459e-26 2.66446e-26 1.48673e-26 8.29487e-27 4.62743e-27 2.58121e-27 1.43967e-27 8.02892e-28 4.47721e-28 2.49641e-28 1.39181e-28 7.75895e-29 4.32498e-29 2.4106e-29 1.34346e-29 7.48661e-30 4.17164e-30 2.32429e-30 1.29489e-30
4.69273e-05 4.17625e-06 2.40709e-06 1.38546e-06 7.96401e-07 4.57237e-07 2.62213e-07 1.50211e-07 8.5963e-08 4.9148e-08 2.80742e-08 1.60228e-08 9.13728e-09 5.20667e-09 2.96472e-09 1.68696e-09 9.59257e-10 5.45115e-10 3.09583e-10 1.75716e-10 9.96785e-11 5.65144e-11 3.20252e-11 1.81388e-11 1.02688e-11 5.8107e-12 3.28659e-12 1.85813e-12 1.05009e-12 5.93207e-13 3.34978e-13 1.89088e-13 1.06698e-13 6.01859e-14 3.3938e-14 1.91309e-14 1.07806e-14 6.07322e-15 3.42029e-15 1.92566e-15 1.08386e-15 6.09881e-16 3.43084e-16 1.92949e-16 1.08486e-16 6.09809e-17 3.42697e-17 1.92541e-17 1.08153e-17 6.07368e-18 3.41013e-18 1.91424e-18 1.07431e-18 6.02803e-19 3.38169e-19 1.89673e-19 1.06364e-19 5.9635e-20 3.34293e-20 1.8736e-20 1.0499e-20 5.88226e-21 3.29509e-21 1.84551e-21 1.03347e-21 5.78638e-22 3.23928e-22 1.81311e-22 1.01469e-22 5.67778e-23 3.17659e-23 1.77697e-23 9.93892e-24 5.55825e-24 3.10798e-24 1.73764e-24 9.71371e-25 5.42943e-25 3.03437e-25 1.69562e-25 9.47405e-26 5.29286e-26 2.95661e-26 1.65137e-26 9.22249e-27 5.14993e-27 2.87545e-27 1.60533e-27 8.96135e-28 5.00193e-28 2.79162e-28 1.55786e-28 8.69279e-29 4.85003e-29 2.70575e-29 1.50934e-29 8.41873e-30 4.6953e-30 2.61843e-30 1.46008e-30 8.14093e-31
2.56954e-05 2.33623e-06 1.34952e-06 7.78408e-07 4.48372e-07 2.57936e-07 1.48206e-07 8.50604e-08 4.87673e-08 2.79316e-08 1.59827e-08 9.13728e-09 5.21932e-09 2.97893e-09 1.69893e-09 9.68213e-10 5.51397e-10 3.13811e-10 1.78483e-10 1.01452e-10 5.76328e-11 3.27217e-11 1.85682e-11 1.05312e-11 5.96994e-12 3.38263e-12 1.91575e-12 1.0845e-12 6.13669e-13 3.47103e-13 1.9625e-13 1.10915e-13 6.26627e-14 3.53891e-14 1.99792e-14 1.12755e-14 6.36138e-15 3.58779e-15 2.02286e-15 1.14018e-15 6.42471e-16 3.61916e-16 2.03817e-16 1.14751e-16 6.45885e-17 3.63449e-17 2.04466e-17 1.14999e-17 6.46635e-18 3.63517e-18 2.04311e-18 1.14805e-18 6.44964e-19 3.62258e-19 2.03427e-19 1.14212e-19 6.41105e-20 3.598e-20 2.01888e-20 1.1326e-20 6.35282e-21 3.56268e-21 1.99761e-21 1.11988e-21 6.27706e-22 3.51779e-22 1.97112e-22 1.1043e-22 6.18577e-23 3.46444e-23 1.94002e-23 1.08622e-23 6.08083e-24 3.40367e-24 1.90489e-24 1.06594e-24 5.96401e-25 3.33645e-25 1.86627e-25 1.04378e-25 5.83695e-26 3.2637e-26 1.82466e-26 1.02e-26 5.70119e-27 3.18626e-27 1.78052e-27 9.94862e-28 5.55815e-28 3.10492e-28 1.73429e-28 9.68608e-29 5.40914e-29 3.02039e-29 1.68637e-29 9.41455e-30 5.25536e-30 2.93335e-30 1.63712e-30 9.13605e-31 5.09793e-31
1.40697e-05 1.30632e-06 7.56244e-07 4.3712e-07 2.52297e-07 1.45424e-07 8.37172e-08 4.81368e-08 2.76475e-08 1.58628e-08 9.0923e-09 5.20667e-09 2.97893e-09 1.70293e-09 9.7271e-10 5.55188e-10 3.16651e-10 1.80477e-10 1.02795e-10 5.85126e-11 3.32861e-11 1.89244e-11 1.07533e-11 6.10695e-12 3.46645e-12 1.96666e-12 1.11523e-12 6.32121e-13 3.58131e-13 2.02814e-13 1.14808e-13 6.49639e-14 3.67454e-14 2.07764e-14 1.1743e-14 6.6349e-15 3.74749e-15 2.11593e-15 1.19432e-15 6.73915e-16 3.80151e-16 2.14377e-16 1.20858e-16 6.81158e-17 3.83798e-17 2.16193e-17 1.21749e-17 6.85458e-18 3.85823e-18 2.17115e-18 1.22149e-18 6.8705e-19 3.86358e-19 2.17218e-19 1.22097e-19 6.86163e-20 3.8553e-20 2.16571e-20 1.21635e-20 6.83018e-21 3.83463e-21 2.15246e-21 1.208e-21 6.77829e-22 3.80276e-22 2.13306e-22 1.19628e-22 6.70801e-23 3.76082e-23 2.10816e-23 1.18156e-23 6.62128e-24 3.70991e-24 2.07835e-24 1.16416e-24 6.51995e-25 3.65103e-25 2.04421e-25 1.1444e-25 6.40577e-26 3.58516e-26 2.00627e-26 1.12257e-26 6.28039e-27 3.51321e-27 1.96503e-27 1.09896e-27 6.14533e-28 3.43603e-28 1.92097e-28 1.07383e-28 6.00205e-29 3.35442e-29 1.87452e-29 1.04741e-29 5.85188e-30 3.26912e-30 1.82609e-30 1.01993e-30 5.69606e-31 3.1808e-31
7.70395e-06 7.30122e-07 4.23589e-07 2.45349e-07 1.41894e-07 8.19458e-08 4.72624e-08 2.72248e-08 1.56642e-08 9.00274e-09 5.16883e-09 2.96472e-09 1.69893e-09 9.7271e-10 5.56455e-10 3.18077e-10 1.8168e-10 1.03697e-10 5.91465e-11 3.37136e-11 1.92047e-11 1.09332e-11 6.22062e-12 3.53736e-12 2.01045e-12 1.14204e-12 6.48418e-13 3.67978e-13 2.08731e-13 1.18347e-13 6.70724e-14 3.79969e-14 2.15168e-14 1.21797e-14 6.89182e-15 3.89826e-15 2.20421e-15 1.24591e-15 7.04003e-16 3.97668e-16 2.24559e-16 1.26767e-16 7.15405e-17 4.03619e-17 2.2765e-17 1.28364e-17 7.23607e-18 4.07801e-18 2.29764e-18 1.29422e-18 7.2883e-19 4.10338e-19 2.30971e-19 1.29979e-19 7.31294e-20 4.11355e-20 2.31339e-20 1.30074e-20 7.31213e-21 4.10971e-21 2.30936e-21 1.29745e-21 7.288e-22 4.09303e-22 2.29829e-22 1.29029e-22 7.24258e-23 4.06468e-23 2.2808e-23 1.2796e-23 7.17786e-24 4.02574e-24 2.2575e-24 1.26574e-24 7.09574e-25 3.97727e-25 2.229e-25 1.24903e-25 6.99804e-26 3.9203e-26 2.19585e-26 1.22978e-26 6.88649e-27 3.85577e-27 2.15858e-27 1.20829e-27 6.76273e-28 3.78459e-28 2.1177e-28 1.18484e-28 6.62831e-29 3.70764e-29 2.07369e-29 1.15969e-29 6.4847e-30 3.62571e-30 2.02698e-30 1.13308e-30 6.33325e-31 3.53955e-31 1.978e-31
4.21836e-06 4.07909e-07 2.37158e-07 1.37647e-07 7.9763e-08 4.61521e-08 2.66673e-08 1.53887e-08 8.86943e-09 5.10613e-09 2.93643e-09 1.68696e-09 9.68213e-10 5.55188e-10 3.18077e-10 1.82082e-10 1.0415e-10 5.9529e-11 3.40006e-11 1.94065e-11 1.10694e-11 6.31001e-12 3.59479e-12 2.04676e-12 1.16472e-12 6.62433e-13 3.76565e-13 2.13955e-13 1.21506e-13 6.89724e-14 3.91343e-14 2.21949e-14 1.25826e-14 7.13032e-15 4.03905e-15 2.2871e-15 1.29459e-15 7.3253e-16 4.14351e-16 2.34296e-16 1.3244e-16 7.48405e-17 4.22786e-17 2.38766e-17 1.34803e-17 7.60852e-18 4.2932e-18 2.42184e-18 1.36582e-18 7.7007e-19 4.34068e-19 2.44612e-19 1.37814e-19 7.76264e-20 4.37144e-20 2.46117e-20 1.38536e-20 7.79637e-21 4.38662e-21 2.46762e-21 1.38784e-21 7.80395e-22 4.38739e-22 2.46612e-22 1.38593e-22 7.78738e-23 4.37485e-23 2.4573e-23 1.38e-23 7.74864e-24 4.35011e-24 2.44177e-24 1.37037e-24 7.68964e-25 4.31425e-25 2.42013e-25 1.3574e-25 7.61224e-26 4.2683e-26 2.39296e-26 1.34139e-26 7.51824e-27 4.21326e-27 2.36082e-27 1.32266e-27 7.40936e-28 4.15009e-28 2.32423e-28 1.30151e-28 7.28725e-29 4.07969e-29 2.28371e-29 1.27821e-29 7.15344e-30 4.00294e-30 2.23972e-30 1.25303e-30 7.00944e-31 3.92065e-31 2.19274e-31 1.22623e-31
2.30979e-06 2.27802e-07 1.32724e-07 7.71891e-08 4.48163e-08 2.598e-08 1.50388e-08 8.69357e-09 5.01916e-09 2.89431e-09 1.66713e-09 9.59257e-10 5.51397e-10 3.16651e-10 1.8168e-10 1.0415e-10 5.96568e-11 3.41447e-11 1.95283e-11 1.11609e-11 6.37438e-12 3.63828e-12 2.07532e-12 1.18308e-12 6.74054e-13 3.83827e-13 2.18447e-13 1.24261e-13 7.06494e-14 4.01491e-14 2.28058e-14 1.29485e-14 7.34867e-15 4.16885e-15 2.36401e-15 1.34003e-15 7.59301e-16 4.30085e-16 2.43523e-16 1.3784e-16 7.79946e-17 4.41176e-17 2.49472e-17 1.41025e-17 7.96965e-18 4.50252e-18 2.54301e-18 1.43588e-18 8.10533e-19 4.57413e-19 2.58067e-19 1.45562e-19 8.20833e-20 4.62761e-20 2.6083e-20 1.46979e-20 8.28052e-21 4.66405e-21 2.62648e-21 1.47875e-21 8.32384e-22 4.68452e-22 2.63584e-22 1.48282e-22 8.3402e-23 4.6901e-23 2.63698e-23 1.48236e-23 8.33154e-24 4.68188e-24 2.63051e-24 1.47771e-24 8.29974e-25 4.66091e-25 2.61702e-25 1.46919e-25 8.24669e-26 4.62825e-26 2.5971e-26 1.45713e-26 8.1742e-27 4.58491e-27 2.57132e-27 1.44186e-27 8.08405e-28 4.53188e-28 2.54022e-28 1.42367e-28 7.97794e-29 4.47012e-29 2.50434e-29 1.40286e-29 7.85752e-30 4.40052e-30 2.46418e-30 1.37972e-30 7.72434e-31 4.32398e-31 2.42023e-31 1.35452e-31 7.57992e-32
1.26474e-06 1.27171e-07 7.4248e-08 4.32673e-08 2.51695e-08 1.46178e-08 8.47677e-09 4.90869e-09 2.83873e-09 1.63962e-09 9.45923e-10 5.45115e-10 3.13811e-10 1.80477e-10 1.03697e-10 5.9529e-11 3.41447e-11 1.9569e-11 1.12068e-11 6.41323e-12 3.66748e-12 2.09588e-12 1.19698e-12 6.8319e-13 3.89706e-13 2.22171e-13 1.26589e-13 7.20908e-14 4.10337e-14 2.33447e-14 1.32749e-14 7.54528e-15 4.28673e-15 2.4344e-15 1.3819e-15 7.8413e-16 4.44764e-16 2.52178e-16 1.42931e-16 8.0982e-17 4.58671e-17 2.59698e-17 1.46992e-17 8.31723e-18 4.70468e-18 2.66042e-18 1.50398e-18 8.49984e-19 4.80239e-19 2.71259e-19 1.53178e-19 8.64759e-20 4.88071e-20 2.754e-20 1.5536e-20 8.76214e-21 4.94061e-21 2.78518e-21 1.56974e-21 8.84524e-22 4.98308e-22 2.8067e-22 1.58054e-22 8.89869e-23 5.00913e-23 2.81913e-23 1.5863e-23 8.92432e-24 5.0198e-24 2.82306e-24 1.58736e-24 8.92398e-25 5.01612e-25 2.81906e-25 1.58405e-25 8.8995e-26 4.99912e-26 2.80772e-26 1.57669e-26 8.8527e-27 4.96982e-27 2.7896e-27 1.5656e-27 8.78538e-28 4.92923e-28 2.76527e-28 1.5511e-28 8.69927e-29 4.87831e-29 2.73528e-29 1.53348e-29 8.59608e-30 4.81803e-30 2.70014e-30 1.51304e-30 8.47745e-31 4.74929e-31 2.66038e-31 1.49007e-31 8.34497e-32 4.67298e-32
6.92519e-07 7.09671e-08 4.15195e-08 2.4243e-08 1.41294e-08 8.221e-09 4.77571e-09 2.77021e-09 1.60468e-09 9.28327e-10 5.36398e-10 3.09583e-10 1.78483e-10 1.02795e-10 5.91465e-11 3.40006e-11 1.95283e-11 1.12068e-11 6.42621e-12 3.68213e-12 2.10829e-12 1.20631e-12 6.89768e-13 3.94157e-13 2.25097e-13 1.28474e-13 7.32855e-14 4.17814e-14 2.38079e-14 1.35593e-14 7.71871e-15 4.39184e-15 2.49776e-15 1.41991e-15 8.06843e-16 4.58286e-16 2.60201e-16 1.47677e-16 8.37827e-17 4.75156e-17 2.69378e-17 1.52665e-17 8.64907e-18 4.89844e-18 2.77337e-18 1.56972e-18 8.88189e-19 5.02413e-19 2.84113e-19 1.6062e-19 9.07797e-20 5.12935e-20 2.89749e-20 1.63633e-20 9.23871e-21 5.2149e-21 2.94291e-21 1.66038e-21 9.36565e-22 5.28167e-22 2.9779e-22 1.67863e-22 9.46039e-23 5.33057e-23 3.00297e-23 1.69138e-23 9.52464e-24 5.36256e-24 3.01867e-24 1.69894e-24 9.56012e-25 5.37863e-25 3.02555e-25 1.70162e-25 9.56861e-26 5.37976e-26 3.02418e-26 1.69974e-26 9.55188e-27 5.36697e-27 3.01511e-27 1.69361e-27 9.51171e-28 5.34124e-28 2.99891e-28 1.68354e-28 9.44986e-29 5.30356e-29 2.97613e-29 1.66986e-29 9.36806e-30 5.25491e-30 2.94731e-30 1.65285e-30 9.268e-31 5.19622e-31 2.91298e-31 1.63281e-31 9.15133e-32 5.12842e-32 2.87365e-32
3.79194e-07 3.95889e-08 2.32091e-08 1.35782e-08 7.92855e-09 4.62143e-09 2.68934e-09 1.5626e-09 9.06626e-10 5.25322e-10 3.04002e-10 1.75716e-10 1.01452e-10 5.85126e-11 3.37136e-11 1.94065e-11 1.11609e-11 6.41323e-12 3.68213e-12 2.11244e-12 1.211e-12 6.93736e-13 3.97144e-13 2.27204e-13 1.29901e-13 7.42243e-14 4.23865e-14 2.41916e-14 1.37997e-14 7.8677e-15 4.4834e-15 2.55363e-15 1.4538e-15 8.27281e-16 4.70557e-16 2.67539e-16 1.52048e-16 8.63782e-17 4.90521e-17 2.7845e-17 1.58008e-17 8.96306e-18 5.08257e-18 2.88114e-18 1.63269e-18 9.24917e-19 5.23803e-19 2.96553e-19 1.67845e-19 9.49704e-20 5.37213e-20 3.03799e-20 1.71755e-20 9.70774e-21 5.4855e-21 3.09888e-21 1.7502e-21 9.88251e-22 5.57885e-22 3.14864e-22 1.77665e-22 1.00228e-22 5.65299e-23 3.1877e-23 1.79716e-23 1.013e-23 5.70878e-24 3.21657e-24 1.81201e-24 1.02058e-24 5.74712e-25 3.23576e-25 1.82148e-25 1.02518e-25 5.76895e-26 3.2458e-26 1.82589e-26 1.02697e-26 5.77522e-27 3.24723e-27 1.82553e-27 1.02612e-27 5.76692e-28 3.24059e-28 1.82071e-28 1.02281e-28 5.745e-29 3.22644e-29 1.81175e-29 1.01722e-29 5.71045e-30 3.20532e-30 1.79894e-30 1.0095e-30 5.66423e-31 3.17777e-31 1.78259e-31 9.99833e-32 5.60728e-32 3.14432e-32 1.76299e-32
2.0763e-07 2.20771e-08 1.2969e-08 7.60206e-09 4.44723e-09 2.59684e-09 1.51377e-09 8.81009e-10 5.11984e-10 2.97117e-10 1.72199e-10 9.96785e-11 5.76328e-11 3.32861e-11 1.92047e-11 1.10694e-11 6.37438e-12 3.66748e-12 2.10829e-12 1.211e-12 6.95062e-13 3.98643e-13 2.28475e-13 1.30858e-13 7.49002e-14 4.28444e-14 2.44932e-14 1.39942e-14 7.99113e-15 4.56076e-15 2.60161e-15 1.48331e-15 8.453e-16 4.81491e-16 2.74139e-16 1.56014e-16 8.87507e-17 5.04664e-17 2.86854e-17 1.62986e-17 9.25717e-18 5.2559e-18 2.98306e-18 1.6925e-18 9.59946e-19 5.44282e-19 3.08506e-19 1.74811e-19 9.9024e-20 5.6077e-20 3.17471e-20 1.79681e-20 1.01667e-20 5.75096e-21 3.25228e-21 1.83875e-21 1.03932e-21 5.87315e-22 3.31809e-22 1.87414e-22 1.05832e-22 5.97492e-23 3.37251e-23 1.90318e-23 1.07378e-23 6.057e-24 3.41597e-24 1.92611e-24 1.08584e-24 6.12019e-25 3.44892e-25 1.94321e-25 1.09466e-25 6.16534e-26 3.47185e-26 1.95474e-26 1.10038e-26 6.19335e-27 3.48527e-27 1.961e-27 1.10318e-27 6.20514e-28 3.4897e-28 1.96227e-28 1.10323e-28 6.20165e-29 3.48567e-29 1.95887e-29 1.10068e-29 6.18384e-30 3.47373e-30 1.95108e-30 1.09572e-30 6.15267e-31 3.45441e-31 1.93923e-31 1.0885e-31 6.10909e-32 3.42824e-32 1.9236e-32 1.07921e-32
1.13689e-07 1.23074e-08 7.24446e-09 4.25464e-09 2.49355e-09 1.45861e-09 8.51701e-10 4.96499e-10 2.88988e-10 1.67963e-10 9.74905e-11 5.65144e-11 3.27217e-11 1.89244e-11 1.09332e-11 6.31001e-12 3.63828e-12 2.09588e-12 1.20631e-12 6.93736e-13 3.98643e-13 2.289e-13 1.31339e-13 7.53077e-14 4.31516e-14 2.47102e-14 1.41413e-14 8.0881e-15 4.62334e-15 2.64136e-15 1.50823e-15 8.60771e-16 4.91012e-16 2.79956e-16 1.59546e-16 9.08842e-17 5.17491e-17 2.94533e-17 1.67567e-17 9.52951e-18 5.41733e-18 3.0785e-18 1.74877e-18 9.9306e-19 5.63725e-19 3.199e-19 1.81476e-19 1.02917e-19 5.83469e-20 3.30688e-20 1.87366e-20 1.0613e-20 6.00986e-21 3.40228e-21 1.92557e-21 1.08952e-21 6.16309e-22 3.4854e-22 1.97061e-22 1.1139e-22 6.29485e-23 3.55653e-23 2.00895e-23 1.13453e-23 6.40572e-24 3.61599e-24 2.04078e-24 1.15154e-24 6.49636e-25 3.66419e-25 2.06634e-25 1.16504e-25 6.56753e-26 3.70154e-26 2.08585e-26 1.17519e-26 6.62001e-27 3.7285e-27 2.0996e-27 1.18213e-27 6.65467e-28 3.74556e-28 2.10784e-28 1.18602e-28 6.67239e-29 3.75323e-29 2.11088e-29 1.18702e-29 6.6741e-30 3.75202e-30 2.109e-30 1.1853e-30 6.66074e-31 3.74247e-31 2.1025e-31 1.18102e-31 6.63324e-32 3.7251e-32 2.09169e-32 1.17436e-32 6.59256e-33
6.22515e-08 6.85893e-09 4.04539e-09 2.38036e-09 1.39761e-09 8.18958e-10 4.79001e-10 2.79684e-10 1.63044e-10 9.49064e-11 5.51669e-11 3.20252e-11 1.85682e-11 1.07533e-11 6.22062e-12 3.59479e-12 2.07532e-12 1.19698e-12 6.89768e-13 3.97144e-13 2.28475e-13 1.31339e-13 7.5444e-14 4.33058e-14 2.48411e-14 1.424e-14 8.15789e-15 4.67069e-15 2.67258e-15 1.52839e-15 8.73583e-16 4.99052e-16 2.84949e-16 1.62621e-16 9.27641e-17 5.28913e-17 3.01436e-17 1.7172e-17 9.77828e-18 5.56582e-18 3.16683e-18 1.80117e-18 1.02405e-18 5.82012e-19 3.30666e-19 1.87801e-19 1.06626e-19 6.05179e-20 3.43375e-20 1.94768e-20 1.10443e-20 6.26077e-21 3.54808e-21 2.01019e-21 1.13857e-21 6.44716e-22 3.64974e-22 2.06559e-22 1.16874e-22 6.61123e-23 3.7389e-23 2.11399e-23 1.19498e-23 6.75337e-24 3.81579e-24 2.15553e-24 1.21739e-24 6.87409e-25 3.88071e-25 2.19038e-25 1.23607e-25 6.97399e-26 3.93402e-26 2.21876e-26 1.25114e-26 7.05376e-27 3.97611e-27 2.24089e-27 1.26273e-27 7.11415e-28 4.00742e-28 2.25702e-28 1.27098e-28 7.15599e-29 4.02842e-29 2.26742e-29 1.27604e-29 7.18014e-30 4.03959e-30 2.27237e-30 1.27808e-30 7.18748e-31 4.04144e-31 2.27214e-31 1.27725e-31 7.17895e-32 4.03448e-32 2.26704e-32 1.27373e-32 7.15546e-33 4.01926e-33
3.40862e-08 3.82131e-09 2.25826e-09 1.33129e-09 7.83063e-10 4.59643e-10 2.69286e-10 1.57484e-10 9.1948e-11 5.36017e-11 3.12024e-11 1.81388e-11 1.05312e-11 6.10695e-12 3.53736e-12 2.04676e-12 1.18308e-12 6.8319e-13 3.94157e-13 2.27204e-13 1.30858e-13 7.53077e-14 4.33058e-14 2.48849e-14 1.42896e-14 8.19997e-15 4.70245e-15 2.69504e-15 1.54364e-15 8.83646e-16 5.05554e-16 2.89084e-16 1.65217e-16 9.43775e-17 5.38854e-17 3.07517e-17 1.75417e-17 1.00019e-17 5.70039e-18 3.24749e-18 1.84934e-18 1.05273e-18 5.9903e-19 3.40738e-19 1.93748e-19 1.10129e-19 6.25772e-20 3.55457e-20 2.01844e-20 1.1458e-20 6.5023e-21 3.68888e-21 2.09215e-21 1.18623e-21 6.72389e-22 3.81025e-22 2.15859e-22 1.22257e-22 6.92252e-23 3.91874e-23 2.21779e-23 1.25485e-23 7.09838e-24 4.01445e-24 2.26984e-24 1.28312e-24 7.25177e-25 4.09759e-25 2.31485e-25 1.30745e-25 7.38315e-26 4.16842e-26 2.35297e-26 1.32794e-26 7.49306e-27 4.22727e-27 2.38441e-27 1.3447e-27 7.58214e-28 4.27449e-28 2.40937e-28 1.35784e-28 7.6511e-29 4.31051e-29 2.42808e-29 1.36751e-29 7.70072e-30 4.33576e-30 2.44081e-30 1.37385e-30 7.73182e-31 4.35073e-31 2.44783e-31 1.37702e-31 7.74529e-32 4.3559e-32 2.4494e-32 1.37716e-32 7.74202e-33 4.35179e-33 2.44583e-33
1.86642e-08 2.12833e-09 1.26024e-09 7.44325e-10 4.3859e-10 2.57883e-10 1.5133e-10 8.86404e-11 5.18319e-11 3.02601e-11 1.764e-11 1.02688e-11 5.96994e-12 3.46645e-12 2.01045e-12 1.16472e-12 6.74054e-13 3.89706e-13 2.25097e-13 1.29901e-13 7.49002e-14 4.31516e-14 2.48411e-14 1.42896e-14 8.21403e-15 4.71839e-15 2.70859e-15 1.55387e-15 8.90885e-16 5.10472e-16 2.9233e-16 1.67316e-16 9.5713e-17 5.47244e-17 3.12735e-17 1.78633e-17 1.01987e-17 5.82016e-18 3.31996e-18 1.89298e-18 1.0789e-18 6.14672e-19 3.50054e-19 1.9928e-19 1.13405e-19 6.45124e-20 3.66863e-20 2.08553e-20 1.18518e-20 6.73307e-21 3.82388e-21 2.17101e-21 1.23222e-21 6.99179e-22 3.96609e-22 2.24914e-22 1.27512e-22 7.22715e-23 4.09516e-23 2.31986e-23 1.31385e-23 7.43911e-24 4.21107e-24 2.3832e-24 1.34843e-24 7.62777e-25 4.3139e-25 2.4392e-25 1.3789e-25 7.79339e-26 4.40382e-26 2.48797e-26 1.40532e-26 7.93632e-27 4.48106e-27 2.52964e-27 1.42777e-27 8.05708e-28 4.54589e-28 2.56439e-28 1.44635e-28 8.15624e-29 4.59868e-29 2.59241e-29 1.46118e-29 8.23448e-30 4.6398e-30 2.61393e-30 1.47239e-30 8.29253e-31 4.66967e-31 2.62919e-31 1.48012e-31 8.33121e-32 4.68877e-32 2.63846e-32 1.48451e-32 8.35135e-33 4.69757e-33 2.642e-33 1.48572e-33
1.02197e-08 1.18507e-09 7.03078e-10 4.1602e-10 2.4557e-10 1.44634e-10 8.50114e-11 4.98722e-11 2.92062e-11 1.70757e-11 9.96818e-12 5.8107e-12 3.38263e-12 1.96666e-12 1.14204e-12 6.62433e-13 3.83827e-13 2.22171e-13 1.28474e-13 7.42243e-14 4.28444e-14 2.47102e-14 1.424e-14 8.19997e-15 4.71839e-15 2.71311e-15 1.55901e-15 8.9525e-16 5.1377e-16 2.94666e-16 1.68903e-16 9.67616e-17 5.54028e-17 3.17053e-17 1.81348e-17 1.03676e-17 5.92434e-18 3.38377e-18 1.93182e-18 1.10241e-18 6.28839e-19 3.58556e-19 2.04362e-19 1.16433e-19 6.63119e-20 3.77525e-20 2.14855e-20 1.22235e-20 6.95177e-21 3.95234e-21 2.24632e-21 1.2763e-21 7.24941e-22 4.11643e-22 2.33675e-22 1.32611e-22 7.52357e-23 4.26728e-23 2.4197e-23 1.37169e-23 7.77395e-24 4.40471e-24 2.49509e-24 1.41303e-24 8.00041e-25 4.5287e-25 2.56292e-25 1.45011e-25 8.20298e-26 4.63927e-26 2.62322e-26 1.48297e-26 8.38185e-27 4.73654e-27 2.67607e-27 1.51165e-27 8.53732e-28 4.82072e-28 2.72159e-28 1.53623e-28 8.66984e-29 4.89206e-29 2.75993e-29 1.55679e-29 8.77994e-30 4.95087e-30 2.79127e-30 1.57345e-30 8.86825e-31 4.99753e-31 2.81583e-31 1.58633e-31 8.93547e-32 5.03243e-32 2.83385e-32 1.59556e-32 8.98239e-33 5.05603e-33 2.84557e-33 1.60129e-33 9.00981e-34
5.59587e-09 6.59671e-10 3.92127e-10 2.32452e-10 1.37453e-10 8.10911e-11 4.77391e-11 2.80494e-11 1.64507e-11 9.63185e-12 5.63053e-12 3.28659e-12 1.91575e-12 1.11523e-12 6.48418e-13 3.76565e-13 2.18447e-13 1.26589e-13 7.32855e-14 4.23865e-14 2.44932e-14 1.41413e-14 8.15789e-15 4.70245e-15 2.70859e-15 1.55901e-15 8.96708e-16 5.15425e-16 2.96074e-16 1.69968e-16 9.75158e-17 5.59157e-17 3.20443e-17 1.83542e-17 1.05074e-17 6.01224e-18 3.43848e-18 1.96559e-18 1.12311e-18 6.41441e-19 3.66189e-19 2.08965e-19 1.19197e-19 6.79648e-20 3.8738e-20 2.20713e-20 1.25707e-20 7.15714e-21 4.07351e-21 2.31767e-21 1.31823e-21 7.49534e-22 4.26045e-22 2.42096e-22 1.37528e-22 7.81025e-23 4.43421e-23 2.51678e-23 1.4281e-23 8.10126e-24 4.59446e-24 2.60498e-24 1.47661e-24 8.36799e-25 4.74101e-25 2.68546e-25 1.52078e-25 8.61021e-26 4.87377e-26 2.75817e-26 1.56058e-26 8.82789e-27 4.99274e-27 2.82314e-27 1.59602e-27 9.02114e-28 5.098e-28 2.88042e-28 1.62716e-28 9.19022e-29 5.18971e-29 2.9301e-29 1.65405e-29 9.3355e-30 5.2681e-30 2.97234e-30 1.67676e-30 9.45747e-31 5.33347e-31 3.00729e-31 1.69541e-31 9.55673e-32 5.38614e-32 3.03517e-32 1.71011e-32 9.63394e-33 5.42653e-33 3.05618e-33 1.72099e-33 9.68984e-34 5.45504e-34
3.06406e-09 3.67109e-10 2.18639e-10 1.29845e-10 7.69122e-11 4.54499e-11 2.67992e-11 1.577e-11 9.26252e-12 5.43087e-12 3.17909e-12 1.85813e-12 1.0845e-12 6.32121e-13 3.67978e-13 2.13955e-13 1.24261e-13 7.20908e-14 4.17814e-14 2.41916e-14 1.39942e-14 8.0881e-15 4.67069e-15 2.69504e-15 1.55387e-15 8.9525e-16 5.15425e-16 2.96544e-16 1.70502e-16 9.79705e-17 5.62596e-17 3.22881e-17 1.85201e-17 1.06171e-17 6.08328e-18 3.48376e-18 1.99408e-18 1.14085e-18 6.52398e-19 3.72907e-19 2.13058e-19 1.21677e-19 6.9461e-20 3.96368e-20 2.26092e-20 1.28916e-20 7.34798e-21 4.1867e-21 2.38464e-21 1.35776e-21 7.72822e-22 4.39737e-22 2.50131e-22 1.42236e-22 8.08567e-23 4.59509e-23 2.61063e-23 1.48277e-23 8.41942e-24 4.77938e-24 2.71234e-24 1.53888e-24 8.72879e-25 4.94987e-25 2.80626e-25 1.59059e-25 9.01329e-26 5.10634e-26 2.89226e-26 1.63783e-26 9.27265e-27 5.24863e-27 2.97028e-27 1.68058e-27 9.50673e-28 5.37672e-28 3.04031e-28 1.71884e-28 9.7156e-29 5.49064e-29 3.1024e-29 1.75264e-29 9.89945e-30 5.59054e-30 3.15661e-30 1.78203e-30 1.00586e-30 5.67659e-31 3.20308e-31 1.80709e-31 1.01935e-31 5.74908e-32 3.24196e-32 1.8279e-32 1.03046e-32 5.80831e-33 3.27344e-33 1.84458e-33 1.03927e-33 5.85466e-34 3.29773e-34
1.67775e-09 2.04245e-10 1.21874e-10 7.25089e-11 4.30236e-11 2.54657e-11 1.50392e-11 8.86317e-12 5.21334e-12 3.061e-12 1.79426e-12 1.05009e-12 6.13669e-13 3.58131e-13 2.08731e-13 1.21506e-13 7.06494e-14 4.10337e-14 2.38079e-14 1.37997e-14 7.99113e-15 4.62334e-15 2.67258e-15 1.54364e-15 8.90885e-16 5.1377e-16 2.96074e-16 1.70502e-16 9.81224e-17 5.64321e-17 3.24351e-17 1.86313e-17 1.0696e-17 6.13698e-18 3.51929e-18 2.0171e-18 1.15553e-18 6.61639e-19 3.78665e-19 2.16615e-19 1.23859e-19 7.07912e-20 4.04434e-20 2.3096e-20 1.31842e-20 7.52315e-21 4.29124e-21 2.44684e-21 1.39468e-21 7.94673e-22 4.52642e-22 2.57737e-22 1.46709e-22 8.34836e-23 4.74908e-23 2.70076e-23 1.53544e-23 8.72682e-24 4.95855e-24 2.81665e-24 1.59953e-24 9.0811e-25 5.15431e-25 2.92477e-25 1.65922e-25 9.41044e-26 5.33595e-26 3.0249e-26 1.71439e-26 9.71427e-27 5.50318e-27 3.1169e-27 1.76498e-27 9.99224e-28 5.65584e-28 3.20068e-28 1.81093e-28 1.02441e-28 5.79383e-29 3.27622e-29 1.85225e-29 1.047e-29 5.91716e-30 3.34352e-30 1.88894e-30 1.06699e-30 6.02594e-31 3.40266e-31 1.92106e-31 1.08441e-31 6.12032e-32 3.45373e-32 1.94865e-32 1.0993e-32 6.20055e-33 3.49688e-33 1.97182e-33 1.11171e-33 6.26692e-34 3.53228e-34 1.99066e-34
9.18662e-10 1.13605e-10 6.79172e-11 4.04798e-11 2.40598e-11 1.42641e-11 8.43701e-12 4.97966e-12 2.93325e-12 1.72464e-12 1.01228e-12 5.93207e-13 3.47103e-13 2.02814e-13 1.18347e-13 6.89724e-14 4.01491e-14 2.33447e-14 1.35593e-14 7.8677e-15 4.56076e-15 2.64136e-15 1.52839e-15 8.83646e-16 5.10472e-16 2.94666e-16 1.69968e-16 9.79705e-17 5.64321e-17 3.24842e-17 1.86871e-17 1.07435e-17 6.17298e-18 3.54484e-18 2.0345e-18 1.16705e-18 6.69105e-19 3.83428e-19 2.19615e-19 1.2573e-19 7.19473e-20 4.11528e-20 2.35287e-20 1.34466e-20 7.68163e-21 4.38653e-21 2.50393e-21 1.42876e-21 8.14964e-22 4.64689e-22 2.64871e-22 1.50925e-22 8.59691e-23 4.89535e-23 2.78669e-23 1.58584e-23 9.02188e-24 5.13107e-24 2.91738e-24 1.65827e-24 9.42322e-25 5.35334e-25 3.04043e-25 1.72636e-25 9.79984e-26 5.56157e-26 3.15551e-26 1.78994e-26 1.01509e-26 5.75533e-27 3.2624e-27 1.84888e-27 1.04757e-27 5.93427e-28 3.36092e-28 1.90309e-28 1.07739e-28 6.09817e-29 3.45096e-29 1.95253e-29 1.10452e-29 6.24691e-30 3.53247e-30 1.99716e-30 1.12894e-30 6.38047e-31 3.60544e-31 2.037e-31 1.15067e-31 6.49889e-32 3.66992e-32 2.07207e-32 1.16973e-32 6.60233e-33 3.726e-33 2.10244e-33 1.18615e-33 6.69099e-34 3.7738e-34 2.12817e-34 1.19997e-34
5.0302e-10 6.31741e-11 3.78389e-11 2.25927e-11 1.3451e-11 7.98742e-12 4.7317e-12 2.79685e-12 1.64981e-12 9.71354e-13 5.70893e-13 3.34978e-13 1.9625e-13 1.14808e-13 6.70724e-14 3.91343e-14 2.28058e-14 1.32749e-14 7.71871e-15 4.4834e-15 2.60161e-15 1.50823e-15 8.73583e-16 5.05554e-16 2.9233e-16 1.68903e-16 9.75158e-17 5.62596e-17 3.24351e-17 1.86871e-17 1.07594e-17 6.19105e-18 3.56023e-18 2.04616e-18 1.17533e-18 6.74747e-19 3.87164e-19 2.22039e-19 1.27276e-19 7.2922e-20 4.17607e-20 2.39046e-20 1.36774e-20 7.82246e-21 4.472e-21 2.55556e-21 1.45982e-21 8.33579e-22 4.75809e-22 2.71494e-22 1.54858e-22 8.82997e-23 5.03312e-23 2.86796e-23 1.63368e-23 9.30309e-24 5.29606e-24 3.01404e-24 1.71481e-24 9.75347e-25 5.546e-25 3.15269e-25 1.7917e-25 1.01797e-25 5.78219e-26 3.28352e-26 1.86414e-26 1.05806e-26 6.00399e-27 3.40617e-27 1.93194e-27 1.09553e-27 6.2109e-28 3.5204e-28 1.99497e-28 1.13029e-28 6.40255e-29 3.626e-29 2.05313e-29 1.1623e-29 6.57867e-30 3.72284e-30 2.10634e-30 1.19153e-30 6.73909e-31 3.81083e-31 2.15458e-31 1.21795e-31 6.88374e-32 3.88996e-32 2.19783e-32 1.24158e-32 7.01266e-33 3.96026e-33 2.23613e-33 1.26242e-33 7.12595e-34 4.02178e-34 2.2695e-34 1.2805e-34 7.22379e-35
2.75432e-10 3.5122e-11 2.10761e-11 1.26062e-11 7.51794e-12 4.47139e-12 2.65286e-12 1.57037e-12 9.27634e-13 5.46899e-13 3.21849e-13 1.89088e-13 1.10915e-13 6.49639e-14 3.79969e-14 2.21949e-14 1.29485e-14 7.54528e-15 4.39184e-15 2.55363e-15 1.48331e-15 8.60771e-16 4.99052e-16 2.89084e-16 1.67316e-16 9.67616e-17 5.59157e-17 3.22881e-17 1.86313e-17 1.07435e-17 6.19105e-18 3.56538e-18 2.05202e-18 1.18032e-18 6.7853e-19 3.89851e-19 2.2387e-19 1.2849e-19 7.37092e-20 4.22634e-20 2.42215e-20 1.38752e-20 7.9448e-21 4.54715e-21 2.60143e-21 1.48767e-21 8.5041e-22 4.85938e-22 2.77568e-22 1.58488e-22 9.04625e-23 5.16164e-23 2.94413e-23 1.67874e-23 9.56896e-24 5.45266e-24 3.10611e-24 1.76886e-24 1.00702e-24 5.73136e-25 3.26101e-25 1.85492e-25 1.05482e-25 5.99677e-26 3.40832e-26 1.93665e-26 1.10015e-26 6.24808e-27 3.5476e-27 2.01381e-27 1.14288e-27 6.48461e-28 3.67848e-28 2.08621e-28 1.18291e-28 6.70582e-29 3.80068e-29 2.15368e-29 1.22015e-29 6.91126e-30 3.91397e-30 2.21612e-30 1.25454e-30 7.10064e-31 4.01818e-31 2.27344e-31 1.28605e-31 7.27374e-32 4.11322e-32 2.32559e-32 1.31465e-32 7.43046e-33 4.19905e-33 2.37255e-33 1.34033e-33 7.57079e-34 4.27566e-34 2.41434e-34 1.36311e-34 7.6948e-35 4.34311e-35
1.50815e-10 1.95218e-11 1.17364e-11 7.03224e-12 4.20076e-12 2.50241e-12 1.48691e-12 8.81455e-13 5.2141e-13 3.07817e-13 1.81384e-13 1.06698e-13 6.26627e-14 3.67454e-14 2.15168e-14 1.25826e-14 7.34867e-15 4.28673e-15 2.49776e-15 1.4538e-15 8.453e-16 4.91012e-16 2.84949e-16 1.65217e-16 9.5713e-17 5.54028e-17 3.20443e-17 1.85201e-17 1.0696e-17 6.17298e-18 3.56023e-18 2.05202e-18 1.18198e-18 6.80427e-19 3.9147e-19 2.25097e-19 1.29362e-19 7.4304e-20 4.26576e-20 2.44774e-20 1.40387e-20 8.04791e-21 4.61151e-21 2.64127e-21 1.51215e-21 8.6536e-22 4.9502e-22 2.83058e-22 1.61794e-22 9.24455e-23 5.2802e-23 3.01481e-23 1.72075e-23 9.81809e-24 5.60006e-24 3.19313e-24 1.82014e-24 1.03718e-24 5.90848e-25 3.36486e-25 1.91572e-25 1.09037e-25 6.2043e-26 3.52935e-26 2.00715e-26 1.14117e-26 6.48652e-27 3.68606e-27 2.09414e-27 1.18944e-27 6.75426e-28 3.83452e-28 2.17643e-28 1.23504e-28 7.00678e-29 3.97433e-29 2.2538e-29 1.27784e-29 7.2435e-30 4.10518e-30 2.3261e-30 1.31777e-30 7.46393e-31 4.22681e-31 2.39318e-31 1.35475e-31 7.6677e-32 4.33903e-32 2.45496e-32 1.38874e-32 7.85457e-33 4.44173e-33 2.51136e-33 1.4197e-33 8.0244e-34 4.53482e-34 2.56236e-34 1.44762e-34 8.17713e-35 4.61831e-35 2.60796e-35
