0.474147 0.0737509 0.0393682 0.0210147 0.0112177 0.00598798 0.00319638 0.00170623 0.000910783 0.000486175 0.00025952 0.000138532 7.39482e-05 3.94735e-05 2.10709e-05 1.12477e-05 6.00399e-06 3.20493e-06 1.71079e-06 9.13219e-07 4.87476e-07 2.60214e-07 1.38902e-07 7.4146e-08 3.95791e-08 2.11273e-08 1.12777e-08 6.02005e-09 3.2135e-09 1.71537e-09 9.15661e-10 4.8878e-10 2.6091e-10 1.39274e-10 7.43443e-11 3.96849e-11 2.11838e-11 1.13079e-11 6.03616e-12 3.2221e-12 1.71995e-12 9.18111e-13 4.90087e-13 2.61608e-13 1.39646e-13 7.45431e-14 3.97911e-14 2.12405e-14 1.13382e-14 6.0523e-15 3.23072e-15 1.72455e-15 9.20566e-16 4.91398e-16 2.62308e-16 1.4002e-16 7.47425e-17 3.98975e-17 2.12973e-17 1.13685e-17 6.06849e-18 3.23936e-18 1.72917e-18 9.23029e-19 4.92712e-19 2.6301e-19 1.40394e-19 7.49425e-20 4.00042e-20 2.13542e-20 1.13989e-20 6.08472e-21 3.24802e-21 1.73379e-21 9.25497e-22 4.9403e-22 2.63713e-22 1.4077e-22 7.51429e-23 4.01112e-23 2.14114e-23 1.14294e-23 6.101e-24 3.25671e-24 1.73843e-24 9.27973e-25 4.95352e-25 2.64418e-25 1.41146e-25 7.53439e-26 4.02185e-26 2.14686e-26 1.14599e-26 6.11732e-27 3.26542e-27 1.74308e-27 9.30455e-28 4.96676e-28 2.65126e-28 1.41524e-28 7.55454e-29
0.0737509 0.0296815 0.018066 0.0108298 0.00641407 0.00376181 0.00218846 0.0012645 0.000726399 0.000415192 0.000236277 0.000133944 7.5673e-05 4.26222e-05 2.3941e-05 1.34145e-05 7.49956e-06 4.18416e-06 2.33006e-06 1.29533e-06 7.18961e-07 3.98468e-07 2.20542e-07 1.2191e-07 6.73096e-08 3.71223e-08 2.04524e-08 1.12573e-08 6.19051e-09 3.40131e-09 1.8673e-09 1.02435e-09 5.61525e-10 3.07603e-10 1.68394e-10 9.21288e-11 5.0374e-11 2.75279e-11 1.50351e-11 8.20757e-12 4.47827e-12 2.44232e-12 1.33137e-12 7.25452e-13 3.95128e-13 2.15126e-13 1.1708e-13 6.36963e-14 3.4641e-14 1.8833e-14 1.02354e-14 5.56097e-15 3.0204e-15 1.64003e-15 8.90251e-16 4.83119e-16 2.62107e-16 1.42165e-16 7.70895e-17 4.1792e-17 2.26511e-17 1.2274e-17 6.64943e-18 3.60156e-18 1.95032e-18 1.05593e-18 5.71577e-19 3.09338e-19 1.67382e-19 9.05538e-20 4.8981e-20 2.64895e-20 1.43234e-20 7.74368e-21 4.18581e-21 2.26227e-21 1.22248e-21 6.60506e-22 3.56819e-22 1.92734e-22 1.0409e-22 5.62081e-23 3.03482e-23 1.63837e-23 8.84373e-24 4.77315e-24 2.57587e-24 1.38992e-24 7.49906e-25 4.04552e-25 2.1822e-25 1.17697e-25 6.34736e-26 3.42275e-26 1.84549e-26 9.94961e-27 5.36361e-27 2.89113e-27 1.55825e-27 8.39779e-28 4.52538e-28
0.0393682 0.018066 0.011724 0.00743575 0.00463347 0.002847 0.00172937 0.00104048 0.000620948 0.000367995 0.000216764 0.000127001 7.40568e-05 4.30007e-05 2.48728e-05 1.43373e-05 8.2383e-06 4.72012e-06 2.6972e-06 1.53748e-06 8.74422e-07 4.96268e-07 2.81098e-07 1.58929e-07 8.97016e-08 5.05472e-08 2.84403e-08 1.5979e-08 8.96558e-09 5.02402e-09 2.81188e-09 1.57197e-09 8.7784e-10 4.89705e-10 2.72912e-10 1.5195e-10 8.45246e-11 4.69776e-11 2.60879e-11 1.44758e-11 8.02626e-12 4.447e-12 2.46216e-12 1.36229e-12 7.53257e-13 4.16239e-13 2.29869e-13 1.26871e-13 6.99845e-14 3.85837e-14 2.12607e-14 1.17093e-14 6.44571e-15 3.54652e-15 1.95045e-15 1.07219e-15 5.89142e-16 3.23583e-16 1.77653e-16 9.74964e-17 5.34855e-17 2.93306e-17 1.60786e-17 8.81088e-18 4.8266e-18 2.64312e-18 1.44694e-18 7.91856e-19 4.33218e-19 2.36938e-19 1.29549e-19 7.08123e-20 3.86955e-20 2.11394e-20 1.15454e-20 6.30394e-21 3.44114e-21 1.87795e-21 1.02462e-21 5.58899e-22 3.04792e-22 1.66178e-22 9.05832e-23 4.93657e-23 2.68974e-23 1.46522e-23 7.98009e-24 4.34534e-24 2.36567e-24 1.28766e-24 7.00752e-25 3.81283e-25 2.0742e-25 1.12817e-25 6.13515e-26 3.33579e-26 1.81343e-26 9.85662e-27 5.35656e-27 2.91054e-27 1.58122e-27
0.0210147 0.0108298 0.00743575 0.00495096 0.00322144 0.00205867 0.0012966 0.000806866 0.000497038 0.000303529 0.000183962 0.000110758 6.62925e-05 3.947e-05 2.3389e-05 1.38004e-05 8.11091e-06 4.74997e-06 2.77255e-06 1.61341e-06 9.36234e-07 5.41855e-07 3.12836e-07 1.80201e-07 1.03577e-07 5.94141e-08 3.40166e-08 1.94407e-08 1.10916e-08 6.31795e-09 3.59332e-09 2.04072e-09 1.15737e-09 6.55523e-10 3.70815e-10 2.0951e-10 1.18237e-10 6.66534e-11 3.75347e-11 2.11157e-11 1.18673e-11 6.66339e-12 3.73806e-12 2.09518e-12 1.17336e-12 6.56589e-13 3.67128e-13 2.05123e-13 1.14524e-13 6.38957e-14 3.56249e-14 1.98494e-14 1.10527e-14 6.15059e-15 3.42063e-15 1.90126e-15 1.05617e-15 5.86391e-16 3.25393e-16 1.8047e-16 1.00042e-16 5.54302e-17 3.06975e-17 1.69925e-17 9.40193e-18 5.19976e-18 2.87451e-18 1.5884e-18 8.77365e-19 4.84425e-19 2.67364e-19 1.47508e-19 8.13513e-20 4.48494e-20 2.47169e-20 1.3617e-20 7.4993e-21 4.12873e-21 2.27232e-21 1.25022e-21 6.8765e-22 3.78108e-22 2.07843e-22 1.14216e-22 6.27473e-23 3.4462e-23 1.8922e-23 1.03867e-23 5.69995e-24 3.12718e-24 1.71523e-24 9.40559e-25 5.15635e-25 2.82614e-25 1.54861e-25 8.48383e-26 4.64667e-26 2.54445e-26 1.393e-26 7.62455e-27 4.17239e-27
0.0112177 0.00641407 0.00463347 0.00322144 0.00217764 0.00144047 0.000936473 0.000600203 0.000380107 0.000238273 0.000148046 9.12734e-05 5.5886e-05 3.40088e-05 2.05815e-05 1.23932e-05 7.42857e-06 4.43413e-06 2.63657e-06 1.56216e-06 9.22522e-07 5.43119e-07 3.18837e-07 1.86671e-07 1.09017e-07 6.35156e-08 3.69232e-08 2.14191e-08 1.24005e-08 7.16561e-09 4.13321e-09 2.38002e-09 1.36825e-09 7.85379e-10 4.5014e-10 2.57632e-10 1.47253e-10 8.40549e-11 4.79203e-11 2.7287e-11 1.552e-11 8.81756e-12 5.00426e-12 2.83717e-12 1.60694e-12 9.09285e-13 5.14041e-13 2.9034e-13 1.63848e-13 9.23876e-14 5.20515e-14 2.9303e-14 1.6484e-14 9.26595e-15 5.20484e-15 2.92161e-15 1.63887e-15 9.18719e-16 5.14687e-16 2.8816e-16 1.61236e-16 9.01643e-17 5.03916e-17 2.81475e-17 1.5714e-17 8.768e-18 4.8898e-18 2.7256e-18 1.51852e-18 8.45604e-19 4.70664e-19 2.61852e-19 1.45615e-19 8.09404e-20 4.49716e-20 2.49764e-20 1.38657e-20 7.69451e-21 4.26824e-21 2.36673e-21 1.31186e-21 7.2688e-22 4.02608e-22 2.22919e-22 1.23385e-22 6.82699e-23 3.77616e-23 2.088e-23 1.15417e-23 6.37781e-24 3.52322e-24 1.9457e-24 1.07419e-24 5.92872e-25 3.27126e-25 1.80446e-25 9.95078e-26 5.48592e-26 3.0236e-26 1.66604e-26 9.17771e-27
0.00598798 0.00376181 0.002847 0.00205867 0.00144047 0.000982956 0.00065754 0.000432757 0.000280967 0.000180314 0.000114563 7.21515e-05 4.50887e-05 2.79818e-05 1.72571e-05 1.05829e-05 6.45657e-06 3.92056e-06 2.37032e-06 1.42732e-06 8.56288e-07 5.11932e-07 3.0507e-07 1.81248e-07 1.07377e-07 6.34434e-08 3.7391e-08 2.19843e-08 1.28967e-08 7.54946e-09 4.41032e-09 2.57148e-09 1.49657e-09 8.69455e-10 5.04274e-10 2.92004e-10 1.68827e-10 9.74663e-11 5.61891e-11 3.23488e-11 1.85993e-11 1.06804e-11 6.12563e-12 3.50919e-12 2.00804e-12 1.1478e-12 6.55391e-13 3.73847e-13 2.13039e-13 1.21286e-13 6.89858e-14 3.92032e-14 2.2259e-14 1.26277e-14 7.1579e-15 4.05418e-15 2.29448e-15 1.2976e-15 7.33296e-16 4.14104e-16 2.33689e-16 1.31788e-16 7.42723e-17 4.18312e-17 2.35452e-17 1.32447e-17 7.44597e-18 4.1836e-18 2.34927e-18 1.31848e-18 7.39575e-19 4.1463e-19 2.32335e-19 1.30122e-19 7.28402e-20 4.07551e-20 2.27923e-20 1.27407e-20 7.11868e-21 3.97571e-21 2.21942e-21 1.23846e-21 6.90782e-22 3.85144e-22 2.1465e-22 1.19582e-22 6.6594e-23 3.70714e-23 2.06292e-23 1.14753e-23 6.38108e-24 3.54707e-24 1.97104e-24 1.0949e-24 6.08003e-25 3.37518e-25 1.87304e-25 1.03911e-25 5.76287e-26 3.19509e-26 1.77092e-26
0.00319638 0.00218846 0.00172937 0.0012966 0.000936473 0.00065754 0.000451519 0.000304477 0.000202237 0.000132612 8.59956e-05 5.52266e-05 3.51632e-05 2.22175e-05 1.39415e-05 8.69375e-06 5.39057e-06 3.32506e-06 2.04118e-06 1.2475e-06 7.593e-07 4.6039e-07 2.78155e-07 1.67493e-07 1.00541e-07 6.0174e-08 3.59139e-08 2.13784e-08 1.26941e-08 7.51977e-09 4.44457e-09 2.62136e-09 1.5429e-09 9.0637e-10 5.31453e-10 3.11065e-10 1.8176e-10 1.06032e-10 6.17576e-11 3.59163e-11 2.08575e-11 1.20956e-11 7.00496e-12 4.05156e-12 2.34043e-12 1.35034e-12 7.78183e-13 4.47951e-13 2.57575e-13 1.47951e-13 8.48954e-14 4.86653e-14 2.78699e-14 1.59457e-14 9.11499e-15 5.20577e-15 2.97058e-15 1.69369e-15 9.64877e-16 5.49246e-16 3.12411e-16 1.77566e-16 1.0085e-16 5.72377e-17 3.24628e-17 1.8399e-17 1.04211e-17 5.89865e-18 3.3367e-18 1.88631e-18 1.06573e-18 6.01763e-19 3.39588e-19 1.91529e-19 1.07963e-19 6.08252e-20 3.425e-20 1.92759e-20 1.08429e-20 6.09624e-21 3.42583e-21 1.92426e-21 1.08033e-21 6.0625e-22 3.40057e-22 1.90659e-22 1.06851e-22 5.98565e-23 3.3517e-23 1.87603e-23 1.04964e-23 5.87041e-24 3.28192e-24 1.8341e-24 1.0246e-24 5.7217e-25 3.19403e-25 1.78237e-25 9.94273e-26 5.54451e-26 3.09082e-26
0.00170623 0.0012645 0.00104048 0.000806866 0.000600203 0.000432757 0.000304477 0.000210006 0.000142471 9.53062e-05 6.29876e-05 4.11899e-05 2.66848e-05 1.7144e-05 1.09321e-05 6.9238e-06 4.35813e-06 2.7277e-06 1.69836e-06 1.05238e-06 6.49193e-07 3.98815e-07 2.44053e-07 1.48806e-07 9.04219e-08 5.47688e-08 3.30733e-08 1.99149e-08 1.19592e-08 7.16325e-09 4.28012e-09 2.55147e-09 1.51762e-09 9.00772e-10 5.33566e-10 3.15443e-10 1.86143e-10 1.09648e-10 6.4478e-11 3.78538e-11 2.21881e-11 1.29859e-11 7.58898e-12 4.42876e-12 2.581e-12 1.50217e-12 8.73171e-13 5.06923e-13 2.93945e-13 1.7025e-13 9.84969e-14 5.69227e-14 3.28617e-14 1.89517e-14 1.09188e-14 6.28469e-15 3.61396e-15 2.07628e-15 1.19179e-15 6.83503e-16 3.91664e-16 2.24248e-16 1.28291e-16 7.33373e-17 4.18911e-17 2.39109e-17 1.36381e-17 7.77329e-18 4.42745e-18 2.52005e-18 1.43343e-18 8.14824e-19 4.62888e-19 2.62796e-19 1.49107e-19 8.45513e-20 4.7917e-20 2.71402e-20 1.53636e-20 8.69235e-21 4.91528e-21 2.778e-21 1.56925e-21 8.85998e-22 4.99987e-22 2.82016e-22 1.58994e-22 8.95955e-23 5.04652e-23 2.8412e-23 1.59889e-23 8.99387e-24 5.05696e-24 2.84216e-24 1.59672e-24 8.96674e-25 5.03345e-25 2.8244e-25 1.58424e-25 8.88277e-26 4.97868e-26
0.000910783 0.000726399 0.000620948 0.000497038 0.000380107 0.000280967 0.000202237 0.000142471 9.85895e-05 6.7198e-05 4.52078e-05 3.0069e-05 1.97994e-05 1.29208e-05 8.36413e-06 5.37505e-06 3.43129e-06 2.17716e-06 1.3737e-06 8.62273e-07 5.38661e-07 3.35002e-07 2.07476e-07 1.27995e-07 7.86733e-08 4.81906e-08 2.94229e-08 1.7909e-08 1.08691e-08 6.57827e-09 3.97091e-09 2.39102e-09 1.43628e-09 8.60809e-10 5.14788e-10 3.07218e-10 1.82977e-10 1.08771e-10 6.45407e-11 3.82283e-11 2.26046e-11 1.33444e-11 7.86524e-12 4.62876e-12 2.72006e-12 1.59616e-12 9.35352e-13 5.47391e-13 3.19934e-13 1.86759e-13 1.08888e-13 6.34112e-14 3.68858e-14 2.14325e-14 1.244e-14 7.21295e-15 4.17798e-15 2.41764e-15 1.39765e-15 8.07234e-16 4.65806e-16 2.68549e-16 1.54692e-16 8.90317e-17 5.11992e-17 2.94194e-17 1.68913e-17 9.69075e-18 5.55556e-18 3.18258e-18 1.82189e-18 1.04222e-18 5.95797e-19 3.40367e-19 1.94317e-19 1.10865e-19 6.32132e-20 3.60207e-20 2.05133e-20 1.16751e-20 6.64101e-21 3.77539e-21 2.14509e-21 1.21813e-21 6.91367e-22 3.92188e-22 2.2236e-22 1.26008e-22 7.1371e-23 4.04049e-23 2.28633e-23 1.29311e-23 7.31029e-24 4.1308e-24 2.33313e-24 1.3172e-24 7.43322e-25 4.19293e-25 2.36415e-25 1.33246e-25 7.50685e-26
0.000486175 0.000415192 0.000367995 0.000303529 0.000238273 0.000180314 0.000132612 9.53062e-05 6.7198e-05 4.66187e-05 3.1894e-05 2.15563e-05 1.44137e-05 9.54597e-06 6.26802e-06 4.08378e-06 2.64191e-06 1.69808e-06 1.08494e-06 6.89388e-07 4.35814e-07 2.74203e-07 1.71757e-07 1.0714e-07 6.65723e-08 4.12134e-08 2.5426e-08 1.56349e-08 9.58435e-09 5.85802e-09 3.57045e-09 2.17039e-09 1.31598e-09 7.95985e-10 4.80345e-10 2.89226e-10 1.73778e-10 1.042e-10 6.23574e-11 3.72468e-11 2.22076e-11 1.32177e-11 7.85374e-12 4.65899e-12 2.75946e-12 1.63192e-12 9.63688e-13 5.68273e-13 3.34642e-13 1.96801e-13 1.15588e-13 6.78035e-14 3.97251e-14 2.32469e-14 1.35884e-14 7.93387e-15 4.62735e-15 2.69601e-15 1.56915e-15 9.12371e-16 5.29977e-16 3.0756e-16 1.7832e-16 1.03295e-16 5.97823e-17 3.45696e-17 1.99733e-17 1.15306e-17 6.65124e-18 3.83366e-18 2.20797e-18 1.27071e-18 7.30768e-19 4.19954e-19 2.41168e-19 1.38401e-19 7.93715e-20 4.54888e-20 2.60533e-20 1.49124e-20 8.53022e-21 4.87651e-21 2.78611e-21 1.59087e-21 9.07859e-22 5.17795e-22 2.9516e-22 1.68159e-22 9.57526e-23 5.44946e-23 3.09979e-23 1.76234e-23 1.00146e-23 5.68804e-24 3.22912e-24 1.83231e-24 1.03923e-24 5.89152e-25 3.33846e-25 1.89092e-25 1.07056e-25
0.00025952 0.000236277 0.000216764 0.000183962 0.000148046 0.000114563 8.59956e-05 6.29876e-05 4.52078e-05 3.1894e-05 2.2171e-05 1.52146e-05 1.03227e-05 6.93311e-06 4.61432e-06 3.04587e-06 1.99554e-06 1.29846e-06 8.39566e-07 5.39697e-07 3.45062e-07 2.19513e-07 1.38989e-07 8.76178e-08 5.50059e-08 3.43984e-08 2.14325e-08 1.33077e-08 8.23578e-09 5.08105e-09 3.12547e-09 1.91713e-09 1.17279e-09 7.15602e-10 4.35569e-10 2.64497e-10 1.60253e-10 9.68838e-11 5.84513e-11 3.51942e-11 2.11501e-11 1.26867e-11 7.59644e-12 4.54071e-12 2.70966e-12 1.61439e-12 9.6034e-13 5.70413e-13 3.38315e-13 2.00373e-13 1.18512e-13 7.00021e-14 4.12951e-14 2.433e-14 1.43172e-14 8.41513e-15 4.94041e-15 2.89721e-15 1.69716e-15 9.93129e-16 5.80549e-16 3.39027e-16 1.97789e-16 1.1528e-16 6.71275e-17 3.90526e-17 2.26992e-17 1.31824e-17 7.64904e-18 4.43464e-18 2.56895e-18 1.48699e-18 8.60046e-19 4.97054e-19 2.87053e-19 1.65654e-19 9.55284e-20 5.505e-20 3.17018e-20 1.82439e-20 1.04921e-20 6.03017e-21 3.46353e-21 1.9881e-21 1.14049e-21 6.53856e-22 3.74643e-22 2.14537e-22 1.22783e-22 7.02319e-23 4.01505e-23 2.2941e-23 1.3101e-23 7.47774e-24 4.26593e-24 2.43242e-24 1.38627e-24 7.89669e-25 4.49608e-25 2.5587e-25 1.45546e-25
0.000138532 0.000133944 0.000127001 0.000110758 9.12734e-05 7.21515e-05 5.52266e-05 4.11899e-05 3.0069e-05 2.15563e-05 1.52146e-05 1.05936e-05 7.28828e-06 4.961e-06 3.34466e-06 2.23547e-06 1.48238e-06 9.75923e-07 6.38243e-07 4.14852e-07 2.6812e-07 1.72372e-07 1.1027e-07 7.0216e-08 4.45172e-08 2.81089e-08 1.768e-08 1.10799e-08 6.91976e-09 4.30744e-09 2.67297e-09 1.65378e-09 1.02031e-09 6.27789e-10 3.85275e-10 2.35859e-10 1.44047e-10 8.77744e-11 5.3368e-11 3.23803e-11 1.96065e-11 1.18488e-11 7.14713e-12 4.30329e-12 2.58648e-12 1.55196e-12 9.297e-13 5.56053e-13 3.32064e-13 1.98008e-13 1.17901e-13 7.0104e-14 4.16273e-14 2.46855e-14 1.462e-14 8.64794e-15 5.10917e-15 3.01492e-15 1.77706e-15 1.04627e-15 6.15332e-16 3.61505e-16 2.12163e-16 1.2439e-16 7.28569e-17 4.26322e-17 2.49228e-17 1.45565e-17 8.49425e-18 4.95236e-18 2.88487e-18 1.6791e-18 9.76488e-19 5.67426e-19 3.29464e-19 1.91149e-19 1.10818e-19 6.41982e-20 3.71639e-20 2.14986e-20 1.24279e-20 7.17937e-21 4.14461e-21 2.39108e-21 1.37856e-21 7.9429e-22 4.57365e-22 2.63197e-22 1.51369e-22 8.70039e-23 4.9979e-23 2.86938e-23 1.64644e-23 9.44199e-24 5.41186e-24 3.10026e-24 1.77509e-24 1.01583e-24 5.81032e-25 3.32172e-25 1.89807e-25
7.39482e-05 7.5673e-05 7.40568e-05 6.62925e-05 5.5886e-05 4.50887e-05 3.51632e-05 2.66848e-05 1.97994e-05 1.44137e-05 1.03227e-05 7.28828e-06 5.08156e-06 3.50357e-06 2.39145e-06 1.61759e-06 1.08514e-06 7.22462e-07 4.77666e-07 3.13793e-07 2.04915e-07 1.33075e-07 8.59749e-08 5.52765e-08 3.53779e-08 2.25457e-08 1.43099e-08 9.04801e-09 5.70028e-09 3.57887e-09 2.23964e-09 1.3972e-09 8.69061e-10 5.39029e-10 3.33424e-10 2.0571e-10 1.266e-10 7.77281e-11 4.7613e-11 2.91015e-11 1.77494e-11 1.08035e-11 6.56282e-12 3.97915e-12 2.40819e-12 1.45486e-12 8.77418e-13 5.28286e-13 3.17565e-13 1.90598e-13 1.14222e-13 6.83504e-14 4.08426e-14 2.43717e-14 1.45236e-14 8.64358e-15 5.13761e-15 3.04993e-15 1.80841e-15 1.07101e-15 6.33564e-16 3.74373e-16 2.20976e-16 1.30294e-16 7.67459e-17 4.51591e-17 2.65465e-17 1.55901e-17 9.14703e-18 5.3618e-18 3.14014e-18 1.83741e-18 1.0742e-18 6.27477e-19 3.66228e-19 2.13576e-19 1.24454e-19 7.24645e-20 4.21611e-20 2.45117e-20 1.42402e-20 8.26697e-21 4.7959e-21 2.78031e-21 1.61072e-21 9.3252e-22 5.39525e-22 3.1195e-22 1.80254e-22 1.04091e-22 6.00728e-23 3.46483e-23 1.99724e-23 1.1506e-23 6.62482e-24 3.81223e-24 2.19253e-24 1.2603e-24 7.24057e-25 4.1576e-25 2.3861e-25
3.94735e-05 4.26222e-05 4.30007e-05 3.947e-05 3.40088e-05 2.79818e-05 2.22175e-05 1.7144e-05 1.29208e-05 9.54597e-06 6.93311e-06 4.961e-06 3.50357e-06 2.44556e-06 1.68924e-06 1.15581e-06 7.84034e-07 5.2766e-07 3.5255e-07 2.33978e-07 1.54323e-07 1.01198e-07 6.60034e-08 4.28316e-08 2.7663e-08 1.77866e-08 1.13882e-08 7.26249e-09 4.61397e-09 2.92083e-09 1.84271e-09 1.15877e-09 7.26434e-10 4.54055e-10 2.83005e-10 1.75915e-10 1.09065e-10 6.74506e-11 4.16148e-11 2.56159e-11 1.5733e-11 9.64238e-12 5.89745e-12 3.59983e-12 2.19314e-12 1.33366e-12 8.09557e-13 4.90563e-13 2.96764e-13 1.79234e-13 1.0808e-13 6.50731e-14 3.91212e-14 2.34853e-14 1.40789e-14 8.42844e-15 5.03906e-15 3.00877e-15 1.79424e-15 1.06866e-15 6.35742e-16 3.77759e-16 2.24209e-16 1.32926e-16 7.87223e-17 4.6572e-17 2.75235e-17 1.62496e-17 9.58416e-18 5.64737e-18 3.32451e-18 1.95528e-18 1.14894e-18 6.74531e-19 3.95667e-19 2.31894e-19 1.35796e-19 7.94572e-20 4.64549e-20 2.71387e-20 1.58422e-20 9.24085e-21 5.38628e-21 3.13726e-21 1.82601e-21 1.06207e-21 6.17313e-22 3.58562e-22 2.08131e-22 1.20733e-22 6.99903e-23 4.05487e-23 2.34773e-23 1.35849e-23 7.85603e-24 4.54042e-24 2.62264e-24 1.51403e-24 8.73548e-25 5.03733e-25 2.90321e-25
2.10709e-05 2.3941e-05 2.48728e-05 2.3389e-05 2.05815e-05 1.72571e-05 1.39415e-05 1.09321e-05 8.36413e-06 6.26802e-06 4.61432e-06 3.34466e-06 2.39145e-06 1.68924e-06 1.18027e-06 8.1656e-07 5.59881e-07 3.80747e-07 2.56979e-07 1.72238e-07 1.14697e-07 7.59214e-08 4.99729e-08 3.27205e-08 2.13186e-08 1.38255e-08 8.9268e-09 5.73997e-09 3.67635e-09 2.34587e-09 1.4916e-09 9.45222e-10 5.97058e-10 3.75979e-10 2.36066e-10 1.47802e-10 9.22901e-11 5.74784e-11 3.57086e-11 2.2131e-11 1.36845e-11 8.44292e-12 5.19788e-12 3.19347e-12 1.95809e-12 1.19829e-12 7.31955e-13 4.46294e-13 2.71642e-13 1.65058e-13 1.0013e-13 6.06451e-14 3.66738e-14 2.21443e-14 1.33516e-14 8.03867e-15 4.83321e-15 2.90203e-15 1.74019e-15 1.04217e-15 6.2336e-16 3.72401e-16 2.22213e-16 1.32442e-16 7.88478e-17 4.68896e-17 2.78545e-17 1.65294e-17 9.79881e-18 5.80299e-18 3.43324e-18 2.02926e-18 1.19829e-18 7.06946e-19 4.16695e-19 2.45396e-19 1.44391e-19 8.48871e-20 4.98636e-20 2.92665e-20 1.71637e-20 1.00579e-20 5.88943e-21 3.44595e-21 2.01476e-21 1.17712e-21 6.87237e-22 4.00948e-22 2.3376e-22 1.36194e-22 7.92965e-23 4.61389e-23 2.68288e-23 1.55905e-23 9.05413e-24 5.25495e-24 3.04809e-24 1.76698e-24 1.02372e-24 5.9276e-25 3.43031e-25
1.12477e-05 1.34145e-05 1.43373e-05 1.38004e-05 1.23932e-05 1.05829e-05 8.69375e-06 6.9238e-06 5.37505e-06 4.08378e-06 3.04587e-06 2.23547e-06 1.61759e-06 1.15581e-06 8.1656e-07 5.7101e-07 3.95599e-07 2.71748e-07 1.85215e-07 1.25327e-07 8.42363e-08 5.62657e-08 3.73644e-08 2.46775e-08 1.62151e-08 1.06034e-08 6.9023e-09 4.47377e-09 2.88791e-09 1.85701e-09 1.18973e-09 7.59557e-10 4.83306e-10 3.06548e-10 1.93843e-10 1.22217e-10 7.6842e-11 4.81834e-11 3.01353e-11 1.88007e-11 1.17013e-11 7.266e-12 4.50185e-12 2.78327e-12 1.7172e-12 1.05734e-12 6.49785e-13 3.98575e-13 2.4404e-13 1.49159e-13 9.10111e-14 5.54396e-14 3.37169e-14 2.04737e-14 1.24133e-14 7.51509e-15 4.54316e-15 2.74267e-15 1.65348e-15 9.95512e-16 5.98595e-16 3.59477e-16 2.15613e-16 1.29169e-16 7.72913e-17 4.61963e-17 2.75802e-17 1.6448e-17 9.79863e-18 5.83128e-18 3.46671e-18 2.05892e-18 1.22161e-18 7.24125e-19 4.2883e-19 2.53722e-19 1.49982e-19 8.85806e-20 5.22711e-20 3.08189e-20 1.81556e-20 1.06868e-20 6.28551e-21 3.69395e-21 2.16923e-21 1.27289e-21 7.46372e-22 4.37322e-22 2.56056e-22 1.49818e-22 8.75973e-23 5.11825e-23 2.98856e-23 1.74388e-23 1.01693e-23 5.92632e-24 3.45151e-24 2.00893e-24 1.16858e-24 6.79345e-25 3.94701e-25
6.00399e-06 7.49956e-06 8.2383e-06 8.11091e-06 7.42857e-06 6.45657e-06 5.39057e-06 4.35813e-06 3.43129e-06 2.64191e-06 1.99554e-06 1.48238e-06 1.08514e-06 7.84034e-07 5.59881e-07 3.95599e-07 2.7684e-07 1.92033e-07 1.3213e-07 9.0235e-08 6.11978e-08 4.12375e-08 2.76204e-08 1.83957e-08 1.21871e-08 8.03373e-09 5.27096e-09 3.44294e-09 2.23943e-09 1.4508e-09 9.36323e-10 6.02102e-10 3.85845e-10 2.46446e-10 1.56914e-10 9.96064e-11 6.30455e-11 3.97936e-11 2.50503e-11 1.57288e-11 9.85151e-12 6.15567e-12 3.83751e-12 2.38704e-12 1.48163e-12 9.17736e-13 5.67318e-13 3.50019e-13 2.15547e-13 1.32495e-13 8.12999e-14 4.98007e-14 3.04549e-14 1.85942e-14 1.13348e-14 6.899e-15 4.19288e-15 2.54454e-15 1.54203e-15 9.33212e-16 5.64008e-16 3.40426e-16 2.05214e-16 1.23552e-16 7.42965e-17 4.46241e-17 2.67712e-17 1.60426e-17 9.60288e-18 5.74193e-18 3.42969e-18 2.04645e-18 1.21985e-18 7.26411e-19 4.32151e-19 2.56847e-19 1.52514e-19 9.04786e-20 5.36283e-20 3.17585e-20 1.87911e-20 1.1109e-20 6.56204e-21 3.87301e-21 2.28408e-21 1.34596e-21 7.92538e-22 4.66314e-22 2.74165e-22 1.61076e-22 9.45659e-23 5.54795e-23 3.25259e-23 1.90559e-23 1.11567e-23 6.52767e-24 3.81678e-24 2.23027e-24 1.3024e-24 7.60088e-25 4.4332e-25
3.20493e-06 4.18416e-06 4.72012e-06 4.74997e-06 4.43413e-06 3.92056e-06 3.32506e-06 2.7277e-06 2.17716e-06 1.69808e-06 1.29846e-06 9.75923e-07 7.22462e-07 5.2766e-07 3.80747e-07 2.71748e-07 1.92033e-07 1.34471e-07 9.33791e-08 6.43448e-08 4.40215e-08 2.99172e-08 2.02057e-08 1.35674e-08 9.06026e-09 6.01934e-09 3.97966e-09 2.61907e-09 1.71616e-09 1.11989e-09 7.27921e-10 4.71378e-10 3.04162e-10 1.95596e-10 1.25372e-10 8.01097e-11 5.10352e-11 3.24196e-11 2.05374e-11 1.29758e-11 8.17729e-12 5.14064e-12 3.22399e-12 2.01732e-12 1.25949e-12 7.84662e-13 4.87835e-13 3.02687e-13 1.87443e-13 1.15859e-13 7.14818e-14 4.40243e-14 2.70671e-14 1.66137e-14 1.01808e-14 6.22896e-15 3.80522e-15 2.3211e-15 1.41375e-15 8.5988e-16 5.22277e-16 3.16794e-16 1.91903e-16 1.16099e-16 7.015e-17 4.23347e-17 2.55179e-17 1.53633e-17 9.23909e-18 5.54992e-18 3.33019e-18 1.99612e-18 1.19522e-18 7.14933e-19 4.27214e-19 2.55034e-19 1.52101e-19 9.06263e-20 5.39479e-20 3.20849e-20 1.90651e-20 1.13187e-20 6.71402e-21 3.97926e-21 2.35647e-21 1.39435e-21 8.24389e-22 4.87027e-22 2.87502e-22 1.69589e-22 9.99619e-23 5.88779e-23 3.46544e-23 2.03825e-23 1.198e-23 7.03648e-24 4.13013e-24 2.42262e-24 1.42011e-24 8.3192e-25 4.87042e-25
1.71079e-06 2.33006e-06 2.6972e-06 2.77255e-06 2.63657e-06 2.37032e-06 2.04118e-06 1.69836e-06 1.3737e-06 1.08494e-06 8.39566e-07 6.38243e-07 4.77666e-07 3.5255e-07 2.56979e-07 1.85215e-07 1.3213e-07 9.33791e-08 6.54264e-08 4.54776e-08 3.13787e-08 2.15025e-08 1.46405e-08 9.90869e-09 6.66847e-09 4.46408e-09 2.97346e-09 1.97122e-09 1.30095e-09 8.54941e-10 5.5957e-10 3.64836e-10 2.36998e-10 1.53414e-10 9.89754e-11 6.36491e-11 4.08055e-11 2.60831e-11 1.66251e-11 1.05677e-11 6.69968e-12 4.23668e-12 2.6726e-12 1.68196e-12 1.0561e-12 6.61667e-13 4.13662e-13 2.5808e-13 1.60692e-13 9.98595e-14 6.19396e-14 3.8349e-14 2.37011e-14 1.4623e-14 9.00688e-15 5.53867e-15 3.40055e-15 2.08459e-15 1.27597e-15 7.79873e-16 4.75978e-16 2.90099e-16 1.76569e-16 1.07326e-16 6.51535e-17 3.9502e-17 2.39202e-17 1.44672e-17 8.73964e-18 5.27352e-18 3.17847e-18 1.91362e-18 1.15086e-18 6.91401e-19 4.14942e-19 2.48773e-19 1.49e-19 8.91554e-20 5.32957e-20 3.18295e-20 1.89919e-20 1.13217e-20 6.74333e-21 4.01289e-21 2.386e-21 1.41749e-21 8.41415e-22 4.99057e-22 2.95764e-22 1.75146e-22 1.03639e-22 6.12799e-23 3.62068e-23 2.1377e-23 1.26122e-23 7.4358e-24 4.3809e-24 2.5793e-24 1.51757e-24 8.92295e-25 5.24306e-25
9.13219e-07 1.29533e-06 1.53748e-06 1.61341e-06 1.56216e-06 1.42732e-06 1.2475e-06 1.05238e-06 8.62273e-07 6.89388e-07 5.39697e-07 4.14852e-07 3.13793e-07 2.33978e-07 1.72238e-07 1.25327e-07 9.0235e-08 6.43448e-08 4.54776e-08 3.18804e-08 2.21794e-08 1.53217e-08 1.05147e-08 7.17139e-09 4.86285e-09 3.2795e-09 2.20032e-09 1.46909e-09 9.76354e-10 6.46046e-10 4.25707e-10 2.79406e-10 1.82691e-10 1.19023e-10 7.72754e-11 5.00052e-11 3.22561e-11 2.07437e-11 1.33011e-11 8.50488e-12 5.4234e-12 3.44938e-12 2.18835e-12 1.38496e-12 8.74452e-13 5.50871e-13 3.46266e-13 2.17193e-13 1.35952e-13 8.493e-14 5.29534e-14 3.29542e-14 2.04708e-14 1.26937e-14 7.85762e-15 4.85587e-15 2.99594e-15 1.84548e-15 1.13505e-15 6.97051e-16 4.27441e-16 2.61737e-16 1.60047e-16 9.77316e-17 5.95998e-17 3.62985e-17 2.20791e-17 1.34132e-17 8.13876e-18 4.9325e-18 2.98587e-18 1.80543e-18 1.09045e-18 6.57898e-19 3.96504e-19 2.38716e-19 1.43572e-19 8.62626e-20 5.17782e-20 3.10493e-20 1.86014e-20 1.11336e-20 6.65776e-21 3.9777e-21 2.3744e-21 1.41613e-21 8.4388e-22 5.02456e-22 2.98923e-22 1.77694e-22 1.05546e-22 6.26429e-23 3.7151e-23 2.20162e-23 1.30375e-23 7.7149e-24 4.56199e-24 2.69571e-24 1.59181e-24 9.39317e-25 5.53913e-25
4.87476e-07 7.18961e-07 8.74422e-07 9.36234e-07 9.22522e-07 8.56288e-07 7.593e-07 6.49193e-07 5.38661e-07 4.35814e-07 3.45062e-07 2.6812e-07 2.04915e-07 1.54323e-07 1.14697e-07 8.42363e-08 6.11978e-08 4.40215e-08 3.13787e-08 2.21794e-08 1.55552e-08 1.08304e-08 7.48986e-09 5.14689e-09 3.51584e-09 2.38823e-09 1.61371e-09 1.08493e-09 7.25967e-10 4.83592e-10 3.20763e-10 2.11894e-10 1.39433e-10 9.14115e-11 5.97165e-11 3.88786e-11 2.52297e-11 1.63213e-11 1.05267e-11 6.76974e-12 4.34154e-12 2.77684e-12 1.77147e-12 1.12728e-12 7.15618e-13 4.53229e-13 2.86401e-13 1.80585e-13 1.13624e-13 7.13457e-14 4.47095e-14 2.79636e-14 1.74571e-14 1.08783e-14 6.76669e-15 4.20189e-15 2.60486e-15 1.61219e-15 9.96222e-16 6.14643e-16 3.78646e-16 2.32919e-16 1.43071e-16 8.77582e-17 5.37564e-17 3.28845e-17 2.00902e-17 1.22581e-17 7.46996e-18 4.54656e-18 2.76394e-18 1.67829e-18 1.01791e-18 6.16683e-19 3.73198e-19 2.25605e-19 1.36239e-19 8.2187e-20 4.95298e-20 2.98193e-20 1.79352e-20 1.0777e-20 6.4697e-21 3.88034e-21 2.32521e-21 1.39209e-21 8.32714e-22 4.97682e-22 2.97195e-22 1.77326e-22 1.05718e-22 6.29766e-23 3.74859e-23 2.22956e-23 1.32508e-23 7.86935e-24 4.66999e-24 2.76935e-24 1.64108e-24 9.71803e-25 5.75076e-25
2.60214e-07 3.98468e-07 4.96268e-07 5.41855e-07 5.43119e-07 5.11932e-07 4.6039e-07 3.98815e-07 3.35002e-07 2.74203e-07 2.19513e-07 1.72372e-07 1.33075e-07 1.01198e-07 7.59214e-08 5.62657e-08 4.12375e-08 2.99172e-08 2.15025e-08 1.53217e-08 1.08304e-08 7.59891e-09 5.29465e-09 3.66518e-09 2.52172e-09 1.72505e-09 1.17368e-09 7.94447e-10 5.35143e-10 3.58815e-10 2.39533e-10 1.59237e-10 1.05437e-10 6.9548e-11 4.57085e-11 2.9936e-11 1.95407e-11 1.27142e-11 8.24712e-12 5.33366e-12 3.4396e-12 2.21205e-12 1.41883e-12 9.07716e-13 5.7929e-13 3.6881e-13 2.34263e-13 1.48467e-13 9.38886e-14 5.92491e-14 3.73133e-14 2.34522e-14 1.47119e-14 9.21171e-15 5.75734e-15 3.592e-15 2.23718e-15 1.39104e-15 8.63513e-16 5.35189e-16 3.31186e-16 2.04635e-16 1.26254e-16 7.77835e-17 4.7854e-17 2.94004e-17 1.80386e-17 1.10531e-17 6.7641e-18 4.13419e-18 2.5237e-18 1.53873e-18 9.37081e-19 5.70023e-19 3.46352e-19 2.10215e-19 1.2745e-19 7.71886e-20 4.66999e-20 2.82251e-20 1.7042e-20 1.02797e-20 6.19467e-21 3.72947e-21 2.24323e-21 1.34804e-21 8.09362e-22 4.85513e-22 2.90993e-22 1.74259e-22 1.04267e-22 6.23362e-23 3.72377e-23 2.2227e-23 1.32568e-23 7.90066e-24 4.705e-24 2.79983e-24 1.66489e-24 9.89297e-25 5.87434e-25
1.38902e-07 2.20542e-07 2.81098e-07 3.12836e-07 3.18837e-07 3.0507e-07 2.78155e-07 2.44053e-07 2.07476e-07 1.71757e-07 1.38989e-07 1.1027e-07 8.59749e-08 6.60034e-08 4.99729e-08 3.73644e-08 2.76204e-08 2.02057e-08 1.46405e-08 1.05147e-08 7.48986e-09 5.29465e-09 3.71626e-09 2.59106e-09 1.79527e-09 1.23658e-09 8.47026e-10 5.7715e-10 3.91306e-10 2.64053e-10 1.77383e-10 1.18652e-10 7.90425e-11 5.2451e-11 3.46757e-11 2.28426e-11 1.49961e-11 9.81255e-12 6.40049e-12 4.16221e-12 2.69876e-12 1.74493e-12 1.12515e-12 7.2361e-13 4.6419e-13 2.97044e-13 1.89634e-13 1.20785e-13 7.67613e-14 4.86783e-14 3.08048e-14 1.94545e-14 1.22621e-14 7.71391e-15 4.84369e-15 3.03592e-15 1.89949e-15 1.18642e-15 7.39799e-16 4.60554e-16 2.86257e-16 1.77647e-16 1.10079e-16 6.81097e-17 4.20811e-17 2.5963e-17 1.59965e-17 9.84258e-18 6.04816e-18 3.71175e-18 2.27503e-18 1.39272e-18 8.51556e-19 5.20058e-19 3.1724e-19 1.933e-19 1.17651e-19 7.15293e-20 4.3442e-20 2.63561e-20 1.59738e-20 9.67155e-21 5.85e-21 3.53503e-21 2.13411e-21 1.28717e-21 7.75629e-22 4.66961e-22 2.80881e-22 1.68805e-22 1.01362e-22 6.08135e-23 3.64556e-23 2.18361e-23 1.30689e-23 7.81551e-24 4.67025e-24 2.78863e-24 1.66386e-24 9.92016e-25 5.91024e-25
7.4146e-08 1.2191e-07 1.58929e-07 1.80201e-07 1.86671e-07 1.81248e-07 1.67493e-07 1.48806e-07 1.27995e-07 1.0714e-07 8.76178e-08 7.0216e-08 5.52765e-08 4.28316e-08 3.27205e-08 2.46775e-08 1.83957e-08 1.35674e-08 9.90869e-09 7.17139e-09 5.14689e-09 3.66518e-09 2.59106e-09 1.81926e-09 1.2692e-09 8.80125e-10 6.06857e-10 4.16189e-10 2.83975e-10 1.92827e-10 1.30334e-10 8.77089e-11 5.87779e-11 3.92329e-11 2.60872e-11 1.72829e-11 1.14099e-11 7.50734e-12 4.92363e-12 3.21909e-12 2.09836e-12 1.36387e-12 8.84008e-13 5.71442e-13 3.68434e-13 2.36951e-13 1.5202e-13 9.73019e-14 6.21373e-14 3.95935e-14 2.51748e-14 1.59736e-14 1.01149e-14 6.39249e-15 4.03226e-15 2.53876e-15 1.59555e-15 1.001e-15 6.26921e-16 3.91983e-16 2.44689e-16 1.52501e-16 9.48983e-17 5.89641e-17 3.65826e-17 2.2664e-17 1.40212e-17 8.66239e-18 5.34447e-18 3.29306e-18 2.02644e-18 1.24544e-18 7.64492e-19 4.68704e-19 2.87019e-19 1.75557e-19 1.07259e-19 6.54582e-20 3.99043e-20 2.43002e-20 1.47823e-20 8.98316e-21 5.45349e-21 3.30742e-21 2.00391e-21 1.21298e-21 7.33531e-22 4.43182e-22 2.67517e-22 1.61336e-22 9.72145e-23 5.85269e-23 3.52056e-23 2.11595e-23 1.27069e-23 7.62476e-24 4.57158e-24 2.73884e-24 1.63958e-24 9.8077e-25 5.86245e-25
3.95791e-08 6.73096e-08 8.97016e-08 1.03577e-07 1.09017e-07 1.07377e-07 1.00541e-07 9.04219e-08 7.86733e-08 6.65723e-08 5.50059e-08 4.45172e-08 3.53779e-08 2.7663e-08 2.13186e-08 1.62151e-08 1.21871e-08 9.06026e-09 6.66847e-09 4.86285e-09 3.51584e-09 2.52172e-09 1.79527e-09 1.2692e-09 8.91425e-10 6.22244e-10 4.31826e-10 2.98035e-10 2.04627e-10 1.398e-10 9.50626e-11 6.43526e-11 4.33776e-11 2.91201e-11 1.94726e-11 1.29727e-11 8.61152e-12 5.69685e-12 3.75624e-12 2.46882e-12 1.61769e-12 1.05687e-12 6.88507e-13 4.47304e-13 2.8983e-13 1.87313e-13 1.20758e-13 7.76636e-14 4.98319e-14 3.19018e-14 2.03785e-14 1.29899e-14 8.26306e-15 5.24572e-15 3.32369e-15 2.1019e-15 1.32679e-15 8.36004e-16 5.25842e-16 3.30187e-16 2.06986e-16 1.29544e-16 8.09481e-17 5.05037e-17 3.14619e-17 1.95706e-17 1.21562e-17 7.54018e-18 4.67053e-18 2.88912e-18 1.78481e-18 1.10118e-18 6.78542e-19 4.17597e-19 2.56692e-19 1.57598e-19 9.66464e-20 5.92004e-20 3.62225e-20 2.21388e-20 1.35165e-20 8.24358e-21 5.02246e-21 3.05687e-21 1.85867e-21 1.12902e-21 6.85147e-22 4.15388e-22 2.51606e-22 1.52262e-22 9.20597e-23 5.56115e-23 3.35647e-23 2.02409e-23 1.21958e-23 7.34233e-24 4.41675e-24 2.65475e-24 1.59442e-24 9.5685e-25 5.7379e-25
2.11273e-08 3.71223e-08 5.05472e-08 5.94141e-08 6.35156e-08 6.34434e-08 6.0174e-08 5.47688e-08 4.81906e-08 4.12134e-08 3.43984e-08 2.81089e-08 2.25457e-08 1.77866e-08 1.38255e-08 1.06034e-08 8.03373e-09 6.01934e-09 4.46408e-09 3.2795e-09 2.38823e-09 1.72505e-09 1.23658e-09 8.80125e-10 6.22244e-10 4.3716e-10 3.05309e-10 2.1203e-10 1.46468e-10 1.00668e-10 6.88581e-11 4.68846e-11 3.17841e-11 2.14574e-11 1.44282e-11 9.66475e-12 6.45025e-12 4.28979e-12 2.84334e-12 1.87849e-12 1.23717e-12 8.12349e-13 5.31853e-13 3.47233e-13 2.26085e-13 1.46819e-13 9.51028e-14 6.14519e-14 3.96136e-14 2.54771e-14 1.63487e-14 1.04682e-14 6.68876e-15 4.26508e-15 2.71421e-15 1.72392e-15 1.09287e-15 6.91551e-16 4.36819e-16 2.75436e-16 1.73381e-16 1.08959e-16 6.83625e-17 4.28241e-17 2.67848e-17 1.67276e-17 1.04313e-17 6.49563e-18 4.03916e-18 2.5082e-18 1.55542e-18 9.63301e-19 5.9582e-19 3.6806e-19 2.27083e-19 1.39934e-19 8.61287e-20 5.29498e-20 3.25151e-20 1.99443e-20 1.22201e-20 7.47932e-21 4.57288e-21 2.79296e-21 1.70411e-21 1.03871e-21 6.32506e-22 3.84781e-22 2.33857e-22 1.41997e-22 8.61413e-23 5.22096e-23 3.16158e-23 1.91283e-23 1.15632e-23 6.9841e-24 4.21485e-24 2.54155e-24 1.53131e-24 9.21901e-25 5.54581e-25
1.12777e-08 2.04524e-08 2.84403e-08 3.40166e-08 3.69232e-08 3.7391e-08 3.59139e-08 3.30733e-08 2.94229e-08 2.5426e-08 2.14325e-08 1.768e-08 1.43099e-08 1.13882e-08 8.9268e-09 6.9023e-09 5.27096e-09 3.97966e-09 2.97346e-09 2.20032e-09 1.61371e-09 1.17368e-09 8.47026e-10 6.06857e-10 4.31826e-10 3.05309e-10 2.14553e-10 1.49913e-10 1.0418e-10 7.20261e-11 4.95524e-11 3.39321e-11 2.31324e-11 1.57031e-11 1.06164e-11 7.14959e-12 4.79689e-12 3.20686e-12 2.1365e-12 1.41868e-12 9.39029e-13 6.19637e-13 4.07668e-13 2.67443e-13 1.74965e-13 1.14159e-13 7.42925e-14 4.82269e-14 3.12304e-14 2.01764e-14 1.30052e-14 8.36424e-15 5.36784e-15 3.43767e-15 2.19707e-15 1.40141e-15 8.92169e-16 5.66911e-16 3.59574e-16 2.27661e-16 1.43891e-16 9.07915e-17 5.71923e-17 3.59691e-17 2.25859e-17 1.41604e-17 8.86465e-18 5.54127e-18 3.45886e-18 2.15598e-18 1.34202e-18 8.3424e-19 5.17904e-19 3.21105e-19 1.98836e-19 1.22972e-19 7.59606e-20 4.68656e-20 2.88811e-20 1.77777e-20 1.09307e-20 6.71345e-21 4.11881e-21 2.52427e-21 1.54543e-21 9.45182e-22 5.77492e-22 3.5249e-22 2.14945e-22 1.30946e-22 7.96982e-23 4.84624e-23 2.9442e-23 1.78707e-23 1.08377e-23 6.5668e-24 3.9756e-24 2.40485e-24 1.4535e-24 8.77792e-25 5.29688e-25
6.02005e-09 1.12573e-08 1.5979e-08 1.94407e-08 2.14191e-08 2.19843e-08 2.13784e-08 1.99149e-08 1.7909e-08 1.56349e-08 1.33077e-08 1.10799e-08 9.04801e-09 7.26249e-09 5.73997e-09 4.47377e-09 3.44294e-09 2.61907e-09 1.97122e-09 1.46909e-09 1.08493e-09 7.94447e-10 5.7715e-10 4.16189e-10 2.98035e-10 2.1203e-10 1.49913e-10 1.05376e-10 7.36613e-11 5.12214e-11 3.54398e-11 2.44041e-11 1.67287e-11 1.14176e-11 7.76042e-12 5.25375e-12 3.54322e-12 2.38088e-12 1.59422e-12 1.06388e-12 7.07654e-13 4.69231e-13 3.10196e-13 2.04464e-13 1.34392e-13 8.80929e-14 5.7592e-14 3.75554e-14 2.4429e-14 1.58524e-14 1.0263e-14 6.62931e-15 4.27276e-15 2.74803e-15 1.76373e-15 1.12971e-15 7.22179e-16 4.60779e-16 2.93448e-16 1.86544e-16 1.18375e-16 7.49877e-17 4.74228e-17 2.99412e-17 1.88735e-17 1.18783e-17 7.46434e-18 4.68356e-18 2.93443e-18 1.8359e-18 1.147e-18 7.15621e-19 4.4588e-19 2.77447e-19 1.72418e-19 1.07013e-19 6.63365e-20 4.10715e-20 2.53987e-20 1.56883e-20 9.67923e-21 5.96511e-21 3.67212e-21 2.2581e-21 1.38711e-21 8.51179e-22 5.21779e-22 3.19532e-22 1.95484e-22 1.19478e-22 7.29533e-23 4.45035e-23 2.71232e-23 1.65156e-23 1.00474e-23 6.1071e-24 3.70884e-24 2.25045e-24 1.36438e-24 8.26499e-25 5.00259e-25
3.2135e-09 6.19051e-09 8.96558e-09 1.10916e-08 1.24005e-08 1.28967e-08 1.26941e-08 1.19592e-08 1.08691e-08 9.58435e-09 8.23578e-09 6.91976e-09 5.70028e-09 4.61397e-09 3.67635e-09 2.88791e-09 2.23943e-09 1.71616e-09 1.30095e-09 9.76354e-10 7.25967e-10 5.35143e-10 3.91306e-10 2.83975e-10 2.04627e-10 1.46468e-10 1.0418e-10 7.36613e-11 5.17895e-11 3.62173e-11 2.51987e-11 1.74474e-11 1.20247e-11 8.2508e-12 5.63743e-12 3.83625e-12 2.60043e-12 1.75616e-12 1.18176e-12 7.92491e-13 5.29686e-13 3.52902e-13 2.34396e-13 1.55221e-13 1.02495e-13 6.7491e-14 4.43221e-14 2.9031e-14 1.89673e-14 1.23619e-14 8.03776e-15 5.21414e-15 3.37487e-15 2.17964e-15 1.40474e-15 9.03464e-16 5.79904e-16 3.71496e-16 2.37534e-16 1.51598e-16 9.65779e-17 6.14181e-17 3.89914e-17 2.47122e-17 1.56367e-17 9.87827e-18 6.23073e-18 3.92403e-18 2.46761e-18 1.54948e-18 9.71571e-19 6.08351e-19 3.80399e-19 2.37542e-19 1.48139e-19 9.22658e-20 5.73935e-20 3.56572e-20 2.21261e-20 1.37134e-20 8.48938e-21 5.2494e-21 3.24232e-21 2.00042e-21 1.23287e-21 7.5901e-22 4.66793e-22 2.86784e-22 1.76014e-22 1.07921e-22 6.61063e-23 4.0454e-23 2.47326e-23 1.51069e-23 9.21901e-24 5.62085e-24 3.42401e-24 2.08397e-24 1.26728e-24 7.69998e-25 4.6746e-25
1.71537e-09 3.40131e-09 5.02402e-09 6.31795e-09 7.16561e-09 7.54946e-09 7.51977e-09 7.16325e-09 6.57827e-09 5.85802e-09 5.08105e-09 4.30744e-09 3.57887e-09 2.92083e-09 2.34587e-09 1.85701e-09 1.4508e-09 1.11989e-09 8.54941e-10 6.46046e-10 4.83592e-10 3.58815e-10 2.64053e-10 1.92827e-10 1.398e-10 1.00668e-10 7.20261e-11 5.12214e-11 3.62173e-11 2.5469e-11 1.78177e-11 1.24036e-11 8.59396e-12 5.92768e-12 4.07104e-12 2.78442e-12 1.89691e-12 1.28738e-12 8.70532e-13 5.86594e-13 3.93933e-13 2.63689e-13 1.75954e-13 1.17054e-13 7.76428e-14 5.13553e-14 3.38749e-14 2.22853e-14 1.46232e-14 9.57152e-15 6.24985e-15 4.07134e-15 2.64615e-15 1.71605e-15 1.11047e-15 7.17093e-16 4.62122e-16 2.97218e-16 1.90789e-16 1.22239e-16 7.81753e-17 4.99056e-17 3.1803e-17 2.02323e-17 1.28498e-17 8.14784e-18 5.15816e-18 3.2604e-18 2.05772e-18 1.29674e-18 8.15996e-19 5.12747e-19 3.21745e-19 2.01617e-19 1.26171e-19 7.88536e-20 4.92181e-20 3.06818e-20 1.91029e-20 1.18793e-20 7.37845e-21 4.57754e-21 2.83662e-21 1.75582e-21 1.08563e-21 6.70517e-22 4.1369e-22 2.54968e-22 1.56982e-22 9.65544e-23 5.93285e-23 3.64191e-23 2.23346e-23 1.36841e-23 8.37621e-24 5.1225e-24 3.12986e-24 1.91066e-24 1.16536e-24 7.10173e-25 4.32415e-25
9.15661e-10 1.8673e-09 2.81188e-09 3.59332e-09 4.13321e-09 4.41032e-09 4.44457e-09 4.28012e-09 3.97091e-09 3.57045e-09 3.12547e-09 2.67297e-09 2.23964e-09 1.84271e-09 1.4916e-09 1.18973e-09 9.36323e-10 7.27921e-10 5.5957e-10 4.25707e-10 3.20763e-10 2.39533e-10 1.77383e-10 1.30334e-10 9.50626e-11 6.88581e-11 4.95524e-11 3.54398e-11 2.51987e-11 1.78177e-11 1.25324e-11 8.7706e-12 6.10861e-12 4.23511e-12 2.92337e-12 2.00946e-12 1.37571e-12 9.38202e-13 6.3746e-13 4.31577e-13 2.91185e-13 1.95812e-13 1.31257e-13 8.7713e-14 5.844e-14 3.88243e-14 2.57208e-14 1.69939e-14 1.11986e-14 7.3609e-15 4.82646e-15 3.1571e-15 2.06035e-15 1.34156e-15 8.71624e-16 5.65094e-16 3.65603e-16 2.36059e-16 1.52116e-16 9.78352e-17 6.28062e-17 4.02454e-17 2.57428e-17 1.64377e-17 1.04782e-17 6.66828e-18 4.23677e-18 2.68762e-18 1.70227e-18 1.07654e-18 6.79806e-19 4.28658e-19 2.6991e-19 1.69716e-19 1.0657e-19 6.68289e-20 4.1853e-20 2.61776e-20 1.63526e-20 1.02025e-20 6.35771e-21 3.9571e-21 2.46007e-21 1.52764e-21 9.47553e-22 5.87093e-22 3.63361e-22 2.2465e-22 1.38746e-22 8.56021e-23 5.27606e-23 3.24864e-23 1.99834e-23 1.22805e-23 7.53967e-24 4.6247e-24 2.8341e-24 1.73522e-24 1.06147e-24 6.48753e-25 3.96165e-25
4.8878e-10 1.02435e-09 1.57197e-09 2.04072e-09 2.38002e-09 2.57148e-09 2.62136e-09 2.55147e-09 2.39102e-09 2.17039e-09 1.91713e-09 1.65378e-09 1.3972e-09 1.15877e-09 9.45222e-10 7.59557e-10 6.02102e-10 4.71378e-10 3.64836e-10 2.79406e-10 2.11894e-10 1.59237e-10 1.18652e-10 8.77089e-11 6.43526e-11 4.68846e-11 3.39321e-11 2.44041e-11 1.74474e-11 1.24036e-11 8.7706e-12 6.17008e-12 4.31949e-12 3.00989e-12 2.08801e-12 1.44232e-12 9.92226e-13 6.79913e-13 4.64147e-13 3.15704e-13 2.13986e-13 1.44552e-13 9.73314e-14 6.53306e-14 4.37183e-14 2.91699e-14 1.94077e-14 1.28772e-14 8.52136e-15 5.6244e-15 3.70301e-15 2.43208e-15 1.59358e-15 1.04178e-15 6.79526e-16 4.42276e-16 2.87252e-16 1.86183e-16 1.20433e-16 7.77503e-17 5.00993e-17 3.22222e-17 2.06866e-17 1.32573e-17 8.4815e-18 5.41696e-18 3.45399e-18 2.19881e-18 1.39755e-18 8.86907e-19 5.61995e-19 3.55587e-19 2.24663e-19 1.41742e-19 8.93031e-20 5.61879e-20 3.53053e-20 2.21549e-20 1.38849e-20 8.69097e-21 5.43325e-21 3.39254e-21 2.1158e-21 1.31801e-21 8.20093e-22 5.09707e-22 3.16444e-22 1.96247e-22 1.21575e-22 7.52369e-23 4.65125e-23 2.87255e-23 1.77228e-23 1.09237e-23 6.72653e-24 4.13807e-24 2.54331e-24 1.56171e-24 9.58096e-25 5.87259e-25 3.59641e-25
2.6091e-10 5.61525e-10 8.7784e-10 1.15737e-09 1.36825e-09 1.49657e-09 1.5429e-09 1.51762e-09 1.43628e-09 1.31598e-09 1.17279e-09 1.02031e-09 8.69061e-10 7.26434e-10 5.97058e-10 4.83306e-10 3.85845e-10 3.04162e-10 2.36998e-10 1.82691e-10 1.39433e-10 1.05437e-10 7.90425e-11 5.87779e-11 4.33776e-11 3.17841e-11 2.31324e-11 1.67287e-11 1.20247e-11 8.59396e-12 6.10861e-12 4.31949e-12 3.03927e-12 2.12838e-12 1.48375e-12 1.02988e-12 7.11878e-13 4.90105e-13 3.36129e-13 2.29677e-13 1.56382e-13 1.06112e-13 7.17643e-14 4.83799e-14 3.25149e-14 2.17873e-14 1.4557e-14 9.69902e-15 6.44476e-15 4.27116e-15 2.82344e-15 1.86182e-15 1.22477e-15 8.03815e-16 5.26348e-16 3.43899e-16 2.24211e-16 1.45872e-16 9.47118e-17 6.13724e-17 3.96917e-17 2.56217e-17 1.65087e-17 1.06179e-17 6.8171e-18 4.36934e-18 2.79578e-18 1.78599e-18 1.13909e-18 7.2536e-19 4.61195e-19 2.92794e-19 1.8561e-19 1.17494e-19 7.42702e-20 4.68829e-20 2.95546e-20 1.86062e-20 1.16984e-20 7.34579e-21 4.60687e-21 2.88562e-21 1.80529e-21 1.12808e-21 7.0409e-22 4.38954e-22 2.73351e-22 1.70037e-22 1.05656e-22 6.55818e-23 4.06646e-23 2.51884e-23 1.55864e-23 9.63508e-24 5.95031e-24 3.67117e-24 2.26285e-24 1.39348e-24 8.57327e-25 5.26984e-25 3.23639e-25
