0.85195 0.000138366 0.000133619 0.000129034 0.000124607 0.000120331 0.000116203 0.000112216 0.000108365 0.000104647 0.000101057 9.75893e-05 9.42409e-05 9.10074e-05 8.78848e-05 8.48694e-05 8.19574e-05 7.91453e-05 7.64298e-05 7.38074e-05 7.12749e-05 6.88294e-05 6.64678e-05 6.41872e-05 6.19849e-05 5.98581e-05 5.78043e-05 5.58209e-05 5.39057e-05 5.20561e-05 5.027e-05 4.85452e-05 4.68795e-05 4.5271e-05 4.37177e-05 4.22177e-05 4.07692e-05 3.93703e-05 3.80195e-05 3.6715e-05 3.54553e-05 3.42388e-05 3.3064e-05 3.19295e-05 3.0834e-05 2.9776e-05 2.87544e-05 2.77678e-05 2.6815e-05 2.5895e-05 2.50065e-05 2.41485e-05 2.33199e-05 2.25198e-05 2.17471e-05 2.10009e-05 2.02804e-05 1.95845e-05 1.89126e-05 1.82636e-05 1.7637e-05 1.70318e-05 1.64475e-05 1.58831e-05 1.53382e-05 1.48119e-05 1.43037e-05 1.38129e-05 1.3339e-05 1.28813e-05 1.24393e-05 1.20125e-05 1.16003e-05 1.12023e-05 1.0818e-05 1.04468e-05 1.00883e-05 9.7422e-06 9.40793e-06 9.08513e-06 8.77341e-06 8.47238e-06 8.18169e-06 7.90096e-06 7.62987e-06 7.36808e-06 7.11527e-06 6.87114e-06 6.63538e-06 6.40772e-06 6.18786e-06 5.97555e-06 5.77052e-06 5.57252e-06 5.38132e-06 5.19668e-06 5.01838e-06 4.84619e-06 4.67991e-06 4.51934e-06 4.36428e-06
0.000138366 1.71051e-05 1.66562e-05 1.6218e-05 1.57903e-05 1.53728e-05 1.49654e-05 1.45678e-05 1.41799e-05 1.38015e-05 1.34323e-05 1.30723e-05 1.27211e-05 1.23786e-05 1.20447e-05 1.17191e-05 1.14017e-05 1.10922e-05 1.07906e-05 1.04966e-05 1.02101e-05 9.93086e-06 9.65878e-06 9.39369e-06 9.13541e-06 8.8838e-06 8.6387e-06 8.39996e-06 8.16743e-06 7.94097e-06 7.72044e-06 7.50569e-06 7.29659e-06 7.093e-06 6.8948e-06 6.70184e-06 6.51401e-06 6.33117e-06 6.15322e-06 5.98002e-06 5.81147e-06 5.64744e-06 5.48782e-06 5.33251e-06 5.1814e-06 5.03438e-06 4.89135e-06 4.75221e-06 4.61685e-06 4.48519e-06 4.35713e-06 4.23258e-06 4.11145e-06 3.99364e-06 3.87908e-06 3.76768e-06 3.65936e-06 3.55403e-06 3.45163e-06 3.35206e-06 3.25527e-06 3.16117e-06 3.0697e-06 2.98078e-06 2.89435e-06 2.81034e-06 2.72869e-06 2.64934e-06 2.57222e-06 2.49727e-06 2.42443e-06 2.35366e-06 2.28488e-06 2.21806e-06 2.15313e-06 2.09005e-06 2.02876e-06 1.96921e-06 1.91136e-06 1.85517e-06 1.80058e-06 1.74755e-06 1.69604e-06 1.64601e-06 1.59742e-06 1.55022e-06 1.50438e-06 1.45986e-06 1.41662e-06 1.37464e-06 1.33386e-06 1.29427e-06 1.25582e-06 1.21849e-06 1.18224e-06 1.14705e-06 1.11287e-06 1.0797e-06 1.04749e-06 1.01621e-06 9.85855e-07
0.000133619 1.66562e-05 1.62351e-05 1.58233e-05 1.54209e-05 1.50276e-05 1.46432e-05 1.42677e-05 1.39008e-05 1.35424e-05 1.31923e-05 1.28504e-05 1.25166e-05 1.21906e-05 1.18723e-05 1.15616e-05 1.12584e-05 1.09624e-05 1.06736e-05 1.03918e-05 1.01168e-05 9.84854e-06 9.58684e-06 9.33157e-06 9.0826e-06 8.83979e-06 8.60301e-06 8.37214e-06 8.14704e-06 7.92758e-06 7.71364e-06 7.50511e-06 7.30186e-06 7.10376e-06 6.91071e-06 6.72259e-06 6.53929e-06 6.36069e-06 6.18669e-06 6.01718e-06 5.85206e-06 5.69122e-06 5.53457e-06 5.382e-06 5.23341e-06 5.08872e-06 4.94783e-06 4.81064e-06 4.67708e-06 4.54704e-06 4.42044e-06 4.29721e-06 4.17725e-06 4.06049e-06 3.94685e-06 3.83625e-06 3.72862e-06 3.62387e-06 3.52194e-06 3.42276e-06 3.32626e-06 3.23237e-06 3.14103e-06 3.05216e-06 2.96571e-06 2.88162e-06 2.79982e-06 2.72026e-06 2.64287e-06 2.56761e-06 2.49441e-06 2.42323e-06 2.354e-06 2.28669e-06 2.22124e-06 2.15759e-06 2.09571e-06 2.03555e-06 1.97705e-06 1.92019e-06 1.86491e-06 1.81117e-06 1.75893e-06 1.70815e-06 1.6588e-06 1.61083e-06 1.5642e-06 1.51889e-06 1.47485e-06 1.43205e-06 1.39046e-06 1.35004e-06 1.31077e-06 1.27261e-06 1.23553e-06 1.1995e-06 1.16449e-06 1.13048e-06 1.09744e-06 1.06534e-06 1.03415e-06
0.000129034 1.6218e-05 1.58233e-05 1.5437e-05 1.50588e-05 1.46886e-05 1.43264e-05 1.39719e-05 1.36252e-05 1.32861e-05 1.29543e-05 1.263e-05 1.23128e-05 1.20028e-05 1.16997e-05 1.14035e-05 1.1114e-05 1.08311e-05 1.05547e-05 1.02847e-05 1.0021e-05 9.7634e-06 9.51183e-06 9.26617e-06 9.02631e-06 8.79214e-06 8.56353e-06 8.34039e-06 8.12259e-06 7.91004e-06 7.70262e-06 7.50024e-06 7.30277e-06 7.11013e-06 6.92221e-06 6.73891e-06 6.56013e-06 6.38577e-06 6.21574e-06 6.04994e-06 5.88827e-06 5.73066e-06 5.57701e-06 5.42722e-06 5.28122e-06 5.13891e-06 5.00021e-06 4.86505e-06 4.73333e-06 4.60499e-06 4.47993e-06 4.35809e-06 4.23939e-06 4.12375e-06 4.01111e-06 3.90139e-06 3.79452e-06 3.69044e-06 3.58907e-06 3.49036e-06 3.39424e-06 3.30064e-06 3.20951e-06 3.12078e-06 3.03439e-06 2.95029e-06 2.86843e-06 2.78874e-06 2.71117e-06 2.63567e-06 2.56219e-06 2.49067e-06 2.42107e-06 2.35334e-06 2.28744e-06 2.22331e-06 2.16091e-06 2.10019e-06 2.04112e-06 1.98366e-06 1.92775e-06 1.87336e-06 1.82046e-06 1.769e-06 1.71894e-06 1.67025e-06 1.6229e-06 1.57685e-06 1.53206e-06 1.4885e-06 1.44614e-06 1.40495e-06 1.3649e-06 1.32595e-06 1.28808e-06 1.25127e-06 1.21547e-06 1.18067e-06 1.14683e-06 1.11394e-06 1.08197e-06
0.000124607 1.57903e-05 1.54209e-05 1.50588e-05 1.47037e-05 1.43557e-05 1.40147e-05 1.36806e-05 1.33532e-05 1.30326e-05 1.27186e-05 1.24111e-05 1.21101e-05 1.18154e-05 1.1527e-05 1.12448e-05 1.09686e-05 1.06984e-05 1.04341e-05 1.01756e-05 9.92285e-06 9.67566e-06 9.43398e-06 9.19771e-06 8.96676e-06 8.74104e-06 8.52045e-06 8.30491e-06 8.0943e-06 7.88856e-06 7.68757e-06 7.49126e-06 7.29953e-06 7.1123e-06 6.92948e-06 6.75097e-06 6.5767e-06 6.40657e-06 6.24051e-06 6.07844e-06 5.92026e-06 5.7659e-06 5.61528e-06 5.46831e-06 5.32493e-06 5.18506e-06 5.04862e-06 4.91553e-06 4.78573e-06 4.65914e-06 4.53569e-06 4.41531e-06 4.29793e-06 4.1835e-06 4.07193e-06 3.96316e-06 3.85714e-06 3.7538e-06 3.65308e-06 3.55491e-06 3.45924e-06 3.36602e-06 3.27517e-06 3.18666e-06 3.10041e-06 3.01639e-06 2.93454e-06 2.8548e-06 2.77712e-06 2.70146e-06 2.62777e-06 2.556e-06 2.4861e-06 2.41803e-06 2.35174e-06 2.28719e-06 2.22434e-06 2.16315e-06 2.10357e-06 2.04556e-06 1.98909e-06 1.93412e-06 1.88061e-06 1.82852e-06 1.77783e-06 1.72848e-06 1.68045e-06 1.63371e-06 1.58822e-06 1.54396e-06 1.50088e-06 1.45897e-06 1.41818e-06 1.3785e-06 1.33989e-06 1.30233e-06 1.26578e-06 1.23023e-06 1.19565e-06 1.162e-06 1.12928e-06
0.000120331 1.53728e-05 1.50276e-05 1.46886e-05 1.43557e-05 1.4029e-05 1.37083e-05 1.33936e-05 1.30849e-05 1.27821e-05 1.24851e-05 1.21939e-05 1.19084e-05 1.16286e-05 1.13544e-05 1.10857e-05 1.08224e-05 1.05646e-05 1.0312e-05 1.00647e-05 9.82256e-06 9.58551e-06 9.35347e-06 9.12638e-06 8.90415e-06 8.68671e-06 8.47399e-06 8.2659e-06 8.06237e-06 7.86332e-06 7.66868e-06 7.47837e-06 7.29232e-06 7.11045e-06 6.93268e-06 6.75894e-06 6.58917e-06 6.42327e-06 6.26118e-06 6.10284e-06 5.94815e-06 5.79707e-06 5.64951e-06 5.50541e-06 5.36469e-06 5.2273e-06 5.09315e-06 4.9622e-06 4.83437e-06 4.70959e-06 4.58781e-06 4.46896e-06 4.35297e-06 4.2398e-06 4.12938e-06 4.02164e-06 3.91654e-06 3.81401e-06 3.71401e-06 3.61646e-06 3.52132e-06 3.42854e-06 3.33807e-06 3.24984e-06 3.16382e-06 3.07995e-06 2.99818e-06 2.91846e-06 2.84076e-06 2.76501e-06 2.69118e-06 2.61922e-06 2.54909e-06 2.48075e-06 2.41415e-06 2.34925e-06 2.28602e-06 2.22441e-06 2.16438e-06 2.1059e-06 2.04893e-06 1.99344e-06 1.93938e-06 1.88673e-06 1.83544e-06 1.78549e-06 1.73685e-06 1.68947e-06 1.64334e-06 1.59842e-06 1.55467e-06 1.51208e-06 1.47061e-06 1.43024e-06 1.39093e-06 1.35266e-06 1.31541e-06 1.27915e-06 1.24385e-06 1.20949e-06 1.17605e-06
0.000116203 1.49654e-05 1.46432e-05 1.43264e-05 1.40147e-05 1.37083e-05 1.34071e-05 1.31111e-05 1.28202e-05 1.25345e-05 1.22539e-05 1.19784e-05 1.17079e-05 1.14425e-05 1.11819e-05 1.09263e-05 1.06756e-05 1.04297e-05 1.01885e-05 9.95208e-06 9.7203e-06 9.49313e-06 9.2705e-06 9.05237e-06 8.83866e-06 8.62933e-06 8.42431e-06 8.22354e-06 8.02697e-06 7.83451e-06 7.64613e-06 7.46175e-06 7.28131e-06 7.10474e-06 6.93199e-06 6.763e-06 6.59769e-06 6.43601e-06 6.27789e-06 6.12328e-06 5.97211e-06 5.82432e-06 5.67984e-06 5.53863e-06 5.40061e-06 5.26574e-06 5.13394e-06 5.00516e-06 4.87935e-06 4.75644e-06 4.63638e-06 4.51912e-06 4.40459e-06 4.29275e-06 4.18354e-06 4.0769e-06 3.97278e-06 3.87114e-06 3.77192e-06 3.67507e-06 3.58053e-06 3.48827e-06 3.39824e-06 3.31037e-06 3.22464e-06 3.14099e-06 3.05938e-06 2.97976e-06 2.90209e-06 2.82633e-06 2.75243e-06 2.68036e-06 2.61007e-06 2.54152e-06 2.47468e-06 2.4095e-06 2.34594e-06 2.28398e-06 2.22357e-06 2.16468e-06 2.10727e-06 2.0513e-06 1.99676e-06 1.94359e-06 1.89178e-06 1.84128e-06 1.79207e-06 1.74411e-06 1.69738e-06 1.65185e-06 1.60749e-06 1.56427e-06 1.52216e-06 1.48114e-06 1.44117e-06 1.40225e-06 1.36433e-06 1.32739e-06 1.29142e-06 1.25639e-06 1.22227e-06
0.000112216 1.45678e-05 1.42677e-05 1.39719e-05 1.36806e-05 1.33936e-05 1.31111e-05 1.2833e-05 1.25593e-05 1.229e-05 1.20252e-05 1.17648e-05 1.15088e-05 1.12571e-05 1.10098e-05 1.07669e-05 1.05283e-05 1.02939e-05 1.00638e-05 9.83796e-06 9.61626e-06 9.3987e-06 9.18525e-06 8.97586e-06 8.77049e-06 8.56909e-06 8.37162e-06 8.17804e-06 7.98829e-06 7.80232e-06 7.6201e-06 7.44156e-06 7.26666e-06 7.09535e-06 6.92757e-06 6.76328e-06 6.60242e-06 6.44494e-06 6.29079e-06 6.13991e-06 5.99225e-06 5.84777e-06 5.7064e-06 5.5681e-06 5.43281e-06 5.30049e-06 5.17108e-06 5.04452e-06 4.92077e-06 4.79979e-06 4.68151e-06 4.56588e-06 4.45287e-06 4.34242e-06 4.23448e-06 4.129e-06 4.02594e-06 3.92524e-06 3.82687e-06 3.73078e-06 3.63692e-06 3.54525e-06 3.45572e-06 3.36829e-06 3.28291e-06 3.19956e-06 3.11817e-06 3.03872e-06 2.96115e-06 2.88544e-06 2.81155e-06 2.73942e-06 2.66904e-06 2.60035e-06 2.53332e-06 2.46792e-06 2.40411e-06 2.34185e-06 2.28112e-06 2.22188e-06 2.16408e-06 2.10771e-06 2.05274e-06 1.99911e-06 1.94682e-06 1.89583e-06 1.8461e-06 1.79762e-06 1.75034e-06 1.70425e-06 1.65932e-06 1.61551e-06 1.57281e-06 1.53118e-06 1.49061e-06 1.45106e-06 1.41252e-06 1.37495e-06 1.33834e-06 1.30267e-06 1.2679e-06
0.000108365 1.41799e-05 1.39008e-05 1.36252e-05 1.33532e-05 1.30849e-05 1.28202e-05 1.25593e-05 1.23021e-05 1.20486e-05 1.1799e-05 1.15531e-05 1.1311e-05 1.10727e-05 1.08382e-05 1.06075e-05 1.03806e-05 1.01575e-05 9.93812e-06 9.7225e-06 9.5106e-06 9.30241e-06 9.09789e-06 8.89703e-06 8.6998e-06 8.50616e-06 8.31609e-06 8.12955e-06 7.9465e-06 7.76692e-06 7.59076e-06 7.41798e-06 7.24856e-06 7.08244e-06 6.91959e-06 6.75996e-06 6.60352e-06 6.45022e-06 6.30002e-06 6.15287e-06 6.00873e-06 5.86756e-06 5.72931e-06 5.59395e-06 5.46142e-06 5.33167e-06 5.20468e-06 5.08038e-06 4.95875e-06 4.83972e-06 4.72327e-06 4.60934e-06 4.49789e-06 4.38888e-06 4.28227e-06 4.17801e-06 4.07606e-06 3.97638e-06 3.87893e-06 3.78366e-06 3.69053e-06 3.59951e-06 3.51055e-06 3.42362e-06 3.33867e-06 3.25567e-06 3.17458e-06 3.09536e-06 3.01797e-06 2.94237e-06 2.86854e-06 2.79643e-06 2.72601e-06 2.65724e-06 2.5901e-06 2.52454e-06 2.46053e-06 2.39804e-06 2.33704e-06 2.2775e-06 2.21939e-06 2.16266e-06 2.10731e-06 2.05329e-06 2.00057e-06 1.94913e-06 1.89894e-06 1.84998e-06 1.8022e-06 1.7556e-06 1.71014e-06 1.66579e-06 1.62254e-06 1.58035e-06 1.53921e-06 1.49908e-06 1.45995e-06 1.4218e-06 1.38459e-06 1.34831e-06 1.31294e-06
0.000104647 1.38015e-05 1.35424e-05 1.32861e-05 1.30326e-05 1.27821e-05 1.25345e-05 1.229e-05 1.20486e-05 1.18104e-05 1.15753e-05 1.13434e-05 1.11147e-05 1.08893e-05 1.06672e-05 1.04483e-05 1.02328e-05 1.00205e-05 9.81152e-06 9.60586e-06 9.40348e-06 9.2044e-06 9.00859e-06 8.81606e-06 8.62677e-06 8.44072e-06 8.25788e-06 8.07824e-06 7.90178e-06 7.72846e-06 7.55827e-06 7.39118e-06 7.22715e-06 7.06617e-06 6.90819e-06 6.75319e-06 6.60113e-06 6.45198e-06 6.30572e-06 6.16229e-06 6.02167e-06 5.88382e-06 5.7487e-06 5.61629e-06 5.48653e-06 5.3594e-06 5.23485e-06 5.11285e-06 4.99336e-06 4.87634e-06 4.76176e-06 4.64957e-06 4.53974e-06 4.43222e-06 4.32699e-06 4.22401e-06 4.12323e-06 4.02461e-06 3.92813e-06 3.83375e-06 3.74142e-06 3.65111e-06 3.56279e-06 3.47642e-06 3.39196e-06 3.30938e-06 3.22864e-06 3.14971e-06 3.07255e-06 2.99714e-06 2.92343e-06 2.8514e-06 2.781e-06 2.71222e-06 2.64501e-06 2.57935e-06 2.51521e-06 2.45255e-06 2.39134e-06 2.33156e-06 2.27317e-06 2.21615e-06 2.16047e-06 2.1061e-06 2.05301e-06 2.00118e-06 1.95058e-06 1.90118e-06 1.85296e-06 1.80589e-06 1.75994e-06 1.7151e-06 1.67134e-06 1.62864e-06 1.58696e-06 1.5463e-06 1.50662e-06 1.46791e-06 1.43014e-06 1.3933e-06 1.35736e-06
0.000101057 1.34323e-05 1.31923e-05 1.29543e-05 1.27186e-05 1.24851e-05 1.22539e-05 1.20252e-05 1.1799e-05 1.15753e-05 1.13542e-05 1.11358e-05 1.092e-05 1.0707e-05 1.04968e-05 1.02894e-05 1.00848e-05 9.88307e-06 9.68419e-06 9.48818e-06 9.29506e-06 9.10484e-06 8.91752e-06 8.73309e-06 8.55156e-06 8.37292e-06 8.19717e-06 8.0243e-06 7.85429e-06 7.68713e-06 7.52281e-06 7.3613e-06 7.2026e-06 7.04668e-06 6.89352e-06 6.7431e-06 6.5954e-06 6.45038e-06 6.30802e-06 6.16831e-06 6.0312e-06 5.89667e-06 5.76469e-06 5.63524e-06 5.50827e-06 5.38377e-06 5.2617e-06 5.14202e-06 5.02471e-06 4.90973e-06 4.79706e-06 4.68665e-06 4.57848e-06 4.47251e-06 4.36872e-06 4.26705e-06 4.1675e-06 4.07001e-06 3.97456e-06 3.88111e-06 3.78964e-06 3.7001e-06 3.61247e-06 3.52672e-06 3.44281e-06 3.36071e-06 3.28038e-06 3.2018e-06 3.12494e-06 3.04977e-06 2.97624e-06 2.90434e-06 2.83404e-06 2.76529e-06 2.69808e-06 2.63238e-06 2.56815e-06 2.50537e-06 2.44402e-06 2.38405e-06 2.32544e-06 2.26818e-06 2.21223e-06 2.15756e-06 2.10415e-06 2.05197e-06 2.001e-06 1.95122e-06 1.90259e-06 1.8551e-06 1.80872e-06 1.76343e-06 1.7192e-06 1.67602e-06 1.63386e-06 1.5927e-06 1.55251e-06 1.51328e-06 1.47499e-06 1.43761e-06 1.40113e-06
9.75893e-05 1.30723e-05 1.28504e-05 1.263e-05 1.24111e-05 1.21939e-05 1.19784e-05 1.17648e-05 1.15531e-05 1.13434e-05 1.11358e-05 1.09303e-05 1.0727e-05 1.0526e-05 1.03273e-05 1.01309e-05 9.93691e-06 9.74535e-06 9.55624e-06 9.36962e-06 9.18549e-06 9.00388e-06 8.82481e-06 8.64829e-06 8.47433e-06 8.30294e-06 8.13411e-06 7.96786e-06 7.80418e-06 7.64306e-06 7.48451e-06 7.32851e-06 7.17506e-06 7.02414e-06 6.87574e-06 6.72986e-06 6.58646e-06 6.44554e-06 6.30708e-06 6.17105e-06 6.03744e-06 5.90623e-06 5.7774e-06 5.65091e-06 5.52675e-06 5.4049e-06 5.28532e-06 5.168e-06 5.0529e-06 4.94e-06 4.82927e-06 4.72068e-06 4.61421e-06 4.50983e-06 4.40751e-06 4.30722e-06 4.20893e-06 4.11262e-06 4.01825e-06 3.9258e-06 3.83523e-06 3.74652e-06 3.65964e-06 3.57457e-06 3.49126e-06 3.40969e-06 3.32984e-06 3.25167e-06 3.17516e-06 3.10028e-06 3.027e-06 2.95529e-06 2.88512e-06 2.81648e-06 2.74932e-06 2.68363e-06 2.61937e-06 2.55653e-06 2.49507e-06 2.43497e-06 2.3762e-06 2.31874e-06 2.26257e-06 2.20765e-06 2.15396e-06 2.10149e-06 2.0502e-06 2.00008e-06 1.95109e-06 1.90323e-06 1.85645e-06 1.81075e-06 1.7661e-06 1.72249e-06 1.67987e-06 1.63825e-06 1.5976e-06 1.55789e-06 1.51911e-06 1.48123e-06 1.44425e-06
9.42409e-05 1.27211e-05 1.25166e-05 1.23128e-05 1.21101e-05 1.19084e-05 1.17079e-05 1.15088e-05 1.1311e-05 1.11147e-05 1.092e-05 1.0727e-05 1.05357e-05 1.03462e-05 1.01586e-05 9.9729e-06 9.78918e-06 9.60747e-06 9.42783e-06 9.2503e-06 9.0749e-06 8.90167e-06 8.73063e-06 8.56181e-06 8.39523e-06 8.23091e-06 8.06886e-06 7.90909e-06 7.75161e-06 7.59642e-06 7.44354e-06 7.29295e-06 7.14467e-06 6.99868e-06 6.85499e-06 6.71358e-06 6.57445e-06 6.4376e-06 6.303e-06 6.17065e-06 6.04053e-06 5.91263e-06 5.78694e-06 5.66342e-06 5.54208e-06 5.42289e-06 5.30583e-06 5.19087e-06 5.07801e-06 4.96721e-06 4.85846e-06 4.75173e-06 4.647e-06 4.54425e-06 4.44345e-06 4.34457e-06 4.2476e-06 4.15251e-06 4.05927e-06 3.96786e-06 3.87826e-06 3.79043e-06 3.70435e-06 3.62e-06 3.53735e-06 3.45637e-06 3.37704e-06 3.29934e-06 3.22323e-06 3.1487e-06 3.07572e-06 3.00425e-06 2.93428e-06 2.86579e-06 2.79874e-06 2.73311e-06 2.66888e-06 2.60602e-06 2.54452e-06 2.48433e-06 2.42545e-06 2.36784e-06 2.31149e-06 2.25637e-06 2.20246e-06 2.14974e-06 2.09818e-06 2.04776e-06 1.99846e-06 1.95026e-06 1.90314e-06 1.85707e-06 1.81204e-06 1.76802e-06 1.725e-06 1.68296e-06 1.64187e-06 1.60172e-06 1.56248e-06 1.52415e-06 1.48669e-06
9.10074e-05 1.23786e-05 1.21906e-05 1.20028e-05 1.18154e-05 1.16286e-05 1.14425e-05 1.12571e-05 1.10727e-05 1.08893e-05 1.0707e-05 1.0526e-05 1.03462e-05 1.01678e-05 9.99092e-06 9.81552e-06 9.64171e-06 9.46954e-06 9.29907e-06 9.13035e-06 8.96342e-06 8.79833e-06 8.63511e-06 8.47379e-06 8.31441e-06 8.15699e-06 8.00156e-06 7.84813e-06 7.69672e-06 7.54735e-06 7.40003e-06 7.25476e-06 7.11157e-06 6.97044e-06 6.83139e-06 6.69442e-06 6.55951e-06 6.42668e-06 6.29592e-06 6.16722e-06 6.04058e-06 5.91598e-06 5.79342e-06 5.67288e-06 5.55436e-06 5.43784e-06 5.32331e-06 5.21075e-06 5.10014e-06 4.99147e-06 4.88473e-06 4.77989e-06 4.67693e-06 4.57584e-06 4.4766e-06 4.37918e-06 4.28357e-06 4.18974e-06 4.09768e-06 4.00736e-06 3.91876e-06 3.83186e-06 3.74663e-06 3.66306e-06 3.58111e-06 3.50078e-06 3.42203e-06 3.34484e-06 3.26919e-06 3.19506e-06 3.12242e-06 3.05126e-06 2.98154e-06 2.91324e-06 2.84635e-06 2.78084e-06 2.71668e-06 2.65386e-06 2.59236e-06 2.53214e-06 2.47319e-06 2.41549e-06 2.35901e-06 2.30374e-06 2.24965e-06 2.19672e-06 2.14493e-06 2.09426e-06 2.04468e-06 1.99619e-06 1.94876e-06 1.90237e-06 1.85699e-06 1.81262e-06 1.76923e-06 1.7268e-06 1.68531e-06 1.64475e-06 1.6051e-06 1.56634e-06 1.52845e-06
8.78848e-05 1.20447e-05 1.18723e-05 1.16997e-05 1.1527e-05 1.13544e-05 1.11819e-05 1.10098e-05 1.08382e-05 1.06672e-05 1.04968e-05 1.03273e-05 1.01586e-05 9.99092e-06 9.82431e-06 9.65885e-06 9.49461e-06 9.33167e-06 9.17008e-06 9.0099e-06 8.85119e-06 8.694e-06 8.53838e-06 8.38437e-06 8.232e-06 8.08132e-06 7.93235e-06 7.78512e-06 7.63966e-06 7.49599e-06 7.35413e-06 7.21409e-06 7.0759e-06 6.93956e-06 6.80509e-06 6.67249e-06 6.54177e-06 6.41292e-06 6.28597e-06 6.16089e-06 6.0377e-06 5.91639e-06 5.79696e-06 5.6794e-06 5.5637e-06 5.44986e-06 5.33787e-06 5.22771e-06 5.11938e-06 5.01287e-06 4.90815e-06 4.80523e-06 4.70408e-06 4.60468e-06 4.50703e-06 4.41111e-06 4.3169e-06 4.22438e-06 4.13353e-06 4.04434e-06 3.9568e-06 3.87086e-06 3.78654e-06 3.70379e-06 3.6226e-06 3.54295e-06 3.46483e-06 3.38821e-06 3.31307e-06 3.23939e-06 3.16715e-06 3.09632e-06 3.0269e-06 2.95886e-06 2.89217e-06 2.82683e-06 2.76279e-06 2.70006e-06 2.6386e-06 2.5784e-06 2.51943e-06 2.46168e-06 2.40512e-06 2.34973e-06 2.29551e-06 2.24241e-06 2.19044e-06 2.13956e-06 2.08976e-06 2.04102e-06 1.99332e-06 1.94663e-06 1.90096e-06 1.85626e-06 1.81254e-06 1.76976e-06 1.72791e-06 1.68698e-06 1.64694e-06 1.60779e-06 1.56949e-06
8.48694e-05 1.17191e-05 1.15616e-05 1.14035e-05 1.12448e-05 1.10857e-05 1.09263e-05 1.07669e-05 1.06075e-05 1.04483e-05 1.02894e-05 1.01309e-05 9.9729e-06 9.81552e-06 9.65885e-06 9.50298e-06 9.34799e-06 9.19396e-06 9.04096e-06 8.88906e-06 8.73833e-06 8.58881e-06 8.44058e-06 8.29367e-06 8.14814e-06 8.00402e-06 7.86136e-06 7.7202e-06 7.58056e-06 7.44247e-06 7.30597e-06 7.17107e-06 7.0378e-06 6.90618e-06 6.77622e-06 6.64793e-06 6.52134e-06 6.39644e-06 6.27325e-06 6.15178e-06 6.03202e-06 5.91398e-06 5.79767e-06 5.68308e-06 5.5702e-06 5.45904e-06 5.3496e-06 5.24186e-06 5.13582e-06 5.03148e-06 4.92882e-06 4.82783e-06 4.72851e-06 4.63085e-06 4.53482e-06 4.44043e-06 4.34765e-06 4.25647e-06 4.16689e-06 4.07887e-06 3.99241e-06 3.9075e-06 3.82411e-06 3.74223e-06 3.66184e-06 3.58293e-06 3.50548e-06 3.42947e-06 3.35488e-06 3.2817e-06 3.20991e-06 3.13948e-06 3.0704e-06 3.00266e-06 2.93623e-06 2.87109e-06 2.80723e-06 2.74462e-06 2.68326e-06 2.62312e-06 2.56417e-06 2.50641e-06 2.44982e-06 2.39437e-06 2.34005e-06 2.28684e-06 2.23472e-06 2.18367e-06 2.13368e-06 2.08473e-06 2.0368e-06 1.98987e-06 1.94393e-06 1.89895e-06 1.85493e-06 1.81184e-06 1.76966e-06 1.72839e-06 1.68801e-06 1.64849e-06 1.60982e-06
8.19574e-05 1.14017e-05 1.12584e-05 1.1114e-05 1.09686e-05 1.08224e-05 1.06756e-05 1.05283e-05 1.03806e-05 1.02328e-05 1.00848e-05 9.93691e-06 9.78918e-06 9.64171e-06 9.49461e-06 9.34799e-06 9.20193e-06 9.05651e-06 8.91183e-06 8.76795e-06 8.62494e-06 8.48288e-06 8.34182e-06 8.20183e-06 8.06295e-06 7.92524e-06 7.78874e-06 7.65349e-06 7.51955e-06 7.38693e-06 7.25568e-06 7.12582e-06 6.99739e-06 6.8704e-06 6.74489e-06 6.62086e-06 6.49835e-06 6.37736e-06 6.2579e-06 6.13999e-06 6.02364e-06 5.90886e-06 5.79565e-06 5.68401e-06 5.57396e-06 5.46549e-06 5.35859e-06 5.25328e-06 5.14955e-06 5.04739e-06 4.94681e-06 4.84778e-06 4.75032e-06 4.65441e-06 4.56004e-06 4.4672e-06 4.37589e-06 4.28609e-06 4.19779e-06 4.11099e-06 4.02566e-06 3.9418e-06 3.8594e-06 3.77843e-06 3.69889e-06 3.62076e-06 3.54402e-06 3.46867e-06 3.39468e-06 3.32204e-06 3.25073e-06 3.18074e-06 3.11206e-06 3.04465e-06 2.97852e-06 2.91364e-06 2.85e-06 2.78757e-06 2.72634e-06 2.6663e-06 2.60743e-06 2.54971e-06 2.49312e-06 2.43765e-06 2.38327e-06 2.32998e-06 2.27776e-06 2.22659e-06 2.17645e-06 2.12733e-06 2.0792e-06 2.03206e-06 1.98589e-06 1.94067e-06 1.89638e-06 1.85301e-06 1.81055e-06 1.76898e-06 1.72827e-06 1.68842e-06 1.64942e-06
7.91453e-05 1.10922e-05 1.09624e-05 1.08311e-05 1.06984e-05 1.05646e-05 1.04297e-05 1.02939e-05 1.01575e-05 1.00205e-05 9.88307e-06 9.74535e-06 9.60747e-06 9.46954e-06 9.33167e-06 9.19396e-06 9.05651e-06 8.91942e-06 8.78278e-06 8.64666e-06 8.51115e-06 8.37632e-06 8.24223e-06 8.10896e-06 7.97656e-06 7.84509e-06 7.7146e-06 7.58514e-06 7.45676e-06 7.32949e-06 7.20339e-06 7.07848e-06 6.9548e-06 6.83237e-06 6.71123e-06 6.59141e-06 6.47292e-06 6.35578e-06 6.24002e-06 6.12565e-06 6.01268e-06 5.90113e-06 5.791e-06 5.68232e-06 5.57508e-06 5.46928e-06 5.36495e-06 5.26207e-06 5.16065e-06 5.06069e-06 4.96219e-06 4.86515e-06 4.76956e-06 4.67543e-06 4.58274e-06 4.49149e-06 4.40167e-06 4.31329e-06 4.22632e-06 4.14076e-06 4.0566e-06 3.97383e-06 3.89245e-06 3.81243e-06 3.73377e-06 3.65646e-06 3.58048e-06 3.50582e-06 3.43248e-06 3.36042e-06 3.28965e-06 3.22014e-06 3.15189e-06 3.08487e-06 3.01908e-06 2.9545e-06 2.89111e-06 2.82891e-06 2.76786e-06 2.70797e-06 2.6492e-06 2.59156e-06 2.53502e-06 2.47957e-06 2.42518e-06 2.37186e-06 2.31957e-06 2.26831e-06 2.21806e-06 2.1688e-06 2.12052e-06 2.07321e-06 2.02685e-06 1.98141e-06 1.9369e-06 1.89329e-06 1.85057e-06 1.80872e-06 1.76773e-06 1.72759e-06 1.68827e-06
7.64298e-05 1.07906e-05 1.06736e-05 1.05547e-05 1.04341e-05 1.0312e-05 1.01885e-05 1.00638e-05 9.93812e-06 9.81152e-06 9.68419e-06 9.55624e-06 9.42783e-06 9.29907e-06 9.17008e-06 9.04096e-06 8.91183e-06 8.78278e-06 8.65391e-06 8.52531e-06 8.39705e-06 8.26923e-06 8.14192e-06 8.01518e-06 7.88908e-06 7.76369e-06 7.63906e-06 7.51525e-06 7.39231e-06 7.27028e-06 7.14922e-06 7.02916e-06 6.91014e-06 6.7922e-06 6.67537e-06 6.55968e-06 6.44516e-06 6.33183e-06 6.21972e-06 6.10885e-06 5.99923e-06 5.89089e-06 5.78383e-06 5.67808e-06 5.57365e-06 5.47053e-06 5.36875e-06 5.26831e-06 5.16921e-06 5.07146e-06 4.97506e-06 4.88001e-06 4.78632e-06 4.69399e-06 4.603e-06 4.51336e-06 4.42507e-06 4.33812e-06 4.25251e-06 4.16823e-06 4.08527e-06 4.00363e-06 3.9233e-06 3.84427e-06 3.76654e-06 3.69008e-06 3.6149e-06 3.54098e-06 3.46831e-06 3.39688e-06 3.32668e-06 3.2577e-06 3.18992e-06 3.12333e-06 3.05793e-06 2.99369e-06 2.9306e-06 2.86865e-06 2.80783e-06 2.74812e-06 2.68951e-06 2.63199e-06 2.57553e-06 2.52013e-06 2.46578e-06 2.41245e-06 2.36014e-06 2.30883e-06 2.25851e-06 2.20916e-06 2.16076e-06 2.11331e-06 2.06679e-06 2.02118e-06 1.97647e-06 1.93265e-06 1.8897e-06 1.84762e-06 1.80638e-06 1.76597e-06 1.72637e-06
7.38074e-05 1.04966e-05 1.03918e-05 1.02847e-05 1.01756e-05 1.00647e-05 9.95208e-06 9.83796e-06 9.7225e-06 9.60586e-06 9.48818e-06 9.36962e-06 9.2503e-06 9.13035e-06 9.0099e-06 8.88906e-06 8.76795e-06 8.64666e-06 8.52531e-06 8.40397e-06 8.28275e-06 8.16173e-06 8.04099e-06 7.9206e-06 7.80063e-06 7.68116e-06 7.56224e-06 7.44394e-06 7.32631e-06 7.20941e-06 7.09329e-06 6.97798e-06 6.86354e-06 6.75e-06 6.63741e-06 6.52579e-06 6.41518e-06 6.30561e-06 6.19711e-06 6.0897e-06 5.9834e-06 5.87824e-06 5.77424e-06 5.67141e-06 5.56976e-06 5.46932e-06 5.37009e-06 5.27208e-06 5.1753e-06 5.07977e-06 4.98548e-06 4.89245e-06 4.80067e-06 4.71015e-06 4.62088e-06 4.53288e-06 4.44614e-06 4.36066e-06 4.27643e-06 4.19345e-06 4.11173e-06 4.03125e-06 3.95201e-06 3.874e-06 3.79722e-06 3.72166e-06 3.64731e-06 3.57417e-06 3.50222e-06 3.43145e-06 3.36186e-06 3.29344e-06 3.22618e-06 3.16006e-06 3.09508e-06 3.03121e-06 2.96847e-06 2.90682e-06 2.84626e-06 2.78677e-06 2.72836e-06 2.67099e-06 2.61466e-06 2.55936e-06 2.50507e-06 2.45178e-06 2.39948e-06 2.34816e-06 2.2978e-06 2.24839e-06 2.19991e-06 2.15235e-06 2.10571e-06 2.05996e-06 2.01509e-06 1.97109e-06 1.92795e-06 1.88566e-06 1.8442e-06 1.80355e-06 1.76371e-06
7.12749e-05 1.02101e-05 1.01168e-05 1.0021e-05 9.92285e-06 9.82256e-06 9.7203e-06 9.61626e-06 9.5106e-06 9.40348e-06 9.29506e-06 9.18549e-06 9.0749e-06 8.96342e-06 8.85119e-06 8.73833e-06 8.62494e-06 8.51115e-06 8.39705e-06 8.28275e-06 8.16834e-06 8.05391e-06 7.93954e-06 7.82532e-06 7.71131e-06 7.5976e-06 7.48425e-06 7.37133e-06 7.25889e-06 7.147e-06 7.0357e-06 6.92505e-06 6.8151e-06 6.70589e-06 6.59746e-06 6.48985e-06 6.3831e-06 6.27724e-06 6.1723e-06 6.06831e-06 5.9653e-06 5.8633e-06 5.76232e-06 5.66238e-06 5.56352e-06 5.46573e-06 5.36905e-06 5.27347e-06 5.17902e-06 5.08571e-06 4.99354e-06 4.90253e-06 4.81267e-06 4.72398e-06 4.63646e-06 4.55011e-06 4.46494e-06 4.38095e-06 4.29813e-06 4.21649e-06 4.13602e-06 4.05673e-06 3.97861e-06 3.90166e-06 3.82587e-06 3.75123e-06 3.67775e-06 3.60542e-06 3.53422e-06 3.46416e-06 3.39522e-06 3.3274e-06 3.26068e-06 3.19507e-06 3.13055e-06 3.0671e-06 3.00473e-06 2.94342e-06 2.88316e-06 2.82394e-06 2.76575e-06 2.70858e-06 2.65241e-06 2.59724e-06 2.54306e-06 2.48985e-06 2.4376e-06 2.38629e-06 2.33593e-06 2.28649e-06 2.23796e-06 2.19034e-06 2.1436e-06 2.09775e-06 2.05275e-06 2.00861e-06 1.96531e-06 1.92284e-06 1.88118e-06 1.84033e-06 1.80027e-06
6.88294e-05 9.93086e-06 9.84854e-06 9.7634e-06 9.67566e-06 9.58551e-06 9.49313e-06 9.3987e-06 9.30241e-06 9.2044e-06 9.10484e-06 9.00388e-06 8.90167e-06 8.79833e-06 8.694e-06 8.58881e-06 8.48288e-06 8.37632e-06 8.26923e-06 8.16173e-06 8.05391e-06 7.94586e-06 7.83768e-06 7.72944e-06 7.62123e-06 7.51313e-06 7.4052e-06 7.29752e-06 7.19015e-06 7.08315e-06 6.97658e-06 6.87049e-06 6.76494e-06 6.65997e-06 6.55563e-06 6.45196e-06 6.34901e-06 6.2468e-06 6.14538e-06 6.04478e-06 5.94502e-06 5.84614e-06 5.74816e-06 5.6511e-06 5.555e-06 5.45986e-06 5.36571e-06 5.27257e-06 5.18044e-06 5.08935e-06 4.99931e-06 4.91032e-06 4.8224e-06 4.73555e-06 4.64979e-06 4.56512e-06 4.48153e-06 4.39905e-06 4.31767e-06 4.23738e-06 4.15821e-06 4.08013e-06 4.00316e-06 3.92729e-06 3.85252e-06 3.77884e-06 3.70626e-06 3.63477e-06 3.56436e-06 3.49503e-06 3.42678e-06 3.35959e-06 3.29346e-06 3.22839e-06 3.16436e-06 3.10137e-06 3.03942e-06 2.97848e-06 2.91855e-06 2.85963e-06 2.80171e-06 2.74477e-06 2.6888e-06 2.6338e-06 2.57975e-06 2.52665e-06 2.47448e-06 2.42324e-06 2.3729e-06 2.32347e-06 2.27493e-06 2.22727e-06 2.18048e-06 2.13454e-06 2.08945e-06 2.0452e-06 2.00177e-06 1.95915e-06 1.91733e-06 1.8763e-06 1.83605e-06
6.64678e-05 9.65878e-06 9.58684e-06 9.51183e-06 9.43398e-06 9.35347e-06 9.2705e-06 9.18525e-06 9.09789e-06 9.00859e-06 8.91752e-06 8.82481e-06 8.73063e-06 8.63511e-06 8.53838e-06 8.44058e-06 8.34182e-06 8.24223e-06 8.14192e-06 8.04099e-06 7.93954e-06 7.83768e-06 7.73549e-06 7.63306e-06 7.53049e-06 7.42784e-06 7.32519e-06 7.22262e-06 7.12019e-06 7.01797e-06 6.91602e-06 6.8144e-06 6.71316e-06 6.61235e-06 6.51203e-06 6.41224e-06 6.31302e-06 6.21441e-06 6.11646e-06 6.01919e-06 5.92265e-06 5.82686e-06 5.73185e-06 5.63766e-06 5.5443e-06 5.45179e-06 5.36017e-06 5.26945e-06 5.17964e-06 5.09077e-06 5.00286e-06 4.9159e-06 4.82992e-06 4.74493e-06 4.66094e-06 4.57795e-06 4.49598e-06 4.41502e-06 4.33509e-06 4.25619e-06 4.17832e-06 4.10149e-06 4.02569e-06 3.95093e-06 3.87721e-06 3.80453e-06 3.73287e-06 3.66226e-06 3.59267e-06 3.52411e-06 3.45657e-06 3.39005e-06 3.32454e-06 3.26004e-06 3.19655e-06 3.13405e-06 3.07254e-06 3.01201e-06 2.95245e-06 2.89387e-06 2.83624e-06 2.77956e-06 2.72383e-06 2.66903e-06 2.61516e-06 2.5622e-06 2.51015e-06 2.45899e-06 2.40872e-06 2.35933e-06 2.31081e-06 2.26314e-06 2.21633e-06 2.17035e-06 2.12519e-06 2.08085e-06 2.03732e-06 1.99459e-06 1.95263e-06 1.91146e-06 1.87105e-06
6.41872e-05 9.39369e-06 9.33157e-06 9.26617e-06 9.19771e-06 9.12638e-06 9.05237e-06 8.97586e-06 8.89703e-06 8.81606e-06 8.73309e-06 8.64829e-06 8.56181e-06 8.47379e-06 8.38437e-06 8.29367e-06 8.20183e-06 8.10896e-06 8.01518e-06 7.9206e-06 7.82532e-06 7.72944e-06 7.63306e-06 7.53628e-06 7.43917e-06 7.34182e-06 7.24431e-06 7.14672e-06 7.04911e-06 6.95156e-06 6.85413e-06 6.75687e-06 6.65985e-06 6.56313e-06 6.46675e-06 6.37077e-06 6.27522e-06 6.18016e-06 6.08563e-06 5.99166e-06 5.89829e-06 5.80556e-06 5.7135e-06 5.62213e-06 5.53149e-06 5.44161e-06 5.3525e-06 5.26419e-06 5.1767e-06 5.09005e-06 5.00426e-06 4.91934e-06 4.83531e-06 4.75219e-06 4.66997e-06 4.58868e-06 4.50833e-06 4.42892e-06 4.35047e-06 4.27297e-06 4.19643e-06 4.12086e-06 4.04626e-06 3.97264e-06 3.89999e-06 3.82832e-06 3.75763e-06 3.68791e-06 3.61917e-06 3.55141e-06 3.48462e-06 3.4188e-06 3.35394e-06 3.29005e-06 3.22712e-06 3.16514e-06 3.10411e-06 3.04402e-06 2.98487e-06 2.92665e-06 2.86936e-06 2.81298e-06 2.75751e-06 2.70295e-06 2.64928e-06 2.5965e-06 2.5446e-06 2.49356e-06 2.44339e-06 2.39407e-06 2.3456e-06 2.29796e-06 2.25115e-06 2.20515e-06 2.15996e-06 2.11557e-06 2.07197e-06 2.02914e-06 1.98709e-06 1.94579e-06 1.90524e-06
6.19849e-05 9.13541e-06 9.0826e-06 9.02631e-06 8.96676e-06 8.90415e-06 8.83866e-06 8.77049e-06 8.6998e-06 8.62677e-06 8.55156e-06 8.47433e-06 8.39523e-06 8.31441e-06 8.232e-06 8.14814e-06 8.06295e-06 7.97656e-06 7.88908e-06 7.80063e-06 7.71131e-06 7.62123e-06 7.53049e-06 7.43917e-06 7.34737e-06 7.25518e-06 7.16267e-06 7.06992e-06 6.97702e-06 6.88402e-06 6.79099e-06 6.69801e-06 6.60513e-06 6.5124e-06 6.41989e-06 6.32765e-06 6.23572e-06 6.14415e-06 6.05298e-06 5.96226e-06 5.87203e-06 5.78232e-06 5.69317e-06 5.60461e-06 5.51668e-06 5.42939e-06 5.34278e-06 5.25687e-06 5.17169e-06 5.08726e-06 5.00359e-06 4.92071e-06 4.83863e-06 4.75737e-06 4.67695e-06 4.59737e-06 4.51865e-06 4.44081e-06 4.36384e-06 4.28776e-06 4.21257e-06 4.13829e-06 4.06491e-06 3.99245e-06 3.9209e-06 3.85027e-06 3.78056e-06 3.71177e-06 3.64391e-06 3.57697e-06 3.51096e-06 3.44587e-06 3.3817e-06 3.31844e-06 3.2561e-06 3.19468e-06 3.13416e-06 3.07454e-06 3.01583e-06 2.95801e-06 2.90108e-06 2.84503e-06 2.78986e-06 2.73557e-06 2.68213e-06 2.62956e-06 2.57784e-06 2.52696e-06 2.47691e-06 2.4277e-06 2.3793e-06 2.33172e-06 2.28494e-06 2.23896e-06 2.19377e-06 2.14935e-06 2.1057e-06 2.06282e-06 2.02069e-06 1.9793e-06 1.93864e-06
5.98581e-05 8.8838e-06 8.83979e-06 8.79214e-06 8.74104e-06 8.68671e-06 8.62933e-06 8.56909e-06 8.50616e-06 8.44072e-06 8.37292e-06 8.30294e-06 8.23091e-06 8.15699e-06 8.08132e-06 8.00402e-06 7.92524e-06 7.84509e-06 7.76369e-06 7.68116e-06 7.5976e-06 7.51313e-06 7.42784e-06 7.34182e-06 7.25518e-06 7.16799e-06 7.08034e-06 6.99232e-06 6.90399e-06 6.81543e-06 6.72672e-06 6.63791e-06 6.54907e-06 6.46027e-06 6.37155e-06 6.28297e-06 6.19459e-06 6.10646e-06 6.01861e-06 5.9311e-06 5.84396e-06 5.75724e-06 5.67097e-06 5.58519e-06 5.49992e-06 5.41522e-06 5.33109e-06 5.24757e-06 5.16468e-06 5.08246e-06 5.00091e-06 4.92007e-06 4.83995e-06 4.76056e-06 4.68193e-06 4.60408e-06 4.527e-06 4.45073e-06 4.37526e-06 4.30061e-06 4.2268e-06 4.15382e-06 4.08168e-06 4.0104e-06 3.93997e-06 3.87041e-06 3.80171e-06 3.73388e-06 3.66692e-06 3.60083e-06 3.53562e-06 3.47129e-06 3.40782e-06 3.34524e-06 3.28352e-06 3.22268e-06 3.1627e-06 3.10359e-06 3.04534e-06 2.98795e-06 2.93141e-06 2.87573e-06 2.82089e-06 2.76689e-06 2.71372e-06 2.66139e-06 2.60987e-06 2.55918e-06 2.50929e-06 2.46021e-06 2.41192e-06 2.36443e-06 2.31771e-06 2.27177e-06 2.2266e-06 2.18219e-06 2.13853e-06 2.09561e-06 2.05342e-06 2.01197e-06 1.97123e-06
5.78043e-05 8.6387e-06 8.60301e-06 8.56353e-06 8.52045e-06 8.47399e-06 8.42431e-06 8.37162e-06 8.31609e-06 8.25788e-06 8.19717e-06 8.13411e-06 8.06886e-06 8.00156e-06 7.93235e-06 7.86136e-06 7.78874e-06 7.7146e-06 7.63906e-06 7.56224e-06 7.48425e-06 7.4052e-06 7.32519e-06 7.24431e-06 7.16267e-06 7.08034e-06 6.99742e-06 6.91399e-06 6.83013e-06 6.7459e-06 6.66139e-06 6.57666e-06 6.49178e-06 6.40681e-06 6.32181e-06 6.23684e-06 6.15194e-06 6.06718e-06 5.9826e-06 5.89824e-06 5.81416e-06 5.73038e-06 5.64696e-06 5.56393e-06 5.48132e-06 5.39916e-06 5.3175e-06 5.23636e-06 5.15576e-06 5.07573e-06 4.9963e-06 4.91749e-06 4.83932e-06 4.76181e-06 4.68498e-06 4.60885e-06 4.53343e-06 4.45874e-06 4.38479e-06 4.31159e-06 4.23916e-06 4.1675e-06 4.09662e-06 4.02654e-06 3.95725e-06 3.88877e-06 3.82111e-06 3.75425e-06 3.68822e-06 3.62302e-06 3.55863e-06 3.49508e-06 3.43236e-06 3.37046e-06 3.3094e-06 3.24916e-06 3.18975e-06 3.13118e-06 3.07342e-06 3.01649e-06 2.96038e-06 2.90508e-06 2.8506e-06 2.79693e-06 2.74406e-06 2.69199e-06 2.64071e-06 2.59023e-06 2.54053e-06 2.49161e-06 2.44346e-06 2.39608e-06 2.34946e-06 2.30359e-06 2.25847e-06 2.21408e-06 2.17043e-06 2.12751e-06 2.0853e-06 2.04381e-06 2.00301e-06
5.58209e-05 8.39996e-06 8.37214e-06 8.34039e-06 8.30491e-06 8.2659e-06 8.22354e-06 8.17804e-06 8.12955e-06 8.07824e-06 8.0243e-06 7.96786e-06 7.90909e-06 7.84813e-06 7.78512e-06 7.7202e-06 7.65349e-06 7.58514e-06 7.51525e-06 7.44394e-06 7.37133e-06 7.29752e-06 7.22262e-06 7.14672e-06 7.06992e-06 6.99232e-06 6.91399e-06 6.83503e-06 6.75551e-06 6.67551e-06 6.5951e-06 6.51435e-06 6.43334e-06 6.35213e-06 6.27077e-06 6.18933e-06 6.10785e-06 6.02641e-06 5.94503e-06 5.86379e-06 5.78271e-06 5.70184e-06 5.62123e-06 5.54092e-06 5.46093e-06 5.38131e-06 5.30209e-06 5.22331e-06 5.14498e-06 5.06714e-06 4.98982e-06 4.91304e-06 4.83682e-06 4.76119e-06 4.68616e-06 4.61176e-06 4.538e-06 4.4649e-06 4.39247e-06 4.32073e-06 4.2497e-06 4.17937e-06 4.10977e-06 4.0409e-06 3.97278e-06 3.90541e-06 3.83879e-06 3.77294e-06 3.70786e-06 3.64355e-06 3.58003e-06 3.51728e-06 3.45532e-06 3.39414e-06 3.33375e-06 3.27416e-06 3.21535e-06 3.15733e-06 3.10009e-06 3.04365e-06 2.98799e-06 2.93311e-06 2.87901e-06 2.82569e-06 2.77315e-06 2.72138e-06 2.67037e-06 2.62013e-06 2.57064e-06 2.52191e-06 2.47392e-06 2.42668e-06 2.38018e-06 2.33441e-06 2.28936e-06 2.24504e-06 2.20143e-06 2.15852e-06 2.11632e-06 2.07481e-06 2.03398e-06
5.39057e-05 8.16743e-06 8.14704e-06 8.12259e-06 8.0943e-06 8.06237e-06 8.02697e-06 7.98829e-06 7.9465e-06 7.90178e-06 7.85429e-06 7.80418e-06 7.75161e-06 7.69672e-06 7.63966e-06 7.58056e-06 7.51955e-06 7.45676e-06 7.39231e-06 7.32631e-06 7.25889e-06 7.19015e-06 7.12019e-06 7.04911e-06 6.97702e-06 6.90399e-06 6.83013e-06 6.75551e-06 6.68021e-06 6.60433e-06 6.52792e-06 6.45107e-06 6.37384e-06 6.29629e-06 6.2185e-06 6.14052e-06 6.06241e-06 5.98422e-06 5.906e-06 5.82781e-06 5.7497e-06 5.6717e-06 5.59386e-06 5.51623e-06 5.43884e-06 5.36173e-06 5.28494e-06 5.20849e-06 5.13242e-06 5.05676e-06 4.98154e-06 4.90678e-06 4.83251e-06 4.75875e-06 4.68552e-06 4.61285e-06 4.54076e-06 4.46926e-06 4.39836e-06 4.32809e-06 4.25847e-06 4.18949e-06 4.12118e-06 4.05355e-06 3.9866e-06 3.92035e-06 3.85481e-06 3.78998e-06 3.72587e-06 3.66248e-06 3.59983e-06 3.53791e-06 3.47674e-06 3.4163e-06 3.35662e-06 3.29768e-06 3.23949e-06 3.18206e-06 3.12537e-06 3.06944e-06 3.01426e-06 2.95982e-06 2.90614e-06 2.8532e-06 2.80101e-06 2.74956e-06 2.69885e-06 2.64887e-06 2.59962e-06 2.55111e-06 2.50332e-06 2.45624e-06 2.40989e-06 2.36424e-06 2.3193e-06 2.27505e-06 2.2315e-06 2.18864e-06 2.14646e-06 2.10496e-06 2.06413e-06
5.20561e-05 7.94097e-06 7.92758e-06 7.91004e-06 7.88856e-06 7.86332e-06 7.83451e-06 7.80232e-06 7.76692e-06 7.72846e-06 7.68713e-06 7.64306e-06 7.59642e-06 7.54735e-06 7.49599e-06 7.44247e-06 7.38693e-06 7.32949e-06 7.27028e-06 7.20941e-06 7.147e-06 7.08315e-06 7.01797e-06 6.95156e-06 6.88402e-06 6.81543e-06 6.7459e-06 6.67551e-06 6.60433e-06 6.53245e-06 6.45994e-06 6.38689e-06 6.31335e-06 6.2394e-06 6.16509e-06 6.0905e-06 6.01568e-06 5.94069e-06 5.86558e-06 5.7904e-06 5.7152e-06 5.64003e-06 5.56493e-06 5.48995e-06 5.41513e-06 5.3405e-06 5.2661e-06 5.19197e-06 5.11815e-06 5.04465e-06 4.97151e-06 4.89877e-06 4.82644e-06 4.75455e-06 4.68313e-06 4.61219e-06 4.54177e-06 4.47187e-06 4.40251e-06 4.33372e-06 4.26551e-06 4.1979e-06 4.13089e-06 4.0645e-06 3.99875e-06 3.93364e-06 3.86918e-06 3.80539e-06 3.74227e-06 3.67983e-06 3.61807e-06 3.55701e-06 3.49664e-06 3.43697e-06 3.37801e-06 3.31976e-06 3.26222e-06 3.20539e-06 3.14928e-06 3.09388e-06 3.03921e-06 2.98524e-06 2.932e-06 2.87947e-06 2.82765e-06 2.77655e-06 2.72615e-06 2.67647e-06 2.62749e-06 2.57922e-06 2.53164e-06 2.48476e-06 2.43858e-06 2.39308e-06 2.34826e-06 2.30413e-06 2.26067e-06 2.21787e-06 2.17575e-06 2.13428e-06 2.09347e-06
5.027e-05 7.72044e-06 7.71364e-06 7.70262e-06 7.68757e-06 7.66868e-06 7.64613e-06 7.6201e-06 7.59076e-06 7.55827e-06 7.52281e-06 7.48451e-06 7.44354e-06 7.40003e-06 7.35413e-06 7.30597e-06 7.25568e-06 7.20339e-06 7.14922e-06 7.09329e-06 7.0357e-06 6.97658e-06 6.91602e-06 6.85413e-06 6.79099e-06 6.72672e-06 6.66139e-06 6.5951e-06 6.52792e-06 6.45994e-06 6.39124e-06 6.32189e-06 6.25196e-06 6.18151e-06 6.11063e-06 6.03935e-06 5.96776e-06 5.8959e-06 5.82384e-06 5.75161e-06 5.67929e-06 5.6069e-06 5.5345e-06 5.46214e-06 5.38985e-06 5.31768e-06 5.24566e-06 5.17383e-06 5.10222e-06 5.03088e-06 4.95982e-06 4.88908e-06 4.81868e-06 4.74866e-06 4.67903e-06 4.60983e-06 4.54107e-06 4.47278e-06 4.40497e-06 4.33767e-06 4.27088e-06 4.20463e-06 4.13894e-06 4.07381e-06 4.00927e-06 3.94531e-06 3.88196e-06 3.81922e-06 3.75711e-06 3.69563e-06 3.63479e-06 3.5746e-06 3.51506e-06 3.45618e-06 3.39796e-06 3.34042e-06 3.28355e-06 3.22735e-06 3.17184e-06 3.117e-06 3.06285e-06 3.00938e-06 2.9566e-06 2.9045e-06 2.85308e-06 2.80235e-06 2.7523e-06 2.70294e-06 2.65425e-06 2.60624e-06 2.55891e-06 2.51225e-06 2.46626e-06 2.42093e-06 2.37627e-06 2.33226e-06 2.28891e-06 2.24622e-06 2.20416e-06 2.16275e-06 2.12198e-06
4.85452e-05 7.50569e-06 7.50511e-06 7.50024e-06 7.49126e-06 7.47837e-06 7.46175e-06 7.44156e-06 7.41798e-06 7.39118e-06 7.3613e-06 7.32851e-06 7.29295e-06 7.25476e-06 7.21409e-06 7.17107e-06 7.12582e-06 7.07848e-06 7.02916e-06 6.97798e-06 6.92505e-06 6.87049e-06 6.8144e-06 6.75687e-06 6.69801e-06 6.63791e-06 6.57666e-06 6.51435e-06 6.45107e-06 6.38689e-06 6.32189e-06 6.25615e-06 6.18973e-06 6.12272e-06 6.05517e-06 5.98715e-06 5.91872e-06 5.84994e-06 5.78086e-06 5.71155e-06 5.64204e-06 5.5724e-06 5.50266e-06 5.43288e-06 5.36309e-06 5.29335e-06 5.22368e-06 5.15412e-06 5.08472e-06 5.0155e-06 4.94651e-06 4.87776e-06 4.80929e-06 4.74112e-06 4.67329e-06 4.60582e-06 4.53873e-06 4.47205e-06 4.40579e-06 4.33997e-06 4.27462e-06 4.20975e-06 4.14538e-06 4.08152e-06 4.01819e-06 3.95541e-06 3.89317e-06 3.83151e-06 3.77042e-06 3.70991e-06 3.65001e-06 3.5907e-06 3.53201e-06 3.47394e-06 3.41649e-06 3.35968e-06 3.3035e-06 3.24795e-06 3.19306e-06 3.1388e-06 3.0852e-06 3.03225e-06 2.97995e-06 2.92831e-06 2.87732e-06 2.82699e-06 2.77731e-06 2.72828e-06 2.67991e-06 2.63219e-06 2.58512e-06 2.5387e-06 2.49293e-06 2.4478e-06 2.40331e-06 2.35947e-06 2.31625e-06 2.27367e-06 2.23171e-06 2.19038e-06 2.14967e-06
4.68795e-05 7.29659e-06 7.30186e-06 7.30277e-06 7.29953e-06 7.29232e-06 7.28131e-06 7.26666e-06 7.24856e-06 7.22715e-06 7.2026e-06 7.17506e-06 7.14467e-06 7.11157e-06 7.0759e-06 7.0378e-06 6.99739e-06 6.9548e-06 6.91014e-06 6.86354e-06 6.8151e-06 6.76494e-06 6.71316e-06 6.65985e-06 6.60513e-06 6.54907e-06 6.49178e-06 6.43334e-06 6.37384e-06 6.31335e-06 6.25196e-06 6.18973e-06 6.12675e-06 6.06309e-06 5.9988e-06 5.93396e-06 5.86863e-06 5.80286e-06 5.73672e-06 5.67026e-06 5.60353e-06 5.53658e-06 5.46947e-06 5.40223e-06 5.33491e-06 5.26756e-06 5.20022e-06 5.13292e-06 5.0657e-06 4.9986e-06 4.93164e-06 4.86488e-06 4.79832e-06 4.73201e-06 4.66597e-06 4.60022e-06 4.5348e-06 4.46972e-06 4.40501e-06 4.34069e-06 4.27677e-06 4.21329e-06 4.15025e-06 4.08767e-06 4.02557e-06 3.96396e-06 3.90286e-06 3.84228e-06 3.78223e-06 3.72272e-06 3.66376e-06 3.60536e-06 3.54754e-06 3.49029e-06 3.43363e-06 3.37756e-06 3.32209e-06 3.26722e-06 3.21296e-06 3.15932e-06 3.10628e-06 3.05387e-06 3.00208e-06 2.95092e-06 2.90037e-06 2.85046e-06 2.80117e-06 2.75251e-06 2.70448e-06 2.65707e-06 2.61029e-06 2.56414e-06 2.51861e-06 2.4737e-06 2.42941e-06 2.38574e-06 2.34268e-06 2.30023e-06 2.2584e-06 2.21717e-06 2.17654e-06
