0.266732 0.114971 0.0495563 0.0213605 0.0092071 0.00396858 0.00171059 0.000737325 0.000317813 0.000136988 5.90466e-05 2.54511e-05 1.09703e-05 4.72858e-06 2.03818e-06 8.78527e-07 3.78676e-07 1.63222e-07 7.03544e-08 3.03252e-08 1.30712e-08 5.63414e-09 2.42851e-09 1.04677e-09 4.51194e-10 1.9448e-10 8.38277e-11 3.61326e-11 1.55744e-11 6.7131e-12 2.89358e-12 1.24723e-12 5.376e-13 2.31724e-13 9.98811e-14 4.30522e-14 1.8557e-14 7.9987e-15 3.44772e-15 1.48608e-15 6.40554e-16 2.76101e-16 1.19009e-16 5.1297e-17 2.21108e-17 9.5305e-18 4.10797e-18 1.77068e-18 7.63223e-19 3.28976e-19 1.418e-19 6.11206e-20 2.63451e-20 1.13556e-20 4.89467e-21 2.10977e-21 9.09385e-22 3.91976e-22 1.68955e-22 7.28256e-23 3.13903e-23 1.35303e-23 5.83203e-24 2.51381e-24 1.08354e-24 4.67042e-25 2.01311e-25 8.67721e-26 3.74018e-26 1.61214e-26 6.9489e-27 2.99522e-27 1.29104e-27 5.56483e-28 2.39863e-28 1.03389e-28 4.45644e-29 1.92088e-29 8.27965e-30 3.56882e-30 1.53828e-30 6.63053e-31 2.85799e-31 1.23189e-31 5.30987e-32 2.28874e-32 9.86525e-33 4.25226e-33 1.83287e-33 7.90031e-34 3.40531e-34 1.4678e-34 6.32675e-35 2.72705e-35 1.17545e-35 5.0666e-36 2.18388e-36 9.41327e-37 4.05744e-37 1.7489e-37 7.53835e-38
0.114971 0.0647573 0.0344648 0.0176797 0.0088379 0.00433415 0.00209434 0.00100022 0.000473149 0.000222055 0.00010352 4.7986e-05 2.21341e-05 1.01657e-05 4.65127e-06 2.12101e-06 9.64296e-07 4.37226e-07 1.97761e-07 8.92514e-08 4.01987e-08 1.80719e-08 8.11072e-09 3.6344e-09 1.62621e-09 7.26665e-10 3.24301e-10 1.44562e-10 6.43705e-11 2.86335e-11 1.27246e-11 5.64964e-12 2.50627e-12 1.11093e-12 4.92054e-13 2.17784e-13 9.63261e-14 4.25774e-14 1.88082e-14 8.30346e-15 3.66377e-15 1.61572e-15 7.12164e-16 3.1375e-16 1.3816e-16 6.0812e-17 2.67552e-17 1.17665e-17 5.17269e-18 2.2731e-18 9.98534e-19 4.38484e-19 1.92485e-19 8.4469e-20 3.70562e-20 1.62515e-20 7.12517e-21 3.12302e-21 1.36847e-21 5.99486e-22 2.62549e-22 1.14957e-22 5.03214e-23 2.20226e-23 9.63578e-24 4.2151e-24 1.84347e-24 8.06072e-25 3.5239e-25 1.54024e-25 6.73083e-26 2.94082e-26 1.28467e-26 5.61093e-27 2.45022e-27 1.0698e-27 4.67012e-28 2.03838e-28 8.89559e-29 3.88149e-29 1.6934e-29 7.38679e-30 3.22175e-30 1.40497e-30 6.12612e-31 2.67083e-31 1.16426e-31 5.0746e-32 2.21156e-32 9.63704e-33 4.19892e-33 1.82929e-33 7.9685e-34 3.47076e-34 1.51156e-34 6.58232e-35 2.86608e-35 1.24783e-35 5.43221e-36 2.36459e-36 1.02919e-36
0.0495563 0.0344648 0.0213702 0.0123928 0.00687399 0.00369277 0.0019362 0.000995945 0.000504401 0.000252186 0.000124721 6.1109e-05 2.97e-05 1.43326e-05 6.87335e-06 3.27779e-06 1.5553e-06 7.34645e-07 3.45584e-07 1.61957e-07 7.56405e-08 3.52157e-08 1.63475e-08 7.56822e-09 3.495e-09 1.61023e-09 7.40253e-10 3.39616e-10 1.55512e-10 7.10821e-11 3.24356e-11 1.47771e-11 6.72205e-12 3.05347e-12 1.38516e-12 6.27546e-13 2.83963e-13 1.28343e-13 5.79433e-14 2.61321e-14 1.17736e-14 5.29935e-15 2.38306e-15 1.07069e-15 4.80646e-16 2.15592e-16 9.66273e-17 4.32754e-17 1.93673e-17 8.66149e-18 3.87103e-18 1.72894e-18 7.71721e-19 3.44255e-19 1.53479e-19 6.83867e-20 3.0455e-20 1.35556e-20 6.03053e-21 2.6815e-21 1.19177e-21 5.29429e-22 2.35086e-22 1.04341e-22 4.62915e-23 2.0529e-23 9.10039e-24 4.03259e-24 1.78625e-24 7.90939e-25 3.50096e-25 1.5491e-25 6.8521e-26 3.02988e-26 1.33933e-26 5.91848e-27 2.61458e-27 1.15468e-27 5.09797e-28 2.25013e-28 9.9288e-29 4.37994e-29 1.93163e-29 8.51663e-30 3.75406e-30 1.65434e-30 7.28863e-31 3.21042e-31 1.41377e-31 6.22437e-32 2.73978e-32 1.20571e-32 5.30486e-33 2.33354e-33 1.02629e-33 4.51269e-34 1.98388e-34 8.71991e-35 3.83201e-35 1.68368e-35 7.3963e-36
0.0213605 0.0176797 0.0123928 0.00793093 0.00478523 0.00276893 0.00155244 0.000849059 0.000455109 0.000239901 0.000124683 6.40186e-05 3.2525e-05 1.63719e-05 8.17344e-06 4.05059e-06 1.99415e-06 9.75879e-07 4.74973e-07 2.30028e-07 1.10893e-07 5.32354e-08 2.54568e-08 1.21294e-08 5.75984e-09 2.7266e-09 1.28693e-09 6.05753e-10 2.84389e-10 1.3319e-10 6.2235e-11 2.90171e-11 1.35015e-11 6.26996e-12 2.90633e-12 1.34481e-12 6.2123e-13 2.86517e-13 1.31944e-13 6.0673e-14 2.78611e-14 1.27769e-14 5.85189e-15 2.67693e-15 1.22312e-15 5.58226e-16 2.54496e-16 1.15904e-16 5.27327e-17 2.39685e-17 1.08842e-17 4.9381e-18 2.23844e-18 1.01383e-18 4.58811e-19 2.07472e-19 9.37466e-20 4.23283e-20 1.90983e-20 8.61113e-21 3.88001e-21 1.74712e-21 7.86208e-22 3.53578e-22 1.58918e-22 7.13856e-23 3.20481e-23 1.43799e-23 6.44876e-24 2.89049e-24 1.29493e-24 5.79838e-25 2.59513e-25 1.16093e-25 5.19106e-26 2.32013e-26 1.03652e-26 4.62871e-27 2.06615e-27 9.21908e-28 4.11189e-28 1.83327e-28 8.1705e-29 3.64007e-29 1.62111e-29 7.2171e-30 3.2119e-30 1.42894e-30 6.35512e-31 2.82547e-31 1.2558e-31 5.57974e-32 2.47842e-32 1.10054e-32 4.88552e-33 2.16815e-33 9.61937e-34 4.26661e-34 1.89192e-34 8.38698e-35 3.71702e-35
0.0092071 0.0088379 0.00687399 0.00478523 0.00310369 0.00191496 0.00113793 0.000656504 0.000369784 0.000204177 0.00011085 5.93153e-05 3.13407e-05 1.63765e-05 8.47317e-06 4.34542e-06 2.21085e-06 1.11674e-06 5.60391e-07 2.79521e-07 1.38654e-07 6.84279e-08 3.36108e-08 1.64367e-08 8.00521e-09 3.8839e-09 1.87762e-09 9.04662e-10 4.345e-10 2.08065e-10 9.93534e-11 4.73162e-11 2.24771e-11 1.0652e-11 5.03652e-12 2.37624e-12 1.1188e-12 5.25725e-13 2.46574e-13 1.1544e-13 5.39528e-14 2.51743e-14 1.17277e-14 5.45515e-15 2.53377e-15 1.17522e-15 5.44357e-16 2.51816e-16 1.16342e-16 5.36868e-17 2.47452e-17 1.13926e-17 5.23942e-18 2.40706e-18 1.1047e-18 5.06498e-19 2.32004e-19 1.06172e-19 4.85439e-20 2.21759e-20 1.01219e-20 4.6162e-21 2.10359e-21 9.57861e-22 4.35829e-22 1.98158e-22 9.00323e-23 4.08774e-23 1.85471e-23 8.40972e-24 3.81074e-24 1.7257e-24 7.81013e-25 3.53258e-25 1.59689e-25 7.21458e-26 3.25768e-26 1.47018e-26 6.63138e-27 2.98961e-27 1.34712e-27 6.06713e-28 2.73119e-28 1.2289e-28 5.52689e-29 2.48456e-29 1.11642e-29 5.01438e-30 2.25125e-30 1.0103e-30 4.53211e-31 2.03225e-31 9.10932e-32 4.08158e-32 1.82813e-32 8.18518e-33 3.66346e-33 1.63909e-33 7.33096e-34 3.27772e-34 1.465e-34
0.00396858 0.00433415 0.00369277 0.00276893 0.00191496 0.00125107 0.000783093 0.00047395 0.00027912 0.000160689 9.07448e-05 5.04034e-05 2.75947e-05 1.49164e-05 7.9724e-06 4.21805e-06 2.21139e-06 1.14978e-06 5.93305e-07 3.04039e-07 1.54813e-07 7.83659e-08 3.94523e-08 1.9761e-08 9.85112e-09 4.88919e-09 2.41648e-09 1.18969e-09 5.8356e-10 2.85253e-10 1.3898e-10 6.75032e-11 3.26903e-11 1.57869e-11 7.60364e-12 3.65296e-12 1.75073e-12 8.37129e-13 3.994e-13 1.90155e-13 9.035e-14 4.28457e-14 2.02806e-14 9.58244e-15 4.51988e-15 2.12843e-15 1.00069e-15 4.69762e-16 2.20197e-16 1.03068e-16 4.81771e-17 2.24894e-17 1.04847e-17 4.88195e-18 2.27042e-18 1.05466e-18 4.8936e-19 2.26813e-19 1.05013e-19 4.85703e-20 2.24421e-20 1.03593e-20 4.77739e-21 2.20114e-21 1.01325e-21 4.66025e-22 2.14157e-22 9.83324e-23 4.5114e-23 2.06817e-23 9.47391e-24 4.33659e-24 1.98359e-24 9.06668e-25 4.14137e-25 1.89036e-25 8.62305e-26 3.93094e-26 1.79084e-26 8.15365e-27 3.7101e-27 1.68718e-27 7.66813e-28 3.48315e-28 1.5813e-28 7.17502e-29 3.25388e-29 1.47488e-29 6.68173e-30 3.02557e-30 1.36935e-30 6.19459e-31 2.80097e-31 1.26592e-31 5.71881e-32 2.58235e-32 1.16556e-32 5.25862e-33 2.37152e-33 1.06907e-33 4.81733e-34
0.00171059 0.00209434 0.0019362 0.00155244 0.00113793 0.000783093 0.000513941 0.000324952 0.000199331 0.00011923 6.98095e-05 4.01279e-05 2.26988e-05 1.26592e-05 6.97169e-06 3.79631e-06 2.04624e-06 1.09276e-06 5.78662e-07 3.04056e-07 1.58628e-07 8.22125e-08 4.23481e-08 2.16897e-08 1.10499e-08 5.60148e-09 2.82629e-09 1.41978e-09 7.10275e-10 3.53944e-10 1.75726e-10 8.69396e-11 4.28701e-11 2.10727e-11 1.03271e-11 5.04654e-12 2.45935e-12 1.1954e-12 5.79591e-13 2.80344e-13 1.3529e-13 6.51454e-14 3.1303e-14 1.50109e-14 7.1842e-15 3.4319e-15 1.63646e-15 7.78963e-16 3.70167e-16 1.75619e-16 8.31885e-17 3.93456e-17 1.85819e-17 8.7633e-18 4.12712e-18 1.94109e-18 9.11767e-19 4.27737e-19 2.0042e-19 9.37977e-20 4.38474e-20 2.04744e-20 9.55011e-21 4.44987e-21 2.07128e-21 9.63159e-22 4.4744e-22 2.07663e-22 9.62903e-23 4.46082e-23 2.06474e-23 9.54873e-24 4.41227e-24 2.03716e-24 9.39813e-25 4.33232e-25 1.99558e-25 9.18536e-26 4.22481e-26 1.94183e-26 8.91893e-27 4.09374e-27 1.87775e-27 8.60746e-28 3.94308e-28 1.8052e-28 8.25941e-29 3.77671e-29 1.72593e-29 7.88287e-30 3.59833e-30 1.64164e-30 7.48548e-31 3.41139e-31 1.55387e-31 7.07423e-32 3.21902e-32 1.46405e-32 6.65545e-33 3.02408e-33 1.37343e-33
0.000737325 0.00100022 0.000995945 0.000849059 0.000656504 0.00047395 0.000324952 0.000213935 0.000136278 8.44587e-05 5.1138e-05 3.03472e-05 1.76961e-05 1.01606e-05 5.75408e-06 3.21859e-06 1.78035e-06 9.74856e-07 5.28871e-07 2.84488e-07 1.51836e-07 8.04514e-08 4.23418e-08 2.21453e-08 1.15146e-08 5.9544e-09 3.0633e-09 1.56833e-09 7.9929e-10 4.056e-10 2.04983e-10 1.03195e-10 5.17612e-11 2.58722e-11 1.2889e-11 6.40069e-12 3.16898e-12 1.56443e-12 7.7018e-13 3.7816e-13 1.85206e-13 9.04847e-14 4.41039e-14 2.14487e-14 1.04083e-14 5.04029e-15 2.43588e-15 1.17493e-15 5.65658e-16 2.71838e-16 1.30409e-16 6.24553e-17 2.98621e-17 1.42555e-17 6.79482e-18 3.2339e-18 1.53691e-18 7.29396e-19 3.4569e-19 1.6362e-19 7.73444e-20 3.65157e-20 1.72188e-20 8.10989e-21 3.81529e-21 1.79289e-21 8.41605e-22 3.9464e-22 1.84861e-22 8.65068e-23 4.04416e-23 1.88881e-23 8.8134e-24 4.10866e-24 1.91368e-24 8.9055e-25 4.14074e-25 1.92369e-25 8.92972e-26 4.14185e-26 1.91961e-26 8.88995e-27 4.11397e-27 1.90242e-27 8.79104e-28 4.05947e-28 1.87327e-28 8.63851e-29 3.98099e-29 1.83342e-29 8.43836e-30 3.88136e-30 1.78421e-30 8.19683e-31 3.7635e-31 1.72698e-31 7.92023e-32 3.63033e-32 1.6631e-32 7.6148e-33 3.48473e-33
0.000317813 0.000473149 0.000504401 0.000455109 0.000369784 0.00027912 0.000199331 0.000136278 8.99257e-05 5.7613e-05 3.59971e-05 2.20101e-05 1.3206e-05 7.79252e-06 4.53036e-06 2.59893e-06 1.47307e-06 8.25828e-07 4.58359e-07 2.52074e-07 1.37457e-07 7.43693e-08 3.99443e-08 2.13091e-08 1.12958e-08 5.95235e-09 3.11912e-09 1.6259e-09 8.43338e-10 4.35386e-10 2.2378e-10 1.14535e-10 5.83879e-11 2.96521e-11 1.50043e-11 7.56619e-12 3.80281e-12 1.9053e-12 9.51724e-13 4.74026e-13 2.35444e-13 1.16632e-13 5.76282e-14 2.84042e-14 1.39669e-14 6.85217e-15 3.35428e-15 1.6385e-15 7.98737e-16 3.88597e-16 1.88697e-16 9.14583e-17 4.4249e-17 2.13712e-17 1.03044e-17 4.9603e-18 2.38399e-18 1.14402e-18 5.4817e-19 2.62281e-19 1.25316e-19 5.97929e-20 2.84915e-20 1.35587e-20 6.44421e-21 3.05906e-21 1.4504e-21 6.86875e-22 3.24918e-22 1.53528e-22 7.24654e-23 3.41676e-23 1.60935e-23 7.57265e-24 3.55974e-24 1.67174e-24 7.84356e-25 3.67669e-25 1.72191e-25 8.05714e-26 3.76685e-26 1.75958e-26 8.21264e-27 3.83006e-27 1.78478e-27 8.31048e-28 3.86668e-28 1.79775e-28 8.3522e-29 3.8776e-29 1.79895e-29 8.34025e-30 3.86407e-30 1.78905e-30 8.27786e-31 3.82769e-31 1.76882e-31 8.16889e-32 3.77034e-32 1.73916e-32 8.01762e-33
0.000136988 0.000222055 0.000252186 0.000239901 0.000204177 0.000160689 0.00011923 8.44587e-05 5.7613e-05 3.80839e-05 2.45108e-05 1.54157e-05 9.502e-06 5.75359e-06 3.42905e-06 2.01476e-06 1.16863e-06 6.69947e-07 3.79971e-07 2.13396e-07 1.18762e-07 6.55419e-08 3.58893e-08 1.95096e-08 1.05336e-08 5.65109e-09 3.0136e-09 1.59804e-09 8.429e-10 4.42363e-10 2.31052e-10 1.20137e-10 6.21982e-11 3.20702e-11 1.64715e-11 8.42852e-12 4.2976e-12 2.18386e-12 1.10614e-12 5.58523e-13 2.81172e-13 1.41142e-13 7.06545e-14 3.52752e-14 1.75666e-14 8.72636e-15 4.3246e-15 2.13827e-15 1.05491e-15 5.19324e-16 2.5513e-16 1.25087e-16 6.12098e-17 2.98959e-17 1.45751e-17 7.09321e-18 3.44611e-18 1.67145e-18 8.0938e-19 3.91318e-19 1.88905e-19 9.10566e-20 4.3828e-20 2.10659e-20 1.01114e-20 4.84692e-21 2.32035e-21 1.1094e-21 5.29773e-22 2.52676e-22 1.20373e-22 5.72786e-23 2.72251e-23 1.29262e-23 6.13063e-24 2.9046e-24 1.37474e-24 6.50014e-25 3.07043e-25 1.44897e-25 6.83142e-26 3.21785e-26 1.51436e-26 7.1205e-27 3.34517e-27 1.57021e-27 7.36443e-28 3.45118e-28 1.61604e-28 7.56128e-29 3.53515e-29 1.65156e-29 7.71009e-30 3.59676e-30 1.6767e-30 7.81083e-31 3.63615e-31 1.69159e-31 7.86431e-32 3.65381e-32 1.6965e-32
5.90466e-05 0.00010352 0.000124721 0.000124683 0.00011085 9.07448e-05 6.98095e-05 5.1138e-05 3.59971e-05 2.45108e-05 1.62248e-05 1.04811e-05 6.62786e-06 4.11297e-06 2.5098e-06 1.50858e-06 8.94465e-07 5.23795e-07 3.03265e-07 1.73758e-07 9.86008e-08 5.54544e-08 3.09305e-08 1.71188e-08 9.40629e-09 5.13352e-09 2.78382e-09 1.50058e-09 8.04291e-10 4.28785e-10 2.27436e-10 1.20056e-10 6.30841e-11 3.30036e-11 1.71948e-11 8.923e-12 4.61293e-12 2.37612e-12 1.21969e-12 6.23999e-13 3.18222e-13 1.61786e-13 8.20108e-14 4.14539e-14 2.08964e-14 1.05058e-14 5.26847e-15 2.63555e-15 1.3153e-15 6.54914e-16 3.25371e-16 1.61302e-16 7.97989e-17 3.93984e-17 1.94138e-17 9.54816e-18 4.68737e-18 2.297e-18 1.12368e-18 5.48766e-19 2.67559e-19 1.30245e-19 6.33032e-20 3.07209e-20 1.48868e-20 7.20356e-21 3.48085e-21 1.67969e-21 8.09464e-22 3.89584e-22 1.87264e-22 8.99022e-23 4.31084e-23 2.06462e-23 9.87684e-24 4.71961e-24 2.25276e-24 1.07413e-24 5.1161e-25 2.4343e-25 1.15709e-25 5.49459e-26 2.60664e-26 1.23542e-26 5.84983e-27 2.76743e-27 1.30805e-27 6.17717e-28 2.91462e-28 1.37407e-28 6.4726e-29 3.04646e-29 1.43274e-29 6.73287e-30 3.16155e-30 1.48345e-30 6.95544e-31 3.25883e-31 1.52577e-31 7.13857e-32 3.33761e-32
2.54511e-05 4.7986e-05 6.1109e-05 6.40186e-05 5.93153e-05 5.04034e-05 4.01279e-05 3.03472e-05 2.20101e-05 1.54157e-05 1.04811e-05 6.94567e-06 4.50068e-06 2.85911e-06 1.78443e-06 1.09613e-06 6.63711e-07 3.96648e-07 2.34221e-07 1.36792e-07 7.90824e-08 4.52902e-08 2.57111e-08 1.44773e-08 8.08974e-09 4.48814e-09 2.47327e-09 1.35431e-09 7.37154e-10 3.98966e-10 2.14773e-10 1.15029e-10 6.13096e-11 3.2527e-11 1.71809e-11 9.03697e-12 4.73429e-12 2.47068e-12 1.28463e-12 6.65588e-13 3.43684e-13 1.76888e-13 9.07561e-14 4.6424e-14 2.36781e-14 1.2043e-14 6.10868e-15 3.09048e-15 1.55958e-15 7.85113e-16 3.94303e-16 1.97577e-16 9.87827e-17 4.92827e-17 2.4536e-17 1.21909e-17 6.04532e-18 2.99209e-18 1.47818e-18 7.28954e-19 3.5885e-19 1.76355e-19 8.65252e-20 4.23836e-20 2.07287e-20 1.01223e-20 4.93561e-21 2.40309e-21 1.16837e-21 5.67274e-22 2.75053e-22 1.33189e-22 6.44106e-23 3.111e-23 1.50075e-23 7.23092e-24 3.4799e-24 1.67279e-24 8.03201e-25 3.85238e-25 1.84572e-25 8.83369e-26 4.22347e-26 2.01723e-26 9.62521e-27 4.58819e-27 2.18504e-27 1.03961e-27 4.94174e-28 2.34693e-28 1.11362e-28 5.27952e-29 2.50083e-29 1.18361e-29 5.59733e-30 2.64485e-30 1.24875e-30 5.89136e-31 2.7773e-31 1.30829e-31 6.15835e-32
1.09703e-05 2.21341e-05 2.97e-05 3.2525e-05 3.13407e-05 2.75947e-05 2.26988e-05 1.76961e-05 1.3206e-05 9.502e-06 6.62786e-06 4.50068e-06 2.98529e-06 1.93944e-06 1.23686e-06 7.75766e-07 4.79281e-07 2.92069e-07 1.75761e-07 1.04553e-07 6.15343e-08 3.58592e-08 2.07055e-08 1.18534e-08 6.73149e-09 3.79408e-09 2.12337e-09 1.18044e-09 6.52112e-10 3.58105e-10 1.95543e-10 1.06204e-10 5.73884e-11 3.08599e-11 1.65177e-11 8.80205e-12 4.67066e-12 2.46838e-12 1.29945e-12 6.81539e-13 3.56178e-13 1.85503e-13 9.62939e-14 4.98269e-14 2.57037e-14 1.32204e-14 6.78034e-15 3.46786e-15 1.76895e-15 9.00011e-16 4.56771e-16 2.3126e-16 1.16812e-16 5.88691e-17 2.96028e-17 1.48543e-17 7.43825e-18 3.71719e-18 1.854e-18 9.22952e-19 4.58611e-19 2.27472e-19 1.12629e-19 5.56712e-20 2.74719e-20 1.35345e-20 6.65751e-21 3.26972e-21 1.60345e-21 7.8517e-22 3.83927e-22 1.87468e-22 9.14134e-23 4.45157e-23 2.16495e-23 1.05155e-23 5.10115e-24 2.47159e-24 1.19609e-24 5.78154e-25 2.79142e-25 1.34623e-25 6.48539e-26 3.12094e-26 1.50029e-26 7.2047e-27 3.45634e-27 1.65647e-27 7.931e-28 3.79364e-28 1.81291e-28 8.65558e-29 4.12879e-29 1.96772e-29 9.36969e-30 4.45774e-30 2.11904e-30 1.00648e-30 4.77656e-31 2.26506e-31 1.07326e-31
4.72858e-06 1.01657e-05 1.43326e-05 1.63719e-05 1.63765e-05 1.49164e-05 1.26592e-05 1.01606e-05 7.79252e-06 5.75359e-06 4.11297e-06 2.85911e-06 1.93944e-06 1.28743e-06 8.38254e-07 5.36389e-07 3.3787e-07 2.09794e-07 1.28568e-07 7.78454e-08 4.66109e-08 2.76218e-08 1.6212e-08 9.43028e-09 5.43955e-09 3.11299e-09 1.76837e-09 9.97546e-10 5.59018e-10 3.11319e-10 1.72351e-10 9.48808e-11 5.19541e-11 2.8304e-11 1.53449e-11 8.28068e-12 4.44876e-12 2.37994e-12 1.26802e-12 6.72955e-13 3.55809e-13 1.87448e-13 9.84096e-14 5.14923e-14 2.68564e-14 1.39638e-14 7.23865e-15 3.74156e-15 1.92856e-15 9.91368e-16 5.08276e-16 2.59933e-16 1.32603e-16 6.74858e-17 3.42661e-17 1.73597e-17 8.77554e-18 4.42675e-18 2.22844e-18 1.11956e-18 5.6137e-19 2.80949e-19 1.40347e-19 6.99839e-20 3.48363e-20 1.73111e-20 8.58804e-21 4.25361e-21 2.10345e-21 1.03857e-21 5.12015e-22 2.52051e-22 1.23899e-22 6.08184e-23 2.98129e-23 1.45944e-23 7.13507e-24 3.48377e-24 1.69884e-24 8.27404e-25 4.02493e-25 1.95562e-25 9.49086e-26 4.60079e-26 2.2278e-26 1.07757e-26 5.20651e-27 2.513e-27 1.21169e-27 5.83647e-28 2.80852e-28 1.35015e-28 6.48442e-29 3.11137e-29 1.49153e-29 7.14363e-30 3.41837e-30 1.63433e-30 7.80702e-31 3.72619e-31 1.77698e-31
2.03818e-06 4.65127e-06 6.87335e-06 8.17344e-06 8.47317e-06 7.9724e-06 6.97169e-06 5.75408e-06 4.53036e-06 3.42905e-06 2.5098e-06 1.78443e-06 1.23686e-06 8.38254e-07 5.56811e-07 3.63239e-07 2.33115e-07 1.47391e-07 9.19264e-08 5.66177e-08 3.44686e-08 2.07595e-08 1.23783e-08 7.31213e-09 4.28179e-09 2.48679e-09 1.43316e-09 8.19952e-10 4.65899e-10 2.63006e-10 1.47556e-10 8.22995e-11 4.56472e-11 2.51838e-11 1.38237e-11 7.55131e-12 4.10588e-12 2.22261e-12 1.19804e-12 6.43143e-13 3.43905e-13 1.83203e-13 9.72414e-14 5.14341e-14 2.71137e-14 1.42467e-14 7.46237e-15 3.89693e-15 2.02907e-15 1.05351e-15 5.45496e-16 2.81701e-16 1.451e-16 7.45524e-17 3.82123e-17 1.954e-17 9.96901e-18 5.07477e-18 2.57777e-18 1.30665e-18 6.60981e-19 3.33699e-19 1.68144e-19 8.45644e-20 4.24518e-20 2.12729e-20 1.06414e-20 5.31413e-21 2.64936e-21 1.3187e-21 6.55332e-22 3.25166e-22 1.61098e-22 7.96953e-23 3.93683e-23 1.94199e-23 9.56633e-24 4.70604e-24 2.31201e-24 1.13438e-24 5.55877e-25 2.72054e-25 1.32985e-25 6.49279e-26 3.16629e-26 1.54231e-26 7.50414e-27 3.64713e-27 1.77064e-27 8.58713e-28 4.16018e-28 2.0134e-28 9.73446e-29 4.7018e-29 2.26879e-29 1.09373e-29 5.26769e-30 2.53472e-30 1.21856e-30 5.85297e-31 2.80884e-31
8.78527e-07 2.12101e-06 3.27779e-06 4.05059e-06 4.34542e-06 4.21805e-06 3.79631e-06 3.21859e-06 2.59893e-06 2.01476e-06 1.50858e-06 1.09613e-06 7.75766e-07 5.36389e-07 3.63239e-07 2.4142e-07 1.57755e-07 1.01503e-07 6.43907e-08 4.03186e-08 2.49434e-08 1.526e-08 9.23921e-09 5.53986e-09 3.29166e-09 1.93921e-09 1.13331e-09 6.5733e-10 3.7854e-10 2.1652e-10 1.23054e-10 6.95091e-11 3.90361e-11 2.18016e-11 1.2112e-11 6.69507e-12 3.68297e-12 2.01667e-12 1.09938e-12 5.96777e-13 3.22629e-13 1.73736e-13 9.32038e-14 4.98191e-14 2.65359e-14 1.40864e-14 7.4533e-15 3.93118e-15 2.06715e-15 1.08377e-15 5.66574e-16 2.95376e-16 1.53577e-16 7.96426e-17 4.11971e-17 2.1258e-17 1.09431e-17 5.62026e-18 2.88e-18 1.47257e-18 7.51336e-19 3.82553e-19 1.94388e-19 9.85813e-20 4.98982e-20 2.52094e-20 1.2713e-20 6.39967e-21 3.21598e-21 1.61336e-21 8.08036e-22 4.04042e-22 2.01713e-22 1.00547e-22 5.00436e-23 2.48705e-23 1.23421e-23 6.1162e-24 3.02671e-24 1.49579e-24 7.38228e-25 3.63869e-25 1.7912e-25 8.80646e-26 4.32439e-26 2.12093e-26 1.039e-26 5.08394e-27 2.48481e-27 1.21311e-27 5.91608e-28 2.88204e-28 1.40252e-28 6.81818e-29 3.3112e-29 1.60646e-29 7.7862e-30 3.77019e-30 1.82385e-30 8.81473e-31 4.25629e-31
3.78676e-07 9.64296e-07 1.5553e-06 1.99415e-06 2.21085e-06 2.21139e-06 2.04624e-06 1.78035e-06 1.47307e-06 1.16863e-06 8.94465e-07 6.63711e-07 4.79281e-07 3.3787e-07 2.33115e-07 1.57755e-07 1.04901e-07 6.86481e-08 4.42706e-08 2.81673e-08 1.76995e-08 1.09939e-08 6.75568e-09 4.10978e-09 2.47674e-09 1.47946e-09 8.76421e-10 5.15128e-10 3.00537e-10 1.74113e-10 1.00201e-10 5.73016e-11 3.2572e-11 1.8409e-11 1.03476e-11 5.78592e-12 3.21909e-12 1.78242e-12 9.82405e-13 5.39081e-13 2.94562e-13 1.60297e-13 8.68904e-14 4.69218e-14 2.52461e-14 1.35358e-14 7.23269e-15 3.85202e-15 2.04503e-15 1.08237e-15 5.71161e-16 3.00532e-16 1.57692e-16 8.25185e-17 4.30676e-17 2.24203e-17 1.16428e-17 6.03147e-18 3.11726e-18 1.60743e-18 8.2704e-19 4.24604e-19 2.17534e-19 1.11219e-19 5.67497e-20 2.89003e-20 1.46897e-20 7.45282e-21 3.77434e-21 1.90806e-21 9.62931e-22 4.85136e-22 2.44015e-22 1.22537e-22 6.14377e-23 3.07562e-23 1.53735e-23 7.67313e-24 3.82423e-24 1.90327e-24 9.45917e-25 4.69478e-25 2.32702e-25 1.15191e-25 5.69479e-26 2.81186e-26 1.38667e-26 6.83016e-27 3.36026e-27 1.65123e-27 8.10492e-28 3.97377e-28 1.94616e-28 9.52101e-29 4.65294e-29 2.27153e-29 1.10781e-29 5.39724e-30 2.62693e-30 1.27733e-30 6.205e-31
1.63222e-07 4.37226e-07 7.34645e-07 9.75879e-07 1.11674e-06 1.14978e-06 1.09276e-06 9.74856e-07 8.25828e-07 6.69947e-07 5.23795e-07 3.96648e-07 2.92069e-07 2.09794e-07 1.47391e-07 1.01503e-07 6.86481e-08 4.56681e-08 2.99248e-08 1.93376e-08 1.23363e-08 7.77642e-09 4.84781e-09 2.99089e-09 1.82739e-09 1.10636e-09 6.64092e-10 3.95401e-10 2.33624e-10 1.3704e-10 7.9833e-11 4.62037e-11 2.65746e-11 1.51942e-11 8.63827e-12 4.88455e-12 2.74771e-12 1.53802e-12 8.56814e-13 4.75144e-13 2.62336e-13 1.4423e-13 7.89743e-14 4.3074e-14 2.34047e-14 1.26709e-14 6.83572e-15 3.67521e-15 1.96947e-15 1.05205e-15 5.60249e-16 2.9746e-16 1.57477e-16 8.31357e-17 4.37695e-17 2.2983e-17 1.20371e-17 6.28859e-18 3.27739e-18 1.70402e-18 8.83935e-19 4.57502e-19 2.36274e-19 1.21763e-19 6.26201e-20 3.2139e-20 1.64624e-20 8.41625e-21 4.29463e-21 2.18744e-21 1.11216e-21 5.64462e-22 2.85996e-22 1.44662e-22 7.30534e-23 3.68323e-23 1.85411e-23 9.3191e-24 4.67692e-24 2.34372e-24 1.17281e-24 5.86046e-25 2.92439e-25 1.4573e-25 7.25247e-26 3.60458e-26 1.78923e-26 8.87019e-27 4.39201e-27 2.17204e-27 1.0729e-27 5.29346e-28 2.6087e-28 1.28416e-28 6.31444e-29 3.10155e-29 1.5218e-29 7.45902e-30 3.65223e-30 1.78646e-30 8.7296e-31
7.03544e-08 1.97761e-07 3.45584e-07 4.74973e-07 5.60391e-07 5.93305e-07 5.78662e-07 5.28871e-07 4.58359e-07 3.79971e-07 3.03265e-07 2.34221e-07 1.75761e-07 1.28568e-07 9.19264e-08 6.43907e-08 4.42706e-08 2.99248e-08 1.99151e-08 1.30649e-08 8.4581e-09 5.40871e-09 3.41931e-09 2.13861e-09 1.32426e-09 8.1231e-10 4.9388e-10 2.97775e-10 1.78123e-10 1.05755e-10 6.23441e-11 3.65053e-11 2.12385e-11 1.22809e-11 7.05987e-12 4.03584e-12 2.29481e-12 1.29818e-12 7.30776e-13 4.09435e-13 2.28357e-13 1.26809e-13 7.01227e-14 3.86197e-14 2.11867e-14 1.15793e-14 6.30547e-15 3.42157e-15 1.85036e-15 9.97366e-16 5.35881e-16 2.87038e-16 1.53288e-16 8.16237e-17 4.33409e-17 2.29503e-17 1.21206e-17 6.38459e-18 3.35467e-18 1.75834e-18 9.19432e-19 4.79654e-19 2.49663e-19 1.29665e-19 6.71984e-20 3.47523e-20 1.79358e-20 9.23826e-21 4.74912e-21 2.43675e-21 1.24796e-21 6.37968e-22 3.25557e-22 1.65844e-22 8.43404e-23 4.28203e-23 2.17048e-23 1.09843e-23 5.55021e-24 2.80017e-24 1.41061e-24 7.09571e-25 3.56418e-25 1.78777e-25 8.95494e-26 4.47946e-26 2.23775e-26 1.11643e-26 5.56281e-27 2.7683e-27 1.37592e-27 6.83047e-28 3.38681e-28 1.67735e-28 8.29767e-29 4.10015e-29 2.02377e-29 9.97816e-30 4.91444e-30 2.41791e-30 1.18838e-30
3.03252e-08 8.92514e-08 1.61957e-07 2.30028e-07 2.79521e-07 3.04039e-07 3.04056e-07 2.84488e-07 2.52074e-07 2.13396e-07 1.73758e-07 1.36792e-07 1.04553e-07 7.78454e-08 5.66177e-08 4.03186e-08 2.81673e-08 1.93376e-08 1.30649e-08 8.69779e-09 5.71201e-09 3.704e-09 2.37374e-09 1.50457e-09 9.43868e-10 5.86408e-10 3.61015e-10 2.20349e-10 1.33402e-10 8.01424e-11 4.77952e-11 2.83065e-11 1.66537e-11 9.73627e-12 5.65792e-12 3.26903e-12 1.87839e-12 1.07363e-12 6.10557e-13 3.45527e-13 1.94628e-13 1.09138e-13 6.09344e-14 3.38794e-14 1.87611e-14 1.03489e-14 5.68718e-15 3.11404e-15 1.69912e-15 9.23952e-16 5.00777e-16 2.70554e-16 1.4572e-16 7.82492e-17 4.18963e-17 2.23688e-17 1.19101e-17 6.32449e-18 3.34971e-18 1.76966e-18 9.32616e-19 4.90314e-19 2.57176e-19 1.34585e-19 7.02746e-20 3.6615e-20 1.90371e-20 9.87753e-21 5.1147e-21 2.64324e-21 1.36338e-21 7.01914e-22 3.60705e-22 1.85029e-22 9.47465e-23 4.84329e-23 2.47165e-23 1.25927e-23 6.40542e-24 3.25305e-24 1.64954e-24 8.35169e-25 4.22221e-25 2.13144e-25 1.07445e-25 5.40863e-26 2.7189e-26 1.36493e-26 6.84313e-27 3.42636e-27 1.71339e-27 8.55727e-28 4.26854e-28 2.12666e-28 1.05828e-28 5.2601e-29 2.6115e-29 1.29507e-29 6.41532e-30 3.17444e-30 1.5691e-30
1.30712e-08 4.01987e-08 7.56405e-08 1.10893e-07 1.38654e-07 1.54813e-07 1.58628e-07 1.51836e-07 1.37457e-07 1.18762e-07 9.86008e-08 7.90824e-08 6.15343e-08 4.66109e-08 3.44686e-08 2.49434e-08 1.76995e-08 1.23363e-08 8.4581e-09 5.71201e-09 3.80386e-09 2.50044e-09 1.62386e-09 1.04272e-09 6.62499e-10 4.16751e-10 2.59714e-10 1.60425e-10 9.82682e-11 5.97188e-11 3.60199e-11 2.15708e-11 1.28302e-11 7.5819e-12 4.45278e-12 2.59962e-12 1.50912e-12 8.71319e-13 5.00455e-13 2.86007e-13 1.62666e-13 9.20886e-14 5.19011e-14 2.9126e-14 1.62773e-14 9.06035e-15 5.02375e-15 2.77515e-15 1.52748e-15 8.37802e-16 4.57968e-16 2.49517e-16 1.35513e-16 7.33701e-17 3.96052e-17 2.13167e-17 1.14408e-17 6.1234e-18 3.26864e-18 1.74024e-18 9.24157e-19 4.89564e-19 2.58718e-19 1.36403e-19 7.17503e-20 3.76578e-20 1.97214e-20 1.03062e-20 5.37469e-21 2.79723e-21 1.45291e-21 7.532e-22 3.89724e-22 2.01279e-22 1.03765e-22 5.33993e-23 2.74324e-23 1.40687e-23 7.2031e-24 3.68194e-24 1.87905e-24 9.57461e-25 4.8712e-25 2.47456e-25 1.25521e-25 6.35781e-26 3.21573e-26 1.62423e-26 8.19257e-27 4.12676e-27 2.07599e-27 1.04298e-27 5.23332e-28 2.62261e-28 1.31268e-28 6.5623e-29 3.27672e-29 1.63424e-29 8.14128e-30 4.05117e-30 2.01366e-30
5.63414e-09 1.80719e-08 3.52157e-08 5.32354e-08 6.84279e-08 7.83659e-08 8.22125e-08 8.04514e-08 7.43693e-08 6.55419e-08 5.54544e-08 4.52902e-08 3.58592e-08 2.76218e-08 2.07595e-08 1.526e-08 1.09939e-08 7.77642e-09 5.40871e-09 3.704e-09 2.50044e-09 1.66561e-09 1.09582e-09 7.12629e-10 4.58424e-10 2.919e-10 1.84087e-10 1.15045e-10 7.12825e-11 4.38091e-11 2.67172e-11 1.61744e-11 9.72363e-12 5.80674e-12 3.44565e-12 2.0322e-12 1.1916e-12 6.94812e-13 4.02975e-13 2.32516e-13 1.33499e-13 7.62846e-14 4.33914e-14 2.45726e-14 1.38562e-14 7.78131e-15 4.35244e-15 2.42518e-15 1.34629e-15 7.44677e-16 4.10472e-16 2.25491e-16 1.23467e-16 6.73896e-17 3.66683e-17 1.98923e-17 1.076e-17 5.80377e-18 3.12182e-18 1.67471e-18 8.96058e-19 4.78218e-19 2.54589e-19 1.35208e-19 7.16372e-20 3.78684e-20 1.99728e-20 1.05112e-20 5.51991e-21 2.89271e-21 1.51283e-21 7.89599e-22 4.11316e-22 2.13853e-22 1.1098e-22 5.74879e-23 2.97257e-23 1.53436e-23 7.90633e-24 4.06718e-24 2.08879e-24 1.07102e-24 5.48289e-25 2.80252e-25 1.4303e-25 7.28878e-26 3.70892e-26 1.88458e-26 9.56245e-27 4.84531e-27 2.45179e-27 1.23898e-27 6.25279e-28 3.15155e-28 1.58644e-28 7.97595e-29 4.00506e-29 2.00869e-29 1.00624e-29 5.03482e-30 2.51634e-30
2.42851e-09 8.11072e-09 1.63475e-08 2.54568e-08 3.36108e-08 3.94523e-08 4.23481e-08 4.23418e-08 3.99443e-08 3.58893e-08 3.09305e-08 2.57111e-08 2.07055e-08 1.6212e-08 1.23783e-08 9.23921e-09 6.75568e-09 4.84781e-09 3.41931e-09 2.37374e-09 1.62386e-09 1.09582e-09 7.30137e-10 4.8074e-10 3.13025e-10 2.01698e-10 1.2869e-10 8.13475e-11 5.09709e-11 3.16722e-11 1.95252e-11 1.19465e-11 7.25732e-12 4.37865e-12 2.62463e-12 1.56345e-12 9.25772e-13 5.45049e-13 3.19138e-13 1.85878e-13 1.07715e-13 6.21151e-14 3.56514e-14 2.03698e-14 1.15876e-14 6.56398e-15 3.70312e-15 2.08091e-15 1.16487e-15 6.4968e-16 3.61047e-16 1.99949e-16 1.1036e-16 6.07135e-17 3.32951e-17 1.82027e-17 9.92179e-18 5.39236e-18 2.92237e-18 1.57941e-18 8.51307e-19 4.57658e-19 2.45408e-19 1.31267e-19 7.0044e-20 3.7287e-20 1.98035e-20 1.04941e-20 5.54876e-21 2.92759e-21 1.54139e-21 8.09884e-22 4.24678e-22 2.22251e-22 1.16089e-22 6.05236e-23 3.14961e-23 1.63608e-23 8.4837e-24 4.39152e-24 2.26938e-24 1.17079e-24 6.03034e-25 3.10107e-25 1.59221e-25 8.16244e-26 4.17816e-26 2.13554e-26 1.08993e-26 5.55482e-27 2.82704e-27 1.4368e-27 7.29247e-28 3.69637e-28 1.87115e-28 9.45986e-29 4.77654e-29 2.40881e-29 1.21328e-29 6.10381e-30 3.06709e-30
1.04677e-09 3.6344e-09 7.56822e-09 1.21294e-08 1.64367e-08 1.9761e-08 2.16897e-08 2.21453e-08 2.13091e-08 1.95096e-08 1.71188e-08 1.44773e-08 1.18534e-08 9.43028e-09 7.31213e-09 5.53986e-09 4.10978e-09 2.99089e-09 2.13861e-09 1.50457e-09 1.04272e-09 7.12629e-10 4.8074e-10 3.20389e-10 2.11103e-10 1.37614e-10 8.88071e-11 5.67671e-11 3.59612e-11 2.25872e-11 1.40725e-11 8.70024e-12 5.33953e-12 3.25412e-12 1.96997e-12 1.18497e-12 7.0843e-13 4.21052e-13 2.48845e-13 1.46275e-13 8.55371e-14 4.97695e-14 2.88189e-14 1.66101e-14 9.53053e-15 5.4448e-15 3.09762e-15 1.75516e-15 9.90612e-16 5.56985e-16 3.12024e-16 1.74175e-16 9.68909e-17 5.37184e-17 2.96859e-17 1.63532e-17 8.9809e-18 4.91743e-18 2.68469e-18 1.46157e-18 7.935e-19 4.29643e-19 2.32024e-19 1.24982e-19 6.71556e-20 3.59966e-20 1.92492e-20 1.02697e-20 5.46664e-21 2.90352e-21 1.53883e-21 8.13846e-22 4.29533e-22 2.26242e-22 1.18931e-22 6.23986e-23 3.26763e-23 1.708e-23 8.91154e-24 4.64137e-24 2.41314e-24 1.2525e-24 6.49e-25 3.35737e-25 1.73402e-25 8.94173e-26 4.6038e-26 2.36674e-26 1.21488e-26 6.22704e-27 3.18716e-27 1.62896e-27 8.31408e-28 4.23764e-28 2.157e-28 1.09649e-28 5.56666e-29 2.82248e-29 1.4293e-29 7.22899e-30 3.65179e-30
4.51194e-10 1.62621e-09 3.495e-09 5.75984e-09 8.00521e-09 9.85112e-09 1.10499e-08 1.15146e-08 1.12958e-08 1.05336e-08 9.40629e-09 8.08974e-09 6.73149e-09 5.43955e-09 4.28179e-09 3.29166e-09 2.47674e-09 1.82739e-09 1.32426e-09 9.43868e-10 6.62499e-10 4.58424e-10 3.13025e-10 2.11103e-10 1.40719e-10 9.27809e-11 6.05459e-11 3.91275e-11 2.50542e-11 1.59032e-11 1.00113e-11 6.25278e-12 3.87609e-12 2.38563e-12 1.45828e-12 8.85599e-13 5.34456e-13 3.20611e-13 1.91223e-13 1.13422e-13 6.69179e-14 3.9279e-14 2.29422e-14 1.33365e-14 7.71708e-15 4.44568e-15 2.55013e-15 1.45675e-15 8.28832e-16 4.69743e-16 2.65229e-16 1.49209e-16 8.36437e-17 4.67282e-17 2.60181e-17 1.44399e-17 7.98888e-18 4.40632e-18 2.4231e-18 1.32863e-18 7.26462e-19 3.96118e-19 2.15412e-19 1.16837e-19 6.32093e-20 3.41115e-20 1.83639e-20 9.86275e-21 5.28475e-21 2.82532e-21 1.50712e-21 8.02215e-22 4.26102e-22 2.25859e-22 1.19476e-22 6.30758e-23 3.32355e-23 1.74789e-23 9.1753e-24 4.80764e-24 2.5146e-24 1.31293e-24 6.84338e-25 3.56095e-25 1.84988e-25 9.5944e-26 4.96821e-26 2.56864e-26 1.32599e-26 6.83477e-27 3.51775e-27 1.8079e-27 9.27821e-28 4.75494e-28 2.43347e-28 1.24371e-28 6.34796e-29 3.23579e-29 1.64727e-29 8.37532e-30 4.253e-30
1.9448e-10 7.26665e-10 1.61023e-09 2.7266e-09 3.8839e-09 4.88919e-09 5.60148e-09 5.9544e-09 5.95235e-09 5.65109e-09 5.13352e-09 4.48814e-09 3.79408e-09 3.11299e-09 2.48679e-09 1.93921e-09 1.47946e-09 1.10636e-09 8.1231e-10 5.86408e-10 4.16751e-10 2.919e-10 2.01698e-10 1.37614e-10 9.27809e-11 6.18587e-11 4.08104e-11 2.66576e-11 1.72499e-11 1.10632e-11 7.03547e-12 4.43823e-12 2.77839e-12 1.72663e-12 1.06553e-12 6.53178e-13 3.97845e-13 2.40841e-13 1.4494e-13 8.67331e-14 5.162e-14 3.05615e-14 1.80028e-14 1.05533e-14 6.15743e-15 3.57634e-15 2.06811e-15 1.19088e-15 6.82934e-16 3.90089e-16 2.21961e-16 1.25826e-16 7.10702e-17 4.00018e-17 2.24382e-17 1.25446e-17 6.99076e-18 3.88356e-18 2.15085e-18 1.18768e-18 6.53932e-19 3.59039e-19 1.96588e-19 1.07352e-19 5.84689e-20 3.17639e-20 1.72132e-20 9.30539e-21 5.01852e-21 2.70029e-21 1.44964e-21 7.76506e-22 4.1504e-22 2.21367e-22 1.17824e-22 6.25855e-23 3.31779e-23 1.75541e-23 9.26999e-24 4.88616e-24 2.57075e-24 1.35012e-24 7.07815e-25 3.70439e-25 1.93543e-25 1.00952e-25 5.25709e-26 2.73325e-26 1.41883e-26 7.35378e-27 3.80568e-27 1.96656e-27 1.01472e-27 5.22828e-28 2.69004e-28 1.38215e-28 7.09182e-29 3.63393e-29 1.85961e-29 9.50391e-30 4.85095e-30
8.38277e-11 3.24301e-10 7.40253e-10 1.28693e-09 1.87762e-09 2.41648e-09 2.82629e-09 3.0633e-09 3.11912e-09 3.0136e-09 2.78382e-09 2.47327e-09 2.12337e-09 1.76837e-09 1.43316e-09 1.13331e-09 8.76421e-10 6.64092e-10 4.9388e-10 3.61015e-10 2.59714e-10 1.84087e-10 1.2869e-10 8.88071e-11 6.05459e-11 4.08104e-11 2.72139e-11 1.79641e-11 1.17449e-11 7.60926e-12 4.88744e-12 3.11351e-12 1.96797e-12 1.23464e-12 7.69062e-13 4.75793e-13 2.92438e-13 1.78619e-13 1.08444e-13 6.54598e-14 3.92941e-14 2.34615e-14 1.39362e-14 8.23705e-15 4.84524e-15 2.83691e-15 1.6536e-15 9.59692e-16 5.54642e-16 3.1925e-16 1.83037e-16 1.04541e-16 5.94882e-17 3.37297e-17 1.90581e-17 1.07318e-17 6.02327e-18 3.36977e-18 1.87937e-18 1.04497e-18 5.79313e-19 3.20235e-19 1.76524e-19 9.70394e-20 5.32025e-20 2.90926e-20 1.58682e-20 8.6336e-21 4.68599e-21 2.53735e-21 1.37073e-21 7.38818e-22 3.97338e-22 2.13226e-22 1.14182e-22 6.10169e-23 3.25401e-23 1.7319e-23 9.19979e-24 4.87755e-24 2.58113e-24 1.36339e-24 7.18864e-25 3.7836e-25 1.98797e-25 1.04274e-25 5.46027e-26 2.85457e-26 1.48994e-26 7.76442e-27 4.03994e-27 2.09883e-27 1.08875e-27 5.6395e-28 2.91691e-28 1.50656e-28 7.77041e-29 4.00223e-29 2.0586e-29 1.05746e-29 5.42484e-30
3.61326e-11 1.44562e-10 3.39616e-10 6.05753e-10 9.04662e-10 1.18969e-09 1.41978e-09 1.56833e-09 1.6259e-09 1.59804e-09 1.50058e-09 1.35431e-09 1.18044e-09 9.97546e-10 8.19952e-10 6.5733e-10 5.15128e-10 3.95401e-10 2.97775e-10 2.20349e-10 1.60425e-10 1.15045e-10 8.13475e-11 5.67671e-11 3.91275e-11 2.66576e-11 1.79641e-11 1.19811e-11 7.91294e-12 5.17785e-12 3.35841e-12 2.16011e-12 1.37832e-12 8.728e-13 5.48677e-13 3.42526e-13 2.12409e-13 1.3088e-13 8.01508e-14 4.87955e-14 2.95384e-14 1.77837e-14 1.06505e-14 6.34619e-15 3.76295e-15 2.2207e-15 1.30456e-15 7.62985e-16 4.44334e-16 2.57692e-16 1.4885e-16 8.56451e-17 4.90924e-17 2.80371e-17 1.59552e-17 9.04831e-18 5.11411e-18 2.88104e-18 1.61787e-18 9.05714e-19 5.05504e-19 2.81306e-19 1.56094e-19 8.63728e-20 4.7663e-20 2.62318e-20 1.43994e-20 7.88418e-21 4.30616e-21 2.34623e-21 1.27532e-21 6.91614e-22 3.74215e-22 2.0203e-22 1.08834e-22 5.85051e-23 3.13846e-23 1.68017e-23 8.97685e-24 4.78678e-24 2.54759e-24 1.35332e-24 7.17575e-25 3.79796e-25 2.0066e-25 1.05832e-25 5.57223e-26 2.92895e-26 1.53702e-26 8.05278e-27 4.21231e-27 2.19997e-27 1.14722e-27 5.97342e-28 3.10567e-28 1.61233e-28 8.35855e-29 4.32709e-29 2.23696e-29 1.15486e-29 5.95412e-30
1.55744e-11 6.43705e-11 1.55512e-10 2.84389e-10 4.345e-10 5.8356e-10 7.10275e-10 7.9929e-10 8.43338e-10 8.429e-10 8.04291e-10 7.37154e-10 6.52112e-10 5.59018e-10 4.65899e-10 3.7854e-10 3.00537e-10 2.33624e-10 1.78123e-10 1.33402e-10 9.82682e-11 7.12825e-11 5.09709e-11 3.59612e-11 2.50542e-11 1.72499e-11 1.17449e-11 7.91294e-12 5.27832e-12 3.48778e-12 2.28403e-12 1.48301e-12 9.55109e-13 6.10363e-13 3.87169e-13 2.43853e-13 1.52547e-13 9.48085e-14 5.8556e-14 3.59487e-14 2.19423e-14 1.33187e-14 8.04099e-15 4.82958e-15 2.88628e-15 1.71661e-15 1.0162e-15 5.98862e-16 3.5138e-16 2.05301e-16 1.1946e-16 6.92354e-17 3.99722e-17 2.29912e-17 1.3176e-17 7.52442e-18 4.28221e-18 2.42891e-18 1.37322e-18 7.73916e-19 4.34818e-19 2.43565e-19 1.36034e-19 7.576e-20 4.20747e-20 2.33034e-20 1.28725e-20 7.0922e-21 3.8976e-21 2.13667e-21 1.16849e-21 6.37506e-22 3.47006e-22 1.88454e-22 1.0212e-22 5.5217e-23 2.97928e-23 1.60415e-23 8.61968e-24 4.62242e-24 2.47398e-24 1.32157e-24 7.04632e-25 3.75001e-25 1.99212e-25 1.05639e-25 5.59211e-26 2.95516e-26 1.55904e-26 8.21131e-27 4.3178e-27 2.26684e-27 1.18822e-27 6.21875e-28 3.24977e-28 1.69572e-28 8.83526e-29 4.59684e-29 2.38827e-29 1.23909e-29 6.41986e-30
6.7131e-12 2.86335e-11 7.10821e-11 1.3319e-10 2.08065e-10 2.85253e-10 3.53944e-10 4.056e-10 4.35386e-10 4.42363e-10 4.28785e-10 3.98966e-10 3.58105e-10 3.11319e-10 2.63006e-10 2.1652e-10 1.74113e-10 1.3704e-10 1.05755e-10 8.01424e-11 5.97188e-11 4.38091e-11 3.16722e-11 2.25872e-11 1.59032e-11 1.10632e-11 7.60926e-12 5.17785e-12 3.48778e-12 2.32685e-12 1.53822e-12 1.00807e-12 6.55185e-13 4.22476e-13 2.70369e-13 1.7178e-13 1.08388e-13 6.79364e-14 4.23112e-14 2.61906e-14 1.61167e-14 9.86149e-15 6.00113e-15 3.63272e-15 2.18786e-15 1.31121e-15 7.82092e-16 4.64351e-16 2.74474e-16 1.61542e-16 9.46785e-17 5.5266e-17 3.21334e-17 1.86121e-17 1.07405e-17 6.17573e-18 3.53858e-18 2.02064e-18 1.15003e-18 6.52413e-19 3.68953e-19 2.08011e-19 1.16924e-19 6.55322e-20 3.66243e-20 2.04117e-20 1.13451e-20 6.28913e-21 3.47735e-21 1.91782e-21 1.0551e-21 5.7907e-22 3.17059e-22 1.73199e-22 9.4399e-23 5.13365e-23 2.78575e-23 1.50846e-23 8.15122e-24 4.39566e-24 2.36568e-24 1.27068e-24 6.81208e-25 3.64506e-25 1.94681e-25 1.0379e-25 5.52345e-26 2.93431e-26 1.55616e-26 8.23888e-27 4.35474e-27 2.29799e-27 1.21071e-27 6.36862e-28 3.34488e-28 1.7541e-28 9.18496e-29 4.80244e-29 2.50737e-29 1.30724e-29 6.80588e-30
2.89358e-12 1.27246e-11 3.24356e-11 6.2235e-11 9.93534e-11 1.3898e-10 1.75726e-10 2.04983e-10 2.2378e-10 2.31052e-10 2.27436e-10 2.14773e-10 1.95543e-10 1.72351e-10 1.47556e-10 1.23054e-10 1.00201e-10 7.9833e-11 6.23441e-11 4.77952e-11 3.60199e-11 2.67172e-11 1.95252e-11 1.40725e-11 1.00113e-11 7.03547e-12 4.88744e-12 3.35841e-12 2.28403e-12 1.53822e-12 1.02635e-12 6.78782e-13 4.45145e-13 2.89586e-13 1.86945e-13 1.19799e-13 7.62309e-14 4.81806e-14 3.02548e-14 1.88802e-14 1.17115e-14 7.22286e-15 4.42983e-15 2.70229e-15 1.63992e-15 9.90241e-16 5.95052e-16 3.55905e-16 2.11906e-16 1.25616e-16 7.4148e-17 4.35872e-17 2.55199e-17 1.48836e-17 8.64762e-18 5.00599e-18 2.88756e-18 1.65983e-18 9.50886e-19 5.42953e-19 3.09031e-19 1.75342e-19 9.91846e-20 5.59387e-20 3.14572e-20 1.764e-20 9.86457e-21 5.50154e-21 3.06017e-21 1.6978e-21 9.39578e-22 5.18692e-22 2.85653e-22 1.56943e-22 8.60291e-23 4.70506e-23 2.56758e-23 1.39811e-23 7.59687e-24 4.11931e-24 2.22909e-24 1.20382e-24 6.48847e-25 3.4905e-25 1.87418e-25 1.00446e-25 5.37352e-26 2.86954e-26 1.52969e-26 8.14037e-27 4.32465e-27 2.29369e-27 1.21453e-27 6.42075e-28 3.38904e-28 1.78605e-28 9.39822e-29 4.93794e-29 2.59063e-29 1.35716e-29 7.09968e-30
1.24723e-12 5.64964e-12 1.47771e-11 2.90171e-11 4.73162e-11 6.75032e-11 8.69396e-11 1.03195e-10 1.14535e-10 1.20137e-10 1.20056e-10 1.15029e-10 1.06204e-10 9.48808e-11 8.22995e-11 6.95091e-11 5.73016e-11 4.62037e-11 3.65053e-11 2.83065e-11 2.15708e-11 1.61744e-11 1.19465e-11 8.70024e-12 6.25278e-12 4.43823e-12 3.11351e-12 2.16011e-12 1.48301e-12 1.00807e-12 6.78782e-13 4.52962e-13 2.99687e-13 1.96662e-13 1.28049e-13 8.27524e-14 5.30971e-14 3.38356e-14 2.14195e-14 1.34737e-14 8.42391e-15 5.23584e-15 3.23593e-15 1.98901e-15 1.21614e-15 7.39802e-16 4.47824e-16 2.69792e-16 1.61788e-16 9.65873e-17 5.74133e-17 3.39844e-17 2.00343e-17 1.17638e-17 6.88103e-18 4.00989e-18 2.32827e-18 1.34709e-18 7.76718e-19 4.46349e-19 2.55662e-19 1.45974e-19 8.30877e-20 4.71501e-20 2.66775e-20 1.50507e-20 8.46728e-21 4.75048e-21 2.65805e-21 1.48337e-21 8.25696e-22 4.58459e-22 2.5393e-22 1.40308e-22 7.73447e-23 4.25381e-23 2.33424e-23 1.27806e-23 6.98263e-24 3.80684e-24 2.07112e-24 1.1245e-24 6.09322e-25 3.29519e-25 1.7786e-25 9.58197e-26 5.15258e-26 2.7657e-26 1.48186e-26 7.92585e-27 4.2319e-27 2.25574e-27 1.20038e-27 6.37727e-28 3.38262e-28 1.79136e-28 9.4719e-29 5.00064e-29 2.63609e-29 1.38755e-29 7.293e-30
5.376e-13 2.50627e-12 6.72205e-12 1.35015e-11 2.24771e-11 3.26903e-11 4.28701e-11 5.17612e-11 5.83879e-11 6.21982e-11 6.30841e-11 6.13096e-11 5.73884e-11 5.19541e-11 4.56472e-11 3.90361e-11 3.2572e-11 2.65746e-11 2.12385e-11 1.66537e-11 1.28302e-11 9.72363e-12 7.25732e-12 5.33953e-12 3.87609e-12 2.77839e-12 1.96797e-12 1.37832e-12 9.55109e-13 6.55185e-13 4.45145e-13 2.99687e-13 2.00009e-13 1.32379e-13 8.69232e-14 5.66432e-14 3.66433e-14 2.35399e-14 1.5021e-14 9.52334e-15 6.00046e-15 3.75823e-15 2.34034e-15 1.44931e-15 8.92713e-16 5.47031e-16 3.3353e-16 2.02372e-16 1.22216e-16 7.34734e-17 4.39762e-17 2.62088e-17 1.55552e-17 9.195e-18 5.41413e-18 3.17579e-18 1.85596e-18 1.08074e-18 6.27123e-19 3.62661e-19 2.09029e-19 1.20089e-19 6.87745e-20 3.92657e-20 2.23508e-20 1.26853e-20 7.17893e-21 4.05139e-21 2.28014e-21 1.27984e-21 7.165e-22 4.00098e-22 2.22858e-22 1.23831e-22 6.86418e-23 3.79603e-23 2.09446e-23 1.15302e-23 6.33353e-24 3.47148e-24 1.89873e-24 1.03635e-24 5.64506e-25 3.06875e-25 1.66495e-25 9.01581e-26 4.8729e-26 2.62884e-26 1.41563e-26 7.60952e-27 4.0832e-27 2.18723e-27 1.16963e-27 6.24426e-28 3.32812e-28 1.77099e-28 9.40899e-29 4.99106e-29 2.64348e-29 1.39798e-29 7.38214e-30
