0.40016 0.129022 0.0379747 0.0124187 0.000959373 5.09887e-05 2.26537e-06 9.08146e-08 3.41219e-09 1.22757e-10 4.28365e-12 1.4619e-13 4.90614e-15 1.62526e-16 5.32879e-18 1.73263e-19 5.59484e-21 1.79621e-22 5.73838e-24 1.8255e-25 5.78599e-27 1.82797e-28 5.75863e-30 1.80952e-31 5.673e-33 1.77487e-34 5.54254e-36 1.72787e-37 5.37816e-39 1.6715e-40 5.18841e-42
0.129022 0.0472532 0.0187141 0.000850183 2.99031e-05 9.57949e-07 2.94462e-08 8.87741e-10 2.65187e-11 7.88855e-13 2.34262e-14 6.95351e-16 2.06428e-17 6.13078e-19 1.8218e-20 5.41671e-22 1.61146e-23 4.79667e-25 1.4285e-26 4.25624e-28 1.2687e-29 3.78324e-31 1.12857e-32 3.3677e-34 1.00525e-35 3.00147e-37 8.96407e-39 2.67781e-40 8.00074e-42 2.29165e-43 6.85099e-45
0.0379747 0.0187141 0.000687371 2.28949e-05 7.16241e-07 2.16747e-08 6.45385e-10 1.9081e-11 5.62745e-13 1.6593e-14 4.89641e-16 1.44657e-17 4.27906e-19 1.26733e-20 3.75765e-22 1.11528e-23 3.31315e-25 9.85022e-27 2.93062e-28 8.72463e-30 2.59883e-31 7.7451e-33 2.30925e-34 6.88798e-36 2.05528e-37 6.13469e-39 1.83166e-40 5.47022e-42 1.59451e-43 4.75421e-45 1.42122e-46
0.0124187 0.000850183 2.28949e-05 6.50788e-07 1.87248e-08 5.40307e-10 1.56261e-11 4.5327e-13 1.3193e-14 3.85307e-16 1.12883e-17 3.31627e-19 9.76579e-21 2.88171e-22 8.51817e-24 2.52166e-25 7.47447e-27 2.21794e-28 6.58769e-30 1.95828e-31 5.82551e-33 1.73409e-34 5.16482e-36 1.53907e-37 4.58838e-39 1.36848e-40 4.08289e-42 1.20265e-43 3.58421e-45 1.06832e-46 3.1921e-48
0.000959373 2.99031e-05 7.16241e-07 1.87248e-08 5.10699e-10 1.42429e-11 4.02766e-13 1.15033e-14 3.31078e-16 9.58749e-18 2.7902e-19 8.1531e-21 2.39028e-22 7.02684e-24 2.07042e-25 6.11203e-27 1.80723e-28 5.35103e-30 1.58627e-31 4.70716e-33 1.39808e-34 4.15569e-36 1.23611e-37 3.67906e-39 1.09561e-40 3.26424e-42 9.66529e-44 2.87865e-45 8.57452e-47 2.55422e-48 7.62653e-50
5.09887e-05 9.57949e-07 2.16747e-08 5.40307e-10 1.42429e-11 3.8801e-13 1.0794e-14 3.04652e-16 8.6902e-18 2.49897e-19 7.2315e-21 2.10313e-22 6.14116e-24 1.79912e-25 5.28497e-27 1.55599e-28 4.5898e-30 1.35608e-31 4.01216e-33 1.18848e-34 3.5242e-36 1.04599e-37 3.10702e-39 9.23578e-41 2.74713e-42 8.14941e-44 2.42484e-45 7.21684e-47 2.14815e-48 6.39444e-50 1.90775e-51
2.26537e-06 2.94462e-08 6.45385e-10 1.56261e-11 4.02766e-13 1.0794e-14 2.96699e-16 8.29879e-18 2.35058e-19 6.72091e-21 1.93567e-22 5.60674e-24 1.63144e-25 4.76474e-27 1.39583e-28 4.09948e-30 1.20657e-31 3.5577e-33 1.05067e-34 3.10704e-36 9.19899e-38 2.72636e-39 8.08766e-41 2.40112e-42 7.12277e-44 2.11665e-45 6.29277e-47 1.87138e-48 5.56607e-50 1.65562e-51 4.93543e-53
9.08146e-08 8.87741e-10 1.9081e-11 4.5327e-13 1.15033e-14 3.04652e-16 8.29879e-18 2.30489e-19 6.49148e-21 1.84734e-22 5.29912e-24 1.52956e-25 4.43704e-27 1.29233e-28 3.77658e-30 1.1067e-31 3.25068e-33 9.56722e-35 2.8206e-36 8.32803e-38 2.4621e-39 7.28725e-41 2.15903e-42 6.39772e-44 1.89825e-45 5.63578e-47 1.67407e-48 4.97443e-50 1.47842e-51 4.39429e-53 1.30891e-54
3.41219e-09 2.65187e-11 5.62745e-13 1.3193e-14 3.31078e-16 8.6902e-18 2.35058e-19 6.49148e-21 1.81968e-22 5.15778e-24 1.4744e-25 4.24284e-27 1.22745e-28 3.56633e-30 1.03989e-31 3.04116e-33 8.91629e-35 2.61975e-36 7.71144e-38 2.27356e-39 6.71251e-41 1.98426e-42 5.86998e-44 1.73856e-45 5.15345e-47 1.52865e-48 4.53692e-50 1.34707e-51 4.00055e-53 1.18824e-54 3.53669e-56
1.22757e-10 7.88855e-13 1.6593e-14 3.85307e-16 9.58749e-18 2.49897e-19 6.72091e-21 1.84734e-22 5.15778e-24 1.45691e-25 4.15212e-27 1.19162e-28 3.43897e-30 9.96993e-32 2.90126e-33 8.46923e-35 2.47888e-36 7.27202e-38 2.13749e-39 6.29353e-41 1.8558e-42 5.47859e-44 1.6194e-45 4.79158e-47 1.41901e-48 4.20553e-50 1.24716e-51 3.70017e-53 1.09811e-54 3.25937e-56 9.69442e-58
4.28365e-12 2.34262e-14 4.89641e-16 1.12883e-17 2.7902e-19 7.2315e-21 1.93567e-22 5.29912e-24 1.4744e-25 4.15212e-27 1.18015e-28 3.37872e-30 9.72955e-32 2.81508e-33 8.17697e-35 2.38299e-36 6.96404e-38 2.04004e-39 5.98839e-41 1.76101e-42 5.18636e-44 1.52963e-45 4.51688e-47 1.33523e-48 3.95079e-50 1.16994e-51 3.46681e-53 1.02782e-54 3.04823e-56 9.0419e-58 2.68756e-59
1.4619e-13 6.95351e-16 1.44657e-17 3.31627e-19 8.1531e-21 2.10313e-22 5.60674e-24 1.52956e-25 4.24284e-27 1.19162e-28 3.37872e-30 9.65205e-32 2.77393e-33 8.01132e-35 2.32316e-36 6.75989e-38 1.9727e-39 5.77114e-41 1.69199e-42 4.96974e-44 1.46216e-45 4.30808e-47 1.27095e-48 3.75376e-50 1.10977e-51 3.28379e-53 9.7236e-55 2.88083e-56 8.53828e-58 2.53116e-59 7.51878e-61
4.90614e-15 2.06428e-17 4.27906e-19 9.76579e-21 2.39028e-22 6.14116e-24 1.63144e-25 4.43704e-27 1.22745e-28 3.43897e-30 9.72955e-32 2.77393e-33 7.95762e-35 2.29439e-36 6.64316e-38 1.93027e-39 5.62555e-41 1.64374e-42 4.81354e-44 1.41237e-45 4.15121e-47 1.22196e-48 3.60181e-50 1.06291e-51 3.13999e-53 9.28434e-55 2.74728e-56 8.13418e-58 2.40937e-59 7.13845e-61 2.11921e-62
1.62526e-16 6.13078e-19 1.26733e-20 2.88171e-22 7.02684e-24 1.79912e-25 4.76474e-27 1.29233e-28 3.56633e-30 9.96993e-32 2.81508e-33 8.01132e-35 2.29439e-36 6.60517e-38 1.90974e-39 5.54174e-41 1.6131e-42 4.70793e-44 1.37722e-45 4.03697e-47 1.18543e-48 3.48641e-50 1.02679e-51 3.02775e-53 8.93779e-55 2.6409e-56 7.80947e-58 2.31082e-59 6.84077e-61 2.02568e-62 6.01034e-64
5.32879e-18 1.8218e-20 3.75765e-22 8.51817e-24 2.07042e-25 5.28497e-27 1.39583e-28 3.77658e-30 1.03989e-31 2.90126e-33 8.17697e-35 2.32316e-36 6.64316e-38 1.90974e-39 5.51436e-41 1.59822e-42 4.64679e-44 1.35476e-45 3.95919e-47 1.15945e-48 3.40167e-50 9.99619e-52 2.94171e-53 8.66799e-55 2.55698e-56 7.5503e-58 2.23134e-59 6.59868e-61 1.95236e-62 5.77831e-64 1.71356e-65
1.73263e-19 5.41671e-22 1.11528e-23 2.52166e-25 6.11203e-27 1.55599e-28 4.09948e-30 1.1067e-31 3.04116e-33 8.46923e-35 2.38299e-36 6.75989e-38 1.93027e-39 5.54174e-41 1.59822e-42 4.62677e-44 1.34381e-45 3.91397e-47 1.14276e-48 3.34365e-50 9.80171e-52 2.8781e-53 8.46354e-55 2.49212e-56 7.3467e-58 2.168e-59 6.40333e-61 1.89259e-62 5.59672e-64 1.65563e-65 4.9073e-67
5.59484e-21 1.61146e-23 3.31315e-25 7.47447e-27 1.80723e-28 4.5898e-30 1.20657e-31 3.25068e-33 8.91629e-35 2.47888e-36 6.96404e-38 1.9727e-39 5.62555e-41 1.6131e-42 4.64679e-44 1.34381e-45 3.89912e-47 1.1346e-48 3.30978e-50 9.67624e-52 2.83433e-53 8.31641e-55 2.44388e-56 7.19138e-58 2.11868e-59 6.2485e-61 1.84451e-62 5.44883e-64 1.61052e-65 4.76203e-67 1.41079e-68
1.79621e-22 4.79667e-25 9.85022e-27 2.21794e-28 5.35103e-30 1.35608e-31 3.5577e-33 9.56722e-35 2.61975e-36 7.27202e-38 2.04004e-39 5.77114e-41 1.64374e-42 4.70793e-44 1.35476e-45 3.91397e-47 1.1346e-48 3.29865e-50 9.61472e-52 2.80871e-53 8.22114e-55 2.41055e-56 7.07905e-58 2.08179e-59 6.1296e-61 1.80676e-62 5.33057e-64 1.57391e-65 4.64982e-67 1.37426e-68 4.06952e-70
5.73838e-24 1.4285e-26 2.93062e-28 6.58769e-30 1.58627e-31 4.01216e-33 1.05067e-34 2.8206e-36 7.71144e-38 2.13749e-39 5.98839e-41 1.69199e-42 4.81354e-44 1.37722e-45 3.95919e-47 1.14276e-48 3.30978e-50 9.61472e-52 2.80027e-53 8.17432e-55 2.39098e-56 7.00608e-58 2.05619e-59 6.04321e-61 1.77836e-62 5.23909e-64 1.54493e-65 4.55941e-67 1.34638e-68 3.97758e-70 1.17734e-71
1.8255e-25 4.25624e-28 8.72463e-30 1.95828e-31 4.70716e-33 1.18848e-34 3.10704e-36 8.32803e-38 2.27356e-39 6.29353e-41 1.76101e-42 4.96974e-44 1.41237e-45 4.03697e-47 1.15945e-48 3.34365e-50 9.67624e-52 2.80871e-53 8.17432e-55 2.38453e-56 6.97014e-58 2.04113e-59 5.9869e-61 1.75858e-62 5.17228e-64 1.52299e-65 4.48892e-67 1.32417e-68 3.90855e-70 1.15422e-71 3.41501e-73
5.78599e-27 1.2687e-29 2.59883e-31 5.82551e-33 1.39808e-34 3.5242e-36 9.19899e-38 2.4621e-39 6.71251e-41 1.8558e-42 5.18636e-44 1.46216e-45 4.15121e-47 1.18543e-48 3.40167e-50 9.80171e-52 2.83433e-53 8.22114e-55 2.39098e-56 6.97014e-58 2.03615e-59 5.95912e-61 1.74691e-62 5.12858e-64 1.50763e-65 4.43712e-67 1.30721e-68 3.8544e-70 1.13724e-71 3.35703e-73 9.92852e-75
1.82797e-28 3.78324e-31 7.7451e-33 1.73409e-34 4.15569e-36 1.04599e-37 2.72636e-39 7.28725e-41 1.98426e-42 5.47859e-44 1.52963e-45 4.30808e-47 1.22196e-48 3.48641e-50 9.99619e-52 2.8781e-53 8.31641e-55 2.41055e-56 7.00608e-58 2.04113e-59 5.95912e-61 1.74305e-62 5.10698e-64 1.49855e-65 4.4031e-67 1.29528e-68 3.81431e-70 1.1242e-71 3.31564e-73 9.78386e-75 2.8925e-76
5.75863e-30 1.12857e-32 2.30925e-34 5.16482e-36 1.23611e-37 3.10702e-39 8.08766e-41 2.15903e-42 5.86998e-44 1.6194e-45 4.51688e-47 1.27095e-48 3.60181e-50 1.02679e-51 2.94171e-53 8.46354e-55 2.44388e-56 7.07905e-58 2.05619e-59 5.9869e-61 1.74691e-62 5.10698e-64 1.49554e-65 4.38624e-67 1.28819e-68 3.78784e-70 1.11497e-71 3.28486e-73 9.68446e-75 2.85668e-76 8.4424e-78
1.80952e-31 3.3677e-34 6.88798e-36 1.53907e-37 3.67906e-39 9.23578e-41 2.40112e-42 6.39772e-44 1.73856e-45 4.79158e-47 1.33523e-48 3.75376e-50 1.06291e-51 3.02775e-53 8.66799e-55 2.49212e-56 7.19138e-58 2.08179e-59 6.04321e-61 1.75858e-62 5.12858e-64 1.49855e-65 4.38624e-67 1.28584e-68 3.77468e-70 1.10945e-71 3.2644e-73 9.61372e-75 2.8333e-76 8.35468e-78 2.4682e-79
5.673e-33 1.00525e-35 2.05528e-37 4.58838e-39 1.09561e-40 2.74713e-42 7.12277e-44 1.89825e-45 5.15345e-47 1.41901e-48 3.95079e-50 1.10977e-51 3.13999e-53 8.93779e-55 2.55698e-56 7.3467e-58 2.11868e-59 6.1296e-61 1.77836e-62 5.17228e-64 1.50763e-65 4.4031e-67 1.28819e-68 3.77468e-70 1.10762e-71 3.25418e-73 9.57126e-75 2.81772e-76 8.30132e-78 2.44704e-79 7.2268e-81
1.77487e-34 3.00147e-37 6.13469e-39 1.36848e-40 3.26424e-42 8.14941e-44 2.11665e-45 5.63578e-47 1.52865e-48 4.20553e-50 1.16994e-51 3.28379e-53 9.28434e-55 2.6409e-56 7.5503e-58 2.168e-59 6.2485e-61 1.80676e-62 5.23909e-64 1.52299e-65 4.43712e-67 1.29528e-68 3.78784e-70 1.10945e-71 3.25418e-73 9.55709e-75 2.80991e-76 8.26928e-78 2.43541e-79 7.17677e-81 2.11881e-82
5.54254e-36 8.96407e-39 1.83166e-40 4.08289e-42 9.66529e-44 2.42484e-45 6.29277e-47 1.67407e-48 4.53692e-50 1.24716e-51 3.46681e-53 9.7236e-55 2.74728e-56 7.80947e-58 2.23134e-59 6.40333e-61 1.84451e-62 5.33057e-64 1.54493e-65 4.48892e-67 1.30721e-68 3.81431e-70 1.11497e-71 3.2644e-73 9.57126e-75 2.80991e-76 8.25857e-78 2.4296e-79 7.15319e-81 2.10729e-82 6.21947e-84
1.72787e-37 2.67781e-40 5.47022e-42 1.20265e-43 2.87865e-45 7.21684e-47 1.87138e-48 4.97443e-50 1.34707e-51 3.70017e-53 1.02782e-54 2.88083e-56 8.13418e-58 2.31082e-59 6.59868e-61 1.89259e-62 5.44883e-64 1.57391e-65 4.55941e-67 1.32417e-68 3.8544e-70 1.1242e-71 3.28486e-73 9.61372e-75 2.81772e-76 8.26928e-78 2.4296e-79 7.14536e-81 2.10308e-82 6.19379e-84 1.82749e-85
5.37816e-39 8.00074e-42 1.59451e-43 3.58421e-45 8.57452e-47 2.14815e-48 5.56607e-50 1.47842e-51 4.00055e-53 1.09811e-54 3.04823e-56 8.53828e-58 2.40937e-59 6.84077e-61 1.95236e-62 5.59672e-64 1.61052e-65 4.64982e-67 1.34638e-68 3.90855e-70 1.13724e-71 3.31564e-73 9.68446e-75 2.8333e-76 8.30132e-78 2.43541e-79 7.15319e-81 2.10308e-82 6.18818e-84 1.82198e-85 5.37427e-87
1.6715e-40 2.29165e-43 4.75421e-45 1.06832e-46 2.55422e-48 6.39444e-50 1.65562e-51 4.39429e-53 1.18824e-54 3.25937e-56 9.0419e-58 2.53116e-59 7.13845e-61 2.02568e-62 5.77831e-64 1.65563e-65 4.76203e-67 1.37426e-68 3.97758e-70 1.15422e-71 3.35703e-73 9.78386e-75 2.85668e-76 8.35468e-78 2.44704e-79 7.17677e-81 2.10729e-82 6.19379e-84 1.82198e-85 5.36303e-87 1.58151e-88
5.18841e-42 6.85099e-45 1.42122e-46 3.1921e-48 7.62653e-50 1.90775e-51 4.93543e-53 1.30891e-54 3.53669e-56 9.69442e-58 2.68756e-59 7.51878e-61 2.11921e-62 6.01034e-64 1.71356e-65 4.9073e-67 1.41079e-68 4.06952e-70 1.17734e-71 3.41501e-73 9.92852e-75 2.8925e-76 8.4424e-78 2.4682e-79 7.2268e-81 2.11881e-82 6.21947e-84 1.82749e-85 5.37427e-87 1.58151e-88 4.66242e-90
