0.725783 0.00368522 0.00328378 0.00292607 0.00260732 0.0023233 0.00207022 0.0018447 0.00164376 0.0014647 0.00130514 0.00116297 0.00103629 0.000923401 0.000822813 0.000733182 0.000653314 0.000582147 0.000518733 0.000462226 0.000411874 0.000367008 0.000327029 0.000291405 0.000259661 0.000231376 0.000206171 0.000183713 0.0001637 0.000145868 0.000129978 0.000115819 0.000103203 9.19608e-05 8.19433e-05 7.3017e-05 6.50631e-05 5.79756e-05 5.16602e-05 4.60327e-05 4.10183e-05 3.655e-05 3.25686e-05 2.90208e-05 2.58595e-05 2.30425e-05 2.05325e-05 1.82958e-05 1.63028e-05 1.45269e-05 1.29444e-05 1.15344e-05 1.02779e-05 9.15831e-06 8.16067e-06 7.27171e-06 6.47958e-06 5.77375e-06 5.1448e-06 4.58436e-06 4.08498e-06 3.63999e-06 3.24348e-06 2.89016e-06 2.57533e-06 2.29479e-06 2.04481e-06 1.82207e-06 1.62358e-06 1.44672e-06 1.28913e-06 1.1487e-06 1.02357e-06 9.12069e-07 8.12715e-07 7.24184e-07 6.45297e-07 5.75003e-07 5.12367e-07 4.56553e-07 4.0682e-07 3.62504e-07 3.23015e-07 2.87829e-07 2.56475e-07 2.28536e-07 2.03641e-07 1.81458e-07 1.61691e-07 1.44078e-07 1.28383e-07 1.14398e-07 1.01936e-07 9.08323e-08 8.09377e-08 7.2121e-08 6.42646e-08 5.72641e-08 5.10262e-08 4.54678e-08 4.05149e-08
0.00368522 0.000802113 0.000736897 0.000676371 0.000620288 0.000568397 0.000520451 0.000476206 0.000435424 0.000397877 0.000363343 0.000331611 0.000302481 0.000275763 0.000251276 0.000228851 0.000208331 0.000189566 0.000172416 0.000156754 0.000142458 0.000129416 0.000117526 0.00010669 9.682e-05 8.78346e-05 7.96579e-05 7.22203e-05 6.54579e-05 5.93118e-05 5.3728e-05 4.86568e-05 4.4053e-05 3.98748e-05 3.60841e-05 3.26461e-05 2.9529e-05 2.67036e-05 2.41433e-05 2.1824e-05 1.97234e-05 1.78216e-05 1.61e-05 1.4542e-05 1.31324e-05 1.18574e-05 1.07043e-05 9.66172e-06 8.71926e-06 7.86749e-06 7.09782e-06 6.40247e-06 5.7744e-06 5.20718e-06 4.69502e-06 4.23265e-06 3.81531e-06 3.43866e-06 3.0988e-06 2.79217e-06 2.51558e-06 2.26612e-06 2.04115e-06 1.83831e-06 1.65544e-06 1.49059e-06 1.34202e-06 1.20812e-06 1.08748e-06 9.78779e-07 8.80858e-07 7.92655e-07 7.13217e-07 6.4168e-07 5.77264e-07 5.19269e-07 4.67058e-07 4.20061e-07 3.7776e-07 3.39691e-07 3.05433e-07 2.74608e-07 2.46874e-07 2.21924e-07 1.9948e-07 1.79292e-07 1.61136e-07 1.44807e-07 1.30124e-07 1.16922e-07 1.05052e-07 9.43801e-08 8.47869e-08 7.61639e-08 6.84133e-08 6.14476e-08 5.51877e-08 4.95624e-08 4.45078e-08 3.99663e-08 3.5886e-08
0.00328378 0.000736897 0.000681195 0.000629017 0.000580242 0.000534736 0.000492352 0.000452942 0.00041635 0.000382422 0.000351004 0.000321947 0.000295102 0.000270327 0.000247486 0.000226446 0.000207084 0.000189279 0.00017292 0.000157899 0.000144118 0.000131483 0.000119905 0.000109302 9.95986e-05 9.07226e-05 8.26079e-05 7.5193e-05 6.84207e-05 6.22382e-05 5.65967e-05 5.1451e-05 4.67595e-05 4.24838e-05 3.85884e-05 3.5041e-05 3.18114e-05 2.88723e-05 2.61984e-05 2.37665e-05 2.15555e-05 1.95458e-05 1.77196e-05 1.60607e-05 1.45541e-05 1.31862e-05 1.19446e-05 1.08178e-05 9.79554e-06 8.86828e-06 8.02738e-06 7.26498e-06 6.57389e-06 5.94758e-06 5.38008e-06 4.86597e-06 4.40032e-06 3.97865e-06 3.59686e-06 3.25125e-06 2.93843e-06 2.65536e-06 2.39923e-06 2.16753e-06 1.95796e-06 1.76843e-06 1.59705e-06 1.4421e-06 1.30204e-06 1.17544e-06 1.06104e-06 9.57661e-07 8.64262e-07 7.79889e-07 7.0368e-07 6.34852e-07 5.72699e-07 5.1658e-07 4.65914e-07 4.20178e-07 3.78896e-07 3.41638e-07 3.08017e-07 2.77679e-07 2.50307e-07 2.25615e-07 2.03341e-07 1.8325e-07 1.65131e-07 1.48792e-07 1.34059e-07 1.20775e-07 1.08799e-07 9.80036e-08 8.82725e-08 7.95019e-08 7.15975e-08 6.44744e-08 5.80559e-08 5.22728e-08 4.70625e-08
0.00292607 0.000676371 0.000629017 0.00058422 0.000541957 0.000502182 0.000464832 0.00042983 0.000397091 0.00036652 0.000338018 0.000311486 0.000286821 0.00026392 0.000242682 0.00022301 0.000204805 0.000187976 0.000172433 0.00015809 0.000144865 0.000132681 0.000121464 0.000111145 0.000101658 9.29414e-05 8.4938e-05 7.75934e-05 7.08573e-05 6.46824e-05 5.90249e-05 5.3844e-05 4.91017e-05 4.47629e-05 4.0795e-05 3.71677e-05 3.38532e-05 3.08257e-05 2.80613e-05 2.5538e-05 2.32358e-05 2.11358e-05 1.92209e-05 1.74755e-05 1.58849e-05 1.44359e-05 1.31162e-05 1.19146e-05 1.08209e-05 9.82561e-06 8.92013e-06 8.09654e-06 7.34763e-06 6.66678e-06 6.04794e-06 5.4856e-06 4.9747e-06 4.51063e-06 4.0892e-06 3.70655e-06 3.35918e-06 3.04391e-06 2.75782e-06 2.49825e-06 2.2628e-06 2.04925e-06 1.85559e-06 1.68002e-06 1.52085e-06 1.37659e-06 1.24586e-06 1.1274e-06 1.02008e-06 9.22864e-07 8.34817e-07 7.55083e-07 6.82887e-07 6.17526e-07 5.5836e-07 5.04809e-07 4.56345e-07 4.12492e-07 3.72815e-07 3.3692e-07 3.04452e-07 2.75086e-07 2.48529e-07 2.24514e-07 2.02802e-07 1.83172e-07 1.65428e-07 1.49389e-07 1.34894e-07 1.21795e-07 1.09959e-07 9.92645e-08 8.9603e-08 8.08754e-08 7.29922e-08 6.58722e-08 5.94421e-08
0.00260732 0.000620288 0.000580242 0.000541957 0.000505482 0.000470841 0.000438034 0.000407044 0.000377837 0.000350369 0.000324587 0.00030043 0.000277833 0.000256727 0.000237041 0.000218706 0.000201648 0.000185797 0.000171084 0.000157441 0.000144802 0.000133105 0.000122287 0.000112291 0.000103062 9.45473e-05 8.66968e-05 7.94636e-05 7.28033e-05 6.66744e-05 6.10376e-05 5.58563e-05 5.10963e-05 4.67255e-05 4.2714e-05 3.9034e-05 3.56597e-05 3.2567e-05 2.97337e-05 2.71389e-05 2.47635e-05 2.25899e-05 2.06015e-05 1.87833e-05 1.71212e-05 1.56024e-05 1.42149e-05 1.29478e-05 1.17909e-05 1.07351e-05 9.77163e-06 8.8928e-06 8.09134e-06 7.36063e-06 6.69461e-06 6.08768e-06 5.53474e-06 5.0311e-06 4.57248e-06 4.15493e-06 3.77487e-06 3.429e-06 3.11431e-06 2.82804e-06 2.56769e-06 2.33094e-06 2.1157e-06 1.92006e-06 1.74225e-06 1.58068e-06 1.4339e-06 1.30057e-06 1.17948e-06 1.06952e-06 9.69687e-07 8.79061e-07 7.96805e-07 7.22157e-07 6.54424e-07 5.92974e-07 5.37231e-07 4.86673e-07 4.40822e-07 3.99248e-07 3.61555e-07 3.27385e-07 2.96414e-07 2.68345e-07 2.42908e-07 2.19861e-07 1.98981e-07 1.80067e-07 1.62934e-07 1.47418e-07 1.33367e-07 1.20644e-07 1.09125e-07 9.86974e-08 8.92581e-08 8.07146e-08 7.29826e-08
0.0023233 0.000568397 0.000534736 0.000502182 0.000470841 0.000440788 0.000412073 0.000384723 0.000358747 0.000334139 0.000310883 0.00028895 0.000268306 0.000248911 0.000230719 0.000213682 0.00019775 0.00018287 0.000168991 0.000156061 0.000144028 0.000132841 0.000122451 0.000112811 0.000103873 9.55944e-05 8.79316e-05 8.08444e-05 7.42942e-05 6.82443e-05 6.26603e-05 5.75094e-05 5.27609e-05 4.83858e-05 4.4357e-05 4.06489e-05 3.72378e-05 3.41014e-05 3.12189e-05 2.85709e-05 2.61395e-05 2.39078e-05 2.18603e-05 1.99824e-05 1.82608e-05 1.66831e-05 1.52377e-05 1.3914e-05 1.27021e-05 1.1593e-05 1.05782e-05 9.65008e-06 8.80138e-06 8.02557e-06 7.31658e-06 6.66883e-06 6.07718e-06 5.53692e-06 5.04371e-06 4.59355e-06 4.18279e-06 3.80807e-06 3.46629e-06 3.15464e-06 2.87052e-06 2.61155e-06 2.37554e-06 2.16052e-06 1.96465e-06 1.78626e-06 1.62382e-06 1.47593e-06 1.34132e-06 1.2188e-06 1.10732e-06 1.0059e-06 9.13644e-07 8.29737e-07 7.53436e-07 6.84064e-07 6.21e-07 5.63679e-07 5.11587e-07 4.64252e-07 4.21247e-07 3.82181e-07 3.46699e-07 3.14474e-07 2.85213e-07 2.58647e-07 2.34529e-07 2.12638e-07 1.9277e-07 1.7474e-07 1.58381e-07 1.43539e-07 1.30074e-07 1.17862e-07 1.06785e-07 9.67407e-08 8.76328e-08
0.00207022 0.000520451 0.000492352 0.000464832 0.000438034 0.000412073 0.000387034 0.000362979 0.000339949 0.00031797 0.000297053 0.000277196 0.000258391 0.000240618 0.000223854 0.00020807 0.000193234 0.00017931 0.00016626 0.000154047 0.00014263 0.000131972 0.000122031 0.00011277 0.00010415 9.61348e-05 8.86883e-05 8.1776e-05 7.53646e-05 6.94224e-05 6.39189e-05 5.88253e-05 5.41141e-05 4.97593e-05 4.57365e-05 4.20225e-05 3.85954e-05 3.54348e-05 3.25215e-05 2.98374e-05 2.73656e-05 2.50905e-05 2.29972e-05 2.10721e-05 1.93024e-05 1.76762e-05 1.61824e-05 1.48108e-05 1.35518e-05 1.23966e-05 1.1337e-05 1.03654e-05 9.47473e-06 8.65857e-06 7.91088e-06 7.22613e-06 6.59919e-06 6.02535e-06 5.50025e-06 5.01988e-06 4.58054e-06 4.17882e-06 3.8116e-06 3.476e-06 3.16935e-06 2.88924e-06 2.63341e-06 2.39982e-06 2.18657e-06 1.99194e-06 1.81433e-06 1.6523e-06 1.5045e-06 1.3697e-06 1.24679e-06 1.13475e-06 1.03262e-06 9.39541e-07 8.54735e-07 7.77475e-07 7.07101e-07 6.43011e-07 5.84652e-07 5.3152e-07 4.83155e-07 4.39135e-07 3.99076e-07 3.62628e-07 3.29468e-07 2.99305e-07 2.71872e-07 2.46925e-07 2.24242e-07 2.0362e-07 1.84873e-07 1.67835e-07 1.52351e-07 1.3828e-07 1.25497e-07 1.13883e-07 1.03334e-07
0.0018447 0.000476206 0.000452942 0.00042983 0.000407044 0.000384723 0.000362979 0.000341899 0.00032155 0.00030198 0.000283222 0.000265296 0.000248213 0.000231972 0.000216568 0.000201987 0.000188212 0.000175221 0.000162988 0.000151489 0.000140693 0.000130572 0.000121094 0.000112229 0.000103947 9.62178e-05 8.90108e-05 8.22972e-05 7.60488e-05 7.02382e-05 6.4839e-05 5.98259e-05 5.51746e-05 5.0862e-05 4.68661e-05 4.31659e-05 3.97416e-05 3.65746e-05 3.3647e-05 3.09423e-05 2.84448e-05 2.61398e-05 2.40134e-05 2.20527e-05 2.02456e-05 1.85808e-05 1.70478e-05 1.56366e-05 1.43381e-05 1.31438e-05 1.20456e-05 1.10363e-05 1.01089e-05 9.25713e-06 8.47501e-06 7.75709e-06 7.09832e-06 6.49399e-06 5.93978e-06 5.43166e-06 4.96594e-06 4.53919e-06 4.14826e-06 3.79023e-06 3.46241e-06 3.16234e-06 2.88772e-06 2.63645e-06 2.40661e-06 2.19642e-06 2.00423e-06 1.82854e-06 1.66797e-06 1.52124e-06 1.3872e-06 1.26476e-06 1.15295e-06 1.05087e-06 9.57672e-07 8.72612e-07 7.9499e-07 7.24168e-07 6.59563e-07 6.00636e-07 5.469e-07 4.97903e-07 4.53236e-07 4.12522e-07 3.75417e-07 3.41607e-07 3.10802e-07 2.82741e-07 2.57181e-07 2.33905e-07 2.1271e-07 1.93413e-07 1.75847e-07 1.59858e-07 1.45307e-07 1.32066e-07 1.20019e-07
0.00164376 0.000435424 0.00041635 0.000397091 0.000377837 0.000358747 0.000339949 0.00032155 0.000303633 0.000286264 0.000269494 0.000253359 0.000237884 0.000223085 0.000208969 0.000195537 0.000182783 0.000170696 0.000159264 0.000148469 0.000138291 0.00012871 0.000119704 0.000111247 0.000103318 9.58903e-05 8.89409e-05 8.24453e-05 7.63798e-05 7.0721e-05 6.54463e-05 6.05336e-05 5.59617e-05 5.17102e-05 4.77595e-05 4.40907e-05 4.06861e-05 3.75285e-05 3.46019e-05 3.18909e-05 2.9381e-05 2.70586e-05 2.49107e-05 2.29253e-05 2.1091e-05 1.9397e-05 1.78332e-05 1.63904e-05 1.50598e-05 1.3833e-05 1.27025e-05 1.1661e-05 1.0702e-05 9.81925e-06 9.00691e-06 8.25965e-06 7.57249e-06 6.9408e-06 6.36027e-06 5.82694e-06 5.3371e-06 4.88734e-06 4.4745e-06 4.09565e-06 3.74809e-06 3.42932e-06 3.13702e-06 2.86907e-06 2.6235e-06 2.39849e-06 2.19236e-06 2.00359e-06 1.83074e-06 1.6725e-06 1.52768e-06 1.39516e-06 1.27392e-06 1.16303e-06 1.06162e-06 9.68895e-07 8.84134e-07 8.06663e-07 7.3587e-07 6.7119e-07 6.12106e-07 5.58143e-07 5.08865e-07 4.63874e-07 4.22802e-07 3.85316e-07 3.51106e-07 3.19892e-07 2.91415e-07 2.6544e-07 2.41749e-07 2.20146e-07 2.00449e-07 1.82493e-07 1.66126e-07 1.51209e-07 1.37615e-07
0.0014647 0.000397877 0.000382422 0.00036652 0.000350369 0.000334139 0.00031797 0.00030198 0.000286264 0.000270903 0.000255957 0.000241477 0.000227499 0.000214051 0.000201151 0.000188811 0.000177034 0.000165821 0.000155166 0.000145061 0.000135494 0.000126452 0.000117919 0.000109878 0.00010231 9.51968e-05 8.85187e-05 8.22561e-05 7.63894e-05 7.08989e-05 6.57655e-05 6.09701e-05 5.64944e-05 5.23205e-05 4.84309e-05 4.48092e-05 4.14391e-05 3.83053e-05 3.53932e-05 3.26888e-05 3.01788e-05 2.78505e-05 2.5692e-05 2.36919e-05 2.18397e-05 2.01252e-05 1.8539e-05 1.70721e-05 1.57162e-05 1.44634e-05 1.33064e-05 1.22383e-05 1.12526e-05 1.03434e-05 9.50494e-06 8.73212e-06 8.02e-06 7.36405e-06 6.76003e-06 6.20402e-06 5.69236e-06 5.22166e-06 4.78877e-06 4.39076e-06 4.02495e-06 3.6888e-06 3.38001e-06 3.09641e-06 2.83603e-06 2.59703e-06 2.37769e-06 2.17646e-06 1.99188e-06 1.82261e-06 1.66742e-06 1.52518e-06 1.39482e-06 1.27538e-06 1.16597e-06 1.06577e-06 9.74013e-07 8.90016e-07 8.13134e-07 7.42776e-07 6.78401e-07 6.19512e-07 5.65651e-07 5.16396e-07 4.71362e-07 4.30195e-07 3.92567e-07 3.58182e-07 3.26764e-07 2.98062e-07 2.71845e-07 2.47902e-07 2.26039e-07 2.06078e-07 1.87856e-07 1.71224e-07 1.56046e-07
0.00130514 0.000363343 0.000351004 0.000338018 0.000324587 0.000310883 0.000297053 0.000283222 0.000269494 0.000255957 0.000242682 0.000229727 0.000217139 0.000204953 0.000193196 0.000181889 0.000171044 0.000160669 0.000150765 0.000141332 0.000132365 0.000123856 0.000115795 0.000108171 0.00010097 9.41789e-05 8.7782e-05 8.17637e-05 7.61082e-05 7.07994e-05 6.5821e-05 6.1157e-05 5.67917e-05 5.27094e-05 4.88949e-05 4.53337e-05 4.20113e-05 3.8914e-05 3.60287e-05 3.33425e-05 3.08433e-05 2.85196e-05 2.63603e-05 2.4355e-05 2.24936e-05 2.07668e-05 1.91657e-05 1.76818e-05 1.63073e-05 1.50346e-05 1.38567e-05 1.27671e-05 1.17596e-05 1.08283e-05 9.96787e-06 9.17317e-06 8.43947e-06 7.76234e-06 7.13763e-06 6.56149e-06 6.03031e-06 5.54075e-06 5.08969e-06 4.67424e-06 4.29169e-06 3.93955e-06 3.61549e-06 3.31735e-06 3.04314e-06 2.79101e-06 2.55924e-06 2.34623e-06 2.15053e-06 1.97076e-06 1.80567e-06 1.6541e-06 1.51497e-06 1.38729e-06 1.27014e-06 1.16268e-06 1.06413e-06 9.73765e-07 8.90925e-07 8.14998e-07 7.45422e-07 6.81676e-07 6.23284e-07 5.69806e-07 5.20837e-07 4.76006e-07 4.34969e-07 3.97413e-07 3.63047e-07 3.31607e-07 3.02847e-07 2.76544e-07 2.52491e-07 2.305e-07 2.10397e-07 1.92022e-07 1.7523e-07
0.00116297 0.000331611 0.000321947 0.000311486 0.00030043 0.00028895 0.000277196 0.000265296 0.000253359 0.000241477 0.000229727 0.000218174 0.000206871 0.00019586 0.000185175 0.000174843 0.000164882 0.000155307 0.000146126 0.000137343 0.00012896 0.000120974 0.00011338 0.000106172 9.93404e-05 9.28755e-05 8.67661e-05 8.10004e-05 7.55655e-05 7.04486e-05 6.56364e-05 6.11153e-05 5.68721e-05 5.28933e-05 4.91659e-05 4.56768e-05 4.24137e-05 3.93641e-05 3.65162e-05 3.38586e-05 3.13803e-05 2.90707e-05 2.69197e-05 2.49176e-05 2.30552e-05 2.13237e-05 1.97147e-05 1.82205e-05 1.68335e-05 1.55467e-05 1.43534e-05 1.32473e-05 1.22225e-05 1.12734e-05 1.03948e-05 9.58182e-06 8.82984e-06 8.13454e-06 7.49191e-06 6.89816e-06 6.34976e-06 5.84344e-06 5.37612e-06 4.94493e-06 4.54721e-06 4.18047e-06 3.84241e-06 3.53087e-06 3.24386e-06 2.97951e-06 2.73612e-06 2.51207e-06 2.30588e-06 2.11619e-06 1.94171e-06 1.78126e-06 1.63375e-06 1.49817e-06 1.37359e-06 1.25913e-06 1.154e-06 1.05746e-06 9.68831e-07 8.87474e-07 8.12811e-07 7.44306e-07 6.81462e-07 6.23824e-07 5.7097e-07 5.22513e-07 4.78094e-07 4.37385e-07 4.00083e-07 3.65908e-07 3.34604e-07 3.05934e-07 2.79681e-07 2.55646e-07 2.33644e-07 2.13507e-07 1.9508e-07
0.00103629 0.000302481 0.000295102 0.000286821 0.000277833 0.000268306 0.000258391 0.000248213 0.000237884 0.000227499 0.000217139 0.000206871 0.000196753 0.000186833 0.000177149 0.000167733 0.000158608 0.000149794 0.000141305 0.000133149 0.000125332 0.000117856 0.000110721 0.000103924 9.74603e-05 9.1323e-05 8.55047e-05 7.99966e-05 7.4789e-05 6.98718e-05 6.52343e-05 6.08654e-05 5.67539e-05 5.28885e-05 4.9258e-05 4.58513e-05 4.26572e-05 3.9665e-05 3.68642e-05 3.42445e-05 3.1796e-05 2.9509e-05 2.73744e-05 2.53833e-05 2.35272e-05 2.17979e-05 2.01878e-05 1.86894e-05 1.72958e-05 1.60003e-05 1.47965e-05 1.36786e-05 1.26409e-05 1.16781e-05 1.07852e-05 9.95738e-06 9.19032e-06 8.47982e-06 7.82197e-06 7.21309e-06 6.64975e-06 6.12874e-06 5.64704e-06 5.20184e-06 4.79052e-06 4.41061e-06 4.05984e-06 3.73606e-06 3.4373e-06 3.16169e-06 2.90752e-06 2.6732e-06 2.45722e-06 2.2582e-06 2.07487e-06 1.90603e-06 1.75057e-06 1.60748e-06 1.47579e-06 1.35463e-06 1.24318e-06 1.14069e-06 1.04645e-06 9.59833e-07 8.80227e-07 8.07083e-07 7.3989e-07 6.78177e-07 6.21509e-07 5.69483e-07 5.21728e-07 4.77902e-07 4.3769e-07 4.00799e-07 3.66963e-07 3.35933e-07 3.07481e-07 2.81399e-07 2.57492e-07 2.35583e-07 2.15509e-07
0.000923401 0.000275763 0.000270327 0.00026392 0.000256727 0.000248911 0.000240618 0.000231972 0.000223085 0.000214051 0.000204953 0.00019586 0.000186833 0.000177923 0.000169171 0.000160612 0.000152276 0.000144183 0.000136353 0.000128798 0.000121527 0.000114547 0.00010786 0.000101467 9.53664e-05 8.95553e-05 8.40288e-05 7.8781e-05 7.38049e-05 6.90929e-05 6.46364e-05 6.04267e-05 5.64546e-05 5.27107e-05 4.91856e-05 4.58695e-05 4.2753e-05 3.98267e-05 3.70812e-05 3.45075e-05 3.20966e-05 2.98399e-05 2.77291e-05 2.5756e-05 2.39129e-05 2.21923e-05 2.0587e-05 1.90902e-05 1.76954e-05 1.63962e-05 1.51868e-05 1.40616e-05 1.30151e-05 1.20424e-05 1.11387e-05 1.02995e-05 9.52043e-06 8.79757e-06 8.12713e-06 7.50556e-06 6.92951e-06 6.39586e-06 5.90166e-06 5.44417e-06 5.02081e-06 4.62916e-06 4.26698e-06 3.93214e-06 3.6227e-06 3.3368e-06 3.07274e-06 2.82892e-06 2.60386e-06 2.39617e-06 2.20456e-06 2.02784e-06 1.86489e-06 1.71469e-06 1.57625e-06 1.44871e-06 1.33122e-06 1.22303e-06 1.12342e-06 1.03172e-06 9.47339e-07 8.697e-07 7.98282e-07 7.326e-07 6.72207e-07 6.16688e-07 5.6566e-07 5.18769e-07 4.75688e-07 4.36115e-07 3.99772e-07 3.664e-07 3.35763e-07 3.07641e-07 2.81833e-07 2.58152e-07 2.36427e-07
0.000822813 0.000251276 0.000247486 0.000242682 0.000237041 0.000230719 0.000223854 0.000216568 0.000208969 0.000201151 0.000193196 0.000185175 0.000177149 0.000169171 0.000161284 0.000153527 0.00014593 0.00013852 0.000131315 0.000124334 0.000117588 0.000111085 0.000104833 9.88352e-05 9.30921e-05 8.76036e-05 8.23676e-05 7.73806e-05 7.2638e-05 6.81343e-05 6.38633e-05 5.98181e-05 5.59913e-05 5.23753e-05 4.89622e-05 4.57438e-05 4.2712e-05 3.98587e-05 3.71757e-05 3.4655e-05 3.22887e-05 3.0069e-05 2.79885e-05 2.60398e-05 2.42158e-05 2.25097e-05 2.09148e-05 1.94249e-05 1.80338e-05 1.67357e-05 1.55251e-05 1.43967e-05 1.33454e-05 1.23665e-05 1.14555e-05 1.0608e-05 9.81988e-06 9.08743e-06 8.40696e-06 7.77504e-06 7.18846e-06 6.64417e-06 6.13933e-06 5.67124e-06 5.2374e-06 4.83543e-06 4.46313e-06 4.11843e-06 3.79939e-06 3.50418e-06 3.23112e-06 2.97863e-06 2.74522e-06 2.52951e-06 2.33023e-06 2.14617e-06 1.97621e-06 1.81932e-06 1.67454e-06 1.54095e-06 1.41774e-06 1.30411e-06 1.19936e-06 1.10281e-06 1.01383e-06 9.31864e-07 8.56364e-07 7.86838e-07 7.22827e-07 6.63907e-07 6.09685e-07 5.59795e-07 5.13902e-07 4.71693e-07 4.3288e-07 3.97197e-07 3.64398e-07 3.34255e-07 3.06559e-07 2.81114e-07 2.57744e-07
0.000733182 0.000228851 0.000226446 0.00022301 0.000218706 0.000213682 0.00020807 0.000201987 0.000195537 0.000188811 0.000181889 0.000174843 0.000167733 0.000160612 0.000153527 0.000146516 0.000139612 0.000132842 0.000126231 0.000119795 0.00011355 0.000107508 0.000101677 9.60621e-05 9.06682e-05 8.54967e-05 8.05478e-05 7.58202e-05 7.13113e-05 6.70176e-05 6.29347e-05 5.90575e-05 5.53804e-05 5.18971e-05 4.86013e-05 4.54862e-05 4.2545e-05 3.97707e-05 3.71563e-05 3.46947e-05 3.2379e-05 3.02023e-05 2.81579e-05 2.62392e-05 2.44398e-05 2.27534e-05 2.11739e-05 1.96957e-05 1.83129e-05 1.70203e-05 1.58126e-05 1.46849e-05 1.36325e-05 1.26509e-05 1.17357e-05 1.08829e-05 1.00887e-05 9.34924e-06 8.66118e-06 8.02121e-06 7.4262e-06 6.87323e-06 6.35954e-06 5.88252e-06 5.43973e-06 5.02885e-06 4.64774e-06 4.29436e-06 3.9668e-06 3.66327e-06 3.38212e-06 3.12177e-06 2.88076e-06 2.65772e-06 2.45137e-06 2.26052e-06 2.08406e-06 1.92095e-06 1.77022e-06 1.63096e-06 1.50235e-06 1.38358e-06 1.27395e-06 1.17277e-06 1.07941e-06 9.93295e-07 9.13873e-07 8.40644e-07 7.7314e-07 7.10927e-07 6.53603e-07 6.00795e-07 5.52158e-07 5.07372e-07 4.6614e-07 4.28187e-07 3.9326e-07 3.61124e-07 3.31561e-07 3.04371e-07 2.79367e-07
0.000653314 0.000208331 0.000207084 0.000204805 0.000201648 0.00019775 0.000193234 0.000188212 0.000182783 0.000177034 0.000171044 0.000164882 0.000158608 0.000152276 0.00014593 0.000139612 0.000133354 0.000127187 0.000121134 0.000115216 0.000109449 0.000103847 9.84203e-05 9.3177e-05 8.81227e-05 8.32612e-05 7.85945e-05 7.41232e-05 6.98466e-05 6.57628e-05 6.18691e-05 5.8162e-05 5.46372e-05 5.12902e-05 4.81158e-05 4.51085e-05 4.22626e-05 3.95723e-05 3.70314e-05 3.46341e-05 3.23742e-05 3.02457e-05 2.82425e-05 2.63588e-05 2.45888e-05 2.29268e-05 2.13673e-05 1.99051e-05 1.85349e-05 1.72517e-05 1.60507e-05 1.49274e-05 1.38773e-05 1.28961e-05 1.19799e-05 1.11247e-05 1.03269e-05 9.58305e-06 8.88975e-06 8.24389e-06 7.6425e-06 7.08274e-06 6.56195e-06 6.07763e-06 5.62738e-06 5.20899e-06 4.82033e-06 4.45944e-06 4.12444e-06 3.81359e-06 3.52525e-06 3.25787e-06 3.01002e-06 2.78033e-06 2.56755e-06 2.37049e-06 2.18804e-06 2.01917e-06 1.86292e-06 1.71837e-06 1.5847e-06 1.46111e-06 1.34688e-06 1.24132e-06 1.1438e-06 1.05373e-06 9.70562e-07 8.93786e-07 8.22926e-07 7.57541e-07 6.97223e-07 6.41591e-07 5.90292e-07 5.42998e-07 4.99407e-07 4.59237e-07 4.22226e-07 3.88133e-07 3.56735e-07 3.27824e-07 3.01208e-07
0.000582147 0.000189566 0.000189279 0.000187976 0.000185797 0.00018287 0.00017931 0.000175221 0.000170696 0.000165821 0.000160669 0.000155307 0.000149794 0.000144183 0.00013852 0.000132842 0.000127187 0.000121583 0.000116055 0.000110626 0.000105313 0.000100131 9.50925e-05 9.02068e-05 8.54813e-05 8.09213e-05 7.65306e-05 7.23111e-05 6.82639e-05 6.43886e-05 6.06838e-05 5.71475e-05 5.37768e-05 5.05684e-05 4.75182e-05 4.46219e-05 4.1875e-05 3.92726e-05 3.68096e-05 3.44808e-05 3.22811e-05 3.02051e-05 2.82475e-05 2.64031e-05 2.46668e-05 2.30335e-05 2.14981e-05 2.00558e-05 1.87019e-05 1.74318e-05 1.62411e-05 1.51255e-05 1.40808e-05 1.31031e-05 1.21887e-05 1.13338e-05 1.0535e-05 9.78906e-06 9.09276e-06 8.44311e-06 7.83727e-06 7.27254e-06 6.74635e-06 6.25629e-06 5.80006e-06 5.37549e-06 4.98055e-06 4.6133e-06 4.27194e-06 3.95474e-06 3.66011e-06 3.38654e-06 3.1326e-06 2.89696e-06 2.67838e-06 2.47569e-06 2.28778e-06 2.11363e-06 1.95229e-06 1.80285e-06 1.66448e-06 1.53639e-06 1.41785e-06 1.30817e-06 1.20673e-06 1.11292e-06 1.0262e-06 9.46044e-07 8.71979e-07 8.03557e-07 7.40362e-07 6.8201e-07 6.28141e-07 5.78421e-07 5.32542e-07 4.90215e-07 4.51173e-07 4.1517e-07 3.81975e-07 3.51376e-07 3.23175e-07
0.000518733 0.000172416 0.00017292 0.000172433 0.000171084 0.000168991 0.00016626 0.000162988 0.000159264 0.000155166 0.000150765 0.000146126 0.000141305 0.000136353 0.000131315 0.000126231 0.000121134 0.000116055 0.00011102 0.000106052 0.000101168 9.63859e-05 9.17181e-05 8.71757e-05 8.27671e-05 7.84992e-05 7.43769e-05 7.04038e-05 6.6582e-05 6.29125e-05 5.93952e-05 5.60293e-05 5.28131e-05 4.97444e-05 4.68202e-05 4.40374e-05 4.13922e-05 3.88808e-05 3.64989e-05 3.42422e-05 3.21063e-05 3.00865e-05 2.81783e-05 2.63771e-05 2.46782e-05 2.30771e-05 2.15694e-05 2.01507e-05 1.88165e-05 1.75629e-05 1.63855e-05 1.52806e-05 1.42443e-05 1.32729e-05 1.23629e-05 1.15108e-05 1.07134e-05 9.96765e-06 9.27045e-06 8.61899e-06 8.01057e-06 7.44261e-06 6.91265e-06 6.41837e-06 5.95756e-06 5.52814e-06 5.12813e-06 4.75566e-06 4.40897e-06 4.0864e-06 3.78637e-06 3.50742e-06 3.24816e-06 3.00727e-06 2.78352e-06 2.57578e-06 2.38295e-06 2.20402e-06 2.03803e-06 1.8841e-06 1.7414e-06 1.60914e-06 1.4866e-06 1.37308e-06 1.26796e-06 1.17064e-06 1.08056e-06 9.9721e-07 9.20102e-07 8.48788e-07 7.82847e-07 7.2189e-07 6.65553e-07 6.13497e-07 5.65409e-07 5.20996e-07 4.79985e-07 4.42124e-07 4.07179e-07 3.74932e-07 3.4518e-07
0.000462226 0.000156754 0.000157899 0.00015809 0.000157441 0.000156061 0.000154047 0.000151489 0.000148469 0.000145061 0.000141332 0.000137343 0.000133149 0.000128798 0.000124334 0.000119795 0.000115216 0.000110626 0.000106052 0.000101516 9.70375e-05 9.26341e-05 8.83193e-05 8.41051e-05 8.0001e-05 7.60149e-05 7.21529e-05 6.84195e-05 6.48181e-05 6.13507e-05 5.80185e-05 5.48216e-05 5.17594e-05 4.88306e-05 4.60334e-05 4.33653e-05 4.08238e-05 3.84056e-05 3.61074e-05 3.39255e-05 3.18563e-05 2.98959e-05 2.80402e-05 2.62853e-05 2.46271e-05 2.30616e-05 2.15847e-05 2.01926e-05 1.88813e-05 1.7647e-05 1.6486e-05 1.53946e-05 1.43693e-05 1.34067e-05 1.25036e-05 1.16566e-05 1.08629e-05 1.01193e-05 9.42321e-06 8.77182e-06 8.16258e-06 7.59304e-06 7.06086e-06 6.56382e-06 6.0998e-06 5.66679e-06 5.2629e-06 4.88631e-06 4.53532e-06 4.20831e-06 3.90377e-06 3.62026e-06 3.35641e-06 3.11096e-06 2.88269e-06 2.67048e-06 2.47327e-06 2.29004e-06 2.11987e-06 1.96186e-06 1.81521e-06 1.67912e-06 1.55288e-06 1.43581e-06 1.32727e-06 1.22667e-06 1.13345e-06 1.04709e-06 9.67114e-07 8.93061e-07 8.24513e-07 7.61075e-07 7.02381e-07 6.48089e-07 5.9788e-07 5.51458e-07 5.08547e-07 4.6889e-07 4.32248e-07 3.984e-07 3.67138e-07
0.000411874 0.000142458 0.000144118 0.000144865 0.000144802 0.000144028 0.00014263 0.000140693 0.000138291 0.000135494 0.000132365 0.00012896 0.000125332 0.000121527 0.000117588 0.00011355 0.000109449 0.000105313 0.000101168 9.70375e-05 9.29409e-05 8.88954e-05 8.49158e-05 8.10144e-05 7.72018e-05 7.34866e-05 6.98758e-05 6.63748e-05 6.2988e-05 5.97183e-05 5.65678e-05 5.35376e-05 5.0628e-05 4.78385e-05 4.51683e-05 4.26157e-05 4.01788e-05 3.78554e-05 3.56426e-05 3.35378e-05 3.15376e-05 2.9639e-05 2.78385e-05 2.61326e-05 2.45178e-05 2.29906e-05 2.15474e-05 2.01846e-05 1.88989e-05 1.76866e-05 1.65444e-05 1.54691e-05 1.44573e-05 1.35059e-05 1.26118e-05 1.17722e-05 1.0984e-05 1.02447e-05 9.55155e-06 8.90198e-06 8.29359e-06 7.72404e-06 7.19112e-06 6.69271e-06 6.22678e-06 5.7914e-06 5.38476e-06 5.00512e-06 4.65082e-06 4.32031e-06 4.01211e-06 3.72483e-06 3.45715e-06 3.20781e-06 2.97565e-06 2.75956e-06 2.55849e-06 2.37147e-06 2.19756e-06 2.0359e-06 1.88567e-06 1.74611e-06 1.6165e-06 1.49616e-06 1.38446e-06 1.28082e-06 1.18468e-06 1.09551e-06 1.01284e-06 9.36216e-07 8.65207e-07 7.99421e-07 7.38489e-07 6.82067e-07 6.29833e-07 5.81488e-07 5.36752e-07 4.95366e-07 4.57087e-07 4.2169e-07 3.88965e-07
0.000367008 0.000129416 0.000131483 0.000132681 0.000133105 0.000132841 0.000131972 0.000130572 0.00012871 0.000126452 0.000123856 0.000120974 0.000117856 0.000114547 0.000111085 0.000107508 0.000103847 0.000100131 9.63859e-05 9.26341e-05 8.88954e-05 8.51873e-05 8.15248e-05 7.79208e-05 7.43864e-05 7.09307e-05 6.75615e-05 6.4285e-05 6.11063e-05 5.80291e-05 5.50563e-05 5.21897e-05 4.94305e-05 4.6779e-05 4.42351e-05 4.17978e-05 3.94661e-05 3.72382e-05 3.51122e-05 3.30858e-05 3.11565e-05 2.93216e-05 2.75783e-05 2.59236e-05 2.43546e-05 2.2868e-05 2.14608e-05 2.01298e-05 1.88719e-05 1.7684e-05 1.6563e-05 1.5506e-05 1.45098e-05 1.35717e-05 1.26888e-05 1.18584e-05 1.10779e-05 1.03446e-05 9.65607e-06 9.00997e-06 8.40398e-06 7.83591e-06 7.30365e-06 6.80518e-06 6.33858e-06 5.90201e-06 5.49372e-06 5.11204e-06 4.7554e-06 4.42228e-06 4.11126e-06 3.82099e-06 3.55019e-06 3.29765e-06 3.06222e-06 2.84282e-06 2.63843e-06 2.44809e-06 2.2709e-06 2.106e-06 1.95258e-06 1.8099e-06 1.67724e-06 1.55393e-06 1.43935e-06 1.33292e-06 1.23408e-06 1.14231e-06 1.05714e-06 9.78102e-07 9.04786e-07 8.36791e-07 7.73746e-07 7.15307e-07 6.6115e-07 6.10973e-07 5.64496e-07 5.21454e-07 4.81604e-07 4.44717e-07 4.1058e-07
0.000327029 0.000117526 0.000119905 0.000121464 0.000122287 0.000122451 0.000122031 0.000121094 0.000119704 0.000117919 0.000115795 0.00011338 0.000110721 0.00010786 0.000104833 0.000101677 9.84203e-05 9.50925e-05 9.17181e-05 8.83193e-05 8.49158e-05 8.15248e-05 7.81616e-05 7.48394e-05 7.15696e-05 6.83618e-05 6.52243e-05 6.21639e-05 5.91862e-05 5.62958e-05 5.34959e-05 5.07894e-05 4.81778e-05 4.56623e-05 4.32433e-05 4.09207e-05 3.86939e-05 3.65618e-05 3.45231e-05 3.25761e-05 3.07188e-05 2.89491e-05 2.72647e-05 2.5663e-05 2.41415e-05 2.26976e-05 2.13284e-05 2.00312e-05 1.88032e-05 1.76418e-05 1.6544e-05 1.55072e-05 1.45287e-05 1.36058e-05 1.27359e-05 1.19166e-05 1.11453e-05 1.04197e-05 9.73748e-06 9.09637e-06 8.49425e-06 7.92904e-06 7.39875e-06 6.90148e-06 6.43538e-06 5.99872e-06 5.58983e-06 5.20711e-06 4.84903e-06 4.51417e-06 4.20114e-06 3.90863e-06 3.63542e-06 3.38032e-06 3.14223e-06 2.92009e-06 2.71291e-06 2.51975e-06 2.33973e-06 2.172e-06 2.01578e-06 1.87033e-06 1.73494e-06 1.60896e-06 1.49178e-06 1.3828e-06 1.28149e-06 1.18733e-06 1.09985e-06 1.01858e-06 9.43118e-07 8.73058e-07 8.08033e-07 7.47696e-07 6.91724e-07 6.39813e-07 5.9168e-07 5.47062e-07 5.05711e-07 4.67397e-07 4.31906e-07
0.000291405 0.00010669 0.000109302 0.000111145 0.000112291 0.000112811 0.00011277 0.000112229 0.000111247 0.000109878 0.000108171 0.000106172 0.000103924 0.000101467 9.88352e-05 9.60621e-05 9.3177e-05 9.02068e-05 8.71757e-05 8.41051e-05 8.10144e-05 7.79208e-05 7.48394e-05 7.17835e-05 6.87647e-05 6.5793e-05 6.2877e-05 6.00239e-05 5.72399e-05 5.45299e-05 5.18979e-05 4.93471e-05 4.68799e-05 4.44978e-05 4.22019e-05 3.99927e-05 3.787e-05 3.58334e-05 3.38821e-05 3.2015e-05 3.02305e-05 2.8527e-05 2.69026e-05 2.53553e-05 2.38828e-05 2.2483e-05 2.11535e-05 1.98918e-05 1.86956e-05 1.75623e-05 1.64895e-05 1.54748e-05 1.45156e-05 1.36096e-05 1.27545e-05 1.19478e-05 1.11874e-05 1.0471e-05 9.79655e-06 9.16185e-06 8.56495e-06 8.00389e-06 7.4768e-06 6.98189e-06 6.51741e-06 6.08172e-06 5.67322e-06 5.29038e-06 4.93177e-06 4.59599e-06 4.28172e-06 3.98771e-06 3.71277e-06 3.45576e-06 3.2156e-06 2.99128e-06 2.78182e-06 2.58632e-06 2.4039e-06 2.23376e-06 2.07512e-06 1.92725e-06 1.78946e-06 1.66111e-06 1.54159e-06 1.43033e-06 1.32679e-06 1.23045e-06 1.14085e-06 1.05753e-06 9.80083e-07 9.08109e-07 8.41239e-07 7.79128e-07 7.21452e-07 6.67909e-07 6.18215e-07 5.72103e-07 5.29327e-07 4.89654e-07 4.52868e-07
0.000259661 9.682e-05 9.95986e-05 0.000101658 0.000103062 0.000103873 0.00010415 0.000103947 0.000103318 0.00010231 0.00010097 9.93404e-05 9.74603e-05 9.53664e-05 9.30921e-05 9.06682e-05 8.81227e-05 8.54813e-05 8.27671e-05 8.0001e-05 7.72018e-05 7.43864e-05 7.15696e-05 6.87647e-05 6.59835e-05 6.3236e-05 6.0531e-05 5.78763e-05 5.52782e-05 5.2742e-05 5.02724e-05 4.78728e-05 4.55461e-05 4.32944e-05 4.11192e-05 3.90216e-05 3.70018e-05 3.506e-05 3.31958e-05 3.14085e-05 2.96971e-05 2.80603e-05 2.64967e-05 2.50047e-05 2.35825e-05 2.22281e-05 2.09396e-05 1.97148e-05 1.85518e-05 1.74482e-05 1.64019e-05 1.54107e-05 1.44724e-05 1.35849e-05 1.27459e-05 1.19534e-05 1.12053e-05 1.04995e-05 9.83413e-06 9.20714e-06 8.6167e-06 8.06099e-06 7.53825e-06 7.0468e-06 6.58498e-06 6.15124e-06 5.74407e-06 5.36201e-06 5.0037e-06 4.66779e-06 4.35304e-06 4.05823e-06 3.78221e-06 3.5239e-06 3.28226e-06 3.05629e-06 2.84506e-06 2.64768e-06 2.46331e-06 2.29116e-06 2.13048e-06 1.98054e-06 1.84067e-06 1.71026e-06 1.58868e-06 1.47539e-06 1.36984e-06 1.27154e-06 1.18002e-06 1.09484e-06 1.01557e-06 9.41836e-07 8.73261e-07 8.09504e-07 7.50242e-07 6.95173e-07 6.44012e-07 5.96495e-07 5.52373e-07 5.11414e-07 4.73399e-07
0.000231376 8.78346e-05 9.07226e-05 9.29414e-05 9.45473e-05 9.55944e-05 9.61348e-05 9.62178e-05 9.58903e-05 9.51968e-05 9.41789e-05 9.28755e-05 9.1323e-05 8.95553e-05 8.76036e-05 8.54967e-05 8.32612e-05 8.09213e-05 7.84992e-05 7.60149e-05 7.34866e-05 7.09307e-05 6.83618e-05 6.5793e-05 6.3236e-05 6.07008e-05 5.81966e-05 5.57311e-05 5.33109e-05 5.09418e-05 4.86286e-05 4.63752e-05 4.41849e-05 4.20602e-05 4.0003e-05 3.80147e-05 3.60963e-05 3.42481e-05 3.24702e-05 3.07623e-05 2.91239e-05 2.7554e-05 2.60517e-05 2.46156e-05 2.32443e-05 2.19363e-05 2.06898e-05 1.95031e-05 1.83744e-05 1.73018e-05 1.62833e-05 1.5317e-05 1.4401e-05 1.35332e-05 1.27117e-05 1.19347e-05 1.12001e-05 1.05062e-05 9.85111e-06 9.23301e-06 8.65018e-06 8.10093e-06 7.58361e-06 7.09662e-06 6.63844e-06 6.20759e-06 5.80263e-06 5.42219e-06 5.06497e-06 4.72969e-06 4.41516e-06 4.12022e-06 3.84377e-06 3.58475e-06 3.34217e-06 3.11508e-06 2.90257e-06 2.70378e-06 2.51789e-06 2.34413e-06 2.18176e-06 2.0301e-06 1.88848e-06 1.75629e-06 1.63293e-06 1.51786e-06 1.41055e-06 1.31051e-06 1.21727e-06 1.1304e-06 1.04949e-06 9.74145e-07 9.04009e-07 8.38736e-07 7.78008e-07 7.21521e-07 6.68995e-07 6.20163e-07 5.74778e-07 5.32606e-07 4.93431e-07
0.000206171 7.96579e-05 8.26079e-05 8.4938e-05 8.66968e-05 8.79316e-05 8.86883e-05 8.90108e-05 8.89409e-05 8.85187e-05 8.7782e-05 8.67661e-05 8.55047e-05 8.40288e-05 8.23676e-05 8.05478e-05 7.85945e-05 7.65306e-05 7.43769e-05 7.21529e-05 6.98758e-05 6.75615e-05 6.52243e-05 6.2877e-05 6.0531e-05 5.81966e-05 5.58827e-05 5.35972e-05 5.13469e-05 4.91378e-05 4.69749e-05 4.48625e-05 4.28041e-05 4.08026e-05 3.88604e-05 3.69791e-05 3.51599e-05 3.34038e-05 3.17111e-05 3.00819e-05 2.8516e-05 2.70129e-05 2.55719e-05 2.4192e-05 2.28722e-05 2.16111e-05 2.04075e-05 1.92597e-05 1.81663e-05 1.71257e-05 1.6136e-05 1.51957e-05 1.4303e-05 1.34562e-05 1.26534e-05 1.18929e-05 1.11731e-05 1.04922e-05 9.84845e-06 9.24032e-06 8.66614e-06 8.12435e-06 7.61341e-06 7.13184e-06 6.6782e-06 6.25109e-06 5.84917e-06 5.47115e-06 5.11577e-06 4.78184e-06 4.4682e-06 4.17377e-06 3.89748e-06 3.63834e-06 3.39536e-06 3.16765e-06 2.95433e-06 2.75457e-06 2.56757e-06 2.39259e-06 2.22891e-06 2.07586e-06 1.93281e-06 1.79913e-06 1.67427e-06 1.55767e-06 1.44883e-06 1.34726e-06 1.2525e-06 1.16413e-06 1.08174e-06 1.00495e-06 9.33398e-07 8.66743e-07 8.0467e-07 7.46879e-07 6.93089e-07 6.43036e-07 5.96474e-07 5.53168e-07 5.12903e-07
0.000183713 7.22203e-05 7.5193e-05 7.75934e-05 7.94636e-05 8.08444e-05 8.1776e-05 8.22972e-05 8.24453e-05 8.22561e-05 8.17637e-05 8.10004e-05 7.99966e-05 7.8781e-05 7.73806e-05 7.58202e-05 7.41232e-05 7.23111e-05 7.04038e-05 6.84195e-05 6.63748e-05 6.4285e-05 6.21639e-05 6.00239e-05 5.78763e-05 5.57311e-05 5.35972e-05 5.14825e-05 4.9394e-05 4.73377e-05 4.53189e-05 4.33421e-05 4.1411e-05 3.95288e-05 3.7698e-05 3.59208e-05 3.41987e-05 3.25327e-05 3.09238e-05 2.93722e-05 2.78782e-05 2.64414e-05 2.50615e-05 2.37379e-05 2.24697e-05 2.1256e-05 2.00956e-05 1.89874e-05 1.79301e-05 1.69222e-05 1.59623e-05 1.50489e-05 1.41805e-05 1.33555e-05 1.25724e-05 1.18295e-05 1.11254e-05 1.04584e-05 9.82712e-06 9.22991e-06 8.66533e-06 8.13192e-06 7.62827e-06 7.15298e-06 6.70471e-06 6.28215e-06 5.88404e-06 5.50916e-06 5.15633e-06 4.82441e-06 4.51232e-06 4.219e-06 3.94346e-06 3.68472e-06 3.44187e-06 3.21402e-06 3.00035e-06 2.80004e-06 2.61233e-06 2.43651e-06 2.27187e-06 2.11777e-06 1.97358e-06 1.83872e-06 1.71261e-06 1.59474e-06 1.4846e-06 1.38172e-06 1.28564e-06 1.19596e-06 1.11226e-06 1.03418e-06 9.61356e-07 8.93454e-07 8.30159e-07 7.71177e-07 7.16228e-07 6.65051e-07 6.17398e-07 5.7304e-07 5.31759e-07
0.0001637 6.54579e-05 6.84207e-05 7.08573e-05 7.28033e-05 7.42942e-05 7.53646e-05 7.60488e-05 7.63798e-05 7.63894e-05 7.61082e-05 7.55655e-05 7.4789e-05 7.38049e-05 7.2638e-05 7.13113e-05 6.98466e-05 6.82639e-05 6.6582e-05 6.48181e-05 6.2988e-05 6.11063e-05 5.91862e-05 5.72399e-05 5.52782e-05 5.33109e-05 5.13469e-05 4.9394e-05 4.74592e-05 4.55485e-05 4.36675e-05 4.18206e-05 4.00119e-05 3.82448e-05 3.6522e-05 3.48458e-05 3.32181e-05 3.16403e-05 3.01135e-05 2.86382e-05 2.72149e-05 2.58437e-05 2.45245e-05 2.32569e-05 2.20403e-05 2.0874e-05 1.97573e-05 1.8689e-05 1.76682e-05 1.66937e-05 1.57642e-05 1.48785e-05 1.40352e-05 1.32329e-05 1.24702e-05 1.17459e-05 1.10583e-05 1.04062e-05 9.78812e-06 9.2027e-06 8.64856e-06 8.12437e-06 7.6288e-06 7.16058e-06 6.71845e-06 6.30118e-06 5.9076e-06 5.53655e-06 5.18692e-06 4.85765e-06 4.5477e-06 4.25607e-06 3.98181e-06 3.72399e-06 3.48175e-06 3.25424e-06 3.04064e-06 2.84021e-06 2.65218e-06 2.47588e-06 2.31063e-06 2.1558e-06 2.01078e-06 1.875e-06 1.74792e-06 1.62901e-06 1.5178e-06 1.41382e-06 1.31663e-06 1.22582e-06 1.14099e-06 1.06177e-06 9.87819e-07 9.18804e-07 8.54413e-07 7.94355e-07 7.38354e-07 6.86149e-07 6.37497e-07 5.92167e-07 5.49945e-07
0.000145868 5.93118e-05 6.22382e-05 6.46824e-05 6.66744e-05 6.82443e-05 6.94224e-05 7.02382e-05 7.0721e-05 7.08989e-05 7.07994e-05 7.04486e-05 6.98718e-05 6.90929e-05 6.81343e-05 6.70176e-05 6.57628e-05 6.43886e-05 6.29125e-05 6.13507e-05 5.97183e-05 5.80291e-05 5.62958e-05 5.45299e-05 5.2742e-05 5.09418e-05 4.91378e-05 4.73377e-05 4.55485e-05 4.37764e-05 4.20267e-05 4.03042e-05 3.86129e-05 3.69565e-05 3.53378e-05 3.37595e-05 3.22235e-05 3.07315e-05 2.92848e-05 2.78842e-05 2.65305e-05 2.52239e-05 2.39647e-05 2.27526e-05 2.15873e-05 2.04685e-05 1.93954e-05 1.83673e-05 1.73833e-05 1.64426e-05 1.5544e-05 1.46865e-05 1.38688e-05 1.30899e-05 1.23485e-05 1.16433e-05 1.09731e-05 1.03365e-05 9.73248e-06 9.1596e-06 8.61665e-06 8.10242e-06 7.61568e-06 7.15524e-06 6.71994e-06 6.30864e-06 5.92024e-06 5.55365e-06 5.20785e-06 4.8818e-06 4.57455e-06 4.28515e-06 4.01268e-06 3.75628e-06 3.51512e-06 3.28837e-06 3.07528e-06 2.87511e-06 2.68714e-06 2.51071e-06 2.34518e-06 2.18992e-06 2.04437e-06 1.90795e-06 1.78015e-06 1.66045e-06 1.5484e-06 1.44353e-06 1.34541e-06 1.25365e-06 1.16785e-06 1.08766e-06 1.01273e-06 9.42739e-07 8.77378e-07 8.1636e-07 7.59412e-07 7.06278e-07 6.56717e-07 6.10501e-07 5.67415e-07
0.000129978 5.3728e-05 5.65967e-05 5.90249e-05 6.10376e-05 6.26603e-05 6.39189e-05 6.4839e-05 6.54463e-05 6.57655e-05 6.5821e-05 6.56364e-05 6.52343e-05 6.46364e-05 6.38633e-05 6.29347e-05 6.18691e-05 6.06838e-05 5.93952e-05 5.80185e-05 5.65678e-05 5.50563e-05 5.34959e-05 5.18979e-05 5.02724e-05 4.86286e-05 4.69749e-05 4.53189e-05 4.36675e-05 4.20267e-05 4.0402e-05 3.87981e-05 3.72192e-05 3.56691e-05 3.41507e-05 3.26667e-05 3.12195e-05 2.98108e-05 2.84421e-05 2.71145e-05 2.58289e-05 2.45858e-05 2.33856e-05 2.22283e-05 2.11139e-05 2.00422e-05 1.90126e-05 1.80247e-05 1.70778e-05 1.6171e-05 1.53037e-05 1.44748e-05 1.36833e-05 1.29283e-05 1.22086e-05 1.15232e-05 1.08709e-05 1.02506e-05 9.66121e-06 9.10154e-06 8.57045e-06 8.06683e-06 7.58957e-06 7.13755e-06 6.70972e-06 6.30501e-06 5.92238e-06 5.56085e-06 5.21942e-06 4.89715e-06 4.59313e-06 4.30645e-06 4.03626e-06 3.78174e-06 3.54208e-06 3.31653e-06 3.10434e-06 2.9048e-06 2.71725e-06 2.54103e-06 2.37553e-06 2.22016e-06 2.07434e-06 1.93756e-06 1.80928e-06 1.68904e-06 1.57636e-06 1.4708e-06 1.37195e-06 1.27942e-06 1.19283e-06 1.11181e-06 1.03605e-06 9.65213e-07 8.99006e-07 8.37143e-07 7.79357e-07 7.25394e-07 6.75015e-07 6.27996e-07 5.84125e-07
0.000115819 4.86568e-05 5.1451e-05 5.3844e-05 5.58563e-05 5.75094e-05 5.88253e-05 5.98259e-05 6.05336e-05 6.09701e-05 6.1157e-05 6.11153e-05 6.08654e-05 6.04267e-05 5.98181e-05 5.90575e-05 5.8162e-05 5.71475e-05 5.60293e-05 5.48216e-05 5.35376e-05 5.21897e-05 5.07894e-05 4.93471e-05 4.78728e-05 4.63752e-05 4.48625e-05 4.33421e-05 4.18206e-05 4.03042e-05 3.87981e-05 3.73072e-05 3.58356e-05 3.43872e-05 3.29651e-05 3.15721e-05 3.02105e-05 2.88825e-05 2.75895e-05 2.63329e-05 2.51138e-05 2.39328e-05 2.27906e-05 2.16873e-05 2.06232e-05 1.9598e-05 1.86117e-05 1.76638e-05 1.67538e-05 1.58812e-05 1.50452e-05 1.42452e-05 1.34802e-05 1.27495e-05 1.2052e-05 1.13869e-05 1.0753e-05 1.01495e-05 9.57536e-06 9.02945e-06 8.5108e-06 8.01838e-06 7.55117e-06 7.10815e-06 6.68835e-06 6.29078e-06 5.91448e-06 5.55853e-06 5.222e-06 4.90401e-06 4.60369e-06 4.3202e-06 4.05275e-06 3.80053e-06 3.5628e-06 3.33883e-06 3.12791e-06 2.92937e-06 2.74257e-06 2.56689e-06 2.40173e-06 2.24652e-06 2.10072e-06 1.96382e-06 1.83532e-06 1.71475e-06 1.60165e-06 1.49561e-06 1.39622e-06 1.3031e-06 1.21587e-06 1.13419e-06 1.05773e-06 9.86187e-07 9.19257e-07 8.56666e-07 7.98148e-07 7.43454e-07 6.92351e-07 6.44614e-07 6.00036e-07
0.000103203 4.4053e-05 4.67595e-05 4.91017e-05 5.10963e-05 5.27609e-05 5.41141e-05 5.51746e-05 5.59617e-05 5.64944e-05 5.67917e-05 5.68721e-05 5.67539e-05 5.64546e-05 5.59913e-05 5.53804e-05 5.46372e-05 5.37768e-05 5.28131e-05 5.17594e-05 5.0628e-05 4.94305e-05 4.81778e-05 4.68799e-05 4.55461e-05 4.41849e-05 4.28041e-05 4.1411e-05 4.00119e-05 3.86129e-05 3.72192e-05 3.58356e-05 3.44663e-05 3.31151e-05 3.17852e-05 3.04795e-05 2.92005e-05 2.79503e-05 2.67307e-05 2.55431e-05 2.43886e-05 2.32683e-05 2.21828e-05 2.11326e-05 2.01178e-05 1.91387e-05 1.81951e-05 1.72869e-05 1.64137e-05 1.55752e-05 1.47707e-05 1.39996e-05 1.32614e-05 1.25552e-05 1.18802e-05 1.12357e-05 1.06207e-05 1.00344e-05 9.47594e-06 8.94429e-06 8.43857e-06 7.95784e-06 7.50118e-06 7.06768e-06 6.65641e-06 6.26648e-06 5.897e-06 5.54711e-06 5.21595e-06 4.90269e-06 4.60653e-06 4.32667e-06 4.06236e-06 3.81285e-06 3.57743e-06 3.3554e-06 3.14611e-06 2.94891e-06 2.76319e-06 2.58834e-06 2.42381e-06 2.26905e-06 2.12353e-06 1.98676e-06 1.85827e-06 1.73759e-06 1.62429e-06 1.51796e-06 1.41821e-06 1.32466e-06 1.23696e-06 1.15476e-06 1.07775e-06 1.00563e-06 9.38101e-07 8.74894e-07 8.15751e-07 7.60427e-07 7.0869e-07 6.60321e-07 6.15115e-07
