0.384577 0.084357 0.0393752 0.0198809 0.00992118 0.00475677 0.00218927 0.000973807 0.000421738 0.000178924 7.47094e-05 3.08082e-05 1.2579e-05 5.09496e-06 2.05005e-06 8.20329e-07 3.26723e-07 1.29606e-07 5.1234e-08 2.01913e-08 7.9359e-09 3.11161e-09 1.21741e-09 4.75381e-10 1.85302e-10 7.21139e-11 2.80224e-11 1.08724e-11 4.20816e-12 1.61404e-12 6.24216e-13
0.084357 0.0243105 0.0112851 0.00463601 0.00178543 0.000666098 0.000244924 8.95514e-05 3.27018e-05 1.19514e-05 4.37515e-06 1.60473e-06 5.89723e-07 2.17106e-07 8.00569e-08 2.95635e-08 1.09313e-08 4.0465e-09 1.49943e-09 5.56116e-10 2.06419e-10 7.66737e-11 2.84984e-11 1.05985e-11 3.94363e-12 1.46805e-12 5.46646e-13 2.03431e-13 7.52736e-14 2.68281e-14 1.00091e-14
0.0393752 0.0112851 0.00393428 0.00141151 0.000507105 0.000181973 6.53649e-05 2.35456e-05 8.51292e-06 3.08974e-06 1.12549e-06 4.11311e-07 1.5074e-07 5.53794e-08 2.03882e-08 7.51953e-09 2.77765e-09 1.02742e-09 3.80476e-10 1.41043e-10 5.2332e-11 1.94325e-11 7.22102e-12 2.68498e-12 9.98905e-13 3.71782e-13 1.38358e-13 5.13326e-14 1.86641e-14 6.91823e-15 2.58131e-15
0.0198809 0.00463601 0.00141151 0.000463515 0.000157763 5.47537e-05 1.92507e-05 6.83557e-06 2.44668e-06 8.81536e-07 3.19345e-07 1.16205e-07 4.24424e-08 1.55493e-08 5.71136e-09 2.10237e-09 7.75316e-10 2.86373e-10 1.05919e-10 3.92218e-11 1.45388e-11 5.39411e-12 2.00289e-12 7.44219e-13 2.76692e-13 1.02896e-13 3.82115e-14 1.40427e-14 5.21889e-15 1.93416e-15 7.21433e-16
0.00992118 0.00178543 0.000507105 0.000157763 5.17435e-05 1.75202e-05 6.05781e-06 2.12598e-06 7.54493e-07 2.70088e-07 9.73459e-08 3.52774e-08 1.28407e-08 4.69079e-09 1.71869e-09 6.31292e-10 2.32367e-10 8.56827e-11 3.1643e-11 1.17014e-11 4.33213e-12 1.60547e-12 5.95513e-13 2.21061e-13 8.21041e-14 3.04831e-14 1.12615e-14 4.1847e-15 1.55464e-15 5.75935e-16 2.14697e-16
0.00475677 0.000666098 0.000181973 5.47537e-05 1.75202e-05 5.83001e-06 1.99113e-06 6.92542e-07 2.44113e-07 8.69196e-08 3.11916e-08 1.12625e-08 4.0867e-09 1.48886e-09 5.44214e-10 1.9947e-10 7.32812e-11 2.6975e-11 9.94636e-12 3.67283e-12 1.35797e-12 5.02644e-13 1.86232e-13 6.90538e-14 2.56119e-14 9.48031e-15 3.51997e-15 1.30727e-15 4.85392e-16 1.79727e-16 6.69519e-17
0.00218927 0.000244924 6.53649e-05 1.92507e-05 6.05781e-06 1.99113e-06 6.73896e-07 2.32789e-07 8.16145e-08 2.89328e-08 1.03445e-08 3.72332e-09 1.3473e-09 4.89641e-10 1.78581e-10 6.53246e-11 2.39554e-11 8.80341e-12 3.24108e-12 1.19513e-12 4.41303e-13 1.63147e-13 6.03763e-14 2.23593e-14 8.27666e-15 3.06941e-15 1.13886e-15 4.2268e-16 1.56843e-16 5.80419e-17 2.16061e-17
0.000973807 8.95514e-05 2.35456e-05 6.83557e-06 2.12598e-06 6.92542e-07 2.32789e-07 7.99827e-08 2.79193e-08 9.86129e-09 3.51465e-09 1.26153e-09 4.55365e-10 1.65122e-10 6.01014e-11 2.19446e-11 8.03375e-12 2.94774e-12 1.08368e-12 3.99067e-13 1.47172e-13 5.43445e-14 2.00877e-14 7.42815e-15 2.75064e-15 1.01928e-15 3.7791e-16 1.40161e-16 5.19752e-17 1.92233e-17 7.15075e-18
0.000421738 3.27018e-05 8.51292e-06 2.44668e-06 7.54493e-07 2.44113e-07 8.16145e-08 2.79193e-08 9.71012e-09 3.41892e-09 1.21517e-09 4.35095e-10 1.56704e-10 5.67084e-11 2.06027e-11 7.50979e-12 2.74497e-12 1.00572e-12 3.69237e-13 1.35801e-13 5.00229e-14 1.84503e-14 6.81144e-15 2.51787e-15 9.31579e-16 3.44934e-16 1.27794e-16 4.73641e-17 1.75524e-17 6.48831e-18 2.41188e-18
0.000178924 1.19514e-05 3.08974e-06 8.81536e-07 2.70088e-07 8.69196e-08 2.89328e-08 9.86129e-09 3.41892e-09 1.20049e-09 4.25637e-10 1.52062e-10 5.46563e-11 1.97427e-11 7.16052e-12 2.60595e-12 9.51142e-13 3.48016e-13 1.27608e-13 4.68775e-14 1.72482e-14 6.35458e-15 2.34435e-15 8.65841e-16 3.20087e-16 1.18427e-16 4.38442e-17 1.6239e-17 6.01418e-18 2.22199e-18 8.25433e-19
7.47094e-05 4.37515e-06 1.12549e-06 3.19345e-07 9.73459e-08 3.11916e-08 1.03445e-08 3.51465e-09 1.21517e-09 4.25637e-10 1.50577e-10 5.36865e-11 1.92612e-11 6.94563e-12 2.51518e-12 9.14031e-13 3.3316e-13 1.21748e-13 4.45893e-14 1.63619e-14 6.01374e-15 2.21373e-15 8.15971e-16 3.01111e-16 1.11228e-16 4.11222e-17 1.52138e-17 5.63124e-18 2.08431e-18 7.69678e-19 2.85747e-19
3.08082e-05 1.60473e-06 4.11311e-07 1.16205e-07 3.52774e-08 1.12625e-08 3.72332e-09 1.26153e-09 4.35095e-10 1.52062e-10 5.36865e-11 1.9106e-11 6.84309e-12 2.46377e-12 8.90897e-13 3.23321e-13 1.17701e-13 4.29615e-14 1.5717e-14 5.76125e-15 2.11561e-15 7.78085e-16 2.86556e-16 1.05661e-16 3.90014e-17 1.44091e-17 5.32736e-18 1.97065e-18 7.28987e-19 2.69066e-19 9.9834e-20
1.2579e-05 5.89723e-07 1.5074e-07 4.24424e-08 1.28407e-08 4.0867e-09 1.3473e-09 4.55365e-10 1.56704e-10 5.46563e-11 1.92612e-11 6.84309e-12 2.44711e-12 8.79775e-13 3.17698e-13 1.15153e-13 4.18712e-14 1.52664e-14 5.57927e-15 2.04324e-15 7.49632e-16 2.75468e-16 1.01369e-16 3.73496e-17 1.37766e-17 5.08637e-18 1.87936e-18 6.94791e-19 2.56879e-19 9.47699e-20 3.51439e-20
5.09496e-06 2.17106e-07 5.53794e-08 1.55493e-08 4.69079e-09 1.48886e-09 4.89641e-10 1.65122e-10 5.67084e-11 1.97427e-11 6.94563e-12 2.46377e-12 8.79775e-13 3.15868e-13 1.13921e-13 4.12437e-14 1.49804e-14 5.45627e-15 1.99217e-15 7.28917e-16 2.67201e-16 9.81102e-17 3.60764e-17 1.32829e-17 4.89616e-18 1.80653e-18 6.67099e-19 2.46485e-19 9.10835e-20 3.35888e-20 1.24493e-20
2.05005e-06 8.00569e-08 2.03882e-08 5.71136e-09 1.71869e-09 5.44214e-10 1.78581e-10 6.01014e-11 2.06027e-11 7.16052e-12 2.51518e-12 8.90897e-13 3.17698e-13 1.13921e-13 4.10388e-14 1.48414e-14 5.38508e-15 1.95954e-15 7.14817e-16 2.61323e-16 9.57175e-17 3.51187e-17 1.29044e-17 4.74804e-18 1.74904e-18 6.44955e-19 2.38027e-19 8.79013e-20 3.24661e-20 1.19676e-20 4.43344e-21
8.20329e-07 2.95635e-08 7.51953e-09 2.10237e-09 6.31292e-10 1.9947e-10 6.53246e-11 2.19446e-11 7.50979e-12 2.60595e-12 9.14031e-13 3.23321e-13 1.15153e-13 4.12437e-14 1.48414e-14 5.36177e-15 1.94363e-15 7.06618e-16 2.57548e-16 9.40793e-17 3.44334e-17 1.26246e-17 4.63578e-18 1.7046e-18 6.27546e-19 2.31273e-19 8.53076e-20 3.14873e-20 1.16243e-20 4.28323e-21 1.58599e-21
3.26723e-07 1.09313e-08 2.77765e-09 7.75316e-10 2.32367e-10 7.32812e-11 2.39554e-11 8.03375e-12 2.74497e-12 9.51142e-13 3.3316e-13 1.17701e-13 4.18712e-14 1.49804e-14 5.38508e-15 1.94363e-15 7.03928e-16 2.55701e-16 9.31232e-17 3.39913e-17 1.24321e-17 4.555e-18 1.67154e-18 6.14258e-19 2.26008e-19 8.32468e-20 3.06906e-20 1.13225e-20 4.1781e-21 1.53894e-21 5.6958e-22
1.29606e-07 4.0465e-09 1.02742e-09 2.86373e-10 8.56827e-11 2.6975e-11 8.80341e-12 2.94774e-12 1.00572e-12 3.48016e-13 1.21748e-13 4.29615e-14 1.52664e-14 5.45627e-15 1.95954e-15 7.06618e-16 2.55701e-16 9.28089e-17 3.37744e-17 1.23194e-17 4.50268e-18 1.64869e-18 6.04647e-19 2.22068e-19 8.16624e-20 3.00635e-20 1.10781e-20 4.08508e-21 1.50678e-21 5.54801e-22 2.0525e-22
5.1234e-08 1.49943e-09 3.80476e-10 1.05919e-10 3.1643e-11 9.94636e-12 3.24108e-12 1.08368e-12 3.69237e-13 1.27608e-13 4.45893e-14 1.5717e-14 5.57927e-15 1.99217e-15 7.14817e-16 2.57548e-16 9.31232e-17 3.37744e-17 1.22822e-17 4.47697e-18 1.63527e-18 5.98401e-19 2.19334e-19 8.05105e-20 2.95911e-20 1.08884e-20 4.01038e-21 1.47819e-21 5.45005e-22 2.00603e-22 7.41829e-23
2.01913e-08 5.56116e-10 1.41043e-10 3.92218e-11 1.17014e-11 3.67283e-12 1.19513e-12 3.99067e-13 1.35801e-13 4.68775e-14 1.63619e-14 5.76125e-15 2.04324e-15 7.28917e-16 2.61323e-16 9.40793e-17 3.39913e-17 1.23194e-17 4.47697e-18 1.63085e-18 5.95326e-19 2.17724e-19 7.97594e-20 2.92618e-20 1.07497e-20 3.95359e-21 1.45552e-21 5.36263e-22 1.97641e-22 7.27232e-23 2.68824e-23
7.9359e-09 2.06419e-10 5.2332e-11 1.45388e-11 4.33213e-12 1.35797e-12 4.41303e-13 1.47172e-13 5.00229e-14 1.72482e-14 6.01374e-15 2.11561e-15 7.49632e-16 2.67201e-16 9.57175e-17 3.44334e-17 1.24321e-17 4.50268e-18 1.63527e-18 5.95326e-19 2.17193e-19 7.93889e-20 2.90675e-20 1.06589e-20 3.91379e-21 1.43879e-21 5.29465e-22 1.94994e-22 7.18386e-23 2.6425e-23 9.7644e-24
3.11161e-09 7.66737e-11 1.94325e-11 5.39411e-12 1.60547e-12 5.02644e-13 1.63147e-13 5.43445e-14 1.84503e-14 6.35458e-15 2.21373e-15 7.78085e-16 2.75468e-16 9.81102e-17 3.51187e-17 1.26246e-17 4.555e-18 1.64869e-18 5.98401e-19 2.17724e-19 7.93889e-20 2.90032e-20 1.0614e-20 3.89022e-21 1.42779e-21 5.24658e-22 1.92991e-22 7.1048e-23 2.61656e-23 9.62183e-24 3.5541e-24
1.21741e-09 2.84984e-11 7.22102e-12 2.00289e-12 5.95513e-13 1.86232e-13 6.03763e-14 2.00877e-14 6.81144e-15 2.34435e-15 8.15971e-16 2.86556e-16 1.01369e-16 3.60764e-17 1.29044e-17 4.63578e-18 1.67154e-18 6.04647e-19 2.19334e-19 7.97594e-20 2.90675e-20 1.0614e-20 3.88241e-21 1.42233e-21 5.21797e-22 1.91661e-22 7.04733e-23 2.59345e-23 9.54785e-24 3.50999e-24 1.29606e-24
4.75381e-10 1.05985e-11 2.68498e-12 7.44219e-13 2.21061e-13 6.90538e-14 2.23593e-14 7.42815e-15 2.51787e-15 8.65841e-16 3.01111e-16 1.05661e-16 3.73496e-17 1.32829e-17 4.74804e-18 1.7046e-18 6.14258e-19 2.22068e-19 8.05105e-20 2.92618e-20 1.06589e-20 3.89022e-21 1.42233e-21 5.20848e-22 1.90999e-22 7.01281e-23 2.57761e-23 9.48233e-24 3.48978e-24 1.28256e-24 4.73427e-25
1.85302e-10 3.94363e-12 9.98905e-13 2.76692e-13 8.21041e-14 2.56119e-14 8.27666e-15 2.75064e-15 9.31579e-16 3.20087e-16 1.11228e-16 3.90014e-17 1.37766e-17 4.89616e-18 1.74904e-18 6.27546e-19 2.26008e-19 8.16624e-20 2.95911e-20 1.07497e-20 3.91379e-21 1.42779e-21 5.21797e-22 1.90999e-22 7.00132e-23 2.56966e-23 9.44156e-24 3.4721e-24 1.27743e-24 4.69352e-25 1.73195e-25
7.21139e-11 1.46805e-12 3.71782e-13 1.02896e-13 3.04831e-14 9.48031e-15 3.06941e-15 1.01928e-15 3.44934e-16 1.18427e-16 4.11222e-17 1.44091e-17 5.08637e-18 1.80653e-18 6.44955e-19 2.31273e-19 8.32468e-20 3.00635e-20 1.08884e-20 3.95359e-21 1.43879e-21 5.24658e-22 1.91661e-22 7.01281e-23 2.56966e-23 9.42786e-24 3.46283e-24 1.27302e-24 4.68216e-25 1.71988e-25 6.34452e-26
2.80224e-11 5.46646e-13 1.38358e-13 3.82115e-14 1.12615e-14 3.51997e-15 1.13886e-15 3.7791e-16 1.27794e-16 4.38442e-17 1.52138e-17 5.32736e-18 1.87936e-18 6.67099e-19 2.38027e-19 8.53076e-20 3.06906e-20 1.10781e-20 4.01038e-21 1.45552e-21 5.29465e-22 1.92991e-22 7.04733e-23 2.57761e-23 9.44156e-24 3.46283e-24 1.27146e-24 4.67275e-25 1.71813e-25 6.30958e-26 2.32687e-26
1.08724e-11 2.03431e-13 5.13326e-14 1.40427e-14 4.1847e-15 1.30727e-15 4.2268e-16 1.40161e-16 4.73641e-17 1.6239e-17 5.63124e-18 1.97065e-18 6.94791e-19 2.46485e-19 8.79013e-20 3.14873e-20 1.13225e-20 4.08508e-21 1.47819e-21 5.36263e-22 1.94994e-22 7.1048e-23 2.59345e-23 9.48233e-24 3.4721e-24 1.27302e-24 4.67275e-25 1.71676e-25 6.31063e-26 2.31694e-26 8.54211e-27
4.20816e-12 7.52736e-14 1.86641e-14 5.21889e-15 1.55464e-15 4.85392e-16 1.56843e-16 5.19752e-17 1.75524e-17 6.01418e-18 2.08431e-18 7.28987e-19 2.56879e-19 9.10835e-20 3.24661e-20 1.16243e-20 4.1781e-21 1.50678e-21 5.45005e-22 1.97641e-22 7.18386e-23 2.61656e-23 9.54785e-24 3.48978e-24 1.27743e-24 4.68216e-25 1.71813e-25 6.31063e-26 2.31911e-26 8.51272e-27 3.13765e-27
1.61404e-12 2.68281e-14 6.91823e-15 1.93416e-15 5.75935e-16 1.79727e-16 5.80419e-17 1.92233e-17 6.48831e-18 2.22199e-18 7.69678e-19 2.69066e-19 9.47699e-20 3.35888e-20 1.19676e-20 4.28323e-21 1.53894e-21 5.54801e-22 2.00603e-22 7.27232e-23 2.6425e-23 9.62183e-24 3.50999e-24 1.28256e-24 4.69352e-25 1.71988e-25 6.30958e-26 2.31694e-26 8.51272e-27 3.12418e-27 1.15127e-27
6.24216e-13 1.00091e-14 2.58131e-15 7.21433e-16 2.14697e-16 6.69519e-17 2.16061e-17 7.15075e-18 2.41188e-18 8.25433e-19 2.85747e-19 9.9834e-20 3.51439e-20 1.24493e-20 4.43344e-21 1.58599e-21 5.6958e-22 2.0525e-22 7.41829e-23 2.68824e-23 9.7644e-24 3.5541e-24 1.29606e-24 4.73427e-25 1.73195e-25 6.34452e-26 2.32687e-26 8.54211e-27 3.13765e-27 1.15127e-27 4.24131e-28
