0.447192 0.0935604 0.0434882 0.020214 0.00939576 0.00436729 0.00202998 0.000943565 0.000438583 0.00020386 9.47571e-05 4.40445e-05 2.04725e-05 9.51593e-06 4.42315e-06 2.05594e-06 9.55633e-07 4.44193e-07 2.06467e-07 9.59691e-08 4.46078e-08 2.07344e-08 9.63765e-09 4.47972e-09 2.08224e-09 9.67857e-10 4.49874e-10 2.09108e-10 9.71966e-11 4.51784e-11 2.09996e-11 9.76092e-12 4.53702e-12 2.10887e-12 9.80236e-13 4.55628e-13 2.11783e-13 9.84398e-14 4.57563e-14 2.12682e-14 9.88577e-15 4.59505e-15 2.13585e-15 9.92774e-16 4.61456e-16 2.14492e-16 9.96989e-17 4.63415e-17 2.15402e-17 1.00122e-17 4.65382e-18 2.16317e-18 1.00547e-18 4.67358e-19 2.17235e-19 1.00974e-19 4.69342e-20 2.18157e-20 1.01403e-20 4.71335e-21 2.19083e-21 1.01833e-21 4.73336e-22 2.20014e-22 1.02266e-22 4.75346e-23 2.20948e-23 1.027e-23 4.77364e-24 2.21886e-24 1.03136e-24 4.7939e-25 2.22828e-25 1.03574e-25 4.81426e-26 2.23774e-26 1.04013e-26 4.83469e-27 2.24724e-27 1.04455e-27 4.85522e-28 2.25678e-28 1.04898e-28 4.87583e-29 2.26636e-29 1.05344e-29 4.89653e-30 2.27598e-30 1.05791e-30 4.91732e-31 2.28564e-31 1.0624e-31 4.9382e-32 2.29535e-32 1.06691e-32 4.95916e-33 2.30509e-33 1.07144e-33 4.98022e-34 2.31488e-34 1.07599e-34
0.0935604 0.0395023 0.0215245 0.0114753 0.00601732 0.00311461 0.00159538 0.000810188 0.00040849 0.000204701 0.00010204 5.06337e-05 2.50244e-05 1.23239e-05 6.05007e-06 2.96171e-06 1.44616e-06 7.04506e-07 3.42483e-07 1.66172e-07 8.04839e-08 3.89183e-08 1.87908e-08 9.06011e-09 4.36273e-09 2.09826e-09 1.00803e-09 4.83757e-10 2.31927e-10 1.11089e-10 5.31635e-11 2.54212e-11 1.21462e-11 5.79911e-12 2.76682e-12 1.3192e-12 6.28588e-13 2.99337e-13 1.42465e-13 6.77668e-14 3.22181e-14 1.53097e-14 7.27152e-15 3.45213e-15 1.63817e-15 7.77045e-16 3.68434e-16 1.74624e-16 8.27349e-17 3.91847e-17 1.85521e-17 8.78065e-18 4.15451e-18 1.96507e-18 9.29197e-19 4.39249e-19 2.07584e-19 9.80748e-20 4.63242e-20 2.1875e-20 1.03272e-20 4.87431e-21 2.30008e-21 1.08511e-21 5.11816e-22 2.41357e-22 1.13794e-22 5.364e-23 2.52799e-23 1.19119e-23 5.61183e-24 2.64333e-24 1.24487e-24 5.86167e-25 2.75961e-25 1.29898e-25 6.11353e-26 2.87683e-26 1.35354e-26 6.36743e-27 2.99499e-27 1.40853e-27 6.62336e-28 3.1141e-28 1.46397e-28 6.88136e-29 3.23418e-29 1.51985e-29 7.14143e-30 3.35521e-30 1.57618e-30 7.40358e-31 3.47722e-31 1.63296e-31 7.66783e-32 3.6002e-32 1.69019e-32 7.93419e-33 3.72416e-33 1.74788e-33 8.20268e-34
0.0434882 0.0215245 0.0128109 0.00736586 0.00412942 0.00227052 0.00122931 0.000657244 0.000347718 0.000182328 9.48735e-05 4.90378e-05 2.51976e-05 1.288e-05 6.55305e-06 3.32002e-06 1.67564e-06 8.42776e-07 4.22535e-07 2.11225e-07 1.05307e-07 5.23704e-08 2.59842e-08 1.28646e-08 6.3564e-09 3.13478e-09 1.54324e-09 7.58474e-10 3.72192e-10 1.82369e-10 8.9234e-11 4.36048e-11 2.1281e-11 1.03737e-11 5.05106e-12 2.45676e-12 1.1937e-12 5.79431e-13 2.80996e-13 1.36147e-13 6.59085e-14 3.18799e-14 1.54081e-14 7.44133e-15 3.59116e-15 1.73186e-15 8.34638e-16 4.01976e-16 1.93477e-16 9.30666e-17 4.47409e-17 2.14966e-17 1.03228e-17 4.95447e-18 2.37669e-18 1.13955e-18 5.46119e-19 2.616e-19 1.25254e-19 5.99457e-20 2.86773e-20 1.37132e-20 6.55492e-21 3.13203e-21 1.49596e-21 7.14256e-22 3.40904e-22 1.62652e-22 7.7578e-23 3.69891e-23 1.76307e-23 8.40096e-24 4.0018e-24 1.90569e-24 9.07237e-25 4.31784e-25 2.05443e-25 9.77235e-26 4.6472e-26 2.20938e-26 1.05012e-26 4.99002e-27 2.3706e-27 1.12593e-27 5.34646e-28 2.53817e-28 1.2047e-28 5.71668e-29 2.71216e-29 1.28646e-29 6.10082e-30 2.89264e-30 1.37124e-30 6.49906e-31 3.07968e-31 1.45908e-31 6.91154e-32 3.27336e-32 1.55001e-32 7.33843e-33 3.47375e-33
0.020214 0.0114753 0.00736586 0.00451284 0.00267468 0.00154604 0.000876241 0.000488754 0.000269026 0.000146427 7.89322e-05 4.21924e-05 2.23871e-05 1.18006e-05 6.18376e-06 3.22325e-06 1.67203e-06 8.63545e-07 4.442e-07 2.27647e-07 1.16268e-07 5.91941e-08 3.0048e-08 1.5211e-08 7.68037e-09 3.86863e-09 1.94423e-09 9.75012e-10 4.87974e-10 2.43756e-10 1.21543e-10 6.05011e-11 3.00669e-11 1.49191e-11 7.39188e-12 3.65728e-12 1.80708e-12 8.91743e-13 4.39509e-13 2.16364e-13 1.06393e-13 5.22598e-14 2.56432e-14 1.25702e-14 6.15589e-15 3.01188e-15 1.4723e-15 7.19085e-16 3.50915e-16 1.7111e-16 8.33698e-17 4.05898e-17 1.97473e-17 9.6005e-18 4.66426e-18 2.26456e-18 1.09877e-18 5.32795e-19 2.58196e-19 1.25051e-19 6.05303e-20 2.92833e-20 1.4159e-20 6.84253e-21 3.30507e-21 1.59561e-21 7.69954e-22 3.71362e-22 1.79032e-22 8.62717e-23 4.15544e-23 2.00069e-23 9.62859e-24 4.63201e-24 2.22742e-24 1.0707e-24 5.14482e-25 2.47122e-25 1.18657e-25 5.6954e-26 2.73278e-26 1.3108e-26 6.2853e-27 3.01282e-27 1.44372e-27 6.91607e-28 3.31209e-28 1.58568e-28 7.58931e-29 3.63132e-29 1.73702e-29 8.30663e-30 3.97125e-30 1.89809e-30 9.06966e-31 4.33266e-31 2.06924e-31 9.88005e-32 4.71632e-32 2.25084e-32 1.07395e-32
0.00939576 0.00601732 0.00412942 0.00267468 0.00166403 0.00100465 0.00059251 0.000342899 0.00019536 0.00010984 6.10588e-05 3.36078e-05 1.8338e-05 9.929e-06 5.33887e-06 2.85286e-06 1.51582e-06 8.0125e-07 4.21529e-07 2.20794e-07 1.15184e-07 5.98648e-08 3.10051e-08 1.60059e-08 8.23764e-09 4.22748e-09 2.16367e-09 1.10459e-09 5.62557e-10 2.85857e-10 1.44943e-10 7.3343e-11 3.70406e-11 1.86721e-11 9.39605e-12 4.72027e-12 2.3675e-12 1.18562e-12 5.92868e-13 2.96046e-13 1.47629e-13 7.35218e-14 3.65694e-14 1.81675e-14 9.01506e-15 4.46844e-15 2.21245e-15 1.0943e-15 5.40712e-16 2.66913e-16 1.31633e-16 6.48583e-17 3.19288e-17 1.57046e-17 7.71814e-18 3.79008e-18 1.85971e-18 9.11829e-19 4.46747e-19 2.18726e-19 1.07013e-19 5.23212e-20 2.55643e-20 1.24828e-20 6.09144e-21 2.97073e-21 1.44794e-21 7.05319e-22 3.43381e-22 1.67082e-22 8.12549e-23 3.9495e-23 1.91873e-23 9.31681e-24 4.52178e-24 2.19354e-24 1.0636e-24 5.15482e-25 2.49721e-25 1.20923e-25 5.85296e-26 2.8318e-26 1.36953e-26 6.62072e-27 3.19941e-27 1.54549e-27 7.46279e-28 3.60226e-28 1.73817e-28 8.38405e-29 4.04264e-29 1.94863e-29 9.38958e-30 4.52294e-30 2.17799e-30 1.04846e-30 5.04562e-31 2.42742e-31 1.16746e-31 5.61326e-32 2.69811e-32
0.00436729 0.00311461 0.00227052 0.00154604 0.00100465 0.000630694 0.000385474 0.000230578 0.000135492 7.84307e-05 4.48193e-05 2.53266e-05 1.41712e-05 7.86014e-06 4.32561e-06 2.36369e-06 1.28334e-06 6.92702e-07 3.71889e-07 1.98668e-07 1.05645e-07 5.59399e-08 2.95034e-08 1.55029e-08 8.11802e-09 4.23712e-09 2.20476e-09 1.14392e-09 5.91892e-10 3.05469e-10 1.57263e-10 8.07742e-11 4.13958e-11 2.11701e-11 1.08048e-11 5.5039e-12 2.79851e-12 1.42042e-12 7.19737e-13 3.64105e-13 1.83909e-13 9.27535e-14 4.67124e-14 2.34926e-14 1.17992e-14 5.91849e-15 2.96504e-15 1.48364e-15 7.41521e-16 3.70194e-16 1.84614e-16 9.19692e-17 4.57697e-17 2.27554e-17 1.13025e-17 5.60868e-18 2.7807e-18 1.37743e-18 6.81728e-19 3.37128e-19 1.66582e-19 8.22472e-20 4.05772e-20 2.00042e-20 9.85473e-21 4.85135e-21 2.38661e-21 1.1733e-21 5.76435e-22 2.83019e-22 1.38871e-22 6.80988e-23 3.33742e-23 1.63467e-23 8.00205e-24 3.915e-24 1.91437e-24 9.35598e-25 4.57011e-25 2.23122e-25 1.08879e-25 5.31045e-26 2.58888e-26 1.2615e-26 6.14421e-27 2.99122e-27 1.45559e-27 7.08014e-28 3.44239e-28 1.67301e-28 8.12755e-29 3.94682e-29 1.91586e-29 9.29634e-30 4.50916e-30 2.18634e-30 1.0597e-30 5.13441e-31 2.48683e-31 1.20406e-31 5.82782e-32
0.00202998 0.00159538 0.00122931 0.000876241 0.00059251 0.000385474 0.000243408 0.000150066 9.07103e-05 5.39269e-05 3.16053e-05 1.82948e-05 1.04751e-05 5.93989e-06 3.33911e-06 1.86243e-06 1.03144e-06 5.67526e-07 3.10414e-07 1.68855e-07 9.13858e-08 4.92261e-08 2.64e-08 1.41003e-08 7.50213e-09 3.97713e-09 2.10125e-09 1.1066e-09 5.81014e-10 3.04182e-10 1.58817e-10 8.27056e-11 4.29637e-11 2.22663e-11 1.15138e-11 5.94099e-12 3.0592e-12 1.57219e-12 8.06459e-13 4.12929e-13 2.11064e-13 1.07703e-13 5.48708e-14 2.79115e-14 1.41767e-14 7.19025e-15 3.64173e-15 1.84199e-15 9.30472e-16 4.69432e-16 2.36545e-16 1.19054e-16 5.98517e-17 3.00558e-17 1.5077e-17 7.55519e-18 3.78214e-18 1.89148e-18 9.45039e-19 4.7173e-19 2.35258e-19 1.17223e-19 5.83588e-20 2.90294e-20 1.44283e-20 7.16551e-21 3.55584e-21 1.76323e-21 8.73688e-22 4.32604e-22 2.14051e-22 1.0584e-22 5.22981e-23 2.58249e-23 1.27442e-23 6.28513e-24 3.09777e-24 1.52589e-24 7.51176e-25 3.69581e-25 1.81733e-25 8.93136e-26 4.38698e-26 2.1537e-26 1.05676e-26 5.18262e-27 2.54041e-27 1.24464e-27 6.09506e-28 2.98337e-28 1.4596e-28 7.13779e-29 3.48899e-29 1.70469e-29 8.32539e-30 4.06425e-30 1.98324e-30 9.67373e-31 4.7167e-31 2.29885e-31 1.11999e-31
0.000943565 0.000810188 0.000657244 0.000488754 0.000342899 0.000230578 0.000150066 9.51465e-05 5.90406e-05 3.59777e-05 2.15858e-05 1.27772e-05 7.47393e-06 4.32594e-06 2.48033e-06 1.41005e-06 7.95425e-07 4.45548e-07 2.47955e-07 1.37169e-07 7.5463e-08 4.1303e-08 2.24983e-08 1.22004e-08 6.58832e-09 3.54377e-09 1.89909e-09 1.01415e-09 5.39787e-10 2.86404e-10 1.5151e-10 7.99238e-11 4.20474e-11 2.20641e-11 1.15497e-11 6.03161e-12 3.14284e-12 1.6341e-12 8.47888e-13 4.39075e-13 2.26941e-13 1.17083e-13 6.02984e-14 3.10015e-14 1.59128e-14 8.15505e-15 4.17295e-15 2.13216e-15 1.08787e-15 5.54283e-16 2.82038e-16 1.43325e-16 7.27428e-17 3.68748e-17 1.86705e-17 9.44242e-18 4.77009e-18 2.40713e-18 1.21343e-18 6.11061e-19 3.07412e-19 1.54503e-19 7.75782e-20 3.89173e-20 1.95054e-20 9.7676e-21 4.88707e-21 2.44314e-21 1.22037e-21 6.09104e-22 3.03776e-22 1.51386e-22 7.5387e-23 3.75139e-23 1.86543e-23 9.26968e-24 4.60315e-24 2.28432e-24 1.13286e-24 5.61462e-25 2.78095e-25 1.37657e-25 6.80998e-26 3.36695e-26 1.66371e-26 8.21627e-27 4.05537e-27 2.00055e-27 9.86368e-28 4.86072e-28 2.39408e-28 1.17858e-28 5.79913e-29 2.85204e-29 1.40198e-29 6.8885e-30 3.38304e-30 1.6607e-30 8.14862e-31 3.99656e-31 1.9593e-31
0.000438583 0.00040849 0.000347718 0.000269026 0.00019536 0.000135492 9.07103e-05 5.90406e-05 3.75461e-05 2.34152e-05 1.43605e-05 8.68016e-06 5.18011e-06 3.05648e-06 1.78522e-06 1.03319e-06 5.92995e-07 3.3777e-07 1.91056e-07 1.07376e-07 5.99881e-08 3.3329e-08 1.84222e-08 1.01337e-08 5.54921e-09 3.02588e-09 1.64337e-09 8.89161e-10 4.79374e-10 2.57573e-10 1.37953e-10 7.36607e-11 3.92173e-11 2.08217e-11 1.10257e-11 5.82363e-12 3.06853e-12 1.61309e-12 8.46098e-13 4.42846e-13 2.31309e-13 1.20579e-13 6.27371e-14 3.25822e-14 1.68914e-14 8.74197e-15 4.51685e-15 2.33007e-15 1.20014e-15 6.17224e-16 3.16977e-16 1.62556e-16 8.32503e-17 4.25791e-17 2.17495e-17 1.10959e-17 5.65395e-18 2.8776e-18 1.46289e-18 7.42863e-19 3.76822e-19 1.90944e-19 9.66562e-20 4.88785e-20 2.46935e-20 1.24633e-20 6.28464e-21 3.16616e-21 1.59368e-21 8.01485e-22 4.02737e-22 2.02204e-22 1.01439e-22 5.08487e-23 2.54694e-23 1.27476e-23 6.37557e-24 3.18636e-24 1.59134e-24 7.94197e-25 3.96095e-25 1.97415e-25 9.83282e-26 4.89438e-26 2.4347e-26 1.21039e-26 6.01371e-27 2.98609e-27 1.48187e-27 7.3497e-28 3.64322e-28 1.80494e-28 8.93728e-29 4.42301e-29 2.18778e-29 1.0816e-29 5.34453e-30 2.63961e-30 1.30304e-30 6.42934e-31 3.17082e-31
0.00020386 0.000204701 0.000182328 0.000146427 0.00010984 7.84307e-05 5.39269e-05 3.59777e-05 2.34152e-05 1.4925e-05 9.34506e-06 5.7613e-06 3.50383e-06 2.1053e-06 1.25135e-06 7.36543e-07 4.29698e-07 2.48662e-07 1.42831e-07 8.14813e-08 4.61886e-08 2.60286e-08 1.45874e-08 8.13342e-09 4.5131e-09 2.49293e-09 1.37117e-09 7.51142e-10 4.09919e-10 2.22898e-10 1.20788e-10 6.52418e-11 3.513e-11 1.88601e-11 1.00968e-11 5.39068e-12 2.87066e-12 1.5249e-12 8.08099e-13 4.27263e-13 2.25408e-13 1.18666e-13 6.23441e-14 3.26898e-14 1.71082e-14 8.93721e-15 4.66048e-15 2.42615e-15 1.26091e-15 6.5427e-16 3.38965e-16 1.75348e-16 9.05756e-17 4.67205e-17 2.40662e-17 1.23802e-17 6.36038e-18 3.26356e-18 1.6725e-18 8.56097e-19 4.37698e-19 2.23529e-19 1.14029e-19 5.81068e-20 2.9579e-20 1.50417e-20 7.64145e-21 3.87821e-21 1.96641e-21 9.96121e-22 5.04145e-22 2.54925e-22 1.28793e-22 6.50138e-23 3.27911e-23 1.65255e-23 8.32159e-24 4.18716e-24 2.10524e-24 1.05769e-24 5.31005e-25 2.66395e-25 1.33551e-25 6.69069e-26 3.34965e-26 1.67587e-26 8.3791e-27 4.18675e-27 2.09067e-27 1.04334e-27 5.20359e-28 2.59372e-28 1.29208e-28 6.4329e-29 3.20096e-29 1.59189e-29 7.91243e-30 3.93074e-30 1.95169e-30 9.6855e-31 4.80411e-31
9.47571e-05 0.00010204 9.48735e-05 7.89322e-05 6.10588e-05 4.48193e-05 3.16053e-05 2.15858e-05 1.43605e-05 9.34506e-06 5.96748e-06 3.74864e-06 2.3211e-06 1.41891e-06 8.575e-07 5.12886e-07 3.03898e-07 1.78528e-07 1.04056e-07 6.02105e-08 3.46065e-08 1.97666e-08 1.12247e-08 6.3395e-09 3.5622e-09 1.99203e-09 1.10895e-09 6.14712e-10 3.39374e-10 1.86647e-10 1.02279e-10 5.58534e-11 3.04006e-11 1.64949e-11 8.92309e-12 4.8132e-12 2.58916e-12 1.38912e-12 7.43397e-13 3.9687e-13 2.11379e-13 1.12331e-13 5.95654e-14 3.15198e-14 1.66456e-14 8.7734e-15 4.61553e-15 2.42374e-15 1.27053e-15 6.64885e-16 3.47369e-16 1.81192e-16 9.4366e-17 4.90723e-17 2.54814e-17 1.32127e-17 6.84168e-18 3.53793e-18 1.82713e-18 9.42401e-19 4.85473e-19 2.49787e-19 1.28371e-19 6.58966e-20 3.3789e-20 1.73066e-20 8.85501e-21 4.52599e-21 2.31099e-21 1.17883e-21 6.00736e-22 3.05847e-22 1.55569e-22 7.90586e-23 4.01411e-23 2.03635e-23 1.03216e-23 5.22735e-24 2.64522e-24 1.3375e-24 6.75754e-25 3.41153e-25 1.72101e-25 8.67557e-26 4.37017e-26 2.19984e-26 1.10658e-26 5.56257e-27 2.79433e-27 1.4028e-27 7.03771e-28 3.52851e-28 1.768e-28 8.8533e-29 4.43065e-29 2.21601e-29 1.10771e-29 5.53387e-30 2.76305e-30 1.37882e-30 6.87688e-31
4.40445e-05 5.06337e-05 4.90378e-05 4.21924e-05 3.36078e-05 2.53266e-05 1.82948e-05 1.27772e-05 8.68016e-06 5.7613e-06 3.74864e-06 2.39732e-06 1.51003e-06 9.3841e-07 5.7618e-07 3.49941e-07 2.10444e-07 1.25417e-07 7.4127e-08 4.34786e-08 2.53222e-08 1.46512e-08 8.42518e-09 4.81722e-09 2.73955e-09 1.55012e-09 8.72943e-10 4.89387e-10 2.73193e-10 1.51892e-10 8.41276e-11 4.64256e-11 2.55311e-11 1.3994e-11 7.64614e-12 4.16512e-12 2.26232e-12 1.22539e-12 6.61963e-13 3.56683e-13 1.91717e-13 1.02804e-13 5.50001e-14 2.93604e-14 1.564e-14 8.31417e-15 4.41103e-15 2.33576e-15 1.23455e-15 6.51339e-16 3.43044e-16 1.80367e-16 9.46792e-17 4.96203e-17 2.59653e-17 1.35667e-17 7.07821e-18 3.6877e-18 1.91861e-18 9.9686e-19 5.17265e-19 2.68063e-19 1.38746e-19 7.17265e-20 3.7036e-20 1.91015e-20 9.84058e-21 5.06403e-21 2.60319e-21 1.33678e-21 6.85753e-22 3.51431e-22 1.79923e-22 9.2027e-23 4.70258e-23 2.40082e-23 1.22459e-23 6.24078e-24 3.1777e-24 1.61666e-24 8.21798e-25 4.17406e-25 2.11839e-25 1.07427e-25 5.44363e-26 2.75637e-26 1.39465e-26 7.05144e-27 3.56273e-27 1.7988e-27 9.07584e-28 4.57612e-28 2.30579e-28 1.16108e-28 5.84284e-29 2.93842e-29 1.47685e-29 7.41812e-30 3.72385e-30 1.86825e-30 9.3676e-31
2.04725e-05 2.50244e-05 2.51976e-05 2.23871e-05 1.8338e-05 1.41712e-05 1.04751e-05 7.47393e-06 5.18011e-06 3.50383e-06 2.3211e-06 1.51003e-06 9.66875e-07 6.10413e-07 3.80528e-07 2.34528e-07 1.43056e-07 8.64382e-08 5.17767e-08 3.0767e-08 1.81474e-08 1.06305e-08 6.18729e-09 3.57963e-09 2.05935e-09 1.17847e-09 6.7103e-10 3.80291e-10 2.14562e-10 1.20546e-10 6.74541e-11 3.76014e-11 2.08842e-11 1.15591e-11 6.37655e-12 3.50647e-12 1.92236e-12 1.05083e-12 5.72813e-13 3.11405e-13 1.68856e-13 9.13323e-14 4.92823e-14 2.65309e-14 1.42509e-14 7.63833e-15 4.08552e-15 2.18083e-15 1.16184e-15 6.17807e-16 3.27916e-16 1.7374e-16 9.18948e-17 4.85237e-17 2.55807e-17 1.34643e-17 7.07603e-18 3.71319e-18 1.94569e-18 1.01809e-18 5.31984e-19 2.77606e-19 1.44674e-19 7.53008e-20 3.91442e-20 2.03239e-20 1.05398e-20 5.45952e-21 2.82478e-21 1.45994e-21 7.53733e-22 3.88723e-22 2.00269e-22 1.03074e-22 5.29975e-23 2.72232e-23 1.39705e-23 7.16279e-24 3.66908e-24 1.87778e-24 9.60178e-25 4.90555e-25 2.50414e-25 1.27724e-25 6.50929e-26 3.31475e-26 1.68667e-26 8.57587e-27 4.35713e-27 2.21209e-27 1.12225e-27 5.68943e-28 2.88233e-28 1.45922e-28 7.38255e-29 3.73253e-29 1.88589e-29 9.5225e-30 4.8052e-30 2.42328e-30 1.22132e-30
9.51593e-06 1.23239e-05 1.288e-05 1.18006e-05 9.929e-06 7.86014e-06 5.93989e-06 4.32594e-06 3.05648e-06 2.1053e-06 1.41891e-06 9.3841e-07 6.10413e-07 3.91252e-07 2.47491e-07 1.54701e-07 9.56609e-08 5.85715e-08 3.55388e-08 2.1384e-08 1.27677e-08 7.5686e-09 4.45662e-09 2.60778e-09 1.51699e-09 8.77589e-10 5.05053e-10 2.89231e-10 1.64865e-10 9.35611e-11 5.28736e-11 2.97611e-11 1.66881e-11 9.32371e-12 5.19116e-12 2.88071e-12 1.59351e-12 8.7879e-13 4.83221e-13 2.64963e-13 1.44894e-13 7.90289e-14 4.29963e-14 2.33359e-14 1.26359e-14 6.82662e-15 3.6801e-15 1.97969e-15 1.06279e-15 5.69429e-16 3.04509e-16 1.62537e-16 8.66007e-17 4.60607e-17 2.44569e-17 1.29644e-17 6.86134e-18 3.62564e-18 1.91294e-18 1.0078e-18 5.30174e-19 2.78518e-19 1.46114e-19 7.65512e-20 4.00539e-20 2.09308e-20 1.09241e-20 5.69455e-21 2.96496e-21 1.54196e-21 8.0101e-22 4.15643e-22 2.15443e-22 1.11554e-22 5.77015e-23 2.98159e-23 1.53913e-23 7.93746e-24 4.08953e-24 2.10503e-24 1.08254e-24 5.56214e-25 2.85532e-25 1.46451e-25 7.50523e-26 3.84302e-26 1.96619e-26 1.00515e-26 5.13446e-27 2.62073e-27 1.33666e-27 6.81229e-28 3.46935e-28 1.76559e-28 8.97891e-29 4.56305e-29 2.31734e-29 1.17606e-29 5.96464e-30 3.02311e-30 1.53125e-30
4.42315e-06 6.05007e-06 6.55305e-06 6.18376e-06 5.33887e-06 4.32561e-06 3.33911e-06 2.48033e-06 1.78522e-06 1.25135e-06 8.575e-07 5.7618e-07 3.80528e-07 2.47491e-07 1.58773e-07 1.00604e-07 6.30336e-08 3.90904e-08 2.40145e-08 1.46252e-08 8.83557e-09 5.29808e-09 3.1548e-09 1.86635e-09 1.09738e-09 6.41534e-10 3.73016e-10 2.1578e-10 1.24219e-10 7.11821e-11 4.06121e-11 2.30747e-11 1.30586e-11 7.36234e-12 4.13588e-12 2.31536e-12 1.29191e-12 7.1857e-13 3.98457e-13 2.20304e-13 1.21462e-13 6.67852e-14 3.66257e-14 2.00353e-14 1.09332e-14 5.95225e-15 3.23316e-15 1.75234e-15 9.47729e-16 5.11512e-16 2.75524e-16 1.48123e-16 7.94819e-17 4.25717e-17 2.27617e-17 1.21489e-17 6.47358e-18 3.44384e-18 1.82916e-18 9.70042e-19 5.13659e-19 2.71595e-19 1.434e-19 7.56082e-20 3.98106e-20 2.0934e-20 1.09936e-20 5.76607e-21 3.02052e-21 1.58037e-21 8.25889e-22 4.31104e-22 2.24777e-22 1.17069e-22 6.09059e-23 3.16531e-23 1.64332e-23 8.52291e-24 4.4159e-24 2.28574e-24 1.182e-24 6.10663e-25 3.15199e-25 1.62546e-25 8.37494e-26 4.31131e-26 2.21752e-26 1.13962e-26 5.85188e-27 3.00248e-27 1.53928e-27 7.88532e-28 4.03633e-28 2.06455e-28 1.05522e-28 5.38946e-29 2.75065e-29 1.40288e-29 7.14995e-30 3.64158e-30 1.85347e-30
2.05594e-06 2.96171e-06 3.32002e-06 3.22325e-06 2.85286e-06 2.36369e-06 1.86243e-06 1.41005e-06 1.03319e-06 7.36543e-07 5.12886e-07 3.49941e-07 2.34528e-07 1.54701e-07 1.00604e-07 6.45892e-08 4.09866e-08 2.57336e-08 1.59997e-08 9.85845e-09 6.02392e-09 3.65242e-09 2.19856e-09 1.31449e-09 7.80943e-10 4.612e-10 2.70841e-10 1.58209e-10 9.19527e-11 5.31894e-11 3.06279e-11 1.75605e-11 1.0027e-11 5.703e-12 3.23152e-12 1.82454e-12 1.02662e-12 5.75747e-13 3.21871e-13 1.79395e-13 9.9694e-14 5.52465e-14 3.05324e-14 1.68299e-14 9.25341e-15 5.07532e-15 2.77715e-15 1.51615e-15 8.25898e-16 4.48932e-16 2.43518e-16 1.31828e-16 7.12259e-17 3.84098e-17 2.0675e-17 1.11089e-17 5.95855e-18 3.19061e-18 1.70565e-18 9.1035e-19 4.85117e-19 2.58121e-19 1.37136e-19 7.27533e-20 3.85423e-20 2.03903e-20 1.07726e-20 5.68393e-21 2.99513e-21 1.57629e-21 8.2856e-22 4.34998e-22 2.28108e-22 1.19479e-22 6.25107e-23 3.26691e-23 1.7055e-23 8.89413e-24 4.63346e-24 2.41138e-24 1.2537e-24 6.51172e-25 3.37895e-25 1.7517e-25 9.07266e-26 4.6948e-26 2.42724e-26 1.2538e-26 6.47103e-27 3.33697e-27 1.71937e-27 8.85189e-28 4.55359e-28 2.34062e-28 1.20219e-28 6.16999e-29 3.16426e-29 1.62159e-29 8.30413e-30 4.24952e-30 2.17311e-30
9.55633e-07 1.44616e-06 1.67564e-06 1.67203e-06 1.51582e-06 1.28334e-06 1.03144e-06 7.95425e-07 5.92995e-07 4.29698e-07 3.03898e-07 2.10444e-07 1.43056e-07 9.56609e-08 6.30336e-08 4.09866e-08 2.63315e-08 1.67311e-08 1.0524e-08 6.55824e-09 4.05175e-09 2.48319e-09 1.51052e-09 9.12437e-10 5.47552e-10 3.26562e-10 1.93631e-10 1.14182e-10 6.6982e-11 3.90997e-11 2.27171e-11 1.31399e-11 7.56806e-12 4.34124e-12 2.4806e-12 1.41217e-12 8.01076e-13 4.52875e-13 2.55187e-13 1.43342e-13 8.02732e-14 4.48231e-14 2.49581e-14 1.38593e-14 7.67603e-15 4.24065e-15 2.33704e-15 1.28491e-15 7.04825e-16 3.85769e-16 2.10688e-16 1.14827e-16 6.24555e-17 3.39033e-17 1.83689e-17 9.93386e-18 5.36251e-18 2.88971e-18 1.55453e-18 8.3487e-19 4.47645e-19 2.39641e-19 1.28091e-19 6.83635e-20 3.64326e-20 1.93881e-20 1.03032e-20 5.46781e-21 2.89785e-21 1.53381e-21 8.10794e-22 4.28064e-22 2.25723e-22 1.18884e-22 6.25409e-23 3.28629e-23 1.72488e-23 9.04351e-24 4.73637e-24 2.47797e-24 1.29508e-24 6.76168e-25 3.5268e-25 1.83773e-25 9.56683e-26 4.97559e-26 2.58535e-26 1.34215e-26 6.96138e-27 3.60753e-27 1.86789e-27 9.66326e-28 4.99501e-28 2.57985e-28 1.33139e-28 6.86549e-29 3.53754e-29 1.82138e-29 9.37069e-30 4.81751e-30 2.4749e-30
4.44193e-07 7.04506e-07 8.42776e-07 8.63545e-07 8.0125e-07 6.92702e-07 5.67526e-07 4.45548e-07 3.3777e-07 2.48662e-07 1.78528e-07 1.25417e-07 8.64382e-08 5.85715e-08 3.90904e-08 2.57336e-08 1.67311e-08 1.0755e-08 6.84168e-09 4.31056e-09 2.69173e-09 1.66698e-09 1.02441e-09 6.24992e-10 3.78731e-10 2.28043e-10 1.36487e-10 8.12268e-11 4.80808e-11 2.83159e-11 1.65952e-11 9.68131e-12 5.62311e-12 3.25235e-12 1.8736e-12 1.07521e-12 6.14766e-13 3.50265e-13 1.9889e-13 1.12568e-13 6.35127e-14 3.57269e-14 2.00386e-14 1.12078e-14 6.25174e-15 3.47812e-15 1.93014e-15 1.06849e-15 5.90101e-16 3.2515e-16 1.78762e-16 9.80681e-17 5.36873e-17 2.93314e-17 1.59932e-17 8.70367e-18 4.7278e-18 2.56345e-18 1.38747e-18 7.49675e-19 4.04383e-19 2.17772e-19 1.1709e-19 6.28576e-20 3.36929e-20 1.80332e-20 9.63784e-21 5.14365e-21 2.74134e-21 1.45904e-21 7.75528e-22 4.11686e-22 2.18266e-22 1.15576e-22 6.11256e-23 3.22896e-23 1.70372e-23 8.97922e-24 4.7271e-24 2.48585e-24 1.30584e-24 6.85249e-25 3.59218e-25 1.88117e-25 9.84163e-26 5.14378e-26 2.68585e-26 1.40111e-26 7.30237e-27 3.80242e-27 1.9782e-27 1.02825e-27 5.34015e-28 2.77103e-28 1.43671e-28 7.44285e-29 3.85266e-29 1.99269e-29 1.02986e-29 5.31846e-30 2.74451e-30
2.06467e-07 3.42483e-07 4.22535e-07 4.442e-07 4.21529e-07 3.71889e-07 3.10414e-07 2.47955e-07 1.91056e-07 1.42831e-07 1.04056e-07 7.4127e-08 5.17767e-08 3.55388e-08 2.40145e-08 1.59997e-08 1.0524e-08 6.84168e-09 4.40021e-09 2.80205e-09 1.76802e-09 1.10609e-09 6.86493e-10 4.22907e-10 2.58713e-10 1.57231e-10 9.49652e-11 5.70229e-11 3.40508e-11 2.02266e-11 1.1955e-11 7.0325e-12 4.11817e-12 2.40116e-12 1.39425e-12 8.06392e-13 4.64627e-13 2.66737e-13 1.52597e-13 8.70067e-14 4.94489e-14 2.80162e-14 1.58256e-14 8.91367e-15 5.00656e-15 2.80447e-15 1.56686e-15 8.73196e-16 4.85437e-16 2.69231e-16 1.48978e-16 8.22525e-17 4.53147e-17 2.49125e-17 1.36681e-17 7.4841e-18 4.09009e-18 2.23106e-18 1.21478e-18 6.6025e-19 3.58235e-19 1.94041e-19 1.04931e-19 5.66517e-20 3.05382e-20 1.64364e-20 8.83328e-21 4.74026e-21 2.54017e-21 1.3593e-21 7.26401e-22 3.87666e-22 2.06619e-22 1.09984e-22 5.84713e-23 3.10473e-23 1.64658e-23 8.72234e-24 4.6151e-24 2.43915e-24 1.2877e-24 6.79075e-25 3.57733e-25 1.88254e-25 9.89658e-26 5.19742e-26 2.72684e-26 1.42926e-26 7.48423e-27 3.9154e-27 2.04647e-27 1.06866e-27 5.57558e-28 2.90642e-28 1.51375e-28 7.8774e-29 4.0959e-29 2.12795e-29 1.10464e-29 5.7298e-30 2.96974e-30
9.59691e-08 1.66172e-07 2.11225e-07 2.27647e-07 2.20794e-07 1.98668e-07 1.68855e-07 1.37169e-07 1.07376e-07 8.14813e-08 6.02105e-08 4.34786e-08 3.0767e-08 2.1384e-08 1.46252e-08 9.85845e-09 6.55824e-09 4.31056e-09 2.80205e-09 1.80296e-09 1.14919e-09 7.26082e-10 4.55008e-10 2.8296e-10 1.74706e-10 1.0714e-10 6.52876e-11 3.9545e-11 2.38164e-11 1.42663e-11 8.5019e-12 5.04192e-12 2.97612e-12 1.74893e-12 1.02341e-12 5.96425e-13 3.46234e-13 2.00243e-13 1.15395e-13 6.62694e-14 3.79312e-14 2.16417e-14 1.23096e-14 6.98079e-15 3.94745e-15 2.22598e-15 1.25187e-15 7.02216e-16 3.92905e-16 2.19303e-16 1.22117e-16 6.7844e-17 3.76079e-17 2.08021e-17 1.14822e-17 6.32489e-18 3.47712e-18 1.90786e-18 1.04485e-18 5.71172e-19 3.11676e-19 1.69779e-19 9.23267e-20 5.01246e-20 2.71689e-20 1.4703e-20 7.94461e-21 4.28632e-21 2.30917e-21 1.24223e-21 6.67328e-22 3.57996e-22 1.91792e-22 1.02615e-22 5.48316e-23 2.92618e-23 1.55968e-23 8.3031e-24 4.41499e-24 2.34484e-24 1.24394e-24 6.59172e-25 3.48916e-25 1.84491e-25 9.74468e-26 5.14173e-26 2.71024e-26 1.42715e-26 7.50768e-27 3.94567e-27 2.07168e-27 1.08672e-27 5.69531e-28 2.98211e-28 1.56007e-28 8.15425e-29 4.25846e-29 2.22205e-29 1.15849e-29 6.03501e-30 3.14132e-30
4.46078e-08 8.04839e-08 1.05307e-07 1.16268e-07 1.15184e-07 1.05645e-07 9.13858e-08 7.5463e-08 5.99881e-08 4.61886e-08 3.46065e-08 2.53222e-08 1.81474e-08 1.27677e-08 8.83557e-09 6.02392e-09 4.05175e-09 2.69173e-09 1.76802e-09 1.14919e-09 7.39749e-10 4.71908e-10 2.98521e-10 1.87359e-10 1.16726e-10 7.22175e-11 4.43888e-11 2.71155e-11 1.64671e-11 9.945e-12 5.97446e-12 3.57117e-12 2.12442e-12 1.25802e-12 7.4171e-13 4.35477e-13 2.54656e-13 1.48346e-13 8.60975e-14 4.97926e-14 2.86982e-14 1.6486e-14 9.4406e-15 5.38957e-15 3.06779e-15 1.74123e-15 9.8557e-16 5.56363e-16 3.1326e-16 1.75939e-16 9.85747e-17 5.50989e-17 3.07274e-17 1.70979e-17 9.49342e-18 5.26005e-18 2.9085e-18 1.60503e-18 8.84013e-19 4.85975e-19 2.66668e-19 1.46067e-19 7.98677e-20 4.35965e-20 2.3758e-20 1.29259e-20 7.02141e-21 3.80815e-21 2.06227e-21 1.11515e-21 6.02136e-22 3.24668e-22 1.74816e-22 9.40015e-23 5.0479e-23 2.70721e-23 1.45003e-23 7.75698e-24 4.14454e-24 2.21176e-24 1.17893e-24 6.27678e-25 3.33806e-25 1.77325e-25 9.40958e-26 4.98777e-26 2.64111e-26 1.39707e-26 7.38257e-27 3.89731e-27 2.05541e-27 1.08296e-27 5.70055e-28 2.9979e-28 1.57514e-28 8.26861e-29 4.33671e-29 2.27254e-29 1.18984e-29 6.22446e-30 3.25352e-30
2.07344e-08 3.89183e-08 5.23704e-08 5.91941e-08 5.98648e-08 5.59399e-08 4.92261e-08 4.1303e-08 3.3329e-08 2.60286e-08 1.97666e-08 1.46512e-08 1.06305e-08 7.5686e-09 5.29808e-09 3.65242e-09 2.48319e-09 1.66698e-09 1.10609e-09 7.26082e-10 4.71908e-10 3.03885e-10 1.94006e-10 1.22861e-10 7.72186e-11 4.81877e-11 2.98698e-11 1.83981e-11 1.12643e-11 6.85737e-12 4.15202e-12 2.50105e-12 1.49917e-12 8.94421e-13 5.31234e-13 3.1417e-13 1.85037e-13 1.08552e-13 6.34409e-14 3.6942e-14 2.14362e-14 1.23968e-14 7.14588e-15 4.10618e-15 2.35236e-15 1.34368e-15 7.65343e-16 4.34736e-16 2.46287e-16 1.39168e-16 7.84424e-17 4.41075e-17 2.4743e-17 1.38484e-17 7.73367e-18 4.30957e-18 2.39646e-18 1.3299e-18 7.36555e-19 4.07145e-19 2.24633e-19 1.23708e-19 6.80056e-20 3.7319e-20 2.04443e-20 1.11813e-20 6.10523e-21 3.32828e-21 1.8116e-21 9.84567e-22 5.34294e-22 2.89523e-22 1.56664e-22 8.46539e-23 4.56807e-23 2.46171e-23 1.32487e-23 7.12117e-24 3.82281e-24 2.04965e-24 1.09761e-24 5.8709e-25 3.13657e-25 1.67382e-25 8.92225e-26 4.75075e-26 2.52686e-26 1.34258e-26 7.12598e-27 3.77837e-27 2.00137e-27 1.05906e-27 5.59875e-28 2.95697e-28 1.56025e-28 8.22505e-29 4.332e-29 2.27955e-29 1.19847e-29 6.2955e-30 3.30416e-30
9.63765e-09 1.87908e-08 2.59842e-08 3.0048e-08 3.10051e-08 2.95034e-08 2.64e-08 2.24983e-08 1.84222e-08 1.45874e-08 1.12247e-08 8.42518e-09 6.18729e-09 4.45662e-09 3.1548e-09 2.19856e-09 1.51052e-09 1.02441e-09 6.86493e-10 4.55008e-10 2.98521e-10 1.94006e-10 1.24973e-10 7.98406e-11 5.0613e-11 3.18515e-11 1.99071e-11 1.23613e-11 7.62859e-12 4.68046e-12 2.85576e-12 1.73325e-12 1.04668e-12 6.2904e-13 3.76311e-13 2.24132e-13 1.32933e-13 7.85239e-14 4.62046e-14 2.70861e-14 1.58215e-14 9.20968e-15 5.34309e-15 3.08988e-15 1.78131e-15 1.02384e-15 5.86764e-16 3.3533e-16 1.91117e-16 1.08637e-16 6.15951e-17 3.48366e-17 1.96552e-17 1.10638e-17 6.21355e-18 3.4819e-18 1.94696e-18 1.0864e-18 6.0497e-19 3.36214e-19 1.86491e-19 1.03248e-19 5.70561e-20 3.14734e-20 1.7331e-20 9.52711e-21 5.22844e-21 2.86466e-21 1.56704e-21 8.55874e-22 4.66741e-22 2.54152e-22 1.38189e-22 7.50301e-23 4.06806e-23 2.20264e-23 1.19101e-23 6.43154e-24 3.46859e-24 1.86828e-24 1.00506e-24 5.40022e-25 2.8981e-25 1.55348e-25 8.31758e-26 4.44834e-26 2.37639e-26 1.26813e-26 6.75996e-27 3.59972e-27 1.91489e-27 1.0176e-27 5.40228e-28 2.86517e-28 1.51811e-28 8.03611e-29 4.24993e-29 2.24552e-29 1.18539e-29 6.25198e-30 3.29453e-30
4.47972e-09 9.06011e-09 1.28646e-08 1.5211e-08 1.60059e-08 1.55029e-08 1.41003e-08 1.22004e-08 1.01337e-08 8.13342e-09 6.3395e-09 4.81722e-09 3.57963e-09 2.60778e-09 1.86635e-09 1.31449e-09 9.12437e-10 6.24992e-10 4.22907e-10 2.8296e-10 1.87359e-10 1.22861e-10 7.98406e-11 5.14468e-11 3.28885e-11 2.08683e-11 1.31483e-11 8.22931e-12 5.11824e-12 3.16432e-12 1.94525e-12 1.18938e-12 7.23481e-13 4.37922e-13 2.63829e-13 1.58232e-13 9.44912e-14 5.6194e-14 3.3286e-14 1.96414e-14 1.15474e-14 6.76487e-15 3.94956e-15 2.2983e-15 1.33315e-15 7.70936e-16 4.44491e-16 2.55539e-16 1.46501e-16 8.37623e-17 4.7766e-17 2.71696e-17 1.54162e-17 8.72625e-18 4.92795e-18 2.77665e-18 1.56105e-18 8.75755e-19 4.90275e-19 2.73913e-19 1.5273e-19 8.49956e-20 4.72116e-20 2.61759e-20 1.44869e-20 8.00361e-21 4.4142e-21 2.43048e-21 1.33604e-21 7.33254e-22 4.01799e-22 2.19835e-22 1.20098e-22 6.55144e-23 3.56873e-23 1.94125e-23 1.0545e-23 5.72044e-24 3.0991e-24 1.67679e-24 9.06081e-25 4.89006e-25 2.6359e-25 1.41913e-25 7.63135e-26 4.099e-26 2.19918e-26 1.17858e-26 6.30926e-27 3.37389e-27 1.80228e-27 9.61747e-28 5.1269e-28 2.73031e-28 1.45257e-28 7.72043e-29 4.09948e-29 2.17473e-29 1.1526e-29 6.1032e-30 3.22883e-30
2.08224e-09 4.36273e-09 6.3564e-09 7.68037e-09 8.23764e-09 8.11802e-09 7.50213e-09 6.58832e-09 5.54921e-09 4.5131e-09 3.5622e-09 2.73955e-09 2.05935e-09 1.51699e-09 1.09738e-09 7.80943e-10 5.47552e-10 3.78731e-10 2.58713e-10 1.74706e-10 1.16726e-10 7.72186e-11 5.0613e-11 3.28885e-11 2.11984e-11 1.35595e-11 8.6111e-12 5.43149e-12 3.40394e-12 2.12026e-12 1.31304e-12 8.08652e-13 4.95403e-13 3.01974e-13 1.83186e-13 1.10615e-13 6.64998e-14 3.98096e-14 2.3735e-14 1.40959e-14 8.33988e-15 4.91647e-15 2.88822e-15 1.69099e-15 9.8682e-16 5.74073e-16 3.32947e-16 1.92532e-16 1.11017e-16 6.38377e-17 3.661e-17 2.09407e-17 1.19478e-17 6.8001e-18 3.86108e-18 2.18723e-18 1.23623e-18 6.97193e-19 3.92353e-19 2.20341e-19 1.23491e-19 6.90735e-20 3.85612e-20 2.14868e-20 1.19507e-20 6.63495e-21 3.67721e-21 2.03449e-21 1.12374e-21 6.19673e-22 3.41165e-22 1.87536e-22 1.0293e-22 5.64083e-23 3.08679e-23 1.68673e-23 9.20389e-24 5.01529e-24 2.72918e-24 1.48317e-24 8.04978e-25 4.36336e-25 2.36218e-25 1.27724e-25 6.89769e-26 3.72067e-26 2.00462e-26 1.07881e-26 5.79925e-27 3.11399e-27 1.67029e-27 8.94958e-28 4.79025e-28 2.56132e-28 1.36814e-28 7.30068e-29 3.89197e-29 2.0728e-29 1.10288e-29 5.86269e-30 3.11361e-30
9.67857e-10 2.09826e-09 3.13478e-09 3.86863e-09 4.22748e-09 4.23712e-09 3.97713e-09 3.54377e-09 3.02588e-09 2.49293e-09 1.99203e-09 1.55012e-09 1.17847e-09 8.77589e-10 6.41534e-10 4.612e-10 3.26562e-10 2.28043e-10 1.57231e-10 1.0714e-10 7.22175e-11 4.81877e-11 3.18515e-11 2.08683e-11 1.35595e-11 8.74207e-12 5.59489e-12 3.55592e-12 2.24519e-12 1.40879e-12 8.78741e-13 5.45034e-13 3.3624e-13 2.06368e-13 1.26038e-13 7.66155e-14 4.63633e-14 2.79353e-14 1.67621e-14 1.00177e-14 5.96402e-15 3.53753e-15 2.09079e-15 1.23147e-15 7.22925e-16 4.23023e-16 2.46765e-16 1.43515e-16 8.32227e-17 4.81238e-17 2.77516e-17 1.5961e-17 9.15611e-18 5.23929e-18 2.99072e-18 1.70313e-18 9.67655e-19 5.48552e-19 3.10288e-19 1.75141e-19 9.86528e-20 5.54564e-20 3.11127e-20 1.74215e-20 9.73685e-21 5.43192e-21 3.02489e-21 1.68153e-21 9.33159e-22 5.16986e-22 2.85951e-22 1.57909e-22 8.70645e-23 4.79301e-23 2.63465e-23 1.4461e-23 7.92583e-24 4.33789e-24 2.37088e-24 1.29405e-24 7.0536e-25 3.83976e-25 2.08757e-25 1.13352e-25 6.14725e-26 3.3297e-26 1.80141e-26 9.73442e-27 5.25422e-27 2.8328e-27 1.5256e-27 8.20714e-28 4.41038e-28 2.36756e-28 1.26963e-28 6.80155e-29 3.64001e-29 1.94611e-29 1.03947e-29 5.54674e-30 2.95703e-30
4.49874e-10 1.00803e-09 1.54324e-09 1.94423e-09 2.16367e-09 2.20476e-09 2.10125e-09 1.89909e-09 1.64337e-09 1.37117e-09 1.10895e-09 8.72943e-10 6.7103e-10 5.05053e-10 3.73016e-10 2.70841e-10 1.93631e-10 1.36487e-10 9.49652e-11 6.52876e-11 4.43888e-11 2.98698e-11 1.99071e-11 1.31483e-11 8.6111e-12 5.59489e-12 3.608e-12 2.31027e-12 1.46941e-12 9.28657e-13 5.83364e-13 3.64352e-13 2.26317e-13 1.39841e-13 8.59754e-14 5.26052e-14 3.20394e-14 1.94278e-14 1.17306e-14 7.05417e-15 4.22539e-15 2.52142e-15 1.49914e-15 8.88196e-16 5.24446e-16 3.0865e-16 1.81072e-16 1.05902e-16 6.17534e-17 3.59058e-17 2.08187e-17 1.20382e-17 6.94267e-18 3.99372e-18 2.29165e-18 1.3118e-18 7.4914e-19 4.26838e-19 2.42658e-19 1.37651e-19 7.79195e-20 4.40164e-20 2.48146e-20 1.39619e-20 7.84059e-21 4.39479e-21 2.45885e-21 1.37325e-21 7.65605e-22 4.26106e-22 2.36758e-22 1.31334e-22 7.27373e-23 4.02212e-23 2.22067e-23 1.22422e-23 6.73901e-24 3.70428e-24 2.03328e-24 1.11451e-24 6.10074e-25 3.33503e-25 1.82073e-25 9.92737e-26 5.40596e-26 2.94018e-26 1.59714e-26 8.66553e-27 4.69608e-27 2.54199e-27 1.37442e-27 7.42302e-28 4.00465e-28 2.15814e-28 1.16181e-28 6.24791e-29 3.35652e-29 1.80138e-29 9.65802e-30 5.17305e-30 2.76813e-30
2.09108e-10 4.83757e-10 7.58474e-10 9.75012e-10 1.10459e-09 1.14392e-09 1.1066e-09 1.01415e-09 8.89161e-10 7.51142e-10 6.14712e-10 4.89387e-10 3.80291e-10 2.89231e-10 2.1578e-10 1.58209e-10 1.14182e-10 8.12268e-11 5.70229e-11 3.9545e-11 2.71155e-11 1.83981e-11 1.23613e-11 8.22931e-12 5.43149e-12 3.55592e-12 2.31027e-12 1.49016e-12 9.54622e-13 6.07588e-13 3.84331e-13 2.41685e-13 1.51134e-13 9.40049e-14 5.81725e-14 3.58227e-14 2.19564e-14 1.33971e-14 8.13913e-15 4.92426e-15 2.96732e-15 1.7812e-15 1.06524e-15 6.3478e-16 3.76958e-16 2.23104e-16 1.31618e-16 7.74037e-17 4.53824e-17 2.65299e-17 1.54647e-17 8.98974e-18 5.21174e-18 3.01359e-18 1.73813e-18 1.00001e-18 5.73967e-19 3.28664e-19 1.87771e-19 1.07038e-19 6.08852e-20 3.45596e-20 1.95763e-20 1.10668e-20 6.24398e-21 3.51617e-21 1.97636e-21 1.10884e-21 6.21005e-22 3.47187e-22 1.93771e-22 1.07967e-22 6.00592e-23 3.33559e-23 1.84963e-23 1.02407e-23 5.66138e-24 3.12516e-24 1.72264e-24 9.48202e-25 5.21198e-25 2.86096e-25 1.56834e-25 8.58609e-26 4.69453e-26 2.56353e-26 1.39812e-26 7.61584e-27 4.14353e-27 2.25171e-27 1.22222e-27 6.6266e-28 3.58877e-28 1.94143e-28 1.04913e-28 5.66331e-29 3.05391e-29 1.64511e-29 8.85303e-30 4.75943e-30 2.55617e-30
9.71966e-11 2.31927e-10 3.72192e-10 4.87974e-10 5.62557e-10 5.91892e-10 5.81014e-10 5.39787e-10 4.79374e-10 4.09919e-10 3.39374e-10 2.73193e-10 2.14562e-10 1.64865e-10 1.24219e-10 9.19527e-11 6.6982e-11 4.80808e-11 3.40508e-11 2.38164e-11 1.64671e-11 1.12643e-11 7.62859e-12 5.11824e-12 3.40394e-12 2.24519e-12 1.46941e-12 9.54622e-13 6.15874e-13 3.9471e-13 2.51382e-13 1.59143e-13 1.00176e-13 6.27152e-14 3.90587e-14 2.42045e-14 1.49278e-14 9.16444e-15 5.60144e-15 3.4092e-15 2.06649e-15 1.24769e-15 7.50475e-16 4.49755e-16 2.68584e-16 1.59846e-16 9.4818e-17 5.60647e-17 3.30479e-17 1.9422e-17 1.1381e-17 6.65029e-18 3.87533e-18 2.25227e-18 1.30559e-18 7.54919e-19 4.35441e-19 2.50566e-19 1.43849e-19 8.23963e-20 4.70924e-20 2.68572e-20 1.52847e-20 8.68094e-21 4.92048e-21 2.78356e-21 1.57169e-21 8.85771e-22 4.98294e-22 2.79818e-22 1.56859e-22 8.77816e-23 4.90425e-23 2.73547e-23 1.52334e-23 8.46991e-24 4.70214e-24 2.6065e-24 1.44271e-24 7.97393e-25 4.40098e-25 2.42561e-25 1.33506e-25 7.33831e-26 4.02829e-26 2.20843e-26 1.20919e-26 6.6125e-27 3.61163e-27 1.97024e-27 1.07354e-27 5.84273e-28 3.17625e-28 1.72475e-28 9.35527e-29 5.0689e-29 2.74351e-29 1.48334e-29 8.01172e-30 4.32282e-30 2.33008e-30
4.51784e-11 1.11089e-10 1.82369e-10 2.43756e-10 2.85857e-10 3.05469e-10 3.04182e-10 2.86404e-10 2.57573e-10 2.22898e-10 1.86647e-10 1.51892e-10 1.20546e-10 9.35611e-11 7.11821e-11 5.31894e-11 3.90997e-11 2.83159e-11 2.02266e-11 1.42663e-11 9.945e-12 6.85737e-12 4.68046e-12 3.16432e-12 2.12026e-12 1.40879e-12 9.28657e-13 6.07588e-13 3.9471e-13 2.54696e-13 1.63299e-13 1.04064e-13 6.5931e-14 4.15403e-14 2.60342e-14 1.62335e-14 1.00732e-14 6.22144e-15 3.8253e-15 2.34188e-15 1.42778e-15 8.66995e-16 5.24441e-16 3.16052e-16 1.89783e-16 1.13566e-16 6.77289e-17 4.02612e-17 2.38578e-17 1.40944e-17 8.30181e-18 4.87585e-18 2.85572e-18 1.66802e-18 9.71717e-19 5.64632e-19 3.2727e-19 1.89231e-19 1.09157e-19 6.28212e-20 3.60734e-20 2.06688e-20 1.18172e-20 6.74232e-21 3.83901e-21 2.18155e-21 1.23727e-21 7.00394e-22 3.95743e-22 2.23201e-22 1.25663e-22 7.06256e-23 3.96259e-23 2.21959e-23 1.24125e-23 6.93029e-24 3.86335e-24 2.15035e-24 1.19509e-24 6.63214e-25 3.67517e-25 2.03369e-25 1.12379e-25 6.20146e-26 3.41759e-26 1.88093e-26 1.03386e-26 5.67548e-27 3.11171e-27 1.70397e-27 9.31969e-28 5.09126e-28 2.77807e-28 1.51413e-28 8.24313e-29 4.4827e-29 2.43508e-29 1.32136e-29 7.16254e-30 3.87849e-30 2.09804e-30
2.09996e-11 5.31635e-11 8.9234e-11 1.21543e-10 1.44943e-10 1.57263e-10 1.58817e-10 1.5151e-10 1.37953e-10 1.20788e-10 1.02279e-10 8.41276e-11 6.74541e-11 5.28736e-11 4.06121e-11 3.06279e-11 2.27171e-11 1.65952e-11 1.1955e-11 8.5019e-12 5.97446e-12 4.15202e-12 2.85576e-12 1.94525e-12 1.31304e-12 8.78741e-13 5.83364e-13 3.84331e-13 2.51382e-13 1.63299e-13 1.05391e-13 6.75977e-14 4.31013e-14 2.73272e-14 1.72328e-14 1.08111e-14 6.74888e-15 4.19303e-15 2.59323e-15 1.59678e-15 9.79068e-16 5.97876e-16 3.63666e-16 2.20368e-16 1.33046e-16 8.00421e-17 4.79897e-17 2.86772e-17 1.70817e-17 1.01432e-17 6.00493e-18 3.5446e-18 2.08637e-18 1.22466e-18 7.16927e-19 4.18599e-19 2.43791e-19 1.41632e-19 8.20845e-20 4.74614e-20 2.73795e-20 1.57594e-20 9.05131e-21 5.18751e-21 2.96692e-21 1.69345e-21 9.64675e-22 5.48465e-22 3.1124e-22 1.76295e-22 9.96776e-23 5.62584e-23 3.16974e-23 1.78289e-23 1.00116e-23 5.61276e-24 3.14164e-24 1.75573e-24 9.797e-25 5.45854e-25 3.03682e-25 1.68708e-25 9.35909e-26 5.18475e-26 2.86832e-26 1.58469e-26 8.74359e-27 4.81805e-27 2.65156e-27 1.45743e-27 8.00091e-28 4.38699e-28 2.40258e-28 1.31426e-28 7.18103e-29 3.91922e-29 2.13663e-29 1.16355e-29 6.32954e-30 3.43952e-30 1.86711e-30
9.76092e-12 2.54212e-11 4.36048e-11 6.05011e-11 7.3343e-11 8.07742e-11 8.27056e-11 7.99238e-11 7.36607e-11 6.52418e-11 5.58534e-11 4.64256e-11 3.76014e-11 2.97611e-11 2.30747e-11 1.75605e-11 1.31399e-11 9.68131e-12 7.0325e-12 5.04192e-12 3.57117e-12 2.50105e-12 1.73325e-12 1.18938e-12 8.08652e-13 5.45034e-13 3.64352e-13 2.41685e-13 1.59143e-13 1.04064e-13 6.75977e-14 4.3634e-14 2.79967e-14 1.78605e-14 1.13317e-14 7.15174e-15 4.49097e-15 2.80652e-15 1.74573e-15 1.08105e-15 6.66574e-16 4.09307e-16 2.50331e-16 1.52512e-16 9.25713e-17 5.59866e-17 3.37426e-17 2.02679e-17 1.21345e-17 7.24197e-18 4.30883e-18 2.55604e-18 1.51188e-18 8.91762e-19 5.24556e-19 3.07738e-19 1.80072e-19 1.05104e-19 6.11965e-20 3.55465e-20 2.05994e-20 1.19104e-20 6.87129e-21 3.95557e-21 2.27229e-21 1.30264e-21 7.45261e-22 4.25538e-22 2.42512e-22 1.37946e-22 7.83227e-23 4.43898e-23 2.51138e-23 1.41838e-23 7.99719e-24 4.50156e-24 2.52979e-24 1.41943e-24 7.95184e-25 4.44791e-25 2.48424e-25 1.38545e-25 7.71544e-26 4.29058e-26 2.38268e-26 1.32136e-26 7.31805e-27 4.04759e-27 2.23581e-27 1.23344e-27 6.79612e-28 3.73997e-28 2.05565e-28 1.12853e-28 6.18829e-29 3.38943e-29 1.85435e-29 1.01338e-29 5.53191e-30 3.01654e-30 1.64317e-30
4.53702e-12 1.21462e-11 2.1281e-11 3.00669e-11 3.70406e-11 4.13958e-11 4.29637e-11 4.20474e-11 3.92173e-11 3.513e-11 3.04006e-11 2.55311e-11 2.08842e-11 1.66881e-11 1.30586e-11 1.0027e-11 7.56806e-12 5.62311e-12 4.11817e-12 2.97612e-12 2.12442e-12 1.49917e-12 1.04668e-12 7.23481e-13 4.95403e-13 3.3624e-13 2.26317e-13 1.51134e-13 1.00176e-13 6.5931e-14 4.31013e-14 2.79967e-14 1.80746e-14 1.16009e-14 7.40449e-15 4.70084e-15 2.96914e-15 1.86617e-15 1.1674e-15 7.26966e-16 4.50724e-16 2.78277e-16 1.71112e-16 1.04804e-16 6.39488e-17 3.88773e-17 2.35517e-17 1.42187e-17 8.55564e-18 5.13155e-18 3.06823e-18 1.82899e-18 1.08707e-18 6.4426e-19 3.80766e-19 2.24431e-19 1.31936e-19 7.73628e-20 4.525e-20 2.64028e-20 1.53693e-20 8.92591e-21 5.17218e-21 2.99048e-21 1.72534e-21 9.9334e-22 5.70731e-22 3.27262e-22 1.87288e-22 1.06978e-22 6.09907e-23 3.47087e-23 1.97167e-23 1.11806e-23 6.32924e-24 3.57689e-24 2.0181e-24 1.13678e-24 6.39324e-25 3.58997e-25 2.01278e-25 1.12681e-25 6.29897e-26 3.5161e-26 1.95991e-26 1.09096e-26 6.0644e-27 3.36654e-27 1.86641e-27 1.0334e-27 5.71447e-28 3.15602e-28 1.74088e-28 9.59118e-29 5.27786e-29 2.90092e-29 1.59262e-29 8.73365e-30 4.78404e-30 2.61767e-30 1.43076e-30
