0.0395021 0.0267595 0.0181274 0.0122798 0.0083186 0.00563518 0.00381738 0.00258597 0.00175178 0.00118669 0.000803889 0.00054457 0.000368902 0.000249901 0.000169288 0.000114679 7.76858e-05 5.26258e-05 3.56498e-05 2.41498e-05 1.63596e-05 1.10823e-05 7.50736e-06 5.08563e-06 3.4451e-06 2.33378e-06 1.58095e-06 1.07096e-06 7.25492e-07 4.91462e-07 3.32926e-07 2.25531e-07 1.52779e-07 1.03495e-07 7.01097e-08 4.74937e-08 3.21731e-08 2.17947e-08 1.47642e-08 1.00015e-08 6.77523e-09 4.58967e-09 3.10913e-09 2.10619e-09 1.42677e-09 9.66522e-10 6.54741e-10 4.43534e-10 3.00459e-10 2.03537e-10 1.3788e-10 9.34023e-11 6.32725e-11 4.2862e-11 2.90356e-11 1.96693e-11 1.33243e-11 9.02616e-12 6.1145e-12 4.14208e-12 2.80592e-12 1.90079e-12 1.28763e-12 8.72266e-13 5.9089e-13 4.0028e-13 2.71157e-13 1.83687e-13 1.24433e-13 8.42936e-14 5.71021e-14 3.86821e-14 2.6204e-14 1.77511e-14 1.20249e-14 8.14592e-15 5.5182e-15 3.73814e-15 2.53229e-15 1.71542e-15 1.16206e-15 7.87201e-16 5.33265e-16 3.61244e-16 2.44714e-16 1.65774e-16 1.12298e-16 7.60731e-17 5.15334e-17 3.49097e-17 2.36485e-17 1.602e-17 1.08522e-17 7.35151e-18 4.98006e-18 3.37359e-18 2.28533e-18 1.54813e-18 1.04873e-18 7.10432e-19 4.8126e-19
0.0267595 0.0206775 0.0157348 0.0118293 0.00880614 0.00650247 0.00476868 0.00347683 0.00252221 0.00182169 0.00131065 0.000939758 0.000671766 0.000478882 0.000340537 0.000241615 0.000171078 0.000120906 8.53017e-05 6.00864e-05 4.22627e-05 2.96857e-05 2.08251e-05 1.4592e-05 1.02132e-05 7.14102e-06 4.98812e-06 3.48111e-06 2.42731e-06 1.69114e-06 1.17734e-06 8.19045e-07 5.69396e-07 3.95583e-07 2.74657e-07 1.90584e-07 1.32171e-07 9.16123e-08 6.34669e-08 4.39468e-08 3.04161e-08 2.10418e-08 1.45504e-08 1.00575e-08 6.94909e-09 4.79955e-09 3.3137e-09 2.28704e-09 1.57791e-09 1.08831e-09 7.50379e-10 5.17223e-10 3.56406e-10 2.45521e-10 1.69088e-10 1.16418e-10 8.01334e-11 5.51441e-11 3.79384e-11 2.60949e-11 1.79446e-11 1.23372e-11 8.48014e-12 5.82773e-12 4.00413e-12 2.75062e-12 1.88916e-12 1.29726e-12 8.90648e-13 6.11375e-13 4.19599e-13 2.87931e-13 1.97547e-13 1.35514e-13 9.29456e-14 6.37395e-14 4.37042e-14 2.99623e-14 2.05384e-14 1.40766e-14 9.64648e-15 6.60973e-15 4.52838e-15 3.10204e-15 2.1247e-15 1.45511e-15 9.96422e-16 6.82245e-16 4.67077e-16 3.19734e-16 2.18847e-16 1.49778e-16 1.02497e-16 7.01339e-17 4.79847e-17 3.28272e-17 2.24556e-17 1.53594e-17 1.05047e-17 7.18378e-18 4.91229e-18
0.0181274 0.0157348 0.0131642 0.0107262 0.00856679 0.00673559 0.00522903 0.00401703 0.00305876 0.00231149 0.00173535 0.00129532 0.00096196 0.000711149 0.00052359 0.000384077 0.000280794 0.000204657 0.000148745 0.000107829 7.79802e-05 5.62691e-05 4.05188e-05 2.91209e-05 2.08915e-05 1.49623e-05 1.06988e-05 7.63872e-06 5.44618e-06 3.87777e-06 2.75754e-06 1.95858e-06 1.38952e-06 9.84724e-07 6.97135e-07 4.93049e-07 3.48381e-07 2.4594e-07 1.73472e-07 1.22256e-07 8.60929e-08 6.05808e-08 4.25977e-08 2.99318e-08 2.10178e-08 1.47488e-08 1.03433e-08 7.24928e-09 5.07784e-09 3.55483e-09 2.48727e-09 1.7394e-09 1.21577e-09 8.49365e-10 5.931e-10 4.13963e-10 2.88802e-10 2.01396e-10 1.40384e-10 9.78155e-11 6.81279e-11 4.74323e-11 3.30111e-11 2.29661e-11 1.59721e-11 1.11041e-11 7.71722e-12 5.36161e-12 3.72384e-12 2.58554e-12 1.79465e-12 1.24531e-12 8.63879e-13 5.99107e-13 4.15371e-13 2.87907e-13 1.99505e-13 1.38211e-13 9.57245e-14 6.62822e-14 4.58846e-14 3.17567e-14 2.19737e-14 1.52011e-14 1.05136e-14 7.26995e-15 5.02599e-15 3.47394e-15 2.40068e-15 1.65868e-15 1.14579e-15 7.9134e-16 5.46439e-16 3.7726e-16 2.60412e-16 1.79724e-16 1.24015e-16 8.55598e-17 5.90191e-17 4.07047e-17 2.8069e-17
0.0122798 0.0118293 0.0107262 0.00934108 0.00790137 0.00653712 0.0053145 0.00425934 0.00337334 0.00264483 0.0020557 0.00158573 0.00121505 0.000925508 0.000701212 0.000528723 0.000396925 0.000296795 0.000221113 0.000164175 0.000121519 8.96866e-05 6.60144e-05 4.84683e-05 3.55021e-05 2.59472e-05 1.89245e-05 1.37754e-05 1.00088e-05 7.25941e-06 5.25651e-06 3.80023e-06 2.74329e-06 1.97748e-06 1.42352e-06 1.02341e-06 7.34851e-07 5.27026e-07 3.77546e-07 2.70169e-07 1.93128e-07 1.37917e-07 9.8395e-08 7.0133e-08 4.9944e-08 3.5536e-08 2.52634e-08 1.7946e-08 1.27381e-08 9.03474e-09 6.40342e-09 4.53527e-09 3.20995e-09 2.27043e-09 1.60487e-09 1.13371e-09 8.00398e-10 5.64748e-10 3.98252e-10 2.80686e-10 1.97721e-10 1.39206e-10 9.79586e-11 6.88991e-11 4.84369e-11 3.40358e-11 2.39055e-11 1.67829e-11 1.17774e-11 8.26124e-12 5.79247e-12 4.05983e-12 2.84434e-12 1.99199e-12 1.39454e-12 9.75926e-13 6.82726e-13 4.77446e-13 3.33774e-13 2.33258e-13 1.62959e-13 1.1381e-13 7.94595e-14 5.54598e-14 3.86972e-14 2.69931e-14 1.88235e-14 1.31228e-14 9.14598e-15 6.37259e-15 4.43901e-15 3.09131e-15 2.15223e-15 1.49804e-15 1.04244e-15 7.25226e-16 5.0442e-16 3.5076e-16 2.43852e-16 1.69491e-16 1.17779e-16
0.0083186 0.00880614 0.00856679 0.00790137 0.00702151 0.00606905 0.00513358 0.00426723 0.00349624 0.00282983 0.00226659 0.00179899 0.00141645 0.00110734 0.000860185 0.000664357 0.000510436 0.00039031 0.000297151 0.000225317 0.000170213 0.000128141 9.61576e-05 7.19402e-05 5.36705e-05 3.99346e-05 2.96402e-05 2.19479e-05 1.62159e-05 1.19557e-05 8.79724e-06 6.46091e-06 4.73652e-06 3.4664e-06 2.53273e-06 1.84765e-06 1.34586e-06 9.78947e-07 7.11087e-07 5.1584e-07 3.7373e-07 2.70442e-07 1.95471e-07 1.41124e-07 1.01777e-07 7.33234e-08 5.27713e-08 3.79429e-08 2.72554e-08 1.95605e-08 1.40257e-08 1.00484e-08 7.19304e-09 5.14493e-09 3.67712e-09 2.62609e-09 1.8741e-09 1.33649e-09 9.52445e-10 6.783e-10 4.82748e-10 3.43354e-10 2.44059e-10 1.73375e-10 1.2309e-10 8.73393e-11 6.19377e-11 4.38999e-11 3.10987e-11 2.20189e-11 1.55822e-11 1.10217e-11 7.79216e-12 5.50633e-12 3.88926e-12 2.74585e-12 1.93774e-12 1.36686e-12 9.63769e-13 6.79268e-13 4.78558e-13 3.3702e-13 2.37251e-13 1.66954e-13 1.17442e-13 8.25833e-14 5.80505e-14 4.07913e-14 2.86536e-14 2.01208e-14 1.41243e-14 9.91172e-15 6.95332e-15 4.8764e-15 3.4188e-15 2.39617e-15 1.67893e-15 1.17604e-15 8.23541e-16 5.76538e-16 4.03507e-16
0.00563518 0.00650247 0.00673559 0.00653712 0.00606905 0.00545371 0.00477877 0.00410355 0.0034655 0.00288587 0.00237446 0.00193336 0.00155982 0.00124822 0.000991604 0.000782574 0.000613927 0.000479004 0.000371867 0.000287366 0.000221121 0.000169475 0.000129413 9.84819e-05 7.4702e-05 5.64926e-05 4.26002e-05 3.20378e-05 2.4033e-05 1.79849e-05 1.34281e-05 1.00041e-05 7.43777e-06 5.5189e-06 4.08738e-06 3.02175e-06 2.2301e-06 1.64314e-06 1.20876e-06 8.87868e-07 6.51214e-07 4.76971e-07 3.48878e-07 2.54855e-07 1.85938e-07 1.35494e-07 9.86203e-08 7.17006e-08 5.20723e-08 3.77776e-08 2.7379e-08 1.98232e-08 1.43388e-08 1.03621e-08 7.48162e-09 5.39711e-09 3.89009e-09 2.80155e-09 2.016e-09 1.44958e-09 1.04152e-09 7.4777e-10 5.36486e-10 3.84631e-10 2.75571e-10 1.97303e-10 1.41173e-10 1.00948e-10 7.21392e-11 5.1521e-11 3.67741e-11 2.62331e-11 1.87031e-11 1.33271e-11 9.49136e-12 6.75603e-12 4.80652e-12 3.41784e-12 2.42918e-12 1.72567e-12 1.22532e-12 8.69646e-13 6.16933e-13 4.37462e-13 3.10066e-13 2.19676e-13 1.55571e-13 1.10128e-13 7.79279e-14 5.51208e-14 3.89735e-14 2.7546e-14 1.94619e-14 1.37453e-14 9.70431e-15 6.84892e-15 4.83203e-15 3.40791e-15 2.40271e-15 1.69344e-15 1.19316e-15
0.00381738 0.00476868 0.00522903 0.0053145 0.00513358 0.00477877 0.00432384 0.00382441 0.00332013 0.00283748 0.00239265 0.00199418 0.00164514 0.00134492 0.00109058 0.000877882 0.00070198 0.000557925 0.000440968 0.000346745 0.000271363 0.000211435 0.000164067 0.000126823 9.76812e-05 7.49823e-05 5.73753e-05 4.37712e-05 3.32981e-05 2.52629e-05 1.91178e-05 1.44325e-05 1.08703e-05 8.16936e-06 6.12663e-06 4.58547e-06 3.4254e-06 2.55411e-06 1.90108e-06 1.41263e-06 1.04796e-06 7.76219e-07 5.74074e-07 4.23955e-07 3.12654e-07 2.30261e-07 1.6936e-07 1.24409e-07 9.12774e-08 6.68901e-08 4.89625e-08 3.58001e-08 2.6148e-08 1.90783e-08 1.3906e-08 1.0126e-08 7.36645e-09 5.35398e-09 3.8878e-09 2.82066e-09 2.04468e-09 1.48095e-09 1.07177e-09 7.75038e-10 5.60027e-10 4.04361e-10 2.91751e-10 2.10351e-10 1.51557e-10 1.09121e-10 7.85156e-11 5.64572e-11 4.05703e-11 2.91358e-11 2.09113e-11 1.49996e-11 1.07529e-11 7.7041e-12 5.51668e-12 3.94818e-12 2.82413e-12 2.01904e-12 1.44272e-12 1.03039e-12 7.35544e-13 5.24813e-13 3.74278e-13 2.66798e-13 1.90096e-13 1.35384e-13 9.63771e-14 6.8579e-14 4.87781e-14 3.46799e-14 2.46464e-14 1.75088e-14 1.24333e-14 8.82565e-15 6.26243e-15 4.44198e-15 3.14956e-15
0.00258597 0.00347683 0.00401703 0.00425934 0.00426723 0.00410355 0.00382441 0.0034764 0.00309598 0.00271017 0.00233782 0.00199106 0.00167685 0.00139826 0.00115563 0.00094748 0.000771191 0.00062355 0.000501113 0.000400463 0.000318373 0.000251893 0.000198401 0.000155615 0.000121576 9.46329e-05 7.34047e-05 5.67518e-05 4.37408e-05 3.36136e-05 2.57591e-05 1.96876e-05 1.50092e-05 1.1415e-05 8.66154e-06 6.5578e-06 4.95457e-06 3.73575e-06 2.81131e-06 2.1117e-06 1.58336e-06 1.18517e-06 8.85652e-07 6.60773e-07 4.92235e-07 3.66141e-07 2.71957e-07 2.01721e-07 1.49423e-07 1.1054e-07 8.16728e-08 6.02705e-08 4.44241e-08 3.27065e-08 2.40529e-08 1.76697e-08 1.29669e-08 9.50603e-09 6.96194e-09 5.0938e-09 3.72345e-09 2.71926e-09 1.98412e-09 1.44646e-09 1.05361e-09 7.66814e-10 5.57636e-10 4.052e-10 2.94208e-10 2.13458e-10 1.54758e-10 1.12119e-10 8.11713e-11 5.87257e-11 4.24582e-11 3.06768e-11 2.21503e-11 1.59837e-11 1.15267e-11 8.30755e-12 5.98388e-12 4.30767e-12 3.09923e-12 2.22856e-12 1.60162e-12 1.15043e-12 8.25912e-13 5.9263e-13 4.25024e-13 3.04669e-13 2.18289e-13 1.56324e-13 1.11897e-13 8.00588e-14 5.72536e-14 4.09264e-14 2.92425e-14 2.08851e-14 1.491e-14 1.06399e-14 7.58956e-15
0.00175178 0.00252221 0.00305876 0.00337334 0.00349624 0.0034655 0.00332013 0.00309598 0.00282366 0.00252786 0.00222737 0.00193575 0.00166209 0.00141189 0.0011879 0.000990833 0.000819999 0.000673776 0.000550001 0.000446254 0.000360054 0.000288997 0.000230842 0.000183555 0.000145337 0.000114618 9.00523e-05 7.05015e-05 5.50104e-05 4.27868e-05 3.31791e-05 2.56551e-05 1.97832e-05 1.52155e-05 1.16734e-05 8.93454e-06 6.82275e-06 5.19874e-06 3.95301e-06 2.99974e-06 2.27195e-06 1.71754e-06 1.29609e-06 9.76367e-07 7.3429e-07 5.51345e-07 4.13336e-07 3.09408e-07 2.31274e-07 1.72628e-07 1.28678e-07 9.57903e-08 7.12168e-08 5.28815e-08 3.92193e-08 2.90527e-08 2.1497e-08 1.58887e-08 1.17308e-08 8.65196e-09 6.37464e-09 4.69208e-09 3.45027e-09 2.53472e-09 1.8604e-09 1.36425e-09 9.99536e-10 7.31697e-10 5.35181e-10 3.91124e-10 2.85616e-10 2.08406e-10 1.51952e-10 1.10708e-10 8.05999e-11 5.8638e-11 4.26304e-11 3.09716e-11 2.24861e-11 1.63148e-11 1.18295e-11 8.57197e-12 6.20761e-12 4.49267e-12 3.24958e-12 2.34907e-12 1.69713e-12 1.22544e-12 8.84357e-13 6.37865e-13 4.59832e-13 3.31316e-13 2.38596e-13 1.71737e-13 1.23552e-13 8.88437e-14 6.38549e-14 4.5873e-14 3.29397e-14 2.3642e-14 1.69612e-14
0.00118669 0.00182169 0.00231149 0.00264483 0.00282983 0.00288587 0.00283748 0.00271017 0.00252786 0.00231135 0.00207778 0.0018405 0.00160938 0.00139123 0.00119039 0.00100917 0.000848386 0.000707783 0.00058635 0.000482618 0.000394866 0.000321278 0.000260053 0.000209479 0.000167976 0.000134122 0.000106662 8.45024e-05 6.6707e-05 5.24804e-05 4.11548e-05 3.21745e-05 2.50803e-05 1.94958e-05 1.51145e-05 1.1688e-05 9.01629e-06 6.93905e-06 5.32842e-06 4.08282e-06 3.12193e-06 2.38242e-06 1.8146e-06 1.37955e-06 1.04694e-06 7.93147e-07 5.99878e-07 4.52972e-07 3.4151e-07 2.57086e-07 1.9325e-07 1.45058e-07 1.08735e-07 8.13984e-08 6.08554e-08 4.54397e-08 3.38876e-08 2.52422e-08 1.87807e-08 1.39575e-08 1.03616e-08 7.68384e-09 5.69219e-09 4.21248e-09 3.11435e-09 2.30025e-09 1.69736e-09 1.25133e-09 9.21682e-10 6.78277e-10 4.98723e-10 3.66393e-10 2.68954e-10 1.9727e-10 1.44577e-10 1.05878e-10 7.74793e-11 5.66558e-11 4.13989e-11 3.02292e-11 2.20578e-11 1.60843e-11 1.17207e-11 8.53535e-12 6.2117e-12 4.51779e-12 3.28377e-12 2.38538e-12 1.73174e-12 1.25648e-12 9.11126e-13 6.60324e-13 4.78294e-13 3.46256e-13 2.50534e-13 1.81179e-13 1.30956e-13 9.4607e-14 6.8313e-14 4.93027e-14 3.55654e-14
0.000803889 0.00131065 0.00173535 0.0020557 0.00226659 0.00237446 0.00239265 0.00233782 0.00222737 0.00207778 0.0019036 0.00171697 0.00152755 0.0013426 0.00116727 0.00100494 0.000857525 0.000725817 0.000609779 0.000508789 0.000421838 0.000347689 0.000285004 0.000232422 0.000188631 0.0001524 0.000122603 9.82364e-05 7.84131e-05 6.23645e-05 4.94309e-05 3.9052e-05 3.07567e-05 2.41519e-05 1.89118e-05 1.47686e-05 1.15033e-05 8.93773e-06 6.92781e-06 5.3576e-06 4.13417e-06 3.18337e-06 2.44623e-06 1.87609e-06 1.4361e-06 1.09729e-06 8.36921e-07 6.37243e-07 4.844e-07 3.67626e-07 2.78568e-07 2.10767e-07 1.59234e-07 1.20131e-07 9.05047e-08 6.80936e-08 5.11653e-08 3.83967e-08 2.8779e-08 2.15445e-08 1.61098e-08 1.20323e-08 8.97685e-09 6.69005e-09 4.98054e-09 3.70403e-09 2.75193e-09 2.04255e-09 1.51457e-09 1.12202e-09 8.30452e-10 6.14099e-10 4.53714e-10 3.34929e-10 2.47036e-10 1.82058e-10 1.34063e-10 9.86436e-11 7.25259e-11 5.3283e-11 3.91167e-11 2.8696e-11 2.10363e-11 1.54105e-11 1.12814e-11 8.25317e-12 6.0338e-12 4.40839e-12 3.21879e-12 2.34874e-12 1.71281e-12 1.24832e-12 9.09247e-13 6.61891e-13 4.81551e-13 3.50151e-13 2.54465e-13 1.84827e-13 1.34174e-13 9.73522e-14 7.05989e-14
0.00054457 0.000939758 0.00129532 0.00158573 0.00179899 0.00193336 0.00199418 0.00199106 0.00193575 0.0018405 0.00171697 0.00157555 0.00142503 0.00127247 0.00112329 0.000981401 0.000849434 0.000728948 0.000620661 0.000524651 0.000440533 0.000367609 0.000304985 0.000251661 0.000206609 0.000168814 0.000137315 0.000111219 8.97221e-05 7.21049e-05 5.77378e-05 4.60747e-05 3.66473e-05 2.90579e-05 2.29715e-05 1.81082e-05 1.42356e-05 1.11618e-05 8.72975e-06 6.81112e-06 5.30184e-06 4.11777e-06 3.19125e-06 2.46807e-06 1.90494e-06 1.46745e-06 1.12832e-06 8.65996e-07 6.63494e-07 5.07482e-07 3.87516e-07 2.95437e-07 2.24889e-07 1.70931e-07 1.29729e-07 9.83191e-08 7.44115e-08 5.62419e-08 4.24535e-08 3.20047e-08 2.40978e-08 1.81225e-08 1.36128e-08 1.02136e-08 7.65464e-09 5.73056e-09 4.28555e-09 3.20158e-09 2.38935e-09 1.78142e-09 1.32687e-09 9.87369e-10 7.34053e-10 5.45231e-10 4.04621e-10 3.00011e-10 2.22258e-10 1.64518e-10 1.21679e-10 8.99227e-11 6.64022e-11 4.8996e-11 3.61253e-11 2.66158e-11 1.95954e-11 1.44164e-11 1.05988e-11 7.78679e-12 5.71699e-12 4.19458e-12 3.07558e-12 2.25366e-12 1.65035e-12 1.2078e-12 8.83391e-13 6.4573e-13 4.71731e-13 3.44419e-13 2.51324e-13 1.83289e-13 1.33599e-13
0.000368902 0.000671766 0.00096196 0.00121505 0.00141645 0.00155982 0.00164514 0.00167685 0.00166209 0.00160938 0.00152755 0.00142503 0.00130938 0.00118705 0.00106328 0.000942147 0.000826646 0.000718823 0.000619938 0.000530615 0.000450983 0.00038081 0.000319607 0.000266721 0.000221402 0.000182866 0.000150326 0.000123027 0.000100262 8.13837e-05 6.58097e-05 5.30243e-05 4.25761e-05 3.40748e-05 2.71856e-05 2.16243e-05 1.71513e-05 1.35662e-05 1.07022e-05 8.42134e-06 6.61044e-06 5.17676e-06 4.04485e-06 3.15354e-06 2.45345e-06 1.9049e-06 1.47609e-06 1.14163e-06 8.81327e-07 6.79163e-07 5.22468e-07 4.01252e-07 3.07657e-07 2.35522e-07 1.80023e-07 1.37397e-07 1.04712e-07 7.96897e-08 6.05637e-08 4.59665e-08 3.48422e-08 2.63765e-08 1.99431e-08 1.50607e-08 1.13601e-08 8.55903e-09 6.44138e-09 4.84236e-09 3.63639e-09 2.72791e-09 2.0443e-09 1.53047e-09 1.14467e-09 8.55307e-10 6.38492e-10 4.76202e-10 3.54844e-10 2.6418e-10 1.96512e-10 1.46054e-10 1.08461e-10 8.04797e-11 5.96693e-11 4.42056e-11 3.27243e-11 2.42068e-11 1.7893e-11 1.32164e-11 9.75522e-12 7.19542e-12 5.30368e-12 3.90666e-12 2.87572e-12 2.11546e-12 1.55519e-12 1.14259e-12 8.38934e-13 6.15603e-13 4.51455e-13 3.30881e-13 2.42369e-13
0.000249901 0.000478882 0.000711149 0.000925508 0.00110734 0.00124822 0.00134492 0.00139826 0.00141189 0.00139123 0.0013426 0.00127247 0.00118705 0.00109191 0.000991869 0.000890846 0.000791935 0.000697437 0.000608954 0.000527499 0.0004536 0.000387404 0.000328774 0.000277366 0.000232696 0.000194202 0.000161278 0.000133314 0.000109715 8.99163e-05 7.33989e-05 5.969e-05 4.83675e-05 3.90584e-05 3.14379e-05 2.5225e-05 2.01792e-05 1.60963e-05 1.28041e-05 1.01582e-05 8.03854e-06 6.34554e-06 4.99724e-06 3.92644e-06 3.0783e-06 2.40822e-06 1.88012e-06 1.46491e-06 1.1392e-06 8.84249e-07 6.85116e-07 5.29896e-07 4.09145e-07 3.15388e-07 2.42725e-07 1.86512e-07 1.43099e-07 1.09629e-07 8.38671e-08 6.40691e-08 4.88779e-08 3.72391e-08 2.8335e-08 2.15327e-08 1.63432e-08 1.23895e-08 9.38122e-09 7.09523e-09 5.36027e-09 4.04511e-09 3.04936e-09 2.29631e-09 1.72746e-09 1.29823e-09 9.74689e-10 7.31078e-10 5.47839e-10 4.10148e-10 3.06786e-10 2.2927e-10 1.71191e-10 1.27716e-10 9.52018e-11 7.09072e-11 5.27699e-11 3.9241e-11 2.91579e-11 2.16493e-11 1.60622e-11 1.19083e-11 8.82229e-12 6.53138e-12 4.83199e-12 3.57232e-12 2.63927e-12 1.94863e-12 1.43778e-12 1.06017e-12 7.81249e-13 5.75352e-13 4.2346e-13
0.000169288 0.000340537 0.00052359 0.000701212 0.000860185 0.000991604 0.00109058 0.00115563 0.0011879 0.00119039 0.00116727 0.00112329 0.00106328 0.000991869 0.000913236 0.000830986 0.000748101 0.000666943 0.00058929 0.000516399 0.000449081 0.000387779 0.000332638 0.000283579 0.000240358 0.000202618 0.000169929 0.000141824 0.000117826 9.74636e-05 8.02879e-05 6.58796e-05 5.38549e-05 4.38681e-05 3.56114e-05 2.88145e-05 2.3242e-05 1.86911e-05 1.4988e-05 1.19854e-05 9.55878e-06 7.60397e-06 6.034e-06 4.77678e-06 3.77282e-06 2.97326e-06 2.33812e-06 1.83484e-06 1.43699e-06 1.12322e-06 8.76308e-07 6.82421e-07 5.30488e-07 4.1167e-07 3.1893e-07 2.46679e-07 1.90494e-07 1.4688e-07 1.13081e-07 8.69327e-08 6.67357e-08 5.116e-08 3.91666e-08 2.99452e-08 2.28654e-08 1.74376e-08 1.32819e-08 1.01045e-08 7.67817e-09 5.8278e-09 4.41841e-09 3.3462e-09 2.53147e-09 1.9131e-09 1.4443e-09 1.08928e-09 8.20724e-10 6.17782e-10 4.64582e-10 3.4905e-10 2.62011e-10 1.96501e-10 1.47242e-10 1.10236e-10 8.24619e-11 6.16346e-11 4.60303e-11 3.43493e-11 2.56125e-11 1.90834e-11 1.42079e-11 1.05702e-11 7.85815e-12 5.83777e-12 4.3338e-12 3.21507e-12 2.3835e-12 1.76584e-12 1.30738e-12 9.67318e-13 7.15256e-13
0.000114679 0.000241615 0.000384077 0.000528723 0.000664357 0.000782574 0.000877882 0.00094748 0.000990833 0.00100917 0.00100494 0.000981401 0.000942147 0.000890846 0.000830986 0.000765725 0.000697804 0.000629499 0.000562628 0.000498573 0.000438322 0.000382526 0.000331549 0.000285527 0.000244418 0.000208048 0.000176148 0.000148391 0.000124413 0.00010384 8.6298e-05 7.14272e-05 5.88896e-05 4.83728e-05 3.95935e-05 3.22979e-05 2.62611e-05 2.12862e-05 1.72022e-05 1.38618e-05 1.11393e-05 8.92761e-06 7.13673e-06 5.69099e-06 4.52729e-06 3.59324e-06 2.84554e-06 2.24856e-06 1.77312e-06 1.39537e-06 1.09595e-06 8.59136e-07 6.72252e-07 5.25077e-07 4.09408e-07 3.18679e-07 2.47648e-07 1.92141e-07 1.48843e-07 1.15126e-07 8.89158e-08 6.85735e-08 5.28107e-08 4.06155e-08 3.11946e-08 2.39276e-08 1.83301e-08 1.40245e-08 1.07172e-08 8.1801e-09 6.23633e-09 4.74903e-09 3.61241e-09 2.74483e-09 2.08338e-09 1.57968e-09 1.19653e-09 9.05405e-10 6.84439e-10 5.16902e-10 3.90006e-10 2.9399e-10 2.2141e-10 1.666e-10 1.25249e-10 9.40804e-11 7.06087e-11 5.29489e-11 3.96737e-11 2.97031e-11 2.22208e-11 1.66105e-11 1.24073e-11 9.26077e-12 6.90715e-12 5.14799e-12 3.83415e-12 2.85363e-12 2.1224e-12 1.57749e-12 1.17169e-12
7.76858e-05 0.000171078 0.000280794 0.000396925 0.000510436 0.000613927 0.00070198 0.000771191 0.000819999 0.000848386 0.000857525 0.000849434 0.000826646 0.000791935 0.000748101 0.000697804 0.000643455 0.000587151 0.000530646 0.000475345 0.000422328 0.000372375 0.000326006 0.000283521 0.000245041 0.000210547 0.000179913 0.000152937 0.000129366 0.000108917 9.12941e-05 7.61998e-05 6.33454e-05 5.24575e-05 4.32818e-05 3.55858e-05 2.91599e-05 2.38173e-05 1.93934e-05 1.57442e-05 1.27451e-05 1.02889e-05 8.2839e-06 6.65256e-06 5.32926e-06 4.25898e-06 3.39578e-06 2.70147e-06 2.14447e-06 1.69875e-06 1.34293e-06 1.05954e-06 8.3436e-07 6.55812e-07 5.14542e-07 4.02994e-07 3.15089e-07 2.4595e-07 1.91671e-07 1.49136e-07 1.15862e-07 8.98769e-08 6.9618e-08 5.38489e-08 4.15938e-08 3.20841e-08 2.47159e-08 1.90152e-08 1.46109e-08 1.12128e-08 8.59465e-09 6.58003e-09 5.03182e-09 3.84353e-09 2.93261e-09 2.23515e-09 1.70175e-09 1.2943e-09 9.83397e-10 7.4643e-10 5.66008e-10 4.28784e-10 3.24522e-10 2.45385e-10 1.85377e-10 1.39919e-10 1.05516e-10 7.95032e-11 5.98529e-11 4.5022e-11 3.38384e-11 2.54125e-11 1.90697e-11 1.42989e-11 1.07135e-11 8.0211e-12 6.00091e-12 4.48627e-12 3.35154e-12 2.50207e-12 1.86661e-12
5.26258e-05 0.000120906 0.000204657 0.000296795 0.00039031 0.000479004 0.000557925 0.00062355 0.000673776 0.000707783 0.000725817 0.000728948 0.000718823 0.000697437 0.000666943 0.000629499 0.000587151 0.000541755 0.000494927 0.000448026 0.000402147 0.000358135 0.000316608 0.000277981 0.000242502 0.000210274 0.000181293 0.000155467 0.000132642 0.000112623 9.51866e-05 8.00995e-05 6.71237e-05 5.60269e-05 4.65875e-05 3.8598e-05 3.18676e-05 2.62231e-05 2.15094e-05 1.75887e-05 1.43401e-05 1.16582e-05 9.45187e-06 7.64277e-06 6.16413e-06 4.95927e-06 3.98038e-06 3.18732e-06 2.54656e-06 2.0302e-06 1.61514e-06 1.28231e-06 1.01605e-06 8.03531e-07 6.34274e-07 4.99761e-07 3.93078e-07 3.08638e-07 2.41931e-07 1.89332e-07 1.47934e-07 1.15409e-07 8.98985e-08 6.99241e-08 5.43095e-08 4.21226e-08 3.26256e-08 2.5236e-08 1.94946e-08 1.50401e-08 1.1589e-08 8.91882e-09 6.85566e-09 5.26359e-09 4.0366e-09 3.09216e-09 2.36608e-09 1.80854e-09 1.38092e-09 1.05331e-09 8.02611e-10 6.10971e-10 4.64634e-10 3.53008e-10 2.67947e-10 2.03195e-10 1.53951e-10 1.16537e-10 8.81386e-11 6.66031e-11 5.0287e-11 3.79365e-11 2.85959e-11 2.15378e-11 1.6209e-11 1.21892e-11 9.15927e-12 6.87735e-12 5.16013e-12 3.86887e-12 2.89866e-12
3.56498e-05 8.53017e-05 0.000148745 0.000221113 0.000297151 0.000371867 0.000440968 0.000501113 0.000550001 0.00058635 0.000609779 0.000620661 0.000619938 0.000608954 0.00058929 0.000562628 0.000530646 0.000494927 0.00045691 0.000417852 0.000378808 0.000340637 0.000304003 0.000269396 0.00023715 0.000207466 0.000180433 0.000156054 0.000134261 0.000114938 9.79306e-05 8.3065e-05 7.01543e-05 5.9008e-05 4.94387e-05 4.12664e-05 3.43216e-05 2.84475e-05 2.35009e-05 1.93529e-05 1.58883e-05 1.30057e-05 1.06159e-05 8.6415e-06 7.01576e-06 5.68135e-06 4.5894e-06 3.69848e-06 2.97362e-06 2.38547e-06 1.9095e-06 1.52528e-06 1.21588e-06 9.67317e-07 7.68084e-07 6.08742e-07 4.81576e-07 3.80299e-07 2.99802e-07 2.35946e-07 1.85386e-07 1.45428e-07 1.13904e-07 8.90783e-08 6.95598e-08 5.42394e-08 4.22334e-08 3.28395e-08 2.55005e-08 1.97755e-08 1.5316e-08 1.18471e-08 9.15256e-09 7.06231e-09 5.44297e-09 4.19006e-09 3.22189e-09 2.47467e-09 1.89867e-09 1.45518e-09 1.11411e-09 8.52098e-10 6.51049e-10 4.96944e-10 3.78946e-10 2.88691e-10 2.19726e-10 1.67082e-10 1.26936e-10 9.63506e-11 7.30709e-11 5.53683e-11 4.19191e-11 3.17104e-11 2.39683e-11 1.81019e-11 1.36606e-11 1.03009e-11 7.76158e-12 5.84384e-12 4.39669e-12
2.41498e-05 6.00864e-05 0.000107829 0.000164175 0.000225317 0.000287366 0.000346745 0.000400463 0.000446254 0.000482618 0.000508789 0.000524651 0.000530615 0.000527499 0.000516399 0.000498573 0.000475345 0.000448026 0.000417852 0.000385943 0.000353281 0.000320694 0.000288855 0.000258289 0.000229386 0.000202414 0.000177536 0.000154828 0.000134296 0.000115891 9.95224e-05 8.50702e-05 7.23961e-05 6.1351e-05 5.17819e-05 4.3537e-05 3.64699e-05 3.04419e-05 2.53239e-05 2.09975e-05 1.73556e-05 1.43019e-05 1.17511e-05 9.62807e-06 7.86716e-06 6.41142e-06 5.21178e-06 4.22619e-06 3.41883e-06 2.75933e-06 2.22206e-06 1.78553e-06 1.43173e-06 1.14569e-06 9.14976e-07 7.2931e-07 5.80226e-07 4.60773e-07 3.65261e-07 2.89045e-07 2.28346e-07 1.80096e-07 1.41814e-07 1.11493e-07 8.75217e-08 6.86015e-08 5.36929e-08 4.19643e-08 3.2752e-08 2.55273e-08 1.98697e-08 1.54459e-08 1.19917e-08 9.2983e-09 7.20107e-09 5.57019e-09 4.30361e-09 3.32122e-09 2.56019e-09 1.97136e-09 1.51632e-09 1.16508e-09 8.94261e-10 6.85694e-10 5.25243e-10 4.01941e-10 3.07286e-10 2.34699e-10 1.79092e-10 1.36534e-10 1.03995e-10 7.91412e-11 6.01745e-11 4.57142e-11 3.46996e-11 2.63171e-11 1.99433e-11 1.51011e-11 1.14256e-11 8.63792e-12 6.52543e-12
1.63596e-05 4.22627e-05 7.79802e-05 0.000121519 0.000170213 0.000221121 0.000271363 0.000318373 0.000360054 0.000394866 0.000421838 0.000440533 0.000450983 0.0004536 0.000449081 0.000438322 0.000422328 0.000402147 0.000378808 0.000353281 0.000326446 0.000299072 0.00027181 0.000245192 0.000219635 0.000195448 0.000172846 0.000151963 0.000132863 0.000115552 9.99951e-05 8.61211e-05 7.3836e-05 6.30295e-05 5.35823e-05 4.53708e-05 3.8272e-05 3.21666e-05 2.69407e-05 2.2488e-05 1.87106e-05 1.55193e-05 1.28337e-05 1.05821e-05 8.70114e-06 7.1352e-06 5.8358e-06 4.76097e-06 3.8746e-06 3.14576e-06 2.54816e-06 2.05947e-06 1.6609e-06 1.33665e-06 1.0735e-06 8.60447e-07 6.88343e-07 5.49627e-07 4.38061e-07 3.48519e-07 2.76797e-07 2.19462e-07 1.73716e-07 1.37283e-07 1.08321e-07 8.53373e-08 6.71294e-08 5.27289e-08 4.13582e-08 3.23941e-08 2.5338e-08 1.97924e-08 1.54402e-08 1.20295e-08 9.36048e-09 7.27465e-09 5.64679e-09 4.37801e-09 3.39038e-09 2.62256e-09 2.02637e-09 1.564e-09 1.20584e-09 9.28715e-10 7.14542e-10 5.49203e-10 4.21701e-10 3.23483e-10 2.47902e-10 1.89801e-10 1.45182e-10 1.10952e-10 8.47156e-11 6.46264e-11 4.92584e-11 3.75128e-11 2.8544e-11 2.17016e-11 1.6486e-11 1.25138e-11 9.49129e-12
1.10823e-05 2.96857e-05 5.62691e-05 8.96866e-05 0.000128141 0.000169475 0.000211435 0.000251893 0.000288997 0.000321278 0.000347689 0.000367609 0.00038081 0.000387404 0.000387779 0.000382526 0.000372375 0.000358135 0.000340637 0.000320694 0.000299072 0.000276463 0.000253475 0.000230621 0.000208323 0.000186911 0.000166633 0.000147663 0.000130108 0.000114022 9.94124e-05 8.62518e-05 7.44855e-05 6.40388e-05 5.48237e-05 4.6744e-05 3.97e-05 3.35916e-05 2.83211e-05 2.37953e-05 1.99264e-05 1.66332e-05 1.38416e-05 1.14842e-05 9.501e-06 7.83847e-06 6.44951e-06 5.2929e-06 4.3328e-06 3.53821e-06 2.88252e-06 2.34296e-06 1.90016e-06 1.53772e-06 1.24179e-06 1.00077e-06 8.04931e-07 6.46162e-07 5.17733e-07 4.1407e-07 3.30572e-07 2.63451e-07 2.09603e-07 1.66484e-07 1.32022e-07 1.04528e-07 8.2632e-08 6.52242e-08 5.14078e-08 4.04598e-08 3.17984e-08 2.49568e-08 1.95608e-08 1.53112e-08 1.19693e-08 9.34502e-09 7.28705e-09 5.67538e-09 4.41489e-09 3.43034e-09 2.6623e-09 2.0639e-09 1.59823e-09 1.23629e-09 9.55303e-10 7.37408e-10 5.68629e-10 4.3804e-10 3.37108e-10 2.59181e-10 1.99077e-10 1.52768e-10 1.17123e-10 8.97139e-11 6.86577e-11 5.24974e-11 4.01062e-11 3.06137e-11 2.33484e-11 1.77927e-11 1.3548e-11
7.50736e-06 2.08251e-05 4.05188e-05 6.60144e-05 9.61576e-05 0.000129413 0.000164067 0.000198401 0.000230842 0.000260053 0.000285004 0.000304985 0.000319607 0.000328774 0.000332638 0.000331549 0.000326006 0.000316608 0.000304003 0.000288855 0.00027181 0.000253475 0.000234397 0.000215056 0.000195862 0.000177148 0.000159177 0.000142149 0.000126203 0.000111426 9.78625e-05 8.55203e-05 7.43784e-05 6.43938e-05 5.55071e-05 4.76477e-05 4.07379e-05 3.46969e-05 2.94431e-05 2.48965e-05 2.09805e-05 1.76225e-05 1.47552e-05 1.23168e-05 1.02511e-05 8.50759e-06 7.0412e-06 5.81206e-06 4.78511e-06 3.92978e-06 3.21952e-06 2.63144e-06 2.14587e-06 1.74602e-06 1.41762e-06 1.14858e-06 9.28698e-07 7.49423e-07 6.03588e-07 4.85218e-07 3.89347e-07 3.1186e-07 2.4936e-07 1.99046e-07 1.5862e-07 1.262e-07 1.00247e-07 7.95084e-08 6.29646e-08 4.97895e-08 3.93143e-08 3.09991e-08 2.44087e-08 1.91934e-08 1.50724e-08 1.18209e-08 9.25894e-09 7.24322e-09 5.65939e-09 4.41659e-09 3.44265e-09 2.68039e-09 2.08454e-09 1.61935e-09 1.2566e-09 9.74064e-10 7.54261e-10 5.83454e-10 4.50869e-10 3.48066e-10 2.6844e-10 2.0683e-10 1.5921e-10 1.22439e-10 9.40749e-11 7.22163e-11 5.53876e-11 4.24434e-11 3.24964e-11 2.48596e-11 1.90017e-11
5.08563e-06 1.4592e-05 2.91209e-05 4.84683e-05 7.19402e-05 9.84819e-05 0.000126823 0.000155615 0.000183555 0.000209479 0.000232422 0.000251661 0.000266721 0.000277366 0.000283579 0.000285527 0.000283521 0.000277981 0.000269396 0.000258289 0.000245192 0.000230621 0.000215056 0.000198935 0.000182637 0.000166489 0.000150756 0.00013565 0.000121329 0.000107906 9.54515e-05 8.40026e-05 7.35662e-05 6.41264e-05 5.56489e-05 4.80864e-05 4.13819e-05 3.54726e-05 3.02928e-05 2.57757e-05 2.18558e-05 1.84699e-05 1.55581e-05 1.30644e-05 1.09373e-05 9.12995e-06 7.59976e-06 6.30879e-06 5.22329e-06 4.31351e-06 3.55335e-06 2.9201e-06 2.3941e-06 1.9584e-06 1.59845e-06 1.30186e-06 1.0581e-06 8.58225e-07 6.94732e-07 5.61302e-07 4.52647e-07 3.64357e-07 2.92764e-07 2.34829e-07 1.88038e-07 1.5032e-07 1.19974e-07 9.56014e-08 7.60623e-08 6.04249e-08 4.79312e-08 3.79657e-08 3.00294e-08 2.37192e-08 1.87094e-08 1.47381e-08 1.15946e-08 9.10995e-09 7.14874e-09 5.60285e-09 4.38596e-09 3.4293e-09 2.6782e-09 2.08922e-09 1.62795e-09 1.26713e-09 9.85213e-10 7.65209e-10 5.93716e-10 4.60185e-10 3.56328e-10 2.75637e-10 2.13012e-10 1.64458e-10 1.26853e-10 9.77557e-11 7.52643e-11 5.78959e-11 4.44964e-11 3.41684e-11 2.62153e-11
3.4451e-06 1.02132e-05 2.08915e-05 3.55021e-05 5.36705e-05 7.4702e-05 9.76812e-05 0.000121576 0.000145337 0.000167976 0.000188631 0.000206609 0.000221402 0.000232696 0.000240358 0.000244418 0.000245041 0.000242502 0.00023715 0.000229386 0.000219635 0.000208323 0.000195862 0.000182637 0.000168996 0.000155243 0.000141636 0.000128389 0.000115672 0.000103611 9.22971e-05 8.17884e-05 7.21146e-05 6.32821e-05 5.52785e-05 4.80768e-05 4.16386e-05 3.59181e-05 3.08642e-05 2.64233e-05 2.25408e-05 1.91628e-05 1.62371e-05 1.37142e-05 1.15476e-05 9.69436e-06 8.11506e-06 6.7741e-06 5.63945e-06 4.68257e-06 3.87818e-06 3.20406e-06 2.64079e-06 2.17148e-06 1.78155e-06 1.45843e-06 1.19137e-06 9.71182e-07 7.9009e-07 6.41497e-07 5.1985e-07 4.20482e-07 3.39486e-07 2.73603e-07 2.20122e-07 1.76794e-07 1.41758e-07 1.13482e-07 9.07012e-08 7.23813e-08 5.7674e-08 4.5887e-08 3.64558e-08 2.89219e-08 2.29129e-08 1.81277e-08 1.43226e-08 1.13014e-08 8.90608e-09 7.00959e-09 5.51013e-09 4.32618e-09 3.39259e-09 2.65736e-09 2.07909e-09 1.62482e-09 1.26841e-09 9.89103e-10 7.70479e-10 5.99549e-10 4.6606e-10 3.61926e-10 2.80779e-10 2.17613e-10 1.68495e-10 1.3034e-10 1.00731e-10 7.77775e-11 5.99999e-11 4.62447e-11 3.56118e-11
2.33378e-06 7.14102e-06 1.49623e-05 2.59472e-05 3.99346e-05 5.64926e-05 7.49823e-05 9.46329e-05 0.000114618 0.000134122 0.0001524 0.000168814 0.000182866 0.000194202 0.000202618 0.000208048 0.000210547 0.000210274 0.000207466 0.000202414 0.000195448 0.000186911 0.000177148 0.000166489 0.000155243 0.000143687 0.000132065 0.000120584 0.000109415 9.86936e-05 8.85228e-05 7.89756e-05 7.00989e-05 6.19172e-05 5.44359e-05 4.76455e-05 4.15241e-05 3.60411e-05 3.1159e-05 2.68363e-05 2.30292e-05 1.96929e-05 1.67831e-05 1.42565e-05 1.20721e-05 1.01913e-05 8.57823e-06 7.19987e-06 6.0263e-06 5.03053e-06 4.1884e-06 3.47847e-06 2.88181e-06 2.38183e-06 1.96405e-06 1.61592e-06 1.32659e-06 1.08675e-06 8.88431e-07 7.24839e-07 5.90208e-07 4.79662e-07 3.89094e-07 3.1505e-07 2.54643e-07 2.05461e-07 1.65496e-07 1.33084e-07 1.06846e-07 8.56448e-08 6.8544e-08 5.47745e-08 4.37061e-08 3.48236e-08 2.77067e-08 2.20136e-08 1.74664e-08 1.38399e-08 1.09519e-08 8.65546e-09 6.83188e-09 5.38582e-09 4.24067e-09 3.33503e-09 2.61972e-09 2.05547e-09 1.61092e-09 1.26112e-09 9.86203e-10 7.70388e-10 6.01167e-10 4.68631e-10 3.64943e-10 2.83912e-10 2.20656e-10 1.71327e-10 1.32899e-10 1.02994e-10 7.97443e-11 6.1687e-11 4.76759e-11
1.58095e-06 4.98812e-06 1.06988e-05 1.89245e-05 2.96402e-05 4.26002e-05 5.73753e-05 7.34047e-05 9.00523e-05 0.000106662 0.000122603 0.000137315 0.000150326 0.000161278 0.000169929 0.000176148 0.000179913 0.000181293 0.000180433 0.000177536 0.000172846 0.000166633 0.000159177 0.000150756 0.000141636 0.000132065 0.000122265 0.000112432 0.000102732 9.3303e-05 8.42534e-05 7.56663e-05 6.76009e-05 6.00952e-05 5.31691e-05 4.68275e-05 4.10625e-05 3.58568e-05 3.11853e-05 2.70177e-05 2.33201e-05 2.00565e-05 1.71901e-05 1.46843e-05 1.25034e-05 1.06133e-05 8.98187e-06 7.57908e-06 6.37734e-06 5.3515e-06 4.47877e-06 3.73873e-06 3.11318e-06 2.58601e-06 2.14305e-06 1.77189e-06 1.46175e-06 1.20327e-06 9.88411e-07 8.10244e-07 6.6286e-07 5.41224e-07 4.41065e-07 3.58771e-07 2.91302e-07 2.361e-07 1.91028e-07 1.54297e-07 1.24423e-07 1.0017e-07 8.05172e-08 6.46195e-08 5.17821e-08 4.14332e-08 3.31044e-08 2.64121e-08 2.10433e-08 1.67428e-08 1.33033e-08 1.05565e-08 8.36604e-09 6.62168e-09 5.23452e-09 4.13291e-09 3.25922e-09 2.56721e-09 2.0198e-09 1.5873e-09 1.24603e-09 9.77061e-10 7.65327e-10 5.98842e-10 4.68086e-10 3.65506e-10 2.85119e-10 2.22192e-10 1.72984e-10 1.34546e-10 1.04549e-10 8.11653e-11 6.29539e-11
1.07096e-06 3.48111e-06 7.63872e-06 1.37754e-05 2.19479e-05 3.20378e-05 4.37712e-05 5.67518e-05 7.05015e-05 8.45024e-05 9.82364e-05 0.000111219 0.000123027 0.000133314 0.000141824 0.000148391 0.000152937 0.000155467 0.000156054 0.000154828 0.000151963 0.000147663 0.000142149 0.00013565 0.000128389 0.000120584 0.000112432 0.000104113 9.57845e-05 8.758e-05 7.96101e-05 7.19627e-05 6.47048e-05 5.78841e-05 5.15316e-05 4.56636e-05 4.0284e-05 3.53866e-05 3.09573e-05 2.69758e-05 2.34172e-05 2.02539e-05 1.74562e-05 1.49938e-05 1.28365e-05 1.09548e-05 9.32021e-06 7.90598e-06 6.68706e-06 5.64031e-06 4.74455e-06 3.98057e-06 3.33111e-06 2.78072e-06 2.31569e-06 1.92391e-06 1.59478e-06 1.31903e-06 1.08861e-06 8.96547e-07 7.3686e-07 6.04406e-07 4.94795e-07 4.04293e-07 3.29731e-07 2.68433e-07 2.18144e-07 1.76969e-07 1.43323e-07 1.15882e-07 9.35433e-08 7.53914e-08 6.06676e-08 4.87453e-08 3.91078e-08 3.133e-08 2.50633e-08 2.00221e-08 1.59729e-08 1.27255e-08 1.01249e-08 8.04542e-09 6.38489e-09 5.06077e-09 4.00635e-09 3.16781e-09 2.50183e-09 1.97357e-09 1.55508e-09 1.22396e-09 9.62288e-10 7.5574e-10 5.92896e-10 4.64655e-10 3.63778e-10 2.84513e-10 2.22298e-10 1.73518e-10 1.35311e-10 1.05417e-10 8.20512e-11
7.25492e-07 2.42731e-06 5.44618e-06 1.00088e-05 1.62159e-05 2.4033e-05 3.32981e-05 4.37408e-05 5.50104e-05 6.6707e-05 7.84131e-05 8.97221e-05 0.000100262 0.000109715 0.000117826 0.000124413 0.000129366 0.000132642 0.000134261 0.000134296 0.000132863 0.000130108 0.000126203 0.000121329 0.000115672 0.000109415 0.000102732 9.57845e-05 8.87165e-05 8.1655e-05 7.47077e-05 6.79639e-05 6.14945e-05 5.53536e-05 4.95801e-05 4.41989e-05 3.92233e-05 3.46566e-05 3.04937e-05 2.67232e-05 2.33285e-05 2.02892e-05 1.75825e-05 1.51841e-05 1.30691e-05 1.12123e-05 9.58917e-06 8.17622e-06 6.95102e-06 5.89263e-06 4.98163e-06 4.2002e-06 3.53215e-06 2.96287e-06 2.47924e-06 2.06961e-06 1.72366e-06 1.43229e-06 1.18755e-06 9.82529e-07 8.11202e-07 6.68386e-07 5.4962e-07 4.51081e-07 3.69508e-07 3.02127e-07 2.46587e-07 2.00902e-07 1.63399e-07 1.32672e-07 1.07546e-07 8.70372e-08 7.03282e-08 5.6739e-08 4.57062e-08 3.6764e-08 2.95283e-08 2.36829e-08 1.89681e-08 1.51711e-08 1.21178e-08 9.6663e-09 7.70075e-09 6.12708e-09 4.86892e-09 3.86437e-09 3.06339e-09 2.42556e-09 1.9183e-09 1.5154e-09 1.19578e-09 9.42525e-10 7.42105e-10 5.83679e-10 4.58593e-10 3.59942e-10 2.82226e-10 2.21068e-10 1.72993e-10 1.35242e-10 1.05628e-10
4.91462e-07 1.69114e-06 3.87777e-06 7.25941e-06 1.19557e-05 1.79849e-05 2.52629e-05 3.36136e-05 4.27868e-05 5.24804e-05 6.23645e-05 7.21049e-05 8.13837e-05 8.99163e-05 9.74636e-05 0.00010384 0.000108917 0.000112623 0.000114938 0.000115891 0.000115552 0.000114022 0.000111426 0.000107906 0.000103611 9.86936e-05 9.3303e-05 8.758e-05 8.1655e-05 7.56448e-05 6.96518e-05 6.37632e-05 5.80511e-05 5.25728e-05 4.73721e-05 4.24805e-05 3.79183e-05 3.36963e-05 2.98171e-05 2.62766e-05 2.30653e-05 2.01698e-05 1.75733e-05 1.5257e-05 1.32009e-05 1.13843e-05 9.78638e-06 8.38681e-06 7.16593e-06 6.10505e-06 5.18662e-06 4.39436e-06 3.71326e-06 3.12967e-06 2.63121e-06 2.20676e-06 1.84641e-06 1.54134e-06 1.2838e-06 1.06695e-06 8.84847e-07 7.32301e-07 6.04826e-07 4.98554e-07 4.10163e-07 3.36807e-07 2.76061e-07 2.25865e-07 1.84471e-07 1.50404e-07 1.22422e-07 9.94821e-08 8.07105e-08 6.53777e-08 5.28758e-08 4.27e-08 3.44313e-08 2.77235e-08 2.22906e-08 1.78974e-08 1.43503e-08 1.14908e-08 9.18889e-09 7.33862e-09 5.85346e-09 4.66303e-09 3.71015e-09 2.94843e-09 2.34032e-09 1.85548e-09 1.46939e-09 1.16234e-09 9.18429e-10 7.24915e-10 5.71563e-10 4.50178e-10 3.54204e-10 2.78408e-10 2.18612e-10 1.71489e-10 1.34393e-10
3.32926e-07 1.17734e-06 2.75754e-06 5.25651e-06 8.79724e-06 1.34281e-05 1.91178e-05 2.57591e-05 3.31791e-05 4.11548e-05 4.94309e-05 5.77378e-05 6.58097e-05 7.33989e-05 8.02879e-05 8.6298e-05 9.12941e-05 9.51866e-05 9.79306e-05 9.95224e-05 9.99951e-05 9.94124e-05 9.78625e-05 9.54515e-05 9.22971e-05 8.85228e-05 8.42534e-05 7.96101e-05 7.47077e-05 6.96518e-05 6.45371e-05 5.94466e-05 5.44507e-05 4.96079e-05 4.49645e-05 4.05562e-05 3.64084e-05 3.25375e-05 2.89524e-05 2.56551e-05 2.26422e-05 1.99061e-05 1.74355e-05 1.52167e-05 1.32342e-05 1.14714e-05 9.91111e-06 8.5362e-06 7.32966e-06 6.27512e-06 5.35693e-06 4.56042e-06 3.87188e-06 3.27869e-06 2.76932e-06 2.3333e-06 1.9612e-06 1.64458e-06 1.37592e-06 1.1486e-06 9.56752e-07 7.95266e-07 6.59673e-07 5.46098e-07 4.51189e-07 3.7206e-07 3.06233e-07 2.51591e-07 2.06329e-07 1.68914e-07 1.38046e-07 1.1263e-07 9.17428e-08 7.4609e-08 6.05796e-08 4.91125e-08 3.97558e-08 3.21341e-08 2.59359e-08 2.09034e-08 1.68239e-08 1.3522e-08 1.08535e-08 8.70014e-09 6.96497e-09 5.56878e-09 4.4469e-09 3.54668e-09 2.82528e-09 2.24795e-09 1.78651e-09 1.41816e-09 1.1245e-09 8.90654e-10 7.0467e-10 5.56926e-10 4.39694e-10 3.46779e-10 2.73219e-10 2.15046e-10 1.69092e-10
2.25531e-07 8.19045e-07 1.95858e-06 3.80023e-06 6.46091e-06 1.00041e-05 1.44325e-05 1.96876e-05 2.56551e-05 3.21745e-05 3.9052e-05 4.60747e-05 5.30243e-05 5.969e-05 6.58796e-05 7.14272e-05 7.61998e-05 8.00995e-05 8.3065e-05 8.50702e-05 8.61211e-05 8.62518e-05 8.55203e-05 8.40026e-05 8.17884e-05 7.89756e-05 7.56663e-05 7.19627e-05 6.79639e-05 6.37632e-05 5.94466e-05 5.50909e-05 5.07634e-05 4.65213e-05 4.24119e-05 3.84729e-05 3.4733e-05 3.12131e-05 2.79264e-05 2.488e-05 2.20756e-05 1.95105e-05 1.71781e-05 1.50693e-05 1.31728e-05 1.14757e-05 9.96418e-06 8.62416e-06 7.44126e-06 6.40135e-06 5.49076e-06 4.6964e-06 4.00596e-06 3.40792e-06 2.89167e-06 2.44744e-06 2.06638e-06 1.74049e-06 1.4626e-06 1.22629e-06 1.0259e-06 8.56404e-07 7.13414e-07 5.93082e-07 4.92061e-07 4.0745e-07 3.36744e-07 2.7779e-07 2.28739e-07 1.88013e-07 1.54269e-07 1.26366e-07 1.03336e-07 8.43657e-08 6.87674e-08 5.59651e-08 4.54762e-08 3.68974e-08 2.98927e-08 2.41827e-08 1.95356e-08 1.57595e-08 1.26959e-08 1.02141e-08 8.20662e-09 6.58515e-09 5.27733e-09 4.22396e-09 3.37669e-09 2.69612e-09 2.15016e-09 1.71276e-09 1.36277e-09 1.08308e-09 8.59835e-10 6.81861e-10 5.40144e-10 4.2743e-10 3.37884e-10 2.66824e-10 2.10496e-10
1.52779e-07 5.69396e-07 1.38952e-06 2.74329e-06 4.73652e-06 7.43777e-06 1.08703e-05 1.50092e-05 1.97832e-05 2.50803e-05 3.07567e-05 3.66473e-05 4.25761e-05 4.83675e-05 5.38549e-05 5.88896e-05 6.33454e-05 6.71237e-05 7.01543e-05 7.23961e-05 7.3836e-05 7.44855e-05 7.43784e-05 7.35662e-05 7.21146e-05 7.00989e-05 6.76009e-05 6.47048e-05 6.14945e-05 5.80511e-05 5.44507e-05 5.07634e-05 4.70517e-05 4.33701e-05 3.97651e-05 3.62752e-05 3.29309e-05 2.97557e-05 2.67664e-05 2.39737e-05 2.13835e-05 1.89971e-05 1.6812e-05 1.4823e-05 1.30224e-05 1.14009e-05 9.94781e-06 8.65173e-06 7.50084e-06 6.48323e-06 5.58709e-06 4.80101e-06 4.11403e-06 3.5158e-06 2.99666e-06 2.54763e-06 2.1605e-06 1.82775e-06 1.5426e-06 1.29894e-06 1.09131e-06 9.14867e-07 7.65314e-07 6.38876e-07 5.32242e-07 4.42526e-07 3.67218e-07 3.04149e-07 2.51445e-07 2.07496e-07 1.70926e-07 1.40556e-07 1.15386e-07 9.45662e-08 7.73765e-08 6.32104e-08 5.15571e-08 4.19876e-08 3.4143e-08 2.7723e-08 2.24777e-08 1.81989e-08 1.47141e-08 1.18804e-08 9.57947e-09 7.71402e-09 6.2038e-09 4.9829e-09 3.99727e-09 3.20266e-09 2.56292e-09 2.04853e-09 1.63547e-09 1.3042e-09 1.03886e-09 8.2658e-10 6.5696e-10 5.21586e-10 4.13668e-10 3.27737e-10 2.5939e-10
