0.372019 0.0311316 0.0195085 0.0132228 0.00941862 0.00692075 0.00518674 0.00393757 0.00301522 0.00232275 0.00179687 0.00139428 0.00108428 0.000844559 0.000658611 0.000514038 0.000401439 0.000313628 0.000245082 0.000191533 0.000149677 0.000116943 9.13315e-05 7.12812e-05 5.55726e-05 4.32514e-05 3.35696e-05 2.59393e-05 1.98976e-05 1.50778e-05 1.17739e-05
0.0311316 0.00496147 0.00291258 0.0018145 0.00117674 0.000785531 0.000536057 0.000372223 0.000262097 0.00018666 0.000134178 9.71957e-05 7.08577e-05 5.19342e-05 3.82371e-05 2.82611e-05 2.09567e-05 1.55842e-05 1.1617e-05 8.67749e-06 6.49273e-06 4.8644e-06 3.64761e-06 2.73599e-06 2.05119e-06 1.53525e-06 1.1452e-06 8.49068e-07 6.23092e-07 4.49664e-07 3.41074e-07
0.0195085 0.00291258 0.00161739 0.000967553 0.000610286 0.000399918 0.000269585 0.000185681 0.000130046 9.22907e-05 6.61908e-05 4.78789e-05 3.48757e-05 2.55512e-05 1.88103e-05 1.39042e-05 1.03132e-05 7.67211e-06 5.72163e-06 4.27598e-06 3.20109e-06 2.39956e-06 1.80027e-06 1.35102e-06 1.01335e-06 7.58804e-07 5.66306e-07 4.20199e-07 3.08901e-07 2.30825e-07 1.75188e-07
0.0132228 0.0018145 0.000967553 0.000560989 0.000346144 0.000223507 0.000149216 0.000102131 7.12388e-05 5.04228e-05 3.61017e-05 2.60859e-05 1.8989e-05 1.3907e-05 1.02365e-05 7.56648e-06 5.61279e-06 4.1761e-06 3.11507e-06 2.3286e-06 1.74374e-06 1.30754e-06 9.81344e-07 7.36772e-07 5.52928e-07 4.14364e-07 3.09638e-07 2.30285e-07 1.72753e-07 1.291e-07 9.80047e-08
0.00941862 0.00117674 0.000610286 0.000346144 0.000210274 0.000134376 8.91169e-05 6.07391e-05 4.22532e-05 2.98551e-05 2.13515e-05 1.54163e-05 1.12164e-05 8.21175e-06 6.04293e-06 4.46602e-06 3.31252e-06 2.46446e-06 1.83826e-06 1.37415e-06 1.02906e-06 7.71712e-07 5.7929e-07 4.35051e-07 3.26666e-07 2.45031e-07 1.83414e-07 1.37894e-07 1.03457e-07 7.73154e-08 5.86884e-08
0.00692075 0.000785531 0.000399918 0.000223507 0.000134376 8.52979e-05 5.63318e-05 3.82941e-05 2.65955e-05 1.87713e-05 1.34144e-05 9.67987e-06 7.0395e-06 5.15169e-06 3.78973e-06 2.7999e-06 2.07613e-06 1.54419e-06 1.15155e-06 8.60635e-07 6.44397e-07 4.83198e-07 3.62714e-07 2.72442e-07 2.04655e-07 1.5365e-07 1.15628e-07 8.69333e-08 6.52217e-08 4.87389e-08 3.69865e-08
0.00518674 0.000536057 0.000269585 0.000149216 8.91169e-05 5.63318e-05 3.71074e-05 2.51858e-05 1.74736e-05 1.23237e-05 8.80136e-06 6.34768e-06 4.6139e-06 3.37494e-06 2.48154e-06 1.83256e-06 1.35825e-06 1.00982e-06 7.52754e-07 5.62385e-07 4.2095e-07 3.15569e-07 2.36847e-07 1.77904e-07 1.33679e-07 1.00604e-07 7.56992e-08 5.69059e-08 4.26884e-08 3.18971e-08 2.41965e-08
0.00393757 0.000372223 0.000185681 0.000102131 6.07391e-05 3.82941e-05 2.51858e-05 1.70769e-05 1.1839e-05 8.34451e-06 5.95603e-06 4.29312e-06 3.11873e-06 2.27997e-06 1.67548e-06 1.23662e-06 9.16054e-07 6.80706e-07 5.0717e-07 3.78733e-07 2.83368e-07 2.12355e-07 1.59341e-07 1.19676e-07 9.00056e-08 6.77185e-08 5.09425e-08 3.8287e-08 2.8716e-08 2.14541e-08 1.62678e-08
0.00301522 0.000262097 0.000130046 7.12388e-05 4.22532e-05 2.65955e-05 1.74736e-05 1.1839e-05 8.20248e-06 5.77789e-06 4.12155e-06 2.96897e-06 2.15544e-06 1.57474e-06 1.1565e-06 8.53043e-07 6.31531e-07 4.69008e-07 3.49248e-07 2.60668e-07 1.94939e-07 1.46027e-07 1.09537e-07 8.22815e-08 6.18597e-08 4.65264e-08 3.49897e-08 2.62904e-08 1.9714e-08 1.47266e-08 1.11616e-08
0.00232275 0.00018666 9.22907e-05 5.04228e-05 2.98551e-05 1.87713e-05 1.23237e-05 8.34451e-06 5.77789e-06 4.06746e-06 2.89956e-06 2.08731e-06 1.51433e-06 1.1056e-06 8.11414e-07 5.98113e-07 4.42518e-07 3.28436e-07 2.44428e-07 1.82334e-07 1.36289e-07 1.02047e-07 7.65302e-08 5.74626e-08 4.31832e-08 3.24672e-08 2.44085e-08 1.83346e-08 1.37451e-08 1.02663e-08 7.77759e-09
0.00179687 0.000134178 6.61908e-05 3.61017e-05 2.13515e-05 1.34144e-05 8.80136e-06 5.95603e-06 4.12155e-06 2.89956e-06 2.06559e-06 1.48592e-06 1.07726e-06 7.8595e-07 5.76421e-07 4.24609e-07 3.13946e-07 2.32866e-07 1.732e-07 1.29129e-07 9.64699e-08 7.22038e-08 5.41232e-08 4.06199e-08 3.0513e-08 2.29323e-08 1.72343e-08 1.29418e-08 9.69993e-09 7.24383e-09 5.48547e-09
0.00139428 9.71957e-05 4.78789e-05 2.60859e-05 1.54163e-05 9.67987e-06 6.34768e-06 4.29312e-06 2.96897e-06 2.08731e-06 1.48592e-06 1.06815e-06 7.73837e-07 5.64178e-07 4.13487e-07 3.04383e-07 2.24909e-07 1.66721e-07 1.2393e-07 9.23447e-08 6.89557e-08 5.15841e-08 3.86482e-08 2.89926e-08 2.17696e-08 1.63547e-08 1.22868e-08 9.22376e-09 6.91162e-09 5.16079e-09 3.90643e-09
0.00108428 7.08577e-05 3.48757e-05 1.8989e-05 1.12164e-05 7.0395e-06 4.6139e-06 3.11873e-06 2.15544e-06 1.51433e-06 1.07726e-06 7.73837e-07 5.60218e-07 4.0815e-07 2.9893e-07 2.19909e-07 1.62389e-07 1.20303e-07 8.93746e-08 6.6561e-08 4.96762e-08 3.71428e-08 2.78152e-08 2.08567e-08 1.5654e-08 1.17558e-08 8.8287e-09 6.62582e-09 4.96375e-09 3.70582e-09 2.80397e-09
0.000844559 5.19342e-05 2.55512e-05 1.3907e-05 8.21175e-06 5.15169e-06 3.37494e-06 2.27997e-06 1.57474e-06 1.1056e-06 7.8595e-07 5.64178e-07 4.0815e-07 2.97158e-07 2.17495e-07 1.59899e-07 1.18002e-07 8.73687e-08 6.48717e-08 4.82866e-08 3.6019e-08 2.69182e-08 2.01488e-08 1.51016e-08 1.13299e-08 8.50532e-09 6.38542e-09 4.79078e-09 3.58821e-09 2.6785e-09 2.02588e-09
0.000658611 3.82371e-05 1.88103e-05 1.02365e-05 6.04293e-06 3.78973e-06 2.48154e-06 1.67548e-06 1.1565e-06 8.11414e-07 5.76421e-07 4.13487e-07 2.9893e-07 2.17495e-07 1.59086e-07 1.16885e-07 8.62083e-08 6.37926e-08 4.73405e-08 3.5219e-08 2.62582e-08 1.96143e-08 1.46752e-08 1.09944e-08 8.24526e-09 6.18742e-09 4.64372e-09 3.48306e-09 2.60817e-09 1.94666e-09 1.47181e-09
0.000514038 2.82611e-05 1.39042e-05 7.56648e-06 4.46602e-06 2.7999e-06 1.83256e-06 1.23662e-06 8.53043e-07 5.98113e-07 4.24609e-07 3.04383e-07 2.19909e-07 1.59899e-07 1.16885e-07 8.58284e-08 6.32665e-08 4.67904e-08 3.47049e-08 2.58058e-08 1.92308e-08 1.43584e-08 1.07381e-08 8.04154e-09 6.02843e-09 4.52227e-09 3.39293e-09 2.5442e-09 1.90473e-09 1.42145e-09 1.07433e-09
0.000401439 2.09567e-05 1.03132e-05 5.61279e-06 3.31252e-06 2.07613e-06 1.35825e-06 9.16054e-07 6.31531e-07 4.42518e-07 3.13946e-07 2.24909e-07 1.62389e-07 1.18002e-07 8.62083e-08 6.32665e-08 4.66099e-08 3.44534e-08 2.55415e-08 1.89829e-08 1.41398e-08 1.05526e-08 7.88862e-09 5.90528e-09 4.42533e-09 3.31856e-09 2.48906e-09 1.86593e-09 1.39665e-09 1.04215e-09 7.87384e-10
0.000313628 1.55842e-05 7.67211e-06 4.1761e-06 2.46446e-06 1.54419e-06 1.00982e-06 6.80706e-07 4.69008e-07 3.28436e-07 2.32866e-07 1.66721e-07 1.20303e-07 8.73687e-08 6.37926e-08 4.67904e-08 3.44534e-08 2.54546e-08 1.88612e-08 1.40115e-08 1.04321e-08 7.78229e-09 5.81531e-09 4.35158e-09 3.25985e-09 2.44376e-09 1.83238e-09 1.3733e-09 1.02771e-09 7.66756e-10 5.79123e-10
0.000245082 1.1617e-05 5.72163e-06 3.11507e-06 1.83826e-06 1.15155e-06 7.52754e-07 5.0717e-07 3.49248e-07 2.44428e-07 1.732e-07 1.2393e-07 8.93746e-08 6.48717e-08 4.73405e-08 3.47049e-08 2.55415e-08 1.88612e-08 1.39693e-08 1.03728e-08 7.71964e-09 5.75647e-09 4.29985e-09 3.21639e-09 2.40863e-09 1.80507e-09 1.35308e-09 1.01384e-09 7.58556e-10 5.6588e-10 4.27268e-10
0.000191533 8.67749e-06 4.27598e-06 2.3286e-06 1.37415e-06 8.60635e-07 5.62385e-07 3.78733e-07 2.60668e-07 1.82334e-07 1.29129e-07 9.23447e-08 6.6561e-08 4.82866e-08 3.5219e-08 2.58058e-08 1.89829e-08 1.40115e-08 1.03728e-08 7.69895e-09 5.72739e-09 4.2692e-09 3.18774e-09 2.38367e-09 1.78444e-09 1.33688e-09 1.00185e-09 7.50488e-10 5.61413e-10 4.18764e-10 3.16091e-10
0.000149677 6.49273e-06 3.20109e-06 1.74374e-06 1.02906e-06 6.44397e-07 4.2095e-07 2.83368e-07 1.94939e-07 1.36289e-07 9.64699e-08 6.89557e-08 4.96762e-08 3.6019e-08 2.62582e-08 1.92308e-08 1.41398e-08 1.04321e-08 7.71964e-09 5.72739e-09 4.25905e-09 3.17351e-09 2.36876e-09 1.77067e-09 1.32512e-09 9.92472e-10 7.43558e-10 5.5687e-10 4.16499e-10 3.10637e-10 2.34406e-10
0.000116943 4.8644e-06 2.39956e-06 1.30754e-06 7.71712e-07 4.83198e-07 3.15569e-07 2.12355e-07 1.46027e-07 1.02047e-07 7.22038e-08 5.15841e-08 3.71428e-08 2.69182e-08 1.96143e-08 1.43584e-08 1.05526e-08 7.78229e-09 5.75647e-09 4.2692e-09 3.17351e-09 2.3638e-09 1.76378e-09 1.31801e-09 9.86067e-10 7.38322e-10 5.53007e-10 4.1407e-10 3.09641e-10 2.30914e-10 1.74198e-10
9.13315e-05 3.64761e-06 1.80027e-06 9.81344e-07 5.7929e-07 3.62714e-07 2.36847e-07 1.59341e-07 1.09537e-07 7.65302e-08 5.41232e-08 3.86482e-08 2.78152e-08 2.01488e-08 1.46752e-08 1.07381e-08 7.88862e-09 5.81531e-09 4.29985e-09 3.18774e-09 2.36876e-09 1.76378e-09 1.31564e-09 9.82826e-10 7.35083e-10 5.50248e-10 4.12037e-10 3.08452e-10 2.30621e-10 1.71968e-10 1.29695e-10
7.12812e-05 2.73599e-06 1.35102e-06 7.36772e-07 4.35051e-07 2.72442e-07 1.77904e-07 1.19676e-07 8.22815e-08 5.74626e-08 4.06199e-08 2.89926e-08 2.08567e-08 1.51016e-08 1.09944e-08 8.04154e-09 5.90528e-09 4.35158e-09 3.21639e-09 2.38367e-09 1.77067e-09 1.31801e-09 9.82826e-10 7.33989e-10 5.48818e-10 4.10713e-10 3.07479e-10 2.30132e-10 1.72037e-10 1.2827e-10 9.67143e-11
5.55726e-05 2.05119e-06 1.01335e-06 5.52928e-07 3.26666e-07 2.04655e-07 1.33679e-07 9.00056e-08 6.18597e-08 4.31832e-08 3.0513e-08 2.17696e-08 1.5654e-08 1.13299e-08 8.24526e-09 6.02843e-09 4.42533e-09 3.25985e-09 2.40863e-09 1.78444e-09 1.32512e-09 9.86067e-10 7.35083e-10 5.48818e-10 4.10255e-10 3.06943e-10 2.29741e-10 1.71917e-10 1.28498e-10 9.57991e-11 7.22138e-11
4.32514e-05 1.53525e-06 7.58804e-07 4.14364e-07 2.45031e-07 1.5365e-07 1.00604e-07 6.77185e-08 4.65264e-08 3.24672e-08 2.29323e-08 1.63547e-08 1.17558e-08 8.50532e-09 6.18742e-09 4.52227e-09 3.31856e-09 2.44376e-09 1.80507e-09 1.33688e-09 9.92472e-10 7.38322e-10 5.50248e-10 4.10713e-10 3.06943e-10 2.29595e-10 1.71812e-10 1.28545e-10 9.60666e-11 7.16146e-11 5.39711e-11
3.35696e-05 1.1452e-06 5.66306e-07 3.09638e-07 1.83414e-07 1.15628e-07 7.56992e-08 5.09425e-08 3.49897e-08 2.44085e-08 1.72343e-08 1.22868e-08 8.8287e-09 6.38542e-09 4.64372e-09 3.39293e-09 2.48906e-09 1.83238e-09 1.35308e-09 1.00185e-09 7.43558e-10 5.53007e-10 4.12037e-10 3.07479e-10 2.29741e-10 1.71812e-10 1.28548e-10 9.61603e-11 7.1855e-11 5.35615e-11 4.03574e-11
2.59393e-05 8.49068e-07 4.20199e-07 2.30285e-07 1.37894e-07 8.69333e-08 5.69059e-08 3.8287e-08 2.62904e-08 1.83346e-08 1.29418e-08 9.22376e-09 6.62582e-09 4.79078e-09 3.48306e-09 2.5442e-09 1.86593e-09 1.3733e-09 1.01384e-09 7.50488e-10 5.5687e-10 4.1407e-10 3.08452e-10 2.30132e-10 1.71917e-10 1.28545e-10 9.61603e-11 7.19229e-11 5.37379e-11 4.00541e-11 3.01744e-11
1.98976e-05 6.23092e-07 3.08901e-07 1.72753e-07 1.03457e-07 6.52217e-08 4.26884e-08 2.8716e-08 1.9714e-08 1.37451e-08 9.69993e-09 6.91162e-09 4.96375e-09 3.58821e-09 2.60817e-09 1.90473e-09 1.39665e-09 1.02771e-09 7.58556e-10 5.61413e-10 4.16499e-10 3.09641e-10 2.30621e-10 1.72037e-10 1.28498e-10 9.60666e-11 7.1855e-11 5.37379e-11 4.01473e-11 2.99226e-11 2.25388e-11
1.50778e-05 4.49664e-07 2.30825e-07 1.291e-07 7.73154e-08 4.87389e-08 3.18971e-08 2.14541e-08 1.47266e-08 1.02663e-08 7.24383e-09 5.16079e-09 3.70582e-09 2.6785e-09 1.94666e-09 1.42145e-09 1.04215e-09 7.66756e-10 5.6588e-10 4.18764e-10 3.10637e-10 2.30914e-10 1.71968e-10 1.2827e-10 9.57991e-11 7.16146e-11 5.35615e-11 4.00541e-11 2.99226e-11 2.23013e-11 1.67966e-11
1.17739e-05 3.41074e-07 1.75188e-07 9.80047e-08 5.86884e-08 3.69865e-08 2.41965e-08 1.62678e-08 1.11616e-08 7.77759e-09 5.48547e-09 3.90643e-09 2.80397e-09 2.02588e-09 1.47181e-09 1.07433e-09 7.87384e-10 5.79123e-10 4.27268e-10 3.16091e-10 2.34406e-10 1.74198e-10 1.29695e-10 9.67143e-11 7.22138e-11 5.39711e-11 4.03574e-11 3.01744e-11 2.25388e-11 1.67966e-11 1.26479e-11
