0.87391 4.97358e-05 4.8464e-05 4.72246e-05 4.6017e-05 4.48402e-05 4.36936e-05 4.25762e-05 4.14875e-05 4.04266e-05 3.93928e-05 3.83854e-05 3.74038e-05 3.64473e-05 3.55153e-05 3.46071e-05 3.37221e-05 3.28597e-05 3.20194e-05 3.12006e-05 3.04028e-05 2.96253e-05 2.88677e-05 2.81295e-05 2.74102e-05 2.67092e-05 2.60262e-05 2.53607e-05 2.47122e-05 2.40802e-05 2.34644e-05 2.28644e-05 2.22797e-05 2.171e-05 2.11548e-05 2.06138e-05 2.00867e-05 1.9573e-05 1.90725e-05 1.85848e-05 1.81095e-05 1.76464e-05 1.71952e-05 1.67554e-05 1.6327e-05 1.59094e-05 1.55026e-05 1.51062e-05 1.47199e-05 1.43435e-05 1.39767e-05 1.36192e-05 1.3271e-05 1.29316e-05 1.26009e-05 1.22787e-05 1.19647e-05 1.16587e-05 1.13606e-05 1.10701e-05 1.0787e-05 1.05111e-05 1.02423e-05 9.98043e-06 9.72521e-06 9.47651e-06 9.23418e-06 8.99804e-06 8.76794e-06 8.54373e-06 8.32524e-06 8.11235e-06 7.9049e-06 7.70275e-06 7.50578e-06 7.31384e-06 7.12681e-06 6.94456e-06 6.76697e-06 6.59393e-06 6.4253e-06 6.261e-06 6.10089e-06 5.94487e-06 5.79285e-06 5.64472e-06 5.50037e-06 5.35971e-06 5.22265e-06 5.0891e-06 4.95896e-06 4.83215e-06 4.70858e-06 4.58817e-06 4.47084e-06 4.35651e-06 4.24511e-06 4.13655e-06 4.03077e-06 3.92769e-06 3.82725e-06
4.97358e-05 5.31512e-06 5.20862e-06 5.1041e-06 5.00152e-06 4.90084e-06 4.80204e-06 4.70509e-06 4.60996e-06 4.51662e-06 4.42504e-06 4.33518e-06 4.24703e-06 4.16056e-06 4.07572e-06 3.99251e-06 3.91089e-06 3.83083e-06 3.75231e-06 3.67529e-06 3.59977e-06 3.5257e-06 3.45307e-06 3.38184e-06 3.312e-06 3.24352e-06 3.17638e-06 3.11055e-06 3.04601e-06 2.98274e-06 2.92071e-06 2.8599e-06 2.8003e-06 2.74187e-06 2.68459e-06 2.62846e-06 2.57344e-06 2.51951e-06 2.46666e-06 2.41487e-06 2.36411e-06 2.31437e-06 2.26563e-06 2.21786e-06 2.17106e-06 2.1252e-06 2.08027e-06 2.03624e-06 1.99311e-06 1.95085e-06 1.90944e-06 1.86888e-06 1.82915e-06 1.79023e-06 1.7521e-06 1.71475e-06 1.67816e-06 1.64233e-06 1.60722e-06 1.57285e-06 1.53917e-06 1.5062e-06 1.4739e-06 1.44227e-06 1.41129e-06 1.38095e-06 1.35124e-06 1.32215e-06 1.29367e-06 1.26577e-06 1.23846e-06 1.21171e-06 1.18553e-06 1.15989e-06 1.13478e-06 1.1102e-06 1.08614e-06 1.06258e-06 1.03952e-06 1.01694e-06 9.94834e-07 9.73195e-07 9.52013e-07 9.31277e-07 9.10979e-07 8.91111e-07 8.71663e-07 8.52626e-07 8.33994e-07 8.15756e-07 7.97906e-07 7.80436e-07 7.63337e-07 7.46603e-07 7.30225e-07 7.14196e-07 6.9851e-07 6.83159e-07 6.68137e-07 6.53436e-07 6.39049e-07
4.8464e-05 5.20862e-06 5.10725e-06 5.00766e-06 4.90985e-06 4.81378e-06 4.71943e-06 4.62677e-06 4.53578e-06 4.44644e-06 4.35871e-06 4.27258e-06 4.18801e-06 4.10499e-06 4.02349e-06 3.94348e-06 3.86495e-06 3.78787e-06 3.71222e-06 3.63797e-06 3.5651e-06 3.49358e-06 3.42341e-06 3.35455e-06 3.28698e-06 3.22069e-06 3.15565e-06 3.09183e-06 3.02923e-06 2.96781e-06 2.90756e-06 2.84847e-06 2.7905e-06 2.73364e-06 2.67787e-06 2.62318e-06 2.56953e-06 2.51693e-06 2.46534e-06 2.41475e-06 2.36514e-06 2.3165e-06 2.2688e-06 2.22204e-06 2.17619e-06 2.13123e-06 2.08716e-06 2.04395e-06 2.0016e-06 1.96008e-06 1.91938e-06 1.87948e-06 1.84038e-06 1.80205e-06 1.76448e-06 1.72766e-06 1.69157e-06 1.6562e-06 1.62154e-06 1.58758e-06 1.55429e-06 1.52167e-06 1.48971e-06 1.45839e-06 1.42771e-06 1.39764e-06 1.36818e-06 1.33931e-06 1.31103e-06 1.28333e-06 1.25618e-06 1.22959e-06 1.20354e-06 1.17802e-06 1.15303e-06 1.12854e-06 1.10455e-06 1.08106e-06 1.05804e-06 1.0355e-06 1.01343e-06 9.91804e-07 9.70627e-07 9.49886e-07 9.29573e-07 9.0968e-07 8.90199e-07 8.71121e-07 8.52439e-07 8.34145e-07 8.1623e-07 7.98688e-07 7.81511e-07 7.64692e-07 7.48224e-07 7.321e-07 7.16312e-07 7.00855e-07 6.85722e-07 6.70905e-07 6.56399e-07
4.72246e-05 5.1041e-06 5.00766e-06 4.91285e-06 4.81965e-06 4.72804e-06 4.638e-06 4.5495e-06 4.46252e-06 4.37705e-06 4.29307e-06 4.21054e-06 4.12946e-06 4.0498e-06 3.97153e-06 3.89465e-06 3.81913e-06 3.74495e-06 3.6721e-06 3.60054e-06 3.53026e-06 3.46125e-06 3.39348e-06 3.32693e-06 3.26159e-06 3.19744e-06 3.13445e-06 3.07261e-06 3.01191e-06 2.95232e-06 2.89382e-06 2.8364e-06 2.78005e-06 2.72474e-06 2.67045e-06 2.61718e-06 2.5649e-06 2.5136e-06 2.46325e-06 2.41386e-06 2.36539e-06 2.31784e-06 2.27118e-06 2.22541e-06 2.18051e-06 2.13646e-06 2.09325e-06 2.05086e-06 2.00928e-06 1.9685e-06 1.92851e-06 1.88928e-06 1.85081e-06 1.81307e-06 1.77607e-06 1.73979e-06 1.7042e-06 1.66931e-06 1.6351e-06 1.60156e-06 1.56866e-06 1.53642e-06 1.5048e-06 1.4738e-06 1.44342e-06 1.41363e-06 1.38442e-06 1.3558e-06 1.32773e-06 1.30023e-06 1.27327e-06 1.24684e-06 1.22094e-06 1.19555e-06 1.17067e-06 1.14629e-06 1.12239e-06 1.09897e-06 1.07602e-06 1.05353e-06 1.03149e-06 1.0099e-06 9.88739e-07 9.68005e-07 9.47689e-07 9.27784e-07 9.08281e-07 8.89173e-07 8.70453e-07 8.52112e-07 8.34144e-07 8.16542e-07 7.99298e-07 7.82405e-07 7.65858e-07 7.49648e-07 7.3377e-07 7.18217e-07 7.02983e-07 6.88061e-07 6.73446e-07
4.6017e-05 5.00152e-06 4.90985e-06 4.81965e-06 4.73091e-06 4.64361e-06 4.55774e-06 4.47326e-06 4.39018e-06 4.30847e-06 4.22811e-06 4.14909e-06 4.07139e-06 3.99499e-06 3.91988e-06 3.84604e-06 3.77345e-06 3.7021e-06 3.63196e-06 3.56303e-06 3.49529e-06 3.42871e-06 3.36329e-06 3.29901e-06 3.23585e-06 3.17379e-06 3.11282e-06 3.05292e-06 2.99408e-06 2.93628e-06 2.87951e-06 2.82374e-06 2.76898e-06 2.71519e-06 2.66237e-06 2.6105e-06 2.55956e-06 2.50955e-06 2.46044e-06 2.41222e-06 2.36489e-06 2.31842e-06 2.27279e-06 2.22801e-06 2.18405e-06 2.1409e-06 2.09855e-06 2.05698e-06 2.01618e-06 1.97614e-06 1.93685e-06 1.89829e-06 1.86045e-06 1.82333e-06 1.78689e-06 1.75115e-06 1.71608e-06 1.68167e-06 1.64791e-06 1.61479e-06 1.58231e-06 1.55044e-06 1.51917e-06 1.48851e-06 1.45843e-06 1.42893e-06 1.39999e-06 1.37161e-06 1.34378e-06 1.31648e-06 1.28972e-06 1.26346e-06 1.23772e-06 1.21248e-06 1.18773e-06 1.16346e-06 1.13966e-06 1.11633e-06 1.09346e-06 1.07103e-06 1.04904e-06 1.02748e-06 1.00635e-06 9.85637e-07 9.6533e-07 9.45423e-07 9.2591e-07 9.06784e-07 8.88036e-07 8.69661e-07 8.5165e-07 8.33999e-07 8.16698e-07 7.99743e-07 7.83126e-07 7.66842e-07 7.50884e-07 7.35245e-07 7.1992e-07 7.04903e-07 6.90188e-07
4.48402e-05 4.90084e-06 4.81378e-06 4.72804e-06 4.64361e-06 4.56048e-06 4.47864e-06 4.39807e-06 4.31875e-06 4.24068e-06 4.16384e-06 4.08822e-06 4.01381e-06 3.94058e-06 3.86853e-06 3.79765e-06 3.72791e-06 3.65932e-06 3.59184e-06 3.52547e-06 3.4602e-06 3.39601e-06 3.33288e-06 3.27081e-06 3.20977e-06 3.14977e-06 3.09077e-06 3.03278e-06 2.97577e-06 2.91973e-06 2.86464e-06 2.81051e-06 2.7573e-06 2.70502e-06 2.65364e-06 2.60315e-06 2.55354e-06 2.5048e-06 2.45692e-06 2.40987e-06 2.36365e-06 2.31825e-06 2.27366e-06 2.22986e-06 2.18684e-06 2.14458e-06 2.10308e-06 2.06233e-06 2.02231e-06 1.98302e-06 1.94443e-06 1.90654e-06 1.86934e-06 1.83282e-06 1.79696e-06 1.76176e-06 1.72721e-06 1.69329e-06 1.65999e-06 1.62731e-06 1.59523e-06 1.56375e-06 1.53285e-06 1.50252e-06 1.47276e-06 1.44356e-06 1.4149e-06 1.38678e-06 1.35918e-06 1.33211e-06 1.30554e-06 1.27948e-06 1.2539e-06 1.22882e-06 1.2042e-06 1.18006e-06 1.15638e-06 1.13314e-06 1.11035e-06 1.088e-06 1.06607e-06 1.04457e-06 1.02347e-06 1.00279e-06 9.82499e-07 9.62602e-07 9.4309e-07 9.23956e-07 9.05192e-07 8.86792e-07 8.6875e-07 8.51059e-07 8.33713e-07 8.16706e-07 8.0003e-07 7.83681e-07 7.67653e-07 7.51938e-07 7.36533e-07 7.2143e-07 7.06624e-07
4.36936e-05 4.80204e-06 4.71943e-06 4.638e-06 4.55774e-06 4.47864e-06 4.4007e-06 4.3239e-06 4.24823e-06 4.17369e-06 4.10027e-06 4.02795e-06 3.95672e-06 3.88658e-06 3.81751e-06 3.7495e-06 3.68254e-06 3.61663e-06 3.55174e-06 3.48787e-06 3.42501e-06 3.36314e-06 3.30226e-06 3.24235e-06 3.1834e-06 3.1254e-06 3.06834e-06 3.01221e-06 2.95699e-06 2.90268e-06 2.84926e-06 2.79673e-06 2.74506e-06 2.69425e-06 2.64429e-06 2.59517e-06 2.54687e-06 2.49939e-06 2.45271e-06 2.40682e-06 2.36172e-06 2.31738e-06 2.2738e-06 2.23098e-06 2.18889e-06 2.14752e-06 2.10688e-06 2.06694e-06 2.0277e-06 1.98914e-06 1.95126e-06 1.91405e-06 1.87749e-06 1.84158e-06 1.8063e-06 1.77165e-06 1.73761e-06 1.70419e-06 1.67136e-06 1.63912e-06 1.60746e-06 1.57637e-06 1.54584e-06 1.51586e-06 1.48643e-06 1.45753e-06 1.42915e-06 1.4013e-06 1.37395e-06 1.3471e-06 1.32075e-06 1.29488e-06 1.26949e-06 1.24457e-06 1.22011e-06 1.1961e-06 1.17254e-06 1.14941e-06 1.12672e-06 1.10445e-06 1.08259e-06 1.06115e-06 1.04011e-06 1.01946e-06 9.99201e-07 9.79325e-07 9.59824e-07 9.40692e-07 9.21922e-07 9.03509e-07 8.85446e-07 8.67726e-07 8.50344e-07 8.33294e-07 8.1657e-07 8.00167e-07 7.84077e-07 7.68297e-07 7.5282e-07 7.37641e-07 7.22755e-07
4.25762e-05 4.70509e-06 4.62677e-06 4.5495e-06 4.47326e-06 4.39807e-06 4.3239e-06 4.25075e-06 4.17862e-06 4.1075e-06 4.03739e-06 3.96827e-06 3.90014e-06 3.83299e-06 3.76682e-06 3.70161e-06 3.63735e-06 3.57405e-06 3.51168e-06 3.45025e-06 3.38974e-06 3.33014e-06 3.27145e-06 3.21366e-06 3.15675e-06 3.10072e-06 3.04555e-06 2.99125e-06 2.93779e-06 2.88517e-06 2.83339e-06 2.78242e-06 2.73227e-06 2.68292e-06 2.63436e-06 2.58658e-06 2.53958e-06 2.49333e-06 2.44785e-06 2.4031e-06 2.3591e-06 2.31581e-06 2.27325e-06 2.23139e-06 2.19022e-06 2.14975e-06 2.10995e-06 2.07083e-06 2.03236e-06 1.99454e-06 1.95737e-06 1.92083e-06 1.88491e-06 1.84961e-06 1.81492e-06 1.78082e-06 1.74731e-06 1.71438e-06 1.68203e-06 1.65023e-06 1.619e-06 1.5883e-06 1.55815e-06 1.52853e-06 1.49943e-06 1.47084e-06 1.44276e-06 1.41518e-06 1.38809e-06 1.36149e-06 1.33536e-06 1.30969e-06 1.28449e-06 1.25974e-06 1.23544e-06 1.21158e-06 1.18815e-06 1.16514e-06 1.14256e-06 1.12038e-06 1.09861e-06 1.07723e-06 1.05625e-06 1.03566e-06 1.01544e-06 9.95593e-07 9.76114e-07 9.56995e-07 9.3823e-07 9.19813e-07 9.01739e-07 8.84e-07 8.66593e-07 8.4951e-07 8.32747e-07 8.16298e-07 8.00158e-07 7.84321e-07 7.68782e-07 7.53537e-07 7.38578e-07
4.14875e-05 4.60996e-06 4.53578e-06 4.46252e-06 4.39018e-06 4.31875e-06 4.24823e-06 4.17862e-06 4.10992e-06 4.04211e-06 3.97521e-06 3.9092e-06 3.84407e-06 3.77983e-06 3.71647e-06 3.65398e-06 3.59235e-06 3.53159e-06 3.47169e-06 3.41263e-06 3.35441e-06 3.29703e-06 3.24048e-06 3.18475e-06 3.12984e-06 3.07573e-06 3.02242e-06 2.96991e-06 2.91818e-06 2.86722e-06 2.81704e-06 2.76762e-06 2.71896e-06 2.67104e-06 2.62385e-06 2.5774e-06 2.53167e-06 2.48666e-06 2.44235e-06 2.39874e-06 2.35582e-06 2.31358e-06 2.27201e-06 2.23112e-06 2.19087e-06 2.15128e-06 2.11233e-06 2.07401e-06 2.03632e-06 1.99924e-06 1.96277e-06 1.92691e-06 1.89163e-06 1.85694e-06 1.82283e-06 1.78929e-06 1.75631e-06 1.72389e-06 1.69201e-06 1.66067e-06 1.62986e-06 1.59958e-06 1.56981e-06 1.54055e-06 1.51179e-06 1.48352e-06 1.45575e-06 1.42845e-06 1.40163e-06 1.37527e-06 1.34937e-06 1.32392e-06 1.29892e-06 1.27435e-06 1.25022e-06 1.22651e-06 1.20322e-06 1.18035e-06 1.15787e-06 1.1358e-06 1.11412e-06 1.09283e-06 1.07192e-06 1.05138e-06 1.03122e-06 1.01141e-06 9.91965e-07 9.72868e-07 9.54118e-07 9.35707e-07 9.17631e-07 8.99884e-07 8.8246e-07 8.65354e-07 8.48562e-07 8.32077e-07 8.15896e-07 8.00011e-07 7.8442e-07 7.69116e-07 7.54095e-07
4.04266e-05 4.51662e-06 4.44644e-06 4.37705e-06 4.30847e-06 4.24068e-06 4.17369e-06 4.1075e-06 4.04211e-06 3.97752e-06 3.91373e-06 3.85073e-06 3.78852e-06 3.7271e-06 3.66647e-06 3.60663e-06 3.54756e-06 3.48928e-06 3.43176e-06 3.37502e-06 3.31904e-06 3.26383e-06 3.20936e-06 3.15565e-06 3.10269e-06 3.05046e-06 2.99897e-06 2.94821e-06 2.89818e-06 2.84886e-06 2.80025e-06 2.75235e-06 2.70514e-06 2.65863e-06 2.61281e-06 2.56766e-06 2.52319e-06 2.47939e-06 2.43624e-06 2.39375e-06 2.35191e-06 2.3107e-06 2.27013e-06 2.23018e-06 2.19085e-06 2.15214e-06 2.11402e-06 2.07651e-06 2.03959e-06 2.00325e-06 1.96749e-06 1.93229e-06 1.89766e-06 1.86359e-06 1.83007e-06 1.79709e-06 1.76464e-06 1.73272e-06 1.70132e-06 1.67044e-06 1.64007e-06 1.61019e-06 1.58081e-06 1.55192e-06 1.52351e-06 1.49558e-06 1.46811e-06 1.4411e-06 1.41455e-06 1.38845e-06 1.36279e-06 1.33757e-06 1.31277e-06 1.2884e-06 1.26445e-06 1.2409e-06 1.21777e-06 1.19503e-06 1.17268e-06 1.15072e-06 1.12915e-06 1.10794e-06 1.08711e-06 1.06665e-06 1.04654e-06 1.02679e-06 1.00738e-06 9.88315e-07 9.69588e-07 9.51193e-07 9.33125e-07 9.15378e-07 8.97947e-07 8.80828e-07 8.64016e-07 8.47505e-07 8.3129e-07 8.15368e-07 7.99732e-07 7.84379e-07 7.69304e-07
3.93928e-05 4.42504e-06 4.35871e-06 4.29307e-06 4.22811e-06 4.16384e-06 4.10027e-06 4.03739e-06 3.97521e-06 3.91373e-06 3.85295e-06 3.79287e-06 3.73349e-06 3.67482e-06 3.61684e-06 3.55957e-06 3.50299e-06 3.44712e-06 3.39193e-06 3.33745e-06 3.28365e-06 3.23054e-06 3.17812e-06 3.12638e-06 3.07532e-06 3.02494e-06 2.97523e-06 2.92619e-06 2.87781e-06 2.83009e-06 2.78303e-06 2.73662e-06 2.69085e-06 2.64573e-06 2.60124e-06 2.55738e-06 2.51415e-06 2.47154e-06 2.42955e-06 2.38816e-06 2.34738e-06 2.3072e-06 2.26761e-06 2.2286e-06 2.19018e-06 2.15234e-06 2.11506e-06 2.07835e-06 2.04219e-06 2.00659e-06 1.97153e-06 1.93701e-06 1.90303e-06 1.86957e-06 1.83663e-06 1.80421e-06 1.7723e-06 1.74089e-06 1.70998e-06 1.67956e-06 1.64963e-06 1.62017e-06 1.59119e-06 1.56267e-06 1.53462e-06 1.50702e-06 1.47987e-06 1.45316e-06 1.42689e-06 1.40105e-06 1.37564e-06 1.35065e-06 1.32607e-06 1.3019e-06 1.27813e-06 1.25476e-06 1.23178e-06 1.20919e-06 1.18698e-06 1.16514e-06 1.14368e-06 1.12258e-06 1.10184e-06 1.08145e-06 1.06141e-06 1.04172e-06 1.02236e-06 1.00334e-06 9.84644e-07 9.66274e-07 9.48222e-07 9.30485e-07 9.13057e-07 8.95934e-07 8.7911e-07 8.62581e-07 8.46343e-07 8.30391e-07 8.1472e-07 7.99327e-07 7.84206e-07
3.83854e-05 4.33518e-06 4.27258e-06 4.21054e-06 4.14909e-06 4.08822e-06 4.02795e-06 3.96827e-06 3.9092e-06 3.85073e-06 3.79287e-06 3.73562e-06 3.67899e-06 3.62298e-06 3.56758e-06 3.51281e-06 3.45865e-06 3.40512e-06 3.35221e-06 3.29992e-06 3.24825e-06 3.1972e-06 3.14677e-06 3.09696e-06 3.04776e-06 2.99918e-06 2.95121e-06 2.90385e-06 2.8571e-06 2.81095e-06 2.76541e-06 2.72046e-06 2.67611e-06 2.63235e-06 2.58917e-06 2.54658e-06 2.50457e-06 2.46314e-06 2.42228e-06 2.38199e-06 2.34226e-06 2.30309e-06 2.26447e-06 2.22641e-06 2.18888e-06 2.1519e-06 2.11546e-06 2.07954e-06 2.04415e-06 2.00928e-06 1.97492e-06 1.94108e-06 1.90774e-06 1.8749e-06 1.84255e-06 1.81069e-06 1.77932e-06 1.74843e-06 1.718e-06 1.68805e-06 1.65856e-06 1.62953e-06 1.60094e-06 1.57281e-06 1.54511e-06 1.51786e-06 1.49103e-06 1.46463e-06 1.43864e-06 1.41308e-06 1.38792e-06 1.36317e-06 1.33881e-06 1.31485e-06 1.29128e-06 1.26809e-06 1.24528e-06 1.22285e-06 1.20078e-06 1.17907e-06 1.15773e-06 1.13674e-06 1.11609e-06 1.09579e-06 1.07583e-06 1.05621e-06 1.03691e-06 1.01794e-06 9.99288e-07 9.80952e-07 9.62927e-07 9.45208e-07 9.27791e-07 9.10672e-07 8.93845e-07 8.77308e-07 8.61054e-07 8.45081e-07 8.29384e-07 8.13958e-07 7.988e-07
3.74038e-05 4.24703e-06 4.18801e-06 4.12946e-06 4.07139e-06 4.01381e-06 3.95672e-06 3.90014e-06 3.84407e-06 3.78852e-06 3.73349e-06 3.67899e-06 3.62502e-06 3.57159e-06 3.5187e-06 3.46636e-06 3.41455e-06 3.3633e-06 3.3126e-06 3.26245e-06 3.21286e-06 3.16382e-06 3.11533e-06 3.0674e-06 3.02003e-06 2.97321e-06 2.92694e-06 2.88123e-06 2.83607e-06 2.79146e-06 2.7474e-06 2.70389e-06 2.66093e-06 2.61851e-06 2.57663e-06 2.53529e-06 2.49448e-06 2.45421e-06 2.41447e-06 2.37526e-06 2.33657e-06 2.2984e-06 2.26075e-06 2.22361e-06 2.18698e-06 2.15086e-06 2.11523e-06 2.08011e-06 2.04548e-06 2.01134e-06 1.97769e-06 1.94451e-06 1.91182e-06 1.87959e-06 1.84784e-06 1.81654e-06 1.78571e-06 1.75533e-06 1.7254e-06 1.69592e-06 1.66687e-06 1.63827e-06 1.61009e-06 1.58234e-06 1.55501e-06 1.5281e-06 1.5016e-06 1.47551e-06 1.44983e-06 1.42454e-06 1.39964e-06 1.37513e-06 1.35101e-06 1.32727e-06 1.3039e-06 1.2809e-06 1.25827e-06 1.236e-06 1.21408e-06 1.19252e-06 1.1713e-06 1.15043e-06 1.12989e-06 1.10969e-06 1.08981e-06 1.07027e-06 1.05104e-06 1.03212e-06 1.01352e-06 9.9523e-07 9.7724e-07 9.59548e-07 9.42151e-07 9.25044e-07 9.08224e-07 8.91686e-07 8.75426e-07 8.5944e-07 8.43724e-07 8.28275e-07 8.13087e-07
3.64473e-05 4.16056e-06 4.10499e-06 4.0498e-06 3.99499e-06 3.94058e-06 3.88658e-06 3.83299e-06 3.77983e-06 3.7271e-06 3.67482e-06 3.62298e-06 3.57159e-06 3.52067e-06 3.47021e-06 3.42022e-06 3.37071e-06 3.32168e-06 3.27313e-06 3.22506e-06 3.17749e-06 3.13041e-06 3.08382e-06 3.03773e-06 2.99213e-06 2.94703e-06 2.90244e-06 2.85834e-06 2.81474e-06 2.77164e-06 2.72904e-06 2.68694e-06 2.64534e-06 2.60424e-06 2.56363e-06 2.52352e-06 2.4839e-06 2.44478e-06 2.40614e-06 2.36799e-06 2.33033e-06 2.29315e-06 2.25645e-06 2.22023e-06 2.18449e-06 2.14921e-06 2.11441e-06 2.08007e-06 2.0462e-06 2.01279e-06 1.97983e-06 1.94733e-06 1.91528e-06 1.88367e-06 1.8525e-06 1.82178e-06 1.79148e-06 1.76162e-06 1.73219e-06 1.70318e-06 1.67458e-06 1.64641e-06 1.61864e-06 1.59128e-06 1.56433e-06 1.53777e-06 1.51161e-06 1.48583e-06 1.46045e-06 1.43544e-06 1.41082e-06 1.38656e-06 1.36268e-06 1.33916e-06 1.316e-06 1.2932e-06 1.27075e-06 1.24865e-06 1.2269e-06 1.20548e-06 1.1844e-06 1.16365e-06 1.14323e-06 1.12313e-06 1.10336e-06 1.08389e-06 1.06474e-06 1.0459e-06 1.02735e-06 1.00911e-06 9.91165e-07 9.73508e-07 9.56139e-07 9.39054e-07 9.22247e-07 9.05717e-07 8.89458e-07 8.73468e-07 8.57742e-07 8.42276e-07 8.27068e-07
3.55153e-05 4.07572e-06 4.02349e-06 3.97153e-06 3.91988e-06 3.86853e-06 3.81751e-06 3.76682e-06 3.71647e-06 3.66647e-06 3.61684e-06 3.56758e-06 3.5187e-06 3.47021e-06 3.42211e-06 3.37442e-06 3.32713e-06 3.28025e-06 3.2338e-06 3.18777e-06 3.14216e-06 3.09699e-06 3.05225e-06 3.00795e-06 2.96409e-06 2.92068e-06 2.87771e-06 2.83519e-06 2.79312e-06 2.7515e-06 2.71034e-06 2.66962e-06 2.62936e-06 2.58955e-06 2.5502e-06 2.5113e-06 2.47285e-06 2.43485e-06 2.3973e-06 2.3602e-06 2.32356e-06 2.28736e-06 2.2516e-06 2.21629e-06 2.18142e-06 2.14699e-06 2.113e-06 2.07945e-06 2.04633e-06 2.01364e-06 1.98138e-06 1.94955e-06 1.91813e-06 1.88714e-06 1.85657e-06 1.82641e-06 1.79666e-06 1.76732e-06 1.73838e-06 1.70984e-06 1.68171e-06 1.65396e-06 1.62661e-06 1.59965e-06 1.57307e-06 1.54687e-06 1.52104e-06 1.4956e-06 1.47052e-06 1.4458e-06 1.42145e-06 1.39746e-06 1.37382e-06 1.35053e-06 1.32759e-06 1.305e-06 1.28274e-06 1.26082e-06 1.23923e-06 1.21797e-06 1.19704e-06 1.17642e-06 1.15612e-06 1.13614e-06 1.11646e-06 1.09709e-06 1.07803e-06 1.05926e-06 1.04078e-06 1.0226e-06 1.0047e-06 9.87091e-07 9.69758e-07 9.52702e-07 9.35918e-07 9.19403e-07 9.03154e-07 8.87166e-07 8.71438e-07 8.55964e-07 8.40742e-07
3.46071e-05 3.99251e-06 3.94348e-06 3.89465e-06 3.84604e-06 3.79765e-06 3.7495e-06 3.70161e-06 3.65398e-06 3.60663e-06 3.55957e-06 3.51281e-06 3.46636e-06 3.42022e-06 3.37442e-06 3.32895e-06 3.28382e-06 3.23905e-06 3.19463e-06 3.15057e-06 3.10689e-06 3.06357e-06 3.02064e-06 2.97809e-06 2.93593e-06 2.89417e-06 2.85279e-06 2.81182e-06 2.77125e-06 2.73108e-06 2.69131e-06 2.65196e-06 2.61301e-06 2.57447e-06 2.53635e-06 2.49864e-06 2.46134e-06 2.42445e-06 2.38798e-06 2.35192e-06 2.31627e-06 2.28104e-06 2.24622e-06 2.21181e-06 2.17781e-06 2.14422e-06 2.11103e-06 2.07826e-06 2.04588e-06 2.01392e-06 1.98235e-06 1.95118e-06 1.92041e-06 1.89003e-06 1.86004e-06 1.83045e-06 1.80124e-06 1.77242e-06 1.74399e-06 1.71593e-06 1.68825e-06 1.66094e-06 1.63401e-06 1.60744e-06 1.58124e-06 1.55541e-06 1.52993e-06 1.50481e-06 1.48004e-06 1.45563e-06 1.43156e-06 1.40783e-06 1.38444e-06 1.3614e-06 1.33868e-06 1.3163e-06 1.29424e-06 1.2725e-06 1.25109e-06 1.22999e-06 1.20921e-06 1.18874e-06 1.16857e-06 1.14871e-06 1.12914e-06 1.10987e-06 1.0909e-06 1.07221e-06 1.05381e-06 1.0357e-06 1.01786e-06 1.0003e-06 9.8301e-07 9.6599e-07 9.49236e-07 9.32745e-07 9.16513e-07 9.00536e-07 8.84813e-07 8.69338e-07 8.5411e-07
3.37221e-05 3.91089e-06 3.86495e-06 3.81913e-06 3.77345e-06 3.72791e-06 3.68254e-06 3.63735e-06 3.59235e-06 3.54756e-06 3.50299e-06 3.45865e-06 3.41455e-06 3.37071e-06 3.32713e-06 3.28382e-06 3.2408e-06 3.19806e-06 3.15562e-06 3.11349e-06 3.07168e-06 3.03018e-06 2.98901e-06 2.94817e-06 2.90767e-06 2.86751e-06 2.82769e-06 2.78823e-06 2.74912e-06 2.71037e-06 2.67199e-06 2.63396e-06 2.59631e-06 2.55902e-06 2.52211e-06 2.48556e-06 2.4494e-06 2.41361e-06 2.37819e-06 2.34316e-06 2.3085e-06 2.27422e-06 2.24032e-06 2.2068e-06 2.17366e-06 2.1409e-06 2.10852e-06 2.07651e-06 2.04488e-06 2.01363e-06 1.98275e-06 1.95224e-06 1.92211e-06 1.89235e-06 1.86295e-06 1.83392e-06 1.80526e-06 1.77696e-06 1.74903e-06 1.72145e-06 1.69423e-06 1.66736e-06 1.64085e-06 1.61469e-06 1.58887e-06 1.5634e-06 1.53828e-06 1.51349e-06 1.48904e-06 1.46493e-06 1.44114e-06 1.41769e-06 1.39456e-06 1.37176e-06 1.34927e-06 1.32711e-06 1.30525e-06 1.28371e-06 1.26248e-06 1.24155e-06 1.22093e-06 1.2006e-06 1.18058e-06 1.16084e-06 1.14139e-06 1.12224e-06 1.10336e-06 1.08477e-06 1.06645e-06 1.04841e-06 1.03064e-06 1.01313e-06 9.95897e-07 9.78922e-07 9.62205e-07 9.45745e-07 9.29537e-07 9.13579e-07 8.97868e-07 8.824e-07 8.67173e-07
3.28597e-05 3.83083e-06 3.78787e-06 3.74495e-06 3.7021e-06 3.65932e-06 3.61663e-06 3.57405e-06 3.53159e-06 3.48928e-06 3.44712e-06 3.40512e-06 3.3633e-06 3.32168e-06 3.28025e-06 3.23905e-06 3.19806e-06 3.15731e-06 3.1168e-06 3.07654e-06 3.03655e-06 2.99682e-06 2.95736e-06 2.91819e-06 2.87931e-06 2.84072e-06 2.80243e-06 2.76445e-06 2.72677e-06 2.68942e-06 2.65238e-06 2.61566e-06 2.57927e-06 2.54321e-06 2.50749e-06 2.4721e-06 2.43704e-06 2.40233e-06 2.36796e-06 2.33393e-06 2.30025e-06 2.26692e-06 2.23393e-06 2.20129e-06 2.169e-06 2.13706e-06 2.10547e-06 2.07423e-06 2.04334e-06 2.0128e-06 1.9826e-06 1.95276e-06 1.92326e-06 1.89411e-06 1.8653e-06 1.83684e-06 1.80872e-06 1.78095e-06 1.75351e-06 1.72642e-06 1.69966e-06 1.67323e-06 1.64714e-06 1.62139e-06 1.59596e-06 1.57086e-06 1.54609e-06 1.52164e-06 1.49751e-06 1.47371e-06 1.45022e-06 1.42704e-06 1.40418e-06 1.38162e-06 1.35938e-06 1.33743e-06 1.31579e-06 1.29445e-06 1.27341e-06 1.25266e-06 1.2322e-06 1.21203e-06 1.19215e-06 1.17255e-06 1.15323e-06 1.13418e-06 1.11542e-06 1.09692e-06 1.07869e-06 1.06073e-06 1.04304e-06 1.0256e-06 1.00842e-06 9.91498e-07 9.74827e-07 9.58405e-07 9.42229e-07 9.26296e-07 9.10605e-07 8.95151e-07 8.79932e-07
3.20194e-05 3.75231e-06 3.71222e-06 3.6721e-06 3.63196e-06 3.59184e-06 3.55174e-06 3.51168e-06 3.47169e-06 3.43176e-06 3.39193e-06 3.35221e-06 3.3126e-06 3.27313e-06 3.2338e-06 3.19463e-06 3.15562e-06 3.1168e-06 3.07817e-06 3.03973e-06 3.00151e-06 2.9635e-06 2.92572e-06 2.88818e-06 2.85087e-06 2.81382e-06 2.77702e-06 2.74048e-06 2.70421e-06 2.66822e-06 2.6325e-06 2.59707e-06 2.56192e-06 2.52707e-06 2.49251e-06 2.45825e-06 2.42429e-06 2.39064e-06 2.3573e-06 2.32427e-06 2.29155e-06 2.25915e-06 2.22706e-06 2.1953e-06 2.16385e-06 2.13272e-06 2.10192e-06 2.07143e-06 2.04127e-06 2.01144e-06 1.98192e-06 1.95274e-06 1.92387e-06 1.89533e-06 1.86711e-06 1.83921e-06 1.81164e-06 1.78439e-06 1.75745e-06 1.73084e-06 1.70455e-06 1.67857e-06 1.65291e-06 1.62756e-06 1.60252e-06 1.5778e-06 1.55338e-06 1.52928e-06 1.50548e-06 1.48198e-06 1.45879e-06 1.4359e-06 1.4133e-06 1.391e-06 1.369e-06 1.34729e-06 1.32587e-06 1.30473e-06 1.28388e-06 1.26332e-06 1.24303e-06 1.22302e-06 1.20329e-06 1.18383e-06 1.16464e-06 1.14572e-06 1.12707e-06 1.10868e-06 1.09055e-06 1.07268e-06 1.05506e-06 1.0377e-06 1.02059e-06 1.00372e-06 9.87103e-07 9.70726e-07 9.54589e-07 9.38689e-07 9.23024e-07 9.07592e-07 8.92388e-07
3.12006e-05 3.67529e-06 3.63797e-06 3.60054e-06 3.56303e-06 3.52547e-06 3.48787e-06 3.45025e-06 3.41263e-06 3.37502e-06 3.33745e-06 3.29992e-06 3.26245e-06 3.22506e-06 3.18777e-06 3.15057e-06 3.11349e-06 3.07654e-06 3.03973e-06 3.00307e-06 2.96657e-06 2.93025e-06 2.8941e-06 2.85814e-06 2.82238e-06 2.78682e-06 2.75148e-06 2.71636e-06 2.68146e-06 2.6468e-06 2.61238e-06 2.5782e-06 2.54427e-06 2.5106e-06 2.47719e-06 2.44404e-06 2.41117e-06 2.37856e-06 2.34623e-06 2.31418e-06 2.28241e-06 2.25093e-06 2.21973e-06 2.18883e-06 2.15821e-06 2.12789e-06 2.09786e-06 2.06813e-06 2.0387e-06 2.00956e-06 1.98073e-06 1.95219e-06 1.92396e-06 1.89603e-06 1.86839e-06 1.84106e-06 1.81403e-06 1.7873e-06 1.76087e-06 1.73474e-06 1.70891e-06 1.68338e-06 1.65815e-06 1.63321e-06 1.60857e-06 1.58422e-06 1.56017e-06 1.53641e-06 1.51294e-06 1.48976e-06 1.46687e-06 1.44426e-06 1.42194e-06 1.39991e-06 1.37815e-06 1.35667e-06 1.33548e-06 1.31455e-06 1.2939e-06 1.27353e-06 1.25342e-06 1.23358e-06 1.21401e-06 1.1947e-06 1.17565e-06 1.15686e-06 1.13833e-06 1.12005e-06 1.10202e-06 1.08425e-06 1.06672e-06 1.04944e-06 1.0324e-06 1.0156e-06 9.99037e-07 9.82712e-07 9.66621e-07 9.5076e-07 9.35129e-07 9.19723e-07 9.04542e-07
3.04028e-05 3.59977e-06 3.5651e-06 3.53026e-06 3.49529e-06 3.4602e-06 3.42501e-06 3.38974e-06 3.35441e-06 3.31904e-06 3.28365e-06 3.24825e-06 3.21286e-06 3.17749e-06 3.14216e-06 3.10689e-06 3.07168e-06 3.03655e-06 3.00151e-06 2.96657e-06 2.93175e-06 2.89706e-06 2.8625e-06 2.82809e-06 2.79383e-06 2.75974e-06 2.72582e-06 2.69208e-06 2.65853e-06 2.62517e-06 2.59202e-06 2.55907e-06 2.52634e-06 2.49383e-06 2.46155e-06 2.4295e-06 2.39768e-06 2.3661e-06 2.33477e-06 2.30369e-06 2.27285e-06 2.24228e-06 2.21196e-06 2.1819e-06 2.15211e-06 2.12259e-06 2.09333e-06 2.06435e-06 2.03563e-06 2.0072e-06 1.97903e-06 1.95115e-06 1.92354e-06 1.89621e-06 1.86916e-06 1.84239e-06 1.8159e-06 1.7897e-06 1.76377e-06 1.73813e-06 1.71276e-06 1.68768e-06 1.66287e-06 1.63835e-06 1.61411e-06 1.59014e-06 1.56645e-06 1.54304e-06 1.51991e-06 1.49705e-06 1.47446e-06 1.45215e-06 1.43011e-06 1.40834e-06 1.38684e-06 1.3656e-06 1.34463e-06 1.32393e-06 1.30349e-06 1.2833e-06 1.26338e-06 1.24372e-06 1.22431e-06 1.20515e-06 1.18625e-06 1.1676e-06 1.14919e-06 1.13103e-06 1.11312e-06 1.09544e-06 1.07801e-06 1.06081e-06 1.04385e-06 1.02713e-06 1.01063e-06 9.94364e-07 9.78325e-07 9.6251e-07 9.46919e-07 9.31548e-07 9.16395e-07
2.96253e-05 3.5257e-06 3.49358e-06 3.46125e-06 3.42871e-06 3.39601e-06 3.36314e-06 3.33014e-06 3.29703e-06 3.26383e-06 3.23054e-06 3.1972e-06 3.16382e-06 3.13041e-06 3.09699e-06 3.06357e-06 3.03018e-06 2.99682e-06 2.9635e-06 2.93025e-06 2.89706e-06 2.86396e-06 2.83095e-06 2.79805e-06 2.76526e-06 2.73259e-06 2.70006e-06 2.66768e-06 2.63544e-06 2.60336e-06 2.57145e-06 2.53971e-06 2.50815e-06 2.47678e-06 2.4456e-06 2.41462e-06 2.38385e-06 2.35328e-06 2.32293e-06 2.2928e-06 2.26289e-06 2.23321e-06 2.20376e-06 2.17455e-06 2.14557e-06 2.11683e-06 2.08834e-06 2.06009e-06 2.03209e-06 2.00435e-06 1.97685e-06 1.94961e-06 1.92263e-06 1.8959e-06 1.86943e-06 1.84323e-06 1.81728e-06 1.79159e-06 1.76617e-06 1.74101e-06 1.71611e-06 1.69148e-06 1.6671e-06 1.643e-06 1.61915e-06 1.59557e-06 1.57225e-06 1.54919e-06 1.52639e-06 1.50386e-06 1.48158e-06 1.45957e-06 1.43781e-06 1.41631e-06 1.39507e-06 1.37408e-06 1.35334e-06 1.33286e-06 1.31263e-06 1.29265e-06 1.27292e-06 1.25343e-06 1.2342e-06 1.2152e-06 1.19645e-06 1.17794e-06 1.15967e-06 1.14163e-06 1.12383e-06 1.10627e-06 1.08893e-06 1.07183e-06 1.05496e-06 1.03831e-06 1.02188e-06 1.00568e-06 9.89703e-07 9.73942e-07 9.58396e-07 9.43066e-07 9.27948e-07
2.88677e-05 3.45307e-06 3.42341e-06 3.39348e-06 3.36329e-06 3.33288e-06 3.30226e-06 3.27145e-06 3.24048e-06 3.20936e-06 3.17812e-06 3.14677e-06 3.11533e-06 3.08382e-06 3.05225e-06 3.02064e-06 2.98901e-06 2.95736e-06 2.92572e-06 2.8941e-06 2.8625e-06 2.83095e-06 2.79945e-06 2.76802e-06 2.73666e-06 2.70539e-06 2.67422e-06 2.64315e-06 2.6122e-06 2.58137e-06 2.55067e-06 2.52012e-06 2.48971e-06 2.45946e-06 2.42936e-06 2.39944e-06 2.36969e-06 2.34012e-06 2.31074e-06 2.28154e-06 2.25254e-06 2.22374e-06 2.19515e-06 2.16677e-06 2.13859e-06 2.11064e-06 2.0829e-06 2.05538e-06 2.02809e-06 2.00103e-06 1.9742e-06 1.9476e-06 1.92124e-06 1.89511e-06 1.86922e-06 1.84357e-06 1.81816e-06 1.793e-06 1.76808e-06 1.7434e-06 1.71897e-06 1.69479e-06 1.67085e-06 1.64716e-06 1.62371e-06 1.60052e-06 1.57757e-06 1.55486e-06 1.53241e-06 1.5102e-06 1.48824e-06 1.46652e-06 1.44505e-06 1.42383e-06 1.40285e-06 1.38211e-06 1.36161e-06 1.34136e-06 1.32135e-06 1.30157e-06 1.28204e-06 1.26274e-06 1.24367e-06 1.22485e-06 1.20625e-06 1.18789e-06 1.16976e-06 1.15185e-06 1.13418e-06 1.11673e-06 1.0995e-06 1.0825e-06 1.06571e-06 1.04915e-06 1.0328e-06 1.01667e-06 1.00076e-06 9.85056e-07 9.69563e-07 9.5428e-07 9.39203e-07
2.81295e-05 3.38184e-06 3.35455e-06 3.32693e-06 3.29901e-06 3.27081e-06 3.24235e-06 3.21366e-06 3.18475e-06 3.15565e-06 3.12638e-06 3.09696e-06 3.0674e-06 3.03773e-06 3.00795e-06 2.97809e-06 2.94817e-06 2.91819e-06 2.88818e-06 2.85814e-06 2.82809e-06 2.79805e-06 2.76802e-06 2.73802e-06 2.70806e-06 2.67815e-06 2.6483e-06 2.61852e-06 2.58883e-06 2.55922e-06 2.52972e-06 2.50032e-06 2.47104e-06 2.44188e-06 2.41285e-06 2.38397e-06 2.35522e-06 2.32663e-06 2.2982e-06 2.26993e-06 2.24182e-06 2.2139e-06 2.18615e-06 2.15858e-06 2.1312e-06 2.10402e-06 2.07702e-06 2.05023e-06 2.02364e-06 1.99726e-06 1.97109e-06 1.94513e-06 1.91938e-06 1.89385e-06 1.86853e-06 1.84344e-06 1.81857e-06 1.79393e-06 1.76951e-06 1.74532e-06 1.72135e-06 1.69762e-06 1.67411e-06 1.65084e-06 1.6278e-06 1.60499e-06 1.58241e-06 1.56007e-06 1.53796e-06 1.51608e-06 1.49444e-06 1.47303e-06 1.45185e-06 1.4309e-06 1.41019e-06 1.3897e-06 1.36945e-06 1.34943e-06 1.32964e-06 1.31008e-06 1.29074e-06 1.27163e-06 1.25275e-06 1.2341e-06 1.21566e-06 1.19745e-06 1.17947e-06 1.1617e-06 1.14415e-06 1.12682e-06 1.10971e-06 1.09281e-06 1.07613e-06 1.05965e-06 1.04339e-06 1.02734e-06 1.01149e-06 9.95856e-07 9.80422e-07 9.65191e-07 9.50161e-07
2.74102e-05 3.312e-06 3.28698e-06 3.26159e-06 3.23585e-06 3.20977e-06 3.1834e-06 3.15675e-06 3.12984e-06 3.10269e-06 3.07532e-06 3.04776e-06 3.02003e-06 2.99213e-06 2.96409e-06 2.93593e-06 2.90767e-06 2.87931e-06 2.85087e-06 2.82238e-06 2.79383e-06 2.76526e-06 2.73666e-06 2.70806e-06 2.67946e-06 2.65088e-06 2.62232e-06 2.59381e-06 2.56534e-06 2.53693e-06 2.50859e-06 2.48033e-06 2.45215e-06 2.42407e-06 2.39609e-06 2.36822e-06 2.34046e-06 2.31283e-06 2.28533e-06 2.25797e-06 2.23075e-06 2.20368e-06 2.17676e-06 2.15001e-06 2.12341e-06 2.09699e-06 2.07074e-06 2.04466e-06 2.01877e-06 1.99306e-06 1.96754e-06 1.94221e-06 1.91707e-06 1.89213e-06 1.86739e-06 1.84285e-06 1.81852e-06 1.79439e-06 1.77048e-06 1.74677e-06 1.72327e-06 1.69999e-06 1.67692e-06 1.65406e-06 1.63143e-06 1.609e-06 1.5868e-06 1.56482e-06 1.54306e-06 1.52151e-06 1.50019e-06 1.47908e-06 1.4582e-06 1.43754e-06 1.41709e-06 1.39687e-06 1.37686e-06 1.35708e-06 1.33752e-06 1.31817e-06 1.29904e-06 1.28013e-06 1.26143e-06 1.24295e-06 1.22469e-06 1.20664e-06 1.1888e-06 1.17118e-06 1.15376e-06 1.13656e-06 1.11956e-06 1.10278e-06 1.0862e-06 1.06982e-06 1.05365e-06 1.03768e-06 1.02191e-06 1.00634e-06 9.90973e-07 9.75801e-07 9.60824e-07
2.67092e-05 3.24352e-06 3.22069e-06 3.19744e-06 3.17379e-06 3.14977e-06 3.1254e-06 3.10072e-06 3.07573e-06 3.05046e-06 3.02494e-06 2.99918e-06 2.97321e-06 2.94703e-06 2.92068e-06 2.89417e-06 2.86751e-06 2.84072e-06 2.81382e-06 2.78682e-06 2.75974e-06 2.73259e-06 2.70539e-06 2.67815e-06 2.65088e-06 2.62359e-06 2.5963e-06 2.56901e-06 2.54175e-06 2.51451e-06 2.48731e-06 2.46015e-06 2.43306e-06 2.40603e-06 2.37907e-06 2.3522e-06 2.32542e-06 2.29874e-06 2.27216e-06 2.24569e-06 2.21934e-06 2.19311e-06 2.16702e-06 2.14106e-06 2.11524e-06 2.08957e-06 2.06404e-06 2.03868e-06 2.01347e-06 1.98843e-06 1.96355e-06 1.93885e-06 1.91432e-06 1.88997e-06 1.8658e-06 1.84182e-06 1.81802e-06 1.79441e-06 1.77099e-06 1.74776e-06 1.72473e-06 1.7019e-06 1.67927e-06 1.65683e-06 1.6346e-06 1.61257e-06 1.59074e-06 1.56912e-06 1.54771e-06 1.5265e-06 1.5055e-06 1.4847e-06 1.46412e-06 1.44374e-06 1.42357e-06 1.40361e-06 1.38386e-06 1.36432e-06 1.34498e-06 1.32586e-06 1.30694e-06 1.28823e-06 1.26972e-06 1.25142e-06 1.23333e-06 1.21545e-06 1.19777e-06 1.18029e-06 1.16301e-06 1.14594e-06 1.12907e-06 1.1124e-06 1.09593e-06 1.07965e-06 1.06358e-06 1.0477e-06 1.03201e-06 1.01652e-06 1.00122e-06 9.86112e-07 9.71193e-07
2.60262e-05 3.17638e-06 3.15565e-06 3.13445e-06 3.11282e-06 3.09077e-06 3.06834e-06 3.04555e-06 3.02242e-06 2.99897e-06 2.97523e-06 2.95121e-06 2.92694e-06 2.90244e-06 2.87771e-06 2.85279e-06 2.82769e-06 2.80243e-06 2.77702e-06 2.75148e-06 2.72582e-06 2.70006e-06 2.67422e-06 2.6483e-06 2.62232e-06 2.5963e-06 2.57024e-06 2.54416e-06 2.51806e-06 2.49197e-06 2.46588e-06 2.43982e-06 2.41378e-06 2.38778e-06 2.36183e-06 2.33594e-06 2.31011e-06 2.28436e-06 2.25868e-06 2.23309e-06 2.2076e-06 2.18221e-06 2.15692e-06 2.13175e-06 2.10669e-06 2.08177e-06 2.05697e-06 2.0323e-06 2.00777e-06 1.98339e-06 1.95916e-06 1.93508e-06 1.91115e-06 1.88739e-06 1.86378e-06 1.84035e-06 1.81708e-06 1.79398e-06 1.77106e-06 1.74832e-06 1.72575e-06 1.70337e-06 1.68117e-06 1.65916e-06 1.63733e-06 1.61569e-06 1.59424e-06 1.57299e-06 1.55192e-06 1.53105e-06 1.51038e-06 1.4899e-06 1.46961e-06 1.44952e-06 1.42963e-06 1.40994e-06 1.39044e-06 1.37115e-06 1.35205e-06 1.33314e-06 1.31444e-06 1.29593e-06 1.27763e-06 1.25952e-06 1.2416e-06 1.22388e-06 1.20636e-06 1.18904e-06 1.17191e-06 1.15497e-06 1.13823e-06 1.12168e-06 1.10532e-06 1.08916e-06 1.07318e-06 1.0574e-06 1.0418e-06 1.02639e-06 1.01116e-06 9.96126e-07 9.81271e-07
2.53607e-05 3.11055e-06 3.09183e-06 3.07261e-06 3.05292e-06 3.03278e-06 3.01221e-06 2.99125e-06 2.96991e-06 2.94821e-06 2.92619e-06 2.90385e-06 2.88123e-06 2.85834e-06 2.83519e-06 2.81182e-06 2.78823e-06 2.76445e-06 2.74048e-06 2.71636e-06 2.69208e-06 2.66768e-06 2.64315e-06 2.61852e-06 2.59381e-06 2.56901e-06 2.54416e-06 2.51925e-06 2.4943e-06 2.46932e-06 2.44433e-06 2.41933e-06 2.39433e-06 2.36934e-06 2.34438e-06 2.31945e-06 2.29456e-06 2.26971e-06 2.24493e-06 2.2202e-06 2.19555e-06 2.17098e-06 2.14649e-06 2.12209e-06 2.0978e-06 2.0736e-06 2.04951e-06 2.02554e-06 2.00169e-06 1.97796e-06 1.95436e-06 1.9309e-06 1.90757e-06 1.88438e-06 1.86134e-06 1.83845e-06 1.81571e-06 1.79313e-06 1.7707e-06 1.74844e-06 1.72634e-06 1.70441e-06 1.68264e-06 1.66105e-06 1.63963e-06 1.61838e-06 1.59732e-06 1.57642e-06 1.55571e-06 1.53518e-06 1.51483e-06 1.49467e-06 1.47469e-06 1.45489e-06 1.43528e-06 1.41586e-06 1.39662e-06 1.37757e-06 1.35871e-06 1.34004e-06 1.32155e-06 1.30326e-06 1.28515e-06 1.26723e-06 1.2495e-06 1.23196e-06 1.2146e-06 1.19743e-06 1.18045e-06 1.16366e-06 1.14705e-06 1.13063e-06 1.11439e-06 1.09834e-06 1.08247e-06 1.06678e-06 1.05127e-06 1.03595e-06 1.02081e-06 1.00584e-06 9.91059e-07
2.47122e-05 3.04601e-06 3.02923e-06 3.01191e-06 2.99408e-06 2.97577e-06 2.95699e-06 2.93779e-06 2.91818e-06 2.89818e-06 2.87781e-06 2.8571e-06 2.83607e-06 2.81474e-06 2.79312e-06 2.77125e-06 2.74912e-06 2.72677e-06 2.70421e-06 2.68146e-06 2.65853e-06 2.63544e-06 2.6122e-06 2.58883e-06 2.56534e-06 2.54175e-06 2.51806e-06 2.4943e-06 2.47047e-06 2.44659e-06 2.42266e-06 2.3987e-06 2.37472e-06 2.35072e-06 2.32673e-06 2.30274e-06 2.27876e-06 2.25482e-06 2.2309e-06 2.20703e-06 2.18321e-06 2.15944e-06 2.13574e-06 2.11211e-06 2.08855e-06 2.06508e-06 2.0417e-06 2.01841e-06 1.99523e-06 1.97215e-06 1.94918e-06 1.92632e-06 1.90359e-06 1.88098e-06 1.8585e-06 1.83615e-06 1.81393e-06 1.79186e-06 1.76993e-06 1.74815e-06 1.72651e-06 1.70503e-06 1.6837e-06 1.66252e-06 1.64151e-06 1.62066e-06 1.59997e-06 1.57944e-06 1.55909e-06 1.5389e-06 1.51888e-06 1.49903e-06 1.47936e-06 1.45986e-06 1.44053e-06 1.42138e-06 1.40241e-06 1.38361e-06 1.36499e-06 1.34655e-06 1.32829e-06 1.3102e-06 1.2923e-06 1.27458e-06 1.25703e-06 1.23967e-06 1.22248e-06 1.20547e-06 1.18865e-06 1.172e-06 1.15553e-06 1.13924e-06 1.12313e-06 1.10719e-06 1.09143e-06 1.07585e-06 1.06044e-06 1.04521e-06 1.03015e-06 1.01527e-06 1.00056e-06
2.40802e-05 2.98274e-06 2.96781e-06 2.95232e-06 2.93628e-06 2.91973e-06 2.90268e-06 2.88517e-06 2.86722e-06 2.84886e-06 2.83009e-06 2.81095e-06 2.79146e-06 2.77164e-06 2.7515e-06 2.73108e-06 2.71037e-06 2.68942e-06 2.66822e-06 2.6468e-06 2.62517e-06 2.60336e-06 2.58137e-06 2.55922e-06 2.53693e-06 2.51451e-06 2.49197e-06 2.46932e-06 2.44659e-06 2.42377e-06 2.40088e-06 2.37794e-06 2.35495e-06 2.33193e-06 2.30888e-06 2.28582e-06 2.26275e-06 2.23968e-06 2.21663e-06 2.19359e-06 2.17058e-06 2.14761e-06 2.12468e-06 2.10181e-06 2.07899e-06 2.05623e-06 2.03354e-06 2.01093e-06 1.9884e-06 1.96596e-06 1.94362e-06 1.92137e-06 1.89922e-06 1.87718e-06 1.85526e-06 1.83345e-06 1.81175e-06 1.79019e-06 1.76875e-06 1.74744e-06 1.72627e-06 1.70523e-06 1.68434e-06 1.66358e-06 1.64298e-06 1.62252e-06 1.60221e-06 1.58205e-06 1.56205e-06 1.5422e-06 1.52252e-06 1.50299e-06 1.48362e-06 1.46442e-06 1.44538e-06 1.42651e-06 1.4078e-06 1.38926e-06 1.37088e-06 1.35268e-06 1.33464e-06 1.31678e-06 1.29908e-06 1.28156e-06 1.2642e-06 1.24702e-06 1.23001e-06 1.21317e-06 1.1965e-06 1.18e-06 1.16368e-06 1.14752e-06 1.13154e-06 1.11572e-06 1.10008e-06 1.08461e-06 1.0693e-06 1.05417e-06 1.0392e-06 1.0244e-06 1.00977e-06
2.34644e-05 2.92071e-06 2.90756e-06 2.89382e-06 2.87951e-06 2.86464e-06 2.84926e-06 2.83339e-06 2.81704e-06 2.80025e-06 2.78303e-06 2.76541e-06 2.7474e-06 2.72904e-06 2.71034e-06 2.69131e-06 2.67199e-06 2.65238e-06 2.6325e-06 2.61238e-06 2.59202e-06 2.57145e-06 2.55067e-06 2.52972e-06 2.50859e-06 2.48731e-06 2.46588e-06 2.44433e-06 2.42266e-06 2.40088e-06 2.37902e-06 2.35707e-06 2.33506e-06 2.31299e-06 2.29087e-06 2.26871e-06 2.24652e-06 2.22432e-06 2.20211e-06 2.17989e-06 2.15769e-06 2.1355e-06 2.11333e-06 2.0912e-06 2.0691e-06 2.04705e-06 2.02505e-06 2.00311e-06 1.98123e-06 1.95943e-06 1.93769e-06 1.91604e-06 1.89448e-06 1.87301e-06 1.85163e-06 1.83036e-06 1.80918e-06 1.78812e-06 1.76717e-06 1.74634e-06 1.72563e-06 1.70504e-06 1.68458e-06 1.66424e-06 1.64404e-06 1.62398e-06 1.60405e-06 1.58426e-06 1.56461e-06 1.54511e-06 1.52576e-06 1.50655e-06 1.4875e-06 1.46859e-06 1.44984e-06 1.43125e-06 1.41281e-06 1.39452e-06 1.3764e-06 1.35843e-06 1.34063e-06 1.32298e-06 1.3055e-06 1.28818e-06 1.27102e-06 1.25402e-06 1.23719e-06 1.22052e-06 1.20401e-06 1.18767e-06 1.17149e-06 1.15548e-06 1.13963e-06 1.12394e-06 1.10842e-06 1.09306e-06 1.07786e-06 1.06283e-06 1.04796e-06 1.03325e-06 1.0187e-06
2.28644e-05 2.8599e-06 2.84847e-06 2.8364e-06 2.82374e-06 2.81051e-06 2.79673e-06 2.78242e-06 2.76762e-06 2.75235e-06 2.73662e-06 2.72046e-06 2.70389e-06 2.68694e-06 2.66962e-06 2.65196e-06 2.63396e-06 2.61566e-06 2.59707e-06 2.5782e-06 2.55907e-06 2.53971e-06 2.52012e-06 2.50032e-06 2.48033e-06 2.46015e-06 2.43982e-06 2.41933e-06 2.3987e-06 2.37794e-06 2.35707e-06 2.3361e-06 2.31504e-06 2.2939e-06 2.27269e-06 2.25142e-06 2.2301e-06 2.20875e-06 2.18736e-06 2.16596e-06 2.14454e-06 2.12312e-06 2.1017e-06 2.0803e-06 2.05892e-06 2.03756e-06 2.01624e-06 1.99496e-06 1.97372e-06 1.95254e-06 1.93142e-06 1.91036e-06 1.88938e-06 1.86847e-06 1.84764e-06 1.82689e-06 1.80624e-06 1.78568e-06 1.76521e-06 1.74485e-06 1.7246e-06 1.70445e-06 1.68442e-06 1.66451e-06 1.64471e-06 1.62504e-06 1.6055e-06 1.58608e-06 1.56679e-06 1.54763e-06 1.52861e-06 1.50973e-06 1.49099e-06 1.47238e-06 1.45392e-06 1.43561e-06 1.41744e-06 1.39942e-06 1.38154e-06 1.36382e-06 1.34625e-06 1.32883e-06 1.31156e-06 1.29444e-06 1.27748e-06 1.26067e-06 1.24402e-06 1.22753e-06 1.21119e-06 1.19501e-06 1.17898e-06 1.16311e-06 1.1474e-06 1.13184e-06 1.11645e-06 1.10121e-06 1.08612e-06 1.07119e-06 1.05642e-06 1.04181e-06 1.02735e-06
2.22797e-05 2.8003e-06 2.7905e-06 2.78005e-06 2.76898e-06 2.7573e-06 2.74506e-06 2.73227e-06 2.71896e-06 2.70514e-06 2.69085e-06 2.67611e-06 2.66093e-06 2.64534e-06 2.62936e-06 2.61301e-06 2.59631e-06 2.57927e-06 2.56192e-06 2.54427e-06 2.52634e-06 2.50815e-06 2.48971e-06 2.47104e-06 2.45215e-06 2.43306e-06 2.41378e-06 2.39433e-06 2.37472e-06 2.35495e-06 2.33506e-06 2.31504e-06 2.29491e-06 2.27468e-06 2.25436e-06 2.23396e-06 2.2135e-06 2.19297e-06 2.1724e-06 2.15179e-06 2.13115e-06 2.11048e-06 2.0898e-06 2.06912e-06 2.04844e-06 2.02777e-06 2.00712e-06 1.98649e-06 1.96589e-06 1.94533e-06 1.92481e-06 1.90434e-06 1.88393e-06 1.86357e-06 1.84328e-06 1.82306e-06 1.80292e-06 1.78286e-06 1.76288e-06 1.74299e-06 1.72319e-06 1.70349e-06 1.68389e-06 1.66439e-06 1.64501e-06 1.62573e-06 1.60656e-06 1.58751e-06 1.56858e-06 1.54977e-06 1.53109e-06 1.51253e-06 1.4941e-06 1.4758e-06 1.45763e-06 1.4396e-06 1.4217e-06 1.40395e-06 1.38633e-06 1.36885e-06 1.35151e-06 1.33431e-06 1.31726e-06 1.30036e-06 1.2836e-06 1.26699e-06 1.25052e-06 1.2342e-06 1.21804e-06 1.20202e-06 1.18615e-06 1.17043e-06 1.15486e-06 1.13944e-06 1.12417e-06 1.10905e-06 1.09408e-06 1.07927e-06 1.0646e-06 1.05008e-06 1.03572e-06
