0.00593994 0.00464865 0.00363807 0.00284719 0.00222823 0.00174383 0.00136474 0.00106806 0.000835871 0.00065416 0.000511951 0.000400658 0.000313558 0.000245393 0.000192047 0.000150298 0.000117624 9.20537e-05 7.20421e-05 5.63807e-05 4.41241e-05 3.45319e-05 2.70249e-05 2.115e-05 1.65521e-05 1.29538e-05 1.01378e-05 7.93393e-06 6.20916e-06 4.85934e-06 3.80296e-06 2.97623e-06 2.32923e-06 1.82287e-06 1.4266e-06 1.11647e-06 8.73756e-07 6.83809e-07 5.35155e-07 4.18817e-07 3.2777e-07 2.56515e-07 2.00751e-07 1.5711e-07 1.22955e-07 9.62259e-08 7.53073e-08 5.89361e-08 4.61239e-08 3.6097e-08 2.82498e-08 2.21085e-08 1.73023e-08 1.3541e-08 1.05973e-08 8.29352e-09 6.49058e-09 5.07958e-09 3.97533e-09 3.11113e-09 2.43479e-09 1.90549e-09 1.49125e-09 1.16707e-09 9.13358e-10 7.14802e-10 5.5941e-10 4.37799e-10 3.42625e-10 2.68142e-10 2.0985e-10 1.6423e-10 1.28528e-10 1.00587e-10 7.87204e-11 6.16073e-11 4.82144e-11 3.7733e-11 2.95302e-11 2.31106e-11 1.80865e-11 1.41547e-11 1.10776e-11 8.66941e-12 6.78476e-12 5.30981e-12 4.1555e-12 3.25213e-12 2.54515e-12 1.99185e-12 1.55884e-12 1.21996e-12 9.54754e-13 7.47199e-13 5.84764e-13 4.57642e-13 3.58154e-13 2.80295e-13 2.19361e-13 1.71674e-13 1.34353e-13
0.00464865 0.00388351 0.00323134 0.0026792 0.00221441 0.00182508 0.00150038 0.0012306 0.00100721 0.000822788 0.00067095 0.000546245 0.000444051 0.000360474 0.000292249 0.000236652 0.000191416 0.000154664 0.000124845 0.000100682 8.11238e-05 6.53114e-05 5.25401e-05 4.2235e-05 3.39273e-05 2.72358e-05 2.18502e-05 1.7519e-05 1.40384e-05 1.12431e-05 8.99973e-06 7.2004e-06 5.75807e-06 4.60256e-06 3.67732e-06 2.93685e-06 2.34454e-06 1.87096e-06 1.49248e-06 1.19014e-06 9.4872e-07 7.56019e-07 6.02266e-07 4.79634e-07 3.81857e-07 3.03925e-07 2.4183e-07 1.9237e-07 1.52986e-07 1.21634e-07 9.66832e-08 7.68323e-08 6.10432e-08 4.84878e-08 3.85065e-08 3.05734e-08 2.42697e-08 1.92618e-08 1.52844e-08 1.21259e-08 9.61841e-09 7.62806e-09 6.04852e-09 4.79524e-09 3.80102e-09 3.01245e-09 2.3871e-09 1.89128e-09 1.49822e-09 1.18668e-09 9.39785e-10 7.44155e-10 5.89168e-10 4.66399e-10 3.69164e-10 2.92163e-10 2.31195e-10 1.82928e-10 1.4472e-10 1.14479e-10 9.05473e-11 7.16104e-11 5.66278e-11 4.47751e-11 3.53996e-11 2.79844e-11 2.21202e-11 1.74832e-11 1.38169e-11 1.09184e-11 8.6271e-12 6.81605e-12 5.38471e-12 4.25357e-12 3.35975e-12 2.65354e-12 2.09559e-12 1.65482e-12 1.30666e-12 1.03167e-12 8.14486e-13
0.00363807 0.00323134 0.00283966 0.0024735 0.00213856 0.0018372 0.00156961 0.00133452 0.00112979 0.000952829 0.000800842 0.000671024 0.000560675 0.000467277 0.000388524 0.000322348 0.000266911 0.000220599 0.00018201 0.000149931 0.00012332 0.00010129 8.3086e-05 6.80687e-05 5.57002e-05 4.55285e-05 3.71752e-05 3.03243e-05 2.47125e-05 2.01211e-05 1.63686e-05 1.3305e-05 1.08064e-05 8.77042e-06 7.11293e-06 5.76471e-06 4.66896e-06 3.7791e-06 3.05698e-06 2.47139e-06 1.99685e-06 1.61255e-06 1.30153e-06 1.04996e-06 8.4661e-07 6.82318e-07 5.49658e-07 4.42594e-07 3.56232e-07 2.86603e-07 2.30491e-07 1.85293e-07 1.48901e-07 1.19613e-07 9.60517e-08 7.71046e-08 6.18742e-08 4.9636e-08 3.98057e-08 3.19123e-08 2.55765e-08 2.04926e-08 1.64145e-08 1.31442e-08 1.05227e-08 8.42172e-09 6.7385e-09 5.39033e-09 4.31082e-09 3.44667e-09 2.7551e-09 2.20178e-09 1.75919e-09 1.40526e-09 1.12229e-09 8.96114e-10 7.15371e-10 5.70967e-10 4.55622e-10 3.63509e-10 2.89962e-10 2.31253e-10 1.84397e-10 1.47009e-10 1.17181e-10 9.33889e-11 7.4415e-11 5.92862e-11 4.72254e-11 3.76122e-11 2.99512e-11 2.38469e-11 1.89839e-11 1.51103e-11 1.20254e-11 9.56891e-12 7.61315e-12 6.05629e-12 4.81714e-12 3.83102e-12 3.04637e-12
0.00284719 0.0026792 0.0024735 0.00224968 0.00202151 0.00179841 0.00158651 0.00138953 0.00120942 0.00104691 0.000901849 0.000773537 0.000660906 0.000562692 0.000477542 0.000404092 0.000341021 0.000287081 0.000241118 0.000202082 0.000169029 0.000141119 0.000117612 9.78599e-05 8.12995e-05 6.74432e-05 5.58713e-05 4.62245e-05 3.8196e-05 3.15247e-05 2.59894e-05 2.14032e-05 1.76082e-05 1.4472e-05 1.18832e-05 9.74885e-06 7.99095e-06 6.54463e-06 5.35584e-06 4.37964e-06 3.57874e-06 2.92224e-06 2.38454e-06 1.94449e-06 1.58465e-06 1.2906e-06 1.05049e-06 8.54559e-07 6.94785e-07 5.64578e-07 4.58533e-07 3.72217e-07 3.02e-07 2.44912e-07 1.98523e-07 1.60848e-07 1.30266e-07 1.05453e-07 8.53305e-08 6.902e-08 5.58051e-08 4.5103e-08 3.64396e-08 2.94295e-08 2.37595e-08 1.91752e-08 1.54702e-08 1.24769e-08 1.00595e-08 8.10785e-09 6.53285e-09 5.2622e-09 4.23744e-09 3.41125e-09 2.74537e-09 2.20885e-09 1.7767e-09 1.42871e-09 1.14859e-09 9.23146e-10 7.41769e-10 5.95881e-10 4.78571e-10 3.84264e-10 3.0847e-10 2.4757e-10 1.98648e-10 1.59359e-10 1.27813e-10 1.0249e-10 8.21672e-11 6.58608e-11 5.27798e-11 4.22886e-11 3.38762e-11 2.71322e-11 2.17266e-11 1.73948e-11 1.39242e-11 1.1144e-11 8.91743e-12
0.00222823 0.00221441 0.00213856 0.00202151 0.00187918 0.00172352 0.00156328 0.00140474 0.00125223 0.00110856 0.000975412 0.000853645 0.000743489 0.000644747 0.000556928 0.000479351 0.00041123 0.000351728 0.000299998 0.000255216 0.000216597 0.000183409 0.000154981 0.0001307 0.00011002 9.2449e-05 7.75562e-05 6.49605e-05 5.43297e-05 4.53745e-05 3.78445e-05 3.15236e-05 2.62264e-05 2.17939e-05 1.80902e-05 1.49999e-05 1.24247e-05 1.02815e-05 8.49989e-06 7.02061e-06 5.79368e-06 4.77713e-06 3.93572e-06 3.23996e-06 2.66517e-06 2.19074e-06 1.79948e-06 1.47708e-06 1.21163e-06 9.93245e-07 8.13711e-07 6.66223e-07 5.45145e-07 4.45816e-07 3.64382e-07 2.97662e-07 2.4303e-07 1.98324e-07 1.6176e-07 1.31873e-07 1.07457e-07 8.75217e-08 7.12523e-08 5.79817e-08 4.71625e-08 3.8346e-08 3.1165e-08 2.53186e-08 2.05609e-08 1.66909e-08 1.35442e-08 1.09868e-08 8.90908e-09 7.22175e-09 5.85199e-09 4.74045e-09 3.83877e-09 3.10761e-09 2.51491e-09 2.03463e-09 1.64557e-09 1.33052e-09 1.07547e-09 8.69058e-10 7.02068e-10 5.6701e-10 4.57809e-10 3.69542e-10 2.98215e-10 2.40594e-10 1.94058e-10 1.56484e-10 1.26155e-10 1.0168e-10 8.19339e-11 6.60074e-11 5.31647e-11 4.28112e-11 3.44664e-11 2.77422e-11 2.23252e-11
0.00174383 0.00182508 0.0018372 0.00179841 0.00172352 0.00162437 0.00151028 0.00138845 0.00126429 0.00114179 0.00102378 0.000912174 0.000808171 0.000712417 0.000625148 0.000546297 0.000475584 0.000412585 0.000356781 0.000307608 0.000264479 0.00022681 0.000194037 0.000165624 0.000141071 0.000119916 0.000101741 8.6165e-05 7.28497e-05 6.14925e-05 5.1826e-05 4.3615e-05 3.66536e-05 3.07621e-05 2.57845e-05 2.15859e-05 1.80497e-05 1.50757e-05 1.25781e-05 1.04834e-05 8.7287e-06 7.26067e-06 6.03391e-06 5.00989e-06 4.15604e-06 3.44481e-06 2.85297e-06 2.36095e-06 1.95229e-06 1.61317e-06 1.332e-06 1.09907e-06 9.06258e-07 7.46781e-07 6.14975e-07 5.06118e-07 4.16278e-07 3.42184e-07 2.81117e-07 2.30819e-07 1.89418e-07 1.5536e-07 1.2736e-07 1.04354e-07 8.54615e-08 6.99556e-08 5.72362e-08 4.6808e-08 3.82626e-08 3.12636e-08 2.55339e-08 2.08455e-08 1.7011e-08 1.38763e-08 1.13148e-08 9.22253e-09 7.51435e-09 6.12029e-09 4.98306e-09 4.05569e-09 3.29977e-09 2.68382e-09 2.18211e-09 1.77361e-09 1.44112e-09 1.17059e-09 9.50547e-10 7.71632e-10 6.26205e-10 5.08037e-10 4.12048e-10 3.34101e-10 2.70823e-10 2.1947e-10 1.77806e-10 1.44013e-10 1.16613e-10 9.4401e-11 7.64009e-11 6.18175e-11 5.00056e-11
0.00136474 0.00150038 0.00156961 0.00158651 0.00156328 0.00151028 0.00143615 0.00134795 0.00125133 0.00115077 0.00104968 0.000950626 0.000855455 0.000765438 0.000681382 0.000603735 0.000532663 0.000468125 0.000409928 0.000357772 0.000311286 0.00027006 0.000233662 0.000201659 0.000173626 0.000149155 0.000127862 0.00010939 9.34083e-05 7.96181e-05 6.77474e-05 5.75524e-05 4.88154e-05 4.1343e-05 3.49646e-05 2.95299e-05 2.49072e-05 2.09818e-05 1.76537e-05 1.48362e-05 1.24545e-05 1.04438e-05 8.74859e-06 7.3212e-06 6.12075e-06 5.11234e-06 4.26619e-06 3.55696e-06 2.96311e-06 2.46637e-06 2.05127e-06 1.7047e-06 1.41562e-06 1.1747e-06 9.74082e-07 8.0717e-07 6.68408e-07 5.53138e-07 4.57454e-07 3.78087e-07 3.123e-07 2.57808e-07 2.12701e-07 1.75387e-07 1.4454e-07 1.19054e-07 9.80105e-08 8.06454e-08 6.63237e-08 5.45187e-08 4.47934e-08 3.67857e-08 3.01957e-08 2.47752e-08 2.03187e-08 1.66568e-08 1.3649e-08 1.11797e-08 9.1535e-09 7.49152e-09 6.12891e-09 5.01223e-09 4.09748e-09 3.34844e-09 2.73534e-09 2.23371e-09 1.82343e-09 1.48801e-09 1.21388e-09 9.89924e-10 8.07027e-10 6.57712e-10 5.35856e-10 4.36442e-10 3.55364e-10 2.89262e-10 2.35386e-10 1.9149e-10 1.55736e-10 1.26623e-10 1.02923e-10
0.00106806 0.0012306 0.00133452 0.00138953 0.00140474 0.00138845 0.00134795 0.00128956 0.00121864 0.00113961 0.00105609 0.000970938 0.000886394 0.000804139 0.000725396 0.000651013 0.000581528 0.000517233 0.000458231 0.000404478 0.000355819 0.000312025 0.000272813 0.000237868 0.00020686 0.000179453 0.000155316 0.000134132 0.000115596 9.94254e-05 8.53564e-05 7.31473e-05 6.25775e-05 5.34479e-05 4.5579e-05 3.88106e-05 3.29999e-05 2.80206e-05 2.37612e-05 2.01236e-05 1.70221e-05 1.43816e-05 1.21368e-05 1.02312e-05 8.61562e-06 7.24771e-06 6.09093e-06 5.11386e-06 4.28952e-06 3.59482e-06 3.00999e-06 2.51816e-06 2.10496e-06 1.75814e-06 1.46733e-06 1.22369e-06 1.01975e-06 8.49189e-07 7.06662e-07 5.87655e-07 4.88366e-07 4.05589e-07 3.3663e-07 2.79224e-07 2.31467e-07 1.91766e-07 1.58783e-07 1.31399e-07 1.08679e-07 8.98384e-08 7.42252e-08 6.12941e-08 5.05903e-08 4.17351e-08 3.44134e-08 2.83627e-08 2.33651e-08 1.92394e-08 1.58351e-08 1.30276e-08 1.07132e-08 8.80627e-09 7.23581e-09 5.94302e-09 4.87927e-09 4.00437e-09 3.28509e-09 2.694e-09 2.20846e-09 1.80976e-09 1.48252e-09 1.21403e-09 9.93815e-10 8.13274e-10 6.65309e-10 5.44087e-10 4.44809e-10 3.6353e-10 2.97011e-10 2.4259e-10 1.9808e-10
0.000835871 0.00100721 0.00112979 0.00120942 0.00125223 0.00126429 0.00125133 0.00121864 0.00117089 0.00111218 0.00104601 0.00097529 0.000902412 0.000829291 0.000757422 0.000687938 0.000621664 0.000559167 0.000500803 0.000446759 0.000397084 0.000351726 0.000310554 0.000273381 0.000239981 0.000210102 0.000183484 0.000159859 0.000138963 0.000120541 0.00010435 9.01589e-05 7.77543e-05 6.69383e-05 5.75299e-05 4.93641e-05 4.22919e-05 3.6179e-05 3.09056e-05 2.63645e-05 2.2461e-05 1.9111e-05 1.62407e-05 1.37851e-05 1.16874e-05 9.89787e-06 8.37339e-06 7.07636e-06 5.97422e-06 5.03882e-06 4.24586e-06 3.57441e-06 3.00645e-06 2.52655e-06 2.12147e-06 1.77987e-06 1.49209e-06 1.24987e-06 1.04618e-06 8.75037e-07 7.31367e-07 6.10858e-07 5.09858e-07 4.25273e-07 3.5449e-07 2.953e-07 2.45841e-07 2.04542e-07 1.70079e-07 1.41341e-07 1.17392e-07 9.74472e-08 8.08468e-08 6.70387e-08 5.556e-08 4.60232e-08 3.81043e-08 3.15325e-08 2.60816e-08 2.15628e-08 1.78187e-08 1.4718e-08 1.21515e-08 1.00281e-08 8.27227e-09 6.82097e-09 5.62197e-09 4.63185e-09 3.81458e-09 3.14029e-09 2.58419e-09 2.12576e-09 1.74801e-09 1.43686e-09 1.18067e-09 9.69811e-10 7.96334e-10 6.53665e-10 5.36374e-10 4.39984e-10 3.60797e-10
0.00065416 0.000822788 0.000952829 0.00104691 0.00110856 0.00114179 0.00115077 0.00113961 0.00111218 0.00107205 0.00102238 0.000965956 0.000905157 0.000841975 0.000778046 0.000714685 0.000652917 0.00059352 0.000537055 0.000483903 0.000434299 0.000388353 0.00034608 0.00030742 0.000272257 0.000240432 0.000211759 0.000186033 0.00016304 0.000142564 0.000124389 0.000108306 9.41178e-05 8.1634e-05 7.06786e-05 6.10878e-05 5.27112e-05 4.54109e-05 3.9062e-05 3.35514e-05 2.87775e-05 2.46492e-05 2.10854e-05 1.8014e-05 1.53711e-05 1.31004e-05 1.11523e-05 9.48339e-06 8.05555e-06 6.83555e-06 5.79445e-06 4.90709e-06 4.15166e-06 3.50927e-06 2.96361e-06 2.5006e-06 2.10812e-06 1.77578e-06 1.49461e-06 1.25698e-06 1.05631e-06 8.87016e-07 7.44309e-07 6.24116e-07 5.22968e-07 4.37914e-07 3.6645e-07 3.06449e-07 2.5611e-07 2.13906e-07 1.78549e-07 1.48948e-07 1.24182e-07 1.03474e-07 8.6172e-08 7.17236e-08 5.96658e-08 4.96091e-08 4.12262e-08 3.42425e-08 2.84278e-08 2.3589e-08 1.95645e-08 1.62191e-08 1.34395e-08 1.11312e-08 9.21536e-09 7.62591e-09 6.30792e-09 5.21552e-09 4.31052e-09 3.56111e-09 2.94082e-09 2.42762e-09 2.00321e-09 1.65236e-09 1.36246e-09 1.123e-09 9.25297e-10 7.62126e-10 6.2751e-10
0.000511951 0.00067095 0.000800842 0.000901849 0.000975412 0.00102378 0.00104968 0.00105609 0.00104601 0.00102238 0.000987938 0.000945195 0.000896389 0.000843471 0.000788114 0.000731716 0.000675429 0.000620172 0.000566662 0.000515439 0.000466888 0.000421266 0.000378721 0.000339314 0.000303035 0.000269821 0.000239564 0.000212128 0.000187356 0.000165076 0.000145111 0.000127282 0.000111409 9.73212e-05 8.48522e-05 7.38453e-05 6.41535e-05 5.56397e-05 4.81776e-05 4.16513e-05 3.5955e-05 3.09929e-05 2.66784e-05 2.29335e-05 1.96887e-05 1.68817e-05 1.44573e-05 1.23665e-05 1.05659e-05 9.01757e-06 7.68784e-06 6.54736e-06 5.57043e-06 4.7346e-06 4.02034e-06 3.41065e-06 2.89081e-06 2.44804e-06 2.07131e-06 1.75108e-06 1.47916e-06 1.24847e-06 1.05294e-06 8.87362e-07 7.47268e-07 6.28837e-07 5.28802e-07 4.44374e-07 3.73174e-07 3.13176e-07 2.62654e-07 2.20143e-07 1.84399e-07 1.54365e-07 1.29146e-07 1.07985e-07 9.02393e-08 7.5368e-08 6.2913e-08 5.24881e-08 4.37676e-08 3.64771e-08 3.03857e-08 2.52988e-08 2.10533e-08 1.75119e-08 1.45593e-08 1.20989e-08 1.00497e-08 8.3439e-09 6.92458e-09 5.74421e-09 4.76303e-09 3.94779e-09 3.27075e-09 2.70872e-09 2.24238e-09 1.8556e-09 1.53494e-09 1.26922e-09 1.0491e-09
0.000400658 0.000546245 0.000671024 0.000773537 0.000853645 0.000912174 0.000950626 0.000970938 0.00097529 0.000965956 0.000945195 0.000915168 0.000877885 0.000835169 0.000788641 0.000739708 0.000689573 0.000639242 0.000589535 0.000541109 0.000494471 0.000449997 0.000407953 0.000368508 0.000331754 0.000297717 0.00026637 0.000237649 0.000211454 0.000187666 0.00016615 0.000146761 0.000129348 0.000113761 9.98508e-05 8.74722e-05 7.64862e-05 6.67612e-05 5.81731e-05 5.06064e-05 4.39543e-05 3.81184e-05 3.30087e-05 2.85433e-05 2.46481e-05 2.12563e-05 1.83076e-05 1.57484e-05 1.35307e-05 1.16116e-05 9.95348e-06 8.52273e-06 7.28986e-06 6.22885e-06 5.3169e-06 4.53402e-06 3.86271e-06 3.28774e-06 2.79582e-06 2.37541e-06 2.01647e-06 1.71034e-06 1.4495e-06 1.22745e-06 1.03861e-06 8.78149e-07 7.41928e-07 6.26381e-07 5.28453e-07 4.45525e-07 3.75354e-07 3.16025e-07 2.659e-07 2.23582e-07 1.87881e-07 1.57785e-07 1.32429e-07 1.11083e-07 9.31239e-08 7.8024e-08 6.53362e-08 5.46818e-08 4.57404e-08 3.82409e-08 3.19546e-08 2.66881e-08 2.22785e-08 1.85884e-08 1.55021e-08 1.29221e-08 1.07665e-08 8.96641e-09 7.46393e-09 6.21047e-09 5.16528e-09 4.29415e-09 3.56844e-09 2.96415e-09 2.46119e-09 2.04275e-09 1.69479e-09
0.000313558 0.000444051 0.000560675 0.000660906 0.000743489 0.000808171 0.000855455 0.000886394 0.000902412 0.000905157 0.000896389 0.000877885 0.000851376 0.000818495 0.000780745 0.000739482 0.000695901 0.00065104 0.000605777 0.000560846 0.000516841 0.000474235 0.000433389 0.000394566 0.000357949 0.000323646 0.000291709 0.00026214 0.000234904 0.000209934 0.000187139 0.000166415 0.000147644 0.0001307 0.000115455 0.000101782 8.95541e-05 7.8648e-05 6.89462e-05 6.0337e-05 5.2715e-05 4.59822e-05 4.00473e-05 3.48265e-05 3.02426e-05 2.62255e-05 2.27114e-05 1.96424e-05 1.69667e-05 1.46375e-05 1.26131e-05 1.08561e-05 9.33333e-06 8.01544e-06 6.87636e-06 5.89307e-06 5.04532e-06 4.31531e-06 3.68742e-06 3.14797e-06 2.685e-06 2.28811e-06 1.94821e-06 1.65741e-06 1.40886e-06 1.19662e-06 1.01557e-06 8.61245e-07 7.29827e-07 6.18011e-07 5.22951e-07 4.42204e-07 3.73668e-07 3.15542e-07 2.66283e-07 2.24569e-07 1.89271e-07 1.59421e-07 1.34198e-07 1.12899e-07 9.49241e-08 7.97657e-08 6.69902e-08 5.62298e-08 4.71723e-08 3.95527e-08 3.31465e-08 2.77637e-08 2.32433e-08 1.94492e-08 1.62665e-08 1.35981e-08 1.13621e-08 9.48939e-09 7.92172e-09 6.61006e-09 5.51314e-09 4.59626e-09 3.83023e-09 3.19052e-09 2.65655e-09
0.000245393 0.000360474 0.000467277 0.000562692 0.000644747 0.000712417 0.000765438 0.000804139 0.000829291 0.000841975 0.000843471 0.000835169 0.000818495 0.000794852 0.000765587 0.000731952 0.00069509 0.000656023 0.00061565 0.000574742 0.000533951 0.000493818 0.000454777 0.00041717 0.000381255 0.000347217 0.000315176 0.000285201 0.000257315 0.000231506 0.00020773 0.000185924 0.000166003 0.000147875 0.000131434 0.000116574 0.000103184 9.11538e-05 8.03753e-05 7.07435e-05 6.21578e-05 5.45227e-05 4.77483e-05 4.17504e-05 3.6451e-05 3.17779e-05 2.76649e-05 2.40513e-05 2.08822e-05 1.81074e-05 1.56817e-05 1.35647e-05 1.17197e-05 1.01141e-05 8.71877e-06 7.50787e-06 6.45837e-06 5.5499e-06 4.76449e-06 4.08626e-06 3.50126e-06 2.99726e-06 2.56349e-06 2.19058e-06 1.87031e-06 1.59553e-06 1.36001e-06 1.15832e-06 9.85776e-07 8.38291e-07 7.12339e-07 6.04868e-07 5.13243e-07 4.35191e-07 3.68756e-07 3.12252e-07 2.64231e-07 2.23451e-07 1.88845e-07 1.59499e-07 1.34631e-07 1.13572e-07 9.57506e-08 8.06793e-08 6.79417e-08 5.71832e-08 4.8102e-08 4.04413e-08 3.39827e-08 2.85407e-08 2.3958e-08 2.0101e-08 1.68566e-08 1.41291e-08 1.18372e-08 9.91243e-09 8.29681e-09 6.94136e-09 5.80475e-09 4.85211e-09 4.05406e-09
0.000192047 0.000292249 0.000388524 0.000477542 0.000556928 0.000625148 0.000681382 0.000725396 0.000757422 0.000778046 0.000788114 0.000788641 0.000780745 0.000765587 0.000744324 0.000718076 0.000687896 0.000654757 0.000619539 0.000583022 0.000545885 0.00050871 0.000471986 0.000436112 0.000401409 0.000368124 0.000336441 0.000306488 0.000278342 0.000252044 0.000227597 0.000204978 0.000184142 0.000165025 0.000147552 0.000131638 0.000117191 0.000104118 9.23232e-05 8.17105e-05 7.21869e-05 6.36622e-05 5.60498e-05 4.92675e-05 4.3238e-05 3.78888e-05 3.31527e-05 2.89674e-05 2.52756e-05 2.20249e-05 1.91674e-05 1.66596e-05 1.44623e-05 1.25399e-05 1.08605e-05 9.39547e-06 8.11918e-06 7.0088e-06 6.04401e-06 5.20676e-06 4.48108e-06 3.85284e-06 3.30957e-06 2.84031e-06 2.43541e-06 2.0864e-06 1.78589e-06 1.52739e-06 1.30524e-06 1.11451e-06 9.50915e-07 8.10711e-07 6.90663e-07 5.87961e-07 5.00172e-07 4.25193e-07 3.61204e-07 3.06639e-07 2.60144e-07 2.20556e-07 1.86873e-07 1.58236e-07 1.33904e-07 1.13246e-07 9.57188e-08 8.08571e-08 6.82639e-08 5.75998e-08 4.85749e-08 4.09419e-08 3.449e-08 2.90396e-08 2.44379e-08 2.05551e-08 1.72806e-08 1.45206e-08 1.21955e-08 1.02379e-08 8.59051e-09 7.20489e-09 6.04003e-09
0.000150298 0.000236652 0.000322348 0.000404092 0.000479351 0.000546297 0.000603735 0.000651013 0.000687938 0.000714685 0.000731716 0.000739708 0.000739482 0.000731952 0.000718076 0.000698818 0.00067512 0.000647877 0.000617922 0.000586014 0.000552837 0.00051899 0.000484993 0.000451286 0.000418238 0.000386146 0.000355247 0.000325718 0.00029769 0.00027125 0.000246445 0.000223294 0.000201788 0.000181897 0.000163574 0.00014676 0.000131385 0.000117372 0.000104642 9.31096e-05 8.2693e-05 7.33087e-05 6.48759e-05 5.73164e-05 5.05552e-05 4.45214e-05 3.9148e-05 3.43722e-05 3.0136e-05 2.63852e-05 2.30702e-05 2.01453e-05 1.7569e-05 1.53032e-05 1.33137e-05 1.15693e-05 1.00421e-05 8.70685e-06 7.54102e-06 6.52445e-06 5.63914e-06 4.86911e-06 4.20013e-06 3.61962e-06 3.11645e-06 2.6808e-06 2.30401e-06 1.97846e-06 1.69747e-06 1.45519e-06 1.24647e-06 1.06685e-06 9.12401e-07 7.79719e-07 6.65836e-07 5.68171e-07 4.84485e-07 4.12836e-07 3.51541e-07 2.99145e-07 2.5439e-07 2.1619e-07 1.8361e-07 1.55842e-07 1.32192e-07 1.12064e-07 9.49437e-08 8.03925e-08 6.80324e-08 5.75403e-08 4.86394e-08 4.10931e-08 3.4699e-08 2.92844e-08 2.4702e-08 2.0826e-08 1.75494e-08 1.4781e-08 1.24433e-08 1.04703e-08 8.80601e-09
0.000117624 0.000191416 0.000266911 0.000341021 0.00041123 0.000475584 0.000532663 0.000581528 0.000621664 0.000652917 0.000675429 0.000689573 0.000695901 0.00069509 0.000687896 0.00067512 0.000657575 0.000636058 0.000611336 0.000584126 0.000555091 0.000524828 0.00049387 0.00046268 0.000431659 0.000401142 0.000371406 0.000342673 0.000315118 0.000288868 0.000264015 0.000240613 0.000218691 0.000198251 0.000179276 0.000161732 0.000145573 0.000130741 0.000117175 0.000104804 9.35562e-05 8.33593e-05 7.41393e-05 6.5824e-05 5.83427e-05 5.16274e-05 4.56128e-05 4.02374e-05 3.54429e-05 3.11748e-05 2.73825e-05 2.4019e-05 2.10409e-05 1.84086e-05 1.60856e-05 1.40388e-05 1.2238e-05 1.0656e-05 9.26817e-06 8.05233e-06 6.98858e-06 6.05909e-06 5.24793e-06 4.54088e-06 3.92533e-06 3.39003e-06 2.92504e-06 2.52157e-06 2.17185e-06 1.86903e-06 1.60708e-06 1.38071e-06 1.18527e-06 1.01669e-06 8.71417e-07 7.46337e-07 6.38737e-07 5.46253e-07 4.66827e-07 3.98671e-07 3.40232e-07 2.90165e-07 2.47301e-07 2.10633e-07 1.79288e-07 1.52512e-07 1.29655e-07 1.10157e-07 9.35359e-08 7.93763e-08 6.73217e-08 5.70656e-08 4.83451e-08 4.0935e-08 3.4642e-08 2.9301e-08 2.47706e-08 2.093e-08 1.7676e-08 1.49204e-08 1.25883e-08
9.20537e-05 0.000154664 0.000220599 0.000287081 0.000351728 0.000412585 0.000468125 0.000517233 0.000559167 0.00059352 0.000620172 0.000639242 0.00065104 0.000656023 0.000654757 0.000647877 0.000636058 0.000619991 0.000600357 0.000577818 0.000552997 0.000526471 0.000498768 0.00047036 0.000441665 0.000413043 0.000384801 0.000357197 0.000330439 0.000304693 0.000280087 0.00025671 0.000234625 0.000213866 0.000194443 0.000176351 0.000159566 0.000144052 0.000129765 0.00011665 0.00010465 9.37022e-05 8.3743e-05 7.47072e-05 6.65302e-05 5.91483e-05 5.24996e-05 4.65247e-05 4.11666e-05 3.63716e-05 3.20888e-05 2.82707e-05 2.48731e-05 2.18549e-05 1.91784e-05 1.68086e-05 1.47138e-05 1.28648e-05 1.12352e-05 9.80101e-06 8.54053e-06 7.43421e-06 6.46446e-06 5.61549e-06 4.87316e-06 4.22487e-06 3.65934e-06 3.16658e-06 2.73769e-06 2.36478e-06 2.04091e-06 1.75989e-06 1.5163e-06 1.30537e-06 1.12288e-06 9.65151e-07 8.28941e-07 7.11419e-07 6.10109e-07 5.22849e-07 4.47751e-07 3.83173e-07 3.27685e-07 2.80044e-07 2.39173e-07 2.04134e-07 1.74118e-07 1.48423e-07 1.26442e-07 1.07651e-07 9.15991e-08 7.7895e-08 6.62032e-08 5.62346e-08 4.77405e-08 4.05073e-08 3.43516e-08 2.91159e-08 2.46654e-08 2.08845e-08 1.76742e-08
7.20421e-05 0.000124845 0.00018201 0.000241118 0.000299998 0.000356781 0.000409928 0.000458231 0.000500803 0.000537055 0.000566662 0.000589535 0.000605777 0.00061565 0.000619539 0.000617922 0.000611336 0.000600357 0.000585578 0.000567585 0.000546952 0.000524222 0.000499903 0.000474462 0.000448319 0.000421849 0.000395379 0.00036919 0.00034352 0.000318565 0.000294482 0.000271394 0.000249393 0.000228543 0.000208882 0.000190429 0.000173185 0.000157135 0.000142254 0.000128504 0.000115843 0.00010422 9.3583e-05 8.3875e-05 7.50388e-05 6.70168e-05 5.97516e-05 5.31872e-05 4.72692e-05 4.19454e-05 3.71659e-05 3.28835e-05 2.90538e-05 2.56352e-05 2.25889e-05 1.9879e-05 1.74722e-05 1.53381e-05 1.34487e-05 1.17783e-05 1.03038e-05 9.00394e-06 7.8596e-06 6.8535e-06 5.97006e-06 5.1953e-06 4.51665e-06 3.9229e-06 3.40402e-06 2.95107e-06 2.5561e-06 2.21205e-06 1.91267e-06 1.65242e-06 1.4264e-06 1.23031e-06 1.06033e-06 9.13133e-07 7.8577e-07 6.75668e-07 5.80569e-07 4.98496e-07 4.27725e-07 3.66747e-07 3.14248e-07 2.69085e-07 2.30262e-07 1.96913e-07 1.68288e-07 1.43734e-07 1.22688e-07 1.04661e-07 8.92291e-08 7.60287e-08 6.47441e-08 5.51033e-08 4.68722e-08 3.98488e-08 3.38596e-08 2.87553e-08 2.44078e-08
5.63807e-05 0.000100682 0.000149931 0.000202082 0.000255216 0.000307608 0.000357772 0.000404478 0.000446759 0.000483903 0.000515439 0.000541109 0.000560846 0.000574742 0.000583022 0.000586014 0.000584126 0.000577818 0.000567585 0.000553937 0.000537385 0.000518427 0.000497541 0.000475174 0.000451742 0.000427619 0.000403143 0.000378611 0.000354281 0.000330371 0.000307065 0.000284511 0.00026283 0.000242109 0.000222416 0.000203791 0.00018626 0.000169828 0.000154489 0.000140224 0.000127004 0.000114794 0.000103551 9.32307e-05 8.37834e-05 7.51585e-05 6.73047e-05 6.01705e-05 5.3705e-05 4.78586e-05 4.25835e-05 3.78336e-05 3.3565e-05 2.97363e-05 2.63084e-05 2.32448e-05 2.05115e-05 1.80768e-05 1.59117e-05 1.39891e-05 1.22846e-05 1.07755e-05 9.44131e-06 8.26339e-06 7.2248e-06 6.31023e-06 5.50588e-06 4.79933e-06 4.17942e-06 3.63615e-06 3.16058e-06 2.74473e-06 2.3815e-06 2.06454e-06 1.78825e-06 1.54765e-06 1.33833e-06 1.1564e-06 9.98416e-07 8.61354e-07 7.42549e-07 6.39656e-07 5.50622e-07 4.73642e-07 4.0714e-07 3.49735e-07 3.0022e-07 2.57545e-07 2.20792e-07 1.89163e-07 1.61962e-07 1.38587e-07 1.18513e-07 1.01286e-07 8.65126e-08 7.38508e-08 6.30062e-08 5.37238e-08 4.57836e-08 3.89957e-08 3.31963e-08
4.41241e-05 8.11238e-05 0.00012332 0.000169029 0.000216597 0.000264479 0.000311286 0.000355819 0.000397084 0.000434299 0.000466888 0.000494471 0.000516841 0.000533951 0.000545885 0.000552837 0.000555091 0.000552997 0.000546952 0.000537385 0.000524739 0.00050946 0.000491984 0.000472732 0.000452102 0.000430462 0.000408149 0.000385467 0.000362686 0.000340043 0.000317738 0.000295943 0.0002748 0.000254421 0.000234894 0.000216284 0.000198638 0.000181981 0.000166326 0.000151671 0.000138003 0.000125302 0.000113537 0.000102674 9.2674e-05 8.34937e-05 7.50888e-05 6.74135e-05 6.04216e-05 5.4067e-05 4.83048e-05 4.30907e-05 3.83825e-05 3.41395e-05 3.03229e-05 2.68963e-05 2.38253e-05 2.10777e-05 1.86235e-05 1.64349e-05 1.44861e-05 1.27535e-05 1.12154e-05 9.85176e-06 8.64457e-06 7.57726e-06 6.63484e-06 5.80376e-06 5.07175e-06 4.42777e-06 3.8619e-06 3.36522e-06 2.92975e-06 2.54837e-06 2.2147e-06 1.92308e-06 1.66845e-06 1.44636e-06 1.25281e-06 1.08431e-06 9.3775e-07 8.1038e-07 6.99787e-07 6.03845e-07 5.20681e-07 4.48654e-07 3.86322e-07 3.32423e-07 2.85852e-07 2.45644e-07 2.10954e-07 1.81048e-07 1.55284e-07 1.33105e-07 1.14024e-07 9.76202e-08 8.35271e-08 7.14273e-08 6.10456e-08 5.21435e-08 4.4515e-08
3.45319e-05 6.53114e-05 0.00010129 0.000141119 0.000183409 0.00022681 0.00027006 0.000312025 0.000351726 0.000388353 0.000421266 0.000449997 0.000474235 0.000493818 0.00050871 0.00051899 0.000524828 0.000526471 0.000524222 0.000518427 0.00050946 0.000497706 0.000483559 0.000467401 0.000449607 0.000430528 0.000410494 0.000389809 0.000368747 0.000347554 0.000326446 0.000305609 0.000285203 0.00026536 0.000246189 0.000227774 0.000210181 0.000193456 0.000177629 0.000162714 0.000148717 0.000135628 0.000123431 0.000112105 0.000101618 9.19389e-05 8.30293e-05 7.48503e-05 6.73612e-05 6.05206e-05 5.42869e-05 4.86189e-05 4.34765e-05 3.88205e-05 3.46132e-05 3.08188e-05 2.74029e-05 2.43333e-05 2.15797e-05 1.91136e-05 1.69085e-05 1.49399e-05 1.31851e-05 1.16231e-05 1.02347e-05 9.00242e-06 7.91005e-06 6.94301e-06 6.08799e-06 5.33296e-06 4.66702e-06 4.08035e-06 3.5641e-06 3.11032e-06 2.71189e-06 2.36242e-06 2.05622e-06 1.7882e-06 1.55382e-06 1.34908e-06 1.17038e-06 1.01455e-06 8.78804e-07 7.60645e-07 6.57887e-07 5.68597e-07 4.91076e-07 4.23827e-07 3.65535e-07 3.15047e-07 2.71352e-07 2.33565e-07 2.0091e-07 1.72711e-07 1.48377e-07 1.27394e-07 1.09312e-07 9.37413e-08 8.03413e-08 6.88171e-08 5.89126e-08
2.70249e-05 5.25401e-05 8.3086e-05 0.000117612 0.000154981 0.000194037 0.000233662 0.000272813 0.000310554 0.00034608 0.000378721 0.000407953 0.000433389 0.000454777 0.000471986 0.000484993 0.00049387 0.000498768 0.000499903 0.000497541 0.000491984 0.000483559 0.000472606 0.00045947 0.000444491 0.000428001 0.000410315 0.000391727 0.000372512 0.000352917 0.000333167 0.00031346 0.000293968 0.000274839 0.000256198 0.000238149 0.000220772 0.000204132 0.000188275 0.000173234 0.000159026 0.000145658 0.000133127 0.000121421 0.000110524 0.000100409 9.10487e-05 8.24112e-05 7.44619e-05 6.71646e-05 6.04822e-05 5.43772e-05 4.88121e-05 4.37501e-05 3.91552e-05 3.49926e-05 3.12289e-05 2.78321e-05 2.4772e-05 2.20198e-05 1.95488e-05 1.73337e-05 1.53512e-05 1.35796e-05 1.19987e-05 1.059e-05 9.33651e-06 8.22261e-06 7.23405e-06 6.35785e-06 5.5822e-06 4.89639e-06 4.29073e-06 3.75647e-06 3.28571e-06 2.87136e-06 2.50705e-06 2.18707e-06 1.90632e-06 1.66022e-06 1.44472e-06 1.25618e-06 1.09138e-06 9.47479e-07 8.21925e-07 7.12478e-07 6.17154e-07 5.34199e-07 4.62068e-07 3.99399e-07 3.44994e-07 2.978e-07 2.56893e-07 2.2146e-07 1.90793e-07 1.64269e-07 1.41345e-07 1.21546e-07 1.04458e-07 8.9719e-08 7.7015e-08
2.115e-05 4.2235e-05 6.80687e-05 9.78599e-05 0.0001307 0.000165624 0.000201659 0.000237868 0.000273381 0.00030742 0.000339314 0.000368508 0.000394566 0.00041717 0.000436112 0.000451286 0.00046268 0.00047036 0.000474462 0.000475174 0.000472732 0.000467401 0.00045947 0.000449238 0.000437011 0.000423092 0.000407775 0.000391343 0.000374061 0.000356177 0.000337915 0.000319481 0.000301055 0.000282798 0.000264847 0.000247319 0.000230312 0.000213904 0.000198158 0.000183119 0.000168822 0.000155286 0.000142521 0.000130527 0.000119298 0.000108818 9.9068e-05 9.00241e-05 8.16584e-05 7.39407e-05 6.6839e-05 6.032e-05 5.43498e-05 4.88944e-05 4.39202e-05 3.93941e-05 3.52839e-05 3.15585e-05 2.81882e-05 2.51445e-05 2.24006e-05 1.9931e-05 1.77119e-05 1.5721e-05 1.39376e-05 1.23424e-05 1.09175e-05 9.64662e-06 8.51456e-06 7.5075e-06 6.61278e-06 5.81886e-06 5.11525e-06 4.4924e-06 3.94168e-06 3.45529e-06 3.02618e-06 2.64802e-06 2.3151e-06 2.02231e-06 1.76508e-06 1.5393e-06 1.34132e-06 1.16788e-06 1.01608e-06 8.83338e-07 7.67361e-07 6.6612e-07 5.77818e-07 5.00865e-07 4.33857e-07 3.75555e-07 3.24869e-07 2.80836e-07 2.42612e-07 2.09456e-07 1.80717e-07 1.55823e-07 1.34276e-07 1.15639e-07 9.95288e-08
1.65521e-05 3.39273e-05 5.57002e-05 8.12995e-05 0.00011002 0.000141071 0.000173626 0.00020686 0.000239981 0.000272257 0.000303035 0.000331754 0.000357949 0.000381255 0.000401409 0.000418238 0.000431659 0.000441665 0.000448319 0.000451742 0.000452102 0.000449607 0.000444491 0.000437011 0.000427431 0.000416025 0.000403061 0.000388804 0.000373506 0.000357409 0.000340734 0.000323687 0.000306455 0.000289204 0.000272083 0.00025522 0.000238723 0.000222686 0.000207183 0.000192275 0.000178007 0.000164414 0.000151517 0.000139329 0.000127852 0.000117082 0.000107009 9.76161e-05 8.88839e-05 8.07882e-05 7.33025e-05 6.63985e-05 6.00465e-05 5.42158e-05 4.88757e-05 4.39954e-05 3.95444e-05 3.54931e-05 3.18127e-05 2.84753e-05 2.54544e-05 2.27248e-05 2.02624e-05 1.80446e-05 1.60504e-05 1.42599e-05 1.26546e-05 1.12175e-05 9.93275e-06 8.78574e-06 7.76305e-06 6.85239e-06 6.04249e-06 5.32308e-06 4.68482e-06 4.1192e-06 3.61852e-06 3.17582e-06 2.78481e-06 2.43981e-06 2.13572e-06 1.86797e-06 1.63244e-06 1.42545e-06 1.24372e-06 1.08431e-06 9.44608e-07 8.22286e-07 7.15274e-07 6.21736e-07 5.40044e-07 4.68755e-07 4.06596e-07 3.52439e-07 3.05291e-07 2.64275e-07 2.28622e-07 1.97653e-07 1.70771e-07 1.47454e-07 1.27243e-07
1.29538e-05 2.72358e-05 4.55285e-05 6.74432e-05 9.2449e-05 0.000119916 0.000149155 0.000179453 0.000210102 0.000240432 0.000269821 0.000297717 0.000323646 0.000347217 0.000368124 0.000386146 0.000401142 0.000413043 0.000421849 0.000427619 0.000430462 0.000430528 0.000428001 0.000423092 0.000416025 0.000407039 0.000396375 0.000384277 0.00037098 0.000356712 0.00034169 0.000326118 0.00031018 0.00029405 0.00027788 0.000261806 0.000245948 0.000230408 0.000215274 0.000200617 0.000186496 0.000172955 0.000160028 0.000147739 0.000136101 0.00012512 0.000114794 0.000105115 9.6071e-05 8.76448e-05 7.9816e-05 7.25615e-05 6.58562e-05 5.96734e-05 5.39857e-05 4.87651e-05 4.39835e-05 3.9613e-05 3.56262e-05 3.19964e-05 2.86976e-05 2.57051e-05 2.29951e-05 2.05451e-05 1.83336e-05 1.63406e-05 1.45473e-05 1.2936e-05 1.14903e-05 1.01951e-05 9.03613e-06 8.00057e-06 7.07643e-06 6.25275e-06 5.51952e-06 4.86758e-06 4.28858e-06 3.77497e-06 3.31984e-06 2.91699e-06 2.56078e-06 2.24614e-06 1.96851e-06 1.72376e-06 1.50822e-06 1.31858e-06 1.15188e-06 1.00548e-06 8.77021e-07 7.64406e-07 6.65765e-07 5.79435e-07 5.03943e-07 4.37982e-07 3.80394e-07 3.30155e-07 2.86361e-07 2.48214e-07 2.1501e-07 1.86131e-07 1.61029e-07
1.01378e-05 2.18502e-05 3.71752e-05 5.58713e-05 7.75562e-05 0.000101741 0.000127862 0.000155316 0.000183484 0.000211759 0.000239564 0.00026637 0.000291709 0.000315176 0.000336441 0.000355247 0.000371406 0.000384801 0.000395379 0.000403143 0.000408149 0.000410494 0.000410315 0.000407775 0.000403061 0.000396375 0.000387931 0.000377944 0.000366631 0.000354207 0.000340877 0.000326836 0.000312271 0.00029735 0.000282231 0.000267055 0.000251948 0.000237021 0.000222371 0.000208079 0.000194213 0.000180831 0.000167975 0.000155679 0.000143968 0.000132855 0.000122349 0.00011245 0.000103153 9.44485e-05 8.63219e-05 7.87561e-05 7.17307e-05 6.52238e-05 5.92115e-05 5.36691e-05 4.85712e-05 4.38923e-05 3.96066e-05 3.56889e-05 3.21145e-05 2.88593e-05 2.59001e-05 2.32145e-05 2.07815e-05 1.85807e-05 1.65932e-05 1.4801e-05 1.31873e-05 1.17365e-05 1.04338e-05 9.26588e-06 8.22005e-06 7.28478e-06 6.44945e-06 5.70429e-06 5.04036e-06 4.44949e-06 3.92425e-06 3.45786e-06 3.04418e-06 2.67765e-06 2.35322e-06 2.06635e-06 1.81295e-06 1.58933e-06 1.39218e-06 1.21852e-06 1.06571e-06 9.31344e-07 8.13315e-07 7.09722e-07 6.18876e-07 5.39276e-07 4.69585e-07 4.08618e-07 3.55326e-07 3.08779e-07 2.68153e-07 2.32721e-07 2.01843e-07
7.93393e-06 1.7519e-05 3.03243e-05 4.62245e-05 6.49605e-05 8.6165e-05 0.00010939 0.000134132 0.000159859 0.000186033 0.000212128 0.000237649 0.00026214 0.000285201 0.000306488 0.000325718 0.000342673 0.000357197 0.00036919 0.000378611 0.000385467 0.000389809 0.000391727 0.000391343 0.000388804 0.000384277 0.000377944 0.000369994 0.000360624 0.000350029 0.000338401 0.000325926 0.000312783 0.00029914 0.000285152 0.000270964 0.000256705 0.000242492 0.00022843 0.000214606 0.0002011 0.000187976 0.000175288 0.000163077 0.000151379 0.000140216 0.000129604 0.000119553 0.000110065 0.000101138 9.27625e-05 8.49285e-05 7.76208e-05 7.08219e-05 6.45122e-05 5.86706e-05 5.32749e-05 4.83021e-05 4.37287e-05 3.95313e-05 3.56867e-05 3.21718e-05 2.89643e-05 2.60426e-05 2.33858e-05 2.09739e-05 1.87878e-05 1.68096e-05 1.50221e-05 1.34095e-05 1.19566e-05 1.06495e-05 9.47523e-06 8.42159e-06 7.47745e-06 6.6325e-06 5.87723e-06 5.20295e-06 4.60166e-06 4.06609e-06 3.58958e-06 3.16608e-06 2.79009e-06 2.45664e-06 2.16121e-06 1.89972e-06 1.66851e-06 1.46427e-06 1.28401e-06 1.12507e-06 9.85052e-07 8.61814e-07 7.53438e-07 6.58213e-07 5.74613e-07 5.01279e-07 4.37001e-07 3.80707e-07 3.31442e-07 2.88362e-07 2.50718e-07
6.20916e-06 1.40384e-05 2.47125e-05 3.8196e-05 5.43297e-05 7.28497e-05 9.34083e-05 0.000115596 0.000138963 0.00016304 0.000187356 0.000211454 0.000234904 0.000257315 0.000278342 0.00029769 0.000315118 0.000330439 0.00034352 0.000354281 0.000362686 0.000368747 0.000372512 0.000374061 0.000373506 0.00037098 0.000366631 0.000360624 0.000353131 0.000344326 0.000334386 0.000323486 0.000311795 0.000299474 0.000286678 0.000273548 0.000260218 0.000246807 0.000233423 0.000220162 0.00020711 0.000194338 0.000181908 0.000169872 0.000158271 0.000147137 0.000136495 0.000126361 0.000116746 0.000107653 9.90812e-05 9.10256e-05 8.34766e-05 7.64216e-05 6.98456e-05 6.37313e-05 5.80599e-05 5.28115e-05 4.79651e-05 4.34995e-05 3.93932e-05 3.56247e-05 3.21728e-05 2.90167e-05 2.61362e-05 2.35118e-05 2.11246e-05 1.89568e-05 1.69913e-05 1.52119e-05 1.36034e-05 1.21515e-05 1.08427e-05 9.66454e-06 8.60542e-06 7.65452e-06 6.80187e-06 6.03825e-06 5.35519e-06 4.7449e-06 4.20026e-06 3.71474e-06 3.28241e-06 2.89785e-06 2.55613e-06 2.2528e-06 1.98381e-06 1.74552e-06 1.53461e-06 1.34811e-06 1.18336e-06 1.03795e-06 9.09728e-07 7.96753e-07 6.973e-07 6.09823e-07 5.32945e-07 4.65435e-07 4.062e-07 3.54264e-07 3.08764e-07
4.85934e-06 1.12431e-05 2.01211e-05 3.15247e-05 4.53745e-05 6.14925e-05 7.96181e-05 9.94254e-05 0.000120541 0.000142564 0.000165076 0.000187666 0.000209934 0.000231506 0.000252044 0.00027125 0.000288868 0.000304693 0.000318565 0.000330371 0.000340043 0.000347554 0.000352917 0.000356177 0.000357409 0.000356712 0.000354207 0.000350029 0.000344326 0.000337251 0.000328965 0.000319627 0.000309395 0.000298422 0.000286858 0.00027484 0.000262502 0.000249964 0.000237337 0.000224722 0.000212208 0.000199874 0.000187788 0.00017601 0.000164587 0.000153561 0.000142962 0.000132814 0.000123136 0.000113937 0.000105223 9.6995e-05 8.92487e-05 8.19768e-05 7.51688e-05 6.88116e-05 6.28901e-05 5.73877e-05 5.22864e-05 4.75672e-05 4.32109e-05 3.91977e-05 3.55079e-05 3.21218e-05 2.90201e-05 2.6184e-05 2.35952e-05 2.12361e-05 1.90898e-05 1.71401e-05 1.53718e-05 1.37702e-05 1.23219e-05 1.10139e-05 9.83426e-06 8.77183e-06 7.81617e-06 6.95765e-06 6.18735e-06 5.49702e-06 4.87909e-06 4.3266e-06 3.83317e-06 3.39298e-06 3.0007e-06 2.65149e-06 2.34092e-06 2.06501e-06 1.82013e-06 1.60299e-06 1.41064e-06 1.24041e-06 1.08988e-06 9.56896e-07 8.39516e-07 7.35998e-07 6.44781e-07 5.64469e-07 4.93817e-07 4.31712e-07 3.77163e-07
3.80296e-06 8.99973e-06 1.63686e-05 2.59894e-05 3.78445e-05 5.1826e-05 6.77474e-05 8.53564e-05 0.00010435 0.000124389 0.000145111 0.00016615 0.000187139 0.00020773 0.000227597 0.000246445 0.000264015 0.000280087 0.000294482 0.000307065 0.000317738 0.000326446 0.000333167 0.000337915 0.000340734 0.00034169 0.000340877 0.000338401 0.000334386 0.000328965 0.000322278 0.00031447 0.000305685 0.000296066 0.000285755 0.000274886 0.000263588 0.00025198 0.000240175 0.000228276 0.000216375 0.000204556 0.000192892 0.000181449 0.000170282 0.000159437 0.000148952 0.000138859 0.000129182 0.000119937 0.000111136 0.000102786 9.4889e-05 8.74416e-05 8.04387e-05 7.38713e-05 6.77285e-05 6.19969e-05 5.66616e-05 5.17067e-05 4.7115e-05 4.28688e-05 3.89502e-05 3.5341e-05 3.20229e-05 2.89782e-05 2.61893e-05 2.36389e-05 2.13107e-05 1.91887e-05 1.72576e-05 1.55029e-05 1.3911e-05 1.24687e-05 1.11638e-05 9.9849e-06 8.92118e-06 7.96265e-06 7.09999e-06 6.32458e-06 5.62843e-06 5.00416e-06 4.44501e-06 3.94474e-06 3.49763e-06 3.09848e-06 2.74251e-06 2.42537e-06 2.14312e-06 1.89216e-06 1.66924e-06 1.47142e-06 1.29602e-06 1.14066e-06 1.00317e-06 8.8159e-07 7.74181e-07 6.79368e-07 5.95744e-07 5.22049e-07 4.57155e-07
2.97623e-06 7.2004e-06 1.3305e-05 2.14032e-05 3.15236e-05 4.3615e-05 5.75524e-05 7.31473e-05 9.01589e-05 0.000108306 0.000127282 0.000146761 0.000166415 0.000185924 0.000204978 0.000223294 0.000240613 0.00025671 0.000271394 0.000284511 0.000295943 0.000305609 0.00031346 0.000319481 0.000323687 0.000326118 0.000326836 0.000325926 0.000323486 0.000319627 0.00031447 0.000308142 0.000300774 0.000292499 0.000283446 0.000273745 0.000263518 0.000252883 0.000241951 0.000230826 0.000219602 0.000208365 0.000197194 0.000186158 0.000175317 0.000164723 0.000154422 0.000144449 0.000134835 0.000125604 0.000116772 0.000108352 0.000100351 9.27716e-05 8.56129e-05 7.88707e-05 7.25376e-05 6.66042e-05 6.1059e-05 5.58887e-05 5.10789e-05 4.66142e-05 4.24786e-05 3.86556e-05 3.51284e-05 3.18803e-05 2.88946e-05 2.6155e-05 2.36455e-05 2.13507e-05 1.92554e-05 1.73454e-05 1.56069e-05 1.40268e-05 1.25928e-05 1.12932e-05 1.0117e-05 9.05391e-06 8.09426e-06 7.2291e-06 6.45008e-06 5.74947e-06 5.12013e-06 4.55544e-06 4.04934e-06 3.59625e-06 3.19105e-06 2.82905e-06 2.506e-06 2.21798e-06 1.96145e-06 1.73319e-06 1.53028e-06 1.35007e-06 1.19017e-06 1.04841e-06 9.22847e-07 8.11728e-07 7.13474e-07 6.26667e-07 5.50037e-07
2.32923e-06 5.75807e-06 1.08064e-05 1.76082e-05 2.62264e-05 3.66536e-05 4.88154e-05 6.25775e-05 7.77543e-05 9.41178e-05 0.000111409 0.000129348 0.000147644 0.000166003 0.000184142 0.000201788 0.000218691 0.000234625 0.000249393 0.00026283 0.0002748 0.000285203 0.000293968 0.000301055 0.000306455 0.00031018 0.000312271 0.000312783 0.000311795 0.000309395 0.000305685 0.000300774 0.00029478 0.00028782 0.000280015 0.000271484 0.000262346 0.000252713 0.000242692 0.000232387 0.000221893 0.000211296 0.000200679 0.000190113 0.000179663 0.000169386 0.000159332 0.000149543 0.000140054 0.000130894 0.000122086 0.000113647 0.000105591 9.79241e-05 9.06505e-05 8.37702e-05 7.72803e-05 7.11749e-05 6.54459e-05 6.00832e-05 5.50752e-05 5.0409e-05 4.60706e-05 4.20455e-05 3.83185e-05 3.48743e-05 3.16975e-05 2.87725e-05 2.60842e-05 2.36176e-05 2.13582e-05 1.92919e-05 1.74051e-05 1.56849e-05 1.41189e-05 1.26953e-05 1.14029e-05 1.02313e-05 9.17051e-06 8.21138e-06 7.34523e-06 6.56402e-06 5.86026e-06 5.22702e-06 4.65789e-06 4.14695e-06 3.68875e-06 3.2783e-06 2.91101e-06 2.58267e-06 2.28945e-06 2.02786e-06 1.79471e-06 1.5871e-06 1.40241e-06 1.23826e-06 1.09249e-06 9.6317e-07 8.48532e-07 7.46998e-07 6.57145e-07
