0.316391 0.124639 0.0491002 0.0193425 0.00761978 0.00300173 0.0011825 0.000465833 0.00018351 7.22919e-05 2.84786e-05 1.12188e-05 4.41955e-06 1.74103e-06 6.85861e-07 2.70188e-07 1.06438e-07 4.193e-08 1.65179e-08 6.50704e-09 2.56338e-09 1.00982e-09 3.97806e-10 1.56712e-10 6.17349e-11 2.43198e-11 9.58053e-12 3.77415e-12 1.48679e-12 5.85703e-13 2.30732e-13 9.08943e-14 3.58068e-14 1.41057e-14 5.5568e-15 2.18904e-15 8.6235e-16 3.39714e-16 1.33827e-16 5.27196e-17 2.07683e-17 8.18146e-18 3.223e-18 1.26967e-18 5.00171e-19 1.97037e-19 7.76207e-20 3.05779e-20 1.20458e-20 4.74532e-21 1.86937e-21 7.36418e-22 2.90104e-22 1.14283e-22 4.50208e-23 1.77355e-23 6.98669e-24 2.75233e-24 1.08425e-24 4.2713e-25 1.68263e-25 6.62855e-26 2.61125e-26 1.02867e-26 4.05235e-27 1.59638e-27 6.28877e-28 2.4774e-28 9.75944e-29 3.84463e-29 1.51455e-29 5.96641e-30 2.3504e-30 9.25916e-31 3.64755e-31 1.43691e-31 5.66057e-32 2.22992e-32 8.78454e-33 3.46057e-33 1.36326e-33 5.37041e-34 2.11561e-34 8.33424e-35 3.28318e-35 1.29338e-35 5.09512e-36 2.00717e-36 7.90702e-37 3.11489e-37 1.22708e-37 4.83394e-38 1.90428e-38 7.50171e-39 2.95522e-39 1.16418e-39 4.58615e-40 1.80667e-40 7.11717e-41 2.80373e-41 1.1045e-41
0.124639 0.0652103 0.0320353 0.01512 0.00694126 0.00312242 0.00138289 0.000604984 0.000262047 0.000112574 4.80285e-05 2.03704e-05 8.59594e-06 3.61131e-06 1.51129e-06 6.30279e-07 2.62049e-07 1.08651e-07 4.49369e-08 1.85435e-08 7.63634e-09 3.13878e-09 1.28791e-09 5.27612e-10 2.15827e-10 8.81661e-11 3.59704e-11 1.4658e-11 5.96653e-12 2.42615e-12 9.85581e-13 4.00007e-13 1.62207e-13 6.57229e-14 2.66091e-14 1.07653e-14 4.35234e-15 1.75847e-15 7.10027e-16 2.86522e-16 1.15557e-16 4.65798e-17 1.87662e-17 7.55685e-18 3.04159e-18 1.22367e-18 4.92085e-19 1.97804e-19 7.94797e-20 3.19235e-20 1.28176e-20 5.14453e-21 2.06413e-21 8.27913e-22 3.31967e-22 1.33067e-22 5.33234e-23 2.13619e-23 8.55546e-24 3.42554e-24 1.3712e-24 5.48739e-25 2.19545e-25 8.7817e-26 3.51184e-26 1.40408e-26 5.61253e-27 2.24302e-27 8.96227e-28 3.58028e-28 1.42999e-28 5.71042e-29 2.27994e-29 9.10125e-30 3.63249e-30 1.44955e-30 5.78352e-31 2.30718e-31 9.20243e-32 3.66993e-32 1.46335e-32 5.83413e-33 2.32564e-33 9.26933e-34 3.69399e-34 1.47193e-34 5.86435e-35 2.33614e-35 9.30518e-36 3.70594e-36 1.47578e-36 5.87614e-37 2.33946e-37 9.31301e-38 3.70696e-38 1.47536e-38 5.87132e-39 2.3363e-39 9.29558e-40 3.69813e-40 1.47112e-40
0.0491002 0.0320353 0.0184404 0.00988047 0.00505017 0.00249574 0.00120237 0.000567794 0.000263825 0.000120955 5.48311e-05 2.46169e-05 1.09598e-05 4.84384e-06 2.12698e-06 9.28612e-07 4.03329e-07 1.74365e-07 7.50627e-08 3.21896e-08 1.37555e-08 5.85906e-09 2.48819e-09 1.05375e-09 4.45124e-10 1.8758e-10 7.8872e-11 3.30945e-11 1.38593e-11 5.79335e-12 2.41751e-12 1.00717e-12 4.18953e-13 1.7402e-13 7.21826e-14 2.99019e-14 1.23716e-14 5.11257e-15 2.11039e-15 8.70205e-16 3.58455e-16 1.4751e-16 6.06458e-17 2.4911e-17 1.02237e-17 4.19241e-18 1.71781e-18 7.03327e-19 2.87754e-19 1.17646e-19 4.80661e-20 1.96253e-20 8.00788e-21 3.26554e-21 1.33087e-21 5.4209e-22 2.20682e-22 8.97905e-23 3.65149e-23 1.4842e-23 6.02986e-24 2.44859e-24 9.93867e-25 4.03226e-25 1.63524e-25 6.62882e-26 2.68605e-26 1.08798e-26 4.40516e-27 1.78296e-27 7.21378e-28 2.91764e-28 1.17965e-28 4.7679e-29 1.92646e-29 7.78138e-30 3.14208e-30 1.26837e-30 5.11857e-31 2.06503e-31 8.32876e-32 3.35827e-32 1.35374e-32 5.45557e-33 2.19803e-33 8.8536e-34 3.56532e-34 1.4354e-34 5.7776e-35 2.32499e-35 9.354e-36 3.76251e-36 1.51309e-36 6.08361e-37 2.4455e-37 9.82845e-38 3.94927e-38 1.58659e-38 6.37279e-39 2.55925e-39 1.02758e-39
0.0193425 0.01512 0.00988047 0.00586183 0.00326843 0.00174415 0.000900519 0.000453055 0.000223203 0.000108068 5.15605e-05 2.4292e-05 1.13203e-05 5.2249e-06 2.39113e-06 1.086e-06 4.89877e-07 2.19616e-07 9.79045e-08 4.34224e-08 1.91682e-08 8.42494e-09 3.68819e-09 1.60859e-09 6.99165e-10 3.0291e-10 1.3084e-10 5.63563e-11 2.42099e-11 1.03744e-11 4.43515e-12 1.89187e-12 8.05306e-13 3.42111e-13 1.45061e-13 6.13984e-14 2.5943e-14 1.0944e-14 4.60957e-15 1.93865e-15 8.14183e-16 3.41472e-16 1.43029e-16 5.98348e-17 2.50013e-17 1.04345e-17 4.35014e-18 1.81164e-18 7.537e-19 3.13253e-19 1.30071e-19 5.39594e-20 2.2365e-20 9.2619e-21 3.83241e-21 1.58452e-21 6.54616e-22 2.7024e-22 1.11481e-22 4.5956e-23 1.89317e-23 7.79381e-24 3.2065e-24 1.31838e-24 5.41737e-25 2.22474e-25 9.13109e-26 3.74562e-26 1.53564e-26 6.29254e-27 2.57715e-27 1.05496e-27 4.31639e-28 1.76522e-28 7.21566e-29 2.9482e-29 1.20405e-29 4.91528e-30 2.00571e-30 8.18106e-31 3.33562e-31 1.35948e-31 5.53867e-32 2.25566e-32 9.18298e-33 3.73713e-33 1.52034e-33 6.18291e-34 2.51362e-34 1.02156e-34 4.1504e-35 1.68569e-35 6.84436e-36 2.77815e-36 1.12733e-36 4.57317e-37 1.85465e-37 7.51942e-38 3.04781e-38 1.23502e-38 5.00319e-39
0.00761978 0.00694126 0.00505017 0.00326843 0.00196391 0.00111995 0.00061408 0.000326489 0.000169305 8.59951e-05 4.29203e-05 2.11013e-05 1.02392e-05 4.91156e-06 2.33202e-06 1.09717e-06 5.11962e-07 2.37118e-07 1.09079e-07 4.98678e-08 2.26683e-08 1.02502e-08 4.61241e-09 2.06613e-09 9.2163e-10 4.09493e-10 1.81274e-10 7.99692e-11 3.5164e-11 1.5415e-11 6.73801e-12 2.93719e-12 1.27705e-12 5.53883e-13 2.3967e-13 1.03477e-13 4.45817e-14 1.91687e-14 8.22605e-15 3.52363e-15 1.50669e-15 6.43171e-16 2.7411e-16 1.1664e-16 4.95592e-17 2.1027e-17 8.90904e-18 3.76971e-18 1.59305e-18 6.72379e-19 2.83454e-19 1.19358e-19 5.02039e-20 2.10939e-20 8.85372e-21 3.71243e-21 1.55513e-21 6.50829e-22 2.72126e-22 1.13681e-22 4.74495e-23 1.97885e-23 8.24597e-24 3.43343e-24 1.42851e-24 5.939e-25 2.46734e-25 1.02433e-25 4.24962e-26 1.76186e-26 7.29978e-27 3.02254e-27 1.25074e-27 5.17246e-28 2.13783e-28 8.83079e-29 3.64571e-29 1.50427e-29 6.20354e-30 2.55697e-30 1.05339e-30 4.33746e-31 1.78513e-31 7.34342e-32 3.01942e-32 1.24094e-32 5.09779e-33 2.09326e-33 8.59171e-34 3.52495e-34 1.4456e-34 5.92609e-35 2.42838e-35 9.94709e-36 4.07297e-36 1.66711e-36 6.82119e-37 2.78997e-37 1.14074e-37 4.66255e-38 1.90508e-38
0.00300173 0.00312242 0.00249574 0.00174415 0.00111995 0.000677609 0.00039207 0.000219039 0.000118941 6.30788e-05 3.27905e-05 1.67548e-05 8.43377e-06 4.18961e-06 2.057e-06 9.99389e-07 4.80979e-07 2.29504e-07 1.08657e-07 5.10755e-08 2.38509e-08 1.10701e-08 5.10918e-09 2.3457e-09 1.07169e-09 4.87399e-10 2.20719e-10 9.95514e-11 4.47313e-11 2.00274e-11 8.93664e-12 3.975e-12 1.76273e-12 7.79446e-13 3.43716e-13 1.51177e-13 6.63273e-14 2.90317e-14 1.26786e-14 5.52496e-15 2.40263e-15 1.04276e-15 4.51703e-16 1.95311e-16 8.43021e-17 3.63257e-17 1.56273e-17 6.71229e-18 2.87873e-18 1.23281e-18 5.27209e-19 2.25152e-19 9.60282e-20 4.09042e-20 1.74022e-20 7.39469e-21 3.13859e-21 1.33065e-21 5.63534e-22 2.38407e-22 1.00757e-22 4.25399e-23 1.79432e-23 7.56129e-24 3.18343e-24 1.33909e-24 5.62792e-25 2.36331e-25 9.91604e-26 4.15728e-26 1.74157e-26 7.29029e-27 3.04949e-27 1.27466e-27 5.32424e-28 2.22239e-28 9.27029e-29 3.86439e-29 1.60986e-29 6.70234e-30 2.78867e-30 1.1596e-30 4.81909e-31 2.00158e-31 8.30877e-32 3.44717e-32 1.42941e-32 5.92407e-33 2.45392e-33 1.01597e-33 4.20424e-34 1.73894e-34 7.18907e-35 2.97071e-35 1.22701e-35 5.06573e-36 2.09047e-36 8.62303e-37 3.55542e-37 1.46535e-37 6.03692e-38
0.0011825 0.00138289 0.00120237 0.000900519 0.00061408 0.00039207 0.000238249 0.000139262 7.88773e-05 4.35201e-05 2.34845e-05 1.24328e-05 6.47313e-06 3.32108e-06 1.68179e-06 8.41737e-07 4.16863e-07 2.04478e-07 9.94257e-08 4.79587e-08 2.2963e-08 1.092e-08 5.16026e-09 2.42416e-09 1.13257e-09 5.26423e-10 2.43507e-10 1.1213e-10 5.14136e-11 2.34793e-11 1.06816e-11 4.84201e-12 2.18739e-12 9.84954e-13 4.42143e-13 1.97892e-13 8.83234e-14 3.93148e-14 1.74551e-14 7.73076e-15 3.41585e-15 1.5059e-15 6.62448e-16 2.90806e-16 1.27405e-16 5.57097e-17 2.43148e-17 1.05933e-17 4.60728e-18 2.00048e-18 8.67209e-19 3.75352e-19 1.62219e-19 7.00052e-20 3.01681e-20 1.29829e-20 5.57986e-21 2.39506e-21 1.02676e-21 4.39639e-22 1.88024e-22 8.03225e-23 3.42751e-23 1.46101e-23 6.22114e-24 2.64633e-24 1.12457e-24 4.77432e-25 2.025e-25 8.58104e-26 3.63301e-26 1.53678e-26 6.49515e-27 2.74286e-27 1.15736e-27 4.87961e-28 2.05573e-28 8.65406e-29 3.64043e-29 1.53028e-29 6.42808e-30 2.69831e-30 1.1319e-30 4.74502e-31 1.98786e-31 8.32259e-32 3.48226e-32 1.45613e-32 6.08525e-33 2.54158e-33 1.06091e-33 4.42602e-34 1.84547e-34 7.6907e-35 3.20328e-35 1.33352e-35 5.54857e-36 2.30752e-36 9.59173e-37 3.9851e-37 1.65491e-37
0.000465833 0.000604984 0.000567794 0.000453055 0.000326489 0.000219039 0.000139262 8.48796e-05 4.99894e-05 2.86125e-05 1.59852e-05 8.74624e-06 4.69914e-06 2.48453e-06 1.29499e-06 6.66379e-07 3.38964e-07 1.70617e-07 8.50594e-08 4.20339e-08 2.06042e-08 1.00243e-08 4.84315e-09 2.32482e-09 1.10923e-09 5.26256e-10 2.4835e-10 1.16617e-10 5.45019e-11 2.5359e-11 1.17496e-11 5.42232e-12 2.49289e-12 1.14198e-12 5.21347e-13 2.37234e-13 1.07616e-13 4.86723e-14 2.19508e-14 9.87269e-15 4.42879e-15 1.98174e-15 8.84629e-16 3.93977e-16 1.7507e-16 7.76288e-17 3.43507e-17 1.51699e-17 6.68645e-18 2.94172e-18 1.2919e-18 5.66371e-19 2.47882e-19 1.08314e-19 4.7254e-20 2.05841e-20 8.95328e-21 3.88874e-21 1.68668e-21 7.30579e-22 3.16033e-22 1.36535e-22 5.89135e-23 2.53899e-23 1.09295e-23 4.69936e-24 2.01834e-24 8.65924e-25 3.71113e-25 1.58885e-25 6.79555e-26 2.90362e-26 1.23948e-26 5.28607e-27 2.25232e-27 9.58827e-28 4.07823e-28 1.73314e-28 7.35928e-29 3.12236e-29 1.32369e-29 5.60723e-30 2.37346e-30 1.0039e-30 4.24309e-31 1.7921e-31 7.56381e-32 3.19021e-32 1.34464e-32 5.66379e-33 2.38412e-33 1.00293e-33 4.21645e-34 1.77157e-34 7.43889e-35 3.12179e-35 1.30933e-35 5.48844e-36 2.29936e-36 9.62785e-37 4.0292e-37
0.00018351 0.000262047 0.000263825 0.000223203 0.000169305 0.000118941 7.88773e-05 4.99894e-05 3.05352e-05 1.80882e-05 1.04394e-05 5.89121e-06 3.25998e-06 1.77301e-06 9.49542e-07 5.01547e-07 2.61627e-07 1.34934e-07 6.88738e-08 3.48218e-08 1.74516e-08 8.67542e-09 4.28026e-09 2.09701e-09 1.02065e-09 4.93729e-10 2.37461e-10 1.1359e-10 5.40583e-11 2.56027e-11 1.20704e-11 5.66592e-12 2.64869e-12 1.23336e-12 5.72174e-13 2.64497e-13 1.21853e-13 5.59556e-14 2.56154e-14 1.16913e-14 5.32092e-15 2.41501e-15 1.09322e-15 4.93626e-16 2.22346e-16 9.99172e-17 4.47991e-17 2.00424e-17 8.94778e-18 3.98654e-18 1.77265e-18 7.86727e-19 3.48518e-19 1.54117e-19 6.80342e-20 2.9983e-20 1.31922e-20 5.79531e-21 2.54197e-21 1.11332e-21 4.86899e-22 2.12642e-22 9.27401e-23 4.03931e-23 1.75706e-23 7.63339e-24 3.3122e-24 1.43547e-24 6.21395e-25 2.68687e-25 1.1605e-25 5.00694e-26 2.15795e-26 9.29099e-27 3.99619e-27 1.71713e-27 7.37124e-28 3.16134e-28 1.35457e-28 5.79886e-29 2.48028e-29 1.05995e-29 4.52589e-30 1.93092e-30 8.23142e-31 3.50623e-31 1.49235e-31 6.34702e-32 2.6974e-32 1.14553e-32 4.86131e-33 2.06157e-33 8.73659e-34 3.69992e-34 1.56587e-34 6.62273e-35 2.79924e-35 1.18242e-35 4.99154e-36 2.10589e-36 8.87928e-37
7.22919e-05 0.000112574 0.000120955 0.000108068 8.59951e-05 6.30788e-05 4.35201e-05 2.86125e-05 1.80882e-05 1.10674e-05 6.58633e-06 3.82687e-06 2.17752e-06 1.21635e-06 6.68357e-07 3.61862e-07 1.93321e-07 1.02032e-07 5.32571e-08 2.75163e-08 1.40837e-08 7.14605e-09 3.59669e-09 1.79667e-09 8.91198e-10 4.39154e-10 2.15064e-10 1.0471e-10 5.07009e-11 2.44223e-11 1.17063e-11 5.58503e-12 2.6528e-12 1.25473e-12 5.91087e-13 2.77388e-13 1.29698e-13 6.04305e-14 2.80623e-14 1.29896e-14 5.99419e-15 2.7579e-15 1.2653e-15 5.78918e-16 2.64179e-16 1.20248e-16 5.46001e-17 2.47334e-17 1.11785e-17 5.04113e-18 2.26854e-18 1.01876e-18 4.56591e-19 2.04242e-19 9.11904e-20 4.06411e-20 1.80807e-20 8.03015e-21 3.5605e-21 1.57615e-21 6.9663e-22 3.07429e-22 1.3547e-22 5.96095e-23 2.61925e-23 1.14932e-23 5.03651e-24 2.20421e-24 9.63439e-25 4.2059e-25 1.83388e-25 7.98673e-26 3.47432e-26 1.50967e-26 6.55266e-27 2.84111e-27 1.23056e-27 5.32445e-28 2.3015e-28 9.93848e-29 4.28759e-29 1.84799e-29 7.95767e-30 3.42359e-30 1.47162e-30 6.32023e-31 2.71209e-31 1.16283e-31 4.98163e-32 2.13247e-32 9.12127e-33 3.89847e-33 1.66497e-33 7.10555e-34 3.03022e-34 1.29135e-34 5.4993e-35 2.34031e-35 9.95287e-36 4.22995e-36 1.79655e-36
2.84786e-05 4.80285e-05 5.48311e-05 5.15605e-05 4.29203e-05 3.27905e-05 2.34845e-05 1.59852e-05 1.04394e-05 6.58633e-06 4.03523e-06 2.41043e-06 1.40835e-06 8.0692e-07 4.54341e-07 2.51845e-07 1.37637e-07 7.42576e-08 3.95941e-08 2.08843e-08 1.09062e-08 5.64296e-09 2.89474e-09 1.4731e-09 7.44053e-10 3.73186e-10 1.85944e-10 9.20753e-11 4.53271e-11 2.21904e-11 1.08067e-11 5.23675e-12 2.52565e-12 1.21263e-12 5.79726e-13 2.76018e-13 1.30904e-13 6.18506e-14 2.91192e-14 1.36622e-14 6.38901e-15 2.97832e-15 1.38416e-15 6.41401e-16 2.9638e-16 1.3658e-16 6.27751e-17 2.87799e-17 1.31622e-17 6.00544e-18 2.73381e-18 1.24174e-18 5.62814e-19 2.54565e-19 1.1491e-19 5.17693e-20 2.3279e-20 1.04486e-20 4.68145e-21 2.09386e-21 9.34939e-22 4.1678e-22 1.85497e-22 8.24317e-23 3.65759e-23 1.62052e-23 7.16955e-24 3.16754e-24 1.39752e-24 6.15767e-25 2.70964e-25 1.19084e-25 5.22709e-26 2.29161e-26 1.00348e-26 4.38907e-27 1.91755e-27 8.36839e-28 3.64811e-28 1.58867e-28 6.91117e-29 3.00351e-29 1.30399e-29 5.65589e-30 2.45083e-30 1.06101e-30 4.58912e-31 1.98313e-31 8.56231e-32 3.69366e-32 1.59205e-32 6.85639e-33 2.9504e-33 1.26859e-33 5.4503e-34 2.33984e-34 1.00374e-34 4.30267e-35 1.84305e-35 7.88906e-36 3.37449e-36
1.12188e-05 2.03704e-05 2.46169e-05 2.4292e-05 2.11013e-05 1.67548e-05 1.24328e-05 8.74624e-06 5.89121e-06 3.82687e-06 2.41043e-06 1.47838e-06 8.85857e-07 5.20003e-07 2.99695e-07 1.69899e-07 9.48906e-08 5.22827e-08 2.84511e-08 1.53067e-08 8.14865e-09 4.29587e-09 2.24427e-09 1.16259e-09 5.975e-10 3.04809e-10 1.54415e-10 7.77137e-11 3.88699e-11 1.93278e-11 9.55739e-12 4.70117e-12 2.30089e-12 1.12077e-12 5.4345e-13 2.62372e-13 1.26147e-13 6.04102e-14 2.882e-14 1.36992e-14 6.48895e-15 3.06335e-15 1.4415e-15 6.7621e-16 3.16262e-16 1.47489e-16 6.859e-17 3.18123e-17 1.47163e-17 6.7907e-18 3.12589e-18 1.43553e-18 6.57749e-19 3.00711e-19 1.37186e-19 6.24553e-20 2.83762e-20 1.28673e-20 5.82366e-21 2.63089e-21 1.18639e-21 5.34067e-22 2.40007e-22 1.07679e-22 4.82327e-23 2.15709e-23 9.63226e-24 4.29477e-24 1.91214e-24 8.50122e-25 3.77434e-25 1.67345e-25 7.40982e-26 3.27675e-26 1.4472e-26 6.3838e-27 2.81258e-27 1.23771e-27 5.44037e-28 2.38863e-28 1.04758e-28 4.58941e-29 2.00847e-29 8.78055e-30 3.83474e-30 1.67308e-30 7.29244e-31 3.1755e-31 1.38148e-31 6.00447e-32 2.60743e-32 1.13127e-32 4.90387e-33 2.12393e-33 9.19134e-34 3.97428e-34 1.71707e-34 7.41258e-35 3.19752e-35 1.37823e-35 5.93616e-36
4.41955e-06 8.59594e-06 1.09598e-05 1.13203e-05 1.02392e-05 8.43377e-06 6.47313e-06 4.69914e-06 3.25998e-06 2.17752e-06 1.40835e-06 8.85857e-07 5.43797e-07 3.26704e-07 1.92543e-07 1.11531e-07 6.36021e-08 3.57573e-08 1.98427e-08 1.08801e-08 5.90015e-09 3.16696e-09 1.68376e-09 8.87279e-10 4.6369e-10 2.4044e-10 1.23767e-10 6.32702e-11 3.21338e-11 1.62198e-11 8.13933e-12 4.06183e-12 2.01633e-12 9.95913e-13 4.89553e-13 2.39548e-13 1.16704e-13 5.66188e-14 2.73587e-14 1.31692e-14 6.31573e-15 3.01818e-15 1.43743e-15 6.8234e-16 3.2288e-16 1.5232e-16 7.16466e-17 3.36046e-17 1.57185e-17 7.33277e-18 3.41201e-18 1.5837e-18 7.33312e-19 3.38759e-19 1.56138e-19 7.18082e-20 3.29543e-20 1.50922e-20 6.89789e-21 3.14653e-21 1.43259e-21 6.51036e-22 2.9533e-22 1.33736e-22 6.04567e-23 2.72847e-23 1.22938e-23 5.53055e-24 2.48415e-24 1.11412e-24 4.9894e-25 2.23121e-25 9.96373e-26 4.44332e-26 1.97884e-26 8.80127e-27 3.90951e-27 1.73442e-27 7.6852e-28 3.40121e-28 1.50349e-28 6.63848e-29 2.92783e-29 1.28987e-29 5.6764e-30 2.4954e-30 1.09586e-30 4.8076e-31 2.10701e-31 9.22528e-32 4.03528e-32 1.76343e-32 7.6991e-33 3.35835e-33 1.46361e-33 6.37297e-34 2.77259e-34 1.2052e-34 5.23449e-35 2.27161e-35 9.85015e-36
1.74103e-06 3.61131e-06 4.84384e-06 5.2249e-06 4.91156e-06 4.18961e-06 3.32108e-06 2.48453e-06 1.77301e-06 1.21635e-06 8.0692e-07 5.20003e-07 3.26704e-07 2.00702e-07 1.20849e-07 7.14671e-08 4.15797e-08 2.38343e-08 1.34777e-08 7.52649e-09 4.15481e-09 2.26912e-09 1.22698e-09 6.57323e-10 3.49094e-10 1.83892e-10 9.61281e-11 4.98881e-11 2.57145e-11 1.3169e-11 6.70293e-12 3.39197e-12 1.70702e-12 8.54548e-13 4.2565e-13 2.11002e-13 1.04118e-13 5.1152e-14 2.50248e-14 1.21935e-14 5.91833e-15 2.8619e-15 1.37897e-15 6.6215e-16 3.16895e-16 1.51175e-16 7.18959e-17 3.40902e-17 1.61176e-17 7.59907e-18 3.57311e-18 1.6757e-18 7.83872e-19 3.65786e-19 1.70284e-19 7.90891e-20 3.66509e-20 1.69475e-20 7.81997e-21 3.60089e-21 1.65479e-21 7.58982e-22 3.47451e-22 1.58764e-22 7.24152e-23 3.29719e-23 1.4987e-23 6.80078e-24 3.08103e-24 1.39361e-24 6.29381e-25 2.8381e-25 1.2779e-25 5.74563e-26 2.57967e-26 1.15662e-26 5.17876e-27 2.31573e-27 1.03416e-27 4.61249e-28 2.05468e-28 9.14167e-29 4.06246e-29 1.80321e-29 7.99475e-30 3.5406e-30 1.56629e-30 6.92148e-31 3.05539e-31 1.34736e-31 5.93552e-32 2.61216e-32 1.14846e-32 5.04443e-33 2.2136e-33 9.70468e-34 4.25078e-34 1.86023e-34 8.13357e-35 3.55321e-35 1.55092e-35
6.85861e-07 1.51129e-06 2.12698e-06 2.39113e-06 2.33202e-06 2.057e-06 1.68179e-06 1.29499e-06 9.49542e-07 6.68357e-07 4.54341e-07 2.99695e-07 1.92543e-07 1.20849e-07 7.42871e-08 4.48174e-08 2.65833e-08 1.5526e-08 8.94047e-09 5.08167e-09 2.85382e-09 1.58491e-09 8.71111e-10 4.74173e-10 2.55778e-10 1.36803e-10 7.25864e-11 3.82242e-11 1.99861e-11 1.03798e-11 5.35645e-12 2.74743e-12 1.4011e-12 7.10598e-13 3.58509e-13 1.7997e-13 8.99125e-14 4.47144e-14 2.21394e-14 1.09157e-14 5.36019e-15 2.6219e-15 1.27769e-15 6.20394e-16 3.00192e-16 1.44769e-16 6.95897e-17 3.3347e-17 1.59315e-17 7.58902e-18 3.60485e-18 1.70765e-18 8.06782e-19 3.80186e-19 1.78711e-19 8.38022e-20 3.92046e-20 1.82989e-20 8.52214e-21 3.96035e-21 1.83656e-21 8.49941e-22 3.92561e-22 1.8096e-22 8.326e-23 3.82376e-23 1.75293e-23 8.02187e-24 3.66475e-24 1.67143e-24 7.61068e-25 3.45993e-25 1.57049e-25 7.11773e-26 3.22109e-26 1.45557e-26 6.56817e-27 2.95973e-27 1.33189e-27 5.98556e-28 2.68642e-28 1.20417e-28 5.39086e-29 2.41043e-29 1.07649e-29 4.80188e-30 2.1395e-30 9.52179e-31 4.23294e-31 1.87971e-31 8.33828e-32 3.69491e-32 1.63562e-32 7.23306e-33 3.19543e-33 1.4103e-33 6.21836e-34 2.73925e-34 1.20554e-34 5.30077e-35 2.32866e-35
2.70188e-07 6.30279e-07 9.28612e-07 1.086e-06 1.09717e-06 9.99389e-07 8.41737e-07 6.66379e-07 5.01547e-07 3.61862e-07 2.51845e-07 1.69899e-07 1.11531e-07 7.14671e-08 4.48174e-08 2.75647e-08 1.66579e-08 9.90666e-09 5.80573e-09 3.35675e-09 1.91672e-09 1.08186e-09 6.04094e-10 3.33941e-10 1.82872e-10 9.92625e-11 5.34336e-11 2.8539e-11 1.51303e-11 7.9655e-12 4.16573e-12 2.16485e-12 1.11829e-12 5.74379e-13 2.93407e-13 1.491e-13 7.5391e-14 3.79391e-14 1.90049e-14 9.47843e-15 4.70733e-15 2.32837e-15 1.14718e-15 5.63092e-16 2.75393e-16 1.34217e-16 6.51925e-17 3.15625e-17 1.52326e-17 7.32918e-18 3.51603e-18 1.68194e-18 8.02347e-19 3.81723e-19 1.81135e-19 8.5735e-20 4.04806e-20 1.90677e-20 8.96069e-21 4.2015e-21 1.96568e-21 9.17687e-22 4.27535e-22 1.98778e-22 9.2237e-23 4.27176e-23 1.97466e-23 9.1113e-24 4.19655e-24 1.9295e-24 8.85641e-25 4.05833e-25 1.85664e-25 8.48046e-26 3.86753e-26 1.76112e-26 8.00747e-27 3.63555e-27 1.64826e-27 7.46232e-28 3.37387e-28 1.52336e-28 6.86919e-29 3.0935e-29 1.39139e-29 6.25042e-30 2.80442e-30 1.25679e-30 5.62567e-31 2.5153e-31 1.12335e-31 5.01147e-32 2.23328e-32 9.9417e-33 4.42104e-33 1.96401e-33 8.71613e-34 3.86434e-34 1.7116e-34 7.57384e-35 3.34827e-35
1.06438e-07 2.62049e-07 4.03329e-07 4.89877e-07 5.11962e-07 4.80979e-07 4.16863e-07 3.38964e-07 2.61627e-07 1.93321e-07 1.37637e-07 9.48906e-08 6.36021e-08 4.15797e-08 2.65833e-08 1.66579e-08 1.02503e-08 6.20368e-09 3.69801e-09 2.17378e-09 1.2614e-09 7.23247e-10 4.10086e-10 2.30113e-10 1.27871e-10 7.04087e-11 3.84362e-11 2.08127e-11 1.11836e-11 5.96594e-12 3.1607e-12 1.66358e-12 8.70161e-13 4.52457e-13 2.33935e-13 1.20299e-13 6.15433e-14 3.1329e-14 1.58726e-14 8.00512e-15 4.01962e-15 2.00989e-15 1.00091e-15 4.96507e-16 2.45368e-16 1.20818e-16 5.92822e-17 2.89897e-17 1.41299e-17 6.86526e-18 3.32538e-18 1.60596e-18 7.73353e-19 3.71369e-19 1.77851e-19 8.49498e-20 4.04724e-20 1.92343e-20 9.11891e-21 4.3131e-21 2.03537e-21 9.58363e-22 4.50272e-22 2.11107e-22 9.87727e-23 4.6121e-23 2.14937e-23 9.99752e-24 4.64157e-24 2.15103e-24 9.95074e-25 4.59526e-25 2.1185e-25 9.75046e-26 4.48041e-26 2.05551e-26 9.41561e-27 4.30643e-27 1.9667e-27 8.96869e-28 4.08412e-28 1.85721e-28 8.43393e-29 3.82486e-29 1.73233e-29 7.83579e-30 3.53987e-30 1.59717e-30 7.19762e-31 3.23971e-31 1.45651e-31 6.54067e-32 2.93386e-32 1.31454e-32 5.88349e-33 2.63046e-33 1.17482e-33 5.24154e-34 2.33618e-34 1.04021e-34 4.62708e-35
4.193e-08 1.08651e-07 1.74365e-07 2.19616e-07 2.37118e-07 2.29504e-07 2.04478e-07 1.70617e-07 1.34934e-07 1.02032e-07 7.42576e-08 5.22827e-08 3.57573e-08 2.38343e-08 1.5526e-08 9.90666e-09 6.20368e-09 3.81895e-09 2.31437e-09 1.38247e-09 8.14864e-10 4.74396e-10 2.73019e-10 1.55444e-10 8.76148e-11 4.89186e-11 2.7071e-11 1.48555e-11 8.08768e-12 4.37016e-12 2.34463e-12 1.24943e-12 6.61527e-13 3.4811e-13 1.82113e-13 9.47395e-14 4.90223e-14 2.52364e-14 1.29278e-14 6.59126e-15 3.34535e-15 1.69051e-15 8.50687e-16 4.26347e-16 2.12844e-16 1.05858e-16 5.24576e-17 2.59039e-17 1.27481e-17 6.25316e-18 3.05753e-18 1.49039e-18 7.24325e-19 3.50999e-19 1.69612e-19 8.17375e-20 3.92855e-20 1.88332e-20 9.00587e-21 4.29604e-21 2.04446e-21 9.70703e-22 4.5985e-22 2.17366e-22 1.02527e-22 4.82594e-23 2.26694e-23 1.06277e-23 4.97271e-24 2.32234e-24 1.08257e-24 5.03737e-25 2.33983e-25 1.08496e-25 5.02243e-26 2.32111e-26 1.07096e-26 4.93366e-27 2.26929e-27 1.04221e-27 4.77939e-28 2.18857e-28 1.00076e-28 4.56973e-29 2.08381e-29 9.48948e-30 4.31573e-30 1.96022e-30 8.89215e-31 4.02872e-31 1.82304e-31 8.23961e-32 3.71967e-32 1.67726e-32 7.55446e-33 3.39877e-33 1.52744e-33 6.85704e-34 3.07504e-34 1.37756e-34 6.16493e-35
1.65179e-08 4.49369e-08 7.50627e-08 9.79045e-08 1.09079e-07 1.08657e-07 9.94257e-08 8.50594e-08 6.88738e-08 5.32571e-08 3.95941e-08 2.84511e-08 1.98427e-08 1.34777e-08 8.94047e-09 5.80573e-09 3.69801e-09 2.31437e-09 1.42524e-09 8.64747e-10 5.17515e-10 3.05787e-10 1.78549e-10 1.03105e-10 5.8924e-11 3.33478e-11 1.87006e-11 1.03964e-11 5.73261e-12 3.13658e-12 1.70359e-12 9.18833e-13 4.92288e-13 2.62089e-13 1.38691e-13 7.29685e-14 3.81785e-14 1.98701e-14 1.0289e-14 5.3018e-15 2.71918e-15 1.38833e-15 7.05768e-16 3.57283e-16 1.8014e-16 9.04729e-17 4.52681e-17 2.25677e-17 1.12113e-17 5.55068e-18 2.73909e-18 1.34735e-18 6.60712e-19 3.23027e-19 1.57471e-19 7.65483e-20 3.71087e-20 1.79414e-20 8.65186e-21 4.16164e-21 1.99688e-21 9.55872e-22 4.56493e-22 2.17511e-22 1.03411e-22 4.90584e-23 2.32244e-23 1.09719e-23 5.17307e-24 2.43423e-24 1.14326e-24 5.35936e-25 2.50777e-25 1.17134e-25 5.46162e-26 2.54223e-26 1.18136e-26 5.4807e-27 2.5386e-27 1.174e-27 5.42093e-28 2.49933e-28 1.15062e-28 5.28945e-29 2.42813e-29 1.11309e-29 5.09555e-30 2.32955e-30 1.0636e-30 4.84984e-31 2.20864e-31 1.00457e-31 4.56358e-32 2.07066e-32 9.38427e-33 4.24804e-33 1.9208e-33 8.67537e-34 3.91396e-34 1.76391e-34 7.94094e-35
6.50704e-09 1.85435e-08 3.21896e-08 4.34224e-08 4.98678e-08 5.10755e-08 4.79587e-08 4.20339e-08 3.48218e-08 2.75163e-08 2.08843e-08 1.53067e-08 1.08801e-08 7.52649e-09 5.08167e-09 3.35675e-09 2.17378e-09 1.38247e-09 8.64747e-10 5.32706e-10 3.23556e-10 1.93962e-10 1.14862e-10 6.72486e-11 3.89535e-11 2.23383e-11 1.26897e-11 7.14459e-12 3.9888e-12 2.20923e-12 1.21436e-12 6.62716e-13 3.59195e-13 1.93417e-13 1.03502e-13 5.50575e-14 2.91209e-14 1.53186e-14 8.01597e-15 4.17356e-15 2.1625e-15 1.11528e-15 5.72622e-16 2.92736e-16 1.49031e-16 7.55666e-17 3.81679e-17 1.9206e-17 9.62945e-18 4.81105e-18 2.39553e-18 1.18886e-18 5.88132e-19 2.90049e-19 1.42614e-19 6.9917e-20 3.41799e-20 1.66633e-20 8.10189e-21 3.92896e-21 1.90049e-21 9.17017e-22 4.41411e-22 2.11977e-22 1.01564e-22 4.85533e-23 2.31607e-23 1.10246e-23 5.23685e-24 2.48255e-24 1.17453e-24 5.54612e-25 2.61392e-25 1.22968e-25 5.77438e-26 2.70676e-26 1.2666e-26 5.91691e-27 2.75948e-27 1.28485e-27 5.97293e-28 2.77232e-28 1.28479e-28 5.94528e-29 2.74708e-29 1.26749e-29 5.83987e-30 2.68694e-30 1.23458e-30 5.66504e-31 2.59606e-31 1.18813e-31 5.43083e-32 2.47929e-32 1.13046e-32 5.14832e-33 2.34186e-33 1.06403e-33 4.8289e-34 2.18906e-34 9.91257e-35
2.56338e-09 7.63634e-09 1.37555e-08 1.91682e-08 2.26683e-08 2.38509e-08 2.2963e-08 2.06042e-08 1.74516e-08 1.40837e-08 1.09062e-08 8.14865e-09 5.90015e-09 4.15481e-09 2.85382e-09 1.91672e-09 1.2614e-09 8.14864e-10 5.17515e-10 3.23556e-10 1.99378e-10 1.21215e-10 7.27755e-11 4.31843e-11 2.53453e-11 1.47228e-11 8.46962e-12 4.8279e-12 2.72828e-12 1.52917e-12 8.50426e-13 4.69465e-13 2.5734e-13 1.40118e-13 7.58039e-14 4.07592e-14 2.17877e-14 1.15812e-14 6.12282e-15 3.22032e-15 1.68533e-15 8.77787e-16 4.55083e-16 2.34888e-16 1.20717e-16 6.17844e-17 3.14958e-17 1.59937e-17 8.09134e-18 4.0787e-18 2.0488e-18 1.02566e-18 5.11774e-19 2.54545e-19 1.26213e-19 6.2393e-20 3.07536e-20 1.51155e-20 7.40874e-21 3.62158e-21 1.76569e-21 8.58659e-22 4.16531e-22 2.01568e-22 9.73127e-23 4.68723e-23 2.25261e-23 1.0802e-23 5.16879e-24 2.46811e-24 1.17612e-24 5.59337e-25 2.65488e-25 1.25773e-25 5.94725e-26 2.80706e-26 1.32254e-26 6.22023e-27 2.9205e-27 1.36892e-27 6.40599e-28 2.9929e-28 1.39608e-28 6.50214e-29 3.02372e-29 1.40404e-29 6.50999e-30 3.01411e-30 1.39356e-30 6.43416e-31 2.96666e-31 1.36605e-31 6.28195e-32 2.88512e-32 1.32338e-32 6.06271e-33 2.77408e-33 1.26779e-33 5.78717e-34 2.63864e-34 1.20171e-34
1.00982e-09 3.13878e-09 5.85906e-09 8.42494e-09 1.02502e-08 1.10701e-08 1.092e-08 1.00243e-08 8.67542e-09 7.14605e-09 5.64296e-09 4.29587e-09 3.16696e-09 2.26912e-09 1.58491e-09 1.08186e-09 7.23247e-10 4.74396e-10 3.05787e-10 1.93962e-10 1.21215e-10 7.47132e-11 4.54626e-11 2.73332e-11 1.62493e-11 9.55836e-12 5.56679e-12 3.21175e-12 1.8366e-12 1.04143e-12 5.85831e-13 3.27048e-13 1.81262e-13 9.97714e-14 5.45559e-14 2.96443e-14 1.60111e-14 8.59789e-15 4.59149e-15 2.43896e-15 1.28893e-15 6.77828e-16 3.54771e-16 1.84838e-16 9.58785e-17 4.95224e-17 2.5474e-17 1.30517e-17 6.66141e-18 3.38726e-18 1.71619e-18 8.66496e-19 4.36009e-19 2.18674e-19 1.09323e-19 5.44854e-20 2.70733e-20 1.34131e-20 6.62646e-21 3.2646e-21 1.604e-21 7.86032e-22 3.84204e-22 1.87327e-22 9.11133e-23 4.42111e-23 2.14031e-23 1.0338e-23 4.98242e-24 2.39611e-24 1.14989e-24 5.50698e-25 2.63206e-25 1.25551e-25 5.97739e-26 2.84042e-26 1.34726e-26 6.37877e-27 3.01477e-27 1.42239e-27 6.69953e-28 3.15028e-28 1.47892e-28 6.9318e-29 3.24389e-29 1.51572e-29 7.07156e-30 3.29435e-30 1.53247e-30 7.1186e-31 3.30209e-31 1.52963e-31 7.07614e-32 3.26911e-32 1.50833e-32 6.95037e-33 3.19868e-33 1.47027e-33 6.74982e-34 3.09506e-34 1.41753e-34
3.97806e-10 1.28791e-09 2.48819e-09 3.68819e-09 4.61241e-09 5.10918e-09 5.16026e-09 4.84315e-09 4.28026e-09 3.59669e-09 2.89474e-09 2.24427e-09 1.68376e-09 1.22698e-09 8.71111e-10 6.04094e-10 4.10086e-10 2.73019e-10 1.78549e-10 1.14862e-10 7.27755e-11 4.54626e-11 2.80286e-11 1.70688e-11 1.02753e-11 6.11894e-12 3.60681e-12 2.10565e-12 1.21812e-12 6.98623e-13 3.97407e-13 2.24307e-13 1.25668e-13 6.99093e-14 3.86286e-14 2.12068e-14 1.15706e-14 6.27568e-15 3.3845e-15 1.81533e-15 9.68584e-16 5.14189e-16 2.7164e-16 1.42833e-16 7.47647e-17 3.89643e-17 2.02211e-17 1.04513e-17 5.38046e-18 2.75937e-18 1.40991e-18 7.17818e-19 3.64188e-19 1.84149e-19 9.28092e-20 4.6626e-20 2.33519e-20 1.16602e-20 5.80526e-21 2.88203e-21 1.42683e-21 7.04482e-22 3.46917e-22 1.70399e-22 8.34872e-23 4.0805e-23 1.98963e-23 9.6788e-24 4.69768e-24 2.27501e-24 1.09936e-24 5.30123e-25 2.55102e-25 1.2251e-25 5.87175e-26 2.8088e-26 1.34107e-26 6.39105e-27 3.04021e-27 1.44364e-27 6.84315e-28 3.23824e-28 1.5298e-28 7.21511e-29 3.39743e-29 1.59724e-29 7.49749e-30 3.51398e-30 1.64449e-30 7.68469e-31 3.58587e-31 1.67089e-31 7.77491e-32 3.61284e-32 1.67656e-32 7.76992e-33 3.59625e-33 1.66237e-33 7.67471e-34 3.53883e-34 1.62979e-34
1.56712e-10 5.27612e-10 1.05375e-09 1.60859e-09 2.06613e-09 2.3457e-09 2.42416e-09 2.32482e-09 2.09701e-09 1.79667e-09 1.4731e-09 1.16259e-09 8.87279e-10 6.57323e-10 4.74173e-10 3.33941e-10 2.30113e-10 1.55444e-10 1.03105e-10 6.72486e-11 4.31843e-11 2.73332e-11 1.70688e-11 1.05256e-11 6.41452e-12 3.86602e-12 2.30582e-12 1.36177e-12 7.96763e-13 4.62078e-13 2.65739e-13 1.51611e-13 8.58427e-14 4.82534e-14 2.69368e-14 1.49379e-14 8.23148e-15 4.50848e-15 2.45499e-15 1.32935e-15 7.1596e-16 3.8361e-16 2.04514e-16 1.0851e-16 5.73058e-17 3.01289e-17 1.5772e-17 8.22193e-18 4.26876e-18 2.20763e-18 1.13737e-18 5.83821e-19 2.98611e-19 1.52205e-19 7.73193e-20 3.91497e-20 1.97601e-20 9.94282e-21 4.98798e-21 2.49499e-21 1.24445e-21 6.18985e-22 3.0705e-22 1.51913e-22 7.49659e-23 3.69015e-23 1.81201e-23 8.87651e-24 4.3382e-24 2.11537e-24 1.02919e-24 4.99646e-25 2.42049e-25 1.17015e-25 5.64537e-26 2.71818e-26 1.30622e-26 6.26508e-27 2.99932e-27 1.43326e-27 6.83666e-28 3.25537e-28 1.54741e-28 7.34306e-29 3.47878e-29 1.6454e-29 7.76997e-30 3.66343e-30 1.7246e-30 8.10645e-31 3.80478e-31 1.78318e-31 8.34526e-32 3.90008e-32 1.82015e-32 8.483e-33 3.94832e-33 1.83529e-33 8.51995e-34 3.95019e-34 1.82918e-34
6.17349e-11 2.15827e-10 4.45124e-10 6.99165e-10 9.2163e-10 1.07169e-09 1.13257e-09 1.10923e-09 1.02065e-09 8.91198e-10 7.44053e-10 5.975e-10 4.6369e-10 3.49094e-10 2.55778e-10 1.82872e-10 1.27871e-10 8.76148e-11 5.8924e-11 3.89535e-11 2.53453e-11 1.62493e-11 1.02753e-11 6.41452e-12 3.95636e-12 2.4127e-12 1.4557e-12 8.69484e-13 5.14408e-13 3.01598e-13 1.75316e-13 1.0108e-13 5.78279e-14 3.28388e-14 1.85166e-14 1.03703e-14 5.77041e-15 3.19096e-15 1.75406e-15 9.58694e-16 5.21101e-16 2.81748e-16 1.51559e-16 8.11265e-17 4.32196e-17 2.29196e-17 1.21006e-17 6.36129e-18 3.33029e-18 1.7365e-18 9.01943e-19 4.66707e-19 2.40614e-19 1.2361e-19 6.32837e-20 3.22905e-20 1.64226e-20 8.326e-21 4.20816e-21 2.12054e-21 1.06545e-21 5.33806e-22 2.66705e-22 1.32894e-22 6.60441e-23 3.27376e-23 1.61872e-23 7.98417e-24 3.92871e-24 1.92866e-24 9.44645e-25 4.61649e-25 2.25116e-25 1.0954e-25 5.31904e-26 2.57754e-26 1.24654e-26 6.01668e-27 2.8985e-27 1.39371e-27 6.68914e-28 3.20467e-28 1.5326e-28 7.31673e-29 3.48711e-29 1.65916e-29 7.88134e-30 3.73776e-30 1.76985e-30 8.36736e-31 3.94982e-31 1.86173e-31 8.7623e-32 4.11805e-32 1.93263e-32 9.05729e-33 4.2389e-33 1.98117e-33 9.2473e-34 4.31063e-34 2.00683e-34
2.43198e-11 8.81661e-11 1.8758e-10 3.0291e-10 4.09493e-10 4.87399e-10 5.26423e-10 5.26256e-10 4.93729e-10 4.39154e-10 3.73186e-10 3.04809e-10 2.4044e-10 1.83892e-10 1.36803e-10 9.92625e-11 7.04087e-11 4.89186e-11 3.33478e-11 2.23383e-11 1.47228e-11 9.55836e-12 6.11894e-12 3.86602e-12 2.4127e-12 1.48838e-12 9.08218e-13 5.48521e-13 3.28068e-13 1.94413e-13 1.14203e-13 6.65284e-14 3.84492e-14 2.20534e-14 1.2558e-14 7.10164e-15 3.98949e-15 2.22698e-15 1.23557e-15 6.8151e-16 3.73792e-16 2.03908e-16 1.10654e-16 5.9747e-17 3.21035e-17 1.71692e-17 9.14072e-18 4.84512e-18 2.55733e-18 1.34426e-18 7.03802e-19 3.67064e-19 1.90725e-19 9.87401e-20 5.09387e-20 2.61886e-20 1.34193e-20 6.85395e-21 3.48965e-21 1.77129e-21 8.96393e-22 4.52317e-22 2.27591e-22 1.142e-22 5.71483e-23 2.85232e-23 1.41996e-23 7.05123e-24 3.49292e-24 1.72613e-24 8.5102e-25 4.18614e-25 2.05454e-25 1.00616e-25 4.91686e-26 2.39772e-26 1.16686e-26 5.66715e-27 2.74699e-27 1.32896e-27 6.41717e-28 3.09295e-28 1.48803e-28 7.14625e-29 3.42598e-29 1.63964e-29 7.83394e-30 3.73676e-30 1.77953e-30 8.46109e-31 4.01668e-31 1.90389e-31 9.01076e-32 4.25831e-32 2.00946e-32 9.46894e-33 4.45565e-33 2.09373e-33 9.82512e-34 4.60441e-34 2.15496e-34
9.58053e-12 3.59704e-11 7.8872e-11 1.3084e-10 1.81274e-10 2.20719e-10 2.43507e-10 2.4835e-10 2.37461e-10 2.15064e-10 1.85944e-10 1.54415e-10 1.23767e-10 9.61281e-11 7.25864e-11 5.34336e-11 3.84362e-11 2.7071e-11 1.87006e-11 1.26897e-11 8.46962e-12 5.56679e-12 3.60681e-12 2.30582e-12 1.4557e-12 9.08218e-13 5.60372e-13 3.42136e-13 2.06826e-13 1.23856e-13 7.35093e-14 4.32584e-14 2.52509e-14 1.46259e-14 8.40931e-15 4.80095e-15 2.72241e-15 1.53378e-15 8.58746e-16 4.77934e-16 2.64468e-16 1.45536e-16 7.96621e-17 4.33808e-17 2.35064e-17 1.26763e-17 6.80434e-18 3.63608e-18 1.93462e-18 1.02503e-18 5.40888e-19 2.84292e-19 1.48854e-19 7.76502e-20 4.03606e-20 2.0905e-20 1.0791e-20 5.55181e-21 2.84712e-21 1.45551e-21 7.41814e-22 3.76948e-22 1.90989e-22 9.64948e-23 4.86184e-23 2.44303e-23 1.22437e-23 6.12044e-24 3.05185e-24 1.51802e-24 7.53277e-25 3.72918e-25 1.84195e-25 9.07753e-26 4.46382e-26 2.19035e-26 1.07253e-26 5.24093e-27 2.55584e-27 1.24395e-27 6.04266e-28 2.92976e-28 1.41784e-28 6.84904e-29 3.3026e-29 1.58971e-29 7.63895e-30 3.66449e-30 1.75498e-30 8.39121e-31 4.00572e-31 1.90921e-31 9.08562e-32 4.31715e-32 2.04829e-32 9.70392e-33 4.59069e-33 2.16866e-33 1.02306e-33 4.81962e-34 2.26746e-34
3.77415e-12 1.4658e-11 3.30945e-11 5.63563e-11 7.99692e-11 9.95514e-11 1.1213e-10 1.16617e-10 1.1359e-10 1.0471e-10 9.20753e-11 7.77137e-11 6.32702e-11 4.98881e-11 3.82242e-11 2.8539e-11 2.08127e-11 1.48555e-11 1.03964e-11 7.14459e-12 4.8279e-12 3.21175e-12 2.10565e-12 1.36177e-12 8.69484e-13 5.48521e-13 3.42136e-13 2.11132e-13 1.28975e-13 7.80345e-14 4.67846e-14 2.78067e-14 1.63909e-14 9.58584e-15 5.56395e-15 3.2063e-15 1.83496e-15 1.04321e-15 5.89329e-16 3.30895e-16 1.84703e-16 1.02518e-16 5.65928e-17 3.10772e-17 1.69793e-17 9.23149e-18 4.99539e-18 2.69078e-18 1.443e-18 7.70528e-19 4.09739e-19 2.17008e-19 1.14484e-19 6.01683e-20 3.15057e-20 1.64382e-20 8.5469e-21 4.42885e-21 2.28741e-21 1.17761e-21 6.04371e-22 3.09231e-22 1.57752e-22 8.02433e-23 4.07022e-23 2.05888e-23 1.03867e-23 5.22615e-24 2.62285e-24 1.31304e-24 6.55718e-25 3.26676e-25 1.62368e-25 8.0517e-26 3.98384e-26 1.96681e-26 9.68927e-27 4.76327e-27 2.33681e-27 1.1441e-27 5.59046e-28 2.72638e-28 1.32708e-28 6.44763e-29 3.12685e-29 1.51368e-29 7.31466e-30 3.52861e-30 1.69932e-30 8.16998e-31 3.92154e-31 1.87928e-31 8.99168e-32 4.29551e-32 2.04892e-32 9.75852e-33 4.64089e-33 2.20388e-33 1.04509e-33 4.94892e-34 2.34027e-34
1.48679e-12 5.96653e-12 1.38593e-11 2.42099e-11 3.5164e-11 4.47313e-11 5.14136e-11 5.45019e-11 5.40583e-11 5.07009e-11 4.53271e-11 3.88699e-11 3.21338e-11 2.57145e-11 1.99861e-11 1.51303e-11 1.11836e-11 8.08768e-12 5.73261e-12 3.9888e-12 2.72828e-12 1.8366e-12 1.21812e-12 7.96763e-13 5.14408e-13 3.28068e-13 2.06826e-13 1.28975e-13 7.96022e-14 4.8651e-14 2.94592e-14 1.7681e-14 1.05229e-14 6.21253e-15 3.6397e-15 2.11676e-15 1.22241e-15 7.01188e-16 3.99609e-16 2.26325e-16 1.27418e-16 7.13217e-17 3.9701e-17 2.19814e-17 1.21077e-17 6.63592e-18 3.61946e-18 1.96498e-18 1.06197e-18 5.71432e-19 3.06179e-19 1.6338e-19 8.68343e-20 4.59728e-20 2.42481e-20 1.27428e-20 6.67285e-21 3.48221e-21 1.81108e-21 9.38856e-22 4.85148e-22 2.49919e-22 1.28354e-22 6.5726e-23 3.35593e-23 1.7087e-23 8.67617e-24 4.39365e-24 2.21914e-24 1.11798e-24 5.61819e-25 2.81641e-25 1.4085e-25 7.02751e-26 3.49825e-26 1.73751e-26 8.61092e-27 4.25832e-27 2.10142e-27 1.03488e-27 5.08613e-28 2.49474e-28 1.22129e-28 5.96735e-29 2.91027e-29 1.41673e-29 6.88427e-30 3.33934e-30 1.617e-30 7.81659e-31 3.77222e-31 1.81745e-31 8.74231e-32 4.19855e-32 2.01323e-32 9.63876e-33 4.60779e-33 2.19948e-33 1.04837e-33 4.98978e-34 2.37157e-34
5.85703e-13 2.42615e-12 5.79335e-12 1.03744e-11 1.5415e-11 2.00274e-11 2.34793e-11 2.5359e-11 2.56027e-11 2.44223e-11 2.21904e-11 1.93278e-11 1.62198e-11 1.3169e-11 1.03798e-11 7.9655e-12 5.96594e-12 4.37016e-12 3.13658e-12 2.20923e-12 1.52917e-12 1.04143e-12 6.98623e-13 4.62078e-13 3.01598e-13 1.94413e-13 1.23856e-13 7.80345e-14 4.8651e-14 3.0031e-14 1.83627e-14 1.11273e-14 6.68526e-15 3.98373e-15 2.35539e-15 1.38224e-15 8.05362e-16 4.66028e-16 2.67896e-16 1.53026e-16 8.68787e-17 4.90355e-17 2.75201e-17 1.53609e-17 8.52899e-18 4.71158e-18 2.59e-18 1.41698e-18 7.71668e-19 4.18368e-19 2.25844e-19 1.21406e-19 6.49982e-20 3.46616e-20 1.84133e-20 9.74526e-21 5.13904e-21 2.70047e-21 1.41419e-21 7.38115e-22 3.83997e-22 1.99138e-22 1.02953e-22 5.30658e-23 2.72718e-23 1.39754e-23 7.1417e-24 3.63956e-24 1.84985e-24 9.37754e-25 4.74169e-25 2.39162e-25 1.20335e-25 6.04024e-26 3.02483e-26 1.51131e-26 7.53412e-27 3.74764e-27 1.86016e-27 9.21354e-28 4.55414e-28 2.2465e-28 1.10597e-28 5.43419e-29 2.66499e-29 1.3045e-29 6.37369e-30 3.10852e-30 1.51337e-30 7.35499e-31 3.56841e-31 1.72837e-31 8.35762e-32 4.03481e-32 1.94478e-32 9.35913e-33 4.49709e-33 2.15759e-33 1.03361e-33 4.94434e-34 2.36174e-34
2.30732e-13 9.85581e-13 2.41751e-12 4.43515e-12 6.73801e-12 8.93664e-12 1.06816e-11 1.17496e-11 1.20704e-11 1.17063e-11 1.08067e-11 9.55739e-12 8.13933e-12 6.70293e-12 5.35645e-12 4.16573e-12 3.1607e-12 2.34463e-12 1.70359e-12 1.21436e-12 8.50426e-13 5.85831e-13 3.97407e-13 2.65739e-13 1.75316e-13 1.14203e-13 7.35093e-14 4.67846e-14 2.94592e-14 1.83627e-14 1.13362e-14 6.93459e-15 4.20515e-15 2.52885e-15 1.50871e-15 8.93262e-16 5.25029e-16 3.06441e-16 1.77661e-16 1.02337e-16 5.85835e-17 3.33365e-17 1.88609e-17 1.06118e-17 5.93862e-18 3.30621e-18 1.83147e-18 1.00964e-18 5.53977e-19 3.02583e-19 1.64545e-19 8.90984e-20 4.80457e-20 2.58043e-20 1.38049e-20 7.35737e-21 3.90669e-21 2.06697e-21 1.08979e-21 5.72625e-22 2.99888e-22 1.56547e-22 8.14629e-23 4.22612e-23 2.18586e-23 1.12728e-23 5.79698e-24 2.97276e-24 1.52032e-24 7.75447e-25 3.94493e-25 2.0018e-25 1.01326e-25 5.11639e-26 2.57733e-26 1.29528e-26 6.49475e-27 3.2493e-27 1.62205e-27 8.07988e-28 4.01634e-28 1.99232e-28 9.86295e-29 4.87295e-29 2.40287e-29 1.1826e-29 5.80936e-30 2.84852e-30 1.3942e-30 6.81171e-31 3.32223e-31 1.61755e-31 7.8624e-32 3.81533e-32 1.84842e-32 8.94077e-33 4.31782e-33 2.08201e-33 1.00239e-33 4.81884e-34 2.31317e-34
9.08943e-14 4.00007e-13 1.00717e-12 1.89187e-12 2.93719e-12 3.975e-12 4.84201e-12 5.42232e-12 5.66592e-12 5.58503e-12 5.23675e-12 4.70117e-12 4.06183e-12 3.39197e-12 2.74743e-12 2.16485e-12 1.66358e-12 1.24943e-12 9.18833e-13 6.62716e-13 4.69465e-13 3.27048e-13 2.24307e-13 1.51611e-13 1.0108e-13 6.65284e-14 4.32584e-14 2.78067e-14 1.7681e-14 1.11273e-14 6.93459e-15 4.28159e-15 2.62019e-15 1.58994e-15 9.56995e-16 5.71576e-16 3.38855e-16 1.99463e-16 1.16611e-16 6.77276e-17 3.90882e-17 2.24224e-17 1.27871e-17 7.25113e-18 4.08947e-18 2.29423e-18 1.28054e-18 7.11221e-19 3.93136e-19 2.16308e-19 1.18483e-19 6.46172e-20 3.50921e-20 1.89797e-20 1.02245e-20 5.48677e-21 2.9333e-21 1.56245e-21 8.29298e-22 4.3864e-22 2.31228e-22 1.2149e-22 6.36281e-23 3.32198e-23 1.7291e-23 8.9732e-24 4.64314e-24 2.39575e-24 1.23272e-24 6.32574e-25 3.23746e-25 1.65261e-25 8.41465e-26 4.27388e-26 2.16547e-26 1.09459e-26 5.51996e-27 2.77735e-27 1.39429e-27 6.98433e-28 3.49111e-28 1.74135e-28 8.66788e-29 4.30586e-29 2.13473e-29 1.05628e-29 5.21653e-30 2.5714e-30 1.26519e-30 6.21375e-31 3.04634e-31 1.49088e-31 7.28386e-32 3.55259e-32 1.72985e-32 8.40932e-33 4.08147e-33 1.97782e-33 9.5693e-34 4.62286e-34 2.22991e-34
3.58068e-14 1.62207e-13 4.18953e-13 8.05306e-13 1.27705e-12 1.76273e-12 2.18739e-12 2.49289e-12 2.64869e-12 2.6528e-12 2.52565e-12 2.30089e-12 2.01633e-12 1.70702e-12 1.4011e-12 1.11829e-12 8.70161e-13 6.61527e-13 4.92288e-13 3.59195e-13 2.5734e-13 1.81262e-13 1.25668e-13 8.58427e-14 5.78279e-14 3.84492e-14 2.52509e-14 1.63909e-14 1.05229e-14 6.68526e-15 4.20515e-15 2.62019e-15 1.61795e-15 9.90505e-16 6.01414e-16 3.62301e-16 2.16615e-16 1.28577e-16 7.57912e-17 4.43786e-17 2.58189e-17 1.49284e-17 8.58026e-18 4.90329e-18 2.78653e-18 1.5751e-18 8.85728e-19 4.9558e-19 2.75941e-19 1.52924e-19 8.43633e-20 4.63351e-20 2.53397e-20 1.38001e-20 7.48524e-21 4.04407e-21 2.17655e-21 1.16709e-21 6.23537e-22 3.31963e-22 1.76126e-22 9.31325e-23 4.90864e-23 2.57891e-23 1.35071e-23 7.05295e-24 3.67191e-24 1.90615e-24 9.86721e-25 5.09368e-25 2.62238e-25 1.34652e-25 6.89614e-26 3.52291e-26 1.79524e-26 9.12623e-27 4.62838e-27 2.34184e-27 1.18222e-27 5.95479e-28 2.99285e-28 1.50097e-28 7.51183e-29 3.75165e-29 1.8699e-29 9.3015e-30 4.61784e-30 2.2882e-30 1.1317e-30 5.58683e-31 2.75304e-31 1.3542e-31 6.6496e-32 3.25956e-32 1.59509e-32 7.79275e-33 3.80088e-33 1.85088e-33 8.9988e-34 4.36832e-34 2.11728e-34
