0.507846 0.0541251 0.0329154 0.020017 0.0121731 0.00740287 0.00450195 0.0027378 0.00166495 0.00101252 0.000615747 0.000374458 0.000227721 0.000138485 8.42178e-05 5.12159e-05 3.11462e-05 1.89411e-05 1.15188e-05 7.00497e-06 4.25997e-06 2.59064e-06 1.57546e-06 9.58093e-07 5.82651e-07 3.54331e-07 2.15481e-07 1.31042e-07 7.96911e-08 4.8463e-08 2.94721e-08 1.7923e-08 1.08996e-08 6.62845e-09 4.031e-09 2.45139e-09 1.49078e-09 9.06596e-10 5.51333e-10 3.35285e-10 2.03899e-10 1.23998e-10 7.54077e-11 4.58581e-11 2.7888e-11 1.69597e-11 1.03138e-11 6.27217e-12 3.81433e-12 2.31963e-12 1.41065e-12 8.57866e-13 5.21699e-13 3.17264e-13 1.92939e-13 1.17333e-13 7.13546e-14 4.33933e-14 2.6389e-14 1.60481e-14 9.75941e-15 5.93504e-15 3.60931e-15 2.19495e-15 1.33483e-15 8.11756e-16 4.93658e-16 3.00211e-16 1.82569e-16 1.11027e-16 6.75193e-17 4.10609e-17 2.49706e-17 1.51855e-17 9.23484e-18 5.61604e-18 3.41531e-18 2.07697e-18 1.26308e-18 7.68124e-19 4.67124e-19 2.84075e-19 1.72756e-19 1.05059e-19 6.38901e-20 3.88539e-20 2.36284e-20 1.43693e-20 8.73847e-21 5.31417e-21 3.23174e-21 1.96534e-21 1.19519e-21 7.26838e-22 4.42016e-22 2.68806e-22 1.6347e-22 9.94121e-23 6.0456e-23 3.67655e-23 2.23584e-23
0.0541251 0.020446 0.0138316 0.00926144 0.0061491 0.00405383 0.00265644 0.00173173 0.00112382 0.000726429 0.000467913 0.000300455 0.000192387 0.000122877 7.83022e-05 4.97931e-05 3.16035e-05 2.00235e-05 1.26661e-05 8.00014e-06 5.04606e-06 3.17869e-06 1.99997e-06 1.25694e-06 7.89128e-07 4.94942e-07 3.10142e-07 1.94173e-07 1.21467e-07 7.59263e-08 4.74249e-08 2.96018e-08 1.84647e-08 1.15105e-08 7.17112e-09 4.4651e-09 2.77869e-09 1.72832e-09 1.07446e-09 6.67655e-10 4.14683e-10 2.57448e-10 1.59765e-10 9.91063e-11 6.14542e-11 3.80926e-11 2.36034e-11 1.46204e-11 9.05316e-12 5.60404e-12 3.46792e-12 2.14539e-12 1.32684e-12 8.20371e-13 5.07089e-13 3.13361e-13 1.93596e-13 1.19575e-13 7.38384e-14 4.55852e-14 2.81364e-14 1.73627e-14 1.07122e-14 6.60765e-15 4.07503e-15 2.51264e-15 1.54899e-15 9.54741e-16 5.88364e-16 3.62519e-16 2.23328e-16 1.37557e-16 8.47137e-17 5.21622e-17 3.21138e-17 1.9768e-17 1.21667e-17 7.48717e-18 4.60685e-18 2.83421e-18 1.74342e-18 1.0723e-18 6.59437e-19 4.05488e-19 2.49305e-19 1.53261e-19 9.42066e-20 5.79006e-20 3.55824e-20 2.18646e-20 1.34339e-20 8.25306e-21 5.06973e-21 3.11395e-21 1.91247e-21 1.17446e-21 7.21169e-22 4.4279e-22 2.71843e-22 1.66879e-22 1.02434e-22
0.0329154 0.0138316 0.00978941 0.00682735 0.00470545 0.0032115 0.00217396 0.00146135 0.000976412 0.000648956 0.000429312 0.000282832 0.000185639 0.000121438 7.91983e-05 5.15078e-05 3.34138e-05 2.16253e-05 1.39656e-05 9.00094e-06 5.79038e-06 3.71853e-06 2.38414e-06 1.52626e-06 9.75678e-07 6.22871e-07 3.97135e-07 2.52905e-07 1.60872e-07 1.0222e-07 6.48853e-08 4.11465e-08 2.60685e-08 1.65012e-08 1.04363e-08 6.59514e-09 4.16454e-09 2.62777e-09 1.6569e-09 1.04403e-09 6.57415e-10 4.13707e-10 2.60185e-10 1.63538e-10 1.02732e-10 6.45001e-11 4.04748e-11 2.53856e-11 1.59139e-11 9.9715e-12 6.24516e-12 3.90961e-12 2.44644e-12 1.53022e-12 9.5675e-13 5.97958e-13 3.73574e-13 2.33303e-13 1.45649e-13 9.08955e-14 5.67059e-14 3.53647e-14 2.20481e-14 1.37415e-14 8.5618e-15 5.33293e-15 3.32077e-15 2.06723e-15 1.28652e-15 8.00441e-16 4.97882e-16 3.09607e-16 1.9248e-16 1.19633e-16 7.43388e-17 4.61823e-17 2.86838e-17 1.78114e-17 1.10577e-17 6.86339e-18 4.25912e-18 2.64248e-18 1.63913e-18 1.01656e-18 6.30325e-19 3.90764e-19 2.42205e-19 1.50097e-19 9.30004e-20 5.76129e-20 3.56845e-20 2.20987e-20 1.3683e-20 8.47078e-21 5.2432e-21 3.24491e-21 2.00789e-21 1.24226e-21 7.68457e-22 4.75295e-22 2.93931e-22
0.020017 0.00926144 0.00682735 0.00493628 0.00351483 0.00247181 0.00172048 0.00118713 0.000813014 0.000553184 0.000374246 0.000251906 0.000168791 0.000112637 7.48867e-05 4.96203e-05 3.2777e-05 2.15894e-05 1.4183e-05 9.29473e-06 6.07741e-06 3.96534e-06 2.58214e-06 1.67831e-06 1.08894e-06 7.05374e-07 4.56203e-07 2.94617e-07 1.89998e-07 1.22367e-07 7.87106e-08 5.05684e-08 3.2451e-08 2.08018e-08 1.33205e-08 8.52126e-09 5.44591e-09 3.47726e-09 2.2183e-09 1.41395e-09 9.0052e-10 5.73074e-10 3.64417e-10 2.31562e-10 1.47039e-10 9.33036e-11 5.91669e-11 3.74958e-11 2.37476e-11 1.50313e-11 9.50869e-12 6.01177e-12 3.79881e-12 2.39918e-12 1.51446e-12 9.55506e-13 6.02559e-13 3.79806e-13 2.3929e-13 1.50693e-13 9.48583e-14 5.96861e-14 3.75398e-14 2.36013e-14 1.48323e-14 9.31791e-15 5.85147e-15 3.67328e-15 2.30509e-15 1.44601e-15 9.06794e-16 5.68462e-16 3.56249e-16 2.23187e-16 1.39781e-16 8.75181e-17 5.47795e-17 3.42777e-17 2.14428e-17 1.34101e-17 8.38423e-18 5.24057e-18 3.27476e-18 2.04583e-18 1.27776e-18 7.97856e-19 4.98073e-19 3.10855e-19 1.93965e-19 1.21e-19 7.54665e-20 4.70571e-20 2.93361e-20 1.82847e-20 1.13942e-20 7.09884e-21 4.42186e-21 2.75382e-21 1.71468e-21 1.06745e-21 6.64398e-22
0.0121731 0.0061491 0.00470545 0.00351483 0.00257687 0.00186116 0.00132781 0.000937567 0.000656209 0.000455793 0.000314477 0.000215695 0.000147162 9.99282e-05 6.75632e-05 4.55019e-05 3.05345e-05 2.04229e-05 1.36182e-05 9.05513e-06 6.00519e-06 3.97276e-06 2.62217e-06 1.727e-06 1.13512e-06 7.4467e-07 4.87641e-07 3.18782e-07 2.08057e-07 1.35582e-07 8.8224e-08 5.73277e-08 3.72017e-08 2.41107e-08 1.56073e-08 1.00911e-08 6.51723e-09 4.20458e-09 2.70978e-09 1.74468e-09 1.12223e-09 7.21191e-10 4.63056e-10 2.9706e-10 1.90413e-10 1.21956e-10 7.80504e-11 4.9914e-11 3.18974e-11 2.03697e-11 1.29992e-11 8.29023e-12 5.28369e-12 3.36541e-12 2.14229e-12 1.3629e-12 8.66563e-13 5.50677e-13 3.49751e-13 2.22021e-13 1.40866e-13 8.9331e-14 5.66223e-14 3.58729e-14 2.27167e-14 1.43789e-14 9.09741e-15 5.75337e-15 3.637e-15 2.2982e-15 1.45163e-15 9.16548e-16 5.78479e-16 3.64969e-16 2.30179e-16 1.45117e-16 9.14576e-17 5.76196e-17 3.6289e-17 2.28473e-17 1.43798e-17 9.04764e-18 5.6909e-18 3.57844e-18 2.24945e-18 1.41362e-18 8.881e-19 5.57787e-19 3.50231e-19 2.19847e-19 1.37966e-19 8.65582e-20 5.42915e-20 3.40444e-20 2.13427e-20 1.33767e-20 8.38187e-21 5.25087e-21 3.28866e-21 2.05924e-21 1.28914e-21
0.00740287 0.00405383 0.0032115 0.00247181 0.00186116 0.00137722 0.00100477 0.00072443 0.000517087 0.000365903 0.000256968 0.000179261 0.000124309 8.57419e-05 5.88543e-05 4.02206e-05 2.73757e-05 1.8564e-05 1.25455e-05 8.45138e-06 5.67653e-06 3.80226e-06 2.54027e-06 1.69303e-06 1.1258e-06 7.47012e-07 4.94665e-07 3.26935e-07 2.15685e-07 1.42045e-07 9.33935e-08 6.13093e-08 4.0187e-08 2.63041e-08 1.71935e-08 1.12238e-08 7.31753e-09 4.76503e-09 3.0993e-09 2.01361e-09 1.30684e-09 8.47262e-10 5.48756e-10 3.55077e-10 2.29542e-10 1.48255e-10 9.56706e-11 6.16853e-11 3.97403e-11 2.55821e-11 1.64554e-11 1.05769e-11 6.79347e-12 4.36036e-12 2.79677e-12 1.79268e-12 1.14833e-12 7.35126e-13 4.70316e-13 3.00718e-13 1.92166e-13 1.2273e-13 7.83399e-14 4.99785e-14 3.1868e-14 2.03097e-14 1.29371e-14 8.23676e-15 5.24166e-15 3.33411e-15 2.11978e-15 1.34713e-15 8.55733e-16 5.43352e-16 3.4486e-16 2.1879e-16 1.38751e-16 8.7958e-17 5.57375e-17 3.53066e-17 2.23565e-17 1.41512e-17 8.95424e-18 5.66387e-18 3.58136e-18 2.2638e-18 1.43049e-18 9.03629e-19 5.70635e-19 3.60239e-19 2.27347e-19 1.43436e-19 9.04684e-20 5.7044e-20 3.59583e-20 2.26603e-20 1.42762e-20 8.99169e-21 5.66179e-21 3.56411e-21 2.24304e-21
0.00450195 0.00265644 0.00217396 0.00172048 0.00132781 0.00100477 0.000748301 0.000549973 0.000399708 0.000287714 0.000205368 0.000145508 0.000102418 7.16638e-05 4.9877e-05 3.45453e-05 2.38202e-05 1.63579e-05 1.11911e-05 7.62954e-06 5.18457e-06 3.51244e-06 2.37287e-06 1.59875e-06 1.07449e-06 7.20434e-07 4.81968e-07 3.21754e-07 2.14368e-07 1.42551e-07 9.46217e-08 6.26992e-08 4.1478e-08 2.73961e-08 1.80678e-08 1.18985e-08 7.82493e-09 5.13913e-09 3.37088e-09 2.20832e-09 1.445e-09 9.44445e-10 6.16605e-10 4.02139e-10 2.61999e-10 1.70526e-10 1.10883e-10 7.20336e-11 4.67535e-11 3.0319e-11 1.96447e-11 1.27181e-11 8.22716e-12 5.31792e-12 3.43484e-12 2.21693e-12 1.42985e-12 9.21563e-13 5.93563e-13 3.82052e-13 2.45754e-13 1.57982e-13 1.01496e-13 6.51674e-14 4.18178e-14 2.68191e-14 1.71905e-14 1.10128e-14 7.05141e-15 4.51264e-15 2.88646e-15 1.84538e-15 1.17922e-15 7.53179e-16 4.8084e-16 3.06836e-16 1.95712e-16 1.24779e-16 7.95202e-17 5.06562e-17 3.22559e-17 2.0531e-17 1.3063e-17 8.30813e-18 5.28202e-18 3.35687e-18 2.1326e-18 1.35434e-18 8.59793e-19 5.45642e-19 3.46158e-19 2.19531e-19 1.39179e-19 8.82083e-20 5.58866e-20 3.53973e-20 2.24129e-20 1.41872e-20 8.97765e-21 5.6794e-21 3.59184e-21
0.0027378 0.00173173 0.00146135 0.00118713 0.000937567 0.00072443 0.000549973 0.000411496 0.000304128 0.000222418 0.000161176 0.000115858 8.26858e-05 5.86329e-05 4.13359e-05 2.89881e-05 2.02308e-05 1.40566e-05 9.72679e-06 6.7052e-06 4.60598e-06 3.15358e-06 2.15252e-06 1.465e-06 9.94373e-07 6.73205e-07 4.54668e-07 3.0637e-07 2.05994e-07 1.38218e-07 9.25599e-08 6.18682e-08 4.12795e-08 2.74954e-08 1.82842e-08 1.21397e-08 8.04805e-09 5.32777e-09 3.52207e-09 2.32525e-09 1.53314e-09 1.00962e-09 6.64071e-10 4.36284e-10 2.86312e-10 1.8769e-10 1.22911e-10 8.04084e-11 5.25517e-11 3.43131e-11 2.23837e-11 1.45887e-11 9.50007e-12 6.18115e-12 4.01843e-12 2.61034e-12 1.69434e-12 1.09895e-12 7.12253e-13 4.61296e-13 2.98554e-13 1.93095e-13 1.24804e-13 8.06133e-14 5.20367e-14 3.35695e-14 2.1643e-14 1.39455e-14 8.9805e-15 5.77992e-15 3.71796e-15 2.3903e-15 1.53593e-15 9.86431e-16 6.33202e-16 4.06258e-16 2.60526e-16 1.66991e-16 1.06988e-16 6.85134e-17 4.38554e-17 2.80594e-17 1.79452e-17 1.14718e-17 7.33056e-18 4.68236e-18 2.98964e-18 1.9081e-18 1.21735e-18 7.76365e-19 4.94942e-19 3.15415e-19 2.00935e-19 1.2796e-19 8.14594e-20 5.18394e-20 3.29786e-20 2.0973e-20 1.33336e-20 8.47409e-21 5.38397e-21
0.00166495 0.00112382 0.000976412 0.000813014 0.000656209 0.000517087 0.000399708 0.000304128 0.000228345 0.000169503 0.000124585 9.07758e-05 6.56324e-05 4.71257e-05 3.36266e-05 2.38584e-05 1.68401e-05 1.18299e-05 8.27381e-06 5.76319e-06 3.99923e-06 2.76539e-06 1.90591e-06 1.30949e-06 8.9709e-07 6.12882e-07 4.17628e-07 2.8388e-07 1.92517e-07 1.30269e-07 8.7962e-08 5.92758e-08 3.98682e-08 2.67658e-08 1.79379e-08 1.20014e-08 8.01665e-09 5.34663e-09 3.56058e-09 2.36777e-09 1.57239e-09 1.0428e-09 6.90692e-10 4.5691e-10 3.01895e-10 1.99241e-10 1.31346e-10 8.64929e-11 5.6897e-11 3.739e-11 2.45466e-11 1.60995e-11 1.05494e-11 6.90633e-12 4.51738e-12 2.95225e-12 1.92779e-12 1.2578e-12 8.20015e-13 5.34191e-13 3.47733e-13 2.26192e-13 1.47028e-13 9.55031e-14 6.19927e-14 4.02138e-14 2.60692e-14 1.6889e-14 1.09348e-14 7.0755e-15 4.57556e-15 2.95718e-15 1.91014e-15 1.23314e-15 7.9565e-16 5.13098e-16 3.30713e-16 2.13049e-16 1.3718e-16 8.82848e-17 5.67901e-17 3.65135e-17 2.34656e-17 1.50735e-17 9.6783e-18 6.21147e-18 3.98476e-18 2.5552e-18 1.63783e-18 1.04938e-18 6.72082e-19 4.30269e-19 2.75353e-19 1.76146e-19 1.1264e-19 7.20032e-20 4.601e-20 2.93899e-20 1.87668e-20 1.19793e-20 7.64411e-21
0.00101252 0.000726429 0.000648956 0.000553184 0.000455793 0.000365903 0.000287714 0.000222418 0.000169503 0.00012761 9.50581e-05 7.01544e-05 5.13493e-05 3.73082e-05 2.69264e-05 1.93163e-05 1.37806e-05 9.78151e-06 6.91053e-06 4.8611e-06 3.40571e-06 2.3771e-06 1.65334e-06 1.14616e-06 7.92099e-07 5.45814e-07 3.75068e-07 2.57063e-07 1.75749e-07 1.19873e-07 8.15787e-08 5.53992e-08 3.75443e-08 2.53943e-08 1.71442e-08 1.15538e-08 7.7729e-09 5.22068e-09 3.50092e-09 2.3441e-09 1.56722e-09 1.04634e-09 6.9762e-10 4.64508e-10 3.08897e-10 2.05163e-10 1.36103e-10 9.01846e-11 5.96914e-11 3.94657e-11 2.60658e-11 1.7198e-11 1.13358e-11 7.46467e-12 4.91089e-12 3.22785e-12 2.11973e-12 1.39083e-12 9.118e-13 5.97268e-13 3.90924e-13 2.55668e-13 1.67082e-13 1.09109e-13 7.11993e-14 4.64284e-14 3.02545e-14 1.97017e-14 1.28213e-14 8.33826e-15 5.41934e-15 3.52004e-15 2.285e-15 1.4824e-15 9.61158e-16 6.22838e-16 4.0338e-16 2.61105e-16 1.68921e-16 1.09225e-16 7.05893e-17 4.55968e-17 2.94385e-17 1.8997e-17 1.22531e-17 7.89955e-18 5.09049e-18 3.27883e-18 2.11099e-18 1.35851e-18 8.73882e-19 5.619e-19 3.61148e-19 2.32025e-19 1.49007e-19 9.56555e-20 6.13823e-20 3.93741e-20 2.52473e-20 1.61829e-20 1.03691e-20
0.000615747 0.000467913 0.000429312 0.000374246 0.000314477 0.000256968 0.000205368 0.000161176 0.000124585 9.50581e-05 7.17179e-05 5.3577e-05 3.96759e-05 2.91523e-05 2.12692e-05 1.54186e-05 1.11121e-05 7.96556e-06 5.68178e-06 4.03423e-06 2.85224e-06 2.00857e-06 1.4092e-06 9.85243e-07 6.86579e-07 4.76975e-07 3.30394e-07 2.28228e-07 1.57241e-07 1.08064e-07 7.40916e-08 5.06844e-08 3.45973e-08 2.35676e-08 1.60225e-08 1.08724e-08 7.36429e-09 4.97944e-09 3.36126e-09 2.26529e-09 1.52431e-09 1.02416e-09 6.87132e-10 4.60367e-10 3.08024e-10 2.05824e-10 1.37361e-10 9.15582e-11 6.09562e-11 4.05359e-11 2.69264e-11 1.78668e-11 1.1843e-11 7.84205e-12 5.18762e-12 3.42837e-12 2.2636e-12 1.49318e-12 9.84103e-13 6.48024e-13 4.26357e-13 2.80283e-13 1.84107e-13 1.20838e-13 7.92505e-14 5.19368e-14 3.40118e-14 2.22574e-14 1.4555e-14 9.51164e-15 6.21164e-15 4.0539e-15 2.64399e-15 1.72335e-15 1.12259e-15 7.30813e-16 4.75482e-16 3.0918e-16 2.00928e-16 1.30506e-16 8.47187e-17 5.49664e-17 3.5644e-17 2.31021e-17 1.49657e-17 9.69001e-18 6.27105e-18 4.05647e-18 2.62271e-18 1.69493e-18 1.09485e-18 7.06907e-19 4.56225e-19 2.94312e-19 1.8978e-19 1.22324e-19 7.88123e-20 5.07575e-20 3.26762e-20 2.10278e-20 1.35265e-20
0.000374458 0.000300455 0.000282832 0.000251906 0.000215695 0.000179261 0.000145508 0.000115858 9.07758e-05 7.01544e-05 5.3577e-05 4.04927e-05 3.03225e-05 2.252e-05 1.66012e-05 1.21556e-05 8.84586e-06 6.40098e-06 4.60775e-06 3.30093e-06 2.35416e-06 1.67194e-06 1.18279e-06 8.33685e-07 5.85597e-07 4.1e-07 2.86178e-07 1.99171e-07 1.38235e-07 9.56914e-08 6.60763e-08 4.55183e-08 3.12854e-08 2.14564e-08 1.46848e-08 1.00304e-08 6.83817e-09 4.65334e-09 3.16101e-09 2.14363e-09 1.45133e-09 9.81064e-10 6.6217e-10 4.46277e-10 3.00348e-10 2.01859e-10 1.35487e-10 9.08212e-11 6.08046e-11 4.06595e-11 2.71568e-11 1.81176e-11 1.20738e-11 8.03747e-12 5.34494e-12 3.55078e-12 2.35655e-12 1.56247e-12 1.035e-12 6.84967e-13 4.52911e-13 2.99212e-13 1.97504e-13 1.30261e-13 8.58425e-14 5.65258e-14 3.71926e-14 2.44533e-14 1.60657e-14 1.05475e-14 6.91975e-15 4.53662e-15 2.97222e-15 1.94599e-15 1.27327e-15 8.32577e-16 5.44073e-16 3.55324e-16 2.31917e-16 1.51282e-16 9.86255e-17 6.42609e-17 4.18469e-17 2.7236e-17 1.77171e-17 1.1519e-17 7.48531e-18 4.86168e-18 3.15608e-18 2.04784e-18 1.32811e-18 8.60934e-19 5.57831e-19 3.61274e-19 2.3387e-19 1.51329e-19 9.78769e-20 6.32779e-20 4.08922e-20 2.64149e-20 1.70561e-20
0.000227721 0.000192387 0.000185639 0.000168791 0.000147162 0.000124309 0.000102418 8.26858e-05 6.56324e-05 5.13493e-05 3.96759e-05 3.03225e-05 2.29507e-05 1.72212e-05 1.28216e-05 9.47862e-06 6.96215e-06 5.08356e-06 3.69166e-06 2.66734e-06 1.91822e-06 1.37346e-06 9.79386e-07 6.95705e-07 4.92413e-07 3.4734e-07 2.44222e-07 1.71196e-07 1.1966e-07 8.34092e-08 5.7989e-08 4.02158e-08 2.78238e-08 1.92067e-08 1.32295e-08 9.0935e-09 6.23809e-09 4.2711e-09 2.91895e-09 1.99133e-09 1.35618e-09 9.22094e-10 6.25955e-10 4.24272e-10 2.87145e-10 1.94059e-10 1.30968e-10 8.82695e-11 5.94142e-11 3.99412e-11 2.68175e-11 1.79845e-11 1.2047e-11 8.06061e-12 5.38745e-12 3.59696e-12 2.39905e-12 1.59847e-12 1.06401e-12 7.07568e-13 4.70096e-13 3.12039e-13 2.06941e-13 1.37122e-13 9.07818e-14 6.00527e-14 3.9693e-14 2.62152e-14 1.73004e-14 1.14086e-14 7.51772e-15 4.95023e-15 3.2573e-15 2.14185e-15 1.40742e-15 9.24208e-16 6.06503e-16 3.97757e-16 2.60693e-16 1.70756e-16 1.11778e-16 7.31279e-17 4.78141e-17 3.12451e-17 2.04063e-17 1.33201e-17 8.6899e-18 5.6662e-18 3.69269e-18 2.40531e-18 1.56596e-18 1.019e-18 6.6276e-19 4.30854e-19 2.79962e-19 1.81831e-19 1.18042e-19 7.65968e-20 4.96813e-20 3.22096e-20 2.08733e-20
0.000138485 0.000122877 0.000121438 0.000112637 9.99282e-05 8.57419e-05 7.16638e-05 5.86329e-05 4.71257e-05 3.73082e-05 2.91523e-05 2.252e-05 1.72212e-05 1.30505e-05 9.8095e-06 7.31909e-06 5.42423e-06 3.99514e-06 2.92583e-06 2.13146e-06 1.54517e-06 1.11504e-06 8.01217e-07 5.73417e-07 4.08842e-07 2.90468e-07 2.05677e-07 1.45176e-07 1.02164e-07 7.16896e-08 5.01689e-08 3.50176e-08 2.43816e-08 1.6936e-08 1.17375e-08 8.11704e-09 5.60164e-09 3.85802e-09 2.65203e-09 1.81966e-09 1.24631e-09 8.52149e-10 5.81681e-10 3.96423e-10 2.6975e-10 1.83279e-10 1.24347e-10 8.4246e-11 5.69996e-11 3.85143e-11 2.59906e-11 1.75174e-11 1.17924e-11 7.92907e-12 5.32535e-12 3.57266e-12 2.39423e-12 1.60282e-12 1.07191e-12 7.16136e-13 4.77982e-13 3.18724e-13 2.12332e-13 1.41326e-13 9.39825e-14 6.24447e-14 4.14551e-14 2.74981e-14 1.82254e-14 1.207e-14 7.98736e-15 5.28167e-15 3.48994e-15 2.30436e-15 1.52046e-15 1.00253e-15 6.60574e-16 4.34968e-16 2.86225e-16 1.88226e-16 1.23702e-16 8.12471e-17 5.33303e-17 3.49849e-17 2.29368e-17 1.50292e-17 9.84226e-18 6.44187e-18 4.21398e-18 2.75511e-18 1.80036e-18 1.17585e-18 7.67582e-19 5.00818e-19 3.26604e-19 2.12888e-19 1.387e-19 9.03222e-20 5.87913e-20 3.82502e-20 2.48748e-20
8.42178e-05 7.83022e-05 7.91983e-05 7.48867e-05 6.75632e-05 5.88543e-05 4.9877e-05 4.13359e-05 3.36266e-05 2.69264e-05 2.12692e-05 1.66012e-05 1.28216e-05 9.8095e-06 7.44158e-06 5.60196e-06 4.1876e-06 3.11024e-06 2.2964e-06 1.68623e-06 1.23189e-06 8.95707e-07 6.48379e-07 4.67394e-07 3.35611e-07 2.40097e-07 1.71168e-07 1.21626e-07 8.61529e-08 6.08447e-08 4.28496e-08 3.00954e-08 2.10831e-08 1.47334e-08 1.02718e-08 7.14512e-09 4.95945e-09 3.43522e-09 2.37469e-09 1.63841e-09 1.12833e-09 7.75661e-10 5.32304e-10 3.6469e-10 2.49453e-10 1.70364e-10 1.16175e-10 7.91071e-11 5.37902e-11 3.65254e-11 2.4769e-11 1.6775e-11 1.13467e-11 7.66564e-12 5.17263e-12 3.48637e-12 2.34719e-12 1.57851e-12 1.06043e-12 7.11651e-13 4.77103e-13 3.19542e-13 2.13808e-13 1.42926e-13 9.54556e-14 6.36942e-14 4.24637e-14 2.82854e-14 1.88253e-14 1.25189e-14 8.31844e-15 5.52301e-15 3.66417e-15 2.42911e-15 1.60916e-15 1.06521e-15 7.04636e-16 4.65792e-16 3.07697e-16 2.03125e-16 1.34004e-16 8.83477e-17 5.82099e-17 3.83291e-17 2.5223e-17 1.65884e-17 1.09033e-17 7.16239e-18 4.70233e-18 3.0855e-18 2.02349e-18 1.3263e-18 8.68863e-19 5.68899e-19 3.72302e-19 2.43521e-19 1.59207e-19 1.04034e-19 6.79486e-20 4.43587e-20 2.8945e-20
5.12159e-05 4.97931e-05 5.15078e-05 4.96203e-05 4.55019e-05 4.02206e-05 3.45453e-05 2.89881e-05 2.38584e-05 1.93163e-05 1.54186e-05 1.21556e-05 9.47862e-06 7.31909e-06 5.60196e-06 4.25355e-06 3.20625e-06 2.40073e-06 1.78655e-06 1.32194e-06 9.73005e-07 7.12651e-07 5.19562e-07 3.77156e-07 2.72673e-07 1.96381e-07 1.40925e-07 1.00784e-07 7.18426e-08 5.10548e-08 3.61756e-08 2.55612e-08 1.80131e-08 1.26615e-08 8.8782e-09 6.2108e-09 4.33506e-09 3.0193e-09 2.09854e-09 1.45567e-09 1.00779e-09 6.9643e-10 4.80405e-10 3.30816e-10 2.27427e-10 1.56097e-10 1.06972e-10 7.31965e-11 5.00118e-11 3.41222e-11 2.32489e-11 1.58192e-11 1.07499e-11 7.29579e-12 4.94546e-12 3.34828e-12 2.26428e-12 1.52949e-12 1.03201e-12 6.95585e-13 4.6834e-13 3.15013e-13 2.11671e-13 1.42092e-13 9.52933e-14 6.38486e-14 4.27411e-14 2.8586e-14 1.91021e-14 1.27539e-14 8.50823e-15 5.6713e-15 3.77728e-15 2.51383e-15 1.6717e-15 1.11086e-15 7.37626e-16 4.89442e-16 3.24533e-16 2.15038e-16 1.42389e-16 9.42207e-17 6.23063e-17 4.11754e-17 2.71938e-17 1.79486e-17 1.18393e-17 7.80484e-18 5.14215e-18 3.38589e-18 2.22821e-18 1.46553e-18 9.63371e-19 6.32933e-19 4.15615e-19 2.7277e-19 1.78928e-19 1.17311e-19 7.68744e-20 5.03514e-20 3.29633e-20
3.11462e-05 3.16035e-05 3.34138e-05 3.2777e-05 3.05345e-05 2.73757e-05 2.38202e-05 2.02308e-05 1.68401e-05 1.37806e-05 1.11121e-05 8.84586e-06 6.96215e-06 5.42423e-06 4.1876e-06 3.20625e-06 2.43643e-06 1.83867e-06 1.37876e-06 1.02781e-06 7.6201e-07 5.62074e-07 4.12625e-07 3.01561e-07 2.19468e-07 1.59092e-07 1.14894e-07 8.26823e-08 5.93019e-08 4.23975e-08 3.022e-08 2.14779e-08 1.52226e-08 1.07607e-08 7.58749e-09 5.33707e-09 3.74541e-09 2.62257e-09 1.83242e-09 1.27769e-09 8.89126e-10 6.17546e-10 4.28126e-10 2.96278e-10 2.0468e-10 1.41166e-10 9.7203e-11 6.68268e-11 4.58737e-11 3.14439e-11 2.15224e-11 1.4711e-11 1.00418e-11 6.84555e-12 4.66074e-12 3.1693e-12 2.15252e-12 1.46024e-12 9.89467e-13 6.69723e-13 4.52811e-13 3.05829e-13 2.06344e-13 1.3908e-13 9.36502e-14 6.29992e-14 4.23401e-14 2.84294e-14 1.90719e-14 1.27831e-14 8.56061e-15 5.72805e-15 3.82956e-15 2.55823e-15 1.7076e-15 1.13893e-15 7.59058e-16 5.05509e-16 3.36407e-16 2.23712e-16 1.48664e-16 9.87245e-17 6.5516e-17 4.34491e-17 2.87958e-17 1.90721e-17 1.26239e-17 8.35065e-18 5.52054e-18 3.64739e-18 2.40839e-18 1.58935e-18 1.04825e-18 6.90981e-19 4.55227e-19 2.99747e-19 1.97264e-19 1.29752e-19 8.53013e-20 5.605e-20 3.68109e-20
1.89411e-05 2.00235e-05 2.16253e-05 2.15894e-05 2.04229e-05 1.8564e-05 1.63579e-05 1.40566e-05 1.18299e-05 9.78151e-06 7.96556e-06 6.40098e-06 5.08356e-06 3.99514e-06 3.11024e-06 2.40073e-06 1.83867e-06 1.39818e-06 1.05624e-06 7.93083e-07 5.92134e-07 4.39779e-07 3.2502e-07 2.39101e-07 1.75133e-07 1.27755e-07 9.28354e-08 6.72142e-08 4.84957e-08 3.48752e-08 2.50017e-08 1.787e-08 1.27363e-08 9.0527e-09 6.41773e-09 4.53836e-09 3.20167e-09 2.25349e-09 1.5826e-09 1.10908e-09 7.75648e-10 5.41386e-10 3.77155e-10 2.6226e-10 1.82042e-10 1.26143e-10 8.72625e-11 6.02688e-11 4.15601e-11 2.86155e-11 1.96738e-11 1.35068e-11 9.26001e-12 6.33993e-12 4.33499e-12 2.9603e-12 2.01903e-12 1.37538e-12 9.35819e-13 6.36005e-13 4.31759e-13 2.92784e-13 1.9833e-13 1.34207e-13 9.07239e-14 6.12682e-14 4.13358e-14 2.78614e-14 1.87619e-14 1.26228e-14 8.48492e-15 5.6985e-15 3.82387e-15 2.56379e-15 1.71754e-15 1.14969e-15 7.68981e-16 5.13942e-16 3.43229e-16 2.29051e-16 1.52744e-16 1.01785e-16 6.778e-17 4.51045e-17 2.99946e-17 1.99333e-17 1.32383e-17 8.78628e-18 5.82781e-18 3.8631e-18 2.55919e-18 1.69437e-18 1.12114e-18 7.41412e-19 4.90017e-19 3.23682e-19 2.13691e-19 1.41e-19 9.29863e-20 6.12901e-20 4.03772e-20
1.15188e-05 1.26661e-05 1.39656e-05 1.4183e-05 1.36182e-05 1.25455e-05 1.11911e-05 9.72679e-06 8.27381e-06 6.91053e-06 5.68178e-06 4.60775e-06 3.69166e-06 2.92583e-06 2.2964e-06 1.78655e-06 1.37876e-06 1.05624e-06 8.03692e-07 6.07703e-07 4.56838e-07 3.41566e-07 2.54088e-07 1.88117e-07 1.38653e-07 1.01766e-07 7.43951e-08 5.41817e-08 3.93197e-08 2.84377e-08 2.05011e-08 1.47341e-08 1.05583e-08 7.54479e-09 5.37692e-09 3.8221e-09 2.71018e-09 1.91719e-09 1.35313e-09 9.52935e-10 6.69681e-10 4.69665e-10 3.28741e-10 2.29665e-10 1.60155e-10 1.11484e-10 7.7471e-11 5.37456e-11 3.72259e-11 2.57436e-11 1.7776e-11 1.22562e-11 8.43839e-12 5.80172e-12 3.98352e-12 2.73152e-12 1.87062e-12 1.27945e-12 8.74043e-13 5.96386e-13 4.06462e-13 2.76708e-13 1.88168e-13 1.27821e-13 8.67369e-14 5.87976e-14 3.9818e-14 2.69385e-14 1.82075e-14 1.22948e-14 8.29457e-15 5.59082e-15 3.76509e-15 2.53338e-15 1.70317e-15 1.14409e-15 7.67902e-16 5.15001e-16 3.45121e-16 2.31101e-16 1.54635e-16 1.03393e-16 6.90819e-17 4.6124e-17 3.07742e-17 2.05187e-17 1.36716e-17 9.10341e-18 6.05767e-18 4.02837e-18 2.6772e-18 1.77813e-18 1.18028e-18 7.82966e-19 5.19096e-19 3.43955e-19 2.27776e-19 1.50754e-19 9.97225e-20 6.59296e-20 4.35648e-20
7.00497e-06 8.00014e-06 9.00094e-06 9.29473e-06 9.05513e-06 8.45138e-06 7.62954e-06 6.7052e-06 5.76319e-06 4.8611e-06 4.03423e-06 3.30093e-06 2.66734e-06 2.13146e-06 1.68623e-06 1.32194e-06 1.02781e-06 7.93083e-07 6.07703e-07 4.62656e-07 3.50123e-07 2.63486e-07 1.97254e-07 1.4695e-07 1.08972e-07 8.04595e-08 5.91646e-08 4.33375e-08 3.16279e-08 2.30018e-08 1.66729e-08 1.20472e-08 8.67861e-09 6.2339e-09 4.4655e-09 3.19029e-09 2.27346e-09 1.61616e-09 1.14621e-09 8.11077e-10 5.72686e-10 4.03516e-10 2.83744e-10 1.99134e-10 1.3949e-10 9.75317e-11 6.80742e-11 4.74324e-11 3.29949e-11 2.2915e-11 1.58897e-11 1.10015e-11 7.60586e-12 5.25077e-12 3.61987e-12 2.49215e-12 1.71349e-12 1.17661e-12 8.06937e-13 5.52734e-13 3.78161e-13 2.58424e-13 1.76399e-13 1.20276e-13 8.19206e-14 5.57377e-14 3.78841e-14 2.57233e-14 1.74489e-14 1.18247e-14 8.00574e-15 5.41517e-15 3.65956e-15 2.47094e-15 1.66693e-15 1.12357e-15 7.56701e-16 5.09204e-16 3.42382e-16 2.30032e-16 1.54429e-16 1.03596e-16 6.94433e-17 4.6516e-17 3.1136e-17 2.08265e-17 1.3921e-17 9.29883e-18 6.2072e-18 4.14074e-18 2.76045e-18 1.8391e-18 1.2245e-18 8.14789e-19 5.41838e-19 3.60109e-19 2.39191e-19 1.58784e-19 1.05346e-19 6.98538e-20 4.62936e-20
4.25997e-06 5.04606e-06 5.79038e-06 6.07741e-06 6.00519e-06 5.67653e-06 5.18457e-06 4.60598e-06 3.99923e-06 3.40571e-06 2.85224e-06 2.35416e-06 1.91822e-06 1.54517e-06 1.23189e-06 9.73005e-07 7.6201e-07 5.92134e-07 4.56838e-07 3.50123e-07 2.66688e-07 2.01973e-07 1.52144e-07 1.14033e-07 8.50653e-08 6.31745e-08 4.67202e-08 3.44143e-08 2.52542e-08 1.8466e-08 1.34565e-08 9.77411e-09 7.07743e-09 5.1096e-09 3.67845e-09 2.64097e-09 1.89116e-09 1.35084e-09 9.62575e-10 6.84318e-10 4.85414e-10 3.43582e-10 2.42687e-10 1.71077e-10 1.20363e-10 8.45245e-11 5.92492e-11 4.14589e-11 2.8961e-11 2.01972e-11 1.40628e-11 9.77633e-12 6.78615e-12 4.70361e-12 3.25551e-12 2.2501e-12 1.55308e-12 1.07057e-12 7.37018e-13 5.06753e-13 3.48003e-13 2.387e-13 1.63537e-13 1.11915e-13 7.65024e-14 5.22387e-14 3.56327e-14 2.42804e-14 1.65281e-14 1.12398e-14 7.63614e-15 5.18294e-15 3.51459e-15 2.3811e-15 1.61173e-15 1.09e-15 7.36529e-16 4.97264e-16 3.35449e-16 2.26108e-16 1.52286e-16 1.02486e-16 6.89187e-17 4.6311e-17 3.10965e-17 2.08652e-17 1.39903e-17 9.37404e-18 6.27665e-18 4.19987e-18 2.80837e-18 1.87668e-18 1.25328e-18 8.36429e-19 5.5788e-19 3.71867e-19 2.47726e-19 1.6493e-19 1.09742e-19 7.29787e-20 4.85036e-20
2.59064e-06 3.17869e-06 3.71853e-06 3.96534e-06 3.97276e-06 3.80226e-06 3.51244e-06 3.15358e-06 2.76539e-06 2.3771e-06 2.00857e-06 1.67194e-06 1.37346e-06 1.11504e-06 8.95707e-07 7.12651e-07 5.62074e-07 4.39779e-07 3.41566e-07 2.63486e-07 2.01973e-07 1.53912e-07 1.16643e-07 8.79438e-08 6.5985e-08 4.92835e-08 3.66508e-08 2.71452e-08 2.00272e-08 1.47215e-08 1.07836e-08 7.87276e-09 5.72939e-09 4.15689e-09 3.00722e-09 2.16945e-09 1.56089e-09 1.12016e-09 8.01886e-10 5.72682e-10 4.08055e-10 2.90112e-10 2.0582e-10 1.45719e-10 1.02962e-10 7.26116e-11 5.11123e-11 3.59137e-11 2.51905e-11 1.76391e-11 1.23311e-11 8.60662e-12 5.99777e-12 4.17341e-12 2.89972e-12 2.01187e-12 1.39393e-12 9.64479e-13 6.66458e-13 4.59932e-13 3.17008e-13 2.18231e-13 1.50052e-13 1.03053e-13 7.0695e-14 4.8443e-14 3.3159e-14 2.26731e-14 1.5487e-14 1.05678e-14 7.20387e-15 4.90598e-15 3.33788e-15 2.26887e-15 1.54082e-15 1.04545e-15 7.08718e-16 4.8003e-16 3.2486e-16 2.19666e-16 1.48415e-16 1.00194e-16 6.75879e-17 4.55575e-17 3.06847e-17 2.0652e-17 1.38894e-17 9.33459e-18 6.26902e-18 4.2073e-18 2.8217e-18 1.89115e-18 1.26665e-18 8.47822e-19 5.67121e-19 3.79117e-19 2.53281e-19 1.6911e-19 1.12843e-19 7.52527e-20 5.01555e-20
1.57546e-06 1.99997e-06 2.38414e-06 2.58214e-06 2.62217e-06 2.54027e-06 2.37287e-06 2.15252e-06 1.90591e-06 1.65334e-06 1.4092e-06 1.18279e-06 9.79386e-07 8.01217e-07 6.48379e-07 5.19562e-07 4.12625e-07 3.2502e-07 2.54088e-07 1.97254e-07 1.52144e-07 1.16643e-07 8.8923e-08 6.7433e-08 5.0883e-08 3.82156e-08 2.85751e-08 2.12774e-08 1.57807e-08 1.166e-08 8.58443e-09 6.29858e-09 4.60636e-09 3.3583e-09 2.4411e-09 1.76934e-09 1.27893e-09 9.22011e-10 6.63022e-10 4.75621e-10 3.40389e-10 2.43057e-10 1.73177e-10 1.23129e-10 8.73658e-11 6.18683e-11 4.37286e-11 3.08504e-11 2.17259e-11 1.52736e-11 1.07194e-11 7.51088e-12 5.25436e-12 3.67009e-12 2.55965e-12 1.78259e-12 1.23965e-12 8.60892e-13 5.97049e-13 4.13522e-13 2.86042e-13 1.97613e-13 1.36355e-13 9.39739e-14 6.46899e-14 4.44807e-14 3.05507e-14 2.09604e-14 1.43653e-14 9.83504e-15 6.72659e-15 4.596e-15 3.13719e-15 2.13937e-15 1.45755e-15 9.9211e-16 6.74692e-16 4.58424e-16 3.1121e-16 2.11091e-16 1.43061e-16 9.68769e-17 6.55494e-17 4.43174e-17 2.99394e-17 2.02107e-17 1.36331e-17 9.1894e-18 6.18966e-18 4.16617e-18 2.80224e-18 1.88354e-18 1.26517e-18 8.49251e-19 5.6969e-19 3.8191e-19 2.55864e-19 1.71311e-19 1.14629e-19 7.66553e-20 5.12308e-20
9.58093e-07 1.25694e-06 1.52626e-06 1.67831e-06 1.727e-06 1.69303e-06 1.59875e-06 1.465e-06 1.30949e-06 1.14616e-06 9.85243e-07 8.33685e-07 6.95705e-07 5.73417e-07 4.67394e-07 3.77156e-07 3.01561e-07 2.39101e-07 1.88117e-07 1.4695e-07 1.14033e-07 8.79438e-08 6.7433e-08 5.14268e-08 3.90208e-08 2.94661e-08 2.21505e-08 1.658e-08 1.23601e-08 9.17883e-09 6.79137e-09 5.00737e-09 3.6797e-09 2.69544e-09 1.96844e-09 1.43332e-09 1.04075e-09 7.53666e-10 5.4436e-10 3.92204e-10 2.81899e-10 2.02148e-10 1.44636e-10 1.03263e-10 7.35711e-11 5.23111e-11 3.71221e-11 2.62936e-11 1.85896e-11 1.31196e-11 9.24313e-12 6.50116e-12 4.56516e-12 3.20062e-12 2.24049e-12 1.56604e-12 1.09302e-12 7.61795e-13 5.30209e-13 3.68528e-13 2.55813e-13 1.77344e-13 1.22791e-13 8.49158e-14 5.86529e-14 4.04655e-14 2.78859e-14 1.91955e-14 1.3199e-14 9.06606e-15 6.22076e-15 4.26407e-15 2.91991e-15 1.99752e-15 1.36519e-15 9.32153e-16 6.35887e-16 4.33391e-16 2.95118e-16 2.00785e-16 1.36489e-16 9.27039e-17 6.29132e-17 4.26613e-17 2.89056e-17 1.957e-17 1.32394e-17 8.94988e-18 6.04568e-18 4.08091e-18 2.7527e-18 1.85547e-18 1.24982e-18 8.41295e-19 5.65923e-19 3.80434e-19 2.55576e-19 1.71586e-19 1.15126e-19 7.71957e-20 5.17308e-20
5.82651e-07 7.89128e-07 9.75678e-07 1.08894e-06 1.13512e-06 1.1258e-06 1.07449e-06 9.94373e-07 8.9709e-07 7.92099e-07 6.86579e-07 5.85597e-07 4.92413e-07 4.08842e-07 3.35611e-07 2.72673e-07 2.19468e-07 1.75133e-07 1.38653e-07 1.08972e-07 8.50653e-08 6.5985e-08 5.0883e-08 3.90208e-08 2.97688e-08 2.25994e-08 1.70775e-08 1.28484e-08 9.62659e-09 7.18428e-09 5.34151e-09 3.95725e-09 2.92173e-09 2.15016e-09 1.57742e-09 1.15378e-09 8.41501e-10 6.12054e-10 4.43991e-10 3.21256e-10 2.3188e-10 1.66973e-10 1.1996e-10 8.59941e-11 6.15142e-11 4.39123e-11 3.12845e-11 2.22451e-11 1.57879e-11 1.11847e-11 7.90967e-12 5.58404e-12 3.93565e-12 2.76937e-12 1.94564e-12 1.36484e-12 9.55983e-13 6.68636e-13 4.66998e-13 3.25718e-13 2.26873e-13 1.57818e-13 1.09641e-13 7.60759e-14 5.27218e-14 3.64935e-14 2.5231e-14 1.74244e-14 1.20198e-14 8.28254e-15 5.70119e-15 3.92025e-15 2.69288e-15 1.84793e-15 1.26685e-15 8.67659e-16 5.93694e-16 4.05858e-16 2.77199e-16 1.89157e-16 1.28965e-16 8.78519e-17 5.97949e-17 4.06647e-17 2.76324e-17 1.87618e-17 1.27288e-17 8.62916e-18 5.84548e-18 3.95684e-18 2.67645e-18 1.80908e-18 1.22193e-18 8.24775e-19 5.56321e-19 3.74993e-19 2.526e-19 1.70043e-19 1.14394e-19 7.69088e-20 5.16745e-20
3.54331e-07 4.94942e-07 6.22871e-07 7.05374e-07 7.4467e-07 7.47012e-07 7.20434e-07 6.73205e-07 6.12882e-07 5.45814e-07 4.76975e-07 4.1e-07 3.4734e-07 2.90468e-07 2.40097e-07 1.96381e-07 1.59092e-07 1.27755e-07 1.01766e-07 8.04595e-08 6.31745e-08 4.92835e-08 3.82156e-08 2.94661e-08 2.25994e-08 1.72464e-08 1.30992e-08 9.90492e-09 7.45787e-09 5.5928e-09 4.17811e-09 3.10988e-09 2.30672e-09 1.7053e-09 1.25667e-09 9.23237e-10 6.76292e-10 4.94007e-10 3.59879e-10 2.61487e-10 1.8952e-10 1.37028e-10 9.88436e-11 7.11394e-11 5.10889e-11 3.66123e-11 2.61844e-11 1.86896e-11 1.33145e-11 9.46772e-12 6.7202e-12 4.76167e-12 3.3682e-12 2.37859e-12 1.67704e-12 1.18056e-12 8.29795e-13 5.82385e-13 4.08152e-13 2.85642e-13 1.9963e-13 1.39331e-13 9.71183e-14 6.76083e-14 4.70065e-14 3.26427e-14 2.2641e-14 1.56856e-14 1.08545e-14 7.50304e-15 5.18072e-15 3.57337e-15 2.46214e-15 1.69474e-15 1.16535e-15 8.0054e-16 5.49403e-16 3.76694e-16 2.58037e-16 1.76597e-16 1.20752e-16 8.24945e-17 5.63096e-17 3.84037e-17 2.617e-17 1.78189e-17 1.2123e-17 8.24132e-18 5.5982e-18 3.79988e-18 2.5773e-18 1.7468e-18 1.18306e-18 8.00682e-19 5.41514e-19 3.65983e-19 2.47182e-19 1.66833e-19 1.12529e-19 7.58513e-20 5.10959e-20
2.15481e-07 3.10142e-07 3.97135e-07 4.56203e-07 4.87641e-07 4.94665e-07 4.81968e-07 4.54668e-07 4.17628e-07 3.75068e-07 3.30394e-07 2.86178e-07 2.44222e-07 2.05677e-07 1.71168e-07 1.40925e-07 1.14894e-07 9.28354e-08 7.43951e-08 5.91646e-08 4.67202e-08 3.66508e-08 2.85751e-08 2.21505e-08 1.70775e-08 1.30992e-08 9.99935e-09 7.59828e-09 5.74882e-09 4.33169e-09 3.25115e-09 2.43108e-09 1.8114e-09 1.3451e-09 9.95595e-10 7.34609e-10 5.4042e-10 3.96423e-10 2.89993e-10 2.11574e-10 1.53966e-10 1.11768e-10 8.09418e-11 5.84832e-11 4.21622e-11 3.03307e-11 2.1774e-11 1.55997e-11 1.11545e-11 7.9608e-12 5.67108e-12 4.03274e-12 2.86273e-12 2.02875e-12 1.43537e-12 1.01393e-12 7.15114e-13 5.03601e-13 3.54125e-13 2.48658e-13 1.74357e-13 1.22091e-13 8.53783e-14 5.96273e-14 4.15901e-14 2.8973e-14 2.01591e-14 1.40098e-14 9.72492e-15 6.74291e-15 4.67009e-15 3.23094e-15 2.2329e-15 1.54155e-15 1.06316e-15 7.32494e-16 5.04176e-16 3.4669e-16 2.38171e-16 1.63469e-16 1.12094e-16 7.6797e-17 5.25682e-17 3.59524e-17 2.45677e-17 1.67742e-17 1.14436e-17 7.8007e-18 5.31328e-18 3.61622e-18 2.45932e-18 1.67128e-18 1.13492e-18 7.70126e-19 5.22216e-19 3.53861e-19 2.39615e-19 1.62144e-19 1.09646e-19 7.40971e-20 5.0041e-20
1.31042e-07 1.94173e-07 2.52905e-07 2.94617e-07 3.18782e-07 3.26935e-07 3.21754e-07 3.0637e-07 2.8388e-07 2.57063e-07 2.28228e-07 1.99171e-07 1.71196e-07 1.45176e-07 1.21626e-07 1.00784e-07 8.26823e-08 6.72142e-08 5.41817e-08 4.33375e-08 3.44143e-08 2.71452e-08 2.12774e-08 1.658e-08 1.28484e-08 9.90492e-09 7.59828e-09 5.80173e-09 4.41044e-09 3.33877e-09 2.51744e-09 1.89095e-09 1.41523e-09 1.05552e-09 7.84633e-10 5.81414e-10 4.29517e-10 3.16376e-10 2.32382e-10 1.70226e-10 1.2437e-10 9.06384e-11 6.58952e-11 4.77945e-11 3.45873e-11 2.49749e-11 1.79957e-11 1.29402e-11 9.2864e-12 6.65143e-12 4.75519e-12 3.39336e-12 2.41727e-12 1.71898e-12 1.22037e-12 8.64981e-13 6.12114e-13 4.32502e-13 3.05134e-13 2.1496e-13 1.51217e-13 1.06229e-13 7.45228e-14 5.22108e-14 3.65315e-14 2.55284e-14 1.78173e-14 1.24203e-14 8.64785e-15 6.01423e-15 4.17791e-15 2.89905e-15 2.00946e-15 1.39136e-15 9.62378e-16 6.64978e-16 4.59022e-16 3.16542e-16 2.18078e-16 1.50099e-16 1.03215e-16 7.09105e-17 4.86732e-17 3.338e-17 2.28722e-17 1.56589e-17 1.07116e-17 7.32131e-18 5.00006e-18 3.41206e-18 2.32659e-18 1.58523e-18 1.07928e-18 7.34274e-19 4.99188e-19 3.39124e-19 2.30221e-19 1.56182e-19 1.05881e-19 7.17322e-20 4.85647e-20
7.96911e-08 1.21467e-07 1.60872e-07 1.89998e-07 2.08057e-07 2.15685e-07 2.14368e-07 2.05994e-07 1.92517e-07 1.75749e-07 1.57241e-07 1.38235e-07 1.1966e-07 1.02164e-07 8.61529e-08 7.18426e-08 5.93019e-08 4.84957e-08 3.93197e-08 3.16279e-08 2.52542e-08 2.00272e-08 1.57807e-08 1.23601e-08 9.62659e-09 7.45787e-09 5.74882e-09 4.41044e-09 3.36847e-09 2.56169e-09 1.94024e-09 1.46387e-09 1.10038e-09 8.24234e-10 6.15303e-10 4.57848e-10 3.39628e-10 2.51182e-10 1.85238e-10 1.36229e-10 9.99208e-11 7.31017e-11 5.33488e-11 3.88404e-11 2.82124e-11 2.04468e-11 1.47867e-11 1.06711e-11 7.68536e-12 5.52413e-12 3.96309e-12 2.8379e-12 2.02852e-12 1.44743e-12 1.03105e-12 7.33226e-13 5.2059e-13 3.69038e-13 2.61205e-13 1.84604e-13 1.30278e-13 9.18081e-14 6.46085e-14 4.54056e-14 3.1868e-14 2.23377e-14 1.56378e-14 1.09338e-14 7.63567e-15 5.32607e-15 3.71078e-15 2.58244e-15 1.79521e-15 1.2466e-15 8.6472e-16 5.992e-16 4.14786e-16 2.8684e-16 1.98166e-16 1.36772e-16 9.43097e-17 6.49697e-17 4.47166e-17 3.07495e-17 2.11263e-17 1.45022e-17 9.94664e-18 6.81641e-18 4.66743e-18 3.19338e-18 2.18312e-18 1.4913e-18 1.01794e-18 6.94302e-19 4.73208e-19 3.22284e-19 2.19338e-19 1.49169e-19 1.01378e-19 6.88504e-20 4.6728e-20
4.8463e-08 7.59263e-08 1.0222e-07 1.22367e-07 1.35582e-07 1.42045e-07 1.42551e-07 1.38218e-07 1.30269e-07 1.19873e-07 1.08064e-07 9.56914e-08 8.34092e-08 7.16896e-08 6.08447e-08 5.10548e-08 4.23975e-08 3.48752e-08 2.84377e-08 2.30018e-08 1.8466e-08 1.47215e-08 1.166e-08 9.17883e-09 7.18428e-09 5.5928e-09 4.33169e-09 3.33877e-09 2.56169e-09 1.95693e-09 1.48877e-09 1.12815e-09 8.5167e-10 6.40639e-10 4.80241e-10 3.58817e-10 2.67247e-10 1.98441e-10 1.4692e-10 1.0847e-10 7.98664e-11 5.8652e-11 4.29642e-11 3.1396e-11 2.28886e-11 1.66486e-11 1.20831e-11 8.75091e-12 6.32455e-12 4.56179e-12 3.28395e-12 2.35959e-12 1.69231e-12 1.21156e-12 8.65886e-13 6.1779e-13 4.40055e-13 3.12952e-13 2.22214e-13 1.57544e-13 1.1153e-13 7.88407e-14 5.5654e-14 3.92322e-14 2.76188e-14 1.94175e-14 1.3634e-14 9.56112e-15 6.69666e-15 4.68474e-15 3.27341e-15 2.28462e-15 1.59271e-15 1.10912e-15 7.71526e-16 5.36118e-16 3.7215e-16 2.58066e-16 1.78776e-16 1.23726e-16 8.55447e-17 5.909e-17 4.07785e-17 2.81159e-17 1.93679e-17 1.33301e-17 9.16654e-18 6.29809e-18 4.32364e-18 2.96574e-18 2.03266e-18 1.39204e-18 9.52576e-19 6.51348e-19 4.45038e-19 3.0385e-19 2.07301e-19 1.41329e-19 9.62832e-20 6.55491e-20 4.45947e-20
2.94721e-08 4.74249e-08 6.48853e-08 7.87106e-08 8.8224e-08 9.33935e-08 9.46217e-08 9.25599e-08 8.7962e-08 8.15787e-08 7.40916e-08 6.60763e-08 5.7989e-08 5.01689e-08 4.28496e-08 3.61756e-08 3.022e-08 2.50017e-08 2.05011e-08 1.66729e-08 1.34565e-08 1.07836e-08 8.58443e-09 6.79137e-09 5.34151e-09 4.17811e-09 3.25115e-09 2.51744e-09 1.94024e-09 1.48877e-09 1.13755e-09 8.65709e-10 6.56308e-10 4.95739e-10 3.73145e-10 2.79926e-10 2.0932e-10 1.56039e-10 1.15976e-10 8.5952e-11 6.35256e-11 4.6826e-11 3.4428e-11 2.52499e-11 1.84743e-11 1.34857e-11 9.82206e-12 7.13822e-12 5.17682e-12 3.74671e-12 2.70631e-12 1.95105e-12 1.40394e-12 1.00842e-12 7.23046e-13 5.1754e-13 3.69824e-13 2.63839e-13 1.87928e-13 1.33651e-13 9.49071e-14 6.72952e-14 4.76481e-14 3.36897e-14 2.37877e-14 1.67736e-14 1.18122e-14 8.30769e-15 5.8356e-15 4.09409e-15 2.86886e-15 2.00794e-15 1.40376e-15 9.80271e-16 6.83785e-16 4.76457e-16 3.3164e-16 2.30599e-16 1.60179e-16 1.11153e-16 7.70563e-17 5.33675e-17 3.69262e-17 2.55263e-17 1.76298e-17 1.21651e-17 8.38688e-18 5.77711e-18 3.97604e-18 2.73418e-18 1.87865e-18 1.28978e-18 8.84784e-19 6.06484e-19 4.15401e-19 2.84306e-19 1.94437e-19 1.32878e-19 9.07433e-20 6.19249e-20 4.22291e-20
1.7923e-08 2.96018e-08 4.11465e-08 5.05684e-08 5.73277e-08 6.13093e-08 6.26992e-08 6.18682e-08 5.92758e-08 5.53992e-08 5.06844e-08 4.55183e-08 4.02158e-08 3.50176e-08 3.00954e-08 2.55612e-08 2.14779e-08 1.787e-08 1.47341e-08 1.20472e-08 9.77411e-09 7.87276e-09 6.29858e-09 5.00737e-09 3.95725e-09 3.10988e-09 2.43108e-09 1.89095e-09 1.46387e-09 1.12815e-09 8.65709e-10 6.61611e-10 5.03664e-10 3.81999e-10 2.88692e-10 2.17433e-10 1.63227e-10 1.2215e-10 9.11341e-11 6.7796e-11 5.02933e-11 3.72085e-11 2.74562e-11 2.0209e-11 1.48386e-11 1.08697e-11 7.94425e-12 5.79333e-12 4.21575e-12 3.0614e-12 2.21865e-12 1.60476e-12 1.15852e-12 8.3483e-13 6.00497e-13 4.31186e-13 3.09085e-13 2.21194e-13 1.58039e-13 1.12739e-13 8.03001e-14 5.71093e-14 4.05567e-14 2.87606e-14 2.03671e-14 1.44034e-14 1.01724e-14 7.17495e-15 5.05428e-15 3.55597e-15 2.49877e-15 1.75379e-15 1.22947e-15 8.60921e-16 6.02171e-16 4.20726e-16 2.93636e-16 2.0472e-16 1.42581e-16 9.92016e-17 6.89514e-17 4.78786e-17 3.32141e-17 2.30193e-17 1.59389e-17 1.10263e-17 7.62098e-18 5.26271e-18 3.63105e-18 2.50314e-18 1.72415e-18 1.18661e-18 8.15995e-19 5.60689e-19 3.84961e-19 2.64104e-19 1.81052e-19 1.24025e-19 8.48971e-20 5.80714e-20 3.96937e-20
1.08996e-08 1.84647e-08 2.60685e-08 3.2451e-08 3.72017e-08 4.0187e-08 4.1478e-08 4.12795e-08 3.98682e-08 3.75443e-08 3.45973e-08 3.12854e-08 2.78238e-08 2.43816e-08 2.10831e-08 1.80131e-08 1.52226e-08 1.27363e-08 1.05583e-08 8.67861e-09 7.07743e-09 5.72939e-09 4.60636e-09 3.6797e-09 2.92173e-09 2.30672e-09 1.8114e-09 1.41523e-09 1.10038e-09 8.5167e-10 6.56308e-10 5.03664e-10 3.84994e-10 2.93172e-10 2.22442e-10 1.68192e-10 1.26749e-10 9.52133e-11 7.13041e-11 5.3241e-11 3.96406e-11 2.94335e-11 2.17967e-11 1.61001e-11 1.18629e-11 8.71992e-12 6.39482e-12 4.67918e-12 3.41638e-12 2.48912e-12 1.80983e-12 1.3133e-12 9.51157e-13 6.87583e-13 4.9614e-13 3.57365e-13 2.56962e-13 1.84456e-13 1.32192e-13 9.45844e-14 6.75706e-14 4.81985e-14 3.43293e-14 2.44154e-14 1.734e-14 1.22979e-14 8.71015e-15 6.16091e-15 4.35212e-15 3.07049e-15 2.16359e-15 1.5227e-15 1.07038e-15 7.51548e-16 5.27082e-16 3.69245e-16 2.58389e-16 1.80621e-16 1.26125e-16 8.79806e-17 6.13099e-17 4.26817e-17 2.96844e-17 2.06251e-17 1.43171e-17 9.92914e-18 6.87973e-18 4.76259e-18 3.29406e-18 2.27638e-18 1.57177e-18 1.08435e-18 7.47467e-19 5.14828e-19 3.54313e-19 2.43653e-19 1.67425e-19 1.14958e-19 7.88735e-20 5.40759e-20 3.70477e-20
