0.731178 0.034214 0.0221706 0.0143665 0.00930948 0.00603253 0.00390907 0.00253307 0.00164143 0.00106364 0.000689238 0.000446625 0.000289412 0.000187539 0.000121525 7.87479e-05 5.10285e-05 3.30664e-05 2.1427e-05 1.38846e-05 8.99722e-06 5.83019e-06 3.77795e-06 2.44811e-06 1.58637e-06 1.02796e-06 6.6612e-07 4.31644e-07 2.79705e-07 1.81248e-07 1.17449e-07 7.61065e-08 4.93169e-08 3.19573e-08 2.07083e-08 1.34189e-08 8.69544e-09 5.63463e-09 3.65123e-09 2.36599e-09 1.53316e-09 9.93485e-10 6.43777e-10 4.17166e-10 2.70323e-10 1.75169e-10 1.13509e-10 7.35538e-11 4.76628e-11 3.08854e-11 2.00137e-11 1.29688e-11 8.40379e-12 5.44564e-12 3.52877e-12 2.28664e-12 1.48174e-12 9.60163e-13 6.22184e-13 4.03174e-13 2.61256e-13 1.69294e-13 1.09702e-13 7.10867e-14 4.60641e-14 2.98495e-14 1.93424e-14 1.25338e-14 8.12191e-15 5.26299e-15 3.41041e-15 2.20994e-15 1.43204e-15 9.27957e-16 6.01315e-16 3.89651e-16 2.52493e-16 1.63615e-16 1.06022e-16 6.87024e-17 4.4519e-17 2.88483e-17 1.86936e-17 1.21134e-17 7.84949e-18 5.08646e-18 3.29602e-18 2.13581e-18 1.384e-18 8.96832e-19 5.81146e-19 3.76582e-19 2.44024e-19 1.58127e-19 1.02466e-19 6.6398e-20 4.30258e-20 2.78806e-20 1.80666e-20 1.17071e-20 7.58621e-21
0.034214 0.00698613 0.00481153 0.00330224 0.00225932 0.00154145 0.00104903 0.000712277 0.00048262 0.000326387 0.000220344 0.000148514 9.99512e-05 6.7175e-05 4.50889e-05 3.02282e-05 2.02427e-05 1.35416e-05 9.04991e-06 6.04252e-06 4.03101e-06 2.68691e-06 1.7896e-06 1.19108e-06 7.92174e-07 5.2652e-07 3.49733e-07 2.32166e-07 1.54033e-07 1.02139e-07 6.76932e-08 4.48418e-08 2.96903e-08 1.96494e-08 1.29986e-08 8.59526e-09 5.68131e-09 3.75379e-09 2.47931e-09 1.63695e-09 1.08042e-09 7.1286e-10 4.70194e-10 3.10039e-10 2.04374e-10 1.34682e-10 8.87305e-11 5.84412e-11 3.84815e-11 2.53323e-11 1.66721e-11 1.097e-11 7.21637e-12 4.74608e-12 3.12074e-12 2.05158e-12 1.34844e-12 8.86107e-13 5.82181e-13 3.82427e-13 2.51165e-13 1.64927e-13 1.0828e-13 7.10778e-14 4.66495e-14 3.06118e-14 2.00847e-14 1.31757e-14 8.64206e-15 5.66758e-15 3.71635e-15 2.43655e-15 1.59726e-15 1.04693e-15 6.86127e-16 4.4961e-16 2.94587e-16 1.92992e-16 1.26419e-16 8.28009e-17 5.42262e-17 3.55087e-17 2.32495e-17 1.52211e-17 9.96399e-18 6.52193e-18 4.2685e-18 2.79339e-18 1.82787e-18 1.19597e-18 7.82444e-19 5.11856e-19 3.34813e-19 2.18988e-19 1.43219e-19 9.36577e-20 6.12422e-20 4.00427e-20 2.61794e-20 1.71145e-20 1.11875e-20
0.0221706 0.00481153 0.00336034 0.00233698 0.00161924 0.00111822 0.000769933 0.000528705 0.000362174 0.000247547 0.000168856 0.000114965 7.81391e-05 5.30248e-05 3.59293e-05 2.4312e-05 1.64299e-05 1.10898e-05 7.47701e-06 5.03582e-06 3.38827e-06 2.2776e-06 1.52965e-06 1.02645e-06 6.88236e-07 4.61112e-07 3.08718e-07 2.06547e-07 1.38099e-07 9.22761e-08 6.16209e-08 4.11261e-08 2.74327e-08 1.8289e-08 1.21869e-08 8.11677e-09 5.40345e-09 3.59553e-09 2.39148e-09 1.58997e-09 1.05666e-09 7.01961e-10 4.66152e-10 3.09445e-10 2.05346e-10 1.3622e-10 9.03346e-11 5.98863e-11 3.96886e-11 2.6295e-11 1.74162e-11 1.15322e-11 7.63396e-12 5.05209e-12 3.34256e-12 2.21094e-12 1.46207e-12 9.66619e-13 6.38911e-13 4.22208e-13 2.78943e-13 1.84251e-13 1.21678e-13 8.0339e-14 5.30337e-14 3.50019e-14 2.30966e-14 1.52378e-14 1.00512e-14 6.62881e-15 4.37095e-15 2.88165e-15 1.89948e-15 1.25186e-15 8.2491e-16 5.43487e-16 3.58017e-16 2.35805e-16 1.55288e-16 1.02249e-16 6.7316e-17 4.43115e-17 2.91646e-17 1.91927e-17 1.26287e-17 8.30853e-18 5.46556e-18 3.59493e-18 2.36425e-18 1.55469e-18 1.02222e-18 6.72033e-19 4.41762e-19 2.90361e-19 1.90827e-19 1.25398e-19 8.23947e-20 5.41328e-20 3.55612e-20 2.33587e-20 1.53418e-20
0.0143665 0.00330224 0.00233698 0.00164565 0.00115378 0.000805796 0.000560826 0.00038912 0.00026923 0.000185805 0.000127933 8.78989e-05 6.02744e-05 4.12567e-05 2.81921e-05 1.92346e-05 1.31041e-05 8.91532e-06 6.05778e-06 4.1112e-06 2.78698e-06 1.88728e-06 1.27673e-06 8.62877e-07 5.82646e-07 3.93086e-07 2.64981e-07 1.78485e-07 1.20134e-07 8.0802e-08 5.43103e-08 3.64803e-08 2.44886e-08 1.64289e-08 1.10155e-08 7.38173e-09 4.94403e-09 3.30964e-09 2.21445e-09 1.48096e-09 9.89963e-10 6.61458e-10 4.41772e-10 2.94926e-10 1.96813e-10 1.31287e-10 8.75442e-11 5.83543e-11 3.88833e-11 2.59002e-11 1.72463e-11 1.14802e-11 7.63943e-12 5.08205e-12 3.37977e-12 2.24702e-12 1.49349e-12 9.92381e-13 6.59228e-13 4.37802e-13 2.90675e-13 1.92942e-13 1.28039e-13 8.49473e-14 5.63451e-14 3.73648e-14 2.47726e-14 1.64205e-14 1.08819e-14 7.20999e-15 4.77611e-15 3.1632e-15 2.09456e-15 1.38667e-15 9.17856e-16 6.07427e-16 4.01915e-16 2.65887e-16 1.75866e-16 1.16304e-16 7.69013e-17 5.08394e-17 3.36044e-17 2.22087e-17 1.46752e-17 9.6956e-18 6.40474e-18 4.23023e-18 2.79359e-18 1.84458e-18 1.21779e-18 8.03875e-19 5.30572e-19 3.5014e-19 2.31037e-19 1.52428e-19 1.00553e-19 6.63234e-20 4.37408e-20 2.88439e-20 1.90181e-20
0.00930948 0.00225932 0.00161924 0.00115378 0.000817965 0.000577316 0.00040586 0.000284318 0.000198542 0.000138245 9.60083e-05 6.65161e-05 4.59821e-05 3.17226e-05 2.18439e-05 1.50153e-05 1.03046e-05 7.06106e-06 4.83157e-06 3.3016e-06 2.25328e-06 1.53599e-06 1.04586e-06 7.11377e-07 4.83377e-07 3.28138e-07 2.22551e-07 1.50809e-07 1.02109e-07 6.90802e-08 4.66999e-08 3.15473e-08 2.12964e-08 1.43668e-08 9.68578e-09 6.5259e-09 4.39428e-09 2.95723e-09 1.98904e-09 1.33712e-09 8.98404e-10 6.03334e-10 4.0498e-10 2.71711e-10 1.82215e-10 1.22144e-10 8.18415e-11 5.48147e-11 3.66984e-11 2.45599e-11 1.64302e-11 1.09876e-11 7.34519e-12 4.90855e-12 3.27912e-12 2.18987e-12 1.46197e-12 9.75714e-13 6.5099e-13 4.34207e-13 2.89529e-13 1.93003e-13 1.28622e-13 8.56938e-14 5.70779e-14 3.80079e-14 2.53028e-14 1.68406e-14 1.12057e-14 7.4545e-15 4.95788e-15 3.29667e-15 2.19158e-15 1.45661e-15 9.67916e-16 6.43043e-16 4.27123e-16 2.83647e-16 1.88329e-16 1.25017e-16 8.29739e-17 5.50593e-17 3.65292e-17 2.4231e-17 1.60703e-17 1.06562e-17 7.06488e-18 4.68311e-18 3.10379e-18 2.05674e-18 1.36269e-18 9.02702e-19 5.97896e-19 3.9595e-19 2.62174e-19 1.7357e-19 1.14894e-19 7.60424e-20 5.03215e-20 3.3296e-20 2.20277e-20
0.00603253 0.00154145 0.00111822 0.000805796 0.000577316 0.000411537 0.000292057 0.000206444 0.000145409 0.00010209 7.14678e-05 4.98977e-05 3.47529e-05 2.41504e-05 1.67477e-05 1.15918e-05 8.00872e-06 5.52395e-06 3.80413e-06 2.6159e-06 1.79633e-06 1.23192e-06 8.43808e-07 5.77295e-07 3.94521e-07 2.69331e-07 1.83682e-07 1.2515e-07 8.51927e-08 5.79422e-08 3.93755e-08 2.67369e-08 1.81411e-08 1.22997e-08 8.3334e-09 5.64228e-09 3.8177e-09 2.58153e-09 1.74457e-09 1.17826e-09 7.9534e-10 5.36568e-10 3.61798e-10 2.43829e-10 1.64243e-10 1.10581e-10 7.4417e-11 5.00571e-11 3.36565e-11 2.26196e-11 1.51957e-11 1.02043e-11 6.8497e-12 4.59616e-12 3.08287e-12 2.06709e-12 1.38551e-12 9.28341e-13 6.21814e-13 4.16362e-13 2.78703e-13 1.86499e-13 1.2476e-13 8.34349e-14 5.57817e-14 3.72831e-14 2.49121e-14 1.66414e-14 1.11135e-14 7.41993e-15 4.95264e-15 3.30494e-15 2.20488e-15 1.47062e-15 9.80645e-16 6.53766e-16 4.35747e-16 2.90368e-16 1.9345e-16 1.28853e-16 8.58081e-17 5.7131e-17 3.803e-17 2.53101e-17 1.68413e-17 1.1204e-17 7.4523e-18 4.95592e-18 3.29518e-18 2.19056e-18 1.45597e-18 9.67554e-19 6.4287e-19 4.27068e-19 2.8366e-19 1.88377e-19 1.2508e-19 8.30386e-20 5.51192e-20 3.65813e-20 2.42744e-20
0.00390907 0.00104903 0.000769933 0.000560826 0.00040586 0.000292057 0.000209122 0.00014908 0.000105859 7.49023e-05 5.28288e-05 3.71515e-05 2.60567e-05 1.82303e-05 1.27258e-05 8.86459e-06 6.16288e-06 4.27677e-06 2.96283e-06 2.04928e-06 1.41528e-06 9.7604e-07 6.72218e-07 4.62383e-07 3.17666e-07 2.17994e-07 1.49432e-07 1.02328e-07 7.00033e-08 4.78444e-08 3.26701e-08 2.22892e-08 1.51943e-08 1.03495e-08 7.04407e-09 4.79082e-09 3.25603e-09 2.21142e-09 1.50095e-09 1.01809e-09 6.90142e-10 4.67555e-10 3.16576e-10 2.1423e-10 1.44894e-10 9.79473e-11 6.61781e-11 4.46913e-11 3.01664e-11 2.03527e-11 1.37254e-11 9.25207e-12 6.23399e-12 4.19868e-12 2.82672e-12 1.90231e-12 1.27972e-12 8.60564e-13 5.78487e-13 3.8873e-13 2.61127e-13 1.75351e-13 1.17711e-13 7.89928e-14 5.29931e-14 3.55398e-14 2.38276e-14 1.59703e-14 1.07009e-14 7.16814e-15 4.80031e-15 3.21375e-15 2.151e-15 1.4393e-15 9.62837e-16 6.43937e-16 4.30553e-16 2.87809e-16 1.92343e-16 1.28513e-16 8.58459e-17 5.73314e-17 3.82798e-17 2.55535e-17 1.70545e-17 1.13798e-17 7.59178e-18 5.06363e-18 3.37671e-18 2.25133e-18 1.50072e-18 1.00018e-18 6.66464e-19 4.44011e-19 2.95755e-19 1.96966e-19 1.31152e-19 8.7314e-20 5.8119e-20 3.86793e-20 2.57376e-20
0.00253307 0.000712277 0.000528705 0.00038912 0.000284318 0.000206444 0.00014908 0.000107135 7.66606e-05 5.46426e-05 3.88125e-05 2.7481e-05 1.94013e-05 1.36607e-05 9.59502e-06 6.72406e-06 4.70218e-06 3.28179e-06 2.28625e-06 1.58996e-06 1.10393e-06 7.6531e-07 5.29792e-07 3.66252e-07 2.52868e-07 1.74371e-07 1.20101e-07 8.26295e-08 5.67889e-08 3.89898e-08 2.67435e-08 1.83266e-08 1.25475e-08 8.58346e-09 5.86692e-09 4.00696e-09 2.73457e-09 1.86486e-09 1.27085e-09 8.65459e-10 5.88996e-10 4.00591e-10 2.72284e-10 1.84962e-10 1.25572e-10 8.5204e-11 5.77817e-11 3.91643e-11 2.65319e-11 1.79651e-11 1.21585e-11 8.22484e-12 5.56128e-12 3.75862e-12 2.53917e-12 1.71464e-12 1.15737e-12 7.80906e-13 5.26688e-13 3.55093e-13 2.39314e-13 1.61226e-13 1.08579e-13 7.30979e-14 4.91944e-14 3.30965e-14 2.2259e-14 1.49655e-14 1.00586e-14 6.75856e-15 4.53982e-15 3.04857e-15 2.04657e-15 1.37352e-15 9.21561e-16 6.1815e-16 4.14523e-16 2.779e-16 1.86259e-16 1.24806e-16 8.3608e-17 5.59956e-17 3.74935e-17 2.50989e-17 1.67979e-17 1.12397e-17 7.51901e-18 5.02886e-18 3.36268e-18 2.24806e-18 1.50259e-18 1.00412e-18 6.70874e-19 4.48136e-19 2.99292e-19 1.99846e-19 1.33418e-19 8.90535e-20 5.94303e-20 3.96539e-20 2.64537e-20
0.00164143 0.00048262 0.000362174 0.00026923 0.000198542 0.000145409 0.000105859 7.66606e-05 5.52566e-05 3.96621e-05 2.83613e-05 2.0211e-05 1.4358e-05 1.01707e-05 7.18564e-06 5.06428e-06 3.56112e-06 2.49885e-06 1.75e-06 1.2233e-06 8.53639e-07 5.94713e-07 4.13686e-07 2.87344e-07 1.99312e-07 1.38069e-07 9.55253e-08 6.60122e-08 4.55658e-08 3.14184e-08 2.16412e-08 1.48918e-08 1.02377e-08 7.03168e-09 4.82545e-09 3.30865e-09 2.26679e-09 1.55179e-09 1.06152e-09 7.25613e-10 4.95654e-10 3.38343e-10 2.30808e-10 1.5735e-10 1.07205e-10 7.29972e-11 4.96758e-11 3.37861e-11 2.29665e-11 1.56035e-11 1.05956e-11 7.1913e-12 4.87843e-12 3.30785e-12 2.24187e-12 1.51872e-12 1.02838e-12 6.96059e-13 4.70928e-13 3.18483e-13 2.153e-13 1.4549e-13 9.82781e-14 6.63618e-14 4.47942e-14 3.02253e-14 2.03877e-14 1.37473e-14 9.26664e-15 6.24432e-15 4.20638e-15 2.83267e-15 1.90699e-15 1.28343e-15 8.63507e-16 5.80811e-16 3.90552e-16 2.62544e-16 1.76444e-16 1.18548e-16 7.96285e-17 5.34723e-17 3.58987e-17 2.40946e-17 1.61679e-17 1.08463e-17 7.2746e-18 4.87791e-18 3.27008e-18 2.19172e-18 1.46864e-18 9.83894e-19 6.59006e-19 4.41305e-19 2.95459e-19 1.97772e-19 1.32357e-19 8.85607e-20 5.92448e-20 3.96256e-20 2.64983e-20
0.00106364 0.000326387 0.000247547 0.000185805 0.000138245 0.00010209 7.49023e-05 5.46426e-05 3.96621e-05 2.86591e-05 2.06248e-05 1.47884e-05 1.05682e-05 7.52929e-06 5.34912e-06 3.79037e-06 2.67937e-06 1.88977e-06 1.33007e-06 9.34305e-07 6.55093e-07 4.58527e-07 3.20417e-07 2.23561e-07 1.55754e-07 1.08363e-07 7.5292e-08 5.22481e-08 3.62136e-08 2.50712e-08 1.73381e-08 1.19778e-08 8.26631e-09 5.6994e-09 3.92594e-09 2.70192e-09 1.85792e-09 1.27651e-09 8.76342e-10 6.0116e-10 4.12081e-10 2.8227e-10 1.93216e-10 1.32169e-10 9.03513e-11 6.17254e-11 4.21431e-11 2.87562e-11 1.96104e-11 1.33658e-11 9.10476e-12 6.19884e-12 4.21822e-12 2.86898e-12 1.95036e-12 1.32524e-12 9.0006e-13 6.11014e-13 4.14609e-13 2.81215e-13 1.90658e-13 1.29209e-13 8.75296e-14 5.92716e-14 4.01209e-14 2.71476e-14 1.83625e-14 1.24158e-14 8.39199e-15 5.67028e-15 3.82999e-15 2.58611e-15 1.74564e-15 1.17794e-15 7.94612e-16 5.35864e-16 3.61263e-16 2.43481e-16 1.64051e-16 1.10502e-16 7.44114e-17 5.00945e-17 3.3715e-17 2.26852e-17 1.52597e-17 1.02622e-17 6.89962e-18 4.6377e-18 3.11655e-18 2.09383e-18 1.40639e-18 9.44433e-19 6.34069e-19 4.25603e-19 2.85612e-19 1.91626e-19 1.2854e-19 8.62047e-20 5.78007e-20 3.87478e-20 2.597e-20
0.000689238 0.000220344 0.000168856 0.000127933 9.60083e-05 7.14678e-05 5.28288e-05 3.88125e-05 2.83613e-05 2.06248e-05 1.4934e-05 1.07712e-05 7.74123e-06 5.54553e-06 3.96077e-06 2.8211e-06 2.00423e-06 1.42052e-06 1.00457e-06 7.08953e-07 4.99353e-07 3.51077e-07 2.46405e-07 1.72658e-07 1.20796e-07 8.43885e-08 5.8872e-08 4.10165e-08 2.85404e-08 1.98352e-08 1.37693e-08 9.54794e-09 6.61373e-09 4.57659e-09 3.16384e-09 2.18514e-09 1.50783e-09 1.03955e-09 7.16103e-10 4.92894e-10 3.38994e-10 2.32971e-10 1.5999e-10 1.09794e-10 7.52948e-11 5.16016e-11 3.53411e-11 2.41895e-11 1.65466e-11 1.13118e-11 7.72874e-12 5.27766e-12 3.60196e-12 2.457e-12 1.67513e-12 1.14149e-12 7.77475e-13 5.29287e-13 3.60158e-13 2.44962e-13 1.66537e-13 1.13171e-13 7.68729e-14 5.21954e-14 3.54255e-14 2.40341e-14 1.62993e-14 1.10496e-14 7.48797e-15 5.0725e-15 3.43499e-15 2.32529e-15 1.57355e-15 1.06448e-15 7.19867e-16 4.86661e-16 3.289e-16 2.22211e-16 1.50084e-16 1.01338e-16 6.84044e-17 4.61604e-17 3.1141e-17 2.10026e-17 1.41611e-17 9.54555e-18 6.43267e-18 4.33379e-18 2.919e-18 1.96558e-18 1.32324e-18 8.90598e-19 5.99267e-19 4.0314e-19 2.71138e-19 1.82316e-19 1.22564e-19 8.23766e-20 5.5354e-20 3.71879e-20 2.49782e-20
0.000446625 0.000148514 0.000114965 8.78989e-05 6.65161e-05 4.98977e-05 3.71515e-05 2.7481e-05 2.0211e-05 1.47884e-05 1.07712e-05 7.81284e-06 5.64573e-06 4.06574e-06 2.9187e-06 2.08919e-06 1.49141e-06 1.06201e-06 7.54477e-07 5.34832e-07 3.78355e-07 2.67145e-07 1.88281e-07 1.32471e-07 9.30531e-08 6.52639e-08 4.57068e-08 3.19657e-08 2.2326e-08 1.55736e-08 1.08503e-08 7.55075e-09 5.24877e-09 3.6447e-09 2.52826e-09 1.75208e-09 1.21304e-09 8.39078e-10 5.79891e-10 4.00425e-10 2.76274e-10 1.90465e-10 1.31207e-10 9.03185e-11 6.21275e-11 4.2706e-11 2.93359e-11 2.01385e-11 1.38158e-11 9.47234e-12 6.49048e-12 4.4447e-12 3.04201e-12 2.08084e-12 1.42259e-12 9.72065e-13 6.63876e-13 4.5317e-13 3.09189e-13 2.10853e-13 1.43725e-13 9.79238e-14 6.66885e-14 4.53968e-14 3.08898e-14 2.101e-14 1.42843e-14 9.70776e-15 6.59494e-15 4.47854e-15 3.04019e-15 2.06303e-15 1.39944e-15 9.48967e-16 6.43276e-16 4.3591e-16 2.95293e-16 1.99971e-16 1.35376e-16 9.16182e-17 6.1985e-17 4.19238e-17 2.83469e-17 1.91612e-17 1.29484e-17 8.74756e-18 5.90795e-18 3.98904e-18 2.69267e-18 1.81712e-18 1.22594e-18 8.26889e-19 5.57589e-19 3.75901e-19 2.53354e-19 1.70717e-19 1.15007e-19 7.74585e-20 5.21573e-20 3.51126e-20 2.36327e-20
0.000289412 9.99512e-05 7.81391e-05 6.02744e-05 4.59821e-05 3.47529e-05 2.60567e-05 1.94013e-05 1.4358e-05 1.05682e-05 7.74123e-06 5.64573e-06 4.1012e-06 2.96846e-06 2.14147e-06 1.54016e-06 1.10457e-06 7.90099e-07 5.63776e-07 4.01364e-07 2.85128e-07 2.02146e-07 1.43043e-07 1.01039e-07 7.12481e-08 5.01602e-08 3.526e-08 2.47499e-08 1.73485e-08 1.21444e-08 8.49064e-09 5.92897e-09 4.13538e-09 2.88116e-09 2.00519e-09 1.39411e-09 9.683e-10 6.71906e-10 4.6581e-10 3.22644e-10 2.23289e-10 1.54401e-10 1.06681e-10 7.36524e-11 5.08114e-11 3.50283e-11 2.41308e-11 1.66121e-11 1.14285e-11 7.85735e-12 5.39869e-12 3.70711e-12 2.54405e-12 1.74487e-12 1.19607e-12 8.19427e-13 5.6109e-13 3.83997e-13 2.62665e-13 1.79581e-13 1.22718e-13 8.38202e-14 5.72254e-14 3.9051e-14 2.66369e-14 1.81612e-14 1.23773e-14 8.43185e-15 5.74176e-15 3.90835e-15 2.65934e-15 1.80879e-15 1.22981e-15 8.35857e-16 5.67895e-16 3.85701e-16 2.61868e-16 1.77733e-16 1.20589e-16 8.17909e-17 5.54579e-17 3.7591e-17 2.54724e-17 1.72553e-17 1.16855e-17 7.91121e-18 5.35442e-18 3.62292e-18 2.45066e-18 1.65725e-18 1.1204e-18 7.57262e-19 5.11686e-19 3.45659e-19 2.33444e-19 1.57619e-19 1.06396e-19 7.18024e-20 4.84449e-20 3.26779e-20 2.20374e-20
0.000187539 6.7175e-05 5.30248e-05 4.12567e-05 3.17226e-05 2.41504e-05 1.82303e-05 1.36607e-05 1.01707e-05 7.52929e-06 5.54553e-06 4.06574e-06 2.96846e-06 2.15912e-06 1.565e-06 1.13074e-06 8.14571e-07 5.85197e-07 4.19339e-07 2.99772e-07 2.13819e-07 1.5219e-07 1.0811e-07 7.66536e-08 5.4254e-08 3.83355e-08 2.70445e-08 1.90502e-08 1.33996e-08 9.41206e-09 6.60247e-09 4.62573e-09 3.2369e-09 2.26243e-09 1.57957e-09 1.10163e-09 7.67516e-10 5.34205e-10 3.71461e-10 2.58058e-10 1.79116e-10 1.24216e-10 8.60718e-11 5.95926e-11 4.12273e-11 2.85003e-11 1.96877e-11 1.35903e-11 9.37489e-12 6.46264e-12 4.45215e-12 3.06516e-12 2.10896e-12 1.45018e-12 9.96604e-13 6.84501e-13 4.69876e-13 3.22372e-13 2.21055e-13 1.51502e-13 1.03781e-13 7.10566e-14 4.86273e-14 3.32622e-14 2.27417e-14 1.55417e-14 1.06165e-14 7.24901e-15 4.94757e-15 3.3754e-15 2.30188e-15 1.56916e-15 1.06926e-15 7.28338e-16 4.9593e-16 3.37558e-16 2.29678e-16 1.5622e-16 1.0622e-16 7.21979e-17 4.90568e-17 3.3322e-17 2.26267e-17 1.53594e-17 1.0423e-17 7.07097e-18 4.79549e-18 3.25131e-18 2.20373e-18 1.49325e-18 1.01154e-18 6.85041e-19 4.63799e-19 3.13925e-19 2.12426e-19 1.43706e-19 9.71922e-20 6.57171e-20 4.44239e-20 3.00226e-20 2.0285e-20
0.000121525 4.50889e-05 3.59293e-05 2.81921e-05 2.18439e-05 1.67477e-05 1.27258e-05 9.59502e-06 7.18564e-06 5.34912e-06 3.96077e-06 2.9187e-06 2.14147e-06 1.565e-06 1.13957e-06 8.27029e-07 5.98357e-07 4.31675e-07 3.10597e-07 2.22924e-07 1.59627e-07 1.14052e-07 8.13213e-08 5.7871e-08 4.11073e-08 2.91487e-08 2.06347e-08 1.45846e-08 1.02929e-08 7.25373e-09 5.10492e-09 3.58796e-09 2.51862e-09 1.76585e-09 1.23664e-09 8.65069e-10 6.04496e-10 4.21978e-10 2.94276e-10 2.05024e-10 1.42709e-10 9.92455e-11 6.89596e-11 4.78757e-11 3.32112e-11 2.30204e-11 1.59444e-11 1.10353e-11 7.63218e-12 5.27485e-12 3.64315e-12 2.51454e-12 1.73444e-12 1.19561e-12 8.23679e-13 5.6711e-13 3.90235e-13 2.68374e-13 1.84465e-13 1.26723e-13 8.70104e-14 5.97123e-14 4.0958e-14 2.80803e-14 1.92423e-14 1.31798e-14 9.02325e-15 6.17479e-15 4.22368e-15 2.88784e-15 1.97366e-15 1.34832e-15 9.20746e-16 6.28512e-16 4.28863e-16 2.92522e-16 1.99451e-16 1.35942e-16 9.26224e-17 6.30848e-17 4.29519e-17 2.92343e-17 1.9891e-17 1.35294e-17 9.1994e-18 6.2532e-18 4.24923e-18 2.88658e-18 1.96032e-18 1.33088e-18 9.03289e-19 6.12898e-19 4.15745e-19 2.81932e-19 1.91136e-19 1.29546e-19 8.77784e-20 5.94619e-20 4.02696e-20 2.7265e-20 1.84555e-20
7.87479e-05 3.02282e-05 2.4312e-05 1.92346e-05 1.50153e-05 1.15918e-05 8.86459e-06 6.72406e-06 5.06428e-06 3.79037e-06 2.8211e-06 2.08919e-06 1.54016e-06 1.13074e-06 8.27029e-07 6.02795e-07 4.37951e-07 3.17241e-07 2.29167e-07 1.65117e-07 1.18681e-07 8.51104e-08 6.09054e-08 4.34962e-08 3.1004e-08 2.20597e-08 1.56687e-08 1.11112e-08 7.867e-09 5.56178e-09 3.92648e-09 2.76823e-09 1.94912e-09 1.37066e-09 9.62731e-10 6.75428e-10 4.73339e-10 3.31362e-10 2.31732e-10 1.61897e-10 1.13e-10 7.87975e-11 5.48983e-11 3.82146e-11 2.65788e-11 1.84709e-11 1.28263e-11 8.89976e-12 6.1707e-12 4.2754e-12 2.96015e-12 2.04812e-12 1.41615e-12 9.78546e-13 6.75741e-13 4.66351e-13 3.21652e-13 2.2172e-13 1.52749e-13 1.05174e-13 7.23779e-14 4.9782e-14 3.42226e-14 2.35145e-14 1.61489e-14 1.10851e-14 7.60554e-15 5.21579e-15 3.57531e-15 2.4497e-15 1.67774e-15 1.14855e-15 7.85952e-16 5.37604e-16 3.67583e-16 2.51233e-16 1.71644e-16 1.17224e-16 8.00286e-17 5.46152e-17 3.72585e-17 2.54088e-17 1.73218e-17 1.18047e-17 8.0421e-18 5.47699e-18 3.72885e-18 2.53787e-18 1.72674e-18 1.1745e-18 7.98629e-19 5.42886e-19 3.68931e-19 2.50644e-19 1.70233e-19 1.15587e-19 7.84616e-20 5.32459e-20 3.61242e-20 2.45017e-20 1.66143e-20
5.10285e-05 2.02427e-05 1.64299e-05 1.31041e-05 1.03046e-05 8.00872e-06 6.16288e-06 4.70218e-06 3.56112e-06 2.67937e-06 2.00423e-06 1.49141e-06 1.10457e-06 8.14571e-07 5.98357e-07 4.37951e-07 3.19481e-07 2.32341e-07 1.68484e-07 1.21851e-07 8.79046e-08 6.32661e-08 4.54327e-08 3.2558e-08 2.32857e-08 1.66229e-08 1.18455e-08 8.42684e-09 5.98519e-09 4.24447e-09 3.00561e-09 2.12536e-09 1.50089e-09 1.05853e-09 7.4563e-10 5.24597e-10 3.68664e-10 2.58796e-10 1.81478e-10 1.27129e-10 8.89682e-11 6.22029e-11 4.34495e-11 3.03228e-11 2.11436e-11 1.47307e-11 1.02545e-11 7.13281e-12 4.95764e-12 3.44322e-12 2.38968e-12 1.65733e-12 1.14863e-12 7.95543e-13 5.50634e-13 3.80879e-13 2.63295e-13 1.81902e-13 1.25597e-13 8.66698e-14 5.97744e-14 4.12026e-14 2.83859e-14 1.95458e-14 1.34519e-14 9.25327e-15 6.36202e-15 4.37207e-15 3.00314e-15 2.06189e-15 1.41501e-15 9.70652e-16 6.65548e-16 4.56154e-16 3.1251e-16 2.14013e-16 1.46501e-16 1.00247e-16 6.85707e-17 4.68856e-17 3.20464e-17 2.18958e-17 1.49551e-17 1.02109e-17 6.96925e-18 4.75513e-18 3.24335e-18 2.21148e-18 1.50741e-18 1.02717e-18 6.99709e-19 4.76495e-19 3.24391e-19 2.20775e-19 1.50211e-19 1.02171e-19 6.94758e-20 4.72298e-20 3.2098e-20 2.18083e-20 1.48132e-20
3.30664e-05 1.35416e-05 1.10898e-05 8.91532e-06 7.06106e-06 5.52395e-06 4.27677e-06 3.28179e-06 2.49885e-06 1.88977e-06 1.42052e-06 1.06201e-06 7.90099e-07 5.85197e-07 4.31675e-07 3.17241e-07 2.32341e-07 1.69619e-07 1.23462e-07 8.9617e-08 6.48815e-08 4.68592e-08 3.37655e-08 2.42781e-08 1.74208e-08 1.24762e-08 8.91869e-09 6.36444e-09 4.53417e-09 3.22513e-09 2.29055e-09 1.62443e-09 1.15044e-09 8.13664e-10 5.74743e-10 4.0548e-10 2.85727e-10 2.01113e-10 1.41402e-10 9.93137e-11 6.9682e-11 4.88431e-11 3.42036e-11 2.39299e-11 1.67271e-11 1.16822e-11 8.15198e-12 5.68392e-12 3.95995e-12 2.75675e-12 1.9177e-12 1.33306e-12 9.25997e-13 6.42793e-13 4.45905e-13 3.09122e-13 2.14161e-13 1.4828e-13 1.02603e-13 7.09547e-14 4.90402e-14 3.38749e-14 2.33865e-14 1.61368e-14 1.11287e-14 7.67085e-15 5.28477e-15 3.6391e-15 2.50468e-15 1.72308e-15 1.18483e-15 8.14352e-16 5.59467e-16 3.84191e-16 2.63714e-16 1.80942e-16 1.24098e-16 8.50776e-17 5.83034e-17 3.99396e-17 2.73494e-17 1.8721e-17 1.281e-17 8.76219e-18 5.99131e-18 4.09523e-18 2.79825e-18 1.91138e-18 1.30515e-18 8.90914e-19 6.07952e-19 4.1473e-19 2.82831e-19 1.92821e-19 1.31416e-19 8.95398e-20 6.09895e-20 4.15307e-20 2.82722e-20 1.9241e-20 1.30911e-20
2.1427e-05 9.04991e-06 7.47701e-06 6.05778e-06 4.83157e-06 3.80413e-06 2.96283e-06 2.28625e-06 1.75e-06 1.33007e-06 1.00457e-06 7.54477e-07 5.63776e-07 4.19339e-07 3.10597e-07 2.29167e-07 1.68484e-07 1.23462e-07 9.01939e-08 6.57019e-08 4.77327e-08 3.45911e-08 2.50084e-08 1.80402e-08 1.29862e-08 9.32942e-09 6.68971e-09 4.78826e-09 3.42141e-09 2.44075e-09 1.73845e-09 1.23639e-09 8.78064e-10 6.22734e-10 4.41071e-10 3.12007e-10 2.20442e-10 1.55566e-10 1.09659e-10 7.7215e-11 5.43129e-11 3.81648e-11 2.67915e-11 1.87896e-11 1.31656e-11 9.21669e-12 6.44665e-12 4.50535e-12 3.14608e-12 2.19517e-12 1.53049e-12 1.06628e-12 7.42323e-13 5.16426e-13 3.59024e-13 2.49429e-13 1.73176e-13 1.20157e-13 8.33183e-14 5.77388e-14 3.99886e-14 2.76792e-14 1.91481e-14 1.3239e-14 9.14852e-15 6.31853e-15 4.3617e-15 3.00937e-15 2.0753e-15 1.43045e-15 9.85505e-16 6.78644e-16 4.67118e-16 3.21378e-16 2.21012e-16 1.51924e-16 1.04389e-16 7.1697e-17 4.92233e-17 3.37806e-17 2.31735e-17 1.5891e-17 1.08929e-17 7.46405e-18 5.11265e-18 3.50076e-18 2.39621e-18 1.63959e-18 1.12149e-18 7.66854e-19 5.24185e-19 3.58191e-19 2.44684e-19 1.67093e-19 1.14071e-19 7.78507e-20 5.31149e-20 3.62278e-20 2.47024e-20 1.68388e-20 1.14752e-20
1.38846e-05 6.04252e-06 5.03582e-06 4.1112e-06 3.3016e-06 2.6159e-06 2.04928e-06 1.58996e-06 1.2233e-06 9.34305e-07 7.08953e-07 5.34832e-07 4.01364e-07 2.99772e-07 2.22924e-07 1.65117e-07 1.21851e-07 8.9617e-08 6.57019e-08 4.80269e-08 3.50101e-08 2.54554e-08 1.84633e-08 1.33611e-08 9.64788e-09 6.95234e-09 5.00017e-09 3.5895e-09 2.57228e-09 1.84023e-09 1.3144e-09 9.37386e-10 6.67529e-10 4.7469e-10 3.37103e-10 2.39084e-10 1.69354e-10 1.19817e-10 8.46713e-11 5.9768e-11 4.21437e-11 2.96854e-11 2.08888e-11 1.46846e-11 1.03133e-11 7.23664e-12 5.07329e-12 3.5536e-12 2.48704e-12 1.73918e-12 1.21524e-12 8.48493e-13 5.91982e-13 4.12717e-13 2.87534e-13 2.00182e-13 1.39274e-13 9.68339e-14 6.72834e-14 4.67216e-14 3.24236e-14 2.24878e-14 1.55876e-14 1.07985e-14 7.47666e-15 5.17386e-15 3.57841e-15 2.47366e-15 1.7091e-15 1.18026e-15 8.14661e-16 5.62039e-16 3.87572e-16 2.67139e-16 1.84046e-16 1.26743e-16 8.72433e-17 6.00281e-17 4.12853e-17 2.8383e-17 1.95049e-17 1.33986e-17 9.20034e-18 6.31514e-18 4.3331e-18 2.97203e-18 2.03775e-18 1.39666e-18 9.5693e-19 6.55418e-19 4.48755e-19 3.07153e-19 2.10163e-19 1.43753e-19 9.82966e-20 6.7193e-20 4.59171e-20 3.13684e-20 2.1423e-20 1.46264e-20 9.98321e-21
8.99722e-06 4.03101e-06 3.38827e-06 2.78698e-06 2.25328e-06 1.79633e-06 1.41528e-06 1.10393e-06 8.53639e-07 6.55093e-07 4.99353e-07 3.78355e-07 2.85128e-07 2.13819e-07 1.59627e-07 1.18681e-07 8.79046e-08 6.48815e-08 4.77327e-08 3.50101e-08 2.56058e-08 1.86779e-08 1.35904e-08 9.86526e-09 7.14526e-09 5.16429e-09 3.72507e-09 2.68183e-09 1.92727e-09 1.38262e-09 9.90253e-10 7.08118e-10 5.05602e-10 3.60482e-10 2.56658e-10 1.82494e-10 1.29593e-10 9.19135e-11 6.51118e-11 4.60724e-11 3.25642e-11 2.29919e-11 1.62166e-11 1.14263e-11 8.0433e-12 5.65657e-12 3.97443e-12 2.79006e-12 1.95694e-12 1.37145e-12 9.60352e-13 6.71951e-13 4.69799e-13 3.28218e-13 2.29137e-13 1.59853e-13 1.11442e-13 7.76393e-14 5.40543e-14 3.76097e-14 2.61515e-14 1.81731e-14 1.26212e-14 8.76033e-15 6.07703e-15 4.21327e-15 2.91951e-15 2.02194e-15 1.39959e-15 9.68296e-16 6.69574e-16 4.62781e-16 3.197e-16 2.20752e-16 1.52358e-16 1.05106e-16 7.24764e-17 4.99546e-17 3.44166e-17 2.37016e-17 1.63157e-17 1.12269e-17 7.72214e-18 5.3094e-18 3.6491e-18 2.50704e-18 1.72177e-18 1.18203e-18 8.11198e-19 5.56506e-19 3.81647e-19 2.6164e-19 1.79308e-19 1.22843e-19 8.41313e-20 5.76004e-20 3.94235e-20 2.69742e-20 1.84505e-20 1.26164e-20 8.62449e-21
5.83019e-06 2.68691e-06 2.2776e-06 1.88728e-06 1.53599e-06 1.23192e-06 9.7604e-07 7.6531e-07 5.94713e-07 4.58527e-07 3.51077e-07 2.67145e-07 2.02146e-07 1.5219e-07 1.14052e-07 8.51104e-08 6.32661e-08 4.68592e-08 3.45911e-08 2.54554e-08 1.86779e-08 1.36675e-08 9.97549e-09 7.26318e-09 5.27624e-09 3.82456e-09 2.7666e-09 1.99739e-09 1.43937e-09 1.03541e-09 7.43558e-10 5.3311e-10 3.81633e-10 2.72791e-10 1.94713e-10 1.38792e-10 9.88014e-11 7.02443e-11 4.98803e-11 3.53781e-11 2.50637e-11 1.7737e-11 1.25387e-11 8.85483e-12 6.24704e-12 4.40301e-12 3.10041e-12 2.18119e-12 1.53316e-12 1.07673e-12 7.55557e-13 5.29756e-13 3.71144e-13 2.59823e-13 1.81756e-13 1.27053e-13 8.87506e-14 6.19525e-14 4.3217e-14 3.01276e-14 2.09892e-14 1.46135e-14 1.01683e-14 7.07098e-15 4.91426e-15 3.41341e-15 2.3696e-15 1.64408e-15 1.14009e-15 7.90181e-16 5.47382e-16 3.78997e-16 2.6228e-16 1.8142e-16 1.25429e-16 8.66782e-17 5.98718e-17 4.13371e-17 2.85277e-17 1.96791e-17 1.35693e-17 9.35259e-18 6.44357e-18 4.43759e-18 3.05489e-18 2.1022e-18 1.44607e-18 9.94347e-19 6.83483e-19 4.69633e-19 3.22578e-19 2.21492e-19 1.5203e-19 1.04317e-19 7.15537e-20 4.90644e-20 3.36325e-20 2.30469e-20 1.57881e-20 1.08121e-20 7.40214e-21
3.77795e-06 1.7896e-06 1.52965e-06 1.27673e-06 1.04586e-06 8.43808e-07 6.72218e-07 5.29792e-07 4.13686e-07 3.20417e-07 2.46405e-07 1.88281e-07 1.43043e-07 1.0811e-07 8.13213e-08 6.09054e-08 4.54327e-08 3.37655e-08 2.50084e-08 1.84633e-08 1.35904e-08 9.97549e-09 7.30285e-09 5.33299e-09 3.88535e-09 2.82438e-09 2.04881e-09 1.48324e-09 1.07175e-09 7.73009e-10 5.56575e-10 4.00076e-10 2.87125e-10 2.0575e-10 1.47223e-10 1.05196e-10 7.50652e-11 5.34951e-11 3.80755e-11 2.70678e-11 1.922e-11 1.36322e-11 9.65844e-12 6.8358e-12 4.83314e-12 3.41382e-12 2.40899e-12 1.69835e-12 1.19626e-12 8.41871e-13 5.91963e-13 4.15896e-13 2.91961e-13 2.04797e-13 1.43546e-13 1.0054e-13 7.03667e-14 4.92142e-14 3.43964e-14 2.4024e-14 1.67684e-14 1.16965e-14 8.15366e-15 5.68043e-15 3.95503e-15 2.75209e-15 1.91394e-15 1.3303e-15 9.24127e-16 6.41624e-16 4.45247e-16 3.08814e-16 2.14079e-16 1.48332e-16 1.02727e-16 7.11092e-17 4.92e-17 3.40255e-17 2.35206e-17 1.62517e-17 1.12244e-17 7.74889e-18 5.3473e-18 3.68851e-18 2.54326e-18 1.75291e-18 1.20769e-18 8.31738e-19 5.72601e-19 3.94055e-19 2.71083e-19 1.86419e-19 1.28152e-19 8.80656e-20 6.04978e-20 4.15457e-20 2.85211e-20 1.95733e-20 1.34284e-20 9.20963e-21 6.31429e-21
2.44811e-06 1.19108e-06 1.02645e-06 8.62877e-07 7.11377e-07 5.77295e-07 4.62383e-07 3.66252e-07 2.87344e-07 2.23561e-07 1.72658e-07 1.32471e-07 1.01039e-07 7.66536e-08 5.7871e-08 4.34962e-08 3.2558e-08 2.42781e-08 1.80402e-08 1.33611e-08 9.86526e-09 7.26318e-09 5.33299e-09 3.90579e-09 2.85366e-09 2.08021e-09 1.51312e-09 1.09838e-09 7.95757e-10 5.75442e-10 4.15386e-10 2.99339e-10 2.15363e-10 1.54704e-10 1.10964e-10 7.94766e-11 5.68457e-11 4.06049e-11 2.89669e-11 2.06391e-11 1.46879e-11 1.04407e-11 7.41339e-12 5.25818e-12 3.72564e-12 2.63711e-12 1.86478e-12 1.3174e-12 9.29831e-13 6.55696e-13 4.61979e-13 3.25218e-13 2.28754e-13 1.60774e-13 1.12907e-13 7.92315e-14 5.55587e-14 3.89308e-14 2.72601e-14 1.90749e-14 1.33384e-14 9.32101e-15 6.50943e-15 4.54308e-15 3.16877e-15 2.20888e-15 1.53886e-15 1.07146e-15 7.45605e-16 5.18565e-16 3.60465e-16 2.50434e-16 1.739e-16 1.20694e-16 8.37251e-17 5.80515e-17 4.02312e-17 2.78682e-17 1.92955e-17 1.33538e-17 9.23764e-18 6.38745e-18 4.41477e-18 3.05004e-18 2.10631e-18 1.454e-18 1.0033e-18 6.92032e-19 4.77149e-19 3.28864e-19 2.26577e-19 1.56047e-19 1.07433e-19 7.39373e-20 5.08672e-20 3.49833e-20 2.40512e-20 1.65297e-20 1.13567e-20 7.80002e-21 5.3555e-21
1.58637e-06 7.92174e-07 6.88236e-07 5.82646e-07 4.83377e-07 3.94521e-07 3.17666e-07 2.52868e-07 1.99312e-07 1.55754e-07 1.20796e-07 9.30531e-08 7.12481e-08 5.4254e-08 4.11073e-08 3.1004e-08 2.32857e-08 1.74208e-08 1.29862e-08 9.64788e-09 7.14526e-09 5.27624e-09 3.88535e-09 2.85366e-09 2.09077e-09 1.52826e-09 1.11463e-09 8.11243e-10 5.89257e-10 4.27201e-10 3.09151e-10 2.23334e-10 1.61071e-10 1.15981e-10 8.33863e-11 5.98637e-11 4.29161e-11 3.07245e-11 2.19676e-11 1.56867e-11 1.1188e-11 7.97e-12 5.67116e-12 4.03095e-12 2.86207e-12 2.03003e-12 1.43844e-12 1.01826e-12 7.20138e-13 5.08833e-13 3.5921e-13 2.53364e-13 1.78557e-13 1.25734e-13 8.84667e-14 6.21972e-14 4.36951e-14 3.06742e-14 2.1518e-14 1.50843e-14 1.05669e-14 7.39743e-15 5.17523e-15 3.61826e-15 2.52812e-15 1.76535e-15 1.23198e-15 8.5925e-16 5.98946e-16 4.17265e-16 2.90534e-16 2.02184e-16 1.40627e-16 9.77607e-17 6.79266e-17 4.71735e-17 3.2745e-17 2.27187e-17 1.57549e-17 1.09207e-17 7.56631e-18 5.23994e-18 3.62725e-18 2.50982e-18 1.73589e-18 1.20011e-18 8.29364e-19 5.72918e-19 3.95611e-19 2.73071e-19 1.88416e-19 1.29955e-19 8.96004e-20 6.17544e-20 4.25471e-20 2.93034e-20 2.0175e-20 1.38855e-20 9.55349e-21 6.5708e-21 4.51784e-21
1.02796e-06 5.2652e-07 4.61112e-07 3.93086e-07 3.28138e-07 2.69331e-07 2.17994e-07 1.74371e-07 1.38069e-07 1.08363e-07 8.43885e-08 6.52639e-08 5.01602e-08 3.83355e-08 2.91487e-08 2.20597e-08 1.66229e-08 1.24762e-08 9.32942e-09 6.95234e-09 5.16429e-09 3.82456e-09 2.82438e-09 2.08021e-09 1.52826e-09 1.12009e-09 8.19084e-10 5.97684e-10 4.3524e-10 3.16331e-10 2.29481e-10 1.66181e-10 1.20138e-10 8.67103e-11 6.24861e-11 4.49619e-11 3.23057e-11 2.31799e-11 1.66097e-11 1.18865e-11 8.49576e-12 6.06499e-12 4.32467e-12 3.08026e-12 2.19153e-12 1.55758e-12 1.10589e-12 7.84402e-13 5.55838e-13 3.93506e-13 2.7833e-13 1.96691e-13 1.38879e-13 9.79773e-14 6.90653e-14 4.86462e-14 3.42375e-14 2.40784e-14 1.69213e-14 1.18831e-14 8.33909e-15 5.84805e-15 4.09839e-15 2.87033e-15 2.00896e-15 1.40521e-15 9.82299e-16 6.86257e-16 4.79154e-16 3.34361e-16 2.3319e-16 1.62542e-16 1.13237e-16 7.88462e-17 5.48716e-17 3.81675e-17 2.65352e-17 1.84391e-17 1.2807e-17 8.89096e-18 6.1695e-18 4.27911e-18 2.96663e-18 2.0558e-18 1.42401e-18 9.85958e-19 6.82375e-19 4.72074e-19 3.26454e-19 2.25663e-19 1.5593e-19 1.07704e-19 7.43653e-20 5.13271e-20 3.54131e-20 2.44244e-20 1.68395e-20 1.1606e-20 7.99624e-21 5.50734e-21 3.79185e-21
6.6612e-07 3.49733e-07 3.08718e-07 2.64981e-07 2.22551e-07 1.83682e-07 1.49432e-07 1.20101e-07 9.55253e-08 7.5292e-08 5.8872e-08 4.57068e-08 3.526e-08 2.70445e-08 2.06347e-08 1.56687e-08 1.18455e-08 8.91869e-09 6.68971e-09 5.00017e-09 3.72507e-09 2.7666e-09 2.04881e-09 1.51312e-09 1.11463e-09 8.19084e-10 6.00517e-10 4.39309e-10 3.20708e-10 2.33661e-10 1.69919e-10 1.23341e-10 8.93761e-11 6.46567e-11 4.66996e-11 3.36781e-11 2.42517e-11 1.7439e-11 1.2523e-11 8.98098e-12 6.43261e-12 4.60169e-12 3.288e-12 2.34665e-12 1.67295e-12 1.19137e-12 8.47541e-13 6.02329e-13 4.27642e-13 3.03328e-13 2.14952e-13 1.52188e-13 1.07655e-13 7.60889e-14 5.37336e-14 3.79157e-14 2.67331e-14 1.88341e-14 1.32591e-14 9.32753e-15 6.55704e-15 4.60623e-15 3.2336e-15 2.2685e-15 1.5904e-15 1.11429e-15 7.80222e-16 5.45976e-16 3.81829e-16 2.66877e-16 1.86425e-16 1.30152e-16 9.08158e-17 6.33339e-17 4.4145e-17 3.0754e-17 2.14141e-17 1.49033e-17 1.03669e-17 7.20793e-18 5.00916e-18 3.4795e-18 2.41586e-18 1.67661e-18 1.16306e-18 8.06456e-19 5.58955e-19 3.87249e-19 2.68179e-19 1.85645e-19 1.28461e-19 8.88558e-20 6.14375e-20 4.24636e-20 2.93384e-20 2.02627e-20 1.39894e-20 9.65491e-21 6.66105e-21 4.59396e-21 3.16725e-21
4.31644e-07 2.32166e-07 2.06547e-07 1.78485e-07 1.50809e-07 1.2515e-07 1.02328e-07 8.26295e-08 6.60122e-08 5.22481e-08 4.10165e-08 3.19657e-08 2.47499e-08 1.90502e-08 1.45846e-08 1.11112e-08 8.42684e-09 6.36444e-09 4.78826e-09 3.5895e-09 2.68183e-09 1.99739e-09 1.48324e-09 1.09838e-09 8.11243e-10 5.97684e-10 4.39309e-10 3.22179e-10 2.35776e-10 1.72196e-10 1.25518e-10 9.13242e-11 6.63281e-11 4.8092e-11 3.4813e-11 2.51612e-11 1.81581e-11 1.30852e-11 9.41644e-12 6.76721e-12 4.85701e-12 3.48165e-12 2.49274e-12 1.78262e-12 1.27335e-12 9.08579e-13 6.47611e-13 4.61123e-13 3.28008e-13 2.33093e-13 1.65487e-13 1.17382e-13 8.31854e-14 5.89001e-14 4.16693e-14 2.9455e-14 2.08042e-14 1.46826e-14 1.03544e-14 7.29656e-15 5.13803e-15 3.61548e-15 2.54234e-15 1.78651e-15 1.25455e-15 8.80418e-16 6.17467e-16 4.32781e-16 3.0315e-16 2.12221e-16 1.48479e-16 1.03823e-16 7.25567e-17 5.06785e-17 3.53781e-17 2.4684e-17 1.72136e-17 1.1998e-17 8.35844e-18 5.8201e-18 4.05066e-18 2.81784e-18 1.95931e-18 1.36174e-18 9.45994e-19 6.56888e-19 4.55938e-19 3.16326e-19 2.19372e-19 1.52072e-19 1.05376e-19 7.29892e-20 5.05365e-20 3.49771e-20 2.4199e-20 1.67358e-20 1.15701e-20 7.99589e-21 5.52386e-21 3.81473e-21 2.63351e-21
2.79705e-07 1.54033e-07 1.38099e-07 1.20134e-07 1.02109e-07 8.51927e-08 7.00033e-08 5.67889e-08 4.55658e-08 3.62136e-08 2.85404e-08 2.2326e-08 1.73485e-08 1.33996e-08 1.02929e-08 7.867e-09 5.98519e-09 4.53417e-09 3.42141e-09 2.57228e-09 1.92727e-09 1.43937e-09 1.07175e-09 7.95757e-10 5.89257e-10 4.3524e-10 3.20708e-10 2.35776e-10 1.72961e-10 1.26619e-10 9.25111e-11 6.74635e-11 4.9109e-11 3.56864e-11 2.58895e-11 1.87523e-11 1.35619e-11 9.79365e-12 7.06242e-12 5.0859e-12 3.65771e-12 2.62722e-12 1.88472e-12 1.35046e-12 9.66524e-13 6.90969e-13 4.9344e-13 3.52008e-13 2.50858e-13 1.78596e-13 1.27027e-13 9.02645e-14 6.40826e-14 4.54547e-14 3.22138e-14 2.28108e-14 1.61392e-14 1.14098e-14 8.05996e-15 5.68929e-15 4.01293e-15 2.82846e-15 1.99219e-15 1.4022e-15 9.86267e-16 6.93254e-16 4.86977e-16 3.41861e-16 2.3984e-16 1.68162e-16 1.17836e-16 8.25228e-17 5.77593e-17 4.04042e-17 2.82483e-17 1.97389e-17 1.37856e-17 9.62282e-18 6.71364e-18 4.68162e-18 3.26304e-18 2.2732e-18 1.58288e-18 1.10168e-18 7.6642e-19 5.32943e-19 3.70428e-19 2.57358e-19 1.78725e-19 1.24066e-19 8.60869e-20 5.97099e-20 4.13982e-20 2.86909e-20 1.98765e-20 1.37648e-20 9.52871e-21 6.59384e-21 4.56125e-21 3.15409e-21 2.18026e-21
1.81248e-07 1.02139e-07 9.22761e-08 8.0802e-08 6.90802e-08 5.79422e-08 4.78444e-08 3.89898e-08 3.14184e-08 2.50712e-08 1.98352e-08 1.55736e-08 1.21444e-08 9.41206e-09 7.25373e-09 5.56178e-09 4.24447e-09 3.22513e-09 2.44075e-09 1.84023e-09 1.38262e-09 1.03541e-09 7.73009e-10 5.75442e-10 4.27201e-10 3.16331e-10 2.33661e-10 1.72196e-10 1.26619e-10 9.29097e-11 6.80377e-11 4.97283e-11 3.62794e-11 2.64212e-11 1.92092e-11 1.39432e-11 1.01051e-11 7.31248e-12 5.28398e-12 3.81288e-12 2.74764e-12 1.97744e-12 1.42135e-12 1.0204e-12 7.31696e-13 5.24077e-13 3.74956e-13 2.67979e-13 1.91324e-13 1.36458e-13 9.72306e-14 6.92138e-14 4.92243e-14 3.49763e-14 2.48306e-14 1.76128e-14 1.24826e-14 8.83958e-15 6.25478e-15 4.42237e-15 3.12443e-15 2.2058e-15 1.55613e-15 1.09704e-15 7.72854e-16 5.44102e-16 3.82805e-16 2.69149e-16 1.89119e-16 1.32803e-16 9.32005e-17 6.53688e-17 4.58216e-17 3.21012e-17 2.24766e-17 1.5729e-17 1.10012e-17 7.69035e-18 5.37315e-18 3.75224e-18 2.619e-18 1.82712e-18 1.27406e-18 8.87984e-19 6.18614e-19 4.3076e-19 2.99816e-19 2.08585e-19 1.45052e-19 1.00827e-19 7.00562e-20 4.8656e-20 3.37793e-20 2.34417e-20 1.62613e-20 1.1276e-20 7.81603e-21 5.41569e-21 3.75111e-21 2.59721e-21 1.79762e-21
1.17449e-07 6.76932e-08 6.16209e-08 5.43103e-08 4.66999e-08 3.93755e-08 3.26701e-08 2.67435e-08 2.16412e-08 1.73381e-08 1.37693e-08 1.08503e-08 8.49064e-09 6.60247e-09 5.10492e-09 3.92648e-09 3.00561e-09 2.29055e-09 1.73845e-09 1.3144e-09 9.90253e-10 7.43558e-10 5.56575e-10 4.15386e-10 3.09151e-10 2.29481e-10 1.69919e-10 1.25518e-10 9.25111e-11 6.80377e-11 4.99363e-11 3.65792e-11 2.67448e-11 1.95194e-11 1.42215e-11 1.03445e-11 7.51243e-12 5.44741e-12 3.94421e-12 2.85177e-12 2.05908e-12 1.48477e-12 1.06928e-12 7.691e-13 5.52531e-13 3.96485e-13 2.8419e-13 2.03478e-13 1.45534e-13 1.03985e-13 7.42229e-14 5.2928e-14 3.77071e-14 2.68387e-14 1.90859e-14 1.35608e-14 9.62691e-15 6.82858e-15 4.83975e-15 3.42746e-15 2.42543e-15 1.71506e-15 1.21185e-15 8.55675e-16 6.03759e-16 4.25716e-16 2.99976e-16 2.11235e-16 1.48651e-16 1.04543e-16 7.34776e-17 5.16122e-17 3.62321e-17 2.54204e-17 1.78248e-17 1.24917e-17 8.74952e-18 6.12509e-18 4.2856e-18 2.997e-18 2.09479e-18 1.46345e-18 1.02188e-18 7.13207e-19 4.97536e-19 3.46921e-19 2.4179e-19 1.68443e-19 1.17293e-19 8.16401e-20 5.68001e-20 3.95013e-20 2.74595e-20 1.90809e-20 1.32534e-20 9.20208e-21 6.38667e-21 4.43095e-21 3.07294e-21 2.13034e-21 1.47634e-21
7.61065e-08 4.48418e-08 4.11261e-08 3.64803e-08 3.15473e-08 2.67369e-08 2.22892e-08 1.83266e-08 1.48918e-08 1.19778e-08 9.54794e-09 7.55075e-09 5.92897e-09 4.62573e-09 3.58796e-09 2.76823e-09 2.12536e-09 1.62443e-09 1.23639e-09 9.37386e-10 7.08118e-10 5.3311e-10 4.00076e-10 2.99339e-10 2.23334e-10 1.66181e-10 1.23341e-10 9.13242e-11 6.74635e-11 4.97283e-11 3.65792e-11 2.68534e-11 1.96761e-11 1.43908e-11 1.05068e-11 7.65824e-12 5.57294e-12 4.04916e-12 2.93762e-12 2.12813e-12 1.53956e-12 1.11227e-12 8.02529e-13 5.78315e-13 4.16235e-13 2.99227e-13 2.14866e-13 1.54118e-13 1.10426e-13 7.90375e-14 5.65139e-14 4.03691e-14 2.88089e-14 2.05398e-14 1.4631e-14 1.04127e-14 7.40423e-15 5.26054e-15 3.73442e-15 2.64892e-15 1.87748e-15 1.32968e-15 9.41017e-16 6.65473e-16 4.70277e-16 3.32103e-16 2.34367e-16 1.65284e-16 1.16488e-16 8.20451e-17 5.77501e-17 4.06243e-17 2.85599e-17 2.00665e-17 1.40908e-17 9.88905e-18 6.93634e-18 4.86261e-18 3.40703e-18 2.3859e-18 1.66996e-18 1.16826e-18 8.16873e-19 5.70897e-19 3.98797e-19 2.78446e-19 1.94324e-19 1.35555e-19 9.45165e-20 6.58731e-20 4.58901e-20 3.19554e-20 2.22426e-20 1.54756e-20 1.07629e-20 7.48238e-21 5.19968e-21 3.61197e-21 2.50809e-21 1.74092e-21 1.20796e-21
4.93169e-08 2.96903e-08 2.74327e-08 2.44886e-08 2.12964e-08 1.81411e-08 1.51943e-08 1.25475e-08 1.02377e-08 8.26631e-09 6.61373e-09 5.24877e-09 4.13538e-09 3.2369e-09 2.51862e-09 1.94912e-09 1.50089e-09 1.15044e-09 8.78064e-10 6.67529e-10 5.05602e-10 3.81633e-10 2.87125e-10 2.15363e-10 1.61071e-10 1.20138e-10 8.93761e-11 6.63281e-11 4.9109e-11 3.62794e-11 2.67448e-11 1.96761e-11 1.44477e-11 1.05889e-11 7.74694e-12 5.65807e-12 4.12565e-12 3.00352e-12 2.18327e-12 1.5847e-12 1.14861e-12 8.31386e-13 6.00979e-13 4.33871e-13 3.12841e-13 2.25303e-13 1.62071e-13 1.16454e-13 8.35849e-14 5.99295e-14 4.29244e-14 3.07138e-14 2.19552e-14 1.56794e-14 1.11872e-14 7.9748e-15 5.67986e-15 4.04188e-15 2.87387e-15 2.04173e-15 1.44938e-15 1.02808e-15 7.28697e-16 5.1611e-16 3.65278e-16 2.58343e-16 1.82586e-16 1.28957e-16 9.10195e-17 6.42008e-17 4.52554e-17 3.18808e-17 2.24451e-17 1.57926e-17 1.11053e-17 7.80474e-18 5.482e-18 3.84839e-18 2.70012e-18 1.89345e-18 1.32708e-18 9.29643e-19 6.50902e-19 4.5551e-19 3.18617e-19 2.22756e-19 1.55663e-19 1.08728e-19 7.59095e-20 5.29732e-20 3.69509e-20 2.57634e-20 1.79554e-20 1.25085e-20 8.71033e-21 6.06298e-21 4.21855e-21 2.93405e-21 2.03986e-21 1.41765e-21 9.84851e-22
