0.377361 0.0568533 0.0314776 0.0189722 0.0118533 0.00748775 0.00472904 0.00297314 0.00185846 0.00115511 0.00071425 0.000439652 0.000269559 0.000164704 0.000100334 6.09585e-05 3.69485e-05 2.23481e-05 1.34914e-05 8.13063e-06 4.89223e-06 2.93943e-06 1.76377e-06 1.057e-06 6.32684e-07 3.78225e-07 2.25754e-07 1.34403e-07 7.95774e-08 4.64563e-08 2.76646e-08
0.0568533 0.0128553 0.00680336 0.00366698 0.00198315 0.00107549 0.000585863 0.000320928 0.000176833 9.79823e-05 5.45664e-05 3.05231e-05 1.71397e-05 9.65631e-06 5.45577e-06 3.09006e-06 1.75388e-06 9.97326e-07 5.68037e-07 3.23991e-07 1.85027e-07 1.05783e-07 6.05369e-08 3.46719e-08 1.98698e-08 1.13888e-08 6.5219e-09 3.72155e-09 2.10126e-09 1.15217e-09 6.6331e-10
0.0314776 0.00680336 0.00320056 0.00160261 0.000828914 0.00043736 0.000234134 0.000126803 6.93361e-05 3.82169e-05 2.12047e-05 1.18305e-05 6.63085e-06 3.73081e-06 2.10591e-06 1.19198e-06 6.76256e-07 3.8444e-07 2.18928e-07 1.24863e-07 7.13082e-08 4.07707e-08 2.3334e-08 1.33653e-08 7.65909e-09 4.38834e-09 2.50991e-09 1.42736e-09 7.9925e-10 4.55058e-10 2.6206e-10
0.0189722 0.00366698 0.00160261 0.000760509 0.000379535 0.000195638 0.000103135 5.52796e-05 3.00099e-05 1.64558e-05 9.09586e-06 5.06019e-06 2.82988e-06 1.58943e-06 8.95923e-07 5.06529e-07 2.87105e-07 1.63087e-07 9.28134e-08 5.29057e-08 3.01998e-08 1.72597e-08 9.87432e-09 5.65353e-09 3.23805e-09 1.85353e-09 1.0581e-09 5.99379e-10 3.42866e-10 1.95212e-10 1.12407e-10
0.0118533 0.00198315 0.000828914 0.000379535 0.000184652 9.35481e-05 4.87389e-05 2.5911e-05 1.39841e-05 7.63464e-06 4.2058e-06 2.33349e-06 1.30212e-06 7.30006e-07 4.10842e-07 2.31963e-07 1.31323e-07 7.45181e-08 4.23685e-08 2.41305e-08 1.37636e-08 7.86049e-09 4.4939e-09 2.57112e-09 1.47132e-09 8.41143e-10 4.79212e-10 2.74467e-10 1.56983e-10 8.93632e-11 5.14374e-11
0.00748775 0.00107549 0.00043736 0.000195638 9.35481e-05 4.68202e-05 2.41869e-05 1.27804e-05 6.86631e-06 3.7355e-06 2.05198e-06 1.13579e-06 6.32499e-07 3.53967e-07 1.98896e-07 1.12139e-07 6.34047e-08 3.59365e-08 2.04104e-08 1.1613e-08 6.61776e-09 3.77615e-09 2.15701e-09 1.233e-09 7.04858e-10 4.02458e-10 2.30472e-10 1.3196e-10 7.5451e-11 4.29386e-11 2.47022e-11
0.00472904 0.000585863 0.000234134 0.000103135 4.87389e-05 2.41869e-05 1.24185e-05 6.53215e-06 3.49706e-06 1.89707e-06 1.03958e-06 5.7421e-07 3.19172e-07 1.7832e-07 1.00047e-07 5.63282e-08 3.18077e-08 1.80065e-08 1.02156e-08 5.80641e-09 3.30559e-09 1.88444e-09 1.07544e-09 6.14167e-10 3.50749e-10 2.00687e-10 1.14871e-10 6.57409e-11 3.75729e-11 2.13753e-11 1.22896e-11
0.00297314 0.000320928 0.000126803 5.52796e-05 2.5911e-05 1.27804e-05 6.53215e-06 3.42386e-06 1.82778e-06 9.89135e-07 5.40895e-07 2.98199e-07 1.65468e-07 9.2301e-08 5.17104e-08 2.90748e-08 1.63975e-08 9.27186e-09 5.25442e-09 2.98346e-09 1.69682e-09 9.66408e-10 5.51017e-10 3.14396e-10 1.7965e-10 1.02729e-10 5.87679e-11 3.36156e-11 1.92033e-11 1.0921e-11 6.27512e-12
0.00185846 0.000176833 6.93361e-05 3.00099e-05 1.39841e-05 6.86631e-06 3.49706e-06 1.82778e-06 9.73387e-07 5.25654e-07 2.86902e-07 1.57897e-07 8.74762e-08 4.87236e-08 2.72591e-08 1.5307e-08 8.62243e-09 4.86999e-09 2.75692e-09 1.56381e-09 8.88556e-10 5.05606e-10 2.88031e-10 1.64314e-10 9.38282e-11 5.36197e-11 3.06562e-11 1.75261e-11 1.00072e-11 5.68909e-12 3.26694e-12
0.00115511 9.79823e-05 3.82169e-05 1.64558e-05 7.63464e-06 3.7355e-06 1.89707e-06 9.89135e-07 5.25654e-07 2.83329e-07 1.54373e-07 8.48228e-08 4.69223e-08 2.60989e-08 1.45824e-08 8.17856e-09 4.60168e-09 2.59625e-09 1.46825e-09 8.32035e-10 4.7233e-10 2.68533e-10 1.52897e-10 8.71609e-11 4.97379e-11 2.84056e-11 1.62309e-11 9.27417e-12 5.29293e-12 3.00798e-12 1.72633e-12
0.00071425 5.45664e-05 2.12047e-05 9.09586e-06 4.2058e-06 2.05198e-06 1.03958e-06 5.40895e-07 2.86902e-07 1.54373e-07 8.3975e-08 4.60724e-08 2.54506e-08 1.41374e-08 7.88933e-09 4.41963e-09 2.48401e-09 1.40003e-09 7.9099e-10 4.47831e-10 2.54005e-10 1.44311e-10 8.21065e-11 4.67731e-11 2.66732e-11 1.52238e-11 8.69384e-12 4.96494e-12 2.83227e-12 1.60904e-12 9.22942e-13
0.000439652 3.05231e-05 1.18305e-05 5.06019e-06 2.33349e-06 1.13579e-06 5.7421e-07 2.98199e-07 1.57897e-07 8.48228e-08 4.60724e-08 2.52419e-08 1.39253e-08 7.72574e-09 4.30631e-09 2.40977e-09 1.35299e-09 7.61828e-10 4.30024e-10 2.43253e-10 1.37867e-10 7.82689e-11 4.44995e-11 2.53326e-11 1.44372e-11 8.23512e-12 4.7002e-12 2.68285e-12 1.52976e-12 8.68791e-13 4.98074e-13
0.000269559 1.71397e-05 6.63085e-06 2.82988e-06 1.30212e-06 6.32499e-07 3.19172e-07 1.65468e-07 8.74762e-08 4.69223e-08 2.54506e-08 1.39253e-08 7.67275e-09 4.25186e-09 2.36738e-09 1.3234e-09 7.42312e-10 4.1759e-10 2.3551e-10 1.33117e-10 7.53882e-11 4.27677e-11 2.42988e-11 1.38238e-11 7.87342e-12 4.48851e-12 2.56045e-12 1.46078e-12 8.32575e-13 4.72694e-13 2.70858e-13
0.000164704 9.65631e-06 3.73081e-06 1.58943e-06 7.30006e-07 3.53967e-07 1.7832e-07 9.2301e-08 4.87236e-08 2.60989e-08 1.41374e-08 7.72574e-09 4.25186e-09 2.35359e-09 1.30909e-09 7.31087e-10 4.097e-10 2.30278e-10 1.29767e-10 7.32917e-11 4.1477e-11 2.35136e-11 1.33507e-11 7.59063e-12 4.32076e-12 2.46184e-12 1.40362e-12 8.00412e-13 4.5601e-13 2.58823e-13 1.48237e-13
0.000100334 5.45577e-06 2.10591e-06 8.95923e-07 4.10842e-07 1.98896e-07 1.00047e-07 5.17104e-08 2.72591e-08 1.45824e-08 7.88933e-09 4.30631e-09 2.36738e-09 1.30909e-09 7.27422e-10 4.05869e-10 2.27251e-10 1.27627e-10 7.18651e-11 4.05594e-11 2.29373e-11 1.29948e-11 7.37366e-12 4.18987e-12 2.38364e-12 1.35741e-12 7.73551e-13 4.40916e-13 2.51099e-13 1.42478e-13 8.15652e-14
6.09585e-05 3.09006e-06 1.19198e-06 5.06529e-07 2.31963e-07 1.12139e-07 5.63282e-08 2.90748e-08 1.5307e-08 8.17856e-09 4.41963e-09 2.40977e-09 1.3234e-09 7.31087e-10 4.05869e-10 2.2626e-10 1.26584e-10 7.10357e-11 3.997e-11 2.25427e-11 1.27401e-11 7.2132e-12 4.09057e-12 2.32304e-12 1.32089e-12 7.51828e-13 4.28244e-13 2.43988e-13 1.38897e-13 7.87916e-14 4.50865e-14
3.69485e-05 1.75388e-06 6.76256e-07 2.87105e-07 1.31323e-07 6.34047e-08 3.18077e-08 1.63975e-08 8.62243e-09 4.60168e-09 2.48401e-09 1.35299e-09 7.42312e-10 4.097e-10 2.27251e-10 1.26584e-10 7.07636e-11 3.96818e-11 2.23125e-11 1.25757e-11 7.10276e-12 4.01906e-12 2.2779e-12 1.29293e-12 7.34791e-13 4.1803e-13 2.38004e-13 1.35545e-13 7.71347e-14 4.37443e-14 2.50212e-14
2.23481e-05 9.97326e-07 3.8444e-07 1.63087e-07 7.45181e-08 3.59365e-08 1.80065e-08 9.27186e-09 4.86999e-09 2.59625e-09 1.40003e-09 7.61828e-10 4.1759e-10 2.30278e-10 1.27627e-10 7.10357e-11 3.96818e-11 2.22368e-11 1.24951e-11 7.0381e-12 3.97275e-12 2.24669e-12 1.27268e-12 7.22001e-13 4.10123e-13 2.33216e-13 1.32723e-13 7.55566e-14 4.29822e-14 2.43698e-14 1.39337e-14
1.34914e-05 5.68037e-07 2.18928e-07 9.28134e-08 4.23685e-08 2.04104e-08 1.02156e-08 5.25442e-09 2.75692e-09 1.46825e-09 7.9099e-10 4.30024e-10 2.3551e-10 1.29767e-10 7.18651e-11 3.997e-11 2.23125e-11 1.24951e-11 7.01681e-12 3.94998e-12 2.22836e-12 1.25951e-12 7.1311e-13 4.04354e-13 2.29581e-13 1.30494e-13 7.42333e-14 4.22433e-14 2.40231e-14 1.36172e-14 7.78279e-15
8.13063e-06 3.23991e-07 1.24863e-07 5.29057e-08 2.41305e-08 1.1613e-08 5.80641e-09 2.98346e-09 1.56381e-09 8.32035e-10 4.47831e-10 2.43253e-10 1.33117e-10 7.32917e-11 4.05594e-11 2.25427e-11 1.25757e-11 7.0381e-12 3.94998e-12 2.22231e-12 1.25303e-12 7.07872e-13 4.00586e-13 2.27038e-13 1.28849e-13 7.32065e-14 4.16281e-14 2.36802e-14 1.34623e-14 7.62914e-15 4.35878e-15
4.89223e-06 1.85027e-07 7.13082e-08 3.01998e-08 1.37636e-08 6.61776e-09 3.30559e-09 1.69682e-09 8.88556e-10 4.7233e-10 2.54005e-10 1.37867e-10 7.53882e-11 4.1477e-11 2.29373e-11 1.27401e-11 7.10276e-12 3.97275e-12 2.22836e-12 1.25303e-12 7.06142e-13 3.98725e-13 2.25533e-13 1.27767e-13 7.24796e-14 4.11633e-14 2.33981e-14 1.33054e-14 7.56181e-15 4.28437e-15 2.44694e-15
2.93943e-06 1.05783e-07 4.07707e-08 1.72597e-08 7.86049e-09 3.77615e-09 1.88444e-09 9.66408e-10 5.05606e-10 2.68533e-10 1.44311e-10 7.82689e-11 4.27677e-11 2.35136e-11 1.29948e-11 7.2132e-12 4.01906e-12 2.24669e-12 1.25951e-12 7.07872e-13 3.98725e-13 2.25036e-13 1.27231e-13 7.20471e-14 4.08541e-14 2.31933e-14 1.31787e-14 7.4916e-15 4.25641e-15 2.41108e-15 1.37658e-15
1.76377e-06 6.05369e-08 2.3334e-08 9.87432e-09 4.4939e-09 2.15701e-09 1.07544e-09 5.51017e-10 2.88031e-10 1.52897e-10 8.21065e-11 4.44995e-11 2.42988e-11 1.33507e-11 7.37366e-12 4.09057e-12 2.2779e-12 1.27268e-12 7.1311e-13 4.00586e-13 2.25533e-13 1.27231e-13 7.19037e-14 4.07001e-14 2.30699e-14 1.30921e-14 7.43651e-15 4.22599e-15 2.40034e-15 1.35942e-15 7.75891e-16
1.057e-06 3.46719e-08 1.33653e-08 5.65353e-09 2.57112e-09 1.233e-09 6.14167e-10 3.14396e-10 1.64314e-10 8.71609e-11 4.67731e-11 2.53326e-11 1.38238e-11 7.59063e-12 4.18987e-12 2.32304e-12 1.29293e-12 7.22001e-13 4.04354e-13 2.27038e-13 1.27767e-13 7.20471e-14 4.07001e-14 2.30287e-14 1.30484e-14 7.40229e-15 4.20319e-15 2.38783e-15 1.3559e-15 7.67754e-16 4.38062e-16
6.32684e-07 1.98698e-08 7.65909e-09 3.23805e-09 1.47132e-09 7.04858e-10 3.50749e-10 1.7965e-10 9.38282e-11 4.97379e-11 2.66732e-11 1.44372e-11 7.87342e-12 4.32076e-12 2.38364e-12 1.32089e-12 7.34791e-13 4.10123e-13 2.29581e-13 1.28849e-13 7.24796e-14 4.08541e-14 2.30699e-14 1.30484e-14 7.39074e-15 4.1913e-15 2.37915e-15 1.35119e-15 7.67056e-16 4.34248e-16 2.47697e-16
3.78225e-07 1.13888e-08 4.38834e-09 1.85353e-09 8.41143e-10 4.02458e-10 2.00687e-10 1.02729e-10 5.36197e-11 2.84056e-11 1.52238e-11 8.23512e-12 4.48851e-12 2.46184e-12 1.35741e-12 7.51828e-13 4.1803e-13 2.33216e-13 1.30494e-13 7.32065e-14 4.11633e-14 2.31933e-14 1.30921e-14 7.40229e-15 4.1913e-15 2.37612e-15 1.34836e-15 7.65554e-16 4.34489e-16 2.4593e-16 1.40239e-16
2.25754e-07 6.5219e-09 2.50991e-09 1.0581e-09 4.79212e-10 2.30472e-10 1.14871e-10 5.87679e-11 3.06562e-11 1.62309e-11 8.69384e-12 4.7002e-12 2.56045e-12 1.40362e-12 7.73551e-13 4.28244e-13 2.38004e-13 1.32723e-13 7.42333e-14 4.16281e-14 2.33981e-14 1.31787e-14 7.43651e-15 4.20319e-15 2.37915e-15 1.34836e-15 7.64926e-16 4.34181e-16 2.4636e-16 1.39421e-16 7.94819e-17
1.34403e-07 3.72155e-09 1.42736e-09 5.99379e-10 2.74467e-10 1.3196e-10 6.57409e-11 3.36156e-11 1.75261e-11 9.27417e-12 4.96494e-12 2.68285e-12 1.46078e-12 8.00412e-13 4.40916e-13 2.43988e-13 1.35545e-13 7.55566e-14 4.22433e-14 2.36802e-14 1.33054e-14 7.4916e-15 4.22599e-15 2.38783e-15 1.35119e-15 7.65554e-16 4.34181e-16 2.46384e-16 1.3977e-16 7.90867e-17 4.50748e-17
7.95774e-08 2.10126e-09 7.9925e-10 3.42866e-10 1.56983e-10 7.5451e-11 3.75729e-11 1.92033e-11 1.00072e-11 5.29293e-12 2.83227e-12 1.52976e-12 8.32575e-13 4.5601e-13 2.51099e-13 1.38897e-13 7.71347e-14 4.29822e-14 2.40231e-14 1.34623e-14 7.56181e-15 4.25641e-15 2.40034e-15 1.3559e-15 7.67056e-16 4.34489e-16 2.4636e-16 1.3977e-16 7.92743e-17 4.48497e-17 2.55561e-17
4.64563e-08 1.15217e-09 4.55058e-10 1.95212e-10 8.93632e-11 4.29386e-11 2.13753e-11 1.0921e-11 5.68909e-12 3.00798e-12 1.60904e-12 8.68791e-13 4.72694e-13 2.58823e-13 1.42478e-13 7.87916e-14 4.37443e-14 2.43698e-14 1.36172e-14 7.62914e-15 4.28437e-15 2.41108e-15 1.35942e-15 7.67754e-16 4.34248e-16 2.4593e-16 1.39421e-16 7.90867e-17 4.48497e-17 2.53713e-17 1.44547e-17
2.76646e-08 6.6331e-10 2.6206e-10 1.12407e-10 5.14374e-11 2.47022e-11 1.22896e-11 6.27512e-12 3.26694e-12 1.72633e-12 9.22942e-13 4.98074e-13 2.70858e-13 1.48237e-13 8.15652e-14 4.50865e-14 2.50212e-14 1.39337e-14 7.78279e-15 4.35878e-15 2.44694e-15 1.37658e-15 7.75891e-16 4.38062e-16 2.47697e-16 1.40239e-16 7.94819e-17 4.50748e-17 2.55561e-17 1.44547e-17 8.23308e-18
