0.62017 0.0166192 0.0130767 0.0102893 0.00809606 0.00637032 0.00501244 0.003944 0.0031033 0.00244181 0.00192132 0.00151177 0.00118953 0.00093597 0.000736461 0.000579478 0.000455958 0.000358767 0.000282293 0.00022212 0.000174773 0.000137519 0.000108206 8.51408e-05 6.69924e-05 5.27124e-05 4.14764e-05 3.26354e-05 2.56789e-05 2.02052e-05 1.58983e-05 1.25095e-05 9.84297e-06 7.74486e-06 6.09399e-06 4.795e-06 3.77291e-06 2.96869e-06 2.33589e-06 1.83797e-06 1.4462e-06 1.13793e-06 8.95369e-07 7.04514e-07 5.54341e-07 4.36179e-07 3.43204e-07 2.70047e-07 2.12485e-07 1.67192e-07 1.31554e-07 1.03512e-07 8.14476e-08 6.40864e-08 5.04259e-08 3.96772e-08 3.12197e-08 2.4565e-08 1.93287e-08 1.52087e-08 1.19668e-08 9.416e-09 7.4089e-09 5.82964e-09 4.587e-09 3.60925e-09 2.83991e-09 2.23456e-09 1.75825e-09 1.38346e-09 1.08857e-09 8.5653e-10 6.73953e-10 5.30295e-10 4.17258e-10 3.28316e-10 2.58333e-10 2.03267e-10 1.59939e-10 1.25847e-10 9.90218e-11 7.79145e-11 6.13064e-11 4.82385e-11 3.79561e-11 2.98654e-11 2.34994e-11 1.84903e-11 1.45489e-11 1.14477e-11 9.00755e-12 7.08752e-12 5.57676e-12 4.38803e-12 3.45268e-12 2.71672e-12 2.13763e-12 1.68198e-12 1.32345e-12 1.04135e-12 8.19375e-13
0.0166192 0.00490867 0.00409269 0.00340154 0.00281908 0.00233038 0.00192193 0.00158173 0.00129923 0.0010653 0.000872068 0.000712809 0.000581821 0.000474288 0.000386162 0.000314056 0.000255144 0.000207077 0.000167909 0.000136031 0.000110113 8.90641e-05 7.19853e-05 5.81408e-05 4.69277e-05 3.78532e-05 3.0515e-05 2.45854e-05 1.97971e-05 1.59331e-05 1.28169e-05 1.03052e-05 8.28195e-06 6.65301e-06 5.34221e-06 4.28794e-06 3.44039e-06 2.75933e-06 2.2123e-06 1.77311e-06 1.42063e-06 1.13786e-06 9.11084e-07 7.29289e-07 5.836e-07 4.66884e-07 3.73409e-07 2.98571e-07 2.38671e-07 1.90741e-07 1.52401e-07 1.21738e-07 9.72236e-08 7.76284e-08 6.19696e-08 4.94591e-08 3.94665e-08 3.14866e-08 2.51154e-08 2.00298e-08 1.5971e-08 1.27325e-08 1.0149e-08 8.08835e-09 6.44505e-09 5.13481e-09 4.09031e-09 3.25779e-09 2.59434e-09 2.0657e-09 1.64456e-09 1.30909e-09 1.04192e-09 8.29168e-10 6.59774e-10 5.24921e-10 4.1758e-10 3.3215e-10 2.64167e-10 2.10074e-10 1.6704e-10 1.32806e-10 1.05577e-10 8.39225e-11 6.67023e-11 5.30102e-11 4.21246e-11 3.34711e-11 2.65928e-11 2.11259e-11 1.67814e-11 1.33292e-11 1.05862e-11 8.40696e-12 6.67577e-12 5.30063e-12 4.20841e-12 3.34098e-12 2.65214e-12 2.10516e-12 1.67086e-12
0.0130767 0.00409269 0.00346957 0.00292934 0.00246428 0.00206636 0.00172767 0.0014407 0.00119854 0.000994912 0.000824232 0.00068158 0.000562662 0.000463762 0.000381688 0.000313712 0.000257514 0.000211131 0.00017291 0.000141458 0.000115613 9.44013e-05 7.7013e-05 6.27748e-05 5.11282e-05 4.16108e-05 3.38406e-05 2.75025e-05 2.23368e-05 1.81299e-05 1.47066e-05 1.19228e-05 9.66058e-06 7.82348e-06 6.33251e-06 5.12319e-06 4.14286e-06 3.3486e-06 2.70544e-06 2.18489e-06 1.76378e-06 1.42328e-06 1.14808e-06 9.25747e-07 7.46207e-07 6.01281e-07 4.84341e-07 3.90018e-07 3.13966e-07 2.52667e-07 2.03276e-07 1.63493e-07 1.31459e-07 1.05673e-07 8.49229e-08 6.82297e-08 5.48042e-08 4.40097e-08 3.5333e-08 2.83604e-08 2.27586e-08 1.82593e-08 1.46463e-08 1.17458e-08 9.41777e-09 7.54965e-09 6.05091e-09 4.84877e-09 3.88474e-09 3.11181e-09 2.49222e-09 1.99565e-09 1.59774e-09 1.27896e-09 1.02362e-09 8.19119e-10 6.55373e-10 5.2428e-10 4.19346e-10 3.35365e-10 2.68163e-10 2.14397e-10 1.71387e-10 1.36986e-10 1.09476e-10 8.74785e-11 6.98922e-11 5.58342e-11 4.45983e-11 3.5619e-11 2.84442e-11 2.27119e-11 1.81327e-11 1.44751e-11 1.1554e-11 9.22136e-12 7.35885e-12 5.87189e-12 4.6849e-12 3.73746e-12 2.98133e-12
0.0102893 0.00340154 0.00292934 0.00250986 0.00214085 0.00181888 0.00153988 0.00129956 0.00109361 0.000917907 0.000768608 0.000642193 0.000535497 0.000445702 0.000370329 0.000307211 0.000254472 0.000210493 0.000173888 0.000143472 0.00011824 9.73392e-05 8.00502e-05 6.57678e-05 5.39836e-05 4.42718e-05 3.62767e-05 2.97018e-05 2.42999e-05 1.9866e-05 1.62298e-05 1.32504e-05 1.08109e-05 8.81515e-06 7.18357e-06 5.85065e-06 4.76245e-06 3.87461e-06 3.15068e-06 2.56076e-06 2.0803e-06 1.68922e-06 1.37105e-06 1.11233e-06 9.02056e-07 7.31239e-07 5.92537e-07 4.79963e-07 3.88634e-07 3.14571e-07 2.54535e-07 2.05887e-07 1.66482e-07 1.34576e-07 1.08751e-07 8.78557e-08 7.09541e-08 5.72875e-08 4.62404e-08 3.73133e-08 3.01017e-08 2.42776e-08 1.95753e-08 1.57799e-08 1.27173e-08 1.02467e-08 8.25415e-09 6.64756e-09 5.35248e-09 4.30878e-09 3.46786e-09 2.79047e-09 2.24495e-09 1.80571e-09 1.45213e-09 1.16756e-09 9.38577e-10 7.54366e-10 6.062e-10 4.87049e-10 3.91249e-10 3.1424e-10 2.52345e-10 2.02609e-10 1.62649e-10 1.30549e-10 1.04769e-10 8.4066e-11 6.74442e-11 5.41009e-11 4.33912e-11 3.47965e-11 2.79003e-11 2.23678e-11 1.79299e-11 1.43705e-11 1.15163e-11 9.22771e-12 7.393e-12 5.92233e-12 4.74364e-12
0.00809606 0.00281908 0.00246428 0.00214085 0.0018499 0.00159098 0.0013626 0.00116267 0.000988761 0.000838328 0.000708831 0.000597835 0.000503059 0.00042241 0.000353994 0.000296119 0.000247285 0.000206177 0.000171648 0.000142702 0.000118482 9.82514e-05 8.13797e-05 6.73306e-05 5.56484e-05 4.59473e-05 3.79013e-05 3.12361e-05 2.57208e-05 2.11618e-05 1.73972e-05 1.42915e-05 1.17317e-05 9.62372e-06 7.88922e-06 6.46318e-06 5.29163e-06 4.32986e-06 3.54085e-06 2.89402e-06 2.36408e-06 1.93018e-06 1.57513e-06 1.28476e-06 1.04743e-06 8.53554e-07 6.95255e-07 5.66072e-07 4.607e-07 3.74791e-07 3.04782e-07 2.47756e-07 2.01325e-07 1.63536e-07 1.32794e-07 1.07793e-07 8.74702e-08 7.09558e-08 5.7541e-08 4.66479e-08 3.78055e-08 3.06302e-08 2.48096e-08 2.00894e-08 1.62627e-08 1.31614e-08 1.06487e-08 8.61354e-09 6.96555e-09 5.63147e-09 4.5518e-09 3.67825e-09 2.97166e-09 2.40025e-09 1.93829e-09 1.5649e-09 1.26316e-09 1.01939e-09 8.22496e-10 6.63496e-10 5.35127e-10 4.31509e-10 3.47889e-10 2.8042e-10 2.25994e-10 1.82098e-10 1.46703e-10 1.18166e-10 9.51642e-11 7.66267e-11 6.169e-11 4.96567e-11 3.99641e-11 3.21584e-11 2.58732e-11 2.08132e-11 1.67403e-11 1.34624e-11 1.08247e-11 8.70259e-12 6.9955e-12
0.00637032 0.00233038 0.00206636 0.00181888 0.00159098 0.00138402 0.0011982 0.00103291 0.000887015 0.000759114 0.000647634 0.00055096 0.0004675 0.000395737 0.000334252 0.000281743 0.000237033 0.000199064 0.000166901 0.000139717 0.00011679 9.74911e-05 8.12753e-05 6.76734e-05 5.62823e-05 4.67567e-05 3.88024e-05 3.21691e-05 2.66442e-05 2.2048e-05 1.82287e-05 1.50584e-05 1.24295e-05 1.02517e-05 8.44917e-06 6.95863e-06 5.72711e-06 4.71043e-06 3.87177e-06 3.18046e-06 2.61104e-06 2.14234e-06 1.7568e-06 1.43987e-06 1.17949e-06 9.65719e-07 7.90302e-07 6.46441e-07 5.28524e-07 4.31923e-07 3.52824e-07 2.88089e-07 2.35135e-07 1.91837e-07 1.56451e-07 1.27544e-07 1.03939e-07 8.46722e-08 6.89526e-08 5.6132e-08 4.56799e-08 3.71618e-08 3.02224e-08 2.45712e-08 1.99705e-08 1.62264e-08 1.31804e-08 1.07031e-08 8.68903e-09 7.052e-09 5.72185e-09 4.64137e-09 3.76395e-09 3.05163e-09 2.4735e-09 2.00441e-09 1.62389e-09 1.3153e-09 1.06511e-09 8.62318e-10 6.9798e-10 5.64839e-10 4.56997e-10 3.69667e-10 2.98964e-10 2.41735e-10 1.95422e-10 1.57951e-10 1.2764e-10 1.03127e-10 8.33056e-11 6.72818e-11 5.43304e-11 4.38643e-11 3.54082e-11 2.85773e-11 2.30604e-11 1.86054e-11 1.50086e-11 1.21052e-11 9.7619e-12
0.00501244 0.00192193 0.00172767 0.00153988 0.0013626 0.0011982 0.0010479 0.000912038 0.000790393 0.000682342 0.00058702 0.000503423 0.000430489 0.00036715 0.000312368 0.000265162 0.00022462 0.000189906 0.000160265 0.00013502 0.00011357 9.53829e-05 7.99946e-05 6.69987e-05 5.60425e-05 4.68213e-05 3.90724e-05 3.25702e-05 2.71217e-05 2.25621e-05 1.87512e-05 1.55697e-05 1.29167e-05 1.07067e-05 8.86773e-06 7.33889e-06 6.0691e-06 5.01539e-06 4.14175e-06 3.418e-06 2.81889e-06 2.32335e-06 1.91376e-06 1.57545e-06 1.29621e-06 1.06588e-06 8.7601e-07 7.1959e-07 5.90803e-07 4.84829e-07 3.97675e-07 3.26037e-07 2.67185e-07 2.1886e-07 1.79199e-07 1.46664e-07 1.19988e-07 9.81252e-08 8.02151e-08 6.55493e-08 5.35453e-08 4.37239e-08 3.56915e-08 2.91248e-08 2.37583e-08 1.93743e-08 1.57942e-08 1.28716e-08 1.04866e-08 8.54101e-09 6.95432e-09 5.66077e-09 4.60652e-09 3.74759e-09 3.04798e-09 2.47832e-09 2.0146e-09 1.63723e-09 1.33022e-09 1.08051e-09 8.77463e-10 7.12403e-10 5.78259e-10 4.69266e-10 3.8073e-10 3.08831e-10 2.50455e-10 2.0307e-10 1.64615e-10 1.33415e-10 1.08106e-10 8.7581e-11 7.09388e-11 5.74479e-11 4.65137e-11 3.76536e-11 3.04756e-11 2.46614e-11 1.9953e-11 1.61406e-11 1.30544e-11
0.003944 0.00158173 0.0014407 0.00129956 0.00116267 0.00103291 0.000912038 0.000801008 0.000700161 0.000609418 0.000528412 0.000456591 0.00039329 0.000337788 0.000289349 0.000247249 0.000210794 0.000179334 0.000152268 0.000129048 0.00010918 9.22191e-05 7.77735e-05 6.54952e-05 5.50794e-05 4.62594e-05 3.88035e-05 3.25109e-05 2.7208e-05 2.27455e-05 1.89953e-05 1.58479e-05 1.32094e-05 1.10003e-05 9.15264e-06 7.60894e-06 6.32051e-06 5.24618e-06 4.3512e-06 3.60629e-06 2.98683e-06 2.4721e-06 2.04475e-06 1.6902e-06 1.39628e-06 1.15278e-06 9.51205e-07 7.84438e-07 6.46558e-07 5.32633e-07 4.38557e-07 3.60918e-07 2.9688e-07 2.4409e-07 2.00594e-07 1.64775e-07 1.35294e-07 1.1104e-07 9.1096e-08 7.47041e-08 6.12376e-08 5.01793e-08 4.11024e-08 3.3655e-08 2.75471e-08 2.25398e-08 1.84363e-08 1.50748e-08 1.23221e-08 1.00688e-08 8.22499e-09 6.71672e-09 5.48337e-09 4.47516e-09 3.65125e-09 2.97818e-09 2.42851e-09 1.97973e-09 1.61346e-09 1.3146e-09 1.07082e-09 8.72018e-10 7.09949e-10 5.77858e-10 4.7023e-10 3.82556e-10 3.11157e-10 2.53024e-10 2.05706e-10 1.672e-10 1.35871e-10 1.10389e-10 8.96674e-11 7.282e-11 5.91258e-11 4.79972e-11 3.89555e-11 3.16108e-11 2.56459e-11 2.08026e-11 1.68708e-11
0.0031033 0.00129923 0.00119854 0.00109361 0.000988761 0.000887015 0.000790393 0.000700161 0.000617014 0.000541228 0.000472781 0.000411442 0.00035684 0.00030852 0.000265978 0.000228697 0.00019616 0.000167869 0.000143354 0.000122176 0.000103932 8.82579e-05 7.48239e-05 6.33357e-05 5.35323e-05 4.5183e-05 3.80851e-05 3.20616e-05 2.69582e-05 2.26411e-05 1.89943e-05 1.59182e-05 1.33268e-05 1.11464e-05 9.31408e-06 7.77601e-06 6.48635e-06 5.40609e-06 4.50214e-06 3.74644e-06 3.11527e-06 2.58857e-06 2.14943e-06 1.78358e-06 1.47903e-06 1.22571e-06 1.01515e-06 8.40267e-07 6.95107e-07 5.74701e-07 4.74893e-07 3.9221e-07 3.23755e-07 2.67114e-07 2.20275e-07 1.81562e-07 1.49583e-07 1.23181e-07 1.01394e-07 8.34249e-08 6.86111e-08 5.64045e-08 4.6351e-08 3.80744e-08 3.12637e-08 2.56617e-08 2.10557e-08 1.72702e-08 1.41603e-08 1.16064e-08 9.50993e-09 7.78955e-09 6.37832e-09 5.2211e-09 4.27251e-09 3.49519e-09 2.85843e-09 2.337e-09 1.91013e-09 1.56079e-09 1.27498e-09 1.04123e-09 8.501e-10 6.93874e-10 5.66211e-10 4.61918e-10 3.76742e-10 3.07196e-10 2.50427e-10 2.041e-10 1.66305e-10 1.35477e-10 1.10339e-10 8.98448e-11 7.31413e-11 5.95303e-11 4.84419e-11 3.94106e-11 3.20565e-11 2.60693e-11 2.11961e-11
0.00244181 0.0010653 0.000994912 0.000917907 0.000838328 0.000759114 0.000682342 0.000609418 0.000541228 0.000478268 0.000420741 0.000368641 0.00032181 0.000279988 0.000242855 0.000210051 0.000181202 0.000155936 0.000133889 0.000114716 9.80935e-05 8.37232e-05 7.13324e-05 6.06746e-05 5.15282e-05 4.36954e-05 3.70009e-05 3.12899e-05 2.64264e-05 2.22916e-05 1.87818e-05 1.58069e-05 1.32889e-05 1.11606e-05 9.36383e-06 7.8489e-06 6.57306e-06 5.49977e-06 4.59783e-06 3.84066e-06 3.20564e-06 2.67358e-06 2.22818e-06 1.85566e-06 1.54434e-06 1.2844e-06 1.06751e-06 8.86685e-07 7.3604e-07 6.10626e-07 5.06288e-07 4.19542e-07 3.47468e-07 2.87623e-07 2.37961e-07 1.96775e-07 1.62637e-07 1.34357e-07 1.10942e-07 9.15662e-08 7.55404e-08 6.22923e-08 5.13456e-08 4.2305e-08 3.48421e-08 2.86842e-08 2.36054e-08 1.94185e-08 1.59682e-08 1.31262e-08 1.07862e-08 8.86016e-09 7.27557e-09 5.97236e-09 4.90097e-09 4.02047e-09 3.29711e-09 2.70305e-09 2.21535e-09 1.8151e-09 1.48672e-09 1.2174e-09 9.96584e-10 8.15591e-10 6.67285e-10 5.458e-10 4.46313e-10 3.64866e-10 2.98205e-10 2.43661e-10 1.99044e-10 1.62558e-10 1.32728e-10 1.08346e-10 8.8422e-11 7.21456e-11 5.8852e-11 4.79971e-11 3.91358e-11 3.19036e-11 2.60024e-11
0.00192132 0.000872068 0.000824232 0.000768608 0.000708831 0.000647634 0.00058702 0.000528412 0.000472781 0.000420741 0.000372637 0.000328611 0.000288654 0.000252653 0.000220421 0.000191722 0.000166297 0.000143872 0.000124172 0.00010693 9.18877e-05 7.88059e-05 6.74608e-05 5.76476e-05 4.91802e-05 4.18904e-05 3.56279e-05 3.02585e-05 2.56636e-05 2.17383e-05 1.83906e-05 1.55402e-05 1.31167e-05 1.10591e-05 9.31456e-06 7.83738e-06 6.58811e-06 5.53283e-06 4.64244e-06 3.89197e-06 3.2601e-06 2.72862e-06 2.28201e-06 1.90706e-06 1.59255e-06 1.32897e-06 1.10826e-06 9.23585e-07 7.69187e-07 6.40198e-07 5.32516e-07 4.42683e-07 3.67792e-07 3.05399e-07 2.53452e-07 2.10229e-07 1.74286e-07 1.44416e-07 1.19606e-07 9.90098e-08 8.1922e-08 6.77522e-08 5.60082e-08 4.62795e-08 3.82242e-08 3.15578e-08 2.60434e-08 2.14839e-08 1.77156e-08 1.46027e-08 1.20323e-08 9.9106e-09 8.16009e-09 6.71639e-09 5.52619e-09 4.54535e-09 3.73735e-09 3.07197e-09 2.52423e-09 2.0735e-09 1.70273e-09 1.39783e-09 1.14718e-09 9.41195e-10 7.71975e-10 6.32999e-10 5.18897e-10 4.25246e-10 3.48403e-10 2.85369e-10 2.33678e-10 1.91302e-10 1.5657e-10 1.28112e-10 1.04801e-10 8.57104e-11 7.00808e-11 5.7288e-11 4.68195e-11 3.82553e-11 3.12506e-11
0.00151177 0.000712809 0.00068158 0.000642193 0.000597835 0.00055096 0.000503423 0.000456591 0.000411442 0.000368641 0.000328611 0.000291587 0.000257663 0.000226827 0.000198992 0.000174019 0.000151733 0.000131942 0.000114441 9.9027e-05 8.54995e-05 7.36663e-05 6.33467e-05 5.4372e-05 4.65874e-05 3.98512e-05 3.40355e-05 2.90251e-05 2.4717e-05 2.10199e-05 1.78525e-05 1.51436e-05 1.28305e-05 1.08584e-05 9.17927e-06 7.75168e-06 6.53949e-06 5.51149e-06 4.64073e-06 3.904e-06 3.28136e-06 2.7557e-06 2.31235e-06 1.9388e-06 1.62435e-06 1.35989e-06 1.13767e-06 9.51094e-07 7.9458e-07 6.63385e-07 5.53498e-07 4.61526e-07 3.84604e-07 3.20314e-07 2.66617e-07 2.21798e-07 1.84412e-07 1.53247e-07 1.27283e-07 1.05664e-07 8.76738e-08 7.27116e-08 6.02743e-08 4.99415e-08 4.13614e-08 3.42403e-08 2.8333e-08 2.3435e-08 1.93757e-08 1.60131e-08 1.32288e-08 1.09244e-08 9.01797e-09 7.44148e-09 6.13834e-09 5.06159e-09 4.17225e-09 3.43799e-09 2.83199e-09 2.33203e-09 1.9197e-09 1.57978e-09 1.29963e-09 1.06884e-09 8.7876e-10 7.2227e-10 5.93473e-10 4.87503e-10 4.00341e-10 3.28671e-10 2.69758e-10 2.21344e-10 1.81571e-10 1.48906e-10 1.22086e-10 1.00071e-10 8.20058e-11 6.7185e-11 5.50294e-11 4.50623e-11 3.68918e-11
0.00118953 0.000581821 0.000562662 0.000535497 0.000503059 0.0004675 0.000430489 0.00039329 0.00035684 0.00032181 0.000288654 0.000257663 0.000228994 0.000202706 0.000178783 0.000157157 0.000137721 0.000120344 0.00010488 9.11758e-05 7.90783e-05 6.84365e-05 5.91052e-05 5.09474e-05 4.38352e-05 3.76505e-05 3.22852e-05 2.76412e-05 2.36299e-05 2.0172e-05 1.71968e-05 1.46414e-05 1.24502e-05 1.05744e-05 8.97085e-06 7.60214e-06 6.43544e-06 5.44225e-06 4.59783e-06 3.88075e-06 3.27251e-06 2.75717e-06 2.321e-06 1.95221e-06 1.64071e-06 1.37784e-06 1.15622e-06 9.69538e-07 8.12423e-07 6.803e-07 5.69283e-07 4.76074e-07 3.97874e-07 3.32314e-07 2.77391e-07 2.3141e-07 1.92941e-07 1.60778e-07 1.33904e-07 1.11463e-07 9.27348e-08 7.71146e-08 6.4094e-08 5.32462e-08 4.42136e-08 3.66964e-08 3.04435e-08 2.5245e-08 2.09252e-08 1.73372e-08 1.43586e-08 1.18868e-08 9.83667e-09 8.13695e-09 6.72837e-09 5.56154e-09 4.59537e-09 3.79569e-09 3.13405e-09 2.58685e-09 2.13446e-09 1.7606e-09 1.45174e-09 1.19668e-09 9.8612e-10 8.12354e-10 6.69002e-10 5.50781e-10 4.53316e-10 3.7299e-10 3.06809e-10 2.523e-10 2.07417e-10 1.70472e-10 1.4007e-10 1.15059e-10 9.44899e-11 7.75778e-11 6.36765e-11 5.22531e-11 4.28685e-11
0.00093597 0.000474288 0.000463762 0.000445702 0.00042241 0.000395737 0.00036715 0.000337788 0.00030852 0.000279988 0.000252653 0.000226827 0.000202706 0.000180394 0.000159926 0.000141284 0.000124412 0.000109227 9.56287e-05 8.3506e-05 7.27431e-05 6.3223e-05 5.48311e-05 4.74569e-05 4.0996e-05 3.53507e-05 3.04304e-05 2.61522e-05 2.24405e-05 1.92271e-05 1.64505e-05 1.40559e-05 1.19943e-05 1.02223e-05 8.70174e-06 7.39887e-06 6.28415e-06 5.3317e-06 4.51899e-06 3.82638e-06 3.23684e-06 2.73562e-06 2.30995e-06 1.94884e-06 1.64281e-06 1.38372e-06 1.16458e-06 9.79399e-07 8.23057e-07 6.91177e-07 5.80025e-07 4.86418e-07 4.07649e-07 3.41417e-07 2.85767e-07 2.39043e-07 1.9984e-07 1.6697e-07 1.39427e-07 1.16364e-07 9.70638e-08 8.09222e-08 6.74304e-08 5.61598e-08 4.67502e-08 3.88985e-08 3.23504e-08 2.68922e-08 2.23449e-08 1.85584e-08 1.54069e-08 1.27852e-08 1.06052e-08 8.79336e-09 7.28817e-09 6.03828e-09 5.00082e-09 4.14006e-09 3.4262e-09 2.8344e-09 2.34399e-09 1.93776e-09 1.60138e-09 1.32295e-09 1.09257e-09 9.02015e-10 7.44456e-10 6.14226e-10 5.06621e-10 4.17741e-10 3.4435e-10 2.8377e-10 2.33779e-10 1.92541e-10 1.58532e-10 1.30494e-10 1.07386e-10 8.83464e-11 7.26632e-11 5.97485e-11 4.91167e-11
0.000736461 0.000386162 0.000381688 0.000370329 0.000353994 0.000334252 0.000312368 0.000289349 0.000265978 0.000242855 0.000220421 0.000198992 0.000178783 0.000159926 0.000142488 0.000126487 0.000111904 9.86934e-05 8.67899e-05 7.61158e-05 6.65855e-05 5.81103e-05 5.06006e-05 4.39687e-05 3.813e-05 3.30044e-05 2.85168e-05 2.45975e-05 2.11826e-05 1.82137e-05 1.56379e-05 1.34074e-05 1.14797e-05 9.81636e-06 8.38366e-06 7.15154e-06 6.09352e-06 5.1863e-06 4.40946e-06 3.74514e-06 3.17776e-06 2.69376e-06 2.28137e-06 1.93038e-06 1.63198e-06 1.37855e-06 1.16353e-06 9.81274e-07 8.26932e-07 6.96348e-07 5.85961e-07 4.92727e-07 4.14044e-07 3.47695e-07 2.91788e-07 2.44717e-07 2.05112e-07 1.71815e-07 1.43838e-07 1.20348e-07 1.00638e-07 8.41105e-08 7.02597e-08 5.86593e-08 4.89493e-08 4.08263e-08 3.40347e-08 2.83595e-08 2.36196e-08 1.96629e-08 1.63617e-08 1.36088e-08 1.13142e-08 9.40259e-09 7.81072e-09 6.48573e-09 5.38337e-09 4.46664e-09 3.7046e-09 3.07142e-09 2.54552e-09 2.10891e-09 1.74656e-09 1.44597e-09 1.1967e-09 9.90066e-10 8.18841e-10 6.77007e-10 5.59562e-10 4.62345e-10 3.819e-10 3.15355e-10 2.60327e-10 2.14838e-10 1.77246e-10 1.4619e-10 1.20541e-10 9.93649e-11 8.18864e-11 6.74641e-11 5.55672e-11
0.000579478 0.000314056 0.000313712 0.000307211 0.000296119 0.000281743 0.000265162 0.000247249 0.000228697 0.000210051 0.000191722 0.000174019 0.000157157 0.000141284 0.000126487 0.000112808 0.000100255 8.88101e-05 7.84343e-05 6.90759e-05 6.06742e-05 5.31631e-05 4.64737e-05 4.05374e-05 3.52863e-05 3.06554e-05 2.65829e-05 2.30108e-05 1.98853e-05 1.71569e-05 1.47803e-05 1.27143e-05 1.09218e-05 9.36949e-06 8.02747e-06 6.86918e-06 5.87105e-06 5.01222e-06 4.27431e-06 3.64117e-06 3.09863e-06 2.63433e-06 2.23745e-06 1.8986e-06 1.60963e-06 1.36345e-06 1.15395e-06 9.75847e-07 8.24576e-07 6.96217e-07 5.874e-07 4.9523e-07 4.17227e-07 3.51268e-07 2.95538e-07 2.48487e-07 2.08794e-07 1.75332e-07 1.47144e-07 1.23414e-07 1.03452e-07 8.66698e-08 7.25699e-08 6.07312e-08 5.07971e-08 4.2466e-08 3.54835e-08 2.96344e-08 2.47376e-08 2.06402e-08 1.72135e-08 1.43492e-08 1.19562e-08 9.95791e-09 8.29009e-09 6.89871e-09 5.7385e-09 4.77149e-09 3.96586e-09 3.29498e-09 2.73654e-09 2.2719e-09 1.88546e-09 1.56418e-09 1.29719e-09 1.07539e-09 8.91215e-10 7.38331e-10 6.11471e-10 5.06243e-10 4.18988e-10 3.46664e-10 2.86734e-10 2.37092e-10 1.95986e-10 1.61958e-10 1.33799e-10 1.10505e-10 9.12396e-11 7.53122e-11 6.2148e-11
0.000455958 0.000255144 0.000257514 0.000254472 0.000247285 0.000237033 0.00022462 0.000210794 0.00019616 0.000181202 0.000166297 0.000151733 0.000137721 0.000124412 0.000111904 0.000100255 8.94919e-05 7.9615e-05 7.06066e-05 6.24349e-05 5.50585e-05 4.84295e-05 4.24964e-05 3.72057e-05 3.25041e-05 2.83391e-05 2.46604e-05 2.14202e-05 1.85734e-05 1.60783e-05 1.38964e-05 1.19925e-05 1.03345e-05 8.89337e-06 7.64304e-06 6.56012e-06 5.62372e-06 4.81529e-06 4.11838e-06 3.51847e-06 3.00276e-06 2.56001e-06 2.18039e-06 1.85528e-06 1.57719e-06 1.33958e-06 1.13677e-06 9.63853e-07 8.16569e-07 6.91241e-07 5.84695e-07 4.942e-07 4.17406e-07 3.52294e-07 2.97133e-07 2.50439e-07 2.10944e-07 1.77564e-07 1.49372e-07 1.2558e-07 1.05514e-07 8.86026e-08 7.43596e-08 6.23714e-08 5.22875e-08 4.38106e-08 3.66889e-08 3.07092e-08 2.56913e-08 2.14829e-08 1.79552e-08 1.49998e-08 1.25251e-08 1.0454e-08 8.7215e-09 7.27298e-09 6.06246e-09 5.05132e-09 4.2071e-09 3.50257e-09 2.91488e-09 2.42485e-09 2.01644e-09 1.67619e-09 1.39284e-09 1.15697e-09 9.60709e-10 7.97459e-10 6.61722e-10 5.48905e-10 4.5517e-10 3.77319e-10 3.12683e-10 2.59038e-10 2.14529e-10 1.77613e-10 1.47006e-10 1.21636e-10 1.00616e-10 8.32038e-11 6.87854e-11
0.000358767 0.000207077 0.000211131 0.000210493 0.000206177 0.000199064 0.000189906 0.000179334 0.000167869 0.000155936 0.000143872 0.000131942 0.000120344 0.000109227 9.86934e-05 8.88101e-05 7.9615e-05 7.11229e-05 6.33309e-05 5.62224e-05 4.97711e-05 4.39437e-05 3.87022e-05 3.40061e-05 2.98139e-05 2.60838e-05 2.27751e-05 1.98487e-05 1.72673e-05 1.4996e-05 1.30022e-05 1.12559e-05 9.72967e-06 8.39833e-06 7.23922e-06 6.23187e-06 5.3579e-06 4.60087e-06 3.94617e-06 3.3808e-06 2.89326e-06 2.47341e-06 2.11233e-06 1.80218e-06 1.5361e-06 1.30809e-06 1.11293e-06 9.46057e-07 8.03526e-07 6.81908e-07 5.78236e-07 4.89945e-07 4.14822e-07 3.5096e-07 2.96717e-07 2.50682e-07 2.11646e-07 1.78571e-07 1.50567e-07 1.26874e-07 1.06845e-07 8.99227e-08 7.56365e-08 6.35835e-08 5.34212e-08 4.48585e-08 3.76481e-08 3.15801e-08 2.64765e-08 2.21865e-08 1.85824e-08 1.55563e-08 1.30169e-08 1.08869e-08 9.10133e-09 7.60521e-09 6.35225e-09 5.30344e-09 4.42593e-09 3.69209e-09 3.07867e-09 2.56614e-09 2.1381e-09 1.78077e-09 1.4826e-09 1.2339e-09 1.02654e-09 8.53717e-10 7.09741e-10 5.89841e-10 4.90028e-10 4.06969e-10 3.37876e-10 2.80422e-10 2.32663e-10 1.92977e-10 1.6001e-10 1.32635e-10 1.09909e-10 9.10508e-11 7.54059e-11
0.000282293 0.000167909 0.00017291 0.000173888 0.000171648 0.000166901 0.000160265 0.000152268 0.000143354 0.000133889 0.000124172 0.000114441 0.00010488 9.56287e-05 8.67899e-05 7.84343e-05 7.06066e-05 6.33309e-05 5.66149e-05 5.04535e-05 4.48317e-05 3.97277e-05 3.51145e-05 3.09621e-05 2.72386e-05 2.39111e-05 2.09472e-05 1.83151e-05 1.59841e-05 1.39252e-05 1.21111e-05 1.05165e-05 9.11773e-06 7.89339e-06 6.82379e-06 5.89113e-06 5.0793e-06 4.37384e-06 3.76181e-06 3.23164e-06 2.77307e-06 2.37697e-06 2.03532e-06 1.74099e-06 1.48777e-06 1.27016e-06 1.08338e-06 9.23231e-07 7.86074e-07 6.68727e-07 5.68431e-07 4.82791e-07 4.09735e-07 3.47471e-07 2.94452e-07 2.49344e-07 2.10998e-07 1.78428e-07 1.50785e-07 1.27342e-07 1.07476e-07 9.06526e-08 7.64166e-08 6.43782e-08 5.42049e-08 4.56135e-08 3.83626e-08 3.2247e-08 2.70919e-08 2.27491e-08 1.90928e-08 1.60162e-08 1.34288e-08 1.1254e-08 9.42702e-09 7.893e-09 6.60563e-09 5.52579e-09 4.62047e-09 3.86183e-09 3.2264e-09 2.69442e-09 2.24924e-09 1.87688e-09 1.56555e-09 1.30536e-09 1.08801e-09 9.06507e-10 7.5501e-10 6.28607e-10 5.23182e-10 4.35287e-10 3.62035e-10 3.01009e-10 2.50187e-10 2.07878e-10 1.72669e-10 1.43378e-10 1.19018e-10 9.87675e-11 8.19375e-11
0.00022212 0.000136031 0.000141458 0.000143472 0.000142702 0.000139717 0.00013502 0.000129048 0.000122176 0.000114716 0.00010693 9.9027e-05 9.11758e-05 8.3506e-05 7.61158e-05 6.90759e-05 6.24349e-05 5.62224e-05 5.04535e-05 4.5131e-05 4.0249e-05 3.57941e-05 3.17483e-05 2.80898e-05 2.47945e-05 2.18372e-05 1.91921e-05 1.68337e-05 1.4737e-05 1.28781e-05 1.12342e-05 9.78395e-06 8.50743e-06 7.38625e-06 6.40351e-06 5.54376e-06 4.793e-06 4.13856e-06 3.56903e-06 3.07418e-06 2.64487e-06 2.27297e-06 1.95125e-06 1.67332e-06 1.43352e-06 1.22688e-06 1.04903e-06 8.96133e-07 7.64836e-07 6.52208e-07 5.55696e-07 4.73077e-07 4.02419e-07 3.42049e-07 2.90515e-07 2.46563e-07 2.09111e-07 1.77223e-07 1.50095e-07 1.27035e-07 1.07448e-07 9.08227e-08 7.67225e-08 6.4772e-08 5.46504e-08 4.60838e-08 3.88379e-08 3.27132e-08 2.75393e-08 2.31714e-08 1.94861e-08 1.63786e-08 1.37597e-08 1.15539e-08 9.6971e-09 8.13482e-09 6.82109e-09 5.71691e-09 4.78934e-09 4.01052e-09 3.3569e-09 2.80862e-09 2.34891e-09 1.96365e-09 1.64092e-09 1.37069e-09 1.14452e-09 9.55311e-10 7.9708e-10 6.64813e-10 5.54293e-10 4.61982e-10 3.84909e-10 3.20583e-10 2.66917e-10 2.22161e-10 1.84848e-10 1.53752e-10 1.27847e-10 1.06272e-10 8.83112e-11
0.000174773 0.000110113 0.000115613 0.00011824 0.000118482 0.00011679 0.00011357 0.00010918 0.000103932 9.80935e-05 9.18877e-05 8.54995e-05 7.90783e-05 7.27431e-05 6.65855e-05 6.06742e-05 5.50585e-05 4.97711e-05 4.48317e-05 4.0249e-05 3.60231e-05 3.21477e-05 2.86113e-05 2.53988e-05 2.24925e-05 1.98734e-05 1.75212e-05 1.54156e-05 1.35366e-05 1.18645e-05 1.03804e-05 9.06653e-06 7.90609e-06 6.88345e-06 5.98412e-06 5.19483e-06 4.50343e-06 3.89886e-06 3.37114e-06 2.91126e-06 2.51112e-06 2.16349e-06 1.86191e-06 1.60065e-06 1.37462e-06 1.17932e-06 1.01077e-06 8.65498e-07 7.40421e-07 6.32854e-07 5.40445e-07 4.61141e-07 3.9315e-07 3.34917e-07 2.85088e-07 2.42488e-07 2.06102e-07 1.75049e-07 1.48571e-07 1.26012e-07 1.06807e-07 9.04693e-08 7.65821e-08 6.47862e-08 5.47738e-08 4.62813e-08 3.90827e-08 3.29849e-08 2.7823e-08 2.34561e-08 1.9764e-08 1.66443e-08 1.40099e-08 1.17865e-08 9.91102e-09 8.32996e-09 6.99779e-09 5.87593e-09 4.93166e-09 4.13728e-09 3.46933e-09 2.90795e-09 2.43638e-09 2.04042e-09 1.70812e-09 1.42935e-09 1.19561e-09 9.99697e-10 8.35568e-10 6.98121e-10 5.83067e-10 4.86797e-10 4.06275e-10 3.38953e-10 2.82688e-10 2.35681e-10 1.96425e-10 1.63653e-10 1.36304e-10 1.13489e-10 9.44622e-11
0.000137519 8.90641e-05 9.44013e-05 9.73392e-05 9.82514e-05 9.74911e-05 9.53829e-05 9.22191e-05 8.82579e-05 8.37232e-05 7.88059e-05 7.36663e-05 6.84365e-05 6.3223e-05 5.81103e-05 5.31631e-05 4.84295e-05 4.39437e-05 3.97277e-05 3.57941e-05 3.21477e-05 2.8787e-05 2.57056e-05 2.28938e-05 2.0339e-05 1.80269e-05 1.59422e-05 1.40688e-05 1.23906e-05 1.08917e-05 9.5567e-06 8.3707e-06 7.31965e-06 6.39035e-06 5.57047e-06 4.84864e-06 4.21438e-06 3.65809e-06 3.17107e-06 2.74541e-06 2.37399e-06 2.05039e-06 1.76889e-06 1.52436e-06 1.31222e-06 1.12845e-06 9.69434e-07 8.3202e-07 7.13411e-07 6.11151e-07 5.23082e-07 4.47318e-07 3.82205e-07 3.26304e-07 2.78356e-07 2.3727e-07 2.02095e-07 1.72008e-07 1.46295e-07 1.24338e-07 1.05604e-07 8.9633e-08 7.60275e-08 6.4446e-08 5.45947e-08 4.6221e-08 3.91083e-08 3.30708e-08 2.79493e-08 2.36078e-08 1.99297e-08 1.68156e-08 1.41806e-08 1.19524e-08 1.00691e-08 8.47844e-09 7.13555e-09 6.00249e-09 5.04698e-09 4.24162e-09 3.56317e-09 2.9919e-09 2.51113e-09 2.10671e-09 1.76668e-09 1.48091e-09 1.24087e-09 1.03932e-09 8.70162e-10 7.28255e-10 6.09258e-10 5.09514e-10 4.25943e-10 3.5595e-10 2.97352e-10 2.48313e-10 2.0729e-10 1.72985e-10 1.44309e-10 1.20347e-10 1.0033e-10
0.000108206 7.19853e-05 7.7013e-05 8.00502e-05 8.13797e-05 8.12753e-05 7.99946e-05 7.77735e-05 7.48239e-05 7.13324e-05 6.74608e-05 6.33467e-05 5.91052e-05 5.48311e-05 5.06006e-05 4.64737e-05 4.24964e-05 3.87022e-05 3.51145e-05 3.17483e-05 2.86113e-05 2.57056e-05 2.30289e-05 2.05753e-05 1.83364e-05 1.63018e-05 1.44599e-05 1.27984e-05 1.13045e-05 9.96537e-06 8.76846e-06 7.70151e-06 6.75283e-06 5.91131e-06 5.16652e-06 4.50876e-06 3.92904e-06 3.41908e-06 2.97131e-06 2.57883e-06 2.2354e-06 1.93536e-06 1.67364e-06 1.44567e-06 1.2474e-06 1.07518e-06 9.25782e-07 7.96352e-07 6.84356e-07 5.87559e-07 5.03994e-07 4.31931e-07 3.69853e-07 3.16431e-07 2.70505e-07 2.31061e-07 1.97215e-07 1.682e-07 1.43348e-07 1.2208e-07 1.03895e-07 8.83577e-08 7.50938e-08 6.37794e-08 5.4135e-08 4.59203e-08 3.89283e-08 3.29812e-08 2.79263e-08 2.36325e-08 1.99877e-08 1.68957e-08 1.42744e-08 1.20533e-08 1.01726e-08 8.58096e-09 7.23475e-09 6.09675e-09 5.13529e-09 4.32341e-09 3.6382e-09 3.0602e-09 2.57287e-09 2.16221e-09 1.8163e-09 1.52509e-09 1.28003e-09 1.07391e-09 9.00621e-10 7.54994e-10 6.32666e-10 5.29956e-10 4.43752e-10 3.71433e-10 3.10786e-10 2.59947e-10 2.17348e-10 1.81666e-10 1.51789e-10 1.26784e-10 1.05862e-10
8.51408e-05 5.81408e-05 6.27748e-05 6.57678e-05 6.73306e-05 6.76734e-05 6.69987e-05 6.54952e-05 6.33357e-05 6.06746e-05 5.76476e-05 5.4372e-05 5.09474e-05 4.74569e-05 4.39687e-05 4.05374e-05 3.72057e-05 3.40061e-05 3.09621e-05 2.80898e-05 2.53988e-05 2.28938e-05 2.05753e-05 1.84406e-05 1.64842e-05 1.46991e-05 1.30767e-05 1.16076e-05 1.02818e-05 9.08919e-06 8.0195e-06 7.06275e-06 6.20926e-06 5.44975e-06 4.77545e-06 4.17812e-06 3.65007e-06 3.18421e-06 2.77399e-06 2.41341e-06 2.09701e-06 1.81984e-06 1.57742e-06 1.36571e-06 1.18109e-06 1.02033e-06 8.80518e-07 7.59093e-07 6.53766e-07 5.62513e-07 4.83546e-07 4.15288e-07 3.56351e-07 3.05516e-07 2.61714e-07 2.2401e-07 1.91586e-07 1.63728e-07 1.39815e-07 1.19307e-07 1.01735e-07 8.66892e-08 7.38183e-08 6.28163e-08 5.34191e-08 4.53986e-08 3.85582e-08 3.27284e-08 2.77635e-08 2.35378e-08 1.99439e-08 1.68892e-08 1.42945e-08 1.20919e-08 1.02232e-08 8.63883e-09 7.29628e-09 6.15929e-09 5.19693e-09 4.38281e-09 3.69448e-09 3.11281e-09 2.62151e-09 2.20677e-09 1.85683e-09 1.5617e-09 1.31292e-09 1.1033e-09 9.26776e-10 7.78176e-10 6.53142e-10 5.47983e-10 4.59578e-10 3.85288e-10 3.22887e-10 2.70492e-10 2.26517e-10 1.89623e-10 1.58683e-10 1.32745e-10 1.11009e-10
6.69924e-05 4.69277e-05 5.11282e-05 5.39836e-05 5.56484e-05 5.62823e-05 5.60425e-05 5.50794e-05 5.35323e-05 5.15282e-05 4.91802e-05 4.65874e-05 4.38352e-05 4.0996e-05 3.813e-05 3.52863e-05 3.25041e-05 2.98139e-05 2.72386e-05 2.47945e-05 2.24925e-05 2.0339e-05 1.83364e-05 1.64842e-05 1.47796e-05 1.32179e-05 1.17929e-05 1.04977e-05 9.32455e-06 8.26552e-06 7.31241e-06 6.45709e-06 5.69161e-06 5.00827e-06 4.39972e-06 3.85901e-06 3.37962e-06 2.95545e-06 2.58088e-06 2.25073e-06 1.96025e-06 1.70509e-06 1.48134e-06 1.28543e-06 1.11415e-06 9.6463e-07 8.34276e-07 7.20787e-07 6.22107e-07 5.3641e-07 4.62077e-07 3.97677e-07 3.41943e-07 2.93763e-07 2.52156e-07 2.16262e-07 1.85327e-07 1.58692e-07 1.3578e-07 1.16089e-07 9.91805e-08 8.46742e-08 7.2239e-08 6.15879e-08 5.24721e-08 4.46763e-08 3.80144e-08 3.23257e-08 2.74714e-08 2.33321e-08 1.98049e-08 1.68012e-08 1.4245e-08 1.20711e-08 1.02233e-08 8.65385e-09 7.32149e-09 6.19109e-09 5.23259e-09 4.42031e-09 3.73232e-09 3.14991e-09 2.65714e-09 2.24043e-09 1.88822e-09 1.59068e-09 1.33943e-09 1.12739e-09 9.4852e-10 7.97696e-10 6.70581e-10 5.63497e-10 4.73325e-10 3.97429e-10 3.33575e-10 2.79874e-10 2.34732e-10 1.96799e-10 1.64936e-10 1.38183e-10 1.1573e-10
5.27124e-05 3.78532e-05 4.16108e-05 4.42718e-05 4.59473e-05 4.67567e-05 4.68213e-05 4.62594e-05 4.5183e-05 4.36954e-05 4.18904e-05 3.98512e-05 3.76505e-05 3.53507e-05 3.30044e-05 3.06554e-05 2.83391e-05 2.60838e-05 2.39111e-05 2.18372e-05 1.98734e-05 1.80269e-05 1.63018e-05 1.46991e-05 1.32179e-05 1.18552e-05 1.06071e-05 9.46832e-06 8.4332e-06 7.49547e-06 6.64867e-06 5.88625e-06 5.20173e-06 4.58875e-06 4.0412e-06 3.55324e-06 3.11935e-06 2.73436e-06 2.39344e-06 2.09212e-06 1.82629e-06 1.59218e-06 1.38635e-06 1.20567e-06 1.04732e-06 9.08732e-07 7.87619e-07 6.81923e-07 5.89801e-07 5.09614e-07 4.399e-07 3.79363e-07 3.26856e-07 2.81364e-07 2.41993e-07 2.07954e-07 1.78555e-07 1.53189e-07 1.31323e-07 1.12492e-07 9.62887e-08 8.23592e-08 7.03944e-08 6.01258e-08 5.132e-08 4.37746e-08 3.73143e-08 3.1787e-08 2.70616e-08 2.30245e-08 1.95779e-08 1.66375e-08 1.41306e-08 1.19946e-08 1.01759e-08 8.62823e-09 7.31207e-09 6.19345e-09 5.24327e-09 4.43663e-09 3.75223e-09 3.17186e-09 2.67999e-09 2.26333e-09 1.91057e-09 1.61206e-09 1.35959e-09 1.14616e-09 9.65812e-10 8.13501e-10 6.84924e-10 5.76433e-10 4.84932e-10 4.07793e-10 3.42791e-10 2.8804e-10 2.41942e-10 2.03146e-10 1.70508e-10 1.43062e-10 1.19991e-10
4.14764e-05 3.0515e-05 3.38406e-05 3.62767e-05 3.79013e-05 3.88024e-05 3.90724e-05 3.88035e-05 3.80851e-05 3.70009e-05 3.56279e-05 3.40355e-05 3.22852e-05 3.04304e-05 2.85168e-05 2.65829e-05 2.46604e-05 2.27751e-05 2.09472e-05 1.91921e-05 1.75212e-05 1.59422e-05 1.44599e-05 1.30767e-05 1.17929e-05 1.06071e-05 9.51668e-06 8.51816e-06 7.60724e-06 6.77916e-06 6.02887e-06 5.35114e-06 4.74072e-06 4.19242e-06 3.70117e-06 3.26209e-06 2.87055e-06 2.52216e-06 2.2128e-06 1.93864e-06 1.69613e-06 1.482e-06 1.29325e-06 1.12716e-06 9.81221e-07 8.53194e-07 7.41041e-07 6.42933e-07 5.57226e-07 4.82451e-07 4.17295e-07 3.6059e-07 3.11298e-07 2.68499e-07 2.31377e-07 1.99216e-07 1.7138e-07 1.47312e-07 1.26522e-07 1.08582e-07 9.31138e-08 7.97898e-08 6.83224e-08 5.84615e-08 4.99889e-08 4.27151e-08 3.64754e-08 3.11269e-08 2.65457e-08 2.26246e-08 1.92709e-08 1.64045e-08 1.39563e-08 1.18665e-08 1.0084e-08 8.56455e-09 7.27007e-09 6.16795e-09 5.23017e-09 4.4327e-09 3.75493e-09 3.17922e-09 2.69047e-09 2.27576e-09 1.92408e-09 1.62599e-09 1.37346e-09 1.15964e-09 9.78669e-10 8.25586e-10 6.96153e-10 5.86767e-10 4.94365e-10 4.16346e-10 3.505e-10 2.94952e-10 2.48111e-10 2.0863e-10 1.75366e-10 1.4735e-10 1.23766e-10
3.26354e-05 2.45854e-05 2.75025e-05 2.97018e-05 3.12361e-05 3.21691e-05 3.25702e-05 3.25109e-05 3.20616e-05 3.12899e-05 3.02585e-05 2.90251e-05 2.76412e-05 2.61522e-05 2.45975e-05 2.30108e-05 2.14202e-05 1.98487e-05 1.83151e-05 1.68337e-05 1.54156e-05 1.40688e-05 1.27984e-05 1.16076e-05 1.04977e-05 9.46832e-06 8.51816e-06 7.64482e-06 6.84525e-06 6.1159e-06 5.45286e-06 4.852e-06 4.30912e-06 3.82e-06 3.38046e-06 2.98647e-06 2.63414e-06 2.31976e-06 2.03984e-06 1.79112e-06 1.57053e-06 1.37526e-06 1.2027e-06 1.05047e-06 9.164e-07 7.98496e-07 6.94968e-07 6.04194e-07 5.24712e-07 4.55211e-07 3.94516e-07 3.41577e-07 2.95458e-07 2.55329e-07 2.20449e-07 1.90166e-07 1.63902e-07 1.41147e-07 1.21451e-07 1.04421e-07 8.97082e-08 7.701e-08 6.60601e-08 5.66259e-08 4.85046e-08 4.15192e-08 3.55157e-08 3.036e-08 2.59359e-08 2.21424e-08 1.8892e-08 1.61088e-08 1.37275e-08 1.16913e-08 9.95138e-09 8.46563e-09 7.19773e-09 6.11639e-09 5.19474e-09 4.40966e-09 3.7413e-09 3.17264e-09 2.68909e-09 2.27812e-09 1.92904e-09 1.63268e-09 1.38121e-09 1.16794e-09 9.8716e-10 8.33995e-10 7.0429e-10 5.94504e-10 5.01621e-10 4.23075e-10 3.56684e-10 3.00591e-10 2.53219e-10 2.1323e-10 1.79488e-10 1.51028e-10 1.27034e-10
2.56789e-05 1.97971e-05 2.23368e-05 2.42999e-05 2.57208e-05 2.66442e-05 2.71217e-05 2.7208e-05 2.69582e-05 2.64264e-05 2.56636e-05 2.4717e-05 2.36299e-05 2.24405e-05 2.11826e-05 1.98853e-05 1.85734e-05 1.72673e-05 1.59841e-05 1.4737e-05 1.35366e-05 1.23906e-05 1.13045e-05 1.02818e-05 9.32455e-06 8.4332e-06 7.60724e-06 6.84525e-06 6.14516e-06 5.50435e-06 4.91988e-06 4.38853e-06 3.90695e-06 3.47175e-06 3.07951e-06 2.72691e-06 2.4107e-06 2.12779e-06 1.87521e-06 1.65018e-06 1.4501e-06 1.27253e-06 1.11523e-06 9.76117e-07 8.53301e-07 7.45043e-07 6.49763e-07 5.66029e-07 4.92546e-07 4.28148e-07 3.71785e-07 3.22518e-07 2.79507e-07 2.42002e-07 2.09335e-07 1.80916e-07 1.56217e-07 1.34775e-07 1.16179e-07 1.00067e-07 8.61216e-08 7.4062e-08 6.36428e-08 5.46489e-08 4.68921e-08 4.02078e-08 3.44525e-08 2.9501e-08 2.52444e-08 2.15879e-08 1.84493e-08 1.57572e-08 1.34498e-08 1.14733e-08 9.7816e-09 8.33451e-09 7.0975e-09 6.04075e-09 5.13854e-09 4.36875e-09 3.71234e-09 3.15293e-09 2.67647e-09 2.27088e-09 1.92582e-09 1.6324e-09 1.38304e-09 1.17123e-09 9.91401e-10 8.3881e-10 7.09391e-10 5.99681e-10 5.06721e-10 4.27991e-10 3.61344e-10 3.04952e-10 2.57256e-10 2.16935e-10 1.82863e-10 1.54082e-10 1.29783e-10
2.02052e-05 1.59331e-05 1.81299e-05 1.9866e-05 2.11618e-05 2.2048e-05 2.25621e-05 2.27455e-05 2.26411e-05 2.22916e-05 2.17383e-05 2.10199e-05 2.0172e-05 1.92271e-05 1.82137e-05 1.71569e-05 1.60783e-05 1.4996e-05 1.39252e-05 1.28781e-05 1.18645e-05 1.08917e-05 9.96537e-06 9.08919e-06 8.26552e-06 7.49547e-06 6.77916e-06 6.1159e-06 5.50435e-06 4.94269e-06 4.42872e-06 3.95997e-06 3.53382e-06 3.14755e-06 2.7984e-06 2.48364e-06 2.20059e-06 1.94664e-06 1.71933e-06 1.51628e-06 1.33528e-06 1.17425e-06 1.03124e-06 9.04472e-07 7.92285e-07 6.93164e-07 6.05727e-07 5.28711e-07 4.60973e-07 4.01478e-07 3.49295e-07 3.03584e-07 2.63593e-07 2.28649e-07 1.9815e-07 1.71562e-07 1.4841e-07 1.28269e-07 1.10768e-07 9.55758e-08 8.24004e-08 7.09851e-08 6.11041e-08 5.25589e-08 4.51754e-08 3.88011e-08 3.33028e-08 2.85639e-08 2.44828e-08 2.0971e-08 1.79512e-08 1.53566e-08 1.31288e-08 1.12174e-08 9.57854e-09 8.17432e-09 6.97196e-09 5.94311e-09 5.06328e-09 4.31136e-09 3.66915e-09 3.12097e-09 2.65332e-09 2.25461e-09 1.91486e-09 1.62551e-09 1.37923e-09 1.16971e-09 9.91552e-10 8.4015e-10 7.11546e-10 6.02361e-10 5.09709e-10 4.31124e-10 3.64501e-10 3.08046e-10 2.60229e-10 2.19745e-10 1.85486e-10 1.56508e-10 1.32005e-10
1.58983e-05 1.28169e-05 1.47066e-05 1.62298e-05 1.73972e-05 1.82287e-05 1.87512e-05 1.89953e-05 1.89943e-05 1.87818e-05 1.83906e-05 1.78525e-05 1.71968e-05 1.64505e-05 1.56379e-05 1.47803e-05 1.38964e-05 1.30022e-05 1.21111e-05 1.12342e-05 1.03804e-05 9.5567e-06 8.76846e-06 8.0195e-06 7.31241e-06 6.64867e-06 6.02887e-06 5.45286e-06 4.91988e-06 4.42872e-06 3.97778e-06 3.56523e-06 3.18902e-06 2.847e-06 2.53695e-06 2.25665e-06 2.00389e-06 1.77652e-06 1.57245e-06 1.3897e-06 1.22639e-06 1.08073e-06 9.51061e-07 8.35841e-07 7.33636e-07 6.43128e-07 5.63106e-07 4.92465e-07 4.30197e-07 3.75389e-07 3.27213e-07 2.84923e-07 2.47848e-07 2.15385e-07 1.86995e-07 1.62195e-07 1.40557e-07 1.21698e-07 1.05277e-07 9.09961e-08 7.85873e-08 6.78162e-08 5.84754e-08 5.03825e-08 4.33771e-08 3.73185e-08 3.2083e-08 2.75627e-08 2.3663e-08 2.03014e-08 1.74059e-08 1.49137e-08 1.27703e-08 1.09282e-08 9.34608e-09 7.98828e-09 6.82375e-09 5.82565e-09 4.97074e-09 4.23894e-09 3.61292e-09 3.07772e-09 2.62042e-09 2.22993e-09 1.89667e-09 1.61241e-09 1.37009e-09 1.16362e-09 9.87806e-10 8.38165e-10 7.10868e-10 6.02633e-10 5.10652e-10 4.32522e-10 3.66189e-10 3.09898e-10 2.62152e-10 2.21671e-10 1.87365e-10 1.58306e-10 1.33701e-10
1.25095e-05 1.03052e-05 1.19228e-05 1.32504e-05 1.42915e-05 1.50584e-05 1.55697e-05 1.58479e-05 1.59182e-05 1.58069e-05 1.55402e-05 1.51436e-05 1.46414e-05 1.40559e-05 1.34074e-05 1.27143e-05 1.19925e-05 1.12559e-05 1.05165e-05 9.78395e-06 9.06653e-06 8.3707e-06 7.70151e-06 7.06275e-06 6.45709e-06 5.88625e-06 5.35114e-06 4.852e-06 4.38853e-06 3.95997e-06 3.56523e-06 3.20295e-06 2.87158e-06 2.56943e-06 2.29474e-06 2.04571e-06 1.82053e-06 1.61743e-06 1.43468e-06 1.2706e-06 1.1236e-06 9.92175e-07 8.74898e-07 7.70441e-07 6.7757e-07 5.95139e-07 5.22096e-07 4.57473e-07 4.00387e-07 3.50031e-07 3.05676e-07 2.66659e-07 2.32383e-07 2.0231e-07 1.75958e-07 1.52892e-07 1.32728e-07 1.15119e-07 9.97584e-08 8.63734e-08 7.47217e-08 6.4589e-08 5.57857e-08 4.81448e-08 4.15188e-08 3.57779e-08 3.08084e-08 2.65103e-08 2.27958e-08 1.95884e-08 1.6821e-08 1.44351e-08 1.23797e-08 1.06103e-08 9.0881e-09 7.7796e-09 6.65554e-09 5.69057e-09 4.86273e-09 4.15299e-09 3.54488e-09 3.02418e-09 2.57859e-09 2.1975e-09 1.87178e-09 1.59353e-09 1.35597e-09 1.15326e-09 9.80387e-10 8.33033e-10 7.07497e-10 6.00606e-10 5.09634e-10 4.32251e-10 3.66457e-10 3.10545e-10 2.63053e-10 2.22731e-10 1.88512e-10 1.59486e-10 1.34876e-10
9.84297e-06 8.28195e-06 9.66058e-06 1.08109e-05 1.17317e-05 1.24295e-05 1.29167e-05 1.32094e-05 1.33268e-05 1.32889e-05 1.31167e-05 1.28305e-05 1.24502e-05 1.19943e-05 1.14797e-05 1.09218e-05 1.03345e-05 9.72967e-06 9.11773e-06 8.50743e-06 7.90609e-06 7.31965e-06 6.75283e-06 6.20926e-06 5.69161e-06 5.20173e-06 4.74072e-06 4.30912e-06 3.90695e-06 3.53382e-06 3.18902e-06 2.87158e-06 2.58033e-06 2.314e-06 2.07117e-06 1.85042e-06 1.65027e-06 1.46927e-06 1.30598e-06 1.15901e-06 1.02701e-06 9.08707e-07 8.02891e-07 7.08423e-07 6.2424e-07 5.49352e-07 4.82846e-07 4.23879e-07 3.71676e-07 3.25531e-07 2.848e-07 2.48898e-07 2.17294e-07 1.8951e-07 1.65115e-07 1.43721e-07 1.24982e-07 1.08586e-07 9.42576e-08 8.17482e-08 7.08387e-08 6.13341e-08 5.30616e-08 4.58686e-08 3.96199e-08 3.41965e-08 2.94936e-08 2.54191e-08 2.18919e-08 1.8841e-08 1.62043e-08 1.39273e-08 1.19624e-08 1.02682e-08 8.80838e-09 7.55145e-09 6.46997e-09 5.54009e-09 4.7411e-09 4.05502e-09 3.46628e-09 2.96139e-09 2.52867e-09 2.15804e-09 1.84076e-09 1.56933e-09 1.33725e-09 1.13892e-09 9.69539e-10 8.2495e-10 7.01592e-10 5.96404e-10 5.06754e-10 4.30387e-10 3.65366e-10 3.10033e-10 2.62967e-10 2.22952e-10 1.88947e-10 1.60063e-10 1.3554e-10
