0.288833 0.119639 0.0495559 0.0205267 0.00850245 0.00352183 0.00145879 0.00060425 0.000250289 0.000103673 4.29428e-05 1.77875e-05 7.36781e-06 3.05185e-06 1.26412e-06 5.23614e-07 2.16888e-07 8.9838e-08 3.72121e-08 1.54138e-08 6.38459e-09 2.64458e-09 1.09542e-09 4.53739e-10 1.87945e-10 7.78493e-11 3.22462e-11 1.33568e-11 5.53258e-12 2.29167e-12 9.4924e-13 3.93188e-13 1.62864e-13 6.74604e-14 2.7943e-14 1.15744e-14 4.79427e-15 1.98585e-15 8.22566e-16 3.40718e-16 1.4113e-16 5.8458e-17 2.42141e-17 1.00298e-17 4.15448e-18 1.72084e-18 7.12796e-19 2.9525e-19 1.22296e-19 5.06568e-20 2.09828e-20 8.69134e-21 3.60007e-21 1.4912e-21 6.17675e-22 2.55849e-22 1.05976e-22 4.38968e-23 1.81826e-23 7.5315e-24 3.11965e-24 1.2922e-24 5.35247e-25 2.21707e-25 9.18339e-26 3.80388e-26 1.57562e-26 6.52643e-27 2.70334e-27 1.11976e-27 4.63819e-28 1.9212e-28 7.95788e-29 3.29626e-29 1.36536e-29 5.65549e-30 2.34258e-30 9.70329e-31 4.01923e-31 1.66482e-31 6.89592e-32 2.85638e-32 1.18315e-32 4.90078e-33 2.02997e-33 8.4084e-34 3.48287e-34 1.44265e-34 5.97567e-35 2.4752e-35 1.02526e-35 4.24678e-36 1.75907e-36 7.28632e-37 3.01809e-37 1.25013e-37 5.17823e-38 2.14489e-38 8.88443e-39 3.68005e-39 1.52433e-39
0.119639 0.0652432 0.0335225 0.016577 0.00798129 0.00376775 0.00175193 0.000804905 0.000366221 0.000165288 7.40952e-05 3.30236e-05 1.46449e-05 6.46628e-06 2.84418e-06 1.24675e-06 5.44861e-07 2.37469e-07 1.03242e-07 4.47854e-08 1.93879e-08 8.37749e-09 3.6137e-09 1.55634e-09 6.69301e-10 2.87441e-10 1.2329e-10 5.28199e-11 2.26042e-11 9.66344e-12 4.1272e-12 1.7611e-12 7.50825e-13 3.19848e-13 1.36149e-13 5.79125e-14 2.46168e-14 1.0457e-14 4.43929e-15 1.88349e-15 7.98672e-16 3.38486e-16 1.4338e-16 6.07053e-17 2.56897e-17 1.08667e-17 4.59458e-18 1.94185e-18 8.20377e-19 3.46454e-19 1.46257e-19 6.17213e-20 2.60379e-20 1.09808e-20 4.62937e-21 1.9511e-21 8.22066e-22 3.46267e-22 1.45813e-22 6.13851e-23 2.58356e-23 1.08709e-23 4.57305e-24 1.92329e-24 8.08695e-25 3.3996e-25 1.42882e-25 6.00395e-26 2.52236e-26 1.05948e-26 4.44933e-27 1.86816e-27 7.84253e-28 3.2917e-28 1.38137e-28 5.79598e-29 2.43149e-29 1.01988e-29 4.27718e-30 1.7935e-30 7.51933e-31 3.15206e-31 1.32114e-31 5.5366e-32 2.31995e-32 9.71981e-33 4.07175e-33 1.70549e-33 7.14272e-34 2.99107e-34 1.25238e-34 5.24323e-35 2.19488e-35 9.18704e-36 3.84497e-36 1.60903e-36 6.73272e-37 2.81691e-37 1.17845e-37 4.92956e-38 2.06188e-38
0.0495559 0.0335225 0.0201205 0.0112698 0.00603023 0.00312257 0.00157728 0.000781301 0.000380936 0.00018331 8.72391e-05 4.1126e-05 1.92287e-05 8.92596e-06 4.11711e-06 1.88828e-06 8.61645e-07 3.91377e-07 1.77032e-07 7.97738e-08 3.58226e-08 1.60348e-08 7.15635e-09 3.18517e-09 1.41408e-09 6.2631e-10 2.76789e-10 1.22072e-10 5.3733e-11 2.36091e-11 1.03556e-11 4.53495e-12 1.98293e-12 8.65801e-13 3.77516e-13 1.64396e-13 7.15006e-14 3.10614e-14 1.34787e-14 5.84267e-15 2.53007e-15 1.09454e-15 4.73074e-16 2.04286e-16 8.81407e-17 3.79978e-17 1.63681e-17 7.04548e-18 3.03044e-18 1.30256e-18 5.59494e-19 2.40166e-19 1.03028e-19 4.41706e-20 1.8926e-20 8.10475e-21 3.46882e-21 1.48387e-21 6.34432e-22 2.71119e-22 1.15804e-22 4.94412e-23 2.10987e-23 8.99979e-24 3.83728e-24 1.63544e-24 6.96742e-25 2.96715e-25 1.26311e-25 5.37505e-26 2.28648e-26 9.72301e-27 4.13319e-27 1.75641e-27 7.46148e-28 3.16874e-28 1.34529e-28 5.7097e-29 2.42261e-29 1.02761e-29 4.35767e-30 1.8474e-30 7.82979e-31 3.31762e-31 1.40538e-31 5.95183e-32 2.52001e-32 1.06672e-32 4.51438e-33 1.91006e-33 8.07973e-34 3.41706e-34 1.44483e-34 6.10783e-35 2.58148e-35 1.09085e-35 4.60864e-36 1.94669e-36 8.22129e-37 3.47138e-37 1.46549e-37
0.0205267 0.016577 0.0112698 0.00697685 0.00406621 0.00227059 0.00122768 0.000647197 0.000334251 0.000169712 8.49378e-05 4.19877e-05 2.05342e-05 9.94805e-06 4.77932e-06 2.27904e-06 1.07949e-06 5.08218e-07 2.37947e-07 1.10845e-07 5.13976e-08 2.37309e-08 1.09137e-08 5.00077e-09 2.28363e-09 1.03952e-09 4.71792e-10 2.1353e-10 9.63898e-11 4.34044e-11 1.94997e-11 8.74119e-12 3.91031e-12 1.74581e-12 7.77987e-13 3.4608e-13 1.53691e-13 6.81426e-14 3.01664e-14 1.33349e-14 5.88639e-15 2.59492e-15 1.14246e-15 5.02367e-16 2.20642e-16 9.67966e-17 4.24187e-17 1.85694e-17 8.1208e-18 3.54793e-18 1.54861e-18 6.75331e-19 2.94245e-19 1.28095e-19 5.57187e-20 2.42173e-20 1.05176e-20 4.56441e-21 1.97943e-21 8.57816e-22 3.71495e-22 1.60778e-22 6.95385e-23 3.00576e-23 1.29844e-23 5.60578e-24 2.41882e-24 1.04311e-24 4.49597e-25 1.93682e-25 8.33939e-26 3.58892e-26 1.54377e-26 6.63737e-27 2.8524e-27 1.22526e-27 5.26087e-28 2.25788e-28 9.68639e-29 4.15381e-29 1.78057e-29 7.62959e-30 3.26797e-30 1.39925e-30 5.98897e-31 2.56245e-31 1.09599e-31 4.68611e-32 2.00296e-32 8.55834e-33 3.65568e-33 1.56103e-33 6.66377e-34 2.8438e-34 1.21325e-34 5.17458e-35 2.20636e-35 9.40499e-36 4.00794e-36 1.70753e-36 7.2728e-37
0.00850245 0.00798129 0.00603023 0.00406621 0.00255045 0.00152014 0.000871936 0.000485287 0.000263574 0.000140279 7.33872e-05 3.783e-05 1.92518e-05 9.68712e-06 4.82569e-06 2.38245e-06 1.16674e-06 5.67211e-07 2.73914e-07 1.31471e-07 6.27488e-08 2.97942e-08 1.4079e-08 6.62338e-09 3.10301e-09 1.44812e-09 6.73357e-10 3.12038e-10 1.44138e-10 6.63799e-11 3.04829e-11 1.39606e-11 6.37739e-12 2.90622e-12 1.32133e-12 5.99438e-13 2.71375e-13 1.22611e-13 5.5292e-14 2.48889e-14 1.11839e-14 5.01713e-15 2.2471e-15 1.0049e-15 4.4873e-16 2.00092e-16 8.91009e-17 3.96245e-17 1.75993e-17 7.80722e-18 3.45928e-18 1.53102e-18 6.76861e-19 2.98921e-19 1.31876e-19 5.81224e-20 2.55919e-20 1.12579e-20 4.94784e-21 2.17267e-21 9.53242e-22 4.17881e-22 1.83043e-22 8.01149e-23 3.50385e-23 1.53128e-23 6.68736e-24 2.91843e-24 1.27277e-24 5.54704e-25 2.41598e-25 1.0516e-25 4.57449e-26 1.98872e-26 8.64075e-27 3.75216e-27 1.62844e-27 7.06355e-28 3.06228e-28 1.32691e-28 5.74672e-29 2.48761e-29 1.0763e-29 4.65456e-30 2.01198e-30 8.69302e-31 3.75427e-31 1.62066e-31 6.99314e-32 3.01629e-32 1.30045e-32 5.60459e-33 2.41447e-33 1.03976e-33 4.47592e-34 1.92606e-34 8.28513e-35 3.56266e-35 1.53143e-35 6.58072e-36 2.82685e-36
0.00352183 0.00376775 0.00312257 0.00227059 0.00152014 0.000960255 0.000580667 0.000339289 0.000192809 0.000107063 5.82958e-05 3.12112e-05 1.64665e-05 8.57572e-06 4.41513e-06 2.24979e-06 1.13581e-06 5.68601e-07 2.8247e-07 1.39341e-07 6.82919e-08 3.32707e-08 1.61192e-08 7.76939e-09 3.72684e-09 1.77968e-09 8.46274e-10 4.00831e-10 1.89144e-10 8.89397e-11 4.16828e-11 1.94738e-11 9.0709e-12 4.21327e-12 1.95172e-12 9.01786e-13 4.15649e-13 1.91133e-13 8.76953e-14 4.01504e-14 1.83449e-14 8.36543e-15 3.80755e-15 1.72989e-15 7.84578e-16 3.55245e-16 1.60591e-16 7.24842e-17 3.26674e-17 1.47015e-17 6.60695e-18 2.96522e-18 1.32907e-18 5.94968e-19 2.66017e-19 1.18799e-19 5.29933e-20 2.36128e-20 1.05101e-20 4.6732e-21 2.07578e-21 9.2113e-22 4.08363e-22 1.8087e-22 8.00381e-23 3.53871e-23 1.56322e-23 6.89977e-24 3.04296e-24 1.34096e-24 5.90471e-25 2.5981e-25 1.14234e-25 5.01907e-26 2.20368e-26 9.66893e-27 4.23954e-27 1.85771e-27 8.13504e-28 3.56019e-28 1.55712e-28 6.80634e-29 2.9734e-29 1.29821e-29 5.66497e-30 2.47066e-30 1.07695e-30 4.69196e-31 2.0431e-31 8.89217e-32 3.86823e-32 1.68193e-32 7.30971e-33 3.17534e-33 1.37875e-33 5.98391e-34 2.59595e-34 1.1257e-34 4.87937e-35 2.11411e-35 9.15617e-36
0.00145879 0.00175193 0.00157728 0.00122768 0.000871936 0.000580667 0.000368441 0.000225062 0.000133303 7.69539e-05 4.34681e-05 2.40974e-05 1.31423e-05 7.06503e-06 3.74965e-06 1.96733e-06 1.02155e-06 5.25478e-07 2.67989e-07 1.35599e-07 6.81153e-08 3.39875e-08 1.68536e-08 8.30902e-09 4.07438e-09 1.98782e-09 9.65235e-10 4.66609e-10 2.2462e-10 1.07702e-10 5.1448e-11 2.44891e-11 1.16175e-11 5.49366e-12 2.58993e-12 1.21746e-12 5.70711e-13 2.66827e-13 1.24436e-13 5.78906e-14 2.68697e-14 1.24438e-14 5.75058e-15 2.65204e-15 1.22065e-15 5.60756e-16 2.57136e-16 1.17702e-16 5.37856e-17 2.45377e-17 1.11766e-17 5.08302e-18 2.30827e-18 1.04671e-18 4.73985e-19 2.14346e-19 9.68052e-20 4.36648e-20 1.96711e-20 8.85134e-21 3.97818e-21 1.78595e-21 8.00904e-22 3.5878e-22 1.60555e-22 7.17768e-23 3.20565e-23 1.43032e-23 6.37594e-24 2.83962e-24 1.26355e-24 5.61758e-25 2.4954e-25 1.10757e-25 4.91198e-26 2.1767e-26 9.6385e-27 4.26476e-27 1.88565e-27 8.33138e-28 3.67848e-28 1.62302e-28 7.15627e-29 3.1533e-29 1.38856e-29 6.11072e-30 2.68752e-30 1.18127e-30 5.18909e-31 2.27814e-31 9.99595e-32 4.38355e-32 1.92128e-32 8.41633e-33 3.68491e-33 1.61253e-33 7.05293e-34 3.08329e-34 1.34725e-34 5.88404e-35 2.56861e-35
0.00060425 0.000804905 0.000781301 0.000647197 0.000485287 0.000339289 0.000225062 0.000143244 8.81588e-05 5.27608e-05 3.08357e-05 1.7657e-05 9.93181e-06 5.49926e-06 3.00258e-06 1.61892e-06 8.63029e-07 4.55351e-07 2.38e-07 1.23325e-07 6.33969e-08 3.23507e-08 1.63957e-08 8.25679e-09 4.13342e-09 2.05774e-09 1.01906e-09 5.02202e-10 2.46345e-10 1.20312e-10 5.85162e-11 2.83491e-11 1.36831e-11 6.58102e-12 3.15454e-12 1.50725e-12 7.17959e-13 3.4099e-13 1.61498e-13 7.62822e-14 3.59387e-14 1.68899e-14 7.91885e-15 3.70429e-15 1.729e-15 8.05314e-16 3.74327e-16 1.73653e-16 8.04065e-17 3.71624e-17 1.71454e-17 7.89674e-18 3.63102e-18 1.66691e-18 7.64051e-19 3.49686e-19 1.59808e-19 7.293e-20 3.32365e-20 1.51267e-20 6.8756e-21 3.12125e-21 1.41519e-21 6.40888e-22 2.89898e-22 1.30984e-22 5.9117e-23 2.66527e-23 1.20037e-23 5.40067e-24 2.42743e-24 1.09e-24 4.88984e-25 2.1916e-25 9.81377e-26 4.39064e-26 1.96266e-26 8.76591e-27 3.91194e-27 1.74436e-27 7.77213e-28 3.46026e-28 1.53939e-28 6.84337e-29 3.04002e-29 1.34951e-29 5.98651e-30 2.65386e-30 1.17569e-30 5.20501e-31 2.3029e-31 1.01825e-31 4.49954e-32 1.9871e-32 8.77027e-33 3.8686e-33 1.70548e-33 7.51446e-34 3.3091e-34 1.45642e-34 6.40667e-35
0.000250289 0.000366221 0.000380936 0.000334251 0.000263574 0.000192809 0.000133303 8.81588e-05 5.62363e-05 3.48106e-05 2.10048e-05 1.23984e-05 7.17904e-06 4.08692e-06 2.29172e-06 1.26776e-06 6.92766e-07 3.74367e-07 2.00256e-07 1.06124e-07 5.57567e-08 2.90614e-08 1.50355e-08 7.72541e-09 3.9439e-09 2.00127e-09 1.00977e-09 5.06786e-10 2.53069e-10 1.25773e-10 6.22273e-11 3.06564e-11 1.50418e-11 7.35198e-12 3.58025e-12 1.73741e-12 8.40307e-13 4.05121e-13 1.94717e-13 9.33142e-14 4.45934e-14 2.12531e-14 1.01029e-14 4.79056e-15 2.26612e-15 1.06949e-15 5.03617e-16 2.36641e-16 1.10963e-16 5.19269e-17 2.4253e-17 1.13064e-17 5.26131e-18 2.44399e-18 1.13335e-18 5.24702e-19 2.42529e-19 1.11928e-19 5.15775e-20 2.37325e-20 1.09045e-20 5.00343e-21 2.29268e-21 1.04918e-21 4.79513e-22 2.18883e-22 9.9792e-23 4.54431e-23 2.06699e-23 9.39124e-24 4.26217e-24 1.9323e-24 8.75116e-25 3.95925e-25 1.78949e-25 8.08021e-26 3.64505e-26 1.64278e-26 7.39711e-27 3.32781e-27 1.49581e-27 6.71778e-28 3.01448e-28 1.35159e-28 6.05524e-29 2.71067e-29 1.21252e-29 5.41972e-30 2.42072e-30 1.08043e-30 4.81884e-31 2.14777e-31 9.56611e-32 4.25788e-32 1.89394e-32 8.41898e-33 3.74006e-33 1.66046e-33 7.36736e-34 3.26691e-34 1.44779e-34
0.000103673 0.000165288 0.00018331 0.000169712 0.000140279 0.000107063 7.69539e-05 5.27608e-05 3.48106e-05 2.22438e-05 1.38323e-05 8.40209e-06 5.00007e-06 2.92214e-06 1.68042e-06 9.52447e-07 5.32813e-07 2.94532e-07 1.6105e-07 8.71849e-08 4.67642e-08 2.487e-08 1.31216e-08 6.87207e-09 3.57424e-09 1.84699e-09 9.48641e-10 4.84451e-10 2.46065e-10 1.24346e-10 6.25328e-11 3.13035e-11 1.56021e-11 7.74407e-12 3.8286e-12 1.88569e-12 9.25418e-13 4.52593e-13 2.2062e-13 1.07203e-13 5.19342e-14 2.50861e-14 1.20836e-14 5.80485e-15 2.78137e-15 1.32935e-15 6.33832e-16 3.01507e-16 1.43102e-16 6.77722e-17 3.20291e-17 1.51063e-17 7.11073e-18 3.34075e-18 1.56665e-18 7.33371e-19 3.42704e-19 1.59876e-19 7.44622e-20 3.46256e-20 1.60763e-20 7.45285e-21 3.45003e-21 1.59479e-21 7.36179e-22 3.39372e-22 1.56241e-22 7.18388e-23 3.29897e-23 1.5131e-23 6.9317e-24 3.17181e-24 1.44971e-24 6.61871e-25 3.01853e-25 1.37517e-25 6.25849e-26 2.8454e-26 1.29237e-26 5.8642e-27 2.6584e-27 1.204e-27 5.44806e-28 2.46303e-28 1.11255e-28 5.02109e-29 2.26419e-29 1.02017e-29 4.59286e-30 2.0661e-30 9.28719e-31 4.17146e-31 1.87227e-31 8.39714e-32 3.76342e-32 1.6855e-32 7.54356e-33 3.37387e-33 1.50796e-33 6.73548e-34 3.00655e-34
4.29428e-05 7.40952e-05 8.72391e-05 8.49378e-05 7.33872e-05 5.82958e-05 4.34681e-05 3.08357e-05 2.10048e-05 1.38323e-05 8.85072e-06 5.52437e-06 3.37414e-06 2.02169e-06 1.19082e-06 6.90723e-07 3.95121e-07 2.23186e-07 1.24619e-07 6.88472e-08 3.76645e-08 2.04191e-08 1.09768e-08 5.85458e-09 3.09973e-09 1.62988e-09 8.51481e-10 4.42124e-10 2.2825e-10 1.17196e-10 5.98655e-11 3.04308e-11 1.53968e-11 7.75576e-12 3.89033e-12 1.94357e-12 9.67255e-13 4.79606e-13 2.36972e-13 1.16692e-13 5.72766e-14 2.8026e-14 1.36723e-14 6.65079e-15 3.22625e-15 1.56085e-15 7.53186e-16 3.62545e-16 1.74091e-16 8.3403e-17 3.98666e-17 1.90148e-17 9.05017e-18 4.29868e-18 2.03776e-18 9.64136e-19 4.55316e-19 2.14635e-19 1.01001e-19 4.74469e-20 2.2252e-20 1.0419e-20 4.87083e-21 2.2736e-21 1.05969e-21 4.93184e-22 2.29206e-22 1.06376e-22 4.93033e-23 2.28212e-23 1.05498e-23 4.87086e-24 2.24614e-24 1.03454e-24 4.75943e-25 2.18708e-25 1.0039e-25 4.60303e-26 2.1083e-26 9.64646e-27 4.4092e-27 2.01334e-27 9.18438e-28 4.18568e-28 1.90578e-28 8.66923e-29 3.94e-29 1.78907e-29 8.11675e-30 3.67931e-30 1.66644e-30 7.54147e-31 3.41015e-31 1.54081e-31 6.95646e-32 3.13832e-32 1.41476e-32 6.37306e-33 2.8688e-33 1.29047e-33 5.80084e-34
1.77875e-05 3.30236e-05 4.1126e-05 4.19877e-05 3.783e-05 3.12112e-05 2.40974e-05 1.7657e-05 1.23984e-05 8.40209e-06 5.52437e-06 3.53871e-06 2.2156e-06 1.3595e-06 8.19309e-07 4.85841e-07 2.83912e-07 1.63715e-07 9.32609e-08 5.25346e-08 2.92887e-08 1.61731e-08 8.85149e-09 4.80432e-09 2.58745e-09 1.3834e-09 7.34599e-10 3.8757e-10 2.03238e-10 1.05963e-10 5.49461e-11 2.83445e-11 1.45499e-11 7.43388e-12 3.7812e-12 1.91509e-12 9.66006e-13 4.85371e-13 2.42966e-13 1.21188e-13 6.02391e-14 2.98443e-14 1.47389e-14 7.25666e-15 3.56229e-15 1.74376e-15 8.51246e-16 4.1445e-16 2.0127e-16 9.75013e-17 4.71198e-17 2.27191e-17 1.09296e-17 5.24653e-18 2.51319e-18 1.20141e-18 5.73182e-19 2.72934e-19 1.29721e-19 6.1542e-20 2.9145e-20 1.37787e-20 6.50314e-21 3.06429e-21 1.4416e-21 6.77157e-22 3.17597e-22 1.48739e-22 6.9558e-23 3.24834e-23 1.51489e-23 7.0554e-24 3.28166e-24 1.52445e-24 7.07279e-25 3.27747e-25 1.51695e-25 7.01286e-26 3.23836e-26 1.49372e-26 6.8824e-27 3.16771e-27 1.45646e-27 6.68964e-28 3.06953e-28 1.40706e-28 6.44368e-29 2.94811e-29 1.34757e-29 6.15406e-30 2.80792e-30 1.28005e-30 5.83036e-31 2.65336e-31 1.20653e-31 5.48183e-32 2.48866e-32 1.12892e-32 5.11714e-33 2.31772e-33 1.04899e-33
7.36781e-06 1.46449e-05 1.92287e-05 2.05342e-05 1.92518e-05 1.64665e-05 1.31423e-05 9.93181e-06 7.17904e-06 5.00007e-06 3.37414e-06 2.2156e-06 1.42052e-06 8.91717e-07 5.49316e-07 3.32704e-07 1.98441e-07 1.16718e-07 6.7779e-08 3.88997e-08 2.20844e-08 1.24124e-08 6.91132e-09 3.81485e-09 2.08857e-09 1.13473e-09 6.12084e-10 3.27931e-10 1.74571e-10 9.23694e-11 4.85948e-11 2.54263e-11 1.3235e-11 6.85521e-12 3.53405e-12 1.81373e-12 9.26838e-13 4.71683e-13 2.39102e-13 1.20747e-13 6.07563e-14 3.04644e-14 1.52243e-14 7.58362e-15 3.76587e-15 1.86445e-15 9.20404e-16 4.53098e-16 2.22449e-16 1.08927e-16 5.32037e-17 2.5923e-17 1.26008e-17 6.111e-18 2.95705e-18 1.42779e-18 6.87953e-19 3.30801e-19 1.5875e-19 7.60369e-20 3.63514e-20 1.7347e-20 8.26336e-21 3.92951e-21 1.86547e-21 8.84147e-22 4.18375e-22 1.97665e-22 9.32462e-23 4.39226e-23 2.06592e-23 9.7034e-24 4.55127e-24 2.13184e-24 9.97244e-25 4.65894e-25 2.17382e-25 1.01303e-25 4.71515e-26 2.19207e-26 1.01791e-26 4.7214e-27 2.1875e-27 1.0124e-27 4.68052e-28 2.16163e-28 9.97289e-29 4.59647e-29 2.1164e-29 9.73537e-30 4.47398e-30 2.05414e-30 9.42255e-31 4.31834e-31 1.97734e-31 9.04628e-32 4.13513e-32 1.88862e-32 8.61874e-33 3.93e-33 1.79059e-33
3.05185e-06 6.46628e-06 8.92596e-06 9.94805e-06 9.68712e-06 8.57572e-06 7.06503e-06 5.49926e-06 4.08692e-06 2.92214e-06 2.02169e-06 1.3595e-06 8.91717e-07 5.72153e-07 3.59965e-07 2.225e-07 1.35346e-07 8.11394e-08 4.79977e-08 2.80463e-08 1.62034e-08 9.26343e-09 5.24432e-09 2.94201e-09 1.6364e-09 9.02936e-10 4.94483e-10 2.68882e-10 1.45231e-10 7.79471e-11 4.15842e-11 2.20584e-11 1.16375e-11 6.108e-12 3.19003e-12 1.65822e-12 8.58088e-13 4.42128e-13 2.26865e-13 1.15949e-13 5.90348e-14 2.99475e-14 1.51385e-14 7.62661e-15 3.82966e-15 1.91699e-15 9.56663e-16 4.76015e-16 2.36183e-16 1.16865e-16 5.76719e-17 2.83875e-17 1.39382e-17 6.82707e-18 3.33614e-18 1.62654e-18 7.91271e-19 3.84108e-19 1.8607e-19 8.9953e-20 4.34009e-20 2.09e-20 1.00458e-20 4.81978e-21 2.30835e-21 1.10363e-21 5.2676e-22 2.51008e-22 1.19417e-22 5.67232e-23 2.69025e-23 1.27402e-23 6.02452e-24 2.84479e-24 1.34144e-24 6.31687e-25 2.97065e-25 1.39519e-25 6.54427e-26 3.06581e-26 1.43449e-26 6.70392e-27 3.12932e-27 1.45905e-27 6.79518e-28 3.16119e-28 1.46903e-28 6.8194e-29 3.16235e-29 1.46497e-29 6.77972e-30 3.13448e-30 1.44777e-30 6.68069e-31 3.07991e-31 1.41859e-31 6.52803e-32 3.00141e-32 1.37876e-32 6.32825e-33 2.9021e-33
1.26412e-06 2.84418e-06 4.11711e-06 4.77932e-06 4.82569e-06 4.41513e-06 3.74965e-06 3.00258e-06 2.29172e-06 1.68042e-06 1.19082e-06 8.19309e-07 5.49316e-07 3.59965e-07 2.31114e-07 1.45683e-07 9.0316e-08 5.51485e-08 3.32101e-08 1.9745e-08 1.16016e-08 6.74257e-09 3.8789e-09 2.21037e-09 1.2484e-09 6.99229e-10 3.88574e-10 2.14344e-10 1.17412e-10 6.38905e-11 3.45489e-11 1.85714e-11 9.92636e-12 5.27704e-12 2.79095e-12 1.46884e-12 7.69403e-13 4.01213e-13 2.08315e-13 1.07712e-13 5.54726e-14 2.84597e-14 1.45473e-14 7.40961e-15 3.76116e-15 1.9029e-15 9.59684e-16 4.82508e-16 2.41874e-16 1.209e-16 6.02632e-17 2.99577e-17 1.48535e-17 7.34601e-18 3.62415e-18 1.78371e-18 8.75864e-19 4.29113e-19 2.09776e-19 1.02333e-19 4.98173e-20 2.42029e-20 1.17355e-20 5.67946e-21 2.74349e-21 1.32285e-21 6.36723e-22 3.05942e-22 1.46756e-22 7.02811e-23 3.36034e-23 1.60415e-23 7.64615e-24 3.63905e-24 1.72941e-24 8.207e-25 3.88922e-25 1.84054e-25 8.69847e-26 4.10555e-26 1.93526e-26 9.11088e-27 4.28395e-27 2.01189e-27 9.43728e-28 4.42165e-28 2.06932e-28 9.6735e-29 4.51714e-29 2.10705e-29 9.81813e-30 4.57016e-30 2.12516e-30 9.87227e-31 4.58159e-31 2.1242e-31 9.8393e-32 4.55332e-32 2.1052e-32 9.72455e-33 4.48808e-33
5.23614e-07 1.24675e-06 1.88828e-06 2.27904e-06 2.38245e-06 2.24979e-06 1.96733e-06 1.61892e-06 1.26776e-06 9.52447e-07 6.90723e-07 4.85841e-07 3.32704e-07 2.225e-07 1.45683e-07 9.35877e-08 5.90926e-08 3.67297e-08 2.25033e-08 1.36056e-08 8.12587e-09 4.7983e-09 2.80358e-09 1.62201e-09 9.29775e-10 5.28368e-10 2.97818e-10 1.6658e-10 9.24993e-11 5.10111e-11 2.79483e-11 1.52179e-11 8.2374e-12 4.4339e-12 2.37384e-12 1.26443e-12 6.70203e-13 3.53575e-13 1.85696e-13 9.71065e-14 5.057e-14 2.62305e-14 1.35535e-14 6.9774e-15 3.5792e-15 1.82973e-15 9.32278e-16 4.73491e-16 2.39735e-16 1.21018e-16 6.09122e-17 3.05731e-17 1.53035e-17 7.64e-18 3.80437e-18 1.88969e-18 9.36372e-19 4.62899e-19 2.28313e-19 1.1236e-19 5.51764e-20 2.70384e-20 1.32226e-20 6.4534e-21 3.1435e-21 1.52832e-21 7.41674e-22 3.59274e-22 1.7373e-22 8.38641e-23 4.04154e-23 1.94449e-23 9.34045e-24 4.4797e-24 2.14518e-24 1.02572e-24 4.89728e-25 2.33484e-25 1.1116e-25 5.28501e-26 2.50932e-26 1.18985e-26 5.63465e-27 2.66496e-27 1.25885e-27 5.93923e-28 2.79877e-28 1.31733e-28 6.1933e-29 2.90844e-29 1.36432e-29 6.39295e-30 2.99242e-30 1.39923e-30 6.53592e-31 3.0499e-31 1.42178e-31 6.62151e-32 3.0808e-32 1.43206e-32 6.6505e-33
2.16888e-07 5.44861e-07 8.61645e-07 1.07949e-06 1.16674e-06 1.13581e-06 1.02155e-06 8.63029e-07 6.92766e-07 5.32813e-07 3.95121e-07 2.83912e-07 1.98441e-07 1.35346e-07 9.0316e-08 5.90926e-08 3.79798e-08 2.40165e-08 1.49622e-08 9.19444e-09 5.57891e-09 3.34554e-09 1.9844e-09 1.16507e-09 6.77518e-10 3.90469e-10 2.23141e-10 1.26506e-10 7.11817e-11 3.97674e-11 2.20672e-11 1.21668e-11 6.66723e-12 3.63232e-12 1.96792e-12 1.06052e-12 5.68623e-13 3.03399e-13 1.6113e-13 8.51901e-14 4.4847e-14 2.35114e-14 1.2277e-14 6.38615e-15 3.30961e-15 1.70909e-15 8.79536e-16 4.51123e-16 2.30641e-16 1.1755e-16 5.97311e-17 3.02627e-17 1.52891e-17 7.70306e-18 3.87067e-18 1.93992e-18 9.69813e-19 4.8365e-19 2.40625e-19 1.19439e-19 5.91528e-20 2.92316e-20 1.44146e-20 7.09332e-21 3.4835e-21 1.70736e-21 8.35211e-22 4.07803e-22 1.9875e-22 9.66912e-23 4.69575e-23 2.27657e-23 1.10187e-23 5.32438e-24 2.5687e-24 1.23731e-24 5.95088e-25 2.8578e-25 1.3704e-25 6.56203e-26 3.13775e-26 1.49831e-26 7.14493e-27 3.40267e-27 1.61837e-27 7.6875e-28 3.64712e-28 1.72816e-28 8.17891e-29 3.8663e-29 1.82555e-29 8.60993e-30 4.05621e-30 1.90883e-30 8.97315e-31 4.21371e-31 1.97667e-31 9.26315e-32 4.33659e-32 2.0282e-32 9.47657e-33
8.9838e-08 2.37469e-07 3.91377e-07 5.08218e-07 5.67211e-07 5.68601e-07 5.25478e-07 4.55351e-07 3.74367e-07 2.94532e-07 2.23186e-07 1.63715e-07 1.16718e-07 8.11394e-08 5.51485e-08 3.67297e-08 2.40165e-08 1.54424e-08 9.77782e-09 6.1041e-09 3.76112e-09 2.28949e-09 1.37801e-09 8.20688e-10 4.8396e-10 2.82755e-10 1.63763e-10 9.40675e-11 5.36144e-11 3.03332e-11 1.70418e-11 9.511e-12 5.27457e-12 2.90755e-12 1.59356e-12 8.68599e-13 4.7096e-13 2.54073e-13 1.36406e-13 7.28941e-14 3.87805e-14 2.05434e-14 1.08377e-14 5.69475e-15 2.98089e-15 1.55457e-15 8.07831e-16 4.18341e-16 2.15919e-16 1.11082e-16 5.69693e-17 2.91286e-17 1.48498e-17 7.5489e-18 3.82688e-18 1.93481e-18 9.7566e-19 4.90745e-19 2.46231e-19 1.2325e-19 6.15482e-20 3.06659e-20 1.52453e-20 7.56269e-21 3.74372e-21 1.84943e-21 9.11812e-22 4.48666e-22 2.20349e-22 1.08017e-22 5.28545e-23 2.58167e-23 1.25882e-23 6.12758e-24 2.97778e-24 1.44474e-24 6.99838e-25 3.38477e-25 1.63455e-25 7.88167e-26 3.79493e-26 1.8246e-26 8.76034e-27 4.20027e-27 2.01116e-27 9.61707e-28 4.59277e-28 2.19055e-28 1.04349e-28 4.96471e-29 2.35926e-29 1.11981e-29 5.30893e-30 2.51406e-30 1.18921e-30 5.61905e-31 2.65215e-31 1.25046e-31 5.88967e-32 2.77118e-32 1.30257e-32
3.72121e-08 1.03242e-07 1.77032e-07 2.37947e-07 2.73914e-07 2.8247e-07 2.67989e-07 2.38e-07 2.00256e-07 1.6105e-07 1.24619e-07 9.32609e-08 6.7779e-08 4.79977e-08 3.32101e-08 2.25033e-08 1.49622e-08 9.77782e-09 6.28944e-09 3.98702e-09 2.49362e-09 1.5402e-09 9.40295e-10 5.67838e-10 3.39435e-10 2.0097e-10 1.17921e-10 6.86059e-11 3.95949e-11 2.26784e-11 1.28958e-11 7.28286e-12 4.0862e-12 2.27841e-12 1.26288e-12 6.96027e-13 3.8153e-13 2.08051e-13 1.12886e-13 6.09576e-14 3.27653e-14 1.75338e-14 9.34294e-15 4.95799e-15 2.62062e-15 1.37988e-15 7.23891e-16 3.78402e-16 1.97121e-16 1.02343e-16 5.29639e-17 2.73236e-17 1.40532e-17 7.20659e-18 3.68503e-18 1.87907e-18 9.55593e-19 4.84687e-19 2.45211e-19 1.23748e-19 6.23001e-20 3.12907e-20 1.56799e-20 7.83974e-21 3.91123e-21 1.94715e-21 9.67358e-22 4.79617e-22 2.37325e-22 1.17207e-22 5.77758e-23 2.84274e-23 1.3962e-23 6.84526e-24 3.35032e-24 1.637e-24 7.98541e-25 3.88905e-25 1.89105e-25 9.18101e-26 4.45061e-26 2.15428e-26 1.04125e-26 5.02555e-27 2.42218e-27 1.16582e-27 5.60368e-28 2.68993e-28 1.28957e-28 6.17442e-29 2.9526e-29 1.4102e-29 6.72719e-30 3.20532e-30 1.52548e-30 7.25175e-31 3.44344e-31 1.63329e-31 7.73858e-32 3.66266e-32 1.73172e-32
1.54138e-08 4.47854e-08 7.97738e-08 1.10845e-07 1.31471e-07 1.39341e-07 1.35599e-07 1.23325e-07 1.06124e-07 8.71849e-08 6.88472e-08 5.25346e-08 3.88997e-08 2.80463e-08 1.9745e-08 1.36056e-08 9.19444e-09 6.1041e-09 3.98702e-09 2.56546e-09 1.62802e-09 1.01992e-09 6.31343e-10 3.86458e-10 2.3409e-10 1.40406e-10 8.34368e-11 4.91507e-11 2.87149e-11 1.66449e-11 9.57687e-12 5.47137e-12 3.10489e-12 1.75069e-12 9.81094e-13 5.46601e-13 3.02828e-13 1.66875e-13 9.14846e-14 4.99066e-14 2.7096e-14 1.46442e-14 7.87978e-15 4.22202e-15 2.25294e-15 1.19747e-15 6.34049e-16 3.34487e-16 1.75828e-16 9.21079e-17 4.80899e-17 2.50268e-17 1.29835e-17 6.71512e-18 3.46284e-18 1.78058e-18 9.13022e-19 4.66897e-19 2.3813e-19 1.21142e-19 6.14733e-20 3.11188e-20 1.57155e-20 7.91828e-21 3.98065e-21 1.99675e-21 9.99449e-22 4.99217e-22 2.48846e-22 1.23795e-22 6.14655e-23 3.04601e-23 1.50668e-23 7.43909e-24 3.66644e-24 1.8039e-24 8.86012e-25 4.34451e-25 2.12682e-25 1.0395e-25 5.0727e-26 2.47164e-26 1.20247e-26 5.84149e-27 2.83363e-27 1.3726e-27 6.63958e-28 3.20732e-28 1.54725e-28 7.4543e-29 3.58667e-29 1.72355e-29 8.27206e-30 3.96526e-30 1.89848e-30 9.07876e-31 4.33652e-31 2.069e-31 9.86031e-32 4.69397e-32 2.23212e-32
6.38459e-09 1.93879e-08 3.58226e-08 5.13976e-08 6.27488e-08 6.82919e-08 6.81153e-08 6.33969e-08 5.57567e-08 4.67642e-08 3.76645e-08 2.92887e-08 2.20844e-08 1.62034e-08 1.16016e-08 8.12587e-09 5.57891e-09 3.76112e-09 2.49362e-09 1.62802e-09 1.04787e-09 6.65604e-10 4.17617e-10 2.59027e-10 1.5894e-10 9.65436e-11 5.80863e-11 3.46352e-11 2.04771e-11 1.20093e-11 6.98951e-12 4.03848e-12 2.31731e-12 1.32094e-12 7.48247e-13 4.21301e-13 2.35849e-13 1.31304e-13 7.27144e-14 4.00638e-14 2.19664e-14 1.19873e-14 6.51205e-15 3.52222e-15 1.89707e-15 1.01762e-15 5.43729e-16 2.89421e-16 1.5349e-16 8.11125e-17 4.27168e-17 2.24213e-17 1.17305e-17 6.11798e-18 3.18109e-18 1.64914e-18 8.5249e-19 4.39447e-19 2.25913e-19 1.15832e-19 5.92371e-20 3.02183e-20 1.53774e-20 7.80658e-21 3.95393e-21 1.99808e-21 1.00748e-21 5.06898e-22 2.54501e-22 1.27516e-22 6.37624e-23 3.18208e-23 1.58497e-23 7.87981e-24 3.91031e-24 1.93697e-24 9.57794e-25 4.72793e-25 2.32989e-25 1.14626e-25 5.63022e-26 2.76107e-26 1.35193e-26 6.60948e-27 3.22649e-27 1.57273e-27 7.65517e-28 3.72083e-28 1.80602e-28 8.75415e-29 4.23764e-29 2.04863e-29 9.89108e-30 4.7695e-30 2.297e-30 1.10489e-30 5.30827e-31 2.54726e-31 1.22093e-31 5.84533e-32 2.79538e-32
2.64458e-09 8.37749e-09 1.60348e-08 2.37309e-08 2.97942e-08 3.32707e-08 3.39875e-08 3.23507e-08 2.90614e-08 2.487e-08 2.04191e-08 1.61731e-08 1.24124e-08 9.26343e-09 6.74257e-09 4.7983e-09 3.34554e-09 2.28949e-09 1.5402e-09 1.01992e-09 6.65604e-10 4.28531e-10 2.72437e-10 1.7117e-10 1.06362e-10 6.54091e-11 3.98328e-11 2.40344e-11 1.43759e-11 8.52798e-12 5.01934e-12 2.93228e-12 1.7009e-12 9.79958e-13 5.60953e-13 3.19123e-13 1.80475e-13 1.01488e-13 5.67601e-14 3.15793e-14 1.74815e-14 9.6306e-15 5.28087e-15 2.88275e-15 1.56685e-15 8.48074e-16 4.57177e-16 2.45493e-16 1.31327e-16 6.9997e-17 3.71763e-17 1.96772e-17 1.03804e-17 5.45831e-18 2.86116e-18 1.49521e-18 7.79073e-19 4.04764e-19 2.09706e-19 1.08351e-19 5.5835e-20 2.86983e-20 1.47133e-20 7.5249e-21 3.83929e-21 1.95428e-21 9.92506e-22 5.02936e-22 2.54302e-22 1.28311e-22 6.4607e-23 3.24649e-23 1.62813e-23 8.14931e-24 4.07127e-24 2.03017e-24 1.01053e-24 5.021e-25 2.49044e-25 1.23317e-25 6.09596e-26 3.0085e-26 1.48239e-26 7.29271e-27 3.58217e-27 1.75689e-27 8.60397e-28 4.20745e-28 2.05456e-28 1.00186e-28 4.87862e-29 2.37246e-29 1.15218e-29 5.58826e-30 2.70691e-30 1.30955e-30 6.3275e-31 3.0536e-31 1.47188e-31 7.08626e-32 3.40768e-32
1.09542e-09 3.6137e-09 7.15635e-09 1.09137e-08 1.4079e-08 1.61192e-08 1.68536e-08 1.63957e-08 1.50355e-08 1.31216e-08 1.09768e-08 8.85149e-09 6.91132e-09 5.24432e-09 3.8789e-09 2.80358e-09 1.9844e-09 1.37801e-09 9.40295e-10 6.31343e-10 4.17617e-10 2.72437e-10 1.75445e-10 1.11627e-10 7.02226e-11 4.37084e-11 2.6934e-11 1.6441e-11 9.94653e-12 5.96667e-12 3.55056e-12 2.09671e-12 1.22918e-12 7.15609e-13 4.13859e-13 2.37834e-13 1.35849e-13 7.71455e-14 4.35651e-14 2.44701e-14 1.36739e-14 7.60317e-15 4.20746e-15 2.31763e-15 1.27097e-15 6.94008e-16 3.77392e-16 2.04399e-16 1.10276e-16 5.92719e-17 3.17423e-17 1.69393e-17 9.00884e-18 4.77529e-18 2.52308e-18 1.32893e-18 6.97835e-19 3.65358e-19 1.90736e-19 9.92961e-20 5.15521e-20 2.66936e-20 1.37861e-20 7.10204e-21 3.64968e-21 1.87104e-21 9.5696e-22 4.88328e-22 2.48633e-22 1.26316e-22 6.40371e-23 3.23966e-23 1.63562e-23 8.24137e-24 4.14447e-24 2.08023e-24 1.04217e-24 5.21164e-25 2.60155e-25 1.29636e-25 6.44872e-26 3.2025e-26 1.58776e-26 7.85923e-27 3.88404e-27 1.9165e-27 9.44217e-28 4.64496e-28 2.28166e-28 1.11916e-28 5.48173e-29 2.68124e-29 1.30966e-29 6.38848e-30 3.11215e-30 1.51412e-30 7.35704e-31 3.57027e-31 1.73046e-31 8.37709e-32 4.05048e-32
4.53739e-10 1.55634e-09 3.18517e-09 5.00077e-09 6.62338e-09 7.76939e-09 8.30902e-09 8.25679e-09 7.72541e-09 6.87207e-09 5.85458e-09 4.80432e-09 3.81485e-09 2.94201e-09 2.21037e-09 1.62201e-09 1.16507e-09 8.20688e-10 5.67838e-10 3.86458e-10 2.59027e-10 1.7117e-10 1.11627e-10 7.19018e-11 4.57805e-11 2.88332e-11 1.79743e-11 1.1097e-11 6.78864e-12 4.11709e-12 2.4764e-12 1.4779e-12 8.75451e-13 5.14905e-13 3.00794e-13 1.74578e-13 1.00695e-13 5.77341e-14 3.29134e-14 1.86606e-14 1.0524e-14 5.90513e-15 3.29722e-15 1.83238e-15 1.01369e-15 5.58316e-16 3.06203e-16 1.67245e-16 9.0985e-17 4.93076e-17 2.66217e-17 1.43215e-17 7.67743e-18 4.10171e-18 2.18413e-18 1.1593e-18 6.1342e-19 3.23595e-19 1.70201e-19 8.92636e-20 4.66843e-20 2.43491e-20 1.2666e-20 6.57165e-21 3.40102e-21 1.7558e-21 9.04263e-22 4.64617e-22 2.38176e-22 1.21823e-22 6.21739e-23 3.16634e-23 1.60915e-23 8.16109e-24 4.13075e-24 2.08669e-24 1.05209e-24 5.29458e-25 2.65956e-25 1.33354e-25 6.67474e-26 3.33511e-26 1.6636e-26 8.28442e-27 4.11877e-27 2.04445e-27 1.01322e-27 5.01369e-28 2.47717e-28 1.2221e-28 6.02038e-29 2.96154e-29 1.45479e-29 7.13642e-30 3.49598e-30 1.71032e-30 8.35631e-31 4.07746e-31 1.98707e-31 9.67148e-32 4.70152e-32
1.87945e-10 6.69301e-10 1.41408e-09 2.28363e-09 3.10301e-09 3.72684e-09 4.07438e-09 4.13342e-09 3.9439e-09 3.57424e-09 3.09973e-09 2.58745e-09 2.08857e-09 1.6364e-09 1.2484e-09 9.29775e-10 6.77518e-10 4.8396e-10 3.39435e-10 2.3409e-10 1.5894e-10 1.06362e-10 7.02226e-11 4.57805e-11 2.94946e-11 1.8792e-11 1.18481e-11 7.39651e-12 4.57445e-12 2.80412e-12 1.70449e-12 1.02781e-12 6.15057e-13 3.6539e-13 2.15565e-13 1.26331e-13 7.35662e-14 4.25789e-14 2.45e-14 1.40183e-14 7.97762e-15 4.51637e-15 2.54406e-15 1.42615e-15 7.95747e-16 4.42006e-16 2.4445e-16 1.34624e-16 7.38393e-17 4.03402e-17 2.19547e-17 1.19044e-17 6.43173e-18 3.46284e-18 1.85808e-18 9.9373e-19 5.29764e-19 2.81543e-19 1.49174e-19 7.88062e-20 4.15128e-20 2.18067e-20 1.14239e-20 5.96878e-21 3.11051e-21 1.61689e-21 8.38409e-22 4.33697e-22 2.23818e-22 1.15241e-22 5.92025e-23 3.03474e-23 1.55228e-23 7.92329e-24 4.03597e-24 2.05172e-24 1.04095e-24 5.27118e-25 2.66418e-25 1.34405e-25 6.76829e-26 3.40228e-26 1.70728e-26 8.55257e-27 4.27721e-27 2.13555e-27 1.06453e-27 5.29807e-28 2.6327e-28 1.30624e-28 6.4713e-29 3.20126e-29 1.58133e-29 7.80019e-30 3.84221e-30 1.89e-30 9.28439e-31 4.5548e-31 2.23161e-31 1.09196e-31 5.33642e-32
7.78493e-11 2.87441e-10 6.2631e-10 1.03952e-09 1.44812e-09 1.77968e-09 1.98782e-09 2.05774e-09 2.00127e-09 1.84699e-09 1.62988e-09 1.3834e-09 1.13473e-09 9.02936e-10 6.99229e-10 5.28368e-10 3.90469e-10 2.82755e-10 2.0097e-10 1.40406e-10 9.65436e-11 6.54091e-11 4.37084e-11 2.88332e-11 1.8792e-11 1.21092e-11 7.7199e-12 4.87211e-12 3.04558e-12 1.88662e-12 1.15868e-12 7.05803e-13 4.26597e-13 2.5593e-13 1.52454e-13 9.01994e-14 5.30203e-14 3.09721e-14 1.79845e-14 1.03831e-14 5.96148e-15 3.40461e-15 1.93443e-15 1.09368e-15 6.15396e-16 3.44681e-16 1.92197e-16 1.06709e-16 5.89997e-17 3.24895e-17 1.78213e-17 9.73837e-18 5.30196e-18 2.87631e-18 1.555e-18 8.37839e-19 4.49955e-19 2.40876e-19 1.2855e-19 6.83977e-20 3.62856e-20 1.91948e-20 1.01256e-20 5.32696e-21 2.79501e-21 1.46273e-21 7.63567e-22 3.97611e-22 2.06549e-22 1.07045e-22 5.53487e-23 2.85544e-23 1.46988e-23 7.55018e-24 3.87006e-24 1.97962e-24 1.01058e-24 5.14872e-25 2.61811e-25 1.32878e-25 6.73147e-26 3.40389e-26 1.71816e-26 8.6575e-27 4.35485e-27 2.18687e-27 1.09636e-27 5.48753e-28 2.74226e-28 1.36823e-28 6.8162e-29 3.39055e-29 1.68404e-29 8.35219e-30 4.13644e-30 2.04569e-30 1.0103e-30 4.98279e-31 2.4542e-31 1.20719e-31 5.93033e-32
3.22462e-11 1.2329e-10 2.76789e-10 4.71792e-10 6.73357e-10 8.46274e-10 9.65235e-10 1.01906e-09 1.00977e-09 9.48641e-10 8.51481e-10 7.34599e-10 6.12084e-10 4.94483e-10 3.88574e-10 2.97818e-10 2.23141e-10 1.63763e-10 1.17921e-10 8.34368e-11 5.80863e-11 3.98328e-11 2.6934e-11 1.79743e-11 1.18481e-11 7.7199e-12 4.97545e-12 3.17376e-12 2.00483e-12 1.25477e-12 7.78455e-13 4.78933e-13 2.92321e-13 1.7707e-13 1.06483e-13 6.35917e-14 3.77255e-14 2.22383e-14 1.3029e-14 7.58877e-15 4.39517e-15 2.53173e-15 1.45072e-15 8.27094e-16 4.69254e-16 2.64982e-16 1.48952e-16 8.33615e-17 4.64552e-17 2.57817e-17 1.42512e-17 7.84708e-18 4.30459e-18 2.35272e-18 1.28135e-18 6.95459e-19 3.76201e-19 2.0284e-19 1.09021e-19 5.84155e-20 3.12061e-20 1.66219e-20 8.82841e-21 4.67601e-21 2.46996e-21 1.30123e-21 6.83747e-22 3.58377e-22 1.87376e-22 9.77332e-23 5.08565e-23 2.64029e-23 1.36766e-23 7.06884e-24 3.6457e-24 1.87628e-24 9.63647e-25 4.93922e-25 2.52661e-25 1.28995e-25 6.5733e-26 3.34335e-26 1.69741e-26 8.60223e-27 4.35182e-27 2.19776e-27 1.10804e-27 5.57706e-28 2.80251e-28 1.40602e-28 7.04289e-29 3.5224e-29 1.759e-29 8.77092e-30 4.36702e-30 2.17119e-30 1.07794e-30 5.34424e-31 2.64594e-31 1.30824e-31 6.45977e-32
1.33568e-11 5.28199e-11 1.22072e-10 2.1353e-10 3.12038e-10 4.00831e-10 4.66609e-10 5.02202e-10 5.06786e-10 4.84451e-10 4.42124e-10 3.8757e-10 3.27931e-10 2.68882e-10 2.14344e-10 1.6658e-10 1.26506e-10 9.40675e-11 6.86059e-11 4.91507e-11 3.46352e-11 2.40344e-11 1.6441e-11 1.1097e-11 7.39651e-12 4.87211e-12 3.17376e-12 2.0458e-12 1.30567e-12 8.25482e-13 5.17239e-13 3.21346e-13 1.98029e-13 1.21094e-13 7.35021e-14 4.42999e-14 2.65193e-14 1.57724e-14 9.32227e-15 5.47699e-15 3.19933e-15 1.8585e-15 1.07385e-15 6.17287e-16 3.53075e-16 2.00983e-16 1.13876e-16 6.42323e-17 3.60733e-17 2.01738e-17 1.12361e-17 6.23343e-18 3.44484e-18 1.89667e-18 1.0405e-18 5.68807e-19 3.09885e-19 1.68264e-19 9.10704e-20 4.91352e-20 2.64287e-20 1.41729e-20 7.57837e-21 4.04071e-21 2.1485e-21 1.1393e-21 6.02547e-22 3.17852e-22 1.67249e-22 8.77874e-23 4.5968e-23 2.40136e-23 1.25158e-23 6.50849e-24 3.37711e-24 1.74853e-24 9.03408e-25 4.65796e-25 2.39677e-25 1.23082e-25 6.30838e-26 3.22709e-26 1.64775e-26 8.398e-27 4.27245e-27 2.16976e-27 1.1e-27 5.56714e-28 2.81286e-28 1.41889e-28 7.14581e-29 3.59307e-29 1.80386e-29 9.04227e-30 4.52583e-30 2.26192e-30 1.12882e-30 5.62539e-31 2.79943e-31 1.39119e-31 6.90418e-32
5.53258e-12 2.26042e-11 5.3733e-11 9.63898e-11 1.44138e-10 1.89144e-10 2.2462e-10 2.46345e-10 2.53069e-10 2.46065e-10 2.2825e-10 2.03238e-10 1.74571e-10 1.45231e-10 1.17412e-10 9.24993e-11 7.11817e-11 5.36144e-11 3.95949e-11 2.87149e-11 2.04771e-11 1.43759e-11 9.94653e-12 6.78864e-12 4.57445e-12 3.04558e-12 2.00483e-12 1.30567e-12 8.41763e-13 5.37492e-13 3.40088e-13 2.13324e-13 1.32707e-13 8.19067e-14 5.0173e-14 3.05131e-14 1.8429e-14 1.1057e-14 6.5919e-15 3.90597e-15 2.30088e-15 1.34772e-15 7.8512e-16 4.54976e-16 2.62322e-16 1.50506e-16 8.59432e-17 4.88516e-17 2.76452e-17 1.55773e-17 8.74091e-18 4.88503e-18 2.71941e-18 1.5081e-18 8.33262e-19 4.58747e-19 2.51679e-19 1.37609e-19 7.49915e-20 4.07361e-20 2.2059e-20 1.19087e-20 6.40989e-21 3.44014e-21 1.84108e-21 9.82578e-22 5.22986e-22 2.77632e-22 1.47004e-22 7.76423e-23 4.09071e-23 2.15008e-23 1.12743e-23 5.89827e-24 3.0788e-24 1.60355e-24 8.33382e-25 4.32203e-25 2.23683e-25 1.1553e-25 5.95517e-26 3.0637e-26 1.57314e-26 8.06256e-27 4.12458e-27 2.10621e-27 1.07363e-27 5.46324e-28 2.77527e-28 1.40744e-28 7.12592e-29 3.60203e-29 1.81787e-29 9.16009e-30 4.6086e-30 2.31516e-30 1.16131e-30 5.81677e-31 2.90931e-31 1.45307e-31 7.24729e-32
2.29167e-12 9.66344e-12 2.36091e-11 4.34044e-11 6.63799e-11 8.89397e-11 1.07702e-10 1.20312e-10 1.25773e-10 1.24346e-10 1.17196e-10 1.05963e-10 9.23694e-11 7.79471e-11 6.38905e-11 5.10111e-11 3.97674e-11 3.03332e-11 2.26784e-11 1.66449e-11 1.20093e-11 8.52798e-12 5.96667e-12 4.11709e-12 2.80412e-12 1.88662e-12 1.25477e-12 8.25482e-13 5.37492e-13 3.46568e-13 2.21396e-13 1.40188e-13 8.80224e-14 5.48257e-14 3.38875e-14 2.07923e-14 1.2668e-14 7.66624e-15 4.60937e-15 2.7542e-15 1.63587e-15 9.66041e-16 5.67321e-16 3.31386e-16 1.92572e-16 1.11347e-16 6.40721e-17 3.66968e-17 2.0923e-17 1.18772e-17 6.71372e-18 3.7794e-18 2.11908e-18 1.18355e-18 6.5855e-19 3.65091e-19 2.01682e-19 1.11027e-19 6.09154e-20 3.33119e-20 1.81586e-20 9.86767e-21 5.34597e-21 2.8877e-21 1.55533e-21 8.35352e-22 4.47425e-22 2.39003e-22 1.27334e-22 6.76664e-23 3.58683e-23 1.89663e-23 1.00049e-23 5.26527e-24 2.7646e-24 1.44832e-24 7.57082e-25 3.94896e-25 2.05543e-25 1.06764e-25 5.53431e-26 2.86311e-26 1.4783e-26 7.61829e-27 3.91864e-27 2.01193e-27 1.0311e-27 5.27499e-28 2.6939e-28 1.37341e-28 6.99011e-29 3.55182e-29 1.80183e-29 9.12601e-30 4.61495e-30 2.33014e-30 1.17473e-30 5.91352e-31 2.97246e-31 1.49197e-31 7.47799e-32
9.4924e-13 4.1272e-12 1.03556e-11 1.94997e-11 3.04829e-11 4.16828e-11 5.1448e-11 5.85162e-11 6.22273e-11 6.25328e-11 5.98655e-11 5.49461e-11 4.85948e-11 4.15842e-11 3.45489e-11 2.79483e-11 2.20672e-11 1.70418e-11 1.28958e-11 9.57687e-12 6.98951e-12 5.01934e-12 3.55056e-12 2.4764e-12 1.70449e-12 1.15868e-12 7.78455e-13 5.17239e-13 3.40088e-13 2.21396e-13 1.42772e-13 9.12448e-14 5.78165e-14 3.63364e-14 2.26588e-14 1.40244e-14 8.61825e-15 5.25981e-15 3.189e-15 1.92126e-15 1.15045e-15 6.84859e-16 4.05392e-16 2.38659e-16 1.39763e-16 8.14325e-17 4.72134e-17 2.72436e-17 1.56482e-17 8.94798e-18 5.09456e-18 2.88846e-18 1.63102e-18 9.17349e-19 5.13976e-19 2.869e-19 1.59567e-19 8.84343e-20 4.88436e-20 2.6887e-20 1.47524e-20 8.06866e-21 4.39944e-21 2.39156e-21 1.29625e-21 7.00559e-22 3.77557e-22 2.02922e-22 1.08771e-22 5.81516e-23 3.10098e-23 1.64948e-23 8.75255e-24 4.6332e-24 2.44686e-24 1.28926e-24 6.77793e-25 3.55547e-25 1.86106e-25 9.72085e-26 5.06698e-26 2.6358e-26 1.36839e-26 7.09019e-27 3.66668e-27 1.89266e-27 9.75143e-28 5.01507e-28 2.57462e-28 1.31944e-28 6.75023e-29 3.44759e-29 1.75789e-29 8.94872e-30 4.54814e-30 2.30793e-30 1.16933e-30 5.9155e-31 2.9881e-31 1.50715e-31 7.59083e-32
3.93188e-13 1.7611e-12 4.53495e-12 8.74119e-12 1.39606e-11 1.94738e-11 2.44891e-11 2.83491e-11 3.06564e-11 3.13035e-11 3.04308e-11 2.83445e-11 2.54263e-11 2.20584e-11 1.85714e-11 1.52179e-11 1.21668e-11 9.511e-12 7.28286e-12 5.47137e-12 4.03848e-12 2.93228e-12 2.09671e-12 1.4779e-12 1.02781e-12 7.05803e-13 4.78933e-13 3.21346e-13 2.13324e-13 1.40188e-13 9.12448e-14 5.88483e-14 3.76247e-14 2.38561e-14 1.50063e-14 9.36794e-15 5.80562e-15 3.57287e-15 2.1841e-15 1.32655e-15 8.00722e-16 4.80445e-16 2.86619e-16 1.70041e-16 1.0034e-16 5.8904e-17 3.44065e-17 2.00001e-17 1.15714e-17 6.6645e-18 3.82152e-18 2.18198e-18 1.24069e-18 7.02637e-19 3.96369e-19 2.2275e-19 1.24719e-19 6.95802e-20 3.86829e-20 2.14325e-20 1.18355e-20 6.51471e-21 3.57466e-21 1.95541e-21 1.06645e-21 5.79919e-22 3.14452e-22 1.70031e-22 9.16891e-23 4.93115e-23 2.64513e-23 1.41527e-23 7.55346e-24 4.02156e-24 2.13602e-24 1.13188e-24 5.98411e-25 3.15664e-25 1.66148e-25 8.72633e-26 4.57351e-26 2.39204e-26 1.24855e-26 6.50392e-27 3.38141e-27 1.75463e-27 9.08777e-28 4.69814e-28 2.42441e-28 1.24885e-28 6.42177e-29 3.29649e-29 1.68933e-29 8.64281e-30 4.41454e-30 2.25122e-30 1.14621e-30 5.82689e-31 2.95763e-31 1.49899e-31 7.58596e-32
1.62864e-13 7.50825e-13 1.98293e-12 3.91031e-12 6.37739e-12 9.0709e-12 1.16175e-11 1.36831e-11 1.50418e-11 1.56021e-11 1.53968e-11 1.45499e-11 1.3235e-11 1.16375e-11 9.92636e-12 8.2374e-12 6.66723e-12 5.27457e-12 4.0862e-12 3.10489e-12 2.31731e-12 1.7009e-12 1.22918e-12 8.75451e-13 6.15057e-13 4.26597e-13 2.92321e-13 1.98029e-13 1.32707e-13 8.80224e-14 5.78165e-14 3.76247e-14 2.42688e-14 1.55221e-14 9.84792e-15 6.19983e-15 3.87434e-15 2.40397e-15 1.48148e-15 9.07019e-16 5.51818e-16 3.33685e-16 2.00601e-16 1.19916e-16 7.1294e-17 4.21639e-17 2.48094e-17 1.45262e-17 8.46477e-18 4.90988e-18 2.83519e-18 1.63007e-18 9.33249e-19 5.32122e-19 3.02202e-19 1.70964e-19 9.63563e-20 5.41086e-20 3.02765e-20 1.68826e-20 9.38226e-21 5.19691e-21 2.86939e-21 1.57933e-21 8.66626e-22 4.74127e-22 2.58639e-22 1.40688e-22 7.6316e-23 4.12851e-23 2.22751e-23 1.19872e-23 6.43446e-24 3.4453e-24 1.84029e-24 9.80643e-25 5.21342e-25 2.76529e-25 1.46348e-25 7.72825e-26 4.07231e-26 2.14133e-26 1.12364e-26 5.88424e-27 3.07531e-27 1.60412e-27 8.35129e-28 4.33962e-28 2.25085e-28 1.16534e-28 6.02256e-29 3.10706e-29 1.60018e-29 8.22723e-30 4.22294e-30 2.16404e-30 1.10717e-30 5.65558e-31 2.88445e-31 1.46887e-31 7.46874e-32
