0.860044 9.7711e-05 9.46864e-05 9.17553e-05 8.89151e-05 8.61627e-05 8.34955e-05 8.09109e-05 7.84063e-05 7.59793e-05 7.36273e-05 7.13482e-05 6.91396e-05 6.69994e-05 6.49254e-05 6.29157e-05 6.09681e-05 5.90809e-05 5.7252e-05 5.54798e-05 5.37624e-05 5.20982e-05 5.04855e-05 4.89227e-05 4.74083e-05 4.59408e-05 4.45187e-05 4.31406e-05 4.18052e-05 4.05111e-05 3.92571e-05 3.80419e-05 3.68643e-05 3.57232e-05 3.46174e-05 3.35458e-05 3.25074e-05 3.15011e-05 3.0526e-05 2.95811e-05 2.86654e-05 2.77781e-05 2.69182e-05 2.60849e-05 2.52775e-05 2.4495e-05 2.37368e-05 2.3002e-05 2.229e-05 2.16e-05 2.09314e-05 2.02834e-05 1.96556e-05 1.90471e-05 1.84575e-05 1.78862e-05 1.73325e-05 1.6796e-05 1.62761e-05 1.57722e-05 1.5284e-05 1.48109e-05 1.43524e-05 1.39081e-05 1.34776e-05 1.30604e-05 1.26561e-05 1.22644e-05 1.18847e-05 1.15168e-05 1.11603e-05 1.08149e-05 1.04801e-05 1.01557e-05 9.84131e-06 9.53667e-06 9.24146e-06 8.95539e-06 8.67818e-06 8.40955e-06 8.14923e-06 7.89697e-06 7.65252e-06 7.41564e-06 7.18609e-06 6.96364e-06 6.74808e-06 6.53919e-06 6.33677e-06 6.14062e-06 5.95054e-06 5.76634e-06 5.58784e-06 5.41487e-06 5.24725e-06 5.08482e-06 4.92742e-06 4.7749e-06 4.62709e-06 4.48386e-06 4.34506e-06
9.7711e-05 1.14781e-05 1.12042e-05 1.09363e-05 1.06742e-05 1.04178e-05 1.01671e-05 9.92192e-06 9.68218e-06 9.44778e-06 9.21862e-06 8.99458e-06 8.77559e-06 8.56153e-06 8.35232e-06 8.14785e-06 7.94804e-06 7.7528e-06 7.56202e-06 7.37563e-06 7.19353e-06 7.01564e-06 6.84187e-06 6.67213e-06 6.50635e-06 6.34443e-06 6.18631e-06 6.03189e-06 5.88111e-06 5.73388e-06 5.59014e-06 5.4498e-06 5.31278e-06 5.17903e-06 5.04847e-06 4.92103e-06 4.79665e-06 4.67524e-06 4.55676e-06 4.44114e-06 4.3283e-06 4.2182e-06 4.11076e-06 4.00593e-06 3.90366e-06 3.80388e-06 3.70653e-06 3.61157e-06 3.51893e-06 3.42857e-06 3.34043e-06 3.25446e-06 3.17062e-06 3.08884e-06 3.00909e-06 2.93132e-06 2.85548e-06 2.78153e-06 2.70942e-06 2.6391e-06 2.57055e-06 2.50371e-06 2.43854e-06 2.37501e-06 2.31308e-06 2.25271e-06 2.19385e-06 2.13648e-06 2.08057e-06 2.02606e-06 1.97294e-06 1.92116e-06 1.8707e-06 1.82152e-06 1.7736e-06 1.72689e-06 1.68138e-06 1.63703e-06 1.59382e-06 1.55171e-06 1.51068e-06 1.47071e-06 1.43176e-06 1.39381e-06 1.35684e-06 1.32083e-06 1.28574e-06 1.25156e-06 1.21827e-06 1.18584e-06 1.15424e-06 1.12347e-06 1.0935e-06 1.0643e-06 1.03587e-06 1.00817e-06 9.81201e-07 9.54932e-07 9.29349e-07 9.04436e-07 8.80174e-07
9.46864e-05 1.12042e-05 1.09458e-05 1.06928e-05 1.04449e-05 1.02023e-05 9.96469e-06 9.7321e-06 9.50442e-06 9.28156e-06 9.06345e-06 8.85e-06 8.64114e-06 8.43677e-06 8.23682e-06 8.04122e-06 7.84987e-06 7.66271e-06 7.47966e-06 7.30064e-06 7.12558e-06 6.95439e-06 6.78702e-06 6.62338e-06 6.4634e-06 6.30701e-06 6.15414e-06 6.00473e-06 5.8587e-06 5.71599e-06 5.57653e-06 5.44025e-06 5.30709e-06 5.177e-06 5.04989e-06 4.92572e-06 4.80442e-06 4.68594e-06 4.5702e-06 4.45717e-06 4.34678e-06 4.23897e-06 4.13368e-06 4.03088e-06 3.93049e-06 3.83248e-06 3.73679e-06 3.64336e-06 3.55216e-06 3.46313e-06 3.37622e-06 3.29138e-06 3.20858e-06 3.12777e-06 3.04889e-06 2.97192e-06 2.89681e-06 2.8235e-06 2.75198e-06 2.68218e-06 2.61409e-06 2.54765e-06 2.48282e-06 2.41959e-06 2.35789e-06 2.29771e-06 2.239e-06 2.18174e-06 2.12588e-06 2.0714e-06 2.01826e-06 1.96644e-06 1.9159e-06 1.86661e-06 1.81855e-06 1.77167e-06 1.72597e-06 1.6814e-06 1.63795e-06 1.59558e-06 1.55426e-06 1.51399e-06 1.47472e-06 1.43644e-06 1.39912e-06 1.36275e-06 1.32728e-06 1.29271e-06 1.25902e-06 1.22618e-06 1.19416e-06 1.16296e-06 1.13255e-06 1.10292e-06 1.07403e-06 1.04589e-06 1.01846e-06 9.91724e-07 9.65674e-07 9.40291e-07 9.15557e-07
9.17553e-05 1.09363e-05 1.06928e-05 1.0454e-05 1.02199e-05 9.9904e-06 9.76545e-06 9.54498e-06 9.32892e-06 9.11721e-06 8.90977e-06 8.70655e-06 8.50748e-06 8.3125e-06 8.12153e-06 7.93451e-06 7.75139e-06 7.57209e-06 7.39655e-06 7.22471e-06 7.0565e-06 6.89186e-06 6.73073e-06 6.57305e-06 6.41875e-06 6.26777e-06 6.12007e-06 5.97556e-06 5.8342e-06 5.69593e-06 5.56069e-06 5.42843e-06 5.29908e-06 5.17259e-06 5.04891e-06 4.92798e-06 4.80975e-06 4.69416e-06 4.58117e-06 4.47073e-06 4.36277e-06 4.25726e-06 4.15414e-06 4.05336e-06 3.95489e-06 3.85866e-06 3.76464e-06 3.67278e-06 3.58303e-06 3.49535e-06 3.4097e-06 3.32603e-06 3.24431e-06 3.16449e-06 3.08653e-06 3.01039e-06 2.93604e-06 2.86343e-06 2.79253e-06 2.72329e-06 2.6557e-06 2.5897e-06 2.52526e-06 2.46236e-06 2.40094e-06 2.341e-06 2.28248e-06 2.22536e-06 2.16961e-06 2.1152e-06 2.06209e-06 2.01026e-06 1.95968e-06 1.91032e-06 1.86216e-06 1.81516e-06 1.7693e-06 1.72456e-06 1.6809e-06 1.63831e-06 1.59675e-06 1.55621e-06 1.51667e-06 1.47809e-06 1.44046e-06 1.40375e-06 1.36794e-06 1.33302e-06 1.29896e-06 1.26574e-06 1.23334e-06 1.20174e-06 1.17093e-06 1.14088e-06 1.11158e-06 1.083e-06 1.05514e-06 1.02797e-06 1.00148e-06 9.75658e-07 9.50477e-07
8.89151e-05 1.06742e-05 1.04449e-05 1.02199e-05 9.99898e-06 9.78215e-06 9.56936e-06 9.36056e-06 9.1557e-06 8.95473e-06 8.75761e-06 8.56427e-06 8.37468e-06 8.18878e-06 8.00651e-06 7.82783e-06 7.65268e-06 7.48101e-06 7.31278e-06 7.14792e-06 6.98639e-06 6.82814e-06 6.6731e-06 6.52124e-06 6.3725e-06 6.22683e-06 6.08417e-06 5.94449e-06 5.80772e-06 5.67382e-06 5.54274e-06 5.41442e-06 5.28883e-06 5.16591e-06 5.04562e-06 4.9279e-06 4.81272e-06 4.70002e-06 4.58975e-06 4.48189e-06 4.37637e-06 4.27315e-06 4.1722e-06 4.07347e-06 3.97691e-06 3.88248e-06 3.79015e-06 3.69987e-06 3.6116e-06 3.52531e-06 3.44094e-06 3.35847e-06 3.27786e-06 3.19906e-06 3.12205e-06 3.04678e-06 2.97323e-06 2.90135e-06 2.83111e-06 2.76247e-06 2.69541e-06 2.6299e-06 2.56589e-06 2.50335e-06 2.44227e-06 2.38259e-06 2.32431e-06 2.26738e-06 2.21177e-06 2.15747e-06 2.10443e-06 2.05264e-06 2.00206e-06 1.95267e-06 1.90445e-06 1.85736e-06 1.81139e-06 1.7665e-06 1.72268e-06 1.67991e-06 1.63814e-06 1.59738e-06 1.55759e-06 1.51875e-06 1.48084e-06 1.44383e-06 1.40772e-06 1.37248e-06 1.33808e-06 1.30452e-06 1.27176e-06 1.2398e-06 1.20861e-06 1.17818e-06 1.14848e-06 1.11951e-06 1.09125e-06 1.06367e-06 1.03677e-06 1.01052e-06 9.84921e-07
8.61627e-05 1.04178e-05 1.02023e-05 9.9904e-06 9.78215e-06 9.57749e-06 9.3764e-06 9.17884e-06 8.98477e-06 8.79417e-06 8.607e-06 8.42321e-06 8.24278e-06 8.06567e-06 7.89183e-06 7.72122e-06 7.55382e-06 7.38957e-06 7.22843e-06 7.07038e-06 6.91535e-06 6.76332e-06 6.61424e-06 6.46806e-06 6.32475e-06 6.18427e-06 6.04657e-06 5.91161e-06 5.77935e-06 5.64974e-06 5.52275e-06 5.39834e-06 5.27645e-06 5.15706e-06 5.04012e-06 4.92558e-06 4.81342e-06 4.70358e-06 4.59603e-06 4.49073e-06 4.38765e-06 4.28673e-06 4.18795e-06 4.09126e-06 3.99663e-06 3.90402e-06 3.81339e-06 3.72471e-06 3.63794e-06 3.55305e-06 3.47e-06 3.38875e-06 3.30927e-06 3.23153e-06 3.1555e-06 3.08114e-06 3.00841e-06 2.9373e-06 2.86775e-06 2.79976e-06 2.73327e-06 2.66827e-06 2.60473e-06 2.54261e-06 2.48188e-06 2.42253e-06 2.36451e-06 2.3078e-06 2.25239e-06 2.19823e-06 2.1453e-06 2.09358e-06 2.04305e-06 1.99367e-06 1.94542e-06 1.89829e-06 1.85224e-06 1.80725e-06 1.76331e-06 1.72038e-06 1.67845e-06 1.63749e-06 1.59749e-06 1.55842e-06 1.52026e-06 1.483e-06 1.44661e-06 1.41108e-06 1.37638e-06 1.3425e-06 1.30942e-06 1.27712e-06 1.24559e-06 1.2148e-06 1.18475e-06 1.15541e-06 1.12677e-06 1.09881e-06 1.07152e-06 1.04488e-06 1.01888e-06
8.34955e-05 1.01671e-05 9.96469e-06 9.76545e-06 9.56936e-06 9.3764e-06 9.18656e-06 8.99981e-06 8.81615e-06 8.63554e-06 8.45797e-06 8.28341e-06 8.11184e-06 7.94322e-06 7.77755e-06 7.61477e-06 7.45488e-06 7.29783e-06 7.1436e-06 6.99215e-06 6.84346e-06 6.6975e-06 6.55422e-06 6.4136e-06 6.2756e-06 6.1402e-06 6.00735e-06 5.87702e-06 5.74919e-06 5.6238e-06 5.50084e-06 5.38026e-06 5.26203e-06 5.14612e-06 5.03249e-06 4.92111e-06 4.81193e-06 4.70494e-06 4.60009e-06 4.49735e-06 4.39669e-06 4.29807e-06 4.20145e-06 4.10682e-06 4.01412e-06 3.92334e-06 3.83443e-06 3.74736e-06 3.66211e-06 3.57864e-06 3.49692e-06 3.41692e-06 3.33861e-06 3.26196e-06 3.18693e-06 3.1135e-06 3.04164e-06 2.97132e-06 2.90251e-06 2.83518e-06 2.76931e-06 2.70486e-06 2.64182e-06 2.58014e-06 2.51982e-06 2.46081e-06 2.40311e-06 2.34667e-06 2.29147e-06 2.2375e-06 2.18472e-06 2.13311e-06 2.08265e-06 2.03332e-06 1.98509e-06 1.93794e-06 1.89186e-06 1.8468e-06 1.80277e-06 1.75973e-06 1.71766e-06 1.67655e-06 1.63637e-06 1.59711e-06 1.55874e-06 1.52125e-06 1.48462e-06 1.44883e-06 1.41386e-06 1.37969e-06 1.34632e-06 1.31371e-06 1.28186e-06 1.25075e-06 1.22036e-06 1.19068e-06 1.16169e-06 1.13337e-06 1.10572e-06 1.07871e-06 1.05234e-06
8.09109e-05 9.92192e-06 9.7321e-06 9.54498e-06 9.36056e-06 9.17884e-06 8.99981e-06 8.82348e-06 8.64983e-06 8.47886e-06 8.31055e-06 8.1449e-06 7.98189e-06 7.8215e-06 7.66373e-06 7.50854e-06 7.35593e-06 7.20587e-06 7.05835e-06 6.91333e-06 6.77081e-06 6.63075e-06 6.49314e-06 6.35794e-06 6.22514e-06 6.0947e-06 5.9666e-06 5.84082e-06 5.71733e-06 5.59609e-06 5.47709e-06 5.36029e-06 5.24566e-06 5.13319e-06 5.02283e-06 4.91456e-06 4.80836e-06 4.70418e-06 4.60201e-06 4.50182e-06 4.40357e-06 4.30724e-06 4.21279e-06 4.12021e-06 4.02945e-06 3.9405e-06 3.85332e-06 3.76789e-06 3.68417e-06 3.60215e-06 3.52178e-06 3.44305e-06 3.36592e-06 3.29038e-06 3.21638e-06 3.14392e-06 3.07295e-06 3.00346e-06 2.93541e-06 2.86878e-06 2.80355e-06 2.7397e-06 2.67719e-06 2.616e-06 2.55611e-06 2.49749e-06 2.44012e-06 2.38398e-06 2.32905e-06 2.27529e-06 2.2227e-06 2.17124e-06 2.1209e-06 2.07165e-06 2.02347e-06 1.97635e-06 1.93025e-06 1.88517e-06 1.84108e-06 1.79796e-06 1.75579e-06 1.71455e-06 1.67423e-06 1.63481e-06 1.59626e-06 1.55857e-06 1.52173e-06 1.48571e-06 1.4505e-06 1.41609e-06 1.38244e-06 1.34956e-06 1.31742e-06 1.28601e-06 1.25532e-06 1.22532e-06 1.196e-06 1.16735e-06 1.13936e-06 1.11201e-06 1.08529e-06
7.84063e-05 9.68218e-06 9.50442e-06 9.32892e-06 9.1557e-06 8.98477e-06 8.81615e-06 8.64983e-06 8.48583e-06 8.32414e-06 8.16477e-06 8.00772e-06 7.85298e-06 7.70055e-06 7.55042e-06 7.40259e-06 7.25704e-06 7.11377e-06 6.97276e-06 6.834e-06 6.69748e-06 6.56318e-06 6.43109e-06 6.30118e-06 6.17345e-06 6.04787e-06 5.92442e-06 5.80309e-06 5.68386e-06 5.56669e-06 5.45158e-06 5.3385e-06 5.22743e-06 5.11834e-06 5.01122e-06 4.90603e-06 4.80276e-06 4.70139e-06 4.60188e-06 4.50421e-06 4.40837e-06 4.31431e-06 4.22204e-06 4.1315e-06 4.04269e-06 3.95558e-06 3.87014e-06 3.78635e-06 3.70418e-06 3.62361e-06 3.54462e-06 3.46717e-06 3.39126e-06 3.31685e-06 3.24391e-06 3.17243e-06 3.10239e-06 3.03375e-06 2.96649e-06 2.9006e-06 2.83605e-06 2.77281e-06 2.71086e-06 2.65019e-06 2.59077e-06 2.53257e-06 2.47558e-06 2.41978e-06 2.36514e-06 2.31164e-06 2.25926e-06 2.20798e-06 2.15779e-06 2.10866e-06 2.06057e-06 2.0135e-06 1.96743e-06 1.92235e-06 1.87824e-06 1.83507e-06 1.79284e-06 1.75151e-06 1.71108e-06 1.67153e-06 1.63283e-06 1.59498e-06 1.55795e-06 1.52174e-06 1.48632e-06 1.45168e-06 1.4178e-06 1.38466e-06 1.35226e-06 1.32058e-06 1.2896e-06 1.25932e-06 1.2297e-06 1.20075e-06 1.17244e-06 1.14477e-06 1.11772e-06
7.59793e-05 9.44778e-06 9.28156e-06 9.11721e-06 8.95473e-06 8.79417e-06 8.63554e-06 8.47886e-06 8.32414e-06 8.1714e-06 8.02065e-06 7.8719e-06 7.72515e-06 7.58041e-06 7.43769e-06 7.29697e-06 7.15827e-06 7.02158e-06 6.8869e-06 6.75422e-06 6.62354e-06 6.49485e-06 6.36814e-06 6.2434e-06 6.12062e-06 5.99979e-06 5.8809e-06 5.76393e-06 5.64887e-06 5.5357e-06 5.42442e-06 5.315e-06 5.20742e-06 5.10167e-06 4.99774e-06 4.8956e-06 4.79524e-06 4.69663e-06 4.59976e-06 4.5046e-06 4.41115e-06 4.31937e-06 4.22925e-06 4.14077e-06 4.0539e-06 3.96863e-06 3.88494e-06 3.8028e-06 3.72219e-06 3.64309e-06 3.56549e-06 3.48935e-06 3.41467e-06 3.34141e-06 3.26956e-06 3.19909e-06 3.12999e-06 3.06223e-06 2.9958e-06 2.93067e-06 2.86682e-06 2.80423e-06 2.74288e-06 2.68276e-06 2.62383e-06 2.56609e-06 2.50951e-06 2.45407e-06 2.39976e-06 2.34655e-06 2.29442e-06 2.24336e-06 2.19335e-06 2.14437e-06 2.0964e-06 2.04942e-06 2.00341e-06 1.95837e-06 1.91427e-06 1.87108e-06 1.82881e-06 1.78743e-06 1.74692e-06 1.70726e-06 1.66845e-06 1.63046e-06 1.59328e-06 1.5569e-06 1.5213e-06 1.48646e-06 1.45237e-06 1.41902e-06 1.38638e-06 1.35446e-06 1.32322e-06 1.29267e-06 1.26278e-06 1.23355e-06 1.20495e-06 1.17699e-06 1.14963e-06
7.36273e-05 9.21862e-06 9.06345e-06 8.90977e-06 8.75761e-06 8.607e-06 8.45797e-06 8.31055e-06 8.16477e-06 8.02065e-06 7.87821e-06 7.73747e-06 7.59844e-06 7.46114e-06 7.32557e-06 7.19175e-06 7.05969e-06 6.92939e-06 6.80085e-06 6.67408e-06 6.54908e-06 6.42584e-06 6.30438e-06 6.18467e-06 6.06673e-06 5.95054e-06 5.8361e-06 5.72341e-06 5.61244e-06 5.5032e-06 5.39567e-06 5.28985e-06 5.18571e-06 5.08326e-06 4.98248e-06 4.88335e-06 4.78585e-06 4.68999e-06 4.59573e-06 4.50307e-06 4.412e-06 4.32248e-06 4.23451e-06 4.14808e-06 4.06316e-06 3.97973e-06 3.89779e-06 3.8173e-06 3.73827e-06 3.66065e-06 3.58445e-06 3.50964e-06 3.4362e-06 3.36411e-06 3.29337e-06 3.22393e-06 3.1558e-06 3.08895e-06 3.02336e-06 2.95902e-06 2.8959e-06 2.83399e-06 2.77327e-06 2.71372e-06 2.65533e-06 2.59807e-06 2.54193e-06 2.48689e-06 2.43293e-06 2.38004e-06 2.3282e-06 2.27739e-06 2.22759e-06 2.17879e-06 2.13097e-06 2.08411e-06 2.0382e-06 1.99322e-06 1.94916e-06 1.906e-06 1.86372e-06 1.8223e-06 1.78174e-06 1.74202e-06 1.70312e-06 1.66503e-06 1.62773e-06 1.5912e-06 1.55544e-06 1.52044e-06 1.48616e-06 1.45261e-06 1.41977e-06 1.38763e-06 1.35617e-06 1.32537e-06 1.29524e-06 1.26574e-06 1.23688e-06 1.20864e-06 1.18101e-06
7.13482e-05 8.99458e-06 8.85e-06 8.70655e-06 8.56427e-06 8.42321e-06 8.28341e-06 8.1449e-06 8.00772e-06 7.8719e-06 7.73747e-06 7.60445e-06 7.47288e-06 7.34276e-06 7.21412e-06 7.08697e-06 6.96134e-06 6.83723e-06 6.71466e-06 6.59363e-06 6.47415e-06 6.35623e-06 6.23988e-06 6.12509e-06 6.01186e-06 5.90021e-06 5.79013e-06 5.68161e-06 5.57466e-06 5.46926e-06 5.36542e-06 5.26314e-06 5.16239e-06 5.06318e-06 4.9655e-06 4.86934e-06 4.77469e-06 4.68154e-06 4.58988e-06 4.49969e-06 4.41097e-06 4.32371e-06 4.23788e-06 4.15349e-06 4.07051e-06 3.98893e-06 3.90874e-06 3.82992e-06 3.75246e-06 3.67634e-06 3.60156e-06 3.52808e-06 3.4559e-06 3.38501e-06 3.31538e-06 3.24701e-06 3.17987e-06 3.11394e-06 3.04922e-06 2.98569e-06 2.92333e-06 2.86213e-06 2.80206e-06 2.74312e-06 2.68528e-06 2.62854e-06 2.57287e-06 2.51825e-06 2.46469e-06 2.41214e-06 2.36061e-06 2.31008e-06 2.26053e-06 2.21194e-06 2.1643e-06 2.11759e-06 2.07181e-06 2.02693e-06 1.98293e-06 1.93982e-06 1.89756e-06 1.85615e-06 1.81557e-06 1.7758e-06 1.73684e-06 1.69867e-06 1.66128e-06 1.62464e-06 1.58876e-06 1.55361e-06 1.51918e-06 1.48546e-06 1.45243e-06 1.4201e-06 1.38843e-06 1.35742e-06 1.32706e-06 1.29733e-06 1.26823e-06 1.23974e-06 1.21184e-06
6.91396e-05 8.77559e-06 8.64114e-06 8.50748e-06 8.37468e-06 8.24278e-06 8.11184e-06 7.98189e-06 7.85298e-06 7.72515e-06 7.59844e-06 7.47288e-06 7.34849e-06 7.22532e-06 7.10337e-06 6.98269e-06 6.86329e-06 6.74518e-06 6.6284e-06 6.51294e-06 6.39884e-06 6.28609e-06 6.17471e-06 6.06471e-06 5.95609e-06 5.84887e-06 5.74304e-06 5.63862e-06 5.53559e-06 5.43397e-06 5.33376e-06 5.23494e-06 5.13753e-06 5.04152e-06 4.9469e-06 4.85367e-06 4.76182e-06 4.67135e-06 4.58226e-06 4.49452e-06 4.40815e-06 4.32312e-06 4.23943e-06 4.15707e-06 4.07602e-06 3.99629e-06 3.91785e-06 3.8407e-06 3.76483e-06 3.69022e-06 3.61685e-06 3.54473e-06 3.47383e-06 3.40414e-06 3.33565e-06 3.26835e-06 3.20222e-06 3.13725e-06 3.07342e-06 3.01073e-06 2.94915e-06 2.88867e-06 2.82929e-06 2.77097e-06 2.71372e-06 2.65752e-06 2.60234e-06 2.54819e-06 2.49503e-06 2.44287e-06 2.39168e-06 2.34146e-06 2.29217e-06 2.24383e-06 2.1964e-06 2.14987e-06 2.10424e-06 2.05949e-06 2.01559e-06 1.97255e-06 1.93035e-06 1.88896e-06 1.84839e-06 1.80861e-06 1.76962e-06 1.7314e-06 1.69394e-06 1.65722e-06 1.62123e-06 1.58596e-06 1.55141e-06 1.51754e-06 1.48436e-06 1.45185e-06 1.42001e-06 1.38881e-06 1.35824e-06 1.3283e-06 1.29898e-06 1.27026e-06 1.24213e-06
6.69994e-05 8.56153e-06 8.43677e-06 8.3125e-06 8.18878e-06 8.06567e-06 7.94322e-06 7.8215e-06 7.70055e-06 7.58041e-06 7.46114e-06 7.34276e-06 7.22532e-06 7.10884e-06 6.99338e-06 6.87895e-06 6.76558e-06 6.65329e-06 6.54212e-06 6.43208e-06 6.32319e-06 6.21548e-06 6.10894e-06 6.00361e-06 5.89949e-06 5.79659e-06 5.69493e-06 5.5945e-06 5.49533e-06 5.39741e-06 5.30074e-06 5.20534e-06 5.11121e-06 5.01834e-06 4.92673e-06 4.83639e-06 4.74732e-06 4.6595e-06 4.57294e-06 4.48764e-06 4.40359e-06 4.32078e-06 4.23921e-06 4.15888e-06 4.07977e-06 4.00187e-06 3.92519e-06 3.84971e-06 3.77543e-06 3.70232e-06 3.63039e-06 3.55963e-06 3.49002e-06 3.42155e-06 3.35422e-06 3.28801e-06 3.22291e-06 3.15891e-06 3.09599e-06 3.03415e-06 2.97338e-06 2.91366e-06 2.85497e-06 2.79732e-06 2.74067e-06 2.68503e-06 2.63038e-06 2.57671e-06 2.524e-06 2.47224e-06 2.42142e-06 2.37153e-06 2.32255e-06 2.27447e-06 2.22728e-06 2.18097e-06 2.13552e-06 2.09092e-06 2.04715e-06 2.00421e-06 1.96209e-06 1.92076e-06 1.88022e-06 1.84046e-06 1.80146e-06 1.76322e-06 1.72571e-06 1.68893e-06 1.65287e-06 1.61751e-06 1.58285e-06 1.54887e-06 1.51555e-06 1.4829e-06 1.4509e-06 1.41953e-06 1.38879e-06 1.35866e-06 1.32914e-06 1.30021e-06 1.27186e-06
6.49254e-05 8.35232e-06 8.23682e-06 8.12153e-06 8.00651e-06 7.89183e-06 7.77755e-06 7.66373e-06 7.55042e-06 7.43769e-06 7.32557e-06 7.21412e-06 7.10337e-06 6.99338e-06 6.88417e-06 6.77579e-06 6.66826e-06 6.56161e-06 6.45589e-06 6.35111e-06 6.24729e-06 6.14446e-06 6.04265e-06 5.94186e-06 5.84212e-06 5.74345e-06 5.64585e-06 5.54934e-06 5.45393e-06 5.35964e-06 5.26646e-06 5.17441e-06 5.08349e-06 4.99371e-06 4.90508e-06 4.81759e-06 4.73125e-06 4.64605e-06 4.56201e-06 4.47911e-06 4.39736e-06 4.31676e-06 4.2373e-06 4.15898e-06 4.08179e-06 4.00574e-06 3.93081e-06 3.857e-06 3.78431e-06 3.71272e-06 3.64223e-06 3.57284e-06 3.50453e-06 3.43729e-06 3.37113e-06 3.30602e-06 3.24197e-06 3.17895e-06 3.11697e-06 3.05601e-06 2.99606e-06 2.93711e-06 2.87915e-06 2.82217e-06 2.76617e-06 2.71112e-06 2.65701e-06 2.60385e-06 2.55161e-06 2.50028e-06 2.44986e-06 2.40033e-06 2.35168e-06 2.30389e-06 2.25697e-06 2.21089e-06 2.16564e-06 2.12122e-06 2.07761e-06 2.0348e-06 1.99278e-06 1.95154e-06 1.91107e-06 1.87134e-06 1.83237e-06 1.79412e-06 1.7566e-06 1.71979e-06 1.68368e-06 1.64825e-06 1.61351e-06 1.57943e-06 1.54601e-06 1.51323e-06 1.48109e-06 1.44958e-06 1.41868e-06 1.38839e-06 1.35869e-06 1.32958e-06 1.30104e-06
6.29157e-05 8.14785e-06 8.04122e-06 7.93451e-06 7.82783e-06 7.72122e-06 7.61477e-06 7.50854e-06 7.40259e-06 7.29697e-06 7.19175e-06 7.08697e-06 6.98269e-06 6.87895e-06 6.77579e-06 6.67325e-06 6.57137e-06 6.4702e-06 6.36975e-06 6.27007e-06 6.17118e-06 6.07311e-06 5.97589e-06 5.87953e-06 5.78406e-06 5.68951e-06 5.59588e-06 5.5032e-06 5.41148e-06 5.32073e-06 5.23097e-06 5.14221e-06 5.05446e-06 4.96772e-06 4.88201e-06 4.79733e-06 4.71368e-06 4.63107e-06 4.54951e-06 4.469e-06 4.38953e-06 4.31112e-06 4.23375e-06 4.15743e-06 4.08216e-06 4.00794e-06 3.93476e-06 3.86262e-06 3.79152e-06 3.72145e-06 3.65241e-06 3.58439e-06 3.51739e-06 3.4514e-06 3.38642e-06 3.32243e-06 3.25944e-06 3.19743e-06 3.1364e-06 3.07633e-06 3.01722e-06 2.95907e-06 2.90186e-06 2.84558e-06 2.79023e-06 2.73579e-06 2.68226e-06 2.62962e-06 2.57788e-06 2.52701e-06 2.477e-06 2.42786e-06 2.37956e-06 2.3321e-06 2.28547e-06 2.23965e-06 2.19464e-06 2.15042e-06 2.10699e-06 2.06434e-06 2.02245e-06 1.98132e-06 1.94093e-06 1.90127e-06 1.86234e-06 1.82412e-06 1.78661e-06 1.74979e-06 1.71365e-06 1.67818e-06 1.64338e-06 1.60923e-06 1.57572e-06 1.54285e-06 1.5106e-06 1.47896e-06 1.44793e-06 1.41749e-06 1.38764e-06 1.35836e-06 1.32965e-06
6.09681e-05 7.94804e-06 7.84987e-06 7.75139e-06 7.65268e-06 7.55382e-06 7.45488e-06 7.35593e-06 7.25704e-06 7.15827e-06 7.05969e-06 6.96134e-06 6.86329e-06 6.76558e-06 6.66826e-06 6.57137e-06 6.47497e-06 6.37909e-06 6.28376e-06 6.18903e-06 6.09492e-06 6.00148e-06 5.90872e-06 5.81668e-06 5.72538e-06 5.63484e-06 5.54509e-06 5.45615e-06 5.36803e-06 5.28076e-06 5.19435e-06 5.10882e-06 5.02417e-06 4.94042e-06 4.85759e-06 4.77567e-06 4.69468e-06 4.61463e-06 4.53552e-06 4.45737e-06 4.38016e-06 4.30391e-06 4.22862e-06 4.1543e-06 4.08093e-06 4.00854e-06 3.9371e-06 3.86663e-06 3.79712e-06 3.72857e-06 3.66098e-06 3.59435e-06 3.52866e-06 3.46393e-06 3.40014e-06 3.33728e-06 3.27536e-06 3.21437e-06 3.1543e-06 3.09515e-06 3.0369e-06 2.97956e-06 2.92312e-06 2.86756e-06 2.81288e-06 2.75908e-06 2.70614e-06 2.65406e-06 2.60283e-06 2.55244e-06 2.50288e-06 2.45415e-06 2.40623e-06 2.35911e-06 2.31279e-06 2.26726e-06 2.22251e-06 2.17852e-06 2.1353e-06 2.09283e-06 2.05109e-06 2.01009e-06 1.96982e-06 1.93025e-06 1.89139e-06 1.85322e-06 1.81574e-06 1.77893e-06 1.74279e-06 1.70731e-06 1.67247e-06 1.63827e-06 1.6047e-06 1.57175e-06 1.53941e-06 1.50767e-06 1.47653e-06 1.44596e-06 1.41597e-06 1.38655e-06 1.35768e-06
5.90809e-05 7.7528e-06 7.66271e-06 7.57209e-06 7.48101e-06 7.38957e-06 7.29783e-06 7.20587e-06 7.11377e-06 7.02158e-06 6.92939e-06 6.83723e-06 6.74518e-06 6.65329e-06 6.56161e-06 6.4702e-06 6.37909e-06 6.28833e-06 6.19796e-06 6.10803e-06 6.01857e-06 5.92962e-06 5.84121e-06 5.75336e-06 5.66612e-06 5.5795e-06 5.49354e-06 5.40825e-06 5.32366e-06 5.2398e-06 5.15667e-06 5.0743e-06 4.9927e-06 4.91189e-06 4.83188e-06 4.75269e-06 4.67432e-06 4.59679e-06 4.5201e-06 4.44427e-06 4.36931e-06 4.29521e-06 4.22198e-06 4.14963e-06 4.07816e-06 4.00758e-06 3.93788e-06 3.86908e-06 3.80116e-06 3.73413e-06 3.668e-06 3.60275e-06 3.53839e-06 3.47491e-06 3.41232e-06 3.35061e-06 3.28978e-06 3.22982e-06 3.17072e-06 3.1125e-06 3.05513e-06 2.99862e-06 2.94296e-06 2.88814e-06 2.83416e-06 2.78101e-06 2.72869e-06 2.67719e-06 2.62649e-06 2.5766e-06 2.52751e-06 2.47921e-06 2.43169e-06 2.38494e-06 2.33896e-06 2.29374e-06 2.24927e-06 2.20554e-06 2.16255e-06 2.12028e-06 2.07872e-06 2.03788e-06 1.99774e-06 1.95829e-06 1.91952e-06 1.88142e-06 1.844e-06 1.80723e-06 1.77111e-06 1.73563e-06 1.70078e-06 1.66655e-06 1.63294e-06 1.59993e-06 1.56752e-06 1.53571e-06 1.50447e-06 1.4738e-06 1.4437e-06 1.41415e-06 1.38515e-06
5.7252e-05 7.56202e-06 7.47966e-06 7.39655e-06 7.31278e-06 7.22843e-06 7.1436e-06 7.05835e-06 6.97276e-06 6.8869e-06 6.80085e-06 6.71466e-06 6.6284e-06 6.54212e-06 6.45589e-06 6.36975e-06 6.28376e-06 6.19796e-06 6.11241e-06 6.02713e-06 5.94218e-06 5.85759e-06 5.7734e-06 5.68964e-06 5.60635e-06 5.52356e-06 5.44129e-06 5.35957e-06 5.27843e-06 5.19789e-06 5.11798e-06 5.03871e-06 4.9601e-06 4.88218e-06 4.80495e-06 4.72844e-06 4.65265e-06 4.57761e-06 4.50331e-06 4.42979e-06 4.35703e-06 4.28506e-06 4.21387e-06 4.14348e-06 4.0739e-06 4.00512e-06 3.93716e-06 3.87001e-06 3.80368e-06 3.73818e-06 3.67349e-06 3.60964e-06 3.5466e-06 3.4844e-06 3.42301e-06 3.36245e-06 3.30272e-06 3.2438e-06 3.1857e-06 3.12842e-06 3.07194e-06 3.01628e-06 2.96142e-06 2.90736e-06 2.85409e-06 2.80162e-06 2.74993e-06 2.69902e-06 2.64888e-06 2.59952e-06 2.55091e-06 2.50306e-06 2.45596e-06 2.40961e-06 2.36399e-06 2.3191e-06 2.27493e-06 2.23148e-06 2.18874e-06 2.1467e-06 2.10535e-06 2.06468e-06 2.0247e-06 1.98538e-06 1.94673e-06 1.90873e-06 1.87138e-06 1.83467e-06 1.7986e-06 1.76314e-06 1.7283e-06 1.69407e-06 1.66044e-06 1.6274e-06 1.59494e-06 1.56306e-06 1.53175e-06 1.501e-06 1.4708e-06 1.44115e-06 1.41203e-06
5.54798e-05 7.37563e-06 7.30064e-06 7.22471e-06 7.14792e-06 7.07038e-06 6.99215e-06 6.91333e-06 6.834e-06 6.75422e-06 6.67408e-06 6.59363e-06 6.51294e-06 6.43208e-06 6.35111e-06 6.27007e-06 6.18903e-06 6.10803e-06 6.02713e-06 5.94637e-06 5.86579e-06 5.78544e-06 5.70536e-06 5.62558e-06 5.54614e-06 5.46707e-06 5.3884e-06 5.31017e-06 5.2324e-06 5.15512e-06 5.07835e-06 5.00212e-06 4.92645e-06 4.85136e-06 4.77686e-06 4.70298e-06 4.62974e-06 4.55715e-06 4.48521e-06 4.41396e-06 4.34339e-06 4.27352e-06 4.20436e-06 4.13592e-06 4.0682e-06 4.00122e-06 3.93498e-06 3.86948e-06 3.80474e-06 3.74075e-06 3.67752e-06 3.61506e-06 3.55336e-06 3.49242e-06 3.43225e-06 3.37286e-06 3.31422e-06 3.25636e-06 3.19927e-06 3.14294e-06 3.08737e-06 3.03257e-06 2.97852e-06 2.92523e-06 2.8727e-06 2.82092e-06 2.76988e-06 2.71958e-06 2.67003e-06 2.6212e-06 2.5731e-06 2.52573e-06 2.47907e-06 2.43313e-06 2.38789e-06 2.34336e-06 2.29952e-06 2.25636e-06 2.21389e-06 2.1721e-06 2.13098e-06 2.09051e-06 2.05071e-06 2.01155e-06 1.97304e-06 1.93516e-06 1.89791e-06 1.86128e-06 1.82526e-06 1.78986e-06 1.75505e-06 1.72083e-06 1.6872e-06 1.65415e-06 1.62166e-06 1.58974e-06 1.55838e-06 1.52757e-06 1.49729e-06 1.46755e-06 1.43834e-06
5.37624e-05 7.19353e-06 7.12558e-06 7.0565e-06 6.98639e-06 6.91535e-06 6.84346e-06 6.77081e-06 6.69748e-06 6.62354e-06 6.54908e-06 6.47415e-06 6.39884e-06 6.32319e-06 6.24729e-06 6.17118e-06 6.09492e-06 6.01857e-06 5.94218e-06 5.86579e-06 5.78946e-06 5.71323e-06 5.63713e-06 5.56122e-06 5.48552e-06 5.41008e-06 5.33493e-06 5.2601e-06 5.18562e-06 5.11153e-06 5.03784e-06 4.96459e-06 4.89179e-06 4.81948e-06 4.74767e-06 4.67639e-06 4.60565e-06 4.53546e-06 4.46586e-06 4.39684e-06 4.32844e-06 4.26065e-06 4.19349e-06 4.12698e-06 4.06112e-06 3.99592e-06 3.93139e-06 3.86754e-06 3.80438e-06 3.74191e-06 3.68013e-06 3.61906e-06 3.55869e-06 3.49903e-06 3.44009e-06 3.38185e-06 3.32434e-06 3.26754e-06 3.21145e-06 3.15609e-06 3.10144e-06 3.04751e-06 2.9943e-06 2.9418e-06 2.89001e-06 2.83894e-06 2.78857e-06 2.7389e-06 2.68994e-06 2.64168e-06 2.59411e-06 2.54723e-06 2.50103e-06 2.45552e-06 2.41069e-06 2.36653e-06 2.32303e-06 2.2802e-06 2.23802e-06 2.1965e-06 2.15562e-06 2.11538e-06 2.07578e-06 2.0368e-06 1.99844e-06 1.9607e-06 1.92357e-06 1.88705e-06 1.85111e-06 1.81577e-06 1.78102e-06 1.74683e-06 1.71322e-06 1.68018e-06 1.64769e-06 1.61575e-06 1.58435e-06 1.55349e-06 1.52316e-06 1.49335e-06 1.46406e-06
5.20982e-05 7.01564e-06 6.95439e-06 6.89186e-06 6.82814e-06 6.76332e-06 6.6975e-06 6.63075e-06 6.56318e-06 6.49485e-06 6.42584e-06 6.35623e-06 6.28609e-06 6.21548e-06 6.14446e-06 6.07311e-06 6.00148e-06 5.92962e-06 5.85759e-06 5.78544e-06 5.71323e-06 5.64099e-06 5.56877e-06 5.49661e-06 5.42457e-06 5.35266e-06 5.28094e-06 5.20943e-06 5.13816e-06 5.06718e-06 4.99651e-06 4.92617e-06 4.8562e-06 4.78661e-06 4.71744e-06 4.6487e-06 4.58042e-06 4.51262e-06 4.4453e-06 4.3785e-06 4.31223e-06 4.2465e-06 4.18133e-06 4.11673e-06 4.0527e-06 3.98928e-06 3.92645e-06 3.86424e-06 3.80265e-06 3.74169e-06 3.68136e-06 3.62168e-06 3.56265e-06 3.50427e-06 3.44654e-06 3.38948e-06 3.33309e-06 3.27736e-06 3.2223e-06 3.16791e-06 3.11419e-06 3.06115e-06 3.00878e-06 2.95708e-06 2.90606e-06 2.8557e-06 2.80602e-06 2.757e-06 2.70865e-06 2.66097e-06 2.61394e-06 2.56757e-06 2.52186e-06 2.4768e-06 2.43239e-06 2.38862e-06 2.34549e-06 2.303e-06 2.26114e-06 2.2199e-06 2.17929e-06 2.13929e-06 2.09991e-06 2.06113e-06 2.02295e-06 1.98537e-06 1.94838e-06 1.91198e-06 1.87615e-06 1.8409e-06 1.80621e-06 1.77208e-06 1.73851e-06 1.70549e-06 1.67301e-06 1.64107e-06 1.60966e-06 1.57877e-06 1.54841e-06 1.51855e-06 1.4892e-06
5.04855e-05 6.84187e-06 6.78702e-06 6.73073e-06 6.6731e-06 6.61424e-06 6.55422e-06 6.49314e-06 6.43109e-06 6.36814e-06 6.30438e-06 6.23988e-06 6.17471e-06 6.10894e-06 6.04265e-06 5.97589e-06 5.90872e-06 5.84121e-06 5.7734e-06 5.70536e-06 5.63713e-06 5.56877e-06 5.50032e-06 5.43182e-06 5.36332e-06 5.29485e-06 5.22647e-06 5.15819e-06 5.09007e-06 5.02213e-06 4.9544e-06 4.88692e-06 4.81971e-06 4.7528e-06 4.68622e-06 4.61999e-06 4.55413e-06 4.48866e-06 4.42361e-06 4.35899e-06 4.29483e-06 4.23113e-06 4.16792e-06 4.10521e-06 4.04301e-06 3.98133e-06 3.9202e-06 3.85962e-06 3.79959e-06 3.74014e-06 3.68126e-06 3.62297e-06 3.56527e-06 3.50817e-06 3.45167e-06 3.39579e-06 3.34052e-06 3.28586e-06 3.23184e-06 3.17843e-06 3.12566e-06 3.07351e-06 3.022e-06 2.97111e-06 2.92086e-06 2.87124e-06 2.82226e-06 2.77391e-06 2.72618e-06 2.67909e-06 2.63263e-06 2.58679e-06 2.54158e-06 2.49698e-06 2.45301e-06 2.40965e-06 2.36691e-06 2.32478e-06 2.28325e-06 2.24232e-06 2.20199e-06 2.16226e-06 2.12312e-06 2.08456e-06 2.04658e-06 2.00918e-06 1.97235e-06 1.93608e-06 1.90038e-06 1.86523e-06 1.83063e-06 1.79658e-06 1.76307e-06 1.73009e-06 1.69765e-06 1.66572e-06 1.63431e-06 1.60342e-06 1.57303e-06 1.54314e-06 1.51375e-06
4.89227e-05 6.67213e-06 6.62338e-06 6.57305e-06 6.52124e-06 6.46806e-06 6.4136e-06 6.35794e-06 6.30118e-06 6.2434e-06 6.18467e-06 6.12509e-06 6.06471e-06 6.00361e-06 5.94186e-06 5.87953e-06 5.81668e-06 5.75336e-06 5.68964e-06 5.62558e-06 5.56122e-06 5.49661e-06 5.43182e-06 5.36687e-06 5.30182e-06 5.23671e-06 5.17158e-06 5.10646e-06 5.0414e-06 4.97643e-06 4.91159e-06 4.8469e-06 4.7824e-06 4.71811e-06 4.65407e-06 4.59029e-06 4.52681e-06 4.46365e-06 4.40082e-06 4.33836e-06 4.27627e-06 4.21458e-06 4.15331e-06 4.09247e-06 4.03208e-06 3.97214e-06 3.91269e-06 3.85372e-06 3.79525e-06 3.7373e-06 3.67986e-06 3.62296e-06 3.56659e-06 3.51077e-06 3.4555e-06 3.4008e-06 3.34666e-06 3.29309e-06 3.2401e-06 3.18769e-06 3.13586e-06 3.08462e-06 3.03397e-06 2.98391e-06 2.93445e-06 2.88558e-06 2.83731e-06 2.78963e-06 2.74256e-06 2.69607e-06 2.65019e-06 2.60489e-06 2.5602e-06 2.51609e-06 2.47257e-06 2.42965e-06 2.38731e-06 2.34555e-06 2.30437e-06 2.26377e-06 2.22375e-06 2.18429e-06 2.14541e-06 2.10709e-06 2.06933e-06 2.03212e-06 1.99547e-06 1.95937e-06 1.9238e-06 1.88878e-06 1.85429e-06 1.82033e-06 1.7869e-06 1.75398e-06 1.72158e-06 1.68969e-06 1.65831e-06 1.62742e-06 1.59703e-06 1.56713e-06 1.53771e-06
4.74083e-05 6.50635e-06 6.4634e-06 6.41875e-06 6.3725e-06 6.32475e-06 6.2756e-06 6.22514e-06 6.17345e-06 6.12062e-06 6.06673e-06 6.01186e-06 5.95609e-06 5.89949e-06 5.84212e-06 5.78406e-06 5.72538e-06 5.66612e-06 5.60635e-06 5.54614e-06 5.48552e-06 5.42457e-06 5.36332e-06 5.30182e-06 5.24012e-06 5.17827e-06 5.11631e-06 5.05428e-06 4.99221e-06 4.93014e-06 4.86811e-06 4.80616e-06 4.74431e-06 4.68259e-06 4.62104e-06 4.55968e-06 4.49853e-06 4.43763e-06 4.377e-06 4.31665e-06 4.25662e-06 4.19691e-06 4.13755e-06 4.07856e-06 4.01996e-06 3.96175e-06 3.90396e-06 3.8466e-06 3.78968e-06 3.73321e-06 3.67721e-06 3.62169e-06 3.56665e-06 3.51211e-06 3.45808e-06 3.40455e-06 3.35155e-06 3.29907e-06 3.24712e-06 3.19571e-06 3.14484e-06 3.09451e-06 3.04474e-06 2.99552e-06 2.94685e-06 2.89875e-06 2.8512e-06 2.80421e-06 2.75779e-06 2.71193e-06 2.66664e-06 2.62191e-06 2.57774e-06 2.53413e-06 2.49109e-06 2.44861e-06 2.40669e-06 2.36532e-06 2.32452e-06 2.28426e-06 2.24456e-06 2.2054e-06 2.1668e-06 2.12873e-06 2.0912e-06 2.05422e-06 2.01776e-06 1.98183e-06 1.94643e-06 1.91155e-06 1.87719e-06 1.84334e-06 1.81e-06 1.77716e-06 1.74483e-06 1.71299e-06 1.68164e-06 1.65078e-06 1.62041e-06 1.5905e-06 1.56108e-06
4.59408e-05 6.34443e-06 6.30701e-06 6.26777e-06 6.22683e-06 6.18427e-06 6.1402e-06 6.0947e-06 6.04787e-06 5.99979e-06 5.95054e-06 5.90021e-06 5.84887e-06 5.79659e-06 5.74345e-06 5.68951e-06 5.63484e-06 5.5795e-06 5.52356e-06 5.46707e-06 5.41008e-06 5.35266e-06 5.29485e-06 5.23671e-06 5.17827e-06 5.1196e-06 5.06072e-06 5.00168e-06 4.94253e-06 4.8833e-06 4.82402e-06 4.76474e-06 4.70549e-06 4.64629e-06 4.58718e-06 4.52819e-06 4.46934e-06 4.41066e-06 4.35218e-06 4.29393e-06 4.23591e-06 4.17816e-06 4.1207e-06 4.06354e-06 4.0067e-06 3.9502e-06 3.89406e-06 3.83829e-06 3.78291e-06 3.72793e-06 3.67336e-06 3.61921e-06 3.5655e-06 3.51224e-06 3.45943e-06 3.40709e-06 3.35522e-06 3.30383e-06 3.25293e-06 3.20252e-06 3.15262e-06 3.10321e-06 3.05432e-06 3.00595e-06 2.95809e-06 2.91076e-06 2.86395e-06 2.81767e-06 2.77191e-06 2.72669e-06 2.682e-06 2.63784e-06 2.59422e-06 2.55114e-06 2.50858e-06 2.46656e-06 2.42508e-06 2.38412e-06 2.3437e-06 2.3038e-06 2.26444e-06 2.2256e-06 2.18729e-06 2.14949e-06 2.11222e-06 2.07546e-06 2.03922e-06 2.00349e-06 1.96826e-06 1.93354e-06 1.89933e-06 1.8656e-06 1.83238e-06 1.79964e-06 1.76739e-06 1.73562e-06 1.70433e-06 1.67351e-06 1.64316e-06 1.61328e-06 1.58385e-06
4.45187e-05 6.18631e-06 6.15414e-06 6.12007e-06 6.08417e-06 6.04657e-06 6.00735e-06 5.9666e-06 5.92442e-06 5.8809e-06 5.8361e-06 5.79013e-06 5.74304e-06 5.69493e-06 5.64585e-06 5.59588e-06 5.54509e-06 5.49354e-06 5.44129e-06 5.3884e-06 5.33493e-06 5.28094e-06 5.22647e-06 5.17158e-06 5.11631e-06 5.06072e-06 5.00485e-06 4.94873e-06 4.89243e-06 4.83596e-06 4.77937e-06 4.7227e-06 4.66599e-06 4.60925e-06 4.55254e-06 4.49587e-06 4.43928e-06 4.38279e-06 4.32643e-06 4.27023e-06 4.21421e-06 4.15838e-06 4.10279e-06 4.04744e-06 3.99235e-06 3.93754e-06 3.88304e-06 3.82885e-06 3.77499e-06 3.72148e-06 3.66833e-06 3.61556e-06 3.56317e-06 3.51118e-06 3.4596e-06 3.40844e-06 3.35771e-06 3.30741e-06 3.25756e-06 3.20817e-06 3.15923e-06 3.11076e-06 3.06276e-06 3.01524e-06 2.9682e-06 2.92164e-06 2.87558e-06 2.83001e-06 2.78494e-06 2.74037e-06 2.6963e-06 2.65273e-06 2.60967e-06 2.56711e-06 2.52506e-06 2.48352e-06 2.44248e-06 2.40195e-06 2.36193e-06 2.32241e-06 2.2834e-06 2.2449e-06 2.20689e-06 2.16939e-06 2.13238e-06 2.09587e-06 2.05986e-06 2.02434e-06 1.98931e-06 1.95477e-06 1.92071e-06 1.88713e-06 1.85403e-06 1.82141e-06 1.78926e-06 1.75757e-06 1.72635e-06 1.69559e-06 1.66529e-06 1.63544e-06 1.60604e-06
4.31406e-05 6.03189e-06 6.00473e-06 5.97556e-06 5.94449e-06 5.91161e-06 5.87702e-06 5.84082e-06 5.80309e-06 5.76393e-06 5.72341e-06 5.68161e-06 5.63862e-06 5.5945e-06 5.54934e-06 5.5032e-06 5.45615e-06 5.40825e-06 5.35957e-06 5.31017e-06 5.2601e-06 5.20943e-06 5.15819e-06 5.10646e-06 5.05428e-06 5.00168e-06 4.94873e-06 4.89547e-06 4.84193e-06 4.78816e-06 4.7342e-06 4.68009e-06 4.62585e-06 4.57154e-06 4.51717e-06 4.46278e-06 4.4084e-06 4.35406e-06 4.29979e-06 4.24561e-06 4.19154e-06 4.13763e-06 4.08387e-06 4.0303e-06 3.97694e-06 3.92381e-06 3.87093e-06 3.8183e-06 3.76596e-06 3.71391e-06 3.66218e-06 3.61077e-06 3.5597e-06 3.50898e-06 3.45863e-06 3.40865e-06 3.35905e-06 3.30985e-06 3.26105e-06 3.21267e-06 3.1647e-06 3.11717e-06 3.07007e-06 3.02341e-06 2.97719e-06 2.93143e-06 2.88613e-06 2.84128e-06 2.7969e-06 2.75299e-06 2.70955e-06 2.66658e-06 2.62409e-06 2.58208e-06 2.54055e-06 2.49949e-06 2.45892e-06 2.41883e-06 2.37923e-06 2.3401e-06 2.30146e-06 2.2633e-06 2.22562e-06 2.18842e-06 2.1517e-06 2.11546e-06 2.07969e-06 2.0444e-06 2.00958e-06 1.97523e-06 1.94135e-06 1.90793e-06 1.87497e-06 1.84248e-06 1.81044e-06 1.77886e-06 1.74773e-06 1.71704e-06 1.6868e-06 1.657e-06 1.62764e-06
4.18052e-05 5.88111e-06 5.8587e-06 5.8342e-06 5.80772e-06 5.77935e-06 5.74919e-06 5.71733e-06 5.68386e-06 5.64887e-06 5.61244e-06 5.57466e-06 5.53559e-06 5.49533e-06 5.45393e-06 5.41148e-06 5.36803e-06 5.32366e-06 5.27843e-06 5.2324e-06 5.18562e-06 5.13816e-06 5.09007e-06 5.0414e-06 4.99221e-06 4.94253e-06 4.89243e-06 4.84193e-06 4.7911e-06 4.73996e-06 4.68856e-06 4.63694e-06 4.58514e-06 4.53318e-06 4.48111e-06 4.42895e-06 4.37675e-06 4.32452e-06 4.27229e-06 4.2201e-06 4.16797e-06 4.11593e-06 4.06399e-06 4.01219e-06 3.96053e-06 3.90906e-06 3.85777e-06 3.8067e-06 3.75586e-06 3.70527e-06 3.65493e-06 3.60488e-06 3.55512e-06 3.50567e-06 3.45654e-06 3.40773e-06 3.35928e-06 3.31117e-06 3.26343e-06 3.21606e-06 3.16907e-06 3.12248e-06 3.07628e-06 3.03049e-06 2.98511e-06 2.94014e-06 2.8956e-06 2.85149e-06 2.80781e-06 2.76457e-06 2.72177e-06 2.67942e-06 2.63751e-06 2.59606e-06 2.55505e-06 2.5145e-06 2.47441e-06 2.43477e-06 2.3956e-06 2.35688e-06 2.31862e-06 2.28082e-06 2.24348e-06 2.20661e-06 2.17019e-06 2.13422e-06 2.09872e-06 2.06367e-06 2.02907e-06 1.99493e-06 1.96124e-06 1.928e-06 1.8952e-06 1.86285e-06 1.83095e-06 1.79948e-06 1.76845e-06 1.73785e-06 1.70769e-06 1.67796e-06 1.64865e-06
4.05111e-05 5.73388e-06 5.71599e-06 5.69593e-06 5.67382e-06 5.64974e-06 5.6238e-06 5.59609e-06 5.56669e-06 5.5357e-06 5.5032e-06 5.46926e-06 5.43397e-06 5.39741e-06 5.35964e-06 5.32073e-06 5.28076e-06 5.2398e-06 5.19789e-06 5.15512e-06 5.11153e-06 5.06718e-06 5.02213e-06 4.97643e-06 4.93014e-06 4.8833e-06 4.83596e-06 4.78816e-06 4.73996e-06 4.69139e-06 4.64249e-06 4.59331e-06 4.54388e-06 4.49423e-06 4.44441e-06 4.39444e-06 4.34437e-06 4.29421e-06 4.244e-06 4.19376e-06 4.14353e-06 4.09333e-06 4.04319e-06 3.99312e-06 3.94316e-06 3.89332e-06 3.84362e-06 3.79408e-06 3.74473e-06 3.69557e-06 3.64664e-06 3.59793e-06 3.54948e-06 3.50129e-06 3.45337e-06 3.40574e-06 3.35842e-06 3.31141e-06 3.26472e-06 3.21837e-06 3.17237e-06 3.12671e-06 3.08142e-06 3.0365e-06 2.99196e-06 2.9478e-06 2.90404e-06 2.86067e-06 2.8177e-06 2.77514e-06 2.73299e-06 2.69126e-06 2.64995e-06 2.60906e-06 2.5686e-06 2.52857e-06 2.48896e-06 2.4498e-06 2.41106e-06 2.37276e-06 2.3349e-06 2.29748e-06 2.2605e-06 2.22395e-06 2.18784e-06 2.15218e-06 2.11695e-06 2.08216e-06 2.0478e-06 2.01388e-06 1.9804e-06 1.94735e-06 1.91473e-06 1.88254e-06 1.85077e-06 1.81944e-06 1.78852e-06 1.75803e-06 1.72796e-06 1.69831e-06 1.66906e-06
3.92571e-05 5.59014e-06 5.57653e-06 5.56069e-06 5.54274e-06 5.52275e-06 5.50084e-06 5.47709e-06 5.45158e-06 5.42442e-06 5.39567e-06 5.36542e-06 5.33376e-06 5.30074e-06 5.26646e-06 5.23097e-06 5.19435e-06 5.15667e-06 5.11798e-06 5.07835e-06 5.03784e-06 4.99651e-06 4.9544e-06 4.91159e-06 4.86811e-06 4.82402e-06 4.77937e-06 4.7342e-06 4.68856e-06 4.64249e-06 4.59604e-06 4.54923e-06 4.50212e-06 4.45473e-06 4.40711e-06 4.35929e-06 4.3113e-06 4.26318e-06 4.21494e-06 4.16663e-06 4.11827e-06 4.06989e-06 4.02151e-06 3.97316e-06 3.92486e-06 3.87663e-06 3.8285e-06 3.78048e-06 3.7326e-06 3.68488e-06 3.63732e-06 3.58996e-06 3.5428e-06 3.49586e-06 3.44916e-06 3.4027e-06 3.35651e-06 3.3106e-06 3.26497e-06 3.21963e-06 3.17461e-06 3.1299e-06 3.08553e-06 3.04148e-06 2.99779e-06 2.95444e-06 2.91145e-06 2.86883e-06 2.82659e-06 2.78472e-06 2.74323e-06 2.70213e-06 2.66142e-06 2.62111e-06 2.5812e-06 2.5417e-06 2.5026e-06 2.46391e-06 2.42563e-06 2.38776e-06 2.35031e-06 2.31328e-06 2.27666e-06 2.24047e-06 2.20469e-06 2.16933e-06 2.13439e-06 2.09987e-06 2.06577e-06 2.03209e-06 1.99882e-06 1.96598e-06 1.93355e-06 1.90153e-06 1.86993e-06 1.83874e-06 1.80796e-06 1.77758e-06 1.74762e-06 1.71805e-06 1.68889e-06
3.80419e-05 5.4498e-06 5.44025e-06 5.42843e-06 5.41442e-06 5.39834e-06 5.38026e-06 5.36029e-06 5.3385e-06 5.315e-06 5.28985e-06 5.26314e-06 5.23494e-06 5.20534e-06 5.17441e-06 5.14221e-06 5.10882e-06 5.0743e-06 5.03871e-06 5.00212e-06 4.96459e-06 4.92617e-06 4.88692e-06 4.8469e-06 4.80616e-06 4.76474e-06 4.7227e-06 4.68009e-06 4.63694e-06 4.59331e-06 4.54923e-06 4.50475e-06 4.4599e-06 4.41473e-06 4.36926e-06 4.32354e-06 4.2776e-06 4.23146e-06 4.18517e-06 4.13875e-06 4.09223e-06 4.04563e-06 3.99899e-06 3.95233e-06 3.90567e-06 3.85904e-06 3.81246e-06 3.76595e-06 3.71952e-06 3.67321e-06 3.62703e-06 3.581e-06 3.53512e-06 3.48943e-06 3.44394e-06 3.39865e-06 3.35359e-06 3.30876e-06 3.26419e-06 3.21987e-06 3.17583e-06 3.13207e-06 3.08861e-06 3.04545e-06 3.0026e-06 2.96007e-06 2.91787e-06 2.87601e-06 2.83449e-06 2.79331e-06 2.7525e-06 2.71204e-06 2.67195e-06 2.63223e-06 2.59288e-06 2.55391e-06 2.51533e-06 2.47713e-06 2.43932e-06 2.40189e-06 2.36487e-06 2.32824e-06 2.292e-06 2.25616e-06 2.22073e-06 2.18569e-06 2.15105e-06 2.11682e-06 2.08299e-06 2.04956e-06 2.01653e-06 1.9839e-06 1.95167e-06 1.91984e-06 1.88841e-06 1.85738e-06 1.82674e-06 1.7965e-06 1.76666e-06 1.7372e-06 1.70814e-06
3.68643e-05 5.31278e-06 5.30709e-06 5.29908e-06 5.28883e-06 5.27645e-06 5.26203e-06 5.24566e-06 5.22743e-06 5.20742e-06 5.18571e-06 5.16239e-06 5.13753e-06 5.11121e-06 5.08349e-06 5.05446e-06 5.02417e-06 4.9927e-06 4.9601e-06 4.92645e-06 4.89179e-06 4.8562e-06 4.81971e-06 4.7824e-06 4.74431e-06 4.70549e-06 4.66599e-06 4.62585e-06 4.58514e-06 4.54388e-06 4.50212e-06 4.4599e-06 4.41727e-06 4.37425e-06 4.33089e-06 4.28723e-06 4.24329e-06 4.19911e-06 4.15472e-06 4.11016e-06 4.06544e-06 4.02061e-06 3.97568e-06 3.93068e-06 3.88564e-06 3.84058e-06 3.79553e-06 3.75051e-06 3.70553e-06 3.66062e-06 3.61579e-06 3.57108e-06 3.52649e-06 3.48203e-06 3.43774e-06 3.39361e-06 3.34968e-06 3.30594e-06 3.26242e-06 3.21912e-06 3.17606e-06 3.13326e-06 3.09071e-06 3.04843e-06 3.00644e-06 2.96473e-06 2.92332e-06 2.88222e-06 2.84143e-06 2.80096e-06 2.76082e-06 2.72101e-06 2.68155e-06 2.64242e-06 2.60365e-06 2.56523e-06 2.52717e-06 2.48947e-06 2.45213e-06 2.41517e-06 2.37858e-06 2.34236e-06 2.30652e-06 2.27105e-06 2.23597e-06 2.20127e-06 2.16695e-06 2.13301e-06 2.09946e-06 2.06629e-06 2.03351e-06 2.00111e-06 1.9691e-06 1.93748e-06 1.90623e-06 1.87537e-06 1.8449e-06 1.8148e-06 1.78509e-06 1.75575e-06 1.72679e-06
