0.711766 0.00466662 0.00410573 0.00361225 0.00317808 0.0027961 0.00246003 0.00216436 0.00190422 0.00167534 0.00147398 0.00129682 0.00114095 0.00100382 0.000883167 0.000777017 0.000683626 0.000601459 0.000529169 0.000465567 0.000409609 0.000360377 0.000317063 0.000278954 0.000245426 0.000215928 0.000189975 0.000167141 0.000147052 0.000129378 0.000113827 0.000100146 8.81095e-05 7.75194e-05 6.82022e-05 6.00048e-05 5.27927e-05 4.64474e-05 4.08648e-05 3.59531e-05 3.16319e-05 2.78299e-05 2.4485e-05 2.15421e-05 1.89529e-05 1.66749e-05 1.46707e-05 1.29074e-05 1.1356e-05 9.99112e-06 8.79027e-06 7.73375e-06 6.80421e-06 5.9864e-06 5.26688e-06 4.63384e-06 4.07689e-06 3.58688e-06 3.15576e-06 2.77646e-06 2.44275e-06 2.14915e-06 1.89084e-06 1.66358e-06 1.46363e-06 1.28771e-06 1.13294e-06 9.96768e-07 8.76964e-07 7.7156e-07 6.78824e-07 5.97235e-07 5.25452e-07 4.62296e-07 4.06732e-07 3.57846e-07 3.14836e-07 2.76995e-07 2.43702e-07 2.14411e-07 1.8864e-07 1.65967e-07 1.46019e-07 1.28469e-07 1.13028e-07 9.94428e-08 8.74906e-08 7.69749e-08 6.77231e-08 5.95833e-08 5.24218e-08 4.61211e-08 4.05777e-08 3.57006e-08 3.14097e-08 2.76345e-08 2.4313e-08 2.13908e-08 1.88198e-08 1.65578e-08 1.45677e-08
0.00466662 0.00106397 0.000968111 0.000879929 0.000798959 0.000724741 0.000656823 0.000594761 0.000538129 0.000486518 0.00043954 0.000396827 0.000358031 0.000322829 0.000290917 0.000262012 0.000235853 0.000212197 0.00019082 0.000171517 0.000154097 0.000138387 0.000124227 0.000111472 9.99881e-05 8.96547e-05 8.03608e-05 7.20058e-05 6.44983e-05 5.77553e-05 5.17015e-05 4.62686e-05 4.13947e-05 3.70241e-05 3.31061e-05 2.95951e-05 2.64498e-05 2.3633e-05 2.11113e-05 1.88543e-05 1.68349e-05 1.50286e-05 1.34133e-05 1.19691e-05 1.06784e-05 9.52499e-06 8.4946e-06 7.5743e-06 6.75251e-06 6.01884e-06 5.36399e-06 4.77961e-06 4.25821e-06 3.79311e-06 3.37829e-06 3.00839e-06 2.67861e-06 2.38464e-06 2.12264e-06 1.88917e-06 1.68116e-06 1.49586e-06 1.33082e-06 1.18384e-06 1.05297e-06 9.36458e-07 8.32741e-07 7.40427e-07 6.58274e-07 5.85173e-07 5.20135e-07 4.62277e-07 4.10814e-07 3.65043e-07 3.24341e-07 2.88149e-07 2.55971e-07 2.27366e-07 2.0194e-07 1.79341e-07 1.59257e-07 1.4141e-07 1.25553e-07 1.11464e-07 9.89488e-08 8.78316e-08 7.79574e-08 6.91879e-08 6.14004e-08 5.44853e-08 4.83455e-08 4.28945e-08 3.80554e-08 3.376e-08 2.99473e-08 2.65634e-08 2.35603e-08 2.08954e-08 1.85308e-08 1.64327e-08 1.45712e-08
0.00410573 0.000968111 0.000887231 0.000812028 0.000742278 0.000677735 0.000618133 0.0005632 0.000512658 0.000466231 0.000423649 0.000384646 0.000348968 0.000316371 0.000286622 0.000259502 0.000234801 0.000212327 0.000191894 0.000173335 0.00015649 0.000141212 0.000127365 0.000114824 0.000103472 9.32036e-05 8.39203e-05 7.55323e-05 6.79573e-05 6.11199e-05 5.49513e-05 4.93887e-05 4.43748e-05 3.98574e-05 3.5789e-05 3.21265e-05 2.88305e-05 2.58656e-05 2.31994e-05 2.08026e-05 1.86488e-05 1.67139e-05 1.49762e-05 1.34161e-05 1.20158e-05 1.07593e-05 9.63216e-06 8.62133e-06 7.71503e-06 6.90266e-06 6.17464e-06 5.52239e-06 4.93814e-06 4.41492e-06 3.94646e-06 3.52711e-06 3.15181e-06 2.81598e-06 2.51555e-06 2.24682e-06 2.0065e-06 1.79162e-06 1.59952e-06 1.42782e-06 1.27438e-06 1.13727e-06 1.01478e-06 9.0537e-07 8.07652e-07 7.20391e-07 6.42481e-07 5.72928e-07 5.10845e-07 4.55437e-07 4.05994e-07 3.61878e-07 3.22522e-07 2.87415e-07 2.56103e-07 2.28178e-07 2.03279e-07 1.81078e-07 1.61286e-07 1.43644e-07 1.2792e-07 1.13907e-07 1.01419e-07 9.02927e-08 8.03798e-08 7.15491e-08 6.36831e-08 5.66772e-08 5.04379e-08 4.48819e-08 3.99347e-08 3.553e-08 3.16087e-08 2.81181e-08 2.50111e-08 2.22458e-08 1.97847e-08
0.00361225 0.000879929 0.000812028 0.000748174 0.000688324 0.000632394 0.000580267 0.0005318 0.000486836 0.000445205 0.000406732 0.000371238 0.000338543 0.000308471 0.000280848 0.000255508 0.000232288 0.000211036 0.000191605 0.000173856 0.000157658 0.000142889 0.000129434 0.000117186 0.000106044 9.59158e-05 8.67156e-05 7.83634e-05 7.07858e-05 6.39149e-05 5.76883e-05 5.20486e-05 4.69431e-05 4.23235e-05 3.81454e-05 3.43684e-05 3.09556e-05 2.7873e-05 2.50898e-05 2.2578e-05 2.03119e-05 1.82682e-05 1.64258e-05 1.47654e-05 1.32695e-05 1.19222e-05 1.07092e-05 9.61738e-06 8.63491e-06 7.75111e-06 6.95628e-06 6.24165e-06 5.59929e-06 5.02205e-06 4.50344e-06 4.03762e-06 3.61932e-06 3.24377e-06 2.90667e-06 2.60416e-06 2.33273e-06 2.08925e-06 1.87089e-06 1.67508e-06 1.49953e-06 1.34218e-06 1.20116e-06 1.0748e-06 9.61597e-07 8.60197e-07 7.69384e-07 6.88066e-07 6.15262e-07 5.5009e-07 4.91759e-07 4.39559e-07 3.92851e-07 3.51065e-07 3.13687e-07 2.80256e-07 2.50359e-07 2.23627e-07 1.99727e-07 1.78362e-07 1.59265e-07 1.42199e-07 1.26948e-07 1.13321e-07 1.01147e-07 9.02722e-08 8.05587e-08 7.18837e-08 6.41368e-08 5.72195e-08 5.10437e-08 4.55304e-08 4.0609e-08 3.62165e-08 3.22963e-08 2.87981e-08 2.56766e-08
0.00317808 0.000798959 0.000742278 0.000688324 0.000637188 0.000588907 0.000543476 0.000500856 0.000460983 0.000423772 0.000389123 0.000356927 0.000327066 0.000299421 0.000273867 0.000250281 0.000228543 0.000208534 0.000190139 0.000173246 0.00015775 0.00014355 0.000130549 0.000118657 0.000107789 9.78644e-05 8.88083e-05 8.05509e-05 7.30269e-05 6.61757e-05 5.99411e-05 5.4271e-05 4.91173e-05 4.44356e-05 4.01849e-05 3.63275e-05 3.28288e-05 2.96568e-05 2.67824e-05 2.41787e-05 2.18214e-05 1.96879e-05 1.77578e-05 1.60123e-05 1.44343e-05 1.30084e-05 1.17202e-05 1.05569e-05 9.50663e-06 8.5588e-06 7.70364e-06 6.93233e-06 6.23683e-06 5.60988e-06 5.04487e-06 4.53581e-06 4.07729e-06 3.66439e-06 3.29265e-06 2.95806e-06 2.65698e-06 2.3861e-06 2.14246e-06 1.92336e-06 1.72637e-06 1.54929e-06 1.39015e-06 1.24715e-06 1.11869e-06 1.0033e-06 8.99683e-07 8.06643e-07 7.2312e-07 6.48152e-07 5.80874e-07 5.20508e-07 4.66352e-07 4.17775e-07 3.74209e-07 3.35143e-07 3.00117e-07 2.68718e-07 2.40576e-07 2.15354e-07 1.92754e-07 1.72506e-07 1.54367e-07 1.3812e-07 1.23569e-07 1.1054e-07 9.8873e-08 8.84285e-08 7.9079e-08 7.07109e-08 6.32219e-08 5.65204e-08 5.05244e-08 4.51601e-08 4.03615e-08 3.60694e-08 3.22308e-08
0.0027961 0.000724741 0.000677735 0.000632394 0.000588907 0.0005474 0.000507952 0.000470603 0.000435361 0.000402206 0.0003711 0.000341989 0.000314806 0.000289477 0.000265919 0.000244047 0.000223773 0.000205009 0.000187667 0.00017166 0.000156903 0.000143315 0.000130817 0.000119332 0.000108789 9.91197e-05 9.02592e-05 8.21464e-05 7.47241e-05 6.79386e-05 6.17396e-05 5.60803e-05 5.0917e-05 4.62093e-05 4.19193e-05 3.80124e-05 3.44561e-05 3.12209e-05 2.8279e-05 2.56054e-05 2.31765e-05 2.09711e-05 1.89694e-05 1.71535e-05 1.55066e-05 1.40137e-05 1.26608e-05 1.14354e-05 1.03258e-05 9.3213e-06 8.41238e-06 7.59016e-06 6.84663e-06 6.17444e-06 5.56694e-06 5.01807e-06 4.52229e-06 4.07461e-06 3.67046e-06 3.30571e-06 2.9766e-06 2.67971e-06 2.41197e-06 2.17056e-06 1.95295e-06 1.75683e-06 1.58013e-06 1.42094e-06 1.27757e-06 1.14848e-06 1.03225e-06 9.27639e-07 8.33495e-07 7.48787e-07 6.72585e-07 6.04047e-07 5.42412e-07 4.86995e-07 4.37177e-07 3.92401e-07 3.52161e-07 3.16006e-07 2.83524e-07 2.54348e-07 2.28144e-07 2.04614e-07 1.83488e-07 1.64523e-07 1.47501e-07 1.32223e-07 1.18515e-07 1.06215e-07 9.51808e-08 8.52835e-08 7.64068e-08 6.84467e-08 6.13093e-08 5.49103e-08 4.91741e-08 4.40327e-08 3.94248e-08
0.00246003 0.000656823 0.000618133 0.000580267 0.000543476 0.000507952 0.000473836 0.000441225 0.00041018 0.000380735 0.000352899 0.00032666 0.000301994 0.000278861 0.000257215 0.000237002 0.000218161 0.00020063 0.000184344 0.000169237 0.000155243 0.000142298 0.000130337 0.000119299 0.000109122 9.97499e-05 9.11269e-05 8.32005e-05 7.59206e-05 6.92402e-05 6.31147e-05 5.75021e-05 5.23633e-05 4.76614e-05 4.33621e-05 3.94334e-05 3.58456e-05 3.25709e-05 2.95836e-05 2.68601e-05 2.43782e-05 2.21177e-05 2.00597e-05 1.81871e-05 1.64839e-05 1.49353e-05 1.35281e-05 1.22497e-05 1.10888e-05 1.00351e-05 9.07891e-06 8.21162e-06 7.42519e-06 6.71234e-06 6.06639e-06 5.48123e-06 4.95133e-06 4.47159e-06 4.03741e-06 3.64456e-06 3.28921e-06 2.96786e-06 2.67734e-06 2.41477e-06 2.1775e-06 1.96315e-06 1.76956e-06 1.59476e-06 1.43696e-06 1.29453e-06 1.16601e-06 1.05007e-06 9.4549e-07 8.51182e-07 7.66154e-07 6.89506e-07 6.20427e-07 5.58181e-07 5.02102e-07 4.51589e-07 4.06096e-07 3.65133e-07 3.28254e-07 2.95059e-07 2.65183e-07 2.38299e-07 2.14112e-07 1.92354e-07 1.72785e-07 1.55186e-07 1.39363e-07 1.25137e-07 1.12349e-07 1.00856e-07 9.05279e-08 8.12479e-08 7.29107e-08 6.54215e-08 5.8695e-08 5.26542e-08 4.723e-08
0.00216436 0.000594761 0.0005632 0.0005318 0.000500856 0.000470603 0.000441225 0.00041286 0.00038561 0.000359547 0.000334715 0.00031114 0.000288826 0.000267767 0.000247941 0.000229321 0.000211871 0.000195548 0.000180309 0.000166105 0.000152887 0.000140603 0.000129205 0.00011864 0.000108861 9.98196e-05 9.14682e-05 8.37624e-05 7.66591e-05 7.01171e-05 6.40974e-05 5.85627e-05 5.3478e-05 4.88101e-05 4.45281e-05 4.06027e-05 3.70065e-05 3.3714e-05 3.07014e-05 2.79465e-05 2.54287e-05 2.31287e-05 2.10289e-05 1.91127e-05 1.7365e-05 1.57717e-05 1.43198e-05 1.29973e-05 1.17932e-05 1.06974e-05 9.70044e-06 8.79384e-06 7.96969e-06 7.22077e-06 6.54044e-06 5.92264e-06 5.3618e-06 4.85285e-06 4.39111e-06 3.97235e-06 3.59268e-06 3.24854e-06 2.9367e-06 2.6542e-06 2.39836e-06 2.16672e-06 1.95705e-06 1.7673e-06 1.59563e-06 1.44036e-06 1.29994e-06 1.17299e-06 1.05825e-06 9.54551e-07 8.60863e-07 7.76235e-07 6.99806e-07 6.30796e-07 5.68497e-07 5.12267e-07 4.61525e-07 4.15743e-07 3.74445e-07 3.37198e-07 3.03611e-07 2.73329e-07 2.46031e-07 2.21429e-07 1.99258e-07 1.79283e-07 1.61288e-07 1.4508e-07 1.30483e-07 1.1734e-07 1.05507e-07 9.48556e-08 8.52688e-08 7.66415e-08 6.88788e-08 6.1895e-08 5.56127e-08
0.00190422 0.000538129 0.000512658 0.000486836 0.000460983 0.000435361 0.00041018 0.00038561 0.00036178 0.000338789 0.000316711 0.000295595 0.000275472 0.000256358 0.000238257 0.000221158 0.000205047 0.0001899 0.000175689 0.00016238 0.000149938 0.000138326 0.000127505 0.000117435 0.000108077 9.93904e-05 9.13374e-05 8.38799e-05 7.6981e-05 7.06053e-05 6.47187e-05 5.92885e-05 5.42836e-05 4.96744e-05 4.5433e-05 4.1533e-05 3.79493e-05 3.46586e-05 3.16389e-05 2.88696e-05 2.63315e-05 2.40067e-05 2.18783e-05 1.99309e-05 1.815e-05 1.65221e-05 1.50349e-05 1.36769e-05 1.24373e-05 1.13063e-05 1.02749e-05 9.33463e-06 8.47785e-06 7.69743e-06 6.98682e-06 6.34003e-06 5.75152e-06 5.21624e-06 4.72952e-06 4.28712e-06 3.88512e-06 3.51995e-06 3.18834e-06 2.88728e-06 2.61405e-06 2.36614e-06 2.14126e-06 1.93734e-06 1.75247e-06 1.5849e-06 1.43307e-06 1.29552e-06 1.17094e-06 1.05814e-06 9.56025e-07 8.63603e-07 7.79973e-07 7.04315e-07 6.35884e-07 5.74002e-07 5.18054e-07 4.67481e-07 4.21775e-07 3.80477e-07 3.43168e-07 3.09468e-07 2.79035e-07 2.51557e-07 2.26751e-07 2.04361e-07 1.84155e-07 1.65924e-07 1.49476e-07 1.3464e-07 1.2126e-07 1.09196e-07 9.83182e-08 8.85128e-08 7.96751e-08 7.17107e-08 6.45344e-08
0.00167534 0.000486518 0.000466231 0.000445205 0.000423772 0.000402206 0.000380735 0.000359547 0.000338789 0.000318582 0.000299016 0.000280163 0.000262073 0.000244778 0.000228299 0.000212646 0.000197818 0.000183805 0.000170594 0.000158165 0.000146494 0.000135555 0.000125318 0.000115755 0.000106832 9.85201e-05 9.07859e-05 8.35984e-05 7.69265e-05 7.07399e-05 6.50092e-05 5.9706e-05 5.48028e-05 5.02736e-05 4.60933e-05 4.22381e-05 3.86855e-05 3.5414e-05 3.24036e-05 2.96354e-05 2.70914e-05 2.47549e-05 2.26104e-05 2.06432e-05 1.88395e-05 1.71868e-05 1.56732e-05 1.42876e-05 1.30199e-05 1.18605e-05 1.08007e-05 9.83236e-06 8.94795e-06 8.14054e-06 7.40371e-06 6.73157e-06 6.11866e-06 5.55997e-06 5.05088e-06 4.58716e-06 4.16491e-06 3.78054e-06 3.43077e-06 3.11258e-06 2.82321e-06 2.56014e-06 2.32103e-06 2.10378e-06 1.90643e-06 1.72721e-06 1.5645e-06 1.41682e-06 1.28281e-06 1.16124e-06 1.05098e-06 9.51007e-07 8.60374e-07 7.78231e-07 7.038e-07 6.36371e-07 5.75298e-07 5.19995e-07 4.69926e-07 4.24605e-07 3.83591e-07 3.46482e-07 3.12911e-07 2.82548e-07 2.55091e-07 2.30266e-07 2.07826e-07 1.87544e-07 1.69216e-07 1.52657e-07 1.37699e-07 1.24189e-07 1.11989e-07 1.00973e-07 9.1029e-08 8.20531e-08 7.39524e-08
0.00147398 0.00043954 0.000423649 0.000406732 0.000389123 0.0003711 0.000352899 0.000334715 0.000316711 0.000299016 0.000281739 0.000264961 0.000248747 0.000233145 0.000218189 0.000203902 0.000190294 0.00017737 0.000165126 0.000153554 0.000142641 0.000132369 0.000122718 0.000113666 0.000105189 9.72633e-05 8.98626e-05 8.29615e-05 7.65341e-05 7.05549e-05 6.49988e-05 5.98412e-05 5.50584e-05 5.06272e-05 4.65256e-05 4.27323e-05 3.9227e-05 3.59903e-05 3.30039e-05 3.02505e-05 2.77136e-05 2.53777e-05 2.32284e-05 2.12519e-05 1.94353e-05 1.77668e-05 1.6235e-05 1.48296e-05 1.35408e-05 1.23594e-05 1.12771e-05 1.02859e-05 9.37876e-06 8.54876e-06 7.78969e-06 7.0958e-06 6.46173e-06 5.88256e-06 5.35373e-06 4.87104e-06 4.43063e-06 4.02894e-06 3.66268e-06 3.32885e-06 3.02466e-06 2.74759e-06 2.49528e-06 2.26559e-06 2.05656e-06 1.86638e-06 1.6934e-06 1.53611e-06 1.39313e-06 1.26319e-06 1.14512e-06 1.03788e-06 9.40483e-07 8.5206e-07 7.718e-07 6.98965e-07 6.32884e-07 5.72943e-07 5.18585e-07 4.693e-07 4.24623e-07 3.84133e-07 3.47445e-07 3.14208e-07 2.84103e-07 2.5684e-07 2.32157e-07 2.09812e-07 1.89589e-07 1.71289e-07 1.54731e-07 1.39754e-07 1.26207e-07 1.13958e-07 1.02882e-07 9.287e-08 8.38207e-08
0.00129682 0.000396827 0.000384646 0.000371238 0.000356927 0.000341989 0.00032666 0.00031114 0.000295595 0.000280163 0.000264961 0.000250079 0.000235594 0.000221562 0.000208028 0.000195024 0.000182573 0.000170687 0.000159373 0.000148631 0.000138457 0.000128841 0.00011977 0.000111229 0.000103203 9.56705e-05 8.86132e-05 8.20102e-05 7.58406e-05 7.0083e-05 6.47164e-05 5.97198e-05 5.50726e-05 5.07548e-05 4.67469e-05 4.30301e-05 3.95862e-05 3.63979e-05 3.34486e-05 3.07224e-05 2.82043e-05 2.58801e-05 2.37362e-05 2.17601e-05 1.99396e-05 1.82636e-05 1.67215e-05 1.53035e-05 1.40001e-05 1.28028e-05 1.17036e-05 1.06948e-05 9.7695e-06 8.92117e-06 8.14376e-06 7.43164e-06 6.7796e-06 6.18283e-06 5.63687e-06 5.13756e-06 4.68112e-06 4.264e-06 3.88296e-06 3.535e-06 3.21735e-06 2.92748e-06 2.66304e-06 2.42187e-06 2.202e-06 2.0016e-06 1.81901e-06 1.65269e-06 1.50123e-06 1.36335e-06 1.23785e-06 1.12367e-06 1.0198e-06 9.25341e-07 8.39458e-07 7.61392e-07 6.9045e-07 6.25996e-07 5.6745e-07 5.14282e-07 4.6601e-07 4.22193e-07 3.82426e-07 3.46345e-07 3.13613e-07 2.83926e-07 2.57006e-07 2.326e-07 2.10477e-07 1.90428e-07 1.72261e-07 1.55804e-07 1.40897e-07 1.27397e-07 1.15173e-07 1.04107e-07 9.40903e-08
0.00114095 0.000358031 0.000348968 0.000338543 0.000327066 0.000314806 0.000301994 0.000288826 0.000275472 0.000262073 0.000248747 0.000235594 0.000222694 0.000210112 0.000197901 0.0001861 0.000174739 0.000163839 0.000153413 0.000143471 0.000134012 0.000125036 0.000116535 0.000108502 0.000100924 9.37888e-05 8.70804e-05 8.07834e-05 7.48808e-05 6.93555e-05 6.41899e-05 5.93663e-05 5.48673e-05 5.06755e-05 4.6774e-05 4.31462e-05 3.9776e-05 3.66479e-05 3.3747e-05 3.10589e-05 2.85701e-05 2.62673e-05 2.41384e-05 2.21714e-05 2.03553e-05 1.86796e-05 1.71344e-05 1.57103e-05 1.43986e-05 1.31912e-05 1.20803e-05 1.10587e-05 1.01198e-05 9.25726e-06 8.46524e-06 7.73831e-06 7.07143e-06 6.4599e-06 5.89937e-06 5.38578e-06 4.9154e-06 4.48476e-06 4.09065e-06 3.73011e-06 3.40038e-06 3.09895e-06 2.82349e-06 2.57183e-06 2.34199e-06 2.13216e-06 1.94064e-06 1.7659e-06 1.6065e-06 1.46115e-06 1.32865e-06 1.20789e-06 1.09786e-06 9.9764e-07 9.06372e-07 8.23281e-07 7.47653e-07 6.78834e-07 6.16227e-07 5.59285e-07 5.07506e-07 4.60433e-07 4.17649e-07 3.7877e-07 3.43449e-07 3.11366e-07 2.8223e-07 2.55777e-07 2.31764e-07 2.0997e-07 1.90194e-07 1.72252e-07 1.55979e-07 1.4122e-07 1.27838e-07 1.15706e-07 1.0471e-07
0.00100382 0.000322829 0.000316371 0.000308471 0.000299421 0.000289477 0.000278861 0.000267767 0.000256358 0.000244778 0.000233145 0.000221562 0.000210112 0.000198866 0.000187881 0.000177202 0.000166864 0.000156896 0.000147316 0.000138138 0.000129369 0.000121013 0.00011307 0.000105535 9.84019e-05 9.16617e-05 8.53041e-05 7.9317e-05 7.36876e-05 6.84019e-05 6.34458e-05 5.88047e-05 5.44638e-05 5.04082e-05 4.66235e-05 4.30951e-05 3.98089e-05 3.67512e-05 3.39086e-05 3.12683e-05 2.88179e-05 2.65455e-05 2.44398e-05 2.249e-05 2.06857e-05 1.90174e-05 1.74756e-05 1.60517e-05 1.47376e-05 1.35253e-05 1.24078e-05 1.1378e-05 1.04297e-05 9.55684e-06 8.7538e-06 8.01537e-06 7.33666e-06 6.71313e-06 6.14055e-06 5.61497e-06 5.13273e-06 4.69046e-06 4.28498e-06 3.91339e-06 3.57298e-06 3.26125e-06 2.97589e-06 2.71475e-06 2.47586e-06 2.25739e-06 2.05767e-06 1.87515e-06 1.70839e-06 1.55608e-06 1.41702e-06 1.29007e-06 1.17423e-06 1.06855e-06 9.72165e-07 8.8428e-07 8.04167e-07 7.31158e-07 6.64639e-07 6.04049e-07 5.48872e-07 4.98636e-07 4.52911e-07 4.113e-07 3.73442e-07 3.39005e-07 3.07689e-07 2.79215e-07 2.53331e-07 2.29807e-07 2.08431e-07 1.89012e-07 1.71374e-07 1.55356e-07 1.40812e-07 1.2761e-07 1.15627e-07
0.000883167 0.000290917 0.000286622 0.000280848 0.000273867 0.000265919 0.000257215 0.000247941 0.000238257 0.000228299 0.000218189 0.000208028 0.000197901 0.000187881 0.000178029 0.000168392 0.000159012 0.00014992 0.00014114 0.00013269 0.000124583 0.000116826 0.000109423 0.000102374 9.56782e-05 8.93293e-05 8.33211e-05 7.7645e-05 7.22917e-05 6.72503e-05 6.25096e-05 5.80577e-05 5.38824e-05 4.99712e-05 4.63116e-05 4.28912e-05 3.96977e-05 3.6719e-05 3.39432e-05 3.1359e-05 2.89551e-05 2.67208e-05 2.46458e-05 2.27202e-05 2.09346e-05 1.928e-05 1.77478e-05 1.63298e-05 1.50184e-05 1.38064e-05 1.26868e-05 1.16532e-05 1.06995e-05 9.82003e-06 9.00941e-06 8.26262e-06 7.57499e-06 6.94212e-06 6.35993e-06 5.82458e-06 5.33254e-06 4.88048e-06 4.46533e-06 4.08424e-06 3.73453e-06 3.41376e-06 3.11963e-06 2.85003e-06 2.60301e-06 2.37674e-06 2.16957e-06 1.97993e-06 1.8064e-06 1.64766e-06 1.5025e-06 1.3698e-06 1.24851e-06 1.1377e-06 1.03649e-06 9.44062e-07 8.59687e-07 7.82681e-07 7.1242e-07 6.48329e-07 5.89881e-07 5.36593e-07 4.8802e-07 4.43756e-07 4.03428e-07 3.66695e-07 3.33243e-07 3.02787e-07 2.75063e-07 2.49833e-07 2.26877e-07 2.05995e-07 1.87002e-07 1.69731e-07 1.5403e-07 1.39758e-07 1.26787e-07
0.000777017 0.000262012 0.000259502 0.000255508 0.000250281 0.000244047 0.000237002 0.000229321 0.000221158 0.000212646 0.000203902 0.000195024 0.0001861 0.000177202 0.000168392 0.000159722 0.000151235 0.000142965 0.000134939 0.00012718 0.000119703 0.00011252 0.000105638 9.90622e-05 9.27926e-05 8.68281e-05 8.11652e-05 7.57987e-05 7.07218e-05 6.59269e-05 6.14051e-05 5.7147e-05 5.31427e-05 4.93819e-05 4.5854e-05 4.25486e-05 3.94548e-05 3.65623e-05 3.38605e-05 3.13394e-05 2.8989e-05 2.67996e-05 2.47619e-05 2.28669e-05 2.1106e-05 1.94709e-05 1.79537e-05 1.65468e-05 1.52432e-05 1.40359e-05 1.29186e-05 1.18851e-05 1.09298e-05 1.00472e-05 9.23227e-06 8.48014e-06 7.78635e-06 7.1467e-06 6.55725e-06 6.01431e-06 5.51443e-06 5.05441e-06 4.63124e-06 4.24215e-06 3.88452e-06 3.55595e-06 3.2542e-06 2.97717e-06 2.72295e-06 2.48972e-06 2.27584e-06 2.07977e-06 1.90009e-06 1.73547e-06 1.58471e-06 1.44668e-06 1.32035e-06 1.20475e-06 1.09901e-06 1.00232e-06 9.13927e-07 8.33139e-07 7.59323e-07 6.91895e-07 6.30319e-07 5.74102e-07 5.2279e-07 4.75966e-07 4.33249e-07 3.94287e-07 3.58759e-07 3.26369e-07 2.96848e-07 2.69946e-07 2.45437e-07 2.23113e-07 2.02783e-07 1.84274e-07 1.67424e-07 1.5209e-07 1.38136e-07
0.000683626 0.000235853 0.000234801 0.000232288 0.000228543 0.000223773 0.000218161 0.000211871 0.000205047 0.000197818 0.000190294 0.000182573 0.000174739 0.000166864 0.000159012 0.000151235 0.000143577 0.000136074 0.000128757 0.00012165 0.000114772 0.000108137 0.000101756 9.56361e-05 8.97806e-05 8.41914e-05 7.88676e-05 7.38067e-05 6.90047e-05 6.44562e-05 6.01547e-05 5.6093e-05 5.22633e-05 4.86572e-05 4.5266e-05 4.20808e-05 3.90925e-05 3.62919e-05 3.36702e-05 3.12182e-05 2.89272e-05 2.67885e-05 2.47938e-05 2.2935e-05 2.12042e-05 1.95937e-05 1.80965e-05 1.67054e-05 1.54139e-05 1.42156e-05 1.31045e-05 1.2075e-05 1.11216e-05 1.02391e-05 9.42285e-06 8.6682e-06 7.97089e-06 7.3269e-06 6.73244e-06 6.18397e-06 5.67818e-06 5.21195e-06 4.78238e-06 4.38676e-06 4.02257e-06 3.68745e-06 3.37919e-06 3.09576e-06 2.83526e-06 2.59592e-06 2.3761e-06 2.17429e-06 1.98907e-06 1.81913e-06 1.66328e-06 1.52038e-06 1.3894e-06 1.26939e-06 1.15945e-06 1.05878e-06 9.66627e-07 8.82284e-07 8.05115e-07 7.3453e-07 6.69984e-07 6.10976e-07 5.57046e-07 5.07768e-07 4.62753e-07 4.21643e-07 3.84107e-07 3.49843e-07 3.18573e-07 2.90043e-07 2.64017e-07 2.40282e-07 2.1864e-07 1.98911e-07 1.80931e-07 1.64546e-07 1.49619e-07
0.000601459 0.000212197 0.000212327 0.000211036 0.000208534 0.000205009 0.00020063 0.000195548 0.0001899 0.000183805 0.00017737 0.000170687 0.000163839 0.000156896 0.00014992 0.000142965 0.000136074 0.000129286 0.000122633 0.00011614 0.000109828 0.000103715 9.78121e-05 9.21299e-05 8.66744e-05 8.14494e-05 7.64566e-05 7.16958e-05 6.71649e-05 6.28609e-05 5.87794e-05 5.49151e-05 5.12619e-05 4.78132e-05 4.45621e-05 4.1501e-05 3.86225e-05 3.59186e-05 3.33816e-05 3.10037e-05 2.87771e-05 2.66941e-05 2.47474e-05 2.29296e-05 2.12335e-05 1.96523e-05 1.81794e-05 1.68083e-05 1.55329e-05 1.43475e-05 1.32463e-05 1.22241e-05 1.12758e-05 1.03965e-05 9.58181e-06 8.8273e-06 8.12895e-06 7.48291e-06 6.88559e-06 6.33358e-06 5.8237e-06 5.35296e-06 4.91855e-06 4.51785e-06 4.14841e-06 3.80794e-06 3.49429e-06 3.20546e-06 2.93961e-06 2.69499e-06 2.47e-06 2.26314e-06 2.07302e-06 1.89833e-06 1.73789e-06 1.59059e-06 1.45538e-06 1.33133e-06 1.21754e-06 1.1132e-06 1.01755e-06 9.2989e-07 8.49584e-07 7.76032e-07 7.08686e-07 6.47038e-07 5.90622e-07 5.39007e-07 4.91798e-07 4.48628e-07 4.09163e-07 3.73093e-07 3.40134e-07 3.10026e-07 2.82527e-07 2.57418e-07 2.34495e-07 2.13574e-07 1.94484e-07 1.77068e-07 1.61182e-07
0.000529169 0.00019082 0.000191894 0.000191605 0.000190139 0.000187667 0.000184344 0.000180309 0.000175689 0.000170594 0.000165126 0.000159373 0.000153413 0.000147316 0.00014114 0.000134939 0.000128757 0.000122633 0.000116598 0.000110681 0.000104903 9.92837e-05 9.38367e-05 8.85735e-05 8.35025e-05 7.86295e-05 7.39581e-05 6.949e-05 6.52252e-05 6.11623e-05 5.72988e-05 5.36311e-05 5.01549e-05 4.68651e-05 4.37561e-05 4.08219e-05 3.80562e-05 3.54525e-05 3.30041e-05 3.07042e-05 2.85461e-05 2.65231e-05 2.46285e-05 2.28557e-05 2.11985e-05 1.96505e-05 1.82058e-05 1.68585e-05 1.5603e-05 1.44338e-05 1.33458e-05 1.2334e-05 1.13938e-05 1.05205e-05 9.70997e-06 8.95808e-06 8.26101e-06 7.61511e-06 7.01694e-06 6.46328e-06 5.95107e-06 5.47743e-06 5.03968e-06 4.63529e-06 4.26188e-06 3.91723e-06 3.59926e-06 3.30604e-06 3.03574e-06 2.78668e-06 2.55728e-06 2.34606e-06 2.15166e-06 1.9728e-06 1.8083e-06 1.65705e-06 1.51805e-06 1.39034e-06 1.27303e-06 1.16533e-06 1.06647e-06 9.75752e-07 8.92534e-07 8.16218e-07 7.46251e-07 6.82124e-07 6.23365e-07 5.6954e-07 5.20247e-07 4.75117e-07 4.3381e-07 3.9601e-07 3.61429e-07 3.298e-07 3.00879e-07 2.74439e-07 2.50274e-07 2.28193e-07 2.0802e-07 1.89596e-07 1.72771e-07
0.000465567 0.000171517 0.000173335 0.000173856 0.000173246 0.00017166 0.000169237 0.000166105 0.00016238 0.000158165 0.000153554 0.000148631 0.000143471 0.000138138 0.00013269 0.00012718 0.00012165 0.00011614 0.000110681 0.000105302 0.000100026 9.48724e-05 8.98574e-05 8.49935e-05 8.02906e-05 7.57561e-05 7.13953e-05 6.72114e-05 6.32061e-05 5.93796e-05 5.57309e-05 5.2258e-05 4.89579e-05 4.58271e-05 4.28611e-05 4.00554e-05 3.74046e-05 3.49036e-05 3.25466e-05 3.03278e-05 2.82415e-05 2.62818e-05 2.44428e-05 2.27187e-05 2.11038e-05 1.95925e-05 1.81794e-05 1.68591e-05 1.56266e-05 1.44768e-05 1.34049e-05 1.24064e-05 1.1477e-05 1.06123e-05 9.80834e-06 9.06136e-06 8.36773e-06 7.72399e-06 7.12688e-06 6.57334e-06 6.06045e-06 5.58547e-06 5.14581e-06 4.73905e-06 4.3629e-06 4.01521e-06 3.69398e-06 3.39732e-06 3.12347e-06 2.87078e-06 2.63771e-06 2.42282e-06 2.22476e-06 2.0423e-06 1.87425e-06 1.71955e-06 1.57718e-06 1.4462e-06 1.32574e-06 1.21499e-06 1.1132e-06 1.01969e-06 9.3379e-07 8.54919e-07 7.82521e-07 7.16083e-07 6.55132e-07 5.99231e-07 5.47975e-07 5.00992e-07 4.57936e-07 4.1849e-07 3.82361e-07 3.49277e-07 3.1899e-07 2.91269e-07 2.65905e-07 2.42701e-07 2.21479e-07 2.02073e-07 1.84333e-07
0.000409609 0.000154097 0.00015649 0.000157658 0.00015775 0.000156903 0.000155243 0.000152887 0.000149938 0.000146494 0.000142641 0.000138457 0.000134012 0.000129369 0.000124583 0.000119703 0.000114772 0.000109828 0.000104903 0.000100026 9.52196e-05 9.05047e-05 8.5898e-05 8.14132e-05 7.70614e-05 7.28512e-05 6.87891e-05 6.48799e-05 6.11266e-05 5.75306e-05 5.40924e-05 5.08112e-05 4.76854e-05 4.47126e-05 4.18895e-05 3.92127e-05 3.66782e-05 3.42814e-05 3.20178e-05 2.98825e-05 2.78704e-05 2.59767e-05 2.41961e-05 2.25235e-05 2.09539e-05 1.94822e-05 1.81036e-05 1.68133e-05 1.56065e-05 1.44788e-05 1.34258e-05 1.24432e-05 1.15269e-05 1.06731e-05 9.87802e-06 9.13807e-06 8.44987e-06 7.81017e-06 7.21591e-06 6.66415e-06 6.15214e-06 5.67727e-06 5.23707e-06 4.8292e-06 4.45149e-06 4.10186e-06 3.77838e-06 3.47922e-06 3.20268e-06 2.94715e-06 2.71114e-06 2.49325e-06 2.29216e-06 2.10666e-06 1.93559e-06 1.77789e-06 1.63258e-06 1.49872e-06 1.37546e-06 1.26199e-06 1.15758e-06 1.06153e-06 9.73194e-07 8.91986e-07 8.17351e-07 7.48778e-07 6.85793e-07 6.27957e-07 5.74865e-07 5.26142e-07 4.81439e-07 4.40437e-07 4.02838e-07 3.6837e-07 3.3678e-07 3.07834e-07 2.81318e-07 2.57034e-07 2.348e-07 2.14446e-07 1.95819e-07
0.000360377 0.000138387 0.000141212 0.000142889 0.00014355 0.000143315 0.000142298 0.000140603 0.000138326 0.000135555 0.000132369 0.000128841 0.000125036 0.000121013 0.000116826 0.00011252 0.000108137 0.000103715 9.92837e-05 9.48724e-05 9.05047e-05 8.62012e-05 8.19791e-05 7.78529e-05 7.38347e-05 6.9934e-05 6.61583e-05 6.25136e-05 5.90037e-05 5.56316e-05 5.23986e-05 4.93052e-05 4.63508e-05 4.3534e-05 4.08529e-05 3.83048e-05 3.58866e-05 3.35949e-05 3.14259e-05 2.93756e-05 2.74397e-05 2.5614e-05 2.3894e-05 2.22753e-05 2.07533e-05 1.93238e-05 1.79822e-05 1.67242e-05 1.55457e-05 1.44425e-05 1.34106e-05 1.24461e-05 1.15453e-05 1.07045e-05 9.92024e-06 9.18925e-06 8.50832e-06 7.8744e-06 7.28462e-06 6.7362e-06 6.22653e-06 5.75314e-06 5.31368e-06 4.90591e-06 4.52776e-06 4.17723e-06 3.85246e-06 3.5517e-06 3.2733e-06 3.01571e-06 2.77748e-06 2.55725e-06 2.35373e-06 2.16574e-06 1.99215e-06 1.83194e-06 1.68411e-06 1.54777e-06 1.42206e-06 1.3062e-06 1.19945e-06 1.10113e-06 1.01061e-06 9.27283e-07 8.50612e-07 7.80085e-07 7.15229e-07 6.55607e-07 6.00811e-07 5.50465e-07 5.04222e-07 4.61759e-07 4.22777e-07 3.87e-07 3.54174e-07 3.24063e-07 2.96449e-07 2.71132e-07 2.47926e-07 2.26661e-07 2.07178e-07
0.000317063 0.000124227 0.000127365 0.000129434 0.000130549 0.000130817 0.000130337 0.000129205 0.000127505 0.000125318 0.000122718 0.00011977 0.000116535 0.00011307 0.000109423 0.000105638 0.000101756 9.78121e-05 9.38367e-05 8.98574e-05 8.5898e-05 8.19791e-05 7.81182e-05 7.43304e-05 7.06281e-05 6.70217e-05 6.35196e-05 6.01284e-05 5.6853e-05 5.36972e-05 5.06635e-05 4.77531e-05 4.49664e-05 4.23031e-05 3.9762e-05 3.73415e-05 3.50393e-05 3.28527e-05 3.07789e-05 2.88144e-05 2.69559e-05 2.51997e-05 2.3542e-05 2.19789e-05 2.05066e-05 1.91212e-05 1.78186e-05 1.65952e-05 1.5447e-05 1.43704e-05 1.33617e-05 1.24173e-05 1.15338e-05 1.07079e-05 9.93631e-06 9.21602e-06 8.54403e-06 7.91749e-06 7.3337e-06 6.79006e-06 6.2841e-06 5.81347e-06 5.37594e-06 4.96941e-06 4.59187e-06 4.24143e-06 3.9163e-06 3.61481e-06 3.33535e-06 3.07644e-06 2.83668e-06 2.61473e-06 2.40938e-06 2.21944e-06 2.04384e-06 1.88156e-06 1.73165e-06 1.59321e-06 1.46541e-06 1.34748e-06 1.2387e-06 1.13838e-06 1.04591e-06 9.60694e-07 8.82191e-07 8.09895e-07 7.43336e-07 6.82077e-07 6.25714e-07 5.73871e-07 5.26198e-07 4.82374e-07 4.42097e-07 4.05093e-07 3.71103e-07 3.3989e-07 3.11236e-07 2.84936e-07 2.60804e-07 2.38667e-07 2.18364e-07
0.000278954 0.000111472 0.000114824 0.000117186 0.000118657 0.000119332 0.000119299 0.00011864 0.000117435 0.000115755 0.000113666 0.000111229 0.000108502 0.000105535 0.000102374 9.90622e-05 9.56361e-05 9.21299e-05 8.85735e-05 8.49935e-05 8.14132e-05 7.78529e-05 7.43304e-05 7.08607e-05 6.74568e-05 6.41294e-05 6.08876e-05 5.77386e-05 5.46882e-05 5.17408e-05 4.88996e-05 4.61668e-05 4.35436e-05 4.10305e-05 3.8627e-05 3.63323e-05 3.41449e-05 3.20629e-05 3.00841e-05 2.82059e-05 2.64254e-05 2.47396e-05 2.31454e-05 2.16393e-05 2.02181e-05 1.88783e-05 1.76166e-05 1.64293e-05 1.53132e-05 1.4265e-05 1.32812e-05 1.23586e-05 1.14942e-05 1.06849e-05 9.92761e-06 9.21959e-06 8.55805e-06 7.94034e-06 7.36393e-06 6.82638e-06 6.32538e-06 5.8587e-06 5.42424e-06 5.02e-06 4.64407e-06 4.29466e-06 3.97005e-06 3.66863e-06 3.38888e-06 3.12936e-06 2.88873e-06 2.66569e-06 2.45906e-06 2.26772e-06 2.09059e-06 1.9267e-06 1.77511e-06 1.63495e-06 1.50542e-06 1.38574e-06 1.27521e-06 1.17317e-06 1.079e-06 9.92119e-07 9.11989e-07 8.38111e-07 7.70019e-07 7.07279e-07 6.49489e-07 5.96274e-07 5.47287e-07 5.02205e-07 4.60728e-07 4.22579e-07 3.87501e-07 3.55255e-07 3.2562e-07 2.98393e-07 2.73383e-07 2.50417e-07 2.29332e-07
0.000245426 9.99881e-05 0.000103472 0.000106044 0.000107789 0.000108789 0.000109122 0.000108861 0.000108077 0.000106832 0.000105189 0.000103203 0.000100924 9.84019e-05 9.56782e-05 9.27926e-05 8.97806e-05 8.66744e-05 8.35025e-05 8.02906e-05 7.70614e-05 7.38347e-05 7.06281e-05 6.74568e-05 6.43338e-05 6.12702e-05 5.82753e-05 5.53571e-05 5.25217e-05 4.97742e-05 4.71186e-05 4.45575e-05 4.20929e-05 3.97259e-05 3.7457e-05 3.52858e-05 3.32116e-05 3.12331e-05 2.93487e-05 2.75565e-05 2.58542e-05 2.42393e-05 2.27092e-05 2.1261e-05 1.9892e-05 1.85992e-05 1.73794e-05 1.62298e-05 1.51473e-05 1.41288e-05 1.31714e-05 1.22723e-05 1.14284e-05 1.06371e-05 9.89555e-06 9.2012e-06 8.55147e-06 7.9439e-06 7.37613e-06 6.84588e-06 6.35098e-06 5.88935e-06 5.459e-06 5.05803e-06 4.68465e-06 4.33714e-06 4.01387e-06 3.71331e-06 3.43399e-06 3.17455e-06 2.93367e-06 2.71013e-06 2.50279e-06 2.31053e-06 2.13235e-06 1.96729e-06 1.81443e-06 1.67293e-06 1.542e-06 1.4209e-06 1.30892e-06 1.20542e-06 1.1098e-06 1.02147e-06 9.39923e-07 8.64651e-07 7.95197e-07 7.31133e-07 6.72058e-07 6.17602e-07 5.67417e-07 5.21184e-07 4.78603e-07 4.39397e-07 4.03309e-07 3.701e-07 3.39549e-07 3.11451e-07 2.85615e-07 2.61866e-07 2.4004e-07
0.000215928 8.96547e-05 9.32036e-05 9.59158e-05 9.78644e-05 9.91197e-05 9.97499e-05 9.98196e-05 9.93904e-05 9.85201e-05 9.72633e-05 9.56705e-05 9.37888e-05 9.16617e-05 8.93293e-05 8.68281e-05 8.41914e-05 8.14494e-05 7.86295e-05 7.57561e-05 7.28512e-05 6.9934e-05 6.70217e-05 6.41294e-05 6.12702e-05 5.84551e-05 5.5694e-05 5.29948e-05 5.03644e-05 4.78081e-05 4.53305e-05 4.29348e-05 4.06236e-05 3.83986e-05 3.62606e-05 3.42101e-05 3.22469e-05 3.03703e-05 2.85793e-05 2.68724e-05 2.52479e-05 2.37039e-05 2.22383e-05 2.08486e-05 1.95325e-05 1.82874e-05 1.71107e-05 1.59997e-05 1.49519e-05 1.39644e-05 1.30348e-05 1.21602e-05 1.13382e-05 1.05661e-05 9.84161e-06 9.16215e-06 8.52543e-06 7.92917e-06 7.37117e-06 6.84931e-06 6.36157e-06 5.90599e-06 5.4807e-06 5.08392e-06 4.71395e-06 4.36916e-06 4.04801e-06 3.74903e-06 3.47083e-06 3.2121e-06 2.97159e-06 2.74812e-06 2.54057e-06 2.34791e-06 2.16913e-06 2.00331e-06 1.84958e-06 1.7071e-06 1.57512e-06 1.45289e-06 1.33976e-06 1.23507e-06 1.13823e-06 1.04869e-06 9.65923e-07 8.89445e-07 8.18803e-07 7.53571e-07 6.93355e-07 6.37788e-07 5.86526e-07 5.3925e-07 4.95663e-07 4.55489e-07 4.18473e-07 3.84374e-07 3.52973e-07 3.24063e-07 2.97455e-07 2.72971e-07 2.50448e-07
0.000189975 8.03608e-05 8.39203e-05 8.67156e-05 8.88083e-05 9.02592e-05 9.11269e-05 9.14682e-05 9.13374e-05 9.07859e-05 8.98626e-05 8.86132e-05 8.70804e-05 8.53041e-05 8.33211e-05 8.11652e-05 7.88676e-05 7.64566e-05 7.39581e-05 7.13953e-05 6.87891e-05 6.61583e-05 6.35196e-05 6.08876e-05 5.82753e-05 5.5694e-05 5.31533e-05 5.06616e-05 4.82259e-05 4.5852e-05 4.35447e-05 4.13079e-05 3.91444e-05 3.70565e-05 3.50456e-05 3.31127e-05 3.12579e-05 2.94812e-05 2.7782e-05 2.61594e-05 2.46121e-05 2.31386e-05 2.17373e-05 2.04062e-05 1.91434e-05 1.79466e-05 1.68136e-05 1.57421e-05 1.47298e-05 1.37744e-05 1.28734e-05 1.20245e-05 1.12254e-05 1.04737e-05 9.76724e-06 9.10376e-06 8.48111e-06 7.89719e-06 7.34997e-06 6.83749e-06 6.35785e-06 5.90923e-06 5.48989e-06 5.09813e-06 4.73237e-06 4.39105e-06 4.07274e-06 3.77603e-06 3.49959e-06 3.24218e-06 3.0026e-06 2.77973e-06 2.57249e-06 2.37988e-06 2.20094e-06 2.03478e-06 1.88055e-06 1.73745e-06 1.60474e-06 1.4817e-06 1.36768e-06 1.26206e-06 1.16425e-06 1.07371e-06 9.89934e-07 9.12438e-07 8.40777e-07 7.74536e-07 7.13323e-07 6.56777e-07 6.04557e-07 5.56348e-07 5.11856e-07 4.70806e-07 4.32943e-07 3.9803e-07 3.65847e-07 3.36188e-07 3.08863e-07 2.83695e-07 2.60521e-07
0.000167141 7.20058e-05 7.55323e-05 7.83634e-05 8.05509e-05 8.21464e-05 8.32005e-05 8.37624e-05 8.38799e-05 8.35984e-05 8.29615e-05 8.20102e-05 8.07834e-05 7.9317e-05 7.7645e-05 7.57987e-05 7.38067e-05 7.16958e-05 6.949e-05 6.72114e-05 6.48799e-05 6.25136e-05 6.01284e-05 5.77386e-05 5.53571e-05 5.29948e-05 5.06616e-05 4.83658e-05 4.61146e-05 4.3914e-05 4.17693e-05 3.96845e-05 3.76629e-05 3.57072e-05 3.38192e-05 3.20002e-05 3.0251e-05 2.85718e-05 2.69626e-05 2.54228e-05 2.39516e-05 2.2548e-05 2.12106e-05 1.9938e-05 1.87285e-05 1.75802e-05 1.64913e-05 1.54599e-05 1.44838e-05 1.35611e-05 1.26896e-05 1.18672e-05 1.10918e-05 1.03614e-05 9.67394e-06 9.02735e-06 8.41968e-06 7.84902e-06 7.31347e-06 6.81124e-06 6.34055e-06 5.89972e-06 5.48711e-06 5.10114e-06 4.74032e-06 4.40319e-06 4.08837e-06 3.79456e-06 3.52049e-06 3.26497e-06 3.02686e-06 2.80509e-06 2.59863e-06 2.40652e-06 2.22784e-06 2.06173e-06 1.90737e-06 1.76398e-06 1.63085e-06 1.5073e-06 1.39267e-06 1.28637e-06 1.18782e-06 1.0965e-06 1.01191e-06 9.33583e-07 8.61075e-07 7.9398e-07 7.31914e-07 6.7452e-07 6.21464e-07 5.72433e-07 5.27136e-07 4.85302e-07 4.46677e-07 4.11027e-07 3.78131e-07 3.47787e-07 3.19802e-07 2.94003e-07 2.70223e-07
0.000147052 6.44983e-05 6.79573e-05 7.07858e-05 7.30269e-05 7.47241e-05 7.59206e-05 7.66591e-05 7.6981e-05 7.69265e-05 7.65341e-05 7.58406e-05 7.48808e-05 7.36876e-05 7.22917e-05 7.07218e-05 6.90047e-05 6.71649e-05 6.52252e-05 6.32061e-05 6.11266e-05 5.90037e-05 5.6853e-05 5.46882e-05 5.25217e-05 5.03644e-05 4.82259e-05 4.61146e-05 4.40377e-05 4.20016e-05 4.00115e-05 3.80718e-05 3.61861e-05 3.43574e-05 3.25877e-05 3.08789e-05 2.9232e-05 2.76478e-05 2.61263e-05 2.46677e-05 2.32713e-05 2.19365e-05 2.06624e-05 1.94478e-05 1.82913e-05 1.71916e-05 1.6147e-05 1.51559e-05 1.42164e-05 1.33269e-05 1.24854e-05 1.16902e-05 1.09393e-05 1.02309e-05 9.56318e-06 8.93426e-06 8.34236e-06 7.78573e-06 7.26264e-06 6.77142e-06 6.31044e-06 5.87813e-06 5.47297e-06 5.09348e-06 4.73826e-06 4.40595e-06 4.09525e-06 3.80492e-06 3.53377e-06 3.28067e-06 3.04453e-06 2.82434e-06 2.61911e-06 2.42792e-06 2.2499e-06 2.08421e-06 1.93006e-06 1.78672e-06 1.65348e-06 1.52969e-06 1.41472e-06 1.30798e-06 1.20893e-06 1.11704e-06 1.03183e-06 9.52851e-07 8.79662e-07 8.11867e-07 7.4909e-07 6.9098e-07 6.37207e-07 5.87464e-07 5.41464e-07 4.98939e-07 4.59637e-07 4.23327e-07 3.8979e-07 3.58824e-07 3.30239e-07 3.0386e-07 2.79525e-07
0.000129378 5.77553e-05 6.11199e-05 6.39149e-05 6.61757e-05 6.79386e-05 6.92402e-05 7.01171e-05 7.06053e-05 7.07399e-05 7.05549e-05 7.0083e-05 6.93555e-05 6.84019e-05 6.72503e-05 6.59269e-05 6.44562e-05 6.28609e-05 6.11623e-05 5.93796e-05 5.75306e-05 5.56316e-05 5.36972e-05 5.17408e-05 4.97742e-05 4.78081e-05 4.5852e-05 4.3914e-05 4.20016e-05 4.0121e-05 3.82776e-05 3.64761e-05 3.47201e-05 3.30129e-05 3.1357e-05 2.97544e-05 2.82065e-05 2.67142e-05 2.52782e-05 2.38987e-05 2.25755e-05 2.13083e-05 2.00965e-05 1.89392e-05 1.78354e-05 1.67839e-05 1.57835e-05 1.48327e-05 1.39301e-05 1.30741e-05 1.22631e-05 1.14955e-05 1.07696e-05 1.00838e-05 9.43642e-06 8.8258e-06 8.25033e-06 7.7084e-06 7.19844e-06 6.7189e-06 6.26829e-06 5.84515e-06 5.44808e-06 5.07569e-06 4.72668e-06 4.39977e-06 4.09375e-06 3.80744e-06 3.53972e-06 3.28953e-06 3.05583e-06 2.83766e-06 2.63408e-06 2.44421e-06 2.26721e-06 2.10229e-06 1.94869e-06 1.80571e-06 1.67265e-06 1.54889e-06 1.43383e-06 1.3269e-06 1.22756e-06 1.13531e-06 1.04968e-06 9.70218e-07 8.96513e-07 8.28171e-07 7.64823e-07 7.06126e-07 6.51756e-07 6.01411e-07 5.54808e-07 5.11684e-07 4.71791e-07 4.34899e-07 4.00791e-07 3.69269e-07 3.40143e-07 3.13241e-07 2.88398e-07
0.000113827 5.17015e-05 5.49513e-05 5.76883e-05 5.99411e-05 6.17396e-05 6.31147e-05 6.40974e-05 6.47187e-05 6.50092e-05 6.49988e-05 6.47164e-05 6.41899e-05 6.34458e-05 6.25096e-05 6.14051e-05 6.01547e-05 5.87794e-05 5.72988e-05 5.57309e-05 5.40924e-05 5.23986e-05 5.06635e-05 4.88996e-05 4.71186e-05 4.53305e-05 4.35447e-05 4.17693e-05 4.00115e-05 3.82776e-05 3.65731e-05 3.49027e-05 3.32703e-05 3.16793e-05 3.01324e-05 2.86318e-05 2.71792e-05 2.57758e-05 2.44226e-05 2.312e-05 2.18683e-05 2.06672e-05 1.95165e-05 1.84156e-05 1.73638e-05 1.63601e-05 1.54036e-05 1.44931e-05 1.36273e-05 1.28049e-05 1.20246e-05 1.12849e-05 1.05844e-05 9.92165e-06 9.29509e-06 8.7033e-06 8.14479e-06 7.61811e-06 7.12184e-06 6.65456e-06 6.21489e-06 5.8015e-06 5.41307e-06 5.04833e-06 4.70607e-06 4.38508e-06 4.08424e-06 3.80244e-06 3.53863e-06 3.2918e-06 3.06097e-06 2.84523e-06 2.64369e-06 2.45551e-06 2.2799e-06 2.11608e-06 1.96334e-06 1.821e-06 1.68841e-06 1.56495e-06 1.45004e-06 1.34314e-06 1.24373e-06 1.15131e-06 1.06544e-06 9.85676e-07 9.11614e-07 8.42872e-07 7.79091e-07 7.19934e-07 6.65085e-07 6.14246e-07 5.67142e-07 5.23511e-07 4.83111e-07 4.45715e-07 4.11109e-07 3.79096e-07 3.49489e-07 3.22118e-07 2.96819e-07
0.000100146 4.62686e-05 4.93887e-05 5.20486e-05 5.4271e-05 5.60803e-05 5.75021e-05 5.85627e-05 5.92885e-05 5.9706e-05 5.98412e-05 5.97198e-05 5.93663e-05 5.88047e-05 5.80577e-05 5.7147e-05 5.6093e-05 5.49151e-05 5.36311e-05 5.2258e-05 5.08112e-05 4.93052e-05 4.77531e-05 4.61668e-05 4.45575e-05 4.29348e-05 4.13079e-05 3.96845e-05 3.80718e-05 3.64761e-05 3.49027e-05 3.33564e-05 3.18414e-05 3.03611e-05 2.89183e-05 2.75155e-05 2.61545e-05 2.48369e-05 2.35637e-05 2.23357e-05 2.11534e-05 2.00167e-05 1.89258e-05 1.78802e-05 1.68795e-05 1.5923e-05 1.501e-05 1.41394e-05 1.33103e-05 1.25215e-05 1.17719e-05 1.10603e-05 1.03855e-05 9.74598e-06 9.14061e-06 8.56802e-06 8.0269e-06 7.51593e-06 7.03382e-06 6.57927e-06 6.15104e-06 5.74788e-06 5.36858e-06 5.01198e-06 4.67694e-06 4.36235e-06 4.06715e-06 3.7903e-06 3.53082e-06 3.28776e-06 3.0602e-06 2.84727e-06 2.64813e-06 2.46199e-06 2.28808e-06 2.12568e-06 1.9741e-06 1.83269e-06 1.70082e-06 1.5779e-06 1.46338e-06 1.35673e-06 1.25744e-06 1.16506e-06 1.07912e-06 9.99223e-07 9.2496e-07 8.55964e-07 7.91883e-07 7.32391e-07 6.77177e-07 6.25952e-07 5.78444e-07 5.34398e-07 4.93576e-07 4.55753e-07 4.2072e-07 3.88282e-07 3.58255e-07 3.30469e-07 3.04765e-07
8.81095e-05 4.13947e-05 4.43748e-05 4.69431e-05 4.91173e-05 5.0917e-05 5.23633e-05 5.3478e-05 5.42836e-05 5.48028e-05 5.50584e-05 5.50726e-05 5.48673e-05 5.44638e-05 5.38824e-05 5.31427e-05 5.22633e-05 5.12619e-05 5.01549e-05 4.89579e-05 4.76854e-05 4.63508e-05 4.49664e-05 4.35436e-05 4.20929e-05 4.06236e-05 3.91444e-05 3.76629e-05 3.61861e-05 3.47201e-05 3.32703e-05 3.18414e-05 3.04376e-05 2.90625e-05 2.77189e-05 2.64096e-05 2.51365e-05 2.39013e-05 2.27052e-05 2.15493e-05 2.04342e-05 1.93602e-05 1.83275e-05 1.7336e-05 1.63854e-05 1.54753e-05 1.4605e-05 1.37739e-05 1.29811e-05 1.22258e-05 1.15069e-05 1.08234e-05 1.01743e-05 9.55828e-06 8.97432e-06 8.42123e-06 7.89782e-06 7.40291e-06 6.93533e-06 6.49392e-06 6.07752e-06 5.685e-06 5.31527e-06 4.96723e-06 4.63983e-06 4.33204e-06 4.04288e-06 3.77139e-06 3.51663e-06 3.27771e-06 3.05378e-06 2.844e-06 2.6476e-06 2.46381e-06 2.29192e-06 2.13123e-06 1.98108e-06 1.84086e-06 1.70996e-06 1.58782e-06 1.4739e-06 1.36771e-06 1.26875e-06 1.17657e-06 1.09075e-06 1.01087e-06 9.36555e-07 8.67444e-07 8.03195e-07 7.43488e-07 6.88023e-07 6.36516e-07 5.88702e-07 5.44331e-07 5.03168e-07 4.64995e-07 4.29606e-07 3.96808e-07 3.66421e-07 3.38277e-07 3.12217e-07
