0.370281 0.0209702 0.0136936 0.00962879 0.00712907 0.00546909 0.00430057 0.00344165 0.00278981 0.00228322 0.00188234 0.00156071 0.00129985 0.00108647 0.00091072 0.000765164 0.000644058 0.000542912 0.000458161 0.000386952 0.000326972 0.000276336 0.000233498 0.000197178 0.000166314 0.000140018 0.000117547 9.82752e-05 8.1671e-05 6.7283e-05 5.71891e-05
0.0209702 0.00267641 0.0016215 0.0010494 0.000713887 0.000504346 0.000366776 0.000272797 0.000206523 0.000158571 0.000123147 9.65272e-05 7.62422e-05 6.06035e-05 4.84293e-05 3.88738e-05 3.13211e-05 2.53151e-05 2.05138e-05 1.66575e-05 1.35471e-05 1.10287e-05 8.98209e-06 7.31313e-06 5.94745e-06 4.8261e-06 3.90216e-06 3.13825e-06 2.50467e-06 1.97802e-06 1.63977e-06
0.0136936 0.0016215 0.000940956 0.000589212 0.000391511 0.000272178 0.000195823 0.000144627 0.000108996 8.34525e-05 6.47007e-05 5.067e-05 4.00082e-05 3.18033e-05 2.54228e-05 2.04173e-05 1.64615e-05 1.33154e-05 1.07995e-05 8.77788e-06 7.14644e-06 5.82472e-06 4.75005e-06 3.87326e-06 3.15555e-06 2.56619e-06 2.08074e-06 1.67978e-06 1.34803e-06 1.10047e-06 9.12925e-07
0.00962879 0.0010494 0.000589212 0.000359578 0.000234595 0.000161115 0.000115023 8.45496e-05 6.35439e-05 4.85794e-05 3.7638e-05 2.94714e-05 2.32745e-05 1.85091e-05 1.48041e-05 1.18974e-05 9.59955e-06 7.77134e-06 6.30866e-06 5.13275e-06 4.18333e-06 3.4138e-06 2.78789e-06 2.27711e-06 1.85898e-06 1.51572e-06 1.23319e-06 1.00021e-06 8.18517e-07 6.6824e-07 5.54562e-07
0.00712907 0.000713887 0.000391511 0.000234595 0.000151128 0.000102966 7.31664e-05 5.36474e-05 4.02711e-05 3.07748e-05 2.38446e-05 1.86766e-05 1.47562e-05 1.17411e-05 9.39629e-06 7.55597e-06 6.10052e-06 4.94198e-06 4.01469e-06 3.2689e-06 2.66656e-06 2.17823e-06 1.78098e-06 1.45681e-06 1.19149e-06 9.7378e-07 7.94761e-07 6.51512e-07 5.3326e-07 4.35377e-07 3.61342e-07
0.00546909 0.000504346 0.000272178 0.000161115 0.000102966 6.98297e-05 4.95057e-05 3.62649e-05 2.72179e-05 2.0804e-05 1.61252e-05 1.26358e-05 9.98792e-06 7.95057e-06 6.36542e-06 5.12076e-06 4.13602e-06 3.35192e-06 2.72414e-06 2.21916e-06 1.81125e-06 1.48054e-06 1.21153e-06 9.92049e-07 8.12478e-07 6.65218e-07 5.45873e-07 4.47552e-07 3.66349e-07 2.99109e-07 2.48216e-07
0.00430057 0.000366776 0.000195823 0.000115023 7.31664e-05 4.95057e-05 3.50676e-05 2.56871e-05 1.92847e-05 1.47463e-05 1.14345e-05 8.96339e-06 7.08715e-06 5.64286e-06 4.51868e-06 3.63572e-06 2.93698e-06 2.38053e-06 1.935e-06 1.57661e-06 1.28714e-06 1.05249e-06 8.61654e-07 7.06003e-07 5.78714e-07 4.75042e-07 3.89834e-07 3.19626e-07 2.61633e-07 2.13609e-07 1.77221e-07
0.00344165 0.000272797 0.000144627 8.45496e-05 5.36474e-05 3.62649e-05 2.56871e-05 1.8822e-05 1.41366e-05 1.08138e-05 8.38761e-06 6.5762e-06 5.2002e-06 4.1406e-06 3.31566e-06 2.66765e-06 2.15483e-06 1.74646e-06 1.41952e-06 1.15658e-06 9.44252e-07 7.7218e-07 6.32287e-07 5.18228e-07 4.25261e-07 3.49053e-07 2.86424e-07 2.34824e-07 1.92206e-07 1.5692e-07 1.30148e-07
0.00278981 0.000206523 0.000108996 6.35439e-05 4.02711e-05 2.72179e-05 1.92847e-05 1.41366e-05 1.06214e-05 8.12688e-06 6.30431e-06 4.94289e-06 3.90837e-06 3.11159e-06 2.49123e-06 2.00395e-06 1.61838e-06 1.3114e-06 1.0657e-06 8.68144e-07 7.08671e-07 5.79479e-07 4.74489e-07 3.89033e-07 3.19186e-07 2.61946e-07 2.14916e-07 1.76178e-07 1.4419e-07 1.17712e-07 9.7597e-08
0.00228322 0.000158571 8.34525e-05 4.85794e-05 3.07748e-05 2.0804e-05 1.47463e-05 1.08138e-05 8.12688e-06 6.21882e-06 4.82403e-06 3.78179e-06 2.98968e-06 2.37958e-06 1.90462e-06 1.53162e-06 1.23654e-06 1.00169e-06 8.13777e-07 6.62746e-07 5.40874e-07 4.42185e-07 3.62062e-07 2.96779e-07 2.43439e-07 1.99741e-07 1.6385e-07 1.34296e-07 1.09901e-07 8.97133e-08 7.4357e-08
0.00188234 0.000123147 6.47007e-05 3.7638e-05 2.38446e-05 1.61252e-05 1.14345e-05 8.38761e-06 6.30431e-06 4.82403e-06 3.74151e-06 2.93246e-06 2.31755e-06 1.844e-06 1.47541e-06 1.18603e-06 9.57185e-07 7.75108e-07 6.29485e-07 5.12491e-07 4.18124e-07 3.4176e-07 2.79748e-07 2.29242e-07 1.87991e-07 1.5421e-07 1.26475e-07 1.03645e-07 8.4807e-08 6.92241e-08 5.73552e-08
0.00156071 9.65272e-05 5.067e-05 2.94714e-05 1.86766e-05 1.26358e-05 8.96339e-06 6.5762e-06 4.94289e-06 3.78179e-06 2.93246e-06 2.29764e-06 1.8152e-06 1.44373e-06 1.15469e-06 9.27839e-07 7.48513e-07 6.05894e-07 4.91877e-07 4.00316e-07 3.26504e-07 2.66781e-07 2.18303e-07 1.78836e-07 1.46616e-07 1.2024e-07 9.85937e-08 8.07826e-08 6.60911e-08 5.39431e-08 4.46792e-08
0.00129985 7.62422e-05 4.00082e-05 2.32745e-05 1.47562e-05 9.98792e-06 7.08715e-06 5.2002e-06 3.90837e-06 2.98968e-06 2.31755e-06 1.8152e-06 1.43349e-06 1.13966e-06 9.11114e-07 7.31806e-07 5.90123e-07 4.7749e-07 3.87486e-07 3.15244e-07 2.57023e-07 2.09936e-07 1.71731e-07 1.40641e-07 1.1527e-07 9.45096e-08 7.74784e-08 6.34706e-08 5.19207e-08 4.23741e-08 3.50855e-08
0.00108647 6.06035e-05 3.18033e-05 1.85091e-05 1.17411e-05 7.95057e-06 5.64286e-06 4.1406e-06 3.11159e-06 2.37958e-06 1.844e-06 1.44373e-06 1.13966e-06 9.05677e-07 7.23738e-07 5.81057e-07 4.68364e-07 3.78817e-07 3.07294e-07 2.49907e-07 2.03678e-07 1.66306e-07 1.35996e-07 1.11342e-07 9.12303e-08 7.47811e-08 6.12919e-08 5.02016e-08 4.10608e-08 3.35086e-08 2.77361e-08
0.00091072 4.84293e-05 2.54228e-05 1.48041e-05 9.39629e-06 6.36542e-06 4.51868e-06 3.31566e-06 2.49123e-06 1.90462e-06 1.47541e-06 1.15469e-06 9.11114e-07 7.23738e-07 5.78098e-07 4.63932e-07 3.73799e-07 3.02212e-07 2.45056e-07 1.99216e-07 1.62306e-07 1.3248e-07 1.083e-07 8.86399e-08 7.26091e-08 5.95027e-08 4.8759e-08 3.99295e-08 3.26548e-08 2.66467e-08 2.20495e-08
0.000765164 3.88738e-05 2.04173e-05 1.18974e-05 7.55597e-06 5.12076e-06 3.63572e-06 2.66765e-06 2.00395e-06 1.53162e-06 1.18603e-06 9.27839e-07 7.31806e-07 5.81057e-07 4.63932e-07 3.72157e-07 2.99733e-07 2.42233e-07 1.96346e-07 1.59559e-07 1.2995e-07 1.06035e-07 8.66545e-08 7.09027e-08 5.80642e-08 4.75717e-08 3.89741e-08 3.19109e-08 2.60938e-08 2.12913e-08 1.76128e-08
0.000644058 3.13211e-05 1.64615e-05 9.59955e-06 6.10052e-06 4.13602e-06 2.93698e-06 2.15483e-06 1.61838e-06 1.23654e-06 9.57185e-07 7.48513e-07 5.90123e-07 4.68364e-07 3.73799e-07 2.99733e-07 2.41307e-07 1.9494e-07 1.57952e-07 1.28313e-07 1.04467e-07 8.52135e-08 6.96175e-08 5.69465e-08 4.66228e-08 3.81888e-08 3.12805e-08 2.56073e-08 2.09367e-08 1.70821e-08 1.41269e-08
0.000542912 2.53151e-05 1.33154e-05 7.77134e-06 4.94198e-06 3.35192e-06 2.38053e-06 1.74646e-06 1.3114e-06 1.00169e-06 7.75108e-07 6.05894e-07 4.7749e-07 3.78817e-07 3.02212e-07 2.42233e-07 1.9494e-07 1.57424e-07 1.27508e-07 1.03546e-07 8.4275e-08 6.87213e-08 5.61271e-08 4.58988e-08 3.75683e-08 3.07652e-08 2.51949e-08 2.0622e-08 1.68586e-08 1.37539e-08 1.13713e-08
0.000458161 2.05138e-05 1.07995e-05 6.30866e-06 4.01469e-06 2.72414e-06 1.935e-06 1.41952e-06 1.0657e-06 8.13777e-07 6.29485e-07 4.91877e-07 3.87486e-07 3.07294e-07 2.45056e-07 1.96346e-07 1.57952e-07 1.27508e-07 1.03242e-07 8.38122e-08 6.81921e-08 5.55898e-08 4.53892e-08 3.71078e-08 3.03654e-08 2.48611e-08 2.03558e-08 1.66586e-08 1.36169e-08 1.11084e-08 9.18169e-09
0.000386952 1.66575e-05 8.77788e-06 5.13275e-06 3.2689e-06 2.21916e-06 1.57661e-06 1.15658e-06 8.68144e-07 6.62746e-07 5.12491e-07 4.00316e-07 3.15244e-07 2.49907e-07 1.99216e-07 1.59559e-07 1.28313e-07 1.03546e-07 8.38122e-08 6.80171e-08 5.53238e-08 4.50865e-08 3.68031e-08 3.00805e-08 2.46091e-08 2.0144e-08 1.64904e-08 1.34932e-08 1.10282e-08 8.99607e-09 7.43381e-09
0.000326972 1.35471e-05 7.14644e-06 4.18333e-06 2.66656e-06 1.81125e-06 1.28714e-06 9.44252e-07 7.08671e-07 5.40874e-07 4.18124e-07 3.26504e-07 2.57023e-07 2.03678e-07 1.62306e-07 1.2995e-07 1.04467e-07 8.4275e-08 6.81921e-08 5.53238e-08 4.49862e-08 3.66516e-08 2.991e-08 2.44405e-08 1.99904e-08 1.63599e-08 1.33903e-08 1.09549e-08 8.95267e-09 7.30251e-09 6.03289e-09
0.000276336 1.10287e-05 5.82472e-06 3.4138e-06 2.17823e-06 1.48054e-06 1.05249e-06 7.7218e-07 5.79479e-07 4.42185e-07 3.4176e-07 2.66781e-07 2.09936e-07 1.66306e-07 1.3248e-07 1.06035e-07 8.52135e-08 6.87213e-08 5.55898e-08 4.50865e-08 3.66516e-08 2.98532e-08 2.4356e-08 1.98974e-08 1.6271e-08 1.33134e-08 1.08949e-08 8.9121e-09 7.28246e-09 5.9398e-09 4.90596e-09
0.000233498 8.98209e-06 4.75005e-06 2.78789e-06 1.78098e-06 1.21153e-06 8.61654e-07 6.32287e-07 4.74489e-07 3.62062e-07 2.79748e-07 2.18303e-07 1.71731e-07 1.35996e-07 1.083e-07 8.66545e-08 6.96175e-08 5.61271e-08 4.53892e-08 3.68031e-08 2.991e-08 2.4356e-08 1.98663e-08 1.62259e-08 1.32659e-08 1.08525e-08 8.87963e-09 7.26263e-09 5.93401e-09 4.8397e-09 3.99645e-09
0.000197178 7.31313e-06 3.87326e-06 2.27711e-06 1.45681e-06 9.92049e-07 7.06003e-07 5.18228e-07 3.89033e-07 2.96779e-07 2.29242e-07 1.78836e-07 1.40641e-07 1.11342e-07 8.86399e-08 7.09027e-08 5.69465e-08 4.58988e-08 3.71078e-08 3.00805e-08 2.44405e-08 1.98974e-08 1.62259e-08 1.32499e-08 1.08307e-08 8.85877e-09 7.2472e-09 5.92672e-09 4.84204e-09 3.94889e-09 3.26018e-09
0.000166314 5.94745e-06 3.15555e-06 1.85898e-06 1.19149e-06 8.12478e-07 5.78714e-07 4.25261e-07 3.19186e-07 2.43439e-07 1.87991e-07 1.46616e-07 1.1527e-07 9.12303e-08 7.26091e-08 5.80642e-08 4.66228e-08 3.75683e-08 3.03654e-08 2.46091e-08 1.99904e-08 1.6271e-08 1.32659e-08 1.08307e-08 8.85159e-09 7.23883e-09 5.92111e-09 4.84169e-09 3.95524e-09 3.22551e-09 2.66245e-09
0.000140018 4.8261e-06 2.56619e-06 1.51572e-06 9.7378e-07 6.65218e-07 4.75042e-07 3.49053e-07 2.61946e-07 1.99741e-07 1.5421e-07 1.2024e-07 9.45096e-08 7.47811e-08 5.95027e-08 4.75717e-08 3.81888e-08 3.07652e-08 2.48611e-08 2.0144e-08 1.63599e-08 1.33134e-08 1.08525e-08 8.85877e-09 7.23883e-09 5.91904e-09 4.84095e-09 3.95802e-09 3.23311e-09 2.63649e-09 2.17587e-09
0.000117547 3.90216e-06 2.08074e-06 1.23319e-06 7.94761e-07 5.45873e-07 3.89834e-07 2.86424e-07 2.14916e-07 1.6385e-07 1.26475e-07 9.85937e-08 7.74784e-08 6.12919e-08 4.8759e-08 3.89741e-08 3.12805e-08 2.51949e-08 2.03558e-08 1.64904e-08 1.33903e-08 1.08949e-08 8.87963e-09 7.2472e-09 5.92111e-09 4.84095e-09 3.95878e-09 3.23644e-09 2.64351e-09 2.15561e-09 1.77874e-09
9.82752e-05 3.13825e-06 1.67978e-06 1.00021e-06 6.51512e-07 4.47552e-07 3.19626e-07 2.34824e-07 1.76178e-07 1.34296e-07 1.03645e-07 8.07826e-08 6.34706e-08 5.02016e-08 3.99295e-08 3.19109e-08 2.56073e-08 2.0622e-08 1.66586e-08 1.34932e-08 1.09549e-08 8.9121e-09 7.26263e-09 5.92672e-09 4.84169e-09 3.95802e-09 3.23644e-09 2.64571e-09 2.16088e-09 1.762e-09 1.45376e-09
8.1671e-05 2.50467e-06 1.34803e-06 8.18517e-07 5.3326e-07 3.66349e-07 2.61633e-07 1.92206e-07 1.4419e-07 1.09901e-07 8.4807e-08 6.60911e-08 5.19207e-08 4.10608e-08 3.26548e-08 2.60938e-08 2.09367e-08 1.68586e-08 1.36169e-08 1.10282e-08 8.95267e-09 7.28246e-09 5.93401e-09 4.84204e-09 3.95524e-09 3.23311e-09 2.64351e-09 2.16088e-09 1.76482e-09 1.43902e-09 1.18716e-09
6.7283e-05 1.97802e-06 1.10047e-06 6.6824e-07 4.35377e-07 2.99109e-07 2.13609e-07 1.5692e-07 1.17712e-07 8.97133e-08 6.92241e-08 5.39431e-08 4.23741e-08 3.35086e-08 2.66467e-08 2.12913e-08 1.70821e-08 1.37539e-08 1.11084e-08 8.99607e-09 7.30251e-09 5.9398e-09 4.8397e-09 3.94889e-09 3.22551e-09 2.63649e-09 2.15561e-09 1.762e-09 1.43902e-09 1.17335e-09 9.6794e-10
5.71891e-05 1.63977e-06 9.12925e-07 5.54562e-07 3.61342e-07 2.48216e-07 1.77221e-07 1.30148e-07 9.7597e-08 7.4357e-08 5.73552e-08 4.46792e-08 3.50855e-08 2.77361e-08 2.20495e-08 1.76128e-08 1.41269e-08 1.13713e-08 9.18169e-09 7.43381e-09 6.03289e-09 4.90596e-09 3.99645e-09 3.26018e-09 2.66245e-09 2.17587e-09 1.77874e-09 1.45376e-09 1.18716e-09 9.6794e-10 7.98329e-10
