0.867327 6.94892e-05 6.75386e-05 6.56428e-05 6.38002e-05 6.20093e-05 6.02687e-05 5.85769e-05 5.69327e-05 5.53346e-05 5.37813e-05 5.22717e-05 5.08044e-05 4.93783e-05 4.79922e-05 4.66451e-05 4.53358e-05 4.40632e-05 4.28263e-05 4.16242e-05 4.04558e-05 3.93202e-05 3.82164e-05 3.71437e-05 3.61011e-05 3.50877e-05 3.41028e-05 3.31455e-05 3.22151e-05 3.13108e-05 3.04319e-05 2.95777e-05 2.87475e-05 2.79405e-05 2.71562e-05 2.63939e-05 2.56531e-05 2.4933e-05 2.42331e-05 2.35529e-05 2.28917e-05 2.22492e-05 2.16246e-05 2.10176e-05 2.04276e-05 1.98542e-05 1.92969e-05 1.87553e-05 1.82288e-05 1.77171e-05 1.72198e-05 1.67364e-05 1.62666e-05 1.581e-05 1.53662e-05 1.49349e-05 1.45157e-05 1.41082e-05 1.37122e-05 1.33273e-05 1.29532e-05 1.25896e-05 1.22362e-05 1.18927e-05 1.15589e-05 1.12344e-05 1.09191e-05 1.06126e-05 1.03147e-05 1.00252e-05 9.74375e-06 9.47024e-06 9.20441e-06 8.94604e-06 8.69492e-06 8.45085e-06 8.21363e-06 7.98308e-06 7.75899e-06 7.54119e-06 7.32951e-06 7.12377e-06 6.92381e-06 6.72945e-06 6.54056e-06 6.35696e-06 6.17852e-06 6.00509e-06 5.83652e-06 5.67269e-06 5.51346e-06 5.35869e-06 5.20828e-06 5.06208e-06 4.91998e-06 4.78188e-06 4.64765e-06 4.51719e-06 4.39039e-06 4.26715e-06 4.14737e-06
6.94892e-05 7.7767e-06 7.60704e-06 7.44078e-06 7.27786e-06 7.11823e-06 6.96182e-06 6.80858e-06 6.65846e-06 6.51141e-06 6.36736e-06 6.22627e-06 6.08808e-06 5.95275e-06 5.82021e-06 5.69043e-06 5.56334e-06 5.43891e-06 5.31708e-06 5.1978e-06 5.08103e-06 4.96672e-06 4.85483e-06 4.7453e-06 4.6381e-06 4.53317e-06 4.43048e-06 4.32999e-06 4.23164e-06 4.13541e-06 4.04124e-06 3.9491e-06 3.85895e-06 3.77075e-06 3.68446e-06 3.60005e-06 3.51747e-06 3.43669e-06 3.35767e-06 3.28038e-06 3.20478e-06 3.13085e-06 3.05854e-06 2.98782e-06 2.91866e-06 2.85103e-06 2.7849e-06 2.72023e-06 2.657e-06 2.59518e-06 2.53473e-06 2.47563e-06 2.41785e-06 2.36137e-06 2.30615e-06 2.25217e-06 2.19941e-06 2.14783e-06 2.09741e-06 2.04814e-06 1.99997e-06 1.9529e-06 1.90689e-06 1.86193e-06 1.81799e-06 1.77505e-06 1.73309e-06 1.69208e-06 1.65201e-06 1.61286e-06 1.5746e-06 1.53722e-06 1.5007e-06 1.46502e-06 1.43016e-06 1.3961e-06 1.36282e-06 1.33032e-06 1.29856e-06 1.26754e-06 1.23724e-06 1.20764e-06 1.17873e-06 1.15049e-06 1.1229e-06 1.09596e-06 1.06965e-06 1.04395e-06 1.01884e-06 9.94331e-07 9.7039e-07 9.4701e-07 9.24178e-07 9.01881e-07 8.80108e-07 8.58847e-07 8.38086e-07 8.17814e-07 7.98019e-07 7.78692e-07 7.5982e-07
6.75386e-05 7.60704e-06 7.44622e-06 7.28848e-06 7.13375e-06 6.982e-06 6.83318e-06 6.68724e-06 6.54414e-06 6.40384e-06 6.26628e-06 6.13143e-06 5.99923e-06 5.86966e-06 5.74265e-06 5.61817e-06 5.49619e-06 5.37664e-06 5.2595e-06 5.14472e-06 5.03226e-06 4.92208e-06 4.81414e-06 4.7084e-06 4.60483e-06 4.50337e-06 4.404e-06 4.30668e-06 4.21137e-06 4.11803e-06 4.02664e-06 3.93714e-06 3.84951e-06 3.76371e-06 3.6797e-06 3.59747e-06 3.51696e-06 3.43815e-06 3.36101e-06 3.2855e-06 3.21159e-06 3.13926e-06 3.06847e-06 2.99918e-06 2.93139e-06 2.86504e-06 2.80012e-06 2.7366e-06 2.67444e-06 2.61363e-06 2.55413e-06 2.49593e-06 2.43898e-06 2.38328e-06 2.32879e-06 2.27549e-06 2.22335e-06 2.17235e-06 2.12248e-06 2.07369e-06 2.02598e-06 1.97933e-06 1.9337e-06 1.88908e-06 1.84544e-06 1.80278e-06 1.76106e-06 1.72026e-06 1.68038e-06 1.64138e-06 1.60326e-06 1.56599e-06 1.52955e-06 1.49392e-06 1.4591e-06 1.42506e-06 1.39178e-06 1.35926e-06 1.32746e-06 1.29639e-06 1.26602e-06 1.23633e-06 1.20732e-06 1.17896e-06 1.15125e-06 1.12417e-06 1.09771e-06 1.07185e-06 1.04658e-06 1.02188e-06 9.97753e-07 9.74175e-07 9.51138e-07 9.28629e-07 9.06637e-07 8.85151e-07 8.64159e-07 8.4365e-07 8.23614e-07 8.0404e-07 7.84918e-07
6.56428e-05 7.44078e-06 7.28848e-06 7.13893e-06 6.9921e-06 6.84796e-06 6.70646e-06 6.56758e-06 6.43127e-06 6.29749e-06 6.16622e-06 6.03741e-06 5.91102e-06 5.78703e-06 5.66539e-06 5.54608e-06 5.42904e-06 5.31425e-06 5.20168e-06 5.09128e-06 4.98302e-06 4.87688e-06 4.7728e-06 4.67077e-06 4.57074e-06 4.47269e-06 4.37657e-06 4.28237e-06 4.19003e-06 4.09954e-06 4.01087e-06 3.92397e-06 3.83882e-06 3.75539e-06 3.67365e-06 3.59357e-06 3.51511e-06 3.43826e-06 3.36297e-06 3.28923e-06 3.21701e-06 3.14627e-06 3.07699e-06 3.00915e-06 2.94271e-06 2.87765e-06 2.81394e-06 2.75157e-06 2.6905e-06 2.63071e-06 2.57217e-06 2.51487e-06 2.45877e-06 2.40386e-06 2.35011e-06 2.2975e-06 2.24601e-06 2.19561e-06 2.14629e-06 2.09802e-06 2.05079e-06 2.00456e-06 1.95933e-06 1.91508e-06 1.87177e-06 1.8294e-06 1.78795e-06 1.74739e-06 1.70771e-06 1.6689e-06 1.63092e-06 1.59378e-06 1.55744e-06 1.5219e-06 1.48714e-06 1.45314e-06 1.41988e-06 1.38736e-06 1.35555e-06 1.32444e-06 1.29402e-06 1.26427e-06 1.23518e-06 1.20673e-06 1.17892e-06 1.15172e-06 1.12513e-06 1.09912e-06 1.0737e-06 1.04885e-06 1.02455e-06 1.00079e-06 9.7757e-07 9.54867e-07 9.32674e-07 9.1098e-07 8.89774e-07 8.69046e-07 8.48785e-07 8.28982e-07 8.09626e-07
6.38002e-05 7.27786e-06 7.13375e-06 6.9921e-06 6.85289e-06 6.71609e-06 6.58166e-06 6.44959e-06 6.31984e-06 6.19238e-06 6.06719e-06 5.94423e-06 5.82348e-06 5.7049e-06 5.58847e-06 5.47416e-06 5.36195e-06 5.25178e-06 5.14365e-06 5.03753e-06 4.93337e-06 4.83116e-06 4.73086e-06 4.63245e-06 4.53589e-06 4.44117e-06 4.34824e-06 4.25709e-06 4.16768e-06 4.07999e-06 3.99399e-06 3.90965e-06 3.82695e-06 3.74586e-06 3.66635e-06 3.58839e-06 3.51197e-06 3.43705e-06 3.36361e-06 3.29163e-06 3.22107e-06 3.15192e-06 3.08415e-06 3.01774e-06 2.95266e-06 2.88889e-06 2.82641e-06 2.76518e-06 2.7052e-06 2.64644e-06 2.58887e-06 2.53248e-06 2.47725e-06 2.42314e-06 2.37015e-06 2.31825e-06 2.26742e-06 2.21764e-06 2.16889e-06 2.12115e-06 2.07441e-06 2.02864e-06 1.98382e-06 1.93995e-06 1.89699e-06 1.85494e-06 1.81377e-06 1.77347e-06 1.73402e-06 1.6954e-06 1.65761e-06 1.62061e-06 1.58441e-06 1.54897e-06 1.51429e-06 1.48035e-06 1.44713e-06 1.41463e-06 1.38283e-06 1.35171e-06 1.32126e-06 1.29147e-06 1.26232e-06 1.2338e-06 1.2059e-06 1.1786e-06 1.1519e-06 1.12578e-06 1.10022e-06 1.07523e-06 1.05078e-06 1.02686e-06 1.00347e-06 9.80592e-07 9.58216e-07 9.36332e-07 9.1493e-07 8.93999e-07 8.7353e-07 8.53513e-07 8.33939e-07
6.20093e-05 7.11823e-06 6.982e-06 6.84796e-06 6.71609e-06 6.58636e-06 6.45876e-06 6.33326e-06 6.20985e-06 6.0885e-06 5.96919e-06 5.8519e-06 5.73661e-06 5.62329e-06 5.51192e-06 5.40248e-06 5.29494e-06 5.18928e-06 5.08547e-06 4.98351e-06 4.88335e-06 4.78497e-06 4.68836e-06 4.59349e-06 4.50033e-06 4.40886e-06 4.31906e-06 4.2309e-06 4.14437e-06 4.05942e-06 3.97606e-06 3.89424e-06 3.81395e-06 3.73516e-06 3.65785e-06 3.582e-06 3.50759e-06 3.43458e-06 3.36297e-06 3.29273e-06 3.22384e-06 3.15627e-06 3.09e-06 3.02502e-06 2.96129e-06 2.89881e-06 2.83755e-06 2.77748e-06 2.71859e-06 2.66087e-06 2.60428e-06 2.54881e-06 2.49444e-06 2.44116e-06 2.38893e-06 2.33775e-06 2.2876e-06 2.23845e-06 2.19029e-06 2.1431e-06 2.09686e-06 2.05157e-06 2.00719e-06 1.96372e-06 1.92113e-06 1.87941e-06 1.83855e-06 1.79852e-06 1.75932e-06 1.72093e-06 1.68332e-06 1.6465e-06 1.61044e-06 1.57513e-06 1.54055e-06 1.50669e-06 1.47354e-06 1.44108e-06 1.40931e-06 1.37819e-06 1.34774e-06 1.31792e-06 1.28873e-06 1.26016e-06 1.2322e-06 1.20482e-06 1.17803e-06 1.1518e-06 1.12614e-06 1.10102e-06 1.07644e-06 1.05238e-06 1.02884e-06 1.0058e-06 9.83262e-07 9.61204e-07 9.39622e-07 9.18505e-07 8.97844e-07 8.7763e-07 8.57853e-07
6.02687e-05 6.96182e-06 6.83318e-06 6.70646e-06 6.58166e-06 6.45876e-06 6.33774e-06 6.2186e-06 6.10131e-06 5.98587e-06 5.87225e-06 5.76045e-06 5.65045e-06 5.54222e-06 5.43576e-06 5.33104e-06 5.22805e-06 5.12677e-06 5.02717e-06 4.92926e-06 4.83299e-06 4.73836e-06 4.64535e-06 4.55394e-06 4.4641e-06 4.37582e-06 4.28908e-06 4.20386e-06 4.12014e-06 4.03789e-06 3.95711e-06 3.87777e-06 3.79985e-06 3.72334e-06 3.6482e-06 3.57443e-06 3.502e-06 3.4309e-06 3.3611e-06 3.29259e-06 3.22534e-06 3.15934e-06 3.09457e-06 3.03101e-06 2.96864e-06 2.90744e-06 2.8474e-06 2.7885e-06 2.73071e-06 2.67402e-06 2.61842e-06 2.56388e-06 2.51039e-06 2.45794e-06 2.40649e-06 2.35604e-06 2.30658e-06 2.25807e-06 2.21052e-06 2.16389e-06 2.11818e-06 2.07338e-06 2.02945e-06 1.9864e-06 1.94419e-06 1.90283e-06 1.86229e-06 1.82256e-06 1.78363e-06 1.74547e-06 1.70809e-06 1.67145e-06 1.63556e-06 1.60039e-06 1.56594e-06 1.53218e-06 1.49911e-06 1.46672e-06 1.43499e-06 1.4039e-06 1.37346e-06 1.34364e-06 1.31443e-06 1.28583e-06 1.25781e-06 1.23038e-06 1.20352e-06 1.17721e-06 1.15145e-06 1.12623e-06 1.10153e-06 1.07735e-06 1.05368e-06 1.0305e-06 1.00781e-06 9.85594e-07 9.63848e-07 9.42561e-07 9.21724e-07 9.01328e-07 8.81364e-07
5.85769e-05 6.80858e-06 6.68724e-06 6.56758e-06 6.44959e-06 6.33326e-06 6.2186e-06 6.10558e-06 5.99421e-06 5.88448e-06 5.77637e-06 5.66989e-06 5.565e-06 5.46172e-06 5.36001e-06 5.25988e-06 5.16131e-06 5.06428e-06 4.96879e-06 4.87482e-06 4.78235e-06 4.69138e-06 4.60188e-06 4.51384e-06 4.42725e-06 4.34209e-06 4.25834e-06 4.176e-06 4.09504e-06 4.01545e-06 3.93721e-06 3.86031e-06 3.78472e-06 3.71045e-06 3.63745e-06 3.56573e-06 3.49527e-06 3.42604e-06 3.35803e-06 3.29123e-06 3.22562e-06 3.16118e-06 3.0979e-06 3.03576e-06 2.97474e-06 2.91483e-06 2.85601e-06 2.79827e-06 2.74158e-06 2.68594e-06 2.63133e-06 2.57773e-06 2.52513e-06 2.47351e-06 2.42285e-06 2.37315e-06 2.32439e-06 2.27654e-06 2.2296e-06 2.18356e-06 2.13839e-06 2.09408e-06 2.05063e-06 2.00801e-06 1.96621e-06 1.92522e-06 1.88502e-06 1.84561e-06 1.80696e-06 1.76906e-06 1.73191e-06 1.69548e-06 1.65978e-06 1.62477e-06 1.59046e-06 1.55682e-06 1.52386e-06 1.49155e-06 1.45988e-06 1.42884e-06 1.39843e-06 1.36862e-06 1.33942e-06 1.3108e-06 1.28276e-06 1.25529e-06 1.22837e-06 1.202e-06 1.17616e-06 1.15085e-06 1.12606e-06 1.10177e-06 1.07798e-06 1.05468e-06 1.03185e-06 1.0095e-06 9.87607e-07 9.66166e-07 9.45168e-07 9.24605e-07 9.04469e-07
5.69327e-05 6.65846e-06 6.54414e-06 6.43127e-06 6.31984e-06 6.20985e-06 6.10131e-06 5.99421e-06 5.88856e-06 5.78435e-06 5.68157e-06 5.58022e-06 5.4803e-06 5.3818e-06 5.28471e-06 5.18903e-06 5.09476e-06 5.00187e-06 4.91036e-06 4.82023e-06 4.73146e-06 4.64405e-06 4.55797e-06 4.47323e-06 4.38982e-06 4.30771e-06 4.2269e-06 4.14737e-06 4.06912e-06 3.99213e-06 3.91639e-06 3.84188e-06 3.7686e-06 3.69653e-06 3.62565e-06 3.55595e-06 3.48743e-06 3.42005e-06 3.35382e-06 3.28872e-06 3.22473e-06 3.16184e-06 3.10004e-06 3.03931e-06 2.97964e-06 2.92101e-06 2.86341e-06 2.80683e-06 2.75125e-06 2.69666e-06 2.64304e-06 2.59039e-06 2.53868e-06 2.4879e-06 2.43805e-06 2.3891e-06 2.34105e-06 2.29387e-06 2.24757e-06 2.20211e-06 2.1575e-06 2.11371e-06 2.07074e-06 2.02857e-06 1.9872e-06 1.94659e-06 1.90675e-06 1.86767e-06 1.82932e-06 1.79171e-06 1.7548e-06 1.71861e-06 1.6831e-06 1.64828e-06 1.61413e-06 1.58063e-06 1.54779e-06 1.51558e-06 1.48399e-06 1.45302e-06 1.42266e-06 1.39289e-06 1.3637e-06 1.33508e-06 1.30703e-06 1.27954e-06 1.25258e-06 1.22616e-06 1.20027e-06 1.17489e-06 1.15001e-06 1.12564e-06 1.10175e-06 1.07834e-06 1.0554e-06 1.03292e-06 1.0109e-06 9.89316e-07 9.68173e-07 9.47458e-07 9.27164e-07
5.53346e-05 6.51141e-06 6.40384e-06 6.29749e-06 6.19238e-06 6.0885e-06 5.98587e-06 5.88448e-06 5.78435e-06 5.68546e-06 5.58784e-06 5.49146e-06 5.39635e-06 5.30249e-06 5.20988e-06 5.11852e-06 5.02841e-06 4.93955e-06 4.85192e-06 4.76552e-06 4.68036e-06 4.59642e-06 4.51369e-06 4.43217e-06 4.35185e-06 4.27273e-06 4.19479e-06 4.11802e-06 4.04243e-06 3.96799e-06 3.8947e-06 3.82255e-06 3.75153e-06 3.68163e-06 3.61283e-06 3.54513e-06 3.47852e-06 3.41298e-06 3.34851e-06 3.28509e-06 3.22271e-06 3.16136e-06 3.10102e-06 3.0417e-06 2.98336e-06 2.92601e-06 2.86964e-06 2.81421e-06 2.75974e-06 2.7062e-06 2.65359e-06 2.60188e-06 2.55107e-06 2.50115e-06 2.45211e-06 2.40392e-06 2.35659e-06 2.3101e-06 2.26444e-06 2.21959e-06 2.17554e-06 2.13229e-06 2.08982e-06 2.04811e-06 2.00717e-06 1.96697e-06 1.92751e-06 1.88877e-06 1.85074e-06 1.81342e-06 1.77678e-06 1.74083e-06 1.70555e-06 1.67093e-06 1.63695e-06 1.60361e-06 1.57091e-06 1.53881e-06 1.50733e-06 1.47644e-06 1.44615e-06 1.41643e-06 1.38727e-06 1.35868e-06 1.33064e-06 1.30314e-06 1.27616e-06 1.24971e-06 1.22378e-06 1.19834e-06 1.17341e-06 1.14896e-06 1.12498e-06 1.10148e-06 1.07844e-06 1.05585e-06 1.03371e-06 1.01201e-06 9.90736e-07 9.69884e-07 9.49447e-07
5.37813e-05 6.36736e-06 6.26628e-06 6.16622e-06 6.06719e-06 5.96919e-06 5.87225e-06 5.77637e-06 5.68157e-06 5.58784e-06 5.49519e-06 5.40363e-06 5.31317e-06 5.2238e-06 5.13554e-06 5.04837e-06 4.96231e-06 4.87735e-06 4.79349e-06 4.71074e-06 4.62908e-06 4.54852e-06 4.46905e-06 4.39068e-06 4.31339e-06 4.23718e-06 4.16205e-06 4.088e-06 4.015e-06 3.94307e-06 3.87219e-06 3.80235e-06 3.73355e-06 3.66579e-06 3.59904e-06 3.53331e-06 3.46859e-06 3.40486e-06 3.34213e-06 3.28037e-06 3.21958e-06 3.15976e-06 3.10089e-06 3.04296e-06 2.98596e-06 2.92988e-06 2.87472e-06 2.82046e-06 2.76709e-06 2.71461e-06 2.66299e-06 2.61224e-06 2.56234e-06 2.51328e-06 2.46505e-06 2.41764e-06 2.37104e-06 2.32524e-06 2.28023e-06 2.236e-06 2.19253e-06 2.14983e-06 2.10787e-06 2.06664e-06 2.02615e-06 1.98637e-06 1.94729e-06 1.90892e-06 1.87123e-06 1.83421e-06 1.79787e-06 1.76217e-06 1.72713e-06 1.69272e-06 1.65894e-06 1.62578e-06 1.59323e-06 1.56127e-06 1.5299e-06 1.49912e-06 1.4689e-06 1.43925e-06 1.41015e-06 1.3816e-06 1.35358e-06 1.32609e-06 1.29911e-06 1.27265e-06 1.24669e-06 1.22122e-06 1.19623e-06 1.17172e-06 1.14769e-06 1.12411e-06 1.10098e-06 1.0783e-06 1.05606e-06 1.03425e-06 1.01286e-06 9.91881e-07 9.71314e-07
5.22717e-05 6.22627e-06 6.13143e-06 6.03741e-06 5.94423e-06 5.8519e-06 5.76045e-06 5.66989e-06 5.58022e-06 5.49146e-06 5.40363e-06 5.31673e-06 5.23077e-06 5.14576e-06 5.0617e-06 4.9786e-06 4.89647e-06 4.81531e-06 4.73512e-06 4.6559e-06 4.57766e-06 4.5004e-06 4.42411e-06 4.34881e-06 4.27448e-06 4.20112e-06 4.12874e-06 4.05733e-06 3.98688e-06 3.91741e-06 3.84889e-06 3.78132e-06 3.71471e-06 3.64905e-06 3.58433e-06 3.52054e-06 3.45768e-06 3.39574e-06 3.33472e-06 3.27461e-06 3.21541e-06 3.1571e-06 3.09967e-06 3.04313e-06 2.98746e-06 2.93265e-06 2.8787e-06 2.8256e-06 2.77334e-06 2.72191e-06 2.6713e-06 2.6215e-06 2.57251e-06 2.52432e-06 2.47691e-06 2.43029e-06 2.38443e-06 2.33933e-06 2.29498e-06 2.25137e-06 2.2085e-06 2.16635e-06 2.12492e-06 2.08419e-06 2.04415e-06 2.00481e-06 1.96614e-06 1.92814e-06 1.8908e-06 1.85411e-06 1.81806e-06 1.78265e-06 1.74785e-06 1.71368e-06 1.68011e-06 1.64714e-06 1.61476e-06 1.58295e-06 1.55172e-06 1.52105e-06 1.49094e-06 1.46137e-06 1.43234e-06 1.40384e-06 1.37586e-06 1.3484e-06 1.32144e-06 1.29498e-06 1.269e-06 1.24351e-06 1.2185e-06 1.19395e-06 1.16985e-06 1.14621e-06 1.12302e-06 1.10026e-06 1.07793e-06 1.05602e-06 1.03453e-06 1.01345e-06 9.92765e-07
5.08044e-05 6.08808e-06 5.99923e-06 5.91102e-06 5.82348e-06 5.73661e-06 5.65045e-06 5.565e-06 5.4803e-06 5.39635e-06 5.31317e-06 5.23077e-06 5.14917e-06 5.06837e-06 4.98839e-06 4.90924e-06 4.83092e-06 4.75345e-06 4.67682e-06 4.60105e-06 4.52613e-06 4.45208e-06 4.3789e-06 4.30659e-06 4.23514e-06 4.16458e-06 4.09488e-06 4.02606e-06 3.95812e-06 3.89104e-06 3.82484e-06 3.75951e-06 3.69505e-06 3.63146e-06 3.56872e-06 3.50685e-06 3.44583e-06 3.38566e-06 3.32634e-06 3.26786e-06 3.21021e-06 3.1534e-06 3.09742e-06 3.04225e-06 2.9879e-06 2.93436e-06 2.88161e-06 2.82967e-06 2.77851e-06 2.72813e-06 2.67853e-06 2.6297e-06 2.58162e-06 2.5343e-06 2.48772e-06 2.44188e-06 2.39677e-06 2.35238e-06 2.3087e-06 2.26573e-06 2.22346e-06 2.18188e-06 2.14098e-06 2.10076e-06 2.0612e-06 2.0223e-06 1.98405e-06 1.94644e-06 1.90946e-06 1.87311e-06 1.83738e-06 1.80226e-06 1.76774e-06 1.73381e-06 1.70047e-06 1.6677e-06 1.6355e-06 1.60387e-06 1.57279e-06 1.54225e-06 1.51226e-06 1.48279e-06 1.45384e-06 1.42541e-06 1.39749e-06 1.37007e-06 1.34314e-06 1.3167e-06 1.29073e-06 1.26523e-06 1.2402e-06 1.21562e-06 1.19149e-06 1.1678e-06 1.14455e-06 1.12173e-06 1.09933e-06 1.07734e-06 1.05576e-06 1.03458e-06 1.0138e-06
4.93783e-05 5.95275e-06 5.86966e-06 5.78703e-06 5.7049e-06 5.62329e-06 5.54222e-06 5.46172e-06 5.3818e-06 5.30249e-06 5.2238e-06 5.14576e-06 5.06837e-06 4.99166e-06 4.91563e-06 4.8403e-06 4.76569e-06 4.69179e-06 4.61863e-06 4.5462e-06 4.47453e-06 4.40361e-06 4.33345e-06 4.26405e-06 4.19543e-06 4.12759e-06 4.06052e-06 3.99424e-06 3.92874e-06 3.86402e-06 3.8001e-06 3.73696e-06 3.67461e-06 3.61305e-06 3.55227e-06 3.49228e-06 3.43307e-06 3.37465e-06 3.317e-06 3.26013e-06 3.20404e-06 3.14871e-06 3.09415e-06 3.04035e-06 2.98731e-06 2.93503e-06 2.88349e-06 2.83269e-06 2.78264e-06 2.73331e-06 2.68472e-06 2.63685e-06 2.58969e-06 2.54324e-06 2.49749e-06 2.45245e-06 2.40809e-06 2.36442e-06 2.32142e-06 2.2791e-06 2.23744e-06 2.19644e-06 2.15609e-06 2.11638e-06 2.07731e-06 2.03887e-06 2.00105e-06 1.96384e-06 1.92724e-06 1.89125e-06 1.85584e-06 1.82103e-06 1.78679e-06 1.75312e-06 1.72002e-06 1.68748e-06 1.65548e-06 1.62403e-06 1.59312e-06 1.56273e-06 1.53286e-06 1.50351e-06 1.47467e-06 1.44632e-06 1.41847e-06 1.39111e-06 1.36422e-06 1.33781e-06 1.31186e-06 1.28637e-06 1.26134e-06 1.23675e-06 1.2126e-06 1.18888e-06 1.16558e-06 1.14271e-06 1.12025e-06 1.09819e-06 1.07654e-06 1.05528e-06 1.03441e-06
4.79922e-05 5.82021e-06 5.74265e-06 5.66539e-06 5.58847e-06 5.51192e-06 5.43576e-06 5.36001e-06 5.28471e-06 5.20988e-06 5.13554e-06 5.0617e-06 4.98839e-06 4.91563e-06 4.84343e-06 4.77181e-06 4.70079e-06 4.63037e-06 4.56057e-06 4.4914e-06 4.42288e-06 4.355e-06 4.28779e-06 4.22124e-06 4.15537e-06 4.09019e-06 4.02569e-06 3.96189e-06 3.89878e-06 3.83638e-06 3.77469e-06 3.7137e-06 3.65342e-06 3.59386e-06 3.53501e-06 3.47688e-06 3.41946e-06 3.36275e-06 3.30676e-06 3.25148e-06 3.19692e-06 3.14306e-06 3.08992e-06 3.03747e-06 2.98574e-06 2.9347e-06 2.88436e-06 2.83471e-06 2.78575e-06 2.73748e-06 2.68989e-06 2.64298e-06 2.59674e-06 2.55117e-06 2.50627e-06 2.46202e-06 2.41842e-06 2.37547e-06 2.33317e-06 2.2915e-06 2.25046e-06 2.21005e-06 2.17025e-06 2.13107e-06 2.0925e-06 2.05453e-06 2.01715e-06 1.98036e-06 1.94415e-06 1.90852e-06 1.87346e-06 1.83896e-06 1.80502e-06 1.77163e-06 1.73879e-06 1.70648e-06 1.6747e-06 1.64345e-06 1.61271e-06 1.58249e-06 1.55277e-06 1.52354e-06 1.49482e-06 1.46657e-06 1.43881e-06 1.41151e-06 1.38469e-06 1.35832e-06 1.33241e-06 1.30695e-06 1.28192e-06 1.25733e-06 1.23317e-06 1.20944e-06 1.18611e-06 1.1632e-06 1.1407e-06 1.11859e-06 1.09687e-06 1.07554e-06 1.0546e-06
4.66451e-05 5.69043e-06 5.61817e-06 5.54608e-06 5.47416e-06 5.40248e-06 5.33104e-06 5.25988e-06 5.18903e-06 5.11852e-06 5.04837e-06 4.9786e-06 4.90924e-06 4.8403e-06 4.77181e-06 4.70379e-06 4.63625e-06 4.5692e-06 4.50267e-06 4.43667e-06 4.37121e-06 4.3063e-06 4.24196e-06 4.17819e-06 4.11501e-06 4.05242e-06 3.99043e-06 3.92905e-06 3.86829e-06 3.80816e-06 3.74865e-06 3.68977e-06 3.63153e-06 3.57393e-06 3.51698e-06 3.46067e-06 3.40501e-06 3.35e-06 3.29565e-06 3.24194e-06 3.18889e-06 3.13649e-06 3.08474e-06 3.03365e-06 2.9832e-06 2.9334e-06 2.88425e-06 2.83575e-06 2.78789e-06 2.74067e-06 2.69408e-06 2.64813e-06 2.60282e-06 2.55813e-06 2.51406e-06 2.47061e-06 2.42778e-06 2.38556e-06 2.34395e-06 2.30295e-06 2.26254e-06 2.22272e-06 2.18349e-06 2.14485e-06 2.10678e-06 2.06929e-06 2.03237e-06 1.99601e-06 1.9602e-06 1.92495e-06 1.89025e-06 1.85608e-06 1.82245e-06 1.78935e-06 1.75677e-06 1.72471e-06 1.69316e-06 1.66212e-06 1.63158e-06 1.60153e-06 1.57197e-06 1.5429e-06 1.5143e-06 1.48617e-06 1.4585e-06 1.4313e-06 1.40454e-06 1.37824e-06 1.35238e-06 1.32695e-06 1.30195e-06 1.27738e-06 1.25322e-06 1.22948e-06 1.20614e-06 1.18321e-06 1.16067e-06 1.13852e-06 1.11676e-06 1.09537e-06 1.07436e-06
4.53358e-05 5.56334e-06 5.49619e-06 5.42904e-06 5.36195e-06 5.29494e-06 5.22805e-06 5.16131e-06 5.09476e-06 5.02841e-06 4.96231e-06 4.89647e-06 4.83092e-06 4.76569e-06 4.70079e-06 4.63625e-06 4.57208e-06 4.50831e-06 4.44496e-06 4.38203e-06 4.31955e-06 4.25753e-06 4.19598e-06 4.13492e-06 4.07436e-06 4.01431e-06 3.95477e-06 3.89577e-06 3.8373e-06 3.77938e-06 3.72202e-06 3.66521e-06 3.60897e-06 3.5533e-06 3.49821e-06 3.4437e-06 3.38978e-06 3.33644e-06 3.28369e-06 3.23154e-06 3.17998e-06 3.12903e-06 3.07866e-06 3.0289e-06 2.97974e-06 2.93117e-06 2.88321e-06 2.83584e-06 2.78907e-06 2.7429e-06 2.69732e-06 2.65233e-06 2.60793e-06 2.56412e-06 2.5209e-06 2.47826e-06 2.4362e-06 2.39472e-06 2.35381e-06 2.31347e-06 2.2737e-06 2.23448e-06 2.19583e-06 2.15774e-06 2.12019e-06 2.08319e-06 2.04673e-06 2.01081e-06 1.97542e-06 1.94055e-06 1.90621e-06 1.87239e-06 1.83909e-06 1.80629e-06 1.77399e-06 1.74219e-06 1.71089e-06 1.68007e-06 1.64974e-06 1.61988e-06 1.59049e-06 1.56157e-06 1.53312e-06 1.50512e-06 1.47756e-06 1.45046e-06 1.42379e-06 1.39756e-06 1.37176e-06 1.34639e-06 1.32143e-06 1.29688e-06 1.27274e-06 1.24901e-06 1.22567e-06 1.20273e-06 1.18017e-06 1.15799e-06 1.13619e-06 1.11476e-06 1.0937e-06
4.40632e-05 5.43891e-06 5.37664e-06 5.31425e-06 5.25178e-06 5.18928e-06 5.12677e-06 5.06428e-06 5.00187e-06 4.93955e-06 4.87735e-06 4.81531e-06 4.75345e-06 4.69179e-06 4.63037e-06 4.5692e-06 4.50831e-06 4.44772e-06 4.38745e-06 4.32751e-06 4.26793e-06 4.20872e-06 4.14989e-06 4.09147e-06 4.03346e-06 3.97589e-06 3.91875e-06 3.86206e-06 3.80584e-06 3.75009e-06 3.69483e-06 3.64005e-06 3.58577e-06 3.532e-06 3.47874e-06 3.426e-06 3.37378e-06 3.32209e-06 3.27094e-06 3.22032e-06 3.17024e-06 3.1207e-06 3.07172e-06 3.02327e-06 2.97538e-06 2.92804e-06 2.88125e-06 2.83502e-06 2.78933e-06 2.7442e-06 2.69962e-06 2.6556e-06 2.61212e-06 2.56919e-06 2.52682e-06 2.48499e-06 2.4437e-06 2.40296e-06 2.36275e-06 2.32309e-06 2.28396e-06 2.24536e-06 2.20729e-06 2.16975e-06 2.13273e-06 2.09622e-06 2.06024e-06 2.02477e-06 1.9898e-06 1.95534e-06 1.92138e-06 1.88791e-06 1.85494e-06 1.82246e-06 1.79045e-06 1.75893e-06 1.72788e-06 1.6973e-06 1.66719e-06 1.63753e-06 1.60833e-06 1.57958e-06 1.55128e-06 1.52342e-06 1.496e-06 1.46901e-06 1.44244e-06 1.4163e-06 1.39057e-06 1.36526e-06 1.34035e-06 1.31585e-06 1.29174e-06 1.26803e-06 1.2447e-06 1.22176e-06 1.1992e-06 1.177e-06 1.15518e-06 1.13372e-06 1.11262e-06
4.28263e-05 5.31708e-06 5.2595e-06 5.20168e-06 5.14365e-06 5.08547e-06 5.02717e-06 4.96879e-06 4.91036e-06 4.85192e-06 4.79349e-06 4.73512e-06 4.67682e-06 4.61863e-06 4.56057e-06 4.50267e-06 4.44496e-06 4.38745e-06 4.33017e-06 4.27313e-06 4.21637e-06 4.15989e-06 4.10372e-06 4.04787e-06 3.99235e-06 3.93719e-06 3.88239e-06 3.82797e-06 3.77395e-06 3.72032e-06 3.66712e-06 3.61433e-06 3.56198e-06 3.51007e-06 3.45861e-06 3.40761e-06 3.35707e-06 3.307e-06 3.25741e-06 3.20831e-06 3.15969e-06 3.11156e-06 3.06393e-06 3.01679e-06 2.97016e-06 2.92403e-06 2.87841e-06 2.8333e-06 2.7887e-06 2.74461e-06 2.70103e-06 2.65796e-06 2.6154e-06 2.57336e-06 2.53183e-06 2.49081e-06 2.4503e-06 2.4103e-06 2.37081e-06 2.33182e-06 2.29334e-06 2.25536e-06 2.21788e-06 2.1809e-06 2.14441e-06 2.10842e-06 2.07292e-06 2.03791e-06 2.00337e-06 1.96933e-06 1.93575e-06 1.90265e-06 1.87003e-06 1.83787e-06 1.80617e-06 1.77493e-06 1.74415e-06 1.71382e-06 1.68394e-06 1.6545e-06 1.6255e-06 1.59693e-06 1.5688e-06 1.54109e-06 1.51381e-06 1.48694e-06 1.46049e-06 1.43445e-06 1.40881e-06 1.38357e-06 1.35873e-06 1.33428e-06 1.31022e-06 1.28654e-06 1.26324e-06 1.24031e-06 1.21775e-06 1.19555e-06 1.17372e-06 1.15224e-06 1.13111e-06
4.16242e-05 5.1978e-06 5.14472e-06 5.09128e-06 5.03753e-06 4.98351e-06 4.92926e-06 4.87482e-06 4.82023e-06 4.76552e-06 4.71074e-06 4.6559e-06 4.60105e-06 4.5462e-06 4.4914e-06 4.43667e-06 4.38203e-06 4.32751e-06 4.27313e-06 4.21892e-06 4.1649e-06 4.11108e-06 4.05749e-06 4.00414e-06 3.95105e-06 3.89825e-06 3.84573e-06 3.79353e-06 3.74165e-06 3.69011e-06 3.63891e-06 3.58808e-06 3.53761e-06 3.48753e-06 3.43784e-06 3.38855e-06 3.33966e-06 3.2912e-06 3.24315e-06 3.19554e-06 3.14836e-06 3.10162e-06 3.05533e-06 3.00949e-06 2.96411e-06 2.91918e-06 2.87472e-06 2.83073e-06 2.7872e-06 2.74414e-06 2.70156e-06 2.65944e-06 2.61781e-06 2.57665e-06 2.53596e-06 2.49576e-06 2.45603e-06 2.41677e-06 2.37799e-06 2.33969e-06 2.30186e-06 2.26451e-06 2.22763e-06 2.19122e-06 2.15527e-06 2.1198e-06 2.08479e-06 2.05024e-06 2.01615e-06 1.98252e-06 1.94935e-06 1.91663e-06 1.88436e-06 1.85253e-06 1.82115e-06 1.79021e-06 1.75971e-06 1.72964e-06 1.7e-06 1.67079e-06 1.642e-06 1.61363e-06 1.58568e-06 1.55814e-06 1.53101e-06 1.50428e-06 1.47795e-06 1.45202e-06 1.42648e-06 1.40133e-06 1.37657e-06 1.35219e-06 1.32818e-06 1.30454e-06 1.28128e-06 1.25837e-06 1.23583e-06 1.21364e-06 1.19181e-06 1.17032e-06 1.14918e-06
4.04558e-05 5.08103e-06 5.03226e-06 4.98302e-06 4.93337e-06 4.88335e-06 4.83299e-06 4.78235e-06 4.73146e-06 4.68036e-06 4.62908e-06 4.57766e-06 4.52613e-06 4.47453e-06 4.42288e-06 4.37121e-06 4.31955e-06 4.26793e-06 4.21637e-06 4.1649e-06 4.11353e-06 4.0623e-06 4.01122e-06 3.96031e-06 3.90959e-06 3.85909e-06 3.8088e-06 3.75876e-06 3.70898e-06 3.65947e-06 3.61025e-06 3.56133e-06 3.51271e-06 3.46442e-06 3.41647e-06 3.36886e-06 3.3216e-06 3.27471e-06 3.22818e-06 3.18204e-06 3.13629e-06 3.09092e-06 3.04596e-06 3.0014e-06 2.95725e-06 2.91352e-06 2.87021e-06 2.82732e-06 2.78486e-06 2.74283e-06 2.70124e-06 2.66008e-06 2.61936e-06 2.57908e-06 2.53924e-06 2.49985e-06 2.4609e-06 2.4224e-06 2.38434e-06 2.34672e-06 2.30955e-06 2.27283e-06 2.23655e-06 2.20071e-06 2.16532e-06 2.13037e-06 2.09586e-06 2.06179e-06 2.02815e-06 1.99495e-06 1.96219e-06 1.92985e-06 1.89795e-06 1.86647e-06 1.83541e-06 1.80478e-06 1.77457e-06 1.74477e-06 1.71539e-06 1.68641e-06 1.65785e-06 1.62969e-06 1.60192e-06 1.57456e-06 1.54759e-06 1.52101e-06 1.49482e-06 1.46902e-06 1.44359e-06 1.41854e-06 1.39387e-06 1.36956e-06 1.34562e-06 1.32204e-06 1.29882e-06 1.27596e-06 1.25344e-06 1.23128e-06 1.20945e-06 1.18797e-06 1.16682e-06
3.93202e-05 4.96672e-06 4.92208e-06 4.87688e-06 4.83116e-06 4.78497e-06 4.73836e-06 4.69138e-06 4.64405e-06 4.59642e-06 4.54852e-06 4.5004e-06 4.45208e-06 4.40361e-06 4.355e-06 4.3063e-06 4.25753e-06 4.20872e-06 4.15989e-06 4.11108e-06 4.0623e-06 4.01358e-06 3.96495e-06 3.91641e-06 3.868e-06 3.81973e-06 3.77163e-06 3.7237e-06 3.67597e-06 3.62845e-06 3.58116e-06 3.53411e-06 3.48731e-06 3.44078e-06 3.39453e-06 3.34857e-06 3.30291e-06 3.25757e-06 3.21254e-06 3.16785e-06 3.1235e-06 3.07949e-06 3.03584e-06 2.99255e-06 2.94962e-06 2.90707e-06 2.8649e-06 2.82311e-06 2.78171e-06 2.74071e-06 2.7001e-06 2.65989e-06 2.62009e-06 2.58069e-06 2.5417e-06 2.50311e-06 2.46495e-06 2.42719e-06 2.38985e-06 2.35293e-06 2.31642e-06 2.28033e-06 2.24466e-06 2.20941e-06 2.17457e-06 2.14015e-06 2.10614e-06 2.07256e-06 2.03938e-06 2.00662e-06 1.97427e-06 1.94233e-06 1.9108e-06 1.87968e-06 1.84896e-06 1.81865e-06 1.78873e-06 1.75922e-06 1.7301e-06 1.70138e-06 1.67304e-06 1.6451e-06 1.61754e-06 1.59037e-06 1.56357e-06 1.53716e-06 1.51112e-06 1.48545e-06 1.46014e-06 1.43521e-06 1.41063e-06 1.38641e-06 1.36255e-06 1.33904e-06 1.31588e-06 1.29306e-06 1.27059e-06 1.24845e-06 1.22665e-06 1.20518e-06 1.18403e-06
3.82164e-05 4.85483e-06 4.81414e-06 4.7728e-06 4.73086e-06 4.68836e-06 4.64535e-06 4.60188e-06 4.55797e-06 4.51369e-06 4.46905e-06 4.42411e-06 4.3789e-06 4.33345e-06 4.28779e-06 4.24196e-06 4.19598e-06 4.14989e-06 4.10372e-06 4.05749e-06 4.01122e-06 3.96495e-06 3.91869e-06 3.87246e-06 3.8263e-06 3.78022e-06 3.73424e-06 3.68837e-06 3.64265e-06 3.59707e-06 3.55167e-06 3.50645e-06 3.46143e-06 3.41663e-06 3.37205e-06 3.32771e-06 3.28363e-06 3.23981e-06 3.19626e-06 3.15299e-06 3.11002e-06 3.06736e-06 3.025e-06 2.98296e-06 2.94125e-06 2.89986e-06 2.85882e-06 2.81813e-06 2.77778e-06 2.73779e-06 2.69817e-06 2.6589e-06 2.62001e-06 2.58149e-06 2.54334e-06 2.50557e-06 2.46819e-06 2.43118e-06 2.39457e-06 2.35834e-06 2.3225e-06 2.28705e-06 2.25199e-06 2.21732e-06 2.18304e-06 2.14916e-06 2.11567e-06 2.08257e-06 2.04986e-06 2.01755e-06 1.98562e-06 1.95409e-06 1.92294e-06 1.89218e-06 1.86181e-06 1.83182e-06 1.80222e-06 1.773e-06 1.74416e-06 1.71569e-06 1.6876e-06 1.65989e-06 1.63254e-06 1.60557e-06 1.57896e-06 1.55272e-06 1.52683e-06 1.50131e-06 1.47614e-06 1.45132e-06 1.42686e-06 1.40274e-06 1.37897e-06 1.35554e-06 1.33245e-06 1.30969e-06 1.28727e-06 1.26517e-06 1.2434e-06 1.22195e-06 1.20083e-06
3.71437e-05 4.7453e-06 4.7084e-06 4.67077e-06 4.63245e-06 4.59349e-06 4.55394e-06 4.51384e-06 4.47323e-06 4.43217e-06 4.39068e-06 4.34881e-06 4.30659e-06 4.26405e-06 4.22124e-06 4.17819e-06 4.13492e-06 4.09147e-06 4.04787e-06 4.00414e-06 3.96031e-06 3.91641e-06 3.87246e-06 3.82849e-06 3.78452e-06 3.74057e-06 3.69666e-06 3.65281e-06 3.60904e-06 3.56536e-06 3.52181e-06 3.47838e-06 3.43511e-06 3.392e-06 3.34906e-06 3.30632e-06 3.26378e-06 3.22145e-06 3.17936e-06 3.1375e-06 3.09589e-06 3.05455e-06 3.01347e-06 2.97267e-06 2.93215e-06 2.89193e-06 2.85201e-06 2.81239e-06 2.77309e-06 2.73411e-06 2.69546e-06 2.65714e-06 2.61915e-06 2.5815e-06 2.5442e-06 2.50724e-06 2.47064e-06 2.43439e-06 2.3985e-06 2.36296e-06 2.32779e-06 2.29298e-06 2.25854e-06 2.22446e-06 2.19075e-06 2.15741e-06 2.12444e-06 2.09184e-06 2.0596e-06 2.02774e-06 1.99625e-06 1.96513e-06 1.93437e-06 1.90399e-06 1.87397e-06 1.84432e-06 1.81504e-06 1.78612e-06 1.75756e-06 1.72936e-06 1.70153e-06 1.67405e-06 1.64693e-06 1.62017e-06 1.59375e-06 1.56769e-06 1.54198e-06 1.51661e-06 1.49159e-06 1.46691e-06 1.44256e-06 1.41856e-06 1.39488e-06 1.37154e-06 1.34853e-06 1.32584e-06 1.30348e-06 1.28144e-06 1.25971e-06 1.2383e-06 1.2172e-06
3.61011e-05 4.6381e-06 4.60483e-06 4.57074e-06 4.53589e-06 4.50033e-06 4.4641e-06 4.42725e-06 4.38982e-06 4.35185e-06 4.31339e-06 4.27448e-06 4.23514e-06 4.19543e-06 4.15537e-06 4.11501e-06 4.07436e-06 4.03346e-06 3.99235e-06 3.95105e-06 3.90959e-06 3.868e-06 3.8263e-06 3.78452e-06 3.74268e-06 3.7008e-06 3.65891e-06 3.61702e-06 3.57517e-06 3.53335e-06 3.4916e-06 3.44994e-06 3.40837e-06 3.36691e-06 3.32559e-06 3.28441e-06 3.24339e-06 3.20254e-06 3.16187e-06 3.1214e-06 3.08114e-06 3.04109e-06 3.00127e-06 2.9617e-06 2.92236e-06 2.88329e-06 2.84447e-06 2.80593e-06 2.76767e-06 2.72969e-06 2.69201e-06 2.65462e-06 2.61754e-06 2.58076e-06 2.5443e-06 2.50815e-06 2.47233e-06 2.43683e-06 2.40166e-06 2.36683e-06 2.33233e-06 2.29816e-06 2.26434e-06 2.23086e-06 2.19772e-06 2.16492e-06 2.13248e-06 2.10038e-06 2.06863e-06 2.03722e-06 2.00617e-06 1.97547e-06 1.94511e-06 1.91511e-06 1.88546e-06 1.85615e-06 1.82719e-06 1.79858e-06 1.77032e-06 1.74241e-06 1.71483e-06 1.6876e-06 1.66072e-06 1.63417e-06 1.60796e-06 1.58209e-06 1.55656e-06 1.53136e-06 1.50649e-06 1.48195e-06 1.45774e-06 1.43386e-06 1.41029e-06 1.38705e-06 1.36413e-06 1.34152e-06 1.31923e-06 1.29725e-06 1.27558e-06 1.25421e-06 1.23315e-06
3.50877e-05 4.53317e-06 4.50337e-06 4.47269e-06 4.44117e-06 4.40886e-06 4.37582e-06 4.34209e-06 4.30771e-06 4.27273e-06 4.23718e-06 4.20112e-06 4.16458e-06 4.12759e-06 4.09019e-06 4.05242e-06 4.01431e-06 3.97589e-06 3.93719e-06 3.89825e-06 3.85909e-06 3.81973e-06 3.78022e-06 3.74057e-06 3.7008e-06 3.66095e-06 3.62102e-06 3.58105e-06 3.54106e-06 3.50107e-06 3.46108e-06 3.42114e-06 3.38124e-06 3.34141e-06 3.30167e-06 3.26202e-06 3.22249e-06 3.18309e-06 3.14383e-06 3.10472e-06 3.06578e-06 3.02702e-06 2.98845e-06 2.95007e-06 2.91191e-06 2.87397e-06 2.83625e-06 2.79877e-06 2.76154e-06 2.72456e-06 2.68783e-06 2.65137e-06 2.61519e-06 2.57928e-06 2.54366e-06 2.50832e-06 2.47328e-06 2.43853e-06 2.40409e-06 2.36995e-06 2.33612e-06 2.30261e-06 2.2694e-06 2.23652e-06 2.20396e-06 2.17171e-06 2.1398e-06 2.10821e-06 2.07694e-06 2.046e-06 2.0154e-06 1.98512e-06 1.95517e-06 1.92556e-06 1.89628e-06 1.86732e-06 1.8387e-06 1.81041e-06 1.78245e-06 1.75482e-06 1.72752e-06 1.70055e-06 1.67391e-06 1.64759e-06 1.6216e-06 1.59593e-06 1.57059e-06 1.54556e-06 1.52086e-06 1.49647e-06 1.4724e-06 1.44865e-06 1.4252e-06 1.40207e-06 1.37925e-06 1.35673e-06 1.33452e-06 1.31261e-06 1.291e-06 1.26969e-06 1.24867e-06
3.41028e-05 4.43048e-06 4.404e-06 4.37657e-06 4.34824e-06 4.31906e-06 4.28908e-06 4.25834e-06 4.2269e-06 4.19479e-06 4.16205e-06 4.12874e-06 4.09488e-06 4.06052e-06 4.02569e-06 3.99043e-06 3.95477e-06 3.91875e-06 3.88239e-06 3.84573e-06 3.8088e-06 3.77163e-06 3.73424e-06 3.69666e-06 3.65891e-06 3.62102e-06 3.58302e-06 3.54492e-06 3.50675e-06 3.46853e-06 3.43027e-06 3.39201e-06 3.35375e-06 3.31551e-06 3.27731e-06 3.23917e-06 3.20111e-06 3.16313e-06 3.12525e-06 3.08748e-06 3.04985e-06 3.01235e-06 2.97501e-06 2.93783e-06 2.90082e-06 2.864e-06 2.82737e-06 2.79094e-06 2.75472e-06 2.71873e-06 2.68296e-06 2.64742e-06 2.61213e-06 2.57709e-06 2.5423e-06 2.50777e-06 2.4735e-06 2.43951e-06 2.40579e-06 2.37235e-06 2.3392e-06 2.30633e-06 2.27375e-06 2.24147e-06 2.20948e-06 2.1778e-06 2.14641e-06 2.11534e-06 2.08456e-06 2.0541e-06 2.02394e-06 1.9941e-06 1.96457e-06 1.93535e-06 1.90644e-06 1.87785e-06 1.84957e-06 1.82161e-06 1.79396e-06 1.76663e-06 1.73961e-06 1.7129e-06 1.68651e-06 1.66043e-06 1.63466e-06 1.6092e-06 1.58406e-06 1.55922e-06 1.53469e-06 1.51047e-06 1.48655e-06 1.46293e-06 1.43962e-06 1.41661e-06 1.39389e-06 1.37148e-06 1.34936e-06 1.32753e-06 1.30599e-06 1.28474e-06 1.26378e-06
3.31455e-05 4.32999e-06 4.30668e-06 4.28237e-06 4.25709e-06 4.2309e-06 4.20386e-06 4.176e-06 4.14737e-06 4.11802e-06 4.088e-06 4.05733e-06 4.02606e-06 3.99424e-06 3.96189e-06 3.92905e-06 3.89577e-06 3.86206e-06 3.82797e-06 3.79353e-06 3.75876e-06 3.7237e-06 3.68837e-06 3.65281e-06 3.61702e-06 3.58105e-06 3.54492e-06 3.50865e-06 3.47225e-06 3.43576e-06 3.3992e-06 3.36258e-06 3.32592e-06 3.28924e-06 3.25256e-06 3.2159e-06 3.17927e-06 3.14269e-06 3.10617e-06 3.06972e-06 3.03337e-06 2.99712e-06 2.96099e-06 2.92498e-06 2.88911e-06 2.8534e-06 2.81784e-06 2.78245e-06 2.74725e-06 2.71223e-06 2.67741e-06 2.64279e-06 2.60839e-06 2.5742e-06 2.54024e-06 2.50651e-06 2.47303e-06 2.43978e-06 2.40679e-06 2.37405e-06 2.34157e-06 2.30935e-06 2.2774e-06 2.24572e-06 2.21432e-06 2.18319e-06 2.15234e-06 2.12178e-06 2.09151e-06 2.06152e-06 2.03182e-06 2.00241e-06 1.9733e-06 1.94448e-06 1.91596e-06 1.88774e-06 1.85981e-06 1.83218e-06 1.80485e-06 1.77782e-06 1.75109e-06 1.72466e-06 1.69853e-06 1.6727e-06 1.64716e-06 1.62192e-06 1.59698e-06 1.57234e-06 1.54799e-06 1.52394e-06 1.50018e-06 1.47672e-06 1.45354e-06 1.43066e-06 1.40806e-06 1.38576e-06 1.36373e-06 1.342e-06 1.32054e-06 1.29936e-06 1.27847e-06
3.22151e-05 4.23164e-06 4.21137e-06 4.19003e-06 4.16768e-06 4.14437e-06 4.12014e-06 4.09504e-06 4.06912e-06 4.04243e-06 4.015e-06 3.98688e-06 3.95812e-06 3.92874e-06 3.89878e-06 3.86829e-06 3.8373e-06 3.80584e-06 3.77395e-06 3.74165e-06 3.70898e-06 3.67597e-06 3.64265e-06 3.60904e-06 3.57517e-06 3.54106e-06 3.50675e-06 3.47225e-06 3.43759e-06 3.4028e-06 3.36788e-06 3.33287e-06 3.29777e-06 3.26262e-06 3.22743e-06 3.19222e-06 3.157e-06 3.12179e-06 3.0866e-06 3.05146e-06 3.01637e-06 2.98135e-06 2.94641e-06 2.91156e-06 2.87682e-06 2.8422e-06 2.8077e-06 2.77334e-06 2.73914e-06 2.70509e-06 2.6712e-06 2.6375e-06 2.60397e-06 2.57064e-06 2.53751e-06 2.50458e-06 2.47187e-06 2.43937e-06 2.4071e-06 2.37506e-06 2.34325e-06 2.31169e-06 2.28036e-06 2.24929e-06 2.21847e-06 2.18791e-06 2.1576e-06 2.12756e-06 2.09779e-06 2.06828e-06 2.03904e-06 2.01008e-06 1.98139e-06 1.95299e-06 1.92485e-06 1.897e-06 1.86944e-06 1.84215e-06 1.81515e-06 1.78843e-06 1.76199e-06 1.73584e-06 1.70998e-06 1.6844e-06 1.6591e-06 1.6341e-06 1.60937e-06 1.58493e-06 1.56078e-06 1.5369e-06 1.51332e-06 1.49001e-06 1.46698e-06 1.44423e-06 1.42177e-06 1.39958e-06 1.37766e-06 1.35602e-06 1.33466e-06 1.31356e-06 1.29274e-06
3.13108e-05 4.13541e-06 4.11803e-06 4.09954e-06 4.07999e-06 4.05942e-06 4.03789e-06 4.01545e-06 3.99213e-06 3.96799e-06 3.94307e-06 3.91741e-06 3.89104e-06 3.86402e-06 3.83638e-06 3.80816e-06 3.77938e-06 3.75009e-06 3.72032e-06 3.69011e-06 3.65947e-06 3.62845e-06 3.59707e-06 3.56536e-06 3.53335e-06 3.50107e-06 3.46853e-06 3.43576e-06 3.4028e-06 3.36965e-06 3.33634e-06 3.3029e-06 3.26934e-06 3.23569e-06 3.20195e-06 3.16816e-06 3.13432e-06 3.10046e-06 3.06658e-06 3.03271e-06 2.99887e-06 2.96505e-06 2.93129e-06 2.89759e-06 2.86396e-06 2.83041e-06 2.79697e-06 2.76363e-06 2.73041e-06 2.69732e-06 2.66437e-06 2.63157e-06 2.59892e-06 2.56643e-06 2.53412e-06 2.50199e-06 2.47005e-06 2.4383e-06 2.40675e-06 2.3754e-06 2.34427e-06 2.31336e-06 2.28266e-06 2.2522e-06 2.22196e-06 2.19196e-06 2.1622e-06 2.13268e-06 2.10341e-06 2.07439e-06 2.04563e-06 2.01711e-06 1.98886e-06 1.96086e-06 1.93313e-06 1.90566e-06 1.87845e-06 1.85151e-06 1.82484e-06 1.79844e-06 1.77231e-06 1.74645e-06 1.72086e-06 1.69554e-06 1.6705e-06 1.64573e-06 1.62123e-06 1.597e-06 1.57304e-06 1.54936e-06 1.52595e-06 1.50281e-06 1.47994e-06 1.45733e-06 1.435e-06 1.41294e-06 1.39114e-06 1.36961e-06 1.34834e-06 1.32734e-06 1.3066e-06
3.04319e-05 4.04124e-06 4.02664e-06 4.01087e-06 3.99399e-06 3.97606e-06 3.95711e-06 3.93721e-06 3.91639e-06 3.8947e-06 3.87219e-06 3.84889e-06 3.82484e-06 3.8001e-06 3.77469e-06 3.74865e-06 3.72202e-06 3.69483e-06 3.66712e-06 3.63891e-06 3.61025e-06 3.58116e-06 3.55167e-06 3.52181e-06 3.4916e-06 3.46108e-06 3.43027e-06 3.3992e-06 3.36788e-06 3.33634e-06 3.30461e-06 3.27271e-06 3.24065e-06 3.20845e-06 3.17614e-06 3.14374e-06 3.11126e-06 3.07872e-06 3.04613e-06 3.01352e-06 2.98089e-06 2.94827e-06 2.91566e-06 2.88309e-06 2.85055e-06 2.81808e-06 2.78567e-06 2.75333e-06 2.72109e-06 2.68895e-06 2.65693e-06 2.62502e-06 2.59324e-06 2.5616e-06 2.5301e-06 2.49876e-06 2.46759e-06 2.43658e-06 2.40575e-06 2.3751e-06 2.34464e-06 2.31438e-06 2.28431e-06 2.25445e-06 2.22481e-06 2.19537e-06 2.16616e-06 2.13717e-06 2.10841e-06 2.07988e-06 2.05158e-06 2.02352e-06 1.9957e-06 1.96812e-06 1.94079e-06 1.91371e-06 1.88687e-06 1.86029e-06 1.83396e-06 1.80788e-06 1.78206e-06 1.75649e-06 1.73119e-06 1.70614e-06 1.68135e-06 1.65682e-06 1.63255e-06 1.60855e-06 1.5848e-06 1.56131e-06 1.53808e-06 1.51512e-06 1.49241e-06 1.46996e-06 1.44778e-06 1.42585e-06 1.40417e-06 1.38276e-06 1.3616e-06 1.34069e-06 1.32004e-06
2.95777e-05 3.9491e-06 3.93714e-06 3.92397e-06 3.90965e-06 3.89424e-06 3.87777e-06 3.86031e-06 3.84188e-06 3.82255e-06 3.80235e-06 3.78132e-06 3.75951e-06 3.73696e-06 3.7137e-06 3.68977e-06 3.66521e-06 3.64005e-06 3.61433e-06 3.58808e-06 3.56133e-06 3.53411e-06 3.50645e-06 3.47838e-06 3.44994e-06 3.42114e-06 3.39201e-06 3.36258e-06 3.33287e-06 3.3029e-06 3.27271e-06 3.2423e-06 3.2117e-06 3.18094e-06 3.15003e-06 3.11899e-06 3.08784e-06 3.05659e-06 3.02527e-06 2.99389e-06 2.96247e-06 2.93102e-06 2.89955e-06 2.86808e-06 2.83663e-06 2.8052e-06 2.77382e-06 2.74248e-06 2.71121e-06 2.68001e-06 2.64889e-06 2.61787e-06 2.58695e-06 2.55615e-06 2.52547e-06 2.49491e-06 2.4645e-06 2.43423e-06 2.40412e-06 2.37416e-06 2.34438e-06 2.31476e-06 2.28533e-06 2.25608e-06 2.22702e-06 2.19816e-06 2.16949e-06 2.14103e-06 2.11278e-06 2.08474e-06 2.05692e-06 2.02931e-06 2.00193e-06 1.97478e-06 1.94786e-06 1.92116e-06 1.8947e-06 1.86848e-06 1.84249e-06 1.81675e-06 1.79124e-06 1.76598e-06 1.74097e-06 1.71619e-06 1.69167e-06 1.66739e-06 1.64336e-06 1.61958e-06 1.59605e-06 1.57276e-06 1.54973e-06 1.52695e-06 1.50441e-06 1.48213e-06 1.46009e-06 1.4383e-06 1.41676e-06 1.39547e-06 1.37443e-06 1.35363e-06 1.33308e-06
2.87475e-05 3.85895e-06 3.84951e-06 3.83882e-06 3.82695e-06 3.81395e-06 3.79985e-06 3.78472e-06 3.7686e-06 3.75153e-06 3.73355e-06 3.71471e-06 3.69505e-06 3.67461e-06 3.65342e-06 3.63153e-06 3.60897e-06 3.58577e-06 3.56198e-06 3.53761e-06 3.51271e-06 3.48731e-06 3.46143e-06 3.43511e-06 3.40837e-06 3.38124e-06 3.35375e-06 3.32592e-06 3.29777e-06 3.26934e-06 3.24065e-06 3.2117e-06 3.18254e-06 3.15318e-06 3.12363e-06 3.09393e-06 3.06408e-06 3.03411e-06 3.00403e-06 2.97386e-06 2.94362e-06 2.91332e-06 2.88297e-06 2.8526e-06 2.82221e-06 2.79182e-06 2.76144e-06 2.73109e-06 2.70077e-06 2.6705e-06 2.64029e-06 2.61015e-06 2.58009e-06 2.55011e-06 2.52024e-06 2.49047e-06 2.46081e-06 2.43128e-06 2.40188e-06 2.37262e-06 2.3435e-06 2.31454e-06 2.28573e-06 2.25709e-06 2.22862e-06 2.20032e-06 2.17221e-06 2.14428e-06 2.11654e-06 2.089e-06 2.06165e-06 2.03451e-06 2.00758e-06 1.98085e-06 1.95434e-06 1.92804e-06 1.90196e-06 1.8761e-06 1.85047e-06 1.82506e-06 1.79988e-06 1.77493e-06 1.7502e-06 1.72572e-06 1.70146e-06 1.67744e-06 1.65366e-06 1.63011e-06 1.6068e-06 1.58373e-06 1.56089e-06 1.5383e-06 1.51594e-06 1.49383e-06 1.47195e-06 1.45031e-06 1.42892e-06 1.40776e-06 1.38684e-06 1.36615e-06 1.34571e-06
