0.808234 0.000607424 0.000573874 0.000542177 0.000512231 0.000483939 0.000457209 0.000431956 0.000408098 0.000385557 0.000364261 0.000344142 0.000325134 0.000307176 0.000290209 0.00027418 0.000259036 0.000244729 0.000231212 0.000218441 0.000206376 0.000194977 0.000184208 0.000174033 0.000164421 0.000155339 0.000146759 0.000138653 0.000130995 0.00012376 0.000116924 0.000110466 0.000104365 9.86002e-05 9.31542e-05 8.8009e-05 8.31479e-05 7.85554e-05 7.42165e-05 7.01173e-05 6.62445e-05 6.25856e-05 5.91288e-05 5.58629e-05 5.27774e-05 4.98623e-05 4.71082e-05 4.45063e-05 4.20481e-05 3.97256e-05 3.75314e-05 3.54584e-05 3.35e-05 3.16496e-05 2.99015e-05 2.825e-05 2.66896e-05 2.52155e-05 2.38227e-05 2.25069e-05 2.12638e-05 2.00893e-05 1.89797e-05 1.79314e-05 1.6941e-05 1.60053e-05 1.51213e-05 1.42861e-05 1.3497e-05 1.27515e-05 1.20472e-05 1.13818e-05 1.07531e-05 1.01592e-05 9.59808e-06 9.06794e-06 8.56709e-06 8.0939e-06 7.64685e-06 7.22449e-06 6.82545e-06 6.44846e-06 6.09229e-06 5.75579e-06 5.43788e-06 5.13753e-06 4.85377e-06 4.58568e-06 4.33239e-06 4.0931e-06 3.86703e-06 3.65344e-06 3.45165e-06 3.261e-06 3.08088e-06 2.91072e-06 2.74995e-06 2.59806e-06 2.45456e-06 2.31899e-06 2.1909e-06
0.000607424 9.50627e-05 9.11515e-05 8.73823e-05 8.37514e-05 8.02551e-05 7.68895e-05 7.36508e-05 7.05353e-05 6.75393e-05 6.46591e-05 6.1891e-05 5.92314e-05 5.66768e-05 5.42237e-05 5.18687e-05 4.96084e-05 4.74395e-05 4.53589e-05 4.33635e-05 4.145e-05 3.96157e-05 3.78575e-05 3.61727e-05 3.45585e-05 3.30123e-05 3.15315e-05 3.01135e-05 2.8756e-05 2.74565e-05 2.62129e-05 2.50229e-05 2.38844e-05 2.27953e-05 2.17537e-05 2.07576e-05 1.98051e-05 1.88946e-05 1.80242e-05 1.71923e-05 1.63973e-05 1.56377e-05 1.4912e-05 1.42188e-05 1.35566e-05 1.29242e-05 1.23203e-05 1.17437e-05 1.11932e-05 1.06677e-05 1.01661e-05 9.68731e-06 9.23043e-06 8.79448e-06 8.37852e-06 7.98168e-06 7.60312e-06 7.24203e-06 6.89763e-06 6.56918e-06 6.25597e-06 5.95732e-06 5.67258e-06 5.40111e-06 5.14233e-06 4.89566e-06 4.66055e-06 4.43648e-06 4.22294e-06 4.01945e-06 3.82556e-06 3.64083e-06 3.46483e-06 3.29717e-06 3.13746e-06 2.98533e-06 2.84044e-06 2.70244e-06 2.57102e-06 2.44588e-06 2.32672e-06 2.21325e-06 2.10523e-06 2.00238e-06 1.90448e-06 1.81128e-06 1.72256e-06 1.63812e-06 1.55776e-06 1.48127e-06 1.40848e-06 1.33921e-06 1.2733e-06 1.21058e-06 1.15091e-06 1.09413e-06 1.04012e-06 9.88733e-07 9.39851e-07 8.93352e-07 8.49123e-07
0.000573874 9.11515e-05 8.75919e-05 8.41505e-05 8.08248e-05 7.76124e-05 7.45107e-05 7.15173e-05 6.86295e-05 6.58445e-05 6.31599e-05 6.05728e-05 5.80806e-05 5.56806e-05 5.33701e-05 5.11464e-05 4.9007e-05 4.69492e-05 4.49705e-05 4.30683e-05 4.12402e-05 3.94837e-05 3.77965e-05 3.61761e-05 3.46203e-05 3.31268e-05 3.16935e-05 3.03183e-05 2.8999e-05 2.77336e-05 2.65201e-05 2.53567e-05 2.42415e-05 2.31726e-05 2.21484e-05 2.11671e-05 2.02271e-05 1.93268e-05 1.84646e-05 1.76391e-05 1.68488e-05 1.60924e-05 1.53684e-05 1.46756e-05 1.40128e-05 1.33787e-05 1.27721e-05 1.21919e-05 1.16372e-05 1.11067e-05 1.05995e-05 1.01147e-05 9.65123e-06 9.2083e-06 8.78503e-06 8.38057e-06 7.99414e-06 7.62496e-06 7.27231e-06 6.93547e-06 6.61378e-06 6.30657e-06 6.01323e-06 5.73315e-06 5.46575e-06 5.21049e-06 4.96684e-06 4.73428e-06 4.51234e-06 4.30054e-06 4.09843e-06 3.90559e-06 3.72162e-06 3.5461e-06 3.37867e-06 3.21897e-06 3.06665e-06 2.92138e-06 2.78284e-06 2.65074e-06 2.52477e-06 2.40467e-06 2.29017e-06 2.18101e-06 2.07695e-06 1.97776e-06 1.88322e-06 1.79311e-06 1.70724e-06 1.6254e-06 1.54742e-06 1.47311e-06 1.40231e-06 1.33486e-06 1.27059e-06 1.20937e-06 1.15105e-06 1.09549e-06 1.04258e-06 9.9218e-07 9.4418e-07
0.000542177 8.73823e-05 8.41505e-05 8.10151e-05 7.79751e-05 7.50292e-05 7.21759e-05 6.94138e-05 6.67412e-05 6.41563e-05 6.16575e-05 5.92429e-05 5.69106e-05 5.46586e-05 5.24851e-05 5.0388e-05 4.83654e-05 4.64153e-05 4.45356e-05 4.27245e-05 4.098e-05 3.93e-05 3.76827e-05 3.61261e-05 3.46284e-05 3.31877e-05 3.18022e-05 3.04701e-05 2.91896e-05 2.79591e-05 2.67767e-05 2.5641e-05 2.45502e-05 2.35029e-05 2.24974e-05 2.15323e-05 2.06061e-05 1.97175e-05 1.8865e-05 1.80474e-05 1.72633e-05 1.65115e-05 1.57907e-05 1.50999e-05 1.44378e-05 1.38034e-05 1.31955e-05 1.26133e-05 1.20555e-05 1.15214e-05 1.10099e-05 1.05203e-05 1.00515e-05 9.60273e-06 9.17326e-06 8.76227e-06 8.36901e-06 7.99276e-06 7.63282e-06 7.28853e-06 6.95924e-06 6.64433e-06 6.3432e-06 6.05527e-06 5.78001e-06 5.51687e-06 5.26534e-06 5.02495e-06 4.7952e-06 4.57566e-06 4.36588e-06 4.16546e-06 3.97399e-06 3.79108e-06 3.61637e-06 3.4495e-06 3.29014e-06 3.13796e-06 2.99264e-06 2.85389e-06 2.72142e-06 2.59496e-06 2.47423e-06 2.359e-06 2.24901e-06 2.14404e-06 2.04387e-06 1.94827e-06 1.85706e-06 1.77002e-06 1.68698e-06 1.60776e-06 1.53219e-06 1.4601e-06 1.39134e-06 1.32575e-06 1.2632e-06 1.20355e-06 1.14666e-06 1.09242e-06 1.04069e-06
0.000512231 8.37514e-05 8.08248e-05 7.79751e-05 7.52024e-05 7.25064e-05 6.98866e-05 6.73425e-05 6.48732e-05 6.24778e-05 6.01555e-05 5.79051e-05 5.57254e-05 5.36151e-05 5.15731e-05 4.95978e-05 4.7688e-05 4.58421e-05 4.40587e-05 4.23363e-05 4.06734e-05 3.90685e-05 3.752e-05 3.60266e-05 3.45865e-05 3.31985e-05 3.18608e-05 3.05722e-05 2.9331e-05 2.81359e-05 2.69855e-05 2.58783e-05 2.4813e-05 2.37882e-05 2.28026e-05 2.18549e-05 2.09439e-05 2.00683e-05 1.92268e-05 1.84184e-05 1.76419e-05 1.68961e-05 1.61799e-05 1.54924e-05 1.48325e-05 1.41991e-05 1.35913e-05 1.30081e-05 1.24487e-05 1.19122e-05 1.13977e-05 1.09043e-05 1.04313e-05 9.97785e-06 9.54326e-06 9.12678e-06 8.7277e-06 8.34534e-06 7.97905e-06 7.6282e-06 7.29217e-06 6.97038e-06 6.66225e-06 6.36725e-06 6.08483e-06 5.8145e-06 5.55577e-06 5.30815e-06 5.07121e-06 4.84449e-06 4.62758e-06 4.42008e-06 4.2216e-06 4.03176e-06 3.8502e-06 3.67658e-06 3.51056e-06 3.35182e-06 3.20007e-06 3.05499e-06 2.91632e-06 2.78377e-06 2.65709e-06 2.53603e-06 2.42035e-06 2.30981e-06 2.2042e-06 2.1033e-06 2.00691e-06 1.91484e-06 1.82689e-06 1.74289e-06 1.66267e-06 1.58606e-06 1.5129e-06 1.44305e-06 1.37635e-06 1.31268e-06 1.25189e-06 1.19386e-06 1.13846e-06
0.000483939 8.02551e-05 7.76124e-05 7.50292e-05 7.25064e-05 7.00446e-05 6.76442e-05 6.53053e-05 6.3028e-05 6.0812e-05 5.86571e-05 5.65629e-05 5.45287e-05 5.2554e-05 5.0638e-05 4.87799e-05 4.69788e-05 4.52337e-05 4.35436e-05 4.19075e-05 4.03244e-05 3.8793e-05 3.73123e-05 3.5881e-05 3.44981e-05 3.31623e-05 3.18725e-05 3.06274e-05 2.94259e-05 2.82668e-05 2.71489e-05 2.6071e-05 2.5032e-05 2.40307e-05 2.30661e-05 2.21369e-05 2.12421e-05 2.03807e-05 1.95515e-05 1.87536e-05 1.79858e-05 1.72473e-05 1.6537e-05 1.58541e-05 1.51975e-05 1.45664e-05 1.39598e-05 1.33771e-05 1.28172e-05 1.22794e-05 1.17629e-05 1.1267e-05 1.07909e-05 1.03338e-05 9.89512e-06 9.47414e-06 9.07019e-06 8.68266e-06 8.31091e-06 7.95436e-06 7.61243e-06 7.28455e-06 6.9702e-06 6.66884e-06 6.37999e-06 6.10314e-06 5.83783e-06 5.58362e-06 5.34006e-06 5.10673e-06 4.88322e-06 4.66915e-06 4.46413e-06 4.26781e-06 4.07983e-06 3.89986e-06 3.72757e-06 3.56265e-06 3.40479e-06 3.25372e-06 3.10914e-06 2.9708e-06 2.83844e-06 2.7118e-06 2.59065e-06 2.47477e-06 2.36392e-06 2.25791e-06 2.15653e-06 2.05958e-06 1.96687e-06 1.87824e-06 1.7935e-06 1.71249e-06 1.63505e-06 1.56103e-06 1.49028e-06 1.42266e-06 1.35805e-06 1.2963e-06 1.23729e-06
0.000457209 7.68895e-05 7.45107e-05 7.21759e-05 6.98866e-05 6.76442e-05 6.54497e-05 6.3304e-05 6.12078e-05 5.91615e-05 5.71653e-05 5.52196e-05 5.33241e-05 5.14789e-05 4.96837e-05 4.79381e-05 4.62417e-05 4.45939e-05 4.29943e-05 4.14421e-05 3.99367e-05 3.84772e-05 3.70629e-05 3.56929e-05 3.43664e-05 3.30825e-05 3.18403e-05 3.06388e-05 2.94772e-05 2.83544e-05 2.72694e-05 2.62215e-05 2.52095e-05 2.42326e-05 2.32897e-05 2.238e-05 2.15025e-05 2.06563e-05 1.98405e-05 1.90541e-05 1.82963e-05 1.75662e-05 1.6863e-05 1.61858e-05 1.55337e-05 1.4906e-05 1.43019e-05 1.37206e-05 1.31614e-05 1.26235e-05 1.21061e-05 1.16087e-05 1.11304e-05 1.06708e-05 1.0229e-05 9.80441e-06 9.39653e-06 9.0047e-06 8.62836e-06 8.26694e-06 7.9199e-06 7.58672e-06 7.26687e-06 6.95988e-06 6.66527e-06 6.38256e-06 6.11131e-06 5.8511e-06 5.60149e-06 5.36209e-06 5.13251e-06 4.91236e-06 4.70129e-06 4.49894e-06 4.30497e-06 4.11905e-06 3.94087e-06 3.77012e-06 3.60652e-06 3.44976e-06 3.2996e-06 3.15575e-06 3.01796e-06 2.88601e-06 2.75964e-06 2.63863e-06 2.52276e-06 2.41183e-06 2.30564e-06 2.20398e-06 2.10668e-06 2.01356e-06 1.92444e-06 1.83915e-06 1.75754e-06 1.67946e-06 1.60476e-06 1.5333e-06 1.46493e-06 1.39954e-06 1.337e-06
0.000431956 7.36508e-05 7.15173e-05 6.94138e-05 6.73425e-05 6.53053e-05 6.3304e-05 6.134e-05 5.94145e-05 5.75285e-05 5.56828e-05 5.3878e-05 5.21147e-05 5.03931e-05 4.87135e-05 4.70758e-05 4.54802e-05 4.39265e-05 4.24143e-05 4.09436e-05 3.95138e-05 3.81245e-05 3.67752e-05 3.54655e-05 3.41946e-05 3.29621e-05 3.17672e-05 3.06091e-05 2.94874e-05 2.84011e-05 2.73495e-05 2.6332e-05 2.53476e-05 2.43957e-05 2.34754e-05 2.2586e-05 2.17267e-05 2.08967e-05 2.00951e-05 1.93213e-05 1.85745e-05 1.78539e-05 1.71588e-05 1.64884e-05 1.58419e-05 1.52188e-05 1.46182e-05 1.40394e-05 1.34819e-05 1.29448e-05 1.24276e-05 1.19297e-05 1.14503e-05 1.09889e-05 1.05449e-05 1.01177e-05 9.70676e-06 9.3115e-06 8.93138e-06 8.56589e-06 8.21452e-06 7.87677e-06 7.55216e-06 7.24022e-06 6.9405e-06 6.65257e-06 6.376e-06 6.11037e-06 5.85528e-06 5.61035e-06 5.3752e-06 5.14947e-06 4.9328e-06 4.72486e-06 4.52532e-06 4.33386e-06 4.15018e-06 3.97397e-06 3.80495e-06 3.64285e-06 3.48739e-06 3.33833e-06 3.1954e-06 3.05838e-06 2.92703e-06 2.80112e-06 2.68045e-06 2.56481e-06 2.45399e-06 2.3478e-06 2.24607e-06 2.14861e-06 2.05525e-06 1.96582e-06 1.88017e-06 1.79814e-06 1.71959e-06 1.64437e-06 1.57235e-06 1.5034e-06 1.4374e-06
0.000408098 7.05353e-05 6.86295e-05 6.67412e-05 6.48732e-05 6.3028e-05 6.12078e-05 5.94145e-05 5.76498e-05 5.59152e-05 5.42119e-05 5.2541e-05 5.09033e-05 4.92997e-05 4.77306e-05 4.61965e-05 4.46978e-05 4.32346e-05 4.18071e-05 4.04152e-05 3.90589e-05 3.77381e-05 3.64525e-05 3.52018e-05 3.39857e-05 3.28039e-05 3.16558e-05 3.0541e-05 2.94591e-05 2.84094e-05 2.73915e-05 2.64047e-05 2.54484e-05 2.45221e-05 2.3625e-05 2.27566e-05 2.19162e-05 2.11032e-05 2.03169e-05 1.95566e-05 1.88217e-05 1.81115e-05 1.74255e-05 1.67628e-05 1.6123e-05 1.55053e-05 1.49092e-05 1.4334e-05 1.37791e-05 1.32439e-05 1.27278e-05 1.22302e-05 1.17507e-05 1.12885e-05 1.08432e-05 1.04142e-05 1.0001e-05 9.60311e-06 9.22001e-06 8.85121e-06 8.49624e-06 8.15464e-06 7.82594e-06 7.50973e-06 7.20556e-06 6.91302e-06 6.63171e-06 6.36124e-06 6.10122e-06 5.85128e-06 5.61107e-06 5.38023e-06 5.15843e-06 4.94534e-06 4.74065e-06 4.54405e-06 4.35523e-06 4.17392e-06 3.99983e-06 3.8327e-06 3.67227e-06 3.51827e-06 3.37048e-06 3.22865e-06 3.09256e-06 2.962e-06 2.83674e-06 2.71658e-06 2.60133e-06 2.4908e-06 2.3848e-06 2.28316e-06 2.18571e-06 2.09227e-06 2.00271e-06 1.91685e-06 1.83456e-06 1.7557e-06 1.68012e-06 1.60769e-06 1.5383e-06
0.000385557 6.75393e-05 6.58445e-05 6.41563e-05 6.24778e-05 6.0812e-05 5.91615e-05 5.75285e-05 5.59152e-05 5.43235e-05 5.27549e-05 5.12109e-05 4.96927e-05 4.82014e-05 4.6738e-05 4.53031e-05 4.38974e-05 4.25215e-05 4.11756e-05 3.98602e-05 3.85753e-05 3.73211e-05 3.60976e-05 3.49048e-05 3.37425e-05 3.26106e-05 3.15089e-05 3.04371e-05 2.93948e-05 2.83817e-05 2.73975e-05 2.64417e-05 2.55139e-05 2.46136e-05 2.37403e-05 2.28935e-05 2.20727e-05 2.12774e-05 2.05071e-05 1.97611e-05 1.9039e-05 1.83401e-05 1.7664e-05 1.701e-05 1.63777e-05 1.57665e-05 1.51757e-05 1.46049e-05 1.40536e-05 1.35211e-05 1.30071e-05 1.25108e-05 1.20319e-05 1.15698e-05 1.1124e-05 1.0694e-05 1.02794e-05 9.87961e-06 9.49428e-06 9.12291e-06 8.76505e-06 8.42028e-06 8.08818e-06 7.76833e-06 7.46033e-06 7.16378e-06 6.87831e-06 6.60355e-06 6.33913e-06 6.08469e-06 5.83991e-06 5.60444e-06 5.37796e-06 5.16015e-06 4.95072e-06 4.74936e-06 4.55579e-06 4.36973e-06 4.19092e-06 4.01908e-06 3.85397e-06 3.69534e-06 3.54296e-06 3.39659e-06 3.25601e-06 3.12101e-06 2.99138e-06 2.86692e-06 2.74744e-06 2.63274e-06 2.52265e-06 2.41699e-06 2.3156e-06 2.2183e-06 2.12495e-06 2.0354e-06 1.94948e-06 1.86707e-06 1.78803e-06 1.71223e-06 1.63953e-06
0.000364261 6.46591e-05 6.31599e-05 6.16575e-05 6.01555e-05 5.86571e-05 5.71653e-05 5.56828e-05 5.42119e-05 5.27549e-05 5.13136e-05 4.98899e-05 4.84852e-05 4.7101e-05 4.57384e-05 4.43985e-05 4.30821e-05 4.17901e-05 4.0523e-05 3.92814e-05 3.80657e-05 3.68763e-05 3.57134e-05 3.45772e-05 3.34677e-05 3.2385e-05 3.1329e-05 3.02996e-05 2.92968e-05 2.83203e-05 2.73698e-05 2.64452e-05 2.5546e-05 2.46721e-05 2.3823e-05 2.29983e-05 2.21977e-05 2.14208e-05 2.06671e-05 1.99361e-05 1.92275e-05 1.85407e-05 1.78754e-05 1.72309e-05 1.66069e-05 1.60029e-05 1.54184e-05 1.48529e-05 1.4306e-05 1.37771e-05 1.32659e-05 1.27717e-05 1.22943e-05 1.1833e-05 1.13875e-05 1.09573e-05 1.0542e-05 1.01411e-05 9.75429e-06 9.38103e-06 9.02097e-06 8.6737e-06 8.33882e-06 8.01595e-06 7.70472e-06 7.40475e-06 7.11568e-06 6.83716e-06 6.56886e-06 6.31043e-06 6.06155e-06 5.8219e-06 5.59118e-06 5.36908e-06 5.15531e-06 4.94959e-06 4.75164e-06 4.56119e-06 4.37798e-06 4.20176e-06 4.03228e-06 3.8693e-06 3.7126e-06 3.56195e-06 3.41713e-06 3.27793e-06 3.14416e-06 3.0156e-06 2.89208e-06 2.77341e-06 2.6594e-06 2.5499e-06 2.44472e-06 2.34371e-06 2.24671e-06 2.15358e-06 2.06416e-06 1.97832e-06 1.89592e-06 1.81683e-06 1.74093e-06
0.000344142 6.1891e-05 6.05728e-05 5.92429e-05 5.79051e-05 5.65629e-05 5.52196e-05 5.3878e-05 5.2541e-05 5.12109e-05 4.98899e-05 4.85801e-05 4.72831e-05 4.60008e-05 4.47344e-05 4.34852e-05 4.22545e-05 4.10431e-05 3.98519e-05 3.86817e-05 3.75331e-05 3.64066e-05 3.53027e-05 3.42217e-05 3.31639e-05 3.21294e-05 3.11185e-05 3.01311e-05 2.91674e-05 2.82271e-05 2.73104e-05 2.64169e-05 2.55467e-05 2.46994e-05 2.38748e-05 2.30727e-05 2.22928e-05 2.15347e-05 2.07982e-05 2.00829e-05 1.93884e-05 1.87145e-05 1.80606e-05 1.74264e-05 1.68115e-05 1.62155e-05 1.5638e-05 1.50786e-05 1.45368e-05 1.40123e-05 1.35047e-05 1.30134e-05 1.25382e-05 1.20785e-05 1.16341e-05 1.12044e-05 1.07891e-05 1.03878e-05 1.00001e-05 9.62567e-06 9.26405e-06 8.9149e-06 8.57786e-06 8.25257e-06 7.93868e-06 7.63584e-06 7.34371e-06 7.06197e-06 6.79028e-06 6.52834e-06 6.27584e-06 6.03247e-06 5.79793e-06 5.57195e-06 5.35425e-06 5.14454e-06 4.94257e-06 4.74807e-06 4.5608e-06 4.38051e-06 4.20697e-06 4.03994e-06 3.87919e-06 3.72452e-06 3.57571e-06 3.43255e-06 3.29486e-06 3.16242e-06 3.03506e-06 2.9126e-06 2.79486e-06 2.68167e-06 2.57286e-06 2.46829e-06 2.36779e-06 2.27121e-06 2.17841e-06 2.08926e-06 2.00361e-06 1.92134e-06 1.84232e-06
0.000325134 5.92314e-05 5.80806e-05 5.69106e-05 5.57254e-05 5.45287e-05 5.33241e-05 5.21147e-05 5.09033e-05 4.96927e-05 4.84852e-05 4.72831e-05 4.60884e-05 4.49029e-05 4.37282e-05 4.25658e-05 4.1417e-05 4.0283e-05 3.91649e-05 3.80636e-05 3.69798e-05 3.59144e-05 3.48679e-05 3.38407e-05 3.28334e-05 3.18463e-05 3.08797e-05 2.99338e-05 2.90087e-05 2.81045e-05 2.72212e-05 2.6359e-05 2.55176e-05 2.46971e-05 2.38973e-05 2.31181e-05 2.23592e-05 2.16205e-05 2.09018e-05 2.02027e-05 1.9523e-05 1.88624e-05 1.82206e-05 1.75973e-05 1.69922e-05 1.6405e-05 1.58352e-05 1.52826e-05 1.47467e-05 1.42273e-05 1.37239e-05 1.32363e-05 1.2764e-05 1.23066e-05 1.18639e-05 1.14354e-05 1.10209e-05 1.06198e-05 1.02319e-05 9.8569e-06 9.49434e-06 9.14393e-06 8.80532e-06 8.47818e-06 8.16218e-06 7.85701e-06 7.56234e-06 7.27788e-06 7.0033e-06 6.73832e-06 6.48264e-06 6.23598e-06 5.99806e-06 5.76861e-06 5.54735e-06 5.33404e-06 5.1284e-06 4.93021e-06 4.7392e-06 4.55516e-06 4.37785e-06 4.20705e-06 4.04254e-06 3.88411e-06 3.73155e-06 3.58467e-06 3.44327e-06 3.30717e-06 3.17618e-06 3.05012e-06 2.92882e-06 2.81212e-06 2.69985e-06 2.59186e-06 2.488e-06 2.38811e-06 2.29207e-06 2.19972e-06 2.11093e-06 2.02558e-06 1.94354e-06
0.000307176 5.66768e-05 5.56806e-05 5.46586e-05 5.36151e-05 5.2554e-05 5.14789e-05 5.03931e-05 4.92997e-05 4.82014e-05 4.7101e-05 4.60008e-05 4.49029e-05 4.38093e-05 4.27219e-05 4.16423e-05 4.0572e-05 3.95123e-05 3.84645e-05 3.74295e-05 3.64085e-05 3.54022e-05 3.44114e-05 3.34367e-05 3.24788e-05 3.1538e-05 3.06149e-05 2.97097e-05 2.88227e-05 2.79542e-05 2.71043e-05 2.62731e-05 2.54607e-05 2.46671e-05 2.38922e-05 2.31361e-05 2.23986e-05 2.16796e-05 2.0979e-05 2.02966e-05 1.96322e-05 1.89855e-05 1.83564e-05 1.77447e-05 1.715e-05 1.65721e-05 1.60107e-05 1.54655e-05 1.49362e-05 1.44225e-05 1.39242e-05 1.34408e-05 1.29721e-05 1.25177e-05 1.20774e-05 1.16507e-05 1.12375e-05 1.08373e-05 1.04499e-05 1.00749e-05 9.71195e-06 9.36084e-06 9.02122e-06 8.69278e-06 8.37521e-06 8.06823e-06 7.77153e-06 7.48482e-06 7.20783e-06 6.94027e-06 6.68186e-06 6.43234e-06 6.19144e-06 5.95891e-06 5.73448e-06 5.51792e-06 5.30898e-06 5.10742e-06 4.91301e-06 4.72552e-06 4.54475e-06 4.37046e-06 4.20245e-06 4.04052e-06 3.88447e-06 3.7341e-06 3.58922e-06 3.44966e-06 3.31524e-06 3.18578e-06 3.06111e-06 2.94107e-06 2.8255e-06 2.71425e-06 2.60717e-06 2.50412e-06 2.40495e-06 2.30953e-06 2.21772e-06 2.1294e-06 2.04445e-06
0.000290209 5.42237e-05 5.33701e-05 5.24851e-05 5.15731e-05 5.0638e-05 4.96837e-05 4.87135e-05 4.77306e-05 4.6738e-05 4.57384e-05 4.47344e-05 4.37282e-05 4.27219e-05 4.17176e-05 4.0717e-05 3.97217e-05 3.87332e-05 3.77528e-05 3.67818e-05 3.58213e-05 3.48722e-05 3.39355e-05 3.30118e-05 3.2102e-05 3.12065e-05 3.0326e-05 2.94609e-05 2.86116e-05 2.77783e-05 2.69614e-05 2.61611e-05 2.53775e-05 2.46108e-05 2.3861e-05 2.31282e-05 2.24123e-05 2.17133e-05 2.10312e-05 2.03658e-05 1.97171e-05 1.90849e-05 1.8469e-05 1.78693e-05 1.72856e-05 1.67176e-05 1.61652e-05 1.5628e-05 1.51059e-05 1.45986e-05 1.41058e-05 1.36273e-05 1.31629e-05 1.27121e-05 1.22747e-05 1.18506e-05 1.14393e-05 1.10405e-05 1.06541e-05 1.02797e-05 9.91699e-06 9.56573e-06 9.22564e-06 8.89642e-06 8.57779e-06 8.26949e-06 7.97124e-06 7.68277e-06 7.40381e-06 7.13411e-06 6.8734e-06 6.62143e-06 6.37795e-06 6.14272e-06 5.9155e-06 5.69606e-06 5.48415e-06 5.27956e-06 5.08206e-06 4.89144e-06 4.70749e-06 4.52999e-06 4.35876e-06 4.19358e-06 4.03428e-06 3.88065e-06 3.73253e-06 3.58973e-06 3.45207e-06 3.3194e-06 3.19154e-06 3.06834e-06 2.94964e-06 2.83529e-06 2.72515e-06 2.61906e-06 2.5169e-06 2.41854e-06 2.32383e-06 2.23265e-06 2.14488e-06
0.00027418 5.18687e-05 5.11464e-05 5.0388e-05 4.95978e-05 4.87799e-05 4.79381e-05 4.70758e-05 4.61965e-05 4.53031e-05 4.43985e-05 4.34852e-05 4.25658e-05 4.16423e-05 4.0717e-05 3.97916e-05 3.8868e-05 3.79476e-05 3.70321e-05 3.61226e-05 3.52204e-05 3.43267e-05 3.34423e-05 3.25682e-05 3.17052e-05 3.0854e-05 3.00152e-05 2.91894e-05 2.8377e-05 2.75786e-05 2.67943e-05 2.60247e-05 2.52698e-05 2.45299e-05 2.38052e-05 2.30957e-05 2.24016e-05 2.17229e-05 2.10595e-05 2.04116e-05 1.97789e-05 1.91616e-05 1.85593e-05 1.79721e-05 1.73999e-05 1.68423e-05 1.62994e-05 1.57708e-05 1.52564e-05 1.47561e-05 1.42695e-05 1.37964e-05 1.33367e-05 1.28901e-05 1.24564e-05 1.20352e-05 1.16264e-05 1.12297e-05 1.08448e-05 1.04715e-05 1.01096e-05 9.7587e-06 9.41864e-06 9.08914e-06 8.76995e-06 8.46081e-06 8.16147e-06 7.87169e-06 7.5912e-06 7.31979e-06 7.05719e-06 6.80317e-06 6.55751e-06 6.31996e-06 6.09031e-06 5.86832e-06 5.65379e-06 5.44649e-06 5.24621e-06 5.05276e-06 4.86592e-06 4.6855e-06 4.5113e-06 4.34314e-06 4.18082e-06 4.02418e-06 3.87303e-06 3.7272e-06 3.58652e-06 3.45083e-06 3.31997e-06 3.19378e-06 3.07211e-06 2.95482e-06 2.84176e-06 2.73279e-06 2.62778e-06 2.52659e-06 2.4291e-06 2.33518e-06 2.24471e-06
0.000259036 4.96084e-05 4.9007e-05 4.83654e-05 4.7688e-05 4.69788e-05 4.62417e-05 4.54802e-05 4.46978e-05 4.38974e-05 4.30821e-05 4.22545e-05 4.1417e-05 4.0572e-05 3.97217e-05 3.8868e-05 3.80127e-05 3.71576e-05 3.63041e-05 3.54538e-05 3.46078e-05 3.37675e-05 3.29338e-05 3.21078e-05 3.12904e-05 3.04823e-05 2.96842e-05 2.88969e-05 2.81209e-05 2.73567e-05 2.66047e-05 2.58654e-05 2.5139e-05 2.44258e-05 2.37261e-05 2.30401e-05 2.23679e-05 2.17095e-05 2.10652e-05 2.04349e-05 1.98187e-05 1.92165e-05 1.86283e-05 1.8054e-05 1.74936e-05 1.6947e-05 1.6414e-05 1.58945e-05 1.53884e-05 1.48955e-05 1.44156e-05 1.39485e-05 1.34941e-05 1.30522e-05 1.26226e-05 1.2205e-05 1.17992e-05 1.1405e-05 1.10222e-05 1.06506e-05 1.02899e-05 9.93987e-06 9.60033e-06 9.27103e-06 8.95174e-06 8.64222e-06 8.34224e-06 8.05157e-06 7.76999e-06 7.49727e-06 7.23318e-06 6.97751e-06 6.73003e-06 6.49053e-06 6.25879e-06 6.03461e-06 5.81778e-06 5.60809e-06 5.40535e-06 5.20935e-06 5.01991e-06 4.83683e-06 4.65994e-06 4.48904e-06 4.32396e-06 4.16453e-06 4.01057e-06 3.86192e-06 3.71842e-06 3.5799e-06 3.44622e-06 3.31722e-06 3.19276e-06 3.07268e-06 2.95686e-06 2.84515e-06 2.73742e-06 2.63354e-06 2.53339e-06 2.43684e-06 2.34378e-06
0.000244729 4.74395e-05 4.69492e-05 4.64153e-05 4.58421e-05 4.52337e-05 4.45939e-05 4.39265e-05 4.32346e-05 4.25215e-05 4.17901e-05 4.10431e-05 4.0283e-05 3.95123e-05 3.87332e-05 3.79476e-05 3.71576e-05 3.63647e-05 3.55708e-05 3.47772e-05 3.39854e-05 3.31966e-05 3.24119e-05 3.16325e-05 3.08593e-05 3.00932e-05 2.9335e-05 2.85853e-05 2.7845e-05 2.71144e-05 2.63942e-05 2.56848e-05 2.49867e-05 2.43001e-05 2.36253e-05 2.29627e-05 2.23123e-05 2.16745e-05 2.10494e-05 2.0437e-05 1.98374e-05 1.92506e-05 1.86768e-05 1.81158e-05 1.75677e-05 1.70324e-05 1.65098e-05 1.59998e-05 1.55024e-05 1.50174e-05 1.45446e-05 1.40841e-05 1.36355e-05 1.31988e-05 1.27737e-05 1.23602e-05 1.19579e-05 1.15667e-05 1.11865e-05 1.0817e-05 1.0458e-05 1.01094e-05 9.77083e-06 9.44218e-06 9.12323e-06 8.81376e-06 8.51357e-06 8.22244e-06 7.94017e-06 7.66654e-06 7.40135e-06 7.14439e-06 6.89546e-06 6.65436e-06 6.42089e-06 6.19485e-06 5.97604e-06 5.76427e-06 5.55936e-06 5.36111e-06 5.16934e-06 4.98388e-06 4.80454e-06 4.63115e-06 4.46355e-06 4.30155e-06 4.14501e-06 3.99375e-06 3.84763e-06 3.70649e-06 3.57017e-06 3.43853e-06 3.31144e-06 3.18874e-06 3.0703e-06 2.956e-06 2.84569e-06 2.73925e-06 2.63657e-06 2.53751e-06 2.44197e-06
0.000231212 4.53589e-05 4.49705e-05 4.45356e-05 4.40587e-05 4.35436e-05 4.29943e-05 4.24143e-05 4.18071e-05 4.11756e-05 4.0523e-05 3.98519e-05 3.91649e-05 3.84645e-05 3.77528e-05 3.70321e-05 3.63041e-05 3.55708e-05 3.48338e-05 3.40947e-05 3.33549e-05 3.26157e-05 3.18784e-05 3.11441e-05 3.04139e-05 2.96886e-05 2.89691e-05 2.82563e-05 2.75508e-05 2.68533e-05 2.61644e-05 2.54846e-05 2.48143e-05 2.4154e-05 2.3504e-05 2.28647e-05 2.22363e-05 2.16191e-05 2.10132e-05 2.04188e-05 1.9836e-05 1.9265e-05 1.87058e-05 1.81584e-05 1.76229e-05 1.70992e-05 1.65874e-05 1.60873e-05 1.5599e-05 1.51223e-05 1.46572e-05 1.42036e-05 1.37613e-05 1.33302e-05 1.29102e-05 1.25011e-05 1.21029e-05 1.17152e-05 1.1338e-05 1.09711e-05 1.06143e-05 1.02674e-05 9.93026e-06 9.6027e-06 9.28451e-06 8.97552e-06 8.67552e-06 8.38432e-06 8.10174e-06 7.82759e-06 7.56167e-06 7.30379e-06 7.05377e-06 6.81141e-06 6.57653e-06 6.34894e-06 6.12847e-06 5.91493e-06 5.70814e-06 5.50792e-06 5.3141e-06 5.12652e-06 4.94499e-06 4.76936e-06 4.59946e-06 4.43513e-06 4.27622e-06 4.12257e-06 3.97402e-06 3.83044e-06 3.69167e-06 3.55758e-06 3.42802e-06 3.30286e-06 3.18196e-06 3.06521e-06 2.95246e-06 2.8436e-06 2.73851e-06 2.63706e-06 2.53915e-06
0.000218441 4.33635e-05 4.30683e-05 4.27245e-05 4.23363e-05 4.19075e-05 4.14421e-05 4.09436e-05 4.04152e-05 3.98602e-05 3.92814e-05 3.86817e-05 3.80636e-05 3.74295e-05 3.67818e-05 3.61226e-05 3.54538e-05 3.47772e-05 3.40947e-05 3.34078e-05 3.27179e-05 3.20266e-05 3.1335e-05 3.06443e-05 2.99556e-05 2.927e-05 2.85883e-05 2.79114e-05 2.724e-05 2.65749e-05 2.59167e-05 2.5266e-05 2.46233e-05 2.3989e-05 2.33636e-05 2.27475e-05 2.21409e-05 2.15442e-05 2.09577e-05 2.03814e-05 1.98156e-05 1.92605e-05 1.87161e-05 1.81826e-05 1.76599e-05 1.71483e-05 1.66475e-05 1.61577e-05 1.56789e-05 1.5211e-05 1.47539e-05 1.43076e-05 1.38719e-05 1.34469e-05 1.30324e-05 1.26282e-05 1.22344e-05 1.18506e-05 1.14769e-05 1.1113e-05 1.07587e-05 1.04141e-05 1.00788e-05 9.75271e-06 9.43569e-06 9.12756e-06 8.82814e-06 8.53726e-06 8.25475e-06 7.98044e-06 7.71415e-06 7.45569e-06 7.20491e-06 6.96163e-06 6.72567e-06 6.49685e-06 6.27502e-06 6.05999e-06 5.85161e-06 5.6497e-06 5.4541e-06 5.26465e-06 5.08118e-06 4.90355e-06 4.73159e-06 4.56515e-06 4.40408e-06 4.24824e-06 4.09747e-06 3.95164e-06 3.8106e-06 3.67422e-06 3.54237e-06 3.41491e-06 3.29171e-06 3.17265e-06 3.0576e-06 2.94645e-06 2.83908e-06 2.73536e-06 2.6352e-06
0.000206376 4.145e-05 4.12402e-05 4.098e-05 4.06734e-05 4.03244e-05 3.99367e-05 3.95138e-05 3.90589e-05 3.85753e-05 3.80657e-05 3.75331e-05 3.69798e-05 3.64085e-05 3.58213e-05 3.52204e-05 3.46078e-05 3.39854e-05 3.33549e-05 3.27179e-05 3.20761e-05 3.14307e-05 3.07831e-05 3.01345e-05 2.94862e-05 2.8839e-05 2.8194e-05 2.75521e-05 2.6914e-05 2.62806e-05 2.56526e-05 2.50305e-05 2.44149e-05 2.38063e-05 2.32053e-05 2.26122e-05 2.20274e-05 2.14512e-05 2.08839e-05 2.03259e-05 1.97772e-05 1.92381e-05 1.87087e-05 1.81892e-05 1.76797e-05 1.71802e-05 1.66909e-05 1.62117e-05 1.57427e-05 1.52838e-05 1.48351e-05 1.43964e-05 1.39679e-05 1.35493e-05 1.31406e-05 1.27418e-05 1.23527e-05 1.19733e-05 1.16034e-05 1.12429e-05 1.08917e-05 1.05496e-05 1.02165e-05 9.89234e-06 9.57687e-06 9.26998e-06 8.97152e-06 8.68132e-06 8.39924e-06 8.12512e-06 7.85879e-06 7.6001e-06 7.34889e-06 7.105e-06 6.86827e-06 6.63853e-06 6.41563e-06 6.1994e-06 5.98971e-06 5.78637e-06 5.58925e-06 5.39818e-06 5.21303e-06 5.03362e-06 4.85983e-06 4.6915e-06 4.52849e-06 4.37066e-06 4.21786e-06 4.06997e-06 3.92685e-06 3.78836e-06 3.65438e-06 3.52477e-06 3.39942e-06 3.27821e-06 3.161e-06 3.04769e-06 2.93816e-06 2.83231e-06 2.73001e-06
0.000194977 3.96157e-05 3.94837e-05 3.93e-05 3.90685e-05 3.8793e-05 3.84772e-05 3.81245e-05 3.77381e-05 3.73211e-05 3.68763e-05 3.64066e-05 3.59144e-05 3.54022e-05 3.48722e-05 3.43267e-05 3.37675e-05 3.31966e-05 3.26157e-05 3.20266e-05 3.14307e-05 3.08295e-05 3.02243e-05 2.96164e-05 2.90069e-05 2.83971e-05 2.77877e-05 2.71798e-05 2.65743e-05 2.59719e-05 2.53734e-05 2.47793e-05 2.41905e-05 2.36073e-05 2.30303e-05 2.246e-05 2.18968e-05 2.1341e-05 2.0793e-05 2.02531e-05 1.97216e-05 1.91986e-05 1.86844e-05 1.81791e-05 1.76829e-05 1.71959e-05 1.67182e-05 1.62499e-05 1.57909e-05 1.53414e-05 1.49014e-05 1.44707e-05 1.40496e-05 1.36378e-05 1.32354e-05 1.28422e-05 1.24583e-05 1.20836e-05 1.17179e-05 1.13611e-05 1.10133e-05 1.06742e-05 1.03437e-05 1.00218e-05 9.7082e-06 9.4029e-06 9.10574e-06 8.81658e-06 8.53527e-06 8.26167e-06 7.99564e-06 7.73703e-06 7.48571e-06 7.24152e-06 7.00431e-06 6.77394e-06 6.55025e-06 6.33311e-06 6.12237e-06 5.91787e-06 5.71948e-06 5.52705e-06 5.34044e-06 5.1595e-06 4.9841e-06 4.81409e-06 4.64935e-06 4.48973e-06 4.3351e-06 4.18533e-06 4.0403e-06 3.89987e-06 3.76393e-06 3.63234e-06 3.50499e-06 3.38177e-06 3.26254e-06 3.14721e-06 3.03566e-06 2.92778e-06 2.82346e-06
0.000184208 3.78575e-05 3.77965e-05 3.76827e-05 3.752e-05 3.73123e-05 3.70629e-05 3.67752e-05 3.64525e-05 3.60976e-05 3.57134e-05 3.53027e-05 3.48679e-05 3.44114e-05 3.39355e-05 3.34423e-05 3.29338e-05 3.24119e-05 3.18784e-05 3.1335e-05 3.07831e-05 3.02243e-05 2.96599e-05 2.90912e-05 2.85194e-05 2.79456e-05 2.73708e-05 2.6796e-05 2.62222e-05 2.565e-05 2.50803e-05 2.45139e-05 2.39512e-05 2.3393e-05 2.28398e-05 2.2292e-05 2.17502e-05 2.12147e-05 2.06859e-05 2.01641e-05 1.96497e-05 1.91429e-05 1.8644e-05 1.8153e-05 1.76703e-05 1.7196e-05 1.67301e-05 1.62728e-05 1.58242e-05 1.53843e-05 1.49533e-05 1.4531e-05 1.41175e-05 1.37128e-05 1.33169e-05 1.29298e-05 1.25514e-05 1.21817e-05 1.18206e-05 1.14679e-05 1.11238e-05 1.0788e-05 1.04605e-05 1.01411e-05 9.8298e-06 9.52644e-06 9.23092e-06 8.94311e-06 8.66289e-06 8.39014e-06 8.12472e-06 7.86651e-06 7.61537e-06 7.37118e-06 7.13378e-06 6.90306e-06 6.67887e-06 6.46108e-06 6.24956e-06 6.04415e-06 5.84474e-06 5.65118e-06 5.46335e-06 5.2811e-06 5.1043e-06 4.93283e-06 4.76656e-06 4.60535e-06 4.44908e-06 4.29763e-06 4.15086e-06 4.00867e-06 3.87092e-06 3.73751e-06 3.60832e-06 3.48323e-06 3.36212e-06 3.2449e-06 3.13146e-06 3.02168e-06 2.91546e-06
0.000174033 3.61727e-05 3.61761e-05 3.61261e-05 3.60266e-05 3.5881e-05 3.56929e-05 3.54655e-05 3.52018e-05 3.49048e-05 3.45772e-05 3.42217e-05 3.38407e-05 3.34367e-05 3.30118e-05 3.25682e-05 3.21078e-05 3.16325e-05 3.11441e-05 3.06443e-05 3.01345e-05 2.96164e-05 2.90912e-05 2.85602e-05 2.80247e-05 2.74858e-05 2.69445e-05 2.64019e-05 2.58589e-05 2.53162e-05 2.47747e-05 2.42352e-05 2.36983e-05 2.31646e-05 2.26348e-05 2.21093e-05 2.15886e-05 2.10733e-05 2.05635e-05 2.00599e-05 1.95626e-05 1.9072e-05 1.85883e-05 1.81118e-05 1.76427e-05 1.71811e-05 1.67272e-05 1.62812e-05 1.58432e-05 1.54132e-05 1.49913e-05 1.45776e-05 1.41721e-05 1.37748e-05 1.33858e-05 1.3005e-05 1.26324e-05 1.2268e-05 1.19117e-05 1.15636e-05 1.12234e-05 1.08913e-05 1.0567e-05 1.02506e-05 9.94184e-06 9.64074e-06 9.34717e-06 9.06103e-06 8.78221e-06 8.51061e-06 8.2461e-06 7.98858e-06 7.73792e-06 7.494e-06 7.2567e-06 7.0259e-06 6.80147e-06 6.58329e-06 6.37124e-06 6.16517e-06 5.96498e-06 5.77053e-06 5.5817e-06 5.39836e-06 5.22038e-06 5.04766e-06 4.88005e-06 4.71745e-06 4.55972e-06 4.40676e-06 4.25844e-06 4.11465e-06 3.97527e-06 3.84019e-06 3.7093e-06 3.58249e-06 3.45965e-06 3.34067e-06 3.22546e-06 3.1139e-06 3.0059e-06
0.000164421 3.45585e-05 3.46203e-05 3.46284e-05 3.45865e-05 3.44981e-05 3.43664e-05 3.41946e-05 3.39857e-05 3.37425e-05 3.34677e-05 3.31639e-05 3.28334e-05 3.24788e-05 3.2102e-05 3.17052e-05 3.12904e-05 3.08593e-05 3.04139e-05 2.99556e-05 2.94862e-05 2.90069e-05 2.85194e-05 2.80247e-05 2.75242e-05 2.7019e-05 2.65102e-05 2.59988e-05 2.54856e-05 2.49717e-05 2.44578e-05 2.39446e-05 2.34329e-05 2.29233e-05 2.24165e-05 2.19129e-05 2.14132e-05 2.09177e-05 2.04269e-05 1.99412e-05 1.9461e-05 1.89865e-05 1.85182e-05 1.80561e-05 1.76007e-05 1.7152e-05 1.67103e-05 1.62757e-05 1.58484e-05 1.54285e-05 1.5016e-05 1.46111e-05 1.42138e-05 1.38242e-05 1.34423e-05 1.30681e-05 1.27016e-05 1.23428e-05 1.19917e-05 1.16483e-05 1.13125e-05 1.09843e-05 1.06636e-05 1.03503e-05 1.00445e-05 9.74592e-06 9.45461e-06 9.17044e-06 8.89331e-06 8.62315e-06 8.35984e-06 8.10328e-06 7.85338e-06 7.61001e-06 7.37307e-06 7.14246e-06 6.91805e-06 6.69973e-06 6.48738e-06 6.2809e-06 6.08016e-06 5.88504e-06 5.69543e-06 5.51122e-06 5.33228e-06 5.1585e-06 4.98976e-06 4.82595e-06 4.66696e-06 4.51266e-06 4.36296e-06 4.21774e-06 4.07688e-06 3.94029e-06 3.80785e-06 3.67946e-06 3.55502e-06 3.43442e-06 3.31757e-06 3.20436e-06 3.0947e-06
0.000155339 3.30123e-05 3.31268e-05 3.31877e-05 3.31985e-05 3.31623e-05 3.30825e-05 3.29621e-05 3.28039e-05 3.26106e-05 3.2385e-05 3.21294e-05 3.18463e-05 3.1538e-05 3.12065e-05 3.0854e-05 3.04823e-05 3.00932e-05 2.96886e-05 2.927e-05 2.8839e-05 2.83971e-05 2.79456e-05 2.74858e-05 2.7019e-05 2.65464e-05 2.60689e-05 2.55877e-05 2.51036e-05 2.46176e-05 2.41305e-05 2.36431e-05 2.3156e-05 2.26701e-05 2.21858e-05 2.17039e-05 2.12247e-05 2.07489e-05 2.02769e-05 1.9809e-05 1.93458e-05 1.88874e-05 1.84344e-05 1.79868e-05 1.75451e-05 1.71094e-05 1.66799e-05 1.62569e-05 1.58404e-05 1.54307e-05 1.50279e-05 1.4632e-05 1.42431e-05 1.38614e-05 1.34868e-05 1.31195e-05 1.27593e-05 1.24064e-05 1.20608e-05 1.17224e-05 1.13912e-05 1.10672e-05 1.07503e-05 1.04406e-05 1.01379e-05 9.84216e-06 9.55338e-06 9.27145e-06 8.9963e-06 8.72785e-06 8.46601e-06 8.21069e-06 7.9618e-06 7.71925e-06 7.48293e-06 7.25275e-06 7.0286e-06 6.81038e-06 6.59799e-06 6.39132e-06 6.19025e-06 5.99469e-06 5.80452e-06 5.61964e-06 5.43994e-06 5.2653e-06 5.09562e-06 4.93079e-06 4.77071e-06 4.61526e-06 4.46434e-06 4.31785e-06 4.17568e-06 4.03773e-06 3.90389e-06 3.77407e-06 3.64816e-06 3.52608e-06 3.40771e-06 3.29297e-06 3.18176e-06
0.000146759 3.15315e-05 3.16935e-05 3.18022e-05 3.18608e-05 3.18725e-05 3.18403e-05 3.17672e-05 3.16558e-05 3.15089e-05 3.1329e-05 3.11185e-05 3.08797e-05 3.06149e-05 3.0326e-05 3.00152e-05 2.96842e-05 2.9335e-05 2.89691e-05 2.85883e-05 2.8194e-05 2.77877e-05 2.73708e-05 2.69445e-05 2.65102e-05 2.60689e-05 2.56217e-05 2.51697e-05 2.47138e-05 2.4255e-05 2.3794e-05 2.33317e-05 2.28688e-05 2.24059e-05 2.19439e-05 2.14831e-05 2.10243e-05 2.05679e-05 2.01144e-05 1.96642e-05 1.92178e-05 1.87754e-05 1.83376e-05 1.79045e-05 1.74765e-05 1.70538e-05 1.66367e-05 1.62253e-05 1.58199e-05 1.54205e-05 1.50274e-05 1.46407e-05 1.42605e-05 1.38868e-05 1.35198e-05 1.31595e-05 1.2806e-05 1.24592e-05 1.21193e-05 1.17861e-05 1.14598e-05 1.11402e-05 1.08275e-05 1.05215e-05 1.02222e-05 9.92961e-06 9.64363e-06 9.36421e-06 9.09129e-06 8.82481e-06 8.5647e-06 8.31087e-06 8.06325e-06 7.82176e-06 7.58631e-06 7.3568e-06 7.13315e-06 6.91527e-06 6.70306e-06 6.49641e-06 6.29525e-06 6.09945e-06 5.90893e-06 5.72359e-06 5.54331e-06 5.36801e-06 5.19758e-06 5.03191e-06 4.87092e-06 4.71448e-06 4.56252e-06 4.41492e-06 4.27159e-06 4.13243e-06 3.99734e-06 3.86623e-06 3.73899e-06 3.61555e-06 3.4958e-06 3.37964e-06 3.26701e-06
0.000138653 3.01135e-05 3.03183e-05 3.04701e-05 3.05722e-05 3.06274e-05 3.06388e-05 3.06091e-05 3.0541e-05 3.04371e-05 3.02996e-05 3.01311e-05 2.99338e-05 2.97097e-05 2.94609e-05 2.91894e-05 2.88969e-05 2.85853e-05 2.82563e-05 2.79114e-05 2.75521e-05 2.71798e-05 2.6796e-05 2.64019e-05 2.59988e-05 2.55877e-05 2.51697e-05 2.4746e-05 2.43174e-05 2.38849e-05 2.34493e-05 2.30114e-05 2.2572e-05 2.21318e-05 2.16915e-05 2.12516e-05 2.08127e-05 2.03754e-05 1.99402e-05 1.95075e-05 1.90777e-05 1.86513e-05 1.82286e-05 1.781e-05 1.73957e-05 1.69861e-05 1.65813e-05 1.61816e-05 1.57873e-05 1.53984e-05 1.50152e-05 1.46378e-05 1.42664e-05 1.3901e-05 1.35417e-05 1.31887e-05 1.28419e-05 1.25015e-05 1.21674e-05 1.18398e-05 1.15185e-05 1.12037e-05 1.08953e-05 1.05933e-05 1.02977e-05 1.00084e-05 9.7255e-06 9.44884e-06 9.17841e-06 8.91415e-06 8.656e-06 8.40391e-06 8.1578e-06 7.91761e-06 7.68325e-06 7.45465e-06 7.23173e-06 7.0144e-06 6.80259e-06 6.59619e-06 6.39513e-06 6.19931e-06 6.00864e-06 5.82303e-06 5.64238e-06 5.4666e-06 5.2956e-06 5.12927e-06 4.96754e-06 4.81029e-06 4.65744e-06 4.50889e-06 4.36455e-06 4.22433e-06 4.08813e-06 3.95587e-06 3.82744e-06 3.70277e-06 3.58175e-06 3.46431e-06 3.35036e-06
0.000130995 2.8756e-05 2.8999e-05 2.91896e-05 2.9331e-05 2.94259e-05 2.94772e-05 2.94874e-05 2.94591e-05 2.93948e-05 2.92968e-05 2.91674e-05 2.90087e-05 2.88227e-05 2.86116e-05 2.8377e-05 2.81209e-05 2.7845e-05 2.75508e-05 2.724e-05 2.6914e-05 2.65743e-05 2.62222e-05 2.58589e-05 2.54856e-05 2.51036e-05 2.47138e-05 2.43174e-05 2.39152e-05 2.35083e-05 2.30973e-05 2.26833e-05 2.22668e-05 2.18487e-05 2.14296e-05 2.10101e-05 2.05908e-05 2.01723e-05 1.97551e-05 1.93397e-05 1.89264e-05 1.85158e-05 1.81082e-05 1.77039e-05 1.73033e-05 1.69067e-05 1.65143e-05 1.61264e-05 1.57432e-05 1.53649e-05 1.49917e-05 1.46237e-05 1.42612e-05 1.39042e-05 1.35529e-05 1.32072e-05 1.28675e-05 1.25336e-05 1.22056e-05 1.18837e-05 1.15677e-05 1.12578e-05 1.0954e-05 1.06562e-05 1.03645e-05 1.00788e-05 9.79917e-06 9.5255e-06 9.25777e-06 8.99597e-06 8.74002e-06 8.48989e-06 8.24552e-06 8.00685e-06 7.77381e-06 7.54634e-06 7.32436e-06 7.10781e-06 6.8966e-06 6.69066e-06 6.48991e-06 6.29427e-06 6.10364e-06 5.91795e-06 5.73711e-06 5.56104e-06 5.38964e-06 5.22283e-06 5.06052e-06 4.90262e-06 4.74905e-06 4.59971e-06 4.45451e-06 4.31338e-06 4.17621e-06 4.04293e-06 3.91344e-06 3.78767e-06 3.66552e-06 3.54691e-06 3.43176e-06
0.00012376 2.74565e-05 2.77336e-05 2.79591e-05 2.81359e-05 2.82668e-05 2.83544e-05 2.84011e-05 2.84094e-05 2.83817e-05 2.83203e-05 2.82271e-05 2.81045e-05 2.79542e-05 2.77783e-05 2.75786e-05 2.73567e-05 2.71144e-05 2.68533e-05 2.65749e-05 2.62806e-05 2.59719e-05 2.565e-05 2.53162e-05 2.49717e-05 2.46176e-05 2.4255e-05 2.38849e-05 2.35083e-05 2.3126e-05 2.2739e-05 2.23481e-05 2.19539e-05 2.15574e-05 2.1159e-05 2.07595e-05 2.03595e-05 1.99595e-05 1.956e-05 1.91616e-05 1.87647e-05 1.83697e-05 1.7977e-05 1.7587e-05 1.72e-05 1.68163e-05 1.64363e-05 1.60601e-05 1.56881e-05 1.53204e-05 1.49573e-05 1.45989e-05 1.42454e-05 1.3897e-05 1.35536e-05 1.32156e-05 1.2883e-05 1.25558e-05 1.22341e-05 1.19181e-05 1.16076e-05 1.13029e-05 1.10038e-05 1.07105e-05 1.04229e-05 1.0141e-05 9.8648e-06 9.59433e-06 9.32954e-06 9.07039e-06 8.81687e-06 8.56892e-06 8.3265e-06 8.08957e-06 7.85806e-06 7.63193e-06 7.4111e-06 7.19553e-06 6.98513e-06 6.77984e-06 6.5796e-06 6.38431e-06 6.19392e-06 6.00834e-06 5.82749e-06 5.6513e-06 5.47968e-06 5.31255e-06 5.14984e-06 4.99145e-06 4.8373e-06 4.68732e-06 4.54142e-06 4.39951e-06 4.26151e-06 4.12735e-06 3.99693e-06 3.87018e-06 3.74702e-06 3.62736e-06 3.51113e-06
0.000116924 2.62129e-05 2.65201e-05 2.67767e-05 2.69855e-05 2.71489e-05 2.72694e-05 2.73495e-05 2.73915e-05 2.73975e-05 2.73698e-05 2.73104e-05 2.72212e-05 2.71043e-05 2.69614e-05 2.67943e-05 2.66047e-05 2.63942e-05 2.61644e-05 2.59167e-05 2.56526e-05 2.53734e-05 2.50803e-05 2.47747e-05 2.44578e-05 2.41305e-05 2.3794e-05 2.34493e-05 2.30973e-05 2.2739e-05 2.23752e-05 2.20067e-05 2.16343e-05 2.12587e-05 2.08807e-05 2.05007e-05 2.01195e-05 1.97376e-05 1.93556e-05 1.89739e-05 1.85931e-05 1.82135e-05 1.78356e-05 1.74597e-05 1.70863e-05 1.67155e-05 1.63478e-05 1.59835e-05 1.56226e-05 1.52656e-05 1.49126e-05 1.45639e-05 1.42195e-05 1.38796e-05 1.35445e-05 1.32142e-05 1.28888e-05 1.25685e-05 1.22533e-05 1.19433e-05 1.16385e-05 1.13391e-05 1.1045e-05 1.07562e-05 1.04729e-05 1.0195e-05 9.92255e-06 9.65549e-06 9.39383e-06 9.13756e-06 8.88666e-06 8.6411e-06 8.40084e-06 8.16584e-06 7.93607e-06 7.71147e-06 7.492e-06 7.27759e-06 7.0682e-06 6.86376e-06 6.6642e-06 6.46947e-06 6.27949e-06 6.09419e-06 5.91351e-06 5.73737e-06 5.5657e-06 5.39842e-06 5.23545e-06 5.07673e-06 4.92217e-06 4.77169e-06 4.62522e-06 4.48268e-06 4.344e-06 4.20908e-06 4.07787e-06 3.95027e-06 3.82621e-06 3.70562e-06 3.58842e-06
0.000110466 2.50229e-05 2.53567e-05 2.5641e-05 2.58783e-05 2.6071e-05 2.62215e-05 2.6332e-05 2.64047e-05 2.64417e-05 2.64452e-05 2.64169e-05 2.6359e-05 2.62731e-05 2.61611e-05 2.60247e-05 2.58654e-05 2.56848e-05 2.54846e-05 2.5266e-05 2.50305e-05 2.47793e-05 2.45139e-05 2.42352e-05 2.39446e-05 2.36431e-05 2.33317e-05 2.30114e-05 2.26833e-05 2.23481e-05 2.20067e-05 2.166e-05 2.13087e-05 2.09536e-05 2.05953e-05 2.02344e-05 1.98716e-05 1.95075e-05 1.91426e-05 1.87774e-05 1.84124e-05 1.80481e-05 1.76848e-05 1.73229e-05 1.69629e-05 1.6605e-05 1.62496e-05 1.58969e-05 1.55473e-05 1.52009e-05 1.48581e-05 1.4519e-05 1.41838e-05 1.38527e-05 1.35258e-05 1.32033e-05 1.28853e-05 1.2572e-05 1.22634e-05 1.19596e-05 1.16606e-05 1.13667e-05 1.10777e-05 1.07938e-05 1.05149e-05 1.02412e-05 9.97262e-06 9.70915e-06 9.45082e-06 9.19761e-06 8.94952e-06 8.70654e-06 8.46862e-06 8.23576e-06 8.00791e-06 7.78504e-06 7.5671e-06 7.35406e-06 7.14585e-06 6.94243e-06 6.74375e-06 6.54974e-06 6.36035e-06 6.17552e-06 5.99517e-06 5.81925e-06 5.64768e-06 5.48041e-06 5.31735e-06 5.15844e-06 5.00361e-06 4.85279e-06 4.70589e-06 4.56286e-06 4.42361e-06 4.28808e-06 4.15619e-06 4.02786e-06 3.90303e-06 3.78162e-06 3.66356e-06
0.000104365 2.38844e-05 2.42415e-05 2.45502e-05 2.4813e-05 2.5032e-05 2.52095e-05 2.53476e-05 2.54484e-05 2.55139e-05 2.5546e-05 2.55467e-05 2.55176e-05 2.54607e-05 2.53775e-05 2.52698e-05 2.5139e-05 2.49867e-05 2.48143e-05 2.46233e-05 2.44149e-05 2.41905e-05 2.39512e-05 2.36983e-05 2.34329e-05 2.3156e-05 2.28688e-05 2.2572e-05 2.22668e-05 2.19539e-05 2.16343e-05 2.13087e-05 2.09779e-05 2.06426e-05 2.03036e-05 1.99613e-05 1.96166e-05 1.92699e-05 1.89218e-05 1.85727e-05 1.82233e-05 1.7874e-05 1.75251e-05 1.71771e-05 1.68303e-05 1.64852e-05 1.6142e-05 1.5801e-05 1.54625e-05 1.51269e-05 1.47942e-05 1.44648e-05 1.41388e-05 1.38165e-05 1.34979e-05 1.31834e-05 1.28729e-05 1.25666e-05 1.22647e-05 1.19673e-05 1.16743e-05 1.1386e-05 1.11023e-05 1.08233e-05 1.05491e-05 1.02797e-05 1.00152e-05 9.75548e-06 9.50064e-06 9.25068e-06 9.00559e-06 8.76536e-06 8.52997e-06 8.29942e-06 8.07368e-06 7.85271e-06 7.63649e-06 7.42498e-06 7.21814e-06 7.01592e-06 6.81828e-06 6.62517e-06 6.43654e-06 6.25232e-06 6.07247e-06 5.89693e-06 5.72563e-06 5.55851e-06 5.39551e-06 5.23657e-06 5.08161e-06 4.93058e-06 4.7834e-06 4.64e-06 4.50033e-06 4.3643e-06 4.23186e-06 4.10293e-06 3.97744e-06 3.85533e-06 3.73652e-06
