0.370456 0.0220595 0.0143448 0.0100495 0.00741208 0.00566213 0.00443142 0.00352811 0.00284402 0.00231384 0.00189575 0.00156166 0.00129193 0.0010724 0.000892581 0.000744515 0.000622079 0.000520481 0.000435924 0.000365372 0.000306375 0.000256939 0.000215435 0.00018052 0.000151087 0.000126215 0.000105135 8.72059e-05 7.18848e-05 5.87145e-05 4.94817e-05
0.0220595 0.00289658 0.00174961 0.00112829 0.000764111 0.000536912 0.000388059 0.000286692 0.000215496 0.000164231 0.000126565 9.84287e-05 7.71239e-05 6.08089e-05 4.81967e-05 3.8369e-05 3.06588e-05 2.45745e-05 1.97486e-05 1.59034e-05 1.28271e-05 1.03568e-05 8.36609e-06 6.75641e-06 5.45044e-06 4.38726e-06 3.51868e-06 2.80654e-06 2.22068e-06 1.73748e-06 1.42733e-06
0.0143448 0.00174961 0.00101116 0.000630521 0.00041693 0.000288225 0.000206067 0.000151157 0.000113097 8.59427e-05 6.61164e-05 5.13695e-05 4.02346e-05 3.17229e-05 2.51501e-05 2.00311e-05 1.60157e-05 1.28466e-05 1.03322e-05 8.32783e-06 6.72346e-06 5.43438e-06 4.39498e-06 3.55411e-06 2.87163e-06 2.31596e-06 1.86211e-06 1.49038e-06 1.18531e-06 9.58845e-07 7.88228e-07
0.0100495 0.00112829 0.000630521 0.000382996 0.000248585 0.000169728 0.00012039 8.78788e-05 6.55609e-05 4.97388e-05 3.82339e-05 2.96981e-05 2.32627e-05 1.83472e-05 1.45526e-05 1.15973e-05 9.2787e-06 7.44814e-06 5.99511e-06 4.83632e-06 3.90835e-06 3.16242e-06 2.56077e-06 2.07393e-06 1.67879e-06 1.35715e-06 1.09466e-06 8.80017e-07 7.13757e-07 5.77427e-07 4.74849e-07
0.00741208 0.000764111 0.00041693 0.000248585 0.000159274 0.000107859 7.61331e-05 5.54238e-05 4.1292e-05 3.13093e-05 2.40649e-05 1.86957e-05 1.46492e-05 1.15587e-05 9.17237e-06 7.31337e-06 5.85433e-06 4.70199e-06 3.78698e-06 3.05702e-06 2.4723e-06 2.0022e-06 1.62298e-06 1.31615e-06 1.06716e-06 8.64605e-07 6.99469e-07 5.6835e-07 4.61057e-07 3.73012e-07 3.06767e-07
0.00566213 0.000536912 0.000288225 0.000169728 0.000107859 7.26895e-05 5.11795e-05 3.7216e-05 2.77171e-05 2.10173e-05 1.61581e-05 1.25569e-05 9.84241e-06 7.76848e-06 6.16662e-06 4.9183e-06 3.93828e-06 3.16407e-06 2.54919e-06 2.05861e-06 1.66561e-06 1.34966e-06 1.09482e-06 8.88668e-07 7.21456e-07 5.85514e-07 4.76252e-07 3.87031e-07 3.1399e-07 2.54032e-07 2.08888e-07
0.00443142 0.000388059 0.000206067 0.00012039 7.61331e-05 5.11795e-05 3.59974e-05 2.617e-05 1.94931e-05 1.47852e-05 1.13701e-05 8.83817e-06 6.92892e-06 5.46971e-06 4.34232e-06 3.46358e-06 2.77361e-06 2.22851e-06 1.79559e-06 1.45021e-06 1.17357e-06 9.51207e-07 7.71904e-07 6.26911e-07 5.09364e-07 4.14442e-07 3.37113e-07 2.7396e-07 2.22254e-07 1.79809e-07 1.47817e-07
0.00352811 0.000286692 0.000151157 8.78788e-05 5.54238e-05 3.7216e-05 2.617e-05 1.90287e-05 1.41777e-05 1.07563e-05 8.27325e-06 6.43158e-06 5.04231e-06 3.98026e-06 3.15961e-06 2.51993e-06 2.01769e-06 1.62095e-06 1.30592e-06 1.05465e-06 8.53435e-07 6.91754e-07 5.61431e-07 4.56093e-07 3.70972e-07 3.01811e-07 2.45476e-07 1.99474e-07 1.61815e-07 1.30906e-07 1.0758e-07
0.00284402 0.000215496 0.000113097 6.55609e-05 4.1292e-05 2.77171e-05 1.94931e-05 1.41777e-05 1.0566e-05 8.01729e-06 6.16676e-06 4.7937e-06 3.75771e-06 2.96566e-06 2.35366e-06 1.87668e-06 1.50225e-06 1.20655e-06 9.71826e-07 7.84665e-07 6.34849e-07 5.14514e-07 4.17561e-07 3.39328e-07 2.75944e-07 2.2446e-07 1.82534e-07 1.48307e-07 1.20295e-07 9.73107e-08 7.99432e-08
0.00231384 0.000164231 8.59427e-05 4.97388e-05 3.13093e-05 2.10173e-05 1.47852e-05 1.07563e-05 8.01729e-06 6.08346e-06 4.67881e-06 3.63634e-06 2.84973e-06 2.24837e-06 1.7838e-06 1.42181e-06 1.13774e-06 9.13483e-07 7.3553e-07 5.93696e-07 4.80212e-07 3.891e-07 3.15766e-07 2.56534e-07 2.08563e-07 1.69611e-07 1.37903e-07 1.12026e-07 9.08556e-08 7.34908e-08 6.0353e-08
0.00189575 0.000126565 6.61164e-05 3.82339e-05 2.40649e-05 1.61581e-05 1.13701e-05 8.27325e-06 6.16676e-06 4.67881e-06 3.59772e-06 2.79531e-06 2.18987e-06 1.7271e-06 1.36969e-06 1.0913e-06 8.72914e-07 7.00579e-07 5.6389e-07 4.54993e-07 3.67902e-07 2.9803e-07 2.4178e-07 1.96366e-07 1.59601e-07 1.29762e-07 1.0548e-07 8.56717e-08 6.94719e-08 5.61896e-08 4.61283e-08
0.00156166 9.84287e-05 5.13695e-05 2.96981e-05 1.86957e-05 1.25569e-05 8.83817e-06 6.43158e-06 4.7937e-06 3.63634e-06 2.79531e-06 2.17108e-06 1.70016e-06 1.34031e-06 1.06248e-06 8.4616e-07 6.7654e-07 5.42748e-07 4.36677e-07 3.52213e-07 2.84702e-07 2.30547e-07 1.86969e-07 1.51802e-07 1.23345e-07 1.00257e-07 8.14781e-08 6.61646e-08 5.36459e-08 4.33858e-08 3.56047e-08
0.00129193 7.71239e-05 4.02346e-05 2.32627e-05 1.46492e-05 9.84241e-06 6.92892e-06 5.04231e-06 3.75771e-06 2.84973e-06 2.18987e-06 1.70016e-06 1.33081e-06 1.04866e-06 8.30911e-07 6.61439e-07 5.28615e-07 4.23895e-07 3.40912e-07 2.74867e-07 2.22095e-07 1.79782e-07 1.45749e-07 1.18297e-07 9.60921e-08 7.80849e-08 6.34441e-08 5.15102e-08 4.17582e-08 3.37689e-08 2.77032e-08
0.0010724 6.08089e-05 3.17229e-05 1.83472e-05 1.15587e-05 7.76848e-06 5.46971e-06 3.98026e-06 2.96566e-06 2.24837e-06 1.7271e-06 1.34031e-06 1.04866e-06 8.25954e-07 6.54146e-07 5.20491e-07 4.15787e-07 3.33275e-07 2.67924e-07 2.15932e-07 1.74408e-07 1.41128e-07 1.14373e-07 9.28007e-08 7.53594e-08 6.12211e-08 4.97308e-08 4.03686e-08 3.27213e-08 2.64588e-08 2.16991e-08
0.000892581 4.81967e-05 2.51501e-05 1.45526e-05 9.17237e-06 6.16662e-06 4.34232e-06 3.15961e-06 2.35366e-06 1.7838e-06 1.36969e-06 1.06248e-06 8.30911e-07 6.54146e-07 5.1784e-07 4.1185e-07 3.28856e-07 2.63486e-07 2.11732e-07 1.70576e-07 1.37722e-07 1.11403e-07 9.02525e-08 7.32064e-08 5.94304e-08 4.8268e-08 3.91998e-08 3.18142e-08 2.57838e-08 2.08474e-08 1.70918e-08
0.000744515 3.8369e-05 2.00311e-05 1.15973e-05 7.31337e-06 4.9183e-06 3.46358e-06 2.51993e-06 1.87668e-06 1.42181e-06 1.0913e-06 8.4616e-07 6.61439e-07 5.20491e-07 4.1185e-07 3.27409e-07 2.61321e-07 2.09288e-07 1.68112e-07 1.35383e-07 1.09267e-07 8.83545e-08 7.15564e-08 5.80235e-08 4.70913e-08 3.82367e-08 3.10462e-08 2.51922e-08 2.04141e-08 1.65045e-08 1.35271e-08
0.000622079 3.06588e-05 1.60157e-05 9.2787e-06 5.85433e-06 3.93828e-06 2.77361e-06 2.01769e-06 1.50225e-06 1.13774e-06 8.72914e-07 6.7654e-07 5.28615e-07 4.15787e-07 3.28856e-07 2.61321e-07 2.08485e-07 1.66905e-07 1.34015e-07 1.07884e-07 8.70416e-08 7.03591e-08 5.6964e-08 4.6177e-08 3.74665e-08 3.0414e-08 2.46893e-08 2.00303e-08 1.62291e-08 1.31199e-08 1.075e-08
0.000520481 2.45745e-05 1.28466e-05 7.44814e-06 4.70199e-06 3.16407e-06 2.22851e-06 1.62095e-06 1.20655e-06 9.13483e-07 7.00579e-07 5.42748e-07 4.23895e-07 3.33275e-07 2.63486e-07 2.09288e-07 1.66905e-07 1.33565e-07 1.07205e-07 8.62703e-08 6.95794e-08 5.62253e-08 4.55069e-08 3.68788e-08 2.99142e-08 2.42775e-08 1.97036e-08 1.59826e-08 1.29479e-08 1.04666e-08 8.57348e-09
0.000435924 1.97486e-05 1.03322e-05 5.99511e-06 3.78698e-06 2.54919e-06 1.79559e-06 1.30592e-06 9.71826e-07 7.3553e-07 5.6389e-07 4.36677e-07 3.40912e-07 2.67924e-07 2.11732e-07 1.68112e-07 1.34015e-07 1.07205e-07 8.60159e-08 6.9195e-08 5.57891e-08 4.50674e-08 3.64652e-08 2.95431e-08 2.39577e-08 1.94388e-08 1.57733e-08 1.27924e-08 1.03621e-08 8.37569e-09 6.85892e-09
0.000365372 1.59034e-05 8.32783e-06 4.83632e-06 3.05702e-06 2.05861e-06 1.45021e-06 1.05465e-06 7.84665e-07 5.93696e-07 4.54993e-07 3.52213e-07 2.74867e-07 2.15932e-07 1.70576e-07 1.35383e-07 1.07884e-07 8.62703e-08 6.9195e-08 5.56449e-08 4.48499e-08 3.62195e-08 2.92977e-08 2.37298e-08 1.92386e-08 1.56063e-08 1.2661e-08 1.02666e-08 8.31513e-09 6.72066e-09 5.50216e-09
0.000306375 1.28271e-05 6.72346e-06 3.90835e-06 2.4723e-06 1.66561e-06 1.17357e-06 8.53435e-07 6.34849e-07 4.80212e-07 3.67902e-07 2.84702e-07 2.22095e-07 1.74408e-07 1.37722e-07 1.09267e-07 8.70416e-08 6.95794e-08 5.57891e-08 4.48499e-08 3.61381e-08 2.91756e-08 2.35934e-08 1.91046e-08 1.54851e-08 1.25588e-08 1.01866e-08 8.25888e-09 6.68825e-09 5.40538e-09 4.42425e-09
0.000256939 1.03568e-05 5.43438e-06 3.16242e-06 2.0022e-06 1.34966e-06 9.51207e-07 6.91754e-07 5.14514e-07 3.891e-07 2.9803e-07 2.30547e-07 1.79782e-07 1.41128e-07 1.11403e-07 8.83545e-08 7.03591e-08 5.62253e-08 4.50674e-08 3.62195e-08 2.91756e-08 2.3548e-08 1.90375e-08 1.54117e-08 1.2489e-08 1.01267e-08 8.21248e-09 6.65731e-09 5.39065e-09 4.35639e-09 3.56481e-09
0.000215435 8.36609e-06 4.39498e-06 2.56077e-06 1.62298e-06 1.09482e-06 7.71904e-07 5.61431e-07 4.17561e-07 3.15766e-07 2.4178e-07 1.86969e-07 1.45749e-07 1.14373e-07 9.02525e-08 7.15564e-08 5.6964e-08 4.55069e-08 3.64652e-08 2.92977e-08 2.35934e-08 1.90375e-08 1.53871e-08 1.24536e-08 1.00897e-08 8.17964e-09 6.6323e-09 5.37559e-09 4.35233e-09 3.51707e-09 2.87734e-09
0.00018052 6.75641e-06 3.55411e-06 2.07393e-06 1.31615e-06 8.88668e-07 6.26911e-07 4.56093e-07 3.39328e-07 2.56534e-07 1.96366e-07 1.51802e-07 1.18297e-07 9.28007e-08 7.32064e-08 5.80235e-08 4.6177e-08 3.68788e-08 2.95431e-08 2.37298e-08 1.91046e-08 1.54117e-08 1.24536e-08 1.00772e-08 8.16266e-09 6.61618e-09 5.36372e-09 4.3468e-09 3.51902e-09 2.84352e-09 2.3258e-09
0.000151087 5.45044e-06 2.87163e-06 1.67879e-06 1.06716e-06 7.21456e-07 5.09364e-07 3.70972e-07 2.75944e-07 2.08563e-07 1.59601e-07 1.23345e-07 9.60921e-08 7.53594e-08 5.94304e-08 4.70913e-08 3.74665e-08 2.99142e-08 2.39577e-08 1.92386e-08 1.54851e-08 1.2489e-08 1.00897e-08 8.16266e-09 6.61062e-09 5.35725e-09 4.34246e-09 3.51871e-09 2.84836e-09 2.30148e-09 1.88208e-09
0.000126215 4.38726e-06 2.31596e-06 1.35715e-06 8.64605e-07 5.85514e-07 4.14442e-07 3.01811e-07 2.2446e-07 1.69611e-07 1.29762e-07 1.00257e-07 7.80849e-08 6.12211e-08 4.8268e-08 3.82367e-08 3.0414e-08 2.42775e-08 1.94388e-08 1.56063e-08 1.25588e-08 1.01267e-08 8.17964e-09 6.61618e-09 5.35725e-09 4.34084e-09 3.5181e-09 2.8504e-09 2.30718e-09 1.86411e-09 1.52413e-09
0.000105135 3.51868e-06 1.86211e-06 1.09466e-06 6.99469e-07 4.76252e-07 3.37113e-07 2.45476e-07 1.82534e-07 1.37903e-07 1.0548e-07 8.14781e-08 6.34441e-08 4.97308e-08 3.91998e-08 3.10462e-08 2.46893e-08 1.97036e-08 1.57733e-08 1.2661e-08 1.01866e-08 8.21248e-09 6.6323e-09 5.36372e-09 4.34246e-09 3.5181e-09 2.85094e-09 2.30964e-09 1.86933e-09 1.51028e-09 1.23464e-09
8.72059e-05 2.80654e-06 1.49038e-06 8.80017e-07 5.6835e-07 3.87031e-07 2.7396e-07 1.99474e-07 1.48307e-07 1.12026e-07 8.56717e-08 6.61646e-08 5.15102e-08 4.03686e-08 3.18142e-08 2.51922e-08 2.00303e-08 1.59826e-08 1.27924e-08 1.02666e-08 8.25888e-09 6.65731e-09 5.37559e-09 4.3468e-09 3.51871e-09 2.8504e-09 2.30964e-09 1.87095e-09 1.51418e-09 1.2233e-09 9.99905e-10
7.18848e-05 2.22068e-06 1.18531e-06 7.13757e-07 4.61057e-07 3.1399e-07 2.22254e-07 1.61815e-07 1.20295e-07 9.08556e-08 6.94719e-08 5.36459e-08 4.17582e-08 3.27213e-08 2.57838e-08 2.04141e-08 1.62291e-08 1.29479e-08 1.03621e-08 8.31513e-09 6.68825e-09 5.39065e-09 4.35233e-09 3.51902e-09 2.84836e-09 2.30718e-09 1.86933e-09 1.51418e-09 1.22538e-09 9.8996e-10 8.09094e-10
5.87145e-05 1.73748e-06 9.58845e-07 5.77427e-07 3.73012e-07 2.54032e-07 1.79809e-07 1.30906e-07 9.73107e-08 7.34908e-08 5.61896e-08 4.33858e-08 3.37689e-08 2.64588e-08 2.08474e-08 1.65045e-08 1.31199e-08 1.04666e-08 8.37569e-09 6.72066e-09 5.40538e-09 4.35639e-09 3.51707e-09 2.84352e-09 2.30148e-09 1.86411e-09 1.51028e-09 1.2233e-09 9.8996e-10 7.99756e-10 6.53602e-10
4.94817e-05 1.42733e-06 7.88228e-07 4.74849e-07 3.06767e-07 2.08888e-07 1.47817e-07 1.0758e-07 7.99432e-08 6.0353e-08 4.61283e-08 3.56047e-08 2.77032e-08 2.16991e-08 1.70918e-08 1.35271e-08 1.075e-08 8.57348e-09 6.85892e-09 5.50216e-09 4.42425e-09 3.56481e-09 2.87734e-09 2.3258e-09 1.88208e-09 1.52413e-09 1.23464e-09 9.99905e-10 8.09094e-10 6.53602e-10 5.34048e-10
