0.650934 0.0113187 0.00930649 0.00765201 0.00629165 0.00517313 0.00425347 0.00349729 0.00287555 0.00236434 0.00194402 0.00159841 0.00131425 0.00108061 0.000888498 0.000730543 0.000600669 0.000493883 0.000406082 0.000333889 0.000274531 0.000225726 0.000185597 0.000152602 0.000125473 0.000103166 8.48256e-05 6.97455e-05 5.73463e-05 4.71514e-05 3.87689e-05 3.18767e-05 2.62097e-05 2.15502e-05 1.77191e-05 1.4569e-05 1.1979e-05 9.84937e-06 8.09837e-06 6.65866e-06 5.4749e-06 4.50158e-06 3.7013e-06 3.04329e-06 2.50226e-06 2.05742e-06 1.69165e-06 1.39091e-06 1.14364e-06 9.40327e-07 7.73158e-07 6.35708e-07 5.22693e-07 4.2977e-07 3.53366e-07 2.90546e-07 2.38893e-07 1.96423e-07 1.61503e-07 1.32792e-07 1.09184e-07 8.97738e-08 7.3814e-08 6.06915e-08 4.99019e-08 4.10305e-08 3.37362e-08 2.77386e-08 2.28073e-08 1.87527e-08 1.54189e-08 1.26777e-08 1.04239e-08 8.57077e-09 7.04708e-09 5.79427e-09 4.76417e-09 3.91721e-09 3.22082e-09 2.64823e-09 2.17743e-09 1.79033e-09 1.47205e-09 1.21035e-09 9.95179e-10 8.18258e-10 6.7279e-10 5.53183e-10 4.54839e-10 3.73979e-10 3.07494e-10 2.52828e-10 2.07881e-10 1.70924e-10 1.40538e-10 1.15553e-10 9.50106e-11 7.81198e-11 6.42318e-11 5.28128e-11 4.34239e-11
0.0113187 0.00308732 0.00266559 0.00229623 0.00197395 0.00169369 0.00145069 0.00124056 0.0010593 0.000903274 0.000769246 0.000654325 0.000555953 0.000471878 0.000400125 0.00033897 0.000286914 0.000242653 0.000205062 0.000173167 0.000146132 0.000123236 0.000103863 8.74828e-05 7.36442e-05 6.19611e-05 5.21045e-05 4.37942e-05 3.67919e-05 3.08952e-05 2.59323e-05 2.17575e-05 1.82475e-05 1.52979e-05 1.28203e-05 1.07401e-05 8.99441e-06 7.52994e-06 6.30191e-06 5.27252e-06 4.40997e-06 3.68747e-06 3.08247e-06 2.57605e-06 2.15227e-06 1.79774e-06 1.50125e-06 1.25336e-06 1.04616e-06 8.73024e-07 7.28381e-07 6.07574e-07 5.06701e-07 4.22491e-07 3.52209e-07 2.93562e-07 2.44637e-07 2.03829e-07 1.69799e-07 1.41426e-07 1.17775e-07 9.80636e-08 8.16384e-08 6.79539e-08 5.65549e-08 4.70611e-08 3.91555e-08 3.25734e-08 2.70941e-08 2.25336e-08 1.87382e-08 1.55801e-08 1.29527e-08 1.07671e-08 8.94921e-09 7.43738e-09 6.18026e-09 5.13505e-09 4.26615e-09 3.5439e-09 2.94361e-09 2.44476e-09 2.03024e-09 1.68584e-09 1.39973e-09 1.16207e-09 9.64669e-10 8.00728e-10 6.6459e-10 5.51549e-10 4.57696e-10 3.79781e-10 3.15104e-10 2.6142e-10 2.16865e-10 1.7989e-10 1.49207e-10 1.23749e-10 1.02626e-10 8.5103e-11 7.05668e-11
0.00930649 0.00266559 0.00233091 0.0020324 0.00176754 0.00153358 0.00132774 0.00114727 0.000989538 0.000852072 0.000732571 0.000628928 0.000539228 0.000461746 0.000394937 0.000337425 0.000287991 0.000245562 0.000209193 0.000178056 0.00015143 0.000128685 0.000109277 9.27301e-05 7.86365e-05 6.66425e-05 5.64435e-05 4.77777e-05 4.04198e-05 3.41768e-05 2.88834e-05 2.43978e-05 2.05992e-05 1.73841e-05 1.46644e-05 1.2365e-05 1.04219e-05 8.78079e-06 7.39529e-06 6.22613e-06 5.23997e-06 4.40851e-06 3.70776e-06 3.1174e-06 2.62023e-06 2.20169e-06 1.84947e-06 1.55316e-06 1.30396e-06 1.09446e-06 9.18377e-07 7.70431e-07 6.46159e-07 5.41804e-07 4.54198e-07 3.8067e-07 3.18976e-07 2.67223e-07 2.23819e-07 1.87428e-07 1.56922e-07 1.31356e-07 1.09934e-07 9.19888e-08 7.69589e-08 6.43733e-08 5.38366e-08 4.5017e-08 3.76359e-08 3.146e-08 2.62934e-08 2.19718e-08 1.83578e-08 1.53359e-08 1.28096e-08 1.06979e-08 8.93312e-09 7.45842e-09 6.22632e-09 5.19708e-09 4.33741e-09 3.61948e-09 3.02001e-09 2.51952e-09 2.10171e-09 1.75299e-09 1.46195e-09 1.2191e-09 1.01647e-09 8.47429e-10 7.06423e-10 5.88817e-10 4.90738e-10 4.08955e-10 3.40766e-10 2.83919e-10 2.36532e-10 1.97035e-10 1.64118e-10 1.36687e-10 1.13831e-10
0.00765201 0.00229623 0.0020324 0.00179254 0.001576 0.00138168 0.00120819 0.001054 0.000917521 0.000797136 0.000691286 0.000598483 0.000517329 0.000446528 0.000384894 0.000331345 0.000284906 0.000244701 0.000209948 0.00017995 0.000154093 0.000131833 0.000112694 9.62549e-05 8.21509e-05 7.00623e-05 5.97107e-05 5.08547e-05 4.32844e-05 3.68186e-05 3.13002e-05 2.6594e-05 2.25831e-05 1.91672e-05 1.62599e-05 1.37868e-05 1.16845e-05 9.89835e-06 8.38158e-06 7.09427e-06 6.00224e-06 5.07632e-06 4.29161e-06 3.62687e-06 3.064e-06 2.58759e-06 2.18453e-06 1.84365e-06 1.55547e-06 1.31193e-06 1.10619e-06 9.32446e-07 7.85768e-07 6.61981e-07 5.57546e-07 4.69463e-07 3.95195e-07 3.32594e-07 2.79841e-07 2.354e-07 1.9797e-07 1.66455e-07 1.39925e-07 1.17599e-07 9.88137e-08 8.30123e-08 6.97237e-08 5.85508e-08 4.91588e-08 4.12655e-08 3.46332e-08 2.90616e-08 2.4382e-08 2.04524e-08 1.71532e-08 1.43837e-08 1.20594e-08 1.01091e-08 8.47287e-09 7.10036e-09 5.94928e-09 4.98406e-09 4.17483e-09 3.49648e-09 2.92794e-09 2.4515e-09 2.05231e-09 1.71789e-09 1.43778e-09 1.20318e-09 1.00673e-09 8.42253e-10 7.04559e-10 5.89304e-10 4.92844e-10 4.12124e-10 3.44585e-10 2.88081e-10 2.40816e-10 2.01283e-10 1.68221e-10
0.00629165 0.00197395 0.00176754 0.001576 0.00139993 0.00123934 0.00109385 0.00096279 0.000845313 0.000740473 0.000647274 0.00056471 0.000491794 0.00042758 0.000371174 0.000321742 0.000278516 0.00024079 0.000207924 0.000179342 0.000154524 0.000133005 0.000114374 9.82628e-05 8.43482e-05 7.23443e-05 6.19999e-05 5.30948e-05 4.5436e-05 3.88553e-05 3.32058e-05 2.83597e-05 2.42062e-05 2.06489e-05 1.76045e-05 1.50008e-05 1.27755e-05 1.08749e-05 9.25249e-06 7.86844e-06 6.68838e-06 5.6828e-06 4.82635e-06 4.09729e-06 3.47696e-06 2.94941e-06 2.50096e-06 2.11992e-06 1.79629e-06 1.52155e-06 1.28839e-06 1.0906e-06 9.22888e-07 7.80722e-07 6.60256e-07 5.58214e-07 4.71807e-07 3.98663e-07 3.36767e-07 2.84405e-07 2.40121e-07 2.02681e-07 1.71037e-07 1.44298e-07 1.2171e-07 1.02634e-07 8.65282e-08 7.29336e-08 6.14614e-08 5.17827e-08 4.36191e-08 3.67349e-08 3.0931e-08 2.60389e-08 2.19164e-08 1.8443e-08 1.55172e-08 1.30532e-08 1.09785e-08 9.23194e-09 7.76189e-09 6.52481e-09 5.48399e-09 4.60844e-09 3.87205e-09 3.25282e-09 2.7322e-09 2.29455e-09 1.92671e-09 1.61761e-09 1.35789e-09 1.13972e-09 9.56459e-10 8.02557e-10 6.73328e-10 5.64831e-10 4.73754e-10 3.97312e-10 3.33161e-10 2.79333e-10 2.34172e-10
0.00517313 0.00169369 0.00153358 0.00138168 0.00123934 0.00110733 0.000985926 0.000875064 0.000774452 0.000683626 0.000602016 0.000528988 0.00046388 0.000406025 0.000354767 0.000309478 0.000269561 0.00023446 0.000203657 0.000176678 0.000153092 0.000132505 0.000114565 9.8954e-05 8.53883e-05 7.3615e-05 6.34098e-05 5.4574e-05 4.69321e-05 4.03296e-05 3.46307e-05 2.97163e-05 2.54822e-05 2.18373e-05 1.87022e-05 1.60076e-05 1.36933e-05 1.17071e-05 1.00036e-05 8.54358e-06 7.29297e-06 6.22241e-06 5.30651e-06 4.52337e-06 3.8541e-06 3.28245e-06 2.79442e-06 2.378e-06 2.02283e-06 1.72006e-06 1.46206e-06 1.24232e-06 1.05523e-06 8.96004e-07 7.60553e-07 6.45369e-07 5.47456e-07 4.64255e-07 3.93579e-07 3.33565e-07 2.8262e-07 2.39389e-07 2.02715e-07 1.71613e-07 1.45245e-07 1.22897e-07 1.03961e-07 8.79209e-08 7.43379e-08 6.28385e-08 5.31057e-08 4.48702e-08 3.79034e-08 3.20113e-08 2.70294e-08 2.2818e-08 1.92589e-08 1.62516e-08 1.37112e-08 1.15656e-08 9.75393e-09 8.2245e-09 6.93361e-09 5.84428e-09 4.92521e-09 4.14995e-09 3.49612e-09 2.9448e-09 2.48001e-09 2.08824e-09 1.75807e-09 1.47987e-09 1.2455e-09 1.04809e-09 8.81832e-10 7.41838e-10 6.23977e-10 5.24766e-10 4.41267e-10 3.71001e-10 3.11882e-10
0.00425347 0.00145069 0.00132774 0.00120819 0.00109385 0.000985926 0.000885124 0.000791805 0.000706053 0.000627755 0.000556658 0.000492411 0.000434603 0.000382787 0.000336501 0.000295283 0.000258681 0.000226262 0.000197615 0.000172358 0.000150133 0.000130613 0.000113499 9.85188e-05 8.54261e-05 7.39994e-05 6.40404e-05 5.53713e-05 4.78344e-05 4.12891e-05 3.56111e-05 3.06905e-05 2.64305e-05 2.27459e-05 1.95617e-05 1.68123e-05 1.44402e-05 1.23953e-05 1.06338e-05 9.11751e-06 7.81314e-06 6.69185e-06 5.72854e-06 4.90148e-06 4.19182e-06 3.58323e-06 3.06162e-06 2.61479e-06 2.23222e-06 1.90484e-06 1.62481e-06 1.38541e-06 1.18083e-06 1.00609e-06 8.56892e-07 7.29563e-07 6.2094e-07 5.28313e-07 4.49355e-07 3.82075e-07 3.24767e-07 2.75971e-07 2.34436e-07 1.99094e-07 1.69032e-07 1.43468e-07 1.21738e-07 1.03271e-07 8.75827e-08 7.42585e-08 6.29455e-08 5.33428e-08 4.51941e-08 3.82812e-08 3.24181e-08 2.74467e-08 2.32325e-08 1.96611e-08 1.66351e-08 1.40718e-08 1.1901e-08 1.00631e-08 8.50724e-09 7.19054e-09 6.07646e-09 5.13401e-09 4.33692e-09 3.66291e-09 3.09309e-09 2.61145e-09 2.20442e-09 1.86051e-09 1.56998e-09 1.32461e-09 1.11739e-09 9.42443e-10 7.94759e-10 6.70111e-10 5.64925e-10 4.76178e-10 4.01312e-10
0.00349729 0.00124056 0.00114727 0.001054 0.00096279 0.000875064 0.000791805 0.000713633 0.000640891 0.000573712 0.000512072 0.000455832 0.000404772 0.000358616 0.000317057 0.000279767 0.000246415 0.000216669 0.000190211 0.000166734 0.000145949 0.000127584 0.00011139 9.71354e-05 8.4609e-05 7.36186e-05 6.39901e-05 5.55664e-05 4.82066e-05 4.17841e-05 3.61864e-05 3.13128e-05 2.70742e-05 2.33917e-05 2.01953e-05 1.74235e-05 1.5022e-05 1.2943e-05 1.11448e-05 9.59052e-06 8.24819e-06 7.08971e-06 6.09059e-06 5.22949e-06 4.48781e-06 3.84939e-06 3.30019e-06 2.82801e-06 2.42228e-06 2.07383e-06 1.77473e-06 1.51814e-06 1.2981e-06 1.10952e-06 9.47962e-07 8.09621e-07 6.91213e-07 5.89909e-07 5.03274e-07 4.29214e-07 3.6593e-07 3.11874e-07 2.65718e-07 2.26321e-07 1.92707e-07 1.64035e-07 1.39589e-07 1.18751e-07 1.00996e-07 8.58714e-08 7.29921e-08 6.20281e-08 5.26972e-08 4.47586e-08 3.80064e-08 3.22649e-08 2.73841e-08 2.32362e-08 1.9712e-08 1.67185e-08 1.41764e-08 1.20182e-08 1.01864e-08 8.63193e-09 7.31316e-09 6.1946e-09 5.24607e-09 4.4419e-09 3.76026e-09 3.18262e-09 2.6932e-09 2.27863e-09 1.92751e-09 1.63021e-09 1.37852e-09 1.16548e-09 9.85201e-10 8.32665e-10 7.03628e-10 5.9449e-10 5.02198e-10
0.00287555 0.0010593 0.000989538 0.000917521 0.000845313 0.000774452 0.000706053 0.000640891 0.000579473 0.000522099 0.000468904 0.000419904 0.000375021 0.000334113 0.000296992 0.000263439 0.000233219 0.000206087 0.0001818 0.000160116 0.000140805 0.000123647 0.000108432 9.49681e-05 8.30749e-05 7.25873e-05 6.3354e-05 5.52372e-05 4.81122e-05 4.18662e-05 3.63977e-05 3.16157e-05 2.74388e-05 2.37946e-05 2.06182e-05 1.78526e-05 1.54467e-05 1.33558e-05 1.15401e-05 9.96486e-06 8.59922e-06 7.41624e-06 6.39225e-06 5.50652e-06 4.7409e-06 4.07955e-06 3.50864e-06 3.01611e-06 2.59145e-06 2.22552e-06 1.91038e-06 1.63913e-06 1.40577e-06 1.20513e-06 1.03269e-06 8.84565e-07 7.57389e-07 6.48247e-07 5.54624e-07 4.74348e-07 4.05546e-07 3.46602e-07 2.96123e-07 2.52911e-07 2.15935e-07 1.84305e-07 1.57259e-07 1.34141e-07 1.14386e-07 9.75125e-08 8.31039e-08 7.08042e-08 6.03083e-08 5.13542e-08 4.37179e-08 3.72074e-08 3.16583e-08 2.693e-08 2.29023e-08 1.94722e-08 1.65519e-08 1.40662e-08 1.19511e-08 1.01517e-08 8.62136e-09 7.32009e-09 6.21389e-09 5.27375e-09 4.47491e-09 3.7963e-09 3.21995e-09 2.73056e-09 2.3151e-09 1.96248e-09 1.66325e-09 1.40938e-09 1.19404e-09 1.01143e-09 8.56584e-10 7.25321e-10 6.14066e-10
0.00236434 0.000903274 0.000852072 0.000797136 0.000740473 0.000683626 0.000627755 0.000573712 0.000522099 0.000473318 0.000427615 0.000385113 0.00034584 0.000309752 0.000276754 0.000246713 0.000219471 0.000194856 0.000172684 0.000152772 0.000134938 0.000119004 0.0001048 9.21663e-05 8.09507e-05 7.10127e-05 6.22219e-05 5.44586e-05 4.76133e-05 4.15862e-05 3.62866e-05 3.1633e-05 2.75515e-05 2.3976e-05 2.08473e-05 1.81125e-05 1.57244e-05 1.36412e-05 1.18255e-05 1.02444e-05 8.86882e-06 7.67302e-06 6.63433e-06 5.73279e-06 4.95086e-06 4.27317e-06 3.68622e-06 3.1782e-06 2.73877e-06 2.35891e-06 2.03074e-06 1.74739e-06 1.50288e-06 1.292e-06 1.11022e-06 9.53605e-07 8.18742e-07 7.02665e-07 6.02805e-07 5.16935e-07 4.43129e-07 3.7972e-07 3.25266e-07 2.78522e-07 2.38413e-07 2.04011e-07 1.74515e-07 1.49235e-07 1.27576e-07 1.09027e-07 9.3146e-08 7.95546e-08 6.79264e-08 5.79812e-08 4.9478e-08 4.22102e-08 3.60002e-08 3.06956e-08 2.61658e-08 2.22987e-08 1.89983e-08 1.61824e-08 1.37805e-08 1.17323e-08 9.98621e-09 8.49799e-09 7.22991e-09 6.14967e-09 5.22969e-09 4.44637e-09 3.77957e-09 3.21209e-09 2.72925e-09 2.31852e-09 1.96921e-09 1.6722e-09 1.4197e-09 1.20511e-09 1.02275e-09 8.67833e-10 7.36244e-10
0.00194402 0.000769246 0.000732571 0.000691286 0.000647274 0.000602016 0.000556658 0.000512072 0.000468904 0.000427615 0.000388519 0.000351811 0.000317594 0.000285897 0.000256695 0.000229923 0.000205482 0.000183258 0.00016312 0.00014493 0.000128548 0.000113833 0.00010065 8.88645e-05 7.8352e-05 6.89934e-05 6.06776e-05 5.33014e-05 4.67692e-05 4.09936e-05 3.58943e-05 3.13984e-05 2.74397e-05 2.39584e-05 2.09006e-05 1.82178e-05 1.58665e-05 1.3808e-05 1.20075e-05 1.04342e-05 9.06072e-06 7.8627e-06 6.81861e-06 5.90942e-06 5.11831e-06 4.43046e-06 3.83283e-06 3.31396e-06 2.86376e-06 2.47341e-06 2.13517e-06 1.84225e-06 1.58874e-06 1.36947e-06 1.17991e-06 1.01613e-06 8.747e-07 7.5263e-07 6.47324e-07 5.56525e-07 4.7827e-07 4.10858e-07 3.52813e-07 3.02855e-07 2.59876e-07 2.22917e-07 1.91147e-07 1.63849e-07 1.40402e-07 1.20271e-07 1.02993e-07 8.81697e-08 7.54564e-08 6.45566e-08 5.52149e-08 4.72112e-08 4.03561e-08 3.44867e-08 2.94629e-08 2.5164e-08 2.14867e-08 1.8342e-08 1.56535e-08 1.33557e-08 1.13923e-08 9.71525e-09 8.28306e-09 7.06034e-09 6.01672e-09 5.12619e-09 4.36649e-09 3.71855e-09 3.16607e-09 2.6951e-09 2.2937e-09 1.95168e-09 1.66032e-09 1.41218e-09 1.20088e-09 1.02099e-09 8.67889e-10
0.00159841 0.000654325 0.000628928 0.000598483 0.00056471 0.000528988 0.000492411 0.000455832 0.000419904 0.000385113 0.000351811 0.00032024 0.00029055 0.000262826 0.000237092 0.000213334 0.000191504 0.000171529 0.000153323 0.000136785 0.00012181 0.000108291 9.61168e-05 8.5182e-05 7.53825e-05 6.66193e-05 5.87983e-05 5.18312e-05 4.56358e-05 4.01355e-05 3.52601e-05 3.09449e-05 2.7131e-05 2.37644e-05 2.07966e-05 1.81834e-05 1.58851e-05 1.38659e-05 1.20939e-05 1.05403e-05 9.17956e-06 7.98879e-06 6.94771e-06 6.03828e-06 5.24451e-06 4.55223e-06 3.94893e-06 3.42357e-06 2.96641e-06 2.56886e-06 2.22339e-06 1.92336e-06 1.66297e-06 1.43711e-06 1.24133e-06 1.07171e-06 9.24836e-07 7.97733e-07 6.87796e-07 5.92755e-07 5.10633e-07 4.39708e-07 3.78482e-07 3.25654e-07 2.80093e-07 2.40815e-07 2.0697e-07 1.77817e-07 1.52717e-07 1.31115e-07 1.12531e-07 9.65487e-08 8.28096e-08 7.1003e-08 6.08607e-08 5.21513e-08 4.46748e-08 3.82589e-08 3.27549e-08 2.80348e-08 2.39882e-08 2.052e-08 1.75486e-08 1.50034e-08 1.28241e-08 1.09585e-08 9.362e-09 7.99608e-09 6.8278e-09 5.82881e-09 4.97481e-09 4.24496e-09 3.62135e-09 3.08867e-09 2.63375e-09 2.24535e-09 1.91382e-09 1.63089e-09 1.3895e-09 1.1836e-09 1.008e-09
0.00131425 0.000555953 0.000539228 0.000517329 0.000491794 0.00046388 0.000434603 0.000404772 0.000375021 0.00034584 0.000317594 0.00029055 0.000264893 0.000240739 0.000218152 0.000197154 0.000177735 0.000159857 0.000143468 0.000128498 0.000114872 0.000102508 9.132e-05 8.12237e-05 7.21346e-05 6.39709e-05 5.66538e-05 5.01086e-05 4.42648e-05 3.90564e-05 3.44219e-05 3.03045e-05 2.66519e-05 2.34163e-05 2.05538e-05 1.80246e-05 1.57926e-05 1.38252e-05 1.2093e-05 1.05694e-05 9.23061e-06 8.05544e-06 7.02483e-06 6.12182e-06 5.33128e-06 4.6398e-06 4.03544e-06 3.50765e-06 3.04706e-06 2.64541e-06 2.29541e-06 1.99062e-06 1.72538e-06 1.4947e-06 1.2942e-06 1.12004e-06 9.68856e-07 8.37682e-07 7.23934e-07 6.25352e-07 5.39957e-07 4.66025e-07 4.02047e-07 3.4671e-07 2.9887e-07 2.57531e-07 2.21824e-07 1.90997e-07 1.64393e-07 1.41444e-07 1.21656e-07 1.04601e-07 8.99054e-08 7.72491e-08 6.63529e-08 5.69755e-08 4.8908e-08 4.19699e-08 3.60052e-08 3.08791e-08 2.6475e-08 2.26926e-08 1.94451e-08 1.66578e-08 1.42661e-08 1.22145e-08 1.04553e-08 8.94709e-09 7.65452e-09 6.54705e-09 5.59844e-09 4.78611e-09 4.09068e-09 3.49548e-09 2.98619e-09 2.55052e-09 2.17793e-09 1.85936e-09 1.58704e-09 1.35431e-09 1.15547e-09
0.00108061 0.000471878 0.000461746 0.000446528 0.00042758 0.000406025 0.000382787 0.000358616 0.000334113 0.000309752 0.000285897 0.000262826 0.000240739 0.000219776 0.000200027 0.00018154 0.000164332 0.000148394 0.000133699 0.000120205 0.000107857 9.65978e-05 8.63612e-05 7.70808e-05 6.86892e-05 6.11197e-05 5.4307e-05 4.81884e-05 4.2704e-05 3.77971e-05 3.34146e-05 2.9507e-05 2.60281e-05 2.29356e-05 2.01904e-05 1.77567e-05 1.56019e-05 1.36964e-05 1.20134e-05 1.05284e-05 9.21958e-06 8.06723e-06 7.05362e-06 6.1629e-06 5.38088e-06 4.6949e-06 4.09366e-06 3.56712e-06 3.10638e-06 2.70351e-06 2.35151e-06 2.04416e-06 1.776e-06 1.54218e-06 1.33843e-06 1.16101e-06 1.00659e-06 8.72291e-07 7.55546e-07 6.5412e-07 5.66052e-07 4.89623e-07 4.23329e-07 3.65855e-07 3.16053e-07 2.72919e-07 2.35578e-07 2.03266e-07 1.7532e-07 1.51159e-07 1.3028e-07 1.12245e-07 9.66719e-08 8.3231e-08 7.16346e-08 6.16334e-08 5.30113e-08 4.55808e-08 3.91794e-08 3.36667e-08 2.89209e-08 2.48367e-08 2.1323e-08 1.83012e-08 1.57032e-08 1.34702e-08 1.15516e-08 9.90364e-09 8.48852e-09 7.27372e-09 6.23117e-09 5.33671e-09 4.56952e-09 3.91166e-09 3.34771e-09 2.86438e-09 2.45027e-09 2.09554e-09 1.79177e-09 1.53168e-09 1.30907e-09
0.000888498 0.000400125 0.000394937 0.000384894 0.000371174 0.000354767 0.000336501 0.000317057 0.000296992 0.000276754 0.000256695 0.000237092 0.000218152 0.000200027 0.000182822 0.000166605 0.000151412 0.000137257 0.000124131 0.000112013 0.000100868 9.0655e-05 8.13266e-05 7.28316e-05 6.51169e-05 5.81287e-05 5.18136e-05 4.61196e-05 4.09962e-05 3.63952e-05 3.2271e-05 2.85806e-05 2.52837e-05 2.23431e-05 1.97239e-05 1.73945e-05 1.53254e-05 1.349e-05 1.18638e-05 1.04246e-05 9.15243e-06 8.02904e-06 7.03806e-06 6.16475e-06 5.39587e-06 4.71954e-06 4.12515e-06 3.60323e-06 3.1453e-06 2.74384e-06 2.39217e-06 2.08432e-06 1.81505e-06 1.57967e-06 1.37406e-06 1.19457e-06 1.03799e-06 9.01474e-07 7.82524e-07 6.7894e-07 5.88789e-07 5.10373e-07 4.422e-07 3.82964e-07 3.3152e-07 2.86866e-07 2.48123e-07 2.14526e-07 1.85405e-07 1.60174e-07 1.38325e-07 1.19411e-07 1.03046e-07 8.8892e-08 7.6655e-08 6.60799e-08 5.69444e-08 4.90556e-08 4.22459e-08 3.63698e-08 3.13013e-08 2.69307e-08 2.31634e-08 1.99172e-08 1.71209e-08 1.47129e-08 1.26401e-08 1.08562e-08 9.32154e-09 8.00167e-09 6.86686e-09 5.89145e-09 5.0533e-09 4.33329e-09 3.71494e-09 3.18405e-09 2.72837e-09 2.33734e-09 2.00189e-09 1.71419e-09 1.46749e-09
0.000730543 0.00033897 0.000337425 0.000331345 0.000321742 0.000309478 0.000295283 0.000279767 0.000263439 0.000246713 0.000229923 0.000213334 0.000197154 0.00018154 0.000166605 0.000152429 0.000139063 0.000126535 0.000114852 0.000104009 9.3986e-05 8.47572e-05 7.62888e-05 6.85427e-05 6.14781e-05 5.50524e-05 4.92227e-05 4.39459e-05 3.91801e-05 3.48847e-05 3.10207e-05 2.75512e-05 2.44412e-05 2.16579e-05 1.9171e-05 1.69521e-05 1.49751e-05 1.3216e-05 1.16528e-05 1.02653e-05 9.03521e-06 7.9459e-06 6.9823e-06 6.13077e-06 5.37901e-06 4.71599e-06 4.13175e-06 3.61739e-06 3.16494e-06 2.76728e-06 2.41806e-06 2.1116e-06 1.84288e-06 1.60742e-06 1.40125e-06 1.22084e-06 1.06309e-06 9.25232e-07 8.04838e-07 6.9976e-07 6.08102e-07 5.28197e-07 4.58577e-07 3.97951e-07 3.45186e-07 2.99286e-07 2.59379e-07 2.24698e-07 1.94575e-07 1.68422e-07 1.45728e-07 1.26042e-07 1.08975e-07 9.41835e-08 8.13702e-08 7.02751e-08 6.06716e-08 5.23624e-08 4.5176e-08 3.8963e-08 3.35935e-08 2.89547e-08 2.49487e-08 2.14902e-08 1.85056e-08 1.59307e-08 1.37101e-08 1.17956e-08 1.01456e-08 8.72397e-09 7.49947e-09 6.44511e-09 5.5375e-09 4.75646e-09 4.08452e-09 3.50662e-09 3.00973e-09 2.58262e-09 2.21558e-09 1.90024e-09 1.62941e-09
0.000600669 0.000286914 0.000287991 0.000284906 0.000278516 0.000269561 0.000258681 0.000246415 0.000233219 0.000219471 0.000205482 0.000191504 0.000177735 0.000164332 0.000151412 0.000139063 0.000127344 0.000116293 0.00010593 9.62607e-05 8.72782e-05 7.89677e-05 7.13072e-05 6.42695e-05 5.78241e-05 5.19378e-05 4.65766e-05 4.17054e-05 3.72899e-05 3.32959e-05 2.96906e-05 2.64423e-05 2.3521e-05 2.08982e-05 1.85472e-05 1.64431e-05 1.45627e-05 1.28845e-05 1.13889e-05 1.00576e-05 8.87394e-06 7.82288e-06 6.89057e-06 6.06447e-06 5.33324e-06 4.68663e-06 4.1154e-06 3.61121e-06 3.16659e-06 2.77485e-06 2.42999e-06 2.12663e-06 1.85999e-06 1.6258e-06 1.42026e-06 1.24e-06 1.08201e-06 9.43641e-07 8.22527e-07 7.16587e-07 6.23976e-07 5.43065e-07 4.72417e-07 4.10766e-07 3.56995e-07 3.10123e-07 2.69286e-07 2.33726e-07 2.02775e-07 1.7585e-07 1.52438e-07 1.3209e-07 1.14414e-07 9.90647e-08 8.57428e-08 7.4185e-08 6.41619e-08 5.54733e-08 4.79446e-08 4.14235e-08 3.57774e-08 3.08906e-08 2.66627e-08 2.30061e-08 1.98447e-08 1.71125e-08 1.4752e-08 1.27133e-08 1.09532e-08 9.434e-09 8.12323e-09 6.99262e-09 6.01772e-09 5.17734e-09 4.45313e-09 3.82922e-09 3.29187e-09 2.82921e-09 2.43097e-09 2.08826e-09 1.79343e-09
0.000493883 0.000242653 0.000245562 0.000244701 0.00024079 0.00023446 0.000226262 0.000216669 0.000206087 0.000194856 0.000183258 0.000171529 0.000159857 0.000148394 0.000137257 0.000126535 0.000116293 0.000106577 9.74144e-05 8.88196e-05 8.07957e-05 7.33369e-05 6.64304e-05 6.00581e-05 5.41978e-05 4.88246e-05 4.39117e-05 3.94314e-05 3.53554e-05 3.16556e-05 2.83045e-05 2.52752e-05 2.2542e-05 2.00803e-05 1.78669e-05 1.58799e-05 1.40989e-05 1.25049e-05 1.10801e-05 9.80831e-06 8.67452e-06 7.66497e-06 6.76709e-06 5.96942e-06 5.26153e-06 4.63397e-06 4.07816e-06 3.58638e-06 3.15165e-06 2.76769e-06 2.42888e-06 2.13014e-06 1.86695e-06 1.63526e-06 1.43146e-06 1.25232e-06 1.09496e-06 9.56843e-07 8.35689e-07 7.29485e-07 6.36445e-07 5.54989e-07 4.83717e-07 4.21392e-07 3.66923e-07 3.19345e-07 2.7781e-07 2.4157e-07 2.09965e-07 1.82417e-07 1.58417e-07 1.37518e-07 1.19328e-07 1.03503e-07 8.97421e-08 7.77811e-08 6.73892e-08 5.83643e-08 5.05299e-08 4.37317e-08 3.7835e-08 3.27223e-08 2.8291e-08 2.44518e-08 2.11267e-08 1.8248e-08 1.57566e-08 1.36012e-08 1.17371e-08 1.01255e-08 8.73261e-09 7.52917e-09 6.48973e-09 5.59223e-09 4.81753e-09 4.14903e-09 3.57234e-09 3.075e-09 2.64622e-09 2.27665e-09 1.9582e-09
0.000406082 0.000205062 0.000209193 0.000209948 0.000207924 0.000203657 0.000197615 0.000190211 0.0001818 0.000172684 0.00016312 0.000153323 0.000143468 0.000133699 0.000124131 0.000114852 0.00010593 9.74144e-05 8.93383e-05 8.17225e-05 7.45771e-05 6.79038e-05 6.16969e-05 5.59455e-05 5.06345e-05 4.57458e-05 4.1259e-05 3.71521e-05 3.34026e-05 2.99874e-05 2.68837e-05 2.40688e-05 2.1521e-05 1.92192e-05 1.71433e-05 1.52742e-05 1.3594e-05 1.20858e-05 1.07341e-05 9.52414e-06 8.4426e-06 7.47703e-06 6.61602e-06 5.84915e-06 5.16687e-06 4.5605e-06 4.02215e-06 3.54467e-06 3.12157e-06 2.74701e-06 2.41572e-06 2.12294e-06 1.86442e-06 1.63634e-06 1.43526e-06 1.25812e-06 1.1022e-06 9.65038e-07 8.44471e-07 7.3856e-07 6.45585e-07 5.64018e-07 4.92505e-07 4.29842e-07 3.74969e-07 3.26944e-07 2.84936e-07 2.48211e-07 2.16123e-07 1.881e-07 1.63639e-07 1.423e-07 1.23692e-07 1.07473e-07 9.33441e-08 8.10408e-08 7.03322e-08 6.10155e-08 5.29135e-08 4.58706e-08 3.9751e-08 3.44358e-08 2.9821e-08 2.58159e-08 2.23412e-08 1.9328e-08 1.67157e-08 1.4452e-08 1.24909e-08 1.07927e-08 9.32251e-09 8.05023e-09 6.94955e-09 5.99764e-09 5.17466e-09 4.46336e-09 3.84878e-09 3.31793e-09 2.85954e-09 2.46383e-09 2.12233e-09
0.000333889 0.000173167 0.000178056 0.00017995 0.000179342 0.000176678 0.000172358 0.000166734 0.000160116 0.000152772 0.00014493 0.000136785 0.000128498 0.000120205 0.000112013 0.000104009 9.62607e-05 8.88196e-05 8.17225e-05 7.49943e-05 6.86504e-05 6.26977e-05 5.71363e-05 5.19611e-05 4.71629e-05 4.27288e-05 3.8644e-05 3.48915e-05 3.14535e-05 2.83115e-05 2.54465e-05 2.28399e-05 2.04731e-05 1.83283e-05 1.63883e-05 1.46364e-05 1.30571e-05 1.16355e-05 1.03579e-05 9.21127e-06 8.18358e-06 7.26371e-06 6.44136e-06 5.70708e-06 5.05218e-06 4.46873e-06 3.94949e-06 3.48787e-06 3.07787e-06 2.71407e-06 2.39156e-06 2.10591e-06 1.85313e-06 1.62961e-06 1.43214e-06 1.25781e-06 1.10402e-06 9.68468e-07 8.49064e-07 7.4396e-07 6.51507e-07 5.70235e-07 4.98839e-07 4.36156e-07 3.81158e-07 3.32931e-07 2.90666e-07 2.53646e-07 2.21239e-07 1.92885e-07 1.6809e-07 1.46419e-07 1.27488e-07 1.10958e-07 9.65313e-08 8.39469e-08 7.29742e-08 6.34113e-08 5.50806e-08 4.78265e-08 4.15125e-08 3.60192e-08 3.12417e-08 2.70885e-08 2.34794e-08 2.03443e-08 1.7622e-08 1.5259e-08 1.32087e-08 1.14303e-08 9.88821e-09 8.55161e-09 7.39346e-09 6.39028e-09 5.52161e-09 4.76966e-09 4.11895e-09 3.55603e-09 3.0692e-09 2.64831e-09 2.28453e-09
0.000274531 0.000146132 0.00015143 0.000154093 0.000154524 0.000153092 0.000150133 0.000145949 0.000140805 0.000134938 0.000128548 0.00012181 0.000114872 0.000107857 0.000100868 9.3986e-05 8.72782e-05 8.07957e-05 7.45771e-05 6.86504e-05 6.30342e-05 5.77395e-05 5.27709e-05 4.81278e-05 4.38054e-05 3.97956e-05 3.60879e-05 3.26696e-05 2.9527e-05 2.66452e-05 2.40089e-05 2.16028e-05 1.94114e-05 1.74196e-05 1.56126e-05 1.39761e-05 1.24968e-05 1.11615e-05 9.95825e-06 8.87548e-06 7.90252e-06 7.02942e-06 6.24693e-06 5.54651e-06 4.92031e-06 4.3611e-06 3.86226e-06 3.41774e-06 3.02204e-06 2.67013e-06 2.35747e-06 2.07994e-06 1.83381e-06 1.61571e-06 1.42261e-06 1.25179e-06 1.10079e-06 9.67414e-07 8.49694e-07 7.45865e-07 6.54352e-07 5.73749e-07 5.02803e-07 4.40396e-07 3.85535e-07 3.37338e-07 2.9502e-07 2.57886e-07 2.25319e-07 1.96773e-07 1.71765e-07 1.49869e-07 1.30706e-07 1.13945e-07 9.92919e-08 8.64872e-08 7.53034e-08 6.55397e-08 5.70197e-08 4.95883e-08 4.31092e-08 3.74628e-08 3.25442e-08 2.82613e-08 2.45334e-08 2.12899e-08 1.8469e-08 1.60165e-08 1.38851e-08 1.20335e-08 1.04255e-08 9.02951e-09 7.81807e-09 6.76711e-09 5.85568e-09 5.06553e-09 4.38073e-09 3.78742e-09 3.27356e-09 2.82863e-09 2.44351e-09
0.000225726 0.000123236 0.000128685 0.000131833 0.000133005 0.000132505 0.000130613 0.000127584 0.000123647 0.000119004 0.000113833 0.000108291 0.000102508 9.65978e-05 9.0655e-05 8.47572e-05 7.89677e-05 7.33369e-05 6.79038e-05 6.26977e-05 5.77395e-05 5.30431e-05 4.86164e-05 4.44621e-05 4.05793e-05 3.69634e-05 3.36076e-05 3.05027e-05 2.76384e-05 2.50031e-05 2.25846e-05 2.03703e-05 1.83475e-05 1.65034e-05 1.48256e-05 1.33019e-05 1.19207e-05 1.06706e-05 9.54112e-06 8.52211e-06 7.60412e-06 6.77828e-06 6.03633e-06 5.3706e-06 4.774e-06 4.23997e-06 3.76249e-06 3.33605e-06 2.95558e-06 2.61648e-06 2.31454e-06 2.04595e-06 1.80724e-06 1.59528e-06 1.40722e-06 1.24052e-06 1.09287e-06 9.62183e-07 8.46611e-07 7.44477e-07 6.54284e-07 5.74691e-07 5.045e-07 4.42642e-07 3.88163e-07 3.40212e-07 2.98034e-07 2.60955e-07 2.28377e-07 1.99772e-07 1.74668e-07 1.52649e-07 1.33345e-07 1.16432e-07 1.0162e-07 8.8655e-08 7.73119e-08 6.73927e-08 5.87227e-08 5.11479e-08 4.45331e-08 3.87591e-08 3.37212e-08 2.93274e-08 2.54969e-08 2.21589e-08 1.92513e-08 1.67194e-08 1.45157e-08 1.25982e-08 1.09305e-08 9.48054e-09 8.22032e-09 7.1254e-09 6.17444e-09 5.34879e-09 4.63217e-09 4.01039e-09 3.47107e-09 3.00344e-09 2.59807e-09
0.000185597 0.000103863 0.000109277 0.000112694 0.000114374 0.000114565 0.000113499 0.00011139 0.000108432 0.0001048 0.00010065 9.61168e-05 9.132e-05 8.63612e-05 8.13266e-05 7.62888e-05 7.13072e-05 6.64304e-05 6.16969e-05 5.71363e-05 5.27709e-05 4.86164e-05 4.46829e-05 4.0976e-05 3.74973e-05 3.42454e-05 3.12163e-05 2.84038e-05 2.58004e-05 2.33972e-05 2.11848e-05 1.91529e-05 1.7291e-05 1.55888e-05 1.40356e-05 1.26212e-05 1.13355e-05 1.01689e-05 9.11198e-06 8.15603e-06 7.29269e-06 6.51411e-06 5.81293e-06 5.18228e-06 4.6158e-06 4.10757e-06 3.65213e-06 3.24447e-06 2.87995e-06 2.55436e-06 2.26384e-06 2.00486e-06 1.77421e-06 1.56898e-06 1.38653e-06 1.22447e-06 1.08064e-06 9.53102e-07 8.40087e-07 7.40021e-07 6.51487e-07 5.73211e-07 5.04053e-07 4.42993e-07 3.89118e-07 3.41614e-07 2.99753e-07 2.62888e-07 2.30442e-07 2.01902e-07 1.76812e-07 1.54768e-07 1.35409e-07 1.18419e-07 1.03515e-07 9.04476e-08 7.89962e-08 6.89658e-08 6.01844e-08 5.25001e-08 4.57788e-08 3.99025e-08 3.47673e-08 3.02816e-08 2.6365e-08 2.29466e-08 1.99644e-08 1.73636e-08 1.50965e-08 1.31209e-08 1.14001e-08 9.90173e-09 8.59751e-09 7.46272e-09 6.47568e-09 5.61746e-09 4.8715e-09 4.22334e-09 3.66034e-09 3.17147e-09 2.74711e-09
0.000152602 8.74828e-05 9.27301e-05 9.62549e-05 9.82628e-05 9.8954e-05 9.85188e-05 9.71354e-05 9.49681e-05 9.21663e-05 8.88645e-05 8.5182e-05 8.12237e-05 7.70808e-05 7.28316e-05 6.85427e-05 6.42695e-05 6.00581e-05 5.59455e-05 5.19611e-05 4.81278e-05 4.44621e-05 4.0976e-05 3.76767e-05 3.45682e-05 3.16512e-05 2.8924e-05 2.63831e-05 2.4023e-05 2.18374e-05 1.98189e-05 1.79594e-05 1.62506e-05 1.46836e-05 1.32499e-05 1.19407e-05 1.07474e-05 9.66175e-06 8.67573e-06 7.78164e-06 6.97217e-06 6.2404e-06 5.57982e-06 4.9843e-06 4.44814e-06 3.96603e-06 3.53303e-06 3.14461e-06 2.79655e-06 2.48499e-06 2.20641e-06 1.95755e-06 1.73547e-06 1.53747e-06 1.36109e-06 1.20412e-06 1.06453e-06 9.4051e-07 8.30407e-07 7.32736e-07 6.46159e-07 5.69473e-07 5.01596e-07 4.41559e-07 3.88491e-07 3.41616e-07 3.00237e-07 2.63732e-07 2.31549e-07 2.03191e-07 1.78219e-07 1.56241e-07 1.36909e-07 1.19914e-07 1.04981e-07 9.1867e-08 8.03563e-08 7.02579e-08 6.14028e-08 5.36418e-08 4.68428e-08 4.08894e-08 3.56787e-08 3.11201e-08 2.71337e-08 2.36493e-08 2.06048e-08 1.79458e-08 1.56244e-08 1.35987e-08 1.18315e-08 1.02906e-08 8.94734e-09 7.77693e-09 6.75746e-09 5.86978e-09 5.09713e-09 4.42484e-09 3.84006e-09 3.33158e-09 2.88958e-09
0.000125473 7.36442e-05 7.86365e-05 8.21509e-05 8.43482e-05 8.53883e-05 8.54261e-05 8.4609e-05 8.30749e-05 8.09507e-05 7.8352e-05 7.53825e-05 7.21346e-05 6.86892e-05 6.51169e-05 6.14781e-05 5.78241e-05 5.41978e-05 5.06345e-05 4.71629e-05 4.38054e-05 4.05793e-05 3.74973e-05 3.45682e-05 3.17973e-05 2.91872e-05 2.67381e-05 2.44482e-05 2.23141e-05 2.03315e-05 1.84946e-05 1.67974e-05 1.5233e-05 1.37944e-05 1.24745e-05 1.12659e-05 1.01615e-05 9.15403e-06 8.23671e-06 7.40286e-06 6.6461e-06 5.96034e-06 5.33984e-06 4.77918e-06 4.27325e-06 3.81732e-06 3.40693e-06 3.038e-06 2.7067e-06 2.40953e-06 2.14326e-06 1.90492e-06 1.69179e-06 1.5014e-06 1.33146e-06 1.17993e-06 1.04493e-06 9.24753e-07 8.17864e-07 7.22868e-07 6.38508e-07 5.63651e-07 4.97274e-07 4.38459e-07 3.8638e-07 3.40299e-07 2.9955e-07 2.63541e-07 2.31739e-07 2.03671e-07 1.78914e-07 1.57088e-07 1.37859e-07 1.20927e-07 1.06026e-07 9.29187e-08 8.13957e-08 7.12706e-08 6.23784e-08 5.45726e-08 4.7724e-08 4.17179e-08 3.64532e-08 3.18404e-08 2.78007e-08 2.42643e-08 2.11699e-08 1.84633e-08 1.60971e-08 1.40291e-08 1.22225e-08 1.06449e-08 9.26786e-09 8.06625e-09 7.01814e-09 6.10425e-09 5.30769e-09 4.61363e-09 4.0091e-09 3.48273e-09 3.02456e-09
0.000103166 6.19611e-05 6.66425e-05 7.00623e-05 7.23443e-05 7.3615e-05 7.39994e-05 7.36186e-05 7.25873e-05 7.10127e-05 6.89934e-05 6.66193e-05 6.39709e-05 6.11197e-05 5.81287e-05 5.50524e-05 5.19378e-05 4.88246e-05 4.57458e-05 4.27288e-05 3.97956e-05 3.69634e-05 3.42454e-05 3.16512e-05 2.91872e-05 2.68573e-05 2.46631e-05 2.26044e-05 2.06795e-05 1.88853e-05 1.72178e-05 1.56725e-05 1.4244e-05 1.29267e-05 1.17146e-05 1.06018e-05 9.58225e-06 8.64985e-06 7.79875e-06 7.02319e-06 6.31763e-06 5.67678e-06 5.09557e-06 4.56921e-06 4.09319e-06 3.66325e-06 3.27544e-06 2.92606e-06 2.61166e-06 2.32908e-06 2.07535e-06 1.84779e-06 1.6439e-06 1.4614e-06 1.2982e-06 1.15239e-06 1.02225e-06 9.06178e-07 8.02753e-07 7.10669e-07 6.28748e-07 5.55925e-07 4.91238e-07 4.3382e-07 3.82892e-07 3.37751e-07 2.97766e-07 2.62373e-07 2.31063e-07 2.03384e-07 1.78929e-07 1.57336e-07 1.38281e-07 1.21475e-07 1.06662e-07 9.36118e-08 8.2121e-08 7.20087e-08 6.3114e-08 5.52943e-08 4.84231e-08 4.23881e-08 3.70903e-08 3.24416e-08 2.83644e-08 2.47901e-08 2.1658e-08 1.89145e-08 1.65125e-08 1.44104e-08 1.25714e-08 1.09632e-08 9.55749e-09 8.32919e-09 7.25633e-09 6.31958e-09 5.50198e-09 4.78864e-09 4.16647e-09 3.62402e-09 3.15123e-09
8.48256e-05 5.21045e-05 5.64435e-05 5.97107e-05 6.19999e-05 6.34098e-05 6.40404e-05 6.39901e-05 6.3354e-05 6.22219e-05 6.06776e-05 5.87983e-05 5.66538e-05 5.4307e-05 5.18136e-05 4.92227e-05 4.65766e-05 4.39117e-05 4.1259e-05 3.8644e-05 3.60879e-05 3.36076e-05 3.12163e-05 2.8924e-05 2.67381e-05 2.46631e-05 2.27019e-05 2.08554e-05 1.91231e-05 1.75032e-05 1.59931e-05 1.45895e-05 1.32881e-05 1.20847e-05 1.09745e-05 9.95243e-06 9.01356e-06 8.1528e-06 7.36513e-06 6.64565e-06 5.98956e-06 5.39224e-06 4.84929e-06 4.35647e-06 3.9098e-06 3.50551e-06 3.14005e-06 2.81012e-06 2.51261e-06 2.24466e-06 2.0036e-06 1.78697e-06 1.59249e-06 1.41808e-06 1.26182e-06 1.12195e-06 9.96878e-07 8.85127e-07 7.85369e-07 6.96391e-07 6.17093e-07 5.46478e-07 4.83644e-07 4.27776e-07 3.78138e-07 3.34066e-07 2.94964e-07 2.60294e-07 2.29575e-07 2.02373e-07 1.78302e-07 1.57014e-07 1.38198e-07 1.21578e-07 1.06905e-07 9.39581e-08 8.25414e-08 7.24789e-08 6.36149e-08 5.58104e-08 4.89424e-08 4.29015e-08 3.75906e-08 3.29238e-08 2.88248e-08 2.52261e-08 2.20683e-08 1.92983e-08 1.68698e-08 1.47414e-08 1.28769e-08 1.12442e-08 9.81506e-09 8.56461e-09 7.47093e-09 6.51473e-09 5.67904e-09 4.94893e-09 4.31131e-09 3.75466e-09 3.26886e-09
6.97455e-05 4.37942e-05 4.77777e-05 5.08547e-05 5.30948e-05 5.4574e-05 5.53713e-05 5.55664e-05 5.52372e-05 5.44586e-05 5.33014e-05 5.18312e-05 5.01086e-05 4.81884e-05 4.61196e-05 4.39459e-05 4.17054e-05 3.94314e-05 3.71521e-05 3.48915e-05 3.26696e-05 3.05027e-05 2.84038e-05 2.63831e-05 2.44482e-05 2.26044e-05 2.08554e-05 1.92029e-05 1.76474e-05 1.61883e-05 1.48238e-05 1.35517e-05 1.2369e-05 1.12722e-05 1.02576e-05 9.32107e-06 8.45858e-06 7.66587e-06 6.9387e-06 6.27288e-06 5.6643e-06 5.10897e-06 4.60304e-06 4.14281e-06 3.72478e-06 3.3456e-06 3.00212e-06 2.69139e-06 2.41063e-06 2.15725e-06 1.92885e-06 1.7232e-06 1.53823e-06 1.37202e-06 1.22284e-06 1.08906e-06 9.6921e-07 8.61935e-07 7.66001e-07 6.80283e-07 6.03758e-07 5.35495e-07 4.74651e-07 4.2046e-07 3.72232e-07 3.29341e-07 2.91224e-07 2.57373e-07 2.27331e-07 2.00687e-07 1.77072e-07 1.56154e-07 1.37637e-07 1.21256e-07 1.06771e-07 9.39722e-08 8.26683e-08 7.26905e-08 6.3888e-08 5.61264e-08 4.92861e-08 4.32609e-08 3.79562e-08 3.32882e-08 2.91823e-08 2.55726e-08 2.24006e-08 1.96144e-08 1.71682e-08 1.50215e-08 1.31383e-08 1.1487e-08 1.00397e-08 8.77166e-09 7.66111e-09 6.68888e-09 5.83807e-09 5.09379e-09 4.44294e-09 3.87401e-09 3.37686e-09
5.73463e-05 3.67919e-05 4.04198e-05 4.32844e-05 4.5436e-05 4.69321e-05 4.78344e-05 4.82066e-05 4.81122e-05 4.76133e-05 4.67692e-05 4.56358e-05 4.42648e-05 4.2704e-05 4.09962e-05 3.91801e-05 3.72899e-05 3.53554e-05 3.34026e-05 3.14535e-05 2.9527e-05 2.76384e-05 2.58004e-05 2.4023e-05 2.23141e-05 2.06795e-05 1.91231e-05 1.76474e-05 1.62537e-05 1.49422e-05 1.3712e-05 1.25617e-05 1.14892e-05 1.04918e-05 9.5666e-06 8.71045e-06 7.91994e-06 7.19158e-06 6.52182e-06 5.90711e-06 5.34395e-06 4.82889e-06 4.35861e-06 3.92987e-06 3.53961e-06 3.18487e-06 2.86287e-06 2.57097e-06 2.30669e-06 2.06773e-06 1.8519e-06 1.65719e-06 1.48173e-06 1.32378e-06 1.18174e-06 1.05413e-06 9.39612e-07 8.36923e-07 7.4493e-07 6.62591e-07 5.88956e-07 5.23159e-07 4.64415e-07 4.12007e-07 3.65289e-07 3.23674e-07 2.86631e-07 2.53681e-07 2.24392e-07 1.98376e-07 1.75281e-07 1.54793e-07 1.36629e-07 1.20534e-07 1.06283e-07 9.36707e-08 8.25154e-08 7.26544e-08 6.39422e-08 5.62492e-08 4.94596e-08 4.34706e-08 3.81903e-08 3.35372e-08 2.94388e-08 2.58307e-08 2.26557e-08 1.98631e-08 1.7408e-08 1.52504e-08 1.33553e-08 1.16914e-08 1.0231e-08 8.94981e-09 7.82631e-09 6.84146e-09 5.9785e-09 5.22263e-09 4.56081e-09 3.98155e-09 3.47473e-09
4.71514e-05 3.08952e-05 3.41768e-05 3.68186e-05 3.88553e-05 4.03296e-05 4.12891e-05 4.17841e-05 4.18662e-05 4.15862e-05 4.09936e-05 4.01355e-05 3.90564e-05 3.77971e-05 3.63952e-05 3.48847e-05 3.32959e-05 3.16556e-05 2.99874e-05 2.83115e-05 2.66452e-05 2.50031e-05 2.33972e-05 2.18374e-05 2.03315e-05 1.88853e-05 1.75032e-05 1.61883e-05 1.49422e-05 1.37659e-05 1.26591e-05 1.16211e-05 1.06505e-05 9.74544e-06 8.90367e-06 8.12267e-06 7.39973e-06 6.73198e-06 6.11648e-06 5.55024e-06 5.03029e-06 4.55368e-06 4.11755e-06 3.71909e-06 3.35561e-06 3.02453e-06 2.72339e-06 2.44985e-06 2.20171e-06 1.9769e-06 1.77346e-06 1.58958e-06 1.42357e-06 1.27385e-06 1.13897e-06 1.01758e-06 9.08435e-07 8.10401e-07 7.22426e-07 6.43549e-07 5.7289e-07 5.09648e-07 4.5309e-07 4.02551e-07 3.57425e-07 3.17164e-07 2.81269e-07 2.49291e-07 2.20821e-07 1.95493e-07 1.72975e-07 1.52968e-07 1.35203e-07 1.1944e-07 1.05461e-07 9.30717e-08 8.20977e-08 7.23829e-08 6.37875e-08 5.61869e-08 4.94695e-08 4.35357e-08 3.82969e-08 3.3674e-08 2.95966e-08 2.60021e-08 2.28348e-08 2.00453e-08 1.75895e-08 1.54286e-08 1.3528e-08 1.18571e-08 1.03887e-08 9.09878e-09 7.96619e-09 6.97211e-09 6.09995e-09 5.33506e-09 4.6645e-09 4.07687e-09 3.56209e-09
3.87689e-05 2.59323e-05 2.88834e-05 3.13002e-05 3.32058e-05 3.46307e-05 3.56111e-05 3.61864e-05 3.63977e-05 3.62866e-05 3.58943e-05 3.52601e-05 3.44219e-05 3.34146e-05 3.2271e-05 3.10207e-05 2.96906e-05 2.83045e-05 2.68837e-05 2.54465e-05 2.40089e-05 2.25846e-05 2.11848e-05 1.98189e-05 1.84946e-05 1.72178e-05 1.59931e-05 1.48238e-05 1.3712e-05 1.26591e-05 1.16654e-05 1.07307e-05 9.85416e-06 9.03458e-06 8.27028e-06 7.55933e-06 6.89957e-06 6.28869e-06 5.72426e-06 5.2038e-06 4.72479e-06 4.28474e-06 3.88118e-06 3.51169e-06 3.17393e-06 2.86564e-06 2.58466e-06 2.32893e-06 2.09649e-06 1.88549e-06 1.69419e-06 1.52096e-06 1.36428e-06 1.22271e-06 1.09495e-06 9.79757e-07 8.76011e-07 7.82662e-07 6.98747e-07 6.23384e-07 5.5576e-07 4.95134e-07 4.40828e-07 3.92222e-07 3.48754e-07 3.09909e-07 2.75224e-07 2.44275e-07 2.16679e-07 1.92091e-07 1.70198e-07 1.50717e-07 1.33395e-07 1.18001e-07 1.04329e-07 9.21951e-08 8.14316e-08 7.18897e-08 6.34354e-08 5.5949e-08 4.93233e-08 4.34626e-08 3.82811e-08 3.37026e-08 2.96589e-08 2.60894e-08 2.29399e-08 2.01623e-08 1.7714e-08 1.55568e-08 1.36569e-08 1.19845e-08 1.05129e-08 9.2186e-09 8.08068e-09 7.08067e-09 6.20222e-09 5.43085e-09 4.75378e-09 4.15971e-09 3.63866e-09
3.18767e-05 2.17575e-05 2.43978e-05 2.6594e-05 2.83597e-05 2.97163e-05 3.06905e-05 3.13128e-05 3.16157e-05 3.1633e-05 3.13984e-05 3.09449e-05 3.03045e-05 2.9507e-05 2.85806e-05 2.75512e-05 2.64423e-05 2.52752e-05 2.40688e-05 2.28399e-05 2.16028e-05 2.03703e-05 1.91529e-05 1.79594e-05 1.67974e-05 1.56725e-05 1.45895e-05 1.35517e-05 1.25617e-05 1.16211e-05 1.07307e-05 9.89063e-06 9.10066e-06 8.35997e-06 7.66741e-06 7.02154e-06 6.42067e-06 5.86295e-06 5.34643e-06 4.86904e-06 4.42868e-06 4.02325e-06 3.65062e-06 3.30873e-06 2.99555e-06 2.70912e-06 2.44753e-06 2.20898e-06 1.99174e-06 1.79416e-06 1.61469e-06 1.45188e-06 1.30434e-06 1.1708e-06 1.05007e-06 9.41028e-07 8.42649e-07 7.53978e-07 6.74136e-07 6.02309e-07 5.37754e-07 4.79784e-07 4.27773e-07 3.81148e-07 3.39385e-07 3.02007e-07 2.68578e-07 2.38705e-07 2.12029e-07 1.88224e-07 1.66997e-07 1.48081e-07 1.31236e-07 1.16245e-07 1.02912e-07 9.10614e-08 8.05346e-08 7.11894e-08 6.28979e-08 5.55456e-08 4.90296e-08 4.32581e-08 3.81487e-08 3.36277e-08 2.96296e-08 2.60956e-08 2.29734e-08 2.02163e-08 1.77828e-08 1.5636e-08 1.37428e-08 1.20742e-08 1.06041e-08 9.30952e-09 8.16992e-09 7.16719e-09 6.28526e-09 5.5099e-09 4.8285e-09 4.2299e-09 3.70426e-09
2.62097e-05 1.82475e-05 2.05992e-05 2.25831e-05 2.42062e-05 2.54822e-05 2.64305e-05 2.70742e-05 2.74388e-05 2.75515e-05 2.74397e-05 2.7131e-05 2.66519e-05 2.60281e-05 2.52837e-05 2.44412e-05 2.3521e-05 2.2542e-05 2.1521e-05 2.04731e-05 1.94114e-05 1.83475e-05 1.7291e-05 1.62506e-05 1.5233e-05 1.4244e-05 1.32881e-05 1.2369e-05 1.14892e-05 1.06505e-05 9.85416e-06 9.10066e-06 8.39006e-06 7.72197e-06 7.09563e-06 6.51001e-06 5.96385e-06 5.45568e-06 4.98394e-06 4.54694e-06 4.14293e-06 3.77014e-06 3.42679e-06 3.11109e-06 2.82132e-06 2.55575e-06 2.31274e-06 2.0907e-06 1.8881e-06 1.70349e-06 1.53549e-06 1.3828e-06 1.2442e-06 1.11852e-06 1.00469e-06 9.01706e-07 8.08635e-07 7.24607e-07 6.48819e-07 5.80528e-07 5.1905e-07 4.63755e-07 4.14065e-07 3.69451e-07 3.29426e-07 2.93549e-07 2.61414e-07 2.32654e-07 2.06932e-07 1.83946e-07 1.63418e-07 1.45099e-07 1.28762e-07 1.14202e-07 1.01234e-07 8.96918e-08 7.94247e-08 7.02974e-08 6.21881e-08 5.49876e-08 4.85976e-08 4.293e-08 3.79059e-08 3.34546e-08 2.95129e-08 2.60243e-08 2.29381e-08 2.02094e-08 1.77979e-08 1.56677e-08 1.37869e-08 1.21271e-08 1.0663e-08 9.37202e-09 8.23424e-09 7.23189e-09 6.34922e-09 5.57228e-09 4.88867e-09 4.28742e-09 3.75882e-09
