0.865867 0.0255179 0.0145387 0.00828337 0.00471942 0.00268887 0.00153198 0.000872837 0.000497296 0.000283332 0.000161428 9.19727e-05 5.24011e-05 2.98553e-05 1.701e-05 9.69137e-06 5.52162e-06 3.14592e-06 1.79238e-06 1.0212e-06 5.81825e-07 3.31493e-07 1.88867e-07 1.07606e-07 6.13082e-08 3.49301e-08 1.99013e-08 1.13387e-08 6.46018e-09 3.68066e-09 2.09704e-09 1.19478e-09 6.80723e-10 3.87839e-10 2.2097e-10 1.25897e-10 7.17292e-11 4.08675e-11 2.32841e-11 1.3266e-11 7.55826e-12 4.30629e-12 2.45349e-12 1.39787e-12 7.96431e-13 4.53763e-13 2.5853e-13 1.47297e-13 8.39216e-14 4.7814e-14 2.72419e-14 1.5521e-14 8.84301e-15 5.03827e-15 2.87053e-15 1.63548e-15 9.31807e-16 5.30893e-16 3.02475e-16 1.72334e-16 9.81865e-17 5.59414e-17 3.18724e-17 1.81592e-17 1.03461e-17 5.89467e-18 3.35846e-18 1.91347e-18 1.09019e-18 6.21134e-19 3.53889e-19 2.01627e-19 1.14876e-19 6.54502e-20 3.729e-20 2.12458e-20 1.21047e-20 6.89663e-21 3.92933e-21 2.23872e-21 1.2755e-21 7.26713e-22 4.14042e-22 2.35899e-22 1.34402e-22 7.65753e-23 4.36285e-23 2.48572e-23 1.41623e-23 8.06891e-24 4.59723e-24 2.61925e-24 1.49231e-24 8.50238e-25 4.8442e-25 2.75997e-25 1.57248e-25 8.95915e-26 5.10444e-26 2.90824e-26 1.65696e-26
0.0255179 0.00257909 0.00152518 0.000900728 0.000531283 0.000313007 0.000184209 0.000108299 6.36101e-05 3.73281e-05 2.18865e-05 1.28224e-05 7.50648e-06 4.39127e-06 2.56714e-06 1.49978e-06 8.75666e-07 5.10971e-07 2.97997e-07 1.73698e-07 1.01195e-07 5.89266e-08 3.42974e-08 1.99535e-08 1.16035e-08 6.74499e-09 3.91924e-09 2.27645e-09 1.32177e-09 7.67189e-10 4.45144e-10 2.58201e-10 1.49719e-10 8.67891e-11 5.02951e-11 2.91382e-11 1.68764e-11 9.77199e-12 5.65684e-12 3.27383e-12 1.89424e-12 1.09575e-12 6.33706e-13 3.66412e-13 2.11816e-13 1.22421e-13 7.07404e-14 4.08689e-14 2.36067e-14 1.36332e-14 7.87191e-15 4.54451e-15 2.62312e-15 1.51383e-15 8.73509e-16 5.0395e-16 2.90697e-16 1.67659e-16 9.6683e-17 5.57456e-17 3.21373e-17 1.85246e-17 1.06766e-17 6.15256e-18 3.54507e-18 2.0424e-18 1.17653e-18 6.77658e-19 3.90274e-19 2.24739e-19 1.29401e-19 7.44989e-20 4.2886e-20 2.46851e-20 1.42072e-20 8.17599e-21 4.70465e-21 2.7069e-21 1.55732e-21 8.95859e-22 5.15304e-22 2.96379e-22 1.70448e-22 9.80169e-23 5.63601e-23 3.24046e-23 1.86297e-23 1.07095e-23 6.15602e-24 3.53831e-24 2.03357e-24 1.16866e-24 6.71562e-25 3.8588e-25 2.21711e-25 1.27378e-25 7.31759e-26 4.20352e-26 2.41451e-26 1.38681e-26 7.96485e-27
0.0145387 0.00152518 0.000906363 0.000537826 0.000318703 0.000188615 0.000111493 6.58323e-05 3.88308e-05 2.28817e-05 1.3471e-05 7.92378e-06 4.65704e-06 2.73496e-06 1.60499e-06 9.41217e-07 5.51595e-07 3.23055e-07 1.89092e-07 1.10616e-07 6.46738e-08 3.7793e-08 2.20738e-08 1.28865e-08 7.51955e-09 4.3859e-09 2.55706e-09 1.49021e-09 8.6813e-10 5.05543e-10 2.94289e-10 1.71253e-10 9.96219e-11 5.79336e-11 3.36798e-11 1.95739e-11 1.13725e-11 6.6056e-12 3.83574e-12 2.22674e-12 1.29234e-12 7.49853e-13 4.3498e-13 2.52267e-13 1.46268e-13 8.479e-14 4.91411e-14 2.84743e-14 1.64957e-14 9.55443e-15 5.5329e-15 3.20346e-15 1.8544e-15 1.07328e-15 6.21075e-16 3.59337e-16 2.07867e-16 1.20227e-16 6.95258e-17 4.01998e-17 2.324e-17 1.34333e-17 7.76369e-18 4.48633e-18 2.59211e-18 1.49747e-18 8.64978e-19 4.99569e-19 2.8849e-19 1.66576e-19 9.61699e-20 5.55157e-20 3.20436e-20 1.84934e-20 1.06719e-20 6.15775e-21 3.55266e-21 2.04946e-21 1.18217e-21 6.81831e-22 3.93215e-22 2.26746e-22 1.3074e-22 7.53763e-23 4.34531e-23 2.50477e-23 1.44369e-23 8.3204e-24 4.79485e-24 2.76293e-24 1.59194e-24 9.17168e-25 5.28366e-25 3.04359e-25 1.75309e-25 1.00969e-25 5.81485e-26 3.34855e-26 1.92816e-26 1.11019e-26 6.39177e-27
0.00828337 0.000900728 0.000537826 0.000320613 0.000190839 0.000113434 6.73374e-05 3.99245e-05 2.36445e-05 1.3988e-05 8.26703e-06 4.88126e-06 2.87958e-06 1.69731e-06 9.9965e-07 5.88312e-07 3.45985e-07 2.03334e-07 1.19422e-07 7.00953e-08 4.11186e-08 2.41071e-08 1.41259e-08 8.27305e-09 4.84284e-09 2.83354e-09 1.65715e-09 9.68733e-10 5.66063e-10 3.30635e-10 1.93048e-10 1.12673e-10 6.57376e-11 3.83405e-11 2.2354e-11 1.3029e-11 7.59155e-12 4.42198e-12 2.57498e-12 1.49902e-12 8.7241e-13 5.07594e-13 2.95256e-13 1.717e-13 9.9824e-14 5.80224e-14 3.37174e-14 1.95891e-14 1.13784e-14 6.60773e-15 3.83648e-15 2.22703e-15 1.2925e-15 7.49987e-16 4.35104e-16 2.52379e-16 1.46364e-16 8.48672e-17 4.92006e-17 2.85186e-17 1.65278e-17 9.57707e-18 5.54858e-18 3.21414e-18 1.86158e-18 1.07804e-18 6.24204e-19 3.61374e-19 2.09183e-19 1.21071e-19 7.00637e-20 4.05407e-20 2.34549e-20 1.35682e-20 7.84798e-21 4.5388e-21 2.62466e-21 1.51759e-21 8.77382e-22 5.07193e-22 2.93164e-22 1.69434e-22 9.7914e-23 5.65776e-23 3.26888e-23 1.88847e-23 1.09089e-23 6.30096e-24 3.63909e-24 2.10154e-24 1.21351e-24 7.0066e-25 4.04514e-25 2.33519e-25 1.34795e-25 7.78014e-26 4.49019e-26 2.59123e-26 1.49525e-26 8.6275e-27 4.97763e-27
0.00471942 0.000531283 0.000318703 0.000190839 0.000114085 6.80971e-05 4.05891e-05 2.4161e-05 1.43643e-05 8.53004e-06 5.05995e-06 2.99847e-06 1.77515e-06 1.04997e-06 6.20505e-07 3.66406e-07 2.16195e-07 1.27471e-07 7.51058e-08 4.42231e-08 2.60226e-08 1.53035e-08 8.99452e-09 5.28357e-09 3.10204e-09 1.82032e-09 1.06767e-09 6.25922e-10 3.66784e-10 2.14839e-10 1.25786e-10 7.36175e-11 4.30685e-11 2.51869e-11 1.47243e-11 8.60483e-12 5.02693e-12 2.93577e-12 1.71397e-12 1.00035e-12 5.83673e-13 3.40457e-13 1.98534e-13 1.15741e-13 6.74568e-14 3.93055e-14 2.28966e-14 1.33347e-14 7.76414e-15 4.51963e-15 2.63036e-15 1.5305e-15 8.90342e-16 5.17834e-16 3.01118e-16 1.75064e-16 1.01759e-16 5.91379e-17 3.43621e-17 1.99625e-17 1.15951e-17 6.73374e-18 3.90991e-18 2.26989e-18 1.31757e-18 7.64668e-19 4.43716e-19 2.57437e-19 1.49339e-19 8.66188e-20 5.02329e-20 2.91276e-20 1.68873e-20 9.78943e-21 5.6741e-21 3.28837e-21 1.9055e-21 1.10404e-21 6.39593e-22 3.70486e-22 2.1458e-22 1.24267e-22 7.19568e-23 4.16619e-23 2.4119e-23 1.39615e-23 8.08086e-24 4.67668e-24 2.70628e-24 1.5659e-24 9.05967e-25 5.24104e-25 3.03166e-25 1.75348e-25 1.0141e-25 5.86438e-26 3.39096e-26 1.96058e-26 1.13346e-26 6.55227e-27 3.78738e-27
0.00268887 0.000313007 0.000188615 0.000113434 6.80971e-05 4.0812e-05 2.44217e-05 1.45928e-05 8.70807e-06 5.18993e-06 3.08952e-06 1.83715e-06 1.09131e-06 6.47631e-07 3.83979e-07 2.27462e-07 1.34633e-07 7.96256e-08 4.70578e-08 2.77909e-08 1.64013e-08 9.67332e-09 5.7017e-09 3.35875e-09 1.97745e-09 1.16358e-09 6.84329e-10 4.02268e-10 2.36351e-10 1.38803e-10 8.14791e-11 4.78088e-11 2.80408e-11 1.64399e-11 9.63477e-12 5.64445e-12 3.30556e-12 1.93516e-12 1.13251e-12 6.62558e-13 3.87497e-13 2.26558e-13 1.32422e-13 7.73776e-14 4.52009e-14 2.63974e-14 1.5412e-14 8.99584e-15 5.24948e-15 3.06255e-15 1.78627e-15 1.04162e-15 6.07255e-16 3.53946e-16 2.06257e-16 1.20168e-16 6.99967e-17 4.07643e-17 2.37353e-17 1.38174e-17 8.04225e-18 4.68002e-18 2.72295e-18 1.58399e-18 9.21282e-19 5.35745e-19 3.11496e-19 1.81082e-19 1.05252e-19 6.11666e-20 3.55413e-20 2.06484e-20 1.19944e-20 6.96633e-21 4.04547e-21 2.34895e-21 1.3637e-21 7.91601e-22 4.59447e-22 2.6663e-22 1.54713e-22 8.97616e-23 5.20716e-23 3.02036e-23 1.75172e-23 1.01583e-23 5.89013e-24 3.41492e-24 1.97965e-24 1.14749e-24 6.65061e-25 3.85415e-25 2.23331e-25 1.29398e-25 7.49651e-26 4.34258e-26 2.51533e-26 1.4568e-26 8.43649e-27 4.88521e-27 2.82856e-27
0.00153198 0.000184209 0.000111493 6.73374e-05 4.05891e-05 2.44217e-05 1.46695e-05 8.7979e-06 5.26885e-06 3.15114e-06 1.88223e-06 1.12296e-06 6.69226e-07 3.98408e-07 2.36949e-07 1.40791e-07 8.35822e-08 4.9578e-08 2.93845e-08 1.74028e-08 1.02993e-08 6.09109e-09 3.59997e-09 2.12633e-09 1.25516e-09 7.40491e-10 4.36616e-10 2.57305e-10 1.51557e-10 8.92257e-11 5.25048e-11 3.08823e-11 1.81564e-11 1.06701e-11 6.26794e-12 3.68054e-12 2.16038e-12 1.26762e-12 7.43519e-13 4.35957e-13 2.55534e-13 1.49731e-13 8.77075e-14 5.13603e-14 3.00668e-14 1.75963e-14 1.02951e-14 6.02174e-15 3.52124e-15 2.05852e-15 1.20311e-15 7.02985e-16 4.1066e-16 2.39836e-16 1.40039e-16 8.1749e-17 4.77113e-17 2.78399e-17 1.62413e-17 9.47298e-18 5.52413e-18 3.22075e-18 1.87744e-18 1.09419e-18 6.37586e-19 3.71455e-19 2.16371e-19 1.26013e-19 7.33764e-20 4.27195e-20 2.48671e-20 1.44729e-20 8.42201e-21 4.90015e-21 2.85061e-21 1.65807e-21 9.64277e-22 5.60712e-22 3.25999e-22 1.89511e-22 1.10152e-22 6.40163e-23 3.71992e-23 2.16132e-23 1.2556e-23 7.29336e-24 4.23595e-24 2.45993e-24 1.42837e-24 8.29296e-25 4.81424e-25 2.79445e-25 1.62187e-25 9.41216e-26 5.46153e-26 3.16879e-26 1.83834e-26 1.06639e-26 6.18526e-27 3.58722e-27 2.08024e-27
0.000872837 0.000108299 6.58323e-05 3.99245e-05 2.4161e-05 1.45928e-05 8.7979e-06 5.29532e-06 3.18223e-06 1.9096e-06 1.14437e-06 6.84921e-07 4.09449e-07 2.44498e-07 1.45845e-07 8.69116e-08 5.17435e-08 3.07784e-08 1.82923e-08 1.08628e-08 6.44592e-09 3.82217e-09 2.26481e-09 1.34111e-09 7.93632e-10 4.69364e-10 2.77425e-10 1.63884e-10 9.67595e-11 5.70985e-11 3.36774e-11 1.98537e-11 1.16989e-11 6.89051e-12 4.05667e-12 2.3873e-12 1.40432e-12 8.25767e-13 4.85381e-13 2.85199e-13 1.67517e-13 9.83598e-14 5.77339e-14 3.38768e-14 1.98718e-14 1.1653e-14 6.83134e-15 4.00358e-15 2.34567e-15 1.37393e-15 8.04539e-16 4.70992e-16 2.75657e-16 1.61293e-16 9.43531e-17 5.51814e-17 3.22648e-17 1.8861e-17 1.10231e-17 6.44095e-18 3.76273e-18 2.19768e-18 1.28333e-18 7.49248e-19 4.37349e-19 2.55239e-19 1.48931e-19 8.68845e-20 5.06783e-20 2.95546e-20 1.72327e-20 1.00463e-20 5.85582e-21 3.4127e-21 1.98856e-21 1.15854e-21 6.74864e-22 3.93057e-22 2.28891e-22 1.33272e-22 7.75867e-23 4.5162e-23 2.62845e-23 1.52955e-23 8.89964e-24 5.17752e-24 3.01172e-24 1.75167e-24 1.01867e-24 5.92329e-25 3.4438e-25 2.00198e-25 1.16368e-25 6.7632e-26 3.93027e-26 2.28372e-26 1.32683e-26 7.70796e-27 4.4773e-27 2.60044e-27 1.51019e-27
0.000497296 6.36101e-05 3.88308e-05 2.36445e-05 1.43643e-05 8.70807e-06 5.26885e-06 3.18223e-06 1.91877e-06 1.15517e-06 6.94448e-07 4.16916e-07 2.49982e-07 1.49711e-07 8.95595e-08 5.35195e-08 3.19506e-08 1.90562e-08 1.13554e-08 6.76084e-09 4.02204e-09 2.39087e-09 1.42019e-09 8.43007e-10 5.00061e-10 2.96438e-10 1.75621e-10 1.03983e-10 6.15317e-11 3.63913e-11 2.15113e-11 1.27091e-11 7.50501e-12 4.42977e-12 2.61344e-12 1.54117e-12 9.0846e-13 5.35278e-13 3.15268e-13 1.85614e-13 1.0924e-13 6.42672e-14 3.77959e-14 2.22204e-14 1.30591e-14 7.67241e-15 4.50624e-15 2.64583e-15 1.55303e-15 9.11322e-16 5.34614e-16 3.13536e-16 1.8383e-16 1.07754e-16 6.31445e-17 3.69939e-17 2.16679e-17 1.26882e-17 7.42816e-18 4.34773e-18 2.54417e-18 1.48845e-18 8.70623e-19 5.09136e-19 2.97679e-19 1.7401e-19 1.01699e-19 5.94255e-20 3.47174e-20 2.02787e-20 1.18428e-20 6.91497e-21 4.03692e-21 2.35633e-21 1.37514e-21 8.02391e-22 4.68117e-22 2.73057e-22 1.59251e-22 9.28636e-23 5.4143e-23 3.15627e-23 1.83968e-23 1.07213e-23 6.24726e-24 3.63975e-24 2.12028e-24 1.23497e-24 7.19222e-25 4.18805e-25 2.43839e-25 1.41952e-25 8.26273e-26 4.80897e-26 2.79852e-26 1.62837e-26 9.4738e-27 5.5112e-27 3.20567e-27 1.86441e-27 1.08422e-27
0.000283332 3.73281e-05 2.28817e-05 1.3988e-05 8.53004e-06 5.18993e-06 3.15114e-06 1.9096e-06 1.15517e-06 6.97642e-07 4.20682e-07 2.5331e-07 1.52324e-07 9.14826e-08 5.48774e-08 3.28824e-08 1.96823e-08 1.17694e-08 7.03107e-09 4.1966e-09 2.50267e-09 1.49127e-09 8.87913e-10 5.28278e-10 3.14085e-10 1.86611e-10 1.10801e-10 6.57474e-11 3.899e-11 2.31088e-11 1.36886e-11 8.10422e-12 4.79554e-12 2.83628e-12 1.67668e-12 9.90721e-13 5.85136e-13 3.45441e-13 2.03849e-13 1.20244e-13 7.09007e-14 4.17897e-14 2.46222e-14 1.4502e-14 8.53839e-15 5.02546e-15 2.95686e-15 1.73919e-15 1.02264e-15 6.01132e-16 3.53253e-16 2.07527e-16 1.21882e-16 7.15625e-17 4.20062e-17 2.46506e-17 1.4462e-17 8.48242e-18 4.97398e-18 2.91598e-18 1.70908e-18 1.00147e-18 5.86705e-19 3.4364e-19 2.0123e-19 1.17812e-19 6.89602e-20 4.03569e-20 2.3613e-20 1.38133e-20 8.0791e-21 4.72439e-21 2.76216e-21 1.61463e-21 9.43668e-22 5.5143e-22 3.22171e-22 1.88196e-22 1.09916e-22 6.41862e-23 3.74759e-23 2.18774e-23 1.27694e-23 7.45214e-24 4.34836e-24 2.53692e-24 1.47987e-24 8.63139e-25 5.03357e-25 2.93502e-25 1.71115e-25 9.97483e-26 5.81388e-26 3.38821e-26 1.97433e-26 1.15031e-26 6.70122e-27 3.90338e-27 2.2734e-27 1.32391e-27 7.70885e-28
0.000161428 2.18865e-05 1.3471e-05 8.26703e-06 5.05995e-06 3.08952e-06 1.88223e-06 1.14437e-06 6.94448e-07 4.20682e-07 2.54426e-07 1.53642e-07 9.26493e-08 5.57951e-08 3.35589e-08 2.01608e-08 1.20983e-08 7.25244e-09 4.34321e-09 2.59853e-09 1.5533e-09 9.27703e-10 5.53616e-10 3.30119e-10 1.96702e-10 1.17122e-10 6.969e-11 4.14399e-11 2.46259e-11 1.46253e-11 8.68088e-12 5.14967e-12 3.05324e-12 1.80932e-12 1.07165e-12 6.34421e-13 3.75404e-13 2.22035e-13 1.31267e-13 7.75714e-14 4.58215e-14 2.70559e-14 1.59693e-14 9.42208e-15 5.55709e-15 3.27637e-15 1.93102e-15 1.13772e-15 6.70099e-16 3.94552e-16 2.32238e-16 1.36657e-16 8.03894e-17 4.72761e-17 2.77946e-17 1.63365e-17 9.59936e-18 5.63911e-18 3.31182e-18 1.94452e-18 1.14144e-18 6.69864e-19 3.93024e-19 2.30542e-19 1.35202e-19 7.92724e-20 4.64692e-20 2.72343e-20 1.59579e-20 9.34862e-21 5.4756e-21 3.20649e-21 1.87735e-21 1.09895e-21 6.43176e-22 3.76359e-22 2.20189e-22 1.288e-22 7.53281e-23 4.40479e-23 2.57526e-23 1.50538e-23 8.79834e-24 5.14145e-24 3.00402e-24 1.75491e-24 1.02503e-24 5.9863e-25 3.49554e-25 2.04084e-25 1.19135e-25 6.95362e-26 4.05809e-26 2.36796e-26 1.38155e-26 8.05942e-27 4.70093e-27 2.74163e-27 1.59874e-27 9.32165e-28 5.43444e-28
9.19727e-05 1.28224e-05 7.92378e-06 4.88126e-06 2.99847e-06 1.83715e-06 1.12296e-06 6.84921e-07 4.16916e-07 2.5331e-07 1.53642e-07 9.30403e-08 5.62578e-08 3.39692e-08 2.04841e-08 1.2337e-08 7.42155e-09 4.45964e-09 2.67702e-09 1.60536e-09 9.61798e-10 5.75713e-10 3.44316e-10 2.05756e-10 1.2286e-10 7.3307e-11 4.37089e-11 2.60433e-11 1.55073e-11 9.22789e-12 5.48788e-12 3.26176e-12 1.93756e-12 1.15033e-12 6.8259e-13 4.04835e-13 2.39984e-13 1.42194e-13 8.42132e-14 4.98524e-14 2.94988e-14 1.74478e-14 1.03157e-14 6.09662e-15 3.60173e-15 2.12702e-15 1.25567e-15 7.41011e-16 4.37145e-16 2.57799e-16 1.51983e-16 8.95717e-17 5.2773e-17 3.10829e-17 1.83022e-17 1.07736e-17 6.3401e-18 3.73002e-18 2.19387e-18 1.29001e-18 7.58346e-19 4.45688e-19 2.61872e-19 1.5383e-19 9.03422e-20 5.30445e-20 3.11381e-20 1.82745e-20 1.07228e-20 6.29035e-21 3.68937e-21 2.16342e-21 1.26835e-21 7.43456e-22 4.35698e-22 2.5529e-22 1.49555e-22 8.75964e-23 5.12973e-23 3.00348e-23 1.75825e-23 1.02911e-23 6.02239e-24 3.52375e-24 2.06143e-24 1.20577e-24 7.05165e-25 4.12334e-25 2.41069e-25 1.40919e-25 8.23629e-26 4.81316e-26 2.81234e-26 1.64302e-26 9.59747e-27 5.60546e-27 3.27346e-27 1.91137e-27 1.1159e-27 6.51403e-28 3.80205e-28
5.24011e-05 7.50648e-06 4.65704e-06 2.87958e-06 1.77515e-06 1.09131e-06 6.69226e-07 4.09449e-07 2.49982e-07 1.52324e-07 9.26493e-08 5.62578e-08 3.41067e-08 2.0647e-08 1.24817e-08 7.53577e-09 4.54411e-09 2.73695e-09 1.64669e-09 9.897e-10 5.94249e-10 3.56473e-10 2.13647e-10 1.27937e-10 7.65495e-11 4.57669e-11 2.73424e-11 1.63234e-11 9.73839e-12 5.80601e-12 3.45934e-12 2.05989e-12 1.22585e-12 7.291e-13 4.33409e-13 2.57502e-13 1.52911e-13 9.0758e-14 5.38422e-14 3.1927e-14 1.89234e-14 1.12112e-14 6.63927e-15 3.93016e-15 2.32556e-15 1.37555e-15 8.13318e-16 4.80713e-16 2.84025e-16 1.67755e-16 9.90485e-17 5.84624e-17 3.44957e-17 2.03478e-17 1.19988e-17 7.07335e-18 4.16857e-18 2.45598e-18 1.44658e-18 8.51803e-19 5.01442e-19 2.95114e-19 1.73639e-19 1.0214e-19 6.00671e-20 3.53162e-20 2.07592e-20 1.21996e-20 7.16773e-21 4.21039e-21 2.47269e-21 1.45185e-21 8.52286e-22 5.00218e-22 2.93525e-22 1.72205e-22 1.01009e-22 5.9237e-23 3.47331e-23 2.03617e-23 1.19346e-23 6.99393e-24 4.09788e-24 2.40062e-24 1.40609e-24 8.23437e-25 4.82144e-25 2.82262e-25 1.65219e-25 9.66937e-26 5.65809e-26 3.31036e-26 1.9365e-26 1.13264e-26 6.6238e-27 3.8731e-27 2.26438e-27 1.32367e-27 7.7366e-28 4.52129e-28 2.6419e-28
2.98553e-05 4.39127e-06 2.73496e-06 1.69731e-06 1.04997e-06 6.47631e-07 3.98408e-07 2.44498e-07 1.49711e-07 9.14826e-08 5.57951e-08 3.39692e-08 2.0647e-08 1.25302e-08 7.59333e-09 4.59531e-09 2.77742e-09 1.67666e-09 1.011e-09 6.08955e-10 3.66416e-10 2.20262e-10 1.32282e-10 7.93733e-11 4.75862e-11 2.8506e-11 1.7063e-11 1.02059e-11 6.10008e-12 3.64354e-12 2.17483e-12 1.29733e-12 7.73414e-13 4.60805e-13 2.74394e-13 1.63303e-13 9.71369e-14 5.77498e-14 3.43163e-14 2.03818e-14 1.20999e-14 7.18e-15 4.2587e-15 2.5249e-15 1.49634e-15 8.86428e-16 5.24912e-16 3.10716e-16 1.83857e-16 1.08753e-16 6.43053e-17 3.80106e-17 2.24604e-17 1.32675e-17 7.8347e-18 4.62509e-18 2.72952e-18 1.61037e-18 9.49809e-19 5.60048e-19 3.30136e-19 1.94556e-19 1.14625e-19 6.75153e-20 3.97571e-20 2.34055e-20 1.37758e-20 8.10608e-21 4.76874e-21 2.80476e-21 1.64927e-21 9.69592e-22 5.69893e-22 3.34892e-22 1.96755e-22 1.15573e-22 6.78738e-23 3.98529e-23 2.33956e-23 1.37317e-23 8.0581e-24 4.72782e-24 2.77339e-24 1.62661e-24 9.53845e-25 5.5924e-25 3.27827e-25 1.9214e-25 1.12595e-25 6.59708e-26 3.86468e-26 2.26364e-26 1.32566e-26 7.76234e-27 4.54451e-27 2.66022e-27 1.55698e-27 9.11146e-28 5.33126e-28 3.11897e-28 1.82445e-28
1.701e-05 2.56714e-06 1.60499e-06 9.9965e-07 6.20505e-07 3.83979e-07 2.36949e-07 1.45845e-07 8.95595e-08 5.48774e-08 3.35589e-08 2.04841e-08 1.24817e-08 7.59333e-09 4.61247e-09 2.79781e-09 1.69482e-09 1.02537e-09 6.19616e-10 3.74002e-10 2.25507e-10 1.35833e-10 8.17393e-11 4.91423e-11 2.95187e-11 1.77163e-11 1.06243e-11 6.36636e-12 3.81207e-12 2.28098e-12 1.36391e-12 8.1501e-13 4.86705e-13 2.90471e-13 1.73255e-13 1.03281e-13 6.15339e-14 3.6642e-14 2.18082e-14 1.29731e-14 7.71363e-15 4.58427e-15 2.72323e-15 1.61698e-15 9.59714e-16 5.69373e-16 3.37657e-16 2.00163e-16 1.18611e-16 7.02592e-17 4.16029e-17 2.46258e-17 1.45716e-17 8.61939e-18 5.09687e-18 3.01294e-18 1.7805e-18 1.05186e-18 6.21221e-19 3.6678e-19 2.16492e-19 1.27748e-19 7.53613e-20 4.44453e-20 2.62053e-20 1.54469e-20 9.10295e-21 5.36311e-21 3.15897e-21 1.86025e-21 1.0952e-21 6.44643e-22 3.79356e-22 2.23192e-22 1.31285e-22 7.72078e-23 4.53958e-23 2.66859e-23 1.56841e-23 9.21619e-24 5.41451e-24 3.18041e-24 1.86778e-24 1.0967e-24 6.43831e-25 3.77901e-25 2.21772e-25 1.30125e-25 7.6338e-26 4.47762e-26 2.62593e-26 1.53974e-26 9.02696e-27 5.29136e-27 3.10117e-27 1.81726e-27 1.06474e-27 6.2374e-28 3.65343e-28 2.13961e-28 1.25287e-28
9.69137e-06 1.49978e-06 9.41217e-07 5.88312e-07 3.66406e-07 2.27462e-07 1.40791e-07 8.69116e-08 5.35195e-08 3.28824e-08 2.01608e-08 1.2337e-08 7.53577e-09 4.59531e-09 2.79781e-09 1.70091e-09 1.03262e-09 6.26077e-10 3.79122e-10 2.29309e-10 1.38542e-10 8.36148e-11 5.04137e-11 3.03668e-11 1.82748e-11 1.09882e-11 6.60142e-12 3.9628e-12 2.37702e-12 1.42477e-12 8.5339e-13 5.10805e-13 3.05547e-13 1.82653e-13 1.09122e-13 6.51536e-14 3.88793e-14 2.31879e-14 1.3822e-14 8.23489e-15 4.90374e-15 2.91868e-15 1.73637e-15 1.03252e-15 6.1371e-16 3.6462e-16 2.16539e-16 1.28545e-16 7.62784e-17 4.5246e-17 2.68285e-17 1.5902e-17 9.42222e-18 5.58088e-18 3.30449e-18 1.95597e-18 1.15739e-18 6.84633e-19 4.04857e-19 2.3934e-19 1.41449e-19 8.35714e-20 4.9362e-20 2.91479e-20 1.7207e-20 1.01551e-20 5.99174e-21 3.53435e-21 2.08429e-21 1.22885e-21 7.24329e-22 4.26845e-22 2.5148e-22 1.48128e-22 8.72319e-23 5.13591e-23 3.0232e-23 1.77919e-23 1.04686e-23 6.15838e-24 3.62207e-24 2.12991e-24 1.25222e-24 7.3607e-25 4.32588e-25 2.54185e-25 1.4933e-25 8.77132e-26 5.15119e-26 3.02464e-26 1.77569e-26 1.04228e-26 6.11693e-27 3.58931e-27 2.1058e-27 1.23525e-27 7.24478e-28 4.24843e-28 2.49096e-28 1.46029e-28 8.55947e-29
5.52162e-06 8.75666e-07 5.51595e-07 3.45985e-07 2.16195e-07 1.34633e-07 8.35822e-08 5.17435e-08 3.19506e-08 1.96823e-08 1.20983e-08 7.42155e-09 4.54411e-09 2.77742e-09 1.69482e-09 1.03262e-09 6.28241e-10 3.81701e-10 2.31612e-10 1.4037e-10 8.49735e-11 5.1383e-11 3.10387e-11 1.87308e-11 1.12928e-11 6.80223e-12 4.0938e-12 2.46175e-12 1.47916e-12 8.88089e-13 5.32819e-13 3.19446e-13 1.91391e-13 1.14594e-13 6.85687e-14 4.10041e-14 2.45061e-14 1.46377e-14 8.73847e-15 5.21393e-15 3.10936e-15 1.85336e-15 1.10418e-15 6.57524e-16 3.91369e-16 2.32846e-16 1.38473e-16 8.23144e-17 4.89114e-17 2.90517e-17 1.7249e-17 1.02375e-17 6.07381e-18 3.60225e-18 2.13567e-18 1.26574e-18 7.49913e-19 4.44155e-19 2.62978e-19 1.55657e-19 9.21056e-20 5.44846e-20 3.22206e-20 1.90489e-20 1.12586e-20 6.65241e-21 3.92968e-21 2.32071e-21 1.37017e-21 8.08751e-22 4.77253e-22 2.81564e-22 1.66074e-22 9.79317e-23 5.77359e-23 3.40306e-23 2.00538e-23 1.18149e-23 6.95937e-24 4.09844e-24 2.41311e-24 1.42052e-24 8.36046e-25 4.91958e-25 2.89428e-25 1.70244e-25 1.0012e-25 5.88695e-26 3.46083e-26 2.0342e-26 1.19545e-26 7.0241e-27 4.12646e-27 2.42377e-27 1.42342e-27 8.35802e-28 4.90687e-28 2.88029e-28 1.69044e-28 9.91968e-29 5.82008e-29
3.14592e-06 5.10971e-07 3.23055e-07 2.03334e-07 1.27471e-07 7.96256e-08 4.9578e-08 3.07784e-08 1.90562e-08 1.17694e-08 7.25244e-09 4.45964e-09 2.73695e-09 1.67666e-09 1.02537e-09 6.26077e-10 3.81701e-10 2.32384e-10 1.4129e-10 8.57965e-11 5.20368e-11 3.15254e-11 1.90784e-11 1.1534e-11 6.96615e-12 4.2034e-12 2.53409e-12 1.52641e-12 9.1868e-13 5.5248e-13 3.32002e-13 1.99365e-13 1.19634e-13 7.17409e-14 4.2993e-14 2.57487e-14 1.54117e-14 9.21914e-15 5.51169e-15 3.29337e-15 1.96683e-15 1.174e-15 7.00409e-16 4.17662e-16 2.4894e-16 1.48308e-16 8.83165e-17 5.25691e-17 3.12779e-17 1.86022e-17 1.10591e-17 6.57211e-18 3.90414e-18 2.31838e-18 1.37622e-18 8.16651e-19 4.84436e-19 2.8727e-19 1.70295e-19 1.00919e-19 5.9787e-20 3.54085e-20 2.09642e-20 1.24085e-20 7.3424e-21 4.34343e-21 2.56866e-21 1.51867e-21 8.97646e-22 5.30436e-22 3.13365e-22 1.85079e-22 1.09285e-22 6.45143e-23 3.80758e-23 2.24668e-23 1.32536e-23 7.81683e-24 4.60925e-24 2.71729e-24 1.60158e-24 9.43782e-25 5.56038e-25 3.27528e-25 1.92889e-25 1.13574e-25 6.68605e-26 3.93529e-26 2.31581e-26 1.36254e-26 8.01521e-27 4.71417e-27 2.77216e-27 1.62988e-27 9.58121e-28 5.63134e-28 3.30926e-28 1.94437e-28 1.14224e-28 6.70915e-29 3.94012e-29
1.79238e-06 2.97997e-07 1.89092e-07 1.19422e-07 7.51058e-08 4.70578e-08 2.93845e-08 1.82923e-08 1.13554e-08 7.03107e-09 4.34321e-09 2.67702e-09 1.64669e-09 1.011e-09 6.19616e-10 3.79122e-10 2.31612e-10 1.4129e-10 8.60721e-11 5.2366e-11 3.18201e-11 1.93128e-11 1.17087e-11 7.09103e-12 4.29017e-12 2.59311e-12 1.56591e-12 9.44784e-13 5.69548e-13 3.43065e-13 2.06483e-13 1.24184e-13 7.4634e-14 4.48235e-14 2.69019e-14 1.61354e-14 9.6718e-15 5.79392e-15 3.46883e-15 2.07563e-15 1.24131e-15 7.41954e-16 4.43253e-16 2.64673e-16 1.57964e-16 9.42327e-17 5.61883e-17 3.34886e-17 1.99508e-17 1.18806e-17 7.07198e-18 4.20793e-18 2.5028e-18 1.48805e-18 8.84402e-19 5.2544e-19 3.12064e-19 1.85273e-19 1.0996e-19 6.52401e-20 3.86949e-20 2.29432e-20 1.35995e-20 8.05856e-21 4.7738e-21 2.82713e-21 1.6738e-21 9.90693e-22 5.86215e-22 3.46783e-22 2.0509e-22 1.21261e-22 7.1678e-23 4.23588e-23 2.50263e-23 1.47824e-23 8.72951e-24 5.1539e-24 3.04217e-24 1.79529e-24 1.05923e-24 6.24816e-25 3.68487e-25 2.17271e-25 1.28083e-25 7.54912e-26 4.4485e-26 2.62088e-26 1.54382e-26 9.09207e-27 5.35364e-27 3.15178e-27 1.85517e-27 1.09178e-27 6.42408e-28 3.77929e-28 2.22299e-28 1.30735e-28 7.68727e-29 4.51942e-29 2.65658e-29
1.0212e-06 1.73698e-07 1.10616e-07 7.00953e-08 4.42231e-08 2.77909e-08 1.74028e-08 1.08628e-08 6.76084e-09 4.1966e-09 2.59853e-09 1.60536e-09 9.897e-10 6.08955e-10 3.74002e-10 2.29309e-10 1.4037e-10 8.57965e-11 5.2366e-11 3.19187e-11 1.94308e-11 1.18144e-11 7.17522e-12 4.35297e-12 2.63806e-12 1.59718e-12 9.66074e-13 5.83812e-13 3.525e-13 2.12658e-13 1.28191e-13 7.72144e-14 4.64748e-14 2.79529e-14 1.68011e-14 1.00916e-14 6.05763e-15 3.63393e-15 2.17866e-15 1.30543e-15 7.81753e-16 4.67897e-16 2.79899e-16 1.67352e-16 1.0001e-16 5.97373e-17 3.56651e-17 2.12835e-17 1.26955e-17 7.56949e-18 4.5113e-18 2.68756e-18 1.60044e-18 9.5269e-19 5.66889e-19 3.37196e-19 2.00498e-19 1.19174e-19 7.08114e-20 4.20608e-20 2.49751e-20 1.48251e-20 8.79729e-21 5.21873e-21 3.09492e-21 1.83487e-21 1.08751e-21 6.44371e-22 3.81697e-22 2.26038e-22 1.33822e-22 7.92058e-23 4.68679e-23 2.77257e-23 1.63976e-23 9.69557e-24 5.7314e-24 3.38724e-24 2.00138e-24 1.18226e-24 6.98234e-25 4.12279e-25 2.43382e-25 1.43646e-25 8.47627e-26 5.00066e-26 2.94959e-26 1.73944e-26 1.02558e-26 6.04574e-27 3.56323e-27 2.0997e-27 1.23706e-27 7.28691e-28 4.2916e-28 2.52707e-28 1.48778e-28 8.75766e-29 5.15421e-29 3.03294e-29 1.78441e-29
5.81825e-07 1.01195e-07 6.46738e-08 4.11186e-08 2.60226e-08 1.64013e-08 1.02993e-08 6.44592e-09 4.02204e-09 2.50267e-09 1.5533e-09 9.61798e-10 5.94249e-10 3.66416e-10 2.25507e-10 1.38542e-10 8.49735e-11 5.20368e-11 3.18201e-11 1.94308e-11 1.18498e-11 7.2176e-12 4.39098e-12 2.66836e-12 1.6198e-12 9.82282e-13 5.95097e-13 3.60192e-13 2.17817e-13 1.31606e-13 7.94521e-14 4.7928e-14 2.88897e-14 1.74012e-14 1.04739e-14 6.29998e-15 3.78691e-15 2.27486e-15 1.36571e-15 8.19408e-16 4.91353e-16 2.94471e-16 1.76383e-16 1.05595e-16 6.3184e-17 3.77881e-17 2.25889e-17 1.34967e-17 8.06057e-18 4.81182e-18 2.87121e-18 1.71252e-18 1.02101e-18 6.08485e-19 3.62493e-19 2.15865e-19 1.285e-19 7.6466e-20 4.54859e-20 2.7048e-20 1.60785e-20 9.55455e-21 5.6759e-21 3.3707e-21 2.00111e-21 1.18765e-21 7.04653e-22 4.17961e-22 2.4784e-22 1.46921e-22 8.70716e-23 5.15883e-23 3.0557e-23 1.80949e-23 1.07125e-23 6.34042e-24 3.75177e-24 2.21947e-24 1.31268e-24 7.76186e-25 4.58853e-25 2.71196e-25 1.60249e-25 9.46701e-26 5.59161e-26 3.30194e-26 1.94944e-26 1.1507e-26 6.7909e-27 4.00687e-27 2.36374e-27 1.39415e-27 8.22121e-28 4.8471e-28 2.85725e-28 1.68397e-28 9.92303e-29 5.84624e-29 3.44377e-29 2.02823e-29 1.19434e-29
3.31493e-07 5.89266e-08 3.7793e-08 2.41071e-08 1.53035e-08 9.67332e-09 6.09109e-09 3.82217e-09 2.39087e-09 1.49127e-09 9.27703e-10 5.75713e-10 3.56473e-10 2.20262e-10 1.35833e-10 8.36148e-11 5.1383e-11 3.15254e-11 1.93128e-11 1.18144e-11 7.2176e-12 4.40371e-12 2.6836e-12 1.63349e-12 9.93204e-13 6.0326e-13 3.66046e-13 2.21896e-13 1.3439e-13 8.13205e-14 4.91662e-14 2.97017e-14 1.7929e-14 1.08144e-14 6.51833e-15 3.92614e-15 2.3632e-15 1.42152e-15 8.54537e-16 5.13385e-16 3.08247e-16 1.84972e-16 1.10935e-16 6.64968e-17 3.98386e-17 2.38553e-17 1.42775e-17 8.54105e-18 5.10701e-18 3.05228e-18 1.82343e-18 1.08884e-18 6.49919e-19 3.87771e-19 2.31268e-19 1.37876e-19 8.21661e-20 4.89481e-20 2.91488e-20 1.73521e-20 1.0326e-20 6.14273e-21 3.65298e-21 2.17166e-21 1.29062e-21 7.66773e-22 4.55411e-22 2.70401e-22 1.60505e-22 9.52445e-23 5.65028e-23 3.35104e-23 1.98687e-23 1.17773e-23 6.9792e-24 4.1348e-24 2.44903e-24 1.45019e-24 8.5852e-25 5.08126e-25 3.0067e-25 1.77872e-25 1.05203e-25 6.22083e-26 3.67768e-26 2.17373e-26 1.28453e-26 7.58915e-27 4.48282e-27 2.64741e-27 1.56316e-27 9.22784e-28 5.44644e-28 3.21397e-28 1.89622e-28 1.11855e-28 6.59695e-29 3.89002e-29 2.29342e-29 1.35188e-29 7.96744e-30
1.88867e-07 3.42974e-08 2.20738e-08 1.41259e-08 8.99452e-09 5.7017e-09 3.59997e-09 2.26481e-09 1.42019e-09 8.87913e-10 5.53616e-10 3.44316e-10 2.13647e-10 1.32282e-10 8.17393e-11 5.04137e-11 3.10387e-11 1.90784e-11 1.17087e-11 7.17522e-12 4.39098e-12 2.6836e-12 1.63808e-12 9.98699e-13 6.08199e-13 3.69989e-13 2.24846e-13 1.36507e-13 8.27974e-14 5.01748e-14 3.03793e-14 1.83785e-14 1.11094e-14 6.71027e-15 4.05009e-15 2.44275e-15 1.47228e-15 8.86775e-16 5.33771e-16 3.21088e-16 1.93033e-16 1.1598e-16 6.96443e-17 4.17974e-17 2.50715e-17 1.50309e-17 9.00678e-18 5.39437e-18 3.22926e-18 1.93225e-18 1.15565e-18 6.90871e-19 4.12839e-19 2.46593e-19 1.47232e-19 8.78723e-20 5.24241e-20 3.12639e-20 1.86378e-20 1.11068e-20 6.61644e-21 3.94013e-21 2.34557e-21 1.39586e-21 8.3041e-22 4.9386e-22 2.93616e-22 1.74511e-22 1.03689e-22 6.15909e-23 3.65741e-23 2.17124e-23 1.28861e-23 7.64566e-24 4.53516e-24 2.6894e-24 1.59443e-24 9.45032e-25 5.59988e-25 3.31745e-25 1.96483e-25 1.16343e-25 6.88745e-26 4.07639e-26 2.41209e-26 1.42698e-26 8.44004e-27 4.9909e-27 2.95067e-27 1.74411e-27 1.03071e-27 6.08993e-28 3.59751e-28 2.12474e-28 1.25466e-28 7.40737e-29 4.37241e-29 2.58046e-29 1.52263e-29 8.98284e-30 5.29854e-30
1.07606e-07 1.99535e-08 1.28865e-08 8.27305e-09 5.28357e-09 3.35875e-09 2.12633e-09 1.34111e-09 8.43007e-10 5.28278e-10 3.30119e-10 2.05756e-10 1.27937e-10 7.93733e-11 4.91423e-11 3.03668e-11 1.87308e-11 1.1534e-11 7.09103e-12 4.35297e-12 2.66836e-12 1.63349e-12 9.98699e-13 6.09852e-13 3.71973e-13 2.26631e-13 1.37934e-13 8.38653e-14 5.0942e-14 3.09148e-14 1.87445e-14 1.13556e-14 6.87365e-15 4.15741e-15 2.51263e-15 1.51745e-15 9.15785e-16 5.523e-16 3.32865e-16 2.00486e-16 1.20678e-16 7.25963e-17 4.36462e-17 2.6226e-17 1.575e-17 9.4536e-18 5.67138e-18 3.40065e-18 2.03808e-18 1.22088e-18 7.31013e-19 4.37501e-19 2.61723e-19 1.56501e-19 9.35432e-20 5.58892e-20 3.33788e-20 1.99271e-20 1.18919e-20 7.09407e-21 4.23041e-21 2.52182e-21 1.50278e-21 8.95213e-22 5.33106e-22 3.17364e-22 1.8887e-22 1.12366e-22 6.68296e-23 3.9735e-23 2.36183e-23 1.40346e-23 8.33728e-24 4.95142e-24 2.93978e-24 1.74495e-24 1.03547e-24 6.14296e-25 3.64341e-25 2.16038e-25 1.28069e-25 7.59018e-26 4.49736e-26 2.66416e-26 1.57785e-26 9.34264e-27 5.53067e-27 3.27334e-27 1.93691e-27 1.14587e-27 6.77754e-28 4.00792e-28 2.36961e-28 1.40071e-28 8.27815e-29 4.89141e-29 2.8897e-29 1.70682e-29 1.00796e-29 5.95141e-30 3.51331e-30
6.13082e-08 1.16035e-08 7.51955e-09 4.84284e-09 3.10204e-09 1.97745e-09 1.25516e-09 7.93632e-10 5.00061e-10 3.14085e-10 1.96702e-10 1.2286e-10 7.65495e-11 4.75862e-11 2.95187e-11 1.82748e-11 1.12928e-11 6.96615e-12 4.29017e-12 2.63806e-12 1.6198e-12 9.93204e-13 6.08199e-13 3.71973e-13 2.27229e-13 1.38651e-13 8.45112e-14 5.14585e-14 3.13019e-14 1.90228e-14 1.155e-14 7.00664e-15 4.24692e-15 2.57209e-15 1.55654e-15 9.4126e-16 5.68778e-16 3.43457e-16 2.07256e-16 1.24985e-16 7.5324e-17 4.53672e-17 2.73081e-17 1.64282e-17 9.87745e-18 5.93558e-18 3.56494e-18 2.14001e-18 1.284e-18 7.70015e-19 4.61561e-19 2.7654e-19 1.65611e-19 9.91362e-20 5.93182e-20 3.54782e-20 2.12109e-20 1.2676e-20 7.57245e-21 4.52194e-21 2.69931e-21 1.61072e-21 9.60805e-22 5.72925e-22 3.41517e-22 2.03508e-22 1.2123e-22 7.21932e-23 4.29781e-23 2.55779e-23 1.52177e-23 9.05123e-24 5.38194e-24 3.19923e-24 1.90121e-24 1.12953e-24 6.7088e-25 3.98362e-25 2.36482e-25 1.40348e-25 8.32736e-26 4.93969e-26 2.92945e-26 1.73687e-26 1.02955e-26 6.10139e-27 3.61501e-27 2.14138e-27 1.26818e-27 7.50888e-28 4.44504e-28 2.63078e-28 1.5567e-28 9.20948e-29 5.44726e-29 3.22133e-29 1.90462e-29 1.12589e-29 6.6543e-30 3.93212e-30 2.32312e-30
3.49301e-08 6.74499e-09 4.3859e-09 2.83354e-09 1.82032e-09 1.16358e-09 7.40491e-10 4.69364e-10 2.96438e-10 1.86611e-10 1.17122e-10 7.3307e-11 4.57669e-11 2.8506e-11 1.77163e-11 1.09882e-11 6.80223e-12 4.2034e-12 2.59311e-12 1.59718e-12 9.82282e-13 6.0326e-13 3.69989e-13 2.26631e-13 1.38651e-13 8.47274e-14 5.17183e-14 3.1536e-14 1.92101e-14 1.16905e-14 7.10773e-15 4.3176e-15 2.62048e-15 1.58913e-15 9.62925e-16 5.83032e-16 3.52753e-16 2.13274e-16 1.28856e-16 7.78002e-17 4.69435e-17 2.83073e-17 1.70591e-17 1.02744e-17 6.18457e-18 3.72066e-18 2.23716e-18 1.34445e-18 8.0755e-19 4.84818e-19 2.90923e-19 1.7449e-19 1.04608e-19 6.26851e-20 3.75468e-20 2.248e-20 1.34536e-20 8.04831e-21 4.8128e-21 2.87688e-21 1.71902e-21 1.02678e-21 6.1308e-22 3.65934e-22 2.18341e-22 1.30233e-22 7.76536e-23 4.62871e-23 2.75815e-23 1.64301e-23 9.78428e-24 5.82486e-24 3.46668e-24 2.0626e-24 1.22685e-24 7.29538e-25 4.33694e-25 2.57752e-25 1.53146e-25 9.0969e-26 5.40221e-26 3.2073e-26 1.90371e-26 1.12968e-26 6.70199e-27 3.97513e-27 2.35721e-27 1.39748e-27 8.28314e-28 4.9085e-28 2.90808e-28 1.72255e-28 1.02011e-28 6.03989e-29 3.57538e-29 2.11606e-29 1.25213e-29 7.40768e-30 4.3816e-30 2.59119e-30 1.53209e-30
1.99013e-08 3.91924e-09 2.55706e-09 1.65715e-09 1.06767e-09 6.84329e-10 4.36616e-10 2.77425e-10 1.75621e-10 1.10801e-10 6.969e-11 4.37089e-11 2.73424e-11 1.7063e-11 1.06243e-11 6.60142e-12 4.0938e-12 2.53409e-12 1.56591e-12 9.66074e-13 5.95097e-13 3.66046e-13 2.24846e-13 1.37934e-13 8.45112e-14 5.17183e-14 3.16143e-14 1.93043e-14 1.17754e-14 7.17577e-15 4.36866e-15 2.65724e-15 1.61485e-15 9.80548e-16 5.9491e-16 3.60656e-16 2.18477e-16 1.32252e-16 8.00002e-17 4.83597e-17 2.92138e-17 1.76366e-17 1.06407e-17 6.41603e-18 3.86641e-18 2.32864e-18 1.40171e-18 8.43293e-19 5.07077e-19 3.04753e-19 1.83066e-19 1.09915e-19 6.59637e-20 3.95688e-20 2.3725e-20 1.42191e-20 8.51828e-21 5.10095e-21 3.05334e-21 1.82695e-21 1.09272e-21 6.53321e-22 3.90467e-22 2.33283e-22 1.39325e-22 8.31807e-23 4.96442e-23 2.96189e-23 1.76656e-23 1.05329e-23 6.27814e-24 3.74093e-24 2.22842e-24 1.32705e-24 7.90038e-25 4.70203e-25 2.7977e-25 1.66417e-25 9.89636e-26 5.88353e-26 3.49693e-26 2.07789e-26 1.23438e-26 7.33111e-27 4.35294e-27 2.58399e-27 1.53354e-27 9.09913e-28 5.39765e-28 3.20118e-28 1.89811e-28 1.12521e-28 6.66893e-29 3.95171e-29 2.34112e-29 1.38666e-29 8.21167e-30 4.86189e-30 2.87801e-30 1.70332e-30 1.00789e-30
1.13387e-08 2.27645e-09 1.49021e-09 9.68733e-10 6.25922e-10 4.02268e-10 2.57305e-10 1.63884e-10 1.03983e-10 6.57474e-11 4.14399e-11 2.60433e-11 1.63234e-11 1.02059e-11 6.36636e-12 3.9628e-12 2.46175e-12 1.52641e-12 9.44784e-13 5.83812e-13 3.60192e-13 2.21896e-13 1.36507e-13 8.38653e-14 5.14585e-14 3.1536e-14 1.93043e-14 1.18039e-14 7.20999e-15 4.39953e-15 2.68199e-15 1.63344e-15 9.93937e-16 6.04284e-16 3.67082e-16 2.22812e-16 1.35138e-16 8.19016e-17 4.96014e-17 3.00188e-17 1.81552e-17 1.09729e-17 6.6278e-18 4.00082e-18 2.41363e-18 1.45526e-18 8.76931e-19 5.28145e-19 3.17914e-19 1.91268e-19 1.15015e-19 6.91279e-20 4.15283e-20 2.49364e-20 1.49666e-20 8.97889e-21 5.38434e-21 3.22744e-21 1.93377e-21 1.15818e-21 6.93386e-22 4.1496e-22 2.48241e-22 1.4845e-22 8.8742e-23 5.30303e-23 3.16788e-23 1.89176e-23 1.12932e-23 6.7395e-24 4.02067e-24 2.39791e-24 1.42966e-24 8.52121e-25 5.0774e-25 3.02451e-25 1.80112e-25 1.07229e-25 6.382e-26 3.7974e-26 2.25891e-26 1.34338e-26 7.98704e-27 4.74748e-27 2.82119e-27 1.67608e-27 9.95524e-28 5.91161e-28 3.50961e-28 2.08311e-28 1.23614e-28 7.33372e-29 4.34998e-29 2.57962e-29 1.52944e-29 9.066e-30 5.37292e-30 3.18359e-30 1.88597e-30 1.11704e-30 6.61479e-31
6.46018e-09 1.32177e-09 8.6813e-10 5.66063e-10 3.66784e-10 2.36351e-10 1.51557e-10 9.67595e-11 6.15317e-11 3.899e-11 2.46259e-11 1.55073e-11 9.73839e-12 6.10008e-12 3.81207e-12 2.37702e-12 1.47916e-12 9.1868e-13 5.69548e-13 3.525e-13 2.17817e-13 1.3439e-13 8.27974e-14 5.0942e-14 3.13019e-14 1.92101e-14 1.17754e-14 7.20999e-15 4.40986e-15 2.69443e-15 1.64467e-15 1.00295e-15 6.11054e-16 3.71963e-16 2.26231e-16 1.37484e-16 8.34848e-17 5.06563e-17 3.07143e-17 1.86097e-17 1.12678e-17 6.81785e-18 4.12265e-18 2.49135e-18 1.50462e-18 9.08164e-19 5.47838e-19 3.30292e-19 1.99025e-19 1.19864e-19 7.21517e-20 4.34097e-20 2.61045e-20 1.56905e-20 9.42667e-21 5.66086e-21 3.39794e-21 2.03873e-21 1.22271e-21 7.33003e-22 4.39252e-22 2.63119e-22 1.57551e-22 9.43037e-23 5.64255e-23 3.37493e-23 2.01791e-23 1.20611e-23 7.20651e-24 4.30446e-24 2.57022e-24 1.5342e-24 9.15502e-25 5.46137e-25 3.25696e-25 1.94176e-25 1.15731e-25 6.89576e-26 4.10763e-26 2.44614e-26 1.4563e-26 8.66776e-27 5.15761e-27 3.06816e-27 1.82472e-27 1.08494e-27 6.44927e-28 3.83274e-28 2.27722e-28 1.35269e-28 8.03326e-29 4.76965e-29 2.83129e-29 1.6803e-29 9.96998e-30 5.91438e-30 3.50778e-30 2.08001e-30 1.23313e-30 7.30915e-31 4.33149e-31
3.68066e-09 7.67189e-10 5.05543e-10 3.30635e-10 2.14839e-10 1.38803e-10 8.92257e-11 5.70985e-11 3.63913e-11 2.31088e-11 1.46253e-11 9.22789e-12 5.80601e-12 3.64354e-12 2.28098e-12 1.42477e-12 8.88089e-13 5.5248e-13 3.43065e-13 2.12658e-13 1.31606e-13 8.13205e-14 5.01748e-14 3.09148e-14 1.90228e-14 1.16905e-14 7.17577e-15 4.39953e-15 2.69443e-15 1.64843e-15 1.00747e-15 6.15145e-16 3.75247e-16 2.287e-16 1.39265e-16 8.47336e-17 5.15135e-17 3.12932e-17 1.89956e-17 1.15224e-17 6.98436e-18 4.23074e-18 2.56106e-18 1.54934e-18 9.36707e-19 5.65979e-19 3.41777e-19 2.06272e-19 1.24422e-19 7.50099e-20 4.51975e-20 2.722e-20 1.6385e-20 9.85816e-21 5.92843e-21 3.56355e-21 2.14107e-21 1.28584e-21 7.71897e-22 4.63179e-22 2.77817e-22 1.6657e-22 9.98305e-23 5.98086e-23 3.5818e-23 2.14426e-23 1.28322e-23 7.67658e-24 4.59077e-24 2.74446e-24 1.64015e-24 9.79869e-25 5.85213e-25 3.49401e-25 2.08545e-25 1.24436e-25 7.4227e-26 4.42641e-26 2.63887e-26 1.57275e-26 9.37095e-27 5.58199e-27 3.32413e-27 1.97904e-27 1.17792e-27 7.00921e-28 4.16978e-28 2.47999e-28 1.47463e-28 8.7662e-29 5.21e-29 3.09574e-29 1.83904e-29 1.09225e-29 6.48569e-30 3.85031e-30 2.2853e-30 1.35612e-30 8.04566e-31 4.7724e-31 2.83025e-31
2.09704e-09 4.45144e-10 2.94289e-10 1.93048e-10 1.25786e-10 8.14791e-11 5.25048e-11 3.36774e-11 2.15113e-11 1.36886e-11 8.68088e-12 5.48788e-12 3.45934e-12 2.17483e-12 1.36391e-12 8.5339e-13 5.32819e-13 3.32002e-13 2.06483e-13 1.28191e-13 7.94521e-14 4.91662e-14 3.03793e-14 1.87445e-14 1.155e-14 7.10773e-15 4.36866e-15 2.68199e-15 1.64467e-15 1.00747e-15 6.16514e-16 3.76897e-16 2.30192e-16 1.40463e-16 8.56351e-17 5.21643e-17 3.17497e-17 1.93091e-17 1.17343e-17 7.1257e-18 4.32404e-18 2.62211e-18 1.58899e-18 9.62299e-19 5.82405e-19 3.52269e-19 2.12944e-19 1.28648e-19 7.76783e-20 4.68768e-20 2.82738e-20 1.70446e-20 1.02699e-20 6.18495e-21 3.72302e-21 2.24002e-21 1.34713e-21 8.09789e-22 4.8657e-22 2.92236e-22 1.75445e-22 1.05286e-22 6.3158e-23 3.78718e-23 2.27006e-23 1.36018e-23 8.14698e-24 4.87799e-24 2.91966e-24 1.74693e-24 1.04489e-24 6.24772e-25 3.73449e-25 2.23153e-25 1.33303e-25 7.96051e-26 4.75239e-26 2.83631e-26 1.69227e-26 1.0094e-26 6.0191e-27 3.58824e-27 2.13852e-27 1.27417e-27 7.5898e-28 4.5198e-28 2.69091e-28 1.60165e-28 9.53086e-29 5.67009e-29 3.37244e-29 2.00538e-29 1.1922e-29 7.08601e-30 4.21073e-30 2.50159e-30 1.48587e-30 8.82373e-31 5.2388e-31 3.10971e-31 1.84552e-31
1.19478e-09 2.58201e-10 1.71253e-10 1.12673e-10 7.36175e-11 4.78088e-11 3.08823e-11 1.98537e-11 1.27091e-11 8.10422e-12 5.14967e-12 3.26176e-12 2.05989e-12 1.29733e-12 8.1501e-13 5.10805e-13 3.19446e-13 1.99365e-13 1.24184e-13 7.72144e-14 4.7928e-14 2.97017e-14 1.83785e-14 1.13556e-14 7.00664e-15 4.3176e-15 2.65724e-15 1.63344e-15 1.00295e-15 6.15145e-16 3.76897e-16 2.30691e-16 1.41065e-16 8.61797e-17 5.26019e-17 3.20791e-17 1.95471e-17 1.19013e-17 7.24048e-18 4.40165e-18 2.67392e-18 1.62321e-18 9.84703e-19 5.96965e-19 3.61671e-19 2.18982e-19 1.32507e-19 8.0134e-20 4.84334e-20 2.92571e-20 1.76637e-20 1.06587e-20 6.42841e-21 3.87511e-21 2.33482e-21 1.4061e-21 8.464e-22 5.09258e-22 3.06272e-22 1.84115e-22 1.10633e-22 6.64513e-23 3.98974e-23 2.39449e-23 1.43653e-23 8.61487e-24 5.16443e-24 3.09483e-24 1.85394e-24 1.11021e-24 6.64603e-25 3.97717e-25 2.37926e-25 1.42289e-25 8.50667e-26 5.08409e-26 3.03762e-26 1.81436e-26 1.08339e-26 6.46724e-27 3.85949e-27 2.3026e-27 1.37337e-27 8.18913e-28 4.88172e-28 2.90933e-28 1.73341e-28 1.03252e-28 6.14878e-29 3.66076e-29 2.17896e-29 1.29665e-29 7.71424e-30 4.58843e-30 2.72857e-30 1.62222e-30 9.64243e-31 5.73019e-31 3.40454e-31 2.02234e-31 1.20105e-31
6.80723e-10 1.49719e-10 9.96219e-11 6.57376e-11 4.30685e-11 2.80408e-11 1.81564e-11 1.16989e-11 7.50501e-12 4.79554e-12 3.05324e-12 1.93756e-12 1.22585e-12 7.73414e-13 4.86705e-13 3.05547e-13 1.91391e-13 1.19634e-13 7.4634e-14 4.64748e-14 2.88897e-14 1.7929e-14 1.11094e-14 6.87365e-15 4.24692e-15 2.62048e-15 1.61485e-15 9.93937e-16 6.11054e-16 3.75247e-16 2.30192e-16 1.41065e-16 8.63619e-17 5.28218e-17 3.22782e-17 1.97071e-17 1.20218e-17 7.32759e-18 4.46282e-18 2.71598e-18 1.65167e-18 1.00371e-18 6.09524e-19 3.69899e-19 2.24332e-19 1.35964e-19 8.23553e-20 4.98538e-20 3.01615e-20 1.82373e-20 1.10212e-20 6.65682e-21 4.01862e-21 2.42474e-21 1.4623e-21 8.81453e-22 5.31075e-22 3.19825e-22 1.92518e-22 1.15835e-22 6.96662e-23 4.18813e-23 2.51675e-23 1.51177e-23 9.07732e-24 5.44832e-24 3.26891e-24 1.96057e-24 1.17545e-24 7.04487e-25 4.22074e-25 2.52787e-25 1.51348e-25 9.05847e-26 5.41992e-26 3.24185e-26 1.93846e-26 1.15875e-26 6.92451e-27 4.13677e-27 2.47063e-27 1.47513e-27 8.80504e-28 5.25427e-28 3.13455e-28 1.86949e-28 1.11469e-28 6.64472e-29 3.95992e-29 2.35933e-29 1.40535e-29 8.36899e-30 4.98263e-30 2.9658e-30 1.76492e-30 1.05005e-30 6.24588e-31 3.71435e-31 2.2084e-31 1.31274e-31 7.80165e-32
