0.444061 0.096137 0.0438555 0.0200058 0.00912619 0.00416315 0.00189913 0.000866339 0.000395204 0.000180283 8.22407e-05 3.75163e-05 1.7114e-05 7.80702e-06 3.56138e-06 1.62462e-06 7.41112e-07 3.38078e-07 1.54223e-07 7.0353e-08 3.20934e-08 1.46402e-08 6.67854e-09 3.04659e-09 1.38978e-09 6.33986e-10 2.8921e-10 1.31931e-10 6.01837e-11 2.74544e-11 1.2524e-11 5.71317e-12 2.60621e-12 1.18889e-12 5.42345e-13 2.47405e-13 1.1286e-13 5.14843e-14 2.34859e-14 1.07137e-14 4.88735e-15 2.22949e-15 1.01704e-15 4.63951e-16 2.11643e-16 9.65467e-17 4.40423e-17 2.00911e-17 9.16508e-18 4.18089e-18 1.90722e-18 8.70031e-19 3.96888e-19 1.81051e-19 8.25911e-20 3.76761e-20 1.7187e-20 7.84029e-21 3.57656e-21 1.63154e-21 7.4427e-22 3.39519e-22 1.5488e-22 7.06528e-23 3.22301e-23 1.47026e-23 6.707e-24 3.05957e-24 1.39571e-24 6.36688e-25 2.90442e-25 1.32493e-25 6.04401e-26 2.75714e-26 1.25774e-26 5.73752e-27 2.61732e-27 1.19396e-27 5.44656e-28 2.48459e-28 1.13341e-28 5.17037e-29 2.3586e-29 1.07594e-29 4.90817e-30 2.23899e-30 1.02138e-30 4.65928e-31 2.12545e-31 9.69581e-32 4.423e-32 2.01767e-32 9.20413e-33 4.19871e-33 1.91535e-33 8.73739e-34 3.98579e-34 1.81822e-34 8.29431e-35 3.78367e-35 1.72602e-35
0.096137 0.0408108 0.0219097 0.0114968 0.0059298 0.00301762 0.00151916 0.000758053 0.000375479 0.000184821 9.04859e-05 4.40944e-05 2.13998e-05 1.03483e-05 4.98803e-06 2.39741e-06 1.14929e-06 5.49661e-07 2.62322e-07 1.24947e-07 5.94078e-08 2.81997e-08 1.33655e-08 6.32576e-09 2.99001e-09 1.41158e-09 6.65642e-10 3.13556e-10 1.47556e-10 6.93728e-11 3.25866e-11 1.52942e-11 7.17254e-12 3.36121e-12 1.57403e-12 7.3661e-13 3.44498e-13 1.61017e-13 7.52158e-14 3.51161e-14 1.63861e-14 7.64235e-15 3.56262e-15 1.66002e-15 7.73153e-16 3.59943e-16 1.67504e-16 7.79201e-17 3.62335e-17 1.68428e-17 7.82647e-18 3.63558e-18 1.68826e-18 7.83741e-19 3.63725e-19 1.68752e-19 7.8271e-20 3.62941e-20 1.6825e-20 7.79769e-21 3.61301e-21 1.67366e-21 7.75113e-22 3.58893e-22 1.66139e-22 7.68925e-23 3.55801e-23 1.64605e-23 7.6137e-24 3.521e-24 1.628e-24 7.52605e-25 3.47859e-25 1.60755e-25 7.42771e-26 3.43142e-26 1.58499e-26 7.31998e-27 3.3801e-27 1.56058e-27 7.20408e-28 3.32515e-28 1.53457e-28 7.08111e-29 3.26709e-29 1.50718e-29 6.95209e-30 3.20636e-30 1.47863e-30 6.81795e-31 3.1434e-31 1.44909e-31 6.67953e-32 3.07857e-32 1.41875e-32 6.53761e-33 3.01223e-33 1.38776e-33 6.39292e-34 2.94471e-34 1.35627e-34
0.0438555 0.0219097 0.0128946 0.00731789 0.00404461 0.00219075 0.00116778 0.000614418 0.000319783 0.000164913 8.43767e-05 4.28749e-05 2.1655e-05 1.08789e-05 5.43911e-06 2.70768e-06 1.34268e-06 6.63443e-07 3.26756e-07 1.60453e-07 7.85737e-08 3.83797e-08 1.87026e-08 9.0938e-09 4.41264e-09 2.13707e-09 1.03314e-09 4.9861e-10 2.40255e-10 1.15593e-10 5.55359e-11 2.6646e-11 1.27684e-11 6.11103e-12 2.92141e-12 1.39506e-12 6.65491e-13 3.17144e-13 1.50993e-13 7.18228e-14 3.4134e-14 1.62087e-14 7.69064e-15 3.64621e-15 1.72742e-15 8.17797e-16 3.86897e-16 1.82919e-16 8.64259e-17 4.08097e-17 1.92586e-17 9.0832e-18 4.28166e-18 2.01722e-18 9.49881e-19 4.47062e-19 2.10308e-19 9.88869e-20 4.64755e-20 2.18332e-20 1.02524e-20 4.81226e-21 2.25787e-21 1.05896e-21 4.96467e-22 2.32671e-22 1.09002e-22 5.10478e-23 2.38984e-23 1.11845e-23 5.23264e-24 2.44731e-24 1.14425e-24 5.34839e-25 2.49918e-25 1.16747e-25 5.45223e-26 2.54556e-26 1.18816e-26 5.54439e-27 2.58656e-27 1.20637e-27 5.62515e-28 2.62231e-28 1.22217e-28 5.69482e-29 2.65297e-29 1.23563e-29 5.75375e-30 2.67869e-30 1.24682e-30 5.80229e-31 2.69965e-31 1.25583e-31 5.84083e-32 2.71603e-32 1.26275e-32 5.86976e-33 2.72802e-33 1.26765e-33 5.8895e-34
0.0200058 0.0114968 0.00731789 0.00443482 0.00259593 0.00148044 0.000827198 0.000454619 0.00024645 0.000132061 7.00645e-05 3.68518e-05 1.92358e-05 9.97297e-06 5.13938e-06 2.63408e-06 1.34339e-06 6.82049e-07 3.44857e-07 1.73705e-07 8.71896e-08 4.36221e-08 2.17589e-08 1.08229e-08 5.36918e-09 2.65706e-09 1.31186e-09 6.46287e-10 3.17739e-10 1.55908e-10 7.63605e-11 3.73345e-11 1.82235e-11 8.88109e-12 4.32165e-12 2.09995e-12 1.01901e-12 4.93827e-13 2.39018e-13 1.15549e-13 5.57956e-14 2.69126e-14 1.29674e-14 6.24174e-15 3.00147e-15 1.44195e-15 6.92108e-16 3.31906e-16 1.59034e-16 7.61391e-17 3.64236e-17 1.74111e-17 8.31665e-18 3.96972e-18 1.89352e-18 9.02587e-19 4.29956e-19 2.04685e-19 9.73823e-20 4.63038e-20 2.2004e-20 1.04506e-20 4.96072e-21 2.35351e-21 1.116e-21 5.28922e-22 2.50557e-22 1.18636e-22 5.61462e-23 2.656e-23 1.25587e-23 5.93572e-24 2.80426e-24 1.3243e-24 6.2514e-25 2.94984e-25 1.39141e-25 6.56065e-26 3.09229e-26 1.457e-26 6.86253e-27 3.23118e-27 1.52087e-27 7.15619e-28 3.36613e-28 1.58287e-28 7.44086e-29 3.4968e-29 1.64282e-29 7.71586e-30 3.62289e-30 1.70061e-30 7.98059e-31 3.74412e-31 1.7561e-31 8.23451e-32 3.86025e-32 1.8092e-32 8.47716e-33 3.9711e-33 1.85981e-33
0.00912619 0.0059298 0.00404461 0.00259593 0.00159743 0.00095276 0.000554608 0.00031658 0.000177808 9.85107e-05 5.39418e-05 2.92375e-05 1.57058e-05 8.37001e-06 4.42891e-06 2.32851e-06 1.21711e-06 6.32809e-07 3.27417e-07 1.68648e-07 8.65093e-08 4.42053e-08 2.25078e-08 1.1422e-08 5.77823e-09 2.91457e-09 1.46608e-09 7.35551e-10 3.68132e-10 1.83817e-10 9.1583e-11 4.55342e-11 2.25943e-11 1.11903e-11 5.53223e-12 2.73032e-12 1.34529e-12 6.61811e-13 3.25087e-13 1.59455e-13 7.81048e-14 3.82067e-14 1.86658e-14 9.10789e-15 4.4389e-15 2.16092e-15 1.05081e-15 5.1044e-16 2.47698e-16 1.20079e-16 5.81566e-17 2.81401e-17 1.36039e-17 6.57085e-18 3.17113e-18 1.52915e-18 7.36788e-19 3.54732e-19 1.7066e-19 8.20444e-20 3.94147e-20 1.89221e-20 9.07798e-21 4.35238e-21 2.0854e-21 9.98579e-22 4.77876e-22 2.28556e-22 1.0925e-22 5.21927e-23 2.49207e-23 1.18927e-23 5.67251e-24 2.70427e-24 1.28857e-24 6.13704e-25 2.92149e-25 1.3901e-25 6.61142e-26 3.14304e-26 1.49354e-26 7.09415e-27 3.36824e-27 1.59856e-27 7.58375e-28 3.59641e-28 1.70486e-28 8.07875e-29 3.82685e-29 1.8121e-29 8.57768e-30 4.05889e-30 1.91998e-30 9.0791e-31 4.29186e-31 2.0282e-31 9.58158e-32 4.52511e-32 2.13644e-32 1.00837e-32 4.758e-33
0.00416315 0.00301762 0.00219075 0.00148044 0.00095276 0.000591546 0.000357215 0.000210954 0.000122308 6.9821e-05 3.9332e-05 2.19022e-05 1.20731e-05 6.59528e-06 3.57388e-06 1.92259e-06 1.02745e-06 5.45784e-07 2.88322e-07 1.51539e-07 7.92734e-08 4.12888e-08 2.14176e-08 1.10678e-08 5.69909e-09 2.92483e-09 1.49634e-09 7.63266e-10 3.88244e-10 1.96963e-10 9.9672e-11 5.03183e-11 2.53451e-11 1.27387e-11 6.38937e-12 3.19843e-12 1.59808e-12 7.97039e-13 3.96834e-13 1.97251e-13 9.78904e-14 4.85061e-14 2.40001e-14 1.18581e-14 5.85096e-15 2.88315e-15 1.41891e-15 6.97446e-16 3.42415e-16 1.67918e-16 8.22545e-17 4.02491e-17 1.96744e-17 9.60751e-18 4.687e-18 2.28438e-18 1.11235e-18 5.41159e-19 2.63047e-19 1.27754e-19 6.19953e-20 3.00605e-20 1.45646e-20 7.05129e-21 3.4113e-21 1.64915e-21 7.96698e-22 3.8462e-22 1.85559e-22 8.94639e-23 4.31061e-23 2.07568e-23 9.98893e-24 4.8042e-24 2.30925e-24 1.10937e-24 5.32651e-25 2.55607e-25 1.22595e-25 5.87693e-26 2.81583e-26 1.34849e-26 6.45471e-27 3.08816e-27 1.4768e-27 7.05899e-28 3.37264e-28 1.61067e-28 7.68876e-29 3.66879e-29 1.74988e-29 8.34293e-30 3.97608e-30 1.89418e-30 9.02029e-31 4.29394e-31 2.04329e-31 9.71954e-32 4.62175e-32 2.19692e-32 1.04393e-32
0.00189913 0.00151916 0.00116778 0.000827198 0.000554608 0.000357215 0.000223069 0.00013589 8.11105e-05 4.75888e-05 2.75131e-05 1.57044e-05 8.86385e-06 4.95323e-06 2.74331e-06 1.50717e-06 8.22001e-07 4.45333e-07 2.39794e-07 1.28393e-07 6.83883e-08 3.62508e-08 1.91291e-08 1.00517e-08 5.26107e-09 2.74345e-09 1.42563e-09 7.38388e-10 3.81253e-10 1.96274e-10 1.00762e-10 5.15919e-11 2.63492e-11 1.34248e-11 6.82421e-12 3.46133e-12 1.75195e-12 8.8497e-13 4.46167e-13 2.24524e-13 1.12787e-13 5.65602e-14 2.83171e-14 1.41547e-14 7.06463e-15 3.52077e-15 1.75215e-15 8.70775e-16 4.3218e-16 2.14223e-16 1.06054e-16 5.24407e-17 2.59001e-17 1.27774e-17 6.29663e-18 3.09964e-18 1.52428e-18 7.48828e-19 3.67515e-19 1.80201e-19 8.82746e-20 4.32041e-20 2.11268e-20 1.03222e-20 5.03906e-21 2.45796e-21 1.198e-21 5.83453e-22 2.8394e-22 1.3808e-22 6.70998e-23 3.25843e-23 1.58124e-23 7.66828e-24 3.71633e-24 1.79992e-24 8.71203e-25 4.21425e-25 2.03733e-25 9.84348e-26 4.7532e-26 2.29393e-26 1.10646e-26 5.33401e-27 2.57007e-27 1.23768e-27 5.95737e-28 2.86604e-28 1.37816e-28 6.62378e-29 3.18206e-29 1.52796e-29 7.3336e-30 3.51827e-30 1.68714e-30 8.087e-31 3.87472e-31 1.85572e-31 8.88399e-32 4.25138e-32 2.03367e-32
0.000866339 0.000758053 0.000614418 0.000454619 0.00031658 0.000210954 0.00013589 8.52005e-05 5.22432e-05 3.14403e-05 1.86201e-05 1.0875e-05 6.27424e-06 3.58077e-06 2.0238e-06 1.13383e-06 6.3019e-07 3.47727e-07 1.90594e-07 1.03827e-07 5.62401e-08 3.03032e-08 1.62478e-08 8.67171e-09 4.60836e-09 2.43911e-09 1.28606e-09 6.75668e-10 3.53777e-10 1.84641e-10 9.6073e-11 4.98441e-11 2.57886e-11 1.33075e-11 6.84978e-12 3.51733e-12 1.80198e-12 9.21156e-13 4.69892e-13 2.39212e-13 1.21541e-13 6.16381e-14 3.12027e-14 1.57682e-14 7.95506e-15 4.00685e-15 2.01505e-15 1.01184e-15 5.07348e-16 2.54031e-16 1.27021e-16 6.3429e-17 3.16332e-17 1.57565e-17 7.83881e-18 3.89522e-18 1.93339e-18 9.58575e-19 4.74751e-19 2.34882e-19 1.1609e-19 5.73198e-20 2.82747e-20 1.39342e-20 6.86067e-21 3.37492e-21 1.65876e-21 8.14575e-22 3.99686e-22 1.95954e-22 9.59945e-23 4.69896e-23 2.29842e-23 1.1234e-23 5.48689e-24 2.678e-24 1.30616e-24 6.36628e-25 3.1009e-25 1.50941e-25 7.34263e-26 3.56965e-26 1.73434e-26 8.42137e-27 4.08674e-27 1.98208e-27 9.60774e-28 4.65458e-28 2.25375e-28 1.09068e-28 5.27549e-29 2.55039e-29 1.23234e-29 5.95168e-30 2.87301e-30 1.38621e-30 6.68522e-31 3.22257e-31 1.55272e-31 7.47808e-32 3.59995e-32
0.000395204 0.000375479 0.000319783 0.00024645 0.000177808 0.000122308 8.11105e-05 5.22432e-05 3.28525e-05 2.02466e-05 1.22643e-05 7.31858e-06 4.31016e-06 2.5089e-06 1.44521e-06 8.24669e-07 4.66561e-07 2.61903e-07 1.45968e-07 8.08167e-08 4.44722e-08 2.43336e-08 1.32442e-08 7.17292e-09 3.8668e-09 2.07546e-09 1.10942e-09 5.90739e-10 3.13404e-10 1.65694e-10 8.73128e-11 4.58659e-11 2.40219e-11 1.25456e-11 6.53425e-12 3.39449e-12 1.75904e-12 9.09373e-13 4.6905e-13 2.41404e-13 1.23981e-13 6.35456e-14 3.25064e-14 1.65973e-14 8.45897e-15 4.30366e-15 2.18587e-15 1.10841e-15 5.61169e-16 2.83675e-16 1.43187e-16 7.21715e-17 3.63264e-17 1.82597e-17 9.16633e-18 4.59563e-18 2.30122e-18 1.15093e-18 5.74953e-19 2.86894e-19 1.42998e-19 7.11988e-20 3.54127e-20 1.75954e-20 8.73391e-21 4.33106e-21 2.1457e-21 1.06204e-21 5.25195e-22 2.59487e-22 1.28097e-22 6.3182e-23 3.11381e-23 1.53334e-23 7.54476e-24 3.70951e-24 1.82247e-24 8.94713e-25 4.38928e-25 2.15177e-25 1.05413e-25 5.16061e-26 2.52475e-26 1.23439e-26 6.03124e-27 2.94502e-27 1.43716e-27 7.00902e-28 3.41628e-28 1.66416e-28 8.10198e-29 3.94224e-29 1.91715e-29 9.31822e-30 4.52668e-30 2.19786e-30 1.06659e-30 5.17339e-31 2.50806e-31 1.21532e-31 5.88618e-32
0.000180283 0.000184821 0.000164913 0.000132061 9.85107e-05 6.9821e-05 4.75888e-05 3.14403e-05 2.02466e-05 1.27608e-05 7.89606e-06 4.80847e-06 2.8874e-06 1.71236e-06 1.00425e-06 5.83066e-07 3.3545e-07 1.91389e-07 1.08363e-07 6.09236e-08 3.40294e-08 1.88926e-08 1.04297e-08 5.72748e-09 3.1297e-09 1.70225e-09 9.21807e-10 4.9712e-10 2.67044e-10 1.42921e-10 7.62221e-11 4.05147e-11 2.14665e-11 1.13394e-11 5.97255e-12 3.13707e-12 1.64337e-12 8.58701e-13 4.47598e-13 2.32764e-13 1.20772e-13 6.25277e-14 3.23052e-14 1.66571e-14 8.57197e-15 4.40301e-15 2.25752e-15 1.15545e-15 5.9039e-16 3.01171e-16 1.5339e-16 7.80035e-17 3.96079e-17 2.00826e-17 1.01683e-17 5.14144e-18 2.59623e-18 1.30931e-18 6.59473e-19 3.31757e-19 1.66697e-19 8.36628e-20 4.19418e-20 2.10032e-20 1.05065e-20 5.25018e-21 2.62089e-21 1.30704e-21 6.51193e-22 3.24128e-22 1.61184e-22 8.00813e-23 3.97517e-23 1.97153e-23 9.76976e-24 4.8373e-24 2.39315e-24 1.18302e-24 5.84351e-25 2.8842e-25 1.4225e-25 7.01069e-26 3.45269e-26 1.69922e-26 8.35682e-27 4.10713e-27 2.01719e-27 9.90088e-28 4.85648e-28 2.38066e-28 1.16629e-28 5.71019e-29 2.79407e-29 1.36638e-29 6.67812e-30 3.26207e-30 1.59254e-30 7.77057e-31 3.7895e-31 1.84706e-31 8.99823e-32
8.22407e-05 9.04859e-05 8.43767e-05 7.00645e-05 5.39418e-05 3.9332e-05 2.75131e-05 1.86201e-05 1.22643e-05 7.89606e-06 4.98559e-06 3.09512e-06 1.89315e-06 1.14279e-06 6.81742e-07 4.02391e-07 2.35222e-07 1.36293e-07 7.83345e-08 4.46878e-08 2.53176e-08 1.42518e-08 7.97474e-09 4.43746e-09 2.45627e-09 1.35293e-09 7.41753e-10 4.04893e-10 2.201e-10 1.19177e-10 6.42903e-11 3.45587e-11 1.85141e-11 9.88659e-12 5.26326e-12 2.79373e-12 1.47874e-12 7.80591e-13 4.10989e-13 2.15852e-13 1.13095e-13 5.91192e-14 3.08355e-14 1.60489e-14 8.33569e-15 4.32089e-15 2.23547e-15 1.1544e-15 5.95062e-16 3.06204e-16 1.57299e-16 8.0673e-17 4.13088e-17 2.11197e-17 1.07816e-17 5.49598e-18 2.79766e-18 1.42216e-18 7.21973e-19 3.66041e-19 1.85348e-19 9.37368e-20 4.7349e-20 2.38892e-20 1.20392e-20 6.0605e-21 3.04752e-21 1.53082e-21 7.6816e-22 3.85069e-22 1.92839e-22 9.64789e-23 4.82234e-23 2.40814e-23 1.20147e-23 5.98904e-24 2.98282e-24 1.48432e-24 7.38015e-25 3.66648e-25 1.82007e-25 9.02789e-26 4.47457e-26 2.2161e-26 1.09675e-26 5.42389e-27 2.68044e-27 1.32373e-27 6.53273e-28 3.2218e-28 1.58787e-28 7.82082e-29 3.84957e-29 1.89366e-29 9.30943e-30 4.57386e-30 2.24587e-30 1.10213e-30 5.40547e-31 2.64965e-31 1.29808e-31
3.75163e-05 4.40944e-05 4.28749e-05 3.68518e-05 2.92375e-05 2.19022e-05 1.57044e-05 1.0875e-05 7.31858e-06 4.80847e-06 3.09512e-06 1.95712e-06 1.21833e-06 7.47971e-07 4.53532e-07 2.71934e-07 1.61399e-07 9.49078e-08 5.53351e-08 3.201e-08 1.83827e-08 1.04857e-08 5.94362e-09 3.34923e-09 1.8769e-09 1.04636e-09 5.80494e-10 3.2056e-10 1.76247e-10 9.65022e-11 5.26313e-11 2.85975e-11 1.54833e-11 8.35455e-12 4.49338e-12 2.40922e-12 1.28791e-12 6.86531e-13 3.64961e-13 1.93504e-13 1.02338e-13 5.39921e-14 2.84187e-14 1.49245e-14 7.82071e-15 4.08959e-15 2.13418e-15 1.11154e-15 5.77826e-16 2.99824e-16 1.55297e-16 8.02981e-17 4.14495e-17 2.13612e-17 1.09912e-17 5.64675e-18 2.89669e-18 1.4838e-18 7.58984e-19 3.87698e-19 1.97775e-19 1.00759e-19 5.12676e-20 2.60534e-20 1.32239e-20 6.70413e-21 3.39488e-21 1.71719e-21 8.67632e-22 4.37911e-22 2.20791e-22 1.11207e-22 5.59559e-23 2.81277e-23 1.41256e-23 7.08711e-24 3.55249e-24 1.77912e-24 8.90217e-25 4.45052e-25 2.22309e-25 1.10954e-25 5.5332e-26 2.75717e-26 1.37281e-26 6.83002e-27 3.39553e-27 1.68683e-27 8.37375e-28 4.15393e-28 2.05918e-28 1.02007e-28 5.0498e-29 2.49821e-29 1.23509e-29 6.10229e-30 3.01309e-30 1.48683e-30 7.33242e-31 3.61387e-31 1.78008e-31
1.7114e-05 2.13998e-05 2.1655e-05 1.92358e-05 1.57058e-05 1.20731e-05 8.86385e-06 6.27424e-06 4.31016e-06 2.8874e-06 1.89315e-06 1.21833e-06 7.71311e-07 4.81259e-07 2.96398e-07 1.80415e-07 1.08653e-07 6.48012e-08 3.8304e-08 2.24558e-08 1.30648e-08 7.54744e-09 4.3314e-09 2.47045e-09 1.40091e-09 7.90096e-10 4.43326e-10 2.4755e-10 1.37599e-10 7.61514e-11 4.19712e-11 2.3042e-11 1.26028e-11 6.86854e-12 3.73064e-12 2.0197e-12 1.09003e-12 5.86525e-13 3.14695e-13 1.68382e-13 8.98562e-14 4.78291e-14 2.53962e-14 1.34529e-14 7.10995e-15 3.74937e-15 1.97298e-15 1.03607e-15 5.42984e-16 2.84017e-16 1.48281e-16 7.72748e-17 4.01998e-17 2.08769e-17 1.08239e-17 5.60275e-18 2.89558e-18 1.49419e-18 7.69894e-19 3.9612e-19 2.03522e-19 1.04423e-19 5.3506e-20 2.73805e-20 1.39935e-20 7.14285e-21 3.64158e-21 1.85436e-21 9.43182e-22 4.79188e-22 2.43185e-22 1.23282e-22 6.24311e-23 3.15831e-23 1.59613e-23 8.05849e-24 4.0646e-24 2.04818e-24 1.03114e-24 5.18642e-25 2.60634e-25 1.30862e-25 6.56486e-26 3.29056e-26 1.648e-26 8.24691e-27 4.12364e-27 2.0603e-27 1.0286e-27 5.13143e-28 2.55804e-28 1.27427e-28 6.34318e-29 3.15535e-29 1.56851e-29 7.79176e-30 3.86806e-30 1.91896e-30 9.51394e-31 4.71389e-31 2.33414e-31
7.80702e-06 1.03483e-05 1.08789e-05 9.97297e-06 8.37001e-06 6.59528e-06 4.95323e-06 3.58077e-06 2.5089e-06 1.71236e-06 1.14279e-06 7.47971e-07 4.81259e-07 3.04989e-07 1.90674e-07 1.17755e-07 7.19174e-08 4.34789e-08 2.60421e-08 1.54646e-08 9.11059e-09 5.32774e-09 3.09419e-09 1.78546e-09 1.02407e-09 5.84038e-10 3.31304e-10 1.8699e-10 1.05034e-10 5.87316e-11 3.26996e-11 1.81315e-11 1.00145e-11 5.51071e-12 3.02162e-12 1.65118e-12 8.99355e-13 4.88328e-13 2.64355e-13 1.42696e-13 7.68124e-14 4.12374e-14 2.20818e-14 1.17951e-14 6.2853e-15 3.34154e-15 1.77255e-15 9.38231e-16 4.95579e-16 2.61238e-16 1.37438e-16 7.21689e-17 3.7826e-17 1.97903e-17 1.03361e-17 5.38926e-18 2.80533e-18 1.45796e-18 7.56535e-19 3.91971e-19 2.02786e-19 1.0476e-19 5.40438e-20 2.78421e-20 1.43244e-20 7.36015e-21 3.77698e-21 1.93581e-21 9.90957e-22 5.06677e-22 2.58765e-22 1.32004e-22 6.72647e-23 3.42387e-23 1.74095e-23 8.84308e-24 4.48724e-24 2.27469e-24 1.15197e-24 5.82837e-25 2.94608e-25 1.48779e-25 7.50672e-26 3.78419e-26 1.90599e-26 9.59174e-27 4.82294e-27 2.4231e-27 1.21641e-27 6.10163e-28 3.05826e-28 1.5317e-28 7.66558e-29 3.83352e-29 1.91574e-29 9.56676e-30 4.77408e-30 2.38077e-30 1.18645e-30 5.90871e-31 2.94071e-31
3.56138e-06 4.98803e-06 5.43911e-06 5.13938e-06 4.42891e-06 3.57388e-06 2.74331e-06 2.0238e-06 1.44521e-06 1.00425e-06 6.81742e-07 4.53532e-07 2.96398e-07 1.90674e-07 1.20941e-07 7.57394e-08 4.68864e-08 2.872e-08 1.74225e-08 1.0475e-08 6.24605e-09 3.69585e-09 2.17125e-09 1.26705e-09 7.34759e-10 4.23574e-10 2.42825e-10 1.38476e-10 7.8576e-11 4.43768e-11 2.49502e-11 1.39682e-11 7.78826e-12 4.3257e-12 2.39366e-12 1.31986e-12 7.25305e-13 3.97282e-13 2.1693e-13 1.18096e-13 6.41054e-14 3.47014e-14 1.87342e-14 1.00879e-14 5.41855e-15 2.90348e-15 1.55218e-15 8.27917e-16 4.4064e-16 2.34026e-16 1.24038e-16 6.5612e-17 3.46397e-17 1.82538e-17 9.60161e-18 5.04159e-18 2.64268e-18 1.38292e-18 7.22509e-19 3.7688e-19 1.96287e-19 1.02077e-19 5.30067e-20 2.7486e-20 1.42327e-20 7.35992e-21 3.80086e-21 1.96032e-21 1.00977e-21 5.19495e-22 2.6694e-22 1.37004e-22 7.02341e-23 3.59644e-23 1.83956e-23 9.3991e-24 4.79729e-24 2.44599e-24 1.24586e-24 6.33942e-25 3.22259e-25 1.6366e-25 8.30372e-26 4.20921e-26 2.13174e-26 1.07866e-26 5.45321e-27 2.75454e-27 1.39021e-27 7.01054e-28 3.53241e-28 1.77846e-28 8.94699e-29 4.49754e-29 2.25914e-29 1.13394e-29 5.68745e-30 2.85058e-30 1.42771e-30 7.1457e-31 3.57398e-31
1.62462e-06 2.39741e-06 2.70768e-06 2.63408e-06 2.32851e-06 1.92259e-06 1.50717e-06 1.13383e-06 8.24669e-07 5.83066e-07 4.02391e-07 2.71934e-07 1.80415e-07 1.17755e-07 7.57394e-08 4.8076e-08 3.01527e-08 1.87053e-08 1.14878e-08 6.99011e-09 4.21699e-09 2.5238e-09 1.49927e-09 8.84464e-10 5.18381e-10 3.01963e-10 1.74883e-10 1.00733e-10 5.7723e-11 3.29154e-11 1.86822e-11 1.05569e-11 5.9403e-12 3.32915e-12 1.85861e-12 1.03382e-12 5.73018e-13 3.16537e-13 1.74289e-13 9.56667e-14 5.23539e-14 2.85681e-14 1.55455e-14 8.43651e-15 4.56661e-15 2.46569e-15 1.3281e-15 7.13684e-16 3.82646e-16 2.04708e-16 1.09282e-16 5.82189e-17 3.09536e-17 1.64253e-17 8.69951e-18 4.59917e-18 2.4271e-18 1.27862e-18 6.72455e-19 3.53077e-19 1.85088e-19 9.68744e-20 5.06265e-20 2.64181e-20 1.37656e-20 7.16268e-21 3.72182e-21 1.9313e-21 1.00085e-21 5.18002e-22 2.6776e-22 1.38237e-22 7.12823e-23 3.67135e-23 1.88872e-23 9.70556e-24 4.98187e-24 2.55442e-24 1.30838e-24 6.69452e-25 3.42187e-25 1.74732e-25 8.91368e-26 4.54279e-26 2.31301e-26 1.1766e-26 5.97982e-27 3.03639e-27 1.54045e-27 7.80838e-28 3.95465e-28 2.00122e-28 1.01187e-28 5.11219e-29 2.58075e-29 1.30181e-29 6.56174e-30 3.30494e-30 1.66336e-30 8.36555e-31 4.20428e-31
7.41112e-07 1.14929e-06 1.34268e-06 1.34339e-06 1.21711e-06 1.02745e-06 8.22001e-07 6.3019e-07 4.66561e-07 3.3545e-07 2.35222e-07 1.61399e-07 1.08653e-07 7.19174e-08 4.68864e-08 3.01527e-08 1.91521e-08 1.20277e-08 7.47541e-09 4.60172e-09 2.80769e-09 1.69899e-09 1.02022e-09 6.08231e-10 3.60173e-10 2.11933e-10 1.23961e-10 7.20975e-11 4.17091e-11 2.40071e-11 1.37516e-11 7.84114e-12 4.45151e-12 2.51666e-12 1.41713e-12 7.94955e-13 4.44312e-13 2.47465e-13 1.37366e-13 7.60045e-14 4.19228e-14 2.30548e-14 1.26421e-14 6.91305e-15 3.7701e-15 2.05073e-15 1.1127e-15 6.02267e-16 3.25223e-16 1.75221e-16 9.41957e-17 5.05298e-17 2.70497e-17 1.44511e-17 7.70531e-18 4.10064e-18 2.17826e-18 1.15501e-18 6.11362e-19 3.23051e-19 1.7042e-19 8.97567e-20 4.71983e-20 2.47809e-20 1.29913e-20 6.80069e-21 3.55492e-21 1.85566e-21 9.67327e-22 5.03578e-22 2.61814e-22 1.35945e-22 7.05003e-23 3.65163e-23 1.88913e-23 9.76175e-24 5.03842e-24 2.5976e-24 1.33774e-24 6.88178e-25 3.53647e-25 1.81546e-25 9.31029e-26 4.76984e-26 2.44129e-26 1.24829e-26 6.37678e-27 3.2545e-27 1.65948e-27 8.45415e-28 4.30315e-28 2.1884e-28 1.11199e-28 5.64559e-29 2.86393e-29 1.45166e-29 7.35231e-30 3.72085e-30 1.8816e-30 9.50792e-31 4.80087e-31
3.38078e-07 5.49661e-07 6.63443e-07 6.82049e-07 6.32809e-07 5.45784e-07 4.45333e-07 3.47727e-07 2.61903e-07 1.91389e-07 1.36293e-07 9.49078e-08 6.48012e-08 4.34789e-08 2.872e-08 1.87053e-08 1.20277e-08 7.64404e-09 4.80617e-09 2.99209e-09 1.84573e-09 1.12892e-09 6.85022e-10 4.12591e-10 2.46779e-10 1.46639e-10 8.65978e-11 5.08429e-11 2.96862e-11 1.72427e-11 9.96535e-12 5.73224e-12 3.28244e-12 1.87153e-12 1.0627e-12 6.01057e-13 3.38674e-13 1.90141e-13 1.0638e-13 5.93191e-14 3.29711e-14 1.82696e-14 1.00932e-14 5.56008e-15 3.05441e-15 1.67343e-15 9.14453e-16 4.98455e-16 2.71041e-16 1.47035e-16 7.95826e-17 4.29787e-17 2.31609e-17 1.24553e-17 6.68451e-18 3.5804e-18 1.91408e-18 1.02137e-18 5.44019e-19 2.89254e-19 1.53532e-19 8.13556e-20 4.30395e-20 2.27328e-20 1.19885e-20 6.31269e-21 3.3191e-21 1.7426e-21 9.13604e-22 4.7832e-22 2.50087e-22 1.30583e-22 6.80962e-23 3.54656e-23 1.84481e-23 9.58451e-24 4.9736e-24 2.5779e-24 1.33464e-24 6.90201e-25 3.56542e-25 1.83983e-25 9.48392e-26 4.88368e-26 2.51226e-26 1.29107e-26 6.62838e-27 3.39976e-27 1.74213e-27 8.91882e-28 4.56183e-28 2.33122e-28 1.19026e-28 6.07195e-29 3.09488e-29 1.57614e-29 8.02028e-30 4.07786e-30 2.07171e-30 1.05169e-30 5.33468e-31
1.54223e-07 2.62322e-07 3.26756e-07 3.44857e-07 3.27417e-07 2.88322e-07 2.39794e-07 1.90594e-07 1.45968e-07 1.08363e-07 7.83345e-08 5.53351e-08 3.8304e-08 2.60421e-08 1.74225e-08 1.14878e-08 7.47541e-09 4.80617e-09 3.05604e-09 1.92348e-09 1.19926e-09 7.41189e-10 4.54347e-10 2.76388e-10 1.66929e-10 1.00141e-10 5.96933e-11 3.53694e-11 2.0838e-11 1.22107e-11 7.11862e-12 4.12983e-12 2.38477e-12 1.37099e-12 7.84836e-13 4.47466e-13 2.54127e-13 1.43788e-13 8.10654e-14 4.55464e-14 2.55055e-14 1.42373e-14 7.92291e-15 4.39596e-15 2.43209e-15 1.34184e-15 7.38351e-16 4.05228e-16 2.21844e-16 1.21155e-16 6.60102e-17 3.58831e-17 1.94628e-17 1.05338e-17 5.68932e-18 3.06655e-18 1.64961e-18 8.85682e-19 4.74636e-19 2.53893e-19 1.35572e-19 7.22665e-20 3.84565e-20 2.04309e-20 1.0837e-20 5.73912e-21 3.03471e-21 1.60229e-21 8.44747e-22 4.44726e-22 2.33803e-22 1.22748e-22 6.43573e-23 3.36986e-23 1.76226e-23 9.20411e-24 4.80131e-24 2.50158e-24 1.30184e-24 6.767e-25 3.51352e-25 1.82224e-25 9.44051e-26 4.88562e-26 2.52573e-26 1.30439e-26 6.72956e-27 3.46844e-27 1.7859e-27 9.18682e-28 4.72132e-28 2.42414e-28 1.24354e-28 6.37337e-29 3.26361e-29 1.66975e-29 8.53562e-30 4.35968e-30 2.22493e-30 1.13456e-30 5.78083e-31
7.0353e-08 1.24947e-07 1.60453e-07 1.73705e-07 1.68648e-07 1.51539e-07 1.28393e-07 1.03827e-07 8.08167e-08 6.09236e-08 4.46878e-08 3.201e-08 2.24558e-08 1.54646e-08 1.0475e-08 6.99011e-09 4.60172e-09 2.99209e-09 1.92348e-09 1.22362e-09 7.70872e-10 4.8128e-10 2.97958e-10 1.83017e-10 1.11588e-10 6.7566e-11 4.06436e-11 2.42979e-11 1.44411e-11 8.53533e-12 5.01819e-12 2.93557e-12 1.70906e-12 9.90465e-13 5.7151e-13 3.28392e-13 1.87942e-13 1.07148e-13 6.08617e-14 3.4448e-14 1.94313e-14 1.09248e-14 6.1228e-15 3.42105e-15 1.90584e-15 1.05871e-15 5.86503e-16 3.24045e-16 1.78575e-16 9.81629e-17 5.38297e-17 2.94493e-17 1.60744e-17 8.75454e-18 4.75768e-18 2.58017e-18 1.39642e-18 7.54263e-19 4.06623e-19 2.18799e-19 1.17517e-19 6.30063e-20 3.37217e-20 1.80177e-20 9.61097e-21 5.11839e-21 2.72153e-21 1.44485e-21 7.65911e-22 4.05408e-22 2.1428e-22 1.13098e-22 5.96119e-23 3.13778e-23 1.64945e-23 8.65948e-24 4.5404e-24 2.3777e-24 1.24363e-24 6.4969e-25 3.39011e-25 1.76694e-25 9.19901e-26 4.78388e-26 2.48513e-26 1.2896e-26 6.6851e-27 3.4619e-27 1.79095e-27 9.256e-28 4.77903e-28 2.46514e-28 1.27038e-28 6.54074e-29 3.36453e-29 1.72916e-29 8.87896e-30 4.55528e-30 2.33506e-30 1.19596e-30 6.1204e-31
3.20934e-08 5.94078e-08 7.85737e-08 8.71896e-08 8.65093e-08 7.92734e-08 6.83883e-08 5.62401e-08 4.44722e-08 3.40294e-08 2.53176e-08 1.83827e-08 1.30648e-08 9.11059e-09 6.24605e-09 4.21699e-09 2.80769e-09 1.84573e-09 1.19926e-09 7.70872e-10 4.90587e-10 3.0933e-10 1.93362e-10 1.19897e-10 7.37813e-11 4.50802e-11 2.73591e-11 1.6499e-11 9.89007e-12 5.89471e-12 3.49438e-12 2.0608e-12 1.20939e-12 7.06407e-13 4.10768e-13 2.37833e-13 1.37139e-13 7.87651e-14 4.50672e-14 2.56924e-14 1.45958e-14 8.26383e-15 4.66361e-15 2.62361e-15 1.47149e-15 8.22897e-16 4.58883e-16 2.55193e-16 1.4154e-16 7.83026e-17 4.32104e-17 2.37876e-17 1.30645e-17 7.15886e-18 3.91411e-18 2.13543e-18 1.1626e-18 6.31665e-19 3.42517e-19 1.85369e-19 1.00133e-19 5.39902e-20 2.90588e-20 1.56128e-20 8.37419e-21 4.48417e-21 2.39726e-21 1.27956e-21 6.81912e-22 3.6286e-22 1.92799e-22 1.02292e-22 5.41949e-23 2.8673e-23 1.51494e-23 7.99357e-24 4.21229e-24 2.21687e-24 1.16524e-24 6.11731e-25 3.2076e-25 1.67991e-25 8.78799e-26 4.59196e-26 2.39675e-26 1.2496e-26 6.50803e-27 3.38587e-27 1.75971e-27 9.13626e-28 4.73871e-28 2.45541e-28 1.27107e-28 6.57353e-29 3.39643e-29 1.75326e-29 9.04228e-30 4.65932e-30 2.39876e-30 1.23389e-30 6.34155e-31
1.46402e-08 2.81997e-08 3.83797e-08 4.36221e-08 4.42053e-08 4.12888e-08 3.62508e-08 3.03032e-08 2.43336e-08 1.88926e-08 1.42518e-08 1.04857e-08 7.54744e-09 5.32774e-09 3.69585e-09 2.5238e-09 1.69899e-09 1.12892e-09 7.41189e-10 4.8128e-10 3.0933e-10 1.96932e-10 1.24267e-10 7.77666e-11 4.82891e-11 2.97663e-11 1.82223e-11 1.10828e-11 6.69903e-12 4.02562e-12 2.40568e-12 1.43002e-12 8.45774e-13 4.97822e-13 2.91671e-13 1.70137e-13 9.88258e-14 5.71718e-14 3.29461e-14 1.89148e-14 1.08202e-14 6.16827e-15 3.50462e-15 1.9848e-15 1.12058e-15 6.30755e-16 3.5401e-16 1.98129e-16 1.10585e-16 6.156e-17 3.41812e-17 1.89321e-17 1.04607e-17 5.76642e-18 3.17149e-18 1.74044e-18 9.53063e-19 5.20803e-19 2.84014e-19 1.54577e-19 8.39667e-20 4.55251e-20 2.46374e-20 1.33095e-20 7.17735e-21 3.8639e-21 2.07664e-21 1.11426e-21 5.96928e-22 3.19285e-22 1.70519e-22 9.09325e-23 4.84208e-23 2.57468e-23 1.36712e-23 7.24931e-24 3.83886e-24 2.03019e-24 1.07229e-24 5.65638e-25 2.98007e-25 1.56815e-25 8.24194e-26 4.32677e-26 2.26882e-26 1.18835e-26 6.21743e-27 3.24941e-27 1.69642e-27 8.84725e-28 4.6093e-28 2.39895e-28 1.24731e-28 6.47894e-29 3.36213e-29 1.74307e-29 9.02837e-30 4.67204e-30 2.41553e-30 1.24776e-30 6.43981e-31
6.67854e-09 1.33655e-08 1.87026e-08 2.17589e-08 2.25078e-08 2.14176e-08 1.91291e-08 1.62478e-08 1.32442e-08 1.04297e-08 7.97474e-09 5.94362e-09 4.3314e-09 3.09419e-09 2.17125e-09 1.49927e-09 1.02022e-09 6.85022e-10 4.54347e-10 2.97958e-10 1.93362e-10 1.24267e-10 7.91398e-11 4.99737e-11 3.13058e-11 1.94648e-11 1.20172e-11 7.3698e-12 4.49118e-12 2.72057e-12 1.63864e-12 9.81631e-13 5.85016e-13 3.46931e-13 2.04771e-13 1.20319e-13 7.03909e-14 4.10107e-14 2.37982e-14 1.37571e-14 7.92335e-15 4.54722e-15 2.60073e-15 1.48255e-15 8.42437e-16 4.77228e-16 2.69537e-16 1.51795e-16 8.52479e-17 4.77455e-17 2.66711e-17 1.48608e-17 8.25983e-18 4.5799e-18 2.53354e-18 1.39834e-18 7.70085e-19 4.23187e-19 2.32069e-19 1.27004e-19 6.93674e-20 3.7814e-20 2.05745e-20 1.1174e-20 6.05765e-21 3.27822e-21 1.77104e-21 9.55193e-22 5.14331e-22 2.76503e-22 1.48415e-22 7.95405e-23 4.25647e-23 2.27444e-23 1.2136e-23 6.46642e-24 3.44077e-24 1.82835e-24 9.70265e-25 5.1423e-25 2.7219e-25 1.43895e-25 7.59775e-26 4.00686e-26 2.11063e-26 1.11049e-26 5.83615e-27 3.06374e-27 1.60658e-27 8.41559e-28 4.40359e-28 2.30185e-28 1.202e-28 6.27038e-29 3.26779e-29 1.70134e-29 8.8494e-30 4.59862e-30 2.38748e-30 1.23838e-30 6.41771e-31
3.04659e-09 6.32576e-09 9.0938e-09 1.08229e-08 1.1422e-08 1.10678e-08 1.00517e-08 8.67171e-09 7.17292e-09 5.72748e-09 4.43746e-09 3.34923e-09 2.47045e-09 1.78546e-09 1.26705e-09 8.84464e-10 6.08231e-10 4.12591e-10 2.76388e-10 1.83017e-10 1.19897e-10 7.77666e-11 4.99737e-11 3.18355e-11 2.01159e-11 1.26134e-11 7.85203e-12 4.8547e-12 2.98216e-12 1.82068e-12 1.1051e-12 6.67047e-13 4.0051e-13 2.39262e-13 1.42245e-13 8.41768e-14 4.95933e-14 2.90942e-14 1.69988e-14 9.8929e-15 5.73574e-15 3.3134e-15 1.90737e-15 1.09428e-15 6.25749e-16 3.56698e-16 2.0271e-16 1.14859e-16 6.48951e-17 3.6564e-17 2.0546e-17 1.15151e-17 6.43737e-18 3.58988e-18 1.99716e-18 1.1085e-18 6.13873e-19 3.39206e-19 1.87033e-19 1.02912e-19 5.65108e-20 3.09695e-20 1.69394e-20 9.24786e-21 5.03947e-21 2.74124e-21 1.48849e-21 8.06863e-22 4.36642e-22 2.35905e-22 1.27249e-22 6.85312e-23 3.68516e-23 1.97866e-23 1.06083e-23 5.6793e-24 3.0362e-24 1.62093e-24 8.64192e-25 4.60127e-25 2.44669e-25 1.29935e-25 6.89168e-26 3.65082e-26 1.93166e-26 1.02084e-26 5.38858e-27 2.84116e-27 1.49634e-27 7.87196e-28 4.1368e-28 2.17162e-28 1.1388e-28 5.9657e-29 3.12202e-29 1.63221e-29 8.52496e-30 4.44824e-30 2.31884e-30 1.20767e-30 6.28384e-31
1.38978e-09 2.99001e-09 4.41264e-09 5.36918e-09 5.77823e-09 5.69909e-09 5.26107e-09 4.60836e-09 3.8668e-09 3.1297e-09 2.45627e-09 1.8769e-09 1.40091e-09 1.02407e-09 7.34759e-10 5.18381e-10 3.60173e-10 2.46779e-10 1.66929e-10 1.11588e-10 7.37813e-11 4.82891e-11 3.13058e-11 2.01159e-11 1.28183e-11 8.10428e-12 5.08611e-12 3.16972e-12 1.96238e-12 1.2073e-12 7.38347e-13 4.48991e-13 2.71559e-13 1.63398e-13 9.78324e-14 5.82996e-14 3.45844e-14 2.04271e-14 1.20149e-14 7.03866e-15 4.10754e-15 2.38813e-15 1.38349e-15 7.98709e-16 4.59569e-16 2.63578e-16 1.50699e-16 8.59011e-17 4.88219e-17 2.76693e-17 1.56382e-17 8.81487e-18 4.95586e-18 2.77926e-18 1.55481e-18 8.67741e-19 4.83169e-19 2.68429e-19 1.48802e-19 8.2311e-20 4.54364e-20 2.50304e-20 1.37617e-20 7.55159e-21 4.13604e-21 2.26116e-21 1.23395e-21 6.72204e-22 3.6556e-22 1.98466e-22 1.07572e-22 5.82126e-23 3.14522e-23 1.69674e-23 9.13959e-24 4.91582e-24 2.6402e-24 1.416e-24 7.58378e-25 4.05617e-25 2.16654e-25 1.15571e-25 6.15704e-26 3.27603e-26 1.74095e-26 9.24049e-27 4.89876e-27 2.59399e-27 1.37199e-27 7.24837e-28 3.82514e-28 2.01641e-28 1.06181e-28 5.58538e-29 2.935e-29 1.54071e-29 8.07969e-30 4.23292e-30 2.21545e-30 1.15843e-30 6.05153e-31
6.33986e-10 1.41158e-09 2.13707e-09 2.65706e-09 2.91457e-09 2.92483e-09 2.74345e-09 2.43911e-09 2.07546e-09 1.70225e-09 1.35293e-09 1.04636e-09 7.90096e-10 5.84038e-10 4.23574e-10 3.01963e-10 2.11933e-10 1.46639e-10 1.00141e-10 6.7566e-11 4.50802e-11 2.97663e-11 1.94648e-11 1.26134e-11 8.10428e-12 5.16556e-12 3.26768e-12 2.05239e-12 1.2804e-12 7.93682e-13 4.88991e-13 2.99527e-13 1.82461e-13 1.10563e-13 6.66592e-14 3.99955e-14 2.38865e-14 1.42025e-14 8.40858e-15 4.95793e-15 2.91181e-15 1.70363e-15 9.93104e-16 5.7687e-16 3.33947e-16 1.92683e-16 1.10821e-16 6.35415e-17 3.6324e-17 2.07048e-17 1.17686e-17 6.67107e-18 3.77151e-18 2.12675e-18 1.19628e-18 6.7126e-19 3.7577e-19 2.09872e-19 1.16953e-19 6.50311e-20 3.60832e-20 1.99797e-20 1.10406e-20 6.08891e-21 3.35157e-21 1.84136e-21 1.00979e-21 5.5277e-22 3.02061e-22 1.64778e-22 8.97371e-23 4.87902e-23 2.64847e-23 1.4354e-23 7.76751e-24 4.19696e-24 2.26436e-24 1.2199e-24 6.5628e-25 3.52572e-25 1.89153e-25 1.01343e-25 5.42259e-26 2.89773e-26 1.54653e-26 8.24365e-27 4.38884e-27 2.33377e-27 1.23953e-27 6.57582e-28 3.48458e-28 1.84444e-28 9.75216e-29 5.15072e-29 2.71752e-29 1.43227e-29 7.54097e-30 3.96635e-30 2.08412e-30 1.09403e-30 5.73738e-31
2.8921e-10 6.65642e-10 1.03314e-09 1.31186e-09 1.46608e-09 1.49634e-09 1.42563e-09 1.28606e-09 1.10942e-09 9.21807e-10 7.41753e-10 5.80494e-10 4.43326e-10 3.31304e-10 2.42825e-10 1.74883e-10 1.23961e-10 8.65978e-11 5.96933e-11 4.06436e-11 2.73591e-11 1.82223e-11 1.20172e-11 7.85203e-12 5.08611e-12 3.26768e-12 2.08326e-12 1.31852e-12 8.28766e-13 5.1753e-13 3.21173e-13 1.9814e-13 1.2155e-13 7.41643e-14 4.50194e-14 2.71934e-14 1.63484e-14 9.78402e-15 5.83e-15 3.4594e-15 2.04449e-15 1.2036e-15 7.05914e-16 4.12529e-16 2.40238e-16 1.39433e-16 8.06629e-17 4.65169e-17 2.67437e-17 1.53301e-17 8.76236e-18 4.99444e-18 2.83908e-18 1.60964e-18 9.10265e-19 5.13487e-19 2.88963e-19 1.6223e-19 9.08717e-20 5.07874e-20 2.8323e-20 1.57616e-20 8.75316e-21 4.85124e-21 2.6834e-21 1.48143e-21 8.16326e-22 4.49001e-22 2.4652e-22 1.35112e-22 7.39252e-23 4.03795e-23 2.20199e-23 1.19887e-23 6.51692e-24 3.53707e-24 1.91685e-24 1.03727e-24 5.60481e-25 3.02422e-25 1.62952e-25 8.76818e-26 4.71168e-26 2.52854e-26 1.35519e-26 7.25406e-27 3.87809e-27 2.07073e-27 1.10434e-27 5.88263e-28 3.12992e-28 1.66341e-28 8.8303e-29 4.68244e-29 2.48026e-29 1.31237e-29 6.93681e-30 3.6628e-30 1.93208e-30 1.01812e-30 5.35977e-31
1.31931e-10 3.13556e-10 4.9861e-10 6.46287e-10 7.35551e-10 7.63266e-10 7.38388e-10 6.75668e-10 5.90739e-10 4.9712e-10 4.04893e-10 3.2056e-10 2.4755e-10 1.8699e-10 1.38476e-10 1.00733e-10 7.20975e-11 5.08429e-11 3.53694e-11 2.42979e-11 1.6499e-11 1.10828e-11 7.3698e-12 4.8547e-12 3.16972e-12 2.05239e-12 1.31852e-12 8.40787e-13 5.32392e-13 3.34872e-13 2.09302e-13 1.30031e-13 8.03193e-14 4.93409e-14 3.01518e-14 1.83331e-14 1.10934e-14 6.68171e-15 4.00664e-15 2.39231e-15 1.42256e-15 8.42565e-16 4.9714e-16 2.92249e-16 1.71192e-16 9.99355e-17 5.81449e-17 3.37214e-17 1.9496e-17 1.12376e-17 6.45842e-18 3.70123e-18 2.11527e-18 1.20565e-18 6.85404e-19 3.8866e-19 2.19848e-19 1.2406e-19 6.98439e-20 3.92315e-20 2.19876e-20 1.22965e-20 6.86226e-21 3.82172e-21 2.12412e-21 1.17827e-21 6.52347e-22 3.60494e-22 1.98849e-22 1.09489e-22 6.01804e-23 3.30215e-23 1.80888e-23 9.89256e-24 5.40144e-24 2.9446e-24 1.60278e-24 8.71088e-25 4.72724e-25 2.56166e-25 1.38617e-25 7.49037e-26 4.04198e-26 2.17821e-26 1.17228e-26 6.30085e-27 3.38231e-27 1.81336e-27 9.70999e-28 5.19313e-28 2.77411e-28 1.48017e-28 7.88859e-29 4.1995e-29 2.23313e-29 1.18619e-29 6.29403e-30 3.33614e-30 1.76647e-30 9.34383e-31 4.93748e-31
6.01837e-11 1.47556e-10 2.40255e-10 3.17739e-10 3.68132e-10 3.88244e-10 3.81253e-10 3.53777e-10 3.13404e-10 2.67044e-10 2.201e-10 1.76247e-10 1.37599e-10 1.05034e-10 7.8576e-11 5.7723e-11 4.17091e-11 2.96862e-11 2.0838e-11 1.44411e-11 9.89007e-12 6.69903e-12 4.49118e-12 2.98216e-12 1.96238e-12 1.2804e-12 8.28766e-13 5.32392e-13 3.39562e-13 2.15107e-13 1.35389e-13 8.46922e-14 5.26691e-14 3.25714e-14 2.00352e-14 1.22609e-14 7.46658e-15 4.52557e-15 2.73061e-15 1.64042e-15 9.81365e-16 5.84728e-16 3.47047e-16 2.05206e-16 1.20898e-16 7.09779e-17 4.15294e-17 2.42194e-17 1.40796e-17 8.1598e-18 4.71489e-18 2.71647e-18 1.56068e-18 8.94207e-19 5.10984e-19 2.91242e-19 1.6558e-19 9.39076e-20 5.31322e-20 2.99921e-20 1.68917e-20 9.4925e-21 5.32297e-21 2.97862e-21 1.66336e-21 9.27015e-22 5.15631e-22 2.8626e-22 1.58625e-22 8.77381e-23 4.84428e-23 2.67e-23 1.46909e-23 8.06976e-24 4.42546e-24 2.42303e-24 1.32457e-24 7.22973e-25 3.94014e-25 2.14416e-25 1.16512e-25 6.32213e-26 3.4257e-26 1.85369e-26 1.0017e-26 5.40588e-27 2.91359e-27 1.56832e-27 8.43134e-28 4.52712e-28 2.42785e-28 1.30048e-28 6.95785e-29 3.71832e-29 1.98485e-29 1.05833e-29 5.63691e-30 2.9991e-30 1.59397e-30 8.46282e-31 4.48852e-31
2.74544e-11 6.93728e-11 1.15593e-10 1.55908e-10 1.83817e-10 1.96963e-10 1.96274e-10 1.84641e-10 1.65694e-10 1.42921e-10 1.19177e-10 9.65022e-11 7.61514e-11 5.87316e-11 4.43768e-11 3.29154e-11 2.40071e-11 1.72427e-11 1.22107e-11 8.53533e-12 5.89471e-12 4.02562e-12 2.72057e-12 1.82068e-12 1.2073e-12 7.93682e-13 5.1753e-13 3.34872e-13 2.15107e-13 1.37222e-13 8.69636e-14 5.47685e-14 3.42871e-14 2.1343e-14 1.32133e-14 8.13774e-15 4.98681e-15 3.04129e-15 1.84625e-15 1.11583e-15 6.71513e-16 4.02462e-16 2.40255e-16 1.42877e-16 8.46534e-17 4.99778e-17 2.94042e-17 1.72421e-17 1.00778e-17 5.87189e-18 3.41089e-18 1.97549e-18 1.14087e-18 6.57038e-19 3.7737e-19 2.16173e-19 1.23516e-19 7.03979e-20 4.00261e-20 2.27038e-20 1.28486e-20 7.25492e-21 4.0875e-21 2.29802e-21 1.28927e-21 7.21849e-22 4.03352e-22 2.24944e-22 1.2521e-22 6.95657e-23 3.85798e-23 2.13575e-23 1.18028e-23 6.51143e-24 3.58626e-24 1.97195e-24 1.08256e-24 5.93372e-25 3.24736e-25 1.77451e-25 9.68236e-26 5.27537e-26 2.87014e-26 1.55936e-26 8.46041e-27 4.58405e-27 2.48046e-27 1.34044e-27 7.23451e-28 3.89963e-28 2.09942e-28 1.12888e-28 6.06289e-29 3.25237e-29 1.74268e-29 9.32699e-30 4.98631e-30 2.66281e-30 1.42046e-30 7.5693e-31 4.02927e-31
1.2524e-11 3.25866e-11 5.55359e-11 7.63605e-11 9.1583e-11 9.9672e-11 1.00762e-10 9.6073e-11 8.73128e-11 7.62221e-11 6.42903e-11 5.26313e-11 4.19712e-11 3.26996e-11 2.49502e-11 1.86822e-11 1.37516e-11 9.96535e-12 7.11862e-12 5.01819e-12 3.49438e-12 2.40568e-12 1.63864e-12 1.1051e-12 7.38347e-13 4.88991e-13 3.21173e-13 2.09302e-13 1.35389e-13 8.69636e-14 5.5486e-14 3.51772e-14 2.21667e-14 1.38874e-14 8.65235e-15 5.36216e-15 3.30625e-15 2.02866e-15 1.23893e-15 7.53224e-16 4.55949e-16 2.74847e-16 1.65011e-16 9.86839e-17 5.87957e-17 3.49033e-17 2.06471e-17 1.21724e-17 7.15255e-18 4.18946e-18 2.4463e-18 1.42415e-18 8.26672e-19 4.78498e-19 2.76203e-19 1.59006e-19 9.12991e-20 5.22897e-20 2.98739e-20 1.70264e-20 9.68128e-21 5.49223e-21 3.10881e-21 1.75588e-21 9.89622e-22 5.56599e-22 3.12417e-22 1.7501e-22 9.7848e-23 5.4603e-23 3.04141e-23 1.69101e-23 9.38521e-24 5.19981e-24 2.87602e-24 1.58807e-24 8.75466e-25 4.8185e-25 2.64791e-25 1.45286e-25 7.95957e-26 4.35423e-26 2.37849e-26 1.29739e-26 7.06696e-27 3.84411e-27 2.0882e-27 1.13285e-27 6.13771e-28 3.32111e-28 1.79479e-28 9.68734e-29 5.22237e-29 2.81197e-29 1.51231e-29 8.12399e-30 4.35916e-30 2.3364e-30 1.25088e-30 6.68973e-31 3.57386e-31
5.71317e-12 1.52942e-11 2.6646e-11 3.73345e-11 4.55342e-11 5.03183e-11 5.15919e-11 4.98441e-11 4.58659e-11 4.05147e-11 3.45587e-11 2.85975e-11 2.3042e-11 1.81315e-11 1.39682e-11 1.05569e-11 7.84114e-12 5.73224e-12 4.12983e-12 2.93557e-12 2.0608e-12 1.43002e-12 9.81631e-13 6.67047e-13 4.48991e-13 2.99527e-13 1.9814e-13 1.30031e-13 8.46922e-14 5.47685e-14 3.51772e-14 2.24481e-14 1.42368e-14 8.97603e-15 5.62738e-15 3.509e-15 2.17677e-15 1.34364e-15 8.25433e-16 5.04764e-16 3.0731e-16 1.86301e-16 1.1248e-16 6.76413e-17 4.05218e-17 2.41858e-17 1.43839e-17 8.52496e-18 5.03559e-18 2.96481e-18 1.7401e-18 1.01818e-18 5.93995e-19 3.45533e-19 2.00437e-19 1.15953e-19 6.69008e-20 3.85e-20 2.21002e-20 1.26552e-20 7.2294e-21 4.12026e-21 2.34293e-21 1.32933e-21 7.52598e-22 4.25183e-22 2.39713e-22 1.34875e-22 7.57379e-23 4.2448e-23 2.37455e-23 1.32587e-23 7.3899e-24 4.11155e-24 2.2836e-24 1.26618e-24 7.0089e-25 3.87342e-25 2.1372e-25 1.17738e-25 6.47614e-26 3.55682e-26 1.95059e-26 1.06816e-26 5.84102e-27 3.18957e-27 1.73931e-27 9.47188e-28 5.15131e-28 2.79791e-28 1.51772e-28 8.22245e-29 4.44911e-29 2.40444e-29 1.29788e-29 6.99753e-30 3.76833e-30 2.02702e-30 1.08912e-30 5.84543e-31 3.13388e-31
2.60621e-12 7.17254e-12 1.27684e-11 1.82235e-11 2.25943e-11 2.53451e-11 2.63492e-11 2.57886e-11 2.40219e-11 2.14665e-11 1.85141e-11 1.54833e-11 1.26028e-11 1.00145e-11 7.78826e-12 5.9403e-12 4.45151e-12 3.28244e-12 2.38477e-12 1.70906e-12 1.20939e-12 8.45774e-13 5.85016e-13 4.0051e-13 2.71559e-13 1.82461e-13 1.2155e-13 8.03193e-14 5.26691e-14 3.42871e-14 2.21667e-14 1.42368e-14 9.08649e-15 5.76469e-15 3.63635e-15 2.28124e-15 1.42361e-15 8.83935e-16 5.46188e-16 3.35921e-16 2.05676e-16 1.25386e-16 7.61212e-17 4.6027e-17 2.77224e-17 1.66347e-17 9.9454e-18 5.92515e-18 3.51801e-18 2.08189e-18 1.22808e-18 7.22183e-19 4.23404e-19 2.47507e-19 1.44272e-19 8.38633e-20 4.86172e-20 2.81104e-20 1.62118e-20 9.32643e-21 5.35233e-21 3.06437e-21 1.7504e-21 9.97588e-22 5.67296e-22 3.2191e-22 1.82283e-22 1.03007e-22 5.80917e-23 3.26972e-23 1.83684e-23 1.02995e-23 5.76452e-24 3.22053e-24 1.79608e-24 9.99937e-25 5.55757e-25 3.08373e-25 1.70829e-25 9.44828e-26 5.21753e-26 2.8768e-26 1.5838e-26 8.70663e-27 4.77934e-27 2.61979e-27 1.43403e-27 7.83883e-28 4.27915e-28 2.33285e-28 1.27014e-28 6.90646e-29 3.75071e-29 2.03438e-29 1.1021e-29 5.9633e-30 3.22285e-30 1.73976e-30 9.38081e-31 5.05246e-31 2.71821e-31
