0.696417 0.00595014 0.00515679 0.00446921 0.00387332 0.00335688 0.00290929 0.00252139 0.0021852 0.00189384 0.00164133 0.00142249 0.00123282 0.00106844 0.000925986 0.000802521 0.000695518 0.000602782 0.000522411 0.000452756 0.000392389 0.00034007 0.000294728 0.000255431 0.000221373 0.000191857 0.000166276 0.000144106 0.000124892 0.000108239 9.38075e-05 8.12999e-05 7.04599e-05 6.10652e-05 5.29232e-05 4.58668e-05 3.97512e-05 3.4451e-05 2.98576e-05 2.58766e-05 2.24264e-05 1.94362e-05 1.68447e-05 1.45987e-05 1.26522e-05 1.09653e-05 9.50323e-06 8.23613e-06 7.13798e-06 6.18625e-06 5.36142e-06 4.64656e-06 4.02702e-06 3.49008e-06 3.02474e-06 2.62144e-06 2.27192e-06 1.96899e-06 1.70646e-06 1.47893e-06 1.28174e-06 1.11084e-06 9.6273e-07 8.34366e-07 7.23118e-07 6.26702e-07 5.43142e-07 4.70723e-07 4.0796e-07 3.53565e-07 3.06423e-07 2.65567e-07 2.30158e-07 1.9947e-07 1.72874e-07 1.49824e-07 1.29848e-07 1.12535e-07 9.753e-08 8.4526e-08 7.32559e-08 6.34884e-08 5.50233e-08 4.76869e-08 4.13286e-08 3.58181e-08 3.10424e-08 2.69034e-08 2.33163e-08 2.02074e-08 1.75131e-08 1.5178e-08 1.31543e-08 1.14004e-08 9.88034e-09 8.56296e-09 7.42123e-09 6.43173e-09 5.57417e-09 4.83095e-09 4.18682e-09
0.00595014 0.00142389 0.00128081 0.00115058 0.0010323 0.000925106 0.000828147 0.000740597 0.000661671 0.000590626 0.000526763 0.00046943 0.000418021 0.000371976 0.000330778 0.000293954 0.000261068 0.000231727 0.000205568 0.000182266 0.000161523 0.000143071 0.000126668 0.000112096 9.91575e-05 8.76767e-05 7.74947e-05 6.84691e-05 6.04727e-05 5.33914e-05 4.71234e-05 4.15777e-05 3.66731e-05 3.23372e-05 2.85056e-05 2.51209e-05 2.2132e-05 1.94935e-05 1.71652e-05 1.51112e-05 1.32998e-05 1.17028e-05 1.02952e-05 9.05493e-06 7.96236e-06 7.00017e-06 6.15301e-06 5.40732e-06 4.75108e-06 4.17372e-06 3.66585e-06 3.21922e-06 2.82651e-06 2.4813e-06 2.1779e-06 1.91129e-06 1.67706e-06 1.47131e-06 1.29061e-06 1.13194e-06 9.92644e-07 8.70367e-07 7.6305e-07 6.68878e-07 5.86253e-07 5.1377e-07 4.50194e-07 3.94438e-07 3.45546e-07 3.0268e-07 2.65102e-07 2.32164e-07 2.03297e-07 1.78e-07 1.55834e-07 1.36415e-07 1.19404e-07 1.04505e-07 9.14552e-08 8.00278e-08 7.00219e-08 6.12615e-08 5.35924e-08 4.68793e-08 4.10036e-08 3.58613e-08 3.13614e-08 2.74239e-08 2.39788e-08 2.09649e-08 1.83285e-08 1.60223e-08 1.40053e-08 1.22414e-08 1.06988e-08 9.34996e-09 8.17061e-09 7.13953e-09 6.23815e-09 5.45022e-09 4.7615e-09
0.00515679 0.00128081 0.00116177 0.00105207 0.000951284 0.000858949 0.000774564 0.000697619 0.000627603 0.000564011 0.000506355 0.000454163 0.000406989 0.000364409 0.000326024 0.000291463 0.00026038 0.000232453 0.000207387 0.000184911 0.000164773 0.000146746 0.000130622 0.000116209 0.000103336 9.18455e-05 8.15957e-05 7.24582e-05 6.43171e-05 5.70677e-05 5.06158e-05 4.48766e-05 3.97737e-05 3.52389e-05 3.12106e-05 2.76338e-05 2.44593e-05 2.16428e-05 1.9145e-05 1.69307e-05 1.49684e-05 1.32299e-05 1.16903e-05 1.03273e-05 9.12098e-06 8.05363e-06 7.10955e-06 6.27472e-06 5.53671e-06 4.88446e-06 4.30815e-06 3.79907e-06 3.34949e-06 2.95255e-06 2.60216e-06 2.29293e-06 2.02009e-06 1.77941e-06 1.56713e-06 1.37995e-06 1.21493e-06 1.06948e-06 9.41289e-07 8.28341e-07 7.28838e-07 6.41194e-07 5.6401e-07 4.96048e-07 4.36216e-07 3.83549e-07 3.37197e-07 2.96409e-07 2.60522e-07 2.28952e-07 2.01183e-07 1.76762e-07 1.55286e-07 1.36405e-07 1.19806e-07 1.05215e-07 9.23913e-08 8.11219e-08 7.12198e-08 6.252e-08 5.48773e-08 4.81643e-08 4.22683e-08 3.70905e-08 3.2544e-08 2.85521e-08 2.50476e-08 2.19713e-08 1.92712e-08 1.69014e-08 1.48218e-08 1.2997e-08 1.13959e-08 9.99121e-09 8.75899e-09 7.67814e-09 6.73014e-09
0.00446921 0.00115058 0.00105207 0.000960098 0.000874582 0.000795351 0.000722179 0.000654797 0.000592907 0.000536197 0.000484343 0.000437024 0.000393922 0.000354725 0.000319136 0.000286868 0.000257651 0.00023123 0.000207364 0.000185831 0.000166422 0.000148945 0.000133222 0.000119089 0.000106396 9.50044e-05 8.47893e-05 7.56352e-05 6.74374e-05 6.01007e-05 5.35387e-05 4.7673e-05 4.24327e-05 3.77535e-05 3.35776e-05 2.98526e-05 2.65314e-05 2.35717e-05 2.09351e-05 1.85875e-05 1.6498e-05 1.4639e-05 1.29856e-05 1.15157e-05 1.02093e-05 9.04871e-06 8.01796e-06 7.10282e-06 6.29057e-06 5.56986e-06 4.93057e-06 4.36366e-06 3.86107e-06 3.41562e-06 3.02093e-06 2.67129e-06 2.36164e-06 2.08747e-06 1.84478e-06 1.63e-06 1.43996e-06 1.27184e-06 1.12316e-06 9.91687e-07 8.75457e-07 7.72722e-07 6.81933e-07 6.01717e-07 5.30854e-07 4.68265e-07 4.12994e-07 3.64194e-07 3.21115e-07 2.83092e-07 2.49536e-07 2.19929e-07 1.93808e-07 1.70768e-07 1.50448e-07 1.32529e-07 1.16729e-07 1.02801e-07 9.05245e-08 7.97044e-08 7.01695e-08 6.17683e-08 5.4367e-08 4.78473e-08 4.21049e-08 3.70477e-08 3.25946e-08 2.86738e-08 2.52222e-08 2.21838e-08 1.95095e-08 1.7156e-08 1.50849e-08 1.32627e-08 1.16595e-08 1.02491e-08 9.0086e-09
0.00387332 0.0010323 0.000951284 0.000874582 0.000802348 0.00073464 0.000671432 0.000612638 0.000558128 0.000507736 0.000461274 0.000418537 0.000379312 0.000343383 0.000310534 0.00028055 0.000253227 0.000228363 0.000205769 0.000185263 0.000166675 0.000149844 0.00013462 0.000120864 0.000108445 9.72447e-05 8.71507e-05 7.80615e-05 6.98831e-05 6.25298e-05 5.59229e-05 4.99904e-05 4.46671e-05 3.98931e-05 3.56142e-05 3.17814e-05 2.83498e-05 2.52791e-05 2.25327e-05 2.00775e-05 1.78836e-05 1.59241e-05 1.41746e-05 1.26134e-05 1.12206e-05 9.9787e-06 8.87165e-06 7.88518e-06 7.00648e-06 6.22403e-06 5.52752e-06 4.90771e-06 4.35631e-06 3.86594e-06 3.42996e-06 3.04244e-06 2.6981e-06 2.39221e-06 2.12054e-06 1.87933e-06 1.66522e-06 1.47521e-06 1.30662e-06 1.15708e-06 1.02446e-06 9.06874e-07 8.0264e-07 7.10262e-07 6.28408e-07 5.55893e-07 4.91664e-07 4.34786e-07 3.84426e-07 3.39847e-07 3.00391e-07 2.65475e-07 2.34584e-07 2.07257e-07 1.83087e-07 1.61714e-07 1.42815e-07 1.26109e-07 1.11342e-07 9.82908e-08 8.67587e-08 7.65699e-08 6.75693e-08 5.96194e-08 5.25985e-08 4.6399e-08 4.09254e-08 3.60934e-08 3.18283e-08 2.80641e-08 2.47423e-08 2.18114e-08 1.92257e-08 1.69447e-08 1.49328e-08 1.31584e-08 1.15938e-08
0.00335688 0.000925106 0.000858949 0.000795351 0.00073464 0.00067703 0.000622646 0.000571538 0.0005237 0.000479083 0.000437601 0.000399144 0.000363584 0.000330781 0.000300587 0.000272848 0.000247412 0.000224128 0.000202846 0.000183423 0.000165722 0.000149609 0.00013496 0.000121658 0.000109591 9.86554e-05 8.87549e-05 7.97993e-05 7.17056e-05 6.43967e-05 5.78017e-05 5.18552e-05 4.64972e-05 4.16727e-05 3.73315e-05 3.34276e-05 2.99189e-05 2.67673e-05 2.39379e-05 2.13992e-05 1.91225e-05 1.70817e-05 1.52533e-05 1.36158e-05 1.215e-05 1.08385e-05 9.66544e-06 8.61669e-06 7.67942e-06 6.84209e-06 6.09431e-06 5.42675e-06 4.831e-06 4.29952e-06 3.82552e-06 3.40292e-06 3.02625e-06 2.69064e-06 2.39168e-06 2.12545e-06 1.88843e-06 1.67748e-06 1.48977e-06 1.32279e-06 1.17428e-06 1.04224e-06 9.24863e-07 8.20546e-07 7.27857e-07 6.45519e-07 5.72391e-07 5.07457e-07 4.49811e-07 3.98645e-07 3.5324e-07 3.12955e-07 2.77219e-07 2.45524e-07 2.1742e-07 1.92502e-07 1.70415e-07 1.5084e-07 1.33493e-07 1.18125e-07 1.04511e-07 9.24536e-08 8.17759e-08 7.23217e-08 6.39521e-08 5.65437e-08 4.99872e-08 4.41853e-08 3.90521e-08 3.45109e-08 3.04942e-08 2.69418e-08 2.38005e-08 2.1023e-08 1.85675e-08 1.6397e-08 1.44787e-08
0.00290929 0.000828147 0.000774564 0.000722179 0.000671432 0.000622646 0.00057605 0.000531794 0.000489966 0.000450602 0.000413698 0.000379216 0.000347096 0.00031726 0.000289614 0.000264056 0.000240478 0.000218769 0.000198817 0.000180509 0.000163737 0.000148394 0.000134377 0.000121588 0.000109932 9.93227e-05 8.96749e-05 8.09106e-05 7.29565e-05 6.57443e-05 5.92103e-05 5.32956e-05 4.79457e-05 4.31103e-05 3.8743e-05 3.48011e-05 3.12456e-05 2.80406e-05 2.51533e-05 2.25537e-05 2.02144e-05 1.81105e-05 1.62192e-05 1.452e-05 1.29941e-05 1.16244e-05 1.03955e-05 9.29338e-06 8.3054e-06 7.4201e-06 6.62711e-06 5.91708e-06 5.28157e-06 4.71297e-06 4.2044e-06 3.74969e-06 3.34327e-06 2.98012e-06 2.65574e-06 2.36608e-06 2.10751e-06 1.87674e-06 1.67086e-06 1.48722e-06 1.32348e-06 1.1775e-06 1.0474e-06 9.31484e-07 8.28225e-07 7.36265e-07 6.54386e-07 5.81501e-07 5.16636e-07 4.58922e-07 4.0758e-07 3.61918e-07 3.21315e-07 2.85218e-07 2.53133e-07 2.2462e-07 1.99287e-07 1.76782e-07 1.56793e-07 1.39044e-07 1.23284e-07 1.09295e-07 9.68786e-08 8.58603e-08 7.60843e-08 6.74119e-08 5.97197e-08 5.2898e-08 4.68493e-08 4.14868e-08 3.67333e-08 3.25202e-08 2.87868e-08 2.54787e-08 2.25481e-08 1.99521e-08 1.76529e-08
0.00252139 0.000740597 0.000697619 0.000654797 0.000612638 0.000571538 0.000531794 0.000493628 0.000457192 0.000422587 0.00038987 0.00035906 0.00033015 0.000303109 0.00027789 0.00025443 0.000232661 0.000212504 0.000193878 0.000176698 0.000160881 0.00014634 0.000132995 0.000120762 0.000109565 9.93289e-05 8.99817e-05 8.14558e-05 7.36871e-05 6.66156e-05 6.01846e-05 5.43415e-05 4.90369e-05 4.42253e-05 3.98641e-05 3.59141e-05 3.23392e-05 2.91058e-05 2.61834e-05 2.35436e-05 2.11605e-05 1.90105e-05 1.70719e-05 1.53247e-05 1.37509e-05 1.23341e-05 1.10591e-05 9.9124e-06 8.88145e-06 7.95502e-06 7.12285e-06 6.37567e-06 5.70507e-06 5.10344e-06 4.56388e-06 4.08017e-06 3.64669e-06 3.25835e-06 2.91057e-06 2.59922e-06 2.32057e-06 2.07127e-06 1.84829e-06 1.64891e-06 1.47069e-06 1.31142e-06 1.16914e-06 1.04206e-06 9.28585e-07 8.27292e-07 7.36892e-07 6.56235e-07 5.84287e-07 5.20124e-07 4.62917e-07 4.11923e-07 3.66477e-07 3.25985e-07 2.89914e-07 2.57789e-07 2.29183e-07 2.03716e-07 1.81049e-07 1.60876e-07 1.42929e-07 1.26962e-07 1.12762e-07 1.00134e-07 8.89071e-08 7.89268e-08 7.00564e-08 6.21739e-08 5.51703e-08 4.89487e-08 4.34226e-08 3.85151e-08 3.41577e-08 3.02891e-08 2.68552e-08 2.38074e-08 2.11029e-08
0.0021852 0.000661671 0.000627603 0.000592907 0.000558128 0.0005237 0.000489966 0.000457192 0.000425577 0.000395268 0.000366365 0.000338931 0.000312998 0.000288576 0.000265651 0.000244195 0.00022417 0.000205526 0.000188206 0.000172151 0.000157296 0.000143577 0.000130928 0.000119283 0.000108579 9.87522e-05 8.97431e-05 8.14935e-05 7.39479e-05 6.70537e-05 6.07612e-05 5.50234e-05 4.97963e-05 4.50386e-05 4.07119e-05 3.67802e-05 3.32103e-05 2.99712e-05 2.70344e-05 2.43735e-05 2.1964e-05 1.97837e-05 1.78119e-05 1.60297e-05 1.44198e-05 1.29663e-05 1.16548e-05 1.04718e-05 9.40545e-06 8.4446e-06 7.57922e-06 6.80018e-06 6.09917e-06 5.46863e-06 4.90171e-06 4.39219e-06 3.93444e-06 3.52335e-06 3.1543e-06 2.8231e-06 2.52598e-06 2.25951e-06 2.02062e-06 1.80652e-06 1.6147e-06 1.44288e-06 1.28903e-06 1.15132e-06 1.02807e-06 9.17811e-07 8.19191e-07 7.31007e-07 6.52176e-07 5.81722e-07 5.18771e-07 4.62538e-07 4.12318e-07 3.67478e-07 3.27452e-07 2.9173e-07 2.59856e-07 2.31422e-07 2.06063e-07 1.8345e-07 1.6329e-07 1.4532e-07 1.29306e-07 1.15038e-07 1.02328e-07 9.1007e-08 8.09259e-08 7.19504e-08 6.39605e-08 5.68493e-08 5.05212e-08 4.4891e-08 3.98824e-08 3.54276e-08 3.1466e-08 2.79436e-08 2.48121e-08
0.00189384 0.000590626 0.000564011 0.000536197 0.000507736 0.000479083 0.000450602 0.000422587 0.000395268 0.000368821 0.000343378 0.000319033 0.000295851 0.000273867 0.000253098 0.000233542 0.000215186 0.000198002 0.000181957 0.000167009 0.000153113 0.000140221 0.000128282 0.000117245 0.000107056 9.76662e-05 8.90238e-05 8.108e-05 7.37875e-05 6.71006e-05 6.09758e-05 5.53719e-05 5.02496e-05 4.55721e-05 4.13045e-05 3.74143e-05 3.3871e-05 3.06464e-05 2.77139e-05 2.50491e-05 2.26291e-05 2.0433e-05 1.84413e-05 1.66362e-05 1.50011e-05 1.35209e-05 1.21817e-05 1.09707e-05 9.87611e-06 8.88734e-06 7.99457e-06 7.18886e-06 6.46206e-06 5.80672e-06 5.21608e-06 4.68397e-06 4.20479e-06 3.77345e-06 3.38532e-06 3.0362e-06 2.72228e-06 2.44012e-06 2.1866e-06 1.95887e-06 1.75439e-06 1.57085e-06 1.40614e-06 1.25839e-06 1.12589e-06 1.00709e-06 9.00612e-07 8.05206e-07 7.19743e-07 6.43206e-07 5.74682e-07 5.13348e-07 4.58462e-07 4.0936e-07 3.65441e-07 3.2617e-07 2.91061e-07 2.59681e-07 2.3164e-07 2.06588e-07 1.84211e-07 1.64229e-07 1.46388e-07 1.30462e-07 1.16249e-07 1.03567e-07 9.22529e-08 8.21613e-08 7.31618e-08 6.51376e-08 5.79844e-08 5.16087e-08 4.59271e-08 4.08648e-08 3.63552e-08 3.23384e-08 2.87613e-08
0.00164133 0.000526763 0.000506355 0.000484343 0.000461274 0.000437601 0.000413698 0.00038987 0.000366365 0.000343378 0.000321062 0.000299534 0.000278878 0.000259154 0.0002404 0.000222636 0.000205865 0.000190081 0.000175268 0.0001614 0.000148449 0.000136379 0.000125154 0.000114733 0.000105075 9.61397e-05 8.78846e-05 8.0269e-05 7.32529e-05 6.67971e-05 6.0864e-05 5.54175e-05 5.0423e-05 4.58477e-05 4.16604e-05 3.78318e-05 3.43343e-05 3.1142e-05 2.82305e-05 2.55772e-05 2.31611e-05 2.09625e-05 1.89631e-05 1.71462e-05 1.54962e-05 1.39986e-05 1.26401e-05 1.14086e-05 1.02928e-05 9.2824e-06 8.36786e-06 7.54053e-06 6.79245e-06 6.11635e-06 5.5056e-06 4.95411e-06 4.45635e-06 4.00728e-06 3.6023e-06 3.23722e-06 2.90825e-06 2.61192e-06 2.34509e-06 2.10492e-06 1.8888e-06 1.69441e-06 1.51961e-06 1.36249e-06 1.22129e-06 1.09445e-06 9.80533e-07 8.7826e-07 7.86466e-07 7.04101e-07 6.30215e-07 5.63955e-07 5.04549e-07 4.51302e-07 4.03588e-07 3.60842e-07 3.22557e-07 2.88275e-07 2.57585e-07 2.30117e-07 2.05538e-07 1.83549e-07 1.63883e-07 1.46296e-07 1.30573e-07 1.16519e-07 1.0396e-07 9.27378e-08 8.27132e-08 7.37598e-08 6.57648e-08 5.86268e-08 5.22552e-08 4.65687e-08 4.14945e-08 3.69676e-08 3.29295e-08
0.00142249 0.00046943 0.000454163 0.000437024 0.000418537 0.000399144 0.000379216 0.00035906 0.000338931 0.000319033 0.000299534 0.000280562 0.00026222 0.000244582 0.000227701 0.000211614 0.000196341 0.00018189 0.000168259 0.000155437 0.000143407 0.000132147 0.00012163 0.000111827 0.000102707 9.42364e-05 8.63824e-05 7.9111e-05 7.23887e-05 6.61825e-05 6.046e-05 5.519e-05 5.03422e-05 4.58876e-05 4.17987e-05 3.8049e-05 3.46137e-05 3.14692e-05 2.85935e-05 2.59656e-05 2.35662e-05 2.1377e-05 1.93811e-05 1.75627e-05 1.59071e-05 1.44007e-05 1.3031e-05 1.17862e-05 1.06557e-05 9.62952e-06 8.69858e-06 7.85448e-06 7.0895e-06 6.39659e-06 5.76925e-06 5.20154e-06 4.68803e-06 4.22375e-06 3.80416e-06 3.42513e-06 3.08286e-06 2.77392e-06 2.49517e-06 2.24375e-06 2.01706e-06 1.81276e-06 1.62868e-06 1.4629e-06 1.31363e-06 1.17927e-06 1.05838e-06 9.49643e-07 8.51861e-07 7.63958e-07 6.84961e-07 6.13986e-07 5.50238e-07 4.92995e-07 4.41608e-07 3.9549e-07 3.54111e-07 3.16994e-07 2.83708e-07 2.53865e-07 2.27115e-07 2.03143e-07 1.81666e-07 1.62428e-07 1.45199e-07 1.29774e-07 1.15966e-07 1.03609e-07 9.25519e-08 8.26602e-08 7.3813e-08 6.59015e-08 5.8828e-08 5.25051e-08 4.68542e-08 4.18047e-08 3.72935e-08
0.00123282 0.000418021 0.000406989 0.000393922 0.000379312 0.000363584 0.000347096 0.00033015 0.000312998 0.000295851 0.000278878 0.00026222 0.000245986 0.000230264 0.000215118 0.000200595 0.000186729 0.00017354 0.000161036 0.000149218 0.00013808 0.000127609 0.000117789 0.000108599 0.000100016 9.20154e-05 8.45701e-05 7.76533e-05 7.12371e-05 6.52941e-05 5.97967e-05 5.47182e-05 5.00324e-05 4.57138e-05 4.17382e-05 3.8082e-05 3.4723e-05 3.164e-05 2.88128e-05 2.62226e-05 2.38513e-05 2.16823e-05 1.96998e-05 1.78892e-05 1.62366e-05 1.47294e-05 1.33556e-05 1.21043e-05 1.09652e-05 9.92896e-06 8.98672e-06 8.13049e-06 7.35282e-06 6.64687e-06 6.00637e-06 5.42553e-06 4.89904e-06 4.42204e-06 3.99007e-06 3.59906e-06 3.24527e-06 2.92529e-06 2.63602e-06 2.3746e-06 2.13844e-06 1.92519e-06 1.73269e-06 1.55899e-06 1.4023e-06 1.26101e-06 1.13365e-06 1.01887e-06 9.15481e-07 8.22369e-07 7.3854e-07 6.63092e-07 5.95207e-07 5.34144e-07 4.79233e-07 4.29868e-07 3.85501e-07 3.45636e-07 3.09825e-07 2.77665e-07 2.48791e-07 2.22873e-07 1.99614e-07 1.78747e-07 1.60029e-07 1.43243e-07 1.28194e-07 1.14703e-07 1.02614e-07 9.17817e-08 8.20781e-08 7.33875e-08 6.56055e-08 5.86386e-08 5.24026e-08 4.6822e-08 4.18287e-08
0.00106844 0.000371976 0.000364409 0.000354725 0.000343383 0.000330781 0.00031726 0.000303109 0.000288576 0.000273867 0.000259154 0.000244582 0.000230264 0.000216295 0.000202747 0.000189677 0.000177126 0.000165124 0.000153688 0.000142829 0.000132548 0.000122841 0.000113701 0.000105113 9.70627e-05 8.95306e-05 8.24968e-05 7.594e-05 6.98377e-05 6.41672e-05 5.89055e-05 5.403e-05 4.95181e-05 4.53477e-05 4.14976e-05 3.79471e-05 3.46763e-05 3.16663e-05 2.88988e-05 2.63567e-05 2.40237e-05 2.18844e-05 1.99242e-05 1.81297e-05 1.6488e-05 1.49872e-05 1.36162e-05 1.23645e-05 1.12226e-05 1.01814e-05 9.2327e-06 8.36871e-06 7.58234e-06 6.867e-06 6.21663e-06 5.62563e-06 5.08886e-06 4.60157e-06 4.15941e-06 3.75838e-06 3.39483e-06 3.06539e-06 2.767e-06 2.49683e-06 2.25231e-06 2.0311e-06 1.83106e-06 1.65022e-06 1.4868e-06 1.33917e-06 1.20586e-06 1.08552e-06 9.76926e-07 8.78957e-07 7.90605e-07 7.10951e-07 6.3916e-07 5.74476e-07 5.16212e-07 4.63746e-07 4.16514e-07 3.74006e-07 3.3576e-07 3.01358e-07 2.70421e-07 2.42607e-07 2.17608e-07 1.95144e-07 1.74963e-07 1.56837e-07 1.40561e-07 1.2595e-07 1.12835e-07 1.01067e-07 9.05087e-08 8.10387e-08 7.25464e-08 6.49324e-08 5.81072e-08 5.19904e-08 4.65094e-08
0.000925986 0.000330778 0.000326024 0.000319136 0.000310534 0.000300587 0.000289614 0.00027789 0.000265651 0.000253098 0.0002404 0.000227701 0.000215118 0.000202747 0.000190667 0.00017894 0.000167613 0.000156723 0.000146295 0.000136345 0.000126883 0.000117911 0.000109429 0.000101428 9.39e-05 8.68313e-05 8.02074e-05 7.4012e-05 6.82273e-05 6.2835e-05 5.78162e-05 5.31518e-05 4.88227e-05 4.48101e-05 4.10953e-05 3.76603e-05 3.44876e-05 3.15601e-05 2.88618e-05 2.6377e-05 2.40909e-05 2.19897e-05 2.00598e-05 1.82889e-05 1.66651e-05 1.51773e-05 1.38151e-05 1.25688e-05 1.14292e-05 1.0388e-05 9.4373e-06 8.56967e-06 7.77836e-06 7.05707e-06 6.39997e-06 5.80168e-06 5.25721e-06 4.76198e-06 4.31175e-06 3.90264e-06 3.53105e-06 3.19371e-06 2.88759e-06 2.60993e-06 2.35817e-06 2.13001e-06 1.92331e-06 1.73612e-06 1.56667e-06 1.41334e-06 1.27463e-06 1.14921e-06 1.03583e-06 9.33386e-07 8.4084e-07 7.57268e-07 6.81824e-07 6.13737e-07 5.5231e-07 4.96907e-07 4.46952e-07 4.01923e-07 3.61345e-07 3.24789e-07 2.91864e-07 2.62218e-07 2.35532e-07 2.11515e-07 1.89907e-07 1.7047e-07 1.52991e-07 1.37276e-07 1.23151e-07 1.10458e-07 9.90529e-08 8.88088e-08 7.96092e-08 7.13492e-08 6.39345e-08 5.72801e-08 5.1309e-08
0.000802521 0.000293954 0.000291463 0.000286868 0.00028055 0.000272848 0.000264056 0.00025443 0.000244195 0.000233542 0.000222636 0.000211614 0.000200595 0.000189677 0.00017894 0.000168449 0.000158257 0.000148404 0.000138921 0.00012983 0.000121146 0.000112878 0.000105028 9.75957e-05 9.05764e-05 8.39621e-05 7.77429e-05 7.19067e-05 6.644e-05 6.13284e-05 5.65565e-05 5.21087e-05 4.79688e-05 4.41209e-05 4.05489e-05 3.72372e-05 3.41705e-05 3.13336e-05 2.87122e-05 2.62925e-05 2.40609e-05 2.20049e-05 2.01123e-05 1.83716e-05 1.67719e-05 1.53029e-05 1.39551e-05 1.27193e-05 1.1587e-05 1.05502e-05 9.60161e-06 8.73417e-06 7.94145e-06 7.21745e-06 6.5566e-06 5.95373e-06 5.40405e-06 4.90313e-06 4.44689e-06 4.03155e-06 3.65362e-06 3.3099e-06 2.99743e-06 2.7135e-06 2.45563e-06 2.2215e-06 2.00904e-06 1.81631e-06 1.64154e-06 1.48313e-06 1.3396e-06 1.2096e-06 1.09189e-06 9.85356e-07 8.88964e-07 8.0178e-07 7.2295e-07 6.51697e-07 5.87312e-07 5.29152e-07 4.76631e-07 4.29216e-07 3.86424e-07 3.47814e-07 3.12989e-07 2.81585e-07 2.53274e-07 2.27758e-07 2.04767e-07 1.84058e-07 1.65407e-07 1.48615e-07 1.335e-07 1.19898e-07 1.0766e-07 9.66515e-08 8.6752e-08 7.78515e-08 6.9851e-08 6.26609e-08 5.62005e-08
0.000695518 0.000261068 0.00026038 0.000257651 0.000253227 0.000247412 0.000240478 0.000232661 0.00022417 0.000215186 0.000205865 0.000196341 0.000186729 0.000177126 0.000167613 0.000158257 0.000149112 0.000140223 0.000131623 0.00012334 0.000115392 0.000107792 0.000100547 9.36618e-05 8.71351e-05 8.09633e-05 7.51405e-05 6.96585e-05 6.45074e-05 5.96761e-05 5.51526e-05 5.09241e-05 4.69774e-05 4.3299e-05 3.98754e-05 3.66929e-05 3.37384e-05 3.09985e-05 2.84606e-05 2.61123e-05 2.39416e-05 2.1937e-05 2.00876e-05 1.83828e-05 1.68127e-05 1.53678e-05 1.40393e-05 1.28186e-05 1.16979e-05 1.06697e-05 9.72702e-06 8.8633e-06 8.07244e-06 7.34876e-06 6.68694e-06 6.08205e-06 5.52951e-06 5.02506e-06 4.56477e-06 4.14499e-06 3.76235e-06 3.41372e-06 3.09625e-06 2.80728e-06 2.54437e-06 2.30528e-06 2.08795e-06 1.89047e-06 1.7111e-06 1.54826e-06 1.40048e-06 1.26641e-06 1.14482e-06 1.03461e-06 9.34729e-07 8.44252e-07 7.62318e-07 6.88147e-07 6.21024e-07 5.60299e-07 5.0538e-07 4.55728e-07 4.1085e-07 3.70299e-07 3.3367e-07 3.00591e-07 2.70729e-07 2.43776e-07 2.19456e-07 1.97519e-07 1.77735e-07 1.59898e-07 1.4382e-07 1.29331e-07 1.16278e-07 1.04521e-07 9.39337e-08 8.44021e-08 7.58228e-08 6.81024e-08 6.11565e-08
0.000602782 0.000231727 0.000232453 0.00023123 0.000228363 0.000224128 0.000218769 0.000212504 0.000205526 0.000198002 0.000190081 0.00018189 0.00017354 0.000165124 0.000156723 0.000148404 0.000140223 0.000132225 0.000124448 0.000116921 0.000109665 0.000102697 9.60292e-05 8.96672e-05 8.36144e-05 7.78709e-05 7.24339e-05 6.72985e-05 6.24581e-05 5.79045e-05 5.36286e-05 4.96201e-05 4.58685e-05 4.23626e-05 3.90909e-05 3.60419e-05 3.32042e-05 3.05663e-05 2.8117e-05 2.58454e-05 2.37407e-05 2.17928e-05 1.99916e-05 1.83277e-05 1.6792e-05 1.53758e-05 1.4071e-05 1.28696e-05 1.17644e-05 1.07484e-05 9.81512e-06 8.95835e-06 8.17237e-06 7.4518e-06 6.79161e-06 6.1871e-06 5.63391e-06 5.12797e-06 4.6655e-06 4.24299e-06 3.85719e-06 3.50509e-06 3.18392e-06 2.89108e-06 2.62421e-06 2.38113e-06 2.15979e-06 1.95836e-06 1.77511e-06 1.60848e-06 1.45701e-06 1.31939e-06 1.1944e-06 1.08091e-06 9.77919e-07 8.84477e-07 7.99732e-07 7.22902e-07 6.5327e-07 5.90184e-07 5.33047e-07 4.81314e-07 4.34489e-07 3.92119e-07 3.53792e-07 3.19132e-07 2.87798e-07 2.59478e-07 2.3389e-07 2.10777e-07 1.89904e-07 1.7106e-07 1.54052e-07 1.38705e-07 1.2486e-07 1.12373e-07 1.01114e-07 9.09641e-08 8.18168e-08 7.35746e-08 6.61499e-08
0.000522411 0.000205568 0.000207387 0.000207364 0.000205769 0.000202846 0.000198817 0.000193878 0.000188206 0.000181957 0.000175268 0.000168259 0.000161036 0.000153688 0.000146295 0.000138921 0.000131623 0.000124448 0.000117434 0.000110611 0.000104005 9.76332e-05 9.15108e-05 8.56472e-05 8.00483e-05 7.47168e-05 6.96531e-05 6.48549e-05 6.03183e-05 5.60378e-05 5.20066e-05 4.82171e-05 4.46607e-05 4.13283e-05 3.82107e-05 3.52979e-05 3.25803e-05 3.00481e-05 2.76913e-05 2.55005e-05 2.34661e-05 2.15791e-05 1.98305e-05 1.82117e-05 1.67144e-05 1.53309e-05 1.40535e-05 1.28751e-05 1.17889e-05 1.07885e-05 9.86768e-06 9.0208e-06 8.24246e-06 7.52757e-06 6.8714e-06 6.26951e-06 5.71773e-06 5.2122e-06 4.74931e-06 4.32569e-06 3.93823e-06 3.58402e-06 3.26038e-06 2.96482e-06 2.69504e-06 2.44889e-06 2.22442e-06 2.01981e-06 1.83338e-06 1.66359e-06 1.50902e-06 1.36837e-06 1.24043e-06 1.12409e-06 1.01835e-06 9.2228e-07 8.35023e-07 7.558e-07 6.83898e-07 6.18661e-07 5.59492e-07 5.05845e-07 4.57219e-07 4.13159e-07 3.73248e-07 3.37107e-07 3.04389e-07 2.74779e-07 2.4799e-07 2.23759e-07 2.01848e-07 1.82041e-07 1.6414e-07 1.47966e-07 1.33357e-07 1.20164e-07 1.08253e-07 9.75016e-08 8.78002e-08 7.90479e-08 7.11536e-08
0.000452756 0.000182266 0.000184911 0.000185831 0.000185263 0.000183423 0.000180509 0.000176698 0.000172151 0.000167009 0.0001614 0.000155437 0.000149218 0.000142829 0.000136345 0.00012983 0.00012334 0.000116921 0.000110611 0.000104443 9.8443e-05 9.26313e-05 8.70239e-05 8.16329e-05 7.64663e-05 7.15295e-05 6.6825e-05 6.23528e-05 5.81116e-05 5.40978e-05 5.03071e-05 4.67337e-05 4.33711e-05 4.02121e-05 3.72491e-05 3.4474e-05 3.18786e-05 2.94544e-05 2.71931e-05 2.50862e-05 2.31254e-05 2.13027e-05 1.96101e-05 1.80398e-05 1.65846e-05 1.52371e-05 1.39905e-05 1.28383e-05 1.17741e-05 1.07921e-05 9.88662e-06 9.05227e-06 8.28405e-06 7.5772e-06 6.92725e-06 6.33002e-06 5.78157e-06 5.27823e-06 4.81656e-06 4.39336e-06 4.00564e-06 3.65062e-06 3.32571e-06 3.02852e-06 2.75681e-06 2.50852e-06 2.28174e-06 2.07471e-06 1.88579e-06 1.71347e-06 1.55636e-06 1.41318e-06 1.28275e-06 1.16399e-06 1.05588e-06 9.57514e-07 8.68047e-07 7.86703e-07 7.12772e-07 6.45602e-07 5.84595e-07 5.29205e-07 4.78931e-07 4.33317e-07 3.91943e-07 3.54426e-07 3.20419e-07 2.89601e-07 2.61682e-07 2.36397e-07 2.13503e-07 1.92781e-07 1.7403e-07 1.57066e-07 1.41724e-07 1.27852e-07 1.15312e-07 1.0398e-07 9.37413e-08 8.44931e-08 7.61415e-08
0.000392389 0.000161523 0.000164773 0.000166422 0.000166675 0.000165722 0.000163737 0.000160881 0.000157296 0.000153113 0.000148449 0.000143407 0.00013808 0.000132548 0.000126883 0.000121146 0.000115392 0.000109665 0.000104005 9.8443e-05 9.30071e-05 8.77188e-05 8.25955e-05 7.76507e-05 7.28945e-05 6.83338e-05 6.39733e-05 5.9815e-05 5.58592e-05 5.21047e-05 4.85487e-05 4.51873e-05 4.20158e-05 3.90286e-05 3.62197e-05 3.35825e-05 3.11101e-05 2.87955e-05 2.66314e-05 2.46106e-05 2.2726e-05 2.09702e-05 1.93363e-05 1.78175e-05 1.6407e-05 1.50984e-05 1.38854e-05 1.27621e-05 1.17226e-05 1.07617e-05 9.87395e-06 9.0545e-06 8.29864e-06 7.60194e-06 6.96021e-06 6.36951e-06 5.82615e-06 5.32664e-06 4.86773e-06 4.44637e-06 4.05971e-06 3.70509e-06 3.38004e-06 3.08225e-06 2.80957e-06 2.56001e-06 2.33173e-06 2.12301e-06 1.93226e-06 1.75802e-06 1.59893e-06 1.45373e-06 1.32127e-06 1.20048e-06 1.09038e-06 9.90059e-07 8.98686e-07 8.15495e-07 7.39781e-07 6.70897e-07 6.08249e-07 5.51293e-07 4.9953e-07 4.52501e-07 4.09788e-07 3.71008e-07 3.35809e-07 3.0387e-07 2.749e-07 2.48628e-07 2.24812e-07 2.03228e-07 1.83672e-07 1.65959e-07 1.49919e-07 1.35398e-07 1.22256e-07 1.10366e-07 9.96097e-08 8.98825e-08 8.10879e-08
0.00034007 0.000143071 0.000146746 0.000148945 0.000149844 0.000149609 0.000148394 0.00014634 0.000143577 0.000140221 0.000136379 0.000132147 0.000127609 0.000122841 0.000117911 0.000112878 0.000107792 0.000102697 9.76332e-05 9.26313e-05 8.77188e-05 8.29184e-05 7.82484e-05 7.37234e-05 6.93549e-05 6.51514e-05 6.11189e-05 5.72612e-05 5.35802e-05 5.00762e-05 4.67481e-05 4.35935e-05 4.06092e-05 3.77912e-05 3.51348e-05 3.26347e-05 3.02853e-05 2.80807e-05 2.60149e-05 2.40817e-05 2.22748e-05 2.05879e-05 1.90149e-05 1.75497e-05 1.61863e-05 1.49188e-05 1.37418e-05 1.26497e-05 1.16373e-05 1.06996e-05 9.83177e-06 9.02928e-06 8.28778e-06 7.60312e-06 6.97141e-06 6.38896e-06 5.85229e-06 5.35812e-06 4.90337e-06 4.48517e-06 4.1008e-06 3.74772e-06 3.42358e-06 3.12617e-06 2.85342e-06 2.60343e-06 2.37441e-06 2.16471e-06 1.97278e-06 1.79721e-06 1.63667e-06 1.48994e-06 1.3559e-06 1.23349e-06 1.12177e-06 1.01982e-06 9.26847e-07 8.4208e-07 7.6483e-07 6.94454e-07 6.30365e-07 5.72023e-07 5.1893e-07 4.70631e-07 4.26709e-07 3.86779e-07 3.50491e-07 3.17523e-07 2.87582e-07 2.60396e-07 2.35721e-07 2.1333e-07 1.9302e-07 1.746e-07 1.57901e-07 1.42765e-07 1.29051e-07 1.16627e-07 1.05376e-07 9.51891e-08 8.59683e-08
0.000294728 0.000126668 0.000130622 0.000133222 0.00013462 0.00013496 0.000134377 0.000132995 0.000130928 0.000128282 0.000125154 0.00012163 0.000117789 0.000113701 0.000109429 0.000105028 0.000100547 9.60292e-05 9.15108e-05 8.70239e-05 8.25955e-05 7.82484e-05 7.40014e-05 6.987e-05 6.58667e-05 6.2001e-05 5.82801e-05 5.47092e-05 5.12914e-05 4.80284e-05 4.49205e-05 4.19666e-05 3.91648e-05 3.65124e-05 3.40059e-05 3.16412e-05 2.94139e-05 2.73192e-05 2.53519e-05 2.35068e-05 2.17787e-05 2.0162e-05 1.86513e-05 1.72414e-05 1.59268e-05 1.47024e-05 1.35632e-05 1.25043e-05 1.15208e-05 1.06083e-05 9.76222e-06 8.97851e-06 8.25309e-06 7.58216e-06 6.96207e-06 6.38939e-06 5.86086e-06 5.3734e-06 4.92412e-06 4.51028e-06 4.12933e-06 3.77886e-06 3.45662e-06 3.16051e-06 2.88855e-06 2.63891e-06 2.40988e-06 2.19985e-06 2.00736e-06 1.83103e-06 1.66956e-06 1.52178e-06 1.38659e-06 1.26297e-06 1.14997e-06 1.04674e-06 9.52457e-07 8.66387e-07 7.87844e-07 7.16198e-07 6.50869e-07 5.9132e-07 5.37061e-07 4.87638e-07 4.42637e-07 4.01676e-07 3.64405e-07 3.30502e-07 2.99673e-07 2.71648e-07 2.4618e-07 2.23043e-07 2.0203e-07 1.82951e-07 1.65633e-07 1.49919e-07 1.35663e-07 1.22735e-07 1.11013e-07 1.00388e-07 9.07591e-08
0.000255431 0.000112096 0.000116209 0.000119089 0.000120864 0.000121658 0.000121588 0.000120762 0.000119283 0.000117245 0.000114733 0.000111827 0.000108599 0.000105113 0.000101428 9.75957e-05 9.36618e-05 8.96672e-05 8.56472e-05 8.16329e-05 7.76507e-05 7.37234e-05 6.987e-05 6.61065e-05 6.24458e-05 5.88985e-05 5.54725e-05 5.21741e-05 4.90075e-05 4.59755e-05 4.30793e-05 4.03193e-05 3.76946e-05 3.52035e-05 3.28436e-05 3.06119e-05 2.85051e-05 2.65191e-05 2.46499e-05 2.2893e-05 2.1244e-05 1.96982e-05 1.82508e-05 1.68973e-05 1.56329e-05 1.4453e-05 1.33532e-05 1.23289e-05 1.1376e-05 1.04901e-05 9.66746e-06 8.90407e-06 8.19626e-06 7.54052e-06 6.93347e-06 6.37192e-06 5.85282e-06 5.37331e-06 4.93065e-06 4.52229e-06 4.14581e-06 3.79892e-06 3.4795e-06 3.18554e-06 2.91516e-06 2.66661e-06 2.43825e-06 2.22855e-06 2.03608e-06 1.85952e-06 1.69763e-06 1.54925e-06 1.41333e-06 1.28888e-06 1.17497e-06 1.07076e-06 9.75468e-07 8.8836e-07 8.08768e-07 7.36073e-07 6.69701e-07 6.09127e-07 5.53864e-07 5.03465e-07 4.57518e-07 4.15644e-07 3.77497e-07 3.42755e-07 3.11125e-07 2.82338e-07 2.56147e-07 2.32324e-07 2.10663e-07 1.90974e-07 1.73081e-07 1.56826e-07 1.42064e-07 1.2866e-07 1.16494e-07 1.05454e-07 9.5438e-08
0.000221373 9.91575e-05 0.000103336 0.000106396 0.000108445 0.000109591 0.000109932 0.000109565 0.000108579 0.000107056 0.000105075 0.000102707 0.000100016 9.70627e-05 9.39e-05 9.05764e-05 8.71351e-05 8.36144e-05 8.00483e-05 7.64663e-05 7.28945e-05 6.93549e-05 6.58667e-05 6.24458e-05 5.91058e-05 5.58575e-05 5.27097e-05 4.96693e-05 4.67415e-05 4.39299e-05 4.12367e-05 3.86631e-05 3.62094e-05 3.38746e-05 3.16575e-05 2.95558e-05 2.75671e-05 2.56883e-05 2.39161e-05 2.22469e-05 2.06768e-05 1.92021e-05 1.78185e-05 1.65221e-05 1.53088e-05 1.41744e-05 1.3115e-05 1.21267e-05 1.12055e-05 1.03477e-05 9.54965e-06 8.80787e-06 8.11897e-06 7.47968e-06 6.88691e-06 6.33768e-06 5.82917e-06 5.3587e-06 4.92373e-06 4.52184e-06 4.15077e-06 3.80836e-06 3.49259e-06 3.20157e-06 2.93352e-06 2.68675e-06 2.45971e-06 2.25093e-06 2.05904e-06 1.88277e-06 1.72092e-06 1.57239e-06 1.43614e-06 1.31122e-06 1.19674e-06 1.09187e-06 9.95852e-07 9.07967e-07 8.27563e-07 7.54034e-07 6.86818e-07 6.25396e-07 5.69292e-07 5.18063e-07 4.71303e-07 4.28638e-07 3.89722e-07 3.54239e-07 3.21896e-07 2.92426e-07 2.65582e-07 2.41137e-07 2.18885e-07 1.98636e-07 1.80213e-07 1.63459e-07 1.48225e-07 1.34378e-07 1.21796e-07 1.10365e-07 9.99844e-08
0.000191857 8.76767e-05 9.18455e-05 9.50044e-05 9.72447e-05 9.86554e-05 9.93227e-05 9.93289e-05 9.87522e-05 9.76662e-05 9.61397e-05 9.42364e-05 9.20154e-05 8.95306e-05 8.68313e-05 8.39621e-05 8.09633e-05 7.78709e-05 7.47168e-05 7.15295e-05 6.83338e-05 6.51514e-05 6.2001e-05 5.88985e-05 5.58575e-05 5.28892e-05 5.0003e-05 4.72062e-05 4.45046e-05 4.19026e-05 3.94031e-05 3.70083e-05 3.47189e-05 3.25351e-05 3.04562e-05 2.8481e-05 2.66077e-05 2.48339e-05 2.31572e-05 2.15745e-05 2.00829e-05 1.86789e-05 1.73591e-05 1.61201e-05 1.49583e-05 1.38701e-05 1.2852e-05 1.19004e-05 1.10119e-05 1.01832e-05 9.4109e-06 8.69183e-06 8.0229e-06 7.40115e-06 6.8237e-06 6.28784e-06 5.79093e-06 5.33048e-06 4.90412e-06 4.50961e-06 4.1448e-06 3.80768e-06 3.49634e-06 3.20899e-06 2.94393e-06 2.69959e-06 2.47446e-06 2.26716e-06 2.07637e-06 1.90087e-06 1.73952e-06 1.59124e-06 1.45506e-06 1.33003e-06 1.2153e-06 1.11007e-06 1.0136e-06 9.25191e-07 8.44207e-07 7.70055e-07 7.02187e-07 6.40095e-07 5.83309e-07 5.31396e-07 4.83956e-07 4.40618e-07 4.01043e-07 3.64917e-07 3.3195e-07 3.01876e-07 2.74451e-07 2.4945e-07 2.26665e-07 2.05907e-07 1.87002e-07 1.69789e-07 1.54121e-07 1.39865e-07 1.26896e-07 1.15102e-07 1.04379e-07
0.000166276 7.74947e-05 8.15957e-05 8.47893e-05 8.71507e-05 8.87549e-05 8.96749e-05 8.99817e-05 8.97431e-05 8.90238e-05 8.78846e-05 8.63824e-05 8.45701e-05 8.24968e-05 8.02074e-05 7.77429e-05 7.51405e-05 7.24339e-05 6.96531e-05 6.6825e-05 6.39733e-05 6.11189e-05 5.82801e-05 5.54725e-05 5.27097e-05 5.0003e-05 4.73619e-05 4.47943e-05 4.23064e-05 3.9903e-05 3.75879e-05 3.53636e-05 3.32318e-05 3.11931e-05 2.92477e-05 2.7395e-05 2.56338e-05 2.39625e-05 2.23792e-05 2.08817e-05 1.94673e-05 1.81335e-05 1.68772e-05 1.56955e-05 1.45853e-05 1.35436e-05 1.25672e-05 1.1653e-05 1.0798e-05 9.99909e-06 9.25332e-06 8.5578e-06 7.90974e-06 7.30641e-06 6.7452e-06 6.22358e-06 5.73913e-06 5.28956e-06 4.87264e-06 4.48629e-06 4.12851e-06 3.79741e-06 3.49119e-06 3.20817e-06 2.94674e-06 2.70541e-06 2.48275e-06 2.27744e-06 2.08824e-06 1.91396e-06 1.75353e-06 1.60591e-06 1.47014e-06 1.34534e-06 1.23068e-06 1.12538e-06 1.02872e-06 9.40032e-07 8.58692e-07 7.84124e-07 7.15793e-07 6.53202e-07 5.95892e-07 5.43439e-07 4.95448e-07 4.51557e-07 4.11431e-07 3.74759e-07 3.41256e-07 3.1066e-07 2.82727e-07 2.57234e-07 2.33975e-07 2.12763e-07 1.93422e-07 1.75794e-07 1.59731e-07 1.45099e-07 1.31774e-07 1.19644e-07 1.08603e-07
0.000144106 6.84691e-05 7.24582e-05 7.56352e-05 7.80615e-05 7.97993e-05 8.09106e-05 8.14558e-05 8.14935e-05 8.108e-05 8.0269e-05 7.9111e-05 7.76533e-05 7.594e-05 7.4012e-05 7.19067e-05 6.96585e-05 6.72985e-05 6.48549e-05 6.23528e-05 5.9815e-05 5.72612e-05 5.47092e-05 5.21741e-05 4.96693e-05 4.72062e-05 4.47943e-05 4.24417e-05 4.01549e-05 3.79393e-05 3.5799e-05 3.37371e-05 3.17556e-05 2.98561e-05 2.8039e-05 2.63044e-05 2.46518e-05 2.30801e-05 2.15879e-05 2.01736e-05 1.88352e-05 1.75704e-05 1.63768e-05 1.52521e-05 1.41934e-05 1.31982e-05 1.22637e-05 1.13873e-05 1.05661e-05 9.79756e-06 9.07894e-06 8.40765e-06 7.78115e-06 7.19697e-06 6.65272e-06 6.14609e-06 5.67485e-06 5.23687e-06 4.83012e-06 4.45263e-06 4.10255e-06 3.77811e-06 3.47764e-06 3.19953e-06 2.9423e-06 2.70451e-06 2.48484e-06 2.282e-06 2.09483e-06 1.92221e-06 1.76308e-06 1.61648e-06 1.48148e-06 1.35723e-06 1.24293e-06 1.13783e-06 1.04124e-06 9.52506e-07 8.71026e-07 7.96241e-07 7.27629e-07 6.64707e-07 6.07026e-07 5.54173e-07 5.0576e-07 4.61433e-07 4.20862e-07 3.83742e-07 3.49793e-07 3.18753e-07 2.90385e-07 2.64466e-07 2.40793e-07 2.1918e-07 1.99452e-07 1.81452e-07 1.65033e-07 1.50061e-07 1.36412e-07 1.23974e-07 1.12642e-07
0.000124892 6.04727e-05 6.43171e-05 6.74374e-05 6.98831e-05 7.17056e-05 7.29565e-05 7.36871e-05 7.39479e-05 7.37875e-05 7.32529e-05 7.23887e-05 7.12371e-05 6.98377e-05 6.82273e-05 6.644e-05 6.45074e-05 6.24581e-05 6.03183e-05 5.81116e-05 5.58592e-05 5.35802e-05 5.12914e-05 4.90075e-05 4.67415e-05 4.45046e-05 4.23064e-05 4.01549e-05 3.80571e-05 3.60184e-05 3.40434e-05 3.21354e-05 3.02972e-05 2.85304e-05 2.68363e-05 2.52153e-05 2.36673e-05 2.2192e-05 2.07883e-05 1.94551e-05 1.81909e-05 1.69938e-05 1.58621e-05 1.47935e-05 1.37859e-05 1.28369e-05 1.19444e-05 1.11057e-05 1.03187e-05 9.5808e-06 8.88973e-06 8.24314e-06 7.63873e-06 7.07427e-06 6.54757e-06 6.05653e-06 5.59912e-06 5.17336e-06 4.77737e-06 4.40935e-06 4.06756e-06 3.75036e-06 3.45618e-06 3.18354e-06 2.931e-06 2.69725e-06 2.48101e-06 2.28109e-06 2.09637e-06 1.92578e-06 1.76833e-06 1.62309e-06 1.48918e-06 1.36578e-06 1.25212e-06 1.14748e-06 1.0512e-06 9.62643e-07 8.8123e-07 8.06417e-07 7.377e-07 6.74609e-07 6.16708e-07 5.6359e-07 5.14882e-07 4.70233e-07 4.29322e-07 3.9185e-07 3.5754e-07 3.26138e-07 2.97406e-07 2.71127e-07 2.471e-07 2.2514e-07 2.05074e-07 1.86746e-07 1.70011e-07 1.54735e-07 1.40795e-07 1.28078e-07 1.1648e-07
0.000108239 5.33914e-05 5.70677e-05 6.01007e-05 6.25298e-05 6.43967e-05 6.57443e-05 6.66156e-05 6.70537e-05 6.71006e-05 6.67971e-05 6.61825e-05 6.52941e-05 6.41672e-05 6.2835e-05 6.13284e-05 5.96761e-05 5.79045e-05 5.60378e-05 5.40978e-05 5.21047e-05 5.00762e-05 4.80284e-05 4.59755e-05 4.39299e-05 4.19026e-05 3.9903e-05 3.79393e-05 3.60184e-05 3.4146e-05 3.23267e-05 3.05644e-05 2.88621e-05 2.72218e-05 2.56451e-05 2.41329e-05 2.26856e-05 2.13032e-05 1.99851e-05 1.87306e-05 1.75386e-05 1.64077e-05 1.53365e-05 1.43232e-05 1.33659e-05 1.24628e-05 1.16118e-05 1.08109e-05 1.00579e-05 9.35088e-06 8.6876e-06 8.06601e-06 7.48406e-06 6.93973e-06 6.43104e-06 5.95608e-06 5.51299e-06 5.09996e-06 4.71525e-06 4.3572e-06 4.02421e-06 3.71475e-06 3.42735e-06 3.16062e-06 2.91325e-06 2.68396e-06 2.47158e-06 2.27497e-06 2.09307e-06 1.92488e-06 1.76945e-06 1.62589e-06 1.49336e-06 1.37109e-06 1.25833e-06 1.1544e-06 1.05865e-06 9.70485e-07 8.89335e-07 8.14678e-07 7.46024e-07 6.8292e-07 6.2494e-07 5.71692e-07 5.22808e-07 4.7795e-07 4.36802e-07 3.99071e-07 3.64487e-07 3.328e-07 3.03776e-07 2.77203e-07 2.5288e-07 2.30627e-07 2.10272e-07 1.91662e-07 1.7465e-07 1.59106e-07 1.44908e-07 1.31942e-07 1.20105e-07
9.38075e-05 4.71234e-05 5.06158e-05 5.35387e-05 5.59229e-05 5.78017e-05 5.92103e-05 6.01846e-05 6.07612e-05 6.09758e-05 6.0864e-05 6.046e-05 5.97967e-05 5.89055e-05 5.78162e-05 5.65565e-05 5.51526e-05 5.36286e-05 5.20066e-05 5.03071e-05 4.85487e-05 4.67481e-05 4.49205e-05 4.30793e-05 4.12367e-05 3.94031e-05 3.75879e-05 3.5799e-05 3.40434e-05 3.23267e-05 3.0654e-05 2.90291e-05 2.74554e-05 2.59351e-05 2.44702e-05 2.3062e-05 2.17112e-05 2.0418e-05 1.91824e-05 1.8004e-05 1.68821e-05 1.58156e-05 1.48034e-05 1.38442e-05 1.29364e-05 1.20784e-05 1.12685e-05 1.0505e-05 9.78605e-06 9.10977e-06 8.47435e-06 7.87792e-06 7.31865e-06 6.79473e-06 6.30438e-06 5.84586e-06 5.41748e-06 5.01758e-06 4.64458e-06 4.29693e-06 3.97317e-06 3.67186e-06 3.39166e-06 3.13127e-06 2.88945e-06 2.66502e-06 2.45686e-06 2.26392e-06 2.08518e-06 1.91971e-06 1.7666e-06 1.62502e-06 1.49416e-06 1.37327e-06 1.26166e-06 1.15866e-06 1.06367e-06 9.76087e-07 8.95385e-07 8.21056e-07 7.52627e-07 6.89658e-07 6.31738e-07 5.78486e-07 5.29545e-07 4.84585e-07 4.43298e-07 4.05401e-07 3.70626e-07 3.38731e-07 3.09486e-07 2.82682e-07 2.58123e-07 2.3563e-07 2.15035e-07 1.96185e-07 1.78939e-07 1.63163e-07 1.48739e-07 1.35554e-07 1.23505e-07
8.12999e-05 4.15777e-05 4.48766e-05 4.7673e-05 4.99904e-05 5.18552e-05 5.32956e-05 5.43415e-05 5.50234e-05 5.53719e-05 5.54175e-05 5.519e-05 5.47182e-05 5.403e-05 5.31518e-05 5.21087e-05 5.09241e-05 4.96201e-05 4.82171e-05 4.67337e-05 4.51873e-05 4.35935e-05 4.19666e-05 4.03193e-05 3.86631e-05 3.70083e-05 3.53636e-05 3.37371e-05 3.21354e-05 3.05644e-05 2.90291e-05 2.75336e-05 2.60812e-05 2.46746e-05 2.33159e-05 2.20067e-05 2.07479e-05 1.95403e-05 1.8384e-05 1.7279e-05 1.62248e-05 1.52207e-05 1.4266e-05 1.33595e-05 1.25001e-05 1.16864e-05 1.0917e-05 1.01904e-05 9.50505e-06 8.85936e-06 8.2517e-06 7.68044e-06 7.14395e-06 6.6406e-06 6.1688e-06 5.72698e-06 5.31359e-06 4.92714e-06 4.56617e-06 4.22927e-06 3.91508e-06 3.6223e-06 3.34965e-06 3.09594e-06 2.86002e-06 2.64078e-06 2.43718e-06 2.24823e-06 2.07296e-06 1.91051e-06 1.76e-06 1.62066e-06 1.49171e-06 1.37245e-06 1.26221e-06 1.16036e-06 1.06631e-06 9.79511e-07 8.99434e-07 8.25596e-07 7.57543e-07 6.94851e-07 6.37122e-07 5.83987e-07 5.35101e-07 4.90144e-07 4.48815e-07 4.10839e-07 3.75956e-07 3.43927e-07 3.14529e-07 2.87557e-07 2.6282e-07 2.40139e-07 2.19353e-07 2.00308e-07 1.82866e-07 1.66896e-07 1.52279e-07 1.38905e-07 1.26672e-07
7.04599e-05 3.66731e-05 3.97737e-05 4.24327e-05 4.46671e-05 4.64972e-05 4.79457e-05 4.90369e-05 4.97963e-05 5.02496e-05 5.0423e-05 5.03422e-05 5.00324e-05 4.95181e-05 4.88227e-05 4.79688e-05 4.69774e-05 4.58685e-05 4.46607e-05 4.33711e-05 4.20158e-05 4.06092e-05 3.91648e-05 3.76946e-05 3.62094e-05 3.47189e-05 3.32318e-05 3.17556e-05 3.02972e-05 2.88621e-05 2.74554e-05 2.60812e-05 2.4743e-05 2.34437e-05 2.21856e-05 2.09705e-05 1.97995e-05 1.86736e-05 1.75933e-05 1.65587e-05 1.55697e-05 1.4626e-05 1.37269e-05 1.28717e-05 1.20594e-05 1.1289e-05 1.05593e-05 9.86898e-06 9.21682e-06 8.6014e-06 8.0213e-06 7.4751e-06 6.96135e-06 6.47862e-06 6.02547e-06 5.60049e-06 5.20229e-06 4.82951e-06 4.48082e-06 4.15494e-06 3.85062e-06 3.56664e-06 3.30185e-06 3.05512e-06 2.8254e-06 2.61164e-06 2.41289e-06 2.22819e-06 2.05668e-06 1.89749e-06 1.74985e-06 1.61298e-06 1.48618e-06 1.36876e-06 1.2601e-06 1.1596e-06 1.06669e-06 9.80832e-07 9.01542e-07 8.28348e-07 7.60815e-07 6.98533e-07 6.4112e-07 5.88218e-07 5.39495e-07 4.94639e-07 4.53361e-07 4.15391e-07 3.80478e-07 3.48388e-07 3.18905e-07 2.91827e-07 2.66967e-07 2.44151e-07 2.2322e-07 2.04023e-07 1.86425e-07 1.70296e-07 1.5552e-07 1.41987e-07 1.29596e-07
