0.368586 0.00893034 0.00607275 0.0044238 0.00339715 0.0027133 0.00223109 0.00187489 0.00160178 0.00138604 0.00121149 0.00106749 0.000946775 0.000844215 0.000756096 0.000679651 0.00061278 0.000553858 0.000501607 0.000455005 0.000413227 0.000375597 0.000341558 0.000310643 0.000282458 0.00025667 0.000232994 0.000211183 0.000191024 0.000172331 0.000159332
0.00893034 0.000695628 0.000431281 0.000286832 0.000202362 0.000149716 0.000114978 9.09001e-05 7.3506e-05 6.05028e-05 5.0504e-05 4.26348e-05 3.63212e-05 3.11734e-05 2.69189e-05 2.33618e-05 2.0358e-05 1.77996e-05 1.5604e-05 1.37072e-05 1.2059e-05 1.06192e-05 9.35566e-06 8.24217e-06 7.25733e-06 6.38353e-06 5.60623e-06 4.91343e-06 4.2953e-06 3.74402e-06 3.41048e-06
0.00607275 0.000431281 0.000257785 0.00016639 0.000114778 8.35879e-05 6.35265e-05 4.98968e-05 4.01976e-05 3.30257e-05 2.75533e-05 2.32693e-05 1.98445e-05 1.70584e-05 1.4759e-05 1.28378e-05 1.12158e-05 9.83415e-06 8.64798e-06 7.62269e-06 6.73115e-06 5.95179e-06 5.26728e-06 4.66358e-06 4.12921e-06 3.65475e-06 3.23244e-06 2.85593e-06 2.52013e-06 2.26595e-06 2.0653e-06
0.0044238 0.000286832 0.00016639 0.000104832 7.10618e-05 5.11675e-05 3.86329e-05 3.0248e-05 2.43455e-05 2.00119e-05 1.67194e-05 1.41479e-05 1.2094e-05 1.04233e-05 9.04363e-06 7.8898e-06 6.91452e-06 6.08263e-06 5.36744e-06 4.74838e-06 4.20929e-06 3.73735e-06 3.32225e-06 2.95565e-06 2.6307e-06 2.3418e-06 2.08434e-06 1.85458e-06 1.66736e-06 1.49913e-06 1.36695e-06
0.00339715 0.000202362 0.000114778 7.10618e-05 4.76118e-05 3.40612e-05 2.56495e-05 2.00799e-05 1.61834e-05 1.33314e-05 1.11668e-05 9.47539e-06 8.12281e-06 7.02071e-06 6.10883e-06 5.34471e-06 4.69755e-06 4.14446e-06 3.66809e-06 3.25499e-06 2.89465e-06 2.57868e-06 2.30033e-06 2.05411e-06 1.83554e-06 1.64093e-06 1.46726e-06 1.3192e-06 1.18618e-06 1.06652e-06 9.72702e-07
0.0027133 0.000149716 8.35879e-05 5.11675e-05 3.40612e-05 2.43083e-05 1.8311e-05 1.43616e-05 1.16048e-05 9.58695e-06 8.05313e-06 6.85209e-06 5.88926e-06 5.10276e-06 4.45043e-06 3.90256e-06 3.43757e-06 3.03941e-06 2.69585e-06 2.39745e-06 2.13676e-06 1.90785e-06 1.70591e-06 1.52706e-06 1.3681e-06 1.22638e-06 1.10262e-06 9.9155e-07 8.91677e-07 8.01763e-07 7.3128e-07
0.00223109 0.000114978 6.35265e-05 3.86329e-05 2.56495e-05 1.8311e-05 1.38214e-05 1.08705e-05 8.80952e-06 7.29793e-06 6.14587e-06 5.24115e-06 4.51385e-06 3.91822e-06 3.42307e-06 3.00635e-06 2.65205e-06 2.34818e-06 2.08562e-06 1.85729e-06 1.65758e-06 1.48204e-06 1.32704e-06 1.18964e-06 1.0674e-06 9.59498e-07 8.62831e-07 7.76018e-07 6.97914e-07 6.27565e-07 5.72372e-07
0.00187489 9.09001e-05 4.98968e-05 3.0248e-05 2.00799e-05 1.43616e-05 1.08705e-05 8.5747e-06 6.96786e-06 5.78592e-06 4.88233e-06 4.17068e-06 3.59711e-06 3.12634e-06 2.73424e-06 2.40373e-06 2.12234e-06 1.88073e-06 1.67177e-06 1.48989e-06 1.33071e-06 1.19069e-06 1.06698e-06 9.57254e-07 8.6007e-07 7.73227e-07 6.95401e-07 6.25485e-07 5.62562e-07 5.05871e-07 4.61332e-07
0.00160178 7.3506e-05 4.01976e-05 2.43455e-05 1.61834e-05 1.16048e-05 8.80952e-06 6.96786e-06 5.67517e-06 4.72131e-06 3.98992e-06 3.41241e-06 2.94595e-06 2.56241e-06 2.24252e-06 1.97256e-06 1.74251e-06 1.54484e-06 1.37377e-06 1.2248e-06 1.09435e-06 9.79576e-07 8.78141e-07 7.88345e-07 7.08357e-07 6.36871e-07 5.72798e-07 5.1523e-07 4.63412e-07 4.16721e-07 3.79976e-07
0.00138604 6.05028e-05 3.30257e-05 2.00119e-05 1.33314e-05 9.58695e-06 7.29793e-06 5.78592e-06 4.72131e-06 3.93336e-06 3.3276e-06 2.84825e-06 2.4604e-06 2.14109e-06 1.87448e-06 1.64931e-06 1.45732e-06 1.29227e-06 1.14938e-06 1.02491e-06 9.15908e-07 8.19979e-07 7.35276e-07 6.60097e-07 5.93129e-07 5.3328e-07 4.79635e-07 4.31436e-07 3.88049e-07 3.48954e-07 3.18134e-07
0.00121149 5.0504e-05 2.75533e-05 1.67194e-05 1.11668e-05 8.05313e-06 6.14587e-06 4.88233e-06 3.98992e-06 3.3276e-06 2.81725e-06 2.41269e-06 2.08493e-06 1.81481e-06 1.58912e-06 1.39841e-06 1.23573e-06 1.09584e-06 9.74722e-07 8.69206e-07 7.7679e-07 6.95496e-07 6.23632e-07 5.59852e-07 5.03043e-07 4.52276e-07 4.06776e-07 3.65897e-07 3.291e-07 2.95945e-07 2.69761e-07
0.00106749 4.26348e-05 2.32693e-05 1.41479e-05 9.47539e-06 6.85209e-06 5.24115e-06 4.17068e-06 3.41241e-06 2.84825e-06 2.41269e-06 2.06693e-06 1.78651e-06 1.55524e-06 1.36191e-06 1.19849e-06 1.05907e-06 9.39164e-07 8.35335e-07 7.44883e-07 6.6568e-07 5.95975e-07 5.34362e-07 4.79687e-07 4.30994e-07 3.87484e-07 3.48494e-07 3.13466e-07 2.81939e-07 2.53535e-07 2.31063e-07
0.000946775 3.63212e-05 1.98445e-05 1.2094e-05 8.12281e-06 5.88926e-06 4.51385e-06 3.59711e-06 2.94595e-06 2.4604e-06 2.08493e-06 1.78651e-06 1.5443e-06 1.34443e-06 1.17729e-06 1.03598e-06 9.15409e-07 8.11713e-07 7.21921e-07 6.4371e-07 5.75213e-07 5.14938e-07 4.61668e-07 4.14403e-07 3.72315e-07 3.34713e-07 3.01022e-07 2.70759e-07 2.43524e-07 2.18988e-07 1.99545e-07
0.000844215 3.11734e-05 1.70584e-05 1.04233e-05 7.02071e-06 5.10276e-06 3.91822e-06 3.12634e-06 2.56241e-06 2.14109e-06 1.81481e-06 1.55524e-06 1.34443e-06 1.1704e-06 1.02484e-06 9.01759e-07 7.96735e-07 7.06413e-07 6.28212e-07 5.60094e-07 5.00444e-07 4.47962e-07 4.01585e-07 3.60444e-07 3.23815e-07 2.91096e-07 2.61784e-07 2.35458e-07 2.1177e-07 1.90432e-07 1.73496e-07
0.000756096 2.69189e-05 1.4759e-05 9.04363e-06 6.10883e-06 4.45043e-06 3.42307e-06 2.73424e-06 2.24252e-06 1.87448e-06 1.58912e-06 1.36191e-06 1.17729e-06 1.02484e-06 8.97305e-07 7.89463e-07 6.97442e-07 6.1831e-07 5.49798e-07 4.90127e-07 4.37882e-07 3.91921e-07 3.51314e-07 3.15297e-07 2.83236e-07 2.54603e-07 2.28955e-07 2.05924e-07 1.85203e-07 1.66541e-07 1.51704e-07
0.000679651 2.33618e-05 1.28378e-05 7.8898e-06 5.34471e-06 3.90256e-06 3.00635e-06 2.40373e-06 1.97256e-06 1.64931e-06 1.39841e-06 1.19849e-06 1.03598e-06 9.01759e-07 7.89463e-07 6.94504e-07 6.13481e-07 5.43809e-07 4.83493e-07 4.30969e-07 3.84987e-07 3.44543e-07 3.08817e-07 2.77133e-07 2.48935e-07 2.23756e-07 2.01206e-07 1.8096e-07 1.62748e-07 1.46347e-07 1.33288e-07
0.00061278 2.0358e-05 1.12158e-05 6.91452e-06 4.69755e-06 3.43757e-06 2.65205e-06 2.12234e-06 1.74251e-06 1.45732e-06 1.23573e-06 1.05907e-06 9.15409e-07 7.96735e-07 6.97442e-07 6.13481e-07 5.41843e-07 4.80247e-07 4.2693e-07 3.80506e-07 3.39871e-07 3.04136e-07 2.72574e-07 2.44589e-07 2.19686e-07 1.97453e-07 1.77545e-07 1.59674e-07 1.43601e-07 1.29128e-07 1.17589e-07
0.000553858 1.77996e-05 9.83415e-06 6.08263e-06 4.14446e-06 3.03941e-06 2.34818e-06 1.88073e-06 1.54484e-06 1.29227e-06 1.09584e-06 9.39164e-07 8.11713e-07 7.06413e-07 6.1831e-07 5.43809e-07 4.80247e-07 4.25601e-07 3.78306e-07 3.37131e-07 3.01096e-07 2.69411e-07 2.4143e-07 2.16624e-07 1.94555e-07 1.74855e-07 1.57218e-07 1.41388e-07 1.27153e-07 1.14337e-07 1.04104e-07
0.000501607 1.5604e-05 8.64798e-06 5.36744e-06 3.66809e-06 2.69585e-06 2.08562e-06 1.67177e-06 1.37377e-06 1.14938e-06 9.74722e-07 8.35335e-07 7.21921e-07 6.28212e-07 5.49798e-07 4.83493e-07 4.2693e-07 3.78306e-07 3.36228e-07 2.996e-07 2.67548e-07 2.3937e-07 2.1449e-07 1.92437e-07 1.7282e-07 1.55311e-07 1.39639e-07 1.25575e-07 1.12929e-07 1.01546e-07 9.24453e-08
0.000455005 1.37072e-05 7.62269e-06 4.74838e-06 3.25499e-06 2.39745e-06 1.85729e-06 1.48989e-06 1.2248e-06 1.02491e-06 8.69206e-07 7.44883e-07 6.4371e-07 5.60094e-07 4.90127e-07 4.30969e-07 3.80506e-07 3.37131e-07 2.996e-07 2.66934e-07 2.38353e-07 2.1323e-07 1.91051e-07 1.71395e-07 1.53912e-07 1.38311e-07 1.24349e-07 1.11821e-07 1.00558e-07 9.04209e-08 8.23068e-08
0.000413227 1.2059e-05 6.73115e-06 4.20929e-06 2.89465e-06 2.13676e-06 1.65758e-06 1.33071e-06 1.09435e-06 9.15908e-07 7.7679e-07 6.6568e-07 5.75213e-07 5.00444e-07 4.37882e-07 3.84987e-07 3.39871e-07 3.01096e-07 2.67548e-07 2.38353e-07 2.12813e-07 1.90365e-07 1.7055e-07 1.52992e-07 1.37378e-07 1.23447e-07 1.1098e-07 9.9796e-08 8.97425e-08 8.06947e-08 7.34445e-08
0.000375597 1.06192e-05 5.95179e-06 3.73735e-06 2.57868e-06 1.90785e-06 1.48204e-06 1.19069e-06 9.79576e-07 8.19979e-07 6.95496e-07 5.95975e-07 5.14938e-07 4.47962e-07 3.91921e-07 3.44543e-07 3.04136e-07 2.69411e-07 2.3937e-07 2.1323e-07 1.90365e-07 1.7027e-07 1.52536e-07 1.36823e-07 1.22852e-07 1.10388e-07 9.92364e-08 8.92331e-08 8.02423e-08 7.21517e-08 6.56616e-08
0.000341558 9.35566e-06 5.26728e-06 3.32225e-06 2.30033e-06 1.70591e-06 1.32704e-06 1.06698e-06 8.78141e-07 7.35276e-07 6.23632e-07 5.34362e-07 4.61668e-07 4.01585e-07 3.51314e-07 3.08817e-07 2.72574e-07 2.4143e-07 2.1449e-07 1.91051e-07 1.7055e-07 1.52536e-07 1.36639e-07 1.22556e-07 1.10036e-07 9.88677e-08 8.88766e-08 7.99154e-08 7.18622e-08 6.4616e-08 5.87977e-08
0.000310643 8.24217e-06 4.66358e-06 2.95565e-06 2.05411e-06 1.52706e-06 1.18964e-06 9.57254e-07 7.88345e-07 6.60097e-07 5.59852e-07 4.79687e-07 4.14403e-07 3.60444e-07 3.15297e-07 2.77133e-07 2.44589e-07 2.16624e-07 1.92437e-07 1.71395e-07 1.52992e-07 1.36823e-07 1.22556e-07 1.09919e-07 9.86845e-08 8.86648e-08 7.97021e-08 7.16643e-08 6.44415e-08 5.79432e-08 5.27209e-08
0.000282458 7.25733e-06 4.12921e-06 2.6307e-06 1.83554e-06 1.3681e-06 1.0674e-06 8.6007e-07 7.08357e-07 5.93129e-07 5.03043e-07 4.30994e-07 3.72315e-07 3.23815e-07 2.83236e-07 2.48935e-07 2.19686e-07 1.94555e-07 1.7282e-07 1.53912e-07 1.37378e-07 1.22852e-07 1.10036e-07 9.86845e-08 8.85946e-08 7.95965e-08 7.15484e-08 6.43315e-08 5.7847e-08 5.20134e-08 4.73216e-08
0.00025667 6.38353e-06 3.65475e-06 2.3418e-06 1.64093e-06 1.22638e-06 9.59498e-07 7.73227e-07 6.36871e-07 5.3328e-07 4.52276e-07 3.87484e-07 3.34713e-07 2.91096e-07 2.54603e-07 2.23756e-07 1.97453e-07 1.74855e-07 1.55311e-07 1.38311e-07 1.23447e-07 1.10388e-07 9.88677e-08 8.86648e-08 7.95965e-08 7.15102e-08 6.42781e-08 5.77935e-08 5.19675e-08 4.67266e-08 4.25087e-08
0.000232994 5.60623e-06 3.23244e-06 2.08434e-06 1.46726e-06 1.10262e-06 8.62831e-07 6.95401e-07 5.72798e-07 4.79635e-07 4.06776e-07 3.48494e-07 3.01022e-07 2.61784e-07 2.28955e-07 2.01206e-07 1.77545e-07 1.57218e-07 1.39639e-07 1.24349e-07 1.1098e-07 9.92364e-08 8.88766e-08 7.97021e-08 7.15484e-08 6.42781e-08 5.77763e-08 5.1947e-08 4.67099e-08 4.19991e-08 3.82057e-08
0.000211183 4.91343e-06 2.85593e-06 1.85458e-06 1.3192e-06 9.9155e-07 7.76018e-07 6.25485e-07 5.1523e-07 4.31436e-07 3.65897e-07 3.13466e-07 2.70759e-07 2.35458e-07 2.05924e-07 1.8096e-07 1.59674e-07 1.41388e-07 1.25575e-07 1.11821e-07 9.9796e-08 8.92331e-08 7.99154e-08 7.16643e-08 6.43315e-08 5.77935e-08 5.1947e-08 4.67053e-08 4.19964e-08 3.77609e-08 3.43488e-08
0.000191024 4.2953e-06 2.52013e-06 1.66736e-06 1.18618e-06 8.91677e-07 6.97914e-07 5.62562e-07 4.63412e-07 3.88049e-07 3.291e-07 2.81939e-07 2.43524e-07 2.1177e-07 1.85203e-07 1.62748e-07 1.43601e-07 1.27153e-07 1.12929e-07 1.00558e-07 8.97425e-08 8.02423e-08 7.18622e-08 6.44415e-08 5.7847e-08 5.19675e-08 4.67099e-08 4.19964e-08 3.77622e-08 3.39537e-08 3.08847e-08
0.000172331 3.74402e-06 2.26595e-06 1.49913e-06 1.06652e-06 8.01763e-07 6.27565e-07 5.05871e-07 4.16721e-07 3.48954e-07 2.95945e-07 2.53535e-07 2.18988e-07 1.90432e-07 1.66541e-07 1.46347e-07 1.29128e-07 1.14337e-07 1.01546e-07 9.04209e-08 8.06947e-08 7.21517e-08 6.4616e-08 5.79432e-08 5.20134e-08 4.67266e-08 4.19991e-08 3.77609e-08 3.39537e-08 3.05293e-08 2.77694e-08
0.000159332 3.41048e-06 2.0653e-06 1.36695e-06 9.72702e-07 7.3128e-07 5.72372e-07 4.61332e-07 3.79976e-07 3.18134e-07 2.69761e-07 2.31063e-07 1.99545e-07 1.73496e-07 1.51704e-07 1.33288e-07 1.17589e-07 1.04104e-07 9.24453e-08 8.23068e-08 7.34445e-08 6.56616e-08 5.87977e-08 5.27209e-08 4.73216e-08 4.25087e-08 3.82057e-08 3.43488e-08 3.08847e-08 2.77694e-08 2.52556e-08
