0.147273 0.0787739 0.0421349 0.0225373 0.0120548 0.00644792 0.00344889 0.00184475 0.000986729 0.000527785 0.000282304 0.000151 8.07673e-05 4.32011e-05 2.31076e-05 1.23599e-05 6.61109e-06 3.53616e-06 1.89144e-06 1.0117e-06 5.41141e-07 2.89448e-07 1.54821e-07 8.28111e-08 4.42943e-08 2.36923e-08 1.26726e-08 6.77838e-09 3.62565e-09 1.9393e-09 1.0373e-09 5.54835e-10 2.96772e-10 1.58739e-10 8.49067e-11 4.54152e-11 2.42918e-11 1.29933e-11 6.94991e-12 3.7174e-12 1.98837e-12 1.06355e-12 5.68875e-13 3.04282e-13 1.62755e-13 8.70553e-14 4.65644e-14 2.49066e-14 1.33221e-14 7.12578e-15 3.81146e-15 2.03869e-15 1.09046e-15 5.83271e-16 3.11982e-16 1.66874e-16 8.92582e-17 4.77428e-17 2.55368e-17 1.36592e-17 7.3061e-18 3.90791e-18 2.09028e-18 1.11806e-18 5.9803e-19 3.19877e-19 1.71097e-19 9.15169e-20 4.89509e-20 2.6183e-20 1.40049e-20 7.49098e-21 4.00681e-21 2.14318e-21 1.14635e-21 6.13164e-22 3.27971e-22 1.75426e-22 9.38328e-23 5.01896e-23 2.68456e-23 1.43593e-23 7.68055e-24 4.1082e-24 2.19741e-24 1.17536e-24 6.2868e-25 3.36271e-25 1.79866e-25 9.62072e-26 5.14597e-26 2.75249e-26 1.47226e-26 7.8749e-27 4.21216e-27 2.25301e-27 1.2051e-27 6.44589e-28 3.4478e-28 1.84417e-28 9.86418e-29
0.0787739 0.0523056 0.0334175 0.0207843 0.0126736 0.00761143 0.00451652 0.002654 0.00154698 0.000895597 0.000515489 0.000295223 0.000168338 9.56191e-05 5.41286e-05 3.05483e-05 1.71934e-05 9.65301e-06 5.40745e-06 3.02298e-06 1.68681e-06 9.39619e-07 5.22576e-07 2.90209e-07 1.60947e-07 8.9147e-08 4.93195e-08 2.72554e-08 1.50466e-08 8.29855e-09 4.57269e-09 2.51749e-09 1.38488e-09 7.61247e-10 4.18141e-10 2.2952e-10 1.25903e-10 6.90211e-11 3.78156e-11 2.07069e-11 1.13325e-11 6.1989e-12 3.38914e-12 1.85208e-12 1.01166e-12 5.52361e-13 3.01461e-13 1.64462e-13 8.96883e-14 4.88929e-14 2.66441e-14 1.45147e-14 7.90448e-15 4.30328e-15 2.34204e-15 1.27426e-15 6.93107e-16 3.76896e-16 2.04893e-16 1.11357e-16 6.05065e-17 3.28685e-17 1.78507e-17 9.69241e-18 5.26153e-18 2.8556e-18 1.54951e-18 8.40622e-19 4.55955e-19 2.47264e-19 1.34065e-19 7.26766e-20 3.93909e-20 2.13462e-20 1.15658e-20 6.26551e-21 3.39366e-21 1.83787e-21 9.95159e-22 5.38775e-22 2.91648e-22 1.57852e-22 8.54239e-23 4.62223e-23 2.50073e-23 1.35277e-23 7.31693e-24 3.95713e-24 2.13983e-24 1.15698e-24 6.25493e-25 3.3812e-25 1.82756e-25 9.87699e-26 5.33742e-26 2.88399e-26 1.55816e-26 8.41756e-27 4.54693e-27 2.45589e-27 1.32635e-27
0.0421349 0.0334175 0.0243966 0.0169136 0.0113147 0.00737258 0.0047073 0.00295717 0.00183317 0.00112382 0.000682458 0.000411063 0.000245837 0.000146103 8.63475e-05 5.07776e-05 2.97263e-05 1.73317e-05 1.00677e-05 5.82837e-06 3.36364e-06 1.93564e-06 1.11092e-06 6.36022e-07 3.63299e-07 2.07074e-07 1.17792e-07 6.68792e-08 3.79053e-08 2.1448e-08 1.21169e-08 6.83524e-09 3.85041e-09 2.16613e-09 1.21706e-09 6.82999e-10 3.82854e-10 2.14374e-10 1.19912e-10 6.70072e-11 3.74084e-11 2.08652e-11 1.16279e-11 6.47462e-12 3.60231e-12 2.0027e-12 1.11257e-12 6.17636e-13 3.42641e-13 1.89959e-13 1.05246e-13 5.82751e-14 3.22481e-14 1.78352e-14 9.85846e-15 5.4464e-15 3.00735e-15 1.65975e-15 9.15564e-16 5.04814e-16 2.78212e-16 1.53259e-16 8.43902e-17 4.64489e-17 2.55554e-17 1.40546e-17 7.72662e-18 4.24617e-18 2.33264e-18 1.28099e-18 7.03224e-19 3.85919e-19 2.11717e-19 1.16113e-19 6.36601e-20 3.48918e-20 1.91184e-20 1.04726e-20 5.73503e-21 3.13977e-21 1.71847e-21 9.40316e-22 5.14391e-22 2.81323e-22 1.53819e-22 8.40833e-23 4.59525e-23 2.51078e-23 1.37154e-23 7.49058e-24 4.09004e-24 2.2328e-24 1.21865e-24 6.65003e-25 3.62811e-25 1.97903e-25 1.0793e-25 5.88507e-26 3.20834e-26 1.74876e-26 9.53027e-27
0.0225373 0.0207843 0.0169136 0.0127986 0.00922685 0.00642302 0.00435328 0.00288857 0.00188376 0.00121083 0.000768775 0.000482955 0.000300602 0.000185579 0.000113739 6.92561e-05 4.19233e-05 2.52427e-05 1.51253e-05 9.02268e-06 5.36025e-06 3.1724e-06 1.87097e-06 1.09983e-06 6.44564e-07 3.76677e-07 2.1954e-07 1.27635e-07 7.40295e-08 4.28423e-08 2.47417e-08 1.42602e-08 8.20352e-09 4.71086e-09 2.70061e-09 1.54569e-09 8.83307e-10 5.04037e-10 2.87212e-10 1.63441e-10 9.28876e-11 5.27254e-11 2.98929e-11 1.69287e-11 9.57644e-12 5.41165e-12 3.05503e-12 1.72298e-12 9.70814e-13 5.46511e-13 3.07386e-13 1.72743e-13 9.69985e-14 5.44235e-14 3.05124e-14 1.70941e-14 9.56986e-15 5.35382e-15 2.99316e-15 1.67229e-15 9.33729e-16 5.21029e-16 2.90565e-16 1.61947e-16 9.02109e-17 5.02234e-17 2.79461e-17 1.55421e-17 8.63934e-18 4.79994e-18 2.66553e-18 1.47954e-18 8.20867e-19 4.55224e-19 2.52341e-19 1.3982e-19 7.74404e-20 4.28738e-20 2.37271e-20 1.31259e-20 7.25856e-21 4.01247e-21 2.21726e-21 1.22481e-21 6.76345e-22 3.73356e-22 2.06032e-22 1.13659e-22 6.26813e-23 3.4557e-23 1.90459e-23 1.04939e-23 5.78026e-24 3.18297e-24 1.75225e-24 9.64359e-25 5.30597e-25 2.91861e-25 1.605e-25 8.82391e-26 4.84997e-26
0.0120548 0.0126736 0.0113147 0.00922685 0.00709278 0.00522678 0.00373017 0.00259541 0.0017689 0.00118496 0.000782221 0.000509867 0.000328686 0.000209829 0.000132793 8.33869e-05 5.1995e-05 3.22142e-05 1.98424e-05 1.21567e-05 7.41123e-06 4.49762e-06 2.71792e-06 1.63598e-06 9.81116e-07 5.86365e-07 3.49311e-07 2.07462e-07 1.22863e-07 7.25658e-08 4.27497e-08 2.51237e-08 1.47312e-08 8.61872e-09 5.03208e-09 2.9322e-09 1.70538e-09 9.90066e-10 5.73799e-10 3.32001e-10 1.91793e-10 1.10628e-10 6.3719e-11 3.66492e-11 2.10511e-11 1.2076e-11 6.91881e-12 3.95929e-12 2.26307e-12 1.2921e-12 7.36922e-13 4.1985e-13 2.38962e-13 1.35874e-13 7.71855e-14 4.38062e-14 2.48399e-14 1.40731e-14 7.96645e-15 4.50597e-15 2.54665e-15 1.4382e-15 8.11602e-16 4.57671e-16 2.57904e-16 1.45233e-16 8.17302e-17 4.59639e-17 2.58331e-17 1.451e-17 8.14515e-18 4.56957e-18 2.56213e-18 1.43577e-18 8.04144e-19 4.50142e-19 2.51849e-19 1.40835e-19 7.87161e-20 4.3975e-20 2.45552e-20 1.3705e-20 7.64567e-21 4.26344e-21 2.37638e-21 1.32399e-21 7.37352e-22 4.10475e-22 2.28415e-22 1.27055e-22 7.06468e-23 3.92671e-23 2.18175e-23 1.21178e-23 6.72803e-24 3.73422e-24 2.07188e-24 1.14916e-24 6.37172e-25 3.53176e-25 1.95698e-25
0.00644792 0.00761143 0.00737258 0.00642302 0.00522678 0.00405202 0.00302814 0.00219835 0.00155871 0.00108362 0.000740824 0.000499201 0.000332161 0.000218564 0.000142394 9.19449e-05 5.88928e-05 3.74466e-05 2.36512e-05 1.48464e-05 9.26678e-06 5.75382e-06 3.55523e-06 2.18679e-06 1.33939e-06 8.17113e-07 4.96637e-07 3.00796e-07 1.81581e-07 1.09273e-07 6.55646e-08 3.92293e-08 2.34097e-08 1.39342e-08 8.27416e-09 4.90193e-09 2.89774e-09 1.70939e-09 1.00635e-09 5.91327e-10 3.4682e-10 2.03055e-10 1.18682e-10 6.92547e-11 4.03488e-11 2.34722e-11 1.36347e-11 7.90907e-12 4.58159e-12 2.65056e-12 1.53147e-12 8.83788e-13 5.09416e-13 2.93291e-13 1.68672e-13 9.68986e-14 5.56082e-14 3.18801e-14 1.82589e-14 1.04475e-14 5.97238e-15 3.41107e-15 1.94649e-15 1.1098e-15 6.32228e-16 3.59876e-16 2.04686e-16 1.1633e-16 6.60647e-17 3.74913e-17 2.12609e-17 1.20485e-17 6.8232e-18 3.86151e-18 2.18396e-18 1.23441e-18 6.97275e-19 3.9363e-19 2.22083e-19 1.25226e-19 7.0571e-20 3.97484e-20 2.23758e-20 1.25895e-20 7.07964e-21 3.9792e-21 2.23545e-21 1.25523e-21 7.04485e-22 3.95202e-22 2.21599e-22 1.242e-22 6.95797e-23 3.89634e-23 2.18095e-23 1.22027e-23 6.82476e-24 3.81544e-24 2.13222e-24 1.1911e-24 6.65124e-25
0.00344889 0.00451652 0.0047073 0.00435328 0.00373017 0.00302814 0.00235996 0.00178094 0.00130919 0.000941573 0.000664697 0.000461762 0.00031631 0.000214003 0.000143193 9.48665e-05 6.22876e-05 4.05641e-05 2.62203e-05 1.68327e-05 1.07379e-05 6.80988e-06 4.29532e-06 2.69555e-06 1.6836e-06 1.04689e-06 6.4826e-07 3.99845e-07 2.4571e-07 1.50464e-07 9.18337e-08 5.58733e-08 3.38928e-08 2.05011e-08 1.23671e-08 7.4411e-09 4.46616e-09 2.67427e-09 1.5977e-09 9.52456e-10 5.6662e-10 3.36413e-10 1.99352e-10 1.17914e-10 6.96213e-11 4.10369e-11 2.41485e-11 1.41878e-11 8.32286e-12 4.87511e-12 2.8515e-12 1.66555e-12 9.71538e-13 5.65973e-13 3.29293e-13 1.91355e-13 1.11065e-13 6.439e-14 3.72883e-14 2.15702e-14 1.24645e-14 7.19536e-15 4.14949e-15 2.39064e-15 1.37601e-15 7.91278e-16 4.54618e-16 2.60966e-16 1.49675e-16 8.57734e-17 4.91138e-17 2.81002e-17 1.6065e-17 9.17744e-18 5.23892e-18 2.98847e-18 1.70353e-18 9.704e-19 5.52406e-19 3.14253e-19 1.78657e-19 1.01505e-19 5.76347e-20 3.27053e-20 1.85479e-20 1.05128e-20 5.95519e-21 3.37155e-21 1.90777e-21 1.07892e-21 6.09852e-22 3.44537e-22 1.94548e-22 1.098e-22 6.1939e-23 3.49236e-23 1.96821e-23 1.10872e-23 6.24274e-24 3.51346e-24 1.97654e-24
0.00184475 0.002654 0.00295717 0.00288857 0.00259541 0.00219835 0.00178094 0.00139298 0.00105881 0.000785826 0.000571502 0.00040841 0.00028742 0.000199551 0.000136881 9.28792e-05 6.24064e-05 4.15583e-05 2.74496e-05 1.7995e-05 1.17154e-05 7.57831e-06 4.87299e-06 3.11603e-06 1.9822e-06 1.2548e-06 7.907e-07 4.96104e-07 3.10002e-07 1.92967e-07 1.19678e-07 7.39681e-08 4.55663e-08 2.79822e-08 1.71327e-08 1.04599e-08 6.36871e-09 3.86761e-09 2.34288e-09 1.41586e-09 8.53673e-10 5.13578e-10 3.08319e-10 1.84718e-10 1.1045e-10 6.59172e-11 3.9268e-11 2.33514e-11 1.38627e-11 8.21617e-12 4.86182e-12 2.8725e-12 1.69462e-12 9.98291e-13 5.87264e-13 3.45001e-13 2.02411e-13 1.18602e-13 6.94077e-14 4.05695e-14 2.36855e-14 1.38123e-14 8.04581e-15 4.68168e-15 2.72129e-15 1.58017e-15 9.16635e-16 5.31209e-16 3.07553e-16 1.77899e-16 1.02809e-16 5.93615e-17 3.42455e-17 1.97395e-17 1.13687e-17 6.54234e-18 3.76196e-18 2.16153e-18 1.24102e-18 7.11998e-19 4.08191e-19 2.33852e-19 1.33881e-19 7.65953e-20 4.37922e-20 2.50212e-20 1.42871e-20 8.15279e-21 4.64947e-21 2.64996e-21 1.50945e-21 8.59305e-22 4.8891e-22 2.78016e-22 1.58005e-22 8.97512e-23 5.09542e-23 2.89131e-23 1.63979e-23 9.29536e-24 5.26659e-24
0.000986729 0.00154698 0.00183317 0.00188376 0.0017689 0.00155871 0.00130919 0.00105881 0.00083035 0.000634662 0.000474601 0.000348269 0.000251378 0.000178813 0.000125549 8.7125e-05 5.98233e-05 4.06827e-05 2.7423e-05 1.83357e-05 1.21682e-05 8.01937e-06 5.25112e-06 3.41781e-06 2.21208e-06 1.42416e-06 9.12349e-07 5.81745e-07 3.69306e-07 2.33468e-07 1.47011e-07 9.22229e-08 5.76471e-08 3.5912e-08 2.22995e-08 1.3804e-08 8.51982e-09 5.24357e-09 3.21844e-09 1.97031e-09 1.2032e-09 7.32997e-10 4.45516e-10 2.70184e-10 1.63504e-10 9.87414e-11 5.95123e-11 3.57997e-11 2.14954e-11 1.28835e-11 7.70844e-12 4.60436e-12 2.74577e-12 1.63484e-12 9.71897e-13 5.76927e-13 3.41976e-13 2.02424e-13 1.19657e-13 7.06383e-14 4.1647e-14 2.45236e-14 1.4423e-14 8.47253e-15 4.97128e-15 2.91363e-15 1.70579e-15 9.97586e-16 5.82804e-16 3.40136e-16 1.98313e-16 1.15512e-16 6.72191e-17 3.90801e-17 2.26999e-17 1.31738e-17 7.63869e-18 4.42548e-18 2.56178e-18 1.48174e-18 8.56361e-19 4.94543e-19 2.85379e-19 1.64556e-19 9.4818e-20 5.45954e-20 3.14135e-20 1.80625e-20 1.03788e-20 5.95973e-21 3.42e-21 1.96132e-21 1.12408e-21 6.43846e-22 3.68557e-22 2.10848e-22 1.20554e-22 6.88885e-23 3.9343e-23 2.24568e-23 1.28113e-23
0.000527785 0.000895597 0.00112382 0.00121083 0.00118496 0.00108362 0.000941573 0.000785826 0.000634662 0.000498721 0.000382867 0.000288065 0.000212951 0.000154989 0.000111246 7.8856e-05 5.52677e-05 3.83382e-05 2.63448e-05 1.7947e-05 1.21285e-05 8.1358e-06 5.41991e-06 3.58745e-06 2.36027e-06 1.54412e-06 1.00483e-06 6.50614e-07 4.19277e-07 2.68988e-07 1.71839e-07 1.09335e-07 6.93e-08 4.37645e-08 2.75422e-08 1.72755e-08 1.08015e-08 6.73308e-09 4.18484e-09 2.59376e-09 1.6033e-09 9.88502e-10 6.07943e-10 3.73001e-10 2.28327e-10 1.39457e-10 8.49943e-11 5.16942e-11 3.1378e-11 1.90094e-11 1.14947e-11 6.93807e-12 4.1804e-12 2.51453e-12 1.51001e-12 9.05326e-13 5.41945e-13 3.23929e-13 1.93333e-13 1.15223e-13 6.8576e-14 4.07584e-14 2.4193e-14 1.43419e-14 8.49142e-15 5.02141e-15 2.96589e-15 1.74978e-15 1.03114e-15 6.06982e-16 3.56916e-16 2.09652e-16 1.23023e-16 7.21171e-17 4.22342e-17 2.471e-17 1.44435e-17 8.43483e-18 4.9214e-18 2.86893e-18 1.671e-18 9.72448e-19 5.65455e-19 3.28533e-19 1.90728e-19 1.1064e-19 6.41328e-20 3.71469e-20 2.15004e-20 1.24354e-20 7.18728e-21 4.15116e-21 2.39596e-21 1.38197e-21 7.96587e-22 4.58869e-22 2.64161e-22 1.51978e-22 8.73828e-23 5.02124e-23 2.88364e-23
0.000282304 0.000515489 0.000682458 0.000768775 0.000782221 0.000740824 0.000664697 0.000571502 0.000474601 0.000382867 0.000301336 0.000232164 0.000175563 0.000130588 9.57139e-05 6.92298e-05 4.94767e-05 3.49755e-05 2.44783e-05 1.69747e-05 1.16716e-05 7.96229e-06 5.39212e-06 3.62669e-06 2.42371e-06 1.61005e-06 1.06352e-06 6.98774e-07 4.56818e-07 2.97222e-07 1.92512e-07 1.24157e-07 7.97468e-08 5.10233e-08 3.25247e-08 2.06596e-08 1.30785e-08 8.25255e-09 5.19121e-09 3.25577e-09 2.03609e-09 1.26982e-09 7.89842e-10 4.90037e-10 3.03285e-10 1.87259e-10 1.15356e-10 7.09054e-11 4.349e-11 2.66196e-11 1.62609e-11 9.91394e-12 6.03299e-12 3.66462e-12 2.22207e-12 1.34506e-12 8.12836e-13 4.90413e-13 2.95419e-13 1.77685e-13 1.06713e-13 6.39961e-14 3.83247e-14 2.29197e-14 1.36885e-14 8.16465e-15 4.8637e-15 2.89372e-15 1.71957e-15 1.02064e-15 6.05091e-16 3.58328e-16 2.11964e-16 1.25249e-16 7.39318e-17 4.35954e-17 2.5681e-17 1.51132e-17 8.88547e-18 5.21909e-18 3.06273e-18 1.79567e-18 1.05187e-18 6.15628e-19 3.60002e-19 2.10343e-19 1.22799e-19 7.16332e-20 4.17533e-20 2.43182e-20 1.41528e-20 8.23055e-21 4.78297e-21 2.77751e-21 1.61178e-21 9.34666e-22 5.4164e-22 3.13671e-22 1.81532e-22 1.04991e-22 6.06838e-23
0.000151 0.000295223 0.000411063 0.000482955 0.000509867 0.000499201 0.000461762 0.00040841 0.000348269 0.000288065 0.000232164 0.000182959 0.000141379 0.000107366 8.02814e-05 5.91973e-05 4.31023e-05 3.10241e-05 2.20962e-05 1.55856e-05 1.08953e-05 7.55338e-06 5.1962e-06 3.54891e-06 2.40752e-06 1.62289e-06 1.08747e-06 7.24607e-07 4.80262e-07 3.16716e-07 2.07868e-07 1.35812e-07 8.83519e-08 5.72412e-08 3.69402e-08 2.375e-08 1.5215e-08 9.71386e-09 6.18134e-09 3.92106e-09 2.47974e-09 1.56367e-09 9.83252e-10 6.16611e-10 3.8568e-10 2.40631e-10 1.49769e-10 9.2998e-11 5.76159e-11 3.56171e-11 2.19712e-11 1.35256e-11 8.30982e-12 5.09553e-12 3.11869e-12 1.90531e-12 1.16196e-12 7.07409e-13 4.29957e-13 2.609e-13 1.58065e-13 9.5616e-14 5.7753e-14 3.48325e-14 2.09786e-14 1.26173e-14 7.57824e-15 4.54566e-15 2.72312e-15 1.62926e-15 9.73597e-16 5.81096e-16 3.46423e-16 2.06285e-16 1.22699e-16 7.29021e-17 4.32686e-17 2.56536e-17 1.51942e-17 8.99025e-18 5.31419e-18 3.13821e-18 1.85147e-18 1.09131e-18 6.42669e-19 3.78127e-19 2.22285e-19 1.30559e-19 7.662e-20 4.4928e-20 2.63233e-20 1.54106e-20 9.01485e-21 5.26944e-21 3.07782e-21 1.79639e-21 1.04772e-21 6.10626e-22 3.55633e-22 2.0698e-22 1.20382e-22
8.07673e-05 0.000168338 0.000245837 0.000300602 0.000328686 0.000332161 0.00031631 0.00028742 0.000251378 0.000212951 0.000175563 0.000141379 0.000111533 8.64006e-05 6.58527e-05 4.94629e-05 3.66634e-05 2.685e-05 1.94471e-05 1.39426e-05 9.90268e-06 6.97225e-06 4.86932e-06 3.37499e-06 2.32271e-06 1.58791e-06 1.07878e-06 7.2858e-07 4.89321e-07 3.269e-07 2.17299e-07 1.43757e-07 9.46748e-08 6.20815e-08 4.05414e-08 2.63709e-08 1.70889e-08 1.10341e-08 7.09996e-09 4.55336e-09 2.91087e-09 1.85515e-09 1.17884e-09 7.46951e-10 4.71996e-10 2.97464e-10 1.86991e-10 1.17256e-10 7.33517e-11 4.57806e-11 2.8509e-11 1.7715e-11 1.09846e-11 6.79746e-12 4.19805e-12 2.58771e-12 1.59211e-12 9.77781e-13 5.9944e-13 3.66864e-13 2.2415e-13 1.36731e-13 8.32739e-14 5.06384e-14 3.07467e-14 1.86415e-14 1.12861e-14 6.82334e-15 4.11965e-15 2.48397e-15 1.49578e-15 8.99579e-16 5.40345e-16 3.24172e-16 1.94252e-16 1.16266e-16 6.95096e-17 4.15103e-17 2.47624e-17 1.4756e-17 8.78397e-18 5.22359e-18 3.10322e-18 1.84174e-18 1.09201e-18 6.46868e-19 3.82827e-19 2.26357e-19 1.33721e-19 7.89268e-20 4.65454e-20 2.7426e-20 1.61469e-20 9.49867e-21 5.58328e-21 3.27925e-21 1.92454e-21 1.12862e-21 6.61373e-22 3.87281e-22 2.26618e-22
4.32011e-05 9.56191e-05 0.000146103 0.000185579 0.000209829 0.000218564 0.000214003 0.000199551 0.000178813 0.000154989 0.000130588 0.000107366 8.64006e-05 6.82214e-05 5.29617e-05 4.04925e-05 3.0534e-05 2.27363e-05 1.67357e-05 1.21885e-05 8.79012e-06 6.28175e-06 4.45127e-06 3.1293e-06 2.18368e-06 1.51324e-06 1.04179e-06 7.12803e-07 4.84866e-07 3.27998e-07 2.2072e-07 1.4779e-07 9.84894e-08 6.53385e-08 4.31593e-08 2.83915e-08 1.86032e-08 1.21435e-08 7.89817e-09 5.11914e-09 3.30686e-09 2.1293e-09 1.36683e-09 8.74769e-10 5.58244e-10 3.55262e-10 2.25481e-10 1.4274e-10 9.01345e-11 5.67785e-11 3.56827e-11 2.23739e-11 1.39981e-11 8.73909e-12 5.44454e-12 3.38517e-12 2.10063e-12 1.30104e-12 8.04318e-13 4.96343e-13 3.05756e-13 1.8803e-13 1.1544e-13 7.07587e-14 4.3303e-14 2.64598e-14 1.61437e-14 9.83517e-15 5.98327e-15 3.63486e-15 2.20517e-15 1.33604e-15 8.08401e-16 4.88518e-16 2.94844e-16 1.77736e-16 1.07013e-16 6.43563e-17 3.86588e-17 2.31962e-17 1.3903e-17 8.32405e-18 4.97853e-18 2.97453e-18 1.77539e-18 1.05862e-18 6.30609e-19 3.75288e-19 2.23132e-19 1.32544e-19 7.86615e-20 4.66422e-20 2.76323e-20 1.63562e-20 9.6735e-21 5.71642e-21 3.37529e-21 1.99137e-21 1.17395e-21 6.91533e-22 4.07048e-22
2.31076e-05 5.41286e-05 8.63475e-05 0.000113739 0.000132793 0.000142394 0.000143193 0.000136881 0.000125549 0.000111246 9.57139e-05 8.02814e-05 6.58527e-05 5.29617e-05 4.18498e-05 3.25488e-05 2.49535e-05 1.88814e-05 1.41163e-05 1.04377e-05 7.63924e-06 5.53831e-06 3.97987e-06 2.83647e-06 2.00602e-06 1.40845e-06 9.82158e-07 6.80496e-07 4.68626e-07 3.20866e-07 2.18496e-07 1.48016e-07 9.97751e-08 6.69404e-08 4.47094e-08 2.97332e-08 1.96922e-08 1.29908e-08 8.53753e-09 5.59051e-09 3.648e-09 2.37246e-09 1.53794e-09 9.93862e-10 6.40336e-10 4.11368e-10 2.63534e-10 1.68371e-10 1.0729e-10 6.81947e-11 4.32391e-11 2.73507e-11 1.72608e-11 1.08688e-11 6.82898e-12 4.2817e-12 2.67908e-12 1.67298e-12 1.04269e-12 6.48634e-13 4.02761e-13 2.49643e-13 1.54467e-13 9.54143e-14 5.88402e-14 3.62271e-14 2.22694e-14 1.36684e-14 8.37672e-15 5.12619e-15 3.13252e-15 1.91154e-15 1.16488e-15 7.0892e-16 4.30869e-16 2.6154e-16 1.58557e-16 9.60066e-17 5.80624e-17 3.50734e-17 2.11622e-17 1.27542e-17 7.67829e-18 4.61748e-18 2.77385e-18 1.66459e-18 9.97903e-19 5.9763e-19 3.5756e-19 2.1372e-19 1.27623e-19 7.61387e-20 4.53822e-20 2.70255e-20 1.60798e-20 9.55888e-21 5.67758e-21 3.36942e-21 1.99797e-21 1.18378e-21 7.00816e-22
1.23599e-05 3.05483e-05 5.07776e-05 6.92561e-05 8.33869e-05 9.19449e-05 9.48665e-05 9.28792e-05 8.7125e-05 7.8856e-05 6.92298e-05 5.91973e-05 4.94629e-05 4.04925e-05 3.25488e-05 2.57365e-05 2.00488e-05 1.54072e-05 1.16936e-05 8.77389e-06 6.51371e-06 4.7884e-06 3.48797e-06 2.51905e-06 1.80475e-06 1.2833e-06 9.06068e-07 6.3546e-07 4.42862e-07 3.06795e-07 2.11329e-07 1.44785e-07 9.86859e-08 6.69356e-08 4.51883e-08 3.03705e-08 2.03245e-08 1.35458e-08 8.99247e-09 5.94721e-09 3.91895e-09 2.57341e-09 1.68418e-09 1.09864e-09 7.14444e-10 4.632e-10 2.99434e-10 1.93024e-10 1.2409e-10 7.95636e-11 5.08841e-11 3.24619e-11 2.06597e-11 1.31177e-11 8.31022e-12 5.25305e-12 3.31347e-12 2.0857e-12 1.31022e-12 8.21454e-13 5.14033e-13 3.21062e-13 2.0017e-13 1.24578e-13 7.73985e-14 4.80058e-14 2.97263e-14 1.83778e-14 1.13439e-14 6.99152e-15 4.30259e-15 2.64396e-15 1.6224e-15 9.94161e-16 6.08361e-16 3.7178e-16 2.26904e-16 1.38306e-16 8.41971e-17 5.1194e-17 3.10898e-17 1.88584e-17 1.14259e-17 6.91482e-18 4.18013e-18 2.52421e-18 1.52264e-18 9.17511e-19 5.52305e-19 3.32129e-19 1.99528e-19 1.1975e-19 7.18015e-20 4.30112e-20 2.57412e-20 1.53915e-20 9.19483e-21 5.48815e-21 3.2729e-21 1.95016e-21 1.16104e-21
6.61109e-06 1.71934e-05 2.97263e-05 4.19233e-05 5.1995e-05 5.88928e-05 6.22876e-05 6.24064e-05 5.98233e-05 5.52677e-05 4.94767e-05 4.31023e-05 3.66634e-05 3.0534e-05 2.49535e-05 2.00488e-05 1.58617e-05 1.23739e-05 9.52931e-06 7.25209e-06 5.45882e-06 4.06733e-06 3.00193e-06 2.19605e-06 1.59323e-06 1.14691e-06 8.19574e-07 5.81621e-07 4.10059e-07 2.87314e-07 2.00129e-07 1.38622e-07 9.5508e-08 6.54696e-08 4.46614e-08 3.03257e-08 2.05003e-08 1.37995e-08 9.25106e-09 6.17758e-09 4.10969e-09 2.72411e-09 1.79939e-09 1.18457e-09 7.77304e-10 5.08462e-10 3.31598e-10 2.15622e-10 1.39812e-10 9.04081e-11 5.83064e-11 3.75066e-11 2.40666e-11 1.54053e-11 9.83799e-12 6.2683e-12 3.98501e-12 2.52797e-12 1.6003e-12 1.01099e-12 6.3742e-13 4.01111e-13 2.51932e-13 1.57944e-13 9.88424e-14 6.17481e-14 3.8509e-14 2.3976e-14 1.49033e-14 9.24911e-15 5.73114e-15 3.54587e-15 2.19058e-15 1.35134e-15 8.32439e-16 5.12078e-16 3.14578e-16 1.92993e-16 1.18247e-16 7.23568e-17 4.42207e-17 2.69923e-17 1.64562e-17 1.00209e-17 6.09511e-18 3.70308e-18 2.24729e-18 1.36233e-18 8.24969e-19 4.99041e-19 3.01568e-19 1.8205e-19 1.09791e-19 6.61474e-20 3.98145e-20 2.39419e-20 1.43837e-20 8.6335e-21 5.17739e-21 3.10206e-21 1.857e-21
3.53616e-06 9.65301e-06 1.73317e-05 2.52427e-05 3.22142e-05 3.74466e-05 4.05641e-05 4.15583e-05 4.06827e-05 3.83382e-05 3.49755e-05 3.10241e-05 2.685e-05 2.27363e-05 1.88814e-05 1.54072e-05 1.23739e-05 9.79451e-06 7.65037e-06 5.90284e-06 4.50317e-06 3.39944e-06 2.54121e-06 1.88235e-06 1.3824e-06 1.00709e-06 7.28127e-07 5.22682e-07 3.72673e-07 2.64017e-07 1.85906e-07 1.30148e-07 9.06134e-08 6.27572e-08 4.32469e-08 2.96594e-08 2.02477e-08 1.37619e-08 9.31421e-09 6.27845e-09 4.21566e-09 2.82e-09 1.87959e-09 1.24843e-09 8.26434e-10 5.45308e-10 3.58686e-10 2.35218e-10 1.53799e-10 1.00277e-10 6.52017e-11 4.22822e-11 2.73484e-11 1.76449e-11 1.13566e-11 7.29201e-12 4.67142e-12 2.98593e-12 1.90443e-12 1.21208e-12 7.69841e-13 4.87977e-13 3.08708e-13 1.94925e-13 1.22851e-13 7.72864e-14 4.85353e-14 3.04271e-14 1.90427e-14 1.18982e-14 7.42223e-15 4.62277e-15 2.87475e-15 1.78502e-15 1.10674e-15 6.85208e-16 4.23628e-16 2.61544e-16 1.61257e-16 9.92918e-17 6.10582e-17 3.7499e-17 2.30014e-17 1.40914e-17 8.6225e-18 5.26987e-18 3.21709e-18 1.9617e-18 1.19487e-18 7.26991e-19 4.41847e-19 2.6826e-19 1.62701e-19 9.85783e-20 5.96674e-20 3.60799e-20 2.17958e-20 1.31543e-20 7.9315e-21 4.77797e-21 2.87567e-21
1.89144e-06 5.40745e-06 1.00677e-05 1.51253e-05 1.98424e-05 2.36512e-05 2.62203e-05 2.74496e-05 2.7423e-05 2.63448e-05 2.44783e-05 2.20962e-05 1.94471e-05 1.67357e-05 1.41163e-05 1.16936e-05 9.52931e-06 7.65037e-06 6.05832e-06 4.73739e-06 3.66147e-06 2.7994e-06 2.11879e-06 1.5886e-06 1.18059e-06 8.70118e-07 6.36296e-07 4.61886e-07 3.32949e-07 2.38422e-07 1.69664e-07 1.20016e-07 8.44145e-08 5.9053e-08 4.10977e-08 2.84605e-08 1.9616e-08 1.34587e-08 9.19397e-09 6.25439e-09 4.23758e-09 2.86002e-09 1.92309e-09 1.28845e-09 8.60255e-10 5.72443e-10 3.79692e-10 2.51056e-10 1.65498e-10 1.08779e-10 7.1295e-11 4.65992e-11 3.03764e-11 1.97501e-11 1.28088e-11 8.28676e-12 5.34846e-12 3.44404e-12 2.21274e-12 1.41854e-12 9.07461e-13 5.79311e-13 3.69076e-13 2.34673e-13 1.48927e-13 9.43343e-14 5.96444e-14 3.76436e-14 2.37167e-14 1.49168e-14 9.3664e-15 5.87165e-15 3.67498e-15 2.29653e-15 1.43293e-15 8.92752e-16 5.55392e-16 3.45022e-16 2.14034e-16 1.32594e-16 8.2031e-17 5.06826e-17 3.12735e-17 1.92728e-17 1.18623e-17 7.29229e-18 4.47752e-18 2.746e-18 1.68214e-18 1.02927e-18 6.2909e-19 3.84079e-19 2.34241e-19 1.42707e-19 8.68511e-20 5.28036e-20 3.20712e-20 1.94598e-20 1.17962e-20 7.14378e-21 4.32222e-21
1.0117e-06 3.02298e-06 5.82837e-06 9.02268e-06 1.21567e-05 1.48464e-05 1.68327e-05 1.7995e-05 1.83357e-05 1.7947e-05 1.69747e-05 1.55856e-05 1.39426e-05 1.21885e-05 1.04377e-05 8.77389e-06 7.25209e-06 5.90284e-06 4.73739e-06 3.75301e-06 2.93768e-06 2.27398e-06 1.74204e-06 1.32164e-06 9.93613e-07 7.40644e-07 5.47652e-07 4.01883e-07 2.92802e-07 2.1188e-07 1.52334e-07 1.08852e-07 7.73267e-08 5.46259e-08 3.83841e-08 2.68342e-08 1.86684e-08 1.29268e-08 8.91096e-09 6.11623e-09 4.18063e-09 2.8462e-09 1.93028e-09 1.30426e-09 8.78117e-10 5.89171e-10 3.93986e-10 2.62614e-10 1.74501e-10 1.15602e-10 7.63587e-11 5.02943e-11 3.30356e-11 2.16413e-11 1.41402e-11 9.2158e-12 5.99162e-12 3.88615e-12 2.5147e-12 1.62357e-12 1.04593e-12 6.72359e-13 4.31313e-13 2.7612e-13 1.76418e-13 1.12498e-13 7.16016e-14 4.54882e-14 2.88464e-14 1.82608e-14 1.15398e-14 7.2802e-15 4.58536e-15 2.88339e-15 1.81029e-15 1.13481e-15 7.10298e-16 4.43931e-16 2.77051e-16 1.72658e-16 1.07451e-16 6.67791e-17 4.14466e-17 2.56902e-17 1.59032e-17 9.83231e-18 6.07138e-18 3.74447e-18 2.30661e-18 1.41922e-18 8.72212e-19 5.35432e-19 3.28325e-19 2.01107e-19 1.23051e-19 7.52116e-20 4.59233e-20 2.80116e-20 1.7069e-20 1.03908e-20 6.31925e-21
5.41141e-07 1.68681e-06 3.36364e-06 5.36025e-06 7.41123e-06 9.26678e-06 1.07379e-05 1.17154e-05 1.21682e-05 1.21285e-05 1.16716e-05 1.08953e-05 9.90268e-06 8.79012e-06 7.63924e-06 6.51371e-06 5.45882e-06 4.50317e-06 3.66147e-06 2.93768e-06 2.32808e-06 1.82397e-06 1.41386e-06 1.08508e-06 8.2501e-07 6.21788e-07 4.64765e-07 3.44693e-07 2.53761e-07 1.85514e-07 1.34723e-07 9.72214e-08 6.97377e-08 4.97371e-08 3.52786e-08 2.48922e-08 1.74757e-08 1.221e-08 8.49164e-09 5.87948e-09 4.05352e-09 2.78318e-09 1.90341e-09 1.29678e-09 8.80241e-10 5.95378e-10 4.01321e-10 2.69617e-10 1.80554e-10 1.20535e-10 8.0225e-11 5.32397e-11 3.52313e-11 2.32502e-11 1.53025e-11 1.00454e-11 6.57776e-12 4.29655e-12 2.79978e-12 1.82019e-12 1.18066e-12 7.64139e-13 4.93499e-13 3.18045e-13 2.04551e-13 1.31294e-13 8.41091e-14 5.37791e-14 3.43222e-14 2.1865e-14 1.39043e-14 8.82666e-15 5.59377e-15 3.53909e-15 2.23549e-15 1.40981e-15 8.87712e-16 5.58111e-16 3.50364e-16 2.19625e-16 1.37474e-16 8.59302e-17 5.3638e-17 3.34358e-17 2.08148e-17 1.2941e-17 8.03541e-18 4.98313e-18 3.08646e-18 1.90939e-18 1.1798e-18 7.28147e-19 4.48879e-19 2.76407e-19 1.70016e-19 1.04461e-19 6.41141e-20 3.93094e-20 2.40762e-20 1.47312e-20 9.00431e-21
2.89448e-07 9.39619e-07 1.93564e-06 3.1724e-06 4.49762e-06 5.75382e-06 6.80988e-06 7.57831e-06 8.01937e-06 8.1358e-06 7.96229e-06 7.55338e-06 6.97225e-06 6.28175e-06 5.53831e-06 4.7884e-06 4.06733e-06 3.39944e-06 2.7994e-06 2.27398e-06 1.82397e-06 1.44594e-06 1.13378e-06 8.79969e-07 6.76459e-07 5.15351e-07 3.89295e-07 2.91726e-07 2.1696e-07 1.602e-07 1.17486e-07 8.56029e-08 6.19882e-08 4.46241e-08 3.19437e-08 2.27437e-08 1.61101e-08 1.13551e-08 7.9656e-09 5.56248e-09 3.86736e-09 2.67749e-09 1.84619e-09 1.268e-09 8.67608e-10 5.91479e-10 4.01812e-10 2.72033e-10 1.83564e-10 1.2347e-10 8.27922e-11 5.53492e-11 3.68949e-11 2.4524e-11 1.62563e-11 1.07471e-11 7.08653e-12 4.66099e-12 3.05812e-12 2.00166e-12 1.30712e-12 8.5163e-13 5.53639e-13 3.5914e-13 2.3248e-13 1.50181e-13 9.6822e-14 6.2299e-14 4.00089e-14 2.5646e-14 1.64092e-14 1.04805e-14 6.68211e-15 4.25308e-15 2.7025e-15 1.71442e-15 1.08585e-15 6.86659e-16 4.33554e-16 2.73332e-16 1.72066e-16 1.0816e-16 6.7893e-17 4.25575e-17 2.66399e-17 1.66535e-17 1.0397e-17 6.48257e-18 4.03678e-18 2.51062e-18 1.55953e-18 9.67578e-19 5.99603e-19 3.71139e-19 2.29463e-19 1.4171e-19 8.74199e-20 5.38701e-20 3.31605e-20 2.03909e-20 1.25258e-20
1.54821e-07 5.22576e-07 1.11092e-06 1.87097e-06 2.71792e-06 3.55523e-06 4.29532e-06 4.87299e-06 5.25112e-06 5.41991e-06 5.39212e-06 5.1962e-06 4.86932e-06 4.45127e-06 3.97987e-06 3.48797e-06 3.00193e-06 2.54121e-06 2.11879e-06 1.74204e-06 1.41386e-06 1.13378e-06 8.99056e-07 7.05495e-07 5.48196e-07 4.22055e-07 3.22126e-07 2.43847e-07 1.83161e-07 1.3657e-07 1.0112e-07 7.4376e-08 5.43597e-08 3.94909e-08 2.8524e-08 2.04892e-08 1.46401e-08 1.04078e-08 7.36314e-09 5.18485e-09 3.63459e-09 2.53686e-09 1.7633e-09 1.2207e-09 8.41792e-10 5.78327e-10 3.95885e-10 2.7005e-10 1.83588e-10 1.244e-10 8.40256e-11 5.658e-11 3.79852e-11 2.54275e-11 1.69733e-11 1.12989e-11 7.50152e-12 4.96746e-12 3.28113e-12 2.16194e-12 1.4211e-12 9.31951e-13 6.09779e-13 3.98097e-13 2.59338e-13 1.68588e-13 1.09368e-13 7.08075e-14 4.57525e-14 2.95063e-14 1.89933e-14 1.22036e-14 7.82696e-15 5.01113e-15 3.20281e-15 2.04359e-15 1.30179e-15 8.27915e-16 5.25707e-16 3.33294e-16 2.10985e-16 1.3336e-16 8.4172e-17 5.305e-17 3.33881e-17 2.09845e-17 1.3171e-17 8.2558e-18 5.16812e-18 3.23109e-18 2.01752e-18 1.2582e-18 7.83704e-19 4.87569e-19 3.02977e-19 1.88053e-19 1.16589e-19 7.22022e-20 4.46648e-20 2.76001e-20 1.7037e-20
8.28111e-08 2.90209e-07 6.36022e-07 1.09983e-06 1.63598e-06 2.18679e-06 2.69555e-06 3.11603e-06 3.41781e-06 3.58745e-06 3.62669e-06 3.54891e-06 3.37499e-06 3.1293e-06 2.83647e-06 2.51905e-06 2.19605e-06 1.88235e-06 1.5886e-06 1.32164e-06 1.08508e-06 8.79969e-07 7.05495e-07 5.59584e-07 4.39413e-07 3.41804e-07 2.63523e-07 2.01469e-07 1.52808e-07 1.1503e-07 8.5974e-08 6.38215e-08 4.70706e-08 3.45021e-08 2.51405e-08 1.82157e-08 1.3127e-08 9.41093e-09 6.71326e-09 4.766e-09 3.36802e-09 2.36957e-09 1.66e-09 1.15813e-09 8.04787e-10 5.57102e-10 3.84217e-10 2.64034e-10 1.80814e-10 1.23408e-10 8.39529e-11 5.69319e-11 3.84894e-11 2.59438e-11 1.74369e-11 1.16864e-11 7.81099e-12 5.20685e-12 3.46194e-12 2.29599e-12 1.51898e-12 1.00253e-12 6.60126e-13 4.3368e-13 2.84281e-13 1.85945e-13 1.21368e-13 7.90542e-14 5.1389e-14 3.33395e-14 2.15879e-14 1.39522e-14 9.00064e-15 5.7959e-15 3.72564e-15 2.39073e-15 1.53153e-15 9.79487e-16 6.25412e-16 3.98697e-16 2.5377e-16 1.61278e-16 1.02342e-16 6.48482e-17 4.1031e-17 2.59245e-17 1.63571e-17 1.03064e-17 6.48522e-18 4.07541e-18 2.55773e-18 1.6032e-18 1.00363e-18 6.27524e-19 3.91888e-19 2.44443e-19 1.52295e-19 9.47753e-20 5.89135e-20 3.65806e-20 2.26889e-20
4.42943e-08 1.60947e-07 3.63299e-07 6.44564e-07 9.81116e-07 1.33939e-06 1.6836e-06 1.9822e-06 2.21208e-06 2.36027e-06 2.42371e-06 2.40752e-06 2.32271e-06 2.18368e-06 2.00602e-06 1.80475e-06 1.59323e-06 1.3824e-06 1.18059e-06 9.93613e-07 8.2501e-07 6.76459e-07 5.48196e-07 4.39413e-07 3.48617e-07 2.73925e-07 2.13287e-07 1.64651e-07 1.26077e-07 9.57985e-08 7.2261e-08 5.41285e-08 4.02779e-08 2.97824e-08 2.1889e-08 1.59949e-08 1.16233e-08 8.40176e-09 6.04223e-09 4.3241e-09 3.07998e-09 2.18388e-09 1.54174e-09 1.08383e-09 7.58828e-10 5.29198e-10 3.67657e-10 2.54491e-10 1.75531e-10 1.20654e-10 8.26563e-11 5.64423e-11 3.84209e-11 2.60739e-11 1.76423e-11 1.1903e-11 8.00825e-12 5.37324e-12 3.5957e-12 2.39999e-12 1.59787e-12 1.06123e-12 7.03136e-13 4.6479e-13 3.0654e-13 2.01722e-13 1.32458e-13 8.67926e-14 5.67531e-14 3.70356e-14 2.41207e-14 1.56791e-14 1.01726e-14 6.5878e-15 4.25855e-15 2.74798e-15 1.77015e-15 1.13833e-15 7.30811e-16 4.68416e-16 2.99752e-16 1.91519e-16 1.22178e-16 7.78248e-17 4.94994e-17 3.14376e-17 1.99379e-17 1.26271e-17 7.98594e-18 5.04386e-18 3.18144e-18 2.00409e-18 1.26083e-18 7.92219e-19 4.97161e-19 3.11616e-19 1.95085e-19 1.21987e-19 7.61908e-20 4.7533e-20 2.96211e-20
2.36923e-08 8.9147e-08 2.07074e-07 3.76677e-07 5.86365e-07 8.17113e-07 1.04689e-06 1.2548e-06 1.42416e-06 1.54412e-06 1.61005e-06 1.62289e-06 1.58791e-06 1.51324e-06 1.40845e-06 1.2833e-06 1.14691e-06 1.00709e-06 8.70118e-07 7.40644e-07 6.21788e-07 5.15351e-07 4.22055e-07 3.41804e-07 2.73925e-07 2.17372e-07 1.70899e-07 1.33189e-07 1.02941e-07 7.89388e-08 6.00822e-08 4.54059e-08 3.40828e-08 2.54185e-08 1.884e-08 1.38818e-08 1.01707e-08 7.41141e-09 5.37261e-09 3.8752e-09 2.78171e-09 1.98753e-09 1.41376e-09 1.0013e-09 7.06229e-10 4.96114e-10 3.4716e-10 2.42016e-10 1.68105e-10 1.16355e-10 8.02611e-11 5.51807e-11 3.78157e-11 2.58346e-11 1.7596e-11 1.19494e-11 8.09162e-12 5.46402e-12 3.67969e-12 2.47151e-12 1.65575e-12 1.10647e-12 7.37597e-13 4.90528e-13 3.25461e-13 2.1545e-13 1.42308e-13 9.37937e-14 6.16875e-14 4.04877e-14 2.65198e-14 1.73363e-14 1.13111e-14 7.36595e-15 4.78794e-15 3.10656e-15 2.01205e-15 1.3009e-15 8.39663e-16 5.41054e-16 3.48069e-16 2.23558e-16 1.43361e-16 9.17913e-17 5.8683e-17 3.74607e-17 2.38784e-17 1.51988e-17 9.66057e-18 6.13189e-18 3.88683e-18 2.46046e-18 1.55548e-18 9.82098e-19 6.19288e-19 3.90022e-19 2.45331e-19 1.54131e-19 9.67193e-20 6.06217e-20 3.79528e-20
1.26726e-08 4.93195e-08 1.17792e-07 2.1954e-07 3.49311e-07 4.96637e-07 6.4826e-07 7.907e-07 9.12349e-07 1.00483e-06 1.06352e-06 1.08747e-06 1.07878e-06 1.04179e-06 9.82158e-07 9.06068e-07 8.19574e-07 7.28127e-07 6.36296e-07 5.47652e-07 4.64765e-07 3.89295e-07 3.22126e-07 2.63523e-07 2.13287e-07 1.70899e-07 1.35644e-07 1.06702e-07 8.32274e-08 6.43977e-08 4.94494e-08 3.76963e-08 2.85385e-08 2.14634e-08 1.60408e-08 1.19161e-08 8.80097e-09 6.46427e-09 4.72278e-09 3.43285e-09 2.48299e-09 1.78747e-09 1.28091e-09 9.13873e-10 6.49244e-10 4.59353e-10 3.23714e-10 2.27252e-10 1.58943e-10 1.10767e-10 7.69239e-11 5.32407e-11 3.67282e-11 2.52563e-11 1.73138e-11 1.18334e-11 8.06406e-12 5.47974e-12 3.71332e-12 2.50952e-12 1.69152e-12 1.13723e-12 7.62668e-13 5.10226e-13 3.40531e-13 2.26747e-13 1.5064e-13 9.98571e-14 6.60506e-14 4.35969e-14 2.87168e-14 1.88772e-14 1.23845e-14 8.10926e-15 5.29979e-15 3.45724e-15 2.25119e-15 1.46326e-15 9.49447e-16 6.15004e-16 3.97701e-16 2.56757e-16 1.65495e-16 1.06503e-16 6.8433e-17 4.39043e-17 2.81253e-17 1.79908e-17 1.14915e-17 7.32974e-18 4.66869e-18 2.96967e-18 1.88641e-18 1.19672e-18 7.58196e-19 4.79753e-19 3.03185e-19 1.91364e-19 1.20638e-19 7.59611e-20 4.77734e-20
6.77838e-09 2.72554e-08 6.68792e-08 1.27635e-07 2.07462e-07 3.00796e-07 3.99845e-07 4.96104e-07 5.81745e-07 6.50614e-07 6.98774e-07 7.24607e-07 7.2858e-07 7.12803e-07 6.80496e-07 6.3546e-07 5.81621e-07 5.22682e-07 4.61886e-07 4.01883e-07 3.44693e-07 2.91726e-07 2.43847e-07 2.01469e-07 1.64651e-07 1.33189e-07 1.06702e-07 8.47064e-08 6.66664e-08 5.20403e-08 4.03083e-08 3.09909e-08 2.36597e-08 1.79416e-08 1.35182e-08 1.01229e-08 7.53579e-09 5.57824e-09 4.10684e-09 3.00782e-09 2.19188e-09 1.58958e-09 1.14742e-09 8.24546e-10 5.89959e-10 4.20348e-10 2.98288e-10 2.10844e-10 1.4847e-10 1.04164e-10 7.28204e-11 5.07324e-11 3.52259e-11 2.43794e-11 1.68194e-11 1.15681e-11 7.93261e-12 5.42382e-12 3.69798e-12 2.51435e-12 1.70498e-12 1.15313e-12 7.77902e-13 5.23469e-13 3.514e-13 2.35332e-13 1.57237e-13 1.04821e-13 6.97232e-14 4.62774e-14 3.06509e-14 2.02591e-14 1.33634e-14 8.79744e-15 5.78034e-15 3.79077e-15 2.48138e-15 1.62132e-15 1.05748e-15 6.88515e-16 4.47519e-16 2.90388e-16 1.88118e-16 1.21669e-16 7.8567e-17 5.06551e-17 3.26094e-17 2.09609e-17 1.34535e-17 8.62251e-18 5.5184e-18 3.52683e-18 2.25092e-18 1.43466e-18 9.13186e-19 5.80501e-19 3.68543e-19 2.33682e-19 1.47987e-19 9.36025e-20 5.9133e-20
3.62565e-09 1.50466e-08 3.79053e-08 7.40295e-08 1.22863e-07 1.81581e-07 2.4571e-07 3.10002e-07 3.69306e-07 4.19277e-07 4.56818e-07 4.80262e-07 4.89321e-07 4.84866e-07 4.68626e-07 4.42862e-07 4.10059e-07 3.72673e-07 3.32949e-07 2.92802e-07 2.53761e-07 2.1696e-07 1.83161e-07 1.52808e-07 1.26077e-07 1.02941e-07 8.32274e-08 6.66664e-08 5.29328e-08 4.16791e-08 3.25589e-08 2.52432e-08 1.94311e-08 1.48549e-08 1.12823e-08 8.51528e-09 6.38838e-09 4.76518e-09 3.5348e-09 2.60819e-09 1.91466e-09 1.39863e-09 1.01684e-09 7.35891e-10 5.30216e-10 3.80396e-10 2.71785e-10 1.9341e-10 1.37104e-10 9.68267e-11 6.81336e-11 4.77745e-11 3.33846e-11 2.32516e-11 1.6142e-11 1.11712e-11 7.70757e-12 5.30207e-12 3.63679e-12 2.48754e-12 1.6968e-12 1.15433e-12 7.83243e-13 5.30103e-13 3.57887e-13 2.41036e-13 1.61953e-13 1.08566e-13 7.26137e-14 4.84602e-14 3.22712e-14 2.14451e-14 1.42215e-14 9.41204e-15 6.21676e-15 4.09829e-15 2.69661e-15 1.77103e-15 1.16103e-15 7.59777e-16 4.96327e-16 3.23672e-16 2.10722e-16 1.36961e-16 8.88755e-17 5.75805e-17 3.72469e-17 2.40568e-17 1.55143e-17 9.99044e-18 6.42399e-18 4.12482e-18 2.64481e-18 1.6935e-18 1.0829e-18 6.91526e-19 4.41022e-19 2.80899e-19 1.78686e-19 1.13523e-19 7.20356e-20
1.9393e-09 8.29855e-09 2.1448e-08 4.28423e-08 7.25658e-08 1.09273e-07 1.50464e-07 1.92967e-07 2.33468e-07 2.68988e-07 2.97222e-07 3.16716e-07 3.269e-07 3.27998e-07 3.20866e-07 3.06795e-07 2.87314e-07 2.64017e-07 2.38422e-07 2.1188e-07 1.85514e-07 1.602e-07 1.3657e-07 1.1503e-07 9.57985e-08 7.89388e-08 6.43977e-08 5.20403e-08 4.16791e-08 3.30984e-08 2.6073e-08 2.03816e-08 1.58164e-08 1.21882e-08 9.32988e-09 7.09638e-09 5.36462e-09 4.03173e-09 3.01297e-09 2.23948e-09 1.6559e-09 1.21826e-09 8.9196e-10 6.50015e-10 4.71568e-10 3.40624e-10 2.45006e-10 1.75513e-10 1.25236e-10 8.90207e-11 6.3044e-11 4.44873e-11 3.12834e-11 2.19241e-11 1.53144e-11 1.06632e-11 7.40165e-12 5.12216e-12 3.53426e-12 2.43163e-12 1.66833e-12 1.14152e-12 7.78989e-13 5.30217e-13 3.59979e-13 2.43797e-13 1.64715e-13 1.11023e-13 7.46611e-14 5.00954e-14 3.35387e-14 2.24058e-14 1.49369e-14 9.93721e-15 6.5977e-15 4.37183e-15 2.8913e-15 1.90853e-15 1.25747e-15 8.27004e-16 5.42926e-16 3.55806e-16 2.32777e-16 1.52032e-16 9.91312e-17 6.4533e-17 4.19431e-17 2.72182e-17 1.76356e-17 1.14095e-17 7.37052e-18 4.7544e-18 3.06247e-18 1.96986e-18 1.26531e-18 8.11648e-19 5.19944e-19 3.32638e-19 2.12532e-19 1.3562e-19 8.64324e-20
1.0373e-09 4.57269e-09 1.21169e-08 2.47417e-08 4.27497e-08 6.55646e-08 9.18337e-08 1.19678e-07 1.47011e-07 1.71839e-07 1.92512e-07 2.07868e-07 2.17299e-07 2.2072e-07 2.18496e-07 2.11329e-07 2.00129e-07 1.85906e-07 1.69664e-07 1.52334e-07 1.34723e-07 1.17486e-07 1.0112e-07 8.5974e-08 7.2261e-08 6.00822e-08 4.94494e-08 4.03083e-08 3.25589e-08 2.6073e-08 2.07083e-08 1.63194e-08 1.27653e-08 9.91445e-09 7.64814e-09 5.86164e-09 4.46454e-09 3.38018e-09 2.54455e-09 1.90496e-09 1.41859e-09 1.05101e-09 7.74852e-10 5.68547e-10 4.15261e-10 3.01961e-10 2.18635e-10 1.57647e-10 1.13216e-10 8.09919e-11 5.77214e-11 4.09867e-11 2.90005e-11 2.0449e-11 1.43708e-11 1.00665e-11 7.02907e-12 4.89304e-12 3.39591e-12 2.34998e-12 1.62157e-12 1.11584e-12 7.65755e-13 5.24122e-13 3.57813e-13 2.43661e-13 1.6552e-13 1.12169e-13 7.58356e-14 5.1154e-14 3.4428e-14 2.31202e-14 1.54932e-14 1.03604e-14 6.91383e-15 4.60455e-15 3.06054e-15 2.03035e-15 1.34437e-15 8.88512e-16 5.8616e-16 3.86005e-16 2.53752e-16 1.66525e-16 1.09098e-16 7.13571e-17 4.65962e-17 3.03788e-17 1.97747e-17 1.28523e-17 8.34051e-18 5.40456e-18 3.49698e-18 2.25944e-18 1.45779e-18 9.39264e-19 6.04346e-19 3.88329e-19 2.49195e-19 1.59703e-19 1.02219e-19
5.54835e-10 2.51749e-09 6.83524e-09 1.42602e-08 2.51237e-08 3.92293e-08 5.58733e-08 7.39681e-08 9.22229e-08 1.09335e-07 1.24157e-07 1.35812e-07 1.43757e-07 1.4779e-07 1.48016e-07 1.44785e-07 1.38622e-07 1.30148e-07 1.20016e-07 1.08852e-07 9.72214e-08 8.56029e-08 7.4376e-08 6.38215e-08 5.41285e-08 4.54059e-08 3.76963e-08 3.09909e-08 2.52432e-08 2.03816e-08 1.63194e-08 1.29635e-08 1.02199e-08 7.99896e-09 6.21754e-09 4.801e-09 3.68378e-09 2.80941e-09 2.13011e-09 1.60602e-09 1.20436e-09 8.98471e-10 6.66921e-10 4.92658e-10 3.62233e-10 2.65138e-10 1.93225e-10 1.40223e-10 1.01345e-10 7.29564e-11 5.23189e-11 3.73798e-11 2.661e-11 1.88768e-11 1.33454e-11 9.40356e-12 6.60471e-12 4.62437e-12 3.22793e-12 2.24648e-12 1.55892e-12 1.07874e-12 7.44406e-13 5.12316e-13 3.51662e-13 2.40769e-13 1.64433e-13 1.12025e-13 7.61385e-14 5.16273e-14 3.49271e-14 2.35763e-14 1.58796e-14 1.06727e-14 7.15813e-15 4.79108e-15 3.20033e-15 2.13355e-15 1.41962e-15 9.42797e-16 6.24971e-16 4.13534e-16 2.73142e-16 1.80096e-16 1.18543e-16 7.78956e-17 5.11013e-17 3.34691e-17 2.18858e-17 1.42889e-17 9.31466e-18 6.06284e-18 3.94038e-18 2.5572e-18 1.65717e-18 1.07239e-18 6.93e-19 4.47218e-19 2.88217e-19 1.855e-19 1.19234e-19
2.96772e-10 1.38488e-09 3.85041e-09 8.20352e-09 1.47312e-08 2.34097e-08 3.38928e-08 4.55663e-08 5.76471e-08 6.93e-08 7.97468e-08 8.83519e-08 9.46748e-08 9.84894e-08 9.97751e-08 9.86859e-08 9.5508e-08 9.06134e-08 8.44145e-08 7.73267e-08 6.97377e-08 6.19882e-08 5.43597e-08 4.70706e-08 4.02779e-08 3.40828e-08 2.85385e-08 2.36597e-08 1.94311e-08 1.58164e-08 1.27653e-08 1.02199e-08 8.11934e-09 6.40328e-09 5.01458e-09 3.90074e-09 3.01482e-09 2.31576e-09 1.76827e-09 1.34253e-09 1.01372e-09 7.61405e-10 5.68984e-10 4.23106e-10 3.13139e-10 2.30692e-10 1.692e-10 1.23568e-10 8.98681e-11 6.50963e-11 4.6969e-11 3.37615e-11 2.41788e-11 1.72543e-11 1.22702e-11 8.69648e-12 6.1434e-12 4.32602e-12 3.03681e-12 2.12535e-12 1.48308e-12 1.03193e-12 7.16002e-13 4.95441e-13 3.41908e-13 2.3534e-13 1.61575e-13 1.10656e-13 7.55993e-14 5.15263e-14 3.50373e-14 2.37709e-14 1.60914e-14 1.08692e-14 7.3261e-15 4.92768e-15 3.30768e-15 2.21582e-15 1.48147e-15 9.88588e-16 6.58441e-16 4.37738e-16 2.90485e-16 1.92423e-16 1.27243e-16 8.39965e-17 5.53551e-17 3.64196e-17 2.39225e-17 1.56885e-17 1.02725e-17 6.71587e-18 4.38398e-18 2.8575e-18 1.85981e-18 1.20871e-18 7.84442e-19 5.08386e-19 3.29026e-19 2.12657e-19 1.37262e-19
