0.960479 0.0190758 0.000378857 7.52437e-06 1.49439e-07 2.96796e-09 5.89457e-11 1.1707e-12 2.32509e-14 4.61779e-16 9.17125e-18 1.82147e-19 3.61757e-21 7.18474e-23 1.42694e-24 2.83399e-26 5.6285e-28 1.11786e-29 2.22014e-31 4.40936e-33 8.75728e-35 1.73926e-36 3.45428e-38 6.86043e-40 1.36253e-41 2.70607e-43 5.37445e-45 1.0674e-46 2.11993e-48 4.21033e-50 8.362e-52 1.66075e-53 3.29836e-55 6.55077e-57 1.30103e-58 2.58393e-60 5.13186e-62 1.01922e-63 2.02424e-65 4.02029e-67 7.98456e-69 1.58579e-70 3.14948e-72 6.25509e-74 1.2423e-75 2.4673e-77 4.90022e-79 9.73217e-81 1.93288e-82 3.83882e-84 7.62416e-86 1.51421e-87 3.00732e-89 5.97275e-91 1.18623e-92 2.35593e-94 4.67904e-96 9.29289e-98 1.84563e-99 3.66555e-101 7.28002e-103 1.44586e-104 2.87158e-106 5.70315e-108 1.13269e-109 2.24959e-111 4.46784e-113 8.87343e-115 1.76232e-116 3.50009e-118 6.95142e-120 1.3806e-121 2.74197e-123 5.44573e-125 1.08156e-126 2.14805e-128 4.26617e-130 8.47291e-132 1.68278e-133 3.34211e-135 6.63765e-137 1.31828e-138 2.6182e-140 5.19992e-142 1.03274e-143 2.05109e-145 4.07361e-147 8.09046e-149 1.60682e-150 3.19125e-152 6.33805e-154 1.25878e-155 2.50002e-157 4.96521e-159 9.86125e-161 1.95851e-162 3.88973e-164 7.72528e-166 1.53429e-167 3.04721e-169 6.05196e-171
0.0190758 0.000565747 1.49479e-05 3.70592e-07 8.8243e-09 2.04334e-10 4.63572e-12 1.03538e-13 2.28413e-15 4.98886e-17 1.08067e-18 2.32474e-20 4.97152e-22 1.05777e-23 2.2406e-25 4.72763e-27 9.94084e-29 2.08384e-30 4.35615e-32 9.08361e-34 1.88986e-35 3.9238e-37 8.13135e-39 1.68215e-40 3.47436e-42 7.16544e-44 1.47576e-45 3.03553e-47 6.23647e-49 1.27985e-50 2.6238e-52 5.37376e-54 1.09958e-55 2.24802e-57 4.59218e-59 9.37354e-61 1.91193e-62 3.89707e-64 7.93817e-66 1.61596e-67 3.28764e-69 6.68483e-71 1.35851e-72 2.75937e-74 5.60201e-76 1.13677e-77 2.30571e-79 4.67465e-81 9.47354e-83 1.91912e-84 3.88619e-86 7.8666e-88 1.59182e-89 3.21998e-91 6.51132e-93 1.31627e-94 2.66005e-96 5.37409e-98 1.08541e-99 2.19162e-101 4.42402e-103 8.92806e-105 1.80131e-106 3.63339e-108 7.32714e-110 1.47726e-111 2.97771e-113 6.00087e-115 1.20908e-116 2.4356e-118 4.90538e-120 9.87767e-122 1.98864e-123 4.00292e-125 8.05603e-127 1.62103e-128 3.26127e-130 6.56011e-132 1.31937e-133 2.6531e-135 5.33427e-137 1.07234e-138 2.15538e-140 4.33169e-142 8.7042e-144 1.74881e-145 3.51316e-147 7.05664e-149 1.41724e-150 2.846e-152 5.71444e-154 1.14726e-155 2.30303e-157 4.62262e-159 9.27744e-161 1.86175e-162 3.73567e-164 7.49498e-166 1.50359e-167 3.01608e-169 6.04943e-171
0.000378857 1.49479e-05 4.80675e-07 1.39192e-08 3.77631e-10 9.79454e-12 2.45755e-13 6.01067e-15 1.44047e-16 3.39516e-18 7.8922e-20 1.81316e-21 4.1238e-23 9.2973e-25 2.08009e-26 4.62232e-28 1.02097e-29 2.24289e-31 4.9032e-33 1.06715e-34 2.31322e-36 4.99578e-38 1.07527e-39 2.30712e-41 4.93592e-43 1.05318e-44 2.24156e-46 4.75982e-48 1.00852e-49 2.13253e-51 4.50066e-53 9.48147e-55 1.99406e-56 4.18705e-58 8.7785e-60 1.83785e-61 3.84247e-63 8.02327e-65 1.67324e-66 3.48546e-68 7.25232e-70 1.50742e-71 3.13003e-73 6.49297e-75 1.34566e-76 2.78637e-78 5.76464e-80 1.19166e-81 2.46143e-83 5.08037e-85 1.04782e-86 2.15961e-88 4.44805e-90 9.15548e-92 1.8833e-93 3.87165e-95 7.95458e-97 1.6334e-98 3.3522e-100 6.87604e-102 1.40969e-103 2.88863e-105 5.91633e-107 1.21118e-108 2.47839e-110 5.0692e-112 1.03639e-113 2.11801e-115 4.32671e-117 8.83521e-119 1.80348e-120 3.67996e-122 7.50619e-124 1.53053e-125 3.11974e-127 6.35695e-129 1.2949e-130 2.63687e-132 5.36793e-134 1.09243e-135 2.22256e-137 4.52051e-139 9.19178e-141 1.8685e-142 3.79726e-144 7.71498e-146 1.56707e-147 3.18224e-149 6.46057e-151 1.31131e-152 2.66096e-154 5.3985e-156 1.09499e-157 2.2205e-159 4.50192e-161 9.12546e-163 1.84936e-164 3.74715e-166 7.59091e-168 1.53746e-169 3.11336e-171
7.52437e-06 3.70592e-07 1.39192e-08 4.56816e-10 1.37907e-11 3.92943e-13 1.07274e-14 2.8331e-16 7.28626e-18 1.8335e-19 4.53032e-21 1.10212e-22 2.64551e-24 6.27645e-26 1.47384e-27 3.42943e-29 7.91495e-31 1.81336e-32 4.12698e-34 9.3359e-36 2.10031e-37 4.70121e-39 1.0474e-40 2.3235e-42 5.13382e-44 1.13013e-45 2.4792e-47 5.42118e-49 1.18185e-50 2.5692e-52 5.57024e-54 1.20464e-55 2.59903e-57 5.59488e-59 1.20184e-60 2.5765e-62 5.51292e-64 1.17745e-65 2.51046e-67 5.34375e-69 1.13568e-70 2.40997e-72 5.10672e-74 1.08062e-75 2.28368e-77 4.81998e-79 1.01608e-80 2.13946e-82 4.49979e-84 9.45392e-86 1.98418e-87 4.1602e-89 8.71422e-91 1.82363e-92 3.81291e-94 7.96522e-96 1.66255e-97 3.46735e-99 7.22571e-101 1.50464e-102 3.13086e-104 6.51004e-106 1.35271e-107 2.80887e-109 5.82875e-111 1.20877e-112 2.50522e-114 5.18905e-116 1.07418e-117 2.22239e-119 4.59542e-121 9.49722e-123 1.96174e-124 4.0501e-126 8.35747e-128 1.72375e-129 3.55361e-131 7.32259e-133 1.50823e-134 3.10511e-136 6.39004e-138 1.31446e-139 2.70282e-141 5.55537e-143 1.1414e-144 2.34424e-146 4.81285e-148 9.87745e-150 2.02644e-151 4.15595e-153 8.5204e-155 1.74624e-156 3.57773e-158 7.32777e-160 1.50038e-161 3.07111e-163 6.28433e-165 1.28557e-166 2.6291e-168 5.37519e-170 1.09865e-171
1.49439e-07 8.8243e-09 3.77631e-10 1.37907e-11 4.56483e-13 1.41139e-14 4.14827e-16 1.17214e-17 3.20881e-19 8.55809e-21 2.23299e-22 5.71829e-24 1.44083e-25 3.57938e-27 8.78158e-29 2.13062e-30 5.11808e-32 1.21844e-33 2.87711e-35 6.74347e-37 1.56984e-38 3.63172e-40 8.35342e-42 1.91117e-43 4.35093e-45 9.85967e-47 2.22471e-48 4.99959e-50 1.11932e-51 2.4971e-53 5.5522e-55 1.23062e-56 2.71952e-58 5.99287e-60 1.3171e-61 2.88734e-63 6.3144e-65 1.37775e-66 2.99956e-68 6.51688e-70 1.41305e-71 3.05805e-73 6.60606e-75 1.42456e-76 3.06685e-78 6.59181e-80 1.41464e-81 3.03141e-83 6.48666e-85 1.38612e-86 2.95805e-88 6.30455e-90 1.34205e-91 2.85342e-93 6.05986e-95 1.28552e-96 2.72412e-98 5.76664e-100 1.2195e-101 2.57642e-103 5.43803e-105 1.14675e-106 2.41606e-108 5.08596e-110 1.06973e-111 2.24813e-113 4.72089e-115 9.90588e-117 2.077e-118 4.35176e-120 9.11138e-122 1.90636e-123 3.98595e-125 8.32866e-127 1.73916e-128 3.62941e-130 7.5695e-132 1.57776e-133 3.28673e-135 6.84292e-137 1.4239e-138 2.96131e-140 6.15544e-142 1.27882e-143 2.65549e-145 5.51143e-147 1.14334e-148 2.37073e-150 4.91348e-152 1.01789e-153 2.10775e-155 4.36266e-157 9.02609e-159 1.86667e-160 3.85886e-162 7.97402e-164 1.64712e-165 3.40102e-167 7.01987e-169 1.4484e-170 2.98739e-172
2.96796e-09 2.04334e-10 9.79454e-12 3.92943e-13 1.41139e-14 4.69386e-16 1.47402e-17 4.42635e-19 1.28212e-20 3.60474e-22 9.88364e-24 2.65235e-25 6.98643e-27 1.81047e-28 4.62439e-30 1.16608e-31 2.90655e-33 7.16956e-35 1.75181e-36 4.24348e-38 1.01978e-39 2.43288e-41 5.76506e-43 1.35759e-44 3.17842e-46 7.40114e-48 1.7147e-49 3.95381e-51 9.07633e-53 2.07485e-54 4.7244e-56 1.07174e-57 2.4227e-59 5.45832e-61 1.22587e-62 2.74486e-64 6.12847e-66 1.36458e-67 3.03052e-69 6.71359e-71 1.48375e-72 3.27177e-74 7.19875e-76 1.58061e-77 3.46358e-79 7.57512e-81 1.65368e-82 3.60364e-84 7.83949e-86 1.70262e-87 3.69197e-89 7.99341e-91 1.72808e-92 3.73056e-94 8.04236e-96 1.73146e-97 3.7229e-99 7.99476e-101 1.71476e-102 3.67358e-104 7.86107e-106 1.68033e-107 3.58789e-109 7.65301e-111 1.63074e-112 3.47146e-114 7.38282e-116 1.56866e-117 3.32999e-119 7.06274e-121 1.49669e-122 3.16904e-124 6.70454e-126 1.41731e-127 2.99383e-129 6.31917e-131 1.33283e-132 2.80915e-134 5.91658e-136 1.24529e-137 2.61925e-139 5.50556e-141 1.15651e-142 2.42785e-144 5.09369e-146 1.06803e-147 2.23809e-149 4.68733e-151 9.81138e-153 2.05256e-154 4.2917e-156 8.96879e-158 1.87333e-159 3.91089e-161 8.16061e-163 1.702e-164 3.54803e-166 7.3929e-168 1.53972e-169 3.20535e-171 6.66988e-173
5.89457e-11 4.63572e-12 2.45755e-13 1.07274e-14 4.14827e-16 1.47402e-17 4.91685e-19 1.56101e-20 4.76198e-22 1.40543e-23 4.03377e-25 1.13037e-26 3.10242e-28 8.36097e-30 2.21713e-31 5.795e-33 1.49513e-34 3.81242e-36 9.61799e-38 2.40285e-39 5.94945e-41 1.46097e-42 3.56031e-44 8.61503e-46 2.07092e-47 4.94764e-49 1.17526e-50 2.77669e-52 6.52708e-54 1.52699e-55 3.55632e-57 8.24738e-59 1.90494e-60 4.38319e-62 1.0049e-63 2.29594e-65 5.22844e-67 1.18693e-68 2.68647e-70 6.06318e-72 1.36469e-73 3.06361e-75 6.86033e-77 1.53255e-78 3.41573e-80 7.59608e-82 1.68566e-83 3.73303e-85 8.25078e-87 1.82013e-88 4.00785e-90 8.8095e-92 1.93307e-93 4.23474e-95 9.26213e-97 2.02266e-98 4.41047e-100 9.60323e-102 2.08804e-103 4.53386e-105 9.83159e-107 2.12923e-108 4.60553e-110 9.94973e-112 2.147e-113 4.62761e-115 9.9632e-117 2.14275e-118 4.60348e-120 9.87997e-122 2.11832e-123 4.53738e-125 9.70973e-127 2.0759e-128 4.43421e-130 9.46329e-132 2.01788e-133 4.29918e-135 9.15208e-137 1.94673e-138 4.13766e-140 8.7876e-142 1.86493e-143 3.95492e-145 8.38112e-147 1.77486e-148 3.75603e-150 7.94334e-152 1.67878e-153 3.54572e-155 7.48416e-157 1.57875e-158 3.32831e-160 7.01257e-162 1.47665e-163 3.10766e-165 6.53651e-167 1.37411e-168 2.88711e-170 6.06287e-172 1.27253e-173
1.1707e-12 1.03538e-13 6.01067e-15 2.8331e-16 1.17214e-17 4.42635e-19 1.56101e-20 5.21784e-22 1.67006e-23 5.15638e-25 1.54433e-26 4.5059e-28 1.28514e-29 3.59285e-31 9.86792e-33 2.66763e-34 7.10929e-36 1.8703e-37 4.86276e-39 1.25077e-40 3.18546e-42 8.03902e-44 2.0117e-45 4.9948e-47 1.23111e-48 3.0138e-50 7.33089e-52 1.77254e-53 4.26173e-55 1.01923e-56 2.42536e-58 5.74413e-60 1.35432e-61 3.17957e-63 7.43458e-65 1.7317e-66 4.0188e-68 9.29393e-70 2.14216e-71 4.92173e-73 1.12734e-74 2.57467e-76 5.86367e-78 1.33182e-79 3.01717e-81 6.81825e-83 1.53711e-84 3.45731e-86 7.759e-88 1.73757e-89 3.88314e-91 8.66077e-93 1.92794e-94 4.2837e-96 9.50086e-98 2.10353e-99 4.64944e-101 1.02599e-102 2.26044e-104 4.97251e-106 1.09222e-107 2.3956e-109 5.24695e-111 1.14764e-112 2.50683e-114 5.4687e-116 1.19151e-117 2.59284e-119 5.63558e-121 1.22348e-122 2.65316e-124 5.74712e-126 1.24357e-127 2.68804e-129 5.80439e-131 1.25211e-132 2.69841e-134 5.80976e-136 1.2497e-137 2.6857e-139 5.76666e-141 1.23713e-142 2.65177e-144 5.67933e-146 1.21536e-147 2.59878e-149 5.55259e-151 1.18547e-152 2.52908e-154 5.3916e-156 1.14858e-157 2.44513e-159 5.20167e-161 1.10584e-162 2.34939e-164 4.98811e-166 1.05838e-167 2.24428e-169 4.75605e-171 1.00729e-172 2.13211e-174
2.32509e-14 2.28413e-15 1.44047e-16 7.28626e-18 3.20881e-19 1.28212e-20 4.76198e-22 1.67006e-23 5.59085e-25 1.80068e-26 5.61282e-28 1.70099e-29 5.03007e-31 1.45571e-32 4.13289e-34 1.1534e-35 3.16951e-37 8.5885e-39 2.2977e-40 6.07559e-42 1.58932e-43 4.11643e-45 1.05642e-46 2.68804e-48 6.78541e-50 1.70013e-51 4.23018e-53 1.04566e-54 2.56889e-56 6.27445e-58 1.52413e-59 3.6831e-61 8.8566e-63 2.11978e-64 5.05109e-66 1.19852e-67 2.83238e-69 6.66792e-71 1.56399e-72 3.65552e-74 8.5154e-76 1.97725e-77 4.57691e-79 1.05632e-80 2.43097e-82 5.57918e-84 1.27707e-85 2.91577e-87 6.64091e-89 1.50895e-90 3.4208e-92 7.73792e-94 1.7466e-95 3.93432e-97 8.84458e-99 1.98448e-100 4.44429e-102 9.93507e-104 2.21705e-105 4.939e-107 1.09846e-108 2.43909e-110 5.40748e-112 1.19702e-113 2.64586e-115 5.83995e-117 1.28719e-118 2.83327e-120 6.2281e-122 1.3673e-123 2.99795e-125 6.56527e-127 1.43602e-128 3.13735e-130 6.84653e-132 1.49243e-133 3.24974e-135 7.06874e-137 1.53598e-138 3.33419e-140 7.23043e-142 1.56646e-143 3.39049e-145 7.33169e-147 1.58399e-148 3.41914e-150 7.37401e-152 1.58899e-153 3.42121e-155 7.36007e-157 1.58212e-158 3.39824e-160 7.29353e-162 1.56421e-163 3.35221e-165 7.17881e-167 1.53627e-168 3.28532e-170 7.0209e-172 1.4994e-173 3.20003e-175
4.61779e-16 4.98886e-17 3.39516e-18 1.8335e-19 8.55809e-21 3.60474e-22 1.40543e-23 5.15638e-25 1.80068e-26 6.03512e-28 1.95346e-29 6.13617e-31 1.87772e-32 5.61507e-34 1.64506e-35 4.73191e-37 1.33875e-38 3.7311e-40 1.0257e-41 2.78454e-43 7.47246e-45 1.98398e-46 5.21569e-48 1.35859e-49 3.50863e-51 8.98877e-53 2.28557e-54 5.77058e-56 1.44728e-57 3.60711e-59 8.93694e-61 2.2018e-62 5.39578e-64 1.31563e-65 3.19243e-67 7.71116e-69 1.85448e-70 4.44131e-72 1.05942e-73 2.51751e-75 5.96054e-77 1.4063e-78 3.30683e-80 7.75074e-82 1.81103e-83 4.21902e-85 9.80052e-87 2.2703e-88 5.24513e-90 1.20867e-91 2.77832e-93 6.37102e-95 1.45756e-96 3.3271e-98 7.57811e-100 1.72242e-101 3.90688e-103 8.84423e-105 1.99827e-106 4.50651e-108 1.01447e-109 2.27968e-111 5.11407e-113 1.14535e-114 2.56098e-116 5.71731e-118 1.27442e-119 2.83652e-121 6.30419e-123 1.39913e-124 3.1009e-126 6.86332e-128 1.51709e-129 3.34912e-131 7.3843e-133 1.62614e-134 3.57676e-136 7.85806e-138 1.72444e-139 3.78005e-141 8.27706e-143 1.81048e-144 3.95602e-146 8.6354e-148 1.8831e-149 4.10245e-151 8.9289e-153 1.94154e-154 4.21792e-156 9.15505e-158 1.98537e-159 4.30178e-161 9.31298e-163 2.01451e-164 4.35409e-166 9.40328e-168 2.02919e-169 4.37554e-171 9.42789e-173 2.02991e-174 4.3674e-176
9.17125e-18 1.08067e-18 7.8922e-20 4.53032e-21 2.23299e-22 9.88364e-24 4.03377e-25 1.54433e-26 5.61282e-28 1.95346e-29 6.5532e-31 2.12976e-32 6.7327e-34 2.07706e-35 6.27011e-37 1.85628e-38 5.39979e-40 1.54588e-41 4.36162e-43 1.21427e-44 3.33917e-46 9.07863e-48 2.44242e-49 6.50661e-51 1.71756e-52 4.49516e-54 1.16704e-55 3.00709e-57 7.69333e-59 1.95508e-60 4.93691e-62 1.23918e-63 3.09266e-65 7.67671e-67 1.89573e-68 4.65849e-70 1.1394e-71 2.77435e-73 6.72645e-75 1.62417e-76 3.90634e-78 9.35996e-80 2.23464e-81 5.31656e-83 1.26068e-84 2.97975e-86 7.02119e-88 1.64947e-89 3.86392e-91 9.02619e-93 2.10288e-94 4.8865e-96 1.13264e-97 2.61896e-99 6.04152e-101 1.39051e-102 3.19332e-104 7.31782e-106 1.67347e-107 3.81926e-109 8.69942e-111 1.97776e-112 4.48803e-114 1.01661e-115 2.29877e-117 5.18916e-119 1.16944e-120 2.63123e-122 5.91092e-124 1.32583e-125 2.9694e-127 6.64076e-129 1.48303e-130 3.30734e-132 7.36579e-134 1.63827e-135 3.63907e-137 8.07323e-139 1.78883e-140 3.95882e-142 8.75085e-144 1.93212e-145 4.26116e-147 9.38732e-149 2.06579e-150 4.5412e-152 9.97253e-154 2.18776e-155 4.79469e-157 1.04978e-158 2.29626e-160 5.01809e-162 1.09561e-163 2.38991e-165 5.20865e-167 1.1342e-168 2.46768e-170 5.36442e-172 1.1652e-173 2.52889e-175 5.48423e-177
1.82147e-19 2.32474e-20 1.81316e-21 1.10212e-22 5.71829e-24 2.65235e-25 1.13037e-26 4.5059e-28 1.70099e-29 6.13617e-31 2.12976e-32 7.14992e-34 2.33151e-35 7.41008e-37 2.30184e-38 7.00513e-40 2.09269e-41 6.14722e-43 1.77816e-44 5.07142e-46 1.42771e-47 3.97121e-49 1.09234e-50 2.97355e-52 8.01641e-54 2.1416e-55 5.67275e-57 1.49062e-58 3.8874e-60 1.00659e-61 2.58891e-63 6.61611e-65 1.68056e-66 4.24422e-68 1.06601e-69 2.66347e-71 6.62167e-73 1.63838e-74 4.03536e-76 9.89581e-78 2.41658e-79 5.8777e-81 1.42409e-82 3.43761e-84 8.26851e-86 1.98201e-87 4.73531e-89 1.12773e-90 2.67748e-92 6.33804e-94 1.49602e-95 3.52139e-97 8.26656e-99 1.93556e-100 4.5206e-102 1.05324e-103 2.4481e-105 5.67721e-107 1.31364e-108 3.03303e-110 6.98822e-112 1.60683e-113 3.68734e-115 8.44536e-117 1.93067e-118 4.4056e-120 1.00353e-121 2.28192e-123 5.18009e-125 1.17398e-126 2.65636e-128 6.00112e-130 1.35368e-131 3.04894e-133 6.85727e-135 1.54005e-136 3.45396e-138 7.73587e-140 1.73031e-141 3.86523e-143 8.62336e-145 1.92149e-146 4.27633e-148 9.50581e-150 2.11058e-151 4.68078e-153 1.03693e-154 2.2946e-156 5.07223e-158 1.12004e-159 2.47072e-161 5.44469e-163 1.19865e-164 2.63628e-166 5.79264e-168 1.27161e-169 2.78892e-171 6.11119e-173 1.33792e-174 2.92657e-176 6.39614e-178
3.61757e-21 4.97152e-22 4.1238e-23 2.64551e-24 1.44083e-25 6.98643e-27 3.10242e-28 1.28514e-29 5.03007e-31 1.87772e-32 6.7327e-34 2.33151e-35 7.83206e-37 2.5612e-38 8.17729e-40 2.55527e-41 7.83107e-43 2.35792e-44 6.9859e-46 2.03927e-47 5.87204e-49 1.66958e-50 4.69165e-52 1.30404e-53 3.5877e-55 9.77656e-57 2.6403e-58 7.0705e-60 1.87839e-61 4.9528e-63 1.29665e-64 3.3718e-66 8.71198e-68 2.2373e-69 5.71231e-71 1.45043e-72 3.66341e-74 9.20628e-76 2.30242e-77 5.7316e-79 1.4205e-80 3.50556e-82 8.61586e-84 2.10927e-85 5.14428e-87 1.25007e-88 3.02705e-90 7.30524e-92 1.75724e-93 4.21363e-95 1.0073e-96 2.40093e-98 5.7064e-100 1.35252e-101 3.19717e-103 7.53807e-105 1.77281e-106 4.15917e-108 9.73467e-110 2.2732e-111 5.29643e-113 1.23136e-114 2.85675e-116 6.61402e-118 1.52824e-119 3.52429e-121 8.11201e-123 1.86373e-124 4.27422e-126 9.78516e-128 2.23633e-129 5.10245e-131 1.16229e-132 2.64337e-134 6.00242e-136 1.36093e-137 3.08108e-139 6.96529e-141 1.57239e-142 3.5447e-144 7.98015e-146 1.79418e-147 4.02863e-149 9.03435e-151 2.02347e-152 4.52654e-154 1.01139e-155 2.25716e-157 5.03164e-159 1.12039e-160 2.49201e-162 5.53684e-164 1.22889e-165 2.72468e-167 6.03494e-169 1.33536e-170 2.95185e-172 6.51889e-174 1.43827e-175 3.17034e-177 6.9819e-179
7.18474e-23 1.05777e-23 9.2973e-25 6.27645e-26 3.57938e-27 1.81047e-28 8.36097e-30 3.59285e-31 1.45571e-32 5.61507e-34 2.07706e-35 7.41008e-37 2.5612e-38 8.60805e-40 2.82178e-41 9.04482e-43 2.84095e-44 8.76014e-46 2.656e-47 7.92887e-49 2.33337e-50 6.77651e-52 1.94396e-53 5.51303e-55 1.54683e-56 4.29674e-58 1.18234e-59 3.22475e-61 8.72202e-63 2.34048e-64 6.23369e-66 1.64856e-67 4.33049e-69 1.13028e-70 2.93216e-72 7.56241e-74 1.93963e-75 4.94847e-77 1.25607e-78 3.1728e-80 7.97705e-82 1.99661e-83 4.97593e-85 1.23497e-86 3.05284e-88 7.5177e-90 1.84441e-91 4.50899e-93 1.09851e-94 2.66735e-96 6.45593e-98 1.55771e-99 3.74717e-101 8.98782e-103 2.1497e-104 5.12755e-106 1.2198e-107 2.89431e-109 6.85039e-111 1.61744e-112 3.80992e-114 8.95374e-116 2.09953e-117 4.91244e-119 1.14697e-120 2.67246e-122 6.2144e-124 1.44224e-125 3.34077e-127 7.72413e-129 1.78264e-130 4.10686e-132 9.44507e-134 2.16854e-135 4.97067e-137 1.13753e-138 2.59913e-140 5.92959e-142 1.35073e-143 3.07238e-145 6.97839e-147 1.58279e-148 3.58505e-150 8.10925e-152 1.83186e-153 4.13277e-155 9.31195e-157 2.09556e-158 4.71011e-160 1.05741e-161 2.37109e-163 5.31073e-165 1.18815e-166 2.65527e-168 5.92755e-170 1.32184e-171 2.94464e-173 6.55296e-175 1.45682e-176 3.23554e-178 7.179e-180
1.42694e-24 2.2406e-25 2.08009e-26 1.47384e-27 8.78158e-29 4.62439e-30 2.21713e-31 9.86792e-33 4.13289e-34 1.64506e-35 6.27011e-37 2.30184e-38 8.17729e-40 2.82178e-41 9.48804e-43 3.11677e-44 1.00247e-45 3.16298e-47 9.80601e-49 2.99142e-50 8.99067e-52 2.6651e-53 7.79951e-55 2.25543e-56 6.44967e-58 1.82515e-59 5.11431e-61 1.41988e-62 3.90771e-64 1.06661e-65 2.88862e-67 7.76524e-69 2.0728e-70 5.49602e-72 1.44799e-73 3.7917e-75 9.87134e-77 2.55565e-78 6.5813e-80 1.68618e-81 4.29903e-83 1.09092e-84 2.75584e-86 6.93149e-88 1.73613e-89 4.33097e-91 1.07622e-92 2.66432e-94 6.57203e-96 1.61545e-97 3.95746e-99 9.66317e-101 2.35205e-102 5.70744e-104 1.38084e-105 3.33116e-107 8.01368e-109 1.9226e-110 4.60047e-112 1.098e-113 2.61411e-115 6.2086e-117 1.4711e-118 3.47771e-120 8.20309e-122 1.93072e-123 4.53462e-125 1.06284e-126 2.48611e-128 5.80394e-130 1.35237e-131 3.14525e-133 7.30171e-135 1.69208e-136 3.91437e-138 9.03995e-140 2.08424e-141 4.79763e-143 1.10259e-144 2.53005e-146 5.79674e-148 1.32615e-149 3.02949e-151 6.91079e-153 1.57427e-154 3.58128e-156 8.13608e-158 1.84596e-159 4.18282e-161 9.46606e-163 2.1396e-164 4.83023e-166 1.08915e-167 2.453e-169 5.51838e-171 1.24004e-172 2.78344e-174 6.24102e-176 1.39787e-177 3.1277e-179 6.99094e-181
2.83399e-26 4.72763e-27 4.62232e-28 3.42943e-29 2.13062e-30 1.16608e-31 5.795e-33 2.66763e-34 1.1534e-35 4.73191e-37 1.85628e-38 7.00513e-40 2.55527e-41 9.04482e-43 3.11677e-44 1.04839e-45 3.4502e-47 1.11306e-48 3.52598e-50 1.09841e-51 3.36924e-53 1.01877e-54 3.03971e-56 8.95763e-58 2.60921e-59 7.51786e-61 2.14405e-62 6.05602e-64 1.69508e-65 4.70387e-67 1.29474e-68 3.53633e-70 9.5881e-72 2.58152e-73 6.90441e-75 1.83491e-76 4.84694e-78 1.27291e-79 3.32438e-81 8.63594e-83 2.23196e-84 5.74023e-86 1.46934e-87 3.74404e-89 9.49861e-91 2.39965e-92 6.0377e-94 1.51318e-95 3.77801e-97 9.39825e-99 2.32966e-100 5.75507e-102 1.41699e-103 3.47768e-105 8.50863e-107 2.07548e-108 5.04782e-110 1.22421e-111 2.96078e-113 7.14153e-115 1.71808e-116 4.12282e-118 9.869e-120 2.35672e-121 5.61472e-123 1.33462e-124 3.16537e-126 7.49118e-128 1.76913e-129 4.16943e-131 9.80664e-133 2.30204e-134 5.39354e-136 1.26132e-137 2.94429e-139 6.86059e-141 1.59583e-142 3.70569e-144 8.59068e-146 1.98828e-147 4.59446e-149 1.06002e-150 2.44189e-152 5.61679e-154 1.29007e-155 2.95878e-157 6.77645e-159 1.54985e-160 3.53991e-162 8.07451e-164 1.83939e-165 4.18484e-167 9.5091e-169 2.15807e-170 4.89178e-172 1.10753e-173 2.50459e-175 5.65748e-177 1.2765e-178 2.87701e-180 6.47727e-182
5.6285e-28 9.94084e-29 1.02097e-29 7.91495e-31 5.11808e-32 2.90655e-33 1.49513e-34 7.10929e-36 3.16951e-37 1.33875e-38 5.39979e-40 2.09269e-41 7.83107e-43 2.84095e-44 1.00247e-45 3.4502e-47 1.16093e-48 3.82671e-50 1.23783e-51 3.9352e-53 1.23117e-54 3.79514e-56 1.15383e-57 3.46309e-59 1.02697e-60 3.01123e-62 8.73614e-64 2.5093e-65 7.13977e-67 2.01344e-68 5.63012e-70 1.56174e-71 4.29919e-73 1.17492e-74 3.18877e-76 8.59742e-78 2.3034e-79 6.13405e-81 1.6241e-82 4.27629e-84 1.11998e-85 2.9183e-87 7.56687e-89 1.95275e-90 5.01647e-92 1.28305e-93 3.26773e-95 8.28848e-97 2.09405e-98 5.27038e-100 1.32158e-101 3.30212e-103 8.22223e-105 2.04047e-106 5.04731e-108 1.24457e-109 3.05952e-111 7.49887e-113 1.83268e-114 4.46642e-116 1.08555e-117 2.6314e-119 6.36218e-121 1.53438e-122 3.69148e-124 8.85998e-126 2.12157e-127 5.06872e-129 1.20832e-130 2.87429e-132 6.82287e-134 1.61627e-135 3.82111e-137 9.01604e-139 2.12331e-140 4.99112e-142 1.17109e-143 2.74289e-145 6.41309e-147 1.49687e-148 3.48798e-150 8.11435e-152 1.88468e-153 4.37058e-155 1.01198e-156 2.33966e-158 5.4012e-160 1.24509e-161 2.86611e-163 6.58843e-165 1.51244e-166 3.46731e-168 7.93848e-170 1.81519e-171 4.1453e-173 9.45476e-175 2.15385e-176 4.90072e-178 1.11376e-179 2.52827e-181 5.73273e-183
1.11786e-29 2.08384e-30 2.24289e-31 1.81336e-32 1.21844e-33 7.16956e-35 3.81242e-36 1.8703e-37 8.5885e-39 3.7311e-40 1.54588e-41 6.14722e-43 2.35792e-44 8.76014e-46 3.16298e-47 1.11306e-48 3.82671e-50 1.28799e-51 4.25161e-53 1.37856e-54 4.39658e-56 1.38086e-57 4.27554e-59 1.30633e-60 3.94193e-62 1.17569e-63 3.4682e-65 1.01257e-66 2.9275e-68 8.38604e-70 2.38128e-71 6.70584e-73 1.87353e-74 5.19517e-76 1.43028e-77 3.91081e-79 1.06235e-80 2.86779e-82 7.69519e-84 2.05301e-85 5.44708e-87 1.43758e-88 3.77468e-90 9.8627e-92 2.56481e-93 6.63948e-95 1.7112e-96 4.3916e-98 1.12243e-99 2.85743e-101 7.24642e-103 1.83087e-104 4.60924e-106 1.15634e-107 2.89118e-109 7.2051e-111 1.78987e-112 4.43264e-114 1.09446e-115 2.69443e-117 6.61461e-119 1.61935e-120 3.95379e-122 9.62829e-124 2.33872e-125 5.66671e-127 1.36972e-128 3.30301e-130 7.94674e-132 1.90763e-133 4.56927e-135 1.09212e-136 2.60489e-138 6.20041e-140 1.47295e-141 3.49226e-143 8.26418e-145 1.95201e-146 4.6023e-148 1.08316e-149 2.54479e-151 5.96856e-153 1.39753e-154 3.26692e-156 7.62466e-158 1.77672e-159 4.13378e-161 9.60327e-163 2.22765e-164 5.15993e-166 1.1935e-167 2.75671e-169 6.35865e-171 1.46471e-172 3.36951e-174 7.74135e-176 1.77628e-177 4.07065e-179 9.3171e-181 2.12997e-182 4.8635e-184
2.22014e-31 4.35615e-32 4.9032e-33 4.12698e-34 2.87711e-35 1.75181e-36 9.61799e-38 4.86276e-39 2.2977e-40 1.0257e-41 4.36162e-43 1.77816e-44 6.9859e-46 2.656e-47 9.80601e-49 3.52598e-50 1.23783e-51 4.25161e-53 1.43137e-54 4.73095e-56 1.53726e-57 4.91685e-59 1.54968e-60 4.8177e-62 1.47863e-63 4.48379e-65 1.34434e-66 3.98779e-68 1.17105e-69 3.40619e-71 9.81821e-73 2.80585e-74 7.95329e-76 2.23691e-77 6.24495e-79 1.73114e-80 4.76641e-82 1.30387e-83 3.54472e-85 9.57946e-87 2.57404e-88 6.87865e-90 1.8285e-91 4.83589e-93 1.27271e-94 3.3337e-96 8.69251e-98 2.25658e-99 5.83321e-101 1.50168e-102 3.85052e-104 9.83531e-106 2.50285e-107 6.34618e-109 1.60349e-110 4.03776e-112 1.0134e-113 2.5353e-115 6.323e-117 1.57218e-118 3.89763e-120 9.63506e-122 2.37518e-123 5.83928e-125 1.43177e-126 3.5016e-128 8.54219e-130 2.07878e-131 5.0467e-133 1.22235e-134 2.95388e-136 7.12239e-138 1.71362e-139 4.11418e-141 9.85716e-143 2.35689e-144 5.62428e-146 1.33953e-147 3.1843e-149 7.55562e-151 1.78952e-152 4.23089e-154 9.98549e-156 2.3527e-157 5.53398e-159 1.29956e-160 3.04691e-162 7.13243e-164 1.66704e-165 3.89041e-167 9.06569e-169 2.10947e-170 4.90144e-172 1.13727e-173 2.63516e-175 6.09763e-177 1.40909e-178 3.25198e-180 7.49551e-182 1.72547e-183 3.96711e-185
4.40936e-33 9.08361e-34 1.06715e-34 9.3359e-36 6.74347e-37 4.24348e-38 2.40285e-39 1.25077e-40 6.07559e-42 2.78454e-43 1.21427e-44 5.07142e-46 2.03927e-47 7.92887e-49 2.99142e-50 1.09841e-51 3.9352e-53 1.37856e-54 4.73095e-56 1.59311e-57 5.27157e-59 1.71624e-60 5.50363e-62 1.74015e-63 5.42982e-65 1.67338e-66 5.09723e-68 1.53566e-69 4.57867e-71 1.35179e-72 3.95393e-74 1.1463e-75 3.29542e-77 9.39798e-79 2.65971e-80 7.47235e-82 2.0847e-83 5.77729e-85 1.59081e-86 4.35354e-88 1.1844e-89 3.20398e-91 8.62004e-93 2.30698e-94 6.14296e-96 1.62776e-97 4.29293e-99 1.12704e-100 2.94588e-102 7.6673e-104 1.98738e-105 5.13084e-107 1.31953e-108 3.38083e-110 8.63079e-112 2.19558e-113 5.56623e-115 1.40647e-116 3.54242e-118 8.89417e-120 2.22631e-121 5.55618e-123 1.38265e-124 3.43103e-126 8.49078e-128 2.0956e-129 5.15869e-131 1.26668e-132 3.10254e-134 7.58085e-136 1.84796e-137 4.49435e-139 1.09059e-140 2.6406e-142 6.37981e-144 1.53816e-145 3.70084e-147 8.8864e-149 2.12959e-150 5.09368e-152 1.21604e-153 2.89775e-155 6.8927e-157 1.63662e-158 3.8793e-160 9.17951e-162 2.16851e-163 5.11438e-165 1.20428e-166 2.83126e-168 6.64601e-170 1.5577e-171 3.64555e-173 8.51938e-175 1.98806e-176 4.63278e-178 1.07808e-179 2.50538e-181 5.81455e-183 1.34769e-184 3.11963e-186
8.75728e-35 1.88986e-35 2.31322e-36 2.10031e-37 1.56984e-38 1.01978e-39 5.94945e-41 3.18546e-42 1.58932e-43 7.47246e-45 3.33917e-46 1.42771e-47 5.87204e-49 2.33337e-50 8.99067e-52 3.36924e-53 1.23117e-54 4.39658e-56 1.53726e-57 5.27157e-59 1.77553e-60 5.88128e-62 1.9181e-63 6.16554e-65 1.95512e-66 6.1212e-68 1.8936e-69 5.79197e-71 1.75275e-72 5.25071e-74 1.55792e-75 4.58052e-77 1.33511e-78 3.85947e-80 1.10692e-81 3.15088e-83 8.90475e-85 2.49929e-86 6.96853e-88 1.93069e-89 5.31665e-91 1.45553e-92 3.96241e-94 1.07286e-95 2.88971e-97 7.74422e-99 2.06532e-100 5.48224e-102 1.44862e-103 3.81106e-105 9.98364e-107 2.60463e-108 6.76815e-110 1.75192e-111 4.51786e-113 1.16083e-114 2.97216e-116 7.58375e-118 1.92862e-119 4.88881e-121 1.23535e-122 3.11201e-124 7.8162e-126 1.95743e-127 4.88816e-129 1.21732e-130 3.02339e-132 7.48931e-134 1.85045e-135 4.56062e-137 1.12127e-138 2.75018e-140 6.72977e-142 1.64304e-143 4.0025e-145 9.72901e-147 2.35983e-148 5.71201e-150 1.37979e-151 3.32635e-153 8.00343e-155 1.922e-156 4.607e-158 1.10226e-159 2.63252e-161 6.27612e-163 1.49369e-164 3.54891e-166 8.41796e-168 1.99348e-169 4.71325e-171 1.11262e-172 2.62244e-174 6.17172e-176 1.45031e-177 3.40317e-179 7.97414e-181 1.86583e-182 4.35973e-184 1.01732e-185 2.37068e-187
1.73926e-36 3.9238e-37 4.99578e-38 4.70121e-39 3.63172e-40 2.43288e-41 1.46097e-42 8.03902e-44 4.11643e-45 1.98398e-46 9.07863e-48 3.97121e-49 1.66958e-50 6.77651e-52 2.6651e-53 1.01877e-54 3.79514e-56 1.38086e-57 4.91685e-59 1.71624e-60 5.88128e-62 1.98125e-63 6.5689e-65 2.14578e-66 6.91237e-68 2.19779e-69 6.90236e-71 2.14271e-72 6.57902e-74 1.99915e-75 6.01514e-77 1.79299e-78 5.29712e-80 1.55172e-81 4.50884e-83 1.30004e-84 3.72075e-86 1.05736e-87 2.98447e-89 8.36905e-91 2.33219e-92 6.46005e-94 1.77906e-95 4.87214e-97 1.32713e-98 3.59626e-100 9.69648e-102 2.60181e-103 6.94871e-105 1.84743e-106 4.89023e-108 1.28899e-109 3.38364e-111 8.84685e-113 2.30417e-114 5.97875e-116 1.5457e-117 3.98201e-119 1.02232e-120 2.61587e-122 6.67167e-124 1.6962e-125 4.29913e-127 1.08637e-128 2.73721e-130 6.87698e-132 1.72298e-133 4.3051e-135 1.07285e-136 2.66667e-138 6.6116e-140 1.63521e-141 4.03454e-143 9.931e-145 2.4389e-146 5.97609e-148 1.46112e-149 3.56467e-151 8.67839e-153 2.10845e-154 5.11223e-156 1.23708e-157 2.98777e-159 7.20229e-161 1.73295e-162 4.16209e-164 9.97837e-166 2.38807e-167 5.70542e-169 1.36081e-170 3.2403e-172 7.70318e-174 1.82836e-175 4.33286e-177 1.02522e-178 2.42219e-180 5.71416e-182 1.34606e-183 3.16632e-185 7.43763e-187 1.74467e-188
3.45428e-38 8.13135e-39 1.07527e-39 1.0474e-40 8.35342e-42 5.76506e-43 3.56031e-44 2.0117e-45 1.05642e-46 5.21569e-48 2.44242e-49 1.09234e-50 4.69165e-52 1.94396e-53 7.79951e-55 3.03971e-56 1.15383e-57 4.27554e-59 1.54968e-60 5.50363e-62 1.9181e-63 6.5689e-65 2.21327e-66 7.34446e-68 2.40263e-69 7.7552e-71 2.47182e-72 7.78522e-74 2.42458e-75 7.47089e-77 2.27885e-78 6.88473e-80 2.06104e-81 6.11645e-83 1.80012e-84 5.25595e-86 1.523e-87 4.38112e-89 1.25152e-90 3.55126e-92 1.00122e-93 2.80538e-95 7.81385e-97 2.16395e-98 5.95973e-100 1.63264e-101 4.44954e-103 1.20664e-104 3.25652e-106 8.74797e-108 2.3394e-109 6.22883e-111 1.65147e-112 4.36071e-114 1.14687e-115 3.00465e-117 7.84235e-119 2.03946e-120 5.28503e-122 1.36485e-123 3.51289e-125 9.01215e-127 2.3047e-128 5.87564e-130 1.49344e-131 3.78481e-133 9.56435e-135 2.4102e-136 6.05712e-138 1.51818e-139 3.79533e-141 9.46398e-143 2.35407e-144 5.84134e-146 1.44602e-147 3.57134e-149 8.80037e-151 2.16375e-152 5.30848e-154 1.2996e-155 3.17501e-157 7.74094e-159 1.88354e-160 4.57411e-162 1.10867e-163 2.68216e-165 6.47686e-167 1.5612e-168 3.75649e-170 9.02297e-172 2.16359e-173 5.17931e-175 1.23781e-176 2.95348e-178 7.03597e-180 1.67355e-181 3.97453e-183 9.42498e-185 2.23169e-186 5.2766e-188 1.24582e-189
6.86043e-40 1.68215e-40 2.30712e-41 2.3235e-42 1.91117e-43 1.35759e-44 8.61503e-46 4.9948e-47 2.68804e-48 1.35859e-49 6.50661e-51 2.97355e-52 1.30404e-53 5.51303e-55 2.25543e-56 8.95763e-58 3.46309e-59 1.30633e-60 4.8177e-62 1.74015e-63 6.16554e-65 2.14578e-66 7.34446e-68 2.47496e-69 8.21931e-71 2.69244e-72 8.70656e-74 2.78134e-75 8.7833e-77 2.7436e-78 8.48174e-80 2.59642e-81 7.87399e-83 2.36666e-84 7.05303e-86 2.08486e-87 6.11496e-89 1.78019e-90 5.14555e-92 1.47711e-93 4.21235e-95 1.19366e-96 3.36187e-98 9.41291e-100 2.62061e-101 7.25607e-103 1.9985e-104 5.47632e-106 1.49323e-107 4.0522e-109 1.09457e-110 2.94341e-112 7.88081e-114 2.10117e-115 5.57927e-117 1.4756e-118 3.88766e-120 1.02042e-121 2.66865e-123 6.9545e-125 1.80611e-126 4.67481e-128 1.20605e-129 3.10161e-131 7.95174e-133 2.03247e-134 5.1797e-136 1.31625e-137 3.33542e-139 8.42895e-141 2.12439e-142 5.34023e-144 1.33899e-145 3.34895e-147 8.35564e-149 2.07977e-150 5.16458e-152 1.27957e-153 3.16314e-155 7.80231e-157 1.92042e-158 4.71691e-160 1.15618e-161 2.82824e-163 6.90477e-165 1.68244e-166 4.09171e-168 9.93256e-170 2.4067e-171 5.8211e-173 1.40547e-174 3.38758e-176 8.15116e-178 1.95806e-179 4.69593e-181 1.12439e-182 2.68801e-184 6.41605e-186 1.52912e-187 3.63887e-189 8.6467e-191
1.36253e-41 3.47436e-42 4.93592e-43 5.13382e-44 4.35093e-45 3.17842e-46 2.07092e-47 1.23111e-48 6.78541e-50 3.50863e-51 1.71756e-52 8.01641e-54 3.5877e-55 1.54683e-56 6.44967e-58 2.60921e-59 1.02697e-60 3.94193e-62 1.47863e-63 5.42982e-65 1.95512e-66 6.91237e-68 2.40263e-69 8.21931e-71 2.77016e-72 9.20631e-74 3.01949e-75 9.78069e-77 3.13103e-78 9.91192e-80 3.10475e-81 9.62768e-83 2.95701e-84 8.99942e-86 2.71511e-87 8.12339e-89 2.41114e-90 7.10209e-92 2.07666e-93 6.0296e-95 1.7389e-96 4.98234e-98 1.41864e-99 4.01506e-101 1.12976e-102 3.1611e-104 8.79707e-106 2.43536e-107 6.70791e-109 1.83858e-110 5.01554e-112 1.36193e-113 3.68178e-115 9.91022e-117 2.65636e-118 7.09125e-120 1.88556e-121 4.99447e-123 1.318e-124 3.46547e-126 9.07972e-128 2.37076e-129 6.16946e-131 1.60025e-132 4.13756e-134 1.06648e-135 2.7406e-137 7.02192e-139 1.79396e-140 4.57034e-142 1.16115e-143 2.94214e-145 7.43526e-147 1.8742e-148 4.71242e-150 1.18197e-151 2.95752e-153 7.38291e-155 1.83877e-156 4.56931e-158 1.13296e-159 2.80312e-161 6.92068e-163 1.70512e-164 4.19254e-166 1.02881e-167 2.51966e-169 6.15909e-171 1.50271e-172 3.65956e-174 8.89606e-176 2.15871e-177 5.22915e-179 1.26451e-180 3.0527e-182 7.35743e-184 1.77036e-185 4.25308e-187 1.02015e-188 2.44317e-190 5.8423e-192
2.70607e-43 7.16544e-44 1.05318e-44 1.13013e-45 9.85967e-47 7.40114e-48 4.94764e-49 3.0138e-50 1.70013e-51 8.98877e-53 4.49516e-54 2.1416e-55 9.77656e-57 4.29674e-58 1.82515e-59 7.51786e-61 3.01123e-62 1.17569e-63 4.48379e-65 1.67338e-66 6.1212e-68 2.19779e-69 7.7552e-71 2.69244e-72 9.20631e-74 3.10321e-75 1.032e-76 3.38864e-78 1.09937e-79 3.5262e-81 1.11885e-82 3.51369e-84 1.0927e-85 3.36651e-87 1.02798e-88 3.11234e-90 9.3464e-92 2.78487e-93 8.23587e-95 2.41816e-96 7.05108e-98 2.04237e-99 5.878e-101 1.68129e-102 4.78044e-104 1.35144e-105 3.79942e-107 1.06244e-108 2.95557e-110 8.18082e-112 2.25341e-113 6.17788e-115 1.68599e-116 4.58086e-118 1.23929e-119 3.33876e-121 8.95855e-123 2.3943e-124 6.37465e-126 1.69089e-127 4.46888e-129 1.17693e-130 3.08891e-132 8.07991e-134 2.10664e-135 5.47506e-137 1.41853e-138 3.66414e-140 9.43672e-142 2.42334e-143 6.20559e-145 1.58472e-146 4.03602e-148 1.0252e-149 2.59745e-151 6.56434e-153 1.65487e-154 4.16186e-156 1.04421e-157 2.61385e-159 6.52817e-161 1.62682e-162 4.04521e-164 1.00373e-165 2.48535e-167 6.14141e-169 1.51452e-170 3.72758e-172 9.1567e-174 2.24506e-175 5.49422e-177 1.34212e-178 3.27263e-180 7.96594e-182 1.93564e-183 4.69542e-185 1.1371e-186 2.7492e-188 6.63614e-190 1.59932e-191 3.84836e-193
5.37445e-45 1.47576e-45 2.24156e-46 2.4792e-47 2.22471e-48 1.7147e-49 1.17526e-50 7.33089e-52 4.23018e-53 2.28557e-54 1.16704e-55 5.67275e-57 2.6403e-58 1.18234e-59 5.11431e-61 2.14405e-62 8.73614e-64 3.4682e-65 1.34434e-66 5.09723e-68 1.8936e-69 6.90236e-71 2.47182e-72 8.70656e-74 3.01949e-75 1.032e-76 3.47903e-78 1.1577e-79 3.80542e-81 1.23638e-82 3.97287e-84 1.26326e-85 3.97682e-87 1.24004e-88 3.83159e-90 1.17365e-91 3.56516e-93 1.07435e-94 3.21284e-96 9.53746e-98 2.81128e-99 8.23041e-101 2.39382e-102 6.91862e-104 1.98748e-105 5.67587e-107 1.61175e-108 4.55175e-110 1.27866e-111 3.57354e-113 9.93765e-115 2.75027e-116 7.57596e-118 2.07745e-119 5.67171e-121 1.54185e-122 4.17413e-124 1.12548e-125 3.02279e-127 8.08761e-129 2.15585e-130 5.72593e-132 1.51546e-133 3.99716e-135 1.05076e-136 2.75322e-138 7.1911e-140 1.87241e-141 4.86058e-143 1.25803e-144 3.24665e-146 8.35515e-148 2.14424e-149 5.48805e-151 1.40093e-152 3.56692e-154 9.05883e-156 2.29497e-157 5.8e-159 1.46235e-160 3.67843e-162 9.23182e-164 2.31176e-165 5.77629e-167 1.4402e-168 3.58333e-170 8.89721e-172 2.20467e-173 5.45218e-175 1.34571e-176 3.31515e-178 8.15153e-180 2.00067e-181 4.90147e-183 1.19868e-184 2.92634e-186 7.13179e-188 1.73516e-189 4.21466e-191 1.02206e-192 2.47454e-194
1.0674e-46 3.03553e-47 4.75982e-48 5.42118e-49 4.99959e-50 3.95381e-51 2.77669e-52 1.77254e-53 1.04566e-54 5.77058e-56 3.00709e-57 1.49062e-58 7.0705e-60 3.22475e-61 1.41988e-62 6.05602e-64 2.5093e-65 1.01257e-66 3.98779e-68 1.53566e-69 5.79197e-71 2.14271e-72 7.78522e-74 2.78134e-75 9.78069e-77 3.38864e-78 1.1577e-79 3.90321e-81 1.2996e-82 4.27605e-84 1.39118e-85 4.47785e-87 1.42667e-88 4.50143e-90 1.40715e-91 4.35984e-93 1.33938e-94 4.08129e-96 1.23393e-97 3.70274e-99 1.10311e-100 3.26358e-102 9.59099e-104 2.80047e-105 8.12639e-107 2.34399e-108 6.72194e-110 1.9169e-111 5.43684e-113 1.53396e-114 4.306e-116 1.2028e-117 3.34379e-119 9.25278e-121 2.54889e-122 6.99089e-124 1.90928e-125 5.19298e-127 1.40676e-128 3.79602e-130 1.02044e-131 2.73298e-133 7.29326e-135 1.93946e-136 5.13989e-138 1.35761e-139 3.57423e-141 9.38013e-143 2.45407e-144 6.40101e-146 1.66465e-147 4.3166e-149 1.11617e-150 2.8782e-152 7.40176e-154 1.89845e-155 4.85669e-157 1.23931e-158 3.15459e-160 8.01031e-162 2.02919e-163 5.12841e-165 1.29315e-166 3.25346e-168 8.16744e-170 2.04593e-171 5.11421e-173 1.27575e-174 3.17593e-176 7.89057e-178 1.95657e-179 4.84224e-181 1.19613e-182 2.94918e-184 7.2583e-186 1.78316e-187 4.37302e-189 1.07059e-190 2.61651e-192 6.38408e-194 1.55511e-195
2.11993e-48 6.23647e-49 1.00852e-49 1.18185e-50 1.11932e-51 9.07633e-53 6.52708e-54 4.26173e-55 2.56889e-56 1.44728e-57 7.69333e-59 3.8874e-60 1.87839e-61 8.72202e-63 3.90771e-64 1.69508e-65 7.13977e-67 2.9275e-68 1.17105e-69 4.57867e-71 1.75275e-72 6.57902e-74 2.42458e-75 8.7833e-77 3.13103e-78 1.09937e-79 3.80542e-81 1.2996e-82 4.38206e-84 1.45981e-85 4.80762e-87 1.56611e-88 5.04888e-90 1.61161e-91 5.09578e-93 1.59671e-94 4.95988e-96 1.52794e-97 4.66955e-99 1.41617e-100 4.2634e-102 1.27443e-103 3.78366e-105 1.11596e-106 3.27061e-108 9.52678e-110 2.75862e-111 7.94239e-113 2.27408e-114 6.47638e-116 1.83487e-117 5.17239e-119 1.45097e-120 4.05107e-122 1.12586e-123 3.11504e-125 8.5814e-127 2.35408e-128 6.43138e-130 1.75007e-131 4.7437e-133 1.28097e-134 3.44635e-136 9.2389e-138 2.46809e-139 6.57081e-141 1.74353e-142 4.61136e-144 1.21576e-145 3.19538e-147 8.37301e-149 2.18753e-150 5.69864e-152 1.48033e-153 3.83482e-155 9.9073e-157 2.55279e-158 6.56068e-160 1.68182e-161 4.30061e-163 1.09704e-164 2.79177e-166 7.08793e-168 1.79541e-169 4.53765e-171 1.1443e-172 2.87947e-174 7.23039e-176 1.81178e-177 4.53068e-179 1.13071e-180 2.8163e-182 7.00115e-184 1.73714e-185 4.30218e-187 1.06352e-188 2.62434e-190 6.46434e-192 1.58954e-193 3.90191e-195 9.56203e-197
4.21033e-50 1.27985e-50 2.13253e-51 2.5692e-52 2.4971e-53 2.07485e-54 1.52699e-55 1.01923e-56 6.27445e-58 3.60711e-59 1.95508e-60 1.00659e-61 4.9528e-63 2.34048e-64 1.06661e-65 4.70387e-67 2.01344e-68 8.38604e-70 3.40619e-71 1.35179e-72 5.25071e-74 1.99915e-75 7.47089e-77 2.7436e-78 9.91192e-80 3.5262e-81 1.23638e-82 4.27605e-84 1.45981e-85 4.92274e-87 1.64075e-88 5.40814e-90 1.76382e-91 5.69473e-93 1.82096e-94 5.76924e-96 1.81175e-97 5.64153e-99 1.74246e-100 5.33997e-102 1.62425e-103 4.90486e-105 1.47088e-106 4.38142e-108 1.2967e-109 3.81373e-111 1.1149e-112 3.24033e-114 9.36457e-116 2.69161e-117 7.69546e-119 2.18891e-120 6.19526e-122 1.74499e-123 4.89204e-125 1.36524e-126 3.79318e-128 1.04937e-129 2.89094e-131 7.93193e-133 2.16769e-134 5.90115e-136 1.60045e-137 4.3247e-139 1.16444e-140 3.12437e-142 8.3547e-144 2.22667e-145 5.91525e-147 1.56644e-148 4.13534e-150 1.08842e-151 2.85624e-153 7.47376e-155 1.95009e-156 5.07421e-158 1.31676e-159 3.40795e-161 8.79736e-163 2.26521e-164 5.8181e-166 1.49071e-167 3.81039e-169 9.71685e-171 2.4722e-172 6.27569e-174 1.58957e-175 4.01748e-177 1.01322e-178 2.55003e-180 6.40466e-182 1.60535e-183 4.01593e-185 1.00267e-186 2.49861e-188 6.21477e-190 1.54294e-191 3.82373e-193 9.45913e-195 2.33589e-196 5.75847e-198
8.362e-52 2.6238e-52 4.50066e-53 5.57024e-54 5.5522e-55 4.7244e-56 3.55632e-57 2.42536e-58 1.52413e-59 8.93694e-61 4.93691e-62 2.58891e-63 1.29665e-64 6.23369e-66 2.88862e-67 1.29474e-68 5.63012e-70 2.38128e-71 9.81821e-73 3.95393e-74 1.55792e-75 6.01514e-77 2.27885e-78 8.48174e-80 3.10475e-81 1.11885e-82 3.97287e-84 1.39118e-85 4.80762e-87 1.64075e-88 5.53337e-90 1.84513e-91 6.08671e-93 1.98734e-94 6.42536e-96 2.05798e-97 6.53246e-99 2.05573e-100 6.41591e-102 1.98654e-103 6.10398e-105 1.8618e-106 5.63861e-108 1.69606e-109 5.06813e-111 1.50483e-112 4.44073e-114 1.30268e-115 3.79944e-117 1.102e-118 3.17905e-120 9.12306e-122 2.60483e-123 7.40081e-125 2.09268e-126 5.88989e-128 1.65026e-129 4.60352e-131 1.27871e-132 3.53714e-134 9.74485e-136 2.67415e-137 7.31021e-139 1.99089e-140 5.40234e-142 1.46073e-143 3.93595e-145 1.05695e-146 2.82895e-148 7.54729e-150 2.00717e-151 5.32153e-153 1.40662e-154 3.70711e-156 9.74183e-158 2.55281e-159 6.67105e-161 1.73858e-162 4.51902e-164 1.17156e-165 3.02958e-167 7.81475e-169 2.01089e-170 5.16202e-172 1.322e-173 3.37786e-175 8.61135e-177 2.19047e-178 5.55978e-180 1.40815e-181 3.55903e-183 8.97673e-185 2.25957e-186 5.67638e-188 1.42321e-189 3.56149e-191 8.89563e-193 2.21777e-194 5.51904e-196 1.37099e-197 3.39967e-199
