0.37053 0.0225174 0.0146165 0.0102238 0.00752833 0.00574053 0.00448375 0.00356191 0.00286445 0.00232458 0.00189949 0.0015604 0.00128719 0.00106532 0.000884004 0.000735085 0.000612271 0.000510642 0.000426305 0.000356148 0.000297662 0.000248811 0.000207931 0.000173657 0.000144863 0.000120615 0.000100138 8.27819e-05 6.80033e-05 5.53426e-05 4.64711e-05
0.0225174 0.00299096 0.00180428 0.00116176 0.000785256 0.000550488 0.000396823 0.000292324 0.00021906 0.000166418 0.00012783 9.90801e-05 7.737e-05 6.07925e-05 4.80158e-05 3.80909e-05 3.03293e-05 2.42243e-05 1.93982e-05 1.5566e-05 1.25107e-05 1.00659e-05 8.10276e-06 6.5211e-06 5.24253e-06 4.20544e-06 3.36126e-06 2.6716e-06 2.10621e-06 1.64144e-06 1.34324e-06
0.0146165 0.00180428 0.00104092 0.000647896 0.000427522 0.000294835 0.000210225 0.000153758 0.000114688 8.68725e-05 6.66112e-05 5.15794e-05 4.02605e-05 3.16332e-05 2.49909e-05 1.9834e-05 1.58018e-05 1.26299e-05 1.01216e-05 8.12905e-06 6.5396e-06 5.267e-06 4.24454e-06 3.42035e-06 2.75384e-06 2.21313e-06 1.77309e-06 1.41396e-06 1.12025e-06 9.02731e-07 7.39244e-07
0.0102238 0.00116176 0.000647896 0.000392754 0.000254349 0.000173228 0.000122531 8.91754e-05 6.63193e-05 5.01503e-05 3.8421e-05 2.97415e-05 2.32158e-05 1.8246e-05 1.4421e-05 1.14514e-05 9.12908e-06 7.30165e-06 5.85599e-06 4.70703e-06 3.79013e-06 3.05571e-06 2.46545e-06 1.98955e-06 1.60469e-06 1.29255e-06 1.03873e-06 8.31927e-07 6.72209e-07 5.41723e-07 4.4377e-07
0.00752833 0.000785256 0.000427522 0.000254349 0.000162584 0.000109813 7.72914e-05 5.60949e-05 4.16578e-05 3.14816e-05 2.4115e-05 1.86696e-05 1.45773e-05 1.1461e-05 9.06221e-06 7.19944e-06 5.74222e-06 4.59515e-06 3.68742e-06 2.96577e-06 2.38972e-06 1.92824e-06 1.55732e-06 1.25827e-06 1.0165e-06 8.20516e-07 6.61327e-07 5.3535e-07 4.32649e-07 3.48681e-07 2.8565e-07
0.00574053 0.000550488 0.000294835 0.000173228 0.000109813 7.38069e-05 5.18133e-05 3.75587e-05 2.78805e-05 2.10695e-05 1.61422e-05 1.25004e-05 9.76314e-06 7.67816e-06 6.07281e-06 4.82581e-06 3.85004e-06 3.0818e-06 2.47375e-06 1.9903e-06 1.60439e-06 1.29524e-06 1.04678e-06 8.4653e-07 6.84695e-07 5.53608e-07 4.48621e-07 3.63212e-07 2.93553e-07 2.36583e-07 1.93787e-07
0.00448375 0.000396823 0.000210225 0.000122531 7.72914e-05 5.18133e-05 3.63329e-05 2.63291e-05 1.9546e-05 1.47742e-05 1.13217e-05 8.76915e-06 6.85002e-06 5.38775e-06 4.26159e-06 3.38667e-06 2.70199e-06 2.16291e-06 1.73626e-06 1.39707e-06 1.12635e-06 9.09523e-07 7.35322e-07 5.9497e-07 4.81604e-07 3.90391e-07 3.16363e-07 2.56133e-07 2.07007e-07 1.66828e-07 1.36614e-07
0.00356191 0.000292324 0.000153758 8.91754e-05 5.60949e-05 3.75587e-05 2.63291e-05 1.90816e-05 1.41687e-05 1.07119e-05 8.20979e-06 6.35923e-06 4.96744e-06 3.90677e-06 3.08983e-06 2.45514e-06 1.95849e-06 1.56752e-06 1.25815e-06 1.01225e-06 8.16058e-07 6.58974e-07 5.32819e-07 4.31224e-07 3.4943e-07 2.83221e-07 2.29493e-07 1.85785e-07 1.5014e-07 1.20993e-07 9.90473e-08
0.00286445 0.00021906 0.000114688 6.63193e-05 4.16578e-05 2.78805e-05 1.9546e-05 1.41687e-05 1.05228e-05 7.95629e-06 6.09783e-06 4.72288e-06 3.68861e-06 2.90037e-06 2.29329e-06 1.82172e-06 1.4528e-06 1.16246e-06 9.32789e-07 7.50309e-07 6.04765e-07 4.88285e-07 3.94781e-07 3.19608e-07 2.58931e-07 2.0983e-07 1.69997e-07 1.37601e-07 1.11188e-07 8.95964e-08 7.33195e-08
0.00232458 0.000166418 8.68725e-05 5.01503e-05 3.14816e-05 2.10695e-05 1.47742e-05 1.07119e-05 7.95629e-06 6.0156e-06 4.60984e-06 3.56961e-06 2.7871e-06 2.19079e-06 1.73163e-06 1.37505e-06 1.09619e-06 8.76803e-07 7.0333e-07 5.6556e-07 4.55724e-07 3.67861e-07 2.97402e-07 2.40703e-07 1.94955e-07 1.57949e-07 1.27938e-07 1.03539e-07 8.36536e-08 6.74038e-08 5.51386e-08
0.00189949 0.00012783 6.66112e-05 3.8421e-05 2.4115e-05 1.61422e-05 1.13217e-05 8.20979e-06 6.09783e-06 4.60984e-06 3.53174e-06 2.73393e-06 2.13383e-06 1.67662e-06 1.32467e-06 1.05146e-06 8.37871e-07 6.69911e-07 5.37163e-07 4.31784e-07 3.47811e-07 2.80686e-07 2.26847e-07 1.83541e-07 1.48615e-07 1.20374e-07 9.74803e-08 7.88754e-08 6.37175e-08 5.1336e-08 4.19796e-08
0.0015604 9.90801e-05 5.15794e-05 2.97415e-05 1.86696e-05 1.25004e-05 8.76915e-06 6.35923e-06 4.72288e-06 3.56961e-06 2.73393e-06 2.11553e-06 1.65048e-06 1.29627e-06 1.0237e-06 8.12195e-07 6.46926e-07 5.17021e-07 4.14398e-07 3.32973e-07 2.68127e-07 2.16299e-07 1.74749e-07 1.41342e-07 1.14412e-07 9.26449e-08 7.50075e-08 6.06799e-08 4.90115e-08 3.94843e-08 3.22766e-08
0.00128719 7.737e-05 4.02605e-05 2.32158e-05 1.45773e-05 9.76314e-06 6.85002e-06 4.96744e-06 3.68861e-06 2.7871e-06 2.13383e-06 1.65048e-06 1.28708e-06 1.01039e-06 7.97561e-07 6.32486e-07 5.03557e-07 4.02265e-07 3.22284e-07 2.58858e-07 2.08363e-07 1.68024e-07 1.35699e-07 1.09721e-07 8.87884e-08 7.18769e-08 5.81793e-08 4.70569e-08 3.80025e-08 3.06127e-08 2.50159e-08
0.00106532 6.07925e-05 3.16332e-05 1.8246e-05 1.1461e-05 7.67816e-06 5.38775e-06 3.90677e-06 2.90037e-06 2.19079e-06 1.67662e-06 1.29627e-06 1.01039e-06 7.92804e-07 6.25513e-07 4.95817e-07 3.94569e-07 3.15062e-07 2.52315e-07 2.02576e-07 1.62995e-07 1.3139e-07 1.06076e-07 8.57408e-08 6.9362e-08 5.61354e-08 4.5427e-08 3.67352e-08 2.96625e-08 2.38925e-08 1.95179e-08
0.000884004 4.80158e-05 2.49909e-05 1.4421e-05 9.06221e-06 6.07281e-06 4.26159e-06 3.08983e-06 2.29329e-06 1.73163e-06 1.32467e-06 1.0237e-06 7.97561e-07 6.25513e-07 4.93291e-07 3.90832e-07 3.10883e-07 2.48133e-07 1.98632e-07 1.59411e-07 1.28215e-07 1.03316e-07 8.33816e-08 6.73755e-08 5.44888e-08 4.40866e-08 3.56682e-08 2.88381e-08 2.32825e-08 1.87519e-08 1.53137e-08
0.000735085 3.80909e-05 1.9834e-05 1.14514e-05 7.19944e-06 4.82581e-06 3.38667e-06 2.45514e-06 1.82172e-06 1.37505e-06 1.05146e-06 8.12195e-07 6.32486e-07 4.95817e-07 3.90832e-07 3.09515e-07 2.46094e-07 1.96338e-07 1.57105e-07 1.26034e-07 1.01332e-07 8.16246e-08 6.58532e-08 5.31951e-08 4.30082e-08 3.47886e-08 2.81393e-08 2.27466e-08 1.83619e-08 1.47876e-08 1.20725e-08
0.000612271 3.03293e-05 1.58018e-05 9.12908e-06 5.74222e-06 3.85004e-06 2.70199e-06 1.95849e-06 1.4528e-06 1.09619e-06 8.37871e-07 6.46926e-07 5.03557e-07 3.94569e-07 3.10883e-07 2.46094e-07 1.95585e-07 1.55976e-07 1.24759e-07 1.00048e-07 8.04092e-08 6.47486e-08 5.22209e-08 4.21703e-08 3.40851e-08 2.75638e-08 2.22905e-08 1.80153e-08 1.45406e-08 1.17093e-08 9.55653e-09
0.000510642 2.42243e-05 1.26299e-05 7.30165e-06 4.59515e-06 3.0818e-06 2.16291e-06 1.56752e-06 1.16246e-06 8.76803e-07 6.69911e-07 5.17021e-07 4.02265e-07 3.15062e-07 2.48133e-07 1.96338e-07 1.55976e-07 1.2434e-07 9.94166e-08 7.96953e-08 6.40294e-08 5.15417e-08 4.15562e-08 3.35483e-08 2.71087e-08 2.19168e-08 1.77199e-08 1.43188e-08 1.15555e-08 9.30471e-09 7.59189e-09
0.000426305 1.93982e-05 1.01216e-05 5.85599e-06 3.68742e-06 2.47375e-06 1.73626e-06 1.25815e-06 9.32789e-07 7.0333e-07 5.37163e-07 4.14398e-07 3.22284e-07 2.52315e-07 1.98632e-07 1.57105e-07 1.24759e-07 9.94166e-08 7.94598e-08 6.36748e-08 5.11408e-08 4.11535e-08 3.31705e-08 2.67708e-08 2.16265e-08 1.74803e-08 1.41301e-08 1.1416e-08 9.21171e-09 7.41688e-09 6.04991e-09
0.000356148 1.5566e-05 8.12905e-06 4.70703e-06 2.96577e-06 1.9903e-06 1.39707e-06 1.01225e-06 7.50309e-07 5.6556e-07 4.31784e-07 3.32973e-07 2.58858e-07 2.02576e-07 1.59411e-07 1.26034e-07 1.00048e-07 7.96953e-08 6.36748e-08 5.10082e-08 4.09542e-08 3.29461e-08 2.65474e-08 2.14196e-08 1.72992e-08 1.39794e-08 1.12979e-08 9.12626e-09 7.36317e-09 5.92808e-09 4.83422e-09
0.000297662 1.25107e-05 6.5396e-06 3.79013e-06 2.38972e-06 1.60439e-06 1.12635e-06 8.16058e-07 6.04765e-07 4.55724e-07 3.47811e-07 2.68127e-07 2.08363e-07 1.62995e-07 1.28215e-07 1.01332e-07 8.04092e-08 6.40294e-08 5.11408e-08 4.09542e-08 3.28717e-08 2.64362e-08 2.12958e-08 1.71779e-08 1.387e-08 1.12059e-08 9.05457e-09 7.31297e-09 5.89947e-09 4.74933e-09 3.872e-09
0.000248811 1.00659e-05 5.267e-06 3.05571e-06 1.92824e-06 1.29524e-06 9.09523e-07 6.58974e-07 4.88285e-07 3.67861e-07 2.80686e-07 2.16299e-07 1.68024e-07 1.3139e-07 1.03316e-07 8.16246e-08 6.47486e-08 5.15417e-08 4.11535e-08 3.29461e-08 2.64362e-08 2.12546e-08 1.71171e-08 1.38038e-08 1.1143e-08 9.00076e-09 7.27144e-09 5.87191e-09 4.7364e-09 3.81275e-09 3.10768e-09
0.000207931 8.10276e-06 4.24454e-06 2.46545e-06 1.55732e-06 1.04678e-06 7.35322e-07 5.32819e-07 3.94781e-07 2.97402e-07 2.26847e-07 1.74749e-07 1.35699e-07 1.06076e-07 8.33816e-08 6.58532e-08 5.22209e-08 4.15562e-08 3.31705e-08 2.65474e-08 2.12958e-08 1.71171e-08 1.37816e-08 1.11112e-08 8.9675e-09 7.24201e-09 5.84956e-09 4.723e-09 3.80924e-09 3.06621e-09 2.49861e-09
0.000173657 6.5211e-06 3.42035e-06 1.98955e-06 1.25827e-06 8.4653e-07 5.9497e-07 4.31224e-07 3.19608e-07 2.40703e-07 1.83541e-07 1.41342e-07 1.09721e-07 8.57408e-08 6.73755e-08 5.31951e-08 4.21703e-08 3.35483e-08 2.67708e-08 2.14196e-08 1.71779e-08 1.38038e-08 1.11112e-08 8.95626e-09 7.22678e-09 5.83512e-09 4.71239e-09 3.80431e-09 3.06797e-09 2.46938e-09 2.01183e-09
0.000144863 5.24253e-06 2.75384e-06 1.60469e-06 1.0165e-06 6.84695e-07 4.81604e-07 3.4943e-07 2.58931e-07 1.94955e-07 1.48615e-07 1.14412e-07 8.87884e-08 6.9362e-08 5.44888e-08 4.30082e-08 3.40851e-08 2.71087e-08 2.16265e-08 1.72992e-08 1.387e-08 1.1143e-08 8.9675e-09 7.22678e-09 5.83014e-09 4.7066e-09 3.80041e-09 3.06767e-09 2.47367e-09 1.99093e-09 1.6217e-09
0.000120615 4.20544e-06 2.21313e-06 1.29255e-06 8.20516e-07 5.53608e-07 3.90391e-07 2.83221e-07 2.0983e-07 1.57949e-07 1.20374e-07 9.26449e-08 7.18769e-08 5.61354e-08 4.40866e-08 3.47886e-08 2.75638e-08 2.19168e-08 1.74803e-08 1.39794e-08 1.12059e-08 9.00076e-09 7.24201e-09 5.83512e-09 4.7066e-09 3.79896e-09 3.0671e-09 2.47545e-09 1.99595e-09 1.60635e-09 1.30821e-09
0.000100138 3.36126e-06 1.77309e-06 1.03873e-06 6.61327e-07 4.48621e-07 3.16363e-07 2.29493e-07 1.69997e-07 1.27938e-07 9.74803e-08 7.50075e-08 5.81793e-08 4.5427e-08 3.56682e-08 2.81393e-08 2.22905e-08 1.77199e-08 1.41301e-08 1.12979e-08 9.05457e-09 7.27144e-09 5.84956e-09 4.71239e-09 3.80041e-09 3.0671e-09 2.47591e-09 1.9981e-09 1.61094e-09 1.29644e-09 1.05564e-09
8.27819e-05 2.6716e-06 1.41396e-06 8.31927e-07 5.3535e-07 3.63212e-07 2.56133e-07 1.85785e-07 1.37601e-07 1.03539e-07 7.88754e-08 6.06799e-08 4.70569e-08 3.67352e-08 2.88381e-08 2.27466e-08 1.80153e-08 1.43188e-08 1.1416e-08 9.12626e-09 7.31297e-09 5.87191e-09 4.723e-09 3.80431e-09 3.06767e-09 2.47545e-09 1.9981e-09 1.61236e-09 1.29985e-09 1.04605e-09 8.51642e-10
6.80033e-05 2.10621e-06 1.12025e-06 6.72209e-07 4.32649e-07 2.93553e-07 2.07007e-07 1.5014e-07 1.11188e-07 8.36536e-08 6.37175e-08 4.90115e-08 3.80025e-08 2.96625e-08 2.32825e-08 1.83619e-08 1.45406e-08 1.15555e-08 9.21171e-09 7.36317e-09 5.89947e-09 4.7364e-09 3.80924e-09 3.06797e-09 2.47367e-09 1.99595e-09 1.61094e-09 1.29985e-09 1.04787e-09 8.43242e-10 6.86458e-10
5.53426e-05 1.64144e-06 9.02731e-07 5.41723e-07 3.48681e-07 2.36583e-07 1.66828e-07 1.20993e-07 8.95964e-08 6.74038e-08 5.1336e-08 3.94843e-08 3.06127e-08 2.38925e-08 1.87519e-08 1.47876e-08 1.17093e-08 9.30471e-09 7.41688e-09 5.92808e-09 4.74933e-09 3.81275e-09 3.06621e-09 2.46938e-09 1.99093e-09 1.60635e-09 1.29644e-09 1.04605e-09 8.43242e-10 6.78564e-10 5.52366e-10
4.64711e-05 1.34324e-06 7.39244e-07 4.4377e-07 2.8565e-07 1.93787e-07 1.36614e-07 9.90473e-08 7.33195e-08 5.51386e-08 4.19796e-08 3.22766e-08 2.50159e-08 1.95179e-08 1.53137e-08 1.20725e-08 9.55653e-09 7.59189e-09 6.04991e-09 4.83422e-09 3.872e-09 3.10768e-09 2.49861e-09 2.01183e-09 1.6217e-09 1.30821e-09 1.05564e-09 8.51642e-10 6.86458e-10 5.52366e-10 4.49545e-10
