0.373408 0.0384572 0.0233303 0.0153507 0.0105893 0.00750375 0.00539919 0.00391913 0.00285932 0.00209231 0.00153368 0.00112526 0.000825981 0.000606379 0.000445128 0.000326686 0.000239683 0.000175782 0.000128862 9.44212e-05 6.915e-05 5.06144e-05 3.70239e-05 2.7062e-05 1.97605e-05 1.44077e-05 1.048e-05 7.59214e-06 5.45999e-06 3.87318e-06 2.82469e-06
0.0384572 0.00691303 0.00395157 0.00237961 0.00147912 0.000939904 0.000607529 0.000398175 0.00026398 0.000176692 0.000119212 8.09674e-05 5.52992e-05 3.79461e-05 2.61424e-05 1.80718e-05 1.25294e-05 8.70869e-06 6.06635e-06 4.23374e-06 2.95956e-06 2.07164e-06 1.45161e-06 1.01779e-06 7.13612e-07 4.99838e-07 3.49146e-07 2.42483e-07 1.66538e-07 1.12022e-07 7.92082e-08
0.0233303 0.00395157 0.00210988 0.00121105 0.000729184 0.000453826 0.000289374 0.000187956 0.000123863 8.25729e-05 5.55608e-05 3.76689e-05 2.56977e-05 1.76214e-05 1.21356e-05 8.38803e-06 5.81574e-06 4.04298e-06 2.81701e-06 1.96664e-06 1.37524e-06 9.62992e-07 6.74998e-07 4.7339e-07 3.3195e-07 2.32479e-07 1.62311e-07 1.12621e-07 7.72609e-08 5.38648e-08 3.81062e-08
0.0153507 0.00237961 0.00121105 0.000670159 0.000393374 0.0002407 0.000151763 9.78414e-05 6.41554e-05 4.26232e-05 2.86124e-05 1.93666e-05 1.31966e-05 9.04189e-06 6.22348e-06 4.29997e-06 2.98058e-06 2.07171e-06 1.44338e-06 1.00763e-06 7.04623e-07 4.9341e-07 3.45856e-07 2.42555e-07 1.70078e-07 1.19105e-07 8.31574e-08 5.77296e-08 4.04307e-08 2.81896e-08 1.99449e-08
0.0105893 0.00147912 0.000729184 0.000393374 0.000226747 0.000137051 8.5712e-05 5.49605e-05 3.5906e-05 2.37939e-05 1.5943e-05 1.07763e-05 7.3353e-06 5.02166e-06 3.45402e-06 2.38513e-06 1.65249e-06 1.14812e-06 7.9962e-07 5.58044e-07 3.90124e-07 2.73114e-07 1.91396e-07 1.34204e-07 9.40924e-08 6.58978e-08 4.60373e-08 3.23107e-08 2.263e-08 1.57779e-08 1.11612e-08
0.00750375 0.000939904 0.000453826 0.0002407 0.000137051 8.21521e-05 5.10969e-05 3.26439e-05 2.12718e-05 1.40699e-05 9.41379e-06 6.35558e-06 4.32188e-06 2.95616e-06 2.03176e-06 1.40203e-06 9.7075e-07 6.74067e-07 4.69204e-07 3.27285e-07 2.28695e-07 1.60033e-07 1.12107e-07 7.85848e-08 5.50897e-08 3.85921e-08 2.7104e-08 1.9021e-08 1.33206e-08 9.28622e-09 6.56665e-09
0.00539919 0.000607529 0.000289374 0.000151763 8.5712e-05 5.10969e-05 3.16649e-05 2.01786e-05 1.31248e-05 8.66861e-06 5.79294e-06 3.90687e-06 2.65417e-06 1.81384e-06 1.24561e-06 8.58873e-07 5.94238e-07 4.12339e-07 2.86831e-07 1.9995e-07 1.39636e-07 9.76611e-08 6.83824e-08 4.7918e-08 3.35881e-08 2.35835e-08 1.65591e-08 1.16181e-08 8.13454e-09 5.66992e-09 4.00759e-09
0.00391913 0.000398175 0.000187956 9.78414e-05 5.49605e-05 3.26439e-05 2.01786e-05 1.28355e-05 8.33663e-06 5.49944e-06 3.67107e-06 2.47333e-06 1.67868e-06 1.14615e-06 7.86407e-07 5.41793e-07 3.74559e-07 2.59708e-07 1.80529e-07 1.25761e-07 8.77703e-08 6.13505e-08 4.29362e-08 3.00764e-08 2.10983e-08 1.48084e-08 1.0394e-08 7.2903e-09 5.10296e-09 3.55618e-09 2.51232e-09
0.00285932 0.00026398 0.000123863 6.41554e-05 3.5906e-05 2.12718e-05 1.31248e-05 8.33663e-06 5.40804e-06 3.56359e-06 2.37635e-06 1.59944e-06 1.08451e-06 7.39787e-07 5.07139e-07 3.49094e-07 2.41143e-07 1.67071e-07 1.16049e-07 8.07861e-08 5.63446e-08 3.93608e-08 2.75329e-08 1.92871e-08 1.35233e-08 9.48749e-09 6.65662e-09 4.66722e-09 3.26591e-09 2.27551e-09 1.60676e-09
0.00209231 0.000176692 8.25729e-05 4.26232e-05 2.37939e-05 1.40699e-05 8.66861e-06 5.49944e-06 3.56359e-06 2.34574e-06 1.56265e-06 1.05072e-06 7.11772e-07 4.85078e-07 3.32234e-07 2.28501e-07 1.57712e-07 1.09183e-07 7.57829e-08 5.27185e-08 3.67448e-08 2.56538e-08 1.7939e-08 1.25597e-08 8.80192e-09 6.17222e-09 4.32872e-09 3.03389e-09 2.12232e-09 1.47841e-09 1.04341e-09
0.00153368 0.000119212 5.55608e-05 2.86124e-05 1.5943e-05 9.41379e-06 5.79294e-06 3.67107e-06 2.37635e-06 1.56265e-06 1.03995e-06 6.9858e-07 4.72778e-07 3.21908e-07 2.20284e-07 1.51378e-07 1.04397e-07 7.22181e-08 5.00895e-08 3.48209e-08 2.42547e-08 1.69253e-08 1.18286e-08 8.27707e-09 5.79767e-09 4.06362e-09 2.84868e-09 1.99581e-09 1.39571e-09 9.72057e-10 6.85718e-10
0.00112526 8.09674e-05 3.76689e-05 1.93666e-05 1.07763e-05 6.35558e-06 3.90687e-06 2.47333e-06 1.59944e-06 1.05072e-06 6.9858e-07 4.68822e-07 3.16992e-07 2.15643e-07 1.4744e-07 1.01237e-07 6.97635e-08 4.82238e-08 3.34238e-08 2.322e-08 1.61646e-08 1.12731e-08 7.87394e-09 5.50686e-09 3.85534e-09 2.70096e-09 1.89263e-09 1.32549e-09 9.26661e-10 6.45254e-10 4.54973e-10
0.000825981 5.52992e-05 2.56977e-05 1.31966e-05 7.3353e-06 4.32188e-06 2.65417e-06 1.67868e-06 1.08451e-06 7.11772e-07 4.72778e-07 3.16992e-07 2.14141e-07 1.45551e-07 9.94342e-08 6.82206e-08 4.69762e-08 3.24489e-08 2.2475e-08 1.5604e-08 1.08561e-08 7.56654e-09 5.28208e-09 3.69223e-09 2.58365e-09 1.80923e-09 1.26724e-09 8.87182e-10 6.20049e-10 4.31671e-10 3.04241e-10
0.000606379 3.79461e-05 1.76214e-05 9.04189e-06 5.02166e-06 2.95616e-06 1.81384e-06 1.14615e-06 7.39787e-07 4.85078e-07 3.21908e-07 2.15643e-07 1.45551e-07 9.88479e-08 6.74753e-08 4.62589e-08 3.18306e-08 2.19719e-08 1.52086e-08 1.05525e-08 7.33728e-09 5.1111e-09 3.56607e-09 2.49146e-09 1.74258e-09 1.21972e-09 8.53987e-10 5.97656e-10 4.17579e-10 2.90659e-10 2.0477e-10
0.000445128 2.61424e-05 1.21356e-05 6.22348e-06 3.45402e-06 2.03176e-06 1.24561e-06 7.86407e-07 5.07139e-07 3.32234e-07 2.20284e-07 1.4744e-07 9.94342e-08 6.74753e-08 4.60248e-08 3.15303e-08 2.16809e-08 1.49561e-08 1.03459e-08 7.17422e-09 4.98548e-09 3.47097e-09 2.42048e-09 1.69027e-09 1.18167e-09 8.26757e-10 5.78628e-10 4.04809e-10 2.82759e-10 1.96781e-10 1.38577e-10
0.000326686 1.80718e-05 8.38803e-06 4.29997e-06 2.38513e-06 1.40203e-06 8.58873e-07 5.41793e-07 3.49094e-07 2.28501e-07 1.51378e-07 1.01237e-07 6.82206e-08 4.62589e-08 3.15303e-08 2.15856e-08 1.4833e-08 1.02258e-08 7.06947e-09 4.89941e-09 3.40282e-09 2.36787e-09 1.65042e-09 1.15198e-09 8.04997e-10 5.62986e-10 3.93873e-10 2.75463e-10 1.92358e-10 1.33845e-10 9.42197e-11
0.000239683 1.25294e-05 5.81574e-06 2.98058e-06 1.65249e-06 9.7075e-07 5.94238e-07 3.74559e-07 2.41143e-07 1.57712e-07 1.04397e-07 6.97635e-08 4.69762e-08 3.18306e-08 2.16809e-08 1.4833e-08 1.01864e-08 7.01824e-09 4.84917e-09 3.35882e-09 2.33161e-09 1.62165e-09 1.12977e-09 7.88215e-10 5.50566e-10 3.84894e-10 2.6918e-10 1.88196e-10 1.31385e-10 9.14038e-11 6.43194e-11
0.000175782 8.70869e-06 4.04298e-06 2.07171e-06 1.14812e-06 6.74067e-07 4.12339e-07 2.59708e-07 1.67071e-07 1.09183e-07 7.22181e-08 4.82238e-08 3.24489e-08 2.19719e-08 1.49561e-08 1.02258e-08 7.01824e-09 4.83265e-09 3.33724e-09 2.31036e-09 1.60299e-09 1.11436e-09 7.75996e-10 5.41163e-10 3.77847e-10 2.64048e-10 1.846e-10 1.29023e-10 9.00519e-11 6.26385e-11 4.40621e-11
0.000128862 6.06635e-06 2.81701e-06 1.44338e-06 7.9962e-07 4.69204e-07 2.86831e-07 1.80529e-07 1.16049e-07 7.57829e-08 5.00895e-08 3.34238e-08 2.2475e-08 1.52086e-08 1.03459e-08 7.06947e-09 4.84917e-09 3.33724e-09 2.30335e-09 1.5938e-09 1.1053e-09 7.68026e-10 5.3459e-10 3.72657e-10 2.60093e-10 1.81692e-10 1.26981e-10 8.87247e-11 6.19107e-11 4.30573e-11 3.02776e-11
9.44212e-05 4.23374e-06 1.96664e-06 1.00763e-06 5.58044e-07 3.27285e-07 1.9995e-07 1.25761e-07 8.07861e-08 5.27185e-08 3.48209e-08 2.322e-08 1.5604e-08 1.05525e-08 7.17422e-09 4.89941e-09 3.35882e-09 2.31036e-09 1.5938e-09 1.1023e-09 7.64093e-10 5.30706e-10 3.69248e-10 2.57297e-10 1.7951e-10 1.25356e-10 8.75806e-11 6.1177e-11 4.26784e-11 2.96773e-11 2.0862e-11
6.915e-05 2.95956e-06 1.37524e-06 7.04623e-07 3.90124e-07 2.28695e-07 1.39636e-07 8.77703e-08 5.63446e-08 3.67448e-08 2.42547e-08 1.61646e-08 1.08561e-08 7.33728e-09 4.98548e-09 3.40282e-09 2.33161e-09 1.60299e-09 1.1053e-09 7.64093e-10 5.29421e-10 3.67558e-10 2.55633e-10 1.78061e-10 1.24184e-10 8.66911e-11 6.05484e-11 4.22828e-11 2.94907e-11 2.0504e-11 1.4409e-11
5.06144e-05 2.07164e-06 9.62992e-07 4.9341e-07 2.73114e-07 1.60033e-07 9.76611e-08 6.13505e-08 3.93608e-08 2.56538e-08 1.69253e-08 1.12731e-08 7.56654e-09 5.1111e-09 3.47097e-09 2.36787e-09 1.62165e-09 1.11436e-09 7.68026e-10 5.30706e-10 3.67558e-10 2.55081e-10 1.77338e-10 1.23479e-10 8.60879e-11 6.00771e-11 4.19476e-11 2.92855e-11 2.04212e-11 1.41963e-11 9.97325e-12
3.70239e-05 1.45161e-06 6.74998e-07 3.45856e-07 1.91396e-07 1.12107e-07 6.83824e-08 4.29362e-08 2.75329e-08 1.7939e-08 1.18286e-08 7.87394e-09 5.28208e-09 3.56607e-09 2.42048e-09 1.65042e-09 1.12977e-09 7.75996e-10 5.3459e-10 3.69248e-10 2.55633e-10 1.77338e-10 1.23244e-10 8.57841e-11 5.97875e-11 4.17102e-11 2.91149e-11 2.03213e-11 1.41673e-11 9.84744e-12 6.91606e-12
2.7062e-05 1.01779e-06 4.7339e-07 2.42555e-07 1.34204e-07 7.85848e-08 4.7918e-08 3.00764e-08 1.92871e-08 1.25597e-08 8.27707e-09 5.50686e-09 3.69223e-09 2.49146e-09 1.69027e-09 1.15198e-09 7.88215e-10 5.41163e-10 3.72657e-10 2.57297e-10 1.78061e-10 1.23479e-10 8.57841e-11 5.969e-11 4.1588e-11 2.90048e-11 2.02406e-11 1.41238e-11 9.84473e-12 6.842e-12 4.80394e-12
1.97605e-05 7.13612e-07 3.3195e-07 1.70078e-07 9.40924e-08 5.50897e-08 3.35881e-08 2.10983e-08 1.35233e-08 8.80192e-09 5.79767e-09 3.85534e-09 2.58365e-09 1.74258e-09 1.18167e-09 8.04997e-10 5.50566e-10 3.77847e-10 2.60093e-10 1.7951e-10 1.24184e-10 8.60879e-11 5.97875e-11 4.1588e-11 2.8967e-11 2.01968e-11 1.40904e-11 9.82991e-12 6.85043e-12 4.76041e-12 3.34151e-12
1.44077e-05 4.99838e-07 2.32479e-07 1.19105e-07 6.58978e-08 3.85921e-08 2.35835e-08 1.48084e-08 9.48749e-09 6.17222e-09 4.06362e-09 2.70096e-09 1.80923e-09 1.21972e-09 8.26757e-10 5.62986e-10 3.84894e-10 2.64048e-10 1.81692e-10 1.25356e-10 8.66911e-11 6.00771e-11 4.17102e-11 2.90048e-11 2.01968e-11 1.40781e-11 9.81922e-12 6.84872e-12 4.772e-12 3.31571e-12 2.32683e-12
1.048e-05 3.49146e-07 1.62311e-07 8.31574e-08 4.60373e-08 2.7104e-08 1.65591e-08 1.0394e-08 6.65662e-09 4.32872e-09 2.84868e-09 1.89263e-09 1.26724e-09 8.53987e-10 5.78628e-10 3.93873e-10 2.6918e-10 1.846e-10 1.26981e-10 8.75806e-11 6.05484e-11 4.19476e-11 2.91149e-11 2.02406e-11 1.40904e-11 9.81922e-12 6.84717e-12 4.7748e-12 3.32639e-12 2.31102e-12 1.62141e-12
7.59214e-06 2.42483e-07 1.12621e-07 5.77296e-08 3.23107e-08 1.9021e-08 1.16181e-08 7.2903e-09 4.66722e-09 3.03389e-09 1.99581e-09 1.32549e-09 8.87182e-10 5.97656e-10 4.04809e-10 2.75463e-10 1.88196e-10 1.29023e-10 8.87247e-11 6.1177e-11 4.22828e-11 2.92855e-11 2.03213e-11 1.41238e-11 9.82991e-12 6.84872e-12 4.7748e-12 3.32905e-12 2.31886e-12 1.61089e-12 1.12996e-12
5.45999e-06 1.66538e-07 7.72609e-08 4.04307e-08 2.263e-08 1.33206e-08 8.13454e-09 5.10296e-09 3.26591e-09 2.12232e-09 1.39571e-09 9.26661e-10 6.20049e-10 4.17579e-10 2.82759e-10 1.92358e-10 1.31385e-10 9.00519e-11 6.19107e-11 4.26784e-11 2.94907e-11 2.04212e-11 1.41673e-11 9.84473e-12 6.85043e-12 4.772e-12 3.32639e-12 2.31886e-12 1.61502e-12 1.12185e-12 7.86787e-13
3.87318e-06 1.12022e-07 5.38648e-08 2.81896e-08 1.57779e-08 9.28622e-09 5.66992e-09 3.55618e-09 2.27551e-09 1.47841e-09 9.72057e-10 6.45254e-10 4.31671e-10 2.90659e-10 1.96781e-10 1.33845e-10 9.14038e-11 6.26385e-11 4.30573e-11 2.96773e-11 2.0504e-11 1.41963e-11 9.84744e-12 6.842e-12 4.76041e-12 3.31571e-12 2.31102e-12 1.61089e-12 1.12185e-12 7.79235e-13 5.46442e-13
2.82469e-06 7.92082e-08 3.81062e-08 1.99449e-08 1.11612e-08 6.56665e-09 4.00759e-09 2.51232e-09 1.60676e-09 1.04341e-09 6.85718e-10 4.54973e-10 3.04241e-10 2.0477e-10 1.38577e-10 9.42197e-11 6.43194e-11 4.40621e-11 3.02776e-11 2.0862e-11 1.4409e-11 9.97325e-12 6.91606e-12 4.80394e-12 3.34151e-12 2.32683e-12 1.62141e-12 1.12996e-12 7.86787e-13 5.46442e-13 3.83105e-13
