0.371223 0.0266447 0.017013 0.0117274 0.00850413 0.00637509 0.00488585 0.00380143 0.00298922 0.0023686 0.00188747 0.00151049 0.00121272 0.000976097 0.000787166 0.00063576 0.000514071 0.00041604 0.000336917 0.000272957 0.000221184 0.000179227 0.000145186 0.000117534 9.50396e-05 7.67089e-05 6.17351e-05 4.94625e-05 3.93555e-05 3.09749e-05 2.51459e-05
0.0266447 0.00388976 0.00231752 0.00147022 0.000975365 0.000668726 0.00047013 0.00033705 0.000245434 0.000180974 0.000134811 0.000101266 7.65973e-05 5.82742e-05 4.4551e-05 3.42005e-05 2.63472e-05 2.03579e-05 1.57699e-05 1.22414e-05 9.51832e-06 7.40991e-06 5.77249e-06 4.49704e-06 3.50054e-06 2.71943e-06 2.10498e-06 1.61969e-06 1.23474e-06 9.28122e-07 7.32995e-07
0.017013 0.00231752 0.00131428 0.000803643 0.000519635 0.000350152 0.000243347 0.000173143 0.000125454 9.22087e-05 6.85494e-05 5.14308e-05 3.88777e-05 2.95711e-05 2.26087e-05 1.73606e-05 1.33797e-05 1.03436e-05 8.01723e-06 6.22744e-06 4.84547e-06 3.77488e-06 2.94295e-06 2.29456e-06 1.78771e-06 1.39028e-06 1.07764e-06 8.3089e-07 6.35596e-07 4.9435e-07 3.90674e-07
0.0117274 0.00147022 0.000803643 0.000477584 0.000302637 0.000201194 0.000138605 9.8069e-05 7.08093e-05 5.19329e-05 3.85586e-05 2.89095e-05 2.18465e-05 1.6616e-05 1.27054e-05 9.75863e-06 7.52343e-06 5.81855e-06 4.51195e-06 3.50645e-06 2.72983e-06 2.128e-06 1.66021e-06 1.29555e-06 1.01049e-06 7.87021e-07 6.11362e-07 4.72975e-07 3.69102e-07 2.87101e-07 2.26955e-07
0.00850413 0.000975365 0.000519635 0.000302637 0.000189077 0.000124541 8.53052e-05 6.01479e-05 4.334e-05 3.1749e-05 2.35575e-05 1.76566e-05 1.33412e-05 1.01471e-05 7.75957e-06 5.96066e-06 4.59615e-06 3.55534e-06 2.75761e-06 2.14366e-06 1.66943e-06 1.30192e-06 1.01628e-06 7.93641e-07 6.19659e-07 4.83361e-07 3.76362e-07 2.94318e-07 2.29718e-07 1.78689e-07 1.41254e-07
0.00637509 0.000668726 0.000350152 0.000201194 0.000124541 8.15609e-05 5.56774e-05 3.91833e-05 2.82047e-05 2.065e-05 1.53175e-05 1.14787e-05 8.67239e-06 6.59559e-06 5.04345e-06 3.87405e-06 2.98712e-06 2.31063e-06 1.7922e-06 1.39324e-06 1.08513e-06 8.46402e-07 6.60906e-07 5.16385e-07 4.03512e-07 3.15168e-07 2.46724e-07 1.92956e-07 1.50608e-07 1.1715e-07 9.25878e-08
0.00488585 0.00047013 0.000243347 0.000138605 8.53052e-05 5.56774e-05 3.79387e-05 2.66745e-05 1.91913e-05 1.4047e-05 1.04176e-05 7.80538e-06 5.89603e-06 4.48321e-06 3.42747e-06 2.63219e-06 2.02914e-06 1.56928e-06 1.21695e-06 9.45909e-07 7.36648e-07 5.74577e-07 4.48697e-07 3.50676e-07 2.74175e-07 2.14677e-07 1.68048e-07 1.31418e-07 1.02569e-07 7.97784e-08 6.3031e-08
0.00380143 0.00033705 0.000173143 9.8069e-05 6.01479e-05 3.91833e-05 2.66745e-05 1.87461e-05 1.34835e-05 9.86707e-06 7.31594e-06 5.48004e-06 4.13828e-06 3.14563e-06 2.40404e-06 1.84558e-06 1.42224e-06 1.09954e-06 8.52404e-07 6.6236e-07 5.15703e-07 4.02172e-07 3.14041e-07 2.45456e-07 1.92096e-07 1.50383e-07 1.177e-07 9.20301e-08 7.18181e-08 5.58557e-08 4.41135e-08
0.00298922 0.000245434 0.000125454 7.08093e-05 4.334e-05 2.82047e-05 1.91913e-05 1.34835e-05 9.69615e-06 7.09371e-06 5.25799e-06 3.9371e-06 2.97191e-06 2.25806e-06 1.72494e-06 1.32364e-06 1.01956e-06 7.87891e-07 6.10548e-07 4.74245e-07 3.69115e-07 2.87775e-07 2.24669e-07 1.75643e-07 1.37421e-07 1.07552e-07 8.41576e-08 6.57902e-08 5.13327e-08 3.99194e-08 3.15148e-08
0.0023686 0.000180974 9.22087e-05 5.19329e-05 3.1749e-05 2.065e-05 1.4047e-05 9.86707e-06 7.09371e-06 5.18806e-06 3.84397e-06 2.87701e-06 2.17065e-06 1.64843e-06 1.25859e-06 9.65287e-07 7.43161e-07 5.74013e-07 4.44604e-07 3.45197e-07 2.68568e-07 2.09313e-07 1.63391e-07 1.2769e-07 9.98698e-08 7.81391e-08 6.11259e-08 4.77742e-08 3.72691e-08 2.89795e-08 2.28689e-08
0.00188747 0.000134811 6.85494e-05 3.85586e-05 2.35575e-05 1.53175e-05 1.04176e-05 7.31594e-06 5.25799e-06 3.84397e-06 2.84678e-06 2.12958e-06 1.60586e-06 1.21884e-06 9.30085e-07 7.12945e-07 5.48593e-07 4.23512e-07 3.27871e-07 2.54446e-07 1.97878e-07 1.5417e-07 1.20296e-07 9.39757e-08 7.34744e-08 5.74685e-08 4.4943e-08 3.51176e-08 2.73904e-08 2.12956e-08 1.67986e-08
0.00151049 0.000101266 5.14308e-05 2.89095e-05 1.76566e-05 1.14787e-05 7.80538e-06 5.48004e-06 3.9371e-06 2.87701e-06 2.12958e-06 1.59218e-06 1.19994e-06 9.10229e-07 6.94188e-07 5.31823e-07 4.09001e-07 3.15581e-07 2.44192e-07 1.89417e-07 1.47245e-07 1.1467e-07 8.94375e-08 6.98412e-08 5.45851e-08 4.268e-08 3.3368e-08 2.60666e-08 2.03271e-08 1.58022e-08 1.24604e-08
0.00121272 7.65973e-05 3.88777e-05 2.18465e-05 1.33412e-05 8.67239e-06 5.89603e-06 4.13828e-06 2.97191e-06 2.17065e-06 1.60586e-06 1.19994e-06 9.03807e-07 6.85191e-07 5.22262e-07 3.99884e-07 3.07366e-07 2.37037e-07 1.83324e-07 1.42137e-07 1.1044e-07 8.59693e-08 6.70241e-08 5.23182e-08 4.0875e-08 3.19495e-08 2.49714e-08 1.95025e-08 1.52055e-08 1.18193e-08 9.31636e-09
0.000976097 5.82742e-05 2.95711e-05 1.6616e-05 1.01471e-05 6.59559e-06 4.48321e-06 3.14563e-06 2.25806e-06 1.64843e-06 1.21884e-06 9.10229e-07 6.85191e-07 5.19154e-07 3.95481e-07 3.02644e-07 2.32499e-07 1.79208e-07 1.38532e-07 1.07357e-07 8.33779e-08 6.48754e-08 5.05579e-08 3.94497e-08 3.08101e-08 2.40746e-08 1.8811e-08 1.46878e-08 1.14494e-08 8.89874e-09 7.01174e-09
0.000787166 4.4551e-05 2.26087e-05 1.27054e-05 7.75957e-06 5.04345e-06 3.42747e-06 2.40404e-06 1.72494e-06 1.25859e-06 9.30085e-07 6.94188e-07 5.22262e-07 3.95481e-07 3.01102e-07 2.30295e-07 1.76827e-07 1.36229e-07 1.05257e-07 8.15321e-08 6.32932e-08 4.92269e-08 3.83476e-08 2.99109e-08 2.33522e-08 1.82413e-08 1.42491e-08 1.11231e-08 8.66912e-09 6.7371e-09 5.30664e-09
0.00063576 3.42005e-05 1.73606e-05 9.75863e-06 5.96066e-06 3.87405e-06 2.63219e-06 1.84558e-06 1.32364e-06 9.65287e-07 7.12945e-07 5.31823e-07 3.99884e-07 3.02644e-07 2.30295e-07 1.76047e-07 1.35106e-07 1.04036e-07 8.03453e-08 6.22075e-08 4.82707e-08 3.75277e-08 2.92226e-08 2.27852e-08 1.7783e-08 1.38866e-08 1.08445e-08 8.46348e-09 6.59508e-09 5.12475e-09 4.03528e-09
0.000514071 2.63472e-05 1.33797e-05 7.52343e-06 4.59615e-06 2.98712e-06 2.02914e-06 1.42224e-06 1.01956e-06 7.43161e-07 5.48593e-07 4.09001e-07 3.07366e-07 2.32499e-07 1.76827e-07 1.35106e-07 1.03635e-07 7.97644e-08 6.1573e-08 4.76523e-08 3.69612e-08 2.87238e-08 2.23587e-08 1.74271e-08 1.35968e-08 1.06145e-08 8.28697e-09 6.46602e-09 5.03771e-09 3.91418e-09 3.08108e-09
0.00041604 2.03579e-05 1.03436e-05 5.81855e-06 3.55534e-06 2.31063e-06 1.56928e-06 1.09954e-06 7.87891e-07 5.74013e-07 4.23512e-07 3.15581e-07 2.37037e-07 1.79208e-07 1.36229e-07 1.04036e-07 7.97644e-08 6.13643e-08 4.73487e-08 3.66286e-08 2.83993e-08 2.20617e-08 1.71667e-08 1.33758e-08 1.04325e-08 8.14193e-09 6.35496e-09 4.95746e-09 3.86173e-09 3.00018e-09 2.36089e-09
0.000336917 1.57699e-05 8.01723e-06 4.51195e-06 2.75761e-06 1.7922e-06 1.21695e-06 8.52404e-07 6.10548e-07 4.44604e-07 3.27871e-07 2.44192e-07 1.83324e-07 1.38532e-07 1.05257e-07 8.03453e-08 6.1573e-08 4.73487e-08 3.65189e-08 2.82394e-08 2.18865e-08 1.69961e-08 1.32204e-08 1.02976e-08 8.02922e-09 6.26454e-09 4.88839e-09 3.81259e-09 2.96943e-09 2.30673e-09 1.81466e-09
0.000272957 1.22414e-05 6.22744e-06 3.50645e-06 2.14366e-06 1.39324e-06 9.45909e-07 6.6236e-07 4.74245e-07 3.45197e-07 2.54446e-07 1.89417e-07 1.42137e-07 1.07357e-07 8.15321e-08 6.22075e-08 4.76523e-08 3.66286e-08 2.82394e-08 2.18286e-08 1.69117e-08 1.31282e-08 1.02084e-08 7.94894e-09 6.19612e-09 4.83302e-09 3.77043e-09 2.94006e-09 2.28951e-09 1.77838e-09 1.39862e-09
0.000221184 9.51832e-06 4.84547e-06 2.72983e-06 1.66943e-06 1.08513e-06 7.36648e-07 5.15703e-07 3.69115e-07 2.68568e-07 1.97878e-07 1.47245e-07 1.1044e-07 8.33779e-08 6.32932e-08 4.82707e-08 3.69612e-08 2.83993e-08 2.18865e-08 1.69117e-08 1.30977e-08 1.0164e-08 7.90091e-09 6.15033e-09 4.79276e-09 3.73742e-09 2.91503e-09 2.2726e-09 1.76947e-09 1.37432e-09 1.08055e-09
0.000179227 7.40991e-06 3.77488e-06 2.128e-06 1.30192e-06 8.46402e-07 5.74577e-07 4.02172e-07 2.87775e-07 2.09313e-07 1.5417e-07 1.1467e-07 8.59693e-08 6.48754e-08 4.92269e-08 3.75277e-08 2.87238e-08 2.20617e-08 1.69961e-08 1.31282e-08 1.0164e-08 7.88493e-09 6.12739e-09 4.76838e-09 3.71484e-09 2.89613e-09 2.25836e-09 1.76032e-09 1.3704e-09 1.06428e-09 8.36557e-10
0.000145186 5.77249e-06 2.94295e-06 1.66021e-06 1.01628e-06 6.60906e-07 4.48697e-07 3.14041e-07 2.24669e-07 1.63391e-07 1.20296e-07 8.94375e-08 6.70241e-08 5.05579e-08 3.83476e-08 2.92226e-08 2.23587e-08 1.71667e-08 1.32204e-08 1.02084e-08 7.90091e-09 6.12739e-09 4.76021e-09 3.7034e-09 2.88442e-09 2.24818e-09 1.75273e-09 1.36595e-09 1.06324e-09 8.25663e-10 6.48834e-10
0.000117534 4.49704e-06 2.29456e-06 1.29555e-06 7.93641e-07 5.16385e-07 3.50676e-07 2.45456e-07 1.75643e-07 1.2769e-07 9.39757e-08 6.98412e-08 5.23182e-08 3.94497e-08 2.99109e-08 2.27852e-08 1.74271e-08 1.33758e-08 1.02976e-08 7.94894e-09 6.15033e-09 4.76838e-09 3.7034e-09 2.88045e-09 2.24291e-09 1.74778e-09 1.36233e-09 1.06152e-09 8.26165e-10 6.41513e-10 5.04002e-10
9.50396e-05 3.50054e-06 1.78771e-06 1.01049e-06 6.19659e-07 4.03512e-07 2.74175e-07 1.92096e-07 1.37421e-07 9.98698e-08 7.34744e-08 5.45851e-08 4.0875e-08 3.08101e-08 2.33522e-08 1.7783e-08 1.35968e-08 1.04325e-08 8.02922e-09 6.19612e-09 4.79276e-09 3.71484e-09 2.88442e-09 2.24291e-09 1.74607e-09 1.36033e-09 1.06013e-09 8.25912e-10 6.42717e-10 4.99029e-10 3.91973e-10
7.67089e-05 2.71943e-06 1.39028e-06 7.87021e-07 4.83361e-07 3.15168e-07 2.14677e-07 1.50383e-07 1.07552e-07 7.81391e-08 5.74685e-08 4.268e-08 3.19495e-08 2.40746e-08 1.82413e-08 1.38866e-08 1.06145e-08 8.14193e-09 6.26454e-09 4.83302e-09 3.73742e-09 2.89613e-09 2.24818e-09 1.74778e-09 1.36033e-09 1.0596e-09 8.2562e-10 6.4312e-10 5.00413e-10 3.88513e-10 3.05103e-10
6.17351e-05 2.10498e-06 1.07764e-06 6.11362e-07 3.76362e-07 2.46724e-07 1.68048e-07 1.177e-07 8.41576e-08 6.11259e-08 4.4943e-08 3.3368e-08 2.49714e-08 1.8811e-08 1.42491e-08 1.08445e-08 8.28697e-09 6.35496e-09 4.88839e-09 3.77043e-09 2.91503e-09 2.25836e-09 1.75273e-09 1.36233e-09 1.06013e-09 8.2562e-10 6.43205e-10 5.0096e-10 3.89758e-10 3.02585e-10 2.37578e-10
4.94625e-05 1.61969e-06 8.3089e-07 4.72975e-07 2.94318e-07 1.92956e-07 1.31418e-07 9.20301e-08 6.57902e-08 4.77742e-08 3.51176e-08 2.60666e-08 1.95025e-08 1.46878e-08 1.11231e-08 8.46348e-09 6.46602e-09 4.95746e-09 3.81259e-09 2.94006e-09 2.2726e-09 1.76032e-09 1.36595e-09 1.06152e-09 8.25912e-10 6.4312e-10 5.0096e-10 3.90129e-10 3.03503e-10 2.3561e-10 1.84962e-10
3.93555e-05 1.23474e-06 6.35596e-07 3.69102e-07 2.29718e-07 1.50608e-07 1.02569e-07 7.18181e-08 5.13327e-08 3.72691e-08 2.73904e-08 2.03271e-08 1.52055e-08 1.14494e-08 8.66912e-09 6.59508e-09 5.03771e-09 3.86173e-09 2.96943e-09 2.28951e-09 1.76947e-09 1.3704e-09 1.06324e-09 8.26165e-10 6.42717e-10 5.00413e-10 3.89758e-10 3.03503e-10 2.36096e-10 1.83274e-10 1.4386e-10
3.09749e-05 9.28122e-07 4.9435e-07 2.87101e-07 1.78689e-07 1.1715e-07 7.97784e-08 5.58557e-08 3.99194e-08 2.89795e-08 2.12956e-08 1.58022e-08 1.18193e-08 8.89874e-09 6.7371e-09 5.12475e-09 3.91418e-09 3.00018e-09 2.30673e-09 1.77838e-09 1.37432e-09 1.06428e-09 8.25663e-10 6.41513e-10 4.99029e-10 3.88513e-10 3.02585e-10 2.3561e-10 1.83274e-10 1.42267e-10 1.11663e-10
2.51459e-05 7.32995e-07 3.90674e-07 2.26955e-07 1.41254e-07 9.25878e-08 6.3031e-08 4.41135e-08 3.15148e-08 2.28689e-08 1.67986e-08 1.24604e-08 9.31636e-09 7.01174e-09 5.30664e-09 4.03528e-09 3.08108e-09 2.36089e-09 1.81466e-09 1.39862e-09 1.08055e-09 8.36557e-10 6.48834e-10 5.04002e-10 3.91973e-10 3.05103e-10 2.37578e-10 1.84962e-10 1.4386e-10 1.11663e-10 8.7624e-11
