0.0676606 0.0426011 0.0268229 0.0168885 0.0106335 0.00669517 0.00421548 0.00265419 0.00167116 0.00105221 0.000662502 0.000417131 0.000262638 0.000165365 0.000104118 6.55561e-05 4.12761e-05 2.59886e-05 1.63632e-05 1.03028e-05 6.48692e-06 4.08436e-06 2.57163e-06 1.61918e-06 1.01948e-06 6.41896e-07 4.04157e-07 2.54469e-07 1.60221e-07 1.0088e-07 6.35171e-08 3.99922e-08 2.51803e-08 1.58543e-08 9.98231e-09 6.28516e-09 3.95732e-09 2.49165e-09 1.56881e-09 9.87772e-10 6.21931e-10 3.91586e-10 2.46554e-10 1.55238e-10 9.77423e-11 6.15414e-11 3.87483e-11 2.43971e-11 1.53611e-11 9.67182e-12 6.08967e-12 3.83423e-12 2.41415e-12 1.52002e-12 9.57049e-13 6.02586e-13 3.79406e-13 2.38885e-13 1.50409e-13 9.47022e-14 5.96273e-14 3.75431e-14 2.36383e-14 1.48833e-14 9.37099e-15 5.90026e-15 3.71498e-15 2.33906e-15 1.47274e-15 9.27281e-16 5.83844e-16 3.67605e-16 2.31455e-16 1.45731e-16 9.17566e-17 5.77727e-17 3.63754e-17 2.2903e-17 1.44204e-17 9.07952e-18 5.71674e-18 3.59943e-18 2.26631e-18 1.42693e-18 8.98439e-19 5.65684e-19 3.56171e-19 2.24256e-19 1.41198e-19 8.89026e-20 5.59757e-20 3.5244e-20 2.21907e-20 1.39719e-20 8.79712e-21 5.53893e-21 3.48747e-21 2.19582e-21 1.38255e-21 8.70495e-22 5.48089e-22
0.0426011 0.0315262 0.0228112 0.0162272 0.0113911 0.00791134 0.00544662 0.00372239 0.00252823 0.00170802 0.00114856 0.00076922 0.00051332 0.000341458 0.000226487 0.000149841 9.89013e-05 6.51404e-05 4.28209e-05 2.80988e-05 1.8408e-05 1.20412e-05 7.86539e-06 5.13104e-06 3.34321e-06 2.17585e-06 1.4146e-06 9.1877e-07 5.96174e-07 3.86506e-07 2.50368e-07 1.62055e-07 1.04814e-07 6.77446e-08 4.37561e-08 2.82441e-08 1.82202e-08 1.17471e-08 7.5695e-09 4.87504e-09 3.13813e-09 2.01909e-09 1.2985e-09 8.34714e-10 5.36352e-10 3.44497e-10 2.21184e-10 1.41957e-10 9.10765e-11 5.84123e-11 3.74504e-11 2.40032e-11 1.53797e-11 9.85131e-12 6.30834e-12 4.03844e-12 2.58461e-12 1.65372e-12 1.05784e-12 6.76502e-13 4.32529e-13 2.76478e-13 1.76688e-13 1.12891e-13 7.21144e-14 4.60568e-14 2.94088e-14 1.87749e-14 1.19838e-14 7.64776e-15 4.87971e-15 3.113e-15 1.98559e-15 1.26628e-15 8.07415e-16 5.14751e-16 3.28118e-16 2.09122e-16 1.33261e-16 8.49076e-17 5.40915e-17 3.4455e-17 2.19441e-17 1.39742e-17 8.89776e-18 5.66474e-18 3.60601e-18 2.29521e-18 1.46072e-18 9.29529e-19 5.91439e-19 3.76279e-19 2.39366e-19 1.52255e-19 9.68352e-20 6.15818e-20 3.91588e-20 2.4898e-20 1.58291e-20 1.00626e-20 6.39622e-21
0.0268229 0.0228112 0.0184187 0.0143566 0.0109065 0.00812432 0.00595829 0.00431463 0.00309155 0.00219542 0.00154708 0.00108293 0.000753571 0.000521648 0.000359419 0.000246602 0.000168553 0.000114808 7.79519e-05 5.27736e-05 3.5632e-05 2.39985e-05 1.6126e-05 1.08127e-05 7.23553e-06 4.83272e-06 3.22217e-06 2.1448e-06 1.42543e-06 9.4595e-07 6.26881e-07 4.14887e-07 2.7424e-07 1.81058e-07 1.19403e-07 7.86579e-08 5.17638e-08 3.40318e-08 2.23531e-08 1.4669e-08 9.61815e-09 6.30123e-09 4.12494e-09 2.69824e-09 1.76371e-09 1.15204e-09 7.52002e-10 4.90554e-10 3.19803e-10 2.08361e-10 1.35674e-10 8.82942e-11 5.7429e-11 3.73338e-11 2.42578e-11 1.57538e-11 1.02262e-11 6.63497e-12 4.30299e-12 2.78941e-12 1.80746e-12 1.17071e-12 7.57975e-13 4.9056e-13 3.1737e-13 2.05249e-13 1.32691e-13 8.57528e-14 5.54e-14 3.5779e-14 2.30997e-14 1.4909e-14 9.61965e-15 6.20497e-15 4.00124e-15 2.57944e-15 1.6624e-15 1.0711e-15 6.89935e-16 4.44298e-16 2.86043e-16 1.84111e-16 1.18475e-16 7.62197e-17 4.9024e-17 3.15248e-17 2.02675e-17 1.30273e-17 8.37172e-18 5.3788e-18 3.45516e-18 2.21903e-18 1.42487e-18 9.1475e-19 5.87149e-19 3.76803e-19 2.41769e-19 1.551e-19 9.94823e-20 6.37979e-20 4.09066e-20
0.0168885 0.0162272 0.0143566 0.0120573 0.00976523 0.00769823 0.00594255 0.00451034 0.00337583 0.00249714 0.00182864 0.00132743 0.000956232 0.00068416 0.000486531 0.000344101 0.000242163 0.000169656 0.000118368 8.22721e-05 5.69832e-05 3.93396e-05 2.70772e-05 1.85847e-05 1.27223e-05 8.68773e-06 5.91891e-06 4.02376e-06 2.7298e-06 1.84836e-06 1.24923e-06 8.42839e-07 5.67712e-07 3.81793e-07 2.56376e-07 1.71912e-07 1.15118e-07 7.69867e-08 5.14216e-08 3.43049e-08 2.28597e-08 1.52162e-08 1.01178e-08 6.72081e-09 4.46e-09 2.95692e-09 1.95862e-09 1.29623e-09 8.57129e-10 5.66314e-10 3.73875e-10 2.46641e-10 1.62586e-10 1.07101e-10 7.05022e-11 4.6379e-11 3.04901e-11 2.00319e-11 1.31528e-11 8.63098e-12 5.66044e-12 3.7102e-12 2.43057e-12 1.59143e-12 1.04146e-12 6.81213e-13 4.45358e-13 2.91024e-13 1.90084e-13 1.24099e-13 8.09838e-14 5.28252e-14 3.44431e-14 2.24484e-14 1.46249e-14 9.52429e-15 6.2002e-15 4.03475e-15 2.62464e-15 1.70674e-15 1.10947e-15 7.20962e-16 4.68344e-16 3.04142e-16 1.97446e-16 1.2814e-16 8.31356e-17 5.39212e-17 3.49626e-17 2.26632e-17 1.46865e-17 9.51465e-18 6.1624e-18 3.99017e-18 2.58296e-18 1.67161e-18 1.08153e-18 6.99582e-19 4.52409e-19 2.92497e-19 1.89064e-19
0.0106335 0.0113911 0.0109065 0.00976523 0.0083552 0.00691526 0.00557896 0.00440978 0.00342754 0.00262672 0.00198886 0.00149022 0.00110639 0.000814775 0.000595676 0.000432655 0.000312392 0.000224344 0.000160318 0.000114045 8.07879e-05 5.70069e-05 4.00809e-05 2.80856e-05 1.96181e-05 1.3663e-05 9.48918e-06 6.57314e-06 4.54196e-06 3.13111e-06 2.15373e-06 1.47833e-06 1.01271e-06 6.92422e-07 4.72576e-07 3.21974e-07 2.19005e-07 1.48731e-07 1.00853e-07 6.82889e-08 4.61749e-08 3.11804e-08 2.1028e-08 1.41638e-08 9.52893e-09 6.4034e-09 4.2983e-09 2.88217e-09 1.93061e-09 1.29192e-09 8.63697e-10 5.76875e-10 3.84955e-10 2.5666e-10 1.70978e-10 1.13806e-10 7.56906e-11 5.03019e-11 3.34042e-11 2.21667e-11 1.46991e-11 9.74055e-12 6.45036e-12 4.26875e-12 2.8232e-12 1.866e-12 1.2326e-12 8.13723e-13 5.36885e-13 3.54033e-13 2.33329e-13 1.53696e-13 1.01188e-13 6.65852e-14 4.37935e-14 2.87893e-14 1.89167e-14 1.2424e-14 8.15601e-15 5.35183e-15 3.51026e-15 2.30139e-15 1.50821e-15 9.88001e-16 6.46963e-16 4.23478e-16 2.77088e-16 1.81234e-16 1.18496e-16 7.74481e-17 5.06016e-17 3.30497e-17 2.15786e-17 1.40842e-17 9.18969e-18 5.99417e-18 3.90859e-18 2.54787e-18 1.66036e-18 1.08167e-18 7.0447e-19
0.00669517 0.00791134 0.00812432 0.00769823 0.00691526 0.00597663 0.005015 0.00411025 0.00330437 0.00261386 0.00203928 0.00157208 0.00119927 0.000906398 0.000679384 0.000505434 0.000373484 0.000274283 0.000200295 0.000145507 0.000105198 7.5718e-05 5.42738e-05 3.87526e-05 2.75702e-05 1.95481e-05 1.3816e-05 9.73542e-06 6.84057e-06 4.79361e-06 3.35063e-06 2.33636e-06 1.62537e-06 1.12828e-06 7.81579e-07 5.40336e-07 3.72844e-07 2.56802e-07 1.76567e-07 1.21198e-07 8.30577e-08 5.68322e-08 3.88296e-08 2.64917e-08 1.80493e-08 1.22809e-08 8.34537e-09 5.66399e-09 3.83955e-09 2.59977e-09 1.75835e-09 1.18797e-09 8.01765e-10 5.40567e-10 3.64102e-10 2.45009e-10 1.64717e-10 1.10637e-10 7.42481e-11 4.97851e-11 3.33545e-11 2.23285e-11 1.49356e-11 9.98289e-12 6.66755e-12 4.45002e-12 2.96791e-12 1.97807e-12 1.31747e-12 8.76907e-13 5.83297e-13 3.87753e-13 2.57606e-13 1.7104e-13 1.13497e-13 7.52709e-14 4.98915e-14 3.30514e-14 2.18838e-14 1.4482e-14 9.57883e-15 6.33257e-15 4.18442e-15 2.76364e-15 1.82442e-15 1.20384e-15 7.93992e-16 5.23446e-16 3.44937e-16 2.27207e-16 1.49597e-16 9.84573e-17 6.47736e-17 4.25967e-17 2.80019e-17 1.84006e-17 1.20869e-17 7.9367e-18 5.20964e-18 3.4184e-18 2.24226e-18
0.00421548 0.00544662 0.00595829 0.00594255 0.00557896 0.005015 0.00436131 0.00369444 0.00306294 0.00249402 0.00199978 0.00158227 0.00123739 0.000957729 0.000734455 0.000558567 0.00042161 0.000316056 0.000235441 0.000174376 0.000128459 9.41645e-05 6.87074e-05 4.99168e-05 3.61192e-05 2.60365e-05 1.87017e-05 1.33881e-05 9.55387e-06 6.79728e-06 4.8223e-06 3.41191e-06 2.40783e-06 1.69507e-06 1.19051e-06 8.34281e-07 5.83395e-07 4.07123e-07 2.83555e-07 1.97121e-07 1.36787e-07 9.4755e-08 6.55293e-08 4.5245e-08 3.11913e-08 2.14707e-08 1.47582e-08 1.01302e-08 6.94407e-09 4.75386e-09 3.25036e-09 2.21966e-09 1.51401e-09 1.03151e-09 7.01997e-10 4.77231e-10 3.24091e-10 2.19869e-10 1.49015e-10 1.00897e-10 6.82532e-11 4.61286e-11 3.11482e-11 2.10146e-11 1.41659e-11 9.54139e-12 6.42143e-12 4.3183e-12 2.90178e-12 1.94847e-12 1.30739e-12 8.76624e-13 5.8738e-13 3.93307e-13 2.63183e-13 1.75996e-13 1.17618e-13 7.85554e-14 5.24343e-14 3.49782e-14 2.332e-14 1.55386e-14 1.0348e-14 6.88749e-15 4.58179e-15 3.04636e-15 2.02444e-15 1.34465e-15 8.92692e-16 5.92355e-16 3.92877e-16 2.60452e-16 1.72584e-16 1.14308e-16 7.56771e-17 5.00797e-17 3.31264e-17 2.19031e-17 1.44763e-17 9.56391e-18 6.31597e-18
0.00265419 0.00372239 0.00431463 0.00451034 0.00440978 0.00411025 0.00369444 0.00322646 0.00275221 0.00230184 0.00189308 0.00153442 0.00122794 0.000971633 0.000761103 0.000590795 0.000454834 0.000347542 0.000263739 0.000198879 0.000149095 0.000111168 8.24704e-05 6.08931e-05 4.4763e-05 3.27694e-05 2.38959e-05 1.73611e-05 1.25697e-05 9.07065e-06 6.52524e-06 4.68022e-06 3.34742e-06 2.38774e-06 1.69882e-06 1.20571e-06 8.53733e-07 6.03148e-07 4.25198e-07 2.99131e-07 2.10024e-07 1.4718e-07 1.0295e-07 7.18854e-08 5.01087e-08 3.48715e-08 2.42291e-08 1.68089e-08 1.16438e-08 8.0543e-09 5.56362e-09 3.83798e-09 2.64412e-09 1.81932e-09 1.25028e-09 8.58194e-10 5.88385e-10 4.02949e-10 2.75653e-10 1.88372e-10 1.28593e-10 8.76967e-11 5.97479e-11 4.06675e-11 2.76547e-11 1.87886e-11 1.27537e-11 8.64976e-12 5.86145e-12 3.96871e-12 2.685e-12 1.81509e-12 1.22608e-12 8.27588e-13 5.58202e-13 3.76233e-13 2.53407e-13 1.70561e-13 1.14723e-13 7.71148e-14 5.18016e-14 3.47757e-14 2.33313e-14 1.56437e-14 1.04829e-14 7.02055e-15 4.69908e-15 3.14348e-15 2.1017e-15 1.40442e-15 9.37978e-16 6.26128e-16 4.17746e-16 2.78576e-16 1.85678e-16 1.237e-16 8.23705e-17 5.48241e-17 3.6473e-17 2.42536e-17 1.61209e-17
0.00167116 0.00252823 0.00309155 0.00337583 0.00342754 0.00330437 0.00306294 0.00275221 0.00241095 0.00206756 0.00174122 0.00144355 0.00118042 0.000953558 0.000761955 0.000602912 0.000472846 0.000367846 0.000284046 0.000217843 0.000166017 0.000125782 9.47788e-05 7.10545e-05 5.30149e-05 3.93785e-05 2.91264e-05 2.14579e-05 1.57491e-05 1.1518e-05 8.39516e-06 6.09942e-06 4.41795e-06 3.19072e-06 2.298e-06 1.65067e-06 1.18267e-06 8.45303e-07 6.02764e-07 4.28854e-07 3.04465e-07 2.15708e-07 1.52521e-07 1.07636e-07 7.58201e-08 5.33131e-08 3.74227e-08 2.62248e-08 1.83481e-08 1.28171e-08 8.93995e-09 6.2265e-09 4.3305e-09 3.00769e-09 2.08617e-09 1.44512e-09 9.99794e-10 6.90854e-10 4.7681e-10 3.28701e-10 2.26344e-10 1.55689e-10 1.06976e-10 7.3428e-11 5.03496e-11 3.44906e-11 2.36041e-11 1.61385e-11 1.10241e-11 7.52366e-12 5.13023e-12 3.4952e-12 2.37927e-12 1.6183e-12 1.09984e-12 7.46889e-13 5.06818e-13 3.43655e-13 2.32848e-13 1.57657e-13 1.06671e-13 7.21239e-14 4.87326e-14 3.29057e-14 2.22045e-14 1.49739e-14 1.00915e-14 6.79694e-15 4.57518e-15 3.07785e-15 2.06935e-15 1.39051e-15 9.33837e-16 6.26802e-16 4.2049e-16 2.81936e-16 1.88938e-16 1.26551e-16 8.47219e-17 5.66905e-17 3.79152e-17
0.00105221 0.00170802 0.00219542 0.00249714 0.00262672 0.00261386 0.00249402 0.00230184 0.00206756 0.00181541 0.00156343 0.00132405 0.00110496 0.000910202 0.000741102 0.000597133 0.000476586 0.000377097 0.000296019 0.000230682 0.000178557 0.000137346 0.000105032 7.98844e-05 6.04482e-05 4.55222e-05 3.41274e-05 2.54761e-05 1.89416e-05 1.40296e-05 1.03538e-05 7.6149e-06 5.58222e-06 4.07939e-06 2.97229e-06 2.15948e-06 1.56468e-06 1.13076e-06 8.15133e-07 5.86195e-07 4.20585e-07 3.01093e-07 2.1509e-07 1.53336e-07 1.09095e-07 7.74698e-08 5.49106e-08 3.88511e-08 2.74408e-08 1.93493e-08 1.36216e-08 9.57428e-09 6.71929e-09 4.70867e-09 3.29496e-09 2.30248e-09 1.60677e-09 1.1198e-09 7.7942e-10 5.41828e-10 3.76204e-10 2.609e-10 1.80728e-10 1.25051e-10 8.64325e-11 5.96765e-11 4.11603e-11 2.83604e-11 1.95216e-11 1.34245e-11 9.22298e-12 6.33057e-12 4.34132e-12 2.97453e-12 2.03628e-12 1.39281e-12 9.51889e-13 6.50024e-13 4.43535e-13 3.02405e-13 2.06025e-13 1.40258e-13 9.54155e-14 6.48632e-14 4.40629e-14 2.99122e-14 2.02923e-14 1.37571e-14 9.32046e-15 6.31063e-15 4.27007e-15 2.88756e-15 1.95148e-15 1.31807e-15 8.89736e-16 6.00253e-16 4.04728e-16 2.72741e-16 1.83697e-16 1.23658e-16 8.3198e-17
0.000662502 0.00114856 0.00154708 0.00182864 0.00198886 0.00203928 0.00199978 0.00189308 0.00174122 0.00156343 0.00137527 0.00118846 0.00101114 0.000848503 0.0007033 0.00057651 0.000467846 0.000376196 0.000299966 0.000237337 0.000186445 0.000145495 0.000112838 8.70065e-05 6.67261e-05 5.09131e-05 3.86619e-05 2.92263e-05 2.19993e-05 1.64924e-05 1.23167e-05 9.16463e-06 6.79559e-06 5.02227e-06 3.69998e-06 2.71759e-06 1.99027e-06 1.45357e-06 1.05877e-06 7.69237e-07 5.57509e-07 4.03104e-07 2.90799e-07 2.09324e-07 1.50357e-07 1.07781e-07 7.71093e-08 5.50607e-08 3.92442e-08 2.79212e-08 1.98309e-08 1.40612e-08 9.95401e-09 7.03539e-09 4.96494e-09 3.49859e-09 2.46176e-09 1.72977e-09 1.21378e-09 8.50573e-10 5.95281e-10 4.16088e-10 2.9048e-10 2.02547e-10 1.41068e-10 9.81385e-11 6.81972e-11 4.73394e-11 3.28261e-11 2.27388e-11 1.57353e-11 1.08782e-11 7.51305e-12 5.18402e-12 3.57369e-12 2.46135e-12 1.69374e-12 1.16451e-12 7.99969e-13 5.49087e-13 3.76579e-13 2.58062e-13 1.76707e-13 1.20906e-13 8.26645e-14 5.64766e-14 3.85571e-14 2.63046e-14 1.79331e-14 1.22175e-14 8.31802e-15 5.65939e-15 3.84803e-15 2.61475e-15 1.77563e-15 1.20505e-15 8.1733e-16 5.54028e-16 3.75329e-16 2.54123e-16 1.71961e-16
0.000417131 0.00076922 0.00108293 0.00132743 0.00149022 0.00157208 0.00158227 0.00153442 0.00144355 0.00132405 0.00118846 0.00104697 0.00090732 0.000774955 0.000653361 0.00054444 0.000448893 0.000366552 0.000296674 0.000238164 0.000189756 0.000150131 0.000118008 9.21944e-05 7.16169e-05 5.53344e-05 4.25384e-05 3.25458e-05 2.47886e-05 1.87997e-05 1.42001e-05 1.06846e-05 8.00993e-06 5.98385e-06 4.45534e-06 3.30669e-06 2.44669e-06 1.80506e-06 1.32795e-06 9.7432e-07 7.13006e-07 5.20475e-07 3.7902e-07 2.7537e-07 1.99619e-07 1.44393e-07 1.04229e-07 7.50848e-08 5.39845e-08 3.87406e-08 2.77503e-08 1.98427e-08 1.4164e-08 1.00936e-08 7.18129e-09 5.10123e-09 3.61813e-09 2.5624e-09 1.81209e-09 1.27969e-09 9.02466e-10 6.35592e-10 4.47054e-10 3.14045e-10 2.20336e-10 1.54403e-10 1.08072e-10 7.55567e-11 5.27649e-11 3.68078e-11 2.5649e-11 1.78544e-11 1.24158e-11 8.6252e-12 5.98602e-12 4.15041e-12 2.87498e-12 1.98967e-12 1.37574e-12 9.504e-13 6.55998e-13 4.52408e-13 3.11744e-13 2.1464e-13 1.47665e-13 1.01509e-13 6.97265e-14 4.78589e-14 3.28251e-14 2.24975e-14 1.54082e-14 1.05455e-14 7.2124e-15 4.92947e-15 3.36691e-15 2.29816e-15 1.56765e-15 1.06867e-15 7.28061e-16 4.9571e-16 3.37307e-16
0.000262638 0.00051332 0.000753571 0.000956232 0.00110639 0.00119927 0.00123739 0.00122794 0.00118042 0.00110496 0.00101114 0.00090732 0.000800276 0.000695191 0.00059574 0.000504295 0.000422167 0.000349849 0.000287237 0.00023382 0.000188835 0.000151388 0.000120539 9.53641e-05 7.4996e-05 5.86469e-05 4.56193e-05 3.53085e-05 2.7199e-05 2.08583e-05 1.59278e-05 1.21136e-05 9.1774e-06 6.92736e-06 5.21065e-06 3.90623e-06 2.91897e-06 2.17451e-06 1.61515e-06 1.19627e-06 8.83613e-07 6.50959e-07 4.78352e-07 3.50657e-07 2.56446e-07 1.87121e-07 1.36237e-07 9.89802e-08 7.17644e-08 5.19286e-08 3.75032e-08 2.70345e-08 1.94528e-08 1.39728e-08 1.00195e-08 7.17273e-09 5.12655e-09 3.65835e-09 2.60666e-09 1.85455e-09 1.31754e-09 9.34717e-10 6.62216e-10 4.68532e-10 3.31064e-10 2.33632e-10 1.6467e-10 1.15923e-10 8.15098e-11 5.72464e-11 4.01602e-11 2.81425e-11 1.96998e-11 1.37753e-11 9.62255e-12 6.71491e-12 4.68123e-12 3.26031e-12 2.26853e-12 1.57698e-12 1.09524e-12 7.59988e-13 5.26893e-13 3.64976e-13 2.52604e-13 1.74685e-13 1.20704e-13 8.3337e-14 5.74931e-14 3.96333e-14 2.73009e-14 1.87919e-14 1.29256e-14 8.88419e-15 6.10211e-15 4.18835e-15 2.87283e-15 1.96919e-15 1.3489e-15 9.23404e-16 6.31724e-16
0.000165365 0.000341458 0.000521648 0.00068416 0.000814775 0.000906398 0.000957729 0.000971633 0.000953558 0.000910202 0.000848503 0.000774955 0.000695191 0.0006138 0.00053429 0.000459165 0.000390049 0.000327847 0.000272902 0.000225144 0.000184213 0.000149571 0.000120577 9.65564e-05 7.68381e-05 6.07877e-05 4.78242e-05 3.74289e-05 2.91486e-05 2.25939e-05 1.74354e-05 1.33979e-05 1.02539e-05 7.81753e-06 5.93824e-06 4.49491e-06 3.39097e-06 2.54993e-06 1.91156e-06 1.42876e-06 1.06485e-06 7.91456e-07 5.86697e-07 4.33803e-07 3.19964e-07 2.35439e-07 1.72845e-07 1.2661e-07 9.2544e-08 6.75031e-08 4.91385e-08 3.57003e-08 2.58879e-08 1.8738e-08 1.35385e-08 9.76487e-09 7.03117e-09 5.05447e-09 3.62768e-09 2.59961e-09 1.86007e-09 1.32895e-09 9.48118e-10 6.75473e-10 4.80573e-10 3.41454e-10 2.42291e-10 1.71708e-10 1.21536e-10 8.59197e-11 6.06686e-11 4.2789e-11 3.01444e-11 2.12129e-11 1.49115e-11 1.04708e-11 7.34495e-12 5.14699e-12 3.60317e-12 2.51995e-12 1.76069e-12 1.22904e-12 8.57129e-13 5.97222e-13 4.15758e-13 2.89179e-13 2.00966e-13 1.39545e-13 9.68167e-14 6.71173e-14 4.64916e-14 3.21792e-14 2.22559e-14 1.53811e-14 1.0622e-14 7.33016e-15 5.05485e-15 3.48336e-15 2.39877e-15 1.65075e-15 1.13524e-15
0.000104118 0.000226487 0.000359419 0.000486531 0.000595676 0.000679384 0.000734455 0.000761103 0.000761955 0.000741102 0.0007033 0.000653361 0.00059574 0.00053429 0.000472147 0.000411711 0.000354702 0.000302238 0.000254946 0.000213061 0.000176532 0.000145101 0.000118381 9.5912e-05 7.72024e-05 6.17627e-05 4.91265e-05 3.88632e-05 3.0586e-05 2.39544e-05 1.86739e-05 1.44933e-05 1.12015e-05 8.62277e-06 6.61234e-06 5.05212e-06 3.84655e-06 2.91883e-06 2.20774e-06 1.66472e-06 1.25153e-06 9.38203e-07 7.0138e-07 5.22942e-07 3.889e-07 2.88499e-07 2.13506e-07 1.57641e-07 1.16133e-07 8.5368e-08 6.26212e-08 4.58417e-08 3.3492e-08 2.44223e-08 1.77754e-08 1.29142e-08 9.36585e-09 6.78083e-09 4.9011e-09 3.53671e-09 2.5481e-09 1.83301e-09 1.31662e-09 9.44325e-10 6.76333e-10 4.83719e-10 3.4549e-10 2.46434e-10 1.7555e-10 1.24896e-10 8.87483e-11 6.2986e-11 4.46491e-11 3.16139e-11 2.23588e-11 1.57957e-11 1.11469e-11 7.8579e-12 5.53358e-12 3.89279e-12 2.73578e-12 1.92076e-12 1.34724e-12 9.44082e-13 6.60951e-13 4.62311e-13 3.23081e-13 2.25583e-13 1.57372e-13 1.09694e-13 7.63971e-14 5.31639e-14 3.69665e-14 2.56837e-14 1.78308e-14 1.23695e-14 8.57452e-15 5.93947e-15 4.11122e-15 2.84371e-15 1.9656e-15
6.55561e-05 0.000149841 0.000246602 0.000344101 0.000432655 0.000505434 0.000558567 0.000590795 0.000602912 0.000597133 0.00057651 0.00054444 0.000504295 0.000459165 0.000411711 0.000364097 0.00031798 0.000274549 0.000234578 0.0001985 0.000166477 0.000138467 0.000114283 9.36438e-05 7.62143e-05 6.16354e-05 4.95475e-05 3.96056e-05 3.14895e-05 2.491e-05 1.96105e-05 1.53679e-05 1.19908e-05 9.31689e-06 7.21056e-06 5.55924e-06 4.27052e-06 3.26912e-06 2.49417e-06 1.89681e-06 1.43806e-06 1.08701e-06 8.19308e-07 6.15825e-07 4.61645e-07 3.45174e-07 2.57445e-07 1.91551e-07 1.42191e-07 1.05312e-07 7.78271e-08 5.73935e-08 4.22376e-08 3.10218e-08 2.27401e-08 1.66378e-08 1.21508e-08 8.85803e-09 6.44637e-09 4.68337e-09 3.39693e-09 2.4599e-09 1.77857e-09 1.28398e-09 9.25554e-10 6.66213e-10 4.78861e-10 3.43719e-10 2.46383e-10 1.76378e-10 1.261e-10 9.00407e-11 6.42133e-11 4.5739e-11 3.25412e-11 2.31248e-11 1.64145e-11 1.16385e-11 8.24315e-12 5.83211e-12 4.12197e-12 2.9103e-12 2.05274e-12 1.44645e-12 1.01824e-12 7.16122e-13 5.03174e-13 3.53226e-13 2.4774e-13 1.73603e-13 1.21546e-13 8.5027e-14 5.94304e-14 4.15053e-14 2.89632e-14 2.01951e-14 1.40704e-14 9.7956e-15 6.81441e-15 4.737e-15 3.29049e-15
4.12761e-05 9.89013e-05 0.000168553 0.000242163 0.000312392 0.000373484 0.00042161 0.000454834 0.000472846 0.000476586 0.000467846 0.000448893 0.000422167 0.000390049 0.000354702 0.00031798 0.000281389 0.000246081 0.000212882 0.00018233 0.000154726 0.000130178 0.000108652 9.00103e-05 7.40459e-05 6.0513e-05 4.91475e-05 3.96835e-05 3.18648e-05 2.54525e-05 2.02295e-05 1.60021e-05 1.26011e-05 9.88017e-06 7.71495e-06 6.00055e-06 4.64955e-06 3.58971e-06 2.76185e-06 2.11783e-06 1.61879e-06 1.23352e-06 9.37158e-07 7.09956e-07 5.36349e-07 4.04112e-07 3.03692e-07 2.27656e-07 1.70245e-07 1.27013e-07 9.45452e-08 7.02218e-08 5.20447e-08 3.84929e-08 2.84124e-08 2.09308e-08 1.53899e-08 1.12949e-08 8.27455e-09 6.05125e-09 4.41777e-09 3.21986e-09 2.34297e-09 1.70219e-09 1.23474e-09 8.94317e-10 6.46795e-10 4.67108e-10 3.36867e-10 2.42606e-10 1.74487e-10 1.2533e-10 8.9906e-11 6.44135e-11 4.60925e-11 3.29429e-11 2.3517e-11 1.67687e-11 1.19433e-11 8.4971e-12 6.03871e-12 4.28701e-12 3.04026e-12 2.15388e-12 1.52439e-12 1.07781e-12 7.6132e-13 5.37253e-13 3.78778e-13 2.66805e-13 1.87763e-13 1.32021e-13 9.27463e-14 6.50998e-14 4.5656e-14 3.19931e-14 2.24008e-14 1.56719e-14 1.09557e-14 7.6528e-15 5.3416e-15
2.59886e-05 6.51404e-05 0.000114808 0.000169656 0.000224344 0.000274283 0.000316056 0.000347542 0.000367846 0.000377097 0.000376196 0.000366552 0.000349849 0.000327847 0.000302238 0.000274549 0.000246081 0.000217888 0.000190777 0.000165324 0.000141905 0.000120729 0.000101867 8.52913e-05 7.08973e-05 5.85327e-05 4.80158e-05 3.91508e-05 3.17402e-05 2.5593e-05 2.05302e-05 1.63884e-05 1.30212e-05 1.02999e-05 8.11264e-06 6.36392e-06 4.9727e-06 3.87112e-06 3.00277e-06 2.32118e-06 1.78836e-06 1.37345e-06 1.05157e-06 8.02731e-07 6.11026e-07 4.63818e-07 3.51135e-07 2.65141e-07 1.99706e-07 1.50056e-07 1.12485e-07 8.41289e-08 6.27821e-08 4.67512e-08 3.47412e-08 2.57641e-08 1.90691e-08 1.40868e-08 1.03869e-08 7.6448e-09 5.61668e-09 4.11949e-09 3.01632e-09 2.20495e-09 1.60925e-09 1.17266e-09 8.53213e-10 6.19863e-10 4.49678e-10 3.25755e-10 2.35654e-10 1.70243e-10 1.22825e-10 8.84986e-11 6.36846e-11 4.57709e-11 3.2856e-11 2.3557e-11 1.68701e-11 1.20674e-11 8.62227e-12 6.15389e-12 4.3874e-12 3.12467e-12 2.22304e-12 1.57996e-12 1.12178e-12 7.95686e-13 5.63839e-13 3.99168e-13 2.82325e-13 1.99501e-13 1.40847e-13 9.93498e-14 7.00175e-14 4.93031e-14 3.46877e-14 2.43846e-14 1.71278e-14 1.2021e-14 8.43016e-15
1.63632e-05 4.28209e-05 7.79519e-05 0.000118368 0.000160318 0.000200295 0.000235441 0.000263739 0.000284046 0.000296019 0.000299966 0.000296674 0.000287237 0.000272902 0.000254946 0.000234578 0.000212882 0.000190777 0.000169005 0.000148135 0.00012857 0.000110574 9.4291e-05 7.97679e-05 6.69798e-05 5.58487e-05 4.62606e-05 3.80802e-05 3.11619e-05 2.5358e-05 2.05258e-05 1.65305e-05 1.3249e-05 1.05701e-05 8.396e-06 6.6411e-06 5.2319e-06 4.10586e-06 3.21025e-06 2.50109e-06 1.94193e-06 1.50281e-06 1.1593e-06 8.91576e-07 6.83654e-07 5.22726e-07 3.98577e-07 3.03104e-07 2.29904e-07 1.73946e-07 1.31289e-07 9.88602e-08 7.42713e-08 5.56747e-08 4.16446e-08 3.1085e-08 2.31557e-08 1.72149e-08 1.27736e-08 9.46038e-09 6.99373e-09 5.16101e-09 3.80194e-09 2.79602e-09 2.05285e-09 1.50478e-09 1.1013e-09 8.04761e-10 5.87187e-10 4.27806e-10 3.11239e-10 2.26115e-10 1.64047e-10 1.18856e-10 8.60012e-11 6.21479e-11 4.48539e-11 3.23322e-11 2.3278e-11 1.67393e-11 1.20233e-11 8.62614e-12 6.18188e-12 4.42535e-12 3.16451e-12 2.2605e-12 1.61306e-12 1.14989e-12 8.18888e-13 5.82594e-13 4.14083e-13 2.94033e-13 2.08593e-13 1.47844e-13 1.04693e-13 7.40701e-14 5.2359e-14 3.698e-14 2.60961e-14 1.84002e-14 1.29633e-14
1.03028e-05 2.80988e-05 5.27736e-05 8.22721e-05 0.000114045 0.000145507 0.000174376 0.000198879 0.000217843 0.000230682 0.000237337 0.000238164 0.00023382 0.000225144 0.000213061 0.0001985 0.00018233 0.000165324 0.000148135 0.000131289 0.000115187 0.000100114 8.62541e-05 7.37067e-05 6.25027e-05 5.26205e-05 4.40005e-05 3.65569e-05 3.01886e-05 2.47864e-05 2.02398e-05 1.64414e-05 1.32898e-05 1.06916e-05 8.56251e-06 6.82782e-06 5.42205e-06 4.28864e-06 3.37924e-06 2.65294e-06 2.0754e-06 1.6181e-06 1.25743e-06 9.74081e-07 7.52285e-07 5.79285e-07 4.44801e-07 3.406e-07 2.60116e-07 1.98138e-07 1.50551e-07 1.14115e-07 8.62946e-08 6.51073e-08 4.9013e-08 3.68176e-08 2.75987e-08 2.06459e-08 1.5414e-08 1.14857e-08 8.54242e-09 6.34169e-09 4.6995e-09 3.47647e-09 2.56735e-09 1.89282e-09 1.39324e-09 1.02389e-09 7.5129e-10 5.50431e-10 4.02674e-10 2.94154e-10 2.14576e-10 1.56308e-10 1.13709e-10 8.26091e-11 5.99371e-11 4.34319e-11 3.14325e-11 2.27204e-11 1.64032e-11 1.18286e-11 8.51986e-12 6.12971e-12 4.40518e-12 3.16237e-12 2.26775e-12 1.6245e-12 1.16251e-12 8.31059e-13 5.93517e-13 4.23456e-13 3.01831e-13 2.14936e-13 1.52914e-13 1.0869e-13 7.71862e-14 5.47652e-14 3.88232e-14 2.74982e-14 1.94604e-14
6.48692e-06 1.8408e-05 3.5632e-05 5.69832e-05 8.07879e-05 0.000105198 0.000128459 0.000149095 0.000166017 0.000178557 0.000186445 0.000189756 0.000188835 0.000184213 0.000176532 0.000166477 0.000154726 0.000141905 0.00012857 0.000115187 0.000102129 8.96813e-05 7.80449e-05 6.73492e-05 5.76624e-05 4.9004e-05 4.13557e-05 3.46715e-05 2.88866e-05 2.39249e-05 1.97042e-05 1.61416e-05 1.31558e-05 1.06703e-05 8.61428e-06 6.92355e-06 5.54101e-06 4.41646e-06 3.50636e-06 2.77334e-06 2.18561e-06 1.71644e-06 1.34345e-06 1.04811e-06 8.15134e-07 6.3203e-07 4.88625e-07 3.76691e-07 2.89603e-07 2.2206e-07 1.69831e-07 1.29563e-07 9.86038e-08 7.4866e-08 5.6713e-08 4.28663e-08 3.23304e-08 2.43329e-08 1.82763e-08 1.36999e-08 1.02495e-08 7.65363e-09 5.70467e-09 4.24436e-09 3.15233e-09 2.33725e-09 1.73003e-09 1.27847e-09 9.43268e-10 6.94866e-10 5.11097e-10 3.75368e-10 2.75281e-10 2.01592e-10 1.47423e-10 1.07661e-10 7.85183e-11 5.71888e-11 4.15998e-11 3.0222e-11 2.19289e-11 1.58922e-11 1.15035e-11 8.3171e-12 6.0064e-12 4.33279e-12 3.12205e-12 2.2472e-12 1.61577e-12 1.16055e-12 8.32723e-13 5.96895e-13 4.27428e-13 3.05777e-13 2.18539e-13 1.56042e-13 1.11315e-13 7.93351e-14 5.64921e-14 4.01907e-14 2.85684e-14
4.08436e-06 1.20412e-05 2.39985e-05 3.93396e-05 5.70069e-05 7.5718e-05 9.41645e-05 0.000111168 0.000125782 0.000137346 0.000145495 0.000150131 0.000151388 0.000149571 0.000145101 0.000138467 0.000130178 0.000120729 0.000110574 0.000100114 8.96813e-05 7.9544e-05 6.99041e-05 6.09043e-05 5.26353e-05 4.51442e-05 3.84425e-05 3.25147e-05 2.73253e-05 2.2825e-05 1.89562e-05 1.56569e-05 1.28643e-05 1.05172e-05 8.55742e-06 6.9311e-06 5.58936e-06 4.4885e-06 3.58997e-06 2.86023e-06 2.27035e-06 1.79568e-06 1.41535e-06 1.11187e-06 8.70649e-07 6.79648e-07 5.28956e-07 4.10481e-07 3.17646e-07 2.45138e-07 1.88681e-07 1.44855e-07 1.10932e-07 8.47483e-08 6.45931e-08 4.9119e-08 3.72691e-08 2.8217e-08 2.13187e-08 1.60738e-08 1.20952e-08 9.08367e-09 6.80906e-09 5.09459e-09 3.80494e-09 2.83675e-09 2.11128e-09 1.56871e-09 1.16366e-09 8.61808e-10 6.37256e-10 4.70491e-10 3.46845e-10 2.55317e-10 1.87673e-10 1.37755e-10 1.00976e-10 7.39159e-11 5.4036e-11 3.94515e-11 2.87668e-11 2.09496e-11 1.5238e-11 1.10702e-11 8.03294e-12 5.82222e-12 4.2151e-12 3.0482e-12 2.20192e-12 1.58888e-12 1.14531e-12 8.24708e-13 5.93246e-13 4.26316e-13 3.06055e-13 2.19506e-13 1.57281e-13 1.1259e-13 8.05226e-14 5.75363e-14 4.10749e-14
2.57163e-06 7.86539e-06 1.6126e-05 2.70772e-05 4.00809e-05 5.42738e-05 6.87074e-05 8.24704e-05 9.47788e-05 0.000105032 0.000112838 0.000118008 0.000120539 0.000120577 0.000118381 0.000114283 0.000108652 0.000101867 9.4291e-05 8.62541e-05 7.80449e-05 6.99041e-05 6.20228e-05 5.45455e-05 4.75734e-05 4.11702e-05 3.5368e-05 3.01734e-05 2.55732e-05 2.15397e-05 1.80355e-05 1.50165e-05 1.24361e-05 1.02465e-05 8.4012e-06 6.85608e-06 5.57011e-06 4.50592e-06 3.63004e-06 2.91283e-06 2.32842e-06 1.85443e-06 1.47171e-06 1.16399e-06 9.17578e-07 7.21028e-07 5.64837e-07 4.41163e-07 3.43574e-07 2.66826e-07 2.0666e-07 1.59641e-07 1.23005e-07 9.45416e-08 7.249e-08 5.54519e-08 4.23219e-08 3.22294e-08 2.44907e-08 1.85712e-08 1.40536e-08 1.06137e-08 8.00028e-09 6.0189e-09 4.51986e-09 3.38803e-09 2.53514e-09 1.89369e-09 1.41215e-09 1.05133e-09 7.81442e-10 5.79922e-10 4.29707e-10 3.17921e-10 2.34869e-10 1.73261e-10 1.27633e-10 9.389e-11 6.8974e-11 5.06025e-11 3.70758e-11 2.71301e-11 1.98273e-11 1.44724e-11 1.0551e-11 7.68291e-12 5.58795e-12 4.05957e-12 2.9459e-12 2.13538e-12 1.54618e-12 1.11836e-12 8.08064e-13 5.83259e-13 4.20567e-13 3.02953e-13 2.18016e-13 1.56741e-13 1.1258e-13 8.07861e-14 5.79176e-14
1.61918e-06 5.13104e-06 1.08127e-05 1.85847e-05 2.80856e-05 3.87526e-05 4.99168e-05 6.08931e-05 7.10545e-05 7.98844e-05 8.70065e-05 9.21944e-05 9.53641e-05 9.65564e-05 9.5912e-05 9.36438e-05 9.00103e-05 8.52913e-05 7.97679e-05 7.37067e-05 6.73492e-05 6.09043e-05 5.45455e-05 4.84105e-05 4.26023e-05 3.71929e-05 3.22272e-05 2.77267e-05 2.36949e-05 2.01207e-05 1.69825e-05 1.42514e-05 1.1894e-05 9.87471e-06 8.15728e-06 6.70634e-06 5.48822e-06 4.47163e-06 3.62798e-06 2.93155e-06 2.35957e-06 1.89206e-06 1.51168e-06 1.20355e-06 9.54992e-07 7.55298e-07 5.95477e-07 4.68043e-07 3.66793e-07 2.86624e-07 2.23356e-07 1.73585e-07 1.34552e-07 1.04031e-07 8.02355e-08 6.17344e-08 4.73886e-08 3.6294e-08 2.77354e-08 2.11495e-08 1.60936e-08 1.22214e-08 9.2623e-09 7.00605e-09 5.28935e-09 3.9859e-09 2.99823e-09 2.25131e-09 1.68754e-09 1.26281e-09 9.43422e-10 7.03674e-10 5.24022e-10 3.89633e-10 2.8927e-10 2.1444e-10 1.58737e-10 1.17336e-10 8.66115e-11 6.3845e-11 4.69998e-11 3.45535e-11 2.53705e-11 1.86043e-11 1.36257e-11 9.96722e-12 7.28229e-12 5.31436e-12 3.87376e-12 2.82046e-12 2.05127e-12 1.49021e-12 1.08145e-12 7.83978e-13 5.67738e-13 4.10721e-13 2.96831e-13 2.14308e-13 1.54577e-13 1.11387e-13 8.01885e-14
1.01948e-06 3.34321e-06 7.23553e-06 1.27223e-05 1.96181e-05 2.75702e-05 3.61192e-05 4.4763e-05 5.30149e-05 6.04482e-05 6.67261e-05 7.16169e-05 7.4996e-05 7.68381e-05 7.72024e-05 7.62143e-05 7.40459e-05 7.08973e-05 6.69798e-05 6.25027e-05 5.76624e-05 5.26353e-05 4.75734e-05 4.26023e-05 3.7821e-05 3.33035e-05 2.91009e-05 2.52447e-05 2.17494e-05 1.86163e-05 1.58362e-05 1.33921e-05 1.12618e-05 9.41981e-06 7.83882e-06 6.49128e-06 5.35022e-06 4.38992e-06 3.58644e-06 2.91786e-06 2.36445e-06 1.90863e-06 1.53498e-06 1.23006e-06 9.82309e-07 7.81843e-07 6.2028e-07 4.90567e-07 3.86807e-07 3.041e-07 2.38399e-07 1.86377e-07 1.45318e-07 1.1301e-07 8.76633e-08 6.78346e-08 5.23658e-08 4.03305e-08 3.09911e-08 2.3762e-08 1.81801e-08 1.38803e-08 1.05759e-08 8.04207e-09 6.10345e-09 4.62336e-09 3.49571e-09 2.63831e-09 1.98769e-09 1.49492e-09 1.12241e-09 8.41336e-10 6.29625e-10 4.70442e-10 3.50958e-10 2.61423e-10 1.94441e-10 1.44409e-10 1.07098e-10 7.93159e-11 5.86599e-11 4.33248e-11 3.19563e-11 2.35404e-11 1.73187e-11 1.27255e-11 9.33904e-12 6.84549e-12 5.01178e-12 3.665e-12 2.67707e-12 1.95325e-12 1.42355e-12 1.03638e-12 7.53702e-13 5.47551e-13 3.97375e-13 2.88094e-13 2.08657e-13 1.50975e-13 1.09133e-13
6.41896e-07 2.17585e-06 4.83272e-06 8.68773e-06 1.3663e-05 1.95481e-05 2.60365e-05 3.27694e-05 3.93785e-05 4.55222e-05 5.09131e-05 5.53344e-05 5.86469e-05 6.07877e-05 6.17627e-05 6.16354e-05 6.0513e-05 5.85327e-05 5.58487e-05 5.26205e-05 4.9004e-05 4.51442e-05 4.11702e-05 3.71929e-05 3.33035e-05 2.95733e-05 2.60554e-05 2.27864e-05 1.97881e-05 1.70702e-05 1.46328e-05 1.24682e-05 1.0563e-05 8.90003e-06 7.45975e-06 6.22132e-06 5.16365e-06 4.26612e-06 3.50905e-06 2.8741e-06 2.34444e-06 1.90487e-06 1.54186e-06 1.24347e-06 9.99285e-07 8.00314e-07 6.38848e-07 5.08332e-07 4.0323e-07 3.18901e-07 2.51476e-07 1.97748e-07 1.55074e-07 1.21287e-07 9.46158e-08 7.36247e-08 5.71509e-08 4.42578e-08 3.41941e-08 2.63593e-08 2.0275e-08 1.55618e-08 1.19193e-08 9.11081e-09 6.95023e-09 5.29174e-09 4.02137e-09 3.05031e-09 2.30956e-09 1.7456e-09 1.31707e-09 9.92055e-10 7.46008e-10 5.60076e-10 4.19817e-10 3.14194e-10 2.34787e-10 1.75187e-10 1.30525e-10 9.71094e-11 7.2147e-11 5.35274e-11 3.96593e-11 2.93452e-11 2.16852e-11 1.60042e-11 1.17966e-11 8.68451e-12 6.38566e-12 4.68975e-12 3.4402e-12 2.52069e-12 1.84486e-12 1.34872e-12 9.84937e-13 7.18499e-13 5.23582e-13 3.81146e-13 2.77174e-13 2.01361e-13 1.46139e-13
4.04157e-07 1.4146e-06 3.22217e-06 5.91891e-06 9.48918e-06 1.3816e-05 1.87017e-05 2.38959e-05 2.91264e-05 3.41274e-05 3.86619e-05 4.25384e-05 4.56193e-05 4.78242e-05 4.91265e-05 4.95475e-05 4.91475e-05 4.80158e-05 4.62606e-05 4.40005e-05 4.13557e-05 3.84425e-05 3.5368e-05 3.22272e-05 2.91009e-05 2.60554e-05 2.31425e-05 2.04001e-05 1.78544e-05 1.55204e-05 1.34048e-05 1.15066e-05 9.81958e-06 8.33318e-06 7.0341e-06 5.90726e-06 4.93671e-06 4.10627e-06 3.40015e-06 2.80328e-06 2.30155e-06 1.88205e-06 1.53305e-06 1.24412e-06 1.006e-06 8.10621e-07 6.5099e-07 5.21091e-07 4.15796e-07 3.30763e-07 2.6234e-07 2.07473e-07 1.63623e-07 1.2869e-07 1.00949e-07 7.89851e-08 6.16459e-08 4.79963e-08 3.72808e-08 2.88909e-08 2.2339e-08 1.72351e-08 1.3269e-08 1.01944e-08 7.81624e-09 5.981e-09 4.56781e-09 3.48193e-09 2.64929e-09 2.01211e-09 1.52548e-09 1.15454e-09 8.72318e-10 6.57993e-10 4.95521e-10 3.72574e-10 2.79696e-10 2.09651e-10 1.56913e-10 1.17269e-10 8.75148e-11 6.52181e-11 4.85348e-11 3.60701e-11 2.67709e-11 1.98432e-11 1.46893e-11 1.08603e-11 8.01941e-12 5.91446e-12 4.3568e-12 3.2056e-12 2.35586e-12 1.72939e-12 1.2681e-12 9.28825e-13 6.79587e-13 4.96699e-13 3.62649e-13 2.64504e-13 1.92724e-13
2.54469e-07 9.1877e-07 2.1448e-06 4.02376e-06 6.57314e-06 9.73542e-06 1.33881e-05 1.73611e-05 2.14579e-05 2.54761e-05 2.92263e-05 3.25458e-05 3.53085e-05 3.74289e-05 3.88632e-05 3.96056e-05 3.96835e-05 3.91508e-05 3.80802e-05 3.65569e-05 3.46715e-05 3.25147e-05 3.01734e-05 2.77267e-05 2.52447e-05 2.27864e-05 2.04001e-05 1.81233e-05 1.59834e-05 1.39988e-05 1.21802e-05 1.05316e-05 9.05198e-06 7.73599e-06 6.57541e-06 5.55987e-06 4.67775e-06 3.91678e-06 3.26453e-06 2.7089e-06 2.23828e-06 1.84186e-06 1.50967e-06 1.23268e-06 1.00281e-06 8.12909e-07 6.56706e-07 5.28754e-07 4.24362e-07 3.39517e-07 2.70814e-07 2.15379e-07 1.70804e-07 1.35079e-07 1.06539e-07 8.38091e-08 6.5761e-08 5.14717e-08 4.01902e-08 3.13077e-08 2.43325e-08 1.88692e-08 1.46007e-08 1.12738e-08 8.6869e-09 6.68006e-09 5.12669e-09 3.92693e-09 3.00227e-09 2.2911e-09 1.74523e-09 1.32707e-09 1.00736e-09 7.63377e-10 5.77529e-10 4.36217e-10 3.28958e-10 2.47686e-10 1.86209e-10 1.3978e-10 1.04774e-10 7.84219e-11 5.86146e-11 4.37493e-11 3.26096e-11 2.42739e-11 1.80452e-11 1.33975e-11 9.93431e-12 7.35715e-12 5.4419e-12 4.0204e-12 2.9667e-12 2.18663e-12 1.60982e-12 1.18384e-12 8.69619e-13 6.38104e-13 4.67723e-13 3.42474e-13 2.50505e-13
1.60221e-07 5.96174e-07 1.42543e-06 2.7298e-06 4.54196e-06 6.84057e-06 9.55387e-06 1.25697e-05 1.57491e-05 1.89416e-05 2.19993e-05 2.47886e-05 2.7199e-05 2.91486e-05 3.0586e-05 3.14895e-05 3.18648e-05 3.17402e-05 3.11619e-05 3.01886e-05 2.88866e-05 2.73253e-05 2.55732e-05 2.36949e-05 2.17494e-05 1.97881e-05 1.78544e-05 1.59834e-05 1.42024e-05 1.2531e-05 1.09824e-05 9.56393e-06 8.27813e-06 7.1237e-06 6.09631e-06 5.18945e-06 4.39505e-06 3.70412e-06 3.1072e-06 2.59475e-06 2.15742e-06 1.78633e-06 1.47312e-06 1.21011e-06 9.90331e-07 8.07535e-07 6.56174e-07 5.31376e-07 4.289e-07 3.45086e-07 2.76794e-07 2.21353e-07 1.76502e-07 1.40341e-07 1.11283e-07 8.80061e-08 6.94174e-08 5.46168e-08 4.28662e-08 3.35631e-08 2.62177e-08 2.04333e-08 1.58897e-08 1.23297e-08 9.54704e-09 7.37714e-09 5.68894e-09 4.37842e-09 3.36331e-09 2.57868e-09 1.97346e-09 1.50756e-09 1.14962e-09 8.75155e-10 6.6509e-10 5.0461e-10 3.82231e-10 2.89072e-10 2.18277e-10 1.64568e-10 1.23889e-10 9.31282e-11 6.99041e-11 5.23973e-11 3.92203e-11 2.93171e-11 2.18851e-11 1.63157e-11 1.21478e-11 9.0332e-12 6.70875e-12 4.97632e-12 3.68682e-12 2.72822e-12 2.01651e-12 1.48875e-12 1.09788e-12 8.08731e-13 5.95084e-13 4.37407e-13 3.21168e-13
1.0088e-07 3.86506e-07 9.4595e-07 1.84836e-06 3.13111e-06 4.79361e-06 6.79728e-06 9.07065e-06 1.1518e-05 1.40296e-05 1.64924e-05 1.87997e-05 2.08583e-05 2.25939e-05 2.39544e-05 2.491e-05 2.54525e-05 2.5593e-05 2.5358e-05 2.47864e-05 2.39249e-05 2.2825e-05 2.15397e-05 2.01207e-05 1.86163e-05 1.70702e-05 1.55204e-05 1.39988e-05 1.2531e-05 1.11368e-05 9.83025e-06 8.62078e-06 7.51342e-06 6.50967e-06 5.60822e-06 4.80553e-06 4.09642e-06 3.47463e-06 2.93316e-06 2.46473e-06 2.06197e-06 1.7177e-06 1.42504e-06 1.17758e-06 9.69373e-07 7.95035e-07 6.49725e-07 5.2914e-07 4.29493e-07 3.47482e-07 2.80247e-07 2.25333e-07 1.80642e-07 1.44399e-07 1.15105e-07 9.15038e-08 7.25499e-08 5.7374e-08 4.52589e-08 3.56149e-08 2.79592e-08 2.18982e-08 1.71123e-08 1.33429e-08 1.03814e-08 8.06017e-09 6.24511e-09 4.82907e-09 3.72677e-09 2.87057e-09 2.20692e-09 1.69358e-09 1.29732e-09 9.92017e-10 7.57258e-10 5.77078e-10 4.39043e-10 3.33484e-10 2.52901e-10 1.91492e-10 1.44773e-10 1.09288e-10 8.2379e-11 6.20061e-11 4.66055e-11 3.49812e-11 2.62204e-11 1.96273e-11 1.46726e-11 1.09545e-11 8.16819e-12 6.08295e-12 4.52448e-12 3.36122e-12 2.49407e-12 1.84847e-12 1.3684e-12 1.01187e-12 7.47396e-13 5.51442e-13 4.06424e-13
6.35171e-08 2.50368e-07 6.26881e-07 1.24923e-06 2.15373e-06 3.35063e-06 4.8223e-06 6.52524e-06 8.39516e-06 1.03538e-05 1.23167e-05 1.42001e-05 1.59278e-05 1.74354e-05 1.86739e-05 1.96105e-05 2.02295e-05 2.05302e-05 2.05258e-05 2.02398e-05 1.97042e-05 1.89562e-05 1.80355e-05 1.69825e-05 1.58362e-05 1.46328e-05 1.34048e-05 1.21802e-05 1.09824e-05 9.83025e-06 8.738e-06 7.7159e-06 6.77053e-06 5.90532e-06 5.12113e-06 4.41668e-06 3.78908e-06 3.23424e-06 2.74726e-06 2.32271e-06 1.95496e-06 1.63831e-06 1.36723e-06 1.13641e-06 9.40891e-07 7.76083e-07 6.37818e-07 5.22343e-07 4.26318e-07 3.46798e-07 2.81207e-07 2.27314e-07 1.83196e-07 1.47208e-07 1.17953e-07 9.42501e-08 7.51078e-08 5.96965e-08 4.73263e-08 3.74262e-08 2.95253e-08 2.32374e-08 1.82464e-08 1.42952e-08 1.11751e-08 8.71719e-09 6.78568e-09 5.27134e-09 4.08676e-09 3.16218e-09 2.4421e-09 1.88246e-09 1.44842e-09 1.11245e-09 8.52914e-10 6.52803e-10 4.988e-10 3.80499e-10 2.89785e-10 2.20348e-10 1.67288e-10 1.26811e-10 9.59841e-11 7.2544e-11 5.4749e-11 4.12605e-11 3.10519e-11 2.33372e-11 1.75156e-11 1.31288e-11 9.82799e-12 7.34765e-12 5.48641e-12 4.09159e-12 3.04767e-12 2.26739e-12 1.68491e-12 1.25061e-12 9.27204e-13 6.86661e-13 5.07962e-13
3.99922e-08 1.62055e-07 4.14887e-07 8.42839e-07 1.47833e-06 2.33636e-06 3.41191e-06 4.68022e-06 6.09942e-06 7.6149e-06 9.16463e-06 1.06846e-05 1.21136e-05 1.33979e-05 1.44933e-05 1.53679e-05 1.60021e-05 1.63884e-05 1.65305e-05 1.64414e-05 1.61416e-05 1.56569e-05 1.50165e-05 1.42514e-05 1.33921e-05 1.24682e-05 1.15066e-05 1.05316e-05 9.56393e-06 8.62078e-06 7.7159e-06 6.85969e-06 6.05951e-06 5.31999e-06 4.64347e-06 4.03034e-06 3.47944e-06 2.98841e-06 2.55401e-06 2.17239e-06 1.83936e-06 1.55053e-06 1.30151e-06 1.08802e-06 9.05944e-07 7.51458e-07 6.21013e-07 5.11375e-07 4.19635e-07 3.43197e-07 2.79768e-07 2.27342e-07 1.84173e-07 1.48757e-07 1.19803e-07 9.62132e-08 7.70565e-08 6.15495e-08 4.90355e-08 3.89669e-08 3.08894e-08 2.44274e-08 1.9272e-08 1.51698e-08 1.19141e-08 9.33672e-09 7.30132e-09 5.69774e-09 4.43731e-09 3.44882e-09 2.67532e-09 2.07134e-09 1.60073e-09 1.23478e-09 9.50794e-10 7.30838e-10 5.60802e-10 4.29603e-10 3.28556e-10 2.5087e-10 1.91248e-10 1.4557e-10 1.10632e-10 8.39542e-11 6.36156e-11 4.81346e-11 3.63693e-11 2.74415e-11 2.06769e-11 1.55589e-11 1.16923e-11 8.77513e-12 6.57739e-12 4.92389e-12 3.68151e-12 2.74926e-12 2.05063e-12 1.52773e-12 1.13685e-12 8.45015e-13 6.27391e-13
2.51803e-08 1.04814e-07 2.7424e-07 5.67712e-07 1.01271e-06 1.62537e-06 2.40783e-06 3.34742e-06 4.41795e-06 5.58222e-06 6.79559e-06 8.00993e-06 9.1774e-06 1.02539e-05 1.12015e-05 1.19908e-05 1.26011e-05 1.30212e-05 1.3249e-05 1.32898e-05 1.31558e-05 1.28643e-05 1.24361e-05 1.1894e-05 1.12618e-05 1.0563e-05 9.81958e-06 9.05198e-06 8.27813e-06 7.51342e-06 6.77053e-06 6.05951e-06 5.38792e-06 4.76105e-06 4.18215e-06 3.65279e-06 3.17306e-06 2.74195e-06 2.35752e-06 2.01721e-06 1.71801e-06 1.45665e-06 1.22972e-06 1.03383e-06 8.65643e-07 7.22004e-07 5.99936e-07 4.96693e-07 4.09769e-07 3.36903e-07 2.76076e-07 2.25505e-07 1.83623e-07 1.49066e-07 1.20657e-07 9.73817e-08 7.83775e-08 6.29109e-08 5.0363e-08 4.02141e-08 3.20298e-08 2.54488e-08 2.01717e-08 1.59516e-08 1.25858e-08 9.90811e-09 7.78321e-09 6.10106e-09 4.77256e-09 3.72578e-09 2.90284e-09 2.25728e-09 1.75195e-09 1.35723e-09 1.04952e-09 8.10134e-10 6.24257e-10 4.80204e-10 3.68773e-10 2.82734e-10 2.16419e-10 1.65396e-10 1.26206e-10 9.61553e-11 7.31502e-11 5.55673e-11 4.21498e-11 3.19269e-11 2.41497e-11 1.82421e-11 1.3761e-11 1.0367e-11 7.79993e-12 5.86101e-12 4.39854e-12 3.29691e-12 2.46818e-12 1.84555e-12 1.37836e-12 1.02825e-12 7.66186e-13
