0.821281 0.000413271 0.000393234 0.000374168 0.000356026 0.000338764 0.000322339 0.000306711 0.00029184 0.00027769 0.000264226 0.000251415 0.000239226 0.000227627 0.00021659 0.000206089 0.000196097 0.000186589 0.000177542 0.000168934 0.000160743 0.00015295 0.000145534 0.000138478 0.000131764 0.000125375 0.000119296 0.000113512 0.000108009 0.000102772 9.77891e-05 9.30478e-05 8.85364e-05 8.42437e-05 8.01592e-05 7.62727e-05 7.25746e-05 6.90558e-05 6.57077e-05 6.25219e-05 5.94905e-05 5.66061e-05 5.38616e-05 5.12501e-05 4.87652e-05 4.64009e-05 4.41511e-05 4.20105e-05 3.99736e-05 3.80355e-05 3.61913e-05 3.44366e-05 3.2767e-05 3.11783e-05 2.96666e-05 2.82282e-05 2.68596e-05 2.55573e-05 2.43181e-05 2.31391e-05 2.20172e-05 2.09497e-05 1.99339e-05 1.89674e-05 1.80478e-05 1.71728e-05 1.63401e-05 1.55479e-05 1.47941e-05 1.40768e-05 1.33943e-05 1.27448e-05 1.21269e-05 1.15389e-05 1.09795e-05 1.04471e-05 9.94061e-06 9.45864e-06 9.00004e-06 8.56368e-06 8.14847e-06 7.75339e-06 7.37747e-06 7.01977e-06 6.67942e-06 6.35557e-06 6.04742e-06 5.75421e-06 5.47522e-06 5.20975e-06 4.95716e-06 4.71681e-06 4.48812e-06 4.27051e-06 4.06346e-06 3.86644e-06 3.67898e-06 3.5006e-06 3.33088e-06 3.16938e-06 3.01571e-06
0.000413271 6.06424e-05 5.84408e-05 5.63101e-05 5.42486e-05 5.22547e-05 5.03266e-05 4.84626e-05 4.6661e-05 4.49203e-05 4.32386e-05 4.16144e-05 4.00461e-05 3.8532e-05 3.70706e-05 3.56604e-05 3.42997e-05 3.29871e-05 3.17212e-05 3.05006e-05 2.93237e-05 2.81892e-05 2.70958e-05 2.60422e-05 2.5027e-05 2.40491e-05 2.31071e-05 2.22e-05 2.13265e-05 2.04855e-05 1.9676e-05 1.88968e-05 1.81468e-05 1.74252e-05 1.67309e-05 1.6063e-05 1.54205e-05 1.48026e-05 1.42083e-05 1.36368e-05 1.30874e-05 1.25592e-05 1.20514e-05 1.15634e-05 1.10943e-05 1.06436e-05 1.02104e-05 9.79429e-06 9.3945e-06 9.01045e-06 8.64156e-06 8.28725e-06 7.94699e-06 7.62025e-06 7.3065e-06 7.00527e-06 6.71607e-06 6.43845e-06 6.17196e-06 5.91617e-06 5.67068e-06 5.43509e-06 5.20901e-06 4.99208e-06 4.78394e-06 4.58425e-06 4.39267e-06 4.2089e-06 4.03262e-06 3.86354e-06 3.70137e-06 3.54585e-06 3.39671e-06 3.25369e-06 3.11656e-06 2.98508e-06 2.85902e-06 2.73817e-06 2.62231e-06 2.51125e-06 2.4048e-06 2.30277e-06 2.20498e-06 2.11125e-06 2.02143e-06 1.93536e-06 1.85289e-06 1.77386e-06 1.69814e-06 1.62559e-06 1.55608e-06 1.4895e-06 1.42571e-06 1.3646e-06 1.30607e-06 1.25001e-06 1.19632e-06 1.14489e-06 1.09563e-06 1.04847e-06 1.00329e-06
0.000393234 5.84408e-05 5.64184e-05 5.44562e-05 5.25528e-05 5.07072e-05 4.89182e-05 4.71845e-05 4.55049e-05 4.38783e-05 4.23034e-05 4.0779e-05 3.93037e-05 3.78765e-05 3.6496e-05 3.51611e-05 3.38705e-05 3.26231e-05 3.14176e-05 3.0253e-05 2.91279e-05 2.80414e-05 2.69923e-05 2.59795e-05 2.5002e-05 2.40585e-05 2.31483e-05 2.22701e-05 2.1423e-05 2.06061e-05 1.98184e-05 1.9059e-05 1.83269e-05 1.76214e-05 1.69414e-05 1.62862e-05 1.5655e-05 1.50469e-05 1.44613e-05 1.38973e-05 1.33542e-05 1.28312e-05 1.23278e-05 1.18433e-05 1.13769e-05 1.0928e-05 1.04961e-05 1.00805e-05 9.68072e-06 9.29612e-06 8.92618e-06 8.57039e-06 8.22823e-06 7.89921e-06 7.58286e-06 7.27871e-06 6.98633e-06 6.70528e-06 6.43514e-06 6.17552e-06 5.92603e-06 5.68628e-06 5.45592e-06 5.2346e-06 5.02198e-06 4.81773e-06 4.62154e-06 4.4331e-06 4.25213e-06 4.07833e-06 3.91144e-06 3.75118e-06 3.59732e-06 3.4496e-06 3.30778e-06 3.17165e-06 3.04097e-06 2.91554e-06 2.79516e-06 2.67963e-06 2.56876e-06 2.46237e-06 2.36028e-06 2.26233e-06 2.16836e-06 2.07819e-06 1.9917e-06 1.90873e-06 1.82914e-06 1.7528e-06 1.67958e-06 1.60936e-06 1.54201e-06 1.47743e-06 1.4155e-06 1.35611e-06 1.29917e-06 1.24457e-06 1.19223e-06 1.14205e-06 1.09394e-06
0.000374168 5.63101e-05 5.44562e-05 5.26524e-05 5.08981e-05 4.91926e-05 4.75351e-05 4.5925e-05 4.43614e-05 4.28434e-05 4.13703e-05 3.99412e-05 3.85551e-05 3.72112e-05 3.59086e-05 3.46463e-05 3.34234e-05 3.22391e-05 3.10923e-05 2.99822e-05 2.89078e-05 2.78682e-05 2.68626e-05 2.589e-05 2.49495e-05 2.40403e-05 2.31614e-05 2.23122e-05 2.14916e-05 2.06989e-05 1.99333e-05 1.91939e-05 1.84801e-05 1.7791e-05 1.71258e-05 1.64839e-05 1.58645e-05 1.5267e-05 1.46906e-05 1.41346e-05 1.35985e-05 1.30816e-05 1.25832e-05 1.21028e-05 1.16397e-05 1.11935e-05 1.07635e-05 1.03492e-05 9.95007e-06 9.5656e-06 9.1953e-06 8.83868e-06 8.49527e-06 8.16462e-06 7.84628e-06 7.53984e-06 7.24487e-06 6.96097e-06 6.68776e-06 6.42485e-06 6.17188e-06 5.9285e-06 5.69436e-06 5.46914e-06 5.2525e-06 5.04415e-06 4.84378e-06 4.6511e-06 4.46583e-06 4.2877e-06 4.11645e-06 3.95182e-06 3.79358e-06 3.64147e-06 3.49529e-06 3.3548e-06 3.21979e-06 3.09006e-06 2.96541e-06 2.84565e-06 2.7306e-06 2.62007e-06 2.5139e-06 2.41192e-06 2.31397e-06 2.2199e-06 2.12956e-06 2.0428e-06 1.9595e-06 1.87951e-06 1.80271e-06 1.72897e-06 1.65818e-06 1.59023e-06 1.525e-06 1.46239e-06 1.40229e-06 1.34461e-06 1.28925e-06 1.23613e-06 1.18514e-06
0.000356026 5.42486e-05 5.25528e-05 5.08981e-05 4.92842e-05 4.7711e-05 4.6178e-05 4.46849e-05 4.32314e-05 4.18168e-05 4.04407e-05 3.91027e-05 3.78019e-05 3.6538e-05 3.53102e-05 3.41179e-05 3.29604e-05 3.18371e-05 3.07472e-05 2.96901e-05 2.86651e-05 2.76714e-05 2.67084e-05 2.57753e-05 2.48713e-05 2.39959e-05 2.31483e-05 2.23278e-05 2.15337e-05 2.07653e-05 2.00219e-05 1.93029e-05 1.86075e-05 1.79352e-05 1.72853e-05 1.66571e-05 1.60501e-05 1.54636e-05 1.4897e-05 1.43497e-05 1.38212e-05 1.33109e-05 1.28182e-05 1.23426e-05 1.18835e-05 1.14405e-05 1.10131e-05 1.06007e-05 1.02029e-05 9.81922e-06 9.44918e-06 9.09236e-06 8.74832e-06 8.41664e-06 8.09692e-06 7.78876e-06 7.49178e-06 7.20559e-06 6.92984e-06 6.66417e-06 6.40825e-06 6.16173e-06 5.92429e-06 5.69563e-06 5.47544e-06 5.26342e-06 5.05929e-06 4.86277e-06 4.6736e-06 4.49152e-06 4.31627e-06 4.14762e-06 3.98532e-06 3.82916e-06 3.67891e-06 3.53436e-06 3.3953e-06 3.26154e-06 3.13288e-06 3.00913e-06 2.89013e-06 2.77569e-06 2.66564e-06 2.55983e-06 2.4581e-06 2.3603e-06 2.26628e-06 2.1759e-06 2.08903e-06 2.00553e-06 1.92529e-06 1.84817e-06 1.77406e-06 1.70285e-06 1.63442e-06 1.56868e-06 1.50552e-06 1.44484e-06 1.38655e-06 1.33055e-06 1.27677e-06
0.000338764 5.22547e-05 5.07072e-05 4.91926e-05 4.7711e-05 4.62625e-05 4.48472e-05 4.3465e-05 4.21159e-05 4.07996e-05 3.9516e-05 3.82649e-05 3.70458e-05 3.58585e-05 3.47026e-05 3.35776e-05 3.24833e-05 3.1419e-05 3.03843e-05 2.93787e-05 2.84017e-05 2.74528e-05 2.65315e-05 2.56371e-05 2.47692e-05 2.39272e-05 2.31105e-05 2.23186e-05 2.15508e-05 2.08067e-05 2.00856e-05 1.93871e-05 1.87105e-05 1.80553e-05 1.7421e-05 1.68069e-05 1.62127e-05 1.56377e-05 1.50814e-05 1.45433e-05 1.4023e-05 1.35198e-05 1.30334e-05 1.25632e-05 1.21087e-05 1.16696e-05 1.12453e-05 1.08355e-05 1.04396e-05 1.00573e-05 9.68812e-06 9.33168e-06 8.9876e-06 8.65547e-06 8.33493e-06 8.02561e-06 7.72715e-06 7.43921e-06 7.16144e-06 6.89352e-06 6.63512e-06 6.38594e-06 6.14568e-06 5.91403e-06 5.69071e-06 5.47545e-06 5.26797e-06 5.06801e-06 4.87532e-06 4.68965e-06 4.51077e-06 4.33843e-06 4.17241e-06 4.01251e-06 3.85849e-06 3.71017e-06 3.56734e-06 3.42981e-06 3.29739e-06 3.1699e-06 3.04717e-06 2.92904e-06 2.81533e-06 2.70589e-06 2.60057e-06 2.49921e-06 2.40169e-06 2.30785e-06 2.21757e-06 2.13071e-06 2.04715e-06 1.96678e-06 1.88947e-06 1.81512e-06 1.74361e-06 1.67484e-06 1.60871e-06 1.54512e-06 1.48398e-06 1.42519e-06 1.36868e-06
0.000322339 5.03266e-05 4.89182e-05 4.75351e-05 4.6178e-05 4.48472e-05 4.35431e-05 4.22659e-05 4.10158e-05 3.9793e-05 3.85974e-05 3.74292e-05 3.62882e-05 3.51743e-05 3.40874e-05 3.30272e-05 3.19937e-05 3.09864e-05 3.00052e-05 2.90496e-05 2.81194e-05 2.72142e-05 2.63336e-05 2.54773e-05 2.46448e-05 2.38356e-05 2.30495e-05 2.22859e-05 2.15444e-05 2.08245e-05 2.01258e-05 1.94479e-05 1.87902e-05 1.81524e-05 1.75339e-05 1.69344e-05 1.63533e-05 1.57902e-05 1.52447e-05 1.47163e-05 1.42045e-05 1.37091e-05 1.32294e-05 1.27652e-05 1.23159e-05 1.18812e-05 1.14607e-05 1.10539e-05 1.06605e-05 1.02801e-05 9.9124e-06 9.55692e-06 9.21334e-06 8.8813e-06 8.56048e-06 8.25052e-06 7.9511e-06 7.66191e-06 7.38262e-06 7.11293e-06 6.85254e-06 6.60116e-06 6.35851e-06 6.12431e-06 5.89829e-06 5.68019e-06 5.46976e-06 5.26675e-06 5.07091e-06 4.88201e-06 4.69983e-06 4.52414e-06 4.35472e-06 4.19138e-06 4.0339e-06 3.88209e-06 3.73575e-06 3.59471e-06 3.45879e-06 3.3278e-06 3.20158e-06 3.07997e-06 2.9628e-06 2.84993e-06 2.74121e-06 2.63649e-06 2.53562e-06 2.43849e-06 2.34495e-06 2.25488e-06 2.16815e-06 2.08465e-06 2.00427e-06 1.92689e-06 1.8524e-06 1.78071e-06 1.71171e-06 1.6453e-06 1.5814e-06 1.51991e-06 1.46074e-06
0.000306711 4.84626e-05 4.71845e-05 4.5925e-05 4.46849e-05 4.3465e-05 4.22659e-05 4.1088e-05 3.99318e-05 3.87977e-05 3.7686e-05 3.65968e-05 3.55304e-05 3.44868e-05 3.34661e-05 3.24683e-05 3.14933e-05 3.05411e-05 2.96116e-05 2.87045e-05 2.78198e-05 2.69572e-05 2.61164e-05 2.52973e-05 2.44995e-05 2.37227e-05 2.29667e-05 2.22312e-05 2.15157e-05 2.082e-05 2.01437e-05 1.94864e-05 1.88478e-05 1.82275e-05 1.76251e-05 1.70404e-05 1.64728e-05 1.5922e-05 1.53876e-05 1.48693e-05 1.43667e-05 1.38794e-05 1.3407e-05 1.29492e-05 1.25056e-05 1.20758e-05 1.16595e-05 1.12564e-05 1.0866e-05 1.04881e-05 1.01223e-05 9.76833e-06 9.42577e-06 9.09435e-06 8.77374e-06 8.46365e-06 8.16376e-06 7.8738e-06 7.59346e-06 7.32246e-06 7.06053e-06 6.80739e-06 6.56279e-06 6.32646e-06 6.09814e-06 5.87761e-06 5.66461e-06 5.4589e-06 5.26028e-06 5.0685e-06 4.88335e-06 4.70463e-06 4.53213e-06 4.36565e-06 4.205e-06 4.04998e-06 3.90041e-06 3.75612e-06 3.61693e-06 3.48268e-06 3.35319e-06 3.22832e-06 3.10791e-06 2.99181e-06 2.87987e-06 2.77196e-06 2.66793e-06 2.56766e-06 2.47102e-06 2.37788e-06 2.28813e-06 2.20164e-06 2.11831e-06 2.03802e-06 1.96067e-06 1.88616e-06 1.81439e-06 1.74526e-06 1.67868e-06 1.61456e-06 1.55281e-06
0.00029184 4.6661e-05 4.55049e-05 4.43614e-05 4.32314e-05 4.21159e-05 4.10158e-05 3.99318e-05 3.88646e-05 3.78147e-05 3.67827e-05 3.57689e-05 3.47737e-05 3.37974e-05 3.28401e-05 3.19022e-05 3.09836e-05 3.00846e-05 2.9205e-05 2.8345e-05 2.75044e-05 2.66832e-05 2.58813e-05 2.50986e-05 2.43348e-05 2.35899e-05 2.28637e-05 2.21558e-05 2.14661e-05 2.07944e-05 2.01404e-05 1.95038e-05 1.88843e-05 1.82817e-05 1.76957e-05 1.71259e-05 1.65721e-05 1.60339e-05 1.5511e-05 1.50032e-05 1.45101e-05 1.40313e-05 1.35667e-05 1.31158e-05 1.26783e-05 1.2254e-05 1.18424e-05 1.14434e-05 1.10566e-05 1.06816e-05 1.03183e-05 9.96621e-06 9.62516e-06 9.29482e-06 8.97491e-06 8.66516e-06 8.36528e-06 8.075e-06 7.79406e-06 7.52219e-06 7.25915e-06 7.00468e-06 6.75853e-06 6.52047e-06 6.29025e-06 6.06766e-06 5.85246e-06 5.64443e-06 5.44336e-06 5.24904e-06 5.06126e-06 4.87983e-06 4.70455e-06 4.53522e-06 4.37168e-06 4.21372e-06 4.06119e-06 3.9139e-06 3.77169e-06 3.6344e-06 3.50188e-06 3.37397e-06 3.25051e-06 3.13137e-06 3.01641e-06 2.90548e-06 2.79846e-06 2.69522e-06 2.59563e-06 2.49958e-06 2.40693e-06 2.31759e-06 2.23144e-06 2.14836e-06 2.06827e-06 1.99105e-06 1.91661e-06 1.84485e-06 1.77569e-06 1.70903e-06 1.64478e-06
0.00027769 4.49203e-05 4.38783e-05 4.28434e-05 4.18168e-05 4.07996e-05 3.9793e-05 3.87977e-05 3.78147e-05 3.68447e-05 3.58885e-05 3.49464e-05 3.40192e-05 3.31072e-05 3.22108e-05 3.13304e-05 3.04661e-05 2.96183e-05 2.8787e-05 2.79725e-05 2.71747e-05 2.63938e-05 2.56298e-05 2.48826e-05 2.41522e-05 2.34386e-05 2.27416e-05 2.20611e-05 2.1397e-05 2.07491e-05 2.01172e-05 1.95013e-05 1.8901e-05 1.83161e-05 1.77465e-05 1.71919e-05 1.66521e-05 1.61268e-05 1.56158e-05 1.51187e-05 1.46355e-05 1.41657e-05 1.37091e-05 1.32655e-05 1.28346e-05 1.24161e-05 1.20098e-05 1.16153e-05 1.12324e-05 1.08609e-05 1.05005e-05 1.01508e-05 9.81175e-06 9.48296e-06 9.1642e-06 8.85523e-06 8.55579e-06 8.26563e-06 7.98452e-06 7.71221e-06 7.44847e-06 7.19306e-06 6.94577e-06 6.70636e-06 6.47462e-06 6.25034e-06 6.03329e-06 5.82329e-06 5.62011e-06 5.42357e-06 5.23348e-06 5.04964e-06 4.87188e-06 4.7e-06 4.53383e-06 4.37321e-06 4.21796e-06 4.06793e-06 3.92294e-06 3.78285e-06 3.64751e-06 3.51676e-06 3.39047e-06 3.26849e-06 3.15069e-06 3.03693e-06 2.92709e-06 2.82104e-06 2.71866e-06 2.61983e-06 2.52444e-06 2.43238e-06 2.34353e-06 2.25779e-06 2.17506e-06 2.09524e-06 2.01824e-06 1.94395e-06 1.8723e-06 1.80318e-06 1.73653e-06
0.000264226 4.32386e-05 4.23034e-05 4.13703e-05 4.04407e-05 3.9516e-05 3.85974e-05 3.7686e-05 3.67827e-05 3.58885e-05 3.50041e-05 3.41305e-05 3.3268e-05 3.24175e-05 3.15794e-05 3.07541e-05 2.9942e-05 2.91435e-05 2.83589e-05 2.75884e-05 2.68321e-05 2.60904e-05 2.53633e-05 2.46508e-05 2.3953e-05 2.327e-05 2.26018e-05 2.19482e-05 2.13094e-05 2.06851e-05 2.00753e-05 1.94799e-05 1.88987e-05 1.83317e-05 1.77787e-05 1.72394e-05 1.67137e-05 1.62015e-05 1.57026e-05 1.52166e-05 1.47435e-05 1.4283e-05 1.38349e-05 1.3399e-05 1.2975e-05 1.25628e-05 1.2162e-05 1.17725e-05 1.13941e-05 1.10264e-05 1.06693e-05 1.03225e-05 9.98581e-06 9.659e-06 9.34181e-06 9.03405e-06 8.73546e-06 8.44584e-06 8.16496e-06 7.89261e-06 7.62856e-06 7.37261e-06 7.12455e-06 6.88417e-06 6.65126e-06 6.42564e-06 6.2071e-06 5.99544e-06 5.79049e-06 5.59206e-06 5.39995e-06 5.21401e-06 5.03405e-06 4.85989e-06 4.69138e-06 4.52836e-06 4.37065e-06 4.21811e-06 4.07058e-06 3.92791e-06 3.78996e-06 3.65659e-06 3.52766e-06 3.40303e-06 3.28258e-06 3.16616e-06 3.05367e-06 2.94498e-06 2.83996e-06 2.73852e-06 2.64052e-06 2.54587e-06 2.45445e-06 2.36617e-06 2.28093e-06 2.19862e-06 2.11915e-06 2.04244e-06 1.96839e-06 1.89691e-06 1.82793e-06
0.000251415 4.16144e-05 4.0779e-05 3.99412e-05 3.91027e-05 3.82649e-05 3.74292e-05 3.65968e-05 3.57689e-05 3.49464e-05 3.41305e-05 3.33218e-05 3.25211e-05 3.17293e-05 3.09469e-05 3.01745e-05 2.94125e-05 2.86616e-05 2.79219e-05 2.7194e-05 2.6478e-05 2.57743e-05 2.5083e-05 2.44044e-05 2.37385e-05 2.30855e-05 2.24455e-05 2.18185e-05 2.12045e-05 2.06036e-05 2.00156e-05 1.94407e-05 1.88786e-05 1.83294e-05 1.7793e-05 1.72691e-05 1.67578e-05 1.62589e-05 1.57722e-05 1.52976e-05 1.48349e-05 1.4384e-05 1.39447e-05 1.35168e-05 1.31001e-05 1.26945e-05 1.22997e-05 1.19156e-05 1.15419e-05 1.11784e-05 1.0825e-05 1.04815e-05 1.01476e-05 9.82318e-06 9.50797e-06 9.20181e-06 8.90447e-06 8.61578e-06 8.33552e-06 8.0635e-06 7.79952e-06 7.54339e-06 7.29492e-06 7.05392e-06 6.8202e-06 6.59357e-06 6.37386e-06 6.16089e-06 5.95447e-06 5.75444e-06 5.56063e-06 5.37287e-06 5.19099e-06 5.01483e-06 4.84425e-06 4.67907e-06 4.51915e-06 4.36434e-06 4.21449e-06 4.06947e-06 3.92914e-06 3.79335e-06 3.66198e-06 3.53489e-06 3.41196e-06 3.29307e-06 3.1781e-06 3.06692e-06 2.95943e-06 2.8555e-06 2.75504e-06 2.65794e-06 2.56409e-06 2.47339e-06 2.38575e-06 2.30106e-06 2.21924e-06 2.1402e-06 2.06385e-06 1.9901e-06 1.91887e-06
0.000239226 4.00461e-05 3.93037e-05 3.85551e-05 3.78019e-05 3.70458e-05 3.62882e-05 3.55304e-05 3.47737e-05 3.40192e-05 3.3268e-05 3.25211e-05 3.17794e-05 3.10436e-05 3.03145e-05 2.95927e-05 2.88789e-05 2.81737e-05 2.74774e-05 2.67905e-05 2.61135e-05 2.54467e-05 2.47903e-05 2.41446e-05 2.35099e-05 2.28862e-05 2.22739e-05 2.1673e-05 2.10835e-05 2.05056e-05 1.99393e-05 1.93847e-05 1.88417e-05 1.83102e-05 1.77904e-05 1.7282e-05 1.67851e-05 1.62996e-05 1.58254e-05 1.53623e-05 1.49103e-05 1.44693e-05 1.4039e-05 1.36194e-05 1.32104e-05 1.28117e-05 1.24232e-05 1.20448e-05 1.16762e-05 1.13174e-05 1.09681e-05 1.06282e-05 1.02975e-05 9.97576e-06 9.6629e-06 9.35871e-06 9.063e-06 8.7756e-06 8.49632e-06 8.225e-06 7.96144e-06 7.70549e-06 7.45695e-06 7.21567e-06 6.98146e-06 6.75416e-06 6.5336e-06 6.31962e-06 6.11204e-06 5.91072e-06 5.71548e-06 5.52618e-06 5.34266e-06 5.16477e-06 4.99235e-06 4.82527e-06 4.66338e-06 4.50654e-06 4.3546e-06 4.20745e-06 4.06493e-06 3.92693e-06 3.79331e-06 3.66396e-06 3.53874e-06 3.41754e-06 3.30025e-06 3.18675e-06 3.07693e-06 2.97068e-06 2.8679e-06 2.76848e-06 2.67232e-06 2.57933e-06 2.4894e-06 2.40245e-06 2.31839e-06 2.23712e-06 2.15857e-06 2.08264e-06 2.00926e-06
0.000227627 3.8532e-05 3.78765e-05 3.72112e-05 3.6538e-05 3.58585e-05 3.51743e-05 3.44868e-05 3.37974e-05 3.31072e-05 3.24175e-05 3.17293e-05 3.10436e-05 3.03612e-05 2.9683e-05 2.90098e-05 2.83422e-05 2.76809e-05 2.70264e-05 2.63792e-05 2.57399e-05 2.51088e-05 2.44862e-05 2.38726e-05 2.32683e-05 2.26733e-05 2.20881e-05 2.15128e-05 2.09475e-05 2.03923e-05 1.98474e-05 1.93129e-05 1.87887e-05 1.8275e-05 1.77717e-05 1.72789e-05 1.67965e-05 1.63246e-05 1.58629e-05 1.54116e-05 1.49705e-05 1.45395e-05 1.41185e-05 1.37075e-05 1.33063e-05 1.29149e-05 1.2533e-05 1.21606e-05 1.17975e-05 1.14436e-05 1.10988e-05 1.07628e-05 1.04356e-05 1.0117e-05 9.80684e-06 9.50497e-06 9.21124e-06 8.92547e-06 8.64753e-06 8.37724e-06 8.11444e-06 7.85899e-06 7.61072e-06 7.36948e-06 7.1351e-06 6.90744e-06 6.68634e-06 6.47164e-06 6.2632e-06 6.06086e-06 5.86448e-06 5.67391e-06 5.48901e-06 5.30964e-06 5.13565e-06 4.96691e-06 4.80328e-06 4.64463e-06 4.49083e-06 4.34175e-06 4.19726e-06 4.05724e-06 3.92157e-06 3.79013e-06 3.6628e-06 3.53947e-06 3.42003e-06 3.30437e-06 3.19237e-06 3.08394e-06 2.97898e-06 2.87737e-06 2.77904e-06 2.68387e-06 2.59179e-06 2.50269e-06 2.41649e-06 2.3331e-06 2.25244e-06 2.17442e-06 2.09897e-06
0.00021659 3.70706e-05 3.6496e-05 3.59086e-05 3.53102e-05 3.47026e-05 3.40874e-05 3.34661e-05 3.28401e-05 3.22108e-05 3.15794e-05 3.09469e-05 3.03145e-05 2.9683e-05 2.90535e-05 2.84267e-05 2.78034e-05 2.71843e-05 2.657e-05 2.59611e-05 2.53582e-05 2.47617e-05 2.4172e-05 2.35896e-05 2.30148e-05 2.24479e-05 2.18892e-05 2.13389e-05 2.07973e-05 2.02646e-05 1.97408e-05 1.92262e-05 1.87207e-05 1.82246e-05 1.77379e-05 1.72606e-05 1.67928e-05 1.63344e-05 1.58855e-05 1.5446e-05 1.50159e-05 1.45952e-05 1.41837e-05 1.37815e-05 1.33885e-05 1.30045e-05 1.26295e-05 1.22634e-05 1.19061e-05 1.15575e-05 1.12174e-05 1.08857e-05 1.05623e-05 1.02472e-05 9.94002e-06 9.64081e-06 9.34937e-06 9.06557e-06 8.78928e-06 8.52035e-06 8.25864e-06 8.00401e-06 7.75632e-06 7.51542e-06 7.28118e-06 7.05345e-06 6.8321e-06 6.61697e-06 6.40794e-06 6.20487e-06 6.00761e-06 5.81604e-06 5.63002e-06 5.44941e-06 5.27409e-06 5.10392e-06 4.93878e-06 4.77855e-06 4.62309e-06 4.4723e-06 4.32604e-06 4.1842e-06 4.04666e-06 3.91332e-06 3.78406e-06 3.65877e-06 3.53734e-06 3.41966e-06 3.30565e-06 3.19518e-06 3.08818e-06 2.98453e-06 2.88414e-06 2.78693e-06 2.6928e-06 2.60166e-06 2.51343e-06 2.42802e-06 2.34535e-06 2.26535e-06 2.18792e-06
0.000206089 3.56604e-05 3.51611e-05 3.46463e-05 3.41179e-05 3.35776e-05 3.30272e-05 3.24683e-05 3.19022e-05 3.13304e-05 3.07541e-05 3.01745e-05 2.95927e-05 2.90098e-05 2.84267e-05 2.78443e-05 2.72635e-05 2.66849e-05 2.61093e-05 2.55373e-05 2.49695e-05 2.44065e-05 2.38486e-05 2.32965e-05 2.27505e-05 2.22109e-05 2.16782e-05 2.11525e-05 2.06342e-05 2.01234e-05 1.96205e-05 1.91255e-05 1.86386e-05 1.816e-05 1.76897e-05 1.72279e-05 1.67746e-05 1.63299e-05 1.58937e-05 1.54662e-05 1.50473e-05 1.4637e-05 1.42352e-05 1.3842e-05 1.34573e-05 1.30811e-05 1.27133e-05 1.23537e-05 1.20025e-05 1.16593e-05 1.13243e-05 1.09972e-05 1.0678e-05 1.03665e-05 1.00627e-05 9.76644e-06 9.47761e-06 9.19608e-06 8.92175e-06 8.65448e-06 8.39416e-06 8.14065e-06 7.89383e-06 7.65358e-06 7.41976e-06 7.19225e-06 6.97092e-06 6.75565e-06 6.5463e-06 6.34275e-06 6.14488e-06 5.95255e-06 5.76565e-06 5.58405e-06 5.40763e-06 5.23627e-06 5.06984e-06 4.90824e-06 4.75134e-06 4.59903e-06 4.4512e-06 4.30773e-06 4.16852e-06 4.03345e-06 3.90243e-06 3.77534e-06 3.65208e-06 3.53256e-06 3.41667e-06 3.30431e-06 3.1954e-06 3.08984e-06 2.98753e-06 2.8884e-06 2.79234e-06 2.69928e-06 2.60912e-06 2.5218e-06 2.43723e-06 2.35532e-06 2.27601e-06
0.000196097 3.42997e-05 3.38705e-05 3.34234e-05 3.29604e-05 3.24833e-05 3.19937e-05 3.14933e-05 3.09836e-05 3.04661e-05 2.9942e-05 2.94125e-05 2.88789e-05 2.83422e-05 2.78034e-05 2.72635e-05 2.67233e-05 2.61835e-05 2.56451e-05 2.51086e-05 2.45748e-05 2.40441e-05 2.35171e-05 2.29944e-05 2.24764e-05 2.19635e-05 2.1456e-05 2.09544e-05 2.04589e-05 1.99697e-05 1.94873e-05 1.90117e-05 1.85432e-05 1.80819e-05 1.7628e-05 1.71816e-05 1.67428e-05 1.63117e-05 1.58884e-05 1.54729e-05 1.50652e-05 1.46655e-05 1.42736e-05 1.38896e-05 1.35134e-05 1.31451e-05 1.27846e-05 1.24319e-05 1.20869e-05 1.17496e-05 1.14198e-05 1.10976e-05 1.07828e-05 1.04753e-05 1.01751e-05 9.88209e-06 9.59616e-06 9.31719e-06 9.04511e-06 8.77979e-06 8.52113e-06 8.26903e-06 8.02336e-06 7.78403e-06 7.55091e-06 7.32389e-06 7.10286e-06 6.8877e-06 6.67829e-06 6.47452e-06 6.27628e-06 6.08344e-06 5.8959e-06 5.71354e-06 5.53625e-06 5.36391e-06 5.19642e-06 5.03366e-06 4.87552e-06 4.7219e-06 4.57268e-06 4.42777e-06 4.28706e-06 4.15045e-06 4.01783e-06 3.88911e-06 3.76418e-06 3.64296e-06 3.52535e-06 3.41125e-06 3.30057e-06 3.19322e-06 3.08912e-06 2.98818e-06 2.89032e-06 2.79544e-06 2.70348e-06 2.61434e-06 2.52796e-06 2.44426e-06 2.36315e-06
0.000186589 3.29871e-05 3.26231e-05 3.22391e-05 3.18371e-05 3.1419e-05 3.09864e-05 3.05411e-05 3.00846e-05 2.96183e-05 2.91435e-05 2.86616e-05 2.81737e-05 2.76809e-05 2.71843e-05 2.66849e-05 2.61835e-05 2.56811e-05 2.51784e-05 2.46761e-05 2.41749e-05 2.36755e-05 2.31785e-05 2.26842e-05 2.21934e-05 2.17064e-05 2.12236e-05 2.07455e-05 2.02723e-05 1.98044e-05 1.93421e-05 1.88857e-05 1.84353e-05 1.79911e-05 1.75534e-05 1.71224e-05 1.6698e-05 1.62806e-05 1.58701e-05 1.54667e-05 1.50704e-05 1.46812e-05 1.42993e-05 1.39246e-05 1.35572e-05 1.3197e-05 1.28441e-05 1.24984e-05 1.21599e-05 1.18285e-05 1.15043e-05 1.11872e-05 1.0877e-05 1.05738e-05 1.02775e-05 9.98801e-06 9.70523e-06 9.42909e-06 9.15952e-06 8.89642e-06 8.6397e-06 8.38927e-06 8.14503e-06 7.90688e-06 7.67472e-06 7.44845e-06 7.22797e-06 7.01317e-06 6.80395e-06 6.60021e-06 6.40183e-06 6.20872e-06 6.02077e-06 5.83788e-06 5.65993e-06 5.48683e-06 5.31848e-06 5.15476e-06 4.99558e-06 4.84084e-06 4.69043e-06 4.54426e-06 4.40223e-06 4.26424e-06 4.13019e-06 4e-06 3.87356e-06 3.7508e-06 3.6316e-06 3.5159e-06 3.40359e-06 3.29459e-06 3.18883e-06 3.08621e-06 2.98665e-06 2.89007e-06 2.7964e-06 2.70556e-06 2.61747e-06 2.53206e-06 2.44925e-06
0.000177542 3.17212e-05 3.14176e-05 3.10923e-05 3.07472e-05 3.03843e-05 3.00052e-05 2.96116e-05 2.9205e-05 2.8787e-05 2.83589e-05 2.79219e-05 2.74774e-05 2.70264e-05 2.657e-05 2.61093e-05 2.56451e-05 2.51784e-05 2.47099e-05 2.42405e-05 2.37709e-05 2.33017e-05 2.28335e-05 2.23669e-05 2.19024e-05 2.14407e-05 2.09819e-05 2.05267e-05 2.00754e-05 1.96284e-05 1.91858e-05 1.87482e-05 1.83156e-05 1.78884e-05 1.74668e-05 1.7051e-05 1.6641e-05 1.62372e-05 1.58395e-05 1.54482e-05 1.50633e-05 1.46849e-05 1.4313e-05 1.39478e-05 1.35892e-05 1.32373e-05 1.28921e-05 1.25536e-05 1.22218e-05 1.18966e-05 1.15782e-05 1.12663e-05 1.09611e-05 1.06624e-05 1.03702e-05 1.00844e-05 9.80504e-06 9.53198e-06 9.26518e-06 9.00455e-06 8.75002e-06 8.50152e-06 8.25895e-06 8.02223e-06 7.79128e-06 7.566e-06 7.34631e-06 7.13212e-06 6.92332e-06 6.71983e-06 6.52156e-06 6.3284e-06 6.14026e-06 5.95705e-06 5.77866e-06 5.60501e-06 5.43599e-06 5.27152e-06 5.11149e-06 4.95582e-06 4.8044e-06 4.65715e-06 4.51397e-06 4.37477e-06 4.23946e-06 4.10795e-06 3.98016e-06 3.85599e-06 3.73536e-06 3.61819e-06 3.50439e-06 3.39387e-06 3.28656e-06 3.18238e-06 3.08125e-06 2.98309e-06 2.88782e-06 2.79537e-06 2.70568e-06 2.61865e-06 2.53424e-06
0.000168934 3.05006e-05 3.0253e-05 2.99822e-05 2.96901e-05 2.93787e-05 2.90496e-05 2.87045e-05 2.8345e-05 2.79725e-05 2.75884e-05 2.7194e-05 2.67905e-05 2.63792e-05 2.59611e-05 2.55373e-05 2.51086e-05 2.46761e-05 2.42405e-05 2.38027e-05 2.33634e-05 2.29233e-05 2.2483e-05 2.20432e-05 2.16043e-05 2.11671e-05 2.07318e-05 2.02989e-05 1.9869e-05 1.94423e-05 1.90192e-05 1.86e-05 1.81851e-05 1.77746e-05 1.73688e-05 1.69681e-05 1.65724e-05 1.61821e-05 1.57972e-05 1.5418e-05 1.50445e-05 1.46769e-05 1.43151e-05 1.39594e-05 1.36098e-05 1.32663e-05 1.2929e-05 1.25978e-05 1.22729e-05 1.19542e-05 1.16416e-05 1.13353e-05 1.10352e-05 1.07412e-05 1.04533e-05 1.01715e-05 9.89581e-06 9.62606e-06 9.36226e-06 9.10434e-06 8.85224e-06 8.6059e-06 8.36524e-06 8.13019e-06 7.90068e-06 7.67663e-06 7.45797e-06 7.2446e-06 7.03646e-06 6.83345e-06 6.63549e-06 6.4425e-06 6.25438e-06 6.07106e-06 5.89244e-06 5.71843e-06 5.54895e-06 5.38391e-06 5.22322e-06 5.0668e-06 4.91455e-06 4.76639e-06 4.62223e-06 4.48199e-06 4.34558e-06 4.21291e-06 4.08391e-06 3.95849e-06 3.83657e-06 3.71806e-06 3.60289e-06 3.49099e-06 3.38226e-06 3.27664e-06 3.17404e-06 3.07441e-06 2.97765e-06 2.8837e-06 2.7925e-06 2.70396e-06 2.61802e-06
0.000160743 2.93237e-05 2.91279e-05 2.89078e-05 2.86651e-05 2.84017e-05 2.81194e-05 2.78198e-05 2.75044e-05 2.71747e-05 2.68321e-05 2.6478e-05 2.61135e-05 2.57399e-05 2.53582e-05 2.49695e-05 2.45748e-05 2.41749e-05 2.37709e-05 2.33634e-05 2.29533e-05 2.25412e-05 2.21279e-05 2.17139e-05 2.12999e-05 2.08864e-05 2.04739e-05 2.00629e-05 1.96538e-05 1.9247e-05 1.88429e-05 1.84419e-05 1.80443e-05 1.76503e-05 1.72602e-05 1.68743e-05 1.64928e-05 1.6116e-05 1.57439e-05 1.53767e-05 1.50146e-05 1.46578e-05 1.43063e-05 1.39602e-05 1.36196e-05 1.32846e-05 1.29553e-05 1.26316e-05 1.23137e-05 1.20015e-05 1.16951e-05 1.13945e-05 1.10996e-05 1.08106e-05 1.05272e-05 1.02496e-05 9.97775e-06 9.71154e-06 9.45096e-06 9.19597e-06 8.94652e-06 8.70256e-06 8.46403e-06 8.23087e-06 8.00303e-06 7.78043e-06 7.56301e-06 7.35069e-06 7.14341e-06 6.9411e-06 6.74367e-06 6.55105e-06 6.36316e-06 6.17992e-06 6.00126e-06 5.8271e-06 5.65734e-06 5.49192e-06 5.33075e-06 5.17376e-06 5.02085e-06 4.87195e-06 4.72697e-06 4.58585e-06 4.44849e-06 4.31482e-06 4.18476e-06 4.05822e-06 3.93515e-06 3.81545e-06 3.69905e-06 3.58587e-06 3.47585e-06 3.3689e-06 3.26496e-06 3.16396e-06 3.06582e-06 2.97048e-06 2.87786e-06 2.7879e-06 2.70054e-06
0.00015295 2.81892e-05 2.80414e-05 2.78682e-05 2.76714e-05 2.74528e-05 2.72142e-05 2.69572e-05 2.66832e-05 2.63938e-05 2.60904e-05 2.57743e-05 2.54467e-05 2.51088e-05 2.47617e-05 2.44065e-05 2.40441e-05 2.36755e-05 2.33017e-05 2.29233e-05 2.25412e-05 2.21562e-05 2.17689e-05 2.13799e-05 2.09899e-05 2.05995e-05 2.02091e-05 1.98193e-05 1.94306e-05 1.90433e-05 1.86578e-05 1.82746e-05 1.78939e-05 1.75162e-05 1.71416e-05 1.67704e-05 1.6403e-05 1.60394e-05 1.568e-05 1.53249e-05 1.49742e-05 1.46281e-05 1.42868e-05 1.39504e-05 1.3619e-05 1.32926e-05 1.29713e-05 1.26553e-05 1.23445e-05 1.2039e-05 1.17389e-05 1.14441e-05 1.11547e-05 1.08708e-05 1.05922e-05 1.03189e-05 1.00511e-05 9.78863e-06 9.53147e-06 9.27961e-06 9.03302e-06 8.79165e-06 8.55546e-06 8.32441e-06 8.09844e-06 7.87749e-06 7.66152e-06 7.45046e-06 7.24425e-06 7.04283e-06 6.84613e-06 6.65408e-06 6.46661e-06 6.28366e-06 6.10515e-06 5.93101e-06 5.76117e-06 5.59554e-06 5.43407e-06 5.27667e-06 5.12327e-06 4.97379e-06 4.82816e-06 4.68631e-06 4.54816e-06 4.41363e-06 4.28265e-06 4.15515e-06 4.03105e-06 3.91029e-06 3.79278e-06 3.67847e-06 3.56727e-06 3.45912e-06 3.35394e-06 3.25168e-06 3.15226e-06 3.05562e-06 2.9617e-06 2.87041e-06 2.78172e-06
0.000145534 2.70958e-05 2.69923e-05 2.68626e-05 2.67084e-05 2.65315e-05 2.63336e-05 2.61164e-05 2.58813e-05 2.56298e-05 2.53633e-05 2.5083e-05 2.47903e-05 2.44862e-05 2.4172e-05 2.38486e-05 2.35171e-05 2.31785e-05 2.28335e-05 2.2483e-05 2.21279e-05 2.17689e-05 2.14066e-05 2.10418e-05 2.06751e-05 2.0307e-05 1.99382e-05 1.9569e-05 1.92001e-05 1.88318e-05 1.84645e-05 1.80987e-05 1.77348e-05 1.73729e-05 1.70136e-05 1.6657e-05 1.63034e-05 1.5953e-05 1.56062e-05 1.5263e-05 1.49237e-05 1.45885e-05 1.42574e-05 1.39306e-05 1.36084e-05 1.32906e-05 1.29776e-05 1.26692e-05 1.23657e-05 1.20671e-05 1.17733e-05 1.14846e-05 1.12008e-05 1.09221e-05 1.06484e-05 1.03797e-05 1.01161e-05 9.85753e-06 9.60398e-06 9.35545e-06 9.11191e-06 8.87332e-06 8.63967e-06 8.41092e-06 8.18702e-06 7.96793e-06 7.7536e-06 7.54399e-06 7.33905e-06 7.13871e-06 6.94293e-06 6.75164e-06 6.56478e-06 6.3823e-06 6.20412e-06 6.03018e-06 5.86042e-06 5.69477e-06 5.53316e-06 5.37553e-06 5.2218e-06 5.0719e-06 4.92578e-06 4.78335e-06 4.64455e-06 4.5093e-06 4.37755e-06 4.24921e-06 4.12423e-06 4.00253e-06 3.88405e-06 3.76871e-06 3.65646e-06 3.54721e-06 3.44092e-06 3.33751e-06 3.23692e-06 3.13908e-06 3.04394e-06 2.95143e-06 2.86148e-06
0.000138478 2.60422e-05 2.59795e-05 2.589e-05 2.57753e-05 2.56371e-05 2.54773e-05 2.52973e-05 2.50986e-05 2.48826e-05 2.46508e-05 2.44044e-05 2.41446e-05 2.38726e-05 2.35896e-05 2.32965e-05 2.29944e-05 2.26842e-05 2.23669e-05 2.20432e-05 2.17139e-05 2.13799e-05 2.10418e-05 2.07003e-05 2.03561e-05 2.00097e-05 1.96617e-05 1.93126e-05 1.89629e-05 1.86132e-05 1.82637e-05 1.7915e-05 1.75674e-05 1.72212e-05 1.68769e-05 1.65346e-05 1.61947e-05 1.58574e-05 1.5523e-05 1.51917e-05 1.48637e-05 1.45392e-05 1.42184e-05 1.39013e-05 1.35882e-05 1.32792e-05 1.29744e-05 1.26738e-05 1.23777e-05 1.2086e-05 1.17988e-05 1.15161e-05 1.12381e-05 1.09648e-05 1.06961e-05 1.04322e-05 1.0173e-05 9.91846e-06 9.6687e-06 9.42366e-06 9.18335e-06 8.94774e-06 8.7168e-06 8.49053e-06 8.26889e-06 8.05184e-06 7.83934e-06 7.63137e-06 7.42788e-06 7.22881e-06 7.03413e-06 6.84378e-06 6.65771e-06 6.47587e-06 6.29819e-06 6.12463e-06 5.95513e-06 5.78961e-06 5.62803e-06 5.47032e-06 5.31642e-06 5.16626e-06 5.01979e-06 4.87693e-06 4.73762e-06 4.60181e-06 4.46942e-06 4.34038e-06 4.21465e-06 4.09214e-06 3.9728e-06 3.85656e-06 3.74337e-06 3.63315e-06 3.52584e-06 3.42139e-06 3.31973e-06 3.2208e-06 3.12453e-06 3.03088e-06 2.93979e-06
0.000131764 2.5027e-05 2.5002e-05 2.49495e-05 2.48713e-05 2.47692e-05 2.46448e-05 2.44995e-05 2.43348e-05 2.41522e-05 2.3953e-05 2.37385e-05 2.35099e-05 2.32683e-05 2.30148e-05 2.27505e-05 2.24764e-05 2.21934e-05 2.19024e-05 2.16043e-05 2.12999e-05 2.09899e-05 2.06751e-05 2.03561e-05 2.00335e-05 1.97081e-05 1.93803e-05 1.90507e-05 1.87198e-05 1.83881e-05 1.8056e-05 1.7724e-05 1.73924e-05 1.70616e-05 1.6732e-05 1.64038e-05 1.60774e-05 1.57531e-05 1.5431e-05 1.51115e-05 1.47947e-05 1.44809e-05 1.41702e-05 1.38629e-05 1.3559e-05 1.32587e-05 1.29622e-05 1.26695e-05 1.23808e-05 1.20961e-05 1.18155e-05 1.15391e-05 1.1267e-05 1.09992e-05 1.07357e-05 1.04766e-05 1.02219e-05 9.97163e-06 9.72581e-06 9.48444e-06 9.24752e-06 9.01505e-06 8.78701e-06 8.56339e-06 8.34417e-06 8.12933e-06 7.91885e-06 7.71269e-06 7.51082e-06 7.3132e-06 7.11979e-06 6.93055e-06 6.74544e-06 6.56441e-06 6.3874e-06 6.21438e-06 6.04529e-06 5.88008e-06 5.71868e-06 5.56105e-06 5.40713e-06 5.25686e-06 5.11018e-06 4.96704e-06 4.82737e-06 4.69112e-06 4.55822e-06 4.42862e-06 4.30225e-06 4.17906e-06 4.05899e-06 3.94197e-06 3.82795e-06 3.71686e-06 3.60865e-06 3.50326e-06 3.40063e-06 3.3007e-06 3.20342e-06 3.10873e-06 3.01656e-06
0.000125375 2.40491e-05 2.40585e-05 2.40403e-05 2.39959e-05 2.39272e-05 2.38356e-05 2.37227e-05 2.35899e-05 2.34386e-05 2.327e-05 2.30855e-05 2.28862e-05 2.26733e-05 2.24479e-05 2.22109e-05 2.19635e-05 2.17064e-05 2.14407e-05 2.11671e-05 2.08864e-05 2.05995e-05 2.0307e-05 2.00097e-05 1.97081e-05 1.94029e-05 1.90947e-05 1.8784e-05 1.84714e-05 1.81573e-05 1.78421e-05 1.75264e-05 1.72104e-05 1.68947e-05 1.65795e-05 1.62652e-05 1.59521e-05 1.56405e-05 1.53307e-05 1.50228e-05 1.47172e-05 1.4414e-05 1.41135e-05 1.38158e-05 1.35211e-05 1.32296e-05 1.29414e-05 1.26566e-05 1.23753e-05 1.20977e-05 1.18239e-05 1.15538e-05 1.12877e-05 1.10255e-05 1.07673e-05 1.05132e-05 1.02632e-05 1.00173e-05 9.77553e-06 9.53797e-06 9.3046e-06 9.07542e-06 8.85043e-06 8.62962e-06 8.413e-06 8.20054e-06 7.99223e-06 7.78804e-06 7.58795e-06 7.39194e-06 7.19997e-06 7.01201e-06 6.82802e-06 6.64796e-06 6.47179e-06 6.29947e-06 6.13095e-06 5.96618e-06 5.80512e-06 5.64772e-06 5.49392e-06 5.34368e-06 5.19695e-06 5.05366e-06 4.91376e-06 4.77721e-06 4.64394e-06 4.51389e-06 4.38702e-06 4.26327e-06 4.14258e-06 4.0249e-06 3.91016e-06 3.79832e-06 3.68931e-06 3.58309e-06 3.47959e-06 3.37876e-06 3.28055e-06 3.1849e-06 3.09176e-06
0.000119296 2.31071e-05 2.31483e-05 2.31614e-05 2.31483e-05 2.31105e-05 2.30495e-05 2.29667e-05 2.28637e-05 2.27416e-05 2.26018e-05 2.24455e-05 2.22739e-05 2.20881e-05 2.18892e-05 2.16782e-05 2.1456e-05 2.12236e-05 2.09819e-05 2.07318e-05 2.04739e-05 2.02091e-05 1.99382e-05 1.96617e-05 1.93803e-05 1.90947e-05 1.88055e-05 1.85131e-05 1.82182e-05 1.79211e-05 1.76225e-05 1.73226e-05 1.7022e-05 1.67211e-05 1.64201e-05 1.61194e-05 1.58194e-05 1.55203e-05 1.52225e-05 1.49262e-05 1.46316e-05 1.4339e-05 1.40485e-05 1.37605e-05 1.3475e-05 1.31922e-05 1.29123e-05 1.26355e-05 1.23617e-05 1.20913e-05 1.18242e-05 1.15605e-05 1.13005e-05 1.1044e-05 1.07912e-05 1.05422e-05 1.0297e-05 1.00556e-05 9.81806e-06 9.58445e-06 9.35476e-06 9.12901e-06 8.90722e-06 8.68938e-06 8.4755e-06 8.26557e-06 8.05958e-06 7.85752e-06 7.65938e-06 7.46514e-06 7.27476e-06 7.08823e-06 6.90551e-06 6.72657e-06 6.55139e-06 6.37991e-06 6.21211e-06 6.04794e-06 5.88737e-06 5.73034e-06 5.57681e-06 5.42674e-06 5.28008e-06 5.13678e-06 4.99679e-06 4.86006e-06 4.72654e-06 4.59618e-06 4.46893e-06 4.34474e-06 4.22354e-06 4.10531e-06 3.98996e-06 3.87747e-06 3.76777e-06 3.66081e-06 3.55654e-06 3.45491e-06 3.35587e-06 3.25936e-06 3.16533e-06
0.000113512 2.22e-05 2.22701e-05 2.23122e-05 2.23278e-05 2.23186e-05 2.22859e-05 2.22312e-05 2.21558e-05 2.20611e-05 2.19482e-05 2.18185e-05 2.1673e-05 2.15128e-05 2.13389e-05 2.11525e-05 2.09544e-05 2.07455e-05 2.05267e-05 2.02989e-05 2.00629e-05 1.98193e-05 1.9569e-05 1.93126e-05 1.90507e-05 1.8784e-05 1.85131e-05 1.82385e-05 1.79607e-05 1.76803e-05 1.73977e-05 1.71134e-05 1.68277e-05 1.65412e-05 1.62541e-05 1.59668e-05 1.56796e-05 1.53929e-05 1.5107e-05 1.4822e-05 1.45384e-05 1.42562e-05 1.39758e-05 1.36973e-05 1.3421e-05 1.31469e-05 1.28754e-05 1.26064e-05 1.23403e-05 1.2077e-05 1.18167e-05 1.15596e-05 1.13056e-05 1.1055e-05 1.08077e-05 1.05639e-05 1.03236e-05 1.00868e-05 9.8536e-06 9.62406e-06 9.39818e-06 9.17601e-06 8.95754e-06 8.7428e-06 8.5318e-06 8.32455e-06 8.12103e-06 7.92125e-06 7.7252e-06 7.53286e-06 7.34422e-06 7.15927e-06 6.97797e-06 6.8003e-06 6.62625e-06 6.45576e-06 6.28883e-06 6.1254e-06 5.96544e-06 5.80892e-06 5.6558e-06 5.50603e-06 5.35958e-06 5.2164e-06 5.07644e-06 4.93966e-06 4.80602e-06 4.67546e-06 4.54795e-06 4.42342e-06 4.30185e-06 4.18316e-06 4.06733e-06 3.95429e-06 3.844e-06 3.73641e-06 3.63146e-06 3.52912e-06 3.42933e-06 3.33205e-06 3.23722e-06
0.000108009 2.13265e-05 2.1423e-05 2.14916e-05 2.15337e-05 2.15508e-05 2.15444e-05 2.15157e-05 2.14661e-05 2.1397e-05 2.13094e-05 2.12045e-05 2.10835e-05 2.09475e-05 2.07973e-05 2.06342e-05 2.04589e-05 2.02723e-05 2.00754e-05 1.9869e-05 1.96538e-05 1.94306e-05 1.92001e-05 1.89629e-05 1.87198e-05 1.84714e-05 1.82182e-05 1.79607e-05 1.76996e-05 1.74354e-05 1.71684e-05 1.68991e-05 1.66281e-05 1.63556e-05 1.60821e-05 1.58079e-05 1.55334e-05 1.52588e-05 1.49846e-05 1.47109e-05 1.4438e-05 1.41662e-05 1.38957e-05 1.36267e-05 1.33595e-05 1.30942e-05 1.28309e-05 1.25699e-05 1.23113e-05 1.20553e-05 1.18019e-05 1.15512e-05 1.13035e-05 1.10587e-05 1.0817e-05 1.05785e-05 1.03432e-05 1.01111e-05 9.88235e-06 9.65699e-06 9.43505e-06 9.21656e-06 9.00155e-06 8.79004e-06 8.58206e-06 8.3776e-06 8.17669e-06 7.97932e-06 7.78549e-06 7.5952e-06 7.40845e-06 7.2252e-06 7.04546e-06 6.86921e-06 6.69642e-06 6.52706e-06 6.36113e-06 6.19857e-06 6.03937e-06 5.8835e-06 5.73091e-06 5.58157e-06 5.43546e-06 5.29251e-06 5.15271e-06 5.01601e-06 4.88236e-06 4.75172e-06 4.62406e-06 4.49932e-06 4.37746e-06 4.25844e-06 4.14222e-06 4.02873e-06 3.91795e-06 3.80983e-06 3.70431e-06 3.60135e-06 3.50091e-06 3.40294e-06 3.30739e-06
0.000102772 2.04855e-05 2.06061e-05 2.06989e-05 2.07653e-05 2.08067e-05 2.08245e-05 2.082e-05 2.07944e-05 2.07491e-05 2.06851e-05 2.06036e-05 2.05056e-05 2.03923e-05 2.02646e-05 2.01234e-05 1.99697e-05 1.98044e-05 1.96284e-05 1.94423e-05 1.9247e-05 1.90433e-05 1.88318e-05 1.86132e-05 1.83881e-05 1.81573e-05 1.79211e-05 1.76803e-05 1.74354e-05 1.71867e-05 1.69349e-05 1.66804e-05 1.64236e-05 1.61648e-05 1.59046e-05 1.56433e-05 1.53811e-05 1.51185e-05 1.48558e-05 1.45931e-05 1.43309e-05 1.40693e-05 1.38087e-05 1.35491e-05 1.32909e-05 1.30343e-05 1.27793e-05 1.25262e-05 1.22752e-05 1.20264e-05 1.17799e-05 1.15358e-05 1.12943e-05 1.10555e-05 1.08195e-05 1.05863e-05 1.0356e-05 1.01287e-05 9.90452e-06 9.68344e-06 9.46554e-06 9.25085e-06 9.0394e-06 8.83124e-06 8.62639e-06 8.42486e-06 8.22668e-06 8.03185e-06 7.84037e-06 7.65226e-06 7.46751e-06 7.28612e-06 7.10807e-06 6.93335e-06 6.76196e-06 6.59386e-06 6.42905e-06 6.2675e-06 6.10919e-06 5.95408e-06 5.80215e-06 5.65337e-06 5.50771e-06 5.36514e-06 5.22561e-06 5.08909e-06 4.95555e-06 4.82495e-06 4.69725e-06 4.5724e-06 4.45038e-06 4.33113e-06 4.21461e-06 4.10079e-06 3.98961e-06 3.88105e-06 3.77504e-06 3.67156e-06 3.57056e-06 3.47198e-06 3.3758e-06
9.77891e-05 1.9676e-05 1.98184e-05 1.99333e-05 2.00219e-05 2.00856e-05 2.01258e-05 2.01437e-05 2.01404e-05 2.01172e-05 2.00753e-05 2.00156e-05 1.99393e-05 1.98474e-05 1.97408e-05 1.96205e-05 1.94873e-05 1.93421e-05 1.91858e-05 1.90192e-05 1.88429e-05 1.86578e-05 1.84645e-05 1.82637e-05 1.8056e-05 1.78421e-05 1.76225e-05 1.73977e-05 1.71684e-05 1.69349e-05 1.66978e-05 1.64576e-05 1.62146e-05 1.59693e-05 1.57221e-05 1.54733e-05 1.52233e-05 1.49724e-05 1.47209e-05 1.44692e-05 1.42175e-05 1.3966e-05 1.37151e-05 1.34649e-05 1.32156e-05 1.29676e-05 1.27209e-05 1.24757e-05 1.22322e-05 1.19906e-05 1.1751e-05 1.15136e-05 1.12784e-05 1.10455e-05 1.08152e-05 1.05874e-05 1.03623e-05 1.01399e-05 9.92031e-06 9.70361e-06 9.48983e-06 9.27903e-06 9.07126e-06 8.86656e-06 8.66495e-06 8.46646e-06 8.27112e-06 8.07894e-06 7.88995e-06 7.70413e-06 7.52151e-06 7.34209e-06 7.16585e-06 6.9928e-06 6.82292e-06 6.65621e-06 6.49265e-06 6.33223e-06 6.17492e-06 6.0207e-06 5.86956e-06 5.72145e-06 5.57637e-06 5.43427e-06 5.29513e-06 5.15892e-06 5.0256e-06 4.89514e-06 4.76751e-06 4.64266e-06 4.52057e-06 4.40119e-06 4.28448e-06 4.17042e-06 4.05895e-06 3.95003e-06 3.84364e-06 3.73972e-06 3.63824e-06 3.53915e-06 3.44242e-06
9.30478e-05 1.88968e-05 1.9059e-05 1.91939e-05 1.93029e-05 1.93871e-05 1.94479e-05 1.94864e-05 1.95038e-05 1.95013e-05 1.94799e-05 1.94407e-05 1.93847e-05 1.93129e-05 1.92262e-05 1.91255e-05 1.90117e-05 1.88857e-05 1.87482e-05 1.86e-05 1.84419e-05 1.82746e-05 1.80987e-05 1.7915e-05 1.7724e-05 1.75264e-05 1.73226e-05 1.71134e-05 1.68991e-05 1.66804e-05 1.64576e-05 1.62312e-05 1.60017e-05 1.57695e-05 1.5535e-05 1.52984e-05 1.50603e-05 1.48209e-05 1.45806e-05 1.43395e-05 1.40981e-05 1.38567e-05 1.36153e-05 1.33743e-05 1.3134e-05 1.28945e-05 1.2656e-05 1.24187e-05 1.21827e-05 1.19484e-05 1.17157e-05 1.14848e-05 1.12559e-05 1.10291e-05 1.08045e-05 1.05822e-05 1.03623e-05 1.01448e-05 9.92992e-06 9.71767e-06 9.50811e-06 9.3013e-06 9.09729e-06 8.89614e-06 8.69787e-06 8.50253e-06 8.31014e-06 8.12073e-06 7.93431e-06 7.75091e-06 7.57054e-06 7.39319e-06 7.21889e-06 7.04762e-06 6.87938e-06 6.71417e-06 6.55198e-06 6.3928e-06 6.23661e-06 6.0834e-06 5.93315e-06 5.78584e-06 5.64144e-06 5.49993e-06 5.3613e-06 5.2255e-06 5.09251e-06 4.9623e-06 4.83484e-06 4.71009e-06 4.58803e-06 4.46862e-06 4.35183e-06 4.23761e-06 4.12593e-06 4.01677e-06 3.91007e-06 3.8058e-06 3.70393e-06 3.60441e-06 3.50721e-06
8.85364e-05 1.81468e-05 1.83269e-05 1.84801e-05 1.86075e-05 1.87105e-05 1.87902e-05 1.88478e-05 1.88843e-05 1.8901e-05 1.88987e-05 1.88786e-05 1.88417e-05 1.87887e-05 1.87207e-05 1.86386e-05 1.85432e-05 1.84353e-05 1.83156e-05 1.81851e-05 1.80443e-05 1.78939e-05 1.77348e-05 1.75674e-05 1.73924e-05 1.72104e-05 1.7022e-05 1.68277e-05 1.66281e-05 1.64236e-05 1.62146e-05 1.60017e-05 1.57854e-05 1.55659e-05 1.53437e-05 1.51191e-05 1.48926e-05 1.46645e-05 1.4435e-05 1.42045e-05 1.39733e-05 1.37416e-05 1.35097e-05 1.32779e-05 1.30464e-05 1.28153e-05 1.25849e-05 1.23554e-05 1.2127e-05 1.18998e-05 1.1674e-05 1.14498e-05 1.12272e-05 1.10065e-05 1.07876e-05 1.05708e-05 1.03561e-05 1.01437e-05 9.93356e-06 9.72583e-06 9.52055e-06 9.31781e-06 9.11765e-06 8.92014e-06 8.72531e-06 8.5332e-06 8.34386e-06 8.15732e-06 7.97359e-06 7.79271e-06 7.61468e-06 7.43953e-06 7.26726e-06 7.09788e-06 6.93139e-06 6.76779e-06 6.60708e-06 6.44926e-06 6.2943e-06 6.14221e-06 5.99296e-06 5.84655e-06 5.70295e-06 5.56214e-06 5.42411e-06 5.28883e-06 5.15627e-06 5.02641e-06 4.89923e-06 4.77468e-06 4.65276e-06 4.53341e-06 4.41662e-06 4.30235e-06 4.19056e-06 4.08123e-06 3.97431e-06 3.86978e-06 3.7676e-06 3.66774e-06 3.57015e-06
