0.034626 0.0238054 0.0163662 0.0112518 0.00773558 0.00531821 0.00365627 0.00251369 0.00172816 0.00118811 0.000816825 0.000561567 0.000386078 0.000265428 0.000182482 0.000125456 8.62513e-05 5.92977e-05 4.07672e-05 2.80274e-05 1.92689e-05 1.32473e-05 9.10755e-06 6.26144e-06 4.30474e-06 2.95951e-06 2.03466e-06 1.39883e-06 9.61696e-07 6.61166e-07 4.54552e-07 3.12504e-07 2.14847e-07 1.47707e-07 1.01549e-07 6.98147e-08 4.79976e-08 3.29983e-08 2.26864e-08 1.55969e-08 1.07229e-08 7.37196e-09 5.06822e-09 3.4844e-09 2.39553e-09 1.64692e-09 1.13226e-09 7.78429e-10 5.3517e-10 3.67929e-10 2.52952e-10 1.73904e-10 1.19559e-10 8.21969e-11 5.65104e-11 3.88509e-11 2.671e-11 1.83631e-11 1.26246e-11 8.67944e-12 5.96711e-12 4.10239e-12 2.82039e-12 1.93902e-12 1.33308e-12 9.1649e-13 6.30087e-13 4.33185e-13 2.97815e-13 2.04748e-13 1.40764e-13 9.67752e-14 6.65329e-14 4.57414e-14 3.14472e-14 2.162e-14 1.48637e-14 1.02188e-14 7.02543e-15 4.82998e-15 3.32061e-15 2.28292e-15 1.56951e-15 1.07904e-15 7.41838e-16 5.10014e-16 3.50634e-16 2.41061e-16 1.6573e-16 1.13939e-16 7.83331e-17 5.3854e-17 3.70246e-17 2.54544e-17 1.74999e-17 1.20312e-17 8.27145e-18 5.68662e-18 3.90955e-18 2.68782e-18 1.84787e-18
0.0238054 0.0185487 0.0142527 0.0108303 0.00815502 0.00609415 0.00452494 0.00334135 0.00245562 0.00179716 0.00131044 0.000952409 0.000690177 0.000498831 0.000359677 0.00025878 0.000185818 0.000133187 9.53034e-05 6.80906e-05 4.85789e-05 3.46125e-05 2.46311e-05 1.75079e-05 1.24314e-05 8.81789e-06 6.24884e-06 4.42432e-06 3.12989e-06 2.21241e-06 1.56271e-06 1.10301e-06 7.78018e-07 5.48429e-07 3.86355e-07 2.7202e-07 1.91414e-07 1.34622e-07 9.46329e-08 6.649e-08 4.6695e-08 3.27787e-08 2.3e-08 1.61319e-08 1.13103e-08 7.92684e-09 5.55351e-09 3.8894e-09 2.72303e-09 1.90582e-09 1.33344e-09 9.32683e-10 6.52181e-10 4.5591e-10 3.18619e-10 2.22612e-10 1.55495e-10 1.08586e-10 7.58105e-11 5.29154e-11 3.69264e-11 2.5763e-11 1.79707e-11 1.25326e-11 8.73838e-12 6.09166e-12 4.24578e-12 2.95869e-12 2.0614e-12 1.43599e-12 1.00015e-12 6.96472e-13 4.84925e-13 3.37579e-13 2.34969e-13 1.63523e-13 1.13785e-13 7.9164e-14 5.50693e-14 3.8303e-14 2.66377e-14 1.85227e-14 1.28783e-14 8.95274e-15 6.22302e-15 4.32509e-15 3.00564e-15 2.08848e-15 1.45102e-15 1.00803e-15 7.00199e-16 4.86324e-16 3.37742e-16 2.34531e-16 1.62845e-16 1.13059e-16 7.84863e-17 5.44807e-17 3.78139e-17 2.62435e-17 1.82118e-17
0.0163662 0.0142527 0.0119994 0.00985714 0.007947 0.00631278 0.00495461 0.00384994 0.00296637 0.00226904 0.00172473 0.00130374 0.000980688 0.000734455 0.000547881 0.000407246 0.000301729 0.000222889 0.0001642 0.000120661 8.84609e-05 6.47138e-05 4.72464e-05 3.44291e-05 2.50449e-05 1.81884e-05 1.31886e-05 9.54918e-06 6.90455e-06 4.98583e-06 3.59586e-06 2.59035e-06 1.86393e-06 1.3398e-06 9.6208e-07 6.90183e-07 4.94671e-07 3.54231e-07 2.53449e-07 1.81194e-07 1.29438e-07 9.23963e-08 6.5908e-08 4.6981e-08 3.34673e-08 2.38254e-08 1.6951e-08 1.20529e-08 8.56525e-09 6.08344e-09 4.31843e-09 3.06393e-09 2.17277e-09 1.54007e-09 1.0911e-09 7.7266e-10 5.46919e-10 3.86965e-10 2.73678e-10 1.93479e-10 1.36728e-10 9.65868e-11 6.82051e-11 4.81459e-11 3.39743e-11 2.39659e-11 1.69002e-11 1.19138e-11 8.396e-12 5.91508e-12 4.166e-12 2.93327e-12 2.06471e-12 1.45294e-12 1.02215e-12 7.18904e-13 5.0549e-13 3.55341e-13 2.49729e-13 1.75464e-13 1.23255e-13 8.65609e-14 6.0777e-14 4.26639e-14 2.99425e-14 2.10099e-14 1.4739e-14 1.03377e-14 7.24925e-15 5.0825e-15 3.56269e-15 2.49688e-15 1.74959e-15 1.22574e-15 8.58579e-16 6.01296e-16 4.21038e-16 2.94769e-16 2.06334e-16 1.44408e-16 1.01051e-16
0.0112518 0.0108303 0.00985714 0.0086383 0.00736465 0.00614794 0.00504712 0.00408719 0.00327229 0.00259456 0.00204005 0.00159237 0.00123493 0.000952236 0.000730478 0.000557759 0.00042408 0.000321195 0.000242408 0.000182349 0.000136756 0.000102275 7.62873e-05 5.67642e-05 4.21406e-05 3.12172e-05 2.30785e-05 1.70292e-05 1.25428e-05 9.22267e-06 6.77041e-06 4.96257e-06 3.63214e-06 2.6547e-06 1.93772e-06 1.41259e-06 1.02852e-06 7.48014e-07 5.43404e-07 3.94342e-07 2.85877e-07 2.07041e-07 1.49805e-07 1.08293e-07 7.82153e-08 5.64439e-08 4.06995e-08 2.93237e-08 2.11115e-08 1.5188e-08 1.09187e-08 7.84412e-09 5.63155e-09 4.04046e-09 2.8971e-09 2.07602e-09 1.48677e-09 1.06416e-09 7.61251e-10 5.44271e-10 3.88933e-10 2.77788e-10 1.98305e-10 1.41497e-10 1.00915e-10 7.19385e-11 5.12596e-11 3.65089e-11 2.59919e-11 1.84969e-11 1.31577e-11 9.35607e-12 6.65024e-12 4.72518e-12 3.35613e-12 2.38288e-12 1.69128e-12 1.19999e-12 8.51123e-13 6.03483e-13 4.27758e-13 3.03106e-13 2.14712e-13 1.5205e-13 1.07644e-13 7.6184e-14 5.39034e-14 3.81283e-14 2.69624e-14 1.90614e-14 1.34722e-14 9.51934e-15 6.7246e-15 4.74918e-15 3.35324e-15 2.36705e-15 1.6705e-15 1.17866e-15 8.31436e-16 5.86373e-16 4.1345e-16
0.00773558 0.00815502 0.007947 0.00736465 0.00658792 0.00573915 0.00489721 0.00410934 0.00340065 0.00278129 0.00225188 0.00180726 0.00143923 0.00113827 0.000894706 0.000699347 0.000543883 0.000421027 0.000324542 0.000249191 0.000190644 0.000145363 0.00011049 8.37379e-05 6.32894e-05 4.77114e-05 3.58807e-05 2.6922e-05 2.01565e-05 1.50603e-05 1.12308e-05 8.35957e-06 6.21151e-06 4.6077e-06 3.41254e-06 2.52354e-06 1.86341e-06 1.37404e-06 1.01184e-06 7.44157e-07 5.46615e-07 4.01036e-07 2.93894e-07 2.15139e-07 1.57322e-07 1.14925e-07 8.38709e-08 6.11497e-08 4.45428e-08 3.24171e-08 2.3572e-08 1.7126e-08 1.24326e-08 9.01844e-09 6.53685e-09 4.73462e-09 3.42681e-09 2.47852e-09 1.79144e-09 1.29397e-09 9.3405e-10 6.73821e-10 4.85798e-10 3.50034e-10 2.52066e-10 1.81416e-10 1.30497e-10 9.38191e-11 6.74151e-11 4.84175e-11 3.47562e-11 2.49374e-11 1.7884e-11 1.28197e-11 9.18534e-12 6.5784e-12 4.70931e-12 3.36985e-12 2.41037e-12 1.72338e-12 1.23171e-12 8.79963e-13 6.28429e-13 4.48628e-13 3.20153e-13 2.28388e-13 1.62868e-13 1.16105e-13 8.27405e-14 5.89443e-14 4.19783e-14 2.98861e-14 2.12705e-14 1.51339e-14 1.07645e-14 7.6544e-15 5.44126e-15 3.86691e-15 2.74731e-15 1.95133e-15 1.38559e-15
0.00531821 0.00609415 0.00631278 0.00614794 0.00573915 0.00519275 0.00458594 0.00397198 0.00338539 0.0028466 0.00236591 0.00194663 0.00158748 0.00128441 0.00103187 0.00082372 0.000653756 0.000516125 0.000405495 0.000317156 0.000247037 0.000191682 0.000148199 0.000114197 8.77207e-05 6.71846e-05 5.13136e-05 3.90893e-05 2.97035e-05 2.25185e-05 1.70335e-05 1.28573e-05 9.68554e-06 7.2822e-06 5.4652e-06 4.09439e-06 3.06228e-06 2.28667e-06 1.70488e-06 1.26924e-06 9.43574e-07 7.00512e-07 5.19379e-07 3.84595e-07 2.84441e-07 2.10121e-07 1.55043e-07 1.14277e-07 8.41401e-08 6.18871e-08 4.54743e-08 3.3382e-08 2.44823e-08 1.7939e-08 1.3133e-08 9.60631e-09 7.02085e-09 5.12711e-09 3.74123e-09 2.72788e-09 1.98753e-09 1.44707e-09 1.05283e-09 7.65475e-10 5.56177e-10 4.03842e-10 2.93045e-10 2.12514e-10 1.54021e-10 1.11561e-10 8.07602e-11 5.84301e-11 4.2251e-11 3.05353e-11 2.20567e-11 1.59241e-11 1.14908e-11 8.28761e-12 5.97448e-12 4.30493e-12 3.1005e-12 2.23203e-12 1.60611e-12 1.15521e-12 8.30542e-13 5.96872e-13 4.28768e-13 3.07885e-13 2.20995e-13 1.58566e-13 1.13729e-13 8.15399e-14 5.844e-14 4.18692e-14 2.99864e-14 2.14686e-14 1.53651e-14 1.09931e-14 7.86257e-15 5.62168e-15 4.01819e-15
0.00365627 0.00452494 0.00495461 0.00504712 0.00489721 0.00458594 0.00417858 0.00372499 0.00326136 0.00281248 0.0023941 0.00201511 0.00167939 0.00138734 0.00113708 0.00092537 0.000748232 0.00060145 0.000480856 0.000382532 0.000302913 0.000238842 0.000187572 0.00014676 0.000114428 8.89258e-05 6.8894e-05 5.32191e-05 4.09973e-05 3.14998e-05 2.41425e-05 1.846e-05 1.40834e-05 1.07214e-05 8.1453e-06 6.1761e-06 4.67422e-06 3.53122e-06 2.66314e-06 2.00515e-06 1.50733e-06 1.13138e-06 8.47949e-07 6.34623e-07 4.74316e-07 3.54036e-07 2.63921e-07 1.96501e-07 1.4613e-07 1.08546e-07 8.05383e-08 5.96928e-08 4.41962e-08 3.26894e-08 2.41546e-08 1.7831e-08 1.31507e-08 9.69004e-09 7.13381e-09 5.24741e-09 3.85661e-09 2.83213e-09 2.07816e-09 1.52373e-09 1.11638e-09 8.17326e-10 5.97956e-10 4.3716e-10 3.19385e-10 2.33185e-10 1.70139e-10 1.2406e-10 9.0404e-11 6.58387e-11 4.792e-11 3.48578e-11 2.53417e-11 1.84133e-11 1.33718e-11 9.70542e-12 7.04065e-12 5.10492e-12 3.69954e-12 2.67974e-12 1.94011e-12 1.40396e-12 1.01551e-12 7.34199e-13 5.30579e-13 3.83261e-13 2.76728e-13 1.99723e-13 1.44086e-13 1.03906e-13 7.49002e-14 5.39703e-14 3.8874e-14 2.79897e-14 2.01454e-14 1.44941e-14 1.04244e-14
0.00251369 0.00334135 0.00384994 0.00408719 0.00410934 0.00397198 0.00372499 0.00341021 0.00306085 0.00270198 0.00235149 0.00202135 0.00171882 0.00144756 0.00120865 0.00100136 0.00082379 0.000673357 0.000547152 0.000442187 0.000355561 0.000284571 0.000226763 0.000179963 0.000142276 0.000112079 8.79926e-05 6.88623e-05 5.37285e-05 4.18009e-05 3.2433e-05 2.50995e-05 1.93765e-05 1.49234e-05 1.1468e-05 8.79378e-06 6.72936e-06 5.13947e-06 3.91781e-06 2.98114e-06 2.26447e-06 1.7172e-06 1.3001e-06 9.82779e-07 7.41795e-07 5.59092e-07 4.20799e-07 3.16285e-07 2.37418e-07 1.77992e-07 1.33276e-07 9.96756e-08 7.44602e-08 5.55614e-08 4.14143e-08 3.08368e-08 2.29373e-08 1.70445e-08 1.26533e-08 9.38453e-09 6.95381e-09 5.14807e-09 3.80791e-09 2.81424e-09 2.07814e-09 1.53333e-09 1.13046e-09 8.32803e-10 6.13057e-10 4.50963e-10 3.31489e-10 2.43496e-10 1.78738e-10 1.31115e-10 9.61173e-11 7.04161e-11 5.15549e-11 3.77224e-11 2.75847e-11 2.01595e-11 1.47245e-11 1.07487e-11 7.84207e-12 5.71832e-12 4.16748e-12 3.03565e-12 2.21007e-12 1.60821e-12 1.16967e-12 8.503e-13 6.17838e-13 4.48718e-13 3.25741e-13 2.36361e-13 1.71429e-13 1.24281e-13 9.00616e-14 6.52365e-14 4.72347e-14 3.41865e-14 2.47329e-14
0.00172816 0.00245562 0.00296637 0.00327229 0.00340065 0.00338539 0.00326136 0.00306085 0.00281176 0.00253689 0.00225396 0.00197605 0.00171222 0.00146828 0.00124743 0.00105095 0.0008787 0.000729593 0.000601938 0.000493708 0.000402742 0.00032688 0.000264062 0.000212379 0.000170108 0.000135724 0.000107894 8.54762e-05 6.74955e-05 5.31326e-05 4.17036e-05 3.26418e-05 2.54812e-05 1.9841e-05 1.54119e-05 1.19438e-05 9.23566e-06 7.12638e-06 5.48762e-06 4.21744e-06 3.23516e-06 2.47716e-06 1.89346e-06 1.44486e-06 1.10075e-06 8.37284e-07 6.35913e-07 4.82266e-07 3.65225e-07 2.76209e-07 2.08611e-07 1.57353e-07 1.18542e-07 8.91954e-08 6.70348e-08 5.03223e-08 3.77345e-08 2.82648e-08 2.11493e-08 1.58089e-08 1.18052e-08 8.80692e-09 6.56392e-09 4.88766e-09 3.6362e-09 2.7028e-09 2.00727e-09 1.48949e-09 1.10436e-09 8.18161e-10 6.05658e-10 4.48007e-10 3.31145e-10 2.44588e-10 1.80527e-10 1.33151e-10 9.8141e-11 7.22879e-11 5.32104e-11 3.91424e-11 2.87756e-11 2.11414e-11 1.55232e-11 1.13912e-11 8.35425e-12 6.12344e-12 4.48581e-12 3.28433e-12 2.40336e-12 1.75777e-12 1.28492e-12 9.38796e-13 6.85563e-13 5.0039e-13 3.65057e-13 2.66198e-13 1.9402e-13 1.41347e-13 1.02927e-13 7.49172e-14 5.45057e-14
0.00118811 0.00179716 0.00226904 0.00259456 0.00278129 0.0028466 0.00281248 0.00270198 0.00253689 0.00233645 0.00211674 0.00189051 0.00166744 0.00145443 0.00125609 0.00107511 0.000912746 0.00076917 0.000643776 0.000535451 0.000442772 0.000364162 0.000298005 0.000242723 0.000196825 0.000158947 0.000127857 0.00010247 8.18383e-05 6.51446e-05 5.16936e-05 4.08977e-05 3.22646e-05 2.53848e-05 1.99204e-05 1.55935e-05 1.21776e-05 9.48829e-06 7.37679e-06 5.72316e-06 4.43127e-06 3.42434e-06 2.64128e-06 2.03361e-06 1.56302e-06 1.19931e-06 9.18745e-07 7.02709e-07 5.36655e-07 4.09238e-07 3.11629e-07 2.36973e-07 1.79961e-07 1.36487e-07 1.03384e-07 7.82142e-08 5.91013e-08 4.46072e-08 3.36296e-08 2.53257e-08 1.90517e-08 1.43171e-08 1.07482e-08 8.06088e-09 6.03963e-09 4.52094e-09 3.38101e-09 2.52623e-09 1.8859e-09 1.40667e-09 1.04833e-09 7.80641e-10 5.80838e-10 4.31834e-10 3.20809e-10 2.38149e-10 1.76657e-10 1.30949e-10 9.69983e-11 7.18004e-11 5.31123e-11 3.92622e-11 2.90049e-11 2.14136e-11 1.57993e-11 1.16497e-11 8.58487e-12 6.32257e-12 4.65373e-12 3.42343e-12 2.51696e-12 1.8495e-12 1.3583e-12 9.97024e-13 7.31458e-13 5.36351e-13 3.93088e-13 2.87949e-13 2.10828e-13 1.54288e-13 1.12858e-13
0.000816825 0.00131044 0.00172473 0.00204005 0.00225188 0.00236591 0.0023941 0.00235149 0.00225396 0.00211674 0.00195344 0.00177564 0.00159272 0.00141189 0.00123846 0.00107605 0.000926907 0.000792168 0.00067214 0.000566511 0.000474547 0.000395242 0.000327437 0.000269914 0.000221458 0.000180903 0.000147164 0.00011925 9.62738e-05 7.74521e-05 6.21027e-05 4.96378e-05 3.95551e-05 3.14298e-05 2.49049e-05 1.96828e-05 1.55165e-05 1.22025e-05 9.57414e-06 7.49516e-06 5.85507e-06 4.56443e-06 3.55123e-06 2.75764e-06 2.13743e-06 1.65376e-06 1.27733e-06 9.84933e-07 7.58244e-07 5.82816e-07 4.47296e-07 3.42784e-07 2.62317e-07 2.00461e-07 1.52985e-07 1.166e-07 8.87565e-08 6.74781e-08 5.12393e-08 3.88628e-08 2.94422e-08 2.22804e-08 1.68425e-08 1.27184e-08 9.59417e-09 7.23014e-09 5.44327e-09 4.09409e-09 3.07643e-09 2.30962e-09 1.73238e-09 1.29828e-09 9.72122e-10 7.27294e-10 5.4368e-10 4.06096e-10 3.03091e-10 2.26039e-10 1.68448e-10 1.25438e-10 9.33418e-11 6.94091e-11 5.15768e-11 3.82997e-11 2.84215e-11 2.10772e-11 1.56206e-11 1.15694e-11 8.56349e-12 6.33471e-12 4.6832e-12 3.46022e-12 2.55513e-12 1.88571e-12 1.3909e-12 1.02536e-12 7.55479e-13 5.56337e-13 4.09475e-13 3.01226e-13 2.21482e-13
0.000561567 0.000952409 0.00130374 0.00159237 0.00180726 0.00194663 0.00201511 0.00202135 0.00197605 0.00189051 0.00177564 0.00164133 0.00149606 0.0013468 0.00119902 0.0010568 0.000923022 0.000799508 0.000687266 0.000586646 0.000497512 0.000419382 0.000351537 0.000293121 0.000243209 0.000200862 0.000165166 0.000135253 0.000110327 8.96619e-05 7.26118e-05 5.86077e-05 4.7154e-05 3.78235e-05 3.02514e-05 2.4128e-05 1.9193e-05 1.52285e-05 1.20533e-05 9.51778e-06 7.49862e-06 5.89496e-06 4.62454e-06 3.62057e-06 2.82903e-06 2.20637e-06 1.71762e-06 1.33478e-06 1.0355e-06 8.01995e-07 6.20151e-07 4.78794e-07 3.691e-07 2.84121e-07 2.18397e-07 1.67644e-07 1.28513e-07 9.83867e-08 7.52271e-08 5.74479e-08 4.38177e-08 3.33822e-08 2.54028e-08 1.93092e-08 1.46613e-08 1.11203e-08 8.42583e-09 6.37774e-09 4.82269e-09 3.64328e-09 2.74969e-09 2.07335e-09 1.56195e-09 1.17565e-09 8.84121e-10 6.64319e-10 4.98746e-10 3.74136e-10 2.80435e-10 2.10037e-10 1.5719e-10 1.17552e-10 8.78442e-11 6.55968e-11 4.8949e-11 3.65008e-11 2.71997e-11 2.02551e-11 1.50737e-11 1.12105e-11 8.33202e-12 6.1888e-12 4.59406e-12 3.40819e-12 2.52694e-12 1.87246e-12 1.38669e-12 1.02637e-12 7.59253e-13 5.61348e-13 4.14806e-13
0.000386078 0.000690177 0.000980688 0.00123493 0.00143923 0.00158748 0.00167939 0.00171882 0.00171222 0.00166744 0.00159272 0.00149606 0.00138475 0.00126511 0.00114241 0.00102081 0.000903489 0.000792717 0.000689989 0.000596164 0.000511597 0.000436254 0.000369817 0.000311771 0.000261479 0.000218235 0.000181309 0.000149981 0.000123558 0.000101396 8.29026e-05 6.75446e-05 5.4848e-05 4.43962e-05 3.58267e-05 2.88271e-05 2.31304e-05 1.85098e-05 1.47741e-05 1.17633e-05 9.34387e-06 7.40506e-06 5.85562e-06 4.62055e-06 3.63851e-06 2.85951e-06 2.24299e-06 1.75613e-06 1.37249e-06 1.07079e-06 8.34004e-07 6.48518e-07 5.03486e-07 3.90287e-07 3.02087e-07 2.33479e-07 1.80198e-07 1.38885e-07 1.069e-07 8.21743e-08 6.30874e-08 4.83739e-08 3.70473e-08 2.83394e-08 2.16535e-08 1.65263e-08 1.25994e-08 9.59537e-09 7.29993e-09 5.54795e-09 4.21225e-09 3.195e-09 2.42111e-09 1.83296e-09 1.38641e-09 1.04772e-09 7.91073e-10 5.96782e-10 4.49831e-10 3.38786e-10 2.54947e-10 1.91704e-10 1.44037e-10 1.0814e-10 8.11284e-11 6.08193e-11 4.55614e-11 3.41072e-11 2.55148e-11 1.9074e-11 1.42496e-11 1.06384e-11 7.9372e-12 5.91811e-12 4.40989e-12 3.28401e-12 2.4441e-12 1.81792e-12 1.35138e-12 1.00399e-12 7.45481e-13
0.000265428 0.000498831 0.000734455 0.000952236 0.00113827 0.00128441 0.00138734 0.00144756 0.00146828 0.00145443 0.00141189 0.0013468 0.00126511 0.0011723 0.00107314 0.000971629 0.000870994 0.000773709 0.000681574 0.000595808 0.000517137 0.000445893 0.000382099 0.000325549 0.000275872 0.00023259 0.000195161 0.000163016 0.000135584 0.000112311 9.26749e-05 7.61918e-05 6.24219e-05 5.09703e-05 4.14871e-05 3.36655e-05 2.72388e-05 2.19773e-05 1.76846e-05 1.41936e-05 1.13634e-05 9.07584e-06 7.23207e-06 5.75006e-06 4.56194e-06 3.61182e-06 2.85385e-06 2.25058e-06 1.7715e-06 1.39187e-06 1.09166e-06 8.54745e-07 6.68134e-07 5.21424e-07 4.06292e-07 3.161e-07 2.45566e-07 1.90496e-07 1.47569e-07 1.14159e-07 8.81964e-08 6.80499e-08 5.24391e-08 4.03597e-08 3.10255e-08 2.38221e-08 1.82702e-08 1.39965e-08 1.07108e-08 8.18764e-09 6.25234e-09 4.7696e-09 3.63486e-09 2.76737e-09 2.1049e-09 1.59952e-09 1.21436e-09 9.21113e-10 6.98067e-10 5.28574e-10 3.99895e-10 3.02291e-10 2.28324e-10 1.72317e-10 1.29947e-10 9.79196e-11 7.373e-11 5.54749e-11 4.17093e-11 3.1337e-11 2.35275e-11 1.76521e-11 1.32349e-11 9.91639e-12 7.42511e-12 5.55611e-12 4.15493e-12 3.10517e-12 2.31921e-12 1.73114e-12 1.29142e-12
0.000182482 0.000359677 0.000547881 0.000730478 0.000894706 0.00103187 0.00113708 0.00120865 0.00124743 0.00125609 0.00123846 0.00119902 0.00114241 0.00107314 0.00099536 0.000912719 0.000828299 0.000744598 0.000663562 0.000586627 0.000514779 0.000448629 0.000388476 0.000334375 0.000286191 0.000243658 0.000206413 0.00017404 0.00014609 0.000122112 0.000101661 8.43116e-05 6.96691e-05 5.73699e-05 4.70855e-05 3.85221e-05 3.14204e-05 2.55532e-05 2.07235e-05 1.67614e-05 1.35218e-05 1.08811e-05 8.73511e-06 6.99611e-06 5.59079e-06 4.4581e-06 3.54747e-06 2.81715e-06 2.2328e-06 1.76631e-06 1.39471e-06 1.09933e-06 8.65003e-07 6.79483e-07 5.32882e-07 4.17247e-07 3.26201e-07 2.54639e-07 1.98486e-07 1.54496e-07 1.20088e-07 9.32173e-08 7.22638e-08 5.59482e-08 4.3262e-08 3.34115e-08 2.5773e-08 1.98576e-08 1.52824e-08 1.17483e-08 9.02154e-09 6.92029e-09 5.30291e-09 4.05939e-09 3.10436e-09 2.37169e-09 1.81021e-09 1.38035e-09 1.0516e-09 8.00423e-10 6.08701e-10 4.625e-10 3.51115e-10 2.66332e-10 2.01856e-10 1.52866e-10 1.15675e-10 8.74635e-11 6.60823e-11 4.98906e-11 3.76385e-11 2.83748e-11 2.13759e-11 1.60921e-11 1.21061e-11 9.10123e-12 6.83769e-12 5.13375e-12 3.85195e-12 2.88836e-12 2.16448e-12
0.000125456 0.00025878 0.000407246 0.000557759 0.000699347 0.00082372 0.00092537 0.00100136 0.00105095 0.00107511 0.00107605 0.0010568 0.00102081 0.000971629 0.000912719 0.000847264 0.000778076 0.000707546 0.00063763 0.000569864 0.000505395 0.000445024 0.000389262 0.00033837 0.000292417 0.00025132 0.000214883 0.000182832 0.000154843 0.000130564 0.000109634 9.1695e-05 7.64016e-05 6.34297e-05 5.24789e-05 4.32758e-05 3.55739e-05 2.91543e-05 2.38237e-05 1.94134e-05 1.5777e-05 1.27886e-05 1.03404e-05 8.3407e-06 6.71211e-06 5.38939e-06 4.31794e-06 3.45223e-06 2.75448e-06 2.19343e-06 1.74332e-06 1.38301e-06 1.0952e-06 8.65765e-07 6.83235e-07 5.383e-07 4.23429e-07 3.32551e-07 2.60781e-07 2.04198e-07 1.59661e-07 1.24663e-07 9.72028e-08 7.56902e-08 5.88618e-08 4.57166e-08 3.54629e-08 2.74756e-08 2.12619e-08 1.64344e-08 1.26886e-08 9.78564e-09 7.53865e-09 5.80144e-09 4.45991e-09 3.4251e-09 2.62776e-09 2.01407e-09 1.54222e-09 1.17981e-09 9.01724e-10 6.88564e-10 5.25327e-10 4.0044e-10 3.04982e-10 2.32085e-10 1.76467e-10 1.34069e-10 1.01777e-10 7.72022e-11 5.85165e-11 4.432e-11 3.35429e-11 2.53679e-11 1.91716e-11 1.44786e-11 1.09269e-11 8.24078e-12 6.21084e-12 4.67784e-12 3.52095e-12
8.62513e-05 0.000185818 0.000301729 0.00042408 0.000543883 0.000653756 0.000748232 0.00082379 0.0008787 0.000912746 0.000926907 0.000923022 0.000903489 0.000870994 0.000828299 0.000778076 0.000722793 0.000664638 0.00060548 0.000546859 0.000489993 0.000435802 0.000384938 0.000337822 0.000294685 0.000255597 0.000220508 0.000189274 0.000161688 0.000137496 0.000116419 9.81695e-05 8.2457e-05 6.9001e-05 5.7535e-05 4.78107e-05 3.96e-05 3.26966e-05 2.69154e-05 2.20922e-05 1.80829e-05 1.47614e-05 1.2019e-05 9.76158e-06 7.90909e-06 6.39325e-06 5.15631e-06 4.14963e-06 3.33246e-06 2.67074e-06 2.13618e-06 1.70533e-06 1.35885e-06 1.0808e-06 8.58135e-07 6.80178e-07 5.38228e-07 4.25213e-07 3.354e-07 2.6415e-07 2.07726e-07 1.63116e-07 1.27904e-07 1.00154e-07 7.83188e-08 6.1163e-08 4.77036e-08 3.71591e-08 2.89098e-08 2.24647e-08 1.74359e-08 1.35172e-08 1.04675e-08 8.09685e-09 6.25635e-09 4.8291e-09 3.72359e-09 2.86824e-09 2.20718e-09 1.69682e-09 1.30322e-09 9.9998e-10 7.66595e-10 5.87149e-10 4.4931e-10 3.4353e-10 2.6243e-10 2.00307e-10 1.52765e-10 1.16412e-10 8.86393e-11 6.74396e-11 5.12709e-11 3.89491e-11 2.95667e-11 2.24279e-11 1.70006e-11 1.28775e-11 9.74761e-12 7.37338e-12 5.57368e-12
5.92977e-05 0.000133187 0.000222889 0.000321195 0.000421027 0.000516125 0.00060145 0.000673357 0.000729593 0.00076917 0.000792168 0.000799508 0.000792717 0.000773709 0.000744598 0.000707546 0.000664638 0.000617802 0.000568754 0.000518963 0.00046965 0.000421784 0.000376105 0.000333145 0.000293252 0.000256623 0.000223328 0.000193339 0.000166549 0.000142799 0.000121891 0.000103603 8.77036e-05 7.39579e-05 6.21368e-05 5.2021e-05 4.3405e-05 3.60986e-05 2.99287e-05 2.47392e-05 2.03906e-05 1.67598e-05 1.37387e-05 1.12332e-05 9.16173e-06 7.45428e-06 6.05094e-06 4.90073e-06 3.96052e-06 3.19393e-06 2.57045e-06 2.06456e-06 1.65505e-06 1.32428e-06 1.05768e-06 8.43265e-07 6.71158e-07 5.33283e-07 4.23041e-07 3.35056e-07 2.64959e-07 2.09212e-07 1.64951e-07 1.29867e-07 1.02102e-07 8.01632e-08 6.28544e-08 4.92187e-08 3.8492e-08 3.00655e-08 2.34551e-08 1.82763e-08 1.42243e-08 1.10581e-08 8.58698e-09 6.66079e-09 5.16113e-09 3.99492e-09 3.08903e-09 2.38615e-09 1.84138e-09 1.41961e-09 1.0934e-09 8.41357e-10 6.46822e-10 4.96818e-10 3.81264e-10 2.92332e-10 2.23953e-10 1.71425e-10 1.31109e-10 1.00193e-10 7.65063e-11 5.83737e-11 4.45044e-11 3.39047e-11 2.58104e-11 1.9634e-11 1.49249e-11 1.13372e-11 8.6059e-12
4.07672e-05 9.53034e-05 0.0001642 0.000242408 0.000324542 0.000405495 0.000480856 0.000547152 0.000601938 0.000643776 0.00067214 0.000687266 0.000689989 0.000681574 0.000663562 0.00063763 0.00060548 0.000568754 0.000528968 0.000487477 0.000445444 0.000403838 0.000363438 0.000324838 0.000288472 0.000254629 0.000223476 0.000195079 0.000169423 0.00014643 0.000125976 0.000107906 9.20432e-05 7.82001e-05 6.61865e-05 5.58148e-05 4.69045e-05 3.92848e-05 3.27974e-05 2.72968e-05 2.26513e-05 1.87426e-05 1.54657e-05 1.27277e-05 1.04476e-05 8.55465e-06 6.98788e-06 5.6948e-06 4.63056e-06 3.75701e-06 3.04181e-06 2.45771e-06 1.98182e-06 1.59499e-06 1.28126e-06 1.02735e-06 8.22303e-07 6.57042e-07 5.2411e-07 4.17388e-07 3.31866e-07 2.63457e-07 2.08832e-07 1.65287e-07 1.30633e-07 1.03099e-07 8.1256e-08 6.39545e-08 5.02707e-08 3.94638e-08 3.09412e-08 2.42292e-08 1.89503e-08 1.48041e-08 1.15517e-08 9.00365e-09 7.00985e-09 5.45164e-09 4.23529e-09 3.2869e-09 2.54826e-09 1.97363e-09 1.52707e-09 1.18041e-09 9.11582e-10 7.0332e-10 5.42142e-10 4.17525e-10 3.2127e-10 2.4699e-10 1.89723e-10 1.45612e-10 1.11664e-10 8.55623e-11 6.55095e-11 5.01171e-11 3.83119e-11 2.92652e-11 2.23381e-11 1.70381e-11 1.29863e-11
2.80274e-05 6.80906e-05 0.000120661 0.000182349 0.000249191 0.000317156 0.000382532 0.000442187 0.000493708 0.000535451 0.000566511 0.000586646 0.000596164 0.000595808 0.000586627 0.000569864 0.000546859 0.000518963 0.000487477 0.000453601 0.00041841 0.000382831 0.000347637 0.000313453 0.000280761 0.000249915 0.000221154 0.000194619 0.000170369 0.000148399 0.000128652 0.00011103 9.54119e-05 8.16549e-05 6.96082e-05 5.91166e-05 5.00263e-05 4.21881e-05 3.54604e-05 2.97109e-05 2.48176e-05 2.06691e-05 1.71652e-05 1.42162e-05 1.17428e-05 9.67487e-06 7.95143e-06 6.51937e-06 5.33284e-06 4.35247e-06 3.5446e-06 2.88058e-06 2.33616e-06 1.89086e-06 1.52748e-06 1.23161e-06 9.91237e-07 7.96355e-07 6.38678e-07 5.11356e-07 4.08743e-07 3.26196e-07 2.59913e-07 2.06782e-07 1.64267e-07 1.30303e-07 1.03215e-07 8.16445e-08 6.44943e-08 5.0879e-08 4.0086e-08 3.15424e-08 2.47888e-08 1.94576e-08 1.52548e-08 1.19458e-08 9.34386e-09 7.30049e-09 5.69772e-09 4.44204e-09 3.45943e-09 2.6914e-09 2.09175e-09 1.62408e-09 1.25974e-09 9.76196e-10 7.5576e-10 5.84558e-10 4.51727e-10 3.48768e-10 2.69039e-10 2.07357e-10 1.59681e-10 1.22864e-10 9.44582e-11 7.25611e-11 5.56959e-11 4.27172e-11 3.27378e-11 2.50707e-11 1.91849e-11
1.92689e-05 4.85789e-05 8.84609e-05 0.000136756 0.000190644 0.000247037 0.000302913 0.000355561 0.000402742 0.000442772 0.000474547 0.000497512 0.000511597 0.000517137 0.000514779 0.000505395 0.000489993 0.00046965 0.000445444 0.00041841 0.000389507 0.000359591 0.000329401 0.000299561 0.000270573 0.000242829 0.000216616 0.000192134 0.0001695 0.000148768 0.000129938 0.000112967 9.77793e-05 8.42778e-05 7.23487e-05 6.18691e-05 5.27124e-05 4.4752e-05 3.78647e-05 3.19327e-05 2.68454e-05 2.25003e-05 1.88034e-05 1.56697e-05 1.30227e-05 1.07945e-05 8.92473e-06 7.3607e-06 6.05631e-06 4.97157e-06 4.07198e-06 3.32793e-06 2.7141e-06 2.20896e-06 1.79426e-06 1.45459e-06 1.177e-06 9.50648e-07 7.66454e-07 6.16876e-07 4.95648e-07 3.97586e-07 3.18412e-07 2.54604e-07 2.0327e-07 1.62044e-07 1.2899e-07 1.02532e-07 8.13866e-08 6.45141e-08 5.10712e-08 4.03765e-08 3.18806e-08 2.51409e-08 1.98017e-08 1.55776e-08 1.22402e-08 9.60675e-09 7.53135e-09 5.89777e-09 4.6135e-09 3.60504e-09 2.81408e-09 2.1944e-09 1.70946e-09 1.33036e-09 1.03433e-09 8.0341e-10 6.23456e-10 4.83365e-10 3.74413e-10 2.89762e-10 2.24053e-10 1.73096e-10 1.33615e-10 1.03054e-10 7.94174e-11 6.11531e-11 4.70519e-11 3.6174e-11 2.77896e-11
1.32473e-05 3.46125e-05 6.47138e-05 0.000102275 0.000145363 0.000191682 0.000238842 0.000284571 0.00032688 0.000364162 0.000395242 0.000419382 0.000436254 0.000445893 0.000448629 0.000445024 0.000435802 0.000421784 0.000403838 0.000382831 0.000359591 0.000334885 0.000309399 0.000283729 0.000258375 0.000233744 0.000210153 0.000187841 0.000166969 0.000147637 0.000129894 0.000113741 9.91458e-05 8.60508e-05 7.43773e-05 6.40335e-05 5.49196e-05 4.69319e-05 3.99661e-05 3.39201e-05 2.86958e-05 2.42007e-05 2.03487e-05 1.70603e-05 1.42633e-05 1.18928e-05 9.89035e-06 8.2043e-06 6.78903e-06 5.60459e-06 4.61616e-06 3.79357e-06 3.11082e-06 2.54558e-06 2.07879e-06 1.69422e-06 1.37813e-06 1.1189e-06 9.06774e-07 7.3355e-07 5.92385e-07 4.77575e-07 3.84379e-07 3.08871e-07 2.47805e-07 1.98506e-07 1.58776e-07 1.26812e-07 1.01137e-07 8.05468e-08 6.40607e-08 5.08805e-08 4.0359e-08 3.1972e-08 2.52961e-08 1.99894e-08 1.57768e-08 1.24373e-08 9.79328e-09 7.70256e-09 6.05141e-09 4.749e-09 3.7229e-09 2.91542e-09 2.28072e-09 1.78238e-09 1.39154e-09 1.08534e-09 8.45699e-10 6.58348e-10 5.12024e-10 3.97858e-10 3.0887e-10 2.39574e-10 1.85663e-10 1.4376e-10 1.11221e-10 8.59759e-11 6.64067e-11 5.12506e-11 3.95223e-11
9.10755e-06 2.46311e-05 4.72464e-05 7.62873e-05 0.00011049 0.000148199 0.000187572 0.000226763 0.000264062 0.000298005 0.000327437 0.000351537 0.000369817 0.000382099 0.000388476 0.000389262 0.000384938 0.000376105 0.000363438 0.000347637 0.000329401 0.000309399 0.000288246 0.000266495 0.000244625 0.000223042 0.000202074 0.000181982 0.000162959 0.00014514 0.00012861 0.000113408 9.95397e-05 8.69808e-05 7.5685e-05 6.55896e-05 5.66203e-05 4.86956e-05 4.17304e-05 3.56385e-05 3.03353e-05 2.5739e-05 2.1772e-05 1.83618e-05 1.54415e-05 1.29497e-05 1.08309e-05 9.03537e-06 7.51858e-06 6.24122e-06 5.16866e-06 4.27063e-06 3.5208e-06 2.89637e-06 2.37768e-06 1.94791e-06 1.59266e-06 1.29968e-06 1.0586e-06 8.60668e-07 6.98493e-07 5.6589e-07 4.57683e-07 3.69554e-07 2.97913e-07 2.39781e-07 1.92695e-07 1.54622e-07 1.23888e-07 9.91211e-08 7.91934e-08 6.31849e-08 5.03444e-08 4.00605e-08 3.1836e-08 2.52681e-08 2.00302e-08 1.58588e-08 1.25412e-08 9.90598e-09 7.81554e-09 6.15931e-09 4.8487e-09 3.81284e-09 2.99509e-09 2.35027e-09 1.84239e-09 1.4428e-09 1.12876e-09 8.82216e-10 6.88864e-10 5.37383e-10 4.18826e-10 3.26129e-10 2.53721e-10 1.97216e-10 1.53163e-10 1.18849e-10 9.21451e-11 7.13826e-11 5.52536e-11
6.26144e-06 1.75079e-05 3.44291e-05 5.67642e-05 8.37379e-05 0.000114197 0.00014676 0.000179963 0.000212379 0.000242723 0.000269914 0.000293121 0.000311771 0.000325549 0.000334375 0.00033837 0.000337822 0.000333145 0.000324838 0.000313453 0.000299561 0.000283729 0.000266495 0.000248357 0.000229762 0.000211098 0.000192692 0.000174814 0.000157674 0.000141433 0.000126201 0.000112049 9.90126e-05 8.70964e-05 7.62826e-05 6.65346e-05 5.78018e-05 5.00238e-05 4.3134e-05 3.70623e-05 3.17374e-05 2.70889e-05 2.30485e-05 1.95512e-05 1.6536e-05 1.39462e-05 1.17297e-05 9.83938e-06 8.23248e-06 6.87086e-06 5.7206e-06 4.75176e-06 3.93802e-06 3.25643e-06 2.68703e-06 2.21256e-06 1.81817e-06 1.49113e-06 1.22056e-06 9.97211e-07 8.13245e-07 6.62034e-07 5.38003e-07 4.36466e-07 3.53507e-07 2.85852e-07 2.30781e-07 1.86031e-07 1.49733e-07 1.20339e-07 9.6576e-08 7.7396e-08 6.19394e-08 4.95025e-08 3.95104e-08 3.14943e-08 2.50727e-08 1.99355e-08 1.58315e-08 1.25573e-08 9.94861e-09 7.87275e-09 6.22298e-09 4.91347e-09 3.8753e-09 3.05321e-09 2.40299e-09 1.88929e-09 1.4839e-09 1.16434e-09 9.12697e-10 7.14754e-10 5.5921e-10 4.37108e-10 3.41354e-10 2.66336e-10 2.07621e-10 1.61708e-10 1.25841e-10 9.7846e-11 7.60158e-11
4.30474e-06 1.24314e-05 2.50449e-05 4.21406e-05 6.32894e-05 8.77207e-05 0.000114428 0.000142276 0.000170108 0.000196825 0.000221458 0.000243209 0.000261479 0.000275872 0.000286191 0.000292417 0.000294685 0.000293252 0.000288472 0.000280761 0.000270573 0.000258375 0.000244625 0.000229762 0.00021419 0.000198268 0.000182314 0.000166594 0.000151326 0.000136684 0.000122799 0.000109763 9.76349e-05 8.64447e-05 7.61981e-05 6.68814e-05 5.84654e-05 5.09092e-05 4.41637e-05 3.8174e-05 3.28824e-05 2.82298e-05 2.41575e-05 2.06085e-05 1.75282e-05 1.4865e-05 1.25712e-05 1.06025e-05 8.91855e-06 7.48298e-06 6.26298e-06 5.22933e-06 4.35611e-06 3.6205e-06 3.00251e-06 2.48468e-06 2.05189e-06 1.69106e-06 1.39093e-06 1.14187e-06 9.35661e-07 7.65289e-07 6.24827e-07 5.09259e-07 4.14364e-07 3.36593e-07 2.72977e-07 2.21034e-07 1.78699e-07 1.44254e-07 1.16277e-07 9.359e-08 7.5223e-08 6.03768e-08 4.8395e-08 3.87394e-08 3.09699e-08 2.4727e-08 1.97179e-08 1.57042e-08 1.24925e-08 9.92591e-09 7.87748e-09 6.24469e-09 4.94481e-09 3.91121e-09 3.09034e-09 2.43917e-09 1.92321e-09 1.51484e-09 1.19199e-09 9.37023e-10 7.35878e-10 5.77361e-10 4.52566e-10 3.54418e-10 2.77303e-10 2.16774e-10 1.69307e-10 1.3212e-10 1.03013e-10
2.95951e-06 8.81789e-06 1.81884e-05 3.12172e-05 4.77114e-05 6.71846e-05 8.89258e-05 0.000112079 0.000135724 0.000158947 0.000180903 0.000200862 0.000218235 0.00023259 0.000243658 0.00025132 0.000255597 0.000256623 0.000254629 0.000249915 0.000242829 0.000233744 0.000223042 0.000211098 0.000198268 0.000184881 0.000171231 0.000157574 0.000144128 0.000131071 0.000118546 0.000106661 9.54917e-05 8.50874e-05 7.54738e-05 6.66565e-05 5.86249e-05 5.13558e-05 4.48159e-05 3.8965e-05 3.3758e-05 2.91471e-05 2.50833e-05 2.15176e-05 1.84022e-05 1.56912e-05 1.33413e-05 1.13118e-05 9.56535e-06 8.06746e-06 6.78695e-06 5.69571e-06 4.76856e-06 3.98311e-06 3.31956e-06 2.76051e-06 2.29073e-06 1.89697e-06 1.56773e-06 1.29309e-06 1.06453e-06 8.74728e-07 7.17461e-07 5.87425e-07 4.80124e-07 3.91759e-07 3.19128e-07 2.59544e-07 2.1075e-07 1.70866e-07 1.3832e-07 1.11808e-07 9.02472e-08 7.27407e-08 5.85489e-08 4.70618e-08 3.77782e-08 3.02863e-08 2.4249e-08 1.93909e-08 1.5487e-08 1.23541e-08 9.84331e-09 7.83368e-09 6.22722e-09 4.94465e-09 3.92192e-09 3.10737e-09 2.45937e-09 1.94448e-09 1.5358e-09 1.2118e-09 9.55198e-10 7.522e-10 5.91774e-10 4.65124e-10 3.6524e-10 2.86544e-10 2.24602e-10 1.75894e-10 1.37629e-10
2.03466e-06 6.24884e-06 1.31886e-05 2.30785e-05 3.58807e-05 5.13136e-05 6.8894e-05 8.79926e-05 0.000107894 0.000127857 0.000147164 0.000165166 0.000181309 0.000195161 0.000206413 0.000214883 0.000220508 0.000223328 0.000223476 0.000221154 0.000216616 0.000210153 0.000202074 0.000192692 0.000182314 0.000171231 0.000159711 0.000147992 0.000136286 0.00012477 0.00011359 0.000102863 9.26775e-05 8.30975e-05 7.41637e-05 6.58979e-05 5.83052e-05 5.13776e-05 4.50964e-05 3.94344e-05 3.43587e-05 2.98321e-05 2.58149e-05 2.22663e-05 1.91454e-05 1.64122e-05 1.4028e-05 1.19562e-05 1.01624e-05 8.61484e-06 7.28409e-06 6.1435e-06 5.16893e-06 4.3387e-06 3.63347e-06 3.03608e-06 2.53141e-06 2.10617e-06 1.74876e-06 1.44909e-06 1.19843e-06 9.89236e-07 8.15043e-07 6.70306e-07 5.50296e-07 4.50991e-07 3.68983e-07 3.01389e-07 2.4578e-07 2.00115e-07 1.62683e-07 1.32053e-07 1.07032e-07 8.66261e-08 7.00113e-08 5.65047e-08 4.55417e-08 3.66568e-08 2.94667e-08 2.36566e-08 1.89682e-08 1.51902e-08 1.215e-08 9.70669e-09 7.74568e-09 6.17377e-09 4.91533e-09 3.90909e-09 3.10546e-09 2.46441e-09 1.95364e-09 1.54713e-09 1.22397e-09 9.67341e-10 7.63771e-10 6.02459e-10 4.74766e-10 3.73789e-10 2.94018e-10 2.31061e-10 1.81424e-10
1.39883e-06 4.42432e-06 9.54918e-06 1.70292e-05 2.6922e-05 3.90893e-05 5.32191e-05 6.88623e-05 8.54762e-05 0.00010247 0.00011925 0.000135253 0.000149981 0.000163016 0.00017404 0.000182832 0.000189274 0.000193339 0.000195079 0.000194619 0.000192134 0.000187841 0.000181982 0.000174814 0.000166594 0.000157574 0.000147992 0.000138068 0.000127997 0.000117951 0.000108075 9.84904e-05 8.92927e-05 8.05551e-05 7.23303e-05 6.46525e-05 5.75399e-05 5.09975e-05 4.50189e-05 3.9589e-05 3.46857e-05 3.02818e-05 2.63465e-05 2.28468e-05 1.97488e-05 1.70182e-05 1.46214e-05 1.25259e-05 1.07006e-05 9.1166e-06 7.74661e-06 6.5657e-06 5.55102e-06 4.68185e-06 3.93954e-06 3.30738e-06 2.77051e-06 2.31578e-06 1.93163e-06 1.60791e-06 1.33577e-06 1.10754e-06 9.16556e-07 7.57105e-07 6.24263e-07 5.13822e-07 4.22191e-07 3.46316e-07 2.83609e-07 2.31883e-07 1.89292e-07 1.54285e-07 1.25563e-07 1.02037e-07 8.2799e-08 6.70928e-08 5.42904e-08 4.38712e-08 3.54042e-08 2.8534e-08 2.29674e-08 1.84635e-08 1.48244e-08 1.18882e-08 9.52219e-09 7.61814e-09 6.08783e-09 4.85943e-09 3.8746e-09 3.08599e-09 2.45526e-09 1.95138e-09 1.54931e-09 1.22883e-09 9.73663e-10 7.70724e-10 6.09491e-10 4.81529e-10 3.80074e-10 2.99719e-10 2.36137e-10
9.61696e-07 3.12989e-06 6.90455e-06 1.25428e-05 2.01565e-05 2.97035e-05 4.09973e-05 5.37285e-05 6.74955e-05 8.18383e-05 9.62738e-05 0.000110327 0.000123558 0.000135584 0.00014609 0.000154843 0.000161688 0.000166549 0.000169423 0.000170369 0.0001695 0.000166969 0.000162959 0.000157674 0.000151326 0.000144128 0.000136286 0.000127997 0.000119439 0.000110775 0.000102144 9.36656e-05 8.54396e-05 7.75448e-05 7.00417e-05 6.29738e-05 5.63699e-05 5.02452e-05 4.46042e-05 3.94419e-05 3.47461e-05 3.04985e-05 2.66767e-05 2.32552e-05 2.02066e-05 1.75024e-05 1.5114e-05 1.30131e-05 1.11723e-05 9.56535e-06 8.16758e-06 6.95592e-06 5.90904e-06 5.0074e-06 4.23321e-06 3.57042e-06 3.0046e-06 2.52289e-06 2.11388e-06 1.76748e-06 1.47485e-06 1.22822e-06 1.02086e-06 8.46904e-07 7.01298e-07 5.79681e-07 4.78312e-07 3.93991e-07 3.2399e-07 2.65989e-07 2.1802e-07 1.78421e-07 1.4579e-07 1.18947e-07 9.69035e-08 7.88308e-08 6.40379e-08 5.19487e-08 4.20844e-08 3.40476e-08 2.75096e-08 2.21984e-08 1.78901e-08 1.44001e-08 1.15769e-08 9.29603e-09 7.45581e-09 5.973e-09 4.77967e-09 3.82051e-09 3.05049e-09 2.43305e-09 1.93853e-09 1.54292e-09 1.22679e-09 9.74455e-10 7.73255e-10 6.13e-10 4.85492e-10 3.84144e-10 3.0367e-10
6.61166e-07 2.21241e-06 4.98583e-06 9.22267e-06 1.50603e-05 2.25185e-05 3.14998e-05 4.18009e-05 5.31326e-05 6.51446e-05 7.74521e-05 8.96619e-05 0.000101396 0.000112311 0.000122112 0.000130564 0.000137496 0.000142799 0.00014643 0.000148399 0.000148768 0.000147637 0.00014514 0.000141433 0.000136684 0.000131071 0.00012477 0.000117951 0.000110775 0.00010339 9.59281e-05 8.85049e-05 8.1219e-05 7.41518e-05 6.73687e-05 6.09196e-05 5.48408e-05 4.91561e-05 4.38784e-05 3.90117e-05 3.4552e-05 3.04893e-05 2.68087e-05 2.34915e-05 2.05165e-05 1.78609e-05 1.55008e-05 1.34122e-05 1.15713e-05 9.95501e-06 8.54106e-06 7.30852e-06 6.23775e-06 5.31054e-06 4.51017e-06 3.82137e-06 3.23032e-06 2.72457e-06 2.29299e-06 1.92568e-06 1.61385e-06 1.34979e-06 1.12671e-06 9.38689e-07 7.80577e-07 6.47907e-07 5.36823e-07 4.44006e-07 3.66608e-07 3.02196e-07 2.48693e-07 2.04334e-07 1.67624e-07 1.37299e-07 1.1229e-07 9.17014e-08 7.47796e-08 6.08941e-08 4.95182e-08 4.02126e-08 3.26122e-08 2.64137e-08 2.13658e-08 1.72608e-08 1.39272e-08 1.12238e-08 9.03435e-09 7.26346e-09 5.83296e-09 4.67888e-09 3.74896e-09 3.00057e-09 2.39899e-09 1.91599e-09 1.52865e-09 1.21836e-09 9.7007e-10 7.71615e-10 6.1316e-10 4.86777e-10 3.86077e-10
4.54552e-07 1.56271e-06 3.59586e-06 6.77041e-06 1.12308e-05 1.70335e-05 2.41425e-05 3.2433e-05 4.17036e-05 5.16936e-05 6.21027e-05 7.26118e-05 8.29026e-05 9.26749e-05 0.000101661 0.000109634 0.000116419 0.000121891 0.000125976 0.000128652 0.000129938 0.000129894 0.00012861 0.000126201 0.000122799 0.000118546 0.00011359 0.000108075 0.000102144 9.59281e-05 8.95499e-05 8.31181e-05 7.67278e-05 7.04603e-05 6.43829e-05 5.85495e-05 5.30016e-05 4.77692e-05 4.28721e-05 3.83214e-05 3.41203e-05 3.02657e-05 2.67494e-05 2.35591e-05 2.06792e-05 1.80922e-05 1.57789e-05 1.37194e-05 1.18934e-05 1.02808e-05 8.86223e-06 7.61875e-06 6.53258e-06 5.587e-06 4.76647e-06 4.05666e-06 3.44446e-06 2.91799e-06 2.46649e-06 2.08035e-06 1.75096e-06 1.47069e-06 1.2328e-06 1.03137e-06 8.61202e-07 7.17768e-07 5.97132e-07 4.95885e-07 4.11088e-07 3.4021e-07 2.81084e-07 2.31854e-07 1.90941e-07 1.57001e-07 1.28897e-07 1.05664e-07 8.64919e-08 7.06962e-08 5.77036e-08 4.70335e-08 3.82843e-08 3.1121e-08 2.5265e-08 2.04845e-08 1.65876e-08 1.34154e-08 1.08366e-08 8.7431e-09 7.04574e-09 5.67134e-09 4.55987e-09 3.66213e-09 2.93791e-09 2.35437e-09 1.88473e-09 1.5072e-09 1.20405e-09 9.60906e-10 7.66097e-10 6.10184e-10 4.85533e-10
3.12504e-07 1.10301e-06 2.59035e-06 4.96257e-06 8.35957e-06 1.28573e-05 1.846e-05 2.50995e-05 3.26418e-05 4.08977e-05 4.96378e-05 5.86077e-05 6.75446e-05 7.61918e-05 8.43116e-05 9.1695e-05 9.81695e-05 0.000103603 0.000107906 0.00011103 0.000112967 0.000113741 0.000113408 0.000112049 0.000109763 0.000106661 0.000102863 9.84904e-05 9.36656e-05 8.85049e-05 8.31181e-05 7.76054e-05 7.20568e-05 6.65508e-05 6.11545e-05 5.59236e-05 5.09027e-05 4.61261e-05 4.16188e-05 3.73973e-05 3.34709e-05 2.98424e-05 2.65092e-05 2.34647e-05 2.06985e-05 1.81979e-05 1.5948e-05 1.39329e-05 1.21357e-05 1.05396e-05 9.12744e-06 7.8828e-06 6.78974e-06 5.8331e-06 4.99862e-06 4.27303e-06 3.64407e-06 3.10047e-06 2.632e-06 2.2294e-06 1.88433e-06 1.58934e-06 1.33779e-06 1.12381e-06 9.4222e-07 7.88471e-07 6.58585e-07 5.49098e-07 4.57e-07 3.7969e-07 3.14923e-07 2.6077e-07 2.15578e-07 1.77934e-07 1.46634e-07 1.20656e-07 9.91311e-08 8.13269e-08 6.66245e-08 5.45029e-08 4.45251e-08 3.63245e-08 2.95948e-08 2.40803e-08 1.95682e-08 1.58815e-08 1.28734e-08 1.04224e-08 8.42794e-09 6.80714e-09 5.49169e-09 4.42541e-09 3.56218e-09 2.86418e-09 2.30047e-09 1.84574e-09 1.47934e-09 1.18446e-09 9.47395e-10 7.57022e-10 6.0431e-10
2.14847e-07 7.78018e-07 1.86393e-06 3.63214e-06 6.21151e-06 9.68554e-06 1.40834e-05 1.93765e-05 2.54812e-05 3.22646e-05 3.95551e-05 4.7154e-05 5.4848e-05 6.24219e-05 6.96691e-05 7.64016e-05 8.2457e-05 8.77036e-05 9.20432e-05 9.54119e-05 9.77793e-05 9.91458e-05 9.95397e-05 9.90126e-05 9.76349e-05 9.54917e-05 9.26775e-05 8.92927e-05 8.54396e-05 8.1219e-05 7.67278e-05 7.20568e-05 6.72889e-05 6.24984e-05 5.77505e-05 5.31005e-05 4.85944e-05 4.42693e-05 4.01536e-05 3.62681e-05 3.26267e-05 2.92369e-05 2.61013e-05 2.32177e-05 2.05807e-05 1.81816e-05 1.60098e-05 1.40529e-05 1.22974e-05 1.07293e-05 9.33422e-06 8.09787e-06 7.00623e-06 6.04578e-06 5.20364e-06 4.46765e-06 3.82646e-06 3.26956e-06 2.78729e-06 2.37084e-06 2.01221e-06 1.70419e-06 1.44033e-06 1.21485e-06 1.02264e-06 8.59184e-07 7.20488e-07 6.03067e-07 5.03872e-07 4.20249e-07 3.499e-07 2.90835e-07 2.4134e-07 1.99945e-07 1.65387e-07 1.36589e-07 1.12634e-07 9.27414e-08 7.62504e-08 6.26018e-08 5.13239e-08 4.20196e-08 3.43554e-08 2.80518e-08 2.28748e-08 1.86293e-08 1.51527e-08 1.23096e-08 9.98775e-09 8.09418e-09 6.55191e-09 5.29737e-09 4.27817e-09 3.45121e-09 2.78103e-09 2.23857e-09 1.8e-09 1.44584e-09 1.16017e-09 9.29989e-10 7.44734e-10
