0.3807 0.0703717 0.0360461 0.0200761 0.0114043 0.00642563 0.00355978 0.00193786 0.00103877 0.000549728 0.000287893 0.000149489 7.70802e-05 3.95135e-05 2.01566e-05 1.02394e-05 5.1828e-06 2.61512e-06 1.31588e-06 6.60506e-07 3.30815e-07 1.65363e-07 8.25115e-08 4.1104e-08 2.04459e-08 1.01559e-08 5.03747e-09 2.49411e-09 1.23021e-09 5.99462e-10 2.96188e-10
0.0703717 0.0181209 0.00900351 0.00433853 0.00203787 0.000944468 0.000435589 0.000200869 9.28318e-05 4.30345e-05 2.00148e-05 9.33753e-06 4.36851e-06 2.04888e-06 9.63047e-07 4.53531e-07 2.13939e-07 1.01066e-07 4.7806e-08 2.26386e-08 1.07313e-08 5.09149e-09 2.41759e-09 1.14876e-09 5.46184e-10 2.59799e-10 1.23568e-10 5.86649e-11 2.76163e-11 1.25666e-11 5.99518e-12
0.0360461 0.00900351 0.0037369 0.00162936 0.000723624 0.000324508 0.000146649 6.67426e-05 3.0574e-05 1.40869e-05 6.52326e-06 3.03374e-06 1.41603e-06 6.62991e-07 3.11226e-07 1.46424e-07 6.90204e-08 3.25879e-08 1.54083e-08 7.2945e-09 3.45708e-09 1.63999e-09 7.78653e-10 3.6997e-10 1.75892e-10 8.3645e-11 3.97456e-11 1.88002e-11 8.73436e-12 4.13074e-12 1.97103e-12
0.0200761 0.00433853 0.00162936 0.000662736 0.000281535 0.000122736 5.44546e-05 2.44778e-05 1.1116e-05 5.08958e-06 2.34576e-06 1.08698e-06 5.05911e-07 2.36323e-07 1.10727e-07 5.20123e-08 2.44847e-08 1.15473e-08 5.45454e-09 2.58007e-09 1.22187e-09 5.7926e-10 2.74866e-10 1.30528e-10 6.20187e-11 2.94647e-11 1.39683e-11 6.56186e-12 3.11538e-12 1.47323e-12 7.02808e-13
0.0114043 0.00203787 0.000723624 0.000281535 0.000115933 4.94907e-05 2.1646e-05 9.63312e-06 4.34297e-06 1.97758e-06 9.07556e-07 4.19093e-07 1.94501e-07 9.06372e-08 4.23795e-08 1.98714e-08 9.33962e-09 4.39852e-09 2.07509e-09 9.8043e-10 4.63834e-10 2.19686e-10 1.04152e-10 4.9417e-11 2.34562e-11 1.11257e-11 5.25483e-12 2.49601e-12 1.18472e-12 5.60077e-13 2.67055e-13
0.00642563 0.000944468 0.000324508 0.000122736 4.94907e-05 2.08159e-05 9.00937e-06 3.97905e-06 1.78364e-06 8.08533e-07 3.69697e-07 1.70197e-07 7.8781e-08 3.6628e-08 1.70916e-08 7.99963e-09 3.75374e-09 1.76522e-09 8.31654e-10 3.9245e-10 1.85453e-10 8.77425e-11 4.1556e-11 1.96964e-11 9.33683e-12 4.41886e-12 2.09772e-12 9.95955e-13 4.72511e-13 2.23291e-13 1.06402e-13
0.00355978 0.000435589 0.000146649 5.44546e-05 2.1646e-05 9.00937e-06 3.86956e-06 1.69917e-06 7.58222e-07 3.4244e-07 1.56093e-07 7.16675e-08 3.30953e-08 1.53547e-08 7.15133e-09 3.34135e-09 1.56542e-09 7.35079e-10 3.45856e-10 1.63003e-10 7.69381e-11 3.63615e-11 1.72029e-11 8.14423e-12 3.8548e-12 1.82797e-12 8.67255e-13 4.11519e-13 1.95132e-13 9.21704e-14 4.38914e-14
0.00193786 0.000200869 6.67426e-05 2.44778e-05 9.63312e-06 3.97905e-06 1.69917e-06 7.42759e-07 3.30226e-07 1.48681e-07 6.75907e-08 3.09595e-08 1.42663e-08 6.60613e-09 3.07132e-09 1.4327e-09 6.70211e-10 3.14278e-10 1.47677e-10 6.95172e-11 3.27753e-11 1.54731e-11 7.31244e-12 3.45768e-12 1.63731e-12 7.75874e-13 3.6786e-13 1.74444e-13 8.26694e-14 3.90307e-14 1.85739e-14
0.00103877 9.28318e-05 3.0574e-05 1.1116e-05 4.34297e-06 1.78364e-06 7.58222e-07 3.30226e-07 1.46364e-07 6.57226e-08 2.98069e-08 1.36237e-08 6.2657e-09 2.89622e-09 1.3443e-09 6.26134e-10 2.92491e-10 1.36976e-10 6.42857e-11 3.0227e-11 1.42356e-11 6.71351e-12 3.16933e-12 1.4982e-12 7.08892e-13 3.35683e-13 1.59047e-13 7.53751e-14 3.56999e-14 1.68473e-14 8.01204e-15
0.000549728 4.30345e-05 1.40869e-05 5.08958e-06 1.97758e-06 8.08533e-07 3.4244e-07 1.48681e-07 6.57226e-08 2.94419e-08 1.33242e-08 6.07819e-09 2.79044e-09 1.28771e-09 5.9679e-10 2.77574e-10 1.29494e-10 6.05687e-11 2.83933e-11 1.3336e-11 6.27417e-12 2.9559e-12 1.39457e-12 6.58706e-13 3.11439e-13 1.47371e-13 6.97787e-14 3.30488e-14 1.56441e-14 7.37941e-15 3.50724e-15
0.000287893 2.00148e-05 6.52326e-06 2.34576e-06 9.07556e-07 3.69697e-07 1.56093e-07 6.75907e-08 2.98069e-08 1.33242e-08 6.01824e-09 2.74049e-09 1.25606e-09 5.78752e-10 2.67842e-10 1.24411e-10 5.79691e-11 2.70827e-11 1.2682e-11 5.95046e-12 2.79675e-12 1.3166e-12 6.20649e-13 2.92927e-13 1.38396e-13 6.54431e-14 3.09667e-14 1.46578e-14 6.93471e-15 3.26975e-15 1.55311e-15
0.000149489 9.33753e-06 3.03374e-06 1.08698e-06 4.19093e-07 1.70197e-07 7.16675e-08 3.09595e-08 1.36237e-08 6.07819e-09 2.74049e-09 1.24586e-09 5.70148e-10 2.62333e-10 1.21245e-10 5.62482e-11 2.61783e-11 1.22171e-11 5.71503e-12 2.67891e-12 1.25806e-12 5.91747e-13 2.78731e-13 1.31454e-13 6.20631e-14 2.93285e-14 1.38692e-14 6.5611e-15 3.1025e-15 1.46225e-15 6.9417e-16
7.70802e-05 4.36851e-06 1.41603e-06 5.05911e-07 1.94501e-07 7.8781e-08 3.30953e-08 1.42663e-08 6.2657e-09 2.79044e-09 1.25606e-09 5.70148e-10 2.60548e-10 1.19723e-10 5.52652e-11 2.56091e-11 1.19057e-11 5.55057e-12 2.59401e-12 1.21488e-12 5.70046e-13 2.67918e-13 1.26103e-13 5.94301e-14 2.80398e-14 1.32421e-14 6.25842e-15 2.95904e-15 1.39853e-15 6.58889e-16 3.12627e-16
3.95135e-05 2.04888e-06 6.62991e-07 2.36323e-07 9.06372e-08 3.6628e-08 1.53547e-08 6.60613e-09 2.89622e-09 1.28771e-09 5.78752e-10 2.62333e-10 1.19723e-10 5.49453e-11 2.53339e-11 1.17266e-11 5.44619e-12 2.53663e-12 1.18443e-12 5.5425e-13 2.59857e-13 1.22039e-13 5.74002e-14 2.70336e-14 1.27467e-14 6.01616e-15 2.84172e-15 1.34289e-15 6.34387e-16 2.98769e-16 1.41687e-16
2.01566e-05 9.63047e-07 3.11226e-07 1.10727e-07 4.23795e-08 1.70916e-08 7.15133e-09 3.07132e-09 1.3443e-09 5.9679e-10 2.67842e-10 1.21245e-10 5.52652e-11 2.53339e-11 1.16681e-11 5.3955e-12 2.50343e-12 1.16497e-12 5.43499e-13 2.54126e-13 1.19056e-13 5.58736e-14 2.6262e-14 1.23606e-14 5.82467e-15 2.74755e-15 1.29711e-15 6.12656e-16 2.8929e-16 1.36195e-16 6.45579e-17
1.02394e-05 4.53531e-07 1.46424e-07 5.20123e-08 1.98714e-08 7.99963e-09 3.34135e-09 1.4327e-09 6.26134e-10 2.77574e-10 1.24411e-10 5.62482e-11 2.56091e-11 1.17266e-11 5.3955e-12 2.49256e-12 1.15548e-12 5.37249e-13 2.50446e-13 1.17014e-13 5.4781e-14 2.56916e-14 1.2068e-14 5.67654e-15 2.67341e-15 1.26039e-15 5.94717e-16 2.80766e-16 1.32518e-16 6.23672e-17 2.95491e-17
5.1828e-06 2.13939e-07 6.90204e-08 2.44847e-08 9.33962e-09 3.75374e-09 1.56542e-09 6.70211e-10 2.92491e-10 1.29494e-10 5.79691e-11 2.61783e-11 1.19057e-11 5.44619e-12 2.50343e-12 1.15548e-12 5.35198e-13 2.48646e-13 1.15822e-13 5.40761e-14 2.52991e-14 1.18574e-14 5.56631e-15 2.61677e-15 1.23171e-15 5.80395e-16 2.73727e-16 1.29168e-16 6.09401e-17 2.86712e-17 1.35783e-17
2.61512e-06 1.01066e-07 3.25879e-08 1.15473e-08 4.39852e-09 1.76522e-09 7.35079e-10 3.14278e-10 1.36976e-10 6.05687e-11 2.70827e-11 1.22171e-11 5.55057e-12 2.53663e-12 1.16497e-12 5.37249e-13 2.48646e-13 1.1543e-13 5.37305e-14 2.50693e-14 1.1721e-14 5.49012e-15 2.57579e-15 1.21024e-15 5.69361e-16 2.68155e-16 1.26409e-16 5.96244e-17 2.81191e-17 1.32254e-17 6.26076e-18
1.31588e-06 4.7806e-08 1.54083e-08 5.45454e-09 2.07509e-09 8.31654e-10 3.45856e-10 1.47677e-10 6.42857e-11 2.83933e-11 1.2682e-11 5.71503e-12 2.59401e-12 1.18443e-12 5.43499e-13 2.50446e-13 1.15822e-13 5.37305e-14 2.49936e-14 1.16539e-14 5.44539e-15 2.54916e-15 1.19533e-15 5.61331e-16 2.63949e-16 1.24255e-16 5.85479e-17 2.76042e-17 1.30133e-17 6.11883e-18 2.89543e-18
6.60506e-07 2.26386e-08 7.2945e-09 2.58007e-09 9.8043e-10 3.9245e-10 1.63003e-10 6.95172e-11 3.0227e-11 1.3336e-11 5.95046e-12 2.67891e-12 1.21488e-12 5.5425e-13 2.54126e-13 1.17014e-13 5.40761e-14 2.50693e-14 1.16539e-14 5.43064e-15 2.53604e-15 1.18655e-15 5.56094e-16 2.61014e-16 1.22676e-16 5.77239e-17 2.71874e-17 1.28132e-17 6.03826e-18 2.83837e-18 1.3426e-18
3.30815e-07 1.07313e-08 3.45708e-09 1.22187e-09 4.63834e-10 1.85453e-10 7.69381e-11 3.27753e-11 1.42356e-11 6.27417e-12 2.79675e-12 1.25806e-12 5.70046e-13 2.59857e-13 1.19056e-13 5.4781e-14 2.52991e-14 1.1721e-14 5.44539e-15 2.53604e-15 1.18365e-15 5.53509e-16 2.59281e-16 1.21641e-16 5.71447e-17 2.68773e-17 1.26538e-17 5.96132e-18 2.80831e-18 1.31973e-18 6.24026e-19
1.65363e-07 5.09149e-09 1.63999e-09 5.7926e-10 2.19686e-10 8.77425e-11 3.63615e-11 1.54731e-11 6.71351e-12 2.9559e-12 1.3166e-12 5.91747e-13 2.67918e-13 1.22039e-13 5.58736e-14 2.56916e-14 1.18574e-14 5.49012e-15 2.54916e-15 1.18655e-15 5.53509e-16 2.58707e-16 1.21129e-16 5.68012e-17 2.66727e-17 1.254e-17 5.90146e-18 2.77921e-18 1.30882e-18 6.14901e-19 2.9065e-19
8.25115e-08 2.41759e-09 7.78653e-10 2.74866e-10 1.04152e-10 4.1556e-11 1.72029e-11 7.31244e-12 3.16933e-12 1.39457e-12 6.20649e-13 2.78731e-13 1.26103e-13 5.74002e-14 2.6262e-14 1.2068e-14 5.56631e-15 2.57579e-15 1.19533e-15 5.56094e-16 2.59281e-16 1.21129e-16 5.66875e-17 2.65711e-17 1.2472e-17 5.8613e-18 2.75736e-18 1.29808e-18 6.1111e-19 2.87036e-19 1.3563e-19
4.1104e-08 1.14876e-09 3.6997e-10 1.30528e-10 4.9417e-11 1.96964e-11 8.14423e-12 3.45768e-12 1.4982e-12 6.58706e-13 2.92927e-13 1.31454e-13 5.94301e-14 2.70336e-14 1.23606e-14 5.67654e-15 2.61677e-15 1.21024e-15 5.61331e-16 2.61014e-16 1.21641e-16 5.68012e-17 2.65711e-17 1.24494e-17 5.84123e-18 2.74408e-18 1.29044e-18 6.07296e-19 2.85814e-19 1.34213e-19 6.33975e-20
2.04459e-08 5.46184e-10 1.75892e-10 6.20187e-11 2.34562e-11 9.33683e-12 3.8548e-12 1.63731e-12 7.08892e-13 3.11439e-13 1.38396e-13 6.20631e-14 2.80398e-14 1.27467e-14 5.82467e-15 2.67341e-15 1.23171e-15 5.69361e-16 2.63949e-16 1.22676e-16 5.71447e-17 2.66727e-17 1.2472e-17 5.84123e-18 2.73964e-18 1.28655e-18 6.04811e-19 2.84537e-19 1.33873e-19 6.28498e-20 2.96787e-20
1.01559e-08 2.59799e-10 8.3645e-11 2.94647e-11 1.11257e-11 4.41886e-12 1.82797e-12 7.75874e-13 3.35683e-13 1.47371e-13 6.54431e-14 2.93285e-14 1.32421e-14 6.01616e-15 2.74755e-15 1.26039e-15 5.80395e-16 2.68155e-16 1.24255e-16 5.77239e-17 2.68773e-17 1.254e-17 5.8613e-18 2.74408e-18 1.28655e-18 6.03963e-19 2.8383e-19 1.33488e-19 6.27873e-20 2.94705e-20 1.39123e-20
5.03747e-09 1.23568e-10 3.97456e-11 1.39683e-11 5.25483e-12 2.09772e-12 8.67255e-13 3.6786e-13 1.59047e-13 6.97787e-14 3.09667e-14 1.38692e-14 6.25842e-15 2.84172e-15 1.29711e-15 5.94717e-16 2.73727e-16 1.26409e-16 5.85479e-17 2.71874e-17 1.26538e-17 5.90146e-18 2.75736e-18 1.29044e-18 6.04811e-19 2.8383e-19 1.33343e-19 6.26935e-20 2.94805e-20 1.38343e-20 6.52896e-21
2.49411e-09 5.86649e-11 1.88002e-11 6.56186e-12 2.49601e-12 9.95955e-13 4.11519e-13 1.74444e-13 7.53751e-14 3.30488e-14 1.46578e-14 6.5611e-15 2.95904e-15 1.34289e-15 6.12656e-16 2.80766e-16 1.29168e-16 5.96244e-17 2.76042e-17 1.28132e-17 5.96132e-18 2.77921e-18 1.29808e-18 6.07296e-19 2.84537e-19 1.33488e-19 6.26935e-20 2.94682e-20 1.38533e-20 6.49966e-21 3.06662e-21
1.23021e-09 2.76163e-11 8.73436e-12 3.11538e-12 1.18472e-12 4.72511e-13 1.95132e-13 8.26694e-14 3.56999e-14 1.56441e-14 6.93471e-15 3.1025e-15 1.39853e-15 6.34387e-16 2.8929e-16 1.32518e-16 6.09401e-17 2.81191e-17 1.30133e-17 6.03826e-18 2.80831e-18 1.30882e-18 6.1111e-19 2.85814e-19 1.33873e-19 6.27873e-20 2.94805e-20 1.38533e-20 6.51108e-21 3.05429e-21 1.44069e-21
5.99462e-10 1.25666e-11 4.13074e-12 1.47323e-12 5.60077e-13 2.23291e-13 9.21704e-14 3.90307e-14 1.68473e-14 7.37941e-15 3.26975e-15 1.46225e-15 6.58889e-16 2.98769e-16 1.36195e-16 6.23672e-17 2.86712e-17 1.32254e-17 6.11883e-18 2.83837e-18 1.31973e-18 6.14901e-19 2.87036e-19 1.34213e-19 6.28498e-20 2.94705e-20 1.38343e-20 6.49966e-21 3.05429e-21 1.43253e-21 6.75588e-22
2.96188e-10 5.99518e-12 1.97103e-12 7.02808e-13 2.67055e-13 1.06402e-13 4.38914e-14 1.85739e-14 8.01204e-15 3.50724e-15 1.55311e-15 6.9417e-16 3.12627e-16 1.41687e-16 6.45579e-17 2.95491e-17 1.35783e-17 6.26076e-18 2.89543e-18 1.3426e-18 6.24026e-19 2.9065e-19 1.3563e-19 6.33975e-20 2.96787e-20 1.39123e-20 6.52896e-21 3.06662e-21 1.44069e-21 6.75588e-22 3.18527e-22
