0.276244 0.117053 0.0495985 0.0210163 0.00890522 0.0037734 0.0015989 0.000677499 0.000287076 0.000121642 5.15434e-05 2.18404e-05 9.25441e-06 3.92136e-06 1.66159e-06 7.04065e-07 2.98333e-07 1.26412e-07 5.35645e-08 2.26968e-08 9.61729e-09 4.07512e-09 1.72675e-09 7.31672e-10 3.10031e-10 1.31369e-10 5.56648e-11 2.35868e-11 9.9944e-12 4.23491e-12 1.79446e-12 7.60362e-13 3.22187e-13 1.3652e-13 5.78475e-14 2.45117e-14 1.03863e-14 4.40097e-15 1.86482e-15 7.90177e-16 3.34821e-16 1.41873e-16 6.01158e-17 2.54728e-17 1.07936e-17 4.57354e-18 1.93794e-18 8.21162e-19 3.4795e-19 1.47436e-19 6.2473e-20 2.64716e-20 1.12168e-20 4.75288e-21 2.01393e-21 8.53361e-22 3.61593e-22 1.53218e-22 6.49227e-23 2.75096e-23 1.16566e-23 4.93924e-24 2.0929e-24 8.86822e-25 3.75772e-25 1.59225e-25 6.74684e-26 2.85883e-26 1.21137e-26 5.13292e-27 2.17497e-27 9.21596e-28 3.90507e-28 1.65469e-28 7.0114e-29 2.97093e-29 1.25887e-29 5.33419e-30 2.26025e-30 9.57733e-31 4.05819e-31 1.71957e-31 7.28632e-32 3.08743e-32 1.30823e-32 5.54335e-33 2.34888e-33 9.95287e-34 4.21732e-34 1.787e-34 7.57203e-35 3.20849e-35 1.35953e-35 5.76072e-36 2.44098e-36 1.03431e-36 4.38269e-37 1.85707e-37 7.86894e-38 3.3343e-38 1.41284e-38
0.117053 0.0650252 0.0340898 0.0172146 0.00846799 0.00408544 0.00194184 0.000912104 0.000424319 0.000195828 8.9771e-05 4.0917e-05 1.85574e-05 8.3801e-06 3.76988e-06 1.6902e-06 7.55503e-07 3.36789e-07 1.49767e-07 6.64517e-08 2.9425e-08 1.30053e-08 5.73829e-09 2.52791e-09 1.11201e-09 4.88503e-10 2.14329e-10 9.3926e-11 4.11163e-11 1.79803e-11 7.85527e-12 3.42872e-12 1.49531e-12 6.51597e-13 2.83724e-13 1.23453e-13 5.36793e-14 2.33255e-14 1.01295e-14 4.39628e-15 1.90696e-15 8.26731e-16 3.58233e-16 1.55151e-16 6.71643e-17 2.90622e-17 1.25699e-17 5.43445e-18 2.34859e-18 1.0146e-18 4.38148e-19 1.89145e-19 8.16243e-20 3.5213e-20 1.51862e-20 6.54728e-21 2.82193e-21 1.21593e-21 5.23779e-22 2.25566e-22 9.7115e-23 4.18014e-23 1.79883e-23 7.73903e-24 3.32877e-24 1.43148e-24 6.15452e-25 2.64553e-25 1.13695e-25 4.88523e-26 2.09868e-26 9.01417e-27 3.87103e-27 1.66207e-27 7.13509e-28 3.0625e-28 1.31426e-28 5.6392e-29 2.41928e-29 1.03774e-29 4.45069e-30 1.90855e-30 8.1831e-31 3.50811e-31 1.50373e-31 6.44478e-32 2.7618e-32 1.18337e-32 5.06986e-33 2.1718e-33 9.30233e-34 3.98395e-34 1.70603e-34 7.30487e-35 3.12746e-35 1.33882e-35 5.73075e-36 2.45276e-36 1.04967e-36 4.49172e-37 1.92189e-37
0.0495985 0.0340898 0.020846 0.0119104 0.00650544 0.00344016 0.00177513 0.000898451 0.000447667 0.000220178 0.00010711 5.16186e-05 2.46741e-05 1.17104e-05 5.52282e-06 2.59003e-06 1.20852e-06 5.61334e-07 2.59652e-07 1.19653e-07 5.49486e-08 2.51541e-08 1.14812e-08 5.22624e-09 2.37299e-09 1.07494e-09 4.85872e-10 2.19164e-10 9.86696e-11 4.43418e-11 1.98932e-11 8.91046e-12 3.98508e-12 1.77972e-12 7.93739e-13 3.53543e-13 1.57281e-13 6.98878e-14 3.10202e-14 1.3754e-14 6.09216e-15 2.69584e-15 1.19183e-15 5.26441e-16 2.32335e-16 1.02453e-16 4.51436e-17 1.98765e-17 8.74514e-18 3.84496e-18 1.68937e-18 7.41781e-19 3.25503e-19 1.42749e-19 6.25656e-20 2.74066e-20 1.19988e-20 5.25038e-21 2.29626e-21 1.00378e-21 4.38578e-22 1.91537e-22 8.36111e-23 3.64825e-23 1.59119e-23 6.9371e-24 3.02316e-24 1.31696e-24 5.73486e-25 2.49639e-25 1.08629e-25 4.72525e-26 2.05475e-26 8.93197e-27 3.88147e-27 1.68619e-27 7.32294e-28 3.17932e-28 1.37992e-28 5.98758e-29 2.59733e-29 1.12638e-29 4.88344e-30 2.11668e-30 9.17218e-31 3.97359e-31 1.72103e-31 7.45227e-32 3.22618e-32 1.39634e-32 6.04219e-33 2.61399e-33 1.13063e-33 4.8893e-34 2.11389e-34 9.1376e-35 3.94908e-35 1.70638e-35 7.37179e-36 3.18412e-36 1.37508e-36
0.0210163 0.0172146 0.0119104 0.00751489 0.00446748 0.00254596 0.00140542 0.000756629 0.000399155 0.000207052 0.000105883 5.34884e-05 2.67344e-05 1.3238e-05 6.50089e-06 3.1689e-06 1.53445e-06 7.38547e-07 3.53528e-07 1.68381e-07 7.983e-08 3.76876e-08 1.77226e-08 8.30385e-09 3.87759e-09 1.80499e-09 8.37731e-10 3.87734e-10 1.78992e-10 8.24275e-11 3.78711e-11 1.73619e-11 7.94308e-12 3.62687e-12 1.65299e-12 7.52037e-13 3.4157e-13 1.54891e-13 7.01306e-14 3.17071e-14 1.43152e-14 6.45447e-15 2.90648e-15 1.3072e-15 5.87222e-16 2.63495e-16 1.18106e-16 5.28826e-17 2.36547e-17 1.05706e-17 4.71928e-18 2.10503e-18 9.38128e-19 4.17733e-19 1.85858e-19 8.2627e-20 3.67054e-20 1.62936e-20 7.22759e-21 3.20382e-21 1.41922e-21 6.28271e-22 2.77951e-22 1.22892e-22 5.43022e-23 2.39805e-23 1.05841e-23 4.66886e-24 2.05842e-24 9.07051e-25 3.99492e-25 1.75861e-25 7.73787e-26 3.40306e-26 1.49595e-26 6.57313e-27 2.88693e-27 1.26741e-27 5.5618e-28 2.43971e-28 1.06976e-28 4.68888e-29 2.0544e-29 8.99791e-30 3.93949e-30 1.72419e-30 7.54358e-31 3.29931e-31 1.44253e-31 6.305e-32 2.75491e-32 1.20335e-32 5.25468e-33 2.29387e-33 1.00107e-33 4.36752e-34 1.90494e-34 8.30633e-35 3.62091e-35 1.57802e-35 6.87528e-36
0.00890522 0.00846799 0.00650544 0.00446748 0.0028564 0.0017365 0.00101638 0.000577424 0.000320208 0.00017404 9.29987e-05 4.89729e-05 2.54628e-05 1.30915e-05 6.66431e-06 3.36245e-06 1.68296e-06 8.36248e-07 4.12783e-07 2.02524e-07 9.88125e-08 4.79639e-08 2.31713e-08 1.11446e-08 5.33814e-09 2.54708e-09 1.21096e-09 5.73786e-10 2.7101e-10 1.2762e-10 5.9927e-11 2.80648e-11 1.31099e-11 6.10928e-12 2.84044e-12 1.31776e-12 6.10078e-13 2.81887e-13 1.3e-13 5.98445e-14 2.75014e-14 1.26173e-14 5.77943e-15 2.64327e-15 1.20715e-15 5.50515e-16 2.50719e-16 1.14035e-16 5.18014e-17 2.35027e-17 1.06509e-17 4.82126e-18 2.18002e-18 9.84696e-19 4.44323e-19 2.00293e-19 9.0202e-20 4.05847e-20 1.82439e-20 8.19396e-21 3.67706e-21 1.64873e-21 7.38674e-22 3.30687e-22 1.47929e-22 6.61259e-23 2.95378e-23 1.31851e-23 5.88156e-24 2.6219e-24 1.16805e-24 5.20035e-25 2.31387e-25 1.02893e-25 4.5728e-26 2.0311e-26 9.01652e-27 4.00048e-27 1.77401e-27 7.86275e-28 3.48317e-28 1.54227e-28 6.82552e-29 3.01931e-29 1.33499e-29 5.9e-30 2.60636e-30 1.15088e-30 5.0797e-31 2.24113e-31 9.88372e-32 4.35713e-32 1.92004e-32 8.45773e-33 3.72421e-33 1.63929e-33 7.21304e-34 3.17269e-34 1.39504e-34 6.13192e-35 2.69439e-35
0.0037734 0.00408544 0.00344016 0.00254596 0.0017365 0.00111827 0.000689706 0.000411191 0.000238487 0.000135189 7.51608e-05 4.10949e-05 2.21444e-05 1.17807e-05 6.19624e-06 3.2259e-06 1.66409e-06 8.51279e-07 4.32174e-07 2.17878e-07 1.09138e-07 5.43455e-08 2.69129e-08 1.32597e-08 6.50185e-09 3.17396e-09 1.54294e-09 7.47119e-10 3.60433e-10 1.73278e-10 8.30287e-11 3.96605e-11 1.88887e-11 8.97063e-12 4.24897e-12 2.00742e-12 9.46099e-13 4.44865e-13 2.08717e-13 9.77161e-14 4.56554e-14 2.12898e-14 9.90926e-15 4.60394e-15 2.13535e-15 9.88753e-16 4.571e-16 2.10992e-16 9.72469e-17 4.47572e-17 2.05707e-17 9.44176e-18 4.32809e-18 1.98151e-18 9.06086e-19 4.13841e-19 1.88801e-19 8.60392e-20 3.91674e-20 1.78116e-20 8.09174e-21 3.67246e-21 1.66518e-21 7.54329e-22 3.41406e-22 1.54384e-22 6.97531e-23 3.14894e-23 1.42042e-23 6.40213e-24 2.88337e-24 1.29763e-24 5.8356e-25 2.62247e-25 1.1777e-25 5.28522e-26 2.37031e-26 1.06234e-26 4.75828e-27 2.12994e-27 9.52846e-28 4.26011e-28 1.90357e-28 8.50101e-29 3.7943e-29 1.69262e-29 7.54665e-30 3.36298e-30 1.49787e-30 6.66817e-31 2.96706e-31 1.31959e-31 5.86608e-32 2.60649e-32 1.15763e-32 5.13913e-33 2.28045e-33 1.0115e-33 4.48468e-34 1.98755e-34 8.80497e-35
0.0015989 0.00194184 0.00177513 0.00140542 0.00101638 0.000689706 0.000446165 0.000277969 0.000167972 9.89569e-05 5.70556e-05 3.22917e-05 1.79826e-05 9.87228e-06 5.3514e-06 2.86797e-06 1.52131e-06 7.99485e-07 4.16585e-07 2.1538e-07 1.10556e-07 5.63729e-08 2.85679e-08 1.43944e-08 7.2141e-09 3.59743e-09 1.7855e-09 8.8228e-10 4.34153e-10 2.128e-10 1.03916e-10 5.05669e-11 2.45242e-11 1.18562e-11 5.71454e-12 2.74641e-12 1.3163e-12 6.29223e-13 3.00029e-13 1.42717e-13 6.77314e-14 3.20732e-14 1.51556e-14 7.14689e-15 3.36364e-15 1.58009e-15 7.40905e-16 3.46802e-16 1.62056e-16 7.56033e-17 3.52151e-17 1.63778e-17 7.60572e-18 3.52699e-18 1.63331e-18 7.55351e-19 3.48872e-19 1.60929e-19 7.41436e-20 3.4119e-20 1.56826e-20 7.20033e-21 3.30228e-21 1.51292e-21 6.92419e-22 3.16582e-22 1.44604e-22 6.59872e-23 3.00841e-23 1.37032e-23 6.23625e-24 2.83565e-24 1.2883e-24 5.84823e-25 2.65268e-25 1.20229e-25 5.44501e-26 2.46414e-26 1.11434e-26 5.03568e-27 2.27403e-27 1.02622e-27 4.62799e-28 2.08575e-28 9.3941e-29 4.2284e-29 1.90209e-29 8.55116e-30 3.84206e-30 1.72525e-30 7.74275e-31 3.47295e-31 1.55691e-31 6.9759e-32 3.12398e-32 1.39828e-32 6.25549e-33 2.79714e-33 1.25013e-33 5.58459e-34 2.49358e-34
0.000677499 0.000912104 0.000898451 0.000756629 0.000577424 0.000411191 0.000277969 0.000180375 0.00011322 6.9127e-05 4.12261e-05 2.40937e-05 1.38344e-05 7.82074e-06 4.3602e-06 2.40081e-06 1.30714e-06 7.0445e-07 3.76117e-07 1.99102e-07 1.04568e-07 5.45194e-08 2.82331e-08 1.45286e-08 7.4324e-09 3.78126e-09 1.91379e-09 9.63906e-10 4.83259e-10 2.41235e-10 1.19927e-10 5.93885e-11 2.9301e-11 1.44058e-11 7.05894e-12 3.44791e-12 1.679e-12 8.15232e-13 3.94732e-13 1.90619e-13 9.18161e-14 4.4117e-14 2.1148e-14 1.01146e-14 4.82703e-15 2.29879e-15 1.09255e-15 5.18243e-16 2.45363e-16 1.15956e-16 5.47033e-17 2.57629e-17 1.21133e-17 5.6864e-18 2.66528e-18 1.24738e-18 5.82938e-19 2.72042e-19 1.26782e-19 5.90066e-20 2.74274e-20 1.27328e-20 5.90383e-21 2.73419e-21 1.2648e-21 5.84426e-22 2.69749e-22 1.24373e-22 5.72854e-23 2.63585e-23 1.21162e-23 5.5641e-24 2.55278e-24 1.17013e-24 5.35876e-25 2.45196e-25 1.12096e-25 5.12042e-26 2.33703e-26 1.0658e-26 4.85674e-27 2.21148e-27 1.00622e-27 4.57496e-28 2.07859e-28 9.4372e-29 4.28173e-29 1.94134e-29 8.7962e-30 3.98297e-30 1.80237e-30 8.15095e-31 3.68389e-31 1.66397e-31 7.5115e-32 3.38889e-32 1.52806e-32 6.88626e-33 3.10161e-33 1.39624e-33 6.28203e-34
0.000287076 0.000424319 0.000447667 0.000399155 0.000320208 0.000238487 0.000167972 0.00011322 7.36362e-05 4.64874e-05 2.86156e-05 1.72347e-05 1.01845e-05 5.91799e-06 3.38773e-06 1.9134e-06 1.06766e-06 5.89197e-07 3.2189e-07 1.74233e-07 9.35068e-08 4.97878e-08 2.63155e-08 1.38144e-08 7.20566e-09 3.73608e-09 1.92626e-09 9.87909e-10 5.04139e-10 2.56057e-10 1.29474e-10 6.51913e-11 3.26927e-11 1.63324e-11 8.12957e-12 4.03251e-12 1.99362e-12 9.82496e-13 4.82726e-13 2.36487e-13 1.15531e-13 5.62899e-14 2.73553e-14 1.3261e-14 6.41325e-15 3.09443e-15 1.48978e-15 7.15707e-16 3.43125e-16 1.64174e-16 7.84008e-17 3.73703e-17 1.77807e-17 8.44526e-18 4.00444e-18 1.89565e-18 8.95945e-19 4.22799e-19 1.99221e-19 9.37355e-20 4.4041e-20 2.06639e-20 9.68244e-21 4.53097e-21 2.11761e-21 9.88474e-22 4.60851e-22 2.14608e-22 9.98239e-23 4.63808e-23 2.15263e-23 9.98018e-24 4.62229e-24 2.13863e-24 9.8852e-25 4.56472e-25 2.10588e-25 9.70623e-26 4.46967e-26 2.05644e-26 9.45328e-27 4.34191e-27 1.99259e-27 9.13702e-28 4.18645e-28 1.91668e-28 8.7684e-29 4.00837e-29 1.83103e-29 8.35822e-30 3.81263e-30 1.73795e-30 7.91686e-31 3.60397e-31 1.63956e-31 7.45405e-32 3.38677e-32 1.53784e-32 6.97867e-33 3.16501e-33 1.43458e-33
0.000121642 0.000195828 0.000220178 0.000207052 0.00017404 0.000135189 9.89569e-05 6.9127e-05 4.64874e-05 3.02872e-05 1.92083e-05 1.19022e-05 7.22677e-06 4.30998e-06 2.52968e-06 1.46359e-06 8.35872e-07 4.71772e-07 2.63413e-07 1.45625e-07 7.97741e-08 4.33322e-08 2.33529e-08 1.24936e-08 6.63827e-09 3.50456e-09 1.83904e-09 9.59577e-10 4.98013e-10 2.57158e-10 1.32153e-10 6.76042e-11 3.44344e-11 1.74672e-11 8.82575e-12 4.44278e-12 2.22846e-12 1.11396e-12 5.55026e-13 2.75673e-13 1.36511e-13 6.74037e-14 3.3189e-14 1.62983e-14 7.98313e-15 3.90056e-15 1.90125e-15 9.24594e-16 4.48635e-16 2.1722e-16 1.04954e-16 5.06088e-17 2.43558e-17 1.16993e-17 5.60942e-18 2.68476e-18 1.28275e-18 6.11862e-19 2.91378e-19 1.3854e-19 6.57695e-20 3.11764e-20 1.47569e-20 6.9751e-21 3.29236e-21 1.55196e-21 7.3061e-22 3.43508e-22 1.61305e-22 7.56542e-23 3.54408e-23 1.65833e-23 7.75087e-24 3.61868e-24 1.68765e-24 7.86246e-25 3.65921e-25 1.70129e-25 7.90212e-26 3.66682e-26 1.69992e-26 7.87344e-27 3.64342e-27 1.6845e-27 7.78136e-28 3.59147e-28 1.65625e-28 7.63182e-29 3.51384e-29 1.61658e-29 7.4315e-30 3.41373e-30 1.56697e-30 7.18748e-31 3.29445e-31 1.50899e-31 6.90701e-32 3.15938e-32 1.44419e-32 6.5973e-33 3.01182e-33
5.15434e-05 8.9771e-05 0.00010711 0.000105883 9.29987e-05 7.51608e-05 5.70556e-05 4.12261e-05 2.86156e-05 1.92083e-05 1.25316e-05 7.9772e-06 4.97005e-06 3.03825e-06 1.82614e-06 1.08103e-06 6.31198e-07 3.63961e-07 2.07478e-07 1.17035e-07 6.53797e-08 3.61962e-08 1.98724e-08 1.08256e-08 5.85448e-09 3.14453e-09 1.67816e-09 8.90194e-10 4.69522e-10 2.4631e-10 1.28555e-10 6.67707e-11 3.45208e-11 1.77692e-11 9.10834e-12 4.65024e-12 2.36512e-12 1.19852e-12 6.05231e-13 3.04607e-13 1.52813e-13 7.64256e-14 3.81089e-14 1.89484e-14 9.39553e-15 4.64641e-15 2.29193e-15 1.12775e-15 5.53584e-16 2.71115e-16 1.32481e-16 6.45974e-17 3.14317e-17 1.5263e-17 7.39701e-18 3.57804e-18 1.72755e-18 8.32598e-19 4.00573e-19 1.92394e-19 9.22536e-20 4.4165e-20 2.11104e-20 1.00752e-20 4.80137e-21 2.28482e-21 1.08574e-21 5.15238e-22 2.44178e-22 1.15569e-22 5.46285e-23 2.57904e-23 1.2161e-23 5.72752e-24 2.69439e-24 1.26608e-24 5.94266e-25 2.78631e-25 1.30502e-25 6.106e-26 2.854e-26 1.33266e-26 6.21673e-27 2.89728e-27 1.349e-27 6.27536e-28 2.91658e-28 1.35434e-28 6.28359e-29 2.91286e-29 1.34918e-29 6.24409e-30 2.88749e-30 1.33423e-30 6.16036e-31 2.8422e-31 1.31033e-31 6.03654e-32 2.77898e-32 1.27843e-32 5.87719e-33
2.18404e-05 4.0917e-05 5.16186e-05 5.34884e-05 4.89729e-05 4.10949e-05 3.22917e-05 2.40937e-05 1.72347e-05 1.19022e-05 7.9772e-06 5.21016e-06 3.32685e-06 2.08228e-06 1.28027e-06 7.74655e-07 4.61975e-07 2.71893e-07 1.58101e-07 9.09176e-08 5.17503e-08 2.91779e-08 1.63065e-08 9.03841e-09 4.9714e-09 2.71474e-09 1.47242e-09 7.93515e-10 4.25067e-10 2.26401e-10 1.19936e-10 6.32107e-11 3.3152e-11 1.73065e-11 8.99465e-12 4.65502e-12 2.39939e-12 1.23197e-12 6.30217e-13 3.21244e-13 1.63191e-13 8.26293e-14 4.17063e-14 2.0987e-14 1.053e-14 5.26845e-15 2.62878e-15 1.30823e-15 6.49402e-16 3.2157e-16 1.58857e-16 7.82961e-17 3.8504e-17 1.88945e-17 9.25241e-18 4.52161e-18 2.20534e-18 1.07356e-18 5.21639e-19 2.53005e-19 1.22497e-19 5.92074e-20 2.85697e-20 1.37635e-20 6.62018e-21 3.17937e-21 1.52461e-21 7.30036e-22 3.49067e-22 1.66674e-22 7.94763e-23 3.78469e-23 1.79995e-23 8.54948e-24 4.05585e-24 1.92175e-24 9.09494e-25 4.29931e-25 2.03005e-25 9.57485e-26 4.51114e-26 2.12314e-26 9.98205e-27 4.68833e-27 2.19979e-27 1.03115e-27 4.82883e-28 2.2592e-28 1.05601e-28 4.93159e-29 2.30102e-29 1.07269e-29 4.99641e-30 2.32529e-30 1.08128e-30 5.02396e-31 2.33244e-31 1.08202e-31 5.01562e-32 2.32321e-32 1.0753e-32
9.25441e-06 1.85574e-05 2.46741e-05 2.67344e-05 2.54628e-05 2.21444e-05 1.79826e-05 1.38344e-05 1.01845e-05 7.22677e-06 4.97005e-06 3.32685e-06 2.17486e-06 1.39234e-06 8.7488e-07 5.40584e-07 3.28987e-07 1.97463e-07 1.17029e-07 6.85557e-08 3.97305e-08 2.27969e-08 1.29599e-08 7.30416e-09 4.08344e-09 2.26562e-09 1.2481e-09 6.82949e-10 3.71339e-10 2.00698e-10 1.07856e-10 5.76496e-11 3.0656e-11 1.62221e-11 8.54424e-12 4.48025e-12 2.33927e-12 1.21643e-12 6.30081e-13 3.25145e-13 1.67184e-13 8.56659e-14 4.37499e-14 2.22718e-14 1.13029e-14 5.71919e-15 2.88556e-15 1.45185e-15 7.28529e-16 3.64625e-16 1.82036e-16 9.06593e-17 4.50449e-17 2.23299e-17 1.10451e-17 5.45151e-18 2.6851e-18 1.31985e-18 6.4749e-19 3.17038e-19 1.54946e-19 7.55901e-20 3.68115e-20 1.7896e-20 8.68563e-21 4.20861e-21 2.03604e-21 9.8347e-22 4.74328e-22 2.28431e-22 1.09851e-22 5.27526e-23 2.5298e-23 1.21156e-23 5.79472e-24 2.76798e-24 1.32053e-24 6.29214e-25 2.99452e-25 1.42346e-25 6.75867e-26 3.20545e-26 1.51857e-26 7.18641e-27 3.39725e-27 1.60432e-27 7.56855e-28 3.56697e-28 1.67942e-28 7.89955e-29 3.71223e-29 1.74287e-29 8.17523e-30 3.83131e-30 1.79396e-30 8.39277e-31 3.92311e-31 1.83229e-31 8.55073e-32 3.98716e-32 1.85773e-32
3.92136e-06 8.3801e-06 1.17104e-05 1.3238e-05 1.30915e-05 1.17807e-05 9.87228e-06 7.82074e-06 5.91799e-06 4.30998e-06 3.03825e-06 2.08228e-06 1.39234e-06 9.10911e-07 5.84457e-07 3.68488e-07 2.28669e-07 1.39868e-07 8.44284e-08 5.03471e-08 2.9688e-08 1.73246e-08 1.00124e-08 5.73437e-09 3.25656e-09 1.83478e-09 1.02604e-09 5.69757e-10 3.14288e-10 1.72279e-10 9.38747e-11 5.08632e-11 2.74107e-11 1.46963e-11 7.84098e-12 4.16393e-12 2.20138e-12 1.15885e-12 6.07548e-13 3.17267e-13 1.65055e-13 8.55567e-14 4.41939e-14 2.27515e-14 1.16748e-14 5.97214e-15 3.04579e-15 1.54883e-15 7.85387e-16 3.97173e-16 2.00323e-16 1.00779e-16 5.05753e-17 2.53199e-17 1.26466e-17 6.30242e-18 3.13391e-18 1.55503e-18 7.70006e-19 3.80516e-19 1.87673e-19 9.2385e-20 4.53937e-20 2.2264e-20 1.09005e-20 5.32774e-21 2.59963e-21 1.2664e-21 6.15941e-22 2.9911e-22 1.45031e-22 7.0218e-23 3.39473e-23 1.63888e-23 7.90106e-24 3.80396e-24 1.82899e-24 8.78261e-25 4.21196e-25 2.01746e-25 9.65158e-26 4.61183e-26 2.20111e-26 1.04933e-26 4.99687e-27 2.37687e-27 1.12939e-27 5.36075e-28 2.54188e-28 1.20405e-28 5.69769e-29 2.69357e-29 1.27216e-29 6.00264e-30 2.82971e-30 1.33274e-30 6.27133e-31 2.94844e-31 1.385e-31 6.50039e-32 3.04836e-32
1.66159e-06 3.76988e-06 5.52282e-06 6.50089e-06 6.66431e-06 6.19624e-06 5.3514e-06 4.3602e-06 3.38773e-06 2.52968e-06 1.82614e-06 1.28027e-06 8.7488e-07 5.84457e-07 3.82622e-07 2.45969e-07 1.55535e-07 9.68843e-08 5.95255e-08 3.61122e-08 2.16535e-08 1.28437e-08 7.5417e-09 4.38691e-09 2.5294e-09 1.44639e-09 8.20675e-10 4.62243e-10 2.58559e-10 1.43681e-10 7.93478e-11 4.35617e-11 2.37812e-11 1.29133e-11 6.97622e-12 3.75046e-12 2.00688e-12 1.0691e-12 5.67092e-13 2.99574e-13 1.5763e-13 8.26277e-14 4.31545e-14 2.24594e-14 1.16492e-14 6.0225e-15 3.10373e-15 1.59466e-15 8.169e-16 4.17284e-16 2.12567e-16 1.07994e-16 5.47237e-17 2.76605e-17 1.39472e-17 7.01594e-18 3.52116e-18 1.76326e-18 8.81058e-19 4.39315e-19 2.18602e-19 1.08559e-19 5.38059e-20 2.66178e-20 1.31435e-20 6.47838e-21 3.18757e-21 1.5657e-21 7.67766e-22 3.75873e-22 1.83722e-22 8.96611e-23 4.36903e-23 2.12579e-23 1.03282e-23 5.01082e-24 2.42767e-24 1.17457e-24 5.6753e-25 2.73862e-25 1.31983e-25 6.35276e-26 3.05403e-26 1.46643e-26 7.03298e-27 3.3691e-27 1.61212e-27 7.70544e-28 3.67895e-28 1.75463e-28 8.35974e-29 3.97879e-29 1.89178e-29 8.98583e-30 4.26405e-30 2.02148e-30 9.57432e-31 4.53048e-31 2.14183e-31 1.01167e-31 4.77431e-32
7.04065e-07 1.6902e-06 2.59003e-06 3.1689e-06 3.36245e-06 3.2259e-06 2.86797e-06 2.40081e-06 1.9134e-06 1.46359e-06 1.08103e-06 7.74655e-07 5.40584e-07 3.68488e-07 2.45969e-07 1.61117e-07 1.03748e-07 6.57738e-08 4.11082e-08 2.53571e-08 1.54526e-08 9.31138e-09 5.55235e-09 3.27863e-09 1.91836e-09 1.11285e-09 6.4037e-10 3.6569e-10 2.07332e-10 1.1675e-10 6.53188e-11 3.63204e-11 2.00781e-11 1.10376e-11 6.0356e-12 3.28367e-12 1.77782e-12 9.58067e-13 5.14004e-13 2.74586e-13 1.46085e-13 7.7413e-14 4.08667e-14 2.14948e-14 1.12658e-14 5.88454e-15 3.0636e-15 1.5899e-15 8.22569e-16 4.2431e-16 2.18244e-16 1.11942e-16 5.72619e-17 2.92147e-17 1.48673e-17 7.54726e-18 3.82213e-18 1.93112e-18 9.73481e-19 4.89654e-19 2.45765e-19 1.23096e-19 6.15294e-20 3.06946e-20 1.52828e-20 7.59497e-21 3.76749e-21 1.86552e-21 9.22119e-22 4.55023e-22 2.24158e-22 1.10248e-22 5.41368e-23 2.65423e-23 1.29935e-23 6.35132e-24 3.10007e-24 1.51098e-24 7.35428e-25 3.57461e-25 1.73515e-25 8.41151e-26 4.07243e-26 1.96919e-26 9.51009e-27 4.5873e-27 2.21011e-27 1.06357e-27 5.11234e-28 2.45464e-28 1.17728e-28 5.64028e-29 2.69937e-29 1.29054e-29 6.16363e-30 2.9408e-30 1.40173e-30 6.67488e-31 3.17547e-31 1.50926e-31 7.16674e-32
2.98333e-07 7.55503e-07 1.20852e-06 1.53445e-06 1.68296e-06 1.66409e-06 1.52131e-06 1.30714e-06 1.06766e-06 8.35872e-07 6.31198e-07 4.61975e-07 3.28987e-07 2.28669e-07 1.55535e-07 1.03748e-07 6.79916e-08 4.38465e-08 2.78614e-08 1.74651e-08 1.08114e-08 6.61511e-09 4.00387e-09 2.39897e-09 1.42381e-09 8.37551e-10 4.88576e-10 2.82763e-10 1.62431e-10 9.26497e-11 5.24936e-11 2.9553e-11 1.65373e-11 9.20058e-12 5.09064e-12 2.80182e-12 1.53433e-12 8.36182e-13 4.53598e-13 2.4497e-13 1.31734e-13 7.05508e-14 3.76347e-14 1.99996e-14 1.05891e-14 5.58677e-15 2.93748e-15 1.53941e-15 8.04166e-16 4.18787e-16 2.17441e-16 1.12572e-16 5.8116e-17 2.99212e-17 1.53642e-17 7.86916e-18 4.02033e-18 2.049e-18 1.04183e-18 5.28512e-19 2.67512e-19 1.3511e-19 6.80948e-20 3.42487e-20 1.71909e-20 8.612e-21 4.30603e-21 2.14902e-21 1.07056e-21 5.32367e-22 2.64275e-22 1.30967e-22 6.4796e-23 3.20059e-23 1.57842e-23 7.77215e-24 3.8212e-24 1.87592e-24 9.19591e-25 4.5015e-25 2.20046e-25 1.07418e-25 5.2367e-26 2.54957e-26 1.23971e-26 6.02035e-27 2.92003e-27 1.41457e-27 6.84454e-28 3.30793e-28 1.59687e-28 7.70003e-29 3.70881e-29 1.78445e-29 8.57653e-30 4.11777e-30 1.97499e-30 9.46299e-31 4.52958e-31 2.16602e-31 1.03478e-31
1.26412e-07 3.36789e-07 5.61334e-07 7.38547e-07 8.36248e-07 8.51279e-07 7.99485e-07 7.0445e-07 5.89197e-07 4.71772e-07 3.63961e-07 2.71893e-07 1.97463e-07 1.39868e-07 9.68843e-08 6.57738e-08 4.38465e-08 2.87473e-08 1.85629e-08 1.18196e-08 7.42896e-09 4.61349e-09 2.83312e-09 1.7217e-09 1.03609e-09 6.17788e-10 3.65192e-10 2.14119e-10 1.24577e-10 7.19523e-11 4.12704e-11 2.35164e-11 1.33161e-11 7.49529e-12 4.19489e-12 2.33499e-12 1.29295e-12 7.12377e-13 3.9062e-13 2.13207e-13 1.15858e-13 6.26912e-14 3.37838e-14 1.81341e-14 9.69687e-15 5.16623e-15 2.74268e-15 1.45108e-15 7.65183e-16 4.02206e-16 2.10758e-16 1.10106e-16 5.73553e-17 2.97925e-17 1.54329e-17 7.97318e-18 4.10857e-18 2.11182e-18 1.08283e-18 5.53895e-19 2.82676e-19 1.43937e-19 7.31304e-20 3.70762e-20 1.87579e-20 9.47088e-21 4.77236e-21 2.40012e-21 1.20479e-21 6.03654e-22 3.01912e-22 1.50732e-22 7.51247e-23 3.73789e-23 1.85676e-23 9.20837e-24 4.55958e-24 2.25422e-24 1.11278e-24 5.48504e-25 2.69972e-25 1.32691e-25 6.51267e-26 3.19215e-26 1.56252e-26 7.63829e-27 3.72914e-27 1.81833e-27 8.85515e-28 4.30717e-28 2.09251e-28 1.0154e-28 4.92155e-29 2.38274e-29 1.15231e-29 5.56655e-30 2.6862e-30 1.29488e-30 6.23552e-31 2.99966e-31 1.44157e-31
5.35645e-08 1.49767e-07 2.59652e-07 3.53528e-07 4.12783e-07 4.32174e-07 4.16585e-07 3.76117e-07 3.2189e-07 2.63413e-07 2.07478e-07 1.58101e-07 1.17029e-07 8.44284e-08 5.95255e-08 4.11082e-08 2.78614e-08 1.85629e-08 1.21752e-08 7.87101e-09 5.02094e-09 3.16341e-09 1.97021e-09 1.21391e-09 7.40411e-10 4.47342e-10 2.67873e-10 1.59059e-10 9.36979e-11 5.47804e-11 3.17989e-11 1.83335e-11 1.05018e-11 5.97867e-12 3.38365e-12 1.90424e-12 1.0659e-12 5.93567e-13 3.28906e-13 1.81389e-13 9.95782e-14 5.44263e-14 2.96222e-14 1.60566e-14 8.66927e-15 4.66298e-15 2.49892e-15 1.33445e-15 7.10176e-16 3.76694e-16 1.99167e-16 1.04977e-16 5.51645e-17 2.89038e-17 1.51014e-17 7.86827e-18 4.08864e-18 2.11907e-18 1.0955e-18 5.6495e-19 2.90646e-19 1.49178e-19 7.63932e-20 3.90339e-20 1.99017e-20 1.01256e-20 5.14114e-21 2.6051e-21 1.31746e-21 6.64998e-22 3.35035e-22 1.68486e-22 8.45792e-23 4.23842e-23 2.12032e-23 1.05894e-23 5.27997e-24 2.62843e-24 1.30641e-24 6.48326e-25 3.21259e-25 1.58956e-25 7.85361e-26 3.87478e-26 1.90906e-26 9.39296e-27 4.61534e-27 2.26483e-27 1.10996e-27 5.43291e-28 2.65593e-28 1.2968e-28 6.32426e-29 3.0806e-29 1.49886e-29 7.28438e-30 3.53623e-30 1.71479e-30 8.30646e-31 4.01938e-31 1.9429e-31
2.26968e-08 6.64517e-08 1.19653e-07 1.68381e-07 2.02524e-07 2.17878e-07 2.1538e-07 1.99102e-07 1.74233e-07 1.45625e-07 1.17035e-07 9.09176e-08 6.85557e-08 5.03471e-08 3.61122e-08 2.53571e-08 1.74651e-08 1.18196e-08 7.87101e-09 5.16426e-09 3.34211e-09 2.13548e-09 1.34838e-09 8.41997e-10 5.20349e-10 3.18449e-10 1.93104e-10 1.16086e-10 6.92155e-11 4.095e-11 2.40494e-11 1.40253e-11 8.12496e-12 4.67702e-12 2.67597e-12 1.5222e-12 8.61097e-13 4.84529e-13 2.71251e-13 1.5111e-13 8.37859e-14 4.62465e-14 2.54151e-14 1.39085e-14 7.58061e-15 4.11556e-15 2.22593e-15 1.19952e-15 6.44118e-16 3.44697e-16 1.83853e-16 9.77484e-17 5.18078e-17 2.73759e-17 1.44234e-17 7.57756e-18 3.96999e-18 2.07434e-18 1.08102e-18 5.6193e-19 2.91376e-19 1.50722e-19 7.77817e-20 4.00482e-20 2.05739e-20 1.05464e-20 5.39471e-21 2.75378e-21 1.40285e-21 7.13234e-22 3.61921e-22 1.83304e-22 9.2668e-23 4.67629e-23 2.35562e-23 1.18456e-23 5.94668e-24 2.98038e-24 1.49129e-24 7.45014e-25 3.71612e-25 1.85076e-25 9.20371e-26 4.57023e-26 2.26615e-26 1.12208e-26 5.54833e-27 2.73973e-27 1.35106e-27 6.65389e-28 3.27278e-28 1.60772e-28 7.88798e-29 3.86539e-29 1.89191e-29 9.24906e-30 4.5164e-30 2.2029e-30 1.07328e-30 5.2234e-31 2.53936e-31
9.61729e-09 2.9425e-08 5.49486e-08 7.983e-08 9.88125e-08 1.09138e-07 1.10556e-07 1.04568e-07 9.35068e-08 7.97741e-08 6.53797e-08 5.17503e-08 3.97305e-08 2.9688e-08 2.16535e-08 1.54526e-08 1.08114e-08 7.42896e-09 5.02094e-09 3.34211e-09 2.19347e-09 1.42087e-09 9.0925e-10 5.75257e-10 3.60084e-10 2.23146e-10 1.36985e-10 8.33458e-11 5.02846e-11 3.00967e-11 1.78777e-11 1.05432e-11 6.17531e-12 3.59338e-12 2.07795e-12 1.19447e-12 6.82702e-13 3.88071e-13 2.19437e-13 1.23457e-13 6.91223e-14 3.85206e-14 2.13707e-14 1.18049e-14 6.4937e-15 3.55771e-15 1.9416e-15 1.05563e-15 5.71849e-16 3.08689e-16 1.66065e-16 8.90423e-17 4.75906e-17 2.53568e-17 1.34696e-17 7.13407e-18 3.76775e-18 1.98437e-18 1.0423e-18 5.46033e-19 2.85322e-19 1.48721e-19 7.73311e-20 4.01153e-20 2.07617e-20 1.07211e-20 5.52414e-21 2.84026e-21 1.45728e-21 7.46175e-22 3.81304e-22 1.94471e-22 9.89939e-23 5.02982e-23 2.55096e-23 1.29145e-23 6.52672e-24 3.29282e-24 1.65849e-24 8.33958e-25 4.18675e-25 2.09858e-25 1.05027e-25 5.24834e-26 2.61876e-26 1.30478e-26 6.49167e-27 3.22528e-27 1.60022e-27 7.92874e-28 3.92331e-28 1.93881e-28 9.56888e-29 4.71673e-29 2.32212e-29 1.14183e-29 5.60785e-30 2.75095e-30 1.34794e-30 6.59723e-31 3.2253e-31
4.07512e-09 1.30053e-08 2.51541e-08 3.76876e-08 4.79639e-08 5.43455e-08 5.63729e-08 5.45194e-08 4.97878e-08 4.33322e-08 3.61962e-08 2.91779e-08 2.27969e-08 1.73246e-08 1.28437e-08 9.31138e-09 6.61511e-09 4.61349e-09 3.16341e-09 2.13548e-09 1.42087e-09 9.32796e-10 6.04764e-10 3.87533e-10 2.45627e-10 1.54089e-10 9.5733e-11 5.89356e-11 3.59698e-11 2.1774e-11 1.30785e-11 7.79774e-12 4.61657e-12 2.71489e-12 1.58636e-12 9.2127e-13 5.31892e-13 3.05363e-13 1.74368e-13 9.90525e-14 5.59886e-14 3.14958e-14 1.7636e-14 9.83136e-15 5.45711e-15 3.01656e-15 1.66082e-15 9.10859e-16 4.97683e-16 2.70945e-16 1.46988e-16 7.94704e-17 4.28247e-17 2.30034e-17 1.2318e-17 6.57619e-18 3.50053e-18 1.85803e-18 9.83484e-19 5.19167e-19 2.7334e-19 1.43545e-19 7.51944e-20 3.9294e-20 2.0485e-20 1.06547e-20 5.52922e-21 2.86305e-21 1.4793e-21 7.62731e-22 3.92458e-22 2.01531e-22 1.03285e-22 5.28317e-23 2.69735e-23 1.37461e-23 6.99265e-24 3.55088e-24 1.80003e-24 9.10941e-25 4.60235e-25 2.32147e-25 1.16911e-25 5.87851e-26 2.95131e-26 1.47948e-26 7.40567e-27 3.70161e-27 1.84756e-27 9.20881e-28 4.58366e-28 2.27844e-28 1.13107e-28 5.60759e-29 2.77658e-29 1.37309e-29 6.78193e-30 3.34566e-30 1.64851e-30 8.11325e-31 3.98838e-31
1.72675e-09 5.73829e-09 1.14812e-08 1.77226e-08 2.31713e-08 2.69129e-08 2.85679e-08 2.82331e-08 2.63155e-08 2.33529e-08 1.98724e-08 1.63065e-08 1.29599e-08 1.00124e-08 7.5417e-09 5.55235e-09 4.00387e-09 2.83312e-09 1.97021e-09 1.34838e-09 9.0925e-10 6.04764e-10 3.97123e-10 2.57671e-10 1.65323e-10 1.0496e-10 6.59783e-11 4.10873e-11 2.53609e-11 1.55229e-11 9.42577e-12 5.68026e-12 3.39847e-12 2.01933e-12 1.192e-12 6.99218e-13 4.07694e-13 2.36347e-13 1.36258e-13 7.81382e-14 4.45805e-14 2.53098e-14 1.43013e-14 8.0441e-15 4.5047e-15 2.51192e-15 1.39496e-15 7.71595e-16 4.25155e-16 2.33393e-16 1.27662e-16 6.95854e-17 3.78008e-17 2.0467e-17 1.10464e-17 5.94344e-18 3.1882e-18 1.70521e-18 9.09437e-19 4.83682e-19 2.5655e-19 1.35719e-19 7.16135e-20 3.7693e-20 1.9791e-20 1.03667e-20 5.41755e-21 2.82475e-21 1.46959e-21 7.62907e-22 3.9521e-22 2.04309e-22 1.05406e-22 5.42736e-23 2.78914e-23 1.43064e-23 7.32458e-24 3.74325e-24 1.9096e-24 9.72476e-25 4.94396e-25 2.50925e-25 1.27146e-25 6.43223e-26 3.24889e-26 1.63847e-26 8.25051e-27 4.14837e-27 2.08275e-27 1.04418e-27 5.22758e-28 2.61351e-28 1.30484e-28 6.50593e-29 3.2396e-29 1.61106e-29 8.0017e-30 3.96927e-30 1.96655e-30 9.73143e-31 4.80986e-31
7.31672e-10 2.52791e-09 5.22624e-09 8.30385e-09 1.11446e-08 1.32597e-08 1.43944e-08 1.45286e-08 1.38144e-08 1.24936e-08 1.08256e-08 9.03841e-09 7.30416e-09 5.73437e-09 4.38691e-09 3.27863e-09 2.39897e-09 1.7217e-09 1.21391e-09 8.41997e-10 5.75257e-10 3.87533e-10 2.57671e-10 1.69241e-10 1.0989e-10 7.05875e-11 4.48831e-11 2.82665e-11 1.76409e-11 1.09153e-11 6.69889e-12 4.07942e-12 2.46594e-12 1.48014e-12 8.82469e-13 5.22754e-13 3.07763e-13 1.80123e-13 1.04823e-13 6.06707e-14 3.49321e-14 2.00116e-14 1.14085e-14 6.47353e-15 3.65672e-15 2.05659e-15 1.15179e-15 6.42437e-16 3.56922e-16 1.97541e-16 1.08927e-16 5.98488e-17 3.27691e-17 1.78817e-17 9.72586e-18 5.27308e-18 2.85007e-18 1.53582e-18 8.25189e-19 4.42108e-19 2.36209e-19 1.25861e-19 6.6887e-20 3.54549e-20 1.87466e-20 9.88795e-21 5.20301e-21 2.73144e-21 1.43067e-21 7.47691e-22 3.89907e-22 2.02898e-22 1.05364e-22 5.46042e-23 2.8242e-23 1.45788e-23 7.51136e-24 3.86284e-24 1.9829e-24 1.01606e-24 5.19727e-25 2.6539e-25 1.35289e-25 6.88528e-26 3.49847e-26 1.77477e-26 8.9894e-27 4.54625e-27 2.29574e-27 1.15758e-27 5.82841e-28 2.93042e-28 1.47131e-28 7.377e-29 3.69376e-29 1.84706e-29 9.22419e-30 4.60062e-30 2.2917e-30 1.14014e-30 5.66539e-31
3.10031e-10 1.11201e-09 2.37299e-09 3.87759e-09 5.33814e-09 6.50185e-09 7.2141e-09 7.4324e-09 7.20566e-09 6.63827e-09 5.85448e-09 4.9714e-09 4.08344e-09 3.25656e-09 2.5294e-09 1.91836e-09 1.42381e-09 1.03609e-09 7.40411e-10 5.20349e-10 3.60084e-10 2.45627e-10 1.65323e-10 1.0989e-10 7.21919e-11 4.69061e-11 3.0162e-11 1.92057e-11 1.21164e-11 7.57697e-12 4.69885e-12 2.89094e-12 1.76524e-12 1.07012e-12 6.44272e-13 3.8534e-13 2.29022e-13 1.35296e-13 7.94639e-14 4.64123e-14 2.69629e-14 1.55833e-14 8.96173e-15 5.12912e-15 2.92203e-15 1.65724e-15 9.35866e-16 5.26294e-16 2.94773e-16 1.64456e-16 9.14041e-17 5.06158e-17 2.79292e-17 1.53578e-17 8.41668e-18 4.59764e-18 2.50352e-18 1.35903e-18 7.35532e-19 3.96923e-19 2.13587e-19 1.14614e-19 6.13382e-20 3.274e-20 1.74305e-20 9.25664e-21 4.90382e-21 2.59166e-21 1.36649e-21 7.18864e-22 3.77328e-22 1.97626e-22 1.03287e-22 5.38694e-23 2.80383e-23 1.45645e-23 7.55077e-24 3.90711e-24 2.01793e-24 1.0403e-24 5.3534e-25 2.75001e-25 1.41023e-25 7.21948e-26 3.68978e-26 1.88273e-26 9.59129e-27 4.87848e-27 2.47755e-27 1.25632e-27 6.36112e-28 3.21611e-28 1.6237e-28 8.18588e-29 4.1212e-29 2.072e-29 1.04034e-29 5.21658e-30 2.61237e-30 1.30656e-30 6.52649e-31
1.31369e-10 4.88503e-10 1.07494e-09 1.80499e-09 2.54708e-09 3.17396e-09 3.59743e-09 3.78126e-09 3.73608e-09 3.50456e-09 3.14453e-09 2.71474e-09 2.26562e-09 1.83478e-09 1.44639e-09 1.11285e-09 8.37551e-10 6.17788e-10 4.47342e-10 3.18449e-10 2.23146e-10 1.54089e-10 1.0496e-10 7.05875e-11 4.69061e-11 3.08207e-11 2.00378e-11 1.28975e-11 8.22333e-12 5.19623e-12 3.25555e-12 2.02319e-12 1.24765e-12 7.63744e-13 4.64241e-13 2.80295e-13 1.68145e-13 1.00246e-13 5.94121e-14 3.5011e-14 2.05189e-14 1.19622e-14 6.93838e-15 4.00477e-15 2.3006e-15 1.31559e-15 7.49005e-16 4.24613e-16 2.39721e-16 1.34798e-16 7.55048e-17 4.21341e-17 2.34266e-17 1.29792e-17 7.16625e-18 3.94355e-18 2.16307e-18 1.18273e-18 6.44707e-19 3.50382e-19 1.8987e-19 1.02598e-19 5.52864e-20 2.97117e-20 1.59255e-20 8.51423e-21 4.54055e-21 2.41551e-21 1.28195e-21 6.78766e-22 3.58573e-22 1.89002e-22 9.94045e-23 5.21698e-23 2.73228e-23 1.42805e-23 7.44887e-24 3.87781e-24 2.01488e-24 1.04495e-24 5.40926e-25 2.7951e-25 1.44174e-25 7.42368e-26 3.81603e-26 1.9583e-26 1.0033e-26 5.13197e-27 2.6209e-27 1.33641e-27 6.80406e-28 3.45896e-28 1.75583e-28 8.90001e-29 4.50486e-29 2.27701e-29 1.14934e-29 5.7936e-30 2.91655e-30 1.4663e-30 7.36237e-31
5.56648e-11 2.14329e-10 4.85872e-10 8.37731e-10 1.21096e-09 1.54294e-09 1.7855e-09 1.91379e-09 1.92626e-09 1.83904e-09 1.67816e-09 1.47242e-09 1.2481e-09 1.02604e-09 8.20675e-10 6.4037e-10 4.88576e-10 3.65192e-10 2.67873e-10 1.93104e-10 1.36985e-10 9.5733e-11 6.59783e-11 4.48831e-11 3.0162e-11 2.00378e-11 1.31686e-11 8.56626e-12 5.51879e-12 3.52302e-12 2.22949e-12 1.39927e-12 8.71304e-13 5.38481e-13 3.30406e-13 2.01344e-13 1.2189e-13 7.33259e-14 4.38443e-14 2.60639e-14 1.54075e-14 9.05912e-15 5.29886e-15 3.08393e-15 1.78618e-15 1.02972e-15 5.90958e-16 3.37674e-16 1.92134e-16 1.08876e-16 6.14529e-17 3.45527e-17 1.93555e-17 1.08032e-17 6.00864e-18 3.33055e-18 1.83998e-18 1.01323e-18 5.56212e-19 3.04399e-19 1.66093e-19 9.03649e-20 4.90252e-20 2.65241e-20 1.43117e-20 7.702e-21 4.1343e-21 2.21367e-21 1.18239e-21 6.30048e-22 3.34943e-22 1.77654e-22 9.4018e-23 4.96475e-23 2.6161e-23 1.37564e-23 7.21875e-24 3.7805e-24 1.97598e-24 1.03081e-24 5.36728e-25 2.7895e-25 1.44714e-25 7.49412e-26 3.87412e-26 1.99931e-26 1.03005e-26 5.29808e-27 2.72067e-27 1.39489e-27 7.14048e-28 3.64961e-28 1.86256e-28 9.49142e-29 4.82968e-29 2.45405e-29 1.24519e-29 6.3094e-30 3.19263e-30 1.61334e-30 8.14199e-31
2.35868e-11 9.3926e-11 2.19164e-10 3.87734e-10 5.73786e-10 7.47119e-10 8.8228e-10 9.63906e-10 9.87909e-10 9.59577e-10 8.90194e-10 7.93515e-10 6.82949e-10 5.69757e-10 4.62243e-10 3.6569e-10 2.82763e-10 2.14119e-10 1.59059e-10 1.16086e-10 8.33458e-11 5.89356e-11 4.10873e-11 2.82665e-11 1.92057e-11 1.28975e-11 8.56626e-12 5.63057e-12 3.66464e-12 2.36294e-12 1.51014e-12 9.57009e-13 6.01618e-13 3.75311e-13 2.32422e-13 1.42927e-13 8.73043e-14 5.29856e-14 3.19591e-14 1.91624e-14 1.14241e-14 6.77341e-15 3.99474e-15 2.34396e-15 1.36857e-15 7.95275e-16 4.60008e-16 2.64898e-16 1.51887e-16 8.67256e-17 4.93193e-17 2.79372e-17 1.5765e-17 8.86343e-18 4.96535e-18 2.77193e-18 1.54221e-18 8.55205e-19 4.7272e-19 2.60483e-19 1.43098e-19 7.8379e-20 4.28065e-20 2.33129e-20 1.26616e-20 6.85825e-21 3.70511e-21 1.99654e-21 1.07317e-21 5.75439e-22 3.07817e-22 1.64275e-22 8.74702e-23 4.64705e-23 2.46346e-23 1.30312e-23 6.8788e-24 3.62368e-24 1.90508e-24 9.99591e-25 5.2347e-25 2.73614e-25 1.42751e-25 7.43412e-26 3.86459e-26 2.00547e-26 1.03892e-26 5.37296e-27 2.77412e-27 1.42998e-27 7.35937e-28 3.78153e-28 1.9401e-28 9.93855e-29 5.08362e-29 2.59649e-29 1.32426e-29 6.74443e-30 3.43013e-30 1.74213e-30 8.83619e-31
9.9944e-12 4.11163e-11 9.86696e-11 1.78992e-10 2.7101e-10 3.60433e-10 4.34153e-10 4.83259e-10 5.04139e-10 4.98013e-10 4.69522e-10 4.25067e-10 3.71339e-10 3.14288e-10 2.58559e-10 2.07332e-10 1.62431e-10 1.24577e-10 9.36979e-11 6.92155e-11 5.02846e-11 3.59698e-11 2.53609e-11 1.76409e-11 1.21164e-11 8.22333e-12 5.51879e-12 3.66464e-12 2.40912e-12 1.56874e-12 1.01231e-12 6.47651e-13 4.10967e-13 2.58748e-13 1.61696e-13 1.00327e-13 6.18244e-14 3.78486e-14 2.30251e-14 1.39227e-14 8.36976e-15 5.00341e-15 2.9749e-15 1.7596e-15 1.03554e-15 6.06476e-16 3.53523e-16 2.05139e-16 1.18514e-16 6.81773e-17 3.90586e-17 2.22872e-17 1.26679e-17 7.1733e-18 4.04708e-18 2.27519e-18 1.27465e-18 7.11707e-19 3.96086e-19 2.19731e-19 1.21519e-19 6.70011e-20 3.6833e-20 2.01903e-20 1.10365e-20 6.01625e-21 3.27084e-21 1.77361e-21 9.5929e-22 5.17556e-22 2.78552e-22 1.49561e-22 8.01158e-23 4.28181e-23 2.28332e-23 1.21494e-23 6.45083e-24 3.41794e-24 1.80726e-24 9.53684e-25 5.02262e-25 2.64007e-25 1.38509e-25 7.25321e-26 3.79132e-26 1.97821e-26 1.03037e-26 5.35747e-27 2.78095e-27 1.44113e-27 7.45594e-28 3.85128e-28 1.98619e-28 1.02274e-28 5.2583e-29 2.69945e-29 1.38377e-29 7.08312e-30 3.62047e-30 1.84798e-30 9.41951e-31
4.23491e-12 1.79803e-11 4.43418e-11 8.24275e-11 1.2762e-10 1.73278e-10 2.128e-10 2.41235e-10 2.56057e-10 2.57158e-10 2.4631e-10 2.26401e-10 2.00698e-10 1.72279e-10 1.43681e-10 1.1675e-10 9.26497e-11 7.19523e-11 5.47804e-11 4.095e-11 3.00967e-11 2.1774e-11 1.55229e-11 1.09153e-11 7.57697e-12 5.19623e-12 3.52302e-12 2.36294e-12 1.56874e-12 1.03143e-12 6.71935e-13 4.33922e-13 2.77889e-13 1.76551e-13 1.11318e-13 6.96777e-14 4.33107e-14 2.67418e-14 1.64057e-14 1.00028e-14 6.06272e-15 3.65369e-15 2.18979e-15 1.30547e-15 7.74291e-16 4.56972e-16 2.68408e-16 1.56924e-16 9.13351e-17 5.29296e-17 3.05444e-17 1.75547e-17 1.00492e-17 5.73064e-18 3.25575e-18 1.84299e-18 1.03959e-18 5.84399e-19 3.2742e-19 1.82847e-19 1.01788e-19 5.64886e-20 3.12549e-20 1.72425e-20 9.48505e-21 5.20312e-21 2.84644e-21 1.55304e-21 8.45149e-22 4.58752e-22 2.48394e-22 1.34168e-22 7.22972e-23 3.88672e-23 2.08476e-23 1.11573e-23 5.95816e-24 3.17495e-24 1.6883e-24 8.95924e-25 4.74479e-25 2.50787e-25 1.32298e-25 6.96586e-26 3.66089e-26 1.92046e-26 1.00564e-26 5.25673e-27 2.74307e-27 1.42896e-27 7.43151e-28 3.85853e-28 2.00017e-28 1.0352e-28 5.34938e-29 2.76006e-29 1.42194e-29 7.31472e-30 3.75736e-30 1.92729e-30 9.87181e-31
1.79446e-12 7.85527e-12 1.98932e-11 3.78711e-11 5.9927e-11 8.30287e-11 1.03916e-10 1.19927e-10 1.29474e-10 1.32153e-10 1.28555e-10 1.19936e-10 1.07856e-10 9.38747e-11 7.93478e-11 6.53188e-11 5.24936e-11 4.12704e-11 3.17989e-11 2.40494e-11 1.78777e-11 1.30785e-11 9.42577e-12 6.69889e-12 4.69885e-12 3.25555e-12 2.22949e-12 1.51014e-12 1.01231e-12 6.71935e-13 4.41847e-13 2.87969e-13 1.86094e-13 1.19288e-13 7.58744e-14 4.79045e-14 3.00312e-14 1.86988e-14 1.15668e-14 7.11023e-15 4.3444e-15 2.63905e-15 1.59415e-15 9.57773e-16 5.72437e-16 3.40409e-16 2.01445e-16 1.18649e-16 6.95646e-17 4.0606e-17 2.3601e-17 1.36605e-17 7.87494e-18 4.52197e-18 2.58676e-18 1.47427e-18 8.37213e-19 4.73779e-19 2.672e-19 1.50196e-19 8.41541e-20 4.70031e-20 2.61724e-20 1.45299e-20 8.04289e-21 4.4394e-21 2.44359e-21 1.34138e-21 7.34381e-22 4.01018e-22 2.18426e-22 1.18678e-22 6.43248e-23 3.47821e-23 1.8764e-23 1.00996e-23 5.42397e-24 2.90658e-24 1.55424e-24 8.29358e-25 4.41646e-25 2.3471e-25 1.24489e-25 6.59005e-26 3.48193e-26 1.83629e-26 9.66645e-27 5.07939e-27 2.66434e-27 1.39512e-27 7.29284e-28 3.80587e-28 1.98288e-28 1.03142e-28 5.35656e-29 2.77752e-29 1.43801e-29 7.43375e-30 3.83716e-30 1.97777e-30 1.01793e-30
7.60362e-13 3.42872e-12 8.91046e-12 1.73619e-11 2.80648e-11 3.96605e-11 5.05669e-11 5.93885e-11 6.51913e-11 6.76042e-11 6.67707e-11 6.32107e-11 5.76496e-11 5.08632e-11 4.35617e-11 3.63204e-11 2.9553e-11 2.35164e-11 1.83335e-11 1.40253e-11 1.05432e-11 7.79774e-12 5.68026e-12 4.07942e-12 2.89094e-12 2.02319e-12 1.39927e-12 9.57009e-13 6.47651e-13 4.33922e-13 2.87969e-13 1.89385e-13 1.23479e-13 7.9847e-14 5.12276e-14 3.26193e-14 2.0621e-14 1.2946e-14 8.07371e-15 5.00304e-15 3.08123e-15 1.88644e-15 1.14837e-15 6.95236e-16 4.18671e-16 2.50833e-16 1.49534e-16 8.87179e-17 5.23918e-17 3.08006e-17 1.80285e-17 1.0508e-17 6.09958e-18 3.52652e-18 2.03099e-18 1.1653e-18 6.66151e-19 3.79457e-19 2.154e-19 1.2186e-19 6.87148e-20 3.8623e-20 2.16414e-20 1.20892e-20 6.73319e-21 3.73923e-21 2.07068e-21 1.14351e-21 6.29786e-22 3.45938e-22 1.89531e-22 1.03577e-22 5.64642e-23 3.07066e-23 1.66595e-23 9.01749e-24 4.86992e-24 2.62417e-24 1.41096e-24 7.57028e-25 4.0532e-25 2.16567e-25 1.15481e-25 6.14572e-26 3.26431e-26 1.73055e-26 9.15729e-27 4.83673e-27 2.55009e-27 1.34212e-27 7.05134e-28 3.69838e-28 1.93652e-28 1.01232e-28 5.28333e-29 2.753e-29 1.43227e-29 7.43998e-30 3.85888e-30 1.99849e-30 1.03349e-30
3.22187e-13 1.49531e-12 3.98508e-12 7.94308e-12 1.31099e-11 1.88887e-11 2.45242e-11 2.9301e-11 3.26927e-11 3.44344e-11 3.45208e-11 3.3152e-11 3.0656e-11 2.74107e-11 2.37812e-11 2.00781e-11 1.65373e-11 1.33161e-11 1.05018e-11 8.12496e-12 6.17531e-12 4.61657e-12 3.39847e-12 2.46594e-12 1.76524e-12 1.24765e-12 8.71304e-13 6.01618e-13 4.10967e-13 2.77889e-13 1.86094e-13 1.23479e-13 8.12158e-14 5.29724e-14 3.42754e-14 2.20083e-14 1.40282e-14 8.87889e-15 5.58187e-15 3.4864e-15 2.16401e-15 1.33514e-15 8.18981e-16 4.99562e-16 3.0308e-16 1.82919e-16 1.09841e-16 6.56377e-17 3.90379e-17 2.31117e-17 1.36222e-17 7.99452e-18 4.67222e-18 2.71951e-18 1.57669e-18 9.10621e-19 5.23975e-19 3.00406e-19 1.71623e-19 9.77119e-20 5.54455e-20 3.13594e-20 1.76802e-20 9.9371e-21 5.56823e-21 3.11093e-21 1.73305e-21 9.62735e-22 5.33343e-22 2.94671e-22 1.62377e-22 8.92472e-23 4.89295e-23 2.67594e-23 1.45994e-23 7.94635e-24 4.31515e-24 2.33797e-24 1.26392e-24 6.81795e-25 3.66996e-25 1.97134e-25 1.05674e-25 5.65332e-26 3.01843e-26 1.60848e-26 8.55507e-27 4.54172e-27 2.40669e-27 1.27303e-27 6.72183e-28 3.54308e-28 1.86437e-28 9.79385e-29 5.13638e-29 2.6894e-29 1.40592e-29 7.33808e-30 3.82414e-30 1.98987e-30 1.03387e-30
