0.392384 0.108475 0.0412338 0.0167496 0.00562791 0.00162009 0.000420214 0.000101642 2.34345e-05 5.22315e-06 1.13582e-06 2.42486e-07 5.10409e-08 1.06247e-08 2.19198e-09 4.48926e-10 9.13833e-11 1.85064e-11 3.73133e-12 7.49458e-13 1.50031e-13 2.99461e-14 5.96161e-15 1.18405e-15 2.34673e-16 4.64226e-17 9.16731e-18 1.80744e-18 3.55808e-19 6.97827e-20 1.37034e-20
0.108475 0.0364217 0.0151628 0.0037406 0.000788775 0.000155728 2.98302e-05 5.6347e-06 1.05781e-06 1.98118e-07 3.70876e-08 6.94547e-09 1.30169e-09 2.44174e-10 4.58448e-11 8.61508e-12 1.62025e-12 3.04947e-13 5.74331e-14 1.08234e-14 2.04083e-15 3.85006e-16 7.26648e-17 1.37202e-17 2.59154e-18 4.89671e-19 9.25518e-20 1.74968e-20 3.30287e-21 5.98372e-22 1.13236e-22
0.0412338 0.0151628 0.00308979 0.000612032 0.000117318 2.20505e-05 4.1059e-06 7.62002e-07 1.4139e-07 2.62675e-08 4.8887e-09 9.11571e-10 1.70282e-10 3.18608e-11 5.97001e-12 1.12007e-12 2.1038e-13 3.95536e-14 7.44292e-15 1.40162e-15 2.64125e-16 4.9802e-17 9.39544e-18 1.77335e-18 3.34857e-19 6.32546e-20 1.19525e-20 2.25693e-21 4.16418e-22 7.85152e-23 1.4858e-23
0.0167496 0.0037406 0.000612032 0.000106869 1.90829e-05 3.44009e-06 6.24074e-07 1.1384e-07 2.08709e-08 3.84365e-09 7.10636e-10 1.31826e-10 2.45237e-11 4.57304e-12 8.54474e-13 1.59932e-13 2.99782e-14 5.62625e-15 1.05707e-15 1.98791e-16 3.74154e-17 7.04722e-18 1.32821e-18 2.50473e-19 4.72583e-20 8.92041e-21 1.68354e-21 3.13888e-22 5.92101e-23 1.11608e-23 2.11112e-24
0.00562791 0.000788775 0.000117318 1.90829e-05 3.25199e-06 5.68713e-07 1.01103e-07 1.81844e-08 3.29982e-09 6.02995e-10 1.10805e-10 2.04535e-11 3.78938e-12 7.04173e-13 1.31183e-13 2.449e-14 4.58002e-15 8.57831e-16 1.60879e-16 3.02054e-17 5.6767e-18 1.06777e-18 2.00998e-19 3.78614e-20 7.13602e-21 1.3453e-21 2.52134e-22 4.75327e-23 8.96188e-24 1.68837e-24 3.19148e-25
0.00162009 0.000155728 2.20505e-05 3.44009e-06 5.68713e-07 9.73774e-08 1.70557e-08 3.03464e-09 5.46188e-10 9.91677e-11 1.81279e-11 3.33164e-12 6.14958e-13 1.13909e-13 2.11608e-14 3.94053e-15 7.35294e-16 1.37442e-16 2.5729e-17 4.82262e-18 9.04962e-19 1.69982e-19 3.1956e-20 6.01219e-21 1.13174e-21 2.12508e-22 4.00249e-23 7.54055e-24 1.42077e-24 2.67488e-25 5.05237e-26
0.000420214 2.98302e-05 4.1059e-06 6.24074e-07 1.01103e-07 1.70557e-08 2.95482e-09 5.21407e-10 9.32386e-11 1.68398e-11 3.06482e-12 5.61157e-13 1.03241e-13 1.90683e-14 3.53321e-15 6.56431e-16 1.22233e-16 2.28044e-17 4.26154e-18 7.97503e-19 1.4943e-19 2.80297e-20 5.26278e-21 9.88899e-22 1.85685e-22 3.49288e-23 6.57344e-24 1.23748e-24 2.32993e-25 4.38353e-26 8.27315e-27
0.000101642 5.6347e-06 7.62002e-07 1.1384e-07 1.81844e-08 3.03464e-09 5.21407e-10 9.14134e-11 1.62612e-11 2.92414e-12 5.30203e-13 9.67625e-14 1.7751e-14 3.27016e-15 6.04532e-16 1.12079e-16 2.08301e-17 3.87934e-18 7.23773e-19 1.35244e-19 2.5306e-20 4.7407e-21 8.89002e-22 1.6675e-22 3.13187e-23 5.88612e-24 1.10683e-24 2.08204e-25 3.9172e-26 7.36474e-27 1.3889e-27
2.34345e-05 1.05781e-06 1.4139e-07 2.08709e-08 3.29982e-09 5.46188e-10 9.32386e-11 1.62612e-11 2.88009e-12 5.15985e-13 9.32562e-14 1.69708e-14 3.10533e-15 5.70757e-16 1.05291e-16 1.94835e-17 3.61467e-18 6.721e-19 1.25207e-19 2.33637e-20 4.36602e-21 8.16911e-22 1.52972e-22 2.868e-23 5.38165e-24 1.01056e-24 1.89873e-25 3.56896e-26 6.70992e-27 1.2607e-27 2.37579e-28
5.22315e-06 1.98118e-07 2.62675e-08 3.84365e-09 6.02995e-10 9.91677e-11 1.68398e-11 2.92414e-12 5.15985e-13 9.21444e-14 1.66063e-14 3.01434e-15 5.50304e-16 1.00935e-16 1.85846e-17 3.43296e-18 6.35875e-19 1.18056e-19 2.19626e-20 4.09298e-21 7.63938e-22 1.42757e-22 2.67115e-23 5.00326e-24 9.37998e-25 1.7599e-25 3.30405e-26 6.20597e-27 1.16597e-27 2.1893e-28 4.12291e-29
1.13582e-06 3.70876e-08 4.8887e-09 7.10636e-10 1.10805e-10 1.81279e-11 3.06482e-12 5.30203e-13 9.32562e-14 1.66063e-14 2.98522e-15 5.40632e-16 9.84939e-17 1.80311e-17 3.31421e-18 6.11221e-19 1.13046e-19 2.09593e-20 3.89418e-21 7.24855e-22 1.35131e-22 2.52288e-23 4.71607e-24 8.82556e-25 1.65319e-25 3.0993e-26 5.81434e-27 1.09134e-27 2.04906e-28 3.84515e-29 7.2365e-30
2.42486e-07 6.94547e-09 9.11571e-10 1.31826e-10 2.04535e-11 3.33164e-12 5.61157e-13 9.67625e-14 1.69708e-14 3.01434e-15 5.40632e-16 9.7707e-17 1.77669e-17 3.24691e-18 5.95844e-19 1.09726e-19 2.02662e-20 3.75267e-21 6.96405e-22 1.29479e-22 2.41145e-23 4.4978e-24 8.40022e-25 1.57066e-25 2.93979e-26 5.50718e-27 1.03243e-27 1.93656e-28 3.63376e-29 6.81504e-30 1.28179e-30
5.10409e-08 1.30169e-09 1.70282e-10 2.45237e-11 3.78938e-12 6.14958e-13 1.03241e-13 1.7751e-14 3.10533e-15 5.50304e-16 9.84939e-17 1.77669e-17 3.2251e-18 5.88449e-19 1.07828e-19 1.98296e-20 3.65785e-21 6.76517e-22 1.25404e-22 2.32924e-23 4.33384e-24 8.07609e-25 1.50702e-25 2.81555e-26 5.26584e-27 9.85762e-28 1.84676e-28 3.46187e-29 6.49202e-30 1.21691e-30 2.28748e-31
1.06247e-08 2.44174e-10 3.18608e-11 4.57304e-12 7.04173e-13 1.13909e-13 1.90683e-14 3.27016e-15 5.70757e-16 1.00935e-16 1.80311e-17 3.24691e-18 5.88449e-19 1.0721e-19 1.96184e-20 3.60327e-21 6.63889e-22 1.22649e-22 2.27121e-23 4.21444e-24 7.83441e-25 1.45869e-25 2.71978e-26 5.07747e-27 9.48946e-28 1.77522e-28 3.32366e-29 6.22669e-30 1.16703e-30 2.18645e-31 4.10773e-32
2.19198e-09 4.58448e-11 5.97001e-12 8.54474e-13 1.31183e-13 2.11608e-14 3.53321e-15 6.04532e-16 1.05291e-16 1.85846e-17 3.31421e-18 5.95844e-19 1.07828e-19 1.96184e-20 3.58544e-21 6.57754e-22 1.21054e-22 2.23413e-23 4.13316e-24 7.66252e-25 1.42321e-25 2.64775e-26 4.93307e-27 9.20282e-28 1.71878e-28 3.21333e-29 6.01253e-30 1.12578e-30 2.10886e-31 3.94906e-32 7.41532e-33
4.48926e-10 8.61508e-12 1.12007e-12 1.59932e-13 2.449e-14 3.94053e-15 6.56431e-16 1.12079e-16 1.94835e-17 3.43296e-18 6.11221e-19 1.09726e-19 1.98296e-20 3.60327e-21 6.57754e-22 1.20532e-22 2.21604e-23 4.08589e-24 7.55211e-25 1.39891e-25 2.59619e-26 4.82633e-27 8.9856e-28 1.67516e-28 3.12664e-29 5.84184e-30 1.09245e-30 2.04439e-31 3.82772e-32 7.16449e-33 1.34464e-33
9.13833e-11 1.62025e-12 2.1038e-13 2.99782e-14 4.58002e-15 7.35294e-16 1.22233e-16 2.08301e-17 3.61467e-18 6.35875e-19 1.13046e-19 2.02662e-20 3.65785e-21 6.63889e-22 1.21054e-22 2.21604e-23 4.07038e-24 7.4981e-25 1.38473e-25 2.56293e-26 4.75287e-27 8.82929e-28 1.64272e-28 3.06051e-29 5.70889e-30 1.06604e-30 1.99246e-31 3.72674e-32 6.97421e-33 1.30482e-33 2.44775e-34
1.85064e-11 3.04947e-13 3.95536e-14 5.62625e-15 8.57831e-16 1.37442e-16 2.28044e-17 3.87934e-18 6.721e-19 1.18056e-19 2.09593e-20 3.75267e-21 6.76517e-22 1.22649e-22 2.23413e-23 4.08589e-24 7.4981e-25 1.38006e-25 2.54662e-26 4.70987e-27 8.72807e-28 1.6203e-28 3.01268e-29 5.60944e-30 1.04575e-30 1.95169e-31 3.64589e-32 6.816e-33 1.27496e-33 2.38434e-34 4.47086e-35
3.73133e-12 5.74331e-14 7.44292e-15 1.05707e-15 1.60879e-16 2.5729e-17 4.26154e-18 7.23773e-19 1.25207e-19 2.19626e-20 3.89418e-21 6.96405e-22 1.25404e-22 2.27121e-23 4.13316e-24 7.55211e-25 1.38473e-25 2.54662e-26 4.69571e-27 8.67833e-28 1.60713e-28 2.9816e-29 5.54044e-30 1.031e-30 1.92101e-31 3.58334e-32 6.69061e-33 1.25023e-33 2.33757e-34 4.3698e-35 8.19029e-36
7.49458e-13 1.08234e-14 1.40162e-15 1.98791e-16 3.02054e-17 4.82262e-18 7.97503e-19 1.35244e-19 2.33637e-20 4.09298e-21 7.24855e-22 1.29479e-22 2.32924e-23 4.21444e-24 7.66252e-25 1.39891e-25 2.56293e-26 4.70987e-27 8.67833e-28 1.60279e-28 2.9663e-29 5.49983e-30 1.02139e-30 1.89964e-31 3.53764e-32 6.59562e-33 1.23092e-33 2.2991e-34 4.29685e-35 8.02936e-36 1.50432e-36
1.50031e-13 2.04083e-15 2.64125e-16 3.74154e-17 5.6767e-18 9.04962e-19 1.4943e-19 2.5306e-20 4.36602e-21 7.63938e-22 1.35131e-22 2.41145e-23 4.33384e-24 7.83441e-25 1.42321e-25 2.59619e-26 4.75287e-27 8.72807e-28 1.60713e-28 2.9663e-29 5.48642e-30 1.01665e-30 1.88703e-31 3.50775e-32 6.52912e-33 1.21672e-33 2.2697e-34 4.23752e-35 7.91644e-36 1.47877e-36 2.76943e-37
2.99461e-14 3.85006e-16 4.9802e-17 7.04722e-18 1.06777e-18 1.69982e-19 2.80297e-20 4.7407e-21 8.16911e-22 1.42757e-22 2.52288e-23 4.4978e-24 8.07609e-25 1.45869e-25 2.64775e-26 4.82633e-27 8.82929e-28 1.6203e-28 2.9816e-29 5.49983e-30 1.01665e-30 1.88286e-31 3.49297e-32 6.48977e-33 1.20739e-33 2.249e-34 4.19352e-35 7.82609e-36 1.46149e-36 2.72906e-37 5.10904e-38
5.96161e-15 7.26648e-17 9.39544e-18 1.32821e-18 2.00998e-19 3.1956e-20 5.26278e-21 8.89002e-22 1.52972e-22 2.67115e-23 4.71607e-24 8.40022e-25 1.50702e-25 2.71978e-26 4.93307e-27 8.9856e-28 1.64272e-28 3.01268e-29 5.54044e-30 1.02139e-30 1.88703e-31 3.49297e-32 6.47674e-33 1.20277e-33 2.23669e-34 4.16445e-35 7.76192e-36 1.44799e-36 2.70305e-37 5.04573e-38 9.44266e-39
1.18405e-15 1.37202e-17 1.77335e-18 2.50473e-19 3.78614e-20 6.01219e-21 9.88899e-22 1.6675e-22 2.868e-23 5.00326e-24 8.82556e-25 1.57066e-25 2.81555e-26 5.07747e-27 9.20282e-28 1.67516e-28 3.06051e-29 5.60944e-30 1.031e-30 1.89964e-31 3.50775e-32 6.48977e-33 1.20277e-33 2.23261e-34 4.15e-35 7.72358e-36 1.43899e-36 2.68344e-37 5.00756e-38 9.34448e-39 1.74813e-39
2.34673e-16 2.59154e-18 3.34857e-19 4.72583e-20 7.13602e-21 1.13174e-21 1.85685e-22 3.13187e-23 5.38165e-24 9.37998e-25 1.65319e-25 2.93979e-26 5.26584e-27 9.48946e-28 1.71878e-28 3.12664e-29 5.70889e-30 1.04575e-30 1.92101e-31 3.53764e-32 6.52912e-33 1.20739e-33 2.23669e-34 4.15e-35 7.71084e-36 1.4345e-36 2.67162e-37 4.98025e-38 9.29048e-39 1.73313e-39 3.24121e-40
4.64226e-17 4.89671e-19 6.32546e-20 8.92041e-21 1.3453e-21 2.12508e-22 3.49288e-23 5.88612e-24 1.01056e-24 1.7599e-25 3.0993e-26 5.50718e-27 9.85762e-28 1.77522e-28 3.21333e-29 5.84184e-30 1.06604e-30 1.95169e-31 3.58334e-32 6.59562e-33 1.21672e-33 2.249e-34 4.16445e-35 7.72358e-36 1.4345e-36 2.66768e-37 4.96651e-38 9.25503e-39 1.72593e-39 3.21874e-40 6.01758e-41
9.16731e-18 9.25518e-20 1.19525e-20 1.68354e-21 2.52134e-22 4.00249e-23 6.57344e-24 1.10683e-24 1.89873e-25 3.30405e-26 5.81434e-27 1.03243e-27 1.84676e-28 3.32366e-29 6.01253e-30 1.09245e-30 1.99246e-31 3.64589e-32 6.69061e-33 1.23092e-33 2.2697e-34 4.19352e-35 7.76192e-36 1.43899e-36 2.67162e-37 4.96651e-38 9.24312e-39 1.72187e-39 3.21004e-40 5.98479e-41 1.11854e-41
1.80744e-18 1.74968e-20 2.25693e-21 3.13888e-22 4.75327e-23 7.54055e-24 1.23748e-24 2.08204e-25 3.56896e-26 6.20597e-27 1.09134e-27 1.93656e-28 3.46187e-29 6.22669e-30 1.12578e-30 2.04439e-31 3.72674e-32 6.816e-33 1.25023e-33 2.2991e-34 4.23752e-35 7.82609e-36 1.44799e-36 2.68344e-37 4.98025e-38 9.25503e-39 1.72187e-39 3.20662e-40 5.97621e-41 1.1139e-41 2.08124e-42
3.55808e-19 3.30287e-21 4.16418e-22 5.92101e-23 8.96188e-24 1.42077e-24 2.32993e-25 3.9172e-26 6.70992e-27 1.16597e-27 2.04906e-28 3.63376e-29 6.49202e-30 1.16703e-30 2.10886e-31 3.82772e-32 6.97421e-33 1.27496e-33 2.33757e-34 4.29685e-35 7.91644e-36 1.46149e-36 2.70305e-37 5.00756e-38 9.29048e-39 1.72593e-39 3.21004e-40 5.97621e-41 1.11348e-41 2.07486e-42 3.87565e-43
6.97827e-20 5.98372e-22 7.85152e-23 1.11608e-23 1.68837e-24 2.67488e-25 4.38353e-26 7.36474e-27 1.2607e-27 2.1893e-28 3.84515e-29 6.81504e-30 1.21691e-30 2.18645e-31 3.94906e-32 7.16449e-33 1.30482e-33 2.38434e-34 4.3698e-35 8.02936e-36 1.47877e-36 2.72906e-37 5.04573e-38 9.34448e-39 1.73313e-39 3.21874e-40 5.98479e-41 1.1139e-41 2.07486e-42 3.86537e-43 7.21832e-44
1.37034e-20 1.13236e-22 1.4858e-23 2.11112e-24 3.19148e-25 5.05237e-26 8.27315e-27 1.3889e-27 2.37579e-28 4.12291e-29 7.2365e-30 1.28179e-30 2.28748e-31 4.10773e-32 7.41532e-33 1.34464e-33 2.44775e-34 4.47086e-35 8.19029e-36 1.50432e-36 2.76943e-37 5.10904e-38 9.44266e-39 1.74813e-39 3.24121e-40 6.01758e-41 1.11854e-41 2.08124e-42 3.87565e-43 7.21832e-44 1.34761e-44
