0.294699 0.120778 0.0494994 0.0202866 0.00831419 0.00340746 0.0013965 0.000572335 0.000234564 9.61326e-05 3.93986e-05 1.6147e-05 6.61761e-06 2.71214e-06 1.11153e-06 4.55546e-07 1.86699e-07 7.6516e-08 3.1359e-08 1.28521e-08 5.26724e-09 2.1587e-09 8.84714e-10 3.62588e-10 1.48602e-10 6.09023e-11 2.496e-11 1.02295e-11 4.19241e-12 1.7182e-12 7.04181e-13 2.88599e-13 1.18278e-13 4.84747e-14 1.98667e-14 8.14208e-15 3.33692e-15 1.36759e-15 5.60487e-16 2.29708e-16 9.41426e-17 3.8583e-17 1.58127e-17 6.48062e-18 2.65599e-18 1.08852e-18 4.46115e-19 1.82834e-19 7.4932e-20 3.07099e-20 1.2586e-20 5.1582e-21 2.11402e-21 8.664e-22 3.55082e-22 1.45525e-22 5.96416e-23 2.44433e-23 1.00177e-23 4.10563e-24 1.68263e-24 6.89604e-25 2.82625e-25 1.1583e-25 4.74712e-26 1.94554e-26 7.97353e-27 3.26784e-27 1.33928e-27 5.48885e-28 2.24953e-28 9.21938e-29 3.77843e-29 1.54854e-29 6.34647e-30 2.60101e-30 1.06599e-30 4.3688e-31 1.79049e-31 7.33809e-32 3.00741e-32 1.23255e-32 5.05142e-33 2.07025e-33 8.48465e-34 3.47732e-34 1.42513e-34 5.84069e-35 2.39373e-35 9.81036e-36 4.02064e-36 1.6478e-36 6.75329e-37 2.76774e-37 1.13432e-37 4.64885e-38 1.90527e-38 7.80847e-39 3.20019e-39 1.31155e-39 5.37522e-40
0.120778 0.0652935 0.0332326 0.0162728 0.00775642 0.00362445 0.00166805 0.000758472 0.000341523 0.00015254 6.76684e-05 2.98445e-05 1.30967e-05 5.72217e-06 2.49051e-06 1.08027e-06 4.67149e-07 2.0146e-07 8.66665e-08 3.71997e-08 1.59346e-08 6.81286e-09 2.90785e-09 1.23916e-09 5.27284e-10 2.24064e-10 9.50935e-11 4.03105e-11 1.70689e-11 7.22015e-12 3.05116e-12 1.28822e-12 5.43425e-13 2.29054e-13 9.64725e-14 4.06027e-14 1.70768e-14 7.17753e-15 3.0149e-15 1.26566e-15 5.31022e-16 2.22678e-16 9.33291e-17 3.90971e-17 1.63707e-17 6.85166e-18 2.8664e-18 1.19866e-18 5.01053e-19 2.09366e-19 8.74515e-20 3.65153e-20 1.52417e-20 6.35991e-21 2.65296e-21 1.10631e-21 4.61204e-22 1.92214e-22 8.00864e-23 3.33592e-23 1.38918e-23 5.78355e-24 2.40727e-24 1.00173e-24 4.16754e-25 1.73345e-25 7.20857e-26 2.99707e-26 1.24582e-26 5.17759e-27 2.15138e-27 8.9377e-28 3.7124e-28 1.54173e-28 6.40154e-29 2.6576e-29 1.10312e-29 4.57811e-30 1.89969e-30 7.88157e-31 3.26948e-31 1.35607e-31 5.62371e-32 2.33187e-32 9.66781e-33 4.00769e-33 1.66113e-33 6.8843e-34 2.85274e-34 1.18198e-34 4.89677e-35 2.02842e-35 8.40151e-36 3.47944e-36 1.44083e-36 5.96584e-37 2.46993e-37 1.02248e-37 4.23234e-38 1.75171e-38 7.24945e-39
0.0494994 0.0332326 0.0197721 0.0109717 0.0058143 0.00298123 0.00149091 0.000731099 0.000352851 0.000168067 7.91667e-05 3.69374e-05 1.70924e-05 7.85235e-06 3.58442e-06 1.62692e-06 7.34671e-07 3.30232e-07 1.47819e-07 6.5915e-08 2.92903e-08 1.29739e-08 5.72973e-09 2.52352e-09 1.10861e-09 4.8587e-10 2.12473e-10 9.27239e-11 4.03867e-11 1.75588e-11 7.62093e-12 3.30232e-12 1.42879e-12 6.17292e-13 2.66329e-13 1.14758e-13 4.93869e-14 2.1229e-14 9.11514e-15 3.9096e-15 1.67517e-15 7.17074e-16 3.06665e-16 1.31031e-16 5.59391e-17 2.38616e-17 1.01705e-17 4.33164e-18 1.84352e-18 7.8404e-19 3.33223e-19 1.4153e-19 6.00745e-20 2.5484e-20 1.08041e-20 4.57791e-21 1.93868e-21 8.20569e-22 3.47137e-22 1.46781e-22 6.20344e-23 2.62054e-23 1.1065e-23 4.67007e-24 1.97019e-24 8.30835e-25 3.50224e-25 1.47573e-25 6.21587e-26 2.6172e-26 1.10158e-26 4.6349e-27 1.94948e-27 8.19691e-28 3.44542e-28 1.44776e-28 6.08159e-29 2.55392e-29 1.07218e-29 4.49993e-30 1.88809e-30 7.91989e-31 3.32124e-31 1.39241e-31 5.83614e-32 2.44554e-32 1.02451e-32 4.29098e-33 1.79678e-33 7.52198e-34 3.14828e-34 1.31741e-34 5.51154e-35 2.30534e-35 9.64066e-36 4.0308e-36 1.68496e-36 7.04214e-37 2.94264e-37 1.22938e-37 5.13522e-38
0.0202866 0.0162728 0.0109717 0.00673179 0.00388699 0.00214985 0.00115115 0.000600895 0.000307263 0.000154451 7.65229e-05 3.74457e-05 1.81271e-05 8.69243e-06 4.13341e-06 1.95083e-06 9.14544e-07 4.26128e-07 1.97455e-07 9.10323e-08 4.17738e-08 1.90876e-08 8.68719e-09 3.93924e-09 1.78017e-09 8.01911e-10 3.60162e-10 1.61308e-10 7.20568e-11 3.21086e-11 1.42744e-11 6.33194e-12 2.80294e-12 1.23832e-12 5.46059e-13 2.40366e-13 1.05626e-13 4.63414e-14 2.03001e-14 8.87949e-15 3.87854e-15 1.69185e-15 7.37052e-16 3.20698e-16 1.39373e-16 6.05017e-17 2.62349e-17 1.13641e-17 4.91753e-18 2.12586e-18 9.1815e-19 3.96184e-19 1.70804e-19 7.35751e-20 3.1667e-20 1.36188e-20 5.85243e-21 2.51311e-21 1.07838e-21 4.62413e-22 1.9815e-22 8.48539e-23 3.63139e-23 1.55312e-23 6.63857e-24 2.8359e-24 1.21076e-24 5.1664e-25 2.20334e-25 9.3918e-26 4.00123e-26 1.70381e-26 7.25171e-27 3.08499e-27 1.3118e-27 5.5755e-28 2.3687e-28 1.00589e-28 4.26983e-29 1.81173e-29 7.68426e-30 3.25793e-30 1.38075e-30 5.84963e-31 2.47732e-31 1.04877e-31 4.43843e-32 1.87772e-32 7.94117e-33 3.35736e-33 1.41896e-33 5.99527e-34 2.53229e-34 1.06927e-34 4.51369e-35 1.90481e-35 8.03613e-36 3.3894e-36 1.42916e-36 6.02449e-37 2.53891e-37
0.00831419 0.00775642 0.0058143 0.00388699 0.00241613 0.00142675 0.000810631 0.000446836 0.000240332 0.000126654 6.56044e-05 3.34816e-05 1.68684e-05 8.40252e-06 4.14351e-06 2.02494e-06 9.81586e-07 4.72334e-07 2.25767e-07 1.07252e-07 5.06648e-08 2.38093e-08 1.11352e-08 5.18447e-09 2.40382e-09 1.11022e-09 5.10901e-10 2.34303e-10 1.07108e-10 4.88149e-11 2.2184e-11 1.00543e-11 4.54515e-12 2.0497e-12 9.22206e-13 4.14011e-13 1.85475e-13 8.2926e-14 3.70056e-14 1.64836e-14 7.32959e-15 3.25372e-15 1.44206e-15 6.38145e-16 2.81976e-16 1.24419e-16 5.48239e-17 2.41257e-17 1.06032e-17 4.65442e-18 2.0407e-18 8.93713e-19 3.90965e-19 1.7085e-19 7.4584e-20 3.25269e-20 1.41716e-20 6.16865e-21 2.68267e-21 1.16563e-21 5.0604e-22 2.19507e-22 9.51397e-23 4.12037e-23 1.78311e-23 7.71084e-24 3.33205e-24 1.43885e-24 6.20906e-25 2.67761e-25 1.15395e-25 4.96996e-26 2.1392e-26 9.20217e-27 3.95617e-27 1.69985e-27 7.29971e-28 3.13302e-28 1.34397e-28 5.76225e-29 2.4693e-29 1.05764e-29 4.52787e-30 1.9375e-30 8.28685e-31 3.54274e-31 1.5139e-31 6.46642e-32 2.76087e-32 1.17828e-32 5.02656e-33 2.14349e-33 9.13691e-34 3.89324e-34 1.65828e-34 7.06066e-35 3.00521e-35 1.27864e-35 5.4384e-36 2.3123e-36 9.82816e-37
0.00340746 0.00362445 0.00298123 0.00214985 0.00142675 0.000893126 0.000535082 0.000309712 0.000174323 9.5864e-05 5.169e-05 2.74031e-05 1.43147e-05 7.38108e-06 3.76218e-06 1.89787e-06 9.4851e-07 4.70048e-07 2.31148e-07 1.12868e-07 5.47548e-08 2.64038e-08 1.26617e-08 6.04046e-09 2.86782e-09 1.35542e-09 6.37906e-10 2.9903e-10 1.39653e-10 6.49907e-11 3.01443e-11 1.39376e-11 6.42497e-12 2.95339e-12 1.35393e-12 6.19092e-13 2.8239e-13 1.28506e-13 5.83485e-14 2.64365e-14 1.19533e-14 5.39409e-15 2.42957e-15 1.09233e-15 4.90254e-16 2.19665e-16 9.82656e-17 4.38901e-17 1.9574e-17 8.71698e-18 3.87655e-18 1.72163e-18 7.63602e-19 3.38257e-19 1.49657e-19 6.61351e-20 2.91924e-20 1.28714e-20 5.66911e-21 2.4943e-21 1.09633e-21 4.81402e-22 2.11182e-22 9.25556e-23 4.05279e-23 1.77306e-23 7.75034e-24 3.38497e-24 1.47719e-24 6.44129e-25 2.80656e-25 1.22194e-25 5.31625e-26 2.31126e-26 1.00413e-26 4.35948e-27 1.89142e-27 8.20089e-28 3.5535e-28 1.5388e-28 6.65952e-29 2.88035e-29 1.24508e-29 5.37897e-30 2.32253e-30 1.00227e-30 4.32293e-31 1.86356e-31 8.02949e-32 3.45791e-32 1.48842e-32 6.40367e-33 2.75376e-33 1.18365e-33 5.08537e-34 2.18388e-34 9.37443e-35 4.0223e-35 1.72513e-35 7.39587e-36 3.16943e-36
0.0013965 0.00166805 0.00149091 0.00115115 0.000810631 0.000535082 0.000336444 0.00020362 0.000119472 6.8315e-05 3.82182e-05 2.09821e-05 1.13318e-05 6.03201e-06 3.16983e-06 1.64664e-06 8.46523e-07 4.31096e-07 2.17651e-07 1.09022e-07 5.42127e-08 2.67772e-08 1.31436e-08 6.41419e-09 3.11325e-09 1.50342e-09 7.22573e-10 3.45731e-10 1.64727e-10 7.81744e-11 3.69598e-11 1.74119e-11 8.17517e-12 3.82605e-12 1.78516e-12 8.30498e-13 3.85295e-13 1.78277e-13 8.22802e-14 3.78826e-14 1.7401e-14 7.97512e-15 3.64729e-15 1.66459e-15 7.58202e-16 3.44694e-16 1.56417e-16 7.08544e-17 3.20411e-17 1.44654e-17 6.52022e-18 2.93444e-18 1.31869e-18 5.91741e-19 2.65164e-19 1.18662e-19 5.30321e-20 2.36709e-20 1.05525e-20 4.69865e-21 2.08971e-21 9.28347e-22 4.11962e-22 1.82616e-22 8.08667e-23 3.57735e-23 1.58098e-23 6.98028e-24 3.07903e-24 1.35694e-24 5.97475e-25 2.62847e-25 1.15537e-25 5.07432e-26 2.22682e-26 9.76456e-27 4.27844e-27 1.87324e-27 8.1956e-28 3.58309e-28 1.56542e-28 6.83445e-29 2.98185e-29 1.30012e-29 5.66501e-30 2.46686e-30 1.07355e-30 4.66912e-31 2.02951e-31 8.8165e-32 3.82784e-32 1.661e-32 7.20357e-33 3.12243e-33 1.35273e-33 5.85737e-34 2.53499e-34 1.09656e-34 4.74109e-35 2.04887e-35 8.85008e-36
0.000572335 0.000758472 0.000731099 0.000600895 0.000446836 0.000309712 0.00020362 0.000128422 7.83076e-05 4.6427e-05 2.68774e-05 1.52435e-05 8.49174e-06 4.65632e-06 2.51755e-06 1.3441e-06 7.09466e-07 3.70625e-07 1.91792e-07 9.83912e-08 5.00736e-08 2.52958e-08 1.26913e-08 6.32687e-09 3.1353e-09 1.54505e-09 7.57404e-10 3.69463e-10 1.79389e-10 8.67185e-11 4.17469e-11 2.00183e-11 9.56326e-12 4.55242e-12 2.15978e-12 1.02135e-12 4.81509e-13 2.26337e-13 1.06093e-13 4.95958e-14 2.3125e-14 1.07558e-14 4.99076e-15 2.31046e-15 1.06727e-15 4.91956e-16 2.26303e-16 1.03896e-16 4.76083e-17 2.17755e-17 9.94216e-18 4.53157e-18 2.06203e-18 9.3679e-19 4.24926e-19 1.92455e-19 8.70378e-20 3.9307e-20 1.77269e-20 7.98392e-21 3.59115e-21 1.61325e-21 7.23827e-22 3.24376e-22 1.45197e-22 6.49195e-23 2.89943e-23 1.29355e-23 5.76498e-24 2.56666e-24 1.14158e-24 5.07252e-25 2.25179e-25 9.98688e-26 4.42526e-26 1.95913e-26 8.6659e-27 3.82999e-27 1.69131e-27 7.46272e-28 3.29025e-28 1.44953e-28 6.38108e-29 2.80699e-29 1.23388e-29 5.41999e-30 2.37915e-30 1.04363e-30 4.57494e-31 2.00419e-31 8.77433e-32 3.83898e-32 1.67861e-32 7.33535e-33 3.20357e-33 1.39828e-33 6.09967e-34 2.65934e-34 1.15879e-34 5.04658e-35 2.19665e-35
0.000234564 0.000341523 0.000352851 0.000307263 0.000240332 0.000174323 0.000119472 7.83076e-05 4.94988e-05 3.03577e-05 1.81471e-05 1.06106e-05 6.08542e-06 3.43114e-06 1.90544e-06 1.04384e-06 5.64842e-07 3.02245e-07 1.60085e-07 8.39974e-08 4.3694e-08 2.25475e-08 1.1549e-08 5.87466e-09 2.96899e-09 1.49143e-09 7.44943e-10 3.70098e-10 1.82944e-10 9.00003e-11 4.40766e-11 2.14937e-11 1.04388e-11 5.05016e-12 2.43422e-12 1.1692e-12 5.59707e-13 2.67079e-13 1.27053e-13 6.02628e-14 2.8503e-14 1.34448e-14 6.32541e-15 2.96849e-15 1.38975e-15 6.49125e-16 3.02516e-16 1.4068e-16 6.52845e-17 3.02353e-17 1.39757e-17 6.44783e-18 2.96937e-18 1.36505e-18 6.26453e-19 2.87019e-19 1.3129e-19 5.99623e-20 2.73443e-20 1.24513e-20 5.66164e-21 2.57079e-21 1.16574e-21 5.27919e-22 2.38768e-22 1.07856e-22 4.86611e-23 2.19284e-23 9.87028e-24 4.43776e-24 1.99306e-24 8.94155e-25 4.00728e-25 1.79409e-25 8.02423e-26 3.58542e-26 1.60052e-26 7.13806e-27 3.18055e-27 1.41592e-27 6.29788e-28 2.79885e-28 1.24281e-28 5.51406e-29 2.44451e-29 1.08286e-29 4.79311e-30 2.12e-30 9.36989e-31 4.13827e-31 1.82639e-31 8.05503e-32 3.55013e-32 1.56361e-32 6.88224e-33 3.02726e-33 1.33074e-33 5.84613e-34 2.56671e-34 1.12623e-34 4.93876e-35
9.61326e-05 0.00015254 0.000168067 0.000154451 0.000126654 9.5864e-05 6.8315e-05 4.6427e-05 3.03577e-05 1.92221e-05 1.18432e-05 7.12687e-06 4.20132e-06 2.43206e-06 1.38524e-06 7.77596e-07 4.30794e-07 2.35824e-07 1.2769e-07 6.84478e-08 3.63528e-08 1.91421e-08 9.99955e-09 5.18495e-09 2.66988e-09 1.36589e-09 6.94518e-10 3.51118e-10 1.76549e-10 8.83179e-11 4.39666e-11 2.17869e-11 1.0749e-11 5.28115e-12 2.58445e-12 1.25997e-12 6.12048e-13 2.96283e-13 1.42952e-13 6.87536e-14 3.29669e-14 1.57613e-14 7.51421e-15 3.57274e-15 1.6943e-15 8.01471e-16 3.78212e-16 1.78062e-16 8.36422e-17 3.92044e-17 1.83371e-17 8.55932e-18 3.98742e-18 1.85402e-18 8.60467e-19 3.98632e-19 1.84355e-19 8.51141e-20 3.92315e-20 1.80541e-20 8.29548e-21 3.80586e-21 1.74352e-21 7.97588e-22 3.64357e-22 1.66222e-22 7.5731e-23 3.44589e-23 1.56597e-23 7.10779e-24 3.22231e-24 1.45912e-24 6.59969e-25 2.98175e-25 1.3457e-25 6.06685e-26 2.7323e-26 1.22928e-26 5.52516e-27 2.48094e-27 1.11295e-27 4.98803e-28 2.23351e-28 9.99219e-29 4.46635e-29 1.99469e-29 8.90085e-30 3.96855e-30 1.768e-30 7.87025e-31 3.50073e-31 1.55596e-31 6.91061e-32 3.06701e-32 1.3602e-32 6.02812e-33 2.6697e-33 1.18153e-33 5.22565e-34 2.30967e-34 1.02019e-34
3.93986e-05 6.76684e-05 7.91667e-05 7.65229e-05 6.56044e-05 5.169e-05 3.82182e-05 2.68774e-05 1.81471e-05 1.18432e-05 7.50906e-06 4.64381e-06 2.80994e-06 1.66785e-06 9.73107e-07 5.59069e-07 3.16747e-07 1.77193e-07 9.79803e-08 5.36042e-08 2.90391e-08 1.55887e-08 8.29767e-09 4.382e-09 2.29711e-09 1.19587e-09 6.18529e-10 3.17963e-10 1.62511e-10 8.26066e-11 4.17732e-11 2.10207e-11 1.05285e-11 5.25001e-12 2.60683e-12 1.28917e-12 6.35082e-13 3.11706e-13 1.52449e-13 7.43071e-14 3.61013e-14 1.74847e-14 8.44281e-15 4.06499e-15 1.95174e-15 9.34588e-16 4.46367e-16 2.12657e-16 1.01069e-16 4.79227e-17 2.26718e-17 1.07024e-17 5.04148e-18 2.36998e-18 1.1119e-18 5.2066e-19 2.43348e-19 1.13531e-19 5.28728e-20 2.45814e-20 1.14093e-20 5.28694e-21 2.44605e-21 1.12995e-21 5.21201e-22 2.40058e-22 1.10411e-22 5.07114e-23 2.32602e-23 1.06549e-23 4.87443e-24 2.22718e-24 1.01637e-24 4.63268e-25 2.10913e-25 9.59129e-26 4.35678e-26 1.97687e-26 8.96039e-27 4.05715e-27 1.83514e-27 8.29246e-28 3.74343e-28 1.68826e-28 7.60675e-29 3.42419e-29 1.54001e-29 6.91997e-30 3.10675e-30 1.3936e-30 6.24608e-31 2.79717e-31 1.25165e-31 5.59629e-32 2.50024e-32 1.11618e-32 4.97918e-33 2.21955e-33 9.88682e-34 4.4009e-34 1.95759e-34
1.6147e-05 2.98445e-05 3.69374e-05 3.74457e-05 3.34816e-05 2.74031e-05 2.09821e-05 1.52435e-05 1.06106e-05 7.12687e-06 4.64381e-06 2.94758e-06 1.82852e-06 1.11156e-06 6.63618e-07 3.89805e-07 2.25629e-07 1.28864e-07 7.27032e-08 4.05592e-08 2.23931e-08 1.22451e-08 6.63625e-09 3.56666e-09 1.90201e-09 1.0069e-09 5.29385e-10 2.76532e-10 1.4357e-10 7.41085e-11 3.80447e-11 1.94294e-11 9.8737e-12 4.99407e-12 2.51467e-12 1.2608e-12 6.29558e-13 3.13129e-13 1.5516e-13 7.66082e-14 3.76938e-14 1.84852e-14 9.0363e-15 4.40377e-15 2.1398e-15 1.03677e-15 5.00953e-16 2.41411e-16 1.16039e-16 5.5638e-17 2.66132e-17 1.27003e-17 6.04715e-18 2.87304e-18 1.36212e-18 6.44459e-19 3.04307e-19 1.43413e-19 6.74603e-20 3.16749e-20 1.4846e-20 6.94632e-21 3.24466e-21 1.51311e-21 7.04501e-22 3.27504e-22 1.52017e-22 7.04577e-23 3.2609e-23 1.50708e-23 6.95566e-24 3.20596e-24 1.47574e-24 6.78431e-25 3.11501e-25 1.4285e-25 6.54311e-26 2.99351e-26 1.36798e-26 6.24442e-27 2.84727e-27 1.29688e-27 5.90086e-28 2.68215e-28 1.21791e-28 5.52478e-29 2.50378e-29 1.13361e-29 5.12775e-30 2.31736e-30 1.04634e-30 4.72028e-31 2.12759e-31 9.58167e-32 4.31155e-32 1.93852e-32 8.70882e-33 3.90936e-33 1.75354e-33 7.85952e-34 3.52007e-34
6.61761e-06 1.30967e-05 1.70924e-05 1.81271e-05 1.68684e-05 1.43147e-05 1.13318e-05 8.49174e-06 6.08542e-06 4.20132e-06 2.80994e-06 1.82852e-06 1.16167e-06 7.22521e-07 4.40958e-07 2.64578e-07 1.56322e-07 9.1074e-08 5.23834e-08 2.9776e-08 1.6742e-08 9.3188e-09 5.13847e-09 2.80868e-09 1.52268e-09 8.19178e-10 4.37529e-10 2.32101e-10 1.22336e-10 6.40898e-11 3.33825e-11 1.7293e-11 8.91172e-12 4.56983e-12 2.3323e-12 1.18498e-12 5.99462e-13 3.02009e-13 1.51551e-13 7.57621e-14 3.77365e-14 1.87306e-14 9.26569e-15 4.56874e-15 2.24574e-15 1.10056e-15 5.3778e-16 2.62046e-16 1.27342e-16 6.17203e-17 2.98388e-17 1.43903e-17 6.92344e-18 3.32333e-18 1.59167e-18 7.6066e-19 3.62754e-19 1.72641e-19 8.19999e-20 3.88725e-20 1.83931e-20 8.68704e-21 4.09558e-21 1.92755e-21 9.05651e-22 4.24817e-22 1.9895e-22 9.30266e-23 4.34317e-23 2.02469e-23 9.42491e-24 4.38106e-24 2.03366e-24 9.42729e-25 4.36435e-25 2.01785e-25 9.31769e-26 4.29723e-26 1.97943e-26 9.10704e-27 4.18513e-27 1.92108e-27 8.80839e-28 4.03435e-28 1.8458e-28 8.43608e-29 3.85167e-29 1.75679e-29 8.00495e-30 3.64399e-30 1.65722e-30 7.52973e-31 3.41805e-31 1.5502e-31 7.02442e-32 3.18022e-32 1.43858e-32 6.50196e-33 2.93628e-33 1.32495e-33 5.97387e-34
2.71214e-06 5.72217e-06 7.85235e-06 8.69243e-06 8.40252e-06 7.38108e-06 6.03201e-06 4.65632e-06 3.43114e-06 2.43206e-06 1.66785e-06 1.11156e-06 7.22521e-07 4.59368e-07 2.86351e-07 1.75357e-07 1.05674e-07 6.27556e-08 3.67718e-08 2.12825e-08 1.21783e-08 6.89548e-09 3.86614e-09 2.14789e-09 1.1831e-09 6.46454e-10 3.50565e-10 1.88757e-10 1.00951e-10 5.3648e-11 2.83382e-11 1.48833e-11 7.77423e-12 4.03979e-12 2.08886e-12 1.07499e-12 5.50722e-13 2.80918e-13 1.42701e-13 7.22007e-14 3.63912e-14 1.82749e-14 9.14489e-15 4.56061e-15 2.26695e-15 1.12328e-15 5.54889e-16 2.73303e-16 1.34228e-16 6.57424e-17 3.21136e-17 1.56462e-17 7.60404e-18 3.68658e-18 1.78312e-18 8.60493e-19 4.14333e-19 1.99074e-19 9.54491e-20 4.56714e-20 2.181e-20 1.03952e-20 4.94527e-21 2.34831e-21 1.11313e-21 5.26727e-22 2.48822e-22 1.17348e-22 5.52535e-23 2.59754e-23 1.21927e-23 5.71457e-24 2.67444e-24 1.24985e-24 5.8328e-25 2.71832e-25 1.26515e-25 5.88054e-26 2.72982e-26 1.26563e-26 5.86062e-27 2.71056e-27 1.25217e-27 5.77783e-28 2.66303e-28 1.22604e-28 5.63845e-29 2.59031e-29 1.18875e-29 5.44982e-30 2.49596e-30 1.14199e-30 5.21994e-31 2.38372e-31 1.08752e-31 4.95703e-32 2.25742e-32 1.02711e-32 4.66924e-33 2.12081e-33 9.62478e-34
1.11153e-06 2.49051e-06 3.58442e-06 4.13341e-06 4.14351e-06 3.76218e-06 3.16983e-06 2.51755e-06 1.90544e-06 1.38524e-06 9.73107e-07 6.63618e-07 4.40958e-07 2.86351e-07 1.82175e-07 1.13779e-07 6.98839e-08 4.22744e-08 2.52185e-08 1.48522e-08 8.64394e-09 4.97576e-09 2.83508e-09 1.60002e-09 8.94967e-10 4.96417e-10 2.73188e-10 1.49227e-10 8.09436e-11 4.36146e-11 2.3353e-11 1.24295e-11 6.57801e-12 3.46241e-12 1.81307e-12 9.44724e-13 4.8994e-13 2.52939e-13 1.30018e-13 6.65557e-14 3.39336e-14 1.72348e-14 8.72123e-15 4.39746e-15 2.20971e-15 1.10671e-15 5.5251e-16 2.74984e-16 1.36452e-16 6.75147e-17 3.33122e-17 1.63921e-17 8.04498e-18 3.93833e-18 1.92322e-18 9.36927e-19 4.55379e-19 2.20831e-19 1.06854e-19 5.15939e-20 2.48601e-20 1.19544e-20 5.73719e-21 2.74813e-21 1.31391e-21 6.27047e-22 2.9872e-22 1.42061e-22 6.74456e-23 3.19679e-23 1.51277e-23 7.14743e-24 3.37177e-24 1.58823e-24 7.47015e-25 3.5085e-25 1.64552e-25 7.707e-26 3.60482e-26 1.68387e-26 7.85548e-27 3.66006e-27 1.7032e-27 7.91615e-28 3.67491e-28 1.70401e-28 7.89225e-29 3.65126e-29 1.68735e-29 7.78931e-30 3.59197e-30 1.65468e-30 7.61469e-31 3.50069e-31 1.60779e-31 7.37704e-32 3.38161e-32 1.54867e-32 7.0859e-33 3.23921e-33 1.47944e-33
4.55546e-07 1.08027e-06 1.62692e-06 1.95083e-06 2.02494e-06 1.89787e-06 1.64664e-06 1.3441e-06 1.04384e-06 7.77596e-07 5.59069e-07 3.89805e-07 2.64578e-07 1.75357e-07 1.13779e-07 7.2426e-08 4.53106e-08 2.79028e-08 1.6936e-08 1.01437e-08 6.00118e-09 3.51012e-09 2.03141e-09 1.16404e-09 6.60858e-10 3.71934e-10 2.07618e-10 1.15003e-10 6.32387e-11 3.45347e-11 1.87362e-11 1.01019e-11 5.41445e-12 2.88572e-12 1.52973e-12 8.06758e-13 4.23384e-13 2.21146e-13 1.14991e-13 5.95339e-14 3.06943e-14 1.5762e-14 8.06296e-15 4.10927e-15 2.0868e-15 1.05609e-15 5.32685e-16 2.67821e-16 1.34235e-16 6.70781e-17 3.34218e-17 1.66056e-17 8.22789e-18 4.06604e-18 2.00418e-18 9.85411e-19 4.8333e-19 2.36508e-19 1.15466e-19 5.62459e-20 2.73393e-20 1.32607e-20 6.41877e-21 3.10076e-21 1.49498e-21 7.1941e-22 3.4555e-22 1.65676e-22 7.92937e-23 3.78851e-23 1.80704e-23 8.60498e-24 4.09104e-24 1.94194e-24 9.20381e-25 4.35559e-25 2.0582e-25 9.71184e-26 4.57618e-26 2.15331e-26 1.01186e-26 4.74856e-27 2.22555e-27 1.04175e-27 4.87019e-28 2.27404e-28 1.06055e-28 4.94026e-29 2.29864e-29 1.06831e-29 4.95958e-30 2.29994e-30 1.06543e-30 4.93031e-31 2.27917e-31 1.05254e-31 4.85587e-32 2.23805e-32 1.03052e-32 4.74054e-33 2.1787e-33
1.86699e-07 4.67149e-07 7.34671e-07 9.14544e-07 9.81586e-07 9.4851e-07 8.46523e-07 7.09466e-07 5.64842e-07 4.30794e-07 3.16747e-07 2.25629e-07 1.56322e-07 1.05674e-07 6.98839e-08 4.53106e-08 2.88564e-08 1.80797e-08 1.11594e-08 6.79378e-09 4.08369e-09 2.42585e-09 1.42529e-09 8.28865e-10 4.77409e-10 2.72508e-10 1.54234e-10 8.65976e-11 4.82553e-11 2.66976e-11 1.46706e-11 8.0098e-12 4.34637e-12 2.34471e-12 1.25784e-12 6.7119e-13 3.56326e-13 1.88246e-13 9.89845e-14 5.18149e-14 2.70063e-14 1.40174e-14 7.24661e-15 3.73188e-15 1.91472e-15 9.78873e-16 4.98705e-16 2.53226e-16 1.28164e-16 6.46647e-17 3.25276e-17 1.6314e-17 8.15896e-18 4.06921e-18 2.02406e-18 1.00417e-18 4.96927e-19 2.45309e-19 1.20809e-19 5.93573e-20 2.90985e-20 1.42335e-20 6.94739e-21 3.38397e-21 1.64493e-21 7.98009e-22 3.86392e-22 1.86736e-22 9.008e-23 4.33758e-23 2.08499e-23 1.00049e-23 4.79287e-24 2.29227e-24 1.09456e-24 5.21831e-25 2.48402e-25 1.18067e-25 5.60353e-26 2.65565e-26 1.2568e-26 5.93967e-27 2.8033e-27 1.3213e-27 6.21968e-28 2.92402e-28 1.37293e-28 6.43852e-29 3.01577e-29 1.41091e-29 6.59317e-30 3.07749e-30 1.43487e-30 6.68268e-31 3.109e-31 1.44488e-31 6.70793e-32 3.11101e-32 1.44138e-32 6.67152e-33 3.08496e-33
7.6516e-08 2.0146e-07 3.30232e-07 4.26128e-07 4.72334e-07 4.70048e-07 4.31096e-07 3.70625e-07 3.02245e-07 2.35824e-07 1.77193e-07 1.28864e-07 9.1074e-08 6.27556e-08 4.22744e-08 2.79028e-08 1.80797e-08 1.15191e-08 7.22667e-09 4.46976e-09 2.7285e-09 1.64538e-09 9.81023e-10 5.78745e-10 3.38051e-10 1.95627e-10 1.12219e-10 6.38421e-11 3.60372e-11 2.0192e-11 1.12345e-11 6.20911e-12 3.40992e-12 1.86136e-12 1.01019e-12 5.45229e-13 2.92725e-13 1.56366e-13 8.31217e-14 4.39809e-14 2.31669e-14 1.21507e-14 6.34654e-15 3.30169e-15 1.71105e-15 8.83439e-16 4.54497e-16 2.33013e-16 1.19062e-16 6.06393e-17 3.07874e-17 1.55836e-17 7.8647e-18 3.95779e-18 1.98618e-18 9.94056e-19 4.9621e-19 2.47067e-19 1.22712e-19 6.08016e-20 3.00555e-20 1.48232e-20 7.29446e-21 3.58182e-21 1.75508e-21 8.58215e-22 4.18815e-22 2.03985e-22 9.9161e-23 4.81141e-23 2.3303e-23 1.12661e-23 5.43729e-24 2.61968e-24 1.26006e-24 6.05097e-25 2.90112e-25 1.38876e-25 6.63783e-26 3.16792e-26 1.50968e-26 7.18408e-27 3.41386e-27 1.62002e-27 7.67729e-28 3.63344e-28 1.71737e-28 8.10689e-29 3.82209e-29 1.79975e-29 8.46447e-30 3.97624e-30 1.86569e-30 8.74399e-31 4.09348e-31 1.91424e-31 8.94185e-32 4.1725e-32 1.94496e-32 9.05685e-33 4.21312e-33
3.1359e-08 8.66665e-08 1.47819e-07 1.97455e-07 2.25767e-07 2.31148e-07 2.17651e-07 1.91792e-07 1.60085e-07 1.2769e-07 9.79803e-08 7.27032e-08 5.23834e-08 3.67718e-08 2.52185e-08 1.6936e-08 1.11594e-08 7.22667e-09 4.60604e-09 2.89307e-09 1.79271e-09 1.09699e-09 6.6346e-10 3.96899e-10 2.35017e-10 1.3783e-10 8.01049e-11 4.616e-11 2.63857e-11 1.49676e-11 8.42917e-12 4.71438e-12 2.61949e-12 1.44641e-12 7.93919e-13 4.33294e-13 2.3519e-13 1.26994e-13 6.82293e-14 3.6481e-14 1.94157e-14 1.02874e-14 5.42751e-15 2.85168e-15 1.49235e-15 7.77989e-16 4.04077e-16 2.09121e-16 1.07851e-16 5.54361e-17 2.84021e-17 1.45057e-17 7.38589e-18 3.74955e-18 1.89805e-18 9.58127e-19 4.82348e-19 2.42188e-19 1.21292e-19 6.05937e-20 3.01974e-20 1.50135e-20 7.44728e-21 3.68584e-21 1.82023e-21 8.96992e-22 4.4111e-22 2.16482e-22 1.06032e-22 5.18334e-23 2.52907e-23 1.23171e-23 5.98787e-24 2.90582e-24 1.40771e-24 6.80805e-25 3.28711e-25 1.58454e-25 7.62607e-26 3.66459e-26 1.75828e-26 8.42372e-27 4.02981e-27 1.92506e-27 9.18317e-28 4.37465e-28 2.08116e-28 9.88768e-29 4.69156e-29 2.22323e-29 1.05223e-29 4.97391e-30 2.34835e-30 1.10742e-30 5.21618e-31 2.45412e-31 1.15332e-31 5.41409e-32 2.53879e-32 1.18922e-32 5.5647e-33
1.28521e-08 3.71997e-08 6.5915e-08 9.10323e-08 1.07252e-07 1.12868e-07 1.09022e-07 9.83912e-08 8.39974e-08 6.84478e-08 5.36042e-08 4.05592e-08 2.9776e-08 2.12825e-08 1.48522e-08 1.01437e-08 6.79378e-09 4.46976e-09 2.89307e-09 1.84457e-09 1.1598e-09 7.1988e-10 4.41478e-10 2.67716e-10 1.60644e-10 9.54464e-11 5.61834e-11 3.27823e-11 1.89698e-11 1.0891e-11 6.20623e-12 3.5116e-12 1.97355e-12 1.10203e-12 6.116e-13 3.37434e-13 1.85125e-13 1.01019e-13 5.48394e-14 2.96229e-14 1.59254e-14 8.52237e-15 4.54057e-15 2.40886e-15 1.27271e-15 6.69766e-16 3.5112e-16 1.83392e-16 9.54444e-17 4.95012e-17 2.55873e-17 1.31832e-17 6.77089e-18 3.46692e-18 1.76992e-18 9.00968e-19 4.5735e-19 2.31529e-19 1.16899e-19 5.88707e-20 2.95731e-20 1.48195e-20 7.40861e-21 3.69515e-21 1.83885e-21 9.13062e-22 4.52398e-22 2.23681e-22 1.10369e-22 5.43493e-23 2.67111e-23 1.31026e-23 6.41525e-24 3.13527e-24 1.52953e-24 7.44874e-25 3.62129e-25 1.75758e-25 8.51639e-26 4.12e-26 1.99001e-26 9.59714e-27 4.62138e-27 2.22207e-27 1.06687e-27 5.11502e-28 2.44892e-28 1.17086e-28 5.59052e-29 2.66578e-29 1.2695e-29 6.0379e-30 2.86811e-30 1.36073e-30 6.44798e-31 3.05182e-31 1.44274e-31 6.81267e-32 3.21335e-32 1.51397e-32 7.12526e-33
5.26724e-09 1.59346e-08 2.92903e-08 4.17738e-08 5.06648e-08 5.47548e-08 5.42127e-08 5.00736e-08 4.3694e-08 3.63528e-08 2.90391e-08 2.23931e-08 1.6742e-08 1.21783e-08 8.64394e-09 6.00118e-09 4.08369e-09 2.7285e-09 1.79271e-09 1.1598e-09 7.39691e-10 4.65536e-10 2.89393e-10 1.77831e-10 1.081e-10 6.50476e-11 3.87685e-11 2.28983e-11 1.34097e-11 7.78969e-12 4.49041e-12 2.5697e-12 1.46036e-12 8.24442e-13 4.62501e-13 2.57892e-13 1.42972e-13 7.88231e-14 4.3226e-14 2.35841e-14 1.28044e-14 6.91906e-15 3.72185e-15 1.99327e-15 1.06301e-15 5.64593e-16 2.9869e-16 1.57416e-16 8.26567e-17 4.32469e-17 2.25492e-17 1.1718e-17 6.06962e-18 3.13402e-18 1.61329e-18 8.28007e-19 4.23741e-19 2.16245e-19 1.10054e-19 5.58617e-20 2.82811e-20 1.42819e-20 7.19461e-21 3.61568e-21 1.81284e-21 9.06862e-22 4.52646e-22 2.25442e-22 1.12044e-22 5.55711e-23 2.75062e-23 1.3588e-23 6.69947e-24 3.29691e-24 1.61946e-24 7.94056e-25 3.88654e-25 1.89899e-25 9.26291e-26 4.51077e-26 2.19304e-26 1.06451e-26 5.15912e-27 2.49653e-27 1.20627e-27 5.81984e-28 2.80382e-28 1.34888e-28 6.48027e-29 3.10898e-29 1.48957e-29 7.1274e-30 3.40596e-30 1.62553e-30 7.74834e-31 3.68883e-31 1.75406e-31 8.33076e-32 3.95202e-32 1.87264e-32 8.8634e-33
2.1587e-09 6.81286e-09 1.29739e-08 1.90876e-08 2.38093e-08 2.64038e-08 2.67772e-08 2.52958e-08 2.25475e-08 1.91421e-08 1.55887e-08 1.22451e-08 9.3188e-09 6.89548e-09 4.97576e-09 3.51012e-09 2.42585e-09 1.64538e-09 1.09699e-09 7.1988e-10 4.65536e-10 2.96988e-10 1.87076e-10 1.16454e-10 7.16915e-11 4.3677e-11 2.63496e-11 1.57495e-11 9.33159e-12 5.48323e-12 3.19664e-12 1.84968e-12 1.06267e-12 6.06384e-13 3.43775e-13 1.93688e-13 1.0848e-13 6.04116e-14 3.34593e-14 1.84346e-14 1.01055e-14 5.51283e-15 2.99336e-15 1.61803e-15 8.70813e-16 4.66703e-16 2.49112e-16 1.32449e-16 7.01539e-17 3.70222e-17 1.94683e-17 1.02023e-17 5.3286e-18 2.7741e-18 1.43967e-18 7.4486e-19 3.84234e-19 1.97634e-19 1.0137e-19 5.1852e-20 2.64524e-20 1.34598e-20 6.8315e-21 3.45877e-21 1.74697e-21 8.80297e-22 4.42569e-22 2.22005e-22 1.11121e-22 5.55019e-23 2.7664e-23 1.37606e-23 6.8312e-24 3.38464e-24 1.67379e-24 8.26191e-25 4.0707e-25 2.00209e-25 9.82963e-26 4.8178e-26 2.35739e-26 1.1516e-26 5.61656e-27 2.73498e-27 1.32973e-27 6.45528e-28 3.12909e-28 1.51456e-28 7.32031e-29 3.53314e-29 1.70291e-29 8.19656e-30 3.93996e-30 1.89139e-30 9.06802e-31 4.34203e-31 2.0765e-31 9.91834e-32 4.73177e-32 2.25473e-32 1.07315e-32
8.84714e-10 2.90785e-09 5.72973e-09 8.68719e-09 1.11352e-08 1.26617e-08 1.31436e-08 1.26913e-08 1.1549e-08 9.99955e-09 8.29767e-09 6.63625e-09 5.13847e-09 3.86614e-09 2.83508e-09 2.03141e-09 1.42529e-09 9.81023e-10 6.6346e-10 4.41478e-10 2.89393e-10 1.87076e-10 1.19374e-10 7.52545e-11 4.69048e-11 2.89242e-11 1.76578e-11 1.06779e-11 6.39931e-12 3.80262e-12 2.24143e-12 1.31108e-12 7.61298e-13 4.38986e-13 2.5145e-13 1.43116e-13 8.09605e-14 4.55324e-14 2.54643e-14 1.41646e-14 7.83836e-15 4.31601e-15 2.36513e-15 1.29009e-15 7.00559e-16 3.7879e-16 2.03959e-16 1.09381e-16 5.84314e-17 3.10967e-17 1.64891e-17 8.71246e-18 4.58768e-18 2.40768e-18 1.25951e-18 6.56804e-19 3.41464e-19 1.76997e-19 9.14808e-20 4.71491e-20 2.42342e-20 1.2423e-20 6.35175e-21 3.23938e-21 1.648e-21 8.36383e-22 4.2348e-22 2.13926e-22 1.07825e-22 5.42281e-23 2.72145e-23 1.36291e-23 6.81155e-24 3.39747e-24 1.69128e-24 8.40316e-25 4.16731e-25 2.06287e-25 1.01931e-25 5.02778e-26 2.47569e-26 1.21697e-26 5.97237e-27 2.92621e-27 1.43144e-27 6.99131e-28 3.4094e-28 1.66014e-28 8.07175e-29 3.91887e-29 1.89992e-29 9.19815e-30 4.44702e-30 2.14709e-30 1.03527e-30 4.98532e-31 2.39758e-31 1.15161e-31 5.5246e-32 2.64707e-32 1.2668e-32
3.62588e-10 1.23916e-09 2.52352e-09 3.93924e-09 5.18447e-09 6.04046e-09 6.41419e-09 6.32687e-09 5.87466e-09 5.18495e-09 4.382e-09 3.56666e-09 2.80868e-09 2.14789e-09 1.60002e-09 1.16404e-09 8.28865e-10 5.78745e-10 3.96899e-10 2.67716e-10 1.77831e-10 1.16454e-10 7.52545e-11 4.80311e-11 3.03012e-11 1.89081e-11 1.16779e-11 7.14267e-12 4.32874e-12 2.60063e-12 1.54954e-12 9.16027e-13 5.37478e-13 3.13119e-13 1.81174e-13 1.04147e-13 5.94952e-14 3.37845e-14 1.90747e-14 1.07102e-14 5.98187e-15 3.32396e-15 1.83797e-15 1.01149e-15 5.54108e-16 3.02211e-16 1.64124e-16 8.87651e-17 4.78164e-17 2.56585e-17 1.3717e-17 7.30653e-18 3.87822e-18 2.05149e-18 1.08159e-18 5.68407e-19 2.97778e-19 1.55526e-19 8.0989e-20 4.20528e-20 2.17743e-20 1.12436e-20 5.79036e-21 2.97425e-21 1.52387e-21 7.78834e-22 3.97093e-22 2.01983e-22 1.02504e-22 5.19022e-23 2.62227e-23 1.32202e-23 6.65093e-24 3.33915e-24 1.67308e-24 8.36645e-25 4.1757e-25 2.08017e-25 1.03435e-25 5.13388e-26 2.54364e-26 1.25809e-26 6.21192e-27 3.06207e-27 1.50692e-27 7.40405e-28 3.63214e-28 1.77903e-28 8.70046e-29 4.24868e-29 2.07171e-29 1.00874e-29 4.90471e-30 2.38147e-30 1.15474e-30 5.59164e-31 2.70409e-31 1.30599e-31 6.29949e-32 3.03477e-32 1.46019e-32
1.48602e-10 5.27284e-10 1.10861e-09 1.78017e-09 2.40382e-09 2.86782e-09 3.11325e-09 3.1353e-09 2.96899e-09 2.66988e-09 2.29711e-09 1.90201e-09 1.52268e-09 1.1831e-09 8.94967e-10 6.60858e-10 4.77409e-10 3.38051e-10 2.35017e-10 1.60644e-10 1.081e-10 7.16915e-11 4.69048e-11 3.03012e-11 1.93436e-11 1.22114e-11 7.62814e-12 4.71799e-12 2.89076e-12 1.75548e-12 1.05708e-12 6.31427e-13 3.74292e-13 2.20254e-13 1.28707e-13 7.47109e-14 4.30911e-14 2.47018e-14 1.40772e-14 7.9772e-15 4.49598e-15 2.52074e-15 1.40619e-15 7.80639e-16 4.31342e-16 2.37262e-16 1.29938e-16 7.08614e-17 3.84862e-17 2.082e-17 1.12199e-17 6.02397e-18 3.22262e-18 1.71796e-18 9.12727e-19 4.83318e-19 2.55112e-19 1.34237e-19 7.04196e-20 3.68324e-20 1.92095e-20 9.9904e-21 5.18158e-21 2.6803e-21 1.38285e-21 7.11649e-22 3.65326e-22 1.87088e-22 9.55839e-23 4.87216e-23 2.47788e-23 1.25742e-23 6.36714e-24 3.21731e-24 1.62235e-24 8.16434e-25 4.10051e-25 2.05548e-25 1.02841e-25 5.13585e-26 2.56016e-26 1.27394e-26 6.32803e-27 3.13793e-27 1.55342e-27 7.67742e-28 3.78825e-28 1.86626e-28 9.17966e-29 4.50833e-29 2.21081e-29 1.08254e-29 5.29307e-30 2.58434e-30 1.26004e-30 6.13505e-31 2.98308e-31 1.44854e-31 7.02473e-32 3.40226e-32 1.64572e-32
6.09023e-11 2.24064e-10 4.8587e-10 8.01911e-10 1.11022e-09 1.35542e-09 1.50342e-09 1.54505e-09 1.49143e-09 1.36589e-09 1.19587e-09 1.0069e-09 8.19178e-10 6.46454e-10 4.96417e-10 3.71934e-10 2.72508e-10 1.95627e-10 1.3783e-10 9.54464e-11 6.50476e-11 4.3677e-11 2.89242e-11 1.89081e-11 1.22114e-11 7.79695e-12 4.92512e-12 3.07965e-12 1.90729e-12 1.17051e-12 7.12171e-13 4.29755e-13 2.5731e-13 1.52915e-13 9.02281e-14 5.28775e-14 3.07866e-14 1.78128e-14 1.02445e-14 5.85787e-15 3.33101e-15 1.88405e-15 1.06016e-15 5.93596e-16 3.30774e-16 1.83469e-16 1.01309e-16 5.57005e-17 3.04966e-17 1.66297e-17 9.03255e-18 4.88747e-18 2.63483e-18 1.41536e-18 7.57647e-19 4.04202e-19 2.14933e-19 1.13925e-19 6.01981e-20 3.17126e-20 1.66571e-20 8.7241e-21 4.55643e-21 2.37325e-21 1.23284e-21 6.38761e-22 3.30119e-22 1.70187e-22 8.7525e-23 4.49067e-23 2.29872e-23 1.17404e-23 5.98298e-24 3.04239e-24 1.54381e-24 7.81763e-25 3.95071e-25 1.99258e-25 1.00302e-25 5.03939e-26 2.52717e-26 1.26502e-26 6.32095e-27 3.15285e-27 1.56991e-27 7.80386e-28 3.87279e-28 1.9188e-28 9.49162e-29 4.68779e-29 2.31167e-29 1.13822e-29 5.59599e-30 2.74722e-30 1.34674e-30 6.59268e-31 3.22282e-31 1.57331e-31 7.67027e-32 3.73449e-32 1.81588e-32
2.496e-11 9.50935e-11 2.12473e-10 3.60162e-10 5.10901e-10 6.37906e-10 7.22573e-10 7.57404e-10 7.44943e-10 6.94518e-10 6.18529e-10 5.29385e-10 4.37529e-10 3.50565e-10 2.73188e-10 2.07618e-10 1.54234e-10 1.12219e-10 8.01049e-11 5.61834e-11 3.87685e-11 2.63496e-11 1.76578e-11 1.16779e-11 7.62814e-12 4.92512e-12 3.14524e-12 1.98789e-12 1.24416e-12 7.71481e-13 4.7418e-13 2.89013e-13 1.74751e-13 1.0486e-13 6.24652e-14 3.69521e-14 2.17141e-14 1.26784e-14 7.35735e-15 4.2444e-15 2.4347e-15 1.38901e-15 7.88274e-16 4.45088e-16 2.50086e-16 1.39855e-16 7.78543e-17 4.31487e-17 2.38119e-17 1.30865e-17 7.16322e-18 3.90574e-18 2.12157e-18 1.14821e-18 6.19213e-19 3.32779e-19 1.78243e-19 9.51587e-20 5.06411e-20 2.68666e-20 1.42106e-20 7.49435e-21 3.94106e-21 2.0667e-21 1.08084e-21 5.63752e-22 2.93285e-22 1.52191e-22 7.87798e-23 4.06808e-23 2.09574e-23 1.07716e-23 5.52389e-24 2.82649e-24 1.44314e-24 7.35278e-25 3.73847e-25 1.89694e-25 9.60614e-26 4.85509e-26 2.44916e-26 1.23317e-26 6.1977e-27 3.10925e-27 1.55709e-27 7.7843e-28 3.88495e-28 1.93565e-28 9.62844e-29 4.78174e-29 2.37099e-29 1.17381e-29 5.80233e-30 2.86389e-30 1.41147e-30 6.94633e-31 3.41367e-31 1.67525e-31 8.20989e-32 4.01798e-32 1.96381e-32
1.02295e-11 4.03105e-11 9.27239e-11 1.61308e-10 2.34303e-10 2.9903e-10 3.45731e-10 3.69463e-10 3.70098e-10 3.51118e-10 3.17963e-10 2.76532e-10 2.32101e-10 1.88757e-10 1.49227e-10 1.15003e-10 8.65976e-11 6.38421e-11 4.616e-11 3.27823e-11 2.28983e-11 1.57495e-11 1.06779e-11 7.14267e-12 4.71799e-12 3.07965e-12 1.98789e-12 1.26969e-12 8.02909e-13 5.02946e-13 3.12226e-13 1.92177e-13 1.17325e-13 7.10732e-14 4.27358e-14 2.55147e-14 1.51298e-14 8.91334e-15 5.21827e-15 3.03667e-15 1.75693e-15 1.01086e-15 5.78486e-16 3.29341e-16 1.86565e-16 1.05176e-16 5.90169e-17 3.29668e-17 1.8335e-17 1.01543e-17 5.6006e-18 3.07677e-18 1.68377e-18 9.17999e-19 4.98682e-19 2.69942e-19 1.45622e-19 7.82947e-20 4.19591e-20 2.24153e-20 1.19378e-20 6.33873e-21 3.35589e-21 1.77163e-21 9.32671e-22 4.89671e-22 2.56406e-22 1.33915e-22 6.97635e-23 3.62539e-23 1.87945e-23 9.72035e-24 5.01567e-24 2.58222e-24 1.32647e-24 6.79924e-25 3.47779e-25 1.77518e-25 9.04272e-26 4.59716e-26 2.33255e-26 1.18125e-26 5.97082e-27 3.0125e-27 1.51717e-27 7.62734e-28 3.82785e-28 1.91776e-28 9.59193e-29 4.78963e-29 2.38778e-29 1.1885e-29 5.90639e-30 2.93075e-30 1.45205e-30 7.18357e-31 3.54867e-31 1.75052e-31 8.62297e-32 4.24174e-32 2.08371e-32
4.19241e-12 1.70689e-11 4.03867e-11 7.20568e-11 1.07108e-10 1.39653e-10 1.64727e-10 1.79389e-10 1.82944e-10 1.76549e-10 1.62511e-10 1.4357e-10 1.22336e-10 1.00951e-10 8.09436e-11 6.32387e-11 4.82553e-11 3.60372e-11 2.63857e-11 1.89698e-11 1.34097e-11 9.33159e-12 6.39931e-12 4.32874e-12 2.89076e-12 1.90729e-12 1.24416e-12 8.02909e-13 5.12906e-13 3.24502e-13 2.03432e-13 1.26425e-13 7.79181e-14 4.76433e-14 2.89119e-14 1.74182e-14 1.04212e-14 6.19357e-15 3.65755e-15 2.14671e-15 1.25254e-15 7.2668e-16 4.19291e-16 2.40654e-16 1.37422e-16 7.80879e-17 4.41614e-17 2.48601e-17 1.39324e-17 7.77459e-18 4.32028e-18 2.39103e-18 1.3181e-18 7.2386e-19 3.96049e-19 2.15912e-19 1.17296e-19 6.35051e-20 3.42684e-20 1.84321e-20 9.88302e-21 5.28291e-21 2.81552e-21 1.49616e-21 7.92799e-22 4.18932e-22 2.20773e-22 1.16038e-22 6.08323e-23 3.18104e-23 1.65933e-23 8.63474e-24 4.4827e-24 2.32181e-24 1.19986e-24 6.18695e-25 3.18331e-25 1.63441e-25 8.37413e-26 4.28187e-26 2.18504e-26 1.11285e-26 5.65691e-27 2.87014e-27 1.45354e-27 7.34786e-28 3.70786e-28 1.86779e-28 9.3926e-29 4.71535e-29 2.36332e-29 1.18257e-29 5.90794e-30 2.94689e-30 1.46765e-30 7.29832e-31 3.62389e-31 1.79676e-31 8.89568e-32 4.39797e-32 2.17129e-32
1.7182e-12 7.22015e-12 1.75588e-11 3.21086e-11 4.88149e-11 6.49907e-11 7.81744e-11 8.67185e-11 9.00003e-11 8.83179e-11 8.26066e-11 7.41085e-11 6.40898e-11 5.3648e-11 4.36146e-11 3.45347e-11 2.66976e-11 2.0192e-11 1.49676e-11 1.0891e-11 7.78969e-12 5.48323e-12 3.80262e-12 2.60063e-12 1.75548e-12 1.17051e-12 7.71481e-13 5.02946e-13 3.24502e-13 2.07324e-13 1.31229e-13 8.23289e-14 5.12156e-14 3.16043e-14 1.93527e-14 1.17633e-14 7.09988e-15 4.25625e-15 2.53499e-15 1.50041e-15 8.82737e-16 5.16342e-16 3.00344e-16 1.73766e-16 1.00012e-16 5.72746e-17 3.26411e-17 1.85152e-17 1.04549e-17 5.87765e-18 3.29029e-18 1.83429e-18 1.0185e-18 5.63328e-19 3.10398e-19 1.70404e-19 9.32158e-20 5.08145e-20 2.76069e-20 1.49491e-20 8.06899e-21 4.34175e-21 2.32909e-21 1.24571e-21 6.64337e-22 3.53289e-22 1.87358e-22 9.90924e-23 5.22714e-23 2.75023e-23 1.44338e-23 7.5565e-24 3.94653e-24 2.0563e-24 1.06894e-24 5.54425e-25 2.86926e-25 1.48169e-25 7.6352e-26 3.92629e-26 2.01492e-26 1.03197e-26 5.27499e-27 2.69118e-27 1.37039e-27 6.96534e-28 3.53388e-28 1.78972e-28 9.04814e-29 4.56653e-29 2.3008e-29 1.15731e-29 5.81185e-30 2.91395e-30 1.4587e-30 7.29081e-31 3.63852e-31 1.8131e-31 9.02154e-32 4.48238e-32 2.22391e-32
7.04181e-13 3.05116e-12 7.62093e-12 1.42744e-11 2.2184e-11 3.01443e-11 3.69598e-11 4.17469e-11 4.40766e-11 4.39666e-11 4.17732e-11 3.80447e-11 3.33825e-11 2.83382e-11 2.3353e-11 1.87362e-11 1.46706e-11 1.12345e-11 8.42917e-12 6.20623e-12 4.49041e-12 3.19664e-12 2.24143e-12 1.54954e-12 1.05708e-12 7.12171e-13 4.7418e-13 3.12226e-13 2.03432e-13 1.31229e-13 8.38524e-14 5.30983e-14 3.33355e-14 2.07571e-14 1.28238e-14 7.8633e-15 4.78706e-15 2.89425e-15 1.7383e-15 1.03741e-15 6.15342e-16 3.62845e-16 2.12744e-16 1.24055e-16 7.19569e-17 4.15252e-17 2.38454e-17 1.36277e-17 7.75233e-18 4.39031e-18 2.47555e-18 1.39001e-18 7.77304e-19 4.32952e-19 2.40223e-19 1.32789e-19 7.31356e-20 4.0138e-20 2.19525e-20 1.19662e-20 6.50139e-21 3.52105e-21 1.90103e-21 1.02326e-21 5.49166e-22 2.93877e-22 1.56821e-22 8.34542e-23 4.42919e-23 2.34455e-23 1.23788e-23 6.5194e-24 3.42506e-24 1.79509e-24 9.38602e-25 4.89639e-25 2.54854e-25 1.32357e-25 6.85902e-26 3.54696e-26 1.8304e-26 9.42652e-27 4.84493e-27 2.48526e-27 1.27239e-27 6.50203e-28 3.31644e-28 1.68851e-28 8.58146e-29 4.35367e-29 2.20496e-29 1.11484e-29 5.62727e-30 2.83579e-30 1.42676e-30 7.16709e-31 3.59466e-31 1.80016e-31 9.00136e-32 4.49432e-32 2.24072e-32
2.88599e-13 1.28822e-12 3.30232e-12 6.33194e-12 1.00543e-11 1.39376e-11 1.74119e-11 2.00183e-11 2.14937e-11 2.17869e-11 2.10207e-11 1.94294e-11 1.7293e-11 1.48833e-11 1.24295e-11 1.01019e-11 8.0098e-12 6.20911e-12 4.71438e-12 3.5116e-12 2.5697e-12 1.84968e-12 1.31108e-12 9.16027e-13 6.31427e-13 4.29755e-13 2.89013e-13 1.92177e-13 1.26425e-13 8.23289e-14 5.30983e-14 3.39328e-14 2.14961e-14 1.35042e-14 8.41615e-15 5.20523e-15 3.19586e-15 1.94844e-15 1.17994e-15 7.09939e-16 4.24498e-16 2.52304e-16 1.49094e-16 8.76145e-17 5.12097e-17 2.97763e-17 1.72268e-17 9.91806e-18 5.68334e-18 3.2419e-18 1.84109e-18 1.04109e-18 5.86265e-19 3.28811e-19 1.83693e-19 1.02231e-19 5.66843e-20 3.13166e-20 1.7241e-20 9.45941e-21 5.17272e-21 2.81944e-21 1.53191e-21 8.2978e-22 4.48109e-22 2.41284e-22 1.29547e-22 6.93596e-23 3.70337e-23 1.97208e-23 1.04741e-23 5.54876e-24 2.93216e-24 1.54567e-24 8.12837e-25 4.26452e-25 2.23223e-25 1.16582e-25 6.07522e-26 3.15904e-26 1.63918e-26 8.48783e-27 4.38612e-27 2.26202e-27 1.16429e-27 5.98117e-28 3.06685e-28 1.56961e-28 8.01866e-29 4.08915e-29 2.08162e-29 1.05784e-29 5.3666e-30 2.71804e-30 1.37435e-30 6.93812e-31 3.497e-31 1.75984e-31 8.84267e-32 4.43648e-32 2.22253e-32
1.18278e-13 5.43425e-13 1.42879e-12 2.80294e-12 4.54515e-12 6.42497e-12 8.17517e-12 9.56326e-12 1.04388e-11 1.0749e-11 1.05285e-11 9.8737e-12 8.91172e-12 7.77423e-12 6.57801e-12 5.41445e-12 4.34637e-12 3.40992e-12 2.61949e-12 1.97355e-12 1.46036e-12 1.06267e-12 7.61298e-13 5.37478e-13 3.74292e-13 2.5731e-13 1.74751e-13 1.17325e-13 7.79181e-14 5.12156e-14 3.33355e-14 2.14961e-14 1.37388e-14 8.70663e-15 5.47303e-15 3.41377e-15 2.11353e-15 1.29923e-15 7.93208e-16 4.81092e-16 2.89946e-16 1.73683e-16 1.03429e-16 6.12446e-17 3.60672e-17 2.11281e-17 1.23137e-17 7.14111e-18 4.12158e-18 2.36781e-18 1.35418e-18 7.71098e-19 4.37225e-19 2.46897e-19 1.38865e-19 7.78006e-20 4.34244e-20 2.41485e-20 1.33812e-20 7.38902e-21 4.06636e-21 2.23044e-21 1.21948e-21 6.64655e-22 3.61148e-22 1.95647e-22 1.0568e-22 5.69212e-23 3.05733e-23 1.63768e-23 8.74894e-24 4.66178e-24 2.47765e-24 1.31354e-24 6.94687e-25 3.66518e-25 1.92923e-25 1.01316e-25 5.30877e-26 2.77558e-26 1.44802e-26 7.53839e-27 3.91633e-27 2.03046e-27 1.05061e-27 5.42548e-28 2.79639e-28 1.43858e-28 7.38698e-29 3.78623e-29 1.93717e-29 9.89385e-30 5.04442e-30 2.56755e-30 1.30467e-30 6.61862e-31 3.35222e-31 1.69515e-31 8.55863e-32 4.31451e-32 2.17171e-32
