0.851253 0.0326897 0.0165677 0.00868977 0.00468846 0.00258595 0.00144944 0.000821241 0.00046828 0.000267775 0.000153143 8.74252e-05 4.97502e-05 2.81956e-05 1.59056e-05 8.92846e-06 4.98661e-06 2.77103e-06 1.53224e-06 8.43197e-07 4.61883e-07 2.51899e-07 1.36807e-07 7.40072e-08 3.98852e-08 2.14184e-08 1.14602e-08 6.10579e-09 3.22982e-09 1.67709e-09 8.87667e-10
0.0326897 0.00222982 0.00115111 0.000607691 0.000324818 0.000174514 9.3794e-05 5.02816e-05 2.68433e-05 1.42599e-05 7.53607e-06 3.96221e-06 2.07296e-06 1.07955e-06 5.59806e-07 2.89159e-07 1.4883e-07 7.63554e-08 3.90591e-08 1.99278e-08 1.0143e-08 5.15157e-09 2.61138e-09 1.32134e-09 6.67351e-10 3.36228e-10 1.68557e-10 8.32924e-11 3.91787e-11 1.50635e-11 7.50533e-12
0.0165677 0.00115111 0.000585672 0.000304675 0.000160657 8.52972e-05 4.53843e-05 2.41263e-05 1.27906e-05 6.75565e-06 3.55315e-06 1.86067e-06 9.70214e-07 5.03834e-07 2.60639e-07 1.34352e-07 6.90281e-08 3.53597e-08 1.80638e-08 9.20526e-09 4.68047e-09 2.37496e-09 1.20281e-09 6.07986e-10 3.06543e-10 1.53778e-10 7.60487e-11 3.58431e-11 1.39437e-11 6.89257e-12 3.43595e-12
0.00868977 0.000607691 0.000304675 0.00015607 8.10935e-05 4.24869e-05 2.23463e-05 1.17627e-05 6.18432e-06 3.2436e-06 1.69596e-06 8.83725e-07 4.58871e-07 2.37442e-07 1.22457e-07 6.29573e-08 3.22732e-08 1.64994e-08 8.41428e-09 4.28137e-09 2.17393e-09 1.10169e-09 5.57196e-10 2.8108e-10 1.4107e-10 6.97997e-11 3.29439e-11 1.29311e-11 6.40457e-12 3.16668e-12 1.57936e-12
0.00468846 0.000324818 0.000160657 8.10935e-05 4.15278e-05 2.14657e-05 1.11546e-05 5.81001e-06 3.02704e-06 1.57536e-06 8.18264e-07 4.23976e-07 2.19087e-07 1.12898e-07 5.80177e-08 2.9736e-08 1.52025e-08 7.75392e-09 3.94618e-09 2.00422e-09 1.01596e-09 5.13969e-10 2.59337e-10 1.30186e-10 6.44331e-11 3.04454e-11 1.20486e-11 5.96213e-12 2.95391e-12 1.46089e-12 7.2895e-13
0.00258595 0.000174514 8.52972e-05 4.24869e-05 2.14657e-05 1.09533e-05 5.62481e-06 2.8989e-06 1.49634e-06 7.7246e-07 3.98421e-07 2.05191e-07 1.05477e-07 5.41074e-08 2.76963e-08 1.41467e-08 7.2108e-09 3.66814e-09 1.86245e-09 9.43896e-10 4.77449e-10 2.40886e-10 1.20914e-10 5.98462e-11 2.83034e-11 1.12887e-11 5.57677e-12 2.76046e-12 1.36807e-12 6.76756e-13 3.3783e-13
0.00144944 9.3794e-05 4.53843e-05 2.23463e-05 1.11546e-05 5.62481e-06 2.85648e-06 1.45724e-06 7.45356e-07 3.81675e-07 1.95466e-07 1.00041e-07 5.11462e-08 2.61122e-08 1.33106e-08 6.77393e-09 3.44166e-09 1.74576e-09 8.84081e-10 4.46916e-10 2.25365e-10 1.13074e-10 5.59506e-11 2.64776e-11 1.06389e-11 5.2456e-12 2.5921e-12 1.28343e-12 6.36247e-13 3.14805e-13 1.5721e-13
0.000821241 5.02816e-05 2.41263e-05 1.17627e-05 5.81001e-06 2.8989e-06 1.45724e-06 7.36383e-07 3.73388e-07 1.8971e-07 9.64785e-08 4.90734e-08 2.49516e-08 1.26772e-08 6.43452e-09 3.26222e-09 1.65186e-09 8.35329e-10 4.21769e-10 2.12472e-10 1.06515e-10 5.26712e-11 2.49328e-11 1.00869e-11 4.96322e-12 2.44774e-12 1.20985e-12 5.99194e-13 2.9712e-13 1.47039e-13 7.34557e-14
0.00046828 2.68433e-05 1.27906e-05 6.18432e-06 3.02704e-06 1.49634e-06 7.45356e-07 3.73388e-07 1.87804e-07 9.47153e-08 4.78464e-08 2.41906e-08 1.22337e-08 6.18574e-09 3.12622e-09 1.57886e-09 7.96679e-10 4.01519e-10 2.01956e-10 1.01108e-10 4.99451e-11 2.36397e-11 9.62231e-12 4.72437e-12 2.32508e-12 1.14692e-12 5.67022e-13 2.80892e-13 1.39317e-13 6.89573e-14 3.44592e-14
0.000267775 1.42599e-05 6.75565e-06 3.2436e-06 1.57536e-06 7.7246e-07 3.81675e-07 1.8971e-07 9.47153e-08 4.74402e-08 2.3814e-08 1.19711e-08 6.02261e-09 3.03097e-09 1.52534e-09 7.67375e-10 3.8577e-10 1.93614e-10 9.67519e-11 4.77203e-11 2.25735e-11 9.23608e-12 4.52448e-12 2.22183e-12 1.09367e-12 5.39599e-13 2.66824e-13 1.32207e-13 6.55848e-14 3.24671e-14 1.62286e-14
0.000153143 7.53607e-06 3.55315e-06 1.69596e-06 8.18264e-07 3.98421e-07 1.95466e-07 9.64785e-08 4.78464e-08 2.3814e-08 1.18842e-08 5.94185e-09 2.97456e-09 1.49023e-09 7.46842e-10 3.74217e-10 1.87286e-10 9.3362e-11 4.59545e-11 2.1714e-11 8.92087e-12 4.35971e-12 2.13603e-12 1.04912e-12 5.16504e-13 2.54878e-13 1.26055e-13 6.2469e-14 3.09945e-14 1.53454e-14 7.67194e-15
8.74252e-05 3.96221e-06 1.86067e-06 8.83725e-07 4.23976e-07 2.05191e-07 1.00041e-07 4.90734e-08 2.41906e-08 1.19711e-08 5.94185e-09 2.95588e-09 1.47285e-09 7.3468e-10 3.66637e-10 1.82851e-10 9.08742e-11 4.46145e-11 2.10449e-11 8.6707e-12 4.22692e-12 2.06603e-12 1.0124e-12 4.97314e-13 2.44875e-13 1.20856e-13 5.97801e-14 2.96292e-14 1.47026e-14 7.27991e-15 3.64016e-15
4.97502e-05 2.07296e-06 9.70214e-07 4.58871e-07 2.19087e-07 1.05477e-07 5.11462e-08 2.49516e-08 1.22337e-08 6.02261e-09 2.97456e-09 1.47285e-09 7.30652e-10 3.62883e-10 1.80223e-10 8.92414e-11 4.36749e-11 2.05538e-11 8.48083e-12 4.12357e-12 2.01048e-12 9.82811e-13 4.8166e-13 2.36633e-13 1.16532e-13 5.75195e-14 2.84545e-14 1.41045e-14 6.99956e-15 3.46598e-15 1.73327e-15
2.81956e-05 1.07955e-06 5.03834e-07 2.37442e-07 1.12898e-07 5.41074e-08 2.61122e-08 1.26772e-08 6.18574e-09 3.03097e-09 1.49023e-09 7.3468e-10 3.62883e-10 1.79353e-10 8.84327e-11 4.31181e-11 2.02314e-11 8.3477e-12 4.04772e-12 1.96833e-12 9.59791e-13 4.69243e-13 2.29994e-13 1.13005e-13 5.56551e-14 2.74734e-14 1.35919e-14 6.73771e-15 3.34385e-15 1.65582e-15 8.28083e-16
1.59056e-05 5.59806e-07 2.60639e-07 1.22457e-07 5.80177e-08 2.76963e-08 1.33106e-08 6.43452e-09 3.12622e-09 1.52534e-09 7.46842e-10 3.66637e-10 1.80223e-10 8.84327e-11 4.29336e-11 2.00717e-11 8.2688e-12 3.99793e-12 1.93878e-12 9.42899e-13 4.59823e-13 2.2483e-13 1.10208e-13 5.41534e-14 2.66723e-14 1.31671e-14 6.51438e-15 3.22935e-15 1.6027e-15 7.93627e-16 3.96895e-16
8.92846e-06 2.89159e-07 1.34352e-07 6.29573e-08 2.9736e-08 1.41467e-08 6.77393e-09 3.26222e-09 1.57886e-09 7.67375e-10 3.74217e-10 1.82851e-10 8.92414e-11 4.31181e-11 2.00717e-11 8.24266e-12 3.97327e-12 1.92127e-12 9.31813e-13 4.5322e-13 2.21041e-13 1.08086e-13 5.29855e-14 2.6037e-14 1.28245e-14 6.33104e-15 3.13226e-15 1.55272e-15 7.70579e-16 3.81561e-16 1.9081e-16
4.98661e-06 1.4883e-07 6.90281e-08 3.22732e-08 1.52025e-08 7.2108e-09 3.44166e-09 1.65186e-09 7.96679e-10 3.8577e-10 1.87286e-10 9.08742e-11 4.36749e-11 2.02314e-11 8.2688e-12 3.97327e-12 1.91547e-12 9.26322e-13 4.49307e-13 2.18555e-13 1.066e-13 5.21289e-14 2.55553e-14 1.25581e-14 6.18545e-15 3.0535e-15 1.51065e-15 7.48816e-16 3.71595e-16 1.83987e-16 9.19981e-17
2.77103e-06 7.63554e-08 3.53597e-08 1.64994e-08 7.75392e-09 3.66814e-09 1.74576e-09 8.35329e-10 4.01519e-10 1.93614e-10 9.3362e-11 4.46145e-11 2.05538e-11 8.3477e-12 3.99793e-12 1.92127e-12 9.26322e-13 4.48012e-13 2.17324e-13 1.05719e-13 5.15668e-14 2.52177e-14 1.23627e-14 6.07504e-15 2.99215e-15 1.47702e-15 7.3067e-16 3.62153e-16 1.79697e-16 8.89638e-17 4.44776e-17
1.53224e-06 3.90591e-08 1.80638e-08 8.41428e-09 3.94618e-09 1.86245e-09 8.84081e-10 4.21769e-10 2.01956e-10 9.67519e-11 4.59545e-11 2.10449e-11 8.48083e-12 4.04772e-12 1.93878e-12 9.31813e-13 4.49307e-13 2.17324e-13 1.05427e-13 5.12885e-14 2.50178e-14 1.22345e-14 5.99768e-15 2.94715e-15 1.45147e-15 7.1643e-16 3.54373e-16 1.75621e-16 8.7129e-17 4.31299e-17 2.15588e-17
8.43197e-07 1.99278e-08 9.20526e-09 4.28137e-09 2.00422e-09 9.43896e-10 4.46916e-10 2.12472e-10 1.01108e-10 4.77203e-11 2.1714e-11 8.6707e-12 4.12357e-12 1.96833e-12 9.42899e-13 4.5322e-13 2.18555e-13 1.05719e-13 5.12885e-14 2.49515e-14 1.2171e-14 5.95187e-15 2.91763e-15 1.43357e-15 7.05964e-16 3.48413e-16 1.72313e-16 8.53813e-17 4.2352e-17 2.09614e-17 1.04753e-17
4.61883e-07 1.0143e-08 4.68047e-09 2.17393e-09 1.01596e-09 4.77449e-10 2.25365e-10 1.06515e-10 4.99451e-11 2.25735e-11 8.92087e-12 4.22692e-12 2.01048e-12 9.59791e-13 4.59823e-13 2.21041e-13 1.066e-13 5.15668e-14 2.50178e-14 1.2171e-14 5.9367e-15 2.90302e-15 1.42296e-15 6.99096e-16 3.44227e-16 1.6986e-16 8.3992e-17 4.16098e-17 2.06356e-17 1.02113e-17 5.10163e-18
2.51899e-07 5.15157e-09 2.37496e-09 1.10169e-09 5.13969e-10 2.40886e-10 1.13074e-10 5.26712e-11 2.36397e-11 9.23608e-12 4.35971e-12 2.06603e-12 9.82811e-13 4.69243e-13 2.2483e-13 1.08086e-13 5.21289e-14 2.52177e-14 1.22345e-14 5.95187e-15 2.90302e-15 1.41945e-15 6.95696e-16 3.41747e-16 1.68245e-16 8.30058e-17 4.1036e-17 2.03247e-17 1.00772e-17 4.98555e-18 2.49004e-18
1.36807e-07 2.61138e-09 1.20281e-09 5.57196e-10 2.59337e-10 1.20914e-10 5.59506e-11 2.49328e-11 9.62231e-12 4.52448e-12 2.13603e-12 1.0124e-12 4.8166e-13 2.29994e-13 1.10208e-13 5.29855e-14 2.55553e-14 1.23627e-14 5.99768e-15 2.91763e-15 1.42296e-15 6.95696e-16 3.40925e-16 1.67445e-16 8.24195e-17 4.06539e-17 2.00934e-17 9.94947e-18 4.93174e-18 2.43933e-18 1.21791e-18
7.40072e-08 1.32134e-09 6.07986e-10 2.8108e-10 1.30186e-10 5.98462e-11 2.64776e-11 1.00869e-11 4.72437e-12 2.22183e-12 1.04912e-12 4.97314e-13 2.36633e-13 1.13005e-13 5.41534e-14 2.6037e-14 1.25581e-14 6.07504e-15 2.94715e-15 1.43357e-15 6.99096e-16 3.41747e-16 1.67445e-16 8.22252e-17 4.04638e-17 1.99541e-17 9.85981e-18 4.88078e-18 2.41858e-18 1.19596e-18 5.96895e-19
3.98852e-08 6.67351e-10 3.06543e-10 1.4107e-10 6.44331e-11 2.83034e-11 1.06389e-11 4.96322e-12 2.32508e-12 1.09367e-12 5.16504e-13 2.44875e-13 1.16532e-13 5.56551e-14 2.66723e-14 1.28245e-14 6.18545e-15 2.99215e-15 1.45147e-15 7.05964e-16 3.44227e-16 1.68245e-16 8.24195e-17 4.04638e-17 1.99078e-17 9.81453e-18 4.84816e-18 2.39917e-18 1.18848e-18 5.87522e-19 2.9311e-19
2.14184e-08 3.36228e-10 1.53778e-10 6.97997e-11 3.04454e-11 1.12887e-11 5.2456e-12 2.44774e-12 1.14692e-12 5.39599e-13 2.54878e-13 1.20856e-13 5.75195e-14 2.74734e-14 1.31671e-14 6.33104e-15 3.0535e-15 1.47702e-15 7.1643e-16 3.48413e-16 1.6986e-16 8.30058e-17 4.06539e-17 1.99541e-17 9.81453e-18 4.83713e-18 2.38867e-18 1.18165e-18 5.85154e-19 2.89181e-19 1.44207e-19
1.14602e-08 1.68557e-10 7.60487e-11 3.29439e-11 1.20486e-11 5.57677e-12 2.5921e-12 1.20985e-12 5.67022e-13 2.66824e-13 1.26055e-13 5.97801e-14 2.84545e-14 1.35919e-14 6.51438e-15 3.13226e-15 1.51065e-15 7.3067e-16 3.54373e-16 1.72313e-16 8.3992e-17 4.1036e-17 2.00934e-17 9.85981e-18 4.84816e-18 2.38867e-18 1.17916e-18 5.83107e-19 2.88647e-19 1.42602e-19 7.10796e-20
6.10579e-09 8.32924e-11 3.58431e-11 1.29311e-11 5.96213e-12 2.76046e-12 1.28343e-12 5.99194e-13 2.80892e-13 1.32207e-13 6.2469e-14 2.96292e-14 1.41045e-14 6.73771e-15 3.22935e-15 1.55272e-15 7.48816e-16 3.62153e-16 1.75621e-16 8.53813e-17 4.16098e-17 2.03247e-17 9.94947e-18 4.88078e-18 2.39917e-18 1.18165e-18 5.83107e-19 2.88242e-19 1.42629e-19 7.04397e-20 3.50936e-20
3.22982e-09 3.91787e-11 1.39437e-11 6.40457e-12 2.95391e-12 1.36807e-12 6.36247e-13 2.9712e-13 1.39317e-13 6.55848e-14 3.09945e-14 1.47026e-14 6.99956e-15 3.34385e-15 1.6027e-15 7.70579e-16 3.71595e-16 1.79697e-16 8.7129e-17 4.2352e-17 2.06356e-17 1.00772e-17 4.93174e-18 2.41858e-18 1.18848e-18 5.85154e-19 2.88647e-19 1.42629e-19 7.05482e-20 3.48295e-20 1.73439e-20
1.67709e-09 1.50635e-11 6.89257e-12 3.16668e-12 1.46089e-12 6.76756e-13 3.14805e-13 1.47039e-13 6.89573e-14 3.24671e-14 1.53454e-14 7.27991e-15 3.46598e-15 1.65582e-15 7.93627e-16 3.81561e-16 1.83987e-16 8.89638e-17 4.31299e-17 2.09614e-17 1.02113e-17 4.98555e-18 2.43933e-18 1.19596e-18 5.87522e-19 2.89181e-19 1.42602e-19 7.04397e-20 3.48295e-20 1.719e-20 8.55646e-21
8.87667e-10 7.50533e-12 3.43595e-12 1.57936e-12 7.2895e-13 3.3783e-13 1.5721e-13 7.34557e-14 3.44592e-14 1.62286e-14 7.67194e-15 3.64016e-15 1.73327e-15 8.28083e-16 3.96895e-16 1.9081e-16 9.19981e-17 4.44776e-17 2.15588e-17 1.04753e-17 5.10163e-18 2.49004e-18 1.21791e-18 5.96895e-19 2.9311e-19 1.44207e-19 7.10796e-20 3.50936e-20 1.73439e-20 8.55646e-21 4.25652e-21
