0.0181637 0.0132546 0.00967224 0.00705812 0.00515052 0.00375849 0.00274268 0.00200142 0.00146049 0.00106577 0.000777721 0.000567526 0.00041414 0.000302211 0.000220532 0.000160929 0.000117435 8.56955e-05 6.25345e-05 4.56333e-05 3.33e-05 2.43e-05 1.77324e-05 1.29399e-05 9.44261e-06 6.89055e-06 5.02824e-06 3.66926e-06 2.67757e-06 1.9539e-06 1.42582e-06 1.04046e-06 7.59256e-07 5.54052e-07 4.04308e-07 2.95036e-07 2.15296e-07 1.57108e-07 1.14646e-07 8.36609e-08 6.10499e-08 4.45499e-08 3.25094e-08 2.37231e-08 1.73114e-08 1.26327e-08 9.21843e-09 6.72696e-09 4.90887e-09 3.58214e-09 2.614e-09 1.90751e-09 1.39197e-09 1.01576e-09 7.41231e-10 5.40898e-10 3.94709e-10 2.88031e-10 2.10185e-10 1.53378e-10 1.11925e-10 8.16747e-11 5.96005e-11 4.34922e-11 3.17376e-11 2.31599e-11 1.69004e-11 1.23327e-11 8.99957e-12 6.56726e-12 4.79232e-12 3.4971e-12 2.55194e-12 1.86222e-12 1.35892e-12 9.91645e-13 7.23633e-13 5.28056e-13 3.85338e-13 2.81193e-13 2.05195e-13 1.49737e-13 1.09267e-13 7.97356e-14 5.81855e-14 4.24597e-14 3.09841e-14 2.261e-14 1.64992e-14 1.204e-14 8.78591e-15 6.41134e-15 4.67855e-15 3.41407e-15 2.49135e-15 1.81801e-15 1.32666e-15 9.68102e-16 7.06453e-16 5.1552e-16 3.7619e-16
0.0132546 0.0106691 0.00851301 0.00674303 0.00530796 0.00415605 0.00323907 0.00251417 0.0019445 0.00149912 0.00115244 0.000883655 0.000675977 0.000516009 0.000393133 0.000298984 0.00022701 0.000172101 0.00013029 9.85088e-05 7.43893e-05 5.61116e-05 4.228e-05 3.18261e-05 2.39347e-05 1.79841e-05 1.35017e-05 1.01285e-05 7.59247e-06 5.6874e-06 4.2575e-06 3.18508e-06 2.38135e-06 1.77941e-06 1.3289e-06 9.91925e-07 7.40029e-07 5.51837e-07 4.11315e-07 3.06441e-07 2.2821e-07 1.69882e-07 1.26413e-07 9.40317e-08 6.99197e-08 5.19726e-08 3.86192e-08 2.86875e-08 2.13033e-08 1.58151e-08 1.17373e-08 8.70855e-09 6.45958e-09 4.79014e-09 3.55125e-09 2.63214e-09 1.95043e-09 1.44495e-09 1.07023e-09 7.92516e-10 5.8674e-10 4.34304e-10 3.21407e-10 2.37811e-10 1.75925e-10 1.3012e-10 9.62232e-11 7.11445e-11 5.25931e-11 3.88727e-11 2.8727e-11 2.12259e-11 1.56811e-11 1.1583e-11 8.55469e-12 6.31719e-12 4.66427e-12 3.44337e-12 2.54171e-12 1.87591e-12 1.38434e-12 1.02146e-12 7.53604e-13 5.55924e-13 4.1005e-13 3.02419e-13 2.23015e-13 1.64441e-13 1.21238e-13 8.93767e-14 6.58816e-14 4.8558e-14 3.57861e-14 2.63709e-14 1.9431e-14 1.43161e-14 1.05467e-14 7.76904e-15 5.72243e-15 4.2146e-15 3.10381e-15
0.00967224 0.00851301 0.00732858 0.00620246 0.00517887 0.00427676 0.0034995 0.0028413 0.00229152 0.0018374 0.00146576 0.00116401 0.000920637 0.000725501 0.000569843 0.00044624 0.000348488 0.000271464 0.000210973 0.000163608 0.000126624 9.78175e-05 7.54331e-05 5.80763e-05 4.4645e-05 3.42705e-05 2.62712e-05 2.01132e-05 1.53801e-05 1.17472e-05 8.96268e-06 6.8311e-06 5.20133e-06 3.95667e-06 3.00715e-06 2.28353e-06 1.73261e-06 1.31358e-06 9.95135e-07 7.53345e-07 5.69907e-07 4.30848e-07 3.2551e-07 2.45774e-07 1.8546e-07 1.39866e-07 1.05423e-07 7.94188e-08 5.97981e-08 4.50022e-08 3.38509e-08 2.54509e-08 1.91266e-08 1.43675e-08 1.0788e-08 8.09689e-09 6.07466e-09 4.55571e-09 3.41528e-09 2.55938e-09 1.9173e-09 1.43579e-09 1.07485e-09 8.04375e-10 6.01769e-10 4.50055e-10 3.36488e-10 2.51503e-10 1.87928e-10 1.40383e-10 1.04838e-10 7.82721e-11 5.84225e-11 4.35954e-11 3.25232e-11 2.4257e-11 1.80875e-11 1.3484e-11 1.00498e-11 7.48855e-12 5.57883e-12 4.15523e-12 3.09425e-12 2.3037e-12 1.71479e-12 1.27616e-12 9.49553e-13 7.06398e-13 5.2541e-13 3.90722e-13 2.90509e-13 2.1596e-13 1.60514e-13 1.19284e-13 8.86288e-14 6.58413e-14 4.89049e-14 3.63193e-14 2.69684e-14 2.0022e-14 1.48626e-14
0.00705812 0.00674303 0.00620246 0.00555194 0.00486815 0.00419977 0.0035757 0.00301124 0.00251251 0.00207977 0.0017097 0.00139695 0.00113525 0.00091813 0.000739302 0.000592955 0.000473865 0.000377443 0.000299727 0.000237344 0.000187455 0.000147693 0.000116102 9.10746e-05 7.13e-05 5.57145e-05 4.3459e-05 3.38428e-05 2.63128e-05 2.04277e-05 1.58363e-05 1.22603e-05 9.47956e-06 7.32054e-06 5.64663e-06 4.35059e-06 3.34843e-06 2.57447e-06 1.97745e-06 1.51744e-06 1.16339e-06 8.91159e-07 6.82057e-07 5.21595e-07 3.98571e-07 3.04334e-07 2.32208e-07 1.77051e-07 1.34904e-07 1.02722e-07 7.8167e-08 5.94451e-08 4.51802e-08 3.43184e-08 2.60532e-08 1.97678e-08 1.49907e-08 1.13622e-08 8.60766e-09 6.51771e-09 4.93285e-09 3.73165e-09 2.82167e-09 2.13266e-09 1.61121e-09 1.21675e-09 9.18484e-10 6.9306e-10 5.22759e-10 3.94156e-10 2.97081e-10 2.23833e-10 1.68586e-10 1.26931e-10 9.55362e-11 7.18829e-11 5.40683e-11 4.06559e-11 3.05612e-11 2.2966e-11 1.72533e-11 1.29579e-11 9.72909e-12 7.3028e-12 5.4801e-12 4.11122e-12 3.08347e-12 2.31205e-12 1.73319e-12 1.29893e-12 9.73245e-13 7.29045e-13 5.4599e-13 4.08805e-13 3.06019e-13 2.29027e-13 1.71368e-13 1.28197e-13 9.5882e-14 7.16979e-14 5.36028e-14
0.00515052 0.00530796 0.00517887 0.00486815 0.00445313 0.00398914 0.00351438 0.0030541 0.00262388 0.00223237 0.0018833 0.0015771 0.00131207 0.00108522 0.000892888 0.000731156 0.00059613 0.000484116 0.000391718 0.000315889 0.000253944 0.000203554 0.000162721 0.000129749 0.000103212 8.19189e-05 6.48814e-05 5.1285e-05 4.04613e-05 3.18649e-05 2.50522e-05 1.96643e-05 1.54113e-05 1.20605e-05 9.42494e-06 7.35545e-06 5.733e-06 4.46292e-06 3.4701e-06 2.69508e-06 2.09087e-06 1.62042e-06 1.25455e-06 9.70337e-07 7.49807e-07 5.78871e-07 4.46512e-07 3.44125e-07 2.64997e-07 2.03902e-07 1.56772e-07 1.20446e-07 9.24698e-08 7.09421e-08 5.43891e-08 4.16708e-08 3.19061e-08 2.44142e-08 1.86702e-08 1.42692e-08 1.08993e-08 8.32057e-09 6.3485e-09 4.84126e-09 3.68995e-09 2.81101e-09 2.14038e-09 1.62896e-09 1.23915e-09 9.42189e-10 7.16074e-10 5.43986e-10 4.13077e-10 3.13539e-10 2.37889e-10 1.8042e-10 1.3678e-10 1.03656e-10 7.8524e-11 5.94636e-11 4.50135e-11 3.40629e-11 2.57673e-11 1.94854e-11 1.47301e-11 1.11316e-11 8.40957e-12 6.35115e-12 4.79509e-12 3.61918e-12 2.73083e-12 2.05993e-12 1.55341e-12 1.17111e-12 8.82649e-13 6.65061e-13 5.00978e-13 3.77279e-13 2.8405e-13 2.13804e-13 1.6089e-13
0.00375849 0.00415605 0.00427676 0.00419977 0.00398914 0.00369507 0.00335564 0.00299883 0.00264435 0.00230546 0.00199043 0.00170383 0.00144753 0.00122155 0.00102464 0.000854793 0.000709565 0.000586339 0.000482492 0.000395509 0.000323049 0.000262988 0.000213431 0.000172709 0.000139377 0.00011219 9.00876e-05 7.21749e-05 5.76991e-05 4.60323e-05 3.66531e-05 2.91309e-05 2.31117e-05 1.83054e-05 1.44753e-05 1.1429e-05 9.01045e-06 7.09371e-06 5.57713e-06 4.37908e-06 3.43408e-06 2.68977e-06 2.10434e-06 1.64448e-06 1.28373e-06 1.00107e-06 7.7986e-07 6.06941e-07 4.71917e-07 3.66597e-07 2.84529e-07 2.20644e-07 1.70961e-07 1.32358e-07 1.02391e-07 7.91491e-08 6.11373e-08 4.71904e-08 3.63996e-08 2.80572e-08 2.16124e-08 1.66372e-08 1.27993e-08 9.84065e-09 7.56138e-09 5.80664e-09 4.45657e-09 3.41849e-09 2.62079e-09 2.00817e-09 1.53795e-09 1.17724e-09 9.00678e-10 6.88756e-10 5.26447e-10 4.022e-10 3.07137e-10 2.34439e-10 1.7887e-10 1.36414e-10 1.03992e-10 7.92431e-11 6.036e-11 4.59585e-11 3.49796e-11 2.66133e-11 2.02405e-11 1.53881e-11 1.16948e-11 8.88485e-12 6.7477e-12 5.12288e-12 3.88802e-12 2.94985e-12 2.23734e-12 1.69639e-12 1.28584e-12 9.74349e-13 7.38093e-13 5.58959e-13 4.23178e-13
0.00274268 0.00323907 0.0034995 0.0035757 0.00351438 0.00335564 0.00313258 0.00287154 0.0025928 0.0023114 0.00203803 0.00177987 0.00154134 0.00132479 0.00113101 0.000959707 0.000809849 0.000679935 0.000568209 0.000472804 0.000391854 0.000323562 0.00026625 0.000218382 0.000178577 0.000145612 0.000118413 9.60494e-05 7.77225e-05 6.27491e-05 5.05506e-05 4.06396e-05 3.26076e-05 2.61141e-05 2.08762e-05 1.66603e-05 1.3274e-05 1.05593e-05 8.38711e-06 6.6521e-06 5.26864e-06 4.16729e-06 3.2919e-06 2.59714e-06 2.04654e-06 1.6108e-06 1.2664e-06 9.94552e-07 7.80238e-07 6.11481e-07 4.7875e-07 3.74471e-07 2.92633e-07 2.28474e-07 1.78225e-07 1.38909e-07 1.08176e-07 8.41751e-08 6.54477e-08 5.0848e-08 3.94758e-08 3.06248e-08 2.37415e-08 1.83926e-08 1.42393e-08 1.10166e-08 8.51787e-09 6.58176e-09 5.08262e-09 3.92261e-09 3.02558e-09 2.33236e-09 1.79697e-09 1.38372e-09 1.06494e-09 8.19175e-10 6.29803e-10 4.83967e-10 3.71718e-10 2.85367e-10 2.18972e-10 1.67948e-10 1.28755e-10 9.8664e-11 7.55729e-11 5.78612e-11 4.4282e-11 3.38758e-11 2.59045e-11 1.98011e-11 1.51298e-11 1.15561e-11 8.82326e-12 6.73418e-12 5.13787e-12 3.91856e-12 2.98757e-12 2.27698e-12 1.73482e-12 1.32131e-12 1.00603e-12
0.00200142 0.00251417 0.0028413 0.00301124 0.0030541 0.00299883 0.00287154 0.0026947 0.00248693 0.00226311 0.00203469 0.00181019 0.0015956 0.00139492 0.00121049 0.00104346 0.000894039 0.000761773 0.000645775 0.00054487 0.000457733 0.000382976 0.000319219 0.000265136 0.000219487 0.000181131 0.000149038 0.000122291 0.00010008 8.16994e-05 6.65364e-05 5.40654e-05 4.38374e-05 3.54715e-05 2.86459e-05 2.30903e-05 1.85788e-05 1.4923e-05 1.19667e-05 9.58081e-06 7.65889e-06 6.11349e-06 4.873e-06 3.8789e-06 3.08351e-06 2.4481e-06 1.94123e-06 1.53746e-06 1.21627e-06 9.61108e-07 7.5865e-07 5.9821e-07 4.71219e-07 3.70818e-07 2.91529e-07 2.28979e-07 1.79686e-07 1.4088e-07 1.10359e-07 8.63785e-08 6.75534e-08 5.2789e-08 4.12194e-08 3.21612e-08 2.50751e-08 1.95362e-08 1.52101e-08 1.18338e-08 9.20083e-09 7.14899e-09 5.55116e-09 4.30775e-09 3.34081e-09 2.58936e-09 2.00575e-09 1.55279e-09 1.20145e-09 9.29089e-10 7.18084e-10 5.54706e-10 4.28279e-10 3.30498e-10 2.54914e-10 1.96521e-10 1.5143e-10 1.16631e-10 8.97872e-11 6.90904e-11 5.31407e-11 4.08552e-11 3.13965e-11 2.41175e-11 1.85184e-11 1.42133e-11 1.09047e-11 8.36304e-12 6.41128e-12 4.91315e-12 3.76368e-12 2.88208e-12 2.20618e-12
0.00146049 0.0019445 0.00229152 0.00251251 0.00262388 0.00264435 0.0025928 0.00248693 0.00234253 0.00217305 0.0019896 0.001801 0.00161402 0.00143361 0.00126324 0.00110511 0.000960455 0.000829748 0.000712892 0.00060939 0.000518469 0.000439187 0.000370513 0.000311386 0.000260758 0.000217628 0.000181055 0.000150176 0.000124211 0.000102458 8.42987e-05 6.91891e-05 5.66559e-05 4.62904e-05 3.77412e-05 3.07086e-05 2.4938e-05 2.02141e-05 1.63557e-05 1.32111e-05 1.06534e-05 8.57726e-06 6.8951e-06 5.53465e-06 4.43628e-06 3.55098e-06 2.83856e-06 2.26614e-06 1.80689e-06 1.43897e-06 1.14462e-06 9.09448e-07 7.21794e-07 5.72247e-07 4.53211e-07 3.58574e-07 2.83418e-07 2.23801e-07 1.76559e-07 1.39163e-07 1.09591e-07 8.62284e-08 6.77892e-08 5.32495e-08 4.17948e-08 3.27786e-08 2.56878e-08 2.0116e-08 1.57412e-08 1.23092e-08 9.61868e-09 7.51117e-09 5.86153e-09 4.57121e-09 3.56267e-09 2.77491e-09 2.16002e-09 1.68037e-09 1.30647e-09 1.01518e-09 7.88397e-10 6.11935e-10 4.74712e-10 3.68066e-10 2.85229e-10 2.20922e-10 1.71028e-10 1.32337e-10 1.0235e-10 7.91197e-11 6.11335e-11 4.72145e-11 3.64482e-11 2.81244e-11 2.16921e-11 1.67238e-11 1.2888e-11 9.92783e-12 7.64447e-12 5.88391e-12 4.52703e-12
0.00106577 0.00149912 0.0018374 0.00207977 0.00223237 0.00230546 0.0023114 0.00226311 0.00217305 0.00205263 0.00191184 0.00175909 0.00160126 0.00144374 0.00129064 0.0011449 0.00100851 0.000882697 0.000768042 0.000664659 0.000572305 0.000490483 0.000418529 0.000355675 0.000301104 0.00025399 0.000213521 0.000178925 0.000149479 0.00012452 0.000103445 8.57133e-05 7.08448e-05 5.84168e-05 4.806e-05 3.94538e-05 3.23214e-05 2.64258e-05 2.15642e-05 1.75647e-05 1.42817e-05 1.15925e-05 9.39427e-06 7.60082e-06 6.14035e-06 4.95318e-06 3.98984e-06 3.20941e-06 2.57818e-06 2.06842e-06 1.65737e-06 1.32638e-06 1.06024e-06 8.46532e-07 6.75143e-07 5.37869e-07 4.28055e-07 3.40311e-07 2.70283e-07 2.14457e-07 1.7e-07 1.34634e-07 1.0653e-07 8.42178e-08 6.6522e-08 5.25004e-08 4.14005e-08 3.26213e-08 2.56837e-08 2.02061e-08 1.58849e-08 1.24787e-08 9.79592e-09 7.68452e-09 6.02409e-09 4.71928e-09 3.69467e-09 2.89065e-09 2.26018e-09 1.76613e-09 1.37924e-09 1.07646e-09 8.39664e-10 6.54583e-10 5.10012e-10 3.97153e-10 3.09101e-10 2.40443e-10 1.86939e-10 1.45266e-10 1.12827e-10 8.75881e-11 6.79622e-11 5.27088e-11 4.08597e-11 3.16597e-11 2.45201e-11 1.89821e-11 1.46884e-11 1.13611e-11 8.78373e-12
0.000777721 0.00115244 0.00146576 0.0017097 0.0018833 0.00199043 0.00203803 0.00203469 0.0019896 0.00191184 0.00180987 0.00169124 0.00156245 0.00142891 0.00129497 0.001164 0.00103852 0.000920281 0.000810423 0.000709577 0.000617971 0.000535526 0.000461936 0.000396736 0.000339356 0.000289168 0.000245516 0.000207744 0.000175218 0.000147333 0.000123527 0.000103281 8.61259e-05 7.164e-05 5.94475e-05 4.92166e-05 4.06567e-05 3.35146e-05 2.75711e-05 2.26374e-05 1.85516e-05 1.51758e-05 1.23927e-05 1.01029e-05 8.22287e-06 6.68219e-06 5.42194e-06 4.39291e-06 3.55413e-06 2.87154e-06 2.31695e-06 1.86706e-06 1.50263e-06 1.20785e-06 9.69755e-07 7.77694e-07 6.22972e-07 4.98488e-07 3.98455e-07 3.18166e-07 2.53799e-07 2.02256e-07 1.61025e-07 1.2808e-07 1.01783e-07 8.08126e-08 6.41071e-08 5.08117e-08 4.02403e-08 3.18425e-08 2.51772e-08 1.98916e-08 1.57037e-08 1.23884e-08 9.76581e-09 7.69295e-09 6.05585e-09 4.76387e-09 3.74502e-09 2.94213e-09 2.30989e-09 1.81236e-09 1.42112e-09 1.11366e-09 8.72197e-10 6.82689e-10 5.34049e-10 4.17537e-10 3.26263e-10 2.54802e-10 1.98887e-10 1.55161e-10 1.20985e-10 9.42895e-11 7.34475e-11 5.71843e-11 4.45007e-11 3.46139e-11 2.69111e-11 2.09128e-11 1.62441e-11
0.000567526 0.000883655 0.00116401 0.00139695 0.0015771 0.00170383 0.00177987 0.00181019 0.001801 0.00175909 0.00169124 0.00160386 0.00150277 0.00139308 0.00127907 0.00116427 0.00105149 0.000942838 0.000839859 0.000743593 0.000654663 0.000573359 0.000499706 0.000433529 0.000374507 0.000322219 0.000276179 0.00023587 0.000200759 0.000170325 0.000144063 0.000121495 0.000102178 8.57043e-05 7.17046e-05 5.98463e-05 4.9833e-05 4.14027e-05 3.43249e-05 2.83984e-05 2.34487e-05 1.93248e-05 1.58969e-05 1.30538e-05 1.07008e-05 8.75746e-06 7.15556e-06 5.83762e-06 4.75528e-06 3.86799e-06 3.14182e-06 2.5485e-06 2.06447e-06 1.67023e-06 1.34957e-06 1.08915e-06 8.77944e-07 7.06877e-07 5.68504e-07 4.56719e-07 3.66523e-07 2.93834e-07 2.35323e-07 1.88276e-07 1.50491e-07 1.20175e-07 9.58782e-08 7.6425e-08 6.08653e-08 4.84319e-08 3.8506e-08 3.05893e-08 2.42807e-08 1.9258e-08 1.52626e-08 1.2087e-08 9.56502e-09 7.56381e-09 5.97705e-09 4.71989e-09 3.72461e-09 2.93724e-09 2.31479e-09 1.82308e-09 1.43492e-09 1.1287e-09 8.87289e-10 6.97096e-10 5.4735e-10 4.29524e-10 3.36871e-10 2.64057e-10 2.06868e-10 1.61978e-10 1.26762e-10 9.91512e-11 7.75145e-11 6.05689e-11 4.73043e-11 3.69267e-11 2.88119e-11
0.00041414 0.000675977 0.000920637 0.00113525 0.00131207 0.00144753 0.00154134 0.0015956 0.00161402 0.00160126 0.00156245 0.00150277 0.0014272 0.00134028 0.00124605 0.00114797 0.00104893 0.000951235 0.000856694 0.00076664 0.00068201 0.000603398 0.000531118 0.000465261 0.00040574 0.00035234 0.00030475 0.000262597 0.000225468 0.000192935 0.000164566 0.000139939 0.000118651 0.000100322 8.45985e-05 7.11579e-05 5.97067e-05 4.99811e-05 4.17457e-05 3.47919e-05 2.89362e-05 2.40178e-05 1.98969e-05 1.64524e-05 1.35797e-05 1.11892e-05 9.20392e-06 7.5586e-06 6.19762e-06 5.07394e-06 4.14785e-06 3.38591e-06 2.76009e-06 2.24689e-06 1.82671e-06 1.4832e-06 1.2028e-06 9.74219e-07 7.8815e-07 6.36887e-07 5.14078e-07 4.14498e-07 3.33851e-07 2.68617e-07 2.1591e-07 1.73373e-07 1.39082e-07 1.11469e-07 8.92548e-08 7.14034e-08 5.7072e-08 4.55777e-08 3.63676e-08 2.89946e-08 2.30977e-08 1.83856e-08 1.46234e-08 1.16222e-08 9.23001e-09 7.32488e-09 5.80881e-09 4.60329e-09 3.64544e-09 2.88495e-09 2.28159e-09 1.80324e-09 1.42426e-09 1.12423e-09 8.86852e-10 6.99172e-10 5.5088e-10 4.33787e-10 3.41386e-10 2.68515e-10 2.11081e-10 1.65841e-10 1.30227e-10 1.02206e-10 8.01734e-11 6.28578e-11 4.9257e-11
0.000302211 0.000516009 0.000725501 0.00091813 0.00108522 0.00122155 0.00132479 0.00139492 0.00143361 0.00144374 0.00142891 0.00139308 0.00134028 0.00127442 0.00119911 0.0011176 0.00103268 0.000946729 0.000861679 0.000779056 0.000700019 0.000625398 0.000555747 0.000491386 0.00043244 0.000378887 0.000330584 0.000287306 0.000248764 0.000214632 0.000184562 0.000158198 0.000135187 0.000115187 9.78734e-05 8.29409e-05 7.01076e-05 5.9115e-05 4.97289e-05 4.17386e-05 3.49561e-05 2.92144e-05 2.43666e-05 2.02836e-05 1.6853e-05 1.39772e-05 1.15718e-05 9.56399e-06 7.89156e-06 6.50118e-06 5.34748e-06 4.39191e-06 3.60184e-06 2.94971e-06 2.41233e-06 1.97021e-06 1.60702e-06 1.30912e-06 1.06513e-06 8.65576e-07 7.02583e-07 5.69632e-07 4.61325e-07 3.73205e-07 3.01597e-07 2.43476e-07 1.96357e-07 1.58201e-07 1.27336e-07 1.02396e-07 8.22644e-08 6.60313e-08 5.29545e-08 4.24308e-08 3.39696e-08 2.71731e-08 2.17187e-08 1.73454e-08 1.38419e-08 1.10375e-08 8.79474e-09 7.00252e-09 5.5715e-09 4.42977e-09 3.51956e-09 2.79446e-09 2.21726e-09 1.75813e-09 1.39316e-09 1.10326e-09 8.73132e-10 6.90584e-10 5.45873e-10 4.31229e-10 3.40464e-10 2.68648e-10 2.11862e-10 1.66986e-10 1.31543e-10 1.03567e-10 8.14982e-11
0.000220532 0.000393133 0.000569843 0.000739302 0.000892888 0.00102464 0.00113101 0.00121049 0.00126324 0.00129064 0.00129497 0.00127907 0.00124605 0.00119911 0.00114136 0.00107571 0.00100476 0.000930829 0.000855867 0.000781494 0.000709009 0.000639411 0.000573438 0.000511596 0.000454194 0.00040138 0.000353171 0.000309481 0.000270144 0.00023494 0.00020361 0.000175871 0.000151429 0.000129989 0.000111262 9.49692e-05 8.08469e-05 6.86493e-05 5.81494e-05 4.91396e-05 4.14318e-05 3.48568e-05 2.92636e-05 2.4518e-05 2.05018e-05 1.71109e-05 1.42548e-05 1.18543e-05 9.84117e-06 8.15631e-06 6.749e-06 5.57578e-06 4.5995e-06 3.78856e-06 3.11612e-06 2.55946e-06 2.09939e-06 1.71974e-06 1.40694e-06 1.14959e-06 9.38167e-07 7.64716e-07 6.22609e-07 5.06335e-07 4.11321e-07 3.33775e-07 2.70564e-07 2.19097e-07 1.77242e-07 1.43242e-07 1.15652e-07 9.32882e-08 7.51796e-08 6.05315e-08 4.86943e-08 3.91381e-08 3.14305e-08 2.52199e-08 2.02199e-08 1.61983e-08 1.29664e-08 1.03713e-08 8.28939e-09 6.62048e-09 5.28373e-09 4.21387e-09 3.35829e-09 2.67458e-09 2.12863e-09 1.693e-09 1.34564e-09 1.06887e-09 8.48484e-10 6.73123e-10 5.3368e-10 4.22869e-10 3.34869e-10 2.65028e-10 2.09634e-10 1.65724e-10 1.30939e-10
0.000160929 0.000298984 0.00044624 0.000592955 0.000731156 0.000854793 0.000959707 0.00104346 0.00110511 0.0011449 0.001164 0.00116427 0.00114797 0.0011176 0.00107571 0.00102481 0.000967255 0.000905191 0.000840511 0.000774844 0.000709551 0.000645739 0.000584272 0.0005258 0.000470781 0.000419508 0.000372139 0.000328715 0.00028919 0.000253446 0.000221315 0.000192589 0.00016704 0.000144425 0.000124497 0.00010701 9.1725e-05 7.84156e-05 6.6867e-05 5.688e-05 4.82708e-05 4.08719e-05 3.45315e-05 2.91132e-05 2.44952e-05 2.05691e-05 1.72394e-05 1.44222e-05 1.20438e-05 1.00402e-05 8.35597e-06 6.94293e-06 5.75973e-06 4.77085e-06 3.94585e-06 3.25879e-06 2.68756e-06 2.21343e-06 1.8205e-06 1.49538e-06 1.22676e-06 1.00515e-06 8.22576e-07 6.72374e-07 5.48967e-07 4.47707e-07 3.64725e-07 2.96805e-07 2.4128e-07 1.95942e-07 1.58964e-07 1.28838e-07 1.04321e-07 8.43902e-08 6.82045e-08 5.50735e-08 4.44313e-08 3.58146e-08 2.88445e-08 2.32116e-08 1.86634e-08 1.49945e-08 1.20374e-08 9.65597e-09 7.73984e-09 6.19935e-09 4.96185e-09 3.96854e-09 3.17184e-09 2.53334e-09 2.02199e-09 1.61278e-09 1.28554e-09 1.02404e-09 8.15216e-10 6.4857e-10 5.15673e-10 4.0976e-10 3.25406e-10 2.58266e-10 2.04861e-10
0.000117435 0.00022701 0.000348488 0.000473865 0.00059613 0.000709565 0.000809849 0.000894039 0.000960455 0.00100851 0.00103852 0.00105149 0.00104893 0.00103268 0.00100476 0.000967255 0.000922197 0.000871516 0.000816977 0.000760151 0.000702403 0.000644881 0.00058853 0.000534098 0.000482155 0.000433115 0.000387251 0.00034472 0.000305581 0.000269815 0.00023734 0.000208027 0.000181713 0.00015821 0.000137319 0.000118831 0.000102539 8.82379e-05 7.57316e-05 6.48334e-05 5.53683e-05 4.71741e-05 4.01016e-05 3.40151e-05 2.87915e-05 2.43205e-05 2.05032e-05 1.72521e-05 1.44897e-05 1.21479e-05 1.01668e-05 8.49448e-06 7.08562e-06 5.90103e-06 4.9069e-06 4.07412e-06 3.37773e-06 2.79639e-06 2.3119e-06 1.90877e-06 1.57386e-06 1.29605e-06 1.06594e-06 8.7562e-07 7.18422e-07 5.8876e-07 4.81951e-07 3.9408e-07 3.2188e-07 2.62629e-07 2.14063e-07 1.743e-07 1.41782e-07 1.15219e-07 9.35425e-08 7.58735e-08 6.14856e-08 4.97814e-08 4.02698e-08 3.25474e-08 2.62837e-08 2.12078e-08 1.70983e-08 1.37741e-08 1.10874e-08 8.91795e-09 7.16755e-09 5.75644e-09 4.61977e-09 3.70489e-09 2.96909e-09 2.37778e-09 1.90293e-09 1.5219e-09 1.21635e-09 9.71525e-10 7.7548e-10 6.18607e-10 4.93164e-10 3.9292e-10 3.12865e-10
8.56955e-05 0.000172101 0.000271464 0.000377443 0.000484116 0.000586339 0.000679935 0.000761773 0.000829748 0.000882697 0.000920281 0.000942838 0.000951235 0.000946729 0.000930829 0.000905191 0.000871516 0.00083148 0.000786672 0.000738556 0.000688444 0.000637483 0.000586648 0.000536746 0.000488425 0.000442187 0.0003984 0.000357316 0.00031909 0.000283789 0.000251413 0.000221908 0.000195176 0.000171086 0.000149487 0.000130213 0.00011309 9.79398e-05 8.45887e-05 7.28666e-05 6.26109e-05 5.36682e-05 4.58952e-05 3.91594e-05 3.33394e-05 2.83247e-05 2.40151e-05 2.03211e-05 1.71625e-05 1.4468e-05 1.21747e-05 1.0227e-05 8.57637e-06 7.18033e-06 6.00194e-06 5.00915e-06 4.17426e-06 3.47341e-06 2.88609e-06 2.39474e-06 1.98433e-06 1.64208e-06 1.3571e-06 1.12016e-06 9.23454e-07 7.60373e-07 6.25355e-07 5.13721e-07 4.21542e-07 3.45523e-07 2.82908e-07 2.31397e-07 1.8907e-07 1.5433e-07 1.25849e-07 1.02525e-07 8.34444e-08 6.78519e-08 5.51228e-08 4.47418e-08 3.6284e-08 2.93998e-08 2.38017e-08 1.92536e-08 1.55619e-08 1.25681e-08 1.01423e-08 8.17837e-09 6.58977e-09 5.30581e-09 4.2689e-09 3.43218e-09 2.75751e-09 2.21392e-09 1.77628e-09 1.4242e-09 1.14115e-09 9.13758e-10 7.31212e-10 5.84766e-10 4.6736e-10
6.25345e-05 0.00013029 0.000210973 0.000299727 0.000391718 0.000482492 0.000568209 0.000645775 0.000712892 0.000768042 0.000810423 0.000839859 0.000856694 0.000861679 0.000855867 0.000840511 0.000816977 0.000786672 0.000750981 0.000711227 0.00066863 0.000624293 0.000579183 0.00053413 0.000489827 0.000446835 0.000405594 0.000366433 0.000329584 0.000295192 0.00026333 0.000234012 0.000207202 0.000182828 0.000160786 0.000140952 0.000123189 0.00010735 9.3285e-05 8.08442e-05 6.98807e-05 6.02529e-05 5.18262e-05 4.44744e-05 3.80796e-05 3.25335e-05 2.77367e-05 2.3599e-05 2.00391e-05 1.69836e-05 1.43674e-05 1.21324e-05 1.02271e-05 8.60648e-06 7.2307e-06 6.06512e-06 5.07949e-06 4.24758e-06 3.54667e-06 2.95716e-06 2.46217e-06 2.04723e-06 1.69995e-06 1.40974e-06 1.16758e-06 9.65823e-07 7.97958e-07 6.58488e-07 5.42764e-07 4.46871e-07 3.67512e-07 3.01918e-07 2.47768e-07 2.03119e-07 1.66346e-07 1.36095e-07 1.11236e-07 9.08307e-08 7.4099e-08 6.03938e-08 4.91789e-08 4.00112e-08 3.25241e-08 2.64155e-08 2.14362e-08 1.73812e-08 1.40819e-08 1.13998e-08 9.22134e-09 7.45347e-09 6.01999e-09 4.8586e-09 3.91841e-09 3.1579e-09 2.5432e-09 2.04673e-09 1.64606e-09 1.32294e-09 1.06254e-09 8.52845e-10 6.84095e-10
4.56333e-05 9.85088e-05 0.000163608 0.000237344 0.000315889 0.000395509 0.000472804 0.00054487 0.00060939 0.000664659 0.000709577 0.000743593 0.00076664 0.000779056 0.000781494 0.000774844 0.000760151 0.000738556 0.000711227 0.000679321 0.000643942 0.000606115 0.000566771 0.000526729 0.000486698 0.000447274 0.000408945 0.000372095 0.000337019 0.000303926 0.000272953 0.000244175 0.000217614 0.00019325 0.000171027 0.000150866 0.000132664 0.000116307 0.000101673 8.86331e-05 7.70592e-05 6.68241e-05 5.78045e-05 4.98825e-05 4.29466e-05 3.68923e-05 3.1623e-05 2.70495e-05 2.30905e-05 1.96721e-05 1.67279e-05 1.4198e-05 1.2029e-05 1.01736e-05 8.58981e-06 7.24059e-06 6.09349e-06 5.1201e-06 4.29566e-06 3.59862e-06 3.01034e-06 2.51467e-06 2.09772e-06 1.74756e-06 1.45395e-06 1.20811e-06 1.00259e-06 8.31015e-07 6.87979e-07 5.68897e-07 4.6989e-07 3.87679e-07 3.19502e-07 2.63032e-07 2.16315e-07 1.77713e-07 1.45853e-07 1.19586e-07 9.79551e-08 8.01605e-08 6.55373e-08 5.35329e-08 4.36881e-08 3.56224e-08 2.90207e-08 2.36224e-08 1.92123e-08 1.56127e-08 1.26773e-08 1.02857e-08 8.33882e-09 6.75526e-09 5.46832e-09 4.42328e-09 3.57536e-09 2.88792e-09 2.33101e-09 1.8802e-09 1.51554e-09 1.22079e-09 9.82711e-10
3.33e-05 7.43893e-05 0.000126624 0.000187455 0.000253944 0.000323049 0.000391854 0.000457733 0.000518469 0.000572305 0.000617971 0.000654663 0.00068201 0.000700019 0.000709009 0.000709551 0.000702403 0.000688444 0.00066863 0.000643942 0.000615347 0.000583776 0.000550094 0.000515087 0.000479454 0.000443803 0.000408647 0.000374409 0.000341429 0.000309967 0.000280212 0.000252292 0.000226281 0.000202206 0.000180059 0.000159799 0.000141362 0.000124666 0.000109615 9.61062e-05 8.40307e-05 7.32779e-05 6.3738e-05 5.53035e-05 4.7871e-05 4.1342e-05 3.56241e-05 3.06309e-05 2.62826e-05 2.2506e-05 1.92343e-05 1.64069e-05 1.39693e-05 1.18724e-05 1.00727e-05 8.53136e-06 7.21392e-06 6.09011e-06 5.13333e-06 4.32026e-06 3.63057e-06 3.04655e-06 2.55287e-06 2.13623e-06 1.78518e-06 1.48986e-06 1.24179e-06 1.03373e-06 8.59469e-07 7.13726e-07 5.92001e-07 4.90472e-07 4.05897e-07 3.35536e-07 2.77072e-07 2.28553e-07 1.88336e-07 1.55037e-07 1.27499e-07 1.04749e-07 8.59768e-08 7.05022e-08 5.77595e-08 4.72771e-08 3.86627e-08 3.15904e-08 2.57896e-08 2.10363e-08 1.71448e-08 1.39619e-08 1.13608e-08 9.23701e-09 7.50445e-09 6.09222e-09 4.94206e-09 4.00609e-09 3.24504e-09 2.62669e-09 2.12468e-09 1.71743e-09 1.3873e-09
2.43e-05 5.61116e-05 9.78175e-05 0.000147693 0.000203554 0.000262988 0.000323562 0.000382976 0.000439187 0.000490483 0.000535526 0.000573359 0.000603398 0.000625398 0.000639411 0.000645739 0.000644881 0.000637483 0.000624293 0.000606115 0.000583776 0.000558094 0.000529852 0.000499785 0.000468563 0.000436782 0.000404964 0.000373553 0.000342917 0.000313354 0.000285096 0.000258312 0.000233121 0.000209595 0.000187764 0.000167626 0.000149154 0.000132297 0.000116987 0.000103146 9.06857e-05 7.95141e-05 6.95361e-05 6.06564e-05 5.27814e-05 4.58204e-05 3.96866e-05 3.42979e-05 2.95774e-05 2.54536e-05 2.18607e-05 1.87382e-05 1.60313e-05 1.36902e-05 1.167e-05 9.93053e-06 8.43603e-06 7.15463e-06 6.05811e-06 5.12161e-06 4.32326e-06 3.64393e-06 3.06689e-06 2.57756e-06 2.16331e-06 1.81318e-06 1.51771e-06 1.26875e-06 1.0593e-06 8.83325e-07 7.35697e-07 6.12018e-07 5.08543e-07 4.22083e-07 3.49935e-07 2.89804e-07 2.3975e-07 1.98135e-07 1.63575e-07 1.34908e-07 1.11155e-07 9.14965e-08 7.52431e-08 6.18193e-08 5.07441e-08 4.16157e-08 3.40994e-08 2.79164e-08 2.28351e-08 1.86631e-08 1.52408e-08 1.2436e-08 1.01393e-08 8.26035e-09 6.72441e-09 5.46992e-09 4.44616e-09 3.61137e-09 2.9312e-09 2.37745e-09 1.92696e-09
1.77324e-05 4.228e-05 7.54331e-05 0.000116102 0.000162721 0.000213431 0.00026625 0.000319219 0.000370513 0.000418529 0.000461936 0.000499706 0.000531118 0.000555747 0.000573438 0.000584272 0.00058853 0.000586648 0.000579183 0.000566771 0.000550094 0.000529852 0.000506739 0.000481421 0.000454523 0.000426615 0.000398211 0.000369759 0.000341643 0.000314186 0.000287648 0.000262235 0.000238101 0.000215352 0.000194059 0.000174252 0.000155937 0.000139093 0.000123681 0.000109647 9.69237e-05 8.54384e-05 7.51117e-05 6.5862e-05 5.76067e-05 5.02642e-05 4.37549e-05 3.80022e-05 3.29333e-05 2.84799e-05 2.45778e-05 2.11678e-05 1.81955e-05 1.5611e-05 1.3369e-05 1.14285e-05 9.75269e-06 8.30853e-06 7.06654e-06 6.00056e-06 5.08741e-06 4.30663e-06 3.64025e-06 3.0725e-06 2.58963e-06 2.17961e-06 1.83203e-06 1.53784e-06 1.28922e-06 1.07943e-06 9.02654e-07 7.53915e-07 6.28939e-07 5.24071e-07 4.36191e-07 3.62643e-07 3.01167e-07 2.49845e-07 2.07051e-07 1.71411e-07 1.41762e-07 1.17125e-07 9.66759e-08 7.97209e-08 6.56778e-08 5.40587e-08 4.44549e-08 3.65249e-08 2.99832e-08 2.45921e-08 2.01533e-08 1.6502e-08 1.35013e-08 1.10373e-08 9.01593e-09 7.35903e-09 6.00204e-09 4.8916e-09 3.98365e-09 3.24188e-09 2.63633e-09
1.29399e-05 3.18261e-05 5.80763e-05 9.10746e-05 0.000129749 0.000172709 0.000218382 0.000265136 0.000311386 0.000355675 0.000396736 0.000433529 0.000465261 0.000491386 0.000511596 0.0005258 0.000534098 0.000536746 0.00053413 0.000526729 0.000515087 0.000499785 0.000481421 0.000460585 0.000437843 0.00041373 0.000388736 0.000363302 0.000337814 0.000312607 0.000287962 0.000264108 0.000241227 0.000219457 0.000198897 0.000179611 0.000161633 0.00014497 0.000129608 0.000115519 0.000102656 9.09648e-05 8.03836e-05 7.08447e-05 6.22776e-05 5.46108e-05 4.7773e-05 4.16944e-05 3.63073e-05 3.15474e-05 2.73536e-05 2.36686e-05 2.04392e-05 1.76163e-05 1.51547e-05 1.30132e-05 1.11545e-05 9.54461e-06 8.15331e-06 6.95336e-06 5.9205e-06 5.03317e-06 4.27231e-06 3.62106e-06 3.06462e-06 2.59001e-06 2.18586e-06 1.84228e-06 1.55064e-06 1.30347e-06 1.09432e-06 9.17583e-07 7.68455e-07 6.42799e-07 5.37063e-07 4.48207e-07 3.73634e-07 3.11127e-07 2.58798e-07 2.15044e-07 1.78502e-07 1.48019e-07 1.2262e-07 1.01479e-07 8.39029e-08 6.93054e-08 5.71946e-08 4.71572e-08 3.88466e-08 3.19724e-08 2.62919e-08 2.16023e-08 1.77344e-08 1.45471e-08 1.19229e-08 9.7644e-09 7.9904e-09 6.53366e-09 5.33846e-09 4.35864e-09 3.55604e-09
9.44261e-06 2.39347e-05 4.4645e-05 7.13e-05 0.000103212 0.000139377 0.000178577 0.000219487 0.000260758 0.000301104 0.000339356 0.000374507 0.00040574 0.00043244 0.000454194 0.000470781 0.000482155 0.000488425 0.000489827 0.000486698 0.000479454 0.000468563 0.000454523 0.000437843 0.000419028 0.000398565 0.00037691 0.000354485 0.00033167 0.0003088 0.000286167 0.000264014 0.000242545 0.000221921 0.000202266 0.000183669 0.000166191 0.000149863 0.000134698 0.000120687 0.000107805 9.60176e-05 8.52783e-05 7.55345e-05 6.67285e-05 5.87997e-05 5.16859e-05 4.53249e-05 3.96553e-05 3.46175e-05 3.01543e-05 2.62115e-05 2.27378e-05 1.96853e-05 1.70099e-05 1.46705e-05 1.26298e-05 1.08537e-05 9.31126e-06 7.97457e-06 6.81856e-06 5.82079e-06 4.96128e-06 4.22223e-06 3.58793e-06 3.04449e-06 2.5797e-06 2.18283e-06 1.84451e-06 1.55656e-06 1.31185e-06 1.10421e-06 9.28283e-07 7.79433e-07 6.53671e-07 5.47559e-07 4.58148e-07 3.82907e-07 3.1967e-07 2.66588e-07 2.22086e-07 1.8482e-07 1.5365e-07 1.2761e-07 1.05878e-07 8.77627e-08 7.26778e-08 6.01297e-08 4.97025e-08 4.10466e-08 3.38682e-08 2.79209e-08 2.29982e-08 1.89276e-08 1.55645e-08 1.27886e-08 1.04993e-08 8.61309e-09 7.06023e-09 5.78292e-09 4.73313e-09
6.89055e-06 1.79841e-05 3.42705e-05 5.57145e-05 8.19189e-05 0.00011219 0.000145612 0.000181131 0.000217628 0.00025399 0.000289168 0.000322219 0.00035234 0.000378887 0.00040138 0.000419508 0.000433115 0.000442187 0.000446835 0.000447274 0.000443803 0.000436782 0.000426615 0.00041373 0.000398565 0.000381551 0.000363108 0.000343628 0.000323475 0.000302977 0.000282425 0.000262073 0.000242136 0.000222791 0.000204182 0.00018642 0.000169586 0.000153735 0.0001389 0.000125093 0.00011231 0.000100533 8.97316e-05 7.98687e-05 7.08993e-05 6.27741e-05 5.54408e-05 4.88453e-05 4.29333e-05 3.76508e-05 3.29454e-05 2.87661e-05 2.50647e-05 2.17953e-05 1.89151e-05 1.63841e-05 1.41654e-05 1.22249e-05 1.05316e-05 9.05721e-06 7.77618e-06 6.66542e-06 5.7042e-06 4.87399e-06 4.15828e-06 3.5424e-06 3.01336e-06 2.55969e-06 2.1713e-06 1.83935e-06 1.55608e-06 1.31472e-06 1.10939e-06 9.34961e-07 7.86997e-07 6.61657e-07 5.55628e-07 4.66055e-07 3.90481e-07 3.26802e-07 2.73211e-07 2.28165e-07 1.90348e-07 1.58636e-07 1.32075e-07 1.09852e-07 9.12799e-08 7.57755e-08 6.28457e-08 5.20742e-08 4.31099e-08 3.56571e-08 2.94669e-08 2.43304e-08 2.00722e-08 1.65455e-08 1.36273e-08 1.12148e-08 9.222e-09 7.57741e-09 6.22131e-09
5.02824e-06 1.35017e-05 2.62712e-05 4.3459e-05 6.48814e-05 9.00876e-05 0.000118413 0.000149038 0.000181055 0.000213521 0.000245516 0.000276179 0.00030475 0.000330584 0.000353171 0.000372139 0.000387251 0.0003984 0.000405594 0.000408945 0.000408647 0.000404964 0.000398211 0.000388736 0.00037691 0.000363108 0.000347704 0.000331056 0.000313506 0.000295367 0.000276923 0.000258429 0.000240105 0.000222139 0.000204689 0.000187882 0.000171816 0.000156566 0.000142183 0.000128698 0.000116123 0.000104458 9.36894e-05 8.37926e-05 7.47362e-05 6.64822e-05 5.89885e-05 5.22097e-05 4.6099e-05 4.06088e-05 3.56918e-05 3.13014e-05 2.73926e-05 2.39224e-05 2.08499e-05 1.81365e-05 1.57462e-05 1.36456e-05 1.18039e-05 1.01929e-05 8.78661e-06 7.56172e-06 6.49698e-06 5.57328e-06 4.77348e-06 4.08225e-06 3.48594e-06 2.97243e-06 2.53097e-06 2.15209e-06 1.82744e-06 1.54971e-06 1.31248e-06 1.11016e-06 9.3785e-07 7.9132e-07 6.66886e-07 5.61359e-07 4.71988e-07 3.96398e-07 3.32545e-07 2.78675e-07 2.33283e-07 1.95081e-07 1.62967e-07 1.36002e-07 1.13386e-07 9.44397e-08 7.85837e-08 6.53284e-08 5.42588e-08 4.5024e-08 3.73276e-08 3.09196e-08 2.55895e-08 2.11602e-08 1.7483e-08 1.44329e-08 1.19052e-08 9.81242e-09 8.08114e-09
3.66926e-06 1.01285e-05 2.01132e-05 3.38428e-05 5.1285e-05 7.21749e-05 9.60494e-05 0.000122291 0.000150176 0.000178925 0.000207744 0.00023587 0.000262597 0.000287306 0.000309481 0.000328715 0.00034472 0.000357316 0.000366433 0.000372095 0.000374409 0.000373553 0.000369759 0.000363302 0.000354485 0.000343628 0.000331056 0.000317092 0.000302046 0.000286212 0.000269863 0.000253245 0.000236581 0.000220062 0.000203855 0.000188097 0.000172903 0.00015836 0.000144536 0.000131476 0.000119212 0.000107756 9.71087e-05 8.72609e-05 7.81928e-05 6.98779e-05 6.22842e-05 5.53753e-05 4.91123e-05 4.34542e-05 3.83595e-05 3.37864e-05 2.96939e-05 2.60421e-05 2.27925e-05 1.99087e-05 1.7356e-05 1.51021e-05 1.31167e-05 1.13718e-05 9.84186e-06 8.50322e-06 7.33444e-06 6.31604e-06 5.43042e-06 4.66176e-06 3.99584e-06 3.41999e-06 2.92289e-06 2.49451e-06 2.12597e-06 1.80943e-06 1.53797e-06 1.30555e-06 1.10684e-06 9.37203e-07 7.92598e-07 6.69503e-07 5.64862e-07 4.76027e-07 4.0071e-07 3.36937e-07 2.83005e-07 2.37452e-07 1.99022e-07 1.6664e-07 1.39386e-07 1.16474e-07 9.72327e-08 8.10923e-08 6.75674e-08 5.6246e-08 4.67789e-08 3.88704e-08 3.22704e-08 2.67678e-08 2.21845e-08 1.83705e-08 1.51996e-08 1.25658e-08 1.03801e-08
2.67757e-06 7.59247e-06 1.53801e-05 2.63128e-05 4.04613e-05 5.76991e-05 7.77225e-05 0.00010008 0.000124211 0.000149479 0.000175218 0.000200759 0.000225468 0.000248764 0.000270144 0.00028919 0.000305581 0.00031909 0.000329584 0.000337019 0.000341429 0.000342917 0.000341643 0.000337814 0.00033167 0.000323475 0.000313506 0.000302046 0.000289374 0.000275758 0.000261454 0.000246699 0.000231707 0.000216673 0.000201765 0.000187129 0.000172886 0.000159138 0.000145963 0.000133422 0.000121558 0.000110399 9.99579e-05 9.02378e-05 8.1231e-05 7.2922e-05 6.52886e-05 5.83037e-05 5.19361e-05 4.6152e-05 4.09158e-05 3.6191e-05 3.1941e-05 2.81295e-05 2.4721e-05 2.16814e-05 1.89779e-05 1.65796e-05 1.44571e-05 1.25833e-05 1.09329e-05 9.4824e-06 8.21041e-06 7.09728e-06 6.12515e-06 5.27784e-06 4.54072e-06 3.90065e-06 3.34588e-06 2.86587e-06 2.45126e-06 2.09373e-06 1.78594e-06 1.52138e-06 1.29433e-06 1.09976e-06 9.33283e-07 7.91037e-07 6.6967e-07 5.66258e-07 4.78264e-07 4.03488e-07 3.40025e-07 2.86232e-07 2.40692e-07 2.02185e-07 1.69664e-07 1.42229e-07 1.19112e-07 9.96541e-08 8.32949e-08 6.95554e-08 5.80282e-08 4.83671e-08 4.02782e-08 3.35123e-08 2.78587e-08 2.3139e-08 1.92027e-08 1.59227e-08 1.31922e-08
1.9539e-06 5.6874e-06 1.17472e-05 2.04277e-05 3.18649e-05 4.60323e-05 6.27491e-05 8.16994e-05 0.000102458 0.00012452 0.000147333 0.000170325 0.000192935 0.000214632 0.00023494 0.000253446 0.000269815 0.000283789 0.000295192 0.000303926 0.000309967 0.000313354 0.000314186 0.000312607 0.0003088 0.000302977 0.000295367 0.000286212 0.000275758 0.000264246 0.000251911 0.000238974 0.000225641 0.000212101 0.000198522 0.000185053 0.000171822 0.000158937 0.000146487 0.000134542 0.000123159 0.000112375 0.000102217 9.26974e-05 8.38211e-05 7.55823e-05 6.79685e-05 6.09612e-05 5.45373e-05 4.86701e-05 4.33302e-05 3.84867e-05 3.41075e-05 3.01604e-05 2.66133e-05 2.34348e-05 2.05943e-05 1.80625e-05 1.58118e-05 1.38157e-05 1.20497e-05 1.04908e-05 9.11782e-06 7.91116e-06 6.85289e-06 5.92664e-06 5.11752e-06 4.41208e-06 3.79817e-06 3.26488e-06 2.80243e-06 2.4021e-06 2.05612e-06 1.7576e-06 1.50044e-06 1.27924e-06 1.08927e-06 9.26361e-07 7.86853e-07 6.67556e-07 5.65681e-07 4.78801e-07 4.04807e-07 3.41868e-07 2.884e-07 2.43035e-07 2.0459e-07 1.72049e-07 1.44537e-07 1.21303e-07 1.01704e-07 8.51894e-08 7.12889e-08 5.96009e-08 4.97835e-08 4.15457e-08 3.46402e-08 2.88572e-08 2.4019e-08 1.9975e-08 1.6598e-08
1.42582e-06 4.2575e-06 8.96268e-06 1.58363e-05 2.50522e-05 3.66531e-05 5.05506e-05 6.65364e-05 8.42987e-05 0.000103445 0.000123527 0.000144063 0.000164566 0.000184562 0.00020361 0.000221315 0.00023734 0.000251413 0.00026333 0.000272953 0.000280212 0.000285096 0.000287648 0.000287962 0.000286167 0.000282425 0.000276923 0.000269863 0.000261454 0.000251911 0.000241443 0.000230256 0.000218542 0.000206482 0.000194239 0.000181962 0.000169781 0.000157809 0.000146142 0.000134858 0.000124022 0.000113682 0.000103875 9.46238e-05 8.59421e-05 7.78342e-05 7.02967e-05 6.33195e-05 5.68872e-05 5.098e-05 4.5575e-05 4.06468e-05 3.61683e-05 3.21115e-05 2.8448e-05 2.51492e-05 2.21874e-05 1.95353e-05 1.71667e-05 1.50567e-05 1.31817e-05 1.15193e-05 1.00489e-05 8.75108e-06 7.60813e-06 6.60362e-06 5.72257e-06 4.95131e-06 4.27744e-06 3.68976e-06 3.17816e-06 2.73358e-06 2.34789e-06 2.01385e-06 1.72501e-06 1.47565e-06 1.2607e-06 1.0757e-06 9.16711e-07 7.80268e-07 6.63339e-07 5.63271e-07 4.77749e-07 4.04754e-07 3.42531e-07 2.89558e-07 2.44515e-07 2.06262e-07 1.73814e-07 1.46321e-07 1.23054e-07 1.03386e-07 8.67768e-08 7.27669e-08 6.09619e-08 5.10251e-08 4.26693e-08 3.56501e-08 2.97594e-08 2.48207e-08 2.06839e-08
1.04046e-06 3.18508e-06 6.8311e-06 1.22603e-05 1.96643e-05 2.91309e-05 4.06396e-05 5.40654e-05 6.91891e-05 8.57133e-05 0.000103281 0.000121495 0.000139939 0.000158198 0.000175871 0.000192589 0.000208027 0.000221908 0.000234012 0.000244175 0.000252292 0.000258312 0.000262235 0.000264108 0.000264014 0.000262073 0.000258429 0.000253245 0.000246699 0.000238974 0.000230256 0.000220731 0.000210575 0.000199958 0.000189037 0.000177956 0.000166845 0.000155818 0.000144976 0.000134403 0.000124169 0.000114331 0.000104934 9.60103e-05 8.75816e-05 7.96609e-05 7.22531e-05 6.5356e-05 5.89616e-05 5.30571e-05 4.76255e-05 4.26473e-05 3.81002e-05 3.39608e-05 3.02043e-05 2.68057e-05 2.37399e-05 2.0982e-05 1.85077e-05 1.62937e-05 1.43176e-05 1.25581e-05 1.09951e-05 9.60981e-06 8.38472e-06 7.30362e-06 6.35156e-06 5.5148e-06 4.78083e-06 4.13824e-06 3.57668e-06 3.08682e-06 2.66025e-06 2.28942e-06 1.96759e-06 1.68873e-06 1.44748e-06 1.2391e-06 1.05938e-06 9.04604e-07 7.71501e-07 6.57197e-07 5.59172e-07 4.75221e-07 4.03419e-07 3.42085e-07 2.8976e-07 2.45176e-07 2.07234e-07 1.74982e-07 1.476e-07 1.24378e-07 1.04706e-07 8.8061e-08 7.39913e-08 6.21113e-08 5.20908e-08 4.36473e-08 3.65398e-08 3.05627e-08 2.55413e-08
7.59256e-07 2.38135e-06 5.20133e-06 9.47956e-06 1.54113e-05 2.31117e-05 3.26076e-05 4.38374e-05 5.66559e-05 7.08448e-05 8.61259e-05 0.000102178 0.000118651 0.000135187 0.000151429 0.00016704 0.000181713 0.000195176 0.000207202 0.000217614 0.000226281 0.000233121 0.000238101 0.000241227 0.000242545 0.000242136 0.000240105 0.000236581 0.000231707 0.000225641 0.000218542 0.000210575 0.000201899 0.000192672 0.00018304 0.000173141 0.000163102 0.000153036 0.000143046 0.000133219 0.000123629 0.000114341 0.000105405 9.68594e-05 8.87353e-05 8.10527e-05 7.3824e-05 6.7054e-05 6.07418e-05 5.4881e-05 4.94608e-05 4.44669e-05 3.98824e-05 3.5688e-05 3.18631e-05 2.83861e-05 2.52349e-05 2.23871e-05 1.98207e-05 1.75141e-05 1.54463e-05 1.35972e-05 1.19477e-05 1.04796e-05 9.17601e-06 8.02094e-06 6.99966e-06 6.09853e-06 5.30499e-06 4.60757e-06 3.99577e-06 3.46007e-06 2.99184e-06 2.5833e-06 2.22744e-06 1.91798e-06 1.6493e-06 1.4164e-06 1.21483e-06 1.04063e-06 8.90305e-07 7.60771e-07 6.4931e-07 5.5353e-07 4.71337e-07 4.00896e-07 3.40605e-07 2.89066e-07 2.45063e-07 2.0754e-07 1.7558e-07 1.48391e-07 1.25287e-07 1.05676e-07 8.90488e-08 7.49661e-08 6.30514e-08 5.29814e-08 4.44793e-08 3.73082e-08 3.12657e-08
