0.316722 0.124694 0.0490919 0.0193275 0.00760927 0.00299577 0.00117944 0.000464346 0.000182813 7.19738e-05 2.83361e-05 1.1156e-05 4.39211e-06 1.72918e-06 6.80778e-07 2.68023e-07 1.05521e-07 4.15436e-08 1.63558e-08 6.43928e-09 2.53515e-09 9.9809e-10 3.92949e-10 1.54704e-10 6.09072e-11 2.39792e-11 9.44063e-12 3.71678e-12 1.4633e-12 5.76103e-13 2.26812e-13 8.92961e-14 3.51559e-14 1.38409e-14 5.44918e-15 2.14535e-15 8.44625e-16 3.32529e-16 1.30917e-16 5.15422e-17 2.02922e-17 7.98905e-18 3.1453e-18 1.23831e-18 4.87522e-19 1.91938e-19 7.5566e-20 2.97504e-20 1.17128e-20 4.61132e-21 1.81548e-21 7.14756e-22 2.814e-22 1.10787e-22 4.36171e-23 1.71721e-23 6.76067e-24 2.66168e-24 1.04791e-24 4.12561e-25 1.62426e-25 6.39471e-26 2.5176e-26 9.91182e-27 3.90229e-27 1.53634e-27 6.04856e-28 2.38132e-28 9.37529e-29 3.69106e-29 1.45317e-29 5.72116e-30 2.25242e-30 8.86781e-31 3.49126e-31 1.37451e-31 5.41147e-32 2.1305e-32 8.38779e-33 3.30228e-33 1.30011e-33 5.11855e-34 2.01518e-34 7.93376e-35 3.12353e-35 1.22974e-35 4.84148e-36 1.90609e-36 7.50431e-37 2.95445e-37 1.16317e-37 4.57941e-38 1.80292e-38 7.0981e-39 2.79453e-39 1.10021e-39 4.33152e-40 1.70532e-40 6.71388e-41 2.64326e-41 1.04065e-41
0.124694 0.0652058 0.0320156 0.0151022 0.0069291 0.00311513 0.00137885 0.000602859 0.000260971 0.000112045 4.77742e-05 2.02504e-05 8.54018e-06 3.58573e-06 1.49968e-06 6.25062e-07 2.59724e-07 1.07622e-07 4.44845e-08 1.83457e-08 7.55033e-09 3.10155e-09 1.27186e-09 5.20726e-10 2.12881e-10 8.69103e-11 3.54366e-11 1.44317e-11 5.87089e-12 2.38582e-12 9.68611e-13 3.92882e-13 1.59221e-13 6.44742e-14 2.60877e-14 1.0548e-14 4.2619e-15 1.72089e-15 6.94432e-16 2.80059e-16 1.12882e-16 4.54741e-17 1.83096e-17 7.36855e-18 2.964e-18 1.19173e-18 4.78952e-19 1.92408e-19 7.7265e-20 3.10152e-20 1.24453e-20 4.9921e-21 2.00176e-21 8.0241e-22 3.21546e-22 1.28812e-22 5.15871e-23 2.06538e-23 8.26685e-24 3.30798e-24 1.32334e-24 5.29265e-25 2.11626e-25 8.45981e-26 3.38106e-26 1.35098e-26 5.39699e-27 2.15557e-27 8.60765e-28 3.43654e-28 1.37175e-28 5.47451e-29 2.18443e-29 8.71471e-30 3.4761e-30 1.38631e-30 5.52783e-31 2.20384e-31 8.78495e-32 3.50132e-32 1.39527e-32 5.55934e-33 2.21476e-33 8.82205e-34 3.51361e-34 1.3992e-34 5.57124e-35 2.21803e-35 8.8294e-36 3.51432e-36 1.39862e-36 5.56556e-37 2.21447e-37 8.8101e-38 3.50465e-38 1.394e-38 5.54418e-39 2.20478e-39 8.76702e-40 3.48574e-40 1.38579e-40
0.0490919 0.0320156 0.0184197 0.00986406 0.00503899 0.0024888 0.00119834 0.000565563 0.000262636 0.000120339 5.45198e-05 2.44627e-05 1.08847e-05 4.8078e-06 2.1099e-06 9.20606e-07 3.99613e-07 1.72656e-07 7.42824e-08 3.18359e-08 1.35962e-08 5.78774e-09 2.45643e-09 1.03968e-09 4.38914e-10 1.84852e-10 7.76783e-11 3.2574e-11 1.36331e-11 5.69537e-12 2.3752e-12 9.8894e-13 4.11124e-13 1.70665e-13 7.07483e-14 2.92901e-14 1.21112e-14 5.00192e-15 2.06348e-15 8.50345e-16 3.50062e-16 1.43969e-16 5.91545e-17 2.42837e-17 9.96021e-18 4.08191e-18 1.67153e-18 6.83963e-19 2.79662e-19 1.14269e-19 4.6658e-20 1.90389e-20 7.76391e-21 3.16414e-21 1.28877e-21 5.24622e-22 2.13442e-22 8.67921e-23 3.52743e-23 1.43291e-23 5.81794e-24 2.36111e-24 9.57778e-25 3.88349e-25 1.57396e-25 6.37653e-26 2.58226e-26 1.04531e-26 4.22982e-27 1.71095e-27 6.91828e-28 2.79643e-28 1.12996e-28 4.5643e-29 1.84308e-29 7.44007e-30 3.00245e-30 1.21127e-30 4.88519e-31 1.96968e-31 7.93939e-32 3.19933e-32 1.28889e-32 5.19109e-33 2.09021e-33 8.41419e-34 3.38632e-34 1.36251e-34 5.48089e-35 2.20425e-35 8.86289e-36 3.56281e-36 1.43192e-36 5.75374e-37 2.3115e-37 9.28429e-38 3.72836e-38 1.49693e-38 6.00902e-39 2.41171e-39 9.67754e-40
0.0193275 0.0151022 0.00986406 0.00584906 0.00325955 0.00173846 0.000897077 0.000451068 0.000222097 0.000107471 5.12459e-05 2.41298e-05 1.12381e-05 5.18393e-06 2.37098e-06 1.07621e-06 4.85177e-07 2.1738e-07 9.68504e-08 4.29294e-08 1.89393e-08 8.31938e-09 3.63981e-09 1.58655e-09 6.89171e-10 2.98402e-10 1.28816e-10 5.54512e-11 2.38068e-11 1.01955e-11 4.35608e-12 1.85703e-12 7.90001e-13 3.35407e-13 1.42134e-13 6.01231e-14 2.53889e-14 1.07038e-14 4.50569e-15 1.89382e-15 7.94878e-16 3.33175e-16 1.3947e-16 5.83106e-17 2.43498e-17 1.01565e-17 4.23168e-18 1.76125e-18 7.32291e-19 3.04172e-19 1.26224e-19 5.23319e-20 2.16774e-20 8.97173e-21 3.71011e-21 1.53303e-21 6.3296e-22 2.61143e-22 1.07663e-22 4.43553e-23 1.82613e-23 7.51327e-24 3.08921e-24 1.26939e-24 5.21291e-25 2.13949e-25 8.77587e-26 3.59773e-26 1.47412e-26 6.03679e-27 2.47091e-27 1.01086e-27 4.13346e-28 1.68939e-28 6.90151e-29 2.81814e-29 1.15024e-29 4.69277e-30 1.91375e-30 7.80127e-31 3.17885e-31 1.29481e-31 5.27198e-32 2.14575e-32 8.73025e-33 3.55073e-33 1.44363e-33 5.86743e-34 2.38393e-34 9.68266e-35 3.93149e-35 1.59582e-35 6.47552e-36 2.62685e-36 1.06529e-36 4.31888e-37 1.75046e-37 7.09271e-38 2.87312e-38 1.16353e-38 4.71072e-39
0.00760927 0.0069291 0.00503899 0.00325955 0.00195756 0.00111573 0.00061143 0.0003249 0.000168387 8.54799e-05 4.26388e-05 2.0951e-05 1.01604e-05 4.87093e-06 2.31138e-06 1.08682e-06 5.06839e-07 2.34608e-07 1.07861e-07 4.92819e-08 2.23888e-08 1.01178e-08 4.55015e-09 2.03703e-09 9.08113e-10 4.03247e-10 1.78403e-10 7.86559e-11 3.45659e-11 1.51438e-11 6.61552e-12 2.88208e-12 1.25234e-12 5.4284e-13 2.34751e-13 1.01293e-13 4.36145e-14 1.87416e-14 8.03796e-15 3.441e-15 1.47048e-15 6.27335e-16 2.672e-16 1.13632e-16 4.8252e-17 2.04601e-17 8.66365e-18 3.66367e-18 1.54731e-18 6.52681e-19 2.74984e-19 1.15722e-19 4.86452e-20 2.04267e-20 8.56852e-21 3.59068e-21 1.50323e-21 6.28728e-22 2.62726e-22 1.09688e-22 4.57554e-23 1.90705e-23 7.94199e-24 3.30487e-24 1.37419e-24 5.70973e-25 2.37066e-25 9.83597e-26 4.07818e-26 1.68976e-26 6.99684e-27 2.89536e-27 1.19739e-27 4.94884e-28 2.04417e-28 8.43882e-29 3.48179e-29 1.43577e-29 5.91746e-30 2.43758e-30 1.0036e-30 4.12995e-31 1.6987e-31 6.98366e-32 2.86976e-32 1.17872e-32 4.83927e-33 1.98591e-33 8.14616e-34 3.34013e-34 1.36898e-34 5.60859e-35 2.29689e-35 9.4028e-36 3.84778e-36 1.57399e-36 6.43626e-37 2.63094e-37 1.07507e-37 4.39147e-38 1.79324e-38
0.00299577 0.00311513 0.0024888 0.00173846 0.00111573 0.0006747 0.000390177 0.000217862 0.000118237 6.26705e-05 3.25599e-05 1.66276e-05 8.36497e-06 4.15305e-06 2.03788e-06 9.89528e-07 4.75958e-07 2.26976e-07 1.07398e-07 5.04541e-08 2.35469e-08 1.09226e-08 5.03815e-09 2.31173e-09 1.05555e-09 4.79775e-10 2.17138e-10 9.78783e-11 4.39535e-11 1.96675e-11 8.77084e-12 3.89894e-12 1.72797e-12 7.63623e-13 3.36538e-13 1.47931e-13 6.48649e-14 2.83747e-14 1.23842e-14 5.39347e-15 2.34406e-15 1.01673e-15 4.40164e-16 1.90208e-16 8.20502e-17 3.53342e-17 1.51916e-17 6.52126e-18 2.79513e-18 1.19629e-18 5.11285e-19 2.18221e-19 9.3016e-20 3.95974e-20 1.68361e-20 7.14984e-21 3.03285e-21 1.28504e-21 5.43894e-22 2.2996e-22 9.71282e-23 4.09833e-23 1.72763e-23 7.27586e-24 3.06142e-24 1.28699e-24 5.40571e-25 2.26863e-25 9.51306e-26 3.98593e-26 1.66879e-26 6.98139e-27 2.91852e-27 1.21918e-27 5.08944e-28 2.12311e-28 8.8508e-29 3.68729e-29 1.53516e-29 6.38749e-30 2.65607e-30 1.10379e-30 4.58441e-31 1.90296e-31 7.89463e-32 3.27337e-32 1.35652e-32 5.61861e-33 2.32599e-33 9.62423e-34 3.98025e-34 1.6453e-34 6.79785e-35 2.80735e-35 1.15884e-35 4.78139e-36 1.97194e-36 8.1292e-37 3.34979e-37 1.37977e-37 5.6809e-38
0.00117944 0.00137885 0.00119834 0.000897077 0.00061143 0.000390177 0.000236974 0.000138443 7.83706e-05 4.32168e-05 2.33079e-05 1.23324e-05 6.41726e-06 3.29055e-06 1.66538e-06 8.33048e-07 4.12324e-07 2.02135e-07 9.82297e-08 4.73543e-08 2.26604e-08 1.07699e-08 5.08635e-09 2.38804e-09 1.11504e-09 5.17973e-10 2.39458e-10 1.102e-10 5.04992e-11 2.30481e-11 1.04793e-11 4.74748e-12 2.14342e-12 9.64583e-13 4.32742e-13 1.9357e-13 8.63429e-14 3.84105e-14 1.70435e-14 7.54395e-15 3.33133e-15 1.46776e-15 6.45288e-16 2.83104e-16 1.23956e-16 5.41696e-17 2.36284e-17 1.02882e-17 4.47189e-18 1.94053e-18 8.4072e-19 3.63669e-19 1.57075e-19 6.77451e-20 2.91767e-20 1.25488e-20 5.39003e-21 2.31219e-21 9.9064e-22 4.23919e-22 1.81193e-22 7.73576e-23 3.29901e-23 1.40539e-23 5.98072e-24 2.54254e-24 1.07982e-24 4.58155e-25 1.94207e-25 8.22469e-26 3.48004e-26 1.47119e-26 6.2142e-27 2.62265e-27 1.10596e-27 4.66013e-28 1.96209e-28 8.25488e-29 3.47041e-29 1.45793e-29 6.12051e-30 2.56766e-30 1.07645e-30 4.50983e-31 1.88819e-31 7.90055e-32 3.30368e-32 1.38062e-32 5.76624e-33 2.40689e-33 1.00409e-33 4.18642e-34 1.74451e-34 7.26561e-35 3.0244e-35 1.25829e-35 5.2324e-36 2.17472e-36 9.03428e-37 3.75123e-37 1.55685e-37
0.000464346 0.000602859 0.000565563 0.000451068 0.0003249 0.000217862 0.000138443 8.43358e-05 4.96425e-05 2.83986e-05 1.5857e-05 8.67131e-06 4.65629e-06 2.46049e-06 1.28174e-06 6.59188e-07 3.35116e-07 1.68583e-07 8.39976e-08 4.14854e-08 2.03236e-08 9.88206e-09 4.77168e-09 2.28918e-09 1.09159e-09 5.17586e-10 2.44116e-10 1.14562e-10 5.35101e-11 2.48829e-11 1.15223e-11 5.31428e-12 2.44178e-12 1.11791e-12 5.10057e-13 2.3196e-13 1.05161e-13 4.75339e-14 2.14247e-14 9.63038e-15 4.31754e-15 1.93081e-15 8.61383e-16 3.83396e-16 1.70267e-16 7.54543e-17 3.33686e-17 1.47275e-17 6.48756e-18 2.85252e-18 1.25198e-18 5.48543e-19 2.39936e-19 1.04779e-19 4.56847e-20 1.98886e-20 8.64559e-21 3.75286e-21 1.62677e-21 7.04209e-22 3.04443e-22 1.31449e-22 5.66851e-23 2.4415e-23 1.05035e-23 4.51349e-24 1.93735e-24 8.3068e-25 3.55794e-25 1.52236e-25 6.50725e-26 2.77877e-26 1.18547e-26 5.0527e-27 2.15159e-27 9.15397e-28 3.89118e-28 1.65266e-28 7.0133e-29 2.97378e-29 1.25994e-29 5.334e-30 2.25644e-30 9.53833e-31 4.02905e-31 1.70068e-31 7.17363e-32 3.02383e-32 1.27375e-32 5.36194e-33 2.2557e-33 9.48341e-34 3.98454e-34 1.67312e-34 7.02128e-35 2.94476e-35 1.23434e-35 5.17098e-36 2.16506e-36 9.06004e-37 3.78929e-37
0.000182813 0.000260971 0.000262636 0.000222097 0.000168387 0.000118237 7.83706e-05 4.96425e-05 3.03073e-05 1.79436e-05 1.03504e-05 5.83777e-06 3.22864e-06 1.75499e-06 9.39366e-07 4.95894e-07 2.58532e-07 1.33263e-07 6.79821e-08 3.43513e-08 1.7206e-08 8.54842e-09 4.21518e-09 2.06393e-09 1.00398e-09 4.8538e-10 2.3331e-10 1.11539e-10 5.30516e-11 2.51112e-11 1.18318e-11 5.55067e-12 2.5933e-12 1.20686e-12 5.59551e-13 2.5851e-13 1.19025e-13 5.46247e-14 2.49913e-14 1.13998e-14 5.18518e-15 2.35201e-15 1.06408e-15 4.80181e-16 2.16162e-16 9.70806e-17 4.35014e-17 1.94503e-17 8.67829e-18 3.86418e-18 1.71722e-18 7.61674e-19 3.37219e-19 1.49032e-19 6.57502e-20 2.89592e-20 1.27342e-20 5.59076e-21 2.45079e-21 1.07274e-21 4.68874e-22 2.04648e-22 8.92001e-23 3.88281e-23 1.68797e-23 7.32887e-24 3.17816e-24 1.37656e-24 5.95537e-25 2.57352e-25 1.11088e-25 4.78997e-26 2.0632e-26 8.87775e-27 3.81616e-27 1.63879e-27 7.03073e-28 3.0135e-28 1.29045e-28 5.52105e-29 2.36004e-29 1.00796e-29 4.30132e-30 1.83401e-30 7.81359e-31 3.32626e-31 1.4149e-31 6.014e-32 2.55434e-32 1.08412e-32 4.59796e-33 1.94871e-33 8.25337e-34 3.49318e-34 1.47749e-34 6.24516e-35 2.63807e-35 1.11367e-35 4.69848e-36 1.98106e-36 8.34793e-37
7.19738e-05 0.000112045 0.000120339 0.000107471 8.54799e-05 6.26705e-05 4.32168e-05 2.83986e-05 1.79436e-05 1.09731e-05 6.52675e-06 3.79021e-06 2.15548e-06 1.20338e-06 6.60865e-07 3.57607e-07 1.90941e-07 1.0072e-07 5.25424e-08 2.71316e-08 1.3879e-08 7.03814e-09 3.54036e-09 1.76751e-09 8.76235e-10 4.31532e-10 2.1121e-10 1.02774e-10 4.97346e-11 2.3943e-11 1.14699e-11 5.46905e-12 2.5962e-12 1.22724e-12 5.77801e-13 2.70994e-13 1.26634e-13 5.89684e-14 2.73673e-14 1.26605e-14 5.83886e-15 2.68486e-15 1.23106e-15 5.62922e-16 2.56728e-16 1.16787e-16 5.29974e-17 2.39932e-17 1.08376e-17 4.88448e-18 2.19675e-18 9.8593e-19 4.41617e-19 1.97427e-19 8.80953e-20 3.92383e-20 1.74463e-20 7.74378e-21 3.43148e-21 1.51813e-21 6.70589e-22 2.95761e-22 1.30251e-22 5.72787e-23 2.51533e-23 1.10307e-23 4.83094e-24 2.11298e-24 9.23012e-25 4.02701e-25 1.75483e-25 7.63791e-26 3.32059e-26 1.44201e-26 6.25524e-27 2.71054e-27 1.17331e-27 5.07366e-28 2.19178e-28 9.45905e-29 4.07832e-29 1.75674e-29 7.5602e-30 3.25064e-30 1.39644e-30 5.99377e-31 2.57046e-31 1.10144e-31 4.71582e-32 2.01748e-32 8.62422e-33 3.68382e-33 1.57235e-33 6.70626e-34 2.85823e-34 1.21732e-34 5.18094e-35 2.20351e-35 9.36543e-36 3.9779e-36 1.68849e-36
2.83361e-05 4.77742e-05 5.45198e-05 5.12459e-05 4.26388e-05 3.25599e-05 2.33079e-05 1.5857e-05 1.03504e-05 6.52675e-06 3.99661e-06 2.38609e-06 1.39337e-06 7.97907e-07 4.4902e-07 2.48759e-07 1.35875e-07 7.32661e-08 3.90436e-08 2.05824e-08 1.07424e-08 5.5551e-09 2.84806e-09 1.44852e-09 7.31219e-10 3.6654e-10 1.82528e-10 9.03316e-11 4.44431e-11 2.17451e-11 1.05838e-11 5.12572e-12 2.47067e-12 1.18555e-12 5.66447e-13 2.69539e-13 1.27757e-13 6.03283e-14 2.83859e-14 1.33104e-14 6.22084e-15 2.89822e-15 1.34614e-15 6.23419e-16 2.87901e-16 1.32595e-16 6.09076e-17 2.79073e-17 1.27556e-17 5.81648e-18 2.64623e-18 1.20125e-18 5.4414e-19 2.45973e-19 1.10966e-19 4.99629e-20 2.24534e-20 1.00721e-20 4.51007e-21 2.01601e-21 8.99643e-22 4.00808e-22 1.78283e-22 7.91786e-23 3.51115e-23 1.55472e-23 6.87433e-24 3.0353e-24 1.33838e-24 5.89358e-25 2.59188e-25 1.13841e-25 4.99397e-26 2.1881e-26 9.5758e-27 4.18582e-27 1.82766e-27 7.97135e-28 3.47295e-28 1.51149e-28 6.57148e-29 2.85418e-29 1.23842e-29 5.36826e-30 2.3248e-30 1.00585e-30 4.34794e-31 1.87778e-31 8.10261e-32 3.49326e-32 1.50477e-32 6.47663e-33 2.78532e-33 1.19689e-33 5.13918e-34 2.20495e-34 9.45313e-35 4.04977e-35 1.73368e-35 7.41646e-36 3.17043e-36
1.1156e-05 2.02504e-05 2.44627e-05 2.41298e-05 2.0951e-05 1.66276e-05 1.23324e-05 8.67131e-06 5.83777e-06 3.79021e-06 2.38609e-06 1.46267e-06 8.75979e-07 5.13928e-07 2.96033e-07 1.67731e-07 9.36285e-08 5.15588e-08 2.80416e-08 1.50779e-08 8.0224e-09 4.22694e-09 2.20702e-09 1.14264e-09 5.86915e-10 2.99239e-10 1.51507e-10 7.62066e-11 3.80943e-11 1.89313e-11 9.35592e-12 4.59942e-12 2.24979e-12 1.09524e-12 5.30766e-13 2.561e-13 1.2306e-13 5.88976e-14 2.8082e-14 1.33406e-14 6.31543e-15 2.97969e-15 1.40131e-15 6.56973e-16 3.07086e-16 1.43125e-16 6.65217e-17 3.08349e-17 1.42558e-17 6.57433e-18 3.02451e-18 1.38815e-18 6.35667e-19 2.90445e-19 1.32424e-19 6.02519e-20 2.73588e-20 1.23987e-20 5.60825e-21 2.53207e-21 1.14116e-21 5.13399e-22 2.30582e-22 1.0339e-22 4.62837e-23 2.0687e-23 9.23208e-24 4.1139e-24 1.83052e-24 8.13352e-25 3.60894e-25 1.59916e-25 7.0767e-26 3.12757e-26 1.38049e-26 6.08592e-27 2.67974e-27 1.17855e-27 5.17725e-28 2.27175e-28 9.95728e-29 4.35964e-29 1.90677e-29 8.33099e-30 3.63623e-30 1.58553e-30 6.90669e-31 3.00573e-31 1.30684e-31 5.67667e-32 2.46361e-32 1.06823e-32 4.62784e-33 2.00319e-33 8.66361e-34 3.74385e-34 1.61654e-34 6.97445e-35 3.00672e-35 1.29522e-35 5.57527e-36
4.39211e-06 8.54018e-06 1.08847e-05 1.12381e-05 1.01604e-05 8.36497e-06 6.41726e-06 4.65629e-06 3.22864e-06 2.15548e-06 1.39337e-06 8.75979e-07 5.3745e-07 3.22719e-07 1.90091e-07 1.10051e-07 6.27241e-08 3.52444e-08 1.95473e-08 1.07122e-08 5.80586e-09 3.11461e-09 1.655e-09 8.71633e-10 4.55256e-10 2.35934e-10 1.21378e-10 6.20139e-11 3.14778e-11 1.58796e-11 7.96406e-12 3.97208e-12 1.97065e-12 9.7279e-13 4.77911e-13 2.33716e-13 1.13797e-13 5.51765e-14 2.66464e-14 1.28189e-14 6.14414e-15 2.93448e-15 1.39675e-15 6.62643e-16 3.13377e-16 1.47751e-16 6.94565e-17 3.25583e-17 1.52202e-17 7.09614e-18 3.29997e-18 1.5308e-18 7.08399e-19 3.27058e-19 1.50657e-19 6.92464e-20 3.17599e-20 1.45366e-20 6.64005e-21 3.02712e-21 1.37741e-21 6.25591e-22 2.8362e-22 1.28357e-22 5.79909e-23 2.61563e-23 1.17785e-23 5.29556e-24 2.37719e-24 1.06552e-24 4.76892e-25 2.13134e-25 9.51212e-26 4.23941e-26 1.88691e-26 8.38739e-27 3.72345e-27 1.6509e-27 7.31075e-28 3.23356e-28 1.42853e-28 6.30376e-29 2.77855e-29 1.22337e-29 5.38056e-30 2.36394e-30 1.03751e-30 4.54891e-31 1.99245e-31 8.71846e-32 3.81132e-32 1.66456e-32 7.26311e-33 3.16628e-33 1.37908e-33 6.00131e-34 2.60933e-34 1.13356e-34 4.92039e-35 2.13402e-35 9.24802e-36
1.72918e-06 3.58573e-06 4.8078e-06 5.18393e-06 4.87093e-06 4.15305e-06 3.29055e-06 2.46049e-06 1.75499e-06 1.20338e-06 7.97907e-07 5.13928e-07 3.22719e-07 1.98148e-07 1.19248e-07 7.04823e-08 4.09846e-08 2.34804e-08 1.32703e-08 7.40659e-09 4.08637e-09 2.2305e-09 1.20543e-09 6.45415e-10 3.42578e-10 1.80358e-10 9.42275e-11 4.88741e-11 2.51775e-11 1.28867e-11 6.55551e-12 3.31548e-12 1.66757e-12 8.3432e-13 4.15337e-13 2.05771e-13 1.01479e-13 4.98265e-14 2.43623e-14 1.18638e-14 5.75498e-15 2.7813e-15 1.33935e-15 6.42754e-16 3.07433e-16 1.46576e-16 6.9668e-17 3.30146e-17 1.56e-17 7.35071e-18 3.45431e-18 1.61904e-18 7.56922e-19 3.53003e-19 1.64237e-19 7.62357e-20 3.53078e-20 1.63168e-20 7.52455e-21 3.46282e-21 1.59041e-21 7.29021e-22 3.33539e-22 1.52317e-22 6.94336e-23 3.15956e-23 1.43529e-23 6.50922e-24 2.9472e-24 1.33229e-24 6.01331e-25 2.71e-25 1.2195e-25 5.47981e-26 2.45886e-26 1.1018e-26 4.93039e-27 2.20336e-27 9.83393e-28 4.38346e-28 1.9515e-28 8.67743e-29 3.85386e-29 1.7096e-29 7.57523e-30 3.35282e-30 1.48233e-30 6.54658e-31 2.88818e-31 1.27286e-31 5.604e-32 2.46479e-32 1.08302e-32 4.75417e-33 2.08498e-33 9.13537e-34 3.99902e-34 1.74901e-34 7.64273e-35 3.33679e-35 1.45559e-35
6.80778e-07 1.49968e-06 2.1099e-06 2.37098e-06 2.31138e-06 2.03788e-06 1.66538e-06 1.28174e-06 9.39366e-07 6.60865e-07 4.4902e-07 2.96033e-07 1.90091e-07 1.19248e-07 7.3264e-08 4.41766e-08 2.61892e-08 1.52875e-08 8.79837e-09 4.99816e-09 2.80539e-09 1.55715e-09 8.55381e-10 4.65352e-10 2.5088e-10 1.34108e-10 7.11166e-11 3.74292e-11 1.95594e-11 1.01525e-11 5.23615e-12 2.6842e-12 1.36808e-12 6.93453e-13 3.49659e-13 1.75427e-13 8.75926e-14 4.35357e-14 2.15434e-14 1.06157e-14 5.20988e-15 2.5469e-15 1.24043e-15 6.01951e-16 2.911e-16 1.40303e-16 6.74036e-17 3.22807e-17 1.54131e-17 7.3378e-18 3.48348e-18 1.64919e-18 7.7871e-19 3.66743e-19 1.72292e-19 8.07445e-20 3.7752e-20 1.76106e-20 8.19676e-21 3.80691e-21 1.76437e-21 8.16051e-22 3.76686e-22 1.7354e-22 7.97992e-23 3.66266e-23 1.67808e-23 7.67484e-24 3.50414e-24 1.59724e-24 7.26855e-25 3.30244e-25 1.49812e-25 6.78573e-26 3.06903e-26 1.38603e-26 6.25069e-27 2.815e-27 1.26601e-27 5.68612e-28 2.55052e-28 1.14258e-28 5.11208e-29 2.28442e-29 1.01961e-29 4.54545e-30 2.02404e-30 9.0026e-31 3.99976e-31 1.77511e-31 7.86957e-32 3.48514e-32 1.54185e-32 6.81431e-33 3.00864e-33 1.32707e-33 5.8479e-34 2.57452e-34 1.13237e-34 4.97607e-35 2.18471e-35
2.68023e-07 6.25062e-07 9.20606e-07 1.07621e-06 1.08682e-06 9.89528e-07 8.33048e-07 6.59188e-07 4.95894e-07 3.57607e-07 2.48759e-07 1.67731e-07 1.10051e-07 7.04823e-08 4.41766e-08 2.71562e-08 1.64023e-08 9.74941e-09 5.71049e-09 3.29989e-09 1.88323e-09 1.06237e-09 5.92887e-10 3.27564e-10 1.7928e-10 9.72589e-11 5.23258e-11 2.79317e-11 1.48e-11 7.78724e-12 4.07021e-12 2.11401e-12 1.09141e-12 5.60255e-13 2.8603e-13 1.45268e-13 7.34115e-14 3.69218e-14 1.84847e-14 9.21371e-15 4.57323e-15 2.26074e-15 1.11322e-15 5.46107e-16 2.66932e-16 1.30018e-16 6.31164e-17 3.05396e-17 1.47304e-17 7.08343e-18 3.39617e-18 1.62365e-18 7.74092e-19 3.68066e-19 1.74553e-19 8.25712e-20 3.8964e-20 1.83426e-20 8.6149e-21 4.037e-21 1.88762e-21 8.80724e-22 4.10074e-22 1.90548e-22 8.83662e-23 4.09008e-23 1.88956e-23 8.71354e-24 4.01099e-24 1.8431e-24 8.45484e-25 3.87203e-25 1.77037e-25 8.08162e-26 3.68347e-26 1.67631e-26 7.61736e-27 3.45639e-27 1.56611e-27 7.08619e-28 3.20192e-28 1.44486e-28 6.51139e-29 2.93063e-29 1.31735e-29 5.91432e-30 2.65205e-30 1.1878e-30 5.3137e-31 2.3744e-31 1.0598e-31 4.72514e-32 2.10443e-32 9.36256e-33 4.16102e-33 1.8474e-33 8.19375e-34 3.63058e-34 1.60711e-34 7.10722e-35 3.14012e-35
1.05521e-07 2.59724e-07 3.99613e-07 4.85177e-07 5.06839e-07 4.75958e-07 4.12324e-07 3.35116e-07 2.58532e-07 1.90941e-07 1.35875e-07 9.36285e-08 6.27241e-08 4.09846e-08 2.61892e-08 1.64023e-08 1.00876e-08 6.102e-09 3.63545e-09 2.13585e-09 1.23872e-09 7.09856e-10 4.02273e-10 2.25604e-10 1.25296e-10 6.8953e-11 3.76206e-11 2.03597e-11 1.09341e-11 5.82957e-12 3.08672e-12 1.62373e-12 8.48837e-13 4.41119e-13 2.27944e-13 1.17151e-13 5.9899e-14 3.04746e-14 1.54309e-14 7.77792e-15 3.9033e-15 1.95061e-15 9.70835e-16 4.81309e-16 2.37721e-16 1.16985e-16 5.73683e-17 2.80375e-17 1.36579e-17 6.6321e-18 3.21059e-18 1.54962e-18 7.4579e-19 3.57925e-19 1.71313e-19 8.17793e-20 3.89392e-20 1.84948e-20 8.76323e-21 4.14245e-21 1.9537e-21 9.1937e-22 4.31699e-22 2.02281e-22 9.45876e-23 4.41409e-23 2.05588e-23 9.55708e-24 4.43448e-24 2.05385e-24 9.49561e-25 4.3825e-25 2.01922e-25 9.28807e-26 4.26542e-26 1.95573e-26 8.95326e-27 4.09255e-27 1.86793e-27 8.5132e-28 3.87442e-28 1.76081e-28 7.99143e-29 3.62204e-29 1.63949e-29 7.41151e-30 3.34621e-30 1.5089e-30 6.79581e-31 3.05704e-31 1.37357e-31 6.16456e-32 2.76351e-32 1.23748e-32 5.53532e-33 2.47332e-33 1.10398e-33 4.92258e-34 2.19272e-34 9.75749e-35 4.33777e-35
4.15436e-08 1.07622e-07 1.72656e-07 2.1738e-07 2.34608e-07 2.26976e-07 2.02135e-07 1.68583e-07 1.33263e-07 1.0072e-07 7.32661e-08 5.15588e-08 3.52444e-08 2.34804e-08 1.52875e-08 9.74941e-09 6.102e-09 3.75437e-09 2.27402e-09 1.35764e-09 7.99796e-10 4.65371e-10 2.6768e-10 1.5232e-10 8.58073e-11 4.7883e-11 2.64833e-11 1.45249e-11 7.90332e-12 4.26816e-12 2.28863e-12 1.2189e-12 6.45002e-13 3.39223e-13 1.77363e-13 9.22165e-14 4.76898e-14 2.45365e-14 1.25621e-14 6.40117e-15 3.24701e-15 1.63988e-15 8.24739e-16 4.13106e-16 2.06116e-16 1.02453e-16 5.07408e-17 2.50417e-17 1.23167e-17 6.03807e-18 2.95065e-18 1.43746e-18 6.98197e-19 3.38142e-19 1.63304e-19 7.86521e-20 3.77806e-20 1.81012e-20 8.65082e-21 4.12427e-21 1.96157e-21 9.30805e-22 4.40691e-22 2.08189e-22 9.81412e-23 4.61678e-23 2.16742e-23 1.01551e-23 4.74883e-24 2.21649e-24 1.03262e-24 4.80213e-25 2.22925e-25 1.03308e-25 4.77945e-26 2.20752e-26 1.01796e-26 4.6867e-27 2.15443e-27 9.88872e-28 4.53214e-28 2.07412e-28 9.47866e-29 4.32566e-29 1.97135e-29 8.97204e-30 4.078e-30 1.85115e-30 8.39239e-31 3.80005e-31 1.71855e-31 7.76273e-32 3.50232e-32 1.57832e-32 7.1046e-33 3.19448e-33 1.43478e-33 6.43726e-34 2.88507e-34 1.2917e-34 5.77722e-35
1.63558e-08 4.44845e-08 7.42824e-08 9.68504e-08 1.07861e-07 1.07398e-07 9.82297e-08 8.39976e-08 6.79821e-08 5.25424e-08 3.90436e-08 2.80416e-08 1.95473e-08 1.32703e-08 8.79837e-09 5.71049e-09 3.63545e-09 2.27402e-09 1.39965e-09 8.48767e-10 5.07679e-10 2.99814e-10 1.74967e-10 1.00982e-10 5.76788e-11 3.26253e-11 1.82853e-11 1.01599e-11 5.59913e-12 3.06184e-12 1.66207e-12 8.95941e-13 4.79755e-13 2.55273e-13 1.35008e-13 7.09909e-14 3.71228e-14 1.93097e-14 9.99314e-15 5.14645e-15 2.638e-15 1.34612e-15 6.83918e-16 3.46025e-16 1.74364e-16 8.75217e-17 4.37664e-17 2.18065e-17 1.08269e-17 5.3573e-18 2.64214e-18 1.29891e-18 6.36591e-19 3.11055e-19 1.51547e-19 7.36259e-20 3.56713e-20 1.72365e-20 8.30709e-21 3.99348e-21 1.91508e-21 9.16182e-22 4.37284e-22 2.08237e-22 9.8944e-23 4.69119e-23 2.21953e-23 1.04796e-23 4.93806e-24 2.32229e-24 1.09004e-24 5.10691e-25 2.38824e-25 1.11486e-25 5.19521e-26 2.41681e-26 1.12242e-26 5.20419e-27 2.4091e-27 1.11346e-27 5.13836e-28 2.36766e-28 1.08936e-28 5.00489e-29 2.29615e-29 1.05196e-29 4.8129e-30 2.19903e-30 1.00342e-30 4.57271e-31 2.0812e-31 9.4605e-32 4.29519e-32 1.94773e-32 8.82193e-33 3.99112e-33 1.80356e-33 8.14105e-34 3.67073e-34 1.65331e-34 7.43862e-35
6.43928e-09 1.83457e-08 3.18359e-08 4.29294e-08 4.92819e-08 5.04541e-08 4.73543e-08 4.14854e-08 3.43513e-08 2.71316e-08 2.05824e-08 1.50779e-08 1.07122e-08 7.40659e-09 4.99816e-09 3.29989e-09 2.13585e-09 1.35764e-09 8.48767e-10 5.22585e-10 3.1724e-10 1.90073e-10 1.12499e-10 6.58294e-11 3.81108e-11 2.18431e-11 1.24016e-11 6.97854e-12 3.89396e-12 2.1555e-12 1.18417e-12 6.45883e-13 3.49876e-13 1.88294e-13 1.00705e-13 5.35391e-14 2.83019e-14 1.48794e-14 7.78174e-15 4.04932e-15 2.09694e-15 1.08086e-15 5.54632e-16 2.83378e-16 1.44184e-16 7.30674e-17 3.68845e-17 1.85496e-17 9.295e-18 4.64129e-18 2.30968e-18 1.1456e-18 5.66402e-19 2.79171e-19 1.37186e-19 6.72173e-20 3.28412e-20 1.60014e-20 7.77556e-21 3.76852e-21 1.82182e-21 8.78551e-22 4.22649e-22 2.02849e-22 9.71339e-23 4.64086e-23 2.21248e-23 1.05253e-23 4.99678e-24 2.36736e-24 1.11938e-24 5.28261e-25 2.48827e-25 1.16988e-25 5.49038e-26 2.57212e-26 1.2029e-26 5.61602e-27 2.61762e-27 1.21808e-27 5.65922e-28 2.62517e-28 1.21588e-28 5.6231e-29 2.59669e-29 1.19739e-29 5.51366e-30 2.53536e-30 1.16425e-30 5.33915e-31 2.44527e-31 1.11847e-31 5.10937e-32 2.33116e-32 1.06229e-32 4.835e-33 2.19804e-33 9.98091e-34 4.52699e-34 2.05098e-34 9.28184e-35
2.53515e-09 7.55033e-09 1.35962e-08 1.89393e-08 2.23888e-08 2.35469e-08 2.26604e-08 2.03236e-08 1.7206e-08 1.3879e-08 1.07424e-08 8.0224e-09 5.80586e-09 4.08637e-09 2.80539e-09 1.88323e-09 1.23872e-09 7.99796e-10 5.07679e-10 3.1724e-10 1.95382e-10 1.18722e-10 7.12408e-11 4.22509e-11 2.47841e-11 1.4389e-11 8.27308e-12 4.71329e-12 2.66205e-12 1.49122e-12 8.28868e-13 4.57311e-13 2.50539e-13 1.36339e-13 7.37183e-14 3.96157e-14 2.11645e-14 1.12436e-14 5.94102e-15 3.12295e-15 1.63345e-15 8.50284e-16 4.40574e-16 2.2727e-16 1.16736e-16 5.97128e-17 3.04224e-17 1.54398e-17 7.80667e-18 3.93295e-18 1.97446e-18 9.87878e-19 4.92638e-19 2.44886e-19 1.21354e-19 5.99565e-20 2.95356e-20 1.45084e-20 7.10711e-21 3.47213e-21 1.69184e-21 8.22272e-22 3.98649e-22 1.92803e-22 9.3027e-23 4.4782e-23 2.15091e-23 1.03083e-23 4.92968e-24 2.35257e-24 1.12041e-24 5.3253e-25 2.52617e-25 1.19605e-25 5.65231e-26 2.66629e-26 1.25549e-26 5.90139e-27 2.76918e-27 1.29724e-27 6.06696e-28 2.83284e-28 1.32065e-28 6.14719e-29 2.85698e-29 1.32584e-29 6.14379e-30 2.84289e-30 1.31362e-30 6.06152e-31 2.7932e-31 1.28542e-31 5.90768e-32 2.71163e-32 1.24307e-32 5.69143e-33 2.60266e-33 1.18875e-33 5.42315e-34 2.47121e-34 1.12479e-34
9.9809e-10 3.10155e-09 5.78774e-09 8.31938e-09 1.01178e-08 1.09226e-08 1.07699e-08 9.88206e-09 8.54842e-09 7.03814e-09 5.5551e-09 4.22694e-09 3.11461e-09 2.2305e-09 1.55715e-09 1.06237e-09 7.09856e-10 4.65371e-10 2.99814e-10 1.90073e-10 1.18722e-10 7.31381e-11 4.44804e-11 2.67284e-11 1.58812e-11 9.33679e-12 5.4348e-12 3.13389e-12 1.7911e-12 1.01507e-12 5.70691e-13 3.18421e-13 1.76383e-13 9.70319e-14 5.30285e-14 2.87983e-14 1.55455e-14 8.34319e-15 4.45298e-15 2.36405e-15 1.24865e-15 6.56271e-16 3.43295e-16 1.78758e-16 9.2672e-17 4.78391e-17 2.45941e-17 1.25937e-17 6.42401e-18 3.26469e-18 1.65315e-18 8.34186e-19 4.19511e-19 2.10279e-19 1.05066e-19 5.23336e-20 2.59891e-20 1.28686e-20 6.35378e-21 3.12846e-21 1.53623e-21 7.52383e-22 3.67545e-22 1.79101e-22 8.70616e-23 4.22207e-23 2.04276e-23 9.86115e-24 4.74983e-24 2.28293e-24 1.09494e-24 5.24076e-25 2.50336e-25 1.19343e-25 5.67849e-26 2.69681e-26 1.2784e-26 6.0492e-27 2.85733e-27 1.34732e-27 6.34226e-28 2.98053e-28 1.39841e-28 6.55062e-29 3.06372e-29 1.43069e-29 6.67096e-30 3.1059e-30 1.44396e-30 6.70352e-31 3.10772e-31 1.43875e-31 6.65179e-32 3.07126e-32 1.41621e-32 6.52204e-33 2.99979e-33 1.37803e-33 6.32267e-34 2.89748e-34 1.32626e-34
3.92949e-10 1.27186e-09 2.45643e-09 3.63981e-09 4.55015e-09 5.03815e-09 5.08635e-09 4.77168e-09 4.21518e-09 3.54036e-09 2.84806e-09 2.20702e-09 1.655e-09 1.20543e-09 8.55381e-10 5.92887e-10 4.02273e-10 2.6768e-10 1.74967e-10 1.12499e-10 7.12408e-11 4.44804e-11 2.74086e-11 1.66823e-11 1.00372e-11 5.97397e-12 3.51946e-12 2.05354e-12 1.18733e-12 6.80593e-13 3.86939e-13 2.18278e-13 1.22224e-13 6.79555e-14 3.75282e-14 2.05913e-14 1.12285e-14 6.08675e-15 3.28078e-15 1.75872e-15 9.37849e-16 4.97594e-16 2.62725e-16 1.38067e-16 7.22294e-17 3.76218e-17 1.95133e-17 1.00797e-17 5.18624e-18 2.65825e-18 1.35747e-18 6.90726e-19 3.50243e-19 1.76997e-19 8.91535e-20 4.47638e-20 2.24064e-20 1.11817e-20 5.56382e-21 2.76058e-21 1.36591e-21 6.74017e-22 3.31723e-22 1.62842e-22 7.97387e-23 3.89504e-23 1.8981e-23 9.22819e-24 4.47639e-24 2.16658e-24 1.04636e-24 5.04272e-25 2.42521e-25 1.164e-25 5.57569e-26 2.66563e-26 1.27197e-26 6.0582e-27 2.88019e-27 1.36686e-27 6.47542e-28 3.06244e-28 1.4459e-28 6.81543e-29 3.20736e-29 1.507e-29 7.06975e-30 3.31156e-30 1.54886e-30 7.23354e-31 3.37337e-31 1.57095e-31 7.30559e-32 3.39277e-32 1.57351e-32 7.28805e-33 3.37124e-33 1.55744e-33 7.18606e-34 3.31156e-34 1.52422e-34
1.54704e-10 5.20726e-10 1.03968e-09 1.58655e-09 2.03703e-09 2.31173e-09 2.38804e-09 2.28918e-09 2.06393e-09 1.76751e-09 1.44852e-09 1.14264e-09 8.71633e-10 6.45415e-10 4.65352e-10 3.27564e-10 2.25604e-10 1.5232e-10 1.00982e-10 6.58294e-11 4.22509e-11 2.67284e-11 1.66823e-11 1.02818e-11 6.26261e-12 3.77244e-12 2.2488e-12 1.32738e-12 7.76222e-13 4.49921e-13 2.58607e-13 1.47461e-13 8.34471e-14 4.6881e-14 2.61563e-14 1.4497e-14 7.98413e-15 4.37057e-15 2.37857e-15 1.28725e-15 6.929e-16 3.71046e-16 1.97705e-16 1.04838e-16 5.53357e-17 2.90767e-17 1.52126e-17 7.92583e-18 4.1127e-18 2.12572e-18 1.09455e-18 5.6152e-19 2.87041e-19 1.46224e-19 7.42388e-20 3.75685e-20 1.89512e-20 9.53032e-21 4.7783e-21 2.38874e-21 1.19077e-21 5.91945e-22 2.93468e-22 1.4511e-22 7.15673e-23 3.52083e-23 1.72787e-23 8.45943e-24 4.13197e-24 2.01365e-24 9.79136e-25 4.75069e-25 2.3001e-25 1.1113e-25 5.35834e-26 2.57849e-26 1.23837e-26 5.93619e-27 2.84022e-27 1.35644e-27 6.46646e-28 3.07729e-28 1.46191e-28 6.93329e-29 3.28274e-29 1.55176e-29 7.32354e-30 3.45092e-30 1.62361e-30 7.62729e-31 3.57779e-31 1.67582e-31 7.8382e-32 3.66096e-32 1.70755e-32 7.95356e-33 3.69973e-33 1.71873e-33 7.97414e-34 3.69496e-34 1.70998e-34
6.09072e-11 2.12881e-10 4.38914e-10 6.89171e-10 9.08113e-10 1.05555e-09 1.11504e-09 1.09159e-09 1.00398e-09 8.76235e-10 7.31219e-10 5.86915e-10 4.55256e-10 3.42578e-10 2.5088e-10 1.7928e-10 1.25296e-10 8.58073e-11 5.76788e-11 3.81108e-11 2.47841e-11 1.58812e-11 1.00372e-11 6.26261e-12 3.86062e-12 2.35306e-12 1.41896e-12 8.47083e-13 5.00885e-13 2.9351e-13 1.70522e-13 9.82631e-14 5.61854e-14 3.18886e-14 1.79709e-14 1.00592e-14 5.59419e-15 3.0918e-15 1.69861e-15 9.27871e-16 5.04067e-16 2.72386e-16 1.46441e-16 7.8343e-17 4.17133e-17 2.21084e-17 1.16657e-17 6.12923e-18 3.207e-18 1.67127e-18 8.67568e-19 4.48665e-19 2.31181e-19 1.18697e-19 6.07337e-20 3.09717e-20 1.57429e-20 7.97684e-21 4.02938e-21 2.02929e-21 1.01902e-21 5.1025e-22 2.54789e-22 1.26884e-22 6.30211e-23 3.12212e-23 1.54284e-23 7.60556e-24 3.74025e-24 1.83508e-24 8.98293e-25 4.38743e-25 2.13823e-25 1.03985e-25 5.04635e-26 2.44398e-26 1.18126e-26 5.6983e-27 2.74353e-27 1.31843e-27 6.32414e-28 3.02804e-28 1.44728e-28 6.90541e-29 3.28917e-29 1.56407e-29 7.42529e-30 3.51942e-30 1.66549e-30 7.86938e-31 3.71258e-31 1.74889e-31 8.22637e-32 3.86391e-32 1.8123e-32 8.4884e-33 3.97033e-33 1.85456e-33 8.65125e-34 4.03042e-34 1.87527e-34
2.39792e-11 8.69103e-11 1.84852e-10 2.98402e-10 4.03247e-10 4.79775e-10 5.17973e-10 5.17586e-10 4.8538e-10 4.31532e-10 3.6654e-10 2.99239e-10 2.35934e-10 1.80358e-10 1.34108e-10 9.72589e-11 6.8953e-11 4.7883e-11 3.26253e-11 2.18431e-11 1.4389e-11 9.33679e-12 5.97397e-12 3.77244e-12 2.35306e-12 1.45082e-12 8.84827e-13 5.34108e-13 3.19277e-13 1.89101e-13 1.11023e-13 6.46407e-14 3.73379e-14 2.14043e-14 1.21817e-14 6.88506e-15 3.8657e-15 2.15669e-15 1.19591e-15 6.59268e-16 3.61393e-16 1.97034e-16 1.06865e-16 5.76686e-17 3.09694e-17 1.65534e-17 8.80792e-18 4.6661e-18 2.46145e-18 1.29313e-18 6.76651e-19 3.52704e-19 1.8316e-19 9.47699e-20 4.88628e-20 2.51071e-20 1.28578e-20 6.56342e-21 3.33982e-21 1.69427e-21 8.56927e-22 4.32156e-22 2.17322e-22 1.08985e-22 5.45072e-23 2.71894e-23 1.35278e-23 6.71378e-24 3.32385e-24 1.64163e-24 8.08894e-25 3.97663e-25 1.95059e-25 9.54699e-26 4.66269e-26 2.27246e-26 1.10526e-26 5.36487e-27 2.59896e-27 1.25661e-27 6.06432e-28 2.92118e-28 1.40458e-28 6.74155e-29 3.23009e-29 1.54499e-29 7.3774e-30 3.51695e-30 1.67388e-30 7.95409e-31 3.77379e-31 1.78772e-31 8.45599e-32 3.9938e-32 1.88354e-32 8.87039e-33 4.17156e-33 1.95909e-33 9.18792e-34 4.30327e-34 2.01284e-34
9.44063e-12 3.54366e-11 7.76783e-11 1.28816e-10 1.78403e-10 2.17138e-10 2.39458e-10 2.44116e-10 2.3331e-10 2.1121e-10 1.82528e-10 1.51507e-10 1.21378e-10 9.42275e-11 7.11166e-11 5.23258e-11 3.76206e-11 2.64833e-11 1.82853e-11 1.24016e-11 8.27308e-12 5.4348e-12 3.51946e-12 2.2488e-12 1.41896e-12 8.84827e-13 5.4565e-13 3.32971e-13 2.01177e-13 1.20409e-13 7.14249e-14 4.20091e-14 2.45084e-14 1.41881e-14 8.15314e-15 4.65215e-15 2.63659e-15 1.48461e-15 8.3076e-16 4.62104e-16 2.55566e-16 1.4056e-16 7.68954e-17 4.18509e-17 2.26648e-17 1.22156e-17 6.55338e-18 3.50001e-18 1.86118e-18 9.85562e-19 5.1977e-19 2.73039e-19 1.42881e-19 7.44922e-20 3.86972e-20 2.00321e-20 1.03345e-20 5.31394e-21 2.72359e-21 1.39156e-21 7.0882e-22 3.59977e-22 1.82286e-22 9.20451e-23 4.63499e-23 2.3277e-23 1.16591e-23 5.82484e-24 2.90279e-24 1.44305e-24 7.15661e-25 3.54092e-25 1.74795e-25 8.60934e-26 4.23115e-26 2.07498e-26 1.01545e-26 4.95915e-27 2.41702e-27 1.1757e-27 5.70785e-28 2.76582e-28 1.33773e-28 6.45831e-29 3.11238e-29 1.49728e-29 7.19061e-30 3.44741e-30 1.65006e-30 7.88494e-31 3.76185e-31 1.79193e-31 8.52254e-32 4.04723e-32 1.9191e-32 9.0866e-33 4.29614e-33 2.02833e-33 9.56298e-34 4.50248e-34 2.11702e-34
3.71678e-12 1.44317e-11 3.2574e-11 5.54512e-11 7.86559e-11 9.78783e-11 1.102e-10 1.14562e-10 1.11539e-10 1.02774e-10 9.03316e-11 7.62066e-11 6.20139e-11 4.88741e-11 3.74292e-11 2.79317e-11 2.03597e-11 1.45249e-11 1.01599e-11 6.97854e-12 4.71329e-12 3.13389e-12 2.05354e-12 1.32738e-12 8.47083e-13 5.34108e-13 3.32971e-13 2.05367e-13 1.25387e-13 7.58227e-14 4.54342e-14 2.69895e-14 1.59006e-14 9.29408e-15 5.39167e-15 3.10533e-15 1.7762e-15 1.00925e-15 5.69833e-16 3.19773e-16 1.78396e-16 9.89627e-17 5.46e-17 2.99662e-17 1.63632e-17 8.89157e-18 4.80877e-18 2.58881e-18 1.38753e-18 7.40498e-19 3.93549e-19 2.08316e-19 1.09837e-19 5.76933e-20 3.01926e-20 1.57442e-20 8.18143e-21 4.23708e-21 2.18712e-21 1.12534e-21 5.77216e-22 2.95169e-22 1.50492e-22 7.65071e-23 3.87849e-23 1.96077e-23 9.88608e-24 4.97142e-24 2.49358e-24 1.24761e-24 6.22686e-25 3.10041e-25 1.54011e-25 7.63292e-26 3.77446e-26 1.86237e-26 9.16945e-27 4.50513e-27 2.20889e-27 1.08085e-27 5.27832e-28 2.57267e-28 1.25154e-28 6.07708e-29 2.94544e-29 1.42503e-29 6.88229e-30 3.3181e-30 1.59702e-30 7.67367e-31 3.68117e-31 1.76307e-31 8.43073e-32 4.02519e-32 1.91886e-32 9.13375e-33 4.34123e-33 2.06037e-33 9.7647e-34 4.62127e-34 2.18406e-34
1.4633e-12 5.87089e-12 1.36331e-11 2.38068e-11 3.45659e-11 4.39535e-11 5.04992e-11 5.35101e-11 5.30516e-11 4.97346e-11 4.44431e-11 3.80943e-11 3.14778e-11 2.51775e-11 1.95594e-11 1.48e-11 1.09341e-11 7.90332e-12 5.59913e-12 3.89396e-12 2.66205e-12 1.7911e-12 1.18733e-12 7.76222e-13 5.00885e-13 3.19277e-13 2.01177e-13 1.25387e-13 7.73463e-14 4.72471e-14 2.85938e-14 1.71524e-14 1.02028e-14 6.02031e-15 3.52518e-15 2.04904e-15 1.18266e-15 6.78016e-16 3.86193e-16 2.18606e-16 1.23004e-16 6.88135e-17 3.82837e-17 2.11849e-17 1.16625e-17 6.38839e-18 3.48251e-18 1.88958e-18 1.02065e-18 5.4889e-19 2.93936e-19 1.56759e-19 8.32686e-20 4.40603e-20 2.32262e-20 1.21989e-20 6.38443e-21 3.32982e-21 1.73084e-21 8.96753e-22 4.63129e-22 2.38441e-22 1.22389e-22 6.2636e-23 3.19633e-23 1.62652e-23 8.25414e-24 4.17755e-24 2.10879e-24 1.06178e-24 5.33269e-25 2.67176e-25 1.33539e-25 6.65893e-26 3.31287e-26 1.64449e-26 8.14522e-27 4.0257e-27 1.98548e-27 9.77218e-28 4.79998e-28 2.35302e-28 1.15124e-28 5.62187e-29 2.74019e-29 1.33316e-29 6.47445e-30 3.13873e-30 1.51898e-30 7.33849e-31 3.53944e-31 1.70431e-31 8.19329e-32 3.93259e-32 1.88461e-32 9.0177e-33 4.30839e-33 2.05536e-33 9.79103e-34 4.6574e-34 2.21231e-34
5.76103e-13 2.38582e-12 5.69537e-12 1.01955e-11 1.51438e-11 1.96675e-11 2.30481e-11 2.48829e-11 2.51112e-11 2.3943e-11 2.17451e-11 1.89313e-11 1.58796e-11 1.28867e-11 1.01525e-11 7.78724e-12 5.82957e-12 4.26816e-12 3.06184e-12 2.1555e-12 1.49122e-12 1.01507e-12 6.80593e-13 4.49921e-13 2.9351e-13 1.89101e-13 1.20409e-13 7.58227e-14 4.72471e-14 2.91489e-14 1.78138e-14 1.0789e-14 6.47851e-15 3.85845e-15 2.28009e-15 1.33733e-15 7.7877e-16 4.50395e-16 2.58768e-16 1.47731e-16 8.38268e-17 4.7287e-17 2.65242e-17 1.47969e-17 8.21126e-18 4.53355e-18 2.49075e-18 1.36193e-18 7.41274e-19 4.01665e-19 2.16707e-19 1.16428e-19 6.22986e-20 3.32034e-20 1.76287e-20 9.32478e-21 4.91454e-21 2.58104e-21 1.35088e-21 7.04675e-22 3.66392e-22 1.89901e-22 9.81218e-23 5.05469e-23 2.59625e-23 1.32969e-23 6.7911e-24 3.45892e-24 1.75703e-24 8.90193e-25 4.49863e-25 2.26773e-25 1.14036e-25 5.72078e-26 2.86321e-26 1.42974e-26 7.12337e-27 3.54129e-27 1.75672e-27 8.69622e-28 4.29595e-28 2.11792e-28 1.04207e-28 5.11725e-29 2.50811e-29 1.227e-29 5.99156e-30 2.92046e-30 1.421e-30 6.90204e-31 3.34671e-31 1.62005e-31 7.82929e-32 3.77755e-32 1.81972e-32 8.75222e-33 4.20302e-33 2.01533e-33 9.64899e-34 4.61297e-34 2.20217e-34
2.26812e-13 9.68611e-13 2.3752e-12 4.35608e-12 6.61552e-12 8.77084e-12 1.04793e-11 1.15223e-11 1.18318e-11 1.14699e-11 1.05838e-11 9.35592e-12 7.96406e-12 6.55551e-12 5.23615e-12 4.07021e-12 3.08672e-12 2.28863e-12 1.66207e-12 1.18417e-12 8.28868e-13 5.70691e-13 3.86939e-13 2.58607e-13 1.70522e-13 1.11023e-13 7.14249e-14 4.54342e-14 2.85938e-14 1.78138e-14 1.09916e-14 6.72018e-15 4.07295e-15 2.44804e-15 1.45971e-15 8.63787e-16 5.07429e-16 2.96008e-16 1.71519e-16 9.87455e-17 5.64966e-17 3.21314e-17 1.81691e-17 1.02169e-17 5.7145e-18 3.17968e-18 1.76041e-18 9.69922e-19 5.31891e-19 2.90358e-19 1.57809e-19 8.54033e-20 4.60275e-20 2.47065e-20 1.32102e-20 7.03647e-21 3.7342e-21 1.9746e-21 1.0405e-21 5.46418e-22 2.86001e-22 1.49213e-22 7.76029e-23 4.02359e-23 2.07993e-23 1.07204e-23 5.50977e-24 2.82387e-24 1.44335e-24 7.35771e-25 3.74095e-25 1.89721e-25 9.59771e-26 4.84352e-26 2.43848e-26 1.22479e-26 6.13782e-27 3.06896e-27 1.53115e-27 7.62269e-28 3.7869e-28 1.87742e-28 9.28882e-29 4.58665e-29 2.26039e-29 1.11183e-29 5.45859e-30 2.67498e-30 1.3085e-30 6.38933e-31 3.11443e-31 1.5155e-31 7.36208e-32 3.57047e-32 1.72879e-32 8.35728e-33 4.03369e-33 1.94387e-33 9.35343e-34 4.4939e-34 2.15593e-34
8.92961e-14 3.92882e-13 9.8894e-13 1.85703e-12 2.88208e-12 3.89894e-12 4.74748e-12 5.31428e-12 5.55067e-12 5.46905e-12 5.12572e-12 4.59942e-12 3.97208e-12 3.31548e-12 2.6842e-12 2.11401e-12 1.62373e-12 1.2189e-12 8.95941e-13 6.45883e-13 4.57311e-13 3.18421e-13 2.18278e-13 1.47461e-13 9.82631e-14 6.46407e-14 4.20091e-14 2.69895e-14 1.71524e-14 1.0789e-14 6.72018e-15 4.14701e-15 2.53648e-15 1.53832e-15 9.2543e-16 5.52426e-16 3.27326e-16 1.92572e-16 1.12522e-16 6.53169e-17 3.76764e-17 2.16008e-17 1.23118e-17 6.97776e-18 3.93313e-18 2.20531e-18 1.23023e-18 6.82901e-19 3.77273e-19 2.07465e-19 1.13576e-19 6.19066e-20 3.36013e-20 1.81633e-20 9.77924e-21 5.24487e-21 2.80241e-21 1.49189e-21 7.91404e-22 4.18361e-22 2.20413e-22 1.15743e-22 6.05839e-23 3.16126e-23 1.64451e-23 8.52939e-24 4.41099e-24 2.27467e-24 1.16976e-24 5.99923e-25 3.06861e-25 1.56553e-25 7.96669e-26 4.04405e-26 2.04785e-26 1.03454e-26 5.21417e-27 2.62199e-27 1.31554e-27 6.58608e-28 3.29015e-28 1.64018e-28 8.15957e-29 4.05101e-29 2.00723e-29 9.92619e-30 4.89932e-30 2.41364e-30 1.18688e-30 5.82581e-31 2.8545e-31 1.39619e-31 6.81727e-32 3.3231e-32 1.61717e-32 7.85699e-33 3.81118e-33 1.84577e-33 8.92524e-34 4.30922e-34 2.07742e-34
3.51559e-14 1.59221e-13 4.11124e-13 7.90001e-13 1.25234e-12 1.72797e-12 2.14342e-12 2.44178e-12 2.5933e-12 2.5962e-12 2.47067e-12 2.24979e-12 1.97065e-12 1.66757e-12 1.36808e-12 1.09141e-12 8.48837e-13 6.45002e-13 4.79755e-13 3.49876e-13 2.50539e-13 1.76383e-13 1.22224e-13 8.34471e-14 5.61854e-14 3.73379e-14 2.45084e-14 1.59006e-14 1.02028e-14 6.47851e-15 4.07295e-15 2.53648e-15 1.56543e-15 9.57842e-16 5.81271e-16 3.49979e-16 2.09135e-16 1.2407e-16 7.30953e-17 4.27769e-17 2.48735e-17 1.4374e-17 8.25707e-18 4.71602e-18 2.67863e-18 1.51328e-18 8.50498e-19 4.75606e-19 2.64673e-19 1.46598e-19 8.08288e-20 4.43692e-20 2.42511e-20 1.31999e-20 7.1557e-21 3.86387e-21 2.07841e-21 1.11383e-21 5.94753e-22 3.16461e-22 1.67807e-22 8.86836e-23 4.67152e-23 2.45295e-23 1.28401e-23 6.70089e-24 3.48665e-24 1.80895e-24 9.35875e-25 4.82845e-25 2.48442e-25 1.27496e-25 6.52592e-26 3.33189e-26 1.69693e-26 8.62154e-27 4.36993e-27 2.20981e-27 1.11492e-27 5.61263e-28 2.81927e-28 1.41311e-28 7.06803e-29 3.52798e-29 1.75741e-29 8.7369e-30 4.33505e-30 2.14683e-30 1.06117e-30 5.23564e-31 2.57849e-31 1.26762e-31 6.22082e-32 3.04762e-32 1.49052e-32 7.27763e-33 3.54758e-33 1.72653e-33 8.38938e-34 4.07012e-34 1.9716e-34
