0.372629 0.0344198 0.0212631 0.0142262 0.00999306 0.00722841 0.00532276 0.0039633 0.00297211 0.00223922 0.00169233 0.0012817 0.000972086 0.000737966 0.000560574 0.000425978 0.000323757 0.000246075 0.00018702 0.000142113 0.000107962 8.19882e-05 6.22325e-05 4.72039e-05 3.57674e-05 2.70582e-05 2.04167e-05 1.5339e-05 1.14393e-05 8.421e-06 6.38203e-06
0.0344198 0.00580709 0.00336964 0.00206887 0.00131749 0.000861007 0.000573934 0.000388661 0.000266597 0.000184804 0.000129223 9.10117e-05 6.44859e-05 4.59226e-05 3.28432e-05 2.35748e-05 1.69749e-05 1.22557e-05 8.86899e-06 6.43093e-06 4.6709e-06 3.39712e-06 2.47308e-06 1.80122e-06 1.31154e-06 9.53679e-07 6.91297e-07 4.98103e-07 3.55063e-07 2.4843e-07 1.82717e-07
0.0212631 0.00336964 0.00183989 0.00108134 0.00066859 0.000428499 0.000281984 0.000189339 0.000129143 8.91865e-05 6.22092e-05 4.37443e-05 3.09646e-05 2.2039e-05 1.57584e-05 1.13113e-05 8.14598e-06 5.88292e-06 4.25878e-06 3.08933e-06 2.24482e-06 1.63337e-06 1.18958e-06 8.66719e-07 6.31262e-07 4.59083e-07 3.32776e-07 2.39768e-07 1.70993e-07 1.23938e-07 9.12063e-08
0.0142262 0.00206887 0.00108134 0.000614566 0.000371165 0.000234167 0.000152511 0.000101709 6.90613e-05 4.75512e-05 3.31015e-05 2.32452e-05 1.64397e-05 1.16943e-05 8.35877e-06 5.99877e-06 4.31976e-06 3.11971e-06 2.25859e-06 1.63857e-06 1.19082e-06 8.66603e-07 6.3126e-07 4.60025e-07 3.35134e-07 2.43813e-07 1.76852e-07 1.27617e-07 9.28912e-08 6.73345e-08 4.95603e-08
0.00999306 0.00131749 0.00066859 0.000371165 0.000220446 0.00013753 8.89192e-05 5.90184e-05 3.99485e-05 2.74479e-05 1.90791e-05 1.33841e-05 9.4584e-06 6.72429e-06 4.8042e-06 3.44657e-06 2.4812e-06 1.7915e-06 1.29675e-06 9.4063e-07 6.83513e-07 4.97377e-07 3.62294e-07 2.64032e-07 1.92391e-07 1.4004e-07 1.01703e-07 7.4191e-08 5.40082e-08 3.9149e-08 2.88112e-08
0.00722841 0.000861007 0.000428499 0.000234167 0.00013753 8.51656e-05 5.48006e-05 3.62604e-05 2.44933e-05 1.68044e-05 1.16681e-05 8.17827e-06 5.77536e-06 4.10337e-06 2.93007e-06 2.10101e-06 1.51184e-06 1.09113e-06 7.89493e-07 5.72475e-07 4.1586e-07 3.02531e-07 2.20324e-07 1.60557e-07 1.17011e-07 8.52232e-08 6.22227e-08 4.53897e-08 3.30399e-08 2.39478e-08 1.76185e-08
0.00532276 0.000573934 0.000281984 0.000152511 8.89192e-05 5.48006e-05 3.51542e-05 2.3214e-05 1.56585e-05 1.07315e-05 7.4448e-06 5.21401e-06 3.67941e-06 2.61244e-06 1.86426e-06 1.33596e-06 9.60766e-07 6.93025e-07 5.01181e-07 3.63237e-07 2.63746e-07 1.91796e-07 1.39637e-07 1.01742e-07 7.41563e-08 5.41377e-08 3.95196e-08 2.88233e-08 2.09775e-08 1.52029e-08 1.11801e-08
0.0039633 0.000388661 0.000189339 0.000101709 5.90184e-05 3.62604e-05 2.3214e-05 1.5308e-05 1.03147e-05 7.06279e-06 4.89567e-06 3.42604e-06 2.41586e-06 1.71405e-06 1.2223e-06 8.75316e-07 6.29075e-07 4.53481e-07 3.2775e-07 2.37406e-07 1.7229e-07 1.25232e-07 9.11413e-08 6.6393e-08 4.84322e-08 3.53466e-08 2.57949e-08 1.88083e-08 1.36855e-08 9.91672e-09 7.28938e-09
0.00297211 0.000266597 0.000129143 6.90613e-05 3.99485e-05 2.44933e-05 1.56585e-05 1.03147e-05 6.94394e-06 4.75072e-06 3.29035e-06 2.30079e-06 1.62112e-06 1.14929e-06 8.18946e-07 5.86039e-07 4.2088e-07 3.03194e-07 2.1899e-07 1.5853e-07 1.14984e-07 8.35359e-08 6.07712e-08 4.42737e-08 3.22832e-08 2.35517e-08 1.71813e-08 1.25239e-08 9.11045e-09 6.60044e-09 4.84943e-09
0.00223922 0.000184804 8.91865e-05 4.75512e-05 2.74479e-05 1.68044e-05 1.07315e-05 7.06279e-06 4.75072e-06 3.24755e-06 2.24741e-06 1.57022e-06 1.10547e-06 7.83101e-07 5.57579e-07 3.98705e-07 2.86134e-07 2.05983e-07 1.48679e-07 1.07564e-07 7.79725e-08 5.66181e-08 4.11779e-08 2.99848e-08 2.18542e-08 1.59368e-08 1.16217e-08 8.46855e-09 6.15876e-09 4.4612e-09 3.27618e-09
0.00169233 0.000129223 6.22092e-05 3.31015e-05 1.90791e-05 1.16681e-05 7.4448e-06 4.89567e-06 3.29035e-06 2.24741e-06 1.55399e-06 1.08485e-06 7.63129e-07 5.40158e-07 3.84301e-07 2.74594e-07 1.96922e-07 1.41663e-07 1.02186e-07 7.38819e-08 5.35261e-08 3.88496e-08 2.82401e-08 2.05536e-08 1.49734e-08 1.09144e-08 7.95612e-09 5.79554e-09 4.21367e-09 3.05172e-09 2.24008e-09
0.0012817 9.10117e-05 4.37443e-05 2.32452e-05 1.33841e-05 8.17827e-06 5.21401e-06 3.42604e-06 2.30079e-06 1.57022e-06 1.08485e-06 7.56708e-07 5.31869e-07 3.7617e-07 2.67424e-07 1.90941e-07 1.36834e-07 9.83701e-08 7.09115e-08 5.12391e-08 3.71022e-08 2.69141e-08 1.95538e-08 1.42245e-08 1.03578e-08 7.54682e-09 5.49919e-09 4.00448e-09 2.91069e-09 2.10768e-09 1.54645e-09
0.000972086 6.44859e-05 3.09646e-05 1.64397e-05 9.4584e-06 5.77536e-06 3.67941e-06 2.41586e-06 1.62112e-06 1.10547e-06 7.63129e-07 5.31869e-07 3.73538e-07 2.63984e-07 1.87529e-07 1.33799e-07 9.58189e-08 6.88389e-08 4.95926e-08 3.58141e-08 2.59181e-08 1.87909e-08 1.36451e-08 9.92138e-09 7.22116e-09 5.25921e-09 3.83082e-09 2.78866e-09 2.02643e-09 1.46713e-09 1.07601e-09
0.000737966 4.59226e-05 2.2039e-05 1.16943e-05 6.72429e-06 4.10337e-06 2.61244e-06 1.71405e-06 1.14929e-06 7.83101e-07 5.40158e-07 3.7617e-07 2.63984e-07 1.8642e-07 1.32334e-07 9.43524e-08 6.75245e-08 4.84807e-08 3.49056e-08 2.5193e-08 1.82217e-08 1.3204e-08 9.58335e-09 6.9648e-09 5.06702e-09 3.68884e-09 2.68596e-09 1.95463e-09 1.42e-09 1.02792e-09 7.53582e-10
0.000560574 3.28432e-05 1.57584e-05 8.35877e-06 4.8042e-06 2.93007e-06 1.86426e-06 1.2223e-06 8.18946e-07 5.57579e-07 3.84301e-07 2.67424e-07 1.87529e-07 1.32334e-07 9.38738e-08 6.68863e-08 4.78375e-08 3.43253e-08 2.46994e-08 1.78167e-08 1.28797e-08 9.32832e-09 6.76715e-09 4.91587e-09 3.57486e-09 2.6015e-09 1.89356e-09 1.37756e-09 1.00052e-09 7.24147e-10 5.30679e-10
0.000425978 2.35748e-05 1.13113e-05 5.99877e-06 3.44657e-06 2.10101e-06 1.33596e-06 8.75316e-07 5.86039e-07 3.98705e-07 2.74594e-07 1.90941e-07 1.33799e-07 9.43524e-08 6.68863e-08 4.76269e-08 3.40424e-08 2.44124e-08 1.75565e-08 1.26575e-08 9.14543e-09 6.62047e-09 4.80054e-09 3.48574e-09 2.53382e-09 1.84321e-09 1.34116e-09 9.75395e-10 7.0826e-10 5.12539e-10 3.75466e-10
0.000323757 1.69749e-05 8.14598e-06 4.31976e-06 2.4812e-06 1.51184e-06 9.60766e-07 6.29075e-07 4.2088e-07 2.86134e-07 1.96922e-07 1.36834e-07 9.58189e-08 6.75245e-08 4.78375e-08 3.40424e-08 2.43182e-08 1.74292e-08 1.25277e-08 9.0273e-09 6.51931e-09 4.71719e-09 3.41894e-09 2.48149e-09 1.80311e-09 1.31118e-09 9.53725e-10 6.9342e-10 5.03393e-10 3.64232e-10 2.66727e-10
0.000246075 1.22557e-05 5.88292e-06 3.11971e-06 1.7915e-06 1.09113e-06 6.93025e-07 4.53481e-07 3.03194e-07 2.05983e-07 1.41663e-07 9.83701e-08 6.88389e-08 4.84807e-08 3.43253e-08 2.44124e-08 1.74292e-08 1.2485e-08 8.96933e-09 6.46e-09 4.66307e-09 3.37255e-09 2.44333e-09 1.77267e-09 1.28757e-09 9.35959e-10 6.80578e-10 4.94685e-10 3.5904e-10 2.59748e-10 1.90149e-10
0.00018702 8.86899e-06 4.25878e-06 2.25859e-06 1.29675e-06 7.89493e-07 5.01181e-07 3.2775e-07 2.1899e-07 1.48679e-07 1.02186e-07 7.09115e-08 4.95926e-08 3.49056e-08 2.46994e-08 1.75565e-08 1.25277e-08 8.96933e-09 6.44045e-09 4.63643e-09 3.34524e-09 2.41839e-09 1.75134e-09 1.27013e-09 9.22215e-10 6.70148e-10 4.87144e-10 3.5399e-10 2.56868e-10 1.85807e-10 1.35975e-10
0.000142113 6.43093e-06 3.08933e-06 1.63857e-06 9.4063e-07 5.72475e-07 3.63237e-07 2.37406e-07 1.5853e-07 1.07564e-07 7.38819e-08 5.12391e-08 3.58141e-08 2.5193e-08 1.78167e-08 1.26575e-08 9.0273e-09 6.46e-09 4.63643e-09 3.33622e-09 2.40608e-09 1.73873e-09 1.25865e-09 9.12471e-10 6.62293e-10 4.81112e-10 3.49625e-10 2.53994e-10 1.84269e-10 1.33274e-10 9.75002e-11
0.000107962 4.6709e-06 2.24482e-06 1.19082e-06 6.83513e-07 4.1586e-07 2.63746e-07 1.7229e-07 1.14984e-07 7.79725e-08 5.35261e-08 3.71022e-08 2.59181e-08 1.82217e-08 1.28797e-08 9.14543e-09 6.51931e-09 4.66307e-09 3.34524e-09 2.40608e-09 1.73455e-09 1.25296e-09 9.06662e-10 6.57058e-10 4.76746e-10 3.46215e-10 2.51523e-10 1.82679e-10 1.32504e-10 9.58229e-11 7.00804e-11
8.19882e-05 3.39712e-06 1.63337e-06 8.66603e-07 4.97377e-07 3.02531e-07 1.91796e-07 1.25232e-07 8.35359e-08 5.66181e-08 3.88496e-08 2.69141e-08 1.87909e-08 1.3204e-08 9.32832e-09 6.62047e-09 4.71719e-09 3.37255e-09 2.41839e-09 1.73873e-09 1.25296e-09 9.04732e-10 6.54444e-10 4.74112e-10 3.43893e-10 2.49661e-10 1.81327e-10 1.31664e-10 9.54826e-11 6.90417e-11 5.04791e-11
6.22325e-05 2.47308e-06 1.18958e-06 6.3126e-07 3.62294e-07 2.20324e-07 1.39637e-07 9.11413e-08 6.07712e-08 4.11779e-08 2.82401e-08 1.95538e-08 1.36451e-08 9.58335e-09 6.76715e-09 4.80054e-09 3.41894e-09 2.44333e-09 1.75134e-09 1.25865e-09 9.06662e-10 6.54444e-10 4.73233e-10 3.42721e-10 2.48512e-10 1.80363e-10 1.30961e-10 9.5071e-11 6.89325e-11 4.9838e-11 3.64283e-11
4.72039e-05 1.80122e-06 8.66719e-07 4.60025e-07 2.64032e-07 1.60557e-07 1.01742e-07 6.6393e-08 4.42737e-08 2.99848e-08 2.05536e-08 1.42245e-08 9.92138e-09 6.9648e-09 4.91587e-09 3.48574e-09 2.48149e-09 1.77267e-09 1.27013e-09 9.12471e-10 6.57058e-10 4.74112e-10 3.42721e-10 2.48124e-10 1.79865e-10 1.30505e-10 9.47354e-11 6.87575e-11 4.98447e-11 3.60336e-11 2.63311e-11
3.57674e-05 1.31154e-06 6.31262e-07 3.35134e-07 1.92391e-07 1.17011e-07 7.41563e-08 4.84322e-08 3.22832e-08 2.18542e-08 1.49734e-08 1.03578e-08 7.22116e-09 5.06702e-09 3.57486e-09 2.53382e-09 1.80311e-09 1.28757e-09 9.22215e-10 6.62293e-10 4.76746e-10 3.43893e-10 2.48512e-10 1.79865e-10 1.30348e-10 9.45514e-11 6.86197e-11 4.97926e-11 3.60903e-11 2.60875e-11 1.90583e-11
2.70582e-05 9.53679e-07 4.59083e-07 2.43813e-07 1.4004e-07 8.52232e-08 5.41377e-08 3.53466e-08 2.35517e-08 1.59368e-08 1.09144e-08 7.54682e-09 5.25921e-09 3.68884e-09 2.6015e-09 1.84321e-09 1.31118e-09 9.35959e-10 6.70148e-10 4.81112e-10 3.46215e-10 2.49661e-10 1.80363e-10 1.30505e-10 9.45514e-11 6.85688e-11 4.97518e-11 3.60943e-11 2.61574e-11 1.89058e-11 1.38084e-11
2.04167e-05 6.91297e-07 3.32776e-07 1.76852e-07 1.01703e-07 6.22227e-08 3.95196e-08 2.57949e-08 1.71813e-08 1.16217e-08 7.95612e-09 5.49919e-09 3.83082e-09 2.68596e-09 1.89356e-09 1.34116e-09 9.53725e-10 6.80578e-10 4.87144e-10 3.49625e-10 2.51523e-10 1.81327e-10 1.30961e-10 9.47354e-11 6.86197e-11 4.97518e-11 3.60912e-11 2.6179e-11 1.89691e-11 1.3709e-11 1.00106e-11
1.5339e-05 4.98103e-07 2.39768e-07 1.27617e-07 7.4191e-08 4.53897e-08 2.88233e-08 1.88083e-08 1.25239e-08 8.46855e-09 5.79554e-09 4.00448e-09 2.78866e-09 1.95463e-09 1.37756e-09 9.75395e-10 6.9342e-10 4.94685e-10 3.5399e-10 2.53994e-10 1.82679e-10 1.31664e-10 9.5071e-11 6.87575e-11 4.97926e-11 3.60943e-11 2.6179e-11 1.89861e-11 1.37554e-11 9.9403e-12 7.25717e-12
1.14393e-05 3.55063e-07 1.70993e-07 9.28912e-08 5.40082e-08 3.30399e-08 2.09775e-08 1.36855e-08 9.11045e-09 6.15876e-09 4.21367e-09 2.91069e-09 2.02643e-09 1.42e-09 1.00052e-09 7.0826e-10 5.03393e-10 3.5904e-10 2.56868e-10 1.84269e-10 1.32504e-10 9.54826e-11 6.89325e-11 4.98447e-11 3.60903e-11 2.61574e-11 1.89691e-11 1.37554e-11 9.96475e-12 7.20054e-12 5.25613e-12
8.421e-06 2.4843e-07 1.23938e-07 6.73345e-08 3.9149e-08 2.39478e-08 1.52029e-08 9.91672e-09 6.60044e-09 4.4612e-09 3.05172e-09 2.10768e-09 1.46713e-09 1.02792e-09 7.24147e-10 5.12539e-10 3.64232e-10 2.59748e-10 1.85807e-10 1.33274e-10 9.58229e-11 6.90417e-11 4.9838e-11 3.60336e-11 2.60875e-11 1.89058e-11 1.3709e-11 9.9403e-12 7.20054e-12 5.20292e-12 3.79757e-12
6.38203e-06 1.82717e-07 9.12063e-08 4.95603e-08 2.88112e-08 1.76185e-08 1.11801e-08 7.28938e-09 4.84943e-09 3.27618e-09 2.24008e-09 1.54645e-09 1.07601e-09 7.53582e-10 5.30679e-10 3.75466e-10 2.66727e-10 1.90149e-10 1.35975e-10 9.75002e-11 7.00804e-11 5.04791e-11 3.64283e-11 2.63311e-11 1.90583e-11 1.38084e-11 1.00106e-11 7.25717e-12 5.25613e-12 3.79757e-12 2.77117e-12
