0.37612 0.051398 0.0292854 0.018155 0.0117174 0.00768991 0.00507268 0.00334582 0.00220183 0.00144469 0.000945016 0.000616373 0.000400953 0.000260193 0.00016848 0.000108879 7.02356e-05 4.52332e-05 2.90873e-05 1.86787e-05 1.19793e-05 7.67359e-06 4.90994e-06 3.1382e-06 2.00357e-06 1.27756e-06 8.13222e-07 5.16106e-07 3.25522e-07 2.02375e-07 1.28653e-07
0.051398 0.0109424 0.00593233 0.00331843 0.00188046 0.00107504 0.000619659 0.000360034 0.000210751 0.000124194 7.36165e-05 4.3857e-05 2.62407e-05 1.57583e-05 9.49323e-06 5.73448e-06 3.47209e-06 2.10654e-06 1.28032e-06 7.79371e-07 4.75076e-07 2.89936e-07 1.77128e-07 1.08301e-07 6.62518e-08 4.05253e-08 2.47546e-08 1.50562e-08 9.05638e-09 5.30214e-09 3.2608e-09
0.0292854 0.00593233 0.00291077 0.00152589 0.000830402 0.000462845 0.000262485 0.000150889 8.76936e-05 5.14243e-05 3.03784e-05 1.8055e-05 1.07848e-05 6.46917e-06 3.89416e-06 2.35112e-06 1.42311e-06 8.63278e-07 5.24666e-07 3.19396e-07 1.94713e-07 1.1885e-07 7.26192e-08 4.44063e-08 2.71641e-08 1.66093e-08 1.01334e-08 6.14524e-09 3.67348e-09 2.23214e-09 1.37326e-09
0.018155 0.00331843 0.00152589 0.000762351 0.000401611 0.000219112 0.000122518 6.97616e-05 4.02781e-05 2.35094e-05 1.38408e-05 8.20526e-06 4.89182e-06 2.92993e-06 1.76162e-06 1.06259e-06 6.42692e-07 3.89627e-07 2.36682e-07 1.44023e-07 8.77699e-08 5.3557e-08 3.27146e-08 1.99982e-08 1.22274e-08 7.47022e-09 4.55068e-09 2.75243e-09 1.68057e-09 1.0212e-09 6.28234e-10
0.0117174 0.00188046 0.000830402 0.000401611 0.000206718 0.000111013 6.14124e-05 3.47109e-05 1.99359e-05 1.15911e-05 6.80395e-06 4.02419e-06 2.39461e-06 1.43198e-06 8.59832e-07 5.18046e-07 3.13018e-07 1.89597e-07 1.15081e-07 6.9978e-08 4.26181e-08 2.59896e-08 1.5866e-08 9.69265e-09 5.92192e-09 3.61439e-09 2.19904e-09 1.34478e-09 8.21024e-10 4.9883e-10 3.06776e-10
0.00768991 0.00107504 0.000462845 0.000219112 0.000111013 5.89626e-05 3.23695e-05 1.81967e-05 1.04095e-05 6.03368e-06 3.53301e-06 2.08531e-06 1.23869e-06 7.39602e-07 4.43488e-07 2.66873e-07 1.61073e-07 9.74637e-08 5.91029e-08 3.59077e-08 2.18508e-08 1.33149e-08 8.12222e-09 4.95807e-09 3.02672e-09 1.84579e-09 1.12885e-09 6.9015e-10 4.21245e-10 2.55877e-10 1.57284e-10
0.00507268 0.000619659 0.000262485 0.000122518 6.14124e-05 3.23695e-05 1.7674e-05 9.89591e-06 5.64361e-06 3.26311e-06 1.90671e-06 1.12336e-06 6.66199e-07 3.97194e-07 2.3785e-07 1.42952e-07 8.61808e-08 5.20917e-08 3.15574e-08 1.91547e-08 1.16458e-08 7.09044e-09 4.32169e-09 2.63597e-09 1.60797e-09 9.82688e-10 6.00742e-10 3.67132e-10 2.24003e-10 1.36028e-10 8.35672e-11
0.00334582 0.000360034 0.000150889 6.97616e-05 3.47109e-05 1.81967e-05 9.89591e-06 5.52393e-06 3.14251e-06 1.81318e-06 1.05753e-06 6.22023e-07 3.68327e-07 2.19293e-07 1.31148e-07 7.87261e-08 4.74075e-08 2.86248e-08 1.73237e-08 1.05052e-08 6.38127e-09 3.88183e-09 2.36407e-09 1.44086e-09 8.79474e-10 5.37189e-10 3.28231e-10 2.00498e-10 1.22282e-10 7.4234e-11 4.55783e-11
0.00220183 0.000210751 8.76936e-05 4.02781e-05 1.99359e-05 1.04095e-05 5.64361e-06 3.14251e-06 1.784e-06 1.02745e-06 5.98254e-07 3.51342e-07 2.07748e-07 1.23523e-07 7.37801e-08 4.42371e-08 2.66094e-08 1.60501e-08 9.70397e-09 5.87905e-09 3.56803e-09 2.16867e-09 1.31972e-09 8.04244e-10 4.90591e-10 2.99482e-10 1.82889e-10 1.11662e-10 6.80719e-11 4.13118e-11 2.535e-11
0.00144469 0.000124194 5.14243e-05 2.35094e-05 1.15911e-05 6.03368e-06 3.26311e-06 1.81318e-06 1.02745e-06 5.9074e-07 3.4344e-07 2.01404e-07 1.18928e-07 7.06225e-08 4.21322e-08 2.52332e-08 1.51621e-08 9.1362e-09 5.51854e-09 3.34035e-09 2.02555e-09 1.23016e-09 7.48251e-10 4.55681e-10 2.77791e-10 1.69478e-10 1.03441e-10 6.31236e-11 3.84651e-11 2.33367e-11 1.4312e-11
0.000945016 7.36165e-05 3.03784e-05 1.38408e-05 6.80395e-06 3.53301e-06 1.90671e-06 1.05753e-06 5.98254e-07 3.4344e-07 1.99377e-07 1.16762e-07 6.8859e-08 4.08406e-08 2.4337e-08 1.45599e-08 8.73982e-09 5.26129e-09 3.17509e-09 1.92022e-09 1.16346e-09 7.0615e-10 4.29216e-10 2.61217e-10 1.59143e-10 9.7035e-11 5.91934e-11 3.61043e-11 2.19913e-11 1.33381e-11 8.17568e-12
0.000616373 4.3857e-05 1.8055e-05 8.20526e-06 4.02419e-06 2.08531e-06 1.12336e-06 6.22023e-07 3.51342e-07 2.01404e-07 1.16762e-07 6.82913e-08 4.02251e-08 2.38303e-08 1.41852e-08 8.47774e-09 5.08398e-09 3.05771e-09 1.84368e-09 1.1141e-09 6.74558e-10 4.09121e-10 2.48505e-10 1.51141e-10 9.20247e-11 5.60789e-11 3.41913e-11 2.08447e-11 1.26914e-11 7.6953e-12 4.71449e-12
0.000400953 2.62407e-05 1.07848e-05 4.89182e-06 2.39461e-06 1.23869e-06 6.66199e-07 3.68327e-07 2.07748e-07 1.18928e-07 6.8859e-08 4.02251e-08 2.36662e-08 1.40052e-08 8.32813e-09 4.97246e-09 2.97918e-09 1.79024e-09 1.07856e-09 6.51272e-10 3.94039e-10 2.38821e-10 1.44967e-10 8.81148e-11 5.36191e-11 3.26571e-11 1.99009e-11 1.2127e-11 7.38062e-12 4.47394e-12 2.73961e-12
0.000260193 1.57583e-05 6.46917e-06 2.92993e-06 1.43198e-06 7.39602e-07 3.97194e-07 2.19293e-07 1.23523e-07 7.06225e-08 4.08406e-08 2.38303e-08 1.40052e-08 8.27947e-09 4.91856e-09 2.93401e-09 1.75634e-09 1.05455e-09 6.3485e-10 3.83063e-10 2.31603e-10 1.40278e-10 8.50977e-11 5.16939e-11 3.14389e-11 1.9138e-11 1.16569e-11 7.10015e-12 4.3196e-12 2.61773e-12 1.60222e-12
0.00016848 9.49323e-06 3.89416e-06 1.76162e-06 8.59832e-07 4.43488e-07 2.3785e-07 1.31148e-07 7.37801e-08 4.21322e-08 2.4337e-08 1.41852e-08 8.32813e-09 4.91856e-09 2.91927e-09 1.73988e-09 1.04066e-09 6.2436e-10 3.75593e-10 2.26471e-10 1.36836e-10 8.28273e-11 5.02159e-11 3.04872e-11 1.85316e-11 1.12752e-11 6.86446e-12 4.17934e-12 2.5417e-12 1.53991e-12 9.42105e-13
0.000108879 5.73448e-06 2.35112e-06 1.06259e-06 5.18046e-07 2.66873e-07 1.42952e-07 7.87261e-08 4.42371e-08 2.52332e-08 1.45599e-08 8.47774e-09 4.97246e-09 2.93401e-09 1.73988e-09 1.03612e-09 6.19247e-10 3.71252e-10 2.23176e-10 1.34479e-10 8.12021e-11 4.91225e-11 2.97647e-11 1.8061e-11 1.09728e-11 6.67298e-12 4.06075e-12 2.47132e-12 1.50243e-12 9.10036e-13 5.56518e-13
7.02356e-05 3.47209e-06 1.42311e-06 6.42692e-07 3.13018e-07 1.61073e-07 8.61808e-08 4.74075e-08 2.66094e-08 1.51621e-08 8.73982e-09 5.08398e-09 2.97918e-09 1.75634e-09 1.04066e-09 6.19247e-10 3.69827e-10 2.21564e-10 1.33104e-10 8.01535e-11 4.83699e-11 2.92442e-11 1.77103e-11 1.0741e-11 6.52236e-12 3.96467e-12 2.41161e-12 1.4671e-12 8.91617e-13 5.39934e-13 3.30054e-13
4.52332e-05 2.10654e-06 8.63278e-07 3.89627e-07 1.89597e-07 9.74637e-08 5.20917e-08 2.86248e-08 1.60501e-08 9.1362e-09 5.26129e-09 3.05771e-09 1.79024e-09 1.05455e-09 6.2436e-10 3.71252e-10 2.21564e-10 1.32651e-10 7.96393e-11 4.79291e-11 2.8907e-11 1.74676e-11 1.05729e-11 6.40909e-12 3.89005e-12 2.36356e-12 1.4371e-12 8.73928e-13 5.3095e-13 3.21453e-13 1.96424e-13
2.90873e-05 1.28032e-06 5.24666e-07 2.36682e-07 1.15081e-07 5.91029e-08 3.15574e-08 1.73237e-08 9.70397e-09 5.51854e-09 3.17509e-09 1.84368e-09 1.07856e-09 6.3485e-10 3.75593e-10 2.23176e-10 1.33104e-10 7.96393e-11 4.7784e-11 2.87413e-11 1.7325e-11 1.04635e-11 6.33027e-12 3.83549e-12 2.32694e-12 1.41323e-12 8.58936e-13 5.22148e-13 3.17129e-13 1.91958e-13 1.17252e-13
1.86787e-05 7.79371e-07 3.19396e-07 1.44023e-07 6.9978e-08 3.59077e-08 1.91547e-08 1.05052e-08 5.87905e-09 3.34035e-09 1.92022e-09 1.1141e-09 6.51272e-10 3.83063e-10 2.26471e-10 1.34479e-10 8.01535e-11 4.79291e-11 2.87413e-11 1.7278e-11 1.04096e-11 6.28381e-12 3.79982e-12 2.30126e-12 1.39555e-12 8.47218e-13 5.14729e-13 3.12795e-13 1.89921e-13 1.14935e-13 7.01798e-14
1.19793e-05 4.75076e-07 1.94713e-07 8.77699e-08 4.26181e-08 2.18508e-08 1.16458e-08 6.38127e-09 3.56803e-09 2.02555e-09 1.16346e-09 6.74558e-10 3.94039e-10 2.31603e-10 1.36836e-10 8.12021e-11 4.83699e-11 2.8907e-11 1.7325e-11 1.04096e-11 6.26846e-12 3.7822e-12 2.28606e-12 1.3839e-12 8.38886e-13 5.09078e-13 3.09179e-13 1.87822e-13 1.14008e-13 6.89805e-14 4.21053e-14
7.67359e-06 2.89936e-07 1.1885e-07 5.3557e-08 2.59896e-08 1.33149e-08 7.09044e-09 3.88183e-09 2.16867e-09 1.23016e-09 7.0615e-10 4.09121e-10 2.38821e-10 1.40278e-10 8.28273e-11 4.91225e-11 2.92442e-11 1.74676e-11 1.04635e-11 6.28381e-12 3.7822e-12 2.28103e-12 1.37812e-12 8.33916e-13 5.05301e-13 3.06528e-13 1.86098e-13 1.13016e-13 6.85816e-14 4.14874e-14 2.53153e-14
4.90994e-06 1.77128e-07 7.26192e-08 3.27146e-08 1.5866e-08 8.12222e-09 4.32169e-09 2.36407e-09 1.31972e-09 7.48251e-10 4.29216e-10 2.48505e-10 1.44967e-10 8.50977e-11 5.02159e-11 2.97647e-11 1.77103e-11 1.05729e-11 6.33027e-12 3.79982e-12 2.28606e-12 1.37812e-12 8.32265e-13 5.03415e-13 3.04923e-13 1.84907e-13 1.12223e-13 6.81307e-14 4.13329e-14 2.49991e-14 1.52494e-14
3.1382e-06 1.08301e-07 4.44063e-08 1.99982e-08 9.69265e-09 4.95807e-09 2.63597e-09 1.44086e-09 8.04244e-10 4.55681e-10 2.61217e-10 1.51141e-10 8.81148e-11 5.16939e-11 3.04872e-11 1.8061e-11 1.0741e-11 6.40909e-12 3.83549e-12 2.30126e-12 1.3839e-12 8.33916e-13 5.03415e-13 3.04387e-13 1.84303e-13 1.11724e-13 6.7785e-14 4.11403e-14 2.49522e-14 1.5089e-14 9.20147e-15
2.00357e-06 6.62518e-08 2.71641e-08 1.22274e-08 5.92192e-09 3.02672e-09 1.60797e-09 8.79474e-10 4.90591e-10 2.77791e-10 1.59143e-10 9.20247e-11 5.36191e-11 3.14389e-11 1.85316e-11 1.09728e-11 6.52236e-12 3.89005e-12 2.32694e-12 1.39555e-12 8.38886e-13 5.05301e-13 3.04923e-13 1.84303e-13 1.11555e-13 6.76023e-14 4.10028e-14 2.48785e-14 1.50855e-14 9.12087e-15 5.5604e-15
1.27756e-06 4.05253e-08 1.66093e-08 7.47022e-09 3.61439e-09 1.84579e-09 9.82688e-10 5.37189e-10 2.99482e-10 1.69478e-10 9.7035e-11 5.60789e-11 3.26571e-11 1.9138e-11 1.12752e-11 6.67298e-12 3.96467e-12 2.36356e-12 1.41323e-12 8.47218e-13 5.09078e-13 3.06528e-13 1.84907e-13 1.11724e-13 6.76023e-14 4.09541e-14 2.48325e-14 1.50631e-14 9.13161e-15 5.52019e-15 3.36436e-15
8.13222e-07 2.47546e-08 1.01334e-08 4.55068e-09 2.19904e-09 1.12885e-09 6.00742e-10 3.28231e-10 1.82889e-10 1.03441e-10 5.91934e-11 3.41913e-11 1.99009e-11 1.16569e-11 6.86446e-12 4.06075e-12 2.41161e-12 1.4371e-12 8.58936e-13 5.14729e-13 3.09179e-13 1.86098e-13 1.12223e-13 6.7785e-14 4.10028e-14 2.48325e-14 1.5053e-14 9.12862e-15 5.53278e-15 3.34413e-15 2.03759e-15
5.16106e-07 1.50562e-08 6.14524e-09 2.75243e-09 1.34478e-09 6.9015e-10 3.67132e-10 2.00498e-10 1.11662e-10 6.31236e-11 3.61043e-11 2.08447e-11 1.2127e-11 7.10015e-12 4.17934e-12 2.47132e-12 1.4671e-12 8.73928e-13 5.22148e-13 3.12795e-13 1.87822e-13 1.13016e-13 6.81307e-14 4.11403e-14 2.48785e-14 1.50631e-14 9.12862e-15 5.53458e-15 3.35378e-15 2.02681e-15 1.23465e-15
3.25522e-07 9.05638e-09 3.67348e-09 1.68057e-09 8.21024e-10 4.21245e-10 2.24003e-10 1.22282e-10 6.80719e-11 3.84651e-11 2.19913e-11 1.26914e-11 7.38062e-12 4.3196e-12 2.5417e-12 1.50243e-12 8.91617e-13 5.3095e-13 3.17129e-13 1.89921e-13 1.14008e-13 6.85816e-14 4.13329e-14 2.49522e-14 1.50855e-14 9.13161e-15 5.53278e-15 3.35378e-15 2.03193e-15 1.22782e-15 7.47777e-16
2.02375e-07 5.30214e-09 2.23214e-09 1.0212e-09 4.9883e-10 2.55877e-10 1.36028e-10 7.4234e-11 4.13118e-11 2.33367e-11 1.33381e-11 7.6953e-12 4.47394e-12 2.61773e-12 1.53991e-12 9.10036e-13 5.39934e-13 3.21453e-13 1.91958e-13 1.14935e-13 6.89805e-14 4.14874e-14 2.49991e-14 1.5089e-14 9.12087e-15 5.52019e-15 3.34413e-15 2.02681e-15 1.22782e-15 7.4186e-16 4.51748e-16
1.28653e-07 3.2608e-09 1.37326e-09 6.28234e-10 3.06776e-10 1.57284e-10 8.35672e-11 4.55783e-11 2.535e-11 1.4312e-11 8.17568e-12 4.71449e-12 2.73961e-12 1.60222e-12 9.42105e-13 5.56518e-13 3.30054e-13 1.96424e-13 1.17252e-13 7.01798e-14 4.21053e-14 2.53153e-14 1.52494e-14 9.20147e-15 5.5604e-15 3.36436e-15 2.03759e-15 1.23465e-15 7.47777e-16 4.51748e-16 2.75019e-16
