0.370125 0.0199809 0.0130966 0.00923941 0.0068642 0.00528582 0.00417391 0.00335566 0.00273359 0.002249 0.00186441 0.00155477 0.00130266 0.00109553 0.000924114 0.000781424 0.000662061 0.000561802 0.000477295 0.000405852 0.000345289 0.000293823 0.000249987 0.00021256 0.000180529 0.000153041 0.000129379 0.000108935 9.11936e-05 7.57113e-05 6.48461e-05
0.0199809 0.00248191 0.00150763 0.000978744 0.000668456 0.00047451 0.000346965 0.000259608 0.000197791 0.000152879 0.000119543 9.4362e-05 7.50662e-05 6.01022e-05 4.83811e-05 3.91221e-05 3.17551e-05 2.58569e-05 2.11088e-05 1.7268e-05 1.41476e-05 1.16024e-05 9.51846e-06 7.80619e-06 6.39439e-06 5.2263e-06 4.25655e-06 3.44879e-06 2.77397e-06 2.20917e-06 1.84643e-06
0.0130966 0.00150763 0.000877997 0.000551801 0.000368212 0.000257249 0.000186114 0.000138291 0.000104893 8.08514e-05 6.31191e-05 4.97823e-05 3.95913e-05 3.17023e-05 2.55294e-05 2.06557e-05 1.67784e-05 1.36736e-05 1.11734e-05 9.15004e-06 7.50531e-06 6.16299e-06 5.06339e-06 4.15948e-06 3.41395e-06 2.79708e-06 2.28513e-06 1.85915e-06 1.50413e-06 1.23803e-06 1.03548e-06
0.00923941 0.000978744 0.000551801 0.000338112 0.000221586 0.000152964 0.00010983 8.12341e-05 6.14536e-05 4.73031e-05 3.69077e-05 2.91078e-05 2.31558e-05 1.85512e-05 1.49489e-05 1.21044e-05 9.84066e-06 8.02714e-06 6.566e-06 5.38289e-06 4.42066e-06 3.63498e-06 2.99113e-06 2.46173e-06 2.02506e-06 1.66384e-06 1.36426e-06 1.11537e-06 9.2012e-07 7.57381e-07 6.3371e-07
0.0068642 0.000668456 0.000368212 0.000221586 0.000143424 9.82388e-05 7.02206e-05 5.18162e-05 3.91586e-05 3.0134e-05 2.35159e-05 1.85542e-05 1.47686e-05 1.18394e-05 9.54695e-06 7.73583e-06 6.29373e-06 5.13784e-06 4.20607e-06 3.45125e-06 2.83713e-06 2.33554e-06 1.92441e-06 1.58636e-06 1.30756e-06 1.07703e-06 8.86009e-07 7.32106e-07 6.04061e-07 4.97247e-07 4.16094e-07
0.00528582 0.00047451 0.000257249 0.000152964 9.82388e-05 6.6993e-05 4.77847e-05 3.5234e-05 2.66267e-05 2.04975e-05 1.6004e-05 1.26343e-05 1.00622e-05 8.07082e-06 6.5114e-06 5.27875e-06 4.29679e-06 3.50939e-06 2.87444e-06 2.35995e-06 1.94128e-06 1.5993e-06 1.319e-06 1.08855e-06 8.98552e-07 7.41527e-07 6.13326e-07 5.06872e-07 4.18257e-07 3.44306e-07 2.88083e-07
0.00417391 0.000346965 0.000186114 0.00010983 7.02206e-05 4.77847e-05 3.40616e-05 2.51181e-05 1.89906e-05 1.46271e-05 1.14265e-05 9.02484e-06 7.19035e-06 5.76923e-06 4.6558e-06 3.77533e-06 3.07372e-06 2.51099e-06 2.05716e-06 1.68941e-06 1.39015e-06 1.14573e-06 9.45437e-07 7.80802e-07 6.45117e-07 5.33759e-07 4.41507e-07 3.64888e-07 3.01098e-07 2.4786e-07 2.07338e-07
0.00335566 0.000259608 0.000138291 8.12341e-05 5.18162e-05 3.5234e-05 2.51181e-05 1.85318e-05 1.40187e-05 1.08029e-05 8.44241e-06 6.66981e-06 5.315e-06 4.265e-06 3.44206e-06 2.79118e-06 2.27245e-06 1.8564e-06 1.52089e-06 1.24905e-06 1.02787e-06 8.4727e-07 6.9931e-07 5.77736e-07 4.77873e-07 3.95363e-07 3.27013e-07 2.7025e-07 2.22994e-07 1.8356e-07 1.53505e-07
0.00273359 0.000197791 0.000104893 6.14536e-05 3.91586e-05 2.66267e-05 1.89906e-05 1.40187e-05 1.06098e-05 8.17881e-06 6.393e-06 5.05116e-06 4.02513e-06 3.22971e-06 2.60622e-06 2.11308e-06 1.72009e-06 1.40494e-06 1.15085e-06 9.45019e-07 7.77606e-07 6.40945e-07 5.29024e-07 4.37217e-07 3.61587e-07 2.99114e-07 2.47373e-07 2.04413e-07 1.68656e-07 1.38824e-07 1.16056e-07
0.002249 0.000152879 8.08514e-05 4.73031e-05 3.0134e-05 2.04975e-05 1.46271e-05 1.08029e-05 8.17881e-06 6.30599e-06 4.92932e-06 3.89443e-06 3.1029e-06 2.48922e-06 2.0082e-06 1.62779e-06 1.3247e-06 1.0817e-06 8.85842e-07 7.27237e-07 5.9828e-07 4.9305e-07 4.06955e-07 3.36254e-07 2.7803e-07 2.2995e-07 1.90142e-07 1.57099e-07 1.29605e-07 1.06674e-07 8.91499e-08
0.00186441 0.000119543 6.31191e-05 3.69077e-05 2.35159e-05 1.6004e-05 1.14265e-05 8.44241e-06 6.393e-06 4.92932e-06 3.85285e-06 3.0434e-06 2.42423e-06 1.94421e-06 1.56801e-06 1.27056e-06 1.03364e-06 8.43755e-07 6.90759e-07 5.66913e-07 4.66257e-07 3.84176e-07 3.17001e-07 2.61858e-07 2.16464e-07 1.78991e-07 1.47978e-07 1.22244e-07 1.00838e-07 8.29919e-08 6.93348e-08
0.00155477 9.4362e-05 4.97823e-05 2.91078e-05 1.85542e-05 1.26343e-05 9.02484e-06 6.66981e-06 5.05116e-06 3.89443e-06 3.0434e-06 2.40337e-06 1.91381e-06 1.53431e-06 1.23697e-06 1.00194e-06 8.14811e-07 6.64885e-07 5.44132e-07 4.46426e-07 3.67058e-07 3.02342e-07 2.494e-07 2.05958e-07 1.7021e-07 1.40713e-07 1.16309e-07 9.60665e-08 7.92354e-08 6.52077e-08 5.44594e-08
0.00130266 7.50662e-05 3.95913e-05 2.31558e-05 1.47686e-05 1.00622e-05 7.19035e-06 5.315e-06 4.02513e-06 3.1029e-06 2.42423e-06 1.91381e-06 1.52342e-06 1.22087e-06 9.83882e-07 7.96628e-07 6.47589e-07 5.28231e-07 4.32138e-07 3.54422e-07 2.91309e-07 2.39869e-07 1.97805e-07 1.63303e-07 1.34923e-07 1.11515e-07 9.21557e-08 7.61046e-08 6.27632e-08 5.16482e-08 4.31212e-08
0.00109553 6.01022e-05 3.17023e-05 1.85512e-05 1.18394e-05 8.07082e-06 5.76923e-06 4.265e-06 3.22971e-06 2.48922e-06 1.94421e-06 1.53431e-06 1.22087e-06 9.78011e-07 7.87848e-07 6.37646e-07 5.18145e-07 4.22483e-07 3.45501e-07 2.83262e-07 2.3274e-07 1.91578e-07 1.57933e-07 1.30348e-07 1.07667e-07 8.89665e-08 7.3507e-08 6.06939e-08 5.0048e-08 4.11819e-08 3.43722e-08
0.000924114 4.83811e-05 2.55294e-05 1.49489e-05 9.54695e-06 6.5114e-06 4.6558e-06 3.44206e-06 2.60622e-06 2.0082e-06 1.56801e-06 1.23697e-06 9.83882e-07 7.87848e-07 6.34401e-07 5.13247e-07 4.16895e-07 3.39797e-07 2.77777e-07 2.27656e-07 1.86987e-07 1.53867e-07 1.26806e-07 1.04628e-07 8.63997e-08 7.13764e-08 5.89617e-08 4.8676e-08 4.01332e-08 3.30213e-08 2.75528e-08
0.000781424 3.91221e-05 2.06557e-05 1.21044e-05 7.73583e-06 5.27875e-06 3.77533e-06 2.79118e-06 2.11308e-06 1.62779e-06 1.27056e-06 1.00194e-06 7.96628e-07 6.37646e-07 5.13247e-07 4.15065e-07 3.37015e-07 2.74585e-07 2.24385e-07 1.83834e-07 1.50942e-07 1.24167e-07 1.02299e-07 8.43835e-08 6.96643e-08 5.75378e-08 4.75207e-08 3.92245e-08 3.23366e-08 2.66046e-08 2.21923e-08
0.000662061 3.17551e-05 1.67784e-05 9.84066e-06 6.29373e-06 4.29679e-06 3.07372e-06 2.27245e-06 1.72009e-06 1.3247e-06 1.03364e-06 8.14811e-07 6.47589e-07 5.18145e-07 4.16895e-07 3.37015e-07 2.73537e-07 2.22784e-07 1.81989e-07 1.49049e-07 1.22341e-07 1.00608e-07 8.28649e-08 6.83343e-08 5.64006e-08 4.65725e-08 3.8457e-08 3.17382e-08 2.61618e-08 2.15229e-08 1.79484e-08
0.000561802 2.58569e-05 1.36736e-05 8.02714e-06 5.13784e-06 3.50939e-06 2.51099e-06 1.8564e-06 1.40494e-06 1.0817e-06 8.43755e-07 6.64885e-07 5.28231e-07 4.22483e-07 3.39797e-07 2.74585e-07 2.22784e-07 1.81382e-07 1.48118e-07 1.21268e-07 9.95069e-08 8.18058e-08 6.73594e-08 5.55332e-08 4.58239e-08 3.78307e-08 3.12326e-08 2.57719e-08 2.12415e-08 1.74739e-08 1.4568e-08
0.000477295 2.11088e-05 1.11734e-05 6.566e-06 4.20607e-06 2.87444e-06 2.05716e-06 1.52089e-06 1.15085e-06 8.85842e-07 6.90759e-07 5.44132e-07 4.32138e-07 3.45501e-07 2.77777e-07 2.24385e-07 1.81989e-07 1.48118e-07 1.20914e-07 9.89638e-08 8.11804e-08 6.672e-08 5.49227e-08 4.52684e-08 3.7345e-08 3.08243e-08 2.54436e-08 2.0992e-08 1.72999e-08 1.42305e-08 1.18609e-08
0.000405852 1.7268e-05 9.15004e-06 5.38289e-06 3.45125e-06 2.35995e-06 1.68941e-06 1.24905e-06 9.45019e-07 7.27237e-07 5.66913e-07 4.46426e-07 3.54422e-07 2.83262e-07 2.27656e-07 1.83834e-07 1.49049e-07 1.21268e-07 9.89638e-08 8.09736e-08 6.64035e-08 5.45601e-08 4.4901e-08 3.69993e-08 3.05164e-08 2.51829e-08 2.07833e-08 1.71446e-08 1.41276e-08 1.16204e-08 9.68306e-09
0.000345289 1.41476e-05 7.50531e-06 4.42066e-06 2.83713e-06 1.94128e-06 1.39015e-06 1.02787e-06 7.77606e-07 5.9828e-07 4.66257e-07 3.67058e-07 2.91309e-07 2.3274e-07 1.86987e-07 1.50942e-07 1.22341e-07 9.95069e-08 8.11804e-08 6.64035e-08 5.44398e-08 4.47183e-08 3.67923e-08 3.03104e-08 2.49941e-08 2.06217e-08 1.70161e-08 1.4035e-08 1.15641e-08 9.51129e-09 7.92368e-09
0.000293823 1.16024e-05 6.16299e-06 3.63498e-06 2.33554e-06 1.5993e-06 1.14573e-06 8.4727e-07 6.40945e-07 4.9305e-07 3.84176e-07 3.02342e-07 2.39869e-07 1.91578e-07 1.53867e-07 1.24167e-07 1.00608e-07 8.18058e-08 6.672e-08 5.45601e-08 4.47183e-08 3.67234e-08 3.02072e-08 2.48799e-08 2.05118e-08 1.69204e-08 1.39597e-08 1.15125e-08 9.48478e-09 7.80066e-09 6.49712e-09
0.000249987 9.51846e-06 5.06339e-06 2.99113e-06 1.92441e-06 1.319e-06 9.45437e-07 6.9931e-07 5.29024e-07 4.06955e-07 3.17001e-07 2.494e-07 1.97805e-07 1.57933e-07 1.26806e-07 1.02299e-07 8.28649e-08 6.73594e-08 5.49227e-08 4.4901e-08 3.67923e-08 3.02072e-08 2.48416e-08 2.04562e-08 1.68615e-08 1.39068e-08 1.14716e-08 9.45942e-09 7.79258e-09 6.4086e-09 5.33653e-09
0.00021256 7.80619e-06 4.15948e-06 2.46173e-06 1.58636e-06 1.08855e-06 7.80802e-07 5.77736e-07 4.37217e-07 3.36254e-07 2.61858e-07 2.05958e-07 1.63303e-07 1.30348e-07 1.04628e-07 8.43835e-08 6.83343e-08 5.55332e-08 4.52684e-08 3.69993e-08 3.03104e-08 2.48799e-08 2.04562e-08 1.68416e-08 1.38795e-08 1.14455e-08 9.43993e-09 7.78318e-09 6.41116e-09 5.27227e-09 4.38941e-09
0.000180529 6.39439e-06 3.41395e-06 2.02506e-06 1.30756e-06 8.98552e-07 6.45117e-07 4.77873e-07 3.61587e-07 2.7803e-07 2.16464e-07 1.7021e-07 1.34923e-07 1.07667e-07 8.63997e-08 6.96643e-08 5.64006e-08 4.58239e-08 3.7345e-08 3.05164e-08 2.49941e-08 2.05118e-08 1.68615e-08 1.38795e-08 1.14365e-08 9.42942e-09 7.77611e-09 6.41067e-09 5.28017e-09 4.342e-09 3.61425e-09
0.000153041 5.2263e-06 2.79708e-06 1.66384e-06 1.07703e-06 7.41527e-07 5.33759e-07 3.95363e-07 2.99114e-07 2.2995e-07 1.78991e-07 1.40713e-07 1.11515e-07 8.89665e-08 7.13764e-08 5.75378e-08 4.65725e-08 3.78307e-08 3.08243e-08 2.51829e-08 2.06217e-08 1.69204e-08 1.39068e-08 1.14455e-08 9.42942e-09 7.77351e-09 6.40978e-09 5.28374e-09 4.35165e-09 3.57831e-09 2.97807e-09
0.000129379 4.25655e-06 2.28513e-06 1.36426e-06 8.86009e-07 6.13326e-07 4.41507e-07 3.27013e-07 2.47373e-07 1.90142e-07 1.47978e-07 1.16309e-07 9.21557e-08 7.3507e-08 5.89617e-08 4.75207e-08 3.8457e-08 3.12326e-08 2.54436e-08 2.07833e-08 1.70161e-08 1.39597e-08 1.14716e-08 9.43993e-09 7.77611e-09 6.40978e-09 5.28473e-09 4.35596e-09 3.58732e-09 2.94971e-09 2.45455e-09
0.000108935 3.44879e-06 1.85915e-06 1.11537e-06 7.32106e-07 5.06872e-07 3.64888e-07 2.7025e-07 2.04413e-07 1.57099e-07 1.22244e-07 9.60665e-08 7.61046e-08 6.06939e-08 4.8676e-08 3.92245e-08 3.17382e-08 2.57719e-08 2.0992e-08 1.71446e-08 1.4035e-08 1.15125e-08 9.45942e-09 7.78318e-09 6.41067e-09 5.28374e-09 4.35596e-09 3.59017e-09 2.95651e-09 2.43095e-09 2.02262e-09
9.11936e-05 2.77397e-06 1.50413e-06 9.2012e-07 6.04061e-07 4.18257e-07 3.01098e-07 2.22994e-07 1.68656e-07 1.29605e-07 1.00838e-07 7.92354e-08 6.27632e-08 5.0048e-08 4.01332e-08 3.23366e-08 2.61618e-08 2.12415e-08 1.72999e-08 1.41276e-08 1.15641e-08 9.48478e-09 7.79258e-09 6.41116e-09 5.28017e-09 4.35165e-09 3.58732e-09 2.95651e-09 2.43459e-09 2.00177e-09 1.66539e-09
7.57113e-05 2.20917e-06 1.23803e-06 7.57381e-07 4.97247e-07 3.44306e-07 2.4786e-07 1.8356e-07 1.38824e-07 1.06674e-07 8.29919e-08 6.52077e-08 5.16482e-08 4.11819e-08 3.30213e-08 2.66046e-08 2.15229e-08 1.74739e-08 1.42305e-08 1.16204e-08 9.51129e-09 7.80066e-09 6.4086e-09 5.27227e-09 4.342e-09 3.57831e-09 2.94971e-09 2.43095e-09 2.00177e-09 1.64588e-09 1.36923e-09
6.48461e-05 1.84643e-06 1.03548e-06 6.3371e-07 4.16094e-07 2.88083e-07 2.07338e-07 1.53505e-07 1.16056e-07 8.91499e-08 6.93348e-08 5.44594e-08 4.31212e-08 3.43722e-08 2.75528e-08 2.21923e-08 1.79484e-08 1.4568e-08 1.18609e-08 9.68306e-09 7.92368e-09 6.49712e-09 5.33653e-09 4.38941e-09 3.61425e-09 2.97807e-09 2.45455e-09 2.02262e-09 1.66539e-09 1.36923e-09 1.13886e-09
