0.398132 0.123882 0.039282 0.013532 0.00219067 0.000261454 2.66036e-05 2.462e-06 2.14378e-07 1.79116e-08 1.45345e-09 1.15441e-10 9.02153e-12 6.96198e-13 5.31905e-14 4.03088e-15 3.03419e-16 2.27107e-17 1.69172e-18 1.25495e-19 9.27584e-21 6.83446e-22 5.02152e-23 3.68026e-24 2.69119e-25 1.96394e-26 1.43058e-27 1.04032e-28 7.55358e-30 5.4749e-31 3.96444e-32
0.123882 0.0445928 0.0177602 0.00181279 0.000146958 1.0921e-05 7.80676e-07 5.47972e-08 3.81358e-09 2.64395e-10 1.83038e-11 1.26678e-12 8.76954e-14 6.07403e-15 4.20964e-16 2.91937e-17 2.02582e-18 1.40659e-19 9.77162e-21 6.79176e-22 4.72276e-23 3.28541e-24 2.28638e-25 1.59169e-26 1.10842e-27 7.72111e-29 5.37984e-30 3.74944e-31 2.61309e-32 1.74609e-33 1.21789e-34
0.039282 0.0177602 0.00147293 0.000112854 8.17948e-06 5.75227e-07 3.98628e-08 2.74512e-09 1.88662e-10 1.2967e-11 8.92118e-13 6.14575e-14 4.23957e-15 2.92842e-16 2.02516e-17 1.402e-18 9.71502e-20 6.73757e-21 4.67609e-22 3.24749e-23 2.25665e-24 1.56895e-25 1.09132e-26 7.59417e-28 5.28654e-29 3.68138e-30 2.56439e-31 1.78656e-32 1.21499e-33 8.451e-35 5.89422e-36
0.013532 0.00181279 0.000112854 7.43637e-06 4.97161e-07 3.33816e-08 2.24838e-09 1.51969e-10 1.03101e-11 7.02005e-13 4.7956e-14 3.28545e-15 2.25641e-16 1.55294e-17 1.07071e-18 7.39349e-20 5.11205e-21 3.53859e-22 2.45182e-23 1.70027e-24 1.17997e-25 8.19423e-27 5.69376e-28 3.95836e-29 2.75317e-30 1.91572e-31 1.3334e-32 9.16346e-34 6.37155e-35 4.43037e-36 3.08855e-37
0.00219067 0.000146958 8.17948e-06 4.97161e-07 3.15543e-08 2.0494e-09 1.35033e-10 8.98911e-12 6.03157e-13 4.07269e-14 2.76401e-15 1.88361e-16 1.28799e-17 8.83165e-19 6.06985e-20 4.17982e-21 2.88304e-22 1.99137e-23 1.37714e-24 9.53357e-26 6.60585e-27 4.58088e-28 3.17889e-29 2.20736e-30 1.5336e-31 1.06599e-32 7.36399e-34 5.11704e-35 3.5561e-36 2.47124e-37 1.72157e-38
0.000261454 1.0921e-05 5.75227e-07 3.33816e-08 2.0494e-09 1.30084e-10 8.43447e-12 5.54979e-13 3.69125e-14 2.47531e-15 1.67055e-16 1.13316e-17 7.71784e-19 5.27403e-20 3.61393e-21 2.48204e-22 1.70795e-23 1.17721e-24 8.12536e-26 5.61512e-27 3.88451e-28 2.68978e-29 1.86403e-30 1.29272e-31 8.97076e-33 6.20877e-34 4.31017e-35 2.99292e-36 2.07849e-37 1.44338e-38 1.00472e-39
2.66036e-05 7.80676e-07 3.98628e-08 2.24838e-09 1.35033e-10 8.43447e-12 5.40478e-13 3.52484e-14 2.3282e-15 1.55251e-16 1.04287e-17 7.04578e-19 4.7822e-20 3.258e-21 2.22644e-22 1.52541e-23 1.04737e-24 7.20462e-26 4.96374e-27 3.42452e-28 2.36542e-29 1.63558e-30 1.13197e-31 7.84059e-33 5.42642e-34 3.76225e-35 2.60961e-36 1.81065e-37 1.25649e-38 8.7191e-40 6.06431e-41
2.462e-06 5.47972e-08 2.74512e-09 1.51969e-10 8.98911e-12 5.54979e-13 3.52484e-14 2.28291e-15 1.49947e-16 9.95248e-18 6.65894e-19 4.48339e-20 3.0338e-21 2.06127e-22 1.4052e-23 9.60631e-25 6.58262e-26 4.51975e-27 3.10871e-28 2.14139e-29 1.47699e-30 1.01991e-31 7.04986e-33 4.87392e-34 3.37396e-35 2.3371e-36 1.6197e-37 1.12291e-38 7.78649e-40 5.39927e-41 3.75235e-42
2.14378e-07 3.81358e-09 1.88662e-10 1.03101e-11 6.03157e-13 3.69125e-14 2.3282e-15 1.49947e-16 9.80333e-18 6.48121e-19 4.32161e-20 2.90094e-21 1.95772e-22 1.32693e-23 9.02613e-25 6.15819e-26 4.21213e-27 2.88726e-28 1.98279e-29 1.36386e-30 9.39446e-32 6.47906e-33 4.47179e-34 3.09007e-35 2.13705e-36 1.47898e-37 1.02413e-38 7.09459e-40 4.9159e-41 3.40636e-42 2.36556e-43
1.79116e-08 2.64395e-10 1.2967e-11 7.02005e-13 4.07269e-14 2.47531e-15 1.55251e-16 9.95248e-18 6.48121e-19 4.2703e-20 2.83887e-21 1.90055e-22 1.27952e-23 8.65368e-25 5.87477e-26 4.00085e-27 2.73196e-28 1.86978e-29 1.28221e-30 8.80793e-32 6.05953e-33 4.17357e-34 2.87824e-35 1.98696e-36 1.37289e-37 9.49318e-39 6.56835e-40 4.54675e-41 3.14825e-42 2.18005e-43 1.51288e-44
1.45345e-09 1.83038e-11 8.92118e-13 4.7956e-14 2.76401e-15 1.67055e-16 1.04287e-17 6.65894e-19 4.32161e-20 2.83887e-21 1.88225e-22 1.2571e-23 8.44495e-25 5.70022e-26 3.86275e-27 2.62624e-28 1.79057e-29 1.22374e-30 8.38077e-32 5.74995e-33 3.9509e-34 2.71865e-35 1.87303e-36 1.29182e-37 8.91807e-39 6.16159e-40 4.25997e-41 2.94673e-42 2.039e-43 1.41104e-44 9.78569e-46
1.15441e-10 1.26678e-12 6.14575e-14 3.28545e-15 1.88361e-16 1.13316e-17 7.04578e-19 4.48339e-20 2.90094e-21 1.90055e-22 1.2571e-23 8.37765e-25 5.61687e-26 3.78447e-27 2.5603e-28 1.73806e-29 1.18333e-30 8.07666e-32 5.52455e-33 3.78585e-34 2.59871e-35 1.78643e-36 1.22962e-37 8.47324e-39 5.84469e-40 4.03505e-41 2.78771e-42 1.92702e-43 1.33256e-44 9.21616e-46 6.3875e-47
9.02153e-12 8.76954e-14 4.23957e-15 2.25641e-16 1.28799e-17 7.71784e-19 4.7822e-20 3.0338e-21 1.95772e-22 1.27952e-23 8.44495e-25 5.61687e-26 3.7591e-27 2.52858e-28 1.70804e-29 1.15787e-30 7.87286e-32 5.36697e-33 3.66684e-34 2.51021e-35 1.72137e-36 1.18222e-37 8.13022e-39 5.59787e-40 3.85832e-41 2.66176e-42 1.83768e-43 1.26949e-44 8.77343e-46 6.06437e-47 4.2006e-48
6.96198e-13 6.07403e-15 2.92842e-16 1.55294e-17 8.83165e-19 5.27403e-20 3.258e-21 2.06127e-22 1.32693e-23 8.65368e-25 5.70022e-26 3.78447e-27 2.52858e-28 1.69827e-29 1.14556e-30 7.75554e-32 5.26691e-33 3.58637e-34 2.44774e-35 1.67399e-36 1.14687e-37 7.86967e-39 5.4076e-40 3.72039e-41 2.5624e-42 1.76651e-43 1.21881e-44 8.41457e-46 5.81196e-47 4.01519e-48 2.77965e-49
5.31905e-14 4.20964e-16 2.02516e-17 1.07071e-18 6.06985e-20 3.61393e-21 2.22644e-22 1.4052e-23 9.02613e-25 5.87477e-26 3.86275e-27 2.5603e-28 1.70804e-29 1.14556e-30 7.71722e-32 5.2183e-33 3.53979e-34 2.40781e-35 1.64173e-36 1.12173e-37 7.67838e-39 5.26448e-40 3.61465e-41 2.48504e-42 1.71037e-43 1.17836e-44 8.12513e-46 5.60628e-47 3.87016e-48 2.67233e-49 1.84904e-50
4.03088e-15 2.91937e-17 1.402e-18 7.39349e-20 4.17982e-21 2.48204e-22 1.52541e-23 9.60631e-25 6.15819e-26 4.00085e-27 2.62624e-28 1.73806e-29 1.15787e-30 7.75554e-32 5.2183e-33 3.52454e-34 2.38834e-35 1.62298e-36 1.10558e-37 7.54739e-39 5.16205e-40 3.53649e-41 2.42642e-42 1.66699e-43 1.14658e-44 7.8945e-46 5.4403e-47 3.7517e-48 2.58856e-49 1.78652e-50 1.23551e-51
3.03419e-16 2.02582e-18 9.71502e-20 5.11205e-21 2.88304e-22 1.70795e-23 1.04737e-24 6.58262e-26 4.21213e-27 2.73196e-28 1.79057e-29 1.18333e-30 7.87286e-32 5.26691e-33 3.53979e-34 2.38834e-35 1.61682e-36 1.09768e-37 7.47094e-39 5.09596e-40 3.4827e-41 2.38423e-42 1.63472e-43 1.12234e-44 7.71488e-46 5.30876e-47 3.65638e-48 2.52016e-49 1.73798e-50 1.19893e-51 8.28753e-53
2.27107e-17 1.40659e-19 6.73757e-21 3.53859e-22 1.99137e-23 1.17721e-24 7.20462e-26 4.51975e-27 2.88726e-28 1.86978e-29 1.22374e-30 8.07666e-32 5.36697e-33 3.58637e-34 2.40781e-35 1.62298e-36 1.09768e-37 7.4458e-39 5.06356e-40 3.45121e-41 2.35692e-42 1.61242e-43 1.10481e-44 7.58053e-46 5.20773e-47 3.58155e-48 2.46547e-49 1.69848e-50 1.17077e-51 8.07292e-53 5.57781e-54
1.69172e-18 9.77162e-21 4.67609e-22 2.45182e-23 1.37714e-24 8.12536e-26 4.96374e-27 3.10871e-28 1.98279e-29 1.28221e-30 8.38077e-32 5.52455e-33 3.66684e-34 2.44774e-35 1.64173e-36 1.10558e-37 7.47094e-39 5.06356e-40 3.44084e-41 2.34349e-42 1.59933e-43 1.09342e-44 7.48732e-46 5.13433e-47 3.52525e-48 2.42316e-49 1.66721e-50 1.14801e-51 7.90976e-53 5.45178e-54 3.76515e-55
1.25495e-19 6.79176e-22 3.24749e-23 1.70027e-24 9.53357e-26 5.61512e-27 3.42452e-28 2.14139e-29 1.36386e-30 8.80793e-32 5.74995e-33 3.78585e-34 2.51021e-35 1.67399e-36 1.12173e-37 7.54739e-39 5.09596e-40 3.45121e-41 2.34349e-42 1.59501e-43 1.08781e-44 7.43246e-46 5.08648e-47 3.48603e-48 2.39225e-49 1.64353e-50 1.13026e-51 7.77924e-53 5.35758e-54 3.6912e-55 2.54819e-56
9.27584e-21 4.72276e-23 2.25665e-24 1.17997e-25 6.60585e-27 3.88451e-28 2.36542e-29 1.47699e-30 9.39446e-32 6.05953e-33 3.9509e-34 2.59871e-35 1.72137e-36 1.14687e-37 7.67838e-39 5.16205e-40 3.4827e-41 2.35692e-42 1.59933e-43 1.08781e-44 7.41435e-46 5.06288e-47 3.46289e-48 2.37204e-49 1.62696e-50 1.11722e-51 7.67965e-53 5.28336e-54 3.63716e-55 2.50493e-56 1.72857e-57
6.83446e-22 3.28541e-24 1.56895e-25 8.19423e-27 4.58088e-28 2.68978e-29 1.63558e-30 1.01991e-31 6.47906e-33 4.17357e-34 2.71865e-35 1.78643e-36 1.18222e-37 7.86967e-39 5.26448e-40 3.53649e-41 2.38423e-42 1.61242e-43 1.09342e-44 7.43246e-46 5.06288e-47 3.45525e-48 2.36205e-49 1.61715e-50 1.10865e-51 7.60954e-53 5.22841e-54 3.59549e-55 2.47423e-56 1.70338e-57 1.175e-58
5.02152e-23 2.28638e-25 1.09132e-26 5.69376e-28 3.17889e-29 1.86403e-30 1.13197e-31 7.04986e-33 4.47179e-34 2.87824e-35 1.87303e-36 1.22962e-37 8.13022e-39 5.4076e-40 3.61465e-41 2.42642e-42 1.63472e-43 1.10481e-44 7.48732e-46 5.08648e-47 3.46289e-48 2.36205e-49 1.61391e-50 1.10441e-51 7.56789e-53 5.19213e-54 3.56595e-55 2.45126e-56 1.68619e-57 1.16045e-58 8.00188e-60
3.68026e-24 1.59169e-26 7.59417e-28 3.95836e-29 2.20736e-30 1.29272e-31 7.84059e-33 4.87392e-34 3.09007e-35 1.98696e-36 1.29182e-37 8.47324e-39 5.59787e-40 3.72039e-41 2.48504e-42 1.66699e-43 1.12234e-44 7.58053e-46 5.13433e-47 3.48603e-48 2.37204e-49 1.61715e-50 1.10441e-51 7.55408e-53 5.17409e-54 3.54831e-55 2.436e-56 1.67388e-57 1.15103e-58 7.91873e-60 5.45846e-61
2.69119e-25 1.10842e-27 5.28654e-29 2.75317e-30 1.5336e-31 8.97076e-33 5.42642e-34 3.37396e-35 2.13705e-36 1.37289e-37 8.91807e-39 5.84469e-40 3.85832e-41 2.5624e-42 1.71037e-43 1.14658e-44 7.71488e-46 5.20773e-47 3.52525e-48 2.39225e-49 1.62696e-50 1.10865e-51 7.56789e-53 5.17409e-54 3.54245e-55 2.42837e-56 1.66649e-57 1.1447e-58 7.8687e-60 5.41166e-61 3.72905e-62
1.96394e-26 7.72111e-29 3.68138e-30 1.91572e-31 1.06599e-32 6.20877e-34 3.76225e-35 2.3371e-36 1.47898e-37 9.49318e-39 6.16159e-40 4.03505e-41 2.66176e-42 1.76651e-43 1.17836e-44 7.8945e-46 5.30876e-47 3.58155e-48 2.42316e-49 1.64353e-50 1.11722e-51 7.60954e-53 5.19213e-54 3.54831e-55 2.42837e-56 1.66403e-57 1.14153e-58 7.83835e-60 5.3863e-61 3.70324e-62 2.55099e-63
1.43058e-27 5.37984e-30 2.56439e-31 1.3334e-32 7.36399e-34 4.31017e-35 2.60961e-36 1.6197e-37 1.02413e-38 6.56835e-40 4.25997e-41 2.78771e-42 1.83768e-43 1.21881e-44 8.12513e-46 5.4403e-47 3.65638e-48 2.46547e-49 1.66721e-50 1.13026e-51 7.67965e-53 5.22841e-54 3.56595e-55 2.436e-56 1.66649e-57 1.14153e-58 7.8282e-60 5.37345e-61 3.69131e-62 2.53712e-63 1.74717e-64
1.04032e-28 3.74944e-31 1.78656e-32 9.16346e-34 5.11704e-35 2.99292e-36 1.81065e-37 1.12291e-38 7.09459e-40 4.54675e-41 2.94673e-42 1.92702e-43 1.26949e-44 8.41457e-46 5.60628e-47 3.7517e-48 2.52016e-49 1.69848e-50 1.14801e-51 7.77924e-53 5.28336e-54 3.59549e-55 2.45126e-56 1.67388e-57 1.1447e-58 7.83835e-60 5.37345e-61 3.68727e-62 2.53221e-63 1.73995e-64 1.19785e-65
7.55358e-30 2.61309e-32 1.21499e-33 6.37155e-35 3.5561e-36 2.07849e-37 1.25649e-38 7.78649e-40 4.9159e-41 3.14825e-42 2.039e-43 1.33256e-44 8.77343e-46 5.81196e-47 3.87016e-48 2.58856e-49 1.73798e-50 1.17077e-51 7.90976e-53 5.35758e-54 3.63716e-55 2.47423e-56 1.68619e-57 1.15103e-58 7.8687e-60 5.3863e-61 3.69131e-62 2.53221e-63 1.73848e-64 1.19423e-65 8.21919e-67
5.4749e-31 1.74609e-33 8.451e-35 4.43037e-36 2.47124e-37 1.44338e-38 8.7191e-40 5.39927e-41 3.40636e-42 2.18005e-43 1.41104e-44 9.21616e-46 6.06437e-47 4.01519e-48 2.67233e-49 1.78652e-50 1.19893e-51 8.07292e-53 5.45178e-54 3.6912e-55 2.50493e-56 1.70338e-57 1.16045e-58 7.91873e-60 5.41166e-61 3.70324e-62 2.53712e-63 1.73995e-64 1.19423e-65 8.20148e-67 5.64311e-68
3.96444e-32 1.21789e-34 5.89422e-36 3.08855e-37 1.72157e-38 1.00472e-39 6.06431e-41 3.75235e-42 2.36556e-43 1.51288e-44 9.78569e-46 6.3875e-47 4.2006e-48 2.77965e-49 1.84904e-50 1.23551e-51 8.28753e-53 5.57781e-54 3.76515e-55 2.54819e-56 1.72857e-57 1.175e-58 8.00188e-60 5.45846e-61 3.72905e-62 2.55099e-63 1.74717e-64 1.19785e-65 8.21919e-67 5.64311e-68 3.88174e-69
