0.542071 0.0127611 0.0102512 0.00823503 0.00661537 0.00531426 0.00426906 0.00342942 0.00275493 0.00221309 0.00177782 0.00142816 0.00114727 0.000921627 0.000740362 0.000594748 0.000477774 0.000383805 0.000308319 0.000247679 0.000198966 0.000159833 0.000128397 0.000103144 8.2858e-05 6.65615e-05 5.34703e-05 4.29538e-05 3.45057e-05 2.77191e-05 2.22673e-05 1.78878e-05 1.43697e-05 1.15434e-05 9.27309e-06 7.44926e-06 5.98415e-06 4.80719e-06 3.86172e-06 3.1022e-06 2.49206e-06 2.00192e-06 1.60819e-06 1.29189e-06 1.0378e-06 8.33688e-07 6.69719e-07 5.37999e-07 4.32186e-07 3.47184e-07 2.789e-07 2.24046e-07 1.79981e-07 1.44582e-07 1.16146e-07 9.33026e-08 7.49519e-08 6.02104e-08 4.83683e-08 3.88552e-08 3.12132e-08 2.50742e-08 2.01426e-08 1.6181e-08 1.29985e-08 1.0442e-08 8.38827e-09 6.73848e-09 5.41316e-09 4.3485e-09 3.49324e-09 2.80619e-09 2.25427e-09 1.81091e-09 1.45474e-09 1.16862e-09 9.38778e-10 7.5414e-10 6.05816e-10 4.86665e-10 3.90948e-10 3.14057e-10 2.52288e-10 2.02668e-10 1.62808e-10 1.30787e-10 1.05064e-10 8.43999e-11 6.78002e-11 5.44653e-11 4.37531e-11 3.51478e-11 2.82349e-11 2.26817e-11 1.82207e-11 1.46371e-11 1.17583e-11 9.44565e-12 7.58789e-12 6.09551e-12 4.89665e-12
0.0127611 0.00461313 0.00393102 0.00333878 0.00282743 0.00238808 0.00201217 0.00169176 0.00141954 0.00118897 0.000994175 0.000830015 0.000691971 0.000576121 0.000479074 0.000397915 0.000330149 0.000273647 0.000226599 0.000187473 0.000154972 0.000128003 0.000105648 8.71353e-05 7.18178e-05 5.91549e-05 4.8695e-05 4.00613e-05 3.29401e-05 2.70704e-05 2.22354e-05 1.82551e-05 1.49804e-05 1.22876e-05 1.00746e-05 8.25678e-06 6.7643e-06 5.53951e-06 4.53483e-06 3.71108e-06 3.03593e-06 2.4828e-06 2.02981e-06 1.65897e-06 1.35549e-06 1.1072e-06 9.04152e-07 7.38143e-07 6.02459e-07 4.91595e-07 4.01035e-07 3.27082e-07 2.66705e-07 2.17426e-07 1.77214e-07 1.4441e-07 1.17654e-07 9.58364e-08 7.80499e-08 6.35527e-08 5.17389e-08 4.21137e-08 3.42733e-08 2.78879e-08 2.26885e-08 1.84555e-08 1.501e-08 1.22059e-08 9.92414e-09 8.0678e-09 6.55777e-09 5.32964e-09 4.33093e-09 3.51891e-09 2.85877e-09 2.32218e-09 1.88608e-09 1.53169e-09 1.24375e-09 1.00982e-09 8.19798e-10 6.6546e-10 5.4012e-10 4.38342e-10 3.55705e-10 2.88619e-10 2.34161e-10 1.89961e-10 1.54089e-10 1.24979e-10 1.0136e-10 8.21964e-11 6.66503e-11 5.40399e-11 4.38116e-11 3.55163e-11 2.87893e-11 2.33345e-11 1.89118e-11 1.53262e-11 1.24194e-11
0.0102512 0.00393102 0.00342018 0.0029622 0.00255526 0.00219637 0.00188187 0.00160777 0.00137003 0.00116468 0.000987965 0.0008364 0.000706791 0.000596255 0.000502216 0.000422391 0.000354769 0.000297592 0.000249332 0.000208663 0.000174443 0.000145689 0.00012156 0.000101336 8.44053e-05 7.02466e-05 5.8418e-05 4.85458e-05 4.03137e-05 3.34553e-05 2.7746e-05 2.2997e-05 1.90497e-05 1.57711e-05 1.30497e-05 1.07924e-05 8.92104e-06 7.37066e-06 6.08691e-06 5.02451e-06 4.14576e-06 3.41928e-06 2.81897e-06 2.32316e-06 1.91383e-06 1.57605e-06 1.29743e-06 1.06771e-06 8.78363e-07 7.22366e-07 5.93889e-07 4.88114e-07 4.0106e-07 3.29438e-07 2.70531e-07 2.22097e-07 1.82286e-07 1.49573e-07 1.227e-07 1.00631e-07 8.25109e-08 6.76383e-08 5.54339e-08 4.54216e-08 3.72096e-08 3.04759e-08 2.49557e-08 2.04312e-08 1.67237e-08 1.36864e-08 1.11986e-08 9.1613e-09 7.4933e-09 6.12791e-09 5.01044e-09 4.09607e-09 3.348e-09 2.73611e-09 2.2357e-09 1.82652e-09 1.492e-09 1.21856e-09 9.95093e-10 8.12487e-10 6.63296e-10 5.41425e-10 4.41885e-10 3.60597e-10 2.94224e-10 2.40037e-10 1.95804e-10 1.59702e-10 1.30241e-10 1.06202e-10 8.65893e-11 7.05905e-11 5.7541e-11 4.68987e-11 3.82204e-11 3.11445e-11 2.53759e-11
0.00823503 0.00333878 0.0029622 0.00261242 0.002292 0.00200172 0.00174116 0.00150906 0.00130367 0.00112294 0.000964692 0.000826732 0.000706921 0.000603232 0.000513774 0.000436811 0.000370767 0.000314227 0.000265927 0.000224748 0.000189705 0.000159935 0.000134685 0.000113301 9.52149e-05 7.99393e-05 6.70532e-05 5.61953e-05 4.70567e-05 3.93729e-05 3.29189e-05 2.75029e-05 2.2962e-05 1.9158e-05 1.5974e-05 1.3311e-05 1.10853e-05 9.22653e-06 7.67521e-06 6.38133e-06 5.30286e-06 4.40448e-06 3.65655e-06 3.03422e-06 2.51668e-06 2.08651e-06 1.72914e-06 1.43239e-06 1.1861e-06 9.81784e-07 8.12358e-07 6.71926e-07 5.55574e-07 4.59212e-07 3.79437e-07 3.13419e-07 2.58805e-07 2.13642e-07 1.76307e-07 1.45453e-07 1.19965e-07 9.89154e-08 8.1537e-08 6.71938e-08 5.53594e-08 4.55977e-08 3.75479e-08 3.09117e-08 2.54424e-08 2.09358e-08 1.72236e-08 1.41664e-08 1.16494e-08 9.5775e-09 7.87245e-09 6.46962e-09 5.31569e-09 4.36671e-09 3.58646e-09 2.94506e-09 2.41792e-09 1.98477e-09 1.62892e-09 1.33664e-09 1.09661e-09 8.9953e-10 7.37746e-10 6.04961e-10 4.95995e-10 4.06592e-10 3.33252e-10 2.73099e-10 2.2377e-10 1.83324e-10 1.50166e-10 1.22988e-10 1.00715e-10 8.24639e-11 6.75109e-11 5.52619e-11 4.52293e-11
0.00661537 0.00282743 0.00255526 0.002292 0.00204267 0.00181031 0.00159653 0.0014019 0.00122624 0.00106886 0.00092875 0.0008047 0.000695396 0.000599497 0.000515678 0.00044267 0.000379275 0.000324382 0.000276975 0.000236128 0.000201012 0.000170883 0.000145081 0.000123025 0.0001042 8.81588e-05 7.45089e-05 6.29097e-05 5.30657e-05 4.47215e-05 3.76567e-05 3.16816e-05 2.66334e-05 2.23725e-05 1.87795e-05 1.57524e-05 1.32043e-05 1.10611e-05 9.26002e-06 7.74747e-06 6.47819e-06 5.41379e-06 4.5218e-06 3.77477e-06 3.14954e-06 2.62657e-06 2.18937e-06 1.8241e-06 1.51908e-06 1.26451e-06 1.05214e-06 8.75083e-07 7.27524e-07 6.04609e-07 5.02268e-07 4.17094e-07 3.46238e-07 2.87317e-07 2.3834e-07 1.97646e-07 1.63846e-07 1.35782e-07 1.1249e-07 9.31648e-08 7.71366e-08 6.38471e-08 5.28321e-08 4.37052e-08 3.61451e-08 2.98847e-08 2.47021e-08 2.04131e-08 1.68645e-08 1.39293e-08 1.15023e-08 9.49583e-09 7.83757e-09 6.46742e-09 5.3356e-09 4.40089e-09 3.62914e-09 2.9921e-09 2.46637e-09 2.0326e-09 1.67478e-09 1.37968e-09 1.13636e-09 9.35771e-10 7.70447e-10 6.34215e-10 5.21978e-10 4.29527e-10 3.53389e-10 2.90697e-10 2.39087e-10 1.96607e-10 1.61648e-10 1.32883e-10 1.0922e-10 8.97568e-11 7.37506e-11
0.00531426 0.00238808 0.00219637 0.00200172 0.00181031 0.00162638 0.00145274 0.00129109 0.00114228 0.00100657 0.000883785 0.00077344 0.000674855 0.000587229 0.000509698 0.000441378 0.000381393 0.000328902 0.000283106 0.000243261 0.000208681 0.000178741 0.000152874 0.000130571 0.000111377 9.4887e-05 8.0744e-05 6.86324e-05 5.82757e-05 4.94316e-05 4.18892e-05 3.54647e-05 2.99989e-05 2.53538e-05 2.14105e-05 1.80663e-05 1.52329e-05 1.28345e-05 1.08062e-05 9.09222e-06 7.64512e-06 6.42428e-06 5.3951e-06 4.52812e-06 3.79829e-06 3.18432e-06 2.66817e-06 2.23451e-06 1.87039e-06 1.56484e-06 1.30857e-06 1.09377e-06 9.13814e-07 7.6313e-07 6.37021e-07 5.31531e-07 4.43329e-07 3.69618e-07 3.08043e-07 2.5663e-07 2.13719e-07 1.77919e-07 1.48064e-07 1.23177e-07 1.02439e-07 8.5164e-08 7.07797e-08 5.88066e-08 4.88439e-08 4.05569e-08 3.3666e-08 2.79379e-08 2.31778e-08 1.92235e-08 1.59395e-08 1.3213e-08 1.09501e-08 9.07237e-09 7.51478e-09 6.22307e-09 5.15215e-09 4.26451e-09 3.52898e-09 2.91965e-09 2.41499e-09 1.99711e-09 1.65119e-09 1.36489e-09 1.128e-09 9.32033e-10 7.69955e-10 6.35935e-10 5.2514e-10 4.33565e-10 3.57891e-10 2.9537e-10 2.43726e-10 2.01076e-10 1.65859e-10 1.36787e-10 1.12791e-10
0.00426906 0.00201217 0.00188187 0.00174116 0.00159653 0.00145274 0.00131319 0.00118022 0.00105533 0.000939383 0.000832787 0.000735584 0.000647564 0.000568344 0.000497423 0.000434232 0.000378166 0.000328611 0.000284961 0.000246632 0.000213073 0.000183768 0.00015824 0.000136052 0.000116808 0.000100151 8.57581e-05 7.3344e-05 6.26538e-05 5.34623e-05 4.55707e-05 3.88045e-05 3.30108e-05 2.80559e-05 2.38234e-05 2.02119e-05 1.71338e-05 1.45128e-05 1.22833e-05 1.03886e-05 8.77992e-06 7.41519e-06 6.25839e-06 5.27865e-06 4.4495e-06 3.74831e-06 3.15576e-06 2.65537e-06 2.23309e-06 1.87695e-06 1.57678e-06 1.32395e-06 1.11111e-06 9.32034e-07 7.81455e-07 6.54905e-07 5.48605e-07 4.5936e-07 3.8447e-07 3.21657e-07 2.68998e-07 2.24871e-07 1.87911e-07 1.56967e-07 1.31071e-07 1.09407e-07 9.12925e-08 7.61509e-08 6.34994e-08 5.29324e-08 4.41096e-08 3.67459e-08 3.0602e-08 2.54777e-08 2.12051e-08 1.7644e-08 1.46767e-08 1.2205e-08 1.01468e-08 8.43338e-09 7.00746e-09 5.82112e-09 4.8344e-09 4.01392e-09 3.33188e-09 2.76506e-09 2.29412e-09 1.90295e-09 1.57811e-09 1.30843e-09 1.0846e-09 8.98855e-10 7.44763e-10 6.16957e-10 5.10977e-10 4.23115e-10 3.50291e-10 2.89943e-10 2.39945e-10 1.9853e-10 1.64232e-10
0.00342942 0.00169176 0.00160777 0.00150906 0.0014019 0.00129109 0.00118022 0.00107193 0.000968071 0.000869893 0.000778169 0.000693308 0.000615441 0.000544498 0.00048026 0.00042241 0.000370562 0.000324294 0.000283165 0.000246734 0.000214567 0.00018625 0.000161389 0.000139617 0.000120595 0.000104012 8.95836e-05 7.70547e-05 6.61944e-05 5.67963e-05 4.86765e-05 4.16716e-05 3.56373e-05 3.04459e-05 2.59856e-05 2.21581e-05 1.88774e-05 1.60686e-05 1.36663e-05 1.16139e-05 9.86204e-06 8.3682e-06 7.0955e-06 6.01216e-06 5.09078e-06 4.30777e-06 3.64289e-06 3.07872e-06 2.60037e-06 2.19507e-06 1.85189e-06 1.5615e-06 1.31595e-06 1.10844e-06 9.33173e-07 7.85235e-07 6.60432e-07 5.55205e-07 4.66531e-07 3.91845e-07 3.28972e-07 2.7607e-07 2.31579e-07 1.9418e-07 1.62756e-07 1.36364e-07 1.14209e-07 9.56178e-08 8.00239e-08 6.69494e-08 5.59916e-08 4.68113e-08 3.91232e-08 3.26871e-08 2.7301e-08 2.27952e-08 1.90272e-08 1.58773e-08 1.32449e-08 1.10457e-08 9.20903e-09 7.67561e-09 6.39576e-09 5.32788e-09 4.43711e-09 3.69431e-09 3.07507e-09 2.55898e-09 2.12897e-09 1.77079e-09 1.47252e-09 1.2242e-09 1.01752e-09 8.45536e-10 7.02465e-10 5.83474e-10 4.84533e-10 4.02283e-10 3.33924e-10 2.77124e-10 2.29938e-10
0.00275493 0.00141954 0.00137003 0.00130367 0.00122624 0.00114228 0.00105533 0.000968071 0.000882517 0.000800112 0.000721854 0.00064839 0.000580088 0.000517105 0.000459435 0.000406956 0.000359459 0.00031668 0.000278316 0.000244047 0.000213545 0.000186485 0.000162549 0.000141436 0.000122861 0.000106557 9.22779e-05 7.97988e-05 6.89139e-05 5.94369e-05 5.12e-05 4.40526e-05 3.78602e-05 3.2503e-05 2.78749e-05 2.3882e-05 2.04413e-05 1.74803e-05 1.49348e-05 1.27491e-05 1.08742e-05 9.26766e-06 7.89234e-06 6.7161e-06 5.71101e-06 4.85293e-06 4.12098e-06 3.49711e-06 2.96579e-06 2.51363e-06 2.12912e-06 1.80237e-06 1.52489e-06 1.28941e-06 1.08971e-06 9.2045e-07 7.77081e-07 6.55715e-07 5.53034e-07 4.6621e-07 3.92834e-07 3.30856e-07 2.78533e-07 2.34383e-07 1.97148e-07 1.65759e-07 1.39311e-07 1.17037e-07 9.82862e-08 8.2508e-08 6.9237e-08 5.80794e-08 4.87025e-08 4.08251e-08 3.42102e-08 2.86574e-08 2.3998e-08 2.00897e-08 1.68126e-08 1.40656e-08 1.17639e-08 9.83585e-09 8.22138e-09 6.86993e-09 5.739e-09 4.7929e-09 4.00166e-09 3.34015e-09 2.78725e-09 2.32526e-09 1.93935e-09 1.61708e-09 1.34802e-09 1.12346e-09 9.3608e-10 7.79768e-10 6.49405e-10 5.40713e-10 4.5011e-10 3.74606e-10 3.11698e-10
0.00221309 0.00118897 0.00116468 0.00112294 0.00106886 0.00100657 0.000939383 0.000869893 0.000800112 0.000731557 0.000665343 0.000602258 0.000542824 0.000487355 0.000436001 0.000388788 0.000345646 0.000306435 0.00027097 0.000239032 0.000210382 0.000184774 0.000161959 0.000141696 0.000123747 0.000107891 9.39166e-05 8.16285e-05 7.0846e-05 6.14033e-05 5.31494e-05 4.59473e-05 3.96735e-05 3.42169e-05 2.94782e-05 2.53689e-05 2.18102e-05 1.87323e-05 1.60735e-05 1.37795e-05 1.18026e-05 1.01007e-05 8.63705e-06 7.37965e-06 6.30046e-06 5.37508e-06 4.58231e-06 3.90372e-06 3.32336e-06 2.82742e-06 2.40394e-06 2.04262e-06 1.73455e-06 1.47207e-06 1.2486e-06 1.05845e-06 8.96779e-07 7.59395e-07 6.42724e-07 5.43703e-07 4.5971e-07 3.88506e-07 3.28175e-07 2.77086e-07 2.33845e-07 1.97265e-07 1.66336e-07 1.40197e-07 1.18117e-07 9.9474e-08 8.37406e-08 7.04685e-08 5.92774e-08 4.9845e-08 4.18983e-08 3.52059e-08 2.95722e-08 2.48314e-08 2.08436e-08 1.74904e-08 1.46719e-08 1.23037e-08 1.03145e-08 8.64422e-09 7.24224e-09 6.06584e-09 5.07904e-09 4.25156e-09 3.55788e-09 2.97656e-09 2.48954e-09 2.08165e-09 1.74012e-09 1.45425e-09 1.21503e-09 1.01491e-09 8.47536e-10 7.07592e-10 5.90613e-10 4.92856e-10 4.11184e-10
0.00177782 0.000994175 0.000987965 0.000964692 0.00092875 0.000883785 0.000832787 0.000778169 0.000721854 0.000665343 0.000609787 0.00055604 0.000504716 0.000456233 0.000410849 0.000368697 0.000329813 0.000294158 0.000261636 0.000232115 0.000205432 0.000181409 0.000159857 0.000140585 0.000123405 0.000108131 9.45884e-05 8.26094e-05 7.20375e-05 6.27274e-05 5.45448e-05 4.73667e-05 4.10811e-05 3.55863e-05 3.07906e-05 2.66112e-05 2.29745e-05 1.98141e-05 1.70715e-05 1.46943e-05 1.26364e-05 1.08569e-05 9.31996e-06 7.99387e-06 6.85089e-06 5.86672e-06 5.02011e-06 4.29249e-06 3.6677e-06 3.13166e-06 2.67216e-06 2.27858e-06 1.94172e-06 1.65364e-06 1.40744e-06 1.19719e-06 1.01776e-06 8.64737e-07 7.3432e-07 6.23239e-07 5.28686e-07 4.48249e-07 3.79862e-07 3.21752e-07 2.72402e-07 2.30514e-07 1.94979e-07 1.64848e-07 1.39313e-07 1.17684e-07 9.93708e-08 8.38734e-08 7.07645e-08 5.96811e-08 5.03143e-08 4.24015e-08 3.572e-08 3.00804e-08 2.53222e-08 2.13093e-08 1.79261e-08 1.5075e-08 1.26731e-08 1.06505e-08 8.94784e-09 7.51501e-09 6.30967e-09 5.29606e-09 4.44395e-09 3.72785e-09 3.12624e-09 2.62097e-09 2.19676e-09 1.8407e-09 1.54193e-09 1.29131e-09 1.08115e-09 9.04952e-10 7.5728e-10 6.33546e-10 5.29899e-10
0.00142816 0.000830015 0.0008364 0.000826732 0.0008047 0.00077344 0.000735584 0.000693308 0.00064839 0.000602258 0.00055604 0.000510607 0.000466617 0.000424546 0.000384723 0.000347357 0.000312562 0.000280375 0.000250773 0.000223691 0.00019903 0.000176669 0.000156472 0.000138294 0.000121986 0.000107399 9.43896e-05 8.2816e-05 7.2545e-05 6.34508e-05 5.54157e-05 4.83308e-05 4.20954e-05 3.66177e-05 3.18137e-05 2.76075e-05 2.39302e-05 2.07202e-05 1.7922e-05 1.54859e-05 1.3368e-05 1.15288e-05 9.9336e-06 8.55158e-06 7.35556e-06 6.32159e-06 5.42861e-06 4.65815e-06 3.99403e-06 3.42209e-06 2.92996e-06 2.50687e-06 2.14344e-06 1.8315e-06 1.56395e-06 1.33466e-06 1.1383e-06 9.7026e-07 8.26549e-07 7.03729e-07 5.98831e-07 5.09298e-07 4.32924e-07 3.67816e-07 3.12344e-07 2.65109e-07 2.2491e-07 1.90717e-07 1.61649e-07 1.3695e-07 1.15974e-07 9.81686e-08 8.30621e-08 7.02513e-08 5.93924e-08 5.0192e-08 4.24005e-08 3.58048e-08 3.02238e-08 2.55034e-08 2.15125e-08 1.81397e-08 1.52903e-08 1.28842e-08 1.0853e-08 9.13908e-09 7.6933e-09 6.47419e-09 5.44655e-09 4.58062e-09 3.85119e-09 3.23696e-09 2.71989e-09 2.28476e-09 1.9187e-09 1.61083e-09 1.352e-09 1.13444e-09 9.51642e-10 7.98087e-10 6.69136e-10
0.00114727 0.000691971 0.000706791 0.000706921 0.000695396 0.000674855 0.000647564 0.000615441 0.000580088 0.000542824 0.000504716 0.000466617 0.00042919 0.000392939 0.000358234 0.000325335 0.000294407 0.000265546 0.000238785 0.000214112 0.00019148 0.000170815 0.000152026 0.000135006 0.000119643 0.00010582 9.34203e-05 8.23281e-05 7.24311e-05 6.36219e-05 5.57988e-05 4.88662e-05 4.27353e-05 3.73236e-05 3.25553e-05 2.83613e-05 2.46783e-05 2.14491e-05 1.8622e-05 1.61504e-05 1.39925e-05 1.21111e-05 1.04726e-05 9.0474e-06 7.80921e-06 6.73464e-06 5.80308e-06 4.99631e-06 4.29831e-06 3.69499e-06 3.174e-06 2.72449e-06 2.337e-06 2.00325e-06 1.71602e-06 1.46902e-06 1.25678e-06 1.07454e-06 9.18175e-07 7.84104e-07 6.69226e-07 5.7086e-07 4.86686e-07 4.14703e-07 3.53182e-07 3.00635e-07 2.55778e-07 2.17508e-07 1.84876e-07 1.57066e-07 1.33378e-07 1.13212e-07 9.60531e-08 8.14596e-08 6.90542e-08 5.85137e-08 4.95621e-08 4.19632e-08 3.55154e-08 3.00469e-08 2.54108e-08 2.14821e-08 1.81542e-08 1.53364e-08 1.29514e-08 1.09336e-08 9.22695e-09 7.78414e-09 6.56479e-09 5.53466e-09 4.6647e-09 3.93026e-09 3.31044e-09 2.78753e-09 2.34652e-09 1.9747e-09 1.66132e-09 1.39728e-09 1.17487e-09 9.87595e-10 8.29946e-10
0.000921627 0.000576121 0.000596255 0.000603232 0.000599497 0.000587229 0.000568344 0.000544498 0.000517105 0.000487355 0.000456233 0.000424546 0.000392939 0.000361919 0.000331875 0.000303095 0.000275781 0.000250067 0.000226027 0.000203693 0.000183058 0.000164086 0.000146722 0.000130895 0.000116522 0.000103515 9.17814e-05 8.1228e-05 7.1762e-05 6.32934e-05 5.57352e-05 4.90049e-05 4.30246e-05 3.77214e-05 3.30276e-05 2.88807e-05 2.52233e-05 2.20029e-05 1.91717e-05 1.66864e-05 1.45078e-05 1.26007e-05 1.09334e-05 9.47759e-06 8.208e-06 7.10207e-06 6.13979e-06 5.3034e-06 4.57719e-06 3.94726e-06 3.4014e-06 2.92881e-06 2.52003e-06 2.16677e-06 1.86173e-06 1.59855e-06 1.37168e-06 1.17625e-06 1.00803e-06 8.63338e-07 7.38977e-07 6.32161e-07 5.40477e-07 4.61834e-07 3.9442e-07 3.36668e-07 2.87222e-07 2.44914e-07 2.08735e-07 1.77813e-07 1.514e-07 1.2885e-07 1.09608e-07 9.31985e-08 7.92106e-08 6.72931e-08 5.71445e-08 4.85062e-08 4.1157e-08 3.49074e-08 2.95951e-08 2.50816e-08 2.12484e-08 1.79944e-08 1.52331e-08 1.28909e-08 1.0905e-08 9.2218e-09 7.79577e-09 6.58805e-09 5.56559e-09 4.70029e-09 3.96825e-09 3.34917e-09 2.82579e-09 2.38348e-09 2.0098e-09 1.6942e-09 1.42775e-09 1.20285e-09 1.0131e-09
0.000740362 0.000479074 0.000502216 0.000513774 0.000515678 0.000509698 0.000497423 0.00048026 0.000459435 0.000436001 0.000410849 0.000384723 0.000358234 0.000331875 0.000306036 0.000281017 0.000257042 0.000234269 0.000212805 0.000192709 0.000174008 0.000156697 0.000140749 0.000126123 0.000112762 0.000100602 8.95715e-05 7.95977e-05 7.06055e-05 6.25204e-05 5.52693e-05 4.87819e-05 4.29908e-05 3.78322e-05 3.32463e-05 2.91773e-05 2.55734e-05 2.23869e-05 1.95742e-05 1.70952e-05 1.49137e-05 1.29967e-05 1.13143e-05 9.83996e-06 8.54943e-06 7.4212e-06 6.43602e-06 5.57672e-06 4.82802e-06 4.17637e-06 3.60977e-06 3.1176e-06 2.69048e-06 2.32016e-06 1.99937e-06 1.72172e-06 1.48162e-06 1.27414e-06 1.09501e-06 9.40469e-07 8.07236e-07 6.92458e-07 5.9365e-07 5.08647e-07 4.3557e-07 3.72786e-07 3.1888e-07 2.72625e-07 2.32959e-07 1.98963e-07 1.69845e-07 1.44917e-07 1.2359e-07 1.05352e-07 8.97644e-08 7.64488e-08 6.50799e-08 5.53779e-08 4.71022e-08 4.00467e-08 3.40341e-08 2.89127e-08 2.45523e-08 2.08415e-08 1.76848e-08 1.50006e-08 1.27192e-08 1.07809e-08 9.13468e-09 7.73717e-09 6.55121e-09 5.54517e-09 4.69206e-09 3.96891e-09 3.35613e-09 2.83706e-09 2.39753e-09 2.02547e-09 1.71063e-09 1.4443e-09 1.21907e-09
0.000594748 0.000397915 0.000422391 0.000436811 0.00044267 0.000441378 0.000434232 0.00042241 0.000406956 0.000388788 0.000368697 0.000347357 0.000325335 0.000303095 0.000281017 0.000259402 0.000238482 0.000218432 0.000199376 0.000181397 0.000164545 0.000148839 0.000134278 0.00012084 0.000108493 9.71921e-05 8.68856e-05 7.75175e-05 6.90286e-05 6.13586e-05 5.4447e-05 4.82347e-05 4.2664e-05 3.768e-05 3.32301e-05 2.92652e-05 2.57391e-05 2.26088e-05 1.98347e-05 1.73803e-05 1.52122e-05 1.32997e-05 1.16153e-05 1.01337e-05 8.83223e-06 7.69044e-06 6.68996e-06 5.81433e-06 5.04884e-06 4.38037e-06 3.79723e-06 3.28906e-06 2.84664e-06 2.46185e-06 2.12747e-06 1.83718e-06 1.58537e-06 1.36713e-06 1.17814e-06 1.01461e-06 8.73215e-07 7.51055e-07 6.45589e-07 5.54602e-07 4.76159e-07 4.08578e-07 3.50393e-07 3.00329e-07 2.57281e-07 2.20288e-07 1.88517e-07 1.61247e-07 1.37854e-07 1.17798e-07 1.00612e-07 8.58936e-08 7.3295e-08 6.25164e-08 5.32995e-08 4.54219e-08 3.86923e-08 3.29461e-08 2.80418e-08 2.3858e-08 2.02905e-08 1.72498e-08 1.46591e-08 1.24529e-08 1.05749e-08 8.97681e-09 7.61754e-09 6.46183e-09 5.47958e-09 4.64507e-09 3.93633e-09 3.33464e-09 2.82401e-09 2.39082e-09 2.02343e-09 1.71198e-09 1.44802e-09
0.000477774 0.000330149 0.000354769 0.000370767 0.000379275 0.000381393 0.000378166 0.000370562 0.000359459 0.000345646 0.000329813 0.000312562 0.000294407 0.000275781 0.000257042 0.000238482 0.000220334 0.00020278 0.000185956 0.000169959 0.000154855 0.000140683 0.000127458 0.000115181 0.000103833 9.33889e-05 8.3813e-05 7.5064e-05 6.70967e-05 5.98631e-05 5.33143e-05 4.74013e-05 4.20755e-05 3.729e-05 3.29994e-05 2.91607e-05 2.5733e-05 2.26781e-05 1.99604e-05 1.75468e-05 1.54067e-05 1.35122e-05 1.18375e-05 1.03593e-05 9.05622e-06 7.90915e-06 6.90066e-06 6.01508e-06 5.23836e-06 4.55788e-06 3.96238e-06 3.44179e-06 2.98716e-06 2.59053e-06 2.24483e-06 1.94379e-06 1.6819e-06 1.45425e-06 1.25653e-06 1.08496e-06 9.36199e-07 8.07309e-07 6.95723e-07 5.9919e-07 5.1574e-07 4.43649e-07 3.81415e-07 3.27726e-07 2.81439e-07 2.41558e-07 2.07218e-07 1.77668e-07 1.52254e-07 1.30411e-07 1.11646e-07 9.55362e-08 8.17121e-08 6.98562e-08 5.96934e-08 5.09864e-08 4.35305e-08 3.7149e-08 3.16896e-08 2.70214e-08 2.30315e-08 1.96228e-08 1.67121e-08 1.42277e-08 1.2108e-08 1.03003e-08 8.75921e-09 7.44602e-09 6.32746e-09 5.37505e-09 4.56443e-09 3.87474e-09 3.28817e-09 2.78948e-09 2.36565e-09 2.00558e-09 1.69978e-09
0.000383805 0.000273647 0.000297592 0.000314227 0.000324382 0.000328902 0.000328611 0.000324294 0.00031668 0.000306435 0.000294158 0.000280375 0.000265546 0.000250067 0.000234269 0.000218432 0.00020278 0.000187496 0.000172721 0.000158562 0.000145095 0.000132372 0.000120424 0.000109263 9.88885e-05 8.92868e-05 8.04366e-05 7.23094e-05 6.48718e-05 5.80871e-05 5.19164e-05 4.63197e-05 4.1257e-05 3.66886e-05 3.25758e-05 2.88812e-05 2.55692e-05 2.26061e-05 1.996e-05 1.76013e-05 1.55023e-05 1.36375e-05 1.19833e-05 1.05181e-05 9.22221e-06 8.07759e-06 7.06794e-06 6.17848e-06 5.39585e-06 4.70804e-06 4.10425e-06 3.5748e-06 3.11103e-06 2.70521e-06 2.35045e-06 2.04063e-06 1.77031e-06 1.53466e-06 1.32943e-06 1.15083e-06 9.9555e-07 8.60643e-07 7.43532e-07 6.41947e-07 5.53896e-07 4.77631e-07 4.11621e-07 3.54527e-07 3.05178e-07 2.62552e-07 2.25756e-07 1.94013e-07 1.66645e-07 1.43065e-07 1.22759e-07 1.05283e-07 9.02512e-08 7.73288e-08 6.62256e-08 5.66907e-08 4.85068e-08 4.14859e-08 3.54659e-08 3.03065e-08 2.58868e-08 2.21025e-08 1.88638e-08 1.60933e-08 1.37243e-08 1.16995e-08 9.96965e-09 8.49241e-09 7.23142e-09 6.15543e-09 5.23769e-09 4.45522e-09 3.78834e-09 3.22019e-09 2.73633e-09 2.32441e-09 1.97386e-09
0.000308319 0.000226599 0.000249332 0.000265927 0.000276975 0.000283106 0.000284961 0.000283165 0.000278316 0.00027097 0.000261636 0.000250773 0.000238785 0.000226027 0.000212805 0.000199376 0.000185956 0.000172721 0.000159814 0.000147345 0.000135397 0.000124032 0.00011329 0.000103194 9.37549e-05 8.49712e-05 7.68322e-05 6.93203e-05 6.24124e-05 5.60812e-05 5.02967e-05 4.50273e-05 4.02402e-05 3.59024e-05 3.19813e-05 2.84451e-05 2.52627e-05 2.24048e-05 1.98432e-05 1.75515e-05 1.55049e-05 1.36802e-05 1.20561e-05 1.06127e-05 9.33181e-06 8.19677e-06 7.19234e-06 6.30467e-06 5.52118e-06 4.8305e-06 4.22234e-06 3.68746e-06 3.21754e-06 2.80515e-06 2.4436e-06 2.12695e-06 1.84989e-06 1.6077e-06 1.39619e-06 1.21162e-06 1.05071e-06 9.1055e-07 7.88552e-07 6.82452e-07 5.90248e-07 5.10182e-07 4.40705e-07 3.80462e-07 3.2826e-07 2.83058e-07 2.43943e-07 2.10117e-07 1.80884e-07 1.55635e-07 1.33841e-07 1.15041e-07 9.88314e-08 8.48645e-08 7.28363e-08 6.24835e-08 5.35773e-08 4.59197e-08 3.93389e-08 3.36865e-08 2.88337e-08 2.46696e-08 2.10981e-08 1.80362e-08 1.54124e-08 1.31652e-08 1.12412e-08 9.59469e-09 8.18627e-09 6.98199e-09 5.9527e-09 5.07332e-09 4.32231e-09 3.68119e-09 3.13409e-09 2.6674e-09 2.26944e-09
0.000247679 0.000187473 0.000208663 0.000224748 0.000236128 0.000243261 0.000246632 0.000246734 0.000244047 0.000239032 0.000232115 0.000223691 0.000214112 0.000203693 0.000192709 0.000181397 0.000169959 0.000158562 0.000147345 0.000136418 0.00012587 0.000115766 0.000106153 9.70635e-05 8.85159e-05 8.0518e-05 7.30682e-05 6.61579e-05 5.97723e-05 5.38927e-05 4.84967e-05 4.35596e-05 3.90555e-05 3.49574e-05 3.12382e-05 2.78708e-05 2.4829e-05 2.2087e-05 1.96205e-05 1.74059e-05 1.54212e-05 1.36457e-05 1.20601e-05 1.06462e-05 9.38737e-06 8.26833e-06 7.27496e-06 6.39433e-06 5.61468e-06 4.92531e-06 4.3165e-06 3.77948e-06 3.30632e-06 2.88989e-06 2.52378e-06 2.20224e-06 1.92012e-06 1.67284e-06 1.45629e-06 1.26684e-06 1.10123e-06 9.56595e-07 8.30382e-07 7.20334e-07 6.24459e-07 5.40995e-07 4.68391e-07 4.0528e-07 3.50461e-07 3.02878e-07 2.61603e-07 2.25825e-07 1.94832e-07 1.68001e-07 1.44788e-07 1.24716e-07 1.07372e-07 9.23935e-08 7.9465e-08 6.83125e-08 5.86971e-08 5.04116e-08 4.32757e-08 3.71332e-08 3.18484e-08 2.73038e-08 2.33977e-08 2.00419e-08 1.71603e-08 1.46871e-08 1.25652e-08 1.07457e-08 9.18606e-09 7.8498e-09 6.7054e-09 5.72571e-09 4.88738e-09 4.1703e-09 3.55717e-09 3.03312e-09 2.58539e-09
0.000198966 0.000154972 0.000174443 0.000189705 0.000201012 0.000208681 0.000213073 0.000214567 0.000213545 0.000210382 0.000205432 0.00019903 0.00019148 0.000183058 0.000174008 0.000164545 0.000154855 0.000145095 0.000135397 0.00012587 0.000116602 0.00010766 9.90967e-05 9.09497e-05 8.32439e-05 7.59939e-05 6.92054e-05 6.28769e-05 5.70009e-05 5.15654e-05 4.65547e-05 4.19505e-05 3.77324e-05 3.3879e-05 3.0368e-05 2.7177e-05 2.42836e-05 2.16659e-05 1.93027e-05 1.71734e-05 1.52587e-05 1.354e-05 1.19999e-05 1.06222e-05 9.39178e-06 8.2945e-06 7.31743e-06 6.44861e-06 5.67712e-06 4.99294e-06 4.38697e-06 3.85091e-06 3.37726e-06 2.95923e-06 2.5907e-06 2.26614e-06 1.98062e-06 1.72968e-06 1.50936e-06 1.31609e-06 1.14672e-06 9.98421e-07 8.68682e-07 7.55278e-07 6.56234e-07 5.698e-07 4.94431e-07 4.28758e-07 3.71578e-07 3.21828e-07 2.78573e-07 2.40991e-07 2.08361e-07 1.80047e-07 1.55496e-07 1.34221e-07 1.15795e-07 9.98471e-08 8.60519e-08 7.41257e-08 6.38212e-08 5.49227e-08 4.72426e-08 4.06177e-08 3.49058e-08 2.99838e-08 2.57445e-08 2.2095e-08 1.89547e-08 1.6254e-08 1.39324e-08 1.19375e-08 1.02242e-08 8.7533e-09 7.49116e-09 6.40856e-09 5.48037e-09 4.68488e-09 4.00341e-09 3.41984e-09 2.92031e-09
0.000159833 0.000128003 0.000145689 0.000159935 0.000170883 0.000178741 0.000183768 0.00018625 0.000186485 0.000184774 0.000181409 0.000176669 0.000170815 0.000164086 0.000156697 0.000148839 0.000140683 0.000132372 0.000124032 0.000115766 0.00010766 9.97826e-05 9.21882e-05 8.49178e-05 7.80007e-05 7.14568e-05 6.52972e-05 5.95263e-05 5.41423e-05 4.9139e-05 4.45064e-05 4.02312e-05 3.62985e-05 3.26912e-05 2.93917e-05 2.63815e-05 2.3642e-05 2.11545e-05 1.89009e-05 1.68634e-05 1.5025e-05 1.33693e-05 1.18809e-05 1.05451e-05 9.34841e-06 8.27791e-06 7.32179e-06 6.46907e-06 5.70964e-06 5.03421e-06 4.43427e-06 3.90206e-06 3.4305e-06 3.01317e-06 2.64426e-06 2.31851e-06 2.03117e-06 1.77798e-06 1.55511e-06 1.35911e-06 1.1869e-06 1.03574e-06 9.0318e-07 7.87022e-07 6.85327e-07 5.96366e-07 5.18609e-07 4.50697e-07 3.91429e-07 3.39743e-07 2.94702e-07 2.5548e-07 2.21348e-07 1.91666e-07 1.65871e-07 1.43468e-07 1.24024e-07 1.07159e-07 9.25384e-08 7.98719e-08 6.89046e-08 5.9414e-08 5.12058e-08 4.41105e-08 3.79807e-08 3.26877e-08 2.81196e-08 2.41792e-08 2.07819e-08 1.78543e-08 1.53326e-08 1.31616e-08 1.12934e-08 9.68644e-09 8.30487e-09 7.11758e-09 6.09768e-09 5.22196e-09 4.47033e-09 3.82549e-09 3.27249e-09
0.000128397 0.000105648 0.00012156 0.000134685 0.000145081 0.000152874 0.00015824 0.000161389 0.000162549 0.000161959 0.000159857 0.000156472 0.000152026 0.000146722 0.000140749 0.000134278 0.000127458 0.000120424 0.00011329 0.000106153 9.90967e-05 9.21882e-05 8.54822e-05 7.90214e-05 7.28382e-05 6.69559e-05 6.13899e-05 5.61489e-05 5.12359e-05 4.66494e-05 4.23839e-05 3.84308e-05 3.47794e-05 3.14168e-05 2.83292e-05 2.55018e-05 2.29191e-05 2.05657e-05 1.84261e-05 1.64852e-05 1.4728e-05 1.31403e-05 1.17084e-05 1.04194e-05 9.26095e-06 8.22155e-06 7.29043e-06 6.45757e-06 5.71369e-06 5.0502e-06 4.45921e-06 3.93349e-06 3.46641e-06 3.05194e-06 2.68458e-06 2.35934e-06 2.07172e-06 1.81762e-06 1.59339e-06 1.39569e-06 1.22157e-06 1.06836e-06 9.33664e-07 8.15357e-07 7.11535e-07 6.205e-07 5.40745e-07 4.70927e-07 4.09856e-07 3.56477e-07 3.09857e-07 2.69169e-07 2.33684e-07 2.02757e-07 1.75822e-07 1.52379e-07 1.31989e-07 1.14265e-07 9.88685e-08 8.55017e-08 7.3904e-08 6.38473e-08 5.51317e-08 4.75826e-08 4.10476e-08 3.53935e-08 3.05041e-08 2.62782e-08 2.26276e-08 1.94756e-08 1.67554e-08 1.4409e-08 1.23861e-08 1.06427e-08 9.14102e-09 7.8481e-09 6.73539e-09 5.77821e-09 4.95517e-09 4.24776e-09 3.63999e-09
0.000103144 8.71353e-05 0.000101336 0.000113301 0.000123025 0.000130571 0.000136052 0.000139617 0.000141436 0.000141696 0.000140585 0.000138294 0.000135006 0.000130895 0.000126123 0.00012084 0.000115181 0.000109263 0.000103194 9.70635e-05 9.09497e-05 8.49178e-05 7.90214e-05 7.33038e-05 6.7799e-05 6.25325e-05 5.75228e-05 5.27818e-05 4.83162e-05 4.41282e-05 4.02162e-05 3.65754e-05 3.31986e-05 3.00767e-05 2.71991e-05 2.45541e-05 2.21293e-05 1.9912e-05 1.78892e-05 1.6048e-05 1.43756e-05 1.28597e-05 1.14882e-05 1.02497e-05 9.13331e-06 8.12863e-06 7.22597e-06 6.41624e-06 5.69095e-06 5.04224e-06 4.46282e-06 3.94598e-06 3.48557e-06 3.07593e-06 2.7119e-06 2.38879e-06 2.10231e-06 1.8486e-06 1.62413e-06 1.42576e-06 1.25061e-06 1.09612e-06 9.59986e-07 8.40131e-07 7.34704e-07 6.4205e-07 5.60689e-07 4.89306e-07 4.26725e-07 3.71906e-07 3.23921e-07 2.81952e-07 2.45269e-07 2.13231e-07 1.85269e-07 1.6088e-07 1.39623e-07 1.21107e-07 1.04989e-07 9.09678e-08 7.87775e-08 6.81856e-08 5.89878e-08 5.10054e-08 4.40816e-08 3.80793e-08 3.28788e-08 2.83753e-08 2.44775e-08 2.11056e-08 1.81901e-08 1.56706e-08 1.34943e-08 1.16153e-08 9.9938e-09 8.59515e-09 7.38928e-09 6.35006e-09 5.45488e-09 4.68408e-09 4.02068e-09
8.2858e-05 7.18178e-05 8.44053e-05 9.52149e-05 0.0001042 0.000111377 0.000116808 0.000120595 0.000122861 0.000123747 0.000123405 0.000121986 0.000119643 0.000116522 0.000112762 0.000108493 0.000103833 9.88885e-05 9.37549e-05 8.85159e-05 8.32439e-05 7.80007e-05 7.28382e-05 6.7799e-05 6.29176e-05 5.82208e-05 5.3729e-05 4.94565e-05 4.5413e-05 4.16033e-05 3.8029e-05 3.46885e-05 3.15776e-05 2.86902e-05 2.60185e-05 2.35538e-05 2.12861e-05 1.92053e-05 1.73005e-05 1.55608e-05 1.39756e-05 1.25341e-05 1.12259e-05 1.00409e-05 8.96955e-06 8.00255e-06 7.13124e-06 6.34739e-06 5.64332e-06 5.01185e-06 4.4463e-06 3.94049e-06 3.4887e-06 3.08569e-06 2.72664e-06 2.40713e-06 2.12314e-06 1.87101e-06 1.6474e-06 1.4493e-06 1.27398e-06 1.11897e-06 9.82057e-07 8.6124e-07 7.54724e-07 6.60901e-07 5.78329e-07 5.05721e-07 4.41927e-07 3.85923e-07 3.36796e-07 2.93735e-07 2.56019e-07 2.23008e-07 1.94137e-07 1.68904e-07 1.46865e-07 1.27629e-07 1.10851e-07 9.62261e-08 8.34857e-08 7.23938e-08 6.27431e-08 5.43512e-08 4.70582e-08 4.07237e-08 3.52249e-08 3.04541e-08 2.63172e-08 2.27317e-08 1.96259e-08 1.69369e-08 1.46099e-08 1.25972e-08 1.08572e-08 9.35356e-09 8.05489e-09 6.93372e-09 5.96622e-09 5.13171e-09 4.41222e-09
6.65615e-05 5.91549e-05 7.02466e-05 7.99393e-05 8.81588e-05 9.4887e-05 0.000100151 0.000104012 0.000106557 0.000107891 0.000108131 0.000107399 0.00010582 0.000103515 0.000100602 9.71921e-05 9.33889e-05 8.92868e-05 8.49712e-05 8.0518e-05 7.59939e-05 7.14568e-05 6.69559e-05 6.25325e-05 5.82208e-05 5.4048e-05 5.00356e-05 4.61997e-05 4.25516e-05 3.90987e-05 3.58449e-05 3.2791e-05 2.99354e-05 2.72746e-05 2.48033e-05 2.2515e-05 2.04022e-05 1.84567e-05 1.66698e-05 1.50324e-05 1.35356e-05 1.21701e-05 1.09271e-05 9.79785e-06 8.77378e-06 7.8468e-06 7.00915e-06 6.25347e-06 5.57283e-06 4.96071e-06 4.41102e-06 3.9181e-06 3.47669e-06 3.08192e-06 2.72931e-06 2.41476e-06 2.13449e-06 1.88505e-06 1.6633e-06 1.46638e-06 1.2917e-06 1.13689e-06 9.99844e-07 8.78633e-07 7.71529e-07 6.76977e-07 5.93581e-07 5.20089e-07 4.55378e-07 3.98447e-07 3.48401e-07 3.04442e-07 2.65859e-07 2.3202e-07 2.02364e-07 1.76391e-07 1.53662e-07 1.33783e-07 1.1641e-07 1.01236e-07 8.79918e-08 7.64391e-08 6.6368e-08 5.75938e-08 4.99541e-08 4.33061e-08 3.75242e-08 3.24985e-08 2.81325e-08 2.43416e-08 2.10518e-08 1.81984e-08 1.57247e-08 1.35813e-08 1.17249e-08 1.0118e-08 8.72763e-09 7.52522e-09 6.48582e-09 5.58774e-09 4.81212e-09
5.34703e-05 4.8695e-05 5.8418e-05 6.70532e-05 7.45089e-05 8.0744e-05 8.57581e-05 8.95836e-05 9.22779e-05 9.39166e-05 9.45884e-05 9.43896e-05 9.34203e-05 9.17814e-05 8.95715e-05 8.68856e-05 8.3813e-05 8.04366e-05 7.68322e-05 7.30682e-05 6.92054e-05 6.52972e-05 6.13899e-05 5.75228e-05 5.3729e-05 5.00356e-05 4.64646e-05 4.30329e-05 3.97534e-05 3.66348e-05 3.36831e-05 3.0901e-05 2.8289e-05 2.58456e-05 2.35677e-05 2.14507e-05 1.94892e-05 1.76767e-05 1.60064e-05 1.44709e-05 1.30627e-05 1.17741e-05 1.05974e-05 9.52524e-06 8.55009e-06 7.66486e-06 6.86268e-06 6.13699e-06 5.48158e-06 4.89057e-06 4.35844e-06 3.88002e-06 3.45049e-06 3.06538e-06 2.72055e-06 2.41218e-06 2.13674e-06 1.89102e-06 1.67206e-06 1.47716e-06 1.30386e-06 1.14994e-06 1.01337e-06 8.92302e-07 7.85092e-07 6.9024e-07 6.06397e-07 5.32352e-07 4.67016e-07 4.09414e-07 3.58673e-07 3.1401e-07 2.7473e-07 2.40209e-07 2.09894e-07 1.83292e-07 1.59965e-07 1.39524e-07 1.21625e-07 1.05961e-07 9.22626e-08 8.02911e-08 6.98352e-08 6.07087e-08 5.27474e-08 4.58067e-08 3.97592e-08 3.44931e-08 2.99098e-08 2.59232e-08 2.24573e-08 1.94458e-08 1.68305e-08 1.45604e-08 1.25909e-08 1.0883e-08 9.40283e-09 8.12052e-09 7.01017e-09 6.04916e-09 5.21779e-09
4.29538e-05 4.00613e-05 4.85458e-05 5.61953e-05 6.29097e-05 6.86324e-05 7.3344e-05 7.70547e-05 7.97988e-05 8.16285e-05 8.26094e-05 8.2816e-05 8.23281e-05 8.1228e-05 7.95977e-05 7.75175e-05 7.5064e-05 7.23094e-05 6.93203e-05 6.61579e-05 6.28769e-05 5.95263e-05 5.61489e-05 5.27818e-05 4.94565e-05 4.61997e-05 4.30329e-05 3.99737e-05 3.70356e-05 3.42288e-05 3.15601e-05 2.90342e-05 2.66531e-05 2.4417e-05 2.23244e-05 2.03725e-05 1.85576e-05 1.68749e-05 1.53189e-05 1.38839e-05 1.25637e-05 1.13519e-05 1.02421e-05 9.22771e-06 8.3025e-06 7.46022e-06 6.69482e-06 6.00052e-06 5.37176e-06 4.80328e-06 4.2901e-06 3.82753e-06 3.41119e-06 3.03697e-06 2.70107e-06 2.39995e-06 2.13035e-06 1.88926e-06 1.67393e-06 1.48182e-06 1.31062e-06 1.15822e-06 1.02269e-06 9.02283e-07 7.95426e-07 7.00682e-07 6.16756e-07 5.4248e-07 4.76804e-07 4.18783e-07 3.67566e-07 3.22394e-07 2.82585e-07 2.47529e-07 2.16684e-07 1.89564e-07 1.65735e-07 1.44815e-07 1.2646e-07 1.10368e-07 9.62679e-08 8.39224e-08 7.31198e-08 6.36733e-08 5.54177e-08 4.82073e-08 4.19135e-08 3.6423e-08 3.16361e-08 2.74648e-08 2.38321e-08 2.06701e-08 1.79193e-08 1.55275e-08 1.34489e-08 1.16433e-08 1.00758e-08 8.71551e-09 7.5357e-09 6.51288e-09 5.62657e-09
3.45057e-05 3.29401e-05 4.03137e-05 4.70567e-05 5.30657e-05 5.82757e-05 6.26538e-05 6.61944e-05 6.89139e-05 7.0846e-05 7.20375e-05 7.2545e-05 7.24311e-05 7.1762e-05 7.06055e-05 6.90286e-05 6.70967e-05 6.48718e-05 6.24124e-05 5.97723e-05 5.70009e-05 5.41423e-05 5.12359e-05 4.83162e-05 4.5413e-05 4.25516e-05 3.97534e-05 3.70356e-05 3.44124e-05 3.18944e-05 2.94898e-05 2.7204e-05 2.50404e-05 2.30006e-05 2.10845e-05 1.92908e-05 1.7617e-05 1.60599e-05 1.46153e-05 1.32787e-05 1.20451e-05 1.09093e-05 9.86602e-06 8.90969e-06 8.03489e-06 7.23625e-06 6.50851e-06 5.84658e-06 5.24553e-06 4.70069e-06 4.20758e-06 3.76198e-06 3.3599e-06 2.99761e-06 2.67163e-06 2.3787e-06 2.11582e-06 1.8802e-06 1.66926e-06 1.48064e-06 1.31217e-06 1.16187e-06 1.02791e-06 9.08649e-07 8.02576e-07 7.08328e-07 6.24665e-07 5.50469e-07 4.84727e-07 4.26529e-07 3.75053e-07 3.29561e-07 2.8939e-07 2.53946e-07 2.22699e-07 1.95171e-07 1.70939e-07 1.49623e-07 1.30887e-07 1.14428e-07 9.99815e-08 8.73086e-08 7.61993e-08 6.64669e-08 5.79462e-08 5.04909e-08 4.39718e-08 3.82747e-08 3.32988e-08 2.89555e-08 2.51663e-08 2.18625e-08 1.89834e-08 1.64758e-08 1.42928e-08 1.23935e-08 1.07418e-08 9.30612e-09 8.05886e-09 6.97579e-09 6.03576e-09
2.77191e-05 2.70704e-05 3.34553e-05 3.93729e-05 4.47215e-05 4.94316e-05 5.34623e-05 5.67963e-05 5.94369e-05 6.14033e-05 6.27274e-05 6.34508e-05 6.36219e-05 6.32934e-05 6.25204e-05 6.13586e-05 5.98631e-05 5.80871e-05 5.60812e-05 5.38927e-05 5.15654e-05 4.9139e-05 4.66494e-05 4.41282e-05 4.16033e-05 3.90987e-05 3.66348e-05 3.42288e-05 3.18944e-05 2.96431e-05 2.74832e-05 2.54213e-05 2.34616e-05 2.16068e-05 1.98578e-05 1.82147e-05 1.6676e-05 1.52396e-05 1.39026e-05 1.26616e-05 1.15127e-05 1.04516e-05 9.47406e-06 8.57537e-06 7.75096e-06 6.99622e-06 6.3066e-06 5.67766e-06 5.10506e-06 4.58466e-06 4.11248e-06 3.68471e-06 3.29777e-06 2.94828e-06 2.63306e-06 2.34913e-06 2.09373e-06 1.86429e-06 1.65842e-06 1.47391e-06 1.30876e-06 1.16108e-06 1.02919e-06 9.11507e-07 8.0662e-07 7.1323e-07 6.30158e-07 5.56334e-07 4.9079e-07 4.32649e-07 3.81121e-07 3.35493e-07 2.95124e-07 2.59436e-07 2.27913e-07 2.00089e-07 1.7555e-07 1.53924e-07 1.34879e-07 1.18119e-07 1.03381e-07 9.04288e-08 7.90542e-08 6.90716e-08 6.03162e-08 5.26422e-08 4.592e-08 4.00352e-08 3.48867e-08 3.03848e-08 2.64507e-08 2.30146e-08 2.00153e-08 1.73986e-08 1.51169e-08 1.31284e-08 1.13963e-08 9.88832e-09 8.5761e-09 7.4348e-09 6.44263e-09
2.22673e-05 2.22354e-05 2.7746e-05 3.29189e-05 3.76567e-05 4.18892e-05 4.55707e-05 4.86765e-05 5.12e-05 5.31494e-05 5.45448e-05 5.54157e-05 5.57988e-05 5.57352e-05 5.52693e-05 5.4447e-05 5.33143e-05 5.19164e-05 5.02967e-05 4.84967e-05 4.65547e-05 4.45064e-05 4.23839e-05 4.02162e-05 3.8029e-05 3.58449e-05 3.36831e-05 3.15601e-05 2.94898e-05 2.74832e-05 2.55494e-05 2.36952e-05 2.19257e-05 2.02442e-05 1.86527e-05 1.7152e-05 1.57418e-05 1.44209e-05 1.31873e-05 1.20386e-05 1.09718e-05 9.98369e-06 9.07056e-06 8.22869e-06 7.45422e-06 6.74324e-06 6.09184e-06 5.49617e-06 4.95246e-06 4.45704e-06 4.00638e-06 3.5971e-06 3.22599e-06 2.88998e-06 2.58621e-06 2.31195e-06 2.06468e-06 1.84203e-06 1.64181e-06 1.46198e-06 1.30065e-06 1.15608e-06 1.02669e-06 9.10994e-07 8.07663e-07 7.15468e-07 6.33291e-07 5.60115e-07 4.95015e-07 4.37154e-07 3.85774e-07 3.40188e-07 2.99778e-07 2.63986e-07 2.3231e-07 2.043e-07 1.7955e-07 1.57698e-07 1.38418e-07 1.21422e-07 1.06448e-07 9.32651e-08 8.16676e-08 7.14714e-08 6.25131e-08 5.46475e-08 4.77457e-08 4.16933e-08 3.63891e-08 3.17433e-08 2.76766e-08 2.41188e-08 2.10081e-08 1.82897e-08 1.59156e-08 1.38431e-08 1.20349e-08 1.04582e-08 9.08397e-09 7.88685e-09 6.84451e-09
1.78878e-05 1.82551e-05 2.2997e-05 2.75029e-05 3.16816e-05 3.54647e-05 3.88045e-05 4.16716e-05 4.40526e-05 4.59473e-05 4.73667e-05 4.83308e-05 4.88662e-05 4.90049e-05 4.87819e-05 4.82347e-05 4.74013e-05 4.63197e-05 4.50273e-05 4.35596e-05 4.19505e-05 4.02312e-05 3.84308e-05 3.65754e-05 3.46885e-05 3.2791e-05 3.0901e-05 2.90342e-05 2.7204e-05 2.54213e-05 2.36952e-05 2.2033e-05 2.044e-05 1.89202e-05 1.74763e-05 1.61097e-05 1.48211e-05 1.36099e-05 1.24751e-05 1.1415e-05 1.04275e-05 9.50992e-06 8.65955e-06 7.87329e-06 7.14795e-06 6.48023e-06 5.86683e-06 5.30443e-06 4.78975e-06 4.31959e-06 3.89084e-06 3.50051e-06 3.14572e-06 2.82372e-06 2.53193e-06 2.26789e-06 2.02928e-06 1.81396e-06 1.61989e-06 1.4452e-06 1.28814e-06 1.14711e-06 1.02061e-06 9.07271e-07 8.05832e-07 7.15141e-07 6.3414e-07 5.61868e-07 4.97445e-07 4.40073e-07 3.89028e-07 3.43653e-07 3.03353e-07 2.67591e-07 2.35883e-07 2.07792e-07 1.82926e-07 1.60931e-07 1.4149e-07 1.2432e-07 1.09167e-07 9.58033e-08 8.40257e-08 7.36531e-08 6.45242e-08 5.64951e-08 4.94378e-08 4.32386e-08 3.77966e-08 3.30223e-08 2.88361e-08 2.51678e-08 2.19553e-08 1.91433e-08 1.66835e-08 1.45328e-08 1.26534e-08 1.1012e-08 9.57913e-09 8.32898e-09 7.23879e-09
1.43697e-05 1.49804e-05 1.90497e-05 2.2962e-05 2.66334e-05 2.99989e-05 3.30108e-05 3.56373e-05 3.78602e-05 3.96735e-05 4.10811e-05 4.20954e-05 4.27353e-05 4.30246e-05 4.29908e-05 4.2664e-05 4.20755e-05 4.1257e-05 4.02402e-05 3.90555e-05 3.77324e-05 3.62985e-05 3.47794e-05 3.31986e-05 3.15776e-05 2.99354e-05 2.8289e-05 2.66531e-05 2.50404e-05 2.34616e-05 2.19257e-05 2.044e-05 1.90101e-05 1.76405e-05 1.63343e-05 1.50935e-05 1.39193e-05 1.28119e-05 1.17709e-05 1.07954e-05 9.88384e-06 9.03433e-06 8.2447e-06 7.51252e-06 6.83517e-06 6.20994e-06 5.63403e-06 5.10461e-06 4.61888e-06 4.17404e-06 3.76738e-06 3.39625e-06 3.05811e-06 2.75051e-06 2.47111e-06 2.2177e-06 1.98819e-06 1.78061e-06 1.59311e-06 1.42397e-06 1.27158e-06 1.13444e-06 1.01119e-06 9.00522e-07 8.01276e-07 7.12367e-07 6.328e-07 5.61666e-07 4.98134e-07 4.41446e-07 3.90914e-07 3.45909e-07 3.05862e-07 2.70259e-07 2.38634e-07 2.10565e-07 1.85673e-07 1.63615e-07 1.44085e-07 1.26806e-07 1.11529e-07 9.80324e-08 8.61175e-08 7.56061e-08 6.63392e-08 5.81749e-08 5.09869e-08 4.46623e-08 3.91011e-08 3.42141e-08 2.99222e-08 2.61552e-08 2.28509e-08 1.9954e-08 1.74158e-08 1.51931e-08 1.32478e-08 1.15461e-08 1.00584e-08 8.75837e-09 7.62294e-09
