0.974562 0.00607561 0.00311559 0.00159768 0.000819296 0.000420137 0.000215447 0.000110482 5.66554e-05 2.9053e-05 1.48985e-05 7.63998e-06 3.9178e-06 2.00906e-06 1.03025e-06 5.28315e-07 2.70921e-07 1.38929e-07 7.12432e-08 3.65337e-08 1.87346e-08 9.60714e-09 4.92657e-09 2.52636e-09 1.29552e-09 6.64347e-10 3.40679e-10 1.74701e-10 8.95871e-11 4.59405e-11 2.35584e-11 1.20808e-11 6.19507e-12 3.17685e-12 1.6291e-12 8.35405e-13 4.28398e-13 2.19683e-13 1.12654e-13 5.77694e-14 2.96243e-14 1.51914e-14 7.7902e-15 3.99483e-15 2.04856e-15 1.05051e-15 5.38703e-16 2.76248e-16 1.41661e-16 7.2644e-17 3.7252e-17 1.91029e-17 9.79604e-18 5.02343e-18 2.57603e-18 1.32099e-18 6.77409e-19 3.47377e-19 1.78136e-19 9.13486e-20 4.68438e-20 2.40216e-20 1.23183e-20 6.31688e-21 3.23931e-21 1.66113e-21 8.51831e-22 4.36821e-22 2.24003e-22 1.14869e-22 5.89052e-23 3.02068e-23 1.54901e-23 7.94337e-24 4.07338e-24 2.08884e-24 1.07116e-24 5.49295e-25 2.8168e-25 1.44446e-25 7.40723e-26 3.79845e-26 1.94785e-26 9.98865e-27 5.1222e-27 2.62668e-27 1.34697e-27 6.90729e-28 3.54207e-28 1.81638e-28 9.31447e-29 4.77648e-29 2.44939e-29 1.25605e-29 6.44108e-30 3.303e-30 1.69379e-30 8.68579e-31 4.4541e-31 2.28407e-31 1.17128e-31
0.00607561 0.000116001 5.99747e-05 3.10061e-05 1.60287e-05 8.28552e-06 4.28267e-06 2.21351e-06 1.14399e-06 5.91205e-07 3.05511e-07 1.57867e-07 8.15697e-08 4.21447e-08 2.17737e-08 1.12486e-08 5.81084e-09 3.00163e-09 1.55043e-09 8.00803e-10 4.13596e-10 2.13602e-10 1.10309e-10 5.69636e-11 2.94145e-11 1.51882e-11 7.84204e-12 4.04885e-12 2.09033e-12 1.07914e-12 5.57086e-13 2.87573e-13 1.48441e-13 7.66197e-14 3.95466e-14 2.04108e-14 1.0534e-14 5.43636e-15 2.80547e-15 1.44772e-15 7.47049e-16 3.85474e-16 1.98896e-16 1.02622e-16 5.29463e-17 2.7316e-17 1.40923e-17 7.26995e-18 3.7503e-18 1.93457e-18 9.97902e-19 5.14727e-19 2.65492e-19 1.36934e-19 7.06245e-20 3.64239e-20 1.87846e-20 9.68736e-21 4.99568e-21 2.57614e-21 1.32841e-21 6.84984e-22 3.53196e-22 1.82112e-22 9.38962e-23 4.84111e-23 2.49591e-23 1.28677e-23 6.63376e-24 3.41985e-24 1.76296e-24 9.08793e-25 4.68464e-25 2.41477e-25 1.2447e-25 6.41564e-26 3.30678e-26 1.70435e-26 8.78419e-27 4.52724e-27 2.33321e-27 1.20244e-27 6.19675e-28 3.19339e-28 1.64562e-28 8.48006e-29 4.36975e-29 2.25167e-29 1.16022e-29 5.97817e-30 3.08025e-30 1.58706e-30 8.17696e-31 4.21289e-31 2.1705e-31 1.11822e-31 5.76088e-32 2.96783e-32 1.52891e-32 7.87615e-33 4.0573e-33
0.00311559 5.99747e-05 3.10154e-05 1.60383e-05 8.29295e-06 4.28777e-06 2.2168e-06 1.14602e-06 5.92424e-07 3.06228e-07 1.58282e-07 8.18073e-08 4.22792e-08 2.18492e-08 1.12907e-08 5.8342e-09 3.01452e-09 1.55751e-09 8.04674e-10 4.15706e-10 2.14748e-10 1.1093e-10 5.72993e-11 2.95956e-11 1.52856e-11 7.89437e-12 4.07691e-12 2.10535e-12 1.08717e-12 5.61372e-13 2.89857e-13 1.49657e-13 7.72666e-14 3.98903e-14 2.05932e-14 1.06307e-14 5.4876e-15 2.8326e-15 1.46207e-15 7.54633e-16 3.8948e-16 2.0101e-16 1.03737e-16 5.35342e-17 2.76257e-17 1.42554e-17 7.35579e-18 3.79545e-18 1.95831e-18 1.01038e-18 5.2128e-19 2.68933e-19 1.3874e-19 7.1572e-20 3.69208e-20 1.90451e-20 9.82389e-21 5.0672e-21 2.6136e-21 1.34802e-21 6.95248e-22 3.58566e-22 1.84921e-22 9.53651e-23 4.9179e-23 2.53604e-23 1.30774e-23 6.74331e-24 3.47706e-24 1.79283e-24 9.24388e-25 4.76603e-25 2.45724e-25 1.26685e-25 6.5312e-26 3.36704e-26 1.73577e-26 8.94797e-27 4.6126e-27 2.37769e-27 1.22562e-27 6.31746e-28 3.25627e-28 1.67836e-28 8.65052e-29 4.45849e-29 2.29785e-29 1.18426e-29 6.10325e-30 3.14533e-30 1.62091e-30 8.35303e-31 4.30446e-31 2.21811e-31 1.14298e-31 5.88958e-32 3.03473e-32 1.56368e-32 8.05683e-33 4.15119e-33 2.13881e-33
0.00159768 3.10061e-05 1.60383e-05 8.29543e-06 4.29032e-06 2.21877e-06 1.14737e-06 5.93295e-07 3.06766e-07 1.58605e-07 8.19976e-08 4.23894e-08 2.19123e-08 1.13264e-08 5.85427e-09 3.02571e-09 1.56371e-09 8.08097e-10 4.17586e-10 2.15777e-10 1.11491e-10 5.7604e-11 2.97607e-11 1.53749e-11 7.9425e-12 4.10282e-12 2.11927e-12 1.09463e-12 5.65367e-13 2.91992e-13 1.50797e-13 7.78744e-14 4.0214e-14 2.07654e-14 1.07222e-14 5.53616e-15 2.85835e-15 1.47572e-15 7.61856e-16 3.93301e-16 2.0303e-16 1.04804e-16 5.40974e-17 2.79228e-17 1.44121e-17 7.43833e-18 3.83892e-18 1.98119e-18 1.02242e-18 5.2761e-19 2.72259e-19 1.40487e-19 7.24897e-20 3.74025e-20 1.92979e-20 9.95646e-21 5.13671e-21 2.65003e-21 1.36711e-21 7.05245e-22 3.63801e-22 1.87661e-22 9.67989e-23 4.99291e-23 2.57527e-23 1.32825e-23 6.85052e-24 3.53309e-24 1.8221e-24 9.39676e-25 4.84587e-25 2.49892e-25 1.28861e-25 6.64473e-26 3.42628e-26 1.76667e-26 9.10912e-27 4.69663e-27 2.4215e-27 1.24845e-27 6.43646e-28 3.31827e-28 1.71067e-28 8.81878e-29 4.54611e-29 2.34348e-29 1.20802e-29 6.22692e-30 3.20969e-30 1.65441e-30 8.52732e-31 4.39513e-31 2.26528e-31 1.16751e-31 6.01716e-32 3.10107e-32 1.59817e-32 8.23614e-33 4.24439e-33 2.18725e-33 1.12712e-33
0.000819296 1.60287e-05 8.29295e-06 4.29032e-06 2.21943e-06 1.14805e-06 5.93818e-07 3.07126e-07 1.58837e-07 8.21404e-08 4.24753e-08 2.19628e-08 1.13557e-08 5.87102e-09 3.0352e-09 1.56904e-09 8.1107e-10 4.19234e-10 2.16686e-10 1.11991e-10 5.78773e-11 2.99097e-11 1.54558e-11 7.98639e-12 4.12654e-12 2.13207e-12 1.10152e-12 5.69068e-13 2.93977e-13 1.5186e-13 7.84426e-14 4.05173e-14 2.09271e-14 1.08083e-14 5.58198e-15 2.8827e-15 1.48864e-15 7.68713e-16 3.96935e-16 2.04954e-16 1.05822e-16 5.46355e-17 2.82071e-17 1.45621e-17 7.51752e-18 3.88067e-18 2.00319e-18 1.034e-18 5.3371e-19 2.75469e-19 1.42175e-19 7.33769e-20 3.78687e-20 1.95427e-20 1.0085e-20 5.20415e-21 2.68541e-21 1.38566e-21 7.14969e-22 3.68896e-22 1.9033e-22 9.81965e-23 5.06607e-23 2.61356e-23 1.34828e-23 6.95531e-24 3.58788e-24 1.85074e-24 9.54646e-25 4.92408e-25 2.53978e-25 1.30995e-25 6.75615e-26 3.48444e-26 1.79702e-26 9.26752e-27 4.77926e-27 2.4646e-27 1.27093e-27 6.55365e-28 3.37936e-28 1.74251e-28 8.98471e-29 4.63257e-29 2.38852e-29 1.23147e-29 6.34908e-30 3.2733e-30 1.68752e-30 8.6997e-31 4.48485e-31 2.31197e-31 1.1918e-31 6.14353e-32 3.16681e-32 1.63236e-32 8.41395e-33 4.33685e-33 2.23532e-33 1.15211e-33 5.938e-34
0.000420137 8.28552e-06 4.28777e-06 2.21877e-06 1.14805e-06 5.93992e-07 3.07305e-07 1.58975e-07 8.22358e-08 4.25366e-08 2.20008e-08 1.13785e-08 5.88443e-09 3.04297e-09 1.57349e-09 8.1359e-10 4.2065e-10 2.17476e-10 1.12429e-10 5.8119e-11 3.00425e-11 1.55285e-11 8.02601e-12 4.14808e-12 2.14374e-12 1.10783e-12 5.72472e-13 2.9581e-13 1.52845e-13 7.89707e-14 4.08001e-14 2.10783e-14 1.08891e-14 5.62504e-15 2.90563e-15 1.50085e-15 7.75197e-16 4.00377e-16 2.0678e-16 1.06789e-16 5.5148e-17 2.84783e-17 1.47055e-17 7.59327e-18 3.92067e-18 2.0243e-18 1.04513e-18 5.39576e-19 2.78559e-19 1.43802e-19 7.42329e-20 3.83188e-20 1.97794e-20 1.02093e-20 5.26947e-21 2.7197e-21 1.40366e-21 7.24411e-22 3.73848e-22 1.92926e-22 9.95569e-23 5.13734e-23 2.65089e-23 1.36782e-23 7.05758e-24 3.6414e-24 1.87874e-24 9.69286e-25 5.00062e-25 2.57978e-25 1.33085e-25 6.86537e-26 3.54148e-26 1.82681e-26 9.42304e-27 4.86044e-27 2.50696e-27 1.29303e-27 6.66895e-28 3.4395e-28 1.77387e-28 9.14819e-29 4.71778e-29 2.43293e-29 1.25462e-29 6.46965e-30 3.3361e-30 1.72023e-30 8.87003e-31 4.57354e-31 2.35814e-31 1.21584e-31 6.26861e-32 3.2319e-32 1.66622e-32 8.59012e-33 4.42849e-33 2.28298e-33 1.1769e-33 6.06688e-34 3.1274e-34
0.000215447 4.28267e-06 2.2168e-06 1.14737e-06 5.93818e-07 3.07305e-07 1.59022e-07 8.22834e-08 4.25735e-08 2.20261e-08 1.13948e-08 5.89451e-09 3.04902e-09 1.57706e-09 8.15655e-10 4.21832e-10 2.18146e-10 1.12805e-10 5.8329e-11 3.01589e-11 1.55927e-11 8.06131e-12 4.16739e-12 2.15427e-12 1.11356e-12 5.75576e-13 2.97489e-13 1.5375e-13 7.94583e-14 4.10621e-14 2.12189e-14 1.09643e-14 5.66529e-15 2.92712e-15 1.51231e-15 7.81303e-16 4.03626e-16 2.08507e-16 1.07706e-16 5.56345e-17 2.87361e-17 1.48421e-17 7.66553e-18 3.95888e-18 2.04449e-18 1.0558e-18 5.45202e-19 2.81526e-19 1.45366e-19 7.50569e-20 3.87527e-20 2.00077e-20 1.03294e-20 5.33261e-21 2.75288e-21 1.42109e-21 7.33563e-22 3.78652e-22 1.95446e-22 1.00879e-22 5.20665e-23 2.68721e-23 1.38686e-23 7.15727e-24 3.69359e-24 1.90606e-24 9.83584e-25 5.07542e-25 2.61891e-25 1.35131e-25 6.9723e-26 3.59737e-26 1.85601e-26 9.57557e-27 4.9401e-27 2.54856e-27 1.31474e-27 6.78227e-28 3.49863e-28 1.80471e-28 9.30909e-29 4.8017e-29 2.47668e-29 1.27742e-29 6.58853e-30 3.39806e-30 1.75252e-30 9.03821e-31 4.66114e-31 2.40376e-31 1.23959e-31 6.3923e-32 3.29628e-32 1.69974e-32 8.76453e-33 4.51924e-33 2.3302e-33 1.20146e-33 6.19465e-34 3.19385e-34 1.64665e-34
0.000110482 2.21351e-06 1.14602e-06 5.93295e-07 3.07126e-07 1.58975e-07 8.22834e-08 4.25858e-08 2.20387e-08 1.14046e-08 5.90123e-09 3.05335e-09 1.57973e-09 8.17263e-10 4.22779e-10 2.18694e-10 1.13119e-10 5.85069e-11 3.02589e-11 1.56485e-11 8.09226e-12 4.18448e-12 2.16366e-12 1.1187e-12 5.78378e-13 2.99012e-13 1.54576e-13 7.99049e-14 4.13031e-14 2.13486e-14 1.10341e-14 5.7027e-15 2.94716e-15 1.52302e-15 7.87026e-16 4.06679e-16 2.10133e-16 1.08572e-16 5.60945e-17 2.89804e-17 1.49717e-17 7.73424e-18 3.99527e-18 2.06375e-18 1.06598e-18 5.50585e-19 2.84369e-19 1.46866e-19 7.58482e-20 3.91699e-20 2.02275e-20 1.04452e-20 5.39352e-21 2.78493e-21 1.43793e-21 7.42419e-22 3.83304e-22 1.97889e-22 1.02161e-22 5.27394e-23 2.72251e-23 1.40537e-23 7.25428e-24 3.74443e-24 1.93269e-24 9.97529e-25 5.14843e-25 2.65711e-25 1.3713e-25 7.07687e-26 3.65205e-26 1.8846e-26 9.72499e-27 5.01818e-27 2.58935e-27 1.33605e-27 6.89352e-28 3.55671e-28 1.83503e-28 9.4673e-29 4.88424e-29 2.51975e-29 1.29988e-29 6.70565e-30 3.45912e-30 1.78435e-30 9.20411e-31 4.74759e-31 2.4488e-31 1.26306e-31 6.51451e-32 3.35993e-32 1.73288e-32 8.93707e-33 4.60906e-33 2.37694e-33 1.22579e-33 6.32123e-34 3.25971e-34 1.68091e-34 8.66767e-35
5.66554e-05 1.14399e-06 5.92424e-07 3.06766e-07 1.58837e-07 8.22358e-08 4.25735e-08 2.20387e-08 1.14078e-08 5.90459e-09 3.05595e-09 1.58152e-09 8.18412e-10 4.23489e-10 2.19122e-10 1.1337e-10 5.86527e-11 3.03424e-11 1.56958e-11 8.11885e-12 4.19931e-12 2.17189e-12 1.12324e-12 5.80874e-13 3.00378e-13 1.55321e-13 8.03102e-14 4.15229e-14 2.14675e-14 1.10982e-14 5.73724e-15 2.96572e-15 1.53298e-15 7.92362e-16 4.09533e-16 2.11657e-16 1.09385e-16 5.65277e-17 2.9211e-17 1.50943e-17 7.79934e-18 4.02981e-18 2.08206e-18 1.07568e-18 5.55719e-19 2.87084e-19 1.48302e-19 7.66063e-20 3.957e-20 2.04386e-20 1.05564e-20 5.45216e-21 2.81581e-21 1.45419e-21 7.5097e-22 3.87801e-22 2.00253e-22 1.03403e-22 5.33917e-23 2.75675e-23 1.42334e-23 7.34856e-24 3.79387e-24 1.95861e-24 1.01111e-24 5.21958e-25 2.69438e-25 1.39081e-25 7.17899e-26 3.70549e-26 1.91255e-26 9.87118e-27 5.09461e-27 2.6293e-27 1.35693e-27 7.00262e-28 3.6137e-28 1.86479e-28 9.6227e-29 4.96537e-29 2.56208e-29 1.32198e-29 6.82091e-30 3.51924e-30 1.8157e-30 9.3676e-31 4.83282e-31 2.49323e-31 1.28621e-31 6.63516e-32 3.42279e-32 1.76562e-32 9.1076e-33 4.69786e-33 2.42318e-33 1.24986e-33 6.44654e-34 3.32492e-34 1.71485e-34 8.84426e-35 4.56128e-35
2.9053e-05 5.91205e-07 3.06228e-07 1.58605e-07 8.21404e-08 4.25366e-08 2.20261e-08 1.14046e-08 5.90459e-09 3.05682e-09 1.58241e-09 8.19103e-10 4.23964e-10 2.19427e-10 1.13559e-10 5.87662e-11 3.04092e-11 1.57346e-11 8.14104e-12 4.21189e-12 2.17896e-12 1.12718e-12 5.83064e-13 3.01587e-13 1.55985e-13 8.06737e-14 4.17212e-14 2.15753e-14 1.11567e-14 5.76887e-15 2.9828e-15 1.54218e-15 7.97304e-16 4.12185e-16 2.13078e-16 1.10145e-16 5.69337e-17 2.94276e-17 1.52097e-17 7.86077e-18 4.06248e-18 2.09941e-18 1.08489e-18 5.60601e-19 2.89671e-19 1.49671e-19 7.73304e-20 3.99528e-20 2.06407e-20 1.06632e-20 5.50847e-21 2.8455e-21 1.46983e-21 7.59211e-22 3.92139e-22 2.02536e-22 1.04604e-22 5.40228e-23 2.78991e-23 1.44075e-23 7.44001e-24 3.84186e-24 1.98379e-24 1.02432e-24 5.28882e-25 2.73067e-25 1.40982e-25 7.27858e-26 3.75763e-26 1.93985e-26 1.0014e-26 5.16935e-27 2.66839e-27 1.37737e-27 7.10948e-28 3.66955e-28 1.89398e-28 9.77517e-29 5.045e-29 2.60367e-29 1.34369e-29 6.93423e-30 3.57838e-30 1.84656e-30 9.52856e-31 4.91678e-31 2.53701e-31 1.30904e-31 6.75416e-32 3.48481e-32 1.79794e-32 9.27601e-33 4.7856e-33 2.46888e-33 1.27366e-33 6.57048e-34 3.38945e-34 1.74844e-34 9.01911e-35 4.65228e-35 2.3997e-35
1.48985e-05 3.05511e-07 1.58282e-07 8.19976e-08 4.24753e-08 2.20008e-08 1.13948e-08 5.90123e-09 3.05595e-09 1.58241e-09 8.19333e-10 4.24201e-10 2.1961e-10 1.13685e-10 5.88474e-11 3.04594e-11 1.57648e-11 8.15881e-12 4.2222e-12 2.18486e-12 1.13053e-12 5.84944e-13 3.02636e-13 1.56568e-13 8.09952e-14 4.18979e-14 2.16721e-14 1.12095e-14 5.79757e-15 2.99836e-15 1.5506e-15 8.0185e-16 4.14633e-16 2.14394e-16 1.10851e-16 5.73122e-17 2.96301e-17 1.53178e-17 7.91849e-18 4.09323e-18 2.11578e-18 1.09359e-18 5.65226e-19 2.92125e-19 1.50972e-19 7.802e-20 4.03178e-20 2.08339e-20 1.07653e-20 5.56241e-21 2.87397e-21 1.48486e-21 7.67134e-22 3.96315e-22 2.04735e-22 1.05762e-22 5.46321e-23 2.82197e-23 1.4576e-23 7.52856e-24 3.88838e-24 2.00822e-24 1.03714e-24 5.3561e-25 2.76596e-25 1.42833e-25 7.37556e-26 3.80845e-26 1.96647e-26 1.01534e-26 5.24233e-27 2.70659e-27 1.39736e-27 7.21403e-28 3.72423e-28 1.92256e-28 9.92459e-29 5.12308e-29 2.64447e-29 1.365e-29 7.04552e-30 3.63649e-30 1.87689e-30 9.68689e-31 4.99939e-31 2.58011e-31 1.33152e-31 6.87141e-32 3.54595e-32 1.82982e-32 9.44218e-33 4.8722e-33 2.51401e-33 1.29717e-33 6.69296e-34 3.45325e-34 1.78167e-34 9.19212e-35 4.74235e-35 2.44659e-35 1.26217e-35
7.63998e-06 1.57867e-07 8.18073e-08 4.23894e-08 2.19628e-08 1.13785e-08 5.89451e-09 3.05335e-09 1.58152e-09 8.19103e-10 4.24201e-10 2.19671e-10 1.13748e-10 5.88962e-11 3.04929e-11 1.57864e-11 8.17216e-12 4.23022e-12 2.18958e-12 1.13327e-12 5.86513e-13 3.03526e-13 1.57068e-13 8.12745e-14 4.20528e-14 2.17576e-14 1.12565e-14 5.82332e-15 3.01241e-15 1.55824e-15 8.05994e-16 4.16876e-16 2.15605e-16 1.11503e-16 5.76628e-17 2.98182e-17 1.54187e-17 7.97243e-18 4.12206e-18 2.13117e-18 1.10179e-18 5.6959e-19 2.94446e-19 1.52205e-19 7.86746e-20 4.06649e-20 2.10178e-20 1.08627e-20 5.61393e-21 2.90121e-21 1.49925e-21 7.74733e-22 4.00324e-22 2.0685e-22 1.06876e-22 5.52193e-23 2.85288e-23 1.47388e-23 7.61416e-24 3.93339e-24 2.03187e-24 1.04957e-24 5.42136e-25 2.80021e-25 1.4463e-25 7.46986e-26 3.8579e-26 1.9924e-26 1.02893e-26 5.3135e-27 2.74387e-27 1.41687e-27 7.31619e-28 3.77768e-28 1.95053e-28 1.00709e-28 5.19956e-29 2.68445e-29 1.38589e-29 7.1547e-30 3.69353e-30 1.90668e-30 9.84245e-31 5.08061e-31 2.6225e-31 1.35364e-31 6.98685e-32 3.60617e-32 1.86123e-32 9.60598e-33 4.95761e-33 2.55853e-33 1.32038e-33 6.81391e-34 3.51627e-34 1.8145e-34 9.36315e-35 4.83143e-35 2.49298e-35 1.28633e-35 6.63704e-36
3.9178e-06 8.15697e-08 4.22792e-08 2.19123e-08 1.13557e-08 5.88443e-09 3.04902e-09 1.57973e-09 8.18412e-10 4.23964e-10 2.1961e-10 1.13748e-10 5.89124e-11 3.05097e-11 1.57993e-11 8.18106e-12 4.23596e-12 2.19313e-12 1.1354e-12 5.8777e-13 3.04255e-13 1.57485e-13 8.15111e-14 4.21859e-14 2.18319e-14 1.12977e-14 5.8461e-15 3.02493e-15 1.5651e-15 8.09735e-16 4.1891e-16 2.16709e-16 1.12101e-16 5.79852e-17 2.99919e-17 1.55121e-17 8.02257e-18 4.14893e-18 2.14554e-18 1.10948e-18 5.7369e-19 2.96632e-19 1.53369e-19 7.92935e-20 4.09938e-20 2.11924e-20 1.09552e-20 5.66299e-21 2.92719e-21 1.513e-21 7.82001e-22 4.04165e-22 2.08878e-22 1.07947e-22 5.57838e-23 2.88264e-23 1.48955e-23 7.69672e-24 3.97684e-24 2.05473e-24 1.06159e-24 5.48455e-25 2.83341e-25 1.46374e-25 7.56141e-26 3.90595e-26 2.0176e-26 1.04215e-26 5.38281e-27 2.78019e-27 1.4359e-27 7.41586e-28 3.82988e-28 1.97785e-28 1.02138e-28 5.27438e-29 2.72358e-29 1.40636e-29 7.2617e-30 3.74945e-30 1.93591e-30 9.99513e-31 5.16036e-31 2.66416e-31 1.37539e-31 7.10038e-32 3.66542e-32 1.89215e-32 9.76729e-33 5.04175e-33 2.60242e-33 1.34327e-33 6.93323e-34 3.57847e-34 1.84692e-34 9.53209e-35 4.91946e-35 2.53884e-35 1.31022e-35 6.76145e-36 3.4892e-36
2.00906e-06 4.21447e-08 2.18492e-08 1.13264e-08 5.87102e-09 3.04297e-09 1.57706e-09 8.17263e-10 4.23489e-10 2.19427e-10 1.13685e-10 5.88962e-11 3.05097e-11 1.58036e-11 8.18551e-12 4.2394e-12 2.1955e-12 1.13693e-12 5.88714e-13 3.04822e-13 1.5782e-13 8.17051e-14 4.2297e-14 2.18949e-14 1.13332e-14 5.86587e-15 3.03591e-15 1.57116e-15 8.13068e-16 4.20736e-16 2.17705e-16 1.12643e-16 5.82792e-17 3.01511e-17 1.5598e-17 8.06886e-18 4.17382e-18 2.1589e-18 1.11664e-18 5.77523e-19 2.9868e-19 1.54462e-19 7.98762e-20 4.13041e-20 2.13574e-20 1.1043e-20 5.70956e-21 2.95189e-21 1.52609e-21 7.88934e-22 4.07834e-22 2.10818e-22 1.08972e-22 5.63252e-23 2.91122e-23 1.50463e-23 7.77618e-24 4.01871e-24 2.07678e-24 1.07319e-24 5.54562e-25 2.86553e-25 1.48062e-25 7.65013e-26 3.95255e-26 2.04207e-26 1.05499e-26 5.45019e-27 2.81553e-27 1.45443e-27 7.51299e-28 3.88077e-28 2.00451e-28 1.03535e-28 5.34748e-29 2.76184e-29 1.42638e-29 7.36642e-30 3.80422e-30 1.96454e-30 1.01448e-30 5.2386e-31 2.70503e-31 1.39675e-31 7.21191e-32 3.72367e-32 1.92255e-32 9.92601e-33 5.12459e-33 2.64564e-33 1.36581e-33 7.05083e-34 3.6398e-34 1.8789e-34 9.69881e-35 5.00636e-35 2.58413e-35 1.33382e-35 6.88442e-36 3.55326e-36 1.8339e-36
1.03025e-06 2.17737e-08 1.12907e-08 5.85427e-09 3.0352e-09 1.57349e-09 8.15655e-10 4.22779e-10 2.19122e-10 1.13559e-10 5.88474e-11 3.04929e-11 1.57993e-11 8.18551e-12 4.24055e-12 2.19668e-12 1.13784e-12 5.89343e-13 3.05228e-13 1.58071e-13 8.18561e-14 4.2386e-14 2.19465e-14 1.13627e-14 5.88263e-15 3.04534e-15 1.57642e-15 8.15991e-16 4.2235e-16 2.18592e-16 1.13129e-16 5.85446e-17 3.02954e-17 1.56763e-17 8.11125e-18 4.19671e-18 2.17124e-18 1.12327e-18 5.81085e-19 3.00589e-19 1.55484e-19 8.04223e-20 4.15956e-20 2.15128e-20 1.11257e-20 5.75358e-21 2.97529e-21 1.53851e-21 7.95524e-22 4.11327e-22 2.12668e-22 1.09951e-22 5.68431e-23 2.93859e-23 1.51908e-23 7.85248e-24 4.05896e-24 2.098e-24 1.08438e-24 5.60452e-25 2.89654e-25 1.49694e-25 7.73595e-26 3.99767e-26 2.06578e-26 1.06745e-26 5.5156e-27 2.84986e-27 1.47245e-27 7.6075e-28 3.93033e-28 2.03049e-28 1.04896e-28 5.41879e-29 2.79919e-29 1.44593e-29 7.46879e-30 3.85779e-30 1.99257e-30 1.02914e-30 5.31526e-31 2.74511e-31 1.4177e-31 7.32138e-32 3.78086e-32 1.95243e-32 1.0082e-32 5.20604e-33 2.68816e-33 1.38801e-33 7.16664e-34 3.70023e-34 1.91042e-34 9.86321e-35 5.09209e-35 2.62883e-35 1.35712e-35 7.00587e-36 3.61656e-36 1.86688e-36 9.63671e-37
5.28315e-07 1.12486e-08 5.8342e-09 3.02571e-09 1.56904e-09 8.1359e-10 4.21832e-10 2.18694e-10 1.1337e-10 5.87662e-11 3.04594e-11 1.57864e-11 8.18106e-12 4.2394e-12 2.19668e-12 1.13815e-12 5.89658e-13 3.05472e-13 1.58238e-13 8.1964e-14 4.24527e-14 2.19867e-14 1.13864e-14 5.89637e-15 3.05321e-15 1.58089e-15 8.18501e-16 4.23752e-16 2.19371e-16 1.13559e-16 5.8781e-17 3.04249e-17 1.5747e-17 8.14971e-18 4.21758e-18 2.18254e-18 1.12937e-18 5.84372e-19 3.02357e-19 1.56433e-19 8.09313e-20 4.1868e-20 2.16585e-20 1.12035e-20 5.79504e-21 2.99737e-21 1.55026e-21 8.01768e-22 4.14642e-22 2.14427e-22 1.10883e-22 5.7337e-23 2.96473e-23 1.53291e-23 7.92556e-24 4.09757e-24 2.11838e-24 1.09513e-24 5.66121e-25 2.92642e-25 1.51268e-25 7.81881e-26 4.04127e-26 2.08872e-26 1.07951e-26 5.57898e-27 2.88316e-27 1.48994e-27 7.6993e-28 3.9785e-28 2.05576e-28 1.06221e-28 5.48828e-29 2.83561e-29 1.46502e-29 7.56874e-30 3.91013e-30 2.01997e-30 1.04348e-30 5.39029e-31 2.78436e-31 1.43822e-31 7.42869e-32 3.83695e-32 1.98174e-32 1.02352e-32 5.28606e-33 2.72996e-33 1.40983e-33 7.28058e-34 3.7597e-34 1.94146e-34 1.00252e-34 5.17658e-35 2.6729e-35 1.3801e-35 7.12571e-36 3.67904e-36 1.89945e-36 9.80647e-37 5.06274e-37
2.70921e-07 5.81084e-09 3.01452e-09 1.56371e-09 8.1107e-10 4.2065e-10 2.18146e-10 1.13119e-10 5.86527e-11 3.04092e-11 1.57648e-11 8.17216e-12 4.23596e-12 2.1955e-12 1.13784e-12 5.89658e-13 3.05553e-13 1.58322e-13 8.20288e-14 4.24973e-14 2.20154e-14 1.14042e-14 5.90706e-15 3.05951e-15 1.58454e-15 8.20595e-16 4.2494e-16 2.20039e-16 1.13932e-16 5.89883e-17 3.05394e-17 1.581e-17 8.18421e-18 4.23642e-18 2.19279e-18 1.13493e-18 5.87384e-19 3.03984e-19 1.5731e-19 8.14028e-20 4.21212e-20 2.17942e-20 1.12761e-20 5.83389e-21 3.01811e-21 1.56132e-21 8.07659e-22 4.17777e-22 2.16093e-22 1.11768e-22 5.78064e-23 2.98962e-23 1.54609e-23 7.99535e-24 4.13448e-24 2.1379e-24 1.10544e-24 5.71564e-25 2.95514e-25 1.52783e-25 7.89864e-26 4.08333e-26 2.11086e-26 1.09116e-26 5.64029e-27 2.9154e-27 1.50688e-27 7.78834e-28 4.02527e-28 2.08032e-28 1.0751e-28 5.55589e-29 2.87107e-29 1.48361e-29 7.66619e-30 3.96119e-30 2.04672e-30 1.05749e-30 5.46362e-31 2.82274e-31 1.45831e-31 7.53377e-32 3.89191e-32 2.01048e-32 1.03854e-32 5.36458e-33 2.77099e-33 1.43127e-33 7.39255e-34 3.81817e-34 1.97199e-34 1.01845e-34 5.25977e-35 2.71631e-35 1.40275e-35 7.24387e-36 3.74067e-36 1.93159e-36 9.97404e-37 5.15009e-37 2.65918e-37
1.38929e-07 3.00163e-09 1.55751e-09 8.08097e-10 4.19234e-10 2.17476e-10 1.12805e-10 5.85069e-11 3.03424e-11 1.57346e-11 8.15881e-12 4.23022e-12 2.19313e-12 1.13693e-12 5.89343e-13 3.05472e-13 1.58322e-13 8.20504e-14 4.25196e-14 2.20327e-14 1.1416e-14 5.91471e-15 3.06424e-15 1.58739e-15 8.22274e-16 4.25913e-16 2.20597e-16 1.14248e-16 5.91663e-17 3.06389e-17 1.58652e-17 8.21473e-18 4.2532e-18 2.20198e-18 1.13995e-18 5.90116e-19 3.05466e-19 1.58113e-19 8.18364e-20 4.2355e-20 2.192e-20 1.13437e-20 5.87009e-21 3.03749e-21 1.57168e-21 8.13193e-22 4.20728e-22 2.17665e-22 1.12605e-22 5.82512e-23 3.01324e-23 1.55863e-23 8.06181e-24 4.16969e-24 2.15654e-24 1.1153e-24 5.76777e-25 2.98268e-25 1.54237e-25 7.97538e-26 4.1238e-26 2.1322e-26 1.1024e-26 5.69948e-27 2.94656e-27 1.52327e-27 7.87454e-28 4.07058e-28 2.10413e-28 1.08761e-28 5.62156e-29 2.90554e-29 1.50169e-29 7.76106e-30 4.01094e-30 2.0728e-30 1.07116e-30 5.53522e-31 2.86024e-31 1.47794e-31 7.63654e-32 3.94569e-32 2.03862e-32 1.05326e-32 5.44156e-33 2.81123e-33 1.4523e-33 7.50249e-34 3.87562e-34 2.002e-34 1.03413e-34 5.3416e-35 2.75904e-35 1.42505e-35 7.36026e-36 3.8014e-36 1.96328e-36 1.01393e-36 5.23629e-37 2.70413e-37 1.39643e-37
7.12432e-08 1.55043e-09 8.04674e-10 4.17586e-10 2.16686e-10 1.12429e-10 5.8329e-11 3.02589e-11 1.56958e-11 8.14104e-12 4.2222e-12 2.18958e-12 1.1354e-12 5.88714e-13 3.05228e-13 1.58238e-13 8.20288e-14 4.25196e-14 2.20384e-14 1.1422e-14 5.9193e-15 3.0674e-15 1.58943e-15 8.23533e-16 4.26672e-16 2.21044e-16 1.14508e-16 5.93149e-17 3.07232e-17 1.59126e-17 8.24122e-18 4.26791e-18 2.21011e-18 1.14443e-18 5.92566e-19 3.06804e-19 1.58841e-19 8.22318e-20 4.2569e-20 2.20356e-20 1.1406e-20 5.90363e-21 3.05551e-21 1.58134e-21 8.18365e-22 4.23493e-22 2.19142e-22 1.13392e-22 5.86708e-23 3.03557e-23 1.5705e-23 8.12488e-24 4.20316e-24 2.17429e-24 1.1247e-24 5.81756e-25 3.00902e-25 1.55629e-25 8.04897e-26 4.16266e-26 2.1527e-26 1.11322e-26 5.75651e-27 2.9766e-27 1.5391e-27 7.95784e-28 4.11441e-28 2.12718e-28 1.09973e-28 5.68525e-29 2.93899e-29 1.51926e-29 7.85328e-30 4.05933e-30 2.09818e-30 1.08447e-30 5.60501e-31 2.89682e-31 1.4971e-31 7.73693e-32 3.99826e-32 2.06614e-32 1.06767e-32 5.51692e-33 2.85066e-33 1.47292e-33 7.61031e-34 3.93198e-34 2.03145e-34 1.04952e-34 5.42202e-35 2.80104e-35 1.44699e-35 7.47479e-36 3.86119e-36 1.99448e-36 1.03022e-36 5.32126e-37 2.74846e-37 1.41955e-37 7.33168e-38
3.65337e-08 8.00803e-10 4.15706e-10 2.15777e-10 1.11991e-10 5.8119e-11 3.01589e-11 1.56485e-11 8.11885e-12 4.21189e-12 2.18486e-12 1.13327e-12 5.8777e-13 3.04822e-13 1.58071e-13 8.1964e-14 4.24973e-14 2.20327e-14 1.1422e-14 5.92083e-15 3.06898e-15 1.59065e-15 8.24374e-16 4.27213e-16 2.21379e-16 1.1471e-16 5.94339e-17 3.07922e-17 1.59522e-17 8.26368e-18 4.28055e-18 2.21717e-18 1.14835e-18 5.94734e-19 3.07997e-19 1.59494e-19 8.25886e-20 4.27632e-20 2.2141e-20 1.14631e-20 5.93448e-21 3.07214e-21 1.59029e-21 8.23171e-22 4.26071e-22 2.20522e-22 1.14131e-22 5.9065e-23 3.05659e-23 1.5817e-23 8.1845e-24 4.23487e-24 2.19113e-24 1.13364e-24 5.86496e-25 3.03414e-25 1.56959e-25 8.11934e-26 4.19987e-26 2.17237e-26 1.1236e-26 5.81132e-27 3.00552e-27 1.55434e-27 8.03817e-28 4.15672e-28 2.14945e-28 1.11145e-28 5.7469e-29 2.97141e-29 1.5363e-29 7.94279e-30 4.10634e-30 2.12286e-30 1.09742e-30 5.67296e-31 2.93246e-31 1.51579e-31 7.83486e-32 4.04958e-32 2.09302e-32 1.08174e-32 5.59063e-33 2.88924e-33 1.49311e-33 7.71593e-34 3.98722e-34 2.06034e-34 1.06462e-34 5.50097e-35 2.8423e-35 1.46855e-35 7.5874e-36 3.92e-36 2.02519e-36 1.04625e-36 5.40495e-37 2.79213e-37 1.44234e-37 7.45058e-38 3.84857e-38
1.87346e-08 4.13596e-10 2.14748e-10 1.11491e-10 5.78773e-11 3.00425e-11 1.55927e-11 8.09226e-12 4.19931e-12 2.17896e-12 1.13053e-12 5.86513e-13 3.04255e-13 1.5782e-13 8.18561e-14 4.24527e-14 2.20154e-14 1.1416e-14 5.9193e-15 3.06898e-15 1.59105e-15 8.24794e-16 4.27539e-16 2.21603e-16 1.14854e-16 5.95233e-17 3.0846e-17 1.59839e-17 8.28208e-18 4.2911e-18 2.22316e-18 1.15172e-18 5.96615e-19 3.09042e-19 1.60072e-19 8.29064e-20 4.29375e-20 2.22362e-20 1.15149e-20 5.9626e-21 3.08737e-21 1.59852e-21 8.27607e-22 4.28458e-22 2.21805e-22 1.14818e-22 5.94334e-23 3.0763e-23 1.59223e-23 8.24064e-24 4.26478e-24 2.20705e-24 1.14211e-24 5.90995e-25 3.05802e-25 1.58226e-25 8.18645e-26 4.23541e-26 2.19117e-26 1.13355e-26 5.86388e-27 3.03328e-27 1.56899e-27 8.11547e-28 4.19748e-28 2.17094e-28 1.12276e-28 5.80648e-29 3.00276e-29 1.55279e-29 8.02951e-30 4.15192e-30 2.14681e-30 1.11e-30 5.73901e-31 2.96712e-31 1.53398e-31 7.93026e-32 4.0996e-32 2.11924e-32 1.09548e-32 5.66262e-33 2.92694e-33 1.51285e-33 7.81927e-34 4.04131e-34 2.08864e-34 1.07943e-34 5.57838e-35 2.88278e-35 1.48971e-35 7.69799e-36 3.97778e-36 2.05538e-36 1.06202e-36 5.4873e-37 2.83513e-37 1.46479e-37 7.56773e-38 3.90971e-38 2.01981e-38
9.60714e-09 2.13602e-10 1.1093e-10 5.7604e-11 2.99097e-11 1.55285e-11 8.06131e-12 4.18448e-12 2.17189e-12 1.12718e-12 5.84944e-13 3.03526e-13 1.57485e-13 8.17051e-14 4.2386e-14 2.19867e-14 1.14042e-14 5.91471e-15 3.0674e-15 1.59065e-15 8.24794e-16 4.27647e-16 2.21715e-16 1.14941e-16 5.95829e-17 3.08845e-17 1.60077e-17 8.29641e-18 4.29954e-18 2.22806e-18 1.15453e-18 5.98211e-19 3.0994e-19 1.60574e-19 8.31852e-20 4.30915e-20 2.23209e-20 1.15613e-20 5.98797e-21 3.10118e-21 1.60602e-21 8.3167e-22 4.30654e-22 2.22989e-22 1.15456e-22 5.97757e-23 3.09466e-23 1.60206e-23 8.29324e-24 4.29288e-24 2.22204e-24 1.1501e-24 5.95247e-25 3.08063e-25 1.59427e-25 8.25024e-26 4.26925e-26 2.20911e-26 1.14304e-26 5.91414e-27 3.05986e-27 1.58304e-27 8.18968e-28 4.23666e-28 2.1916e-28 1.13366e-28 5.86393e-29 3.03303e-29 1.56873e-29 8.11339e-30 4.19605e-30 2.17002e-30 1.1222e-30 5.8031e-31 3.00079e-31 1.55166e-31 8.02306e-32 4.14829e-32 2.14479e-32 1.10888e-32 5.73284e-33 2.96374e-33 1.53214e-33 7.92027e-34 4.0942e-34 2.11633e-34 1.09392e-34 5.65422e-35 2.92245e-35 1.51045e-35 7.80648e-36 4.03451e-36 2.08503e-36 1.07751e-36 5.56825e-37 2.87742e-37 1.48687e-37 7.68305e-38 3.96992e-38 2.05124e-38 1.05984e-38
4.92657e-09 1.10309e-10 5.72993e-11 2.97607e-11 1.54558e-11 8.02601e-12 4.16739e-12 2.16366e-12 1.12324e-12 5.83064e-13 3.02636e-13 1.57068e-13 8.15111e-14 4.2297e-14 2.19465e-14 1.13864e-14 5.90706e-15 3.06424e-15 1.58943e-15 8.24374e-16 4.27539e-16 2.21715e-16 1.14969e-16 5.96127e-17 3.09075e-17 1.60236e-17 8.30665e-18 4.30589e-18 2.23188e-18 1.15678e-18 5.99517e-19 3.10689e-19 1.60999e-19 8.34245e-20 4.32253e-20 2.23953e-20 1.16024e-20 6.01058e-21 3.11357e-21 1.61279e-21 8.35356e-22 4.32656e-22 2.24073e-22 1.16041e-22 6.00917e-23 3.11167e-23 1.6112e-23 8.34226e-24 4.31913e-24 2.23609e-24 1.1576e-24 5.99251e-25 3.10197e-25 1.60563e-25 8.31066e-26 4.30135e-26 2.22615e-26 1.15209e-26 5.96206e-27 3.08524e-27 1.59648e-27 8.26074e-28 4.27422e-28 2.21145e-28 1.14414e-28 5.9192e-29 3.06218e-29 1.58409e-29 8.19435e-30 4.23868e-30 2.19246e-30 1.13401e-30 5.8652e-31 3.03343e-31 1.56881e-31 8.11318e-32 4.19562e-32 2.16963e-32 1.12192e-32 5.80124e-33 2.99961e-33 1.55094e-33 8.01884e-34 4.14585e-34 2.14339e-34 1.10809e-34 5.72841e-35 2.96128e-35 1.53078e-35 7.91282e-36 4.09013e-36 2.11412e-36 1.09272e-36 5.64774e-37 2.91896e-37 1.50858e-37 7.79647e-38 4.02915e-38 2.08218e-38 1.07599e-38 5.56018e-39
2.52636e-09 5.69636e-11 2.95956e-11 1.53749e-11 7.98639e-12 4.14808e-12 2.15427e-12 1.1187e-12 5.80874e-13 3.01587e-13 1.56568e-13 8.12745e-14 4.21859e-14 2.18949e-14 1.13627e-14 5.89637e-15 3.05951e-15 1.58739e-15 8.23533e-16 4.27213e-16 2.21603e-16 1.14941e-16 5.96127e-17 3.09152e-17 1.60315e-17 8.3128e-18 4.31012e-18 2.23461e-18 1.15847e-18 6.00535e-19 3.11289e-19 1.61347e-19 8.36243e-20 4.33387e-20 2.24591e-20 1.16381e-20 6.0304e-21 3.12453e-21 1.61882e-21 8.38663e-22 4.34462e-22 2.25057e-22 1.16576e-22 6.0381e-23 3.12731e-23 1.61963e-23 8.38767e-24 4.34353e-24 2.24918e-24 1.16461e-24 6.03002e-25 3.12201e-25 1.61633e-25 8.36767e-26 4.3317e-26 2.2423e-26 1.16067e-26 6.00762e-27 3.10941e-27 1.60929e-27 8.32861e-28 4.31014e-28 2.23045e-28 1.15418e-28 5.97227e-29 3.0902e-29 1.59888e-29 8.27233e-30 4.27979e-30 2.21412e-30 1.14541e-30 5.92525e-31 3.06503e-31 1.58543e-31 8.20057e-32 4.24155e-32 2.19376e-32 1.13459e-32 5.86776e-33 3.03453e-33 1.56926e-33 8.11493e-34 4.19623e-34 2.1698e-34 1.12193e-34 5.80091e-35 2.99926e-35 1.55066e-35 8.0169e-36 4.1446e-36 2.14262e-36 1.10763e-36 5.72573e-37 2.95974e-37 1.5299e-37 7.90789e-38 4.08738e-38 2.1126e-38 1.09188e-38 5.64317e-39 2.91647e-39
1.29552e-09 2.94145e-11 1.52856e-11 7.9425e-12 4.12654e-12 2.14374e-12 1.11356e-12 5.78378e-13 3.00378e-13 1.55985e-13 8.09952e-14 4.20528e-14 2.18319e-14 1.13332e-14 5.88263e-15 3.05321e-15 1.58454e-15 8.22274e-16 4.26672e-16 2.21379e-16 1.14854e-16 5.95829e-17 3.09075e-17 1.60315e-17 8.31485e-18 4.31224e-18 2.23625e-18 1.1596e-18 6.01263e-19 3.1174e-19 1.61619e-19 8.37843e-20 4.34316e-20 2.25123e-20 1.16683e-20 6.04743e-21 3.13405e-21 1.62411e-21 8.41586e-22 4.36071e-22 2.25939e-22 1.17058e-22 6.06436e-23 3.14156e-23 1.62736e-23 8.42942e-24 4.36605e-24 2.2613e-24 1.17113e-24 6.06498e-25 3.14074e-25 1.62635e-25 8.42121e-26 4.36028e-26 2.25753e-26 1.16878e-26 6.05076e-27 3.13234e-27 1.62147e-27 8.39321e-28 4.34439e-28 2.24859e-28 1.16379e-28 6.02308e-29 3.11706e-29 1.61307e-29 8.34728e-30 4.31935e-30 2.23498e-30 1.15641e-30 5.98322e-31 3.09557e-31 1.60151e-31 8.28515e-32 4.28604e-32 2.21716e-32 1.14689e-32 5.93237e-33 3.06847e-33 1.58708e-33 8.20845e-34 4.2453e-34 2.19554e-34 1.13542e-34 5.87167e-35 3.03634e-35 1.57009e-35 8.11867e-36 4.1979e-36 2.17052e-36 1.12223e-36 5.80215e-37 2.99972e-37 1.55081e-37 8.01724e-38 4.14455e-38 2.14248e-38 1.1075e-38 5.72478e-39 2.95911e-39 1.5295e-39
6.64347e-10 1.51882e-11 7.89437e-12 4.10282e-12 2.13207e-12 1.10783e-12 5.75576e-13 2.99012e-13 1.55321e-13 8.06737e-14 4.18979e-14 2.17576e-14 1.12977e-14 5.86587e-15 3.04534e-15 1.58089e-15 8.20595e-16 4.25913e-16 2.21044e-16 1.1471e-16 5.95233e-17 3.08845e-17 1.60236e-17 8.3128e-18 4.31224e-18 2.23679e-18 1.16016e-18 6.01699e-19 3.1204e-19 1.61813e-19 8.39044e-20 4.35039e-20 2.2555e-20 1.16931e-20 6.06163e-21 3.14211e-21 1.62865e-21 8.44125e-22 4.37482e-22 2.26719e-22 1.17487e-22 6.0879e-23 3.15443e-23 1.63437e-23 8.46749e-24 4.38668e-24 2.27245e-24 1.17714e-24 6.09736e-25 3.15815e-25 1.63569e-25 8.47124e-26 4.38705e-26 2.27183e-26 1.17641e-26 6.09147e-27 3.15402e-27 1.633e-27 8.45451e-28 4.37694e-28 2.26587e-28 1.17295e-28 6.0716e-29 3.14275e-29 1.62666e-29 8.41914e-30 4.35732e-30 2.25503e-30 1.167e-30 6.03905e-31 3.125e-31 1.61702e-31 8.36687e-32 4.32907e-32 2.2398e-32 1.1588e-32 5.99502e-33 3.10139e-33 1.60438e-33 8.29933e-34 4.29302e-34 2.22059e-34 1.14857e-34 5.94063e-35 3.0725e-35 1.58905e-35 8.21806e-36 4.24997e-36 2.1978e-36 1.13652e-36 5.87695e-37 3.03887e-37 1.5713e-37 8.12446e-38 4.20064e-38 2.17181e-38 1.12284e-38 5.80495e-39 3.00101e-39 1.5514e-39 8.01987e-40
3.40679e-10 7.84204e-12 4.07691e-12 2.11927e-12 1.10152e-12 5.72472e-13 2.97489e-13 1.54576e-13 8.03102e-14 4.17212e-14 2.16721e-14 1.12565e-14 5.8461e-15 3.03591e-15 1.57642e-15 8.18501e-16 4.2494e-16 2.20597e-16 1.14508e-16 5.94339e-17 3.0846e-17 1.60077e-17 8.30665e-18 4.31012e-18 2.23625e-18 1.16016e-18 6.01845e-19 3.12191e-19 1.61929e-19 8.39845e-20 4.35556e-20 2.2587e-20 1.17124e-20 6.07301e-21 3.14872e-21 1.63244e-21 8.46277e-22 4.38694e-22 2.27396e-22 1.17864e-22 6.10873e-23 3.16589e-23 1.64065e-23 8.50183e-24 4.40539e-24 2.28261e-24 1.18265e-24 6.12713e-25 3.17421e-25 1.64434e-25 8.51773e-26 4.412e-26 2.2852e-26 1.18357e-26 6.1297e-27 3.17442e-27 1.64388e-27 8.51245e-28 4.40777e-28 2.28225e-28 1.18165e-28 6.11779e-29 3.16724e-29 1.63964e-29 8.48785e-30 4.39367e-30 2.27426e-30 1.17716e-30 6.0927e-31 3.15332e-31 1.63196e-31 8.44566e-32 4.37059e-32 2.26168e-32 1.17032e-32 6.05564e-33 3.13329e-33 1.62116e-33 8.38752e-34 4.33937e-34 2.24493e-34 1.16136e-34 6.00775e-35 3.10773e-35 1.60753e-35 8.31498e-36 4.30079e-36 2.22444e-36 1.15048e-36 5.95008e-37 3.07718e-37 1.59136e-37 8.22945e-38 4.25559e-38 2.20057e-38 1.13788e-38 5.88363e-39 3.04215e-39 1.57291e-39 8.1323e-40 4.20446e-40
1.74701e-10 4.04885e-12 2.10535e-12 1.09463e-12 5.69068e-13 2.9581e-13 1.5375e-13 7.99049e-14 4.15229e-14 2.15753e-14 1.12095e-14 5.82332e-15 3.02493e-15 1.57116e-15 8.15991e-16 4.23752e-16 2.20039e-16 1.14248e-16 5.93149e-17 3.07922e-17 1.59839e-17 8.29641e-18 4.30589e-18 2.23461e-18 1.1596e-18 6.01699e-19 3.12191e-19 1.61968e-19 8.40246e-20 4.35866e-20 2.26084e-20 1.17262e-20 6.08156e-21 3.15387e-21 1.63548e-21 8.4804e-22 4.39705e-22 2.27971e-22 1.18187e-22 6.12681e-23 3.17594e-23 1.64621e-23 8.53243e-24 4.42217e-24 2.29178e-24 1.18765e-24 6.15428e-25 3.18892e-25 1.65229e-25 8.56064e-26 4.4351e-26 2.29762e-26 1.19023e-26 6.16543e-27 3.19354e-27 1.6541e-27 8.567e-28 4.43686e-28 2.29775e-28 1.18989e-28 6.16162e-29 3.19052e-29 1.65199e-29 8.55336e-30 4.42839e-30 2.29264e-30 1.18688e-30 6.14414e-31 3.18051e-31 1.64632e-31 8.52146e-32 4.41059e-32 2.28277e-32 1.18143e-32 6.11421e-33 3.16414e-33 1.63739e-33 8.47295e-34 4.3843e-34 2.26856e-34 1.17377e-34 6.07297e-35 3.14198e-35 1.62552e-35 8.40937e-36 4.35031e-36 2.25042e-36 1.1641e-36 6.02148e-37 3.1146e-37 1.61097e-37 8.33216e-38 4.30937e-38 2.22873e-38 1.15262e-38 5.96076e-39 3.0825e-39 1.59402e-39 8.24268e-40 4.26217e-40 2.20385e-40
8.95871e-11 2.09033e-12 1.08717e-12 5.65367e-13 2.93977e-13 1.52845e-13 7.94583e-14 4.13031e-14 2.14675e-14 1.11567e-14 5.79757e-15 3.01241e-15 1.5651e-15 8.13068e-16 4.2235e-16 2.19371e-16 1.13932e-16 5.91663e-17 3.07232e-17 1.59522e-17 8.28208e-18 4.29954e-18 2.23188e-18 1.15847e-18 6.01263e-19 3.1204e-19 1.61929e-19 8.40246e-20 4.3597e-20 2.26191e-20 1.17345e-20 6.08726e-21 3.15755e-21 1.63775e-21 8.49413e-22 4.40515e-22 2.28441e-22 1.18457e-22 6.14213e-23 3.18457e-23 1.65104e-23 8.55926e-24 4.43701e-24 2.29995e-24 1.19213e-24 6.17877e-25 3.20226e-25 1.65954e-25 8.59994e-26 4.45635e-26 2.30909e-26 1.19641e-26 6.19862e-27 3.21136e-27 1.66365e-27 8.61811e-28 4.46418e-28 2.31233e-28 1.19767e-28 6.20304e-29 3.21256e-29 1.66372e-29 8.61562e-30 4.46143e-30 2.31017e-30 1.19617e-30 6.19333e-31 3.20654e-31 1.66009e-31 8.59422e-32 4.44902e-32 2.30306e-32 1.19214e-32 6.17068e-33 3.1939e-33 1.65308e-33 8.55555e-34 4.42778e-34 2.29144e-34 1.18581e-34 6.13625e-35 3.17524e-35 1.64299e-35 8.50116e-36 4.39851e-36 2.27571e-36 1.17737e-36 6.09112e-37 3.15112e-37 1.63011e-37 8.4325e-38 4.36195e-38 2.25627e-38 1.16704e-38 6.03628e-39 3.12204e-39 1.61471e-39 8.35094e-40 4.31881e-40 2.23346e-40 1.155e-40
4.59405e-11 1.07914e-12 5.61372e-13 2.91992e-13 1.5186e-13 7.89707e-14 4.10621e-14 2.13486e-14 1.10982e-14 5.76887e-15 2.99836e-15 1.55824e-15 8.09735e-16 4.20736e-16 2.18592e-16 1.13559e-16 5.89883e-17 3.06389e-17 1.59126e-17 8.26368e-18 4.2911e-18 2.22806e-18 1.15678e-18 6.00535e-19 3.1174e-19 1.61813e-19 8.39845e-20 4.35866e-20 2.26191e-20 1.17372e-20 6.09011e-21 3.15975e-21 1.63927e-21 8.50394e-22 4.41123e-22 2.28807e-22 1.18673e-22 6.15468e-23 3.19177e-23 1.65513e-23 8.5823e-24 4.44989e-24 2.30712e-24 1.19609e-24 6.20059e-25 3.21423e-25 1.66608e-25 8.63558e-26 4.47572e-26 2.31959e-26 1.20208e-26 6.22926e-27 3.22786e-27 1.67252e-27 8.66573e-28 4.4897e-28 2.32599e-28 1.20497e-28 6.24204e-29 3.23336e-29 1.67479e-29 8.67458e-30 4.49279e-30 2.32682e-30 1.20501e-30 6.24022e-31 3.23139e-31 1.67325e-31 8.66388e-32 4.48587e-32 2.32253e-32 1.20243e-32 6.22501e-33 3.22257e-33 1.6682e-33 8.63526e-34 4.46979e-34 2.31356e-34 1.19745e-34 6.19755e-35 3.20749e-35 1.65995e-35 8.59028e-36 4.44534e-36 2.30031e-36 1.19029e-36 6.15893e-37 3.1867e-37 1.64878e-37 8.53041e-38 4.41328e-38 2.28318e-38 1.18114e-38 6.11016e-39 3.16073e-39 1.63497e-39 8.457e-40 4.37432e-40 2.26251e-40 1.1702e-40 6.05219e-41
2.35584e-11 5.57086e-13 2.89857e-13 1.50797e-13 7.84426e-14 4.08001e-14 2.12189e-14 1.10341e-14 5.73724e-15 2.9828e-15 1.5506e-15 8.05994e-16 4.1891e-16 2.17705e-16 1.13129e-16 5.8781e-17 3.05394e-17 1.58652e-17 8.24122e-18 4.28055e-18 2.22316e-18 1.15453e-18 5.99517e-19 3.11289e-19 1.61619e-19 8.39044e-20 4.35556e-20 2.26084e-20 1.17345e-20 6.09011e-21 3.16049e-21 1.64003e-21 8.50983e-22 4.41528e-22 2.29069e-22 1.18835e-22 6.16446e-23 3.19754e-23 1.65848e-23 8.60153e-24 4.46081e-24 2.31327e-24 1.19953e-24 6.21972e-25 3.22481e-25 1.67191e-25 8.66755e-26 4.4932e-26 2.32911e-26 1.20726e-26 6.25731e-27 3.24303e-27 1.68071e-27 8.70984e-28 4.51342e-28 2.33872e-28 1.2118e-28 6.27857e-29 3.25289e-29 1.68522e-29 8.7302e-30 4.52242e-30 2.3426e-30 1.2134e-30 6.28478e-31 3.25505e-31 1.6858e-31 8.73039e-32 4.52109e-32 2.34118e-32 1.21229e-32 6.27715e-33 3.25012e-33 1.68274e-33 8.71203e-34 4.51028e-34 2.33491e-34 1.2087e-34 6.25682e-35 3.23869e-35 1.67637e-35 8.67668e-36 4.49078e-36 2.3242e-36 1.20284e-36 6.22487e-37 3.22133e-37 1.66696e-37 8.62581e-38 4.46334e-38 2.30943e-38 1.19491e-38 6.18232e-39 3.19855e-39 1.65478e-39 8.5608e-40 4.42868e-40 2.29097e-40 1.18509e-40 6.13014e-41 3.17085e-41
1.20808e-11 2.87573e-13 1.49657e-13 7.78744e-14 4.05173e-14 2.10783e-14 1.09643e-14 5.7027e-15 2.96572e-15 1.54218e-15 8.0185e-16 4.16876e-16 2.16709e-16 1.12643e-16 5.85446e-17 3.04249e-17 1.581e-17 8.21473e-18 4.26791e-18 2.21717e-18 1.15172e-18 5.98211e-19 3.10689e-19 1.61347e-19 8.37843e-20 4.35039e-20 2.2587e-20 1.17262e-20 6.08726e-21 3.15975e-21 1.64003e-21 8.51179e-22 4.41731e-22 2.29226e-22 1.18943e-22 6.17145e-23 3.20187e-23 1.66109e-23 8.61693e-24 4.46976e-24 2.3184e-24 1.20245e-24 6.23615e-25 3.234e-25 1.67702e-25 8.69582e-26 4.50877e-26 2.33765e-26 1.21193e-26 6.28276e-27 3.25686e-27 1.6882e-27 8.75039e-28 4.53531e-28 2.35052e-28 1.21814e-28 6.31261e-29 3.27114e-29 1.69499e-29 8.78244e-30 4.55031e-30 2.35747e-30 1.22133e-30 6.32698e-31 3.27749e-31 1.69772e-31 8.7937e-32 4.55468e-32 2.35898e-32 1.22172e-32 6.32706e-33 3.27652e-33 1.6967e-33 8.7858e-34 4.54923e-34 2.35547e-34 1.21955e-34 6.31401e-35 3.26883e-35 1.69225e-35 8.76029e-36 4.53478e-36 2.34735e-36 1.21502e-36 6.28889e-37 3.25498e-37 1.68464e-37 8.71865e-38 4.51208e-38 2.33501e-38 1.20833e-38 6.25273e-39 3.23548e-39 1.67414e-39 8.66226e-40 4.48184e-40 2.31882e-40 1.19968e-40 6.20651e-41 3.21083e-41 1.66101e-41
6.19507e-12 1.48441e-13 7.72666e-14 4.0214e-14 2.09271e-14 1.08891e-14 5.66529e-15 2.94716e-15 1.53298e-15 7.97304e-16 4.14633e-16 2.15605e-16 1.12101e-16 5.82792e-17 3.02954e-17 1.5747e-17 8.18421e-18 4.2532e-18 2.21011e-18 1.14835e-18 5.96615e-19 3.0994e-19 1.60999e-19 8.36243e-20 4.34316e-20 2.2555e-20 1.17124e-20 6.08156e-21 3.15755e-21 1.63927e-21 8.50983e-22 4.41731e-22 2.29279e-22 1.18998e-22 6.17564e-23 3.20476e-23 1.66295e-23 8.62849e-24 4.47673e-24 2.32251e-24 1.20484e-24 6.24986e-25 3.24179e-25 1.68141e-25 8.72037e-26 4.52242e-26 2.3452e-26 1.21609e-26 6.30558e-27 3.26934e-27 1.69501e-27 8.78736e-28 4.55535e-28 2.36136e-28 1.22399e-28 6.34414e-29 3.2881e-29 1.7041e-29 8.83125e-30 4.57645e-30 2.37145e-30 1.22879e-30 6.36679e-31 3.2987e-31 1.70901e-31 8.85376e-32 4.58659e-32 2.37593e-32 1.23071e-32 6.37472e-33 3.30177e-33 1.71007e-33 8.85651e-34 4.58662e-34 2.37523e-34 1.22999e-34 6.36908e-35 3.29789e-35 1.70757e-35 8.84105e-36 4.57733e-36 2.36976e-36 1.22682e-36 6.35095e-37 3.28762e-37 1.7018e-37 8.80885e-38 4.55947e-38 2.35991e-38 1.2214e-38 6.32134e-39 3.27148e-39 1.69303e-39 8.7613e-40 4.53377e-40 2.34604e-40 1.21394e-40 6.28124e-41 3.24997e-41 1.68151e-41 8.69972e-42
