0.231942 0.106395 0.0488052 0.0223877 0.0102696 0.00471082 0.00216093 0.000991252 0.000454703 0.000208579 9.56785e-05 4.38892e-05 2.01327e-05 9.23517e-06 4.23632e-06 1.94326e-06 8.91406e-07 4.08902e-07 1.8757e-07 8.60411e-08 3.94684e-08 1.81048e-08 8.30494e-09 3.80961e-09 1.74753e-09 8.01617e-10 3.67714e-10 1.68676e-10 7.73744e-11 3.54929e-11 1.62811e-11 7.46841e-12 3.42588e-12 1.5715e-12 7.20873e-13 3.30676e-13 1.51686e-13 6.95807e-14 3.19178e-14 1.46412e-14 6.71614e-15 3.0808e-15 1.41321e-15 6.48261e-16 2.97368e-16 1.36407e-16 6.25721e-17 2.87028e-17 1.31664e-17 6.03964e-18 2.77048e-18 1.27086e-18 5.82964e-19 2.67415e-19 1.22667e-19 5.62694e-20 2.58116e-20 1.18402e-20 5.43129e-21 2.49142e-21 1.14285e-21 5.24244e-22 2.40479e-22 1.10311e-22 5.06015e-23 2.32117e-23 1.06476e-23 4.88421e-24 2.24046e-24 1.02774e-24 4.71438e-25 2.16256e-25 9.92e-26 4.55046e-26 2.08737e-26 9.57508e-27 4.39224e-27 2.01479e-27 9.24215e-28 4.23952e-28 1.94473e-28 8.92079e-29 4.09211e-29 1.87711e-29 8.61061e-30 3.94982e-30 1.81184e-30 8.31121e-31 3.81248e-31 1.74885e-31 8.02223e-32 3.67992e-32 1.68804e-32 7.74329e-33 3.55197e-33 1.62934e-33 7.47405e-34 3.42846e-34 1.57269e-34 7.21417e-35 3.30925e-35
0.106395 0.0629646 0.0353779 0.0192078 0.0101776 0.00529556 0.00271674 0.00137813 0.000692681 0.000345502 0.00017122 8.43822e-05 4.13868e-05 2.02138e-05 9.83616e-06 4.77061e-06 2.30698e-06 1.11267e-06 5.3536e-07 2.57028e-07 1.23156e-07 5.89028e-08 2.81249e-08 1.34083e-08 6.38316e-09 3.03474e-09 1.44102e-09 6.83465e-10 3.23813e-10 1.53262e-10 7.24702e-11 3.42371e-11 1.6161e-11 7.62245e-12 3.59247e-12 1.69193e-12 7.96302e-13 3.74536e-13 1.76053e-13 8.27068e-14 3.88327e-14 1.82232e-14 8.54732e-15 4.00706e-15 1.87768e-15 8.79473e-16 4.11755e-16 1.92698e-16 9.01459e-17 4.21551e-17 1.97059e-17 9.20854e-18 4.30168e-18 2.00884e-18 9.3781e-19 4.37676e-19 2.04204e-19 9.52473e-20 4.44142e-20 2.07051e-20 9.64983e-21 4.49629e-21 2.09452e-21 9.75471e-22 4.54198e-22 2.11437e-22 9.84063e-23 4.57905e-23 2.1303e-23 9.90879e-24 4.60806e-24 2.14257e-24 9.9603e-25 4.62951e-25 2.15141e-25 9.99626e-26 4.64389e-26 2.15704e-26 1.00177e-26 4.65168e-27 2.15968e-27 1.00255e-27 4.65332e-28 2.15953e-28 1.00207e-28 4.64921e-29 2.15678e-29 1.00041e-29 4.63977e-30 2.15161e-30 9.97652e-31 4.62536e-31 2.14419e-31 9.93878e-32 4.60634e-32 2.13469e-32 9.8916e-33 4.58306e-33 2.12325e-33 9.83569e-34 4.55582e-34
0.0488052 0.0353779 0.0230516 0.0141005 0.00826764 0.00470139 0.00261179 0.00142443 0.000765298 0.000406073 0.000213205 0.000110932 5.72666e-05 2.93594e-05 1.49602e-05 7.58158e-06 3.82344e-06 1.91967e-06 9.59956e-07 4.78281e-07 2.37495e-07 1.17566e-07 5.80323e-08 2.85698e-08 1.40306e-08 6.87468e-09 3.36123e-09 1.64012e-09 7.98794e-10 3.88354e-10 1.88494e-10 9.13451e-11 4.42006e-11 2.1358e-11 1.03066e-11 4.96729e-12 2.39112e-12 1.1497e-12 5.522e-13 2.64944e-13 1.26993e-13 6.08123e-14 2.90943e-14 1.39074e-14 6.6423e-15 3.16988e-15 1.51158e-15 7.20275e-16 3.42969e-16 1.63197e-16 7.76035e-17 3.68785e-17 1.75145e-17 8.3131e-18 3.94347e-18 1.86962e-18 8.85917e-19 4.19573e-19 1.98611e-19 9.39692e-20 4.44389e-20 2.10059e-20 9.9249e-21 4.68731e-21 2.21278e-21 1.04418e-21 4.92539e-22 2.32241e-22 1.09465e-22 5.15764e-23 2.42926e-23 1.14379e-23 5.38359e-24 2.53312e-24 1.19152e-24 5.60286e-25 2.63382e-25 1.23776e-25 5.8151e-26 2.73122e-26 1.28244e-26 6.02003e-27 2.82518e-27 1.32551e-27 6.2174e-28 2.9156e-28 1.36692e-28 6.40702e-29 3.0024e-29 1.40664e-29 6.58872e-30 3.0855e-30 1.44463e-30 6.76238e-31 3.16485e-31 1.48088e-31 6.92791e-32 3.24042e-32 1.51537e-32 7.08525e-33 3.31218e-33
0.0223877 0.0192078 0.0141005 0.00949298 0.00604083 0.00369266 0.00218969 0.00126772 0.000719806 0.000402143 0.000221613 0.000120697 6.50643e-05 3.47595e-05 1.84217e-05 9.69346e-06 5.06793e-06 2.6342e-06 1.36195e-06 7.0075e-07 3.58945e-07 1.83108e-07 9.30536e-08 4.71221e-08 2.37841e-08 1.19679e-08 6.00481e-09 3.00477e-09 1.49976e-09 7.46791e-10 3.7102e-10 1.83938e-10 9.10063e-11 4.49409e-11 2.21526e-11 1.09008e-11 5.35522e-12 2.62674e-12 1.28649e-12 6.29185e-13 3.07295e-13 1.49887e-13 7.30179e-14 3.55281e-14 1.72668e-14 8.38245e-15 4.06505e-15 1.96932e-15 9.53091e-16 4.60828e-16 2.2261e-16 1.07439e-16 5.18097e-17 2.49631e-17 1.20181e-17 5.78147e-18 2.77917e-18 1.33498e-18 6.40809e-19 3.07387e-19 1.47352e-19 7.05902e-20 3.37958e-20 1.61703e-20 7.73244e-21 3.69544e-21 1.76512e-21 8.42649e-22 4.02059e-22 1.91738e-22 9.13927e-23 4.35413e-23 2.07341e-23 9.86888e-24 4.6952e-24 2.23279e-24 1.06134e-24 5.0429e-25 2.39512e-25 1.1371e-25 5.39636e-26 2.55998e-26 1.21398e-26 5.75472e-27 2.72699e-27 1.29178e-27 6.11712e-28 2.89574e-28 1.37034e-28 6.48274e-29 3.06585e-29 1.44947e-29 6.85075e-30 3.23696e-30 1.52901e-30 7.22036e-31 3.40868e-31 1.60877e-31 7.59079e-32 3.58067e-32 1.68861e-32
0.0102696 0.0101776 0.00826764 0.00604083 0.00412405 0.00268331 0.00168374 0.0010268 0.000611831 0.000357606 0.000205628 0.000116587 6.52974e-05 3.61788e-05 1.9854e-05 1.08022e-05 5.83191e-06 3.12653e-06 1.66545e-06 8.81976e-07 4.64557e-07 2.43477e-07 1.2702e-07 6.59822e-08 3.41384e-08 1.7597e-08 9.03883e-09 4.62763e-09 2.3619e-09 1.20198e-09 6.10009e-10 3.08776e-10 1.55911e-10 7.85399e-11 3.94762e-11 1.97997e-11 9.91068e-12 4.95118e-12 2.46896e-12 1.229e-12 6.10738e-13 3.03009e-13 1.501e-13 7.42437e-14 3.66704e-14 1.80872e-14 8.90949e-15 4.38307e-15 2.15362e-15 1.05692e-15 5.18105e-16 2.53695e-16 1.24091e-16 6.06345e-17 2.95981e-17 1.4434e-17 7.03234e-18 3.42309e-18 1.66476e-18 8.08936e-19 3.92749e-19 1.9053e-19 9.23576e-20 4.47353e-20 2.16523e-20 1.04724e-20 5.06155e-21 2.44468e-21 1.17998e-21 5.6917e-22 2.7437e-22 1.32179e-22 6.36398e-23 3.06225e-23 1.47266e-23 7.07821e-24 3.40022e-24 1.63252e-24 7.83404e-25 3.75744e-25 1.80128e-25 8.63099e-26 4.13365e-26 1.97881e-26 9.46843e-27 4.52854e-27 2.16496e-27 1.03456e-27 4.94173e-28 2.35953e-28 1.12615e-28 5.37278e-29 2.56232e-29 1.22153e-29 5.82121e-30 2.7731e-30 1.32057e-30 6.28647e-31 2.9916e-31 1.42316e-31 6.76797e-32
0.00471082 0.00529556 0.00470139 0.00369266 0.00268331 0.00184573 0.00121821 0.000778314 0.000484305 0.000294807 0.00017614 0.000103563 6.00441e-05 3.43853e-05 1.94762e-05 1.09235e-05 6.07243e-06 3.34857e-06 1.83299e-06 9.96625e-07 5.38523e-07 2.89323e-07 1.54614e-07 8.22177e-08 4.35184e-08 2.29352e-08 1.20385e-08 6.29484e-09 3.27974e-09 1.70303e-09 8.81484e-10 4.54871e-10 2.34053e-10 1.20102e-10 6.14693e-11 3.13827e-11 1.59844e-11 8.12307e-12 4.11916e-12 2.08449e-12 1.05276e-12 5.30685e-13 2.67026e-13 1.34125e-13 6.72563e-14 3.36708e-14 1.68305e-14 8.40016e-15 4.18647e-15 2.08353e-15 1.03554e-15 5.13999e-16 2.54807e-16 1.26162e-16 6.23924e-17 3.08203e-17 1.52075e-17 7.49572e-18 3.69074e-18 1.8154e-18 8.92079e-19 4.37944e-19 2.14797e-19 1.05256e-19 5.15326e-20 2.52084e-20 1.2321e-20 6.01718e-21 2.93628e-21 1.43175e-21 6.97604e-22 3.39651e-22 1.65252e-22 8.03445e-23 3.90364e-23 1.89537e-23 9.19681e-24 4.45968e-24 2.16123e-24 1.04673e-24 5.06653e-25 2.45095e-25 1.18498e-25 5.72596e-26 2.76534e-26 1.3348e-26 6.4396e-27 3.10512e-27 1.49652e-27 7.20896e-28 3.47099e-28 1.67044e-28 8.0354e-29 3.86355e-29 1.85684e-29 8.92013e-30 4.28334e-30 2.05595e-30 9.86422e-31 4.73083e-31 2.26798e-31
0.00216093 0.00271674 0.00261179 0.00218969 0.00168374 0.00121821 0.000841918 0.000561259 0.000363357 0.000229568 0.000142068 8.63645e-05 5.16903e-05 3.05152e-05 1.77956e-05 1.02647e-05 5.86241e-06 3.31816e-06 1.86273e-06 1.03783e-06 5.74229e-07 3.15684e-07 1.72516e-07 9.37551e-08 5.06884e-08 2.72718e-08 1.46063e-08 7.78947e-09 4.13734e-09 2.18916e-09 1.15417e-09 6.06421e-10 3.17593e-10 1.65816e-10 8.63194e-11 4.48099e-11 2.31996e-11 1.19805e-11 6.17181e-12 3.172e-12 1.6266e-12 8.32326e-13 4.25019e-13 2.16602e-13 1.10175e-13 5.59382e-14 2.83506e-14 1.43441e-14 7.24552e-15 3.65404e-15 1.83996e-15 9.25115e-16 4.64471e-16 2.32871e-16 1.16597e-16 5.83028e-17 2.91166e-17 1.4523e-17 7.23529e-18 3.60039e-18 1.7896e-18 8.88554e-19 4.40708e-19 2.18357e-19 1.0808e-19 5.34439e-20 2.64019e-20 1.30307e-20 6.42551e-21 3.16565e-21 1.55827e-21 7.66402e-22 3.76629e-22 1.84937e-22 9.07387e-23 4.44866e-23 2.17943e-23 1.06693e-23 5.21942e-24 2.55155e-24 1.24649e-24 6.08535e-25 2.96891e-25 1.44754e-25 7.05328e-26 3.43468e-26 1.67155e-26 8.13013e-27 3.95207e-27 1.92002e-27 9.32282e-28 4.52431e-28 2.19445e-28 1.06383e-28 5.15459e-29 2.49631e-29 1.20834e-29 5.84611e-30 2.82708e-30 1.36649e-30 6.60202e-31
0.000991252 0.00137813 0.00142443 0.00126772 0.0010268 0.000778314 0.000561259 0.000389156 0.000261353 0.000170917 0.00010928 6.8524e-05 4.22436e-05 2.56545e-05 1.53731e-05 9.10226e-06 5.33126e-06 3.09194e-06 1.77714e-06 1.01303e-06 5.73076e-07 3.21914e-07 1.79648e-07 9.96449e-08 5.49557e-08 3.01476e-08 1.64556e-08 8.93982e-09 4.83516e-09 2.60416e-09 1.397e-09 7.46599e-10 3.97578e-10 2.10998e-10 1.11616e-10 5.8861e-11 3.09491e-11 1.62271e-11 8.48516e-12 4.42542e-12 2.30234e-12 1.19495e-12 6.18778e-13 3.19715e-13 1.64843e-13 8.48186e-14 4.35568e-14 2.23253e-14 1.14219e-14 5.8333e-15 2.97403e-15 1.51376e-15 7.69257e-16 3.90312e-16 1.97742e-16 1.00035e-16 5.05352e-17 2.5494e-17 1.28441e-17 6.46258e-18 3.2476e-18 1.63e-18 8.1714e-19 4.09169e-19 2.04653e-19 1.02249e-19 5.10311e-20 2.54424e-20 1.26719e-20 6.30512e-21 3.1342e-21 1.5565e-21 7.72277e-22 3.82831e-22 1.89609e-22 9.38295e-23 4.63933e-23 2.292e-23 1.13143e-23 5.58084e-24 2.75067e-24 1.35473e-24 6.66724e-25 3.2789e-25 1.6114e-25 7.91373e-26 3.88387e-26 1.90485e-26 9.33629e-27 4.57311e-27 2.23861e-27 1.09516e-27 5.35451e-28 2.6164e-28 1.27773e-28 6.23626e-29 3.04207e-29 1.48312e-29 7.22689e-30 3.51963e-30 1.71324e-30
0.000454703 0.000692681 0.000765298 0.000719806 0.000611831 0.000484305 0.000363357 0.000261353 0.000181644 0.000122686 8.0876e-05 5.22086e-05 3.30911e-05 2.06374e-05 1.26865e-05 7.69852e-06 4.61733e-06 2.74001e-06 1.61024e-06 9.37875e-07 5.41778e-07 3.10586e-07 1.76793e-07 9.99718e-08 5.61834e-08 3.13924e-08 1.74454e-08 9.64529e-09 5.30704e-09 2.90675e-09 1.5852e-09 8.6096e-10 4.65789e-10 2.51065e-10 1.3485e-10 7.21859e-11 3.85174e-11 2.04892e-11 1.08671e-11 5.74745e-12 3.03153e-12 1.59484e-12 8.3693e-13 4.38142e-13 2.28842e-13 1.19258e-13 6.2016e-14 3.21824e-14 1.66672e-14 8.6152e-15 4.44482e-15 2.28905e-15 1.17678e-15 6.03943e-16 3.09444e-16 1.58297e-16 8.0852e-17 4.1234e-17 2.09983e-17 1.06782e-17 5.42264e-18 2.75005e-18 1.39285e-18 7.04554e-19 3.55949e-19 1.79613e-19 9.05267e-20 4.55742e-20 2.2918e-20 1.15122e-20 5.77673e-21 2.8957e-21 1.45006e-21 7.25419e-22 3.62553e-22 1.81027e-22 9.03057e-23 4.50085e-23 2.24125e-23 1.11509e-23 5.54325e-24 2.75334e-24 1.36647e-24 6.77641e-25 3.35784e-25 1.66261e-25 8.22614e-26 4.0671e-26 2.00938e-26 9.92049e-27 4.89447e-27 2.41315e-27 1.18898e-27 5.85441e-28 2.8808e-28 1.41668e-28 6.96244e-29 3.41971e-29 1.67864e-29 8.2352e-30 4.03776e-30
0.000208579 0.000345502 0.000406073 0.000402143 0.000357606 0.000294807 0.000229568 0.000170917 0.000122686 8.54233e-05 5.79581e-05 3.84545e-05 2.50205e-05 1.60011e-05 1.00768e-05 6.25878e-06 3.83909e-06 2.32823e-06 1.39735e-06 8.30679e-07 4.89474e-07 2.86073e-07 1.65931e-07 9.55654e-08 5.46765e-08 3.10889e-08 1.75742e-08 9.88015e-09 5.52585e-09 3.07543e-09 1.70372e-09 9.39671e-10 5.16102e-10 2.82335e-10 1.53867e-10 8.3551e-11 4.5212e-11 2.43847e-11 1.311e-11 7.02696e-12 3.75547e-12 2.00144e-12 1.06378e-12 5.6394e-13 2.98215e-13 1.57318e-13 8.27982e-14 4.34799e-14 2.27832e-14 1.19133e-14 6.21685e-15 3.23785e-15 1.68314e-15 8.73341e-16 4.52349e-16 2.3389e-16 1.20732e-16 6.22191e-17 3.20139e-17 1.64469e-17 8.43688e-18 4.32162e-18 2.21053e-18 1.12914e-18 5.75993e-19 2.93439e-19 1.49302e-19 7.58703e-20 3.85082e-20 1.95218e-20 9.88522e-21 4.99992e-21 2.52617e-21 1.27495e-21 6.42791e-22 3.23743e-22 1.6289e-22 8.1877e-23 4.11161e-23 2.06279e-23 1.03395e-23 5.17786e-24 2.59071e-24 1.29513e-24 6.46904e-25 3.22855e-25 1.60998e-25 8.02211e-26 3.99408e-26 1.98707e-26 9.87831e-27 4.90718e-27 2.43595e-27 1.20836e-27 5.98989e-28 2.96719e-28 1.46886e-28 7.26657e-29 3.5925e-29 1.77495e-29 8.76405e-30
9.56785e-05 0.00017122 0.000213205 0.000221613 0.000205628 0.00017614 0.000142068 0.00010928 8.0876e-05 5.79581e-05 4.04126e-05 2.75202e-05 1.83572e-05 1.20233e-05 7.7475e-06 4.9197e-06 3.0829e-06 1.90871e-06 1.16877e-06 7.08451e-07 4.25426e-07 2.53261e-07 1.49558e-07 8.76565e-08 5.10154e-08 2.94953e-08 1.69477e-08 9.68123e-09 5.4999e-09 3.10822e-09 1.74793e-09 9.78353e-10 5.45168e-10 3.02497e-10 1.67168e-10 9.20251e-11 5.04725e-11 2.75847e-11 1.50249e-11 8.15724e-12 4.41491e-12 2.38231e-12 1.28181e-12 6.87777e-13 3.68052e-13 1.9645e-13 1.04596e-13 5.55571e-14 2.94412e-14 1.55668e-14 8.21295e-15 4.32403e-15 2.27193e-15 1.19137e-15 6.23546e-16 3.25751e-16 1.69872e-16 8.84295e-17 4.59554e-17 2.38429e-17 1.23505e-17 6.38752e-18 3.29853e-18 1.70085e-18 8.75758e-19 4.50291e-19 2.31211e-19 1.18561e-19 6.07172e-20 3.10548e-20 1.58638e-20 8.09392e-21 4.12475e-21 2.09958e-21 1.06753e-21 5.42181e-22 2.75069e-22 1.39405e-22 7.05777e-23 3.56958e-23 1.80358e-23 9.10404e-24 4.59113e-24 2.31314e-24 1.16436e-24 5.85578e-25 2.9424e-25 1.47723e-25 7.41012e-26 3.71403e-26 1.86e-26 9.30757e-27 4.65393e-27 2.32526e-27 1.1609e-27 5.79161e-28 2.88727e-28 1.43836e-28 7.16047e-29 3.56219e-29 1.77092e-29
4.38892e-05 8.43822e-05 0.000110932 0.000120697 0.000116587 0.000103563 8.63645e-05 6.8524e-05 5.22086e-05 3.84545e-05 2.75202e-05 1.92113e-05 1.31225e-05 8.79268e-06 5.79128e-06 3.75603e-06 2.40225e-06 1.517e-06 9.46895e-07 5.8475e-07 3.5756e-07 2.16646e-07 1.30153e-07 7.75727e-08 4.58918e-08 2.69609e-08 1.57358e-08 9.12764e-09 5.26376e-09 3.01882e-09 1.7223e-09 9.77737e-10 5.52441e-10 3.1074e-10 1.74039e-10 9.70772e-11 5.39373e-11 2.98562e-11 1.64672e-11 9.05132e-12 4.95869e-12 2.70797e-12 1.47432e-12 8.00319e-13 4.33215e-13 2.3386e-13 1.25911e-13 6.76183e-14 3.6224e-14 1.93595e-14 1.03227e-14 5.49187e-15 2.91548e-15 1.54451e-15 8.16563e-16 4.30856e-16 2.26905e-16 1.19274e-16 6.25845e-17 3.27811e-17 1.71411e-17 8.94811e-18 4.6636e-18 2.42676e-18 1.26086e-18 6.54115e-19 3.38851e-19 1.75285e-19 9.05482e-20 4.67117e-20 2.40656e-20 1.23824e-20 6.36309e-21 3.26584e-21 1.67416e-21 8.5721e-22 4.38407e-22 2.23963e-22 1.14287e-22 5.82571e-23 2.96648e-23 1.50898e-23 7.66805e-24 3.89273e-24 1.97425e-24 1.00031e-24 5.0636e-25 2.56086e-25 1.29396e-25 6.53242e-26 3.29496e-26 1.66057e-26 8.36181e-27 4.20715e-27 2.11508e-27 1.06248e-27 5.3331e-28 2.67489e-28 1.34062e-28 6.7141e-29 3.36012e-29
2.01327e-05 4.13868e-05 5.72666e-05 6.50643e-05 6.52974e-05 6.00441e-05 5.16903e-05 4.22436e-05 3.30911e-05 2.50205e-05 1.83572e-05 1.31225e-05 9.16931e-06 6.2793e-06 4.22357e-06 2.7953e-06 1.82315e-06 1.17335e-06 7.45989e-07 4.6899e-07 2.91805e-07 1.79825e-07 1.09831e-07 6.65234e-08 3.99794e-08 2.38515e-08 1.41321e-08 8.31909e-09 4.86724e-09 2.8312e-09 1.63783e-09 9.42535e-10 5.39721e-10 3.076e-10 1.74519e-10 9.85887e-11 5.54653e-11 3.10815e-11 1.73516e-11 9.65169e-12 5.34999e-12 2.95561e-12 1.62758e-12 8.93492e-13 4.89035e-13 2.66893e-13 1.45253e-13 7.88395e-14 4.26811e-14 2.30481e-14 1.24159e-14 6.67264e-15 3.57788e-15 1.91423e-15 1.02195e-15 5.44451e-16 2.89475e-16 1.53606e-16 8.13536e-17 4.30069e-17 2.26942e-17 1.19544e-17 6.28633e-18 3.30021e-18 1.72974e-18 9.05174e-19 4.72946e-19 2.46739e-19 1.28536e-19 6.68633e-20 3.4733e-20 1.80179e-20 9.33432e-21 4.82941e-21 2.49546e-21 1.28785e-21 6.63816e-22 3.41752e-22 1.75738e-22 9.02658e-23 4.6312e-23 2.37348e-23 1.2151e-23 6.2141e-24 3.17465e-24 1.62022e-24 8.26076e-25 4.20768e-25 2.14117e-25 1.08856e-25 5.52905e-26 2.80581e-26 1.4226e-26 7.20652e-27 3.64753e-27 1.84462e-27 9.32087e-28 4.70602e-28 2.37413e-28 1.19679e-28 6.02827e-29
9.23517e-06 2.02138e-05 2.93594e-05 3.47595e-05 3.61788e-05 3.43853e-05 3.05152e-05 2.56545e-05 2.06374e-05 1.60011e-05 1.20233e-05 8.79268e-06 6.2793e-06 4.39117e-06 3.01376e-06 2.03382e-06 1.35171e-06 8.85954e-07 5.73331e-07 3.66698e-07 2.32011e-07 1.45328e-07 9.01841e-08 5.54784e-08 3.38512e-08 2.04973e-08 1.23223e-08 7.35755e-09 4.36506e-09 2.574e-09 1.50913e-09 8.79968e-10 5.10444e-10 2.9463e-10 1.69259e-10 9.67973e-11 5.51187e-11 3.12564e-11 1.76545e-11 9.93391e-12 5.56926e-12 3.11135e-12 1.73233e-12 9.61389e-13 5.31868e-13 2.93355e-13 1.6133e-13 8.84725e-14 4.83857e-14 2.63924e-14 1.43592e-14 7.79303e-15 4.2193e-15 2.27911e-15 1.22831e-15 6.60542e-16 3.54461e-16 1.89819e-16 1.01446e-16 5.41109e-17 2.88076e-17 1.53083e-17 8.12011e-18 4.29967e-18 2.27282e-18 1.19942e-18 6.31932e-19 3.32414e-19 1.74589e-19 9.15581e-20 4.79441e-20 2.50696e-20 1.30902e-20 6.82572e-21 3.55439e-21 1.84845e-21 9.60048e-22 4.97999e-22 2.58005e-22 1.33507e-22 6.90024e-23 3.56223e-23 1.8369e-23 9.46161e-24 4.86823e-24 2.50215e-24 1.28469e-24 6.58927e-25 3.37627e-25 1.72825e-25 8.83802e-26 4.51532e-26 2.3047e-26 1.17528e-26 5.9879e-27 3.04806e-27 1.55022e-27 7.87753e-28 3.99964e-28 2.02905e-28 1.02852e-28
4.23632e-06 9.83616e-06 1.49602e-05 1.84217e-05 1.9854e-05 1.94762e-05 1.77956e-05 1.53731e-05 1.26865e-05 1.00768e-05 7.7475e-06 5.79128e-06 4.22357e-06 3.01376e-06 2.10899e-06 1.4502e-06 9.81481e-07 6.54712e-07 4.30985e-07 2.80269e-07 1.80216e-07 1.14676e-07 7.22644e-08 4.51265e-08 2.79413e-08 1.71631e-08 1.04636e-08 6.33425e-09 3.80892e-09 2.27592e-09 1.35177e-09 7.98311e-10 4.68903e-10 2.73998e-10 1.59319e-10 9.22017e-11 5.31193e-11 3.04712e-11 1.74071e-11 9.90465e-12 5.61426e-12 3.17068e-12 1.78433e-12 1.00074e-12 5.59427e-13 3.11738e-13 1.73184e-13 9.59276e-14 5.29833e-14 2.91833e-14 1.60313e-14 8.78373e-15 4.80062e-15 2.61733e-15 1.42362e-15 7.7256e-16 4.18315e-16 2.26013e-16 1.21857e-16 6.55659e-17 3.52079e-17 1.88695e-17 1.00939e-17 5.38963e-18 2.87263e-18 1.52841e-18 8.11823e-19 4.30486e-19 2.27903e-19 1.20463e-19 6.35747e-20 3.3501e-20 1.76274e-20 9.26169e-21 4.85936e-21 2.54605e-21 1.33219e-21 6.96131e-22 3.6329e-22 1.89349e-22 9.85676e-23 5.12479e-23 2.66133e-23 1.38043e-23 7.15207e-24 3.70136e-24 1.91342e-24 9.88079e-25 5.09696e-25 2.62651e-25 1.35208e-25 6.95328e-26 3.57231e-26 1.83353e-26 9.4019e-27 4.81656e-27 2.46524e-27 1.26064e-27 6.44075e-28 3.28779e-28 1.67687e-28
1.94326e-06 4.77061e-06 7.58158e-06 9.69346e-06 1.08022e-05 1.09235e-05 1.02647e-05 9.10226e-06 7.69852e-06 6.25878e-06 4.9197e-06 3.75603e-06 2.7953e-06 2.03382e-06 1.4502e-06 1.01543e-06 6.99393e-07 4.74542e-07 3.17583e-07 2.09867e-07 1.37072e-07 8.85614e-08 5.66438e-08 3.58893e-08 2.25394e-08 1.40385e-08 8.67579e-09 5.32235e-09 3.24249e-09 1.96243e-09 1.18032e-09 7.05708e-10 4.19566e-10 2.48107e-10 1.45965e-10 8.54527e-11 4.97927e-11 2.88837e-11 1.66827e-11 9.59589e-12 5.49765e-12 3.13767e-12 1.78419e-12 1.01096e-12 5.70877e-13 3.21306e-13 1.80265e-13 1.00825e-13 5.62251e-14 3.12639e-14 1.73359e-14 9.58681e-15 5.28769e-15 2.90907e-15 1.59651e-15 8.74081e-16 4.77442e-16 2.60201e-16 1.41496e-16 7.67802e-17 4.15769e-17 2.24686e-17 1.21183e-17 6.52341e-18 3.50505e-18 1.87983e-18 1.0064e-18 5.37858e-19 2.86963e-19 1.5285e-19 8.12836e-20 4.31571e-20 2.28786e-20 1.21102e-20 6.40076e-21 3.37818e-21 1.78041e-21 9.37035e-22 4.92496e-22 2.58507e-22 1.35512e-22 7.09463e-23 3.70971e-23 1.93739e-23 1.01059e-23 5.26528e-24 2.7401e-24 1.42436e-24 7.39589e-25 3.83608e-25 1.98756e-25 1.02872e-25 5.31893e-26 2.74734e-26 1.41765e-26 7.30801e-27 3.76368e-27 1.93649e-27 9.9544e-28 5.11233e-28 2.6232e-28
8.91406e-07 2.30698e-06 3.82344e-06 5.06793e-06 5.83191e-06 6.07243e-06 5.86241e-06 5.33126e-06 4.61733e-06 3.83909e-06 3.0829e-06 2.40225e-06 1.82315e-06 1.35171e-06 9.81481e-07 6.99393e-07 4.89967e-07 3.37965e-07 2.29826e-07 1.54256e-07 1.02288e-07 6.70708e-08 4.35211e-08 2.79657e-08 1.78066e-08 1.1241e-08 7.03919e-09 4.3745e-09 2.69902e-09 1.65394e-09 1.00698e-09 6.0933e-10 3.66557e-10 2.19284e-10 1.30485e-10 7.72507e-11 4.55124e-11 2.6689e-11 1.55808e-11 9.057e-12 5.24308e-12 3.02318e-12 1.73653e-12 9.93807e-13 5.66734e-13 3.22084e-13 1.82441e-13 1.03012e-13 5.79839e-14 3.25408e-14 1.82092e-14 1.0161e-14 5.65452e-15 3.13842e-15 1.73745e-15 9.59473e-16 5.28571e-16 2.90505e-16 1.59298e-16 8.71573e-17 4.75835e-17 2.59235e-17 1.40942e-17 7.64746e-18 4.1414e-18 2.23848e-18 1.20768e-18 6.50375e-19 3.4963e-19 1.87631e-19 1.00524e-19 5.3767e-20 2.8712e-20 1.53084e-20 8.14937e-21 4.33176e-21 2.29914e-21 1.21854e-21 6.4491e-22 3.40846e-22 1.79899e-22 9.48247e-23 4.99171e-23 2.62436e-23 1.37801e-23 7.22687e-24 3.78552e-24 1.98055e-24 1.03501e-24 5.40268e-25 2.81701e-25 1.46721e-25 7.63356e-26 3.96737e-26 2.05981e-26 1.06834e-26 5.53548e-27 2.86532e-27 1.48173e-27 7.65511e-28 3.95118e-28
4.08902e-07 1.11267e-06 1.91967e-06 2.6342e-06 3.12653e-06 3.34857e-06 3.31816e-06 3.09194e-06 2.74001e-06 2.32823e-06 1.90871e-06 1.517e-06 1.17335e-06 8.85954e-07 6.54712e-07 4.74542e-07 3.37965e-07 2.36872e-07 1.63599e-07 1.11475e-07 7.50148e-08 4.98978e-08 3.28341e-08 2.13889e-08 1.38023e-08 8.82793e-09 5.59939e-09 3.52371e-09 2.20103e-09 1.36517e-09 8.4109e-10 5.14915e-10 3.13327e-10 1.89563e-10 1.14056e-10 6.82644e-11 4.0652e-11 2.4092e-11 1.42119e-11 8.34647e-12 4.88086e-12 2.84253e-12 1.64891e-12 9.52862e-13 5.48615e-13 3.14748e-13 1.79958e-13 1.02551e-13 5.82525e-14 3.29871e-14 1.86238e-14 1.04841e-14 5.88525e-15 3.29466e-15 1.83951e-15 1.02441e-15 5.69057e-16 3.1534e-16 1.7433e-16 9.61536e-17 5.29155e-17 2.9057e-17 1.59218e-17 8.70631e-18 4.75112e-18 2.58762e-18 1.4066e-18 7.6317e-19 4.1331e-19 2.23436e-19 1.20578e-19 6.49593e-20 3.49372e-20 1.87596e-20 1.00569e-20 5.38301e-21 2.87687e-21 1.5352e-21 8.18033e-22 4.35264e-22 2.31271e-22 1.22713e-22 6.5024e-23 3.44096e-23 1.81853e-23 9.59857e-24 5.05999e-24 2.66415e-24 1.40102e-24 7.35897e-25 3.86087e-25 2.02329e-25 1.05911e-25 5.53797e-26 2.8926e-26 1.50927e-26 7.86663e-27 4.09606e-27 2.13062e-27 1.10717e-27 5.74776e-28
1.8757e-07 5.3536e-07 9.59956e-07 1.36195e-06 1.66545e-06 1.83299e-06 1.86273e-06 1.77714e-06 1.61024e-06 1.39735e-06 1.16877e-06 9.46895e-07 7.45989e-07 5.73331e-07 4.30985e-07 3.17583e-07 2.29826e-07 1.63599e-07 1.14708e-07 7.93165e-08 5.41428e-08 3.65198e-08 2.43604e-08 1.60814e-08 1.05132e-08 6.81037e-09 4.3739e-09 2.78636e-09 1.76144e-09 1.10545e-09 6.8899e-10 4.26613e-10 2.62508e-10 1.60569e-10 9.76592e-11 5.90749e-11 3.55494e-11 2.12861e-11 1.26848e-11 7.5245e-12 4.44379e-12 2.61328e-12 1.53053e-12 8.9287e-13 5.189e-13 3.00459e-13 1.7336e-13 9.96835e-14 5.71294e-14 3.26365e-14 1.85865e-14 1.05532e-14 5.97455e-15 3.37283e-15 1.89885e-15 1.06617e-15 5.97085e-16 3.33542e-16 1.85866e-16 1.03326e-16 5.73078e-17 3.17127e-17 1.75104e-17 9.64771e-18 5.30448e-18 2.91054e-18 1.59382e-18 8.71079e-19 4.75172e-19 2.58725e-19 1.40617e-19 7.62899e-20 4.13184e-20 2.234e-20 1.20588e-20 6.4986e-21 3.4966e-21 1.87844e-21 1.0076e-21 5.3967e-22 2.88626e-22 1.54142e-22 8.22048e-23 4.378e-23 2.32846e-23 1.23676e-23 6.56055e-24 3.47569e-24 1.83907e-24 9.71902e-25 5.13007e-25 2.70465e-25 1.42427e-25 7.49168e-26 3.93621e-26 2.06585e-26 1.08305e-26 5.67197e-27 2.96733e-27 1.55078e-27 8.09643e-28
8.60411e-08 2.57028e-07 4.78281e-07 7.0075e-07 8.81976e-07 9.96625e-07 1.03783e-06 1.01303e-06 9.37875e-07 8.30679e-07 7.08451e-07 5.8475e-07 4.6899e-07 3.66698e-07 2.80269e-07 2.09867e-07 1.54256e-07 1.11475e-07 7.93165e-08 5.56331e-08 3.85082e-08 2.6329e-08 1.77969e-08 1.19017e-08 7.87993e-09 5.16829e-09 3.35986e-09 2.16602e-09 1.38538e-09 8.79473e-10 5.54353e-10 3.47068e-10 2.15897e-10 1.3348e-10 8.20422e-11 5.01449e-11 3.04851e-11 1.84382e-11 1.1097e-11 6.64721e-12 3.96366e-12 2.35316e-12 1.39116e-12 8.19098e-13 4.8039e-13 2.80678e-13 1.63394e-13 9.47823e-14 5.47942e-14 3.15722e-14 1.81336e-14 1.03828e-14 5.92698e-15 3.37353e-15 1.91471e-15 1.08374e-15 6.11764e-16 3.44438e-16 1.93436e-16 1.08366e-16 6.05631e-17 3.37681e-17 1.87852e-17 1.0427e-17 5.77519e-18 3.19193e-18 1.76054e-18 9.69091e-19 5.3239e-19 2.91919e-19 1.59764e-19 8.72774e-20 4.75932e-20 2.59076e-20 1.40788e-20 7.63791e-21 4.13685e-21 2.23701e-21 1.20776e-21 6.51067e-22 3.5044e-22 1.88346e-22 1.01081e-22 5.4171e-23 2.89905e-23 1.54935e-23 8.26916e-24 4.40757e-24 2.34626e-24 1.24738e-24 6.62343e-25 3.51264e-25 1.86064e-25 9.8441e-26 5.20219e-26 2.746e-26 1.44786e-26 7.6256e-27 4.0119e-27 2.10845e-27 1.10693e-27
3.94684e-08 1.23156e-07 2.37495e-07 3.58945e-07 4.64557e-07 5.38523e-07 5.74229e-07 5.73076e-07 5.41778e-07 4.89474e-07 4.25426e-07 3.5756e-07 2.91805e-07 2.32011e-07 1.80216e-07 1.37072e-07 1.02288e-07 7.50148e-08 5.41428e-08 3.85082e-08 2.70185e-08 1.87193e-08 1.28177e-08 8.6808e-09 5.81887e-09 3.86293e-09 2.5412e-09 1.65741e-09 1.07223e-09 6.88337e-10 4.38672e-10 2.77626e-10 1.74544e-10 1.09046e-10 6.77169e-11 4.18101e-11 2.56727e-11 1.56807e-11 9.52917e-12 5.76276e-12 3.46875e-12 2.07854e-12 1.2401e-12 7.36786e-13 4.35986e-13 2.56988e-13 1.5091e-13 8.82961e-14 5.14798e-14 2.99125e-14 1.73234e-14 1.00006e-14 5.75532e-15 3.30222e-15 1.88917e-15 1.07771e-15 6.13108e-16 3.4786e-16 1.96851e-16 1.11114e-16 6.25639e-17 3.51425e-17 1.96934e-17 1.10107e-17 6.14244e-18 3.41916e-18 1.89922e-18 1.05276e-18 5.82378e-19 3.21529e-19 1.77172e-19 9.74425e-20 5.34932e-20 2.93133e-20 1.60347e-20 8.75601e-21 4.77326e-21 2.59778e-21 1.41151e-21 7.65731e-22 4.14753e-22 2.24305e-22 1.21126e-22 6.53125e-23 3.51666e-23 1.89082e-23 1.01524e-23 5.44368e-24 2.91499e-24 1.55888e-24 8.32583e-25 4.44113e-25 2.36602e-25 1.25897e-25 6.69096e-26 3.55181e-26 1.88325e-26 9.97402e-27 5.2765e-27 2.78832e-27 1.47187e-27
1.81048e-08 5.89028e-08 1.17566e-07 1.83108e-07 2.43477e-07 2.89323e-07 3.15684e-07 3.21914e-07 3.10586e-07 2.86073e-07 2.53261e-07 2.16646e-07 1.79825e-07 1.45328e-07 1.14676e-07 8.85614e-08 6.70708e-08 4.98978e-08 3.65198e-08 2.6329e-08 1.87193e-08 1.31378e-08 9.11003e-09 6.24631e-09 4.23781e-09 2.84675e-09 1.89452e-09 1.24974e-09 8.1755e-10 5.30612e-10 3.41806e-10 2.18617e-10 1.38879e-10 8.76551e-11 5.4983e-11 3.42854e-11 2.12584e-11 1.31097e-11 8.04254e-12 4.90931e-12 2.98234e-12 1.80337e-12 1.08561e-12 6.50723e-13 3.88434e-13 2.30941e-13 1.36774e-13 8.07011e-14 4.74444e-14 2.77951e-14 1.62285e-14 9.44402e-15 5.47835e-15 3.16809e-15 1.82658e-15 1.05006e-15 6.01938e-16 3.44105e-16 1.96184e-16 1.11558e-16 6.32751e-17 3.58003e-17 2.02065e-17 1.13782e-17 6.39226e-18 3.58314e-18 2.00411e-18 1.11854e-18 6.22985e-19 3.46272e-19 1.92084e-19 1.06346e-19 5.87653e-20 3.24125e-20 1.78449e-20 9.80709e-21 5.38032e-21 2.94668e-21 1.61113e-21 8.79463e-22 4.79297e-22 2.608e-22 1.4169e-22 7.68625e-23 4.16336e-23 2.25185e-23 1.21623e-23 6.55962e-24 3.53301e-24 1.90031e-24 1.02077e-24 5.47597e-25 2.93386e-25 1.56989e-25 8.39004e-26 4.47846e-26 2.38767e-26 1.27148e-26 6.76304e-27 3.59319e-27 1.90692e-27
8.30494e-09 2.81249e-08 5.80323e-08 9.30536e-08 1.2702e-07 1.54614e-07 1.72516e-07 1.79648e-07 1.76793e-07 1.65931e-07 1.49558e-07 1.30153e-07 1.09831e-07 9.01841e-08 7.22644e-08 5.66438e-08 4.35211e-08 3.28341e-08 2.43604e-08 1.77969e-08 1.28177e-08 9.11003e-09 6.39539e-09 4.43815e-09 3.04677e-09 2.07043e-09 1.39356e-09 9.2953e-10 6.14736e-10 4.03269e-10 2.62518e-10 1.69648e-10 1.08871e-10 6.94046e-11 4.39652e-11 2.76818e-11 1.73283e-11 1.0787e-11 6.67915e-12 4.11446e-12 2.5221e-12 1.53868e-12 9.34426e-13 5.64972e-13 3.40142e-13 2.03943e-13 1.21796e-13 7.24581e-14 4.29465e-14 2.53634e-14 1.4927e-14 8.75526e-15 5.1185e-15 2.98287e-15 1.73294e-15 1.00376e-15 5.7971e-16 3.33855e-16 1.91737e-16 1.09822e-16 6.27384e-17 3.57496e-17 2.03203e-17 1.15223e-17 6.51809e-18 3.67876e-18 2.0716e-18 1.16401e-18 6.52641e-19 3.65159e-19 2.03893e-19 1.13619e-19 6.31901e-20 3.50765e-20 1.94343e-20 1.07479e-20 5.93336e-21 3.26974e-21 1.79878e-21 9.87891e-22 5.41654e-22 2.96504e-22 1.6205e-22 8.84282e-23 4.81802e-23 2.62116e-23 1.4239e-23 7.72396e-24 4.18392e-24 2.26319e-24 1.22255e-24 6.59518e-25 3.55316e-25 1.91178e-25 1.02733e-25 5.51361e-26 2.95548e-26 1.58232e-26 8.4614e-27 4.51941e-27 2.41113e-27
3.80961e-09 1.34083e-08 2.85698e-08 4.71221e-08 6.59822e-08 8.22177e-08 9.37551e-08 9.96449e-08 9.99718e-08 9.55654e-08 8.76565e-08 7.75727e-08 6.65234e-08 5.54784e-08 4.51265e-08 3.58893e-08 2.79657e-08 2.13889e-08 1.60814e-08 1.19017e-08 8.6808e-09 6.24631e-09 4.43815e-09 3.1164e-09 2.1642e-09 1.48739e-09 1.01227e-09 6.82573e-10 4.56249e-10 3.02449e-10 1.98922e-10 1.29855e-10 8.41666e-11 5.41831e-11 3.4655e-11 2.20276e-11 1.39183e-11 8.74429e-12 5.46369e-12 3.39596e-12 2.10012e-12 1.29244e-12 7.9166e-13 4.8273e-13 2.93072e-13 1.7718e-13 1.06681e-13 6.39811e-14 3.82261e-14 2.27544e-14 1.34964e-14 7.97751e-15 4.69954e-15 2.75948e-15 1.61518e-15 9.42496e-16 5.48324e-16 3.18076e-16 1.8399e-16 1.06136e-16 6.10608e-17 3.5037e-17 2.00532e-17 1.14489e-17 6.52061e-18 3.70498e-18 2.1003e-18 1.18795e-18 6.70435e-19 3.77556e-19 2.12175e-19 1.1899e-19 6.65975e-20 3.72005e-20 2.07398e-20 1.15409e-20 6.41029e-21 3.55409e-21 1.96703e-21 1.08678e-21 5.99424e-22 3.30068e-22 1.81452e-22 9.95925e-23 5.45768e-23 2.98621e-23 1.63146e-23 8.89992e-24 4.84801e-24 2.63705e-24 1.4324e-24 7.76979e-25 4.20887e-25 2.27689e-25 1.23013e-25 6.63742e-26 3.57683e-26 1.92511e-26 1.03486e-26 5.55628e-27 2.9797e-27
1.74753e-09 6.38316e-09 1.40306e-08 2.37841e-08 3.41384e-08 4.35184e-08 5.06884e-08 5.49557e-08 5.61834e-08 5.46765e-08 5.10154e-08 4.58918e-08 3.99794e-08 3.38512e-08 2.79413e-08 2.25394e-08 1.78066e-08 1.38023e-08 1.05132e-08 7.87993e-09 5.81887e-09 4.23781e-09 3.04677e-09 2.1642e-09 1.52e-09 1.05626e-09 7.26691e-10 4.95245e-10 3.34507e-10 2.2403e-10 1.48837e-10 9.8127e-11 6.4224e-11 4.1743e-11 2.69514e-11 1.72909e-11 1.10258e-11 6.98984e-12 4.40646e-12 2.76297e-12 1.72351e-12 1.06976e-12 6.60806e-13 4.06305e-13 2.48709e-13 1.51585e-13 9.20047e-14 5.56178e-14 3.34906e-14 2.00905e-14 1.2008e-14 7.15164e-15 4.2447e-15 2.51094e-15 1.48052e-15 8.70212e-16 5.09921e-16 2.9791e-16 1.73543e-16 1.0081e-16 5.83988e-17 3.37396e-17 1.9442e-17 1.11747e-17 6.40697e-18 3.66451e-18 2.09098e-18 1.19037e-18 6.76132e-19 3.83198e-19 2.1671e-19 1.22298e-19 6.88752e-20 3.87107e-20 2.17141e-20 1.21566e-20 6.79303e-21 3.78886e-21 2.10943e-21 1.17233e-21 6.50396e-22 3.60216e-22 1.99169e-22 1.09942e-22 6.0591e-23 3.33399e-23 1.83167e-23 1.00477e-23 5.5035e-24 3.01004e-24 1.64391e-24 8.96537e-25 4.88263e-25 2.65549e-25 1.44229e-25 7.82321e-26 4.23792e-26 2.2928e-26 1.23889e-26 6.68592e-27 3.60381e-27
8.01617e-10 3.03474e-09 6.87468e-09 1.19679e-08 1.7597e-08 2.29352e-08 2.72718e-08 3.01476e-08 3.13924e-08 3.10889e-08 2.94953e-08 2.69609e-08 2.38515e-08 2.04973e-08 1.71631e-08 1.40385e-08 1.1241e-08 8.82793e-09 6.81037e-09 5.16829e-09 3.86293e-09 2.84675e-09 2.07043e-09 1.48739e-09 1.05626e-09 7.42e-10 5.15934e-10 3.55296e-10 2.42447e-10 1.64014e-10 1.10046e-10 7.32597e-11 4.84084e-11 3.17605e-11 2.06968e-11 1.33997e-11 8.62158e-12 5.51424e-12 3.50669e-12 2.21778e-12 1.39522e-12 8.73277e-13 5.43915e-13 3.37174e-13 2.08062e-13 1.27825e-13 7.81968e-14 4.76398e-14 2.8908e-14 1.74738e-14 1.05227e-14 6.31385e-15 3.77511e-15 2.24946e-15 1.33594e-15 7.90844e-16 4.66695e-16 2.74568e-16 1.61056e-16 9.41992e-17 5.49408e-17 3.19559e-17 1.85372e-17 1.07252e-17 6.1896e-18 3.5632e-18 2.04628e-18 1.17237e-18 6.70126e-19 3.8218e-19 2.17481e-19 1.23491e-19 6.99734e-20 3.9567e-20 2.23283e-20 1.25753e-20 7.06866e-21 3.96582e-21 2.22086e-21 1.24142e-21 6.92689e-22 3.85832e-22 2.14542e-22 1.19096e-22 6.60027e-23 3.65193e-23 2.01741e-23 1.11272e-23 6.12789e-24 3.36963e-24 1.85017e-24 1.0144e-24 5.55377e-25 3.03639e-25 1.65778e-25 9.03872e-26 4.92163e-26 2.67634e-26 1.45349e-26 7.88377e-27 4.27083e-27
3.67714e-10 1.44102e-09 3.36123e-09 6.00481e-09 9.03883e-09 1.20385e-08 1.46063e-08 1.64556e-08 1.74454e-08 1.75742e-08 1.69477e-08 1.57358e-08 1.41321e-08 1.23223e-08 1.04636e-08 8.67579e-09 7.03919e-09 5.59939e-09 4.3739e-09 3.35986e-09 2.5412e-09 1.89452e-09 1.39356e-09 1.01227e-09 7.26691e-10 5.15934e-10 3.62499e-10 2.52197e-10 1.73829e-10 1.18759e-10 8.04569e-11 5.40744e-11 3.60674e-11 2.38828e-11 1.57052e-11 1.02593e-11 6.65941e-12 4.29641e-12 2.75572e-12 1.75762e-12 1.11498e-12 7.03636e-13 4.41827e-13 2.76093e-13 1.71725e-13 1.0633e-13 6.55514e-14 4.02421e-14 2.46041e-14 1.49837e-14 9.09009e-15 5.49421e-15 3.30886e-15 1.98579e-15 1.18772e-15 7.08044e-16 4.2074e-16 2.49237e-16 1.47195e-16 8.66737e-17 5.08899e-17 2.9796e-17 1.73978e-17 1.01315e-17 5.88469e-18 3.40934e-18 1.97033e-18 1.13594e-18 6.53352e-19 3.74916e-19 2.14654e-19 1.22627e-19 6.99024e-20 3.97632e-20 2.25721e-20 1.27874e-20 7.22987e-21 4.07977e-21 2.29781e-21 1.29176e-21 7.24864e-22 4.06025e-22 2.27031e-22 1.26727e-22 7.06183e-23 3.92867e-23 2.18206e-23 1.21002e-23 6.6994e-24 3.70348e-24 2.04421e-24 1.12667e-24 6.20056e-25 3.40755e-25 1.86999e-25 1.02479e-25 5.60834e-26 3.06515e-26 1.673e-26 9.11959e-27 4.96477e-27
1.68676e-10 6.83465e-10 1.64012e-09 3.00477e-09 4.62763e-09 6.29484e-09 7.78947e-09 8.93982e-09 9.64529e-09 9.88015e-09 9.68123e-09 9.12764e-09 8.31909e-09 7.35755e-09 6.33425e-09 5.32235e-09 4.3745e-09 3.52371e-09 2.78636e-09 2.16602e-09 1.65741e-09 1.24974e-09 9.2953e-10 6.82573e-10 4.95245e-10 3.55296e-10 2.52197e-10 1.77226e-10 1.23363e-10 8.50997e-11 5.8204e-11 3.94857e-11 2.65801e-11 1.77606e-11 1.17838e-11 7.76562e-12 5.08452e-12 3.30844e-12 2.13996e-12 1.37625e-12 8.80223e-13 5.59993e-13 3.54446e-13 2.23241e-13 1.39936e-13 8.73148e-14 5.42394e-14 3.35485e-14 2.06644e-14 1.26772e-14 7.74681e-15 4.71605e-15 2.86046e-15 1.7288e-15 1.04123e-15 6.25005e-16 3.73937e-16 2.23012e-16 1.3259e-16 7.85929e-17 4.64491e-17 2.73732e-17 1.60865e-17 9.42783e-18 5.51071e-18 3.21275e-18 1.8683e-18 1.08378e-18 6.27169e-19 3.62079e-19 2.08554e-19 1.19854e-19 6.87272e-20 3.93247e-20 2.24534e-20 1.27939e-20 7.27511e-21 4.12871e-21 2.33854e-21 1.32204e-21 7.45994e-22 4.20174e-22 2.36234e-22 1.32583e-22 7.42821e-23 4.15473e-23 2.31995e-23 1.29331e-23 7.19828e-24 4.0001e-24 2.21942e-24 1.22955e-24 6.8015e-25 3.75685e-25 2.07212e-25 1.14127e-25 6.27708e-26 3.44769e-26 1.89109e-26 1.0359e-26 5.66704e-27
7.73744e-11 3.23813e-10 7.98794e-10 1.49976e-09 2.3619e-09 3.27974e-09 4.13734e-09 4.83516e-09 5.30704e-09 5.52585e-09 5.4999e-09 5.26376e-09 4.86724e-09 4.36506e-09 3.80892e-09 3.24249e-09 2.69902e-09 2.20103e-09 1.76144e-09 1.38538e-09 1.07223e-09 8.1755e-10 6.14736e-10 4.56249e-10 3.34507e-10 2.42447e-10 1.73829e-10 1.23363e-10 8.67043e-11 6.0382e-11 4.16856e-11 2.85405e-11 1.93866e-11 1.30696e-11 8.74772e-12 5.81474e-12 3.83968e-12 2.51946e-12 1.64316e-12 1.0654e-12 6.86911e-13 4.40493e-13 2.81003e-13 1.7836e-13 1.12661e-13 7.08294e-14 4.43285e-14 2.76215e-14 1.71382e-14 1.05901e-14 6.51779e-15 3.99597e-15 2.4407e-15 1.48534e-15 9.00739e-16 5.44351e-16 3.27874e-16 1.96844e-16 1.17805e-16 7.02852e-17 4.18082e-17 2.47963e-17 1.46647e-17 8.64876e-18 5.08691e-18 2.98403e-18 1.74594e-18 1.01896e-18 5.93219e-19 3.44528e-19 1.99622e-19 1.15396e-19 6.65574e-20 3.83038e-20 2.19962e-20 1.26048e-20 7.20817e-21 4.1137e-21 2.34302e-21 1.33191e-21 7.55688e-22 4.27955e-22 2.41911e-22 1.36499e-22 7.68844e-23 4.32307e-23 2.42665e-23 1.35987e-23 7.60802e-24 4.2496e-24 2.36993e-24 1.31962e-24 7.33662e-25 4.07279e-25 2.25759e-25 1.24959e-25 6.90672e-26 3.8121e-26 2.10115e-26 1.15654e-26 6.35741e-27
3.54929e-11 1.53262e-10 3.88354e-10 7.46791e-10 1.20198e-09 1.70303e-09 2.18916e-09 2.60416e-09 2.90675e-09 3.07543e-09 3.10822e-09 3.01882e-09 2.8312e-09 2.574e-09 2.27592e-09 1.96243e-09 1.65394e-09 1.36517e-09 1.10545e-09 8.79473e-10 6.88337e-10 5.30612e-10 4.03269e-10 3.02449e-10 2.2403e-10 1.64014e-10 1.18759e-10 8.50997e-11 6.0382e-11 4.24451e-11 2.95726e-11 2.04307e-11 1.40016e-11 9.52217e-12 6.42843e-12 4.30946e-12 2.86957e-12 1.89849e-12 1.24827e-12 8.1587e-13 5.30208e-13 3.42669e-13 2.2029e-13 1.40893e-13 8.9667e-14 5.67936e-14 3.58063e-14 2.24738e-14 1.40448e-14 8.74039e-15 5.41729e-15 3.34443e-15 2.05684e-15 1.26028e-15 7.69422e-16 4.68102e-16 2.83815e-16 1.7151e-16 1.0331e-16 6.2034e-17 3.71353e-17 2.2164e-17 1.319e-17 7.82726e-18 4.63204e-18 2.73376e-18 1.60917e-18 9.44771e-19 5.53294e-19 3.23234e-19 1.88379e-19 1.09528e-19 6.35362e-20 3.67737e-20 2.12371e-20 1.22382e-20 7.03752e-21 4.03853e-21 2.31284e-21 1.32192e-21 7.54079e-22 4.29338e-22 2.43987e-22 1.384e-22 7.8365e-23 4.42934e-23 2.4992e-23 1.40774e-23 7.91615e-24 4.44418e-24 2.49097e-24 1.39397e-24 7.78863e-25 4.34512e-25 2.4204e-25 1.34626e-25 7.47717e-26 4.14689e-26 2.29665e-26 1.27017e-26 7.01517e-27
1.62811e-11 7.24702e-11 1.88494e-10 3.7102e-10 6.10009e-10 8.81484e-10 1.15417e-09 1.397e-09 1.5852e-09 1.70372e-09 1.74793e-09 1.7223e-09 1.63783e-09 1.50913e-09 1.35177e-09 1.18032e-09 1.00698e-09 8.4109e-10 6.8899e-10 5.54353e-10 4.38672e-10 3.41806e-10 2.62518e-10 1.98922e-10 1.48837e-10 1.10046e-10 8.04569e-11 5.8204e-11 4.16856e-11 2.95726e-11 2.07907e-11 1.44915e-11 1.00184e-11 6.87212e-12 4.67881e-12 3.16282e-12 2.12344e-12 1.41628e-12 9.38688e-13 6.18386e-13 4.05009e-13 2.63773e-13 1.70862e-13 1.10101e-13 7.05912e-14 4.50396e-14 2.86018e-14 1.80807e-14 1.13795e-14 7.13138e-15 4.45069e-15 2.76655e-15 1.71299e-15 1.05665e-15 6.49396e-16 3.97683e-16 2.42692e-16 1.47607e-16 8.94803e-17 5.40702e-17 3.25712e-17 1.95609e-17 1.17126e-17 6.99302e-18 4.16341e-18 2.47194e-18 1.46372e-18 8.64445e-19 5.09216e-19 2.9921e-19 1.75382e-19 1.02554e-19 5.98277e-20 3.48219e-20 2.02222e-20 1.17178e-20 6.77531e-21 3.90926e-21 2.25093e-21 1.29344e-21 7.41771e-22 4.24567e-22 2.42545e-22 1.383e-22 7.87145e-23 4.472e-23 2.53617e-23 1.43582e-23 8.11481e-24 4.57855e-24 2.57905e-24 1.4504e-24 8.14378e-25 4.56544e-25 2.55547e-25 1.42824e-25 7.97051e-26 4.44155e-26 2.47148e-26 1.3733e-26 7.62021e-27
7.46841e-12 3.42371e-11 9.13451e-11 1.83938e-10 3.08776e-10 4.54871e-10 6.06421e-10 7.46599e-10 8.6096e-10 9.39671e-10 9.78353e-10 9.77737e-10 9.42535e-10 8.79968e-10 7.98311e-10 7.05708e-10 6.0933e-10 5.14915e-10 4.26613e-10 3.47068e-10 2.77626e-10 2.18617e-10 1.69648e-10 1.29855e-10 9.8127e-11 7.32597e-11 5.40744e-11 3.94857e-11 2.85405e-11 2.04307e-11 1.44915e-11 1.01894e-11 7.10501e-12 4.91504e-12 3.37434e-12 2.29981e-12 1.55657e-12 1.04651e-12 6.99087e-13 4.6413e-13 3.06317e-13 2.01012e-13 1.31184e-13 8.5159e-14 5.49988e-14 3.53448e-14 2.26056e-14 1.43911e-14 9.12058e-15 5.75524e-15 3.61638e-15 2.26314e-15 1.41066e-15 8.7592e-16 5.41851e-16 3.33976e-16 2.05124e-16 1.25551e-16 7.65899e-17 4.65699e-17 2.82266e-17 1.70556e-17 1.02746e-17 6.17136e-18 3.69615e-18 2.2075e-18 1.3148e-18 7.81014e-19 4.62724e-19 2.73448e-19 1.61191e-19 9.47868e-20 5.56052e-20 3.25437e-20 1.90031e-20 1.10715e-20 6.43628e-21 3.73361e-21 2.16126e-21 1.2485e-21 7.19763e-22 4.14121e-22 2.37804e-22 1.36295e-22 7.79699e-23 4.45219e-23 2.53768e-23 1.44387e-23 8.20091e-24 4.65e-24 2.63217e-24 1.4875e-24 8.39255e-25 4.72757e-25 2.65889e-25 1.49311e-25 8.37193e-26 4.68716e-26 2.62033e-26 1.46277e-26 8.15411e-27
3.42588e-12 1.6161e-11 4.42006e-11 9.10063e-11 1.55911e-10 2.34053e-10 3.17593e-10 3.97578e-10 4.65789e-10 5.16102e-10 5.45168e-10 5.52441e-10 5.39721e-10 5.10444e-10 4.68903e-10 4.19566e-10 3.66557e-10 3.13327e-10 2.62508e-10 2.15897e-10 1.74544e-10 1.38879e-10 1.08871e-10 8.41666e-11 6.4224e-11 4.84084e-11 3.60674e-11 2.65801e-11 1.93866e-11 1.40016e-11 1.00184e-11 7.10501e-12 4.99634e-12 3.48521e-12 2.41241e-12 1.65753e-12 1.13083e-12 7.6627e-13 5.15861e-13 3.45113e-13 2.29492e-13 1.51723e-13 9.97481e-14 6.52244e-14 4.24278e-14 2.74601e-14 1.76864e-14 1.13378e-14 7.23492e-15 4.59642e-15 2.90766e-15 1.83173e-15 1.14929e-15 7.18279e-16 4.47202e-16 2.77401e-16 1.71454e-16 1.05601e-16 6.48199e-17 3.96557e-17 2.41824e-17 1.47002e-17 8.90867e-18 5.3827e-18 3.24278e-18 1.94802e-18 1.16697e-18 6.97173e-19 4.154e-19 2.46867e-19 1.46337e-19 8.65296e-20 5.10408e-20 3.00356e-20 1.76336e-20 1.03289e-20 6.03669e-21 3.52038e-21 2.04856e-21 1.18958e-21 6.89351e-22 3.98667e-22 2.301e-22 1.3255e-22 7.62099e-23 4.3735e-23 2.50522e-23 1.43245e-23 8.176e-24 4.65849e-24 2.64975e-24 1.50465e-24 8.52992e-25 4.8278e-25 2.72809e-25 1.53916e-25 8.67041e-26 4.87678e-26 2.73891e-26 1.53597e-26 8.60116e-27
