0.343007 0.128628 0.0482354 0.0180883 0.0067831 0.00254366 0.000953874 0.000357703 0.000134139 5.03019e-05 1.88632e-05 7.07371e-06 2.65264e-06 9.94741e-07 3.73028e-07 1.39885e-07 5.2457e-08 1.96714e-08 7.37677e-09 2.76629e-09 1.03736e-09 3.89009e-10 1.45878e-10 5.47044e-11 2.05142e-11 7.69281e-12 2.8848e-12 1.0818e-12 4.05676e-13 1.52128e-13 5.70481e-14 2.1393e-14 8.02239e-15 3.0084e-15 1.12815e-15 4.23056e-16 1.58646e-16 5.94922e-17 2.23096e-17 8.36609e-18 3.13729e-18 1.17648e-18 4.41181e-19 1.65443e-19 6.2041e-20 2.32654e-20 8.72452e-21 3.2717e-21 1.22689e-21 4.60082e-22 1.72531e-22 6.46991e-23 2.42621e-23 9.09831e-24 3.41186e-24 1.27945e-24 4.79793e-25 1.79923e-25 6.7471e-26 2.53016e-26 9.4881e-27 3.55804e-27 1.33426e-27 5.00349e-28 1.87631e-28 7.03616e-29 2.63856e-29 9.8946e-30 3.71048e-30 1.39143e-30 5.21786e-31 1.9567e-31 7.33761e-32 2.7516e-32 1.03185e-32 3.86944e-33 1.45104e-33 5.4414e-34 2.04053e-34 7.65197e-35 2.86949e-35 1.07606e-35 4.03522e-36 1.51321e-36 5.67453e-37 2.12795e-37 7.97981e-38 2.99243e-38 1.12216e-38 4.2081e-39 1.57804e-39 5.91764e-40 2.21912e-40 8.32168e-41 3.12063e-41 1.17024e-41 4.38839e-42 1.64565e-42 6.17117e-43 2.31419e-43 8.67821e-44
0.128628 0.0645686 0.0303382 0.0136737 0.00598895 0.00256885 0.00108444 0.000452088 0.000186566 7.63496e-05 3.10264e-05 1.25331e-05 5.03675e-06 2.01509e-06 8.03027e-07 3.18898e-07 1.26248e-07 4.98408e-08 1.9627e-08 7.71139e-09 3.0235e-09 1.18321e-09 4.62227e-10 1.80281e-10 7.02104e-11 2.73057e-11 1.0606e-11 4.11461e-12 1.59449e-12 6.17251e-13 2.38713e-13 9.2234e-14 3.56064e-14 1.37344e-14 5.29366e-15 2.03884e-15 7.84711e-16 3.01821e-16 1.16016e-16 4.45682e-17 1.71115e-17 6.56619e-18 2.51834e-18 9.65386e-19 3.69898e-19 1.41666e-19 5.42326e-20 2.07527e-20 7.93804e-21 3.03519e-21 1.1601e-21 4.43254e-22 1.69301e-22 6.46432e-23 2.46744e-23 9.41538e-24 3.59169e-24 1.36973e-24 5.22217e-25 1.99044e-25 7.58463e-26 2.88942e-26 1.10047e-26 4.19031e-27 1.59519e-27 6.07132e-28 2.31025e-28 8.78908e-29 3.34302e-29 1.2713e-29 4.83364e-30 1.83746e-30 6.98365e-31 2.65381e-31 1.00828e-31 3.83019e-32 1.45474e-32 5.52439e-33 2.09756e-33 7.963e-34 3.02256e-34 1.14712e-34 4.35296e-35 1.65157e-35 6.26546e-36 2.37657e-36 9.01346e-37 3.41804e-37 1.29602e-37 4.91349e-38 1.8626e-38 7.05989e-39 2.67564e-39 1.01393e-39 3.84186e-40 1.45556e-40 5.51407e-41 2.08867e-41 7.91089e-42 2.99597e-42 1.13451e-42
0.0482354 0.0303382 0.0167483 0.00858657 0.00419407 0.00197908 0.000909899 0.000409884 0.000181621 7.93871e-05 3.4304e-05 1.46782e-05 6.22745e-06 2.6225e-06 1.09715e-06 4.56332e-07 1.88808e-07 7.77512e-08 3.18813e-08 1.30218e-08 5.29977e-09 2.14991e-09 8.69504e-10 3.50679e-10 1.41066e-10 5.66093e-11 2.26661e-11 9.05634e-12 3.61137e-12 1.43743e-12 5.71146e-13 2.26566e-13 8.97361e-14 3.54898e-14 1.40164e-14 5.52836e-15 2.17778e-15 8.56865e-16 3.36759e-16 1.32207e-16 5.18494e-17 2.03143e-17 7.95155e-18 3.10963e-18 1.21503e-18 4.74359e-19 1.85046e-19 7.21305e-20 2.80955e-20 1.09357e-20 4.25364e-21 1.65344e-21 6.42301e-22 2.49358e-22 9.67499e-23 3.75171e-23 1.45401e-23 5.63213e-24 2.18048e-24 8.43753e-25 3.26337e-25 1.26158e-25 4.87485e-26 1.88285e-26 7.26917e-27 2.80525e-27 1.08213e-27 4.17272e-28 1.60839e-28 6.19728e-29 2.387e-29 9.19073e-30 3.53751e-30 1.36113e-30 5.23553e-31 2.01318e-31 7.73871e-32 2.97388e-32 1.14248e-32 4.38783e-33 1.68472e-33 6.46676e-34 2.48158e-34 9.52041e-35 3.6515e-35 1.40016e-35 5.36757e-36 2.05718e-36 7.88254e-37 3.01967e-37 1.15652e-37 4.42848e-38 1.69535e-38 6.48894e-39 2.48312e-39 9.50021e-40 3.63398e-40 1.38978e-40 5.31408e-41 2.03155e-41 7.76512e-42
0.0180883 0.0136737 0.00858657 0.00488221 0.00260499 0.00132895 0.000655499 0.000314891 0.00014807 6.84043e-05 3.1132e-05 1.39883e-05 6.21573e-06 2.73514e-06 1.1932e-06 5.16531e-07 2.2206e-07 9.48686e-08 4.02998e-08 1.70304e-08 7.16269e-09 2.99931e-09 1.25085e-09 5.19702e-10 2.15172e-10 8.8798e-11 3.65339e-11 1.49882e-11 6.13255e-12 2.50286e-12 1.01906e-12 4.13989e-13 1.67825e-13 6.78968e-14 2.74166e-14 1.10508e-14 4.44652e-15 1.78622e-15 7.16422e-16 2.86915e-16 1.1474e-16 4.58232e-17 1.82761e-17 7.28011e-18 2.89646e-18 1.15105e-18 4.56917e-19 1.81182e-19 7.17706e-20 2.84018e-20 1.12287e-20 4.43517e-21 1.75027e-21 6.90122e-22 2.71885e-22 1.07027e-22 4.20984e-23 1.65466e-23 6.49883e-24 2.55067e-24 1.0004e-24 3.92108e-25 1.53588e-25 6.01221e-26 2.35205e-26 9.19609e-27 3.59342e-27 1.40336e-27 5.47767e-28 2.13693e-28 8.33223e-29 3.24723e-29 1.26489e-29 4.92474e-30 1.91651e-30 7.45493e-31 2.89856e-31 1.1265e-31 4.37623e-32 1.69937e-32 6.59631e-33 2.55943e-33 9.927e-34 3.84883e-34 1.4917e-34 5.77931e-35 2.2383e-35 8.66584e-36 3.35395e-36 1.29766e-36 5.01906e-37 1.94065e-37 7.50131e-38 2.89865e-38 1.11976e-38 4.3244e-39 1.66957e-39 6.44405e-40 2.48654e-40 9.5921e-41 3.69928e-41
0.0067831 0.00598895 0.00419407 0.00260499 0.00149966 0.000818446 0.000429127 0.000218041 0.000108004 5.23817e-05 2.49555e-05 1.17084e-05 5.42055e-06 2.48028e-06 1.12316e-06 5.0391e-07 2.24197e-07 9.89966e-08 4.34127e-08 1.8918e-08 8.1963e-09 3.53217e-09 1.51467e-09 6.46553e-10 2.74811e-10 1.16341e-10 4.90692e-11 2.06236e-11 8.63954e-12 3.60803e-12 1.50237e-12 6.23856e-13 2.58376e-13 1.06744e-13 4.39952e-14 1.80923e-14 7.42425e-15 3.04037e-15 1.24266e-15 5.0696e-16 2.06452e-16 8.39316e-17 3.4066e-17 1.3805e-17 5.58594e-18 2.25698e-18 9.10655e-19 3.66943e-19 1.47666e-19 5.93503e-20 2.38255e-20 9.55342e-21 3.82638e-21 1.5309e-21 6.11858e-22 2.44295e-22 9.74431e-23 3.88307e-23 1.54596e-23 6.14942e-24 2.44395e-24 9.70478e-25 3.85056e-25 1.52657e-25 6.04747e-26 2.3939e-26 9.46935e-27 3.74305e-27 1.47853e-27 5.83639e-28 2.30235e-28 9.07658e-29 3.57604e-29 1.40805e-29 5.54083e-30 2.17912e-30 8.56531e-31 3.36484e-31 1.32115e-31 5.18456e-32 2.03352e-32 7.97197e-33 3.12371e-33 1.22339e-33 4.78914e-34 1.87391e-34 7.32902e-35 2.86517e-35 1.11961e-35 4.37323e-36 1.70749e-36 6.66401e-37 2.59981e-37 1.01386e-37 3.95229e-38 1.54013e-38 5.99936e-39 2.33613e-39 9.0936e-40 3.53854e-40 1.37646e-40
0.00254366 0.00256885 0.00197908 0.00132895 0.000818446 0.000474355 0.000262684 0.00014036 7.28573e-05 3.69194e-05 1.83312e-05 8.94383e-06 4.29767e-06 2.03758e-06 9.54596e-07 4.42477e-07 2.03136e-07 9.24476e-08 4.17402e-08 1.87091e-08 8.33002e-09 3.68601e-09 1.62174e-09 7.09733e-10 3.0907e-10 1.3397e-10 5.7819e-11 2.48522e-11 1.06413e-11 4.53994e-12 1.9303e-12 8.18075e-13 3.45646e-13 1.45615e-13 6.1176e-14 2.56337e-14 1.0714e-14 4.46739e-15 1.85849e-15 7.71468e-16 3.19569e-16 1.32111e-16 5.45102e-17 2.24498e-17 9.22945e-18 3.78788e-18 1.55203e-18 6.34919e-19 2.59341e-19 1.05775e-19 4.30803e-20 1.75217e-20 7.11699e-21 2.88708e-21 1.16972e-21 4.73347e-22 1.91325e-22 7.72454e-23 3.11529e-23 1.25505e-23 5.05098e-24 2.03074e-24 8.15662e-25 3.27307e-25 1.3122e-25 5.256e-26 2.10345e-26 8.41086e-27 3.36039e-27 1.3415e-27 5.35117e-28 2.13293e-28 8.49529e-29 3.38116e-29 1.34476e-29 5.34467e-30 2.12278e-30 8.42559e-31 3.34207e-31 1.32482e-31 5.24845e-32 2.07799e-32 8.22238e-33 3.25164e-33 1.28517e-33 5.07669e-34 2.00431e-34 7.90895e-35 3.11923e-35 1.22957e-35 4.84447e-36 1.90777e-36 7.50926e-37 2.95437e-37 1.1618e-37 4.56672e-38 1.79425e-38 7.04651e-39 2.76617e-39 1.08543e-39 4.25744e-40
0.000953874 0.00108444 0.000909899 0.000655499 0.000429127 0.000262684 0.000152895 8.5539e-05 4.63441e-05 2.44476e-05 1.26083e-05 6.3771e-06 3.1712e-06 1.55358e-06 7.51055e-07 3.5879e-07 1.69569e-07 7.9363e-08 3.68154e-08 1.69396e-08 7.73601e-09 3.5085e-09 1.58101e-09 7.08197e-10 3.15465e-10 1.39792e-10 6.1644e-11 2.70585e-11 1.1826e-11 5.1475e-12 2.23193e-12 9.64219e-13 4.15113e-13 1.78125e-13 7.61947e-14 3.24959e-14 1.38196e-14 5.86113e-15 2.47936e-15 1.04621e-15 4.40414e-16 1.84975e-16 7.75195e-17 3.24187e-17 1.353e-17 5.63581e-18 2.34314e-18 9.72423e-19 4.02859e-19 1.66617e-19 6.87987e-20 2.83634e-20 1.16755e-20 4.79903e-21 1.96976e-21 8.07373e-22 3.30487e-22 1.35105e-22 5.51624e-23 2.24949e-23 9.16241e-24 3.72765e-24 1.51487e-24 6.14954e-25 2.49373e-25 1.01021e-25 4.08822e-26 1.65285e-26 6.67607e-27 2.69405e-27 1.08617e-27 4.37528e-28 1.76093e-28 7.08128e-29 2.84529e-29 1.14234e-29 4.58271e-30 1.83704e-30 7.35855e-31 2.94543e-31 1.17813e-31 4.7091e-32 1.88098e-32 7.50832e-33 2.99513e-33 1.19402e-33 4.75702e-34 1.89405e-34 7.53682e-35 2.99729e-35 1.19129e-35 4.73218e-36 1.87873e-36 7.45471e-37 2.95641e-37 1.17185e-37 4.64255e-38 1.83832e-38 7.27564e-39 2.87813e-39 1.138e-39
0.000357703 0.000452088 0.000409884 0.000314891 0.000218041 0.00014036 8.5539e-05 4.99339e-05 2.81485e-05 1.54132e-05 8.23425e-06 4.3066e-06 2.21106e-06 1.11679e-06 5.55949e-07 2.73174e-07 1.32658e-07 6.37368e-08 3.03258e-08 1.43004e-08 6.68815e-09 3.10424e-09 1.43065e-09 6.55023e-10 2.98066e-10 1.34856e-10 6.06859e-11 2.71708e-11 1.21071e-11 5.37059e-12 2.37219e-12 1.04357e-12 4.57326e-13 1.99686e-13 8.68882e-14 3.76824e-14 1.62909e-14 7.02168e-15 3.01776e-15 1.29339e-15 5.52872e-16 2.35731e-16 1.00265e-16 4.25464e-17 1.80135e-17 7.6101e-18 3.2083e-18 1.34984e-18 5.6682e-19 2.3757e-19 9.93917e-20 4.15094e-20 1.73063e-20 7.2036e-21 2.99367e-21 1.24219e-21 5.14662e-22 2.12925e-22 8.79669e-23 3.62927e-23 1.49535e-23 6.15325e-24 2.52885e-24 1.03803e-24 4.25581e-25 1.74282e-25 7.1291e-26 2.913e-26 1.189e-26 4.84809e-27 1.97478e-27 8.03595e-28 3.26689e-28 1.32685e-28 5.38408e-29 2.18277e-29 8.84146e-30 3.57821e-30 1.44692e-30 5.84608e-31 2.36013e-31 9.52066e-32 3.83764e-32 1.54573e-32 6.22133e-33 2.50219e-33 1.00566e-33 4.03904e-34 1.62111e-34 6.50217e-35 2.60628e-35 1.04401e-35 4.17944e-36 1.67211e-36 6.68572e-37 2.67162e-37 1.06696e-37 4.25869e-38 1.69887e-38 6.77336e-39 2.69907e-39
0.000134139 0.000186566 0.000181621 0.00014807 0.000108004 7.28573e-05 4.63441e-05 2.81485e-05 1.64672e-05 9.33712e-06 5.15572e-06 2.78252e-06 1.47205e-06 7.65171e-07 3.9155e-07 1.97564e-07 9.84263e-08 4.8473e-08 2.36215e-08 1.14002e-08 5.45309e-09 2.58695e-09 1.21789e-09 5.6928e-10 2.64332e-10 1.21973e-10 5.59546e-11 2.55278e-11 1.1586e-11 5.23268e-12 2.35232e-12 1.05283e-12 4.69248e-13 2.08316e-13 9.21292e-14 4.05981e-14 1.78286e-14 7.8037e-15 3.40498e-15 1.48121e-15 6.42488e-16 2.77911e-16 1.19891e-16 5.15888e-17 2.21437e-17 9.4823e-18 4.05118e-18 1.72699e-18 7.34633e-19 3.11858e-19 1.32123e-19 5.58679e-20 2.35797e-20 9.93411e-21 4.17793e-21 1.75411e-21 7.35257e-22 3.07701e-22 1.28572e-22 5.36427e-23 2.23481e-23 9.29721e-24 3.86247e-24 1.60249e-24 6.63982e-25 2.74767e-25 1.13562e-25 4.6879e-26 1.93291e-26 7.96058e-27 3.27485e-27 1.34575e-27 5.52424e-28 2.26532e-28 9.27989e-29 3.79774e-29 1.55269e-29 6.34211e-30 2.58809e-30 1.05519e-30 4.29827e-31 1.74937e-31 7.11375e-32 2.89038e-32 1.17343e-32 4.76004e-33 1.92942e-33 7.81462e-34 3.16274e-34 1.27908e-34 5.16917e-35 2.08754e-35 8.42456e-36 3.39753e-36 1.36927e-36 5.5148e-37 2.21968e-37 8.92846e-38 3.58916e-38 1.44193e-38 5.78941e-39
5.03019e-05 7.63496e-05 7.93871e-05 6.84043e-05 5.23817e-05 3.69194e-05 2.44476e-05 1.54132e-05 9.33712e-06 5.47127e-06 3.1167e-06 1.73269e-06 9.42982e-07 5.03646e-07 2.64532e-07 1.36869e-07 6.98609e-08 3.52208e-08 1.75575e-08 8.66218e-09 4.23293e-09 2.05028e-09 9.84956e-10 4.69566e-10 2.22265e-10 1.04505e-10 4.88278e-11 2.26792e-11 1.04752e-11 4.81286e-12 2.20027e-12 1.00113e-12 4.5347e-13 2.04526e-13 9.18709e-14 4.11072e-14 1.8325e-14 8.14007e-15 3.60359e-15 1.59012e-15 6.99463e-16 3.06759e-16 1.34146e-16 5.84998e-17 2.54432e-17 1.10375e-17 4.77634e-18 2.06196e-18 8.881e-19 3.81658e-19 1.63663e-19 7.00356e-20 2.99096e-20 1.27483e-20 5.4234e-21 2.30299e-21 9.76197e-22 4.13077e-22 1.745e-22 7.35954e-23 3.09896e-23 1.3029e-23 5.46961e-24 2.2928e-24 9.59749e-25 4.01188e-25 1.67476e-25 6.98211e-26 2.90712e-26 1.20892e-26 5.02112e-27 2.08299e-27 8.63116e-28 3.57238e-28 1.47695e-28 6.09961e-29 2.5164e-29 1.03707e-29 4.26967e-30 1.75611e-30 7.21586e-31 2.96219e-31 1.21488e-31 4.97807e-32 2.03799e-32 8.33609e-33 3.40685e-33 1.39117e-33 5.67608e-34 2.31403e-34 9.42641e-35 3.83696e-35 1.56062e-35 6.34287e-36 2.57606e-36 1.04547e-36 4.23999e-37 1.71837e-37 6.9594e-38 2.81668e-38 1.13925e-38
1.88632e-05 3.10264e-05 3.4304e-05 3.1132e-05 2.49555e-05 1.83312e-05 1.26083e-05 8.23425e-06 5.15572e-06 3.1167e-06 1.82866e-06 1.04563e-06 5.84577e-07 3.20379e-07 1.72499e-07 9.14097e-08 4.77466e-08 2.46152e-08 1.2539e-08 6.31746e-09 3.15075e-09 1.55669e-09 7.62427e-10 3.70389e-10 1.78572e-10 8.54816e-11 4.06463e-11 1.92057e-11 9.02101e-12 4.21343e-12 1.95751e-12 9.04847e-13 4.16257e-13 1.90618e-13 8.69107e-14 3.94621e-14 1.78469e-14 8.04075e-15 3.60954e-15 1.61471e-15 7.19923e-16 3.19951e-16 1.41755e-16 6.26192e-17 2.75825e-17 1.21161e-17 5.3081e-18 2.31954e-18 1.01109e-18 4.39679e-19 1.90756e-19 8.25751e-20 3.5668e-20 1.53743e-20 6.61345e-21 2.83925e-21 1.2166e-21 5.20334e-22 2.22144e-22 9.46724e-23 4.02784e-23 1.7108e-23 7.25481e-24 3.07164e-24 1.29852e-24 5.48129e-25 2.31038e-25 9.72458e-26 4.0875e-26 1.71577e-26 7.19269e-27 3.01138e-27 1.2592e-27 5.25889e-28 2.19368e-28 9.14e-29 3.80384e-29 1.5813e-29 6.56644e-30 2.72385e-30 1.12871e-30 4.67234e-31 1.9322e-31 7.98261e-32 3.29473e-32 1.35858e-32 5.59692e-33 2.30367e-33 9.47341e-34 3.89237e-34 1.59791e-34 6.55429e-35 2.68623e-35 1.10004e-35 4.50125e-36 1.84043e-36 7.51925e-37 3.06976e-37 1.25232e-37 5.10516e-38 2.07968e-38
7.07371e-06 1.25331e-05 1.46782e-05 1.39883e-05 1.17084e-05 8.94383e-06 6.3771e-06 4.3066e-06 2.78252e-06 1.73269e-06 1.04563e-06 6.14144e-07 3.52269e-07 1.97873e-07 1.09092e-07 5.91445e-08 3.15824e-08 1.66333e-08 8.65023e-09 4.44667e-09 2.26146e-09 1.13876e-09 5.68163e-10 2.81046e-10 1.37908e-10 6.71625e-11 3.24779e-11 1.5601e-11 7.44697e-12 3.53363e-12 1.6673e-12 7.82491e-13 3.65373e-13 1.69782e-13 7.85308e-14 3.6164e-14 1.65838e-14 7.57432e-15 3.4461e-15 1.56209e-15 7.05575e-16 3.17614e-16 1.42506e-16 6.37376e-17 2.8421e-17 1.2636e-17 5.60217e-18 2.47695e-18 1.09228e-18 4.80446e-19 2.10807e-19 9.22767e-20 4.02992e-20 1.75602e-20 7.63519e-21 3.31281e-21 1.43446e-21 6.19895e-22 2.6737e-22 1.15105e-22 4.94635e-23 2.12181e-23 9.08618e-24 3.88443e-24 1.65792e-24 7.06497e-25 3.00596e-25 1.27702e-25 5.4172e-26 2.2947e-26 9.70658e-27 4.10026e-27 1.72972e-27 7.28738e-28 3.06628e-28 1.28858e-28 5.40852e-29 2.2674e-29 9.49443e-30 3.97113e-30 1.6591e-30 6.92397e-31 2.88651e-31 1.20208e-31 5.00088e-32 2.07836e-32 8.62913e-33 3.57924e-33 1.48321e-33 6.14059e-34 2.53992e-34 1.04964e-34 4.33388e-35 1.78788e-35 7.36941e-36 3.03504e-36 1.24894e-36 5.13533e-37 2.10986e-37 8.66166e-38 3.55319e-38
2.65264e-06 5.03675e-06 6.22745e-06 6.21573e-06 5.42055e-06 4.29767e-06 3.1712e-06 2.21106e-06 1.47205e-06 9.42982e-07 5.84577e-07 3.52269e-07 2.07082e-07 1.19095e-07 6.71663e-08 3.72202e-08 2.03001e-08 1.09126e-08 5.78906e-09 3.03386e-09 1.57217e-09 8.0627e-10 4.09499e-10 2.06111e-10 1.02868e-10 5.09349e-11 2.50332e-11 1.22171e-11 5.92303e-12 2.85363e-12 1.36669e-12 6.50873e-13 3.08315e-13 1.45304e-13 6.81471e-14 3.18127e-14 1.47852e-14 6.8424e-15 3.15372e-15 1.44792e-15 6.62274e-16 3.01834e-16 1.37087e-16 6.20552e-17 2.80005e-17 1.25953e-17 5.64882e-18 2.52612e-18 1.12653e-18 5.01025e-19 2.22252e-19 9.83417e-20 4.34079e-20 1.91149e-20 8.39806e-21 3.68145e-21 1.61035e-21 7.02927e-22 3.06206e-22 1.33124e-22 5.77649e-23 2.50182e-23 1.08157e-23 4.66746e-24 2.01074e-24 8.64765e-25 3.71301e-25 1.59169e-25 6.81255e-26 2.91138e-26 1.24234e-26 5.29359e-27 2.25239e-27 9.57045e-28 4.061e-28 1.7209e-28 7.28311e-29 3.07841e-29 1.29956e-29 5.47947e-30 2.30762e-30 9.70699e-31 4.07858e-31 1.71178e-31 7.17649e-32 3.00545e-32 1.25733e-32 5.25464e-33 2.1938e-33 9.14998e-34 3.81259e-34 1.5871e-34 6.60061e-35 2.7426e-35 1.13854e-35 4.72227e-36 1.95692e-36 8.1026e-37 3.35205e-37 1.3856e-37 5.72284e-38
9.94741e-07 2.01509e-06 2.6225e-06 2.73514e-06 2.48028e-06 2.03758e-06 1.55358e-06 1.11679e-06 7.65171e-07 5.03646e-07 3.20379e-07 1.97873e-07 1.19095e-07 7.00608e-08 4.03835e-08 2.28544e-08 1.27212e-08 6.97464e-09 3.77143e-09 2.01356e-09 1.06248e-09 5.54557e-10 2.86532e-10 1.46655e-10 7.44011e-11 3.74336e-11 1.86877e-11 9.26105e-12 4.55775e-12 2.22838e-12 1.08274e-12 5.22994e-13 2.51205e-13 1.20015e-13 5.70466e-14 2.69841e-14 1.27047e-14 5.95502e-15 2.77938e-15 1.29192e-15 5.98155e-16 2.759e-16 1.26797e-16 5.80696e-17 2.65047e-17 1.20583e-17 5.4687e-18 2.47268e-18 1.11475e-18 5.01142e-19 2.24674e-19 1.0046e-19 4.48039e-20 1.99323e-20 8.84606e-21 3.91673e-21 1.73026e-21 7.62669e-22 3.35451e-22 1.47236e-22 6.44939e-23 2.81945e-23 1.23019e-23 5.35759e-24 2.32902e-24 1.01065e-24 4.37804e-25 1.89331e-25 8.17423e-26 3.52349e-26 1.51641e-26 6.51615e-27 2.79586e-27 1.19785e-27 5.12469e-28 2.1894e-28 9.34084e-29 3.97984e-29 1.69346e-29 7.19659e-30 3.05445e-30 1.2948e-30 5.48216e-31 2.31839e-31 9.79307e-32 4.13198e-32 1.74146e-32 7.33157e-33 3.08329e-33 1.29532e-33 5.43616e-34 2.27912e-34 9.54582e-35 3.99425e-35 1.66972e-35 6.97336e-36 2.90965e-36 1.21296e-36 5.05201e-37 2.10234e-37 8.74113e-38
3.73028e-07 8.03027e-07 1.09715e-06 1.1932e-06 1.12316e-06 9.54596e-07 7.51055e-07 5.55949e-07 3.9155e-07 2.64532e-07 1.72499e-07 1.09092e-07 6.71663e-08 4.03835e-08 2.37715e-08 1.37288e-08 7.79311e-09 4.35474e-09 2.39862e-09 1.3038e-09 7.00078e-10 3.7167e-10 1.95248e-10 1.01564e-10 5.23469e-11 2.67478e-11 1.35567e-11 6.81858e-12 3.40478e-12 1.68853e-12 8.31973e-13 4.0741e-13 1.98338e-13 9.60187e-14 4.62372e-14 2.21522e-14 1.05616e-14 5.01211e-15 2.36795e-15 1.11395e-15 5.21881e-16 2.43535e-16 1.13214e-16 5.24383e-17 2.42027e-17 1.11327e-17 5.10403e-18 2.33264e-18 1.06279e-18 4.82796e-19 2.18691e-19 9.87853e-20 4.45025e-20 1.9996e-20 8.9619e-21 4.00674e-21 1.78709e-21 7.95233e-22 3.53073e-22 1.56417e-22 6.91474e-23 3.05048e-23 1.34302e-23 5.90126e-24 2.58806e-24 1.1329e-24 4.95017e-25 2.15911e-25 9.4011e-26 4.08646e-26 1.77336e-26 7.6833e-27 3.32364e-27 1.43552e-27 6.19088e-28 2.66597e-28 1.14639e-28 4.92264e-29 2.11088e-29 9.03949e-30 3.86589e-30 1.65117e-30 7.04346e-31 3.00081e-31 1.27692e-31 5.4271e-32 2.30391e-32 9.76931e-33 4.13784e-33 1.75066e-33 7.39881e-34 3.12362e-34 1.31735e-34 5.55008e-35 2.33593e-35 9.82179e-36 4.12572e-36 1.73138e-36 7.25906e-37 3.04065e-37 1.2725e-37
1.39885e-07 3.18898e-07 4.56332e-07 5.16531e-07 5.0391e-07 4.42477e-07 3.5879e-07 2.73174e-07 1.97564e-07 1.36869e-07 9.14097e-08 5.91445e-08 3.72202e-08 2.28544e-08 1.37288e-08 8.08565e-09 4.67766e-09 2.66233e-09 1.49284e-09 8.25648e-10 4.50885e-10 2.43346e-10 1.29905e-10 6.86412e-11 3.59244e-11 1.86334e-11 9.58357e-12 4.88993e-12 2.47634e-12 1.24516e-12 6.21878e-13 3.08603e-13 1.52211e-13 7.46392e-14 3.63982e-14 1.7656e-14 8.5213e-15 4.09272e-15 1.95659e-15 9.31215e-16 4.41306e-16 2.08277e-16 9.79084e-17 4.58503e-17 2.13927e-17 9.94602e-18 4.60835e-18 2.12816e-18 9.79654e-19 4.49571e-19 2.05695e-19 9.38402e-20 4.26908e-20 1.93685e-20 8.76412e-21 3.95555e-21 1.78083e-21 7.99813e-22 3.5837e-22 1.60206e-22 7.14598e-23 3.18055e-23 1.41262e-23 6.2612e-24 2.76961e-24 1.22273e-24 5.38789e-25 2.36972e-25 1.04037e-25 4.55945e-26 1.99474e-26 8.71214e-27 3.79881e-27 1.65375e-27 7.18802e-28 3.11945e-28 1.35173e-28 5.84877e-29 2.52703e-29 1.09029e-29 4.69755e-30 2.02122e-30 8.68515e-31 3.72714e-31 1.59743e-31 6.83788e-32 2.92341e-32 1.24835e-32 5.32438e-33 2.26829e-33 9.6524e-34 4.10287e-34 1.74206e-34 7.38878e-35 3.13057e-35 1.32502e-35 5.60248e-36 2.36648e-36 9.98612e-37 4.20989e-37 1.7731e-37
5.2457e-08 1.26248e-07 1.88808e-07 2.2206e-07 2.24197e-07 2.03136e-07 1.69569e-07 1.32658e-07 9.84263e-08 6.98609e-08 4.77466e-08 3.15824e-08 2.03001e-08 1.27212e-08 7.79311e-09 4.67766e-09 2.75622e-09 1.5969e-09 9.11035e-10 5.12412e-10 2.84445e-10 1.55986e-10 8.4576e-11 4.53744e-11 2.41029e-11 1.26849e-11 6.61763e-12 3.42399e-12 1.75783e-12 8.95801e-13 4.53321e-13 2.27882e-13 1.13833e-13 5.65202e-14 2.79024e-14 1.36991e-14 6.69052e-15 3.25117e-15 1.57226e-15 7.56825e-16 3.62689e-16 1.73068e-16 8.22447e-17 3.89294e-17 1.83564e-17 8.62373e-18 4.03698e-18 1.88332e-18 8.7568e-19 4.05854e-19 1.87517e-19 8.6378e-20 3.9673e-20 1.817e-20 8.29888e-21 3.78028e-21 1.71752e-21 7.78371e-22 3.51889e-22 1.58705e-22 7.14114e-23 3.20601e-23 1.43617e-23 6.41975e-24 2.86368e-24 1.27481e-24 5.66376e-25 2.51144e-25 1.11153e-25 4.91041e-26 2.16537e-26 9.53193e-27 4.18874e-27 1.83762e-27 8.04846e-28 3.51943e-28 1.53655e-28 6.69816e-29 2.91547e-29 1.26713e-29 5.49926e-30 2.38327e-30 1.03143e-30 4.45777e-31 1.92405e-31 8.29365e-32 3.57043e-32 1.53514e-32 6.59237e-33 2.82754e-33 1.21133e-33 5.1833e-34 2.21542e-34 9.45836e-35 4.03364e-35 1.71833e-35 7.31231e-36 3.10847e-36 1.32006e-36 5.60014e-37 2.37341e-37
1.96714e-08 4.98408e-08 7.77512e-08 9.48686e-08 9.89966e-08 9.24476e-08 7.9363e-08 6.37368e-08 4.8473e-08 3.52208e-08 2.46152e-08 1.66333e-08 1.09126e-08 6.97464e-09 4.35474e-09 2.66233e-09 1.5969e-09 9.41328e-10 5.46113e-10 3.12214e-10 1.76089e-10 9.80726e-11 5.39854e-11 2.93937e-11 1.58411e-11 8.4555e-12 4.47264e-12 2.34575e-12 1.22038e-12 6.30079e-13 3.22959e-13 1.64403e-13 8.31438e-14 4.17867e-14 2.08766e-14 1.03708e-14 5.12387e-15 2.51837e-15 1.2316e-15 5.9943e-16 2.90404e-16 1.40069e-16 6.72712e-17 3.21759e-17 1.53289e-17 7.27495e-18 3.4399e-18 1.62074e-18 7.60995e-19 3.56124e-19 1.66118e-19 7.72455e-20 3.58107e-20 1.65529e-20 7.62946e-21 3.5068e-21 1.60753e-21 7.3497e-22 3.35178e-22 1.52478e-22 6.91978e-23 3.13299e-23 1.41525e-23 6.37886e-24 2.86887e-24 1.28754e-24 5.76651e-25 2.57746e-25 1.14979e-25 5.11931e-26 2.27505e-26 1.0092e-26 4.46872e-27 1.97529e-27 8.71641e-28 3.83987e-28 1.68883e-28 7.41581e-29 3.25125e-29 1.42323e-29 6.22082e-30 2.71506e-30 1.18327e-30 5.14963e-31 2.23802e-31 9.71321e-32 4.20999e-32 1.82235e-32 7.87816e-33 3.4015e-33 1.46683e-33 6.31772e-34 2.71784e-34 1.16783e-34 5.01228e-35 2.14882e-35 9.20202e-36 3.93634e-36 1.68204e-36 7.17994e-37 3.06166e-37
7.37677e-09 1.9627e-08 3.18813e-08 4.02998e-08 4.34127e-08 4.17402e-08 3.68154e-08 3.03258e-08 2.36215e-08 1.75575e-08 1.2539e-08 8.65023e-09 5.78906e-09 3.77143e-09 2.39862e-09 1.49284e-09 9.11035e-10 5.46113e-10 3.22034e-10 1.8705e-10 1.07139e-10 6.05769e-11 3.38394e-11 1.86914e-11 1.02158e-11 5.52842e-12 2.96397e-12 1.57516e-12 8.30157e-13 4.34084e-13 2.25289e-13 1.16097e-13 5.94246e-14 3.02213e-14 1.52753e-14 7.67558e-15 3.83524e-15 1.90605e-15 9.42392e-16 4.63635e-16 2.27013e-16 1.10646e-16 5.36916e-17 2.59436e-17 1.24846e-17 5.98413e-18 2.85739e-18 1.35936e-18 6.44393e-19 3.04416e-19 1.43328e-19 6.72649e-20 3.1469e-20 1.46775e-20 6.82559e-21 3.16505e-21 1.46356e-21 6.74936e-22 3.10435e-22 1.42418e-22 6.51745e-23 2.97533e-23 1.35508e-23 6.15732e-24 2.79154e-24 1.26283e-24 5.70054e-25 2.56792e-25 1.15442e-25 5.17943e-26 2.3193e-26 1.03659e-26 4.62435e-27 2.05924e-27 9.15365e-28 4.06188e-28 1.79938e-28 7.95787e-29 3.5137e-29 1.54896e-29 6.81769e-30 2.9962e-30 1.31478e-30 5.76102e-31 2.52069e-31 1.10135e-31 4.80541e-32 2.09385e-32 9.11133e-33 3.95959e-33 1.71854e-33 7.44942e-34 3.22513e-34 1.39458e-34 6.02311e-35 2.5983e-35 1.11958e-35 4.8187e-36 2.07167e-36 8.89682e-37 3.81664e-37
2.76629e-09 7.71139e-09 1.30218e-08 1.70304e-08 1.8918e-08 1.87091e-08 1.69396e-08 1.43004e-08 1.14002e-08 8.66218e-09 6.31746e-09 4.44667e-09 3.03386e-09 2.01356e-09 1.3038e-09 8.25648e-10 5.12412e-10 3.12214e-10 1.8705e-10 1.10336e-10 6.41562e-11 3.68102e-11 2.08595e-11 1.16843e-11 6.47411e-12 3.5508e-12 1.92886e-12 1.03833e-12 5.54183e-13 2.93389e-13 1.54131e-13 8.03822e-14 4.16297e-14 2.14172e-14 1.09489e-14 5.56346e-15 2.81063e-15 1.41205e-15 7.05639e-16 3.50828e-16 1.73569e-16 8.54669e-17 4.18935e-17 2.04452e-17 9.93573e-18 4.80879e-18 2.31825e-18 1.11335e-18 5.32722e-19 2.53993e-19 1.20683e-19 5.71498e-20 2.69759e-20 1.26932e-20 5.95443e-21 2.78497e-21 1.29883e-21 6.0404e-22 2.80154e-22 1.29592e-22 5.97915e-23 2.75176e-23 1.26334e-23 5.78619e-24 2.64397e-24 1.20542e-24 5.48349e-25 2.48909e-25 1.12748e-25 5.09664e-26 2.29925e-26 1.03523e-26 4.65214e-27 2.08667e-27 9.34239e-28 4.17524e-28 1.8627e-28 8.29577e-29 3.68841e-29 1.63721e-29 7.25554e-30 3.21031e-30 1.41824e-30 6.25594e-31 2.75542e-31 1.21185e-31 5.32212e-32 2.33405e-32 1.0222e-32 4.47068e-33 1.95269e-33 8.51774e-34 3.71072e-34 1.61453e-34 7.01609e-35 3.0452e-35 1.32013e-35 5.71622e-36 2.47228e-36 1.06806e-36 4.60898e-37
1.03736e-09 3.0235e-09 5.29977e-09 7.16269e-09 8.1963e-09 8.33002e-09 7.73601e-09 6.68815e-09 5.45309e-09 4.23293e-09 3.15075e-09 2.26146e-09 1.57217e-09 1.06248e-09 7.00078e-10 4.50885e-10 2.84445e-10 1.76089e-10 1.07139e-10 6.41562e-11 3.78551e-11 2.20325e-11 1.26609e-11 7.18935e-12 4.03707e-12 2.24331e-12 1.23431e-12 6.72845e-13 3.63563e-13 1.94814e-13 1.03567e-13 5.46457e-14 2.86271e-14 1.48948e-14 7.69941e-15 3.95525e-15 2.01976e-15 1.02552e-15 5.17854e-16 2.60126e-16 1.30006e-16 6.46592e-17 3.20082e-17 1.57736e-17 7.73946e-18 3.7815e-18 1.84015e-18 8.91948e-19 4.30702e-19 2.07214e-19 9.93379e-20 4.74585e-20 2.25976e-20 1.07251e-20 5.07426e-21 2.39341e-21 1.12556e-21 5.27801e-22 2.46803e-22 1.15092e-22 5.35282e-23 2.48311e-23 1.14899e-23 5.30352e-24 2.44215e-24 1.12193e-24 5.14242e-25 2.35181e-25 1.07323e-25 4.88722e-26 2.2209e-26 1.0072e-26 4.55872e-27 2.05934e-27 9.28516e-28 4.17874e-28 1.87721e-28 8.41801e-29 3.76834e-29 1.68403e-29 7.51323e-30 3.34651e-30 1.4882e-30 6.60766e-31 2.92931e-31 1.29666e-31 5.73116e-32 2.52946e-32 1.11479e-32 4.90624e-33 2.15629e-33 9.4641e-34 4.14835e-34 1.81595e-34 7.93923e-35 3.46662e-35 1.5118e-35 6.58503e-36 2.86484e-36 1.2449e-36 5.40336e-37
3.89009e-10 1.18321e-09 2.14991e-09 2.99931e-09 3.53217e-09 3.68601e-09 3.5085e-09 3.10424e-09 2.58695e-09 2.05028e-09 1.55669e-09 1.13876e-09 8.0627e-10 5.54557e-10 3.7167e-10 2.43346e-10 1.55986e-10 9.80726e-11 6.05769e-11 3.68102e-11 2.20325e-11 1.30036e-11 7.57499e-12 4.35907e-12 2.47989e-12 1.39573e-12 7.7762e-13 4.29124e-13 2.34678e-13 1.27246e-13 6.84357e-14 3.6523e-14 1.93489e-14 1.01788e-14 5.31902e-15 2.76175e-15 1.4252e-15 7.31167e-16 3.73002e-16 1.89259e-16 9.55308e-17 4.79797e-17 2.39817e-17 1.19313e-17 5.90946e-18 2.91428e-18 1.43121e-18 7.00035e-19 3.41069e-19 1.65548e-19 8.00597e-20 3.85802e-20 1.85277e-20 8.86804e-21 4.23085e-21 2.01215e-21 9.5404e-22 4.51005e-22 2.12589e-22 9.99257e-23 4.68408e-23 2.18985e-23 1.02111e-23 4.74936e-24 2.20355e-24 1.01992e-24 4.70962e-25 2.16976e-25 9.97384e-26 4.57472e-26 2.09381e-26 9.56319e-27 4.35895e-27 1.98286e-27 9.00234e-28 4.07932e-28 1.84505e-28 8.32973e-29 3.75384e-29 1.68872e-29 7.58389e-30 3.40011e-30 1.52187e-30 6.80074e-31 3.03421e-31 1.35163e-31 6.0118e-32 2.66993e-32 1.18401e-32 5.24305e-33 2.31844e-33 1.02377e-33 4.51453e-34 1.9881e-34 8.74363e-35 3.84044e-35 1.68467e-35 7.38081e-36 3.22966e-36 1.41151e-36 6.16158e-37
1.45878e-10 4.62227e-10 8.69504e-10 1.25085e-09 1.51467e-09 1.62174e-09 1.58101e-09 1.43065e-09 1.21789e-09 9.84956e-10 7.62427e-10 5.68163e-10 4.09499e-10 2.86532e-10 1.95248e-10 1.29905e-10 8.4576e-11 5.39854e-11 3.38394e-11 2.08595e-11 1.26609e-11 7.57499e-12 4.47181e-12 2.60705e-12 1.50218e-12 8.56066e-13 4.8282e-13 2.69655e-13 1.49213e-13 8.18453e-14 4.45206e-14 2.40263e-14 1.28688e-14 6.84327e-15 3.61415e-15 1.89626e-15 9.88683e-16 5.1239e-16 2.64018e-16 1.35287e-16 6.89542e-17 3.49652e-17 1.76426e-17 8.85973e-18 4.42875e-18 2.20402e-18 1.09216e-18 5.3896e-19 2.64902e-19 1.29697e-19 6.32616e-20 3.07445e-20 1.48888e-20 7.18562e-21 3.45638e-21 1.6572e-21 7.92071e-22 3.77421e-22 1.79307e-22 8.49399e-23 4.0124e-23 1.89019e-23 8.88067e-24 4.16155e-24 1.94519e-24 9.06968e-25 4.21864e-25 1.95762e-25 9.06323e-26 4.18659e-26 1.92967e-26 8.87506e-27 4.07331e-27 1.86565e-27 8.52785e-28 3.89041e-28 1.77139e-28 8.05033e-29 3.65184e-29 1.65357e-29 7.47423e-30 3.37252e-30 1.51916e-30 6.83168e-31 3.06719e-31 1.37485e-31 6.15301e-32 2.74946e-32 1.22673e-32 5.46517e-33 2.43121e-33 1.07998e-33 4.79071e-34 2.12217e-34 9.38793e-35 4.14742e-35 1.82984e-35 8.06285e-36 3.54822e-36 1.55952e-36 6.84598e-37
5.47044e-11 1.80281e-10 3.50679e-10 5.19702e-10 6.46553e-10 7.09733e-10 7.08197e-10 6.55023e-10 5.6928e-10 4.69566e-10 3.70389e-10 2.81046e-10 2.06111e-10 1.46655e-10 1.01564e-10 6.86412e-11 4.53744e-11 2.93937e-11 1.86914e-11 1.16843e-11 7.18935e-12 4.35907e-12 2.60705e-12 1.53938e-12 8.98109e-13 5.18102e-13 2.95725e-13 1.67112e-13 9.3542e-14 5.18923e-14 2.85426e-14 1.55726e-14 8.43091e-15 4.53093e-15 2.41793e-15 1.28168e-15 6.7502e-16 3.53324e-16 1.83847e-16 9.51197e-17 4.89451e-17 2.50531e-17 1.27589e-17 6.46609e-18 3.26154e-18 1.63768e-18 8.187e-19 4.07544e-19 2.0204e-19 9.97635e-20 4.90717e-20 2.40473e-20 1.17416e-20 5.71293e-21 2.77018e-21 1.3388e-21 6.44944e-22 3.09719e-22 1.48282e-22 7.07812e-23 3.36894e-23 1.59899e-23 7.56846e-24 3.57279e-24 1.68219e-24 7.90016e-25 3.701e-25 1.72962e-25 8.06406e-26 3.75105e-26 1.74088e-26 8.06173e-27 3.72519e-27 1.71772e-27 7.9042e-28 3.62983e-28 1.66362e-28 7.60993e-29 3.47442e-29 1.58335e-29 7.20246e-30 3.27046e-30 1.48244e-30 6.7081e-31 3.03034e-31 1.36668e-31 6.1537e-32 2.76641e-32 1.24171e-32 5.56489e-33 2.49024e-33 1.11271e-33 4.96473e-34 2.21202e-34 9.84176e-35 4.3728e-35 1.94025e-35 8.59762e-36 3.80479e-36 1.6816e-36 7.42279e-37
2.05142e-11 7.02104e-11 1.41066e-10 2.15172e-10 2.74811e-10 3.0907e-10 3.15465e-10 2.98066e-10 2.64332e-10 2.22265e-10 1.78572e-10 1.37908e-10 1.02868e-10 7.44011e-11 5.23469e-11 3.59244e-11 2.41029e-11 1.58411e-11 1.02158e-11 6.47411e-12 4.03707e-12 2.47989e-12 1.50218e-12 8.98109e-13 5.30409e-13 3.09661e-13 1.78833e-13 1.02225e-13 5.78698e-14 3.24607e-14 1.80499e-14 9.95377e-15 5.44589e-15 2.95717e-15 1.59425e-15 8.53589e-16 4.54023e-16 2.39973e-16 1.26071e-16 6.58474e-17 3.42003e-17 1.76678e-17 9.07988e-18 4.64307e-18 2.36284e-18 1.19685e-18 6.03514e-19 3.03001e-19 1.51486e-19 7.54274e-20 3.74084e-20 1.84819e-20 9.09722e-21 4.46175e-21 2.18063e-21 1.06214e-21 5.15638e-22 2.49524e-22 1.20371e-22 5.78909e-23 2.77594e-23 1.32726e-23 6.32824e-24 3.00896e-24 1.42688e-24 6.74882e-25 3.18391e-25 1.49835e-25 7.03418e-26 3.29444e-26 1.53937e-26 7.17665e-27 3.33839e-27 1.54957e-27 7.17737e-28 3.31755e-28 1.53034e-28 7.0452e-29 3.23708e-29 1.48452e-29 6.79522e-30 3.10475e-30 1.41602e-30 6.44683e-31 2.93004e-31 1.32942e-31 6.02187e-32 2.72327e-32 1.22957e-32 5.54284e-33 2.49483e-33 1.12122e-33 5.03144e-34 2.25454e-34 1.00878e-34 4.50738e-35 2.01116e-35 8.96139e-36 3.98767e-36 1.77211e-36 7.86493e-37
7.69281e-12 2.73057e-11 5.66093e-11 8.8798e-11 1.16341e-10 1.3397e-10 1.39792e-10 1.34856e-10 1.21973e-10 1.04505e-10 8.54816e-11 6.71625e-11 5.09349e-11 3.74336e-11 2.67478e-11 1.86334e-11 1.26849e-11 8.4555e-12 5.52842e-12 3.5508e-12 2.24331e-12 1.39573e-12 8.56066e-13 5.18102e-13 3.09661e-13 1.82914e-13 1.06854e-13 6.17718e-14 3.5358e-14 2.00497e-14 1.12683e-14 6.27949e-15 3.47124e-15 1.90415e-15 1.03686e-15 5.60642e-16 3.01109e-16 1.60679e-16 8.52118e-17 4.49217e-17 2.35465e-17 1.22745e-17 6.36465e-18 3.2834e-18 1.6855e-18 8.61119e-19 4.37922e-19 2.21715e-19 1.11769e-19 5.61094e-20 2.80539e-20 1.39716e-20 6.93188e-21 3.4265e-21 1.6877e-21 8.28375e-22 4.05218e-22 1.9757e-22 9.60205e-23 4.65214e-23 2.2471e-23 1.0822e-23 5.1969e-24 2.48863e-24 1.18846e-24 5.66043e-25 2.68894e-25 1.27411e-25 6.02215e-26 2.83949e-26 1.33567e-26 6.26827e-27 2.93502e-27 1.37123e-27 6.39239e-28 2.97368e-28 1.38045e-28 6.39532e-29 2.95689e-29 1.36446e-29 6.28421e-30 2.88886e-30 1.32556e-30 6.07143e-31 2.77595e-31 1.267e-31 5.77299e-32 2.62602e-32 1.19256e-32 5.40708e-33 2.44769e-33 1.1063e-33 4.99261e-34 2.24972e-34 1.01225e-34 4.54797e-35 2.04045e-35 9.1417e-36 4.09004e-36 1.82742e-36 8.154e-37
2.8848e-12 1.0606e-11 2.26661e-11 3.65339e-11 4.90692e-11 5.7819e-11 6.1644e-11 6.06859e-11 5.59546e-11 4.88278e-11 4.06463e-11 3.24779e-11 2.50332e-11 1.86877e-11 1.35567e-11 9.58357e-12 6.61763e-12 4.47264e-12 2.96397e-12 1.92886e-12 1.23431e-12 7.7762e-13 4.8282e-13 2.95725e-13 1.78833e-13 1.06854e-13 6.31283e-14 3.68993e-14 2.13513e-14 1.22368e-14 6.94964e-15 3.91289e-15 2.18501e-15 1.21058e-15 6.65693e-16 3.6344e-16 1.97062e-16 1.06147e-16 5.68154e-17 3.02261e-17 1.59867e-17 8.40794e-18 4.3981e-18 2.28861e-18 1.18491e-18 6.10497e-19 3.13067e-19 1.59813e-19 8.12222e-20 4.1104e-20 2.07156e-20 1.03985e-20 5.19943e-21 2.59001e-21 1.28545e-21 6.35717e-22 3.13306e-22 1.5389e-22 7.53411e-23 3.67678e-23 1.78877e-23 8.6762e-24 4.19589e-24 2.02334e-24 9.72966e-25 4.66593e-25 2.23161e-25 1.06456e-25 5.06537e-26 2.40422e-26 1.13836e-26 5.3772e-27 2.53409e-27 1.19151e-27 5.58999e-28 2.61684e-28 1.22241e-28 5.69836e-29 2.65091e-29 1.23075e-29 5.70285e-30 2.63741e-30 1.21743e-30 5.60928e-31 2.57977e-31 1.18436e-31 5.4278e-32 2.48325e-32 1.13419e-32 5.17171e-33 2.35438e-33 1.0701e-33 4.85617e-34 2.20036e-34 9.95489e-35 4.4971e-35 2.02859e-35 9.13758e-36 4.11011e-36 1.84617e-36 8.28126e-37
1.0818e-12 4.11461e-12 9.05634e-12 1.49882e-11 2.06236e-11 2.48522e-11 2.70585e-11 2.71708e-11 2.55278e-11 2.26792e-11 1.92057e-11 1.5601e-11 1.22171e-11 9.26105e-12 6.81858e-12 4.88993e-12 3.42399e-12 2.34575e-12 1.57516e-12 1.03833e-12 6.72845e-13 4.29124e-13 2.69655e-13 1.67112e-13 1.02225e-13 6.17718e-14 3.68993e-14 2.18031e-14 1.2751e-14 7.3846e-15 4.23723e-15 2.40993e-15 1.35918e-15 7.60438e-16 4.22206e-16 2.32703e-16 1.27359e-16 6.92368e-17 3.73971e-17 2.00745e-17 1.07117e-17 5.68298e-18 2.99841e-18 1.57357e-18 8.21574e-19 4.26821e-19 2.20677e-19 1.13567e-19 5.8182e-20 2.9678e-20 1.50746e-20 7.62573e-21 3.8423e-21 1.92853e-21 9.64354e-22 4.8047e-22 2.3854e-22 1.18022e-22 5.8198e-23 2.86049e-23 1.40151e-23 6.84554e-24 3.33358e-24 1.6186e-24 7.83652e-25 3.78349e-25 1.8217e-25 8.74789e-26 4.18986e-26 2.00166e-26 9.539e-27 4.53481e-27 2.15072e-27 1.01765e-27 4.80423e-28 2.26299e-28 1.06364e-28 4.98861e-29 2.33483e-29 1.09054e-29 5.0834e-30 2.3649e-30 1.09807e-30 5.08896e-31 2.35407e-31 1.08697e-31 5.01004e-32 2.30516e-32 1.0588e-32 4.85499e-33 2.22251e-33 1.01575e-33 4.63487e-34 2.11155e-34 9.60491e-35 4.36238e-35 1.97835e-35 8.95867e-36 4.05093e-36 1.82914e-36 8.24769e-37
4.05676e-13 1.59449e-12 3.61137e-12 6.13255e-12 8.63954e-12 1.06413e-11 1.1826e-11 1.21071e-11 1.1586e-11 1.04752e-11 9.02101e-12 7.44697e-12 5.92303e-12 4.55775e-12 3.40478e-12 2.47634e-12 1.75783e-12 1.22038e-12 8.30157e-13 5.54183e-13 3.63563e-13 2.34678e-13 1.49213e-13 9.3542e-14 5.78698e-14 3.5358e-14 2.13513e-14 1.2751e-14 7.53539e-15 4.40906e-15 2.55554e-15 1.46796e-15 8.36034e-16 4.72264e-16 2.647e-16 1.47258e-16 8.13384e-17 4.46203e-17 2.4317e-17 1.31686e-17 7.08803e-18 3.79287e-18 2.01817e-18 1.06803e-18 5.62248e-19 2.94489e-19 1.5349e-19 7.96215e-20 4.11138e-20 2.11356e-20 1.08186e-20 5.51456e-21 2.79957e-21 1.41568e-21 7.13144e-22 3.57913e-22 1.78983e-22 8.91906e-23 4.42939e-23 2.19242e-23 1.08168e-23 5.31986e-24 2.60836e-24 1.27506e-24 6.21476e-25 3.02049e-25 1.46393e-25 7.07588e-26 3.41103e-26 1.64007e-26 7.86571e-27 3.763e-27 1.79587e-27 8.55039e-28 4.0615e-28 1.92485e-28 9.10211e-29 4.29475e-29 2.02212e-29 9.5009e-30 4.45483e-30 2.08461e-30 9.73552e-31 4.53789e-31 2.11118e-31 9.8036e-32 4.54415e-32 2.10252e-32 9.71097e-33 4.47748e-33 2.06095e-33 9.47053e-34 4.3448e-34 1.99006e-34 9.10065e-35 4.15531e-35 1.89439e-35 8.62345e-36 3.91967e-36 1.77904e-36 8.06304e-37
1.52128e-13 6.17251e-13 1.43743e-12 2.50286e-12 3.60803e-12 4.53994e-12 5.1475e-12 5.37059e-12 5.23268e-12 4.81286e-12 4.21343e-12 3.53363e-12 2.85363e-12 2.22838e-12 1.68853e-12 1.24516e-12 8.95801e-13 6.30079e-13 4.34084e-13 2.93389e-13 1.94814e-13 1.27246e-13 8.18453e-14 5.18923e-14 3.24607e-14 2.00497e-14 1.22368e-14 7.3846e-15 4.40906e-15 2.60595e-15 1.52548e-15 8.84856e-16 5.08803e-16 2.90143e-16 1.64142e-16 9.21559e-17 5.13643e-17 2.84292e-17 1.56298e-17 8.53775e-18 4.63489e-18 2.50117e-18 1.34199e-18 7.16052e-19 3.80028e-19 2.00651e-19 1.05413e-19 5.51123e-20 2.86794e-20 1.48567e-20 7.66247e-21 3.93518e-21 2.01264e-21 1.02524e-21 5.20225e-22 2.62974e-22 1.32445e-22 6.64668e-23 3.32399e-23 1.65669e-23 8.22976e-24 4.07507e-24 2.0115e-24 9.89864e-25 4.85662e-25 2.3759e-25 1.15901e-25 5.63817e-26 2.73535e-26 1.32353e-26 6.3875e-27 3.07487e-27 1.47654e-27 7.07313e-28 3.38024e-28 1.61166e-28 7.66676e-29 3.63901e-29 1.72348e-29 8.14516e-30 3.84135e-30 1.8079e-30 8.49161e-31 3.98059e-31 1.86236e-31 8.69663e-32 4.05349e-32 1.88586e-32 8.75811e-33 4.06015e-33 1.87897e-33 8.68077e-34 4.00376e-34 1.84358e-34 8.47529e-35 3.89005e-35 1.78269e-35 8.15696e-36 3.72669e-36 1.70009e-36 7.74435e-37
5.70481e-14 2.38713e-13 5.71146e-13 1.01906e-12 1.50237e-12 1.9303e-12 2.23193e-12 2.37219e-12 2.35232e-12 2.20027e-12 1.95751e-12 1.6673e-12 1.36669e-12 1.08274e-12 8.31973e-13 6.21878e-13 4.53321e-13 3.22959e-13 2.25289e-13 1.54131e-13 1.03567e-13 6.84357e-14 4.45206e-14 2.85426e-14 1.80499e-14 1.12683e-14 6.94964e-15 4.23723e-15 2.55554e-15 1.52548e-15 9.0174e-16 5.28092e-16 3.06538e-16 1.76433e-16 1.0073e-16 5.70659e-17 3.20902e-17 1.79175e-17 9.93612e-18 5.47401e-18 2.99677e-18 1.63065e-18 8.82111e-19 4.74497e-19 2.53849e-19 1.35092e-19 7.15274e-20 3.76857e-20 1.97611e-20 1.03143e-20 5.3595e-21 2.77284e-21 1.42855e-21 7.32982e-22 3.74598e-22 1.90705e-22 9.67228e-23 4.88777e-23 2.46122e-23 1.23506e-23 6.1768e-24 3.07902e-24 1.52993e-24 7.5784e-25 3.74249e-25 1.84269e-25 9.04663e-26 4.42884e-26 2.16218e-26 1.05273e-26 5.11208e-27 2.47602e-27 1.19623e-27 5.76498e-28 2.77161e-28 1.32934e-28 6.36109e-29 3.03697e-29 1.44671e-29 6.87666e-30 3.26169e-30 1.54382e-30 7.29221e-31 3.43752e-31 1.61723e-31 7.59372e-32 3.55885e-32 1.66477e-32 7.77317e-33 3.62293e-33 1.68559e-33 7.82867e-34 3.62979e-34 1.68013e-34 7.76407e-35 3.58203e-35 1.64997e-35 7.58821e-36 3.48443e-36 1.59759e-36 7.31387e-37
2.1393e-14 9.2234e-14 2.26566e-13 4.13989e-13 6.23856e-13 8.18075e-13 9.64219e-13 1.04357e-12 1.05283e-12 1.00113e-12 9.04847e-13 7.82491e-13 6.50873e-13 5.22994e-13 4.0741e-13 3.08603e-13 2.27882e-13 1.64403e-13 1.16097e-13 8.03822e-14 5.46457e-14 3.6523e-14 2.40263e-14 1.55726e-14 9.95377e-15 6.27949e-15 3.91289e-15 2.40993e-15 1.46796e-15 8.84856e-16 5.28092e-16 3.12201e-16 1.82911e-16 1.06244e-16 6.12056e-17 3.49832e-17 1.9845e-17 1.11763e-17 6.2507e-18 3.47264e-18 1.9169e-18 1.05161e-18 5.73484e-19 3.1095e-19 1.67668e-19 8.99251e-20 4.79802e-20 2.54721e-20 1.34574e-20 7.07646e-21 3.70418e-21 1.93041e-21 1.00172e-21 5.17646e-22 2.66419e-22 1.36581e-22 6.9752e-23 3.54902e-23 1.79924e-23 9.08953e-24 4.57617e-24 2.29621e-24 1.14843e-24 5.72558e-25 2.84568e-25 1.41006e-25 6.96637e-26 3.4318e-26 1.68583e-26 8.25863e-27 4.0349e-27 1.96613e-27 9.55597e-28 4.63278e-28 2.24046e-28 1.08089e-28 5.20238e-29 2.49813e-29 1.19686e-29 5.72141e-30 2.72908e-30 1.29898e-30 6.16988e-31 2.92455e-31 1.38345e-31 6.53145e-32 3.07759e-32 1.44738e-32 6.79428e-33 3.18349e-33 1.48895e-33 6.95158e-34 3.23989e-34 1.50741e-34 7.00168e-35 3.24678e-35 1.50312e-35 6.9477e-36 3.20629e-36 1.47738e-36 6.79699e-37
8.02239e-15 3.56064e-14 8.97361e-14 1.67825e-13 2.58376e-13 3.45646e-13 4.15113e-13 4.57326e-13 4.69248e-13 4.5347e-13 4.16257e-13 3.65373e-13 3.08315e-13 2.51205e-13 1.98338e-13 1.52211e-13 1.13833e-13 8.31438e-14 5.94246e-14 4.16297e-14 2.86271e-14 1.93489e-14 1.28688e-14 8.43091e-15 5.44589e-15 3.47124e-15 2.18501e-15 1.35918e-15 8.36034e-16 5.08803e-16 3.06538e-16 1.82911e-16 1.08146e-16 6.33841e-17 3.68397e-17 2.1241e-17 1.21535e-17 6.90297e-18 3.89315e-18 2.18081e-18 1.21366e-18 6.71191e-19 3.68946e-19 2.01623e-19 1.09563e-19 5.92138e-20 3.18341e-20 1.70273e-20 9.06268e-21 4.80054e-21 2.53111e-21 1.32855e-21 6.94309e-22 3.61316e-22 1.87256e-22 9.666e-23 4.97015e-23 2.54594e-23 1.29936e-23 6.60775e-24 3.34858e-24 1.69118e-24 8.5129e-25 4.2713e-25 2.13635e-25 1.06523e-25 5.29556e-26 2.62484e-26 1.29732e-26 6.39398e-27 3.14272e-27 1.54054e-27 7.53188e-28 3.67297e-28 1.78666e-28 8.66952e-29 4.19665e-29 2.02668e-29 9.76484e-30 4.69418e-30 2.25159e-30 1.07764e-30 5.14671e-31 2.45288e-31 1.16662e-31 5.5374e-32 2.62315e-32 1.24021e-32 5.85248e-33 2.75657e-33 1.29598e-33 6.08194e-34 2.84914e-34 1.33237e-34 6.22003e-35 2.89884e-35 1.34876e-35 6.26524e-36 2.90564e-36 1.34542e-36 6.22014e-37
