0.1949 0.0955393 0.046833 0.0229574 0.0112536 0.00551647 0.00270415 0.00132557 0.000649787 0.000318523 0.000156139 7.65386e-05 3.75189e-05 1.83916e-05 9.0155e-06 4.41936e-06 2.16636e-06 1.06194e-06 5.20558e-07 2.55176e-07 1.25086e-07 6.13167e-08 3.00572e-08 1.47339e-08 7.22251e-09 3.54045e-09 1.73551e-09 8.50742e-10 4.1703e-10 2.04427e-10 1.00209e-10 4.91221e-11 2.40795e-11 1.18037e-11 5.78611e-12 2.83633e-12 1.39036e-12 6.81548e-13 3.34092e-13 1.63771e-13 8.02797e-14 3.93528e-14 1.92906e-14 9.45617e-15 4.63538e-15 2.27224e-15 1.11384e-15 5.46002e-16 2.67648e-16 1.312e-16 6.43138e-17 3.15264e-17 1.54541e-17 7.57554e-18 3.7135e-18 1.82034e-18 8.92325e-19 4.37414e-19 2.14419e-19 1.05107e-19 5.15231e-20 2.52564e-20 1.23806e-20 6.06893e-21 2.97496e-21 1.45832e-21 7.1486e-22 3.50422e-22 1.71775e-22 8.42036e-23 4.12763e-23 2.02335e-23 9.91837e-24 4.86195e-24 2.38331e-24 1.16829e-24 5.7269e-25 2.8073e-25 1.37613e-25 6.74573e-26 3.30673e-26 1.62095e-26 7.94582e-27 3.89501e-27 1.90932e-27 9.3594e-28 4.58794e-28 2.24899e-28 1.10245e-28 5.40415e-29 2.64909e-29 1.29858e-29 6.36556e-30 3.12037e-30 1.5296e-30 7.49802e-31 3.6755e-31 1.80171e-31 8.83194e-32 4.32938e-32 2.12225e-32
0.0955393 0.0595015 0.0353774 0.020386 0.0114854 0.00636156 0.00347698 0.00188017 0.00100782 0.000536263 0.000283578 0.000149158 7.80916e-05 4.07189e-05 2.11557e-05 1.09564e-05 5.65807e-06 2.91437e-06 1.49764e-06 7.67974e-07 3.93044e-07 2.00799e-07 1.02417e-07 5.21579e-08 2.65253e-08 1.34721e-08 6.83408e-09 3.46285e-09 1.75277e-09 8.86309e-10 4.47753e-10 2.26e-10 1.13977e-10 5.74364e-11 2.89224e-11 1.45537e-11 7.31854e-12 3.67789e-12 1.84719e-12 9.272e-13 4.65155e-13 2.33235e-13 1.16889e-13 5.85524e-14 2.93168e-14 1.46723e-14 7.33999e-15 3.67043e-15 1.83472e-15 9.16771e-16 4.57925e-16 2.28654e-16 1.14134e-16 5.69527e-17 2.84104e-17 1.4168e-17 7.06344e-18 3.52047e-18 1.75415e-18 8.73816e-19 4.35173e-19 2.16669e-19 1.07852e-19 5.36734e-20 2.6705e-20 1.3284e-20 6.60658e-21 3.28498e-21 1.63306e-21 8.11687e-22 4.03359e-22 2.00408e-22 9.95543e-23 4.94458e-23 2.45542e-23 1.21913e-23 6.05206e-24 3.00392e-24 1.49076e-24 7.39708e-25 3.66987e-25 1.82045e-25 9.02912e-26 4.47769e-26 2.22026e-26 1.10077e-26 5.45679e-27 2.70472e-27 1.34046e-27 6.64255e-28 3.29128e-28 1.63059e-28 8.0775e-29 4.00093e-29 1.98152e-29 9.81278e-30 4.85892e-30 2.40571e-30 1.19098e-30 5.89556e-31 2.91812e-31
0.046833 0.0353774 0.0242536 0.0156808 0.00974322 0.00588121 0.00347221 0.00201423 0.00115181 0.000650827 0.000364039 0.000201858 0.000111084 6.07243e-05 3.29995e-05 1.78386e-05 9.5974e-06 5.14141e-06 2.74357e-06 1.45882e-06 7.73156e-07 4.08531e-07 2.15266e-07 1.13137e-07 5.93192e-08 3.10323e-08 1.62004e-08 8.44089e-09 4.38988e-09 2.27912e-09 1.18134e-09 6.11385e-10 3.15954e-10 1.63055e-10 8.40383e-11 4.32596e-11 2.2242e-11 1.1423e-11 5.86027e-12 3.00339e-12 1.53774e-12 7.86586e-13 4.01995e-13 2.05269e-13 1.04729e-13 5.33912e-14 2.71982e-14 1.38451e-14 7.04277e-15 3.58012e-15 1.81873e-15 9.23349e-16 4.68489e-16 2.37563e-16 1.20396e-16 6.09824e-17 3.08723e-17 1.5621e-17 7.90013e-18 3.99346e-18 2.01773e-18 1.01901e-18 5.14403e-19 2.59563e-19 1.30919e-19 6.60066e-20 3.32661e-20 1.67591e-20 8.43994e-21 4.24885e-21 2.13821e-21 1.07568e-21 5.40963e-22 2.71965e-22 1.36685e-22 6.86745e-23 3.44936e-23 1.73203e-23 8.69452e-24 4.3633e-24 2.18911e-24 1.098e-24 5.50584e-25 2.76016e-25 1.38337e-25 6.93161e-26 3.47238e-26 1.73908e-26 8.70786e-27 4.3592e-27 2.18176e-27 1.09173e-27 5.46174e-28 2.73185e-28 1.36614e-28 6.83046e-29 3.41444e-29 1.7065e-29 8.52729e-30 4.26027e-30 2.12807e-30
0.0229574 0.020386 0.0156808 0.0111218 0.00747925 0.00484133 0.00304434 0.00187104 0.00112871 0.000670418 0.000393002 0.000227785 0.000130728 7.43769e-05 4.1991e-05 2.35437e-05 1.31187e-05 7.26866e-06 4.00671e-06 2.19825e-06 1.20085e-06 6.53385e-07 3.54197e-07 1.91351e-07 1.03045e-07 5.53262e-08 2.96223e-08 1.58186e-08 8.42651e-09 4.47835e-09 2.37484e-09 1.25676e-09 6.63766e-10 3.4992e-10 1.84142e-10 9.67403e-11 5.07416e-11 2.6574e-11 1.38968e-11 7.25713e-12 3.78474e-12 1.97129e-12 1.02549e-12 5.32848e-13 2.76556e-13 1.43381e-13 7.4258e-14 3.84201e-14 1.98588e-14 1.02551e-14 5.29099e-15 2.72743e-15 1.40477e-15 7.22944e-16 3.71759e-16 1.91024e-16 9.80827e-17 5.03255e-17 2.58037e-17 1.32216e-17 6.77025e-18 3.46457e-18 1.77185e-18 9.05621e-19 4.62608e-19 2.36176e-19 1.20509e-19 6.1457e-20 3.13255e-20 1.59589e-20 8.12635e-21 4.13599e-21 2.10407e-21 1.06989e-21 5.43787e-22 2.76266e-22 1.40295e-22 7.1216e-23 3.61357e-23 1.83284e-23 9.29274e-24 4.70976e-24 2.38613e-24 1.20846e-24 6.11811e-25 3.09637e-25 1.56654e-25 7.9229e-26 4.00579e-26 2.02466e-26 1.02302e-26 5.16751e-27 2.60945e-27 1.31732e-27 6.64825e-28 3.3543e-28 1.6919e-28 8.53164e-29 4.30105e-29 2.16772e-29 1.09224e-29
0.0112536 0.0114854 0.00974322 0.00747925 0.00538302 0.00370088 0.00245783 0.00158835 0.00100391 0.000622896 0.00038047 0.000229274 0.000136542 8.04762e-05 4.69953e-05 2.72172e-05 1.56455e-05 8.93281e-06 5.06876e-06 2.85992e-06 1.60524e-06 8.96667e-07 4.98635e-07 2.7614e-07 1.52333e-07 8.37307e-08 4.58669e-08 2.50455e-08 1.36349e-08 7.40196e-09 4.00753e-09 2.16424e-09 1.16598e-09 6.26734e-10 3.3615e-10 1.79922e-10 9.61128e-11 5.12459e-11 2.72745e-11 1.44913e-11 7.68671e-12 4.07088e-12 2.15267e-12 1.13667e-12 5.99353e-13 3.15607e-13 1.65977e-13 8.71777e-14 4.57341e-14 2.39646e-14 1.25433e-14 6.5582e-15 3.42532e-15 1.78722e-15 9.31595e-16 4.85137e-16 2.52407e-16 1.31205e-16 6.81434e-17 3.53616e-17 1.83352e-17 9.4994e-18 4.91781e-18 2.54403e-18 1.31509e-18 6.79335e-19 3.50681e-19 1.80904e-19 9.32611e-20 4.80481e-20 2.4739e-20 1.27299e-20 6.54656e-21 3.36473e-21 1.72839e-21 8.87355e-22 4.55323e-22 2.33515e-22 1.19698e-22 6.13256e-23 3.1404e-23 1.60739e-23 8.22344e-24 4.20521e-24 2.14945e-24 1.09819e-24 5.60842e-25 2.863e-25 1.46091e-25 7.45163e-26 3.79933e-26 1.9364e-26 9.86548e-27 5.02434e-27 2.55789e-27 1.30176e-27 6.62254e-28 3.36798e-28 1.71226e-28 8.70207e-29 4.42115e-29
0.00551647 0.00636156 0.00588121 0.00484133 0.00370088 0.00268471 0.00187212 0.00126547 0.000834016 0.000538194 0.000341137 0.000212919 0.000131115 7.97863e-05 4.8041e-05 2.86533e-05 1.69441e-05 9.94224e-06 5.79248e-06 3.35286e-06 1.92912e-06 1.1038e-06 6.2833e-07 3.55961e-07 2.00758e-07 1.12753e-07 6.30773e-08 3.51573e-08 1.95275e-08 1.08106e-08 5.96629e-09 3.28306e-09 1.80153e-09 9.85937e-10 5.3822e-10 2.93106e-10 1.59255e-10 8.63387e-11 4.67097e-11 2.52195e-11 1.35903e-11 7.31001e-12 3.92497e-12 2.10385e-12 1.12585e-12 6.01535e-13 3.20908e-13 1.70947e-13 9.09348e-14 4.83064e-14 2.56275e-14 1.35785e-14 7.18563e-15 3.79802e-15 2.00515e-15 1.05743e-15 5.57036e-16 2.93128e-16 1.54095e-16 8.09256e-17 4.24587e-17 2.22556e-17 1.16551e-17 6.09832e-18 3.18808e-18 1.66526e-18 8.69126e-19 4.53249e-19 2.36186e-19 1.22982e-19 6.399e-20 3.32713e-20 1.72871e-20 8.97587e-21 4.65738e-21 2.41503e-21 1.25149e-21 6.48129e-22 3.35452e-22 1.73517e-22 8.97015e-23 4.63458e-23 2.3932e-23 1.23512e-23 6.37104e-24 3.28461e-24 1.69252e-24 8.71698e-25 4.4873e-25 2.30885e-25 1.18741e-25 6.10385e-26 3.13625e-26 1.61073e-26 8.26889e-27 4.24312e-27 2.17641e-27 1.11587e-27 5.71893e-28 2.92983e-28 1.50037e-28
0.00270415 0.00347698 0.00347221 0.00304434 0.00245783 0.00187212 0.0013648 0.000961179 0.000658171 0.000440257 0.000288695 0.000186091 0.00011817 7.40538e-05 4.58645e-05 2.81071e-05 1.70612e-05 1.02668e-05 6.12941e-06 3.63279e-06 2.13869e-06 1.2513e-06 7.27899e-07 4.21162e-07 2.42466e-07 1.38935e-07 7.92611e-08 4.50305e-08 2.54833e-08 1.43681e-08 8.07282e-09 4.52076e-09 2.52367e-09 1.4046e-09 7.79536e-10 4.31459e-10 2.38186e-10 1.31165e-10 7.20588e-11 3.94976e-11 2.16027e-11 1.17906e-11 6.42233e-12 3.49148e-12 1.89461e-12 1.02625e-12 5.54925e-13 2.99567e-13 1.61457e-13 8.68849e-14 4.66854e-14 2.50489e-14 1.3421e-14 7.18111e-15 3.83731e-15 2.04789e-15 1.09157e-15 5.81127e-16 3.0902e-16 1.64138e-16 8.70873e-17 4.61568e-17 2.44379e-17 1.29257e-17 6.82992e-18 3.60546e-18 1.90152e-18 1.00195e-18 5.27476e-19 2.77451e-19 1.45815e-19 7.65704e-20 4.01764e-20 2.1064e-20 1.10351e-20 5.7768e-21 3.0219e-21 1.57966e-21 8.25167e-22 4.30749e-22 2.24707e-22 1.17145e-22 6.10312e-23 3.17767e-23 1.65348e-23 8.5986e-24 4.4689e-24 2.32125e-24 1.20503e-24 6.25223e-25 3.24216e-25 1.68036e-25 8.70446e-26 4.50671e-26 2.33216e-26 1.20626e-26 6.23614e-27 3.22242e-27 1.66435e-27 8.5923e-28 4.43381e-28
0.00132557 0.00188017 0.00201423 0.00187104 0.00158835 0.00126547 0.000961179 0.000703093 0.000498799 0.000344949 0.000233436 0.000155044 0.000101308 6.52475e-05 4.14856e-05 2.60744e-05 1.62179e-05 9.99203e-06 6.10297e-06 3.69799e-06 2.22432e-06 1.32884e-06 7.88861e-07 4.65554e-07 2.73242e-07 1.59545e-07 9.27076e-08 5.36248e-08 3.0885e-08 1.77159e-08 1.01229e-08 5.76316e-09 3.26971e-09 1.84895e-09 1.04226e-09 5.85764e-10 3.28265e-10 1.83459e-10 1.02261e-10 5.68584e-11 3.15377e-11 1.74526e-11 9.63658e-12 5.30954e-12 2.91941e-12 1.60204e-12 8.77441e-13 4.79691e-13 2.61776e-13 1.4261e-13 7.75617e-14 4.21157e-14 2.2833e-14 1.23602e-14 6.68116e-15 3.6063e-15 1.94389e-15 1.04641e-15 5.6256e-16 3.02056e-16 1.61984e-16 8.67642e-17 4.64199e-17 2.48072e-17 1.32426e-17 7.06163e-18 3.76169e-18 2.00179e-18 1.0642e-18 5.65212e-19 2.99908e-19 1.58988e-19 8.42073e-20 4.45609e-20 2.35606e-20 1.24467e-20 6.57002e-21 3.46523e-21 1.82623e-21 9.61718e-22 5.06073e-22 2.6611e-22 1.39829e-22 7.3422e-23 3.85262e-23 2.0202e-23 1.05863e-23 5.54387e-24 2.90139e-24 1.5175e-24 7.93204e-25 4.14363e-25 2.16333e-25 1.12879e-25 5.88651e-26 3.06804e-26 1.59818e-26 8.32071e-27 4.32977e-27 2.25188e-27 1.17059e-27
0.000649787 0.00100782 0.00115181 0.00112871 0.00100391 0.000834016 0.000658171 0.000498799 0.000365772 0.000260957 0.000181882 0.000124241 8.33851e-05 5.51006e-05 3.59088e-05 2.31118e-05 1.47086e-05 9.26529e-06 5.78193e-06 3.57722e-06 2.19566e-06 1.33779e-06 8.09541e-07 4.86765e-07 2.90944e-07 1.72931e-07 1.02248e-07 6.01573e-08 3.52285e-08 2.05392e-08 1.1925e-08 6.8962e-09 3.97305e-09 2.28077e-09 1.30483e-09 7.4406e-10 4.2297e-10 2.39726e-10 1.35482e-10 7.6359e-11 4.29237e-11 2.40679e-11 1.34625e-11 7.51276e-12 4.18309e-12 2.32409e-12 1.28856e-12 7.12979e-13 3.93735e-13 2.17027e-13 1.19408e-13 6.55822e-14 3.59582e-14 1.9683e-14 1.0757e-14 5.86966e-15 3.19802e-15 1.73985e-15 9.45206e-16 5.12791e-16 2.77824e-16 1.50325e-16 8.12345e-17 4.38442e-17 2.36352e-17 1.27261e-17 6.84442e-18 3.67698e-18 1.97321e-18 1.05778e-18 5.66455e-19 3.03038e-19 1.61957e-19 8.64732e-20 4.6127e-20 2.45826e-20 1.30891e-20 6.96318e-21 3.70111e-21 1.96557e-21 1.04301e-21 5.53015e-22 2.92982e-22 1.55099e-22 8.2044e-23 4.33672e-23 2.29065e-23 1.20906e-23 6.37721e-24 3.36136e-24 1.77055e-24 9.31992e-25 4.90269e-25 2.57739e-25 1.35411e-25 7.1099e-26 3.73086e-26 1.95658e-26 1.0255e-26 5.37184e-27 2.81233e-27
0.000318523 0.000536263 0.000650827 0.000670418 0.000622896 0.000538194 0.000440257 0.000344949 0.000260957 0.000191723 0.000137396 9.63708e-05 6.63372e-05 4.49115e-05 2.99591e-05 1.97206e-05 1.28258e-05 8.25063e-06 5.25457e-06 3.31578e-06 2.07463e-06 1.28787e-06 7.93639e-07 4.85743e-07 2.95403e-07 1.78575e-07 1.07345e-07 6.41856e-08 3.81873e-08 2.26122e-08 1.33296e-08 7.82427e-09 4.57415e-09 2.66381e-09 1.54561e-09 8.9366e-10 5.14979e-10 2.9581e-10 1.69396e-10 9.67189e-11 5.50671e-11 3.12675e-11 1.77075e-11 1.0003e-11 5.63704e-12 3.16926e-12 1.77781e-12 9.95099e-13 5.55821e-13 3.09828e-13 1.72367e-13 9.57103e-14 5.30473e-14 2.93489e-14 1.62095e-14 8.93749e-15 4.91987e-15 2.70398e-15 1.48384e-15 8.13051e-16 4.44854e-16 2.43054e-16 1.32614e-16 7.22594e-17 3.93216e-17 2.13705e-17 1.16001e-17 6.28897e-18 3.40554e-18 1.84201e-18 9.95202e-19 5.37097e-19 2.89553e-19 1.55937e-19 8.38928e-20 4.50885e-20 2.42093e-20 1.29862e-20 6.95946e-21 3.72624e-21 1.99332e-21 1.06537e-21 5.6892e-22 3.03554e-22 1.61831e-22 8.62056e-23 4.58844e-23 2.44038e-23 1.29693e-23 6.88736e-24 3.65485e-24 1.93809e-24 1.027e-24 5.43834e-25 2.87784e-25 1.52186e-25 8.04266e-26 4.2476e-26 2.24188e-26 1.18252e-26 6.23363e-27
0.000156139 0.000283578 0.000364039 0.000393002 0.00038047 0.000341137 0.000288695 0.000233436 0.000181882 0.000137396 0.000101095 7.27122e-05 5.12684e-05 3.55186e-05 2.42243e-05 1.629e-05 1.08156e-05 7.09791e-06 4.60887e-06 2.96355e-06 1.88846e-06 1.19336e-06 7.48265e-07 4.65787e-07 2.87985e-07 1.76924e-07 1.08045e-07 6.56099e-08 3.96297e-08 2.38168e-08 1.42453e-08 8.48183e-09 5.02845e-09 2.9689e-09 1.74605e-09 1.02304e-09 5.9728e-10 3.47518e-10 2.01536e-10 1.16509e-10 6.7152e-11 3.8592e-11 2.21169e-11 1.2641e-11 7.2064e-12 4.09797e-12 2.32474e-12 1.31573e-12 7.42996e-13 4.18659e-13 2.35408e-13 1.32098e-13 7.39804e-14 4.13528e-14 2.30722e-14 1.28496e-14 7.14386e-15 3.96496e-15 2.19699e-15 1.2154e-15 6.71331e-16 3.70248e-16 2.03896e-16 1.12124e-16 6.15715e-17 3.37651e-17 1.84917e-17 1.0114e-17 5.52482e-18 3.01423e-18 1.64251e-18 8.93986e-19 4.86017e-19 2.63927e-19 1.43165e-19 7.75755e-20 4.19908e-20 2.27058e-20 1.22654e-20 6.61911e-21 3.5686e-21 1.92214e-21 1.03436e-21 5.56111e-22 2.98721e-22 1.60322e-22 8.59704e-23 4.60618e-23 2.4659e-23 1.31905e-23 7.05022e-24 3.76537e-24 2.00947e-24 1.07159e-24 5.71031e-25 3.04072e-25 1.61803e-25 8.60384e-26 4.57196e-26 2.42784e-26 1.2884e-26
7.65386e-05 0.000149158 0.000201858 0.000227785 0.000229274 0.000212919 0.000186091 0.000155044 0.000124241 9.63708e-05 7.27122e-05 5.35654e-05 3.86432e-05 2.73669e-05 1.90636e-05 1.30839e-05 8.8599e-06 5.92657e-06 3.92022e-06 2.5665e-06 1.66432e-06 1.06979e-06 6.82016e-07 4.31483e-07 2.71032e-07 1.69105e-07 1.04844e-07 6.46164e-08 3.96001e-08 2.414e-08 1.46414e-08 8.83782e-09 5.31039e-09 3.17703e-09 1.89285e-09 1.12329e-09 6.64085e-10 3.91185e-10 2.29632e-10 1.3435e-10 7.83521e-11 4.55543e-11 2.64072e-11 1.52644e-11 8.79922e-12 5.05893e-12 2.9011e-12 1.65957e-12 9.47089e-13 5.39243e-13 3.06343e-13 1.73657e-13 9.8235e-14 5.54572e-14 3.1246e-14 1.75711e-14 9.86274e-15 5.52602e-15 3.09076e-15 1.72575e-15 9.61989e-16 5.35378e-16 2.97487e-16 1.65049e-16 9.14338e-17 5.0579e-17 2.79394e-17 1.54122e-17 8.49033e-18 4.67103e-18 2.5665e-18 1.4084e-18 7.71926e-19 4.22576e-19 2.3106e-19 1.26196e-19 6.88461e-20 3.75177e-20 2.04233e-20 1.11061e-20 6.03319e-21 3.27412e-21 1.77506e-21 9.61417e-22 5.20233e-22 2.81242e-22 1.51903e-22 8.19715e-23 4.41956e-23 2.38079e-23 1.28143e-23 6.89145e-24 3.70316e-24 1.98832e-24 1.06674e-24 5.7187e-25 3.06342e-25 1.63981e-25 8.77123e-26 4.68831e-26 2.50418e-26
3.75189e-05 7.80916e-05 0.000111084 0.000130728 0.000136542 0.000131115 0.00011817 0.000101308 8.33851e-05 6.63372e-05 5.12684e-05 3.86432e-05 2.84959e-05 2.06099e-05 1.46506e-05 1.02536e-05 7.07587e-06 4.82067e-06 3.24587e-06 2.16201e-06 1.42576e-06 9.31568e-07 6.03447e-07 3.87766e-07 2.47305e-07 1.56612e-07 9.85221e-08 6.15915e-08 3.8277e-08 2.36549e-08 1.45412e-08 8.89376e-09 5.41362e-09 3.28023e-09 1.97891e-09 1.18889e-09 7.11415e-10 4.24081e-10 2.51876e-10 1.49073e-10 8.79326e-11 5.17002e-11 3.03027e-11 1.77078e-11 1.03179e-11 5.99523e-12 3.47415e-12 2.00799e-12 1.15766e-12 6.65797e-13 3.82014e-13 2.18688e-13 1.24914e-13 7.11973e-14 4.04961e-14 2.29871e-14 1.30228e-14 7.36369e-15 4.15606e-15 2.34145e-15 1.31682e-15 7.39313e-16 4.14388e-16 2.3189e-16 1.2956e-16 7.2276e-17 4.02591e-17 2.23923e-17 1.24369e-17 6.89794e-18 3.82064e-18 2.11336e-18 1.16748e-18 6.44125e-19 3.54938e-19 1.95347e-19 1.07385e-19 5.89626e-20 3.23381e-20 1.77161e-20 9.69501e-21 5.29984e-21 2.89416e-21 1.57884e-21 8.60426e-22 4.68448e-22 2.54794e-22 1.38454e-22 7.5165e-23 4.0769e-23 2.2093e-23 1.19618e-23 6.47088e-24 3.49753e-24 1.88885e-24 1.01924e-24 5.49553e-25 2.96072e-25 1.59385e-25 8.57365e-26 4.60848e-26
1.83916e-05 4.07189e-05 6.07243e-05 7.43769e-05 8.04762e-05 7.97863e-05 7.40538e-05 6.52475e-05 5.51006e-05 4.49115e-05 3.55186e-05 2.73669e-05 2.06099e-05 1.52106e-05 1.10251e-05 7.86261e-06 5.5254e-06 3.83126e-06 2.62415e-06 1.77718e-06 1.19109e-06 7.90592e-07 5.20056e-07 3.39231e-07 2.19545e-07 1.4104e-07 8.99796e-08 5.70294e-08 3.59223e-08 2.24949e-08 1.40084e-08 8.67759e-09 5.34845e-09 3.28078e-09 2.00328e-09 1.2179e-09 7.37339e-10 4.44618e-10 2.6708e-10 1.59845e-10 9.53282e-11 5.66589e-11 3.35655e-11 1.98222e-11 1.16705e-11 6.85102e-12 4.01044e-12 2.34122e-12 1.36315e-12 7.91653e-13 4.58618e-13 2.65049e-13 1.52824e-13 8.79178e-14 5.04676e-14 2.89086e-14 1.65251e-14 9.42741e-15 5.36776e-15 3.0505e-15 1.73041e-15 9.79818e-16 5.53838e-16 3.12522e-16 1.76058e-16 9.90216e-17 5.56054e-17 3.11771e-17 1.74542e-17 9.75723e-18 5.44666e-18 3.03617e-18 1.69015e-18 9.39604e-19 5.21669e-19 2.8926e-19 1.60191e-19 8.86046e-20 4.895e-20 2.70108e-20 1.48876e-20 8.19632e-21 4.50749e-21 2.47617e-21 1.35883e-21 7.44897e-22 4.07929e-22 2.23171e-22 1.21973e-22 6.65999e-23 3.63304e-23 1.97999e-23 1.0781e-23 5.865e-24 3.18782e-24 1.73118e-24 9.39342e-25 5.09263e-25 2.75869e-25 1.49319e-25 8.07571e-26
9.0155e-06 2.11557e-05 3.29995e-05 4.1991e-05 4.69953e-05 4.8041e-05 4.58645e-05 4.14856e-05 3.59088e-05 2.99591e-05 2.42243e-05 1.90636e-05 1.46506e-05 1.10251e-05 8.14261e-06 5.91308e-06 4.22884e-06 2.98247e-06 2.07675e-06 1.42919e-06 9.72924e-07 6.5568e-07 4.37756e-07 2.89714e-07 1.90172e-07 1.23875e-07 8.01072e-08 5.14511e-08 3.28333e-08 2.08247e-08 1.31319e-08 8.23535e-09 5.13761e-09 3.18912e-09 1.9702e-09 1.21163e-09 7.4189e-10 4.52372e-10 2.74734e-10 1.66212e-10 1.00186e-10 6.01746e-11 3.60192e-11 2.14894e-11 1.27802e-11 7.5774e-12 4.47938e-12 2.64043e-12 1.55214e-12 9.0997e-13 5.32105e-13 3.1037e-13 1.80595e-13 1.04835e-13 6.07173e-14 3.50877e-14 2.02329e-14 1.16427e-14 6.68589e-15 3.83181e-15 2.19185e-15 1.25141e-15 7.13172e-16 4.05707e-16 2.30397e-16 1.30618e-16 7.39282e-17 4.1775e-17 2.35688e-17 1.32767e-17 7.46775e-18 4.19422e-18 2.35228e-18 1.3174e-18 7.36798e-19 4.11525e-19 2.29548e-19 1.27877e-19 7.11481e-20 3.95366e-20 2.19437e-20 1.21648e-20 6.73596e-21 3.72562e-21 2.05832e-21 1.13594e-21 6.26222e-22 3.44862e-22 1.89721e-22 1.04266e-22 5.72455e-23 3.13989e-23 1.72057e-23 9.41932e-24 5.15188e-24 2.81525e-24 1.53702e-24 8.38422e-25 4.56951e-25 2.48833e-25 1.3539e-25
4.41936e-06 1.09564e-05 1.78386e-05 2.35437e-05 2.72172e-05 2.86533e-05 2.81071e-05 2.60744e-05 2.31118e-05 1.97206e-05 1.629e-05 1.30839e-05 1.02536e-05 7.86261e-06 5.91308e-06 4.3698e-06 3.1785e-06 2.2788e-06 1.61227e-06 1.12687e-06 7.78787e-07 5.32624e-07 3.60741e-07 2.42115e-07 1.61121e-07 1.06368e-07 6.96951e-08 4.53432e-08 2.93028e-08 1.88169e-08 1.20108e-08 7.62264e-09 4.81143e-09 3.02125e-09 1.88776e-09 1.17395e-09 7.26748e-10 4.47952e-10 2.74961e-10 1.68102e-10 1.02378e-10 6.21209e-11 3.75597e-11 2.26318e-11 1.35919e-11 8.13683e-12 4.85616e-12 2.8896e-12 1.71448e-12 1.01441e-12 5.98587e-13 3.52293e-13 2.06814e-13 1.21112e-13 7.07554e-14 4.12406e-14 2.39835e-14 1.39171e-14 8.05864e-15 4.65667e-15 2.68543e-15 1.54561e-15 8.87883e-16 5.09099e-16 2.91381e-16 1.66475e-16 9.49485e-17 5.40622e-17 3.07316e-17 1.74413e-17 9.883e-18 5.59156e-18 3.15882e-18 1.78189e-18 1.00372e-18 5.64593e-19 3.17148e-19 1.77911e-19 9.96721e-20 5.57678e-20 3.11634e-20 1.73928e-20 9.69541e-21 5.39817e-21 3.00207e-21 1.66763e-21 9.25315e-22 5.12864e-22 2.83953e-22 1.57047e-22 8.67682e-23 4.78903e-23 2.64058e-23 1.45453e-23 8.00435e-24 4.40064e-24 2.41713e-24 1.32643e-24 7.27237e-25 3.98366e-25 2.18026e-25
2.16636e-06 5.65807e-06 9.5974e-06 1.31187e-05 1.56455e-05 1.69441e-05 1.70612e-05 1.62179e-05 1.47086e-05 1.28258e-05 1.08156e-05 8.8599e-06 7.07587e-06 5.5254e-06 4.22884e-06 3.1785e-06 2.35019e-06 1.71194e-06 1.23006e-06 8.72742e-07 6.1204e-07 4.24594e-07 2.91603e-07 1.98392e-07 1.33791e-07 8.94815e-08 5.93823e-08 3.9119e-08 2.55918e-08 1.66324e-08 1.07423e-08 6.89703e-09 4.40325e-09 2.79606e-09 1.76639e-09 1.11043e-09 6.94793e-10 4.32776e-10 2.68407e-10 1.65777e-10 1.01982e-10 6.24962e-11 3.81577e-11 2.32148e-11 1.40753e-11 8.50576e-12 5.12363e-12 3.07681e-12 1.84214e-12 1.09974e-12 6.54694e-13 3.88693e-13 2.30161e-13 1.3594e-13 8.00911e-14 4.70734e-14 2.76027e-14 1.61487e-14 9.42678e-15 5.49103e-15 3.19179e-15 1.85152e-15 1.07191e-15 6.19366e-16 3.57203e-16 2.05628e-16 1.1816e-16 6.77788e-17 3.88127e-17 2.21885e-17 1.2664e-17 7.21638e-18 4.10573e-18 2.33237e-18 1.32299e-18 7.49339e-19 4.23819e-19 2.39372e-19 1.35012e-19 7.60476e-20 4.27787e-20 2.40331e-20 1.34848e-20 7.55682e-21 4.22967e-21 2.36459e-21 1.32038e-21 7.36447e-22 4.10295e-22 2.28334e-22 1.26933e-22 7.04877e-23 3.9102e-23 2.1669e-23 1.19961e-23 6.6345e-24 3.66567e-24 2.02341e-24 1.11584e-24 6.14779e-25 3.38408e-25
1.06194e-06 2.91437e-06 5.14141e-06 7.26866e-06 8.93281e-06 9.94224e-06 1.02668e-05 9.99203e-06 9.26529e-06 8.25063e-06 7.09791e-06 5.92657e-06 4.82067e-06 3.83126e-06 2.98247e-06 2.2788e-06 1.71194e-06 1.26641e-06 9.23668e-07 6.64973e-07 4.73002e-07 3.32712e-07 2.31609e-07 1.59669e-07 1.09076e-07 7.38797e-08 4.96391e-08 3.30996e-08 2.1913e-08 1.44088e-08 9.41343e-09 6.11228e-09 3.94567e-09 2.53291e-09 1.61737e-09 1.02752e-09 6.49623e-10 4.08796e-10 2.561e-10 1.59753e-10 9.92416e-11 6.14067e-11 3.7851e-11 2.32455e-11 1.42251e-11 8.67529e-12 5.27318e-12 3.195e-12 1.92985e-12 1.16218e-12 6.97847e-13 4.17855e-13 2.4952e-13 1.48605e-13 8.82769e-14 5.23089e-14 3.09207e-14 1.82347e-14 1.07288e-14 6.29846e-15 3.68955e-15 2.15671e-15 1.2581e-15 7.32429e-16 4.25563e-16 2.46793e-16 1.42853e-16 8.25385e-17 4.76048e-17 2.74088e-17 1.5754e-17 9.04012e-18 5.17906e-18 2.96237e-18 1.69182e-18 9.64737e-19 5.49311e-19 3.12317e-19 1.77319e-19 1.00533e-19 5.69201e-20 3.21842e-20 1.81739e-20 1.02493e-20 5.7729e-21 3.24754e-21 1.82468e-21 1.024e-21 5.73993e-22 3.21376e-22 1.79734e-22 1.00407e-22 5.6031e-23 3.12339e-23 1.73928e-23 9.67525e-24 5.37669e-24 2.98493e-24 1.6555e-24 9.17282e-25 5.07768e-25
5.20558e-07 1.49764e-06 2.74357e-06 4.00671e-06 5.06876e-06 5.79248e-06 6.12941e-06 6.10297e-06 5.78193e-06 5.25457e-06 4.60887e-06 3.92022e-06 3.24587e-06 2.62415e-06 2.07675e-06 1.61227e-06 1.23006e-06 9.23668e-07 6.83566e-07 4.99136e-07 3.59974e-07 2.56638e-07 1.81015e-07 1.26403e-07 8.7442e-08 5.9959e-08 4.0774e-08 2.75112e-08 1.84255e-08 1.2254e-08 8.09555e-09 5.31452e-09 3.46788e-09 2.24992e-09 1.45173e-09 9.31808e-10 5.95094e-10 3.78229e-10 2.39287e-10 1.50715e-10 9.45244e-11 5.90405e-11 3.67317e-11 2.27656e-11 1.40579e-11 8.65019e-12 5.30447e-12 3.24206e-12 1.97519e-12 1.19964e-12 7.26418e-13 4.38591e-13 2.64063e-13 1.58549e-13 9.49438e-14 5.67084e-14 3.37861e-14 2.00802e-14 1.19061e-14 7.04311e-15 4.15703e-15 2.44822e-15 1.43877e-15 8.43778e-16 4.93837e-16 2.88456e-16 1.68165e-16 9.78528e-17 5.68344e-17 3.29509e-17 1.90704e-17 1.10181e-17 6.35513e-18 3.65955e-18 2.10394e-18 1.20769e-18 6.92164e-19 3.96103e-19 2.26342e-19 1.2915e-19 7.35883e-20 4.18716e-20 2.37924e-20 1.35014e-20 7.65155e-21 4.33074e-21 2.4481e-21 1.38216e-21 7.79397e-22 4.38978e-22 2.46955e-22 1.3877e-22 7.789e-23 4.36703e-23 2.44578e-23 1.36831e-23 7.64702e-24 4.26925e-24 2.38105e-24 1.32663e-24 7.38424e-25
2.55176e-07 7.67974e-07 1.45882e-06 2.19825e-06 2.85992e-06 3.35286e-06 3.63279e-06 3.69799e-06 3.57722e-06 3.31578e-06 2.96355e-06 2.5665e-06 2.16201e-06 1.77718e-06 1.42919e-06 1.12687e-06 8.72742e-07 6.64973e-07 4.99136e-07 3.69525e-07 2.70103e-07 1.95106e-07 1.39386e-07 9.8558e-08 6.90191e-08 4.78967e-08 3.29557e-08 2.24932e-08 1.52357e-08 1.02455e-08 6.84268e-09 4.54032e-09 2.99399e-09 1.96265e-09 1.27932e-09 8.2941e-10 5.34948e-10 3.4332e-10 2.19291e-10 1.3943e-10 8.82645e-11 5.56389e-11 3.49304e-11 2.18435e-11 1.36081e-11 8.44669e-12 5.22445e-12 3.22042e-12 1.97856e-12 1.2117e-12 7.39772e-13 4.50294e-13 2.73293e-13 1.65399e-13 9.98266e-14 6.00899e-14 3.60771e-14 2.16057e-14 1.29074e-14 7.69262e-15 4.57405e-15 2.7136e-15 1.60632e-15 9.48822e-16 5.59278e-16 3.2899e-16 1.93139e-16 1.13165e-16 6.61803e-17 3.86311e-17 2.2509e-17 1.3092e-17 7.6015e-18 4.40612e-18 2.54971e-18 1.47306e-18 8.49685e-19 4.89349e-19 2.81395e-19 1.61572e-19 9.26355e-20 5.30354e-20 3.03209e-20 1.73109e-20 9.8698e-21 5.61979e-21 3.1957e-21 1.81492e-21 1.02944e-21 5.8319e-22 3.29985e-22 1.86492e-22 1.05274e-22 5.93583e-23 3.34313e-23 1.8808e-23 1.05696e-23 5.93349e-24 3.32739e-24 1.864e-24 1.04315e-24
1.25086e-07 3.93044e-07 7.73156e-07 1.20085e-06 1.60524e-06 1.92912e-06 2.13869e-06 2.22432e-06 2.19566e-06 2.07463e-06 1.88846e-06 1.66432e-06 1.42576e-06 1.19109e-06 9.72924e-07 7.78787e-07 6.1204e-07 4.73002e-07 3.59974e-07 2.70103e-07 2.00032e-07 1.46348e-07 1.05865e-07 7.57741e-08 5.37006e-08 3.7704e-08 2.62412e-08 1.81126e-08 1.24043e-08 8.43214e-09 5.69169e-09 3.81623e-09 2.54246e-09 1.68356e-09 1.10836e-09 7.25631e-10 4.72541e-10 3.0616e-10 1.97392e-10 1.26669e-10 8.09186e-11 5.14679e-11 3.2599e-11 2.05645e-11 1.29223e-11 8.08959e-12 5.04585e-12 3.13628e-12 1.94276e-12 1.19948e-12 7.38212e-13 4.52924e-13 2.77056e-13 1.68983e-13 1.02776e-13 6.23376e-14 3.77092e-14 2.27519e-14 1.36927e-14 8.22045e-15 4.92336e-15 2.94181e-15 1.7538e-15 1.04324e-15 6.19227e-16 3.66775e-16 2.16798e-16 1.27891e-16 7.5296e-17 4.42457e-17 2.59512e-17 1.51931e-17 8.87892e-18 5.17979e-18 3.01661e-18 1.75387e-18 1.01804e-18 5.89972e-19 3.41362e-19 1.9721e-19 1.13759e-19 6.55235e-20 3.76859e-20 2.16442e-20 1.24136e-20 7.10978e-21 4.0666e-21 2.32291e-21 1.32517e-21 7.55017e-22 4.29635e-22 2.44179e-22 1.3861e-22 7.85895e-23 4.45071e-23 2.51766e-23 1.42257e-23 8.0292e-24 4.52686e-24 2.54951e-24 1.43436e-24
6.13167e-08 2.00799e-07 4.08531e-07 6.53385e-07 8.96667e-07 1.1038e-06 1.2513e-06 1.32884e-06 1.33779e-06 1.28787e-06 1.19336e-06 1.06979e-06 9.31568e-07 7.90592e-07 6.5568e-07 5.32624e-07 4.24594e-07 3.32712e-07 2.56638e-07 1.95106e-07 1.46348e-07 1.08414e-07 7.93852e-08 5.75012e-08 4.1228e-08 2.92789e-08 2.06065e-08 1.438e-08 9.95458e-09 6.83872e-09 4.66427e-09 3.1594e-09 2.12607e-09 1.42179e-09 9.45155e-10 6.24726e-10 4.10678e-10 2.68558e-10 1.7474e-10 1.13148e-10 7.29266e-11 4.67933e-11 2.98959e-11 1.90211e-11 1.20537e-11 7.60899e-12 4.78531e-12 2.99864e-12 1.87249e-12 1.16531e-12 7.22842e-13 4.46953e-13 2.75512e-13 1.69324e-13 1.03761e-13 6.3405e-14 3.86385e-14 2.34832e-14 1.42353e-14 8.60747e-15 5.19177e-15 3.12402e-15 1.87541e-15 1.12328e-15 6.713e-16 4.00315e-16 2.38214e-16 1.4146e-16 8.38346e-17 4.95856e-17 2.92719e-17 1.72475e-17 1.01438e-17 5.95518e-18 3.48996e-18 2.04172e-18 1.19244e-18 6.95277e-19 4.04739e-19 2.35235e-19 1.36506e-19 7.90929e-20 4.57587e-20 2.64346e-20 1.52492e-20 8.78426e-21 5.05315e-21 2.90287e-21 1.66538e-21 9.54178e-22 5.45991e-22 3.12027e-22 1.78097e-22 1.0153e-22 5.78105e-23 3.28782e-23 1.86769e-23 1.05976e-23 6.00647e-24 3.40059e-24 1.92316e-24
3.00572e-08 1.02417e-07 2.15266e-07 3.54197e-07 4.98635e-07 6.2833e-07 7.27899e-07 7.88861e-07 8.09541e-07 7.93639e-07 7.48265e-07 6.82016e-07 6.03447e-07 5.20056e-07 4.37756e-07 3.60741e-07 2.91603e-07 2.31609e-07 1.81015e-07 1.39386e-07 1.05865e-07 7.93852e-08 5.88245e-08 4.31067e-08 3.12611e-08 2.24495e-08 1.59735e-08 1.1267e-08 7.88204e-09 5.4711e-09 3.76954e-09 2.57893e-09 1.75255e-09 1.18337e-09 7.94164e-10 5.29856e-10 3.51537e-10 2.31979e-10 1.52296e-10 9.94891e-11 6.46835e-11 4.1862e-11 2.69729e-11 1.73056e-11 1.10576e-11 7.03734e-12 4.46162e-12 2.81816e-12 1.7737e-12 1.11246e-12 6.95387e-13 4.33262e-13 2.69091e-13 1.66614e-13 1.02856e-13 6.33118e-14 3.88612e-14 2.37879e-14 1.45224e-14 8.84284e-15 5.37089e-15 3.25409e-15 1.96685e-15 1.18602e-15 7.1355e-16 4.28338e-16 2.56569e-16 1.53355e-16 9.14726e-17 5.44507e-17 3.23485e-17 1.91806e-17 1.13514e-17 6.70547e-18 3.95386e-18 2.32725e-18 1.36744e-18 8.0211e-19 4.69716e-19 2.74616e-19 1.60296e-19 9.34189e-20 5.43599e-20 3.1584e-20 1.83236e-20 1.06151e-20 6.14071e-21 3.54735e-21 2.04641e-21 1.17895e-21 6.78298e-22 3.89745e-22 2.23658e-22 1.28187e-22 7.33778e-23 4.19525e-23 2.3957e-23 1.36646e-23 7.78501e-24 4.43025e-24 2.51832e-24
1.47339e-08 5.21579e-08 1.13137e-07 1.91351e-07 2.7614e-07 3.55961e-07 4.21162e-07 4.65554e-07 4.86765e-07 4.85743e-07 4.65787e-07 4.31483e-07 3.87766e-07 3.39231e-07 2.89714e-07 2.42115e-07 1.98392e-07 1.59669e-07 1.26403e-07 9.8558e-08 7.57741e-08 5.75012e-08 4.31067e-08 3.195e-08 2.34295e-08 1.70099e-08 1.22331e-08 8.71964e-09 6.16305e-09 4.32135e-09 3.00708e-09 2.07747e-09 1.4254e-09 9.71597e-10 6.58134e-10 4.43137e-10 2.96666e-10 1.97518e-10 1.30813e-10 8.6197e-11 5.65213e-11 3.68886e-11 2.39666e-11 1.55033e-11 9.98649e-12 6.40671e-12 4.09402e-12 2.60624e-12 1.65303e-12 1.04471e-12 6.57985e-13 4.13029e-13 2.58425e-13 1.61183e-13 1.00224e-13 6.2135e-14 3.84099e-14 2.36771e-14 1.45554e-14 8.92405e-15 5.45724e-15 3.32879e-15 2.02548e-15 1.22949e-15 7.44572e-16 4.49876e-16 2.71212e-16 1.63147e-16 9.79314e-17 5.86626e-17 3.50685e-17 2.09223e-17 1.24582e-17 7.40415e-18 4.39223e-18 2.60078e-18 1.53726e-18 9.07047e-19 5.3428e-19 3.1418e-19 1.84448e-19 1.08111e-19 6.32668e-20 3.69666e-20 2.15666e-20 1.25634e-20 7.30792e-21 4.24479e-21 2.4621e-21 1.42611e-21 8.2491e-22 4.76519e-22 2.74905e-22 1.58388e-22 9.11407e-23 5.23792e-23 3.00657e-23 1.7237e-23 9.87037e-24 5.64545e-24 3.22526e-24
7.22251e-09 2.65253e-08 5.93192e-08 1.03045e-07 1.52333e-07 2.00758e-07 2.42466e-07 2.73242e-07 2.90944e-07 2.95403e-07 2.87985e-07 2.71032e-07 2.47305e-07 2.19545e-07 1.90172e-07 1.61121e-07 1.33791e-07 1.09076e-07 8.7442e-08 6.90191e-08 5.37006e-08 4.1228e-08 3.12611e-08 2.34295e-08 1.73695e-08 1.27456e-08 9.26278e-09 6.67054e-09 4.76249e-09 3.37253e-09 2.36976e-09 1.6529e-09 1.1448e-09 7.87589e-10 5.38374e-10 3.65767e-10 2.47044e-10 1.65919e-10 1.10834e-10 7.36531e-11 4.87013e-11 3.20481e-11 2.09919e-11 1.36886e-11 8.88784e-12 5.74678e-12 3.70087e-12 2.37407e-12 1.51721e-12 9.66084e-13 6.12982e-13 3.87607e-13 2.44281e-13 1.53457e-13 9.60996e-14 5.99974e-14 3.73471e-14 2.31808e-14 1.43477e-14 8.85629e-15 5.45212e-15 3.34775e-15 2.05043e-15 1.25275e-15 7.6356e-16 4.64304e-16 2.81687e-16 1.70514e-16 1.02993e-16 6.20762e-17 3.73368e-17 2.24111e-17 1.34253e-17 8.02669e-18 4.78981e-18 2.85292e-18 1.69615e-18 1.00661e-18 5.96338e-19 3.52677e-19 2.08223e-19 1.22733e-19 7.22256e-20 4.24354e-20 2.48936e-20 1.45808e-20 8.52749e-21 4.9799e-21 2.90396e-21 1.69099e-21 9.83301e-22 5.70998e-22 3.31128e-22 1.9177e-22 1.10918e-22 6.40711e-23 3.69639e-23 2.12987e-23 1.22575e-23 7.04574e-24 4.0452e-24
3.54045e-09 1.34721e-08 3.10323e-08 5.53262e-08 8.37307e-08 1.12753e-07 1.38935e-07 1.59545e-07 1.72931e-07 1.78575e-07 1.76924e-07 1.69105e-07 1.56612e-07 1.4104e-07 1.23875e-07 1.06368e-07 8.94815e-08 7.38797e-08 5.9959e-08 4.78967e-08 3.7704e-08 2.92789e-08 2.24495e-08 1.70099e-08 1.27456e-08 9.45098e-09 6.9392e-09 5.04775e-09 3.63965e-09 2.60251e-09 1.84621e-09 1.29985e-09 9.08617e-10 6.30799e-10 4.35066e-10 2.98192e-10 2.03156e-10 1.37614e-10 9.27039e-11 6.21193e-11 4.1413e-11 2.74734e-11 1.81397e-11 1.19224e-11 7.80159e-12 5.08338e-12 3.29864e-12 2.13201e-12 1.37268e-12 8.80495e-13 5.62749e-13 3.5841e-13 2.27492e-13 1.43919e-13 9.07564e-14 5.70534e-14 3.57577e-14 2.23448e-14 1.39231e-14 8.65132e-15 5.36101e-15 3.31329e-15 2.04244e-15 1.25586e-15 7.70316e-16 4.71359e-16 2.87752e-16 1.75263e-16 1.0651e-16 6.45863e-17 3.90809e-17 2.35983e-17 1.42203e-17 8.55204e-18 5.13311e-18 3.0751e-18 1.83875e-18 1.09746e-18 6.53844e-19 3.88859e-19 2.30866e-19 1.36833e-19 8.09655e-20 4.783e-20 2.82102e-20 1.66123e-20 9.76754e-21 5.73434e-21 3.36152e-21 1.96768e-21 1.15014e-21 6.7133e-22 3.9131e-22 2.27779e-22 1.32412e-22 7.68723e-23 4.45708e-23 2.58095e-23 1.49268e-23 8.6222e-24 4.97445e-24
1.73551e-09 6.83408e-09 1.62004e-08 2.96223e-08 4.58669e-08 6.30773e-08 7.92611e-08 9.27076e-08 1.02248e-07 1.07345e-07 1.08045e-07 1.04844e-07 9.85221e-08 8.99796e-08 8.01072e-08 6.96951e-08 5.93823e-08 4.96391e-08 4.0774e-08 3.29557e-08 2.62412e-08 2.06065e-08 1.59735e-08 1.22331e-08 9.26278e-09 6.9392e-09 5.14645e-09 3.78077e-09 2.75263e-09 1.98707e-09 1.42286e-09 1.01103e-09 7.13151e-10 4.99525e-10 3.47559e-10 2.40281e-10 1.651e-10 1.12778e-10 7.66036e-11 5.17511e-11 3.47796e-11 2.32568e-11 1.54765e-11 1.02511e-11 6.75945e-12 4.43775e-12 2.90127e-12 1.88907e-12 1.22517e-12 7.91569e-13 5.09537e-13 3.26819e-13 2.08895e-13 1.3307e-13 8.4491e-14 5.34756e-14 3.37408e-14 2.12249e-14 1.33125e-14 8.32598e-15 5.1928e-15 3.2299e-15 2.00369e-15 1.2398e-15 7.65205e-16 4.71129e-16 2.89374e-16 1.77323e-16 1.08411e-16 6.61324e-17 4.02536e-17 2.44494e-17 1.48191e-17 8.96374e-18 5.41111e-18 3.26011e-18 1.9604e-18 1.17663e-18 7.04916e-19 4.21551e-19 2.51648e-19 1.49963e-19 8.92144e-20 5.2986e-20 3.14178e-20 1.85992e-20 1.09932e-20 6.48761e-21 3.82282e-21 2.24923e-21 1.32144e-21 7.75237e-22 4.54158e-22 2.65689e-22 1.5522e-22 9.05597e-23 5.27654e-23 3.07042e-23 1.78439e-23 1.0357e-23 6.00402e-24
8.50742e-10 3.46285e-09 8.44089e-09 1.58186e-08 2.50455e-08 3.51573e-08 4.50305e-08 5.36248e-08 6.01573e-08 6.41856e-08 6.56099e-08 6.46164e-08 6.15915e-08 5.70294e-08 5.14511e-08 4.53432e-08 3.9119e-08 3.30996e-08 2.75112e-08 2.24932e-08 1.81126e-08 1.438e-08 1.1267e-08 8.71964e-09 6.67054e-09 5.04775e-09 3.78077e-09 2.8045e-09 2.06134e-09 1.502e-09 1.08544e-09 7.78264e-10 5.5386e-10 3.91355e-10 2.7465e-10 1.91493e-10 1.32681e-10 9.13822e-11 6.25769e-11 4.26151e-11 2.8867e-11 1.94543e-11 1.30462e-11 8.70733e-12 5.78482e-12 3.82618e-12 2.51987e-12 1.65267e-12 1.07957e-12 7.02461e-13 4.55361e-13 2.94103e-13 1.89279e-13 1.21397e-13 7.75991e-14 4.94417e-14 3.14018e-14 1.98829e-14 1.25517e-14 7.90058e-15 4.95884e-15 3.10383e-15 1.93751e-15 1.20627e-15 7.49083e-16 4.64008e-16 2.8672e-16 1.76747e-16 1.087e-16 6.66985e-17 4.0835e-17 2.4946e-17 1.52069e-17 9.25069e-18 5.61588e-18 3.40245e-18 2.05738e-18 1.24166e-18 7.47947e-19 4.49717e-19 2.69912e-19 1.61709e-19 9.67142e-20 5.77439e-20 3.44187e-20 2.04818e-20 1.21687e-20 7.2182e-21 4.27504e-21 2.52806e-21 1.49274e-21 8.80113e-22 5.18161e-22 3.0463e-22 1.78843e-22 1.04851e-22 6.13887e-23 3.58942e-23 2.096e-23 1.22236e-23 7.11959e-24
4.1703e-10 1.75277e-09 4.38988e-09 8.42651e-09 1.36349e-08 1.95275e-08 2.54833e-08 3.0885e-08 3.52285e-08 3.81873e-08 3.96297e-08 3.96001e-08 3.8277e-08 3.59223e-08 3.28333e-08 2.93028e-08 2.55918e-08 2.1913e-08 1.84255e-08 1.52357e-08 1.24043e-08 9.95458e-09 7.88204e-09 6.16305e-09 4.76249e-09 3.63965e-09 2.75263e-09 2.06134e-09 1.52932e-09 1.1246e-09 8.20062e-10 5.93225e-10 4.25873e-10 3.03515e-10 2.14812e-10 1.51025e-10 1.05504e-10 7.3255e-11 5.05657e-11 3.47076e-11 2.36939e-11 1.60909e-11 1.08727e-11 7.31116e-12 4.89327e-12 3.26021e-12 2.16267e-12 1.42855e-12 9.39769e-13 6.15775e-13 4.0193e-13 2.61372e-13 1.69353e-13 1.09345e-13 7.03595e-14 4.51235e-14 2.88457e-14 1.83821e-14 1.16783e-14 7.39726e-15 4.672e-15 2.94244e-15 1.84805e-15 1.15759e-15 7.23192e-16 4.50652e-16 2.8012e-16 1.73694e-16 1.07446e-16 6.63108e-17 4.08307e-17 2.50854e-17 1.53783e-17 9.40738e-18 5.74277e-18 3.49853e-18 2.12706e-18 1.29069e-18 7.81678e-19 4.72516e-19 2.85103e-19 1.71712e-19 1.03235e-19 6.1958e-20 3.71214e-20 2.22035e-20 1.32588e-20 7.90468e-21 4.70515e-21 2.79631e-21 1.65932e-21 9.83157e-22 5.81663e-22 3.43628e-22 2.02714e-22 1.19417e-22 7.02508e-23 4.12709e-23 2.42134e-23 1.41871e-23 8.30177e-24
2.04427e-10 8.86309e-10 2.27912e-09 4.47835e-09 7.40196e-09 1.08106e-08 1.43681e-08 1.77159e-08 2.05392e-08 2.26122e-08 2.38168e-08 2.414e-08 2.36549e-08 2.24949e-08 2.08247e-08 1.88169e-08 1.66324e-08 1.44088e-08 1.2254e-08 1.02455e-08 8.43214e-09 6.83872e-09 5.4711e-09 4.32135e-09 3.37253e-09 2.60251e-09 1.98707e-09 1.502e-09 1.1246e-09 8.34473e-10 6.13913e-10 4.47983e-10 3.24373e-10 2.33136e-10 1.66379e-10 1.17935e-10 8.30556e-11 5.81288e-11 4.04405e-11 2.79735e-11 1.92432e-11 1.31673e-11 8.9637e-12 6.07197e-12 4.09353e-12 2.74702e-12 1.83522e-12 1.22079e-12 8.08683e-13 5.33529e-13 3.50618e-13 2.2954e-13 1.49719e-13 9.7306e-14 6.30216e-14 4.06788e-14 2.61708e-14 1.67832e-14 1.07295e-14 6.83855e-15 4.34574e-15 2.75367e-15 1.73996e-15 1.09642e-15 6.89049e-16 4.31907e-16 2.70037e-16 1.68412e-16 1.04778e-16 6.50323e-17 4.02699e-17 2.48796e-17 1.5337e-17 9.43389e-18 5.7905e-18 3.54678e-18 2.16803e-18 1.32259e-18 8.05257e-19 4.89337e-19 2.96799e-19 1.79686e-19 1.08587e-19 6.55042e-20 3.94459e-20 2.37132e-20 1.42314e-20 8.52686e-21 5.10065e-21 3.04628e-21 1.8165e-21 1.08151e-21 6.42943e-22 3.81652e-22 2.26218e-22 1.33895e-22 7.91386e-23 4.67098e-23 2.75318e-23 1.6206e-23 9.52673e-24
1.00209e-10 4.47753e-10 1.18134e-09 2.37484e-09 4.00753e-09 5.96629e-09 8.07282e-09 1.01229e-08 1.1925e-08 1.33296e-08 1.42453e-08 1.46414e-08 1.45412e-08 1.40084e-08 1.31319e-08 1.20108e-08 1.07423e-08 9.41343e-09 8.09555e-09 6.84268e-09 5.69169e-09 4.66427e-09 3.76954e-09 3.00708e-09 2.36976e-09 1.84621e-09 1.42286e-09 1.08544e-09 8.20062e-10 6.13913e-10 4.55598e-10 3.35318e-10 2.4485e-10 1.77447e-10 1.27675e-10 9.12321e-11 6.4762e-11 4.56816e-11 3.20272e-11 2.23232e-11 1.54721e-11 1.06657e-11 7.31415e-12 4.99056e-12 3.38861e-12 2.2901e-12 1.54068e-12 1.03196e-12 6.88282e-13 4.57171e-13 3.02451e-13 1.99319e-13 1.30861e-13 8.56018e-14 5.57976e-14 3.62452e-14 2.34654e-14 1.51422e-14 9.74021e-15 6.24605e-15 3.99331e-15 2.54557e-15 1.61805e-15 1.02562e-15 6.4833e-16 4.08743e-16 2.57025e-16 1.61213e-16 1.00866e-16 6.29559e-17 3.92012e-17 2.43532e-17 1.50948e-17 9.33539e-18 5.76096e-18 3.54759e-18 2.18005e-18 1.33694e-18 8.18258e-19 4.99822e-19 3.04724e-19 1.85429e-19 1.12628e-19 6.82852e-20 4.1327e-20 2.49679e-20 1.50586e-20 9.06684e-21 5.45016e-21 3.27082e-21 1.95979e-21 1.17242e-21 7.00301e-22 4.17666e-22 2.48729e-22 1.47907e-22 8.78258e-23 5.20765e-23 3.08358e-23 1.82336e-23 1.07672e-23
4.91221e-11 2.26e-10 6.11385e-10 1.25676e-09 2.16424e-09 3.28306e-09 4.52076e-09 5.76316e-09 6.8962e-09 7.82427e-09 8.48183e-09 8.83782e-09 8.89376e-09 8.67759e-09 8.23535e-09 7.62264e-09 6.89703e-09 6.11228e-09 5.31452e-09 4.54032e-09 3.81623e-09 3.1594e-09 2.57893e-09 2.07747e-09 1.6529e-09 1.29985e-09 1.01103e-09 7.78264e-10 5.93225e-10 4.47983e-10 3.35318e-10 2.4888e-10 1.83246e-10 1.3389e-10 9.71129e-11 6.99455e-11 5.00408e-11 3.55705e-11 2.51285e-11 1.76465e-11 1.23215e-11 8.55613e-12 5.90993e-12 4.06126e-12 2.77709e-12 1.88992e-12 1.28023e-12 8.63358e-13 5.79713e-13 3.87626e-13 2.58135e-13 1.71225e-13 1.13142e-13 7.44845e-14 4.88584e-14 3.19366e-14 2.08043e-14 1.35075e-14 8.74164e-15 5.63952e-15 3.62709e-15 2.32582e-15 1.48705e-15 9.48069e-16 6.02765e-16 3.8219e-16 2.41691e-16 1.52447e-16 9.59138e-17 6.01963e-17 3.76886e-17 2.35409e-17 1.46701e-17 9.12142e-18 5.65886e-18 3.50311e-18 2.164e-18 1.334e-18 8.20673e-19 5.03867e-19 3.08753e-19 1.8883e-19 1.15269e-19 7.02349e-20 4.27173e-20 2.59347e-20 1.57181e-20 9.50982e-21 5.74397e-21 3.46364e-21 2.0852e-21 1.25333e-21 7.52148e-22 4.50681e-22 2.69634e-22 1.61077e-22 9.60841e-23 5.72325e-23 3.40421e-23 2.02201e-23 1.19936e-23
2.40795e-11 1.13977e-10 3.15954e-10 6.63766e-10 1.16598e-09 1.80153e-09 2.52367e-09 3.26971e-09 3.97305e-09 4.57415e-09 5.02845e-09 5.31039e-09 5.41362e-09 5.34845e-09 5.13761e-09 4.81143e-09 4.40325e-09 3.94567e-09 3.46788e-09 2.99399e-09 2.54246e-09 2.12607e-09 1.75255e-09 1.4254e-09 1.1448e-09 9.08617e-10 7.13151e-10 5.5386e-10 4.25873e-10 3.24373e-10 2.4485e-10 1.83246e-10 1.36026e-10 1.0019e-10 7.32473e-11 5.31694e-11 3.83323e-11 2.74551e-11 1.9541e-11 1.38243e-11 9.72332e-12 6.80064e-12 4.73085e-12 3.27389e-12 2.25426e-12 1.54466e-12 1.05346e-12 7.15202e-13 4.83422e-13 3.25365e-13 2.18081e-13 1.45587e-13 9.68137e-14 6.41368e-14 4.23332e-14 2.78423e-14 1.82481e-14 1.19197e-14 7.76032e-15 5.03621e-15 3.25815e-15 2.10144e-15 1.35136e-15 8.66504e-16 5.54041e-16 3.53277e-16 2.24656e-16 1.42488e-16 9.01407e-17 5.68817e-17 3.5806e-17 2.24851e-17 1.40868e-17 8.80502e-18 5.49123e-18 3.41703e-18 2.12173e-18 1.31465e-18 8.12889e-19 5.01611e-19 3.08913e-19 1.8987e-19 1.16478e-19 7.13199e-20 4.35889e-20 2.65922e-20 1.61942e-20 9.84474e-21 5.97453e-21 3.61968e-21 2.18936e-21 1.32207e-21 7.97076e-22 4.798e-22 2.88369e-22 1.73051e-22 1.03694e-22 6.20426e-23 3.70679e-23 2.2115e-23 1.31755e-23
