0.892221 0.02179 0.0121056 0.00672532 0.00373629 0.00207572 0.00115318 0.000640653 0.000355919 0.000197733 0.000109851 6.10286e-05 3.39048e-05 1.8836e-05 1.04644e-05 5.81357e-06 3.22976e-06 1.79431e-06 9.9684e-07 5.538e-07 3.07667e-07 1.70926e-07 9.49589e-08 5.27549e-08 2.93083e-08 1.62824e-08 9.04577e-09 5.02543e-09 2.7919e-09 1.55106e-09 8.61699e-10 4.78722e-10 2.65956e-10 1.47754e-10 8.20853e-11 4.5603e-11 2.5335e-11 1.4075e-11 7.81944e-12 4.34413e-12 2.41341e-12 1.34078e-12 7.44879e-13 4.13821e-13 2.29901e-13 1.27723e-13 7.0957e-14 3.94206e-14 2.19003e-14 1.21668e-14 6.75936e-15 3.7552e-15 2.08622e-15 1.15901e-15 6.43896e-16 3.5772e-16 1.98733e-16 1.10407e-16 6.13374e-17 3.40763e-17 1.89313e-17 1.05174e-17 5.84299e-18 3.24611e-18 1.80339e-18 1.00188e-18 5.56603e-19 3.09224e-19 1.71791e-19 9.54394e-20 5.30219e-20 2.94566e-20 1.63648e-20 9.09155e-21 5.05086e-21 2.80603e-21 1.55891e-21 8.6606e-22 4.81144e-22 2.67302e-22 1.48501e-22 8.25007e-23 4.58337e-23 2.54632e-23 1.41462e-23 7.85901e-24 4.36612e-24 2.42562e-24 1.34757e-24 7.48648e-25 4.15916e-25 2.31064e-25 1.28369e-25 7.13161e-26 3.96201e-26 2.20111e-26 1.22284e-26 6.79356e-27 3.7742e-27 2.09678e-27 1.16488e-27
0.02179 0.00176768 0.001013 0.000579972 0.00033176 0.000189618 0.000108292 6.18002e-05 3.52434e-05 2.00852e-05 1.14393e-05 6.51123e-06 3.70403e-06 2.10596e-06 1.19673e-06 6.79715e-07 3.85877e-07 2.18964e-07 1.24195e-07 7.04134e-08 3.99052e-08 2.26066e-08 1.2802e-08 7.2471e-09 4.1011e-09 2.32002e-09 1.31203e-09 7.41754e-10 4.19224e-10 2.36868e-10 1.33796e-10 7.55554e-11 4.26552e-11 2.40751e-11 1.35849e-11 7.66378e-12 4.32243e-12 2.43734e-12 1.37407e-12 7.74479e-13 4.36437e-13 2.45893e-13 1.38512e-13 7.8009e-14 4.39261e-14 2.473e-14 1.39203e-14 7.83429e-15 4.40838e-15 2.48021e-15 1.39517e-15 7.84698e-16 4.41278e-16 2.48118e-16 1.39489e-16 7.84087e-17 4.40685e-17 2.47648e-17 1.39151e-17 7.81771e-18 4.39158e-18 2.46666e-18 1.3853e-18 7.77913e-19 4.36785e-19 2.4522e-19 1.37656e-19 7.72663e-20 4.3365e-20 2.43357e-20 1.36554e-20 7.66164e-21 4.29831e-21 2.41119e-21 1.35247e-21 7.58545e-22 4.25399e-22 2.38547e-22 1.33756e-22 7.49926e-23 4.20422e-23 2.35677e-23 1.32104e-23 7.4042e-24 4.14961e-24 2.32544e-24 1.30307e-24 7.30131e-25 4.09074e-25 2.29177e-25 1.28384e-25 7.19153e-26 4.02811e-26 2.25608e-26 1.26351e-26 7.07575e-27 3.96224e-27 2.21861e-27 1.24221e-27 6.95479e-28 3.89356e-28
0.0121056 0.001013 0.000582483 0.000334594 0.000192016 0.000110095 6.30715e-05 3.61035e-05 2.06509e-05 1.18036e-05 6.74214e-06 3.84857e-06 2.1955e-06 1.25174e-06 7.13267e-07 4.06217e-07 2.31229e-07 1.31558e-07 7.48145e-08 4.25267e-08 2.4163e-08 1.37234e-08 7.79108e-09 4.4215e-09 2.50831e-09 1.42246e-09 8.064e-10 4.57002e-10 2.58909e-10 1.46637e-10 8.30256e-11 4.69954e-11 2.65936e-11 1.50447e-11 8.50896e-12 4.81127e-12 2.7198e-12 1.53713e-12 8.68533e-13 4.90641e-13 2.77106e-13 1.56472e-13 8.83364e-14 4.98603e-14 2.81376e-14 1.58758e-14 8.9558e-15 5.05121e-15 2.84847e-15 1.60603e-15 9.05361e-16 5.10294e-16 2.87575e-16 1.62037e-16 9.12875e-17 5.14215e-17 2.89612e-17 1.6309e-17 9.18284e-18 5.16975e-18 2.91008e-18 1.63789e-18 9.21741e-19 5.18657e-19 2.91809e-19 1.6416e-19 9.23388e-20 5.19341e-20 2.92061e-20 1.64227e-20 9.23363e-21 5.19103e-21 2.91804e-21 1.64015e-21 9.21794e-22 5.18015e-22 2.91078e-22 1.63544e-22 9.18802e-23 5.16143e-23 2.8992e-23 1.62836e-23 9.14502e-24 5.1355e-24 2.88367e-24 1.6191e-24 9.09002e-25 5.10298e-25 2.8645e-25 1.60783e-25 9.02404e-26 5.06441e-26 2.84201e-26 1.59475e-26 8.94803e-27 5.02034e-27 2.8165e-27 1.58e-27 8.8629e-28 4.97126e-28 2.78824e-28
0.00672532 0.000579972 0.000334594 0.000192819 0.000111003 6.3841e-05 3.66833e-05 2.10602e-05 1.2081e-05 6.92487e-06 3.96645e-06 2.27035e-06 1.29866e-06 7.42386e-07 4.24134e-07 2.42175e-07 1.38204e-07 7.88289e-08 4.49402e-08 2.5608e-08 1.45855e-08 8.30373e-09 4.72545e-09 2.68805e-09 1.52849e-09 8.68809e-10 4.93661e-10 2.80403e-10 1.59217e-10 9.03765e-11 5.12843e-11 2.90926e-11 1.64988e-11 9.35404e-12 5.30183e-12 3.00426e-12 1.70191e-12 9.63884e-13 5.45769e-13 3.08951e-13 1.74852e-13 9.89361e-14 5.59686e-14 3.1655e-14 1.78999e-14 1.01198e-14 5.72018e-15 3.23269e-15 1.82658e-15 1.03189e-15 5.82847e-16 3.29154e-16 1.85854e-16 1.04923e-16 5.92249e-17 3.34247e-17 1.8861e-17 1.06414e-17 6.003e-18 3.38591e-18 1.90952e-18 1.07674e-18 6.07073e-19 3.42227e-19 1.929e-19 1.08716e-19 6.12639e-20 3.45193e-20 1.94477e-20 1.09553e-20 6.17065e-21 3.47528e-21 1.95704e-21 1.10196e-21 6.20417e-22 3.49267e-22 1.96602e-22 1.10656e-22 6.22757e-23 3.50446e-23 1.97189e-23 1.10944e-23 6.24146e-24 3.51099e-24 1.97485e-24 1.11071e-24 6.24642e-25 3.51257e-25 1.97507e-25 1.11047e-25 6.243e-26 3.50952e-26 1.97273e-26 1.10881e-26 6.23175e-27 3.50213e-27 1.96799e-27 1.10582e-27 6.21317e-28 3.4907e-28 1.96102e-28
0.00373629 0.00033176 0.000192016 0.000111003 6.40987e-05 3.6975e-05 2.13079e-05 1.2268e-05 7.05707e-06 4.05619e-06 2.32956e-06 1.33692e-06 7.66715e-07 4.39412e-07 2.51671e-07 1.44056e-07 8.24096e-08 4.71177e-08 2.69253e-08 1.53786e-08 8.77936e-09 5.00964e-09 2.8573e-09 1.62899e-09 9.28327e-10 5.28824e-10 3.01131e-10 1.71411e-10 9.75363e-11 5.54811e-11 3.15486e-11 1.79339e-11 1.01914e-11 5.78978e-12 3.28825e-12 1.867e-12 1.05975e-12 6.01381e-13 3.41179e-13 1.93511e-13 1.0973e-13 6.22073e-14 3.5258e-14 1.99791e-14 1.13188e-14 6.41111e-15 3.63058e-15 2.05557e-15 1.1636e-15 6.58551e-16 3.72646e-16 2.10826e-16 1.19254e-16 6.74448e-17 3.81373e-17 2.15616e-17 1.21882e-17 6.88859e-18 3.89273e-18 2.19944e-18 1.24253e-18 7.01838e-19 3.96375e-19 2.23828e-19 1.26376e-19 7.1344e-20 4.0271e-20 2.27286e-20 1.28262e-20 7.2372e-21 4.0831e-21 2.30334e-21 1.2992e-21 7.32731e-22 4.13204e-22 2.32989e-22 1.31359e-22 7.40526e-23 4.17421e-23 2.35268e-23 1.3259e-23 7.47158e-24 4.20991e-24 2.37188e-24 1.3362e-24 7.52677e-25 4.23943e-25 2.38763e-25 1.34459e-25 7.57134e-26 4.26304e-26 2.4001e-26 1.35115e-26 7.60578e-27 4.28103e-27 2.40945e-27 1.35598e-27 7.63058e-28 4.29366e-28 2.41582e-28 1.35916e-28
0.00207572 0.000189618 0.000110095 6.3841e-05 3.6975e-05 2.13909e-05 1.2362e-05 7.13708e-06 4.11666e-06 2.37239e-06 1.36604e-06 7.85956e-07 4.51864e-07 2.59602e-07 1.49044e-07 8.55143e-08 4.9034e-08 2.80996e-08 1.60938e-08 9.21265e-09 5.27092e-09 3.01421e-09 1.72288e-09 9.84327e-10 5.62125e-10 3.20881e-10 1.83096e-10 1.04434e-10 5.95448e-11 3.3938e-11 1.93364e-11 1.10133e-11 6.27073e-12 3.56927e-12 2.03099e-12 1.15533e-12 6.57017e-13 3.73531e-13 2.12304e-13 1.20636e-13 6.853e-14 3.89204e-14 2.20988e-14 1.25446e-14 7.11944e-15 4.03959e-15 2.29158e-15 1.29969e-15 7.36976e-16 4.17811e-16 2.36821e-16 1.34208e-16 7.60422e-17 4.30776e-17 2.43989e-17 1.3817e-17 7.82314e-18 4.42871e-18 2.5067e-18 1.41859e-18 8.02683e-19 4.54114e-19 2.56874e-19 1.45282e-19 8.21563e-20 4.64525e-20 2.62613e-20 1.48445e-20 8.38989e-21 4.74123e-21 2.67898e-21 1.51354e-21 8.54998e-22 4.82929e-22 2.72741e-22 1.54016e-22 8.69627e-23 4.90965e-23 2.77153e-23 1.56438e-23 8.82914e-24 4.98251e-24 2.81147e-24 1.58626e-24 8.94898e-25 5.04811e-25 2.84736e-25 1.60588e-25 9.05618e-26 5.10665e-26 2.87931e-26 1.62331e-26 9.15115e-27 5.15837e-27 2.90745e-27 1.63861e-27 9.23428e-28 5.20349e-28 2.93192e-28 1.65186e-28 9.30598e-29
0.00115318 0.000108292 6.30715e-05 3.66833e-05 2.13079e-05 1.2362e-05 7.16386e-06 4.14708e-06 2.3983e-06 1.38566e-06 7.99872e-07 4.61339e-07 2.65872e-07 1.53108e-07 8.81066e-08 5.06667e-08 2.91174e-08 1.67229e-08 9.59872e-09 5.5064e-09 3.15707e-09 1.80915e-09 1.03621e-09 5.93214e-10 3.39449e-10 1.94153e-10 1.11001e-10 6.34353e-11 3.62378e-11 2.06931e-11 1.18122e-11 6.74026e-12 3.8448e-12 2.19242e-12 1.24978e-12 7.12208e-13 4.0574e-13 2.31078e-13 1.31567e-13 7.4888e-14 4.26148e-14 2.42435e-14 1.37885e-14 7.84029e-15 4.45699e-15 2.53307e-15 1.43931e-15 8.17644e-16 4.64386e-16 2.63695e-16 1.49704e-16 8.49723e-17 4.82209e-17 2.73596e-17 1.55203e-17 8.80264e-18 4.99167e-18 2.83011e-18 1.6043e-18 9.0927e-19 5.15264e-19 2.91942e-19 1.65384e-19 9.3675e-20 5.30503e-20 3.00391e-20 1.70068e-20 9.62714e-21 5.44891e-21 3.08363e-21 1.74485e-21 9.87174e-22 5.58437e-22 3.15863e-22 1.78636e-22 1.01015e-22 5.71148e-23 3.22895e-23 1.82525e-23 1.03165e-23 5.83037e-24 3.29466e-24 1.86156e-24 1.05171e-24 5.94116e-25 3.35583e-25 1.89533e-25 1.07035e-25 6.04397e-26 3.41253e-26 1.92659e-26 1.08758e-26 6.13895e-27 3.46486e-27 1.95541e-27 1.10345e-27 6.22625e-28 3.51288e-28 1.98182e-28 1.11796e-28 6.30603e-29
0.000640653 6.18002e-05 3.61035e-05 2.10602e-05 1.2268e-05 7.13708e-06 4.14708e-06 2.40698e-06 1.39553e-06 8.08291e-07 4.67721e-07 2.70406e-07 1.56199e-07 9.01555e-08 5.19965e-08 2.99669e-08 1.72587e-08 9.93319e-09 5.71342e-09 3.2843e-09 1.88686e-09 1.08342e-09 6.2176e-10 3.5664e-10 2.04468e-10 1.1717e-10 6.71137e-11 3.84253e-11 2.19908e-11 1.25803e-11 7.19397e-12 4.11229e-12 2.34985e-12 1.34228e-12 7.66475e-13 4.37531e-13 2.49678e-13 1.42435e-13 8.12309e-14 4.63126e-14 2.63969e-14 1.50413e-14 8.56847e-15 4.87985e-15 2.77843e-15 1.58155e-15 9.00043e-16 5.12083e-16 2.91285e-16 1.65653e-16 9.41854e-17 5.35397e-17 3.04284e-17 1.72899e-17 9.82247e-18 5.5791e-18 3.16829e-18 1.79889e-18 1.02119e-18 5.79604e-19 3.28913e-19 1.86619e-19 1.05866e-19 6.00468e-20 3.40528e-20 1.93084e-20 1.09465e-20 6.20492e-21 3.51669e-21 1.99282e-21 1.12912e-21 6.39666e-22 3.62332e-22 2.05211e-22 1.16208e-22 6.57987e-23 3.72514e-23 2.10869e-23 1.19352e-23 6.75452e-24 3.82214e-24 2.16256e-24 1.22343e-24 6.92059e-25 3.91433e-25 2.21372e-25 1.25182e-25 7.07809e-26 4.0017e-26 2.26218e-26 1.27869e-26 7.22706e-27 4.08427e-27 2.30794e-27 1.30405e-27 7.36755e-28 4.16208e-28 2.35103e-28 1.32791e-28 7.4996e-29 4.23517e-29
0.000355919 3.52434e-05 2.06509e-05 1.2081e-05 7.05707e-06 4.11666e-06 2.3983e-06 1.39553e-06 8.11109e-07 4.70931e-07 2.73149e-07 1.58281e-07 9.16368e-08 5.30079e-08 3.06381e-08 1.7695e-08 1.02122e-08 5.88966e-09 3.39447e-09 1.95514e-09 1.12543e-09 6.47457e-10 3.72271e-10 2.13932e-10 1.22877e-10 7.05426e-11 4.04786e-11 2.32167e-11 1.33102e-11 7.62756e-12 4.36925e-12 2.50183e-12 1.43199e-12 8.19338e-13 4.68629e-13 2.67945e-13 1.53149e-13 8.7507e-14 4.99842e-14 2.85423e-14 1.62936e-14 9.29859e-15 5.30512e-15 3.0259e-15 1.72543e-15 9.8362e-16 5.60592e-16 3.19418e-16 1.81957e-16 1.03627e-16 5.90038e-17 3.35884e-17 1.91163e-17 1.08774e-17 6.18811e-18 3.51967e-18 2.00151e-18 1.13797e-18 6.46875e-19 3.67646e-19 2.0891e-19 1.18689e-19 6.74198e-20 3.82903e-20 2.17429e-20 1.23446e-20 7.0075e-21 3.97724e-21 2.25701e-21 1.28061e-21 7.26505e-22 4.12093e-22 2.33717e-22 1.32533e-22 7.51442e-23 4.26e-23 2.41471e-23 1.36856e-23 7.75541e-24 4.39432e-24 2.48957e-24 1.41027e-24 7.98784e-25 4.52381e-25 2.5617e-25 1.45045e-25 8.21157e-26 4.64839e-26 2.63106e-26 1.48906e-26 8.4265e-27 4.768e-27 2.69762e-27 1.52609e-27 8.63252e-28 4.8826e-28 2.76136e-28 1.56154e-28 8.82958e-29 4.99215e-29 2.82225e-29
0.000197733 2.00852e-05 1.18036e-05 6.92487e-06 4.05619e-06 2.37239e-06 1.38566e-06 8.08291e-07 4.70931e-07 2.74067e-07 1.59329e-07 9.25327e-08 5.36889e-08 3.11232e-08 1.80267e-08 1.04327e-08 6.03312e-09 3.48635e-09 2.01324e-09 1.1618e-09 6.70027e-10 3.86178e-10 2.22448e-10 1.28064e-10 7.3687e-11 4.2377e-11 2.43587e-11 1.39949e-11 8.03684e-12 4.61325e-12 2.64693e-12 1.51809e-12 8.7032e-13 4.9876e-13 2.85721e-13 1.63619e-13 9.36639e-14 5.35997e-14 3.06626e-14 1.75354e-14 1.00251e-14 5.72962e-15 3.27369e-15 1.86992e-15 1.0678e-15 6.09586e-16 3.4791e-16 1.98512e-16 1.13239e-16 6.45804e-17 3.68214e-17 2.09893e-17 1.19618e-17 6.81553e-18 3.88247e-18 2.21117e-18 1.25906e-18 7.16778e-19 4.07976e-19 2.32167e-19 1.32094e-19 7.51424e-20 4.27373e-20 2.43026e-20 1.38172e-20 7.85442e-21 4.46411e-21 2.53678e-21 1.44132e-21 8.18786e-22 4.65063e-22 2.64111e-22 1.49967e-22 8.51415e-23 4.83307e-23 2.74311e-23 1.55669e-23 8.83288e-24 5.01122e-24 2.84267e-24 1.61232e-24 9.14371e-25 5.18487e-25 2.93967e-25 1.66651e-25 9.44632e-26 5.35386e-26 3.03403e-26 1.71919e-26 9.74041e-27 5.51802e-27 3.12565e-27 1.77032e-27 1.00257e-27 5.67721e-28 3.21446e-28 1.81986e-28 1.0302e-28 5.83131e-29 3.30039e-29 1.86777e-29
0.000109851 1.14393e-05 6.74214e-06 3.96645e-06 2.32956e-06 1.36604e-06 7.99872e-07 4.67721e-07 2.73149e-07 1.59329e-07 9.28325e-08 5.40315e-08 3.14166e-08 1.825e-08 1.0592e-08 6.14218e-09 3.55891e-09 2.06053e-09 1.19213e-09 6.89226e-10 3.9821e-10 2.29924e-10 1.32676e-10 7.65145e-11 4.41013e-11 2.54053e-11 1.46275e-11 8.41783e-12 4.84195e-12 2.7838e-12 1.59978e-12 9.18958e-13 5.27653e-13 3.02848e-13 1.73753e-13 9.96492e-14 5.71289e-14 3.27404e-14 1.87569e-14 1.07422e-14 6.15009e-15 3.51993e-15 2.01397e-15 1.15197e-15 6.58723e-16 3.76566e-16 2.15209e-16 1.22959e-16 7.02343e-17 4.01075e-17 2.28978e-17 1.30694e-17 7.45787e-18 4.25474e-18 2.42679e-18 1.38387e-18 7.88976e-19 4.49718e-19 2.56287e-19 1.46024e-19 8.31836e-20 4.73767e-20 2.6978e-20 1.53594e-20 8.74295e-21 4.97581e-21 2.83135e-21 1.61083e-21 9.16286e-22 5.21123e-22 2.96333e-22 1.6848e-22 9.57745e-23 5.44358e-23 3.09352e-23 1.75775e-23 9.98614e-24 5.67251e-24 3.22175e-24 1.82957e-24 1.03883e-24 5.89774e-25 3.34786e-25 1.90017e-25 1.07836e-25 6.11895e-26 3.47167e-26 1.96946e-26 1.11713e-26 6.33589e-27 3.59304e-27 2.03735e-27 1.15511e-27 6.54831e-28 3.71183e-28 2.10378e-28 1.19225e-28 6.75596e-29 3.82792e-29 2.16867e-29 1.22851e-29
6.10286e-05 6.51123e-06 3.84857e-06 2.27035e-06 1.33692e-06 7.85956e-07 4.61339e-07 2.70406e-07 1.58281e-07 9.25327e-08 5.40315e-08 3.15148e-08 1.83623e-08 1.06883e-08 6.21558e-09 3.61134e-09 2.09646e-09 1.21606e-09 7.04845e-10 4.08238e-10 2.36281e-10 1.36664e-10 7.89957e-11 4.56337e-11 2.63459e-11 1.52018e-11 8.76679e-12 5.05312e-12 2.91112e-12 1.67629e-12 9.64799e-13 5.55044e-13 3.19175e-13 1.83462e-13 1.05411e-13 6.05418e-14 3.47582e-14 1.9948e-14 1.14442e-14 6.56322e-15 3.76273e-15 2.15648e-15 1.23552e-15 7.07647e-16 4.05185e-16 2.31932e-16 1.32722e-16 7.59286e-17 4.34259e-17 2.48299e-17 1.41935e-17 8.11137e-18 4.63438e-18 2.64718e-18 1.51172e-18 8.63101e-19 4.92666e-19 2.81157e-19 1.60417e-19 9.15081e-20 5.21891e-20 2.97586e-20 1.69652e-20 9.66985e-21 5.5106e-21 3.13977e-21 1.78861e-21 1.01872e-21 5.80125e-22 3.30302e-22 1.8803e-22 1.07021e-22 6.09036e-23 3.46535e-23 1.97143e-23 1.12137e-23 6.3775e-24 3.6265e-24 2.06187e-24 1.17212e-24 6.66223e-25 3.78624e-25 2.15147e-25 1.22238e-25 6.94413e-26 3.94433e-26 2.24012e-26 1.27209e-26 7.22281e-27 4.10055e-27 2.3277e-27 1.32117e-27 7.49789e-28 4.25471e-28 2.41408e-28 1.36957e-28 7.76903e-29 4.40659e-29 2.49915e-29 1.41722e-29 8.03588e-30
3.39048e-05 3.70403e-06 2.1955e-06 1.29866e-06 7.66715e-07 4.51864e-07 2.65872e-07 1.56199e-07 9.16368e-08 5.36889e-08 3.14166e-08 1.83623e-08 1.07205e-08 6.25249e-09 3.64303e-09 2.12064e-09 1.23336e-09 7.16712e-10 4.16152e-10 2.41451e-10 1.39987e-10 8.11047e-11 4.69584e-11 2.71709e-11 1.57119e-11 9.08024e-12 5.2447e-12 3.02766e-12 1.7469e-12 1.00741e-12 5.8068e-13 3.34551e-13 1.92659e-13 1.10899e-13 6.38089e-14 3.66991e-14 2.10988e-14 1.21253e-14 6.96569e-15 4.00017e-15 2.29636e-15 1.31781e-15 7.55996e-16 4.33558e-16 2.48563e-16 1.42461e-16 8.16249e-17 4.67546e-17 2.67733e-17 1.53271e-17 8.77206e-18 5.01913e-18 2.87107e-18 1.64191e-18 9.38751e-19 5.36595e-19 3.06648e-19 1.75201e-19 1.00077e-19 5.71526e-20 3.26321e-20 1.86279e-20 1.06314e-20 6.06643e-21 3.4609e-21 1.97406e-21 1.12577e-21 6.41885e-22 3.6592e-22 2.08563e-22 1.18854e-22 6.77193e-23 3.85779e-23 2.19732e-23 1.25134e-23 7.12508e-24 4.05635e-24 2.30894e-24 1.31409e-24 7.47775e-25 4.25455e-25 2.42032e-25 1.37667e-25 7.82939e-26 4.4521e-26 2.5313e-26 1.43901e-26 8.17948e-27 4.64871e-27 2.6417e-27 1.501e-27 8.52751e-28 4.84409e-28 2.75137e-28 1.56255e-28 8.873e-29 5.03797e-29 2.86017e-29 1.6236e-29 9.21548e-30 5.2301e-30
1.8836e-05 2.10596e-06 1.25174e-06 7.42386e-07 4.39412e-07 2.59602e-07 1.53108e-07 9.01555e-08 5.30079e-08 3.11232e-08 1.825e-08 1.06883e-08 6.25249e-09 3.65364e-09 2.1328e-09 1.24381e-09 7.24696e-10 4.21868e-10 2.45378e-10 1.42609e-10 8.28192e-11 4.80617e-11 2.78719e-11 1.61527e-11 9.35505e-12 5.4148e-12 3.1323e-12 1.81092e-12 1.0464e-12 6.04323e-13 3.48836e-13 2.01262e-13 1.16064e-13 6.69014e-14 3.85462e-14 2.21995e-14 1.27799e-14 7.35419e-15 4.23034e-15 2.43249e-15 1.3982e-15 8.03403e-16 4.61474e-16 2.64982e-16 1.52105e-16 8.72833e-17 5.00709e-17 2.8715e-17 1.64628e-17 9.43575e-18 5.40663e-18 3.09712e-18 1.77368e-18 1.0155e-18 5.81262e-19 3.32627e-19 1.90299e-19 1.08847e-19 6.22431e-20 3.55852e-20 2.034e-20 1.16235e-20 6.64099e-21 3.79347e-21 2.16647e-21 1.23703e-21 7.06193e-22 4.03072e-22 2.30017e-22 1.31237e-22 7.48641e-23 4.26986e-23 2.43488e-23 1.38825e-23 7.91376e-24 4.51052e-24 2.57039e-24 1.46454e-24 8.34327e-25 4.75229e-25 2.70648e-25 1.54113e-25 8.77428e-26 4.99482e-26 2.84293e-26 1.6179e-26 9.20614e-27 5.23774e-27 2.97956e-27 1.69474e-27 9.6382e-28 5.48068e-28 3.11615e-28 1.77152e-28 1.00699e-28 5.7233e-29 3.25251e-29 1.84816e-29 1.05005e-29 5.96527e-30 3.38846e-30
1.04644e-05 1.19673e-06 7.13267e-07 4.24134e-07 2.51671e-07 1.49044e-07 8.81066e-08 5.19965e-08 3.06381e-08 1.80267e-08 1.0592e-08 6.21558e-09 3.64303e-09 2.1328e-09 1.24731e-09 7.2871e-10 4.25323e-10 2.48019e-10 1.44503e-10 8.41213e-11 4.89321e-11 2.84416e-11 1.65197e-11 9.58846e-12 5.56172e-12 3.22399e-12 1.86773e-12 1.08138e-12 6.25749e-13 3.61897e-13 2.09191e-13 1.20859e-13 6.9792e-14 4.02834e-14 2.32407e-14 1.34023e-14 7.7255e-15 4.45135e-15 2.5638e-15 1.47607e-15 8.49501e-16 4.88722e-16 2.81064e-16 1.61584e-16 9.28634e-17 5.33517e-17 3.06417e-17 1.75931e-17 1.00981e-17 5.79439e-18 3.32393e-18 1.90622e-18 1.09288e-18 6.2641e-19 3.58946e-19 2.05631e-19 1.17771e-19 6.74347e-20 3.86032e-20 2.20934e-20 1.26416e-20 7.23172e-21 4.13606e-21 2.36504e-21 1.35207e-21 7.72803e-22 4.41622e-22 2.52317e-22 1.44131e-22 8.23159e-23 4.70034e-23 2.68346e-23 1.53173e-23 8.74161e-24 4.98799e-24 2.84567e-24 1.62319e-24 9.2573e-25 5.2787e-25 3.00954e-25 1.71556e-25 9.77786e-26 5.57205e-26 3.17484e-26 1.80869e-26 1.03025e-26 5.8676e-27 3.34131e-27 1.90245e-27 1.08305e-27 6.16491e-28 3.50871e-28 1.99669e-28 1.13611e-28 6.46356e-29 3.6768e-29 2.0913e-29 1.18935e-29 6.76314e-30 3.84536e-30 2.18613e-30
5.81357e-06 6.79715e-07 4.06217e-07 2.42175e-07 1.44056e-07 8.55143e-08 5.06667e-08 2.99669e-08 1.7695e-08 1.04327e-08 6.14218e-09 3.61134e-09 2.12064e-09 1.24381e-09 7.2871e-10 4.26479e-10 2.49348e-10 1.45647e-10 8.49971e-11 4.95604e-11 2.88741e-11 1.68091e-11 9.77811e-12 5.68401e-12 3.30185e-12 1.91679e-12 1.11203e-12 6.44755e-13 3.73612e-13 2.16372e-13 1.25241e-13 7.24546e-14 4.18953e-14 2.42133e-14 1.39874e-14 8.07647e-15 4.66138e-15 2.68919e-15 1.55077e-15 8.93925e-16 5.15091e-16 2.96689e-16 1.70828e-16 9.83243e-17 5.65733e-17 3.25398e-17 1.871e-17 1.07546e-17 6.17986e-18 3.55001e-18 2.03869e-18 1.17043e-18 6.71768e-19 3.85453e-19 2.21108e-19 1.26801e-19 7.26995e-20 4.16705e-20 2.38791e-20 1.36805e-20 7.83581e-21 4.48709e-21 2.5689e-21 1.47039e-21 8.41442e-22 4.81418e-22 2.75378e-22 1.57488e-22 9.00489e-23 5.14782e-23 2.94228e-23 1.68136e-23 9.60635e-24 5.48751e-24 3.13411e-24 1.78968e-24 1.02179e-24 5.83276e-25 3.32899e-25 1.89968e-25 1.08387e-25 6.18307e-26 3.52665e-26 2.0112e-26 1.14678e-26 6.53794e-27 3.72681e-27 2.12408e-27 1.21044e-27 6.89687e-28 3.92918e-28 2.23817e-28 1.27475e-28 7.25938e-29 4.13349e-29 2.35331e-29 1.33963e-29 7.62495e-30 4.33946e-30 2.46934e-30 1.40499e-30
3.22976e-06 3.85877e-07 2.31229e-07 1.38204e-07 8.24096e-08 4.9034e-08 2.91174e-08 1.72587e-08 1.02122e-08 6.03312e-09 3.55891e-09 2.09646e-09 1.23336e-09 7.24696e-10 4.25323e-10 2.49348e-10 1.46029e-10 8.54373e-11 4.994e-11 2.9165e-11 1.7018e-11 9.92206e-12 5.78042e-12 3.36508e-12 1.9576e-12 1.13804e-12 6.61159e-13 3.83869e-13 2.2274e-13 1.2917e-13 7.48651e-14 4.33675e-14 2.51086e-14 1.45299e-14 8.4041e-15 4.85865e-15 2.80764e-15 1.62172e-15 9.36319e-16 5.4037e-16 3.11734e-16 1.79766e-16 1.03625e-16 5.97121e-17 3.43957e-17 1.98058e-17 1.14008e-17 6.56043e-18 3.77389e-18 2.17025e-18 1.24766e-18 7.17056e-19 4.11986e-19 2.3664e-19 1.35885e-19 7.80078e-20 4.47701e-20 2.56877e-20 1.4735e-20 8.45025e-21 4.84486e-21 2.77709e-21 1.59146e-21 9.11809e-22 5.22292e-22 2.99108e-22 1.71257e-22 9.8034e-23 5.61067e-23 3.21044e-23 1.83666e-23 1.05053e-23 6.0076e-24 3.4349e-24 1.96357e-24 1.12227e-24 6.41317e-25 3.66413e-25 2.09312e-25 1.19548e-25 6.82685e-26 3.89785e-26 2.22516e-26 1.27006e-26 7.24809e-27 4.13575e-27 2.35949e-27 1.34592e-27 7.67633e-28 4.3775e-28 2.49596e-28 1.42294e-28 8.11103e-29 4.62281e-29 2.63437e-29 1.50104e-29 8.55162e-30 4.87135e-30 2.77457e-30 1.58011e-30 8.99755e-31
1.79431e-06 2.18964e-07 1.31558e-07 7.88289e-08 4.71177e-08 2.80996e-08 1.67229e-08 9.93319e-09 5.88966e-09 3.48635e-09 2.06053e-09 1.21606e-09 7.16712e-10 4.21868e-10 2.48019e-10 1.45647e-10 8.54373e-11 5.0067e-11 2.93112e-11 1.71442e-11 1.00189e-11 5.84999e-12 3.41307e-12 1.98977e-12 1.15916e-12 6.74803e-13 3.92572e-13 2.28233e-13 1.32608e-13 7.70015e-14 4.46867e-14 2.59188e-14 1.50251e-14 8.70556e-15 5.04147e-15 2.91814e-15 1.68831e-15 9.76337e-16 5.64359e-16 3.26082e-16 1.88329e-16 1.08726e-16 6.27447e-17 3.61957e-17 2.08726e-17 1.2032e-17 6.93344e-18 3.99403e-18 2.30001e-18 1.32405e-18 7.61983e-19 4.3838e-19 2.52131e-19 1.44968e-19 8.33288e-20 4.78846e-20 2.75092e-20 1.57995e-20 9.0718e-21 5.20755e-21 2.98858e-21 1.7147e-21 9.83576e-22 5.6406e-22 3.23402e-22 1.85379e-22 1.06239e-22 6.08711e-23 3.48695e-23 1.99706e-23 1.14352e-23 6.54655e-24 3.74709e-24 2.14433e-24 1.22689e-24 7.0184e-25 4.01412e-25 2.29543e-25 1.31239e-25 7.50209e-26 4.28774e-26 2.45019e-26 1.39991e-26 7.99705e-27 4.56761e-27 2.60843e-27 1.48936e-27 8.50269e-28 4.8534e-28 2.76995e-28 1.58064e-28 9.01843e-29 5.14479e-29 2.93456e-29 1.67363e-29 9.54365e-30 5.44142e-30 3.10208e-30 1.76822e-30 1.00777e-30 5.74295e-31
9.9684e-07 1.24195e-07 7.48145e-08 4.49402e-08 2.69253e-08 1.60938e-08 9.59872e-09 5.71342e-09 3.39447e-09 2.01324e-09 1.19213e-09 7.04845e-10 4.16152e-10 2.45378e-10 1.44503e-10 8.49971e-11 4.994e-11 2.93112e-11 1.71864e-11 1.00675e-11 5.89202e-12 3.44533e-12 2.01298e-12 1.17518e-12 6.85555e-13 3.99636e-13 2.32801e-13 1.35524e-13 7.8844e-14 4.58408e-14 2.66365e-14 1.54687e-14 8.97821e-15 5.20827e-15 3.01976e-15 1.74999e-15 1.01365e-15 5.86863e-16 3.39616e-16 1.96449e-16 1.13586e-16 6.56478e-17 3.79263e-17 2.19024e-17 1.26438e-17 7.29626e-18 4.2089e-18 2.42708e-18 1.39911e-18 8.06255e-19 4.64466e-19 2.67483e-19 1.53995e-19 8.86305e-20 5.09956e-20 2.9333e-20 1.68678e-20 9.69709e-21 5.57323e-21 3.20227e-21 1.83949e-21 1.05639e-21 6.06523e-22 3.48148e-22 1.99792e-22 1.14628e-22 6.57513e-23 3.77069e-23 2.16193e-23 1.23928e-23 7.10243e-24 4.06962e-24 2.33137e-24 1.33531e-24 7.64662e-25 4.37796e-25 2.50607e-25 1.43428e-25 8.20716e-26 4.69543e-26 2.68585e-26 1.53607e-26 8.78349e-27 5.02169e-27 2.87052e-27 1.64059e-27 9.37501e-28 5.35641e-28 3.05991e-28 1.74774e-28 9.9811e-29 5.69924e-29 3.2538e-29 1.85739e-29 1.06011e-29 6.04982e-30 3.45201e-30 1.96943e-30 1.12345e-30 6.40778e-31 3.65431e-31
5.538e-07 7.04134e-08 4.25267e-08 2.5608e-08 1.53786e-08 9.21265e-09 5.5064e-09 3.2843e-09 1.95514e-09 1.1618e-09 6.89226e-10 4.08238e-10 2.41451e-10 1.42609e-10 8.41213e-11 4.95604e-11 2.9165e-11 1.71442e-11 1.00675e-11 5.90608e-12 3.46155e-12 2.027e-12 1.18595e-12 6.93311e-13 4.04995e-13 2.364e-13 1.37891e-13 8.03755e-14 4.68194e-14 2.72553e-14 1.58566e-14 9.21964e-15 5.3576e-15 3.11163e-15 1.80624e-15 1.04794e-15 6.07695e-16 3.52229e-16 2.04061e-16 1.18168e-16 6.8399e-17 3.95744e-17 2.28875e-17 1.32315e-17 7.64626e-18 4.41697e-18 2.55058e-18 1.4723e-18 8.49575e-19 4.90071e-19 2.82599e-19 1.62907e-19 9.388e-20 5.40843e-20 3.11485e-20 1.79339e-20 1.03226e-20 5.93987e-21 3.41701e-21 1.96516e-21 1.12989e-21 6.4947e-22 3.73227e-22 2.14427e-22 1.23163e-22 7.07258e-23 4.06044e-23 2.33061e-23 1.33742e-23 7.67308e-24 4.40127e-24 2.52403e-24 1.44717e-24 8.29578e-25 4.75452e-25 2.7244e-25 1.56081e-25 8.94017e-26 5.11989e-26 2.93154e-26 1.67823e-26 9.60574e-27 5.4971e-27 3.1453e-27 1.79935e-27 1.02919e-27 5.88582e-28 3.36548e-28 1.92405e-28 1.09982e-28 6.28572e-29 3.5919e-29 2.05224e-29 1.17238e-29 6.69644e-30 3.82435e-30 2.18379e-30 1.24681e-30 7.1176e-31 4.06262e-31 2.31858e-31
3.07667e-07 3.99052e-08 2.4163e-08 1.45855e-08 8.77936e-09 5.27092e-09 3.15707e-09 1.88686e-09 1.12543e-09 6.70027e-10 3.9821e-10 2.36281e-10 1.39987e-10 8.28192e-11 4.89321e-11 2.88741e-11 1.7018e-11 1.00189e-11 5.89202e-12 3.46155e-12 2.03169e-12 1.19137e-12 6.97995e-13 4.08597e-13 2.38996e-13 1.39686e-13 8.15819e-14 4.76133e-14 2.77695e-14 1.61854e-14 9.42772e-15 5.48815e-15 3.19294e-15 1.85657e-15 1.07893e-15 6.26684e-16 3.63815e-16 2.11105e-16 1.22436e-16 7.09768e-17 4.11272e-17 2.38206e-17 1.37908e-17 7.98087e-18 4.61674e-18 2.66963e-18 1.54313e-18 8.91645e-19 5.15022e-19 2.97377e-19 1.71649e-19 9.9044e-20 5.71314e-20 3.29445e-20 1.89914e-20 1.09446e-20 6.30538e-21 3.6316e-21 2.09104e-21 1.20367e-21 6.92678e-22 3.98513e-22 2.29213e-22 1.31803e-22 7.57714e-23 4.3549e-23 2.50234e-23 1.43752e-23 8.25618e-24 4.74075e-24 2.72157e-24 1.56205e-24 8.96356e-25 5.14249e-25 2.9497e-25 1.69158e-25 9.69892e-26 5.55991e-26 3.18661e-26 1.82603e-26 1.04618e-26 5.99275e-27 3.43216e-27 1.96531e-27 1.12518e-27 6.44074e-28 3.68618e-28 2.10934e-28 1.20683e-28 6.90357e-29 3.94851e-29 2.25801e-29 1.29107e-29 7.38092e-30 4.21896e-30 2.41121e-30 1.37786e-30 7.87244e-31 4.49732e-31 2.56884e-31 1.46711e-31
1.70926e-07 2.26066e-08 1.37234e-08 8.30373e-09 5.00964e-09 3.01421e-09 1.80915e-09 1.08342e-09 6.47457e-10 3.86178e-10 2.29924e-10 1.36664e-10 8.11047e-11 4.80617e-11 2.84416e-11 1.68091e-11 9.92206e-12 5.84999e-12 3.44533e-12 2.027e-12 1.19137e-12 6.99561e-13 4.10407e-13 2.40563e-13 1.40892e-13 8.24517e-14 4.82153e-14 2.81744e-14 1.64521e-14 9.60058e-15 5.59877e-15 3.263e-15 1.90056e-15 1.10635e-15 6.43669e-16 3.7428e-16 2.17522e-16 1.26354e-16 7.33607e-17 4.25726e-17 2.46943e-17 1.43175e-17 8.29757e-18 4.80674e-18 2.78337e-18 1.61108e-18 9.32171e-19 5.39149e-19 3.11718e-19 1.8016e-19 1.04089e-19 6.01174e-20 3.47098e-20 2.00337e-20 1.15593e-20 6.66761e-21 3.84481e-21 2.21641e-21 1.27732e-21 7.35915e-22 4.23871e-22 2.44074e-22 1.40506e-22 8.08636e-23 4.65266e-23 2.67634e-23 1.53913e-23 8.84917e-24 5.08661e-24 2.92317e-24 1.6795e-24 9.64742e-25 5.54047e-25 3.18118e-25 1.82616e-25 1.04809e-25 6.0141e-26 3.45029e-26 1.97904e-26 1.13493e-26 6.50735e-27 3.73041e-27 2.1381e-27 1.22524e-27 7.02001e-28 4.02141e-28 2.30326e-28 1.31897e-28 7.55186e-29 4.32316e-29 2.47445e-29 1.41608e-29 8.10263e-30 4.63552e-30 2.65157e-30 1.51651e-30 8.67201e-31 4.95829e-31 2.83454e-31 1.6202e-31 9.25969e-32
9.49589e-08 1.2802e-08 7.79108e-09 4.72545e-09 2.8573e-09 1.72288e-09 1.03621e-09 6.2176e-10 3.72271e-10 2.22448e-10 1.32676e-10 7.89957e-11 4.69584e-11 2.78719e-11 1.65197e-11 9.77811e-12 5.78042e-12 3.41307e-12 2.01298e-12 1.18595e-12 6.97995e-13 4.10407e-13 2.41087e-13 1.41498e-13 8.29769e-14 4.86198e-14 2.84663e-14 1.66543e-14 9.73667e-15 5.68847e-15 3.32118e-15 1.93782e-15 1.12997e-15 6.58507e-16 3.83536e-16 2.2326e-16 1.29892e-16 7.55316e-17 4.38992e-17 2.55019e-17 1.48076e-17 8.59399e-18 4.98554e-18 2.89096e-18 1.67567e-18 9.70865e-19 5.62283e-19 3.25524e-19 1.88385e-19 1.08981e-19 6.30229e-20 3.6433e-20 2.10544e-20 1.21631e-20 7.02436e-21 4.05537e-21 2.34056e-21 1.35044e-21 7.7894e-22 4.49165e-22 2.58931e-22 1.49225e-22 8.59767e-23 4.95227e-23 2.85177e-23 1.64177e-23 9.44936e-24 5.43732e-24 3.12798e-24 1.79903e-24 1.03446e-24 5.94687e-25 3.41796e-25 1.96404e-25 1.12834e-25 6.48092e-26 3.72172e-26 2.13679e-26 1.22657e-26 7.03942e-27 4.03922e-27 2.31726e-27 1.32914e-27 7.6223e-28 4.37041e-28 2.50542e-28 1.43603e-28 8.22943e-29 4.71523e-29 2.70123e-29 1.54721e-29 8.86066e-30 5.07356e-30 2.90463e-30 1.66265e-30 9.51576e-31 5.44529e-31 3.11554e-31 1.7823e-31 1.01945e-31 5.83027e-32
5.27549e-08 7.2471e-09 4.4215e-09 2.68805e-09 1.62899e-09 9.84327e-10 5.93214e-10 3.5664e-10 2.13932e-10 1.28064e-10 7.65145e-11 4.56337e-11 2.71709e-11 1.61527e-11 9.58846e-12 5.68401e-12 3.36508e-12 1.98977e-12 1.17518e-12 6.93311e-13 4.08597e-13 2.40563e-13 1.41498e-13 8.31525e-14 4.8823e-14 2.86426e-14 1.67901e-14 9.83477e-15 5.75646e-15 3.36698e-15 1.96803e-15 1.14957e-15 6.71072e-16 3.91505e-16 2.28271e-16 1.3302e-16 7.74719e-17 4.50963e-17 2.6237e-17 1.52571e-17 8.86783e-18 5.15181e-18 2.99161e-18 1.73643e-18 1.00745e-18 5.84258e-19 3.38697e-19 1.96266e-19 1.13687e-19 6.58285e-20 3.81028e-20 2.20468e-20 1.27521e-20 7.37344e-21 4.262e-21 2.46273e-21 1.42259e-21 8.21506e-22 4.74252e-22 2.73702e-22 1.57914e-22 9.10836e-23 5.25217e-23 3.02774e-23 1.74495e-23 1.00539e-23 5.79126e-24 3.33506e-24 1.92011e-24 1.10521e-24 6.36003e-25 3.65909e-25 2.10469e-25 1.21033e-25 6.95866e-26 3.99993e-26 2.29873e-26 1.32078e-26 7.58729e-27 4.35767e-27 2.50227e-27 1.43658e-27 8.24601e-28 4.73232e-28 2.71534e-28 1.55774e-28 8.93485e-29 5.12392e-29 2.93793e-29 1.68425e-29 9.6538e-30 5.53245e-30 3.17004e-30 1.81611e-30 1.04028e-30 5.95785e-31 3.41163e-31 1.95329e-31 1.11817e-31 6.40006e-32 3.66266e-32
2.93083e-08 4.1011e-09 2.50831e-09 1.52849e-09 9.28327e-10 5.62125e-10 3.39449e-10 2.04468e-10 1.22877e-10 7.3687e-11 4.41013e-11 2.63459e-11 1.57119e-11 9.35505e-12 5.56172e-12 3.30185e-12 1.9576e-12 1.15916e-12 6.85555e-13 4.04995e-13 2.38996e-13 1.40892e-13 8.29769e-14 4.8823e-14 2.87015e-14 1.68584e-14 9.89398e-15 5.80213e-15 3.39999e-15 1.99092e-15 1.165e-15 6.81257e-16 3.9812e-16 2.32513e-16 1.35712e-16 7.91658e-17 4.61544e-17 2.68938e-17 1.56626e-17 9.117e-18 5.30427e-18 3.08455e-18 1.79289e-18 1.04165e-18 6.04917e-19 3.51144e-19 2.03748e-19 1.18175e-19 6.85152e-20 3.97083e-20 2.30045e-20 1.33225e-20 7.71262e-21 4.46342e-21 2.58218e-21 1.49335e-21 8.63364e-22 4.98988e-22 2.88304e-22 1.66525e-22 9.6157e-23 5.5508e-23 3.20336e-23 1.84815e-23 1.06598e-23 6.14672e-24 3.54344e-24 2.04219e-24 1.17668e-24 6.77814e-25 3.90354e-25 2.24752e-25 1.29374e-25 7.44548e-26 4.2839e-26 2.46428e-26 1.41725e-26 8.14912e-27 4.68471e-27 2.69257e-27 1.54725e-27 8.88935e-28 5.10615e-28 2.93247e-28 1.6838e-28 9.66644e-29 5.54834e-29 3.18405e-29 1.82693e-29 1.04806e-29 6.01138e-30 3.44738e-30 1.97666e-30 1.13319e-30 6.49534e-31 3.72248e-31 2.13301e-31 1.22204e-31 7.00025e-32 4.00936e-32 2.29599e-32
1.62824e-08 2.32002e-09 1.42246e-09 8.68809e-10 5.28824e-10 3.20881e-10 1.94153e-10 1.1717e-10 7.05426e-11 4.2377e-11 2.54053e-11 1.52018e-11 9.08024e-12 5.4148e-12 3.22399e-12 1.91679e-12 1.13804e-12 6.74803e-13 3.99636e-13 2.364e-13 1.39686e-13 8.24517e-14 4.86198e-14 2.86426e-14 1.68584e-14 9.91378e-15 5.82507e-15 3.41991e-15 2.00629e-15 1.17612e-15 6.88973e-16 4.03324e-16 2.3595e-16 1.37946e-16 8.05994e-17 4.70648e-17 2.7467e-17 1.60208e-17 9.33952e-18 5.44175e-18 3.16907e-18 1.84465e-18 1.07322e-18 6.24109e-19 3.62776e-19 2.10778e-19 1.22414e-19 7.10646e-20 4.12384e-20 2.3921e-20 1.38705e-20 8.03972e-21 4.65835e-21 2.69817e-21 1.56227e-21 9.04263e-22 5.23227e-22 3.02653e-22 1.7501e-22 1.01168e-22 5.8465e-23 3.37768e-23 1.95081e-23 1.12639e-23 6.50192e-24 3.75211e-24 2.16468e-24 1.24853e-24 7.19931e-25 4.15025e-25 2.39194e-25 1.37823e-25 7.9394e-26 4.5725e-26 2.63281e-26 1.51561e-26 8.72287e-27 5.01922e-27 2.88749e-27 1.66079e-27 9.55031e-28 5.49076e-28 3.15617e-28 1.81386e-28 1.04223e-28 5.98739e-29 3.439e-29 1.97491e-29 1.13392e-29 6.50938e-30 3.73612e-30 2.14401e-30 1.23015e-30 7.05694e-31 4.04764e-31 2.32123e-31 1.33095e-31 7.63024e-32 4.37367e-32 2.50661e-32 1.43635e-32
9.04577e-09 1.31203e-09 8.064e-10 4.93661e-10 3.01131e-10 1.83096e-10 1.11001e-10 6.71137e-11 4.04786e-11 2.43587e-11 1.46275e-11 8.76679e-12 5.2447e-12 3.1323e-12 1.86773e-12 1.11203e-12 6.61159e-13 3.92572e-13 2.32801e-13 1.37891e-13 8.15819e-14 4.82153e-14 2.84663e-14 1.67901e-14 9.89398e-15 5.82507e-15 3.42657e-15 2.01401e-15 1.18283e-15 6.94155e-16 4.07074e-16 2.38554e-16 1.39703e-16 8.17608e-17 4.78201e-17 2.7952e-17 1.6329e-17 9.53367e-18 5.56316e-18 3.24454e-18 1.89129e-18 1.10191e-18 6.41691e-19 3.73507e-19 2.17306e-19 1.26372e-19 7.34587e-20 4.26826e-20 2.47902e-20 1.43925e-20 8.35259e-21 4.84553e-21 2.80996e-21 1.62893e-21 9.4395e-22 5.46822e-22 3.16663e-22 1.83318e-22 1.06089e-22 6.13764e-23 3.54975e-23 2.0524e-23 1.18631e-23 6.85502e-24 3.96001e-24 2.28698e-24 1.32042e-24 7.62154e-25 4.39806e-25 2.53728e-25 1.46341e-25 8.43831e-26 4.86452e-26 2.80363e-26 1.61548e-26 9.30636e-27 5.35996e-27 3.08636e-27 1.77679e-27 1.02267e-27 5.88492e-28 3.38576e-28 1.94753e-28 1.12001e-28 6.43988e-29 3.7021e-29 2.12782e-29 1.22276e-29 7.02531e-30 4.03563e-30 2.31782e-30 1.33098e-30 7.64162e-31 4.38658e-31 2.51764e-31 1.44473e-31 8.28917e-32 4.75514e-32 2.72739e-32 1.56409e-32 8.96828e-33
5.02543e-09 7.41754e-10 4.57002e-10 2.80403e-10 1.71411e-10 1.04434e-10 6.34353e-11 3.84253e-11 2.32167e-11 1.39949e-11 8.41783e-12 5.05312e-12 3.02766e-12 1.81092e-12 1.08138e-12 6.44755e-13 3.83869e-13 2.28233e-13 1.35524e-13 8.03755e-14 4.76133e-14 2.81744e-14 1.66543e-14 9.83477e-15 5.80213e-15 3.41991e-15 2.01401e-15 1.18508e-15 6.96757e-16 4.09337e-16 2.40302e-16 1.40969e-16 8.26405e-17 4.84141e-17 2.83448e-17 1.65846e-17 9.69788e-18 5.66758e-18 3.31035e-18 1.93248e-18 1.12753e-18 6.57533e-19 3.83259e-19 2.23284e-19 1.30023e-19 7.56808e-20 4.4031e-20 2.56061e-20 1.4885e-20 8.64915e-21 5.02373e-21 2.91683e-21 1.6929e-21 9.82177e-22 5.69629e-22 3.30249e-22 1.914e-22 1.10891e-22 6.42254e-23 3.71859e-23 2.15235e-23 1.24541e-23 7.20416e-24 4.16605e-24 2.40847e-24 1.39198e-24 8.04278e-25 4.6458e-25 2.68287e-25 1.5489e-25 8.93999e-26 5.1587e-26 2.97603e-26 1.71644e-26 9.89726e-27 5.70559e-27 3.28841e-27 1.89485e-27 1.0916e-27 6.28726e-28 3.62046e-28 2.08437e-28 1.19977e-28 6.90445e-29 3.97259e-29 2.28525e-29 1.31434e-29 7.55786e-30 4.34519e-30 2.49768e-30 1.43545e-30 8.24817e-31 4.73862e-31 2.72188e-31 1.56319e-31 8.97598e-32 5.15322e-32 2.95803e-32 1.69769e-32 9.74186e-33 5.5893e-33
2.7919e-09 4.19224e-10 2.58909e-10 1.59217e-10 9.75363e-11 5.95448e-11 3.62378e-11 2.19908e-11 1.33102e-11 8.03684e-12 4.84195e-12 2.91112e-12 1.7469e-12 1.0464e-12 6.25749e-13 3.73612e-13 2.2274e-13 1.32608e-13 7.8844e-14 4.68194e-14 2.77695e-14 1.64521e-14 9.73667e-15 5.75646e-15 3.39999e-15 2.00629e-15 1.18283e-15 6.96757e-16 4.10093e-16 2.4118e-16 1.41733e-16 8.3231e-17 4.8842e-17 2.86422e-17 1.67856e-17 9.83087e-18 5.75416e-18 3.36601e-18 1.96789e-18 1.14986e-18 6.71516e-19 3.9196e-19 2.28669e-19 1.3334e-19 7.7715e-20 4.52739e-20 2.63631e-20 1.53445e-20 8.92739e-21 5.19177e-21 3.01807e-21 1.75377e-21 1.0187e-21 5.91505e-22 3.43329e-22 1.99207e-22 1.15544e-22 6.69952e-23 3.88323e-23 2.25009e-23 1.30337e-23 7.54741e-24 4.36914e-24 2.5285e-24 1.46286e-24 8.46091e-25 4.89225e-25 2.828e-25 1.6343e-25 9.44212e-26 5.45372e-26 3.14924e-26 1.81806e-26 1.04931e-26 6.05471e-27 3.49285e-27 2.01449e-27 1.16158e-27 6.69631e-28 3.85945e-28 2.22393e-28 1.28122e-28 7.37959e-29 4.24964e-29 2.44671e-29 1.4084e-29 8.10556e-30 4.66397e-30 2.68315e-30 1.5433e-30 8.87519e-31 5.10298e-31 2.93354e-31 1.6861e-31 9.68939e-32 5.56719e-32 3.19817e-32 1.83693e-32 1.0549e-32 6.05707e-33 3.47729e-33
1.55106e-09 2.36868e-10 1.46637e-10 9.03765e-11 5.54811e-11 3.3938e-11 2.06931e-11 1.25803e-11 7.62756e-12 4.61325e-12 2.7838e-12 1.67629e-12 1.00741e-12 6.04323e-13 3.61897e-13 2.16372e-13 1.2917e-13 7.70015e-14 4.58408e-14 2.72553e-14 1.61854e-14 9.60058e-15 5.68847e-15 3.36698e-15 1.99092e-15 1.17612e-15 6.94155e-16 4.09337e-16 2.4118e-16 1.41989e-16 8.35275e-17 4.91001e-17 2.88419e-17 1.69303e-17 9.93155e-18 5.82223e-18 3.41107e-18 1.99724e-18 1.16874e-18 6.83534e-19 3.99544e-19 2.3342e-19 1.36298e-19 7.95465e-20 4.64026e-20 2.70557e-20 1.5768e-20 9.18542e-21 5.34851e-21 3.11302e-21 1.81114e-21 1.05329e-21 6.1231e-22 3.55819e-22 2.06692e-22 1.20022e-22 6.96694e-23 4.0427e-23 2.34506e-23 1.35985e-23 7.88288e-24 4.56816e-24 2.64644e-24 1.53267e-24 8.87375e-25 5.13614e-25 2.97196e-25 1.71919e-25 9.94231e-26 5.7482e-26 3.32247e-26 1.91989e-26 1.10912e-26 6.40583e-27 3.69882e-27 2.13523e-27 1.23232e-27 7.11052e-28 4.10184e-28 2.36569e-28 1.36408e-28 7.8637e-29 4.53233e-29 2.6117e-29 1.50465e-29 8.66677e-30 4.99106e-30 2.8737e-30 1.65427e-30 9.52107e-31 5.47878e-31 3.15211e-31 1.81317e-31 1.04279e-31 5.99622e-32 3.44733e-32 1.98158e-32 1.13885e-32 6.54408e-33 3.75974e-33 2.15971e-33
8.61699e-10 1.33796e-10 8.30256e-11 5.12843e-11 3.15486e-11 1.93364e-11 1.18122e-11 7.19397e-12 4.36925e-12 2.64693e-12 1.59978e-12 9.64799e-13 5.8068e-13 3.48836e-13 2.09191e-13 1.25241e-13 7.48651e-14 4.46867e-14 2.66365e-14 1.58566e-14 9.42772e-15 5.59877e-15 3.32118e-15 1.96803e-15 1.165e-15 6.88973e-16 4.07074e-16 2.40302e-16 1.41733e-16 8.35275e-17 4.91864e-17 2.89422e-17 1.70176e-17 9.99913e-18 5.87124e-18 3.44518e-18 2.02032e-18 1.18402e-18 6.93495e-19 4.05954e-19 2.37502e-19 1.38875e-19 8.1162e-20 4.7409e-20 2.76792e-20 1.61524e-20 9.42143e-21 5.49287e-21 3.20103e-21 1.86463e-21 1.08571e-21 6.31909e-22 3.6764e-22 2.13807e-22 1.24295e-22 7.22316e-23 4.19605e-23 2.43669e-23 1.41452e-23 8.20865e-24 4.762e-24 2.76163e-24 1.60105e-24 9.27912e-25 5.37622e-25 3.114e-25 1.80315e-25 1.04381e-25 6.04071e-26 3.4949e-26 2.02146e-26 1.1689e-26 6.7574e-27 3.90544e-27 2.25658e-27 1.30354e-27 7.52822e-28 4.34667e-28 2.50911e-28 1.44805e-28 8.35504e-29 4.81966e-29 2.77965e-29 1.60277e-29 9.2397e-30 5.32544e-30 3.06877e-30 1.76801e-30 1.0184e-30 5.86502e-31 3.37703e-31 1.9441e-31 1.11898e-31 6.43937e-32 3.70499e-32 2.13134e-32 1.22586e-32 7.04945e-33 4.05316e-33 2.33002e-33 1.33922e-33
4.78722e-10 7.55554e-11 4.69954e-11 2.90926e-11 1.79339e-11 1.10133e-11 6.74026e-12 4.11229e-12 2.50183e-12 1.51809e-12 9.18958e-13 5.55044e-13 3.34551e-13 2.01262e-13 1.20859e-13 7.24546e-14 4.33675e-14 2.59188e-14 1.54687e-14 9.21964e-15 5.48815e-15 3.263e-15 1.93782e-15 1.14957e-15 6.81257e-16 4.03324e-16 2.38554e-16 1.40969e-16 8.3231e-17 4.91001e-17 2.89422e-17 1.70468e-17 1.00331e-17 5.90081e-18 3.46808e-18 2.03693e-18 1.19559e-18 7.01323e-19 4.11142e-19 2.40885e-19 1.41053e-19 8.25498e-20 4.82856e-20 2.82289e-20 1.6495e-20 9.6338e-21 5.62388e-21 3.28151e-21 1.91388e-21 1.11575e-21 6.50176e-22 3.78717e-22 2.20507e-22 1.28338e-22 7.4666e-23 4.34235e-23 2.52445e-23 1.46707e-23 8.52282e-24 4.94954e-24 2.87342e-24 1.6676e-24 9.67481e-25 5.6112e-25 3.25338e-25 1.88574e-25 1.0927e-25 6.32981e-26 3.66571e-26 2.12228e-26 1.22837e-26 7.10782e-27 4.11177e-27 2.37799e-27 1.37492e-27 7.94765e-28 4.59295e-28 2.65363e-28 1.5328e-28 8.85173e-29 5.1106e-29 2.94996e-29 1.70241e-29 9.82243e-30 5.66603e-30 3.26774e-30 1.88419e-30 1.08621e-30 6.26058e-31 3.60769e-31 2.07854e-31 1.1973e-31 6.89553e-32 3.97054e-32 2.28587e-32 1.31575e-32 7.57215e-33 4.357e-33 2.50657e-33 1.44178e-33 8.29167e-34
2.65956e-10 4.26552e-11 2.65936e-11 1.64988e-11 1.01914e-11 6.27073e-12 3.8448e-12 2.34985e-12 1.43199e-12 8.7032e-13 5.27653e-13 3.19175e-13 1.92659e-13 1.16064e-13 6.9792e-14 4.18953e-14 2.51086e-14 1.50251e-14 8.97821e-15 5.3576e-15 3.19294e-15 1.90056e-15 1.12997e-15 6.71072e-16 3.9812e-16 2.3595e-16 1.39703e-16 8.26405e-17 4.8842e-17 2.88419e-17 1.70176e-17 1.00331e-17 5.91069e-18 3.47957e-18 2.04695e-18 1.20335e-18 7.06959e-19 4.15067e-19 2.43543e-19 1.42815e-19 8.36996e-20 4.90263e-20 2.87011e-20 1.67934e-20 9.82101e-21 5.74061e-21 3.3539e-21 1.95856e-21 1.14321e-21 6.66988e-22 3.88976e-22 2.26748e-22 1.32125e-22 7.69574e-23 4.48069e-23 2.60779e-23 1.51718e-23 8.82353e-24 5.1297e-24 2.98118e-24 1.73195e-24 1.00586e-24 5.8398e-25 3.38936e-25 1.96653e-25 1.14064e-25 6.61403e-26 3.83402e-26 2.22186e-26 1.28723e-26 7.45543e-27 4.31688e-27 2.49891e-27 1.44616e-27 8.36702e-28 4.83964e-28 2.79864e-28 1.61799e-28 9.35183e-29 5.404e-29 3.122e-29 1.80323e-29 1.04129e-29 6.01165e-30 3.46994e-30 2.00243e-30 1.15531e-30 6.66426e-31 3.8434e-31 2.21611e-31 1.27756e-31 7.3635e-32 4.24331e-32 2.44479e-32 1.40831e-32 8.111e-33 4.67059e-33 2.689e-33 1.54786e-33 8.90838e-34 5.12614e-34
