0.00806537 0.00621126 0.00478338 0.00368376 0.00283692 0.00218475 0.00168251 0.00129573 0.000997858 0.000768465 0.000591806 0.000455759 0.000350987 0.0002703 0.000208162 0.000160309 0.000123456 9.50755e-05 7.32191e-05 5.63871e-05 4.34245e-05 3.34419e-05 2.57541e-05 1.98336e-05 1.52742e-05 1.17629e-05 9.05876e-06 6.97628e-06 5.37254e-06 4.13747e-06 3.18633e-06 2.45384e-06 1.88974e-06 1.45532e-06 1.12076e-06 8.63115e-07 6.64697e-07 5.11893e-07 3.94217e-07 3.03592e-07 2.33801e-07 1.80054e-07 1.38662e-07 1.06786e-07 8.22372e-08 6.33321e-08 4.8773e-08 3.75608e-08 2.89261e-08 2.22765e-08 1.71554e-08 1.32117e-08 1.01745e-08 7.83553e-09 6.03426e-09 4.64707e-09 3.57878e-09 2.75607e-09 2.12249e-09 1.63456e-09 1.2588e-09 9.69422e-10 7.46566e-10 5.74942e-10 4.42771e-10 3.40985e-10 2.62597e-10 2.0223e-10 1.55741e-10 1.19938e-10 9.23661e-11 7.11325e-11 5.47802e-11 4.21871e-11 3.24889e-11 2.50202e-11 1.92684e-11 1.48389e-11 1.14277e-11 8.80061e-12 6.77748e-12 5.21944e-12 4.01957e-12 3.09553e-12 2.38391e-12 1.83589e-12 1.41384e-12 1.08882e-12 8.38518e-13 6.45756e-13 4.97306e-13 3.82983e-13 2.94941e-13 2.27138e-13 1.74923e-13 1.34711e-13 1.03743e-13 7.98937e-14 6.15273e-14 4.73831e-14 3.64905e-14
0.00621126 0.00514457 0.00424006 0.00347954 0.00284461 0.00231772 0.00188275 0.00152528 0.00123266 0.000993979 0.000799891 0.00064251 0.000515217 0.000412494 0.000329772 0.000263284 0.000209938 0.000167205 0.000133025 0.000105723 8.39442e-05 6.65913e-05 5.27805e-05 4.18004e-05 3.30793e-05 2.61589e-05 2.06721e-05 1.63256e-05 1.2885e-05 1.01635e-05 8.01234e-06 6.31311e-06 4.97171e-06 3.91341e-06 3.07895e-06 2.42134e-06 1.90336e-06 1.49557e-06 1.17469e-06 9.22296e-07 7.2387e-07 5.67933e-07 4.45437e-07 3.49247e-07 2.73742e-07 2.14496e-07 1.68023e-07 1.31581e-07 1.03014e-07 8.06283e-08 6.30906e-08 4.93553e-08 3.86009e-08 3.01827e-08 2.35951e-08 1.84411e-08 1.44099e-08 1.12575e-08 8.79303e-09 6.86669e-09 5.36134e-09 4.18522e-09 3.26651e-09 2.54902e-09 1.98879e-09 1.55142e-09 1.21004e-09 9.43632e-10 7.35762e-10 5.73595e-10 4.47105e-10 3.48459e-10 2.71539e-10 2.11569e-10 1.64822e-10 1.28387e-10 9.9993e-11 7.78689e-11 6.06325e-11 4.72058e-11 3.6748e-11 2.86037e-11 2.22619e-11 1.73242e-11 1.34802e-11 1.04881e-11 8.15925e-12 6.34688e-12 4.93658e-12 3.83929e-12 2.98561e-12 2.32153e-12 1.805e-12 1.40326e-12 1.09085e-12 8.4791e-13 6.59021e-13 5.12168e-13 3.98006e-13 3.09265e-13 2.40292e-13
0.00478338 0.00424006 0.00370992 0.00321191 0.0027564 0.00234797 0.00198734 0.00167282 0.00140126 0.00116874 0.00097108 0.000804073 0.000663719 0.000546317 0.000448521 0.000367359 0.000300228 0.000244869 0.000199344 0.000162 0.000131438 0.000106479 8.61364e-05 6.95867e-05 5.61456e-05 4.52467e-05 3.64223e-05 2.92875e-05 2.35264e-05 1.88803e-05 1.51379e-05 1.21266e-05 9.7062e-06 7.7627e-06 6.20361e-06 4.95403e-06 3.95337e-06 3.15271e-06 2.51258e-06 2.00117e-06 1.5929e-06 1.2672e-06 1.00753e-06 8.00644e-07 6.35911e-07 5.04819e-07 4.00558e-07 3.17682e-07 2.5184e-07 1.99556e-07 1.5806e-07 1.25141e-07 9.90392e-08 7.83511e-08 6.19612e-08 4.8982e-08 3.87078e-08 3.05782e-08 2.41479e-08 1.90636e-08 1.50451e-08 1.18699e-08 9.36207e-09 7.38189e-09 5.81888e-09 4.58554e-09 3.61263e-09 2.84538e-09 2.2405e-09 1.76377e-09 1.38813e-09 1.09222e-09 8.59195e-10 6.75728e-10 5.31318e-10 4.17677e-10 3.28272e-10 2.57949e-10 2.0265e-10 1.59173e-10 1.24999e-10 9.81428e-11 7.70422e-11 6.04669e-11 4.7449e-11 3.72271e-11 2.92021e-11 2.29031e-11 1.79598e-11 1.40811e-11 1.10383e-11 8.65159e-12 6.77989e-12 5.3123e-12 4.16175e-12 3.25991e-12 2.55312e-12 1.99929e-12 1.56537e-12 1.22546e-12 9.5923e-13
0.00368376 0.00347954 0.00321191 0.00291295 0.00260498 0.00230301 0.00201669 0.0017517 0.00151093 0.00129536 0.0011046 0.00093746 0.000792223 0.000666915 0.000559471 0.000467844 0.000390082 0.000324372 0.000269061 0.000222667 0.000183878 0.000151541 0.000124657 0.000102362 8.3915e-05 6.8685e-05 5.61361e-05 4.58158e-05 3.73433e-05 3.03992e-05 2.47168e-05 2.00736e-05 1.62849e-05 1.31976e-05 1.06849e-05 8.64236e-06 6.98389e-06 5.63873e-06 4.54883e-06 3.66662e-06 2.95321e-06 2.37681e-06 1.91154e-06 1.53627e-06 1.23384e-06 9.90298e-07 7.94329e-07 6.36753e-07 5.10134e-07 4.08461e-07 3.26871e-07 2.61438e-07 2.08994e-07 1.66986e-07 1.33356e-07 1.06448e-07 8.49303e-08 6.77315e-08 5.39918e-08 4.30209e-08 3.4265e-08 2.72801e-08 2.17104e-08 1.72712e-08 1.37346e-08 1.09181e-08 8.67614e-09 6.89211e-09 5.47305e-09 4.34472e-09 3.44789e-09 2.7353e-09 2.16932e-09 1.71992e-09 1.36321e-09 1.08017e-09 8.55652e-10 6.77612e-10 5.3647e-10 4.24613e-10 3.35991e-10 2.65796e-10 2.10214e-10 1.66213e-10 1.31391e-10 1.03839e-10 8.20457e-11 6.48112e-11 5.11856e-11 4.04156e-11 3.19048e-11 2.51808e-11 1.98698e-11 1.56757e-11 1.23644e-11 9.75067e-12 7.68794e-12 6.06041e-12 4.77653e-12 3.76394e-12 2.96547e-12
0.00283692 0.00284461 0.0027564 0.00260498 0.00241511 0.0022052 0.00198861 0.00177472 0.00156989 0.00137813 0.00120175 0.00104179 0.000898396 0.000771097 0.000659024 0.000561063 0.000475974 0.000402478 0.000339311 0.000285263 0.000239205 0.0002001 0.000167011 0.000139099 0.000115622 9.59274e-05 7.94467e-05 6.56874e-05 5.42249e-05 4.46951e-05 3.67874e-05 3.02374e-05 2.48213e-05 2.035e-05 1.66642e-05 1.36305e-05 1.11369e-05 9.08992e-06 7.41172e-06 6.03749e-06 4.91348e-06 3.99514e-06 3.24562e-06 2.63452e-06 2.13675e-06 1.73168e-06 1.40234e-06 1.13481e-06 9.17667e-07 7.41567e-07 5.98862e-07 4.83308e-07 3.89807e-07 3.14205e-07 2.53116e-07 2.03787e-07 1.6398e-07 1.31878e-07 1.06004e-07 8.5163e-08 6.83851e-08 5.48858e-08 4.40304e-08 3.53056e-08 2.82968e-08 2.26694e-08 1.81533e-08 1.45308e-08 1.16263e-08 9.2987e-09 7.43415e-09 5.94119e-09 4.74627e-09 3.79028e-09 3.02576e-09 2.41459e-09 1.92621e-09 1.53609e-09 1.22458e-09 9.75925e-10 7.77513e-10 6.19246e-10 4.93044e-10 3.92445e-10 3.1228e-10 2.48419e-10 1.97561e-10 1.57071e-10 1.24846e-10 9.92057e-11 7.88105e-11 6.2592e-11 4.96985e-11 3.94512e-11 3.13091e-11 2.48413e-11 1.9705e-11 1.56271e-11 1.23902e-11 9.82163e-12 7.78379e-12
0.00218475 0.00231772 0.00234797 0.00230301 0.0022052 0.00207232 0.00191828 0.00175369 0.00158647 0.00142232 0.00126521 0.00111774 0.00098145 0.000857077 0.000744783 0.000644312 0.000555121 0.000476487 0.000407581 0.000347527 0.000295443 0.00025047 0.000211794 0.000178657 0.000150361 0.000126276 0.000105833 8.85304e-05 7.39219e-05 6.16175e-05 5.1277e-05 4.26051e-05 3.5347e-05 2.92837e-05 2.42274e-05 2.0018e-05 1.65193e-05 1.36158e-05 1.12096e-05 9.21844e-06 7.57287e-06 6.21466e-06 5.09499e-06 4.17305e-06 3.41478e-06 2.79179e-06 2.28049e-06 1.86128e-06 1.5179e-06 1.23689e-06 1.00715e-06 8.19468e-07 6.66286e-07 5.4136e-07 4.39561e-07 3.5667e-07 2.89225e-07 2.34388e-07 1.89833e-07 1.53657e-07 1.24303e-07 1.00501e-07 8.12123e-08 6.55905e-08 5.29461e-08 4.27177e-08 3.44481e-08 2.7766e-08 2.23695e-08 1.80135e-08 1.44992e-08 1.16653e-08 9.38127e-09 7.54125e-09 6.05962e-09 4.86711e-09 3.90773e-09 3.13624e-09 2.5161e-09 2.01783e-09 1.61764e-09 1.29635e-09 1.03851e-09 8.31666e-10 6.65794e-10 5.32827e-10 4.26276e-10 3.40923e-10 2.72574e-10 2.17861e-10 1.74077e-10 1.39051e-10 1.1104e-10 8.86459e-11 7.07482e-11 5.64484e-11 4.50265e-11 3.5906e-11 2.86254e-11 2.28151e-11 1.81795e-11
0.00168251 0.00188275 0.00198734 0.00201669 0.00198861 0.00191828 0.00181835 0.0016991 0.00156872 0.00143359 0.00129854 0.00116711 0.00104178 0.000924215 0.000815389 0.000715776 0.000625464 0.000544259 0.000471771 0.000407478 0.000350783 0.000301044 0.000257613 0.000219852 0.00018715 0.000158931 0.000134663 0.000113857 9.60703e-05 8.09067e-05 6.8012e-05 5.7073e-05 4.78139e-05 3.99934e-05 3.34013e-05 2.78552e-05 2.31977e-05 1.92931e-05 1.60252e-05 1.32943e-05 1.10157e-05 9.11718e-06 7.53754e-06 6.22494e-06 5.13563e-06 4.23272e-06 3.4852e-06 2.86702e-06 2.35636e-06 1.93496e-06 1.58758e-06 1.30149e-06 1.0661e-06 8.72609e-07 7.13696e-07 5.83296e-07 4.76381e-07 3.88793e-07 3.17095e-07 2.58448e-07 2.10514e-07 1.71362e-07 1.39407e-07 1.13343e-07 9.2099e-08 7.47942e-08 6.07073e-08 4.92468e-08 3.99288e-08 3.23572e-08 2.6208e-08 2.1217e-08 1.71682e-08 1.38854e-08 1.12251e-08 9.0704e-09 7.32604e-09 5.91457e-09 4.773e-09 3.85015e-09 3.10446e-09 2.50219e-09 2.01596e-09 1.62359e-09 1.30709e-09 1.0519e-09 8.46216e-10 6.80508e-10 5.47057e-10 4.39623e-10 3.53168e-10 2.83619e-10 2.27692e-10 1.82734e-10 1.46606e-10 1.17584e-10 9.42787e-11 7.55694e-11 6.05549e-11 4.85093e-11 3.88487e-11
0.00129573 0.00152528 0.00167282 0.0017517 0.00177472 0.00175369 0.0016991 0.00162001 0.00152408 0.00141763 0.00130573 0.00119238 0.00108065 0.000972769 0.000870345 0.000774422 0.000685616 0.000604206 0.000530211 0.000463459 0.000403641 0.000350356 0.000303145 0.00026152 0.000224984 0.000193045 0.000165232 0.000141095 0.000120217 0.000102214 8.67327e-05 7.34563e-05 6.20991e-05 5.24068e-05 4.41539e-05 3.71415e-05 3.11953e-05 2.61627e-05 2.19112e-05 1.83257e-05 1.53071e-05 1.27696e-05 1.06399e-05 8.8551e-06 7.36136e-06 6.11294e-06 5.07089e-06 4.20218e-06 3.47886e-06 2.87728e-06 2.37753e-06 1.9628e-06 1.619e-06 1.33429e-06 1.09874e-06 9.04043e-07 7.43267e-07 6.10619e-07 5.01273e-07 4.11211e-07 3.37093e-07 2.76145e-07 2.26066e-07 1.84948e-07 1.51213e-07 1.23554e-07 1.00893e-07 8.23393e-08 6.71587e-08 5.47459e-08 4.46025e-08 3.63189e-08 2.9558e-08 2.40432e-08 1.95473e-08 1.58843e-08 1.29013e-08 1.04736e-08 8.49869e-09 6.89302e-09 5.58819e-09 4.52836e-09 3.66794e-09 2.96974e-09 2.40345e-09 1.94434e-09 1.5723e-09 1.27094e-09 1.02695e-09 8.29482e-10 6.69733e-10 5.4055e-10 4.36128e-10 3.51752e-10 2.83601e-10 2.28576e-10 1.84164e-10 1.48332e-10 1.19433e-10 9.61326e-11 7.73536e-11
0.000997858 0.00123266 0.00140126 0.00151093 0.00156989 0.00158647 0.00156872 0.00152408 0.00145919 0.00137984 0.00129092 0.0011965 0.00109989 0.00100367 0.000909842 0.000819871 0.000734786 0.000655258 0.000581664 0.000514153 0.000452694 0.000397127 0.000347191 0.000302565 0.000262883 0.000227759 0.000196802 0.000169624 0.00014585 0.000125123 0.00010711 9.15014e-05 7.80143e-05 6.63906e-05 5.63976e-05 4.78265e-05 4.04913e-05 3.4227e-05 2.8888e-05 2.43462e-05 2.04897e-05 1.72207e-05 1.44544e-05 1.21171e-05 1.01455e-05 8.48464e-06 7.08762e-06 5.9141e-06 4.92962e-06 4.10477e-06 3.41451e-06 2.83757e-06 2.35588e-06 1.95416e-06 1.6195e-06 1.34098e-06 1.10943e-06 9.17105e-07 7.57515e-07 6.25208e-07 5.15617e-07 4.24922e-07 3.49926e-07 2.87964e-07 2.3681e-07 1.94612e-07 1.59829e-07 1.31178e-07 1.07596e-07 8.81992e-08 7.22557e-08 5.91596e-08 4.84092e-08 3.95902e-08 3.23599e-08 2.64359e-08 2.15849e-08 1.7615e-08 1.43679e-08 1.17136e-08 9.54493e-09 7.77407e-09 6.32879e-09 5.14982e-09 4.18859e-09 3.40526e-09 2.76722e-09 2.24777e-09 1.82506e-09 1.48123e-09 1.20169e-09 9.74511e-10 7.89973e-10 6.40133e-10 5.18517e-10 4.1985e-10 3.39833e-10 2.74967e-10 2.22403e-10 1.79825e-10 1.45348e-10
0.000768465 0.000993979 0.00116874 0.00129536 0.00137813 0.00142232 0.00143359 0.00141763 0.00137984 0.0013252 0.00125815 0.00118256 0.00110171 0.00101832 0.0009346 0.000852282 0.000772694 0.000696807 0.000625295 0.000558582 0.000496892 0.000440287 0.000388706 0.000341994 0.00029993 0.000262244 0.000228639 0.000198803 0.000172418 0.000149172 0.000128762 0.0001109 9.53163e-05 8.1758e-05 6.9994e-05 5.98128e-05 5.10227e-05 4.34509e-05 3.69427e-05 3.13604e-05 2.65816e-05 2.24984e-05 1.90158e-05 1.60507e-05 1.35303e-05 1.13913e-05 9.57883e-06 8.04523e-06 6.74945e-06 5.65611e-06 4.7348e-06 3.95943e-06 3.30769e-06 2.76051e-06 2.30165e-06 1.91729e-06 1.59566e-06 1.32683e-06 1.10234e-06 9.15067e-07 7.58993e-07 6.2904e-07 5.20934e-07 4.31081e-07 3.56464e-07 2.9455e-07 2.43219e-07 2.00696e-07 1.65496e-07 1.3638e-07 1.12314e-07 9.24369e-08 7.60308e-08 6.24989e-08 5.13451e-08 4.21575e-08 3.45943e-08 2.83723e-08 2.32566e-08 1.90532e-08 1.56014e-08 1.27683e-08 1.04445e-08 8.53937e-09 6.97837e-09 5.70001e-09 4.65365e-09 3.79763e-09 3.09767e-09 2.52561e-09 2.0583e-09 1.67673e-09 1.36533e-09 1.1113e-09 9.04162e-10 7.35341e-10 5.97806e-10 4.85807e-10 3.9464e-10 3.20461e-10 2.6013e-10
0.000591806 0.000799891 0.00097108 0.0011046 0.00120175 0.00126521 0.00129854 0.00130573 0.00129092 0.00125815 0.00121124 0.00115366 0.0010885 0.00101844 0.000945722 0.000872233 0.00079948 0.000728649 0.000660637 0.000596092 0.000535455 0.00047899 0.000426818 0.000378949 0.000335301 0.000295728 0.000260036 0.000227997 0.000199363 0.000173876 0.000151276 0.000131306 0.000113719 9.82784e-05 8.47616e-05 7.29615e-05 6.2687e-05 5.37629e-05 4.60298e-05 3.93438e-05 3.35754e-05 2.86087e-05 2.43406e-05 2.06797e-05 1.75451e-05 1.48658e-05 1.25793e-05 1.06313e-05 8.97398e-06 7.56616e-06 6.37193e-06 5.36027e-06 4.50439e-06 3.78122e-06 3.17093e-06 2.65653e-06 2.22344e-06 1.85922e-06 1.55324e-06 1.29648e-06 1.08122e-06 9.00945e-07 7.50111e-07 6.24028e-07 5.18732e-07 4.30873e-07 3.57628e-07 2.96618e-07 2.4584e-07 2.03613e-07 1.68523e-07 1.39388e-07 1.15215e-07 9.51725e-08 7.85676e-08 6.48199e-08 5.34456e-08 4.40413e-08 3.62707e-08 2.98543e-08 2.45593e-08 2.01924e-08 1.65931e-08 1.36282e-08 1.11874e-08 9.17901e-09 7.52745e-09 6.17004e-09 5.05498e-09 4.13949e-09 3.38823e-09 2.77205e-09 2.26691e-09 1.853e-09 1.51402e-09 1.23652e-09 1.00945e-09 8.23749e-10 6.71934e-10 5.47879e-10 4.46552e-10
0.000455759 0.00064251 0.000804073 0.00093746 0.00104179 0.00111774 0.00116711 0.00119238 0.0011965 0.00118256 0.00115366 0.00111279 0.0010627 0.00100589 0.000944564 0.000880608 0.00081562 0.000750913 0.000687541 0.000626321 0.000567867 0.000512613 0.000460842 0.000412713 0.000368281 0.000327519 0.000290339 0.000256601 0.000226135 0.000198745 0.000174221 0.000152347 0.000132907 0.000115688 0.000100483 8.70981e-05 7.53473e-05 6.50587e-05 5.6073e-05 4.8244e-05 4.14383e-05 3.5535e-05 3.04251e-05 2.60107e-05 2.22044e-05 1.89284e-05 1.61137e-05 1.36995e-05 1.16321e-05 9.86451e-06 8.35544e-06 7.06897e-06 5.97381e-06 5.04275e-06 4.25226e-06 3.58195e-06 3.01426e-06 2.53403e-06 2.12828e-06 1.78582e-06 1.4971e-06 1.25394e-06 1.04936e-06 8.77423e-07 7.33048e-07 6.11935e-07 5.10429e-07 4.25433e-07 3.54323e-07 2.94882e-07 2.45236e-07 2.03804e-07 1.69255e-07 1.40468e-07 1.165e-07 9.65589e-08 7.99803e-08 6.62068e-08 5.47719e-08 4.52848e-08 3.7419e-08 3.09017e-08 2.55051e-08 2.10392e-08 1.73459e-08 1.42932e-08 1.17716e-08 9.68988e-09 7.97223e-09 6.55579e-09 5.38838e-09 4.42672e-09 3.63496e-09 2.98343e-09 2.44756e-09 2.00703e-09 1.64506e-09 1.34779e-09 1.10376e-09 9.03536e-10 7.39323e-10
0.000350987 0.000515217 0.000663719 0.000792223 0.000898396 0.00098145 0.00104178 0.00108065 0.00109989 0.00110171 0.0010885 0.0010627 0.00102667 0.000982631 0.000932636 0.000878506 0.000821838 0.000763999 0.00070613 0.000649165 0.000593846 0.000540741 0.000490271 0.000442724 0.000398278 0.000357021 0.000318964 0.00028406 0.000252216 0.000223303 0.000197168 0.000173642 0.000152547 0.000133699 0.000116917 0.00010202 8.88379e-05 7.72055e-05 6.69684e-05 5.79822e-05 5.01133e-05 4.32386e-05 3.72458e-05 3.20329e-05 2.75074e-05 2.35863e-05 2.01953e-05 1.72678e-05 1.47449e-05 1.25742e-05 1.07096e-05 9.11028e-06 7.74059e-06 6.56924e-06 5.56888e-06 4.7157e-06 3.98899e-06 3.37077e-06 2.8455e-06 2.39972e-06 2.02184e-06 1.70188e-06 1.43125e-06 1.20258e-06 1.00957e-06 8.46816e-07 7.09714e-07 5.94328e-07 4.97307e-07 4.15803e-07 3.47393e-07 2.90024e-07 2.41953e-07 2.01706e-07 1.68037e-07 1.39893e-07 1.16385e-07 9.67639e-08 8.03991e-08 6.67599e-08 5.54003e-08 4.59458e-08 3.80821e-08 3.15459e-08 2.61166e-08 2.16095e-08 1.78704e-08 1.47703e-08 1.22014e-08 1.00741e-08 8.31336e-09 6.8569e-09 5.65279e-09 4.65785e-09 3.83618e-09 3.15796e-09 2.59844e-09 2.13707e-09 1.75682e-09 1.4436e-09 1.18569e-09
0.0002703 0.000412494 0.000546317 0.000666915 0.000771097 0.000857077 0.000924215 0.000972769 0.00100367 0.00101832 0.00101844 0.00100589 0.000982631 0.000950561 0.000911506 0.000867155 0.000819039 0.000768511 0.000716746 0.000664741 0.000613322 0.000563159 0.000514776 0.000468572 0.000424831 0.000383742 0.000345411 0.000309879 0.000277129 0.000247101 0.000219702 0.000194814 0.000172301 0.000152014 0.000133801 0.000117505 0.00010297 9.00467e-05 7.85883e-05 6.84565e-05 5.9521e-05 5.16598e-05 4.47601e-05 3.87177e-05 3.34374e-05 2.88327e-05 2.48249e-05 2.13432e-05 1.83242e-05 1.57107e-05 1.34523e-05 1.15038e-05 9.82525e-06 8.38151e-06 7.14152e-06 6.07803e-06 5.16717e-06 4.38805e-06 3.72249e-06 3.15463e-06 2.67072e-06 2.25884e-06 1.90866e-06 1.61126e-06 1.35897e-06 1.14517e-06 9.64169e-07 8.11089e-07 6.81749e-07 5.7257e-07 4.80494e-07 4.02913e-07 3.37602e-07 2.82668e-07 2.365e-07 1.97732e-07 1.65204e-07 1.37932e-07 1.15085e-07 9.59588e-08 7.99598e-08 6.6586e-08 5.54146e-08 4.60894e-08 3.83104e-08 3.18257e-08 2.64233e-08 2.19255e-08 1.81832e-08 1.50714e-08 1.24854e-08 1.03376e-08 8.55482e-09 7.07588e-09 5.84966e-09 4.83354e-09 3.99198e-09 3.29536e-09 2.71902e-09 2.24244e-09 1.84854e-09
0.000208162 0.000329772 0.000448521 0.000559471 0.000659024 0.000744783 0.000815389 0.000870345 0.000909842 0.0009346 0.000945722 0.000944564 0.000932636 0.000911506 0.00088274 0.000847846 0.000808236 0.000765201 0.000719899 0.000673343 0.000626406 0.00057982 0.000534188 0.000489991 0.000447602 0.000407298 0.000369269 0.000333634 0.000300453 0.000269731 0.000241435 0.000215501 0.000191836 0.000170333 0.000150869 0.000133316 0.000117541 0.000103408 9.07858e-05 7.95453e-05 6.95626e-05 6.07202e-05 5.29071e-05 4.60198e-05 3.99625e-05 3.46466e-05 2.99911e-05 2.5922e-05 2.23722e-05 1.92812e-05 1.65944e-05 1.4263e-05 1.22433e-05 1.04963e-05 8.98761e-06 7.68662e-06 6.56633e-06 5.603e-06 4.77575e-06 4.06629e-06 3.4586e-06 2.93874e-06 2.49454e-06 2.11544e-06 1.79225e-06 1.51703e-06 1.28292e-06 1.08398e-06 9.15094e-07 7.71873e-07 6.5053e-07 5.47819e-07 4.60961e-07 3.87574e-07 3.25624e-07 2.73372e-07 2.29338e-07 1.9226e-07 1.61063e-07 1.34836e-07 1.12804e-07 9.43091e-08 7.87957e-08 6.57923e-08 5.49005e-08 4.57837e-08 3.81578e-08 3.17833e-08 2.64583e-08 2.20128e-08 1.8304e-08 1.52117e-08 1.26349e-08 1.0489e-08 8.70296e-09 7.21732e-09 5.98225e-09 4.95604e-09 4.10385e-09 3.39654e-09 2.8098e-09
0.000160309 0.000263284 0.000367359 0.000467844 0.000561063 0.000644312 0.000715776 0.000774422 0.000819871 0.000852282 0.000872233 0.000880608 0.000878506 0.000867155 0.000847846 0.000821876 0.000790503 0.000754919 0.000716223 0.000675409 0.000633356 0.00059083 0.00054848 0.000506849 0.000466378 0.000427412 0.000390217 0.00035498 0.000321828 0.000290832 0.000262015 0.000235364 0.000210835 0.00018836 0.000167853 0.000149214 0.000132335 0.000117102 0.0001034 9.11112e-05 8.0123e-05 7.03246e-05 6.16099e-05 5.38786e-05 4.7036e-05 4.09937e-05 3.56699e-05 3.09888e-05 2.68812e-05 2.32838e-05 2.0139e-05 1.73949e-05 1.50044e-05 1.29256e-05 1.11206e-05 9.55586e-06 8.20141e-06 7.03069e-06 6.02022e-06 5.14925e-06 4.39951e-06 3.75496e-06 3.20154e-06 2.72693e-06 2.32041e-06 1.97259e-06 1.67533e-06 1.42157e-06 1.20516e-06 1.0208e-06 8.63901e-07 7.30505e-07 6.17199e-07 5.21048e-07 4.39529e-07 3.70478e-07 3.12039e-07 2.62623e-07 2.20872e-07 1.85626e-07 1.55895e-07 1.30836e-07 1.09731e-07 9.19701e-08 7.70337e-08 6.44818e-08 5.39413e-08 4.50961e-08 3.76784e-08 3.14622e-08 2.62562e-08 2.1899e-08 1.82546e-08 1.52082e-08 1.26633e-08 1.05386e-08 8.76569e-09 7.28727e-09 6.0551e-09 5.02873e-09 4.17426e-09
0.000123456 0.000209938 0.000300228 0.000390082 0.000475974 0.000555121 0.000625464 0.000685616 0.000734786 0.000772694 0.00079948 0.00081562 0.000821838 0.000819039 0.000808236 0.000790503 0.000766926 0.000738567 0.000706437 0.000671478 0.000634549 0.000596416 0.000557753 0.000519137 0.000481056 0.000443913 0.000408027 0.000373649 0.000340964 0.000310098 0.000281131 0.000254099 0.000229004 0.000205818 0.000184493 0.00016496 0.000147138 0.000130937 0.000116259 0.000103006 9.10742e-05 8.03645e-05 7.0778e-05 6.22195e-05 5.45979e-05 4.78269e-05 4.18255e-05 3.65178e-05 3.18335e-05 2.77078e-05 2.40812e-05 2.08992e-05 1.81124e-05 1.56759e-05 1.35494e-05 1.16963e-05 1.00841e-05 8.68357e-06 7.46871e-06 6.41642e-06 5.5062e-06 4.71993e-06 4.04161e-06 3.45717e-06 2.95423e-06 2.52195e-06 2.15083e-06 1.83258e-06 1.55997e-06 1.32671e-06 1.12732e-06 9.57065e-07 8.11832e-07 6.88064e-07 5.82688e-07 4.93056e-07 4.16884e-07 3.52209e-07 2.97343e-07 2.50839e-07 2.11454e-07 1.78126e-07 1.49947e-07 1.26139e-07 1.06039e-07 8.90835e-08 7.47905e-08 6.27507e-08 5.2616e-08 4.4091e-08 3.69248e-08 3.0905e-08 2.58514e-08 2.16117e-08 1.80571e-08 1.50787e-08 1.25847e-08 1.04975e-08 8.75184e-09 7.29264e-09 6.0736e-09
9.50755e-05 0.000167205 0.000244869 0.000324372 0.000402478 0.000476487 0.000544259 0.000604206 0.000655258 0.000696807 0.000728649 0.000750913 0.000763999 0.000768511 0.000765201 0.000754919 0.000738567 0.000717061 0.000691304 0.000662163 0.000630449 0.000596907 0.000562209 0.000526947 0.000491638 0.000456721 0.00042256 0.000389454 0.000357635 0.000327283 0.000298523 0.00027144 0.000246078 0.00022245 0.000200544 0.000180323 0.000161736 0.000144716 0.000129189 0.000115072 0.000102279 9.07211e-05 8.03094e-05 7.09564e-05 6.25766e-05 5.50876e-05 4.84109e-05 4.24722e-05 3.72014e-05 3.25334e-05 2.84076e-05 2.47683e-05 2.15642e-05 1.87482e-05 1.62778e-05 1.41142e-05 1.22225e-05 1.0571e-05 9.13148e-06 7.87861e-06 6.78975e-06 5.84475e-06 5.02572e-06 4.31681e-06 3.70399e-06 3.17489e-06 2.71865e-06 2.32568e-06 1.9876e-06 1.69707e-06 1.44768e-06 1.23383e-06 1.05064e-06 8.93876e-07 7.59862e-07 6.45406e-07 5.47745e-07 4.64493e-07 3.93587e-07 3.3325e-07 2.81951e-07 2.38373e-07 2.01385e-07 1.70016e-07 1.43433e-07 1.20924e-07 1.01878e-07 8.57759e-08 7.21718e-08 6.06866e-08 5.09971e-08 4.28283e-08 3.59462e-08 3.0152e-08 2.5277e-08 2.11779e-08 1.77335e-08 1.4841e-08 1.24134e-08 1.03774e-08 8.67061e-09
7.32191e-05 0.000133025 0.000199344 0.000269061 0.000339311 0.000407581 0.000471771 0.000530211 0.000581664 0.000625295 0.000660637 0.000687541 0.00070613 0.000716746 0.000719899 0.000716223 0.000706437 0.000691304 0.000671606 0.000648117 0.000621582 0.000592704 0.000562134 0.000530462 0.000498212 0.000465845 0.000433756 0.000402278 0.000371685 0.000342196 0.00031398 0.000287162 0.000261827 0.000238026 0.00021578 0.000195088 0.000175925 0.000158252 0.000142015 0.000127153 0.000113596 0.000101268 9.00937e-05 7.99938e-05 7.08905e-05 6.27072e-05 5.53695e-05 4.88058e-05 4.29481e-05 3.77321e-05 3.30973e-05 2.89874e-05 2.53502e-05 2.21373e-05 1.93045e-05 1.68112e-05 1.46205e-05 1.26988e-05 1.10158e-05 9.54414e-06 8.25917e-06 7.13885e-06 6.16347e-06 5.31544e-06 4.57911e-06 3.9406e-06 3.3876e-06 2.90926e-06 2.49599e-06 2.13935e-06 1.83193e-06 1.56723e-06 1.33955e-06 1.14394e-06 9.76038e-07 8.32069e-07 7.08742e-07 6.032e-07 5.12961e-07 4.35878e-07 3.70091e-07 3.13995e-07 2.66203e-07 2.2552e-07 1.90917e-07 1.6151e-07 1.36537e-07 1.15347e-07 9.73808e-08 8.21586e-08 6.9271e-08 5.83679e-08 4.91501e-08 4.13626e-08 3.47879e-08 2.92409e-08 2.45639e-08 2.06231e-08 1.73047e-08 1.45122e-08 1.21635e-08
5.63871e-05 0.000105723 0.000162 0.000222667 0.000285263 0.000347527 0.000407478 0.000463459 0.000514153 0.000558582 0.000596092 0.000626321 0.000649165 0.000664741 0.000673343 0.000675409 0.000671478 0.000662163 0.000648117 0.000630011 0.000608511 0.000584263 0.000557881 0.000529933 0.00050094 0.000471369 0.00044163 0.00041208 0.000383022 0.000354708 0.000327342 0.000301085 0.000276057 0.000252344 0.000230002 0.000209057 0.000189514 0.000171361 0.000154567 0.000139091 0.00012488 0.000111876 0.000100015 8.92296e-05 7.94507e-05 7.0609e-05 6.26358e-05 5.5464e-05 4.90287e-05 4.32675e-05 3.81214e-05 3.35344e-05 2.94542e-05 2.5832e-05 2.26225e-05 1.9784e-05 1.72779e-05 1.50692e-05 1.31257e-05 1.14185e-05 9.92104e-06 8.60962e-06 7.46278e-06 6.46129e-06 5.58795e-06 4.82737e-06 4.16586e-06 3.59125e-06 3.09274e-06 2.66077e-06 2.2869e-06 1.96368e-06 1.68457e-06 1.44381e-06 1.23634e-06 1.05776e-06 9.04188e-07 7.72262e-07 6.59038e-07 5.61957e-07 4.78794e-07 4.0762e-07 3.46759e-07 2.94763e-07 2.50378e-07 2.12522e-07 1.80261e-07 1.52789e-07 1.29415e-07 1.09543e-07 9.26601e-08 7.83279e-08 6.61699e-08 5.58636e-08 4.71332e-08 3.97428e-08 3.34909e-08 2.82057e-08 2.37407e-08 1.9971e-08 1.67904e-08
4.34245e-05 8.39442e-05 0.000131438 0.000183878 0.000239205 0.000295443 0.000350783 0.000403641 0.000452694 0.000496892 0.000535455 0.000567867 0.000593846 0.000613322 0.000626406 0.000633356 0.000634549 0.000630449 0.000621582 0.000608511 0.000591814 0.000572072 0.000549844 0.00052567 0.000500048 0.000473439 0.000446259 0.000418876 0.000391612 0.000364743 0.0003385 0.000313074 0.000288615 0.00026524 0.000243034 0.000222053 0.000202329 0.000183875 0.000166683 0.000150732 0.00013599 0.000122415 0.000109955 9.85574e-05 8.81625e-05 7.87099e-05 7.01379e-05 6.2385e-05 5.53907e-05 4.9096e-05 4.3444e-05 3.83804e-05 3.38537e-05 2.98153e-05 2.62196e-05 2.30242e-05 2.01898e-05 1.768e-05 1.54616e-05 1.3504e-05 1.17793e-05 1.02621e-05 8.92961e-06 7.76096e-06 6.7375e-06 5.84243e-06 5.06071e-06 4.37888e-06 3.78494e-06 3.26821e-06 2.81918e-06 2.42946e-06 2.0916e-06 1.79902e-06 1.54595e-06 1.32727e-06 1.13852e-06 9.75758e-07 8.35553e-07 7.14896e-07 6.11161e-07 5.22057e-07 4.45593e-07 3.80032e-07 3.23871e-07 2.75803e-07 2.34697e-07 1.99573e-07 1.69585e-07 1.44003e-07 1.22196e-07 1.03621e-07 8.78119e-08 7.4366e-08 6.29386e-08 5.32335e-08 4.4997e-08 3.80116e-08 3.20913e-08 2.70771e-08 2.28329e-08
3.34419e-05 6.65913e-05 0.000106479 0.000151541 0.0002001 0.00025047 0.000301044 0.000350356 0.000397127 0.000440287 0.00047899 0.000512613 0.000540741 0.000563159 0.00057982 0.00059083 0.000596416 0.000596907 0.000592704 0.000584263 0.000572072 0.000556633 0.00053845 0.000518018 0.000495805 0.000472256 0.000447777 0.000422741 0.000397478 0.000372279 0.000347395 0.000323039 0.000299387 0.000276581 0.000254734 0.000233926 0.000214216 0.00019564 0.000178212 0.000161934 0.00014679 0.000132756 0.000119796 0.000107869 9.69284e-05 8.69226e-05 7.77983e-05 6.9501e-05 6.19756e-05 5.51674e-05 4.9023e-05 4.34906e-05 3.85202e-05 3.40643e-05 3.0078e-05 2.65187e-05 2.33468e-05 2.05254e-05 1.80203e-05 1.57998e-05 1.38349e-05 1.20989e-05 1.05677e-05 9.21913e-06 8.03314e-06 6.99165e-06 6.07833e-06 5.27849e-06 4.57896e-06 3.96796e-06 3.43493e-06 2.97051e-06 2.56635e-06 2.21502e-06 1.90999e-06 1.64542e-06 1.41622e-06 1.21785e-06 1.04635e-06 8.98236e-07 7.70435e-07 6.60271e-07 5.654e-07 4.83776e-07 4.13611e-07 3.53351e-07 3.01643e-07 2.57311e-07 2.19334e-07 1.86828e-07 1.59028e-07 1.35271e-07 1.14984e-07 9.76746e-08 8.29161e-08 7.03419e-08 5.96366e-08 5.05287e-08 4.27853e-08 3.62065e-08 3.0621e-08
2.57541e-05 5.27805e-05 8.61364e-05 0.000124657 0.000167011 0.000211794 0.000257613 0.000303145 0.000347191 0.000388706 0.000426818 0.000460842 0.000490271 0.000514776 0.000534188 0.00054848 0.000557753 0.000562209 0.000562134 0.000557881 0.000549844 0.00053845 0.000524138 0.00050735 0.000488518 0.000468059 0.000446364 0.000423796 0.000400688 0.000377338 0.000354009 0.00033093 0.000308296 0.00028627 0.000264987 0.000244551 0.000225043 0.00020652 0.00018902 0.000172562 0.00015715 0.000142776 0.000129422 0.000117058 0.00010565 9.51574e-05 8.55366e-05 7.67403e-05 6.87201e-05 6.14267e-05 5.48109e-05 4.88244e-05 4.34197e-05 3.85512e-05 3.4175e-05 3.02495e-05 2.67353e-05 2.35952e-05 2.07947e-05 1.83016e-05 1.60858e-05 1.41199e-05 1.23785e-05 1.08384e-05 9.47847e-06 8.27935e-06 7.22358e-06 6.29531e-06 5.48027e-06 4.7656e-06 4.13974e-06 3.59235e-06 3.11419e-06 2.69699e-06 2.33341e-06 2.01693e-06 1.74174e-06 1.50272e-06 1.29534e-06 1.11559e-06 9.59959e-07 8.25338e-07 7.09005e-07 6.08572e-07 5.21946e-07 4.47299e-07 3.8303e-07 3.27747e-07 2.80233e-07 2.39431e-07 2.04422e-07 1.74408e-07 1.48697e-07 1.26689e-07 1.07866e-07 9.17779e-08 7.80384e-08 6.6313e-08 5.63136e-08 4.77921e-08 4.05352e-08
1.98336e-05 4.18004e-05 6.95867e-05 0.000102362 0.000139099 0.000178657 0.000219852 0.00026152 0.000302565 0.000341994 0.000378949 0.000412713 0.000442724 0.000468572 0.000489991 0.000506849 0.000519137 0.000526947 0.000530462 0.000529933 0.00052567 0.000518018 0.00050735 0.000494053 0.000478515 0.000461119 0.000442231 0.000422202 0.000401354 0.000379987 0.000358369 0.000336738 0.000315303 0.000294243 0.000273711 0.00025383 0.000234701 0.000216401 0.000198987 0.000182496 0.000166952 0.000152362 0.000138722 0.000126018 0.000114229 0.000103324 9.32703e-05 8.40284e-05 7.55575e-05 6.78147e-05 6.07559e-05 5.43368e-05 4.85136e-05 4.3243e-05 3.84834e-05 3.41942e-05 3.03371e-05 2.68752e-05 2.37742e-05 2.10015e-05 1.85268e-05 1.6322e-05 1.43608e-05 1.26192e-05 1.10751e-05 9.70816e-06 8.49985e-06 7.43332e-06 6.49326e-06 5.66581e-06 4.93844e-06 4.2999e-06 3.74003e-06 3.24975e-06 2.82093e-06 2.44631e-06 2.1194e-06 1.83446e-06 1.58637e-06 1.3706e-06 1.18312e-06 1.0204e-06 8.79314e-07 7.57099e-07 6.51335e-07 5.59894e-07 4.80908e-07 4.12744e-07 3.53969e-07 3.03336e-07 2.59753e-07 2.22271e-07 1.90061e-07 1.62404e-07 1.38676e-07 1.18333e-07 1.00907e-07 8.59909e-08 7.32317e-08 6.23258e-08 5.30106e-08
1.52742e-05 3.30793e-05 5.61456e-05 8.3915e-05 0.000115622 0.000150361 0.00018715 0.000224984 0.000262883 0.00029993 0.000335301 0.000368281 0.000398278 0.000424831 0.000447602 0.000466378 0.000481056 0.000491638 0.000498212 0.00050094 0.000500048 0.000495805 0.000488518 0.000478515 0.000466137 0.000451725 0.00043562 0.000418148 0.00039962 0.000380327 0.000360535 0.000340488 0.000320403 0.000300469 0.000280852 0.000261693 0.000243106 0.000225188 0.000208012 0.000191633 0.000176089 0.000161406 0.000147594 0.000134652 0.000122572 0.000111335 0.000100917 9.12897e-05 8.24192e-05 7.42695e-05 6.68026e-05 5.99791e-05 5.37592e-05 4.81031e-05 4.29716e-05 3.83263e-05 3.41302e-05 3.03475e-05 2.69444e-05 2.38886e-05 2.11497e-05 1.86993e-05 1.65108e-05 1.45595e-05 1.28226e-05 1.12788e-05 9.90891e-06 8.69508e-06 7.62111e-06 6.67223e-06 5.83502e-06 5.09733e-06 4.44816e-06 3.87764e-06 3.37685e-06 2.93779e-06 2.55333e-06 2.21704e-06 1.92324e-06 1.66683e-06 1.4433e-06 1.24864e-06 1.07928e-06 9.32102e-07 8.04315e-07 6.93473e-07 5.97422e-07 5.14264e-07 4.42334e-07 3.80172e-07 3.26498e-07 2.80194e-07 2.4028e-07 2.05903e-07 1.7632e-07 1.50882e-07 1.29025e-07 1.1026e-07 9.41613e-08 8.03605e-08 6.85381e-08
1.17629e-05 2.61589e-05 4.52467e-05 6.8685e-05 9.59274e-05 0.000126276 0.000158931 0.000193045 0.000227759 0.000262244 0.000295728 0.000327519 0.000357021 0.000383742 0.000407298 0.000427412 0.000443913 0.000456721 0.000465845 0.000471369 0.000473439 0.000472256 0.000468059 0.000461119 0.000451725 0.00044018 0.000426788 0.00041185 0.000395656 0.000378486 0.0003606 0.000342239 0.000323622 0.000304947 0.000286387 0.000268094 0.000250198 0.000232808 0.000216012 0.000199882 0.00018447 0.000169815 0.000155943 0.000142867 0.000130589 0.000119104 0.000108397 9.84494e-05 8.92359e-05 8.07279e-05 7.28938e-05 6.56999e-05 5.9111e-05 5.30913e-05 4.76047e-05 4.26156e-05 3.8089e-05 3.39905e-05 3.02875e-05 2.69483e-05 2.3943e-05 2.12432e-05 1.88222e-05 1.6655e-05 1.47182e-05 1.29901e-05 1.14508e-05 1.00816e-05 8.86566e-06 7.78734e-06 6.83243e-06 5.98797e-06 5.24218e-06 4.5844e-06 4.00499e-06 3.49523e-06 3.0473e-06 2.65418e-06 2.30954e-06 2.00776e-06 1.7438e-06 1.51316e-06 1.31186e-06 1.13634e-06 9.83463e-07 8.50432e-07 7.34785e-07 6.34348e-07 5.472e-07 4.71654e-07 4.06222e-07 3.49602e-07 3.00648e-07 2.58358e-07 2.21857e-07 1.90376e-07 1.63248e-07 1.39888e-07 1.1979e-07 1.02511e-07 8.76661e-08
9.05876e-06 2.06721e-05 3.64223e-05 5.61361e-05 7.94467e-05 0.000105833 0.000134663 0.000165232 0.000196802 0.000228639 0.000260036 0.000290339 0.000318964 0.000345411 0.000369269 0.000390217 0.000408027 0.00042256 0.000433756 0.00044163 0.000446259 0.000447777 0.000446364 0.000442231 0.00043562 0.000426788 0.000416003 0.000403536 0.000389655 0.00037462 0.000358682 0.000342074 0.000325015 0.000307702 0.000290316 0.000273016 0.00025594 0.00023921 0.000222926 0.000207172 0.000192015 0.000177507 0.000163686 0.000150578 0.000138198 0.00012655 0.000115633 0.000105434 9.59389e-05 8.71261e-05 7.8971e-05 7.14459e-05 6.45209e-05 5.81646e-05 5.23448e-05 4.7029e-05 4.21847e-05 3.77797e-05 3.37827e-05 3.01634e-05 2.68925e-05 2.39422e-05 2.1286e-05 1.88987e-05 1.6757e-05 1.48388e-05 1.31236e-05 1.15923e-05 1.02273e-05 9.01231e-06 7.93251e-06 6.97418e-06 6.12483e-06 5.37308e-06 4.70858e-06 4.12196e-06 3.60474e-06 3.14926e-06 2.74864e-06 2.39666e-06 2.08778e-06 1.81703e-06 1.57994e-06 1.37257e-06 1.19136e-06 1.03319e-06 8.95254e-07 7.7509e-07 6.70506e-07 5.79567e-07 5.00565e-07 4.31997e-07 3.72535e-07 3.21017e-07 2.76418e-07 2.37842e-07 2.04503e-07 1.75713e-07 1.50871e-07 1.29453e-07 1.11001e-07
6.97628e-06 1.63256e-05 2.92875e-05 4.58158e-05 6.56874e-05 8.85304e-05 0.000113857 0.000141095 0.000169624 0.000198803 0.000227997 0.000256601 0.00028406 0.000309879 0.000333634 0.00035498 0.000373649 0.000389454 0.000402278 0.00041208 0.000418876 0.000422741 0.000423796 0.000422202 0.000418148 0.00041185 0.000403536 0.000393445 0.00038182 0.0003689 0.00035492 0.000340102 0.000324658 0.000308786 0.000292666 0.000276461 0.000260317 0.000244362 0.000228708 0.000213448 0.000198662 0.000184412 0.00017075 0.000157711 0.000145323 0.0001336 0.000122551 0.000112174 0.000102462 9.34016e-05 8.49759e-05 7.71633e-05 6.99397e-05 6.32785e-05 5.71519e-05 5.15309e-05 4.6386e-05 4.16876e-05 3.74063e-05 3.35136e-05 2.99812e-05 2.67822e-05 2.38906e-05 2.12817e-05 1.89321e-05 1.68197e-05 1.49237e-05 1.32248e-05 1.17048e-05 1.0347e-05 9.13589e-06 8.05725e-06 7.09792e-06 6.24589e-06 5.49017e-06 4.82075e-06 4.22855e-06 3.7053e-06 3.24354e-06 2.83654e-06 2.47822e-06 2.16311e-06 1.88632e-06 1.64344e-06 1.43055e-06 1.24414e-06 1.08109e-06 9.38608e-07 8.14225e-07 7.05744e-07 6.11224e-07 5.28942e-07 4.57379e-07 3.95195e-07 3.41208e-07 2.94376e-07 2.53787e-07 2.18636e-07 1.88221e-07 1.61923e-07 1.39204e-07
5.37254e-06 1.2885e-05 2.35264e-05 3.73433e-05 5.42249e-05 7.39219e-05 9.60703e-05 0.000120217 0.00014585 0.000172418 0.000199363 0.000226135 0.000252216 0.000277129 0.000300453 0.000321828 0.000340964 0.000357635 0.000371685 0.000383022 0.000391612 0.000397478 0.000400688 0.000401354 0.00039962 0.000395656 0.000389655 0.00038182 0.000372367 0.000361511 0.000349467 0.000336447 0.000322651 0.00030827 0.000293484 0.000278456 0.000263335 0.000248254 0.000233333 0.000218674 0.000204364 0.000190477 0.000177073 0.000164201 0.000151897 0.000140186 0.000129085 0.000118603 0.000108741 9.94937e-05 9.08511e-05 8.27985e-05 7.53177e-05 6.83874e-05 6.19844e-05 5.60837e-05 5.06593e-05 4.56845e-05 4.11324e-05 3.69762e-05 3.31896e-05 2.97466e-05 2.66223e-05 2.37925e-05 2.12342e-05 1.89255e-05 1.68456e-05 1.4975e-05 1.32954e-05 1.17897e-05 1.04419e-05 9.23732e-06 8.16226e-06 7.20418e-06 6.35151e-06 5.59369e-06 4.92106e-06 4.3248e-06 3.79689e-06 3.33009e-06 2.9178e-06 2.55409e-06 2.2336e-06 1.95151e-06 1.70348e-06 1.48565e-06 1.29453e-06 1.12701e-06 9.80342e-07 8.52044e-07 7.39928e-07 6.42045e-07 5.56667e-07 4.82264e-07 4.17484e-07 3.61132e-07 3.12153e-07 2.69619e-07 2.32712e-07 2.00714e-07 1.72994e-07
4.13747e-06 1.01635e-05 1.88803e-05 3.03992e-05 4.46951e-05 6.16175e-05 8.09067e-05 0.000102214 0.000125123 0.000149172 0.000173876 0.000198745 0.000223303 0.000247101 0.000269731 0.000290832 0.000310098 0.000327283 0.000342196 0.000354708 0.000364743 0.000372279 0.000377338 0.000379987 0.000380327 0.000378486 0.00037462 0.0003689 0.000361511 0.000352643 0.000342491 0.000331249 0.000319106 0.000306244 0.000292836 0.000279044 0.000265018 0.000250894 0.000236794 0.000222827 0.000209088 0.000195659 0.000182609 0.000169996 0.000157863 0.000146248 0.000135175 0.000124661 0.000114717 0.000105345 9.65415e-05 8.82992e-05 8.06058e-05 7.34455e-05 6.68001e-05 6.06489e-05 5.49697e-05 4.9739e-05 4.49329e-05 4.05267e-05 3.64961e-05 3.28168e-05 2.9465e-05 2.64175e-05 2.3652e-05 2.11469e-05 1.88819e-05 1.68373e-05 1.4995e-05 1.33375e-05 1.18486e-05 1.05133e-05 9.31758e-06 8.24832e-06 7.29353e-06 6.44214e-06 5.68398e-06 5.00971e-06 4.41083e-06 3.87958e-06 3.40889e-06 2.99237e-06 2.6242e-06 2.29915e-06 2.01248e-06 1.75995e-06 1.53772e-06 1.34237e-06 1.17082e-06 1.02032e-06 8.88423e-07 7.72937e-07 6.71918e-07 5.83635e-07 5.06554e-07 4.39313e-07 3.80708e-07 3.29674e-07 2.85271e-07 2.4667e-07 2.13139e-07
3.18633e-06 8.01234e-06 1.51379e-05 2.47168e-05 3.67874e-05 5.1277e-05 6.8012e-05 8.67327e-05 0.00010711 0.000128762 0.000151276 0.000174221 0.000197168 0.000219702 0.000241435 0.000262015 0.000281131 0.000298523 0.00031398 0.000327342 0.0003385 0.000347395 0.000354009 0.000358369 0.000360535 0.0003606 0.000358682 0.00035492 0.000349467 0.000342491 0.000334162 0.000324657 0.000314149 0.00030281 0.000290804 0.000278288 0.000265409 0.000252305 0.000239098 0.000225902 0.000212818 0.000199932 0.000187322 0.000175052 0.000163175 0.000151735 0.000140767 0.000130295 0.000120336 0.000110901 0.000101995 9.36149e-05 8.57559e-05 7.84077e-05 7.15569e-05 6.51875e-05 5.92813e-05 5.38186e-05 4.87783e-05 4.41386e-05 3.98774e-05 3.59723e-05 3.24009e-05 2.91414e-05 2.61724e-05 2.34731e-05 2.10234e-05 1.88043e-05 1.67975e-05 1.49857e-05 1.33526e-05 1.1883e-05 1.05625e-05 9.37769e-06 8.31624e-06 7.36664e-06 6.51828e-06 5.76138e-06 5.08697e-06 4.48684e-06 3.95347e-06 3.48001e-06 3.06024e-06 2.68851e-06 2.35969e-06 2.06916e-06 1.81275e-06 1.58668e-06 1.38757e-06 1.2124e-06 1.05844e-06 9.23251e-07 8.04666e-07 7.00742e-07 6.09752e-07 5.3016e-07 4.606e-07 3.99861e-07 3.46872e-07 3.00682e-07 2.60454e-07
2.45384e-06 6.31311e-06 1.21266e-05 2.00736e-05 3.02374e-05 4.26051e-05 5.7073e-05 7.34563e-05 9.15014e-05 0.0001109 0.000131306 0.000152347 0.000173642 0.000194814 0.000215501 0.000235364 0.000254099 0.00027144 0.000287162 0.000301085 0.000313074 0.000323039 0.00033093 0.000336738 0.000340488 0.000342239 0.000342074 0.000340102 0.000336447 0.000331249 0.000324657 0.000316827 0.000307916 0.000298082 0.000287481 0.000276261 0.000264564 0.000252526 0.000240269 0.000227909 0.000215549 0.000203282 0.000191188 0.000179339 0.000167795 0.000156607 0.000145816 0.000135455 0.000125549 0.000116114 0.000107162 9.86983e-05 9.07223e-05 8.323e-05 7.62131e-05 6.96604e-05 6.35579e-05 5.78897e-05 5.26382e-05 4.77844e-05 4.33087e-05 3.91908e-05 3.54104e-05 3.19471e-05 2.87806e-05 2.58911e-05 2.32594e-05 2.08668e-05 1.86956e-05 1.67285e-05 1.49493e-05 1.33428e-05 1.18944e-05 1.05906e-05 9.4187e-06 8.36689e-06 7.42419e-06 6.58047e-06 5.82633e-06 5.15316e-06 4.55304e-06 4.0187e-06 3.54353e-06 3.12147e-06 2.74703e-06 2.41521e-06 2.1215e-06 1.8618e-06 1.63243e-06 1.43004e-06 1.25166e-06 1.0946e-06 9.56437e-07 8.35024e-07 7.2843e-07 6.34935e-07 5.53003e-07 4.81271e-07 4.18523e-07 3.63683e-07 3.15794e-07
1.88974e-06 4.97171e-06 9.7062e-06 1.62849e-05 2.48213e-05 3.5347e-05 4.78139e-05 6.20991e-05 7.80143e-05 9.53163e-05 0.000113719 0.000132907 0.000152547 0.000172301 0.000191836 0.000210835 0.000229004 0.000246078 0.000261827 0.000276057 0.000288615 0.000299387 0.000308296 0.000315303 0.000320403 0.000323622 0.000325015 0.000324658 0.000322651 0.000319106 0.000314149 0.000307916 0.000300547 0.000292184 0.000282972 0.000273049 0.000262552 0.000251609 0.000240345 0.000228871 0.000217293 0.000205706 0.000194196 0.000182837 0.000171696 0.00016083 0.000150286 0.000140103 0.000130313 0.000120939 0.000112 0.000103505 9.54617e-05 8.78705e-05 8.07286e-05 7.40295e-05 6.77637e-05 6.19191e-05 5.64816e-05 5.14355e-05 4.6764e-05 4.24491e-05 3.84727e-05 3.48159e-05 3.14602e-05 2.83868e-05 2.55776e-05 2.30145e-05 2.06804e-05 1.85584e-05 1.66327e-05 1.48879e-05 1.33097e-05 1.18843e-05 1.0599e-05 9.44167e-06 8.40113e-06 7.4669e-06 6.62928e-06 5.87929e-06 5.20863e-06 4.6097e-06 4.07549e-06 3.59959e-06 3.17614e-06 2.7998e-06 2.46572e-06 2.16948e-06 1.90709e-06 1.67492e-06 1.46972e-06 1.28854e-06 1.12873e-06 9.87904e-07 8.63935e-07 7.54907e-07 6.5911e-07 5.75015e-07 5.0126e-07 4.36631e-07 3.80048e-07
