0.946556 0.012103 0.00637954 0.00336267 0.00177248 0.000934277 0.00049246 0.000259577 0.000136824 7.21203e-05 3.80149e-05 2.00377e-05 1.0562e-05 5.56724e-06 2.93451e-06 1.54679e-06 8.15317e-07 4.29756e-07 2.26526e-07 1.19402e-07 6.29373e-08 3.31745e-08 1.74864e-08 9.21711e-09 4.85837e-09 2.56086e-09 1.34984e-09 7.11503e-10 3.75036e-10 1.97682e-10 1.04199e-10 5.49236e-11 2.89504e-11 1.52598e-11 8.04351e-12 4.23976e-12 2.23479e-12 1.17796e-12 6.20909e-13 3.27283e-13 1.72512e-13 9.09315e-14 4.79302e-14 2.52642e-14 1.33168e-14 7.01934e-15 3.69991e-15 1.95024e-15 1.02798e-15 5.41849e-16 2.8561e-16 1.50546e-16 7.93533e-17 4.18273e-17 2.20473e-17 1.16212e-17 6.12557e-18 3.22881e-18 1.70191e-18 8.97084e-19 4.72856e-19 2.49244e-19 1.31377e-19 6.92493e-20 3.65015e-20 1.92401e-20 1.01415e-20 5.34561e-21 2.81769e-21 1.48521e-21 7.8286e-22 4.12648e-22 2.17508e-22 1.14649e-22 6.04319e-23 3.18538e-23 1.67902e-23 8.85019e-24 4.66496e-24 2.45892e-24 1.2961e-24 6.83179e-25 3.60106e-25 1.89813e-25 1.00051e-25 5.27371e-26 2.77979e-26 1.46524e-26 7.7233e-27 4.07098e-27 2.14582e-27 1.13107e-27 5.96191e-28 3.14254e-28 1.65644e-28 8.73116e-29 4.60222e-29 2.42584e-29 1.27867e-29 6.7399e-30 3.55262e-30
0.012103 0.000485909 0.000260403 0.000139515 7.47275e-05 4.00157e-05 2.14227e-05 1.14661e-05 6.13559e-06 3.28246e-06 1.75569e-06 9.38871e-07 5.01966e-07 2.68322e-07 1.43402e-07 7.6625e-08 4.09361e-08 2.18658e-08 1.16775e-08 6.23532e-09 3.32887e-09 1.77691e-09 9.48343e-10 5.06057e-10 2.70003e-10 1.44037e-10 7.68277e-11 4.09734e-11 2.18487e-11 1.16491e-11 6.21018e-12 3.31025e-12 1.76426e-12 9.40182e-13 5.00968e-13 2.66905e-13 1.42186e-13 7.57366e-14 4.03374e-14 2.14815e-14 1.14387e-14 6.09036e-15 3.24239e-15 1.72602e-15 9.18723e-16 4.8897e-16 2.60219e-16 1.3847e-16 7.36777e-17 3.91992e-17 2.08536e-17 1.1093e-17 5.90036e-18 3.13815e-18 1.66892e-18 8.87487e-19 4.71906e-19 2.50909e-19 1.33396e-19 7.09152e-20 3.76968e-20 2.00373e-20 1.06498e-20 5.66001e-21 3.00789e-21 1.59837e-21 8.4931e-22 4.51259e-22 2.3975e-22 1.27369e-22 6.76618e-23 3.59415e-23 1.90908e-23 1.01397e-23 5.3852e-24 2.85992e-24 1.51874e-24 8.06466e-25 4.2822e-25 2.27365e-25 1.20714e-25 6.40871e-26 3.4022e-26 1.80604e-26 9.58682e-27 5.08861e-27 2.70087e-27 1.43346e-27 7.60764e-28 4.03731e-28 2.14247e-28 1.13689e-28 6.03257e-29 3.20087e-29 1.6983e-29 9.01034e-30 4.78025e-30 2.53595e-30 1.34529e-30 7.13625e-31 3.78537e-31
0.00637954 0.000260403 0.000139686 7.49101e-05 4.01613e-05 2.15259e-05 1.15346e-05 6.17928e-06 3.30955e-06 1.77214e-06 9.487e-07 5.07768e-07 2.71712e-07 1.45366e-07 7.77553e-08 4.15826e-08 2.22337e-08 1.18858e-08 6.35288e-09 3.39497e-09 1.81395e-09 9.69046e-10 5.17598e-10 2.76421e-10 1.47599e-10 7.88008e-11 4.20643e-11 2.24509e-11 1.1981e-11 6.39285e-12 3.41065e-12 1.81938e-12 9.70406e-13 5.17523e-13 2.75964e-13 1.47138e-13 7.84411e-14 4.18133e-14 2.22862e-14 1.18771e-14 6.32904e-15 3.37225e-15 1.79662e-15 9.57084e-16 5.098e-16 2.71524e-16 1.44602e-16 7.70016e-17 4.10002e-17 2.18289e-17 1.16209e-17 6.18603e-18 3.29265e-18 1.75244e-18 9.32621e-19 4.96286e-19 2.64073e-19 1.40502e-19 7.47496e-20 3.97651e-20 2.11525e-20 1.1251e-20 5.98398e-21 3.18242e-21 1.69237e-21 8.99919e-22 4.78501e-22 2.54409e-22 1.35256e-22 7.19036e-23 3.82224e-23 2.0317e-23 1.07987e-23 5.73933e-24 3.05017e-24 1.62092e-24 8.61339e-25 4.5768e-25 2.43179e-25 1.29201e-25 6.86409e-26 3.64651e-26 1.93708e-26 1.02896e-26 5.46541e-27 2.90287e-27 1.54174e-27 8.18791e-28 4.34824e-28 2.30906e-28 1.22612e-28 6.5105e-29 3.4568e-29 1.83533e-29 9.74398e-30 5.17296e-30 2.74614e-30 1.45776e-30 7.73809e-31 4.10736e-31 2.18008e-31
0.00336267 0.000139515 7.49101e-05 4.02099e-05 2.15776e-05 1.15758e-05 6.2085e-06 3.32896e-06 1.78453e-06 9.56383e-07 5.12435e-07 2.74503e-07 1.47014e-07 7.87186e-08 4.21411e-08 2.25552e-08 1.20698e-08 6.45762e-09 3.45432e-09 1.84746e-09 9.87891e-10 5.28165e-10 2.8233e-10 1.50894e-10 8.06342e-11 4.30823e-11 2.30151e-11 1.22931e-11 6.56519e-12 3.50568e-12 1.8717e-12 9.99179e-13 5.33325e-13 2.84633e-13 1.51888e-13 8.10417e-14 4.32356e-14 2.30633e-14 1.23014e-14 6.56048e-15 3.4984e-15 1.86533e-15 9.94481e-16 5.30142e-16 2.82581e-16 1.50609e-16 8.0263e-17 4.27699e-17 2.27888e-17 1.21412e-17 6.46793e-18 3.44531e-18 1.83508e-18 9.77334e-19 5.20469e-19 2.77147e-19 1.47567e-19 7.85663e-20 4.18261e-20 2.22651e-20 1.18514e-20 6.30787e-21 3.35709e-21 1.78654e-21 9.50672e-22 5.05847e-22 2.69139e-22 1.43188e-22 7.61739e-23 4.05208e-23 2.15537e-23 1.1464e-23 6.09714e-24 3.24256e-24 1.72434e-24 9.16925e-25 4.87549e-25 2.59225e-25 1.3782e-25 7.32693e-26 3.89501e-26 2.07048e-26 1.10055e-26 5.84959e-27 3.10899e-27 1.6523e-27 8.78089e-28 4.66622e-28 2.47954e-28 1.31751e-28 7.00034e-29 3.7193e-29 1.97599e-29 1.04975e-29 5.5766e-30 2.96232e-30 1.57353e-30 8.35797e-31 4.43922e-31 2.35773e-31 1.25217e-31
0.00177248 7.47275e-05 4.01613e-05 2.15776e-05 1.15896e-05 6.22314e-06 3.34064e-06 1.79281e-06 9.61891e-07 5.1595e-07 2.76684e-07 1.4834e-07 7.95117e-08 4.26096e-08 2.28292e-08 1.22288e-08 6.54915e-09 3.50673e-09 1.8773e-09 1.00481e-09 5.37721e-10 2.87707e-10 1.53911e-10 8.23217e-11 4.40238e-11 2.35392e-11 1.25842e-11 6.7266e-12 3.59501e-12 1.92106e-12 1.02641e-12 5.48324e-13 2.92885e-13 1.56422e-13 8.35301e-14 4.45998e-14 2.38105e-14 1.27102e-14 6.78394e-15 3.62045e-15 1.93194e-15 1.0308e-15 5.49934e-16 2.93358e-16 1.56473e-16 8.34523e-17 4.45033e-17 2.37303e-17 1.26523e-17 6.74525e-18 3.59571e-18 1.9166e-18 1.0215e-18 5.44386e-19 2.90094e-19 1.54573e-19 8.23551e-20 4.38745e-20 2.33722e-20 1.24495e-20 6.63086e-21 3.53146e-21 1.88065e-21 1.00144e-21 5.33231e-22 2.83904e-22 1.51147e-22 8.04627e-23 4.28313e-23 2.27981e-23 1.21341e-23 6.45783e-24 3.43668e-24 1.82879e-24 9.73108e-25 5.17764e-25 2.75471e-25 1.46553e-25 7.79631e-26 4.14722e-26 2.20598e-26 1.17333e-26 6.24044e-27 3.31884e-27 1.76496e-27 9.38556e-28 4.99071e-28 2.65364e-28 1.41091e-28 7.5013e-29 3.98796e-29 2.12004e-29 1.12698e-29 5.99058e-30 3.1842e-30 1.69243e-30 8.99504e-31 4.78052e-31 2.54055e-31 1.35008e-31 7.17423e-32
0.000934277 4.00157e-05 2.15259e-05 1.15758e-05 6.22314e-06 3.34454e-06 1.79696e-06 9.65203e-07 5.18301e-07 2.78248e-07 1.49338e-07 8.01315e-08 4.29865e-08 2.30548e-08 1.23621e-08 6.62717e-09 3.55199e-09 1.90339e-09 1.01975e-09 5.46233e-10 2.92536e-10 1.56639e-10 8.38575e-11 4.48858e-11 2.40216e-11 1.28535e-11 6.87656e-12 3.67834e-12 1.96728e-12 1.052e-12 5.6247e-13 3.00692e-13 1.60725e-13 8.58981e-14 4.59015e-14 2.45252e-14 1.31022e-14 6.99873e-15 3.73802e-15 1.99624e-15 1.06594e-15 5.69115e-16 3.03823e-16 1.62178e-16 8.656e-17 4.61951e-17 2.46507e-17 1.31528e-17 7.01721e-18 3.74341e-18 1.99677e-18 1.065e-18 5.67973e-19 3.02878e-19 1.61499e-19 8.61058e-20 4.59048e-20 2.44707e-20 1.30437e-20 6.95211e-21 3.70509e-21 1.97445e-21 1.05211e-21 5.60585e-22 2.98669e-22 1.59113e-22 8.47598e-23 4.51485e-23 2.40473e-23 1.28073e-23 6.82059e-24 3.63209e-24 1.93402e-24 1.02977e-24 5.48261e-25 2.91883e-25 1.55383e-25 8.27126e-26 4.40265e-26 2.34331e-26 1.24715e-26 6.63721e-27 3.53205e-27 1.8795e-27 1.00008e-27 5.32113e-28 2.83106e-28 1.50616e-28 8.01255e-29 4.26234e-29 2.26727e-29 1.20597e-29 6.41427e-30 3.41144e-30 1.81429e-30 9.64841e-31 5.13078e-31 2.7283e-31 1.45071e-31 7.71344e-32 4.10107e-32
0.00049246 2.14227e-05 1.15346e-05 6.2085e-06 3.34064e-06 1.79696e-06 9.66309e-07 5.19478e-07 2.79188e-07 1.50006e-07 8.05758e-08 4.32703e-08 2.3231e-08 1.24693e-08 6.69138e-09 3.58996e-09 1.92561e-09 1.03266e-09 5.53671e-10 2.96798e-10 1.59069e-10 8.52364e-11 4.56651e-11 2.44605e-11 1.31e-11 7.01455e-12 3.75541e-12 2.01022e-12 1.07587e-12 5.75716e-13 3.08029e-13 1.64782e-13 8.81383e-14 4.71366e-14 2.52053e-14 1.34762e-14 7.20417e-15 3.85075e-15 2.05803e-15 1.09977e-15 5.87629e-16 3.13943e-16 1.67706e-16 8.95768e-17 4.78404e-17 2.55474e-17 1.36412e-17 7.283e-18 3.88799e-18 2.07537e-18 1.1077e-18 5.91164e-19 3.15465e-19 1.68327e-19 8.98084e-20 4.79115e-20 2.55579e-20 1.36324e-20 7.27079e-21 3.87752e-21 2.06772e-21 1.10254e-21 5.87841e-22 3.13396e-22 1.67068e-22 8.9055e-23 4.7467e-23 2.52984e-23 1.34823e-23 7.1846e-24 3.82835e-24 2.03981e-24 1.08677e-24 5.78974e-25 3.08425e-25 1.64291e-25 8.75081e-26 4.66075e-26 2.4822e-26 1.32188e-26 7.03914e-27 3.74819e-27 1.99571e-27 1.06255e-27 5.65688e-28 3.01148e-28 1.60309e-28 8.53322e-29 4.54197e-29 2.41742e-29 1.28658e-29 6.84701e-30 3.64369e-30 1.93892e-30 1.03171e-30 5.48951e-31 2.92071e-31 1.5539e-31 8.26678e-32 4.39774e-32 2.33939e-32
0.000259577 1.14661e-05 6.17928e-06 3.32896e-06 1.79281e-06 9.65203e-07 5.19478e-07 2.79502e-07 1.5034e-07 8.0843e-08 4.34601e-08 2.33574e-08 1.25501e-08 6.74156e-09 3.6205e-09 1.94391e-09 1.04348e-09 5.6001e-10 3.00479e-10 1.61192e-10 8.64535e-11 4.63592e-11 2.48546e-11 1.33228e-11 7.14012e-12 3.82594e-12 2.04972e-12 1.09794e-12 5.88018e-13 3.14871e-13 1.68581e-13 9.02433e-14 4.83011e-14 2.58486e-14 1.3831e-14 7.39962e-15 3.95828e-15 2.11712e-15 1.13221e-15 6.05416e-16 3.23688e-16 1.7304e-16 9.24937e-17 4.94343e-17 2.64176e-17 1.4116e-17 7.54187e-18 4.02903e-18 2.15217e-18 1.14949e-18 6.13893e-19 3.27819e-19 1.75039e-19 9.34526e-20 4.98893e-20 2.66307e-20 1.42141e-20 7.58606e-21 4.04832e-21 2.16021e-21 1.1526e-21 6.14932e-22 3.28049e-22 1.74991e-22 9.33377e-23 4.97811e-23 2.65484e-23 1.41573e-23 7.549e-24 4.02501e-24 2.14591e-24 1.144e-24 6.09834e-25 3.25062e-25 1.73257e-25 9.23394e-26 4.92101e-26 2.62237e-26 1.39735e-26 7.44541e-27 3.96685e-27 2.11337e-27 1.12585e-27 5.99734e-28 3.19456e-28 1.70153e-28 9.06238e-29 4.82637e-29 2.57025e-29 1.36869e-29 7.28807e-30 3.88058e-30 2.06613e-30 1.10001e-30 5.85616e-31 3.11751e-31 1.65951e-31 8.83347e-32 4.70177e-32 2.50248e-32 1.33186e-32
0.000136824 6.13559e-06 3.30955e-06 1.78453e-06 9.61891e-07 5.18301e-07 2.79188e-07 1.5034e-07 8.09322e-08 4.35552e-08 2.34334e-08 1.26041e-08 6.77753e-09 3.6435e-09 1.95821e-09 1.05218e-09 5.65227e-10 3.03567e-10 1.63001e-10 8.75046e-11 4.69657e-11 2.52024e-11 1.35212e-11 7.25283e-12 3.8897e-12 2.08567e-12 1.11814e-12 5.99337e-13 3.21198e-13 1.72108e-13 9.22063e-14 4.93913e-14 2.64529e-14 1.41655e-14 7.58446e-15 4.06027e-15 2.17333e-15 1.16315e-15 6.22424e-16 3.33028e-16 1.78163e-16 9.53019e-17 5.09719e-17 2.72589e-17 1.45758e-17 7.79306e-18 4.16613e-18 2.22695e-18 1.19025e-18 6.36095e-19 3.39906e-19 1.81615e-19 9.70284e-20 5.18327e-20 2.76864e-20 1.47872e-20 7.89708e-21 4.21702e-21 2.25168e-21 1.20217e-21 6.41786e-22 3.42591e-22 1.82863e-22 9.75973e-23 5.20853e-23 2.77944e-23 1.48308e-23 7.91294e-24 4.22161e-24 2.25209e-24 1.20133e-24 6.40773e-25 3.41756e-25 1.82263e-25 9.71961e-26 5.18286e-26 2.76351e-26 1.47341e-26 7.85521e-27 4.18758e-27 2.23224e-27 1.18985e-27 6.34185e-28 3.37997e-28 1.80129e-28 9.59906e-29 5.11503e-29 2.72548e-29 1.45215e-29 7.73673e-30 4.12172e-30 2.19571e-30 1.16963e-30 6.23016e-31 3.31838e-31 1.76739e-31 9.41269e-32 5.01273e-32 2.6694e-32 1.42145e-32 7.56879e-33
7.21203e-05 3.28246e-06 1.77214e-06 9.56383e-07 5.1595e-07 2.78248e-07 1.50006e-07 8.0843e-08 4.35552e-08 2.34588e-08 1.26311e-08 6.79916e-09 3.65888e-09 1.96845e-09 1.05874e-09 5.69304e-10 3.0605e-10 1.6449e-10 8.83862e-11 4.74825e-11 2.55028e-11 1.36946e-11 7.3523e-12 3.94648e-12 2.11793e-12 1.1364e-12 6.09634e-13 3.26987e-13 1.75353e-13 9.40209e-14 5.04036e-14 2.70164e-14 1.44786e-14 7.75809e-15 4.15641e-15 2.22647e-15 1.19249e-15 6.38598e-16 3.41934e-16 1.83061e-16 9.79928e-17 5.24487e-17 2.80686e-17 1.50194e-17 8.03582e-18 4.29889e-18 2.29949e-18 1.22986e-18 6.57709e-19 3.51692e-19 1.88037e-19 1.00526e-19 5.37363e-20 2.87219e-20 1.53502e-20 8.20302e-21 4.38319e-21 2.34189e-21 1.25112e-21 6.68336e-22 3.56986e-22 1.90664e-22 1.01823e-22 5.43737e-23 2.90331e-23 1.55011e-23 8.27555e-24 4.41769e-24 2.35809e-24 1.25861e-24 6.71721e-25 3.58471e-25 1.91287e-25 1.02067e-25 5.44574e-26 2.90533e-26 1.5499e-26 8.26767e-27 4.40994e-27 2.35209e-27 1.25443e-27 6.68973e-28 3.56734e-28 1.90219e-28 1.01423e-28 5.40742e-29 2.88283e-29 1.53682e-29 8.19218e-30 4.36668e-30 2.32744e-30 1.24046e-30 6.6109e-31 3.52302e-31 1.87736e-31 1.00036e-31 5.33015e-32 2.83989e-32 1.51301e-32 8.06046e-33 4.29394e-33
3.80149e-05 1.75569e-06 9.487e-07 5.12435e-07 2.76684e-07 1.49338e-07 8.05758e-08 4.34601e-08 2.34334e-08 1.26311e-08 6.80638e-09 3.66659e-09 1.97462e-09 1.06312e-09 5.72226e-10 3.0792e-10 1.65653e-10 8.90952e-11 4.79077e-11 2.57547e-11 1.38423e-11 7.4382e-12 3.99608e-12 2.1464e-12 1.15265e-12 6.18875e-13 3.32219e-13 1.78305e-13 9.56811e-14 5.13347e-14 2.75373e-14 1.47692e-14 7.91997e-15 4.24638e-15 2.27639e-15 1.22014e-15 6.5389e-16 3.50379e-16 1.87719e-16 1.00558e-16 5.38603e-17 2.88444e-17 1.54453e-17 8.26944e-18 4.42691e-18 2.36959e-18 1.26821e-18 6.78671e-19 3.63142e-19 1.94287e-19 1.03935e-19 5.5595e-20 2.97345e-20 1.59016e-20 8.50306e-21 4.54638e-21 2.4306e-21 1.29932e-21 6.94513e-22 3.71195e-22 1.98374e-22 1.06005e-22 5.66407e-23 3.02617e-23 1.61666e-23 8.63595e-24 4.61279e-24 2.46366e-24 1.31572e-24 7.02605e-25 3.75167e-25 2.00311e-25 1.06943e-25 5.70907e-26 3.04752e-26 1.62666e-26 8.68194e-27 4.63346e-27 2.47266e-27 1.31945e-27 7.0403e-28 3.75631e-28 2.00403e-28 1.0691e-28 5.70299e-29 3.04202e-29 1.62253e-29 8.65362e-30 4.61505e-30 2.4611e-30 1.31237e-30 6.99775e-31 3.73109e-31 1.98925e-31 1.06051e-31 5.65355e-32 3.01371e-32 1.60642e-32 8.56237e-33 4.56358e-33 2.43218e-33
2.00377e-05 9.38871e-07 5.07768e-07 2.74503e-07 1.4834e-07 8.01315e-08 4.32703e-08 2.33574e-08 1.26041e-08 6.79916e-09 3.66659e-09 1.97667e-09 1.06532e-09 5.73983e-10 3.09171e-10 1.66487e-10 8.9629e-11 4.824e-11 2.59572e-11 1.39639e-11 7.51023e-12 4.03834e-12 2.17098e-12 1.16686e-12 6.2703e-13 3.36877e-13 1.80955e-13 9.71816e-14 5.21816e-14 2.80138e-14 1.50366e-14 8.06957e-15 4.32991e-15 2.32292e-15 1.24601e-15 6.68251e-16 3.58336e-16 1.92122e-16 1.02991e-16 5.52023e-17 2.95839e-17 1.58523e-17 8.49322e-18 4.54982e-18 2.43703e-18 1.30518e-18 6.98922e-19 3.74225e-19 2.00348e-19 1.07247e-19 5.74035e-20 3.07214e-20 1.64398e-20 8.79637e-21 4.70614e-21 2.51757e-21 1.34665e-21 7.20247e-22 3.85183e-22 2.05973e-22 1.10131e-22 5.88806e-23 3.1477e-23 1.68257e-23 8.99325e-24 4.80642e-24 2.56855e-24 1.37252e-24 7.33353e-25 3.91806e-25 2.09312e-25 1.11811e-25 5.97225e-26 3.18977e-26 1.70352e-26 9.09711e-27 4.85766e-27 2.5937e-27 1.38478e-27 7.39284e-28 3.9465e-28 2.1066e-28 1.12441e-28 6.00118e-29 3.20273e-29 1.70913e-29 9.1202e-30 4.86637e-30 2.59645e-30 1.38524e-30 7.39005e-31 3.94224e-31 2.10287e-31 1.12165e-31 5.98241e-32 3.19059e-32 1.70154e-32 9.07377e-33 4.8385e-33 2.57994e-33 1.37558e-33
1.0562e-05 5.01966e-07 2.71712e-07 1.47014e-07 7.95117e-08 4.29865e-08 2.3231e-08 1.25501e-08 6.77753e-09 3.65888e-09 1.97462e-09 1.06532e-09 5.7457e-10 3.09797e-10 1.66988e-10 8.9986e-11 4.84781e-11 2.61098e-11 1.40589e-11 7.56816e-12 4.07311e-12 2.1916e-12 1.17895e-12 6.34071e-13 3.40946e-13 1.83292e-13 9.85174e-14 5.29415e-14 2.84444e-14 1.52797e-14 8.20642e-15 4.40672e-15 2.36592e-15 1.27003e-15 6.81636e-16 3.65781e-16 1.96255e-16 1.05282e-16 5.64706e-17 3.02848e-17 1.62392e-17 8.7065e-18 4.66726e-18 2.50162e-18 1.34067e-18 7.18402e-19 3.84908e-19 2.06202e-19 1.10452e-19 5.91566e-20 3.16798e-20 1.69633e-20 9.08216e-21 4.86205e-21 2.60257e-21 1.39296e-21 7.45471e-22 3.98912e-22 2.13441e-22 1.14192e-22 6.10876e-23 3.26759e-23 1.74767e-23 9.34658e-24 4.99811e-24 2.67251e-24 1.42888e-24 7.63893e-25 4.0835e-25 2.18271e-25 1.16661e-25 6.23471e-26 3.33176e-26 1.78031e-26 9.51229e-27 5.08207e-27 2.71496e-27 1.45029e-27 7.74662e-28 4.13751e-28 2.20971e-28 1.18005e-28 6.30139e-29 3.36467e-29 1.79646e-29 9.59105e-30 5.12018e-30 2.73323e-30 1.45895e-30 7.7871e-31 4.15609e-31 2.21803e-31 1.18365e-31 6.31618e-32 3.37023e-32 1.7982e-32 9.59386e-33 5.11827e-33 2.73042e-33 1.4565e-33 7.76907e-34
5.56724e-06 2.68322e-07 1.45366e-07 7.87186e-08 4.26096e-08 2.30548e-08 1.24693e-08 6.74156e-09 3.6435e-09 1.96845e-09 1.06312e-09 5.73983e-10 3.09797e-10 1.67156e-10 9.01648e-11 4.86214e-11 2.62118e-11 1.41269e-11 7.61177e-12 4.10028e-12 2.20817e-12 1.18891e-12 6.39975e-13 3.44413e-13 1.8531e-13 9.96841e-14 5.3612e-14 2.88277e-14 1.54978e-14 8.33008e-15 4.47657e-15 2.40525e-15 1.29211e-15 6.94003e-16 3.72691e-16 2.00108e-16 1.07426e-16 5.76613e-17 3.09452e-17 1.66048e-17 8.90864e-18 4.77887e-18 2.56317e-18 1.37457e-18 7.37055e-19 3.95161e-19 2.11832e-19 1.13541e-19 6.08496e-20 3.2607e-20 1.74707e-20 9.35964e-21 5.01368e-21 2.68538e-21 1.43815e-21 7.70117e-22 4.12346e-22 2.2076e-22 1.18177e-22 6.32561e-23 3.38554e-23 1.8118e-23 9.69506e-24 5.18739e-24 2.77528e-24 1.48465e-24 7.94151e-25 4.24759e-25 2.27166e-25 1.21481e-25 6.49582e-26 3.47316e-26 1.85686e-26 9.92654e-27 5.30618e-27 2.83617e-27 1.51582e-27 8.10088e-28 4.32895e-28 2.31314e-28 1.23591e-28 6.60302e-29 3.5275e-29 1.88435e-29 1.00653e-29 5.376e-30 2.8712e-30 1.53335e-30 8.18819e-31 4.37228e-31 2.33453e-31 1.24642e-31 6.65431e-32 3.55234e-32 1.89627e-32 1.01218e-32 5.40247e-33 2.88337e-33 1.53881e-33 8.21188e-34 4.38205e-34
2.93451e-06 1.43402e-07 7.77553e-08 4.21411e-08 2.28292e-08 1.23621e-08 6.69138e-09 3.6205e-09 1.95821e-09 1.05874e-09 5.72226e-10 3.09171e-10 1.66988e-10 9.01648e-11 4.86692e-11 2.62628e-11 1.41679e-11 7.64093e-12 4.11975e-12 2.22065e-12 1.19669e-12 6.44722e-13 3.47265e-13 1.87002e-13 1.00678e-13 5.41909e-14 2.91625e-14 1.56903e-14 8.44015e-15 4.53923e-15 2.44079e-15 1.31219e-15 7.05313e-16 3.79044e-16 2.03667e-16 1.09415e-16 5.87709e-17 3.15628e-17 1.6948e-17 9.09903e-18 4.88432e-18 2.62149e-18 1.40679e-18 7.54827e-19 4.04953e-19 2.17221e-19 1.16504e-19 6.24775e-20 3.35004e-20 1.79606e-20 9.62803e-21 5.16062e-21 2.76575e-21 1.48209e-21 7.94119e-22 4.25449e-22 2.27909e-22 1.22075e-22 6.53805e-23 3.50125e-23 1.87479e-23 1.00378e-23 5.37379e-24 2.87661e-24 1.53971e-24 8.24054e-25 4.40993e-25 2.35976e-25 1.2626e-25 6.75499e-26 3.61365e-26 1.93299e-26 1.03389e-26 5.52951e-27 2.95707e-27 1.58125e-27 8.45488e-28 4.52042e-28 2.41666e-28 1.29188e-28 6.90547e-29 3.69091e-29 1.97261e-29 1.05419e-29 5.63333e-30 3.0101e-30 1.6083e-30 8.59258e-31 4.59041e-31 2.45217e-31 1.30985e-31 6.9962e-32 3.7366e-32 1.99556e-32 1.06568e-32 5.69061e-33 3.03855e-33 1.62237e-33 8.66174e-34 4.62419e-34 2.46855e-34
1.54679e-06 7.6625e-08 4.15826e-08 2.25552e-08 1.22288e-08 6.62717e-09 3.58996e-09 1.94391e-09 1.05218e-09 5.69304e-10 3.0792e-10 1.66487e-10 8.9986e-11 4.86214e-11 2.62628e-11 1.41815e-11 7.65554e-12 4.13146e-12 2.229e-12 1.20226e-12 6.48297e-13 3.49493e-13 1.88363e-13 1.01496e-13 5.46762e-14 2.94476e-14 1.58564e-14 8.53627e-15 4.59451e-15 2.47242e-15 1.3302e-15 7.15532e-16 3.8482e-16 2.06922e-16 1.11244e-16 5.97959e-17 3.21359e-17 1.72678e-17 9.27709e-18 4.9833e-18 2.67642e-18 1.43722e-18 7.71665e-19 4.14257e-19 2.22356e-19 1.19334e-19 6.40358e-20 3.43575e-20 1.84316e-20 9.8866e-21 5.30244e-21 2.84348e-21 1.52466e-21 8.17413e-22 4.38187e-22 2.3487e-22 1.25877e-22 6.74553e-23 3.61442e-23 1.93648e-23 1.03739e-23 5.55684e-24 2.97624e-24 1.59391e-24 8.53529e-25 4.57014e-25 2.44681e-25 1.30987e-25 7.01161e-26 3.7529e-26 2.00853e-26 1.07486e-26 5.75155e-27 3.07739e-27 1.64643e-27 8.80783e-28 4.7115e-28 2.52008e-28 1.34783e-28 7.2081e-29 3.85455e-29 2.06108e-29 1.102e-29 5.89167e-30 3.14965e-30 1.68367e-30 8.9995e-31 4.81007e-31 2.57071e-31 1.37381e-31 7.34126e-32 3.92271e-32 2.09591e-32 1.11978e-32 5.98224e-33 3.19572e-33 1.70705e-33 9.11794e-34 4.86991e-34 2.60088e-34 1.38897e-34
8.15317e-07 4.09361e-08 2.22337e-08 1.20698e-08 6.54915e-09 3.55199e-09 1.92561e-09 1.04348e-09 5.65227e-10 3.0605e-10 1.65653e-10 8.9629e-11 4.84781e-11 2.62118e-11 1.41679e-11 7.65554e-12 4.13537e-12 2.23318e-12 1.20561e-12 6.50686e-13 3.51089e-13 1.89387e-13 1.02134e-13 5.50663e-14 2.96822e-14 1.59957e-14 8.61814e-15 4.64223e-15 2.50003e-15 1.34609e-15 7.24626e-16 3.90002e-16 2.09862e-16 1.12907e-16 6.07331e-17 3.26627e-17 1.75631e-17 9.44229e-18 5.0755e-18 2.72778e-18 1.46578e-18 7.8752e-19 4.23045e-19 2.2722e-19 1.22023e-19 6.552e-20 3.51758e-20 1.88823e-20 1.01346e-20 5.43877e-21 2.91835e-21 1.56574e-21 8.39935e-22 4.50525e-22 2.41624e-22 1.29571e-22 6.94749e-23 3.72475e-23 1.99672e-23 1.07026e-23 5.73608e-24 3.07393e-24 1.64713e-24 8.82503e-25 4.72782e-25 2.53258e-25 1.35651e-25 7.26507e-26 3.8906e-26 2.0833e-26 1.11544e-26 5.9718e-27 3.19686e-27 1.71121e-27 9.15898e-28 4.90177e-28 2.62315e-28 1.40365e-28 7.51028e-29 4.0181e-29 2.14957e-29 1.14987e-29 6.1505e-30 3.28959e-30 1.7593e-30 9.40818e-31 5.03084e-31 2.68995e-31 1.4382e-31 7.68885e-32 4.11031e-32 2.19715e-32 1.1744e-32 6.27684e-33 3.35459e-33 1.79271e-33 9.57973e-34 5.11881e-34 2.73501e-34 1.46124e-34 7.80652e-35
4.29756e-07 2.18658e-08 1.18858e-08 6.45762e-09 3.50673e-09 1.90339e-09 1.03266e-09 5.6001e-10 3.03567e-10 1.6449e-10 8.90952e-11 4.824e-11 2.61098e-11 1.41269e-11 7.64093e-12 4.13146e-12 2.23318e-12 1.20673e-12 6.51883e-13 3.5205e-13 1.90072e-13 1.02592e-13 5.53601e-14 2.98654e-14 1.61077e-14 8.68548e-15 4.68223e-15 2.52356e-15 1.35981e-15 7.32566e-16 3.94572e-16 2.12479e-16 1.14398e-16 6.15797e-17 3.31416e-17 1.78332e-17 9.59412e-18 5.16066e-18 2.77543e-18 1.49239e-18 8.02345e-19 4.31291e-19 2.31799e-19 1.24562e-19 6.69257e-20 3.59531e-20 1.93115e-20 1.03714e-20 5.56922e-21 2.99015e-21 1.60522e-21 8.61624e-22 4.6243e-22 2.48153e-22 1.33149e-22 7.14341e-23 3.83195e-23 2.05534e-23 1.1023e-23 5.91103e-24 3.16942e-24 1.69922e-24 9.10904e-25 4.88259e-25 2.61687e-25 1.4024e-25 7.51476e-26 4.0264e-26 2.15713e-26 1.15557e-26 6.18974e-27 3.3152e-27 1.77545e-27 9.50752e-28 5.09083e-28 2.72566e-28 1.45921e-28 7.81137e-29 4.1812e-29 2.23789e-29 1.19768e-29 6.4093e-30 3.42962e-30 1.83505e-30 9.81782e-31 5.25231e-31 2.80966e-31 1.50288e-31 8.03834e-32 4.29908e-32 2.29909e-32 1.22943e-32 6.57391e-33 3.51491e-33 1.87921e-33 1.00464e-33 5.37048e-34 2.87072e-34 1.5344e-34 8.20092e-35 4.38287e-35
2.26526e-07 1.16775e-08 6.35288e-09 3.45432e-09 1.8773e-09 1.01975e-09 5.53671e-10 3.00479e-10 1.63001e-10 8.83862e-11 4.79077e-11 2.59572e-11 1.40589e-11 7.61177e-12 4.11975e-12 2.229e-12 1.20561e-12 6.51883e-13 3.5237e-13 1.90415e-13 1.02867e-13 5.55565e-14 2.99968e-14 1.6192e-14 8.73809e-15 4.71439e-15 2.5429e-15 1.3713e-15 7.39328e-16 3.98516e-16 2.14763e-16 1.15713e-16 6.23329e-17 3.35711e-17 1.80771e-17 9.73213e-18 5.23851e-18 2.81922e-18 1.51695e-18 8.16095e-19 4.38971e-19 2.3608e-19 1.26944e-19 6.82489e-20 3.6687e-20 1.9718e-20 1.05962e-20 5.69341e-21 3.05868e-21 1.64299e-21 8.8242e-22 4.73869e-22 2.54439e-22 1.36601e-22 7.33276e-23 3.93575e-23 2.1122e-23 1.13342e-23 6.08127e-24 3.26248e-24 1.75006e-24 9.38661e-25 5.03405e-25 2.69948e-25 1.44742e-25 7.76007e-26 4.15999e-26 2.22984e-26 1.19513e-26 6.40488e-27 3.43215e-27 1.83899e-27 9.85268e-28 5.27824e-28 2.82738e-28 1.5144e-28 8.11072e-29 4.34351e-29 2.32587e-29 1.24535e-29 6.66754e-30 3.56946e-30 1.91076e-30 1.02276e-30 5.47404e-31 2.9296e-31 1.56775e-31 8.38905e-32 4.48866e-32 2.40154e-32 1.28478e-32 6.87292e-33 3.67639e-33 1.9664e-33 1.0517e-33 5.6245e-34 3.00779e-34 1.60835e-34 8.59979e-35 4.59798e-35 2.45821e-35
1.19402e-07 6.23532e-09 3.39497e-09 1.84746e-09 1.00481e-09 5.46233e-10 2.96798e-10 1.61192e-10 8.75046e-11 4.74825e-11 2.57547e-11 1.39639e-11 7.56816e-12 4.10028e-12 2.22065e-12 1.20226e-12 6.50686e-13 3.5205e-13 1.90415e-13 1.02959e-13 5.56548e-14 3.00757e-14 1.62484e-14 8.77579e-15 4.7386e-15 2.55802e-15 1.38054e-15 7.44891e-16 4.01822e-16 2.16709e-16 1.16848e-16 6.29906e-17 3.39498e-17 1.82941e-17 9.85589e-18 5.30881e-18 2.85901e-18 1.53941e-18 8.2873e-19 4.46062e-19 2.4005e-19 1.29162e-19 6.94859e-20 3.73755e-20 2.01006e-20 1.08085e-20 5.81102e-21 3.12375e-21 1.67894e-21 9.02266e-22 4.8481e-22 2.60465e-22 1.39916e-22 7.51503e-23 4.03586e-23 2.16714e-23 1.16354e-23 6.24634e-24 3.35286e-24 1.79951e-24 9.65704e-25 5.18183e-25 2.78019e-25 1.49148e-25 8.00042e-26 4.29104e-26 2.30126e-26 1.23403e-26 6.6167e-27 3.54743e-27 1.9017e-27 1.01937e-27 5.46358e-28 2.92808e-28 1.56909e-28 8.40766e-29 4.50467e-29 2.41331e-29 1.29278e-29 6.92467e-30 3.70883e-30 1.98628e-30 1.06367e-30 5.69558e-31 3.04954e-31 1.63267e-31 8.74033e-32 4.67869e-32 2.50431e-32 1.34035e-32 7.17331e-33 3.83873e-33 2.05412e-33 1.09909e-33 5.88043e-34 3.14598e-34 1.68296e-34 9.00249e-35 4.81529e-35 2.57546e-35 1.37739e-35
6.29373e-08 3.32887e-09 1.81395e-09 9.87891e-10 5.37721e-10 2.92536e-10 1.59069e-10 8.64535e-11 4.69657e-11 2.55028e-11 1.38423e-11 7.51023e-12 4.07311e-12 2.20817e-12 1.19669e-12 6.48297e-13 3.51089e-13 1.90072e-13 1.02867e-13 5.56548e-14 3.01021e-14 1.62766e-14 8.79846e-15 4.75478e-15 2.56885e-15 1.3875e-15 7.49235e-16 4.04479e-16 2.18309e-16 1.178e-16 6.35505e-17 3.42766e-17 1.84835e-17 9.96502e-18 5.37136e-18 2.8947e-18 1.55969e-18 8.40212e-19 4.52543e-19 2.43698e-19 1.3121e-19 7.06329e-20 3.80166e-20 2.04582e-20 1.10076e-20 5.92169e-21 3.18517e-21 1.71298e-21 9.21106e-22 4.95225e-22 2.66215e-22 1.43088e-22 7.68974e-23 4.13202e-23 2.22001e-23 1.19259e-23 6.40581e-24 3.44034e-24 1.84746e-24 9.91964e-25 5.32556e-25 2.8588e-25 1.53445e-25 8.2352e-26 4.41923e-26 2.37122e-26 1.27219e-26 6.8247e-27 3.66076e-27 1.96343e-27 1.05297e-27 5.64643e-28 3.02754e-28 1.62317e-28 8.70155e-29 4.66433e-29 2.50002e-29 1.33985e-29 7.18015e-30 3.84744e-30 2.06145e-30 1.10442e-30 5.91648e-31 3.16924e-31 1.69751e-31 9.09148e-32 4.8688e-32 2.60721e-32 1.39604e-32 7.47454e-33 4.00165e-33 2.14221e-33 1.14671e-33 6.13783e-34 3.28507e-34 1.7581e-34 9.40833e-35 5.03445e-35 2.69378e-35 1.44127e-35 7.71076e-36
3.31745e-08 1.77691e-09 9.69046e-10 5.28165e-10 2.87707e-10 1.56639e-10 8.52364e-11 4.63592e-11 2.52024e-11 1.36946e-11 7.4382e-12 4.03834e-12 2.1916e-12 1.18891e-12 6.44722e-13 3.49493e-13 1.89387e-13 1.02592e-13 5.55565e-14 3.00757e-14 1.62766e-14 8.80603e-15 4.76289e-15 2.57536e-15 1.39215e-15 7.52348e-16 4.0648e-16 2.19558e-16 1.18564e-16 6.40111e-17 3.45506e-17 1.86448e-17 1.00592e-17 5.42596e-18 2.92616e-18 1.57773e-18 8.50507e-19 4.58395e-19 2.47013e-19 1.33082e-19 7.16867e-20 3.86084e-20 2.07898e-20 1.11929e-20 6.02512e-21 3.24278e-21 1.74502e-21 9.38888e-22 5.05083e-22 2.71673e-22 1.46105e-22 7.8564e-23 4.22397e-23 2.27069e-23 1.22049e-23 6.55926e-24 3.52467e-24 1.89377e-24 1.01737e-24 5.46487e-25 2.93513e-25 1.57624e-25 8.46384e-26 4.54425e-26 2.43954e-26 1.3095e-26 7.02839e-27 3.77189e-27 2.02403e-27 1.086e-27 5.82637e-28 3.12552e-28 1.6765e-28 8.99172e-29 4.82215e-29 2.58581e-29 1.38648e-29 7.43342e-30 3.98498e-30 2.13611e-30 1.14494e-30 6.1363e-31 3.28846e-31 1.76215e-31 9.4418e-32 5.05863e-32 2.71004e-32 1.45172e-32 7.77603e-33 4.16484e-33 2.23052e-33 1.19449e-33 6.39622e-34 3.42479e-34 1.83364e-34 9.81663e-35 5.25509e-35 2.81299e-35 1.50565e-35 8.05849e-36 4.31273e-36
1.74864e-08 9.48343e-10 5.17598e-10 2.8233e-10 1.53911e-10 8.38575e-11 4.56651e-11 2.48546e-11 1.35212e-11 7.3523e-12 3.99608e-12 2.17098e-12 1.17895e-12 6.39975e-13 3.47265e-13 1.88363e-13 1.02134e-13 5.53601e-14 2.99968e-14 1.62484e-14 8.79846e-15 4.76289e-15 2.57753e-15 1.39448e-15 7.5422e-16 4.07817e-16 2.20454e-16 1.1914e-16 6.43708e-17 3.47707e-17 1.87774e-17 1.01381e-17 5.47244e-18 2.95331e-18 1.59347e-18 8.59584e-19 4.63601e-19 2.49985e-19 1.34772e-19 7.26442e-20 3.91492e-20 2.10943e-20 1.1364e-20 6.121e-21 3.2964e-21 1.77495e-21 9.55563e-22 5.14357e-22 2.76823e-22 1.48962e-22 8.01458e-23 4.31145e-23 2.31902e-23 1.24716e-23 6.7063e-24 3.60565e-24 1.93832e-24 1.04187e-24 5.5994e-25 3.00897e-25 1.61674e-25 8.68577e-26 4.66579e-26 2.50606e-26 1.34588e-26 7.22728e-27 3.88055e-27 2.08336e-27 1.11838e-27 6.00298e-28 3.22181e-28 1.72897e-28 9.27753e-29 4.97776e-29 2.6705e-29 1.43255e-29 7.68395e-30 4.12116e-30 2.21011e-30 1.18514e-30 6.35458e-31 3.40695e-31 1.82644e-31 9.7906e-32 5.24779e-32 2.81259e-32 1.50731e-32 8.07721e-33 4.32799e-33 2.31887e-33 1.24232e-33 6.65515e-34 3.56491e-34 1.90945e-34 1.02267e-34 5.47682e-35 2.93286e-35 1.57045e-35 8.40866e-36 4.50193e-36 2.41013e-36
9.21711e-09 5.06057e-10 2.76421e-10 1.50894e-10 8.23217e-11 4.48858e-11 2.44605e-11 1.33228e-11 7.25283e-12 3.94648e-12 2.1464e-12 1.16686e-12 6.34071e-13 3.44413e-13 1.87002e-13 1.01496e-13 5.50663e-14 2.98654e-14 1.6192e-14 8.77579e-15 4.75478e-15 2.57536e-15 1.39448e-15 7.54845e-16 4.08487e-16 2.20992e-16 1.19525e-16 6.46285e-17 3.49365e-17 1.8881e-17 1.02016e-17 5.51067e-18 2.97606e-18 1.60688e-18 8.67416e-19 4.68144e-19 2.52605e-19 1.36275e-19 7.35025e-20 3.96374e-20 2.1371e-20 1.15203e-20 6.20908e-21 3.34589e-21 1.80269e-21 9.71084e-22 5.23023e-22 2.81653e-22 1.51648e-22 8.16384e-23 4.39425e-23 2.36488e-23 1.27254e-23 6.84652e-24 3.68305e-24 1.981e-24 1.06538e-24 5.72882e-25 3.08013e-25 1.65583e-25 8.90042e-26 4.78355e-26 2.57061e-26 1.38125e-26 7.42088e-27 3.98647e-27 2.14128e-27 1.15003e-27 6.17585e-28 3.31617e-28 1.78046e-28 9.55832e-29 5.13081e-29 2.75389e-29 1.47796e-29 7.93119e-30 4.2557e-30 2.28329e-30 1.22493e-30 6.57085e-31 3.52446e-31 1.89027e-31 1.01372e-31 5.4359e-32 2.91467e-32 1.56268e-32 8.37749e-33 4.49079e-33 2.40711e-33 1.29013e-33 6.91413e-34 3.70516e-34 1.98538e-34 1.06377e-34 5.69925e-35 3.05321e-35 1.63554e-35 8.76068e-36 4.69226e-36 2.51301e-36 1.34579e-36
4.85837e-09 2.70003e-10 1.47599e-10 8.06342e-11 4.40238e-11 2.40216e-11 1.31e-11 7.14012e-12 3.8897e-12 2.11793e-12 1.15265e-12 6.2703e-13 3.40946e-13 1.8531e-13 1.00678e-13 5.46762e-14 2.96822e-14 1.61077e-14 8.73809e-15 4.7386e-15 2.56885e-15 1.39215e-15 7.5422e-16 4.08487e-16 2.21172e-16 1.19717e-16 6.47835e-17 3.50473e-17 1.89553e-17 1.02493e-17 5.54052e-18 2.99435e-18 1.6179e-18 8.73978e-19 4.72012e-19 2.54865e-19 1.37586e-19 7.42591e-20 4.00716e-20 2.16191e-20 1.16615e-20 6.28908e-21 3.39111e-21 1.82817e-21 9.85407e-22 5.31054e-22 2.86147e-22 1.54158e-22 8.30376e-23 4.47212e-23 2.40815e-23 1.29655e-23 6.97956e-24 3.75668e-24 2.0217e-24 1.08785e-24 5.85277e-25 3.14843e-25 1.69344e-25 9.10726e-26 4.89722e-26 2.63304e-26 1.4155e-26 7.60872e-27 4.0894e-27 2.19764e-27 1.18088e-27 6.34456e-28 3.4084e-28 1.83084e-28 9.83344e-29 5.28096e-29 2.8358e-29 1.52262e-29 8.17457e-30 4.38828e-30 2.35549e-30 1.26423e-30 6.78466e-31 3.64074e-31 1.95349e-31 1.04808e-31 5.62258e-32 3.01606e-32 1.61773e-32 8.67628e-33 4.65291e-33 2.49505e-33 1.33782e-33 7.17267e-34 3.84529e-34 2.06131e-34 1.1049e-34 5.92198e-35 3.1738e-35 1.70082e-35 9.11394e-36 4.88339e-36 2.6164e-36 1.40171e-36 7.50893e-37
2.56086e-09 1.44037e-10 7.88008e-11 4.30823e-11 2.35392e-11 1.28535e-11 7.01455e-12 3.82594e-12 2.08567e-12 1.1364e-12 6.18875e-13 3.36877e-13 1.83292e-13 9.96841e-14 5.41909e-14 2.94476e-14 1.59957e-14 8.68548e-15 4.71439e-15 2.55802e-15 1.3875e-15 7.52348e-16 4.07817e-16 2.20992e-16 1.19717e-16 6.48352e-17 3.51027e-17 1.89999e-17 1.02812e-17 5.56191e-18 3.00811e-18 1.62651e-18 8.79252e-19 4.75192e-19 2.56759e-19 1.38703e-19 7.49118e-20 4.04505e-20 2.18377e-20 1.1787e-20 6.36079e-21 3.43192e-21 1.85132e-21 9.98491e-22 5.3843e-22 2.90294e-22 1.56485e-22 8.43396e-23 4.54486e-23 2.44871e-23 1.31913e-23 7.10507e-24 3.82634e-24 2.06031e-24 1.10922e-24 5.97095e-25 3.21371e-25 1.72945e-25 9.30576e-26 5.00653e-26 2.69318e-26 1.44857e-26 7.79033e-27 4.18909e-27 2.25232e-27 1.21084e-27 6.50872e-28 3.49826e-28 1.88001e-28 1.01023e-28 5.42786e-29 2.91603e-29 1.56642e-29 8.41357e-30 4.51863e-30 2.42654e-30 1.30295e-30 6.99555e-31 3.75556e-31 2.01598e-31 1.08207e-31 5.80745e-32 3.11656e-32 1.67234e-32 8.97298e-33 4.81404e-33 2.58253e-33 1.3853e-33 7.43028e-34 3.98502e-34 2.13708e-34 1.14598e-34 6.14462e-35 3.29443e-35 1.76617e-35 9.46782e-36 5.07499e-36 2.72012e-36 1.45783e-36 7.81262e-37 4.18653e-37
1.34984e-09 7.68277e-11 4.20643e-11 2.30151e-11 1.25842e-11 6.87656e-12 3.75541e-12 2.04972e-12 1.11814e-12 6.09634e-13 3.32219e-13 1.80955e-13 9.85174e-14 5.3612e-14 2.91625e-14 1.58564e-14 8.61814e-15 4.68223e-15 2.5429e-15 1.38054e-15 7.49235e-16 4.0648e-16 2.20454e-16 1.19525e-16 6.47835e-17 3.51027e-17 1.90148e-17 1.02972e-17 5.57477e-18 3.01731e-18 1.63267e-18 8.83222e-19 4.77676e-19 2.58281e-19 1.39621e-19 7.54588e-20 4.0773e-20 2.20263e-20 1.18965e-20 6.424e-21 3.46821e-21 1.87206e-21 1.0103e-21 5.45129e-22 2.94082e-22 1.58621e-22 8.5541e-23 4.61226e-23 2.48645e-23 1.34022e-23 7.22269e-24 3.89184e-24 2.09673e-24 1.12944e-24 6.08304e-25 3.27577e-25 1.76378e-25 9.49541e-26 5.1112e-26 2.75089e-26 1.48035e-26 7.96527e-27 4.28529e-27 2.30518e-27 1.23986e-27 6.66794e-28 3.58556e-28 1.92784e-28 1.03641e-28 5.57117e-29 2.99441e-29 1.60927e-29 8.64763e-30 4.64644e-30 2.4963e-30 1.341e-30 7.20305e-31 3.86865e-31 2.07759e-31 1.11563e-31 5.99011e-32 3.21595e-32 1.72641e-32 9.26699e-33 4.97386e-33 2.66937e-33 1.43247e-33 7.68646e-34 4.1241e-34 2.21256e-34 1.18693e-34 6.36674e-35 3.41488e-35 1.83146e-35 9.8217e-36 5.26673e-36 2.82398e-36 1.51408e-36 8.11717e-37 4.35138e-37 2.33248e-37
7.11503e-10 4.09734e-11 2.24509e-11 1.22931e-11 6.7266e-12 3.67834e-12 2.01022e-12 1.09794e-12 5.99337e-13 3.26987e-13 1.78305e-13 9.71816e-14 5.29415e-14 2.88277e-14 1.56903e-14 8.53627e-15 4.64223e-15 2.52356e-15 1.3713e-15 7.44891e-16 4.04479e-16 2.19558e-16 1.1914e-16 6.46285e-17 3.50473e-17 1.89999e-17 1.02972e-17 5.57906e-18 3.02192e-18 1.63638e-18 8.85875e-19 4.79455e-19 2.59427e-19 1.40338e-19 7.58983e-20 4.10382e-20 2.21843e-20 1.19897e-20 6.47852e-21 3.49988e-21 1.89034e-21 1.0208e-21 5.51132e-22 2.97501e-22 1.6056e-22 8.66382e-23 4.67415e-23 2.52127e-23 1.35976e-23 7.33212e-24 3.953e-24 2.13086e-24 1.14845e-24 6.18875e-25 3.33448e-25 1.79634e-25 9.67574e-26 5.21096e-26 2.80602e-26 1.51079e-26 8.1331e-27 4.37776e-27 2.35608e-27 1.26786e-27 6.82182e-28 3.67006e-28 1.97421e-28 1.06185e-28 5.71056e-29 3.07075e-29 1.65105e-29 8.87624e-30 4.77143e-30 2.56461e-30 1.37831e-30 7.40671e-31 3.97979e-31 2.13821e-31 1.14867e-31 6.17019e-32 3.31405e-32 1.77982e-32 9.5577e-33 5.13204e-33 2.75541e-33 1.47925e-33 7.94071e-34 4.26224e-34 2.28759e-34 1.22767e-34 6.58793e-35 3.53491e-35 1.89659e-35 1.01749e-35 5.45826e-36 2.92781e-36 1.57035e-36 8.42206e-37 4.51654e-37 2.42192e-37 1.29862e-37
3.75036e-10 2.18487e-11 1.1981e-11 6.56519e-12 3.59501e-12 1.96728e-12 1.07587e-12 5.88018e-13 3.21198e-13 1.75353e-13 9.56811e-14 5.21816e-14 2.84444e-14 1.54978e-14 8.44015e-15 4.59451e-15 2.50003e-15 1.35981e-15 7.39328e-16 4.01822e-16 2.18309e-16 1.18564e-16 6.43708e-17 3.49365e-17 1.89553e-17 1.02812e-17 5.57477e-18 3.02192e-18 1.63762e-18 8.87204e-19 4.80525e-19 2.60192e-19 1.40852e-19 7.6229e-20 4.12452e-20 2.23113e-20 1.20663e-20 6.5242e-21 3.52683e-21 1.90611e-21 1.02996e-21 5.56423e-22 3.0054e-22 1.62299e-22 8.76283e-23 4.73034e-23 2.55306e-23 1.37769e-23 7.43307e-24 4.00967e-24 2.1626e-24 1.1662e-24 6.28781e-25 3.38966e-25 1.82704e-25 9.84626e-26 5.30556e-26 2.85843e-26 1.53979e-26 8.29341e-27 4.46627e-27 2.40491e-27 1.29477e-27 6.97e-28 3.75159e-28 2.01903e-28 1.08647e-28 5.8457e-29 3.14488e-29 1.69169e-29 9.09886e-30 4.89332e-30 2.6313e-30 1.41478e-30 7.60609e-31 4.08871e-31 2.19768e-31 1.18113e-31 6.34729e-32 3.41062e-32 1.83246e-32 9.84452e-33 5.28825e-33 2.84045e-33 1.52554e-33 8.19252e-34 4.39919e-34 2.36204e-34 1.26813e-34 6.80776e-35 3.65431e-35 1.96142e-35 1.05268e-35 5.64924e-36 3.03142e-36 1.62655e-36 8.72675e-37 4.68171e-37 2.51144e-37 1.34712e-37 7.22535e-38
1.97682e-10 1.16491e-11 6.39285e-12 3.50568e-12 1.92106e-12 1.052e-12 5.75716e-13 3.14871e-13 1.72108e-13 9.40209e-14 5.13347e-14 2.80138e-14 1.52797e-14 8.33008e-15 4.53923e-15 2.47242e-15 1.34609e-15 7.32566e-16 3.98516e-16 2.16709e-16 1.178e-16 6.40111e-17 3.47707e-17 1.8881e-17 1.02493e-17 5.56191e-18 3.01731e-18 1.63638e-18 8.87204e-19 4.80882e-19 2.60576e-19 1.4116e-19 7.64501e-20 4.13936e-20 2.24068e-20 1.21262e-20 6.5609e-21 3.54898e-21 1.91932e-21 1.03776e-21 5.60986e-22 3.03192e-22 1.6383e-22 8.85085e-23 4.7807e-23 2.58175e-23 1.39398e-23 7.52525e-24 4.06169e-24 2.19188e-24 1.18264e-24 6.37994e-25 3.44119e-25 1.8558e-25 1.00065e-25 5.39474e-26 2.90798e-26 1.56728e-26 8.44578e-27 4.55061e-27 2.45154e-27 1.32053e-27 7.11211e-28 3.82993e-28 2.06218e-28 1.11021e-28 5.97626e-29 3.21662e-29 1.73108e-29 9.31498e-30 5.01182e-30 2.69624e-30 1.45034e-30 7.80073e-31 4.19519e-31 2.2559e-31 1.21295e-31 6.52104e-32 3.50548e-32 1.88422e-32 1.01268e-32 5.44218e-33 2.92434e-33 1.57124e-33 8.44138e-34 4.53465e-34 2.43576e-34 1.30823e-34 7.02582e-35 3.77285e-35 2.02584e-35 1.08768e-35 5.8393e-36 3.13461e-36 1.68256e-36 9.0307e-37 4.8466e-37 2.60087e-37 1.39561e-37 7.48819e-38 4.0175e-38
1.04199e-10 6.21018e-12 3.41065e-12 1.8717e-12 1.02641e-12 5.6247e-13 3.08029e-13 1.68581e-13 9.22063e-14 5.04036e-14 2.75373e-14 1.50366e-14 8.20642e-15 4.47657e-15 2.44079e-15 1.3302e-15 7.24626e-16 3.94572e-16 2.14763e-16 1.16848e-16 6.35505e-17 3.45506e-17 1.87774e-17 1.02016e-17 5.54052e-18 3.00811e-18 1.63267e-18 8.85875e-19 4.80525e-19 2.60576e-19 1.41263e-19 7.65608e-20 4.14828e-20 2.24707e-20 1.2169e-20 6.58852e-21 3.56629e-21 1.92994e-21 1.04417e-21 5.64809e-22 3.05448e-22 1.65151e-22 8.92764e-23 4.82507e-23 2.60726e-23 1.40858e-23 7.60841e-24 4.10892e-24 2.21862e-24 1.19773e-24 6.4649e-25 3.48891e-25 1.88255e-25 1.01562e-25 5.47829e-26 2.95455e-26 1.5932e-26 8.58983e-27 4.63056e-27 2.49586e-27 1.34507e-27 7.2478e-28 3.90489e-28 2.10355e-28 1.13302e-28 6.10194e-29 3.2858e-29 1.76913e-29 9.52409e-30 5.12666e-30 2.75927e-30 1.48491e-30 7.9902e-31 4.29897e-31 2.31272e-31 1.24404e-31 6.69106e-32 3.59841e-32 1.93499e-32 1.04041e-32 5.59349e-33 3.00689e-33 1.61626e-33 8.68678e-34 4.66838e-34 2.5086e-34 1.34789e-34 7.24167e-35 3.8903e-35 2.08972e-35 1.12241e-35 6.0281e-36 3.2372e-36 1.73829e-36 9.33336e-37 5.01092e-37 2.69005e-37 1.44401e-37 7.75071e-38 4.15987e-38 2.23247e-38
5.49236e-11 3.31025e-12 1.81938e-12 9.99179e-13 5.48324e-13 3.00692e-13 1.64782e-13 9.02433e-14 4.93913e-14 2.70164e-14 1.47692e-14 8.06957e-15 4.40672e-15 2.40525e-15 1.31219e-15 7.15532e-16 3.90002e-16 2.12479e-16 1.15713e-16 6.29906e-17 3.42766e-17 1.86448e-17 1.01381e-17 5.51067e-18 2.99435e-18 1.62651e-18 8.83222e-19 4.79455e-19 2.60192e-19 1.4116e-19 7.65608e-20 4.15125e-20 2.25027e-20 1.21948e-20 6.60698e-21 3.57868e-21 1.93792e-21 1.04917e-21 5.6788e-22 3.07304e-22 1.66258e-22 8.99299e-23 4.86333e-23 2.6295e-23 1.42143e-23 7.68234e-24 4.15123e-24 2.24274e-24 1.21143e-24 6.54248e-25 3.53271e-25 1.90721e-25 1.02948e-25 5.55598e-26 2.99802e-26 1.61748e-26 8.72521e-27 4.70593e-27 2.53775e-27 1.36832e-27 7.37675e-28 3.9763e-28 2.14305e-28 1.15485e-28 6.22244e-29 3.35226e-29 1.80575e-29 9.72572e-30 5.23758e-30 2.82024e-30 1.51841e-30 8.17408e-31 4.39984e-31 2.36802e-31 1.27433e-31 6.85698e-32 3.68921e-32 1.98466e-32 1.06756e-32 5.74188e-33 3.08794e-33 1.6605e-33 8.92823e-34 4.80008e-34 2.58041e-34 1.38703e-34 7.4549e-35 4.00642e-35 2.15294e-35 1.15682e-35 6.21528e-36 3.339e-36 1.79364e-36 9.63417e-37 5.17436e-37 2.77883e-37 1.49222e-37 8.01245e-38 4.30193e-38 2.30954e-38 1.23981e-38
2.89504e-11 1.76426e-12 9.70406e-13 5.33325e-13 2.92885e-13 1.60725e-13 8.81383e-14 4.83011e-14 2.64529e-14 1.44786e-14 7.91997e-15 4.32991e-15 2.36592e-15 1.29211e-15 7.05313e-16 3.8482e-16 2.09862e-16 1.14398e-16 6.23329e-17 3.39498e-17 1.84835e-17 1.00592e-17 5.47244e-18 2.97606e-18 1.6179e-18 8.79252e-19 4.77676e-19 2.59427e-19 1.40852e-19 7.64501e-20 4.14828e-20 2.25027e-20 1.22034e-20 6.61622e-21 3.58613e-21 1.94326e-21 1.05276e-21 5.70191e-22 3.08752e-22 1.67147e-22 9.0467e-23 4.89538e-23 2.64843e-23 1.43252e-23 7.74682e-24 4.18851e-24 2.26418e-24 1.22371e-24 6.61246e-25 3.57248e-25 1.92973e-25 1.04219e-25 5.62762e-26 3.03828e-26 1.64006e-26 8.85155e-27 4.77651e-27 2.57711e-27 1.39024e-27 7.49862e-28 4.04397e-28 2.18058e-28 1.17564e-28 6.33746e-29 3.41583e-29 1.84085e-29 9.91938e-30 5.34432e-30 2.87902e-30 1.55075e-30 8.35193e-31 4.49756e-31 2.42168e-31 1.30378e-31 7.01842e-32 3.77769e-32 2.03312e-32 1.09409e-32 5.88702e-33 3.16731e-33 1.70388e-33 9.16523e-34 4.92949e-34 2.65104e-34 1.42557e-34 7.66507e-35 4.12099e-35 2.21537e-35 1.19083e-35 6.40047e-36 3.43981e-36 1.84849e-36 9.93257e-37 5.33664e-37 2.86705e-37 1.54016e-37 8.27292e-38 4.44341e-38 2.38636e-38 1.28151e-38 6.88133e-39
