0.865576 7.56228e-05 7.34485e-05 7.13367e-05 6.92856e-05 6.72935e-05 6.53587e-05 6.34795e-05 6.16543e-05 5.98816e-05 5.81599e-05 5.64877e-05 5.48635e-05 5.32861e-05 5.1754e-05 5.0266e-05 4.88207e-05 4.7417e-05 4.60537e-05 4.47295e-05 4.34434e-05 4.21944e-05 4.09812e-05 3.98029e-05 3.86585e-05 3.75469e-05 3.64674e-05 3.54189e-05 3.44005e-05 3.34114e-05 3.24508e-05 3.15177e-05 3.06115e-05 2.97314e-05 2.88765e-05 2.80463e-05 2.72399e-05 2.64567e-05 2.5696e-05 2.49572e-05 2.42396e-05 2.35427e-05 2.28658e-05 2.22083e-05 2.15698e-05 2.09496e-05 2.03473e-05 1.97622e-05 1.9194e-05 1.86422e-05 1.81062e-05 1.75856e-05 1.70799e-05 1.65889e-05 1.61119e-05 1.56486e-05 1.51987e-05 1.47617e-05 1.43373e-05 1.39251e-05 1.35247e-05 1.31358e-05 1.27581e-05 1.23913e-05 1.2035e-05 1.1689e-05 1.13529e-05 1.10265e-05 1.07095e-05 1.04015e-05 1.01025e-05 9.812e-06 9.52989e-06 9.25588e-06 8.98976e-06 8.73128e-06 8.48024e-06 8.23641e-06 7.9996e-06 7.76959e-06 7.5462e-06 7.32923e-06 7.1185e-06 6.91383e-06 6.71504e-06 6.52197e-06 6.33445e-06 6.15232e-06 5.97543e-06 5.80362e-06 5.63675e-06 5.47468e-06 5.31728e-06 5.16439e-06 5.0159e-06 4.87169e-06 4.73162e-06 4.59557e-06 4.46344e-06 4.3351e-06 4.21046e-06
7.56228e-05 8.56435e-06 8.37336e-06 8.18627e-06 8.00302e-06 7.82354e-06 7.64776e-06 7.47562e-06 7.30706e-06 7.14201e-06 6.98042e-06 6.82221e-06 6.66733e-06 6.51571e-06 6.3673e-06 6.22204e-06 6.07987e-06 5.94073e-06 5.80456e-06 5.67132e-06 5.54094e-06 5.41336e-06 5.28855e-06 5.16643e-06 5.04697e-06 4.9301e-06 4.81578e-06 4.70396e-06 4.59459e-06 4.48762e-06 4.383e-06 4.28069e-06 4.18064e-06 4.0828e-06 3.98714e-06 3.89359e-06 3.80214e-06 3.71272e-06 3.6253e-06 3.53984e-06 3.4563e-06 3.37463e-06 3.2948e-06 3.21678e-06 3.14051e-06 3.06598e-06 2.99313e-06 2.92194e-06 2.85236e-06 2.78438e-06 2.71794e-06 2.65302e-06 2.58959e-06 2.52761e-06 2.46706e-06 2.4079e-06 2.3501e-06 2.29363e-06 2.23847e-06 2.18458e-06 2.13195e-06 2.08053e-06 2.03031e-06 1.98125e-06 1.93334e-06 1.88655e-06 1.84085e-06 1.79621e-06 1.75262e-06 1.71006e-06 1.66849e-06 1.6279e-06 1.58826e-06 1.54956e-06 1.51177e-06 1.47487e-06 1.43884e-06 1.40367e-06 1.36933e-06 1.3358e-06 1.30307e-06 1.27112e-06 1.23992e-06 1.20948e-06 1.17975e-06 1.15074e-06 1.12242e-06 1.09477e-06 1.06779e-06 1.04145e-06 1.01575e-06 9.90664e-07 9.66181e-07 9.42286e-07 9.18966e-07 8.96209e-07 8.74e-07 8.52328e-07 8.31179e-07 8.10542e-07 7.90405e-07
7.34485e-05 8.37336e-06 8.19253e-06 8.01521e-06 7.84136e-06 7.67092e-06 7.50383e-06 7.34005e-06 7.17951e-06 7.02218e-06 6.86799e-06 6.71689e-06 6.56883e-06 6.42377e-06 6.28164e-06 6.14241e-06 6.00602e-06 5.87242e-06 5.74156e-06 5.6134e-06 5.48789e-06 5.36498e-06 5.24462e-06 5.12677e-06 5.01138e-06 4.89842e-06 4.78782e-06 4.67956e-06 4.57358e-06 4.46985e-06 4.36832e-06 4.26895e-06 4.1717e-06 4.07653e-06 3.98341e-06 3.89228e-06 3.80311e-06 3.71587e-06 3.63052e-06 3.54702e-06 3.46533e-06 3.38542e-06 3.30726e-06 3.2308e-06 3.15602e-06 3.08287e-06 3.01134e-06 2.94138e-06 2.87297e-06 2.80607e-06 2.74065e-06 2.67669e-06 2.61415e-06 2.553e-06 2.49321e-06 2.43476e-06 2.37762e-06 2.32176e-06 2.26716e-06 2.21378e-06 2.16161e-06 2.11061e-06 2.06077e-06 2.01205e-06 1.96444e-06 1.91791e-06 1.87244e-06 1.82801e-06 1.78458e-06 1.74215e-06 1.70069e-06 1.66018e-06 1.6206e-06 1.58193e-06 1.54414e-06 1.50723e-06 1.47117e-06 1.43594e-06 1.40152e-06 1.3679e-06 1.33506e-06 1.30298e-06 1.27165e-06 1.24104e-06 1.21115e-06 1.18195e-06 1.15344e-06 1.12559e-06 1.09839e-06 1.07183e-06 1.04589e-06 1.02056e-06 9.9583e-07 9.71677e-07 9.48092e-07 9.25064e-07 9.02578e-07 8.80623e-07 8.59187e-07 8.38258e-07 8.17825e-07
7.13367e-05 8.18627e-06 8.01521e-06 7.84731e-06 7.68251e-06 7.52078e-06 7.36208e-06 7.20636e-06 7.05358e-06 6.9037e-06 6.75667e-06 6.61246e-06 6.47102e-06 6.33231e-06 6.19628e-06 6.0629e-06 5.93213e-06 5.80392e-06 5.67823e-06 5.55502e-06 5.43426e-06 5.31589e-06 5.19989e-06 5.08621e-06 4.97482e-06 4.86567e-06 4.75873e-06 4.65395e-06 4.55131e-06 4.45076e-06 4.35227e-06 4.2558e-06 4.16132e-06 4.06878e-06 3.97816e-06 3.88942e-06 3.80253e-06 3.71745e-06 3.63415e-06 3.5526e-06 3.47275e-06 3.3946e-06 3.31809e-06 3.2432e-06 3.1699e-06 3.09816e-06 3.02795e-06 2.95924e-06 2.89199e-06 2.8262e-06 2.76181e-06 2.69881e-06 2.63717e-06 2.57687e-06 2.51787e-06 2.46015e-06 2.40369e-06 2.34846e-06 2.29444e-06 2.24159e-06 2.18991e-06 2.13935e-06 2.08992e-06 2.04157e-06 1.99428e-06 1.94804e-06 1.90283e-06 1.85862e-06 1.81539e-06 1.77312e-06 1.7318e-06 1.69139e-06 1.65189e-06 1.61328e-06 1.57553e-06 1.53862e-06 1.50255e-06 1.46729e-06 1.43282e-06 1.39913e-06 1.36621e-06 1.33403e-06 1.30258e-06 1.27184e-06 1.2418e-06 1.21245e-06 1.18376e-06 1.15573e-06 1.12834e-06 1.10158e-06 1.07543e-06 1.04988e-06 1.02491e-06 1.00052e-06 9.76693e-07 9.53413e-07 9.30669e-07 9.08451e-07 8.86747e-07 8.65545e-07 8.44834e-07
6.92856e-05 8.00302e-06 7.84136e-06 7.68251e-06 7.52644e-06 7.37311e-06 7.2225e-06 7.07456e-06 6.92927e-06 6.78659e-06 6.6465e-06 6.50895e-06 6.37392e-06 6.24136e-06 6.11126e-06 5.98356e-06 5.85825e-06 5.73528e-06 5.61462e-06 5.49624e-06 5.3801e-06 5.26618e-06 5.15443e-06 5.04483e-06 4.93733e-06 4.83192e-06 4.72856e-06 4.62721e-06 4.52784e-06 4.43042e-06 4.33491e-06 4.2413e-06 4.14954e-06 4.05961e-06 3.97146e-06 3.88509e-06 3.80044e-06 3.7175e-06 3.63624e-06 3.55662e-06 3.47862e-06 3.40221e-06 3.32735e-06 3.25403e-06 3.18222e-06 3.11188e-06 3.043e-06 2.97554e-06 2.90947e-06 2.84479e-06 2.78145e-06 2.71943e-06 2.65871e-06 2.59927e-06 2.54108e-06 2.48411e-06 2.42835e-06 2.37376e-06 2.32034e-06 2.26805e-06 2.21687e-06 2.16679e-06 2.11778e-06 2.06982e-06 2.02288e-06 1.97696e-06 1.93203e-06 1.88807e-06 1.84505e-06 1.80297e-06 1.76181e-06 1.72154e-06 1.68214e-06 1.64361e-06 1.60592e-06 1.56905e-06 1.53299e-06 1.49772e-06 1.46323e-06 1.4295e-06 1.39652e-06 1.36426e-06 1.33271e-06 1.30187e-06 1.27171e-06 1.24222e-06 1.21339e-06 1.1852e-06 1.15764e-06 1.13069e-06 1.10435e-06 1.0786e-06 1.05342e-06 1.02882e-06 1.00476e-06 9.81252e-07 9.5827e-07 9.35808e-07 9.13854e-07 8.92397e-07 8.71426e-07
6.72935e-05 7.82354e-06 7.67092e-06 7.52078e-06 7.37311e-06 7.22788e-06 7.08506e-06 6.94463e-06 6.80658e-06 6.67087e-06 6.53747e-06 6.40638e-06 6.27755e-06 6.15097e-06 6.0266e-06 5.90442e-06 5.78441e-06 5.66654e-06 5.55077e-06 5.43709e-06 5.32547e-06 5.21587e-06 5.10828e-06 5.00266e-06 4.89899e-06 4.79723e-06 4.69737e-06 4.59938e-06 4.50322e-06 4.40888e-06 4.31631e-06 4.22551e-06 4.13643e-06 4.04906e-06 3.96337e-06 3.87933e-06 3.79691e-06 3.71609e-06 3.63685e-06 3.55915e-06 3.48298e-06 3.4083e-06 3.3351e-06 3.26334e-06 3.19301e-06 3.12408e-06 3.05653e-06 2.99033e-06 2.92545e-06 2.86189e-06 2.7996e-06 2.73858e-06 2.6788e-06 2.62023e-06 2.56286e-06 2.50666e-06 2.45161e-06 2.3977e-06 2.34489e-06 2.29318e-06 2.24253e-06 2.19294e-06 2.14437e-06 2.09682e-06 2.05027e-06 2.00468e-06 1.96005e-06 1.91636e-06 1.87359e-06 1.83173e-06 1.79074e-06 1.75063e-06 1.71137e-06 1.67294e-06 1.63533e-06 1.59852e-06 1.5625e-06 1.52725e-06 1.49276e-06 1.45901e-06 1.42599e-06 1.39367e-06 1.36206e-06 1.33113e-06 1.30087e-06 1.27127e-06 1.24231e-06 1.21398e-06 1.18627e-06 1.15917e-06 1.13266e-06 1.10673e-06 1.08136e-06 1.05656e-06 1.0323e-06 1.00858e-06 9.85376e-07 9.62689e-07 9.40503e-07 9.18809e-07 8.97596e-07
6.53587e-05 7.64776e-06 7.50383e-06 7.36208e-06 7.2225e-06 7.08506e-06 6.94976e-06 6.81658e-06 6.68551e-06 6.55653e-06 6.42962e-06 6.30476e-06 6.18195e-06 6.06115e-06 5.94235e-06 5.82553e-06 5.71067e-06 5.59775e-06 5.48674e-06 5.37764e-06 5.27041e-06 5.16504e-06 5.0615e-06 4.95977e-06 4.85983e-06 4.76166e-06 4.66523e-06 4.57053e-06 4.47752e-06 4.3862e-06 4.29653e-06 4.20849e-06 4.12206e-06 4.03721e-06 3.95393e-06 3.8722e-06 3.79198e-06 3.71327e-06 3.63603e-06 3.56024e-06 3.48588e-06 3.41293e-06 3.34138e-06 3.27118e-06 3.20234e-06 3.13481e-06 3.06859e-06 3.00365e-06 2.93997e-06 2.87754e-06 2.81632e-06 2.7563e-06 2.69746e-06 2.63979e-06 2.58325e-06 2.52783e-06 2.47352e-06 2.42029e-06 2.36812e-06 2.317e-06 2.26691e-06 2.21782e-06 2.16973e-06 2.12261e-06 2.07645e-06 2.03123e-06 1.98693e-06 1.94353e-06 1.90103e-06 1.85939e-06 1.81862e-06 1.77868e-06 1.73957e-06 1.70127e-06 1.66377e-06 1.62705e-06 1.59109e-06 1.55588e-06 1.52141e-06 1.48766e-06 1.45463e-06 1.42228e-06 1.39062e-06 1.35963e-06 1.32929e-06 1.2996e-06 1.27054e-06 1.24209e-06 1.21425e-06 1.18701e-06 1.16035e-06 1.13426e-06 1.10873e-06 1.08375e-06 1.0593e-06 1.03539e-06 1.01198e-06 9.89089e-07 9.6669e-07 9.44776e-07 9.23338e-07
6.34795e-05 7.47562e-06 7.34005e-06 7.20636e-06 7.07456e-06 6.94463e-06 6.81658e-06 6.69039e-06 6.56606e-06 6.44358e-06 6.32294e-06 6.20412e-06 6.08713e-06 5.97193e-06 5.85853e-06 5.74691e-06 5.63705e-06 5.52895e-06 5.42258e-06 5.31793e-06 5.21498e-06 5.11373e-06 5.01414e-06 4.91622e-06 4.81993e-06 4.72526e-06 4.63219e-06 4.54071e-06 4.4508e-06 4.36244e-06 4.2756e-06 4.19029e-06 4.10646e-06 4.02411e-06 3.94321e-06 3.86376e-06 3.78572e-06 3.70908e-06 3.63382e-06 3.55993e-06 3.48738e-06 3.41615e-06 3.34623e-06 3.27759e-06 3.21023e-06 3.14411e-06 3.07923e-06 3.01555e-06 2.95308e-06 2.89177e-06 2.83163e-06 2.77263e-06 2.71475e-06 2.65797e-06 2.60228e-06 2.54767e-06 2.4941e-06 2.44157e-06 2.39006e-06 2.33955e-06 2.29003e-06 2.24147e-06 2.19387e-06 2.1472e-06 2.10146e-06 2.05661e-06 2.01266e-06 1.96958e-06 1.92737e-06 1.88599e-06 1.84544e-06 1.80571e-06 1.76678e-06 1.72863e-06 1.69126e-06 1.65464e-06 1.61876e-06 1.58362e-06 1.5492e-06 1.51547e-06 1.48244e-06 1.45009e-06 1.4184e-06 1.38737e-06 1.35698e-06 1.32721e-06 1.29807e-06 1.26953e-06 1.24158e-06 1.21422e-06 1.18743e-06 1.1612e-06 1.13552e-06 1.11038e-06 1.08577e-06 1.06167e-06 1.03809e-06 1.01501e-06 9.9241e-07 9.70294e-07 9.48648e-07
6.16543e-05 7.30706e-06 7.17951e-06 7.05358e-06 6.92927e-06 6.80658e-06 6.68551e-06 6.56606e-06 6.44824e-06 6.33204e-06 6.21745e-06 6.10448e-06 5.99311e-06 5.88335e-06 5.77518e-06 5.6686e-06 5.56361e-06 5.46018e-06 5.35831e-06 5.258e-06 5.15923e-06 5.06198e-06 4.96626e-06 4.87204e-06 4.77932e-06 4.68808e-06 4.5983e-06 4.50998e-06 4.4231e-06 4.33765e-06 4.25361e-06 4.17096e-06 4.0897e-06 4.0098e-06 3.93126e-06 3.85405e-06 3.77817e-06 3.70359e-06 3.63029e-06 3.55828e-06 3.48752e-06 3.418e-06 3.3497e-06 3.28262e-06 3.21673e-06 3.15202e-06 3.08847e-06 3.02607e-06 2.9648e-06 2.90464e-06 2.84558e-06 2.7876e-06 2.73068e-06 2.67482e-06 2.62e-06 2.56619e-06 2.51339e-06 2.46157e-06 2.41073e-06 2.36085e-06 2.31191e-06 2.2639e-06 2.21681e-06 2.17061e-06 2.1253e-06 2.08087e-06 2.03728e-06 1.99454e-06 1.95263e-06 1.91153e-06 1.87124e-06 1.83173e-06 1.79299e-06 1.75502e-06 1.71779e-06 1.6813e-06 1.64554e-06 1.61048e-06 1.57612e-06 1.54244e-06 1.50944e-06 1.4771e-06 1.44541e-06 1.41435e-06 1.38392e-06 1.35411e-06 1.3249e-06 1.29629e-06 1.26825e-06 1.24079e-06 1.21389e-06 1.18754e-06 1.16173e-06 1.13645e-06 1.11169e-06 1.08744e-06 1.06369e-06 1.04043e-06 1.01766e-06 9.95358e-07 9.73521e-07
5.98816e-05 7.14201e-06 7.02218e-06 6.9037e-06 6.78659e-06 6.67087e-06 6.55653e-06 6.44358e-06 6.33204e-06 6.2219e-06 6.11316e-06 6.00584e-06 5.89993e-06 5.79542e-06 5.69233e-06 5.59064e-06 5.49036e-06 5.39148e-06 5.29399e-06 5.1979e-06 5.10319e-06 5.00986e-06 4.9179e-06 4.8273e-06 4.73806e-06 4.65017e-06 4.56362e-06 4.47839e-06 4.39449e-06 4.31189e-06 4.23059e-06 4.15057e-06 4.07183e-06 3.99435e-06 3.91813e-06 3.84314e-06 3.76938e-06 3.69683e-06 3.62548e-06 3.55533e-06 3.48634e-06 3.41852e-06 3.35185e-06 3.28631e-06 3.2219e-06 3.15859e-06 3.09638e-06 3.03524e-06 2.97518e-06 2.91616e-06 2.85819e-06 2.80124e-06 2.74531e-06 2.69037e-06 2.63641e-06 2.58343e-06 2.5314e-06 2.48032e-06 2.43017e-06 2.38093e-06 2.33259e-06 2.28515e-06 2.23858e-06 2.19287e-06 2.14802e-06 2.104e-06 2.0608e-06 2.01842e-06 1.97684e-06 1.93604e-06 1.89601e-06 1.85675e-06 1.81823e-06 1.78045e-06 1.7434e-06 1.70705e-06 1.67141e-06 1.63646e-06 1.60218e-06 1.56858e-06 1.53562e-06 1.50331e-06 1.47164e-06 1.44058e-06 1.41014e-06 1.3803e-06 1.35105e-06 1.32238e-06 1.29427e-06 1.26673e-06 1.23974e-06 1.21328e-06 1.18736e-06 1.16196e-06 1.13707e-06 1.11268e-06 1.08878e-06 1.06537e-06 1.04244e-06 1.01997e-06 9.97954e-07
5.81599e-05 6.98042e-06 6.86799e-06 6.75667e-06 6.6465e-06 6.53747e-06 6.42962e-06 6.32294e-06 6.21745e-06 6.11316e-06 6.01009e-06 5.90822e-06 5.80759e-06 5.70817e-06 5.61e-06 5.51305e-06 5.41735e-06 5.32288e-06 5.22965e-06 5.13766e-06 5.04691e-06 4.95739e-06 4.8691e-06 4.78204e-06 4.69621e-06 4.61159e-06 4.52819e-06 4.44599e-06 4.365e-06 4.2852e-06 4.20659e-06 4.12916e-06 4.0529e-06 3.9778e-06 3.90386e-06 3.83106e-06 3.7594e-06 3.68886e-06 3.61944e-06 3.55113e-06 3.48391e-06 3.41777e-06 3.35271e-06 3.28871e-06 3.22576e-06 3.16385e-06 3.10297e-06 3.04311e-06 2.98426e-06 2.92639e-06 2.86951e-06 2.8136e-06 2.75865e-06 2.70464e-06 2.65157e-06 2.59942e-06 2.54818e-06 2.49784e-06 2.44839e-06 2.39981e-06 2.35209e-06 2.30523e-06 2.2592e-06 2.214e-06 2.16962e-06 2.12604e-06 2.08325e-06 2.04124e-06 2e-06 1.95952e-06 1.91978e-06 1.88078e-06 1.8425e-06 1.80494e-06 1.76807e-06 1.7319e-06 1.6964e-06 1.66158e-06 1.62741e-06 1.59389e-06 1.561e-06 1.52874e-06 1.4971e-06 1.46607e-06 1.43563e-06 1.40578e-06 1.3765e-06 1.34779e-06 1.31964e-06 1.29204e-06 1.26497e-06 1.23843e-06 1.21242e-06 1.18691e-06 1.16191e-06 1.1374e-06 1.11337e-06 1.08982e-06 1.06674e-06 1.04411e-06 1.02194e-06
5.64877e-05 6.82221e-06 6.71689e-06 6.61246e-06 6.50895e-06 6.40638e-06 6.30476e-06 6.20412e-06 6.10448e-06 6.00584e-06 5.90822e-06 5.81164e-06 5.71611e-06 5.62163e-06 5.52821e-06 5.43587e-06 5.3446e-06 5.25442e-06 5.16533e-06 5.07734e-06 4.99043e-06 4.90463e-06 4.81992e-06 4.73631e-06 4.6538e-06 4.57238e-06 4.49206e-06 4.41283e-06 4.33469e-06 4.25764e-06 4.18167e-06 4.10678e-06 4.03296e-06 3.96021e-06 3.88851e-06 3.81788e-06 3.74828e-06 3.67973e-06 3.61222e-06 3.54573e-06 3.48025e-06 3.41579e-06 3.35233e-06 3.28986e-06 3.22837e-06 3.16786e-06 3.10831e-06 3.04972e-06 2.99207e-06 2.93536e-06 2.87957e-06 2.82471e-06 2.77074e-06 2.71768e-06 2.6655e-06 2.61419e-06 2.56375e-06 2.51417e-06 2.46543e-06 2.41752e-06 2.37043e-06 2.32416e-06 2.27869e-06 2.23402e-06 2.19012e-06 2.14699e-06 2.10463e-06 2.06301e-06 2.02214e-06 1.98199e-06 1.94256e-06 1.90384e-06 1.86582e-06 1.82849e-06 1.79183e-06 1.75585e-06 1.72052e-06 1.68584e-06 1.65179e-06 1.61838e-06 1.58558e-06 1.5534e-06 1.52181e-06 1.49081e-06 1.4604e-06 1.43055e-06 1.40127e-06 1.37254e-06 1.34436e-06 1.31671e-06 1.28959e-06 1.26299e-06 1.23689e-06 1.2113e-06 1.1862e-06 1.16158e-06 1.13744e-06 1.11377e-06 1.09056e-06 1.0678e-06 1.04548e-06
5.48635e-05 6.66733e-06 6.56883e-06 6.47102e-06 6.37392e-06 6.27755e-06 6.18195e-06 6.08713e-06 5.99311e-06 5.89993e-06 5.80759e-06 5.71611e-06 5.62551e-06 5.5358e-06 5.447e-06 5.35911e-06 5.27216e-06 5.18614e-06 5.10107e-06 5.01695e-06 4.9338e-06 4.85161e-06 4.77039e-06 4.69014e-06 4.61088e-06 4.53259e-06 4.45528e-06 4.37896e-06 4.30362e-06 4.22926e-06 4.15588e-06 4.08348e-06 4.01206e-06 3.94161e-06 3.87213e-06 3.80362e-06 3.73608e-06 3.66949e-06 3.60385e-06 3.53917e-06 3.47543e-06 3.41262e-06 3.35074e-06 3.28979e-06 3.22976e-06 3.17064e-06 3.11242e-06 3.05509e-06 2.99865e-06 2.9431e-06 2.88841e-06 2.83459e-06 2.78162e-06 2.72951e-06 2.67822e-06 2.62777e-06 2.57814e-06 2.52932e-06 2.4813e-06 2.43408e-06 2.38764e-06 2.34198e-06 2.29708e-06 2.25294e-06 2.20955e-06 2.16689e-06 2.12497e-06 2.08376e-06 2.04327e-06 2.00347e-06 1.96437e-06 1.92595e-06 1.8882e-06 1.85112e-06 1.81469e-06 1.77891e-06 1.74377e-06 1.70925e-06 1.67535e-06 1.64206e-06 1.60937e-06 1.57727e-06 1.54576e-06 1.51482e-06 1.48444e-06 1.45463e-06 1.42536e-06 1.39663e-06 1.36843e-06 1.34075e-06 1.3136e-06 1.28694e-06 1.26079e-06 1.23513e-06 1.20995e-06 1.18524e-06 1.161e-06 1.13722e-06 1.1139e-06 1.09102e-06 1.06857e-06
5.32861e-05 6.51571e-06 6.42377e-06 6.33231e-06 6.24136e-06 6.15097e-06 6.06115e-06 5.97193e-06 5.88335e-06 5.79542e-06 5.70817e-06 5.62163e-06 5.5358e-06 5.45071e-06 5.36638e-06 5.28281e-06 5.20004e-06 5.11806e-06 5.0369e-06 4.95655e-06 4.87704e-06 4.79837e-06 4.72055e-06 4.64359e-06 4.56749e-06 4.49226e-06 4.4179e-06 4.34442e-06 4.27181e-06 4.20009e-06 4.12926e-06 4.05931e-06 3.99024e-06 3.92206e-06 3.85476e-06 3.78835e-06 3.72282e-06 3.65817e-06 3.59439e-06 3.53149e-06 3.46946e-06 3.4083e-06 3.348e-06 3.28856e-06 3.22997e-06 3.17223e-06 3.11534e-06 3.05928e-06 3.00405e-06 2.94965e-06 2.89606e-06 2.84329e-06 2.79133e-06 2.74016e-06 2.68978e-06 2.64019e-06 2.59138e-06 2.54333e-06 2.49605e-06 2.44952e-06 2.40374e-06 2.3587e-06 2.31439e-06 2.2708e-06 2.22792e-06 2.18575e-06 2.14428e-06 2.1035e-06 2.0634e-06 2.02398e-06 1.98522e-06 1.94712e-06 1.90966e-06 1.87285e-06 1.83666e-06 1.8011e-06 1.76616e-06 1.73182e-06 1.69809e-06 1.66494e-06 1.63237e-06 1.60038e-06 1.56896e-06 1.53809e-06 1.50778e-06 1.478e-06 1.44876e-06 1.42005e-06 1.39185e-06 1.36417e-06 1.33699e-06 1.31031e-06 1.28411e-06 1.25839e-06 1.23315e-06 1.20837e-06 1.18405e-06 1.16018e-06 1.13676e-06 1.11377e-06 1.09121e-06
5.1754e-05 6.3673e-06 6.28164e-06 6.19628e-06 6.11126e-06 6.0266e-06 5.94235e-06 5.85853e-06 5.77518e-06 5.69233e-06 5.61e-06 5.52821e-06 5.447e-06 5.36638e-06 5.28637e-06 5.20699e-06 5.12827e-06 5.05021e-06 4.97284e-06 4.89617e-06 4.8202e-06 4.74496e-06 4.67045e-06 4.59669e-06 4.52368e-06 4.45143e-06 4.37995e-06 4.30925e-06 4.23933e-06 4.17019e-06 4.10185e-06 4.0343e-06 3.96755e-06 3.9016e-06 3.83645e-06 3.7721e-06 3.70856e-06 3.64582e-06 3.58388e-06 3.52275e-06 3.46241e-06 3.40288e-06 3.34414e-06 3.2862e-06 3.22905e-06 3.17268e-06 3.11711e-06 3.06231e-06 3.00829e-06 2.95504e-06 2.90256e-06 2.85084e-06 2.79988e-06 2.74967e-06 2.7002e-06 2.65148e-06 2.60349e-06 2.55623e-06 2.50969e-06 2.46387e-06 2.41876e-06 2.37435e-06 2.33063e-06 2.28761e-06 2.24526e-06 2.20359e-06 2.16259e-06 2.12225e-06 2.08257e-06 2.04353e-06 2.00512e-06 1.96735e-06 1.93021e-06 1.89368e-06 1.85775e-06 1.82243e-06 1.78771e-06 1.75357e-06 1.72001e-06 1.68702e-06 1.6546e-06 1.62273e-06 1.59142e-06 1.56064e-06 1.5304e-06 1.50069e-06 1.47149e-06 1.44281e-06 1.41464e-06 1.38696e-06 1.35978e-06 1.33307e-06 1.30685e-06 1.2811e-06 1.2558e-06 1.23097e-06 1.20658e-06 1.18264e-06 1.15913e-06 1.13605e-06 1.11339e-06
5.0266e-05 6.22204e-06 6.14241e-06 6.0629e-06 5.98356e-06 5.90442e-06 5.82553e-06 5.74691e-06 5.6686e-06 5.59064e-06 5.51305e-06 5.43587e-06 5.35911e-06 5.28281e-06 5.20699e-06 5.13168e-06 5.05688e-06 4.98263e-06 4.90894e-06 4.83583e-06 4.76331e-06 4.69141e-06 4.62013e-06 4.54948e-06 4.47949e-06 4.41015e-06 4.34149e-06 4.2735e-06 4.20621e-06 4.1396e-06 4.0737e-06 4.00851e-06 3.94404e-06 3.88028e-06 3.81724e-06 3.75492e-06 3.69334e-06 3.63248e-06 3.57236e-06 3.51297e-06 3.45432e-06 3.39639e-06 3.3392e-06 3.28275e-06 3.22702e-06 3.17203e-06 3.11776e-06 3.06422e-06 3.0114e-06 2.95931e-06 2.90793e-06 2.85726e-06 2.80731e-06 2.75806e-06 2.70951e-06 2.66166e-06 2.61451e-06 2.56804e-06 2.52225e-06 2.47715e-06 2.43271e-06 2.38895e-06 2.34584e-06 2.30339e-06 2.26159e-06 2.22044e-06 2.17992e-06 2.14003e-06 2.10077e-06 2.06213e-06 2.0241e-06 1.98668e-06 1.94985e-06 1.91362e-06 1.87798e-06 1.84291e-06 1.80842e-06 1.7745e-06 1.74113e-06 1.70832e-06 1.67606e-06 1.64433e-06 1.61314e-06 1.58247e-06 1.55232e-06 1.52268e-06 1.49355e-06 1.46492e-06 1.43678e-06 1.40913e-06 1.38196e-06 1.35525e-06 1.32902e-06 1.30324e-06 1.27792e-06 1.25304e-06 1.2286e-06 1.2046e-06 1.18102e-06 1.15786e-06 1.13512e-06
4.88207e-05 6.07987e-06 6.00602e-06 5.93213e-06 5.85825e-06 5.78441e-06 5.71067e-06 5.63705e-06 5.56361e-06 5.49036e-06 5.41735e-06 5.3446e-06 5.27216e-06 5.20004e-06 5.12827e-06 5.05688e-06 4.98589e-06 4.91533e-06 4.84522e-06 4.77557e-06 4.70641e-06 4.63775e-06 4.56961e-06 4.502e-06 4.43495e-06 4.36846e-06 4.30254e-06 4.23722e-06 4.17249e-06 4.10837e-06 4.04486e-06 3.98198e-06 3.91974e-06 3.85813e-06 3.79717e-06 3.73686e-06 3.6772e-06 3.6182e-06 3.55987e-06 3.50221e-06 3.44521e-06 3.38888e-06 3.33323e-06 3.27824e-06 3.22394e-06 3.1703e-06 3.11734e-06 3.06505e-06 3.01343e-06 2.96249e-06 2.91221e-06 2.8626e-06 2.81365e-06 2.76537e-06 2.71774e-06 2.67077e-06 2.62445e-06 2.57878e-06 2.53376e-06 2.48938e-06 2.44563e-06 2.40252e-06 2.36003e-06 2.31817e-06 2.27692e-06 2.23629e-06 2.19627e-06 2.15685e-06 2.11803e-06 2.0798e-06 2.04216e-06 2.0051e-06 1.96861e-06 1.9327e-06 1.89735e-06 1.86255e-06 1.82831e-06 1.79462e-06 1.76146e-06 1.72884e-06 1.69675e-06 1.66518e-06 1.63413e-06 1.60358e-06 1.57354e-06 1.544e-06 1.51495e-06 1.48638e-06 1.45829e-06 1.43068e-06 1.40353e-06 1.37684e-06 1.35061e-06 1.32483e-06 1.29948e-06 1.27458e-06 1.2501e-06 1.22605e-06 1.20242e-06 1.1792e-06 1.15639e-06
4.7417e-05 5.94073e-06 5.87242e-06 5.80392e-06 5.73528e-06 5.66654e-06 5.59775e-06 5.52895e-06 5.46018e-06 5.39148e-06 5.32288e-06 5.25442e-06 5.18614e-06 5.11806e-06 5.05021e-06 4.98263e-06 4.91533e-06 4.84835e-06 4.7817e-06 4.71542e-06 4.64952e-06 4.58401e-06 4.51893e-06 4.45429e-06 4.3901e-06 4.32639e-06 4.26316e-06 4.20043e-06 4.13821e-06 4.07652e-06 4.01536e-06 3.95475e-06 3.89469e-06 3.8352e-06 3.77628e-06 3.71794e-06 3.66018e-06 3.60302e-06 3.54645e-06 3.49049e-06 3.43513e-06 3.38038e-06 3.32625e-06 3.27273e-06 3.21982e-06 3.16754e-06 3.11588e-06 3.06483e-06 3.01441e-06 2.96461e-06 2.91544e-06 2.86688e-06 2.81894e-06 2.77162e-06 2.72492e-06 2.67883e-06 2.63336e-06 2.58849e-06 2.54424e-06 2.50059e-06 2.45754e-06 2.41508e-06 2.37323e-06 2.33196e-06 2.29129e-06 2.25119e-06 2.21168e-06 2.17274e-06 2.13437e-06 2.09656e-06 2.05932e-06 2.02264e-06 1.98651e-06 1.95092e-06 1.91587e-06 1.88137e-06 1.84739e-06 1.81394e-06 1.78101e-06 1.7486e-06 1.71669e-06 1.6853e-06 1.6544e-06 1.62399e-06 1.59407e-06 1.56464e-06 1.53568e-06 1.50719e-06 1.47917e-06 1.45161e-06 1.4245e-06 1.39784e-06 1.37163e-06 1.34585e-06 1.32051e-06 1.29559e-06 1.27109e-06 1.24701e-06 1.22334e-06 1.20007e-06 1.1772e-06
4.60537e-05 5.80456e-06 5.74156e-06 5.67823e-06 5.61462e-06 5.55077e-06 5.48674e-06 5.42258e-06 5.35831e-06 5.29399e-06 5.22965e-06 5.16533e-06 5.10107e-06 5.0369e-06 4.97284e-06 4.90894e-06 4.84522e-06 4.7817e-06 4.71843e-06 4.65541e-06 4.59267e-06 4.53024e-06 4.46814e-06 4.40638e-06 4.34499e-06 4.28398e-06 4.22337e-06 4.16318e-06 4.10342e-06 4.0441e-06 3.98524e-06 3.92685e-06 3.86895e-06 3.81153e-06 3.75462e-06 3.69821e-06 3.64233e-06 3.58697e-06 3.53215e-06 3.47786e-06 3.42412e-06 3.37093e-06 3.3183e-06 3.26623e-06 3.21472e-06 3.16378e-06 3.1134e-06 3.0636e-06 3.01437e-06 2.96571e-06 2.91763e-06 2.87013e-06 2.8232e-06 2.77685e-06 2.73107e-06 2.68587e-06 2.64125e-06 2.59719e-06 2.55371e-06 2.5108e-06 2.46845e-06 2.42667e-06 2.38545e-06 2.34479e-06 2.30469e-06 2.26515e-06 2.22615e-06 2.1877e-06 2.1498e-06 2.11243e-06 2.0756e-06 2.03931e-06 2.00354e-06 1.9683e-06 1.93357e-06 1.89936e-06 1.86567e-06 1.83247e-06 1.79978e-06 1.76759e-06 1.73589e-06 1.70468e-06 1.67395e-06 1.6437e-06 1.61392e-06 1.5846e-06 1.55575e-06 1.52736e-06 1.49942e-06 1.47193e-06 1.44488e-06 1.41826e-06 1.39208e-06 1.36632e-06 1.34099e-06 1.31607e-06 1.29157e-06 1.26746e-06 1.24376e-06 1.22046e-06 1.19755e-06
4.47295e-05 5.67132e-06 5.6134e-06 5.55502e-06 5.49624e-06 5.43709e-06 5.37764e-06 5.31793e-06 5.258e-06 5.1979e-06 5.13766e-06 5.07734e-06 5.01695e-06 4.95655e-06 4.89617e-06 4.83583e-06 4.77557e-06 4.71542e-06 4.65541e-06 4.59556e-06 4.5359e-06 4.47645e-06 4.41725e-06 4.3583e-06 4.29963e-06 4.24126e-06 4.18322e-06 4.1255e-06 4.06814e-06 4.01115e-06 3.95455e-06 3.89834e-06 3.84254e-06 3.78716e-06 3.73222e-06 3.67772e-06 3.62367e-06 3.57009e-06 3.51699e-06 3.46436e-06 3.41222e-06 3.36057e-06 3.30943e-06 3.25879e-06 3.20866e-06 3.15905e-06 3.10995e-06 3.06138e-06 3.01334e-06 2.96582e-06 2.91884e-06 2.87238e-06 2.82646e-06 2.78108e-06 2.73623e-06 2.69192e-06 2.64814e-06 2.6049e-06 2.5622e-06 2.52003e-06 2.4784e-06 2.43729e-06 2.39672e-06 2.35668e-06 2.31717e-06 2.27818e-06 2.23971e-06 2.20176e-06 2.16433e-06 2.12742e-06 2.09101e-06 2.05512e-06 2.01973e-06 1.98484e-06 1.95045e-06 1.91655e-06 1.88315e-06 1.85023e-06 1.81779e-06 1.78584e-06 1.75435e-06 1.72334e-06 1.69279e-06 1.66271e-06 1.63308e-06 1.6039e-06 1.57518e-06 1.54689e-06 1.51905e-06 1.49164e-06 1.46465e-06 1.4381e-06 1.41196e-06 1.38624e-06 1.36093e-06 1.33603e-06 1.31153e-06 1.28742e-06 1.26371e-06 1.24038e-06 1.21743e-06
4.34434e-05 5.54094e-06 5.48789e-06 5.43426e-06 5.3801e-06 5.32547e-06 5.27041e-06 5.21498e-06 5.15923e-06 5.10319e-06 5.04691e-06 4.99043e-06 4.9338e-06 4.87704e-06 4.8202e-06 4.76331e-06 4.70641e-06 4.64952e-06 4.59267e-06 4.5359e-06 4.47923e-06 4.42269e-06 4.3663e-06 4.31009e-06 4.25407e-06 4.19828e-06 4.14273e-06 4.08744e-06 4.03243e-06 3.97771e-06 3.92331e-06 3.86923e-06 3.8155e-06 3.76212e-06 3.70911e-06 3.65649e-06 3.60426e-06 3.55243e-06 3.50101e-06 3.45002e-06 3.39946e-06 3.34934e-06 3.29966e-06 3.25044e-06 3.20168e-06 3.15339e-06 3.10556e-06 3.05822e-06 3.01135e-06 2.96497e-06 2.91907e-06 2.87367e-06 2.82876e-06 2.78434e-06 2.74042e-06 2.697e-06 2.65408e-06 2.61166e-06 2.56974e-06 2.52832e-06 2.4874e-06 2.44698e-06 2.40706e-06 2.36764e-06 2.32872e-06 2.2903e-06 2.25237e-06 2.21494e-06 2.17799e-06 2.14154e-06 2.10557e-06 2.07009e-06 2.03509e-06 2.00057e-06 1.96652e-06 1.93295e-06 1.89985e-06 1.86722e-06 1.83505e-06 1.80334e-06 1.77209e-06 1.74129e-06 1.71094e-06 1.68103e-06 1.65157e-06 1.62254e-06 1.59395e-06 1.56579e-06 1.53805e-06 1.51074e-06 1.48384e-06 1.45736e-06 1.43128e-06 1.40561e-06 1.38033e-06 1.35546e-06 1.33097e-06 1.30688e-06 1.28316e-06 1.25982e-06 1.23686e-06
4.21944e-05 5.41336e-06 5.36498e-06 5.31589e-06 5.26618e-06 5.21587e-06 5.16504e-06 5.11373e-06 5.06198e-06 5.00986e-06 4.95739e-06 4.90463e-06 4.85161e-06 4.79837e-06 4.74496e-06 4.69141e-06 4.63775e-06 4.58401e-06 4.53024e-06 4.47645e-06 4.42269e-06 4.36897e-06 4.31532e-06 4.26177e-06 4.20834e-06 4.15506e-06 4.10195e-06 4.04902e-06 3.9963e-06 3.94381e-06 3.89156e-06 3.83958e-06 3.78787e-06 3.73646e-06 3.68535e-06 3.63456e-06 3.58411e-06 3.53401e-06 3.48426e-06 3.43488e-06 3.38587e-06 3.33726e-06 3.28904e-06 3.24122e-06 3.19381e-06 3.14683e-06 3.10026e-06 3.05413e-06 3.00844e-06 2.96318e-06 2.91837e-06 2.87401e-06 2.83011e-06 2.78666e-06 2.74367e-06 2.70114e-06 2.65907e-06 2.61747e-06 2.57634e-06 2.53567e-06 2.49548e-06 2.45575e-06 2.41649e-06 2.37771e-06 2.33939e-06 2.30154e-06 2.26416e-06 2.22724e-06 2.1908e-06 2.15481e-06 2.11929e-06 2.08423e-06 2.04963e-06 2.01549e-06 1.98181e-06 1.94857e-06 1.91579e-06 1.88345e-06 1.85156e-06 1.82011e-06 1.7891e-06 1.75853e-06 1.72839e-06 1.69868e-06 1.66939e-06 1.64053e-06 1.61209e-06 1.58406e-06 1.55645e-06 1.52924e-06 1.50244e-06 1.47604e-06 1.45003e-06 1.42442e-06 1.3992e-06 1.37436e-06 1.34991e-06 1.32583e-06 1.30213e-06 1.27879e-06 1.25582e-06
4.09812e-05 5.28855e-06 5.24462e-06 5.19989e-06 5.15443e-06 5.10828e-06 5.0615e-06 5.01414e-06 4.96626e-06 4.9179e-06 4.8691e-06 4.81992e-06 4.77039e-06 4.72055e-06 4.67045e-06 4.62013e-06 4.56961e-06 4.51893e-06 4.46814e-06 4.41725e-06 4.3663e-06 4.31532e-06 4.26434e-06 4.21338e-06 4.16247e-06 4.11163e-06 4.06089e-06 4.01028e-06 3.9598e-06 3.90948e-06 3.85935e-06 3.80941e-06 3.75969e-06 3.7102e-06 3.66096e-06 3.61198e-06 3.56328e-06 3.51487e-06 3.46676e-06 3.41897e-06 3.3715e-06 3.32437e-06 3.27758e-06 3.23116e-06 3.18509e-06 3.1394e-06 3.09409e-06 3.04916e-06 3.00463e-06 2.9605e-06 2.91677e-06 2.87345e-06 2.83055e-06 2.78806e-06 2.746e-06 2.70436e-06 2.66315e-06 2.62238e-06 2.58203e-06 2.54213e-06 2.50266e-06 2.46363e-06 2.42504e-06 2.38689e-06 2.34918e-06 2.31191e-06 2.27508e-06 2.2387e-06 2.20276e-06 2.16725e-06 2.13219e-06 2.09756e-06 2.06338e-06 2.02962e-06 1.99631e-06 1.96342e-06 1.93096e-06 1.89894e-06 1.86734e-06 1.83616e-06 1.80541e-06 1.77507e-06 1.74515e-06 1.71565e-06 1.68655e-06 1.65787e-06 1.62959e-06 1.60171e-06 1.57423e-06 1.54714e-06 1.52045e-06 1.49415e-06 1.46823e-06 1.44269e-06 1.41753e-06 1.39275e-06 1.36834e-06 1.34429e-06 1.32061e-06 1.29729e-06 1.27433e-06
3.98029e-05 5.16643e-06 5.12677e-06 5.08621e-06 5.04483e-06 5.00266e-06 4.95977e-06 4.91622e-06 4.87204e-06 4.8273e-06 4.78204e-06 4.73631e-06 4.69014e-06 4.64359e-06 4.59669e-06 4.54948e-06 4.502e-06 4.45429e-06 4.40638e-06 4.3583e-06 4.31009e-06 4.26177e-06 4.21338e-06 4.16494e-06 4.11648e-06 4.06803e-06 4.01961e-06 3.97124e-06 3.92295e-06 3.87476e-06 3.82669e-06 3.77876e-06 3.73098e-06 3.68338e-06 3.63597e-06 3.58877e-06 3.54178e-06 3.49504e-06 3.44855e-06 3.40232e-06 3.35637e-06 3.31071e-06 3.26534e-06 3.22028e-06 3.17555e-06 3.13114e-06 3.08706e-06 3.04333e-06 2.99996e-06 2.95694e-06 2.91429e-06 2.872e-06 2.8301e-06 2.78858e-06 2.74744e-06 2.70669e-06 2.66634e-06 2.62639e-06 2.58684e-06 2.5477e-06 2.50896e-06 2.47063e-06 2.43271e-06 2.3952e-06 2.35811e-06 2.32143e-06 2.28517e-06 2.24932e-06 2.21389e-06 2.17888e-06 2.14428e-06 2.1101e-06 2.07633e-06 2.04298e-06 2.01004e-06 1.97751e-06 1.9454e-06 1.91369e-06 1.88239e-06 1.8515e-06 1.82101e-06 1.79093e-06 1.76124e-06 1.73196e-06 1.70306e-06 1.67457e-06 1.64646e-06 1.61874e-06 1.59141e-06 1.56445e-06 1.53788e-06 1.51169e-06 1.48587e-06 1.46042e-06 1.43533e-06 1.41061e-06 1.38626e-06 1.36226e-06 1.33861e-06 1.31532e-06 1.29237e-06
3.86585e-05 5.04697e-06 5.01138e-06 4.97482e-06 4.93733e-06 4.89899e-06 4.85983e-06 4.81993e-06 4.77932e-06 4.73806e-06 4.69621e-06 4.6538e-06 4.61088e-06 4.56749e-06 4.52368e-06 4.47949e-06 4.43495e-06 4.3901e-06 4.34499e-06 4.29963e-06 4.25407e-06 4.20834e-06 4.16247e-06 4.11648e-06 4.07041e-06 4.02428e-06 3.97812e-06 3.93195e-06 3.8858e-06 3.83969e-06 3.79363e-06 3.74766e-06 3.70179e-06 3.65603e-06 3.61042e-06 3.56496e-06 3.51967e-06 3.47457e-06 3.42966e-06 3.38498e-06 3.34052e-06 3.2963e-06 3.25233e-06 3.20863e-06 3.16521e-06 3.12207e-06 3.07922e-06 3.03668e-06 2.99445e-06 2.95254e-06 2.91095e-06 2.8697e-06 2.82879e-06 2.78823e-06 2.74802e-06 2.70816e-06 2.66867e-06 2.62955e-06 2.59079e-06 2.55241e-06 2.5144e-06 2.47678e-06 2.43953e-06 2.40267e-06 2.3662e-06 2.33012e-06 2.29443e-06 2.25913e-06 2.22422e-06 2.1897e-06 2.15558e-06 2.12185e-06 2.08851e-06 2.05557e-06 2.02302e-06 1.99086e-06 1.95909e-06 1.92772e-06 1.89673e-06 1.86613e-06 1.83592e-06 1.8061e-06 1.77666e-06 1.7476e-06 1.71893e-06 1.69063e-06 1.66271e-06 1.63516e-06 1.60798e-06 1.58118e-06 1.55474e-06 1.52867e-06 1.50295e-06 1.4776e-06 1.4526e-06 1.42796e-06 1.40367e-06 1.37973e-06 1.35613e-06 1.33287e-06 1.30995e-06
3.75469e-05 4.9301e-06 4.89842e-06 4.86567e-06 4.83192e-06 4.79723e-06 4.76166e-06 4.72526e-06 4.68808e-06 4.65017e-06 4.61159e-06 4.57238e-06 4.53259e-06 4.49226e-06 4.45143e-06 4.41015e-06 4.36846e-06 4.32639e-06 4.28398e-06 4.24126e-06 4.19828e-06 4.15506e-06 4.11163e-06 4.06803e-06 4.02428e-06 3.98041e-06 3.93646e-06 3.89243e-06 3.84836e-06 3.80428e-06 3.7602e-06 3.71614e-06 3.67214e-06 3.6282e-06 3.58434e-06 3.54059e-06 3.49696e-06 3.45347e-06 3.41013e-06 3.36696e-06 3.32397e-06 3.28118e-06 3.2386e-06 3.19624e-06 3.15411e-06 3.11222e-06 3.07059e-06 3.02922e-06 2.98813e-06 2.94732e-06 2.9068e-06 2.86657e-06 2.82665e-06 2.78705e-06 2.74776e-06 2.70879e-06 2.67016e-06 2.63186e-06 2.5939e-06 2.55628e-06 2.51901e-06 2.48209e-06 2.44553e-06 2.40932e-06 2.37348e-06 2.338e-06 2.30288e-06 2.26813e-06 2.23375e-06 2.19974e-06 2.16609e-06 2.13283e-06 2.09993e-06 2.0674e-06 2.03525e-06 2.00347e-06 1.97206e-06 1.94103e-06 1.91037e-06 1.88008e-06 1.85016e-06 1.8206e-06 1.79142e-06 1.7626e-06 1.73415e-06 1.70606e-06 1.67834e-06 1.65097e-06 1.62397e-06 1.59732e-06 1.57102e-06 1.54508e-06 1.51949e-06 1.49425e-06 1.46935e-06 1.44479e-06 1.42058e-06 1.3967e-06 1.37316e-06 1.34995e-06 1.32708e-06
3.64674e-05 4.81578e-06 4.78782e-06 4.75873e-06 4.72856e-06 4.69737e-06 4.66523e-06 4.63219e-06 4.5983e-06 4.56362e-06 4.52819e-06 4.49206e-06 4.45528e-06 4.4179e-06 4.37995e-06 4.34149e-06 4.30254e-06 4.26316e-06 4.22337e-06 4.18322e-06 4.14273e-06 4.10195e-06 4.06089e-06 4.01961e-06 3.97812e-06 3.93646e-06 3.89464e-06 3.85271e-06 3.81067e-06 3.76857e-06 3.72642e-06 3.68424e-06 3.64206e-06 3.5999e-06 3.55777e-06 3.51569e-06 3.4737e-06 3.43179e-06 3.38999e-06 3.34831e-06 3.30677e-06 3.26538e-06 3.22416e-06 3.18312e-06 3.14228e-06 3.10163e-06 3.0612e-06 3.021e-06 2.98103e-06 2.94131e-06 2.90185e-06 2.86264e-06 2.82371e-06 2.78505e-06 2.74668e-06 2.7086e-06 2.67083e-06 2.63335e-06 2.59619e-06 2.55934e-06 2.5228e-06 2.4866e-06 2.45072e-06 2.41517e-06 2.37996e-06 2.34508e-06 2.31054e-06 2.27635e-06 2.2425e-06 2.209e-06 2.17585e-06 2.14305e-06 2.1106e-06 2.0785e-06 2.04676e-06 2.01536e-06 1.98433e-06 1.95364e-06 1.92331e-06 1.89334e-06 1.86371e-06 1.83444e-06 1.80553e-06 1.77696e-06 1.74874e-06 1.72088e-06 1.69336e-06 1.66619e-06 1.63936e-06 1.61288e-06 1.58674e-06 1.56094e-06 1.53548e-06 1.51036e-06 1.48557e-06 1.46111e-06 1.43699e-06 1.41319e-06 1.38972e-06 1.36657e-06 1.34374e-06
3.54189e-05 4.70396e-06 4.67956e-06 4.65395e-06 4.62721e-06 4.59938e-06 4.57053e-06 4.54071e-06 4.50998e-06 4.47839e-06 4.44599e-06 4.41283e-06 4.37896e-06 4.34442e-06 4.30925e-06 4.2735e-06 4.23722e-06 4.20043e-06 4.16318e-06 4.1255e-06 4.08744e-06 4.04902e-06 4.01028e-06 3.97124e-06 3.93195e-06 3.89243e-06 3.85271e-06 3.81281e-06 3.77276e-06 3.73259e-06 3.69233e-06 3.65198e-06 3.61159e-06 3.57116e-06 3.53073e-06 3.4903e-06 3.4499e-06 3.40955e-06 3.36926e-06 3.32905e-06 3.28894e-06 3.24893e-06 3.20906e-06 3.16932e-06 3.12974e-06 3.09033e-06 3.05109e-06 3.01204e-06 2.97319e-06 2.93455e-06 2.89612e-06 2.85793e-06 2.81998e-06 2.78227e-06 2.74482e-06 2.70762e-06 2.6707e-06 2.63405e-06 2.59768e-06 2.5616e-06 2.5258e-06 2.49031e-06 2.45512e-06 2.42023e-06 2.38565e-06 2.35138e-06 2.31744e-06 2.28381e-06 2.2505e-06 2.21752e-06 2.18486e-06 2.15253e-06 2.12054e-06 2.08887e-06 2.05754e-06 2.02655e-06 1.99589e-06 1.96556e-06 1.93557e-06 1.90592e-06 1.87661e-06 1.84763e-06 1.81899e-06 1.79068e-06 1.76271e-06 1.73508e-06 1.70778e-06 1.68081e-06 1.65418e-06 1.62787e-06 1.6019e-06 1.57625e-06 1.55094e-06 1.52594e-06 1.50127e-06 1.47692e-06 1.4529e-06 1.42919e-06 1.40579e-06 1.38272e-06 1.35995e-06
3.44005e-05 4.59459e-06 4.57358e-06 4.55131e-06 4.52784e-06 4.50322e-06 4.47752e-06 4.4508e-06 4.4231e-06 4.39449e-06 4.365e-06 4.33469e-06 4.30362e-06 4.27181e-06 4.23933e-06 4.20621e-06 4.17249e-06 4.13821e-06 4.10342e-06 4.06814e-06 4.03243e-06 3.9963e-06 3.9598e-06 3.92295e-06 3.8858e-06 3.84836e-06 3.81067e-06 3.77276e-06 3.73465e-06 3.69637e-06 3.65794e-06 3.6194e-06 3.58075e-06 3.54202e-06 3.50325e-06 3.46443e-06 3.4256e-06 3.38678e-06 3.34797e-06 3.30921e-06 3.2705e-06 3.23186e-06 3.19331e-06 3.15487e-06 3.11653e-06 3.07833e-06 3.04027e-06 3.00236e-06 2.96461e-06 2.92704e-06 2.88966e-06 2.85248e-06 2.8155e-06 2.77873e-06 2.74219e-06 2.70588e-06 2.6698e-06 2.63398e-06 2.5984e-06 2.56308e-06 2.52803e-06 2.49325e-06 2.45875e-06 2.42452e-06 2.39058e-06 2.35693e-06 2.32357e-06 2.29051e-06 2.25775e-06 2.22529e-06 2.19314e-06 2.16129e-06 2.12976e-06 2.09853e-06 2.06763e-06 2.03703e-06 2.00676e-06 1.9768e-06 1.94716e-06 1.91784e-06 1.88885e-06 1.86017e-06 1.83181e-06 1.80378e-06 1.77607e-06 1.74867e-06 1.7216e-06 1.69485e-06 1.66841e-06 1.6423e-06 1.6165e-06 1.59102e-06 1.56585e-06 1.541e-06 1.51646e-06 1.49223e-06 1.46831e-06 1.4447e-06 1.4214e-06 1.3984e-06 1.3757e-06
3.34114e-05 4.48762e-06 4.46985e-06 4.45076e-06 4.43042e-06 4.40888e-06 4.3862e-06 4.36244e-06 4.33765e-06 4.31189e-06 4.2852e-06 4.25764e-06 4.22926e-06 4.20009e-06 4.17019e-06 4.1396e-06 4.10837e-06 4.07652e-06 4.0441e-06 4.01115e-06 3.97771e-06 3.94381e-06 3.90948e-06 3.87476e-06 3.83969e-06 3.80428e-06 3.76857e-06 3.73259e-06 3.69637e-06 3.65993e-06 3.6233e-06 3.58651e-06 3.54957e-06 3.51251e-06 3.47536e-06 3.43812e-06 3.40083e-06 3.36351e-06 3.32616e-06 3.28882e-06 3.25149e-06 3.2142e-06 3.17695e-06 3.13978e-06 3.10268e-06 3.06567e-06 3.02877e-06 2.99199e-06 2.95534e-06 2.91883e-06 2.88248e-06 2.84629e-06 2.81028e-06 2.77445e-06 2.73881e-06 2.70338e-06 2.66816e-06 2.63315e-06 2.59837e-06 2.56382e-06 2.52951e-06 2.49544e-06 2.46163e-06 2.42807e-06 2.39477e-06 2.36173e-06 2.32897e-06 2.29648e-06 2.26427e-06 2.23234e-06 2.20069e-06 2.16934e-06 2.13827e-06 2.10749e-06 2.07702e-06 2.04683e-06 2.01695e-06 1.98737e-06 1.95809e-06 1.92911e-06 1.90044e-06 1.87208e-06 1.84401e-06 1.81626e-06 1.78881e-06 1.76167e-06 1.73483e-06 1.7083e-06 1.68208e-06 1.65616e-06 1.63055e-06 1.60524e-06 1.58023e-06 1.55553e-06 1.53113e-06 1.50703e-06 1.48323e-06 1.45973e-06 1.43653e-06 1.41362e-06 1.391e-06
3.24508e-05 4.383e-06 4.36832e-06 4.35227e-06 4.33491e-06 4.31631e-06 4.29653e-06 4.2756e-06 4.25361e-06 4.23059e-06 4.20659e-06 4.18167e-06 4.15588e-06 4.12926e-06 4.10185e-06 4.0737e-06 4.04486e-06 4.01536e-06 3.98524e-06 3.95455e-06 3.92331e-06 3.89156e-06 3.85935e-06 3.82669e-06 3.79363e-06 3.7602e-06 3.72642e-06 3.69233e-06 3.65794e-06 3.6233e-06 3.58843e-06 3.55335e-06 3.51808e-06 3.48265e-06 3.44708e-06 3.4114e-06 3.37562e-06 3.33977e-06 3.30386e-06 3.26791e-06 3.23194e-06 3.19597e-06 3.16001e-06 3.12408e-06 3.0882e-06 3.05237e-06 3.01662e-06 2.98096e-06 2.94539e-06 2.90994e-06 2.8746e-06 2.83941e-06 2.80435e-06 2.76946e-06 2.73472e-06 2.70016e-06 2.66578e-06 2.63159e-06 2.59761e-06 2.56382e-06 2.53025e-06 2.4969e-06 2.46377e-06 2.43088e-06 2.39822e-06 2.36581e-06 2.33365e-06 2.30173e-06 2.27008e-06 2.23868e-06 2.20755e-06 2.17668e-06 2.14609e-06 2.11577e-06 2.08573e-06 2.05596e-06 2.02648e-06 1.99728e-06 1.96837e-06 1.93974e-06 1.9114e-06 1.88335e-06 1.85559e-06 1.82813e-06 1.80095e-06 1.77407e-06 1.74748e-06 1.72118e-06 1.69518e-06 1.66947e-06 1.64405e-06 1.61892e-06 1.59409e-06 1.56955e-06 1.5453e-06 1.52134e-06 1.49766e-06 1.47428e-06 1.45119e-06 1.42837e-06 1.40585e-06
3.15177e-05 4.28069e-06 4.26895e-06 4.2558e-06 4.2413e-06 4.22551e-06 4.20849e-06 4.19029e-06 4.17096e-06 4.15057e-06 4.12916e-06 4.10678e-06 4.08348e-06 4.05931e-06 4.0343e-06 4.00851e-06 3.98198e-06 3.95475e-06 3.92685e-06 3.89834e-06 3.86923e-06 3.83958e-06 3.80941e-06 3.77876e-06 3.74766e-06 3.71614e-06 3.68424e-06 3.65198e-06 3.6194e-06 3.58651e-06 3.55335e-06 3.51994e-06 3.4863e-06 3.45247e-06 3.41846e-06 3.38429e-06 3.34999e-06 3.31558e-06 3.28108e-06 3.2465e-06 3.21187e-06 3.1772e-06 3.14251e-06 3.10781e-06 3.07313e-06 3.03847e-06 3.00385e-06 2.96929e-06 2.9348e-06 2.90038e-06 2.86606e-06 2.83185e-06 2.79774e-06 2.76377e-06 2.72993e-06 2.69624e-06 2.6627e-06 2.62933e-06 2.59613e-06 2.56311e-06 2.53028e-06 2.49764e-06 2.46521e-06 2.43298e-06 2.40097e-06 2.36918e-06 2.33762e-06 2.30628e-06 2.27518e-06 2.24433e-06 2.21371e-06 2.18335e-06 2.15323e-06 2.12337e-06 2.09377e-06 2.06443e-06 2.03536e-06 2.00655e-06 1.97801e-06 1.94974e-06 1.92174e-06 1.89402e-06 1.86657e-06 1.8394e-06 1.8125e-06 1.78589e-06 1.75955e-06 1.73349e-06 1.70772e-06 1.68222e-06 1.65701e-06 1.63208e-06 1.60742e-06 1.58305e-06 1.55896e-06 1.53514e-06 1.51161e-06 1.48835e-06 1.46538e-06 1.44267e-06 1.42025e-06
3.06115e-05 4.18064e-06 4.1717e-06 4.16132e-06 4.14954e-06 4.13643e-06 4.12206e-06 4.10646e-06 4.0897e-06 4.07183e-06 4.0529e-06 4.03296e-06 4.01206e-06 3.99024e-06 3.96755e-06 3.94404e-06 3.91974e-06 3.89469e-06 3.86895e-06 3.84254e-06 3.8155e-06 3.78787e-06 3.75969e-06 3.73098e-06 3.70179e-06 3.67214e-06 3.64206e-06 3.61159e-06 3.58075e-06 3.54957e-06 3.51808e-06 3.4863e-06 3.45426e-06 3.42199e-06 3.3895e-06 3.35682e-06 3.32398e-06 3.29098e-06 3.25786e-06 3.22463e-06 3.19131e-06 3.15791e-06 3.12447e-06 3.09099e-06 3.05749e-06 3.02398e-06 2.99048e-06 2.95701e-06 2.92358e-06 2.89019e-06 2.85687e-06 2.82363e-06 2.79047e-06 2.75742e-06 2.72447e-06 2.69164e-06 2.65894e-06 2.62638e-06 2.59397e-06 2.56171e-06 2.52962e-06 2.4977e-06 2.46595e-06 2.43439e-06 2.40303e-06 2.37186e-06 2.3409e-06 2.31015e-06 2.27961e-06 2.24929e-06 2.2192e-06 2.18934e-06 2.15971e-06 2.13031e-06 2.10116e-06 2.07225e-06 2.04359e-06 2.01518e-06 1.98701e-06 1.95911e-06 1.93146e-06 1.90407e-06 1.87694e-06 1.85007e-06 1.82347e-06 1.79713e-06 1.77105e-06 1.74525e-06 1.71971e-06 1.69444e-06 1.66943e-06 1.6447e-06 1.62024e-06 1.59604e-06 1.57212e-06 1.54846e-06 1.52507e-06 1.50195e-06 1.4791e-06 1.45652e-06 1.4342e-06
