0.373799 0.0404237 0.0243017 0.0158555 0.0108367 0.00759845 0.00540266 0.00387057 0.00278424 0.00200706 0.00144828 0.00104546 0.000754657 0.000544605 0.000392858 0.000283252 0.000204112 0.000146997 0.0001058 7.6101e-05 5.47043e-05 3.92978e-05 2.82105e-05 2.02351e-05 1.44999e-05 1.03753e-05 7.4073e-06 5.26768e-06 3.71915e-06 2.58943e-06 1.85211e-06
0.0404237 0.00747818 0.00424226 0.00252916 0.00155247 0.00097234 0.000618638 0.000398732 0.000259798 0.000170821 0.000113177 7.54648e-05 5.05897e-05 3.4068e-05 2.30304e-05 1.56202e-05 1.06242e-05 7.24391e-06 4.9496e-06 3.3882e-06 2.32305e-06 1.59488e-06 1.09611e-06 7.53839e-07 5.185e-07 3.5633e-07 2.44263e-07 1.66507e-07 1.12231e-07 7.40123e-08 5.13043e-08
0.0243017 0.00424226 0.00223905 0.00126949 0.000753938 0.00046219 0.000289973 0.000185175 0.000119909 7.85139e-05 5.1873e-05 3.45234e-05 2.31152e-05 1.55543e-05 1.05103e-05 7.12718e-06 4.84757e-06 3.3056e-06 2.25912e-06 1.54688e-06 1.06092e-06 7.28608e-07 5.009e-07 3.44563e-07 2.3701e-07 1.62845e-07 1.11554e-07 7.59425e-08 5.10902e-08 3.49291e-08 2.42243e-08
0.0158555 0.00252916 0.00126949 0.000692829 0.000400727 0.000241365 0.000149673 9.484e-05 6.1091e-05 3.9857e-05 2.62666e-05 1.74501e-05 1.16688e-05 7.84473e-06 5.29733e-06 3.59047e-06 2.44125e-06 1.66432e-06 1.13726e-06 7.78636e-07 5.33991e-07 3.66713e-07 2.52094e-07 1.73399e-07 1.19256e-07 8.19196e-08 5.6102e-08 3.8194e-08 2.62337e-08 1.79366e-08 1.24406e-08
0.0108367 0.00155247 0.000753938 0.000400727 0.000227437 0.000135246 8.31562e-05 5.23914e-05 3.36157e-05 2.18708e-05 1.4384e-05 9.54129e-06 6.37256e-06 4.28003e-06 2.8879e-06 1.95608e-06 1.32923e-06 9.0576e-07 6.18654e-07 4.23406e-07 2.90272e-07 1.99277e-07 1.3695e-07 9.41722e-08 6.47516e-08 4.44739e-08 3.04676e-08 2.09702e-08 1.4404e-08 9.84787e-09 6.82898e-09
0.00759845 0.00097234 0.00046219 0.000241365 0.000135246 7.97271e-05 4.87351e-05 3.05834e-05 1.95683e-05 1.2705e-05 8.34237e-06 5.52642e-06 3.68693e-06 2.47385e-06 1.66775e-06 1.12875e-06 7.66478e-07 5.21944e-07 3.56281e-07 2.43699e-07 1.66982e-07 1.14579e-07 7.87068e-08 5.41006e-08 3.71892e-08 2.55451e-08 1.75927e-08 1.21073e-08 8.31513e-09 5.68424e-09 3.9402e-09
0.00540266 0.000618638 0.000289973 0.000149673 8.31562e-05 4.87351e-05 2.96731e-05 1.85698e-05 1.18573e-05 7.68611e-06 5.04001e-06 3.3348e-06 2.22241e-06 1.48973e-06 1.00338e-06 6.78515e-07 4.60375e-07 3.13261e-07 2.1368e-07 1.46059e-07 1.00016e-07 6.85878e-08 4.70893e-08 3.23538e-08 2.22357e-08 1.53083e-08 1.05398e-08 7.25157e-09 4.97909e-09 3.4031e-09 2.35783e-09
0.00387057 0.000398732 0.000185175 9.484e-05 5.23914e-05 3.05834e-05 1.85698e-05 1.15977e-05 7.39358e-06 4.7861e-06 3.13457e-06 2.07171e-06 1.3792e-06 9.23585e-07 6.21481e-07 4.19886e-07 2.84652e-07 1.93534e-07 1.31911e-07 9.01012e-08 6.16555e-08 4.22548e-08 2.8994e-08 1.99127e-08 1.36956e-08 9.42494e-09 6.48664e-09 4.46141e-09 3.06239e-09 2.09265e-09 1.44915e-09
0.00278424 0.000259798 0.000119909 6.1091e-05 3.36157e-05 1.95683e-05 1.18573e-05 7.39358e-06 4.707e-06 3.04325e-06 1.99084e-06 1.31436e-06 8.741e-07 5.84762e-07 3.93112e-07 2.65354e-07 1.79735e-07 1.22101e-07 8.31572e-08 5.67581e-08 3.8812e-08 2.65823e-08 1.823e-08 1.25202e-08 8.60683e-09 5.92025e-09 4.07282e-09 2.80015e-09 1.92146e-09 1.31271e-09 9.08581e-10
0.00200706 0.000170821 7.85139e-05 3.9857e-05 2.18708e-05 1.2705e-05 7.68611e-06 4.7861e-06 3.04325e-06 1.9653e-06 1.28425e-06 8.46962e-07 5.62686e-07 3.76059e-07 2.52572e-07 1.70334e-07 1.15275e-07 7.82464e-08 5.32487e-08 3.63176e-08 2.48174e-08 1.69868e-08 1.16454e-08 7.99345e-09 5.49209e-09 3.77592e-09 2.59647e-09 1.78442e-09 1.22406e-09 8.36075e-10 5.78389e-10
0.00144828 0.000113177 5.1873e-05 2.62666e-05 1.4384e-05 8.34237e-06 5.04001e-06 3.13457e-06 1.99084e-06 1.28425e-06 8.38302e-07 5.52288e-07 3.66549e-07 2.4474e-07 1.64222e-07 1.10654e-07 7.48228e-08 5.07476e-08 3.45088e-08 2.35194e-08 1.60612e-08 1.09877e-08 7.52816e-09 5.16443e-09 3.54647e-09 2.43706e-09 1.67507e-09 1.15073e-09 7.89103e-10 5.38868e-10 3.72603e-10
0.00104546 7.54648e-05 3.45234e-05 1.74501e-05 9.54129e-06 5.52642e-06 3.3348e-06 2.07171e-06 1.31436e-06 8.46962e-07 5.52288e-07 3.6349e-07 2.41011e-07 1.60769e-07 1.07781e-07 7.25613e-08 4.90252e-08 3.3225e-08 2.25767e-08 1.53765e-08 1.04942e-08 7.17475e-09 4.91284e-09 3.36841e-09 2.31191e-09 1.58793e-09 1.09095e-09 7.4916e-10 5.13565e-10 3.50632e-10 2.42333e-10
0.000754657 5.05897e-05 2.31152e-05 1.16688e-05 6.37256e-06 3.68693e-06 2.22241e-06 1.3792e-06 8.741e-07 5.62686e-07 3.66549e-07 2.41011e-07 1.59652e-07 1.06402e-07 7.1271e-08 4.79424e-08 3.23665e-08 2.19189e-08 1.48836e-08 1.01304e-08 6.90942e-09 4.72104e-09 3.23084e-09 2.21398e-09 1.5188e-09 1.04269e-09 7.16046e-10 4.91523e-10 3.36843e-10 2.2993e-10 1.58841e-10
0.000544605 3.4068e-05 1.55543e-05 7.84473e-06 4.28003e-06 2.47385e-06 1.48973e-06 9.23585e-07 5.84762e-07 3.76059e-07 2.4474e-07 1.60769e-07 1.06402e-07 7.08514e-08 4.74193e-08 3.18728e-08 2.15016e-08 1.45508e-08 9.87394e-09 6.7163e-09 4.57802e-09 3.12624e-09 2.13826e-09 1.46451e-09 1.00417e-09 6.89069e-10 4.73006e-10 3.2457e-10 2.22362e-10 1.51754e-10 1.0479e-10
0.000392858 2.30304e-05 1.05103e-05 5.29733e-06 2.8879e-06 1.66775e-06 1.00338e-06 6.21481e-07 3.93112e-07 2.52572e-07 1.64222e-07 1.07781e-07 7.1271e-08 4.74193e-08 3.17117e-08 2.1299e-08 1.43582e-08 9.71012e-09 6.58488e-09 4.47631e-09 3.04939e-09 2.08121e-09 1.42273e-09 9.73953e-10 6.67493e-10 4.57839e-10 3.14153e-10 2.1549e-10 1.47588e-10 1.00704e-10 6.95107e-11
0.000283252 1.56202e-05 7.12718e-06 3.59047e-06 1.95608e-06 1.12875e-06 6.78515e-07 4.19886e-07 2.65354e-07 1.70334e-07 1.10654e-07 7.25613e-08 4.79424e-08 3.18728e-08 2.1299e-08 1.42952e-08 9.63026e-09 6.50849e-09 4.41098e-09 2.99676e-09 2.04033e-09 1.39178e-09 9.50955e-10 6.50676e-10 4.45735e-10 3.05604e-10 2.09613e-10 1.43732e-10 9.84136e-11 6.71386e-11 4.63238e-11
0.000204112 1.06242e-05 4.84757e-06 2.44125e-06 1.32923e-06 7.66478e-07 4.60375e-07 2.84652e-07 1.79735e-07 1.15275e-07 7.48228e-08 4.90252e-08 3.23665e-08 2.15016e-08 1.43582e-08 9.63026e-09 6.48342e-09 4.37903e-09 2.96604e-09 2.01395e-09 1.37046e-09 9.34359e-10 6.38103e-10 4.36411e-10 2.98826e-10 2.04797e-10 1.40417e-10 9.62526e-11 6.58862e-11 4.49401e-11 3.09957e-11
0.000146997 7.24391e-06 3.3056e-06 1.66432e-06 9.0576e-07 5.21944e-07 3.13261e-07 1.93534e-07 1.22101e-07 7.82464e-08 5.07476e-08 3.3225e-08 2.19189e-08 1.45508e-08 9.71012e-09 6.50849e-09 4.37903e-09 2.95593e-09 2.00101e-09 1.35796e-09 9.23595e-10 6.29387e-10 4.29628e-10 2.93701e-10 2.01023e-10 1.37715e-10 9.43891e-11 6.46807e-11 4.42631e-11 3.01861e-11 2.08122e-11
0.0001058 4.9496e-06 2.25912e-06 1.13726e-06 6.18654e-07 3.56281e-07 2.1368e-07 1.31911e-07 8.31572e-08 5.32487e-08 3.45088e-08 2.25767e-08 1.48836e-08 9.87394e-09 6.58488e-09 4.41098e-09 2.96604e-09 2.00101e-09 1.35385e-09 9.18301e-10 6.24261e-10 4.25206e-10 2.90122e-10 1.98248e-10 1.35636e-10 9.28854e-11 6.3641e-11 4.35969e-11 2.98272e-11 2.03379e-11 1.40174e-11
7.6101e-05 3.3882e-06 1.54688e-06 7.78636e-07 4.23406e-07 2.43699e-07 1.46059e-07 9.01012e-08 5.67581e-08 3.63176e-08 2.35194e-08 1.53765e-08 1.01304e-08 6.7163e-09 4.47631e-09 2.99676e-09 2.01395e-09 1.35796e-09 9.18301e-10 6.22569e-10 4.23024e-10 2.88008e-10 1.96426e-10 1.34169e-10 9.17595e-11 6.28153e-11 4.30239e-11 2.94646e-11 2.01535e-11 1.37396e-11 9.46651e-12
5.47043e-05 2.32305e-06 1.06092e-06 5.33991e-07 2.90272e-07 1.66982e-07 1.00016e-07 6.16555e-08 3.8812e-08 2.48174e-08 1.60612e-08 1.04942e-08 6.90942e-09 4.57802e-09 3.04939e-09 2.04033e-09 1.37046e-09 9.23595e-10 6.24261e-10 4.23024e-10 2.87309e-10 1.95524e-10 1.33296e-10 9.10125e-11 6.22214e-11 4.25797e-11 2.91547e-11 1.99606e-11 1.36497e-11 9.30422e-12 6.40849e-12
3.92978e-05 1.59488e-06 7.28608e-07 3.66713e-07 1.99277e-07 1.14579e-07 6.85878e-08 4.22548e-08 2.65823e-08 1.69868e-08 1.09877e-08 7.17475e-09 4.72104e-09 3.12624e-09 2.08121e-09 1.39178e-09 9.34359e-10 6.29387e-10 4.25206e-10 2.88008e-10 1.95524e-10 1.33007e-10 9.06405e-11 6.18646e-11 4.22792e-11 2.89231e-11 1.97978e-11 1.35507e-11 9.26428e-12 6.31401e-12 4.34757e-12
2.82105e-05 1.09611e-06 5.009e-07 2.52094e-07 1.3695e-07 7.87068e-08 4.70893e-08 2.8994e-08 1.823e-08 1.16454e-08 7.52816e-09 4.91284e-09 3.23084e-09 2.13826e-09 1.42273e-09 9.50955e-10 6.38103e-10 4.29628e-10 2.90122e-10 1.96426e-10 1.33296e-10 9.06405e-11 6.17457e-11 4.2128e-11 2.87811e-11 1.96828e-11 1.34688e-11 9.21636e-12 6.29962e-12 4.29286e-12 2.95501e-12
2.02351e-05 7.53839e-07 3.44563e-07 1.73399e-07 9.41722e-08 5.41006e-08 3.23538e-08 1.99127e-08 1.25202e-08 7.99345e-09 5.16443e-09 3.36841e-09 2.21398e-09 1.46451e-09 9.73953e-10 6.50676e-10 4.36411e-10 2.93701e-10 1.98248e-10 1.34169e-10 9.10125e-11 6.18646e-11 4.2128e-11 2.87333e-11 1.96237e-11 1.34161e-11 9.17795e-12 6.27865e-12 4.29072e-12 2.9235e-12 2.01183e-12
1.44999e-05 5.185e-07 2.3701e-07 1.19256e-07 6.47516e-08 3.71892e-08 2.22357e-08 1.36956e-08 8.60683e-09 5.49209e-09 3.54647e-09 2.31191e-09 1.5188e-09 1.00417e-09 6.67493e-10 4.45735e-10 2.98826e-10 2.01023e-10 1.35636e-10 9.17595e-11 6.22214e-11 4.22792e-11 2.87811e-11 1.96237e-11 1.3398e-11 9.15713e-12 6.26269e-12 4.28328e-12 2.92653e-12 1.99375e-12 1.37164e-12
1.03753e-05 3.5633e-07 1.62845e-07 8.19196e-08 4.44739e-08 2.55451e-08 1.53083e-08 9.42494e-09 5.92025e-09 3.77592e-09 2.43706e-09 1.58793e-09 1.04269e-09 6.89069e-10 4.57839e-10 3.05604e-10 2.04797e-10 1.37715e-10 9.28854e-11 6.28153e-11 4.25797e-11 2.89231e-11 1.96828e-11 1.34161e-11 9.15713e-12 6.25688e-12 4.27807e-12 2.92526e-12 1.99829e-12 1.3612e-12 9.3623e-13
7.4073e-06 2.44263e-07 1.11554e-07 5.6102e-08 3.04676e-08 1.75927e-08 1.05398e-08 6.48664e-09 4.07282e-09 2.59647e-09 1.67507e-09 1.09095e-09 7.16046e-10 4.73006e-10 3.14153e-10 2.09613e-10 1.40417e-10 9.43891e-11 6.3641e-11 4.30239e-11 2.91547e-11 1.97978e-11 1.34688e-11 9.17795e-12 6.26269e-12 4.27807e-12 2.92439e-12 1.99921e-12 1.36546e-12 9.3002e-13 6.39511e-13
5.26768e-06 1.66507e-07 7.59425e-08 3.8194e-08 2.09702e-08 1.21073e-08 7.25157e-09 4.46141e-09 2.80015e-09 1.78442e-09 1.15073e-09 7.4916e-10 4.91523e-10 3.2457e-10 2.1549e-10 1.43732e-10 9.62526e-11 6.46807e-11 4.35969e-11 2.94646e-11 1.99606e-11 1.35507e-11 9.21636e-12 6.27865e-12 4.28328e-12 2.92526e-12 1.99921e-12 1.36647e-12 9.33148e-13 6.35507e-13 4.36901e-13
3.71915e-06 1.12231e-07 5.10902e-08 2.62337e-08 1.4404e-08 8.31513e-09 4.97909e-09 3.06239e-09 1.92146e-09 1.22406e-09 7.89103e-10 5.13565e-10 3.36843e-10 2.22362e-10 1.47588e-10 9.84136e-11 6.58862e-11 4.42631e-11 2.98272e-11 2.01535e-11 1.36497e-11 9.26428e-12 6.29962e-12 4.29072e-12 2.92653e-12 1.99829e-12 1.36546e-12 9.33148e-13 6.37156e-13 4.3389e-13 2.98239e-13
2.58943e-06 7.40123e-08 3.49291e-08 1.79366e-08 9.84787e-09 5.68424e-09 3.4031e-09 2.09265e-09 1.31271e-09 8.36075e-10 5.38868e-10 3.50632e-10 2.2993e-10 1.51754e-10 1.00704e-10 6.71386e-11 4.49401e-11 3.01861e-11 2.03379e-11 1.37396e-11 9.30422e-12 6.31401e-12 4.29286e-12 2.9235e-12 1.99375e-12 1.3612e-12 9.3002e-13 6.35507e-13 4.3389e-13 2.95454e-13 2.0306e-13
1.85211e-06 5.13043e-08 2.42243e-08 1.24406e-08 6.82898e-09 3.9402e-09 2.35783e-09 1.44915e-09 9.08581e-10 5.78389e-10 3.72603e-10 2.42333e-10 1.58841e-10 1.0479e-10 6.95107e-11 4.63238e-11 3.09957e-11 2.08122e-11 1.40174e-11 9.46651e-12 6.40849e-12 4.34757e-12 2.95501e-12 2.01183e-12 1.37164e-12 9.3623e-13 6.39511e-13 4.36901e-13 2.98239e-13 2.0306e-13 1.39527e-13
