0.374432 0.0435284 0.0257876 0.016595 0.011171 0.00769752 0.00536642 0.00376208 0.00264365 0.00185908 0.0013072 0.000918649 0.000645092 0.000452598 0.000317251 0.000222172 0.000155444 0.000108659 7.58894e-05 5.29573e-05 3.69243e-05 2.57245e-05 1.79072e-05 1.24545e-05 8.65341e-06 6.00425e-06 4.15741e-06 2.86814e-06 1.96488e-06 1.32703e-06 9.19572e-07
0.0435284 0.00840526 0.00470969 0.00276143 0.00166004 0.00101509 0.000629213 0.000394542 0.000249845 0.000159548 0.000102611 6.63892e-05 4.31712e-05 2.81934e-05 1.84791e-05 1.21497e-05 8.00975e-06 5.29273e-06 3.50443e-06 2.32446e-06 1.54416e-06 1.02714e-06 6.8396e-07 4.55782e-07 3.03807e-07 2.02385e-07 1.34526e-07 8.89482e-08 5.81483e-08 3.7134e-08 2.49236e-08
0.0257876 0.00470969 0.00243857 0.00135463 0.000786332 0.000470132 0.000287185 0.000178347 0.000112211 7.13433e-05 4.57469e-05 2.95383e-05 1.9182e-05 1.2516e-05 8.19913e-06 5.38928e-06 3.55254e-06 2.34756e-06 1.55459e-06 1.03136e-06 6.85315e-07 4.5598e-07 3.03709e-07 2.02424e-07 1.34929e-07 8.98566e-08 5.96737e-08 3.93821e-08 2.56648e-08 1.69974e-08 1.14135e-08
0.016595 0.00276143 0.00135463 0.000722434 0.000407746 0.000239274 0.000144368 8.89163e-05 5.56291e-05 3.52304e-05 2.25278e-05 1.45168e-05 9.41322e-06 6.1353e-06 4.01589e-06 2.63803e-06 1.73815e-06 1.14819e-06 7.60151e-07 5.04209e-07 3.34985e-07 2.22857e-07 1.48416e-07 9.89031e-08 6.59073e-08 4.3871e-08 2.91144e-08 1.92004e-08 1.27768e-08 8.46235e-09 5.68264e-09
0.011171 0.00166004 0.000786332 0.000407746 0.000225557 0.000130568 7.80619e-05 4.77812e-05 2.97649e-05 1.87921e-05 1.19887e-05 7.71176e-06 4.99356e-06 3.25094e-06 2.12589e-06 1.39536e-06 9.18733e-07 6.06527e-07 4.0133e-07 2.66073e-07 1.76694e-07 1.17501e-07 7.82207e-08 5.21041e-08 3.47064e-08 2.30929e-08 1.53233e-08 1.02168e-08 6.79872e-09 4.50263e-09 3.02286e-09
0.00769752 0.00101509 0.000470132 0.000239274 0.000130568 7.48764e-05 4.44821e-05 2.7108e-05 1.68336e-05 1.06027e-05 6.75151e-06 4.33623e-06 2.80414e-06 1.82348e-06 1.19121e-06 7.81151e-07 5.13896e-07 3.39002e-07 2.24152e-07 1.48509e-07 9.85607e-08 6.55039e-08 4.35814e-08 2.9015e-08 1.93182e-08 1.28516e-08 8.5726e-09 5.71486e-09 3.80228e-09 2.51776e-09 1.6896e-09
0.00536642 0.000629213 0.000287185 0.000144368 7.80619e-05 4.44821e-05 2.631e-05 1.59836e-05 9.90221e-06 6.22525e-06 3.95782e-06 2.53844e-06 1.63952e-06 1.06494e-06 6.94963e-07 4.55286e-07 2.99246e-07 1.97235e-07 1.30309e-07 8.62693e-08 5.72131e-08 3.79983e-08 2.52653e-08 1.68115e-08 1.1189e-08 7.46015e-09 4.97468e-09 3.31533e-09 2.20519e-09 1.45991e-09 9.7921e-10
0.00376208 0.000394542 0.000178347 8.89163e-05 4.77812e-05 2.7108e-05 1.59836e-05 9.68755e-06 5.99047e-06 3.76008e-06 2.38719e-06 1.52911e-06 9.86439e-07 6.40022e-07 4.17227e-07 2.73064e-07 1.79309e-07 1.18078e-07 7.79464e-08 5.15621e-08 3.41697e-08 2.26779e-08 1.5069e-08 1.00217e-08 6.67473e-09 4.4483e-09 2.96505e-09 1.97528e-09 1.31341e-09 8.69318e-10 5.82771e-10
0.00264365 0.000249845 0.000112211 5.56291e-05 2.97649e-05 1.68336e-05 9.90221e-06 5.99047e-06 3.69846e-06 2.31815e-06 1.46982e-06 9.40341e-07 6.05917e-07 3.92699e-07 2.55732e-07 1.67204e-07 1.09692e-07 7.217e-08 4.76008e-08 3.1463e-08 2.08345e-08 1.38178e-08 9.17598e-09 6.10231e-09 4.06212e-09 2.7058e-09 1.80273e-09 1.20046e-09 7.97931e-10 5.28003e-10 3.53772e-10
0.00185908 0.000159548 7.13433e-05 3.52304e-05 1.87921e-05 1.06027e-05 6.22525e-06 3.76008e-06 2.31815e-06 1.45109e-06 9.18921e-07 5.87201e-07 3.77942e-07 2.44685e-07 1.5918e-07 1.03975e-07 6.81483e-08 4.47977e-08 2.95224e-08 1.94983e-08 1.2902e-08 8.55106e-09 5.6763e-09 3.77266e-09 2.50994e-09 1.67101e-09 1.11277e-09 7.40688e-10 4.9215e-10 3.25583e-10 2.18033e-10
0.0013072 0.000102611 4.57469e-05 2.25278e-05 1.19887e-05 6.75151e-06 3.95782e-06 2.38719e-06 1.46982e-06 9.18921e-07 5.81227e-07 3.70989e-07 2.38521e-07 1.54261e-07 1.00255e-07 6.5424e-08 4.28426e-08 2.81389e-08 1.85291e-08 1.22283e-08 8.08574e-09 5.35602e-09 3.55314e-09 2.36013e-09 1.56931e-09 1.04423e-09 6.95053e-10 4.62445e-10 3.07161e-10 2.03154e-10 1.35978e-10
0.000918649 6.63892e-05 2.95383e-05 1.45168e-05 7.71176e-06 4.33623e-06 2.53844e-06 1.52911e-06 9.40341e-07 5.87201e-07 3.70989e-07 2.36538e-07 1.51919e-07 9.81537e-08 6.373e-08 4.15508e-08 2.71859e-08 1.78411e-08 1.1739e-08 7.74155e-09 5.1157e-09 3.38644e-09 2.24515e-09 1.49044e-09 9.90486e-10 6.58744e-10 4.38261e-10 2.9147e-10 1.9353e-10 1.27969e-10 8.56131e-11
0.000645092 4.31712e-05 1.9182e-05 9.41322e-06 4.99356e-06 2.80414e-06 1.63952e-06 9.86439e-07 6.05917e-07 3.77942e-07 2.38521e-07 1.51919e-07 9.74734e-08 6.29166e-08 4.08137e-08 2.65867e-08 1.73809e-08 1.13975e-08 7.49373e-09 4.93859e-09 3.2613e-09 2.15752e-09 1.42954e-09 9.48466e-10 6.29977e-10 4.18772e-10 2.78481e-10 1.85131e-10 1.22881e-10 8.12353e-11 5.43226e-11
0.000452598 2.81934e-05 1.2516e-05 6.1353e-06 3.25094e-06 1.82348e-06 1.06494e-06 6.40022e-07 3.92699e-07 2.44685e-07 1.54261e-07 9.81537e-08 6.29166e-08 4.0574e-08 2.62972e-08 1.71163e-08 1.11809e-08 7.32637e-09 4.81369e-09 3.17023e-09 2.09219e-09 1.38326e-09 9.16e-10 6.07413e-10 4.03241e-10 2.67923e-10 1.78089e-10 1.18345e-10 7.8526e-11 5.19012e-11 3.46914e-11
0.000317251 1.84791e-05 8.19913e-06 4.01589e-06 2.12589e-06 1.19121e-06 6.94963e-07 4.17227e-07 2.55732e-07 1.5918e-07 1.00255e-07 6.373e-08 4.08137e-08 2.62972e-08 1.70299e-08 1.10757e-08 7.22955e-09 4.73392e-09 3.10826e-09 2.04574e-09 1.34926e-09 8.91551e-10 5.90065e-10 3.91076e-10 2.59495e-10 1.72335e-10 1.14503e-10 7.60614e-11 5.04535e-11 3.33399e-11 2.22754e-11
0.000222172 1.21497e-05 5.38928e-06 2.63803e-06 1.39536e-06 7.81151e-07 4.55286e-07 2.73064e-07 1.67204e-07 1.03975e-07 6.5424e-08 4.15508e-08 2.65867e-08 1.71163e-08 1.10757e-08 7.19786e-09 4.69503e-09 3.07223e-09 2.01591e-09 1.32598e-09 8.7404e-10 5.77218e-10 3.81825e-10 2.52935e-10 1.67754e-10 1.11359e-10 7.39589e-11 4.9111e-11 3.25667e-11 2.15159e-11 1.43696e-11
0.000155444 8.00975e-06 3.55254e-06 1.73815e-06 9.18733e-07 5.13896e-07 2.99246e-07 1.79309e-07 1.09692e-07 6.81483e-08 4.28426e-08 2.71859e-08 1.73809e-08 1.11809e-08 7.22955e-09 4.69503e-09 3.06041e-09 2.00132e-09 1.3124e-09 8.62739e-10 5.6837e-10 3.75154e-10 2.48036e-10 1.6423e-10 1.08872e-10 7.22415e-11 4.79603e-11 3.18359e-11 2.1105e-11 1.39407e-11 9.3069e-12
0.000108659 5.29273e-06 2.34756e-06 1.14819e-06 6.06527e-07 3.39002e-07 1.97235e-07 1.18078e-07 7.217e-08 4.47977e-08 2.81389e-08 1.78411e-08 1.13975e-08 7.32637e-09 4.73392e-09 3.07223e-09 2.00132e-09 1.30793e-09 8.57197e-10 5.63187e-10 3.70829e-10 2.44643e-10 1.6167e-10 1.06996e-10 7.08995e-11 4.70257e-11 3.1208e-11 2.07088e-11 1.37246e-11 9.06398e-12 6.04892e-12
7.58894e-05 3.50443e-06 1.55459e-06 7.60151e-07 4.0133e-07 2.24152e-07 1.30309e-07 7.79464e-08 4.76008e-08 2.95224e-08 1.85291e-08 1.1739e-08 7.49373e-09 4.81369e-09 3.10826e-09 2.01591e-09 1.3124e-09 8.57197e-10 5.6148e-10 3.68702e-10 2.42648e-10 1.60002e-10 1.05687e-10 6.99145e-11 4.63088e-11 3.07033e-11 2.03685e-11 1.35116e-11 8.95226e-12 5.91117e-12 3.94347e-12
5.29573e-05 2.32446e-06 1.03136e-06 5.04209e-07 2.66073e-07 1.48509e-07 8.62693e-08 5.15621e-08 3.1463e-08 1.94983e-08 1.22283e-08 7.74155e-09 4.93859e-09 3.17023e-09 2.04574e-09 1.32598e-09 8.62739e-10 5.63187e-10 3.68702e-10 2.41989e-10 1.59179e-10 1.04914e-10 6.92687e-11 4.58038e-11 3.03266e-11 2.00993e-11 1.33292e-11 8.83925e-12 5.85503e-12 3.8654e-12 2.57781e-12
3.69243e-05 1.54416e-06 6.85315e-07 3.34985e-07 1.76694e-07 9.85607e-08 5.72131e-08 3.41697e-08 2.08345e-08 1.2902e-08 8.08574e-09 5.1157e-09 3.2613e-09 2.09219e-09 1.34926e-09 8.7404e-10 5.6837e-10 3.70829e-10 2.42648e-10 1.59179e-10 1.04658e-10 6.89492e-11 4.55039e-11 3.00772e-11 1.99065e-11 1.31885e-11 8.74322e-12 5.79632e-12 3.83845e-12 2.53367e-12 1.68913e-12
2.57245e-05 1.02714e-06 4.5598e-07 2.22857e-07 1.17501e-07 6.55039e-08 3.79983e-08 2.26779e-08 1.38178e-08 8.55106e-09 5.35602e-09 3.38644e-09 2.15752e-09 1.38326e-09 8.91551e-10 5.77218e-10 3.75154e-10 2.44643e-10 1.60002e-10 1.04914e-10 6.89492e-11 4.54046e-11 2.99532e-11 1.97908e-11 1.30936e-11 8.67184e-12 5.74708e-12 3.80892e-12 2.52174e-12 1.66427e-12 1.10918e-12
1.79072e-05 6.8396e-07 3.03709e-07 1.48416e-07 7.82207e-08 4.35814e-08 2.52653e-08 1.5069e-08 9.17598e-09 5.6763e-09 3.55314e-09 2.24515e-09 1.42954e-09 9.16e-10 5.90065e-10 3.81825e-10 2.48036e-10 1.6167e-10 1.05687e-10 6.92687e-11 4.55039e-11 2.99532e-11 1.97524e-11 1.3046e-11 8.62823e-12 5.71252e-12 3.78468e-12 2.50762e-12 1.65982e-12 1.09526e-12 7.29728e-13
1.24545e-05 4.55782e-07 2.02424e-07 9.89031e-08 5.21041e-08 2.9015e-08 1.68115e-08 1.00217e-08 6.10231e-09 3.77266e-09 2.36013e-09 1.49044e-09 9.48466e-10 6.07413e-10 3.91076e-10 2.52935e-10 1.6423e-10 1.06996e-10 6.99145e-11 4.58038e-11 3.00772e-11 1.97908e-11 1.3046e-11 8.61359e-12 5.69483e-12 3.76919e-12 2.49644e-12 1.65363e-12 1.09431e-12 7.21988e-13 4.80893e-13
8.65341e-06 3.03807e-07 1.34929e-07 6.59073e-08 3.47064e-08 1.93182e-08 1.1189e-08 6.67473e-09 4.06212e-09 2.50994e-09 1.56931e-09 9.90486e-10 6.29977e-10 4.03241e-10 2.59495e-10 1.67754e-10 1.08872e-10 7.08995e-11 4.63088e-11 3.03266e-11 1.99065e-11 1.30936e-11 8.62823e-12 5.69483e-12 3.76389e-12 2.49042e-12 1.649e-12 1.09201e-12 7.22496e-13 4.76612e-13 3.17368e-13
6.00425e-06 2.02385e-07 8.98566e-08 4.3871e-08 2.30929e-08 1.28516e-08 7.46015e-09 4.4483e-09 2.7058e-09 1.67101e-09 1.04423e-09 6.58744e-10 4.18772e-10 2.67923e-10 1.72335e-10 1.11359e-10 7.22415e-11 4.70257e-11 3.07033e-11 2.00993e-11 1.31885e-11 8.67184e-12 5.71252e-12 3.76919e-12 2.49042e-12 1.64733e-12 1.09047e-12 7.21962e-13 4.77567e-13 3.14997e-13 2.09695e-13
4.15741e-06 1.34526e-07 5.96737e-08 2.91144e-08 1.53233e-08 8.5726e-09 4.97468e-09 2.96505e-09 1.80273e-09 1.11277e-09 6.95053e-10 4.38261e-10 2.78481e-10 1.78089e-10 1.14503e-10 7.39589e-11 4.79603e-11 3.1208e-11 2.03685e-11 1.33292e-11 8.74322e-12 5.74708e-12 3.78468e-12 2.49644e-12 1.649e-12 1.09047e-12 7.21669e-13 4.77683e-13 3.1592e-13 2.08351e-13 1.38666e-13
2.86814e-06 8.89482e-08 3.93821e-08 1.92004e-08 1.02168e-08 5.71486e-09 3.31533e-09 1.97528e-09 1.20046e-09 7.40688e-10 4.62445e-10 2.9147e-10 1.85131e-10 1.18345e-10 7.60614e-11 4.9111e-11 3.18359e-11 2.07088e-11 1.35116e-11 8.83925e-12 5.79632e-12 3.80892e-12 2.50762e-12 1.65363e-12 1.09201e-12 7.21962e-13 4.77683e-13 3.16121e-13 2.09034e-13 1.37843e-13 9.17197e-14
1.96488e-06 5.81483e-08 2.56648e-08 1.27768e-08 6.79872e-09 3.80228e-09 2.20519e-09 1.31341e-09 7.97931e-10 4.9215e-10 3.07161e-10 1.9353e-10 1.22881e-10 7.8526e-11 5.04535e-11 3.25667e-11 2.1105e-11 1.37246e-11 8.95226e-12 5.85503e-12 3.83845e-12 2.52174e-12 1.65982e-12 1.09431e-12 7.22496e-13 4.77567e-13 3.1592e-13 2.09034e-13 1.38203e-13 9.11265e-14 6.06236e-14
1.32703e-06 3.7134e-08 1.69974e-08 8.46235e-09 4.50263e-09 2.51776e-09 1.45991e-09 8.69318e-10 5.28003e-10 3.25583e-10 2.03154e-10 1.27969e-10 8.12353e-11 5.19012e-11 3.33399e-11 2.15159e-11 1.39407e-11 9.06398e-12 5.91117e-12 3.8654e-12 2.53367e-12 1.66427e-12 1.09526e-12 7.21988e-13 4.76612e-13 3.14997e-13 2.08351e-13 1.37843e-13 9.11265e-14 6.0082e-14 3.99657e-14
9.19572e-07 2.49236e-08 1.14135e-08 5.68264e-09 3.02286e-09 1.6896e-09 9.7921e-10 5.82771e-10 3.53772e-10 2.18033e-10 1.35978e-10 8.56131e-11 5.43226e-11 3.46914e-11 2.22754e-11 1.43696e-11 9.3069e-12 6.04892e-12 3.94347e-12 2.57781e-12 1.68913e-12 1.10918e-12 7.29728e-13 4.80893e-13 3.17368e-13 2.09695e-13 1.38666e-13 9.17197e-14 6.06236e-14 3.99657e-14 2.65782e-14
