0.431957 0.106701 0.0449667 0.0189502 0.00798617 0.0033656 0.00141836 0.000597738 0.000251904 0.000106159 4.47386e-05 1.88541e-05 7.94567e-06 3.34853e-06 1.41117e-06 5.94706e-07 2.50626e-07 1.05621e-07 4.45117e-08 1.87585e-08 7.90537e-09 3.33155e-09 1.40401e-09 5.9169e-10 2.49355e-10 1.05085e-10 4.4286e-11 1.86634e-11 7.86528e-12 3.31465e-12 1.39689e-12 5.88689e-13 2.4809e-13 1.04552e-13 4.40614e-14 1.85687e-14 7.82539e-15 3.29784e-15 1.3898e-15 5.85704e-16 2.46832e-16 1.04022e-16 4.38379e-17 1.84745e-17 7.7857e-18 3.28112e-18 1.38276e-18 5.82733e-19 2.4558e-19 1.03495e-19 4.36156e-20 1.83808e-20 7.74621e-21 3.26448e-21 1.37574e-21 5.79778e-22 2.44335e-22 1.0297e-22 4.33944e-23 1.82876e-23 7.70693e-24 3.24792e-24 1.36877e-24 5.76837e-25 2.43096e-25 1.02447e-25 4.31743e-26 1.81949e-26 7.66784e-27 3.23145e-27 1.36182e-27 5.73912e-28 2.41863e-28 1.01928e-28 4.29553e-29 1.81026e-29 7.62895e-30 3.21506e-30 1.35492e-30 5.71001e-31 2.40636e-31 1.01411e-31 4.27375e-32 1.80108e-32 7.59026e-33 3.19875e-33 1.34805e-33 5.68105e-34 2.39416e-34 1.00897e-34 4.25207e-35 1.79194e-35 7.55177e-36 3.18253e-36 1.34121e-36 5.65224e-37 2.38201e-37 1.00385e-37 4.23051e-38 1.78286e-38 7.51347e-39
0.106701 0.0462415 0.0233269 0.0114487 0.0055067 0.00260805 0.00122021 0.000565269 0.000259729 0.000118522 5.37684e-05 2.42694e-05 1.09062e-05 4.88211e-06 2.17795e-06 9.6863e-07 4.29608e-07 1.90067e-07 8.39004e-08 3.69597e-08 1.62509e-08 7.13304e-09 3.12595e-09 1.36788e-09 5.97757e-10 2.60884e-10 1.13725e-10 4.95207e-11 2.1541e-11 9.36101e-12 4.06427e-12 1.76306e-12 7.64189e-13 3.30978e-13 1.43246e-13 6.19533e-14 2.67771e-14 1.15662e-14 4.993e-15 2.1542e-15 9.28917e-16 4.00354e-16 1.72464e-16 7.42586e-17 3.19595e-17 1.37488e-17 5.9122e-18 2.54132e-18 1.09196e-18 4.69018e-19 2.01382e-19 8.64374e-20 3.70886e-20 1.59089e-20 6.82195e-21 2.92447e-21 1.25332e-21 5.36975e-22 2.30002e-22 9.84908e-23 4.21649e-23 1.80468e-23 7.72231e-24 3.30366e-24 1.41301e-24 6.04231e-25 2.58327e-25 1.1042e-25 4.71887e-26 2.01626e-26 8.61337e-27 3.67892e-27 1.57106e-27 6.70791e-28 2.86358e-28 1.22225e-28 5.21606e-29 2.22565e-29 9.4952e-30 4.0503e-30 1.72746e-30 7.3666e-31 3.14099e-31 1.33908e-31 5.70807e-32 2.43286e-32 1.03679e-32 4.41782e-33 1.88224e-33 8.01843e-34 3.4155e-34 1.45469e-34 6.19496e-35 2.63791e-35 1.12314e-35 4.7815e-36 2.0354e-36 8.66347e-37 3.68715e-37 1.5691e-37 6.67677e-38
0.0449667 0.0233269 0.0131126 0.0070473 0.00366926 0.00186559 0.000931095 0.000457806 0.000222337 0.000106865 5.09106e-05 2.40684e-05 1.13023e-05 5.27605e-06 2.44993e-06 1.13224e-06 5.21031e-07 2.38837e-07 1.09094e-07 4.96692e-08 2.25464e-08 1.02063e-08 4.60843e-09 2.0759e-09 9.33036e-10 4.18499e-10 1.87348e-10 8.37177e-11 3.7346e-11 1.66331e-11 7.39675e-12 3.28463e-12 1.4566e-12 6.45115e-13 2.85365e-13 1.26084e-13 5.56461e-14 2.45331e-14 1.08051e-14 4.75433e-15 2.09001e-15 9.17958e-16 4.02837e-16 1.76638e-16 7.73924e-17 3.38834e-17 1.48239e-17 6.48094e-18 2.83153e-18 1.23631e-18 5.39461e-19 2.35252e-19 1.02531e-19 4.46615e-20 1.94436e-20 8.46042e-21 3.67949e-21 1.59944e-21 6.94935e-22 3.018e-22 1.31008e-22 5.68448e-23 2.46547e-23 1.06888e-23 4.63219e-24 2.00667e-24 8.68964e-25 3.76156e-25 1.62772e-25 7.04111e-26 3.04478e-26 1.31622e-26 5.68799e-27 2.45728e-27 1.06125e-27 4.58197e-28 1.9777e-28 8.53385e-29 3.68137e-29 1.58766e-29 6.84524e-30 2.95059e-30 1.27151e-30 5.478e-31 2.3595e-31 1.01605e-31 4.37433e-32 1.88282e-32 8.10231e-33 3.4859e-33 1.49944e-33 6.44843e-34 2.77261e-34 1.1919e-34 5.12274e-35 2.20132e-35 9.4576e-36 4.06255e-36 1.74477e-36 7.49206e-37 3.21653e-37
0.0189502 0.0114487 0.0070473 0.00408288 0.00226894 0.00122277 0.000643499 0.000332261 0.00016889 8.47238e-05 4.20261e-05 2.06442e-05 1.00546e-05 4.86017e-06 2.3335e-06 1.11361e-06 5.28536e-07 2.49605e-07 1.17342e-07 5.49336e-08 2.56182e-08 1.19045e-08 5.51361e-09 2.5458e-09 1.17209e-09 5.38185e-10 2.46493e-10 1.12628e-10 5.13475e-11 2.336e-11 1.06062e-11 4.80649e-12 2.17428e-12 9.81892e-13 4.42698e-13 1.99288e-13 8.95806e-14 4.02102e-14 1.8025e-14 8.06965e-15 3.60827e-15 1.6115e-15 7.18897e-16 3.20355e-16 1.42607e-16 6.34178e-17 2.81748e-17 1.25056e-17 5.54567e-18 2.45712e-18 1.08776e-18 4.81157e-19 2.12667e-19 9.39252e-20 4.1452e-20 1.82809e-20 8.05659e-21 3.54824e-21 1.56169e-21 6.8691e-22 3.01954e-22 1.32655e-22 5.82444e-23 2.55589e-23 1.12096e-23 4.91372e-24 2.15281e-24 9.42716e-25 4.12614e-25 1.80509e-25 7.89316e-26 3.4499e-26 1.50719e-26 6.58178e-27 2.873e-27 1.25357e-27 5.46745e-28 2.3837e-28 1.03885e-28 4.52574e-29 1.97091e-29 8.58003e-30 3.73386e-30 1.62434e-30 7.06403e-31 3.07103e-31 1.33467e-31 5.79868e-32 2.51854e-32 1.09355e-32 4.74676e-33 2.05983e-33 8.93594e-34 3.8755e-34 1.68034e-34 7.28365e-35 3.15636e-35 1.36745e-35 5.9228e-36 2.56468e-36 1.11028e-36
0.00798617 0.0055067 0.00366926 0.00226894 0.00133418 0.00075625 0.000416727 0.000224513 0.000118737 6.18262e-05 3.17678e-05 1.61363e-05 8.11399e-06 4.04376e-06 1.99927e-06 9.81386e-07 4.78617e-07 2.32043e-07 1.11892e-07 5.36873e-08 2.5642e-08 1.21951e-08 5.77707e-09 2.72666e-09 1.28251e-09 6.01305e-10 2.81069e-10 1.31007e-10 6.08992e-11 2.82375e-11 1.30616e-11 6.0281e-12 2.77603e-12 1.27578e-12 5.8516e-13 2.67894e-13 1.22427e-13 5.58538e-14 2.54401e-14 1.15693e-14 5.25344e-15 2.38208e-15 1.07862e-15 4.8776e-16 2.20286e-16 9.93653e-17 4.47679e-17 2.01466e-17 9.05643e-18 4.06677e-18 1.82429e-18 8.17535e-19 3.66015e-19 1.63715e-19 7.31614e-20 3.26661e-20 1.45728e-20 6.49575e-21 2.89313e-21 1.28757e-21 5.72591e-22 2.54448e-22 1.12991e-22 5.01405e-23 2.22351e-23 9.85379e-24 4.36405e-24 1.93154e-24 8.54388e-25 3.77701e-25 1.66875e-25 7.36865e-26 3.25196e-26 1.4344e-26 6.32362e-27 2.78637e-27 1.22714e-27 5.4018e-28 2.3767e-28 1.04521e-28 4.5945e-29 2.01872e-29 8.86594e-30 3.89212e-30 1.70791e-30 7.49145e-31 3.28466e-31 1.43961e-31 6.30711e-32 2.76218e-32 1.20923e-32 5.2919e-33 2.31503e-33 1.0124e-33 4.42583e-34 1.93416e-34 8.44977e-35 3.69026e-35 1.61113e-35 7.0318e-36 3.0681e-36
0.0033656 0.00260805 0.00186559 0.00122277 0.00075625 0.000448465 0.000257517 0.000144125 7.89823e-05 4.25253e-05 2.25535e-05 1.18061e-05 6.10968e-06 3.12985e-06 1.58889e-06 8.00053e-07 3.99885e-07 1.98531e-07 9.79597e-08 4.80624e-08 2.3458e-08 1.13939e-08 5.50926e-09 2.65271e-09 1.27227e-09 6.0795e-10 2.89502e-10 1.3741e-10 6.50201e-11 3.06769e-11 1.44337e-11 6.77343e-12 3.17072e-12 1.48074e-12 6.89957e-13 3.20796e-13 1.48848e-13 6.89293e-14 3.186e-14 1.46995e-14 6.77033e-15 3.1131e-15 1.42917e-15 6.55094e-16 2.99834e-16 1.37037e-16 6.2546e-17 2.8509e-17 1.2978e-17 5.9006e-18 2.67956e-18 1.21542e-18 5.50685e-19 2.49234e-19 1.12681e-19 5.08926e-20 2.29628e-20 1.03509e-20 4.6615e-21 2.09739e-21 9.4286e-22 4.2349e-22 1.90054e-22 8.52232e-23 3.81851e-23 1.70961e-23 7.64843e-24 3.41924e-24 1.52749e-24 6.81904e-25 3.0421e-25 1.35624e-25 6.0425e-26 2.69044e-26 1.19719e-26 5.324e-27 2.36624e-27 1.05106e-27 4.66608e-28 2.07032e-28 9.18094e-29 4.06919e-29 1.80262e-29 7.98143e-30 3.53217e-30 1.56239e-30 6.9077e-31 3.05262e-31 1.34839e-31 5.95334e-32 2.62734e-32 1.159e-32 5.11055e-33 2.25253e-33 9.92425e-34 4.37069e-34 1.92412e-34 8.46732e-35 3.72473e-35 1.63788e-35 7.19966e-36
0.00141836 0.00122021 0.000931095 0.000643499 0.000416727 0.000257517 0.000153539 8.8975e-05 5.03712e-05 2.79639e-05 1.52671e-05 8.2154e-06 4.36504e-06 2.29332e-06 1.19283e-06 6.14839e-07 3.14332e-07 1.59504e-07 8.03867e-08 4.02592e-08 2.00457e-08 9.92744e-09 4.89188e-09 2.39929e-09 1.17163e-09 5.69788e-10 2.76032e-10 1.33237e-10 6.40915e-11 3.07301e-11 1.46889e-11 7.00075e-12 3.3273e-12 1.57721e-12 7.4575e-13 3.51762e-13 1.65541e-13 7.77327e-14 3.64238e-14 1.70329e-14 7.94962e-15 3.70334e-15 1.72211e-15 7.99425e-16 3.70486e-16 1.71423e-16 7.9194e-17 3.65315e-17 1.68273e-17 7.74025e-18 3.55557e-18 1.63116e-18 7.47364e-19 3.42007e-19 1.56323e-19 7.13686e-20 3.25466e-20 1.48263e-20 6.74682e-21 3.06705e-21 1.39286e-21 6.31936e-22 2.86436e-22 1.29712e-22 5.86876e-23 2.65297e-23 1.19825e-23 5.40758e-24 2.43841e-24 1.09867e-24 4.94642e-25 2.2253e-25 1.00039e-25 4.49401e-26 2.01741e-26 9.05021e-27 4.05724e-27 1.81768e-27 8.13814e-28 3.64133e-28 1.62828e-28 7.2767e-29 3.25001e-29 1.45072e-29 6.472e-30 2.8857e-30 1.28596e-30 5.72762e-31 2.54972e-31 1.13446e-31 5.04507e-32 2.24249e-32 9.96287e-33 4.42417e-33 1.96371e-33 8.7121e-34 3.86343e-34 1.71251e-34 7.58757e-35 3.36038e-35 1.48762e-35
0.000597738 0.000565269 0.000457806 0.000332261 0.000224513 0.000144125 8.8975e-05 5.32492e-05 3.1068e-05 1.77442e-05 9.95171e-06 5.49403e-06 2.99144e-06 1.60898e-06 8.55982e-07 4.5092e-07 2.35426e-07 1.2192e-07 6.26689e-08 3.19926e-08 1.6229e-08 8.18421e-09 4.10473e-09 2.0482e-09 1.01714e-09 5.02853e-10 2.47552e-10 1.21384e-10 5.92958e-11 2.88629e-11 1.4002e-11 6.77094e-12 3.26425e-12 1.56912e-12 7.52191e-13 3.59625e-13 1.71504e-13 8.15917e-14 3.87267e-14 1.83404e-14 8.66718e-15 4.08748e-15 1.92386e-15 9.03789e-16 4.23802e-16 1.98377e-16 9.26997e-17 4.32463e-17 2.01432e-17 9.36783e-18 4.35012e-18 2.01715e-18 9.34042e-19 4.31923e-19 1.99469e-19 9.20004e-20 4.23805e-20 1.94994e-20 8.96122e-21 4.11358e-21 1.88622e-21 8.63967e-22 3.95319e-22 1.80698e-22 8.25144e-23 3.7643e-23 1.71565e-23 7.81221e-24 3.55409e-24 1.61548e-24 7.33674e-25 3.32921e-25 1.50947e-25 6.83851e-26 3.0957e-26 1.40032e-26 6.32949e-27 2.85887e-27 1.29036e-27 5.81998e-28 2.62323e-28 1.18157e-28 5.3186e-29 2.39252e-29 1.07558e-29 4.83235e-30 2.16976e-30 9.73661e-31 4.36667e-31 1.95725e-31 8.76793e-32 3.92563e-32 1.75666e-32 7.8566e-33 3.51201e-33 1.56912e-33 7.00707e-34 3.12754e-34 1.39528e-34 6.22171e-35 2.77304e-35
0.000251904 0.000259729 0.000222337 0.00016889 0.000118737 7.89823e-05 5.03712e-05 3.1068e-05 1.86448e-05 1.09356e-05 6.28958e-06 3.5566e-06 1.98147e-06 1.08947e-06 5.9201e-07 3.18297e-07 1.69496e-07 8.94701e-08 4.68496e-08 2.43513e-08 1.25709e-08 6.44848e-09 3.28838e-09 1.66768e-09 8.41398e-10 4.22459e-10 2.11148e-10 1.05081e-10 5.20827e-11 2.57154e-11 1.26505e-11 6.20182e-12 3.03038e-12 1.47608e-12 7.16841e-13 3.47129e-13 1.67637e-13 8.0744e-14 3.87934e-14 1.85934e-14 8.89105e-15 4.24209e-15 2.01964e-15 9.59563e-16 4.54996e-16 2.15332e-16 1.01719e-16 4.79647e-17 2.25781e-17 1.06103e-17 4.97808e-18 2.33193e-18 1.09071e-18 5.09402e-19 2.3757e-19 1.10642e-19 5.14591e-20 2.3902e-20 1.1088e-20 5.13732e-21 2.37736e-21 1.09886e-21 5.07337e-22 2.33973e-22 1.07787e-22 4.96027e-23 2.28033e-23 1.04726e-23 4.80487e-24 2.20239e-24 1.00856e-24 4.61437e-25 2.10928e-25 9.63337e-26 4.39593e-26 2.0043e-26 9.13099e-27 4.15649e-27 1.89059e-27 8.5928e-28 3.90254e-28 1.77109e-28 8.03196e-29 3.63996e-29 1.64844e-29 7.46026e-30 3.37401e-30 1.52496e-30 6.88795e-31 3.10922e-31 1.40264e-31 6.32378e-32 2.84938e-32 1.28314e-32 5.77492e-33 2.59762e-33 1.16779e-33 5.24712e-34 2.35637e-34 1.05765e-34 4.74475e-35
0.000106159 0.000118522 0.000106865 8.47238e-05 6.18262e-05 4.25253e-05 2.79639e-05 1.77442e-05 1.09356e-05 6.57667e-06 3.87352e-06 2.24055e-06 1.2756e-06 7.16095e-07 3.96983e-07 2.176e-07 1.18056e-07 6.34538e-08 3.38144e-08 1.78779e-08 9.3834e-09 4.89173e-09 2.53411e-09 1.30506e-09 6.68403e-10 3.40563e-10 1.72679e-10 8.71532e-11 4.37966e-11 2.19184e-11 1.09266e-11 5.42684e-12 2.68582e-12 1.32479e-12 6.51359e-13 3.19273e-13 1.56038e-13 7.60461e-14 3.69618e-14 1.79187e-14 8.66521e-15 4.18036e-15 2.0121e-15 9.66325e-16 4.63093e-16 2.21472e-16 1.05707e-16 5.03562e-17 2.39439e-17 1.13646e-17 5.38468e-18 2.54701e-18 1.20279e-18 5.67103e-19 2.66971e-19 1.25493e-19 5.89035e-20 2.76091e-20 1.29231e-20 6.0409e-21 2.82015e-21 1.31491e-21 6.12326e-22 2.84806e-22 1.32315e-22 6.14006e-23 2.84613e-23 1.31785e-23 6.09558e-24 2.81654e-24 1.30011e-24 5.99534e-25 2.76204e-25 1.27127e-25 5.84578e-26 2.6857e-26 1.23279e-26 5.65388e-27 2.59082e-27 1.18623e-27 5.42684e-28 2.48074e-28 1.13312e-28 5.17182e-29 2.35876e-29 1.075e-29 4.89574e-30 2.22804e-30 1.01328e-30 4.60508e-31 2.0915e-31 9.49281e-32 4.30579e-32 1.95181e-32 8.84202e-33 4.00315e-33 1.81131e-33 8.19086e-34 3.70182e-34 1.67207e-34 7.54832e-35
4.47386e-05 5.37684e-05 5.09106e-05 4.20261e-05 3.17678e-05 2.25535e-05 1.52671e-05 9.95171e-06 6.28958e-06 3.87352e-06 2.33345e-06 1.37905e-06 8.0144e-07 4.58884e-07 2.59274e-07 1.44748e-07 7.99371e-08 4.371e-08 2.36848e-08 1.27269e-08 6.78608e-09 3.5925e-09 1.88917e-09 9.8726e-10 5.12923e-10 2.65025e-10 1.36231e-10 6.96858e-11 3.54822e-11 1.79879e-11 9.0813e-12 4.56674e-12 2.28789e-12 1.14212e-12 5.6821e-13 2.81766e-13 1.39288e-13 6.86501e-14 3.37383e-14 1.65353e-14 8.08257e-15 3.9408e-15 1.9167e-15 9.30039e-16 4.50256e-16 2.17503e-16 1.04845e-16 5.04362e-17 2.42145e-17 1.16032e-17 5.54972e-18 2.64962e-18 1.26281e-18 6.00841e-19 2.85409e-19 1.35357e-19 6.4095e-20 3.03049e-20 1.43075e-20 6.74526e-21 3.17563e-21 1.49306e-21 7.01052e-22 3.28752e-22 1.53973e-22 7.20263e-23 3.36529e-23 1.57054e-23 7.32124e-24 3.4091e-24 1.58572e-24 7.36809e-25 3.42007e-25 1.58591e-25 7.3467e-26 3.40007e-26 1.57207e-26 7.26201e-27 3.35157e-27 1.54545e-27 7.12006e-28 3.27751e-28 1.50745e-28 6.92765e-29 3.18114e-29 1.45961e-29 6.69202e-30 3.06584e-30 1.40352e-30 6.42058e-31 2.93507e-31 1.34078e-31 6.12065e-32 2.79218e-32 1.27292e-32 5.7993e-33 2.64041e-33 1.20141e-33 5.46318e-34 2.48275e-34 1.12761e-34
1.88541e-05 2.42694e-05 2.40684e-05 2.06442e-05 1.61363e-05 1.18061e-05 8.2154e-06 5.49403e-06 3.5566e-06 2.24055e-06 1.37905e-06 8.3188e-07 4.93029e-07 2.87664e-07 1.65509e-07 9.40331e-08 5.2817e-08 2.93586e-08 1.61638e-08 8.82119e-09 4.77498e-09 2.56526e-09 1.36846e-09 7.25225e-10 3.81976e-10 2.00025e-10 1.04175e-10 5.39773e-11 2.7832e-11 1.42848e-11 7.29974e-12 3.71479e-12 1.88297e-12 9.50851e-13 4.7843e-13 2.39899e-13 1.19897e-13 5.97333e-14 2.96695e-14 1.4694e-14 7.257e-15 3.57443e-15 1.75603e-15 8.60545e-16 4.20698e-16 2.05191e-16 9.98558e-17 4.84893e-17 2.34968e-17 1.13629e-17 5.48423e-18 2.64189e-18 1.27032e-18 6.09722e-19 2.92143e-19 1.39742e-19 6.67335e-20 3.18177e-20 1.51467e-20 7.1997e-21 3.41721e-21 1.6196e-21 7.66543e-22 3.62306e-22 1.71017e-22 8.06201e-23 3.79576e-23 1.78493e-23 8.38339e-24 3.93287e-24 1.8429e-24 8.62594e-25 4.03308e-25 1.88365e-25 8.78842e-26 4.09615e-26 1.90724e-26 8.87171e-27 4.1228e-27 1.91412e-27 8.87859e-28 4.11459e-28 1.90513e-28 8.81345e-29 4.07378e-29 1.88142e-29 8.68197e-30 4.00315e-30 1.84434e-30 8.49076e-31 3.90589e-31 1.79544e-31 8.24711e-32 3.78547e-32 1.73633e-32 7.95868e-33 3.64547e-33 1.66868e-33 7.63322e-34 3.48947e-34 1.59417e-34
7.94567e-06 1.09062e-05 1.13023e-05 1.00546e-05 8.11399e-06 6.10968e-06 4.36504e-06 2.99144e-06 1.98147e-06 1.2756e-06 8.0144e-07 4.93029e-07 2.97743e-07 1.76885e-07 1.03556e-07 5.98306e-08 3.4156e-08 1.9287e-08 1.07823e-08 5.97236e-09 3.27999e-09 1.78713e-09 9.66565e-10 5.19169e-10 2.77063e-10 1.46964e-10 7.75098e-11 4.06592e-11 2.122e-11 1.10212e-11 5.69797e-12 2.93303e-12 1.50351e-12 7.67676e-13 3.90486e-13 1.97908e-13 9.99577e-14 5.03187e-14 2.525e-14 1.26318e-14 6.30075e-15 3.13396e-15 1.55457e-15 7.69113e-16 3.79551e-16 1.86848e-16 9.17664e-17 4.49663e-17 2.19853e-17 1.07263e-17 5.22238e-18 2.53756e-18 1.23061e-18 5.95666e-19 2.878e-19 1.38805e-19 6.68299e-20 3.21222e-20 1.54145e-20 7.38521e-21 3.53283e-21 1.68744e-21 8.04814e-22 3.83301e-22 1.82296e-22 8.65812e-23 4.10669e-23 1.94534e-23 9.20344e-24 4.34877e-24 2.05238e-24 9.67464e-25 4.55523e-25 2.14237e-25 1.00646e-25 4.72316e-26 2.21415e-26 1.03688e-26 4.85079e-27 2.26706e-27 1.0585e-27 4.93744e-28 2.30095e-28 1.07131e-28 4.98346e-29 2.31613e-29 1.07552e-29 4.99007e-30 2.3133e-30 1.07152e-30 4.9593e-31 2.29349e-31 1.05983e-31 4.8938e-32 2.25803e-32 1.0411e-32 4.79671e-33 2.20844e-33 1.01607e-33 4.67155e-34 2.14638e-34
3.34853e-06 4.88211e-06 5.27605e-06 4.86017e-06 4.04376e-06 3.12985e-06 2.29332e-06 1.60898e-06 1.08947e-06 7.16095e-07 4.58884e-07 2.87664e-07 1.76885e-07 1.06923e-07 6.36516e-08 3.73734e-08 2.16714e-08 1.24239e-08 7.04836e-09 3.96033e-09 2.20548e-09 1.21809e-09 6.67585e-10 3.63249e-10 1.96322e-10 1.05433e-10 5.62845e-11 2.9878e-11 1.5776e-11 8.28798e-12 4.33327e-12 2.25528e-12 1.16869e-12 6.03116e-13 3.10015e-13 1.58753e-13 8.10006e-14 4.11858e-14 2.08719e-14 1.05435e-14 5.30976e-15 2.66612e-15 1.33489e-15 6.66532e-16 3.31928e-16 1.64876e-16 8.16951e-17 4.03829e-17 1.99157e-17 9.79987e-18 4.81176e-18 2.35763e-18 1.15282e-18 5.62584e-19 2.74019e-19 1.33218e-19 6.46485e-20 3.13176e-20 1.51451e-20 7.31194e-21 3.52441e-21 1.69611e-21 8.14987e-22 3.91016e-22 1.87328e-22 8.96164e-23 4.28122e-23 2.04247e-23 9.73116e-24 4.6303e-24 2.20041e-24 1.04438e-24 4.95089e-25 2.3442e-25 1.10866e-25 5.23736e-26 2.47139e-26 1.16492e-26 5.48515e-27 2.58004e-27 1.21233e-27 5.69084e-28 2.66873e-28 1.2503e-28 5.85213e-29 2.73659e-29 1.27853e-29 5.96789e-30 2.78324e-30 1.2969e-30 6.03802e-31 2.80881e-31 1.30555e-31 6.06344e-32 2.81385e-32 1.30481e-32 6.04591e-33 2.79931e-33 1.29515e-33 5.98794e-34 2.76645e-34
1.41117e-06 2.17795e-06 2.44993e-06 2.3335e-06 1.99927e-06 1.58889e-06 1.19283e-06 8.55982e-07 5.9201e-07 3.96983e-07 2.59274e-07 1.65509e-07 1.03556e-07 6.36516e-08 3.85069e-08 2.29639e-08 1.35178e-08 7.86352e-09 4.52483e-09 2.57771e-09 1.45491e-09 8.14144e-10 4.51938e-10 2.49001e-10 1.36229e-10 7.40402e-11 3.99913e-11 2.1474e-11 1.14669e-11 6.0911e-12 3.21939e-12 1.69351e-12 8.86825e-13 4.62395e-13 2.40103e-13 1.24185e-13 6.39889e-14 3.28524e-14 1.68083e-14 8.57098e-15 4.35658e-15 2.2076e-15 1.11534e-15 5.61885e-16 2.82285e-16 1.41439e-16 7.06856e-17 3.52379e-17 1.75243e-17 8.69476e-18 4.30419e-18 2.12604e-18 1.04792e-18 5.15453e-19 2.53033e-19 1.23971e-19 6.06235e-20 2.95912e-20 1.4418e-20 7.01278e-21 3.40517e-21 1.6507e-21 7.98911e-22 3.86052e-22 1.86263e-22 8.97344e-23 4.31676e-23 2.07366e-23 9.94746e-24 4.76537e-24 2.27984e-24 1.0893e-24 5.19804e-25 2.47737e-25 1.17928e-25 5.60691e-26 2.66272e-26 1.26308e-26 5.98484e-27 2.83268e-27 1.3393e-27 6.3256e-28 2.98454e-28 1.40674e-28 6.624e-29 3.11605e-29 1.46445e-29 6.876e-30 3.22552e-30 1.51172e-30 7.07875e-31 3.3118e-31 1.54811e-31 7.23056e-32 3.3743e-32 1.57342e-32 7.3309e-33 3.41295e-33 1.58769e-33 7.3803e-34 3.42813e-34
5.94706e-07 9.6863e-07 1.13224e-06 1.11361e-06 9.81386e-07 8.00053e-07 6.14839e-07 4.5092e-07 3.18297e-07 2.176e-07 1.44748e-07 9.40331e-08 5.98306e-08 3.73734e-08 2.29639e-08 1.3902e-08 8.30337e-09 4.89881e-09 2.85777e-09 1.64986e-09 9.43391e-10 5.34632e-10 3.00471e-10 1.6756e-10 9.27621e-11 5.10027e-11 2.7862e-11 1.51281e-11 8.16678e-12 4.38474e-12 2.34199e-12 1.24475e-12 6.58473e-13 3.46775e-13 1.81843e-13 9.49661e-14 4.94012e-14 2.5602e-14 1.32204e-14 6.80313e-15 3.48921e-15 1.78383e-15 9.09153e-16 4.61984e-16 2.34083e-16 1.18279e-16 5.96046e-17 2.99589e-17 1.50204e-17 7.51249e-18 3.74855e-18 1.86617e-18 9.26992e-19 4.59482e-19 2.27277e-19 1.12192e-19 5.52726e-20 2.71786e-20 1.33393e-20 6.5351e-21 3.19597e-21 1.56029e-21 7.60465e-22 3.70034e-22 1.79767e-22 8.71974e-23 4.22314e-23 2.04232e-23 9.86237e-24 4.7558e-24 2.29015e-24 1.10133e-24 5.28927e-25 2.53695e-25 1.21528e-25 5.81437e-26 2.77844e-26 1.32612e-26 6.32209e-27 3.01052e-27 1.43198e-27 6.80384e-28 3.22928e-28 1.53108e-28 7.25176e-29 3.43121e-29 1.62188e-29 7.65887e-30 3.61322e-30 1.703e-30 8.01925e-31 3.77274e-31 1.77335e-31 8.32814e-32 3.90776e-32 1.83206e-32 8.58202e-33 4.01683e-33 1.87857e-33 8.77862e-34 4.09908e-34
2.50626e-07 4.29608e-07 5.21031e-07 5.28536e-07 4.78617e-07 3.99885e-07 3.14332e-07 2.35426e-07 1.69496e-07 1.18056e-07 7.99371e-08 5.2817e-08 3.4156e-08 2.16714e-08 1.35178e-08 8.30337e-09 5.02977e-09 3.00828e-09 1.77836e-09 1.04004e-09 6.02221e-10 3.45501e-10 1.96517e-10 1.1088e-10 6.2091e-11 3.45241e-11 1.90683e-11 1.04656e-11 5.70978e-12 3.09755e-12 1.67142e-12 8.97286e-13 4.79361e-13 2.54905e-13 1.34948e-13 7.11402e-14 3.73506e-14 1.95339e-14 1.01779e-14 5.28402e-15 2.73384e-15 1.40974e-15 7.24623e-16 3.71317e-16 1.89707e-16 9.66436e-17 4.9097e-17 2.48753e-17 1.25705e-17 6.33635e-18 3.18615e-18 1.59833e-18 7.99958e-19 3.99485e-19 1.99064e-19 9.89853e-20 4.91202e-20 2.43269e-20 1.20246e-20 5.9325e-21 2.9215e-21 1.43615e-21 7.04748e-22 3.45248e-22 1.68853e-22 8.24484e-23 4.01949e-23 1.95654e-23 9.5094e-24 4.61507e-24 2.23655e-24 1.08235e-24 5.23068e-25 2.52444e-25 1.21675e-25 5.857e-26 2.8158e-26 1.35204e-26 6.48417e-27 3.106e-27 1.48609e-27 7.10219e-28 3.39043e-28 1.61674e-28 7.7012e-29 3.66453e-29 1.74192e-29 8.27173e-30 3.92402e-30 1.85969e-30 8.80502e-31 4.16495e-31 1.96828e-31 9.29321e-32 4.38385e-32 2.06615e-32 9.72951e-33 4.57772e-33 2.15201e-33 1.01083e-33 4.74419e-34
1.05621e-07 1.90067e-07 2.38837e-07 2.49605e-07 2.32043e-07 1.98531e-07 1.59504e-07 1.2192e-07 8.94701e-08 6.34538e-08 4.371e-08 2.93586e-08 1.9287e-08 1.24239e-08 7.86352e-09 4.89881e-09 3.00828e-09 1.82324e-09 1.09179e-09 6.46562e-10 3.78984e-10 2.20033e-10 1.26617e-10 7.22574e-11 4.09156e-11 2.29992e-11 1.28392e-11 7.12086e-12 3.92508e-12 2.15092e-12 1.17217e-12 6.35425e-13 3.4273e-13 1.83974e-13 9.83037e-14 5.22973e-14 2.77054e-14 1.46184e-14 7.6835e-15 4.02351e-15 2.09942e-15 1.0917e-15 5.65804e-16 2.92309e-16 1.5055e-16 7.73084e-17 3.95843e-17 2.02121e-17 1.02927e-17 5.22774e-18 2.64851e-18 1.33852e-18 6.74862e-19 3.39471e-19 1.7038e-19 8.53269e-20 4.26417e-20 2.12661e-20 1.05845e-20 5.25783e-21 2.60685e-21 1.2901e-21 6.37299e-22 3.14268e-22 1.54707e-22 7.60315e-23 3.73049e-23 1.82744e-23 8.93806e-24 4.36497e-24 2.12849e-24 1.0364e-24 5.03924e-25 2.44679e-25 1.18641e-25 5.74503e-26 2.77832e-26 1.34188e-26 6.47294e-27 3.11856e-27 1.50066e-27 7.21271e-28 3.46266e-28 1.66046e-28 7.95354e-29 3.80555e-29 1.8189e-29 8.68441e-30 4.14212e-30 1.97362e-30 9.39441e-31 4.46735e-31 2.12232e-31 1.0073e-31 4.77645e-32 2.26283e-32 1.07105e-32 5.065e-33 2.39316e-33 1.12978e-33 5.32901e-34
4.45117e-08 8.39004e-08 1.09094e-07 1.17342e-07 1.11892e-07 9.79597e-08 8.03867e-08 6.26689e-08 4.68496e-08 3.38144e-08 2.36848e-08 1.61638e-08 1.07823e-08 7.04836e-09 4.52483e-09 2.85777e-09 1.77836e-09 1.09179e-09 6.62015e-10 3.96854e-10 2.35395e-10 1.38259e-10 8.04654e-11 4.64305e-11 2.65771e-11 1.50985e-11 8.51661e-12 4.7718e-12 2.65667e-12 1.47019e-12 8.08957e-13 4.42702e-13 2.41016e-13 1.30566e-13 7.0398e-14 3.77856e-14 2.01935e-14 1.07471e-14 5.69696e-15 3.00835e-15 1.58276e-15 8.29775e-16 4.33532e-16 2.25762e-16 1.17192e-16 6.06474e-17 3.12922e-17 1.60995e-17 8.26e-18 4.22648e-18 2.15697e-18 1.09802e-18 5.57584e-19 2.82472e-19 1.42769e-19 7.19972e-20 3.62282e-20 1.81909e-20 9.1151e-21 4.5582e-21 2.27495e-21 1.13323e-21 5.63451e-22 2.79642e-22 1.38541e-22 6.85175e-23 3.38291e-23 1.66748e-23 8.20601e-24 4.03197e-24 1.97803e-24 9.68934e-25 4.73931e-25 2.31478e-25 1.12899e-25 5.49882e-26 2.67462e-26 1.29921e-26 6.30276e-27 3.05372e-27 1.4777e-27 7.14188e-28 3.4476e-28 1.6623e-28 8.00575e-29 3.85125e-29 1.85062e-29 8.88302e-30 4.25929e-30 2.04012e-30 9.76173e-31 4.66611e-31 2.22818e-31 1.06297e-31 5.06604e-32 2.41216e-32 1.14746e-32 5.45347e-33 2.5895e-33 1.22849e-33 5.82304e-34
1.87585e-08 3.69597e-08 4.96692e-08 5.49336e-08 5.36873e-08 4.80624e-08 4.02592e-08 3.19926e-08 2.43513e-08 1.78779e-08 1.27269e-08 8.82119e-09 5.97236e-09 3.96033e-09 2.57771e-09 1.64986e-09 1.04004e-09 6.46562e-10 3.96854e-10 2.40738e-10 1.44454e-10 8.58071e-11 5.04919e-11 2.94505e-11 1.70362e-11 9.77864e-12 5.57192e-12 3.15303e-12 1.77259e-12 9.90369e-13 5.5008e-13 3.03824e-13 1.66916e-13 9.12349e-14 4.96262e-14 2.68682e-14 1.4482e-14 7.77249e-15 4.15441e-15 2.2118e-15 1.1731e-15 6.19919e-16 3.26442e-16 1.71318e-16 8.96145e-17 4.6728e-17 2.42911e-17 1.25902e-17 6.50688e-18 3.35358e-18 1.72375e-18 8.83709e-19 4.51902e-19 2.30522e-19 1.17312e-19 5.95615e-20 3.01724e-20 1.52511e-20 7.69243e-21 3.87189e-21 1.94493e-21 9.7505e-22 4.87881e-22 2.43661e-22 1.21468e-22 6.04455e-23 3.00266e-23 1.48905e-23 7.37206e-24 3.64386e-24 1.79822e-24 8.86033e-25 4.35908e-25 2.14138e-25 1.05041e-25 5.14523e-26 2.51677e-26 1.22939e-26 5.99723e-27 2.92174e-27 1.42159e-27 6.90806e-28 3.35275e-28 1.62524e-28 7.86895e-29 3.80546e-29 1.83823e-29 8.86954e-30 4.27486e-30 2.05812e-30 9.89818e-31 4.75537e-31 2.28226e-31 1.09422e-31 5.24097e-32 2.5078e-32 1.19883e-32 5.72542e-33 2.73183e-33 1.30227e-33 6.20236e-34
7.90537e-09 1.62509e-08 2.25464e-08 2.56182e-08 2.5642e-08 2.3458e-08 2.00457e-08 1.6229e-08 1.25709e-08 9.3834e-09 6.78608e-09 4.77498e-09 3.27999e-09 2.20548e-09 1.45491e-09 9.43391e-10 6.02221e-10 3.78984e-10 2.35395e-10 1.44454e-10 8.76612e-11 5.26471e-11 3.13138e-11 1.84572e-11 1.07872e-11 6.25439e-12 3.5991e-12 2.05645e-12 1.16714e-12 6.58204e-13 3.68951e-13 2.05625e-13 1.13972e-13 6.28417e-14 3.44766e-14 1.88244e-14 1.02312e-14 5.53637e-15 2.98324e-15 1.601e-15 8.55849e-16 4.55798e-16 2.41867e-16 1.27898e-16 6.74039e-17 3.54074e-17 1.85411e-17 9.67953e-18 5.03841e-18 2.61513e-18 1.3536e-18 6.98749e-19 3.59767e-19 1.84767e-19 9.46585e-20 4.83792e-20 2.46688e-20 1.25504e-20 6.37107e-21 3.22729e-21 1.63139e-21 8.22989e-22 4.14353e-22 2.08213e-22 1.0443e-22 5.2281e-23 2.61266e-23 1.30334e-23 6.49069e-24 3.22697e-24 1.60172e-24 7.93748e-25 3.92733e-25 1.9402e-25 9.5707e-26 4.71414e-26 2.31865e-26 1.13882e-26 5.58568e-27 2.73595e-27 1.33833e-27 6.53813e-28 3.18999e-28 1.55446e-28 7.56551e-29 3.67766e-29 1.78563e-29 8.65975e-30 4.19492e-30 2.02981e-30 9.81089e-31 4.73687e-31 2.28461e-31 1.10073e-31 5.29785e-32 2.5473e-32 1.22357e-32 5.87159e-33 2.8149e-33 1.34821e-33 6.45136e-34
3.33155e-09 7.13304e-09 1.02063e-08 1.19045e-08 1.21951e-08 1.13939e-08 9.92744e-09 8.18421e-09 6.44848e-09 4.89173e-09 3.5925e-09 2.56526e-09 1.78713e-09 1.21809e-09 8.14144e-10 5.34632e-10 3.45501e-10 2.20033e-10 1.38259e-10 8.58071e-11 5.26471e-11 3.19595e-11 1.92094e-11 1.14391e-11 6.75293e-12 3.95398e-12 2.29735e-12 1.32512e-12 7.59077e-13 4.31993e-13 2.44327e-13 1.37372e-13 7.68033e-14 4.27098e-14 2.3629e-14 1.30086e-14 7.12802e-15 3.8882e-15 2.11177e-15 1.14218e-15 6.15296e-16 3.30186e-16 1.7653e-16 9.40414e-17 4.9925e-17 2.64158e-17 1.39318e-17 7.32472e-18 3.83937e-18 2.00658e-18 1.04572e-18 5.43476e-19 2.81696e-19 1.45631e-19 7.50985e-20 3.86316e-20 1.98252e-20 1.01504e-20 5.18527e-21 2.64303e-21 1.34432e-21 6.82329e-22 3.45622e-22 1.74722e-22 8.81557e-23 4.43948e-23 2.23158e-23 1.11972e-23 5.60838e-24 2.80426e-24 1.39981e-24 6.97594e-25 3.47085e-25 1.72419e-25 8.5519e-26 4.2353e-26 2.09441e-26 1.03421e-26 5.09965e-27 2.51111e-27 1.2348e-27 6.06384e-28 2.9739e-28 1.45662e-28 7.12553e-29 3.48135e-29 1.69883e-29 8.28004e-30 4.03092e-30 1.96009e-30 9.52036e-31 4.619e-31 2.23855e-31 1.08372e-31 5.24095e-32 2.53192e-32 1.22193e-32 5.89119e-33 2.83747e-33 1.36532e-33 6.56332e-34
1.40401e-09 3.12595e-09 4.60843e-09 5.51361e-09 5.77707e-09 5.50926e-09 4.89188e-09 4.10473e-09 3.28838e-09 2.53411e-09 1.88917e-09 1.36846e-09 9.66565e-10 6.67585e-10 4.51938e-10 3.00471e-10 1.96517e-10 1.26617e-10 8.04654e-11 5.04919e-11 3.13138e-11 1.92094e-11 1.16647e-11 7.01621e-12 4.18271e-12 2.47269e-12 1.45027e-12 8.44281e-13 4.88039e-13 2.80229e-13 1.59884e-13 9.0671e-14 5.1124e-14 2.86675e-14 1.59907e-14 8.87481e-15 4.90179e-15 2.69489e-15 1.47502e-15 8.03899e-16 4.36335e-16 2.35896e-16 1.27048e-16 6.81733e-17 3.6452e-17 1.9424e-17 1.03161e-17 5.46134e-18 2.88227e-18 1.51657e-18 7.95655e-19 4.16254e-19 2.1717e-19 1.13001e-19 5.86465e-20 3.03604e-20 1.56787e-20 8.07752e-21 4.15182e-21 2.12921e-21 1.08954e-21 5.56337e-22 2.83481e-22 1.44153e-22 7.31577e-23 3.70555e-23 1.87336e-23 9.45334e-24 4.76171e-24 2.39427e-24 1.2018e-24 6.02218e-25 3.01271e-25 1.50473e-25 7.50359e-26 3.73599e-26 1.8573e-26 9.21959e-27 4.5699e-27 2.26193e-27 1.118e-27 5.51835e-28 2.72013e-28 1.33904e-28 6.58315e-29 3.23236e-29 1.58512e-29 7.76373e-30 3.798e-30 1.85577e-30 9.05703e-31 4.41521e-31 2.14995e-31 1.04574e-31 5.08098e-32 2.46607e-32 1.19566e-32 5.7911e-33 2.80202e-33 1.3544e-33 6.54024e-34
5.9169e-10 1.36788e-09 2.0759e-09 2.5458e-09 2.72666e-09 2.65271e-09 2.39929e-09 2.0482e-09 1.66768e-09 1.30506e-09 9.8726e-10 7.25225e-10 5.19169e-10 3.63249e-10 2.49001e-10 1.6756e-10 1.1088e-10 7.22574e-11 4.64305e-11 2.94505e-11 1.84572e-11 1.14391e-11 7.01621e-12 4.26172e-12 2.5651e-12 1.53072e-12 9.06096e-13 5.32273e-13 3.10423e-13 1.79802e-13 1.03468e-13 5.9173e-14 3.36416e-14 1.90187e-14 1.06941e-14 5.98232e-15 3.33004e-15 1.84489e-15 1.01746e-15 5.58682e-16 3.05481e-16 1.66359e-16 9.02425e-17 4.87686e-17 2.62598e-17 1.40902e-17 7.53469e-18 4.01595e-18 2.13368e-18 1.13014e-18 5.96808e-19 3.14254e-19 1.65008e-19 8.64056e-20 4.5126e-20 2.35067e-20 1.22142e-20 6.33113e-21 3.27389e-21 1.68904e-21 8.69439e-22 4.46563e-22 2.28874e-22 1.17058e-22 5.97475e-23 3.0435e-23 1.54733e-23 7.85178e-24 3.97692e-24 2.01065e-24 1.01474e-24 5.11237e-25 2.57129e-25 1.29109e-25 6.47229e-26 3.23941e-26 1.61881e-26 8.07725e-27 4.0242e-27 2.00197e-27 9.94516e-28 4.93346e-28 2.44394e-28 1.20903e-28 5.97321e-29 2.94719e-29 1.45228e-29 7.14737e-30 3.5132e-30 1.72477e-30 8.45745e-31 4.14226e-31 2.02644e-31 9.90231e-32 4.83342e-32 2.35665e-32 1.14781e-32 5.58443e-33 2.71416e-33 1.31779e-33 6.39171e-34
2.49355e-10 5.97757e-10 9.33036e-10 1.17209e-09 1.28251e-09 1.27227e-09 1.17163e-09 1.01714e-09 8.41398e-10 6.68403e-10 5.12923e-10 3.81976e-10 2.77063e-10 1.96322e-10 1.36229e-10 9.27621e-11 6.2091e-11 4.09156e-11 2.65771e-11 1.70362e-11 1.07872e-11 6.75293e-12 4.18271e-12 2.5651e-12 1.55847e-12 9.38608e-13 5.60632e-13 3.32261e-13 1.95466e-13 1.14187e-13 6.62625e-14 3.82092e-14 2.19e-14 1.248e-14 7.07283e-15 3.98733e-15 2.23654e-15 1.24844e-15 6.93642e-16 3.83673e-16 2.1131e-16 1.15898e-16 6.33141e-17 3.44548e-17 1.86803e-17 1.00915e-17 5.43277e-18 2.9149e-18 1.55888e-18 8.31061e-19 4.41696e-19 2.3406e-19 1.23674e-19 6.51655e-20 3.42433e-20 1.79468e-20 9.38174e-21 4.89209e-21 2.54477e-21 1.32061e-21 6.83747e-22 3.53216e-22 1.82068e-22 9.36472e-23 4.80673e-23 2.46218e-23 1.2587e-23 6.42219e-24 3.27052e-24 1.66243e-24 8.43492e-25 4.27215e-25 2.16001e-25 1.09025e-25 5.49381e-26 2.76383e-26 1.38821e-26 6.96176e-27 3.48591e-27 1.74285e-27 8.70086e-28 4.33747e-28 2.15921e-28 1.07337e-28 5.32854e-29 2.64171e-29 1.30795e-29 6.46747e-30 3.19394e-30 1.57535e-30 7.76058e-31 3.81846e-31 1.87659e-31 9.21178e-32 4.51669e-32 2.21212e-32 1.08222e-32 5.28873e-33 2.58179e-33 1.25902e-33 6.13327e-34
1.05085e-10 2.60884e-10 4.18499e-10 5.38185e-10 6.01305e-10 6.0795e-10 5.69788e-10 5.02853e-10 4.22459e-10 3.40563e-10 2.65025e-10 2.00025e-10 1.46964e-10 1.05433e-10 7.40402e-11 5.10027e-11 3.45241e-11 2.29992e-11 1.50985e-11 9.77864e-12 6.25439e-12 3.95398e-12 2.47269e-12 1.53072e-12 9.38608e-13 5.70403e-13 3.43726e-13 2.05484e-13 1.21917e-13 7.18194e-14 4.20207e-14 2.44271e-14 1.41124e-14 8.10537e-15 4.62913e-15 2.62957e-15 1.48604e-15 8.3565e-16 4.67685e-16 2.60554e-16 1.44522e-16 7.9823e-17 4.39087e-17 2.40582e-17 1.31318e-17 7.14148e-18 3.87e-18 2.08997e-18 1.12493e-18 6.03541e-19 3.22799e-19 1.72124e-19 9.15105e-20 4.85131e-20 2.56473e-20 1.35223e-20 7.11081e-21 3.72973e-21 1.95144e-21 1.01855e-21 5.30373e-22 2.75539e-22 1.42826e-22 7.38725e-23 3.81267e-23 1.96368e-23 1.00931e-23 5.17747e-24 2.65072e-24 1.35452e-24 6.90873e-25 3.5174e-25 1.78761e-25 9.06914e-26 4.59324e-26 2.32245e-26 1.17237e-26 5.90862e-27 2.97321e-27 1.49381e-27 7.49394e-28 3.75389e-28 1.87768e-28 9.37871e-29 4.67797e-29 2.3301e-29 1.15906e-29 5.75789e-30 2.85664e-30 1.41545e-30 7.00464e-31 3.46212e-31 1.70912e-31 8.42722e-32 4.15037e-32 2.04169e-32 1.00323e-32 4.92408e-33 2.4142e-33 1.18237e-33 5.78458e-34
4.4286e-11 1.13725e-10 1.87348e-10 2.46493e-10 2.81069e-10 2.89502e-10 2.76032e-10 2.47552e-10 2.11148e-10 1.72679e-10 1.36231e-10 1.04175e-10 7.75098e-11 5.62845e-11 3.99913e-11 2.7862e-11 1.90683e-11 1.28392e-11 8.51661e-12 5.57192e-12 3.5991e-12 2.29735e-12 1.45027e-12 9.06096e-13 5.60632e-13 3.43726e-13 2.08932e-13 1.25969e-13 7.53659e-14 4.47623e-14 2.64019e-14 1.54699e-14 9.00749e-15 5.21326e-15 2.99999e-15 1.71689e-15 9.77408e-16 5.53623e-16 3.12065e-16 1.75085e-16 9.7792e-17 5.43851e-17 3.01194e-17 1.66137e-17 9.12849e-18 4.99693e-18 2.72541e-18 1.48127e-18 8.02348e-19 4.33171e-19 2.33115e-19 1.25065e-19 6.6895e-20 3.56767e-20 1.89733e-20 1.00624e-20 5.32229e-21 2.80776e-21 1.47746e-21 7.75529e-22 4.06099e-22 2.12151e-22 1.10576e-22 5.7505e-23 2.98402e-23 1.54516e-23 7.98433e-24 4.11738e-24 2.11905e-24 1.08847e-24 5.5804e-25 2.85567e-25 1.45868e-25 7.43769e-26 3.78582e-26 1.92371e-26 9.75874e-27 4.94238e-27 2.49908e-27 1.26166e-27 6.35963e-28 3.20084e-28 1.60861e-28 8.07247e-29 4.0452e-29 2.02424e-29 1.01155e-29 5.04805e-30 2.51584e-30 1.2522e-30 6.22455e-31 3.09025e-31 1.53229e-31 7.58855e-32 3.75367e-32 1.85456e-32 9.15211e-33 4.51135e-33 2.22128e-33 1.0925e-33 5.36744e-34
1.86634e-11 4.95207e-11 8.37177e-11 1.12628e-10 1.31007e-10 1.3741e-10 1.33237e-10 1.21384e-10 1.05081e-10 8.71532e-11 6.96858e-11 5.39773e-11 4.06592e-11 2.9878e-11 2.1474e-11 1.51281e-11 1.04656e-11 7.12086e-12 4.7718e-12 3.15303e-12 2.05645e-12 1.32512e-12 8.44281e-13 5.32273e-13 3.32261e-13 2.05484e-13 1.25969e-13 7.65851e-14 4.6197e-14 2.76596e-14 1.64439e-14 9.71036e-15 5.69741e-15 3.32244e-15 1.92616e-15 1.11043e-15 6.36731e-16 3.6323e-16 2.06185e-16 1.16484e-16 6.55067e-17 3.66766e-17 2.04478e-17 1.13533e-17 6.2788e-18 3.45915e-18 1.89869e-18 1.03844e-18 5.65986e-19 3.07446e-19 1.66463e-19 8.98445e-20 4.8343e-20 2.59347e-20 1.3873e-20 7.40012e-21 3.93656e-21 2.08851e-21 1.10517e-21 5.83345e-22 3.0715e-22 1.61337e-22 8.45475e-23 4.42053e-23 2.30611e-23 1.20044e-23 6.23559e-24 3.23231e-24 1.67212e-24 8.63292e-25 4.44842e-25 2.28786e-25 1.17448e-25 6.0183e-26 3.07842e-26 1.5719e-26 8.01271e-27 4.07762e-27 2.07168e-27 1.05085e-27 5.32195e-28 2.69111e-28 1.35873e-28 6.84993e-29 3.4483e-29 1.73341e-29 8.70135e-30 4.36185e-30 2.18355e-30 1.09164e-30 5.45032e-31 2.71773e-31 1.35344e-31 6.73181e-32 3.3442e-32 1.65931e-32 8.22338e-33 4.07067e-33 2.01272e-33 9.94052e-34 4.90403e-34
7.86528e-12 2.1541e-11 3.7346e-11 5.13475e-11 6.08992e-11 6.50201e-11 6.40915e-11 5.92958e-11 5.20827e-11 4.37966e-11 3.54822e-11 2.7832e-11 2.122e-11 1.5776e-11 1.14669e-11 8.16678e-12 5.70978e-12 3.92508e-12 2.65667e-12 1.77259e-12 1.16714e-12 7.59077e-13 4.88039e-13 3.10423e-13 1.95466e-13 1.21917e-13 7.53659e-14 4.6197e-14 2.80915e-14 1.69528e-14 1.01572e-14 6.04399e-15 3.57299e-15 2.09907e-15 1.22583e-15 7.11785e-16 4.11045e-16 2.36129e-16 1.34964e-16 7.67675e-17 4.34621e-17 2.44958e-17 1.37464e-17 7.68194e-18 4.27562e-18 2.37045e-18 1.30926e-18 7.20499e-19 3.95099e-19 2.15918e-19 1.17606e-19 6.38514e-20 3.45583e-20 1.86472e-20 1.00321e-20 5.38176e-21 2.87901e-21 1.53596e-21 8.17278e-22 4.33749e-22 2.29624e-22 1.21264e-22 6.38864e-23 3.35794e-23 1.76096e-23 9.21432e-24 4.81099e-24 2.5066e-24 1.30327e-24 6.7625e-25 3.50202e-25 1.81004e-25 9.3376e-26 4.80813e-26 2.47131e-26 1.26796e-26 6.49424e-27 3.32053e-27 1.69496e-27 8.63774e-28 4.39482e-28 2.23252e-28 1.13234e-28 5.73457e-29 2.89985e-29 1.46424e-29 7.3829e-30 3.7173e-30 1.86907e-30 9.38493e-31 4.70604e-31 2.35672e-31 1.17869e-31 5.88757e-32 2.93718e-32 1.46349e-32 7.28325e-33 3.62028e-33 1.79742e-33 8.91369e-34 4.41542e-34
3.31465e-12 9.36101e-12 1.66331e-11 2.336e-11 2.82375e-11 3.06769e-11 3.07301e-11 2.88629e-11 2.57154e-11 2.19184e-11 1.79879e-11 1.42848e-11 1.10212e-11 8.28798e-12 6.0911e-12 4.38474e-12 3.09755e-12 2.15092e-12 1.47019e-12 9.90369e-13 6.58204e-13 4.31993e-13 2.80229e-13 1.79802e-13 1.14187e-13 7.18194e-14 4.47623e-14 2.76596e-14 1.69528e-14 1.03105e-14 6.22483e-15 3.73198e-15 2.22258e-15 1.31527e-15 7.73621e-16 4.52393e-16 2.63075e-16 1.52167e-16 8.75648e-17 5.01409e-17 2.85753e-17 1.62106e-17 9.15568e-18 5.14911e-18 2.88394e-18 1.60884e-18 8.94072e-19 4.95011e-19 2.73081e-19 1.50125e-19 8.22514e-20 4.49167e-20 2.44505e-20 1.32685e-20 7.17874e-21 3.87262e-21 2.08317e-21 1.11749e-21 5.97843e-22 3.19001e-22 1.69779e-22 9.01347e-23 4.77357e-23 2.5221e-23 1.32946e-23 6.99204e-24 3.66921e-24 1.92134e-24 1.00396e-24 5.23521e-25 2.72442e-25 1.415e-25 7.33499e-26 3.79508e-26 1.95991e-26 1.01034e-26 5.19903e-27 2.67068e-27 1.36956e-27 7.01151e-28 3.58369e-28 1.82873e-28 9.31713e-29 4.73961e-29 2.40736e-29 1.22093e-29 6.18308e-30 3.12674e-30 1.57894e-30 7.96223e-31 4.00969e-31 2.01652e-31 1.0128e-31 5.08016e-32 2.54495e-32 1.27331e-32 6.36289e-33 3.17575e-33 1.58314e-33 7.88278e-34 3.92047e-34
1.39689e-12 4.06427e-12 7.39675e-12 1.06062e-11 1.30616e-11 1.44337e-11 1.46889e-11 1.4002e-11 1.26505e-11 1.09266e-11 9.0813e-12 7.29974e-12 5.69797e-12 4.33327e-12 3.21939e-12 2.34199e-12 1.67142e-12 1.17217e-12 8.08957e-13 5.5008e-13 3.68951e-13 2.44327e-13 1.59884e-13 1.03468e-13 6.62625e-14 4.20207e-14 2.64019e-14 1.64439e-14 1.01572e-14 6.22483e-15 3.78648e-15 2.28694e-15 1.37192e-15 8.177e-16 4.84362e-16 2.85216e-16 1.66998e-16 9.7249e-17 5.63361e-17 3.24717e-17 1.8626e-17 1.06344e-17 6.04436e-18 3.42063e-18 1.92772e-18 1.08199e-18 6.04925e-19 3.36927e-19 1.86972e-19 1.03389e-19 5.69737e-20 3.12912e-20 1.71301e-20 9.34817e-21 5.08585e-21 2.75871e-21 1.49207e-21 8.04726e-22 4.32826e-22 2.32175e-22 1.24219e-22 6.62907e-23 3.52892e-23 1.87405e-23 9.92872e-24 5.24813e-24 2.76782e-24 1.45651e-24 7.64818e-25 4.00763e-25 2.09567e-25 1.09367e-25 5.69631e-26 2.96117e-26 1.53643e-26 7.95719e-27 4.11358e-27 2.1228e-27 1.09356e-27 5.62388e-28 2.88737e-28 1.47998e-28 7.57375e-29 3.86972e-29 1.97412e-29 1.00556e-29 5.11438e-30 2.5974e-30 1.31722e-30 6.6706e-31 3.37338e-31 1.70361e-31 8.59194e-32 4.32751e-32 2.1768e-32 1.09356e-32 5.48685e-33 2.74956e-33 1.37618e-33 6.87961e-34 3.43511e-34
5.88689e-13 1.76306e-12 3.28463e-12 4.80649e-12 6.0281e-12 6.77343e-12 7.00075e-12 6.77094e-12 6.20182e-12 5.42684e-12 4.56674e-12 3.71479e-12 2.93303e-12 2.25528e-12 1.69351e-12 1.24475e-12 8.97286e-13 6.35425e-13 4.42702e-13 3.03824e-13 2.05625e-13 1.37372e-13 9.0671e-14 5.9173e-14 3.82092e-14 2.44271e-14 1.54699e-14 9.71036e-15 6.04399e-15 3.73198e-15 2.28694e-15 1.39133e-15 8.4064e-16 5.04582e-16 3.00967e-16 1.7844e-16 1.05186e-16 6.16616e-17 3.59553e-17 2.08588e-17 1.20415e-17 6.91844e-18 3.95687e-18 2.25309e-18 1.27749e-18 7.2135e-19 4.057e-19 2.27296e-19 1.26869e-19 7.05586e-20 3.91039e-20 2.1598e-20 1.18897e-20 6.5243e-21 3.56897e-21 1.94641e-21 1.05839e-21 5.73865e-22 3.10284e-22 1.67312e-22 8.99788e-23 4.82648e-23 2.5824e-23 1.37831e-23 7.33885e-24 3.89842e-24 2.06611e-24 1.09256e-24 5.76482e-25 3.03526e-25 1.59477e-25 8.36198e-26 4.37572e-26 2.28527e-26 1.19122e-26 6.19765e-27 3.21856e-27 1.66844e-27 8.63359e-28 4.45982e-28 2.29987e-28 1.18403e-28 6.08571e-29 3.12292e-29 1.60001e-29 8.1849e-30 4.18063e-30 2.13217e-30 1.08583e-30 5.52175e-31 2.80398e-31 1.42189e-31 7.20052e-32 3.64146e-32 1.83913e-32 9.27643e-33 4.67298e-33 2.35103e-33 1.18136e-33 5.92894e-34 2.972e-34
2.4809e-13 7.64189e-13 1.4566e-12 2.17428e-12 2.77603e-12 3.17072e-12 3.3273e-12 3.26425e-12 3.03038e-12 2.68582e-12 2.28789e-12 1.88297e-12 1.50351e-12 1.16869e-12 8.86825e-13 6.58473e-13 4.79361e-13 3.4273e-13 2.41016e-13 1.66916e-13 1.13972e-13 7.68033e-14 5.1124e-14 3.36416e-14 2.19e-14 1.41124e-14 9.00749e-15 5.69741e-15 3.57299e-15 2.22258e-15 1.37192e-15 8.4064e-16 5.11501e-16 3.09156e-16 1.85665e-16 1.10822e-16 6.57612e-17 3.88034e-17 2.2773e-17 1.32958e-17 7.72382e-18 4.46537e-18 2.56959e-18 1.47205e-18 8.39654e-19 4.76935e-19 2.69811e-19 1.5204e-19 8.53511e-20 4.77377e-20 2.66051e-20 1.47763e-20 8.17913e-21 4.51265e-21 2.48186e-21 1.36077e-21 7.43854e-22 4.05437e-22 2.20355e-22 1.19432e-22 6.45571e-23 3.48037e-23 1.87151e-23 1.00385e-23 5.37136e-24 2.86723e-24 1.52696e-24 8.11341e-25 4.30142e-25 2.27548e-25 1.20118e-25 6.32761e-26 3.32648e-26 1.74527e-26 9.13881e-27 4.77624e-27 2.49153e-27 1.29732e-27 6.74291e-28 3.49847e-28 1.81199e-28 9.36905e-29 4.83627e-29 2.49238e-29 1.28239e-29 6.58778e-30 3.37898e-30 1.7305e-30 8.84927e-31 4.51862e-31 2.30397e-31 1.17309e-31 5.96457e-32 3.02853e-32 1.53567e-32 7.77655e-33 3.93287e-33 1.98643e-33 1.00205e-33 5.04852e-34 2.54042e-34
