0.0116936 0.00880626 0.00663188 0.00499438 0.0037612 0.00283251 0.00213312 0.00160643 0.00120978 0.000911067 0.000686112 0.000516702 0.000389121 0.000293042 0.000220686 0.000166195 0.00012516 9.42559e-05 7.09829e-05 5.34562e-05 4.02572e-05 3.03171e-05 2.28314e-05 1.7194e-05 1.29486e-05 9.75141e-06 7.34365e-06 5.5304e-06 4.16487e-06 3.13651e-06 2.36206e-06 1.77884e-06 1.33962e-06 1.00885e-06 7.5975e-07 5.72157e-07 4.30884e-07 3.24493e-07 2.44371e-07 1.84033e-07 1.38592e-07 1.04372e-07 7.86012e-08 5.91935e-08 4.45778e-08 3.35709e-08 2.52818e-08 1.90394e-08 1.43383e-08 1.0798e-08 8.13182e-09 6.12396e-09 4.61187e-09 3.47314e-09 2.61557e-09 1.96975e-09 1.48339e-09 1.11712e-09 8.41291e-10 6.33565e-10 4.77129e-10 3.59319e-10 2.70599e-10 2.03784e-10 1.53467e-10 1.15574e-10 8.70372e-11 6.55465e-11 4.93622e-11 3.7174e-11 2.79952e-11 2.10828e-11 1.58772e-11 1.19569e-11 9.00457e-12 6.78122e-12 5.10685e-12 3.8459e-12 2.89629e-12 2.18116e-12 1.6426e-12 1.23702e-12 9.31583e-13 7.01563e-13 5.28337e-13 3.97884e-13 2.99641e-13 2.25655e-13 1.69938e-13 1.27978e-13 9.63785e-14 7.25814e-14 5.466e-14 4.11637e-14 3.09998e-14 2.33456e-14 1.75812e-14 1.32402e-14 9.971e-15 7.50903e-15 5.65495e-15
0.00880626 0.00720805 0.00586219 0.00474151 0.00381685 0.00305974 0.00244382 0.00194551 0.00154429 0.00122259 0.000965609 0.000760994 0.000598553 0.000469936 0.000368341 0.000288266 0.000225278 0.000175821 0.000137053 0.00010671 8.29958e-05 6.44866e-05 5.00578e-05 3.88228e-05 3.00841e-05 2.3294e-05 1.80228e-05 1.39346e-05 1.07665e-05 8.31329e-06 6.41517e-06 4.94756e-06 3.81359e-06 2.93797e-06 2.26225e-06 1.74111e-06 1.3394e-06 1.02991e-06 7.91601e-07 6.08185e-07 4.67084e-07 3.58583e-07 2.75187e-07 2.11112e-07 1.61902e-07 1.24123e-07 9.51295e-08 7.28864e-08 5.58279e-08 4.27497e-08 3.27263e-08 2.50464e-08 1.91638e-08 1.46593e-08 1.12108e-08 8.5716e-09 6.55221e-09 5.00747e-09 3.8261e-09 2.92284e-09 2.23237e-09 1.70468e-09 1.30147e-09 9.93454e-10 7.58198e-10 5.7855e-10 4.41393e-10 3.36696e-10 2.56791e-10 1.95818e-10 1.49299e-10 1.13815e-10 8.67511e-11 6.61134e-11 5.03783e-11 3.83829e-11 2.92397e-11 2.22717e-11 1.6962e-11 1.29166e-11 9.83476e-12 7.48736e-12 5.69958e-12 4.33818e-12 3.30159e-12 2.51242e-12 1.91167e-12 1.45442e-12 1.10642e-12 8.41604e-13 6.40106e-13 4.86804e-13 3.70182e-13 2.81472e-13 2.14001e-13 1.62689e-13 1.23669e-13 9.39997e-14 7.14423e-14 5.42935e-14 4.12577e-14
0.00663188 0.00586219 0.00509667 0.00437317 0.00371232 0.00312333 0.00260801 0.00216362 0.00178486 0.00146514 0.00119742 0.000974801 0.000790778 0.000639456 0.000515594 0.000414625 0.000332619 0.000266235 0.000212659 0.000169537 0.000134918 0.000107188 8.50242e-05 6.73443e-05 5.3267e-05 4.20775e-05 3.31976e-05 2.61612e-05 2.05934e-05 1.61937e-05 1.27212e-05 9.98393e-06 7.82855e-06 6.13319e-06 4.80102e-06 3.75524e-06 2.93504e-06 2.29232e-06 1.78911e-06 1.39542e-06 1.08767e-06 8.47267e-07 6.59606e-07 5.13216e-07 3.99095e-07 3.10184e-07 2.40957e-07 1.87087e-07 1.45191e-07 1.12624e-07 8.73226e-08 6.76757e-08 5.2427e-08 4.05974e-08 3.14246e-08 2.43149e-08 1.88066e-08 1.45409e-08 1.12387e-08 8.68348e-09 6.70694e-09 5.1786e-09 3.99726e-09 3.08445e-09 2.37937e-09 1.83493e-09 1.41465e-09 1.09033e-09 8.40138e-10 6.47181e-10 4.98411e-10 3.83742e-10 2.95381e-10 2.27311e-10 1.74886e-10 1.34521e-10 1.03449e-10 7.9536e-11 6.11376e-11 4.69851e-11 3.61012e-11 2.77329e-11 2.13001e-11 1.63562e-11 1.25574e-11 9.6391e-12 7.39764e-12 5.67637e-12 4.35483e-12 3.34039e-12 2.56182e-12 1.96439e-12 1.50603e-12 1.15444e-12 8.8479e-13 6.78018e-13 5.19489e-13 3.97966e-13 3.04825e-13 2.3345e-13 1.78762e-13
0.00499438 0.00474151 0.00437317 0.00394735 0.00350368 0.00306823 0.00265722 0.00227991 0.00194066 0.00164054 0.00137849 0.00115212 0.000958356 0.000793773 0.000654914 0.000538447 0.000441267 0.000360558 0.000293808 0.00023881 0.000193652 0.000156689 0.000126522 0.000101967 8.20291e-05 6.58777e-05 5.28218e-05 4.22891e-05 3.3808e-05 2.69909e-05 2.15205e-05 1.71377e-05 1.36314e-05 1.08303e-05 8.59555e-06 6.81493e-06 5.39786e-06 4.27141e-06 3.37698e-06 2.66751e-06 2.10533e-06 1.66029e-06 1.30832e-06 1.03018e-06 8.10592e-07 6.37364e-07 5.00817e-07 3.93268e-07 3.0862e-07 2.42043e-07 1.89717e-07 1.48617e-07 1.16357e-07 9.105e-08 7.12099e-08 5.56647e-08 4.34915e-08 3.39641e-08 2.65114e-08 2.06846e-08 1.61313e-08 1.25749e-08 9.79846e-09 7.6319e-09 5.94202e-09 4.62451e-09 3.59777e-09 2.79794e-09 2.17514e-09 1.69037e-09 1.31319e-09 1.01983e-09 7.91738e-10 6.14464e-10 4.76732e-10 3.69759e-10 2.86702e-10 2.22236e-10 1.72216e-10 1.33416e-10 1.03329e-10 8.00056e-11 6.193e-11 4.79257e-11 3.70787e-11 2.86795e-11 2.21774e-11 1.71453e-11 1.32519e-11 1.02402e-11 7.91114e-12 6.11044e-12 4.71857e-12 3.64296e-12 2.81194e-12 2.17004e-12 1.67432e-12 1.29159e-12 9.96144e-13 7.68132e-13 5.92197e-13
0.0037612 0.00381685 0.00371232 0.00350368 0.00323295 0.00293089 0.0026194 0.00231352 0.00202308 0.00175402 0.00150946 0.00129053 0.00109696 0.000927587 0.000780692 0.000654267 0.000546189 0.000454341 0.0003767 0.000311379 0.00025666 0.000211002 0.000173041 0.000141583 0.000115594 9.41838e-05 7.6592e-05 6.21731e-05 5.0382e-05 4.07604e-05 3.29253e-05 2.6557e-05 2.13903e-05 1.72056e-05 1.38219e-05 1.109e-05 8.88752e-06 7.11444e-06 5.68893e-06 4.5443e-06 3.62633e-06 2.89101e-06 2.30264e-06 1.83237e-06 1.45688e-06 1.15737e-06 9.18689e-07 7.28661e-07 5.77501e-07 4.57364e-07 3.61962e-07 2.86262e-07 2.26243e-07 1.78692e-07 1.41046e-07 1.11263e-07 8.77165e-08 6.91132e-08 5.44247e-08 4.28345e-08 3.36945e-08 2.6491e-08 2.0817e-08 1.63502e-08 1.28356e-08 1.00718e-08 7.8995e-09 6.19294e-09 4.85293e-09 3.80124e-09 2.97622e-09 2.32931e-09 1.82229e-09 1.42507e-09 1.11401e-09 8.70522e-10 6.80005e-10 5.30992e-10 4.14488e-10 3.23434e-10 2.52298e-10 1.96743e-10 1.53371e-10 1.19522e-10 9.31147e-11 7.25198e-11 5.6463e-11 4.39485e-11 3.41978e-11 2.6603e-11 2.06891e-11 1.60854e-11 1.25028e-11 9.71558e-12 7.54774e-12 5.86212e-12 4.5518e-12 3.5335e-12 2.74234e-12 2.12782e-12 1.65062e-12
0.00283251 0.00305974 0.00312333 0.00306823 0.00293089 0.00274019 0.00251843 0.00228238 0.00204428 0.00181276 0.00159358 0.00139029 0.00120479 0.00103778 0.000889102 0.000757997 0.000643341 0.000543797 0.000457926 0.000384273 0.000321425 0.000268048 0.000222907 0.00018488 0.000152962 0.00012626 0.00010399 8.54711e-05 7.01117e-05 5.74052e-05 4.69182e-05 3.82823e-05 3.11856e-05 2.53655e-05 2.06013e-05 1.67083e-05 1.35328e-05 1.09466e-05 8.84365e-06 7.13618e-06 5.75176e-06 4.63079e-06 3.72432e-06 2.99221e-06 2.40163e-06 1.92576e-06 1.54275e-06 1.23481e-06 9.87481e-07 7.89025e-07 6.29939e-07 5.02531e-07 4.00584e-07 3.19081e-07 2.53977e-07 2.02014e-07 1.60573e-07 1.27548e-07 1.0125e-07 8.03232e-08 6.36826e-08 5.04593e-08 3.99584e-08 3.16248e-08 2.50153e-08 1.97765e-08 1.56266e-08 1.23411e-08 9.74147e-09 7.68566e-09 6.06079e-09 4.77718e-09 3.7637e-09 2.96389e-09 2.33302e-09 1.83563e-09 1.44368e-09 1.13495e-09 8.91874e-10 7.00583e-10 5.50106e-10 4.31785e-10 3.38786e-10 2.6572e-10 2.08337e-10 1.63289e-10 1.27936e-10 1.00204e-10 7.84567e-11 6.14091e-11 4.80502e-11 3.75855e-11 2.93907e-11 2.29757e-11 1.79554e-11 1.40279e-11 1.09563e-11 8.55487e-12 6.6779e-12 5.2113e-12 4.06569e-12
0.00213312 0.00244382 0.00260801 0.00265722 0.0026194 0.00251843 0.00237413 0.00220254 0.00201626 0.00182492 0.00163566 0.00145354 0.00128197 0.00112305 0.000977893 0.000846839 0.000729693 0.000625884 0.000534588 0.000454837 0.00038559 0.000325791 0.000274404 0.000230445 0.000192995 0.000161213 0.000134335 0.00011168 9.26422e-05 7.66902e-05 6.33596e-05 5.22477e-05 4.30074e-05 3.53407e-05 2.89932e-05 2.37485e-05 1.94233e-05 1.5863e-05 1.29374e-05 1.05373e-05 8.57148e-06 6.96381e-06 5.65095e-06 4.58035e-06 3.70847e-06 2.99934e-06 2.4233e-06 1.95594e-06 1.57718e-06 1.27057e-06 1.02264e-06 8.22361e-07 6.6074e-07 5.30441e-07 4.25493e-07 3.41041e-07 2.73142e-07 2.18599e-07 1.74821e-07 1.39712e-07 1.11577e-07 8.90481e-08 7.10219e-08 5.66087e-08 4.50926e-08 3.58974e-08 2.85604e-08 2.27099e-08 1.80476e-08 1.43346e-08 1.13794e-08 9.0286e-09 7.15976e-09 5.67489e-09 4.49575e-09 3.55989e-09 2.8175e-09 2.2289e-09 1.76247e-09 1.39302e-09 1.10053e-09 8.69085e-10 6.86024e-10 5.413e-10 4.26934e-10 3.36598e-10 2.65273e-10 2.08982e-10 1.64574e-10 1.29554e-10 1.0195e-10 8.01986e-11 6.3066e-11 4.95763e-11 3.89589e-11 3.06052e-11 2.40348e-11 1.88689e-11 1.48087e-11 1.16185e-11 9.11281e-12
0.00160643 0.00194551 0.00216362 0.00227991 0.00231352 0.00228238 0.00220254 0.00208793 0.00195019 0.00179883 0.0016414 0.0014837 0.00133005 0.00118351 0.00104613 0.000919153 0.000803174 0.00069832 0.000604362 0.000520824 0.000447063 0.000382342 0.00032587 0.000276849 0.000234493 0.000198055 0.000166832 0.000140176 0.000117497 9.82633e-05 8.20007e-05 6.82889e-05 5.67584e-05 4.70865e-05 3.89928e-05 3.2235e-05 2.66047e-05 2.19231e-05 1.80381e-05 1.48199e-05 1.21588e-05 9.9621e-06 8.15166e-06 6.66186e-06 5.43774e-06 4.43336e-06 3.6104e-06 2.93699e-06 2.38664e-06 1.93743e-06 1.5712e-06 1.27297e-06 1.03038e-06 8.33256e-07 6.73249e-07 5.435e-07 4.38388e-07 3.53317e-07 2.84529e-07 2.28956e-07 1.84098e-07 1.47921e-07 1.18768e-07 9.52939e-08 7.64074e-08 6.12233e-08 4.90248e-08 3.9232e-08 3.13758e-08 2.50776e-08 2.00319e-08 1.5992e-08 1.27597e-08 1.0175e-08 8.10954e-09 6.45989e-09 5.14313e-09 4.09269e-09 3.25516e-09 2.58776e-09 2.0562e-09 1.63307e-09 1.29641e-09 1.02868e-09 8.15884e-10 6.46824e-10 5.12575e-10 4.06019e-10 3.21481e-10 2.54441e-10 2.01301e-10 1.59197e-10 1.25851e-10 9.94525e-11 7.85618e-11 6.20367e-11 4.89699e-11 3.86417e-11 3.04811e-11 2.40358e-11 1.89469e-11
0.00120978 0.00154429 0.00178486 0.00194066 0.00202308 0.00204428 0.00201626 0.00195019 0.00185605 0.0017425 0.00161682 0.00148493 0.00135157 0.00122034 0.00109395 0.000974285 0.000862582 0.000759558 0.000665513 0.000580435 0.000504078 0.000436032 0.000375776 0.000322725 0.000276263 0.000235767 0.000200625 0.000170256 0.000144111 0.000121681 0.000102502 8.61553e-05 7.22618e-05 6.04863e-05 5.05319e-05 4.21376e-05 3.50754e-05 2.91472e-05 2.41813e-05 2.00299e-05 1.65662e-05 1.36815e-05 1.12832e-05 9.2927e-06 7.64335e-06 6.27878e-06 5.15152e-06 4.22164e-06 3.45564e-06 2.82549e-06 2.30776e-06 1.88292e-06 1.53474e-06 1.24971e-06 1.01664e-06 8.26265e-07 6.70933e-07 5.44322e-07 4.41225e-07 3.57356e-07 2.89194e-07 2.33847e-07 1.88946e-07 1.52551e-07 1.23076e-07 9.92246e-08 7.99392e-08 6.43578e-08 5.17788e-08 4.16311e-08 3.34506e-08 2.68608e-08 2.15559e-08 1.72883e-08 1.38575e-08 1.11011e-08 8.88793e-09 7.11207e-09 5.68796e-09 4.54659e-09 3.63236e-09 2.90048e-09 2.31491e-09 1.84665e-09 1.4724e-09 1.17344e-09 9.34745e-10 7.44266e-10 5.92336e-10 4.71212e-10 3.74694e-10 2.97819e-10 2.36618e-10 1.87916e-10 1.49177e-10 1.18378e-10 9.39007e-11 7.4456e-11 5.90155e-11 4.67596e-11 3.70354e-11
0.000911067 0.00122259 0.00146514 0.00164054 0.00175402 0.00181276 0.00182492 0.00179883 0.0017425 0.00166333 0.00156785 0.00146171 0.00134964 0.00123549 0.0011223 0.00101239 0.000907465 0.00080871 0.000716868 0.000632334 0.000555229 0.00048546 0.000422779 0.000366827 0.000317174 0.000273345 0.000234845 0.000201179 0.000171863 0.000146434 0.000124456 0.000105526 8.92726e-05 7.53595e-05 6.34832e-05 5.33728e-05 4.47875e-05 3.75148e-05 3.13682e-05 2.61846e-05 2.18222e-05 1.81582e-05 1.50868e-05 1.25167e-05 1.03698e-05 8.57962e-06 7.08917e-06 5.85022e-06 4.82187e-06 3.96956e-06 3.26414e-06 2.68107e-06 2.19977e-06 1.80296e-06 1.47622e-06 1.20749e-06 9.86719e-07 8.05553e-07 6.57045e-07 5.35436e-07 4.35955e-07 3.54655e-07 2.88277e-07 2.34133e-07 1.90008e-07 1.5408e-07 1.24852e-07 1.01093e-07 8.17972e-08 6.61377e-08 5.34393e-08 4.31499e-08 3.48188e-08 2.80781e-08 2.2628e-08 1.82246e-08 1.46692e-08 1.18004e-08 9.48717e-09 7.62303e-09 6.12176e-09 4.91345e-09 3.94152e-09 3.16017e-09 2.53241e-09 2.02832e-09 1.62376e-09 1.29925e-09 1.0391e-09 8.30645e-10 6.637e-10 5.30065e-10 4.23148e-10 3.37647e-10 2.69306e-10 2.14706e-10 1.71103e-10 1.36299e-10 1.08531e-10 8.63848e-11 6.87309e-11
0.000686112 0.000965609 0.00119742 0.00137849 0.00150946 0.00159358 0.00163566 0.0016414 0.00161682 0.00156785 0.00150007 0.00141854 0.00132771 0.00123138 0.0011327 0.00103424 0.000937988 0.000845469 0.000757771 0.000675628 0.000599477 0.000529516 0.000465757 0.000408065 0.0003562 0.000309848 0.000268645 0.0002322 0.00020011 0.000171975 0.000147405 0.000126028 0.000107491 9.14712e-05 7.76679e-05 6.58092e-05 5.56489e-05 4.69664e-05 3.9565e-05 3.32706e-05 2.79295e-05 2.34071e-05 1.95857e-05 1.63629e-05 1.36501e-05 1.13707e-05 9.45878e-06 7.85776e-06 6.51923e-06 5.40188e-06 4.47056e-06 3.69541e-06 3.05114e-06 2.51637e-06 2.07307e-06 1.70606e-06 1.40258e-06 1.15193e-06 9.45142e-07 7.74742e-07 6.34475e-07 5.19134e-07 4.24386e-07 3.46633e-07 2.82888e-07 2.30676e-07 1.8795e-07 1.53018e-07 1.24483e-07 1.01194e-07 8.22018e-08 6.67262e-08 5.41263e-08 4.38755e-08 3.55422e-08 2.87728e-08 2.32777e-08 1.88201e-08 1.52068e-08 1.22798e-08 9.91022e-09 7.99325e-09 6.4434e-09 5.19114e-09 4.17995e-09 3.36392e-09 2.70575e-09 2.17523e-09 1.74782e-09 1.4037e-09 1.12676e-09 9.04028e-10 7.24975e-10 5.81113e-10 4.65582e-10 3.72851e-10 2.98456e-10 2.388e-10 1.90985e-10 1.52679e-10 1.22005e-10
0.000516702 0.000760994 0.000974801 0.00115212 0.00129053 0.00139029 0.00145354 0.0014837 0.00148493 0.00146171 0.00141854 0.00135973 0.00128926 0.00121068 0.00112708 0.00104107 0.000954807 0.000870011 0.00078802 0.000709829 0.000636136 0.000567388 0.000503829 0.000445535 0.000392453 0.000344429 0.000301238 0.000262602 0.000228214 0.000197747 0.000170869 0.000147253 0.000126579 0.000108544 9.28641e-05 7.9273e-05 6.75275e-05 5.74051e-05 4.87046e-05 4.1245e-05 3.48647e-05 2.94199e-05 2.47837e-05 2.08442e-05 1.75034e-05 1.46758e-05 1.22869e-05 1.02723e-05 8.57618e-06 7.1506e-06 5.95428e-06 4.9519e-06 4.11325e-06 3.4126e-06 2.82804e-06 2.34099e-06 1.93572e-06 1.59892e-06 1.31935e-06 1.08758e-06 8.95641e-07 7.36875e-07 6.05688e-07 4.97405e-07 4.08118e-07 3.34569e-07 2.74043e-07 2.24281e-07 1.83406e-07 1.49863e-07 1.2236e-07 9.98286e-08 8.13861e-08 6.63026e-08 5.39763e-08 4.39111e-08 3.56985e-08 2.90025e-08 2.35471e-08 1.91056e-08 1.54922e-08 1.25544e-08 1.01675e-08 8.22959e-09 6.65714e-09 5.38207e-09 4.34877e-09 3.51191e-09 2.83456e-09 2.28663e-09 1.84366e-09 1.48573e-09 1.19669e-09 9.63396e-10 7.75206e-10 6.23477e-10 5.01208e-10 4.02729e-10 3.23452e-10 2.59663e-10 2.08362e-10
0.000389121 0.000598553 0.000790778 0.000958356 0.00109696 0.00120479 0.00128197 0.00133005 0.00135157 0.00134964 0.00132771 0.00128926 0.00123769 0.00117617 0.00110758 0.00103444 0.000958939 0.000882895 0.000807794 0.000734812 0.000664846 0.000598545 0.000536352 0.00047853 0.000425197 0.000376357 0.000331919 0.000291725 0.000255566 0.0002232 0.000194361 0.000168777 0.000146172 0.000126272 0.000108817 9.35569e-05 8.02577e-05 6.87017e-05 5.86889e-05 5.00364e-05 4.25784e-05 3.61657e-05 3.06646e-05 2.59559e-05 2.19341e-05 1.8506e-05 1.55896e-05 1.31133e-05 1.10144e-05 9.23847e-06 7.7384e-06 6.47337e-06 5.40822e-06 4.51272e-06 3.76096e-06 3.13075e-06 2.60317e-06 2.16209e-06 1.7938e-06 1.48668e-06 1.23087e-06 1.01806e-06 8.41221e-07 6.94435e-07 5.72729e-07 4.71923e-07 3.88514e-07 3.1957e-07 2.62638e-07 2.15669e-07 1.76956e-07 1.45076e-07 1.18848e-07 9.72872e-08 7.95786e-08 6.50459e-08 5.31292e-08 4.33652e-08 3.53713e-08 2.88316e-08 2.34855e-08 1.91182e-08 1.55532e-08 1.26451e-08 1.02744e-08 8.34318e-09 6.77094e-09 5.4918e-09 4.45177e-09 3.60667e-09 2.9204e-09 2.36343e-09 1.91166e-09 1.54545e-09 1.24874e-09 1.00849e-09 8.14054e-10 6.56784e-10 5.29642e-10 4.2691e-10 3.43944e-10
0.000293042 0.000469936 0.000639456 0.000793773 0.000927587 0.00103778 0.00112305 0.00118351 0.00122034 0.00123549 0.00123138 0.00121068 0.00117617 0.00113056 0.00107641 0.00101608 0.000951656 0.000884973 0.000817578 0.000750755 0.000685535 0.000622722 0.000562916 0.00050654 0.000453864 0.000405033 0.000360086 0.00031898 0.000281609 0.000247815 0.00021741 0.000190179 0.000165897 0.000144331 0.00012525 0.000108428 9.36467e-05 8.06997e-05 6.93933e-05 5.95479e-05 5.09978e-05 4.35917e-05 3.71924e-05 3.1676e-05 2.69313e-05 2.28593e-05 1.93717e-05 1.63907e-05 1.38474e-05 1.16817e-05 9.84073e-06 8.27847e-06 6.95492e-06 5.83539e-06 4.88989e-06 4.09256e-06 3.42115e-06 2.85657e-06 2.38246e-06 1.98485e-06 1.65181e-06 1.37322e-06 1.14044e-06 9.46183e-07 7.84247e-07 6.49408e-07 5.37252e-07 4.44063e-07 3.66712e-07 3.02571e-07 2.49438e-07 2.05464e-07 1.69105e-07 1.39069e-07 1.14279e-07 9.38357e-08 7.69922e-08 6.31257e-08 5.17194e-08 4.23442e-08 3.46445e-08 2.83257e-08 2.31439e-08 1.88977e-08 1.54207e-08 1.25755e-08 1.02489e-08 8.34763e-09 6.79504e-09 5.52797e-09 4.49457e-09 3.65229e-09 2.9662e-09 2.40767e-09 1.95326e-09 1.58377e-09 1.28351e-09 1.03964e-09 8.41676e-10 6.81071e-10 5.50842e-10
0.000220686 0.000368341 0.000515594 0.000654914 0.000780692 0.000889102 0.000977893 0.00104613 0.00109395 0.0011223 0.0011327 0.00112708 0.00110758 0.00107641 0.00103578 0.00098779 0.000934378 0.000877298 0.000818091 0.00075808 0.000698376 0.000639885 0.000583327 0.000529249 0.000478049 0.000429996 0.000385247 0.000343868 0.000305848 0.000271121 0.00023957 0.000211049 0.000185386 0.000162393 0.000141876 0.000123638 0.000107483 9.32211e-05 8.0671e-05 6.96605e-05 6.00283e-05 5.16248e-05 4.43123e-05 3.79651e-05 3.24687e-05 2.77199e-05 2.3626e-05 2.0104e-05 1.70802e-05 1.44891e-05 1.22729e-05 1.03808e-05 8.76813e-06 7.39599e-06 6.23038e-06 5.24176e-06 4.40452e-06 3.69653e-06 3.09868e-06 2.59454e-06 2.16999e-06 1.81292e-06 1.513e-06 1.26138e-06 1.05053e-06 8.74068e-07 7.2654e-07 6.0334e-07 5.00567e-07 4.14925e-07 3.43631e-07 2.84341e-07 2.35081e-07 1.94193e-07 1.60287e-07 1.32195e-07 1.08942e-07 8.97101e-08 7.38179e-08 6.06964e-08 4.98713e-08 4.09479e-08 3.35977e-08 2.75482e-08 2.25728e-08 1.84838e-08 1.51258e-08 1.237e-08 1.01099e-08 8.25777e-09 6.74087e-09 5.49936e-09 4.4839e-09 3.65385e-09 2.97579e-09 2.42221e-09 1.97055e-09 1.60224e-09 1.30209e-09 1.05762e-09 8.58604e-10
0.000166195 0.000288266 0.000414625 0.000538447 0.000654267 0.000757997 0.000846839 0.000919153 0.000974285 0.00101239 0.00103424 0.00104107 0.00103444 0.00101608 0.00098779 0.000951386 0.0009086 0.000861052 0.000810217 0.000757401 0.000703742 0.000650202 0.000597579 0.000546513 0.000497504 0.000450922 0.000407027 0.000365982 0.000327869 0.000292702 0.000260443 0.000231009 0.000204286 0.000180136 0.000158405 0.00013893 0.000121542 0.000106073 9.23587e-05 8.02376e-05 6.95575e-05 6.01741e-05 5.19526e-05 4.47679e-05 3.8505e-05 3.30586e-05 2.83332e-05 2.42423e-05 2.07082e-05 1.76614e-05 1.50397e-05 1.27881e-05 1.08578e-05 9.20599e-06 7.79478e-06 6.59114e-06 5.56615e-06 4.69464e-06 3.95474e-06 3.32747e-06 2.79643e-06 2.34748e-06 1.96842e-06 1.64879e-06 1.3796e-06 1.15317e-06 9.62932e-07 8.03288e-07 6.69466e-07 5.57414e-07 4.63689e-07 3.85376e-07 3.20007e-07 2.65497e-07 2.20086e-07 1.82291e-07 1.50864e-07 1.24756e-07 1.03085e-07 8.51139e-08 7.02229e-08 5.78945e-08 4.7696e-08 3.92663e-08 3.23038e-08 2.65578e-08 2.18192e-08 1.79143e-08 1.46987e-08 1.20526e-08 9.87667e-09 8.08861e-09 6.62025e-09 5.41523e-09 4.42695e-09 3.61695e-09 2.95349e-09 2.41038e-09 1.96606e-09 1.60278e-09 1.30593e-09
0.00012516 0.000225278 0.000332619 0.000441267 0.000546189 0.000643341 0.000729693 0.000803174 0.000862582 0.000907465 0.000937988 0.000954807 0.000958939 0.000951656 0.000934378 0.0009086 0.000875818 0.00083748 0.000794948 0.000749469 0.000702161 0.000654002 0.00060583 0.000558348 0.000512127 0.000467619 0.000425166 0.000385018 0.000347335 0.000312211 0.000279678 0.000249716 0.000222271 0.000197254 0.000174556 0.000154049 0.000135597 0.000119056 0.000104282 9.11296e-05 7.94589e-05 6.91342e-05 6.00267e-05 5.20149e-05 4.49855e-05 3.88335e-05 3.34624e-05 2.87838e-05 2.47175e-05 2.11909e-05 1.81385e-05 1.55018e-05 1.32286e-05 1.12723e-05 9.59167e-06 8.1504e-06 6.91642e-06 5.86161e-06 4.96136e-06 4.19418e-06 3.54135e-06 2.98662e-06 2.51589e-06 2.11698e-06 1.77938e-06 1.49401e-06 1.2531e-06 1.04997e-06 8.78889e-07 7.34966e-07 6.14025e-07 5.12506e-07 4.27381e-07 3.56076e-07 2.96408e-07 2.46526e-07 2.04867e-07 1.70107e-07 1.41131e-07 1.16997e-07 9.69153e-08 8.02191e-08 6.63495e-08 5.48376e-08 4.52904e-08 3.73788e-08 3.08278e-08 2.54076e-08 2.09263e-08 1.7224e-08 1.41675e-08 1.1646e-08 9.56723e-09 7.85468e-09 6.44477e-09 5.28478e-09 4.33103e-09 3.54735e-09 2.90382e-09 2.3757e-09 1.94256e-09
9.42559e-05 0.000175821 0.000266235 0.000360558 0.000454341 0.000543797 0.000625884 0.00069832 0.000759558 0.00080871 0.000845469 0.000870011 0.000882895 0.000884973 0.000877298 0.000861052 0.00083748 0.000807833 0.00077333 0.000735122 0.000694273 0.000651742 0.000608375 0.000564905 0.000521948 0.000480016 0.000439516 0.000400766 0.000363997 0.00032937 0.000296982 0.000266875 0.00023905 0.000213468 0.000190064 0.00016875 0.000149423 0.000131967 0.00011626 0.000102179 8.95958e-05 7.83883e-05 6.84362e-05 5.96242e-05 5.18434e-05 4.49911e-05 3.89717e-05 3.36967e-05 2.90848e-05 2.50615e-05 2.15593e-05 1.85169e-05 1.58792e-05 1.35968e-05 1.16254e-05 9.92567e-06 8.46273e-06 7.20569e-06 6.12731e-06 5.20365e-06 4.41372e-06 3.73915e-06 3.16391e-06 2.67408e-06 2.25752e-06 1.90375e-06 1.60369e-06 1.34949e-06 1.13442e-06 9.52661e-07 7.99236e-07 6.69872e-07 5.60917e-07 4.69248e-07 3.92206e-07 3.27521e-07 2.73266e-07 2.27805e-07 1.89747e-07 1.57918e-07 1.31323e-07 1.0912e-07 9.06011e-08 7.51678e-08 6.23168e-08 5.16251e-08 4.27369e-08 3.5354e-08 2.92262e-08 2.4144e-08 1.99321e-08 1.64442e-08 1.35578e-08 1.11709e-08 9.19843e-09 7.56958e-09 6.22537e-09 5.11681e-09 4.20318e-09 3.45067e-09 2.83128e-09
7.09829e-05 0.000137053 0.000212659 0.000293808 0.0003767 0.000457926 0.000534588 0.000604362 0.000665513 0.000716868 0.000757771 0.00078802 0.000807794 0.000817578 0.000818091 0.000810217 0.000794948 0.00077333 0.000746419 0.000715247 0.000680795 0.000643975 0.000605613 0.000566444 0.000527108 0.000488152 0.00045003 0.000413112 0.000377687 0.000343974 0.000312125 0.000282241 0.000254371 0.000228527 0.000204688 0.000182803 0.000162805 0.000144607 0.000128115 0.000113224 9.98256e-05 8.78118e-05 7.70736e-05 6.75045e-05 5.90019e-05 5.14677e-05 4.48093e-05 3.89397e-05 3.37779e-05 2.92492e-05 2.52846e-05 2.18215e-05 1.88026e-05 1.61763e-05 1.38957e-05 1.19192e-05 1.02092e-05 8.73232e-06 7.459e-06 6.36294e-06 5.42096e-06 4.61264e-06 3.92004e-06 3.32745e-06 2.82115e-06 2.38917e-06 2.02107e-06 1.70783e-06 1.4416e-06 1.21561e-06 1.024e-06 8.61737e-07 7.24477e-07 6.08498e-07 5.10608e-07 4.28074e-07 3.58558e-07 3.00066e-07 2.50899e-07 2.09611e-07 1.74972e-07 1.45939e-07 1.21625e-07 1.01283e-07 8.42778e-08 7.00748e-08 5.82221e-08 4.83389e-08 4.01045e-08 3.32494e-08 2.7547e-08 2.28069e-08 1.88699e-08 1.56022e-08 1.2892e-08 1.06458e-08 8.78539e-09 7.24565e-09 5.97213e-09 4.9195e-09 4.05002e-09
5.34562e-05 0.00010671 0.000169537 0.00023881 0.000311379 0.000384273 0.000454837 0.000520824 0.000580435 0.000632334 0.000675628 0.000709829 0.000734812 0.000750755 0.00075808 0.000757401 0.000749469 0.000735122 0.000715247 0.00069074 0.000662483 0.000631315 0.00059802 0.000563315 0.000527841 0.000492159 0.000456752 0.000422028 0.000388318 0.000355887 0.000324938 0.000295619 0.000268027 0.000242218 0.000218212 0.000195998 0.000175542 0.000156789 0.00013967 0.000124104 0.000110004 9.7276e-05 8.58255e-05 7.55569e-05 6.63761e-05 5.81915e-05 5.09151e-05 4.44632e-05 3.87568e-05 3.37219e-05 2.92899e-05 2.53972e-05 2.19857e-05 1.9002e-05 1.63977e-05 1.41289e-05 1.21561e-05 1.04438e-05 8.9602e-06 7.67688e-06 6.56865e-06 5.61314e-06 4.79058e-06 4.08352e-06 3.47664e-06 2.95648e-06 2.51126e-06 2.13069e-06 1.80582e-06 1.52884e-06 1.29299e-06 1.0924e-06 9.21999e-07 7.77414e-07 6.54872e-07 5.51124e-07 4.63384e-07 3.89259e-07 3.26701e-07 2.73957e-07 2.29532e-07 1.92149e-07 1.60723e-07 1.34327e-07 1.12177e-07 9.3607e-08 7.80511e-08 6.50313e-08 5.41433e-08 4.50455e-08 3.74496e-08 3.11127e-08 2.58303e-08 2.14302e-08 1.77677e-08 1.47215e-08 1.21896e-08 1.00868e-08 8.34146e-09 6.89389e-09 5.69406e-09
4.02572e-05 8.29958e-05 0.000134918 0.000193652 0.00025666 0.000321425 0.00038559 0.000447063 0.000504078 0.000555229 0.000599477 0.000636136 0.000664846 0.000685535 0.000698376 0.000703742 0.000702161 0.000694273 0.000680795 0.000662483 0.000640102 0.000614409 0.000586127 0.000555935 0.000524455 0.000492247 0.000459806 0.00042756 0.000395873 0.000365043 0.000335314 0.000306872 0.000279858 0.000254366 0.000230456 0.000208152 0.000187454 0.000168337 0.00015076 0.000134666 0.000119988 0.000106652 9.45759e-05 8.36786e-05 7.38758e-05 6.50841e-05 5.7222e-05 5.02105e-05 4.39741e-05 3.84409e-05 3.35437e-05 2.92194e-05 2.54095e-05 2.206e-05 1.91215e-05 1.65486e-05 1.43003e-05 1.23392e-05 1.06318e-05 9.14781e-06 7.86026e-06 6.74495e-06 5.78039e-06 4.9475e-06 4.22939e-06 3.61114e-06 3.07964e-06 2.62333e-06 2.23212e-06 1.89716e-06 1.61072e-06 1.36608e-06 1.15741e-06 9.79617e-07 8.28314e-07 6.997e-07 5.90494e-07 4.97868e-07 4.19387e-07 3.52961e-07 2.96794e-07 2.4935e-07 2.09312e-07 1.75557e-07 1.47126e-07 1.232e-07 1.03083e-07 8.61847e-08 7.20016e-08 6.01076e-08 5.01414e-08 4.17975e-08 3.48174e-08 2.89826e-08 2.4109e-08 2.00414e-08 1.6649e-08 1.38218e-08 1.14672e-08 9.50774e-09 7.87816e-09
3.03171e-05 6.44866e-05 0.000107188 0.000156689 0.000211002 0.000268048 0.000325791 0.000382342 0.000436032 0.00048546 0.000529516 0.000567388 0.000598545 0.000622722 0.000639885 0.000650202 0.000654002 0.000651742 0.000643975 0.000631315 0.000614409 0.000593919 0.000570495 0.000544764 0.000517314 0.000488689 0.00045938 0.000429825 0.000400402 0.000371438 0.000343201 0.000315914 0.000289749 0.000264837 0.00024127 0.000219108 0.000198382 0.000179095 0.000161233 0.000144764 0.000129643 0.000115812 0.000103209 9.17648e-05 8.14073e-05 7.20629e-05 6.36579e-05 5.61194e-05 4.93767e-05 4.33616e-05 3.8009e-05 3.32577e-05 2.90497e-05 2.53313e-05 2.20526e-05 1.91677e-05 1.66343e-05 1.44139e-05 1.24715e-05 1.07754e-05 9.29691e-06 8.01034e-06 6.89263e-06 5.92317e-06 5.08361e-06 4.35764e-06 3.73082e-06 3.19039e-06 2.72508e-06 2.325e-06 1.98147e-06 1.68686e-06 1.43453e-06 1.21868e-06 1.03425e-06 8.76859e-07 7.42693e-07 6.28452e-07 5.31285e-07 4.48727e-07 3.78655e-07 3.19242e-07 2.68917e-07 2.26332e-07 1.90331e-07 1.59924e-07 1.34266e-07 1.12635e-07 9.44153e-08 7.90819e-08 6.61887e-08 5.53564e-08 4.62631e-08 3.86357e-08 3.22431e-08 2.68895e-08 2.24095e-08 1.86633e-08 1.55331e-08 1.29194e-08 1.07386e-08
2.28314e-05 5.00578e-05 8.50242e-05 0.000126522 0.000173041 0.000222907 0.000274404 0.00032587 0.000375776 0.000422779 0.000465757 0.000503829 0.000536352 0.000562916 0.000583327 0.000597579 0.00060583 0.000608375 0.000605613 0.00059802 0.000586127 0.000570495 0.000551693 0.000530287 0.000506819 0.000481804 0.000455718 0.000428992 0.000402014 0.000375121 0.000348604 0.000322707 0.000297631 0.000273535 0.000250543 0.000228742 0.000208193 0.000188926 0.000170953 0.000154265 0.000138838 0.000124636 0.000111612 9.97118e-05 8.88764e-05 7.90431e-05 7.01472e-05 6.21234e-05 5.49068e-05 4.84341e-05 4.26436e-05 3.74766e-05 3.2877e-05 2.87921e-05 2.51722e-05 2.19715e-05 1.91472e-05 1.66601e-05 1.44741e-05 1.25565e-05 1.08773e-05 9.40945e-06 8.12859e-06 7.01273e-06 6.04218e-06 5.19933e-06 4.4685e-06 3.83574e-06 3.28867e-06 2.81635e-06 2.40913e-06 2.0585e-06 1.75699e-06 1.49804e-06 1.27592e-06 1.08562e-06 9.22785e-07 7.836e-07 6.64767e-07 5.63423e-07 4.77086e-07 4.03611e-07 3.41147e-07 2.88098e-07 2.43088e-07 2.04937e-07 1.7263e-07 1.45298e-07 1.22194e-07 1.02684e-07 8.62218e-08 7.23437e-08 6.0654e-08 5.08156e-08 4.25423e-08 3.55905e-08 2.97538e-08 2.48572e-08 2.07522e-08 1.73136e-08 1.44352e-08
1.7194e-05 3.88228e-05 6.73443e-05 0.000101967 0.000141583 0.00018488 0.000230445 0.000276849 0.000322725 0.000366827 0.000408065 0.000445535 0.00047853 0.00050654 0.000529249 0.000546513 0.000558348 0.000564905 0.000566444 0.000563315 0.000555935 0.000544764 0.000530287 0.000513 0.000493394 0.000471944 0.000449099 0.000425278 0.000400862 0.000376192 0.000351572 0.00032726 0.000303478 0.000280408 0.000258197 0.00023696 0.00021678 0.000197716 0.000179801 0.00016305 0.000147459 0.000133012 0.000119678 0.000107419 9.61902e-05 8.59397e-05 7.66132e-05 6.81537e-05 6.05036e-05 5.36051e-05 4.74012e-05 4.18367e-05 3.6858e-05 3.24142e-05 2.84571e-05 2.49413e-05 2.18241e-05 1.90662e-05 1.66311e-05 1.44851e-05 1.25975e-05 1.09401e-05 9.48757e-06 8.21663e-06 7.10646e-06 6.13828e-06 5.29527e-06 4.56235e-06 3.92609e-06 3.37455e-06 2.89712e-06 2.4844e-06 2.1281e-06 1.82091e-06 1.5564e-06 1.32892e-06 1.13352e-06 9.65876e-07 8.22215e-07 6.99244e-07 5.941e-07 5.04296e-07 4.27675e-07 3.6237e-07 3.06766e-07 2.5947e-07 2.19279e-07 1.85158e-07 1.56218e-07 1.31695e-07 1.10934e-07 9.33725e-08 7.85308e-08 6.59984e-08 5.54248e-08 4.65112e-08 3.9003e-08 3.26837e-08 2.73692e-08 2.29031e-08 1.91529e-08
1.29486e-05 3.00841e-05 5.3267e-05 8.20291e-05 0.000115594 0.000152962 0.000192995 0.000234493 0.000276263 0.000317174 0.0003562 0.000392453 0.000425197 0.000453864 0.000478049 0.000497504 0.000512127 0.000521948 0.000527108 0.000527841 0.000524455 0.000517314 0.000506819 0.000493394 0.000477471 0.000459479 0.000439834 0.000418931 0.000397138 0.000374792 0.000352197 0.000329622 0.000307302 0.000285435 0.000264188 0.000243696 0.000224065 0.000205374 0.00018768 0.000171017 0.000155402 0.000140836 0.000127307 0.000114792 0.000103259 9.26695e-05 8.29792e-05 7.41407e-05 6.61043e-05 5.88187e-05 5.22326e-05 4.62947e-05 4.09554e-05 3.61662e-05 3.18807e-05 2.80548e-05 2.46469e-05 2.16178e-05 1.8931e-05 1.65525e-05 1.44511e-05 1.2598e-05 1.09668e-05 9.53349e-06 8.2762e-06 7.17516e-06 6.2125e-06 5.37215e-06 4.63969e-06 4.00223e-06 3.44824e-06 2.96747e-06 2.55082e-06 2.19022e-06 1.87854e-06 1.60948e-06 1.37752e-06 1.17777e-06 1.00596e-06 8.58371e-07 7.31722e-07 6.23164e-07 5.30214e-07 4.50715e-07 3.82789e-07 3.24813e-07 2.75377e-07 2.33266e-07 1.97428e-07 1.66958e-07 1.41076e-07 1.19111e-07 1.00487e-07 8.47094e-08 7.13548e-08 6.00606e-08 5.05169e-08 4.24589e-08 3.56608e-08 2.99301e-08 2.5103e-08
9.75141e-06 2.3294e-05 4.20775e-05 6.58777e-05 9.41838e-05 0.00012626 0.000161213 0.000198055 0.000235767 0.000273345 0.000309848 0.000344429 0.000376357 0.000405033 0.000429996 0.000450922 0.000467619 0.000480016 0.000488152 0.000492159 0.000492247 0.000488689 0.000481804 0.000471944 0.000459479 0.000444789 0.000428249 0.000410224 0.000391063 0.00037109 0.000350606 0.00032988 0.000309153 0.000288635 0.000268506 0.000248918 0.000229995 0.000211835 0.000194513 0.000178082 0.000162579 0.00014802 0.000134411 0.000121743 0.000109999 9.91527e-05 8.91706e-05 8.00155e-05 7.16458e-05 6.40179e-05 5.70864e-05 5.08054e-05 4.51293e-05 4.00131e-05 3.5413e-05 3.12868e-05 2.75943e-05 2.42971e-05 2.13594e-05 1.87472e-05 1.64292e-05 1.43763e-05 1.25614e-05 1.096e-05 9.54948e-06 8.30913e-06 7.22027e-06 6.26594e-06 5.43083e-06 4.70116e-06 4.06458e-06 3.51002e-06 3.02758e-06 2.60847e-06 2.24486e-06 1.92983e-06 1.65722e-06 1.42162e-06 1.21825e-06 1.04292e-06 8.91939e-07 7.62069e-07 6.50486e-07 5.54719e-07 4.72615e-07 4.02298e-07 3.42138e-07 2.9072e-07 2.46817e-07 2.09367e-07 1.77452e-07 1.50279e-07 1.27165e-07 1.07521e-07 9.08407e-08 7.66895e-08 6.46941e-08 5.45344e-08 4.59368e-08 3.86668e-08 3.25243e-08
7.34365e-06 1.80228e-05 3.31976e-05 5.28218e-05 7.6592e-05 0.00010399 0.000134335 0.000166832 0.000200625 0.000234845 0.000268645 0.000301238 0.000331919 0.000360086 0.000385247 0.000407027 0.000425166 0.000439516 0.00045003 0.000456752 0.000459806 0.00045938 0.000455718 0.000449099 0.000439834 0.000428249 0.000414676 0.000399445 0.00038288 0.000365286 0.000346953 0.000328147 0.000309108 0.000290052 0.000271168 0.00025262 0.000234545 0.000217056 0.000200244 0.000184181 0.000168917 0.000154487 0.000140911 0.000128194 0.000116334 0.000105315 9.51165e-05 8.5711e-05 7.7066e-05 6.91454e-05 6.19107e-05 5.53219e-05 4.9338e-05 4.39182e-05 3.90218e-05 3.46092e-05 3.06422e-05 2.7084e-05 2.38993e-05 2.10552e-05 1.85205e-05 1.62659e-05 1.42645e-05 1.24911e-05 1.09227e-05 9.53784e-06 8.31728e-06 7.24329e-06 6.29979e-06 5.47223e-06 4.74747e-06 4.11369e-06 3.56027e-06 3.07771e-06 2.65752e-06 2.29213e-06 1.97481e-06 1.69958e-06 1.46118e-06 1.25491e-06 1.07667e-06 9.22823e-07 7.90187e-07 6.75966e-07 5.7771e-07 4.9328e-07 4.20805e-07 3.58658e-07 3.05421e-07 2.59862e-07 2.20911e-07 1.87642e-07 1.59252e-07 1.35049e-07 1.14433e-07 9.68882e-08 8.19705e-08 6.92971e-08 5.85395e-08 4.94157e-08 4.16837e-08
5.5304e-06 1.39346e-05 2.61612e-05 4.22891e-05 6.21731e-05 8.54711e-05 0.00011168 0.000140176 0.000170256 0.000201179 0.0002322 0.000262602 0.000291725 0.00031898 0.000343868 0.000365982 0.000385018 0.000400766 0.000413112 0.000422028 0.00042756 0.000429825 0.000428992 0.000425278 0.000418931 0.000410224 0.000399445 0.000386887 0.000372841 0.000357593 0.000341415 0.000324563 0.000307272 0.00028976 0.00027222 0.000254821 0.000237711 0.000221016 0.000204839 0.000189266 0.000174362 0.000160175 0.00014674 0.000134076 0.000122193 0.000111088 0.000100751 9.1164e-05 8.23049e-05 7.41452e-05 6.66538e-05 5.97968e-05 5.35386e-05 4.78428e-05 4.26728e-05 3.7992e-05 3.37646e-05 2.99556e-05 2.65315e-05 2.34603e-05 2.07114e-05 1.8256e-05 1.60672e-05 1.41197e-05 1.23904e-05 1.08573e-05 9.50083e-06 8.30253e-06 7.24575e-06 6.31528e-06 5.49733e-06 4.77937e-06 4.15013e-06 3.59945e-06 3.11819e-06 2.6982e-06 2.33216e-06 2.01357e-06 1.73662e-06 1.49619e-06 1.28771e-06 1.10715e-06 9.50961e-07 8.16005e-07 6.99528e-07 5.9911e-07 5.12632e-07 4.38236e-07 3.74301e-07 3.19412e-07 2.72336e-07 2.32001e-07 1.97474e-07 1.67947e-07 1.42719e-07 1.21184e-07 1.02818e-07 8.71677e-08 7.38435e-08 6.25091e-08 5.28755e-08
4.16487e-06 1.07665e-05 2.05934e-05 3.3808e-05 5.0382e-05 7.01117e-05 9.26422e-05 0.000117497 0.000144111 0.000171863 0.00020011 0.000228214 0.000255566 0.000281609 0.000305848 0.000327869 0.000347335 0.000363997 0.000377687 0.000388318 0.000395873 0.000400402 0.000402014 0.000400862 0.000397138 0.000391063 0.00038288 0.000372841 0.000361208 0.000348238 0.000334182 0.000319284 0.000303771 0.000287855 0.000271727 0.000255563 0.000239514 0.000223717 0.000208283 0.00019331 0.000178874 0.000165037 0.000151846 0.000139332 0.000127517 0.000116411 0.000106013 9.63157e-05 8.73059e-05 7.89638e-05 7.12653e-05 6.41833e-05 5.7688e-05 5.1748e-05 4.63308e-05 4.14036e-05 3.69333e-05 3.28876e-05 2.92348e-05 2.59441e-05 2.29863e-05 2.03333e-05 1.79585e-05 1.58371e-05 1.39455e-05 1.22622e-05 1.07668e-05 9.44067e-06 8.26671e-06 7.22917e-06 6.31368e-06 5.50715e-06 4.79769e-06 4.17455e-06 3.62804e-06 3.14939e-06 2.73078e-06 2.36515e-06 2.04623e-06 1.76841e-06 1.5267e-06 1.31665e-06 1.13435e-06 9.76318e-07 8.39475e-07 7.21117e-07 6.1886e-07 5.3061e-07 4.54529e-07 3.89006e-07 3.32635e-07 2.84186e-07 2.42586e-07 2.06902e-07 1.76321e-07 1.50137e-07 1.2774e-07 1.08598e-07 9.22531e-08 7.83083e-08 6.64213e-08
3.13651e-06 8.31329e-06 1.61937e-05 2.69909e-05 4.07604e-05 5.74052e-05 7.66902e-05 9.82633e-05 0.000121681 0.000146434 0.000171975 0.000197747 0.0002232 0.000247815 0.000271121 0.000292702 0.000312211 0.00032937 0.000343974 0.000355887 0.000365043 0.000371438 0.000375121 0.000376192 0.000374792 0.00037109 0.000365286 0.000357593 0.000348238 0.000337448 0.000325456 0.000312483 0.000298746 0.000284448 0.000269778 0.000254908 0.000239996 0.000225179 0.000210579 0.0001963 0.00018243 0.00016904 0.000156187 0.000143916 0.000132257 0.000121232 0.000110849 0.000101113 9.20169e-05 8.35504e-05 7.56969e-05 6.8436e-05 6.17439e-05 5.55945e-05 4.99601e-05 4.48115e-05 4.01194e-05 3.58541e-05 3.19861e-05 2.84868e-05 2.53281e-05 2.24831e-05 1.99261e-05 1.76327e-05 1.55796e-05 1.37454e-05 1.21096e-05 1.06535e-05 9.35952e-06 8.21166e-06 7.19509e-06 6.29624e-06 5.50272e-06 4.80326e-06 4.18764e-06 3.64658e-06 3.17174e-06 2.75558e-06 2.39135e-06 2.07298e-06 1.79507e-06 1.55277e-06 1.34179e-06 1.15829e-06 9.98887e-07 8.60576e-07 7.40701e-07 6.3692e-07 5.4717e-07 4.69636e-07 4.02727e-07 3.45044e-07 2.95366e-07 2.52624e-07 2.15885e-07 1.84336e-07 1.57269e-07 1.34069e-07 1.142e-07 9.72009e-08 8.26685e-08
2.36206e-06 6.41517e-06 1.27212e-05 2.15205e-05 3.29253e-05 4.69182e-05 6.33596e-05 8.20007e-05 0.000102502 0.000124456 0.000147405 0.000170869 0.000194361 0.00021741 0.00023957 0.000260443 0.000279678 0.000296982 0.000312125 0.000324938 0.000335314 0.000343201 0.000348604 0.000351572 0.000352197 0.000350606 0.000346953 0.000341415 0.000334182 0.000325456 0.000315439 0.000304337 0.000292349 0.000279668 0.000266474 0.000252937 0.000239213 0.000225441 0.000211748 0.000198244 0.000185023 0.000172166 0.000159738 0.000147794 0.000136373 0.000125507 0.000115215 0.000105508 9.63907e-05 8.78588e-05 7.99036e-05 7.25116e-05 6.56653e-05 5.93441e-05 5.35249e-05 4.81832e-05 4.32931e-05 3.88282e-05 3.47617e-05 3.1067e-05 2.7718e-05 2.46893e-05 2.1956e-05 1.94946e-05 1.72826e-05 1.52985e-05 1.35224e-05 1.19354e-05 1.05198e-05 9.25946e-06 8.13915e-06 7.145e-06 6.26422e-06 5.4851e-06 4.79695e-06 4.19007e-06 3.65564e-06 3.18566e-06 2.77295e-06 2.41101e-06 2.09401e-06 1.81674e-06 1.57451e-06 1.36317e-06 1.17899e-06 1.01868e-06 8.79304e-07 7.58264e-07 6.53265e-07 5.62281e-07 4.83525e-07 4.15425e-07 3.56601e-07 3.05839e-07 2.62077e-07 2.24388e-07 1.91959e-07 1.64083e-07 1.40142e-07 1.19599e-07 1.01988e-07
1.77884e-06 4.94756e-06 9.98393e-06 1.71377e-05 2.6557e-05 3.82823e-05 5.22477e-05 6.82889e-05 8.61553e-05 0.000105526 0.000126028 0.000147253 0.000168777 0.000190179 0.000211049 0.000231009 0.000249716 0.000266875 0.000282241 0.000295619 0.000306872 0.000315914 0.000322707 0.00032726 0.000329622 0.00032988 0.000328147 0.000324563 0.000319284 0.000312483 0.000304337 0.000295029 0.000284741 0.000273651 0.00026193 0.000249741 0.000237237 0.000224557 0.000211827 0.000199161 0.00018666 0.00017441 0.000162483 0.000150942 0.000139836 0.000129203 0.000119072 0.000109463 0.000100386 9.18471e-05 8.38441e-05 7.637e-05 6.94135e-05 6.29597e-05 5.69907e-05 5.14863e-05 4.64246e-05 4.17827e-05 3.75367e-05 3.36626e-05 3.01364e-05 2.69342e-05 2.40328e-05 2.14096e-05 1.9043e-05 1.69121e-05 1.49972e-05 1.32797e-05 1.17422e-05 1.03682e-05 9.14248e-06 8.05088e-06 7.08035e-06 6.21884e-06 5.4553e-06 4.77962e-06 4.18258e-06 3.65579e-06 3.19165e-06 2.78327e-06 2.42443e-06 2.10955e-06 1.83359e-06 1.59205e-06 1.38089e-06 1.19653e-06 1.03574e-06 8.95677e-07 7.73808e-07 6.67886e-07 5.75926e-07 4.96172e-07 4.27077e-07 3.67277e-07 3.15575e-07 2.70918e-07 2.32383e-07 1.99164e-07 1.70554e-07 1.45935e-07 1.24771e-07
1.33962e-06 3.81359e-06 7.82855e-06 1.36314e-05 2.13903e-05 3.11856e-05 4.30074e-05 5.67584e-05 7.22618e-05 8.92726e-05 0.000107491 0.000126579 0.000146172 0.000165897 0.000185386 0.000204286 0.000222271 0.00023905 0.000254371 0.000268027 0.000279858 0.000289749 0.000297631 0.000303478 0.000307302 0.000309153 0.000309108 0.000307272 0.000303771 0.000298746 0.000292349 0.000284741 0.000276083 0.000266539 0.000256268 0.000245424 0.000234153 0.000222591 0.000210864 0.000199086 0.000187362 0.00017578 0.000164421 0.000153351 0.000142627 0.000132295 0.000122391 0.000112943 0.000103968 9.54791e-05 8.74813e-05 7.99741e-05 7.29524e-05 6.64066e-05 6.03241e-05 5.46893e-05 4.94845e-05 4.46903e-05 4.02862e-05 3.62509e-05 3.25626e-05 2.91996e-05 2.61403e-05 2.33634e-05 2.08483e-05 1.85751e-05 1.65247e-05 1.46788e-05 1.30201e-05 1.15325e-05 1.02007e-05 9.01047e-06 7.9485e-06 7.00255e-06 6.16131e-06 5.41435e-06 4.75211e-06 4.16586e-06 3.64763e-06 3.19017e-06 2.78692e-06 2.43193e-06 2.11984e-06 1.84582e-06 1.60553e-06 1.39507e-06 1.21097e-06 1.05011e-06 9.09728e-07 7.87351e-07 6.80789e-07 5.88101e-07 5.07565e-07 4.37663e-07 3.77053e-07 3.24552e-07 2.79122e-07 2.39847e-07 2.05927e-07 1.76658e-07 1.51428e-07
