0.0482285 0.0318799 0.0210731 0.0139297 0.00920776 0.00608649 0.00402327 0.00265945 0.00175794 0.00116203 0.000768121 0.000507741 0.000335625 0.000221854 0.000146649 9.69377e-05 6.40775e-05 4.23563e-05 2.79982e-05 1.85073e-05 1.22336e-05 8.08664e-06 5.34541e-06 3.53341e-06 2.33564e-06 1.5439e-06 1.02054e-06 6.74596e-07 4.45919e-07 2.9476e-07 1.94842e-07 1.28794e-07 8.51347e-08 5.62755e-08 3.71991e-08 2.45892e-08 1.62539e-08 1.07441e-08 7.10203e-09 4.69456e-09 3.10318e-09 2.05126e-09 1.35592e-09 8.96283e-10 5.92459e-10 3.91625e-10 2.58871e-10 1.71118e-10 1.13112e-10 7.47689e-11 4.94235e-11 3.26698e-11 2.15953e-11 1.42748e-11 9.43591e-12 6.2373e-12 4.12296e-12 2.72535e-12 1.8015e-12 1.19082e-12 7.87154e-13 5.20322e-13 3.43942e-13 2.27351e-13 1.50283e-13 9.93396e-14 6.56652e-14 4.34058e-14 2.8692e-14 1.89659e-14 1.25368e-14 8.28701e-15 5.47786e-15 3.62096e-15 2.39351e-15 1.58215e-15 1.04583e-15 6.91311e-16 4.56968e-16 3.02064e-16 1.99669e-16 1.31985e-16 8.72442e-17 5.76699e-17 3.81208e-17 2.51985e-17 1.66566e-17 1.10103e-17 7.278e-18 4.81088e-18 3.18007e-18 2.10208e-18 1.38951e-18 9.18491e-19 6.07138e-19 4.01329e-19 2.65285e-19 1.75358e-19 1.15915e-19 7.66215e-20 5.06481e-20
0.0318799 0.024289 0.0181813 0.0134233 0.00980187 0.00709319 0.00509457 0.00363587 0.00258071 0.00182311 0.00128259 0.000899035 0.000628134 0.000437587 0.000304046 0.000210758 0.000145779 0.000100635 6.93458e-05 4.77057e-05 3.27684e-05 2.24762e-05 1.53964e-05 1.05337e-05 7.19856e-06 4.91411e-06 3.35126e-06 2.28329e-06 1.55428e-06 1.05714e-06 7.18441e-07 4.87894e-07 3.31094e-07 2.24536e-07 1.52174e-07 1.0307e-07 6.97709e-08 4.72036e-08 3.19188e-08 2.15724e-08 1.45728e-08 9.83978e-09 6.64104e-09 4.48025e-09 3.02129e-09 2.03663e-09 1.37236e-09 9.24415e-10 6.22464e-10 4.19002e-10 2.81953e-10 1.89671e-10 1.27554e-10 8.57556e-11 5.76378e-11 3.87287e-11 2.60163e-11 1.74721e-11 1.17311e-11 7.87458e-12 5.28463e-12 3.54572e-12 2.37848e-12 1.59515e-12 1.06958e-12 7.17032e-13 4.80594e-13 3.22059e-13 2.15781e-13 1.44548e-13 9.68135e-14 6.48313e-14 4.34072e-14 2.90581e-14 1.94494e-14 1.3016e-14 8.70928e-15 5.82672e-15 3.89766e-15 2.60689e-15 1.74334e-15 1.16569e-15 7.79342e-16 5.20976e-16 3.48219e-16 2.32721e-16 1.55513e-16 1.03907e-16 6.94186e-17 4.63722e-17 3.09736e-17 2.06861e-17 1.3814e-17 9.22397e-18 6.15845e-18 4.11132e-18 2.74441e-18 1.83179e-18 1.22254e-18 8.15849e-19 5.44399e-19
0.0210731 0.0181813 0.0150429 0.0120848 0.00949733 0.00733735 0.00559137 0.00421303 0.00314455 0.00232817 0.00171175 0.00125088 0.000909178 0.00065766 0.000473682 0.00033985 0.000242973 0.000173154 0.000123035 8.71865e-05 6.16286e-05 4.34618e-05 3.05842e-05 2.14789e-05 1.50561e-05 1.05353e-05 7.35972e-06 5.13335e-06 3.57522e-06 2.48657e-06 1.72715e-06 1.19817e-06 8.30221e-07 5.7462e-07 3.97287e-07 2.744e-07 1.8934e-07 1.30526e-07 8.99007e-08 6.18673e-08 4.25408e-08 2.92287e-08 2.00672e-08 1.37673e-08 9.4387e-09 6.46672e-09 4.42768e-09 3.02969e-09 2.07186e-09 1.41603e-09 9.67253e-10 6.6035e-10 4.5059e-10 3.07305e-10 2.09481e-10 1.4273e-10 9.72043e-11 6.61702e-11 4.50248e-11 3.06238e-11 2.08204e-11 1.41497e-11 9.61258e-12 6.52784e-12 4.4314e-12 3.00717e-12 2.03998e-12 1.3834e-12 9.37843e-13 6.35583e-13 4.30606e-13 2.91646e-13 1.97471e-13 1.33668e-13 9.04538e-14 6.11939e-14 4.13879e-14 2.79849e-14 1.89175e-14 1.27848e-14 8.63814e-15 5.835e-15 3.94058e-15 2.66061e-15 1.79599e-15 1.21208e-15 8.17832e-16 5.51705e-16 3.721e-16 2.50914e-16 1.69163e-16 1.14025e-16 7.68445e-17 5.17779e-17 3.48816e-17 2.34947e-17 1.58223e-17 1.06535e-17 7.172e-18 4.82745e-18 3.2488e-18
0.0139297 0.0134233 0.0120848 0.0104067 0.00868235 0.00707279 0.00565448 0.00445232 0.00346173 0.00266292 0.00202969 0.00153471 0.0011523 0.000859782 0.000637935 0.000470946 0.000346079 0.000253258 0.000184624 0.000134116 9.71085e-05 7.01006e-05 5.04621e-05 3.623e-05 2.59481e-05 1.85415e-05 1.32203e-05 9.40705e-06 6.68081e-06 4.73603e-06 3.35159e-06 2.36797e-06 1.67042e-06 1.17661e-06 8.27612e-07 5.81348e-07 4.07838e-07 2.85762e-07 1.99991e-07 1.39806e-07 9.7627e-08 6.81025e-08 4.74594e-08 3.30418e-08 2.29828e-08 1.59718e-08 1.109e-08 7.69397e-09 5.3336e-09 3.69449e-09 2.55719e-09 1.76871e-09 1.22249e-09 8.44385e-10 5.8284e-10 4.02051e-10 2.77169e-10 1.90962e-10 1.31491e-10 9.04895e-11 6.22389e-11 4.27852e-11 2.93967e-11 2.01875e-11 1.38565e-11 9.50641e-12 6.51892e-12 4.46824e-12 3.06129e-12 2.09645e-12 1.43509e-12 9.81966e-13 6.71642e-13 4.59208e-13 3.13843e-13 2.14414e-13 1.46432e-13 9.9968e-14 6.82236e-14 4.65435e-14 3.17423e-14 2.16408e-14 1.47493e-14 1.00492e-14 6.84473e-15 4.6607e-15 3.17261e-15 2.15903e-15 1.46884e-15 9.99013e-16 6.7928e-16 4.61753e-16 3.13803e-16 2.13203e-16 1.44816e-16 9.83412e-17 6.67648e-17 4.53164e-17 3.07511e-17 2.08625e-17 1.41506e-17
0.00920776 0.00980187 0.00949733 0.00868235 0.00762515 0.00650084 0.00541608 0.00442954 0.00356774 0.00283682 0.00223087 0.0017376 0.00134202 0.00102878 0.00078338 0.000592927 0.000446325 0.000334297 0.000249243 0.000185048 0.000136852 0.000100843 7.40599e-05 5.42193e-05 3.95774e-05 2.881e-05 2.09175e-05 1.51501e-05 1.09475e-05 7.89343e-06 5.67957e-06 4.07859e-06 2.92343e-06 2.0917e-06 1.49406e-06 1.06545e-06 7.58614e-07 5.39343e-07 3.82905e-07 2.71472e-07 1.92216e-07 1.35927e-07 9.60059e-08 6.77302e-08 4.77287e-08 3.35975e-08 2.36254e-08 1.65964e-08 1.16473e-08 8.16638e-09 5.72053e-09 4.00368e-09 2.7997e-09 1.95616e-09 1.36568e-09 9.52696e-10 6.64097e-10 4.62583e-10 3.21987e-10 2.23968e-10 1.55683e-10 1.08146e-10 7.50762e-11 5.20865e-11 3.61147e-11 2.50258e-11 1.73317e-11 1.19964e-11 8.29899e-12 5.73808e-12 3.96535e-12 2.7389e-12 1.89084e-12 1.30474e-12 8.99883e-13 6.20365e-13 4.27476e-13 2.94431e-13 2.02707e-13 1.39498e-13 9.59594e-14 6.59828e-14 4.53525e-14 3.11603e-14 2.14011e-14 1.4693e-14 1.00838e-14 6.918e-15 4.74444e-15 3.25266e-15 2.22918e-15 1.52724e-15 1.04599e-15 7.1616e-16 4.90179e-16 3.35402e-16 2.29427e-16 1.56889e-16 1.07255e-16 7.33016e-17 5.00828e-17
0.00608649 0.00709319 0.00733735 0.00707279 0.00650084 0.00577102 0.00498785 0.00421968 0.00350753 0.00287272 0.00232319 0.00185824 0.00147206 0.0011562 0.000901176 0.000697571 0.000536596 0.000410418 0.00031227 0.00023645 0.000178242 0.000133809 0.000100067 7.4564e-05 5.53741e-05 4.0993e-05 3.02567e-05 2.22697e-05 1.63476e-05 1.19703e-05 8.74421e-06 6.37316e-06 4.63505e-06 3.36406e-06 2.43682e-06 1.76187e-06 1.27159e-06 9.16168e-07 6.59011e-07 4.7329e-07 3.39394e-07 2.43025e-07 1.73777e-07 1.24093e-07 8.8499e-08 6.30357e-08 4.48446e-08 3.18659e-08 2.2618e-08 1.60364e-08 1.1358e-08 8.03624e-09 5.68033e-09 4.01122e-09 2.82993e-09 1.99472e-09 1.40478e-09 9.88466e-10 6.94954e-10 4.88203e-10 3.42693e-10 2.40369e-10 1.68472e-10 1.17995e-10 8.25835e-11 5.77596e-11 4.03705e-11 2.81982e-11 1.96834e-11 1.37312e-11 9.57315e-12 6.67025e-12 4.64492e-12 3.23272e-12 2.24862e-12 1.56326e-12 1.08621e-12 7.54349e-13 5.23613e-13 3.63273e-13 2.5191e-13 1.74602e-13 1.20963e-13 8.37636e-14 5.79782e-14 4.01128e-14 2.77406e-14 1.91762e-14 1.32505e-14 9.15218e-15 6.31894e-15 4.36108e-15 3.00868e-15 2.07489e-15 1.43039e-15 9.85723e-16 6.79048e-16 4.67621e-16 3.21912e-16 2.21531e-16 1.524e-16
0.00402327 0.00509457 0.00559137 0.00565448 0.00541608 0.00498785 0.00445731 0.00388883 0.00332673 0.00279923 0.00232235 0.00190325 0.0015431 0.00123923 0.000986751 0.000779694 0.000611806 0.000477025 0.000369775 0.000285103 0.000218731 0.000167039 0.000127017 9.61973e-05 7.2583e-05 5.45727e-05 4.08955e-05 3.05503e-05 2.27547e-05 1.69009e-05 1.25197e-05 9.25086e-06 6.81908e-06 5.01504e-06 3.68022e-06 2.69505e-06 1.96966e-06 1.43676e-06 1.04612e-06 7.60347e-07 5.51707e-07 3.99666e-07 2.89072e-07 2.08766e-07 1.5055e-07 1.08416e-07 7.79682e-08 5.5998e-08 4.01677e-08 2.87773e-08 2.05924e-08 1.47186e-08 1.05085e-08 7.49458e-09 5.33947e-09 3.80021e-09 2.70201e-09 1.91933e-09 1.3621e-09 9.65765e-10 6.84149e-10 4.84236e-10 3.42451e-10 2.41984e-10 1.70855e-10 1.20541e-10 8.4979e-11 5.98643e-11 4.21417e-11 2.96449e-11 2.08396e-11 1.46399e-11 1.02779e-11 7.21089e-12 5.05594e-12 3.54282e-12 2.48105e-12 1.73647e-12 1.21465e-12 8.49159e-13 5.93318e-13 4.14336e-13 2.89193e-13 2.01743e-13 1.40665e-13 9.80303e-14 6.82844e-14 4.75417e-14 3.30844e-14 2.30129e-14 1.60002e-14 1.11195e-14 7.7242e-15 5.36336e-15 3.72253e-15 2.58262e-15 1.79104e-15 1.24159e-15 8.60357e-16 5.95954e-16 4.1265e-16
0.00265945 0.00363587 0.00421303 0.00445232 0.00442954 0.00421968 0.00388883 0.00349079 0.0030666 0.00264566 0.00224749 0.00188383 0.00156056 0.00127936 0.00103909 0.000836893 0.000668923 0.000530963 0.000418778 0.000328364 0.000256076 0.000198698 0.000153455 0.000117995 9.03569e-05 6.89262e-05 5.23878e-05 3.96814e-05 2.99597e-05 2.25504e-05 1.69242e-05 1.26666e-05 9.4551e-06 7.04016e-06 5.22948e-06 3.8756e-06 2.86594e-06 2.11487e-06 1.55749e-06 1.14479e-06 8.39884e-07 6.15088e-07 4.49684e-07 3.28214e-07 2.39173e-07 1.74019e-07 1.26426e-07 9.17163e-08 6.64437e-08 4.80701e-08 3.47319e-08 2.5063e-08 1.80637e-08 1.30035e-08 9.35007e-09 6.71555e-09 4.81809e-09 3.4531e-09 2.47227e-09 1.76827e-09 1.2635e-09 9.01969e-10 6.43289e-10 4.58383e-10 3.2634e-10 2.32135e-10 1.64986e-10 1.17165e-10 8.3139e-11 5.89486e-11 4.1765e-11 2.95685e-11 2.09185e-11 1.47885e-11 1.04476e-11 7.37587e-12 5.20382e-12 3.66901e-12 2.58523e-12 1.82045e-12 1.28113e-12 9.01049e-13 6.33357e-13 4.44938e-13 3.12396e-13 2.19215e-13 1.53745e-13 1.07771e-13 7.55049e-14 5.28721e-14 3.70049e-14 2.58867e-14 1.81003e-14 1.26499e-14 8.8366e-15 6.16998e-15 4.30612e-15 3.00398e-15 2.09468e-15 1.45999e-15 1.01719e-15
0.00175794 0.00258071 0.00314455 0.00346173 0.00356774 0.00350753 0.00332673 0.0030666 0.00276165 0.00243887 0.00211817 0.00181323 0.00153262 0.00128095 0.00105989 0.000869068 0.000706768 0.000570484 0.000457324 0.000364295 0.000288495 0.000227228 0.000178067 0.000138883 0.000107843 8.33914e-05 6.42316e-05 4.9291e-05 3.76935e-05 2.87293e-05 2.18282e-05 1.65352e-05 1.24901e-05 9.40896e-06 7.06955e-06 5.29865e-06 3.96194e-06 2.95572e-06 2.20025e-06 1.63445e-06 1.2117e-06 8.96563e-07 6.62148e-07 4.88145e-07 3.59244e-07 2.6394e-07 1.93605e-07 1.41792e-07 1.03688e-07 7.57131e-08 5.52075e-08 4.02002e-08 2.92335e-08 2.12311e-08 1.54e-08 1.11567e-08 8.07313e-09 5.83507e-09 4.21274e-09 3.03816e-09 2.18875e-09 1.57519e-09 1.13249e-09 8.13406e-10 5.83669e-10 4.18429e-10 2.99696e-10 2.14464e-10 1.53339e-10 1.09542e-10 7.81903e-11 5.57664e-11 3.97419e-11 2.83002e-11 2.01373e-11 1.43183e-11 1.01735e-11 7.22333e-12 5.12513e-12 3.63393e-12 2.5749e-12 1.8233e-12 1.29027e-12 9.12493e-13 6.44929e-13 4.55546e-13 3.21584e-13 2.26885e-13 1.59981e-13 1.12743e-13 7.94094e-14 5.5901e-14 3.93312e-14 2.76585e-14 1.94401e-14 1.36569e-14 9.58932e-15 6.72999e-15 4.72099e-15 3.31016e-15 2.31987e-15
0.00116203 0.00182311 0.00232817 0.00266292 0.00283682 0.00287272 0.00279923 0.00264566 0.00243887 0.00220174 0.00195251 0.00170494 0.00146871 0.0012501 0.00105266 0.000877855 0.000725679 0.000595096 0.000484439 0.000391698 0.000314734 0.000251427 0.000199769 0.000157923 0.000124253 9.73261e-05 7.59157e-05 5.89812e-05 4.5653e-05 3.52115e-05 2.70668e-05 2.07395e-05 1.5843e-05 1.20673e-05 9.16602e-06 6.94381e-06 5.24699e-06 3.95518e-06 2.97445e-06 2.23189e-06 1.6711e-06 1.24862e-06 9.31086e-07 6.92968e-07 5.14788e-07 3.81738e-07 2.82584e-07 2.08835e-07 1.54083e-07 1.13507e-07 8.34896e-08 6.13198e-08 4.49727e-08 3.29377e-08 2.4091e-08 1.75973e-08 1.28377e-08 9.35382e-09 6.80722e-09 4.94814e-09 3.59269e-09 2.60564e-09 1.88773e-09 1.36618e-09 9.87712e-10 7.13372e-10 5.14727e-10 3.71041e-10 2.67216e-10 1.92268e-10 1.38218e-10 9.92762e-11 7.12451e-11 5.10862e-11 3.66015e-11 2.62028e-11 1.87438e-11 1.33978e-11 9.56946e-12 6.83003e-12 4.8713e-12 3.47186e-12 2.47275e-12 1.75996e-12 1.25181e-12 8.898e-13 6.32074e-13 4.48716e-13 3.18352e-13 2.25726e-13 1.59955e-13 1.13282e-13 8.01822e-14 5.67217e-14 4.01033e-14 2.83384e-14 2.00143e-14 1.41278e-14 9.96754e-15 7.02878e-15 4.95399e-15
0.000768121 0.00128259 0.00171175 0.00202969 0.00223087 0.00232319 0.00232235 0.00224749 0.00211817 0.00195251 0.00176607 0.00157145 0.00137833 0.00119363 0.00102196 0.000866054 0.000727126 0.00060532 0.000500007 0.000410062 0.000334072 0.00027049 0.000217755 0.000174363 0.000138917 0.000110155 8.69594e-05 6.83605e-05 5.35264e-05 4.17536e-05 3.2454e-05 2.514e-05 1.94114e-05 1.49419e-05 1.14677e-05 8.77646e-06 6.69871e-06 5.09964e-06 3.87265e-06 2.93388e-06 2.21758e-06 1.67247e-06 1.25868e-06 9.45327e-07 7.08581e-07 5.30112e-07 3.95863e-07 2.95085e-07 2.19584e-07 1.63128e-07 1.20991e-07 8.95974e-08 6.62487e-08 4.89122e-08 3.60607e-08 2.65489e-08 1.95196e-08 1.43325e-08 1.05103e-08 7.69786e-09 5.63113e-09 4.11441e-09 3.00275e-09 2.18898e-09 1.594e-09 1.1595e-09 8.42558e-10 6.11626e-10 4.43547e-10 3.21344e-10 2.32589e-10 1.68191e-10 1.21513e-10 8.77119e-11 6.32579e-11 4.55829e-11 3.28191e-11 2.36101e-11 1.69715e-11 1.219e-11 8.74892e-12 6.27448e-12 4.49657e-12 3.22011e-12 2.30437e-12 1.6479e-12 1.17764e-12 8.41017e-13 6.0022e-13 4.28091e-13 3.0513e-13 2.17352e-13 1.54731e-13 1.10085e-13 7.82754e-14 5.56248e-14 3.95061e-14 2.80424e-14 1.98942e-14 1.41059e-14 9.99644e-15
0.000507741 0.000899035 0.00125088 0.00153471 0.0017376 0.00185824 0.00190325 0.00188383 0.00181323 0.00170494 0.00157145 0.00142361 0.00127027 0.00111834 0.000972821 0.000837132 0.000713334 0.000602425 0.000504599 0.000419473 0.000346275 0.000283998 0.000231515 0.000187666 0.000151317 0.000121401 9.69438e-05 7.70712e-05 6.10158e-05 4.81136e-05 3.77967e-05 2.95857e-05 2.30795e-05 1.79455e-05 1.39102e-05 1.07502e-05 8.28444e-06 6.36682e-06 4.88026e-06 3.73138e-06 2.84606e-06 2.16574e-06 1.64435e-06 1.24578e-06 9.41844e-07 7.10627e-07 5.35128e-07 4.02212e-07 3.01759e-07 2.25994e-07 1.68963e-07 1.26114e-07 9.39807e-08 6.99252e-08 5.19482e-08 3.8536e-08 2.85456e-08 2.11158e-08 1.55986e-08 1.15078e-08 8.47889e-09 6.23939e-09 4.5858e-09 3.36644e-09 2.46844e-09 1.80793e-09 1.3227e-09 9.66653e-10 7.05704e-10 5.14668e-10 3.74968e-10 2.72918e-10 1.98451e-10 1.44167e-10 1.04635e-10 7.58744e-11 5.49706e-11 3.97915e-11 2.87794e-11 2.07976e-11 1.50172e-11 1.08348e-11 7.81108e-12 5.62689e-12 4.05041e-12 2.91346e-12 2.09413e-12 1.50415e-12 1.07962e-12 7.74387e-13 5.55073e-13 3.97608e-13 2.84628e-13 2.03621e-13 1.45578e-13 1.04016e-13 7.42748e-14 5.30058e-14 3.78051e-14 2.6948e-14 1.9198e-14
0.000335625 0.000628134 0.000909178 0.0011523 0.00134202 0.00147206 0.0015431 0.00156056 0.00153262 0.00146871 0.00137833 0.00127027 0.00115224 0.00103055 0.000910186 0.000794808 0.000686949 0.000588177 0.000499288 0.000420483 0.000351525 0.000291879 0.000240819 0.000197514 0.000161097 0.00013071 0.000105532 8.48094e-05 6.78564e-05 5.40662e-05 4.29083e-05 3.39251e-05 2.67265e-05 2.09835e-05 1.64208e-05 1.28101e-05 9.96342e-06 7.72715e-06 5.97632e-06 4.60998e-06 3.54698e-06 2.72242e-06 2.08461e-06 1.5926e-06 1.21405e-06 9.23513e-07 7.01068e-07 5.31149e-07 4.01642e-07 3.03148e-07 2.28396e-07 1.71777e-07 1.28975e-07 9.66789e-08 7.23543e-08 5.40659e-08 4.03392e-08 3.00534e-08 2.23584e-08 1.66105e-08 1.23236e-08 9.13106e-09 6.75686e-09 4.99373e-09 3.68615e-09 2.71771e-09 2.00137e-09 1.47217e-09 1.0817e-09 7.93927e-10 5.82097e-10 4.26343e-10 3.11948e-10 2.28021e-10 1.66512e-10 1.21479e-10 8.85427e-11 6.44775e-11 4.69111e-11 3.41006e-11 2.47672e-11 1.79732e-11 1.30321e-11 9.44178e-12 6.83514e-12 4.94427e-12 3.57376e-12 2.5812e-12 1.86294e-12 1.34357e-12 9.68312e-13 6.97373e-13 5.019e-13 3.60975e-13 2.59447e-13 1.86353e-13 1.33766e-13 9.59582e-14 6.87937e-14 4.92891e-14 3.52933e-14
0.000221854 0.000437587 0.00065766 0.000859782 0.00102878 0.0011562 0.00123923 0.00127936 0.00128095 0.0012501 0.00119363 0.00111834 0.00103055 0.000935797 0.000838651 0.000742736 0.000650759 0.000564606 0.000485472 0.000413984 0.000350325 0.000294352 0.000245685 0.000203796 0.000168069 0.000137849 0.000112482 9.13386e-05 7.38289e-05 5.94162e-05 4.76195e-05 3.8015e-05 3.02341e-05 2.39599e-05 1.89229e-05 1.4896e-05 1.16894e-05 9.14561e-06 7.13478e-06 5.55068e-06 4.3068e-06 3.33312e-06 2.5732e-06 1.98182e-06 1.52284e-06 1.16756e-06 8.93255e-07 6.81976e-07 5.19626e-07 3.95155e-07 2.99933e-07 2.27242e-07 1.71863e-07 1.29756e-07 9.78018e-08 7.35971e-08 5.52952e-08 4.14808e-08 3.10711e-08 2.32399e-08 1.73579e-08 1.29466e-08 9.64347e-09 7.17362e-09 5.3295e-09 3.9545e-09 2.93067e-09 2.16932e-09 1.60389e-09 1.18448e-09 8.73779e-10 6.43874e-10 4.73956e-10 3.48516e-10 2.56014e-10 1.87876e-10 1.37739e-10 1.00884e-10 7.38216e-11 5.3969e-11 3.94198e-11 2.87674e-11 2.09754e-11 1.5281e-11 1.11232e-11 8.09006e-12 5.87931e-12 4.26931e-12 3.0978e-12 2.24605e-12 1.62727e-12 1.1781e-12 8.52297e-13 6.16158e-13 4.45134e-13 3.2136e-13 2.31847e-13 1.67156e-13 1.20437e-13 8.67202e-14 6.24031e-14
0.000146649 0.000304046 0.000473682 0.000637935 0.00078338 0.000901176 0.000986751 0.00103909 0.00105989 0.00105266 0.00102196 0.000972821 0.000910186 0.000838651 0.000762235 0.00068429 0.000607483 0.000533819 0.000464717 0.000401084 0.000343412 0.00029186 0.000246339 0.000206579 0.00017219 0.000142712 0.000117647 9.64953e-05 7.87679e-05 6.40059e-05 5.17868e-05 4.17288e-05 3.34931e-05 2.67829e-05 2.13408e-05 1.69467e-05 1.34136e-05 1.05838e-05 8.32603e-06 6.531e-06 5.10876e-06 3.98558e-06 3.10134e-06 2.40729e-06 1.86409e-06 1.44012e-06 1.1101e-06 8.53853e-07 6.55383e-07 5.02025e-07 3.83797e-07 2.92853e-07 2.23046e-07 1.69574e-07 1.28696e-07 9.75068e-08 7.37545e-08 5.56988e-08 4.19976e-08 3.16186e-08 2.37694e-08 1.7843e-08 1.33754e-08 1.00126e-08 7.48527e-09 5.58857e-09 4.16716e-09 3.1034e-09 2.30838e-09 1.71498e-09 1.27265e-09 9.43325e-10 6.98444e-10 5.1657e-10 3.81649e-10 2.81674e-10 2.07675e-10 1.52963e-10 1.12555e-10 8.27419e-11 6.07683e-11 4.45889e-11 3.26876e-11 2.39416e-11 1.75205e-11 1.28105e-11 9.35884e-12 6.83155e-12 4.9827e-12 3.63133e-12 2.6444e-12 1.92422e-12 1.39912e-12 1.01656e-12 7.38063e-13 5.3548e-13 3.88229e-13 2.81275e-13 2.03647e-13 1.47344e-13 1.06537e-13
9.69377e-05 0.000210758 0.00033985 0.000470946 0.000592927 0.000697571 0.000779694 0.000836893 0.000869068 0.000877855 0.000866054 0.000837132 0.000794808 0.000742736 0.00068429 0.000622428 0.000559625 0.000497857 0.000438624 0.000382994 0.00033166 0.000285005 0.000243163 0.000206077 0.000173553 0.000145301 0.000120972 0.000100189 8.25651e-05 6.77212e-05 5.52978e-05 4.49615e-05 3.64093e-05 2.93698e-05 2.36039e-05 1.8903e-05 1.5087e-05 1.20023e-05 9.5186e-06 7.52624e-06 5.93377e-06 4.66527e-06 3.65815e-06 2.86105e-06 2.23207e-06 1.73718e-06 1.34888e-06 1.04501e-06 8.07841e-07 6.2318e-07 4.79748e-07 3.68597e-07 2.82653e-07 2.16344e-07 1.65291e-07 1.26062e-07 9.59792e-08 7.29532e-08 5.53613e-08 4.19451e-08 3.17312e-08 2.39684e-08 1.80783e-08 1.36162e-08 1.02411e-08 7.69218e-09 5.76998e-09 4.32252e-09 3.23406e-09 2.4167e-09 1.80372e-09 1.34463e-09 1.00123e-09 7.44685e-10 5.53259e-10 4.10594e-10 3.04393e-10 2.25426e-10 1.66775e-10 1.2326e-10 9.10095e-11 6.71327e-11 4.94733e-11 3.64255e-11 2.67945e-11 1.96924e-11 1.44601e-11 1.06089e-11 7.77687e-12 5.69611e-12 4.16867e-12 3.04838e-12 2.22741e-12 1.62627e-12 1.18647e-12 8.64964e-13 6.30113e-13 4.58696e-13 3.33675e-13 2.42559e-13 1.76202e-13
6.40775e-05 0.000145779 0.000242973 0.000346079 0.000446325 0.000536596 0.000611806 0.000668923 0.000706768 0.000725679 0.000727126 0.000713334 0.000686949 0.000650759 0.000607483 0.000559625 0.000509381 0.000458594 0.000408739 0.000360943 0.000316014 0.000274482 0.000236645 0.000202613 0.000172349 0.000145712 0.000122483 0.000102399 8.51681e-05 7.04916e-05 5.80743e-05 4.76338e-05 3.89063e-05 3.16507e-05 2.56497e-05 2.07104e-05 1.66637e-05 1.33626e-05 1.06808e-05 8.51079e-06 6.76142e-06 5.35618e-06 4.23125e-06 3.33366e-06 2.6197e-06 2.05352e-06 1.60583e-06 1.25281e-06 9.75198e-07 7.57442e-07 5.87064e-07 4.54075e-07 3.50512e-07 2.70046e-07 2.07661e-07 1.59396e-07 1.22131e-07 9.34165e-08 7.13328e-08 5.43804e-08 4.13905e-08 3.14545e-08 2.38674e-08 1.80836e-08 1.36815e-08 1.03365e-08 7.79853e-09 5.87581e-09 4.42131e-09 3.32259e-09 2.49377e-09 1.8694e-09 1.39967e-09 1.04673e-09 7.81894e-10 5.83404e-10 4.34822e-10 3.2373e-10 2.40765e-10 1.78876e-10 1.3276e-10 9.84353e-11 7.29134e-11 5.39568e-11 3.9891e-11 2.94646e-11 2.17437e-11 1.60316e-11 1.18097e-11 8.69215e-12 6.39216e-12 4.69686e-12 3.44836e-12 2.52969e-12 1.8543e-12 1.35817e-12 9.94027e-13 7.26968e-13 5.31265e-13 3.87963e-13 2.83113e-13
4.23563e-05 0.000100635 0.000173154 0.000253258 0.000334297 0.000410418 0.000477025 0.000530963 0.000570484 0.000595096 0.00060532 0.000602425 0.000588177 0.000564606 0.000533819 0.000497857 0.000458594 0.000417672 0.000376471 0.000336103 0.000297417 0.000261027 0.000227339 0.000196585 0.000168852 0.000144117 0.000122276 0.000103163 8.65755e-05 7.22895e-05 6.00723e-05 4.96928e-05 4.09285e-05 3.35705e-05 2.74265e-05 2.23222e-05 1.8102e-05 1.46287e-05 1.17824e-05 9.45942e-06 7.57102e-06 6.0416e-06 4.80734e-06 3.81466e-06 3.01889e-06 2.38298e-06 1.87633e-06 1.47384e-06 1.15498e-06 9.03067e-07 7.04549e-07 5.48503e-07 4.26137e-07 3.30407e-07 2.55684e-07 1.97486e-07 1.52254e-07 1.17172e-07 9.00161e-08 6.90367e-08 5.28592e-08 4.04075e-08 3.08404e-08 2.35023e-08 1.78835e-08 1.35881e-08 1.03097e-08 7.81142e-09 5.91045e-09 4.46615e-09 3.37039e-09 2.54024e-09 1.91218e-09 1.43765e-09 1.07959e-09 8.0976e-10 6.06677e-10 4.54017e-10 3.39397e-10 2.53441e-10 1.89055e-10 1.4088e-10 1.04874e-10 7.79927e-11 5.7945e-11 4.30091e-11 3.1893e-11 2.36281e-11 1.74891e-11 1.29336e-11 9.55626e-12 7.05477e-12 5.20368e-12 3.83509e-12 2.82413e-12 2.078e-12 1.52778e-12 1.12238e-12 8.23916e-13 6.04365e-13 4.4299e-13
2.79982e-05 6.93458e-05 0.000123035 0.000184624 0.000249243 0.00031227 0.000369775 0.000418778 0.000457324 0.000484439 0.000500007 0.000504599 0.000499288 0.000485472 0.000464717 0.000438624 0.000408739 0.000376471 0.00034306 0.000309545 0.000276765 0.000245368 0.000215819 0.000188431 0.000163382 0.000140743 0.000120499 0.00010257 8.68309e-05 7.31257e-05 6.128e-05 5.11124e-05 4.24412e-05 3.50908e-05 2.88951e-05 2.37005e-05 1.93671e-05 1.57693e-05 1.27957e-05 1.03484e-05 8.34258e-06 6.70493e-06 5.37282e-06 4.29311e-06 3.42093e-06 2.7187e-06 2.15506e-06 1.70403e-06 1.34415e-06 1.0578e-06 8.30572e-07 6.50724e-07 5.08733e-07 3.96904e-07 3.09034e-07 2.40148e-07 1.86263e-07 1.44202e-07 1.11438e-07 8.59669e-08 6.62048e-08 5.09007e-08 3.90709e-08 2.99429e-08 2.29121e-08 1.75057e-08 1.33553e-08 1.01742e-08 7.73997e-09 5.88004e-09 4.46104e-09 3.38004e-09 2.55769e-09 1.93298e-09 1.45905e-09 1.09999e-09 8.28313e-10 6.23012e-10 4.68064e-10 3.51261e-10 2.63318e-10 1.97182e-10 1.47501e-10 1.10225e-10 8.22851e-11 6.13668e-11 4.57217e-11 3.40326e-11 2.53081e-11 1.88028e-11 1.3957e-11 1.03508e-11 7.66968e-12 5.67812e-12 4.20015e-12 3.10429e-12 2.29247e-12 1.69159e-12 1.24722e-12 9.18864e-13 6.76435e-13
1.85073e-05 4.77057e-05 8.71865e-05 0.000134116 0.000185048 0.00023645 0.000285103 0.000328364 0.000364295 0.000391698 0.000410062 0.000419473 0.000420483 0.000413984 0.000401084 0.000382994 0.000360943 0.000336103 0.000309545 0.000282206 0.000254877 0.000228194 0.00020265 0.000178601 0.000156288 0.000135848 0.000117338 0.000100747 8.60142e-05 7.30439e-05 6.17147e-05 5.18909e-05 4.34302e-05 3.61893e-05 3.00291e-05 2.48174e-05 2.04313e-05 1.67583e-05 1.36969e-05 1.11566e-05 9.05766e-06 7.33039e-06 5.91446e-06 4.75802e-06 3.81685e-06 3.05347e-06 2.43629e-06 1.93889e-06 1.5392e-06 1.21898e-06 9.63122e-07 7.5925e-07 5.9722e-07 4.68768e-07 3.67182e-07 2.87032e-07 2.23938e-07 1.7438e-07 1.35538e-07 1.05157e-07 8.1443e-08 6.29683e-08 4.8603e-08 3.74537e-08 2.8816e-08 2.2136e-08 1.69786e-08 1.30035e-08 9.94468e-09 7.59458e-09 5.79182e-09 4.411e-09 3.35492e-09 2.54837e-09 1.93327e-09 1.4648e-09 1.1085e-09 8.37867e-10 6.32565e-10 4.77019e-10 3.59317e-10 2.70358e-10 2.03203e-10 1.52567e-10 1.14429e-10 8.5737e-11 6.41746e-11 4.79876e-11 3.58487e-11 2.6755e-11 1.99493e-11 1.48612e-11 1.10607e-11 8.22488e-12 6.11076e-12 4.53614e-12 3.36443e-12 2.4933e-12 1.84621e-12 1.36597e-12 1.00984e-12
1.22336e-05 3.27684e-05 6.16286e-05 9.71085e-05 0.000136852 0.000178242 0.000218731 0.000256076 0.000288495 0.000314734 0.000334072 0.000346275 0.000351525 0.000350325 0.000343412 0.00033166 0.000316014 0.000297417 0.000276765 0.000254877 0.000232466 0.000210133 0.000188365 0.000167537 0.000147924 0.000129711 0.000113004 9.78469e-05 8.42326e-05 7.21146e-05 6.1418e-05 5.20485e-05 4.38998e-05 3.68597e-05 3.08151e-05 2.56554e-05 2.12751e-05 1.75758e-05 1.44668e-05 1.18661e-05 9.70007e-06 7.90371e-06 6.41988e-06 5.19888e-06 4.19783e-06 3.37999e-06 2.71408e-06 2.17362e-06 1.73635e-06 1.38361e-06 1.09989e-06 8.72313e-07 6.90265e-07 5.45012e-07 4.29409e-07 3.37625e-07 2.64926e-07 2.07473e-07 1.6217e-07 1.26523e-07 9.85332e-08 7.66e-08 5.94465e-08 4.60568e-08 3.56245e-08 2.75112e-08 2.12124e-08 1.63308e-08 1.25538e-08 9.63628e-09 7.38624e-09 5.65368e-09 4.32161e-09 3.29898e-09 2.51503e-09 1.91492e-09 1.45617e-09 1.10596e-09 8.38966e-10 6.35674e-10 4.81083e-10 3.63674e-10 2.74612e-10 2.07134e-10 1.56069e-10 1.17469e-10 8.83243e-11 6.6343e-11 4.97825e-11 3.73191e-11 2.79491e-11 2.09118e-11 1.56319e-11 1.16743e-11 8.71088e-12 6.49392e-12 4.83698e-12 3.59971e-12 2.67668e-12 1.98867e-12 1.4763e-12
8.08664e-06 2.24762e-05 4.34618e-05 7.01006e-05 0.000100843 0.000133809 0.000167039 0.000198698 0.000227228 0.000251427 0.00027049 0.000283998 0.000291879 0.000294352 0.00029186 0.000285005 0.000274482 0.000261027 0.000245368 0.000228194 0.000210133 0.000191729 0.000173444 0.00015565 0.000138635 0.00012261 0.000107718 9.40408e-05 8.16127e-05 7.04282e-05 6.04513e-05 5.16235e-05 4.38709e-05 3.71098e-05 3.12517e-05 2.62069e-05 2.18872e-05 1.82083e-05 1.50912e-05 1.24627e-05 1.02564e-05 8.41256e-06 6.87805e-06 5.60601e-06 4.55556e-06 3.69124e-06 2.98254e-06 2.40339e-06 1.93162e-06 1.54852e-06 1.23834e-06 9.87934e-07 7.86333e-07 6.24462e-07 4.94829e-07 3.91273e-07 3.08748e-07 2.43139e-07 1.91096e-07 1.49907e-07 1.17376e-07 9.17384e-08 7.15737e-08 5.57449e-08 4.33437e-08 3.36458e-08 2.60759e-08 2.01773e-08 1.55892e-08 1.20262e-08 9.26404e-09 7.12602e-09 5.47373e-09 4.19878e-09 3.21646e-09 2.46071e-09 1.8801e-09 1.43467e-09 1.09342e-09 8.3232e-10 6.32816e-10 4.8057e-10 3.64533e-10 2.76203e-10 2.09045e-10 1.58045e-10 1.1936e-10 9.00496e-11 6.78671e-11 5.10973e-11 3.84331e-11 2.88795e-11 2.16799e-11 1.62598e-11 1.21835e-11 9.12078e-12 6.82186e-12 5.09789e-12 3.80628e-12 2.83949e-12 2.11648e-12
5.34541e-06 1.53964e-05 3.05842e-05 5.04621e-05 7.40599e-05 0.000100067 0.000127017 0.000153455 0.000178067 0.000199769 0.000217755 0.000231515 0.000240819 0.000245685 0.000246339 0.000243163 0.000236645 0.000227339 0.000215819 0.00020265 0.000188365 0.000173444 0.000158309 0.000143312 0.000128741 0.000114816 0.000101701 8.95045e-05 7.82916e-05 6.80882e-05 5.88899e-05 5.06684e-05 4.33778e-05 3.69599e-05 3.13487e-05 2.64739e-05 2.22641e-05 1.86489e-05 1.55609e-05 1.29364e-05 1.07164e-05 8.84698e-06 7.27966e-06 5.97096e-06 4.88251e-06 3.98064e-06 3.23605e-06 2.62344e-06 2.12109e-06 1.71047e-06 1.37586e-06 1.10399e-06 8.83743e-07 7.058e-07 5.62421e-07 4.47191e-07 3.54815e-07 2.8094e-07 2.21999e-07 1.7508e-07 1.37814e-07 1.08278e-07 8.49176e-08 6.64793e-08 5.19546e-08 4.05348e-08 3.1573e-08 2.45529e-08 1.90637e-08 1.47789e-08 1.14399e-08 8.84227e-09 6.82463e-09 5.25994e-09 4.04839e-09 3.11169e-09 2.38855e-09 1.83109e-09 1.40194e-09 1.07203e-09 8.18757e-10 6.24569e-10 4.75877e-10 3.62165e-10 2.75312e-10 2.09055e-10 1.58569e-10 1.20147e-10 9.09384e-11 6.87594e-11 5.19366e-11 3.91905e-11 2.95434e-11 2.22494e-11 1.67404e-11 1.25836e-11 9.45023e-12 7.09067e-12 5.31551e-12 3.98127e-12 2.97936e-12
3.53341e-06 1.05337e-05 2.14789e-05 3.623e-05 5.42193e-05 7.4564e-05 9.61973e-05 0.000117995 0.000138883 0.000157923 0.000174363 0.000187666 0.000197514 0.000203796 0.000206579 0.000206077 0.000202613 0.000196585 0.000188431 0.000178601 0.000167537 0.00015565 0.000143312 0.000130848 0.000118529 0.000106577 9.51633e-05 8.44126e-05 7.44101e-05 6.52054e-05 5.68185e-05 4.9246e-05 4.24653e-05 3.64403e-05 3.11248e-05 2.64664e-05 2.24094e-05 1.88967e-05 1.58721e-05 1.32813e-05 1.1073e-05 9.19957e-06 7.61734e-06 6.28672e-06 5.17223e-06 4.24239e-06 3.4695e-06 2.82935e-06 2.30096e-06 1.86626e-06 1.50977e-06 1.21832e-06 9.8073e-07 7.87608e-07 6.31061e-07 5.04499e-07 4.02444e-07 3.20353e-07 2.54482e-07 2.0175e-07 1.59632e-07 1.26066e-07 9.93723e-08 7.81889e-08 6.14123e-08 4.81519e-08 3.7691e-08 2.9454e-08 2.298e-08 1.79007e-08 1.39226e-08 1.08122e-08 8.38427e-09 6.49215e-09 5.01992e-09 3.87616e-09 2.98894e-09 2.30173e-09 1.77021e-09 1.35968e-09 1.04305e-09 7.99171e-10 6.11573e-10 4.67458e-10 3.56888e-10 2.7216e-10 2.07314e-10 1.57745e-10 1.19898e-10 9.10347e-11 6.90475e-11 5.2317e-11 3.96003e-11 2.99449e-11 2.26216e-11 1.70729e-11 1.2873e-11 9.69727e-12 7.2983e-12 5.48785e-12 4.12286e-12
2.33564e-06 7.19856e-06 1.50561e-05 2.59481e-05 3.95774e-05 5.53741e-05 7.2583e-05 9.03569e-05 0.000107843 0.000124253 0.000138917 0.000151317 0.000161097 0.000168069 0.00017219 0.000173553 0.000172349 0.000168852 0.000163382 0.000156288 0.000147924 0.000138635 0.000128741 0.000118529 0.000108252 9.81187e-05 8.83011e-05 7.89313e-05 7.01064e-05 6.18921e-05 5.43267e-05 4.74255e-05 4.11854e-05 3.55886e-05 3.06062e-05 2.62017e-05 2.23332e-05 1.89563e-05 1.60254e-05 1.34954e-05 1.13225e-05 9.46556e-06 7.88583e-06 6.54788e-06 5.41945e-06 4.47156e-06 3.67838e-06 3.01709e-06 2.46772e-06 2.01288e-06 1.63753e-06 1.32875e-06 1.07551e-06 8.68423e-07 6.99563e-07 5.62247e-07 4.5088e-07 3.60789e-07 2.8809e-07 2.29567e-07 1.82567e-07 1.44906e-07 1.14794e-07 9.07714e-08 7.16456e-08 5.64495e-08 4.43996e-08 3.4863e-08 2.73295e-08 2.13893e-08 1.67138e-08 1.30401e-08 1.01585e-08 7.90201e-09 6.13781e-09 4.76072e-09 3.68746e-09 2.85226e-09 2.20329e-09 1.69974e-09 1.30959e-09 1.00773e-09 7.74482e-10 5.94501e-10 4.55802e-10 3.49053e-10 2.66997e-10 2.04001e-10 1.55696e-10 1.18699e-10 9.03971e-11 6.87708e-11 5.22641e-11 3.96791e-11 3.00943e-11 2.28024e-11 1.72606e-11 1.30532e-11 9.86216e-12 7.44433e-12 5.61416e-12
1.5439e-06 4.91411e-06 1.05353e-05 1.85415e-05 2.881e-05 4.0993e-05 5.45727e-05 6.89262e-05 8.33914e-05 9.73261e-05 0.000110155 0.000121401 0.00013071 0.000137849 0.000142712 0.000145301 0.000145712 0.000144117 0.000140743 0.000135848 0.000129711 0.00012261 0.000114816 0.000106577 9.81187e-05 8.96347e-05 8.12889e-05 7.32137e-05 6.55118e-05 5.82584e-05 5.15043e-05 4.52791e-05 3.95947e-05 3.4448e-05 2.98248e-05 2.57021e-05 2.20507e-05 1.88372e-05 1.6026e-05 1.35805e-05 1.14645e-05 9.64281e-06 8.08199e-06 6.75076e-06 5.62029e-06 4.66426e-06 3.85897e-06 3.18323e-06 2.61826e-06 2.14756e-06 1.75671e-06 1.43323e-06 1.16633e-06 9.46786e-07 7.6672e-07 6.19448e-07 4.99326e-07 4.01606e-07 3.22314e-07 2.58134e-07 2.06311e-07 1.64562e-07 1.31006e-07 1.04095e-07 8.25582e-08 6.53588e-08 5.16511e-08 4.07477e-08 3.20917e-08 2.52328e-08 1.98077e-08 1.55245e-08 1.21487e-08 9.49251e-09 7.40609e-09 5.76987e-09 4.48874e-09 3.4872e-09 2.70542e-09 2.09609e-09 1.62187e-09 1.25331e-09 9.67283e-10 7.45604e-10 5.74028e-10 4.41406e-10 3.39026e-10 2.60091e-10 1.99308e-10 1.5256e-10 1.16649e-10 8.90948e-11 6.79774e-11 5.18113e-11 3.94494e-11 3.00067e-11 2.28016e-11 1.73097e-11 1.31279e-11 9.94703e-12 7.52986e-12
1.02054e-06 3.35126e-06 7.35972e-06 1.32203e-05 2.09175e-05 3.02567e-05 4.08955e-05 5.23878e-05 6.42316e-05 7.59157e-05 8.69594e-05 9.69438e-05 0.000105532 0.000112482 0.000117647 0.000120972 0.000122483 0.000122276 0.000120499 0.000117338 0.000113004 0.000107718 0.000101701 9.51633e-05 8.83011e-05 8.12889e-05 7.42783e-05 6.73965e-05 6.07463e-05 5.44076e-05 4.84387e-05 4.2879e-05 3.77513e-05 3.30645e-05 2.88161e-05 2.49945e-05 2.15811e-05 1.85526e-05 1.58823e-05 1.35416e-05 1.15011e-05 9.73162e-06 8.20473e-06 6.89338e-06 5.77219e-06 4.81769e-06 4.00842e-06 3.32497e-06 2.74995e-06 2.26789e-06 1.86517e-06 1.52985e-06 1.25155e-06 1.02129e-06 8.31346e-07 6.75112e-07 5.46965e-07 4.4214e-07 3.56618e-07 2.87021e-07 2.30523e-07 1.84769e-07 1.47802e-07 1.18001e-07 9.40307e-08 7.4791e-08 5.93804e-08 4.70619e-08 3.72346e-08 2.94096e-08 2.31908e-08 1.82574e-08 1.43508e-08 1.12626e-08 8.82561e-09 6.90566e-09 5.39553e-09 4.20962e-09 3.27978e-09 2.55183e-09 1.98278e-09 1.53859e-09 1.19237e-09 9.22887e-10 7.13417e-10 5.50817e-10 4.24765e-10 3.27173e-10 2.51711e-10 1.93434e-10 1.48483e-10 1.13852e-10 8.72039e-11 6.67219e-11 5.09972e-11 3.89383e-11 2.97008e-11 2.26322e-11 1.72289e-11 1.3103e-11 9.95564e-12
6.74596e-07 2.28329e-06 5.13335e-06 9.40705e-06 1.51501e-05 2.22697e-05 3.05503e-05 3.96814e-05 4.9291e-05 5.89812e-05 6.83605e-05 7.70712e-05 8.48094e-05 9.13386e-05 9.64953e-05 0.000100189 0.000102399 0.000103163 0.00010257 0.000100747 9.78469e-05 9.40408e-05 8.95045e-05 8.44126e-05 7.89313e-05 7.32137e-05 6.73965e-05 6.1598e-05 5.59173e-05 5.04345e-05 4.52118e-05 4.02944e-05 3.57131e-05 3.14853e-05 2.76177e-05 2.4108e-05 2.09468e-05 1.81191e-05 1.56062e-05 1.33866e-05 1.14372e-05 9.73454e-06 8.2549e-06 6.97537e-06 5.87399e-06 4.93016e-06 4.12474e-06 3.44022e-06 2.86069e-06 2.37188e-06 1.96105e-06 1.61694e-06 1.32968e-06 1.09063e-06 8.92311e-07 7.28277e-07 5.92988e-07 4.81717e-07 3.90445e-07 3.15774e-07 2.54839e-07 2.05234e-07 1.6495e-07 1.3231e-07 1.05924e-07 8.46393e-08 6.75072e-08 5.37458e-08 4.27143e-08 3.38886e-08 2.68411e-08 2.12242e-08 1.67556e-08 1.3207e-08 1.03938e-08 8.16745e-09 6.40845e-09 5.02096e-09 3.92827e-09 3.06908e-09 2.39451e-09 1.8657e-09 1.45176e-09 1.12819e-09 8.75623e-10 6.78749e-10 5.25495e-10 4.06353e-10 3.13852e-10 2.42125e-10 1.86577e-10 1.43611e-10 1.10418e-10 8.48039e-11 6.50622e-11 4.98638e-11 3.81761e-11 2.91982e-11 2.23093e-11 1.70289e-11 1.29857e-11
4.45919e-07 1.55428e-06 3.57522e-06 6.68081e-06 1.09475e-05 1.63476e-05 2.27547e-05 2.99597e-05 3.76935e-05 4.5653e-05 5.35264e-05 6.10158e-05 6.78564e-05 7.38289e-05 7.87679e-05 8.25651e-05 8.51681e-05 8.65755e-05 8.68309e-05 8.60142e-05 8.42326e-05 8.16127e-05 7.82916e-05 7.44101e-05 7.01064e-05 6.55118e-05 6.07463e-05 5.59173e-05 5.11171e-05 4.64233e-05 4.18983e-05 3.75906e-05 3.35355e-05 2.97566e-05 2.62676e-05 2.30733e-05 2.01717e-05 1.75551e-05 1.52113e-05 1.31253e-05 1.12797e-05 9.656e-06 8.23508e-06 6.99788e-06 5.92581e-06 5.00106e-06 4.20686e-06 3.52761e-06 2.94899e-06 2.45798e-06 2.04283e-06 1.69307e-06 1.39939e-06 1.15362e-06 9.48575e-07 7.78038e-07 6.36618e-07 5.19677e-07 4.23245e-07 3.43937e-07 2.78882e-07 2.25651e-07 1.82204e-07 1.46824e-07 1.18081e-07 9.47821e-08 7.59372e-08 6.07273e-08 4.84766e-08 3.86293e-08 3.07294e-08 2.4404e-08 1.93487e-08 1.53159e-08 1.21045e-08 9.55165e-09 7.52579e-09 5.92081e-09 4.65134e-09 3.64883e-09 2.85839e-09 2.23611e-09 1.74694e-09 1.36298e-09 1.06203e-09 8.26473e-10 6.42358e-10 4.98645e-10 3.86617e-10 2.99402e-10 2.3159e-10 1.78932e-10 1.38091e-10 1.06454e-10 8.19754e-11 6.30578e-11 4.84547e-11 3.71947e-11 2.85221e-11 2.18497e-11 1.67216e-11
2.9476e-07 1.05714e-06 2.48657e-06 4.73603e-06 7.89343e-06 1.19703e-05 1.69009e-05 2.25504e-05 2.87293e-05 3.52115e-05 4.17536e-05 4.81136e-05 5.40662e-05 5.94162e-05 6.40059e-05 6.77212e-05 7.04916e-05 7.22895e-05 7.31257e-05 7.30439e-05 7.21146e-05 7.04282e-05 6.80882e-05 6.52054e-05 6.18921e-05 5.82584e-05 5.44076e-05 5.04345e-05 4.64233e-05 4.24464e-05 3.85645e-05 3.48264e-05 3.127e-05 2.79227e-05 2.48029e-05 2.19211e-05 1.92809e-05 1.68804e-05 1.47132e-05 1.27695e-05 1.10372e-05 9.50207e-06 8.1493e-06 6.96341e-06 5.92894e-06 5.03081e-06 4.25455e-06 3.5865e-06 3.01393e-06 2.52512e-06 2.1094e-06 1.75711e-06 1.45962e-06 1.20925e-06 9.9922e-07 8.23576e-07 6.77135e-07 5.55397e-07 4.54482e-07 3.71057e-07 3.02273e-07 2.45708e-07 1.99306e-07 1.61335e-07 1.30335e-07 1.05085e-07 8.45648e-08 6.79239e-08 5.44576e-08 4.3583e-08 3.48188e-08 2.77693e-08 2.21099e-08 1.7575e-08 1.39477e-08 1.10517e-08 8.74339e-09 6.90677e-09 5.44785e-09 4.29085e-09 3.37474e-09 2.65051e-09 2.07884e-09 1.62828e-09 1.27368e-09 9.95006e-10 7.76313e-10 6.04928e-10 4.70799e-10 3.65966e-10 2.84137e-10 2.20348e-10 1.70682e-10 1.32062e-10 1.02066e-10 7.87975e-11 6.07679e-11 4.6814e-11 3.60267e-11 2.76966e-11 2.12711e-11
1.94842e-07 7.18441e-07 1.72715e-06 3.35159e-06 5.67957e-06 8.74421e-06 1.25197e-05 1.69242e-05 2.18282e-05 2.70668e-05 3.2454e-05 3.77967e-05 4.29083e-05 4.76195e-05 5.17868e-05 5.52978e-05 5.80743e-05 6.00723e-05 6.128e-05 6.17147e-05 6.1418e-05 6.04513e-05 5.88899e-05 5.68185e-05 5.43267e-05 5.15043e-05 4.84387e-05 4.52118e-05 4.18983e-05 3.85645e-05 3.52673e-05 3.20541e-05 2.89634e-05 2.60246e-05 2.32591e-05 2.06813e-05 1.82991e-05 1.61153e-05 1.4128e-05 1.2332e-05 1.07193e-05 9.28003e-06 8.00282e-06 6.87555e-06 5.8857e-06 5.02073e-06 4.2684e-06 3.61692e-06 3.05516e-06 2.57272e-06 2.16e-06 1.80825e-06 1.50953e-06 1.25671e-06 1.04347e-06 8.64176e-07 7.13893e-07 5.88305e-07 4.83657e-07 3.96703e-07 3.24647e-07 2.65094e-07 2.16e-07 1.75629e-07 1.42511e-07 1.15407e-07 9.32759e-08 7.52446e-08 6.05857e-08 4.86936e-08 3.9066e-08 3.12872e-08 2.50144e-08 1.99659e-08 1.59101e-08 1.26579e-08 1.00546e-08 7.97439e-09 6.31501e-09 4.99352e-09 3.94282e-09 3.10877e-09 2.44771e-09 1.92458e-09 1.51121e-09 1.18506e-09 9.28087e-10 7.25909e-10 5.67062e-10 4.42428e-10 3.44769e-10 2.68346e-10 2.08619e-10 1.61998e-10 1.25654e-10 9.73544e-11 7.53458e-11 5.82496e-11 4.49847e-11 3.47043e-11 2.67456e-11
1.28794e-07 4.87894e-07 1.19817e-06 2.36797e-06 4.07859e-06 6.37316e-06 9.25086e-06 1.26666e-05 1.65352e-05 2.07395e-05 2.514e-05 2.95857e-05 3.39251e-05 3.8015e-05 4.17288e-05 4.49615e-05 4.76338e-05 4.96928e-05 5.11124e-05 5.18909e-05 5.20485e-05 5.16235e-05 5.06684e-05 4.9246e-05 4.74255e-05 4.52791e-05 4.2879e-05 4.02944e-05 3.75906e-05 3.48264e-05 3.20541e-05 2.93185e-05 2.66569e-05 2.40993e-05 2.16688e-05 1.93822e-05 1.72505e-05 1.52798e-05 1.34722e-05 1.18259e-05 1.03367e-05 8.99804e-06 7.80181e-06 6.73884e-06 5.79928e-06 4.97296e-06 4.24971e-06 3.61955e-06 3.07288e-06 2.60063e-06 2.19427e-06 1.84597e-06 1.54851e-06 1.29538e-06 1.08071e-06 8.99243e-07 7.46338e-07 6.17894e-07 5.10317e-07 4.20475e-07 3.45654e-07 2.8351e-07 2.3203e-07 1.89493e-07 1.54432e-07 1.25602e-07 1.01951e-07 8.25926e-08 6.6783e-08 5.38994e-08 4.34223e-08 3.49195e-08 2.80329e-08 2.24661e-08 1.79747e-08 1.43577e-08 1.14502e-08 9.11717e-09 7.24831e-09 5.75385e-09 4.56075e-09 3.6098e-09 2.85306e-09 2.25181e-09 1.77482e-09 1.39698e-09 1.09813e-09 8.62084e-10 6.75913e-10 5.29281e-10 4.13947e-10 3.23352e-10 2.52284e-10 1.96604e-10 1.53036e-10 1.18987e-10 9.24107e-11 7.16913e-11 5.55572e-11 4.30082e-11 3.32588e-11
8.51347e-08 3.31094e-07 8.30221e-07 1.67042e-06 2.92343e-06 4.63505e-06 6.81908e-06 9.4551e-06 1.24901e-05 1.5843e-05 1.94114e-05 2.30795e-05 2.67265e-05 3.02341e-05 3.34931e-05 3.64093e-05 3.89063e-05 4.09285e-05 4.24412e-05 4.34302e-05 4.38998e-05 4.38709e-05 4.33778e-05 4.24653e-05 4.11854e-05 3.95947e-05 3.77513e-05 3.57131e-05 3.35355e-05 3.127e-05 2.89634e-05 2.66569e-05 2.43858e-05 2.21794e-05 2.00613e-05 1.80497e-05 1.61575e-05 1.43934e-05 1.27621e-05 1.12648e-05 9.9003e-06 8.66483e-06 7.55309e-06 6.55849e-06 5.67356e-06 4.89027e-06 4.20038e-06 3.5956e-06 3.0678e-06 2.60915e-06 2.21223e-06 1.87008e-06 1.57626e-06 1.32485e-06 1.11048e-06 9.28315e-07 7.74019e-07 6.43737e-07 5.34066e-07 4.42017e-07 3.64978e-07 3.00679e-07 2.47157e-07 2.02721e-07 1.65922e-07 1.35522e-07 1.10468e-07 8.98676e-08 7.29678e-08 5.91341e-08 4.78346e-08 3.86243e-08 3.11321e-08 2.50498e-08 2.01216e-08 1.61361e-08 1.29189e-08 1.03266e-08 8.24158e-09 6.56743e-09 5.22549e-09 4.1516e-09 3.29363e-09 2.60924e-09 2.06418e-09 1.63074e-09 1.28658e-09 1.01371e-09 7.97669e-10 6.26871e-10 4.92026e-10 3.8571e-10 3.01999e-10 2.36174e-10 1.84479e-10 1.43933e-10 1.12171e-10 8.73197e-11 6.78995e-11 5.27411e-11 4.09231e-11
