0.00857748 0.00658272 0.00505185 0.003877 0.00297537 0.00228343 0.0017524 0.00134486 0.0010321 0.00079208 0.000607875 0.000466509 0.000358019 0.000274758 0.000210861 0.000161824 0.00012419 9.53088e-05 7.3144e-05 5.61337e-05 4.30794e-05 3.30609e-05 2.53723e-05 1.94718e-05 1.49435e-05 1.14682e-05 8.80121e-06 6.75442e-06 5.18362e-06 3.97813e-06 3.05298e-06 2.34299e-06 1.79811e-06 1.37994e-06 1.05903e-06 8.1274e-07 6.23731e-07 4.78677e-07 3.67357e-07 2.81925e-07 2.16361e-07 1.66045e-07 1.2743e-07 9.77948e-08 7.50518e-08 5.75979e-08 4.4203e-08 3.39233e-08 2.60341e-08 1.99797e-08 1.53332e-08 1.17674e-08 9.03077e-09 6.93059e-09 5.31883e-09 4.08189e-09 3.13261e-09 2.4041e-09 1.84501e-09 1.41594e-09 1.08665e-09 8.33939e-10 6.4e-10 4.91163e-10 3.76939e-10 2.89279e-10 2.22004e-10 1.70376e-10 1.30753e-10 1.00346e-10 7.70094e-11 5.91002e-11 4.5356e-11 3.48081e-11 2.67132e-11 2.05008e-11 1.57332e-11 1.20743e-11 9.26633e-12 7.11137e-12 5.45756e-12 4.18836e-12 3.21432e-12 2.46681e-12 1.89313e-12 1.45287e-12 1.11499e-12 8.55691e-13 6.56693e-13 5.03974e-13 3.8677e-13 2.96824e-13 2.27795e-13 1.74819e-13 1.34164e-13 1.02963e-13 7.9018e-14 6.06418e-14 4.6539e-14 3.5716e-14 2.74099e-14
0.00658272 0.00544218 0.00447611 0.00366504 0.00298913 0.00242938 0.00196832 0.00159031 0.00128167 0.00103058 0.000826952 0.000662299 0.000529505 0.000422656 0.000336867 0.000268121 0.000213131 0.000169217 0.000134202 0.00010632 8.41491e-05 6.65399e-05 5.257e-05 4.1499e-05 3.27342e-05 2.58016e-05 2.03231e-05 1.59973e-05 1.25844e-05 9.89364e-06 7.77382e-06 6.10489e-06 4.79177e-06 3.75923e-06 2.94778e-06 2.31044e-06 1.81012e-06 1.41754e-06 1.10966e-06 8.68319e-07 6.79214e-07 5.31103e-07 4.15146e-07 3.24399e-07 2.53408e-07 1.97891e-07 1.54491e-07 1.20574e-07 9.40775e-08 7.33837e-08 5.72269e-08 4.46161e-08 3.47757e-08 2.70993e-08 2.11125e-08 1.64447e-08 1.28061e-08 9.97048e-09 7.76116e-09 6.0402e-09 4.69994e-09 3.65638e-09 2.844e-09 2.21173e-09 1.71973e-09 1.33694e-09 1.03919e-09 8.0762e-10 6.27555e-10 4.87562e-10 3.78742e-10 2.94167e-10 2.28445e-10 1.77382e-10 1.37715e-10 1.06904e-10 8.29752e-11 6.43946e-11 4.99685e-11 3.87696e-11 3.0077e-11 2.33307e-11 1.80956e-11 1.40336e-11 1.08822e-11 8.43761e-12 6.54149e-12 5.07095e-12 3.9306e-12 3.04639e-12 2.36086e-12 1.82942e-12 1.41748e-12 1.0982e-12 8.50761e-13 6.59015e-13 5.10441e-13 3.9533e-13 3.06152e-13 2.37072e-13 1.83564e-13
0.00505185 0.00447611 0.00391269 0.00338288 0.00289834 0.00246424 0.00208146 0.00174817 0.00146095 0.00121556 0.00100743 0.000832006 0.000684946 0.000562255 0.000460327 0.000375967 0.000306386 0.000249169 0.000202252 0.000163878 0.000132565 0.00010707 8.63524e-05 6.95487e-05 5.59431e-05 4.49445e-05 3.60669e-05 2.89115e-05 2.31517e-05 1.85213e-05 1.48032e-05 1.18209e-05 9.43151e-06 7.51899e-06 5.98964e-06 4.76783e-06 3.79255e-06 3.01472e-06 2.39484e-06 1.90123e-06 1.50844e-06 1.19611e-06 9.47909e-07 7.50806e-07 5.94378e-07 4.70303e-07 3.71947e-07 2.94021e-07 2.32316e-07 1.83479e-07 1.44847e-07 1.14301e-07 9.01607e-08 7.1091e-08 5.60334e-08 4.41489e-08 3.47726e-08 2.73781e-08 2.15488e-08 1.6955e-08 1.33363e-08 1.04867e-08 8.24342e-09 6.47811e-09 5.08938e-09 3.99722e-09 3.13858e-09 2.46372e-09 1.93346e-09 1.51694e-09 1.18986e-09 9.3307e-10 7.31527e-10 5.73384e-10 4.49327e-10 3.52032e-10 2.75745e-10 2.15943e-10 1.69076e-10 1.32353e-10 1.03586e-10 8.10556e-11 6.34134e-11 4.96018e-11 3.87913e-11 3.03314e-11 2.37123e-11 1.85344e-11 1.44847e-11 1.1318e-11 8.84211e-12 6.90675e-12 5.39414e-12 4.21215e-12 3.28866e-12 2.56725e-12 2.0038e-12 1.56379e-12 1.22023e-12 9.52009e-13 7.42647e-13
0.003877 0.00366504 0.00338288 0.00306593 0.00273877 0.00241787 0.00211375 0.00183261 0.00157755 0.00134958 0.00114826 0.00097224 0.000819631 0.000688276 0.000575922 0.00048035 0.00039945 0.000331269 0.000274032 0.000226154 0.000186235 0.000153051 0.00012554 0.00010279 8.40212e-05 6.85708e-05 5.58778e-05 4.54698e-05 3.69508e-05 2.99895e-05 2.43102e-05 1.96836e-05 1.59199e-05 1.28623e-05 1.03815e-05 8.37111e-06 6.74378e-06 5.42797e-06 4.36517e-06 3.50759e-06 2.81627e-06 2.25949e-06 1.81145e-06 1.45123e-06 1.16185e-06 9.29564e-07 7.43242e-07 5.93901e-07 4.74284e-07 3.78541e-07 3.01955e-07 2.40734e-07 1.91824e-07 1.52773e-07 1.21612e-07 9.67598e-08 7.69502e-08 6.11684e-08 4.86017e-08 3.86e-08 3.06437e-08 2.43174e-08 1.92894e-08 1.52951e-08 1.21233e-08 9.6057e-09 7.60815e-09 6.02388e-09 4.76786e-09 3.77246e-09 2.98389e-09 2.3594e-09 1.86502e-09 1.47378e-09 1.16426e-09 9.19472e-10 7.25944e-10 5.72987e-10 4.52133e-10 3.56673e-10 2.81294e-10 2.21787e-10 1.74824e-10 1.37771e-10 1.08545e-10 8.54977e-11 6.73284e-11 5.3008e-11 4.1724e-11 3.28348e-11 2.58337e-11 2.0321e-11 1.59814e-11 1.25658e-11 9.87827e-12 7.76395e-12 6.10098e-12 4.79328e-12 3.76516e-12 2.957e-12 2.32189e-12
0.00297537 0.00298913 0.00289834 0.00273877 0.00253747 0.00231452 0.00208443 0.00185735 0.00164014 0.0014371 0.00125067 0.00108192 0.000930954 0.000797227 0.00067976 0.000577326 0.000488567 0.000412091 0.000346528 0.000290575 0.000243018 0.000202748 0.000168764 0.000140176 0.000116196 9.61356e-05 7.93959e-05 6.54598e-05 5.38831e-05 4.4286e-05 3.63454e-05 2.97874e-05 2.43804e-05 1.99298e-05 1.6272e-05 1.32702e-05 1.08102e-05 8.79686e-06 7.15121e-06 5.80771e-06 4.71216e-06 3.8198e-06 3.09372e-06 2.50353e-06 2.02428e-06 1.63548e-06 1.32035e-06 1.06515e-06 8.58666e-07 6.91729e-07 5.56873e-07 4.48016e-07 3.60211e-07 2.89436e-07 2.32429e-07 1.86542e-07 1.4963e-07 1.19956e-07 9.61155e-08 7.69732e-08 6.16121e-08 4.92923e-08 3.94169e-08 3.15052e-08 2.51701e-08 2.00998e-08 1.60439e-08 1.2801e-08 1.02094e-08 8.13909e-09 6.48605e-09 5.16674e-09 4.11422e-09 3.2749e-09 2.60586e-09 2.07276e-09 1.64814e-09 1.31006e-09 1.04099e-09 8.26907e-10 6.56641e-10 5.2127e-10 4.1368e-10 3.28196e-10 2.603e-10 2.0639e-10 1.63598e-10 1.29642e-10 1.02706e-10 8.13442e-11 6.44083e-11 5.09853e-11 4.03493e-11 3.1924e-11 2.52518e-11 1.99692e-11 1.5788e-11 1.24793e-11 9.86168e-12 7.79138e-12 6.15432e-12
0.00228343 0.00242938 0.00246424 0.00241787 0.00231452 0.00217351 0.00200986 0.00183506 0.00165761 0.00148366 0.00131743 0.00116167 0.00101799 0.000887134 0.000769238 0.000663986 0.000570764 0.000488766 0.000417084 0.000354763 0.000300846 0.000254408 0.000214575 0.000180534 0.000151543 0.000126931 0.000106098 8.85117e-05 7.37048e-05 6.12678e-05 5.08447e-05 4.21281e-05 3.48532e-05 2.87929e-05 2.37536e-05 1.95704e-05 1.61035e-05 1.32347e-05 1.08642e-05 8.90834e-06 7.29668e-06 5.97038e-06 4.88025e-06 3.98531e-06 3.25144e-06 2.65031e-06 2.15843e-06 1.75635e-06 1.42801e-06 1.16012e-06 9.41765e-07 7.63938e-07 6.19239e-07 5.01595e-07 4.06024e-07 3.28443e-07 2.65515e-07 2.14509e-07 1.73194e-07 1.39754e-07 1.12705e-07 9.08396e-08 7.31759e-08 5.89151e-08 4.74086e-08 3.81298e-08 3.06518e-08 2.46282e-08 1.9779e-08 1.58771e-08 1.27391e-08 1.02168e-08 8.1903e-09 6.56296e-09 5.25675e-09 4.20879e-09 3.36839e-09 2.69474e-09 2.15499e-09 1.72269e-09 1.37661e-09 1.09965e-09 8.78104e-10 7.00947e-10 5.59339e-10 4.46189e-10 3.55812e-10 2.83648e-10 2.26049e-10 1.8009e-10 1.43431e-10 1.14199e-10 9.08987e-11 7.2331e-11 5.75396e-11 4.57602e-11 3.63821e-11 2.89181e-11 2.29792e-11 1.82552e-11 1.44986e-11
0.0017524 0.00196832 0.00208146 0.00211375 0.00208443 0.00200986 0.00190369 0.00177699 0.00163857 0.00149529 0.00135228 0.00121334 0.00108109 0.000957262 0.000842866 0.000738371 0.000643834 0.000559017 0.000483475 0.00041663 0.000357821 0.000306352 0.00026152 0.000222638 0.000189048 0.000160138 0.000135338 0.000114132 9.60513e-05 8.06775e-05 6.7639e-05 5.66078e-05 4.72959e-05 3.94524e-05 3.28591e-05 2.73275e-05 2.2695e-05 1.88223e-05 1.55901e-05 1.28969e-05 1.0656e-05 8.79435e-06 7.24979e-06 5.97006e-06 4.9111e-06 4.03591e-06 3.31346e-06 2.71776e-06 2.22713e-06 1.82345e-06 1.49166e-06 1.21923e-06 9.95746e-07 8.1259e-07 6.62617e-07 5.39924e-07 4.39631e-07 3.57717e-07 2.90867e-07 2.36352e-07 1.9193e-07 1.55758e-07 1.26326e-07 1.02393e-07 8.29463e-08 6.71542e-08 5.43383e-08 4.39442e-08 3.55193e-08 2.86946e-08 2.31694e-08 1.86988e-08 1.50834e-08 1.21612e-08 9.80054e-09 7.8945e-09 6.3563e-09 5.11556e-09 4.11523e-09 3.30912e-09 2.65981e-09 2.13703e-09 1.71632e-09 1.3779e-09 1.10578e-09 8.87067e-10 7.11351e-10 5.70234e-10 4.56949e-10 3.66041e-10 2.93118e-10 2.34644e-10 1.87772e-10 1.50214e-10 1.2013e-10 9.60403e-11 7.67576e-11 6.13277e-11 4.89848e-11 3.91145e-11 3.12239e-11
0.00134486 0.00159031 0.00174817 0.00183261 0.00185735 0.00183506 0.00177699 0.00169289 0.00159098 0.00147803 0.00135947 0.00123957 0.00112157 0.00100785 0.000900082 0.000799352 0.000706286 0.000621147 0.00054393 0.000474423 0.000412277 0.000357044 0.000308222 0.000265278 0.000227674 0.000194883 0.000166397 0.000141738 0.000120463 0.000102164 8.64687e-05 7.30437e-05 6.15895e-05 5.18403e-05 4.3561e-05 3.65452e-05 3.06119e-05 2.56041e-05 2.1385e-05 1.78367e-05 1.48576e-05 1.23603e-05 1.02702e-05 8.5235e-06 7.06578e-06 5.85091e-06 4.83976e-06 3.99922e-06 3.30136e-06 2.72264e-06 2.24326e-06 1.84659e-06 1.51873e-06 1.248e-06 1.02468e-06 8.40634e-07 6.89101e-07 5.6445e-07 4.62e-07 3.7787e-07 3.0884e-07 2.52246e-07 2.05883e-07 1.67931e-07 1.36887e-07 1.11512e-07 9.07845e-08 7.38657e-08 6.00647e-08 4.88142e-08 3.96489e-08 3.21867e-08 2.6115e-08 2.11775e-08 1.71647e-08 1.39053e-08 1.12592e-08 9.1123e-09 7.37126e-09 5.9601e-09 4.8169e-09 3.89123e-09 3.14208e-09 2.53607e-09 2.04607e-09 1.65006e-09 1.33016e-09 1.07185e-09 8.63366e-10 6.95164e-10 5.5952e-10 4.50176e-10 3.62068e-10 2.911e-10 2.3396e-10 1.8797e-10 1.50969e-10 1.2121e-10 9.72857e-11 7.80579e-11 6.26102e-11
0.0010321 0.00128167 0.00146095 0.00157755 0.00164014 0.00165761 0.00163857 0.00159098 0.00152195 0.00143767 0.00134339 0.00124345 0.00114136 0.00103987 0.000941069 0.000846513 0.000757265 0.000674013 0.000597131 0.000526751 0.000462818 0.00040514 0.000353424 0.000307311 0.000266402 0.000230277 0.000198513 0.000170693 0.000146416 0.000125304 0.000107001 9.11813e-05 7.75463e-05 6.58252e-05 5.57744e-05 4.71761e-05 3.9837e-05 3.35858e-05 2.8272e-05 2.37639e-05 1.99461e-05 1.67188e-05 1.39952e-05 1.17003e-05 9.76969e-06 8.14792e-06 6.78755e-06 5.648e-06 4.69469e-06 3.89821e-06 3.23357e-06 2.67961e-06 2.21843e-06 1.83491e-06 1.51633e-06 1.25196e-06 1.0328e-06 8.51295e-07 7.01122e-07 5.76984e-07 4.74461e-07 3.89863e-07 3.20114e-07 2.62657e-07 2.15363e-07 1.76464e-07 1.44496e-07 1.18242e-07 9.66967e-08 7.90284e-08 6.45492e-08 5.26916e-08 4.29873e-08 3.50502e-08 2.85628e-08 2.32634e-08 1.89371e-08 1.54074e-08 1.25291e-08 1.01834e-08 8.27276e-09 6.71736e-09 5.45181e-09 4.42263e-09 3.5861e-09 2.90649e-09 2.35464e-09 1.90674e-09 1.54339e-09 1.24875e-09 1.00995e-09 8.16484e-10 6.59817e-10 5.33003e-10 4.30398e-10 3.47413e-10 2.80325e-10 2.26109e-10 1.82314e-10 1.46949e-10 1.18403e-10
0.00079208 0.00103058 0.00121556 0.00134958 0.0014371 0.00148366 0.00149529 0.00147803 0.00143767 0.00137954 0.00130837 0.0012283 0.00114281 0.00105479 0.000966578 0.000880007 0.000796464 0.000716961 0.000642189 0.000572576 0.000508337 0.000449517 0.000396032 0.000347703 0.000304278 0.000265461 0.000230926 0.000200335 0.000173347 0.000149625 0.000128848 0.000110709 9.49214e-05 8.12202e-05 6.9362e-05 5.9125e-05 5.03092e-05 4.27346e-05 3.62409e-05 3.06854e-05 2.59421e-05 2.18998e-05 1.84613e-05 1.55414e-05 1.30661e-05 1.09711e-05 9.20066e-06 7.70671e-06 6.44789e-06 5.38864e-06 4.49852e-06 3.75148e-06 3.12529e-06 2.60104e-06 2.16264e-06 1.79644e-06 1.49088e-06 1.2362e-06 1.02414e-06 8.47734e-07 7.01139e-07 5.79429e-07 4.78472e-07 3.94804e-07 3.25524e-07 2.68205e-07 2.20822e-07 1.81684e-07 1.49381e-07 1.2274e-07 1.00785e-07 8.27044e-08 6.78252e-08 5.5589e-08 4.55332e-08 3.72746e-08 3.04965e-08 2.49369e-08 2.03797e-08 1.66463e-08 1.35897e-08 1.10885e-08 9.04313e-09 7.37134e-09 6.00567e-09 4.89066e-09 3.98078e-09 3.23868e-09 2.63371e-09 2.1408e-09 1.73937e-09 1.4126e-09 1.14673e-09 9.30513e-10 7.54754e-10 6.11944e-10 4.95959e-10 4.018e-10 3.25392e-10 2.63414e-10 2.13161e-10
0.000607875 0.000826952 0.00100743 0.00114826 0.00125067 0.00131743 0.00135228 0.00135947 0.00134339 0.00130837 0.00125848 0.0011974 0.00112844 0.00105443 0.000977771 0.000900439 0.000824025 0.00074977 0.000678607 0.000611206 0.000548011 0.000489283 0.000435133 0.000385553 0.000340442 0.000299632 0.000262905 0.000230011 0.000200679 0.000174631 0.000151587 0.000131273 0.000113425 9.77927e-05 8.41414e-05 7.22531e-05 6.19273e-05 5.29809e-05 4.52479e-05 3.85789e-05 3.28397e-05 2.79109e-05 2.36863e-05 2.0072e-05 1.69854e-05 1.43541e-05 1.21145e-05 1.02114e-05 8.59677e-06 7.22881e-06 6.07153e-06 5.09381e-06 4.2689e-06 3.57381e-06 2.98882e-06 2.4971e-06 2.08425e-06 1.73802e-06 1.44796e-06 1.20524e-06 1.00232e-06 8.32861e-07 6.91474e-07 5.73624e-07 4.75483e-07 3.93828e-07 3.25949e-07 2.69571e-07 2.22783e-07 1.83986e-07 1.51841e-07 1.25227e-07 1.0321e-07 8.50084e-08 6.99726e-08 5.75605e-08 4.73213e-08 3.88803e-08 3.19264e-08 2.62011e-08 2.14905e-08 1.76171e-08 1.4434e-08 1.18197e-08 9.67391e-09 7.91361e-09 6.47037e-09 5.28773e-09 4.31915e-09 3.52631e-09 2.87766e-09 2.34725e-09 1.91373e-09 1.55959e-09 1.27043e-09 1.03443e-09 8.41917e-10 6.84946e-10 5.57013e-10 4.52792e-10 3.67925e-10
0.000466509 0.000662299 0.000832006 0.00097224 0.00108192 0.00116167 0.00121334 0.00123957 0.00124345 0.0012283 0.0011974 0.00115394 0.00110085 0.00104079 0.000976088 0.000908744 0.000840446 0.000772573 0.000706225 0.000642255 0.000581293 0.000523782 0.000470006 0.000420113 0.000374149 0.000332071 0.000293771 0.000259093 0.000227846 0.000199817 0.000174777 0.000152494 0.000132735 0.000115275 9.98939e-05 8.63852e-05 7.45544e-05 6.42209e-05 5.52179e-05 4.73931e-05 4.06079e-05 3.47371e-05 2.9668e-05 2.53e-05 2.15433e-05 1.83182e-05 1.55545e-05 1.31901e-05 1.11706e-05 9.44847e-06 7.98212e-06 6.73538e-06 5.67685e-06 4.77936e-06 4.0194e-06 3.37673e-06 2.83391e-06 2.37598e-06 1.99011e-06 1.66533e-06 1.39227e-06 1.16293e-06 9.70523e-07 8.09253e-07 6.74218e-07 5.61257e-07 4.66849e-07 3.88019e-07 3.22253e-07 2.67435e-07 2.21781e-07 1.83789e-07 1.52199e-07 1.25952e-07 1.04162e-07 8.60853e-08 7.10999e-08 5.86861e-08 4.84099e-08 3.99089e-08 3.28811e-08 2.70752e-08 2.22817e-08 1.83265e-08 1.50652e-08 1.23775e-08 1.01639e-08 8.34182e-09 6.84288e-09 5.61046e-09 4.59773e-09 3.76597e-09 3.0832e-09 2.52303e-09 2.06368e-09 1.68719e-09 1.37877e-09 1.12624e-09 9.19553e-10 7.5048e-10 6.12236e-10
0.000358019 0.000529505 0.000684946 0.000819631 0.000930954 0.00101799 0.00108109 0.00112157 0.00114136 0.00114281 0.00112844 0.00110085 0.00106256 0.00101593 0.000963127 0.000906087 0.000846495 0.000785791 0.000725172 0.000665615 0.000607889 0.000552581 0.000500121 0.000450796 0.000404782 0.000362156 0.000322919 0.000287007 0.000254313 0.000224692 0.000197977 0.000173981 0.000152513 0.000133375 0.000116373 0.000101317 8.80238e-05 7.63214e-05 6.60472e-05 5.70501e-05 4.91905e-05 4.23407e-05 3.63843e-05 3.12157e-05 2.67398e-05 2.28715e-05 1.95345e-05 1.66609e-05 1.41908e-05 1.2071e-05 1.02547e-05 8.70093e-06 7.37369e-06 6.24161e-06 5.27734e-06 4.4571e-06 3.76031e-06 3.16912e-06 2.66816e-06 2.24415e-06 1.8857e-06 1.583e-06 1.32767e-06 1.11253e-06 9.31425e-07 7.79135e-07 6.51199e-07 5.43825e-07 4.53792e-07 3.78368e-07 3.15238e-07 2.62445e-07 2.18333e-07 1.81505e-07 1.50782e-07 1.25174e-07 1.03845e-07 8.60931e-08 7.13296e-08 5.90602e-08 4.88707e-08 4.04144e-08 3.34013e-08 2.75889e-08 2.27747e-08 1.87899e-08 1.54937e-08 1.27687e-08 1.05173e-08 8.65827e-09 7.12414e-09 5.85884e-09 4.81584e-09 3.95656e-09 3.24901e-09 2.66672e-09 2.18776e-09 1.79399e-09 1.47042e-09 1.20467e-09 9.86513e-10
0.000274758 0.000422656 0.000562255 0.000688276 0.000797227 0.000887134 0.000957262 0.00100785 0.00103987 0.00105479 0.00105443 0.00104079 0.00101593 0.000981873 0.000940556 0.000893769 0.000843129 0.000790064 0.000735809 0.000681408 0.000627724 0.000575452 0.000525133 0.000477173 0.000431859 0.000389377 0.000349828 0.00031324 0.000279587 0.000248796 0.00022076 0.000195348 0.000172411 0.000151788 0.000133314 0.000116821 0.000102145 8.91251e-05 7.7608e-05 6.74481e-05 5.85089e-05 5.06631e-05 4.37932e-05 3.77915e-05 3.25596e-05 2.80081e-05 2.40563e-05 2.06319e-05 1.76698e-05 1.51122e-05 1.29075e-05 1.10102e-05 9.37995e-06 7.98132e-06 6.78318e-06 5.75823e-06 4.88266e-06 4.13569e-06 3.49927e-06 2.9577e-06 2.49742e-06 2.10668e-06 1.77537e-06 1.49475e-06 1.25733e-06 1.05668e-06 8.87267e-07 7.44378e-07 6.23978e-07 5.22624e-07 4.37382e-07 3.65757e-07 3.05626e-07 2.55189e-07 2.12919e-07 1.77522e-07 1.47906e-07 1.23145e-07 1.0246e-07 8.51921e-08 7.07885e-08 5.87825e-08 4.8782e-08 4.04579e-08 3.35339e-08 2.77783e-08 2.29971e-08 1.9028e-08 1.5735e-08 1.30047e-08 1.07423e-08 8.86868e-09 7.31802e-09 6.03536e-09 4.97498e-09 4.09885e-09 3.37535e-09 2.7782e-09 2.28561e-09 1.87947e-09 1.54478e-09
0.000210861 0.000336867 0.000460327 0.000575922 0.00067976 0.000769238 0.000842866 0.000900082 0.000941069 0.000966578 0.000977771 0.000976088 0.000963127 0.000940556 0.000910035 0.000873159 0.000831422 0.000786188 0.000738675 0.000689948 0.000640918 0.00059235 0.000544867 0.000498967 0.00045503 0.000413335 0.000374071 0.000337354 0.000303232 0.000271705 0.000242727 0.000216223 0.00019209 0.000170208 0.000150444 0.00013266 0.000116711 0.000102456 8.97523e-05 7.84652e-05 6.84642e-05 5.9626e-05 5.18348e-05 4.49831e-05 3.89712e-05 3.37079e-05 2.91094e-05 2.50999e-05 2.16106e-05 1.85797e-05 1.59517e-05 1.3677e-05 1.17112e-05 1.00153e-05 8.55429e-06 7.29763e-06 6.21829e-06 5.29255e-06 4.49961e-06 3.82134e-06 3.24188e-06 2.74746e-06 2.32611e-06 1.96745e-06 1.66249e-06 1.40349e-06 1.18376e-06 9.9754e-07 8.3988e-07 7.06535e-07 5.93864e-07 4.98753e-07 4.1854e-07 3.50952e-07 2.94052e-07 2.46193e-07 2.05971e-07 1.72197e-07 1.43858e-07 1.201e-07 1.00197e-07 8.35368e-08 6.9601e-08 5.79527e-08 4.82233e-08 4.01025e-08 3.33289e-08 2.76828e-08 2.29796e-08 1.90645e-08 1.58074e-08 1.30995e-08 1.08495e-08 8.98106e-09 7.43047e-09 6.14437e-09 5.07826e-09 4.19501e-09 3.46365e-09 2.8584e-09 2.35777e-09
0.000161824 0.000268121 0.000375967 0.00048035 0.000577326 0.000663986 0.000738371 0.000799352 0.000846513 0.000880007 0.000900439 0.000908744 0.000906087 0.000893769 0.000873159 0.000845628 0.000812511 0.000775063 0.000734443 0.000691696 0.000647744 0.000603386 0.000559298 0.000516043 0.000474073 0.000433742 0.000395319 0.00035899 0.000324878 0.000293048 0.000263515 0.000236259 0.000211224 0.000188333 0.000167491 0.000148587 0.000131506 0.000116124 0.000102317 8.99631e-05 7.8941e-05 6.91344e-05 6.04324e-05 5.27301e-05 4.59289e-05 3.99372e-05 3.46703e-05 3.00503e-05 2.6006e-05 2.24724e-05 1.93909e-05 1.67086e-05 1.43776e-05 1.23555e-05 1.06042e-05 9.08966e-06 7.78198e-06 6.65454e-06 5.68387e-06 4.84933e-06 4.13279e-06 3.51835e-06 2.99215e-06 2.54205e-06 2.15751e-06 1.82936e-06 1.54965e-06 1.31149e-06 1.10893e-06 9.36822e-07 7.90738e-07 6.66867e-07 5.61934e-07 4.73127e-07 3.98037e-07 3.34603e-07 2.81063e-07 2.35913e-07 1.9787e-07 1.65842e-07 1.389e-07 1.16254e-07 9.7234e-08 8.12713e-08 6.78845e-08 5.66663e-08 4.72719e-08 3.94104e-08 3.28362e-08 2.73422e-08 2.2754e-08 1.89248e-08 1.57309e-08 1.30688e-08 1.08511e-08 9.00487e-09 7.46876e-09 6.19142e-09 5.12988e-09 4.24818e-09 3.51625e-09
0.00012419 0.000213131 0.000306386 0.00039945 0.000488567 0.000570764 0.000643834 0.000706286 0.000757265 0.000796464 0.000824025 0.000840446 0.000846495 0.000843129 0.000831422 0.000812511 0.000787543 0.000757641 0.000723871 0.000687224 0.000648601 0.000608803 0.000568533 0.000528392 0.000488884 0.000450422 0.000413335 0.000377874 0.000344224 0.000312511 0.000282806 0.000255142 0.000229511 0.000205879 0.000184188 0.000164361 0.000146309 0.000129934 0.00011513 0.000101792 8.98104e-05 7.90796e-05 6.94955e-05 6.09583e-05 5.3373e-05 4.66496e-05 4.0704e-05 3.54578e-05 3.08387e-05 2.67799e-05 2.32206e-05 2.01051e-05 1.7383e-05 1.50089e-05 1.29418e-05 1.11449e-05 9.58542e-06 8.23402e-06 7.06469e-06 6.05435e-06 5.18261e-06 4.43148e-06 3.78511e-06 3.22961e-06 2.7528e-06 2.34402e-06 1.99398e-06 1.69458e-06 1.43879e-06 1.22048e-06 1.03437e-06 8.75863e-07 7.41009e-07 6.26389e-07 5.29061e-07 4.46495e-07 3.76514e-07 3.17256e-07 2.67119e-07 2.24738e-07 1.88942e-07 1.58734e-07 1.33261e-07 1.11798e-07 9.37281e-08 7.85263e-08 6.57469e-08 5.50117e-08 4.60001e-08 3.84408e-08 3.2104e-08 2.67957e-08 2.23518e-08 1.86341e-08 1.55258e-08 1.29287e-08 1.07601e-08 8.95031e-09 7.44094e-09 6.18282e-09 5.13476e-09
9.53088e-05 0.000169217 0.000249169 0.000331269 0.000412091 0.000488766 0.000559017 0.000621147 0.000674013 0.000716961 0.00074977 0.000772573 0.000785791 0.000790064 0.000786188 0.000775063 0.000757641 0.000734892 0.000707768 0.000677179 0.000643979 0.000608948 0.000572788 0.000536116 0.000499467 0.000463295 0.000427976 0.000393811 0.00036104 0.000329838 0.000300332 0.000272599 0.000246681 0.000222583 0.000200286 0.000179746 0.000160905 0.000143688 0.000128014 0.000113794 0.000100935 8.93419e-05 7.89218e-05 6.95818e-05 6.12321e-05 5.37868e-05 4.71639e-05 4.12864e-05 3.60818e-05 3.14831e-05 2.74281e-05 2.38594e-05 2.07249e-05 1.79766e-05 1.55713e-05 1.34698e-05 1.16367e-05 1.00403e-05 8.65222e-06 7.44706e-06 6.40223e-06 5.49769e-06 4.71568e-06 4.04049e-06 3.45828e-06 2.95689e-06 2.52562e-06 2.15511e-06 1.83717e-06 1.56464e-06 1.3313e-06 1.13173e-06 9.61224e-07 8.15691e-07 6.91601e-07 5.85898e-07 4.95943e-07 4.19462e-07 3.54495e-07 2.99359e-07 2.52606e-07 2.12997e-07 1.79467e-07 1.51107e-07 1.27139e-07 1.06898e-07 8.98192e-08 7.54184e-08 6.32849e-08 5.30693e-08 4.44745e-08 3.72484e-08 3.11773e-08 2.608e-08 2.18031e-08 1.8217e-08 1.5212e-08 1.26955e-08 1.05894e-08 8.82782e-09 7.35534e-09
7.3144e-05 0.000134202 0.000202252 0.000274032 0.000346528 0.000417084 0.000483475 0.00054393 0.000597131 0.000642189 0.000678607 0.000706225 0.000725172 0.000735809 0.000738675 0.000734443 0.000723871 0.000707768 0.000686956 0.00066225 0.000634434 0.000604246 0.000572365 0.000539407 0.000505917 0.000472373 0.000439182 0.000406686 0.000375164 0.000344837 0.000315875 0.000288401 0.000262497 0.00023821 0.000215554 0.000194523 0.000175085 0.000157194 0.000140792 0.000125809 0.00011217 9.97947e-05 8.86006e-05 7.85049e-05 6.9425e-05 6.12806e-05 5.39939e-05 4.74903e-05 4.16992e-05 3.65541e-05 3.19927e-05 2.79572e-05 2.4394e-05 2.12538e-05 1.84915e-05 1.60661e-05 1.39399e-05 1.20794e-05 1.04538e-05 9.03569e-06 7.80052e-06 6.72624e-06 5.79323e-06 4.98401e-06 4.28312e-06 3.67685e-06 3.15308e-06 2.70115e-06 2.31168e-06 1.97642e-06 1.68816e-06 1.4406e-06 1.2282e-06 1.04618e-06 8.90351e-07 7.57077e-07 6.43207e-07 5.46011e-07 4.63125e-07 3.92507e-07 3.32397e-07 2.81277e-07 2.37838e-07 2.00959e-07 1.69676e-07 1.43159e-07 1.20702e-07 1.01698e-07 8.56279e-08 7.20491e-08 6.0584e-08 5.09106e-08 4.27546e-08 3.58829e-08 3.00972e-08 2.52292e-08 2.1136e-08 1.76966e-08 1.48083e-08 1.23845e-08 1.03516e-08
5.61337e-05 0.00010632 0.000163878 0.000226154 0.000290575 0.000354763 0.00041663 0.000474423 0.000526751 0.000572576 0.000611206 0.000642255 0.000665615 0.000681408 0.000689948 0.000691696 0.000687224 0.000677179 0.00066225 0.000643143 0.000620559 0.000595176 0.000567636 0.000538533 0.000508408 0.000477746 0.000446973 0.000416455 0.000386503 0.000357374 0.000329274 0.000302364 0.000276763 0.000252555 0.000229789 0.000208489 0.000188655 0.000170267 0.000153291 0.000137678 0.000123372 0.000110307 9.84156e-05 8.76251e-05 7.78625e-05 6.90545e-05 6.11288e-05 5.40152e-05 4.76461e-05 4.19569e-05 3.68863e-05 3.23768e-05 2.83746e-05 2.48297e-05 2.1696e-05 1.89307e-05 1.6495e-05 1.43534e-05 1.24734e-05 1.08257e-05 9.38403e-06 8.12442e-06 7.02553e-06 6.06823e-06 5.23545e-06 4.51195e-06 3.88424e-06 3.34033e-06 2.86962e-06 2.46274e-06 2.11147e-06 1.80855e-06 1.54763e-06 1.32312e-06 1.13015e-06 9.64465e-07 8.22353e-07 7.00581e-07 5.96341e-07 5.07193e-07 4.31025e-07 3.66005e-07 3.10551e-07 2.63299e-07 2.23069e-07 1.88847e-07 1.5976e-07 1.35057e-07 1.14094e-07 9.63182e-08 8.12574e-08 6.85062e-08 5.77183e-08 4.8598e-08 4.0893e-08 3.43883e-08 2.89006e-08 2.4274e-08 2.0376e-08 1.7094e-08 1.43324e-08
4.30794e-05 8.41491e-05 0.000132565 0.000186235 0.000243018 0.000300846 0.000357821 0.000412277 0.000462818 0.000508337 0.000548011 0.000581293 0.000607889 0.000627724 0.000640918 0.000647744 0.000648601 0.000643979 0.000634434 0.000620559 0.000602963 0.000582252 0.000559017 0.000533817 0.000507176 0.00047957 0.000451432 0.00042314 0.000395027 0.000367375 0.000340418 0.00031435 0.000289322 0.000265449 0.000242813 0.000221466 0.000201439 0.000182736 0.000165348 0.000149247 0.000134396 0.000120748 0.000108248 9.68358e-05 8.645e-05 7.70253e-05 6.84968e-05 6.07998e-05 5.38708e-05 4.76483e-05 4.20735e-05 3.709e-05 3.26447e-05 2.86878e-05 2.51726e-05 2.20558e-05 1.92974e-05 1.68606e-05 1.47116e-05 1.28197e-05 1.11567e-05 9.69726e-06 8.41846e-06 7.29959e-06 6.32206e-06 5.46922e-06 4.72617e-06 4.07963e-06 3.5178e-06 3.0302e-06 2.60753e-06 2.24158e-06 1.92512e-06 1.65176e-06 1.41589e-06 1.21259e-06 1.03755e-06 8.86999e-07 7.57639e-07 6.46597e-07 5.51372e-07 4.69788e-07 3.99956e-07 3.40237e-07 2.89212e-07 2.45653e-07 2.085e-07 1.76836e-07 1.49874e-07 1.26933e-07 1.07428e-07 9.08593e-08 7.67942e-08 6.48636e-08 5.47509e-08 4.61854e-08 3.89354e-08 3.28032e-08 2.762e-08 2.32418e-08 1.95461e-08
3.30609e-05 6.65399e-05 0.00010707 0.000153051 0.000202748 0.000254408 0.000306352 0.000357044 0.00040514 0.000449517 0.000489283 0.000523782 0.000552581 0.000575452 0.00059235 0.000603386 0.000608803 0.000608948 0.000604246 0.000595176 0.000582252 0.000566003 0.000546956 0.000525627 0.000502507 0.000478057 0.0004527 0.000426821 0.00040076 0.000374817 0.000349248 0.000324269 0.000300058 0.000276758 0.000254479 0.000233301 0.000213279 0.000194445 0.00017681 0.000160369 0.000145106 0.000130988 0.000117978 0.000106028 9.50895e-05 8.51059e-05 7.60209e-05 6.77765e-05 6.03149e-05 5.35788e-05 4.75126e-05 4.20622e-05 3.71763e-05 3.28057e-05 2.89043e-05 2.54286e-05 2.23381e-05 1.95954e-05 1.71655e-05 1.50167e-05 1.31195e-05 1.14474e-05 9.97577e-06 8.68273e-06 7.54826e-06 6.55436e-06 5.68484e-06 4.92518e-06 4.26238e-06 3.68484e-06 3.18223e-06 2.74537e-06 2.36612e-06 2.03726e-06 1.75242e-06 1.50599e-06 1.29303e-06 1.10917e-06 9.50621e-07 8.14025e-07 6.96462e-07 5.9538e-07 5.08551e-07 4.34035e-07 3.70144e-07 3.15413e-07 2.6857e-07 2.28512e-07 1.94285e-07 1.65065e-07 1.4014e-07 1.18896e-07 1.00802e-07 8.5404e-08 7.23099e-08 6.11833e-08 5.17353e-08 4.37185e-08 3.69209e-08 3.1161e-08 2.62837e-08
2.53723e-05 5.257e-05 8.63524e-05 0.00012554 0.000168764 0.000214575 0.00026152 0.000308222 0.000353424 0.000396032 0.000435133 0.000470006 0.000500121 0.000525133 0.000544867 0.000559298 0.000568533 0.000572788 0.000572365 0.000567636 0.000559017 0.000546956 0.000531913 0.000514351 0.000494721 0.000473458 0.000450967 0.000427626 0.000403778 0.000379729 0.000355749 0.000332071 0.000308895 0.000286385 0.000264674 0.000243868 0.000224044 0.000205256 0.00018754 0.000170911 0.00015537 0.000140904 0.00012749 0.000115095 0.000103682 9.32065e-05 8.36204e-05 7.4874e-05 6.69157e-05 5.96937e-05 5.31566e-05 4.72537e-05 4.19359e-05 3.7156e-05 3.28688e-05 2.90315e-05 2.56037e-05 2.25478e-05 1.98283e-05 1.74127e-05 1.52708e-05 1.33746e-05 1.16989e-05 1.02203e-05 8.91758e-06 7.77163e-06 6.76502e-06 5.88205e-06 5.10862e-06 4.43203e-06 3.84093e-06 3.32519e-06 2.87574e-06 2.48455e-06 2.14446e-06 1.84914e-06 1.59298e-06 1.37104e-06 1.17894e-06 1.01286e-06 8.69416e-07 7.45645e-07 6.38957e-07 5.47081e-07 4.68036e-07 4.00092e-07 3.41745e-07 2.91681e-07 2.48764e-07 2.12003e-07 1.80543e-07 1.53641e-07 1.30655e-07 1.11031e-07 9.42896e-08 8.00187e-08 6.78628e-08 5.75161e-08 4.87155e-08 4.12355e-08 3.48823e-08
1.94718e-05 4.1499e-05 6.95487e-05 0.00010279 0.000140176 0.000180534 0.000222638 0.000265278 0.000307311 0.000347703 0.000385553 0.000420113 0.000450796 0.000477173 0.000498967 0.000516043 0.000528392 0.000536116 0.000539407 0.000538533 0.000533817 0.000525627 0.000514351 0.000500395 0.000484164 0.000466057 0.000446457 0.000425725 0.000404197 0.00038218 0.000359949 0.00033775 0.000315795 0.000294265 0.000273315 0.000253067 0.000233622 0.000215055 0.000197419 0.000180752 0.00016507 0.00015038 0.000136673 0.000123932 0.000112131 0.000101237 9.12132e-05 8.20178e-05 7.36067e-05 6.59342e-05 5.8954e-05 5.26197e-05 4.68854e-05 4.17063e-05 3.70392e-05 3.28425e-05 2.90766e-05 2.57041e-05 2.26896e-05 2.00003e-05 1.76054e-05 1.54763e-05 1.35868e-05 1.19126e-05 1.04316e-05 9.1236e-06 7.97001e-06 6.95413e-06 6.06079e-06 5.27629e-06 4.58831e-06 3.98575e-06 3.45868e-06 2.99823e-06 2.59646e-06 2.24631e-06 1.94149e-06 1.67645e-06 1.44625e-06 1.24651e-06 1.0734e-06 9.23518e-07 7.93879e-07 6.81861e-07 5.85161e-07 5.01766e-07 4.2991e-07 3.68055e-07 3.14855e-07 2.6914e-07 2.2989e-07 1.96219e-07 1.67359e-07 1.42642e-07 1.2149e-07 1.03404e-07 8.79501e-08 7.4756e-08 6.34995e-08 5.3903e-08 4.57277e-08
1.49435e-05 3.27342e-05 5.59431e-05 8.40212e-05 0.000116196 0.000151543 0.000189048 0.000227674 0.000266402 0.000304278 0.000340442 0.000374149 0.000404782 0.000431859 0.00045503 0.000474073 0.000488884 0.000499467 0.000505917 0.000508408 0.000507176 0.000502507 0.000494721 0.000484164 0.00047119 0.000456159 0.000439421 0.000421317 0.000402169 0.000382277 0.000361915 0.000341334 0.000320754 0.00030037 0.000280347 0.000260829 0.00024193 0.000223745 0.000206345 0.000189784 0.000174099 0.000159309 0.000145423 0.000132438 0.00012034 0.000109109 9.87172e-05 8.91328e-05 8.03196e-05 7.22389e-05 6.48503e-05 5.81121e-05 5.19827e-05 4.64205e-05 4.13847e-05 3.68357e-05 3.27353e-05 2.90468e-05 2.57355e-05 2.27687e-05 2.01153e-05 1.77466e-05 1.56358e-05 1.37579e-05 1.20901e-05 1.06111e-05 9.30156e-06 8.14391e-06 7.12198e-06 6.22115e-06 5.42817e-06 4.73107e-06 4.11906e-06 3.58244e-06 3.11253e-06 2.70152e-06 2.34246e-06 2.02916e-06 1.75608e-06 1.51834e-06 1.31158e-06 1.13195e-06 9.76069e-07 8.40922e-07 7.23871e-07 6.22593e-07 5.35045e-07 4.59437e-07 3.942e-07 3.37963e-07 2.89527e-07 2.47846e-07 2.12008e-07 1.8122e-07 1.54793e-07 1.32125e-07 1.12699e-07 9.60635e-08 8.18283e-08 6.96564e-08 5.92564e-08
1.14682e-05 2.58016e-05 4.49445e-05 6.85708e-05 9.61356e-05 0.000126931 0.000160138 0.000194883 0.000230277 0.000265461 0.000299632 0.000332071 0.000362156 0.000389377 0.000413335 0.000433742 0.000450422 0.000463295 0.000472373 0.000477746 0.00047957 0.000478057 0.000473458 0.000466057 0.000456159 0.000444077 0.000430129 0.000414627 0.000397874 0.000380157 0.000361745 0.000342885 0.000323803 0.000304699 0.00028575 0.000267109 0.000248908 0.000231254 0.000214235 0.000197921 0.000182363 0.000167598 0.000153647 0.000140522 0.000128221 0.000116737 0.000106052 9.61441e-05 8.69854e-05 7.85448e-05 7.07884e-05 6.368e-05 5.71828e-05 5.12589e-05 4.58708e-05 4.09815e-05 3.65545e-05 3.25548e-05 2.89487e-05 2.57038e-05 2.27896e-05 2.01773e-05 1.78399e-05 1.5752e-05 1.38903e-05 1.22329e-05 1.07597e-05 9.45241e-06 8.29398e-06 7.269e-06 6.36338e-06 5.56435e-06 4.8603e-06 4.24077e-06 3.69631e-06 3.21842e-06 2.79948e-06 2.43266e-06 2.11185e-06 1.8316e-06 1.58705e-06 1.37388e-06 1.18828e-06 1.02684e-06 8.86559e-07 7.6479e-07 6.59193e-07 5.67707e-07 4.88522e-07 4.20047e-07 3.60887e-07 3.0982e-07 2.65778e-07 2.27827e-07 1.95152e-07 1.67043e-07 1.42881e-07 1.22128e-07 1.04318e-07 8.90447e-08 7.59569e-08
8.80121e-06 2.03231e-05 3.60669e-05 5.58778e-05 7.93959e-05 0.000106098 0.000135338 0.000166397 0.000198513 0.000230926 0.000262905 0.000293771 0.000322919 0.000349828 0.000374071 0.000395319 0.000413335 0.000427976 0.000439182 0.000446973 0.000451432 0.0004527 0.000450967 0.000446457 0.000439421 0.000430129 0.000418859 0.000405894 0.000391511 0.000375981 0.000359561 0.000342493 0.000324998 0.000307281 0.000289525 0.000271891 0.000254519 0.000237531 0.000221026 0.000205089 0.000189785 0.000175163 0.00016126 0.000148098 0.000135691 0.000124041 0.000113141 0.000102979 9.35359e-05 8.47888e-05 7.67103e-05 6.92707e-05 6.24381e-05 5.61792e-05 5.04602e-05 4.52472e-05 4.05062e-05 3.62042e-05 3.23087e-05 2.87887e-05 2.56144e-05 2.27572e-05 2.01903e-05 1.78884e-05 1.58277e-05 1.3986e-05 1.23428e-05 1.08791e-05 9.57718e-06 8.42101e-06 7.39574e-06 6.48786e-06 5.68505e-06 4.9761e-06 4.35088e-06 3.8002e-06 3.31578e-06 2.89019e-06 2.51672e-06 2.18937e-06 1.90278e-06 1.65215e-06 1.43321e-06 1.24216e-06 1.07562e-06 9.30599e-07 8.04439e-07 6.94796e-07 5.99601e-07 5.17028e-07 4.45469e-07 3.83513e-07 3.29918e-07 2.83597e-07 2.43597e-07 2.09084e-07 1.79331e-07 1.53703e-07 1.31644e-07 1.12673e-07 9.637e-08
6.75442e-06 1.59973e-05 2.89115e-05 4.54698e-05 6.54598e-05 8.85117e-05 0.000114132 0.000141738 0.000170693 0.000200335 0.000230011 0.000259093 0.000287007 0.00031324 0.000337354 0.00035899 0.000377874 0.000393811 0.000406686 0.000416455 0.00042314 0.000426821 0.000427626 0.000425725 0.000421317 0.000414627 0.000405894 0.000395366 0.000383295 0.000369929 0.000355511 0.000340269 0.000324423 0.000308172 0.000291702 0.000275179 0.000258751 0.000242546 0.000226676 0.000211235 0.000196302 0.000181937 0.000168189 0.000155094 0.000142675 0.000130946 0.000119911 0.000109567 9.99049e-05 9.09085e-05 8.25583e-05 7.48309e-05 6.77e-05 6.11374e-05 5.51135e-05 4.95978e-05 4.45595e-05 3.99679e-05 3.57925e-05 3.20038e-05 2.8573e-05 2.54726e-05 2.26759e-05 2.01581e-05 1.78953e-05 1.58654e-05 1.40473e-05 1.24217e-05 1.09705e-05 9.67703e-06 8.52587e-06 7.50287e-06 6.59506e-06 5.79059e-06 5.07867e-06 4.44948e-06 3.89413e-06 3.40457e-06 2.97354e-06 2.59449e-06 2.26155e-06 1.96945e-06 1.71347e-06 1.48938e-06 1.29342e-06 1.12225e-06 9.72876e-07 8.42661e-07 7.29257e-07 6.30591e-07 5.4483e-07 4.70354e-07 4.05738e-07 3.49726e-07 3.01217e-07 2.59241e-07 2.2295e-07 1.91599e-07 1.64539e-07 1.41201e-07 1.21088e-07
5.18362e-06 1.25844e-05 2.31517e-05 3.69508e-05 5.38831e-05 7.37048e-05 9.60513e-05 0.000120463 0.000146416 0.000173347 0.000200679 0.000227846 0.000254313 0.000279587 0.000303232 0.000324878 0.000344224 0.00036104 0.000375164 0.000386503 0.000395027 0.00040076 0.000403778 0.000404197 0.000402169 0.000397874 0.000391511 0.000383295 0.000373447 0.000362192 0.000349753 0.000336346 0.000322178 0.000307446 0.000292332 0.000277003 0.00026161 0.00024629 0.000231159 0.000216323 0.000201867 0.000187865 0.000174375 0.000161444 0.000149106 0.000137385 0.000126296 0.000115844 0.000106029 9.6844e-05 8.82756e-05 8.03075e-05 7.29195e-05 6.60885e-05 5.97897e-05 5.39965e-05 4.86815e-05 4.38169e-05 3.93746e-05 3.53269e-05 3.16467e-05 2.83074e-05 2.52834e-05 2.25502e-05 2.00845e-05 1.7864e-05 1.58678e-05 1.40764e-05 1.24713e-05 1.10355e-05 9.75315e-06 8.60951e-06 7.59111e-06 6.68552e-06 5.88137e-06 5.16826e-06 4.53674e-06 3.97818e-06 3.48479e-06 3.04949e-06 2.66592e-06 2.32831e-06 2.03151e-06 1.77087e-06 1.54225e-06 1.34192e-06 1.16657e-06 1.01325e-06 8.7932e-07 7.62446e-07 6.60556e-07 5.71814e-07 4.94595e-07 4.27465e-07 3.69158e-07 3.1856e-07 2.7469e-07 2.36685e-07 2.03789e-07 1.75339e-07 1.50754e-07
3.97813e-06 9.89364e-06 1.85213e-05 2.99895e-05 4.4286e-05 6.12678e-05 8.06775e-05 0.000102164 0.000125304 0.000149625 0.000174631 0.000199817 0.000224692 0.000248796 0.000271705 0.000293048 0.000312511 0.000329838 0.000344837 0.000357374 0.000367375 0.000374817 0.000379729 0.00038218 0.000382277 0.000380157 0.000375981 0.000369929 0.000362192 0.000352969 0.000342461 0.000330867 0.000318384 0.000305197 0.000291483 0.000277409 0.000263126 0.000248772 0.00023447 0.000220331 0.00020645 0.000192906 0.00017977 0.000167096 0.000154928 0.0001433 0.000132236 0.00012175 0.000111851 0.000102538 9.38075e-05 8.56488e-05 7.80479e-05 7.09874e-05 6.44473e-05 5.84053e-05 5.28379e-05 4.77204e-05 4.30276e-05 3.8734e-05 3.48143e-05 3.12434e-05 2.79971e-05 2.50516e-05 2.23841e-05 1.99729e-05 1.77973e-05 1.58377e-05 1.40756e-05 1.24936e-05 1.10757e-05 9.80681e-06 8.67295e-06 7.66126e-06 6.75986e-06 5.95785e-06 5.24523e-06 4.6129e-06 4.05251e-06 3.55653e-06 3.11808e-06 2.73097e-06 2.38958e-06 2.08886e-06 1.82426e-06 1.59171e-06 1.38754e-06 1.20848e-06 1.0516e-06 9.14301e-07 7.94251e-07 6.89389e-07 5.9788e-07 5.18099e-07 4.48608e-07 3.88134e-07 3.35554e-07 2.89877e-07 2.50231e-07 2.15849e-07 1.86056e-07
3.05298e-06 7.77382e-06 1.48032e-05 2.43102e-05 3.63454e-05 5.08447e-05 6.7639e-05 8.64687e-05 0.000107001 0.000128848 0.000151587 0.000174777 0.000197977 0.00022076 0.000242727 0.000263515 0.000282806 0.000300332 0.000315875 0.000329274 0.000340418 0.000349248 0.000355749 0.000359949 0.000361915 0.000361745 0.000359561 0.000355511 0.000349753 0.000342461 0.000333813 0.000323989 0.00031317 0.000301531 0.000289242 0.000276462 0.000263341 0.000250018 0.000236619 0.000223257 0.000210033 0.000197036 0.000184339 0.000172008 0.000160094 0.00014864 0.000137678 0.000127231 0.000117315 0.000107938 9.91023e-05 9.0805e-05 8.3038e-05 7.57895e-05 6.90447e-05 6.27859e-05 5.69935e-05 5.16465e-05 4.67227e-05 4.21992e-05 3.80529e-05 3.42607e-05 3.07997e-05 2.76472e-05 2.47816e-05 2.21816e-05 1.9827e-05 1.76984e-05 1.57775e-05 1.40469e-05 1.24904e-05 1.10926e-05 9.83926e-06 8.71722e-06 7.71416e-06 6.81875e-06 6.02055e-06 5.30997e-06 4.67823e-06 4.11732e-06 3.61991e-06 3.17937e-06 2.78967e-06 2.44535e-06 2.14146e-06 1.87358e-06 1.63769e-06 1.43019e-06 1.24787e-06 1.08784e-06 9.47505e-07 8.24576e-07 7.16997e-07 6.2294e-07 5.40784e-07 4.69089e-07 4.06581e-07 3.5213e-07 3.0474e-07 2.63531e-07 2.27727e-07
2.34299e-06 6.10489e-06 1.18209e-05 1.96836e-05 2.97874e-05 4.21281e-05 5.66078e-05 7.30437e-05 9.11813e-05 0.000110709 0.000131273 0.000152494 0.000173981 0.000195348 0.000216223 0.000236259 0.000255142 0.000272599 0.000288401 0.000302364 0.00031435 0.000324269 0.000332071 0.00033775 0.000341334 0.000342885 0.000342493 0.000340269 0.000336346 0.000330867 0.000323989 0.000315871 0.000306677 0.000296569 0.000285705 0.000274239 0.000262315 0.00025007 0.00023763 0.000225111 0.000212617 0.000200239 0.00018806 0.00017615 0.000164569 0.000153364 0.000142578 0.00013224 0.000122374 0.000112995 0.000104112 9.57292e-05 8.78445e-05 8.04517e-05 7.35411e-05 6.70999e-05 6.11128e-05 5.55625e-05 5.043e-05 4.56956e-05 4.13385e-05 3.73377e-05 3.36721e-05 3.03206e-05 2.72625e-05 2.44777e-05 2.19464e-05 1.96499e-05 1.75701e-05 1.56897e-05 1.39926e-05 1.24634e-05 1.10876e-05 9.85181e-06 8.74339e-06 7.75069e-06 6.8629e-06 6.07003e-06 5.36291e-06 4.73308e-06 4.17284e-06 3.67511e-06 3.23348e-06 2.84209e-06 2.49564e-06 2.18932e-06 1.91878e-06 1.68013e-06 1.46981e-06 1.28468e-06 1.12187e-06 9.78855e-07 8.53342e-07 7.43301e-07 6.46917e-07 5.62575e-07 4.88839e-07 4.24434e-07 3.6823e-07 3.19225e-07 2.76535e-07
1.79811e-06 4.79177e-06 9.43151e-06 1.59199e-05 2.43804e-05 3.48532e-05 4.72959e-05 6.15895e-05 7.75463e-05 9.49214e-05 0.000113425 0.000132735 0.000152513 0.000172411 0.00019209 0.000211224 0.000229511 0.000246681 0.000262497 0.000276763 0.000289322 0.000300058 0.000308895 0.000315795 0.000320754 0.000323803 0.000324998 0.000324423 0.000322178 0.000318384 0.00031317 0.000306677 0.00029905 0.000290436 0.000280981 0.000270829 0.000260119 0.000248982 0.000237544 0.000225918 0.000214211 0.000202517 0.000190923 0.000179504 0.000168325 0.000157441 0.0001469 0.000136738 0.000126986 0.000117666 0.000108793 0.000100378 9.24249e-05 8.49326e-05 7.7897e-05 7.131e-05 6.51606e-05 5.94355e-05 5.41193e-05 4.91954e-05 4.46457e-05 4.04516e-05 3.65941e-05 3.30536e-05 2.98111e-05 2.68473e-05 2.41437e-05 2.1682e-05 1.94447e-05 1.7415e-05 1.55768e-05 1.39148e-05 1.24145e-05 1.10624e-05 9.84572e-06 8.75253e-06 7.77173e-06 6.89303e-06 6.10689e-06 5.40452e-06 4.77782e-06 4.21936e-06 3.72234e-06 3.28054e-06 2.88832e-06 2.54051e-06 2.23244e-06 1.95988e-06 1.71901e-06 1.50637e-06 1.31885e-06 1.15366e-06 1.00829e-06 8.80484e-07 7.68236e-07 6.69746e-07 5.83409e-07 5.07796e-07 4.41635e-07 3.83798e-07 3.3328e-07
