0.371762 0.0297068 0.0187286 0.0127637 0.00914464 0.00676344 0.00510601 0.00390754 0.00301828 0.00234663 0.00183301 0.00143673 0.00112898 0.000888832 0.00070076 0.000553067 0.00043684 0.000345227 0.000272926 0.000215808 0.00017065 0.000134921 0.000106634 8.42216e-05 6.64468e-05 5.2331e-05 4.10984e-05 3.21325e-05 2.49419e-05 1.91328e-05 1.51295e-05
0.0297068 0.00461073 0.00271981 0.00170457 0.00111375 0.000750025 0.000516832 0.000362636 0.000258153 0.00018594 0.000135216 9.91091e-05 7.31216e-05 5.42454e-05 4.04291e-05 3.02507e-05 2.27111e-05 1.70998e-05 1.29066e-05 9.76178e-06 7.39571e-06 5.61033e-06 4.25942e-06 3.23449e-06 2.45472e-06 1.85964e-06 1.40392e-06 1.05347e-06 7.82643e-07 5.72262e-07 4.39757e-07
0.0187286 0.00271981 0.00152084 0.00091641 0.000582776 0.000385407 0.000262408 0.000182663 0.000129355 9.28521e-05 6.73742e-05 4.93162e-05 3.63571e-05 2.69621e-05 2.00937e-05 1.50372e-05 1.12929e-05 8.50625e-06 6.42349e-06 4.86097e-06 3.68486e-06 2.79694e-06 2.12471e-06 1.61439e-06 1.22591e-06 9.293e-07 7.02104e-07 5.27459e-07 3.92756e-07 2.97296e-07 2.286e-07
0.0127637 0.00170457 0.00091641 0.000535689 0.000333452 0.000217382 0.000146625 0.000101449 7.15631e-05 5.12409e-05 3.71225e-05 2.71467e-05 2.00023e-05 1.48296e-05 1.1051e-05 8.27067e-06 6.21222e-06 4.68038e-06 3.53538e-06 2.67627e-06 2.02948e-06 1.54107e-06 1.17123e-06 8.90409e-07 6.76623e-07 5.13426e-07 3.88503e-07 2.92641e-07 2.22346e-07 1.68318e-07 1.29457e-07
0.00914464 0.00111375 0.000582776 0.000333452 0.000204447 0.000131956 8.84406e-05 6.09483e-05 4.28864e-05 3.06599e-05 2.21904e-05 1.62172e-05 1.19445e-05 8.85343e-06 6.59667e-06 4.93662e-06 3.70787e-06 2.7936e-06 2.11028e-06 1.5976e-06 1.21165e-06 9.20231e-07 6.99577e-07 5.32072e-07 4.04597e-07 3.07353e-07 2.33014e-07 1.77426e-07 1.34825e-07 1.02066e-07 7.84967e-08
0.00676344 0.000750025 0.000385407 0.000217382 0.000131956 8.46234e-05 5.6494e-05 3.88399e-05 2.72901e-05 1.94918e-05 1.40986e-05 1.02989e-05 7.58275e-06 5.61877e-06 4.18543e-06 3.13143e-06 2.3515e-06 1.77133e-06 1.33783e-06 1.01268e-06 7.67968e-07 5.83248e-07 4.43436e-07 3.37349e-07 2.56666e-07 1.95178e-07 1.48765e-07 1.1328e-07 8.60804e-08 6.51626e-08 5.01022e-08
0.00510601 0.000516832 0.000262408 0.000146625 8.84406e-05 5.6494e-05 3.76274e-05 2.58334e-05 1.81356e-05 1.29454e-05 9.35897e-06 6.83368e-06 5.02939e-06 3.72527e-06 2.77388e-06 2.07455e-06 1.55727e-06 1.17264e-06 8.85367e-07 6.69981e-07 5.07953e-07 3.85705e-07 2.93225e-07 2.23095e-07 1.69801e-07 1.29436e-07 9.86466e-08 7.51084e-08 5.7068e-08 4.31966e-08 3.3201e-08
0.00390754 0.000362636 0.000182663 0.000101449 6.09483e-05 3.88399e-05 2.58334e-05 1.77212e-05 1.24332e-05 8.87055e-06 6.40998e-06 4.67817e-06 3.44132e-06 2.54772e-06 1.89612e-06 1.41738e-06 1.06345e-06 8.00413e-07 6.04059e-07 4.56919e-07 3.46293e-07 2.62873e-07 1.99805e-07 1.52012e-07 1.15805e-07 8.82552e-08 6.72469e-08 5.1191e-08 3.88889e-08 2.9433e-08 2.26129e-08
0.00301828 0.000258153 0.000129355 7.15631e-05 4.28864e-05 2.72901e-05 1.81356e-05 1.24332e-05 8.71877e-06 6.21737e-06 4.49042e-06 3.27544e-06 2.40809e-06 1.78177e-06 1.3253e-06 9.90121e-07 7.42466e-07 5.58522e-07 4.21291e-07 3.18519e-07 2.41297e-07 1.83102e-07 1.39133e-07 1.05872e-07 8.06273e-08 6.14267e-08 4.67915e-08 3.56108e-08 2.70475e-08 2.04682e-08 1.57186e-08
0.00234663 0.00018594 9.28521e-05 5.12409e-05 3.06599e-05 1.94918e-05 1.29454e-05 8.87055e-06 6.21737e-06 4.43125e-06 3.19859e-06 2.33174e-06 1.71322e-06 1.26683e-06 9.41697e-07 7.03102e-07 5.26923e-07 3.96152e-07 2.98653e-07 2.25682e-07 1.70886e-07 1.29619e-07 9.84746e-08 7.49019e-08 5.70201e-08 4.34261e-08 3.30692e-08 2.51606e-08 1.91061e-08 1.44566e-08 1.10972e-08
0.00183301 0.000135216 6.73742e-05 3.71225e-05 2.21904e-05 1.40986e-05 9.35897e-06 6.40998e-06 4.49042e-06 3.19859e-06 2.30741e-06 1.68099e-06 1.23428e-06 9.12085e-07 6.77557e-07 5.05567e-07 3.78653e-07 2.84511e-07 2.14368e-07 1.61905e-07 1.22535e-07 9.29095e-08 7.05528e-08 5.36407e-08 4.08183e-08 3.10755e-08 2.36564e-08 1.79938e-08 1.36609e-08 1.03351e-08 7.93012e-09
0.00143673 9.91091e-05 4.93162e-05 2.71467e-05 1.62172e-05 1.02989e-05 6.83368e-06 4.67817e-06 3.27544e-06 2.33174e-06 1.68099e-06 1.22382e-06 8.98002e-07 6.63143e-07 4.92305e-07 3.67105e-07 2.74781e-07 2.06343e-07 1.55384e-07 1.17294e-07 8.87309e-08 6.72452e-08 5.10404e-08 3.87886e-08 2.95046e-08 2.24539e-08 1.70875e-08 1.29936e-08 9.86252e-09 7.46044e-09 5.72207e-09
0.00112898 7.31216e-05 3.63571e-05 2.00023e-05 1.19445e-05 7.58275e-06 5.02939e-06 3.44132e-06 2.40809e-06 1.71322e-06 1.23428e-06 8.98002e-07 6.58481e-07 4.85943e-07 3.60521e-07 2.68667e-07 2.00977e-07 1.50834e-07 1.13521e-07 8.56497e-08 6.47594e-08 4.90544e-08 3.72161e-08 2.82706e-08 2.14954e-08 1.63526e-08 1.24403e-08 9.45716e-09 7.17669e-09 5.42804e-09 4.1616e-09
0.000888832 5.42454e-05 2.69621e-05 1.48296e-05 8.85343e-06 5.61877e-06 3.72527e-06 2.54772e-06 1.78177e-06 1.26683e-06 9.12085e-07 6.63143e-07 4.85943e-07 3.58381e-07 2.65714e-07 1.97894e-07 1.47948e-07 1.10972e-07 8.3476e-08 6.29485e-08 4.75714e-08 3.60177e-08 2.73133e-08 2.07393e-08 1.57628e-08 1.19873e-08 9.11643e-09 6.92843e-09 5.2566e-09 3.97527e-09 3.04663e-09
0.00070076 4.04291e-05 2.00937e-05 1.1051e-05 6.59667e-06 4.18543e-06 2.77388e-06 1.89612e-06 1.3253e-06 9.41697e-07 6.77557e-07 4.92305e-07 3.60521e-07 2.65714e-07 1.96887e-07 1.46547e-07 1.09498e-07 8.20874e-08 6.17155e-08 4.65156e-08 3.51358e-08 2.65902e-08 2.01554e-08 1.52979e-08 1.16227e-08 8.83569e-09 6.71752e-09 5.10391e-09 3.87152e-09 2.92744e-09 2.24276e-09
0.000553067 3.02507e-05 1.50372e-05 8.27067e-06 4.93662e-06 3.13143e-06 2.07455e-06 1.41738e-06 9.90121e-07 7.03102e-07 5.05567e-07 3.67105e-07 2.68667e-07 1.97894e-07 1.46547e-07 1.09015e-07 8.14103e-08 6.09985e-08 4.5837e-08 3.4531e-08 2.60711e-08 1.97214e-08 1.49425e-08 1.13369e-08 8.6101e-09 6.54326e-09 4.97313e-09 3.77756e-09 2.86485e-09 2.16598e-09 1.65882e-09
0.00043684 2.27111e-05 1.12929e-05 6.21222e-06 3.70787e-06 2.3515e-06 1.55727e-06 1.06345e-06 7.42466e-07 5.26923e-07 3.78653e-07 2.74781e-07 2.00977e-07 1.47948e-07 1.09498e-07 8.14103e-08 6.07632e-08 4.55049e-08 3.41777e-08 2.57355e-08 1.94217e-08 1.46852e-08 1.11222e-08 8.43522e-09 6.40405e-09 4.86517e-09 3.69663e-09 2.80723e-09 2.12854e-09 1.6091e-09 1.23192e-09
0.000345227 1.70998e-05 8.50625e-06 4.68038e-06 2.7936e-06 1.77133e-06 1.17264e-06 8.00413e-07 5.58522e-07 3.96152e-07 2.84511e-07 2.06343e-07 1.50834e-07 1.10972e-07 8.20874e-08 6.09985e-08 4.55049e-08 3.40615e-08 2.55708e-08 1.92459e-08 1.4518e-08 1.09729e-08 8.30737e-09 6.29807e-09 4.77987e-09 3.63012e-09 2.75744e-09 2.09349e-09 1.58706e-09 1.19962e-09 9.18123e-10
0.000272926 1.29066e-05 6.42349e-06 3.53538e-06 2.11028e-06 1.33783e-06 8.85367e-07 6.04059e-07 4.21291e-07 2.98653e-07 2.14368e-07 1.55384e-07 1.13521e-07 8.3476e-08 6.17155e-08 4.5837e-08 3.41777e-08 2.55708e-08 1.9188e-08 1.44356e-08 1.08849e-08 8.22371e-09 6.22367e-09 4.71668e-09 3.5785e-09 2.7169e-09 2.06318e-09 1.56603e-09 1.18698e-09 8.9711e-10 6.86383e-10
0.000215808 9.76178e-06 4.86097e-06 2.67627e-06 1.5976e-06 1.01268e-06 6.69981e-07 4.56919e-07 3.18519e-07 2.25682e-07 1.61905e-07 1.17294e-07 8.56497e-08 6.29485e-08 4.65156e-08 3.4531e-08 2.57355e-08 1.92459e-08 1.44356e-08 1.08558e-08 8.18236e-09 6.17957e-09 4.67499e-09 3.54179e-09 2.68626e-09 2.03888e-09 1.54789e-09 1.17464e-09 8.90163e-10 6.72706e-10 5.14537e-10
0.00017065 7.39571e-06 3.68486e-06 2.02948e-06 1.21165e-06 7.67968e-07 5.07953e-07 3.46293e-07 2.41297e-07 1.70886e-07 1.22535e-07 8.87309e-08 6.47594e-08 4.75714e-08 3.51358e-08 2.60711e-08 1.94217e-08 1.4518e-08 1.08849e-08 8.18236e-09 6.16496e-09 4.65427e-09 3.51985e-09 2.66578e-09 2.02123e-09 1.53368e-09 1.16406e-09 8.83165e-10 6.69164e-10 5.05642e-10 3.86642e-10
0.000134921 5.61033e-06 2.79694e-06 1.54107e-06 9.20231e-07 5.83248e-07 3.85705e-07 2.62873e-07 1.83102e-07 1.29619e-07 9.29095e-08 6.72452e-08 4.90544e-08 3.60177e-08 2.65902e-08 1.97214e-08 1.46852e-08 1.09729e-08 8.22371e-09 6.17957e-09 4.65427e-09 3.51255e-09 2.65553e-09 2.01055e-09 1.52397e-09 1.15606e-09 8.77224e-10 6.65406e-10 5.04087e-10 3.80867e-10 2.91151e-10
0.000106634 4.25942e-06 2.12471e-06 1.17123e-06 6.99577e-07 4.43436e-07 2.93225e-07 1.99805e-07 1.39133e-07 9.84746e-08 7.05528e-08 5.10404e-08 3.72161e-08 2.73133e-08 2.01554e-08 1.49425e-08 1.11222e-08 8.30737e-09 6.22367e-09 4.67499e-09 3.51985e-09 2.65553e-09 2.00697e-09 1.51906e-09 1.15111e-09 8.72978e-10 6.62266e-10 5.02251e-10 3.80426e-10 2.87407e-10 2.19648e-10
8.42216e-05 3.23449e-06 1.61439e-06 8.90409e-07 5.32072e-07 3.37349e-07 2.23095e-07 1.52012e-07 1.05872e-07 7.49019e-08 5.36407e-08 3.87886e-08 2.82706e-08 2.07393e-08 1.52979e-08 1.13369e-08 8.43522e-09 6.29807e-09 4.71668e-09 3.54179e-09 2.66578e-09 2.01055e-09 1.51906e-09 1.14943e-09 8.70777e-10 6.60218e-10 5.00748e-10 3.79685e-10 2.87546e-10 2.17217e-10 1.65965e-10
6.64468e-05 2.45472e-06 1.22591e-06 6.76623e-07 4.04597e-07 2.56666e-07 1.69801e-07 1.15805e-07 8.06273e-08 5.70201e-08 4.08183e-08 2.95046e-08 2.14954e-08 1.57628e-08 1.16227e-08 8.6101e-09 6.40405e-09 4.77987e-09 3.5785e-09 2.68626e-09 2.02123e-09 1.52397e-09 1.15111e-09 8.70777e-10 6.5951e-10 4.9992e-10 3.79088e-10 2.87386e-10 2.17615e-10 1.64376e-10 1.25561e-10
5.2331e-05 1.85964e-06 9.293e-07 5.13426e-07 3.07353e-07 1.95178e-07 1.29436e-07 8.82552e-08 6.14267e-08 4.34261e-08 3.10755e-08 2.24539e-08 1.63526e-08 1.19873e-08 8.83569e-09 6.54326e-09 4.86517e-09 3.63012e-09 2.7169e-09 2.03888e-09 1.53368e-09 1.15606e-09 8.72978e-10 6.60218e-10 4.9992e-10 3.78865e-10 2.87236e-10 2.17716e-10 1.64837e-10 1.245e-10 9.50806e-11
4.10984e-05 1.40392e-06 7.02104e-07 3.88503e-07 2.33014e-07 1.48765e-07 9.86466e-08 6.72469e-08 4.67915e-08 3.30692e-08 2.36564e-08 1.70875e-08 1.24403e-08 9.11643e-09 6.71752e-09 4.97313e-09 3.69663e-09 2.75744e-09 2.06318e-09 1.54789e-09 1.16406e-09 8.77224e-10 6.62266e-10 5.00748e-10 3.79088e-10 2.87236e-10 2.17729e-10 1.65006e-10 1.24915e-10 9.43405e-11 7.20332e-11
3.21325e-05 1.05347e-06 5.27459e-07 2.92641e-07 1.77426e-07 1.1328e-07 7.51084e-08 5.1191e-08 3.56108e-08 2.51606e-08 1.79938e-08 1.29936e-08 9.45716e-09 6.92843e-09 5.10391e-09 3.77756e-09 2.80723e-09 2.09349e-09 1.56603e-09 1.17464e-09 8.83165e-10 6.65406e-10 5.02251e-10 3.79685e-10 2.87386e-10 2.17716e-10 1.65006e-10 1.25034e-10 9.46451e-11 7.14752e-11 5.4565e-11
2.49419e-05 7.82643e-07 3.92756e-07 2.22346e-07 1.34825e-07 8.60804e-08 5.7068e-08 3.88889e-08 2.70475e-08 1.91061e-08 1.36609e-08 9.86252e-09 7.17669e-09 5.2566e-09 3.87152e-09 2.86485e-09 2.12854e-09 1.58706e-09 1.18698e-09 8.90163e-10 6.69164e-10 5.04087e-10 3.80426e-10 2.87546e-10 2.17615e-10 1.64837e-10 1.24915e-10 9.46451e-11 7.16362e-11 5.40964e-11 4.12923e-11
1.91328e-05 5.72262e-07 2.97296e-07 1.68318e-07 1.02066e-07 6.51626e-08 4.31966e-08 2.9433e-08 2.04682e-08 1.44566e-08 1.03351e-08 7.46044e-09 5.42804e-09 3.97527e-09 2.92744e-09 2.16598e-09 1.6091e-09 1.19962e-09 8.9711e-10 6.72706e-10 5.05642e-10 3.80867e-10 2.87407e-10 2.17217e-10 1.64376e-10 1.245e-10 9.43405e-11 7.14752e-11 5.40964e-11 4.085e-11 3.11786e-11
1.51295e-05 4.39757e-07 2.286e-07 1.29457e-07 7.84967e-08 5.01022e-08 3.3201e-08 2.26129e-08 1.57186e-08 1.10972e-08 7.93012e-09 5.72207e-09 4.1616e-09 3.04663e-09 2.24276e-09 1.65882e-09 1.23192e-09 9.18123e-10 6.86383e-10 5.14537e-10 3.86642e-10 2.91151e-10 2.19648e-10 1.65965e-10 1.25561e-10 9.50806e-11 7.20332e-11 5.4565e-11 4.12923e-11 3.11786e-11 2.37917e-11
