0.872324 5.40424e-05 5.26284e-05 5.12514e-05 4.99105e-05 4.86046e-05 4.73329e-05 4.60945e-05 4.48884e-05 4.3714e-05 4.25702e-05 4.14564e-05 4.03717e-05 3.93154e-05 3.82868e-05 3.7285e-05 3.63095e-05 3.53595e-05 3.44343e-05 3.35334e-05 3.2656e-05 3.18016e-05 3.09695e-05 3.01592e-05 2.93701e-05 2.86017e-05 2.78533e-05 2.71246e-05 2.64149e-05 2.57237e-05 2.50507e-05 2.43953e-05 2.3757e-05 2.31354e-05 2.25301e-05 2.19406e-05 2.13665e-05 2.08075e-05 2.02631e-05 1.97329e-05 1.92166e-05 1.87138e-05 1.82242e-05 1.77474e-05 1.7283e-05 1.68308e-05 1.63904e-05 1.59616e-05 1.5544e-05 1.51373e-05 1.47412e-05 1.43555e-05 1.39799e-05 1.36141e-05 1.32579e-05 1.29111e-05 1.25732e-05 1.22443e-05 1.19239e-05 1.16119e-05 1.13081e-05 1.10122e-05 1.07241e-05 1.04435e-05 1.01703e-05 9.90418e-06 9.64505e-06 9.39269e-06 9.14694e-06 8.90761e-06 8.67455e-06 8.44759e-06 8.22656e-06 8.01132e-06 7.80171e-06 7.59758e-06 7.3988e-06 7.20521e-06 7.01669e-06 6.83311e-06 6.65432e-06 6.48022e-06 6.31067e-06 6.14555e-06 5.98476e-06 5.82817e-06 5.67568e-06 5.52718e-06 5.38257e-06 5.24174e-06 5.10459e-06 4.97103e-06 4.84097e-06 4.71431e-06 4.59096e-06 4.47084e-06 4.35386e-06 4.23995e-06 4.12901e-06 4.02098e-06 3.91577e-06
5.40424e-05 5.84113e-06 5.72163e-06 5.60438e-06 5.48935e-06 5.3765e-06 5.26581e-06 5.15722e-06 5.05071e-06 4.94624e-06 4.84378e-06 4.7433e-06 4.64476e-06 4.54813e-06 4.45338e-06 4.36047e-06 4.26937e-06 4.18006e-06 4.09249e-06 4.00665e-06 3.9225e-06 3.84001e-06 3.75915e-06 3.67989e-06 3.60221e-06 3.52607e-06 3.45145e-06 3.37832e-06 3.30666e-06 3.23643e-06 3.16761e-06 3.10018e-06 3.03411e-06 2.96938e-06 2.90595e-06 2.84381e-06 2.78294e-06 2.7233e-06 2.66488e-06 2.60765e-06 2.55159e-06 2.49668e-06 2.4429e-06 2.39022e-06 2.33862e-06 2.28809e-06 2.23861e-06 2.19014e-06 2.14268e-06 2.09621e-06 2.05069e-06 2.00613e-06 1.96249e-06 1.91977e-06 1.87793e-06 1.83697e-06 1.79687e-06 1.75761e-06 1.71918e-06 1.68155e-06 1.64471e-06 1.60865e-06 1.57336e-06 1.5388e-06 1.50498e-06 1.47188e-06 1.43947e-06 1.40776e-06 1.37672e-06 1.34634e-06 1.3166e-06 1.28751e-06 1.25903e-06 1.23116e-06 1.20389e-06 1.1772e-06 1.15108e-06 1.12553e-06 1.10052e-06 1.07606e-06 1.05212e-06 1.02869e-06 1.00577e-06 9.83349e-07 9.6141e-07 9.39946e-07 9.18947e-07 8.98404e-07 8.78306e-07 8.58645e-07 8.39412e-07 8.20597e-07 8.02192e-07 7.84189e-07 7.66578e-07 7.49352e-07 7.32503e-07 7.16022e-07 6.99903e-07 6.84137e-07 6.68716e-07
5.26284e-05 5.72163e-06 5.60798e-06 5.49639e-06 5.38681e-06 5.27923e-06 5.17361e-06 5.06991e-06 4.96813e-06 4.86821e-06 4.77014e-06 4.67388e-06 4.57941e-06 4.48671e-06 4.39573e-06 4.30646e-06 4.21886e-06 4.13292e-06 4.04859e-06 3.96587e-06 3.88471e-06 3.8051e-06 3.72701e-06 3.65041e-06 3.57528e-06 3.5016e-06 3.42933e-06 3.35846e-06 3.28896e-06 3.22081e-06 3.15398e-06 3.08846e-06 3.02421e-06 2.96122e-06 2.89947e-06 2.83893e-06 2.77958e-06 2.7214e-06 2.66438e-06 2.60848e-06 2.55369e-06 2.49998e-06 2.44735e-06 2.39577e-06 2.34522e-06 2.29568e-06 2.24713e-06 2.19956e-06 2.15295e-06 2.10727e-06 2.06252e-06 2.01867e-06 1.97571e-06 1.93363e-06 1.89239e-06 1.852e-06 1.81243e-06 1.77367e-06 1.7357e-06 1.69851e-06 1.66208e-06 1.62639e-06 1.59145e-06 1.55722e-06 1.52369e-06 1.49086e-06 1.45871e-06 1.42723e-06 1.39639e-06 1.3662e-06 1.33663e-06 1.30768e-06 1.27933e-06 1.25158e-06 1.2244e-06 1.19779e-06 1.17174e-06 1.14624e-06 1.12127e-06 1.09682e-06 1.07289e-06 1.04947e-06 1.02653e-06 1.00409e-06 9.82111e-07 9.60602e-07 9.39548e-07 9.18941e-07 8.98771e-07 8.79029e-07 8.59707e-07 8.40797e-07 8.22289e-07 8.04176e-07 7.8645e-07 7.69103e-07 7.52127e-07 7.35515e-07 7.19258e-07 7.0335e-07 6.87784e-07
5.12514e-05 5.60438e-06 5.49639e-06 5.39025e-06 5.28595e-06 5.18345e-06 5.08274e-06 4.98379e-06 4.88657e-06 4.79107e-06 4.69725e-06 4.60509e-06 4.51458e-06 4.42568e-06 4.33838e-06 4.25264e-06 4.16846e-06 4.08579e-06 4.00463e-06 3.92494e-06 3.84671e-06 3.76991e-06 3.69453e-06 3.62053e-06 3.5479e-06 3.47662e-06 3.40666e-06 3.338e-06 3.27063e-06 3.20452e-06 3.13965e-06 3.076e-06 3.01355e-06 2.95228e-06 2.89218e-06 2.83321e-06 2.77538e-06 2.71864e-06 2.66299e-06 2.60841e-06 2.55488e-06 2.50238e-06 2.45089e-06 2.4004e-06 2.35088e-06 2.30233e-06 2.25473e-06 2.20805e-06 2.16228e-06 2.11741e-06 2.07342e-06 2.0303e-06 1.98802e-06 1.94658e-06 1.90596e-06 1.86614e-06 1.82711e-06 1.78885e-06 1.75136e-06 1.71461e-06 1.6786e-06 1.6433e-06 1.60872e-06 1.57482e-06 1.54161e-06 1.50907e-06 1.47718e-06 1.44593e-06 1.41532e-06 1.38533e-06 1.35594e-06 1.32715e-06 1.29895e-06 1.27132e-06 1.24425e-06 1.21774e-06 1.19177e-06 1.16632e-06 1.1414e-06 1.117e-06 1.09309e-06 1.06968e-06 1.04674e-06 1.02428e-06 1.00229e-06 9.80746e-07 9.59651e-07 9.38993e-07 9.18763e-07 8.98954e-07 8.79557e-07 8.60563e-07 8.41966e-07 8.23756e-07 8.05927e-07 7.88471e-07 7.7138e-07 7.54647e-07 7.38266e-07 7.22228e-07 7.06528e-07
4.99105e-05 5.48935e-06 5.38681e-06 5.28595e-06 5.18673e-06 5.08916e-06 4.9932e-06 4.89883e-06 4.80604e-06 4.71481e-06 4.62512e-06 4.53694e-06 4.45027e-06 4.36507e-06 4.28134e-06 4.19905e-06 4.11817e-06 4.0387e-06 3.96062e-06 3.8839e-06 3.80852e-06 3.73447e-06 3.66173e-06 3.59027e-06 3.52009e-06 3.45116e-06 3.38346e-06 3.31698e-06 3.25169e-06 3.18758e-06 3.12463e-06 3.06283e-06 3.00215e-06 2.94258e-06 2.8841e-06 2.8267e-06 2.77035e-06 2.71504e-06 2.66076e-06 2.60748e-06 2.5552e-06 2.50389e-06 2.45354e-06 2.40413e-06 2.35565e-06 2.30809e-06 2.26142e-06 2.21564e-06 2.17072e-06 2.12666e-06 2.08343e-06 2.04103e-06 1.99944e-06 1.95865e-06 1.91864e-06 1.8794e-06 1.84092e-06 1.80318e-06 1.76617e-06 1.72988e-06 1.69429e-06 1.6594e-06 1.62518e-06 1.59164e-06 1.55875e-06 1.5265e-06 1.49489e-06 1.4639e-06 1.43352e-06 1.40374e-06 1.37454e-06 1.34593e-06 1.31788e-06 1.29039e-06 1.26345e-06 1.23704e-06 1.21116e-06 1.1858e-06 1.16094e-06 1.13658e-06 1.11271e-06 1.08932e-06 1.0664e-06 1.04395e-06 1.02194e-06 1.00038e-06 9.79258e-07 9.58562e-07 9.38286e-07 9.18422e-07 8.98962e-07 8.79898e-07 8.61222e-07 8.42928e-07 8.25008e-07 8.07455e-07 7.90261e-07 7.73419e-07 7.56924e-07 7.40768e-07 7.24944e-07
4.86046e-05 5.3765e-06 5.27923e-06 5.18345e-06 5.08916e-06 4.99633e-06 4.90497e-06 4.81504e-06 4.72654e-06 4.63945e-06 4.55375e-06 4.46944e-06 4.38649e-06 4.30489e-06 4.22463e-06 4.14568e-06 4.06803e-06 3.99168e-06 3.91659e-06 3.84276e-06 3.77017e-06 3.6988e-06 3.62864e-06 3.55967e-06 3.49188e-06 3.42525e-06 3.35977e-06 3.29541e-06 3.23217e-06 3.17003e-06 3.10897e-06 3.04899e-06 2.99005e-06 2.93215e-06 2.87527e-06 2.81941e-06 2.76453e-06 2.71064e-06 2.6577e-06 2.60572e-06 2.55467e-06 2.50455e-06 2.45533e-06 2.407e-06 2.35955e-06 2.31297e-06 2.26724e-06 2.22235e-06 2.17828e-06 2.13502e-06 2.09257e-06 2.0509e-06 2.01e-06 1.96986e-06 1.93047e-06 1.89182e-06 1.85389e-06 1.81668e-06 1.78016e-06 1.74433e-06 1.70918e-06 1.67469e-06 1.64086e-06 1.60767e-06 1.57511e-06 1.54318e-06 1.51185e-06 1.48113e-06 1.45099e-06 1.42144e-06 1.39245e-06 1.36402e-06 1.33614e-06 1.3088e-06 1.282e-06 1.25571e-06 1.22993e-06 1.20466e-06 1.17988e-06 1.15558e-06 1.13176e-06 1.10841e-06 1.08552e-06 1.06308e-06 1.04108e-06 1.01951e-06 9.98372e-07 9.77651e-07 9.57341e-07 9.37434e-07 9.17923e-07 8.98801e-07 8.8006e-07 8.61693e-07 8.43694e-07 8.26055e-07 8.08769e-07 7.91831e-07 7.75233e-07 7.58968e-07 7.43032e-07
4.73329e-05 5.26581e-06 5.17361e-06 5.08274e-06 4.9932e-06 4.90497e-06 4.81804e-06 4.73241e-06 4.64806e-06 4.56498e-06 4.48316e-06 4.40259e-06 4.32326e-06 4.24515e-06 4.16825e-06 4.09256e-06 4.01806e-06 3.94473e-06 3.87256e-06 3.80155e-06 3.73167e-06 3.66293e-06 3.59529e-06 3.52875e-06 3.4633e-06 3.39893e-06 3.33561e-06 3.27335e-06 3.21211e-06 3.1519e-06 3.0927e-06 3.0345e-06 2.97727e-06 2.92102e-06 2.86573e-06 2.81138e-06 2.75795e-06 2.70545e-06 2.65386e-06 2.60316e-06 2.55333e-06 2.50438e-06 2.45628e-06 2.40903e-06 2.3626e-06 2.317e-06 2.2722e-06 2.2282e-06 2.18498e-06 2.14254e-06 2.10085e-06 2.05991e-06 2.01971e-06 1.98023e-06 1.94147e-06 1.90341e-06 1.86604e-06 1.82935e-06 1.79334e-06 1.75798e-06 1.72327e-06 1.6892e-06 1.65576e-06 1.62294e-06 1.59073e-06 1.55911e-06 1.52809e-06 1.49764e-06 1.46776e-06 1.43844e-06 1.40967e-06 1.38144e-06 1.35374e-06 1.32657e-06 1.2999e-06 1.27375e-06 1.24809e-06 1.22292e-06 1.19823e-06 1.17401e-06 1.15025e-06 1.12695e-06 1.1041e-06 1.08168e-06 1.0597e-06 1.03814e-06 1.017e-06 9.96262e-07 9.7593e-07 9.55993e-07 9.36443e-07 9.17275e-07 8.9848e-07 8.80052e-07 8.61984e-07 8.44271e-07 8.26905e-07 8.0988e-07 7.9319e-07 7.76829e-07 7.60791e-07
4.60945e-05 5.15722e-06 5.06991e-06 4.98379e-06 4.89883e-06 4.81504e-06 4.73241e-06 4.65093e-06 4.5706e-06 4.4914e-06 4.41334e-06 4.3364e-06 4.26057e-06 4.18586e-06 4.11224e-06 4.03971e-06 3.96826e-06 3.89788e-06 3.82856e-06 3.76029e-06 3.69307e-06 3.62687e-06 3.5617e-06 3.49754e-06 3.43438e-06 3.37221e-06 3.31102e-06 3.2508e-06 3.19154e-06 3.13322e-06 3.07585e-06 3.01939e-06 2.96386e-06 2.90923e-06 2.85549e-06 2.80263e-06 2.75065e-06 2.69952e-06 2.64925e-06 2.59981e-06 2.55121e-06 2.50341e-06 2.45643e-06 2.41024e-06 2.36484e-06 2.32021e-06 2.27634e-06 2.23323e-06 2.19086e-06 2.14922e-06 2.1083e-06 2.0681e-06 2.02859e-06 1.98978e-06 1.95165e-06 1.91418e-06 1.87738e-06 1.84123e-06 1.80572e-06 1.77085e-06 1.73659e-06 1.70295e-06 1.66991e-06 1.63746e-06 1.6056e-06 1.57432e-06 1.5436e-06 1.51344e-06 1.48382e-06 1.45475e-06 1.42621e-06 1.39819e-06 1.37068e-06 1.34368e-06 1.31718e-06 1.29117e-06 1.26564e-06 1.24059e-06 1.216e-06 1.19186e-06 1.16818e-06 1.14494e-06 1.12214e-06 1.09976e-06 1.07781e-06 1.05627e-06 1.03513e-06 1.0144e-06 9.94056e-07 9.741e-07 9.54523e-07 9.35319e-07 9.16482e-07 8.98004e-07 8.7988e-07 8.62103e-07 8.44668e-07 8.27567e-07 8.10796e-07 7.94349e-07 7.78219e-07
4.48884e-05 5.05071e-06 4.96813e-06 4.88657e-06 4.80604e-06 4.72654e-06 4.64806e-06 4.5706e-06 4.49415e-06 4.41872e-06 4.34429e-06 4.27087e-06 4.19845e-06 4.12703e-06 4.05659e-06 3.98713e-06 3.91865e-06 3.85114e-06 3.7846e-06 3.71901e-06 3.65436e-06 3.59067e-06 3.5279e-06 3.46606e-06 3.40514e-06 3.34513e-06 3.28602e-06 3.2278e-06 3.17047e-06 3.11402e-06 3.05843e-06 3.0037e-06 2.94983e-06 2.89679e-06 2.84458e-06 2.7932e-06 2.74263e-06 2.69287e-06 2.6439e-06 2.59572e-06 2.54832e-06 2.50168e-06 2.4558e-06 2.41067e-06 2.36628e-06 2.32262e-06 2.27968e-06 2.23745e-06 2.19593e-06 2.1551e-06 2.11495e-06 2.07548e-06 2.03668e-06 1.99853e-06 1.96103e-06 1.92417e-06 1.88794e-06 1.85233e-06 1.81734e-06 1.78295e-06 1.74915e-06 1.71594e-06 1.68331e-06 1.65125e-06 1.61975e-06 1.5888e-06 1.5584e-06 1.52854e-06 1.4992e-06 1.47038e-06 1.44208e-06 1.41428e-06 1.38698e-06 1.36017e-06 1.33384e-06 1.30798e-06 1.2826e-06 1.25767e-06 1.23319e-06 1.20915e-06 1.18556e-06 1.16239e-06 1.13965e-06 1.11733e-06 1.09541e-06 1.0739e-06 1.05279e-06 1.03206e-06 1.01172e-06 9.91758e-07 9.72165e-07 9.52937e-07 9.34068e-07 9.15551e-07 8.97381e-07 8.79552e-07 8.62058e-07 8.44892e-07 8.28051e-07 8.11527e-07 7.95316e-07
4.3714e-05 4.94624e-06 4.86821e-06 4.79107e-06 4.71481e-06 4.63945e-06 4.56498e-06 4.4914e-06 4.41872e-06 4.34693e-06 4.27603e-06 4.20602e-06 4.1369e-06 4.06867e-06 4.00132e-06 3.93485e-06 3.86926e-06 3.80455e-06 3.7407e-06 3.67772e-06 3.61559e-06 3.55433e-06 3.49391e-06 3.43434e-06 3.3756e-06 3.31771e-06 3.26063e-06 3.20438e-06 3.14894e-06 3.09432e-06 3.04049e-06 2.98745e-06 2.93521e-06 2.88374e-06 2.83305e-06 2.78312e-06 2.73395e-06 2.68553e-06 2.63785e-06 2.59091e-06 2.54469e-06 2.4992e-06 2.45441e-06 2.41033e-06 2.36695e-06 2.32425e-06 2.28224e-06 2.24089e-06 2.20021e-06 2.16019e-06 2.12081e-06 2.08208e-06 2.04398e-06 2.0065e-06 1.96963e-06 1.93338e-06 1.89773e-06 1.86267e-06 1.82819e-06 1.79429e-06 1.76096e-06 1.72819e-06 1.69598e-06 1.66431e-06 1.63318e-06 1.60259e-06 1.57251e-06 1.54295e-06 1.5139e-06 1.48535e-06 1.4573e-06 1.42973e-06 1.40265e-06 1.37603e-06 1.34988e-06 1.32419e-06 1.29896e-06 1.27416e-06 1.24981e-06 1.22589e-06 1.20239e-06 1.17931e-06 1.15664e-06 1.13438e-06 1.11251e-06 1.09104e-06 1.06996e-06 1.04926e-06 1.02893e-06 1.00897e-06 9.89371e-07 9.7013e-07 9.5124e-07 9.32695e-07 9.14489e-07 8.96618e-07 8.79075e-07 8.61855e-07 8.44953e-07 8.28364e-07 8.12081e-07
4.25702e-05 4.84378e-06 4.77014e-06 4.69725e-06 4.62512e-06 4.55375e-06 4.48316e-06 4.41334e-06 4.34429e-06 4.27603e-06 4.20855e-06 4.14185e-06 4.07593e-06 4.0108e-06 3.94645e-06 3.88288e-06 3.8201e-06 3.7581e-06 3.69688e-06 3.63644e-06 3.57677e-06 3.51788e-06 3.45975e-06 3.4024e-06 3.3458e-06 3.28997e-06 3.23489e-06 3.18056e-06 3.12698e-06 3.07414e-06 3.02204e-06 2.97067e-06 2.92003e-06 2.87011e-06 2.8209e-06 2.7724e-06 2.72461e-06 2.67751e-06 2.63111e-06 2.58539e-06 2.54036e-06 2.49599e-06 2.45229e-06 2.40926e-06 2.36687e-06 2.32513e-06 2.28404e-06 2.24357e-06 2.20373e-06 2.16452e-06 2.12591e-06 2.08791e-06 2.05051e-06 2.01371e-06 1.97748e-06 1.94184e-06 1.90677e-06 1.87226e-06 1.83831e-06 1.8049e-06 1.77205e-06 1.73973e-06 1.70794e-06 1.67667e-06 1.64592e-06 1.61568e-06 1.58594e-06 1.5567e-06 1.52794e-06 1.49967e-06 1.47187e-06 1.44455e-06 1.41769e-06 1.39128e-06 1.36532e-06 1.33981e-06 1.31473e-06 1.29009e-06 1.26587e-06 1.24206e-06 1.21868e-06 1.19569e-06 1.17311e-06 1.15092e-06 1.12912e-06 1.1077e-06 1.08666e-06 1.06599e-06 1.04568e-06 1.02573e-06 1.00614e-06 9.86899e-07 9.67998e-07 9.49436e-07 9.31205e-07 9.13302e-07 8.95721e-07 8.78456e-07 8.61503e-07 8.44857e-07 8.28513e-07
4.14564e-05 4.7433e-06 4.67388e-06 4.60509e-06 4.53694e-06 4.46944e-06 4.40259e-06 4.3364e-06 4.27087e-06 4.20602e-06 4.14185e-06 4.07835e-06 4.01554e-06 3.95341e-06 3.89198e-06 3.83123e-06 3.77118e-06 3.71182e-06 3.65316e-06 3.59519e-06 3.53792e-06 3.48134e-06 3.42545e-06 3.37026e-06 3.31576e-06 3.26194e-06 3.20882e-06 3.15637e-06 3.10461e-06 3.05353e-06 3.00312e-06 2.95338e-06 2.90431e-06 2.85591e-06 2.80817e-06 2.76108e-06 2.71465e-06 2.66886e-06 2.62372e-06 2.57921e-06 2.53534e-06 2.49209e-06 2.44947e-06 2.40747e-06 2.36607e-06 2.32529e-06 2.2851e-06 2.24552e-06 2.20652e-06 2.1681e-06 2.13027e-06 2.093e-06 2.05631e-06 2.02017e-06 1.98459e-06 1.94956e-06 1.91507e-06 1.88112e-06 1.8477e-06 1.8148e-06 1.78242e-06 1.75055e-06 1.71919e-06 1.68833e-06 1.65797e-06 1.62809e-06 1.5987e-06 1.56978e-06 1.54133e-06 1.51334e-06 1.48581e-06 1.45874e-06 1.43211e-06 1.40592e-06 1.38016e-06 1.35484e-06 1.32993e-06 1.30545e-06 1.28137e-06 1.2577e-06 1.23443e-06 1.21155e-06 1.18906e-06 1.16696e-06 1.14523e-06 1.12387e-06 1.10288e-06 1.08225e-06 1.06198e-06 1.04206e-06 1.02248e-06 1.00325e-06 9.84346e-07 9.65775e-07 9.4753e-07 9.29605e-07 9.11995e-07 8.94696e-07 8.77702e-07 8.61009e-07 8.44612e-07
4.03717e-05 4.64476e-06 4.57941e-06 4.51458e-06 4.45027e-06 4.38649e-06 4.32326e-06 4.26057e-06 4.19845e-06 4.1369e-06 4.07593e-06 4.01554e-06 3.95574e-06 3.89653e-06 3.83792e-06 3.77991e-06 3.72252e-06 3.66573e-06 3.60955e-06 3.554e-06 3.49905e-06 3.44473e-06 3.39103e-06 3.33795e-06 3.28549e-06 3.23365e-06 3.18243e-06 3.13183e-06 3.08185e-06 3.03249e-06 2.98374e-06 2.93561e-06 2.88809e-06 2.84118e-06 2.79488e-06 2.74918e-06 2.70409e-06 2.65959e-06 2.61569e-06 2.57238e-06 2.52966e-06 2.48752e-06 2.44596e-06 2.40498e-06 2.36458e-06 2.32474e-06 2.28546e-06 2.24674e-06 2.20858e-06 2.17097e-06 2.1339e-06 2.09737e-06 2.06138e-06 2.02592e-06 1.99098e-06 1.95656e-06 1.92266e-06 1.88927e-06 1.85638e-06 1.82399e-06 1.79209e-06 1.76069e-06 1.72976e-06 1.69932e-06 1.66935e-06 1.63984e-06 1.6108e-06 1.58221e-06 1.55407e-06 1.52638e-06 1.49913e-06 1.47231e-06 1.44592e-06 1.41996e-06 1.39442e-06 1.36929e-06 1.34456e-06 1.32024e-06 1.29632e-06 1.27279e-06 1.24965e-06 1.22689e-06 1.2045e-06 1.18249e-06 1.16085e-06 1.13956e-06 1.11864e-06 1.09806e-06 1.07783e-06 1.05794e-06 1.03839e-06 1.01917e-06 1.00028e-06 9.81715e-07 9.63465e-07 9.45527e-07 9.27899e-07 9.10574e-07 8.93548e-07 8.76818e-07 8.60378e-07
3.93154e-05 4.54813e-06 4.48671e-06 4.42568e-06 4.36507e-06 4.30489e-06 4.24515e-06 4.18586e-06 4.12703e-06 4.06867e-06 4.0108e-06 3.95341e-06 3.89653e-06 3.84015e-06 3.78428e-06 3.72894e-06 3.67412e-06 3.61983e-06 3.56608e-06 3.51287e-06 3.4602e-06 3.40808e-06 3.35651e-06 3.30549e-06 3.25502e-06 3.20511e-06 3.15576e-06 3.10697e-06 3.05873e-06 3.01106e-06 2.96394e-06 2.91739e-06 2.87139e-06 2.82595e-06 2.78106e-06 2.73673e-06 2.69295e-06 2.64973e-06 2.60705e-06 2.56492e-06 2.52334e-06 2.4823e-06 2.4418e-06 2.40183e-06 2.3624e-06 2.3235e-06 2.28513e-06 2.24728e-06 2.20995e-06 2.17313e-06 2.13683e-06 2.10104e-06 2.06575e-06 2.03096e-06 1.99667e-06 1.96286e-06 1.92955e-06 1.89672e-06 1.86437e-06 1.83249e-06 1.80109e-06 1.77014e-06 1.73966e-06 1.70964e-06 1.68006e-06 1.65094e-06 1.62225e-06 1.594e-06 1.56618e-06 1.53879e-06 1.51183e-06 1.48528e-06 1.45914e-06 1.43342e-06 1.40809e-06 1.38317e-06 1.35863e-06 1.33449e-06 1.31073e-06 1.28735e-06 1.26435e-06 1.24171e-06 1.21944e-06 1.19754e-06 1.17598e-06 1.15478e-06 1.13393e-06 1.11341e-06 1.09324e-06 1.07339e-06 1.05388e-06 1.03469e-06 1.01581e-06 9.97258e-07 9.79011e-07 9.61071e-07 9.43432e-07 9.26092e-07 9.09044e-07 8.92285e-07 8.75811e-07
3.82868e-05 4.45338e-06 4.39573e-06 4.33838e-06 4.28134e-06 4.22463e-06 4.16825e-06 4.11224e-06 4.05659e-06 4.00132e-06 3.94645e-06 3.89198e-06 3.83792e-06 3.78428e-06 3.73108e-06 3.67832e-06 3.62601e-06 3.57415e-06 3.52275e-06 3.47182e-06 3.42137e-06 3.37139e-06 3.3219e-06 3.27289e-06 3.22437e-06 3.17635e-06 3.12883e-06 3.0818e-06 3.03528e-06 2.98925e-06 2.94374e-06 2.89873e-06 2.85422e-06 2.81022e-06 2.76673e-06 2.72375e-06 2.68127e-06 2.6393e-06 2.59783e-06 2.55687e-06 2.51641e-06 2.47645e-06 2.437e-06 2.39804e-06 2.35957e-06 2.3216e-06 2.28413e-06 2.24714e-06 2.21063e-06 2.17462e-06 2.13908e-06 2.10402e-06 2.06943e-06 2.03531e-06 2.00167e-06 1.96848e-06 1.93576e-06 1.9035e-06 1.87169e-06 1.84033e-06 1.80941e-06 1.77894e-06 1.7489e-06 1.7193e-06 1.69014e-06 1.66139e-06 1.63307e-06 1.60517e-06 1.57768e-06 1.5506e-06 1.52392e-06 1.49765e-06 1.47177e-06 1.44629e-06 1.42119e-06 1.39648e-06 1.37215e-06 1.34819e-06 1.32461e-06 1.30139e-06 1.27853e-06 1.25603e-06 1.23388e-06 1.21209e-06 1.19064e-06 1.16953e-06 1.14875e-06 1.12831e-06 1.1082e-06 1.08841e-06 1.06894e-06 1.04978e-06 1.03094e-06 1.0124e-06 9.94171e-07 9.76237e-07 9.58598e-07 9.4125e-07 9.24189e-07 9.07411e-07 8.90911e-07
3.7285e-05 4.36047e-06 4.30646e-06 4.25264e-06 4.19905e-06 4.14568e-06 4.09256e-06 4.03971e-06 3.98713e-06 3.93485e-06 3.88288e-06 3.83123e-06 3.77991e-06 3.72894e-06 3.67832e-06 3.62807e-06 3.57819e-06 3.52869e-06 3.47959e-06 3.43088e-06 3.38258e-06 3.33469e-06 3.28723e-06 3.24018e-06 3.19357e-06 3.14739e-06 3.10165e-06 3.05635e-06 3.0115e-06 2.9671e-06 2.92315e-06 2.87966e-06 2.83662e-06 2.79404e-06 2.75192e-06 2.71026e-06 2.66906e-06 2.62832e-06 2.58805e-06 2.54824e-06 2.50889e-06 2.47001e-06 2.43158e-06 2.39362e-06 2.35611e-06 2.31907e-06 2.28248e-06 2.24635e-06 2.21067e-06 2.17544e-06 2.14066e-06 2.10633e-06 2.07244e-06 2.039e-06 2.006e-06 1.97344e-06 1.94131e-06 1.90961e-06 1.87834e-06 1.8475e-06 1.81708e-06 1.78708e-06 1.7575e-06 1.72833e-06 1.69957e-06 1.67122e-06 1.64327e-06 1.61572e-06 1.58857e-06 1.5618e-06 1.53543e-06 1.50944e-06 1.48383e-06 1.45859e-06 1.43374e-06 1.40925e-06 1.38512e-06 1.36136e-06 1.33795e-06 1.3149e-06 1.2922e-06 1.26985e-06 1.24783e-06 1.22616e-06 1.20482e-06 1.18381e-06 1.16312e-06 1.14276e-06 1.12272e-06 1.10299e-06 1.08358e-06 1.06447e-06 1.04566e-06 1.02716e-06 1.00895e-06 9.91027e-07 9.73396e-07 9.5605e-07 9.38984e-07 9.22195e-07 9.05679e-07
3.63095e-05 4.26937e-06 4.21886e-06 4.16846e-06 4.11817e-06 4.06803e-06 4.01806e-06 3.96826e-06 3.91865e-06 3.86926e-06 3.8201e-06 3.77118e-06 3.72252e-06 3.67412e-06 3.62601e-06 3.57819e-06 3.53067e-06 3.48347e-06 3.43659e-06 3.39005e-06 3.34385e-06 3.298e-06 3.25251e-06 3.20738e-06 3.16262e-06 3.11825e-06 3.07425e-06 3.03065e-06 2.98743e-06 2.94462e-06 2.90221e-06 2.8602e-06 2.8186e-06 2.77741e-06 2.73664e-06 2.69628e-06 2.65635e-06 2.61683e-06 2.57773e-06 2.53906e-06 2.5008e-06 2.46298e-06 2.42557e-06 2.3886e-06 2.35204e-06 2.31591e-06 2.2802e-06 2.24492e-06 2.21006e-06 2.17562e-06 2.1416e-06 2.108e-06 2.07481e-06 2.04204e-06 2.00969e-06 1.97774e-06 1.94621e-06 1.91508e-06 1.88436e-06 1.85404e-06 1.82412e-06 1.7946e-06 1.76547e-06 1.73674e-06 1.70839e-06 1.68044e-06 1.65286e-06 1.62567e-06 1.59886e-06 1.57242e-06 1.54635e-06 1.52065e-06 1.49531e-06 1.47034e-06 1.44572e-06 1.42146e-06 1.39755e-06 1.37399e-06 1.35078e-06 1.3279e-06 1.30537e-06 1.28316e-06 1.26129e-06 1.23975e-06 1.21853e-06 1.19763e-06 1.17704e-06 1.15677e-06 1.13681e-06 1.11715e-06 1.0978e-06 1.07874e-06 1.05999e-06 1.04152e-06 1.02334e-06 1.00544e-06 9.87828e-07 9.70492e-07 9.5343e-07 9.36639e-07 9.20114e-07
3.53595e-05 4.18006e-06 4.13292e-06 4.08579e-06 4.0387e-06 3.99168e-06 3.94473e-06 3.89788e-06 3.85114e-06 3.80455e-06 3.7581e-06 3.71182e-06 3.66573e-06 3.61983e-06 3.57415e-06 3.52869e-06 3.48347e-06 3.4385e-06 3.39379e-06 3.34935e-06 3.30519e-06 3.26133e-06 3.21776e-06 3.1745e-06 3.13156e-06 3.08894e-06 3.04665e-06 3.0047e-06 2.96309e-06 2.92183e-06 2.88093e-06 2.84038e-06 2.80019e-06 2.76037e-06 2.72092e-06 2.68185e-06 2.64315e-06 2.60483e-06 2.56689e-06 2.52934e-06 2.49217e-06 2.45539e-06 2.41899e-06 2.38299e-06 2.34738e-06 2.31216e-06 2.27732e-06 2.24288e-06 2.20884e-06 2.17518e-06 2.14191e-06 2.10904e-06 2.07655e-06 2.04445e-06 2.01274e-06 1.98141e-06 1.95047e-06 1.91992e-06 1.88974e-06 1.85995e-06 1.83053e-06 1.80149e-06 1.77282e-06 1.74453e-06 1.7166e-06 1.68905e-06 1.66186e-06 1.63503e-06 1.60856e-06 1.58245e-06 1.55669e-06 1.53129e-06 1.50624e-06 1.48153e-06 1.45716e-06 1.43314e-06 1.40946e-06 1.38611e-06 1.36309e-06 1.3404e-06 1.31803e-06 1.29599e-06 1.27427e-06 1.25286e-06 1.23177e-06 1.21099e-06 1.19051e-06 1.17034e-06 1.15046e-06 1.13089e-06 1.11161e-06 1.09261e-06 1.07391e-06 1.05549e-06 1.03735e-06 1.01949e-06 1.0019e-06 9.84579e-07 9.67528e-07 9.50743e-07 9.34218e-07
3.44343e-05 4.09249e-06 4.04859e-06 4.00463e-06 3.96062e-06 3.91659e-06 3.87256e-06 3.82856e-06 3.7846e-06 3.7407e-06 3.69688e-06 3.65316e-06 3.60955e-06 3.56608e-06 3.52275e-06 3.47959e-06 3.43659e-06 3.39379e-06 3.35119e-06 3.30879e-06 3.26663e-06 3.22469e-06 3.183e-06 3.14157e-06 3.10039e-06 3.05949e-06 3.01887e-06 2.97854e-06 2.9385e-06 2.89876e-06 2.85933e-06 2.82021e-06 2.78141e-06 2.74294e-06 2.70479e-06 2.66697e-06 2.62949e-06 2.59235e-06 2.55556e-06 2.51911e-06 2.48301e-06 2.44726e-06 2.41186e-06 2.37683e-06 2.34214e-06 2.30782e-06 2.27386e-06 2.24025e-06 2.20701e-06 2.17413e-06 2.14162e-06 2.10946e-06 2.07767e-06 2.04624e-06 2.01518e-06 1.98447e-06 1.95412e-06 1.92414e-06 1.89451e-06 1.86524e-06 1.83633e-06 1.80778e-06 1.77957e-06 1.75172e-06 1.72422e-06 1.69707e-06 1.67027e-06 1.64381e-06 1.61769e-06 1.59191e-06 1.56648e-06 1.54138e-06 1.51661e-06 1.49218e-06 1.46807e-06 1.44429e-06 1.42084e-06 1.3977e-06 1.37489e-06 1.35239e-06 1.33021e-06 1.30834e-06 1.28677e-06 1.26551e-06 1.24455e-06 1.2239e-06 1.20354e-06 1.18347e-06 1.16369e-06 1.1442e-06 1.125e-06 1.10608e-06 1.08744e-06 1.06907e-06 1.05098e-06 1.03316e-06 1.0156e-06 9.9831e-07 9.8128e-07 9.64508e-07 9.47991e-07
3.35334e-05 4.00665e-06 3.96587e-06 3.92494e-06 3.8839e-06 3.84276e-06 3.80155e-06 3.76029e-06 3.71901e-06 3.67772e-06 3.63644e-06 3.59519e-06 3.554e-06 3.51287e-06 3.47182e-06 3.43088e-06 3.39005e-06 3.34935e-06 3.30879e-06 3.26839e-06 3.22816e-06 3.18811e-06 3.14825e-06 3.10859e-06 3.06914e-06 3.02992e-06 2.99093e-06 2.95218e-06 2.91367e-06 2.87542e-06 2.83744e-06 2.79972e-06 2.76228e-06 2.72512e-06 2.68825e-06 2.65168e-06 2.6154e-06 2.57942e-06 2.54375e-06 2.50839e-06 2.47334e-06 2.43861e-06 2.4042e-06 2.37012e-06 2.33636e-06 2.30293e-06 2.26982e-06 2.23705e-06 2.20461e-06 2.1725e-06 2.14073e-06 2.1093e-06 2.0782e-06 2.04744e-06 2.01701e-06 1.98693e-06 1.95718e-06 1.92776e-06 1.89869e-06 1.86995e-06 1.84154e-06 1.81347e-06 1.78573e-06 1.75833e-06 1.73126e-06 1.70451e-06 1.6781e-06 1.65202e-06 1.62626e-06 1.60082e-06 1.57571e-06 1.55092e-06 1.52644e-06 1.50229e-06 1.47845e-06 1.45492e-06 1.4317e-06 1.40879e-06 1.38619e-06 1.36389e-06 1.3419e-06 1.3202e-06 1.2988e-06 1.2777e-06 1.25688e-06 1.23636e-06 1.21612e-06 1.19617e-06 1.1765e-06 1.1571e-06 1.13799e-06 1.11915e-06 1.10058e-06 1.08227e-06 1.06424e-06 1.04646e-06 1.02895e-06 1.01169e-06 9.94687e-07 9.77936e-07 9.61435e-07
3.2656e-05 3.9225e-06 3.88471e-06 3.84671e-06 3.80852e-06 3.77017e-06 3.73167e-06 3.69307e-06 3.65436e-06 3.61559e-06 3.57677e-06 3.53792e-06 3.49905e-06 3.4602e-06 3.42137e-06 3.38258e-06 3.34385e-06 3.30519e-06 3.26663e-06 3.22816e-06 3.18981e-06 3.15159e-06 3.11351e-06 3.07559e-06 3.03783e-06 3.00024e-06 2.96284e-06 2.92563e-06 2.88863e-06 2.85184e-06 2.81527e-06 2.77893e-06 2.74282e-06 2.70696e-06 2.67134e-06 2.63598e-06 2.60088e-06 2.56605e-06 2.53149e-06 2.4972e-06 2.46319e-06 2.42947e-06 2.39603e-06 2.36289e-06 2.33004e-06 2.29749e-06 2.26524e-06 2.23329e-06 2.20165e-06 2.17031e-06 2.13928e-06 2.10856e-06 2.07815e-06 2.04805e-06 2.01827e-06 1.9888e-06 1.95964e-06 1.9308e-06 1.90228e-06 1.87406e-06 1.84617e-06 1.81859e-06 1.79132e-06 1.76436e-06 1.73772e-06 1.71139e-06 1.68537e-06 1.65967e-06 1.63427e-06 1.60918e-06 1.5844e-06 1.55992e-06 1.53575e-06 1.51188e-06 1.48831e-06 1.46503e-06 1.44206e-06 1.41938e-06 1.397e-06 1.37491e-06 1.35311e-06 1.33159e-06 1.31037e-06 1.28942e-06 1.26876e-06 1.24838e-06 1.22827e-06 1.20844e-06 1.18888e-06 1.16959e-06 1.15057e-06 1.13182e-06 1.11332e-06 1.09509e-06 1.07712e-06 1.0594e-06 1.04193e-06 1.02472e-06 1.00775e-06 9.91028e-07 9.74549e-07
3.18016e-05 3.84001e-06 3.8051e-06 3.76991e-06 3.73447e-06 3.6988e-06 3.66293e-06 3.62687e-06 3.59067e-06 3.55433e-06 3.51788e-06 3.48134e-06 3.44473e-06 3.40808e-06 3.37139e-06 3.33469e-06 3.298e-06 3.26133e-06 3.22469e-06 3.18811e-06 3.15159e-06 3.11516e-06 3.07881e-06 3.04258e-06 3.00646e-06 2.97047e-06 2.93462e-06 2.89893e-06 2.86339e-06 2.82803e-06 2.79284e-06 2.75785e-06 2.72305e-06 2.68845e-06 2.65407e-06 2.61991e-06 2.58597e-06 2.55226e-06 2.51879e-06 2.48556e-06 2.45258e-06 2.41985e-06 2.38737e-06 2.35516e-06 2.32321e-06 2.29153e-06 2.26013e-06 2.22899e-06 2.19814e-06 2.16756e-06 2.13727e-06 2.10726e-06 2.07754e-06 2.0481e-06 2.01896e-06 1.9901e-06 1.96154e-06 1.93327e-06 1.9053e-06 1.87762e-06 1.85023e-06 1.82314e-06 1.79634e-06 1.76984e-06 1.74363e-06 1.71772e-06 1.6921e-06 1.66677e-06 1.64174e-06 1.617e-06 1.59255e-06 1.56839e-06 1.54453e-06 1.52095e-06 1.49765e-06 1.47465e-06 1.45192e-06 1.42948e-06 1.40732e-06 1.38545e-06 1.36385e-06 1.34252e-06 1.32147e-06 1.3007e-06 1.28019e-06 1.25996e-06 1.23999e-06 1.22029e-06 1.20085e-06 1.18167e-06 1.16275e-06 1.14409e-06 1.12568e-06 1.10753e-06 1.08963e-06 1.07197e-06 1.05456e-06 1.03739e-06 1.02047e-06 1.00378e-06 9.87336e-07
3.09695e-05 3.75915e-06 3.72701e-06 3.69453e-06 3.66173e-06 3.62864e-06 3.59529e-06 3.5617e-06 3.5279e-06 3.49391e-06 3.45975e-06 3.42545e-06 3.39103e-06 3.35651e-06 3.3219e-06 3.28723e-06 3.25251e-06 3.21776e-06 3.183e-06 3.14825e-06 3.11351e-06 3.07881e-06 3.04416e-06 3.00957e-06 2.97505e-06 2.94062e-06 2.90629e-06 2.87207e-06 2.83797e-06 2.80401e-06 2.77018e-06 2.7365e-06 2.70299e-06 2.66964e-06 2.63646e-06 2.60347e-06 2.57067e-06 2.53807e-06 2.50567e-06 2.47348e-06 2.44151e-06 2.40976e-06 2.37824e-06 2.34695e-06 2.31589e-06 2.28507e-06 2.2545e-06 2.22418e-06 2.1941e-06 2.16428e-06 2.13472e-06 2.10542e-06 2.07638e-06 2.0476e-06 2.0191e-06 1.99086e-06 1.96289e-06 1.93519e-06 1.90776e-06 1.88061e-06 1.85374e-06 1.82713e-06 1.80081e-06 1.77476e-06 1.74899e-06 1.7235e-06 1.69828e-06 1.67334e-06 1.64868e-06 1.6243e-06 1.60019e-06 1.57635e-06 1.55279e-06 1.52951e-06 1.5065e-06 1.48376e-06 1.46129e-06 1.4391e-06 1.41717e-06 1.39551e-06 1.37412e-06 1.35299e-06 1.33213e-06 1.31153e-06 1.29119e-06 1.27111e-06 1.25128e-06 1.23172e-06 1.21241e-06 1.19335e-06 1.17454e-06 1.15598e-06 1.13766e-06 1.11959e-06 1.10177e-06 1.08418e-06 1.06683e-06 1.04972e-06 1.03285e-06 1.01621e-06 9.99797e-07
3.01592e-05 3.67989e-06 3.65041e-06 3.62053e-06 3.59027e-06 3.55967e-06 3.52875e-06 3.49754e-06 3.46606e-06 3.43434e-06 3.4024e-06 3.37026e-06 3.33795e-06 3.30549e-06 3.27289e-06 3.24018e-06 3.20738e-06 3.1745e-06 3.14157e-06 3.10859e-06 3.07559e-06 3.04258e-06 3.00957e-06 2.97658e-06 2.94363e-06 2.91072e-06 2.87787e-06 2.84509e-06 2.8124e-06 2.77979e-06 2.74729e-06 2.71491e-06 2.68265e-06 2.65052e-06 2.61853e-06 2.5867e-06 2.55502e-06 2.5235e-06 2.49216e-06 2.461e-06 2.43002e-06 2.39924e-06 2.36865e-06 2.33827e-06 2.30809e-06 2.27813e-06 2.24838e-06 2.21886e-06 2.18956e-06 2.16049e-06 2.13165e-06 2.10305e-06 2.07469e-06 2.04657e-06 2.0187e-06 1.99107e-06 1.96369e-06 1.93656e-06 1.90969e-06 1.88307e-06 1.8567e-06 1.83059e-06 1.80474e-06 1.77915e-06 1.75382e-06 1.72875e-06 1.70394e-06 1.67939e-06 1.6551e-06 1.63107e-06 1.60731e-06 1.5838e-06 1.56056e-06 1.53757e-06 1.51485e-06 1.49239e-06 1.47018e-06 1.44823e-06 1.42654e-06 1.40511e-06 1.38393e-06 1.36301e-06 1.34233e-06 1.32192e-06 1.30175e-06 1.28183e-06 1.26216e-06 1.24273e-06 1.22355e-06 1.20462e-06 1.18593e-06 1.16747e-06 1.14926e-06 1.13128e-06 1.11354e-06 1.09603e-06 1.07876e-06 1.06171e-06 1.04489e-06 1.0283e-06 1.01193e-06
2.93701e-05 3.60221e-06 3.57528e-06 3.5479e-06 3.52009e-06 3.49188e-06 3.4633e-06 3.43438e-06 3.40514e-06 3.3756e-06 3.3458e-06 3.31576e-06 3.28549e-06 3.25502e-06 3.22437e-06 3.19357e-06 3.16262e-06 3.13156e-06 3.10039e-06 3.06914e-06 3.03783e-06 3.00646e-06 2.97505e-06 2.94363e-06 2.9122e-06 2.88077e-06 2.84937e-06 2.818e-06 2.78667e-06 2.7554e-06 2.72421e-06 2.69309e-06 2.66205e-06 2.63112e-06 2.6003e-06 2.5696e-06 2.53902e-06 2.50857e-06 2.47827e-06 2.44812e-06 2.41812e-06 2.38829e-06 2.35863e-06 2.32914e-06 2.29983e-06 2.27071e-06 2.24178e-06 2.21305e-06 2.18452e-06 2.15619e-06 2.12808e-06 2.10018e-06 2.07249e-06 2.04502e-06 2.01778e-06 1.99076e-06 1.96397e-06 1.93741e-06 1.91109e-06 1.885e-06 1.85914e-06 1.83353e-06 1.80815e-06 1.78302e-06 1.75813e-06 1.73348e-06 1.70908e-06 1.68492e-06 1.66101e-06 1.63734e-06 1.61392e-06 1.59075e-06 1.56783e-06 1.54515e-06 1.52272e-06 1.50053e-06 1.47859e-06 1.4569e-06 1.43545e-06 1.41425e-06 1.39329e-06 1.37257e-06 1.3521e-06 1.33187e-06 1.31188e-06 1.29213e-06 1.27261e-06 1.25334e-06 1.2343e-06 1.2155e-06 1.19693e-06 1.17859e-06 1.16048e-06 1.1426e-06 1.12495e-06 1.10753e-06 1.09033e-06 1.07335e-06 1.0566e-06 1.04006e-06 1.02374e-06
2.86017e-05 3.52607e-06 3.5016e-06 3.47662e-06 3.45116e-06 3.42525e-06 3.39893e-06 3.37221e-06 3.34513e-06 3.31771e-06 3.28997e-06 3.26194e-06 3.23365e-06 3.20511e-06 3.17635e-06 3.14739e-06 3.11825e-06 3.08894e-06 3.05949e-06 3.02992e-06 3.00024e-06 2.97047e-06 2.94062e-06 2.91072e-06 2.88077e-06 2.85079e-06 2.8208e-06 2.7908e-06 2.76082e-06 2.73086e-06 2.70093e-06 2.67105e-06 2.64122e-06 2.61147e-06 2.58178e-06 2.55219e-06 2.52269e-06 2.4933e-06 2.46402e-06 2.43486e-06 2.40583e-06 2.37694e-06 2.34818e-06 2.31958e-06 2.29113e-06 2.26284e-06 2.23472e-06 2.20678e-06 2.17901e-06 2.15142e-06 2.12402e-06 2.09681e-06 2.06979e-06 2.04297e-06 2.01636e-06 1.98994e-06 1.96374e-06 1.93775e-06 1.91197e-06 1.88641e-06 1.86107e-06 1.83595e-06 1.81105e-06 1.78638e-06 1.76193e-06 1.73771e-06 1.71371e-06 1.68995e-06 1.66642e-06 1.64312e-06 1.62005e-06 1.59721e-06 1.57461e-06 1.55224e-06 1.53011e-06 1.5082e-06 1.48654e-06 1.4651e-06 1.4439e-06 1.42294e-06 1.4022e-06 1.3817e-06 1.36143e-06 1.34139e-06 1.32159e-06 1.30201e-06 1.28266e-06 1.26354e-06 1.24465e-06 1.22598e-06 1.20754e-06 1.18932e-06 1.17133e-06 1.15355e-06 1.136e-06 1.11867e-06 1.10155e-06 1.08465e-06 1.06797e-06 1.05149e-06 1.03523e-06
2.78533e-05 3.45145e-06 3.42933e-06 3.40666e-06 3.38346e-06 3.35977e-06 3.33561e-06 3.31102e-06 3.28602e-06 3.26063e-06 3.23489e-06 3.20882e-06 3.18243e-06 3.15576e-06 3.12883e-06 3.10165e-06 3.07425e-06 3.04665e-06 3.01887e-06 2.99093e-06 2.96284e-06 2.93462e-06 2.90629e-06 2.87787e-06 2.84937e-06 2.8208e-06 2.79218e-06 2.76353e-06 2.73485e-06 2.70617e-06 2.67748e-06 2.64881e-06 2.62017e-06 2.59156e-06 2.563e-06 2.5345e-06 2.50606e-06 2.4777e-06 2.44943e-06 2.42124e-06 2.39316e-06 2.36519e-06 2.33734e-06 2.30961e-06 2.28201e-06 2.25454e-06 2.22722e-06 2.20005e-06 2.17303e-06 2.14618e-06 2.11948e-06 2.09296e-06 2.06661e-06 2.04043e-06 2.01444e-06 1.98863e-06 1.96302e-06 1.93759e-06 1.91236e-06 1.88733e-06 1.8625e-06 1.83787e-06 1.81345e-06 1.78923e-06 1.76523e-06 1.74143e-06 1.71785e-06 1.69449e-06 1.67134e-06 1.6484e-06 1.62569e-06 1.60319e-06 1.58092e-06 1.55886e-06 1.53703e-06 1.51541e-06 1.49402e-06 1.47285e-06 1.4519e-06 1.43118e-06 1.41068e-06 1.39039e-06 1.37033e-06 1.35049e-06 1.33088e-06 1.31148e-06 1.2923e-06 1.27334e-06 1.2546e-06 1.23608e-06 1.21777e-06 1.19968e-06 1.1818e-06 1.16414e-06 1.14669e-06 1.12946e-06 1.11243e-06 1.09561e-06 1.079e-06 1.0626e-06 1.04641e-06
2.71246e-05 3.37832e-06 3.35846e-06 3.338e-06 3.31698e-06 3.29541e-06 3.27335e-06 3.2508e-06 3.2278e-06 3.20438e-06 3.18056e-06 3.15637e-06 3.13183e-06 3.10697e-06 3.0818e-06 3.05635e-06 3.03065e-06 3.0047e-06 2.97854e-06 2.95218e-06 2.92563e-06 2.89893e-06 2.87207e-06 2.84509e-06 2.818e-06 2.7908e-06 2.76353e-06 2.73618e-06 2.70879e-06 2.68135e-06 2.65388e-06 2.6264e-06 2.59891e-06 2.57143e-06 2.54396e-06 2.51653e-06 2.48914e-06 2.46179e-06 2.4345e-06 2.40728e-06 2.38014e-06 2.35308e-06 2.32611e-06 2.29924e-06 2.27248e-06 2.24583e-06 2.21929e-06 2.19289e-06 2.16662e-06 2.14048e-06 2.11449e-06 2.08865e-06 2.06295e-06 2.03742e-06 2.01205e-06 1.98684e-06 1.96181e-06 1.93695e-06 1.91226e-06 1.88776e-06 1.86344e-06 1.8393e-06 1.81536e-06 1.7916e-06 1.76804e-06 1.74468e-06 1.72151e-06 1.69854e-06 1.67578e-06 1.65322e-06 1.63086e-06 1.6087e-06 1.58676e-06 1.56502e-06 1.54349e-06 1.52217e-06 1.50106e-06 1.48015e-06 1.45946e-06 1.43898e-06 1.41872e-06 1.39866e-06 1.37881e-06 1.35918e-06 1.33975e-06 1.32054e-06 1.30154e-06 1.28274e-06 1.26416e-06 1.24579e-06 1.22762e-06 1.20966e-06 1.19191e-06 1.17437e-06 1.15703e-06 1.1399e-06 1.12297e-06 1.10624e-06 1.08971e-06 1.07338e-06 1.05726e-06
2.64149e-05 3.30666e-06 3.28896e-06 3.27063e-06 3.25169e-06 3.23217e-06 3.21211e-06 3.19154e-06 3.17047e-06 3.14894e-06 3.12698e-06 3.10461e-06 3.08185e-06 3.05873e-06 3.03528e-06 3.0115e-06 2.98743e-06 2.96309e-06 2.9385e-06 2.91367e-06 2.88863e-06 2.86339e-06 2.83797e-06 2.8124e-06 2.78667e-06 2.76082e-06 2.73485e-06 2.70879e-06 2.68264e-06 2.65641e-06 2.63014e-06 2.60381e-06 2.57746e-06 2.55108e-06 2.52469e-06 2.49831e-06 2.47194e-06 2.44559e-06 2.41927e-06 2.393e-06 2.36677e-06 2.34061e-06 2.31451e-06 2.28849e-06 2.26255e-06 2.2367e-06 2.21095e-06 2.18531e-06 2.15977e-06 2.13435e-06 2.10905e-06 2.08389e-06 2.05885e-06 2.03395e-06 2.0092e-06 1.98459e-06 1.96013e-06 1.93583e-06 1.91169e-06 1.88771e-06 1.8639e-06 1.84026e-06 1.81679e-06 1.7935e-06 1.77038e-06 1.74745e-06 1.7247e-06 1.70213e-06 1.67975e-06 1.65756e-06 1.63556e-06 1.61375e-06 1.59214e-06 1.57072e-06 1.5495e-06 1.52847e-06 1.50765e-06 1.48702e-06 1.46659e-06 1.44636e-06 1.42633e-06 1.4065e-06 1.38687e-06 1.36745e-06 1.34822e-06 1.3292e-06 1.31038e-06 1.29176e-06 1.27334e-06 1.25512e-06 1.2371e-06 1.21928e-06 1.20166e-06 1.18424e-06 1.16702e-06 1.14999e-06 1.13316e-06 1.11653e-06 1.10009e-06 1.08384e-06 1.06779e-06
2.57237e-05 3.23643e-06 3.22081e-06 3.20452e-06 3.18758e-06 3.17003e-06 3.1519e-06 3.13322e-06 3.11402e-06 3.09432e-06 3.07414e-06 3.05353e-06 3.03249e-06 3.01106e-06 2.98925e-06 2.9671e-06 2.94462e-06 2.92183e-06 2.89876e-06 2.87542e-06 2.85184e-06 2.82803e-06 2.80401e-06 2.77979e-06 2.7554e-06 2.73086e-06 2.70617e-06 2.68135e-06 2.65641e-06 2.63138e-06 2.60627e-06 2.58108e-06 2.55583e-06 2.53053e-06 2.5052e-06 2.47985e-06 2.45448e-06 2.42911e-06 2.40375e-06 2.3784e-06 2.35308e-06 2.3278e-06 2.30256e-06 2.27738e-06 2.25225e-06 2.2272e-06 2.20222e-06 2.17732e-06 2.15251e-06 2.1278e-06 2.10319e-06 2.07869e-06 2.05431e-06 2.03004e-06 2.00589e-06 1.98188e-06 1.958e-06 1.93426e-06 1.91066e-06 1.8872e-06 1.8639e-06 1.84075e-06 1.81776e-06 1.79493e-06 1.77226e-06 1.74975e-06 1.72742e-06 1.70525e-06 1.68326e-06 1.66145e-06 1.63981e-06 1.61835e-06 1.59707e-06 1.57598e-06 1.55507e-06 1.53434e-06 1.5138e-06 1.49345e-06 1.47328e-06 1.45331e-06 1.43352e-06 1.41393e-06 1.39453e-06 1.37531e-06 1.35629e-06 1.33747e-06 1.31883e-06 1.30039e-06 1.28213e-06 1.26408e-06 1.24621e-06 1.22853e-06 1.21105e-06 1.19376e-06 1.17665e-06 1.15974e-06 1.14302e-06 1.12649e-06 1.11014e-06 1.09399e-06 1.07802e-06
2.50507e-05 3.16761e-06 3.15398e-06 3.13965e-06 3.12463e-06 3.10897e-06 3.0927e-06 3.07585e-06 3.05843e-06 3.04049e-06 3.02204e-06 3.00312e-06 2.98374e-06 2.96394e-06 2.94374e-06 2.92315e-06 2.90221e-06 2.88093e-06 2.85933e-06 2.83744e-06 2.81527e-06 2.79284e-06 2.77018e-06 2.74729e-06 2.72421e-06 2.70093e-06 2.67748e-06 2.65388e-06 2.63014e-06 2.60627e-06 2.58229e-06 2.55821e-06 2.53404e-06 2.5098e-06 2.48551e-06 2.46116e-06 2.43678e-06 2.41237e-06 2.38794e-06 2.36351e-06 2.33908e-06 2.31467e-06 2.29027e-06 2.26591e-06 2.24159e-06 2.21732e-06 2.1931e-06 2.16894e-06 2.14485e-06 2.12084e-06 2.09692e-06 2.07308e-06 2.04934e-06 2.02569e-06 2.00216e-06 1.97873e-06 1.95543e-06 1.93224e-06 1.90918e-06 1.88625e-06 1.86345e-06 1.84079e-06 1.81828e-06 1.7959e-06 1.77368e-06 1.75161e-06 1.72969e-06 1.70793e-06 1.68633e-06 1.66489e-06 1.64361e-06 1.6225e-06 1.60156e-06 1.58079e-06 1.5602e-06 1.53977e-06 1.51952e-06 1.49945e-06 1.47956e-06 1.45984e-06 1.4403e-06 1.42095e-06 1.40177e-06 1.38278e-06 1.36397e-06 1.34534e-06 1.32689e-06 1.30863e-06 1.29056e-06 1.27266e-06 1.25495e-06 1.23742e-06 1.22008e-06 1.20292e-06 1.18595e-06 1.16916e-06 1.15255e-06 1.13612e-06 1.11987e-06 1.10381e-06 1.08792e-06
2.43953e-05 3.10018e-06 3.08846e-06 3.076e-06 3.06283e-06 3.04899e-06 3.0345e-06 3.01939e-06 3.0037e-06 2.98745e-06 2.97067e-06 2.95338e-06 2.93561e-06 2.91739e-06 2.89873e-06 2.87966e-06 2.8602e-06 2.84038e-06 2.82021e-06 2.79972e-06 2.77893e-06 2.75785e-06 2.7365e-06 2.71491e-06 2.69309e-06 2.67105e-06 2.64881e-06 2.6264e-06 2.60381e-06 2.58108e-06 2.55821e-06 2.53521e-06 2.51211e-06 2.48891e-06 2.46562e-06 2.44226e-06 2.41884e-06 2.39538e-06 2.37187e-06 2.34833e-06 2.32478e-06 2.30122e-06 2.27766e-06 2.25411e-06 2.23058e-06 2.20708e-06 2.18361e-06 2.16019e-06 2.13681e-06 2.11349e-06 2.09024e-06 2.06706e-06 2.04396e-06 2.02093e-06 1.998e-06 1.97516e-06 1.95242e-06 1.92979e-06 1.90726e-06 1.88485e-06 1.86256e-06 1.84039e-06 1.81835e-06 1.79644e-06 1.77466e-06 1.75302e-06 1.73152e-06 1.71016e-06 1.68895e-06 1.66789e-06 1.64698e-06 1.62622e-06 1.60562e-06 1.58518e-06 1.5649e-06 1.54478e-06 1.52483e-06 1.50504e-06 1.48542e-06 1.46596e-06 1.44668e-06 1.42756e-06 1.40862e-06 1.38985e-06 1.37125e-06 1.35283e-06 1.33458e-06 1.3165e-06 1.2986e-06 1.28088e-06 1.26333e-06 1.24596e-06 1.22876e-06 1.21174e-06 1.1949e-06 1.17823e-06 1.16174e-06 1.14542e-06 1.12928e-06 1.11332e-06 1.09752e-06
2.3757e-05 3.03411e-06 3.02421e-06 3.01355e-06 3.00215e-06 2.99005e-06 2.97727e-06 2.96386e-06 2.94983e-06 2.93521e-06 2.92003e-06 2.90431e-06 2.88809e-06 2.87139e-06 2.85422e-06 2.83662e-06 2.8186e-06 2.80019e-06 2.78141e-06 2.76228e-06 2.74282e-06 2.72305e-06 2.70299e-06 2.68265e-06 2.66205e-06 2.64122e-06 2.62017e-06 2.59891e-06 2.57746e-06 2.55583e-06 2.53404e-06 2.51211e-06 2.49004e-06 2.46785e-06 2.44556e-06 2.42317e-06 2.4007e-06 2.37815e-06 2.35555e-06 2.3329e-06 2.31021e-06 2.28748e-06 2.26474e-06 2.242e-06 2.21924e-06 2.1965e-06 2.17377e-06 2.15107e-06 2.1284e-06 2.10577e-06 2.08318e-06 2.06065e-06 2.03818e-06 2.01577e-06 1.99343e-06 1.97118e-06 1.949e-06 1.92692e-06 1.90493e-06 1.88303e-06 1.86125e-06 1.83956e-06 1.818e-06 1.79654e-06 1.77521e-06 1.754e-06 1.73292e-06 1.71196e-06 1.69115e-06 1.67046e-06 1.64992e-06 1.62952e-06 1.60926e-06 1.58915e-06 1.56919e-06 1.54938e-06 1.52972e-06 1.51022e-06 1.49087e-06 1.47168e-06 1.45265e-06 1.43378e-06 1.41508e-06 1.39653e-06 1.37815e-06 1.35994e-06 1.34189e-06 1.324e-06 1.30629e-06 1.28874e-06 1.27135e-06 1.25414e-06 1.2371e-06 1.22022e-06 1.20351e-06 1.18698e-06 1.17061e-06 1.15441e-06 1.13837e-06 1.12251e-06 1.10682e-06
