0.561145 0.0320007 0.0225333 0.0158669 0.0111727 0.00786724 0.00553973 0.0039008 0.00274675 0.00193413 0.00136192 0.000958997 0.000675278 0.000475498 0.000334822 0.000235765 0.000166014 0.000116899 8.23147e-05 5.7962e-05 4.0814e-05 2.87392e-05 2.02367e-05 1.42497e-05 1.0034e-05 7.06542e-06 4.97512e-06 3.50324e-06 2.46681e-06 1.737e-06 1.22311e-06 8.61256e-07 6.06454e-07 4.27035e-07 3.00697e-07 2.11736e-07 1.49094e-07 1.04985e-07 7.39252e-08 5.20545e-08 3.66542e-08 2.58101e-08 1.81742e-08 1.27974e-08 9.0113e-09 6.34531e-09 4.46806e-09 3.14619e-09 2.21539e-09 1.55997e-09 1.09845e-09 7.73478e-10 5.44645e-10 3.83512e-10 2.70051e-10 1.90156e-10 1.33899e-10 9.42849e-11 6.63908e-11 4.67492e-11 3.29185e-11 2.31796e-11 1.63219e-11 1.14931e-11 8.09287e-12 5.6986e-12 4.01268e-12 2.82553e-12 1.9896e-12 1.40098e-12 9.865e-13 6.94645e-13 4.89135e-13 3.44425e-13 2.42527e-13 1.70776e-13 1.20252e-13 8.46755e-14 5.96243e-14 4.19845e-14 2.95634e-14 2.08171e-14 1.46584e-14 1.03217e-14 7.26805e-15 5.1178e-15 3.60371e-15 2.53755e-15 1.78682e-15 1.25819e-15 8.85957e-16 6.23847e-16 4.39283e-16 3.09321e-16 2.17809e-16 1.5337e-16 1.07996e-16 7.60454e-17 5.35474e-17 3.77055e-17 2.65503e-17
0.0320007 0.0108378 0.00826138 0.00626083 0.00472091 0.00354417 0.0026505 0.0019754 0.00146777 0.0010876 0.000803909 0.000592883 0.000436357 0.000320554 0.000235079 0.000172122 0.000125841 9.18791e-05 6.69979e-05 4.8797e-05 3.55015e-05 2.58018e-05 1.87341e-05 1.359e-05 9.84993e-06 7.13335e-06 5.16204e-06 3.73279e-06 2.69741e-06 1.94794e-06 1.40584e-06 1.014e-06 7.30964e-07 5.26647e-07 3.79245e-07 2.72965e-07 1.96377e-07 1.41214e-07 1.01503e-07 7.29283e-08 5.23772e-08 3.7603e-08 2.69863e-08 1.93602e-08 1.38844e-08 9.95411e-09 7.1341e-09 5.11144e-09 3.66116e-09 2.62162e-09 1.87672e-09 1.34312e-09 9.60985e-10 6.874e-10 4.91583e-10 3.51465e-10 2.51227e-10 1.79538e-10 1.28278e-10 9.16338e-11 6.54443e-11 4.67307e-11 3.33617e-11 2.3813e-11 1.69942e-11 1.21258e-11 8.65056e-12 6.17029e-12 4.40044e-12 3.13774e-12 2.23702e-12 1.59462e-12 1.13653e-12 8.09915e-13 5.77083e-13 4.11127e-13 2.92858e-13 2.08583e-13 1.48541e-13 1.05769e-13 7.53037e-14 5.36072e-14 3.81573e-14 2.71571e-14 1.93259e-14 1.37514e-14 9.7838e-15 6.96021e-15 4.95099e-15 3.52142e-15 2.50438e-15 1.7809e-15 1.2663e-15 9.00316e-16 6.40048e-16 4.54978e-16 3.23392e-16 2.29843e-16 1.63341e-16 1.16071e-16 8.24736e-17
0.0225333 0.00826138 0.00647417 0.00503376 0.00388771 0.00298534 0.00228095 0.00173509 0.00131472 0.000992731 0.000747252 0.000560881 0.000419909 0.000313629 0.000233744 0.000173859 0.00012908 9.56699e-05 7.07951e-05 5.23103e-05 3.85983e-05 2.84437e-05 2.09349e-05 1.53906e-05 1.13024e-05 8.29155e-06 6.07686e-06 4.44961e-06 3.25523e-06 2.37947e-06 1.73793e-06 1.26839e-06 9.25038e-07 6.74162e-07 4.90998e-07 3.5737e-07 2.59951e-07 1.88977e-07 1.37304e-07 9.97052e-08 7.23647e-08 5.24948e-08 3.80622e-08 2.75847e-08 1.99823e-08 1.44688e-08 1.04721e-08 7.57631e-09 5.4791e-09 3.96089e-09 2.8623e-09 2.06766e-09 1.4931e-09 1.07784e-09 7.77808e-10 5.61114e-10 4.04664e-10 2.91746e-10 2.10274e-10 1.5151e-10 1.09138e-10 7.85941e-11 5.65833e-11 4.07262e-11 2.93055e-11 2.10822e-11 1.51627e-11 1.09028e-11 7.83781e-12 5.63321e-12 4.04781e-12 2.90798e-12 2.08868e-12 1.4999e-12 1.07687e-12 7.73002e-13 5.5477e-13 3.98074e-13 2.85584e-13 2.04845e-13 1.46906e-13 1.05336e-13 7.55161e-14 5.41291e-14 3.87927e-14 2.77971e-14 1.9915e-14 1.42657e-14 1.02174e-14 7.31682e-15 5.23891e-15 3.75056e-15 2.68467e-15 1.92143e-15 1.37498e-15 9.83815e-16 7.03837e-16 5.0347e-16 3.60098e-16 2.57521e-16 1.84141e-16
0.0158669 0.00626083 0.00503376 0.00400642 0.00316187 0.00247745 0.00192918 0.00149415 0.00115172 0.000884017 0.000675977 0.000515136 0.000391353 0.000296477 0.000224023 0.000168874 0.000127022 9.53484e-05 7.14375e-05 5.34285e-05 3.98936e-05 2.97414e-05 2.21405e-05 1.64596e-05 1.22204e-05 9.062e-06 6.71207e-06 4.96605e-06 3.67038e-06 2.71005e-06 1.99908e-06 1.47329e-06 1.08485e-06 7.98157e-07 5.86762e-07 4.31026e-07 3.16393e-07 2.32083e-07 1.70123e-07 1.24624e-07 9.12358e-08 6.6752e-08 4.881e-08 3.56703e-08 2.60536e-08 1.90194e-08 1.38773e-08 1.01203e-08 7.37695e-09 5.37471e-09 3.91415e-09 2.84923e-09 2.07316e-09 1.50784e-09 1.09624e-09 7.96679e-10 5.78755e-10 4.20286e-10 3.05097e-10 2.214e-10 1.60608e-10 1.16469e-10 8.44329e-11 6.11891e-11 4.43303e-11 3.21067e-11 2.32467e-11 1.68267e-11 1.21763e-11 8.80864e-12 6.37067e-12 4.60623e-12 3.32961e-12 2.40619e-12 1.73844e-12 1.25569e-12 9.06775e-13 6.5466e-13 4.72534e-13 3.40998e-13 2.46022e-13 1.77461e-13 1.27979e-13 9.22751e-14 6.65183e-14 4.79414e-14 3.45457e-14 2.48882e-14 1.79271e-14 1.29106e-14 9.29615e-15 6.69238e-15 4.81705e-15 3.46662e-15 2.49435e-15 1.79446e-15 1.29074e-15 9.28269e-16 6.6748e-16 4.79882e-16 3.44956e-16
0.0111727 0.00472091 0.00388771 0.00316187 0.00254523 0.00203123 0.0016091 0.00126659 0.000991423 0.000772212 0.000598825 0.000462534 0.000355987 0.000273093 0.000208879 0.000159328 0.000121226 9.202e-05 6.96993e-05 5.26861e-05 3.97504e-05 2.99377e-05 2.25097e-05 1.68982e-05 1.26668e-05 9.48168e-06 7.08804e-06 5.29199e-06 3.9463e-06 2.93945e-06 2.1871e-06 1.62562e-06 1.20708e-06 8.95447e-07 6.63661e-07 4.91443e-07 3.63608e-07 2.68808e-07 1.98569e-07 1.46574e-07 1.08115e-07 7.96913e-08 5.87008e-08 4.3211e-08 3.17885e-08 2.33712e-08 1.71726e-08 1.26108e-08 9.25563e-09 6.78949e-09 4.97784e-09 3.64774e-09 2.67174e-09 1.95594e-09 1.43124e-09 1.04683e-09 7.65321e-10 5.59276e-10 4.08532e-10 2.98297e-10 2.17721e-10 1.58848e-10 1.1585e-10 8.44602e-11 6.15532e-11 4.48431e-11 3.26581e-11 2.3776e-11 1.73039e-11 1.25895e-11 9.15667e-12 6.65781e-12 4.83942e-12 3.51663e-12 2.55467e-12 1.85532e-12 1.34705e-12 9.77749e-13 7.09505e-13 5.14719e-13 3.73313e-13 2.70686e-13 1.96224e-13 1.4221e-13 1.0304e-13 7.46416e-14 5.40574e-14 3.91409e-14 2.83342e-14 2.05067e-14 1.48384e-14 1.07346e-14 7.76418e-15 5.61457e-15 4.05929e-15 2.93426e-15 2.12062e-15 1.5323e-15 1.10699e-15 7.99579e-16 5.77433e-16
0.00786724 0.00354417 0.00298534 0.00247745 0.00203123 0.00164868 0.00132682 0.00105999 0.000841424 0.000664184 0.000521665 0.000407899 0.000317658 0.000246477 0.000190608 0.000146951 0.000112974 8.66261e-05 6.62619e-05 5.05705e-05 3.85134e-05 2.9273e-05 2.22082e-05 1.6819e-05 1.27165e-05 9.59963e-06 7.236e-06 5.44667e-06 4.09433e-06 3.07384e-06 2.30489e-06 1.7263e-06 1.29151e-06 9.65208e-07 7.20609e-07 5.37469e-07 4.00497e-07 2.98162e-07 2.21783e-07 1.64831e-07 1.22405e-07 9.08282e-08 6.73465e-08 4.98992e-08 3.69458e-08 2.73364e-08 2.0213e-08 1.49363e-08 1.10302e-08 8.14076e-09 6.0047e-09 4.42662e-09 3.26146e-09 2.40171e-09 1.76767e-09 1.30035e-09 9.56106e-10 7.02655e-10 5.16148e-10 3.78973e-10 2.7813e-10 2.04032e-10 1.49611e-10 1.0966e-10 8.03449e-11 5.88431e-11 4.30789e-11 3.1526e-11 2.30629e-11 1.68655e-11 1.23291e-11 9.00978e-12 6.58186e-12 4.8066e-12 3.50903e-12 2.56092e-12 1.8684e-12 1.36273e-12 9.93619e-13 7.24271e-13 5.27785e-13 3.84494e-13 2.80027e-13 2.03888e-13 1.48412e-13 1.08001e-13 7.85736e-14 5.71497e-14 4.15569e-14 3.0211e-14 2.19574e-14 1.59549e-14 1.15906e-14 8.41819e-15 6.11269e-15 4.43761e-15 3.22086e-15 2.33722e-15 1.69565e-15 1.22993e-15 8.91943e-16
0.00553973 0.0026505 0.00228095 0.00192918 0.0016091 0.00132682 0.00108355 0.000877618 0.00070576 0.000564008 0.000448231 0.000354457 0.000279053 0.000218801 0.000170928 0.000133078 0.000103288 7.99362e-05 6.16991e-05 4.75046e-05 3.64909e-05 2.79698e-05 2.13947e-05 1.63339e-05 1.24476e-05 9.46973e-06 7.19256e-06 5.45455e-06 4.13046e-06 3.12342e-06 2.35877e-06 1.77904e-06 1.34017e-06 1.00839e-06 7.57898e-07 5.69021e-07 4.26774e-07 3.19771e-07 2.39367e-07 1.79016e-07 1.33763e-07 9.98638e-08 7.4494e-08 5.5525e-08 4.13542e-08 3.07771e-08 2.28887e-08 1.70102e-08 1.26329e-08 9.3758e-09 6.95403e-09 5.15459e-09 3.81847e-09 2.82702e-09 2.0918e-09 1.54692e-09 1.14336e-09 8.44626e-10 6.23626e-10 4.6022e-10 3.39465e-10 2.50274e-10 1.84431e-10 1.35848e-10 1.00019e-10 7.36069e-11 5.41467e-11 3.98148e-11 2.92645e-11 2.15012e-11 1.57913e-11 1.15933e-11 8.50808e-12 6.24164e-12 4.57731e-12 3.35559e-12 2.45911e-12 1.80153e-12 1.31935e-12 9.65913e-13 7.06932e-13 5.17227e-13 3.78313e-13 2.76625e-13 2.0221e-13 1.4777e-13 1.07956e-13 7.8847e-14 5.75711e-14 4.20248e-14 3.06684e-14 2.2375e-14 1.63201e-14 1.19007e-14 8.67586e-15 6.32335e-15 4.60762e-15 3.35663e-15 2.44471e-15 1.78013e-15 1.29592e-15
0.0039008 0.0019754 0.00173509 0.00149415 0.00126659 0.00105999 0.000877618 0.000720026 0.000586096 0.000473804 0.000380703 0.000304242 0.000241955 0.000191573 0.000151074 0.0001187 9.29488e-05 7.25573e-05 5.64757e-05 4.38402e-05 3.39462e-05 2.62233e-05 2.02127e-05 1.55474e-05 1.19354e-05 9.14559e-06 6.99557e-06 5.34208e-06 4.07294e-06 3.10064e-06 2.35705e-06 1.78932e-06 1.35656e-06 1.02716e-06 7.76816e-07 5.86804e-07 4.42777e-07 3.33743e-07 2.51299e-07 1.89034e-07 1.4206e-07 1.06661e-07 8.00108e-08 5.99678e-08 4.49082e-08 3.36033e-08 2.51246e-08 1.87709e-08 1.40137e-08 1.04547e-08 7.79415e-09 5.80676e-09 4.32329e-09 3.21676e-09 2.39196e-09 1.77757e-09 1.32022e-09 9.79974e-10 7.27014e-10 5.39056e-10 3.99481e-10 2.95891e-10 2.19053e-10 1.62089e-10 1.1988e-10 8.86207e-11 6.54823e-11 4.83635e-11 3.57042e-11 2.63472e-11 1.94342e-11 1.43291e-11 1.05608e-11 7.78036e-12 5.72975e-12 4.21799e-12 3.10395e-12 2.28331e-12 1.67903e-12 1.23424e-12 9.06963e-13 6.66244e-13 4.89252e-13 3.59161e-13 2.63577e-13 1.9337e-13 1.41819e-13 1.0398e-13 7.62136e-14 5.58456e-14 4.09091e-14 2.9959e-14 2.19337e-14 1.60538e-14 1.1747e-14 8.59331e-15 6.28463e-15 4.59501e-15 3.35879e-15 2.45454e-15 1.7933e-15
0.00274675 0.00146777 0.00131472 0.00115172 0.000991423 0.000841424 0.00070576 0.000586096 0.000482565 0.000394363 0.000320165 0.000258407 0.000207467 0.000165779 0.000131897 0.000104525 8.25331e-05 6.49501e-05 5.09544e-05 3.98592e-05 3.10959e-05 2.41981e-05 1.87858e-05 1.45516e-05 1.12481e-05 8.67727e-06 6.68143e-06 5.13547e-06 3.94052e-06 3.01873e-06 2.30901e-06 1.76355e-06 1.34505e-06 1.02448e-06 7.7931e-07 5.92075e-07 4.49289e-07 3.40547e-07 2.5784e-07 1.95012e-07 1.47343e-07 1.11216e-07 8.38665e-08 6.31845e-08 4.75603e-08 3.57687e-08 2.6878e-08 2.01809e-08 1.51405e-08 1.13503e-08 8.50268e-09 6.36487e-09 4.76123e-09 3.5592e-09 2.65887e-09 1.98501e-09 1.481e-09 1.10429e-09 8.22903e-10 6.12863e-10 4.56174e-10 3.39358e-10 2.52319e-10 1.87505e-10 1.39268e-10 1.03388e-10 7.67139e-11 5.68944e-11 4.21755e-11 3.125e-11 2.31442e-11 1.71334e-11 1.26782e-11 9.37747e-12 6.93319e-12 5.12394e-12 3.7853e-12 2.79529e-12 2.06342e-12 1.52259e-12 1.1231e-12 8.28122e-13 6.10402e-13 4.49765e-13 3.31288e-13 2.43938e-13 1.79559e-13 1.32128e-13 9.71948e-14 7.14749e-14 5.25448e-14 3.86165e-14 2.83717e-14 2.08387e-14 1.53013e-14 1.12322e-14 8.24283e-15 6.04739e-15 4.43549e-15 3.25236e-15 2.38419e-15
0.00193413 0.0010876 0.000992731 0.000884017 0.000772212 0.000664184 0.000564008 0.000473804 0.000394363 0.000325611 0.000266951 0.000217487 0.000176193 0.000142016 0.000113941 9.10314e-05 7.24467e-05 5.74505e-05 4.54079e-05 3.57793e-05 2.81115e-05 2.20278e-05 1.72172e-05 1.34253e-05 1.04451e-05 8.10934e-06 6.28332e-06 4.85923e-06 3.75113e-06 2.89075e-06 2.22407e-06 1.70847e-06 1.31044e-06 1.0037e-06 7.67705e-07 5.86427e-07 4.47388e-07 3.40899e-07 2.59454e-07 1.97244e-07 1.49787e-07 1.13629e-07 8.61121e-08 6.51948e-08 4.93117e-08 3.72639e-08 2.81346e-08 2.12236e-08 1.59968e-08 1.20475e-08 9.06603e-09 6.81719e-09 5.12236e-09 3.8461e-09 2.8858e-09 2.16378e-09 1.62133e-09 1.21407e-09 9.0854e-10 6.79477e-10 5.0786e-10 3.79365e-10 2.83218e-10 2.1132e-10 1.57587e-10 1.17454e-10 8.74964e-11 6.51461e-11 4.84807e-11 3.60608e-11 2.68099e-11 1.99227e-11 1.4798e-11 1.09865e-11 8.15318e-12 6.0479e-12 4.48433e-12 3.32361e-12 2.46232e-12 1.82349e-12 1.34987e-12 9.98882e-13 7.38875e-13 5.46343e-13 4.03832e-13 2.98387e-13 2.20397e-13 1.62735e-13 1.20118e-13 8.86316e-14 6.53771e-14 4.82084e-14 3.5537e-14 2.6188e-14 1.92925e-14 1.42084e-14 1.04609e-14 7.69956e-15 5.66548e-15 4.16758e-15 3.06484e-15
0.00136192 0.000803909 0.000747252 0.000675977 0.000598825 0.000521665 0.000448231 0.000380703 0.000320165 0.000266951 0.000220909 0.00018159 0.000148379 0.000120589 9.75243e-05 7.85193e-05 6.29589e-05 5.02914e-05 4.0032e-05 3.17619e-05 2.51239e-05 1.98168e-05 1.55891e-05 1.22327e-05 9.57623e-06 7.47994e-06 5.8302e-06 4.53521e-06 3.52115e-06 2.72887e-06 2.1112e-06 1.63065e-06 1.25749e-06 9.68264e-07 7.4448e-07 5.71622e-07 4.38313e-07 3.35663e-07 2.56735e-07 1.96132e-07 1.49663e-07 1.14077e-07 8.68598e-08 6.60677e-08 5.02025e-08 3.81101e-08 2.89033e-08 2.19008e-08 1.65802e-08 1.25414e-08 9.47857e-09 7.15794e-09 5.40123e-09 4.07254e-09 3.06842e-09 2.31021e-09 1.73812e-09 1.30681e-09 9.81867e-10 7.37242e-10 5.53211e-10 4.1486e-10 3.1092e-10 2.32883e-10 1.74332e-10 1.30427e-10 9.75261e-11 7.28849e-11 5.44408e-11 4.06431e-11 3.03269e-11 2.2618e-11 1.68604e-11 1.25625e-11 9.3558e-12 6.96445e-12 5.182e-12 3.85405e-12 2.86516e-12 2.1291e-12 1.58148e-12 1.17423e-12 8.71505e-13 6.46568e-13 4.79503e-13 3.5547e-13 2.63422e-13 1.95138e-13 1.44503e-13 1.06969e-13 7.9156e-14 5.85549e-14 4.33008e-14 3.20099e-14 2.36554e-14 1.74758e-14 1.29064e-14 9.52884e-15 7.033e-15 5.18932e-15 3.82781e-15
0.000958997 0.000592883 0.000560881 0.000515136 0.000462534 0.000407899 0.000354457 0.000304242 0.000258407 0.000217487 0.00018159 0.000150549 0.000124028 0.000101597 8.27941e-05 6.71534e-05 5.42323e-05 4.3623e-05 3.49598e-05 2.79212e-05 2.22285e-05 1.76437e-05 1.39653e-05 1.10246e-05 8.68162e-06 6.82052e-06 5.34649e-06 4.1822e-06 3.26491e-06 2.54395e-06 1.9786e-06 1.53622e-06 1.19077e-06 9.21542e-07 7.12098e-07 5.49453e-07 4.23363e-07 3.25769e-07 2.50347e-07 1.92146e-07 1.47298e-07 1.12787e-07 8.62641e-08 6.59069e-08 5.03008e-08 3.83511e-08 2.92114e-08 2.22285e-08 1.68993e-08 1.28362e-08 9.74142e-09 7.38654e-09 5.59632e-09 4.23657e-09 3.20471e-09 2.42232e-09 1.82959e-09 1.3809e-09 1.04152e-09 7.85007e-10 5.91274e-10 4.45063e-10 3.34793e-10 2.51687e-10 1.89096e-10 1.41986e-10 1.0655e-10 7.99131e-11 5.99018e-11 4.48771e-11 3.36031e-11 2.51482e-11 1.8811e-11 1.40637e-11 1.05093e-11 7.84945e-12 5.86004e-12 4.37281e-12 3.26154e-12 2.4316e-12 1.81206e-12 1.34979e-12 1.00502e-12 7.48007e-13 5.56493e-13 4.13848e-13 3.07646e-13 2.28609e-13 1.69813e-13 1.26092e-13 9.35933e-14 6.94457e-14 5.151e-14 3.81932e-14 2.83095e-14 2.09764e-14 1.55376e-14 1.15053e-14 8.51665e-15 6.30235e-15 4.6623e-15
0.000675278 0.000436357 0.000419909 0.000391353 0.000355987 0.000317658 0.000279053 0.000241955 0.000207467 0.000176193 0.000148379 0.000124028 0.000102985 8.50018e-05 6.97789e-05 5.69992e-05 4.63491e-05 3.75315e-05 3.02741e-05 2.43324e-05 1.94914e-05 1.55647e-05 1.23927e-05 9.83985e-06 7.7926e-06 6.15615e-06 4.85205e-06 3.81578e-06 2.99455e-06 2.34537e-06 1.83345e-06 1.43066e-06 1.11442e-06 8.66646e-07 6.72888e-07 5.21652e-07 4.03815e-07 3.12155e-07 2.40974e-07 1.85781e-07 1.43049e-07 1.10012e-07 8.45052e-08 6.48387e-08 4.96945e-08 3.8047e-08 2.90994e-08 2.22338e-08 1.69716e-08 1.29427e-08 9.8612e-09 7.5067e-09 5.70945e-09 4.33885e-09 3.29459e-09 2.49967e-09 1.89508e-09 1.43564e-09 1.08678e-09 8.22111e-10 6.21461e-10 4.69462e-10 3.54404e-10 2.6737e-10 2.01582e-10 1.51887e-10 1.14373e-10 8.60735e-11 6.47386e-11 4.86642e-11 3.65606e-11 2.74524e-11 2.06023e-11 1.54533e-11 1.15853e-11 8.68106e-12 6.50166e-12 4.86705e-12 3.64167e-12 2.72354e-12 2.03595e-12 1.52127e-12 1.1362e-12 8.48233e-13 6.3298e-13 4.72154e-13 3.52046e-13 2.62385e-13 1.95482e-13 1.45582e-13 1.08377e-13 8.06504e-14 5.99947e-14 4.4613e-14 3.3163e-14 2.46429e-14 1.83054e-14 1.35931e-14 1.00904e-14 7.48784e-15 5.55471e-15
0.000475498 0.000320554 0.000313629 0.000296477 0.000273093 0.000246477 0.000218801 0.000191573 0.000165779 0.000142016 0.000120589 0.000101597 8.50018e-05 7.06726e-05 5.8426e-05 4.8052e-05 3.93328e-05 3.20553e-05 2.60189e-05 2.10401e-05 1.69546e-05 1.36178e-05 1.09043e-05 8.7063e-06 6.93254e-06 5.50601e-06 4.36243e-06 3.44842e-06 2.71996e-06 2.14093e-06 1.68183e-06 1.31867e-06 1.03207e-06 8.06358e-07 6.28965e-07 4.89817e-07 3.8087e-07 2.95721e-07 2.29283e-07 1.7753e-07 1.37277e-07 1.06017e-07 8.17751e-08 6.30017e-08 4.84826e-08 3.72682e-08 2.8617e-08 2.19512e-08 1.6821e-08 1.28772e-08 9.8487e-09 7.52548e-09 5.74512e-09 4.38212e-09 3.33965e-09 2.54306e-09 1.93492e-09 1.47105e-09 1.11754e-09 8.48338e-10 6.43518e-10 4.87802e-10 3.69508e-10 2.79711e-10 2.11597e-10 1.59965e-10 1.20856e-10 9.12515e-11 6.88572e-11 5.19279e-11 3.91382e-11 2.94817e-11 2.21954e-11 1.67008e-11 1.25597e-11 9.44041e-12 7.09219e-12 5.32539e-12 3.99675e-12 2.99814e-12 2.24797e-12 1.68471e-12 1.262e-12 9.44929e-13 7.07206e-13 5.29058e-13 3.95617e-13 2.95709e-13 2.2094e-13 1.65009e-13 1.23187e-13 9.19294e-14 6.85764e-14 5.11363e-14 3.81172e-14 2.84023e-14 2.11557e-14 1.57524e-14 1.1725e-14 8.72424e-15 6.48926e-15
0.000334822 0.000235079 0.000233744 0.000224023 0.000208879 0.000190608 0.000170928 0.000151074 0.000131897 0.000113941 9.75243e-05 8.27941e-05 6.97789e-05 5.8426e-05 4.86311e-05 4.02604e-05 3.3166e-05 2.71976e-05 2.22095e-05 1.80655e-05 1.46414e-05 1.18259e-05 9.52143e-06 7.64308e-06 6.11799e-06 4.88417e-06 3.88935e-06 3.08976e-06 2.44898e-06 1.9369e-06 1.52874e-06 1.20422e-06 9.46804e-07 7.43078e-07 5.82183e-07 4.55372e-07 3.55618e-07 2.77292e-07 2.159e-07 1.67862e-07 1.30335e-07 1.01064e-07 7.82668e-08 6.05376e-08 4.67689e-08 3.60901e-08 2.78185e-08 2.14196e-08 1.64753e-08 1.26594e-08 9.71768e-09 7.45239e-09 5.70983e-09 4.37076e-09 3.34277e-09 2.55437e-09 1.95027e-09 1.48783e-09 1.13414e-09 8.63856e-10 6.57488e-10 5.0005e-10 3.80037e-10 2.88623e-10 2.19048e-10 1.66132e-10 1.25916e-10 9.53742e-11 7.21949e-11 5.46153e-11 4.12915e-11 3.11996e-11 2.35606e-11 1.77819e-11 1.34131e-11 1.01121e-11 7.61944e-12 5.73821e-12 4.31924e-12 3.24951e-12 2.44351e-12 1.83653e-12 1.37967e-12 1.03598e-12 7.77543e-13 5.83313e-13 4.37407e-13 3.27854e-13 2.45634e-13 1.83955e-13 1.37707e-13 1.03044e-13 7.70749e-14 5.76279e-14 4.30708e-14 3.21786e-14 2.40318e-14 1.79409e-14 1.33889e-14 9.98821e-15 7.44863e-15
0.000235765 0.000172122 0.000173859 0.000168874 0.000159328 0.000146951 0.000133078 0.0001187 0.000104525 9.10314e-05 7.85193e-05 6.71534e-05 5.69992e-05 4.8052e-05 4.02604e-05 3.35433e-05 2.78037e-05 2.29375e-05 1.88403e-05 1.54124e-05 1.25606e-05 1.02004e-05 8.25631e-06 6.66201e-06 5.35984e-06 4.30029e-06 3.44118e-06 2.74688e-06 2.1875e-06 1.73813e-06 1.37813e-06 1.09046e-06 8.61164e-07 6.78814e-07 5.34121e-07 4.1955e-07 3.29013e-07 2.57605e-07 2.01388e-07 1.57209e-07 1.22547e-07 9.5398e-08 7.41654e-08 5.75851e-08 4.46563e-08 3.4589e-08 2.67603e-08 2.06803e-08 1.59643e-08 1.23108e-08 9.4837e-09 7.29856e-09 5.61146e-09 4.31029e-09 3.3078e-09 2.53621e-09 1.94292e-09 1.48716e-09 1.13737e-09 8.6915e-10 6.63664e-10 5.06372e-10 3.8607e-10 2.94134e-10 2.23931e-10 1.70365e-10 1.29524e-10 9.84083e-11 7.47186e-11 5.66955e-11 4.29929e-11 3.25821e-11 2.46775e-11 1.86796e-11 1.41313e-11 1.06845e-11 8.07391e-12 6.09788e-12 4.60301e-12 3.47278e-12 2.61873e-12 1.97372e-12 1.48684e-12 1.11952e-12 8.42546e-13 6.33798e-13 4.7655e-13 3.58153e-13 2.69051e-13 2.02028e-13 1.51636e-13 1.13765e-13 8.53162e-14 6.39555e-14 4.79235e-14 3.58961e-14 2.68767e-14 2.01158e-14 1.50499e-14 1.12556e-14 8.41476e-15
0.000166014 0.000125841 0.00012908 0.000127022 0.000121226 0.000112974 0.000103288 9.29488e-05 8.25331e-05 7.24467e-05 6.29589e-05 5.42323e-05 4.63491e-05 3.93328e-05 3.3166e-05 2.78037e-05 2.31846e-05 1.92383e-05 1.58916e-05 1.3072e-05 1.07107e-05 8.74394e-06 7.1139e-06 5.76913e-06 4.66441e-06 3.76045e-06 3.02348e-06 2.42471e-06 1.93978e-06 1.54824e-06 1.23301e-06 9.79887e-07 7.77161e-07 6.15188e-07 4.86074e-07 3.83378e-07 3.01865e-07 2.37294e-07 1.86241e-07 1.45951e-07 1.1421e-07 8.92453e-08 6.96426e-08 5.42742e-08 4.22432e-08 3.28387e-08 2.54973e-08 1.97743e-08 1.53186e-08 1.1854e-08 9.16323e-09 7.07598e-09 5.45872e-09 4.207e-09 3.23924e-09 2.4918e-09 1.91511e-09 1.4706e-09 1.1283e-09 8.64959e-10 6.62542e-10 5.07092e-10 3.87815e-10 2.96371e-10 2.26321e-10 1.72704e-10 1.31696e-10 1.00356e-10 7.64225e-11 5.81583e-11 4.42306e-11 3.36169e-11 2.55343e-11 1.93832e-11 1.47051e-11 1.11496e-11 8.44891e-12 6.39879e-12 4.84346e-12 3.6642e-12 2.77059e-12 2.09382e-12 1.58155e-12 1.19401e-12 9.00993e-13 6.79552e-13 5.12291e-13 3.86018e-13 2.90736e-13 2.18873e-13 1.647e-13 1.23881e-13 9.31379e-14 6.99947e-14 5.25802e-14 3.94822e-14 2.9635e-14 2.22349e-14 1.66761e-14 1.25022e-14 9.36945e-15
0.000116899 9.18791e-05 9.56699e-05 9.53484e-05 9.202e-05 8.66261e-05 7.99362e-05 7.25573e-05 6.49501e-05 5.74505e-05 5.02914e-05 4.3623e-05 3.75315e-05 3.20553e-05 2.71976e-05 2.29375e-05 1.92383e-05 1.60542e-05 1.33345e-05 1.10275e-05 9.08282e-06 7.45288e-06 6.09384e-06 4.96609e-06 4.03439e-06 3.26782e-06 2.63951e-06 2.12636e-06 1.70867e-06 1.36974e-06 1.09554e-06 8.74329e-07 6.96331e-07 5.53468e-07 4.39077e-07 3.47691e-07 2.74843e-07 2.1689e-07 1.7088e-07 1.34419e-07 1.05579e-07 8.28052e-08 6.48528e-08 5.07234e-08 3.96203e-08 3.09082e-08 2.40821e-08 1.87411e-08 1.45678e-08 1.13111e-08 8.7728e-09 6.79693e-09 5.26064e-09 4.06751e-09 3.14192e-09 2.42465e-09 1.86939e-09 1.43999e-09 1.10825e-09 8.52204e-10 6.54765e-10 5.02658e-10 3.85579e-10 2.9554e-10 2.26354e-10 1.73236e-10 1.32486e-10 1.0125e-10 7.73242e-11 5.90121e-11 4.50067e-11 3.43028e-11 2.61279e-11 1.98887e-11 1.51301e-11 1.15031e-11 8.74043e-12 6.63741e-12 5.03752e-12 3.82114e-12 2.89689e-12 2.19501e-12 1.66231e-12 1.25824e-12 9.51905e-13 7.1979e-13 5.44007e-13 4.10954e-13 3.10296e-13 2.34183e-13 1.76658e-13 1.33204e-13 1.00394e-13 7.56324e-14 5.69536e-14 4.28696e-14 3.2255e-14 2.42586e-14 1.82372e-14 1.3705e-14 1.0295e-14
8.23147e-05 6.69979e-05 7.07951e-05 7.14375e-05 6.96993e-05 6.62619e-05 6.16991e-05 5.64757e-05 5.09544e-05 4.54079e-05 4.0032e-05 3.49598e-05 3.02741e-05 2.60189e-05 2.22095e-05 1.88403e-05 1.58916e-05 1.33345e-05 1.11349e-05 9.25651e-06 7.66299e-06 6.31914e-06 5.19197e-06 4.25126e-06 3.46978e-06 2.82334e-06 2.29072e-06 1.85351e-06 1.49586e-06 1.20424e-06 9.67204e-07 7.75081e-07 6.1979e-07 4.94597e-07 3.93917e-07 3.13141e-07 2.48478e-07 1.96825e-07 1.55649e-07 1.22888e-07 9.68725e-08 7.62497e-08 5.99303e-08 4.70377e-08 3.68687e-08 2.88602e-08 2.25627e-08 1.76176e-08 1.37399e-08 1.07033e-08 8.32842e-09 6.47342e-09 5.02624e-09 3.89855e-09 3.02084e-09 2.33844e-09 1.80847e-09 1.39731e-09 1.07865e-09 8.31925e-10 6.41083e-10 4.93604e-10 3.79741e-10 2.91908e-10 2.24216e-10 1.72089e-10 1.31982e-10 1.01148e-10 7.74618e-11 5.92808e-11 4.5336e-11 3.46481e-11 2.64624e-11 2.01975e-11 1.54061e-11 1.17441e-11 8.94705e-12 6.81211e-12 5.18357e-12 3.9421e-12 2.99627e-12 2.27611e-12 1.7281e-12 1.31134e-12 9.94561e-13 7.53919e-13 5.71212e-13 4.32568e-13 3.27415e-13 2.47704e-13 1.87311e-13 1.41576e-13 1.06959e-13 8.07702e-14 6.09665e-14 4.59982e-14 3.469e-14 2.61507e-14 1.97052e-14 1.48423e-14 1.11749e-14
5.7962e-05 4.8797e-05 5.23103e-05 5.34285e-05 5.26861e-05 5.05705e-05 4.75046e-05 4.38402e-05 3.98592e-05 3.57793e-05 3.17619e-05 2.79212e-05 2.43324e-05 2.10401e-05 1.80655e-05 1.54124e-05 1.3072e-05 1.10275e-05 9.25651e-06 7.73417e-06 6.4345e-06 5.33181e-06 4.40151e-06 3.62074e-06 2.96858e-06 2.42627e-06 1.97716e-06 1.60666e-06 1.3021e-06 1.05261e-06 8.48857e-07 6.8297e-07 5.4829e-07 4.39241e-07 3.5117e-07 2.80214e-07 2.23179e-07 1.77435e-07 1.40825e-07 1.11583e-07 8.82713e-08 6.97224e-08 5.49893e-08 4.3307e-08 3.40591e-08 2.67499e-08 2.09819e-08 1.64368e-08 1.28604e-08 1.00503e-08 7.84507e-09 6.11685e-09 4.76414e-09 3.70664e-09 2.88089e-09 2.23684e-09 1.73508e-09 1.34458e-09 1.041e-09 8.05231e-10 6.22308e-10 4.80523e-10 3.70729e-10 2.85786e-10 2.20128e-10 1.69421e-10 1.30294e-10 1.00128e-10 7.6889e-11 5.90012e-11 4.52429e-11 3.46689e-11 2.65482e-11 2.03162e-11 1.5537e-11 1.18744e-11 9.06961e-12 6.92305e-12 5.28135e-12 4.02657e-12 3.06814e-12 2.3365e-12 1.77834e-12 1.35278e-12 1.0285e-12 7.81535e-13 5.93565e-13 4.50573e-13 3.41857e-13 2.59244e-13 1.96499e-13 1.48869e-13 1.12731e-13 8.53263e-14 6.4554e-14 4.88167e-14 3.68995e-14 2.78795e-14 2.10553e-14 1.58948e-14 1.19941e-14
4.0814e-05 3.55015e-05 3.85983e-05 3.98936e-05 3.97504e-05 3.85134e-05 3.64909e-05 3.39462e-05 3.10959e-05 2.81115e-05 2.51239e-05 2.22285e-05 1.94914e-05 1.69546e-05 1.46414e-05 1.25606e-05 1.07107e-05 9.08282e-06 7.66299e-06 6.4345e-06 5.37915e-06 4.47838e-06 3.71408e-06 3.06907e-06 2.52743e-06 2.07468e-06 1.69786e-06 1.38546e-06 1.12745e-06 9.15103e-07 7.40903e-07 5.98444e-07 4.82282e-07 3.87827e-07 3.11224e-07 2.49254e-07 1.99242e-07 1.58973e-07 1.26618e-07 1.00676e-07 7.99184e-08 6.33399e-08 5.01237e-08 3.96066e-08 3.12514e-08 2.46247e-08 1.93771e-08 1.5228e-08 1.19522e-08 9.36967e-09 7.33641e-09 5.73775e-09 4.48242e-09 3.49792e-09 2.72675e-09 2.1234e-09 1.65189e-09 1.28383e-09 9.96815e-10 7.73247e-10 5.99276e-10 4.64034e-10 3.59001e-10 2.77507e-10 2.14335e-10 1.6541e-10 1.27551e-10 9.82818e-11 7.56716e-11 5.82198e-11 4.47603e-11 3.4388e-11 2.6401e-11 2.02552e-11 1.55296e-11 1.18988e-11 9.11098e-12 6.97194e-12 5.3318e-12 4.07503e-12 3.11264e-12 2.37615e-12 1.81288e-12 1.38235e-12 1.05349e-12 8.0242e-13 6.10861e-13 4.64788e-13 3.53462e-13 2.68665e-13 2.04108e-13 1.54988e-13 1.17632e-13 8.92367e-14 6.76643e-14 5.12832e-14 3.88502e-14 2.94183e-14 2.22665e-14 1.6846e-14 1.27396e-14
2.87392e-05 2.58018e-05 2.84437e-05 2.97414e-05 2.99377e-05 2.9273e-05 2.79698e-05 2.62233e-05 2.41981e-05 2.20278e-05 1.98168e-05 1.76437e-05 1.55647e-05 1.36178e-05 1.18259e-05 1.02004e-05 8.74394e-06 7.45288e-06 6.31914e-06 5.33181e-06 4.47838e-06 3.74567e-06 3.12044e-06 2.58991e-06 2.14206e-06 1.76581e-06 1.4511e-06 1.18894e-06 9.71414e-07 7.91563e-07 6.43367e-07 5.21646e-07 4.21972e-07 3.40585e-07 2.74311e-07 2.20482e-07 1.76868e-07 1.41615e-07 1.13183e-07 9.03007e-08 7.19235e-08 5.71933e-08 4.54085e-08 3.59973e-08 2.84949e-08 2.2524e-08 1.77798e-08 1.40162e-08 1.1035e-08 8.67699e-09 6.81455e-09 5.34553e-09 4.18837e-09 3.27803e-09 2.56276e-09 2.00144e-09 1.56146e-09 1.21697e-09 9.47554e-10 7.37077e-10 5.72817e-10 4.44759e-10 3.45022e-10 2.67418e-10 2.07094e-10 1.60244e-10 1.23893e-10 9.57119e-11 7.38836e-11 5.69902e-11 4.39268e-11 3.38331e-11 2.60402e-11 2.00283e-11 1.53938e-11 1.18238e-11 9.07569e-12 6.96183e-12 5.33693e-12 4.08874e-12 3.13056e-12 2.39549e-12 1.83194e-12 1.40016e-12 1.06954e-12 8.16529e-13 6.23032e-13 4.75132e-13 3.6215e-13 2.7589e-13 2.10068e-13 1.5987e-13 1.21606e-13 9.24558e-14 7.02593e-14 5.33664e-14 4.05162e-14 3.07462e-14 2.33216e-14 1.7682e-14 1.34003e-14
2.02367e-05 1.87341e-05 2.09349e-05 2.21405e-05 2.25097e-05 2.22082e-05 2.13947e-05 2.02127e-05 1.87858e-05 1.72172e-05 1.55891e-05 1.39653e-05 1.23927e-05 1.09043e-05 9.52143e-06 8.25631e-06 7.1139e-06 6.09384e-06 5.19197e-06 4.40151e-06 3.71408e-06 3.12044e-06 2.61104e-06 2.17648e-06 1.80774e-06 1.49639e-06 1.23469e-06 1.01568e-06 8.33105e-07 6.81479e-07 5.55994e-07 4.52487e-07 3.67373e-07 2.9759e-07 2.40537e-07 1.94015e-07 1.56177e-07 1.25476e-07 1.00623e-07 8.05477e-08 6.43667e-08 5.13506e-08 4.09009e-08 3.2527e-08 2.58287e-08 2.048e-08 1.6216e-08 1.28223e-08 1.01254e-08 7.98549e-09 6.28997e-09 4.94844e-09 3.88846e-09 3.05202e-09 2.39284e-09 1.874e-09 1.46611e-09 1.14581e-09 8.94594e-10 6.97771e-10 5.43732e-10 4.23303e-10 3.29248e-10 2.55863e-10 1.98662e-10 1.54118e-10 1.19462e-10 9.25244e-11 7.16038e-11 5.53704e-11 4.27847e-11 3.3035e-11 2.54885e-11 1.96518e-11 1.51411e-11 1.16577e-11 8.9696e-12 6.8968e-12 5.29956e-12 4.06964e-12 3.1232e-12 2.39539e-12 1.83608e-12 1.40654e-12 1.07685e-12 8.23975e-13 6.30126e-13 4.81616e-13 3.67907e-13 2.80895e-13 2.14349e-13 1.63484e-13 1.24626e-13 9.49562e-14 7.23144e-14 5.50447e-14 4.18793e-14 3.18478e-14 2.4208e-14 1.83924e-14 1.39677e-14
1.42497e-05 1.359e-05 1.53906e-05 1.64596e-05 1.68982e-05 1.6819e-05 1.63339e-05 1.55474e-05 1.45516e-05 1.34253e-05 1.22327e-05 1.10246e-05 9.83985e-06 8.7063e-06 7.64308e-06 6.66201e-06 5.76913e-06 4.96609e-06 4.25126e-06 3.62074e-06 3.06907e-06 2.58991e-06 2.17648e-06 1.82191e-06 1.5195e-06 1.2629e-06 1.04619e-06 8.63974e-07 7.11391e-07 5.84114e-07 4.78326e-07 3.907e-07 3.18349e-07 2.58792e-07 2.09907e-07 1.69893e-07 1.37223e-07 1.10617e-07 8.90001e-08 7.14765e-08 5.73018e-08 4.586e-08 3.66424e-08 2.92311e-08 2.32829e-08 1.85175e-08 1.47062e-08 1.16631e-08 9.23714e-09 7.30618e-09 5.7715e-09 4.55354e-09 3.58827e-09 2.82431e-09 2.22046e-09 1.74378e-09 1.36795e-09 1.07199e-09 8.39203e-10 6.56307e-10 5.12769e-10 4.00242e-10 3.12118e-10 2.43175e-10 1.89293e-10 1.47221e-10 1.14403e-10 8.88271e-11 6.89127e-11 5.34204e-11 4.13786e-11 3.20268e-11 2.47701e-11 1.91435e-11 1.47844e-11 1.14099e-11 8.79954e-12 6.78177e-12 5.22322e-12 4.02022e-12 3.09232e-12 2.37709e-12 1.82616e-12 1.40206e-12 1.07582e-12 8.25005e-13 6.32302e-13 4.84336e-13 3.7079e-13 2.83708e-13 2.16961e-13 1.6583e-13 1.26683e-13 9.67275e-14 7.38183e-14 5.6307e-14 4.29288e-14 3.27134e-14 2.49171e-14 1.897e-14 1.44357e-14
1.0034e-05 9.84993e-06 1.13024e-05 1.22204e-05 1.26668e-05 1.27165e-05 1.24476e-05 1.19354e-05 1.12481e-05 1.04451e-05 9.57623e-06 8.68162e-06 7.7926e-06 6.93254e-06 6.11799e-06 5.35984e-06 4.66441e-06 4.03439e-06 3.46978e-06 2.96858e-06 2.52743e-06 2.14206e-06 1.80774e-06 1.5195e-06 1.27243e-06 1.06175e-06 8.82988e-07 7.31989e-07 6.04982e-07 4.98578e-07 4.09767e-07 3.35897e-07 2.74659e-07 2.2405e-07 1.8235e-07 1.48086e-07 1.20007e-07 9.70564e-08 7.83423e-08 6.31182e-08 5.07608e-08 4.07518e-08 3.26613e-08 2.61345e-08 2.08791e-08 1.66552e-08 1.32662e-08 1.05517e-08 8.38103e-09 6.64796e-09 5.26639e-09 4.16664e-09 3.29249e-09 2.59862e-09 2.04858e-09 1.61314e-09 1.26885e-09 9.96966e-10 7.82517e-10 6.13568e-10 4.80616e-10 3.76105e-10 2.9404e-10 2.29668e-10 1.79225e-10 1.39737e-10 1.08855e-10 8.47256e-11 6.58901e-11 5.12002e-11 3.97537e-11 3.08422e-11 2.39101e-11 1.85221e-11 1.43378e-11 1.10908e-11 8.57301e-12 6.62224e-12 5.1119e-12 3.94339e-12 3.04e-12 2.34206e-12 1.80322e-12 1.38749e-12 1.06696e-12 8.19984e-13 6.29808e-13 4.83459e-13 3.70907e-13 2.84398e-13 2.17947e-13 1.66932e-13 1.27791e-13 9.77755e-14 7.47717e-14 5.71511e-14 4.36612e-14 3.3339e-14 2.54448e-14 1.94106e-14 1.48005e-14
7.06542e-06 7.13335e-06 8.29155e-06 9.062e-06 9.48168e-06 9.59963e-06 9.46973e-06 9.14559e-06 8.67727e-06 8.10934e-06 7.47994e-06 6.82052e-06 6.15615e-06 5.50601e-06 4.88417e-06 4.30029e-06 3.76045e-06 3.26782e-06 2.82334e-06 2.42627e-06 2.07468e-06 1.76581e-06 1.49639e-06 1.2629e-06 1.06175e-06 8.89409e-07 7.42489e-07 6.17826e-07 5.1251e-07 4.23901e-07 3.49633e-07 2.87609e-07 2.35986e-07 1.93158e-07 1.57734e-07 1.28519e-07 1.0449e-07 8.47783e-08 6.86487e-08 5.54817e-08 4.47574e-08 3.60419e-08 2.89738e-08 2.32531e-08 1.86319e-08 1.4906e-08 1.19072e-08 9.49787e-09 7.56532e-09 6.01772e-09 4.78033e-09 3.79247e-09 3.00496e-09 2.37807e-09 1.87972e-09 1.48408e-09 1.17039e-09 9.21992e-10 7.25533e-10 5.70339e-10 4.47884e-10 3.51371e-10 2.75387e-10 2.1563e-10 1.68683e-10 1.31837e-10 1.02949e-10 8.03204e-11 6.26127e-11 4.87684e-11 3.79543e-11 2.95146e-11 2.29337e-11 1.78066e-11 1.38153e-11 1.07108e-11 8.29791e-12 6.42406e-12 4.96991e-12 3.84232e-12 2.96857e-12 2.29201e-12 1.7685e-12 1.3637e-12 1.05091e-12 8.09366e-13 6.22966e-13 4.79211e-13 3.68416e-13 2.83075e-13 2.17381e-13 1.6684e-13 1.27981e-13 9.81199e-14 7.51867e-14 5.75837e-14 4.40795e-14 3.37254e-14 2.57906e-14 1.97131e-14 1.50605e-14
4.97512e-06 5.16204e-06 6.07686e-06 6.71207e-06 7.08804e-06 7.236e-06 7.19256e-06 6.99557e-06 6.68143e-06 6.28332e-06 5.8302e-06 5.34649e-06 4.85205e-06 4.36243e-06 3.88935e-06 3.44118e-06 3.02348e-06 2.63951e-06 2.29072e-06 1.97716e-06 1.69786e-06 1.4511e-06 1.23469e-06 1.04619e-06 8.82988e-07 7.42489e-07 6.22162e-07 5.19607e-07 4.32593e-07 3.59072e-07 2.97198e-07 2.45317e-07 2.01967e-07 1.65864e-07 1.35891e-07 1.1108e-07 9.06007e-08 7.37412e-08 5.98974e-08 4.85576e-08 3.92907e-08 3.17346e-08 2.55867e-08 2.05949e-08 1.65498e-08 1.32782e-08 1.06369e-08 8.50839e-09 6.79597e-09 5.4206e-09 4.3177e-09 3.43466e-09 2.7287e-09 2.16515e-09 1.71589e-09 1.35825e-09 1.07391e-09 8.48142e-10 6.69105e-10 5.27298e-10 4.15112e-10 3.26463e-10 2.5649e-10 2.0132e-10 1.57867e-10 1.23678e-10 9.68061e-11 7.57055e-11 5.91529e-11 4.61802e-11 3.60227e-11 2.80765e-11 2.18657e-11 1.70155e-11 1.32311e-11 1.02806e-11 7.98221e-12 6.19319e-12 4.80174e-12 3.72033e-12 2.8805e-12 2.22876e-12 1.72335e-12 1.33169e-12 1.02839e-12 7.93677e-13 6.12156e-13 4.71866e-13 3.63512e-13 2.79876e-13 2.1536e-13 1.65622e-13 1.27301e-13 9.7793e-14 7.50847e-14 5.76189e-14 4.4193e-14 3.38781e-14 2.59577e-14 1.98791e-14 1.52165e-14
3.50324e-06 3.73279e-06 4.44961e-06 4.96605e-06 5.29199e-06 5.44667e-06 5.45455e-06 5.34208e-06 5.13547e-06 4.85923e-06 4.53521e-06 4.1822e-06 3.81578e-06 3.44842e-06 3.08976e-06 2.74688e-06 2.42471e-06 2.12636e-06 1.85351e-06 1.60666e-06 1.38546e-06 1.18894e-06 1.01568e-06 8.63974e-07 7.31989e-07 6.17826e-07 5.19607e-07 4.35526e-07 3.63879e-07 3.03091e-07 2.51724e-07 2.08483e-07 1.72213e-07 1.41892e-07 1.16626e-07 9.56361e-08 7.82486e-08 6.38848e-08 5.205e-08 4.23232e-08 3.43481e-08 2.78242e-08 2.24991e-08 1.81618e-08 1.46361e-08 1.17757e-08 9.45959e-09 7.58747e-09 6.0769e-09 4.86012e-09 3.88159e-09 3.0959e-09 2.46601e-09 1.96178e-09 1.55872e-09 1.23697e-09 9.80488e-10 7.76297e-10 6.13944e-10 4.85016e-10 3.82757e-10 3.01745e-10 2.37639e-10 1.86967e-10 1.46958e-10 1.15402e-10 9.05376e-11 7.09667e-11 5.55771e-11 4.34873e-11 3.39986e-11 2.65583e-11 2.07293e-11 1.61669e-11 1.25988e-11 9.81064e-12 7.63382e-12 5.93562e-12 4.61188e-12 3.58081e-12 2.77833e-12 2.15422e-12 1.66919e-12 1.29251e-12 1.00019e-12 7.73489e-13 5.97799e-13 4.61732e-13 3.5642e-13 2.74965e-13 2.12001e-13 1.63362e-13 1.25811e-13 9.68372e-14 7.44954e-14 5.72774e-14 4.40156e-14 3.38067e-14 2.59523e-14 1.99127e-14 1.52709e-14
2.46681e-06 2.69741e-06 3.25523e-06 3.67038e-06 3.9463e-06 4.09433e-06 4.13046e-06 4.07294e-06 3.94052e-06 3.75113e-06 3.52115e-06 3.26491e-06 2.99455e-06 2.71996e-06 2.44898e-06 2.1875e-06 1.93978e-06 1.70867e-06 1.49586e-06 1.3021e-06 1.12745e-06 9.71414e-07 8.33105e-07 7.11391e-07 6.04982e-07 5.1251e-07 4.32593e-07 3.63879e-07 3.05078e-07 2.54984e-07 2.12484e-07 1.76568e-07 1.46326e-07 1.20951e-07 9.97295e-08 8.20361e-08 6.73281e-08 5.51362e-08 4.50569e-08 3.67455e-08 2.99087e-08 2.42981e-08 1.9704e-08 1.59504e-08 1.28899e-08 1.03995e-08 8.37683e-09 6.73715e-09 5.4103e-09 4.33845e-09 3.47403e-09 2.77803e-09 2.21851e-09 1.76938e-09 1.40939e-09 1.12127e-09 8.90977e-10 7.0716e-10 5.60627e-10 4.43966e-10 3.512e-10 2.77525e-10 2.19079e-10 1.72768e-10 1.36112e-10 1.0713e-10 8.42405e-11 6.61804e-11 5.19453e-11 4.07363e-11 3.19185e-11 2.49882e-11 1.95465e-11 1.52775e-11 1.19313e-11 9.31082e-12 7.26031e-12 5.65714e-12 4.40473e-12 3.42711e-12 2.66459e-12 2.07028e-12 1.60743e-12 1.24723e-12 9.67099e-13 7.49404e-13 5.80343e-13 4.4914e-13 3.47385e-13 2.68521e-13 2.07438e-13 1.60156e-13 1.2358e-13 9.5303e-14 7.34554e-14 5.65851e-14 4.35658e-14 3.35242e-14 2.57836e-14 1.982e-14 1.52281e-14
1.737e-06 1.94794e-06 2.37947e-06 2.71005e-06 2.93945e-06 3.07384e-06 3.12342e-06 3.10064e-06 3.01873e-06 2.89075e-06 2.72887e-06 2.54395e-06 2.34537e-06 2.14093e-06 1.9369e-06 1.73813e-06 1.54824e-06 1.36974e-06 1.20424e-06 1.05261e-06 9.15103e-07 7.91563e-07 6.81479e-07 5.84114e-07 4.98578e-07 4.23901e-07 3.59072e-07 3.03091e-07 2.54984e-07 2.13834e-07 1.78783e-07 1.49048e-07 1.23916e-07 1.02752e-07 8.4987e-08 7.0124e-08 5.77261e-08 4.74142e-08 3.88609e-08 3.17848e-08 2.59454e-08 2.11381e-08 1.71897e-08 1.39537e-08 1.13072e-08 9.14737e-09 7.38804e-09 5.9577e-09 4.79694e-09 3.85661e-09 3.09616e-09 2.48218e-09 1.98725e-09 1.5889e-09 1.26878e-09 1.01188e-09 8.06014e-10 6.4127e-10 5.09608e-10 4.04521e-10 3.2075e-10 2.54054e-10 2.01016e-10 1.58887e-10 1.25462e-10 9.8971e-11 7.79991e-11 6.14136e-11 4.83104e-11 3.79689e-11 2.98149e-11 2.33919e-11 1.83372e-11 1.43629e-11 1.12408e-11 8.79042e-12 6.86885e-12 5.36324e-12 4.18452e-12 3.26245e-12 2.54173e-12 1.97883e-12 1.53952e-12 1.19692e-12 9.29938e-13 7.22033e-13 5.60245e-13 4.34433e-13 3.36663e-13 2.60736e-13 2.0181e-13 1.56109e-13 1.20686e-13 9.3247e-14 7.20057e-14 5.55721e-14 4.28654e-14 3.30463e-14 2.54628e-14 1.96092e-14 1.50935e-14
1.22311e-06 1.40584e-06 1.73793e-06 1.99908e-06 2.1871e-06 2.30489e-06 2.35877e-06 2.35705e-06 2.30901e-06 2.22407e-06 2.1112e-06 1.9786e-06 1.83345e-06 1.68183e-06 1.52874e-06 1.37813e-06 1.23301e-06 1.09554e-06 9.67204e-07 8.48857e-07 7.40903e-07 6.43367e-07 5.55994e-07 4.78326e-07 4.09767e-07 3.49633e-07 2.97198e-07 2.51724e-07 2.12484e-07 1.78783e-07 1.49965e-07 1.25424e-07 1.04605e-07 8.70084e-08 7.21863e-08 5.97419e-08 4.93261e-08 4.06339e-08 3.34004e-08 2.73968e-08 2.24269e-08 1.83226e-08 1.49412e-08 1.21616e-08 9.88168e-09 8.01545e-09 6.49092e-09 5.24794e-09 4.23639e-09 3.41467e-09 2.7483e-09 2.20883e-09 1.7728e-09 1.42093e-09 1.13742e-09 9.09308e-10 7.26046e-10 5.79019e-10 4.61221e-10 3.66967e-10 2.91647e-10 2.31533e-10 1.83613e-10 1.45459e-10 1.15116e-10 9.10121e-11 7.1885e-11 5.67236e-11 4.47181e-11 3.52215e-11 2.77168e-11 2.17921e-11 1.71191e-11 1.3437e-11 1.05381e-11 8.25795e-12 6.46605e-12 5.05905e-12 3.95519e-12 3.08988e-12 2.41211e-12 1.88166e-12 1.46682e-12 1.14264e-12 8.89504e-13 6.91981e-13 5.37965e-13 4.17958e-13 3.24515e-13 2.51805e-13 1.95266e-13 1.5133e-13 1.1721e-13 9.07299e-14 7.01915e-14 5.42715e-14 4.19388e-14 3.23907e-14 2.50028e-14 1.92897e-14 1.48742e-14
8.61256e-07 1.014e-06 1.26839e-06 1.47329e-06 1.62562e-06 1.7263e-06 1.77904e-06 1.78932e-06 1.76355e-06 1.70847e-06 1.63065e-06 1.53622e-06 1.43066e-06 1.31867e-06 1.20422e-06 1.09046e-06 9.79887e-07 8.74329e-07 7.75081e-07 6.8297e-07 5.98444e-07 5.21646e-07 4.52487e-07 3.907e-07 3.35897e-07 2.87609e-07 2.45317e-07 2.08483e-07 1.76568e-07 1.49048e-07 1.25424e-07 1.0523e-07 8.80357e-08 7.34504e-08 6.11217e-08 5.07352e-08 4.20126e-08 3.47093e-08 2.86119e-08 2.35353e-08 1.93195e-08 1.58273e-08 1.29415e-08 1.05622e-08 8.60491e-09 6.99815e-09 5.68184e-09 4.6056e-09 3.72733e-09 3.01191e-09 2.43019e-09 1.95799e-09 1.57532e-09 1.26571e-09 1.01559e-09 8.13847e-10 6.51356e-10 5.20668e-10 4.15702e-10 3.31509e-10 2.64067e-10 2.10111e-10 1.66999e-10 1.32592e-10 1.05164e-10 8.33259e-11 6.59571e-11 5.21581e-11 4.1207e-11 3.25249e-11 2.56488e-11 2.02084e-11 1.5908e-11 1.25121e-11 9.83292e-12 7.72107e-12 6.0579e-12 4.74925e-12 3.72041e-12 2.91223e-12 2.27792e-12 1.78046e-12 1.39063e-12 1.08539e-12 8.46563e-13 6.59836e-13 5.13951e-13 4.00056e-13 3.11199e-13 2.41924e-13 1.87953e-13 1.45932e-13 1.13237e-13 8.78145e-14 6.80596e-14 5.27183e-14 4.08119e-14 3.15768e-14 2.4418e-14 1.88719e-14 1.45776e-14
6.06454e-07 7.30964e-07 9.25038e-07 1.08485e-06 1.20708e-06 1.29151e-06 1.34017e-06 1.35656e-06 1.34505e-06 1.31044e-06 1.25749e-06 1.19077e-06 1.11442e-06 1.03207e-06 9.46804e-07 8.61164e-07 7.77161e-07 6.96331e-07 6.1979e-07 5.4829e-07 4.82282e-07 4.21972e-07 3.67373e-07 3.18349e-07 2.74659e-07 2.35986e-07 2.01967e-07 1.72213e-07 1.46326e-07 1.23916e-07 1.04605e-07 8.80357e-08 7.38763e-08 6.18227e-08 5.15985e-08 4.29557e-08 3.56732e-08 2.95559e-08 2.44323e-08 2.0153e-08 1.65884e-08 1.36267e-08 1.1172e-08 9.14215e-09 7.46748e-09 6.08881e-09 4.9562e-09 4.02758e-09 3.2677e-09 2.64705e-09 2.14104e-09 1.72922e-09 1.39461e-09 1.12319e-09 9.03364e-10 7.25609e-10 5.82084e-10 4.66364e-10 3.73195e-10 2.98285e-10 2.38135e-10 1.89899e-10 1.51267e-10 1.20364e-10 9.56731e-11 7.59691e-11 6.02624e-11 4.7756e-11 3.78086e-11 2.9905e-11 2.36317e-11 1.86575e-11 1.47173e-11 1.15991e-11 9.13383e-12 7.18651e-12 5.64973e-12 4.43802e-12 3.48344e-12 2.73207e-12 2.14115e-12 1.67679e-12 1.31217e-12 1.02611e-12 8.01841e-13 6.26156e-13 4.8863e-13 3.81055e-13 2.96968e-13 2.31286e-13 1.80016e-13 1.40024e-13 1.0885e-13 8.45643e-14 6.5658e-14 5.09487e-14 3.95118e-14 3.06248e-14 2.37233e-14 1.8367e-14 1.42123e-14
