0.369942 0.0187953 0.0123741 0.00876362 0.00653691 0.00505614 0.0040122 0.00324303 0.00265719 0.00219963 0.00183532 0.00154087 0.00130005 0.00110121 0.000935777 0.000797256 0.00068066 0.000582082 0.000498421 0.000427184 0.000366347 0.000314251 0.000269525 0.000231029 0.000197807 0.000169056 0.000144096 0.000122345 0.00010331 8.6562e-05 7.48097e-05
0.0187953 0.00225574 0.00137442 0.000895454 0.00061436 0.00043853 0.000322699 0.000243142 0.000186629 0.000145379 0.000114596 9.12055e-05 7.31663e-05 5.90813e-05 4.79693e-05 3.9126e-05 3.20352e-05 2.63129e-05 2.16687e-05 1.78806e-05 1.47767e-05 1.2223e-05 1.01137e-05 8.36522e-06 6.91065e-06 5.69642e-06 4.67943e-06 3.82493e-06 3.10504e-06 2.49766e-06 2.10788e-06
0.0123741 0.00137442 0.000803677 0.000507203 0.000340104 0.000238973 0.000174013 0.000130216 9.95144e-05 7.73109e-05 6.08471e-05 4.8391e-05 3.88118e-05 3.13458e-05 2.54619e-05 2.07815e-05 1.70292e-05 1.40006e-05 1.15417e-05 9.53519e-06 7.89022e-06 6.53607e-06 5.41704e-06 4.489e-06 3.71675e-06 3.07209e-06 2.53233e-06 2.0793e-06 1.69853e-06 1.41175e-06 1.19229e-06
0.00876362 0.000895454 0.000507203 0.000312215 0.000205671 0.000142821 0.00010323 7.69068e-05 5.86284e-05 4.54914e-05 3.57884e-05 2.84645e-05 2.28394e-05 1.84576e-05 1.50047e-05 1.22575e-05 1.00542e-05 8.27483e-06 6.82941e-06 5.64917e-06 4.68106e-06 3.88369e-06 3.22451e-06 2.67767e-06 2.2226e-06 1.84278e-06 1.52497e-06 1.2586e-06 1.04822e-06 8.71289e-07 7.36133e-07
0.00653691 0.00061436 0.000340104 0.000205671 0.000133842 9.22406e-05 6.63868e-05 4.93528e-05 3.75917e-05 2.91662e-05 2.29534e-05 1.82669e-05 1.46675e-05 1.18628e-05 9.65149e-06 7.89109e-06 6.47828e-06 5.33663e-06 4.40868e-06 3.65057e-06 3.02844e-06 2.51586e-06 2.09199e-06 1.74034e-06 1.44771e-06 1.20355e-06 9.99413e-07 8.33629e-07 6.94421e-07 5.77236e-07 4.8775e-07
0.00505614 0.00043853 0.000238973 0.000142821 9.22406e-05 6.33047e-05 4.5475e-05 3.37885e-05 2.57414e-05 1.99827e-05 1.57367e-05 1.25326e-05 1.00702e-05 8.15007e-06 6.6351e-06 5.42822e-06 4.45906e-06 3.67551e-06 3.03835e-06 2.51763e-06 2.0902e-06 1.73797e-06 1.4467e-06 1.20505e-06 1.00402e-06 8.36345e-07 6.98267e-07 5.82539e-07 4.85308e-07 4.03422e-07 3.40853e-07
0.0040122 0.000322699 0.000174013 0.00010323 6.63868e-05 4.5475e-05 3.2653e-05 2.42696e-05 1.85013e-05 1.43725e-05 1.13263e-05 9.02558e-06 7.25596e-06 5.87501e-06 4.78475e-06 3.91577e-06 3.21766e-06 2.65307e-06 2.19386e-06 1.81853e-06 1.51042e-06 1.25653e-06 1.04659e-06 8.72463e-07 7.27635e-07 6.07703e-07 5.07414e-07 4.23339e-07 3.52687e-07 2.93178e-07 2.47655e-07
0.00324303 0.000243142 0.000130216 7.69068e-05 4.93528e-05 3.37885e-05 2.42696e-05 1.80506e-05 1.37703e-05 1.07041e-05 8.43972e-06 6.728e-06 5.4104e-06 4.38157e-06 3.56895e-06 2.92105e-06 2.40046e-06 1.97939e-06 1.63691e-06 1.35699e-06 1.12724e-06 9.37951e-07 7.81464e-07 6.51705e-07 5.44145e-07 4.54442e-07 3.79434e-07 3.16554e-07 2.63715e-07 2.19213e-07 1.85124e-07
0.00265719 0.000186629 9.95144e-05 5.86284e-05 3.75917e-05 2.57414e-05 1.85013e-05 1.37703e-05 1.05115e-05 8.17476e-06 6.44747e-06 5.14074e-06 4.13431e-06 3.34815e-06 2.72705e-06 2.2318e-06 1.83385e-06 1.51201e-06 1.25027e-06 1.03639e-06 8.60875e-07 7.16309e-07 5.96834e-07 4.97932e-07 4.15697e-07 3.47129e-07 2.89804e-07 2.41756e-07 2.01389e-07 1.67398e-07 1.41323e-07
0.00219963 0.000145379 7.73109e-05 4.54914e-05 2.91662e-05 1.99827e-05 1.43725e-05 1.07041e-05 8.17476e-06 6.35932e-06 5.01629e-06 3.99966e-06 3.21637e-06 2.60438e-06 2.12087e-06 1.73534e-06 1.4256e-06 1.17514e-06 9.71509e-07 8.05156e-07 6.68687e-07 5.56319e-07 4.63543e-07 3.86649e-07 3.22731e-07 2.69453e-07 2.24923e-07 1.8761e-07 1.5627e-07 1.29888e-07 1.09621e-07
0.00183532 0.000114596 6.08471e-05 3.57884e-05 2.29534e-05 1.57367e-05 1.13263e-05 8.43972e-06 6.44747e-06 5.01629e-06 3.95684e-06 3.15455e-06 2.53627e-06 2.05319e-06 1.67155e-06 1.36731e-06 1.12292e-06 9.25373e-07 7.64806e-07 6.33678e-07 5.26145e-07 4.37659e-07 3.64576e-07 3.04025e-07 2.53711e-07 2.11785e-07 1.76756e-07 1.47414e-07 1.22776e-07 1.02043e-07 8.60927e-08
0.00154087 9.12055e-05 4.8391e-05 2.84645e-05 1.82669e-05 1.25326e-05 9.02558e-06 6.728e-06 5.14074e-06 3.99966e-06 3.15455e-06 2.51441e-06 2.02105e-06 1.63561e-06 1.33115e-06 1.0885e-06 8.93645e-07 7.36187e-07 6.08251e-07 5.03811e-07 4.18208e-07 3.4777e-07 2.89615e-07 2.41451e-07 2.01445e-07 1.68121e-07 1.40289e-07 1.16983e-07 9.7421e-08 8.09645e-08 6.82878e-08
0.00130005 7.31663e-05 3.88118e-05 2.28394e-05 1.46675e-05 1.00702e-05 7.25596e-06 5.4104e-06 4.13431e-06 3.21637e-06 2.53627e-06 2.02105e-06 1.62399e-06 1.31382e-06 1.06888e-06 8.73715e-07 7.17054e-07 5.90503e-07 4.87719e-07 4.03849e-07 3.35121e-07 2.78592e-07 2.31938e-07 1.93314e-07 1.61244e-07 1.34541e-07 1.12247e-07 9.35861e-08 7.79279e-08 6.47603e-08 5.46039e-08
0.00110121 5.90813e-05 3.13458e-05 1.84576e-05 1.18628e-05 8.15007e-06 5.87501e-06 4.38157e-06 3.34815e-06 2.60438e-06 2.05319e-06 1.63561e-06 1.31382e-06 1.0625e-06 8.6409e-07 7.06057e-07 5.79245e-07 4.76844e-07 3.93709e-07 3.25894e-07 2.70344e-07 2.24672e-07 1.86993e-07 1.55812e-07 1.29932e-07 1.08391e-07 9.04133e-08 7.53706e-08 6.27531e-08 5.21464e-08 4.39552e-08
0.000935777 4.79693e-05 2.54619e-05 1.50047e-05 9.65149e-06 6.6351e-06 4.78475e-06 3.56895e-06 2.72705e-06 2.12087e-06 1.67155e-06 1.33115e-06 1.06888e-06 8.6409e-07 7.02467e-07 5.73777e-07 4.70549e-07 3.87227e-07 3.19604e-07 2.64464e-07 2.19314e-07 1.82207e-07 1.51606e-07 1.26292e-07 1.0529e-07 8.78151e-08 7.32366e-08 6.10425e-08 5.08181e-08 4.22261e-08 3.55829e-08
0.000797256 3.9126e-05 2.07815e-05 1.22575e-05 7.89109e-06 5.42822e-06 3.91577e-06 2.92105e-06 2.2318e-06 1.73534e-06 1.36731e-06 1.0885e-06 8.73715e-07 7.06057e-07 5.73777e-07 4.68488e-07 3.84065e-07 3.15943e-07 2.60679e-07 2.15633e-07 1.78763e-07 1.48473e-07 1.23503e-07 1.02854e-07 8.57291e-08 7.14857e-08 5.96072e-08 4.96751e-08 4.13502e-08 3.43569e-08 2.89437e-08
0.00068066 3.20352e-05 1.70292e-05 1.00542e-05 6.47828e-06 4.45906e-06 3.21766e-06 2.40046e-06 1.83385e-06 1.4256e-06 1.12292e-06 8.93645e-07 7.17054e-07 5.79245e-07 4.70549e-07 3.84065e-07 3.14741e-07 2.58825e-07 2.1348e-07 1.76534e-07 1.46304e-07 1.21478e-07 1.0102e-07 8.41094e-08 7.00888e-08 5.84318e-08 4.87137e-08 4.05909e-08 3.37848e-08 2.80693e-08 2.36404e-08
0.000582082 2.63129e-05 1.40006e-05 8.27483e-06 5.33663e-06 3.67551e-06 2.65307e-06 1.97939e-06 1.51201e-06 1.17514e-06 9.25373e-07 7.36187e-07 5.90503e-07 4.76844e-07 3.87227e-07 3.15943e-07 2.58825e-07 2.12772e-07 1.75438e-07 1.4503e-07 1.20159e-07 9.97414e-08 8.29223e-08 6.90238e-08 5.75049e-08 4.79311e-08 3.99525e-08 3.32859e-08 2.77018e-08 2.30141e-08 1.93778e-08
0.000498421 2.16687e-05 1.15417e-05 6.82941e-06 4.40868e-06 3.03835e-06 2.19386e-06 1.63691e-06 1.25027e-06 9.71509e-07 7.64806e-07 6.08251e-07 4.87719e-07 3.93709e-07 3.19604e-07 2.60679e-07 2.1348e-07 1.75438e-07 1.44609e-07 1.19509e-07 9.89861e-08 8.21437e-08 6.82745e-08 5.68175e-08 4.73252e-08 3.94386e-08 3.28681e-08 2.73798e-08 2.27843e-08 1.89276e-08 1.59331e-08
0.000427184 1.78806e-05 9.53519e-06 5.64917e-06 3.65057e-06 2.51763e-06 1.81853e-06 1.35699e-06 1.03639e-06 8.05156e-07 6.33678e-07 5.03811e-07 4.03849e-07 3.25894e-07 2.64464e-07 2.15633e-07 1.76534e-07 1.4503e-07 1.19509e-07 9.87363e-08 8.17583e-08 6.78294e-08 5.6363e-08 4.68941e-08 3.90514e-08 3.25374e-08 2.71123e-08 2.25821e-08 1.879e-08 1.56086e-08 1.3136e-08
0.000366347 1.47767e-05 7.89022e-06 4.68106e-06 3.02844e-06 2.0902e-06 1.51042e-06 1.12724e-06 8.60875e-07 6.68687e-07 5.26145e-07 4.18208e-07 3.35121e-07 2.70344e-07 2.19314e-07 1.78763e-07 1.46304e-07 1.20159e-07 9.89861e-08 8.17583e-08 6.76818e-08 5.6137e-08 4.66361e-08 3.87927e-08 3.22984e-08 2.6906e-08 2.24163e-08 1.86684e-08 1.55321e-08 1.29016e-08 1.08554e-08
0.000314251 1.2223e-05 6.53607e-06 3.88369e-06 2.51586e-06 1.73797e-06 1.25653e-06 9.37951e-07 7.16309e-07 5.56319e-07 4.37659e-07 3.4777e-07 2.78592e-07 2.24672e-07 1.82207e-07 1.48473e-07 1.21478e-07 9.97414e-08 8.21437e-08 6.78294e-08 5.6137e-08 4.65503e-08 3.86632e-08 3.2154e-08 2.67659e-08 2.22933e-08 1.85705e-08 1.54637e-08 1.28647e-08 1.06854e-08 8.98873e-09
0.000269525 1.01137e-05 5.41704e-06 3.22451e-06 2.09199e-06 1.4467e-06 1.04659e-06 7.81464e-07 5.96834e-07 4.63543e-07 3.64576e-07 2.89615e-07 2.31938e-07 1.86993e-07 1.51606e-07 1.23503e-07 1.0102e-07 8.29223e-08 6.82745e-08 5.6363e-08 4.66361e-08 3.86632e-08 3.21057e-08 2.66951e-08 2.22177e-08 1.85021e-08 1.54102e-08 1.28307e-08 1.06733e-08 8.86485e-09 7.45569e-09
0.000231029 8.36522e-06 4.489e-06 2.67767e-06 1.74034e-06 1.20505e-06 8.72463e-07 6.51705e-07 4.97932e-07 3.86649e-07 3.04025e-07 2.41451e-07 1.93314e-07 1.55812e-07 1.26292e-07 1.02854e-07 8.41094e-08 6.90238e-08 5.68175e-08 4.68941e-08 3.87927e-08 3.2154e-08 2.66951e-08 2.21923e-08 1.8467e-08 1.53763e-08 1.2805e-08 1.06604e-08 8.86722e-09 7.3645e-09 6.19265e-09
0.000197807 6.91065e-06 3.71675e-06 2.2226e-06 1.44771e-06 1.00402e-06 7.27635e-07 5.44145e-07 4.15697e-07 3.22731e-07 2.53711e-07 2.01445e-07 1.61244e-07 1.29932e-07 1.0529e-07 8.57291e-08 7.00888e-08 5.75049e-08 4.73252e-08 3.90514e-08 3.22984e-08 2.67659e-08 2.22177e-08 1.8467e-08 1.53646e-08 1.27913e-08 1.06511e-08 8.86631e-09 7.37437e-09 6.1244e-09 5.14896e-09
0.000169056 5.69642e-06 3.07209e-06 1.84278e-06 1.20355e-06 8.36345e-07 6.07703e-07 4.54442e-07 3.47129e-07 2.69453e-07 2.11785e-07 1.68121e-07 1.34541e-07 1.08391e-07 8.78151e-08 7.14857e-08 5.84318e-08 4.79311e-08 3.94386e-08 3.25374e-08 2.6906e-08 2.22933e-08 1.85021e-08 1.53763e-08 1.27913e-08 1.06477e-08 8.86511e-09 7.37897e-09 6.13691e-09 5.09651e-09 4.2841e-09
0.000144096 4.67943e-06 2.53233e-06 1.52497e-06 9.99413e-07 6.98267e-07 5.07414e-07 3.79434e-07 2.89804e-07 2.24923e-07 1.76756e-07 1.40289e-07 1.12247e-07 9.04133e-08 7.32366e-08 5.96072e-08 4.87137e-08 3.99525e-08 3.28681e-08 2.71123e-08 2.24163e-08 1.85705e-08 1.54102e-08 1.2805e-08 1.06511e-08 8.86511e-09 7.38028e-09 6.14258e-09 5.10835e-09 4.2422e-09 3.56548e-09
0.000122345 3.82493e-06 2.0793e-06 1.2586e-06 8.33629e-07 5.82539e-07 4.23339e-07 3.16554e-07 2.41756e-07 1.8761e-07 1.47414e-07 1.16983e-07 9.35861e-08 7.53706e-08 6.10425e-08 4.96751e-08 4.05909e-08 3.32859e-08 2.73798e-08 2.25821e-08 1.86684e-08 1.54637e-08 1.28307e-08 1.06604e-08 8.86631e-09 7.37897e-09 6.14258e-09 5.11213e-09 4.2512e-09 3.5303e-09 2.96681e-09
0.00010331 3.10504e-06 1.69853e-06 1.04822e-06 6.94421e-07 4.85308e-07 3.52687e-07 2.63715e-07 2.01389e-07 1.5627e-07 1.22776e-07 9.7421e-08 7.79279e-08 6.27531e-08 5.08181e-08 4.13502e-08 3.37848e-08 2.77018e-08 2.27843e-08 1.879e-08 1.55321e-08 1.28647e-08 1.06733e-08 8.86722e-09 7.37437e-09 6.13691e-09 5.10835e-09 4.2512e-09 3.53515e-09 2.93561e-09 2.46684e-09
8.6562e-05 2.49766e-06 1.41175e-06 8.71289e-07 5.77236e-07 4.03422e-07 2.93178e-07 2.19213e-07 1.67398e-07 1.29888e-07 1.02043e-07 8.09645e-08 6.47603e-08 5.21464e-08 4.22261e-08 3.43569e-08 2.80693e-08 2.30141e-08 1.89276e-08 1.56086e-08 1.29016e-08 1.06854e-08 8.86485e-09 7.3645e-09 6.1244e-09 5.09651e-09 4.2422e-09 3.5303e-09 2.93561e-09 2.43773e-09 2.04837e-09
7.48097e-05 2.10788e-06 1.19229e-06 7.36133e-07 4.8775e-07 3.40853e-07 2.47655e-07 1.85124e-07 1.41323e-07 1.09621e-07 8.60927e-08 6.82878e-08 5.46039e-08 4.39552e-08 3.55829e-08 2.89437e-08 2.36404e-08 1.93778e-08 1.59331e-08 1.3136e-08 1.08554e-08 8.98873e-09 7.45569e-09 6.19265e-09 5.14896e-09 4.2841e-09 3.56548e-09 2.96681e-09 2.46684e-09 2.04837e-09 1.72086e-09
