0.0170474 0.0125014 0.00916773 0.006723 0.0049302 0.00361548 0.00265135 0.00194433 0.00142584 0.00104561 0.000766784 0.000562308 0.00041236 0.000302397 0.000221758 0.000162622 0.000119256 8.74547e-05 6.41334e-05 4.70312e-05 3.44895e-05 2.52923e-05 1.85477e-05 1.36017e-05 9.97455e-06 7.31467e-06 5.36409e-06 3.93367e-06 2.88469e-06 2.11544e-06 1.55132e-06 1.13764e-06 8.34266e-07 6.11795e-07 4.4865e-07 3.2901e-07 2.41274e-07 1.76934e-07 1.29752e-07 9.51513e-08 6.97776e-08 5.11702e-08 3.75248e-08 2.75182e-08 2.018e-08 1.47987e-08 1.08524e-08 7.9584e-09 5.83616e-09 4.27985e-09 3.13856e-09 2.30161e-09 1.68785e-09 1.23775e-09 9.07687e-10 6.65637e-10 4.88134e-10 3.57965e-10 2.62507e-10 1.92505e-10 1.41171e-10 1.03525e-10 7.59184e-11 5.56735e-11 4.08273e-11 2.994e-11 2.1956e-11 1.61011e-11 1.18074e-11 8.65879e-12 6.34978e-12 4.65651e-12 3.41477e-12 2.50417e-12 1.83639e-12 1.34668e-12 9.87569e-13 7.24217e-13 5.31092e-13 3.89468e-13 2.8561e-13 2.09447e-13 1.53595e-13 1.12636e-13 8.25997e-14 6.05731e-14 4.44203e-14 3.25749e-14 2.38883e-14 1.75181e-14 1.28466e-14 9.42082e-15 6.9086e-15 5.06631e-15 3.71529e-15 2.72455e-15 1.998e-15 1.4652e-15 1.07448e-15 7.87953e-16 5.77832e-16
0.0125014 0.0100894 0.00807475 0.00641712 0.00506936 0.00398408 0.00311712 0.00242923 0.00188655 0.00146056 0.00112761 0.000868366 0.000667203 0.000511576 0.000391504 0.000299092 0.000228126 0.00017374 0.000132137 0.000100368 7.61459e-05 5.7705e-05 4.36844e-05 3.3038e-05 2.49632e-05 1.88456e-05 1.42156e-05 1.07148e-05 8.07015e-06 6.07407e-06 4.56869e-06 3.43424e-06 2.57995e-06 1.93706e-06 1.45359e-06 1.09022e-06 8.17283e-07 6.12385e-07 4.58648e-07 3.43357e-07 2.56939e-07 1.92195e-07 1.43709e-07 1.07415e-07 8.02591e-08 5.99477e-08 4.47617e-08 3.3412e-08 2.49324e-08 1.85993e-08 1.38708e-08 1.03416e-08 7.7083e-09 5.744e-09 4.27919e-09 3.18714e-09 2.37322e-09 1.76675e-09 1.31497e-09 9.78506e-10 7.27978e-10 5.41483e-10 4.02684e-10 2.99406e-10 2.22575e-10 1.65429e-10 1.22933e-10 9.13379e-11 6.78516e-11 5.03962e-11 3.74253e-11 2.77885e-11 2.063e-11 1.53133e-11 1.13651e-11 8.43371e-12 6.25753e-12 4.64225e-12 3.44347e-12 2.55392e-12 1.89393e-12 1.40432e-12 1.04116e-12 7.71822e-13 5.72093e-13 4.24e-13 3.14208e-13 2.32821e-13 1.72496e-13 1.27789e-13 9.4659e-14 7.01111e-14 5.19241e-14 3.84512e-14 2.84715e-14 2.10799e-14 1.56059e-14 1.15524e-14 8.55094e-15 6.32878e-15 4.68371e-15
0.00916773 0.00807475 0.00696259 0.00590592 0.00494449 0.00409549 0.0033621 0.00273918 0.00221715 0.00178443 0.001429 0.0011393 0.000904726 0.000715886 0.00056463 0.00044402 0.000348232 0.000272432 0.000212644 0.000165625 0.000128749 9.99003e-05 7.73827e-05 5.98444e-05 4.62113e-05 3.56334e-05 2.744e-05 2.11039e-05 1.62114e-05 1.2439e-05 9.53422e-06 7.30027e-06 5.5843e-06 4.26771e-06 3.25863e-06 2.48604e-06 1.89508e-06 1.44348e-06 1.09867e-06 8.35634e-07 6.35134e-07 4.82422e-07 3.66196e-07 2.77801e-07 2.10619e-07 1.59593e-07 1.20863e-07 9.14828e-08 6.92093e-08 5.23328e-08 3.95526e-08 2.98796e-08 2.25621e-08 1.70292e-08 1.28477e-08 9.68896e-09 7.30393e-09 5.50388e-09 4.14589e-09 3.12182e-09 2.34987e-09 1.76819e-09 1.33005e-09 1.00015e-09 7.51838e-10 5.65e-10 4.24464e-10 3.1879e-10 2.39356e-10 1.79664e-10 1.34822e-10 1.01144e-10 7.58594e-11 5.6881e-11 4.26399e-11 3.19565e-11 2.39441e-11 1.79365e-11 1.34331e-11 1.00582e-11 7.52951e-12 5.63535e-12 4.21682e-12 3.15471e-12 2.35965e-12 1.76461e-12 1.31937e-12 9.8629e-13 7.37158e-13 5.50855e-13 4.11564e-13 3.0744e-13 2.2962e-13 1.71469e-13 1.28024e-13 9.55707e-14 7.13329e-14 5.32337e-14 3.97207e-14 2.96334e-14 2.21046e-14
0.006723 0.00641712 0.00590592 0.00529412 0.00465153 0.00402277 0.00343452 0.00290108 0.00242839 0.00201694 0.00166387 0.00136443 0.00111295 0.000903518 0.000730358 0.000588091 0.000471858 0.000377368 0.000300896 0.000239257 0.000189756 0.000150137 0.000118524 9.33727e-05 7.3414e-05 5.7615e-05 4.51373e-05 3.53038e-05 2.75696e-05 2.14979e-05 1.674e-05 1.30177e-05 1.01102e-05 7.8426e-06 6.07656e-06 4.70299e-06 3.63605e-06 2.80831e-06 2.16689e-06 1.67041e-06 1.28652e-06 9.90003e-07 7.61191e-07 5.84794e-07 4.48926e-07 3.44368e-07 2.63972e-07 2.02204e-07 1.54785e-07 1.18409e-07 9.05242e-08 6.91639e-08 5.28125e-08 4.03037e-08 3.07404e-08 2.34336e-08 1.78542e-08 1.35962e-08 1.03486e-08 7.87286e-09 5.9866e-09 4.55018e-09 3.45687e-09 2.62512e-09 1.99265e-09 1.51193e-09 1.14673e-09 8.69394e-10 6.5888e-10 4.99152e-10 3.78008e-10 2.86163e-10 2.16558e-10 1.63828e-10 1.23896e-10 9.3666e-11 7.07896e-11 5.34837e-11 4.03962e-11 3.05021e-11 2.30246e-11 1.73751e-11 1.31082e-11 9.88641e-12 7.45446e-12 5.61926e-12 4.23476e-12 3.19057e-12 2.40325e-12 1.80977e-12 1.36252e-12 1.02556e-12 7.71753e-13 5.80626e-13 4.36734e-13 3.2843e-13 2.46931e-13 1.85616e-13 1.39497e-13 1.04815e-13 7.87405e-14
0.0049302 0.00506936 0.00494449 0.00465153 0.00426141 0.00382505 0.00337781 0.0029432 0.00253587 0.00216408 0.00183154 0.00153887 0.00128468 0.00106633 0.000880525 0.000723701 0.000592275 0.000482827 0.000392192 0.000317515 0.000256267 0.000206242 0.000165538 0.000132536 0.000105865 8.43736e-05 6.71055e-05 5.32665e-05 4.22029e-05 3.33782e-05 2.63544e-05 2.07755e-05 1.63527e-05 1.28528e-05 1.00879e-05 7.90736e-06 6.19027e-06 4.84015e-06 3.78007e-06 2.94886e-06 2.29795e-06 1.78886e-06 1.39116e-06 1.08083e-06 8.3895e-07 6.50614e-07 5.04121e-07 3.90284e-07 3.01909e-07 2.33361e-07 1.8024e-07 1.39108e-07 1.07286e-07 8.26866e-08 6.36843e-08 4.90169e-08 3.77036e-08 2.89836e-08 2.22669e-08 1.70967e-08 1.31196e-08 1.0062e-08 7.71286e-09 5.90905e-09 4.52477e-09 3.46304e-09 2.64916e-09 2.02558e-09 1.54807e-09 1.18258e-09 9.02988e-10 6.89196e-10 5.25799e-10 4.00974e-10 3.05658e-10 2.32908e-10 1.77404e-10 1.35076e-10 1.02809e-10 7.82209e-11 5.94924e-11 4.52322e-11 3.43784e-11 2.61202e-11 1.98392e-11 1.50637e-11 1.14341e-11 8.67636e-12 6.58172e-12 4.99128e-12 3.78404e-12 2.86797e-12 2.17305e-12 1.64606e-12 1.24652e-12 9.43711e-13 7.14271e-13 5.40473e-13 4.08859e-13 3.09218e-13 2.33802e-13
0.00361548 0.00398408 0.00409549 0.00402277 0.00382505 0.00354877 0.00322926 0.00289258 0.0025572 0.00223563 0.0019358 0.00166215 0.00141663 0.00119942 0.0010095 0.000845088 0.000704002 0.00058385 0.000482214 0.000396759 0.000325299 0.000265837 0.00021658 0.000175945 0.000142551 0.000115203 9.28802e-05 7.47144e-05 5.99736e-05 4.80438e-05 3.84132e-05 3.06571e-05 2.44244e-05 1.94266e-05 1.54269e-05 1.22321e-05 9.68485e-06 7.65734e-06 6.04619e-06 4.7679e-06 3.75522e-06 2.9541e-06 2.32123e-06 1.82192e-06 1.42849e-06 1.11887e-06 8.75479e-07 6.84376e-07 5.3449e-07 4.17053e-07 3.25135e-07 2.5326e-07 1.97112e-07 1.5329e-07 1.19118e-07 9.24938e-08 7.17679e-08 5.56466e-08 4.31168e-08 3.33858e-08 2.5834e-08 1.99776e-08 1.54392e-08 1.19246e-08 9.20457e-09 7.10089e-09 5.47491e-09 4.21892e-09 3.24932e-09 2.50124e-09 1.9244e-09 1.47985e-09 1.13744e-09 8.73832e-10 6.71003e-10 5.15017e-10 3.95114e-10 3.02993e-10 2.3225e-10 1.77949e-10 1.36287e-10 1.04337e-10 7.98449e-11 6.10785e-11 4.67049e-11 3.57005e-11 2.72788e-11 2.08363e-11 1.59097e-11 1.21437e-11 9.26599e-12 7.06784e-12 5.38938e-12 4.10818e-12 3.13056e-12 2.38484e-12 1.8162e-12 1.38272e-12 1.05239e-12 8.00742e-13 6.09093e-13
0.00265135 0.00311712 0.0033621 0.00343452 0.00337781 0.00322926 0.00301966 0.0027736 0.00251007 0.00224323 0.00198321 0.00173689 0.00150858 0.00130062 0.00111391 0.000948292 0.000802901 0.000676415 0.000567245 0.000473682 0.000394002 0.00032653 0.000269691 0.000222037 0.000182257 0.000149184 0.000121788 9.91746e-05 8.05682e-05 6.53054e-05 5.28209e-05 4.26361e-05 3.43485e-05 2.76206e-05 2.21713e-05 1.77669e-05 1.42145e-05 1.13546e-05 9.05664e-06 7.21336e-06 5.73733e-06 4.55726e-06 3.61529e-06 2.86447e-06 2.26689e-06 1.7919e-06 1.41487e-06 1.11597e-06 8.79291e-07 6.92112e-07 5.44247e-07 4.27566e-07 3.35592e-07 2.63167e-07 2.06194e-07 1.61419e-07 1.26263e-07 9.86852e-08 7.70711e-08 6.01455e-08 4.69025e-08 3.65491e-08 2.84613e-08 2.21482e-08 1.72239e-08 1.33858e-08 1.03964e-08 8.06961e-09 6.2598e-09 4.85302e-09 3.76023e-09 2.91186e-09 2.25366e-09 1.7433e-09 1.3478e-09 1.04149e-09 8.04393e-10 6.2096e-10 4.79126e-10 3.69512e-10 2.84843e-10 2.19474e-10 1.69032e-10 1.30125e-10 1.00131e-10 7.7018e-11 5.92155e-11 4.55095e-11 3.49619e-11 2.68484e-11 2.06098e-11 1.58148e-11 1.21309e-11 9.30177e-12 7.12986e-12 5.46315e-12 4.18461e-12 3.20419e-12 2.45265e-12 1.87676e-12 1.43563e-12
0.00194433 0.00242923 0.00273918 0.00290108 0.0029432 0.00289258 0.0027736 0.0026073 0.00241111 0.00219902 0.00198189 0.0017678 0.00156252 0.00136992 0.00119234 0.00103098 0.000886148 0.000757505 0.000644291 0.000545463 0.000459814 0.000386068 0.000322943 0.000269199 0.000223665 0.000185262 0.000153008 0.000126023 0.000103528 8.48394e-05 6.93617e-05 5.65815e-05 4.60583e-05 3.74164e-05 3.03371e-05 2.45518e-05 1.98344e-05 1.59962e-05 1.28797e-05 1.03541e-05 8.31118e-06 6.66163e-06 5.33199e-06 4.26198e-06 3.40225e-06 2.71252e-06 2.15998e-06 1.71797e-06 1.36485e-06 1.08311e-06 8.58613e-07 6.79938e-07 5.37902e-07 4.25121e-07 3.35666e-07 2.6479e-07 2.08692e-07 1.64335e-07 1.29295e-07 1.01643e-07 7.98401e-08 6.26647e-08 4.91464e-08 3.85156e-08 3.01622e-08 2.36038e-08 1.84586e-08 1.44251e-08 1.12655e-08 8.79233e-09 6.85773e-09 5.3455e-09 4.16421e-09 3.24204e-09 2.52263e-09 1.96174e-09 1.52471e-09 1.1844e-09 9.19549e-10 7.13551e-10 5.53418e-10 4.29005e-10 3.32397e-10 2.5742e-10 1.99261e-10 1.5417e-10 1.19228e-10 9.2164e-11 7.12121e-11 5.49994e-11 4.24598e-11 3.27655e-11 2.52742e-11 1.94878e-11 1.50202e-11 1.15723e-11 8.91248e-12 6.8614e-12 5.28039e-12 4.0622e-12 3.12393e-12
0.00142584 0.00188655 0.00221715 0.00242839 0.00253587 0.0025572 0.00251007 0.00241111 0.0022751 0.00211474 0.0019405 0.00176075 0.00158196 0.00140889 0.00124493 0.00109225 0.000952121 0.000825083 0.000711126 0.000609846 0.000520569 0.000442449 0.000374541 0.000315864 0.000265439 0.000222324 0.00018563 0.000154533 0.000128286 0.000106214 8.77174e-05 7.2268e-05 5.94034e-05 4.87221e-05 3.98779e-05 3.25739e-05 2.65568e-05 2.16114e-05 1.75558e-05 1.42372e-05 1.1527e-05 9.31813e-06 7.5211e-06 6.06176e-06 4.8787e-06 3.92118e-06 3.14743e-06 2.52315e-06 2.02019e-06 1.61556e-06 1.29048e-06 1.02965e-06 8.20641e-07 6.53367e-07 5.19654e-07 4.12893e-07 3.27746e-07 2.59912e-07 2.05928e-07 1.6301e-07 1.28924e-07 1.01878e-07 8.04398e-08 6.34611e-08 5.00266e-08 3.94057e-08 3.10163e-08 2.4395e-08 1.91735e-08 1.5059e-08 1.18193e-08 9.27031e-09 7.26628e-09 5.69182e-09 4.45571e-09 3.4859e-09 2.72553e-09 2.12975e-09 1.66324e-09 1.29818e-09 1.01269e-09 7.89545e-10 6.15242e-10 4.79167e-10 3.72996e-10 2.90203e-10 2.25675e-10 1.7541e-10 1.36275e-10 1.05822e-10 8.21357e-11 6.37225e-11 4.94151e-11 3.83033e-11 2.96774e-11 2.29843e-11 1.77933e-11 1.3769e-11 1.06506e-11 8.23519e-12 6.36508e-12
0.00104561 0.00146056 0.00178443 0.00201694 0.00216408 0.00223563 0.00224323 0.00219902 0.00211474 0.00200112 0.00186759 0.00172214 0.0015713 0.00142026 0.00127297 0.0011323 0.00100024 0.000878018 0.000766268 0.000665168 0.00057455 0.000493992 0.000422906 0.000360593 0.000306303 0.000259263 0.000218714 0.000183923 0.000154203 0.000128919 0.000107489 8.93919e-05 7.41594e-05 6.13789e-05 5.06874e-05 4.17688e-05 3.4349e-05 2.81917e-05 2.30945e-05 1.88845e-05 1.54151e-05 1.25619e-05 1.02202e-05 8.30206e-06 6.73373e-06 5.4537e-06 4.41077e-06 3.56242e-06 2.87343e-06 2.31473e-06 1.86235e-06 1.49658e-06 1.20124e-06 9.63088e-07 7.71302e-07 6.17045e-07 4.93125e-07 3.93692e-07 3.13998e-07 2.50195e-07 1.99171e-07 1.58407e-07 1.25874e-07 9.99361e-08 7.92756e-08 6.28344e-08 4.97628e-08 3.93794e-08 3.11385e-08 2.46037e-08 1.94259e-08 1.53268e-08 1.20841e-08 9.52084e-09 7.49625e-09 5.89829e-09 4.63795e-09 3.64461e-09 2.86223e-09 2.24644e-09 1.76208e-09 1.38134e-09 1.08224e-09 8.47433e-10 6.63202e-10 5.1874e-10 4.05529e-10 3.1686e-10 2.47451e-10 1.93148e-10 1.50687e-10 1.17504e-10 9.15837e-11 7.13477e-11 5.55572e-11 4.32417e-11 3.36412e-11 2.61606e-11 2.03346e-11 1.57994e-11 1.22704e-11
0.000766784 0.00112761 0.001429 0.00166387 0.00183154 0.0019358 0.00198321 0.00198189 0.0019405 0.00186759 0.00177116 0.00165837 0.00153541 0.00140743 0.00127862 0.00115226 0.00103079 0.000915962 0.000808926 0.000710348 0.000620507 0.000539381 0.000466726 0.000402136 0.000345098 0.000295035 0.00025134 0.000213397 0.000180608 0.000152396 0.000128223 0.00010759 9.00427e-05 7.51705e-05 6.2606e-05 5.20233e-05 4.31355e-05 3.56915e-05 2.9473e-05 2.42911e-05 1.99832e-05 1.64099e-05 1.34524e-05 1.10096e-05 8.99594e-06 7.33921e-06 5.97862e-06 4.86321e-06 3.95034e-06 3.20447e-06 2.596e-06 2.10038e-06 1.69727e-06 1.36987e-06 1.10434e-06 8.89256e-07 7.15272e-07 5.74709e-07 4.61284e-07 3.69866e-07 2.96271e-07 2.37089e-07 1.89549e-07 1.51402e-07 1.20823e-07 9.63355e-08 7.67448e-08 6.10868e-08 4.85835e-08 3.86085e-08 3.06574e-08 2.43251e-08 1.92863e-08 1.528e-08 1.20972e-08 9.57067e-09 7.56657e-09 5.97809e-09 4.71995e-09 3.72419e-09 2.93662e-09 2.31416e-09 1.82253e-09 1.43447e-09 1.12838e-09 8.87088e-10 6.96997e-10 5.47335e-10 4.29573e-10 3.36967e-10 2.64185e-10 2.07015e-10 1.62134e-10 1.2692e-10 9.93046e-11 7.76602e-11 6.07044e-11 4.74283e-11 3.70385e-11 2.89116e-11 2.25578e-11
0.000562308 0.000868366 0.0011393 0.00136443 0.00153887 0.00166215 0.00173689 0.0017678 0.00176075 0.00172214 0.00165837 0.00157554 0.00147919 0.00137415 0.00126458 0.00115386 0.00104471 0.00093922 0.000838909 0.000744833 0.000657644 0.000577671 0.000504985 0.00043946 0.000380823 0.000328701 0.00028265 0.000242192 0.00020683 0.00017607 0.000149432 0.000126459 0.000106725 8.98354e-05 7.54294e-05 6.31819e-05 5.28017e-05 4.40298e-05 3.66375e-05 3.04245e-05 2.52157e-05 2.08593e-05 1.72242e-05 1.41977e-05 1.16831e-05 9.59826e-06 7.87297e-06 6.44792e-06 5.27299e-06 4.30597e-06 3.51139e-06 2.85958e-06 2.32571e-06 1.8891e-06 1.53256e-06 1.24181e-06 1.00505e-06 8.12503e-07 6.56116e-07 5.29258e-07 4.26478e-07 3.43305e-07 2.76077e-07 2.21797e-07 1.78019e-07 1.4275e-07 1.14364e-07 9.15412e-08 7.32096e-08 5.84994e-08 4.67062e-08 3.72602e-08 2.9701e-08 2.3657e-08 1.88286e-08 1.49746e-08 1.19007e-08 9.45105e-09 7.50038e-09 5.94824e-09 4.71413e-09 3.73359e-09 2.9551e-09 2.33744e-09 1.84772e-09 1.45971e-09 1.15249e-09 9.09392e-10 7.17154e-10 5.65232e-10 4.45243e-10 3.50533e-10 2.7582e-10 2.16916e-10 1.70502e-10 1.33951e-10 1.05182e-10 8.25504e-11 6.47568e-11 5.07741e-11 3.97918e-11
0.00041236 0.000667203 0.000904726 0.00111295 0.00128468 0.00141663 0.00150858 0.00156252 0.00158196 0.0015713 0.00153541 0.00147919 0.00140736 0.00132427 0.00123379 0.00113925 0.00104343 0.000948605 0.00085653 0.00076854 0.000685582 0.000608274 0.000536962 0.000471774 0.000412665 0.000359459 0.000311883 0.0002696 0.00023223 0.000199373 0.000170623 0.000145578 0.000123852 0.00010508 8.89187e-05 7.50542e-05 6.3199e-05 5.30935e-05 4.4505e-05 3.72262e-05 3.10739e-05 2.58872e-05 2.15251e-05 1.78651e-05 1.48011e-05 1.22416e-05 1.01078e-05 8.33262e-06 6.8585e-06 5.63666e-06 4.62571e-06 3.7907e-06 3.10215e-06 2.53527e-06 2.06929e-06 1.68682e-06 1.37336e-06 1.11681e-06 9.07125e-07 7.35975e-07 5.96456e-07 4.82865e-07 3.90495e-07 3.15472e-07 2.54607e-07 2.05285e-07 1.65359e-07 1.33074e-07 1.06995e-07 8.595e-08 6.89842e-08 5.53201e-08 4.43256e-08 3.54871e-08 2.83883e-08 2.26918e-08 1.81244e-08 1.44655e-08 1.15367e-08 9.19423e-09 7.32221e-09 5.8273e-09 4.63443e-09 3.68328e-09 2.92542e-09 2.322e-09 1.84187e-09 1.46012e-09 1.15678e-09 9.15911e-10 7.24769e-10 5.73185e-10 4.53046e-10 3.57887e-10 2.8256e-10 2.22967e-10 1.75848e-10 1.38615e-10 1.09208e-10 8.59967e-11 6.76847e-11
0.000302397 0.000511576 0.000715886 0.000903518 0.00106633 0.00119942 0.00130062 0.00136992 0.00140889 0.00142026 0.00140743 0.00137415 0.00132427 0.00126151 0.00118932 0.00111081 0.00102871 0.000945307 0.000862493 0.000781776 0.000704309 0.000630935 0.000562227 0.000498532 0.000440007 0.000386663 0.000338392 0.000294998 0.000256225 0.000221772 0.000191317 0.000164524 0.000141058 0.000120592 0.000102812 8.74242e-05 7.41522e-05 6.27433e-05 5.29666e-05 4.46137e-05 3.74974e-05 3.14512e-05 2.63272e-05 2.19957e-05 1.83427e-05 1.5269e-05 1.26883e-05 1.0526e-05 8.71803e-06 7.20922e-06 5.95242e-06 4.90743e-06 4.04008e-06 3.32137e-06 2.7268e-06 2.23572e-06 1.83071e-06 1.4972e-06 1.22296e-06 9.97762e-07 8.13091e-07 6.61854e-07 5.38154e-07 4.37105e-07 3.54657e-07 2.87467e-07 2.32773e-07 1.88301e-07 1.52181e-07 1.22874e-07 9.91211e-08 7.98882e-08 6.4331e-08 5.1759e-08 4.16091e-08 3.34221e-08 2.68245e-08 2.15123e-08 1.72387e-08 1.38037e-08 1.1045e-08 8.83115e-09 7.05601e-09 5.63374e-09 4.49506e-09 3.58411e-09 2.85587e-09 2.27412e-09 1.80971e-09 1.43924e-09 1.1439e-09 9.08615e-10 7.21294e-10 5.72255e-10 4.53749e-10 3.5958e-10 2.84795e-10 2.2544e-10 1.78359e-10 1.41035e-10 1.11464e-10
0.000221758 0.000391504 0.00056463 0.000730358 0.000880525 0.0010095 0.00111391 0.00119234 0.00124493 0.00127297 0.00127862 0.00126458 0.00123379 0.00118932 0.00113412 0.001071 0.00100247 0.000930768 0.0008578 0.000785155 0.000714118 0.000645688 0.000580612 0.000519415 0.00046243 0.00040983 0.000361662 0.000317866 0.000278305 0.000242784 0.000211066 0.00018289 0.000157979 0.000136054 0.000116836 0.000100059 8.54669e-05 7.2819e-05 6.1893e-05 5.24842e-05 4.44063e-05 3.74907e-05 3.15865e-05 2.65588e-05 2.22881e-05 1.86692e-05 1.56097e-05 1.30287e-05 1.0856e-05 9.0308e-06 7.50049e-06 6.21988e-06 5.15017e-06 4.25822e-06 3.51576e-06 2.89875e-06 2.38683e-06 1.96275e-06 1.61197e-06 1.32224e-06 1.08328e-06 8.86459e-07 7.24568e-07 5.91581e-07 4.82474e-07 3.93071e-07 3.199e-07 2.60086e-07 2.11245e-07 1.71409e-07 1.38952e-07 1.12537e-07 9.106e-08 7.36162e-08 5.9462e-08 4.79881e-08 3.86958e-08 3.11772e-08 2.50992e-08 2.01902e-08 1.62288e-08 1.30346e-08 1.04614e-08 8.39001e-09 6.72393e-09 5.38491e-09 4.30955e-09 3.4466e-09 2.75461e-09 2.2001e-09 1.75609e-09 1.4008e-09 1.11669e-09 8.89659e-10 7.08358e-10 5.6367e-10 4.48274e-10 3.56298e-10 2.83033e-10 2.24709e-10 1.78305e-10
0.000162622 0.000299092 0.00044402 0.000588091 0.000723701 0.000845088 0.000948292 0.00103098 0.00109225 0.0011323 0.00115226 0.00115386 0.00113925 0.00111081 0.001071 0.0010222 0.000966705 0.000906571 0.000843647 0.000779525 0.000715547 0.00065281 0.000592182 0.00053432 0.000479702 0.00042864 0.000381314 0.000337791 0.000298047 0.000261989 0.000229469 0.000200301 0.000174272 0.000151156 0.000130717 0.00011272 9.69371e-05 8.31463e-05 7.11385e-05 6.07182e-05 5.17039e-05 4.39295e-05 3.72436e-05 3.15095e-05 2.66048e-05 2.24199e-05 1.88578e-05 1.58328e-05 1.32696e-05 1.11024e-05 9.27382e-06 7.73395e-06 6.43971e-06 5.35394e-06 4.44468e-06 3.68457e-06 3.05019e-06 2.52161e-06 2.08188e-06 1.71662e-06 1.41368e-06 1.16277e-06 9.55254e-07 7.83862e-07 6.4249e-07 5.26032e-07 4.30217e-07 3.51481e-07 2.86859e-07 2.33881e-07 1.90498e-07 1.55012e-07 1.26017e-07 1.02351e-07 8.30536e-08 6.73347e-08 5.45432e-08 4.41439e-08 3.56974e-08 2.88434e-08 2.32866e-08 1.87855e-08 1.51427e-08 1.2197e-08 9.81699e-09 7.89559e-09 6.34569e-09 5.09642e-09 4.09025e-09 3.28048e-09 2.62927e-09 2.10593e-09 1.68567e-09 1.34842e-09 1.07796e-09 8.6122e-10 6.87641e-10 5.48718e-10 4.37605e-10 3.48789e-10 2.77842e-10
0.000119256 0.000228126 0.000348232 0.000471858 0.000592275 0.000704002 0.000802901 0.000886148 0.000952121 0.00100024 0.00103079 0.00104471 0.00104343 0.00102871 0.00100247 0.000966705 0.000923379 0.000874354 0.000821346 0.000765888 0.000709319 0.000652774 0.000597194 0.000543331 0.000491765 0.000442925 0.000397103 0.000354475 0.000315122 0.000279046 0.000246183 0.000216424 0.000189622 0.000165606 0.000144187 0.000125169 0.000108354 9.35434e-05 8.05477e-05 6.91843e-05 5.92811e-05 5.06778e-05 4.32264e-05 3.67911e-05 3.12487e-05 2.64878e-05 2.24086e-05 1.89219e-05 1.59486e-05 1.34187e-05 1.12708e-05 9.45094e-06 7.91212e-06 6.61347e-06 5.51953e-06 4.59972e-06 3.82765e-06 3.18071e-06 2.63949e-06 2.18745e-06 1.81047e-06 1.49656e-06 1.23555e-06 1.01883e-06 8.39138e-07 6.90343e-07 5.67295e-07 4.65667e-07 3.81836e-07 3.12768e-07 2.5593e-07 2.09211e-07 1.70853e-07 1.39393e-07 1.13619e-07 9.25251e-08 7.52793e-08 6.11937e-08 4.97005e-08 4.03315e-08 3.27014e-08 2.6493e-08 2.1446e-08 1.73468e-08 1.40202e-08 1.1323e-08 9.13783e-09 7.36895e-09 5.9382e-09 4.78186e-09 3.84801e-09 3.09441e-09 2.48672e-09 1.99705e-09 1.60276e-09 1.2855e-09 1.03038e-09 8.25386e-10 6.6077e-10 5.28668e-10 4.22726e-10
8.74547e-05 0.00017374 0.000272432 0.000377368 0.000482827 0.00058385 0.000676415 0.000757505 0.000825083 0.000878018 0.000915962 0.00093922 0.000948605 0.000945307 0.000930768 0.000906571 0.000874354 0.000835735 0.000792256 0.000745342 0.00069628 0.000646199 0.000596066 0.000546686 0.000498714 0.000452662 0.000408912 0.000367733 0.000329296 0.000293688 0.000260927 0.000230975 0.000203751 0.000179139 0.000157 0.000137178 0.000119511 0.000103828 8.99602e-05 7.77439e-05 6.70196e-05 5.76363e-05 4.94524e-05 4.2336e-05 3.61658e-05 3.08305e-05 2.62295e-05 2.22717e-05 1.88754e-05 1.59678e-05 1.34841e-05 1.13672e-05 9.56663e-06 8.0382e-06 6.74331e-06 5.64834e-06 4.72412e-06 3.94538e-06 3.29036e-06 2.7403e-06 2.27913e-06 1.89309e-06 1.57043e-06 1.30114e-06 1.07671e-06 8.89938e-07 7.34708e-07 6.05867e-07 4.99066e-07 4.10645e-07 3.37532e-07 2.77148e-07 2.27335e-07 1.8629e-07 1.52507e-07 1.24731e-07 1.01919e-07 8.32021e-08 6.78616e-08 5.53008e-08 4.5026e-08 3.66291e-08 2.97734e-08 2.41811e-08 1.96234e-08 1.59123e-08 1.2893e-08 1.04386e-08 8.44522e-09 6.82747e-09 5.51563e-09 4.45269e-09 3.5921e-09 2.89585e-09 2.33298e-09 1.87827e-09 1.5112e-09 1.21508e-09 9.76376e-10 7.84075e-10 6.29263e-10
6.41334e-05 0.000132137 0.000212644 0.000300896 0.000392192 0.000482214 0.000567245 0.000644291 0.000711126 0.000766268 0.000808926 0.000838909 0.00085653 0.000862493 0.0008578 0.000843647 0.000821346 0.000792256 0.000757718 0.000719019 0.000677354 0.000633805 0.000589329 0.000544753 0.000500769 0.000457948 0.000416738 0.000377482 0.000340426 0.000305732 0.000273489 0.000243726 0.000216424 0.000191522 0.000168931 0.000148537 0.000130213 0.000113821 9.92167e-05 8.62561e-05 7.47963e-05 6.4699e-05 5.58315e-05 4.80687e-05 4.12934e-05 3.5397e-05 3.02796e-05 2.585e-05 2.20255e-05 1.87315e-05 1.59009e-05 1.34742e-05 1.13981e-05 9.62578e-06 8.11581e-06 6.83188e-06 5.74221e-06 4.81911e-06 4.03851e-06 3.37953e-06 2.82416e-06 2.35687e-06 1.96431e-06 1.63502e-06 1.35923e-06 1.12857e-06 9.35925e-07 7.75259e-07 6.41438e-07 5.30123e-07 4.37645e-07 3.60913e-07 2.97322e-07 2.44683e-07 2.01162e-07 1.65218e-07 1.35566e-07 1.11131e-07 9.10149e-08 7.44726e-08 6.08825e-08 4.97288e-08 4.05836e-08 3.30923e-08 2.69615e-08 2.19486e-08 1.78535e-08 1.45111e-08 1.17853e-08 9.56428e-09 7.75606e-09 6.2851e-09 5.08944e-09 4.11833e-09 3.3302e-09 2.69105e-09 2.1731e-09 1.75368e-09 1.41429e-09 1.13985e-09 9.18079e-10
4.70312e-05 0.000100368 0.000165625 0.000239257 0.000317515 0.000396759 0.000473682 0.000545463 0.000609846 0.000665168 0.000710348 0.000744833 0.00076854 0.000781776 0.000785155 0.000779525 0.000765888 0.000745342 0.000719019 0.000688042 0.000653491 0.000616371 0.0005776 0.000537992 0.000498254 0.000458985 0.000420681 0.000383738 0.00034846 0.000315072 0.000283725 0.000254507 0.000227455 0.000202563 0.000179787 0.000159057 0.000140282 0.000123356 0.000108163 9.45816e-05 8.24872e-05 7.17565e-05 6.22687e-05 5.39076e-05 4.65626e-05 4.01295e-05 3.45113e-05 2.96183e-05 2.53681e-05 2.16856e-05 1.85028e-05 1.57583e-05 1.3397e-05 1.137e-05 9.63345e-06 8.14884e-06 6.8821e-06 5.8033e-06 4.88625e-06 4.10809e-06 3.44893e-06 2.8915e-06 2.42087e-06 2.02416e-06 1.69027e-06 1.40967e-06 1.1742e-06 9.76881e-07 8.11764e-07 6.73777e-07 5.58615e-07 4.62625e-07 3.82716e-07 3.16274e-07 2.61096e-07 2.15326e-07 1.77402e-07 1.46016e-07 1.20067e-07 9.86371e-08 8.09576e-08 6.6387e-08 5.43906e-08 4.45233e-08 3.64149e-08 2.97583e-08 2.42984e-08 1.98243e-08 1.61612e-08 1.31646e-08 1.07155e-08 8.71536e-09 7.08333e-09 5.75272e-09 4.66871e-09 3.78629e-09 3.06852e-09 2.48512e-09 2.01129e-09 1.62672e-09 1.31483e-09
3.44895e-05 7.61459e-05 0.000128749 0.000189756 0.000256267 0.000325299 0.000394002 0.000459814 0.000520569 0.00057455 0.000620507 0.000657644 0.000685582 0.000704309 0.000714118 0.000715547 0.000709319 0.00069628 0.000677354 0.000653491 0.000625637 0.000594704 0.000561542 0.000526931 0.000491568 0.00045606 0.000420926 0.000386597 0.000353423 0.000321674 0.000291554 0.000263203 0.000236708 0.000212108 0.000189407 0.000168575 0.000149557 0.00013228 0.000116656 0.000102587 8.99709e-05 7.86999e-05 6.86673e-05 5.97681e-05 5.18999e-05 4.49653e-05 3.88716e-05 3.35323e-05 2.88669e-05 2.48009e-05 2.12664e-05 1.82014e-05 1.55497e-05 1.32607e-05 1.12893e-05 9.59477e-06 8.14133e-06 6.89709e-06 5.83398e-06 4.9273e-06 4.15543e-06 3.49945e-06 2.94291e-06 2.47151e-06 2.07285e-06 1.73624e-06 1.45245e-06 1.21353e-06 1.01269e-06 8.44078e-07 7.02726e-07 5.84381e-07 4.85426e-07 4.02788e-07 3.33862e-07 2.76442e-07 2.28663e-07 1.88952e-07 1.55984e-07 1.28644e-07 1.05996e-07 8.72538e-08 7.17602e-08 5.89651e-08 4.84088e-08 3.97081e-08 3.25436e-08 2.66497e-08 2.18053e-08 1.78272e-08 1.45634e-08 1.18879e-08 9.69647e-09 7.9031e-09 6.43665e-09 5.23851e-09 4.26034e-09 3.46239e-09 2.81194e-09 2.28213e-09 1.8509e-09
2.52923e-05 5.7705e-05 9.99003e-05 0.000150137 0.000206242 0.000265837 0.00032653 0.000386068 0.000442449 0.000493992 0.000539381 0.000577671 0.000608274 0.000630935 0.000645688 0.00065281 0.000652774 0.000646199 0.000633805 0.000616371 0.000594704 0.000569602 0.000541839 0.000512139 0.000481168 0.000449522 0.000417726 0.000386229 0.000355409 0.000325572 0.000296961 0.000269758 0.000244093 0.000220049 0.000197668 0.000176959 0.000157903 0.000140458 0.000124565 0.00011015 9.71324e-05 8.54235e-05 7.49317e-05 6.55644e-05 5.72299e-05 4.98384e-05 4.33037e-05 3.75437e-05 3.2481e-05 2.80434e-05 2.4164e-05 2.07811e-05 1.78383e-05 1.52844e-05 1.30729e-05 1.11622e-05 9.51479e-06 8.0973e-06 6.88005e-06 5.83675e-06 4.94419e-06 4.18197e-06 3.53218e-06 2.97917e-06 2.50932e-06 2.11074e-06 1.77316e-06 1.48767e-06 1.24659e-06 1.04331e-06 8.72133e-07 7.28192e-07 6.07313e-07 5.05933e-07 4.21016e-07 3.49975e-07 2.90616e-07 2.41076e-07 1.99779e-07 1.65392e-07 1.3679e-07 1.13027e-07 9.3305e-08 7.69533e-08 6.341e-08 5.22039e-08 4.29408e-08 3.52912e-08 2.898e-08 2.37777e-08 1.94935e-08 1.59685e-08 1.30707e-08 1.06904e-08 8.73703e-09 7.13523e-09 5.82281e-09 4.74836e-09 3.86941e-09 3.15095e-09 2.56413e-09
1.85477e-05 4.36844e-05 7.73827e-05 0.000118524 0.000165538 0.00021658 0.000269691 0.000322943 0.000374541 0.000422906 0.000466726 0.000504985 0.000536962 0.000562227 0.000580612 0.000592182 0.000597194 0.000596066 0.000589329 0.0005776 0.000561542 0.000541839 0.000519173 0.0004942 0.000467541 0.000439765 0.000411387 0.000382859 0.000354572 0.000326856 0.000299982 0.000274165 0.00024957 0.000226316 0.000204481 0.000184108 0.00016521 0.000147777 0.000131776 0.000117158 0.000103866 9.18276e-05 8.09696e-05 7.12128e-05 6.24769e-05 5.46816e-05 4.77483e-05 4.16009e-05 3.61663e-05 3.13756e-05 2.71641e-05 2.34713e-05 2.02416e-05 1.74237e-05 1.49709e-05 1.28408e-05 1.09948e-05 9.3984e-06 8.02076e-06 6.83419e-06 5.81416e-06 4.93892e-06 4.18926e-06 3.54829e-06 3.00118e-06 2.53495e-06 2.13828e-06 1.80133e-06 1.51554e-06 1.27349e-06 1.06879e-06 8.95927e-07 7.5014e-07 6.27354e-07 5.24078e-07 4.37321e-07 3.64532e-07 3.03538e-07 2.52487e-07 2.09808e-07 1.7417e-07 1.44444e-07 1.19676e-07 9.90622e-08 8.19229e-08 6.76873e-08 5.58756e-08 4.60845e-08 3.79765e-08 3.12684e-08 2.57238e-08 2.11451e-08 1.73673e-08 1.42532e-08 1.16884e-08 9.57778e-09 7.84235e-09 6.41661e-09 5.24624e-09 4.28625e-09 3.49945e-09
1.36017e-05 3.3038e-05 5.98444e-05 9.33727e-05 0.000132536 0.000175945 0.000222037 0.000269199 0.000315864 0.000360593 0.000402136 0.00043946 0.000471774 0.000498532 0.000519415 0.00053432 0.000543331 0.000546686 0.000544753 0.000537992 0.000526931 0.000512139 0.0004942 0.000473696 0.000451189 0.00042721 0.00040225 0.000376753 0.000351111 0.000325664 0.000300702 0.000276464 0.000253141 0.000230881 0.000209793 0.000189951 0.000171396 0.000154145 0.000138194 0.000123516 0.000110076 9.78211e-05 8.66949e-05 7.66328e-05 6.75671e-05 5.94281e-05 5.21458e-05 4.5651e-05 3.98765e-05 3.47574e-05 3.02322e-05 2.62429e-05 2.27353e-05 1.96588e-05 1.6967e-05 1.46174e-05 1.2571e-05 1.07926e-05 9.25029e-06 7.91554e-06 6.76265e-06 5.76876e-06 4.91352e-06 4.17892e-06 3.54905e-06 3.00989e-06 2.54913e-06 2.15602e-06 1.82115e-06 1.53632e-06 1.29441e-06 1.08926e-06 9.15517e-07 7.68586e-07 6.44493e-07 5.39827e-07 4.51658e-07 3.77481e-07 3.15151e-07 2.62839e-07 2.18986e-07 1.82267e-07 1.51555e-07 1.25897e-07 1.04483e-07 8.66314e-08 7.17638e-08 5.93943e-08 4.91135e-08 4.0577e-08 3.34956e-08 2.76268e-08 2.27676e-08 1.87478e-08 1.54254e-08 1.26818e-08 1.04181e-08 8.55202e-09 7.01492e-09 5.74985e-09 4.7095e-09
9.97455e-06 2.49632e-05 4.62113e-05 7.3414e-05 0.000105865 0.000142551 0.000182257 0.000223665 0.000265439 0.000306303 0.000345098 0.000380823 0.000412665 0.000440007 0.00046243 0.000479702 0.000491765 0.000498714 0.000500769 0.000498254 0.000491568 0.000481168 0.000467541 0.000451189 0.00043261 0.000412289 0.000390681 0.000368211 0.000345262 0.000322175 0.000299248 0.000276735 0.000254846 0.000233752 0.000213586 0.000194447 0.000176403 0.000159496 0.000143743 0.000129144 0.000115681 0.000103323 9.20292e-05 8.17499e-05 7.24308e-05 6.40134e-05 5.64372e-05 4.9641e-05 4.35641e-05 3.81469e-05 3.33321e-05 2.90646e-05 2.52925e-05 2.19669e-05 1.90423e-05 1.64766e-05 1.42309e-05 1.22698e-05 1.05609e-05 9.07488e-06 7.78533e-06 6.66848e-06 5.70304e-06 4.87003e-06 4.15259e-06 3.53576e-06 3.00633e-06 2.55267e-06 2.16457e-06 1.83307e-06 1.55035e-06 1.30958e-06 1.10485e-06 9.31006e-07 7.8359e-07 6.58755e-07 5.53181e-07 4.64012e-07 3.88793e-07 3.25421e-07 2.72093e-07 2.2727e-07 1.89641e-07 1.58085e-07 1.31652e-07 1.09534e-07 9.10471e-08 7.56105e-08 6.27344e-08 5.20048e-08 4.30726e-08 3.5644e-08 2.94716e-08 2.43479e-08 2.00985e-08 1.65774e-08 1.36624e-08 1.12512e-08 9.25839e-09 7.61283e-09 6.25509e-09
7.31467e-06 1.88456e-05 3.56334e-05 5.7615e-05 8.43736e-05 0.000115203 0.000149184 0.000185262 0.000222324 0.000259263 0.000295035 0.000328701 0.000359459 0.000386663 0.00040983 0.00042864 0.000442925 0.000452662 0.000457948 0.000458985 0.00045606 0.000449522 0.000439765 0.00042721 0.000412289 0.00039543 0.000377052 0.000357548 0.000337285 0.000316596 0.000295779 0.000275093 0.000254761 0.000234971 0.000215872 0.000197586 0.000180202 0.000163783 0.000148369 0.000133979 0.000120615 0.000108265 9.69034e-05 8.64967e-05 7.70032e-05 6.83764e-05 6.05658e-05 5.35189e-05 4.71821e-05 4.15021e-05 3.64262e-05 3.19034e-05 2.78847e-05 2.43235e-05 2.11759e-05 1.84008e-05 1.596e-05 1.38181e-05 1.19429e-05 1.03046e-05 8.87627e-06 7.63361e-06 6.55457e-06 5.6194e-06 4.81042e-06 4.11187e-06 3.50971e-06 2.99155e-06 2.54639e-06 2.16457e-06 1.83759e-06 1.558e-06 1.3193e-06 1.11579e-06 9.42537e-07 7.95248e-07 6.70199e-07 5.64173e-07 4.74393e-07 3.98465e-07 3.34332e-07 2.80227e-07 2.34635e-07 1.96263e-07 1.64003e-07 1.36912e-07 1.14187e-07 9.5144e-08 7.92036e-08 6.5874e-08 5.47387e-08 4.54458e-08 3.7698e-08 3.12445e-08 2.58741e-08 2.14092e-08 1.77004e-08 1.46225e-08 1.20703e-08 9.95587e-09 8.2056e-09
5.36409e-06 1.42156e-05 2.744e-05 4.51373e-05 6.71055e-05 9.28802e-05 0.000121788 0.000153008 0.00018563 0.000218714 0.00025134 0.00028265 0.000311883 0.000338392 0.000361662 0.000381314 0.000397103 0.000408912 0.000416738 0.000420681 0.000420926 0.000417726 0.000411387 0.00040225 0.000390681 0.000377052 0.000361734 0.000345088 0.000327456 0.000309155 0.000290476 0.000271678 0.00025299 0.000234606 0.000216692 0.000199384 0.000182788 0.000166985 0.000152036 0.000137976 0.000124826 0.00011259 0.000101259 9.08142e-05 8.12264e-05 7.24612e-05 6.44785e-05 5.72349e-05 5.06846e-05 4.47809e-05 3.94767e-05 3.47255e-05 3.04821e-05 2.67025e-05 2.33452e-05 2.03707e-05 1.77417e-05 1.54238e-05 1.33849e-05 1.15953e-05 1.00281e-05 8.65831e-06 7.46362e-06 6.42368e-06 5.52016e-06 4.73662e-06 4.05834e-06 3.47222e-06 2.96659e-06 2.53113e-06 2.15669e-06 1.83524e-06 1.5597e-06 1.32386e-06 1.1223e-06 9.50286e-07 8.03683e-07 6.7891e-07 5.72857e-07 4.82832e-07 4.06511e-07 3.41886e-07 2.87233e-07 2.41067e-07 2.02116e-07 1.6929e-07 1.41657e-07 1.1842e-07 9.89016e-08 8.25235e-08 6.87948e-08 5.72986e-08 4.76814e-08 3.96439e-08 3.29331e-08 2.73354e-08 2.26703e-08 1.87861e-08 1.55549e-08 1.28693e-08 1.06392e-08
3.93367e-06 1.07148e-05 2.11039e-05 3.53038e-05 5.32665e-05 7.47144e-05 9.91746e-05 0.000126023 0.000154533 0.000183923 0.000213397 0.000242192 0.0002696 0.000294998 0.000317866 0.000337791 0.000354475 0.000367733 0.000377482 0.000383738 0.000386597 0.000386229 0.000382859 0.000376753 0.000368211 0.000357548 0.000345088 0.000331154 0.000316056 0.000300093 0.000283542 0.000266654 0.000249657 0.000232752 0.00021611 0.000199878 0.000184177 0.000169102 0.000154728 0.000141108 0.000128277 0.000116256 0.00010505 9.46529e-05 8.50501e-05 7.62179e-05 6.81269e-05 6.07428e-05 5.40281e-05 4.79431e-05 4.24467e-05 3.74975e-05 3.30545e-05 2.90772e-05 2.55267e-05 2.23657e-05 1.95585e-05 1.70718e-05 1.48742e-05 1.29365e-05 1.12319e-05 9.73541e-06 8.42448e-06 7.27839e-06 6.27838e-06 5.40748e-06 4.65044e-06 3.99354e-06 3.42453e-06 2.9325e-06 2.50773e-06 2.14163e-06 1.82657e-06 1.55587e-06 1.32362e-06 1.12466e-06 9.54452e-07 8.09046e-07 6.84997e-07 5.79309e-07 4.89382e-07 4.12961e-07 3.48101e-07 2.93118e-07 2.46564e-07 2.07193e-07 1.73935e-07 1.45873e-07 1.2222e-07 1.02305e-07 8.55553e-08 7.14825e-08 5.96707e-08 4.97666e-08 4.14701e-08 3.45271e-08 2.87223e-08 2.38735e-08 1.98271e-08 1.64533e-08 1.36427e-08
2.88469e-06 8.07015e-06 1.62114e-05 2.75696e-05 4.22029e-05 5.99736e-05 8.05682e-05 0.000103528 0.000128286 0.000154203 0.000180608 0.00020683 0.00023223 0.000256225 0.000278305 0.000298047 0.000315122 0.000329296 0.000340426 0.00034846 0.000353423 0.000355409 0.000354572 0.000351111 0.000345262 0.000337285 0.000327456 0.000316056 0.000303366 0.000289656 0.000275185 0.000260196 0.000244908 0.000229521 0.000214211 0.00019913 0.000184408 0.000170152 0.000156448 0.000143363 0.000130947 0.000119233 0.000108239 9.79736e-05 8.84324e-05 7.96036e-05 7.1468e-05 6.40007e-05 5.71723e-05 5.09505e-05 4.53005e-05 4.01865e-05 3.55719e-05 3.14205e-05 2.76962e-05 2.43644e-05 2.13916e-05 1.87457e-05 1.63967e-05 1.43162e-05 1.24777e-05 1.08566e-05 9.43029e-06 8.17799e-06 7.08068e-06 6.12105e-06 5.28341e-06 4.55361e-06 3.91891e-06 3.36787e-06 2.89029e-06 2.47704e-06 2.12005e-06 1.81214e-06 1.54696e-06 1.31893e-06 1.12314e-06 9.55251e-07 8.11502e-07 6.88585e-07 5.83622e-07 4.94107e-07 4.17864e-07 3.53005e-07 2.97899e-07 2.51135e-07 2.11496e-07 1.77935e-07 1.49553e-07 1.25576e-07 1.05344e-07 8.82881e-08 7.3926e-08 6.18443e-08 5.16912e-08 4.31671e-08 3.60176e-08 3.00268e-08 2.50116e-08 2.08169e-08 1.73117e-08
2.11544e-06 6.07407e-06 1.2439e-05 2.14979e-05 3.33782e-05 4.80438e-05 6.53054e-05 8.48394e-05 0.000106214 0.000128919 0.000152396 0.00017607 0.000199373 0.000221772 0.000242784 0.000261989 0.000279046 0.000293688 0.000305732 0.000315072 0.000321674 0.000325572 0.000326856 0.000325664 0.000322175 0.000316596 0.000309155 0.000300093 0.000289656 0.000278086 0.000265622 0.000252489 0.000238897 0.000225041 0.000211095 0.000197215 0.000183535 0.000170169 0.000157215 0.000144748 0.000132829 0.000121505 0.000110804 0.000100747 9.13403e-05 8.25829e-05 7.44653e-05 6.69716e-05 6.00808e-05 5.37679e-05 4.80047e-05 4.27611e-05 3.80054e-05 3.37057e-05 2.98295e-05 2.63452e-05 2.32215e-05 2.04286e-05 1.79377e-05 1.57215e-05 1.37544e-05 1.20125e-05 1.04732e-05 9.11598e-06 7.92174e-06 6.87302e-06 5.95388e-06 5.14983e-06 4.44777e-06 3.83584e-06 3.3034e-06 2.84092e-06 2.43987e-06 2.09264e-06 1.79248e-06 1.53342e-06 1.31015e-06 1.11802e-06 9.52914e-07 8.11231e-07 6.89814e-07 5.85903e-07 4.97089e-07 4.21276e-07 3.56641e-07 3.01604e-07 2.54796e-07 2.15033e-07 1.81293e-07 1.52697e-07 1.28486e-07 1.08012e-07 9.07149e-08 7.61177e-08 6.38115e-08 5.34472e-08 4.4727e-08 3.73972e-08 3.12421e-08 2.60781e-08 2.17498e-08
1.55132e-06 4.56869e-06 9.53422e-06 1.674e-05 2.63544e-05 3.84132e-05 5.28209e-05 6.93617e-05 8.77174e-05 0.000107489 0.000128223 0.000149432 0.000170623 0.000191317 0.000211066 0.000229469 0.000246183 0.000260927 0.000273489 0.000283725 0.000291554 0.000296961 0.000299982 0.000300702 0.000299248 0.000295779 0.000290476 0.000283542 0.000275185 0.000265622 0.000255065 0.000243721 0.000231787 0.00021945 0.000206878 0.000194225 0.000181628 0.000169206 0.000157062 0.00014528 0.000133931 0.000123068 0.000112733 0.000102954 9.37498e-05 8.51281e-05 7.70886e-05 6.96242e-05 6.27219e-05 5.63639e-05 5.05287e-05 4.51919e-05 4.03273e-05 3.59071e-05 3.19029e-05 2.82863e-05 2.50289e-05 2.21029e-05 1.94815e-05 1.71388e-05 1.50503e-05 1.31928e-05 1.15445e-05 1.0085e-05 8.7954e-06 7.65832e-06 6.6577e-06 5.77888e-06 5.0085e-06 4.3344e-06 3.74561e-06 3.23222e-06 2.78533e-06 2.39698e-06 2.06004e-06 1.76815e-06 1.51569e-06 1.29764e-06 1.10961e-06 9.47677e-07 8.08423e-07 6.88833e-07 5.86267e-07 4.98415e-07 4.23265e-07 3.59058e-07 3.04269e-07 2.57573e-07 2.17821e-07 1.84019e-07 1.55309e-07 1.30951e-07 1.10308e-07 9.28324e-08 7.8053e-08 6.5567e-08 5.50291e-08 4.61442e-08 3.86604e-08 3.23627e-08 2.70681e-08
1.13764e-06 3.43424e-06 7.30027e-06 1.30177e-05 2.07755e-05 3.06571e-05 4.26361e-05 5.65815e-05 7.2268e-05 8.93919e-05 0.00010759 0.000126459 0.000145578 0.000164524 0.00018289 0.000200301 0.000216424 0.000230975 0.000243726 0.000254507 0.000263203 0.000269758 0.000274165 0.000276464 0.000276735 0.000275093 0.000271678 0.000266654 0.000260196 0.000252489 0.000243721 0.000234078 0.000223744 0.00021289 0.000201678 0.000190259 0.000178768 0.000167325 0.000156037 0.000144993 0.00013427 0.00012393 0.000114023 0.000104586 9.5646e-05 8.72195e-05 7.9315e-05 7.19333e-05 6.50689e-05 5.87113e-05 5.28453e-05 4.74525e-05 4.25119e-05 3.80003e-05 3.38936e-05 3.01667e-05 2.67943e-05 2.37511e-05 2.10124e-05 1.85541e-05 1.6353e-05 1.43869e-05 1.26348e-05 1.10769e-05 9.69479e-06 8.47115e-06 7.39006e-06 6.4368e-06 5.59789e-06 4.861e-06 4.2149e-06 3.64942e-06 3.15535e-06 2.7244e-06 2.34913e-06 2.02287e-06 1.73966e-06 1.4942e-06 1.28177e-06 1.0982e-06 9.39782e-07 8.03272e-07 6.85797e-07 5.84837e-07 4.98184e-07 4.23905e-07 3.60313e-07 3.05937e-07 2.59497e-07 2.19882e-07 1.86128e-07 1.57399e-07 1.32976e-07 1.12235e-07 9.46403e-08 7.973e-08 6.71077e-08 5.6433e-08 4.74146e-08 3.98027e-08 3.33843e-08
8.34266e-07 2.57995e-06 5.5843e-06 1.01102e-05 1.63527e-05 2.44244e-05 3.43485e-05 4.60583e-05 5.94034e-05 7.41594e-05 9.00427e-05 0.000106725 0.000123852 0.000141058 0.000157979 0.000174272 0.000189622 0.000203751 0.000216424 0.000227455 0.000236708 0.000244093 0.00024957 0.000253141 0.000254846 0.000254761 0.00025299 0.000249657 0.000244908 0.000238897 0.000231787 0.000223744 0.000214931 0.000205507 0.000195625 0.000185427 0.000175045 0.000164599 0.000154195 0.000143927 0.000133876 0.00012411 0.000114684 0.000105643 9.70225e-05 8.88455e-05 8.11284e-05 7.38794e-05 6.71003e-05 6.07871e-05 5.49309e-05 4.95192e-05 4.4536e-05 3.99631e-05 3.57803e-05 3.19663e-05 2.8499e-05 2.5356e-05 2.25148e-05 1.99532e-05 1.76496e-05 1.55833e-05 1.37341e-05 1.20831e-05 1.06124e-05 9.3051e-06 8.1455e-06 7.11901e-06 6.21216e-06 5.41254e-06 4.70879e-06 4.09054e-06 3.54838e-06 3.07375e-06 2.65895e-06 2.29703e-06 1.98175e-06 1.70753e-06 1.46939e-06 1.26288e-06 1.08408e-06 9.29469e-07 7.95975e-07 6.80866e-07 5.81742e-07 4.96496e-07 4.23278e-07 3.60469e-07 3.06656e-07 2.60606e-07 2.21244e-07 1.87639e-07 1.58982e-07 1.3457e-07 1.13798e-07 9.61416e-08 8.11496e-08 6.8433e-08 5.76574e-08 4.85357e-08 4.08215e-08
