0.370757 0.023892 0.0154253 0.0107381 0.00786771 0.00596624 0.00463148 0.00365454 0.00291765 0.00234951 0.00190431 0.00155115 0.00126838 0.0010403 0.00085529 0.000704517 0.000581193 0.000480016 0.0003968 0.000328212 0.000271575 0.000224728 0.000185917 0.00015371 0.000126934 0.000104624 8.59865e-05 7.03606e-05 5.7198e-05 4.60399e-05 3.82353e-05
0.023892 0.00328078 0.00197123 0.00126324 0.000848761 0.000590766 0.000422425 0.000308458 0.000229007 0.000172294 0.000131028 0.000100526 7.76881e-05 6.04034e-05 4.7204e-05 3.70479e-05 2.91829e-05 2.30583e-05 1.82658e-05 1.44998e-05 1.15289e-05 9.17697e-06 7.30889e-06 5.8203e-06 4.63025e-06 3.67566e-06 2.90721e-06 2.28628e-06 1.78263e-06 1.37283e-06 1.11039e-06
0.0154253 0.00197123 0.00113103 0.00070002 0.000458931 0.000314149 0.00022215 0.000161035 0.00011899 8.9252e-05 6.77496e-05 5.19238e-05 4.01076e-05 3.1181e-05 2.43717e-05 1.91353e-05 1.50809e-05 1.19234e-05 9.45195e-06 7.50898e-06 5.97545e-06 4.76074e-06 3.79536e-06 3.02567e-06 2.41008e-06 1.91618e-06 1.51866e-06 1.19774e-06 9.38055e-07 7.47146e-07 6.04729e-07
0.0107381 0.00126324 0.00070002 0.000421686 0.0002712 0.000183278 0.00012854 9.26977e-05 6.82799e-05 5.11214e-05 3.87667e-05 2.9698e-05 2.29378e-05 1.78355e-05 1.39451e-05 1.09537e-05 8.63729e-06 6.83289e-06 5.42008e-06 4.30894e-06 3.43161e-06 2.73641e-06 2.18373e-06 1.743e-06 1.3905e-06 1.10776e-06 8.80375e-07 6.97128e-07 5.56883e-07 4.43582e-07 3.59147e-07
0.00786771 0.000848761 0.000458931 0.0002712 0.000172097 0.000115306 8.04478e-05 5.78411e-05 4.25351e-05 3.18202e-05 2.41224e-05 1.84788e-05 1.42744e-05 1.11019e-05 8.68287e-06 6.82263e-06 5.38186e-06 4.25926e-06 3.38008e-06 2.68847e-06 2.14228e-06 1.70943e-06 1.36531e-06 1.09091e-06 8.71514e-07 6.95642e-07 5.54368e-07 4.43703e-07 3.54503e-07 2.8239e-07 2.28645e-07
0.00596624 0.000590766 0.000314149 0.000183278 0.000115306 7.68553e-05 5.34676e-05 3.83875e-05 2.82115e-05 2.11006e-05 1.59962e-05 1.22551e-05 9.46821e-06 7.36504e-06 5.76118e-06 4.52759e-06 3.57204e-06 2.82742e-06 2.24423e-06 1.78544e-06 1.42314e-06 1.13605e-06 9.07844e-07 7.2594e-07 5.80565e-07 4.64124e-07 3.71869e-07 2.97671e-07 2.37842e-07 1.8946e-07 1.53376e-07
0.00463148 0.000422425 0.00022215 0.00012854 8.04478e-05 5.34676e-05 3.71466e-05 2.66557e-05 1.95873e-05 1.46507e-05 1.11075e-05 8.51035e-06 6.57528e-06 5.11472e-06 4.0008e-06 3.14401e-06 2.48033e-06 1.96319e-06 1.55821e-06 1.23967e-06 9.88175e-07 7.88942e-07 6.30633e-07 5.04498e-07 4.03754e-07 3.23589e-07 2.59268e-07 2.07532e-07 1.65814e-07 1.32079e-07 1.06893e-07
0.00365454 0.000308458 0.000161035 9.26977e-05 5.78411e-05 3.83875e-05 2.66557e-05 1.91258e-05 1.40548e-05 1.05132e-05 7.97072e-06 6.10668e-06 4.71762e-06 3.66912e-06 2.86948e-06 2.25448e-06 1.77818e-06 1.40713e-06 1.11663e-06 8.88215e-07 7.07935e-07 5.65175e-07 4.51788e-07 3.61493e-07 2.89604e-07 2.32074e-07 1.85921e-07 1.48806e-07 1.18882e-07 9.46891e-08 7.66065e-08
0.00291765 0.000229007 0.00011899 6.82799e-05 4.25351e-05 2.82115e-05 1.95873e-05 1.40548e-05 1.03289e-05 7.726e-06 5.85691e-06 4.48636e-06 3.465e-06 2.69411e-06 2.10628e-06 1.6543e-06 1.30436e-06 1.03184e-06 8.18561e-07 6.50931e-07 5.18685e-07 4.1401e-07 3.30915e-07 2.64854e-07 2.12134e-07 1.69957e-07 1.36132e-07 1.08938e-07 8.702e-08 6.93059e-08 5.60499e-08
0.00234951 0.000172294 8.9252e-05 5.11214e-05 3.18202e-05 2.11006e-05 1.46507e-05 1.05132e-05 7.726e-06 5.7783e-06 4.37942e-06 3.3536e-06 2.58921e-06 2.01238e-06 1.57265e-06 1.23467e-06 9.7309e-07 7.69473e-07 6.10191e-07 4.85058e-07 3.86387e-07 3.08326e-07 2.46422e-07 1.97167e-07 1.57875e-07 1.26453e-07 1.01263e-07 8.10194e-08 6.4709e-08 5.1532e-08 4.16599e-08
0.00190431 0.000131028 6.77496e-05 3.87667e-05 2.41224e-05 1.59962e-05 1.11075e-05 7.97072e-06 5.85691e-06 4.37942e-06 3.31814e-06 2.53994e-06 1.96017e-06 1.52279e-06 1.1895e-06 9.33423e-07 7.35331e-07 5.81207e-07 4.60701e-07 3.66078e-07 2.91503e-07 2.32549e-07 1.85791e-07 1.48604e-07 1.18953e-07 9.52511e-08 7.6258e-08 6.10003e-08 4.87124e-08 3.87893e-08 3.13466e-08
0.00155115 0.000100526 5.19238e-05 2.9698e-05 1.84788e-05 1.22551e-05 8.51035e-06 6.10668e-06 4.48636e-06 3.3536e-06 2.53994e-06 1.9434e-06 1.49909e-06 1.16403e-06 9.08807e-07 7.12813e-07 5.61271e-07 4.43424e-07 3.5133e-07 2.79054e-07 2.22126e-07 1.77132e-07 1.41463e-07 1.13109e-07 9.05113e-08 7.24553e-08 5.79929e-08 4.63799e-08 3.70311e-08 2.94848e-08 2.38187e-08
0.00126838 7.76881e-05 4.01076e-05 2.29378e-05 1.42744e-05 9.46821e-06 6.57528e-06 4.71762e-06 3.465e-06 2.58921e-06 1.96017e-06 1.49909e-06 1.15579e-06 8.97002e-07 6.99977e-07 5.48746e-07 4.31875e-07 3.41038e-07 2.70087e-07 2.14436e-07 1.70618e-07 1.36003e-07 1.08576e-07 8.67828e-08 6.94219e-08 5.55568e-08 4.4456e-08 3.55461e-08 2.83765e-08 2.25917e-08 1.82439e-08
0.0010403 6.04034e-05 3.1181e-05 1.78355e-05 1.11019e-05 7.36504e-06 5.11472e-06 3.66912e-06 2.69411e-06 2.01238e-06 1.52279e-06 1.16403e-06 8.97002e-07 6.95804e-07 5.42698e-07 4.25237e-07 3.3451e-07 2.64029e-07 2.09007e-07 1.65869e-07 1.31921e-07 1.05115e-07 8.38857e-08 6.70252e-08 5.35996e-08 4.28821e-08 3.43051e-08 2.74238e-08 2.1889e-08 1.74251e-08 1.40668e-08
0.00085529 4.7204e-05 2.43717e-05 1.39451e-05 8.68287e-06 5.76118e-06 4.0008e-06 2.86948e-06 2.10628e-06 1.57265e-06 1.1895e-06 9.08807e-07 6.99977e-07 5.42698e-07 4.2307e-07 3.3134e-07 2.60523e-07 2.05538e-07 1.62634e-07 1.29012e-07 1.02566e-07 8.16934e-08 6.51704e-08 5.20538e-08 4.16139e-08 3.32835e-08 2.66197e-08 2.12756e-08 1.6979e-08 1.35151e-08 1.09068e-08
0.000704517 3.70479e-05 1.91353e-05 1.09537e-05 6.82263e-06 4.52759e-06 3.14401e-06 2.25448e-06 1.6543e-06 1.23467e-06 9.33423e-07 7.12813e-07 5.48746e-07 4.25237e-07 3.3134e-07 2.59375e-07 2.03846e-07 1.60752e-07 1.27141e-07 1.00815e-07 8.01174e-08 6.37894e-08 5.08696e-08 4.06177e-08 3.24615e-08 2.59561e-08 2.07542e-08 1.65843e-08 1.3233e-08 1.05325e-08 8.49709e-09
0.000581193 2.91829e-05 1.50809e-05 8.63729e-06 5.38186e-06 3.57204e-06 2.48033e-06 1.77818e-06 1.30436e-06 9.7309e-07 7.35331e-07 5.61271e-07 4.31875e-07 3.3451e-07 2.60523e-07 2.03846e-07 1.60134e-07 1.26225e-07 9.97922e-08 7.90977e-08 6.28345e-08 5.00106e-08 3.98678e-08 3.18229e-08 2.54252e-08 2.03244e-08 1.62473e-08 1.29803e-08 1.03558e-08 8.24167e-09 6.64696e-09
0.000480016 2.30583e-05 1.19234e-05 6.83289e-06 4.25926e-06 2.82742e-06 1.96319e-06 1.40713e-06 1.03184e-06 7.69473e-07 5.81207e-07 4.43424e-07 3.41038e-07 2.64029e-07 2.05538e-07 1.60752e-07 1.26225e-07 9.94555e-08 7.85968e-08 6.22737e-08 4.94515e-08 3.93451e-08 3.1355e-08 2.50201e-08 1.99843e-08 1.59708e-08 1.27641e-08 1.01956e-08 8.1329e-09 6.47205e-09 5.21821e-09
0.0003968 1.82658e-05 9.45195e-06 5.42008e-06 3.38008e-06 2.24423e-06 1.55821e-06 1.11663e-06 8.18561e-07 6.10191e-07 4.60701e-07 3.5133e-07 2.70087e-07 2.09007e-07 1.62634e-07 1.27141e-07 9.97922e-08 7.85968e-08 6.20887e-08 4.91758e-08 3.90366e-08 3.10483e-08 2.47351e-08 1.97318e-08 1.57559e-08 1.25885e-08 1.00587e-08 8.03303e-09 6.40696e-09 5.09815e-09 4.10932e-09
0.000328212 1.44998e-05 7.50898e-06 4.30894e-06 2.68847e-06 1.78544e-06 1.23967e-06 8.88215e-07 6.50931e-07 4.85058e-07 3.66078e-07 2.79054e-07 2.14436e-07 1.65869e-07 1.29012e-07 1.00815e-07 7.90977e-08 6.22737e-08 4.91758e-08 3.89346e-08 3.08965e-08 2.45659e-08 1.95648e-08 1.56028e-08 1.24556e-08 9.94914e-09 7.94803e-09 6.3463e-09 5.06097e-09 4.02681e-09 3.24488e-09
0.000271575 1.15289e-05 5.97545e-06 3.43161e-06 2.14228e-06 1.42314e-06 9.88175e-07 7.07935e-07 5.18685e-07 3.86387e-07 2.91503e-07 2.22126e-07 1.70618e-07 1.31921e-07 1.02566e-07 8.01174e-08 6.28345e-08 4.94515e-08 3.90366e-08 3.08965e-08 2.45098e-08 1.94818e-08 1.55111e-08 1.23666e-08 9.86956e-09 7.88167e-09 6.29509e-09 5.0256e-09 4.00723e-09 3.18814e-09 2.5684e-09
0.000224728 9.17697e-06 4.76074e-06 2.73641e-06 1.70943e-06 1.13605e-06 7.88942e-07 5.65175e-07 4.1401e-07 3.08326e-07 2.32549e-07 1.77132e-07 1.36003e-07 1.05115e-07 8.16934e-08 6.37894e-08 5.00106e-08 3.93451e-08 3.10483e-08 2.45659e-08 1.94818e-08 1.54806e-08 1.2322e-08 9.82133e-09 7.83631e-09 6.25654e-09 4.9961e-09 3.98791e-09 3.17941e-09 2.52935e-09 2.03716e-09
0.000185917 7.30889e-06 3.79536e-06 2.18373e-06 1.36531e-06 9.07844e-07 6.30633e-07 4.51788e-07 3.30915e-07 2.46422e-07 1.85791e-07 1.41463e-07 1.08576e-07 8.38857e-08 6.51704e-08 5.08696e-08 3.98678e-08 3.1355e-08 2.47351e-08 1.95648e-08 1.55111e-08 1.2322e-08 9.80519e-09 7.81333e-09 6.23269e-09 4.97513e-09 3.97209e-09 3.17003e-09 2.52705e-09 2.01023e-09 1.61867e-09
0.00015371 5.8203e-06 3.02567e-06 1.743e-06 1.09091e-06 7.2594e-07 5.04498e-07 3.61493e-07 2.64854e-07 1.97167e-07 1.48604e-07 1.13109e-07 8.67828e-08 6.70252e-08 5.20538e-08 4.06177e-08 3.18229e-08 2.50201e-08 1.97318e-08 1.56028e-08 1.23666e-08 9.82133e-09 7.81333e-09 6.22462e-09 4.96427e-09 3.96184e-09 3.16252e-09 2.52355e-09 2.01146e-09 1.59999e-09 1.28805e-09
0.000126934 4.63025e-06 2.41008e-06 1.3905e-06 8.71514e-07 5.80565e-07 4.03754e-07 2.89604e-07 2.12134e-07 1.57875e-07 1.18953e-07 9.05113e-08 6.94219e-08 5.35996e-08 4.16139e-08 3.24615e-08 2.54252e-08 1.99843e-08 1.57559e-08 1.24556e-08 9.86956e-09 7.83631e-09 6.23269e-09 4.96427e-09 3.95829e-09 3.1584e-09 2.52076e-09 2.01117e-09 1.60289e-09 1.27491e-09 1.02614e-09
0.000104624 3.67566e-06 1.91618e-06 1.10776e-06 6.95642e-07 4.64124e-07 3.23589e-07 2.32074e-07 1.69957e-07 1.26453e-07 9.52511e-08 7.24553e-08 5.55568e-08 4.28821e-08 3.32835e-08 2.59561e-08 2.03244e-08 1.59708e-08 1.25885e-08 9.94914e-09 7.88167e-09 6.25654e-09 4.97513e-09 3.96184e-09 3.1584e-09 2.51971e-09 2.0107e-09 1.60402e-09 1.27827e-09 1.01666e-09 8.18119e-10
8.59865e-05 2.90721e-06 1.51866e-06 8.80375e-07 5.54368e-07 3.71869e-07 2.59268e-07 1.85921e-07 1.36132e-07 1.01263e-07 7.6258e-08 5.79929e-08 4.4456e-08 3.43051e-08 2.66197e-08 2.07542e-08 1.62473e-08 1.27641e-08 1.00587e-08 7.94803e-09 6.29509e-09 4.9961e-09 3.97209e-09 3.16252e-09 2.52076e-09 2.0107e-09 1.6043e-09 1.27967e-09 1.01971e-09 8.10973e-10 6.52489e-10
7.03606e-05 2.28628e-06 1.19774e-06 6.97128e-07 4.43703e-07 2.97671e-07 2.07532e-07 1.48806e-07 1.08938e-07 8.10194e-08 6.10003e-08 4.63799e-08 3.55461e-08 2.74238e-08 2.12756e-08 1.65843e-08 1.29803e-08 1.01956e-08 8.03303e-09 6.3463e-09 5.0256e-09 3.98791e-09 3.17003e-09 2.52355e-09 2.01117e-09 1.60402e-09 1.27967e-09 1.02064e-09 8.13233e-10 6.46739e-10 5.20276e-10
5.7198e-05 1.78263e-06 9.38055e-07 5.56883e-07 3.54503e-07 2.37842e-07 1.65814e-07 1.18882e-07 8.702e-08 6.4709e-08 4.87124e-08 3.70311e-08 2.83765e-08 2.1889e-08 1.6979e-08 1.3233e-08 1.03558e-08 8.1329e-09 6.40696e-09 5.06097e-09 4.00723e-09 3.17941e-09 2.52705e-09 2.01146e-09 1.60289e-09 1.27827e-09 1.01971e-09 8.13233e-10 6.47941e-10 5.15272e-10 4.1447e-10
4.60399e-05 1.37283e-06 7.47146e-07 4.43582e-07 2.8239e-07 1.8946e-07 1.32079e-07 9.46891e-08 6.93059e-08 5.1532e-08 3.87893e-08 2.94848e-08 2.25917e-08 1.74251e-08 1.35151e-08 1.05325e-08 8.24167e-09 6.47205e-09 5.09815e-09 4.02681e-09 3.18814e-09 2.52935e-09 2.01023e-09 1.59999e-09 1.27491e-09 1.01666e-09 8.10973e-10 6.46739e-10 5.15272e-10 4.0976e-10 3.29578e-10
3.82353e-05 1.11039e-06 6.04729e-07 3.59147e-07 2.28645e-07 1.53376e-07 1.06893e-07 7.66065e-08 5.60499e-08 4.16599e-08 3.13466e-08 2.38187e-08 1.82439e-08 1.40668e-08 1.09068e-08 8.49709e-09 6.64696e-09 5.21821e-09 4.10932e-09 3.24488e-09 2.5684e-09 2.03716e-09 1.61867e-09 1.28805e-09 1.02614e-09 8.18119e-10 6.52489e-10 5.20276e-10 4.1447e-10 3.29578e-10 2.65031e-10
