0.381409 0.0730527 0.0367988 0.0201417 0.0111936 0.00613969 0.00329796 0.00173567 0.000897607 0.000457614 0.000230626 0.000115153 5.70621e-05 2.80992e-05 1.37645e-05 6.71261e-06 3.26107e-06 1.57901e-06 7.62331e-07 3.67099e-07 1.7637e-07 8.45606e-08 4.04672e-08 1.93331e-08 9.22207e-09 4.39266e-09 2.08934e-09 9.92058e-10 4.69415e-10 2.19547e-10 1.03999e-10
0.0730527 0.0192511 0.00944224 0.00443116 0.00201347 0.000899653 0.00039928 0.000176992 7.85735e-05 3.49733e-05 1.56124e-05 6.98949e-06 3.13734e-06 1.41155e-06 6.36398e-07 2.8744e-07 1.30034e-07 5.89072e-08 2.67186e-08 1.21319e-08 5.51396e-09 2.50824e-09 1.14185e-09 5.20165e-10 2.37101e-10 1.08124e-10 4.93086e-11 2.24519e-11 1.01419e-11 4.42498e-12 2.02351e-12
0.0367988 0.00944224 0.00380614 0.00160639 0.00068845 0.000297313 0.000129219 5.65119e-05 2.48617e-05 1.09968e-05 4.8872e-06 2.18085e-06 9.7656e-07 4.38584e-07 1.97467e-07 8.90976e-08 4.02748e-08 1.82342e-08 8.26679e-09 3.75238e-09 1.70504e-09 7.75471e-10 3.52982e-10 1.60787e-10 7.32838e-11 3.34117e-11 1.52235e-11 6.90676e-12 3.07632e-12 1.39519e-12 6.38119e-13
0.0201417 0.00443116 0.00160639 0.000630287 0.000257913 0.000108172 4.61295e-05 1.99176e-05 8.68437e-06 3.81636e-06 1.68782e-06 7.50336e-07 3.34993e-07 1.50088e-07 6.74417e-08 3.03796e-08 1.37133e-08 6.20125e-09 2.80855e-09 1.27369e-09 5.78296e-10 2.62833e-10 1.19563e-10 5.44308e-11 2.47933e-11 1.12933e-11 5.13368e-12 2.31186e-12 1.05234e-12 4.77217e-13 2.1821e-13
0.0111936 0.00201347 0.00068845 0.000257913 0.000102188 4.19375e-05 1.76217e-05 7.53029e-06 3.25869e-06 1.42391e-06 6.26937e-07 2.77711e-07 1.23618e-07 5.52462e-08 2.47714e-08 1.11376e-08 5.0192e-09 2.26638e-09 1.0251e-09 4.64338e-10 2.10598e-10 9.56217e-11 4.34588e-11 1.9767e-11 8.99482e-12 4.09032e-12 1.85192e-12 8.43259e-13 3.83734e-13 1.73962e-13 7.95042e-14
0.00613969 0.000899653 0.000297313 0.000108172 4.19375e-05 1.69489e-05 7.04488e-06 2.98683e-06 1.28486e-06 5.58808e-07 2.45104e-07 1.08227e-07 4.80441e-08 2.14203e-08 9.58434e-09 4.30118e-09 1.93508e-09 8.72434e-10 3.94057e-10 1.78267e-10 8.07563e-11 3.6627e-11 1.66291e-11 7.55563e-12 3.43352e-12 1.55766e-12 7.08823e-13 3.22605e-13 1.46736e-13 6.64929e-14 3.03692e-14
0.00329796 0.00039928 0.000129219 4.61295e-05 1.76217e-05 7.04488e-06 2.90503e-06 1.22428e-06 5.24182e-07 2.27103e-07 9.92908e-08 4.37204e-08 1.93609e-08 8.61317e-09 3.84631e-09 1.72304e-09 7.73923e-10 3.48403e-10 1.57148e-10 7.10008e-11 3.21257e-11 1.45543e-11 6.60062e-12 2.9955e-12 1.35906e-12 6.1776e-13 2.80941e-13 1.27789e-13 5.80916e-14 2.63116e-14 1.2009e-14
0.00173567 0.000176992 5.65119e-05 1.99176e-05 7.53029e-06 2.98683e-06 1.22428e-06 5.13537e-07 2.19035e-07 9.45927e-08 4.12414e-08 1.81151e-08 8.0043e-09 3.55382e-09 1.58411e-09 7.08452e-10 3.1772e-10 1.42827e-10 6.43372e-11 2.90323e-11 1.31211e-11 5.93783e-12 2.68991e-12 1.21919e-12 5.53384e-13 2.51359e-13 1.14234e-13 5.19274e-14 2.35918e-14 1.06803e-14 4.87134e-15
0.000897607 7.85735e-05 2.48617e-05 8.68437e-06 3.25869e-06 1.28486e-06 5.24182e-07 2.19035e-07 9.3124e-08 4.01052e-08 1.74426e-08 7.64469e-09 3.37111e-09 1.49399e-09 6.64825e-10 2.96863e-10 1.32943e-10 5.96825e-11 2.68507e-11 1.21023e-11 5.46354e-12 2.46982e-12 1.11762e-12 5.06408e-13 2.29674e-13 1.04246e-13 4.73438e-14 2.15073e-14 9.76546e-15 4.41885e-15 2.01413e-15
0.000457614 3.49733e-05 1.09968e-05 3.81636e-06 1.42391e-06 5.58808e-07 2.27103e-07 9.45927e-08 4.01052e-08 1.72296e-08 7.47701e-09 3.27045e-09 1.43954e-09 6.36891e-10 2.82974e-10 1.26173e-10 5.64271e-11 2.53003e-11 1.1369e-11 5.11863e-12 2.30835e-12 1.04242e-12 4.71408e-13 2.13426e-13 9.67215e-14 4.3869e-14 1.99098e-14 9.03888e-15 4.10178e-15 1.8552e-15 8.45074e-16
0.000230626 1.56124e-05 4.8872e-06 1.68782e-06 6.26937e-07 2.45104e-07 9.92908e-08 4.12414e-08 1.74426e-08 7.47701e-09 3.23826e-09 1.41382e-09 6.21262e-10 2.74434e-10 1.21755e-10 5.42152e-11 2.42157e-11 1.08448e-11 4.86788e-12 2.18936e-12 9.86343e-13 4.45071e-13 2.01103e-13 9.09754e-14 4.11982e-14 1.86728e-14 8.46904e-15 3.84254e-15 1.74275e-15 7.87882e-16 3.58681e-16
0.000115153 6.98949e-06 2.18085e-06 7.50336e-07 2.77711e-07 1.08227e-07 4.37204e-08 1.81151e-08 7.64469e-09 3.27045e-09 1.41382e-09 6.16227e-10 2.7036e-10 1.19254e-10 5.28369e-11 2.34976e-11 1.0483e-11 4.68957e-12 2.10281e-12 9.44816e-13 4.25294e-13 1.91744e-13 8.6569e-14 3.91327e-14 1.77086e-14 8.02096e-15 3.63563e-15 1.64858e-15 7.47304e-16 3.37707e-16 1.53653e-16
5.70621e-05 3.13734e-06 9.7656e-07 3.34993e-07 1.23618e-07 4.80441e-08 1.93609e-08 8.0043e-09 3.37111e-09 1.43954e-09 6.21262e-10 2.7036e-10 1.18444e-10 5.21745e-11 2.30874e-11 1.02553e-11 4.57018e-12 2.04234e-12 9.14892e-13 4.1071e-13 1.84717e-13 8.32124e-14 3.75404e-14 1.69576e-14 7.66859e-15 3.47121e-15 1.57244e-15 7.12627e-16 3.22871e-16 1.45847e-16 6.63235e-17
2.80992e-05 1.41155e-06 4.38584e-07 1.50088e-07 5.52462e-08 2.14203e-08 8.61317e-09 3.55382e-09 1.49399e-09 6.36891e-10 2.74434e-10 1.19254e-10 5.21745e-11 2.29539e-11 1.01452e-11 4.50148e-12 2.00397e-12 8.94671e-13 4.0042e-13 1.79601e-13 8.07104e-14 3.63312e-14 1.63786e-14 7.39346e-15 3.34133e-15 1.51154e-15 6.84331e-16 3.09973e-16 1.40372e-16 6.33846e-17 2.88093e-17
1.37645e-05 6.36398e-07 1.97467e-07 6.74417e-08 2.47714e-08 9.58434e-09 3.84631e-09 1.58411e-09 6.64825e-10 2.82974e-10 1.21755e-10 5.28369e-11 2.30874e-11 1.01452e-11 4.47905e-12 1.98533e-12 8.82969e-13 3.93846e-13 1.76119e-13 7.89313e-14 3.54436e-14 1.59432e-14 7.18252e-15 3.24016e-15 1.46343e-15 6.61641e-16 2.99386e-16 1.35541e-16 6.13516e-17 2.7693e-17 1.25808e-17
6.71261e-06 2.8744e-07 8.90976e-08 3.03796e-08 1.11376e-08 4.30118e-09 1.72304e-09 7.08452e-10 2.96863e-10 1.26173e-10 5.42152e-11 2.34976e-11 1.02553e-11 4.50148e-12 1.98533e-12 8.79137e-13 3.90641e-13 1.74095e-13 7.77887e-14 3.48359e-14 1.56316e-14 7.02657e-15 3.16347e-15 1.42622e-15 6.43783e-16 2.90905e-16 1.31563e-16 5.95336e-17 2.69356e-17 1.2154e-17 5.51897e-18
3.26107e-06 1.30034e-07 4.02748e-08 1.37133e-08 5.0192e-09 1.93508e-09 7.73923e-10 3.1772e-10 1.32943e-10 5.64271e-11 2.42157e-11 1.0483e-11 4.57018e-12 2.00397e-12 8.82969e-13 3.90641e-13 1.73431e-13 7.72299e-14 3.44813e-14 1.54305e-14 6.91926e-15 3.10827e-15 1.39853e-15 6.30145e-16 2.84285e-16 1.28392e-16 5.80373e-17 2.62502e-17 1.18718e-17 5.35504e-18 2.43058e-18
1.57901e-06 5.89072e-08 1.82342e-08 6.20125e-09 2.26638e-09 8.72434e-10 3.48403e-10 1.42827e-10 5.96825e-11 2.53003e-11 1.08448e-11 4.68957e-12 2.04234e-12 8.94671e-13 3.93846e-13 1.74095e-13 7.72299e-14 3.43647e-14 1.5332e-14 6.85643e-15 3.07252e-15 1.37939e-15 6.20278e-16 2.79328e-16 1.2595e-16 5.68546e-17 2.5688e-17 1.16135e-17 5.25013e-18 2.36744e-18 1.0741e-18
7.62331e-07 2.67186e-08 8.26679e-09 2.80855e-09 1.0251e-09 3.94057e-10 1.57148e-10 6.43372e-11 2.68507e-11 1.1369e-11 4.86788e-12 2.10281e-12 9.14892e-13 4.0042e-13 1.76119e-13 7.77887e-14 3.44813e-14 1.5332e-14 6.83575e-15 3.05496e-15 1.36815e-15 6.13866e-16 2.75887e-16 1.24174e-16 5.59623e-17 2.52496e-17 1.14031e-17 5.15314e-18 2.32868e-18 1.04976e-18 4.76077e-19
3.67099e-07 1.21319e-08 3.75238e-09 1.27369e-09 4.64338e-10 1.78267e-10 7.10008e-11 2.90323e-11 1.21023e-11 5.11863e-12 2.18936e-12 9.44816e-13 4.1071e-13 1.79601e-13 7.89313e-14 3.48359e-14 1.54305e-14 6.85643e-15 3.05496e-15 1.36445e-15 6.10708e-16 2.73861e-16 1.23015e-16 5.53398e-17 2.49284e-17 1.12423e-17 5.075e-18 2.2925e-18 1.03559e-18 4.66699e-19 2.11572e-19
1.7637e-07 5.51396e-09 1.70504e-09 5.78296e-10 2.10598e-10 8.07563e-11 3.21257e-11 1.31211e-11 5.46354e-12 2.30835e-12 9.86343e-13 4.25294e-13 1.84717e-13 8.07104e-14 3.54436e-14 1.56316e-14 6.91926e-15 3.07252e-15 1.36815e-15 6.10708e-16 2.73192e-16 1.22443e-16 5.49723e-17 2.4718e-17 1.11294e-17 5.01699e-18 2.26383e-18 1.02223e-18 4.61605e-19 2.07969e-19 9.42455e-20
8.45606e-08 2.50824e-09 7.75471e-10 2.62833e-10 9.56217e-11 3.6627e-11 1.45543e-11 5.93783e-12 2.46982e-12 1.04242e-12 4.45071e-13 1.91744e-13 8.32124e-14 3.63312e-14 1.59432e-14 7.02657e-15 3.10827e-15 1.37939e-15 6.13866e-16 2.73861e-16 1.22443e-16 5.48507e-17 2.4614e-17 1.10625e-17 4.97874e-18 2.24342e-18 1.0119e-18 4.5675e-19 2.06184e-19 9.28678e-20 4.207e-20
4.04672e-08 1.14185e-09 3.52982e-10 1.19563e-10 4.34588e-11 1.66291e-11 6.60062e-12 2.68991e-12 1.11762e-12 4.71408e-13 2.01103e-13 8.6569e-14 3.75404e-14 1.63786e-14 7.18252e-15 3.16347e-15 1.39853e-15 6.20278e-16 2.75887e-16 1.23015e-16 5.49723e-17 2.4614e-17 1.10403e-17 4.95976e-18 2.23124e-18 1.00499e-18 4.53131e-19 2.04461e-19 9.22661e-20 4.15471e-20 1.88148e-20
1.93331e-08 5.20165e-10 1.60787e-10 5.44308e-11 1.9767e-11 7.55563e-12 2.9955e-12 1.21919e-12 5.06408e-13 2.13426e-13 9.09754e-14 3.91327e-14 1.69576e-14 7.39346e-15 3.24016e-15 1.42622e-15 6.30145e-16 2.79328e-16 1.24174e-16 5.53398e-17 2.4718e-17 1.10625e-17 4.95976e-18 2.22719e-18 1.00154e-18 4.50938e-19 2.03245e-19 9.16763e-20 4.13574e-20 1.86184e-20 8.4287e-21
9.22207e-09 2.37101e-10 7.32838e-11 2.47933e-11 8.99482e-12 3.43352e-12 1.35906e-12 5.53384e-13 2.29674e-13 9.67215e-14 4.11982e-14 1.77086e-14 7.66859e-15 3.34133e-15 1.46343e-15 6.43783e-16 2.84285e-16 1.2595e-16 5.59623e-17 2.49284e-17 1.11294e-17 4.97874e-18 2.23124e-18 1.00154e-18 4.50206e-19 2.02629e-19 9.12961e-20 4.11666e-20 1.85656e-20 8.35596e-21 3.78161e-21
4.39266e-09 1.08124e-10 3.34117e-11 1.12933e-11 4.09032e-12 1.55766e-12 6.1776e-13 2.51359e-13 1.04246e-13 4.3869e-14 1.86728e-14 8.02096e-15 3.47121e-15 1.51154e-15 6.61641e-16 2.90905e-16 1.28392e-16 5.68546e-17 2.52496e-17 1.12423e-17 5.01699e-18 2.24342e-18 1.00499e-18 4.50938e-19 2.02629e-19 9.11669e-20 4.10623e-20 1.85097e-20 8.3452e-21 3.75512e-21 1.69892e-21
2.08934e-09 4.93086e-11 1.52235e-11 5.13368e-12 1.85192e-12 7.08823e-13 2.80941e-13 1.14234e-13 4.73438e-14 1.99098e-14 8.46904e-15 3.63563e-15 1.57244e-15 6.84331e-16 2.99386e-16 1.31563e-16 5.80373e-17 2.5688e-17 1.14031e-17 5.075e-18 2.26383e-18 1.0119e-18 4.53131e-19 2.03245e-19 9.12961e-20 4.10623e-20 1.84889e-20 8.33172e-21 3.75537e-21 1.68945e-21 7.64132e-22
9.92058e-10 2.24519e-11 6.90676e-12 2.31186e-12 8.43259e-13 3.22605e-13 1.27789e-13 5.19274e-14 2.15073e-14 9.03888e-15 3.84254e-15 1.64858e-15 7.12627e-16 3.09973e-16 1.35541e-16 5.95336e-17 2.62502e-17 1.16135e-17 5.15314e-18 2.2925e-18 1.02223e-18 4.5675e-19 2.04461e-19 9.16763e-20 4.11666e-20 1.85097e-20 8.33172e-21 3.75348e-21 1.69137e-21 7.60748e-22 3.4399e-22
4.69415e-10 1.01419e-11 3.07632e-12 1.05234e-12 3.83734e-13 1.46736e-13 5.80916e-14 2.35918e-14 9.76546e-15 4.10178e-15 1.74275e-15 7.47304e-16 3.22871e-16 1.40372e-16 6.13516e-17 2.69356e-17 1.18718e-17 5.25013e-18 2.32868e-18 1.03559e-18 4.61605e-19 2.06184e-19 9.22661e-20 4.13574e-20 1.85656e-20 8.3452e-21 3.75537e-21 1.69137e-21 7.61971e-22 3.42655e-22 1.54901e-22
2.19547e-10 4.42498e-12 1.39519e-12 4.77217e-13 1.73962e-13 6.64929e-14 2.63116e-14 1.06803e-14 4.41885e-15 1.8552e-15 7.87882e-16 3.37707e-16 1.45847e-16 6.33846e-17 2.7693e-17 1.2154e-17 5.35504e-18 2.36744e-18 1.04976e-18 4.66699e-19 2.07969e-19 9.28678e-20 4.15471e-20 1.86184e-20 8.35596e-21 3.75512e-21 1.68945e-21 7.60748e-22 3.42655e-22 1.54068e-22 6.9634e-23
1.03999e-10 2.02351e-12 6.38119e-13 2.1821e-13 7.95042e-14 3.03692e-14 1.2009e-14 4.87134e-15 2.01413e-15 8.45074e-16 3.58681e-16 1.53653e-16 6.63235e-17 2.88093e-17 1.25808e-17 5.51897e-18 2.43058e-18 1.0741e-18 4.76077e-19 2.11572e-19 9.42455e-20 4.207e-20 1.88148e-20 8.4287e-21 3.78161e-21 1.69892e-21 7.64132e-22 3.4399e-22 1.54901e-22 6.9634e-23 3.14643e-23
