0.875458 4.57891e-05 4.46444e-05 4.35283e-05 4.24401e-05 4.13791e-05 4.03446e-05 3.9336e-05 3.83526e-05 3.73937e-05 3.64589e-05 3.55474e-05 3.46587e-05 3.37923e-05 3.29475e-05 3.21238e-05 3.13207e-05 3.05377e-05 2.97742e-05 2.90299e-05 2.83041e-05 2.75965e-05 2.69066e-05 2.62339e-05 2.55781e-05 2.49386e-05 2.43152e-05 2.37073e-05 2.31146e-05 2.25368e-05 2.19733e-05 2.1424e-05 2.08884e-05 2.03662e-05 1.9857e-05 1.93606e-05 1.88766e-05 1.84047e-05 1.79446e-05 1.74959e-05 1.70585e-05 1.66321e-05 1.62163e-05 1.58109e-05 1.54156e-05 1.50302e-05 1.46545e-05 1.42881e-05 1.39309e-05 1.35826e-05 1.32431e-05 1.2912e-05 1.25892e-05 1.22745e-05 1.19676e-05 1.16684e-05 1.13767e-05 1.10923e-05 1.0815e-05 1.05446e-05 1.0281e-05 1.0024e-05 9.77335e-06 9.52902e-06 9.29079e-06 9.05852e-06 8.83206e-06 8.61126e-06 8.39598e-06 8.18608e-06 7.98143e-06 7.78189e-06 7.58734e-06 7.39766e-06 7.21272e-06 7.0324e-06 6.85659e-06 6.68518e-06 6.51805e-06 6.3551e-06 6.19622e-06 6.04131e-06 5.89028e-06 5.74302e-06 5.59945e-06 5.45946e-06 5.32297e-06 5.1899e-06 5.06015e-06 4.93365e-06 4.81031e-06 4.69005e-06 4.5728e-06 4.45848e-06 4.34702e-06 4.23834e-06 4.13238e-06 4.02907e-06 3.92835e-06 3.83014e-06 3.73438e-06
4.57891e-05 4.83888e-06 4.74391e-06 4.65066e-06 4.55911e-06 4.46922e-06 4.38099e-06 4.29437e-06 4.20934e-06 4.12588e-06 4.04397e-06 3.96357e-06 3.88466e-06 3.80722e-06 3.73123e-06 3.65665e-06 3.58348e-06 3.51167e-06 3.44122e-06 3.37209e-06 3.30427e-06 3.23774e-06 3.17246e-06 3.10843e-06 3.04561e-06 2.98399e-06 2.92355e-06 2.86427e-06 2.80612e-06 2.74909e-06 2.69316e-06 2.63831e-06 2.58451e-06 2.53176e-06 2.48003e-06 2.4293e-06 2.37956e-06 2.33079e-06 2.28297e-06 2.23608e-06 2.19012e-06 2.14505e-06 2.10087e-06 2.05755e-06 2.01509e-06 1.97346e-06 1.93266e-06 1.89266e-06 1.85346e-06 1.81503e-06 1.77737e-06 1.74045e-06 1.70427e-06 1.66881e-06 1.63406e-06 1.60001e-06 1.56663e-06 1.53392e-06 1.50187e-06 1.47047e-06 1.43969e-06 1.40954e-06 1.37999e-06 1.35104e-06 1.32267e-06 1.29488e-06 1.26765e-06 1.24098e-06 1.21484e-06 1.18924e-06 1.16415e-06 1.13958e-06 1.11551e-06 1.09193e-06 1.06883e-06 1.04621e-06 1.02404e-06 1.00234e-06 9.81073e-07 9.60247e-07 9.39849e-07 9.19871e-07 9.00304e-07 8.81141e-07 8.62373e-07 8.43993e-07 8.25993e-07 8.08365e-07 7.91102e-07 7.74198e-07 7.57644e-07 7.41434e-07 7.25561e-07 7.10018e-07 6.94799e-07 6.79897e-07 6.65306e-07 6.5102e-07 6.37032e-07 6.23336e-07 6.09928e-07
4.46444e-05 4.74391e-06 4.65341e-06 4.56448e-06 4.4771e-06 4.39126e-06 4.30692e-06 4.22407e-06 4.14268e-06 4.06273e-06 3.98421e-06 3.90708e-06 3.83133e-06 3.75694e-06 3.68388e-06 3.61214e-06 3.5417e-06 3.47253e-06 3.40462e-06 3.33794e-06 3.27247e-06 3.2082e-06 3.14511e-06 3.08318e-06 3.02239e-06 2.96272e-06 2.90415e-06 2.84667e-06 2.79025e-06 2.73488e-06 2.68055e-06 2.62723e-06 2.5749e-06 2.52356e-06 2.47318e-06 2.42375e-06 2.37526e-06 2.32768e-06 2.281e-06 2.2352e-06 2.19028e-06 2.1462e-06 2.10297e-06 2.06057e-06 2.01898e-06 1.97818e-06 1.93817e-06 1.89892e-06 1.86043e-06 1.82269e-06 1.78567e-06 1.74937e-06 1.71377e-06 1.67886e-06 1.64463e-06 1.61107e-06 1.57816e-06 1.54589e-06 1.51426e-06 1.48324e-06 1.45283e-06 1.42302e-06 1.39379e-06 1.36514e-06 1.33705e-06 1.30952e-06 1.28253e-06 1.25608e-06 1.23015e-06 1.20473e-06 1.17982e-06 1.1554e-06 1.13147e-06 1.10802e-06 1.08504e-06 1.06251e-06 1.04043e-06 1.0188e-06 9.976e-07 9.76825e-07 9.56467e-07 9.36519e-07 9.16973e-07 8.9782e-07 8.79054e-07 8.60667e-07 8.42652e-07 8.25001e-07 8.07708e-07 7.90766e-07 7.74167e-07 7.57906e-07 7.41976e-07 7.2637e-07 7.11082e-07 6.96105e-07 6.81435e-07 6.67064e-07 6.52988e-07 6.39199e-07 6.25694e-07
4.35283e-05 4.65066e-06 4.56448e-06 4.47973e-06 4.3964e-06 4.31446e-06 4.2339e-06 4.1547e-06 4.07683e-06 4.0003e-06 3.92506e-06 3.85111e-06 3.77843e-06 3.70701e-06 3.63681e-06 3.56783e-06 3.50005e-06 3.43345e-06 3.36801e-06 3.30371e-06 3.24055e-06 3.1785e-06 3.11755e-06 3.05767e-06 2.99886e-06 2.9411e-06 2.88436e-06 2.82865e-06 2.77393e-06 2.72019e-06 2.66743e-06 2.61561e-06 2.56474e-06 2.51479e-06 2.46574e-06 2.41759e-06 2.37032e-06 2.32392e-06 2.27837e-06 2.23365e-06 2.18976e-06 2.14668e-06 2.1044e-06 2.0629e-06 2.02217e-06 1.98219e-06 1.94297e-06 1.90447e-06 1.8667e-06 1.82963e-06 1.79326e-06 1.75758e-06 1.72256e-06 1.68821e-06 1.65451e-06 1.62144e-06 1.589e-06 1.55718e-06 1.52597e-06 1.49534e-06 1.46531e-06 1.43585e-06 1.40695e-06 1.37861e-06 1.35081e-06 1.32354e-06 1.2968e-06 1.27058e-06 1.24486e-06 1.21964e-06 1.19491e-06 1.17066e-06 1.14688e-06 1.12357e-06 1.1007e-06 1.07829e-06 1.05631e-06 1.03476e-06 1.01363e-06 9.92917e-07 9.7261e-07 9.52703e-07 9.33187e-07 9.14055e-07 8.95301e-07 8.76917e-07 8.58897e-07 8.41233e-07 8.23919e-07 8.06949e-07 7.90315e-07 7.74013e-07 7.58035e-07 7.42375e-07 7.27027e-07 7.11986e-07 6.97246e-07 6.828e-07 6.68644e-07 6.54771e-07 6.41177e-07
4.24401e-05 4.55911e-06 4.4771e-06 4.3964e-06 4.31697e-06 4.23882e-06 4.16191e-06 4.08625e-06 4.01181e-06 3.93858e-06 3.86654e-06 3.79568e-06 3.72598e-06 3.65743e-06 3.59002e-06 3.52372e-06 3.45853e-06 3.39443e-06 3.33141e-06 3.26945e-06 3.20853e-06 3.14865e-06 3.08978e-06 3.03192e-06 2.97505e-06 2.91915e-06 2.86422e-06 2.81023e-06 2.75718e-06 2.70505e-06 2.65382e-06 2.60349e-06 2.55404e-06 2.50546e-06 2.45773e-06 2.41085e-06 2.36479e-06 2.31955e-06 2.27511e-06 2.23146e-06 2.1886e-06 2.1465e-06 2.10515e-06 2.06455e-06 2.02468e-06 1.98553e-06 1.94708e-06 1.90934e-06 1.87228e-06 1.83589e-06 1.80017e-06 1.7651e-06 1.73067e-06 1.69688e-06 1.6637e-06 1.63114e-06 1.59918e-06 1.56781e-06 1.53702e-06 1.5068e-06 1.47714e-06 1.44803e-06 1.41947e-06 1.39144e-06 1.36394e-06 1.33695e-06 1.31047e-06 1.28449e-06 1.25899e-06 1.23398e-06 1.20944e-06 1.18536e-06 1.16174e-06 1.13857e-06 1.11584e-06 1.09354e-06 1.07167e-06 1.05022e-06 1.02917e-06 1.00853e-06 9.88282e-07 9.68425e-07 9.48949e-07 9.29848e-07 9.11116e-07 8.92745e-07 8.74729e-07 8.57062e-07 8.39737e-07 8.22749e-07 8.0609e-07 7.89755e-07 7.73739e-07 7.58034e-07 7.42636e-07 7.2754e-07 7.12738e-07 6.98226e-07 6.83999e-07 6.70051e-07 6.56378e-07
4.13791e-05 4.46922e-06 4.39126e-06 4.31446e-06 4.23882e-06 4.16432e-06 4.09096e-06 4.01872e-06 3.9476e-06 3.87757e-06 3.80863e-06 3.74077e-06 3.67397e-06 3.60822e-06 3.54352e-06 3.47984e-06 3.41717e-06 3.35551e-06 3.29484e-06 3.23515e-06 3.17643e-06 3.11866e-06 3.06184e-06 3.00594e-06 2.95097e-06 2.8969e-06 2.84373e-06 2.79144e-06 2.74002e-06 2.68947e-06 2.63976e-06 2.59088e-06 2.54284e-06 2.4956e-06 2.44917e-06 2.40353e-06 2.35867e-06 2.31458e-06 2.27124e-06 2.22865e-06 2.1868e-06 2.14567e-06 2.10526e-06 2.06555e-06 2.02653e-06 1.9882e-06 1.95053e-06 1.91353e-06 1.87719e-06 1.84148e-06 1.80641e-06 1.77195e-06 1.73812e-06 1.70488e-06 1.67224e-06 1.64018e-06 1.6087e-06 1.57778e-06 1.54742e-06 1.51761e-06 1.48834e-06 1.4596e-06 1.43138e-06 1.40367e-06 1.37647e-06 1.34976e-06 1.32355e-06 1.29781e-06 1.27255e-06 1.24775e-06 1.22341e-06 1.19951e-06 1.17606e-06 1.15305e-06 1.13046e-06 1.10829e-06 1.08653e-06 1.06518e-06 1.04423e-06 1.02366e-06 1.00349e-06 9.83691e-07 9.64265e-07 9.45204e-07 9.26503e-07 9.08155e-07 8.90153e-07 8.72492e-07 8.55165e-07 8.38168e-07 8.21493e-07 8.05135e-07 7.89089e-07 7.7335e-07 7.5791e-07 7.42766e-07 7.27913e-07 7.13344e-07 6.99054e-07 6.8504e-07 6.71295e-07
4.03446e-05 4.38099e-06 4.30692e-06 4.2339e-06 4.16191e-06 4.09096e-06 4.02103e-06 3.95211e-06 3.8842e-06 3.81728e-06 3.75136e-06 3.6864e-06 3.62242e-06 3.55939e-06 3.49732e-06 3.43618e-06 3.37598e-06 3.31669e-06 3.25832e-06 3.20084e-06 3.14426e-06 3.08856e-06 3.03373e-06 2.97976e-06 2.92664e-06 2.87437e-06 2.82292e-06 2.7723e-06 2.72249e-06 2.67347e-06 2.62525e-06 2.57781e-06 2.53115e-06 2.48524e-06 2.44009e-06 2.39567e-06 2.35199e-06 2.30903e-06 2.26679e-06 2.22525e-06 2.1844e-06 2.14423e-06 2.10474e-06 2.06592e-06 2.02775e-06 1.99022e-06 1.95334e-06 1.91708e-06 1.88144e-06 1.84642e-06 1.81199e-06 1.77816e-06 1.74491e-06 1.71223e-06 1.68013e-06 1.64858e-06 1.61758e-06 1.58712e-06 1.5572e-06 1.5278e-06 1.49892e-06 1.47054e-06 1.44267e-06 1.41529e-06 1.3884e-06 1.36199e-06 1.33604e-06 1.31056e-06 1.28554e-06 1.26096e-06 1.23682e-06 1.21312e-06 1.18985e-06 1.167e-06 1.14456e-06 1.12253e-06 1.10089e-06 1.07965e-06 1.0588e-06 1.03833e-06 1.01823e-06 9.98504e-07 9.79138e-07 9.60127e-07 9.41466e-07 9.23149e-07 9.05171e-07 8.87525e-07 8.70205e-07 8.53208e-07 8.36526e-07 8.20154e-07 8.04088e-07 7.88322e-07 7.7285e-07 7.57668e-07 7.4277e-07 7.28152e-07 7.13809e-07 6.99736e-07 6.85928e-07
3.9336e-05 4.29437e-06 4.22407e-06 4.1547e-06 4.08625e-06 4.01872e-06 3.95211e-06 3.88641e-06 3.82161e-06 3.75771e-06 3.6947e-06 3.63258e-06 3.57133e-06 3.51095e-06 3.45143e-06 3.39277e-06 3.33496e-06 3.27799e-06 3.22185e-06 3.16654e-06 3.11205e-06 3.05836e-06 3.00548e-06 2.95339e-06 2.90209e-06 2.85157e-06 2.80182e-06 2.75282e-06 2.70458e-06 2.65709e-06 2.61033e-06 2.5643e-06 2.51899e-06 2.47439e-06 2.43049e-06 2.38729e-06 2.34478e-06 2.30294e-06 2.26177e-06 2.22126e-06 2.1814e-06 2.14219e-06 2.10362e-06 2.06567e-06 2.02834e-06 1.99163e-06 1.95552e-06 1.92e-06 1.88507e-06 1.85072e-06 1.81694e-06 1.78373e-06 1.75107e-06 1.71896e-06 1.68739e-06 1.65635e-06 1.62583e-06 1.59584e-06 1.56635e-06 1.53737e-06 1.50888e-06 1.48089e-06 1.45337e-06 1.42632e-06 1.39975e-06 1.37363e-06 1.34797e-06 1.32275e-06 1.29797e-06 1.27362e-06 1.2497e-06 1.2262e-06 1.20311e-06 1.18043e-06 1.15815e-06 1.13626e-06 1.11476e-06 1.09365e-06 1.0729e-06 1.05253e-06 1.03252e-06 1.01287e-06 9.93572e-07 9.7462e-07 9.56008e-07 9.37732e-07 9.19785e-07 9.02163e-07 8.8486e-07 8.67871e-07 8.51191e-07 8.34814e-07 8.18736e-07 8.02952e-07 7.87456e-07 7.72244e-07 7.57311e-07 7.42653e-07 7.28264e-07 7.1414e-07 7.00278e-07
3.83526e-05 4.20934e-06 4.14268e-06 4.07683e-06 4.01181e-06 3.9476e-06 3.8842e-06 3.82161e-06 3.75983e-06 3.69886e-06 3.63868e-06 3.57929e-06 3.5207e-06 3.46289e-06 3.40586e-06 3.34961e-06 3.29413e-06 3.23941e-06 3.18545e-06 3.13225e-06 3.0798e-06 3.02808e-06 2.97711e-06 2.92686e-06 2.87733e-06 2.82853e-06 2.78043e-06 2.73304e-06 2.68634e-06 2.64033e-06 2.59501e-06 2.55037e-06 2.50639e-06 2.46307e-06 2.42042e-06 2.37841e-06 2.33704e-06 2.29631e-06 2.2562e-06 2.21671e-06 2.17784e-06 2.13958e-06 2.10191e-06 2.06483e-06 2.02834e-06 1.99243e-06 1.95708e-06 1.9223e-06 1.88808e-06 1.85441e-06 1.82127e-06 1.78868e-06 1.75661e-06 1.72506e-06 1.69403e-06 1.6635e-06 1.63348e-06 1.60395e-06 1.57491e-06 1.54635e-06 1.51826e-06 1.49064e-06 1.46348e-06 1.43678e-06 1.41052e-06 1.38471e-06 1.35933e-06 1.33438e-06 1.30986e-06 1.28575e-06 1.26205e-06 1.23875e-06 1.21586e-06 1.19336e-06 1.17124e-06 1.14951e-06 1.12815e-06 1.10716e-06 1.08654e-06 1.06627e-06 1.04636e-06 1.0268e-06 1.00757e-06 9.88687e-07 9.70134e-07 9.51906e-07 9.34e-07 9.16411e-07 8.99133e-07 8.82161e-07 8.65491e-07 8.49117e-07 8.33036e-07 8.17242e-07 8.0173e-07 7.86496e-07 7.71536e-07 7.56845e-07 7.42419e-07 7.28253e-07 7.14343e-07
3.73937e-05 4.12588e-06 4.06273e-06 4.0003e-06 3.93858e-06 3.87757e-06 3.81728e-06 3.75771e-06 3.69886e-06 3.64071e-06 3.58328e-06 3.52655e-06 3.47054e-06 3.41523e-06 3.36062e-06 3.30671e-06 3.2535e-06 3.20097e-06 3.14914e-06 3.09799e-06 3.04753e-06 2.99774e-06 2.94862e-06 2.90017e-06 2.85238e-06 2.80526e-06 2.75878e-06 2.71296e-06 2.66777e-06 2.62323e-06 2.57931e-06 2.53603e-06 2.49336e-06 2.45131e-06 2.40988e-06 2.36904e-06 2.32881e-06 2.28916e-06 2.25011e-06 2.21163e-06 2.17373e-06 2.1364e-06 2.09963e-06 2.06342e-06 2.02776e-06 1.99264e-06 1.95806e-06 1.92401e-06 1.89049e-06 1.85749e-06 1.825e-06 1.79302e-06 1.76155e-06 1.73056e-06 1.70007e-06 1.67006e-06 1.64053e-06 1.61147e-06 1.58287e-06 1.55474e-06 1.52705e-06 1.49982e-06 1.47302e-06 1.44666e-06 1.42074e-06 1.39523e-06 1.37015e-06 1.34547e-06 1.32121e-06 1.29734e-06 1.27387e-06 1.25079e-06 1.2281e-06 1.20578e-06 1.18384e-06 1.16227e-06 1.14106e-06 1.12021e-06 1.09971e-06 1.07956e-06 1.05975e-06 1.04028e-06 1.02114e-06 1.00233e-06 9.83846e-07 9.65676e-07 9.47819e-07 9.30271e-07 9.13026e-07 8.96079e-07 8.79427e-07 8.63065e-07 8.46989e-07 8.31193e-07 8.15673e-07 8.00426e-07 7.85447e-07 7.70731e-07 7.56275e-07 7.42074e-07 7.28125e-07
3.64589e-05 4.04397e-06 3.98421e-06 3.92506e-06 3.86654e-06 3.80863e-06 3.75136e-06 3.6947e-06 3.63868e-06 3.58328e-06 3.52851e-06 3.47437e-06 3.42085e-06 3.36797e-06 3.31571e-06 3.26408e-06 3.21307e-06 3.16269e-06 3.11293e-06 3.06378e-06 3.01526e-06 2.96734e-06 2.92004e-06 2.87335e-06 2.82726e-06 2.78178e-06 2.73689e-06 2.6926e-06 2.6489e-06 2.60579e-06 2.56326e-06 2.52131e-06 2.47993e-06 2.43913e-06 2.39889e-06 2.35921e-06 2.32009e-06 2.28153e-06 2.24351e-06 2.20603e-06 2.16909e-06 2.13268e-06 2.0968e-06 2.06145e-06 2.02661e-06 1.99228e-06 1.95846e-06 1.92514e-06 1.89232e-06 1.85999e-06 1.82815e-06 1.79679e-06 1.7659e-06 1.73548e-06 1.70553e-06 1.67603e-06 1.647e-06 1.61841e-06 1.59026e-06 1.56255e-06 1.53528e-06 1.50843e-06 1.482e-06 1.45599e-06 1.4304e-06 1.40521e-06 1.38042e-06 1.35603e-06 1.33203e-06 1.30841e-06 1.28518e-06 1.26232e-06 1.23983e-06 1.21771e-06 1.19595e-06 1.17455e-06 1.1535e-06 1.13279e-06 1.11243e-06 1.0924e-06 1.0727e-06 1.05334e-06 1.03429e-06 1.01556e-06 9.9715e-07 9.79045e-07 9.61245e-07 9.43746e-07 9.26541e-07 9.09629e-07 8.93003e-07 8.7666e-07 8.60596e-07 8.44807e-07 8.29287e-07 8.14034e-07 7.99043e-07 7.84311e-07 7.69832e-07 7.55604e-07 7.41623e-07
3.55474e-05 3.96357e-06 3.90708e-06 3.85111e-06 3.79568e-06 3.74077e-06 3.6864e-06 3.63258e-06 3.57929e-06 3.52655e-06 3.47437e-06 3.42273e-06 3.37165e-06 3.32112e-06 3.27115e-06 3.22173e-06 3.17287e-06 3.12457e-06 3.07682e-06 3.02963e-06 2.983e-06 2.93691e-06 2.89139e-06 2.84641e-06 2.80198e-06 2.75811e-06 2.71477e-06 2.67199e-06 2.62974e-06 2.58803e-06 2.54686e-06 2.50622e-06 2.46612e-06 2.42653e-06 2.38748e-06 2.34894e-06 2.31092e-06 2.27341e-06 2.23642e-06 2.19993e-06 2.16394e-06 2.12844e-06 2.09345e-06 2.05894e-06 2.02491e-06 1.99137e-06 1.95831e-06 1.92571e-06 1.89359e-06 1.86193e-06 1.83072e-06 1.79998e-06 1.76968e-06 1.73983e-06 1.71041e-06 1.68144e-06 1.65289e-06 1.62478e-06 1.59708e-06 1.5698e-06 1.54294e-06 1.51648e-06 1.49043e-06 1.46478e-06 1.43952e-06 1.41465e-06 1.39016e-06 1.36606e-06 1.34233e-06 1.31897e-06 1.29598e-06 1.27335e-06 1.25108e-06 1.22916e-06 1.20759e-06 1.18636e-06 1.16547e-06 1.14492e-06 1.12469e-06 1.1048e-06 1.08522e-06 1.06596e-06 1.04702e-06 1.02838e-06 1.01005e-06 9.92018e-07 9.74282e-07 9.56839e-07 9.39683e-07 9.22812e-07 9.0622e-07 8.89905e-07 8.73861e-07 8.58085e-07 8.42573e-07 8.27322e-07 8.12327e-07 7.97585e-07 7.83092e-07 7.68844e-07 7.54838e-07
3.46587e-05 3.88466e-06 3.83133e-06 3.77843e-06 3.72598e-06 3.67397e-06 3.62242e-06 3.57133e-06 3.5207e-06 3.47054e-06 3.42085e-06 3.37165e-06 3.32292e-06 3.27468e-06 3.22693e-06 3.17967e-06 3.1329e-06 3.08662e-06 3.04084e-06 2.99555e-06 2.95076e-06 2.90646e-06 2.86267e-06 2.81937e-06 2.77657e-06 2.73426e-06 2.69245e-06 2.65114e-06 2.61031e-06 2.56998e-06 2.53014e-06 2.49079e-06 2.45193e-06 2.41355e-06 2.37566e-06 2.33824e-06 2.30131e-06 2.26485e-06 2.22886e-06 2.19334e-06 2.15829e-06 2.1237e-06 2.08958e-06 2.05591e-06 2.02269e-06 1.98993e-06 1.95761e-06 1.92574e-06 1.8943e-06 1.86331e-06 1.83274e-06 1.80261e-06 1.7729e-06 1.74361e-06 1.71474e-06 1.68628e-06 1.65824e-06 1.63059e-06 1.60335e-06 1.57651e-06 1.55006e-06 1.524e-06 1.49832e-06 1.47303e-06 1.44811e-06 1.42357e-06 1.39939e-06 1.37558e-06 1.35212e-06 1.32903e-06 1.30628e-06 1.28389e-06 1.26184e-06 1.24012e-06 1.21875e-06 1.1977e-06 1.17698e-06 1.15659e-06 1.13652e-06 1.11676e-06 1.09731e-06 1.07817e-06 1.05933e-06 1.04079e-06 1.02255e-06 1.0046e-06 9.86933e-07 9.69554e-07 9.52455e-07 9.35632e-07 9.19082e-07 9.02801e-07 8.86785e-07 8.7103e-07 8.55533e-07 8.40291e-07 8.253e-07 8.10555e-07 7.96054e-07 7.81794e-07 7.6777e-07
3.37923e-05 3.80722e-06 3.75694e-06 3.70701e-06 3.65743e-06 3.60822e-06 3.55939e-06 3.51095e-06 3.46289e-06 3.41523e-06 3.36797e-06 3.32112e-06 3.27468e-06 3.22867e-06 3.18307e-06 3.1379e-06 3.09316e-06 3.04885e-06 3.00498e-06 2.96155e-06 2.91856e-06 2.87601e-06 2.8339e-06 2.79224e-06 2.75102e-06 2.71026e-06 2.66993e-06 2.63006e-06 2.59063e-06 2.55166e-06 2.51312e-06 2.47504e-06 2.4374e-06 2.4002e-06 2.36345e-06 2.32714e-06 2.29127e-06 2.25584e-06 2.22085e-06 2.18629e-06 2.15217e-06 2.11847e-06 2.08521e-06 2.05237e-06 2.01996e-06 1.98796e-06 1.95639e-06 1.92523e-06 1.89449e-06 1.86415e-06 1.83423e-06 1.8047e-06 1.77558e-06 1.74686e-06 1.71853e-06 1.69059e-06 1.66304e-06 1.63587e-06 1.60909e-06 1.58268e-06 1.55665e-06 1.53098e-06 1.50569e-06 1.48076e-06 1.45618e-06 1.43197e-06 1.4081e-06 1.38459e-06 1.36142e-06 1.33859e-06 1.3161e-06 1.29394e-06 1.27212e-06 1.25062e-06 1.22944e-06 1.20859e-06 1.18805e-06 1.16782e-06 1.1479e-06 1.12828e-06 1.10897e-06 1.08995e-06 1.07123e-06 1.0528e-06 1.03465e-06 1.01679e-06 9.99202e-07 9.81894e-07 9.64858e-07 9.48092e-07 9.3159e-07 9.15351e-07 8.9937e-07 8.83644e-07 8.68169e-07 8.52943e-07 8.37962e-07 8.23222e-07 8.08721e-07 7.94455e-07 7.8042e-07
3.29475e-05 3.73123e-06 3.68388e-06 3.63681e-06 3.59002e-06 3.54352e-06 3.49732e-06 3.45143e-06 3.40586e-06 3.36062e-06 3.31571e-06 3.27115e-06 3.22693e-06 3.18307e-06 3.13957e-06 3.09643e-06 3.05367e-06 3.01128e-06 2.96927e-06 2.92765e-06 2.88641e-06 2.84556e-06 2.8051e-06 2.76504e-06 2.72537e-06 2.68611e-06 2.64724e-06 2.60878e-06 2.57072e-06 2.53307e-06 2.49582e-06 2.45897e-06 2.42253e-06 2.3865e-06 2.35087e-06 2.31565e-06 2.28083e-06 2.24642e-06 2.2124e-06 2.17879e-06 2.14558e-06 2.11278e-06 2.08036e-06 2.04835e-06 2.01673e-06 1.9855e-06 1.95466e-06 1.92422e-06 1.89416e-06 1.86448e-06 1.83519e-06 1.80627e-06 1.77774e-06 1.74957e-06 1.72178e-06 1.69436e-06 1.66731e-06 1.64062e-06 1.61429e-06 1.58832e-06 1.56271e-06 1.53745e-06 1.51254e-06 1.48797e-06 1.46375e-06 1.43986e-06 1.41632e-06 1.3931e-06 1.37022e-06 1.34767e-06 1.32543e-06 1.30352e-06 1.28193e-06 1.26065e-06 1.23968e-06 1.21902e-06 1.19866e-06 1.17861e-06 1.15885e-06 1.13938e-06 1.12021e-06 1.10132e-06 1.08272e-06 1.0644e-06 1.04636e-06 1.02859e-06 1.01109e-06 9.93863e-07 9.76898e-07 9.60194e-07 9.43748e-07 9.27557e-07 9.11618e-07 8.95928e-07 8.80482e-07 8.65279e-07 8.50315e-07 8.35588e-07 8.21093e-07 8.06827e-07 7.92789e-07
3.21238e-05 3.65665e-06 3.61214e-06 3.56783e-06 3.52372e-06 3.47984e-06 3.43618e-06 3.39277e-06 3.34961e-06 3.30671e-06 3.26408e-06 3.22173e-06 3.17967e-06 3.1379e-06 3.09643e-06 3.05528e-06 3.01443e-06 2.97391e-06 2.93371e-06 2.89385e-06 2.85432e-06 2.81512e-06 2.77628e-06 2.73778e-06 2.69963e-06 2.66183e-06 2.62439e-06 2.58731e-06 2.55059e-06 2.51423e-06 2.47824e-06 2.44261e-06 2.40735e-06 2.37246e-06 2.33794e-06 2.30378e-06 2.27e-06 2.23659e-06 2.20354e-06 2.17087e-06 2.13856e-06 2.10663e-06 2.07506e-06 2.04386e-06 2.01302e-06 1.98255e-06 1.95245e-06 1.9227e-06 1.89332e-06 1.8643e-06 1.83564e-06 1.80733e-06 1.77938e-06 1.75177e-06 1.72453e-06 1.69762e-06 1.67107e-06 1.64486e-06 1.61899e-06 1.59346e-06 1.56826e-06 1.54341e-06 1.51888e-06 1.49468e-06 1.47081e-06 1.44726e-06 1.42404e-06 1.40113e-06 1.37854e-06 1.35626e-06 1.3343e-06 1.31263e-06 1.29128e-06 1.27022e-06 1.24947e-06 1.22901e-06 1.20884e-06 1.18896e-06 1.16937e-06 1.15006e-06 1.13104e-06 1.11229e-06 1.09382e-06 1.07561e-06 1.05768e-06 1.04001e-06 1.02261e-06 1.00546e-06 9.88576e-07 9.71941e-07 9.55558e-07 9.39423e-07 9.23533e-07 9.07884e-07 8.92475e-07 8.77302e-07 8.62362e-07 8.47652e-07 8.3317e-07 8.18913e-07 8.04877e-07
3.13207e-05 3.58348e-06 3.5417e-06 3.50005e-06 3.45853e-06 3.41717e-06 3.37598e-06 3.33496e-06 3.29413e-06 3.2535e-06 3.21307e-06 3.17287e-06 3.1329e-06 3.09316e-06 3.05367e-06 3.01443e-06 2.97546e-06 2.93675e-06 2.89832e-06 2.86016e-06 2.8223e-06 2.78472e-06 2.74744e-06 2.71047e-06 2.6738e-06 2.63744e-06 2.60139e-06 2.56566e-06 2.53025e-06 2.49517e-06 2.46041e-06 2.42597e-06 2.39187e-06 2.3581e-06 2.32467e-06 2.29156e-06 2.2588e-06 2.22637e-06 2.19428e-06 2.16253e-06 2.13111e-06 2.10004e-06 2.0693e-06 2.03891e-06 2.00885e-06 1.97913e-06 1.94975e-06 1.92071e-06 1.892e-06 1.86363e-06 1.83559e-06 1.80789e-06 1.78052e-06 1.75348e-06 1.72676e-06 1.70038e-06 1.67432e-06 1.64859e-06 1.62318e-06 1.59809e-06 1.57332e-06 1.54887e-06 1.52473e-06 1.5009e-06 1.47739e-06 1.45418e-06 1.43128e-06 1.40868e-06 1.38639e-06 1.36439e-06 1.34269e-06 1.32129e-06 1.30017e-06 1.27935e-06 1.25881e-06 1.23856e-06 1.21859e-06 1.19889e-06 1.17947e-06 1.16033e-06 1.14146e-06 1.12285e-06 1.10451e-06 1.08644e-06 1.06862e-06 1.05106e-06 1.03375e-06 1.0167e-06 9.99896e-07 9.83338e-07 9.67024e-07 9.50951e-07 9.35115e-07 9.19516e-07 9.04149e-07 8.89012e-07 8.74103e-07 8.59418e-07 8.44956e-07 8.30712e-07 8.16686e-07
3.05377e-05 3.51167e-06 3.47253e-06 3.43345e-06 3.39443e-06 3.35551e-06 3.31669e-06 3.27799e-06 3.23941e-06 3.20097e-06 3.16269e-06 3.12457e-06 3.08662e-06 3.04885e-06 3.01128e-06 2.97391e-06 2.93675e-06 2.89981e-06 2.86309e-06 2.8266e-06 2.79036e-06 2.75436e-06 2.71862e-06 2.68313e-06 2.6479e-06 2.61295e-06 2.57826e-06 2.54385e-06 2.50973e-06 2.47589e-06 2.44234e-06 2.40908e-06 2.37611e-06 2.34344e-06 2.31107e-06 2.279e-06 2.24724e-06 2.21578e-06 2.18463e-06 2.15379e-06 2.12326e-06 2.09303e-06 2.06312e-06 2.03352e-06 2.00423e-06 1.97526e-06 1.94659e-06 1.91824e-06 1.89021e-06 1.86248e-06 1.83507e-06 1.80796e-06 1.78117e-06 1.75469e-06 1.72851e-06 1.70265e-06 1.67709e-06 1.65183e-06 1.62688e-06 1.60223e-06 1.57789e-06 1.55384e-06 1.53009e-06 1.50664e-06 1.48349e-06 1.46062e-06 1.43805e-06 1.41577e-06 1.39377e-06 1.37206e-06 1.35064e-06 1.32949e-06 1.30862e-06 1.28803e-06 1.26772e-06 1.24768e-06 1.2279e-06 1.2084e-06 1.18916e-06 1.17019e-06 1.15147e-06 1.13302e-06 1.11482e-06 1.09687e-06 1.07918e-06 1.06173e-06 1.04453e-06 1.02758e-06 1.01086e-06 9.94386e-07 9.78148e-07 9.62143e-07 9.46369e-07 9.30825e-07 9.15507e-07 9.00413e-07 8.8554e-07 8.70887e-07 8.5645e-07 8.42227e-07 8.28215e-07
2.97742e-05 3.44122e-06 3.40462e-06 3.36801e-06 3.33141e-06 3.29484e-06 3.25832e-06 3.22185e-06 3.18545e-06 3.14914e-06 3.11293e-06 3.07682e-06 3.04084e-06 3.00498e-06 2.96927e-06 2.93371e-06 2.89832e-06 2.86309e-06 2.82804e-06 2.79318e-06 2.75852e-06 2.72405e-06 2.6898e-06 2.65577e-06 2.62195e-06 2.58837e-06 2.55501e-06 2.5219e-06 2.48903e-06 2.45641e-06 2.42404e-06 2.39193e-06 2.36008e-06 2.32849e-06 2.29717e-06 2.26612e-06 2.23535e-06 2.20484e-06 2.17462e-06 2.14467e-06 2.115e-06 2.08562e-06 2.05652e-06 2.02771e-06 1.99918e-06 1.97094e-06 1.94299e-06 1.91533e-06 1.88796e-06 1.86087e-06 1.83408e-06 1.80757e-06 1.78135e-06 1.75543e-06 1.72979e-06 1.70444e-06 1.67937e-06 1.6546e-06 1.63011e-06 1.6059e-06 1.58198e-06 1.55834e-06 1.53499e-06 1.51191e-06 1.48912e-06 1.4666e-06 1.44436e-06 1.42239e-06 1.4007e-06 1.37928e-06 1.35813e-06 1.33725e-06 1.31663e-06 1.29628e-06 1.2762e-06 1.25637e-06 1.2368e-06 1.2175e-06 1.19844e-06 1.17964e-06 1.16109e-06 1.14279e-06 1.12474e-06 1.10693e-06 1.08936e-06 1.07203e-06 1.05495e-06 1.03809e-06 1.02148e-06 1.00509e-06 9.88933e-07 9.73002e-07 9.57297e-07 9.41814e-07 9.26551e-07 9.11505e-07 8.96676e-07 8.8206e-07 8.67654e-07 8.53458e-07 8.39468e-07
2.90299e-05 3.37209e-06 3.33794e-06 3.30371e-06 3.26945e-06 3.23515e-06 3.20084e-06 3.16654e-06 3.13225e-06 3.09799e-06 3.06378e-06 3.02963e-06 2.99555e-06 2.96155e-06 2.92765e-06 2.89385e-06 2.86016e-06 2.8266e-06 2.79318e-06 2.7599e-06 2.72678e-06 2.69381e-06 2.66102e-06 2.6284e-06 2.59596e-06 2.56371e-06 2.53166e-06 2.49982e-06 2.46818e-06 2.43675e-06 2.40554e-06 2.37456e-06 2.3438e-06 2.31327e-06 2.28298e-06 2.25293e-06 2.22312e-06 2.19356e-06 2.16425e-06 2.13518e-06 2.10638e-06 2.07782e-06 2.04953e-06 2.02149e-06 1.99372e-06 1.96621e-06 1.93896e-06 1.91198e-06 1.88526e-06 1.85881e-06 1.83263e-06 1.80672e-06 1.78108e-06 1.7557e-06 1.7306e-06 1.70576e-06 1.68119e-06 1.6569e-06 1.63287e-06 1.6091e-06 1.58561e-06 1.56238e-06 1.53942e-06 1.51672e-06 1.49429e-06 1.47212e-06 1.45021e-06 1.42857e-06 1.40718e-06 1.38605e-06 1.36519e-06 1.34457e-06 1.32421e-06 1.30411e-06 1.28425e-06 1.26465e-06 1.24529e-06 1.22618e-06 1.20732e-06 1.1887e-06 1.17032e-06 1.15218e-06 1.13427e-06 1.11661e-06 1.09917e-06 1.08197e-06 1.065e-06 1.04826e-06 1.03174e-06 1.01545e-06 9.99382e-07 9.83532e-07 9.679e-07 9.52484e-07 9.37282e-07 9.22292e-07 9.07511e-07 8.92938e-07 8.78571e-07 8.64406e-07 8.50444e-07
2.83041e-05 3.30427e-06 3.27247e-06 3.24055e-06 3.20853e-06 3.17643e-06 3.14426e-06 3.11205e-06 3.0798e-06 3.04753e-06 3.01526e-06 2.983e-06 2.95076e-06 2.91856e-06 2.88641e-06 2.85432e-06 2.8223e-06 2.79036e-06 2.75852e-06 2.72678e-06 2.69515e-06 2.66364e-06 2.63227e-06 2.60103e-06 2.56994e-06 2.539e-06 2.50822e-06 2.47761e-06 2.44718e-06 2.41692e-06 2.38685e-06 2.35697e-06 2.32728e-06 2.2978e-06 2.26852e-06 2.23945e-06 2.2106e-06 2.18196e-06 2.15354e-06 2.12535e-06 2.09738e-06 2.06965e-06 2.04215e-06 2.01488e-06 1.98785e-06 1.96106e-06 1.93451e-06 1.9082e-06 1.88214e-06 1.85632e-06 1.83075e-06 1.80543e-06 1.78036e-06 1.75553e-06 1.73096e-06 1.70663e-06 1.68256e-06 1.65874e-06 1.63517e-06 1.61185e-06 1.58878e-06 1.56597e-06 1.5434e-06 1.52108e-06 1.49901e-06 1.4772e-06 1.45562e-06 1.4343e-06 1.41323e-06 1.3924e-06 1.37181e-06 1.35147e-06 1.33137e-06 1.31151e-06 1.29189e-06 1.27251e-06 1.25337e-06 1.23447e-06 1.2158e-06 1.19736e-06 1.17915e-06 1.16118e-06 1.14343e-06 1.12592e-06 1.10862e-06 1.09155e-06 1.0747e-06 1.05808e-06 1.04167e-06 1.02548e-06 1.0095e-06 9.93736e-07 9.78183e-07 9.6284e-07 9.47705e-07 9.32775e-07 9.18049e-07 9.03525e-07 8.892e-07 8.75074e-07 8.61144e-07
2.75965e-05 3.23774e-06 3.2082e-06 3.1785e-06 3.14865e-06 3.11866e-06 3.08856e-06 3.05836e-06 3.02808e-06 2.99774e-06 2.96734e-06 2.93691e-06 2.90646e-06 2.87601e-06 2.84556e-06 2.81512e-06 2.78472e-06 2.75436e-06 2.72405e-06 2.69381e-06 2.66364e-06 2.63356e-06 2.60357e-06 2.57368e-06 2.5439e-06 2.51424e-06 2.4847e-06 2.4553e-06 2.42604e-06 2.39693e-06 2.36797e-06 2.33917e-06 2.31054e-06 2.28208e-06 2.25379e-06 2.22569e-06 2.19777e-06 2.17004e-06 2.14251e-06 2.11518e-06 2.08804e-06 2.06111e-06 2.03439e-06 2.00788e-06 1.98159e-06 1.95551e-06 1.92965e-06 1.90401e-06 1.8786e-06 1.85341e-06 1.82844e-06 1.80371e-06 1.7792e-06 1.75492e-06 1.73088e-06 1.70707e-06 1.68349e-06 1.66014e-06 1.63703e-06 1.61415e-06 1.59151e-06 1.56911e-06 1.54694e-06 1.525e-06 1.5033e-06 1.48183e-06 1.4606e-06 1.4396e-06 1.41884e-06 1.39831e-06 1.37801e-06 1.35794e-06 1.33811e-06 1.3185e-06 1.29912e-06 1.27997e-06 1.26105e-06 1.24236e-06 1.22388e-06 1.20564e-06 1.18761e-06 1.16981e-06 1.15222e-06 1.13486e-06 1.11771e-06 1.10077e-06 1.08405e-06 1.06755e-06 1.05125e-06 1.03517e-06 1.01929e-06 1.00362e-06 9.88148e-07 9.72883e-07 9.5782e-07 9.42956e-07 9.2829e-07 9.13821e-07 8.99546e-07 8.85463e-07 8.71571e-07
2.69066e-05 3.17246e-06 3.14511e-06 3.11755e-06 3.08978e-06 3.06184e-06 3.03373e-06 3.00548e-06 2.97711e-06 2.94862e-06 2.92004e-06 2.89139e-06 2.86267e-06 2.8339e-06 2.8051e-06 2.77628e-06 2.74744e-06 2.71862e-06 2.6898e-06 2.66102e-06 2.63227e-06 2.60357e-06 2.57492e-06 2.54635e-06 2.51785e-06 2.48943e-06 2.46111e-06 2.4329e-06 2.40479e-06 2.3768e-06 2.34893e-06 2.32119e-06 2.29359e-06 2.26613e-06 2.23882e-06 2.21167e-06 2.18467e-06 2.15784e-06 2.13117e-06 2.10468e-06 2.07837e-06 2.05223e-06 2.02629e-06 2.00053e-06 1.97496e-06 1.94958e-06 1.92441e-06 1.89943e-06 1.87466e-06 1.85009e-06 1.82572e-06 1.80157e-06 1.77762e-06 1.75389e-06 1.73037e-06 1.70707e-06 1.68398e-06 1.66111e-06 1.63846e-06 1.61603e-06 1.59381e-06 1.57182e-06 1.55004e-06 1.52849e-06 1.50716e-06 1.48604e-06 1.46515e-06 1.44448e-06 1.42403e-06 1.40381e-06 1.3838e-06 1.36401e-06 1.34444e-06 1.32509e-06 1.30595e-06 1.28704e-06 1.26834e-06 1.24986e-06 1.23159e-06 1.21353e-06 1.19569e-06 1.17806e-06 1.16065e-06 1.14344e-06 1.12644e-06 1.10965e-06 1.09306e-06 1.07668e-06 1.0605e-06 1.04452e-06 1.02875e-06 1.01317e-06 9.97797e-07 9.82616e-07 9.6763e-07 9.52838e-07 9.38238e-07 9.23828e-07 9.09608e-07 8.95574e-07 8.81726e-07
2.62339e-05 3.10843e-06 3.08318e-06 3.05767e-06 3.03192e-06 3.00594e-06 2.97976e-06 2.95339e-06 2.92686e-06 2.90017e-06 2.87335e-06 2.84641e-06 2.81937e-06 2.79224e-06 2.76504e-06 2.73778e-06 2.71047e-06 2.68313e-06 2.65577e-06 2.6284e-06 2.60103e-06 2.57368e-06 2.54635e-06 2.51905e-06 2.4918e-06 2.46461e-06 2.43747e-06 2.41041e-06 2.38343e-06 2.35653e-06 2.32973e-06 2.30303e-06 2.27644e-06 2.24997e-06 2.22362e-06 2.19739e-06 2.1713e-06 2.14535e-06 2.11954e-06 2.09388e-06 2.06837e-06 2.04302e-06 2.01784e-06 1.99282e-06 1.96796e-06 1.94329e-06 1.91878e-06 1.89446e-06 1.87032e-06 1.84637e-06 1.8226e-06 1.79902e-06 1.77564e-06 1.75245e-06 1.72945e-06 1.70666e-06 1.68406e-06 1.66166e-06 1.63947e-06 1.61748e-06 1.59569e-06 1.5741e-06 1.55273e-06 1.53156e-06 1.51059e-06 1.48984e-06 1.46929e-06 1.44895e-06 1.42882e-06 1.40889e-06 1.38918e-06 1.36967e-06 1.35037e-06 1.33128e-06 1.31239e-06 1.29371e-06 1.27524e-06 1.25697e-06 1.23891e-06 1.22106e-06 1.2034e-06 1.18595e-06 1.16871e-06 1.15166e-06 1.13481e-06 1.11817e-06 1.10172e-06 1.08547e-06 1.06941e-06 1.05355e-06 1.03789e-06 1.02242e-06 1.00713e-06 9.92042e-07 9.77139e-07 9.62423e-07 9.47894e-07 9.3355e-07 9.19388e-07 9.05409e-07 8.9161e-07
2.55781e-05 3.04561e-06 3.02239e-06 2.99886e-06 2.97505e-06 2.95097e-06 2.92664e-06 2.90209e-06 2.87733e-06 2.85238e-06 2.82726e-06 2.80198e-06 2.77657e-06 2.75102e-06 2.72537e-06 2.69963e-06 2.6738e-06 2.6479e-06 2.62195e-06 2.59596e-06 2.56994e-06 2.5439e-06 2.51785e-06 2.4918e-06 2.46577e-06 2.43976e-06 2.41379e-06 2.38785e-06 2.36197e-06 2.33615e-06 2.31039e-06 2.28471e-06 2.25911e-06 2.2336e-06 2.20819e-06 2.18288e-06 2.15768e-06 2.13259e-06 2.10762e-06 2.08278e-06 2.05807e-06 2.03349e-06 2.00906e-06 1.98477e-06 1.96062e-06 1.93663e-06 1.9128e-06 1.88913e-06 1.86561e-06 1.84227e-06 1.81909e-06 1.79609e-06 1.77326e-06 1.75061e-06 1.72813e-06 1.70584e-06 1.68373e-06 1.6618e-06 1.64007e-06 1.61851e-06 1.59715e-06 1.57598e-06 1.555e-06 1.53421e-06 1.51362e-06 1.49322e-06 1.47302e-06 1.45301e-06 1.43319e-06 1.41358e-06 1.39416e-06 1.37493e-06 1.3559e-06 1.33707e-06 1.31844e-06 1.3e-06 1.28176e-06 1.26371e-06 1.24586e-06 1.22821e-06 1.21075e-06 1.19348e-06 1.17641e-06 1.15953e-06 1.14284e-06 1.12635e-06 1.11004e-06 1.09393e-06 1.078e-06 1.06226e-06 1.04671e-06 1.03134e-06 1.01616e-06 1.00116e-06 9.86348e-07 9.71714e-07 9.57261e-07 9.42987e-07 9.2889e-07 9.1497e-07 9.01226e-07
2.49386e-05 2.98399e-06 2.96272e-06 2.9411e-06 2.91915e-06 2.8969e-06 2.87437e-06 2.85157e-06 2.82853e-06 2.80526e-06 2.78178e-06 2.75811e-06 2.73426e-06 2.71026e-06 2.68611e-06 2.66183e-06 2.63744e-06 2.61295e-06 2.58837e-06 2.56371e-06 2.539e-06 2.51424e-06 2.48943e-06 2.46461e-06 2.43976e-06 2.41491e-06 2.39007e-06 2.36524e-06 2.34043e-06 2.31566e-06 2.29093e-06 2.26624e-06 2.24161e-06 2.21705e-06 2.19256e-06 2.16814e-06 2.14381e-06 2.11958e-06 2.09544e-06 2.0714e-06 2.04747e-06 2.02366e-06 1.99996e-06 1.97639e-06 1.95295e-06 1.92964e-06 1.90646e-06 1.88343e-06 1.86054e-06 1.8378e-06 1.81521e-06 1.79277e-06 1.77049e-06 1.74837e-06 1.72642e-06 1.70463e-06 1.683e-06 1.66155e-06 1.64026e-06 1.61915e-06 1.59822e-06 1.57746e-06 1.55687e-06 1.53647e-06 1.51625e-06 1.49621e-06 1.47635e-06 1.45667e-06 1.43718e-06 1.41787e-06 1.39874e-06 1.37981e-06 1.36105e-06 1.34249e-06 1.32411e-06 1.30591e-06 1.28791e-06 1.27008e-06 1.25245e-06 1.235e-06 1.21774e-06 1.20066e-06 1.18376e-06 1.16706e-06 1.15053e-06 1.13419e-06 1.11803e-06 1.10206e-06 1.08626e-06 1.07065e-06 1.05521e-06 1.03996e-06 1.02488e-06 1.00998e-06 9.9526e-07 9.80713e-07 9.66341e-07 9.52141e-07 9.38114e-07 9.24259e-07 9.10573e-07
2.43152e-05 2.92355e-06 2.90415e-06 2.88436e-06 2.86422e-06 2.84373e-06 2.82292e-06 2.80182e-06 2.78043e-06 2.75878e-06 2.73689e-06 2.71477e-06 2.69245e-06 2.66993e-06 2.64724e-06 2.62439e-06 2.60139e-06 2.57826e-06 2.55501e-06 2.53166e-06 2.50822e-06 2.4847e-06 2.46111e-06 2.43747e-06 2.41379e-06 2.39007e-06 2.36633e-06 2.34258e-06 2.31882e-06 2.29507e-06 2.27134e-06 2.24763e-06 2.22395e-06 2.20032e-06 2.17673e-06 2.1532e-06 2.12972e-06 2.10632e-06 2.083e-06 2.05975e-06 2.03659e-06 2.01353e-06 1.99056e-06 1.9677e-06 1.94495e-06 1.92231e-06 1.89979e-06 1.87739e-06 1.85511e-06 1.83297e-06 1.81096e-06 1.78909e-06 1.76736e-06 1.74577e-06 1.72432e-06 1.70303e-06 1.68189e-06 1.6609e-06 1.64007e-06 1.6194e-06 1.59889e-06 1.57854e-06 1.55835e-06 1.53833e-06 1.51848e-06 1.4988e-06 1.47928e-06 1.45994e-06 1.44077e-06 1.42177e-06 1.40295e-06 1.3843e-06 1.36582e-06 1.34753e-06 1.3294e-06 1.31145e-06 1.29368e-06 1.27609e-06 1.25867e-06 1.24143e-06 1.22437e-06 1.20748e-06 1.19077e-06 1.17424e-06 1.15788e-06 1.1417e-06 1.12569e-06 1.10986e-06 1.0942e-06 1.07872e-06 1.06341e-06 1.04827e-06 1.0333e-06 1.0185e-06 1.00388e-06 9.89423e-07 9.75136e-07 9.61016e-07 9.47064e-07 9.33277e-07 9.19655e-07
2.37073e-05 2.86427e-06 2.84667e-06 2.82865e-06 2.81023e-06 2.79144e-06 2.7723e-06 2.75282e-06 2.73304e-06 2.71296e-06 2.6926e-06 2.67199e-06 2.65114e-06 2.63006e-06 2.60878e-06 2.58731e-06 2.56566e-06 2.54385e-06 2.5219e-06 2.49982e-06 2.47761e-06 2.4553e-06 2.4329e-06 2.41041e-06 2.38785e-06 2.36524e-06 2.34258e-06 2.31988e-06 2.29715e-06 2.2744e-06 2.25165e-06 2.22889e-06 2.20615e-06 2.18342e-06 2.16072e-06 2.13805e-06 2.11542e-06 2.09284e-06 2.07031e-06 2.04785e-06 2.02545e-06 2.00312e-06 1.98088e-06 1.95871e-06 1.93664e-06 1.91467e-06 1.89279e-06 1.87101e-06 1.84935e-06 1.8278e-06 1.80636e-06 1.78505e-06 1.76386e-06 1.74279e-06 1.72186e-06 1.70106e-06 1.6804e-06 1.65988e-06 1.6395e-06 1.61927e-06 1.59918e-06 1.57924e-06 1.55945e-06 1.53981e-06 1.52033e-06 1.50101e-06 1.48184e-06 1.46283e-06 1.44399e-06 1.4253e-06 1.40678e-06 1.38842e-06 1.37022e-06 1.35219e-06 1.33433e-06 1.31663e-06 1.2991e-06 1.28174e-06 1.26454e-06 1.24751e-06 1.23065e-06 1.21396e-06 1.19744e-06 1.18108e-06 1.16489e-06 1.14888e-06 1.13302e-06 1.11734e-06 1.10182e-06 1.08647e-06 1.07129e-06 1.05627e-06 1.04142e-06 1.02673e-06 1.01221e-06 9.97846e-07 9.83649e-07 9.69614e-07 9.5574e-07 9.42027e-07 9.28473e-07
2.31146e-05 2.80612e-06 2.79025e-06 2.77393e-06 2.75718e-06 2.74002e-06 2.72249e-06 2.70458e-06 2.68634e-06 2.66777e-06 2.6489e-06 2.62974e-06 2.61031e-06 2.59063e-06 2.57072e-06 2.55059e-06 2.53025e-06 2.50973e-06 2.48903e-06 2.46818e-06 2.44718e-06 2.42604e-06 2.40479e-06 2.38343e-06 2.36197e-06 2.34043e-06 2.31882e-06 2.29715e-06 2.27542e-06 2.25366e-06 2.23186e-06 2.21004e-06 2.18821e-06 2.16637e-06 2.14454e-06 2.12272e-06 2.10091e-06 2.07914e-06 2.0574e-06 2.0357e-06 2.01405e-06 1.99245e-06 1.97091e-06 1.94944e-06 1.92804e-06 1.90671e-06 1.88547e-06 1.86432e-06 1.84325e-06 1.82229e-06 1.80142e-06 1.78066e-06 1.76001e-06 1.73947e-06 1.71904e-06 1.69873e-06 1.67855e-06 1.65849e-06 1.63856e-06 1.61876e-06 1.5991e-06 1.57957e-06 1.56017e-06 1.54092e-06 1.52181e-06 1.50285e-06 1.48403e-06 1.46535e-06 1.44683e-06 1.42846e-06 1.41024e-06 1.39217e-06 1.37426e-06 1.3565e-06 1.3389e-06 1.32145e-06 1.30416e-06 1.28703e-06 1.27006e-06 1.25325e-06 1.23659e-06 1.2201e-06 1.20377e-06 1.18759e-06 1.17158e-06 1.15573e-06 1.14004e-06 1.1245e-06 1.10913e-06 1.09392e-06 1.07887e-06 1.06397e-06 1.04924e-06 1.03466e-06 1.02025e-06 1.00599e-06 9.91882e-07 9.77936e-07 9.64145e-07 9.5051e-07 9.3703e-07
2.25368e-05 2.74909e-06 2.73488e-06 2.72019e-06 2.70505e-06 2.68947e-06 2.67347e-06 2.65709e-06 2.64033e-06 2.62323e-06 2.60579e-06 2.58803e-06 2.56998e-06 2.55166e-06 2.53307e-06 2.51423e-06 2.49517e-06 2.47589e-06 2.45641e-06 2.43675e-06 2.41692e-06 2.39693e-06 2.3768e-06 2.35653e-06 2.33615e-06 2.31566e-06 2.29507e-06 2.2744e-06 2.25366e-06 2.23285e-06 2.21199e-06 2.19108e-06 2.17015e-06 2.14918e-06 2.1282e-06 2.10721e-06 2.08622e-06 2.06523e-06 2.04427e-06 2.02332e-06 2.0024e-06 1.98152e-06 1.96068e-06 1.93989e-06 1.91915e-06 1.89847e-06 1.87785e-06 1.85731e-06 1.83684e-06 1.81646e-06 1.79615e-06 1.77594e-06 1.75582e-06 1.73579e-06 1.71587e-06 1.69605e-06 1.67634e-06 1.65675e-06 1.63726e-06 1.6179e-06 1.59865e-06 1.57953e-06 1.56053e-06 1.54166e-06 1.52292e-06 1.50432e-06 1.48585e-06 1.46751e-06 1.44931e-06 1.43126e-06 1.41334e-06 1.39556e-06 1.37793e-06 1.36045e-06 1.34311e-06 1.32592e-06 1.30887e-06 1.29198e-06 1.27524e-06 1.25864e-06 1.2422e-06 1.22591e-06 1.20977e-06 1.19378e-06 1.17794e-06 1.16226e-06 1.14673e-06 1.13135e-06 1.11613e-06 1.10106e-06 1.08614e-06 1.07138e-06 1.05677e-06 1.04231e-06 1.028e-06 1.01384e-06 9.99838e-07 9.85985e-07 9.72282e-07 9.58729e-07 9.45326e-07
2.19733e-05 2.69316e-06 2.68055e-06 2.66743e-06 2.65382e-06 2.63976e-06 2.62525e-06 2.61033e-06 2.59501e-06 2.57931e-06 2.56326e-06 2.54686e-06 2.53014e-06 2.51312e-06 2.49582e-06 2.47824e-06 2.46041e-06 2.44234e-06 2.42404e-06 2.40554e-06 2.38685e-06 2.36797e-06 2.34893e-06 2.32973e-06 2.31039e-06 2.29093e-06 2.27134e-06 2.25165e-06 2.23186e-06 2.21199e-06 2.19204e-06 2.17203e-06 2.15197e-06 2.13186e-06 2.11171e-06 2.09154e-06 2.07134e-06 2.05113e-06 2.03092e-06 2.01072e-06 1.99052e-06 1.97034e-06 1.95019e-06 1.93007e-06 1.90998e-06 1.88994e-06 1.86995e-06 1.85001e-06 1.83013e-06 1.81031e-06 1.79057e-06 1.77089e-06 1.7513e-06 1.73179e-06 1.71237e-06 1.69303e-06 1.6738e-06 1.65465e-06 1.63562e-06 1.61668e-06 1.59785e-06 1.57914e-06 1.56054e-06 1.54205e-06 1.52368e-06 1.50543e-06 1.48731e-06 1.46931e-06 1.45144e-06 1.4337e-06 1.41609e-06 1.39861e-06 1.38126e-06 1.36405e-06 1.34698e-06 1.33004e-06 1.31325e-06 1.29659e-06 1.28007e-06 1.2637e-06 1.24747e-06 1.23138e-06 1.21544e-06 1.19964e-06 1.18398e-06 1.16848e-06 1.15311e-06 1.1379e-06 1.12282e-06 1.1079e-06 1.09312e-06 1.07849e-06 1.064e-06 1.04966e-06 1.03547e-06 1.02142e-06 1.00752e-06 9.93764e-07 9.80153e-07 9.66686e-07 9.53364e-07
2.1424e-05 2.63831e-06 2.62723e-06 2.61561e-06 2.60349e-06 2.59088e-06 2.57781e-06 2.5643e-06 2.55037e-06 2.53603e-06 2.52131e-06 2.50622e-06 2.49079e-06 2.47504e-06 2.45897e-06 2.44261e-06 2.42597e-06 2.40908e-06 2.39193e-06 2.37456e-06 2.35697e-06 2.33917e-06 2.32119e-06 2.30303e-06 2.28471e-06 2.26624e-06 2.24763e-06 2.22889e-06 2.21004e-06 2.19108e-06 2.17203e-06 2.1529e-06 2.13369e-06 2.11441e-06 2.09509e-06 2.07571e-06 2.0563e-06 2.03685e-06 2.01739e-06 1.99791e-06 1.97842e-06 1.95894e-06 1.93946e-06 1.92e-06 1.90055e-06 1.88114e-06 1.86176e-06 1.84241e-06 1.82312e-06 1.80387e-06 1.78467e-06 1.76554e-06 1.74647e-06 1.72746e-06 1.70853e-06 1.68968e-06 1.67091e-06 1.65223e-06 1.63363e-06 1.61512e-06 1.59671e-06 1.5784e-06 1.56019e-06 1.54209e-06 1.52409e-06 1.5062e-06 1.48843e-06 1.47076e-06 1.45322e-06 1.43579e-06 1.41849e-06 1.4013e-06 1.38424e-06 1.36731e-06 1.3505e-06 1.33383e-06 1.31728e-06 1.30086e-06 1.28458e-06 1.26843e-06 1.25241e-06 1.23653e-06 1.22079e-06 1.20518e-06 1.18971e-06 1.17438e-06 1.15919e-06 1.14413e-06 1.12922e-06 1.11444e-06 1.0998e-06 1.08531e-06 1.07095e-06 1.05674e-06 1.04266e-06 1.02873e-06 1.01493e-06 1.00127e-06 9.87759e-07 9.74383e-07 9.61146e-07
2.08884e-05 2.58451e-06 2.5749e-06 2.56474e-06 2.55404e-06 2.54284e-06 2.53115e-06 2.51899e-06 2.50639e-06 2.49336e-06 2.47993e-06 2.46612e-06 2.45193e-06 2.4374e-06 2.42253e-06 2.40735e-06 2.39187e-06 2.37611e-06 2.36008e-06 2.3438e-06 2.32728e-06 2.31054e-06 2.29359e-06 2.27644e-06 2.25911e-06 2.24161e-06 2.22395e-06 2.20615e-06 2.18821e-06 2.17015e-06 2.15197e-06 2.13369e-06 2.11532e-06 2.09686e-06 2.07833e-06 2.05974e-06 2.04109e-06 2.0224e-06 2.00366e-06 1.9849e-06 1.96611e-06 1.94731e-06 1.9285e-06 1.90968e-06 1.89087e-06 1.87208e-06 1.8533e-06 1.83455e-06 1.81582e-06 1.79713e-06 1.77848e-06 1.75988e-06 1.74132e-06 1.72282e-06 1.70439e-06 1.68601e-06 1.6677e-06 1.64947e-06 1.63131e-06 1.61323e-06 1.59524e-06 1.57733e-06 1.55951e-06 1.54179e-06 1.52416e-06 1.50663e-06 1.4892e-06 1.47188e-06 1.45466e-06 1.43755e-06 1.42055e-06 1.40366e-06 1.38689e-06 1.37023e-06 1.3537e-06 1.33728e-06 1.32098e-06 1.30481e-06 1.28876e-06 1.27284e-06 1.25704e-06 1.24137e-06 1.22582e-06 1.21041e-06 1.19513e-06 1.17998e-06 1.16496e-06 1.15007e-06 1.13531e-06 1.12069e-06 1.1062e-06 1.09184e-06 1.07762e-06 1.06353e-06 1.04958e-06 1.03576e-06 1.02207e-06 1.00852e-06 9.95104e-07 9.81822e-07 9.68675e-07
