0.00438757 0.00348292 0.00276479 0.00219473 0.00174221 0.00138299 0.00109784 0.00087148 0.000691793 0.000549156 0.000435928 0.000346046 0.000274696 0.000218058 0.000173097 0.000137407 0.000109076 8.65859e-05 6.87332e-05 5.45614e-05 4.33116e-05 3.43814e-05 2.72924e-05 2.16651e-05 1.71981e-05 1.36521e-05 1.08372e-05 8.60275e-06 6.82899e-06 5.42095e-06 4.30323e-06 3.41596e-06 2.71164e-06 2.15254e-06 1.70872e-06 1.3564e-06 1.07673e-06 8.54727e-07 6.78494e-07 5.38599e-07 4.27547e-07 3.39393e-07 2.69415e-07 2.13866e-07 1.6977e-07 1.34766e-07 1.06979e-07 8.49214e-08 6.74118e-08 5.35125e-08 4.2479e-08 3.37204e-08 2.67678e-08 2.12486e-08 1.68675e-08 1.33896e-08 1.06289e-08 8.43737e-09 6.6977e-09 5.31673e-09 4.2205e-09 3.35029e-09 2.65951e-09 2.11116e-09 1.67587e-09 1.33033e-09 1.05603e-09 8.38295e-10 6.65451e-10 5.28244e-10 4.19328e-10 3.32869e-10 2.64236e-10 2.09754e-10 1.66506e-10 1.32175e-10 1.04922e-10 8.32888e-11 6.61159e-11 5.24837e-11 4.16624e-11 3.30722e-11 2.62532e-11 2.08401e-11 1.65432e-11 1.31322e-11 1.04246e-11 8.27517e-12 6.56895e-12 5.21452e-12 4.13936e-12 3.28589e-12 2.60838e-12 2.07057e-12 1.64365e-12 1.30475e-12 1.03573e-12 8.22179e-13 6.52658e-13 5.18089e-13 4.11267e-13
0.00348292 0.00293207 0.0024603 0.00205843 0.00171769 0.00142995 0.00118784 0.000984778 0.000814956 0.000673299 0.000555411 0.000457513 0.000376373 0.000309243 0.000253795 0.000208066 0.000170404 0.000139428 0.000113981 9.31001e-05 7.59843e-05 6.19687e-05 5.05024e-05 4.11301e-05 3.34756e-05 2.72291e-05 2.21354e-05 1.79845e-05 1.46044e-05 1.18535e-05 9.61616e-06 7.79751e-06 6.32001e-06 5.12029e-06 4.14663e-06 3.3568e-06 2.71639e-06 2.19736e-06 1.77688e-06 1.43638e-06 1.16075e-06 9.37724e-07 7.57318e-07 6.11441e-07 4.93524e-07 3.98239e-07 3.21266e-07 2.59104e-07 2.08918e-07 1.68412e-07 1.35728e-07 1.09363e-07 8.80992e-08 7.0955e-08 5.71352e-08 4.59978e-08 3.70242e-08 2.97956e-08 2.39738e-08 1.92861e-08 1.55123e-08 1.24748e-08 1.00304e-08 8.06367e-09 6.48154e-09 5.20904e-09 4.18573e-09 3.36295e-09 2.70152e-09 2.16988e-09 1.74262e-09 1.3993e-09 1.12348e-09 9.01906e-10 7.23943e-10 5.81024e-10 4.66265e-10 3.74128e-10 3.00163e-10 2.40795e-10 1.93147e-10 1.54911e-10 1.24232e-10 9.96179e-11 7.98727e-11 6.40348e-11 5.13324e-11 4.11458e-11 3.29776e-11 2.64286e-11 2.11782e-11 1.69694e-11 1.35958e-11 1.0892e-11 8.72516e-12 6.98882e-12 5.59757e-12 4.48292e-12 3.58995e-12 2.87464e-12 2.30168e-12
0.00276479 0.0024603 0.00217022 0.00190022 0.00165332 0.00143064 0.00123204 0.00105652 0.000902601 0.000768504 0.000652339 0.000552204 0.000466263 0.000392789 0.000330191 0.000277025 0.000231997 0.00019396 0.000161905 0.000134948 0.000112324 9.33723e-05 7.75234e-05 6.42906e-05 5.32585e-05 4.40741e-05 3.6438e-05 3.00969e-05 2.48373e-05 2.04797e-05 1.68731e-05 1.38909e-05 1.14275e-05 9.39431e-06 7.7177e-06 6.33622e-06 5.19881e-06 4.26304e-06 3.4937e-06 2.86163e-06 2.34267e-06 1.91683e-06 1.56763e-06 1.28144e-06 1.04701e-06 8.55082e-07 6.98038e-07 5.69598e-07 4.64604e-07 3.78814e-07 3.08749e-07 2.51549e-07 2.04873e-07 1.668e-07 1.35757e-07 1.10454e-07 8.98392e-08 7.30489e-08 5.93785e-08 4.82522e-08 3.91995e-08 3.18363e-08 2.58491e-08 2.09823e-08 1.70274e-08 1.38144e-08 1.12049e-08 9.08616e-09 7.36631e-09 5.97062e-09 4.83828e-09 3.91982e-09 3.17503e-09 2.57122e-09 2.0818e-09 1.6852e-09 1.36389e-09 1.10363e-09 8.9286e-10 7.2221e-10 5.84069e-10 4.72267e-10 3.81799e-10 3.08609e-10 2.49407e-10 2.01528e-10 1.62815e-10 1.31517e-10 1.06219e-10 8.57746e-11 6.92545e-11 5.59079e-11 4.51269e-11 3.64197e-11 2.93884e-11 2.37113e-11 1.91283e-11 1.54291e-11 1.24436e-11 1.00346e-11 8.09085e-12
0.00219473 0.00205843 0.00190022 0.00173204 0.00156239 0.00139712 0.0012401 0.0010937 0.000959217 0.000837135 0.000727399 0.000629572 0.000542976 0.000466788 0.000400116 0.000342046 0.00029168 0.000248162 0.000210689 0.000178522 0.000150986 0.000127478 0.000107455 9.04388e-05 7.6008e-05 6.3793e-05 5.34722e-05 4.47664e-05 3.74346e-05 3.12691e-05 2.60916e-05 2.17496e-05 1.81128e-05 1.50703e-05 1.25278e-05 1.04056e-05 8.63583e-06 7.16153e-06 5.93449e-06 4.91415e-06 4.06644e-06 3.36271e-06 2.77898e-06 2.29515e-06 1.89442e-06 1.56275e-06 1.28842e-06 1.06168e-06 8.74371e-07 7.19743e-07 5.92167e-07 4.8697e-07 4.00274e-07 3.28864e-07 2.70074e-07 2.21699e-07 1.81912e-07 1.49206e-07 1.22331e-07 1.00258e-07 8.21375e-08 6.72673e-08 5.50695e-08 4.50679e-08 3.68703e-08 3.01537e-08 2.46528e-08 2.0149e-08 1.64629e-08 1.3447e-08 1.09804e-08 8.9637e-09 7.31531e-09 5.96839e-09 4.86816e-09 3.96969e-09 3.23621e-09 2.63758e-09 2.14915e-09 1.75074e-09 1.42584e-09 1.16097e-09 9.45081e-10 7.69166e-10 6.25856e-10 5.09137e-10 4.14097e-10 3.36727e-10 2.73757e-10 2.22518e-10 1.80833e-10 1.46929e-10 1.19358e-10 9.69427e-11 7.87224e-11 6.3915e-11 5.18835e-11 4.21094e-11 3.41707e-11 2.77239e-11 2.24897e-11
0.00174221 0.00171769 0.00165332 0.00156239 0.0014551 0.00133917 0.00122034 0.00110276 0.00098934 0.000882011 0.000781975 0.000689874 0.000605937 0.000530094 0.000462068 0.000401442 0.000347714 0.000300335 0.000258743 0.000222375 0.000190692 0.000163181 0.000139366 0.000118807 0.000101106 8.59012e-05 7.28701e-05 6.17251e-05 5.2212e-05 4.41066e-05 3.72125e-05 3.13583e-05 2.63948e-05 2.21925e-05 1.86396e-05 1.56398e-05 1.31101e-05 1.09793e-05 9.1867e-06 7.68015e-06 6.41535e-06 5.35457e-06 4.46575e-06 3.7217e-06 3.09939e-06 2.57935e-06 2.14512e-06 1.78283e-06 1.4808e-06 1.22918e-06 1.01971e-06 8.45452e-07 7.00581e-07 5.80219e-07 4.80282e-07 3.97354e-07 3.28581e-07 2.71579e-07 2.24359e-07 1.85264e-07 1.52913e-07 1.26155e-07 1.04035e-07 8.57584e-08 7.06634e-08 5.82023e-08 4.792e-08 3.94393e-08 3.24474e-08 2.66854e-08 2.19388e-08 1.80303e-08 1.4813e-08 1.21658e-08 9.98842e-09 8.19812e-09 6.72661e-09 5.51754e-09 4.52444e-09 3.709e-09 3.03964e-09 2.49038e-09 2.03981e-09 1.6703e-09 1.36736e-09 1.11908e-09 9.15638e-10 7.48993e-10 6.12526e-10 5.00801e-10 4.09357e-10 3.34531e-10 2.7332e-10 2.23258e-10 1.82325e-10 1.48864e-10 1.21517e-10 9.91732e-11 8.09209e-11 6.60142e-11 5.38426e-11
0.00138299 0.00142995 0.00143064 0.00139712 0.00133917 0.00126466 0.00117982 0.00108949 0.000997349 0.000906157 0.000817899 0.00073395 0.000655205 0.000582183 0.000515117 0.000454026 0.000398772 0.000349109 0.000304718 0.000265234 0.000230271 0.000199435 0.000172339 0.00014861 0.000127892 0.000109856 9.41954e-05 8.06317e-05 6.8911e-05 5.88046e-05 5.0108e-05 4.26387e-05 3.62351e-05 3.07545e-05 2.60715e-05 2.20761e-05 1.86722e-05 1.57765e-05 1.33162e-05 1.12285e-05 9.45917e-06 7.96137e-06 6.69483e-06 5.625e-06 4.72224e-06 3.96121e-06 3.32028e-06 2.78098e-06 2.32759e-06 1.94676e-06 1.62713e-06 1.35909e-06 1.13447e-06 9.46392e-07 7.89015e-07 6.57422e-07 5.47463e-07 4.55642e-07 3.79016e-07 3.15109e-07 2.61843e-07 2.17472e-07 1.80531e-07 1.49794e-07 1.24232e-07 1.02985e-07 8.53338e-08 7.06772e-08 5.85131e-08 4.84224e-08 4.00556e-08 3.31212e-08 2.73767e-08 2.26199e-08 1.86826e-08 1.5425e-08 1.27308e-08 1.05035e-08 8.66296e-09 7.14249e-09 5.88694e-09 4.85052e-09 3.9953e-09 3.28983e-09 2.7081e-09 2.22857e-09 1.8334e-09 1.50787e-09 1.23979e-09 1.01908e-09 8.3743e-10 6.87974e-10 5.65041e-10 4.63953e-10 3.80852e-10 3.12557e-10 2.56444e-10 2.10354e-10 1.72506e-10 1.41434e-10 1.15932e-10
0.00109784 0.00118784 0.00123204 0.0012401 0.00122034 0.00117982 0.00112442 0.00105896 0.000987331 0.000912631 0.00083726 0.000763039 0.000691312 0.000623027 0.000558813 0.000499048 0.000443912 0.000393432 0.000347523 0.000306018 0.000268691 0.000235281 0.000205506 0.000179074 0.000155695 0.000135084 0.000116969 0.000101093 8.72162e-05 7.5117e-05 6.45921e-05 5.54566e-05 4.75434e-05 4.07022e-05 3.47988e-05 2.97133e-05 2.53398e-05 2.15844e-05 1.83646e-05 1.56081e-05 1.32513e-05 1.12389e-05 9.52281e-06 8.0611e-06 6.8175e-06 5.76066e-06 4.86348e-06 4.10262e-06 3.45801e-06 2.91241e-06 2.45104e-06 2.06125e-06 1.73221e-06 1.45468e-06 1.2208e-06 1.02385e-06 8.58127e-07 7.18781e-07 6.01699e-07 5.03392e-07 4.20905e-07 3.51737e-07 2.93776e-07 2.45234e-07 2.04607e-07 1.70624e-07 1.42214e-07 1.18477e-07 9.86554e-08 8.21117e-08 6.83113e-08 5.68051e-08 4.72164e-08 3.92296e-08 3.25801e-08 2.70468e-08 2.24442e-08 1.86175e-08 1.54374e-08 1.27956e-08 1.0602e-08 8.78127e-09 7.27064e-09 6.01777e-09 4.97909e-09 4.1183e-09 3.4052e-09 2.81466e-09 2.3258e-09 1.92124e-09 1.58656e-09 1.30978e-09 1.08097e-09 8.91869e-10 7.35637e-10 6.066e-10 5.00059e-10 4.12117e-10 3.39549e-10 2.79685e-10 2.30315e-10
0.00087148 0.000984778 0.00105652 0.0010937 0.00110276 0.00108949 0.00105896 0.00101556 0.000963001 0.000904387 0.000842252 0.000778632 0.000715131 0.000652981 0.000593097 0.000536134 0.00048253 0.000432548 0.000386314 0.000343843 0.000305071 0.00026987 0.00023807 0.000209472 0.00018386 0.000161008 0.00014069 0.000122684 0.000106773 9.27533e-05 8.04326e-05 6.96312e-05 6.01837e-05 5.19382e-05 4.47567e-05 3.85139e-05 3.30972e-05 2.84055e-05 2.43485e-05 2.08459e-05 1.78266e-05 1.52277e-05 1.29937e-05 1.10759e-05 9.43175e-06 8.02388e-06 6.81976e-06 5.79108e-06 4.91325e-06 4.16492e-06 3.52765e-06 2.98549e-06 2.52468e-06 2.13338e-06 1.8014e-06 1.51999e-06 1.28165e-06 1.07995e-06 9.09384e-07 7.65267e-07 6.43584e-07 5.40918e-07 4.54357e-07 3.81426e-07 3.20019e-07 2.68348e-07 2.24898e-07 1.88383e-07 1.57715e-07 1.31972e-07 1.10377e-07 9.22697e-08 7.70966e-08 6.43885e-08 5.37506e-08 4.48501e-08 3.7407e-08 3.11858e-08 2.59883e-08 2.1648e-08 1.80253e-08 1.50029e-08 1.24824e-08 1.03814e-08 8.63073e-09 7.17266e-09 5.95876e-09 4.94853e-09 4.10814e-09 3.4093e-09 2.82838e-09 2.34566e-09 1.9447e-09 1.61176e-09 1.33539e-09 1.10607e-09 9.15853e-10 7.58119e-10 6.27365e-10 5.19011e-10 4.29248e-10
0.000691793 0.000814956 0.000902601 0.000959217 0.00098934 0.000997349 0.000987331 0.000963001 0.000927662 0.000884195 0.000835066 0.00078235 0.000727759 0.000672682 0.000618218 0.000565218 0.000514318 0.00046597 0.00042048 0.000378026 0.000338692 0.000302478 0.000269327 0.000239137 0.00021177 0.000187068 0.00016486 0.000144965 0.000127203 0.000111393 9.73624e-05 8.49445e-05 7.3982e-05 6.43276e-05 5.58444e-05 4.84063e-05 4.18978e-05 3.62136e-05 3.12586e-05 2.69466e-05 2.32005e-05 1.99512e-05 1.71371e-05 1.47034e-05 1.26017e-05 1.07891e-05 9.22793e-06 7.8849e-06 6.73094e-06 5.74057e-06 4.89154e-06 4.16448e-06 3.54249e-06 3.01094e-06 2.55711e-06 2.17e-06 1.84011e-06 1.55922e-06 1.32027e-06 1.11716e-06 9.44653e-07 7.98255e-07 6.7411e-07 5.68913e-07 4.79836e-07 4.04463e-07 3.4073e-07 2.86874e-07 2.41395e-07 2.03015e-07 1.70645e-07 1.43361e-07 1.20377e-07 1.01027e-07 8.47455e-08 7.10537e-08 5.95457e-08 4.98784e-08 4.17615e-08 3.49499e-08 2.92365e-08 2.44466e-08 2.04328e-08 1.7071e-08 1.42564e-08 1.19012e-08 9.93115e-09 8.28403e-09 6.90747e-09 5.75751e-09 4.79724e-09 3.9957e-09 3.3269e-09 2.76908e-09 2.30401e-09 1.9164e-09 1.59347e-09 1.32452e-09 1.10062e-09 9.14274e-10 7.59244e-10
0.000549156 0.000673299 0.000768504 0.000837135 0.000882011 0.000906157 0.000912631 0.000904387 0.000884195 0.000854582 0.000817809 0.000775856 0.000730428 0.000682963 0.000634658 0.000586484 0.000539214 0.000493445 0.000449624 0.00040807 0.000368993 0.000332512 0.000298677 0.000267478 0.000238861 0.000212738 0.000188995 0.000167503 0.000148119 0.000130699 0.000115092 0.000101151 8.8735e-05 7.77047e-05 6.79302e-05 5.92888e-05 5.1666e-05 4.4956e-05 3.90611e-05 3.38923e-05 2.93683e-05 2.54154e-05 2.19673e-05 1.89643e-05 1.63529e-05 1.40853e-05 1.21191e-05 1.04164e-05 8.94378e-06 7.67182e-06 6.57447e-06 5.62885e-06 4.81491e-06 4.11506e-06 3.51394e-06 2.99814e-06 2.556e-06 2.17735e-06 1.85337e-06 1.57643e-06 1.3399e-06 1.13804e-06 9.65934e-07 8.19299e-07 6.94467e-07 5.88276e-07 4.98009e-07 4.21334e-07 3.5625e-07 3.01042e-07 2.54244e-07 2.146e-07 1.81037e-07 1.52642e-07 1.28632e-07 1.08342e-07 9.12071e-08 7.67436e-08 6.45423e-08 5.42549e-08 4.55857e-08 3.82842e-08 3.21376e-08 2.69659e-08 2.26166e-08 1.89607e-08 1.58891e-08 1.33095e-08 1.11443e-08 9.32754e-09 7.80391e-09 6.52665e-09 5.45638e-09 4.55991e-09 3.80933e-09 3.18116e-09 2.65563e-09 2.21614e-09 1.84875e-09 1.54175e-09 1.28529e-09
0.000435928 0.000555411 0.000652339 0.000727399 0.000781975 0.000817899 0.00083726 0.000842252 0.000835066 0.000817809 0.000792451 0.000760789 0.000724429 0.000684783 0.000643066 0.000600307 0.000557359 0.00051492 0.000473542 0.000433652 0.000395566 0.000359509 0.000325625 0.000293992 0.000264635 0.000237536 0.000212642 0.000189876 0.000169142 0.000150328 0.000133318 0.000117989 0.000104217 9.18799e-05 8.08571e-05 7.1034e-05 6.23011e-05 5.45551e-05 4.76993e-05 4.16437e-05 3.63055e-05 3.16085e-05 2.74829e-05 2.38655e-05 2.06988e-05 1.79309e-05 1.55154e-05 1.34103e-05 1.15783e-05 9.98617e-06 8.60423e-06 7.40624e-06 6.36895e-06 5.47185e-06 4.69686e-06 4.0281e-06 3.4516e-06 2.95515e-06 2.52805e-06 2.16097e-06 1.84576e-06 1.57535e-06 1.34357e-06 1.14506e-06 9.75208e-07 8.2998e-07 7.05908e-07 5.99991e-07 5.09641e-07 4.32627e-07 3.67026e-07 3.11186e-07 2.63688e-07 2.23311e-07 1.89011e-07 1.59891e-07 1.35185e-07 1.14236e-07 9.64832e-08 8.1448e-08 6.87214e-08 5.79551e-08 4.8852e-08 4.11594e-08 3.4662e-08 2.91771e-08 2.45491e-08 2.06462e-08 1.73562e-08 1.45844e-08 1.22501e-08 1.02852e-08 8.63201e-09 7.24167e-09 6.0729e-09 5.09082e-09 4.26594e-09 3.5734e-09 2.99219e-09 2.50461e-09 2.09574e-09
0.000346046 0.000457513 0.000552204 0.000629572 0.000689874 0.00073395 0.000763039 0.000778632 0.00078235 0.000775856 0.000760789 0.000738706 0.000711058 0.000679165 0.000644203 0.000607204 0.000569056 0.00053051 0.00049219 0.000454602 0.000418147 0.000383133 0.000349787 0.000318266 0.000288667 0.000261039 0.00023539 0.000211695 0.000189903 0.000169946 0.000151739 0.000135188 0.000120192 0.000106647 9.4449e-05 8.34941e-05 7.3681e-05 6.49124e-05 5.70952e-05 5.01417e-05 4.39693e-05 3.85012e-05 3.36664e-05 2.93993e-05 2.56398e-05 2.23331e-05 1.94292e-05 1.68831e-05 1.4654e-05 1.27052e-05 1.10037e-05 9.52026e-06 8.22847e-06 7.10499e-06 6.12905e-06 5.28227e-06 4.54838e-06 3.913e-06 3.3635e-06 2.88876e-06 2.479e-06 2.12568e-06 1.82131e-06 1.55933e-06 1.33406e-06 1.14051e-06 9.74349e-07 8.31825e-07 7.0967e-07 6.05056e-07 5.1553e-07 4.38974e-07 3.73556e-07 3.17694e-07 2.70026e-07 2.29377e-07 1.94736e-07 1.65235e-07 1.40126e-07 1.18769e-07 1.00614e-07 8.51903e-08 7.20943e-08 6.09812e-08 5.1556e-08 4.35666e-08 3.67979e-08 3.10664e-08 2.62158e-08 2.21126e-08 1.86434e-08 1.57117e-08 1.32354e-08 1.11447e-08 9.38037e-09 7.89218e-09 6.63744e-09 5.58e-09 4.68922e-09 3.93914e-09 3.30781e-09
0.000274696 0.000376373 0.000466263 0.000542976 0.000605937 0.000655205 0.000691312 0.000715131 0.000727759 0.000730428 0.000724429 0.000711058 0.000691571 0.000667152 0.000638896 0.000607793 0.000574725 0.000540461 0.000505662 0.000470887 0.000436596 0.000403163 0.000370881 0.000339975 0.000310607 0.000282885 0.000256875 0.000232602 0.000210065 0.000189232 0.000170057 0.000152476 0.000136414 0.00012179 0.000108517 9.65055e-05 8.56667e-05 7.59115e-05 6.71534e-05 5.93092e-05 5.22993e-05 4.60482e-05 4.04853e-05 3.55443e-05 3.1164e-05 2.72875e-05 2.38629e-05 2.08424e-05 1.81824e-05 1.58436e-05 1.37901e-05 1.19897e-05 1.04134e-05 9.03493e-06 7.83112e-06 6.7811e-06 5.86631e-06 5.07024e-06 4.37827e-06 3.77742e-06 3.25625e-06 2.80464e-06 2.41371e-06 2.07561e-06 1.7835e-06 1.53133e-06 1.31385e-06 1.12643e-06 9.65072e-07 8.26254e-07 7.06924e-07 6.04428e-07 5.16458e-07 4.41011e-07 3.76351e-07 3.20976e-07 2.73585e-07 2.33054e-07 1.98414e-07 1.68828e-07 1.43574e-07 1.22031e-07 1.03665e-07 8.80178e-08 7.46938e-08 6.33548e-08 5.37105e-08 4.55122e-08 3.85469e-08 3.26322e-08 2.76123e-08 2.3354e-08 1.97436e-08 1.6684e-08 1.40924e-08 1.18984e-08 1.00417e-08 8.47126e-09 7.14352e-09 6.02148e-09 5.07369e-09
0.000218058 0.000309243 0.000392789 0.000466788 0.000530094 0.000582183 0.000623027 0.000652981 0.000672682 0.000682963 0.000684783 0.000679165 0.000667152 0.000649768 0.000627995 0.00060275 0.000574873 0.000545122 0.000514166 0.000482589 0.000450889 0.000419487 0.000388727 0.000358886 0.000330182 0.000302777 0.000276787 0.000252287 0.000229317 0.000207888 0.00018799 0.00016959 0.000152642 0.000137089 0.000122864 0.000109895 9.81066e-05 8.7422e-05 7.77634e-05 6.90543e-05 6.12202e-05 5.41892e-05 4.78926e-05 4.22655e-05 3.72466e-05 3.27785e-05 2.88081e-05 2.5286e-05 2.21669e-05 1.9409e-05 1.69743e-05 1.4828e-05 1.29389e-05 1.12782e-05 9.82046e-06 8.5424e-06 7.42332e-06 6.44462e-06 5.5897e-06 4.84375e-06 4.1936e-06 3.62755e-06 3.13524e-06 2.7075e-06 2.33622e-06 2.01426e-06 1.73532e-06 1.49389e-06 1.28509e-06 1.10468e-06 9.48919e-07 8.14559e-07 6.98749e-07 5.99006e-07 5.13167e-07 4.39348e-07 3.75914e-07 3.21441e-07 2.74696e-07 2.34611e-07 2.0026e-07 1.70841e-07 1.45663e-07 1.24128e-07 1.05719e-07 8.99935e-08 7.65672e-08 6.51109e-08 5.53411e-08 4.7014e-08 3.99207e-08 3.38814e-08 2.87423e-08 2.43716e-08 2.06561e-08 1.74992e-08 1.48184e-08 1.25428e-08 1.06121e-08 8.97494e-09 7.58718e-09
0.000173097 0.000253795 0.000330191 0.000400116 0.000462068 0.000515117 0.000558813 0.000593097 0.000618218 0.000634658 0.000643066 0.000644203 0.000638896 0.000627995 0.00061235 0.00059278 0.000570062 0.000544915 0.000517992 0.000489881 0.000461097 0.000432086 0.00040323 0.000374846 0.000347195 0.000320484 0.000294874 0.000270481 0.000247389 0.000225646 0.000205277 0.000186282 0.000168643 0.000152327 0.000137292 0.000123483 0.000110842 9.93037e-05 8.88031e-05 7.92723e-05 7.06437e-05 6.28508e-05 5.58288e-05 4.95155e-05 4.38511e-05 3.87791e-05 3.42463e-05 3.02027e-05 2.6602e-05 2.3401e-05 2.05601e-05 1.80425e-05 1.5815e-05 1.3847e-05 1.21107e-05 1.05808e-05 9.23472e-06 8.05176e-06 7.01346e-06 6.10323e-06 5.30619e-06 4.60906e-06 3.99997e-06 3.46837e-06 3.00488e-06 2.60119e-06 2.24991e-06 1.94454e-06 1.67932e-06 1.44918e-06 1.24966e-06 1.07683e-06 9.27249e-07 7.97893e-07 6.86117e-07 5.89607e-07 5.06343e-07 4.3456e-07 3.72719e-07 3.19483e-07 2.73686e-07 2.34315e-07 2.00491e-07 1.71452e-07 1.46537e-07 1.25174e-07 1.06867e-07 9.11897e-08 7.77715e-08 6.62938e-08 5.64815e-08 4.80977e-08 4.09384e-08 3.4828e-08 2.96157e-08 2.51718e-08 2.13849e-08 1.81596e-08 1.54139e-08 1.30776e-08 1.10907e-08
0.000137407 0.000208066 0.000277025 0.000342046 0.000401442 0.000454026 0.000499048 0.000536134 0.000565218 0.000586484 0.000600307 0.000607204 0.000607793 0.00060275 0.00059278 0.000578594 0.000560884 0.000540313 0.000517499 0.000493013 0.000467368 0.000441023 0.000414378 0.000387779 0.000361518 0.000335838 0.000310936 0.000286967 0.00026405 0.00024227 0.000221683 0.000202321 0.000184194 0.000167297 0.000151606 0.000137091 0.000123708 0.00011141 0.000100143 8.98494e-05 8.04712e-05 7.19488e-05 6.42231e-05 5.72357e-05 5.09302e-05 4.5252e-05 4.0149e-05 3.55718e-05 3.1474e-05 2.78118e-05 2.45444e-05 2.16343e-05 1.90463e-05 1.67484e-05 1.47111e-05 1.29074e-05 1.13127e-05 9.90469e-06 8.6631e-06 7.56964e-06 6.60781e-06 5.76276e-06 5.02115e-06 4.37106e-06 3.8018e-06 3.30384e-06 2.8687e-06 2.48884e-06 2.15754e-06 1.86889e-06 1.61761e-06 1.39907e-06 1.20916e-06 1.04428e-06 9.01249e-07 7.77271e-07 6.69894e-07 5.76968e-07 4.96609e-07 4.2717e-07 3.6721e-07 3.15472e-07 2.70861e-07 2.32421e-07 1.9932e-07 1.70835e-07 1.46339e-07 1.25287e-07 1.07205e-07 9.16836e-08 7.83686e-08 6.69528e-08 5.71709e-08 4.87939e-08 4.16239e-08 3.54904e-08 3.02464e-08 2.57651e-08 2.19377e-08 1.86704e-08 1.58826e-08
0.000109076 0.000170404 0.000231997 0.00029168 0.000347714 0.000398772 0.000443912 0.00048253 0.000514318 0.000539214 0.000557359 0.000569056 0.000574725 0.000574873 0.000570062 0.000560884 0.000547939 0.000531817 0.000513089 0.00049229 0.000469919 0.000446429 0.000422228 0.000397677 0.000373088 0.000348731 0.000324832 0.000301576 0.000279113 0.000257559 0.000237001 0.0002175 0.000199094 0.0001818 0.00016562 0.000150543 0.000136545 0.000123593 0.000111648 0.000100665 9.05964e-05 8.13905e-05 7.29953e-05 6.53581e-05 5.84268e-05 5.21502e-05 4.64785e-05 4.13639e-05 3.67607e-05 3.26254e-05 2.89172e-05 2.55978e-05 2.26313e-05 1.99845e-05 1.76265e-05 1.5529e-05 1.3666e-05 1.20134e-05 1.05496e-05 9.2546e-06 8.11046e-06 7.10083e-06 6.21096e-06 5.42755e-06 4.73865e-06 4.13352e-06 3.60254e-06 3.1371e-06 2.72953e-06 2.37299e-06 2.06138e-06 1.7893e-06 1.55195e-06 1.34509e-06 1.16494e-06 1.0082e-06 8.7194e-07 7.53576e-07 6.5084e-07 5.61739e-07 4.84522e-07 4.17653e-07 3.59787e-07 3.09749e-07 2.66509e-07 2.2917e-07 1.96947e-07 1.69159e-07 1.4521e-07 1.24582e-07 1.06827e-07 9.15535e-08 7.84224e-08 6.714e-08 5.74516e-08 4.91367e-08 4.20045e-08 3.58901e-08 3.06512e-08 2.61647e-08 2.23246e-08
8.65859e-05 0.000139428 0.00019396 0.000248162 0.000300335 0.000349109 0.000393432 0.000432548 0.00046597 0.000493445 0.00051492 0.00053051 0.000540461 0.000545122 0.000544915 0.000540313 0.000531817 0.00051994 0.000505188 0.000488056 0.00046901 0.000448489 0.000426895 0.000404591 0.000381902 0.000359113 0.00033647 0.000314184 0.00029243 0.00027135 0.000251057 0.000231639 0.000213158 0.000195657 0.000179158 0.000163672 0.000149192 0.000135704 0.000123183 0.000111596 0.000100908 9.10766e-05 8.20581e-05 7.38067e-05 6.62758e-05 5.94186e-05 5.31889e-05 4.75414e-05 4.2432e-05 3.78188e-05 3.36612e-05 2.99212e-05 2.65626e-05 2.35516e-05 2.08567e-05 1.84483e-05 1.62993e-05 1.43846e-05 1.2681e-05 1.11673e-05 9.82405e-06 8.63369e-06 7.58008e-06 6.64866e-06 5.82621e-06 5.10082e-06 4.46174e-06 3.89931e-06 3.40485e-06 2.97061e-06 2.58962e-06 2.25568e-06 1.96326e-06 1.70743e-06 1.48382e-06 1.28853e-06 1.11814e-06 9.69595e-07 8.40196e-07 7.27568e-07 6.29615e-07 5.44492e-07 4.70572e-07 4.0643e-07 3.50813e-07 3.02621e-07 2.60892e-07 2.24784e-07 1.93562e-07 1.66581e-07 1.4328e-07 1.23171e-07 1.05827e-07 9.08762e-08 7.79967e-08 6.6908e-08 5.73666e-08 4.91612e-08 4.21087e-08 3.60504e-08 3.0849e-08
6.87332e-05 0.000113981 0.000161905 0.000210689 0.000258743 0.000304718 0.000347523 0.000386314 0.00042048 0.000449624 0.000473542 0.00049219 0.000505662 0.000514166 0.000517992 0.000517499 0.000513089 0.000505188 0.000494239 0.00048068 0.00046494 0.000447432 0.00042854 0.000408623 0.000388005 0.000366981 0.000345809 0.000324716 0.000303897 0.000283516 0.000263709 0.000244584 0.000226228 0.000208705 0.00019206 0.00017632 0.0001615 0.000147601 0.000134613 0.000122518 0.000111292 0.000100904 9.1319e-05 8.24994e-05 7.44052e-05 6.69949e-05 6.02268e-05 5.40592e-05 4.84509e-05 4.33616e-05 3.87525e-05 3.45862e-05 3.0827e-05 2.7441e-05 2.43965e-05 2.16633e-05 1.92136e-05 1.70212e-05 1.50621e-05 1.33139e-05 1.17561e-05 1.03697e-05 9.13749e-06 8.04374e-06 7.07405e-06 6.21538e-06 5.45588e-06 4.78486e-06 4.19266e-06 3.67058e-06 3.21078e-06 2.80626e-06 2.45071e-06 2.13851e-06 1.86463e-06 1.62458e-06 1.41438e-06 1.23048e-06 1.06971e-06 9.29298e-07 8.06756e-07 6.99897e-07 6.06788e-07 5.25721e-07 4.55191e-07 3.93875e-07 3.40607e-07 2.94364e-07 2.54246e-07 2.19467e-07 1.89335e-07 1.63248e-07 1.40676e-07 1.21158e-07 1.04292e-07 8.97256e-08 7.71533e-08 6.63083e-08 5.69587e-08 4.8903e-08 4.19658e-08
5.45614e-05 9.31001e-05 0.000134948 0.000178522 0.000222375 0.000265234 0.000306018 0.000343843 0.000378026 0.00040807 0.000433652 0.000454602 0.000470887 0.000482589 0.000489881 0.000493013 0.00049229 0.000488056 0.00048068 0.000470543 0.00045803 0.000443517 0.000427364 0.000409916 0.00039149 0.000372379 0.00035285 0.000333137 0.00031345 0.000293968 0.000274846 0.000256211 0.000238169 0.000220805 0.000204181 0.000188345 0.000173327 0.000159147 0.000145808 0.000133308 0.000121635 0.000110768 0.000100682 9.13501e-05 8.27379e-05 7.4811e-05 6.75329e-05 6.08663e-05 5.47736e-05 4.92175e-05 4.4161e-05 3.95686e-05 3.54054e-05 3.16383e-05 2.82357e-05 2.51674e-05 2.24053e-05 1.99226e-05 1.76945e-05 1.56979e-05 1.39113e-05 1.23148e-05 1.08901e-05 9.62043e-06 8.49029e-06 7.48562e-06 6.59354e-06 5.80237e-06 5.10148e-06 4.48126e-06 3.93302e-06 3.4489e-06 3.02184e-06 2.6455e-06 2.31417e-06 2.02275e-06 1.76667e-06 1.54184e-06 1.34462e-06 1.17178e-06 1.02043e-06 8.88011e-07 7.72242e-07 6.71113e-07 5.82842e-07 5.05851e-07 4.3875e-07 3.80311e-07 3.29453e-07 2.85222e-07 2.46783e-07 2.13399e-07 1.84424e-07 1.59293e-07 1.3751e-07 1.1864e-07 1.02305e-07 8.81715e-08 7.59509e-08 6.53903e-08 5.62694e-08
4.33116e-05 7.59843e-05 0.000112324 0.000150986 0.000190692 0.000230271 0.000268691 0.000305071 0.000338692 0.000368993 0.000395566 0.000418147 0.000436596 0.000450889 0.000461097 0.000467368 0.000469919 0.00046901 0.00046494 0.00045803 0.000448613 0.000437024 0.000423595 0.000408646 0.000392482 0.00037539 0.000357632 0.00033945 0.000321059 0.00030265 0.00028439 0.000266424 0.000248872 0.000231836 0.000215397 0.000199617 0.000184546 0.000170215 0.000156647 0.00014385 0.000131824 0.000120563 0.000110052 0.00010027 9.11937e-05 8.27947e-05 7.50429e-05 6.79061e-05 6.13511e-05 5.5344e-05 4.9851e-05 4.48385e-05 4.02735e-05 3.61241e-05 3.23593e-05 2.89496e-05 2.58667e-05 2.30839e-05 2.0576e-05 1.83193e-05 1.62917e-05 1.44725e-05 1.28427e-05 1.13844e-05 1.00814e-05 8.91853e-06 7.8821e-06 6.95944e-06 6.13904e-06 5.41039e-06 4.76395e-06 4.19107e-06 3.68391e-06 3.2354e-06 2.83915e-06 2.48942e-06 2.18104e-06 1.90938e-06 1.67028e-06 1.46003e-06 1.27531e-06 1.11317e-06 9.70946e-07 8.46311e-07 7.37172e-07 6.41678e-07 5.58187e-07 4.85246e-07 4.21569e-07 3.6602e-07 3.17595e-07 2.75411e-07 2.38688e-07 2.06741e-07 1.78968e-07 1.54837e-07 1.33886e-07 1.15706e-07 9.99413e-08 8.62784e-08 7.44444e-08
3.43814e-05 6.19687e-05 9.33723e-05 0.000127478 0.000163181 0.000199435 0.000235281 0.00026987 0.000302478 0.000332512 0.000359509 0.000383133 0.000403163 0.000419487 0.000432086 0.000441023 0.000446429 0.000448489 0.000447432 0.000443517 0.000437024 0.000428245 0.000417478 0.000405014 0.000391139 0.000376126 0.000360231 0.000343692 0.000326729 0.000309538 0.000292295 0.000275155 0.000258253 0.000241704 0.000225602 0.000210027 0.000195041 0.000180691 0.000167013 0.00015403 0.000141754 0.000130189 0.000119331 0.00010917 9.96903e-05 9.0871e-05 8.2689e-05 7.5118e-05 6.81296e-05 6.16943e-05 5.57817e-05 5.03611e-05 4.5402e-05 4.0874e-05 3.67476e-05 3.29941e-05 2.95859e-05 2.64965e-05 2.37008e-05 2.11748e-05 1.88961e-05 1.68436e-05 1.49974e-05 1.33392e-05 1.18518e-05 1.05195e-05 9.32752e-06 8.26249e-06 7.31204e-06 6.46483e-06 5.71053e-06 5.03969e-06 4.44374e-06 3.91488e-06 3.44603e-06 3.03082e-06 2.66348e-06 2.33879e-06 2.05207e-06 1.79913e-06 1.57617e-06 1.37983e-06 1.20707e-06 1.05518e-06 9.21768e-07 8.04668e-07 7.0197e-07 6.11974e-07 5.33168e-07 4.64212e-07 4.0392e-07 3.51241e-07 3.05247e-07 2.65116e-07 2.30126e-07 1.99638e-07 1.7309e-07 1.49988e-07 1.29897e-07 1.12436e-07 9.72705e-08
2.72924e-05 5.05024e-05 7.75234e-05 0.000107455 0.000139366 0.000172339 0.000205506 0.00023807 0.000269327 0.000298677 0.000325625 0.000349787 0.000370881 0.000388727 0.00040323 0.000414378 0.000422228 0.000426895 0.00042854 0.000427364 0.000423595 0.000417478 0.000409271 0.000399237 0.000387637 0.000374725 0.000360746 0.000345931 0.000330496 0.000314639 0.000298541 0.000282365 0.000266255 0.000250334 0.000234713 0.00021948 0.000204713 0.000190473 0.000176805 0.000163747 0.000151323 0.000139548 0.000128428 0.000117963 0.000108145 9.89639e-05 9.04016e-05 8.24385e-05 7.50521e-05 6.82174e-05 6.19082e-05 5.60973e-05 5.0757e-05 4.58593e-05 4.13764e-05 3.72812e-05 3.35471e-05 3.01481e-05 2.70597e-05 2.4258e-05 2.17205e-05 1.94259e-05 1.73541e-05 1.5486e-05 1.38042e-05 1.2292e-05 1.09342e-05 9.71654e-06 8.626e-06 7.65047e-06 6.77887e-06 6.00102e-06 5.30762e-06 4.69018e-06 4.14097e-06 3.65297e-06 3.21979e-06 2.83565e-06 2.49535e-06 2.19415e-06 1.92783e-06 1.69254e-06 1.48487e-06 1.30173e-06 1.14036e-06 9.98288e-07 8.73313e-07 7.63464e-07 6.66987e-07 5.82318e-07 5.08069e-07 4.43005e-07 3.86033e-07 3.3618e-07 2.92589e-07 2.54498e-07 2.21237e-07 1.92211e-07 1.66899e-07 1.44839e-07 1.25626e-07
2.16651e-05 4.11301e-05 6.42906e-05 9.04388e-05 0.000118807 0.00014861 0.000179074 0.000209472 0.000239137 0.000267478 0.000293992 0.000318266 0.000339975 0.000358886 0.000374846 0.000387779 0.000397677 0.000404591 0.000408623 0.000409916 0.000408646 0.000405014 0.000399237 0.000391546 0.000382172 0.000371348 0.000359303 0.000346258 0.00033242 0.000317986 0.000303137 0.000288038 0.000272841 0.000257677 0.000242664 0.000227903 0.000213481 0.000199471 0.00018593 0.000172908 0.000160438 0.000148547 0.000137252 0.000126562 0.000116478 0.000106997 9.81097e-05 8.98026e-05 8.2059e-05 7.48595e-05 6.81824e-05 6.20044e-05 5.63011e-05 5.10474e-05 4.62179e-05 4.17873e-05 3.77304e-05 3.40225e-05 3.06398e-05 2.75589e-05 2.47576e-05 2.22146e-05 1.99097e-05 1.78237e-05 1.59387e-05 1.42376e-05 1.27047e-05 1.13251e-05 1.00851e-05 8.97203e-06 7.97408e-06 7.08043e-06 6.28111e-06 5.56698e-06 4.92965e-06 4.36148e-06 3.8555e-06 3.40537e-06 3.00532e-06 2.65013e-06 2.33507e-06 2.05588e-06 1.80868e-06 1.59002e-06 1.39677e-06 1.22612e-06 1.07556e-06 9.42827e-07 8.2591e-07 7.23004e-07 6.32502e-07 5.52968e-07 4.83126e-07 4.21839e-07 3.68099e-07 3.21009e-07 2.79776e-07 2.43694e-07 2.12143e-07 1.8457e-07 1.60491e-07
1.71981e-05 3.34756e-05 5.32585e-05 7.6008e-05 0.000101106 0.000127892 0.000155695 0.00018386 0.00021177 0.000238861 0.000264635 0.000288667 0.000310607 0.000330182 0.000347195 0.000361518 0.000373088 0.000381902 0.000388005 0.00039149 0.000392482 0.000391139 0.000387637 0.000382172 0.000374945 0.000366166 0.000356044 0.000344784 0.000332584 0.000319633 0.000306111 0.000292183 0.000278 0.000263702 0.000249412 0.000235238 0.000221278 0.000207612 0.00019431 0.000181428 0.000169014 0.000157103 0.000145721 0.000134887 0.00012461 0.000114896 0.000105743 9.71445e-05 8.90897e-05 8.1565e-05 7.45536e-05 6.80366e-05 6.19934e-05 5.64022e-05 5.12405e-05 4.6485e-05 4.21126e-05 3.81002e-05 3.44249e-05 3.10643e-05 2.79969e-05 2.52017e-05 2.26587e-05 2.03487e-05 1.82535e-05 1.6356e-05 1.46398e-05 1.309e-05 1.16921e-05 1.04329e-05 9.30014e-06 8.28235e-06 7.36896e-06 6.55021e-06 5.81713e-06 5.1615e-06 4.57575e-06 4.05301e-06 3.58697e-06 3.1719e-06 2.8026e-06 2.47432e-06 2.1828e-06 1.92415e-06 1.69488e-06 1.49182e-06 1.31214e-06 1.15327e-06 1.01294e-06 8.89062e-07 7.79809e-07 6.83526e-07 5.98739e-07 5.24131e-07 4.5853e-07 4.00889e-07 3.50278e-07 3.05872e-07 2.66937e-07 2.32821e-07 2.02948e-07
1.36521e-05 2.72291e-05 4.40741e-05 6.3793e-05 8.59012e-05 0.000109856 0.000135084 0.000161008 0.000187068 0.000212738 0.000237536 0.000261039 0.000282885 0.000302777 0.000320484 0.000335838 0.000348731 0.000359113 0.000366981 0.000372379 0.00037539 0.000376126 0.000374725 0.000371348 0.000366166 0.000359363 0.000351124 0.000341638 0.000331089 0.000319658 0.000307516 0.000294827 0.000281741 0.0002684 0.00025493 0.000241447 0.000228053 0.000214837 0.000201877 0.000189239 0.000176978 0.000165139 0.000153758 0.000142861 0.000132467 0.000122589 0.000113233 0.000104399 9.60831e-05 8.8277e-05 8.09695e-05 7.41462e-05 6.77908e-05 6.18851e-05 5.64097e-05 5.13441e-05 4.66674e-05 4.23584e-05 3.83957e-05 3.47583e-05 3.14254e-05 2.83768e-05 2.55929e-05 2.30547e-05 2.07443e-05 1.86444e-05 1.67385e-05 1.50112e-05 1.3448e-05 1.20351e-05 1.07598e-05 9.61008e-06 8.57491e-06 7.64399e-06 6.80781e-06 6.05757e-06 5.38519e-06 4.78326e-06 4.24496e-06 3.76407e-06 3.3349e-06 2.95226e-06 2.61144e-06 2.30817e-06 2.03854e-06 1.79906e-06 1.58653e-06 1.39809e-06 1.23115e-06 1.08338e-06 9.52687e-07 8.3719e-07 7.35202e-07 6.45214e-07 5.65873e-07 4.95972e-07 4.34433e-07 3.80295e-07 3.327e-07 2.90888e-07 2.5418e-07
1.08372e-05 2.21354e-05 3.6438e-05 5.34722e-05 7.28701e-05 9.41954e-05 0.000116969 0.00014069 0.00016486 0.000188995 0.000212642 0.00023539 0.000256875 0.000276787 0.000294874 0.000310936 0.000324832 0.00033647 0.000345809 0.00035285 0.000357632 0.000360231 0.000360746 0.000359303 0.000356044 0.000351124 0.000344706 0.000336958 0.00032805 0.00031815 0.00030742 0.000296018 0.000284091 0.00027178 0.000259213 0.000246508 0.000233773 0.000221102 0.000208579 0.000196279 0.000184265 0.000172588 0.000161293 0.000150414 0.00013998 0.000130008 0.000120514 0.000111503 0.000102979 9.49389e-05 8.73772e-05 8.02843e-05 7.36484e-05 6.74552e-05 6.16887e-05 5.63316e-05 5.13656e-05 4.67715e-05 4.25301e-05 3.86218e-05 3.5027e-05 3.17265e-05 2.87014e-05 2.59334e-05 2.34046e-05 2.10981e-05 1.89975e-05 1.70871e-05 1.53523e-05 1.37791e-05 1.23543e-05 1.10657e-05 9.90169e-06 8.85153e-06 7.90523e-06 7.05354e-06 6.28787e-06 5.6003e-06 4.98354e-06 4.43089e-06 3.9362e-06 3.49385e-06 3.09868e-06 2.74602e-06 2.43158e-06 2.15149e-06 1.90222e-06 1.68058e-06 1.48368e-06 1.30891e-06 1.15391e-06 1.01656e-06 8.94943e-07 7.87347e-07 6.92228e-07 6.08205e-07 5.34037e-07 4.68618e-07 4.10957e-07 3.60171e-07 3.15471e-07
8.60275e-06 1.79845e-05 3.00969e-05 4.47664e-05 6.17251e-05 8.06317e-05 0.000101093 0.000122684 0.000144965 0.000167503 0.000189876 0.000211695 0.000232602 0.000252287 0.000270481 0.000286967 0.000301576 0.000314184 0.000324716 0.000333137 0.00033945 0.000343692 0.000345931 0.000346258 0.000344784 0.000341638 0.000336958 0.000330893 0.000323594 0.000315214 0.000305906 0.000295818 0.000285093 0.000273867 0.000262269 0.000250416 0.000238419 0.000226377 0.000214379 0.000202504 0.000190822 0.000179392 0.000168266 0.000157485 0.000147084 0.000137089 0.000127522 0.000118396 0.000109719 0.000101495 9.3724e-05 8.64016e-05 7.95203e-05 7.30702e-05 6.7039e-05 6.14127e-05 5.61757e-05 5.13118e-05 4.68035e-05 4.26333e-05 3.87831e-05 3.5235e-05 3.1971e-05 2.89737e-05 2.62257e-05 2.37104e-05 2.14117e-05 1.93141e-05 1.74028e-05 1.56639e-05 1.40838e-05 1.26501e-05 1.13508e-05 1.0175e-05 9.11206e-06 8.15246e-06 7.28713e-06 6.50771e-06 5.80645e-06 5.17621e-06 4.6104e-06 4.10297e-06 3.64836e-06 3.24148e-06 2.87767e-06 2.55269e-06 2.26265e-06 2.00405e-06 1.77368e-06 1.56864e-06 1.3863e-06 1.22429e-06 1.08046e-06 9.52871e-07 8.39782e-07 7.39622e-07 6.50982e-07 5.72596e-07 5.03329e-07 4.42165e-07 3.88195e-07
6.82899e-06 1.46044e-05 2.48373e-05 3.74346e-05 5.2212e-05 6.8911e-05 8.72162e-05 0.000106773 0.000127203 0.000148119 0.000169142 0.000189903 0.000210065 0.000229317 0.000247389 0.00026405 0.000279113 0.00029243 0.000303897 0.00031345 0.000321059 0.000326729 0.000330496 0.00033242 0.000332584 0.000331089 0.00032805 0.000323594 0.000317853 0.000310965 0.000303069 0.000294304 0.000284804 0.000274702 0.000264121 0.00025318 0.000241988 0.000230647 0.000219249 0.000207878 0.000196608 0.000185504 0.000174625 0.000164017 0.000153723 0.000143775 0.0001342 0.000125019 0.000116246 0.000107891 9.9958e-05 9.24488e-05 8.53604e-05 7.86872e-05 7.24208e-05 6.65507e-05 6.10647e-05 5.59491e-05 5.11891e-05 4.67692e-05 4.2673e-05 3.88843e-05 3.53863e-05 3.21625e-05 2.91965e-05 2.64722e-05 2.3974e-05 2.16866e-05 1.95955e-05 1.76866e-05 1.59466e-05 1.43626e-05 1.29226e-05 1.16153e-05 1.043e-05 9.3565e-06 8.38556e-06 7.50839e-06 6.71684e-06 6.00336e-06 5.36096e-06 4.78317e-06 4.26405e-06 3.79811e-06 3.38032e-06 3.00607e-06 2.67116e-06 2.37172e-06 2.10425e-06 1.86555e-06 1.6527e-06 1.46309e-06 1.2943e-06 1.14419e-06 1.01079e-06 8.92337e-07 7.8724e-07 6.94066e-07 6.11523e-07 5.38454e-07 4.73818e-07
5.42095e-06 1.18535e-05 2.04797e-05 3.12691e-05 4.41066e-05 5.88046e-05 7.5117e-05 9.27533e-05 0.000111393 0.000130699 0.000150328 0.000169946 0.000189232 0.000207888 0.000225646 0.00024227 0.000257559 0.00027135 0.000283516 0.000293968 0.00030265 0.000309538 0.000314639 0.000317986 0.000319633 0.000319658 0.00031815 0.000315214 0.000310965 0.000305523 0.000299013 0.000291561 0.000283295 0.000274337 0.000264808 0.000254822 0.000244488 0.000233908 0.000223176 0.000212378 0.000201591 0.000190887 0.000180327 0.000169965 0.000159847 0.000150013 0.000140496 0.000131321 0.000122509 0.000114075 0.000106029 9.83779e-05 9.11229e-05 8.42629e-05 7.77937e-05 7.17084e-05 6.59981e-05 6.06521e-05 5.56584e-05 5.10037e-05 4.66738e-05 4.26541e-05 3.89294e-05 3.54845e-05 3.2304e-05 2.93726e-05 2.66753e-05 2.41974e-05 2.19246e-05 1.98431e-05 1.79396e-05 1.62013e-05 1.46161e-05 1.31725e-05 1.18595e-05 1.06669e-05 9.58488e-06 8.60449e-06 7.71721e-06 6.91511e-06 6.19083e-06 5.53754e-06 4.94893e-06 4.41914e-06 3.94278e-06 3.5149e-06 3.13093e-06 2.78672e-06 2.47842e-06 2.20255e-06 1.95593e-06 1.73563e-06 1.53904e-06 1.36373e-06 1.20755e-06 1.06852e-06 9.4485e-07 8.34936e-07 7.37322e-07 6.50697e-07 5.73883e-07
4.30323e-06 9.61616e-06 1.68731e-05 2.60916e-05 3.72125e-05 5.0108e-05 6.45921e-05 8.04326e-05 9.73624e-05 0.000115092 0.000133318 0.000151739 0.000170057 0.00018799 0.000205277 0.000221683 0.000237001 0.000251057 0.000263709 0.000274846 0.00028439 0.000292295 0.000298541 0.000303137 0.000306111 0.000307516 0.00030742 0.000305906 0.000303069 0.000299013 0.000293847 0.000287685 0.000280643 0.000272836 0.000264377 0.000255377 0.000245942 0.000236171 0.000226158 0.000215992 0.000205753 0.000195513 0.000185339 0.000175289 0.000165414 0.000155758 0.00014636 0.000137251 0.000128457 0.000119998 0.00011189 0.000104143 9.67632e-05 8.97549e-05 8.31174e-05 7.68478e-05 7.09406e-05 6.53883e-05 6.01815e-05 5.53097e-05 5.0761e-05 4.65226e-05 4.25811e-05 3.89228e-05 3.55334e-05 3.23988e-05 2.95048e-05 2.68374e-05 2.43827e-05 2.21274e-05 2.00583e-05 1.81628e-05 1.6429e-05 1.48451e-05 1.34002e-05 1.20837e-05 1.08859e-05 9.79735e-06 8.8093e-06 7.91355e-06 7.1024e-06 6.3687e-06 5.70578e-06 5.10746e-06 4.56801e-06 4.08213e-06 3.64496e-06 3.252e-06 2.89911e-06 2.5825e-06 2.29872e-06 2.04459e-06 1.81721e-06 1.61395e-06 1.43239e-06 1.27037e-06 1.12589e-06 9.97166e-07 8.82566e-07 7.8062e-07 6.90001e-07
3.41596e-06 7.79751e-06 1.38909e-05 2.17496e-05 3.13583e-05 4.26387e-05 5.54566e-05 6.96312e-05 8.49445e-05 0.000101151 0.000117989 0.000135188 0.000152476 0.00016959 0.000186282 0.000202321 0.0002175 0.000231639 0.000244584 0.000256211 0.000266424 0.000275155 0.000282365 0.000288038 0.000292183 0.000294827 0.000296018 0.000295818 0.000294304 0.000291561 0.000287685 0.000282775 0.000276935 0.000270271 0.000262888 0.000254891 0.00024638 0.000237454 0.000228206 0.000218721 0.000209083 0.000199365 0.000189637 0.000179959 0.000170388 0.000160972 0.000151754 0.000142769 0.000134048 0.000125617 0.000117495 0.000109699 0.000102238 9.51215e-05 8.83523e-05 8.19313e-05 7.58568e-05 7.01244e-05 6.47278e-05 5.9659e-05 5.49087e-05 5.04663e-05 4.63203e-05 4.24584e-05 3.88681e-05 3.55364e-05 3.245e-05 2.95959e-05 2.69608e-05 2.45319e-05 2.22966e-05 2.02424e-05 1.83576e-05 1.66305e-05 1.50503e-05 1.36062e-05 1.22885e-05 1.10874e-05 9.9941e-06 9.0001e-06 8.09744e-06 7.2787e-06 6.53689e-06 5.86553e-06 5.2586e-06 4.71047e-06 4.21597e-06 3.7703e-06 3.36904e-06 3.0081e-06 2.68375e-06 2.39254e-06 2.13133e-06 1.89724e-06 1.68763e-06 1.5001e-06 1.33247e-06 1.18275e-06 1.04914e-06 9.29997e-07 8.23838e-07
2.71164e-06 6.32001e-06 1.14275e-05 1.81128e-05 2.63948e-05 3.62351e-05 4.75434e-05 6.01837e-05 7.3982e-05 8.8735e-05 0.000104217 0.000120192 0.000136414 0.000152642 0.000168643 0.000184194 0.000199094 0.000213158 0.000226228 0.000238169 0.000248872 0.000258253 0.000266255 0.000272841 0.000278 0.000281741 0.000284091 0.000285093 0.000284804 0.000283295 0.000280643 0.000276935 0.000272262 0.000266721 0.000260406 0.000253416 0.000245846 0.00023779 0.000229337 0.000220574 0.000211581 0.000202434 0.000193204 0.000183955 0.000174744 0.000165623 0.00015664 0.000147834 0.000139241 0.000130889 0.000122804 0.000115005 0.000107507 0.000100323 9.34596e-05 8.69219e-05 8.07114e-05 7.48271e-05 6.92659e-05 6.40226e-05 5.90903e-05 5.44607e-05 5.01245e-05 4.60713e-05 4.22901e-05 3.87692e-05 3.54967e-05 3.24605e-05 2.96482e-05 2.70478e-05 2.46469e-05 2.24339e-05 2.0397e-05 1.8525e-05 1.6807e-05 1.52325e-05 1.37914e-05 1.24742e-05 1.12717e-05 1.01754e-05 9.17703e-06 8.26897e-06 7.444e-06 6.69535e-06 6.01672e-06 5.40223e-06 4.84639e-06 4.34413e-06 3.89074e-06 3.48188e-06 3.11352e-06 2.78197e-06 2.48382e-06 2.21596e-06 1.97553e-06 1.7599e-06 1.56669e-06 1.3937e-06 1.23895e-06 1.10064e-06 9.77101e-07
