0.66963 0.116319 0.0202054 0.00350982 0.00060968 0.000105906 1.83965e-05 3.1956e-06 5.55097e-07 9.64241e-08 1.67495e-08 2.9095e-09 5.054e-10 8.77915e-11 1.525e-11 2.64902e-12 4.60153e-13 7.99317e-14 1.38847e-14 2.41186e-15 4.18957e-16 7.27756e-17 1.26416e-17 2.19593e-18 3.81449e-19 6.62602e-20 1.15098e-20 1.99934e-21 3.47299e-22 6.03281e-23 1.04794e-23 1.82034e-24 3.16206e-25 5.49271e-26 9.5412e-27 1.65737e-27 2.87897e-28 5.00096e-29 8.687e-30 1.50899e-30 2.62122e-31 4.55324e-32 7.90928e-33 1.3739e-33 2.38655e-34 4.1456e-35 7.20118e-36 1.25089e-36 2.17289e-37 3.77445e-38 6.55648e-39 1.1389e-39 1.97835e-40 3.43653e-41 5.96949e-42 1.03694e-42 1.80124e-43 3.12887e-44 5.43506e-45 9.44107e-46 1.63998e-46 2.84875e-47 4.94847e-48 8.59583e-49 1.49315e-49 2.59371e-50 4.50545e-51 7.82627e-52 1.35948e-52 2.3615e-53 4.10209e-54 7.1256e-55 1.23777e-55 2.15008e-56 3.73484e-57 6.48766e-58 1.12695e-58 1.95759e-59 3.40047e-60 5.90684e-61 1.02606e-61 1.78233e-62 3.09603e-63 5.37802e-64 9.34198e-65 1.62276e-65 2.81885e-66 4.89654e-67 8.50561e-68 1.47748e-68 2.56649e-69 4.45816e-70 7.74413e-71 1.34521e-71 2.33672e-72 4.05903e-73 7.05081e-74 1.22477e-74 2.12752e-75 3.69564e-76 6.41957e-77
0.116319 0.0289979 0.00656444 0.00140559 0.000290246 5.8423e-05 1.1539e-05 2.24596e-06 4.32098e-07 8.23469e-08 1.55703e-08 2.92459e-09 5.46224e-10 1.01519e-10 1.87872e-11 3.46371e-12 6.36452e-13 1.16598e-13 2.13034e-14 3.88285e-15 7.06146e-16 1.28163e-16 2.32184e-17 4.19918e-18 7.5826e-19 1.36723e-19 2.46198e-20 4.42775e-21 7.95383e-22 1.42724e-22 2.55842e-23 4.58174e-24 8.19781e-25 1.46553e-25 2.61785e-26 4.67266e-27 8.33435e-28 1.48554e-28 2.64614e-29 4.71059e-30 8.38074e-31 1.49021e-31 2.64838e-32 4.70426e-33 8.35202e-34 1.48214e-34 2.62901e-35 4.66132e-36 8.26127e-37 1.46357e-37 2.59188e-38 4.58836e-39 8.11983e-40 1.43645e-40 2.54033e-41 4.4911e-42 7.9375e-43 1.40245e-43 2.47723e-44 4.37448e-45 7.72273e-46 1.36302e-46 2.40507e-47 4.24274e-48 7.4828e-49 1.31942e-49 2.32597e-50 4.09953e-51 7.22393e-52 1.2727e-52 2.24176e-53 3.94796e-54 6.95143e-55 1.22376e-55 2.15399e-56 3.79067e-57 6.66983e-58 1.17339e-58 2.06396e-59 3.62989e-60 6.38293e-61 1.12223e-61 1.97279e-62 3.46753e-63 6.09394e-64 1.07083e-64 1.8814e-65 3.30514e-66 5.80554e-67 1.01963e-67 1.79057e-68 3.14403e-69 5.51993e-70 9.69018e-71 1.70091e-71 2.98528e-72 5.23893e-73 9.19296e-74 1.61296e-74 2.82976e-75 4.964e-76
0.0202054 0.00656444 0.00178634 0.000442578 0.00010334 2.31525e-05 5.0304e-06 1.06729e-06 2.22173e-07 4.55327e-08 9.2105e-09 1.84257e-09 3.65104e-10 7.17459e-11 1.3996e-11 2.71266e-12 5.22729e-13 1.00208e-13 1.91201e-14 3.63267e-15 6.87504e-16 1.29652e-16 2.43702e-17 4.56696e-18 8.53457e-19 1.59077e-19 2.95792e-20 5.48762e-21 1.01594e-21 1.87711e-22 3.46182e-23 6.37324e-24 1.17139e-24 2.14963e-25 3.93901e-26 7.20782e-27 1.31718e-27 2.40403e-28 4.38243e-29 7.97983e-30 1.45144e-30 2.63728e-31 4.78718e-32 8.68144e-33 1.57293e-33 2.84739e-34 5.15017e-35 9.30782e-36 1.68089e-36 3.03325e-37 5.46973e-38 9.85657e-39 1.775e-39 3.19442e-40 5.74537e-41 1.03273e-41 1.85525e-42 3.33102e-43 5.9775e-44 1.0721e-44 1.9219e-45 3.44361e-46 6.16725e-47 1.104e-47 1.97539e-48 3.53305e-49 6.3163e-50 1.12875e-50 2.01633e-51 3.60046e-52 6.42674e-53 1.14674e-53 2.04543e-54 3.64714e-55 6.50092e-56 1.15839e-56 2.06345e-57 3.6745e-58 6.54139e-59 1.16416e-59 2.07123e-60 3.68402e-61 6.55081e-62 1.16453e-62 2.06962e-63 3.67722e-64 6.53189e-65 1.15998e-65 2.05948e-66 3.65562e-67 6.48731e-68 1.15099e-68 2.04164e-69 3.62071e-70 6.41972e-71 1.13801e-71 2.01693e-72 3.57394e-73 6.33168e-74 1.12152e-74 1.98615e-75
0.00350982 0.00140559 0.000442578 0.000123312 3.18278e-05 7.78914e-06 1.83224e-06 4.1793e-07 9.29998e-08 2.02774e-08 4.3462e-09 9.1805e-10 1.91488e-10 3.95028e-11 8.07028e-12 1.63453e-12 3.28496e-13 6.55595e-14 1.30015e-14 2.56359e-15 5.02823e-16 9.81475e-17 1.90724e-17 3.69096e-18 7.11558e-19 1.36689e-19 2.61707e-20 4.99512e-21 9.50631e-22 1.80422e-22 3.41547e-23 6.44996e-24 1.21526e-24 2.28474e-25 4.2866e-26 8.02681e-27 1.50027e-27 2.79916e-28 5.21386e-29 9.69604e-30 1.80039e-30 3.33813e-31 6.18063e-32 1.14283e-32 2.11043e-33 3.89249e-34 7.17084e-35 1.31953e-35 2.42545e-36 4.45358e-37 8.16933e-38 1.49706e-38 2.74083e-39 5.01337e-40 9.16212e-41 1.67299e-41 3.05235e-42 5.56456e-43 1.01366e-43 1.84515e-44 3.35627e-45 6.10069e-46 1.10817e-46 2.01162e-47 3.6493e-48 6.61612e-49 1.19877e-49 2.17076e-50 3.92862e-51 7.10605e-52 1.28464e-52 2.32117e-53 4.19188e-54 7.5665e-55 1.36512e-55 2.46172e-56 4.43718e-57 7.99427e-58 1.43966e-58 2.59152e-59 4.66302e-60 8.3869e-61 1.50786e-61 2.7099e-62 4.8683e-63 8.74259e-64 1.56944e-64 2.81639e-65 5.05229e-66 9.06017e-67 1.6242e-67 2.91071e-68 5.21457e-69 9.33903e-70 1.67206e-70 2.99274e-71 5.35499e-72 9.57903e-73 1.71301e-73 3.06252e-74 5.47367e-75
0.00060968 0.000290246 0.00010334 3.18278e-05 8.95571e-06 2.36623e-06 5.96546e-07 1.44993e-07 3.42179e-08 7.88114e-09 1.77837e-09 3.94311e-10 8.61103e-11 1.85562e-11 3.95192e-12 8.32856e-13 1.73876e-13 3.59928e-14 7.39327e-15 1.50798e-15 3.05597e-16 6.15631e-17 1.23341e-17 2.4586e-18 4.87771e-19 9.63453e-20 1.89522e-20 3.71376e-21 7.25101e-22 1.41093e-22 2.73667e-23 5.29205e-24 1.02043e-24 1.96231e-25 3.76387e-26 7.20181e-27 1.3748e-27 2.61866e-28 4.97739e-29 9.44169e-30 1.78757e-30 3.37813e-31 6.37272e-32 1.20016e-32 2.25658e-33 4.23628e-34 7.9409e-35 1.48638e-35 2.77837e-36 5.18644e-37 9.66921e-38 1.80042e-38 3.3484e-39 6.22011e-40 1.15418e-40 2.13934e-41 3.96126e-42 7.32734e-43 1.35405e-43 2.49982e-44 4.61089e-45 8.49712e-46 1.56452e-46 2.87824e-47 5.29076e-48 9.71769e-49 1.7835e-49 3.27082e-50 5.99409e-51 1.09769e-51 2.0088e-52 3.67368e-53 6.71397e-54 1.22625e-54 2.23825e-55 4.08294e-56 7.44355e-57 1.35623e-57 2.4697e-58 4.49482e-59 8.17612e-60 1.48646e-60 2.70106e-61 4.90566e-62 8.90525e-63 1.61579e-63 2.93036e-64 5.31196e-65 9.62484e-66 1.74317e-66 3.15572e-67 5.71048e-68 1.03292e-68 1.8676e-69 3.37543e-70 6.09823e-71 1.10132e-71 1.98818e-72 3.58791e-73 6.47246e-74 1.1672e-74
0.000105906 5.8423e-05 2.31525e-05 7.78914e-06 2.36623e-06 6.69421e-07 1.79578e-07 4.62128e-08 1.15001e-08 2.78346e-09 6.58096e-10 1.525e-10 3.47277e-11 7.78813e-12 1.72306e-12 3.76625e-13 8.14307e-14 1.74338e-14 3.69917e-15 7.78509e-16 1.62615e-16 3.37327e-17 6.95286e-18 1.42462e-18 2.90291e-19 5.88479e-20 1.18723e-20 2.38439e-21 4.76843e-22 9.49813e-23 1.88479e-23 3.72685e-24 7.34438e-25 1.44272e-25 2.82545e-26 5.51751e-27 1.07449e-27 2.08703e-28 4.0436e-29 7.81577e-30 1.50724e-30 2.90032e-31 5.56927e-32 1.06728e-32 2.04137e-33 3.89727e-34 7.42718e-35 1.413e-35 2.68377e-36 5.08927e-37 9.63605e-38 1.82179e-38 3.43936e-39 6.48418e-40 1.22082e-40 2.29555e-41 4.311e-42 8.08617e-43 1.51494e-43 2.83502e-44 5.29949e-45 9.89572e-46 1.8459e-46 3.43977e-47 6.40359e-48 1.19098e-48 2.21299e-49 4.1083e-50 7.62013e-51 1.41218e-51 2.61491e-52 4.83805e-53 8.94415e-54 1.65224e-54 3.04985e-55 5.62554e-56 1.03691e-56 1.9099e-57 3.51547e-58 6.46646e-59 1.18868e-59 2.18368e-60 4.00905e-61 7.35577e-62 1.34883e-62 2.4719e-63 4.52749e-64 8.28783e-65 1.51631e-65 2.77268e-66 5.06741e-67 9.25653e-68 1.69002e-68 3.08404e-69 5.62522e-70 1.02554e-70 1.8688e-71 3.40389e-72 6.19717e-73 1.12777e-73 2.05145e-74
1.83965e-05 1.1539e-05 5.0304e-06 1.83224e-06 5.96546e-07 1.79578e-07 5.09783e-08 1.38221e-08 3.611e-09 9.14756e-10 2.25775e-10 5.44925e-11 1.2899e-11 3.0016e-12 6.87967e-13 1.55559e-13 3.47477e-14 7.67639e-15 1.67888e-15 3.63817e-16 7.81761e-17 1.66678e-17 3.52813e-18 7.41823e-19 1.55004e-19 3.21999e-20 6.65266e-21 1.36745e-21 2.79727e-22 5.69622e-23 1.15499e-23 2.33243e-24 4.69217e-25 9.40496e-26 1.87861e-26 3.74014e-27 7.42296e-28 1.46882e-28 2.89813e-29 5.70271e-30 1.11921e-30 2.19106e-31 4.27911e-32 8.33783e-33 1.62103e-33 3.1449e-34 6.08882e-35 1.17653e-35 2.26907e-36 4.36816e-37 8.39424e-38 1.61036e-38 3.08424e-39 5.89769e-40 1.12602e-40 2.14665e-41 4.08648e-42 7.76836e-43 1.47475e-43 2.79601e-44 5.29422e-45 1.00121e-45 1.89116e-46 3.56798e-47 6.7239e-48 1.26573e-48 2.38008e-49 4.47082e-50 8.38957e-51 1.57276e-51 2.94552e-52 5.51129e-53 1.03026e-53 1.92419e-54 3.59062e-55 6.69454e-56 1.24712e-56 2.32137e-57 4.31753e-58 8.02394e-59 1.49008e-59 2.7651e-60 5.12738e-61 9.50106e-62 1.75933e-62 3.25557e-63 6.02029e-64 1.11257e-64 2.05474e-65 3.79242e-66 6.99536e-67 1.28957e-67 2.37587e-68 4.37472e-69 8.05068e-70 1.48073e-70 2.72196e-71 5.00099e-72 9.18339e-73 1.6855e-73 3.09196e-74
3.1956e-06 2.24596e-06 1.06729e-06 4.1793e-07 1.44993e-07 4.62128e-08 1.38221e-08 3.93312e-09 1.07489e-09 2.84069e-10 7.29725e-11 1.82935e-11 4.48959e-12 1.08142e-12 2.56197e-13 5.97993e-14 1.37721e-14 3.13353e-15 7.05113e-16 1.57066e-16 3.46623e-17 7.58397e-18 1.64617e-18 3.54677e-19 7.58918e-20 1.61344e-20 3.40946e-21 7.16395e-22 1.49727e-22 3.11357e-23 6.44393e-24 1.32766e-24 2.72376e-25 5.56535e-26 1.13277e-26 2.2972e-27 4.64235e-28 9.35037e-29 1.87731e-29 3.75766e-30 7.49949e-31 1.49256e-31 2.96255e-32 5.86517e-33 1.1583e-33 2.28204e-34 4.48573e-35 8.79796e-36 1.72189e-36 3.36309e-37 6.55555e-38 1.27541e-38 2.47675e-39 4.80109e-40 9.2906e-41 1.79481e-41 3.46169e-42 6.66612e-43 1.28172e-43 2.46077e-44 4.71762e-45 9.03168e-46 1.72673e-46 3.2969e-47 6.28681e-48 1.19733e-48 2.27754e-49 4.3272e-50 8.21198e-51 1.55669e-51 2.94767e-52 5.57562e-53 1.05355e-53 1.98874e-54 3.75034e-55 7.06551e-56 1.32986e-56 2.50074e-57 4.69829e-58 8.81919e-59 1.65403e-59 3.09952e-60 5.80346e-61 1.08575e-61 2.02969e-62 3.79138e-63 7.07677e-64 1.31994e-64 2.46012e-65 4.58195e-66 8.52794e-67 1.58614e-67 2.94815e-68 5.47611e-69 1.01652e-69 1.88577e-70 3.49615e-71 6.47784e-72 1.19953e-72 2.21993e-73 4.10599e-74
5.55097e-07 4.32098e-07 2.22173e-07 9.29998e-08 3.42179e-08 1.15001e-08 3.611e-09 1.07489e-09 3.06395e-10 8.42475e-11 2.24686e-11 5.83692e-12 1.482e-12 3.68764e-13 9.01284e-14 2.16769e-14 5.13854e-15 1.20219e-15 2.77904e-16 6.35394e-17 1.43813e-17 3.22474e-18 7.16851e-19 1.58075e-19 3.45966e-20 7.51884e-21 1.62333e-21 3.48316e-22 7.43034e-23 1.57636e-23 3.32693e-24 6.98705e-25 1.46055e-25 3.03958e-26 6.29912e-27 1.30017e-27 2.67337e-28 5.47681e-29 1.11809e-29 2.27497e-30 4.61405e-31 9.3294e-32 1.88081e-32 3.78098e-33 7.58021e-34 1.51572e-34 3.02317e-35 6.01518e-36 1.19403e-36 2.36483e-37 4.67342e-38 9.21621e-39 1.81377e-39 3.56249e-40 6.98384e-41 1.36657e-41 2.66923e-42 5.20459e-43 1.0131e-43 1.96882e-44 3.82006e-45 7.4005e-46 1.43153e-46 2.76505e-47 5.33323e-48 1.02725e-48 1.97596e-49 3.79587e-50 7.28263e-51 1.39549e-51 2.67077e-52 5.10544e-53 9.74829e-54 1.85924e-54 3.54212e-55 6.74104e-56 1.28155e-56 2.43387e-57 4.61771e-58 8.75246e-59 1.65737e-59 3.13545e-60 5.92632e-61 1.11913e-61 2.11153e-62 3.98052e-63 7.49752e-64 1.41104e-64 2.65344e-65 4.98583e-66 9.36114e-67 1.75627e-67 3.29253e-68 6.16812e-69 1.15469e-69 2.16009e-70 4.03812e-71 7.54385e-72 1.40838e-72 2.62762e-73 4.89923e-74
9.64241e-08 8.23469e-08 4.55327e-08 2.02774e-08 7.88114e-09 2.78346e-09 9.14756e-10 2.84069e-10 8.42475e-11 2.40466e-11 6.64411e-12 1.78509e-12 4.68032e-13 1.20099e-13 3.02327e-14 7.48093e-15 1.82263e-15 4.37851e-16 1.03842e-16 2.43387e-17 5.64299e-18 1.29527e-18 2.94558e-19 6.64076e-20 1.48509e-20 3.29612e-21 7.26393e-22 1.59017e-22 3.45927e-23 7.48082e-24 1.60871e-24 3.4411e-25 7.32365e-26 1.55123e-26 3.27073e-27 6.86637e-28 1.43552e-28 2.98931e-29 6.20139e-30 1.28184e-30 2.64039e-31 5.42071e-32 1.10932e-32 2.26318e-33 4.60361e-34 9.33774e-35 1.88884e-35 3.81066e-36 7.66827e-37 1.53931e-37 3.08264e-38 6.15914e-39 1.22787e-39 2.44259e-40 4.8489e-41 9.60638e-42 1.89944e-42 3.7486e-43 7.38433e-44 1.45204e-44 2.85029e-45 5.58559e-46 1.09279e-46 2.13457e-47 4.16305e-48 8.10692e-49 1.57638e-49 3.06087e-50 5.93503e-51 1.14924e-51 2.22239e-52 4.29209e-53 8.27884e-54 1.59491e-54 3.06887e-55 5.89808e-56 1.13226e-56 2.17117e-57 4.15877e-58 7.95739e-59 1.52097e-59 2.90421e-60 5.53985e-61 1.0557e-61 2.00987e-62 3.82284e-63 7.26448e-64 1.37921e-64 2.61621e-65 4.95836e-66 9.38933e-67 1.77652e-67 3.35853e-68 6.34427e-69 1.19749e-69 2.25854e-70 4.25653e-71 8.01606e-72 1.50851e-72 2.83678e-73 5.33087e-74
1.67495e-08 1.55703e-08 9.2105e-09 4.3462e-09 1.77837e-09 6.58096e-10 2.25775e-10 7.29725e-11 2.24686e-11 6.64411e-12 1.89841e-12 5.26609e-13 1.42351e-13 3.76123e-14 9.73822e-15 2.4758e-15 6.19165e-16 1.52546e-16 3.70737e-17 8.89791e-18 2.11103e-18 4.95521e-19 1.15166e-19 2.65201e-20 6.0546e-21 1.37117e-21 3.08183e-22 6.87752e-23 1.52455e-23 3.35812e-24 7.35271e-25 1.60077e-25 3.46633e-26 7.46762e-27 1.60094e-27 3.41622e-28 7.25751e-29 1.53528e-29 3.23461e-30 6.78843e-31 1.41938e-31 2.95715e-32 6.13983e-33 1.27059e-33 2.62105e-34 5.39034e-35 1.10529e-35 2.25998e-36 4.60829e-37 9.37184e-38 1.90107e-38 3.84678e-39 7.76526e-40 1.5639e-40 3.14257e-41 6.30112e-42 1.26077e-42 2.51746e-43 5.0168e-44 9.97824e-45 1.98092e-45 3.92545e-46 7.76504e-47 1.53338e-47 3.02292e-48 5.9497e-49 1.16916e-49 2.29393e-50 4.49398e-51 8.7911e-52 1.71724e-52 3.34976e-53 6.52531e-54 1.26943e-54 2.46635e-55 4.7857e-56 9.27463e-57 1.79523e-57 3.4708e-58 6.70246e-59 1.29284e-59 2.491e-60 4.79437e-61 9.21777e-62 1.77039e-62 3.39678e-63 6.51077e-64 1.24673e-64 2.38504e-65 4.55837e-66 8.7041e-67 1.66052e-67 3.16506e-68 6.02755e-69 1.14691e-69 2.18048e-70 4.1421e-71 7.86207e-72 1.49111e-72 2.82582e-73 5.35116e-74
2.9095e-09 2.92459e-09 1.84257e-09 9.1805e-10 3.94311e-10 1.525e-10 5.44925e-11 1.82935e-11 5.83692e-12 1.78509e-12 5.26609e-13 1.50595e-13 4.19114e-14 1.13876e-14 3.02865e-15 7.90185e-16 2.02617e-16 5.11413e-17 1.27236e-17 3.12393e-18 7.57694e-19 1.81712e-19 4.31242e-20 1.01348e-20 2.36021e-21 5.44973e-22 1.24829e-22 2.83778e-23 6.40547e-24 1.43616e-24 3.19958e-25 7.08536e-26 1.56007e-26 3.41633e-27 7.44257e-28 1.61339e-28 3.48099e-29 7.47664e-30 1.59895e-30 3.40538e-31 7.22393e-32 1.52661e-32 3.21434e-33 6.74417e-34 1.41025e-34 2.93931e-35 6.10703e-36 1.26502e-36 2.61274e-37 5.38103e-38 1.10522e-38 2.26404e-39 4.62603e-40 9.42883e-41 1.91719e-41 3.88923e-42 7.87194e-43 1.58983e-43 3.20402e-44 6.44384e-45 1.29337e-45 2.59093e-46 5.18042e-47 1.03389e-47 2.05969e-48 4.0961e-49 8.13206e-50 1.6118e-50 3.18946e-51 6.30145e-52 1.24307e-52 2.44849e-53 4.81575e-54 9.45823e-55 1.85502e-55 3.63325e-56 7.1066e-57 1.38823e-57 2.70838e-58 5.27736e-59 1.02705e-59 1.99642e-60 3.87616e-61 7.51721e-62 1.45621e-62 2.81784e-63 5.44681e-64 1.05175e-64 2.02876e-65 3.90942e-66 7.52597e-67 1.44741e-67 2.78102e-68 5.3384e-69 1.02381e-69 1.96172e-70 3.75551e-71 7.1833e-72 1.3728e-72 2.62138e-73 5.00142e-74
5.054e-10 5.46224e-10 3.65104e-10 1.91488e-10 8.61103e-11 3.47277e-11 1.2899e-11 4.48959e-12 1.482e-12 4.68032e-13 1.42351e-13 4.19114e-14 1.19939e-14 3.3472e-15 9.1344e-16 2.44312e-16 6.41668e-17 1.65765e-17 4.21798e-18 1.05848e-18 2.62239e-19 6.42033e-20 1.55465e-20 3.72602e-21 8.84484e-22 2.0808e-22 4.85401e-23 1.12336e-23 2.58037e-24 5.88525e-25 1.33332e-25 3.00152e-26 6.71617e-27 1.49419e-27 3.30606e-28 7.27693e-29 1.59374e-29 3.47389e-30 7.53757e-31 1.62834e-31 3.50298e-32 7.50551e-33 1.60192e-33 3.40631e-34 7.21723e-35 1.5239e-35 3.20698e-36 6.72731e-37 1.40682e-37 2.93316e-38 6.09781e-39 1.26414e-39 2.61359e-40 5.38939e-41 1.1085e-41 2.27436e-42 4.65527e-43 9.50648e-44 1.93693e-44 3.93784e-45 7.9887e-46 1.61731e-46 3.26767e-47 6.58915e-48 1.32615e-48 2.66408e-49 5.34216e-50 1.06935e-50 2.13685e-51 4.26286e-52 8.49016e-53 1.68825e-53 3.35182e-54 6.64452e-55 1.31522e-55 2.59959e-56 5.13089e-57 1.01129e-57 1.99054e-58 3.91281e-59 7.68141e-60 1.50606e-60 2.94917e-61 5.76806e-62 1.12678e-62 2.19859e-63 4.28498e-64 8.34191e-65 1.6222e-65 3.15118e-66 6.11482e-67 1.18534e-67 2.2954e-68 4.4406e-69 8.58219e-70 1.65705e-70 3.19642e-71 6.16011e-72 1.18609e-72 2.28169e-73 4.38545e-74
8.77915e-11 1.01519e-10 7.17459e-11 3.95028e-11 1.85562e-11 7.78813e-12 3.0016e-12 1.08142e-12 3.68764e-13 1.20099e-13 3.76123e-14 1.13876e-14 3.3472e-15 9.58442e-16 2.6811e-16 7.34427e-17 1.97397e-17 5.21472e-18 1.356e-18 3.47522e-19 8.7879e-20 2.19482e-20 5.41881e-21 1.32355e-21 3.20045e-22 7.6664e-23 1.82023e-23 4.28592e-24 1.00126e-24 2.32177e-25 5.34607e-26 1.22279e-26 2.77914e-27 6.27837e-28 1.41022e-28 3.15022e-29 7.00031e-30 1.54781e-30 3.40589e-31 7.46013e-32 1.62684e-32 3.53264e-33 7.63987e-34 1.64577e-34 3.53193e-35 7.55224e-36 1.60922e-36 3.41731e-37 7.23327e-38 1.5262e-38 3.21043e-39 6.73333e-40 1.40817e-40 2.9368e-41 6.10841e-42 1.26722e-42 2.62225e-43 5.41294e-44 1.1147e-44 2.29021e-45 4.69478e-46 9.60297e-47 1.96007e-47 3.99241e-48 8.11567e-49 1.64649e-49 3.33398e-50 6.73837e-51 1.35943e-51 2.73771e-52 5.50383e-53 1.10461e-53 2.21328e-54 4.42753e-55 8.84308e-56 1.76351e-56 3.51153e-57 6.98196e-58 1.38622e-58 2.74838e-59 5.44155e-60 1.07593e-60 2.12456e-61 4.18981e-62 8.25218e-63 1.62332e-63 3.18943e-64 6.25898e-65 1.22684e-65 2.402e-66 4.69754e-67 9.17677e-68 1.79077e-68 3.49083e-69 6.79774e-70 1.32238e-70 2.56988e-71 4.98932e-72 9.6772e-73 1.87519e-73 3.63022e-74
1.525e-11 1.87872e-11 1.3996e-11 8.07028e-12 3.95192e-12 1.72306e-12 6.87967e-13 2.56197e-13 9.01284e-14 3.02327e-14 9.73822e-15 3.02865e-15 9.1344e-16 2.6811e-16 7.68095e-17 2.15302e-17 5.91713e-18 1.59724e-18 4.2412e-19 1.10928e-19 2.86111e-20 7.2847e-21 1.83261e-21 4.55889e-22 1.12227e-22 2.73569e-23 6.6073e-24 1.58199e-24 3.7568e-25 8.85237e-26 2.07065e-26 4.80975e-27 1.10983e-27 2.54478e-28 5.80003e-29 1.31436e-29 2.96223e-30 6.64112e-31 1.48143e-31 3.28873e-32 7.26719e-33 1.59873e-33 3.50211e-34 7.64009e-35 1.66015e-35 3.5937e-36 7.75065e-37 1.66568e-37 3.56743e-38 7.61516e-39 1.62036e-39 3.43712e-40 7.26898e-41 1.53281e-41 3.22313e-42 6.75892e-43 1.41359e-43 2.94884e-44 6.13608e-45 1.27372e-45 2.63771e-46 5.44982e-47 1.12348e-47 2.311e-48 4.74365e-49 9.71689e-50 1.9864e-50 4.05278e-51 8.2529e-52 1.67745e-52 3.40328e-53 6.89246e-54 1.39346e-54 2.8124e-55 5.66682e-56 1.13998e-56 2.28963e-57 4.59156e-58 9.19383e-59 1.83818e-59 3.66985e-60 7.31629e-61 1.45656e-61 2.89584e-62 5.74963e-63 1.14008e-63 2.25775e-64 4.4655e-65 8.82121e-66 1.74045e-66 3.42988e-67 6.75137e-68 1.32742e-68 2.60699e-69 5.11436e-70 1.00225e-70 1.96199e-71 3.83679e-72 7.49539e-73 1.4628e-73 2.85197e-74
2.64902e-12 3.46371e-12 2.71266e-12 1.63453e-12 8.32856e-13 3.76625e-13 1.55559e-13 5.97993e-14 2.16769e-14 7.48093e-15 2.4758e-15 7.90185e-16 2.44312e-16 7.34427e-17 2.15302e-17 6.17078e-18 1.7328e-18 4.776e-19 1.29412e-19 3.45201e-20 9.07568e-21 2.35427e-21 6.03131e-22 1.52724e-22 3.82538e-23 9.48425e-24 2.32895e-24 5.66744e-25 1.36742e-25 3.27272e-26 7.77303e-27 1.8328e-27 4.29179e-28 9.98402e-29 2.30807e-29 5.30387e-30 1.21186e-30 2.75382e-31 6.22502e-32 1.40011e-32 3.13393e-33 6.98235e-34 1.54874e-34 3.42051e-35 7.5233e-36 1.64815e-36 3.59678e-37 7.82025e-38 1.69422e-38 3.65776e-39 7.87054e-40 1.68805e-40 3.60911e-41 7.69296e-42 1.63495e-42 3.46475e-43 7.32204e-44 1.54319e-44 3.24392e-45 6.80162e-46 1.42259e-46 2.96823e-47 6.17873e-48 1.28324e-48 2.6592e-49 5.4986e-50 1.13458e-50 2.33629e-51 4.80113e-52 9.84712e-53 2.01579e-53 4.11878e-54 8.4004e-55 1.71024e-55 3.47583e-56 7.05214e-57 1.42843e-57 2.88863e-58 5.83221e-59 1.1757e-59 2.36646e-60 4.7561e-61 9.54485e-62 1.91278e-62 3.82782e-63 7.64963e-64 1.52667e-64 3.04281e-65 6.05678e-66 1.20408e-66 2.39073e-67 4.74104e-68 9.39065e-69 1.85783e-69 3.67125e-70 7.24649e-71 1.42876e-71 2.81393e-72 5.53605e-73 1.088e-73 2.13602e-74
4.60153e-13 6.36452e-13 5.22729e-13 3.28496e-13 1.73876e-13 8.14307e-14 3.47477e-14 1.37721e-14 5.13854e-15 1.82263e-15 6.19165e-16 2.02617e-16 6.41668e-17 1.97397e-17 5.91713e-18 1.7328e-18 4.96824e-19 1.39731e-19 3.86118e-20 1.04978e-20 2.8117e-21 7.42681e-22 1.93651e-22 4.98882e-23 1.27079e-23 3.20293e-24 7.99279e-25 1.97593e-25 4.84169e-26 1.17647e-26 2.83604e-27 6.78528e-28 1.61178e-28 3.80259e-29 8.91298e-30 2.07618e-30 4.80758e-31 1.10692e-31 2.53477e-32 5.77418e-33 1.30877e-33 2.95216e-34 6.62831e-35 1.48159e-35 3.29748e-36 7.30864e-37 1.61344e-37 3.54806e-38 7.77334e-39 1.6969e-39 3.69138e-40 8.003e-41 1.7294e-41 3.72527e-42 7.9999e-43 1.71283e-43 3.65667e-44 7.78456e-45 1.6527e-45 3.49946e-46 7.39068e-47 1.55695e-47 3.27192e-48 6.85954e-49 1.43476e-49 2.99419e-50 6.23479e-51 1.29548e-51 2.68613e-52 5.55821e-53 1.14782e-53 2.36574e-54 4.86667e-55 9.99279e-56 2.0481e-56 4.19029e-57 8.55815e-58 1.74493e-58 3.55182e-59 7.21799e-60 1.4645e-60 2.96677e-61 6.00087e-62 1.21197e-62 2.44419e-63 4.92212e-64 9.89819e-65 1.98774e-65 3.98633e-66 7.9838e-67 1.59691e-67 3.19002e-68 6.36444e-69 1.26821e-69 2.52405e-70 5.01749e-71 9.96249e-72 1.97584e-72 3.91421e-73 7.74563e-74 1.53107e-74
7.99317e-14 1.16598e-13 1.00208e-13 6.55595e-14 3.59928e-14 1.74338e-14 7.67639e-15 3.13353e-15 1.20219e-15 4.37851e-16 1.52546e-16 5.11413e-17 1.65765e-17 5.21472e-18 1.59724e-18 4.776e-19 1.39731e-19 4.00766e-20 1.12872e-20 3.12612e-21 8.52517e-22 2.29175e-22 6.07897e-23 1.5925e-23 4.12344e-24 1.05605e-24 2.67693e-25 6.72008e-26 1.67159e-26 4.12206e-27 1.00815e-27 2.44651e-28 5.89308e-29 1.40949e-29 3.34853e-30 7.90399e-31 1.85423e-31 4.32432e-32 1.00281e-32 2.31294e-33 5.30702e-34 1.21161e-34 2.75288e-35 6.22584e-36 1.40175e-36 3.14248e-37 7.01568e-38 1.56e-38 3.45539e-39 7.62501e-40 1.67652e-40 3.67325e-41 8.02076e-42 1.74561e-42 3.78696e-43 8.19002e-44 1.76592e-44 3.79652e-45 8.13889e-46 1.73998e-46 3.70983e-47 7.88912e-48 1.67338e-48 3.54067e-49 7.47354e-50 1.57378e-50 3.30646e-51 6.93125e-52 1.44981e-52 3.02609e-53 6.30305e-54 1.3102e-54 2.71806e-55 5.62781e-56 1.16304e-56 2.39909e-57 4.93982e-58 1.01532e-58 2.08326e-59 4.26721e-60 8.72616e-61 1.78154e-61 3.63139e-62 7.39048e-63 1.50178e-63 3.04712e-64 6.17353e-65 1.24897e-65 2.52321e-66 5.0904e-67 1.02556e-67 2.06342e-68 4.14614e-69 8.32036e-70 1.6676e-70 3.33811e-71 6.67391e-72 1.33272e-72 2.6582e-73 5.29581e-74 1.05386e-74
1.38847e-14 2.13034e-14 1.91201e-14 1.30015e-14 7.39327e-15 3.69917e-15 1.67888e-15 7.05113e-16 2.77904e-16 1.03842e-16 3.70737e-17 1.27236e-17 4.21798e-18 1.356e-18 4.2412e-19 1.29412e-19 3.86118e-20 1.12872e-20 3.23826e-21 9.13161e-22 2.5343e-22 6.93016e-23 1.86917e-23 4.97707e-24 1.3094e-24 3.40616e-25 8.76684e-26 2.23393e-26 5.6388e-27 1.41063e-27 3.49904e-28 8.60955e-29 2.10223e-29 5.0957e-30 1.22659e-30 2.93293e-31 6.96848e-32 1.64561e-32 3.86345e-33 9.01966e-34 2.09443e-34 4.83831e-35 1.11214e-35 2.54413e-36 5.79315e-37 1.31327e-37 2.96431e-38 6.66331e-39 1.4918e-39 3.32695e-40 7.39179e-41 1.63633e-41 3.60962e-42 7.93536e-43 1.73873e-43 3.79751e-44 8.26817e-45 1.79474e-45 3.8843e-46 8.38258e-47 1.80398e-47 3.87173e-48 8.28764e-49 1.76945e-49 3.7684e-50 8.00595e-51 1.69681e-51 3.58794e-52 7.56956e-53 1.59344e-53 3.34703e-54 7.01564e-55 1.4675e-55 3.06348e-56 6.38258e-57 1.32721e-57 2.75464e-58 5.70675e-59 1.18013e-59 2.43614e-60 5.02024e-61 1.03279e-61 2.12118e-62 4.34949e-63 8.90444e-64 1.82011e-64 3.71469e-65 7.57001e-66 1.54039e-66 3.12995e-67 6.3508e-68 1.28681e-68 2.60381e-69 5.26164e-70 1.06185e-70 2.14013e-71 4.30792e-72 8.66069e-73 1.73902e-73 3.48766e-74 6.98632e-75
2.41186e-15 3.88285e-15 3.63267e-15 2.56359e-15 1.50798e-15 7.78509e-16 3.63817e-16 1.57066e-16 6.35394e-17 2.43387e-17 8.89791e-18 3.12393e-18 1.05848e-18 3.47522e-19 1.10928e-19 3.45201e-20 1.04978e-20 3.12612e-21 9.13161e-22 2.62052e-22 7.3979e-23 2.05694e-23 5.63877e-24 1.52547e-24 4.07608e-25 1.07654e-25 2.81235e-26 7.27155e-27 1.86187e-27 4.72349e-28 1.18788e-28 2.96261e-29 7.33057e-30 1.80023e-30 4.38929e-31 1.06286e-31 2.55686e-32 6.11228e-33 1.45238e-33 3.43118e-34 8.06107e-35 1.88374e-35 4.37941e-36 1.01312e-36 2.33255e-37 5.34566e-38 1.21967e-38 2.77088e-39 6.2689e-40 1.41261e-40 3.17076e-41 7.0904e-42 1.57977e-42 3.50739e-43 7.76038e-44 1.71134e-44 3.76171e-45 8.24273e-46 1.80066e-46 3.92194e-47 8.51761e-48 1.84465e-48 3.98401e-49 8.58163e-50 1.8437e-50 3.95105e-51 8.44621e-52 1.80121e-52 3.83219e-53 8.13455e-54 1.72285e-54 3.64091e-55 7.67793e-56 1.61574e-56 3.39321e-57 7.11186e-58 1.48767e-58 3.106e-59 6.47264e-60 1.34638e-60 2.79559e-61 5.79452e-62 1.19898e-62 2.47673e-63 5.10769e-64 1.05164e-64 2.16182e-65 4.43707e-66 9.09304e-67 1.86068e-67 3.80184e-68 7.75692e-69 1.58041e-69 3.21547e-70 6.53321e-71 1.32564e-71 2.68628e-72 5.43645e-73 1.09882e-73 2.21816e-74 4.47223e-75
4.18957e-16 7.06146e-16 6.87504e-16 5.02823e-16 3.05597e-16 1.62615e-16 7.81761e-17 3.46623e-17 1.43813e-17 5.64299e-18 2.11103e-18 7.57694e-19 2.62239e-19 8.7879e-20 2.86111e-20 9.07568e-21 2.8117e-21 8.52517e-22 2.5343e-22 7.3979e-23 2.1235e-23 6.00083e-24 1.6713e-24 4.59194e-25 1.2457e-25 3.33918e-26 8.85079e-27 2.32123e-27 6.02698e-28 1.5501e-28 3.951e-29 9.98481e-30 2.50286e-30 6.22536e-31 1.53701e-31 3.76806e-32 9.17529e-33 2.21977e-33 5.33701e-34 1.27556e-34 3.03119e-35 7.16366e-36 1.68405e-36 3.93875e-37 9.16693e-38 2.12338e-38 4.89601e-39 1.12391e-39 2.569e-40 5.84787e-41 1.32584e-41 2.9943e-42 6.73701e-43 1.51027e-43 3.37368e-44 7.51037e-45 1.66636e-45 3.68526e-46 8.12455e-47 1.78566e-47 3.91293e-48 8.54958e-49 1.86277e-49 4.04743e-50 8.77066e-51 1.89561e-51 4.08656e-52 8.78792e-53 1.8852e-53 4.03461e-54 8.61466e-55 1.83524e-55 3.90109e-56 8.27451e-57 1.75138e-57 3.69931e-58 7.79802e-59 1.64055e-59 3.4447e-60 7.21926e-61 1.51017e-61 3.15335e-62 6.5727e-63 1.36759e-63 2.84072e-64 5.89075e-65 1.21955e-65 2.52073e-66 5.20196e-67 1.07185e-67 2.20515e-68 4.52995e-69 9.29204e-70 1.90328e-70 3.89295e-71 7.95154e-72 1.62192e-72 3.3039e-73 6.72124e-74 1.36555e-74 2.77086e-75
7.27756e-17 1.28163e-16 1.29652e-16 9.81475e-17 6.15631e-17 3.37327e-17 1.66678e-17 7.58397e-18 3.22474e-18 1.29527e-18 4.95521e-19 1.81712e-19 6.42033e-20 2.19482e-20 7.2847e-21 2.35427e-21 7.42681e-22 2.29175e-22 6.93016e-23 2.05694e-23 6.00083e-24 1.72285e-24 4.87309e-25 1.35929e-25 3.7424e-26 1.0178e-26 2.73632e-27 7.2768e-28 1.91533e-28 4.99246e-29 1.28935e-29 3.30071e-30 8.37942e-31 2.11037e-31 5.27471e-32 1.30883e-32 3.22511e-33 7.89432e-34 1.92004e-34 4.64134e-35 1.11537e-35 2.66522e-36 6.33402e-37 1.49742e-37 3.52218e-38 8.24433e-39 1.92066e-39 4.45417e-40 1.02842e-40 2.36439e-41 5.41348e-42 1.23452e-42 2.80436e-43 6.34657e-44 1.43107e-44 3.21546e-45 7.20001e-46 1.60684e-46 3.57436e-47 7.926e-48 1.75216e-48 3.86183e-49 8.48686e-50 1.8598e-50 4.0643e-51 8.85792e-52 1.92546e-52 4.17467e-53 9.02863e-54 1.94786e-54 4.19235e-55 9.00206e-56 1.92857e-56 4.12251e-57 8.79306e-58 1.87151e-58 3.97501e-59 8.42552e-60 1.78233e-60 3.76295e-61 7.92935e-62 1.66775e-62 3.50127e-63 7.33731e-64 1.5349e-64 3.20533e-65 6.68231e-66 1.39077e-66 2.88986e-67 5.99514e-68 1.24176e-68 2.56807e-69 5.30293e-70 1.0934e-70 2.25115e-71 4.62813e-72 9.50152e-73 1.94795e-73 3.98814e-74 8.15418e-75 1.66501e-75
1.26416e-17 2.32184e-17 2.43702e-17 1.90724e-17 1.23341e-17 6.95286e-18 3.52813e-18 1.64617e-18 7.16851e-19 2.94558e-19 1.15166e-19 4.31242e-20 1.55465e-20 5.41881e-21 1.83261e-21 6.03131e-22 1.93651e-22 6.07897e-23 1.86917e-23 5.63877e-24 1.6713e-24 4.87309e-25 1.39934e-25 3.96137e-26 1.10652e-26 3.05226e-27 8.32043e-28 2.24297e-28 5.98302e-29 1.58007e-29 4.13347e-30 1.07162e-30 2.75447e-31 7.02238e-32 1.7764e-32 4.46024e-33 1.11193e-33 2.75311e-34 6.77209e-35 1.65534e-35 4.02186e-36 9.7149e-37 2.33355e-37 5.57511e-38 1.32504e-38 3.13348e-39 7.37424e-40 1.72732e-40 4.02775e-41 9.35077e-42 2.16167e-42 4.97675e-43 1.14122e-43 2.60686e-44 5.93246e-45 1.34515e-45 3.03927e-46 6.84345e-47 1.53578e-47 3.43535e-48 7.66017e-49 1.70282e-49 3.77393e-50 8.3397e-51 1.83768e-51 4.03814e-52 8.84947e-53 1.93421e-53 4.21667e-54 9.1694e-55 1.98904e-55 4.30428e-56 9.2926e-57 2.00159e-57 4.30169e-58 9.2246e-59 1.97389e-59 4.21485e-60 8.98149e-61 1.91002e-61 4.05387e-62 8.58738e-63 1.81563e-63 3.83167e-64 8.07156e-65 1.69727e-65 3.56272e-66 7.46564e-67 1.56178e-67 3.26178e-68 6.80116e-69 1.41586e-69 2.9429e-70 6.1075e-71 1.2656e-71 2.61869e-72 5.41051e-73 1.11627e-73 2.29981e-74 4.73163e-75 9.72162e-76
2.19593e-18 4.19918e-18 4.56696e-18 3.69096e-18 2.4586e-18 1.42462e-18 7.41823e-19 3.54677e-19 1.58075e-19 6.64076e-20 2.65201e-20 1.01348e-20 3.72602e-21 1.32355e-21 4.55889e-22 1.52724e-22 4.98882e-23 1.5925e-23 4.97707e-24 1.52547e-24 4.59194e-25 1.35929e-25 3.96137e-26 1.13773e-26 3.22326e-27 9.01508e-28 2.49108e-28 6.80526e-29 1.83912e-29 4.91965e-30 1.30328e-30 3.42087e-31 8.90054e-32 2.29646e-32 5.87795e-33 1.49305e-33 3.76483e-34 9.42696e-35 2.34465e-35 5.79405e-36 1.42296e-36 3.47384e-37 8.43206e-38 2.03542e-38 4.88714e-39 1.1674e-39 2.77475e-40 6.56355e-41 1.54538e-41 3.62225e-42 8.45333e-43 1.96447e-43 4.54657e-44 1.04809e-44 2.40681e-45 5.50629e-46 1.25516e-46 2.85104e-47 6.45383e-48 1.45606e-48 3.27439e-49 7.34017e-50 1.64037e-50 3.65488e-51 8.11955e-52 1.79867e-52 3.97337e-53 8.75358e-54 1.92336e-54 4.21511e-55 9.21422e-56 2.00925e-56 4.37078e-57 9.48544e-58 2.05377e-58 4.43675e-59 9.56349e-60 2.05697e-60 4.41487e-61 9.45598e-62 2.02121e-62 4.31174e-63 9.18006e-64 1.95077e-64 4.13765e-65 8.75995e-66 1.85125e-66 3.90537e-67 8.22438e-68 1.72904e-68 3.62893e-69 7.60397e-70 1.59075e-70 3.32257e-71 6.92901e-72 1.4428e-72 2.99975e-73 6.22766e-74 1.29102e-74 2.67254e-75 5.52465e-76
3.81449e-19 7.5826e-19 8.53457e-19 7.11558e-19 4.87771e-19 2.90291e-19 1.55004e-19 7.58918e-20 3.45966e-20 1.48509e-20 6.0546e-21 2.36021e-21 8.84484e-22 3.20045e-22 1.12227e-22 3.82538e-23 1.27079e-23 4.12344e-24 1.3094e-24 4.07608e-25 1.2457e-25 3.7424e-26 1.10652e-26 3.22326e-27 9.25893e-28 2.62495e-28 7.35039e-29 2.03436e-29 5.56863e-30 1.50843e-30 4.04565e-31 1.07486e-31 2.83014e-32 7.38826e-33 1.91303e-33 4.91477e-34 1.25323e-34 3.17281e-35 7.9775e-36 1.9926e-36 4.94552e-37 1.21998e-37 2.99181e-38 7.2955e-39 1.7693e-39 4.26829e-40 1.02445e-40 2.44676e-41 5.81595e-42 1.37609e-42 3.24139e-43 7.60217e-44 1.7755e-44 4.12987e-45 9.56831e-46 2.20835e-46 5.07787e-47 1.16338e-47 2.65602e-48 6.043e-49 1.37033e-49 3.09731e-50 6.97863e-51 1.56753e-51 3.5104e-52 7.83834e-53 1.74521e-53 3.8749e-54 8.58003e-55 1.89479e-55 4.17354e-56 9.16948e-57 2.00958e-57 4.39353e-58 9.58272e-59 2.08524e-59 4.52725e-60 9.80726e-61 2.1199e-61 4.57251e-62 9.8421e-63 2.11413e-63 4.53214e-64 9.69664e-65 2.07062e-65 4.41327e-66 9.38888e-67 1.99378e-67 4.22634e-68 8.94315e-69 1.88916e-69 3.98396e-70 8.38765e-71 1.76302e-71 3.69981e-72 7.7521e-73 1.62176e-73 3.38763e-74 7.06572e-75 1.47156e-75 3.06037e-76
6.62602e-20 1.36723e-19 1.59077e-19 1.36689e-19 9.63453e-20 5.88479e-20 3.21999e-20 1.61344e-20 7.51884e-21 3.29612e-21 1.37117e-21 5.44973e-22 2.0808e-22 7.6664e-23 2.73569e-23 9.48425e-24 3.20293e-24 1.05605e-24 3.40616e-25 1.07654e-25 3.33918e-26 1.0178e-26 3.05226e-27 9.01508e-28 2.62495e-28 7.54138e-29 2.13941e-29 5.99734e-30 1.66236e-30 4.55877e-31 1.23755e-31 3.32728e-32 8.8639e-33 2.34075e-33 6.12987e-34 1.59248e-34 4.10553e-35 1.0507e-35 2.67012e-36 6.73978e-37 1.6902e-37 4.21228e-38 1.04347e-38 2.56994e-39 6.29412e-40 1.53321e-40 3.71536e-41 8.95797e-42 2.14931e-42 5.1326e-43 1.22008e-43 2.88746e-44 6.80418e-45 1.59671e-45 3.73179e-46 8.68762e-47 2.01477e-47 4.65521e-48 1.07173e-48 2.45869e-49 5.6213e-50 1.28093e-50 2.9094e-51 6.58731e-52 1.48688e-52 3.34607e-53 7.50796e-54 1.67983e-54 3.74796e-55 8.33949e-56 1.85066e-56 4.09619e-57 9.04332e-58 1.99156e-58 4.37524e-59 9.58904e-60 2.09669e-60 4.57407e-61 9.95636e-62 2.16245e-62 4.68664e-63 1.01359e-63 2.18762e-64 4.71197e-65 1.01292e-65 2.17321e-66 4.65373e-67 9.94696e-68 2.12218e-68 4.51954e-69 9.6081e-70 2.03905e-70 4.31994e-71 9.13695e-72 1.92935e-72 4.06742e-73 8.56124e-74 1.79919e-74 3.7753e-75 7.9099e-76 1.6548e-76
1.15098e-20 2.46198e-20 2.95792e-20 2.61707e-20 1.89522e-20 1.18723e-20 6.65266e-21 3.40946e-21 1.62333e-21 7.26393e-22 3.08183e-22 1.24829e-22 4.85401e-23 1.82023e-23 6.6073e-24 2.32895e-24 7.99279e-25 2.67693e-25 8.76684e-26 2.81235e-26 8.85079e-27 2.73632e-27 8.32043e-28 2.49108e-28 7.35039e-29 2.13941e-29 6.14727e-30 1.74497e-30 4.89658e-31 1.35913e-31 3.73363e-32 1.0156e-32 2.7368e-33 7.30931e-34 1.93552e-34 5.08362e-35 1.3248e-35 3.42667e-36 8.79975e-37 2.24423e-37 5.68568e-38 1.43127e-38 3.58086e-39 8.90589e-40 2.20233e-40 5.41613e-41 1.32489e-41 3.22424e-42 7.80745e-43 1.88145e-43 4.51279e-44 1.07753e-44 2.56154e-45 6.06347e-46 1.42936e-46 3.35596e-47 7.84864e-48 1.82861e-48 4.24466e-49 9.81755e-50 2.26278e-50 5.19758e-51 1.18992e-51 2.71536e-52 6.17685e-53 1.40078e-53 3.16713e-54 7.13987e-55 1.60498e-55 3.5978e-56 8.04297e-57 1.79323e-57 3.98771e-58 8.84509e-59 1.95702e-59 4.31946e-60 9.51096e-61 2.08931e-61 4.57917e-62 1.00137e-62 2.18499e-63 4.75738e-64 1.03364e-64 2.24115e-65 4.84944e-66 1.04724e-66 2.25712e-67 4.85545e-68 1.04253e-68 2.23432e-69 4.77986e-70 1.02073e-70 2.17596e-71 4.63065e-72 9.83789e-73 2.08661e-73 4.41849e-74 9.34139e-75 1.97181e-75 4.15571e-76 8.74512e-77
1.99934e-21 4.42775e-21 5.48762e-21 4.99512e-21 3.71376e-21 2.38439e-21 1.36745e-21 7.16395e-22 3.48316e-22 1.59017e-22 6.87752e-23 2.83778e-23 1.12336e-23 4.28592e-24 1.58199e-24 5.66744e-25 1.97593e-25 6.72008e-26 2.23393e-26 7.27155e-27 2.32123e-27 7.2768e-28 2.24297e-28 6.80526e-29 2.03436e-29 5.99734e-30 1.74497e-30 5.01453e-31 1.42422e-31 4.00031e-32 1.11179e-32 3.05908e-33 8.33687e-34 2.25139e-34 6.02718e-35 1.60014e-35 4.21437e-36 1.10151e-36 2.85793e-37 7.36301e-38 1.88414e-38 4.79004e-39 1.21014e-39 3.0388e-40 7.5863e-41 1.88325e-41 4.64964e-42 1.14194e-42 2.7903e-43 6.78447e-44 1.64174e-44 3.9544e-45 9.48212e-46 2.26379e-46 5.38182e-47 1.2742e-47 3.00475e-48 7.05817e-49 1.65171e-49 3.85107e-50 8.94689e-51 2.07133e-51 4.77915e-52 1.09904e-52 2.51927e-53 5.75662e-54 1.31137e-54 2.97839e-55 6.74473e-56 1.52302e-56 3.42951e-57 7.70143e-58 1.72485e-58 3.85298e-59 8.58483e-60 1.90801e-60 4.23027e-61 9.35652e-62 2.06463e-62 4.54539e-63 9.98441e-64 2.18834e-64 4.78597e-65 1.04449e-65 2.27475e-66 4.944e-67 1.07239e-67 2.32155e-68 5.01608e-69 1.08176e-69 2.32857e-70 5.0033e-71 1.07311e-71 2.29758e-72 4.91073e-73 1.04781e-73 2.23201e-74 4.74673e-75 1.00784e-75 2.1365e-76 4.52204e-77
3.47299e-22 7.95383e-22 1.01594e-21 9.50631e-22 7.25101e-22 4.76843e-22 2.79727e-22 1.49727e-22 7.43034e-23 3.45927e-23 1.52455e-23 6.40547e-24 2.58037e-24 1.00126e-24 3.7568e-25 1.36742e-25 4.84169e-26 1.67159e-26 5.6388e-27 1.86187e-27 6.02698e-28 1.91533e-28 5.98302e-29 1.83912e-29 5.56863e-30 1.66236e-30 4.89658e-31 1.42422e-31 4.09327e-32 1.16317e-32 3.26996e-33 9.09906e-34 2.50736e-34 6.84536e-35 1.85233e-35 4.9699e-36 1.32265e-36 3.49263e-37 9.15399e-38 2.38202e-38 6.15568e-39 1.58022e-39 4.03064e-40 1.02176e-40 2.57473e-41 6.45082e-42 1.60725e-42 3.98305e-43 9.81948e-44 2.40865e-44 5.87947e-45 1.4284e-45 3.45435e-46 8.3167e-47 1.99369e-47 4.75928e-48 1.13149e-48 2.67941e-49 6.32048e-50 1.48535e-50 3.47793e-51 8.11456e-52 1.88669e-52 4.37187e-53 1.00972e-53 2.32454e-54 5.33468e-55 1.22053e-55 2.78412e-56 6.33224e-57 1.4361e-57 3.24788e-58 7.32536e-59 1.64777e-59 3.69685e-60 8.27285e-61 1.84668e-61 4.1121e-62 9.1347e-63 2.02443e-63 4.47624e-64 9.87511e-65 2.17375e-65 4.77459e-66 1.0465e-66 2.28894e-67 4.99623e-68 1.08837e-68 2.36623e-69 5.13445e-70 1.11201e-70 2.40386e-71 5.18699e-72 1.11722e-72 2.40213e-73 5.1558e-74 1.10473e-74 2.36311e-75 5.04655e-76 1.07597e-76 2.2904e-77
6.03281e-23 1.42724e-22 1.87711e-22 1.80422e-22 1.41093e-22 9.49813e-23 5.69622e-23 3.11357e-23 1.57636e-23 7.48082e-24 3.35812e-24 1.43616e-24 5.88525e-25 2.32177e-25 8.85237e-26 3.27272e-26 1.17647e-26 4.12206e-27 1.41063e-27 4.72349e-28 1.5501e-28 4.99246e-29 1.58007e-29 4.91965e-30 1.50843e-30 4.55877e-31 1.35913e-31 4.00031e-32 1.16317e-32 3.34336e-33 9.50531e-34 2.67438e-34 7.45021e-35 2.05589e-35 5.62213e-36 1.5242e-36 4.09812e-37 1.09314e-37 2.89369e-38 7.60407e-39 1.98418e-39 5.14244e-40 1.3241e-40 3.38794e-41 8.6161e-42 2.1784e-42 5.47646e-43 1.36925e-43 3.40532e-44 8.42566e-45 2.07437e-45 5.08247e-46 1.23945e-46 3.00893e-47 7.27241e-48 1.75019e-48 4.19452e-49 1.0012e-49 2.38039e-50 5.63781e-51 1.33031e-51 3.12762e-52 7.32717e-53 1.71064e-53 3.98032e-54 9.23103e-55 2.13398e-55 4.91777e-56 1.12985e-56 2.58806e-57 5.91099e-58 1.34619e-58 3.05733e-59 6.92457e-60 1.56417e-60 3.52404e-61 7.9193e-62 1.77519e-62 3.96953e-63 8.85504e-64 1.97069e-64 4.37568e-65 9.69373e-66 2.14276e-66 4.72619e-67 1.04021e-67 2.28468e-68 5.00767e-69 1.0954e-69 2.39138e-70 5.21051e-71 1.13314e-71 2.45965e-72 5.32921e-73 1.15257e-73 2.48828e-74 5.36255e-75 1.15371e-75 2.47793e-76 5.31325e-77 1.13742e-77
1.04794e-23 2.55842e-23 3.46182e-23 3.41547e-23 2.73667e-23 1.88479e-23 1.15499e-23 6.44393e-24 3.32693e-24 1.60871e-24 7.35271e-25 3.19958e-25 1.33332e-25 5.34607e-26 2.07065e-26 7.77303e-27 2.83604e-27 1.00815e-27 3.49904e-28 1.18788e-28 3.951e-29 1.28935e-29 4.13347e-30 1.30328e-30 4.04565e-31 1.23755e-31 3.73363e-32 1.11179e-32 3.26996e-33 9.50531e-34 2.73244e-34 7.77196e-35 2.18838e-35 6.10279e-36 1.6863e-36 4.61864e-37 1.25438e-37 3.37932e-38 9.03353e-39 2.39687e-39 6.31416e-40 1.65191e-40 4.29307e-41 1.10857e-41 2.8449e-42 7.2573e-43 1.84066e-43 4.64243e-44 1.16458e-44 2.90615e-45 7.21547e-46 1.78268e-46 4.38341e-47 1.07285e-47 2.61405e-48 6.34148e-49 1.53188e-49 3.68522e-50 8.82997e-51 2.10744e-51 5.01071e-52 1.18695e-52 2.80153e-53 6.58912e-54 1.54443e-54 3.60787e-55 8.40066e-56 1.94979e-56 4.51137e-57 1.04065e-57 2.39336e-58 5.4884e-59 1.25501e-59 2.8618e-60 6.508e-61 1.47604e-61 3.33899e-62 7.53394e-63 1.69567e-63 3.80712e-64 8.52723e-65 1.90544e-65 4.24797e-66 9.44896e-67 2.09711e-67 4.64423e-68 1.02631e-68 2.26324e-69 4.98068e-70 1.09388e-70 2.39766e-71 5.24518e-72 1.14525e-72 2.49588e-73 5.42932e-74 1.1789e-74 2.55524e-75 5.52873e-76 1.19418e-76 2.57498e-77 5.54312e-78
1.82034e-24 4.58174e-24 6.37324e-24 6.44996e-24 5.29205e-24 3.72685e-24 2.33243e-24 1.32766e-24 6.98705e-25 3.4411e-25 1.60077e-25 7.08536e-26 3.00152e-26 1.22279e-26 4.80975e-27 1.8328e-27 6.78528e-28 2.44651e-28 8.60955e-29 2.96261e-29 9.98481e-30 3.30071e-30 1.07162e-30 3.42087e-31 1.07486e-31 3.32728e-32 1.0156e-32 3.05908e-33 9.09906e-34 2.67438e-34 7.77196e-35 2.23437e-35 6.35799e-36 1.79154e-36 5.0011e-37 1.38361e-37 3.79517e-38 1.03246e-38 2.78668e-39 7.46454e-40 1.98494e-40 5.24128e-41 1.37463e-41 3.58179e-42 9.27418e-43 2.38675e-43 6.10639e-44 1.55343e-44 3.93012e-45 9.89019e-46 2.47605e-46 6.16793e-47 1.529e-47 3.7725e-48 9.26533e-49 2.26548e-49 5.51544e-50 1.33713e-50 3.22841e-51 7.76378e-52 1.85983e-52 4.43845e-53 1.05533e-53 2.50027e-54 5.90289e-55 1.38886e-55 3.25687e-56 7.61255e-57 1.77369e-57 4.11979e-58 9.54013e-59 2.20264e-59 5.07074e-60 1.16404e-60 2.66474e-61 6.0836e-62 1.3852e-62 3.14579e-63 7.12588e-64 1.61013e-64 3.62927e-65 8.16081e-66 1.83073e-66 4.09744e-67 9.1499e-68 2.03871e-68 4.53259e-69 1.00556e-69 2.22616e-70 4.91825e-71 1.08439e-71 2.38612e-72 5.24026e-73 1.14863e-73 2.51296e-74 5.48765e-75 1.19618e-75 2.60271e-76 5.65315e-77 1.22575e-77 2.65321e-78
3.16206e-25 8.19781e-25 1.17139e-24 1.21526e-24 1.02043e-24 7.34438e-25 4.69217e-25 2.72376e-25 1.46055e-25 7.32365e-26 3.46633e-26 1.56007e-26 6.71617e-27 2.77914e-27 1.10983e-27 4.29179e-28 1.61178e-28 5.89308e-29 2.10223e-29 7.33057e-30 2.50286e-30 8.37942e-31 2.75447e-31 8.90054e-32 2.83014e-32 8.8639e-33 2.7368e-33 8.33687e-34 2.50736e-34 7.45021e-35 2.18838e-35 6.35799e-36 1.82803e-36 5.20381e-37 1.46732e-37 4.09987e-38 1.1356e-38 3.11924e-39 8.49929e-40 2.29807e-40 6.16764e-41 1.6435e-41 4.34939e-42 1.14341e-42 2.9867e-43 7.75339e-44 2.00075e-44 5.13308e-45 1.30958e-45 3.32298e-46 8.38765e-47 2.10639e-47 5.26368e-48 1.30905e-48 3.24038e-49 7.98489e-50 1.95898e-50 4.78552e-51 1.16418e-51 2.82064e-52 6.80705e-53 1.63643e-53 3.9193e-54 9.35256e-55 2.22384e-55 5.26942e-56 1.24436e-56 2.9288e-57 6.87108e-58 1.60689e-58 3.74629e-59 8.7077e-60 2.018e-60 4.66316e-61 1.07451e-61 2.46909e-62 5.65829e-63 1.29324e-63 2.9481e-64 6.70343e-65 1.52043e-65 3.44012e-66 7.76492e-67 1.74855e-67 3.92839e-68 8.80577e-69 1.96949e-69 4.39534e-70 9.78816e-71 2.17518e-71 4.82383e-72 1.0676e-72 2.35808e-73 5.19825e-74 1.14372e-74 2.51166e-75 5.50546e-76 1.20457e-76 2.63081e-77 5.7356e-78 1.24828e-78
