0.231035 0.106151 0.0487722 0.0224088 0.010296 0.00473058 0.00217351 0.000998639 0.000458834 0.000210816 9.68612e-05 4.45038e-05 2.04477e-05 9.39489e-06 4.31657e-06 1.98329e-06 9.11241e-07 4.18678e-07 1.92366e-07 8.83842e-08 4.0609e-08 1.86582e-08 8.57267e-09 3.9388e-09 1.80972e-09 8.31492e-10 3.82037e-10 1.7553e-10 8.06491e-11 3.7055e-11 1.70253e-11 7.82242e-12 3.59408e-12 1.65134e-12 7.58722e-13 3.48602e-13 1.60168e-13 7.35909e-14 3.3812e-14 1.55353e-14 7.13782e-15 3.27954e-15 1.50682e-15 6.92321e-16 3.18093e-16 1.46151e-16 6.71505e-17 3.08529e-17 1.41757e-17 6.51314e-18 2.99253e-18 1.37494e-18 6.31731e-19 2.90255e-19 1.3336e-19 6.12737e-20 2.81528e-20 1.29351e-20 5.94313e-21 2.73063e-21 1.25461e-21 5.76444e-22 2.64853e-22 1.21689e-22 5.59112e-23 2.56889e-23 1.1803e-23 5.42301e-24 2.49165e-24 1.14481e-24 5.25995e-25 2.41673e-25 1.11039e-25 5.1018e-26 2.34407e-26 1.07701e-26 4.9484e-27 2.27359e-27 1.04462e-27 4.79962e-28 2.20523e-28 1.01321e-28 4.65531e-29 2.13892e-29 9.82749e-30 4.51533e-30 2.07461e-30 9.532e-31 4.37957e-31 2.01223e-31 9.2454e-32 4.24789e-32 1.95173e-32 8.96742e-33 4.12016e-33 1.89305e-33 8.69779e-34 3.99628e-34 1.83613e-34 8.43627e-35 3.87612e-35
0.106151 0.0628998 0.0353909 0.0192431 0.0102117 0.00532144 0.00273426 0.00138919 0.000699341 0.000349376 0.000173415 8.56003e-05 4.20512e-05 2.05712e-05 1.00261e-05 4.87055e-06 2.3591e-06 1.13963e-06 5.49216e-07 2.64105e-07 1.2675e-07 6.07198e-08 2.90392e-08 1.38666e-08 6.61197e-09 3.1486e-09 1.4975e-09 7.114e-10 3.37593e-10 1.60042e-10 7.57987e-11 3.58675e-11 1.6958e-11 8.01128e-12 3.78184e-12 1.784e-12 8.40991e-13 3.96195e-13 1.86536e-13 8.77731e-14 4.12782e-14 1.94021e-14 9.11502e-15 4.28012e-15 2.00888e-15 9.42449e-16 4.41954e-16 2.07166e-16 9.70711e-17 4.54671e-17 2.12885e-17 9.96421e-18 4.66223e-18 2.18073e-18 1.01971e-18 4.76669e-19 2.22757e-19 1.04069e-19 4.86066e-20 2.26962e-20 1.0595e-20 4.94467e-21 2.30712e-21 1.07623e-21 5.01923e-22 2.34032e-22 1.09099e-22 5.08484e-23 2.36944e-23 1.1039e-23 5.14196e-24 2.39469e-24 1.11504e-24 5.19106e-25 2.41628e-25 1.12452e-25 5.23255e-26 2.4344e-26 1.13241e-26 5.26685e-27 2.44925e-27 1.13882e-27 5.29436e-28 2.46101e-28 1.14381e-28 5.31546e-29 2.46985e-29 1.14748e-29 5.3305e-30 2.47593e-30 1.14989e-30 5.33983e-31 2.47941e-31 1.15112e-31 5.34378e-32 2.48044e-32 1.15124e-32 5.34266e-33 2.47917e-33 1.15031e-33 5.33679e-34
0.0487722 0.0353909 0.0230893 0.014143 0.00830442 0.00472925 0.00263121 0.0014372 0.000773338 0.000410972 0.000216112 0.00011262 5.82292e-05 2.98998e-05 1.52596e-05 7.74554e-06 3.91231e-06 1.96741e-06 9.85394e-07 4.91737e-07 2.44566e-07 1.2126e-07 5.99511e-08 2.95617e-08 1.4541e-08 7.13615e-09 3.49467e-09 1.70796e-09 8.33172e-10 4.05718e-10 1.97239e-10 9.57365e-11 4.64001e-11 2.24569e-11 1.08543e-11 5.23969e-12 2.52631e-12 1.21666e-12 5.85301e-13 2.81279e-13 1.3504e-13 6.477e-14 3.10377e-14 1.48603e-14 7.10888e-15 3.39802e-15 1.62299e-15 7.74609e-16 3.69436e-16 1.76075e-16 8.38626e-17 3.99173e-17 1.89883e-17 9.0272e-18 4.28914e-18 2.03679e-18 9.6669e-19 4.58567e-19 2.1742e-19 1.03035e-19 4.8805e-20 2.3107e-20 1.09353e-20 5.17284e-21 2.44594e-21 1.15607e-21 5.46202e-22 2.5796e-22 1.21784e-22 5.74737e-23 2.7114e-23 1.2787e-23 6.02833e-24 2.84108e-24 1.33854e-24 6.30437e-25 2.96839e-25 1.39724e-25 6.57501e-26 3.09313e-26 1.45472e-26 6.83983e-27 3.21511e-27 1.51089e-27 7.09844e-28 3.33415e-28 1.56568e-28 7.35052e-29 3.45011e-29 1.61901e-29 7.59576e-30 3.56286e-30 1.67083e-30 7.8339e-31 3.67227e-31 1.72109e-31 8.06472e-32 3.77825e-32 1.76975e-32 8.28802e-33 3.88072e-33
0.0224088 0.0192431 0.014143 0.00953394 0.0060752 0.00371893 0.00220846 0.00128047 0.000728128 0.000407406 0.000224854 0.000122649 6.62183e-05 3.54307e-05 1.88065e-05 9.91136e-06 5.18994e-06 2.70185e-06 1.39912e-06 7.21007e-07 3.69904e-07 1.88996e-07 9.61977e-08 4.87914e-08 2.46658e-08 1.24312e-08 6.24721e-09 3.13104e-09 1.56528e-09 7.80656e-10 3.88464e-10 1.92894e-10 9.55897e-11 4.72797e-11 2.33427e-11 1.15048e-11 5.66102e-12 2.78119e-12 1.36432e-12 6.68318e-13 3.26932e-13 1.59721e-13 7.79335e-14 3.79807e-14 1.84885e-14 8.98996e-15 4.36667e-15 2.11884e-15 1.0271e-15 4.97414e-16 2.4067e-16 1.16343e-16 5.61934e-17 2.71189e-17 1.3077e-17 6.30102e-18 3.03379e-18 1.45964e-18 7.01776e-19 3.37175e-19 1.61892e-19 7.76809e-20 3.72506e-20 1.7852e-20 8.55041e-21 4.09296e-21 1.95815e-21 9.36307e-22 4.47468e-22 2.13738e-22 1.02043e-22 4.8694e-23 2.32253e-23 1.10724e-23 5.27631e-24 2.51319e-24 1.19656e-24 5.69456e-25 2.70899e-25 1.28819e-25 6.12329e-26 2.90952e-26 1.38196e-26 6.56164e-27 3.11439e-27 1.47768e-27 7.00874e-28 3.32318e-28 1.57516e-28 7.46374e-29 3.5355e-29 1.67422e-29 7.92577e-30 3.75096e-30 1.77467e-30 8.39397e-31 3.96914e-31 1.87632e-31 8.86751e-32 4.18968e-32 1.97901e-32
0.010296 0.0102117 0.00830442 0.0060752 0.00415297 0.00270581 0.00170024 0.00103835 0.000619613 0.000362688 0.00020886 0.000118597 6.65234e-05 3.69141e-05 2.02884e-05 1.10554e-05 5.97785e-06 3.20971e-06 1.71242e-06 9.08257e-07 4.79145e-07 2.51515e-07 1.31419e-07 6.83743e-08 3.54317e-08 1.82923e-08 9.41081e-09 4.82568e-09 2.46687e-09 1.25739e-09 6.3914e-10 3.24034e-10 1.63875e-10 8.26829e-11 4.16247e-11 2.09105e-11 1.04834e-11 5.24562e-12 2.61995e-12 1.30624e-12 6.5016e-13 3.23083e-13 1.603e-13 7.94155e-14 3.92875e-14 1.94091e-14 9.57594e-15 4.71847e-15 2.32213e-15 1.14145e-15 5.60438e-16 2.74864e-16 1.34661e-16 6.59051e-17 3.22225e-17 1.5739e-17 7.68049e-18 3.74459e-18 1.82405e-18 8.87759e-19 4.31711e-19 2.09769e-19 1.01847e-19 4.94109e-20 2.39539e-20 1.16042e-20 5.6176e-21 2.71762e-21 1.31383e-21 6.34755e-22 3.06478e-22 1.47885e-22 7.13166e-23 3.43717e-23 1.65563e-23 7.97045e-24 3.83501e-24 1.84424e-24 8.8643e-25 4.25843e-25 2.04475e-25 9.81339e-26 4.70751e-26 2.25716e-26 1.08177e-26 5.18223e-27 2.48146e-27 1.18772e-27 5.68249e-28 2.7176e-28 1.29915e-28 6.20813e-29 2.96548e-29 1.41601e-29 6.75891e-30 3.225e-30 1.53825e-30 7.33454e-31 3.49599e-31 1.66579e-31 7.93465e-32
0.00473058 0.00532144 0.00472925 0.00371893 0.00270581 0.00186367 0.00123172 0.000788049 0.000491059 0.000299348 0.000179114 0.000105467 6.12385e-05 3.51217e-05 1.99233e-05 1.11911e-05 6.23065e-06 3.44106e-06 1.8865e-06 1.0273e-06 5.55952e-07 2.99149e-07 1.60113e-07 8.52737e-08 4.52062e-08 2.38619e-08 1.25444e-08 6.56968e-09 3.4283e-09 1.78297e-09 9.24309e-10 4.77721e-10 2.46197e-10 1.26533e-10 6.48632e-11 3.31678e-11 1.69203e-11 8.61232e-12 4.37417e-12 2.21705e-12 1.12149e-12 5.66228e-13 2.85363e-13 1.43563e-13 7.21038e-14 3.61552e-14 1.81011e-14 9.04872e-15 4.51689e-15 2.25157e-15 1.12084e-15 5.57228e-16 2.76678e-16 1.3721e-16 6.79647e-17 3.36266e-17 1.66188e-17 8.20443e-18 4.04616e-18 1.99341e-18 9.81123e-19 4.8243e-19 2.36996e-19 1.1632e-19 5.70408e-20 2.79476e-20 1.36818e-20 6.69247e-21 3.27105e-21 1.59754e-21 7.79637e-22 3.80201e-22 1.85278e-22 9.0226e-23 4.3908e-23 2.13533e-23 1.03778e-23 5.04047e-24 2.44662e-24 1.18686e-24 5.75403e-25 2.78801e-25 1.35011e-25 6.53439e-26 3.16085e-26 1.52817e-26 7.38435e-27 3.56641e-27 1.72161e-27 8.30659e-28 4.00593e-28 1.93099e-28 9.3037e-29 4.48059e-29 2.15686e-29 1.03781e-29 4.99148e-30 2.39971e-30 1.15321e-30 5.53967e-31 2.66002e-31
0.00217351 0.00273426 0.00263121 0.00220846 0.00170024 0.00123172 0.000852391 0.000569013 0.000368889 0.000233392 0.000144641 8.80557e-05 5.27795e-05 3.12041e-05 1.82243e-05 1.05276e-05 6.02159e-06 3.41339e-06 1.91909e-06 1.07085e-06 5.93405e-07 3.26725e-07 1.78824e-07 9.73324e-08 5.27036e-08 2.83999e-08 1.52341e-08 8.13685e-09 4.32857e-09 2.29391e-09 1.21128e-09 6.37424e-10 3.34352e-10 1.7484e-10 9.11596e-11 4.73969e-11 2.45775e-11 1.27121e-11 6.559e-12 3.37632e-12 1.7341e-12 8.88737e-13 4.54543e-13 2.32014e-13 1.18202e-13 6.01086e-14 3.05126e-14 1.54625e-14 7.82282e-15 3.95145e-15 1.99288e-15 1.0036e-15 5.04676e-16 2.53431e-16 1.27093e-16 6.36527e-17 3.1839e-17 1.59063e-17 7.93706e-18 3.95591e-18 1.96945e-18 9.79415e-19 4.86549e-19 2.41455e-19 1.19704e-19 5.92865e-20 2.93351e-20 1.45016e-20 7.16224e-21 3.53426e-21 1.7425e-21 8.58386e-22 4.22509e-22 2.07798e-22 1.02119e-22 5.01463e-23 2.46063e-23 1.20653e-23 5.91181e-24 2.89467e-24 1.41638e-24 6.92584e-25 3.38439e-25 1.65277e-25 8.06621e-26 3.93425e-26 1.91775e-26 9.3426e-27 4.54876e-27 2.21346e-27 1.07649e-27 5.23255e-28 2.54205e-28 1.23432e-28 5.99032e-29 2.90571e-29 1.40877e-29 6.8268e-30 3.30665e-30 1.60087e-30 7.74681e-31
0.000998639 0.00138919 0.0014372 0.00128047 0.00103835 0.000788049 0.000569013 0.000395058 0.000265677 0.000173985 0.000111398 6.99514e-05 4.31855e-05 2.62645e-05 1.57616e-05 9.34604e-06 5.48214e-06 3.18418e-06 1.83289e-06 1.04638e-06 5.92835e-07 3.33517e-07 1.86406e-07 1.03551e-07 5.71973e-08 3.14253e-08 1.71794e-08 9.34739e-09 5.06339e-09 2.7313e-09 1.46747e-09 7.85479e-10 4.18933e-10 2.22677e-10 1.17977e-10 6.2313e-11 3.28153e-11 1.72325e-11 9.025e-12 4.71435e-12 2.45651e-12 1.27697e-12 6.62291e-13 3.42736e-13 1.76991e-13 9.12128e-14 4.69144e-14 2.40841e-14 1.23413e-14 6.31279e-15 3.22358e-15 1.64338e-15 8.3645e-16 4.25078e-16 2.15697e-16 1.09292e-16 5.5299e-17 2.79415e-17 1.40995e-17 7.10556e-18 3.57639e-18 1.79788e-18 9.02736e-19 4.5275e-19 2.26812e-19 1.13501e-19 5.6737e-20 2.83323e-20 1.41337e-20 7.04372e-21 3.50694e-21 1.74439e-21 8.66885e-22 4.30416e-22 2.13518e-22 1.0583e-22 5.24106e-23 2.59342e-23 1.28227e-23 6.33501e-24 3.12738e-24 1.54273e-24 7.60464e-25 3.7459e-25 1.84386e-25 9.06985e-26 4.4584e-26 2.19014e-26 1.07518e-26 5.27491e-27 2.58629e-27 1.26729e-27 6.206e-28 3.03733e-28 1.48567e-28 7.26284e-29 3.54853e-29 1.73282e-29 8.45716e-30 4.12541e-30 2.01134e-30
0.000458834 0.000699341 0.000773338 0.000728128 0.000619613 0.000491059 0.000368889 0.000265677 0.000184895 0.000125052 8.25492e-05 5.33633e-05 3.38708e-05 2.11539e-05 1.30227e-05 7.91401e-06 4.75351e-06 2.82498e-06 1.66262e-06 9.69827e-07 5.61071e-07 3.22129e-07 1.83639e-07 1.04e-07 5.85356e-08 3.27564e-08 1.82312e-08 1.00951e-08 5.56303e-09 3.05163e-09 1.66678e-09 9.06659e-10 4.9127e-10 2.65209e-10 1.42667e-10 7.64889e-11 4.08768e-11 2.17781e-11 1.15687e-11 6.12806e-12 3.23733e-12 1.70577e-12 8.96542e-13 4.70085e-13 2.45911e-13 1.28354e-13 6.6851e-14 3.4746e-14 1.80232e-14 9.33077e-15 4.82159e-15 2.487e-15 1.28056e-15 6.58242e-16 3.37798e-16 1.73075e-16 8.85398e-17 4.52261e-17 2.30678e-17 1.17491e-17 5.97596e-18 3.03547e-18 1.53985e-18 7.80148e-19 3.94766e-19 1.99516e-19 1.00718e-19 5.07855e-20 2.55792e-20 1.28695e-20 6.46808e-21 3.24742e-21 1.62878e-21 8.16123e-22 4.08536e-22 2.04312e-22 1.02084e-22 5.09601e-23 2.54167e-23 1.26658e-23 6.30636e-24 3.13737e-24 1.55956e-24 7.74629e-25 3.84457e-25 1.90665e-25 9.4487e-26 4.67902e-26 2.3154e-26 1.14497e-26 5.65796e-27 2.79404e-27 1.37886e-27 6.8002e-28 3.35156e-28 1.65082e-28 8.12617e-29 3.99769e-29 1.96551e-29 9.65798e-30 4.74295e-30
0.000210816 0.000349376 0.000410972 0.000407406 0.000362688 0.000299348 0.000233392 0.000173985 0.000125052 8.71866e-05 5.92347e-05 3.93556e-05 2.56425e-05 1.6422e-05 1.03565e-05 6.44177e-06 3.95704e-06 2.40325e-06 1.44449e-06 8.59963e-07 5.07478e-07 2.97036e-07 1.72546e-07 9.95242e-08 5.70269e-08 3.24742e-08 1.83851e-08 1.03517e-08 5.79835e-09 3.23201e-09 1.79319e-09 9.90531e-10 5.4487e-10 2.98531e-10 1.62943e-10 8.86159e-11 4.80268e-11 2.59429e-11 1.39693e-11 7.49917e-12 4.01406e-12 2.14258e-12 1.14057e-12 6.05589e-13 3.20738e-13 1.69464e-13 8.93301e-14 4.69834e-14 2.46576e-14 1.29136e-14 6.74942e-15 3.52075e-15 1.83307e-15 9.52632e-16 4.94194e-16 2.55929e-16 1.32316e-16 6.82966e-17 3.51964e-17 1.81105e-17 9.3049e-18 4.77378e-18 2.44567e-18 1.25123e-18 6.39281e-19 3.26197e-19 1.66232e-19 8.46076e-20 4.30109e-20 2.18391e-20 1.10762e-20 5.61119e-21 2.83951e-21 1.43537e-21 7.2482e-22 3.65637e-22 1.84261e-22 9.27668e-23 4.66589e-23 2.34459e-23 1.17707e-23 5.90399e-24 2.95874e-24 1.48147e-24 7.41158e-25 3.70484e-25 1.85044e-25 9.23499e-26 4.6053e-26 2.29481e-26 1.14264e-26 5.68528e-27 2.82671e-27 1.40443e-27 6.97299e-28 3.45971e-28 1.71542e-28 8.49986e-29 4.20894e-29 2.08285e-29 1.03008e-29
9.68612e-05 0.000173415 0.000216112 0.000224854 0.00020886 0.000179114 0.000144641 0.000111398 8.25492e-05 5.92347e-05 4.13579e-05 2.82021e-05 1.88379e-05 1.23553e-05 7.97262e-06 5.06982e-06 3.18151e-06 1.9726e-06 1.20964e-06 7.3429e-07 4.41587e-07 2.63269e-07 1.55698e-07 9.13901e-08 5.32675e-08 3.08434e-08 1.77489e-08 1.01541e-08 5.77725e-09 3.2699e-09 1.84163e-09 1.03237e-09 5.76143e-10 3.20172e-10 1.77206e-10 9.77003e-11 5.36674e-11 2.93759e-11 1.60251e-11 8.7137e-12 4.72336e-12 2.5527e-12 1.37562e-12 7.39251e-13 3.96212e-13 2.11809e-13 1.12949e-13 6.00872e-14 3.18915e-14 1.68886e-14 8.92427e-15 4.70588e-15 2.47643e-15 1.30064e-15 6.81802e-16 3.56743e-16 1.86325e-16 9.71471e-17 5.05651e-17 2.62758e-17 1.36322e-17 7.06147e-18 3.6523e-18 1.88623e-18 9.72745e-19 5.00948e-19 2.57628e-19 1.32316e-19 6.78684e-20 3.47673e-20 1.77884e-20 9.09022e-21 4.63981e-21 2.3655e-21 1.20464e-21 6.12788e-22 3.11383e-22 1.5806e-22 8.01492e-23 4.06011e-23 2.05469e-23 1.0388e-23 5.24698e-24 2.64777e-24 1.33492e-24 6.72427e-25 3.38418e-25 1.70172e-25 8.54984e-26 4.29209e-26 2.15292e-26 1.07905e-26 5.40404e-27 2.70434e-27 1.35232e-27 6.75731e-28 3.37408e-28 1.68355e-28 8.39449e-29 4.18276e-29 2.08276e-29
4.45038e-05 8.56003e-05 0.00011262 0.000122649 0.000118597 0.000105467 8.80557e-05 6.99514e-05 5.33633e-05 3.93556e-05 2.82021e-05 1.97137e-05 1.34839e-05 9.04723e-06 5.9672e-06 3.87554e-06 2.48219e-06 1.56971e-06 9.81199e-07 6.06808e-07 3.71585e-07 2.25472e-07 1.35654e-07 8.097e-08 4.79724e-08 2.8225e-08 1.6498e-08 9.58407e-09 5.53525e-09 3.17929e-09 1.81658e-09 1.03281e-09 5.84443e-10 3.29239e-10 1.8468e-10 1.03169e-10 5.74096e-11 3.18268e-11 1.7581e-11 9.67831e-12 5.31033e-12 2.90445e-12 1.58373e-12 8.61037e-13 4.66801e-13 2.5238e-13 1.36093e-13 7.31995e-14 3.92747e-14 2.10225e-14 1.12268e-14 5.9822e-15 3.18073e-15 1.68766e-15 8.93634e-16 4.72259e-16 2.49098e-16 1.31145e-16 6.89209e-17 3.61566e-17 1.89357e-17 9.90047e-18 5.16805e-18 2.69348e-18 1.40163e-18 7.28293e-19 3.77871e-19 1.95778e-19 1.01294e-19 5.23373e-20 2.70064e-20 1.39175e-20 7.16322e-21 3.6823e-21 1.89063e-21 9.69581e-22 4.96661e-22 2.54125e-22 1.29884e-22 6.63121e-23 3.38199e-23 1.72307e-23 8.76983e-24 4.45912e-24 2.26509e-24 1.14949e-24 5.828e-25 2.95213e-25 1.49404e-25 7.55445e-26 3.81653e-26 1.92648e-26 9.71625e-27 4.8964e-27 2.46551e-27 1.24049e-27 6.23649e-28 3.13298e-28 1.57272e-28 7.88902e-29 3.9544e-29
2.04477e-05 4.20512e-05 5.82292e-05 6.62183e-05 6.65234e-05 6.12385e-05 5.27795e-05 4.31855e-05 3.38708e-05 2.56425e-05 1.88379e-05 1.34839e-05 9.43443e-06 6.46961e-06 4.35755e-06 2.88796e-06 1.88621e-06 1.21564e-06 7.73976e-07 4.87279e-07 3.0362e-07 1.87376e-07 1.14609e-07 6.95186e-08 4.18406e-08 2.49986e-08 1.48336e-08 8.74498e-09 5.12402e-09 2.985e-09 1.72938e-09 9.96714e-10 5.71603e-10 3.26261e-10 1.85386e-10 1.04886e-10 5.90976e-11 3.31672e-11 1.85442e-11 1.03308e-11 5.73514e-12 3.17324e-12 1.7501e-12 9.62225e-13 5.27464e-13 2.88308e-13 1.57149e-13 8.54284e-14 4.63194e-14 2.50515e-14 1.3516e-14 7.27513e-15 3.90699e-15 2.09355e-15 1.11942e-15 5.97307e-16 3.18072e-16 1.69044e-16 8.96694e-17 4.7477e-17 2.50921e-17 1.32382e-17 6.97231e-18 3.66607e-18 1.9245e-18 1.00867e-18 5.2785e-19 2.75815e-19 1.43908e-19 7.49775e-20 3.90093e-20 2.0268e-20 1.05165e-20 5.44964e-21 2.82038e-21 1.45783e-21 7.52615e-22 3.8808e-22 1.99876e-22 1.02826e-22 5.28395e-23 2.7123e-23 1.39075e-23 7.12364e-24 3.64508e-24 1.86325e-24 9.5149e-25 4.85416e-25 2.47406e-25 1.25979e-25 6.40894e-26 3.25748e-26 1.65422e-26 8.39318e-27 4.25489e-27 2.15519e-27 1.09075e-27 5.51584e-28 2.7871e-28 1.40719e-28 7.09938e-29
9.39489e-06 2.05712e-05 2.98998e-05 3.54307e-05 3.69141e-05 3.51217e-05 3.12041e-05 2.62645e-05 2.11539e-05 1.6422e-05 1.23553e-05 9.04723e-06 6.46961e-06 4.53032e-06 3.11347e-06 2.10398e-06 1.40027e-06 9.19062e-07 5.95592e-07 3.81474e-07 2.41704e-07 1.51616e-07 9.42214e-08 5.80459e-08 3.54692e-08 2.15083e-08 1.2949e-08 7.74315e-09 4.60059e-09 2.71691e-09 1.59528e-09 9.31587e-10 5.41193e-10 3.12846e-10 1.79993e-10 1.03091e-10 5.8791e-11 3.33892e-11 1.88877e-11 1.06439e-11 5.97638e-12 3.34387e-12 1.86463e-12 1.03639e-12 5.74239e-13 3.1721e-13 1.74716e-13 9.59606e-14 5.25616e-14 2.87143e-14 1.56465e-14 8.50479e-15 4.61178e-15 2.49496e-15 1.34672e-15 7.25342e-16 3.89838e-16 2.09087e-16 1.11918e-16 5.97891e-17 3.18801e-17 1.69674e-17 9.01419e-18 4.78054e-18 2.53095e-18 1.33773e-18 7.05903e-19 3.71906e-19 1.95636e-19 1.02756e-19 5.38924e-20 2.82241e-20 1.47605e-20 7.70874e-21 4.02051e-21 2.09414e-21 1.08936e-21 5.65968e-22 2.9368e-22 1.52206e-22 7.87911e-23 4.07397e-23 2.1041e-23 1.0855e-23 5.59398e-24 2.8797e-24 1.48088e-24 7.60752e-25 3.90417e-25 2.00164e-25 1.02523e-25 5.24613e-26 2.68196e-26 1.36983e-26 6.99016e-27 3.56388e-27 1.81543e-27 9.23986e-28 4.69878e-28 2.38751e-28 1.21214e-28
4.31657e-06 1.00261e-05 1.52596e-05 1.88065e-05 2.02884e-05 1.99233e-05 1.82243e-05 1.57616e-05 1.30227e-05 1.03565e-05 7.97262e-06 5.9672e-06 4.35755e-06 3.11347e-06 2.18169e-06 1.50221e-06 1.01807e-06 6.80059e-07 4.48293e-07 2.91933e-07 1.87981e-07 1.19786e-07 7.55925e-08 4.72725e-08 2.93123e-08 1.80313e-08 1.10089e-08 6.67405e-09 4.01913e-09 2.40506e-09 1.43058e-09 8.46102e-10 4.97711e-10 2.91264e-10 1.69611e-10 9.83048e-11 5.67202e-11 3.25857e-11 1.86431e-11 1.06239e-11 6.03106e-12 3.41122e-12 1.92261e-12 1.07993e-12 6.04614e-13 3.37431e-13 1.87744e-13 1.04151e-13 5.76136e-14 3.17823e-14 1.74858e-14 9.59537e-15 5.25228e-15 2.86799e-15 1.56236e-15 8.4916e-16 4.60501e-16 2.49191e-16 1.34561e-16 7.25136e-17 3.89991e-17 2.09338e-17 1.12155e-17 5.99784e-18 3.20177e-18 1.70619e-18 9.07661e-19 4.82056e-19 2.55603e-19 1.35315e-19 7.15246e-20 3.77491e-20 1.98937e-20 1.04688e-20 5.5013e-21 2.88691e-21 1.51291e-21 7.91805e-22 4.13867e-22 2.16049e-22 1.12643e-22 5.86582e-23 3.05095e-23 1.58501e-23 8.22495e-24 4.2633e-24 2.20739e-24 1.14168e-24 5.89858e-25 3.04438e-25 1.56967e-25 8.085e-26 4.1603e-26 2.1387e-26 1.0984e-26 5.63598e-27 2.8892e-27 1.47977e-27 7.57231e-28 3.87153e-28 1.97772e-28
1.98329e-06 4.87055e-06 7.74554e-06 9.91136e-06 1.10554e-05 1.11911e-05 1.05276e-05 9.34604e-06 7.91401e-06 6.44177e-06 5.06982e-06 3.87554e-06 2.88796e-06 2.10398e-06 1.50221e-06 1.05326e-06 7.26431e-07 4.93561e-07 3.30766e-07 2.18882e-07 1.4316e-07 9.26248e-08 5.93266e-08 3.76426e-08 2.36743e-08 1.47665e-08 9.13891e-09 5.61459e-09 3.4255e-09 2.07622e-09 1.25058e-09 7.48821e-10 4.45855e-10 2.64042e-10 1.5557e-10 9.12113e-11 5.32273e-11 3.09222e-11 1.78869e-11 1.03039e-11 5.91218e-12 3.37934e-12 1.92451e-12 1.09212e-12 6.17638e-13 3.48151e-13 1.95623e-13 1.09581e-13 6.12013e-14 3.40828e-14 1.89278e-14 1.04832e-14 5.79094e-15 3.19083e-15 1.75383e-15 9.61686e-16 5.26102e-16 2.87162e-16 1.56398e-16 8.49974e-17 4.60976e-17 2.49501e-17 1.34776e-17 7.26634e-18 3.91028e-18 2.10042e-18 1.12624e-18 6.0284e-19 3.22134e-19 1.71851e-19 9.15299e-20 4.86731e-20 2.5843e-20 1.37007e-20 7.25269e-21 3.83379e-21 2.02369e-21 1.06674e-21 5.61544e-22 2.95212e-22 1.54995e-22 8.12738e-23 4.25639e-23 2.22638e-23 1.16316e-23 6.06968e-24 3.16368e-24 1.64713e-24 8.56607e-25 4.45001e-25 2.30928e-25 1.19712e-25 6.19938e-26 3.20715e-26 1.65752e-26 8.55805e-27 4.41441e-27 2.27489e-27 1.17124e-27 6.02468e-28 3.09623e-28
9.11241e-07 2.3591e-06 3.91231e-06 5.18994e-06 5.97785e-06 6.23065e-06 6.02159e-06 5.48214e-06 4.75351e-06 3.95704e-06 3.18151e-06 2.48219e-06 1.88621e-06 1.40027e-06 1.01807e-06 7.26431e-07 5.09591e-07 3.51976e-07 2.39681e-07 1.61091e-07 1.06969e-07 7.02378e-08 4.56401e-08 2.93688e-08 1.87265e-08 1.18386e-08 7.42403e-09 4.6203e-09 2.85479e-09 1.75193e-09 1.0682e-09 6.47316e-10 3.89979e-10 2.33638e-10 1.39231e-10 8.25507e-11 4.8707e-11 2.86047e-11 1.67241e-11 9.73608e-12 5.64462e-12 3.25959e-12 1.87514e-12 1.07474e-12 6.13814e-13 3.49367e-13 1.98194e-13 1.12076e-13 6.31817e-14 3.55117e-14 1.99019e-14 1.11224e-14 6.199e-15 3.44587e-15 1.91057e-15 1.05669e-15 5.83022e-16 3.20923e-16 1.76248e-16 9.65794e-17 5.28086e-17 2.88145e-17 1.56901e-17 8.52654e-18 4.6246e-18 2.50351e-18 1.35276e-18 7.29633e-19 3.92846e-19 2.1115e-19 1.13299e-19 6.06945e-20 3.24618e-20 1.73345e-20 9.24235e-21 4.92039e-21 2.61563e-21 1.38844e-21 7.35976e-22 3.89583e-22 2.05944e-22 1.08723e-22 5.73226e-23 3.01841e-23 1.58741e-23 8.33807e-24 4.37441e-24 2.29225e-24 1.19978e-24 6.27258e-25 3.27572e-25 1.7088e-25 8.90448e-26 4.63518e-26 2.41032e-26 1.2521e-26 6.49782e-27 3.36874e-27 1.74481e-27 9.02847e-28 4.66738e-28
4.18678e-07 1.13963e-06 1.96741e-06 2.70185e-06 3.20971e-06 3.44106e-06 3.41339e-06 3.18418e-06 2.82498e-06 2.40325e-06 1.9726e-06 1.56971e-06 1.21564e-06 9.19062e-07 6.80059e-07 4.93561e-07 3.51976e-07 2.47022e-07 1.7084e-07 1.16568e-07 7.85499e-08 5.23215e-08 3.4477e-08 2.24906e-08 1.45336e-08 9.30887e-09 5.91284e-09 3.72629e-09 2.3309e-09 1.44781e-09 8.93294e-10 5.47667e-10 3.33743e-10 2.0221e-10 1.21843e-10 7.30325e-11 4.35555e-11 2.58509e-11 1.52721e-11 8.9824e-12 5.26056e-12 3.06823e-12 1.78249e-12 1.0316e-12 5.94838e-13 3.4178e-13 1.95707e-13 1.11694e-13 6.3542e-14 3.60368e-14 2.03764e-14 1.14881e-14 6.45865e-15 3.62116e-15 2.02489e-15 1.12936e-15 6.28316e-16 3.4871e-16 1.93073e-16 1.06655e-16 5.87844e-17 3.23293e-17 1.77421e-17 9.71659e-18 5.3106e-18 2.89679e-18 1.57708e-18 8.56992e-19 4.64838e-19 2.5168e-19 1.36031e-19 7.33975e-20 3.95367e-20 2.12622e-20 1.14162e-20 6.12009e-21 3.27588e-21 1.75084e-21 9.34389e-22 4.97949e-22 2.64991e-22 1.40824e-22 7.47369e-23 3.96112e-23 2.0967e-23 1.10841e-23 5.85224e-24 3.0861e-24 1.62546e-24 8.55119e-25 4.49339e-25 2.35845e-25 1.23649e-25 6.4756e-26 3.38766e-26 1.77034e-26 9.24192e-27 4.81971e-27 2.51098e-27 1.30687e-27 6.79516e-28
1.92366e-07 5.49216e-07 9.85394e-07 1.39912e-06 1.71242e-06 1.8865e-06 1.91909e-06 1.83289e-06 1.66262e-06 1.44449e-06 1.20964e-06 9.81199e-07 7.73976e-07 5.95592e-07 4.48293e-07 3.30766e-07 2.39681e-07 1.7084e-07 1.19946e-07 8.30505e-08 5.6769e-08 3.83438e-08 2.56124e-08 1.69314e-08 1.10843e-08 7.19048e-09 4.62454e-09 2.95021e-09 1.86769e-09 1.17381e-09 7.32645e-10 4.54299e-10 2.79948e-10 1.71486e-10 1.04451e-10 6.32754e-11 3.8133e-11 2.28667e-11 1.36468e-11 8.10708e-12 4.79494e-12 2.82397e-12 1.65638e-12 9.67728e-13 5.63243e-13 3.26623e-13 1.88738e-13 1.08689e-13 6.23844e-14 3.56922e-14 2.03574e-14 1.15762e-14 6.56358e-15 3.71098e-15 2.09239e-15 1.17662e-15 6.59944e-16 3.69217e-16 2.06059e-16 1.14727e-16 6.37283e-17 3.53196e-17 1.95318e-17 1.07779e-17 5.93499e-18 3.2615e-18 1.78875e-18 9.7912e-19 5.34931e-19 2.91712e-19 1.5879e-19 8.62823e-20 4.68025e-20 2.53443e-20 1.37016e-20 7.39536e-21 3.98527e-21 2.14428e-21 1.15198e-21 6.17959e-22 3.3101e-22 1.77052e-22 9.45698e-23 5.04436e-23 2.68704e-23 1.42945e-23 7.5945e-24 4.02973e-24 2.13556e-24 1.13035e-24 5.97575e-25 3.15542e-25 1.66425e-25 8.76766e-26 4.61383e-26 2.42528e-26 1.27347e-26 6.6797e-27 3.50001e-27 1.83204e-27 9.57986e-28
8.83842e-08 2.64105e-07 4.91737e-07 7.21007e-07 9.08257e-07 1.0273e-06 1.07085e-06 1.04638e-06 9.69827e-07 8.59963e-07 7.3429e-07 6.06808e-07 4.87279e-07 3.81474e-07 2.91933e-07 2.18882e-07 1.61091e-07 1.16568e-07 8.30505e-08 5.83303e-08 4.04297e-08 2.76805e-08 1.87361e-08 1.25471e-08 8.31876e-09 5.46372e-09 3.55691e-09 2.29629e-09 1.47078e-09 9.35015e-10 5.90205e-10 3.70044e-10 2.30521e-10 1.42727e-10 8.7853e-11 5.37746e-11 3.27394e-11 1.98305e-11 1.19525e-11 7.17018e-12 4.2818e-12 2.54579e-12 1.50726e-12 8.88777e-13 5.2203e-13 3.05461e-13 1.78086e-13 1.0346e-13 5.99002e-14 3.4566e-14 1.98829e-14 1.14015e-14 6.51833e-15 3.71572e-15 2.11211e-15 1.19728e-15 6.76879e-16 3.81678e-16 2.14676e-16 1.20448e-16 6.74177e-17 3.76473e-17 2.09752e-17 1.16604e-17 6.46817e-18 3.58041e-18 1.97784e-18 1.09037e-18 5.99938e-19 3.29462e-19 1.80588e-19 9.88051e-20 5.39624e-20 2.942e-20 1.60122e-20 8.70019e-21 4.71949e-21 2.55602e-21 1.38213e-21 7.46216e-22 4.02276e-22 2.16542e-22 1.16393e-22 6.24737e-23 3.34858e-23 1.79238e-23 9.58109e-24 5.1148e-24 2.72697e-24 1.45205e-24 7.72218e-25 4.10173e-25 2.17606e-25 1.15309e-25 6.10311e-26 3.22658e-26 1.70391e-26 8.98822e-27 4.73619e-27 2.49299e-27 1.31086e-27
4.0609e-08 1.2675e-07 2.44566e-07 3.69904e-07 4.79145e-07 5.55952e-07 5.93405e-07 5.92835e-07 5.61071e-07 5.07478e-07 4.41587e-07 3.71585e-07 3.0362e-07 2.41704e-07 1.87981e-07 1.4316e-07 1.06969e-07 7.85499e-08 5.6769e-08 4.04297e-08 2.84048e-08 1.97063e-08 1.35119e-08 9.16351e-09 6.15091e-09 4.08902e-09 2.69369e-09 1.75932e-09 1.13976e-09 7.32727e-10 4.67624e-10 2.96371e-10 1.86596e-10 1.16743e-10 7.2601e-11 4.48906e-11 2.76041e-11 1.68849e-11 1.0276e-11 6.22346e-12 3.75154e-12 2.2513e-12 1.34516e-12 8.00381e-13 4.74318e-13 2.79997e-13 1.64665e-13 9.64878e-14 5.63398e-14 3.27852e-14 1.90156e-14 1.09939e-14 6.33645e-15 3.64111e-15 2.08619e-15 1.1919e-15 6.79092e-16 3.8588e-16 2.18697e-16 1.23632e-16 6.97178e-17 3.92204e-17 2.2012e-17 1.23258e-17 6.88655e-18 3.83922e-18 2.1358e-18 1.18571e-18 6.56928e-19 3.63243e-19 2.00464e-19 1.10422e-19 6.07119e-20 3.33201e-20 1.82545e-20 9.9835e-21 5.4508e-21 2.9711e-21 1.61685e-21 8.78476e-22 4.76556e-22 2.58127e-22 1.39606e-22 7.53937e-23 4.06575e-23 2.18944e-23 1.1774e-23 6.32298e-24 3.3911e-24 1.81631e-24 9.71583e-25 5.19064e-25 2.76963e-25 1.47602e-25 7.85675e-26 4.17716e-26 2.21827e-26 1.17667e-26 6.23459e-27 3.29976e-27 1.74456e-27
1.86582e-08 6.07198e-08 1.2126e-07 1.88996e-07 2.51515e-07 2.99149e-07 3.26725e-07 3.33517e-07 3.22129e-07 2.97036e-07 2.63269e-07 2.25472e-07 1.87376e-07 1.51616e-07 1.19786e-07 9.26248e-08 7.02378e-08 5.23215e-08 3.83438e-08 2.76805e-08 1.97063e-08 1.38491e-08 9.61623e-09 6.60236e-09 4.4855e-09 3.01729e-09 2.0108e-09 1.32829e-09 8.70152e-10 5.65546e-10 3.64824e-10 2.3367e-10 1.48653e-10 9.39579e-11 5.9021e-11 3.68563e-11 2.28854e-11 1.41335e-11 8.6832e-12 5.30809e-12 3.2293e-12 1.95555e-12 1.17895e-12 7.07711e-13 4.23074e-13 2.51907e-13 1.49411e-13 8.82885e-14 5.19821e-14 3.04988e-14 1.78335e-14 1.03936e-14 6.03819e-15 3.49707e-15 2.01928e-15 1.16258e-15 6.67441e-16 3.82126e-16 2.18189e-16 1.24259e-16 7.05852e-17 3.99967e-17 2.26093e-17 1.27505e-17 7.1741e-18 4.02751e-18 2.25609e-18 1.26109e-18 7.03451e-19 3.91594e-19 2.17557e-19 1.20633e-19 6.67622e-20 3.68798e-20 2.03355e-20 1.1193e-20 6.15009e-21 3.37345e-21 1.84731e-21 1.00994e-21 5.51251e-22 3.00415e-22 1.63465e-22 8.88112e-23 4.81801e-23 2.60996e-23 1.41182e-23 7.62635e-24 4.11392e-24 2.21619e-24 1.19229e-24 6.40605e-25 3.43749e-25 1.84224e-25 9.86087e-26 5.27175e-26 2.81498e-26 1.50136e-26 7.99823e-27 4.25607e-27 2.26223e-27
8.57267e-09 2.90392e-08 5.99511e-08 9.61977e-08 1.31419e-07 1.60113e-07 1.78824e-07 1.86406e-07 1.83639e-07 1.72546e-07 1.55698e-07 1.35654e-07 1.14609e-07 9.42214e-08 7.55925e-08 5.93266e-08 4.56401e-08 3.4477e-08 2.56124e-08 1.87361e-08 1.35119e-08 9.61623e-09 6.75981e-09 4.69739e-09 3.22912e-09 2.19735e-09 1.48102e-09 9.89235e-10 6.55131e-10 4.30369e-10 2.80553e-10 1.81558e-10 1.16679e-10 7.44879e-11 4.72526e-11 2.97942e-11 1.86774e-11 1.16435e-11 7.21993e-12 4.45403e-12 2.73421e-12 1.67051e-12 1.01597e-12 6.15173e-13 3.70908e-13 2.22716e-13 1.33203e-13 7.93616e-14 4.71079e-14 2.78622e-14 1.64219e-14 9.64643e-15 5.64789e-15 3.29629e-15 1.91789e-15 1.11255e-15 6.43501e-16 3.71148e-16 2.13475e-16 1.22457e-16 7.00619e-17 3.99829e-17 2.27609e-17 1.29257e-17 7.32305e-18 4.13934e-18 2.3345e-18 1.31372e-18 7.37702e-19 4.1338e-19 2.31169e-19 1.29015e-19 7.18624e-20 3.99513e-20 2.21691e-20 1.22791e-20 6.78905e-21 3.74702e-21 2.06451e-21 1.13557e-21 6.23582e-22 3.41877e-22 1.87136e-22 1.02274e-22 5.581e-23 3.04094e-23 1.65449e-23 8.98862e-24 4.87648e-24 2.6419e-24 1.42933e-24 7.72261e-25 4.167e-25 2.24554e-25 1.20855e-25 6.49627e-26 3.48762e-26 1.87012e-26 1.00159e-26 5.35805e-27 2.86299e-27
3.9388e-09 1.38666e-08 2.95617e-08 4.87914e-08 6.83743e-08 8.52737e-08 9.73324e-08 1.03551e-07 1.04e-07 9.95242e-08 9.13901e-08 8.097e-08 6.95186e-08 5.80459e-08 4.72725e-08 3.76426e-08 2.93688e-08 2.24906e-08 1.69314e-08 1.25471e-08 9.16351e-09 6.60236e-09 4.69739e-09 3.30286e-09 2.29678e-09 1.58065e-09 1.07721e-09 7.27364e-10 4.86861e-10 3.2319e-10 2.1286e-10 1.39149e-10 9.03172e-11 5.82248e-11 3.72928e-11 2.37381e-11 1.50204e-11 9.45025e-12 5.91328e-12 3.6807e-12 2.27949e-12 1.40486e-12 8.61773e-13 5.26248e-13 3.19959e-13 1.93718e-13 1.1681e-13 7.01585e-14 4.19786e-14 2.5025e-14 1.48651e-14 8.79953e-15 5.19148e-15 3.05286e-15 1.78957e-15 1.04581e-15 6.09338e-16 3.53998e-16 2.05076e-16 1.18477e-16 6.82629e-17 3.92285e-17 2.2486e-17 1.28572e-17 7.33373e-18 4.17329e-18 2.36935e-18 1.34216e-18 7.58612e-19 4.27862e-19 2.4081e-19 1.35255e-19 7.58156e-20 4.24142e-20 2.36825e-20 1.31986e-20 7.3422e-21 4.077e-21 2.25989e-21 1.2505e-21 6.9078e-22 3.80956e-22 2.09749e-22 1.153e-22 6.32818e-23 3.46784e-23 1.8975e-23 1.03672e-23 5.65596e-24 3.08128e-24 1.67628e-24 9.10671e-25 4.9407e-25 2.67693e-25 1.44849e-25 7.82773e-26 4.22481e-26 2.27739e-26 1.22613e-26 6.59343e-27 3.54138e-27
1.80972e-09 6.61197e-09 1.4541e-08 2.46658e-08 3.54317e-08 4.52062e-08 5.27036e-08 5.71973e-08 5.85356e-08 5.70269e-08 5.32675e-08 4.79724e-08 4.18406e-08 3.54692e-08 2.93123e-08 2.36743e-08 1.87265e-08 1.45336e-08 1.10843e-08 8.31876e-09 6.15091e-09 4.4855e-09 3.22912e-09 2.29678e-09 1.61528e-09 1.12399e-09 7.74339e-10 5.28439e-10 3.57418e-10 2.39705e-10 1.59472e-10 1.05285e-10 6.90053e-11 4.49136e-11 2.90395e-11 1.86569e-11 1.19138e-11 7.56353e-12 4.77494e-12 2.99831e-12 1.873e-12 1.16422e-12 7.20199e-13 4.43466e-13 2.7185e-13 1.65931e-13 1.00859e-13 6.10595e-14 3.68213e-14 2.2121e-14 1.3241e-14 7.89766e-15 4.6944e-15 2.78107e-15 1.64223e-15 9.66694e-16 5.673e-16 3.31926e-16 1.93647e-16 1.12656e-16 6.5359e-17 3.78174e-17 2.18245e-17 1.25629e-17 7.21374e-18 4.13215e-18 2.36138e-18 1.34633e-18 7.65874e-19 4.34716e-19 2.46217e-19 1.39161e-19 7.84908e-20 4.41821e-20 2.48209e-20 1.39171e-20 7.78861e-21 4.35078e-21 2.42597e-21 1.35031e-21 7.5028e-22 4.16172e-22 2.30459e-22 1.2741e-22 7.03253e-23 3.87556e-23 2.13247e-23 1.17158e-23 6.427e-24 3.52054e-24 1.92568e-24 1.05182e-24 5.73716e-25 3.12505e-25 1.69994e-25 9.235e-26 5.01043e-26 2.71493e-26 1.46925e-26 7.94141e-27 4.28717e-27
8.31492e-10 3.1486e-09 7.13615e-09 1.24312e-08 1.82923e-08 2.38619e-08 2.83999e-08 3.14253e-08 3.27564e-08 3.24742e-08 3.08434e-08 2.8225e-08 2.49986e-08 2.15083e-08 1.80313e-08 1.47665e-08 1.18386e-08 9.30887e-09 7.19048e-09 5.46372e-09 4.08902e-09 3.01729e-09 2.19735e-09 1.58065e-09 1.12399e-09 7.90639e-10 5.50497e-10 3.79612e-10 2.59394e-10 1.7572e-10 1.18062e-10 7.87054e-11 5.20792e-11 3.42167e-11 2.23287e-11 1.44766e-11 9.32763e-12 5.97429e-12 3.80465e-12 2.40966e-12 1.5181e-12 9.51556e-13 5.93524e-13 3.68458e-13 2.27696e-13 1.4009e-13 8.58245e-14 5.2363e-14 3.18205e-14 1.92624e-14 1.16169e-14 6.98059e-15 4.1799e-15 2.49434e-15 1.48356e-15 8.79531e-16 5.198e-16 3.06265e-16 1.79916e-16 1.05387e-16 6.15575e-17 3.58579e-17 2.08319e-17 1.20709e-17 6.97664e-18 4.02231e-18 2.31341e-18 1.3274e-18 7.59889e-19 4.34027e-19 2.47357e-19 1.40668e-19 7.98269e-20 4.52071e-20 2.55497e-20 1.44114e-20 8.11309e-21 4.55871e-21 2.55676e-21 1.43136e-21 7.99889e-22 4.46223e-22 2.48502e-22 1.38158e-22 7.66839e-23 4.24942e-23 2.35106e-23 1.29874e-23 7.16329e-24 3.94503e-24 2.16943e-24 1.19127e-24 6.53216e-25 3.57679e-25 1.95583e-25 1.06802e-25 5.82439e-26 3.17214e-26 1.72542e-26 9.37314e-27 5.08551e-27
3.82037e-10 1.4975e-09 3.49467e-09 6.24721e-09 9.41081e-09 1.25444e-08 1.52341e-08 1.71794e-08 1.82312e-08 1.83851e-08 1.77489e-08 1.6498e-08 1.48336e-08 1.2949e-08 1.10089e-08 9.13891e-09 7.42403e-09 5.91284e-09 4.62454e-09 3.55691e-09 2.69369e-09 2.0108e-09 1.48102e-09 1.07721e-09 7.74339e-10 5.50497e-10 3.87302e-10 2.69817e-10 1.86227e-10 1.27402e-10 8.64311e-11 5.81697e-11 3.88527e-11 2.57629e-11 1.69652e-11 1.1098e-11 7.21391e-12 4.66073e-12 2.99363e-12 1.91207e-12 1.21469e-12 7.67655e-13 4.82717e-13 3.02079e-13 1.88158e-13 1.16673e-13 7.20323e-14 4.42849e-14 2.71153e-14 1.65371e-14 1.00471e-14 6.08154e-15 3.66795e-15 2.20453e-15 1.32049e-15 7.88355e-16 4.69155e-16 2.78328e-16 1.64619e-16 9.70775e-17 5.70832e-17 3.34719e-17 1.95733e-17 1.14154e-17 6.64032e-18 3.85287e-18 2.23e-18 1.28758e-18 7.41678e-19 4.2624e-19 2.44407e-19 1.39834e-19 7.98315e-20 4.54798e-20 2.58562e-20 1.46701e-20 8.30688e-21 4.69463e-21 2.64812e-21 1.49096e-21 8.37914e-22 4.70062e-22 2.63238e-22 1.47161e-22 8.21305e-23 4.57609e-23 2.54553e-23 1.41373e-23 7.83927e-24 4.34024e-24 2.39936e-24 1.32443e-24 7.30014e-25 4.01798e-25 2.20837e-25 1.21209e-25 6.64357e-26 3.63653e-26 1.98792e-26 1.08529e-26 5.91753e-27
1.7553e-10 7.114e-10 1.70796e-09 3.13104e-09 4.82568e-09 6.56968e-09 8.13685e-09 9.34739e-09 1.00951e-08 1.03517e-08 1.01541e-08 9.58407e-09 8.74498e-09 7.74315e-09 6.67405e-09 5.61459e-09 4.6203e-09 3.72629e-09 2.95021e-09 2.29629e-09 1.75932e-09 1.32829e-09 9.89235e-10 7.27364e-10 5.28439e-10 3.79612e-10 2.69817e-10 1.89862e-10 1.32337e-10 9.14145e-11 6.26083e-11 4.25319e-11 2.86701e-11 1.91837e-11 1.27457e-11 8.4112e-12 5.51492e-12 3.59354e-12 2.32764e-12 1.49907e-12 9.60138e-13 6.11704e-13 3.87729e-13 2.44553e-13 1.53516e-13 9.59256e-14 5.96743e-14 3.69635e-14 2.28009e-14 1.40082e-14 8.57262e-15 5.22639e-15 3.17464e-15 1.92149e-15 1.15898e-15 6.96708e-16 4.1745e-16 2.4933e-16 1.48456e-16 8.81276e-17 5.21613e-17 3.07851e-17 1.81184e-17 1.06345e-17 6.22529e-18 3.63477e-18 2.11687e-18 1.22981e-18 7.1274e-19 4.12098e-19 2.37721e-19 1.36821e-19 7.85745e-20 4.50269e-20 2.5748e-20 1.46932e-20 8.36778e-21 4.756e-21 2.69791e-21 1.52752e-21 8.63246e-22 4.86953e-22 2.74194e-22 1.54122e-22 8.64811e-23 4.84441e-23 2.70917e-23 1.5126e-23 8.43164e-24 4.69263e-24 2.60765e-24 1.44684e-24 8.01571e-25 4.43431e-25 2.44953e-25 1.35121e-25 7.44314e-26 4.09443e-26 2.24928e-26 1.23401e-26 6.76118e-27
8.06491e-11 3.37593e-10 8.33172e-10 1.56528e-09 2.46687e-09 3.4283e-09 4.32857e-09 5.06339e-09 5.56303e-09 5.79835e-09 5.77725e-09 5.53525e-09 5.12402e-09 4.60059e-09 4.01913e-09 3.4255e-09 2.85479e-09 2.3309e-09 1.86769e-09 1.47078e-09 1.13976e-09 8.70152e-10 6.55131e-10 4.86861e-10 3.57418e-10 2.59394e-10 1.86227e-10 1.32337e-10 9.31368e-11 6.49493e-11 4.48996e-11 3.07829e-11 2.09384e-11 1.41353e-11 9.47404e-12 6.30627e-12 4.17007e-12 2.74008e-12 1.78955e-12 1.16195e-12 7.5022e-13 4.81772e-13 3.07773e-13 1.9563e-13 1.23747e-13 7.79102e-14 4.883e-14 3.04703e-14 1.89331e-14 1.17161e-14 7.22126e-15 4.43369e-15 2.712e-15 1.65285e-15 1.00379e-15 6.07515e-16 3.66455e-16 2.2033e-16 1.32054e-16 7.89031e-17 4.70037e-17 2.7919e-17 1.6536e-17 9.7668e-18 5.75303e-18 3.37981e-18 1.98045e-18 1.15755e-18 6.74908e-19 3.92557e-19 2.27791e-19 1.31878e-19 7.61773e-20 4.39058e-20 2.52512e-20 1.44918e-20 8.29975e-21 4.7438e-21 2.70599e-21 1.54056e-21 8.75394e-22 4.96496e-22 2.8108e-22 1.58841e-22 8.96045e-23 5.04595e-23 2.83673e-23 1.59209e-23 8.92079e-24 4.99046e-24 2.78734e-24 1.55441e-24 8.65517e-25 4.8121e-25 2.67148e-25 1.48095e-25 8.19798e-26 4.53173e-26 2.50163e-26 1.37908e-26 7.59237e-27
3.7055e-11 1.60042e-10 4.05718e-10 7.80656e-10 1.25739e-09 1.78297e-09 2.29391e-09 2.7313e-09 3.05163e-09 3.23201e-09 3.2699e-09 3.17929e-09 2.985e-09 2.71691e-09 2.40506e-09 2.07622e-09 1.75193e-09 1.44781e-09 1.17381e-09 9.35015e-10 7.32727e-10 5.65546e-10 4.30369e-10 3.2319e-10 2.39705e-10 1.7572e-10 1.27402e-10 9.14145e-11 6.49493e-11 4.57169e-11 3.18952e-11 2.20652e-11 1.51424e-11 1.03121e-11 6.97129e-12 4.67983e-12 3.12052e-12 2.06739e-12 1.36122e-12 8.90943e-13 5.79809e-13 3.75255e-13 2.4158e-13 1.54729e-13 9.86125e-14 6.25487e-14 3.94911e-14 2.48221e-14 1.55346e-14 9.6815e-15 6.00926e-15 3.71526e-15 2.28821e-15 1.40408e-15 8.58467e-16 5.23037e-16 3.17587e-16 1.92199e-16 1.15942e-16 6.97214e-17 4.17986e-17 2.4984e-17 1.48902e-17 8.84925e-18 5.24459e-18 3.09987e-18 1.82739e-18 1.07448e-18 6.30194e-19 3.68707e-19 2.15201e-19 1.2531e-19 7.27999e-20 4.21985e-20 2.44065e-20 1.40857e-20 8.11209e-21 4.66218e-21 2.67402e-21 1.53066e-21 8.7447e-22 4.98634e-22 2.83796e-22 1.61225e-22 9.1427e-23 5.17545e-23 2.92461e-23 1.64986e-23 9.29179e-24 5.2244e-24 2.93273e-24 1.64369e-24 9.19788e-25 5.13914e-25 2.86707e-25 1.59714e-25 8.8841e-26 4.93471e-26 2.73714e-26 1.51611e-26 8.38631e-27
1.70253e-11 7.57987e-11 1.97239e-10 3.88464e-10 6.3914e-10 9.24309e-10 1.21128e-09 1.46747e-09 1.66678e-09 1.79319e-09 1.84163e-09 1.81658e-09 1.72938e-09 1.59528e-09 1.43058e-09 1.25058e-09 1.0682e-09 8.93294e-10 7.32645e-10 5.90205e-10 4.67624e-10 3.64824e-10 2.80553e-10 2.1286e-10 1.59472e-10 1.18062e-10 8.64311e-11 6.26083e-11 4.48996e-11 3.18952e-11 2.24537e-11 1.56718e-11 1.08491e-11 7.45205e-12 5.0806e-12 3.43915e-12 2.31214e-12 1.54428e-12 1.02495e-12 6.76153e-13 4.43464e-13 2.89223e-13 1.87612e-13 1.21066e-13 7.7731e-14 4.96655e-14 3.15844e-14 1.99947e-14 1.26021e-14 7.90893e-15 4.94306e-15 3.07703e-15 1.908e-15 1.17864e-15 7.2542e-16 4.44885e-16 2.71893e-16 1.65608e-16 1.0054e-16 6.08422e-17 3.67043e-17 2.20754e-17 1.32377e-17 7.91523e-18 4.71942e-18 2.8062e-18 1.66411e-18 9.84246e-19 5.80647e-19 3.4169e-19 2.0058e-19 1.17463e-19 6.86273e-20 4.00033e-20 2.32659e-20 1.35017e-20 7.81844e-21 4.5179e-21 2.60528e-21 1.49932e-21 8.61131e-22 4.93627e-22 2.82422e-22 1.61281e-22 9.19329e-23 5.23087e-23 2.97103e-23 1.68456e-23 9.53502e-24 5.38802e-24 3.03963e-24 1.71202e-24 9.6273e-25 5.40532e-25 3.03019e-25 1.69614e-25 9.48e-26 5.29077e-26 2.94852e-26 1.64087e-26 9.11884e-27
7.82242e-12 3.58675e-11 9.57365e-11 1.92894e-10 3.24034e-10 4.77721e-10 6.37424e-10 7.85479e-10 9.06659e-10 9.90531e-10 1.03237e-09 1.03281e-09 9.96714e-10 9.31587e-10 8.46102e-10 7.48821e-10 6.47316e-10 5.47667e-10 4.54299e-10 3.70044e-10 2.96371e-10 2.3367e-10 1.81558e-10 1.39149e-10 1.05285e-10 7.87054e-11 5.81697e-11 4.25319e-11 3.07829e-11 2.20652e-11 1.56718e-11 1.10341e-11 7.70439e-12 5.3369e-12 3.66895e-12 2.50403e-12 1.69712e-12 1.14258e-12 7.64319e-13 5.08144e-13 3.35833e-13 2.20689e-13 1.44227e-13 9.37582e-14 6.06381e-14 3.90239e-14 2.49941e-14 1.59343e-14 1.0113e-14 6.39063e-15 4.0214e-15 2.52021e-15 1.57317e-15 9.78232e-16 6.06017e-16 3.74067e-16 2.3008e-16 1.41031e-16 8.61586e-17 5.24646e-17 3.18459e-17 1.92707e-17 1.1626e-17 6.99336e-18 4.19463e-18 2.5089e-18 1.49653e-18 8.90275e-19 5.28237e-19 3.12626e-19 1.84559e-19 1.08689e-19 6.38558e-20 3.74281e-20 2.18878e-20 1.27712e-20 7.43548e-21 4.31968e-21 2.50427e-21 1.44881e-21 8.36496e-22 4.82007e-22 2.77203e-22 1.59115e-22 9.11618e-23 5.21332e-23 2.97599e-23 1.69581e-23 9.64646e-24 5.47792e-24 3.10551e-24 1.75766e-24 9.93183e-25 5.60315e-25 3.15612e-25 1.77503e-25 9.96778e-26 5.58912e-26 3.12933e-26 1.74957e-26 9.76775e-27
3.59408e-12 1.6958e-11 4.64001e-11 9.55897e-11 1.63875e-10 2.46197e-10 3.34352e-10 4.18933e-10 4.9127e-10 5.4487e-10 5.76143e-10 5.84443e-10 5.71603e-10 5.41193e-10 4.97711e-10 4.45855e-10 3.89979e-10 3.33743e-10 2.79948e-10 2.30521e-10 1.86596e-10 1.48653e-10 1.16679e-10 9.03172e-11 6.90053e-11 5.20792e-11 3.88527e-11 2.86701e-11 2.09384e-11 1.51424e-11 1.08491e-11 7.70439e-12 5.4251e-12 3.7894e-12 2.62652e-12 1.80711e-12 1.23456e-12 8.37709e-13 5.64733e-13 3.7833e-13 2.51931e-13 1.6679e-13 1.09807e-13 7.19024e-14 4.68375e-14 3.0357e-14 1.95798e-14 1.25693e-14 8.03221e-15 5.11022e-15 3.23731e-15 2.04232e-15 1.28325e-15 8.03159e-16 5.00769e-16 3.11077e-16 1.92547e-16 1.18764e-16 7.30056e-17 4.47286e-17 2.73156e-17 1.66291e-17 1.00924e-17 6.10683e-18 3.68442e-18 2.21658e-18 1.3298e-18 7.95625e-19 4.74761e-19 2.82561e-19 1.67743e-19 9.93342e-20 5.86808e-20 3.45827e-20 2.03334e-20 1.19281e-20 6.98167e-21 4.07753e-21 2.37632e-21 1.38197e-21 8.02038e-22 4.64531e-22 2.68518e-22 1.54912e-22 8.92011e-23 5.12673e-23 2.94111e-23 1.68422e-23 9.62752e-24 5.49381e-24 3.1296e-24 1.77981e-24 1.01051e-24 5.72799e-25 3.24168e-25 1.8317e-25 1.0334e-25 5.82131e-26 3.27434e-26 1.83903e-26 1.03139e-26
