0.942077 0.0130023 0.00688355 0.00364423 0.0019293 0.00102139 0.000540738 0.000286273 0.000151556 8.02357e-05 4.24777e-05 2.24882e-05 1.19055e-05 6.30292e-06 3.33684e-06 1.76656e-06 9.35239e-07 4.95126e-07 2.62126e-07 1.38772e-07 7.34678e-08 3.88947e-08 2.05913e-08 1.09013e-08 5.77127e-09 3.05538e-09 1.61755e-09 8.56351e-10 4.53363e-10 2.40015e-10 1.27067e-10 6.72708e-11 3.56139e-11 1.88544e-11 9.98176e-12 5.28446e-12 2.79766e-12 1.48111e-12 7.84118e-13 4.15121e-13 2.1977e-13 1.16349e-13 6.15965e-14 3.26099e-14 1.72641e-14 9.1398e-15 4.83872e-15 2.56167e-15 1.35618e-15 7.17978e-16 3.80106e-16 2.01233e-16 1.06535e-16 5.64008e-17 2.98593e-17 1.58078e-17 8.36886e-18 4.43057e-18 2.3456e-18 1.24179e-18 6.57416e-19 3.48044e-19 1.84259e-19 9.75486e-20 5.16434e-20 2.73406e-20 1.44744e-20 7.66294e-21 4.05685e-21 2.14775e-21 1.13704e-21 6.01963e-22 3.18686e-22 1.68716e-22 8.93204e-23 4.72873e-23 2.50344e-23 1.32535e-23 7.01657e-24 3.71466e-24 1.96658e-24 1.04113e-24 5.51188e-25 2.91805e-25 1.54485e-25 8.17862e-26 4.32986e-26 2.29228e-26 1.21356e-26 6.42472e-27 3.40132e-27 1.8007e-27 9.53312e-28 5.04695e-28 2.67191e-28 1.41454e-28 7.48875e-29 3.96463e-29 2.09892e-29 1.1112e-29 5.8828e-30
0.0130023 0.000565846 0.00030496 0.000164306 8.84974e-05 4.76521e-05 2.56514e-05 1.38045e-05 7.42704e-06 3.99485e-06 2.14821e-06 1.15491e-06 6.20755e-07 3.33575e-07 1.79214e-07 9.62624e-08 5.16954e-08 2.77562e-08 1.48999e-08 7.99694e-09 4.29125e-09 2.30232e-09 1.23502e-09 6.62376e-10 3.55193e-10 1.90438e-10 1.02088e-10 5.47176e-11 2.93235e-11 1.57123e-11 8.41786e-12 4.50924e-12 2.41515e-12 1.29339e-12 6.92558e-13 3.7079e-13 1.98493e-13 1.06245e-13 5.68621e-14 3.04288e-14 1.62816e-14 8.71087e-15 4.65991e-15 2.49257e-15 1.33313e-15 7.12936e-16 3.81229e-16 2.03835e-16 1.08975e-16 5.82556e-17 3.11391e-17 1.66431e-17 8.89455e-18 4.75308e-18 2.53974e-18 1.35696e-18 7.24948e-19 3.87269e-19 2.06863e-19 1.10489e-19 5.90094e-20 3.1513e-20 1.68278e-20 8.98527e-21 4.79738e-21 2.56122e-21 1.36728e-21 7.29862e-22 3.89577e-22 2.0793e-22 1.10972e-22 5.92215e-23 3.16023e-23 1.68629e-23 8.99741e-24 4.80039e-24 2.56101e-24 1.36621e-24 7.28789e-25 3.88741e-25 2.07345e-25 1.10587e-25 5.8978e-26 3.14523e-26 1.67723e-26 8.94356e-27 4.76876e-27 2.5426e-27 1.3556e-27 7.22704e-28 3.85273e-28 2.0538e-28 1.09478e-28 5.83542e-29 3.11028e-29 1.65771e-29 8.83479e-30 4.70831e-30 2.50909e-30 1.33705e-30 7.1246e-31
0.00688355 0.00030496 0.00016454 8.87482e-05 4.7853e-05 2.57945e-05 1.39e-05 7.48826e-06 4.03299e-06 2.17148e-06 1.16889e-06 6.29047e-07 3.38444e-07 1.82049e-07 9.79018e-08 5.26377e-08 2.8295e-08 1.52066e-08 8.17083e-09 4.38949e-09 2.35765e-09 1.26609e-09 6.7978e-10 3.64919e-10 1.95862e-10 1.05107e-10 5.63949e-11 3.02538e-11 1.62275e-11 8.7028e-12 4.66661e-12 2.50196e-12 1.34122e-12 7.18881e-13 3.85262e-13 2.06442e-13 1.10608e-13 5.92539e-14 3.17391e-14 1.69989e-14 9.10323e-15 4.87439e-15 2.60973e-15 1.39709e-15 7.47831e-16 4.00256e-16 2.14204e-16 1.14623e-16 6.13301e-17 3.2812e-17 1.75529e-17 9.38915e-18 5.02183e-18 2.68571e-18 1.43621e-18 7.67958e-19 4.10601e-19 2.19516e-19 1.17348e-19 6.27267e-20 3.35269e-20 1.79184e-20 9.57575e-21 5.11697e-21 2.73414e-21 1.46082e-21 7.80445e-22 4.16923e-22 2.2271e-22 1.18958e-22 6.35359e-23 3.39325e-23 1.81211e-23 9.67661e-24 5.16697e-24 2.75881e-24 1.47292e-24 7.86346e-25 4.19779e-25 2.24079e-25 1.19608e-25 6.38397e-26 3.40721e-26 1.81837e-26 9.70381e-27 5.17821e-27 2.76308e-27 1.4743e-27 7.866e-28 4.19664e-28 2.23886e-28 1.19435e-28 6.3711e-29 3.39842e-29 1.81267e-29 9.66809e-30 5.15635e-30 2.74995e-30 1.46652e-30 7.82043e-31 4.17018e-31
0.00364423 0.000164306 8.87482e-05 4.79201e-05 2.58662e-05 1.39575e-05 7.52923e-06 4.06035e-06 2.18903e-06 1.17983e-06 6.35723e-07 3.42456e-07 1.8443e-07 9.93008e-08 5.34528e-08 2.87666e-08 1.54778e-08 8.32598e-09 4.47786e-09 2.40778e-09 1.29442e-09 6.95746e-10 3.73891e-10 2.0089e-10 1.07918e-10 5.79636e-11 3.11274e-11 1.67131e-11 8.97229e-12 4.81593e-12 2.58458e-12 1.38687e-12 7.44078e-13 3.99152e-13 2.14091e-13 1.14815e-13 6.15661e-14 3.30086e-14 1.76953e-14 9.48496e-15 5.08346e-15 2.72416e-15 1.45967e-15 7.82035e-16 4.18938e-16 2.24401e-16 1.20186e-16 6.43634e-17 3.4465e-17 1.84533e-17 9.87928e-18 5.28853e-18 2.83076e-18 1.51507e-18 8.10812e-19 4.33879e-19 2.32156e-19 1.24209e-19 6.6449e-20 3.55458e-20 1.90131e-20 1.01691e-20 5.43846e-21 2.90828e-21 1.55512e-21 8.31492e-22 4.4455e-22 2.37657e-22 1.27043e-22 6.79079e-23 3.6296e-23 1.93985e-23 1.03669e-23 5.53988e-24 2.96022e-24 1.58168e-24 8.45059e-25 4.51469e-25 2.41181e-25 1.28834e-25 6.88166e-26 3.67562e-26 1.9631e-26 1.04841e-26 5.59879e-27 2.98974e-27 1.59643e-27 8.52397e-28 4.55105e-28 2.42973e-28 1.29713e-28 6.92446e-29 3.6963e-29 1.973e-29 1.05309e-29 5.62061e-30 2.99972e-30 1.60088e-30 8.54308e-31 4.55881e-31 2.43259e-31
0.0019293 8.84974e-05 4.7853e-05 2.58662e-05 1.39767e-05 7.54975e-06 4.07681e-06 2.20076e-06 1.18767e-06 6.40755e-07 3.45594e-07 1.86347e-07 1.00453e-07 5.41373e-08 2.91689e-08 1.57123e-08 8.46175e-09 4.55598e-09 2.4525e-09 1.3199e-09 7.1021e-10 3.82071e-10 2.05502e-10 1.10511e-10 5.94174e-11 3.19407e-11 1.71672e-11 9.22527e-12 4.95663e-12 2.66271e-12 1.43018e-12 7.68056e-13 4.12409e-13 2.21411e-13 1.18852e-13 6.37903e-14 3.42328e-14 1.83684e-14 9.85471e-15 5.2864e-15 2.83545e-15 1.52065e-15 8.15429e-16 4.37211e-16 2.34393e-16 1.25647e-16 6.73454e-17 3.60926e-17 1.93412e-17 1.03634e-17 5.55234e-18 2.97445e-18 1.59329e-18 8.53378e-19 4.57032e-19 2.44744e-19 1.3105e-19 7.01655e-20 3.7564e-20 2.01086e-20 1.07636e-20 5.76095e-21 3.08316e-21 1.64992e-21 8.82871e-22 4.72385e-22 2.52733e-22 1.35206e-22 7.23265e-23 3.86872e-23 2.06922e-23 1.10666e-23 5.91825e-24 3.16477e-24 1.69224e-24 9.04799e-25 4.83743e-25 2.58613e-25 1.38247e-25 7.38988e-26 3.94995e-26 2.11115e-26 1.12829e-26 6.02973e-27 3.22218e-27 1.72178e-27 9.19981e-28 4.91539e-28 2.62611e-28 1.40296e-28 7.49468e-29 4.00349e-29 2.13847e-29 1.14221e-29 6.10048e-30 3.25808e-30 1.73996e-30 9.29171e-31 4.96171e-31 2.64939e-31 1.41462e-31
0.00102139 4.76521e-05 2.57945e-05 1.39575e-05 7.54975e-06 4.08231e-06 2.20664e-06 1.19239e-06 6.44121e-07 3.47845e-07 1.87792e-07 1.01355e-07 5.46883e-08 2.95005e-08 1.59093e-08 8.5776e-09 4.62355e-09 2.49163e-09 1.34243e-09 7.23112e-10 3.89427e-10 2.09679e-10 1.12875e-10 6.07508e-11 3.26907e-11 1.7588e-11 9.46079e-12 5.08818e-12 2.73604e-12 1.47099e-12 7.90724e-13 4.24982e-13 2.28375e-13 1.22705e-13 6.59185e-14 3.54072e-14 1.90157e-14 1.02112e-14 5.48248e-15 2.94322e-15 1.57983e-15 8.47899e-16 4.55012e-16 2.44146e-16 1.30986e-16 7.02664e-17 3.76896e-17 2.02138e-17 1.08399e-17 5.81241e-18 3.11632e-18 1.67064e-18 8.95526e-19 4.79989e-19 2.57242e-19 1.37851e-19 7.3865e-20 3.95755e-20 2.12019e-20 1.13576e-20 6.08355e-21 3.25831e-21 1.74498e-21 9.34441e-22 5.00355e-22 2.67899e-22 1.43426e-22 7.67807e-23 4.11001e-23 2.19989e-23 1.17741e-23 6.30118e-24 3.37198e-24 1.80434e-24 9.65432e-25 5.16529e-25 2.76337e-25 1.47827e-25 7.90756e-26 4.22963e-26 2.26222e-26 1.20987e-26 6.47021e-27 3.45996e-27 1.85011e-27 9.89233e-28 5.28901e-28 2.82765e-28 1.51165e-28 8.08082e-29 4.31951e-29 2.30882e-29 1.23402e-29 6.59527e-30 3.52468e-30 1.88358e-30 1.00653e-30 5.37836e-31 2.87376e-31 1.53543e-31 8.20329e-32
0.000540738 2.56514e-05 1.39e-05 7.52923e-06 4.07681e-06 2.20664e-06 1.19396e-06 6.45808e-07 3.492e-07 1.88759e-07 1.02002e-07 5.51037e-08 2.97598e-08 1.60679e-08 8.67305e-09 4.68029e-09 2.52502e-09 1.36192e-09 7.34401e-10 3.95929e-10 2.13405e-10 1.15e-10 6.19583e-11 3.33743e-11 1.79738e-11 9.67792e-12 5.21006e-12 2.80429e-12 1.50913e-12 8.11997e-13 4.36826e-13 2.34958e-13 1.26358e-13 6.79429e-14 3.65275e-14 1.9635e-14 1.0553e-14 5.67102e-15 3.04708e-15 1.637e-15 8.79332e-16 4.72282e-16 2.53626e-16 1.36186e-16 7.31165e-17 3.92507e-17 2.10682e-17 1.13073e-17 6.06791e-18 3.25591e-18 1.74686e-18 9.37124e-19 5.02679e-19 2.69612e-19 1.44592e-19 7.75367e-20 4.15745e-20 2.22898e-20 1.19493e-20 6.40534e-21 3.43322e-21 1.84002e-21 9.86063e-22 5.28385e-22 2.83113e-22 1.51681e-22 8.12587e-23 4.35284e-23 2.33153e-23 1.24875e-23 6.68774e-24 3.58137e-24 1.91773e-24 1.02682e-24 5.49753e-25 2.94315e-25 1.57553e-25 8.43358e-26 4.51407e-26 2.41599e-26 1.29299e-26 6.91935e-27 3.70262e-27 1.98119e-27 1.06002e-27 5.67125e-28 3.034e-28 1.62304e-28 8.6819e-29 4.64384e-29 2.48379e-29 1.3284e-29 7.10424e-30 3.79912e-30 2.03154e-30 1.08629e-30 5.80822e-31 3.10541e-31 1.66024e-31 8.8757e-32 4.74474e-32
0.000286273 1.38045e-05 7.48826e-06 4.06035e-06 2.20076e-06 1.19239e-06 6.45808e-07 3.49652e-07 1.89243e-07 1.02391e-07 5.53815e-08 2.99457e-08 1.61874e-08 8.74769e-09 4.72596e-09 2.55252e-09 1.37827e-09 7.44032e-10 4.01552e-10 2.16665e-10 1.16879e-10 6.30353e-11 3.3989e-11 1.83232e-11 9.87583e-12 5.32181e-12 2.86721e-12 1.54447e-12 8.31795e-13 4.47894e-13 2.41134e-13 1.29798e-13 6.98559e-14 3.75897e-14 2.02239e-14 1.08791e-14 5.85133e-15 3.14668e-15 1.69195e-15 9.0962e-16 4.88959e-16 2.62801e-16 1.41229e-16 7.58862e-17 4.07706e-17 2.19017e-17 1.1764e-17 6.31802e-18 3.39278e-18 1.82172e-18 9.78041e-19 5.25031e-19 2.81817e-19 1.51252e-19 8.11694e-20 4.3555e-20 2.3369e-20 1.25372e-20 6.72539e-21 3.6074e-21 1.93477e-21 1.03759e-21 5.56396e-22 2.98334e-22 1.5995e-22 8.57489e-23 4.5966e-23 2.46382e-23 1.32052e-23 7.07697e-24 3.79241e-24 2.03212e-24 1.08881e-24 5.83338e-25 3.12505e-25 1.67403e-25 8.96678e-26 4.80265e-26 2.57214e-26 1.37746e-26 7.37622e-27 3.94966e-27 2.11474e-27 1.13221e-27 6.06137e-28 3.24478e-28 1.7369e-28 9.29687e-29 4.97592e-29 2.66308e-29 1.42518e-29 7.62657e-30 4.08098e-30 2.18362e-30 1.16833e-30 6.25069e-31 3.34402e-31 1.7889e-31 9.56931e-32 5.11862e-32 2.73781e-32
0.000151556 7.42704e-06 4.03299e-06 2.18903e-06 1.18767e-06 6.44121e-07 3.492e-07 1.89243e-07 1.02521e-07 5.55207e-08 3.00576e-08 1.62673e-08 8.80123e-09 4.76037e-09 2.57403e-09 1.39144e-09 7.51966e-10 4.06273e-10 2.19446e-10 1.18503e-10 6.39775e-11 3.45322e-11 1.86348e-11 1.00537e-11 5.42299e-12 2.92455e-12 1.57686e-12 8.50042e-13 4.58147e-13 2.46881e-13 1.33013e-13 7.16507e-14 3.85898e-14 2.07803e-14 1.11882e-14 6.02277e-15 3.24165e-15 1.74449e-15 9.38656e-16 5.04987e-16 2.71639e-16 1.46098e-16 7.8566e-17 4.22443e-17 2.27114e-17 1.22086e-17 6.56191e-18 3.52649e-18 1.89497e-18 1.01815e-18 5.46976e-19 2.93817e-19 1.57811e-19 8.4752e-20 4.5511e-20 2.44364e-20 1.31193e-20 7.04277e-21 3.78035e-21 2.02898e-21 1.08888e-21 5.84312e-22 3.13522e-22 1.6821e-22 9.02392e-23 4.84063e-23 2.59639e-23 1.39252e-23 7.46788e-24 4.00458e-24 2.14724e-24 1.15125e-24 6.17202e-25 3.30864e-25 1.77353e-25 9.50595e-26 5.09472e-26 2.73032e-26 1.46311e-26 7.83986e-27 4.20059e-27 2.25052e-27 1.20566e-27 6.45861e-28 3.45959e-28 1.85303e-28 9.92458e-29 5.31515e-29 2.84637e-29 1.5242e-29 8.1614e-30 4.36981e-30 2.33956e-30 1.25251e-30 6.70509e-31 3.58924e-31 1.92122e-31 1.02832e-31 5.50369e-32 2.94549e-32 1.5763e-32
8.02357e-05 3.99485e-06 2.17148e-06 1.17983e-06 6.40755e-07 3.47845e-07 1.88759e-07 1.02391e-07 5.55207e-08 3.0095e-08 1.63074e-08 8.83344e-09 4.7834e-09 2.58946e-09 1.40136e-09 7.5817e-10 4.10073e-10 2.21736e-10 1.19867e-10 6.47812e-11 3.50019e-11 1.89073e-11 1.0211e-11 5.51321e-12 2.9761e-12 1.60619e-12 8.6667e-13 4.67545e-13 2.52178e-13 1.3599e-13 7.33204e-14 3.95242e-14 2.13022e-14 1.14791e-14 6.18473e-15 3.33165e-15 1.79444e-15 9.66337e-16 5.20309e-16 2.8011e-16 1.50776e-16 8.11468e-17 4.36667e-17 2.34947e-17 1.26395e-17 6.79878e-18 3.6566e-18 1.96638e-18 1.05731e-18 5.68444e-19 3.05576e-19 1.64248e-19 8.82736e-20 4.74365e-20 2.54886e-20 1.36941e-20 7.35654e-21 3.95156e-21 2.12236e-21 1.13979e-21 6.12054e-22 3.28633e-22 1.76438e-22 9.47175e-23 5.08428e-23 2.72891e-23 1.46457e-23 7.85947e-24 4.21734e-24 2.26281e-24 1.214e-24 6.51264e-25 3.49348e-25 1.87381e-25 1.00498e-25 5.38963e-26 2.89018e-26 1.54974e-26 8.30926e-27 4.45485e-27 2.38821e-27 1.28021e-27 6.86217e-28 3.67799e-28 1.9712e-28 1.05639e-28 5.6609e-29 3.03333e-29 1.62528e-29 8.70778e-30 4.6651e-30 2.49912e-30 1.33871e-30 7.17071e-31 3.84071e-31 2.057e-31 1.10163e-31 5.89941e-32 3.15907e-32 1.69155e-32 9.05707e-33
4.24777e-05 2.14821e-06 1.16889e-06 6.35723e-07 3.45594e-07 1.87792e-07 1.02002e-07 5.53815e-08 3.00576e-08 1.63074e-08 8.84419e-09 4.79493e-09 2.59874e-09 1.408e-09 7.6262e-10 4.12936e-10 2.23528e-10 1.20964e-10 6.54432e-11 3.53962e-11 1.91398e-11 1.03469e-11 5.59213e-12 3.02164e-12 1.63233e-12 8.81614e-13 4.76052e-13 2.57003e-13 1.38719e-13 7.48589e-14 4.03895e-14 2.17877e-14 1.1751e-14 6.33662e-15 3.41637e-15 1.84161e-15 9.92567e-16 5.34872e-16 2.88184e-16 1.55247e-16 8.36199e-17 4.50331e-17 2.42488e-17 1.30553e-17 7.02785e-18 3.78268e-18 2.03572e-18 1.09542e-18 5.89366e-19 3.17056e-19 1.70543e-19 9.17232e-20 4.93257e-20 2.65226e-20 1.42597e-20 7.66577e-21 4.12053e-21 2.21465e-21 1.19017e-21 6.39542e-22 3.43625e-22 1.84611e-22 9.91714e-23 5.32689e-23 2.86102e-23 1.53648e-23 8.25071e-24 4.43015e-24 2.37852e-24 1.2769e-24 6.85439e-25 3.67913e-25 1.97463e-25 1.05971e-25 5.68667e-26 3.05136e-26 1.63717e-26 8.78337e-27 4.7119e-27 2.52754e-27 1.35571e-27 7.27121e-28 3.89955e-28 2.09118e-28 1.12134e-28 6.01251e-29 3.22362e-29 1.72823e-29 9.26474e-30 4.96633e-30 2.66202e-30 1.42678e-30 7.64678e-31 4.098e-31 2.19604e-31 1.17674e-31 6.30518e-32 3.37822e-32 1.8099e-32 9.69606e-33 5.19412e-33
2.24882e-05 1.15491e-06 6.29047e-07 3.42456e-07 1.86347e-07 1.01355e-07 5.51037e-08 2.99457e-08 1.62673e-08 8.83344e-09 4.79493e-09 2.60184e-09 1.41133e-09 7.65297e-10 4.14851e-10 2.24812e-10 1.21791e-10 6.59608e-11 3.57135e-11 1.93313e-11 1.0461e-11 5.65944e-12 3.06101e-12 1.6552e-12 8.94818e-13 4.83636e-13 2.6134e-13 1.41188e-13 7.62605e-14 4.11824e-14 2.22349e-14 1.20026e-14 6.47788e-15 3.4955e-15 1.88585e-15 1.01725e-15 5.48623e-16 2.95833e-16 1.59496e-16 8.59766e-17 4.63387e-17 2.49712e-17 1.34546e-17 7.24835e-18 3.90431e-18 2.10275e-18 1.13233e-18 6.09675e-19 3.28221e-19 1.76676e-19 9.509e-20 5.11726e-20 2.75352e-20 1.48144e-20 7.96952e-21 4.28676e-21 2.30556e-21 1.23987e-21 6.66698e-22 3.58456e-22 1.92706e-22 1.03589e-22 5.5678e-23 2.99235e-23 1.60804e-23 8.64057e-24 4.64243e-24 2.49407e-24 1.33977e-24 7.19641e-25 3.86511e-25 2.07573e-25 1.11466e-25 5.98515e-26 3.21346e-26 1.72519e-26 9.26113e-27 4.97115e-27 2.66819e-27 1.432e-27 7.68487e-28 4.1238e-28 2.21272e-28 1.1872e-28 6.36928e-29 3.41685e-29 1.83287e-29 9.83123e-30 5.27296e-30 2.82795e-30 1.51657e-30 8.13248e-31 4.3607e-31 2.3381e-31 1.25355e-31 6.72037e-32 3.60263e-32 1.93116e-32 1.03513e-32 5.54808e-33 2.97349e-33
1.19055e-05 6.20755e-07 3.38444e-07 1.8443e-07 1.00453e-07 5.46883e-08 2.97598e-08 1.61874e-08 8.80123e-09 4.7834e-09 2.59874e-09 1.41133e-09 7.6619e-10 4.15811e-10 2.25585e-10 1.22344e-10 6.6332e-11 3.59526e-11 1.9481e-11 1.05528e-11 5.71486e-12 3.09406e-12 1.6747e-12 9.06232e-13 4.90269e-13 2.65171e-13 1.4339e-13 7.752e-14 4.19e-14 2.26424e-14 1.22332e-14 6.60801e-15 3.56875e-15 1.92698e-15 1.0403e-15 5.61515e-16 3.03031e-16 1.63507e-16 8.82088e-17 4.75791e-17 2.56596e-17 1.38361e-17 7.45955e-18 4.0211e-18 2.16727e-18 1.16793e-18 6.29304e-19 3.39034e-19 1.82628e-19 9.83634e-20 5.29716e-20 2.85231e-20 1.53566e-20 8.26688e-21 4.44974e-21 2.39484e-21 1.28875e-21 6.93442e-22 3.73081e-22 2.00701e-22 1.07956e-22 5.80632e-23 3.12254e-23 1.67908e-23 9.02798e-24 4.85364e-24 2.60916e-24 1.40247e-24 7.53783e-25 4.05096e-25 2.17686e-25 1.16967e-25 6.28433e-26 3.37611e-26 1.81358e-26 9.7414e-27 5.23202e-27 2.80985e-27 1.5089e-27 8.10222e-28 4.35025e-28 2.33556e-28 1.25382e-28 6.73047e-29 3.61264e-29 1.93898e-29 1.04062e-29 5.5844e-30 2.99663e-30 1.6079e-30 8.62694e-31 4.62834e-31 2.48293e-31 1.33192e-31 7.14431e-32 3.83192e-32 2.05516e-32 1.10217e-32 5.91051e-33 3.16938e-33 1.69941e-33
6.30292e-06 3.33575e-07 1.82049e-07 9.93008e-08 5.41373e-08 2.95005e-08 1.60679e-08 8.74769e-09 4.76037e-09 2.58946e-09 1.408e-09 7.65297e-10 4.15811e-10 2.25843e-10 1.22622e-10 6.65553e-11 3.61125e-11 1.95883e-11 1.0622e-11 5.7582e-12 3.12065e-12 1.69076e-12 9.15811e-13 4.95925e-13 2.68483e-13 1.45315e-13 7.86325e-14 4.25396e-14 2.30084e-14 1.24418e-14 6.72652e-15 3.63585e-15 1.96487e-15 1.06164e-15 5.73502e-16 3.09751e-16 1.67267e-16 9.03088e-17 4.875e-17 2.63114e-17 1.41985e-17 7.66073e-18 4.13264e-18 2.22904e-18 1.20211e-18 6.48191e-19 3.49461e-19 1.88379e-19 1.01533e-19 5.47168e-20 2.94833e-20 1.58846e-20 8.55692e-21 4.60898e-21 2.48221e-21 1.33666e-21 7.19696e-22 3.8746e-22 2.08572e-22 1.12262e-22 6.04178e-23 3.25124e-23 1.74939e-23 9.4119e-24 5.06319e-24 2.7235e-24 1.46482e-24 7.87775e-25 4.2362e-25 2.27777e-25 1.22462e-25 6.58348e-26 3.53891e-26 1.90215e-26 1.02231e-26 5.4939e-27 2.95218e-27 1.58624e-27 8.52235e-28 4.57841e-28 2.45943e-28 1.32106e-28 7.09534e-29 3.81059e-29 2.04635e-29 1.09884e-29 5.90005e-30 3.16772e-30 1.70062e-30 9.12926e-31 4.90044e-31 2.63029e-31 1.41171e-31 7.57628e-32 4.06573e-32 2.18169e-32 1.17063e-32 6.28085e-33 3.3697e-33 1.80774e-33 9.69739e-34
3.33684e-06 1.79214e-07 9.79018e-08 5.34528e-08 2.91689e-08 1.59093e-08 8.67305e-09 4.72596e-09 2.57403e-09 1.40136e-09 7.6262e-10 4.14851e-10 2.25585e-10 1.22622e-10 6.66298e-11 3.61926e-11 1.96529e-11 1.06683e-11 5.78928e-12 3.14068e-12 1.70332e-12 9.23518e-13 5.00582e-13 2.71262e-13 1.46957e-13 7.9594e-14 4.30988e-14 2.33317e-14 1.26278e-14 6.83299e-15 3.69657e-15 1.99937e-15 1.08118e-15 5.84541e-16 3.15969e-16 1.70762e-16 9.22692e-17 4.98473e-17 2.69246e-17 1.45405e-17 7.8512e-18 4.23858e-18 2.28788e-18 1.23474e-18 6.66272e-19 3.59468e-19 1.93912e-19 1.04588e-19 5.64029e-20 3.04129e-20 1.63966e-20 8.83877e-21 4.764e-21 2.56741e-21 1.38345e-21 7.45381e-22 4.01549e-22 2.16295e-22 1.16494e-22 6.27352e-23 3.37807e-23 1.81877e-23 9.79127e-24 5.27052e-24 2.83675e-24 1.52667e-24 8.21528e-25 4.42035e-25 2.3782e-25 1.27937e-25 6.88185e-26 3.70145e-26 1.99066e-26 1.0705e-26 5.75615e-27 3.09486e-27 1.66384e-27 8.9443e-28 4.80777e-28 2.58407e-28 1.38877e-28 7.46311e-29 4.01028e-29 2.15475e-29 1.15767e-29 6.21926e-30 3.34088e-30 1.79453e-30 9.63848e-31 5.17649e-31 2.77991e-31 1.49278e-31 8.0155e-32 4.30364e-32 2.31053e-32 1.24039e-32 6.65851e-33 3.57411e-33 1.91836e-33 1.02959e-33 5.52551e-34
1.76656e-06 9.62624e-08 5.26377e-08 2.87666e-08 1.57123e-08 8.5776e-09 4.68029e-09 2.55252e-09 1.39144e-09 7.5817e-10 4.12936e-10 2.24812e-10 1.22344e-10 6.65553e-11 3.61926e-11 1.96745e-11 1.06914e-11 5.80797e-12 3.15408e-12 1.71232e-12 9.29325e-13 5.04223e-13 2.73498e-13 1.48308e-13 8.04009e-14 4.35756e-14 2.36111e-14 1.27904e-14 6.92703e-15 3.75068e-15 2.03036e-15 1.09886e-15 5.94592e-16 3.21665e-16 1.73981e-16 9.40831e-17 5.08673e-17 2.74969e-17 1.4861e-17 8.03033e-18 4.33854e-18 2.34357e-18 1.26573e-18 6.83489e-19 3.69022e-19 1.99207e-19 1.0752e-19 5.80244e-20 3.13088e-20 1.68912e-20 9.11153e-21 4.91431e-21 2.65018e-21 1.42899e-21 7.7042e-22 4.15307e-22 2.2385e-22 1.2064e-22 6.50087e-23 3.50268e-23 1.88703e-23 1.0165e-23 5.47505e-24 2.94863e-24 1.58783e-24 8.54952e-25 4.60293e-25 2.47789e-25 1.33378e-25 7.17868e-26 3.86333e-26 2.07891e-26 1.11859e-26 6.01815e-27 3.23755e-27 1.74152e-27 9.36707e-28 5.03779e-28 2.70919e-28 1.4568e-28 7.83295e-29 4.21128e-29 2.26395e-29 1.21699e-29 6.54139e-30 3.51577e-30 1.88945e-30 1.01536e-30 5.45595e-31 2.93149e-31 1.57498e-31 8.46119e-32 4.54523e-32 2.44146e-32 1.31134e-32 7.04286e-33 3.78228e-33 2.0311e-33 1.09063e-33 5.85595e-34 3.14405e-34
9.35239e-07 5.16954e-08 2.8295e-08 1.54778e-08 8.46175e-09 4.62355e-09 2.52502e-09 1.37827e-09 7.51966e-10 4.10073e-10 2.23528e-10 1.21791e-10 6.6332e-11 3.61125e-11 1.96529e-11 1.06914e-11 5.81421e-12 3.16079e-12 1.71774e-12 9.33209e-13 5.06833e-13 2.75182e-13 1.49365e-13 8.10501e-14 4.39682e-14 2.38456e-14 1.2929e-14 7.00829e-15 3.79798e-15 2.05773e-15 1.11462e-15 6.0362e-16 3.26818e-16 1.76911e-16 9.57443e-17 5.18063e-17 2.80263e-17 1.51588e-17 8.19751e-18 4.43219e-18 2.39594e-18 1.29496e-18 6.99783e-19 3.78091e-19 2.04248e-19 1.10319e-19 5.9576e-20 3.21682e-20 1.73667e-20 9.37437e-21 5.05946e-21 2.73026e-21 1.47314e-21 7.94738e-22 4.28693e-22 2.31212e-22 1.24687e-22 6.72316e-23 3.62471e-23 1.95398e-23 1.05321e-23 5.67621e-24 3.05881e-24 1.64815e-24 8.87957e-25 4.78344e-25 2.57657e-25 1.3877e-25 7.4732e-26 4.02413e-26 2.16667e-26 1.16647e-26 6.27925e-27 3.37989e-27 1.8191e-27 9.78969e-28 5.26795e-28 2.8345e-28 1.525e-28 8.20405e-29 4.41315e-29 2.37373e-29 1.27667e-29 6.86575e-30 3.69202e-30 1.9852e-30 1.06736e-30 5.73829e-31 3.08476e-31 1.65816e-31 8.91251e-32 4.79007e-32 2.57425e-32 1.38334e-32 7.43322e-33 3.99387e-33 2.14576e-33 1.15276e-33 6.19252e-34 3.32634e-34 1.78664e-34
4.95126e-07 2.77562e-08 1.52066e-08 8.32598e-09 4.55598e-09 2.49163e-09 1.36192e-09 7.44032e-10 4.06273e-10 2.21736e-10 1.20964e-10 6.59608e-11 3.59526e-11 1.95883e-11 1.06683e-11 5.80797e-12 3.16079e-12 1.71955e-12 9.35155e-13 5.08404e-13 2.76309e-13 1.50122e-13 8.15391e-14 4.42751e-14 2.40342e-14 1.30431e-14 7.07646e-15 3.8383e-15 2.08138e-15 1.12839e-15 6.11591e-16 3.31408e-16 1.79542e-16 9.72468e-17 5.26611e-17 2.85111e-17 1.5433e-17 8.35215e-18 4.51921e-18 2.44481e-18 1.32235e-18 7.15102e-19 3.86646e-19 2.09018e-19 1.12975e-19 6.10529e-20 3.29884e-20 1.78216e-20 9.62644e-21 5.19898e-21 2.80741e-21 1.51576e-21 8.18262e-22 4.41666e-22 2.38361e-22 1.28623e-22 6.93975e-23 3.7438e-23 2.01942e-23 1.08915e-23 5.87344e-24 3.16699e-24 1.70745e-24 9.20452e-25 4.96139e-25 2.67397e-25 1.441e-25 7.76463e-26 4.18344e-26 2.25372e-26 1.21401e-26 6.53881e-27 3.52154e-27 1.89637e-27 1.02111e-27 5.4977e-28 2.95971e-28 1.59322e-28 8.57557e-29 4.61542e-29 2.48383e-29 1.33658e-29 7.19165e-30 3.86925e-30 2.08156e-30 1.11974e-30 6.02292e-31 3.23939e-31 1.74215e-31 9.3686e-32 5.03767e-32 2.70865e-32 1.45627e-32 7.8289e-33 4.2085e-33 2.26216e-33 1.21587e-33 6.53464e-34 3.51177e-34 1.88713e-34 1.01402e-34
2.62126e-07 1.48999e-08 8.17083e-09 4.47786e-09 2.4525e-09 1.34243e-09 7.34401e-10 4.01552e-10 2.19446e-10 1.19867e-10 6.54432e-11 3.57135e-11 1.9481e-11 1.0622e-11 5.78928e-12 3.15408e-12 1.71774e-12 9.35155e-13 5.08928e-13 2.76873e-13 1.50578e-13 8.18662e-14 4.44951e-14 2.41763e-14 1.31323e-14 7.13131e-15 3.87149e-15 2.10122e-15 1.14013e-15 6.18479e-16 3.35421e-16 1.81866e-16 9.85854e-17 5.34287e-17 2.89496e-17 1.56825e-17 8.49373e-18 4.5993e-18 2.49e-18 1.34779e-18 7.29394e-19 3.94659e-19 2.13502e-19 1.1548e-19 6.24503e-20 3.37667e-20 1.82546e-20 9.86695e-21 5.33244e-21 2.88138e-21 1.55672e-21 8.40918e-22 4.54186e-22 2.45274e-22 1.32437e-22 7.14999e-23 3.85961e-23 2.08316e-23 1.12421e-23 6.06618e-24 3.27287e-24 1.76558e-24 9.52348e-25 5.13631e-25 2.76985e-25 1.49352e-25 8.05222e-26 4.34083e-26 2.33982e-26 1.26109e-26 6.79616e-27 3.66215e-27 1.97317e-27 1.06303e-27 5.72649e-28 3.08452e-28 1.66128e-28 8.94663e-29 4.81765e-29 2.594e-29 1.39658e-29 7.51838e-30 4.0471e-30 2.17834e-30 1.17238e-30 6.30926e-31 3.39509e-31 1.82679e-31 9.82855e-32 5.28758e-32 2.84439e-32 1.52999e-32 8.22917e-33 4.42578e-33 2.38008e-33 1.27986e-33 6.88175e-34 3.70004e-34 1.98922e-34 1.06937e-34 5.74838e-35
1.38772e-07 7.99694e-09 4.38949e-09 2.40778e-09 1.3199e-09 7.23112e-10 3.95929e-10 2.16665e-10 1.18503e-10 6.47812e-11 3.53962e-11 1.93313e-11 1.05528e-11 5.7582e-12 3.14068e-12 1.71232e-12 9.33209e-13 5.08404e-13 2.76873e-13 1.5073e-13 8.203e-14 4.46275e-14 2.42713e-14 1.31963e-14 7.17262e-15 3.89744e-15 2.11718e-15 1.14979e-15 6.24256e-16 3.38841e-16 1.83873e-16 9.97552e-17 5.41065e-17 2.93401e-17 1.59066e-17 8.62175e-18 4.6722e-18 2.53137e-18 1.3712e-18 7.42611e-19 4.02102e-19 2.17685e-19 1.17826e-19 6.37634e-20 3.45006e-20 1.86641e-20 1.00951e-20 5.45942e-21 2.95195e-21 1.59589e-21 8.62637e-22 4.66216e-22 2.51931e-22 1.36117e-22 7.35326e-23 3.97179e-23 2.14502e-23 1.1583e-23 6.25386e-24 3.37614e-24 1.82237e-24 9.83555e-25 5.3077e-25 2.86392e-25 1.54513e-25 8.33519e-26 4.49591e-26 2.42476e-26 1.30759e-26 7.05065e-27 3.80135e-27 2.04928e-27 1.10463e-27 5.95375e-28 3.20863e-28 1.72904e-28 9.31638e-29 5.01935e-29 2.704e-29 1.45655e-29 7.84519e-30 4.22515e-30 2.27532e-30 1.22519e-30 6.5967e-31 3.55151e-31 1.91189e-31 1.02914e-31 5.53928e-32 2.98123e-32 1.60436e-32 8.63326e-33 4.6453e-33 2.49931e-33 1.3446e-33 7.23323e-34 3.89081e-34 2.09274e-34 1.12554e-34 6.05305e-35 3.25505e-35
7.34678e-08 4.29125e-09 2.35765e-09 1.29442e-09 7.1021e-10 3.89427e-10 2.13405e-10 1.16879e-10 6.39775e-11 3.50019e-11 1.91398e-11 1.0461e-11 5.71486e-12 3.12065e-12 1.70332e-12 9.29325e-13 5.06833e-13 2.76309e-13 1.50578e-13 8.203e-14 4.46716e-14 2.43189e-14 1.32347e-14 7.20025e-15 3.91604e-15 2.1292e-15 1.15734e-15 6.28904e-16 3.41656e-16 1.85557e-16 1.00752e-16 5.46919e-17 2.96814e-17 1.61044e-17 8.73578e-18 4.73764e-18 2.56878e-18 1.39251e-18 7.54708e-19 4.08951e-19 2.21552e-19 1.20004e-19 6.49882e-20 3.51878e-20 1.90489e-20 1.03103e-20 5.57951e-21 3.01889e-21 1.63315e-21 8.83353e-22 4.77719e-22 2.58311e-22 1.39652e-22 7.54895e-23 4.08001e-23 2.20482e-23 1.19131e-23 6.43596e-24 3.47652e-24 1.87766e-24 1.01399e-24 5.4751e-25 2.95594e-25 1.59568e-25 8.61278e-26 4.64824e-26 2.50831e-26 1.3534e-26 7.30161e-27 3.9388e-27 2.12452e-27 1.1458e-27 6.17892e-28 3.33173e-28 1.79632e-28 9.68391e-29 5.22006e-29 2.81357e-29 1.51634e-29 8.17136e-30 4.40302e-30 2.37229e-30 1.27804e-30 6.88463e-31 3.70834e-31 1.99728e-31 1.07563e-31 5.79226e-32 3.11887e-32 1.67923e-32 9.04041e-33 4.86665e-33 2.61962e-33 1.40998e-33 7.58843e-34 4.08374e-34 2.19752e-34 1.18243e-34 6.36185e-35 3.42264e-35 1.84123e-35
3.88947e-08 2.30232e-09 1.26609e-09 6.95746e-10 3.82071e-10 2.09679e-10 1.15e-10 6.30353e-11 3.45322e-11 1.89073e-11 1.03469e-11 5.65944e-12 3.09406e-12 1.69076e-12 9.23518e-13 5.04223e-13 2.75182e-13 1.50122e-13 8.18662e-14 4.46275e-14 2.43189e-14 1.32476e-14 7.21409e-15 3.92723e-15 2.13724e-15 1.16276e-15 6.32404e-16 3.43856e-16 1.86911e-16 1.01573e-16 5.51829e-17 2.99723e-17 1.62752e-17 8.83543e-18 4.79541e-18 2.60209e-18 1.41164e-18 7.65645e-19 4.15182e-19 2.25092e-19 1.22009e-19 6.61205e-20 3.58259e-20 1.94077e-20 1.05117e-20 5.69233e-21 3.08199e-21 1.66839e-21 9.02999e-22 4.88659e-22 2.64396e-22 1.43032e-22 7.73646e-23 4.18395e-23 2.26237e-23 1.22314e-23 6.61194e-24 3.5737e-24 1.93129e-24 1.04356e-24 5.63802e-25 3.04565e-25 1.64505e-25 8.88423e-26 4.79742e-26 2.59025e-26 1.39838e-26 7.5484e-27 4.07413e-27 2.19869e-27 1.18644e-27 6.40145e-28 3.45353e-28 1.86295e-28 1.00484e-28 5.41929e-29 2.92244e-29 1.57581e-29 8.49612e-30 4.5803e-30 2.46902e-30 1.33081e-30 7.17241e-31 3.86523e-31 2.08279e-31 1.12222e-31 6.04601e-32 3.25705e-32 1.75445e-32 9.44979e-33 5.0894e-33 2.74079e-33 1.47587e-33 7.9467e-34 4.27849e-34 2.30335e-34 1.23993e-34 6.67422e-35 3.59229e-35 1.93335e-35 1.04044e-35
2.05913e-08 1.23502e-09 6.7978e-10 3.73891e-10 2.05502e-10 1.12875e-10 6.19583e-11 3.3989e-11 1.86348e-11 1.0211e-11 5.59213e-12 3.06101e-12 1.6747e-12 9.15811e-13 5.00582e-13 2.73498e-13 1.49365e-13 8.15391e-14 4.44951e-14 2.42713e-14 1.32347e-14 7.21409e-15 3.93096e-15 2.14127e-15 1.16601e-15 6.34745e-16 3.45433e-16 1.87931e-16 1.02214e-16 5.55778e-17 3.02117e-17 1.64185e-17 8.92033e-18 4.8453e-18 2.6312e-18 1.42852e-18 7.75384e-19 4.20775e-19 2.28291e-19 1.23832e-19 6.71566e-20 3.64129e-20 1.97394e-20 1.06987e-20 5.79753e-21 3.14105e-21 1.70148e-21 9.21516e-22 4.99003e-22 2.70165e-22 1.46245e-22 7.91525e-23 4.28329e-23 2.31751e-23 1.25372e-23 6.78128e-24 3.66741e-24 1.9831e-24 1.07218e-24 5.79602e-25 3.1328e-25 1.69308e-25 9.14879e-26 4.94304e-26 2.67036e-26 1.44241e-26 7.79035e-27 4.20699e-27 2.27161e-27 1.22644e-27 6.62075e-28 3.57372e-28 1.92879e-28 1.04088e-28 5.61656e-29 3.03036e-29 1.63483e-29 8.81871e-30 4.75658e-30 2.56531e-30 1.38339e-30 7.45941e-31 4.02183e-31 2.16822e-31 1.1688e-31 6.29998e-32 3.39546e-32 1.82987e-32 9.86058e-33 5.31309e-33 2.86257e-33 1.54215e-33 8.30735e-34 4.47469e-34 2.41006e-34 1.29795e-34 6.98962e-35 3.7637e-35 2.02649e-35 1.09104e-35 5.87359e-36
1.09013e-08 6.62376e-10 3.64919e-10 2.0089e-10 1.10511e-10 6.07508e-11 3.33743e-11 1.83232e-11 1.00537e-11 5.51321e-12 3.02164e-12 1.6552e-12 9.06232e-13 4.95925e-13 2.71262e-13 1.48308e-13 8.10501e-14 4.42751e-14 2.41763e-14 1.31963e-14 7.20025e-15 3.92723e-15 2.14127e-15 1.1671e-15 6.35918e-16 3.46381e-16 1.88613e-16 1.02674e-16 5.58752e-17 3.03987e-17 1.65337e-17 8.99021e-18 4.88714e-18 2.65601e-18 1.4431e-18 7.83893e-19 4.25712e-19 2.3114e-19 1.25469e-19 6.80932e-20 3.69469e-20 2.00429e-20 1.08707e-20 5.89475e-21 3.19588e-21 1.73234e-21 9.38845e-22 5.08717e-22 2.75601e-22 1.49283e-22 8.08474e-23 4.37773e-23 2.37007e-23 1.28293e-23 6.94349e-24 3.75738e-24 2.03295e-24 1.09977e-24 5.94864e-25 3.21714e-25 1.73965e-25 9.40574e-26 5.08471e-26 2.74841e-26 1.48539e-26 8.02682e-27 4.33703e-27 2.34308e-27 1.2657e-27 6.83628e-28 3.69198e-28 1.99365e-28 1.07644e-28 5.81138e-29 3.13706e-29 1.69324e-29 9.13838e-30 4.93144e-30 2.66093e-30 1.43565e-30 7.74497e-31 4.1778e-31 2.25338e-31 1.21529e-31 6.55364e-32 3.53383e-32 1.90532e-32 1.02719e-32 5.53728e-33 2.98472e-33 1.60869e-33 8.66969e-34 4.67195e-34 2.51742e-34 1.35637e-34 7.30746e-35 3.93658e-35 2.12049e-35 1.14214e-35 6.15136e-36 3.31275e-36
5.77127e-09 3.55193e-10 1.95862e-10 1.07918e-10 5.94174e-11 3.26907e-11 1.79738e-11 9.87583e-12 5.42299e-12 2.9761e-12 1.63233e-12 8.94818e-13 4.90269e-13 2.68483e-13 1.46957e-13 8.04009e-14 4.39682e-14 2.40342e-14 1.31323e-14 7.17262e-15 3.91604e-15 2.13724e-15 1.16601e-15 6.35918e-16 3.46698e-16 1.88955e-16 1.0295e-16 5.60741e-17 3.05328e-17 1.66205e-17 9.04481e-18 4.92079e-18 2.67642e-18 1.45532e-18 7.91142e-19 4.29974e-19 2.33629e-19 1.26913e-19 6.8927e-20 3.74261e-20 2.03172e-20 1.10271e-20 5.9837e-21 3.24631e-21 1.76085e-21 9.5493e-22 5.17771e-22 2.80688e-22 1.52136e-22 8.24444e-23 4.467e-23 2.41989e-23 1.3107e-23 7.09807e-24 3.84333e-24 2.08069e-24 1.12626e-24 6.09544e-25 3.29843e-25 1.78462e-25 9.65434e-26 5.22202e-26 2.8242e-26 1.52719e-26 8.25718e-27 4.4639e-27 2.41292e-27 1.30411e-27 7.04748e-28 3.80802e-28 2.05738e-28 1.11141e-28 6.00328e-29 3.24229e-29 1.75092e-29 9.45435e-30 5.10447e-30 2.75564e-30 1.48747e-30 8.02843e-31 4.33279e-31 2.33809e-31 1.26157e-31 6.80641e-32 3.67184e-32 1.98065e-32 1.0683e-32 5.7615e-33 3.10699e-33 1.67535e-33 9.03298e-34 4.86989e-34 2.62525e-34 1.41509e-34 7.62714e-35 4.11058e-35 2.21518e-35 1.19366e-35 6.43156e-36 3.46512e-36 1.86675e-36
3.05538e-09 1.90438e-10 1.05107e-10 5.79636e-11 3.19407e-11 1.7588e-11 9.67792e-12 5.32181e-12 2.92455e-12 1.60619e-12 8.81614e-13 4.83636e-13 2.65171e-13 1.45315e-13 7.9594e-14 4.35756e-14 2.38456e-14 1.30431e-14 7.13131e-15 3.89744e-15 2.1292e-15 1.16276e-15 6.34745e-16 3.46381e-16 1.88955e-16 1.03043e-16 5.61737e-17 3.06135e-17 1.66786e-17 9.08395e-18 4.94613e-18 2.69236e-18 1.46515e-18 7.97108e-19 4.33549e-19 2.35749e-19 1.2816e-19 6.96554e-20 3.78489e-20 2.05614e-20 1.11675e-20 6.06408e-21 3.29217e-21 1.78693e-21 9.69722e-22 5.26138e-22 2.8541e-22 1.54794e-22 8.39384e-23 4.5508e-23 2.46682e-23 1.33694e-23 7.24458e-24 3.92502e-24 2.12618e-24 1.15156e-24 6.236e-25 3.37644e-25 1.82787e-25 9.89391e-26 5.3546e-26 2.89751e-26 1.56769e-26 8.4808e-27 4.58727e-27 2.48093e-27 1.34158e-27 7.25378e-28 3.92154e-28 2.1198e-28 1.14573e-28 6.19176e-29 3.34577e-29 1.80771e-29 9.76585e-30 5.27525e-30 2.84923e-30 1.53874e-30 8.30914e-31 4.48643e-31 2.42215e-31 1.30754e-31 7.05775e-32 3.8092e-32 2.0557e-32 1.10928e-32 5.98527e-33 3.22912e-33 1.74199e-33 9.39649e-34 5.06812e-34 2.73332e-34 1.47399e-34 7.94806e-35 4.28539e-35 2.31038e-35 1.24549e-35 6.7137e-36 3.61866e-36 1.95029e-36 1.05103e-36
1.61755e-09 1.02088e-10 5.63949e-11 3.11274e-11 1.71672e-11 9.46079e-12 5.21006e-12 2.86721e-12 1.57686e-12 8.6667e-13 4.76052e-13 2.6134e-13 1.4339e-13 7.86325e-14 4.30988e-14 2.36111e-14 1.2929e-14 7.07646e-15 3.87149e-15 2.11718e-15 1.15734e-15 6.32404e-16 3.45433e-16 1.88613e-16 1.0295e-16 5.61737e-17 3.06404e-17 1.67076e-17 9.10749e-18 4.96307e-18 2.7038e-18 1.47256e-18 8.01769e-19 4.36423e-19 2.37493e-19 1.29206e-19 7.02758e-20 3.8214e-20 2.07747e-20 1.12914e-20 6.13564e-21 3.33331e-21 1.8105e-21 9.83172e-22 5.3379e-22 2.89751e-22 1.5725e-22 8.53249e-23 4.6289e-23 2.51072e-23 1.36158e-23 7.38258e-24 4.0022e-24 2.16928e-24 1.1756e-24 6.36991e-25 3.45094e-25 1.86927e-25 1.01238e-25 5.48208e-26 2.96814e-26 1.60679e-26 8.69707e-27 4.7068e-27 2.54694e-27 1.37801e-27 7.45466e-28 4.03224e-28 2.18077e-28 1.17928e-28 6.37636e-29 3.44726e-29 1.86347e-29 1.00721e-29 5.44337e-30 2.94147e-30 1.58933e-30 8.58643e-31 4.63837e-31 2.50536e-31 1.3531e-31 7.30709e-32 3.94561e-32 2.13029e-32 1.15006e-32 6.20812e-33 3.35086e-33 1.80847e-33 9.75947e-34 5.26623e-34 2.84141e-34 1.53295e-34 8.26958e-35 4.46068e-35 2.40591e-35 1.29754e-35 6.99725e-36 3.77308e-36 2.03437e-36 1.0968e-36 5.91274e-37
8.56351e-10 5.47176e-11 3.02538e-11 1.67131e-11 9.22527e-12 5.08818e-12 2.80429e-12 1.54447e-12 8.50042e-13 4.67545e-13 2.57003e-13 1.41188e-13 7.752e-14 4.25396e-14 2.33317e-14 1.27904e-14 7.00829e-15 3.8383e-15 2.10122e-15 1.14979e-15 6.28904e-16 3.43856e-16 1.87931e-16 1.02674e-16 5.60741e-17 3.06135e-17 1.67076e-17 9.11534e-18 4.97156e-18 2.71067e-18 1.47751e-18 8.05109e-19 4.38588e-19 2.38856e-19 1.30047e-19 7.07863e-20 3.85201e-20 2.09564e-20 1.13983e-20 6.19813e-21 3.36961e-21 1.83148e-21 9.95239e-22 5.40704e-22 2.93698e-22 1.59497e-22 8.65995e-23 4.70104e-23 2.55146e-23 1.38453e-23 7.51164e-24 4.07464e-24 2.20987e-24 1.19831e-24 6.49678e-25 3.52172e-25 1.90871e-25 1.03432e-25 5.60409e-26 3.03589e-26 1.64438e-26 8.90539e-27 4.82215e-27 2.61076e-27 1.41329e-27 7.64956e-28 4.13983e-28 2.24012e-28 1.212e-28 6.55659e-29 3.54649e-29 1.91807e-29 1.03724e-29 5.6084e-30 3.03214e-30 1.63911e-30 8.85965e-31 4.78824e-31 2.58754e-31 1.39814e-31 7.55385e-32 4.08074e-32 2.20427e-32 1.19054e-32 6.42955e-33 3.47195e-33 1.87466e-33 1.01212e-33 5.46381e-34 2.94931e-34 1.59186e-34 8.59107e-35 4.63608e-35 2.50159e-35 1.34972e-35 7.28168e-36 3.9281e-36 2.11883e-36 1.14281e-36 6.16333e-37 3.3237e-37
4.53363e-10 2.93235e-11 1.62275e-11 8.97229e-12 4.95663e-12 2.73604e-12 1.50913e-12 8.31795e-13 4.58147e-13 2.52178e-13 1.38719e-13 7.62605e-14 4.19e-14 2.30084e-14 1.26278e-14 6.92703e-15 3.79798e-15 2.08138e-15 1.14013e-15 6.24256e-16 3.41656e-16 1.86911e-16 1.02214e-16 5.58752e-17 3.05328e-17 1.66786e-17 9.10749e-18 4.97156e-18 2.71296e-18 1.47999e-18 8.07118e-19 4.40034e-19 2.39833e-19 1.3068e-19 7.11852e-20 3.87662e-20 2.11059e-20 1.14879e-20 6.25135e-21 3.40095e-21 1.8498e-21 1.00588e-21 5.46857e-22 2.97238e-22 1.61526e-22 8.77584e-23 4.76701e-23 2.58891e-23 1.40573e-23 7.63138e-24 4.14213e-24 2.24783e-24 1.21962e-24 6.61624e-25 3.58857e-25 1.94607e-25 1.05517e-25 5.72028e-26 3.10057e-26 1.68035e-26 9.10518e-27 4.93302e-27 2.67222e-27 1.44734e-27 7.83798e-28 4.24403e-28 2.29769e-28 1.24379e-28 6.73199e-29 3.64321e-29 1.97137e-29 1.06659e-29 5.76996e-30 3.121e-30 1.68797e-30 9.12813e-31 4.9357e-31 2.66849e-31 1.44256e-31 7.79747e-32 4.2143e-32 2.27746e-32 1.23063e-32 6.64909e-33 3.59211e-33 1.94041e-33 1.04808e-33 5.66044e-34 3.05678e-34 1.65058e-34 8.91186e-35 4.81126e-35 2.59722e-35 1.40191e-35 7.56643e-36 4.08342e-36 2.20353e-36 1.18898e-36 6.41499e-37 3.46082e-37 1.86692e-37
2.40015e-10 1.57123e-11 8.7028e-12 4.81593e-12 2.66271e-12 1.47099e-12 8.11997e-13 4.47894e-13 2.46881e-13 1.3599e-13 7.48589e-14 4.11824e-14 2.26424e-14 1.24418e-14 6.83299e-15 3.75068e-15 2.05773e-15 1.12839e-15 6.18479e-16 3.38841e-16 1.85557e-16 1.01573e-16 5.55778e-17 3.03987e-17 1.66205e-17 9.08395e-18 4.96307e-18 2.71067e-18 1.47999e-18 8.07789e-19 4.40759e-19 2.40421e-19 1.31103e-19 7.1471e-20 3.89515e-20 2.12226e-20 1.156e-20 6.29514e-21 3.42722e-21 1.8654e-21 1.01507e-21 5.52231e-22 3.00361e-22 1.63332e-22 8.87978e-23 4.8266e-23 2.62295e-23 1.42511e-23 7.74143e-24 4.20445e-24 2.28304e-24 1.23948e-24 6.72794e-25 3.6513e-25 1.98124e-25 1.07486e-25 5.83033e-26 3.16201e-26 1.7146e-26 9.29589e-27 5.0391e-27 2.73116e-27 1.48005e-27 8.0194e-28 4.34454e-28 2.35334e-28 1.27457e-28 6.90211e-29 3.73717e-29 2.02323e-29 1.09519e-29 5.92761e-30 3.20785e-30 1.73578e-30 9.39122e-31 5.08039e-31 2.74802e-31 1.48625e-31 8.03738e-32 4.34598e-32 2.3497e-32 1.27025e-32 6.86623e-33 3.71109e-33 2.00557e-33 1.08376e-33 5.85571e-34 3.16361e-34 1.70901e-34 9.23131e-35 4.98585e-35 2.69262e-35 1.45401e-35 7.85096e-36 4.23874e-36 2.28829e-36 1.23523e-36 6.66723e-37 3.59837e-37 1.94191e-37 1.04789e-37
1.27067e-10 8.41786e-12 4.66661e-12 2.58458e-12 1.43018e-12 7.90724e-13 4.36826e-13 2.41134e-13 1.33013e-13 7.33204e-14 4.03895e-14 2.22349e-14 1.22332e-14 6.72652e-15 3.69657e-15 2.03036e-15 1.11462e-15 6.11591e-16 3.35421e-16 1.83873e-16 1.00752e-16 5.51829e-17 3.02117e-17 1.65337e-17 9.04481e-18 4.94613e-18 2.7038e-18 1.47751e-18 8.07118e-19 4.40759e-19 2.40617e-19 1.31315e-19 7.16429e-20 3.90754e-20 2.13063e-20 1.16143e-20 6.32935e-21 3.44834e-21 1.87823e-21 1.02278e-21 5.56806e-22 3.03057e-22 1.64909e-22 8.97146e-23 4.87962e-23 2.65347e-23 1.44262e-23 7.84147e-24 4.26143e-24 2.3154e-24 1.25781e-24 6.83154e-25 3.70972e-25 2.01412e-25 1.09333e-25 5.93393e-26 3.22001e-26 1.74703e-26 9.47699e-27 5.14008e-27 2.78741e-27 1.51135e-27 8.19333e-28 4.44111e-28 2.4069e-28 1.30426e-28 7.0665e-29 3.82812e-29 2.07351e-29 1.12297e-29 6.08098e-30 3.29246e-30 1.78243e-30 9.64827e-31 5.22194e-31 2.82593e-31 1.52911e-31 8.273e-32 4.47546e-32 2.42081e-32 1.30929e-32 7.08048e-33 3.82861e-33 2.07001e-33 1.11907e-33 6.04918e-34 3.26957e-34 1.76701e-34 9.54873e-35 5.1595e-35 2.78758e-35 1.50593e-35 8.13469e-36 4.39376e-36 2.37296e-36 1.28146e-36 6.9196e-37 3.73609e-37 2.01704e-37 1.08887e-37 5.87758e-38
6.72708e-11 4.50924e-12 2.50196e-12 1.38687e-12 7.68056e-13 4.24982e-13 2.34958e-13 1.29798e-13 7.16507e-14 3.95242e-14 2.17877e-14 1.20026e-14 6.60801e-15 3.63585e-15 1.99937e-15 1.09886e-15 6.0362e-16 3.31408e-16 1.81866e-16 9.97552e-17 5.46919e-17 2.99723e-17 1.64185e-17 8.99021e-18 4.92079e-18 2.69236e-18 1.47256e-18 8.05109e-19 4.40034e-19 2.40421e-19 1.31315e-19 7.17003e-20 3.91374e-20 2.13566e-20 1.16506e-20 6.35386e-21 3.46424e-21 1.88826e-21 1.02897e-21 5.6057e-22 3.05317e-22 1.66251e-22 9.05058e-23 4.92591e-23 2.6804e-23 1.45819e-23 7.93118e-24 4.31289e-24 2.34482e-24 1.27456e-24 6.92673e-25 3.76367e-25 2.04461e-25 1.11053e-25 6.03076e-26 3.27442e-26 1.77755e-26 9.64795e-27 5.2357e-27 2.84082e-27 1.54114e-27 8.3593e-28 4.53348e-28 2.45825e-28 1.33277e-28 7.22472e-29 3.91583e-29 2.12209e-29 1.14986e-29 6.22966e-30 3.37463e-30 1.8278e-30 9.89865e-31 5.36002e-31 2.90203e-31 1.57103e-31 8.50378e-32 4.60244e-32 2.49065e-32 1.34767e-32 7.29136e-33 3.94441e-33 2.13357e-33 1.15394e-33 6.24044e-34 3.37442e-34 1.82447e-34 9.86345e-35 5.33184e-35 2.88191e-35 1.55755e-35 8.41704e-36 4.54816e-36 2.45736e-36 1.32759e-36 7.17159e-37 3.87372e-37 2.09219e-37 1.12989e-37 6.10142e-38 3.2945e-38
3.56139e-11 2.41515e-12 1.34122e-12 7.44078e-13 4.12409e-13 2.28375e-13 1.26358e-13 6.98559e-14 3.85898e-14 2.13022e-14 1.1751e-14 6.47788e-15 3.56875e-15 1.96487e-15 1.08118e-15 5.94592e-16 3.26818e-16 1.79542e-16 9.85854e-17 5.41065e-17 2.96814e-17 1.62752e-17 8.92033e-18 4.88714e-18 2.67642e-18 1.46515e-18 8.01769e-19 4.38588e-19 2.39833e-19 1.31103e-19 7.16429e-20 3.91374e-20 2.13734e-20 1.16687e-20 6.3686e-21 3.47487e-21 1.89545e-21 1.03363e-21 5.63511e-22 3.07133e-22 1.67356e-22 9.1169e-23 4.96533e-23 2.70363e-23 1.47179e-23 8.01028e-24 4.35867e-24 2.37119e-24 1.2897e-24 7.01324e-25 3.81297e-25 2.07263e-25 1.12641e-25 6.12055e-26 3.32509e-26 1.80608e-26 9.8083e-27 5.32568e-27 2.89122e-27 1.56934e-27 8.51685e-28 4.62138e-28 2.50724e-28 1.36004e-28 7.37636e-29 4.00006e-29 2.16884e-29 1.17578e-29 6.37327e-30 3.45413e-30 1.87178e-30 1.01417e-30 5.49428e-31 2.97614e-31 1.61191e-31 8.72916e-32 4.72661e-32 2.55902e-32 1.38531e-32 7.49837e-33 4.05822e-33 2.19612e-33 1.1883e-33 6.42905e-34 3.47792e-34 1.88125e-34 1.01748e-34 5.50249e-35 2.97542e-35 1.60876e-35 8.69745e-36 4.70163e-36 2.54133e-36 1.37351e-36 7.42272e-37 4.01099e-37 2.1672e-37 1.17087e-37 6.32522e-38 3.41669e-38 1.84542e-38
