0.608597 0.0190417 0.0147053 0.0113564 0.00877019 0.00677294 0.00523052 0.00403936 0.00311947 0.00240907 0.00186045 0.00143676 0.00110957 0.000856883 0.000661743 0.000511043 0.000394662 0.000304785 0.000235376 0.000181773 0.000140378 0.000108409 8.37209e-05 6.4655e-05 4.9931e-05 3.85601e-05 2.97787e-05 2.29972e-05 1.776e-05 1.37155e-05 1.0592e-05 8.17987e-06 6.31705e-06 4.87846e-06 3.76748e-06 2.9095e-06 2.24692e-06 1.73522e-06 1.34006e-06 1.03488e-06 7.99207e-07 6.17202e-07 4.76645e-07 3.68098e-07 2.8427e-07 2.19533e-07 1.69538e-07 1.30929e-07 1.01112e-07 7.80857e-08 6.03031e-08 4.65702e-08 3.59647e-08 2.77744e-08 2.14492e-08 1.65646e-08 1.27923e-08 9.87907e-09 7.62929e-09 5.89186e-09 4.55009e-09 3.51389e-09 2.71367e-09 2.09568e-09 1.61843e-09 1.24986e-09 9.65225e-10 7.45413e-10 5.75658e-10 4.44563e-10 3.43322e-10 2.65136e-10 2.04756e-10 1.58127e-10 1.22116e-10 9.43064e-11 7.28298e-11 5.62442e-11 4.34356e-11 3.35439e-11 2.59049e-11 2.00055e-11 1.54496e-11 1.19312e-11 9.21412e-12 7.11577e-12 5.49528e-12 4.24383e-12 3.27738e-12 2.53101e-12 1.95462e-12 1.50949e-12 1.16573e-12 9.00257e-13 6.9524e-13 5.36911e-13 4.14639e-13 3.20213e-13 2.4729e-13 1.90974e-13 1.47483e-13
0.0190417 0.00578594 0.00475242 0.00388956 0.00317323 0.00258144 0.00209463 0.00169566 0.00136977 0.00110438 0.000888822 0.000714169 0.000572968 0.00045904 0.000367288 0.000293519 0.0002343 0.000186831 0.000148832 0.00011845 9.41874e-05 7.48325e-05 5.94083e-05 4.71283e-05 3.73604e-05 2.95973e-05 2.34324e-05 1.85404e-05 1.46613e-05 1.15875e-05 9.15327e-06 7.22683e-06 5.7031e-06 4.49858e-06 3.5469e-06 2.79537e-06 2.20219e-06 1.73421e-06 1.36516e-06 1.07427e-06 8.45064e-07 6.64541e-07 5.22413e-07 4.10555e-07 3.22551e-07 2.53337e-07 1.9892e-07 1.56149e-07 1.22543e-07 9.61444e-08 7.54144e-08 5.91399e-08 4.63667e-08 3.63442e-08 2.84819e-08 2.23157e-08 1.74809e-08 1.36908e-08 1.07204e-08 8.39282e-09 6.56942e-09 5.14125e-09 4.02285e-09 3.14721e-09 2.46176e-09 1.92529e-09 1.50549e-09 1.17704e-09 9.20114e-10 7.19164e-10 5.62021e-10 4.39153e-10 3.431e-10 2.6802e-10 2.09343e-10 1.63491e-10 1.27666e-10 9.96791e-11 7.78182e-11 6.07446e-11 4.74116e-11 3.7001e-11 2.88732e-11 2.25284e-11 1.7576e-11 1.37109e-11 1.06946e-11 8.34111e-12 6.5049e-12 5.07243e-12 3.95504e-12 3.08351e-12 2.40382e-12 1.87379e-12 1.4605e-12 1.13827e-12 8.87062e-13 6.91236e-13 5.38598e-13 4.19632e-13 3.26918e-13
0.0147053 0.00475242 0.00397589 0.00331081 0.00274573 0.00226885 0.00186872 0.00153468 0.00125703 0.00102715 0.000837472 0.000681453 0.000553477 0.000448767 0.000363292 0.000293664 0.000237056 0.000191114 0.000153891 0.000123778 9.9452e-05 7.98265e-05 6.40133e-05 5.12866e-05 4.10552e-05 3.28384e-05 2.6246e-05 2.09617e-05 1.67297e-05 1.33432e-05 1.06355e-05 8.47208e-06 6.74481e-06 5.36669e-06 4.26786e-06 3.39227e-06 2.69498e-06 2.13999e-06 1.69852e-06 1.34752e-06 1.0686e-06 8.47067e-07 6.71191e-07 5.31626e-07 4.20926e-07 3.33156e-07 2.63595e-07 2.08488e-07 1.64847e-07 1.303e-07 1.02961e-07 8.13334e-08 6.42303e-08 5.07092e-08 4.00235e-08 3.1581e-08 2.49128e-08 1.96476e-08 1.54913e-08 1.22113e-08 9.62355e-09 7.58241e-09 5.97286e-09 4.70394e-09 3.70381e-09 2.91572e-09 2.29485e-09 1.80582e-09 1.42073e-09 1.11755e-09 8.78899e-10 6.91088e-10 5.43313e-10 4.27062e-10 3.35628e-10 2.63725e-10 2.07193e-10 1.62752e-10 1.27824e-10 1.00376e-10 7.881e-11 6.18684e-11 4.85616e-11 3.81114e-11 2.99059e-11 2.34638e-11 1.84069e-11 1.4438e-11 1.13233e-11 8.87947e-12 6.96218e-12 5.45821e-12 4.2786e-12 3.35353e-12 2.62816e-12 2.05944e-12 1.61361e-12 1.26416e-12 9.90271e-13 7.75641e-13 6.07464e-13
0.0113564 0.00388956 0.00331081 0.00280178 0.00235901 0.00197736 0.00165093 0.00137352 0.00113911 0.000942 0.000776966 0.00063932 0.000524909 0.000430105 0.000351768 0.000287201 0.000234108 0.000190543 0.000154867 0.000125704 0.000101907 8.25179e-05 6.67441e-05 5.3929e-05 4.35313e-05 3.51053e-05 2.82849e-05 2.27701e-05 1.83157e-05 1.47212e-05 1.18234e-05 9.48927e-06 7.61074e-06 6.1001e-06 4.88624e-06 3.91156e-06 3.12949e-06 2.50239e-06 1.99987e-06 1.59744e-06 1.27534e-06 1.0177e-06 8.11728e-07 6.47148e-07 5.1571e-07 4.10794e-07 3.27087e-07 2.60333e-07 2.07122e-07 1.64725e-07 1.30959e-07 1.04077e-07 8.2685e-08 6.56677e-08 5.21357e-08 4.1379e-08 3.28314e-08 2.60417e-08 2.065e-08 1.63699e-08 1.29733e-08 1.02786e-08 8.14152e-09 6.44706e-09 5.10396e-09 4.03966e-09 3.19651e-09 2.52874e-09 2.00001e-09 1.58147e-09 1.25023e-09 9.88161e-10 7.80857e-10 6.16913e-10 4.8729e-10 3.84825e-10 3.03847e-10 2.39862e-10 1.89315e-10 1.49393e-10 1.17867e-10 9.29779e-11 7.33314e-11 5.78263e-11 4.55918e-11 3.59398e-11 2.83266e-11 2.23225e-11 1.75883e-11 1.38559e-11 1.0914e-11 8.59536e-12 6.76833e-12 5.32888e-12 4.19496e-12 3.30187e-12 2.59855e-12 2.04476e-12 1.60878e-12 1.26559e-12 9.95487e-13
0.00877019 0.00317323 0.00274573 0.00235901 0.0020144 0.001711 0.00144652 0.00121785 0.00102154 0.000854009 0.000711799 0.000591638 0.000490524 0.00040575 0.00033491 0.000275892 0.000226856 0.000186215 0.000152611 0.000124882 0.000102048 8.32777e-05 6.78748e-05 5.52551e-05 4.49311e-05 3.64971e-05 2.96161e-05 2.40092e-05 1.94459e-05 1.5736e-05 1.27232e-05 1.02789e-05 8.29784e-06 6.6936e-06 5.39567e-06 4.34645e-06 3.49895e-06 2.81491e-06 2.26322e-06 1.81858e-06 1.46047e-06 1.17223e-06 9.40376e-07 7.53993e-07 6.0425e-07 4.84012e-07 3.87519e-07 3.10121e-07 2.48073e-07 1.98354e-07 1.58534e-07 1.26657e-07 1.0115e-07 8.07482e-08 6.44377e-08 5.14032e-08 4.09908e-08 3.26763e-08 2.60395e-08 2.0744e-08 1.652e-08 1.31521e-08 1.04676e-08 8.32853e-09 6.62467e-09 5.26789e-09 4.18782e-09 3.32829e-09 2.64447e-09 2.10059e-09 1.66815e-09 1.3244e-09 1.05123e-09 8.34205e-10 6.61828e-10 5.24949e-10 4.16285e-10 3.30041e-10 2.61608e-10 2.07321e-10 1.64264e-10 1.30122e-10 1.03056e-10 8.1604e-11 6.46047e-11 5.11367e-11 4.04688e-11 3.20205e-11 2.53312e-11 2.00358e-11 1.58446e-11 1.2528e-11 9.90393e-12 7.82818e-12 6.18647e-12 4.88827e-12 3.86187e-12 3.05051e-12 2.40924e-12 1.90249e-12 1.5021e-12
0.00677294 0.00258144 0.00226885 0.00197736 0.001711 0.00147138 0.00125849 0.00107128 0.000908065 0.000766794 0.000645284 0.00054134 0.000452852 0.000377843 0.000314502 0.0002612 0.000216485 0.000179081 0.000147875 0.000121902 0.000100333 8.24585e-05 6.76735e-05 5.54662e-05 4.54041e-05 3.71232e-05 3.03185e-05 2.47344e-05 2.01582e-05 1.64127e-05 1.33506e-05 1.08501e-05 8.81035e-06 7.1482e-06 5.79506e-06 4.6945e-06 3.80018e-06 3.07407e-06 2.48501e-06 2.00752e-06 1.62075e-06 1.3077e-06 1.05449e-06 8.49829e-07 6.8451e-07 5.51055e-07 4.43388e-07 3.56578e-07 2.86624e-07 2.30285e-07 1.84934e-07 1.48448e-07 1.19108e-07 9.55264e-08 7.6582e-08 6.13698e-08 4.916e-08 3.93644e-08 3.15089e-08 2.52118e-08 2.0166e-08 1.61245e-08 1.28886e-08 1.02986e-08 8.22648e-09 6.56917e-09 5.24413e-09 4.18508e-09 3.33892e-09 2.66307e-09 2.12341e-09 1.69265e-09 1.3489e-09 1.07468e-09 8.55975e-10 6.81606e-10 5.42621e-10 4.31869e-10 3.43639e-10 2.73369e-10 2.17418e-10 1.72879e-10 1.37433e-10 1.0923e-10 8.67961e-11 6.8955e-11 5.47697e-11 4.34936e-11 3.4532e-11 2.74115e-11 2.1755e-11 1.72623e-11 1.36949e-11 1.08627e-11 8.61461e-12 6.83055e-12 5.415e-12 4.29206e-12 3.4014e-12 2.6951e-12 2.13511e-12
0.00523052 0.00209463 0.00186872 0.00165093 0.00144652 0.00125849 0.00108821 0.000935926 0.000801129 0.000682838 0.000579792 0.000490598 0.000413819 0.000348052 0.000291963 0.000244314 0.000203978 0.000169944 0.00014131 0.000117284 9.71758e-05 8.03843e-05 6.63926e-05 5.47571e-05 4.50989e-05 3.70961e-05 3.04758e-05 2.50077e-05 2.04977e-05 1.67831e-05 1.37277e-05 1.12176e-05 9.15786e-06 7.46964e-06 6.08739e-06 4.95682e-06 4.033e-06 3.27885e-06 2.66375e-06 2.16249e-06 1.75435e-06 1.4223e-06 1.15235e-06 9.33053e-07 7.55036e-07 6.10626e-07 4.93556e-07 3.98711e-07 3.21921e-07 2.59785e-07 2.09537e-07 1.68925e-07 1.3612e-07 1.09635e-07 8.82627e-08 7.10258e-08 5.71305e-08 4.59345e-08 3.69176e-08 2.96588e-08 2.38181e-08 1.91203e-08 1.53434e-08 1.23081e-08 9.8698e-09 7.91179e-09 6.34007e-09 5.0789e-09 4.06728e-09 3.25613e-09 2.60594e-09 2.08494e-09 1.66761e-09 1.33343e-09 1.06591e-09 8.51818e-10 6.80542e-10 5.43558e-10 4.34032e-10 3.46485e-10 2.76527e-10 2.20638e-10 1.76001e-10 1.40361e-10 1.11912e-10 8.92076e-11 7.10933e-11 5.66445e-11 4.51222e-11 3.59359e-11 2.86136e-11 2.27786e-11 1.81296e-11 1.44266e-11 1.14776e-11 9.12958e-12 7.26051e-12 5.77298e-12 4.58934e-12 3.64771e-12 2.89875e-12
0.00403936 0.00169566 0.00153468 0.00137352 0.00121785 0.00107128 0.000935926 0.000812802 0.000702167 0.000603757 0.000516963 0.000440971 0.000374856 0.000317653 0.000268402 0.000226185 0.000190138 0.000159471 0.000133465 0.000111477 9.29381e-05 7.73459e-05 6.4263e-05 5.33096e-05 4.41578e-05 3.65259e-05 3.01727e-05 2.4893e-05 2.05124e-05 1.68832e-05 1.38809e-05 1.14004e-05 9.35371e-06 7.66705e-06 6.27869e-06 5.13715e-06 4.19954e-06 3.43022e-06 2.7996e-06 2.28316e-06 1.8606e-06 1.51516e-06 1.233e-06 1.00271e-06 8.14902e-07 6.61854e-07 5.37221e-07 4.35799e-07 3.53322e-07 2.86293e-07 2.31855e-07 1.87669e-07 1.51826e-07 1.22767e-07 9.92213e-08 8.01536e-08 6.47203e-08 5.22351e-08 4.21399e-08 3.39812e-08 2.73906e-08 2.20692e-08 1.77746e-08 1.43101e-08 1.15164e-08 9.26474e-09 7.45057e-09 5.9895e-09 4.81327e-09 3.86671e-09 3.10526e-09 2.49293e-09 2.00071e-09 1.60517e-09 1.28743e-09 1.03227e-09 8.2744e-10 6.63058e-10 5.31181e-10 4.25414e-10 3.40613e-10 2.72642e-10 2.18178e-10 1.74547e-10 1.39606e-10 1.11632e-10 8.92405e-11 7.13232e-11 5.69896e-11 4.55258e-11 3.63597e-11 2.90324e-11 2.31765e-11 1.84977e-11 1.47602e-11 1.17754e-11 9.39217e-12 7.48974e-12 5.97144e-12 4.75997e-12 3.79352e-12
0.00311947 0.00136977 0.00125703 0.00113911 0.00102154 0.000908065 0.000801129 0.000702167 0.000611898 0.000530517 0.000457865 0.00039354 0.000336993 0.000287592 0.000244669 0.000207555 0.000175605 0.000148208 0.000124798 0.000104861 8.79325e-05 7.35978e-05 6.14907e-05 5.12892e-05 4.27123e-05 3.55164e-05 2.94906e-05 2.4454e-05 2.02514e-05 1.67504e-05 1.38383e-05 1.14197e-05 9.41355e-06 7.75183e-06 6.37711e-06 5.24118e-06 4.30364e-06 3.53068e-06 2.89408e-06 2.37031e-06 1.93979e-06 1.58625e-06 1.29619e-06 1.05841e-06 8.63643e-07 7.04245e-07 5.73892e-07 4.67371e-07 3.80387e-07 3.09408e-07 2.51527e-07 2.04359e-07 1.65945e-07 1.34679e-07 1.09248e-07 8.8574e-08 7.17768e-08 5.81371e-08 4.70672e-08 3.80877e-08 3.08075e-08 2.4908e-08 2.01296e-08 1.62612e-08 1.31308e-08 1.05988e-08 8.55173e-09 6.8974e-09 5.56102e-09 4.48193e-09 3.61094e-09 2.90819e-09 2.3414e-09 1.88444e-09 1.51617e-09 1.21947e-09 9.80519e-10 7.88145e-10 6.33321e-10 5.08758e-10 4.08573e-10 3.28023e-10 2.63278e-10 2.11253e-10 1.69462e-10 1.35902e-10 1.08959e-10 8.73349e-11 6.99844e-11 5.60668e-11 4.49057e-11 3.59578e-11 2.87858e-11 2.3039e-11 1.84351e-11 1.47479e-11 1.17955e-11 9.43203e-12 7.54049e-12 6.027e-12 4.81626e-12
0.00240907 0.00110438 0.00102715 0.000942 0.000854009 0.000766794 0.000682838 0.000603757 0.000530517 0.000463599 0.000403133 0.000349008 0.000300942 0.000258552 0.000221393 0.000188994 0.00016088 0.000136588 0.000115681 9.77503e-05 8.24225e-05 6.93588e-05 5.82555e-05 4.88424e-05 4.08813e-05 3.41633e-05 2.85059e-05 2.37512e-05 1.97623e-05 1.64219e-05 1.3629e-05 1.12976e-05 9.35431e-06 7.73677e-06 6.39219e-06 5.27594e-06 4.35037e-06 3.58382e-06 2.94966e-06 2.42561e-06 1.99298e-06 1.63618e-06 1.34221e-06 1.10021e-06 9.01184e-07 7.37633e-07 6.03347e-07 4.93176e-07 4.0286e-07 3.28875e-07 2.68312e-07 2.18772e-07 1.78274e-07 1.45191e-07 1.18182e-07 9.6146e-08 7.81777e-08 6.3535e-08 5.16092e-08 4.19015e-08 3.40038e-08 2.75818e-08 2.23626e-08 1.8123e-08 1.46808e-08 1.18874e-08 9.62151e-09 7.78439e-09 6.29556e-09 5.0895e-09 4.11293e-09 3.32251e-09 2.68302e-09 2.16583e-09 1.74773e-09 1.40986e-09 1.13692e-09 9.16515e-10 7.38601e-10 5.95033e-10 4.79223e-10 3.85834e-10 3.1055e-10 2.49882e-10 2.01008e-10 1.61646e-10 1.29956e-10 1.0445e-10 8.39266e-11 6.7418e-11 5.41425e-11 4.34699e-11 3.48922e-11 2.80001e-11 2.24638e-11 1.80178e-11 1.44483e-11 1.15832e-11 9.28412e-12 7.43966e-12 5.9603e-12
0.00186045 0.000888822 0.000837472 0.000776966 0.000711799 0.000645284 0.000579792 0.000516963 0.000457865 0.000403133 0.000353082 0.000307789 0.000267163 0.000231003 0.000199029 0.000170923 0.000146345 0.000124952 0.00010641 9.04009e-05 7.66265e-05 6.4813e-05 5.47113e-05 4.6097e-05 3.87699e-05 3.25524e-05 2.72882e-05 2.28405e-05 1.90901e-05 1.59334e-05 1.32812e-05 1.10565e-05 9.19329e-06 7.63523e-06 6.33417e-06 5.2492e-06 4.34561e-06 3.594e-06 2.96956e-06 2.45135e-06 2.02178e-06 1.66606e-06 1.37178e-06 1.12858e-06 9.27774e-07 7.62123e-07 6.25592e-07 5.13157e-07 4.2064e-07 3.44573e-07 2.82078e-07 2.30773e-07 1.88683e-07 1.54178e-07 1.2591e-07 1.02767e-07 8.38308e-08 6.83474e-08 5.56945e-08 4.53607e-08 3.69259e-08 3.00448e-08 2.44344e-08 1.98624e-08 1.61385e-08 1.31069e-08 1.06402e-08 8.63405e-09 7.00322e-09 5.6781e-09 4.60187e-09 3.72817e-09 3.01919e-09 2.44412e-09 1.97785e-09 1.59995e-09 1.2938e-09 1.04586e-09 8.45152e-10 6.8273e-10 5.51341e-10 4.45093e-10 3.59206e-10 2.89801e-10 2.33735e-10 1.88459e-10 1.51908e-10 1.22411e-10 9.86126e-11 7.94188e-11 6.39431e-11 5.1469e-11 4.14173e-11 3.33198e-11 2.67985e-11 2.1548e-11 1.73218e-11 1.39211e-11 1.11853e-11 8.98495e-12 7.21575e-12
0.00143676 0.000714169 0.000681453 0.00063932 0.000591638 0.00054134 0.000490598 0.000440971 0.00039354 0.000349008 0.000307789 0.000270082 0.000235925 0.000205244 0.000177884 0.000153642 0.000132282 0.000113558 9.72176e-05 8.30167e-05 7.07213e-05 6.01123e-05 5.09873e-05 4.31618e-05 3.64688e-05 3.07591e-05 2.58996e-05 2.1773e-05 1.8276e-05 1.53184e-05 1.28216e-05 1.07176e-05 8.94746e-06 7.46059e-06 6.21355e-06 5.16914e-06 4.29565e-06 3.56605e-06 2.95741e-06 2.45029e-06 2.02823e-06 1.67736e-06 1.38598e-06 1.14426e-06 9.4392e-07 7.78044e-07 6.40826e-07 5.27417e-07 4.33765e-07 3.56493e-07 2.92787e-07 2.40307e-07 1.97106e-07 1.61571e-07 1.32361e-07 1.08368e-07 8.86725e-08 7.25157e-08 5.92702e-08 4.84181e-08 3.95322e-08 3.22606e-08 2.63133e-08 2.1452e-08 1.74804e-08 1.42375e-08 1.15909e-08 9.43202e-09 7.6719e-09 6.23757e-09 5.06927e-09 4.11811e-09 3.34406e-09 2.71443e-09 2.2025e-09 1.78644e-09 1.44843e-09 1.17395e-09 9.51144e-10 7.70353e-10 6.2371e-10 5.0481e-10 4.08441e-10 3.3036e-10 2.6712e-10 2.15918e-10 1.74476e-10 1.40945e-10 1.13823e-10 9.18938e-11 7.41677e-11 5.98438e-11 4.82726e-11 3.8928e-11 3.13838e-11 2.52948e-11 2.03818e-11 1.64188e-11 1.3223e-11 1.06465e-11 8.56988e-12
0.00110957 0.000572968 0.000553477 0.000524909 0.000490524 0.000452852 0.000413819 0.000374856 0.000336993 0.000300942 0.000267163 0.000235925 0.000207349 0.000181447 0.000158156 0.000137356 0.000118894 0.000102596 8.82781e-05 7.57557e-05 6.48472e-05 5.53794e-05 4.71897e-05 4.01276e-05 3.40554e-05 2.88484e-05 2.43945e-05 2.05936e-05 1.73573e-05 1.46073e-05 1.22752e-05 1.03011e-05 8.63302e-06 7.22584e-06 6.04065e-06 5.04393e-06 4.20692e-06 3.505e-06 2.91714e-06 2.42542e-06 2.01463e-06 1.67184e-06 1.38611e-06 1.1482e-06 9.50322e-07 7.85894e-07 6.49396e-07 5.36189e-07 4.42384e-07 3.64723e-07 3.00481e-07 2.47384e-07 2.03533e-07 1.67345e-07 1.37504e-07 1.12914e-07 9.26655e-08 7.60032e-08 6.23011e-08 5.10406e-08 4.17925e-08 3.42018e-08 2.79751e-08 2.28704e-08 1.86878e-08 1.52627e-08 1.24594e-08 1.01662e-08 8.29129e-09 6.75914e-09 5.5077e-09 4.48604e-09 3.65235e-09 2.97237e-09 2.41801e-09 1.96626e-09 1.59828e-09 1.29868e-09 1.05484e-09 8.56469e-10 6.95153e-10 5.6402e-10 4.57465e-10 3.70913e-10 3.00636e-10 2.43594e-10 1.9731e-10 1.5977e-10 1.29331e-10 1.0466e-10 8.46684e-11 6.84754e-11 5.5363e-11 4.47485e-11 3.61588e-11 2.92097e-11 2.35896e-11 1.90457e-11 1.53729e-11 1.24051e-11 1.00076e-11
0.000856883 0.00045904 0.000448767 0.000430105 0.00040575 0.000377843 0.000348052 0.000317653 0.000287592 0.000258552 0.000231003 0.000205244 0.000181447 0.000159683 0.000139949 0.00012219 0.000106312 9.21988e-05 7.97196e-05 6.87369e-05 5.91126e-05 5.07113e-05 4.3404e-05 3.70691e-05 3.15939e-05 2.68752e-05 2.28192e-05 1.93416e-05 1.63666e-05 1.38273e-05 1.16643e-05 9.82547e-06 8.26504e-06 6.94321e-06 5.82536e-06 4.88151e-06 4.08577e-06 3.41588e-06 2.85271e-06 2.37989e-06 1.98342e-06 1.65138e-06 1.37362e-06 1.14153e-06 9.47818e-07 7.863e-07 6.51763e-07 5.39809e-07 4.46734e-07 3.69426e-07 3.05271e-07 2.52075e-07 2.08003e-07 1.7152e-07 1.41342e-07 1.16398e-07 9.57963e-08 7.87924e-08 6.47679e-08 5.32086e-08 4.36874e-08 3.58499e-08 2.94025e-08 2.41018e-08 1.97464e-08 1.61699e-08 1.32346e-08 1.08268e-08 8.8529e-09 7.23549e-09 5.91088e-09 4.8266e-09 3.9395e-09 3.21406e-09 2.6211e-09 2.13665e-09 1.74104e-09 1.41811e-09 1.15463e-09 9.39743e-10 7.6456e-10 6.21805e-10 5.05521e-10 4.10837e-10 3.3377e-10 2.71067e-10 2.20069e-10 1.78606e-10 1.44908e-10 1.17529e-10 9.52939e-11 7.7241e-11 6.2589e-11 5.0701e-11 4.10588e-11 3.32407e-11 2.69034e-11 2.17682e-11 1.76082e-11 1.42393e-11 1.15119e-11
0.000661743 0.000367288 0.000363292 0.000351768 0.00033491 0.000314502 0.000291963 0.000268402 0.000244669 0.000221393 0.000199029 0.000177884 0.000158156 0.000139949 0.000123305 0.00010821 9.46181e-05 8.24548e-05 7.16306e-05 6.20463e-05 5.35982e-05 4.61823e-05 3.96972e-05 3.40457e-05 2.91365e-05 2.4885e-05 2.12131e-05 1.80502e-05 1.53324e-05 1.30023e-05 1.1009e-05 9.30723e-06 7.85722e-06 6.62397e-06 5.5769e-06 4.68938e-06 3.93829e-06 3.30361e-06 2.76808e-06 2.31682e-06 1.93709e-06 1.61794e-06 1.35005e-06 1.12544e-06 9.37338e-07 7.79976e-07 6.48471e-07 5.38685e-07 4.47122e-07 3.70829e-07 3.07317e-07 2.54492e-07 2.10595e-07 1.74146e-07 1.43906e-07 1.18838e-07 9.80722e-08 8.08836e-08 6.6666e-08 5.49143e-08 4.52073e-08 3.71947e-08 3.0585e-08 2.5136e-08 2.06466e-08 1.69501e-08 1.39083e-08 1.14065e-08 9.35016e-09 7.66081e-09 6.27371e-09 5.13538e-09 4.20168e-09 3.43621e-09 2.80896e-09 2.29523e-09 1.87467e-09 1.53054e-09 1.24907e-09 1.01896e-09 8.30916e-10 6.77316e-10 5.51902e-10 4.49544e-10 3.66036e-10 2.97935e-10 2.42418e-10 1.97179e-10 1.60327e-10 1.30319e-10 1.05893e-10 8.60175e-11 6.98501e-11 5.67038e-11 4.60175e-11 3.73337e-11 3.02796e-11 2.45512e-11 1.99007e-11 1.61264e-11 1.30644e-11
0.000511043 0.000293519 0.000293664 0.000287201 0.000275892 0.0002612 0.000244314 0.000226185 0.000207555 0.000188994 0.000170923 0.000153642 0.000137356 0.00012219 0.00010821 9.54359e-05 8.38509e-05 7.34143e-05 6.4068e-05 5.57425e-05 4.83618e-05 4.18473e-05 3.61202e-05 3.11039e-05 2.6725e-05 2.29145e-05 1.96083e-05 1.67476e-05 1.42785e-05 1.21527e-05 1.03265e-05 8.76101e-06 7.42179e-06 6.2783e-06 5.30371e-06 4.47451e-06 3.77017e-06 3.17283e-06 2.66699e-06 2.23927e-06 1.87809e-06 1.5735e-06 1.31697e-06 1.10117e-06 9.19859e-07 7.67688e-07 6.40116e-07 5.3328e-07 4.439e-07 3.69198e-07 3.06822e-07 2.54788e-07 2.11419e-07 1.75303e-07 1.45253e-07 1.20271e-07 9.95181e-08 8.22917e-08 6.80034e-08 5.61606e-08 4.63519e-08 3.82333e-08 3.15183e-08 2.59678e-08 2.13829e-08 1.75978e-08 1.4475e-08 1.19002e-08 9.77831e-09 8.03077e-09 6.59231e-09 5.4089e-09 4.43584e-09 3.63615e-09 2.97928e-09 2.43999e-09 1.99745e-09 1.63447e-09 1.3369e-09 1.09305e-09 8.93314e-10 7.29789e-10 5.95965e-10 4.86495e-10 3.96983e-10 3.23821e-10 2.64047e-10 2.15229e-10 1.75375e-10 1.42852e-10 1.1632e-10 9.46843e-11 7.70475e-11 6.26756e-11 5.09682e-11 4.14347e-11 3.3674e-11 2.73585e-11 2.22208e-11 1.80426e-11 1.46457e-11
0.000394662 0.0002343 0.000237056 0.000234108 0.000226856 0.000216485 0.000203978 0.000190138 0.000175605 0.00016088 0.000146345 0.000132282 0.000118894 0.000106312 9.46181e-05 8.38509e-05 7.40169e-05 6.5099e-05 5.70629e-05 4.98619e-05 4.34421e-05 3.7745e-05 3.27105e-05 2.82788e-05 2.43914e-05 2.09929e-05 1.80308e-05 1.54564e-05 1.3225e-05 1.12957e-05 9.63164e-06 8.19946e-06 6.96947e-06 5.91523e-06 5.01334e-06 4.24318e-06 3.58662e-06 3.02784e-06 2.55302e-06 2.15013e-06 1.80878e-06 1.51997e-06 1.27592e-06 1.06997e-06 8.96371e-07 7.50223e-07 6.27322e-07 5.24083e-07 4.37452e-07 3.64832e-07 3.04017e-07 2.53137e-07 2.10609e-07 1.75092e-07 1.45458e-07 1.20753e-07 1.00173e-07 8.30443e-08 6.87986e-08 5.69596e-08 4.7128e-08 3.89693e-08 3.22035e-08 2.65967e-08 2.19534e-08 1.81105e-08 1.4932e-08 1.23048e-08 1.01344e-08 8.3425e-09 6.86397e-09 5.64467e-09 4.63971e-09 3.81184e-09 3.13023e-09 2.56932e-09 2.10797e-09 1.7287e-09 1.41705e-09 1.1611e-09 9.50974e-10 7.78558e-10 6.37145e-10 5.21211e-10 4.26207e-10 3.48386e-10 2.84668e-10 2.32517e-10 1.89851e-10 1.54959e-10 1.26435e-10 1.03126e-10 8.40857e-11 6.85377e-11 5.58462e-11 4.54901e-11 3.70426e-11 3.01543e-11 2.45393e-11 1.99637e-11 1.62364e-11
0.000304785 0.000186831 0.000191114 0.000190543 0.000186215 0.000179081 0.000169944 0.000159471 0.000148208 0.000136588 0.000124952 0.000113558 0.000102596 9.21988e-05 8.24548e-05 7.34143e-05 6.5099e-05 5.75087e-05 5.06264e-05 4.44231e-05 3.8862e-05 3.39005e-05 2.94938e-05 2.55955e-05 2.21598e-05 1.91424e-05 1.65008e-05 1.4195e-05 1.21881e-05 1.04458e-05 8.93693e-06 7.63331e-06 6.50946e-06 5.54261e-06 4.71245e-06 4.001e-06 3.39237e-06 2.87259e-06 2.4294e-06 2.05211e-06 1.73139e-06 1.45915e-06 1.22838e-06 1.03302e-06 8.6785e-07 7.28367e-07 6.10718e-07 5.11597e-07 4.28178e-07 3.58048e-07 2.99151e-07 2.49735e-07 2.08315e-07 1.73629e-07 1.44609e-07 1.2035e-07 1.00088e-07 8.31788e-08 6.90789e-08 5.73307e-08 4.75495e-08 3.94118e-08 3.26465e-08 2.70261e-08 2.23599e-08 1.84886e-08 1.52788e-08 1.26193e-08 1.0417e-08 8.59446e-09 7.08708e-09 5.84109e-09 4.81173e-09 3.96183e-09 3.26047e-09 2.68201e-09 2.20515e-09 1.81225e-09 1.48869e-09 1.22236e-09 1.00324e-09 8.2306e-10 6.74956e-10 5.53277e-10 4.53351e-10 3.71327e-10 3.04025e-10 2.48827e-10 2.03574e-10 1.66489e-10 1.36111e-10 1.11236e-10 9.08754e-11 7.42158e-11 6.05896e-11 4.94487e-11 4.0343e-11 3.29034e-11 2.68271e-11 2.1866e-11 1.78169e-11
0.000235376 0.000148832 0.000153891 0.000154867 0.000152611 0.000147875 0.00014131 0.000133465 0.000124798 0.000115681 0.00010641 9.72176e-05 8.82781e-05 7.97196e-05 7.16306e-05 6.4068e-05 5.70629e-05 5.06264e-05 4.47543e-05 3.94308e-05 3.4632e-05 3.03281e-05 2.64861e-05 2.3071e-05 2.00472e-05 1.73794e-05 1.50337e-05 1.29776e-05 1.11806e-05 9.61425e-06 8.25251e-06 7.07149e-06 6.04954e-06 5.16715e-06 4.4068e-06 3.7529e-06 3.19157e-06 2.71057e-06 2.29909e-06 1.94765e-06 1.64795e-06 1.39276e-06 1.17576e-06 9.91496e-07 8.35234e-07 7.02884e-07 5.90924e-07 4.96324e-07 4.16481e-07 3.49169e-07 2.9248e-07 2.44786e-07 2.047e-07 1.71041e-07 1.42805e-07 1.19139e-07 9.93217e-08 8.27405e-08 6.88787e-08 5.72997e-08 4.76352e-08 3.95747e-08 3.28571e-08 2.72626e-08 2.26069e-08 1.87349e-08 1.55171e-08 1.28445e-08 1.06263e-08 8.78634e-09 7.26105e-09 5.99739e-09 4.95108e-09 4.08525e-09 3.36915e-09 2.77723e-09 2.2882e-09 1.88441e-09 1.55115e-09 1.27626e-09 1.04961e-09 8.62841e-10 7.09001e-10 5.82346e-10 4.78118e-10 3.92386e-10 3.21898e-10 2.63969e-10 2.16381e-10 1.77305e-10 1.45232e-10 1.18917e-10 9.73343e-11 7.96407e-11 6.51406e-11 5.32622e-11 4.3535e-11 3.55724e-11 2.90566e-11 2.37266e-11 1.93681e-11
0.000181773 0.00011845 0.000123778 0.000125704 0.000124882 0.000121902 0.000117284 0.000111477 0.000104861 9.77503e-05 9.04009e-05 8.30167e-05 7.57557e-05 6.87369e-05 6.20463e-05 5.57425e-05 4.98619e-05 4.44231e-05 3.94308e-05 3.48787e-05 3.07528e-05 2.70331e-05 2.36961e-05 2.07157e-05 1.80646e-05 1.57153e-05 1.36408e-05 1.18148e-05 1.02124e-05 8.81023e-06 7.58655e-06 6.52129e-06 5.59614e-06 4.79447e-06 4.10127e-06 3.50307e-06 2.98784e-06 2.54487e-06 2.16471e-06 1.83897e-06 1.56033e-06 1.32233e-06 1.11934e-06 9.46451e-07 7.99406e-07 6.74501e-07 5.68537e-07 4.78749e-07 4.02757e-07 3.38514e-07 2.84263e-07 2.38497e-07 1.9993e-07 1.67461e-07 1.40152e-07 1.17204e-07 9.79394e-08 8.178e-08 6.82373e-08 5.68968e-08 4.74083e-08 3.94754e-08 3.28483e-08 2.73161e-08 2.27013e-08 1.88545e-08 1.56502e-08 1.29827e-08 1.07637e-08 8.91892e-09 7.38622e-09 6.1136e-09 5.05756e-09 4.18176e-09 3.45585e-09 2.85452e-09 2.35667e-09 1.94471e-09 1.604e-09 1.32237e-09 1.08969e-09 8.97556e-10 7.38971e-10 6.08142e-10 5.00264e-10 4.1135e-10 3.38101e-10 2.77783e-10 2.28135e-10 1.87288e-10 1.53696e-10 1.26081e-10 1.03389e-10 8.47504e-11 6.94468e-11 5.68865e-11 4.65816e-11 3.81303e-11 3.12018e-11 2.55237e-11 2.0872e-11
0.000140378 9.41874e-05 9.9452e-05 0.000101907 0.000102048 0.000100333 9.71758e-05 9.29381e-05 8.79325e-05 8.24225e-05 7.66265e-05 7.07213e-05 6.48472e-05 5.91126e-05 5.35982e-05 4.83618e-05 4.34421e-05 3.8862e-05 3.4632e-05 3.07528e-05 2.72176e-05 2.40141e-05 2.11259e-05 1.85342e-05 1.62184e-05 1.41572e-05 1.23294e-05 1.0714e-05 9.29076e-06 8.04055e-06 6.94536e-06 5.98846e-06 5.15444e-06 4.4292e-06 3.79994e-06 3.25508e-06 2.78425e-06 2.37816e-06 2.02852e-06 1.72802e-06 1.47016e-06 1.24925e-06 1.06028e-06 8.9887e-07 7.61185e-07 6.43899e-07 5.44118e-07 4.59337e-07 3.87386e-07 3.26395e-07 2.74754e-07 2.31075e-07 1.94171e-07 1.63022e-07 1.36757e-07 1.14631e-07 9.60097e-08 8.03518e-08 6.71974e-08 5.61556e-08 4.68949e-08 3.91342e-08 3.26357e-08 2.71984e-08 2.26523e-08 1.88541e-08 1.5683e-08 1.30374e-08 1.08317e-08 8.99394e-09 7.46373e-09 6.19042e-09 5.13154e-09 4.25151e-09 3.52055e-09 2.91377e-09 2.41035e-09 1.99292e-09 1.64699e-09 1.36045e-09 1.12324e-09 9.26965e-10 7.64641e-10 6.30462e-10 5.19603e-10 4.28053e-10 3.52486e-10 2.90139e-10 2.38722e-10 1.96339e-10 1.61417e-10 1.32655e-10 1.08976e-10 8.94902e-11 7.34616e-11 6.0282e-11 4.94491e-11 4.05487e-11 3.32387e-11 2.72372e-11 2.23118e-11
0.000108409 7.48325e-05 7.98265e-05 8.25179e-05 8.32777e-05 8.24585e-05 8.03843e-05 7.73459e-05 7.35978e-05 6.93588e-05 6.4813e-05 6.01123e-05 5.53794e-05 5.07113e-05 4.61823e-05 4.18473e-05 3.7745e-05 3.39005e-05 3.03281e-05 2.70331e-05 2.40141e-05 2.12642e-05 1.87729e-05 1.65269e-05 1.45109e-05 1.27089e-05 1.11042e-05 9.68019e-06 8.42072e-06 7.31015e-06 6.33368e-06 5.47743e-06 4.7285e-06 4.07501e-06 3.50609e-06 3.01187e-06 2.5834e-06 2.21267e-06 1.8925e-06 1.61647e-06 1.3789e-06 1.17478e-06 9.99655e-07 8.49639e-07 7.21316e-07 6.117e-07 5.18189e-07 4.3852e-07 3.70727e-07 3.13109e-07 2.64196e-07 2.22719e-07 1.87586e-07 1.57858e-07 1.32728e-07 1.11506e-07 9.36028e-08 7.85122e-08 6.58041e-08 5.51119e-08 4.61234e-08 3.85734e-08 3.22369e-08 2.6923e-08 2.24702e-08 1.87416e-08 1.56219e-08 1.30133e-08 1.08338e-08 9.01394e-09 7.49541e-09 6.22915e-09 5.17391e-09 4.29507e-09 3.5636e-09 2.95515e-09 2.44931e-09 2.02904e-09 1.68004e-09 1.39039e-09 1.15012e-09 9.5093e-10 7.85872e-10 6.49168e-10 5.36005e-10 4.42375e-10 3.64942e-10 3.00936e-10 2.48052e-10 2.04377e-10 1.68324e-10 1.38576e-10 1.14041e-10 9.38138e-11 7.7145e-11 6.34142e-11 5.21082e-11 4.28024e-11 3.5146e-11 2.8849e-11 2.3672e-11
8.37209e-05 5.94083e-05 6.40133e-05 6.67441e-05 6.78748e-05 6.76735e-05 6.63926e-05 6.4263e-05 6.14907e-05 5.82555e-05 5.47113e-05 5.09873e-05 4.71897e-05 4.3404e-05 3.96972e-05 3.61202e-05 3.27105e-05 2.94938e-05 2.64861e-05 2.36961e-05 2.11259e-05 1.87729e-05 1.66308e-05 1.46906e-05 1.29414e-05 1.13711e-05 9.96703e-06 8.7161e-06 7.60541e-06 6.62236e-06 5.75485e-06 4.99144e-06 4.3214e-06 3.73477e-06 3.22236e-06 2.77578e-06 2.3874e-06 2.0503e-06 1.75828e-06 1.50576e-06 1.2878e-06 1.09997e-06 9.38365e-07 7.99542e-07 6.80465e-07 5.78469e-07 4.91225e-07 4.16697e-07 3.53113e-07 2.98933e-07 2.52821e-07 2.13621e-07 1.80333e-07 1.52097e-07 1.2817e-07 1.07917e-07 9.07886e-08 7.63177e-08 6.41031e-08 5.38023e-08 4.51231e-08 3.78165e-08 3.16705e-08 2.65049e-08 2.21668e-08 1.85264e-08 1.54738e-08 1.29159e-08 1.07742e-08 8.98214e-09 7.48368e-09 6.23157e-09 5.18598e-09 4.31341e-09 3.58568e-09 2.97912e-09 2.47386e-09 2.05322e-09 1.70324e-09 1.4122e-09 1.17033e-09 9.69408e-10 8.02602e-10 6.6419e-10 5.49396e-10 4.54238e-10 3.75396e-10 3.10104e-10 2.56059e-10 2.11343e-10 1.74365e-10 1.43798e-10 1.18542e-10 9.76831e-11 8.04636e-11 6.62542e-11 5.45336e-11 4.48698e-11 3.6905e-11 3.03431e-11 2.49392e-11
6.4655e-05 4.71283e-05 5.12866e-05 5.3929e-05 5.52551e-05 5.54662e-05 5.47571e-05 5.33096e-05 5.12892e-05 4.88424e-05 4.6097e-05 4.31618e-05 4.01276e-05 3.70691e-05 3.40457e-05 3.11039e-05 2.82788e-05 2.55955e-05 2.3071e-05 2.07157e-05 1.85342e-05 1.65269e-05 1.46906e-05 1.30197e-05 1.15067e-05 1.01427e-05 8.91804e-06 7.82269e-06 6.84642e-06 5.97913e-06 5.21103e-06 4.53273e-06 3.93536e-06 3.4106e-06 2.95074e-06 2.54868e-06 2.19792e-06 1.89255e-06 1.62721e-06 1.3971e-06 1.1979e-06 1.02574e-06 8.77211e-07 7.49266e-07 6.3922e-07 5.44707e-07 4.63651e-07 3.94229e-07 3.34849e-07 2.84122e-07 2.40842e-07 2.03957e-07 1.72559e-07 1.45862e-07 1.23186e-07 1.03945e-07 8.76354e-08 7.38243e-08 6.21399e-08 5.2264e-08 4.39242e-08 3.68877e-08 3.09558e-08 2.59594e-08 2.17543e-08 1.8218e-08 1.52464e-08 1.27513e-08 1.06576e-08 8.90223e-09 7.43142e-09 6.1999e-09 5.16944e-09 4.30777e-09 3.58771e-09 2.98636e-09 2.48446e-09 2.06582e-09 1.71682e-09 1.42605e-09 1.18394e-09 9.82441e-10 8.14844e-10 6.75516e-10 5.59749e-10 4.63609e-10 3.83808e-10 3.17602e-10 2.62701e-10 2.17197e-10 1.795e-10 1.48283e-10 1.22445e-10 1.01069e-10 8.33912e-11 6.87786e-11 5.67048e-11 4.67328e-11 3.85e-11 3.1706e-11 2.61014e-11
4.9931e-05 3.73604e-05 4.10552e-05 4.35313e-05 4.49311e-05 4.54041e-05 4.50989e-05 4.41578e-05 4.27123e-05 4.08813e-05 3.87699e-05 3.64688e-05 3.40554e-05 3.15939e-05 2.91365e-05 2.6725e-05 2.43914e-05 2.21598e-05 2.00472e-05 1.80646e-05 1.62184e-05 1.45109e-05 1.29414e-05 1.15067e-05 1.02018e-05 9.02054e-06 7.95566e-06 6.99948e-06 6.14403e-06 5.3813e-06 4.70339e-06 4.10267e-06 3.57183e-06 3.10399e-06 2.69269e-06 2.33196e-06 2.01628e-06 1.74062e-06 1.5004e-06 1.29146e-06 1.11007e-06 9.52869e-07 8.16867e-07 6.99396e-07 5.98089e-07 5.10854e-07 4.35844e-07 3.71437e-07 3.16207e-07 2.68908e-07 2.28453e-07 1.93892e-07 1.64403e-07 1.39268e-07 1.17869e-07 9.96705e-08 8.42088e-08 7.10859e-08 5.9959e-08 5.05333e-08 4.25562e-08 3.5811e-08 3.01126e-08 2.53025e-08 2.12457e-08 1.78269e-08 1.49482e-08 1.25259e-08 1.04894e-08 8.77833e-09 7.34183e-09 6.13665e-09 5.12623e-09 4.27967e-09 3.57086e-09 2.97776e-09 2.4818e-09 2.06732e-09 1.72115e-09 1.43219e-09 1.19113e-09 9.90151e-10 8.22673e-10 6.83191e-10 5.67086e-10 4.70491e-10 3.9017e-10 3.23414e-10 2.6796e-10 2.21917e-10 1.83706e-10 1.5201e-10 1.2573e-10 1.0395e-10 8.59085e-11 7.09699e-11 5.86059e-11 4.83771e-11 3.99184e-11 3.29264e-11 2.7149e-11
3.85601e-05 2.95973e-05 3.28384e-05 3.51053e-05 3.64971e-05 3.71232e-05 3.70961e-05 3.65259e-05 3.55164e-05 3.41633e-05 3.25524e-05 3.07591e-05 2.88484e-05 2.68752e-05 2.4885e-05 2.29145e-05 2.09929e-05 1.91424e-05 1.73794e-05 1.57153e-05 1.41572e-05 1.27089e-05 1.13711e-05 1.01427e-05 9.02054e-06 8.00043e-06 7.07714e-06 6.24489e-06 5.49753e-06 4.82876e-06 4.23228e-06 3.7019e-06 3.23166e-06 2.81588e-06 2.4492e-06 2.1266e-06 1.84343e-06 1.59543e-06 1.37868e-06 1.18962e-06 1.02502e-06 8.8198e-07 7.57894e-07 6.50429e-07 5.57508e-07 4.77287e-07 4.08132e-07 3.48603e-07 2.97429e-07 2.53497e-07 2.15831e-07 1.83576e-07 1.55989e-07 1.32421e-07 1.1231e-07 9.51676e-08 8.05706e-08 6.8154e-08 5.76027e-08 4.86453e-08 4.1048e-08 3.46103e-08 2.91602e-08 2.455e-08 2.06537e-08 1.73635e-08 1.45873e-08 1.22467e-08 1.02748e-08 8.61479e-09 7.21839e-09 6.04456e-09 5.05853e-09 4.23081e-09 3.53645e-09 2.95434e-09 2.46666e-09 2.05834e-09 1.71668e-09 1.43096e-09 1.19218e-09 9.92725e-10 8.26224e-10 6.87307e-10 5.71468e-10 4.74925e-10 3.94505e-10 3.27551e-10 2.71837e-10 2.25497e-10 1.86975e-10 1.54966e-10 1.28382e-10 1.06314e-10 8.80028e-11 7.28157e-11 6.02253e-11 4.97923e-11 4.11505e-11 3.39956e-11 2.8074e-11
2.97787e-05 2.34324e-05 2.6246e-05 2.82849e-05 2.96161e-05 3.03185e-05 3.04758e-05 3.01727e-05 2.94906e-05 2.85059e-05 2.72882e-05 2.58996e-05 2.43945e-05 2.28192e-05 2.12131e-05 1.96083e-05 1.80308e-05 1.65008e-05 1.50337e-05 1.36408e-05 1.23294e-05 1.11042e-05 9.96703e-06 8.91804e-06 7.95566e-06 7.07714e-06 6.27884e-06 5.55648e-06 4.9054e-06 4.32069e-06 3.79737e-06 3.33048e-06 2.91516e-06 2.54677e-06 2.22085e-06 1.93324e-06 1.68004e-06 1.45763e-06 1.26268e-06 1.09216e-06 9.43296e-07 8.13578e-07 7.00747e-07 6.02772e-07 5.17838e-07 4.44325e-07 3.80794e-07 3.2597e-07 2.78727e-07 2.38072e-07 2.03132e-07 1.73141e-07 1.47432e-07 1.25418e-07 1.0659e-07 9.05048e-08 7.67783e-08 6.50767e-08 5.51114e-08 4.66333e-08 3.94274e-08 3.33085e-08 2.81174e-08 2.37174e-08 1.99912e-08 1.68382e-08 1.41724e-08 1.19204e-08 1.00195e-08 8.41611e-09 7.06472e-09 5.92656e-09 4.96866e-09 4.16303e-09 3.48595e-09 2.91727e-09 2.43995e-09 2.03958e-09 1.70396e-09 1.42279e-09 1.18739e-09 9.90407e-10 8.25679e-10 6.88001e-10 5.72995e-10 4.76979e-10 3.96862e-10 3.30045e-10 2.74351e-10 2.2795e-10 1.89312e-10 1.57153e-10 1.30401e-10 1.08156e-10 8.96679e-11 7.43093e-11 6.15562e-11 5.09712e-11 4.21896e-11 3.49073e-11 2.88708e-11
2.29972e-05 1.85404e-05 2.09617e-05 2.27701e-05 2.40092e-05 2.47344e-05 2.50077e-05 2.4893e-05 2.4454e-05 2.37512e-05 2.28405e-05 2.1773e-05 2.05936e-05 1.93416e-05 1.80502e-05 1.67476e-05 1.54564e-05 1.4195e-05 1.29776e-05 1.18148e-05 1.0714e-05 9.68019e-06 8.7161e-06 7.82269e-06 6.99948e-06 6.24489e-06 5.55648e-06 4.93119e-06 4.36552e-06 3.85571e-06 3.39784e-06 2.98798e-06 2.62221e-06 2.29674e-06 2.00791e-06 1.75225e-06 1.52651e-06 1.32765e-06 1.15285e-06 9.99534e-07 8.65318e-07 7.48053e-07 6.45785e-07 5.56753e-07 4.79374e-07 4.12232e-07 3.54064e-07 3.03746e-07 2.60281e-07 2.22789e-07 1.90491e-07 1.62706e-07 1.38831e-07 1.18343e-07 1.00781e-07 8.57444e-08 7.28846e-08 6.18983e-08 5.25223e-08 4.45287e-08 3.77204e-08 3.19272e-08 2.70024e-08 2.28197e-08 1.92703e-08 1.6261e-08 1.37118e-08 1.1554e-08 9.72906e-09 8.18684e-09 6.88452e-09 5.78561e-09 4.85902e-09 4.07829e-09 3.42091e-09 2.86777e-09 2.40266e-09 2.01183e-09 1.68362e-09 1.40817e-09 1.17714e-09 9.8349e-10 8.21265e-10 6.85444e-10 5.71795e-10 4.76752e-10 3.97312e-10 3.30949e-10 2.7554e-10 2.293e-10 1.90733e-10 1.58581e-10 1.3179e-10 1.09478e-10 9.09038e-11 7.5449e-11 6.25955e-11 5.19105e-11 4.30319e-11 3.56577e-11 2.95355e-11
1.776e-05 1.46613e-05 1.67297e-05 1.83157e-05 1.94459e-05 2.01582e-05 2.04977e-05 2.05124e-05 2.02514e-05 1.97623e-05 1.90901e-05 1.8276e-05 1.73573e-05 1.63666e-05 1.53324e-05 1.42785e-05 1.3225e-05 1.21881e-05 1.11806e-05 1.02124e-05 9.29076e-06 8.42072e-06 7.60541e-06 6.84642e-06 6.14403e-06 5.49753e-06 4.9054e-06 4.36552e-06 3.87533e-06 3.43198e-06 3.03245e-06 2.67362e-06 2.35236e-06 2.0656e-06 1.81033e-06 1.58372e-06 1.38304e-06 1.20575e-06 1.04948e-06 9.12026e-07 7.9138e-07 6.85693e-07 5.93282e-07 5.12626e-07 4.42351e-07 3.81223e-07 3.28135e-07 2.82101e-07 2.42243e-07 2.07782e-07 1.78027e-07 1.52371e-07 1.30277e-07 1.11274e-07 9.49492e-08 8.09422e-08 6.89371e-08 5.86593e-08 4.98695e-08 4.23602e-08 3.59513e-08 3.04869e-08 2.58322e-08 2.1871e-08 1.8503e-08 1.56419e-08 1.32135e-08 1.11541e-08 9.409e-09 7.93147e-09 6.68146e-09 5.62473e-09 4.73207e-09 3.97855e-09 3.34293e-09 2.80715e-09 2.35583e-09 1.97591e-09 1.6563e-09 1.38761e-09 1.16186e-09 9.72303e-10 8.13238e-10 6.79838e-10 5.68027e-10 4.74363e-10 3.95946e-10 3.3033e-10 2.75455e-10 2.29586e-10 1.91267e-10 1.59269e-10 1.32565e-10 1.10289e-10 9.17157e-11 7.62375e-11 6.33445e-11 5.26099e-11 4.36763e-11 3.62451e-11 3.00661e-11
1.37155e-05 1.15875e-05 1.33432e-05 1.47212e-05 1.5736e-05 1.64127e-05 1.67831e-05 1.68832e-05 1.67504e-05 1.64219e-05 1.59334e-05 1.53184e-05 1.46073e-05 1.38273e-05 1.30023e-05 1.21527e-05 1.12957e-05 1.04458e-05 9.61425e-06 8.81023e-06 8.04055e-06 7.31015e-06 6.62236e-06 5.97913e-06 5.3813e-06 4.82876e-06 4.32069e-06 3.85571e-06 3.43198e-06 3.04741e-06 2.69966e-06 2.38632e-06 2.10488e-06 1.85288e-06 1.62789e-06 1.42755e-06 1.24963e-06 1.09201e-06 9.52685e-07 8.29811e-07 7.21672e-07 6.26693e-07 5.43434e-07 4.70581e-07 4.06948e-07 3.51462e-07 3.03159e-07 2.61175e-07 2.24739e-07 1.93163e-07 1.65838e-07 1.42224e-07 1.21843e-07 1.04276e-07 8.91521e-08 7.61476e-08 6.49783e-08 5.5396e-08 4.71842e-08 4.01543e-08 3.41424e-08 2.90063e-08 2.46226e-08 2.08847e-08 1.77004e-08 1.49901e-08 1.26853e-08 1.07271e-08 9.06461e-09 7.65442e-09 6.45917e-09 5.4469e-09 4.59024e-09 3.86581e-09 3.25365e-09 2.73672e-09 2.30052e-09 1.93269e-09 1.62272e-09 1.36168e-09 1.14198e-09 9.57203e-10 8.01884e-10 6.71407e-10 5.61865e-10 4.69951e-10 3.92874e-10 3.28274e-10 2.74161e-10 2.28857e-10 1.90949e-10 1.59245e-10 1.32744e-10 1.10603e-10 9.21141e-11 7.6682e-11 6.38076e-11 5.30722e-11 4.41244e-11 3.667e-11 3.04625e-11
1.0592e-05 9.15327e-06 1.06355e-05 1.18234e-05 1.27232e-05 1.33506e-05 1.37277e-05 1.38809e-05 1.38383e-05 1.3629e-05 1.32812e-05 1.28216e-05 1.22752e-05 1.16643e-05 1.1009e-05 1.03265e-05 9.63164e-06 8.93693e-06 8.25251e-06 7.58655e-06 6.94536e-06 6.33368e-06 5.75485e-06 5.21103e-06 4.70339e-06 4.23228e-06 3.79737e-06 3.39784e-06 3.03245e-06 2.69966e-06 2.39773e-06 2.12477e-06 1.87884e-06 1.65795e-06 1.46014e-06 1.28349e-06 1.12616e-06 9.8639e-07 8.62508e-07 7.5296e-07 6.56295e-07 5.71176e-07 4.96369e-07 4.30751e-07 3.73296e-07 3.23077e-07 2.79255e-07 2.41077e-07 2.07867e-07 1.79022e-07 1.54005e-07 1.32337e-07 1.13595e-07 9.74059e-08 8.34388e-08 7.14036e-08 6.10453e-08 5.21405e-08 4.44938e-08 3.79345e-08 3.23139e-08 2.75026e-08 2.33882e-08 1.9873e-08 1.68728e-08 1.43143e-08 1.21346e-08 1.02791e-08 8.70097e-09 7.35989e-09 6.22115e-09 5.255e-09 4.43592e-09 3.74204e-09 3.15467e-09 2.65781e-09 2.23782e-09 1.88305e-09 1.58358e-09 1.33096e-09 1.11799e-09 9.38566e-10 7.87502e-10 6.60392e-10 5.53503e-10 4.63669e-10 3.88215e-10 3.24874e-10 2.71732e-10 2.27171e-10 1.89826e-10 1.58544e-10 1.32355e-10 1.10441e-10 9.21137e-11 7.67933e-11 6.39928e-11 5.33029e-11 4.43797e-11 3.69348e-11 3.0726e-11
8.17987e-06 7.22683e-06 8.47208e-06 9.48927e-06 1.02789e-05 1.08501e-05 1.12176e-05 1.14004e-05 1.14197e-05 1.12976e-05 1.10565e-05 1.07176e-05 1.03011e-05 9.82547e-06 9.30723e-06 8.76101e-06 8.19946e-06 7.63331e-06 7.07149e-06 6.52129e-06 5.98846e-06 5.47743e-06 4.99144e-06 4.53273e-06 4.10267e-06 3.7019e-06 3.33048e-06 2.98798e-06 2.67362e-06 2.38632e-06 2.12477e-06 1.88757e-06 1.67317e-06 1.48001e-06 1.30653e-06 1.15115e-06 1.01238e-06 8.88746e-07 7.78874e-07 6.81458e-07 5.95275e-07 5.19192e-07 4.5216e-07 3.93217e-07 3.41482e-07 2.96154e-07 2.56508e-07 2.21889e-07 1.91706e-07 1.65432e-07 1.42593e-07 1.2277e-07 1.05586e-07 9.07113e-08 7.78513e-08 6.6747e-08 5.71704e-08 4.89209e-08 4.18227e-08 3.57218e-08 3.04838e-08 2.59912e-08 2.2142e-08 1.88472e-08 1.60297e-08 1.36226e-08 1.1568e-08 9.81582e-09 8.32287e-09 7.05188e-09 5.97073e-09 5.05182e-09 4.27141e-09 3.60915e-09 3.04757e-09 2.57172e-09 2.1688e-09 1.82787e-09 1.53961e-09 1.29603e-09 1.09035e-09 9.1678e-10 7.70409e-10 6.47047e-10 5.43143e-10 4.5568e-10 3.82101e-10 3.20236e-10 2.68251e-10 2.24593e-10 1.87947e-10 1.57205e-10 1.31428e-10 1.09827e-10 9.17331e-11 7.65856e-11 6.39107e-11 5.33099e-11 4.44482e-11 3.70437e-11 3.08596e-11
6.31705e-06 5.7031e-06 6.74481e-06 7.61074e-06 8.29784e-06 8.81035e-06 9.15786e-06 9.35371e-06 9.41355e-06 9.35431e-06 9.19329e-06 8.94746e-06 8.63302e-06 8.26504e-06 7.85722e-06 7.42179e-06 6.96947e-06 6.50946e-06 6.04954e-06 5.59614e-06 5.15444e-06 4.7285e-06 4.3214e-06 3.93536e-06 3.57183e-06 3.23166e-06 2.91516e-06 2.62221e-06 2.35236e-06 2.10488e-06 1.87884e-06 1.67317e-06 1.48669e-06 1.31818e-06 1.16639e-06 1.03005e-06 9.07929e-07 7.98841e-07 7.01634e-07 6.1522e-07 5.38575e-07 4.70741e-07 4.10829e-07 3.58018e-07 3.11555e-07 2.70751e-07 2.34978e-07 2.0367e-07 1.76313e-07 1.52446e-07 1.31655e-07 1.13569e-07 9.78589e-08 8.42308e-08 7.24243e-08 6.22088e-08 5.33809e-08 4.57612e-08 3.91918e-08 3.35345e-08 2.86679e-08 2.44859e-08 2.08959e-08 1.78173e-08 1.51797e-08 1.29222e-08 1.09918e-08 9.34251e-09 7.93474e-09 6.73413e-09 5.71105e-09 4.83998e-09 4.09892e-09 3.46897e-09 2.93388e-09 2.47971e-09 2.0945e-09 1.76801e-09 1.4915e-09 1.25748e-09 1.05954e-09 8.92236e-10 7.50921e-10 6.31631e-10 5.30998e-10 4.46155e-10 3.74667e-10 3.14469e-10 2.63806e-10 2.21193e-10 1.85371e-10 1.55273e-10 1.29999e-10 1.08787e-10 9.09939e-11 7.60756e-11 6.35742e-11 5.31033e-11 4.43374e-11 3.70024e-11 3.08677e-11
