0.383242 0.0797201 0.0384382 0.0200911 0.0105139 0.00535203 0.00263848 0.00126452 0.000592341 0.000272524 0.000123623 5.54537e-05 2.46523e-05 1.08793e-05 4.77206e-06 2.08254e-06 9.04889e-07 3.91714e-07 1.69015e-07 7.27169e-08 3.12061e-08 1.33616e-08 5.70936e-09 2.43509e-09 1.03684e-09 4.40794e-10 1.87123e-10 7.93105e-11 3.35208e-11 1.40244e-11 5.92668e-12
0.0797201 0.0221794 0.0105313 0.00459093 0.00190275 0.000768742 0.000307082 0.000122194 4.86161e-05 1.93719e-05 7.73574e-06 3.09621e-06 1.24197e-06 4.9919e-07 2.01002e-07 8.10633e-08 3.27384e-08 1.32382e-08 5.35887e-09 2.1714e-09 8.80604e-10 3.57401e-10 1.45155e-10 5.89894e-11 2.39859e-11 9.7575e-12 3.97018e-12 1.61391e-12 6.51712e-13 2.53751e-13 1.03476e-13
0.0384382 0.0105313 0.00391567 0.00150991 0.000586486 0.000228368 8.92048e-05 3.49911e-05 1.37885e-05 5.45777e-06 2.16909e-06 8.65151e-07 3.46134e-07 1.38849e-07 5.58242e-08 2.24874e-08 9.07358e-09 3.66641e-09 1.48336e-09 6.00794e-10 2.43569e-10 9.88293e-11 4.01307e-11 1.63063e-11 6.62957e-12 2.6964e-12 1.09636e-12 4.44198e-13 1.76494e-13 7.14556e-14 2.91419e-14
0.0200911 0.00459093 0.00150991 0.000536429 0.00019804 7.47076e-05 2.85917e-05 1.10623e-05 4.31747e-06 1.69702e-06 6.70907e-07 2.66503e-07 1.06278e-07 4.25206e-08 1.70582e-08 6.85892e-09 2.76325e-09 1.11508e-09 4.50617e-10 1.82325e-10 7.38509e-11 2.99417e-11 1.21495e-11 4.93355e-12 2.00452e-12 8.14574e-13 3.30468e-13 1.32731e-13 5.39029e-14 2.18201e-14 8.89631e-15
0.0105139 0.00190275 0.000586486 0.00019804 7.05913e-05 2.60112e-05 9.79749e-06 3.74861e-06 1.45117e-06 5.66891e-07 2.23035e-07 8.82499e-08 3.50792e-08 1.39963e-08 5.60176e-09 2.2478e-09 9.03939e-10 3.64189e-10 1.46962e-10 5.93858e-11 2.4026e-11 9.73053e-12 3.94449e-12 1.60023e-12 6.4952e-13 2.63505e-13 1.06397e-13 4.321e-14 1.75418e-14 7.09845e-15 2.89252e-15
0.00535203 0.000768742 0.000228368 7.47076e-05 2.60112e-05 9.42692e-06 3.50938e-06 1.3313e-06 5.12054e-07 1.99015e-07 7.7976e-08 3.07466e-08 1.21855e-08 4.8494e-09 1.93646e-09 7.75464e-10 3.1128e-10 1.25205e-10 5.04482e-11 2.03575e-11 8.2257e-12 3.3275e-12 1.34739e-12 5.46019e-13 2.2132e-13 8.95391e-14 3.63363e-14 1.47492e-14 5.98455e-15 2.42054e-15 9.8567e-16
0.00263848 0.000307082 8.92048e-05 2.85917e-05 9.79749e-06 3.50938e-06 1.29522e-06 4.88155e-07 1.86799e-07 7.2299e-08 2.82283e-08 1.10971e-08 4.38638e-09 1.74151e-09 6.93953e-10 2.77365e-10 1.11143e-10 4.46332e-11 1.79575e-11 7.23659e-12 2.92034e-12 1.17996e-12 4.77252e-13 1.93165e-13 7.81525e-14 3.16786e-14 1.28471e-14 5.21143e-15 2.11329e-15 8.54302e-16 3.47634e-16
0.00126452 0.000122194 3.49911e-05 1.10623e-05 3.74861e-06 1.3313e-06 4.88155e-07 1.83042e-07 6.97529e-08 2.69032e-08 1.04724e-08 4.106e-09 1.61915e-09 6.41476e-10 2.55117e-10 1.01786e-10 4.07203e-11 1.6328e-11 6.56013e-12 2.6402e-12 1.06417e-12 4.29481e-13 1.73509e-13 7.01288e-14 2.83843e-14 1.14966e-14 4.65908e-15 1.88868e-15 7.65399e-16 3.09249e-16 1.25752e-16
0.000592341 4.86161e-05 1.37885e-05 4.31747e-06 1.45117e-06 5.12054e-07 1.86799e-07 6.97529e-08 2.64888e-08 1.01859e-08 3.95454e-09 1.54682e-09 6.08668e-10 2.40673e-10 9.55457e-11 3.8058e-11 1.52023e-11 6.08719e-12 2.44246e-12 9.81796e-13 3.9527e-13 1.59346e-13 6.42987e-14 2.59795e-14 1.05064e-14 4.2522e-15 1.72199e-15 6.97585e-16 2.82523e-16 1.1409e-16 4.63618e-17
0.000272524 1.93719e-05 5.45777e-06 1.69702e-06 5.66891e-07 1.99015e-07 7.2299e-08 2.69032e-08 1.01859e-08 3.90655e-09 1.51309e-09 5.90584e-10 2.3194e-10 9.15475e-11 3.6284e-11 1.44307e-11 5.75621e-12 2.30183e-12 9.2247e-13 3.70378e-13 1.4895e-13 5.99808e-14 2.41871e-14 9.76431e-15 3.94565e-15 1.5957e-15 6.45746e-16 2.61423e-16 1.05813e-16 4.27085e-17 1.73439e-17
0.000123623 7.73574e-06 2.16909e-06 6.70907e-07 2.23035e-07 7.7976e-08 2.82283e-08 1.04724e-08 3.95454e-09 1.51309e-09 5.84799e-10 2.27814e-10 8.93096e-11 3.51928e-11 1.39271e-11 5.53121e-12 2.20342e-12 8.80039e-13 3.52274e-13 1.41287e-13 5.676e-14 2.28381e-14 9.20139e-15 3.71154e-15 1.49864e-15 6.05641e-16 2.44925e-16 9.90922e-17 4.00849e-17 1.61715e-17 6.56324e-18
5.54537e-05 3.09621e-06 8.65151e-07 2.66503e-07 8.82499e-08 3.07466e-08 1.10971e-08 4.106e-09 1.54682e-09 5.90584e-10 2.27814e-10 8.85885e-11 3.46721e-11 1.36419e-11 5.39099e-12 2.13824e-12 8.50749e-13 3.39398e-13 1.35712e-13 5.43744e-14 2.18249e-14 8.77378e-15 3.532e-15 1.42358e-15 5.74391e-16 2.31967e-16 9.37479e-17 3.79059e-17 1.53252e-17 6.17986e-18 2.50666e-18
2.46523e-05 1.24197e-06 3.46134e-07 1.06278e-07 3.50792e-08 1.21855e-08 4.38638e-09 1.61915e-09 6.08668e-10 2.3194e-10 8.93096e-11 3.46721e-11 1.35495e-11 5.32358e-12 2.101e-12 8.32307e-13 3.30774e-13 1.31817e-13 5.26552e-14 2.10776e-14 8.45268e-15 3.39522e-15 1.36572e-15 5.50051e-16 2.21781e-16 8.95071e-17 3.61515e-17 1.4609e-17 5.90325e-18 2.37944e-18 9.64616e-19
1.08793e-05 4.9919e-07 1.38849e-07 4.25206e-08 1.39963e-08 4.8494e-09 1.74151e-09 6.41476e-10 2.40673e-10 9.15475e-11 3.51928e-11 1.36419e-11 5.32358e-12 2.08888e-12 8.2339e-13 3.25811e-13 1.29344e-13 5.14932e-14 2.05503e-14 8.21891e-15 3.29326e-15 1.32178e-15 5.31289e-16 2.13829e-16 8.61591e-17 3.47507e-17 1.40274e-17 5.66543e-18 2.28815e-18 9.2191e-19 3.73545e-19
4.77206e-06 2.01002e-07 5.58242e-08 1.70582e-08 5.60176e-09 1.93646e-09 6.93953e-10 2.55117e-10 9.55457e-11 3.6284e-11 1.39271e-11 5.39099e-12 2.101e-12 8.2339e-13 3.24191e-13 1.28143e-13 5.08207e-14 2.02134e-14 8.05979e-15 3.22076e-15 1.28952e-15 5.17178e-16 2.07733e-16 8.35516e-17 3.36446e-17 1.35619e-17 5.47131e-18 2.20862e-18 8.91584e-19 3.59083e-19 1.45424e-19
2.08254e-06 8.10633e-08 2.24874e-08 6.85892e-09 2.2478e-09 7.75464e-10 2.77365e-10 1.01786e-10 3.8058e-11 1.44307e-11 5.53121e-12 2.13824e-12 8.32307e-13 3.25811e-13 1.28143e-13 5.06005e-14 2.00491e-14 7.96728e-15 3.17419e-15 1.26744e-15 5.07079e-16 2.03227e-16 8.15754e-17 3.27894e-17 1.31958e-17 5.31613e-18 2.14356e-18 8.64862e-19 3.48971e-19 1.40495e-19 5.68718e-20
9.04889e-07 3.27384e-08 9.07358e-09 2.76325e-09 9.03939e-10 3.1128e-10 1.11143e-10 4.07203e-11 1.52023e-11 5.75621e-12 2.20342e-12 8.50749e-13 3.30774e-13 1.29344e-13 5.08207e-14 2.00491e-14 7.93692e-15 3.15141e-15 1.25455e-15 5.00564e-16 2.00126e-16 8.01531e-17 3.21532e-17 1.29163e-17 5.19512e-18 2.09181e-18 8.43026e-19 3.39974e-19 1.37119e-19 5.51838e-20 2.23283e-20
3.91714e-07 1.32382e-08 3.66641e-09 1.11508e-09 3.64189e-10 1.25205e-10 4.46332e-11 1.6328e-11 6.08719e-12 2.30183e-12 8.80039e-13 3.39398e-13 1.31817e-13 5.14932e-14 2.02134e-14 7.96728e-15 3.15141e-15 1.25031e-15 4.97369e-16 1.9831e-16 7.92321e-17 3.17135e-17 1.27142e-17 5.10454e-18 2.052e-18 8.25814e-19 3.32653e-19 1.3409e-19 5.40588e-20 2.17487e-20 8.79609e-21
1.69015e-07 5.35887e-09 1.48336e-09 4.50617e-10 1.46962e-10 5.04482e-11 1.79575e-11 6.56013e-12 2.44246e-12 9.2247e-13 3.52274e-13 1.35712e-13 5.26552e-14 2.05503e-14 8.05979e-15 3.17419e-15 1.25455e-15 4.97369e-16 1.97713e-16 7.87794e-17 3.14553e-17 1.25828e-17 5.04168e-18 2.02306e-18 8.12842e-19 3.26962e-19 1.31645e-19 5.30424e-20 2.13756e-20 8.59688e-21 3.47553e-21
7.27169e-08 2.1714e-09 6.00794e-10 1.82325e-10 5.93858e-11 2.03575e-11 7.23659e-12 2.6402e-12 9.81796e-13 3.70378e-13 1.41287e-13 5.43744e-14 2.10776e-14 8.21891e-15 3.22076e-15 1.26744e-15 5.00564e-16 1.9831e-16 7.87794e-17 3.13702e-17 1.25181e-17 5.00467e-18 2.00418e-18 8.03798e-19 3.22798e-19 1.29784e-19 5.22319e-20 2.10364e-20 8.47421e-21 3.40711e-21 1.37688e-21
3.12061e-08 8.80604e-10 2.43569e-10 7.38509e-11 2.4026e-11 8.2257e-12 2.92034e-12 1.06417e-12 3.9527e-13 1.4895e-13 5.676e-14 2.18249e-14 8.45268e-15 3.29326e-15 1.28952e-15 5.07079e-16 2.00126e-16 7.92321e-17 3.14553e-17 1.25181e-17 4.99245e-18 1.99487e-18 7.98459e-19 3.20072e-19 1.28478e-19 5.16326e-20 2.07709e-20 8.36216e-21 3.36733e-21 1.35345e-21 5.46749e-22
1.33616e-08 3.57401e-10 9.88293e-11 2.99417e-11 9.73053e-12 3.3275e-12 1.17996e-12 4.29481e-13 1.59346e-13 5.99808e-14 2.28381e-14 8.77378e-15 3.39522e-15 1.32178e-15 5.17178e-16 2.03227e-16 8.01531e-17 3.17135e-17 1.25828e-17 5.00467e-18 1.99487e-18 7.96693e-19 3.18724e-19 1.27705e-19 5.12381e-20 2.05827e-20 8.27671e-21 3.33084e-21 1.34081e-21 5.38762e-22 2.17564e-22
5.70936e-09 1.45155e-10 4.01307e-11 1.21495e-11 3.94449e-12 1.34739e-12 4.77252e-13 1.73509e-13 6.42987e-14 2.41871e-14 9.20139e-15 3.532e-15 1.36572e-15 5.31289e-16 2.07733e-16 8.15754e-17 3.21532e-17 1.27142e-17 5.04168e-18 2.00418e-18 7.98459e-19 3.18724e-19 1.27449e-19 5.10425e-20 2.04707e-20 8.21985e-21 3.30407e-21 1.32919e-21 5.34874e-22 2.14862e-22 8.67362e-23
2.43509e-09 5.89894e-11 1.63063e-11 4.93355e-12 1.60023e-12 5.46019e-13 1.93165e-13 7.01288e-14 2.59795e-14 9.76431e-15 3.71154e-15 1.42358e-15 5.50051e-16 2.13829e-16 8.35516e-17 3.27894e-17 1.29163e-17 5.10454e-18 2.02306e-18 8.03798e-19 3.20072e-19 1.27705e-19 5.10425e-20 2.04335e-20 8.19151e-21 3.28795e-21 1.32114e-21 5.31291e-22 2.13725e-22 8.58319e-23 3.46373e-23
1.03684e-09 2.39859e-11 6.62957e-12 2.00452e-12 6.4952e-13 2.2132e-13 7.81525e-14 2.83843e-14 1.05064e-14 3.94565e-15 1.49864e-15 5.74391e-16 2.21781e-16 8.61591e-17 3.36446e-17 1.31958e-17 5.19512e-18 2.052e-18 8.12842e-19 3.22798e-19 1.28478e-19 5.12381e-20 2.04707e-20 8.19151e-21 3.28258e-21 1.31708e-21 5.29032e-22 2.12676e-22 8.55274e-23 3.43389e-23 1.3853e-23
4.40794e-10 9.7575e-12 2.6964e-12 8.14574e-13 2.63505e-13 8.95391e-14 3.16786e-14 1.14966e-14 4.2522e-15 1.5957e-15 6.05641e-16 2.31967e-16 8.95071e-17 3.47507e-17 1.35619e-17 5.31613e-18 2.09181e-18 8.25814e-19 3.26962e-19 1.29784e-19 5.16326e-20 2.05827e-20 8.21985e-21 3.28795e-21 1.31708e-21 5.28271e-22 2.12117e-22 8.52454e-23 3.42711e-23 1.37563e-23 5.54787e-24
1.87123e-10 3.97018e-12 1.09636e-12 3.30468e-13 1.06397e-13 3.63363e-14 1.28471e-14 4.65908e-15 1.72199e-15 6.45746e-16 2.44925e-16 9.37479e-17 3.61515e-17 1.40274e-17 5.47131e-18 2.14356e-18 8.43026e-19 3.32653e-19 1.31645e-19 5.22319e-20 2.07709e-20 8.27671e-21 3.30407e-21 1.32114e-21 5.29032e-22 2.12117e-22 8.5144e-23 3.42069e-23 1.37482e-23 5.51719e-24 2.22441e-24
7.93105e-11 1.61391e-12 4.44198e-13 1.32731e-13 4.321e-14 1.47492e-14 5.21143e-15 1.88868e-15 6.97585e-16 2.61423e-16 9.90922e-17 3.79059e-17 1.4609e-17 5.66543e-18 2.20862e-18 8.64862e-19 3.39974e-19 1.3409e-19 5.30424e-20 2.10364e-20 8.36216e-21 3.33084e-21 1.32919e-21 5.31291e-22 2.12676e-22 8.52454e-23 3.42069e-23 1.37387e-23 5.52025e-24 2.2148e-24 8.92708e-25
3.35208e-11 6.51712e-13 1.76494e-13 5.39029e-14 1.75418e-14 5.98455e-15 2.11329e-15 7.65399e-16 2.82523e-16 1.05813e-16 4.00849e-17 1.53252e-17 5.90325e-18 2.28815e-18 8.91584e-19 3.48971e-19 1.37119e-19 5.40588e-20 2.13756e-20 8.47421e-21 3.36733e-21 1.34081e-21 5.34874e-22 2.13725e-22 8.55274e-23 3.42711e-23 1.37482e-23 5.52025e-24 2.21749e-24 8.89501e-25 3.58434e-25
1.40244e-11 2.53751e-13 7.14556e-14 2.18201e-14 7.09845e-15 2.42054e-15 8.54302e-16 3.09249e-16 1.1409e-16 4.27085e-17 1.61715e-17 6.17986e-18 2.37944e-18 9.2191e-19 3.59083e-19 1.40495e-19 5.51838e-20 2.17487e-20 8.59688e-21 3.40711e-21 1.35345e-21 5.38762e-22 2.14862e-22 8.58319e-23 3.43389e-23 1.37563e-23 5.51719e-24 2.2148e-24 8.89501e-25 3.56744e-25 1.43723e-25
5.92668e-12 1.03476e-13 2.91419e-14 8.89631e-15 2.89252e-15 9.8567e-16 3.47634e-16 1.25752e-16 4.63618e-17 1.73439e-17 6.56324e-18 2.50666e-18 9.64616e-19 3.73545e-19 1.45424e-19 5.68718e-20 2.23283e-20 8.79609e-21 3.47553e-21 1.37688e-21 5.46749e-22 2.17564e-22 8.67362e-23 3.46373e-23 1.3853e-23 5.54787e-24 2.22441e-24 8.92708e-25 3.58434e-25 1.43723e-25 5.78874e-26
