0.37113 0.0261046 0.0167049 0.0115376 0.00838381 0.00629938 0.00484024 0.00377656 0.00297871 0.00236793 0.00189337 0.00152058 0.00122531 0.000989959 0.000801435 0.000649841 0.000527568 0.000428702 0.000348603 0.000283599 0.000230771 0.000187783 0.000152759 0.000124187 0.000100843 8.17352e-05 6.60565e-05 5.31477e-05 4.24685e-05 3.35741e-05 2.73796e-05
0.0261046 0.00376733 0.00224838 0.00142928 0.000950641 0.000653757 0.000461174 0.000331847 0.000242583 0.000179593 0.000134335 0.000101335 7.69784e-05 5.88186e-05 4.51644e-05 3.48247e-05 2.69473e-05 2.09146e-05 1.62735e-05 1.26889e-05 9.91035e-06 7.74945e-06 6.06372e-06 4.74468e-06 3.70939e-06 2.89414e-06 2.24987e-06 1.73869e-06 1.33139e-06 1.00558e-06 7.97941e-07
0.0167049 0.00224838 0.00127809 0.000783439 0.00050799 0.000343392 0.000239483 0.000171031 0.000124411 9.18135e-05 6.85402e-05 5.16426e-05 3.92063e-05 2.99513e-05 2.30003e-05 1.77398e-05 1.3733e-05 1.06643e-05 8.30296e-06 6.47839e-06 5.06338e-06 3.96232e-06 3.10288e-06 2.43e-06 1.9016e-06 1.48538e-06 1.15645e-06 8.95672e-07 6.88358e-07 5.37914e-07 4.27121e-07
0.0115376 0.00142928 0.000783439 0.000466863 0.000296732 0.000197922 0.000136841 9.71918e-05 7.04564e-05 5.18874e-05 3.86875e-05 2.91309e-05 2.21098e-05 1.68904e-05 1.29727e-05 1.00085e-05 7.75076e-06 6.02144e-06 4.69043e-06 3.66168e-06 2.8636e-06 2.24239e-06 1.75736e-06 1.37754e-06 1.07927e-06 8.44381e-07 6.589e-07 5.12111e-07 4.01499e-07 3.13775e-07 2.49221e-07
0.00838381 0.000950641 0.00050799 0.000296732 0.000185974 0.000122919 8.45063e-05 5.98179e-05 4.32779e-05 3.18366e-05 2.37237e-05 1.78586e-05 1.35534e-05 1.03543e-05 7.95361e-06 6.1373e-06 4.75383e-06 3.69406e-06 2.87829e-06 2.2477e-06 1.75846e-06 1.37762e-06 1.08028e-06 8.4748e-07 6.64719e-07 5.20887e-07 4.07455e-07 3.20105e-07 2.51005e-07 1.9617e-07 1.55811e-07
0.00629938 0.000653757 0.000343392 0.000197922 0.000122919 8.07851e-05 5.53576e-05 3.91143e-05 2.82719e-05 2.07875e-05 1.54865e-05 1.16566e-05 8.846e-06 6.75787e-06 5.19094e-06 4.0055e-06 3.10259e-06 2.41097e-06 1.87862e-06 1.46716e-06 1.14796e-06 8.99548e-07 7.05645e-07 5.53885e-07 4.34814e-07 3.4119e-07 2.6833e-07 2.10825e-07 1.6532e-07 1.29202e-07 1.026e-07
0.00484024 0.000461174 0.000239483 0.000136841 8.45063e-05 5.53576e-05 3.78678e-05 2.67334e-05 1.93149e-05 1.41986e-05 1.05763e-05 7.95965e-06 6.03961e-06 4.61321e-06 3.54294e-06 2.73335e-06 2.11682e-06 1.64465e-06 1.2813e-06 1.00054e-06 7.82813e-07 6.13421e-07 4.81257e-07 3.77871e-07 2.9681e-07 2.3348e-07 1.83614e-07 1.44256e-07 1.13113e-07 8.83957e-08 7.01734e-08
0.00377656 0.000331847 0.000171031 9.71918e-05 5.98179e-05 3.91143e-05 2.67334e-05 1.88655e-05 1.36276e-05 1.00161e-05 7.45948e-06 5.61268e-06 4.25766e-06 3.25115e-06 2.49609e-06 1.92508e-06 1.49037e-06 1.15756e-06 9.01559e-07 7.0382e-07 5.50539e-07 4.31344e-07 3.38392e-07 2.65724e-07 2.08927e-07 1.6432e-07 1.29205e-07 1.01495e-07 7.95738e-08 6.21806e-08 4.9344e-08
0.00297871 0.000242583 0.000124411 7.04564e-05 4.32779e-05 2.82719e-05 1.93149e-05 1.36276e-05 9.84224e-06 7.23243e-06 5.38485e-06 4.05035e-06 3.07135e-06 2.34433e-06 1.79911e-06 1.38695e-06 1.0733e-06 8.33279e-07 6.48736e-07 5.06265e-07 3.95881e-07 3.10089e-07 2.43225e-07 1.91039e-07 1.50165e-07 1.18074e-07 9.28203e-08 7.28997e-08 5.71457e-08 4.46504e-08 3.54188e-08
0.00236793 0.000179593 9.18135e-05 5.18874e-05 3.18366e-05 2.07875e-05 1.41986e-05 1.00161e-05 7.23243e-06 5.31311e-06 3.9544e-06 2.97315e-06 2.25348e-06 1.71923e-06 1.31873e-06 1.01612e-06 7.85944e-07 6.09898e-07 4.74613e-07 3.70225e-07 2.89393e-07 2.26603e-07 1.77718e-07 1.39538e-07 1.09647e-07 8.61896e-08 6.77377e-08 5.31884e-08 4.16868e-08 3.25683e-08 2.58244e-08
0.00189337 0.000134335 6.85402e-05 3.86875e-05 2.37237e-05 1.54865e-05 1.05763e-05 7.45948e-06 5.38485e-06 3.9544e-06 2.94187e-06 2.21079e-06 1.67479e-06 1.27705e-06 9.79037e-07 7.53972e-07 5.82877e-07 4.5209e-07 3.5164e-07 2.74176e-07 2.14225e-07 1.67693e-07 1.31463e-07 1.03182e-07 8.10503e-08 6.36905e-08 5.00414e-08 3.92838e-08 3.07834e-08 2.40473e-08 1.90603e-08
0.00152058 0.000101335 5.16426e-05 2.91309e-05 1.78586e-05 1.16566e-05 7.95965e-06 5.61268e-06 4.05035e-06 2.97315e-06 2.21079e-06 1.66052e-06 1.25724e-06 9.58124e-07 7.34126e-07 5.65052e-07 4.36596e-07 3.38458e-07 2.63127e-07 2.05067e-07 1.60162e-07 1.25318e-07 9.82032e-08 7.70471e-08 6.04998e-08 4.75263e-08 3.73306e-08 2.92984e-08 2.29544e-08 1.79295e-08 1.42058e-08
0.00122531 7.69784e-05 3.92063e-05 2.21098e-05 1.35534e-05 8.846e-06 6.03961e-06 4.25766e-06 3.07135e-06 2.25348e-06 1.67479e-06 1.25724e-06 9.51359e-07 7.24607e-07 5.54891e-07 4.26862e-07 3.29645e-07 2.55416e-07 1.98471e-07 1.54608e-07 1.20697e-07 9.4398e-08 7.39428e-08 5.79909e-08 4.552e-08 3.57472e-08 2.80704e-08 2.20254e-08 1.72531e-08 1.34747e-08 1.06723e-08
0.000989959 5.88186e-05 2.99513e-05 1.68904e-05 1.03543e-05 6.75787e-06 4.61321e-06 3.25115e-06 2.34433e-06 1.71923e-06 1.27705e-06 9.58124e-07 7.24607e-07 5.51587e-07 4.2216e-07 3.2458e-07 2.50526e-07 1.94015e-07 1.50688e-07 1.1733e-07 9.15545e-08 7.15747e-08 5.60424e-08 4.39356e-08 3.44752e-08 2.7065e-08 2.12468e-08 1.66673e-08 1.30536e-08 1.01938e-08 8.07087e-09
0.000801435 4.51644e-05 2.30003e-05 1.29727e-05 7.95361e-06 5.19094e-06 3.54294e-06 2.49609e-06 1.79911e-06 1.31873e-06 9.79037e-07 7.34126e-07 5.54891e-07 4.2216e-07 3.22927e-07 2.48152e-07 1.91438e-07 1.48183e-07 1.15036e-07 8.9529e-08 6.98306e-08 5.45689e-08 4.27102e-08 3.34712e-08 2.62551e-08 2.06053e-08 1.61713e-08 1.26828e-08 9.93123e-09 7.75468e-09 6.1376e-09
0.000649841 3.48247e-05 1.77398e-05 1.00085e-05 6.1373e-06 4.0055e-06 2.73335e-06 1.92508e-06 1.38695e-06 1.01612e-06 7.53972e-07 5.65052e-07 4.26862e-07 3.2458e-07 2.48152e-07 1.90594e-07 1.46962e-07 1.13701e-07 8.82265e-08 6.86338e-08 5.35102e-08 4.17985e-08 3.27025e-08 2.56192e-08 2.00892e-08 1.57615e-08 1.23665e-08 9.6966e-09 7.59156e-09 5.92717e-09 4.68963e-09
0.000527568 2.69473e-05 1.3733e-05 7.75076e-06 4.75383e-06 3.10259e-06 2.11682e-06 1.49037e-06 1.0733e-06 7.85944e-07 5.82877e-07 4.36596e-07 3.29645e-07 2.50526e-07 1.91438e-07 1.46962e-07 1.13263e-07 8.75891e-08 6.79344e-08 5.28254e-08 4.11683e-08 3.21454e-08 2.51408e-08 1.96885e-08 1.54337e-08 1.21053e-08 9.49538e-09 7.44372e-09 5.82678e-09 4.54886e-09 3.59795e-09
0.000428702 2.09146e-05 1.06643e-05 6.02144e-06 3.69406e-06 2.41097e-06 1.64465e-06 1.15756e-06 8.33279e-07 6.09898e-07 4.5209e-07 3.38458e-07 2.55416e-07 1.94015e-07 1.48183e-07 1.13701e-07 8.75891e-08 6.77043e-08 5.24891e-08 4.07984e-08 3.17829e-08 2.48076e-08 1.93951e-08 1.51838e-08 1.18988e-08 9.33007e-09 7.31662e-09 5.7345e-09 4.48811e-09 3.50344e-09 2.77022e-09
0.000348603 1.62735e-05 8.30296e-06 4.69043e-06 2.87829e-06 1.87862e-06 1.2813e-06 9.01559e-07 6.48736e-07 4.74613e-07 3.5164e-07 2.63127e-07 1.98471e-07 1.50688e-07 1.15036e-07 8.82265e-08 6.79344e-08 5.24891e-08 4.06764e-08 3.16042e-08 2.46111e-08 1.92028e-08 1.5008e-08 1.17455e-08 9.20158e-09 7.21317e-09 5.65517e-09 4.4314e-09 3.46769e-09 2.70665e-09 2.13955e-09
0.000283599 1.26889e-05 6.47839e-06 3.66168e-06 2.2477e-06 1.46716e-06 1.00054e-06 7.0382e-07 5.06265e-07 3.70225e-07 2.74176e-07 2.05067e-07 1.54608e-07 1.1733e-07 8.9529e-08 6.86338e-08 5.28254e-08 4.07984e-08 3.16042e-08 2.45461e-08 1.91078e-08 1.49037e-08 1.16442e-08 9.11005e-09 7.13488e-09 5.59159e-09 4.38281e-09 3.43369e-09 2.68655e-09 2.09675e-09 1.65697e-09
0.000230771 9.91035e-06 5.06338e-06 2.8636e-06 1.75846e-06 1.14796e-06 7.82813e-07 5.50539e-07 3.95881e-07 2.89393e-07 2.14225e-07 1.60162e-07 1.20697e-07 9.15545e-08 6.98306e-08 5.35102e-08 4.11683e-08 3.17829e-08 2.46111e-08 1.91078e-08 1.48691e-08 1.15938e-08 9.05529e-09 7.08248e-09 5.54536e-09 4.34478e-09 3.40476e-09 2.66693e-09 2.08632e-09 1.62815e-09 1.28631e-09
0.000187783 7.74945e-06 3.96232e-06 2.24239e-06 1.37762e-06 8.99548e-07 6.13421e-07 4.31344e-07 3.10089e-07 2.26603e-07 1.67693e-07 1.25318e-07 9.4398e-08 7.15747e-08 5.45689e-08 4.17985e-08 3.21454e-08 2.48076e-08 1.92028e-08 1.49037e-08 1.15938e-08 9.03707e-09 7.05623e-09 5.51736e-09 4.31877e-09 3.38292e-09 2.65042e-09 2.07568e-09 1.62356e-09 1.26691e-09 1.00065e-09
0.000152759 6.06372e-06 3.10288e-06 1.75736e-06 1.08028e-06 7.05645e-07 4.81257e-07 3.38392e-07 2.43225e-07 1.77718e-07 1.31463e-07 9.82032e-08 7.39428e-08 5.60424e-08 4.27102e-08 3.27025e-08 2.51408e-08 1.93951e-08 1.5008e-08 1.16442e-08 9.05529e-09 7.05623e-09 5.50798e-09 4.30559e-09 3.36939e-09 2.63864e-09 2.06687e-09 1.61839e-09 1.2657e-09 9.87587e-10 7.79837e-10
0.000124187 4.74468e-06 2.43e-06 1.37754e-06 8.4748e-07 5.53885e-07 3.77871e-07 2.65724e-07 1.91039e-07 1.39538e-07 1.03182e-07 7.70471e-08 5.79909e-08 4.39356e-08 3.34712e-08 2.56192e-08 1.96885e-08 1.51838e-08 1.17455e-08 9.11005e-09 7.08248e-09 5.51736e-09 4.30559e-09 3.36481e-09 2.63254e-09 2.06114e-09 1.61419e-09 1.26372e-09 9.88198e-10 7.71002e-10 6.08669e-10
0.000100843 3.70939e-06 1.9016e-06 1.07927e-06 6.64719e-07 4.34814e-07 2.9681e-07 2.08927e-07 1.50165e-07 1.09647e-07 8.10503e-08 6.04998e-08 4.552e-08 3.44752e-08 2.62551e-08 2.00892e-08 1.54337e-08 1.18988e-08 9.20158e-09 7.13488e-09 5.54536e-09 4.31877e-09 3.36939e-09 2.63254e-09 2.05916e-09 1.61188e-09 1.26212e-09 9.87932e-10 7.72446e-10 6.02628e-10 4.7564e-10
8.17352e-05 2.89414e-06 1.48538e-06 8.44381e-07 5.20887e-07 3.4119e-07 2.3348e-07 1.6432e-07 1.18074e-07 8.61896e-08 6.36905e-08 4.75263e-08 3.57472e-08 2.7065e-08 2.06053e-08 1.57615e-08 1.21053e-08 9.33007e-09 7.21317e-09 5.59159e-09 4.34478e-09 3.38292e-09 2.63864e-09 2.06114e-09 1.61188e-09 1.26151e-09 9.87609e-10 7.72948e-10 6.04287e-10 4.71407e-10 3.71995e-10
6.60565e-05 2.24987e-06 1.15645e-06 6.589e-07 4.07455e-07 2.6833e-07 1.83614e-07 1.29205e-07 9.28203e-08 6.77377e-08 5.00414e-08 3.73306e-08 2.80704e-08 2.12468e-08 1.61713e-08 1.23665e-08 9.49538e-09 7.31662e-09 5.65517e-09 4.38281e-09 3.40476e-09 2.65042e-09 2.06687e-09 1.61419e-09 1.26212e-09 9.87609e-10 7.73057e-10 6.04951e-10 4.72902e-10 3.68892e-10 2.91045e-10
5.31477e-05 1.73869e-06 8.95672e-07 5.12111e-07 3.20105e-07 2.10825e-07 1.44256e-07 1.01495e-07 7.28997e-08 5.31884e-08 3.92838e-08 2.92984e-08 2.20254e-08 1.66673e-08 1.26828e-08 9.6966e-09 7.44372e-09 5.7345e-09 4.4314e-09 3.43369e-09 2.66693e-09 2.07568e-09 1.61839e-09 1.26372e-09 9.87932e-10 7.72948e-10 6.04951e-10 4.7335e-10 3.69995e-10 2.88605e-10 2.27665e-10
4.24685e-05 1.33139e-06 6.88358e-07 4.01499e-07 2.51005e-07 1.6532e-07 1.13113e-07 7.95738e-08 5.71457e-08 4.16868e-08 3.07834e-08 2.29544e-08 1.72531e-08 1.30536e-08 9.93123e-09 7.59156e-09 5.82678e-09 4.48811e-09 3.46769e-09 2.68655e-09 2.08632e-09 1.62356e-09 1.2657e-09 9.88198e-10 7.72446e-10 6.04287e-10 4.72902e-10 3.69995e-10 2.8919e-10 2.25566e-10 1.77916e-10
3.35741e-05 1.00558e-06 5.37914e-07 3.13775e-07 1.9617e-07 1.29202e-07 8.83957e-08 6.21806e-08 4.46504e-08 3.25683e-08 2.40473e-08 1.79295e-08 1.34747e-08 1.01938e-08 7.75468e-09 5.92717e-09 4.54886e-09 3.50344e-09 2.70665e-09 2.09675e-09 1.62815e-09 1.26691e-09 9.87587e-10 7.71002e-10 6.02628e-10 4.71407e-10 3.68892e-10 2.88605e-10 2.25566e-10 1.75936e-10 1.38761e-10
2.73796e-05 7.97941e-07 4.27121e-07 2.49221e-07 1.55811e-07 1.026e-07 7.01734e-08 4.9344e-08 3.54188e-08 2.58244e-08 1.90603e-08 1.42058e-08 1.06723e-08 8.07087e-09 6.1376e-09 4.68963e-09 3.59795e-09 2.77022e-09 2.13955e-09 1.65697e-09 1.28631e-09 1.00065e-09 7.79837e-10 6.08669e-10 4.7564e-10 3.71995e-10 2.91045e-10 2.27665e-10 1.77916e-10 1.38761e-10 1.09417e-10
