0.392843 0.109763 0.0411743 0.0165035 0.00535617 0.00147504 0.000364463 8.3804e-05 1.83471e-05 3.88034e-06 8.00375e-07 1.62029e-07 3.23344e-08 6.38036e-09 1.24767e-09 2.4218e-10 4.67203e-11 8.96634e-12 1.71314e-12 3.26062e-13 6.18511e-14 1.16979e-14 2.2066e-15 4.15258e-16 7.79814e-17 1.46161e-17 2.73473e-18 5.10863e-19 9.52856e-20 1.77104e-20 3.29506e-21
0.109763 0.0371028 0.0153716 0.0036273 0.000727406 0.000136326 2.47696e-05 4.43624e-06 7.89467e-07 1.40144e-07 2.48635e-08 4.41254e-09 7.83657e-10 1.39295e-10 2.47816e-11 4.41257e-12 7.86319e-13 1.40223e-13 2.50225e-14 4.46786e-15 7.98187e-16 1.42667e-16 2.55115e-17 4.56378e-18 8.1672e-19 1.46207e-19 2.61815e-20 4.68943e-21 8.38835e-22 1.43989e-22 2.58155e-23
0.0411743 0.0153716 0.00299191 0.00056389 0.000102648 1.83047e-05 3.2322e-06 5.68683e-07 1.00019e-07 1.76109e-08 3.10615e-09 5.48857e-10 9.71539e-11 1.72249e-11 3.05823e-12 5.43663e-13 9.67534e-14 1.72354e-14 3.07289e-15 5.48273e-16 9.78891e-17 1.74875e-17 3.12573e-18 5.58958e-19 9.99981e-20 1.78966e-20 3.20394e-21 5.73237e-22 1.00204e-22 1.79016e-23 3.20948e-24
0.0165035 0.0036273 0.00056389 9.3489e-05 1.58396e-05 2.708e-06 4.65763e-07 8.05358e-08 1.39941e-08 2.44243e-09 4.27928e-10 7.52231e-11 1.326e-11 2.34294e-12 4.14803e-13 7.35627e-14 1.30647e-14 2.32317e-15 4.13551e-16 7.36854e-17 1.31398e-17 2.34482e-18 4.18703e-19 7.48081e-20 1.33725e-20 2.39146e-21 4.27632e-22 7.55371e-23 1.34997e-23 2.41105e-24 4.32073e-25
0.00535617 0.000727406 0.000102648 1.58396e-05 2.55994e-06 4.24461e-07 7.15298e-08 1.21939e-08 2.09706e-09 3.63148e-10 6.3235e-11 1.10605e-11 1.94165e-12 3.41878e-13 6.0346e-14 1.06741e-14 1.89137e-15 3.35639e-16 5.96386e-17 1.06088e-17 1.88899e-18 3.36636e-19 6.00371e-20 1.07144e-20 1.91325e-21 3.41735e-22 6.06792e-23 1.08378e-23 1.93593e-24 3.4557e-25 6.18862e-26
0.00147504 0.000136326 1.83047e-05 2.708e-06 4.24461e-07 6.88958e-08 1.14376e-08 1.92866e-09 3.28961e-10 5.65979e-11 9.80367e-12 1.70725e-12 2.98587e-13 5.24039e-14 9.22377e-15 1.62741e-15 2.87716e-16 5.0954e-17 9.03721e-18 1.60489e-18 2.85325e-19 5.07761e-20 9.04382e-21 1.61203e-21 2.87497e-22 5.1145e-23 9.12632e-24 1.62894e-24 2.90781e-25 5.1871e-26 9.28209e-27
0.000364463 2.47696e-05 3.2322e-06 4.65763e-07 7.15298e-08 1.14376e-08 1.87797e-09 3.14046e-10 5.32164e-11 9.10754e-12 1.5706e-12 2.72479e-13 4.74983e-14 8.3121e-15 1.45926e-15 2.5687e-16 4.53176e-17 8.01035e-18 1.41824e-18 2.51456e-19 4.46388e-20 7.93297e-21 1.41115e-21 2.51219e-22 4.46907e-23 7.96455e-24 1.42006e-24 2.53273e-25 4.51785e-26 8.05353e-27 1.44e-27
8.3804e-05 4.43624e-06 5.68683e-07 8.05358e-08 1.21939e-08 1.92866e-09 3.14046e-10 5.21754e-11 8.79481e-12 1.49855e-12 2.57457e-13 4.45193e-14 7.73814e-15 1.35066e-15 2.36569e-16 4.15546e-17 7.31706e-18 1.29108e-18 2.28215e-19 4.04023e-20 7.16229e-21 1.2712e-21 2.25846e-22 4.01342e-23 7.14151e-24 1.2716e-24 2.26536e-25 4.03721e-26 7.19622e-27 1.28191e-27 2.29035e-28
1.83471e-05 7.89467e-07 1.00019e-07 1.39941e-08 2.09706e-09 3.28961e-10 5.32164e-11 8.79481e-12 1.47599e-12 2.50557e-13 4.29069e-14 7.39814e-15 1.28261e-15 2.23356e-16 3.90386e-17 6.84418e-18 1.20302e-18 2.11926e-19 3.74045e-20 6.61271e-21 1.17075e-21 2.07535e-22 3.68186e-23 6.5399e-24 1.16263e-24 2.06836e-25 3.68178e-26 6.5565e-27 1.16784e-27 2.07896e-28 3.7117e-29
3.88034e-06 1.40144e-07 1.76109e-08 2.44243e-09 3.63148e-10 5.65979e-11 9.10754e-12 1.49855e-12 2.50557e-13 4.23956e-14 7.23935e-15 1.24504e-15 2.15355e-16 3.74239e-17 6.52852e-18 1.14256e-18 2.00507e-19 3.52688e-20 6.21623e-21 1.09755e-21 1.9408e-22 3.43603e-23 6.09109e-24 1.0809e-24 1.91985e-25 3.41261e-26 6.06987e-27 1.08013e-27 1.9226e-28 3.42038e-29 6.1024e-30
8.00375e-07 2.48635e-08 3.10615e-09 4.27928e-10 6.3235e-11 9.80367e-12 1.5706e-12 2.57457e-13 4.29069e-14 7.23935e-15 1.23302e-15 2.11571e-16 3.65192e-17 6.33414e-18 1.10305e-18 1.92734e-19 3.37724e-20 5.93232e-21 1.04425e-21 1.84152e-22 3.25251e-23 5.75301e-24 1.01886e-24 1.80639e-25 3.20572e-26 5.69375e-27 1.01197e-27 1.79953e-28 3.20102e-29 5.69132e-30 1.01474e-30
1.62029e-07 4.41254e-09 5.48857e-10 7.52231e-11 1.10605e-11 1.70725e-12 2.72479e-13 4.45193e-14 7.39814e-15 1.24504e-15 2.11571e-16 3.62275e-17 6.24133e-18 1.08065e-18 1.87887e-19 3.27806e-20 5.73618e-21 1.00631e-21 1.76926e-22 3.11649e-23 5.49896e-24 9.71712e-25 1.71934e-25 3.0457e-26 5.40073e-27 9.58512e-28 1.70239e-28 3.02526e-29 5.37801e-30 9.55648e-31 1.70285e-31
3.23344e-08 7.83657e-10 9.71539e-11 1.326e-11 1.94165e-12 2.98587e-13 4.74983e-14 7.73814e-15 1.28261e-15 2.15355e-16 3.65192e-17 6.24133e-18 1.0734e-18 1.85555e-19 3.22136e-20 5.61261e-21 9.80884e-22 1.71874e-22 3.01842e-23 5.3115e-24 9.36293e-25 1.653e-25 2.92231e-26 5.17251e-27 9.1651e-28 1.62545e-28 2.88498e-29 5.12358e-30 9.10281e-31 1.61665e-31 2.87901e-32
6.38036e-09 1.39295e-10 1.72249e-11 2.34294e-12 3.41878e-13 5.24039e-14 8.3121e-15 1.35066e-15 2.23356e-16 3.74239e-17 6.33414e-18 1.08065e-18 1.85555e-19 3.2029e-20 5.55285e-21 9.66249e-22 1.68666e-22 2.95212e-23 5.1792e-24 9.10501e-25 1.60354e-25 2.82859e-26 4.99658e-27 8.83727e-28 1.56474e-28 2.77322e-29 4.91902e-30 8.73071e-31 1.55027e-31 2.75186e-32 4.89796e-33
1.24767e-09 2.47816e-11 3.05823e-12 4.14803e-13 6.0346e-14 9.22377e-15 1.45926e-15 2.36569e-16 3.90386e-17 6.52852e-18 1.10305e-18 1.87887e-19 3.22136e-20 5.55285e-21 9.6147e-22 1.67107e-22 2.91374e-23 5.09464e-24 8.92941e-25 1.56836e-25 2.75979e-26 4.86426e-27 8.58597e-28 1.51748e-28 2.68506e-29 4.75573e-30 8.43042e-31 1.49546e-31 2.654e-32 4.70877e-33 8.37665e-34
2.4218e-10 4.41257e-12 5.43663e-13 7.35627e-14 1.06741e-14 1.62741e-15 2.5687e-16 4.15546e-17 6.84418e-18 1.14256e-18 1.92734e-19 3.27806e-20 5.61261e-21 9.66249e-22 1.67107e-22 2.90117e-23 5.05341e-24 8.82731e-25 1.54577e-25 2.71267e-26 4.76955e-27 8.40019e-28 1.48167e-28 2.61691e-29 4.62744e-30 8.19109e-31 1.45119e-31 2.57285e-32 4.56375e-33 8.09332e-34 1.43905e-34
4.67203e-11 7.86319e-13 9.67534e-14 1.30647e-14 1.89137e-15 2.87716e-16 4.53176e-17 7.31706e-18 1.20302e-18 2.00507e-19 3.37724e-20 5.73618e-21 9.80884e-22 1.68666e-22 2.91374e-23 5.05341e-24 8.7938e-25 1.53471e-25 2.68518e-26 4.70845e-27 8.27235e-28 1.45589e-28 2.56623e-29 4.52957e-30 8.00468e-31 1.4161e-31 2.5075e-32 4.44331e-33 7.87778e-34 1.39642e-34 2.48177e-35
8.96634e-12 1.40223e-13 1.72354e-14 2.32317e-15 3.35639e-16 5.0954e-17 8.01035e-18 1.29108e-18 2.11926e-19 3.52688e-20 5.93232e-21 1.00631e-21 1.71874e-22 2.95212e-23 5.09464e-24 8.82731e-25 1.53471e-25 2.67614e-26 4.67849e-27 8.19751e-28 1.4392e-28 2.53121e-29 4.45878e-30 7.86524e-31 1.38915e-31 2.45618e-32 4.34692e-33 7.69902e-34 1.36437e-34 2.41747e-35 4.29448e-36
1.71314e-12 2.50225e-14 3.07289e-15 4.13551e-16 5.96386e-17 9.03721e-18 1.41824e-18 2.28215e-19 3.74045e-20 6.21623e-21 1.04425e-21 1.76926e-22 3.01842e-23 5.1792e-24 8.92941e-25 1.54577e-25 2.68518e-26 4.67849e-27 8.17286e-28 1.431e-28 2.51065e-29 4.41279e-30 7.7685e-31 1.36956e-31 2.41757e-32 4.27233e-33 7.55738e-34 1.33789e-34 2.36988e-35 4.19741e-36 7.45322e-37
3.26062e-13 4.46786e-15 5.48273e-16 7.36854e-17 1.06088e-17 1.60489e-18 2.51456e-19 4.04023e-20 6.61271e-21 1.09755e-21 1.84152e-22 3.11649e-23 5.3115e-24 9.10501e-25 1.56836e-25 2.71267e-26 4.70845e-27 8.19751e-28 1.431e-28 2.50387e-29 4.39015e-30 7.71156e-31 1.3568e-31 2.39067e-32 4.21785e-33 7.45007e-34 1.31723e-34 2.33087e-35 4.12705e-36 7.30678e-37 1.29691e-37
6.18511e-14 7.98187e-16 9.78891e-17 1.31398e-17 1.88899e-18 2.85325e-19 4.46388e-20 7.16229e-21 1.17075e-21 1.9408e-22 3.25251e-23 5.49896e-24 9.36293e-25 1.60354e-25 2.75979e-26 4.76955e-27 8.27235e-28 1.4392e-28 2.51065e-29 4.39015e-30 7.69276e-31 1.3505e-31 2.3748e-32 4.18221e-33 7.37496e-34 1.30203e-34 2.30106e-35 4.07003e-36 7.20352e-37 1.27488e-37 2.26196e-38
1.16979e-14 1.42667e-16 1.74875e-17 2.34482e-18 3.36636e-19 5.07761e-20 7.93297e-21 1.2712e-21 2.07535e-22 3.43603e-23 5.75301e-24 9.71712e-25 1.653e-25 2.82859e-26 4.86426e-27 8.40019e-28 1.45589e-28 2.53121e-29 4.41279e-30 7.71156e-31 1.3505e-31 2.36956e-32 4.16459e-33 7.3305e-34 1.29205e-34 2.28006e-35 4.02776e-36 7.12126e-37 1.2599e-37 2.22899e-38 3.95328e-39
2.2066e-15 2.55115e-17 3.12573e-18 4.18703e-19 6.00371e-20 9.04382e-21 1.41115e-21 2.25846e-22 3.68186e-23 6.09109e-24 1.01886e-24 1.71934e-25 2.92231e-26 4.99658e-27 8.58597e-28 1.48167e-28 2.56623e-29 4.45878e-30 7.7685e-31 1.3568e-31 2.3748e-32 4.16459e-33 7.31579e-34 1.28711e-34 2.26759e-35 3.99984e-36 7.06285e-37 1.24825e-37 2.2076e-38 3.90431e-39 6.9221e-40
4.15258e-16 4.56378e-18 5.58958e-19 7.48081e-20 1.07144e-20 1.61203e-21 2.51219e-22 4.01342e-23 6.5399e-24 1.0809e-24 1.80639e-25 3.0457e-26 5.17251e-27 8.83727e-28 1.51748e-28 2.61691e-29 4.52957e-30 7.86524e-31 1.36956e-31 2.39067e-32 4.18221e-33 7.3305e-34 1.28711e-34 2.26345e-35 3.98595e-36 7.02796e-37 1.24049e-37 2.19156e-38 3.87451e-39 6.85013e-40 1.21407e-40
7.79814e-17 8.1672e-19 9.99981e-20 1.33725e-20 1.91325e-21 2.87497e-22 4.46907e-23 7.14151e-24 1.16263e-24 1.91985e-25 3.20572e-26 5.40073e-27 9.1651e-28 1.56474e-28 2.68506e-29 4.62744e-30 8.00468e-31 1.38915e-31 2.41757e-32 4.21785e-33 7.37496e-34 1.29205e-34 2.26759e-35 3.98595e-36 7.01636e-37 1.23662e-37 2.18191e-38 3.85336e-39 6.81011e-40 1.20365e-40 2.13255e-41
1.46161e-17 1.46207e-19 1.78966e-20 2.39146e-21 3.41735e-22 5.1145e-23 7.96455e-24 1.2716e-24 2.06836e-25 3.41261e-26 5.69375e-27 9.58512e-28 1.62545e-28 2.77322e-29 4.75573e-30 8.19109e-31 1.4161e-31 2.45618e-32 4.27233e-33 7.45007e-34 1.30203e-34 2.28006e-35 3.99984e-36 7.02796e-37 1.23662e-37 2.17869e-38 3.84272e-39 6.78408e-40 1.19857e-40 2.11777e-41 3.75092e-42
2.73473e-18 2.61815e-20 3.20394e-21 4.27632e-22 6.06792e-23 9.12632e-24 1.42006e-24 2.26536e-25 3.68178e-26 6.06987e-27 1.01197e-27 1.70239e-28 2.88498e-29 4.91902e-30 8.43042e-31 1.45119e-31 2.5075e-32 4.34692e-33 7.55738e-34 1.31723e-34 2.30106e-35 4.02776e-36 7.06285e-37 1.24049e-37 2.18191e-38 3.84272e-39 6.77534e-40 1.19575e-40 2.11191e-41 3.73048e-42 6.60528e-43
5.10863e-19 4.68943e-21 5.73237e-22 7.55371e-23 1.08378e-23 1.62894e-24 2.53273e-25 4.03721e-26 6.5565e-27 1.08013e-27 1.79953e-28 3.02526e-29 5.12358e-30 8.73071e-31 1.49546e-31 2.57285e-32 4.44331e-33 7.69902e-34 1.33789e-34 2.33087e-35 4.07003e-36 7.12126e-37 1.24825e-37 2.19156e-38 3.85336e-39 6.78408e-40 1.19575e-40 2.10965e-41 3.72492e-42 6.57788e-43 1.16436e-43
9.52856e-20 8.38835e-22 1.00204e-22 1.34997e-23 1.93593e-24 2.90781e-25 4.51785e-26 7.19622e-27 1.16784e-27 1.9226e-28 3.20102e-29 5.37801e-30 9.10281e-31 1.55027e-31 2.654e-32 4.56375e-33 7.87778e-34 1.36437e-34 2.36988e-35 4.12705e-36 7.20352e-37 1.2599e-37 2.2076e-38 3.87451e-39 6.81011e-40 1.19857e-40 2.11191e-41 3.72492e-42 6.57505e-43 1.16079e-43 2.05416e-44
1.77104e-20 1.43989e-22 1.79016e-23 2.41105e-24 3.4557e-25 5.1871e-26 8.05353e-27 1.28191e-27 2.07896e-28 3.42038e-29 5.69132e-30 9.55648e-31 1.61665e-31 2.75186e-32 4.70877e-33 8.09332e-34 1.39642e-34 2.41747e-35 4.19741e-36 7.30678e-37 1.27488e-37 2.22899e-38 3.90431e-39 6.85013e-40 1.20365e-40 2.11777e-41 3.73048e-42 6.57788e-43 1.16079e-43 2.04883e-44 3.62472e-45
3.29506e-21 2.58155e-23 3.20948e-24 4.32073e-25 6.18862e-26 9.28209e-27 1.44e-27 2.29035e-28 3.7117e-29 6.1024e-30 1.01474e-30 1.70285e-31 2.87901e-32 4.89796e-33 8.37665e-34 1.43905e-34 2.48177e-35 4.29448e-36 7.45322e-37 1.29691e-37 2.26196e-38 3.95328e-39 6.9221e-40 1.21407e-40 2.13255e-41 3.75092e-42 6.60528e-43 1.16436e-43 2.05416e-44 3.62472e-45 6.41097e-46
