0.380351 0.0690283 0.0356493 0.0200244 0.0114957 0.00656098 0.00368889 0.00204094 0.00111303 0.000599697 0.00031992 0.000169284 8.89763e-05 4.6505e-05 2.4192e-05 1.2534e-05 6.47127e-06 3.33094e-06 1.70993e-06 8.75693e-07 4.47505e-07 2.28249e-07 1.16215e-07 5.90774e-08 2.99879e-08 1.52009e-08 7.69441e-09 3.88748e-09 1.95637e-09 9.72395e-10 4.90354e-10
0.0690283 0.017565 0.00878367 0.00428651 0.00204568 0.000964896 0.000453321 0.000213067 0.000100398 4.74652e-05 2.25171e-05 1.07164e-05 5.11499e-06 2.44769e-06 1.17393e-06 5.64127e-07 2.71553e-07 1.30912e-07 6.31943e-08 3.05407e-08 1.47749e-08 7.15433e-09 3.4671e-09 1.68142e-09 8.15931e-10 3.96108e-10 1.92274e-10 9.31457e-11 4.47316e-11 2.07733e-11 1.01157e-11
0.0356493 0.00878367 0.00369714 0.00163737 0.000739723 0.000337797 0.000155551 7.21684e-05 3.3711e-05 1.58416e-05 7.48302e-06 3.55033e-06 1.69075e-06 8.07712e-07 3.86896e-07 1.85746e-07 8.93491e-08 4.30516e-08 2.0774e-08 1.0037e-08 4.85478e-09 2.35051e-09 1.13901e-09 5.5236e-10 2.68023e-10 1.30084e-10 6.308e-11 3.04459e-11 1.44364e-11 6.96726e-12 3.39343e-12
0.0200244 0.00428651 0.00163737 0.000677606 0.000293078 0.000130171 5.88664e-05 2.69799e-05 1.24956e-05 5.83576e-06 2.74388e-06 1.29721e-06 6.16032e-07 2.93631e-07 1.4039e-07 6.72971e-08 3.233e-08 1.55606e-08 7.50151e-09 3.62139e-09 1.75037e-09 8.46934e-10 4.10177e-10 1.98807e-10 9.64097e-11 4.67469e-11 2.26162e-11 1.08439e-11 5.25438e-12 2.53565e-12 1.23473e-12
0.0114957 0.00204568 0.000739723 0.000293078 0.000122948 5.34915e-05 2.38526e-05 1.08252e-05 4.97796e-06 2.31235e-06 1.08267e-06 5.10117e-07 2.41572e-07 1.14874e-07 5.48125e-08 2.62285e-08 1.25809e-08 6.04696e-09 2.91155e-09 1.40401e-09 6.77933e-10 3.27721e-10 1.58581e-10 7.67965e-11 3.72046e-11 1.80105e-11 8.68264e-12 4.20941e-12 2.03914e-12 9.83771e-13 4.78813e-13
0.00656098 0.000964896 0.000337797 0.000130171 5.34915e-05 2.29358e-05 1.01226e-05 4.55986e-06 2.08507e-06 9.64288e-07 4.49872e-07 2.11329e-07 9.98205e-08 4.73609e-08 2.25536e-08 1.07731e-08 5.15922e-09 2.47616e-09 1.19067e-09 5.73465e-10 2.7659e-10 1.33567e-10 6.45669e-11 3.12355e-11 1.51127e-11 7.30049e-12 3.53742e-12 1.71421e-12 8.30039e-13 4.00293e-13 1.94706e-13
0.00368889 0.000453321 0.000155551 5.88664e-05 2.38526e-05 1.01226e-05 4.43408e-06 1.98609e-06 9.04154e-07 4.16637e-07 1.93784e-07 9.07914e-08 4.27856e-08 2.02581e-08 9.62905e-09 4.59167e-09 2.19553e-09 1.05224e-09 5.05301e-10 2.43072e-10 1.17103e-10 5.64884e-11 2.72778e-11 1.31811e-11 6.36804e-12 3.08231e-12 1.49264e-12 7.22918e-13 3.49859e-13 1.68648e-13 8.19773e-14
0.00204094 0.000213067 7.21684e-05 2.69799e-05 1.08252e-05 4.55986e-06 1.98609e-06 8.85673e-07 4.01746e-07 1.84565e-07 8.56179e-08 4.00201e-08 1.88201e-08 8.89399e-09 4.22013e-09 2.00918e-09 9.5928e-10 4.59118e-10 2.20196e-10 1.05798e-10 5.09124e-11 2.4533e-11 1.18341e-11 5.71165e-12 2.76066e-12 1.33531e-12 6.46215e-13 3.12785e-13 1.51288e-13 7.28946e-14 3.54094e-14
0.00111303 0.000100398 3.3711e-05 1.24956e-05 4.97796e-06 2.08507e-06 9.04154e-07 4.01746e-07 1.81683e-07 8.32476e-08 3.85279e-08 1.79712e-08 8.43509e-09 3.97926e-09 1.88508e-09 8.96132e-10 4.27263e-10 2.04227e-10 9.78299e-11 4.69512e-11 2.25698e-11 1.08643e-11 5.2351e-12 2.52601e-12 1.21999e-12 5.89677e-13 2.85181e-13 1.37949e-13 6.66856e-14 3.21165e-14 1.55909e-14
0.000599697 4.74652e-05 1.58416e-05 5.83576e-06 2.31235e-06 9.64288e-07 4.16637e-07 1.84565e-07 8.32476e-08 3.80555e-08 1.75756e-08 8.18237e-09 3.83378e-09 1.80565e-09 8.54098e-10 4.05455e-10 1.93063e-10 9.21695e-11 4.41012e-11 2.11426e-11 1.01529e-11 4.88238e-12 2.35122e-12 1.13359e-12 5.47079e-13 2.64243e-13 1.2771e-13 6.17388e-14 2.98284e-14 1.43594e-14 6.96646e-15
0.00031992 2.25171e-05 7.48302e-06 2.74388e-06 1.08267e-06 4.49872e-07 1.93784e-07 8.56179e-08 3.85279e-08 1.75756e-08 8.10157e-09 3.76508e-09 1.76123e-09 8.28261e-10 3.91229e-10 1.8548e-10 8.82111e-11 4.20643e-11 2.01053e-11 9.62887e-12 4.61941e-12 2.21971e-12 1.06807e-12 5.1455e-13 2.48146e-13 1.19775e-13 5.78507e-14 2.79503e-14 1.34966e-14 6.4946e-15 3.149e-15
0.000169284 1.07164e-05 3.55033e-06 1.29721e-06 5.10117e-07 2.11329e-07 9.07914e-08 4.00201e-08 1.79712e-08 8.18237e-09 3.76508e-09 1.74692e-09 8.15938e-10 3.83176e-10 1.80756e-10 8.55909e-11 4.0659e-11 1.93678e-11 9.24774e-12 4.42469e-12 2.12097e-12 1.01832e-12 4.89608e-13 2.35697e-13 1.13588e-13 5.47905e-14 2.64474e-14 1.27707e-14 6.16355e-15 2.96473e-15 1.43669e-15
8.89763e-05 5.11499e-06 1.69075e-06 6.16032e-07 2.41572e-07 9.98205e-08 4.27856e-08 1.88201e-08 8.43509e-09 3.83378e-09 1.76123e-09 8.15938e-10 3.80568e-10 1.78486e-10 8.40942e-11 3.97743e-11 1.8874e-11 8.98151e-12 4.2844e-12 2.04816e-12 9.80963e-13 4.70608e-13 2.261e-13 1.08768e-13 5.2383e-14 2.52519e-14 1.2182e-14 5.87911e-15 2.83606e-15 1.36365e-15 6.6047e-16
4.6505e-05 2.44769e-06 8.07712e-07 2.93631e-07 1.14874e-07 4.73609e-08 2.02581e-08 8.89399e-09 3.97926e-09 1.80565e-09 8.28261e-10 3.83176e-10 1.78486e-10 8.36072e-11 3.93467e-11 1.859e-11 8.81255e-12 4.1896e-12 1.9968e-12 9.53771e-13 4.56446e-13 2.18812e-13 1.05052e-13 5.05029e-14 2.4307e-14 1.17105e-14 5.64622e-15 2.72349e-15 1.31319e-15 6.31187e-16 3.05555e-16
2.4192e-05 1.17393e-06 3.86896e-07 1.4039e-07 5.48125e-08 2.25536e-08 9.62905e-09 4.22013e-09 1.88508e-09 8.54098e-10 3.91229e-10 1.80756e-10 8.40942e-11 3.93467e-11 1.84972e-11 8.73048e-12 4.13474e-12 1.96398e-12 9.35265e-13 4.46376e-13 2.13462e-13 1.02258e-13 4.90613e-14 2.35708e-14 1.13378e-14 5.45918e-15 2.63074e-15 1.26833e-15 6.11275e-16 2.93709e-16 1.42115e-16
1.2534e-05 5.64127e-07 1.85746e-07 6.72971e-08 2.62285e-08 1.07731e-08 4.59167e-09 2.00918e-09 8.96132e-10 4.05455e-10 1.8548e-10 8.55909e-11 3.97743e-11 1.859e-11 8.73048e-12 4.11678e-12 1.94798e-12 9.24506e-13 4.39909e-13 2.098e-13 1.00258e-13 4.79955e-14 2.30127e-14 1.10495e-14 5.31187e-15 2.5563e-15 1.23123e-15 5.93318e-16 2.8583e-16 1.37292e-16 6.64004e-17
6.47127e-06 2.71553e-07 8.93491e-08 3.233e-08 1.25809e-08 5.15922e-09 2.19553e-09 9.5928e-10 4.27263e-10 1.93063e-10 8.82111e-11 4.0659e-11 1.8874e-11 8.81255e-12 4.13474e-12 1.94798e-12 9.20976e-13 4.36746e-13 2.07662e-13 9.89673e-14 4.7262e-14 2.2611e-14 1.08349e-14 5.19934e-15 2.49815e-15 1.2016e-15 5.78465e-16 2.7863e-16 1.34174e-16 6.44272e-17 3.11463e-17
3.33094e-06 1.30912e-07 4.30516e-08 1.55606e-08 6.04696e-09 2.47616e-09 1.05224e-09 4.59118e-10 2.04227e-10 9.21695e-11 4.20643e-11 1.93678e-11 8.98151e-12 4.1896e-12 1.96398e-12 9.24506e-13 4.36746e-13 2.0696e-13 9.83346e-14 4.68327e-14 2.23508e-14 1.06865e-14 5.11791e-15 2.4546e-15 1.17876e-15 5.66698e-16 2.72689e-16 1.31289e-16 6.31978e-17 3.03368e-17 1.46597e-17
1.70993e-06 6.31943e-08 2.0774e-08 7.50151e-09 2.91155e-09 1.19067e-09 5.05301e-10 2.20196e-10 9.78299e-11 4.41012e-11 2.01053e-11 9.24774e-12 4.2844e-12 1.9968e-12 9.35265e-13 4.39909e-13 2.07662e-13 9.83346e-14 4.66913e-14 2.2223e-14 1.05995e-14 5.06499e-15 2.42435e-15 1.16214e-15 5.57812e-16 2.68047e-16 1.28924e-16 6.20462e-17 2.98555e-17 1.43273e-17 6.92069e-18
8.75693e-07 3.05407e-08 1.0037e-08 3.62139e-09 1.40401e-09 5.73465e-10 2.43072e-10 1.05798e-10 4.69512e-11 2.11426e-11 9.62887e-12 4.42469e-12 2.04816e-12 9.53771e-13 4.46376e-13 2.098e-13 9.89673e-14 4.68327e-14 2.2223e-14 1.05707e-14 5.03892e-15 2.40655e-15 1.15129e-15 5.5161e-16 2.64641e-16 1.27111e-16 6.11115e-17 2.93989e-17 1.41411e-17 6.7843e-18 3.27584e-18
4.47505e-07 1.47749e-08 4.85478e-09 1.75037e-09 6.77933e-10 2.7659e-10 1.17103e-10 5.09124e-11 2.25698e-11 1.01529e-11 4.61941e-12 2.12097e-12 9.80963e-13 4.56446e-13 2.13462e-13 1.00258e-13 4.7262e-14 2.23508e-14 1.05995e-14 5.03892e-15 2.40067e-15 1.14594e-15 5.47947e-16 2.62409e-16 1.25837e-16 6.04154e-17 2.90342e-17 1.39621e-17 6.71357e-18 3.22002e-18 1.55424e-18
2.28249e-07 7.15433e-09 2.35051e-09 8.46934e-10 3.27721e-10 1.33567e-10 5.64884e-11 2.4533e-11 1.08643e-11 4.88238e-12 2.21971e-12 1.01832e-12 4.70608e-13 2.18812e-13 1.02258e-13 4.79955e-14 2.2611e-14 1.06865e-14 5.06499e-15 2.40655e-15 1.14594e-15 5.46735e-16 2.61304e-16 1.25081e-16 5.99557e-17 2.87735e-17 1.38224e-17 6.64458e-18 3.19393e-18 1.53151e-18 7.38968e-19
1.16215e-07 3.4671e-09 1.13901e-09 4.10177e-10 1.58581e-10 6.45669e-11 2.72778e-11 1.18341e-11 5.2351e-12 2.35122e-12 1.06807e-12 4.89608e-13 2.261e-13 1.05052e-13 4.90613e-14 2.30127e-14 1.08349e-14 5.11791e-15 2.42435e-15 1.15129e-15 5.47947e-16 2.61304e-16 1.2483e-16 5.97274e-17 2.86177e-17 1.37286e-17 6.59257e-18 3.168e-18 1.52231e-18 7.29778e-19 3.52006e-19
5.90774e-08 1.68142e-09 5.5236e-10 1.98807e-10 7.67965e-11 3.12355e-11 1.31811e-11 5.71165e-12 2.52601e-12 1.13359e-12 5.1455e-13 2.35697e-13 1.08768e-13 5.05029e-14 2.35708e-14 1.10495e-14 5.19934e-15 2.4546e-15 1.16214e-15 5.5161e-16 2.62409e-16 1.25081e-16 5.97274e-17 2.85659e-17 1.36816e-17 6.5609e-18 3.14946e-18 1.51293e-18 7.26786e-19 3.48329e-19 1.67961e-19
2.99879e-08 8.15931e-10 2.68023e-10 9.64097e-11 3.72046e-11 1.51127e-11 6.36804e-12 2.76066e-12 1.21999e-12 5.47079e-13 2.48146e-13 1.13588e-13 5.2383e-14 2.4307e-14 1.13378e-14 5.31187e-15 2.49815e-15 1.17876e-15 5.57812e-16 2.64641e-16 1.25837e-16 5.99557e-17 2.86177e-17 1.36816e-17 6.5503e-18 3.14e-18 1.50679e-18 7.23596e-19 3.475e-19 1.6651e-19 8.02644e-20
1.52009e-08 3.96108e-10 1.30084e-10 4.67469e-11 1.80105e-11 7.30049e-12 3.08231e-12 1.33531e-12 5.89677e-13 2.64243e-13 1.19775e-13 5.47905e-14 2.52519e-14 1.17105e-14 5.45918e-15 2.5563e-15 1.2016e-15 5.66698e-16 2.68047e-16 1.27111e-16 6.04154e-17 2.87735e-17 1.37286e-17 6.5609e-18 3.14e-18 1.50469e-18 7.21819e-19 3.46526e-19 1.66369e-19 7.97006e-20 3.84074e-20
7.69441e-09 1.92274e-10 6.308e-11 2.26162e-11 8.68264e-12 3.53742e-12 1.49264e-12 6.46215e-13 2.85181e-13 1.2771e-13 5.78507e-14 2.64474e-14 1.2182e-14 5.64622e-15 2.63074e-15 1.23123e-15 5.78465e-16 2.72689e-16 1.28924e-16 6.11115e-17 2.90342e-17 1.38224e-17 6.59257e-18 3.14946e-18 1.50679e-18 7.21819e-19 3.46156e-19 1.66131e-19 7.97388e-20 3.81917e-20 1.83992e-20
3.88748e-09 9.31457e-11 3.04459e-11 1.08439e-11 4.20941e-12 1.71421e-12 7.22918e-13 3.12785e-13 1.37949e-13 6.17388e-14 2.79503e-14 1.27707e-14 5.87911e-15 2.72349e-15 1.26833e-15 5.93318e-16 2.7863e-16 1.31289e-16 6.20462e-17 2.93989e-17 1.39621e-17 6.64458e-18 3.168e-18 1.51293e-18 7.23596e-19 3.46526e-19 1.66131e-19 7.97093e-20 3.82488e-20 1.8316e-20 8.82154e-21
1.95637e-09 4.47316e-11 1.44364e-11 5.25438e-12 2.03914e-12 8.30039e-13 3.49859e-13 1.51288e-13 6.66856e-14 2.98284e-14 1.34966e-14 6.16355e-15 2.83606e-15 1.31319e-15 6.11275e-16 2.8583e-16 1.34174e-16 6.31978e-17 2.98555e-17 1.41411e-17 6.71357e-18 3.19393e-18 1.52231e-18 7.26786e-19 3.475e-19 1.66369e-19 7.97388e-20 3.82488e-20 1.83495e-20 8.7854e-21 4.23027e-21
9.72395e-10 2.07733e-11 6.96726e-12 2.53565e-12 9.83771e-13 4.00293e-13 1.68648e-13 7.28946e-14 3.21165e-14 1.43594e-14 6.4946e-15 2.96473e-15 1.36365e-15 6.31187e-16 2.93709e-16 1.37292e-16 6.44272e-17 3.03368e-17 1.43273e-17 6.7843e-18 3.22002e-18 1.53151e-18 7.29778e-19 3.48329e-19 1.6651e-19 7.97006e-20 3.81917e-20 1.8316e-20 8.7854e-21 4.2057e-21 2.0247e-21
4.90354e-10 1.01157e-11 3.39343e-12 1.23473e-12 4.78813e-13 1.94706e-13 8.19773e-14 3.54094e-14 1.55909e-14 6.96646e-15 3.149e-15 1.43669e-15 6.6047e-16 3.05555e-16 1.42115e-16 6.64004e-17 3.11463e-17 1.46597e-17 6.92069e-18 3.27584e-18 1.55424e-18 7.38968e-19 3.52006e-19 1.67961e-19 8.02644e-20 3.84074e-20 1.83992e-20 8.82154e-21 4.23027e-21 2.0247e-21 9.7448e-22
