0.371887 0.030403 0.0191111 0.0129898 0.00928042 0.00684214 0.00514714 0.0039237 0.00301803 0.00233597 0.00181613 0.00141655 0.00110751 0.000867415 0.000680252 0.000533981 0.00041945 0.000329641 0.000259137 0.000203742 0.000160187 0.000125921 9.89472e-05 7.76995e-05 6.09481e-05 4.7725e-05 3.7267e-05 2.89709e-05 2.23587e-05 1.70494e-05 1.33998e-05
0.030403 0.00478091 0.00281358 0.00175824 0.00114466 0.000767573 0.000526432 0.000367506 0.000260234 0.000186413 0.0001348 9.82395e-05 7.20599e-05 5.31445e-05 3.93742e-05 2.92859e-05 2.1855e-05 1.63562e-05 1.22707e-05 9.22474e-06 6.94658e-06 5.23783e-06 3.95273e-06 2.98369e-06 2.25098e-06 1.6953e-06 1.27241e-06 9.4922e-07 7.00993e-07 5.09297e-07 3.88898e-07
0.0191111 0.00281358 0.001568 0.000941522 0.000596377 0.000392653 0.00026605 0.000184248 0.000129779 9.26419e-05 6.68419e-05 4.86454e-05 3.56535e-05 2.62846e-05 1.94724e-05 1.44851e-05 1.08128e-05 8.09543e-06 6.07621e-06 4.57027e-06 3.44347e-06 2.59788e-06 1.96158e-06 1.48148e-06 1.11826e-06 8.4266e-07 6.32861e-07 4.72581e-07 3.49703e-07 2.63049e-07 2.00987e-07
0.0129898 0.00175824 0.000941522 0.000548199 0.000339789 0.000220488 0.000147981 0.000101851 7.14551e-05 5.08771e-05 3.66483e-05 2.66444e-05 1.95167e-05 1.43837e-05 1.06546e-05 7.92598e-06 5.91729e-06 4.43108e-06 3.32668e-06 2.50291e-06 1.88643e-06 1.42371e-06 1.07545e-06 8.12631e-07 6.13782e-07 4.62925e-07 3.48159e-07 2.60632e-07 1.96801e-07 1.48048e-07 1.13145e-07
0.00928042 0.00114466 0.000596377 0.000339789 0.000207401 0.00013322 8.88312e-05 6.08897e-05 4.26078e-05 3.02876e-05 2.1794e-05 1.5834e-05 1.15931e-05 8.54148e-06 6.32586e-06 4.70524e-06 3.51255e-06 2.63025e-06 1.97471e-06 1.48578e-06 1.11992e-06 8.45338e-07 6.38697e-07 4.82791e-07 3.64873e-07 2.75475e-07 2.07555e-07 1.57066e-07 1.18615e-07 8.92322e-08 6.81906e-08
0.00684214 0.000767573 0.000392653 0.000220488 0.00013322 8.50107e-05 5.64555e-05 3.86014e-05 2.69696e-05 1.9152e-05 1.37716e-05 1.00003e-05 7.31884e-06 5.39047e-06 3.99098e-06 2.96771e-06 2.21489e-06 1.65817e-06 1.24464e-06 9.36316e-07 7.05667e-07 5.32618e-07 4.02438e-07 3.04266e-07 2.30063e-07 1.73863e-07 1.31699e-07 9.96655e-08 7.52656e-08 5.66185e-08 4.32561e-08
0.00514714 0.000526432 0.00026605 0.000147981 8.88312e-05 5.64555e-05 3.74007e-05 2.5535e-05 1.78236e-05 1.26485e-05 9.09018e-06 6.59768e-06 4.82638e-06 3.55316e-06 2.62955e-06 1.95453e-06 1.45814e-06 1.0912e-06 8.18773e-07 6.15741e-07 4.6393e-07 3.50086e-07 2.6449e-07 1.99981e-07 1.51261e-07 1.14587e-07 8.67883e-08 6.56707e-08 4.95877e-08 3.72989e-08 2.84855e-08
0.0039237 0.000367506 0.000184248 0.000101851 6.08897e-05 3.86014e-05 2.5535e-05 1.74177e-05 1.21495e-05 8.61705e-06 6.1896e-06 4.49008e-06 3.28288e-06 2.41556e-06 1.78671e-06 1.32735e-06 9.89734e-07 7.40306e-07 5.5522e-07 4.1736e-07 3.14337e-07 2.37125e-07 1.79108e-07 1.35415e-07 1.02518e-07 7.76423e-08 5.8793e-08 4.44781e-08 3.35793e-08 2.52548e-08 1.92792e-08
0.00301803 0.000260234 0.000129779 7.14551e-05 4.26078e-05 2.69696e-05 1.78236e-05 1.21495e-05 8.46999e-06 6.00404e-06 4.31025e-06 3.12493e-06 2.28339e-06 1.67911e-06 1.24124e-06 9.21571e-07 6.86767e-07 5.13403e-07 3.84841e-07 2.89141e-07 2.1767e-07 1.64139e-07 1.23942e-07 9.37217e-08 7.09283e-08 5.37004e-08 4.06516e-08 3.07459e-08 2.32072e-08 1.74517e-08 1.33166e-08
0.00233597 0.000186413 9.26419e-05 5.08771e-05 3.02876e-05 1.9152e-05 1.26485e-05 8.61705e-06 6.00404e-06 4.25357e-06 3.05174e-06 2.2111e-06 1.61461e-06 1.18654e-06 8.76547e-07 6.5039e-07 4.84381e-07 3.61892e-07 2.71117e-07 2.03589e-07 1.5319e-07 1.15467e-07 8.7172e-08 6.5889e-08 4.98449e-08 3.77244e-08 2.85484e-08 2.15859e-08 1.62895e-08 1.22479e-08 9.34172e-09
0.00181613 0.0001348 6.68419e-05 3.66483e-05 2.1794e-05 1.37716e-05 9.09018e-06 6.1896e-06 4.31025e-06 3.05174e-06 2.18806e-06 1.58427e-06 1.15609e-06 8.49011e-07 6.26781e-07 4.64763e-07 3.45916e-07 2.58285e-07 1.93387e-07 1.45141e-07 1.09156e-07 8.22447e-08 6.20615e-08 4.68884e-08 3.54564e-08 2.68245e-08 2.02929e-08 1.53394e-08 1.1573e-08 8.70038e-09 6.63314e-09
0.00141655 9.82395e-05 4.86454e-05 2.66444e-05 1.5834e-05 1.00003e-05 6.59768e-06 4.49008e-06 3.12493e-06 2.2111e-06 1.58427e-06 1.1463e-06 8.35914e-07 6.13458e-07 4.5258e-07 3.35373e-07 2.49456e-07 1.86149e-07 1.39296e-07 1.04488e-07 7.85453e-08 5.9151e-08 4.46139e-08 3.36915e-08 2.54665e-08 1.92593e-08 1.45649e-08 1.10063e-08 8.30199e-09 6.2404e-09 4.7557e-09
0.00110751 7.20599e-05 3.56535e-05 1.95167e-05 1.15931e-05 7.31884e-06 4.82638e-06 3.28288e-06 2.28339e-06 1.61461e-06 1.15609e-06 8.35914e-07 6.09148e-07 4.46735e-07 3.29361e-07 2.43908e-07 1.81311e-07 1.35218e-07 1.01127e-07 7.58176e-08 5.69637e-08 4.2877e-08 3.23244e-08 2.43999e-08 1.84357e-08 1.3937e-08 1.05363e-08 7.95975e-09 6.00262e-09 4.51139e-09 3.43669e-09
0.000867415 5.31445e-05 2.62846e-05 1.43837e-05 8.54148e-06 5.39047e-06 3.55316e-06 2.41556e-06 1.67911e-06 1.18654e-06 8.49011e-07 6.13458e-07 4.46735e-07 3.27407e-07 2.41228e-07 1.7853e-07 1.32631e-07 9.88569e-08 7.38934e-08 5.53705e-08 4.15802e-08 3.12827e-08 2.35728e-08 1.77862e-08 1.34332e-08 1.01515e-08 7.67197e-09 5.79422e-09 4.36858e-09 3.28286e-09 2.49986e-09
0.000680252 3.93742e-05 1.94724e-05 1.06546e-05 6.32586e-06 3.99098e-06 2.62955e-06 1.78671e-06 1.24124e-06 8.76547e-07 6.26781e-07 4.5258e-07 3.29361e-07 2.41228e-07 1.77622e-07 1.31376e-07 9.75437e-08 7.26642e-08 5.42857e-08 4.0657e-08 3.05162e-08 2.29481e-08 1.72847e-08 1.30362e-08 9.84193e-09 7.43491e-09 5.61711e-09 4.24113e-09 3.19693e-09 2.40208e-09 1.82849e-09
0.000533981 2.92859e-05 1.44851e-05 7.92598e-06 4.70524e-06 2.96771e-06 1.95453e-06 1.32735e-06 9.21571e-07 6.5039e-07 4.64763e-07 3.35373e-07 2.43908e-07 1.7853e-07 1.31376e-07 9.71137e-08 7.20648e-08 5.3655e-08 4.00637e-08 2.99906e-08 2.24997e-08 1.6912e-08 1.27328e-08 9.59934e-09 7.24447e-09 5.4708e-09 4.13194e-09 3.11894e-09 2.35054e-09 1.7659e-09 1.34374e-09
0.00041945 2.1855e-05 1.08128e-05 5.91729e-06 3.51255e-06 2.21489e-06 1.45814e-06 9.89734e-07 6.86767e-07 4.84381e-07 3.45916e-07 2.49456e-07 1.81311e-07 1.32631e-07 9.75437e-08 7.20648e-08 5.3448e-08 3.97734e-08 2.96836e-08 2.22098e-08 1.66548e-08 1.25132e-08 9.41718e-09 7.0969e-09 5.35397e-09 4.0418e-09 3.05173e-09 2.30297e-09 1.73524e-09 1.30348e-09 9.91536e-10
0.000329641 1.63562e-05 8.09543e-06 4.43108e-06 2.63025e-06 1.65817e-06 1.0912e-06 7.40306e-07 5.13403e-07 3.61892e-07 2.58285e-07 1.86149e-07 1.35218e-07 9.88569e-08 7.26642e-08 5.3655e-08 3.97734e-08 2.95827e-08 2.20676e-08 1.65038e-08 1.23705e-08 9.2905e-09 6.98905e-09 5.26506e-09 3.97062e-09 2.99652e-09 2.26184e-09 1.70645e-09 1.28553e-09 9.65552e-10 7.34237e-10
0.000259137 1.22707e-05 6.07621e-06 3.32668e-06 1.97471e-06 1.24464e-06 8.18773e-07 5.5522e-07 3.84841e-07 2.71117e-07 1.93387e-07 1.39296e-07 1.01127e-07 7.38934e-08 5.42857e-08 4.00637e-08 2.96836e-08 2.20676e-08 1.64541e-08 1.23002e-08 9.21584e-09 6.9185e-09 5.20266e-09 3.91791e-09 2.95367e-09 2.22836e-09 1.68155e-09 1.26834e-09 9.55304e-10 7.1744e-10 5.45393e-10
0.000203742 9.22474e-06 4.57027e-06 2.50291e-06 1.48578e-06 9.36316e-07 6.15741e-07 4.1736e-07 2.89141e-07 2.03589e-07 1.45141e-07 1.04488e-07 7.58176e-08 5.53705e-08 4.0657e-08 2.99906e-08 2.22098e-08 1.65038e-08 1.23002e-08 9.19117e-09 6.88363e-09 5.16568e-09 3.88313e-09 2.92321e-09 2.20306e-09 1.66157e-09 1.2535e-09 9.45261e-10 7.11833e-10 5.34532e-10 4.06225e-10
0.000160187 6.94658e-06 3.44347e-06 1.88643e-06 1.11992e-06 7.05667e-07 4.6393e-07 3.14337e-07 2.1767e-07 1.5319e-07 1.09156e-07 7.85453e-08 5.69637e-08 4.15802e-08 3.05162e-08 2.24997e-08 1.66548e-08 1.23705e-08 9.21584e-09 6.88363e-09 5.15343e-09 3.86586e-09 2.90502e-09 2.18616e-09 1.64708e-09 1.24188e-09 9.3664e-10 7.06157e-10 5.31681e-10 3.99209e-10 3.03296e-10
0.000125921 5.23783e-06 2.59788e-06 1.42371e-06 8.45338e-07 5.32618e-07 3.50086e-07 2.37125e-07 1.64139e-07 1.15467e-07 8.22447e-08 5.9151e-08 4.2877e-08 3.12827e-08 2.29481e-08 1.6912e-08 1.25132e-08 9.2905e-09 6.9185e-09 5.16568e-09 3.86586e-09 2.89897e-09 2.17771e-09 1.6383e-09 1.23394e-09 9.30125e-10 7.01334e-10 5.28639e-10 3.97956e-10 2.98772e-10 2.26926e-10
9.89472e-05 3.95273e-06 1.96158e-06 1.07545e-06 6.38697e-07 4.02438e-07 2.6449e-07 1.79108e-07 1.23942e-07 8.7172e-08 6.20615e-08 4.46139e-08 3.23244e-08 2.35728e-08 1.72847e-08 1.27328e-08 9.41718e-09 6.98905e-09 5.20266e-09 3.88313e-09 2.90502e-09 2.17771e-09 1.63537e-09 1.22993e-09 9.26094e-10 6.97887e-10 5.26095e-10 3.96469e-10 2.98411e-10 2.24014e-10 1.701e-10
7.76995e-05 2.98369e-06 1.48148e-06 8.12631e-07 4.82791e-07 3.04266e-07 1.99981e-07 1.35415e-07 9.37217e-08 6.5889e-08 4.68884e-08 3.36915e-08 2.43999e-08 1.77862e-08 1.30362e-08 9.59934e-09 7.0969e-09 5.26506e-09 3.91791e-09 2.92321e-09 2.18616e-09 1.6383e-09 1.22993e-09 9.24731e-10 6.96102e-10 5.24437e-10 3.95251e-10 2.97804e-10 2.24114e-10 1.68225e-10 1.27705e-10
6.09481e-05 2.25098e-06 1.11826e-06 6.13782e-07 3.64873e-07 2.30063e-07 1.51261e-07 1.02518e-07 7.09283e-08 4.98449e-08 3.54564e-08 2.54665e-08 1.84357e-08 1.34332e-08 9.84193e-09 7.24447e-09 5.35397e-09 3.97062e-09 2.95367e-09 2.20306e-09 1.64708e-09 1.23394e-09 9.26094e-10 6.96102e-10 5.23864e-10 3.9458e-10 2.97317e-10 2.23974e-10 1.68528e-10 1.2649e-10 9.59993e-11
4.7725e-05 1.6953e-06 8.4266e-07 4.62925e-07 2.75475e-07 1.73863e-07 1.14587e-07 7.76423e-08 5.37004e-08 3.77244e-08 2.68245e-08 1.92593e-08 1.3937e-08 1.01515e-08 7.43491e-09 5.4708e-09 4.0418e-09 2.99652e-09 2.22836e-09 1.66157e-09 1.24188e-09 9.30125e-10 6.97887e-10 5.24437e-10 3.9458e-10 2.97136e-10 2.23848e-10 1.68599e-10 1.26844e-10 9.51956e-11 7.22326e-11
3.7267e-05 1.27241e-06 6.32861e-07 3.48159e-07 2.07555e-07 1.31699e-07 8.67883e-08 5.8793e-08 4.06516e-08 2.85484e-08 2.02929e-08 1.45649e-08 1.05363e-08 7.67197e-09 5.61711e-09 4.13194e-09 3.05173e-09 2.26184e-09 1.68155e-09 1.2535e-09 9.3664e-10 7.01334e-10 5.26095e-10 3.95251e-10 2.97317e-10 2.23848e-10 1.68606e-10 1.26971e-10 9.55141e-11 7.16773e-11 5.43763e-11
2.89709e-05 9.4922e-07 4.72581e-07 2.60632e-07 1.57066e-07 9.96655e-08 6.56707e-08 4.44781e-08 3.07459e-08 2.15859e-08 1.53394e-08 1.10063e-08 7.95975e-09 5.79422e-09 4.24113e-09 3.11894e-09 2.30297e-09 1.70645e-09 1.26834e-09 9.45261e-10 7.06157e-10 5.28639e-10 3.96469e-10 2.97804e-10 2.23974e-10 1.68599e-10 1.26971e-10 9.56049e-11 7.19111e-11 5.39613e-11 4.09293e-11
2.23587e-05 7.00993e-07 3.49703e-07 1.96801e-07 1.18615e-07 7.52656e-08 4.95877e-08 3.35793e-08 2.32072e-08 1.62895e-08 1.1573e-08 8.30199e-09 6.00262e-09 4.36858e-09 3.19693e-09 2.35054e-09 1.73524e-09 1.28553e-09 9.55304e-10 7.11833e-10 5.31681e-10 3.97956e-10 2.98411e-10 2.24114e-10 1.68528e-10 1.26844e-10 9.55141e-11 7.19111e-11 5.40848e-11 4.05826e-11 3.07774e-11
1.70494e-05 5.09297e-07 2.63049e-07 1.48048e-07 8.92322e-08 5.66185e-08 3.72989e-08 2.52548e-08 1.74517e-08 1.22479e-08 8.70038e-09 6.2404e-09 4.51139e-09 3.28286e-09 2.40208e-09 1.7659e-09 1.30348e-09 9.65552e-10 7.1744e-10 5.34532e-10 3.99209e-10 2.98772e-10 2.24014e-10 1.68225e-10 1.2649e-10 9.51956e-11 7.16773e-11 5.39613e-11 4.05826e-11 3.04503e-11 2.30912e-11
1.33998e-05 3.88898e-07 2.00987e-07 1.13145e-07 6.81906e-08 4.32561e-08 2.84855e-08 1.92792e-08 1.33166e-08 9.34172e-09 6.63314e-09 4.7557e-09 3.43669e-09 2.49986e-09 1.82849e-09 1.34374e-09 9.91536e-10 7.34237e-10 5.45393e-10 4.06225e-10 3.03296e-10 2.26926e-10 1.701e-10 1.27705e-10 9.59993e-11 7.22326e-11 5.43763e-11 4.09293e-11 3.07774e-11 2.30912e-11 1.75066e-11
