0.369284 0.0143163 0.00957619 0.00687673 0.00520328 0.00408843 0.00330131 0.00271972 0.00227452 0.00192424 0.00164261 0.00141225 0.00122119 0.00106092 0.000925201 0.000809362 0.000709826 0.000623803 0.000549085 0.000483896 0.000426794 0.00037659 0.000332299 0.000293096 0.000258282 0.000227266 0.000199538 0.000174661 0.000152254 0.000131986 0.000117824
0.0143163 0.00147263 0.000906333 0.000597453 0.000416192 0.000302738 0.000227725 0.000175817 0.000138531 0.000110921 8.99612e-05 7.37227e-05 6.09289e-05 5.07073e-05 4.24443e-05 3.56976e-05 3.01417e-05 2.55325e-05 2.16837e-05 1.84513e-05 1.57225e-05 1.34082e-05 1.14369e-05 9.7512e-06 8.30449e-06 7.05871e-06 5.98275e-06 5.0511e-06 4.243e-06 3.54184e-06 3.0975e-06
0.00957619 0.000906333 0.000536944 0.000343433 0.000234002 0.000167617 0.000124799 9.57171e-05 7.51099e-05 5.99968e-05 4.86005e-05 3.98115e-05 3.29076e-05 2.74022e-05 2.29566e-05 1.93288e-05 1.63417e-05 1.38632e-05 1.17928e-05 1.00533e-05 8.5841e-06 7.33736e-06 6.27491e-06 5.36602e-06 4.58578e-06 3.91385e-06 3.33366e-06 2.83168e-06 2.39706e-06 2.06578e-06 1.80788e-06
0.00687673 0.000597453 0.000343433 0.000214479 0.000143662 0.000101755 7.52424e-05 5.74868e-05 4.50259e-05 3.59442e-05 2.91223e-05 2.38724e-05 1.9753e-05 1.64689e-05 1.38165e-05 1.16509e-05 9.8665e-06 8.38478e-06 7.14607e-06 6.10441e-06 5.22392e-06 4.47621e-06 3.83862e-06 3.2929e-06 2.82424e-06 2.42056e-06 2.07203e-06 1.77069e-06 1.52767e-06 1.31656e-06 1.1527e-06
0.00520328 0.000416192 0.000234002 0.000143662 9.51207e-05 6.69111e-05 4.93037e-05 3.7619e-05 2.94639e-05 2.35379e-05 1.90919e-05 1.56708e-05 1.2985e-05 1.0842e-05 9.10937e-06 7.69315e-06 6.52497e-06 5.55387e-06 4.74123e-06 4.05724e-06 3.4786e-06 2.98688e-06 2.56732e-06 2.20803e-06 1.89935e-06 1.63342e-06 1.40383e-06 1.21232e-06 1.04612e-06 9.016e-07 7.89526e-07
0.00408843 0.000302738 0.000167617 0.000101755 6.69111e-05 4.69097e-05 3.45312e-05 2.63572e-05 2.06655e-05 1.65315e-05 1.34281e-05 1.10376e-05 9.15828e-06 7.65668e-06 6.441e-06 5.44611e-06 4.62453e-06 3.94089e-06 3.36829e-06 2.88598e-06 2.4777e-06 2.13055e-06 1.83421e-06 1.58035e-06 1.36219e-06 1.17421e-06 1.01468e-06 8.76433e-07 7.56373e-07 6.5191e-07 5.70867e-07
0.00330131 0.000227725 0.000124799 7.52424e-05 4.93037e-05 3.45312e-05 2.5432e-05 1.94358e-05 1.5261e-05 1.22259e-05 9.94418e-06 8.18369e-06 6.79752e-06 5.68838e-06 4.78931e-06 4.05275e-06 3.44394e-06 2.93697e-06 2.51209e-06 2.15402e-06 1.85078e-06 1.59286e-06 1.37264e-06 1.18396e-06 1.02178e-06 8.83151e-07 7.63271e-07 6.59347e-07 5.69058e-07 4.90478e-07 4.29446e-07
0.00271972 0.000175817 9.57171e-05 5.74868e-05 3.7619e-05 2.63572e-05 1.94358e-05 1.48755e-05 1.16972e-05 9.38283e-06 7.63987e-06 6.29287e-06 5.23075e-06 4.37989e-06 3.6895e-06 3.12345e-06 2.65531e-06 2.26528e-06 1.93828e-06 1.66264e-06 1.42916e-06 1.23055e-06 1.06096e-06 9.15654e-07 7.91218e-07 6.83904e-07 5.91094e-07 5.10627e-07 4.4071e-07 3.79855e-07 3.3252e-07
0.00227452 0.000138531 7.51099e-05 4.50259e-05 2.94639e-05 2.06655e-05 1.5261e-05 1.16972e-05 9.20946e-06 7.39467e-06 6.02566e-06 4.96612e-06 4.12971e-06 3.45904e-06 2.91449e-06 2.46779e-06 2.09822e-06 1.79024e-06 1.53201e-06 1.3143e-06 1.1299e-06 9.73046e-07 8.39118e-07 7.24563e-07 6.26075e-07 5.41142e-07 4.67694e-07 4.04017e-07 3.48691e-07 3.0054e-07 2.63025e-07
0.00192424 0.000110921 5.99968e-05 3.59442e-05 2.35379e-05 1.65315e-05 1.22259e-05 9.38283e-06 7.39467e-06 5.94184e-06 4.84424e-06 3.99377e-06 3.32179e-06 2.78264e-06 2.34468e-06 1.98532e-06 1.68796e-06 1.44015e-06 1.23236e-06 1.0572e-06 9.08851e-07 7.8268e-07 6.75048e-07 5.82829e-07 5.03559e-07 4.35211e-07 3.76115e-07 3.24889e-07 2.80388e-07 2.41664e-07 2.11444e-07
0.00164261 8.99612e-05 4.86005e-05 2.91223e-05 1.90919e-05 1.34281e-05 9.94418e-06 7.63987e-06 6.02566e-06 4.84424e-06 3.95058e-06 3.25749e-06 2.70952e-06 2.26967e-06 1.9123e-06 1.61903e-06 1.37635e-06 1.17413e-06 1.00458e-06 8.6168e-07 7.40676e-07 6.37819e-07 5.5002e-07 4.74811e-07 4.10178e-07 3.54465e-07 3.06305e-07 2.64567e-07 2.28317e-07 1.96779e-07 1.72127e-07
0.00141225 7.37227e-05 3.98115e-05 2.38724e-05 1.56708e-05 1.10376e-05 8.18369e-06 6.29287e-06 4.96612e-06 3.99377e-06 3.25749e-06 2.68606e-06 2.23407e-06 1.87117e-06 1.57629e-06 1.33431e-06 1.13409e-06 9.67267e-07 8.27429e-07 7.09594e-07 6.09854e-07 5.2506e-07 4.52698e-07 3.90731e-07 3.37492e-07 2.91614e-07 2.51965e-07 2.17614e-07 1.87786e-07 1.61841e-07 1.41529e-07
0.00122119 6.09289e-05 3.29076e-05 1.9753e-05 1.2985e-05 9.15828e-06 6.79752e-06 5.23075e-06 4.12971e-06 3.32179e-06 2.70952e-06 2.23407e-06 1.85788e-06 1.55581e-06 1.31035e-06 1.10894e-06 9.42324e-07 8.03522e-07 6.87201e-07 5.89214e-07 5.0628e-07 4.35793e-07 3.7566e-07 3.24179e-07 2.79963e-07 2.41871e-07 2.08961e-07 1.80456e-07 1.55711e-07 1.34194e-07 1.17322e-07
0.00106092 5.07073e-05 2.74022e-05 1.64689e-05 1.0842e-05 7.65668e-06 5.68838e-06 4.37989e-06 3.45904e-06 2.78264e-06 2.26967e-06 1.87117e-06 1.55581e-06 1.30257e-06 1.0968e-06 9.27986e-07 7.88356e-07 6.72066e-07 5.74638e-07 4.92582e-07 4.2315e-07 3.64158e-07 3.13845e-07 2.70784e-07 2.33812e-07 2.0197e-07 1.74468e-07 1.50654e-07 1.29987e-07 1.1202e-07 9.7912e-08
0.000925201 4.24443e-05 2.29566e-05 1.38165e-05 9.10937e-06 6.441e-06 4.78931e-06 3.6895e-06 2.91449e-06 2.34468e-06 1.9123e-06 1.57629e-06 1.31035e-06 1.0968e-06 9.23306e-07 7.80991e-07 6.63306e-07 5.65319e-07 4.83243e-07 4.14135e-07 3.55678e-07 3.06025e-07 2.63689e-07 2.27468e-07 1.96377e-07 1.69608e-07 1.46495e-07 1.26487e-07 1.09128e-07 9.40408e-08 8.2177e-08
0.000809362 3.56976e-05 1.93288e-05 1.16509e-05 7.69315e-06 5.44611e-06 4.05275e-06 3.12345e-06 2.46779e-06 1.98532e-06 1.61903e-06 1.33431e-06 1.10894e-06 9.27986e-07 7.80991e-07 6.60437e-07 5.60772e-07 4.77807e-07 4.08333e-07 3.49853e-07 3.004e-07 2.58407e-07 2.22614e-07 1.91999e-07 1.65728e-07 1.43116e-07 1.23598e-07 1.06707e-07 9.20563e-08 7.93268e-08 6.93032e-08
0.000709826 3.01417e-05 1.63417e-05 9.8665e-06 6.52497e-06 4.62453e-06 3.44394e-06 2.65531e-06 2.09822e-06 1.68796e-06 1.37635e-06 1.13409e-06 9.42324e-07 7.88356e-07 6.63306e-07 5.60772e-07 4.76022e-07 4.05492e-07 3.46446e-07 2.96759e-07 2.54753e-07 2.19094e-07 1.88709e-07 1.62727e-07 1.40438e-07 1.2126e-07 1.0471e-07 9.03912e-08 7.79754e-08 6.71906e-08 5.86873e-08
0.000623803 2.55325e-05 1.38632e-05 8.38478e-06 5.55387e-06 3.94089e-06 2.93697e-06 2.26528e-06 1.79024e-06 1.44015e-06 1.17413e-06 9.67267e-07 8.03522e-07 6.72066e-07 5.65319e-07 4.77807e-07 4.05492e-07 3.45325e-07 2.94969e-07 2.52606e-07 2.16802e-07 1.86417e-07 1.60532e-07 1.38405e-07 1.19429e-07 1.03105e-07 8.90221e-08 7.68417e-08 6.62827e-08 5.71131e-08 4.98744e-08
0.000549085 2.16837e-05 1.17928e-05 7.14607e-06 4.74123e-06 3.36829e-06 2.51209e-06 1.93828e-06 1.53201e-06 1.23236e-06 1.00458e-06 8.27429e-07 6.87201e-07 5.74638e-07 4.83243e-07 4.08333e-07 3.46446e-07 2.94969e-07 2.51898e-07 2.15672e-07 1.85064e-07 1.59095e-07 1.36978e-07 1.18077e-07 1.01872e-07 8.79358e-08 7.59164e-08 6.55233e-08 5.6516e-08 4.86959e-08 4.25152e-08
0.000483896 1.84513e-05 1.00533e-05 6.10441e-06 4.05724e-06 2.88598e-06 2.15402e-06 1.66264e-06 1.3143e-06 1.0572e-06 8.6168e-07 7.09594e-07 5.89214e-07 4.92582e-07 4.14135e-07 3.49853e-07 2.96759e-07 2.52606e-07 2.15672e-07 1.84617e-07 1.58383e-07 1.36132e-07 1.17186e-07 1.01e-07 8.71252e-08 7.51965e-08 6.49112e-08 5.60198e-08 4.8316e-08 4.16292e-08 3.63383e-08
0.000426794 1.57225e-05 8.5841e-06 5.22392e-06 3.4786e-06 2.4777e-06 1.85078e-06 1.42916e-06 1.1299e-06 9.08851e-07 7.40676e-07 6.09854e-07 5.0628e-07 4.2315e-07 3.55678e-07 3.004e-07 2.54753e-07 2.16802e-07 1.85064e-07 1.58383e-07 1.35851e-07 1.16744e-07 1.00479e-07 8.65866e-08 7.46814e-08 6.44483e-08 5.56273e-08 4.80036e-08 4.13998e-08 3.56691e-08 3.11298e-08
0.00037659 1.34082e-05 7.33736e-06 4.47621e-06 2.98688e-06 2.13055e-06 1.59286e-06 1.23055e-06 9.73046e-07 7.8268e-07 6.37819e-07 5.2506e-07 4.35793e-07 3.64158e-07 3.06025e-07 2.58407e-07 2.19094e-07 1.86417e-07 1.59095e-07 1.36132e-07 1.16744e-07 1.00306e-07 8.63178e-08 7.4372e-08 6.41376e-08 5.53427e-08 4.77632e-08 4.1214e-08 3.55422e-08 3.06215e-08 2.67198e-08
0.000332299 1.14369e-05 6.27491e-06 3.83862e-06 2.56732e-06 1.83421e-06 1.37264e-06 1.06096e-06 8.39118e-07 6.75048e-07 5.5002e-07 4.52698e-07 3.7566e-07 3.13845e-07 2.63689e-07 2.22614e-07 1.88709e-07 1.60532e-07 1.36978e-07 1.17186e-07 1.00479e-07 8.63178e-08 7.42688e-08 6.39816e-08 5.517e-08 4.75994e-08 4.10766e-08 3.54416e-08 3.05626e-08 2.63306e-08 2.29718e-08
0.000293096 9.7512e-06 5.36602e-06 3.2929e-06 2.20803e-06 1.58035e-06 1.18396e-06 9.15654e-07 7.24563e-07 5.82829e-07 4.74811e-07 3.90731e-07 3.24179e-07 2.70784e-07 2.27468e-07 1.91999e-07 1.62727e-07 1.38405e-07 1.18077e-07 1.01e-07 8.65866e-08 7.4372e-08 6.39816e-08 5.51121e-08 4.75165e-08 4.09919e-08 3.53715e-08 3.05171e-08 2.63147e-08 2.26704e-08 1.97754e-08
0.000258282 8.30449e-06 4.58578e-06 2.82424e-06 1.89935e-06 1.36219e-06 1.02178e-06 7.91218e-07 6.26075e-07 5.03559e-07 4.10178e-07 3.37492e-07 2.79963e-07 2.33812e-07 1.96377e-07 1.65728e-07 1.40438e-07 1.19429e-07 1.01872e-07 8.71252e-08 7.46814e-08 6.41376e-08 5.517e-08 4.75165e-08 4.09634e-08 3.53354e-08 3.04881e-08 2.63022e-08 2.26793e-08 1.9538e-08 1.70407e-08
0.000227266 7.05871e-06 3.91385e-06 2.42056e-06 1.63342e-06 1.17421e-06 8.83151e-07 6.83904e-07 5.41142e-07 4.35211e-07 3.54465e-07 2.91614e-07 2.41871e-07 2.0197e-07 1.69608e-07 1.43116e-07 1.2126e-07 1.03105e-07 8.79358e-08 7.51965e-08 6.44483e-08 5.53427e-08 4.75994e-08 4.09919e-08 3.53354e-08 3.04781e-08 2.62953e-08 2.26839e-08 1.95586e-08 1.68492e-08 1.46938e-08
0.000199538 5.98275e-06 3.33366e-06 2.07203e-06 1.40383e-06 1.01468e-06 7.63271e-07 5.91094e-07 4.67694e-07 3.76115e-07 3.06305e-07 2.51965e-07 2.08961e-07 1.74468e-07 1.46495e-07 1.23598e-07 1.0471e-07 8.90221e-08 7.59164e-08 6.49112e-08 5.56273e-08 4.77632e-08 4.10766e-08 3.53715e-08 3.04881e-08 2.62953e-08 2.26852e-08 1.95687e-08 1.68722e-08 1.45347e-08 1.2674e-08
0.000174661 5.0511e-06 2.83168e-06 1.77069e-06 1.21232e-06 8.76433e-07 6.59347e-07 5.10627e-07 4.04017e-07 3.24889e-07 2.64567e-07 2.17614e-07 1.80456e-07 1.50654e-07 1.26487e-07 1.06707e-07 9.03912e-08 7.68417e-08 6.55233e-08 5.60198e-08 4.80036e-08 4.1214e-08 3.54416e-08 3.05171e-08 2.63022e-08 2.26839e-08 1.95687e-08 1.68798e-08 1.45534e-08 1.2537e-08 1.09311e-08
0.000152254 4.243e-06 2.39706e-06 1.52767e-06 1.04612e-06 7.56373e-07 5.69058e-07 4.4071e-07 3.48691e-07 2.80388e-07 2.28317e-07 1.87786e-07 1.55711e-07 1.29987e-07 1.09128e-07 9.20563e-08 7.79754e-08 6.62827e-08 5.6516e-08 4.8316e-08 4.13998e-08 3.55422e-08 3.05626e-08 2.63147e-08 2.26793e-08 1.95586e-08 1.68722e-08 1.45534e-08 1.25474e-08 1.08088e-08 9.42377e-09
0.000131986 3.54184e-06 2.06578e-06 1.31656e-06 9.016e-07 6.5191e-07 4.90478e-07 3.79855e-07 3.0054e-07 2.41664e-07 1.96779e-07 1.61841e-07 1.34194e-07 1.1202e-07 9.40408e-08 7.93268e-08 6.71906e-08 5.71131e-08 4.86959e-08 4.16292e-08 3.56691e-08 3.06215e-08 2.63306e-08 2.26704e-08 1.9538e-08 1.68492e-08 1.45347e-08 1.2537e-08 1.08088e-08 9.3111e-09 8.11772e-09
0.000117824 3.0975e-06 1.80788e-06 1.1527e-06 7.89526e-07 5.70867e-07 4.29446e-07 3.3252e-07 2.63025e-07 2.11444e-07 1.72127e-07 1.41529e-07 1.17322e-07 9.7912e-08 8.2177e-08 6.93032e-08 5.86873e-08 4.98744e-08 4.25152e-08 3.63383e-08 3.11298e-08 2.67198e-08 2.29718e-08 1.97754e-08 1.70407e-08 1.46938e-08 1.2674e-08 1.09311e-08 9.42377e-09 8.11772e-09 7.07605e-09
