0.144541 0.0777104 0.0417798 0.0224622 0.0120765 0.00649273 0.00349071 0.00187673 0.00100899 0.00054247 0.00029165 0.000156801 8.43018e-05 4.53235e-05 2.43675e-05 1.31008e-05 7.04344e-06 3.7868e-06 2.03591e-06 1.09458e-06 5.88482e-07 3.16388e-07 1.70101e-07 9.14522e-08 4.91679e-08 2.64343e-08 1.4212e-08 7.64086e-09 4.10799e-09 2.2086e-09 1.18742e-09 6.38397e-10 3.43224e-10 1.84529e-10 9.92092e-11 5.33383e-11 2.86765e-11 1.54175e-11 8.28896e-12 4.45643e-12 2.39593e-12 1.28813e-12 6.92545e-13 3.72336e-13 2.00181e-13 1.07624e-13 5.78624e-14 3.11088e-14 1.67252e-14 8.99203e-15 4.83442e-15 2.59915e-15 1.39739e-15 7.51287e-16 4.03918e-16 2.1716e-16 1.16753e-16 6.27703e-17 3.37475e-17 1.81438e-17 9.75473e-18 5.24448e-18 2.81961e-18 1.51592e-18 8.15011e-19 4.38178e-19 2.3558e-19 1.26656e-19 6.80945e-20 3.66099e-20 1.96828e-20 1.05821e-20 5.68931e-21 3.05877e-21 1.6445e-21 8.8414e-22 4.75344e-22 2.55561e-22 1.37399e-22 7.38702e-23 3.97152e-23 2.13522e-23 1.14797e-23 6.17188e-24 3.31822e-24 1.78399e-24 9.59133e-25 5.15663e-25 2.77238e-25 1.49053e-25 8.01359e-26 4.30838e-26 2.31633e-26 1.24534e-26 6.69538e-27 3.59967e-27 1.9353e-27 1.04049e-27 5.59401e-28 3.00753e-28 1.61695e-28
0.0777104 0.0517879 0.0332237 0.020755 0.0127139 0.00767163 0.00457409 0.00270089 0.00158204 0.000920421 0.000532411 0.000306436 0.000175608 0.00010025 5.7036e-05 3.23517e-05 1.83005e-05 1.03267e-05 5.81418e-06 3.26687e-06 1.83217e-06 1.02579e-06 5.73404e-07 3.2006e-07 1.78407e-07 9.93224e-08 5.52295e-08 3.06773e-08 1.70222e-08 9.43618e-09 5.22614e-09 2.89197e-09 1.59903e-09 8.83456e-10 4.87753e-10 2.69102e-10 1.48372e-10 8.17554e-11 4.5022e-11 2.47793e-11 1.36308e-11 7.49427e-12 4.11837e-12 2.26213e-12 1.24198e-12 6.81592e-13 3.73899e-13 2.05027e-13 1.12384e-13 6.15795e-14 3.37298e-14 1.84691e-14 1.01096e-14 5.53201e-15 3.02622e-15 1.65497e-15 9.04803e-16 4.94537e-16 2.70227e-16 1.4762e-16 8.06218e-17 4.40205e-17 2.403e-17 1.31146e-17 7.15583e-18 3.90365e-18 2.12908e-18 1.16098e-18 6.32951e-19 3.45011e-19 1.88025e-19 1.02451e-19 5.58141e-20 3.04015e-20 1.65567e-20 9.01532e-21 4.90816e-21 2.67171e-21 1.4541e-21 7.91287e-22 4.30538e-22 2.34222e-22 1.27404e-22 6.92917e-23 3.7681e-23 2.04883e-23 1.11388e-23 6.05499e-24 3.29108e-24 1.78859e-24 9.71929e-25 5.28091e-25 2.86903e-25 1.55853e-25 8.46542e-26 4.59766e-26 2.49678e-26 1.35576e-26 7.36106e-27 3.99629e-27 2.16937e-27
0.0417798 0.0332237 0.0243409 0.0169422 0.011382 0.00744923 0.00477785 0.0030154 0.00187806 0.00115681 0.000705865 0.000427219 0.000256743 0.000153331 9.10646e-05 5.38158e-05 3.1661e-05 1.85514e-05 1.08298e-05 6.30087e-06 3.65451e-06 2.11356e-06 1.21913e-06 7.01479e-07 4.02705e-07 2.30691e-07 1.31889e-07 7.52611e-08 4.28715e-08 2.43808e-08 1.38435e-08 7.84882e-09 4.4438e-09 2.51263e-09 1.41892e-09 8.00325e-10 4.50901e-10 2.53761e-10 1.42665e-10 8.01276e-11 4.4961e-11 2.52056e-11 1.41182e-11 7.9014e-12 4.41855e-12 2.46901e-12 1.37863e-12 7.6924e-13 4.28924e-13 2.39009e-13 1.33098e-13 7.40734e-14 4.12e-14 2.29025e-14 1.27242e-14 7.06554e-15 3.92135e-15 2.17525e-15 1.20607e-15 6.68391e-16 3.70247e-16 2.05003e-16 1.1346e-16 6.27687e-17 3.47111e-17 1.91877e-17 1.06026e-17 5.85649e-18 3.23375e-18 1.78494e-18 9.84896e-19 5.43266e-19 2.99566e-19 1.65133e-19 9.10003e-20 5.01325e-20 2.76101e-20 1.52017e-20 8.36745e-21 4.60443e-21 2.53304e-21 1.39314e-21 7.66011e-22 4.21083e-22 2.31416e-22 1.2715e-22 6.98452e-23 3.83581e-23 2.10611e-23 1.15614e-23 6.34518e-24 3.48167e-24 1.91003e-24 1.04763e-24 5.74496e-25 3.14979e-25 1.72661e-25 9.46294e-26 5.18535e-26 2.84087e-26 1.55614e-26
0.0224622 0.020755 0.0169422 0.0128671 0.00931306 0.00651011 0.00443138 0.00295342 0.00193475 0.00124932 0.000796894 0.000502969 0.00031454 0.000195109 0.000120153 7.35147e-05 4.47168e-05 2.70558e-05 1.62908e-05 9.76556e-06 5.8301e-06 3.46748e-06 2.0551e-06 1.21406e-06 7.15034e-07 4.19936e-07 2.45972e-07 1.43715e-07 8.37724e-08 4.87232e-08 2.82789e-08 1.63806e-08 9.47065e-09 5.46583e-09 3.14918e-09 1.8115e-09 1.04042e-09 5.96685e-10 3.41721e-10 1.95441e-10 1.11636e-10 6.36876e-11 3.62907e-11 2.06558e-11 1.1744e-11 6.67019e-12 3.78461e-12 2.14527e-12 1.21489e-12 6.87383e-13 3.88582e-13 2.19483e-13 1.2387e-13 6.98539e-14 3.93626e-14 2.21645e-14 1.24716e-14 7.01268e-15 3.94054e-15 2.21281e-15 1.24182e-15 6.96479e-16 3.90389e-16 2.18694e-16 1.22442e-16 6.85151e-17 3.83187e-17 2.14196e-17 1.19672e-17 6.68279e-18 3.73006e-18 2.081e-18 1.16046e-18 6.46836e-19 3.60388e-19 2.00707e-19 1.11732e-19 6.21748e-20 3.45844e-20 1.923e-20 1.06885e-20 5.9387e-21 3.29846e-21 1.83138e-21 1.01647e-21 5.63982e-22 3.12818e-22 1.73452e-22 9.61454e-23 5.32774e-23 2.95139e-23 1.63448e-23 9.04912e-24 5.00851e-24 2.77134e-24 1.53303e-24 8.47803e-25 4.68731e-25 2.59084e-25 1.43168e-25 7.90939e-26
0.0120765 0.0127139 0.011382 0.00931306 0.00718573 0.00531625 0.00380967 0.00266201 0.00182219 0.00122607 0.000813001 0.000532346 0.000344757 0.000221112 0.000140589 8.86985e-05 5.55694e-05 3.45929e-05 2.14097e-05 1.318e-05 8.07392e-06 4.92354e-06 2.98977e-06 1.80839e-06 1.08982e-06 6.54524e-07 3.91831e-07 2.33861e-07 1.39181e-07 8.26096e-08 4.89076e-08 2.88852e-08 1.70208e-08 1.00078e-08 5.87222e-09 3.43881e-09 2.01e-09 1.17275e-09 6.83074e-10 3.97206e-10 2.30611e-10 1.33686e-10 7.73864e-11 4.47338e-11 2.58241e-11 1.48886e-11 8.57317e-12 4.93071e-12 2.83253e-12 1.62538e-12 9.31683e-13 5.33492e-13 3.05176e-13 1.74401e-13 9.95721e-14 5.67975e-14 3.23694e-14 1.84318e-14 1.04867e-14 5.96152e-15 3.38636e-15 1.92211e-15 1.09019e-15 6.17888e-16 3.49956e-16 1.9807e-16 1.12031e-16 6.33246e-17 3.57712e-17 2.01942e-17 1.13936e-17 6.42449e-18 3.6205e-18 2.03919e-18 1.14791e-18 6.45848e-19 3.63183e-19 2.04127e-19 1.14673e-19 6.43889e-20 3.61372e-20 2.0272e-20 1.13669e-20 6.37082e-21 3.56911e-21 1.99866e-21 1.11876e-21 6.25978e-22 3.50112e-22 1.95742e-22 1.09395e-22 6.11143e-23 3.41295e-23 1.90529e-23 1.06325e-23 5.93145e-24 3.30779e-24 1.84403e-24 1.02767e-24 5.72536e-25 3.18869e-25
0.00649273 0.00767163 0.00744923 0.00651011 0.00531625 0.0041369 0.00310379 0.00226249 0.00161092 0.00112473 0.000772289 0.00052271 0.000349365 0.000230927 0.000151137 9.8041e-05 6.30894e-05 4.03027e-05 2.55748e-05 1.61299e-05 1.01157e-05 6.31088e-06 3.9181e-06 2.42158e-06 1.49035e-06 9.13602e-07 5.57975e-07 3.3959e-07 2.05999e-07 1.24572e-07 7.51104e-08 4.51612e-08 2.70819e-08 1.61994e-08 9.66663e-09 5.75516e-09 3.41894e-09 2.02683e-09 1.19916e-09 7.08112e-10 4.1738e-10 2.45582e-10 1.44253e-10 8.45955e-11 4.95324e-11 2.89586e-11 1.69057e-11 9.85553e-12 5.73772e-12 3.33604e-12 1.9372e-12 1.12353e-12 6.50857e-13 3.76606e-13 2.17675e-13 1.25679e-13 7.24875e-14 4.17662e-14 2.40415e-14 1.38256e-14 7.94332e-15 4.55964e-15 2.61504e-15 1.4985e-15 8.57975e-16 4.90843e-16 2.80588e-16 1.60274e-16 9.1481e-17 5.21776e-17 2.97391e-17 1.69384e-17 9.641e-18 5.48385e-18 3.11723e-18 1.77084e-18 1.00536e-18 5.7043e-19 3.23466e-19 1.83318e-19 1.03833e-19 5.87799e-20 3.32573e-20 1.88069e-20 1.06297e-20 6.00494e-21 3.39062e-21 1.91355e-21 1.07942e-21 6.08615e-22 3.43001e-22 1.9322e-22 1.08797e-22 6.12347e-23 3.44503e-23 1.93735e-23 1.08904e-23 6.1194e-24 3.43718e-24 1.92987e-24 1.08315e-24
0.00349071 0.00457409 0.00477785 0.00443138 0.00380967 0.00310379 0.00242807 0.00183956 0.00135778 0.000980586 0.000695179 0.000485022 0.000333699 0.000226768 0.000152415 0.000101432 6.69021e-05 4.37693e-05 2.84228e-05 1.83315e-05 1.17487e-05 7.4859e-06 4.74399e-06 2.99122e-06 1.87715e-06 1.17281e-06 7.29713e-07 4.52245e-07 2.79249e-07 1.71828e-07 1.0538e-07 6.44262e-08 3.9271e-08 2.38699e-08 1.44696e-08 8.74872e-09 5.27671e-09 3.17511e-09 1.90624e-09 1.14198e-09 6.82715e-10 4.0734e-10 2.42574e-10 1.44189e-10 8.55565e-11 5.06795e-11 2.99708e-11 1.76959e-11 1.04324e-11 6.14118e-12 3.60992e-12 2.11905e-12 1.24223e-12 7.27279e-13 4.25258e-13 2.48355e-13 1.44871e-13 8.44089e-14 4.9126e-14 2.85604e-14 1.65867e-14 9.62295e-15 5.57731e-15 3.22939e-15 1.86812e-15 1.07967e-15 6.23428e-16 3.59669e-16 2.07324e-16 1.19409e-16 6.87178e-17 3.95147e-17 2.27046e-17 1.30359e-17 7.47906e-18 4.28787e-18 2.45657e-18 1.40643e-18 8.04666e-19 4.60073e-19 2.6288e-19 1.50112e-19 8.56653e-20 4.88575e-20 2.78485e-20 1.58642e-20 9.03212e-21 5.13948e-21 2.92288e-21 1.66138e-21 9.43846e-22 5.35931e-22 3.04157e-22 1.72532e-22 9.78209e-23 5.54352e-23 3.14004e-23 1.77781e-23 1.0061e-23 5.69116e-24 3.2179e-24
0.00187673 0.00270089 0.0030154 0.00295342 0.00266201 0.00226249 0.00183956 0.00144431 0.00110215 0.000821295 0.000599766 0.000430412 0.000304199 0.000212116 0.000146138 9.96001e-05 6.72215e-05 4.49667e-05 2.98358e-05 1.96488e-05 1.28509e-05 8.35128e-06 5.39499e-06 3.46594e-06 2.21513e-06 1.40886e-06 8.91973e-07 5.623e-07 3.53038e-07 2.20804e-07 1.37598e-07 8.54517e-08 5.28937e-08 3.26386e-08 2.00801e-08 1.23188e-08 7.5369e-09 4.59928e-09 2.79967e-09 1.70015e-09 1.03009e-09 6.22746e-10 3.75689e-10 2.26184e-10 1.35908e-10 8.15098e-11 4.87959e-11 2.91604e-11 1.73967e-11 1.03616e-11 6.16169e-12 3.65852e-12 2.16902e-12 1.2841e-12 7.59144e-13 4.48191e-13 2.64259e-13 1.55612e-13 9.15202e-14 5.37611e-14 3.15435e-14 1.84866e-14 1.08224e-14 6.32875e-15 3.69707e-15 2.15751e-15 1.2578e-15 7.32573e-16 4.26262e-16 2.47799e-16 1.43923e-16 8.35178e-17 4.84231e-17 2.80517e-17 1.62372e-17 9.39099e-18 5.42714e-18 3.13398e-18 1.80841e-18 1.04274e-18 6.00817e-19 3.45942e-19 1.99051e-19 1.14454e-19 6.57672e-20 3.77665e-20 2.16734e-20 1.24302e-20 7.12463e-21 4.08119e-21 2.33644e-21 1.33682e-21 7.64442e-22 4.36893e-22 2.49556e-22 1.42472e-22 8.12945e-23 4.63627e-23 2.64275e-23 1.50566e-23 8.57402e-24
0.00100899 0.00158204 0.00187806 0.00193475 0.00182219 0.00161092 0.00135778 0.00110215 0.00086763 0.000665761 0.000499862 0.000368313 0.000266957 0.0001907 0.000134471 9.37218e-05 6.46355e-05 4.415e-05 2.98932e-05 2.00772e-05 1.33843e-05 8.86104e-06 5.82884e-06 3.81132e-06 2.47818e-06 1.6029e-06 1.03165e-06 6.60895e-07 4.21526e-07 2.67737e-07 1.69388e-07 1.06765e-07 6.70548e-08 4.1972e-08 2.61871e-08 1.62883e-08 1.01014e-08 6.24692e-09 3.85279e-09 2.37006e-09 1.45433e-09 8.90282e-10 5.43743e-10 3.31359e-10 2.01501e-10 1.22283e-10 7.4061e-11 4.47696e-11 2.7013e-11 1.62699e-11 9.78241e-12 5.8719e-12 3.5189e-12 2.10548e-12 1.25786e-12 7.50366e-13 4.46981e-13 2.65888e-13 1.5795e-13 9.37059e-14 5.55212e-14 3.28555e-14 1.94192e-14 1.14641e-14 6.76005e-15 3.98173e-15 2.34271e-15 1.3769e-15 8.08416e-16 4.74161e-16 2.77835e-16 1.6264e-16 9.51166e-17 5.55756e-17 3.2443e-17 1.89223e-17 1.10269e-17 6.42042e-18 3.73522e-18 2.17129e-18 1.26117e-18 7.31975e-19 4.2451e-19 2.46012e-19 1.42465e-19 8.24425e-20 4.76748e-20 2.75505e-20 1.59103e-20 9.18202e-21 5.29564e-21 3.05226e-21 1.75815e-21 1.0121e-21 5.82274e-22 3.34793e-22 1.92386e-22 1.1049e-22 6.34208e-23 3.63831e-23 2.08609e-23
0.00054247 0.000920421 0.00115681 0.00124932 0.00122607 0.00112473 0.000980586 0.000821295 0.000665761 0.000525158 0.000404745 0.000305748 0.000226947 0.000165861 0.000119551 8.51048e-05 5.99046e-05 4.17358e-05 2.88056e-05 1.97103e-05 1.33796e-05 9.01532e-06 6.03299e-06 4.0114e-06 2.65125e-06 1.74245e-06 1.13912e-06 7.40982e-07 4.79733e-07 3.0921e-07 1.98459e-07 1.26866e-07 8.07904e-08 5.1262e-08 3.24134e-08 2.04275e-08 1.28331e-08 8.03767e-09 5.01959e-09 3.12604e-09 1.9416e-09 1.20284e-09 7.43332e-10 4.58271e-10 2.8188e-10 1.73e-10 1.05949e-10 6.47523e-11 3.94954e-11 2.40436e-11 1.46097e-11 8.86136e-12 5.36535e-12 3.24309e-12 1.95706e-12 1.17911e-12 7.09307e-13 4.26047e-13 2.55532e-13 1.53043e-13 9.1534e-14 5.4672e-14 3.2612e-14 1.94283e-14 1.15598e-14 6.86975e-15 4.07771e-15 2.41764e-15 1.43178e-15 8.47001e-16 5.00525e-16 2.95469e-16 1.74243e-16 1.02651e-16 6.04149e-17 3.55231e-17 2.08675e-17 1.22471e-17 7.18139e-18 4.20728e-18 2.46276e-18 1.44038e-18 8.41734e-19 4.91498e-19 2.86764e-19 1.67183e-19 9.73933e-20 5.66947e-20 3.2979e-20 1.917e-20 1.11353e-20 6.46367e-21 3.74941e-21 2.17349e-21 1.25913e-21 7.28956e-22 4.21754e-22 2.43865e-22 1.4092e-22 8.13839e-23 4.6973e-23
0.00029165 0.000532411 0.000705865 0.000796894 0.000813001 0.000772289 0.000695179 0.000599766 0.000499862 0.000404745 0.000319775 0.000247335 0.000187784 0.000140247 0.000103218 7.49704e-05 5.38065e-05 3.81992e-05 2.68501e-05 1.87007e-05 1.2915e-05 8.8495e-06 6.01968e-06 4.06694e-06 2.73019e-06 1.82187e-06 1.20892e-06 7.97945e-07 5.24048e-07 3.42538e-07 2.22891e-07 1.44418e-07 9.31935e-08 5.99057e-08 3.8366e-08 2.44846e-08 1.55731e-08 9.87313e-09 6.24007e-09 3.93219e-09 2.47082e-09 1.5483e-09 9.67664e-10 6.0324e-10 3.75138e-10 2.32738e-10 1.44063e-10 8.89775e-11 5.48382e-11 3.37281e-11 2.07031e-11 1.26835e-11 7.75586e-12 4.73405e-12 2.88451e-12 1.75456e-12 1.06548e-12 6.45983e-13 3.91036e-13 2.36347e-13 1.4264e-13 8.59615e-14 5.17317e-14 3.10896e-14 1.86593e-14 1.11843e-14 6.69535e-15 4.00313e-15 2.39058e-15 1.42591e-15 8.4954e-16 5.05576e-16 3.00547e-16 1.78472e-16 1.0587e-16 6.27382e-17 3.7141e-17 2.19659e-17 1.29785e-17 7.66114e-18 4.51815e-18 2.66217e-18 1.56721e-18 9.21811e-19 5.41735e-19 3.18105e-19 1.86638e-19 1.09416e-19 6.40943e-20 3.75166e-20 2.19432e-20 1.28249e-20 7.49012e-21 4.37133e-21 2.54937e-21 1.48577e-21 8.65321e-22 5.0363e-22 2.92929e-22 1.70268e-22 9.8907e-23
0.000156801 0.000306436 0.000427219 0.000502969 0.000532346 0.00052271 0.000485022 0.000430412 0.000368313 0.000305748 0.000247335 0.000195662 0.000151787 0.000115731 8.68868e-05 6.43316e-05 4.70359e-05 3.39981e-05 2.43175e-05 1.72261e-05 1.20943e-05 8.42127e-06 5.81874e-06 3.9917e-06 2.71996e-06 1.84172e-06 1.23966e-06 8.29756e-07 5.52456e-07 3.65988e-07 2.41309e-07 1.58386e-07 1.03513e-07 6.73748e-08 4.3682e-08 2.82155e-08 1.81603e-08 1.16486e-08 7.44736e-09 4.74641e-09 3.01589e-09 1.91076e-09 1.20721e-09 7.60656e-10 4.78044e-10 2.99681e-10 1.87414e-10 1.16931e-10 7.2791e-11 4.52143e-11 2.80257e-11 1.73359e-11 1.07022e-11 6.59426e-12 4.05552e-12 2.48966e-12 1.52569e-12 9.33365e-13 5.7005e-13 3.47593e-13 2.11615e-13 1.28633e-13 7.80753e-14 4.73197e-14 2.86387e-14 1.73088e-14 1.0447e-14 6.29719e-15 3.79091e-15 2.27927e-15 1.36873e-15 8.20952e-16 4.91826e-16 2.94312e-16 1.75922e-16 1.0504e-16 6.26512e-17 3.73291e-17 2.22188e-17 1.32117e-17 7.84816e-18 4.65758e-18 2.76149e-18 1.63578e-18 9.68084e-19 5.72421e-19 3.38173e-19 1.99614e-19 1.17728e-19 6.93764e-20 4.085e-20 2.40341e-20 1.41295e-20 8.30027e-21 4.87228e-21 2.85793e-21 1.67516e-21 9.81186e-22 5.74305e-22 3.35919e-22 1.96351e-22
8.43018e-05 0.000175608 0.000256743 0.00031454 0.000344757 0.000349365 0.000333699 0.000304199 0.000266957 0.000226947 0.000187784 0.000151787 0.000120203 9.34819e-05 7.15336e-05 5.39472e-05 4.01513e-05 2.95263e-05 2.14752e-05 1.54619e-05 1.10287e-05 7.79852e-06 5.47003e-06 3.80793e-06 2.6322e-06 1.80746e-06 1.23341e-06 8.36739e-07 5.6449e-07 3.78822e-07 2.52955e-07 1.68109e-07 1.11219e-07 7.32648e-08 4.8065e-08 3.14093e-08 2.04483e-08 1.32646e-08 8.57496e-09 5.52502e-09 3.54858e-09 2.2722e-09 1.45065e-09 9.23516e-10 5.86327e-10 3.7127e-10 2.34495e-10 1.47743e-10 9.2864e-11 5.82355e-11 3.64384e-11 2.27506e-11 1.41748e-11 8.8137e-12 5.46945e-12 3.38764e-12 2.09433e-12 1.29243e-12 7.9617e-13 4.89623e-13 3.00605e-13 1.84258e-13 1.12765e-13 6.89051e-14 4.20416e-14 2.56137e-14 1.55828e-14 9.4671e-15 5.74378e-15 3.48019e-15 2.10594e-15 1.27274e-15 7.68235e-16 4.63154e-16 2.78896e-16 1.67748e-16 1.00782e-16 6.04817e-17 3.62573e-17 2.17123e-17 1.29887e-17 7.76213e-18 4.63408e-18 2.76389e-18 1.64687e-18 9.80375e-19 5.83073e-19 3.46466e-19 2.05689e-19 1.22007e-19 7.23079e-20 4.28175e-20 2.53337e-20 1.4977e-20 8.84717e-21 5.22209e-21 3.08e-21 1.81521e-21 1.06901e-21 6.29102e-22 3.69953e-22
4.53235e-05 0.00010025 0.000153331 0.000195109 0.000221112 0.000230927 0.000226768 0.000212116 0.0001907 0.000165861 0.000140247 0.000115731 9.34819e-05 7.40962e-05 5.77474e-05 4.4327e-05 3.35603e-05 2.50919e-05 1.85459e-05 1.35633e-05 9.82281e-06 7.04961e-06 5.0168e-06 3.54211e-06 2.4825e-06 1.72785e-06 1.19478e-06 8.21096e-07 5.61015e-07 3.81208e-07 2.57679e-07 1.73316e-07 1.16024e-07 7.73211e-08 5.13075e-08 3.39062e-08 2.23188e-08 1.46361e-08 9.56337e-09 6.22717e-09 4.04133e-09 2.61436e-09 1.68603e-09 1.08412e-09 6.9509e-10 4.44431e-10 2.83405e-10 1.80256e-10 1.14363e-10 7.23825e-11 4.57051e-11 2.87946e-11 1.8101e-11 1.13545e-11 7.1078e-12 4.44047e-12 2.7687e-12 1.72305e-12 1.07033e-12 6.63677e-13 4.10807e-13 2.53852e-13 1.56604e-13 9.64545e-14 5.93142e-14 3.6419e-14 2.23278e-14 1.36688e-14 8.3559e-15 5.10095e-15 3.10969e-15 1.89324e-15 1.15114e-15 6.99033e-16 4.23963e-16 2.5682e-16 1.55386e-16 9.39052e-17 5.66853e-17 3.41795e-17 2.05867e-17 1.23862e-17 7.44452e-18 4.46977e-18 2.68099e-18 1.60648e-18 9.61681e-19 5.75139e-19 3.43644e-19 2.05137e-19 1.22346e-19 7.29034e-20 4.34039e-20 2.5819e-20 1.53456e-20 9.11321e-21 5.40762e-21 3.20623e-21 1.89952e-21 1.12449e-21 6.65182e-22
2.43675e-05 5.7036e-05 9.10646e-05 0.000120153 0.000140589 0.000151137 0.000152415 0.000146138 0.000134471 0.000119551 0.000103218 8.68868e-05 7.15336e-05 5.77474e-05 4.58068e-05 3.57656e-05 2.75285e-05 2.09136e-05 1.56993e-05 1.1656e-05 8.56641e-06 6.23656e-06 4.50061e-06 3.2213e-06 2.28797e-06 1.61336e-06 1.12995e-06 7.86327e-07 5.43892e-07 3.74049e-07 2.55846e-07 1.74092e-07 1.17879e-07 7.94433e-08 5.33002e-08 3.56072e-08 2.36901e-08 1.56996e-08 1.03651e-08 6.81844e-09 4.46979e-09 2.92036e-09 1.90189e-09 1.23477e-09 7.99261e-10 5.15864e-10 3.32024e-10 2.13124e-10 1.36446e-10 8.71354e-11 5.55092e-11 3.52782e-11 2.23692e-11 1.41522e-11 8.93428e-12 5.62836e-12 3.53849e-12 2.22019e-12 1.39035e-12 8.69049e-13 5.42212e-13 3.37692e-13 2.09951e-13 1.30311e-13 8.07474e-14 4.99548e-14 3.08564e-14 1.90304e-14 1.17193e-14 7.20642e-15 4.42505e-15 2.71339e-15 1.66155e-15 1.0161e-15 6.20572e-16 3.78525e-16 2.30597e-16 1.40308e-16 8.52692e-17 5.17598e-17 3.13829e-17 1.90067e-17 1.14984e-17 6.94868e-18 4.19474e-18 2.52962e-18 1.52393e-18 9.17143e-19 5.51421e-19 3.31215e-19 1.98759e-19 1.19162e-19 7.13762e-20 4.27148e-20 2.554e-20 1.52577e-20 9.10719e-21 5.43147e-21 3.23663e-21 1.92715e-21 1.14655e-21
1.31008e-05 3.23517e-05 5.38158e-05 7.35147e-05 8.86985e-05 9.8041e-05 0.000101432 9.96001e-05 9.37218e-05 8.51048e-05 7.49704e-05 6.43316e-05 5.39472e-05 4.4327e-05 3.57656e-05 2.83889e-05 2.22014e-05 1.71291e-05 1.30527e-05 9.83337e-06 7.33024e-06 5.411e-06 3.95796e-06 2.87054e-06 2.06532e-06 1.47487e-06 1.04581e-06 7.36643e-07 5.15617e-07 3.58762e-07 2.48215e-07 1.70809e-07 1.16942e-07 7.96722e-08 5.40281e-08 3.64751e-08 2.45201e-08 1.64161e-08 1.09476e-08 7.27327e-09 4.81471e-09 3.17613e-09 2.0882e-09 1.36849e-09 8.94041e-10 5.82328e-10 3.78195e-10 2.44931e-10 1.58195e-10 1.01906e-10 6.54784e-11 4.19687e-11 2.68358e-11 1.71196e-11 1.08967e-11 6.92057e-12 4.38598e-12 2.77391e-12 1.75083e-12 1.10292e-12 6.93456e-13 4.35197e-13 2.72626e-13 1.70483e-13 1.06427e-13 6.63269e-14 4.12685e-14 2.56362e-14 1.59005e-14 9.84707e-15 6.08914e-15 3.75987e-15 2.31831e-15 1.42747e-15 8.77748e-16 5.39008e-16 3.30563e-16 2.02469e-16 1.23857e-16 7.56744e-17 4.61804e-17 2.81485e-17 1.71377e-17 1.04222e-17 6.33118e-18 3.84183e-18 2.32878e-18 1.41014e-18 8.53007e-19 5.15471e-19 3.1119e-19 1.87683e-19 1.13086e-19 6.80747e-20 4.09413e-20 2.46006e-20 1.47687e-20 8.85843e-21 5.30883e-21 3.17887e-21 1.90189e-21
7.04344e-06 1.83005e-05 3.1661e-05 4.47168e-05 5.55694e-05 6.30894e-05 6.69021e-05 6.72215e-05 6.46355e-05 5.99046e-05 5.38065e-05 4.70359e-05 4.01513e-05 3.35603e-05 2.75285e-05 2.22014e-05 1.76323e-05 1.38088e-05 1.06765e-05 8.15772e-06 6.16539e-06 4.6126e-06 3.41844e-06 2.51117e-06 1.8295e-06 1.32257e-06 9.49128e-07 6.7645e-07 4.78975e-07 3.37058e-07 2.35803e-07 1.64049e-07 1.13525e-07 7.81643e-08 5.35584e-08 3.65292e-08 2.48046e-08 1.67719e-08 1.12945e-08 7.5763e-09 5.06309e-09 3.37137e-09 2.2371e-09 1.47948e-09 9.75281e-10 6.40905e-10 4.19901e-10 2.74306e-10 1.78689e-10 1.16084e-10 7.52146e-11 4.8609e-11 3.13365e-11 2.01529e-11 1.29302e-11 8.27729e-12 5.287e-12 3.36974e-12 2.14326e-12 1.36041e-12 8.61795e-13 5.44879e-13 3.43858e-13 2.16602e-13 1.36197e-13 8.54903e-14 5.35706e-14 3.3513e-14 2.09313e-14 1.30524e-14 8.12668e-15 5.05217e-15 3.13617e-15 1.94398e-15 1.20329e-15 7.43779e-16 4.59124e-16 2.83034e-16 1.74254e-16 1.07145e-16 6.5799e-17 4.03585e-17 2.47246e-17 1.51291e-17 9.24687e-18 5.64528e-18 3.44265e-18 2.09714e-18 1.27614e-18 7.75731e-19 4.7106e-19 2.8576e-19 1.73179e-19 1.04849e-19 6.34183e-20 3.83226e-20 2.31363e-20 1.39551e-20 8.4098e-21 5.06353e-21 3.0461e-21
3.7868e-06 1.03267e-05 1.85514e-05 2.70558e-05 3.45929e-05 4.03027e-05 4.37693e-05 4.49667e-05 4.415e-05 4.17358e-05 3.81992e-05 3.39981e-05 2.95263e-05 2.50919e-05 2.09136e-05 1.71291e-05 1.38088e-05 1.09725e-05 8.60391e-06 6.66482e-06 5.10481e-06 3.8692e-06 2.90419e-06 2.16008e-06 1.59296e-06 1.16534e-06 8.46098e-07 6.09946e-07 4.36751e-07 3.10743e-07 2.19753e-07 1.54513e-07 1.08047e-07 7.51596e-08 5.20219e-08 3.58355e-08 2.45727e-08 1.6776e-08 1.1405e-08 7.72236e-09 5.20856e-09 3.49994e-09 2.34337e-09 1.56356e-09 1.03976e-09 6.89209e-10 4.55418e-10 3.00026e-10 1.97079e-10 1.2909e-10 8.43244e-11 5.49366e-11 3.56987e-11 2.31396e-11 1.49626e-11 9.65237e-12 6.21248e-12 3.9896e-12 2.55653e-12 1.63477e-12 1.04321e-12 6.64379e-13 4.22293e-13 2.67908e-13 1.6965e-13 1.07235e-13 6.76627e-14 4.26202e-14 2.6801e-14 1.68257e-14 1.05462e-14 6.59988e-15 4.12392e-15 2.57295e-15 1.60293e-15 9.97176e-16 6.19466e-16 3.84295e-16 2.38081e-16 1.47303e-16 9.10193e-17 5.617e-17 3.46205e-17 2.13124e-17 1.31042e-17 8.04779e-18 4.93677e-18 3.02494e-18 1.85144e-18 1.13195e-18 6.91319e-19 4.21768e-19 2.57051e-19 1.56503e-19 9.51905e-20 5.78413e-20 3.51126e-20 2.12949e-20 1.29028e-20 7.81076e-21 4.72401e-21
2.03591e-06 5.81418e-06 1.08298e-05 1.62908e-05 2.14097e-05 2.55748e-05 2.84228e-05 2.98358e-05 2.98932e-05 2.88056e-05 2.68501e-05 2.43175e-05 2.14752e-05 1.85459e-05 1.56993e-05 1.30527e-05 1.06765e-05 8.60391e-06 6.83966e-06 5.36925e-06 4.16622e-06 3.19803e-06 2.43027e-06 1.82956e-06 1.36526e-06 1.01039e-06 7.41957e-07 5.40849e-07 3.91519e-07 2.81558e-07 2.01218e-07 1.42949e-07 1.0098e-07 7.09492e-08 4.95927e-08 3.44941e-08 2.38794e-08 1.64564e-08 1.12917e-08 7.71569e-09 5.25106e-09 3.55995e-09 2.40451e-09 1.61827e-09 1.08537e-09 7.25521e-10 4.83419e-10 3.21101e-10 2.12643e-10 1.40407e-10 9.24482e-11 6.07038e-11 3.97537e-11 2.59667e-11 1.69187e-11 1.09966e-11 7.13049e-12 4.61297e-12 2.97762e-12 1.91783e-12 1.23262e-12 7.90582e-13 5.06046e-13 3.2328e-13 2.06127e-13 1.31183e-13 8.33353e-14 5.28451e-14 3.34521e-14 2.11399e-14 1.33371e-14 8.40065e-15 5.28292e-15 3.3171e-15 2.07962e-15 1.30185e-15 8.13777e-16 5.0796e-16 3.16625e-16 1.97091e-16 1.22519e-16 7.60626e-17 4.71603e-17 2.92033e-17 1.80613e-17 1.11567e-17 6.88343e-18 4.24193e-18 2.61109e-18 1.60542e-18 9.85993e-19 6.04902e-19 3.70706e-19 2.26944e-19 1.38789e-19 8.47916e-20 5.17505e-20 3.15536e-20 1.92205e-20 1.16968e-20 7.11148e-21
1.09458e-06 3.26687e-06 6.30087e-06 9.76556e-06 1.318e-05 1.61299e-05 1.83315e-05 1.96488e-05 2.00772e-05 1.97103e-05 1.87007e-05 1.72261e-05 1.54619e-05 1.35633e-05 1.1656e-05 9.83337e-06 8.15772e-06 6.66482e-06 5.36925e-06 4.26996e-06 3.35536e-06 2.60755e-06 2.00555e-06 1.52769e-06 1.15319e-06 8.63117e-07 6.4085e-07 4.72232e-07 3.45498e-07 2.51067e-07 1.81275e-07 1.30084e-07 9.28066e-08 6.58442e-08 4.64675e-08 3.26268e-08 2.27975e-08 1.58553e-08 1.09779e-08 7.56828e-09 5.19614e-09 3.55334e-09 2.42063e-09 1.64292e-09 1.11111e-09 7.4886e-10 5.03038e-10 3.36826e-10 2.24832e-10 1.49624e-10 9.92834e-11 6.56936e-11 4.33488e-11 2.85281e-11 1.8726e-11 1.2261e-11 8.00837e-12 5.21831e-12 3.39244e-12 2.20047e-12 1.42419e-12 9.19795e-13 5.92804e-13 3.81284e-13 2.44752e-13 1.56807e-13 1.00273e-13 6.40038e-14 4.07798e-14 2.5937e-14 1.64684e-14 1.04388e-14 6.60599e-15 4.17376e-15 2.6329e-15 1.65834e-15 1.04293e-15 6.54937e-16 4.10691e-16 2.57167e-16 1.6081e-16 1.0042e-16 6.26248e-17 3.90036e-17 2.42609e-17 1.50717e-17 9.35145e-18 5.79522e-18 3.5871e-18 2.21774e-18 1.36955e-18 8.448e-19 5.20535e-19 3.20385e-19 1.96984e-19 1.20985e-19 7.42304e-20 4.54978e-20 2.7859e-20 1.70417e-20 1.04145e-20
5.88482e-07 1.83217e-06 3.65451e-06 5.8301e-06 8.07392e-06 1.01157e-05 1.17487e-05 1.28509e-05 1.33843e-05 1.33796e-05 1.2915e-05 1.20943e-05 1.10287e-05 9.82281e-06 8.56641e-06 7.33024e-06 6.16539e-06 5.10481e-06 4.16622e-06 3.35536e-06 2.66934e-06 2.0995e-06 1.63385e-06 1.25891e-06 9.61027e-07 7.2724e-07 5.4581e-07 4.06469e-07 3.00482e-07 2.20588e-07 1.60868e-07 1.1658e-07 8.39796e-08 6.01506e-08 4.28483e-08 3.0364e-08 2.14097e-08 1.50239e-08 1.04943e-08 7.298e-09 5.05369e-09 3.48527e-09 2.39416e-09 1.63839e-09 1.11709e-09 7.58969e-10 5.13892e-10 3.46802e-10 2.33292e-10 1.56449e-10 1.04601e-10 6.9733e-11 4.63565e-11 3.07321e-11 2.03196e-11 1.34003e-11 8.81493e-12 5.78444e-12 3.78677e-12 2.47325e-12 1.61171e-12 1.04797e-12 6.79959e-13 4.40256e-13 2.84474e-13 1.83449e-13 1.18071e-13 7.58486e-14 4.86348e-14 3.11286e-14 1.98885e-14 1.26851e-14 8.077e-15 5.13437e-15 3.25851e-15 2.06473e-15 1.30627e-15 8.25164e-16 5.20476e-16 3.27814e-16 2.06173e-16 1.29487e-16 8.12127e-17 5.08669e-17 3.18179e-17 1.98766e-17 1.24011e-17 7.72744e-18 4.80924e-18 2.98946e-18 1.85607e-18 1.15104e-18 7.13002e-19 4.41165e-19 2.72667e-19 1.68342e-19 1.03821e-19 6.39626e-20 3.93655e-20 2.42028e-20 1.48655e-20
3.16388e-07 1.02579e-06 2.11356e-06 3.46748e-06 4.92354e-06 6.31088e-06 7.4859e-06 8.35128e-06 8.86104e-06 9.01532e-06 8.8495e-06 8.42127e-06 7.79852e-06 7.04961e-06 6.23656e-06 5.411e-06 4.6126e-06 3.8692e-06 3.19803e-06 2.60755e-06 2.0995e-06 1.67077e-06 1.31519e-06 1.02479e-06 7.90921e-07 6.04972e-07 4.58845e-07 3.45248e-07 2.57821e-07 1.9116e-07 1.40775e-07 1.03002e-07 7.49025e-08 5.41496e-08 3.89277e-08 2.78351e-08 1.98014e-08 1.40172e-08 9.87582e-09 6.92649e-09 4.83678e-09 3.36337e-09 2.32935e-09 1.60693e-09 1.1044e-09 7.5626e-10 5.16048e-10 3.50939e-10 2.37872e-10 1.60721e-10 1.08257e-10 7.27012e-11 4.86815e-11 3.25058e-11 2.16456e-11 1.43754e-11 9.5224e-12 6.29187e-12 4.14714e-12 2.72698e-12 1.78899e-12 1.17098e-12 7.64771e-13 4.98403e-13 3.24129e-13 2.10361e-13 1.36252e-13 8.80796e-14 5.683e-14 3.65992e-14 2.35273e-14 1.50974e-14 9.67102e-15 6.18448e-15 3.94829e-15 2.51655e-15 1.60143e-15 1.01749e-15 6.45484e-16 4.08873e-16 2.58613e-16 1.63337e-16 1.03016e-16 6.48812e-17 4.08077e-17 2.56321e-17 1.60789e-17 1.00732e-17 6.30275e-18 3.93869e-18 2.45835e-18 1.53255e-18 9.54275e-19 5.93512e-19 3.68715e-19 2.28805e-19 1.41828e-19 8.78193e-20 5.43193e-20 3.35632e-20 2.07169e-20
1.70101e-07 5.73404e-07 1.21913e-06 2.0551e-06 2.98977e-06 3.9181e-06 4.74399e-06 5.39499e-06 5.82884e-06 6.03299e-06 6.01968e-06 5.81874e-06 5.47003e-06 5.0168e-06 4.50061e-06 3.95796e-06 3.41844e-06 2.90419e-06 2.43027e-06 2.00555e-06 1.63385e-06 1.31519e-06 1.04693e-06 8.24734e-07 6.43373e-07 4.97301e-07 3.81078e-07 2.89639e-07 2.18444e-07 1.63546e-07 1.21594e-07 8.98072e-08 6.59126e-08 4.80853e-08 3.48786e-08 2.51603e-08 1.80545e-08 1.28903e-08 9.15873e-09 6.47716e-09 4.56026e-09 3.19684e-09 2.23177e-09 1.5518e-09 1.07484e-09 7.41707e-10 5.09979e-10 3.49427e-10 2.38612e-10 1.62408e-10 1.10191e-10 7.45332e-11 5.0264e-11 3.37992e-11 2.26639e-11 1.51557e-11 1.01079e-11 6.72398e-12 4.46167e-12 2.95329e-12 1.95019e-12 1.28481e-12 8.44533e-13 5.53904e-13 3.62506e-13 2.36746e-13 1.54298e-13 1.00361e-13 6.51503e-14 4.22122e-14 2.7299e-14 1.76222e-14 1.13552e-14 7.30415e-15 4.69029e-15 3.00677e-15 1.92437e-15 1.22963e-15 7.84472e-16 4.99699e-16 3.1782e-16 2.01841e-16 1.27998e-16 8.10548e-17 5.12559e-17 3.23677e-17 2.04124e-17 1.28558e-17 8.0861e-18 5.07953e-18 3.18686e-18 1.99695e-18 1.24981e-18 7.81273e-19 4.87813e-19 3.04232e-19 1.89523e-19 1.17934e-19 7.33056e-20 4.55164e-20 2.82318e-20
9.14522e-08 3.2006e-07 7.01479e-07 1.21406e-06 1.80839e-06 2.42158e-06 2.99122e-06 3.46594e-06 3.81132e-06 4.0114e-06 4.06694e-06 3.9917e-06 3.80793e-06 3.54211e-06 3.2213e-06 2.87054e-06 2.51117e-06 2.16008e-06 1.82956e-06 1.52769e-06 1.25891e-06 1.02479e-06 8.24734e-07 6.56685e-07 5.17671e-07 4.04264e-07 3.12915e-07 2.40189e-07 1.82911e-07 1.38251e-07 1.03753e-07 7.73369e-08 5.72753e-08 4.21572e-08 3.08475e-08 2.2445e-08 1.62435e-08 1.16948e-08 8.37813e-09 5.97354e-09 4.23958e-09 2.99569e-09 2.10776e-09 1.47694e-09 1.03083e-09 7.16713e-10 4.96477e-10 3.42688e-10 2.3572e-10 1.61598e-10 1.10424e-10 7.52183e-11 5.10805e-11 3.45857e-11 2.335e-11 1.57202e-11 1.05547e-11 7.0678e-12 4.72064e-12 3.14505e-12 2.09021e-12 1.38586e-12 9.1672e-13 6.05021e-13 3.98422e-13 2.61806e-13 1.71672e-13 1.12338e-13 7.33636e-14 4.78168e-14 3.11062e-14 2.01975e-14 1.30903e-14 8.46875e-15 5.46923e-15 3.52602e-15 2.26939e-15 1.4582e-15 9.35453e-16 5.99152e-16 3.83157e-16 2.44655e-16 1.55985e-16 9.93052e-17 6.31302e-17 4.00764e-17 2.54061e-17 1.60841e-17 1.01689e-17 6.42066e-18 4.0488e-18 2.5499e-18 1.6039e-18 1.00763e-18 6.32272e-19 3.9627e-19 2.4807e-19 1.55117e-19 9.68847e-20 6.04464e-20 3.76715e-20
4.91679e-08 1.78407e-07 4.02705e-07 7.15034e-07 1.08982e-06 1.49035e-06 1.87715e-06 2.21513e-06 2.47818e-06 2.65125e-06 2.73019e-06 2.71996e-06 2.6322e-06 2.4825e-06 2.28797e-06 2.06532e-06 1.8295e-06 1.59296e-06 1.36526e-06 1.15319e-06 9.61027e-07 7.90921e-07 6.43373e-07 5.17671e-07 4.1229e-07 3.25218e-07 2.54221e-07 1.9703e-07 1.51474e-07 1.1556e-07 8.75212e-08 6.58275e-08 4.91849e-08 3.6519e-08 2.69519e-08 1.97769e-08 1.44322e-08 1.04762e-08 7.56614e-09 5.4378e-09 3.88985e-09 2.77e-09 1.96397e-09 1.38664e-09 9.75069e-10 6.82974e-10 4.76573e-10 3.31332e-10 2.2954e-10 1.58476e-10 1.09049e-10 7.47961e-11 5.11418e-11 3.48621e-11 2.36945e-11 1.60581e-11 1.08525e-11 7.31455e-12 4.91696e-12 3.29677e-12 2.20491e-12 1.47107e-12 9.79133e-13 6.50192e-13 4.30781e-13 2.84782e-13 1.87858e-13 1.2366e-13 8.12338e-14 5.3256e-14 3.48454e-14 2.27555e-14 1.48323e-14 9.65007e-15 6.26714e-15 4.06295e-15 2.62943e-15 1.69882e-15 1.09575e-15 7.05614e-16 4.53661e-16 2.91217e-16 1.86653e-16 1.19454e-16 7.63353e-17 4.87103e-17 3.10383e-17 1.97501e-17 1.255e-17 7.96407e-18 5.04721e-18 3.1945e-18 2.01929e-18 1.27483e-18 8.03833e-19 5.06237e-19 3.18437e-19 2.00071e-19 1.25557e-19 7.87057e-20 4.92816e-20
2.64343e-08 9.93224e-08 2.30691e-07 4.19936e-07 6.54524e-07 9.13602e-07 1.17281e-06 1.40886e-06 1.6029e-06 1.74245e-06 1.82187e-06 1.84172e-06 1.80746e-06 1.72785e-06 1.61336e-06 1.47487e-06 1.32257e-06 1.16534e-06 1.01039e-06 8.63117e-07 7.2724e-07 6.04972e-07 4.97301e-07 4.04264e-07 3.25218e-07 2.59071e-07 2.04477e-07 1.59984e-07 1.24141e-07 9.55762e-08 7.30382e-08 5.54209e-08 4.17701e-08 3.12796e-08 2.328e-08 1.72246e-08 1.26726e-08 9.27328e-09 6.75066e-09 4.88982e-09 3.52497e-09 2.52936e-09 1.8069e-09 1.28526e-09 9.10431e-10 6.42339e-10 4.51441e-10 3.1609e-10 2.2052e-10 1.53306e-10 1.06216e-10 7.33484e-11 5.04893e-11 3.46464e-11 2.3703e-11 1.61687e-11 1.09978e-11 7.45985e-12 5.04639e-12 3.40477e-12 2.2913e-12 1.53812e-12 1.03e-12 6.88107e-13 4.58634e-13 3.04996e-13 2.02377e-13 1.33996e-13 8.85331e-14 5.83747e-14 3.84121e-14 2.52264e-14 1.65351e-14 1.08177e-14 7.06424e-15 4.60478e-15 2.99628e-15 1.94627e-15 1.26208e-15 8.17042e-16 5.28072e-16 3.40759e-16 2.19542e-16 1.41228e-16 9.07123e-17 5.81791e-17 3.72593e-17 2.38277e-17 1.52166e-17 9.70413e-18 6.18024e-18 3.93076e-18 2.49677e-18 1.58388e-18 1.0035e-18 6.34994e-19 4.01321e-19 2.53333e-19 1.59727e-19 1.00591e-19 6.32763e-20
1.4212e-08 5.52295e-08 1.31889e-07 2.45972e-07 3.91831e-07 5.57975e-07 7.29713e-07 8.91973e-07 1.03165e-06 1.13912e-06 1.20892e-06 1.23966e-06 1.23341e-06 1.19478e-06 1.12995e-06 1.04581e-06 9.49128e-07 8.46098e-07 7.41957e-07 6.4085e-07 5.4581e-07 4.58845e-07 3.81078e-07 3.12915e-07 2.54221e-07 2.04477e-07 1.62922e-07 1.28659e-07 1.00748e-07 7.82631e-08 6.03362e-08 4.61805e-08 3.51032e-08 2.65082e-08 1.98923e-08 1.48381e-08 1.10046e-08 8.1165e-09 5.95474e-09 4.34655e-09 3.15717e-09 2.28245e-09 1.64259e-09 1.17694e-09 8.39729e-10 5.96689e-10 4.22318e-10 2.97763e-10 2.09166e-10 1.46405e-10 1.0212e-10 7.09904e-11 4.91889e-11 3.39747e-11 2.33939e-11 1.606e-11 1.09932e-11 7.50356e-12 5.10753e-12 3.46726e-12 2.34759e-12 1.58544e-12 1.06806e-12 7.17771e-13 4.81223e-13 3.21886e-13 2.14821e-13 1.43051e-13 9.50541e-14 6.30281e-14 4.17064e-14 2.7542e-14 1.81523e-14 1.19407e-14 7.83988e-15 5.13788e-15 3.36103e-15 2.19477e-15 1.43071e-15 9.31053e-16 6.04882e-16 3.92333e-16 2.54063e-16 1.64264e-16 1.06041e-16 6.83509e-17 4.39913e-17 2.82719e-17 1.81433e-17 1.1627e-17 7.44072e-18 4.75521e-18 3.0349e-18 1.9344e-18 1.23136e-18 7.82837e-19 4.97066e-19 3.15226e-19 1.99666e-19 1.26319e-19 7.9822e-20
7.64086e-09 3.06773e-08 7.52611e-08 1.43715e-07 2.33861e-07 3.3959e-07 4.52245e-07 5.623e-07 6.60895e-07 7.40982e-07 7.97945e-07 8.29756e-07 8.36739e-07 8.21096e-07 7.86327e-07 7.36643e-07 6.7645e-07 6.09946e-07 5.40849e-07 4.72232e-07 4.06469e-07 3.45248e-07 2.89639e-07 2.40189e-07 1.9703e-07 1.59984e-07 1.28659e-07 1.02531e-07 8.10093e-08 6.34849e-08 4.93674e-08 3.81073e-08 2.92096e-08 2.22397e-08 1.68249e-08 1.26506e-08 9.45625e-09 7.0288e-09 5.19631e-09 3.82166e-09 2.79664e-09 2.03672e-09 1.47642e-09 1.06548e-09 7.65602e-10 5.47833e-10 3.90429e-10 2.77165e-10 1.96018e-10 1.38121e-10 9.69806e-11 6.786e-11 4.73251e-11 3.28973e-11 2.27961e-11 1.57482e-11 1.08469e-11 7.44944e-12 5.1017e-12 3.48428e-12 2.37328e-12 1.61232e-12 1.09257e-12 7.3853e-13 4.98008e-13 3.35025e-13 2.24862e-13 1.50583e-13 1.00619e-13 6.70885e-14 4.46376e-14 2.96388e-14 1.96401e-14 1.29889e-14 8.57357e-15 5.64847e-15 3.71446e-15 2.43822e-15 1.59764e-15 1.04503e-15 6.82392e-16 4.4485e-16 2.89521e-16 1.88125e-16 1.22047e-16 7.90554e-17 5.113e-17 3.30194e-17 2.12924e-17 1.37105e-17 8.8159e-18 5.66075e-18 3.62984e-18 2.32442e-18 1.48651e-18 9.49414e-19 6.05602e-19 3.85809e-19 2.45481e-19 1.56004e-19 9.9022e-20
4.10799e-09 1.70222e-08 4.28715e-08 8.37724e-08 1.39181e-07 2.05999e-07 2.79249e-07 3.53038e-07 4.21526e-07 4.79733e-07 5.24048e-07 5.52456e-07 5.6449e-07 5.61015e-07 5.43892e-07 5.15617e-07 4.78975e-07 4.36751e-07 3.91519e-07 3.45498e-07 3.00482e-07 2.57821e-07 2.18444e-07 1.82911e-07 1.51474e-07 1.24141e-07 1.00748e-07 8.10093e-08 6.45694e-08 5.10397e-08 4.00277e-08 3.11566e-08 2.40786e-08 1.84818e-08 1.40935e-08 1.06803e-08 8.04537e-09 6.02581e-09 4.4884e-09 3.32557e-09 2.45147e-09 1.79827e-09 1.3129e-09 9.54164e-10 6.90403e-10 4.97431e-10 3.56925e-10 2.55089e-10 1.81606e-10 1.2881e-10 9.10323e-11 6.41086e-11 4.49943e-11 3.14747e-11 2.19467e-11 1.52552e-11 1.05718e-11 7.30458e-12 5.03258e-12 3.45755e-12 2.36898e-12 1.61881e-12 1.10333e-12 7.50088e-13 5.08683e-13 3.44139e-13 2.32273e-13 1.5641e-13 1.05088e-13 7.04508e-14 4.71288e-14 3.14611e-14 2.09589e-14 1.39344e-14 9.24596e-15 6.1232e-15 4.04747e-15 2.67045e-15 1.75873e-15 1.15622e-15 7.58793e-16 4.97123e-16 3.25144e-16 2.12312e-16 1.38411e-16 9.00902e-17 5.85477e-17 3.79907e-17 2.46147e-17 1.59246e-17 1.02877e-17 6.63659e-18 4.27529e-18 2.75036e-18 1.76696e-18 1.13366e-18 7.26398e-19 4.64843e-19 2.9709e-19 1.8964e-19 1.20903e-19
2.2086e-09 9.43618e-09 2.43808e-08 4.87232e-08 8.26096e-08 1.24572e-07 1.71828e-07 2.20804e-07 2.67737e-07 3.0921e-07 3.42538e-07 3.65988e-07 3.78822e-07 3.81208e-07 3.74049e-07 3.58762e-07 3.37058e-07 3.10743e-07 2.81558e-07 2.51067e-07 2.20588e-07 1.9116e-07 1.63546e-07 1.38251e-07 1.1556e-07 9.55762e-08 7.82631e-08 6.34849e-08 5.10397e-08 4.06884e-08 3.21767e-08 2.52517e-08 1.96731e-08 1.52207e-08 1.16978e-08 8.93335e-09 6.78071e-09 5.11677e-09 3.83954e-09 2.86561e-09 2.12765e-09 1.57186e-09 1.15566e-09 8.45728e-10 6.16142e-10 4.46938e-10 3.22844e-10 2.32261e-10 1.66438e-10 1.18817e-10 8.45082e-11 5.98917e-11 4.22986e-11 2.97729e-11 2.08878e-11 1.46076e-11 1.01841e-11 7.07871e-12 4.90583e-12 3.39023e-12 2.33634e-12 1.6057e-12 1.10064e-12 7.5249e-13 5.13173e-13 3.49107e-13 2.36925e-13 1.60414e-13 1.08362e-13 7.30368e-14 4.91194e-14 3.29634e-14 2.2075e-14 1.47529e-14 9.83971e-15 6.54985e-15 4.35155e-15 2.88559e-15 1.90995e-15 1.26189e-15 8.32242e-16 5.47922e-16 3.60118e-16 2.36288e-16 1.54783e-16 1.01228e-16 6.60981e-17 4.30924e-17 2.80509e-17 1.82322e-17 1.18329e-17 7.66848e-18 4.9626e-18 3.207e-18 2.06961e-18 1.3338e-18 8.58441e-19 5.51773e-19 3.54201e-19 2.27084e-19 1.45405e-19
1.18742e-09 5.22614e-09 1.38435e-08 2.82789e-08 4.89076e-08 7.51104e-08 1.0538e-07 1.37598e-07 1.69388e-07 1.98459e-07 2.22891e-07 2.41309e-07 2.52955e-07 2.57679e-07 2.55846e-07 2.48215e-07 2.35803e-07 2.19753e-07 2.01218e-07 1.81275e-07 1.60868e-07 1.40775e-07 1.21594e-07 1.03753e-07 8.75212e-08 7.30382e-08 6.03362e-08 4.93674e-08 4.00277e-08 3.21767e-08 2.56549e-08 2.02964e-08 1.59384e-08 1.24278e-08 9.62513e-09 7.40637e-09 5.66382e-09 4.30555e-09 3.25436e-09 2.44634e-09 1.82925e-09 1.36087e-09 1.00746e-09 7.42314e-10 5.44453e-10 3.97571e-10 2.89078e-10 2.09326e-10 1.5097e-10 1.08462e-10 7.76303e-11 5.53608e-11 3.93403e-11 2.78599e-11 1.96641e-11 1.38343e-11 9.7022e-12 6.78343e-12 4.72858e-12 3.2866e-12 2.27788e-12 1.57439e-12 1.08524e-12 7.46096e-13 5.11621e-13 3.49957e-13 2.3879e-13 1.62548e-13 1.1039e-13 7.47974e-14 5.05677e-14 3.41123e-14 2.29625e-14 1.54248e-14 1.03402e-14 6.91782e-15 4.61908e-15 3.07826e-15 2.04755e-15 1.35944e-15 9.00949e-16 5.96028e-16 3.93618e-16 2.59501e-16 1.70795e-16 1.12226e-16 7.36223e-17 4.82208e-17 3.15341e-17 2.05902e-17 1.34241e-17 8.73914e-18 5.68092e-18 3.68762e-18 2.39035e-18 1.54731e-18 1.00023e-18 6.45718e-19 4.16306e-19 2.68051e-19 1.72373e-19
6.38397e-10 2.89197e-09 7.84882e-09 1.63806e-08 2.88852e-08 4.51612e-08 6.44262e-08 8.54517e-08 1.06765e-07 1.26866e-07 1.44418e-07 1.58386e-07 1.68109e-07 1.73316e-07 1.74092e-07 1.70809e-07 1.64049e-07 1.54513e-07 1.42949e-07 1.30084e-07 1.1658e-07 1.03002e-07 8.98072e-08 7.73369e-08 6.58275e-08 5.54209e-08 4.61805e-08 3.81073e-08 3.11566e-08 2.52517e-08 2.02964e-08 1.61848e-08 1.28092e-08 1.00649e-08 7.85427e-09 6.08894e-09 4.6907e-09 3.59173e-09 2.73429e-09 2.06994e-09 1.55861e-09 1.16752e-09 8.70216e-10 6.45501e-10 4.76592e-10 3.50304e-10 2.56364e-10 1.86828e-10 1.356e-10 9.80314e-11 7.06008e-11 5.06574e-11 3.62169e-11 2.58025e-11 1.83205e-11 1.29652e-11 9.14584e-12 6.43148e-12 4.50897e-12 3.15177e-12 2.19674e-12 1.52679e-12 1.05825e-12 7.31532e-13 5.04362e-13 3.46852e-13 2.37937e-13 1.62826e-13 1.11161e-13 7.57126e-14 5.14514e-14 3.48867e-14 2.36035e-14 1.59356e-14 1.07362e-14 7.21855e-15 4.84371e-15 3.2438e-15 2.16818e-15 1.4465e-15 9.63249e-16 6.40283e-16 4.24848e-16 2.81409e-16 1.86079e-16 1.22837e-16 8.09547e-17 5.32663e-17 3.49922e-17 2.29515e-17 1.50309e-17 9.82881e-18 6.41761e-18 4.1842e-18 2.72413e-18 1.77105e-18 1.14982e-18 7.45483e-19 4.82682e-19 3.12112e-19 2.01555e-19
3.43224e-10 1.59903e-09 4.4438e-09 9.47065e-09 1.70208e-08 2.70819e-08 3.9271e-08 5.28937e-08 6.70548e-08 8.07904e-08 9.31935e-08 1.03513e-07 1.11219e-07 1.16024e-07 1.17879e-07 1.16942e-07 1.13525e-07 1.08047e-07 1.0098e-07 9.28066e-08 8.39796e-08 7.49025e-08 6.59126e-08 5.72753e-08 4.91849e-08 4.17701e-08 3.51032e-08 2.92096e-08 2.40786e-08 1.96731e-08 1.59384e-08 1.28092e-08 1.02158e-08 8.08797e-09 6.35873e-09 4.96585e-09 3.85328e-09 2.97163e-09 2.2782e-09 1.73669e-09 1.31667e-09 9.9299e-10 7.4509e-10 5.56347e-10 4.13456e-10 3.05864e-10 2.25273e-10 1.65208e-10 1.20658e-10 8.77688e-11 6.35966e-11 4.59081e-11 3.30183e-11 2.36632e-11 1.69003e-11 1.20296e-11 8.53479e-12 6.03604e-12 4.25565e-12 2.99137e-12 2.09652e-12 1.46515e-12 1.02106e-12 7.0964e-13 4.91892e-13 3.40073e-13 2.34517e-13 1.61324e-13 1.10706e-13 7.5791e-14 5.17675e-14 3.52787e-14 2.39887e-14 1.62764e-14 1.10201e-14 7.44579e-15 5.02055e-15 3.3785e-15 2.26907e-15 1.52103e-15 1.01768e-15 6.79645e-16 4.53073e-16 3.01497e-16 2.00281e-16 1.32817e-16 8.79303e-17 5.81175e-17 3.83505e-17 2.52664e-17 1.66202e-17 1.0916e-17 7.15866e-18 4.68766e-18 3.0651e-18 2.00129e-18 1.30485e-18 8.49588e-19 5.52409e-19 3.58698e-19 2.32606e-19
