0.845266 0.00018053 0.000173814 0.000167347 0.000161122 0.000155128 0.000149357 0.0001438 0.00013845 0.0001333 0.000128341 0.000123566 0.000118969 0.000114543 0.000110282 0.000106179 0.000102229 9.84259e-05 9.47642e-05 9.12387e-05 8.78444e-05 8.45764e-05 8.143e-05 7.84006e-05 7.54839e-05 7.26757e-05 6.9972e-05 6.73689e-05 6.48626e-05 6.24496e-05 6.01263e-05 5.78894e-05 5.57358e-05 5.36623e-05 5.16659e-05 4.97438e-05 4.78933e-05 4.61115e-05 4.43961e-05 4.27444e-05 4.11542e-05 3.96232e-05 3.81491e-05 3.67299e-05 3.53634e-05 3.40478e-05 3.27812e-05 3.15616e-05 3.03875e-05 2.9257e-05 2.81685e-05 2.71206e-05 2.61117e-05 2.51402e-05 2.4205e-05 2.33045e-05 2.24375e-05 2.16028e-05 2.07991e-05 2.00253e-05 1.92803e-05 1.85631e-05 1.78725e-05 1.72076e-05 1.65674e-05 1.59511e-05 1.53576e-05 1.47863e-05 1.42362e-05 1.37066e-05 1.31967e-05 1.27057e-05 1.2233e-05 1.17779e-05 1.13398e-05 1.09179e-05 1.05117e-05 1.01207e-05 9.74417e-06 9.38166e-06 9.03264e-06 8.6966e-06 8.37307e-06 8.06157e-06 7.76166e-06 7.47291e-06 7.1949e-06 6.92723e-06 6.66952e-06 6.4214e-06 6.18251e-06 5.95251e-06 5.73106e-06 5.51785e-06 5.31257e-06 5.11493e-06 4.92464e-06 4.74144e-06 4.56504e-06 4.39521e-06 4.2317e-06
0.00018053 2.32311e-05 2.2574e-05 2.19335e-05 2.13095e-05 2.07016e-05 2.01094e-05 1.95326e-05 1.89709e-05 1.84239e-05 1.78914e-05 1.7373e-05 1.68684e-05 1.63774e-05 1.58995e-05 1.54345e-05 1.49821e-05 1.4542e-05 1.41139e-05 1.36975e-05 1.32926e-05 1.28988e-05 1.2516e-05 1.21438e-05 1.17819e-05 1.14302e-05 1.10883e-05 1.07561e-05 1.04332e-05 1.01195e-05 9.81462e-06 9.51846e-06 9.23076e-06 8.95128e-06 8.67983e-06 8.41618e-06 8.16014e-06 7.9115e-06 7.67007e-06 7.43565e-06 7.20806e-06 6.98711e-06 6.77262e-06 6.56442e-06 6.36234e-06 6.16621e-06 5.97587e-06 5.79115e-06 5.61191e-06 5.43799e-06 5.26925e-06 5.10553e-06 4.9467e-06 4.79262e-06 4.64316e-06 4.49819e-06 4.35758e-06 4.22121e-06 4.08895e-06 3.96069e-06 3.83631e-06 3.71571e-06 3.59877e-06 3.48538e-06 3.37546e-06 3.26889e-06 3.16557e-06 3.06542e-06 2.96834e-06 2.87424e-06 2.78304e-06 2.69464e-06 2.60897e-06 2.52594e-06 2.44548e-06 2.36751e-06 2.29195e-06 2.21875e-06 2.14781e-06 2.07909e-06 2.0125e-06 1.94799e-06 1.8855e-06 1.82496e-06 1.76631e-06 1.7095e-06 1.65448e-06 1.60118e-06 1.54956e-06 1.49956e-06 1.45114e-06 1.40425e-06 1.35883e-06 1.31486e-06 1.27227e-06 1.23103e-06 1.1911e-06 1.15244e-06 1.115e-06 1.07876e-06 1.04367e-06
0.000173814 2.2574e-05 2.19602e-05 2.13611e-05 2.07764e-05 2.02058e-05 1.96492e-05 1.91062e-05 1.85766e-05 1.80602e-05 1.75567e-05 1.70658e-05 1.65873e-05 1.61209e-05 1.56665e-05 1.52237e-05 1.47923e-05 1.43721e-05 1.39628e-05 1.35642e-05 1.3176e-05 1.27981e-05 1.24302e-05 1.20721e-05 1.17235e-05 1.13842e-05 1.10541e-05 1.07328e-05 1.04203e-05 1.01162e-05 9.82044e-06 9.53275e-06 9.25296e-06 8.98088e-06 8.7163e-06 8.45905e-06 8.20894e-06 7.9658e-06 7.72946e-06 7.49973e-06 7.27646e-06 7.05948e-06 6.84862e-06 6.64374e-06 6.44467e-06 6.25126e-06 6.06338e-06 5.88086e-06 5.70358e-06 5.53139e-06 5.36416e-06 5.20175e-06 5.04404e-06 4.89091e-06 4.74222e-06 4.59785e-06 4.4577e-06 4.32164e-06 4.18956e-06 4.06136e-06 3.93693e-06 3.81616e-06 3.69895e-06 3.58521e-06 3.47483e-06 3.36773e-06 3.26381e-06 3.16298e-06 3.06516e-06 2.97025e-06 2.87819e-06 2.78888e-06 2.70225e-06 2.61822e-06 2.53672e-06 2.45768e-06 2.38102e-06 2.30668e-06 2.23459e-06 2.16468e-06 2.09689e-06 2.03117e-06 1.96744e-06 1.90566e-06 1.84576e-06 1.78769e-06 1.7314e-06 1.67683e-06 1.62394e-06 1.57267e-06 1.52297e-06 1.47481e-06 1.42812e-06 1.38288e-06 1.33904e-06 1.29655e-06 1.25538e-06 1.21548e-06 1.17682e-06 1.13936e-06 1.10306e-06
0.000167347 2.19335e-05 2.13611e-05 2.08013e-05 2.02541e-05 1.97193e-05 1.91967e-05 1.86861e-05 1.81873e-05 1.77002e-05 1.72245e-05 1.67601e-05 1.63067e-05 1.58642e-05 1.54324e-05 1.50111e-05 1.46e-05 1.41991e-05 1.38081e-05 1.34267e-05 1.30549e-05 1.26925e-05 1.23391e-05 1.19947e-05 1.16591e-05 1.13321e-05 1.10135e-05 1.07031e-05 1.04007e-05 1.01062e-05 9.81945e-06 9.54018e-06 9.26826e-06 9.00354e-06 8.74583e-06 8.49499e-06 8.25084e-06 8.01325e-06 7.78204e-06 7.55707e-06 7.3382e-06 7.12527e-06 6.91813e-06 6.71666e-06 6.52071e-06 6.33015e-06 6.14484e-06 5.96465e-06 5.78945e-06 5.61912e-06 5.45353e-06 5.29257e-06 5.13612e-06 4.98406e-06 4.83627e-06 4.69266e-06 4.5531e-06 4.4175e-06 4.28575e-06 4.15775e-06 4.03339e-06 3.9126e-06 3.79526e-06 3.68129e-06 3.57059e-06 3.46309e-06 3.35869e-06 3.2573e-06 3.15886e-06 3.06328e-06 2.97047e-06 2.88037e-06 2.7929e-06 2.70798e-06 2.62556e-06 2.54555e-06 2.46789e-06 2.39252e-06 2.31937e-06 2.24838e-06 2.17949e-06 2.11264e-06 2.04777e-06 1.98483e-06 1.92377e-06 1.86452e-06 1.80704e-06 1.75128e-06 1.69718e-06 1.64471e-06 1.59381e-06 1.54444e-06 1.49655e-06 1.45011e-06 1.40507e-06 1.36139e-06 1.31903e-06 1.27795e-06 1.23811e-06 1.19949e-06 1.16204e-06
0.000161122 2.13095e-05 2.07764e-05 2.02541e-05 1.97427e-05 1.9242e-05 1.87519e-05 1.82723e-05 1.78031e-05 1.73441e-05 1.68951e-05 1.64561e-05 1.6027e-05 1.56075e-05 1.51975e-05 1.4797e-05 1.44056e-05 1.40234e-05 1.36501e-05 1.32855e-05 1.29296e-05 1.25822e-05 1.22431e-05 1.19122e-05 1.15893e-05 1.12743e-05 1.0967e-05 1.06672e-05 1.03749e-05 1.00899e-05 9.81198e-06 9.54105e-06 9.27696e-06 9.01956e-06 8.76871e-06 8.52428e-06 8.28611e-06 8.05409e-06 7.82806e-06 7.60791e-06 7.3935e-06 7.18469e-06 6.98137e-06 6.7834e-06 6.59066e-06 6.40304e-06 6.22041e-06 6.04266e-06 5.86966e-06 5.70131e-06 5.5375e-06 5.37811e-06 5.22304e-06 5.07219e-06 4.92544e-06 4.7827e-06 4.64388e-06 4.50886e-06 4.37757e-06 4.2499e-06 4.12576e-06 4.00506e-06 3.88772e-06 3.77365e-06 3.66277e-06 3.55499e-06 3.45023e-06 3.34842e-06 3.24948e-06 3.15333e-06 3.0599e-06 2.96912e-06 2.88092e-06 2.79523e-06 2.71198e-06 2.63111e-06 2.55255e-06 2.47625e-06 2.40214e-06 2.33016e-06 2.26026e-06 2.19238e-06 2.12646e-06 2.06245e-06 2.00029e-06 1.93995e-06 1.88136e-06 1.82448e-06 1.76926e-06 1.71565e-06 1.66362e-06 1.61311e-06 1.56409e-06 1.5165e-06 1.47032e-06 1.42551e-06 1.38201e-06 1.33981e-06 1.29885e-06 1.25911e-06 1.22055e-06
0.000155128 2.07016e-05 2.02058e-05 1.97193e-05 1.9242e-05 1.87739e-05 1.83149e-05 1.7865e-05 1.7424e-05 1.69919e-05 1.65687e-05 1.61542e-05 1.57483e-05 1.5351e-05 1.49621e-05 1.45816e-05 1.42094e-05 1.38452e-05 1.34891e-05 1.31409e-05 1.28004e-05 1.24677e-05 1.21425e-05 1.18247e-05 1.15143e-05 1.1211e-05 1.09148e-05 1.06256e-05 1.03432e-05 1.00675e-05 9.79834e-06 9.53567e-06 9.27934e-06 9.02923e-06 8.78522e-06 8.54718e-06 8.31501e-06 8.08858e-06 7.86777e-06 7.65248e-06 7.44258e-06 7.23796e-06 7.03852e-06 6.84414e-06 6.6547e-06 6.47012e-06 6.29027e-06 6.11505e-06 5.94437e-06 5.77811e-06 5.61619e-06 5.45849e-06 5.30492e-06 5.1554e-06 5.00981e-06 4.86808e-06 4.73011e-06 4.59581e-06 4.4651e-06 4.33788e-06 4.21408e-06 4.09361e-06 3.97639e-06 3.86235e-06 3.75139e-06 3.64346e-06 3.53846e-06 3.43634e-06 3.33701e-06 3.24042e-06 3.14648e-06 3.05513e-06 2.9663e-06 2.87994e-06 2.79598e-06 2.71435e-06 2.635e-06 2.55786e-06 2.48288e-06 2.41001e-06 2.33919e-06 2.27036e-06 2.20347e-06 2.13847e-06 2.07531e-06 2.01395e-06 1.95432e-06 1.8964e-06 1.84012e-06 1.78546e-06 1.73236e-06 1.68078e-06 1.63068e-06 1.58202e-06 1.53476e-06 1.48886e-06 1.44429e-06 1.40101e-06 1.35898e-06 1.31818e-06 1.27855e-06
0.000149357 2.01094e-05 1.96492e-05 1.91967e-05 1.87519e-05 1.83149e-05 1.78856e-05 1.7464e-05 1.70502e-05 1.66439e-05 1.62454e-05 1.58544e-05 1.54709e-05 1.5095e-05 1.47265e-05 1.43654e-05 1.40115e-05 1.36649e-05 1.33255e-05 1.29931e-05 1.26677e-05 1.23493e-05 1.20376e-05 1.17327e-05 1.14344e-05 1.11427e-05 1.08574e-05 1.05785e-05 1.03058e-05 1.00393e-05 9.77882e-06 9.52433e-06 9.2757e-06 9.03283e-06 8.79562e-06 8.56398e-06 8.33779e-06 8.11696e-06 7.9014e-06 7.691e-06 7.48566e-06 7.28529e-06 7.08979e-06 6.89907e-06 6.71302e-06 6.53155e-06 6.35458e-06 6.182e-06 6.01372e-06 5.84966e-06 5.68973e-06 5.53383e-06 5.38188e-06 5.2338e-06 5.08949e-06 4.94888e-06 4.81188e-06 4.67842e-06 4.5484e-06 4.42176e-06 4.29842e-06 4.1783e-06 4.06132e-06 3.94741e-06 3.83651e-06 3.72853e-06 3.62342e-06 3.52109e-06 3.4215e-06 3.32456e-06 3.23021e-06 3.1384e-06 3.04906e-06 2.96213e-06 2.87755e-06 2.79526e-06 2.71521e-06 2.63733e-06 2.56158e-06 2.48791e-06 2.41625e-06 2.34656e-06 2.27878e-06 2.21288e-06 2.1488e-06 2.08649e-06 2.02591e-06 1.96701e-06 1.90975e-06 1.8541e-06 1.79999e-06 1.7474e-06 1.69629e-06 1.64661e-06 1.59834e-06 1.55142e-06 1.50583e-06 1.46153e-06 1.41848e-06 1.37665e-06 1.33602e-06
0.0001438 1.95326e-05 1.91062e-05 1.86861e-05 1.82723e-05 1.7865e-05 1.7464e-05 1.70696e-05 1.66816e-05 1.63002e-05 1.59253e-05 1.55569e-05 1.51951e-05 1.48397e-05 1.44908e-05 1.41484e-05 1.38124e-05 1.34828e-05 1.31595e-05 1.28425e-05 1.25318e-05 1.22272e-05 1.19287e-05 1.16364e-05 1.135e-05 1.10695e-05 1.0795e-05 1.05262e-05 1.02631e-05 1.00056e-05 9.75372e-06 9.50732e-06 9.26631e-06 9.03063e-06 8.80019e-06 8.5749e-06 8.3547e-06 8.13948e-06 7.92918e-06 7.7237e-06 7.52296e-06 7.32688e-06 7.13538e-06 6.94838e-06 6.76578e-06 6.58751e-06 6.41349e-06 6.24363e-06 6.07786e-06 5.91609e-06 5.75825e-06 5.60426e-06 5.45403e-06 5.3075e-06 5.16458e-06 5.0252e-06 4.88929e-06 4.75677e-06 4.62756e-06 4.50161e-06 4.37884e-06 4.25917e-06 4.14255e-06 4.0289e-06 3.91815e-06 3.81025e-06 3.70512e-06 3.6027e-06 3.50294e-06 3.40577e-06 3.31113e-06 3.21895e-06 3.1292e-06 3.0418e-06 2.9567e-06 2.87384e-06 2.79318e-06 2.71466e-06 2.63823e-06 2.56383e-06 2.49142e-06 2.42096e-06 2.35238e-06 2.28565e-06 2.22072e-06 2.15755e-06 2.09608e-06 2.03628e-06 1.97812e-06 1.92153e-06 1.86649e-06 1.81296e-06 1.7609e-06 1.71026e-06 1.66102e-06 1.61314e-06 1.56658e-06 1.52131e-06 1.47729e-06 1.4345e-06 1.3929e-06
0.00013845 1.89709e-05 1.85766e-05 1.81873e-05 1.78031e-05 1.7424e-05 1.70502e-05 1.66816e-05 1.63185e-05 1.59608e-05 1.56086e-05 1.5262e-05 1.49208e-05 1.45853e-05 1.42554e-05 1.3931e-05 1.36122e-05 1.3299e-05 1.29914e-05 1.26894e-05 1.23928e-05 1.21018e-05 1.18162e-05 1.15361e-05 1.12613e-05 1.09919e-05 1.07278e-05 1.0469e-05 1.02153e-05 9.96677e-06 9.72332e-06 9.4849e-06 9.25144e-06 9.02289e-06 8.79917e-06 8.58022e-06 8.36597e-06 8.15636e-06 7.95133e-06 7.75079e-06 7.55468e-06 7.36294e-06 7.17548e-06 6.99225e-06 6.81317e-06 6.63817e-06 6.46717e-06 6.30012e-06 6.13693e-06 5.97755e-06 5.82189e-06 5.66989e-06 5.52148e-06 5.3766e-06 5.23517e-06 5.09712e-06 4.9624e-06 4.83093e-06 4.70265e-06 4.5775e-06 4.4554e-06 4.3363e-06 4.22014e-06 4.10685e-06 3.99637e-06 3.88864e-06 3.7836e-06 3.6812e-06 3.58137e-06 3.48407e-06 3.38923e-06 3.29679e-06 3.20672e-06 3.11894e-06 3.03342e-06 2.95009e-06 2.86891e-06 2.78983e-06 2.7128e-06 2.63778e-06 2.56471e-06 2.49354e-06 2.42424e-06 2.35677e-06 2.29106e-06 2.2271e-06 2.16482e-06 2.10419e-06 2.04518e-06 1.98774e-06 1.93183e-06 1.87741e-06 1.82446e-06 1.77293e-06 1.72278e-06 1.67399e-06 1.62652e-06 1.58033e-06 1.53539e-06 1.49168e-06 1.44916e-06
0.0001333 1.84239e-05 1.80602e-05 1.77002e-05 1.73441e-05 1.69919e-05 1.66439e-05 1.63002e-05 1.59608e-05 1.56259e-05 1.52955e-05 1.49697e-05 1.46485e-05 1.4332e-05 1.40203e-05 1.37134e-05 1.34113e-05 1.3114e-05 1.28216e-05 1.2534e-05 1.22512e-05 1.19734e-05 1.17003e-05 1.14321e-05 1.11687e-05 1.09101e-05 1.06563e-05 1.04072e-05 1.01628e-05 9.92301e-06 9.68789e-06 9.45735e-06 9.23136e-06 9.00986e-06 8.79281e-06 8.58016e-06 8.37185e-06 8.16784e-06 7.96807e-06 7.77249e-06 7.58103e-06 7.39365e-06 7.21028e-06 7.03087e-06 6.85536e-06 6.68368e-06 6.51578e-06 6.3516e-06 6.19108e-06 6.03416e-06 5.88077e-06 5.73085e-06 5.58436e-06 5.44121e-06 5.30137e-06 5.16476e-06 5.03132e-06 4.901e-06 4.77374e-06 4.64948e-06 4.52817e-06 4.40974e-06 4.29414e-06 4.1813e-06 4.07119e-06 3.96374e-06 3.8589e-06 3.75661e-06 3.65682e-06 3.55948e-06 3.46453e-06 3.37193e-06 3.28163e-06 3.19357e-06 3.10772e-06 3.02401e-06 2.9424e-06 2.86285e-06 2.78531e-06 2.70973e-06 2.63608e-06 2.5643e-06 2.49436e-06 2.4262e-06 2.35981e-06 2.29512e-06 2.2321e-06 2.17071e-06 2.11092e-06 2.05268e-06 1.99597e-06 1.94074e-06 1.88695e-06 1.83458e-06 1.78358e-06 1.73394e-06 1.6856e-06 1.63855e-06 1.59275e-06 1.54816e-06 1.50477e-06
0.000128341 1.78914e-05 1.75567e-05 1.72245e-05 1.68951e-05 1.65687e-05 1.62454e-05 1.59253e-05 1.56086e-05 1.52955e-05 1.49859e-05 1.46801e-05 1.43781e-05 1.408e-05 1.37859e-05 1.34958e-05 1.32098e-05 1.29279e-05 1.26501e-05 1.23766e-05 1.21073e-05 1.18422e-05 1.15813e-05 1.13248e-05 1.10724e-05 1.08244e-05 1.05806e-05 1.0341e-05 1.01057e-05 9.87461e-06 9.64768e-06 9.42492e-06 9.2063e-06 8.99179e-06 8.78135e-06 8.57495e-06 8.37256e-06 8.17413e-06 7.97962e-06 7.78899e-06 7.60221e-06 7.41921e-06 7.23996e-06 7.06441e-06 6.89252e-06 6.72422e-06 6.55948e-06 6.39823e-06 6.24044e-06 6.08605e-06 5.93501e-06 5.78726e-06 5.64276e-06 5.50145e-06 5.36327e-06 5.22818e-06 5.09613e-06 4.96706e-06 4.84091e-06 4.71765e-06 4.59721e-06 4.47954e-06 4.3646e-06 4.25233e-06 4.14268e-06 4.0356e-06 3.93104e-06 3.82896e-06 3.7293e-06 3.63202e-06 3.53706e-06 3.44439e-06 3.35395e-06 3.2657e-06 3.1796e-06 3.09559e-06 3.01364e-06 2.9337e-06 2.85573e-06 2.77969e-06 2.70553e-06 2.63321e-06 2.5627e-06 2.49395e-06 2.42693e-06 2.36159e-06 2.2979e-06 2.23582e-06 2.17532e-06 2.11635e-06 2.05889e-06 2.0029e-06 1.94834e-06 1.89519e-06 1.8434e-06 1.79295e-06 1.74381e-06 1.69594e-06 1.64932e-06 1.60391e-06 1.55969e-06
0.000123566 1.7373e-05 1.70658e-05 1.67601e-05 1.64561e-05 1.61542e-05 1.58544e-05 1.55569e-05 1.5262e-05 1.49697e-05 1.46801e-05 1.43935e-05 1.411e-05 1.38295e-05 1.35523e-05 1.32784e-05 1.30079e-05 1.27409e-05 1.24774e-05 1.22174e-05 1.19611e-05 1.17085e-05 1.14595e-05 1.12143e-05 1.09728e-05 1.0735e-05 1.0501e-05 1.02709e-05 1.00445e-05 9.82182e-06 9.60296e-06 9.38787e-06 9.17652e-06 8.96892e-06 8.76503e-06 8.56483e-06 8.36831e-06 8.17544e-06 7.98618e-06 7.80051e-06 7.6184e-06 7.43981e-06 7.26471e-06 7.09305e-06 6.92481e-06 6.75994e-06 6.5984e-06 6.44016e-06 6.28516e-06 6.13337e-06 5.98475e-06 5.83924e-06 5.69681e-06 5.5574e-06 5.42098e-06 5.2875e-06 5.15692e-06 5.02918e-06 4.90424e-06 4.78205e-06 4.66258e-06 4.54577e-06 4.43158e-06 4.31996e-06 4.21086e-06 4.10425e-06 4.00007e-06 3.89829e-06 3.79885e-06 3.70172e-06 3.60684e-06 3.51418e-06 3.4237e-06 3.33534e-06 3.24908e-06 3.16486e-06 3.08265e-06 3.0024e-06 2.92408e-06 2.84764e-06 2.77306e-06 2.70028e-06 2.62927e-06 2.55999e-06 2.49241e-06 2.4265e-06 2.3622e-06 2.29949e-06 2.23834e-06 2.17871e-06 2.12057e-06 2.06387e-06 2.0086e-06 1.95472e-06 1.9022e-06 1.851e-06 1.80111e-06 1.75247e-06 1.70508e-06 1.6589e-06 1.6139e-06
0.000118969 1.68684e-05 1.65873e-05 1.63067e-05 1.6027e-05 1.57483e-05 1.54709e-05 1.51951e-05 1.49208e-05 1.46485e-05 1.43781e-05 1.411e-05 1.38441e-05 1.35806e-05 1.33197e-05 1.30614e-05 1.28059e-05 1.25533e-05 1.23035e-05 1.20568e-05 1.18131e-05 1.15725e-05 1.13351e-05 1.11009e-05 1.08699e-05 1.06422e-05 1.04179e-05 1.01969e-05 9.97919e-06 9.76489e-06 9.55397e-06 9.34642e-06 9.14226e-06 8.94148e-06 8.74407e-06 8.55002e-06 8.35934e-06 8.17199e-06 7.98796e-06 7.80724e-06 7.62981e-06 7.45563e-06 7.28469e-06 7.11696e-06 6.9524e-06 6.791e-06 6.63272e-06 6.47752e-06 6.32537e-06 6.17624e-06 6.0301e-06 5.8869e-06 5.74661e-06 5.60919e-06 5.4746e-06 5.34281e-06 5.21377e-06 5.08744e-06 4.96379e-06 4.84278e-06 4.72436e-06 4.60849e-06 4.49513e-06 4.38425e-06 4.2758e-06 4.16974e-06 4.06603e-06 3.96463e-06 3.8655e-06 3.7686e-06 3.67389e-06 3.58133e-06 3.49088e-06 3.4025e-06 3.31616e-06 3.2318e-06 3.14941e-06 3.06894e-06 2.99034e-06 2.91359e-06 2.83865e-06 2.76548e-06 2.69405e-06 2.62432e-06 2.55626e-06 2.48982e-06 2.42499e-06 2.36172e-06 2.29998e-06 2.23975e-06 2.18098e-06 2.12365e-06 2.06772e-06 2.01317e-06 1.95996e-06 1.90807e-06 1.85747e-06 1.80812e-06 1.76001e-06 1.71309e-06 1.66736e-06
0.000114543 1.63774e-05 1.61209e-05 1.58642e-05 1.56075e-05 1.5351e-05 1.5095e-05 1.48397e-05 1.45853e-05 1.4332e-05 1.408e-05 1.38295e-05 1.35806e-05 1.33335e-05 1.30882e-05 1.28451e-05 1.2604e-05 1.23652e-05 1.21288e-05 1.18948e-05 1.16633e-05 1.14345e-05 1.12083e-05 1.09848e-05 1.07641e-05 1.05463e-05 1.03313e-05 1.01193e-05 9.91019e-06 9.70406e-06 9.50093e-06 9.30082e-06 9.10373e-06 8.90969e-06 8.71869e-06 8.53074e-06 8.34583e-06 8.16398e-06 7.98516e-06 7.80937e-06 7.63661e-06 7.46685e-06 7.30009e-06 7.13629e-06 6.97546e-06 6.81755e-06 6.66256e-06 6.51045e-06 6.36121e-06 6.2148e-06 6.07119e-06 5.93036e-06 5.79228e-06 5.65691e-06 5.52422e-06 5.39419e-06 5.26677e-06 5.14194e-06 5.01966e-06 4.89989e-06 4.7826e-06 4.66776e-06 4.55533e-06 4.44526e-06 4.33754e-06 4.23211e-06 4.12895e-06 4.02802e-06 3.92928e-06 3.8327e-06 3.73823e-06 3.64585e-06 3.55552e-06 3.4672e-06 3.38085e-06 3.29644e-06 3.21395e-06 3.13332e-06 3.05452e-06 2.97753e-06 2.90231e-06 2.82882e-06 2.75704e-06 2.68692e-06 2.61844e-06 2.55156e-06 2.48625e-06 2.42248e-06 2.36022e-06 2.29944e-06 2.2401e-06 2.18219e-06 2.12566e-06 2.07049e-06 2.01666e-06 1.96412e-06 1.91286e-06 1.86285e-06 1.81406e-06 1.76647e-06 1.72004e-06
0.000110282 1.58995e-05 1.56665e-05 1.54324e-05 1.51975e-05 1.49621e-05 1.47265e-05 1.44908e-05 1.42554e-05 1.40203e-05 1.37859e-05 1.35523e-05 1.33197e-05 1.30882e-05 1.28581e-05 1.26294e-05 1.24023e-05 1.21769e-05 1.19534e-05 1.17317e-05 1.15121e-05 1.12946e-05 1.10793e-05 1.08663e-05 1.06557e-05 1.04474e-05 1.02416e-05 1.00384e-05 9.83767e-06 9.63956e-06 9.44409e-06 9.25129e-06 9.06117e-06 8.87377e-06 8.6891e-06 8.50718e-06 8.32801e-06 8.1516e-06 7.97796e-06 7.80709e-06 7.63899e-06 7.47365e-06 7.31107e-06 7.15123e-06 6.99413e-06 6.83975e-06 6.68808e-06 6.53911e-06 6.39281e-06 6.24916e-06 6.10814e-06 5.96974e-06 5.83392e-06 5.70067e-06 5.56995e-06 5.44175e-06 5.31602e-06 5.19275e-06 5.07191e-06 4.95347e-06 4.83739e-06 4.72365e-06 4.61221e-06 4.50305e-06 4.39613e-06 4.29142e-06 4.18889e-06 4.0885e-06 3.99023e-06 3.89404e-06 3.7999e-06 3.70777e-06 3.61763e-06 3.52944e-06 3.44317e-06 3.35879e-06 3.27626e-06 3.19555e-06 3.11663e-06 3.03947e-06 2.96404e-06 2.8903e-06 2.81823e-06 2.74779e-06 2.67895e-06 2.61169e-06 2.54597e-06 2.48176e-06 2.41904e-06 2.35777e-06 2.29793e-06 2.23948e-06 2.18241e-06 2.12668e-06 2.07227e-06 2.01914e-06 1.96728e-06 1.91665e-06 1.86723e-06 1.819e-06 1.77193e-06
0.000106179 1.54345e-05 1.52237e-05 1.50111e-05 1.4797e-05 1.45816e-05 1.43654e-05 1.41484e-05 1.3931e-05 1.37134e-05 1.34958e-05 1.32784e-05 1.30614e-05 1.28451e-05 1.26294e-05 1.24147e-05 1.2201e-05 1.19886e-05 1.17775e-05 1.15678e-05 1.13597e-05 1.11532e-05 1.09485e-05 1.07457e-05 1.05448e-05 1.03459e-05 1.0149e-05 9.95436e-06 9.76186e-06 9.57161e-06 9.38366e-06 9.19804e-06 9.01478e-06 8.83393e-06 8.65551e-06 8.47955e-06 8.30606e-06 8.13506e-06 7.96656e-06 7.80058e-06 7.63713e-06 7.4762e-06 7.31779e-06 7.16192e-06 7.00857e-06 6.85775e-06 6.70943e-06 6.56362e-06 6.4203e-06 6.27946e-06 6.14108e-06 6.00515e-06 5.87166e-06 5.74057e-06 5.61188e-06 5.48557e-06 5.3616e-06 5.23996e-06 5.12063e-06 5.00358e-06 4.88878e-06 4.77621e-06 4.66584e-06 4.55765e-06 4.45161e-06 4.34769e-06 4.24587e-06 4.1461e-06 4.04838e-06 3.95266e-06 3.85891e-06 3.76712e-06 3.67725e-06 3.58926e-06 3.50314e-06 3.41885e-06 3.33636e-06 3.25564e-06 3.17666e-06 3.0994e-06 3.02383e-06 2.94991e-06 2.87761e-06 2.80692e-06 2.73779e-06 2.6702e-06 2.60413e-06 2.53955e-06 2.47642e-06 2.41472e-06 2.35443e-06 2.29551e-06 2.23795e-06 2.18171e-06 2.12677e-06 2.0731e-06 2.02068e-06 1.96948e-06 1.91948e-06 1.87066e-06 1.82299e-06
0.000102229 1.49821e-05 1.47923e-05 1.46e-05 1.44056e-05 1.42094e-05 1.40115e-05 1.38124e-05 1.36122e-05 1.34113e-05 1.32098e-05 1.30079e-05 1.28059e-05 1.2604e-05 1.24023e-05 1.2201e-05 1.20003e-05 1.18004e-05 1.16012e-05 1.14031e-05 1.12061e-05 1.10104e-05 1.0816e-05 1.0623e-05 1.04316e-05 1.02418e-05 1.00537e-05 9.86744e-06 9.68298e-06 9.50043e-06 9.31985e-06 9.14128e-06 8.96478e-06 8.79038e-06 8.61812e-06 8.44804e-06 8.28017e-06 8.11453e-06 7.95114e-06 7.79002e-06 7.63119e-06 7.47466e-06 7.32043e-06 7.16853e-06 7.01894e-06 6.87168e-06 6.72674e-06 6.58412e-06 6.44381e-06 6.30581e-06 6.17011e-06 6.03671e-06 5.90558e-06 5.77672e-06 5.65012e-06 5.52575e-06 5.4036e-06 5.28365e-06 5.16589e-06 5.0503e-06 4.93685e-06 4.82552e-06 4.71629e-06 4.60914e-06 4.50405e-06 4.40099e-06 4.29994e-06 4.20087e-06 4.10376e-06 4.00858e-06 3.91531e-06 3.82392e-06 3.73438e-06 3.64668e-06 3.56077e-06 3.47664e-06 3.39426e-06 3.3136e-06 3.23463e-06 3.15734e-06 3.08168e-06 3.00764e-06 2.93519e-06 2.8643e-06 2.79495e-06 2.7271e-06 2.66074e-06 2.59583e-06 2.53236e-06 2.47029e-06 2.4096e-06 2.35027e-06 2.29226e-06 2.23556e-06 2.18015e-06 2.12598e-06 2.07306e-06 2.02134e-06 1.9708e-06 1.92143e-06 1.8732e-06
9.84259e-05 1.4542e-05 1.43721e-05 1.41991e-05 1.40234e-05 1.38452e-05 1.36649e-05 1.34828e-05 1.3299e-05 1.3114e-05 1.29279e-05 1.27409e-05 1.25533e-05 1.23652e-05 1.21769e-05 1.19886e-05 1.18004e-05 1.16124e-05 1.14249e-05 1.1238e-05 1.10518e-05 1.08664e-05 1.0682e-05 1.04986e-05 1.03164e-05 1.01355e-05 9.95594e-06 9.77783e-06 9.60123e-06 9.42622e-06 9.25286e-06 9.08122e-06 8.91135e-06 8.7433e-06 8.57713e-06 8.41286e-06 8.25054e-06 8.0902e-06 7.93187e-06 7.77557e-06 7.62134e-06 7.46919e-06 7.31914e-06 7.1712e-06 7.02538e-06 6.88169e-06 6.74014e-06 6.60074e-06 6.46347e-06 6.32835e-06 6.19537e-06 6.06452e-06 5.93581e-06 5.80922e-06 5.68475e-06 5.56238e-06 5.4421e-06 5.3239e-06 5.20778e-06 5.0937e-06 4.98166e-06 4.87163e-06 4.76361e-06 4.65757e-06 4.5535e-06 4.45136e-06 4.35116e-06 4.25285e-06 4.15642e-06 4.06185e-06 3.96912e-06 3.8782e-06 3.78907e-06 3.7017e-06 3.61608e-06 3.53218e-06 3.44997e-06 3.36944e-06 3.29055e-06 3.21328e-06 3.13761e-06 3.06351e-06 2.99097e-06 2.91994e-06 2.85042e-06 2.78237e-06 2.71578e-06 2.65061e-06 2.58684e-06 2.52445e-06 2.46342e-06 2.40372e-06 2.34533e-06 2.28822e-06 2.23238e-06 2.17777e-06 2.12438e-06 2.07219e-06 2.02116e-06 1.97129e-06 1.92254e-06
9.47642e-05 1.41139e-05 1.39628e-05 1.38081e-05 1.36501e-05 1.34891e-05 1.33255e-05 1.31595e-05 1.29914e-05 1.28216e-05 1.26501e-05 1.24774e-05 1.23035e-05 1.21288e-05 1.19534e-05 1.17775e-05 1.16012e-05 1.14249e-05 1.12486e-05 1.10725e-05 1.08967e-05 1.07213e-05 1.05466e-05 1.03726e-05 1.01994e-05 1.00271e-05 9.85585e-06 9.68572e-06 9.5168e-06 9.34917e-06 9.18289e-06 9.01805e-06 8.8547e-06 8.6929e-06 8.53271e-06 8.37417e-06 8.21733e-06 8.06224e-06 7.90892e-06 7.75742e-06 7.60776e-06 7.45997e-06 7.31407e-06 7.17009e-06 7.02804e-06 6.88793e-06 6.74979e-06 6.61361e-06 6.47941e-06 6.34719e-06 6.21695e-06 6.08871e-06 5.96244e-06 5.83817e-06 5.71587e-06 5.59555e-06 5.47719e-06 5.3608e-06 5.24636e-06 5.13385e-06 5.02328e-06 4.91462e-06 4.80787e-06 4.703e-06 4.6e-06 4.49886e-06 4.39955e-06 4.30207e-06 4.20639e-06 4.1125e-06 4.02037e-06 3.92998e-06 3.84132e-06 3.75437e-06 3.6691e-06 3.58549e-06 3.50352e-06 3.42317e-06 3.34442e-06 3.26724e-06 3.19162e-06 3.11752e-06 3.04494e-06 2.97384e-06 2.90421e-06 2.83602e-06 2.76924e-06 2.70387e-06 2.63986e-06 2.57721e-06 2.51589e-06 2.45587e-06 2.39715e-06 2.33968e-06 2.28346e-06 2.22845e-06 2.17465e-06 2.12202e-06 2.07055e-06 2.02021e-06 1.97099e-06
9.12387e-05 1.36975e-05 1.35642e-05 1.34267e-05 1.32855e-05 1.31409e-05 1.29931e-05 1.28425e-05 1.26894e-05 1.2534e-05 1.23766e-05 1.22174e-05 1.20568e-05 1.18948e-05 1.17317e-05 1.15678e-05 1.14031e-05 1.1238e-05 1.10725e-05 1.09068e-05 1.07411e-05 1.05755e-05 1.04101e-05 1.02451e-05 1.00807e-05 9.9168e-06 9.75365e-06 9.59132e-06 9.4299e-06 9.26948e-06 9.11014e-06 8.95196e-06 8.79501e-06 8.63935e-06 8.48505e-06 8.33216e-06 8.18074e-06 8.03083e-06 7.88247e-06 7.73572e-06 7.59059e-06 7.44714e-06 7.30538e-06 7.16534e-06 7.02705e-06 6.89053e-06 6.7558e-06 6.62286e-06 6.49174e-06 6.36245e-06 6.23499e-06 6.10936e-06 5.98559e-06 5.86366e-06 5.74358e-06 5.62535e-06 5.50897e-06 5.39442e-06 5.28172e-06 5.17084e-06 5.06179e-06 4.95455e-06 4.84911e-06 4.74547e-06 4.64361e-06 4.54352e-06 4.44518e-06 4.34859e-06 4.25372e-06 4.16056e-06 4.0691e-06 3.97931e-06 3.89118e-06 3.80469e-06 3.71983e-06 3.63658e-06 3.55491e-06 3.47481e-06 3.39625e-06 3.31922e-06 3.24371e-06 3.16968e-06 3.09711e-06 3.026e-06 2.95631e-06 2.88803e-06 2.82113e-06 2.7556e-06 2.69141e-06 2.62855e-06 2.56699e-06 2.50671e-06 2.44769e-06 2.38992e-06 2.33336e-06 2.278e-06 2.22383e-06 2.17081e-06 2.11894e-06 2.06819e-06 2.01853e-06
8.78444e-05 1.32926e-05 1.3176e-05 1.30549e-05 1.29296e-05 1.28004e-05 1.26677e-05 1.25318e-05 1.23928e-05 1.22512e-05 1.21073e-05 1.19611e-05 1.18131e-05 1.16633e-05 1.15121e-05 1.13597e-05 1.12061e-05 1.10518e-05 1.08967e-05 1.07411e-05 1.05851e-05 1.04289e-05 1.02727e-05 1.01165e-05 9.96047e-06 9.80478e-06 9.64952e-06 9.49479e-06 9.3407e-06 9.18733e-06 9.03478e-06 8.88313e-06 8.73245e-06 8.58283e-06 8.43433e-06 8.287e-06 8.14092e-06 7.99613e-06 7.85268e-06 7.71062e-06 7.57e-06 7.43085e-06 7.29321e-06 7.1571e-06 7.02257e-06 6.88962e-06 6.7583e-06 6.62862e-06 6.50059e-06 6.37424e-06 6.24958e-06 6.12661e-06 6.00535e-06 5.8858e-06 5.76798e-06 5.65188e-06 5.5375e-06 5.42485e-06 5.31393e-06 5.20473e-06 5.09725e-06 4.99148e-06 4.88742e-06 4.78506e-06 4.68439e-06 4.58541e-06 4.48809e-06 4.39244e-06 4.29844e-06 4.20607e-06 4.11533e-06 4.0262e-06 3.93867e-06 3.85271e-06 3.76832e-06 3.68547e-06 3.60416e-06 3.52436e-06 3.44607e-06 3.36925e-06 3.29389e-06 3.21998e-06 3.14749e-06 3.07642e-06 3.00673e-06 2.93841e-06 2.87144e-06 2.80581e-06 2.74149e-06 2.67846e-06 2.61671e-06 2.55622e-06 2.49696e-06 2.43892e-06 2.38208e-06 2.32642e-06 2.27192e-06 2.21856e-06 2.16632e-06 2.11519e-06 2.06515e-06
8.45764e-05 1.28988e-05 1.27981e-05 1.26925e-05 1.25822e-05 1.24677e-05 1.23493e-05 1.22272e-05 1.21018e-05 1.19734e-05 1.18422e-05 1.17085e-05 1.15725e-05 1.14345e-05 1.12946e-05 1.11532e-05 1.10104e-05 1.08664e-05 1.07213e-05 1.05755e-05 1.04289e-05 1.02818e-05 1.01344e-05 9.98673e-06 9.83897e-06 9.69123e-06 9.54365e-06 9.39633e-06 9.24938e-06 9.1029e-06 8.95699e-06 8.81173e-06 8.66721e-06 8.52352e-06 8.38071e-06 8.23886e-06 8.09804e-06 7.9583e-06 7.8197e-06 7.6823e-06 7.54613e-06 7.41125e-06 7.2777e-06 7.14551e-06 7.01471e-06 6.88534e-06 6.75743e-06 6.63101e-06 6.50608e-06 6.38269e-06 6.26084e-06 6.14054e-06 6.02182e-06 5.90469e-06 5.78915e-06 5.67522e-06 5.56289e-06 5.45217e-06 5.34307e-06 5.23559e-06 5.12973e-06 5.02548e-06 4.92284e-06 4.82181e-06 4.72239e-06 4.62456e-06 4.52833e-06 4.43368e-06 4.3406e-06 4.24908e-06 4.15912e-06 4.0707e-06 3.98381e-06 3.89844e-06 3.81457e-06 3.7322e-06 3.6513e-06 3.57186e-06 3.49387e-06 3.41732e-06 3.34218e-06 3.26844e-06 3.19608e-06 3.1251e-06 3.05546e-06 2.98716e-06 2.92018e-06 2.85449e-06 2.79009e-06 2.72695e-06 2.66506e-06 2.60439e-06 2.54494e-06 2.48669e-06 2.4296e-06 2.37368e-06 2.3189e-06 2.26524e-06 2.21268e-06 2.16122e-06 2.11082e-06
8.143e-05 1.2516e-05 1.24302e-05 1.23391e-05 1.22431e-05 1.21425e-05 1.20376e-05 1.19287e-05 1.18162e-05 1.17003e-05 1.15813e-05 1.14595e-05 1.13351e-05 1.12083e-05 1.10793e-05 1.09485e-05 1.0816e-05 1.0682e-05 1.05466e-05 1.04101e-05 1.02727e-05 1.01344e-05 9.9955e-06 9.85609e-06 9.71631e-06 9.5763e-06 9.43619e-06 9.29608e-06 9.1561e-06 9.01635e-06 8.87693e-06 8.73794e-06 8.59945e-06 8.46157e-06 8.32436e-06 8.1879e-06 8.05226e-06 7.91751e-06 7.7837e-06 7.65089e-06 7.51914e-06 7.38849e-06 7.259e-06 7.13069e-06 7.00362e-06 6.87782e-06 6.75331e-06 6.63014e-06 6.50833e-06 6.3879e-06 6.26887e-06 6.15127e-06 6.03512e-06 5.92042e-06 5.8072e-06 5.69545e-06 5.58521e-06 5.47646e-06 5.36923e-06 5.26351e-06 5.1593e-06 5.05661e-06 4.95545e-06 4.8558e-06 4.75767e-06 4.66105e-06 4.56594e-06 4.47234e-06 4.38023e-06 4.28962e-06 4.20049e-06 4.11283e-06 4.02664e-06 3.94191e-06 3.85862e-06 3.77677e-06 3.69634e-06 3.61732e-06 3.53969e-06 3.46345e-06 3.38858e-06 3.31507e-06 3.2429e-06 3.17205e-06 3.10252e-06 3.03428e-06 2.96733e-06 2.90164e-06 2.8372e-06 2.774e-06 2.71201e-06 2.65123e-06 2.59163e-06 2.5332e-06 2.47592e-06 2.41978e-06 2.36476e-06 2.31084e-06 2.25801e-06 2.20625e-06 2.15554e-06
7.84006e-05 1.21438e-05 1.20721e-05 1.19947e-05 1.19122e-05 1.18247e-05 1.17327e-05 1.16364e-05 1.15361e-05 1.14321e-05 1.13248e-05 1.12143e-05 1.11009e-05 1.09848e-05 1.08663e-05 1.07457e-05 1.0623e-05 1.04986e-05 1.03726e-05 1.02451e-05 1.01165e-05 9.98673e-06 9.85609e-06 9.72468e-06 9.59266e-06 9.46016e-06 9.3273e-06 9.19423e-06 9.06104e-06 8.92786e-06 8.79478e-06 8.66191e-06 8.52934e-06 8.39715e-06 8.26544e-06 8.13427e-06 8.00374e-06 7.87389e-06 7.74481e-06 7.61654e-06 7.48916e-06 7.36271e-06 7.23724e-06 7.1128e-06 6.98943e-06 6.86717e-06 6.74607e-06 6.62615e-06 6.50744e-06 6.38998e-06 6.2738e-06 6.1589e-06 6.04533e-06 5.93309e-06 5.8222e-06 5.71268e-06 5.60455e-06 5.49781e-06 5.39247e-06 5.28854e-06 5.18603e-06 5.08495e-06 4.98529e-06 4.88707e-06 4.79027e-06 4.69491e-06 4.60097e-06 4.50847e-06 4.41738e-06 4.32772e-06 4.23947e-06 4.15263e-06 4.0672e-06 3.98315e-06 3.9005e-06 3.81921e-06 3.7393e-06 3.66075e-06 3.58354e-06 3.50766e-06 3.43311e-06 3.35987e-06 3.28794e-06 3.21728e-06 3.1479e-06 3.07978e-06 3.01291e-06 2.94726e-06 2.88284e-06 2.81962e-06 2.75758e-06 2.69672e-06 2.63702e-06 2.57846e-06 2.52103e-06 2.46471e-06 2.40949e-06 2.35536e-06 2.30228e-06 2.25027e-06 2.19928e-06
7.54839e-05 1.17819e-05 1.17235e-05 1.16591e-05 1.15893e-05 1.15143e-05 1.14344e-05 1.135e-05 1.12613e-05 1.11687e-05 1.10724e-05 1.09728e-05 1.08699e-05 1.07641e-05 1.06557e-05 1.05448e-05 1.04316e-05 1.03164e-05 1.01994e-05 1.00807e-05 9.96047e-06 9.83897e-06 9.71631e-06 9.59266e-06 9.46815e-06 9.34294e-06 9.21715e-06 9.09091e-06 8.96435e-06 8.83757e-06 8.71069e-06 8.5838e-06 8.45701e-06 8.33042e-06 8.2041e-06 8.07814e-06 7.95261e-06 7.82761e-06 7.70318e-06 7.5794e-06 7.45633e-06 7.33403e-06 7.21255e-06 7.09194e-06 6.97226e-06 6.85353e-06 6.73581e-06 6.61914e-06 6.50354e-06 6.38905e-06 6.27571e-06 6.16353e-06 6.05255e-06 5.94278e-06 5.83426e-06 5.72698e-06 5.62099e-06 5.51628e-06 5.41287e-06 5.31077e-06 5.21e-06 5.11055e-06 5.01245e-06 4.91568e-06 4.82027e-06 4.7262e-06 4.63348e-06 4.54212e-06 4.4521e-06 4.36344e-06 4.27612e-06 4.19014e-06 4.1055e-06 4.0222e-06 3.94022e-06 3.85956e-06 3.78021e-06 3.70217e-06 3.62543e-06 3.54997e-06 3.47579e-06 3.40287e-06 3.33121e-06 3.2608e-06 3.19162e-06 3.12366e-06 3.05691e-06 2.99136e-06 2.92699e-06 2.8638e-06 2.80176e-06 2.74087e-06 2.6811e-06 2.62246e-06 2.56492e-06 2.50846e-06 2.45309e-06 2.39877e-06 2.3455e-06 2.29326e-06 2.24204e-06
7.26757e-05 1.14302e-05 1.13842e-05 1.13321e-05 1.12743e-05 1.1211e-05 1.11427e-05 1.10695e-05 1.09919e-05 1.09101e-05 1.08244e-05 1.0735e-05 1.06422e-05 1.05463e-05 1.04474e-05 1.03459e-05 1.02418e-05 1.01355e-05 1.00271e-05 9.9168e-06 9.80478e-06 9.69123e-06 9.5763e-06 9.46016e-06 9.34294e-06 9.2248e-06 9.10587e-06 8.98629e-06 8.86617e-06 8.74563e-06 8.6248e-06 8.50376e-06 8.38264e-06 8.26151e-06 8.14048e-06 8.01963e-06 7.89904e-06 7.77879e-06 7.65896e-06 7.5396e-06 7.4208e-06 7.3026e-06 7.18507e-06 7.06826e-06 6.95223e-06 6.83702e-06 6.72267e-06 6.60922e-06 6.49673e-06 6.38521e-06 6.27471e-06 6.16526e-06 6.05688e-06 5.9496e-06 5.84345e-06 5.73845e-06 5.63461e-06 5.53196e-06 5.4305e-06 5.33027e-06 5.23126e-06 5.13349e-06 5.03697e-06 4.94171e-06 4.84771e-06 4.75497e-06 4.66352e-06 4.57334e-06 4.48443e-06 4.39681e-06 4.31046e-06 4.22539e-06 4.1416e-06 4.05908e-06 3.97782e-06 3.89783e-06 3.8191e-06 3.74162e-06 3.66538e-06 3.59039e-06 3.51662e-06 3.44408e-06 3.37274e-06 3.30262e-06 3.23368e-06 3.16593e-06 3.09935e-06 3.03393e-06 2.96967e-06 2.90654e-06 2.84454e-06 2.78366e-06 2.72388e-06 2.66519e-06 2.60758e-06 2.55103e-06 2.49554e-06 2.44108e-06 2.38765e-06 2.33523e-06 2.28381e-06
6.9972e-05 1.10883e-05 1.10541e-05 1.10135e-05 1.0967e-05 1.09148e-05 1.08574e-05 1.0795e-05 1.07278e-05 1.06563e-05 1.05806e-05 1.0501e-05 1.04179e-05 1.03313e-05 1.02416e-05 1.0149e-05 1.00537e-05 9.95594e-06 9.85585e-06 9.75365e-06 9.64952e-06 9.54365e-06 9.43619e-06 9.3273e-06 9.21715e-06 9.10587e-06 8.99361e-06 8.88049e-06 8.76665e-06 8.6522e-06 8.53726e-06 8.42194e-06 8.30635e-06 8.19058e-06 8.07474e-06 7.9589e-06 7.84315e-06 7.72759e-06 7.61227e-06 7.49728e-06 7.38268e-06 7.26854e-06 7.15492e-06 7.04188e-06 6.92947e-06 6.81774e-06 6.70674e-06 6.59652e-06 6.48712e-06 6.37857e-06 6.27091e-06 6.16419e-06 6.05842e-06 5.95364e-06 5.84988e-06 5.74715e-06 5.6455e-06 5.54492e-06 5.44545e-06 5.3471e-06 5.24989e-06 5.15382e-06 5.05892e-06 4.96519e-06 4.87264e-06 4.78128e-06 4.69112e-06 4.60217e-06 4.51441e-06 4.42787e-06 4.34254e-06 4.25842e-06 4.17551e-06 4.09382e-06 4.01333e-06 3.93406e-06 3.85598e-06 3.77911e-06 3.70343e-06 3.62894e-06 3.55563e-06 3.4835e-06 3.41254e-06 3.34274e-06 3.27409e-06 3.20659e-06 3.14023e-06 3.07499e-06 3.01087e-06 2.94785e-06 2.88594e-06 2.8251e-06 2.76535e-06 2.70665e-06 2.64901e-06 2.59241e-06 2.53683e-06 2.48227e-06 2.42872e-06 2.37616e-06 2.32458e-06
6.73689e-05 1.07561e-05 1.07328e-05 1.07031e-05 1.06672e-05 1.06256e-05 1.05785e-05 1.05262e-05 1.0469e-05 1.04072e-05 1.0341e-05 1.02709e-05 1.01969e-05 1.01193e-05 1.00384e-05 9.95436e-06 9.86744e-06 9.77783e-06 9.68572e-06 9.59132e-06 9.49479e-06 9.39633e-06 9.29608e-06 9.19423e-06 9.09091e-06 8.98629e-06 8.88049e-06 8.77366e-06 8.66592e-06 8.5574e-06 8.44821e-06 8.33848e-06 8.2283e-06 8.11777e-06 8.007e-06 7.89608e-06 7.78509e-06 7.67413e-06 7.56326e-06 7.45256e-06 7.34212e-06 7.23198e-06 7.12223e-06 7.01291e-06 6.90409e-06 6.79582e-06 6.68815e-06 6.58113e-06 6.47481e-06 6.36922e-06 6.26441e-06 6.16041e-06 6.05725e-06 5.95498e-06 5.85362e-06 5.75319e-06 5.65373e-06 5.55525e-06 5.45778e-06 5.36134e-06 5.26595e-06 5.17162e-06 5.07836e-06 4.9862e-06 4.89513e-06 4.80518e-06 4.71636e-06 4.62866e-06 4.54209e-06 4.45667e-06 4.37239e-06 4.28926e-06 4.20729e-06 4.12646e-06 4.04678e-06 3.96826e-06 3.89088e-06 3.81466e-06 3.73957e-06 3.66563e-06 3.59283e-06 3.52115e-06 3.45061e-06 3.38118e-06 3.31287e-06 3.24566e-06 3.17955e-06 3.11453e-06 3.0506e-06 2.98774e-06 2.92594e-06 2.8652e-06 2.8055e-06 2.74684e-06 2.68921e-06 2.63259e-06 2.57697e-06 2.52235e-06 2.46871e-06 2.41604e-06 2.36433e-06
6.48626e-05 1.04332e-05 1.04203e-05 1.04007e-05 1.03749e-05 1.03432e-05 1.03058e-05 1.02631e-05 1.02153e-05 1.01628e-05 1.01057e-05 1.00445e-05 9.97919e-06 9.91019e-06 9.83767e-06 9.76186e-06 9.68298e-06 9.60123e-06 9.5168e-06 9.4299e-06 9.3407e-06 9.24938e-06 9.1561e-06 9.06104e-06 8.96435e-06 8.86617e-06 8.76665e-06 8.66592e-06 8.56412e-06 8.46137e-06 8.35779e-06 8.2535e-06 8.1486e-06 8.0432e-06 7.93741e-06 7.8313e-06 7.72498e-06 7.61854e-06 7.51204e-06 7.40558e-06 7.29922e-06 7.19304e-06 7.08711e-06 6.98148e-06 6.87621e-06 6.77137e-06 6.66701e-06 6.56317e-06 6.45991e-06 6.35727e-06 6.25529e-06 6.15402e-06 6.05348e-06 5.95372e-06 5.85476e-06 5.75664e-06 5.65939e-06 5.56302e-06 5.46757e-06 5.37306e-06 5.27951e-06 5.18694e-06 5.09536e-06 5.00478e-06 4.91524e-06 4.82673e-06 4.73926e-06 4.65286e-06 4.56752e-06 4.48325e-06 4.40006e-06 4.31796e-06 4.23695e-06 4.15703e-06 4.0782e-06 4.00047e-06 3.92384e-06 3.8483e-06 3.77385e-06 3.7005e-06 3.62824e-06 3.55706e-06 3.48697e-06 3.41795e-06 3.35001e-06 3.28314e-06 3.21733e-06 3.15257e-06 3.08886e-06 3.02619e-06 2.96455e-06 2.90394e-06 2.84435e-06 2.78576e-06 2.72817e-06 2.67157e-06 2.61595e-06 2.5613e-06 2.50761e-06 2.45486e-06 2.40306e-06
6.24496e-05 1.01195e-05 1.01162e-05 1.01062e-05 1.00899e-05 1.00675e-05 1.00393e-05 1.00056e-05 9.96677e-06 9.92301e-06 9.87461e-06 9.82182e-06 9.76489e-06 9.70406e-06 9.63956e-06 9.57161e-06 9.50043e-06 9.42622e-06 9.34917e-06 9.26948e-06 9.18733e-06 9.1029e-06 9.01635e-06 8.92786e-06 8.83757e-06 8.74563e-06 8.6522e-06 8.5574e-06 8.46137e-06 8.36424e-06 8.26612e-06 8.16714e-06 8.0674e-06 7.96701e-06 7.86608e-06 7.7647e-06 7.66296e-06 7.56095e-06 7.45875e-06 7.35645e-06 7.25413e-06 7.15184e-06 7.04968e-06 6.94769e-06 6.84594e-06 6.7445e-06 6.64341e-06 6.54274e-06 6.44252e-06 6.34282e-06 6.24367e-06 6.14511e-06 6.04718e-06 5.94993e-06 5.85339e-06 5.75758e-06 5.66255e-06 5.56831e-06 5.4749e-06 5.38234e-06 5.29065e-06 5.19985e-06 5.10997e-06 5.02101e-06 4.93301e-06 4.84596e-06 4.75989e-06 4.67481e-06 4.59073e-06 4.50765e-06 4.42559e-06 4.34455e-06 4.26454e-06 4.18556e-06 4.10762e-06 4.03072e-06 3.95486e-06 3.88005e-06 3.80628e-06 3.73356e-06 3.66188e-06 3.59124e-06 3.52164e-06 3.45308e-06 3.38554e-06 3.31904e-06 3.25357e-06 3.18911e-06 3.12566e-06 3.06322e-06 3.00178e-06 2.94134e-06 2.88188e-06 2.8234e-06 2.7659e-06 2.70935e-06 2.65376e-06 2.59912e-06 2.54541e-06 2.49263e-06 2.44077e-06
6.01263e-05 9.81462e-06 9.82044e-06 9.81945e-06 9.81198e-06 9.79834e-06 9.77882e-06 9.75372e-06 9.72332e-06 9.68789e-06 9.64768e-06 9.60296e-06 9.55397e-06 9.50093e-06 9.44409e-06 9.38366e-06 9.31985e-06 9.25286e-06 9.18289e-06 9.11014e-06 9.03478e-06 8.95699e-06 8.87693e-06 8.79478e-06 8.71069e-06 8.6248e-06 8.53726e-06 8.44821e-06 8.35779e-06 8.26612e-06 8.17332e-06 8.07952e-06 7.98481e-06 7.88932e-06 7.79315e-06 7.69638e-06 7.59913e-06 7.50147e-06 7.4035e-06 7.3053e-06 7.20694e-06 7.1085e-06 7.01005e-06 6.91166e-06 6.81339e-06 6.71531e-06 6.61747e-06 6.51994e-06 6.42275e-06 6.32596e-06 6.22962e-06 6.13377e-06 6.03846e-06 5.94371e-06 5.84958e-06 5.7561e-06 5.66329e-06 5.57119e-06 5.47982e-06 5.38923e-06 5.29941e-06 5.21042e-06 5.12225e-06 5.03494e-06 4.9485e-06 4.86295e-06 4.7783e-06 4.69457e-06 4.61177e-06 4.52992e-06 4.44901e-06 4.36907e-06 4.29009e-06 4.21209e-06 4.13507e-06 4.05904e-06 3.98399e-06 3.90994e-06 3.83689e-06 3.76483e-06 3.69377e-06 3.6237e-06 3.55463e-06 3.48656e-06 3.41948e-06 3.35338e-06 3.28828e-06 3.22415e-06 3.16101e-06 3.09884e-06 3.03764e-06 2.97739e-06 2.91811e-06 2.85978e-06 2.80239e-06 2.74593e-06 2.69041e-06 2.6358e-06 2.58211e-06 2.52933e-06 2.47744e-06
5.78894e-05 9.51846e-06 9.53275e-06 9.54018e-06 9.54105e-06 9.53567e-06 9.52433e-06 9.50732e-06 9.4849e-06 9.45735e-06 9.42492e-06 9.38787e-06 9.34642e-06 9.30082e-06 9.25129e-06 9.19804e-06 9.14128e-06 9.08122e-06 9.01805e-06 8.95196e-06 8.88313e-06 8.81173e-06 8.73794e-06 8.66191e-06 8.5838e-06 8.50376e-06 8.42194e-06 8.33848e-06 8.2535e-06 8.16714e-06 8.07952e-06 7.99075e-06 7.90096e-06 7.81025e-06 7.71872e-06 7.62648e-06 7.53362e-06 7.44024e-06 7.34641e-06 7.25223e-06 7.15777e-06 7.06312e-06 6.96833e-06 6.8735e-06 6.77867e-06 6.68391e-06 6.58929e-06 6.49486e-06 6.40068e-06 6.30679e-06 6.21325e-06 6.1201e-06 6.02739e-06 5.93515e-06 5.84343e-06 5.75226e-06 5.66169e-06 5.57173e-06 5.48243e-06 5.3938e-06 5.30589e-06 5.2187e-06 5.13227e-06 5.04662e-06 4.96177e-06 4.87774e-06 4.79454e-06 4.71219e-06 4.6307e-06 4.55009e-06 4.47037e-06 4.39155e-06 4.31364e-06 4.23665e-06 4.16058e-06 4.08545e-06 4.01125e-06 3.938e-06 3.86569e-06 3.79433e-06 3.72393e-06 3.65447e-06 3.58597e-06 3.51842e-06 3.45182e-06 3.38617e-06 3.32148e-06 3.25772e-06 3.19491e-06 3.13305e-06 3.07211e-06 3.01211e-06 2.95304e-06 2.89488e-06 2.83764e-06 2.78131e-06 2.72589e-06 2.67136e-06 2.61772e-06 2.56496e-06 2.51308e-06
5.57358e-05 9.23076e-06 9.25296e-06 9.26826e-06 9.27696e-06 9.27934e-06 9.2757e-06 9.26631e-06 9.25144e-06 9.23136e-06 9.2063e-06 9.17652e-06 9.14226e-06 9.10373e-06 9.06117e-06 9.01478e-06 8.96478e-06 8.91135e-06 8.8547e-06 8.79501e-06 8.73245e-06 8.66721e-06 8.59945e-06 8.52934e-06 8.45701e-06 8.38264e-06 8.30635e-06 8.2283e-06 8.1486e-06 8.0674e-06 7.98481e-06 7.90096e-06 7.81596e-06 7.72991e-06 7.64293e-06 7.55511e-06 7.46655e-06 7.37735e-06 7.28759e-06 7.19736e-06 7.10674e-06 7.01581e-06 6.92464e-06 6.8333e-06 6.74187e-06 6.6504e-06 6.55897e-06 6.46762e-06 6.37641e-06 6.2854e-06 6.19464e-06 6.10418e-06 6.01405e-06 5.92432e-06 5.83501e-06 5.74616e-06 5.65782e-06 5.57001e-06 5.48277e-06 5.39613e-06 5.31012e-06 5.22477e-06 5.14009e-06 5.05612e-06 4.97288e-06 4.89038e-06 4.80865e-06 4.7277e-06 4.64755e-06 4.56822e-06 4.48971e-06 4.41205e-06 4.33523e-06 4.25928e-06 4.1842e-06 4.10999e-06 4.03668e-06 3.96425e-06 3.89273e-06 3.8221e-06 3.75238e-06 3.68357e-06 3.61566e-06 3.54867e-06 3.48259e-06 3.41743e-06 3.35317e-06 3.28982e-06 3.22739e-06 3.16585e-06 3.10522e-06 3.04549e-06 2.98666e-06 2.92872e-06 2.87167e-06 2.81549e-06 2.7602e-06 2.70578e-06 2.65222e-06 2.59952e-06 2.54767e-06
