0.77131 0.00151698 0.00140047 0.0012929 0.0011936 0.00110193 0.00101729 0.00093916 0.000867028 0.000800436 0.000738959 0.000682203 0.000629807 0.000581434 0.000536777 0.00049555 0.00045749 0.000422352 0.000389913 0.000359966 0.000332319 0.000306795 0.000283232 0.000261478 0.000241395 0.000222855 0.000205739 0.000189937 0.000175349 0.000161881 0.000149448 0.00013797 0.000127373 0.00011759 0.000108559 0.000100221 9.25232e-05 8.5417e-05 7.88566e-05 7.28e-05 6.72086e-05 6.20466e-05 5.72812e-05 5.28817e-05 4.88201e-05 4.50705e-05 4.16088e-05 3.84131e-05 3.54628e-05 3.27391e-05 3.02245e-05 2.79031e-05 2.576e-05 2.37815e-05 2.1955e-05 2.02688e-05 1.8712e-05 1.72748e-05 1.5948e-05 1.47232e-05 1.35923e-05 1.25484e-05 1.15846e-05 1.06949e-05 9.87344e-06 9.11511e-06 8.41502e-06 7.76871e-06 7.17203e-06 6.62119e-06 6.11265e-06 5.64317e-06 5.20974e-06 4.80961e-06 4.44021e-06 4.09918e-06 3.78434e-06 3.49368e-06 3.22535e-06 2.97763e-06 2.74893e-06 2.5378e-06 2.34289e-06 2.16294e-06 1.99682e-06 1.84345e-06 1.70186e-06 1.57115e-06 1.45048e-06 1.33908e-06 1.23623e-06 1.14128e-06 1.05362e-06 9.72701e-07 8.97993e-07 8.29023e-07 7.6535e-07 7.06567e-07 6.52299e-07 6.02199e-07 5.55947e-07
0.00151698 0.000279094 0.000263209 0.000248119 0.000233794 0.000220205 0.000207325 0.000195125 0.000183575 0.000172649 0.000162318 0.000152555 0.000143335 0.000134631 0.000126418 0.000118673 0.000111372 0.000104492 9.80125e-05 9.19116e-05 8.61697e-05 8.07676e-05 7.5687e-05 7.09104e-05 6.64211e-05 6.2203e-05 5.82411e-05 5.45208e-05 5.10285e-05 4.7751e-05 4.46759e-05 4.17915e-05 3.90866e-05 3.65507e-05 3.41738e-05 3.19463e-05 2.98595e-05 2.79047e-05 2.60741e-05 2.43601e-05 2.27555e-05 2.12537e-05 1.98484e-05 1.85336e-05 1.73036e-05 1.61533e-05 1.50776e-05 1.40718e-05 1.31316e-05 1.22528e-05 1.14316e-05 1.06642e-05 9.94724e-06 9.27751e-06 8.65199e-06 8.06782e-06 7.52235e-06 7.01307e-06 6.53765e-06 6.09389e-06 5.67974e-06 5.29325e-06 4.93262e-06 4.59617e-06 4.2823e-06 3.98953e-06 3.71647e-06 3.46183e-06 3.22437e-06 3.00297e-06 2.79656e-06 2.60414e-06 2.42478e-06 2.25761e-06 2.10182e-06 1.95664e-06 1.82136e-06 1.69532e-06 1.5779e-06 1.46851e-06 1.36662e-06 1.27172e-06 1.18333e-06 1.10102e-06 1.02437e-06 9.53e-07 8.86552e-07 8.24688e-07 7.67098e-07 7.13489e-07 6.63591e-07 6.17148e-07 5.73924e-07 5.337e-07 4.96269e-07 4.61439e-07 4.29033e-07 3.98882e-07 3.70831e-07 3.44737e-07 3.20463e-07
0.00140047 0.000263209 0.00024914 0.0002357 0.000222873 0.000210644 0.000198994 0.000187906 0.000177361 0.00016734 0.000157824 0.000148793 0.000140228 0.00013211 0.00012442 0.000117141 0.000110252 0.000103737 9.75792e-05 9.17607e-05 8.62656e-05 8.10781e-05 7.6183e-05 7.15657e-05 6.7212e-05 6.31084e-05 5.9242e-05 5.56001e-05 5.2171e-05 4.89432e-05 4.59058e-05 4.30484e-05 4.03612e-05 3.78346e-05 3.54598e-05 3.32281e-05 3.11316e-05 2.91624e-05 2.73133e-05 2.55773e-05 2.3948e-05 2.2419e-05 2.09845e-05 1.9639e-05 1.83771e-05 1.71939e-05 1.60847e-05 1.50451e-05 1.40708e-05 1.3158e-05 1.23028e-05 1.15019e-05 1.07518e-05 1.00494e-05 9.39188e-06 8.77638e-06 8.20031e-06 7.66124e-06 7.15685e-06 6.68497e-06 6.24358e-06 5.83075e-06 5.44469e-06 5.0837e-06 4.7462e-06 4.4307e-06 4.13579e-06 3.86018e-06 3.60261e-06 3.36195e-06 3.13709e-06 2.92703e-06 2.73082e-06 2.54755e-06 2.3764e-06 2.21658e-06 2.06734e-06 1.92801e-06 1.79794e-06 1.67652e-06 1.56319e-06 1.45742e-06 1.35871e-06 1.2666e-06 1.18065e-06 1.10047e-06 1.02566e-06 9.55883e-07 8.90793e-07 8.30083e-07 7.73464e-07 7.20663e-07 6.71427e-07 6.25518e-07 5.82715e-07 5.4281e-07 5.05609e-07 4.70932e-07 4.38609e-07 4.08482e-07 3.80405e-07
0.0012929 0.000248119 0.0002357 0.000223766 0.000212313 0.000201335 0.000190823 0.000180769 0.000171161 0.000161989 0.00015324 0.000144901 0.00013696 0.000129402 0.000122215 0.000115385 0.000108899 0.000102741 9.69003e-05 9.13623e-05 8.61143e-05 8.11437e-05 7.6438e-05 7.19851e-05 6.77733e-05 6.37913e-05 6.00281e-05 5.64729e-05 5.31156e-05 4.99463e-05 4.69556e-05 4.41342e-05 4.14736e-05 3.89653e-05 3.66013e-05 3.43739e-05 3.2276e-05 3.03004e-05 2.84406e-05 2.66903e-05 2.50433e-05 2.3494e-05 2.20369e-05 2.06669e-05 1.9379e-05 1.81686e-05 1.70312e-05 1.59627e-05 1.49591e-05 1.40167e-05 1.31318e-05 1.23011e-05 1.15215e-05 1.07899e-05 1.01035e-05 9.45955e-06 8.85561e-06 8.28924e-06 7.7582e-06 7.26036e-06 6.7937e-06 6.35635e-06 5.94651e-06 5.56251e-06 5.20278e-06 4.86581e-06 4.55022e-06 4.25468e-06 3.97795e-06 3.71887e-06 3.47635e-06 3.24934e-06 3.03689e-06 2.83807e-06 2.65205e-06 2.47801e-06 2.31519e-06 2.1629e-06 2.02046e-06 1.88725e-06 1.76268e-06 1.64621e-06 1.53732e-06 1.43552e-06 1.34037e-06 1.25143e-06 1.16831e-06 1.09064e-06 1.01806e-06 9.50241e-07 8.86883e-07 8.27694e-07 7.72405e-07 7.20763e-07 6.72532e-07 6.27488e-07 5.85425e-07 5.46149e-07 5.09477e-07 4.75239e-07 4.43276e-07
0.0011936 0.000233794 0.000222873 0.000212313 0.000202119 0.000192291 0.000182831 0.000173735 0.000165001 0.000156623 0.000148595 0.00014091 0.000133561 0.000126538 0.000119834 0.000113437 0.00010734 0.000101531 9.60019e-05 9.07413e-05 8.57395e-05 8.09866e-05 7.64726e-05 7.21879e-05 6.81229e-05 6.42681e-05 6.06144e-05 5.71528e-05 5.38747e-05 5.07716e-05 4.78353e-05 4.50579e-05 4.24319e-05 3.99497e-05 3.76044e-05 3.53892e-05 3.32974e-05 3.13228e-05 2.94595e-05 2.77016e-05 2.60437e-05 2.44805e-05 2.30069e-05 2.16183e-05 2.031e-05 1.90776e-05 1.79171e-05 1.68245e-05 1.5796e-05 1.48282e-05 1.39176e-05 1.30609e-05 1.22553e-05 1.14977e-05 1.07855e-05 1.0116e-05 9.48685e-06 8.89567e-06 8.34028e-06 7.81859e-06 7.32864e-06 6.86858e-06 6.43664e-06 6.03118e-06 5.65062e-06 5.29349e-06 4.95839e-06 4.64401e-06 4.34911e-06 4.07251e-06 3.81312e-06 3.5699e-06 3.34187e-06 3.1281e-06 2.92773e-06 2.73994e-06 2.56397e-06 2.39908e-06 2.24459e-06 2.09988e-06 1.96432e-06 1.83736e-06 1.71847e-06 1.60713e-06 1.50289e-06 1.4053e-06 1.31395e-06 1.22844e-06 1.1484e-06 1.0735e-06 1.00342e-06 9.37839e-07 8.76483e-07 8.19084e-07 7.65391e-07 7.15169e-07 6.68197e-07 6.24269e-07 5.83191e-07 5.4478e-07 5.08867e-07
0.00110193 0.000220205 0.000210644 0.000201335 0.000192291 0.000183521 0.00017503 0.000166822 0.000158901 0.000151265 0.000143915 0.000136847 0.000130059 0.000123545 0.000117302 0.000111323 0.000105603 0.000100133 9.49084e-05 8.99208e-05 8.5163e-05 8.06274e-05 7.63064e-05 7.21923e-05 6.82775e-05 6.45543e-05 6.10153e-05 5.76531e-05 5.44603e-05 5.14299e-05 4.85549e-05 4.58285e-05 4.3244e-05 4.07951e-05 3.84756e-05 3.62793e-05 3.42006e-05 3.22338e-05 3.03734e-05 2.86144e-05 2.69517e-05 2.53805e-05 2.38962e-05 2.24943e-05 2.11708e-05 1.99215e-05 1.87426e-05 1.76304e-05 1.65814e-05 1.55921e-05 1.46596e-05 1.37806e-05 1.29523e-05 1.21719e-05 1.14369e-05 1.07446e-05 1.00929e-05 9.4793e-06 8.90182e-06 8.35839e-06 7.84711e-06 7.36615e-06 6.91379e-06 6.48841e-06 6.08845e-06 5.71247e-06 5.35907e-06 5.02696e-06 4.7149e-06 4.42171e-06 4.14631e-06 3.88764e-06 3.64472e-06 3.41663e-06 3.20248e-06 3.00146e-06 2.81278e-06 2.6357e-06 2.46953e-06 2.31363e-06 2.16736e-06 2.03016e-06 1.90148e-06 1.78079e-06 1.66762e-06 1.56151e-06 1.46202e-06 1.36876e-06 1.28135e-06 1.19942e-06 1.12264e-06 1.0507e-06 9.83285e-07 9.20129e-07 8.60965e-07 8.05546e-07 7.53639e-07 7.05026e-07 6.59502e-07 6.16874e-07 5.76962e-07
0.00101729 0.000207325 0.000198994 0.000190823 0.000182831 0.00017503 0.000167432 0.000160047 0.00015288 0.000145938 0.000139222 0.000132736 0.000126478 0.000120449 0.000114646 0.000109068 0.00010371 9.857e-05 9.36423e-05 8.89225e-05 8.44054e-05 8.00856e-05 7.59575e-05 7.20153e-05 6.82531e-05 6.46649e-05 6.12447e-05 5.79864e-05 5.48842e-05 5.1932e-05 4.91241e-05 4.64546e-05 4.39179e-05 4.15085e-05 3.9221e-05 3.705e-05 3.49905e-05 3.30375e-05 3.11861e-05 2.94318e-05 2.77699e-05 2.61961e-05 2.47064e-05 2.32965e-05 2.19626e-05 2.0701e-05 1.95082e-05 1.83806e-05 1.73151e-05 1.63083e-05 1.53575e-05 1.44596e-05 1.36119e-05 1.28118e-05 1.20568e-05 1.13445e-05 1.06727e-05 1.00391e-05 9.44173e-06 8.87864e-06 8.34795e-06 7.84789e-06 7.37678e-06 6.93302e-06 6.51511e-06 6.1216e-06 5.75113e-06 5.40241e-06 5.07422e-06 4.7654e-06 4.47485e-06 4.20153e-06 3.94445e-06 3.7027e-06 3.47538e-06 3.26166e-06 3.06077e-06 2.87194e-06 2.69449e-06 2.52775e-06 2.3711e-06 2.22393e-06 2.0857e-06 1.95588e-06 1.83396e-06 1.71949e-06 1.61202e-06 1.51113e-06 1.41643e-06 1.32755e-06 1.24414e-06 1.16587e-06 1.09244e-06 1.02355e-06 9.58925e-07 8.9831e-07 8.41461e-07 7.88149e-07 7.38159e-07 6.91287e-07 6.47344e-07
0.00093916 0.000195125 0.000187906 0.000180769 0.000173735 0.000166822 0.000160047 0.000153421 0.000146955 0.000140659 0.000134538 0.000128597 0.000122841 0.000117271 0.000111888 0.000106693 0.000101686 9.68633e-05 9.22244e-05 8.77663e-05 8.34858e-05 7.93794e-05 7.54433e-05 7.16733e-05 6.8065e-05 6.4614e-05 6.13156e-05 5.8165e-05 5.51575e-05 5.22881e-05 4.95522e-05 4.69449e-05 4.44614e-05 4.20969e-05 3.98469e-05 3.77068e-05 3.5672e-05 3.37383e-05 3.19013e-05 3.0157e-05 2.85011e-05 2.69299e-05 2.54395e-05 2.40263e-05 2.26866e-05 2.14172e-05 2.02146e-05 1.90757e-05 1.79974e-05 1.69768e-05 1.60111e-05 1.50976e-05 1.42336e-05 1.34168e-05 1.26446e-05 1.19149e-05 1.12254e-05 1.05741e-05 9.95909e-06 9.37837e-06 8.83018e-06 8.31279e-06 7.82459e-06 7.364e-06 6.92956e-06 6.51985e-06 6.13354e-06 5.76936e-06 5.42609e-06 5.1026e-06 4.79779e-06 4.51064e-06 4.24016e-06 3.98543e-06 3.74556e-06 3.51973e-06 3.30713e-06 3.10704e-06 2.91873e-06 2.74154e-06 2.57483e-06 2.41801e-06 2.27051e-06 2.1318e-06 2.00135e-06 1.87871e-06 1.76341e-06 1.65503e-06 1.55317e-06 1.45744e-06 1.36749e-06 1.28298e-06 1.20358e-06 1.129e-06 1.05894e-06 9.93156e-07 9.31377e-07 8.73369e-07 8.18908e-07 7.67781e-07 7.1979e-07
0.000867028 0.000183575 0.000177361 0.000171161 0.000165001 0.000158901 0.00015288 0.000146955 0.00014114 0.000135444 0.000129879 0.000124451 0.000119167 0.000114032 0.000109049 0.000104221 9.95485e-05 9.5033e-05 9.06741e-05 8.64709e-05 8.24222e-05 7.85259e-05 7.47799e-05 7.11815e-05 6.77276e-05 6.44151e-05 6.12406e-05 5.82005e-05 5.52909e-05 5.25082e-05 4.98485e-05 4.73077e-05 4.48819e-05 4.25672e-05 4.03596e-05 3.82552e-05 3.62502e-05 3.43407e-05 3.2523e-05 3.07934e-05 2.91483e-05 2.75843e-05 2.60978e-05 2.46856e-05 2.33444e-05 2.20711e-05 2.08627e-05 1.97162e-05 1.86288e-05 1.75979e-05 1.66206e-05 1.56946e-05 1.48173e-05 1.39865e-05 1.31998e-05 1.24552e-05 1.17505e-05 1.10838e-05 1.04531e-05 9.85678e-06 9.29294e-06 8.75998e-06 8.2563e-06 7.78041e-06 7.33087e-06 6.90629e-06 6.50537e-06 6.12686e-06 5.76958e-06 5.4324e-06 5.11425e-06 4.8141e-06 4.53099e-06 4.26399e-06 4.01222e-06 3.77487e-06 3.55112e-06 3.34025e-06 3.14154e-06 2.95431e-06 2.77792e-06 2.61179e-06 2.45532e-06 2.30797e-06 2.16924e-06 2.03864e-06 1.91571e-06 1.80001e-06 1.69113e-06 1.58868e-06 1.49229e-06 1.40162e-06 1.31634e-06 1.23613e-06 1.1607e-06 1.08978e-06 1.0231e-06 9.60416e-07 9.01496e-07 8.46119e-07 7.94078e-07
0.000800436 0.000172649 0.00016734 0.000161989 0.000156623 0.000151265 0.000145938 0.000140659 0.000135444 0.000130308 0.000125261 0.000120314 0.000115475 0.000110751 0.000106147 0.000101668 9.73177e-05 9.30974e-05 8.90091e-05 8.50536e-05 8.12311e-05 7.7541e-05 7.39825e-05 7.05542e-05 6.72544e-05 6.4081e-05 6.10317e-05 5.8104e-05 5.5295e-05 5.26019e-05 5.00216e-05 4.7551e-05 4.51869e-05 4.29261e-05 4.07652e-05 3.87009e-05 3.673e-05 3.48491e-05 3.30551e-05 3.13446e-05 2.97146e-05 2.81619e-05 2.66834e-05 2.52763e-05 2.39374e-05 2.26641e-05 2.14536e-05 2.0303e-05 1.921e-05 1.81718e-05 1.71861e-05 1.62506e-05 1.53628e-05 1.45207e-05 1.37221e-05 1.2965e-05 1.22474e-05 1.15674e-05 1.09232e-05 1.03132e-05 9.73551e-06 9.18868e-06 8.67115e-06 8.18146e-06 7.71822e-06 7.28008e-06 6.86578e-06 6.47409e-06 6.10387e-06 5.75399e-06 5.42341e-06 5.11112e-06 4.81615e-06 4.53761e-06 4.27462e-06 4.02635e-06 3.79203e-06 3.5709e-06 3.36225e-06 3.16541e-06 2.97975e-06 2.80465e-06 2.63953e-06 2.48386e-06 2.33711e-06 2.19879e-06 2.06843e-06 1.9456e-06 1.82987e-06 1.72084e-06 1.61815e-06 1.52144e-06 1.43036e-06 1.34461e-06 1.26387e-06 1.18787e-06 1.11634e-06 1.04902e-06 9.8567e-07 9.26063e-07 8.69983e-07
0.000738959 0.000162318 0.000157824 0.00015324 0.000148595 0.000143915 0.000139222 0.000134538 0.000129879 0.000125261 0.000120697 0.0001162 0.00011178 0.000107444 0.0001032 9.90535e-05 9.50101e-05 9.10733e-05 8.7246e-05 8.35304e-05 7.99279e-05 7.64394e-05 7.30652e-05 6.9805e-05 6.66582e-05 6.36237e-05 6.07003e-05 5.78862e-05 5.51796e-05 5.25783e-05 5.00802e-05 4.76829e-05 4.53838e-05 4.31802e-05 4.10697e-05 3.90493e-05 3.71163e-05 3.5268e-05 3.35015e-05 3.18141e-05 3.0203e-05 2.86655e-05 2.71989e-05 2.58005e-05 2.44676e-05 2.31978e-05 2.19884e-05 2.08371e-05 1.97415e-05 1.86993e-05 1.77081e-05 1.67658e-05 1.58703e-05 1.50195e-05 1.42114e-05 1.34441e-05 1.27158e-05 1.20246e-05 1.13689e-05 1.0747e-05 1.01573e-05 9.59828e-06 9.06846e-06 8.56645e-06 8.09089e-06 7.6405e-06 7.21403e-06 6.81031e-06 6.4282e-06 6.06662e-06 5.72453e-06 5.40095e-06 5.09494e-06 4.80559e-06 4.53205e-06 4.27351e-06 4.02918e-06 3.79833e-06 3.58024e-06 3.37425e-06 3.17972e-06 2.99604e-06 2.82262e-06 2.65893e-06 2.50445e-06 2.35866e-06 2.22112e-06 2.09136e-06 1.96896e-06 1.85353e-06 1.74468e-06 1.64205e-06 1.5453e-06 1.4541e-06 1.36815e-06 1.28715e-06 1.21082e-06 1.13892e-06 1.07118e-06 1.00737e-06 9.47284e-07
0.000682203 0.000152555 0.000148793 0.000144901 0.00014091 0.000136847 0.000132736 0.000128597 0.000124451 0.000120314 0.0001162 0.000112124 0.000108095 0.000104125 0.000100221 9.63914e-05 9.26412e-05 8.89759e-05 8.53997e-05 8.19159e-05 7.85271e-05 7.52351e-05 7.20414e-05 6.89466e-05 6.59511e-05 6.30547e-05 6.0257e-05 5.75572e-05 5.49541e-05 5.24464e-05 5.00326e-05 4.77109e-05 4.54794e-05 4.33361e-05 4.1279e-05 3.93057e-05 3.74141e-05 3.56017e-05 3.38663e-05 3.22055e-05 3.06168e-05 2.9098e-05 2.76466e-05 2.62603e-05 2.49367e-05 2.36736e-05 2.24686e-05 2.13197e-05 2.02245e-05 1.9181e-05 1.8187e-05 1.72407e-05 1.63399e-05 1.54829e-05 1.46676e-05 1.38924e-05 1.31555e-05 1.24552e-05 1.17898e-05 1.11579e-05 1.05579e-05 9.98825e-06 9.44768e-06 8.93479e-06 8.44828e-06 7.98692e-06 7.54949e-06 7.13485e-06 6.74191e-06 6.36961e-06 6.01694e-06 5.68294e-06 5.36667e-06 5.06727e-06 4.78388e-06 4.51571e-06 4.26197e-06 4.02195e-06 3.79493e-06 3.58026e-06 3.37729e-06 3.18541e-06 3.00407e-06 2.83269e-06 2.67077e-06 2.5178e-06 2.37331e-06 2.23686e-06 2.10801e-06 1.98635e-06 1.87151e-06 1.76312e-06 1.66082e-06 1.56429e-06 1.47322e-06 1.38731e-06 1.30627e-06 1.22984e-06 1.15777e-06 1.08982e-06 1.02576e-06
0.000629807 0.000143335 0.000140228 0.00013696 0.000133561 0.000130059 0.000126478 0.000122841 0.000119167 0.000115475 0.00011178 0.000108095 0.000104435 0.000100809 9.72262e-05 9.36959e-05 9.02249e-05 8.68193e-05 8.34841e-05 8.02238e-05 7.70418e-05 7.39409e-05 7.09234e-05 6.79908e-05 6.51444e-05 6.23848e-05 5.97122e-05 5.71266e-05 5.46276e-05 5.22146e-05 4.98865e-05 4.76423e-05 4.54806e-05 4.34e-05 4.13989e-05 3.94756e-05 3.76281e-05 3.58548e-05 3.41535e-05 3.25223e-05 3.09593e-05 2.94622e-05 2.80291e-05 2.6658e-05 2.53467e-05 2.40933e-05 2.28956e-05 2.17518e-05 2.06598e-05 1.96177e-05 1.86236e-05 1.76757e-05 1.67721e-05 1.59111e-05 1.50909e-05 1.43099e-05 1.35664e-05 1.28588e-05 1.21857e-05 1.15455e-05 1.09368e-05 1.03582e-05 9.80834e-06 9.28599e-06 8.78987e-06 8.31878e-06 7.87158e-06 7.44714e-06 7.04442e-06 6.66238e-06 6.30005e-06 5.95648e-06 5.63077e-06 5.32206e-06 5.02952e-06 4.75237e-06 4.48983e-06 4.2412e-06 4.00577e-06 3.78289e-06 3.57193e-06 3.37228e-06 3.18338e-06 3.00467e-06 2.83563e-06 2.67577e-06 2.5246e-06 2.38169e-06 2.24661e-06 2.11893e-06 1.99828e-06 1.88428e-06 1.77659e-06 1.67486e-06 1.57879e-06 1.48807e-06 1.40241e-06 1.32155e-06 1.24521e-06 1.17317e-06 1.10519e-06
0.000581434 0.000134631 0.00013211 0.000129402 0.000126538 0.000123545 0.000120449 0.000117271 0.000114032 0.000110751 0.000107444 0.000104125 0.000100809 9.75055e-05 9.42262e-05 9.09797e-05 8.77741e-05 8.46162e-05 8.1512e-05 7.84666e-05 7.54843e-05 7.25687e-05 6.97227e-05 6.69488e-05 6.42488e-05 6.1624e-05 5.90754e-05 5.66036e-05 5.42088e-05 5.18909e-05 4.96496e-05 4.74842e-05 4.53941e-05 4.33781e-05 4.14352e-05 3.9564e-05 3.77633e-05 3.60315e-05 3.4367e-05 3.27683e-05 3.12335e-05 2.97611e-05 2.83491e-05 2.6996e-05 2.56997e-05 2.44587e-05 2.3271e-05 2.21349e-05 2.10487e-05 2.00105e-05 1.90186e-05 1.80715e-05 1.71673e-05 1.63045e-05 1.54815e-05 1.46966e-05 1.39485e-05 1.32355e-05 1.25564e-05 1.19096e-05 1.12938e-05 1.07077e-05 1.01501e-05 9.61965e-06 9.11521e-06 8.63564e-06 8.17981e-06 7.74668e-06 7.3352e-06 6.9444e-06 6.57331e-06 6.22104e-06 5.88669e-06 5.56942e-06 5.26844e-06 4.98295e-06 4.71223e-06 4.45556e-06 4.21225e-06 3.98166e-06 3.76316e-06 3.55616e-06 3.36009e-06 3.17441e-06 2.99859e-06 2.83214e-06 2.67458e-06 2.52548e-06 2.38439e-06 2.2509e-06 2.12464e-06 2.00522e-06 1.89229e-06 1.78551e-06 1.68457e-06 1.58915e-06 1.49898e-06 1.41377e-06 1.33326e-06 1.2572e-06 1.18535e-06
0.000536777 0.000126418 0.00012442 0.000122215 0.000119834 0.000117302 0.000114646 0.000111888 0.000109049 0.000106147 0.0001032 0.000100221 9.72262e-05 9.42262e-05 9.12322e-05 8.82541e-05 8.53003e-05 8.23784e-05 7.9495e-05 7.66559e-05 7.3866e-05 7.11296e-05 6.84502e-05 6.5831e-05 6.32742e-05 6.0782e-05 5.83559e-05 5.59969e-05 5.37059e-05 5.14832e-05 4.93292e-05 4.72435e-05 4.5226e-05 4.32761e-05 4.13931e-05 3.95762e-05 3.78242e-05 3.61362e-05 3.45108e-05 3.29468e-05 3.14429e-05 2.99975e-05 2.86092e-05 2.72765e-05 2.59978e-05 2.47717e-05 2.35964e-05 2.24705e-05 2.13923e-05 2.03603e-05 1.9373e-05 1.84288e-05 1.75261e-05 1.66636e-05 1.58397e-05 1.50529e-05 1.4302e-05 1.35854e-05 1.29019e-05 1.22501e-05 1.16288e-05 1.10367e-05 1.04727e-05 9.93547e-06 9.42397e-06 8.9371e-06 8.4738e-06 8.03303e-06 7.61382e-06 7.21521e-06 6.83627e-06 6.47614e-06 6.13394e-06 5.80887e-06 5.50014e-06 5.20699e-06 4.92869e-06 4.66456e-06 4.41391e-06 4.17611e-06 3.95054e-06 3.73662e-06 3.53379e-06 3.3415e-06 3.15924e-06 2.98652e-06 2.82287e-06 2.66783e-06 2.52099e-06 2.38193e-06 2.25026e-06 2.1256e-06 2.00761e-06 1.89594e-06 1.79027e-06 1.69029e-06 1.59572e-06 1.50626e-06 1.42167e-06 1.34167e-06 1.26604e-06
0.00049555 0.000118673 0.000117141 0.000115385 0.000113437 0.000111323 0.000109068 0.000106693 0.000104221 0.000101668 9.90535e-05 9.63914e-05 9.36959e-05 9.09797e-05 8.82541e-05 8.55291e-05 8.28139e-05 8.01163e-05 7.74437e-05 7.48021e-05 7.21972e-05 6.96337e-05 6.71158e-05 6.46469e-05 6.22301e-05 5.98678e-05 5.75621e-05 5.53146e-05 5.31265e-05 5.09988e-05 4.89321e-05 4.69267e-05 4.49827e-05 4.31e-05 4.12782e-05 3.95169e-05 3.78155e-05 3.6173e-05 3.45888e-05 3.30616e-05 3.15906e-05 3.01745e-05 2.8812e-05 2.7502e-05 2.62432e-05 2.50341e-05 2.38735e-05 2.27599e-05 2.1692e-05 2.06684e-05 1.96876e-05 1.87484e-05 1.78492e-05 1.69889e-05 1.61659e-05 1.53791e-05 1.46271e-05 1.39085e-05 1.32223e-05 1.25671e-05 1.19417e-05 1.1345e-05 1.07759e-05 1.02332e-05 9.71588e-06 9.22288e-06 8.7532e-06 8.30585e-06 7.87989e-06 7.47441e-06 7.08851e-06 6.72136e-06 6.37211e-06 6.03998e-06 5.7242e-06 5.42404e-06 5.13879e-06 4.86776e-06 4.61031e-06 4.36581e-06 4.13364e-06 3.91324e-06 3.70406e-06 3.50554e-06 3.3172e-06 3.13854e-06 2.96909e-06 2.80842e-06 2.65608e-06 2.51168e-06 2.37482e-06 2.24513e-06 2.12226e-06 2.00587e-06 1.89562e-06 1.79123e-06 1.69238e-06 1.5988e-06 1.51022e-06 1.42638e-06 1.34705e-06
0.00045749 0.000111372 0.000110252 0.000108899 0.00010734 0.000105603 0.00010371 0.000101686 9.95485e-05 9.73177e-05 9.50101e-05 9.26412e-05 9.02249e-05 8.77741e-05 8.53003e-05 8.28139e-05 8.03242e-05 7.78396e-05 7.53677e-05 7.2915e-05 7.04876e-05 6.80907e-05 6.57287e-05 6.34057e-05 6.1125e-05 5.88897e-05 5.67021e-05 5.45644e-05 5.24781e-05 5.04447e-05 4.8465e-05 4.654e-05 4.46699e-05 4.28551e-05 4.10955e-05 3.93911e-05 3.77415e-05 3.61462e-05 3.46047e-05 3.31162e-05 3.16799e-05 3.02949e-05 2.89603e-05 2.7675e-05 2.6438e-05 2.5248e-05 2.41041e-05 2.30048e-05 2.19492e-05 2.09358e-05 1.99636e-05 1.90312e-05 1.81374e-05 1.7281e-05 1.64608e-05 1.56756e-05 1.49241e-05 1.42052e-05 1.35177e-05 1.28605e-05 1.22325e-05 1.16326e-05 1.10597e-05 1.05127e-05 9.99075e-06 9.49275e-06 9.01776e-06 8.56485e-06 8.13311e-06 7.72168e-06 7.32969e-06 6.95633e-06 6.60081e-06 6.26235e-06 5.94023e-06 5.63371e-06 5.34211e-06 5.06478e-06 4.80107e-06 4.55037e-06 4.31209e-06 4.08565e-06 3.87053e-06 3.66618e-06 3.47212e-06 3.28785e-06 3.11292e-06 2.94689e-06 2.78933e-06 2.63984e-06 2.49802e-06 2.36351e-06 2.23596e-06 2.11502e-06 2.00037e-06 1.8917e-06 1.78871e-06 1.69113e-06 1.59868e-06 1.51111e-06 1.42817e-06
0.000422352 0.000104492 0.000103737 0.000102741 0.000101531 0.000100133 9.857e-05 9.68633e-05 9.5033e-05 9.30974e-05 9.10733e-05 8.89759e-05 8.68193e-05 8.46162e-05 8.23784e-05 8.01163e-05 7.78396e-05 7.55568e-05 7.32757e-05 7.10034e-05 6.8746e-05 6.6509e-05 6.42974e-05 6.21156e-05 5.99672e-05 5.78556e-05 5.57836e-05 5.37536e-05 5.17677e-05 4.98275e-05 4.79343e-05 4.60893e-05 4.42933e-05 4.25467e-05 4.085e-05 3.92034e-05 3.76067e-05 3.60597e-05 3.45623e-05 3.31139e-05 3.17139e-05 3.03618e-05 2.90567e-05 2.77979e-05 2.65844e-05 2.54154e-05 2.42899e-05 2.32069e-05 2.21652e-05 2.1164e-05 2.0202e-05 1.92782e-05 1.83915e-05 1.75407e-05 1.67249e-05 1.59428e-05 1.51934e-05 1.44756e-05 1.37883e-05 1.31306e-05 1.25013e-05 1.18994e-05 1.13239e-05 1.07739e-05 1.02484e-05 9.74653e-06 9.26727e-06 8.80979e-06 8.37322e-06 7.95673e-06 7.55951e-06 7.18076e-06 6.81973e-06 6.47567e-06 6.14788e-06 5.83565e-06 5.53833e-06 5.25526e-06 4.98584e-06 4.72945e-06 4.48552e-06 4.2535e-06 4.03286e-06 3.82307e-06 3.62365e-06 3.43412e-06 3.25403e-06 3.08295e-06 2.92044e-06 2.76611e-06 2.61958e-06 2.48047e-06 2.34844e-06 2.22314e-06 2.10426e-06 1.99147e-06 1.8845e-06 1.78305e-06 1.68685e-06 1.59566e-06 1.50921e-06
0.000389913 9.80125e-05 9.75792e-05 9.69003e-05 9.60019e-05 9.49084e-05 9.36423e-05 9.22244e-05 9.06741e-05 8.90091e-05 8.7246e-05 8.53997e-05 8.34841e-05 8.1512e-05 7.9495e-05 7.74437e-05 7.53677e-05 7.32757e-05 7.11759e-05 6.90752e-05 6.69803e-05 6.48968e-05 6.283e-05 6.07844e-05 5.87642e-05 5.67729e-05 5.48136e-05 5.28891e-05 5.10017e-05 4.91534e-05 4.73459e-05 4.55805e-05 4.38582e-05 4.21801e-05 4.05466e-05 3.89582e-05 3.74152e-05 3.59175e-05 3.44653e-05 3.30582e-05 3.16959e-05 3.03779e-05 2.91039e-05 2.7873e-05 2.66848e-05 2.55383e-05 2.44329e-05 2.33677e-05 2.23417e-05 2.13542e-05 2.04041e-05 1.94905e-05 1.86124e-05 1.77688e-05 1.69588e-05 1.61814e-05 1.54355e-05 1.47202e-05 1.40346e-05 1.33775e-05 1.27482e-05 1.21456e-05 1.15688e-05 1.10168e-05 1.04889e-05 9.98414e-06 9.50161e-06 9.04052e-06 8.60003e-06 8.17936e-06 7.77773e-06 7.39438e-06 7.02859e-06 6.67965e-06 6.34686e-06 6.02957e-06 5.72712e-06 5.43889e-06 5.16428e-06 4.90272e-06 4.65363e-06 4.41647e-06 4.19073e-06 3.9759e-06 3.7715e-06 3.57706e-06 3.39213e-06 3.21629e-06 3.04912e-06 2.89022e-06 2.73922e-06 2.59574e-06 2.45944e-06 2.32998e-06 2.20704e-06 2.09032e-06 1.97951e-06 1.87433e-06 1.77452e-06 1.67982e-06 1.58997e-06
0.000359966 9.19116e-05 9.17607e-05 9.13623e-05 9.07413e-05 8.99208e-05 8.89225e-05 8.77663e-05 8.64709e-05 8.50536e-05 8.35304e-05 8.19159e-05 8.02238e-05 7.84666e-05 7.66559e-05 7.48021e-05 7.2915e-05 7.10034e-05 6.90752e-05 6.71379e-05 6.5198e-05 6.32614e-05 6.13336e-05 5.94194e-05 5.7523e-05 5.56484e-05 5.37989e-05 5.19774e-05 5.01865e-05 4.84286e-05 4.67055e-05 4.50188e-05 4.33699e-05 4.17599e-05 4.01897e-05 3.86599e-05 3.71711e-05 3.57235e-05 3.43172e-05 3.29524e-05 3.16288e-05 3.03462e-05 2.91044e-05 2.79029e-05 2.67412e-05 2.56187e-05 2.45348e-05 2.34889e-05 2.24801e-05 2.15077e-05 2.0571e-05 1.9669e-05 1.8801e-05 1.79661e-05 1.71634e-05 1.6392e-05 1.5651e-05 1.49395e-05 1.42567e-05 1.36016e-05 1.29734e-05 1.23713e-05 1.17942e-05 1.12415e-05 1.07122e-05 1.02055e-05 9.72071e-06 9.25692e-06 8.8134e-06 8.38939e-06 7.98416e-06 7.59699e-06 7.22717e-06 6.87404e-06 6.53692e-06 6.21519e-06 5.90821e-06 5.61538e-06 5.33613e-06 5.06989e-06 4.81612e-06 4.57427e-06 4.34386e-06 4.12439e-06 3.91537e-06 3.71637e-06 3.52694e-06 3.34665e-06 3.17511e-06 3.01191e-06 2.85668e-06 2.70907e-06 2.56872e-06 2.4353e-06 2.3085e-06 2.188e-06 2.07352e-06 1.96477e-06 1.86148e-06 1.7634e-06 1.67027e-06
0.000332319 8.61697e-05 8.62656e-05 8.61143e-05 8.57395e-05 8.5163e-05 8.44054e-05 8.34858e-05 8.24222e-05 8.12311e-05 7.99279e-05 7.85271e-05 7.70418e-05 7.54843e-05 7.3866e-05 7.21972e-05 7.04876e-05 6.8746e-05 6.69803e-05 6.5198e-05 6.34057e-05 6.16095e-05 5.9815e-05 5.80271e-05 5.62503e-05 5.44885e-05 5.27455e-05 5.10244e-05 4.93279e-05 4.76585e-05 4.60184e-05 4.44095e-05 4.28332e-05 4.1291e-05 3.97839e-05 3.83128e-05 3.68784e-05 3.54812e-05 3.41215e-05 3.27997e-05 3.15157e-05 3.02695e-05 2.9061e-05 2.789e-05 2.6756e-05 2.56587e-05 2.45976e-05 2.35722e-05 2.25819e-05 2.16261e-05 2.0704e-05 1.98151e-05 1.89585e-05 1.81335e-05 1.73393e-05 1.65752e-05 1.58403e-05 1.51339e-05 1.44552e-05 1.38033e-05 1.31774e-05 1.25767e-05 1.20005e-05 1.1448e-05 1.09183e-05 1.04107e-05 9.92454e-06 9.45895e-06 9.01325e-06 8.58672e-06 8.17867e-06 7.78841e-06 7.41529e-06 7.05864e-06 6.71785e-06 6.39229e-06 6.08137e-06 5.7845e-06 5.50114e-06 5.23072e-06 4.97273e-06 4.72665e-06 4.49199e-06 4.26826e-06 4.05502e-06 3.85181e-06 3.6582e-06 3.47378e-06 3.29815e-06 3.13093e-06 2.97174e-06 2.82023e-06 2.67605e-06 2.53889e-06 2.40842e-06 2.28433e-06 2.16634e-06 2.05417e-06 1.94755e-06 1.84622e-06 1.74994e-06
0.000306795 8.07676e-05 8.10781e-05 8.11437e-05 8.09866e-05 8.06274e-05 8.00856e-05 7.93794e-05 7.85259e-05 7.7541e-05 7.64394e-05 7.52351e-05 7.39409e-05 7.25687e-05 7.11296e-05 6.96337e-05 6.80907e-05 6.6509e-05 6.48968e-05 6.32614e-05 6.16095e-05 5.99473e-05 5.82803e-05 5.66136e-05 5.49519e-05 5.32992e-05 5.16594e-05 5.00357e-05 4.84312e-05 4.68485e-05 4.52899e-05 4.37574e-05 4.22528e-05 4.07777e-05 3.93333e-05 3.79207e-05 3.65408e-05 3.51942e-05 3.38816e-05 3.26033e-05 3.13596e-05 3.01505e-05 2.89762e-05 2.78365e-05 2.67313e-05 2.56603e-05 2.46231e-05 2.36194e-05 2.26488e-05 2.17106e-05 2.08045e-05 1.99297e-05 1.90857e-05 1.82719e-05 1.74875e-05 1.67318e-05 1.60043e-05 1.5304e-05 1.46305e-05 1.39828e-05 1.33603e-05 1.27622e-05 1.21878e-05 1.16365e-05 1.11074e-05 1.05998e-05 1.01131e-05 9.64659e-06 9.19953e-06 8.77127e-06 8.36115e-06 7.96854e-06 7.5928e-06 7.2333e-06 6.88946e-06 6.56068e-06 6.24639e-06 5.94604e-06 5.65908e-06 5.38498e-06 5.12324e-06 4.87337e-06 4.63487e-06 4.4073e-06 4.1902e-06 3.98313e-06 3.78568e-06 3.59744e-06 3.41803e-06 3.24705e-06 3.08416e-06 2.929e-06 2.78123e-06 2.64053e-06 2.50658e-06 2.3791e-06 2.25778e-06 2.14235e-06 2.03254e-06 1.92811e-06 1.82879e-06
0.000283232 7.5687e-05 7.6183e-05 7.6438e-05 7.64726e-05 7.63064e-05 7.59575e-05 7.54433e-05 7.47799e-05 7.39825e-05 7.30652e-05 7.20414e-05 7.09234e-05 6.97227e-05 6.84502e-05 6.71158e-05 6.57287e-05 6.42974e-05 6.283e-05 6.13336e-05 5.9815e-05 5.82803e-05 5.67351e-05 5.51846e-05 5.36335e-05 5.2086e-05 5.05459e-05 4.90168e-05 4.75017e-05 4.60035e-05 4.45246e-05 4.30672e-05 4.16332e-05 4.02243e-05 3.8842e-05 3.74876e-05 3.6162e-05 3.48661e-05 3.36007e-05 3.23663e-05 3.11633e-05 2.9992e-05 2.88525e-05 2.77449e-05 2.66693e-05 2.56254e-05 2.46131e-05 2.36322e-05 2.26822e-05 2.17628e-05 2.08737e-05 2.00142e-05 1.91839e-05 1.83823e-05 1.76087e-05 1.68626e-05 1.61434e-05 1.54505e-05 1.47831e-05 1.41407e-05 1.35225e-05 1.2928e-05 1.23565e-05 1.18072e-05 1.12796e-05 1.07729e-05 1.02866e-05 9.81988e-06 9.37225e-06 8.94301e-06 8.53156e-06 8.13729e-06 7.7596e-06 7.39791e-06 7.05163e-06 6.72022e-06 6.40313e-06 6.09982e-06 5.80977e-06 5.53248e-06 5.26745e-06 5.01422e-06 4.77231e-06 4.54129e-06 4.3207e-06 4.11013e-06 3.90917e-06 3.71743e-06 3.53452e-06 3.36007e-06 3.19374e-06 3.03517e-06 2.88404e-06 2.74002e-06 2.60281e-06 2.47211e-06 2.34764e-06 2.22911e-06 2.11628e-06 2.00888e-06 1.90668e-06
0.000261478 7.09104e-05 7.15657e-05 7.19851e-05 7.21879e-05 7.21923e-05 7.20153e-05 7.16733e-05 7.11815e-05 7.05542e-05 6.9805e-05 6.89466e-05 6.79908e-05 6.69488e-05 6.5831e-05 6.46469e-05 6.34057e-05 6.21156e-05 6.07844e-05 5.94194e-05 5.80271e-05 5.66136e-05 5.51846e-05 5.37452e-05 5.23002e-05 5.08539e-05 4.94101e-05 4.79725e-05 4.65442e-05 4.51282e-05 4.37271e-05 4.23431e-05 4.09785e-05 3.96349e-05 3.8314e-05 3.70171e-05 3.57455e-05 3.45002e-05 3.3282e-05 3.20916e-05 3.09296e-05 2.97964e-05 2.86923e-05 2.76175e-05 2.65722e-05 2.55562e-05 2.45696e-05 2.36122e-05 2.26838e-05 2.17841e-05 2.09129e-05 2.00697e-05 1.92541e-05 1.84656e-05 1.77039e-05 1.69684e-05 1.62586e-05 1.55738e-05 1.49137e-05 1.42774e-05 1.36646e-05 1.30746e-05 1.25067e-05 1.19604e-05 1.14351e-05 1.09301e-05 1.04449e-05 9.97891e-06 9.53145e-06 9.10197e-06 8.68989e-06 8.29464e-06 7.91565e-06 7.55237e-06 7.20426e-06 6.87079e-06 6.55144e-06 6.24569e-06 5.95306e-06 5.67305e-06 5.40519e-06 5.14904e-06 4.90413e-06 4.67003e-06 4.44633e-06 4.2326e-06 4.02847e-06 3.83354e-06 3.64743e-06 3.4698e-06 3.30029e-06 3.13857e-06 2.9843e-06 2.83719e-06 2.69692e-06 2.5632e-06 2.43575e-06 2.31431e-06 2.19861e-06 2.0884e-06 1.98343e-06
0.000241395 6.64211e-05 6.7212e-05 6.77733e-05 6.81229e-05 6.82775e-05 6.82531e-05 6.8065e-05 6.77276e-05 6.72544e-05 6.66582e-05 6.59511e-05 6.51444e-05 6.42488e-05 6.32742e-05 6.22301e-05 6.1125e-05 5.99672e-05 5.87642e-05 5.7523e-05 5.62503e-05 5.49519e-05 5.36335e-05 5.23002e-05 5.09568e-05 4.96076e-05 4.82566e-05 4.69073e-05 4.55631e-05 4.4227e-05 4.29016e-05 4.15895e-05 4.02927e-05 3.90132e-05 3.77527e-05 3.65128e-05 3.52947e-05 3.40996e-05 3.29285e-05 3.17822e-05 3.06613e-05 2.95665e-05 2.84981e-05 2.74565e-05 2.6442e-05 2.54545e-05 2.44943e-05 2.35612e-05 2.26551e-05 2.1776e-05 2.09235e-05 2.00974e-05 1.92974e-05 1.85231e-05 1.77741e-05 1.705e-05 1.63504e-05 1.56748e-05 1.50227e-05 1.43936e-05 1.37869e-05 1.32022e-05 1.26389e-05 1.20964e-05 1.15742e-05 1.10717e-05 1.05885e-05 1.01238e-05 9.67723e-06 9.2482e-06 8.83615e-06 8.44056e-06 8.0609e-06 7.69664e-06 7.34728e-06 7.0123e-06 6.69122e-06 6.38355e-06 6.08882e-06 5.80656e-06 5.53632e-06 5.27766e-06 5.03015e-06 4.79337e-06 4.56692e-06 4.35039e-06 4.14341e-06 3.9456e-06 3.7566e-06 3.57606e-06 3.40364e-06 3.23901e-06 3.08185e-06 2.93185e-06 2.78873e-06 2.65219e-06 2.52196e-06 2.39777e-06 2.27936e-06 2.16649e-06 2.05892e-06
0.000222855 6.2203e-05 6.31084e-05 6.37913e-05 6.42681e-05 6.45543e-05 6.46649e-05 6.4614e-05 6.44151e-05 6.4081e-05 6.36237e-05 6.30547e-05 6.23848e-05 6.1624e-05 6.0782e-05 5.98678e-05 5.88897e-05 5.78556e-05 5.67729e-05 5.56484e-05 5.44885e-05 5.32992e-05 5.2086e-05 5.08539e-05 4.96076e-05 4.83515e-05 4.70896e-05 4.58256e-05 4.45627e-05 4.3304e-05 4.20523e-05 4.08101e-05 3.95796e-05 3.83629e-05 3.71618e-05 3.5978e-05 3.48127e-05 3.36674e-05 3.25431e-05 3.14407e-05 3.03609e-05 2.93046e-05 2.82722e-05 2.72642e-05 2.62808e-05 2.53224e-05 2.4389e-05 2.34808e-05 2.25978e-05 2.17398e-05 2.09068e-05 2.00986e-05 1.93149e-05 1.85555e-05 1.78201e-05 1.71083e-05 1.64198e-05 1.57541e-05 1.51109e-05 1.44897e-05 1.389e-05 1.33114e-05 1.27534e-05 1.22155e-05 1.16972e-05 1.11979e-05 1.07173e-05 1.02547e-05 9.80971e-06 9.38178e-06 8.97042e-06 8.57511e-06 8.19537e-06 7.83071e-06 7.48065e-06 7.1447e-06 6.82241e-06 6.51331e-06 6.21695e-06 5.93289e-06 5.66071e-06 5.39996e-06 5.15025e-06 4.91117e-06 4.68233e-06 4.46334e-06 4.25384e-06 4.05346e-06 3.86186e-06 3.67869e-06 3.50362e-06 3.33633e-06 3.17651e-06 3.02387e-06 2.87811e-06 2.73895e-06 2.60611e-06 2.47935e-06 2.3584e-06 2.24302e-06 2.13298e-06
0.000205739 5.82411e-05 5.9242e-05 6.00281e-05 6.06144e-05 6.10153e-05 6.12447e-05 6.13156e-05 6.12406e-05 6.10317e-05 6.07003e-05 6.0257e-05 5.97122e-05 5.90754e-05 5.83559e-05 5.75621e-05 5.67021e-05 5.57836e-05 5.48136e-05 5.37989e-05 5.27455e-05 5.16594e-05 5.05459e-05 4.94101e-05 4.82566e-05 4.70896e-05 4.59133e-05 4.47312e-05 4.35468e-05 4.2363e-05 4.11827e-05 4.00085e-05 3.88427e-05 3.76875e-05 3.65446e-05 3.54158e-05 3.43027e-05 3.32066e-05 3.21286e-05 3.10698e-05 3.00311e-05 2.90132e-05 2.80169e-05 2.70426e-05 2.60907e-05 2.51616e-05 2.42556e-05 2.33728e-05 2.25133e-05 2.16771e-05 2.08642e-05 2.00745e-05 1.93079e-05 1.85641e-05 1.78429e-05 1.71442e-05 1.64675e-05 1.58125e-05 1.51789e-05 1.45664e-05 1.39744e-05 1.34027e-05 1.28507e-05 1.2318e-05 1.18043e-05 1.1309e-05 1.08316e-05 1.03718e-05 9.92905e-06 9.50285e-06 9.09277e-06 8.69834e-06 8.3191e-06 7.95459e-06 7.60436e-06 7.26797e-06 6.94496e-06 6.63491e-06 6.33739e-06 6.05198e-06 5.77826e-06 5.51584e-06 5.26432e-06 5.0233e-06 4.79243e-06 4.57132e-06 4.35962e-06 4.15698e-06 3.96307e-06 3.77754e-06 3.60009e-06 3.43039e-06 3.26816e-06 3.11308e-06 2.96489e-06 2.82331e-06 2.68807e-06 2.55891e-06 2.43559e-06 2.31786e-06 2.2055e-06
0.000189937 5.45208e-05 5.56001e-05 5.64729e-05 5.71528e-05 5.76531e-05 5.79864e-05 5.8165e-05 5.82005e-05 5.8104e-05 5.78862e-05 5.75572e-05 5.71266e-05 5.66036e-05 5.59969e-05 5.53146e-05 5.45644e-05 5.37536e-05 5.28891e-05 5.19774e-05 5.10244e-05 5.00357e-05 4.90168e-05 4.79725e-05 4.69073e-05 4.58256e-05 4.47312e-05 4.36279e-05 4.2519e-05 4.14075e-05 4.02964e-05 3.91883e-05 3.80854e-05 3.69901e-05 3.59042e-05 3.48295e-05 3.37676e-05 3.27199e-05 3.16877e-05 3.06722e-05 2.96742e-05 2.86947e-05 2.77344e-05 2.67938e-05 2.58736e-05 2.49742e-05 2.40958e-05 2.32387e-05 2.24032e-05 2.15893e-05 2.0797e-05 2.00264e-05 1.92774e-05 1.85498e-05 1.78436e-05 1.71585e-05 1.64943e-05 1.58507e-05 1.52274e-05 1.46242e-05 1.40406e-05 1.34764e-05 1.29312e-05 1.24045e-05 1.1896e-05 1.14052e-05 1.09318e-05 1.04754e-05 1.00354e-05 9.61155e-06 9.20334e-06 8.81035e-06 8.43216e-06 8.06833e-06 7.71845e-06 7.3821e-06 7.05886e-06 6.74833e-06 6.45009e-06 6.16375e-06 5.88892e-06 5.62521e-06 5.37225e-06 5.12967e-06 4.89711e-06 4.67421e-06 4.46064e-06 4.25604e-06 4.0601e-06 3.8725e-06 3.69292e-06 3.52107e-06 3.35664e-06 3.19937e-06 3.04896e-06 2.90516e-06 2.76769e-06 2.63632e-06 2.51079e-06 2.39088e-06 2.27635e-06
0.000175349 5.10285e-05 5.2171e-05 5.31156e-05 5.38747e-05 5.44603e-05 5.48842e-05 5.51575e-05 5.52909e-05 5.5295e-05 5.51796e-05 5.49541e-05 5.46276e-05 5.42088e-05 5.37059e-05 5.31265e-05 5.24781e-05 5.17677e-05 5.10017e-05 5.01865e-05 4.93279e-05 4.84312e-05 4.75017e-05 4.65442e-05 4.55631e-05 4.45627e-05 4.35468e-05 4.2519e-05 4.14827e-05 4.0441e-05 3.93967e-05 3.83526e-05 3.73109e-05 3.62738e-05 3.52435e-05 3.42217e-05 3.321e-05 3.221e-05 3.1223e-05 3.02502e-05 2.92926e-05 2.83512e-05 2.74267e-05 2.652e-05 2.56315e-05 2.47617e-05 2.39112e-05 2.30802e-05 2.2269e-05 2.14777e-05 2.07065e-05 1.99555e-05 1.92246e-05 1.85138e-05 1.7823e-05 1.71522e-05 1.6501e-05 1.58694e-05 1.52571e-05 1.46638e-05 1.40893e-05 1.35332e-05 1.29953e-05 1.24752e-05 1.19725e-05 1.14869e-05 1.10181e-05 1.05656e-05 1.0129e-05 9.70807e-06 9.30227e-06 8.91126e-06 8.53463e-06 8.172e-06 7.82296e-06 7.48714e-06 7.16412e-06 6.85355e-06 6.55502e-06 6.26817e-06 5.99263e-06 5.72802e-06 5.474e-06 5.23021e-06 4.9963e-06 4.77193e-06 4.55679e-06 4.35053e-06 4.15285e-06 3.96344e-06 3.782e-06 3.60824e-06 3.44186e-06 3.2826e-06 3.13019e-06 2.98436e-06 2.84487e-06 2.71146e-06 2.5839e-06 2.46196e-06 2.34541e-06
0.000161881 4.7751e-05 4.89432e-05 4.99463e-05 5.07716e-05 5.14299e-05 5.1932e-05 5.22881e-05 5.25082e-05 5.26019e-05 5.25783e-05 5.24464e-05 5.22146e-05 5.18909e-05 5.14832e-05 5.09988e-05 5.04447e-05 4.98275e-05 4.91534e-05 4.84286e-05 4.76585e-05 4.68485e-05 4.60035e-05 4.51282e-05 4.4227e-05 4.3304e-05 4.2363e-05 4.14075e-05 4.0441e-05 3.94664e-05 3.84867e-05 3.75044e-05 3.65219e-05 3.55416e-05 3.45654e-05 3.35952e-05 3.26327e-05 3.16795e-05 3.07369e-05 2.98062e-05 2.88886e-05 2.79849e-05 2.70961e-05 2.62229e-05 2.53661e-05 2.45262e-05 2.37036e-05 2.28988e-05 2.21121e-05 2.13438e-05 2.05941e-05 1.9863e-05 1.91506e-05 1.84571e-05 1.77823e-05 1.71261e-05 1.64886e-05 1.58695e-05 1.52687e-05 1.46859e-05 1.4121e-05 1.35736e-05 1.30436e-05 1.25306e-05 1.20344e-05 1.15545e-05 1.10908e-05 1.06428e-05 1.02102e-05 9.79261e-06 9.38975e-06 9.00122e-06 8.62665e-06 8.26569e-06 7.91797e-06 7.58312e-06 7.26078e-06 6.95059e-06 6.65219e-06 6.36523e-06 6.08936e-06 5.82422e-06 5.5695e-06 5.32483e-06 5.08991e-06 4.8644e-06 4.64799e-06 4.44037e-06 4.24123e-06 4.05028e-06 3.86723e-06 3.69179e-06 3.5237e-06 3.36268e-06 3.20847e-06 3.06082e-06 2.91949e-06 2.78422e-06 2.6548e-06 2.53099e-06 2.41258e-06
0.000149448 4.46759e-05 4.59058e-05 4.69556e-05 4.78353e-05 4.85549e-05 4.91241e-05 4.95522e-05 4.98485e-05 5.00216e-05 5.00802e-05 5.00326e-05 4.98865e-05 4.96496e-05 4.93292e-05 4.89321e-05 4.8465e-05 4.79343e-05 4.73459e-05 4.67055e-05 4.60184e-05 4.52899e-05 4.45246e-05 4.37271e-05 4.29016e-05 4.20523e-05 4.11827e-05 4.02964e-05 3.93967e-05 3.84867e-05 3.7569e-05 3.66465e-05 3.57214e-05 3.4796e-05 3.38725e-05 3.29526e-05 3.20382e-05 3.11308e-05 3.02318e-05 2.93426e-05 2.84642e-05 2.75978e-05 2.67444e-05 2.59046e-05 2.50793e-05 2.42691e-05 2.34746e-05 2.26961e-05 2.19341e-05 2.1189e-05 2.04609e-05 1.97501e-05 1.90566e-05 1.83807e-05 1.77222e-05 1.70813e-05 1.64578e-05 1.58517e-05 1.52628e-05 1.46911e-05 1.41363e-05 1.35982e-05 1.30766e-05 1.25712e-05 1.20819e-05 1.16083e-05 1.11502e-05 1.07072e-05 1.0279e-05 9.8654e-06 9.46596e-06 9.08039e-06 8.70836e-06 8.34953e-06 8.00356e-06 7.67012e-06 7.34888e-06 7.03949e-06 6.74161e-06 6.45493e-06 6.1791e-06 5.9138e-06 5.65872e-06 5.41352e-06 5.17791e-06 4.95156e-06 4.73418e-06 4.52548e-06 4.32515e-06 4.13293e-06 3.94852e-06 3.77165e-06 3.60207e-06 3.43951e-06 3.28371e-06 3.13444e-06 2.99145e-06 2.85451e-06 2.72339e-06 2.59788e-06 2.47776e-06
0.00013797 4.17915e-05 4.30484e-05 4.41342e-05 4.50579e-05 4.58285e-05 4.64546e-05 4.69449e-05 4.73077e-05 4.7551e-05 4.76829e-05 4.77109e-05 4.76423e-05 4.74842e-05 4.72435e-05 4.69267e-05 4.654e-05 4.60893e-05 4.55805e-05 4.50188e-05 4.44095e-05 4.37574e-05 4.30672e-05 4.23431e-05 4.15895e-05 4.08101e-05 4.00085e-05 3.91883e-05 3.83526e-05 3.75044e-05 3.66465e-05 3.57815e-05 3.49118e-05 3.40397e-05 3.31673e-05 3.22964e-05 3.14288e-05 3.05661e-05 2.97099e-05 2.88613e-05 2.80217e-05 2.71921e-05 2.63735e-05 2.55669e-05 2.47729e-05 2.39923e-05 2.32257e-05 2.24735e-05 2.17364e-05 2.10145e-05 2.03083e-05 1.9618e-05 1.89437e-05 1.82857e-05 1.76439e-05 1.70186e-05 1.64095e-05 1.58168e-05 1.52404e-05 1.46801e-05 1.41358e-05 1.36074e-05 1.30947e-05 1.25975e-05 1.21156e-05 1.16488e-05 1.11967e-05 1.07592e-05 1.0336e-05 9.9267e-06 9.53114e-06 9.14898e-06 8.77992e-06 8.42365e-06 8.07986e-06 7.74825e-06 7.4285e-06 7.1203e-06 6.82334e-06 6.5373e-06 6.26187e-06 5.99676e-06 5.74165e-06 5.49624e-06 5.26025e-06 5.03337e-06 4.81531e-06 4.60581e-06 4.40457e-06 4.21132e-06 4.0258e-06 3.84774e-06 3.67689e-06 3.513e-06 3.35582e-06 3.20512e-06 3.06067e-06 2.92223e-06 2.78959e-06 2.66254e-06 2.54086e-06
0.000127373 3.90866e-05 4.03612e-05 4.14736e-05 4.24319e-05 4.3244e-05 4.39179e-05 4.44614e-05 4.48819e-05 4.51869e-05 4.53838e-05 4.54794e-05 4.54806e-05 4.53941e-05 4.5226e-05 4.49827e-05 4.46699e-05 4.42933e-05 4.38582e-05 4.33699e-05 4.28332e-05 4.22528e-05 4.16332e-05 4.09785e-05 4.02927e-05 3.95796e-05 3.88427e-05 3.80854e-05 3.73109e-05 3.65219e-05 3.57214e-05 3.49118e-05 3.40956e-05 3.3275e-05 3.24521e-05 3.16288e-05 3.08068e-05 2.99877e-05 2.91732e-05 2.83645e-05 2.75629e-05 2.67695e-05 2.59854e-05 2.52114e-05 2.44485e-05 2.36973e-05 2.29585e-05 2.22326e-05 2.15202e-05 2.08218e-05 2.01375e-05 1.94679e-05 1.8813e-05 1.81731e-05 1.75484e-05 1.69388e-05 1.63446e-05 1.57656e-05 1.5202e-05 1.46535e-05 1.41202e-05 1.3602e-05 1.30986e-05 1.261e-05 1.21359e-05 1.16762e-05 1.12307e-05 1.07991e-05 1.03812e-05 9.97677e-06 9.58551e-06 9.20718e-06 8.84151e-06 8.48821e-06 8.14701e-06 7.81762e-06 7.49975e-06 7.19311e-06 6.89742e-06 6.61238e-06 6.3377e-06 6.0731e-06 5.81829e-06 5.57299e-06 5.33692e-06 5.1098e-06 4.89135e-06 4.68131e-06 4.47941e-06 4.28539e-06 4.099e-06 3.91998e-06 3.74809e-06 3.58309e-06 3.42473e-06 3.2728e-06 3.12706e-06 2.98731e-06 2.85331e-06 2.72487e-06 2.60179e-06
