0.377256 0.0563996 0.0313028 0.0189124 0.0118493 0.00751016 0.00476124 0.00300594 0.00188741 0.00117864 0.000732371 0.000453077 0.000279219 0.000171499 0.000105026 6.41511e-05 3.90935e-05 2.3774e-05 1.44307e-05 8.74449e-06 5.29064e-06 3.19642e-06 1.92862e-06 1.16223e-06 6.99552e-07 4.20534e-07 2.52404e-07 1.51101e-07 8.99541e-08 5.27997e-08 3.16195e-08
0.0563996 0.0126915 0.00673038 0.00363942 0.0019763 0.00107671 0.000589412 0.000324524 0.000179753 0.000100132 5.60648e-05 3.15323e-05 1.78035e-05 1.00857e-05 5.72997e-06 3.26342e-06 1.86262e-06 1.06509e-06 6.10036e-07 3.49902e-07 2.00949e-07 1.15534e-07 6.64901e-08 3.82965e-08 2.20708e-08 1.27214e-08 7.32577e-09 4.20335e-09 2.38628e-09 1.31585e-09 7.61852e-10
0.0313028 0.00673038 0.00317785 0.00159762 0.00083001 0.000440033 0.000236747 0.000128882 7.08455e-05 3.92585e-05 2.19008e-05 1.22857e-05 6.92391e-06 3.91726e-06 2.22345e-06 1.26552e-06 7.21998e-07 4.12744e-07 2.36368e-07 1.35568e-07 7.78585e-08 4.47672e-08 2.5766e-08 1.48416e-08 8.55311e-09 4.92812e-09 2.83438e-09 1.62084e-09 9.12706e-10 5.22573e-10 3.02655e-10
0.0189124 0.00363942 0.00159762 0.000761557 0.000381854 0.000197807 0.000104812 5.64734e-05 3.08217e-05 1.69923e-05 9.44371e-06 5.28259e-06 2.97059e-06 1.67773e-06 9.5097e-07 5.40658e-07 3.08169e-07 1.76036e-07 1.00747e-07 5.77518e-08 3.31523e-08 1.90542e-08 1.09626e-08 6.31213e-09 3.63567e-09 2.09284e-09 1.20142e-09 6.84416e-10 3.93714e-10 2.25421e-10 1.30543e-10
0.0118493 0.0019763 0.00083001 0.000381854 0.000186692 9.50617e-05 4.97854e-05 2.6608e-05 1.44376e-05 7.92521e-06 4.38986e-06 2.44907e-06 1.37421e-06 7.74717e-07 4.38444e-07 2.48936e-07 1.41724e-07 8.08735e-08 4.62415e-08 2.64851e-08 1.51921e-08 8.72546e-09 5.01666e-09 2.88646e-09 1.66111e-09 9.55007e-10 5.47169e-10 3.15162e-10 1.81275e-10 1.03771e-10 6.00717e-11
0.00751016 0.00107671 0.000440033 0.000197807 9.50617e-05 4.78235e-05 2.48357e-05 1.31936e-05 7.12684e-06 3.8985e-06 2.15334e-06 1.19851e-06 6.71152e-07 3.77701e-07 2.13423e-07 1.21006e-07 6.8804e-08 3.9217e-08 2.23995e-08 1.28169e-08 7.34519e-09 4.21499e-09 2.42134e-09 1.39195e-09 8.00229e-10 4.59509e-10 2.64637e-10 1.52379e-10 8.76176e-11 5.0143e-11 2.90116e-11
0.00476124 0.000589412 0.000236747 0.000104812 4.97854e-05 2.48357e-05 1.28196e-05 6.77962e-06 3.6494e-06 1.99063e-06 1.0969e-06 6.09251e-07 3.40545e-07 1.91329e-07 1.07949e-07 6.11201e-08 3.47085e-08 1.97598e-08 1.12738e-08 6.4442e-09 3.6895e-09 2.11524e-09 1.21401e-09 6.9724e-10 4.00456e-10 2.30431e-10 1.32645e-10 7.63433e-11 4.38788e-11 2.51033e-11 1.45155e-11
0.00300594 0.000324524 0.000128882 5.64734e-05 2.6608e-05 1.31936e-05 6.77962e-06 3.57294e-06 1.91786e-06 1.04363e-06 5.73876e-07 3.18151e-07 1.7753e-07 9.95866e-08 5.61066e-08 3.17248e-08 1.79933e-08 1.02318e-08 5.83132e-09 3.32981e-09 1.90456e-09 1.09089e-09 6.25529e-10 3.58942e-10 2.06272e-10 1.18623e-10 6.82462e-11 3.92587e-11 2.25537e-11 1.28986e-11 7.4538e-12
0.00188741 0.000179753 7.08455e-05 3.08217e-05 1.44376e-05 7.12684e-06 3.6494e-06 1.91786e-06 1.027e-06 5.57694e-07 3.0609e-07 1.69402e-07 9.43781e-08 5.28642e-08 2.97427e-08 1.67962e-08 9.51486e-09 5.40452e-09 3.07689e-09 1.75522e-09 1.00299e-09 5.73966e-10 3.28835e-10 1.8866e-10 1.08344e-10 6.22676e-11 3.5803e-11 2.05846e-11 1.182e-11 6.75757e-12 3.9027e-12
0.00117864 0.000100132 3.92585e-05 1.69923e-05 7.92521e-06 3.8985e-06 1.99063e-06 1.04363e-06 5.57694e-07 3.02276e-07 1.65619e-07 9.15138e-08 5.09089e-08 2.84763e-08 1.60007e-08 9.02487e-09 5.10666e-09 2.89751e-09 1.64794e-09 9.3917e-10 5.36182e-10 3.0657e-10 1.75549e-10 1.00644e-10 5.77596e-11 3.31748e-11 1.90639e-11 1.09547e-11 6.28742e-12 3.5933e-12 2.07405e-12
0.000732371 5.60648e-05 2.19008e-05 9.44371e-06 4.38986e-06 2.15334e-06 1.0969e-06 5.73876e-07 3.0609e-07 1.65619e-07 9.05986e-08 4.99864e-08 2.77686e-08 1.55123e-08 8.70561e-09 4.90457e-09 2.77221e-09 1.57135e-09 8.9283e-10 5.08365e-10 2.89982e-10 1.6569e-10 9.48074e-11 5.43162e-11 3.11514e-11 1.78811e-11 1.02695e-11 5.89809e-12 3.38363e-12 1.93312e-12 1.11518e-12
0.000453077 3.15323e-05 1.22857e-05 5.28259e-06 2.44907e-06 1.19851e-06 6.09251e-07 3.18151e-07 1.69402e-07 9.15138e-08 4.99864e-08 2.75408e-08 1.52795e-08 8.52503e-09 4.77877e-09 2.68934e-09 1.51854e-09 8.59906e-10 4.88147e-10 2.77705e-10 1.5829e-10 9.03755e-11 5.16757e-11 2.95856e-11 1.69572e-11 9.72773e-12 5.58373e-12 3.20529e-12 1.838e-12 1.04974e-12 6.05256e-13
0.000279219 1.78035e-05 6.92391e-06 2.97059e-06 1.37421e-06 6.71152e-07 3.40545e-07 1.7753e-07 9.43781e-08 5.09089e-08 2.77686e-08 1.52795e-08 8.46654e-09 4.71834e-09 2.64202e-09 1.48532e-09 8.37873e-10 4.7403e-10 2.68863e-10 1.52836e-10 8.70488e-11 4.96644e-11 2.83782e-11 1.62367e-11 9.3005e-12 5.33231e-12 3.05912e-12 1.7552e-12 1.00605e-12 5.74412e-13 3.31027e-13
0.000171499 1.00857e-05 3.91726e-06 1.67773e-06 7.74717e-07 3.77701e-07 1.91329e-07 9.95866e-08 5.28642e-08 2.84763e-08 1.55123e-08 8.52503e-09 4.71834e-09 2.62663e-09 1.46926e-09 8.252e-10 4.65073e-10 2.6289e-10 1.48988e-10 8.46277e-11 4.81654e-11 2.74612e-11 1.5681e-11 8.96645e-12 5.13305e-12 2.94135e-12 1.68658e-12 9.67235e-13 5.54175e-13 3.16317e-13 1.82203e-13
0.000105026 5.72997e-06 2.22345e-06 9.5097e-07 4.38444e-07 2.13423e-07 1.07949e-07 5.61066e-08 2.97427e-08 1.60007e-08 8.70561e-09 4.77877e-09 2.64202e-09 1.46926e-09 8.21063e-10 4.60723e-10 2.59434e-10 1.46531e-10 8.29802e-11 4.70997e-11 2.6788e-11 1.5263e-11 8.71015e-12 4.97756e-12 2.84793e-12 1.63107e-12 9.34802e-13 5.35858e-13 3.06898e-13 1.75125e-13 1.00828e-13
6.41511e-05 3.26342e-06 1.26552e-06 5.40658e-07 2.48936e-07 1.21006e-07 6.11201e-08 3.17248e-08 1.67962e-08 9.02487e-09 4.90457e-09 2.68934e-09 1.48532e-09 8.252e-10 4.60723e-10 2.58302e-10 1.45333e-10 8.20225e-11 4.64152e-11 2.63271e-11 1.49638e-11 8.52059e-12 4.85959e-12 2.77553e-12 1.58719e-12 9.08562e-13 5.20472e-13 2.98223e-13 1.70735e-13 9.73994e-14 5.60536e-14
3.90935e-05 1.86262e-06 7.21998e-07 3.08169e-07 1.41724e-07 6.8804e-08 3.47085e-08 1.79933e-08 9.51486e-09 5.10666e-09 2.77221e-09 1.51854e-09 8.37873e-10 4.65073e-10 2.59434e-10 1.45333e-10 8.17082e-11 4.60805e-11 2.60582e-11 1.47707e-11 8.39013e-12 4.77464e-12 2.72161e-12 1.5536e-12 8.87978e-13 5.08065e-13 2.90916e-13 1.66621e-13 9.53576e-14 5.43848e-14 3.12856e-14
2.3774e-05 1.06509e-06 4.12744e-07 1.76036e-07 8.08735e-08 3.9217e-08 1.97598e-08 1.02318e-08 5.40452e-09 2.89751e-09 1.57135e-09 8.59906e-10 4.7403e-10 2.6289e-10 1.46531e-10 8.20225e-11 4.60805e-11 2.59698e-11 1.46761e-11 8.31375e-12 4.71961e-12 2.68431e-12 1.52927e-12 8.72524e-13 4.98459e-13 2.85067e-13 1.63158e-13 9.34113e-14 5.34408e-14 3.04711e-14 1.75219e-14
1.44307e-05 6.10036e-07 2.36368e-07 1.00747e-07 4.62415e-08 2.23995e-08 1.12738e-08 5.83132e-09 3.07689e-09 1.64794e-09 8.9283e-10 4.88147e-10 2.68863e-10 1.48988e-10 8.29802e-11 4.64152e-11 2.60582e-11 1.46761e-11 8.28859e-12 4.69256e-12 2.6624e-12 1.51345e-12 8.6178e-13 4.91448e-13 2.80626e-13 1.60419e-13 9.17777e-14 5.25247e-14 3.00395e-14 1.71239e-14 9.84312e-15
8.74449e-06 3.49902e-07 1.35568e-07 5.77518e-08 2.64851e-08 1.28169e-08 6.4442e-09 3.32981e-09 1.75522e-09 9.3917e-10 5.08365e-10 2.77705e-10 1.52836e-10 8.46277e-11 4.70997e-11 2.63271e-11 1.47707e-11 8.31375e-12 4.69256e-12 2.65518e-12 1.50565e-12 8.55451e-13 4.86869e-13 2.77518e-13 1.58398e-13 9.05094e-14 5.1761e-14 2.96122e-14 1.69302e-14 9.64878e-15 5.54425e-15
5.29064e-06 2.00949e-07 7.78585e-08 3.31523e-08 1.51921e-08 7.34519e-09 3.6895e-09 1.90456e-09 1.00299e-09 5.36182e-10 2.89982e-10 1.5829e-10 8.70488e-11 4.81654e-11 2.6788e-11 1.49638e-11 8.39013e-12 4.71961e-12 2.6624e-12 1.50565e-12 8.5336e-13 4.84607e-13 2.75679e-13 1.57069e-13 8.96113e-14 5.11838e-14 2.92602e-14 1.67337e-14 9.56423e-15 5.44961e-15 3.13028e-15
3.19642e-06 1.15534e-07 4.47672e-08 1.90542e-08 8.72546e-09 4.21499e-09 2.11524e-09 1.09089e-09 5.73966e-10 3.0657e-10 1.6569e-10 9.03755e-11 4.96644e-11 2.74612e-11 1.5263e-11 8.52059e-12 4.77464e-12 2.68431e-12 1.51345e-12 8.55451e-13 4.84607e-13 2.75071e-13 1.5641e-13 8.90768e-14 5.07997e-14 2.90043e-14 1.65748e-14 9.47585e-15 5.41437e-15 3.0844e-15 1.7711e-15
1.92862e-06 6.64901e-08 2.5766e-08 1.09626e-08 5.01666e-09 2.42134e-09 1.21401e-09 6.25529e-10 3.28835e-10 1.75549e-10 9.48074e-11 5.16757e-11 2.83782e-11 1.5681e-11 8.71015e-12 4.85959e-12 2.72161e-12 1.52927e-12 8.6178e-13 4.86869e-13 2.75679e-13 1.5641e-13 8.88995e-14 5.06083e-14 2.88502e-14 1.64661e-14 9.4064e-15 5.37591e-15 3.07085e-15 1.74901e-15 1.00398e-15
1.16223e-06 3.82965e-08 1.48416e-08 6.31213e-09 2.88646e-09 1.39195e-09 6.9724e-10 3.58942e-10 1.8866e-10 1.00644e-10 5.43162e-11 2.95856e-11 1.62367e-11 8.96645e-12 4.97756e-12 2.77553e-12 1.5536e-12 8.72524e-13 4.91448e-13 2.77518e-13 1.57069e-13 8.90768e-14 5.06083e-14 2.87988e-14 1.64112e-14 9.36322e-15 5.34704e-15 3.05497e-15 1.7446e-15 9.93446e-16 5.70086e-16
6.99552e-07 2.20708e-08 8.55311e-09 3.63567e-09 1.66111e-09 8.00229e-10 4.00456e-10 2.06272e-10 1.08344e-10 5.77596e-11 3.11514e-11 1.69572e-11 9.3005e-12 5.13305e-12 2.84793e-12 1.58719e-12 8.87978e-13 4.98459e-13 2.80626e-13 1.58398e-13 8.96113e-14 5.07997e-14 2.88502e-14 1.64112e-14 9.34865e-15 5.33196e-15 3.04394e-15 1.7386e-15 9.92598e-16 5.6512e-16 3.24196e-16
4.20534e-07 1.27214e-08 4.92812e-09 2.09284e-09 9.55007e-10 4.59509e-10 2.30431e-10 1.18623e-10 6.22676e-11 3.31748e-11 1.78811e-11 9.72773e-12 5.33231e-12 2.94135e-12 1.63107e-12 9.08562e-13 5.08065e-13 2.85067e-13 1.60419e-13 9.05094e-14 5.11838e-14 2.90043e-14 1.64661e-14 9.36322e-15 5.33196e-15 3.04007e-15 1.735e-15 9.90692e-16 5.65463e-16 3.2188e-16 1.84602e-16
2.52404e-07 7.32577e-09 2.83438e-09 1.20142e-09 5.47169e-10 2.64637e-10 1.32645e-10 6.82462e-11 3.5803e-11 1.90639e-11 1.02695e-11 5.58373e-12 3.05912e-12 1.68658e-12 9.34802e-13 5.20472e-13 2.90916e-13 1.63158e-13 9.17777e-14 5.1761e-14 2.92602e-14 1.65748e-14 9.4064e-15 5.34704e-15 3.04394e-15 1.735e-15 9.89891e-16 5.6508e-16 3.22457e-16 1.83522e-16 1.05223e-16
1.51101e-07 4.20335e-09 1.62084e-09 6.84416e-10 3.15162e-10 1.52379e-10 7.63433e-11 3.92587e-11 2.05846e-11 1.09547e-11 5.89809e-12 3.20529e-12 1.7552e-12 9.67235e-13 5.35858e-13 2.98223e-13 1.66621e-13 9.34113e-14 5.25247e-14 2.96122e-14 1.67337e-14 9.47585e-15 5.37591e-15 3.05497e-15 1.7386e-15 9.90692e-16 5.6508e-16 3.22495e-16 1.83988e-16 1.04698e-16 6.00139e-17
8.99541e-08 2.38628e-09 9.12706e-10 3.93714e-10 1.81275e-10 8.76176e-11 4.38788e-11 2.25537e-11 1.182e-11 6.28742e-12 3.38363e-12 1.838e-12 1.00605e-12 5.54175e-13 3.06898e-13 1.70735e-13 9.53576e-14 5.34408e-14 3.00395e-14 1.69302e-14 9.56423e-15 5.41437e-15 3.07085e-15 1.7446e-15 9.92598e-16 5.65463e-16 3.22457e-16 1.83988e-16 1.04948e-16 5.97118e-17 3.42199e-17
5.27997e-08 1.31585e-09 5.22573e-10 2.25421e-10 1.03771e-10 5.0143e-11 2.51033e-11 1.28986e-11 6.75757e-12 3.5933e-12 1.93312e-12 1.04974e-12 5.74412e-13 3.16317e-13 1.75125e-13 9.73994e-14 5.43848e-14 3.04711e-14 1.71239e-14 9.64878e-15 5.44961e-15 3.0844e-15 1.74901e-15 9.93446e-16 5.6512e-16 3.2188e-16 1.83522e-16 1.04698e-16 5.97118e-17 3.39706e-17 1.94649e-17
3.16195e-08 7.61852e-10 3.02655e-10 1.30543e-10 6.00717e-11 2.90116e-11 1.45155e-11 7.4538e-12 3.9027e-12 2.07405e-12 1.11518e-12 6.05256e-13 3.31027e-13 1.82203e-13 1.00828e-13 5.60536e-14 3.12856e-14 1.75219e-14 9.84312e-15 5.54425e-15 3.13028e-15 1.7711e-15 1.00398e-15 5.70086e-16 3.24196e-16 1.84602e-16 1.05223e-16 6.00139e-17 3.42199e-17 1.94649e-17 1.11504e-17
