0.745389 0.0501861 0.0256875 0.0138717 0.00777425 0.00445748 0.00258546 0.00150484 0.000874191 0.00050518 0.000289873 0.000165011 9.31658e-05 5.21795e-05 2.90001e-05 1.60015e-05 8.7703e-06 4.7774e-06 2.58773e-06 1.39448e-06 7.47943e-07 3.99459e-07 2.12515e-07 1.1266e-07 5.95309e-08 3.13625e-08 1.6474e-08 8.62381e-09 4.48791e-09 2.29903e-09 1.19784e-09
0.0501861 0.00580619 0.00302636 0.00161276 0.00086375 0.000460841 0.000244019 0.000128095 6.66759e-05 3.44397e-05 1.76693e-05 9.01293e-06 4.57499e-06 2.31281e-06 1.16525e-06 5.8544e-07 2.93462e-07 1.4683e-07 7.33536e-08 3.6602e-08 1.82461e-08 9.0888e-09 4.52462e-09 2.25133e-09 1.11962e-09 5.5628e-10 2.75656e-10 1.3538e-10 6.43988e-11 2.70679e-11 1.34411e-11
0.0256875 0.00302636 0.00151944 0.000783489 0.000408616 0.000213555 0.000111299 5.77164e-05 2.97591e-05 1.52574e-05 7.78172e-06 3.95058e-06 1.9976e-06 1.00665e-06 5.05838e-07 2.53582e-07 1.26876e-07 6.33805e-08 3.16212e-08 1.57601e-08 7.84856e-09 3.90613e-09 1.94301e-09 9.65992e-10 4.79817e-10 2.37732e-10 1.16807e-10 5.57366e-11 2.38274e-11 1.17281e-11 5.82597e-12
0.0138717 0.00161276 0.000783489 0.000391602 0.000198833 0.000101662 5.20624e-05 2.66245e-05 1.35766e-05 6.89933e-06 3.49382e-06 1.76345e-06 8.87438e-07 4.45444e-07 2.23097e-07 1.1153e-07 5.56716e-08 2.77548e-08 1.38233e-08 6.87935e-09 3.42149e-09 1.70085e-09 8.45078e-10 4.19521e-10 2.07769e-10 1.02096e-10 4.88309e-11 2.11588e-11 1.04371e-11 5.13773e-12 2.55292e-12
0.00777425 0.00086375 0.000408616 0.000198833 9.85217e-05 4.93284e-05 2.48244e-05 1.25146e-05 6.30741e-06 3.17484e-06 1.59521e-06 7.99983e-07 4.00436e-07 2.001e-07 9.98424e-08 4.97545e-08 2.47682e-08 1.23194e-08 6.12339e-09 3.04206e-09 1.51064e-09 7.49838e-10 3.7191e-10 1.84058e-10 9.04278e-11 4.33341e-11 1.90046e-11 9.36708e-12 4.62117e-12 2.27493e-12 1.13064e-12
0.00445748 0.000460841 0.000213555 0.000101662 4.93284e-05 2.42374e-05 1.20006e-05 5.96705e-06 2.97296e-06 1.48213e-06 7.3876e-07 3.68007e-07 1.83176e-07 9.11008e-08 4.52734e-08 2.24839e-08 1.11598e-08 5.5367e-09 2.74599e-09 1.36153e-09 6.74884e-10 3.34314e-10 1.65279e-10 8.11622e-11 3.8955e-11 1.7272e-11 8.50042e-12 4.1902e-12 2.06737e-12 1.01774e-12 5.0588e-13
0.00258546 0.000244019 0.000111299 5.20624e-05 2.48244e-05 1.20006e-05 5.85601e-06 2.87515e-06 1.41701e-06 6.99938e-07 3.46158e-07 1.71295e-07 8.47825e-08 4.19638e-08 2.07689e-08 1.0278e-08 5.08599e-09 2.51664e-09 1.24525e-09 6.16098e-10 3.04687e-10 1.50421e-10 7.38047e-11 3.54644e-11 1.58784e-11 7.80173e-12 3.83998e-12 1.89299e-12 9.33988e-13 4.59779e-13 2.28546e-13
0.00150484 0.000128095 5.77164e-05 2.66245e-05 1.25146e-05 5.96705e-06 2.87515e-06 1.39575e-06 6.81109e-07 3.33557e-07 1.63746e-07 8.0515e-08 3.96339e-08 1.95252e-08 9.62439e-09 4.74623e-09 2.34148e-09 1.1555e-09 5.70342e-10 2.81466e-10 1.38706e-10 6.79751e-11 3.26849e-11 1.47579e-11 7.23898e-12 3.55709e-12 1.75085e-12 8.63114e-13 4.2584e-13 2.09615e-13 1.0419e-13
0.000874191 6.66759e-05 2.97591e-05 1.35766e-05 6.30741e-06 2.97296e-06 1.41701e-06 6.81109e-07 3.29439e-07 1.60079e-07 7.80493e-08 3.815e-08 1.86829e-08 9.16279e-09 4.499e-09 2.21114e-09 1.08757e-09 5.35241e-10 2.6346e-10 1.29544e-10 6.33822e-11 3.04803e-11 1.38595e-11 6.78644e-12 3.32905e-12 1.63586e-12 8.05179e-13 3.96906e-13 1.95807e-13 9.63734e-14 4.78971e-14
0.00050518 3.44397e-05 1.52574e-05 6.89933e-06 3.17484e-06 1.48213e-06 6.99938e-07 3.33557e-07 1.60079e-07 7.72429e-08 3.74284e-08 1.81953e-08 8.86815e-09 4.3311e-09 2.1188e-09 1.03796e-09 5.09022e-10 2.49775e-10 1.22484e-10 5.98039e-11 2.87461e-11 1.31436e-11 6.42409e-12 3.14579e-12 1.54317e-12 7.58273e-13 3.73199e-13 1.83945e-13 9.07341e-14 4.46515e-14 2.21874e-14
0.000289873 1.76693e-05 7.78172e-06 3.49382e-06 1.59521e-06 7.3876e-07 3.46158e-07 1.63746e-07 7.80493e-08 3.74284e-08 1.80357e-08 8.72465e-09 4.23373e-09 2.05973e-09 1.00418e-09 4.90388e-10 2.39745e-10 1.1719e-10 5.70726e-11 2.74029e-11 1.25799e-11 6.13653e-12 2.99944e-12 1.46879e-12 7.20487e-13 3.54002e-13 1.74208e-13 8.58521e-14 4.23404e-14 2.08326e-14 1.03492e-14
0.000165011 9.01293e-06 3.95058e-06 1.76345e-06 7.99983e-07 3.68007e-07 1.71295e-07 8.0515e-08 3.815e-08 1.81953e-08 8.72465e-09 4.20182e-09 2.03091e-09 9.84546e-10 4.78438e-10 2.32896e-10 1.13416e-10 5.50638e-11 2.63911e-11 1.21457e-11 5.91203e-12 2.88401e-12 1.40966e-12 6.90261e-13 3.38566e-13 1.6633e-13 8.18396e-14 4.03239e-14 1.98825e-14 9.78074e-15 4.85744e-15
9.31658e-05 4.57499e-06 1.9976e-06 8.87438e-07 4.00436e-07 1.83176e-07 8.47825e-08 3.96339e-08 1.86829e-08 8.86815e-09 4.23373e-09 2.03091e-09 9.78108e-10 4.72601e-10 2.28909e-10 1.1099e-10 5.36882e-11 2.56672e-11 1.18239e-11 5.74176e-12 2.79493e-12 1.36341e-12 6.66382e-13 3.26276e-13 1.60015e-13 7.85991e-14 3.86658e-14 1.9047e-14 9.38923e-15 4.61777e-15 2.29258e-15
5.21795e-05 2.31281e-06 1.00665e-06 4.45444e-07 2.001e-07 9.11008e-08 4.19638e-08 1.95252e-08 9.16279e-09 4.3311e-09 2.05973e-09 9.84546e-10 4.72601e-10 2.276e-10 1.09803e-10 5.28858e-11 2.52006e-11 1.16022e-11 5.61925e-12 2.72881e-12 1.32829e-12 6.47927e-13 3.16653e-13 1.55021e-13 7.60149e-14 3.73311e-14 1.83604e-14 9.04215e-15 4.45612e-15 2.19106e-15 1.0874e-15
2.90001e-05 1.16525e-06 5.05838e-07 2.23097e-07 9.98424e-08 4.52734e-08 2.07689e-08 9.62439e-09 4.499e-09 2.1188e-09 1.00418e-09 4.78438e-10 2.28909e-10 1.09803e-10 5.26221e-11 2.49719e-11 1.14723e-11 5.53996e-12 2.6832e-12 1.30298e-12 6.34212e-13 3.09335e-13 1.51158e-13 7.39897e-14 3.6274e-14 1.78103e-14 8.75739e-15 4.31167e-15 2.12425e-15 1.04422e-15 5.18039e-16
1.60015e-05 5.8544e-07 2.53582e-07 1.1153e-07 4.97545e-08 2.24839e-08 1.0278e-08 4.74623e-09 2.21114e-09 1.03796e-09 4.90388e-10 2.32896e-10 1.1099e-10 5.28858e-11 2.49719e-11 1.14296e-11 5.50101e-12 2.65646e-12 1.28659e-12 6.24743e-13 3.04058e-13 1.48285e-13 7.24488e-14 3.5456e-14 1.73789e-14 8.53085e-15 4.19352e-15 2.06406e-15 1.0166e-15 4.996e-16 2.47754e-16
8.7703e-06 2.93462e-07 1.26876e-07 5.56716e-08 2.47682e-08 1.11598e-08 5.08599e-09 2.34148e-09 1.08757e-09 5.09022e-10 2.39745e-10 1.13416e-10 5.36882e-11 2.52006e-11 1.14723e-11 5.50101e-12 2.64765e-12 1.27853e-12 6.19189e-13 3.00637e-13 1.463e-13 7.13371e-14 3.48474e-14 1.70505e-14 8.3554e-15 4.1004e-15 2.01506e-15 9.91517e-16 4.88196e-16 2.39855e-16 1.18897e-16
4.7774e-06 1.4683e-07 6.33805e-08 2.77548e-08 1.23194e-08 5.5367e-09 2.51664e-09 1.1555e-09 5.35241e-10 2.49775e-10 1.1719e-10 5.50638e-11 2.56672e-11 1.16022e-11 5.53996e-12 2.65646e-12 1.27853e-12 6.17358e-13 2.98955e-13 1.45135e-13 7.06161e-14 3.44268e-14 1.68137e-14 8.2249e-15 4.0295e-15 1.97693e-15 9.71239e-16 4.77752e-16 2.35157e-16 1.15504e-16 5.72324e-17
2.58773e-06 7.33536e-08 3.16212e-08 1.38233e-08 6.12339e-09 2.74599e-09 1.24525e-09 5.70342e-10 2.6346e-10 1.22484e-10 5.70726e-11 2.63911e-11 1.18239e-11 5.61925e-12 2.6832e-12 1.28659e-12 6.19189e-13 2.98955e-13 1.44751e-13 7.02615e-14 3.418e-14 1.66601e-14 8.13475e-15 3.97838e-15 1.94855e-15 9.55715e-16 4.6939e-16 2.3082e-16 1.13577e-16 5.5771e-17 2.76235e-17
1.39448e-06 3.6602e-08 1.57601e-08 6.87935e-09 3.04206e-09 1.36153e-09 6.16098e-10 2.81466e-10 1.29544e-10 5.98039e-11 2.74029e-11 1.21457e-11 5.74176e-12 2.72881e-12 1.30298e-12 6.24743e-13 3.00637e-13 1.45135e-13 7.02615e-14 3.40986e-14 1.65845e-14 8.08186e-15 3.94525e-15 1.92896e-15 9.44518e-16 4.63128e-16 2.27391e-16 1.11783e-16 5.49862e-17 2.69932e-17 1.33643e-17
7.47943e-07 1.82461e-08 7.84856e-09 3.42149e-09 1.51064e-09 6.74884e-10 3.04687e-10 1.38706e-10 6.33822e-11 2.87461e-11 1.25799e-11 5.91203e-12 2.79493e-12 1.32829e-12 6.34212e-13 3.04058e-13 1.463e-13 7.06161e-14 3.418e-14 1.65845e-14 8.06442e-15 3.92896e-15 1.91748e-15 9.37267e-16 4.58804e-16 2.24901e-16 1.1039e-16 5.42491e-17 2.66768e-17 1.30923e-17 6.47942e-18
3.99459e-07 9.0888e-09 3.90613e-09 1.70085e-09 7.49838e-10 3.34314e-10 1.50421e-10 6.79751e-11 3.04803e-11 1.31436e-11 6.13653e-12 2.88401e-12 1.36341e-12 6.47927e-13 3.09335e-13 1.48285e-13 7.13371e-14 3.44268e-14 1.66601e-14 8.08186e-15 3.92896e-15 1.91369e-15 9.33704e-16 4.56271e-16 2.23286e-16 1.0942e-16 5.36909e-17 2.6377e-17 1.29667e-17 6.36205e-18 3.14735e-18
2.12515e-07 4.52462e-09 1.94301e-09 8.45078e-10 3.7191e-10 1.65279e-10 7.38047e-11 3.26849e-11 1.38595e-11 6.42409e-12 2.99944e-12 1.40966e-12 6.66382e-13 3.16653e-13 1.51158e-13 7.24488e-14 3.48474e-14 1.68137e-14 8.13475e-15 3.94525e-15 1.91748e-15 9.33704e-16 4.55436e-16 2.22494e-16 1.08851e-16 5.33254e-17 2.6158e-17 1.28467e-17 6.31337e-18 3.0968e-18 1.53142e-18
1.1266e-07 2.25133e-09 9.65992e-10 4.19521e-10 1.84058e-10 8.11622e-11 3.54644e-11 1.47579e-11 6.78644e-12 3.14579e-12 1.46879e-12 6.90261e-13 3.26276e-13 1.55021e-13 7.39897e-14 3.5456e-14 1.70505e-14 8.2249e-15 3.97838e-15 1.92896e-15 9.37267e-16 4.56271e-16 2.22494e-16 1.08663e-16 5.31455e-17 2.60279e-17 1.27637e-17 6.26653e-18 3.07866e-18 1.50974e-18 7.46304e-19
5.95309e-08 1.11962e-09 4.79817e-10 2.07769e-10 9.04278e-11 3.8955e-11 1.58784e-11 7.23898e-12 3.32905e-12 1.54317e-12 7.20487e-13 3.38566e-13 1.60015e-13 7.60149e-14 3.6274e-14 1.73789e-14 8.3554e-15 4.0295e-15 1.94855e-15 9.44518e-16 4.58804e-16 2.23286e-16 1.08851e-16 5.31455e-17 2.59849e-17 1.27222e-17 6.23682e-18 3.06112e-18 1.50342e-18 7.3707e-19 3.64218e-19
3.13625e-08 5.5628e-10 2.37732e-10 1.02096e-10 4.33341e-11 1.7272e-11 7.80173e-12 3.55709e-12 1.63586e-12 7.58273e-13 3.54002e-13 1.6633e-13 7.85991e-14 3.73311e-14 1.78103e-14 8.53085e-15 4.1004e-15 1.97693e-15 9.55715e-16 4.63128e-16 2.24901e-16 1.0942e-16 5.33254e-17 2.60279e-17 1.27222e-17 6.22684e-18 3.05166e-18 1.49733e-18 7.35168e-19 3.60332e-19 1.7799e-19
1.6474e-08 2.75656e-10 1.16807e-10 4.88309e-11 1.90046e-11 8.50042e-12 3.83998e-12 1.75085e-12 8.05179e-13 3.73199e-13 1.74208e-13 8.18396e-14 3.86658e-14 1.83604e-14 8.75739e-15 4.19352e-15 2.01506e-15 9.71239e-16 4.6939e-16 2.27391e-16 1.1039e-16 5.36909e-17 2.6158e-17 1.27637e-17 6.23682e-18 3.05166e-18 1.4951e-18 7.33358e-19 3.59959e-19 1.76384e-19 8.70949e-20
8.62381e-09 1.3538e-10 5.57366e-11 2.11588e-11 9.36708e-12 4.1902e-12 1.89299e-12 8.63114e-13 3.96906e-13 1.83945e-13 8.58521e-14 4.03239e-14 1.9047e-14 9.04215e-15 4.31167e-15 2.06406e-15 9.91517e-16 4.77752e-16 2.3082e-16 1.11783e-16 5.42491e-17 2.6377e-17 1.28467e-17 6.26653e-18 3.06112e-18 1.49733e-18 7.33358e-19 3.59607e-19 1.76455e-19 8.64429e-20 4.26685e-20
4.48791e-09 6.43988e-11 2.38274e-11 1.04371e-11 4.62117e-12 2.06737e-12 9.33988e-13 4.2584e-13 1.95807e-13 9.07341e-14 4.23404e-14 1.98825e-14 9.38923e-15 4.45612e-15 2.12425e-15 1.0166e-15 4.88196e-16 2.35157e-16 1.13577e-16 5.49862e-17 2.66768e-17 1.29667e-17 6.31337e-18 3.07866e-18 1.50342e-18 7.35168e-19 3.59959e-19 1.76455e-19 8.65592e-20 4.23937e-20 2.09184e-20
2.29903e-09 2.70679e-11 1.17281e-11 5.13773e-12 2.27493e-12 1.01774e-12 4.59779e-13 2.09615e-13 9.63734e-14 4.46515e-14 2.08326e-14 9.78074e-15 4.61777e-15 2.19106e-15 1.04422e-15 4.996e-16 2.39855e-16 1.15504e-16 5.5771e-17 2.69932e-17 1.30923e-17 6.36205e-18 3.0968e-18 1.50974e-18 7.3707e-19 3.60332e-19 1.76384e-19 8.64429e-20 4.23937e-20 2.07587e-20 1.024e-20
1.19784e-09 1.34411e-11 5.82597e-12 2.55292e-12 1.13064e-12 5.0588e-13 2.28546e-13 1.0419e-13 4.78971e-14 2.21874e-14 1.03492e-14 4.85744e-15 2.29258e-15 1.0874e-15 5.18039e-16 2.47754e-16 1.18897e-16 5.72324e-17 2.76235e-17 1.33643e-17 6.47942e-18 3.14735e-18 1.53142e-18 7.46304e-19 3.64218e-19 1.7799e-19 8.70949e-20 4.26685e-20 2.09184e-20 1.024e-20 5.04922e-21
