0.386359 0.0902821 0.0403172 0.0194129 0.00903696 0.0039648 0.00164861 0.000657235 0.000253809 9.56981e-05 3.54326e-05 1.2936e-05 4.67082e-06 1.6716e-06 5.93909e-07 2.09745e-07 7.36985e-08 2.57835e-08 8.98663e-09 3.12199e-09 1.08147e-09 3.73667e-10 1.28814e-10 4.43144e-11 1.52166e-11 5.21619e-12 1.78531e-12 6.10121e-13 2.08078e-13 7.04224e-14 2.39823e-14
0.0902821 0.027139 0.0122425 0.00460439 0.00159178 0.000528729 0.000172401 5.57746e-05 1.79976e-05 5.80718e-06 1.87577e-06 6.06797e-07 1.96607e-07 6.38005e-08 2.07331e-08 6.74624e-09 2.19765e-09 7.16636e-10 2.33903e-10 7.64059e-11 2.49766e-11 8.17003e-12 2.67404e-12 8.75674e-13 2.86896e-13 9.40352e-14 3.08316e-14 1.01063e-14 3.29774e-15 1.03528e-15 3.40011e-16
0.0403172 0.0122425 0.00388192 0.00125246 0.00040145 0.000127933 4.06991e-05 1.29627e-05 4.13947e-06 1.32603e-06 4.26099e-07 1.37313e-07 4.43624e-08 1.43641e-08 4.65983e-09 1.51419e-09 4.92728e-10 1.60537e-10 5.23612e-11 1.70945e-11 5.58554e-12 1.8264e-12 5.97599e-13 1.9565e-13 6.40878e-14 2.10018e-14 6.88288e-15 2.25026e-15 7.20368e-16 2.35252e-16 7.72667e-17
0.0194129 0.00460439 0.00125246 0.000366629 0.00011087 3.40983e-05 1.06048e-05 3.32689e-06 1.05122e-06 3.34155e-07 1.06752e-07 3.42457e-08 1.10239e-08 3.55889e-09 1.15171e-09 3.73467e-10 1.21315e-10 3.94654e-11 1.28551e-11 4.19193e-12 1.36828e-12 4.46997e-13 1.46137e-13 4.78087e-14 1.56495e-14 5.12437e-15 1.67617e-15 5.42294e-16 1.77461e-16 5.7942e-17 1.90238e-17
0.00903696 0.00159178 0.00040145 0.00011087 3.22279e-05 9.65569e-06 2.9504e-06 9.1422e-07 2.86278e-07 9.03804e-08 2.87188e-08 9.17288e-09 2.94216e-09 9.46933e-10 3.05636e-10 9.88831e-11 3.20559e-11 1.04096e-11 3.3853e-12 1.10233e-12 3.59337e-13 1.1725e-13 3.82908e-14 1.25141e-14 4.09213e-15 1.33786e-15 4.35111e-16 1.42341e-16 4.65607e-17 1.51957e-17 4.9861e-18
0.0039648 0.000528729 0.000127933 3.40983e-05 9.65569e-06 2.84016e-06 8.56623e-07 2.6293e-07 8.17442e-08 2.56617e-08 8.11663e-09 2.58252e-09 8.25611e-10 2.64964e-10 8.53062e-11 2.75376e-11 8.90923e-12 2.88788e-12 9.37618e-13 3.04848e-13 9.92372e-14 3.23394e-14 1.05487e-14 3.44356e-15 1.12451e-15 3.66427e-16 1.19769e-16 3.91579e-17 1.28013e-17 4.17556e-18 1.36912e-18
0.00164861 0.000172401 4.06991e-05 1.06048e-05 2.9504e-06 8.56623e-07 2.55902e-07 7.79784e-08 2.41055e-08 7.53232e-09 2.37318e-09 7.52571e-10 2.3989e-10 7.67893e-11 2.46655e-11 7.94562e-12 2.56578e-12 8.30244e-13 2.6913e-13 8.73742e-14 2.84044e-14 9.24475e-15 3.01192e-15 9.81982e-16 3.19989e-16 1.04463e-16 3.41198e-17 1.11476e-17 3.64192e-18 1.18722e-18 3.88987e-19
0.000657235 5.57746e-05 1.29627e-05 3.32689e-06 9.1422e-07 2.6293e-07 7.79784e-08 2.36267e-08 7.27005e-09 2.26292e-09 7.10603e-10 2.24687e-10 7.1436e-11 2.28137e-11 7.31255e-12 2.35111e-12 7.5788e-13 2.44841e-13 7.92485e-14 2.56928e-14 8.34168e-15 2.71167e-15 8.82395e-16 2.87239e-16 9.36305e-17 3.05417e-17 9.96789e-18 3.25437e-18 1.06248e-18 3.46148e-19 1.1333e-19
0.000253809 1.79976e-05 4.13947e-06 1.05122e-06 2.86278e-07 8.17442e-08 2.41055e-08 7.27005e-09 2.22842e-09 6.91342e-10 2.16466e-10 6.82686e-11 2.16547e-11 6.90106e-12 2.20778e-12 7.08588e-13 2.28043e-13 7.3561e-14 2.37766e-14 7.69851e-15 2.49644e-15 8.10584e-16 2.63426e-16 8.57179e-17 2.7917e-17 9.09895e-18 2.96737e-18 9.68113e-19 3.15856e-19 1.02844e-19 3.36479e-20
9.56981e-05 5.80718e-06 1.32603e-06 3.34155e-07 9.03804e-08 2.56617e-08 7.53232e-09 2.26292e-09 6.91342e-10 2.13861e-10 6.67903e-11 2.10155e-11 6.6521e-12 2.11587e-12 6.75715e-13 2.1652e-13 6.95774e-14 2.24128e-14 7.23495e-15 2.33974e-15 7.57849e-16 2.45782e-16 7.98181e-17 2.59492e-17 8.44415e-18 2.75002e-18 8.96179e-19 2.9218e-19 9.52651e-20 3.10012e-20 1.01361e-20
3.54326e-05 1.87577e-06 4.26099e-07 1.06752e-07 2.87188e-08 8.11663e-09 2.37318e-09 7.10603e-10 2.16466e-10 6.67903e-11 2.08109e-11 6.53441e-12 2.06441e-12 6.55485e-13 2.08994e-13 6.6868e-14 2.14578e-14 6.90322e-15 2.2257e-15 7.18961e-16 2.32616e-16 7.53759e-17 2.44562e-17 7.94399e-18 2.58298e-18 8.40568e-19 2.73732e-19 8.91853e-20 2.9061e-20 9.45201e-21 3.08848e-21
1.2936e-05 6.06797e-07 1.37313e-07 3.42457e-08 9.17288e-09 2.58252e-09 7.52571e-10 2.24687e-10 6.82686e-11 2.10155e-11 6.53441e-12 2.04782e-12 6.4583e-13 2.04731e-13 6.51788e-14 2.08252e-14 6.67414e-15 2.14457e-15 6.90661e-16 2.22861e-16 7.20388e-17 2.33218e-17 7.56036e-18 2.45381e-18 7.97243e-19 2.59257e-19 8.43706e-20 2.74716e-20 8.94637e-21 2.90832e-21 9.49741e-22
4.67082e-06 1.96607e-07 4.43624e-08 1.10239e-08 2.94216e-09 8.25611e-10 2.3989e-10 7.1436e-11 2.16547e-11 6.6521e-12 2.06441e-12 6.4583e-13 2.0335e-13 6.43666e-14 2.04636e-14 6.52987e-15 2.09021e-15 6.70883e-16 2.15829e-16 6.9577e-17 2.24698e-17 7.26806e-18 2.35421e-18 7.63501e-19 2.47883e-19 8.05546e-20 2.61982e-20 8.52521e-21 2.77476e-21 9.01596e-22 2.94261e-22
1.6716e-06 6.38005e-08 1.43641e-08 3.55889e-09 9.46933e-10 2.64964e-10 7.67893e-11 2.28137e-11 6.90106e-12 2.11587e-12 6.55485e-13 2.04731e-13 6.43666e-14 2.03459e-14 6.4601e-15 2.05893e-15 6.58327e-16 2.11076e-16 6.78397e-17 2.18494e-17 7.05014e-18 2.27858e-18 7.3749e-19 2.39004e-19 7.75432e-20 2.5183e-20 8.18512e-21 2.66201e-21 8.65963e-22 2.81248e-22 9.17442e-23
5.93909e-07 2.07331e-08 4.65983e-09 1.15171e-09 3.05636e-10 8.53062e-11 2.46655e-11 7.31255e-12 2.20778e-12 6.75715e-13 2.08994e-13 6.51788e-14 2.04636e-14 6.4601e-15 2.04872e-15 6.52227e-16 2.08325e-16 6.67296e-17 2.14272e-17 6.89518e-18 2.22305e-18 7.17928e-19 2.32198e-19 7.51984e-20 2.43818e-20 7.91338e-21 2.57057e-21 8.35561e-22 2.71674e-22 8.8196e-23 2.87554e-23
2.09745e-07 6.74624e-09 1.51419e-09 3.73467e-10 9.88831e-11 2.75376e-11 7.94562e-12 2.35111e-12 7.08588e-13 2.1652e-13 6.6868e-14 2.08252e-14 6.52987e-15 2.05893e-15 6.52227e-16 2.07424e-16 6.61883e-17 2.11816e-17 6.79564e-18 2.18503e-18 7.03927e-19 2.27166e-19 7.34214e-20 2.37624e-20 7.6998e-21 2.4976e-21 8.1087e-22 2.63436e-22 8.56123e-23 2.77816e-23 9.05358e-24
7.36985e-08 2.19765e-09 4.92728e-10 1.21315e-10 3.20559e-11 8.90923e-12 2.56578e-12 7.5788e-13 2.28043e-13 6.95774e-14 2.14578e-14 6.67414e-15 2.09021e-15 6.58327e-16 2.08325e-16 6.61883e-17 2.11011e-17 6.74695e-18 2.16284e-18 6.94894e-19 2.23704e-19 7.21426e-20 2.33017e-20 7.53681e-21 2.44075e-21 7.91273e-22 2.56759e-22 8.33751e-23 2.7083e-23 8.78511e-24 2.86162e-24
2.57835e-08 7.16636e-10 1.60537e-10 3.94654e-11 1.04096e-11 2.88788e-12 8.30244e-13 2.44841e-13 7.3561e-14 2.24128e-14 6.90322e-15 2.14457e-15 6.70883e-16 2.11076e-16 6.67296e-17 2.11816e-17 6.74695e-18 2.15555e-18 6.90465e-19 2.21677e-19 7.13144e-20 2.29833e-20 7.41893e-21 2.39821e-21 7.76211e-22 2.51509e-22 8.15713e-23 2.64754e-23 8.59632e-24 2.7874e-24 9.07557e-25
8.98663e-09 2.33903e-10 5.23612e-11 1.28551e-11 3.3853e-12 9.37618e-13 2.6913e-13 7.92485e-14 2.37766e-14 7.23495e-15 2.2257e-15 6.90661e-16 2.15829e-16 6.78397e-17 2.14272e-17 6.79564e-18 2.16284e-18 6.90465e-19 2.2101e-19 7.09075e-20 2.27964e-20 7.34233e-21 2.36868e-21 7.65263e-22 2.47557e-22 8.01733e-23 2.599e-23 8.43172e-24 2.73655e-24 8.8702e-25 2.88687e-25
3.12199e-09 7.64059e-11 1.70945e-11 4.19193e-12 1.10233e-12 3.04848e-13 8.73742e-14 2.56928e-14 7.69851e-15 2.33974e-15 7.18961e-16 2.22861e-16 6.9577e-17 2.18494e-17 6.89518e-18 2.18503e-18 6.94894e-19 2.21677e-19 7.09075e-20 2.27348e-20 7.30461e-21 2.35131e-21 7.58126e-22 2.44802e-22 7.91514e-23 2.56216e-23 8.30202e-24 2.6922e-24 8.73412e-25 2.83009e-25 9.20703e-26
1.08147e-09 2.49766e-11 5.58554e-12 1.36828e-12 3.59337e-13 9.92372e-14 2.84044e-14 8.34168e-15 2.49644e-15 7.57849e-16 2.32616e-16 7.20388e-17 2.24698e-17 7.05014e-18 2.22305e-18 7.03927e-19 2.23704e-19 7.13144e-20 2.27964e-20 7.30461e-21 2.34557e-21 7.54604e-22 2.43176e-22 7.84827e-23 2.53635e-23 8.20647e-24 2.65794e-24 8.61567e-25 2.79405e-25 9.05047e-26 2.94323e-26
3.73667e-10 8.17003e-12 1.8264e-12 4.46997e-13 1.1725e-13 3.23394e-14 9.24475e-15 2.71167e-15 8.10584e-16 2.45782e-16 7.53759e-17 2.33218e-17 7.26806e-18 2.27858e-18 7.17928e-19 2.27166e-19 7.21426e-20 2.29833e-20 7.34233e-21 2.35131e-21 7.54604e-22 2.42638e-22 7.81521e-23 2.52107e-23 8.14365e-24 2.63376e-24 8.52677e-25 2.76284e-25 8.95655e-26 2.90028e-26 9.42831e-27
1.28814e-10 2.67404e-12 5.97599e-13 1.46137e-13 3.82908e-14 1.05487e-14 3.01192e-15 8.82395e-16 2.63426e-16 7.98181e-17 2.44562e-17 7.56036e-18 2.35421e-18 7.3749e-19 2.32198e-19 7.34214e-20 2.33017e-20 7.41893e-21 2.36868e-21 7.58126e-22 2.43176e-22 7.81521e-23 2.51601e-23 8.11251e-24 2.61939e-24 8.46787e-25 2.74036e-25 8.87597e-26 2.87638e-26 9.31135e-27 3.02589e-27
4.43144e-11 8.75674e-13 1.9565e-13 4.78087e-14 1.25141e-14 3.44356e-15 9.81982e-16 2.87239e-16 8.57179e-17 2.59492e-17 7.94399e-18 2.45381e-18 7.63501e-19 2.39004e-19 7.51984e-20 2.37624e-20 7.53681e-21 2.39821e-21 7.65263e-22 2.44802e-22 7.84827e-23 2.52107e-23 8.11251e-24 2.61462e-24 8.43857e-25 2.7269e-25 8.82138e-26 2.85618e-26 9.2527e-27 2.99439e-27 9.72752e-28
1.52166e-11 2.86896e-13 6.40878e-14 1.56495e-14 4.09213e-15 1.12451e-15 3.19989e-16 9.36305e-17 2.7917e-17 8.44415e-18 2.58298e-18 7.97243e-19 2.47883e-19 7.75432e-20 2.43818e-20 7.6998e-21 2.44075e-21 7.76211e-22 2.47557e-22 7.91514e-23 2.53635e-23 8.14365e-24 2.61939e-24 8.43857e-25 2.72242e-25 8.79403e-26 2.84378e-26 9.20437e-27 2.98081e-27 9.64388e-28 3.13187e-28
5.21619e-12 9.40352e-14 2.10018e-14 5.12437e-15 1.33786e-15 3.66427e-16 1.04463e-16 3.05417e-17 9.09895e-18 2.75002e-18 8.40568e-19 2.59257e-19 8.05546e-20 2.5183e-20 7.91338e-21 2.4976e-21 7.91273e-22 2.51509e-22 8.01733e-23 2.56216e-23 8.20647e-24 2.63376e-24 8.46787e-25 2.7269e-25 8.79403e-26 2.83963e-26 9.17944e-27 2.97009e-27 9.61552e-28 3.11009e-28 1.0097e-28
1.78531e-12 3.08316e-14 6.88288e-15 1.67617e-15 4.35111e-16 1.19769e-16 3.41198e-17 9.96789e-18 2.96737e-18 8.96179e-19 2.73732e-19 8.43706e-20 2.61982e-20 8.18512e-21 2.57057e-21 8.1087e-22 2.56759e-22 8.15713e-23 2.599e-23 8.30202e-24 2.65794e-24 8.52677e-25 2.74036e-25 8.82138e-26 2.84378e-26 9.17944e-27 2.96637e-27 9.59488e-28 3.10537e-28 1.00416e-28 3.25903e-29
6.10121e-13 1.01063e-14 2.25026e-15 5.42294e-16 1.42341e-16 3.91579e-17 1.11476e-17 3.25437e-18 9.68113e-19 2.9218e-19 8.91853e-20 2.74716e-20 8.52521e-21 2.66201e-21 8.35561e-22 2.63436e-22 8.33751e-23 2.64754e-23 8.43172e-24 2.6922e-24 8.61567e-25 2.76284e-25 8.87597e-26 2.85618e-26 9.20437e-27 2.97009e-27 9.59488e-28 3.10257e-28 1.00385e-28 3.24528e-29 1.05297e-29
2.08078e-13 3.29774e-15 7.20368e-16 1.77461e-16 4.65607e-17 1.28013e-17 3.64192e-18 1.06248e-18 3.15856e-19 9.52651e-20 2.9061e-20 8.94637e-21 2.77476e-21 8.65963e-22 2.71674e-22 8.56123e-23 2.7083e-23 8.59632e-24 2.73655e-24 8.73412e-25 2.79405e-25 8.95655e-26 2.87638e-26 9.2527e-27 2.98081e-27 9.61552e-28 3.10537e-28 1.00385e-28 3.24715e-29 1.0495e-29 3.40432e-30
7.04224e-14 1.03528e-15 2.35252e-16 5.7942e-17 1.51957e-17 4.17556e-18 1.18722e-18 3.46148e-19 1.02844e-19 3.10012e-20 9.45201e-21 2.90832e-21 9.01596e-22 2.81248e-22 8.8196e-23 2.77816e-23 8.78511e-24 2.7874e-24 8.8702e-25 2.83009e-25 9.05047e-26 2.90028e-26 9.31135e-27 2.99439e-27 9.64388e-28 3.11009e-28 1.00416e-28 3.24528e-29 1.0495e-29 3.39139e-30 1.09983e-30
2.39823e-14 3.40011e-16 7.72667e-17 1.90238e-17 4.9861e-18 1.36912e-18 3.88987e-19 1.1333e-19 3.36479e-20 1.01361e-20 3.08848e-21 9.49741e-22 2.94261e-22 9.17442e-23 2.87554e-23 9.05358e-24 2.86162e-24 9.07557e-25 2.88687e-25 9.20703e-26 2.94323e-26 9.42831e-27 3.02589e-27 9.72752e-28 3.13187e-28 1.0097e-28 3.25903e-29 1.05297e-29 3.40432e-30 1.09983e-30 3.56578e-31
