0.670487 0.00869307 0.007323 0.00616886 0.00519662 0.00437761 0.00368768 0.00310649 0.00261689 0.00220446 0.00185702 0.00156435 0.0013178 0.00111011 0.000935152 0.000787768 0.000663612 0.000559024 0.000470919 0.0003967 0.000334179 0.000281511 0.000237143 0.000199768 0.000168284 0.000141762 0.000119419 0.000100598 8.47437e-05 7.13877e-05 6.01367e-05 5.06589e-05 4.26748e-05 3.59491e-05 3.02833e-05 2.55105e-05 2.149e-05 1.81031e-05 1.52499e-05 1.28465e-05 1.08218e-05 9.11625e-06 7.67949e-06 6.46917e-06 5.4496e-06 4.59072e-06 3.8672e-06 3.25771e-06 2.74428e-06 2.31177e-06 1.94743e-06 1.6405e-06 1.38195e-06 1.16415e-06 9.80676e-07 8.26117e-07 6.95917e-07 5.86238e-07 4.93844e-07 4.16012e-07 3.50447e-07 2.95215e-07 2.48688e-07 2.09493e-07 1.76476e-07 1.48663e-07 1.25233e-07 1.05496e-07 8.8869e-08 7.48629e-08 6.30642e-08 5.3125e-08 4.47522e-08 3.76991e-08 3.17576e-08 2.67524e-08 2.25361e-08 1.89843e-08 1.59923e-08 1.34719e-08 1.13486e-08 9.56004e-09 8.05333e-09 6.78409e-09 5.71489e-09 4.8142e-09 4.05546e-09 3.4163e-09 2.87788e-09 2.42431e-09 2.04223e-09 1.72036e-09 1.44923e-09 1.22082e-09 1.02842e-09 8.66333e-10 7.29795e-10 6.14776e-10 5.17885e-10 4.36264e-10 3.67507e-10
0.00869307 0.00224618 0.00197656 0.00173612 0.00152238 0.00133289 0.00116531 0.00101745 0.00088725 0.000772817 0.000672416 0.000584466 0.000507536 0.000440338 0.000381714 0.000330632 0.00028617 0.000247509 0.000213927 0.000184782 0.000159511 0.000137615 0.000118659 0.000102259 8.8082e-05 7.58334e-05 6.52578e-05 5.6132e-05 4.82619e-05 4.14782e-05 3.5634e-05 3.06016e-05 2.62704e-05 2.25443e-05 1.93402e-05 1.6586e-05 1.42196e-05 1.21872e-05 1.04421e-05 8.94443e-06 7.65944e-06 6.55733e-06 5.61235e-06 4.80236e-06 4.10829e-06 3.5137e-06 3.00449e-06 2.5685e-06 2.19532e-06 1.87596e-06 1.60274e-06 1.36905e-06 1.1692e-06 9.98346e-07 8.52303e-07 7.27495e-07 6.20858e-07 5.29763e-07 4.5196e-07 3.85523e-07 3.28801e-07 2.80382e-07 2.39058e-07 2.03796e-07 1.7371e-07 1.48046e-07 1.26156e-07 1.07489e-07 9.15722e-08 7.80026e-08 6.64358e-08 5.65773e-08 4.81762e-08 4.10178e-08 3.49191e-08 2.9724e-08 2.5299e-08 2.15306e-08 1.83215e-08 1.55892e-08 1.3263e-08 1.12829e-08 9.59745e-09 8.16302e-09 6.94235e-09 5.90368e-09 5.01996e-09 4.26816e-09 3.62864e-09 3.08468e-09 2.62206e-09 2.22863e-09 1.89409e-09 1.60964e-09 1.3678e-09 1.16221e-09 9.87454e-10 8.38911e-10 7.12662e-10 6.0537e-10 5.14196e-10
0.007323 0.00197656 0.00175793 0.00155994 0.00138138 0.00122094 0.00107725 0.000948932 0.000834654 0.000733119 0.000643104 0.00056346 0.000493121 0.000431105 0.000376512 0.000328524 0.000286398 0.000249465 0.000217122 0.00018883 0.000164107 0.000142524 0.000123699 0.000107294 9.30104e-05 8.05826e-05 6.97777e-05 6.03903e-05 5.224e-05 4.51682e-05 3.90358e-05 3.37212e-05 2.91179e-05 2.51327e-05 2.16845e-05 1.87023e-05 1.61243e-05 1.38968e-05 1.19729e-05 1.0312e-05 8.87865e-06 7.64217e-06 6.57592e-06 5.6568e-06 4.86478e-06 4.18251e-06 3.59497e-06 3.08917e-06 2.65388e-06 2.27936e-06 1.95724e-06 1.68025e-06 1.44214e-06 1.2375e-06 1.06167e-06 9.10642e-07 7.80938e-07 6.69576e-07 5.73983e-07 4.91946e-07 4.21557e-07 3.61175e-07 3.09388e-07 2.64981e-07 2.2691e-07 1.94277e-07 1.66311e-07 1.42348e-07 1.21819e-07 1.04236e-07 8.9177e-08 7.62829e-08 6.5244e-08 5.57948e-08 4.77077e-08 4.07874e-08 3.48664e-08 2.98011e-08 2.54686e-08 2.17632e-08 1.85947e-08 1.58857e-08 1.35697e-08 1.15901e-08 9.89813e-09 8.45226e-09 7.21682e-09 6.1613e-09 5.25962e-09 4.48944e-09 3.83165e-09 3.26991e-09 2.79026e-09 2.38074e-09 2.03113e-09 1.7327e-09 1.47799e-09 1.2606e-09 1.0751e-09 9.16808e-10 7.81758e-10
0.00616886 0.00173612 0.00155994 0.00139775 0.00124929 0.00111405 0.000991375 0.000880517 0.000780672 0.000691017 0.00061073 0.000539009 0.000475083 0.000418222 0.00036774 0.000323 0.000283413 0.000248437 0.000217578 0.000190387 0.000166458 0.000145423 0.000126951 0.000110748 9.6547e-05 8.4113e-05 7.32352e-05 6.37265e-05 5.54211e-05 4.81719e-05 4.18491e-05 3.63381e-05 3.15375e-05 2.73585e-05 2.37226e-05 2.0561e-05 1.78134e-05 1.54267e-05 1.33547e-05 1.15566e-05 9.99692e-06 8.64472e-06 7.47287e-06 6.45773e-06 5.5787e-06 4.81783e-06 4.15947e-06 3.59002e-06 3.09764e-06 2.67206e-06 2.30432e-06 1.98667e-06 1.71236e-06 1.47557e-06 1.2712e-06 1.09489e-06 9.42806e-07 8.11667e-07 6.98614e-07 6.01178e-07 5.17223e-07 4.44901e-07 3.82614e-07 3.28984e-07 2.82816e-07 2.43082e-07 2.08891e-07 1.79478e-07 1.54178e-07 1.32423e-07 1.13718e-07 9.76384e-08 8.38192e-08 7.19444e-08 6.17423e-08 5.29789e-08 4.54524e-08 3.89894e-08 3.34406e-08 2.86774e-08 2.45893e-08 2.1081e-08 1.80709e-08 1.54885e-08 1.32734e-08 1.13737e-08 9.74461e-09 8.34785e-09 7.15043e-09 6.12404e-09 5.24436e-09 4.49053e-09 3.84462e-09 3.29124e-09 2.81721e-09 2.41119e-09 2.06346e-09 1.7657e-09 1.51075e-09 1.29248e-09 1.10563e-09
0.00519662 0.00152238 0.00138138 0.00124929 0.00112647 0.001013 0.000908727 0.000813364 0.000726515 0.000647712 0.000576447 0.00051219 0.00045441 0.000402579 0.00035619 0.000314757 0.00027782 0.000244949 0.000215744 0.000189836 0.000166883 0.000146577 0.000128635 0.000112798 9.88367e-05 8.65405e-05 7.57217e-05 6.62115e-05 5.78591e-05 5.05295e-05 4.41027e-05 3.84718e-05 3.35416e-05 2.92281e-05 2.54566e-05 2.21611e-05 1.92832e-05 1.67715e-05 1.45806e-05 1.26706e-05 1.10063e-05 9.55683e-06 8.2951e-06 7.19728e-06 6.24252e-06 5.41252e-06 4.69129e-06 4.06483e-06 3.5209e-06 3.0488e-06 2.63921e-06 2.28397e-06 1.97598e-06 1.70904e-06 1.47776e-06 1.27744e-06 1.10399e-06 9.5385e-07 8.23924e-07 7.11523e-07 6.14312e-07 5.30259e-07 4.57604e-07 3.94817e-07 3.40572e-07 2.93718e-07 2.53257e-07 2.18326e-07 1.88175e-07 1.62157e-07 1.3971e-07 1.20348e-07 1.0365e-07 8.92528e-08 7.6842e-08 6.61456e-08 5.69285e-08 4.89877e-08 4.21476e-08 3.62568e-08 3.11844e-08 2.68176e-08 2.30587e-08 1.98238e-08 1.70402e-08 1.46453e-08 1.25853e-08 1.08135e-08 9.28987e-09 7.97986e-09 6.85367e-09 5.88565e-09 5.0537e-09 4.33881e-09 3.72458e-09 3.19691e-09 2.74367e-09 2.35441e-09 2.02014e-09 1.73312e-09 1.48672e-09
0.00437761 0.00133289 0.00122094 0.00111405 0.001013 0.000918247 0.000830012 0.000748334 0.000673113 0.000604152 0.000541183 0.000483888 0.000431924 0.00038493 0.000342542 0.000304399 0.000270153 0.000239467 0.000212022 0.000187519 0.000165677 0.000146236 0.000128957 0.000113619 0.000100021 8.79809e-05 7.73305e-05 6.79198e-05 5.96126e-05 5.22863e-05 4.58309e-05 4.01476e-05 3.51482e-05 3.07538e-05 2.68939e-05 2.3506e-05 2.05344e-05 1.79295e-05 1.56476e-05 1.36498e-05 1.19018e-05 1.03731e-05 9.03694e-06 7.8697e-06 6.85052e-06 5.96105e-06 5.18513e-06 4.50858e-06 3.91893e-06 3.40523e-06 2.95788e-06 2.56847e-06 2.22962e-06 1.93487e-06 1.67859e-06 1.45583e-06 1.26227e-06 1.09414e-06 9.48146e-07 8.21414e-07 7.11437e-07 6.16029e-07 5.33283e-07 4.61539e-07 3.99353e-07 3.45465e-07 2.98781e-07 2.58348e-07 2.23338e-07 1.93031e-07 1.66802e-07 1.44107e-07 1.24475e-07 1.07497e-07 9.2816e-08 8.0125e-08 6.91564e-08 5.96784e-08 5.14902e-08 4.44176e-08 3.83098e-08 3.30363e-08 2.8484e-08 2.45549e-08 2.11644e-08 1.82391e-08 1.57157e-08 1.35393e-08 1.16626e-08 1.00445e-08 8.64968e-09 7.44745e-09 6.41141e-09 5.51873e-09 4.74969e-09 4.08726e-09 3.51676e-09 3.02548e-09 2.6025e-09 2.23837e-09 1.92494e-09
0.00368768 0.00116531 0.00107725 0.000991375 0.000908727 0.000830012 0.000755694 0.000686042 0.00062117 0.000561078 0.000505679 0.000454821 0.000408305 0.000365904 0.00032737 0.000292447 0.000260875 0.0002324 0.000206771 0.000183748 0.000163105 0.000144626 0.000128111 0.000113373 0.000100238 8.85471e-05 7.81547e-05 6.89271e-05 6.07425e-05 5.34908e-05 4.70717e-05 4.13951e-05 3.63795e-05 3.19517e-05 2.8046e-05 2.46035e-05 2.15715e-05 1.8903e-05 1.6556e-05 1.44931e-05 1.26811e-05 1.10904e-05 9.69483e-06 8.47112e-06 7.39869e-06 6.45935e-06 5.63698e-06 4.91738e-06 4.288e-06 3.73779e-06 3.25701e-06 2.83706e-06 2.47042e-06 2.15044e-06 1.87129e-06 1.62787e-06 1.41567e-06 1.23076e-06 1.06969e-06 9.29425e-07 8.07328e-07 7.01078e-07 6.08647e-07 5.28263e-07 4.58377e-07 3.97637e-07 3.4486e-07 2.99016e-07 2.59205e-07 2.24642e-07 1.94644e-07 1.68614e-07 1.46033e-07 1.26449e-07 1.09468e-07 9.47485e-08 8.19914e-08 7.09378e-08 6.13625e-08 5.30695e-08 4.58886e-08 3.9672e-08 3.42914e-08 2.96353e-08 2.56068e-08 2.21222e-08 1.91085e-08 1.65026e-08 1.42498e-08 1.23025e-08 1.06196e-08 9.16548e-09 7.90926e-09 6.82419e-09 5.88709e-09 5.07793e-09 4.37935e-09 3.77634e-09 3.2559e-09 2.8068e-09 2.41931e-09
0.00310649 0.00101745 0.000948932 0.000880517 0.000813364 0.000748334 0.000686042 0.000626909 0.000571199 0.000519054 0.000470519 0.000425565 0.000384109 0.000346025 0.00031116 0.000279342 0.000250386 0.000224104 0.000200305 0.000178801 0.00015941 0.000141958 0.000126278 0.000112212 9.96149e-05 8.83481e-05 7.82851e-05 6.93085e-05 6.13108e-05 5.41932e-05 4.78656e-05 4.22462e-05 3.72606e-05 3.28412e-05 2.89274e-05 2.54641e-05 2.24021e-05 1.96968e-05 1.73085e-05 1.52016e-05 1.33442e-05 1.17078e-05 1.02671e-05 8.99932e-06 7.88448e-06 6.90466e-06 6.04397e-06 5.28834e-06 4.62528e-06 4.04374e-06 3.53395e-06 3.08725e-06 2.69603e-06 2.35354e-06 2.05384e-06 1.79169e-06 1.56248e-06 1.36216e-06 1.18714e-06 1.03428e-06 9.00838e-07 7.84379e-07 6.82778e-07 5.94169e-07 5.16917e-07 4.49587e-07 3.90923e-07 3.39826e-07 2.95333e-07 2.56601e-07 2.22894e-07 1.93569e-07 1.68062e-07 1.45883e-07 1.26602e-07 1.09845e-07 9.52858e-08 8.26384e-08 7.16546e-08 6.2118e-08 5.38397e-08 4.66554e-08 4.04218e-08 3.50144e-08 3.03247e-08 2.62582e-08 2.27328e-08 1.96773e-08 1.70294e-08 1.47353e-08 1.27481e-08 1.1027e-08 9.53667e-09 8.24643e-09 7.12961e-09 6.16307e-09 5.32672e-09 4.60317e-09 3.9773e-09 3.43601e-09 2.96795e-09
0.00261689 0.00088725 0.000834654 0.000780672 0.000726515 0.000673113 0.00062117 0.000571199 0.000523563 0.0004785 0.000436151 0.000396579 0.000359785 0.000325724 0.000294318 0.00026546 0.000239029 0.00021489 0.000192902 0.000172923 0.000154809 0.00013842 0.000123621 0.00011028 9.82745e-05 8.74872e-05 7.78089e-05 6.91375e-05 6.13784e-05 5.44441e-05 4.82542e-05 4.27349e-05 3.78187e-05 3.34441e-05 2.95551e-05 2.6101e-05 2.30358e-05 2.0318e-05 1.79102e-05 1.57786e-05 1.3893e-05 1.22261e-05 1.07535e-05 9.45355e-06 8.30664e-06 7.2954e-06 6.40429e-06 5.6195e-06 4.92873e-06 4.32103e-06 3.78668e-06 3.31708e-06 2.90458e-06 2.5424e-06 2.22456e-06 1.94574e-06 1.70126e-06 1.48699e-06 1.29927e-06 1.13487e-06 9.90952e-07 8.65013e-07 7.54847e-07 6.58513e-07 5.74304e-07 5.00719e-07 4.36439e-07 3.80306e-07 3.31302e-07 2.88537e-07 2.51226e-07 2.18685e-07 1.9031e-07 1.65577e-07 1.44024e-07 1.25246e-07 1.08892e-07 9.46515e-08 8.2255e-08 7.14664e-08 6.20794e-08 5.39141e-08 4.68129e-08 4.06388e-08 3.52719e-08 3.06077e-08 2.65551e-08 2.30347e-08 1.99773e-08 1.73224e-08 1.50177e-08 1.30172e-08 1.12813e-08 9.7751e-09 8.46858e-09 7.33545e-09 6.35289e-09 5.50103e-09 4.76264e-09 4.1227e-09 3.56819e-09
0.00220446 0.000772817 0.000733119 0.000691017 0.000647712 0.000604152 0.000561078 0.000519054 0.0004785 0.000439719 0.000402916 0.000368218 0.000335692 0.000305352 0.000277177 0.000251115 0.000227093 0.000205023 0.000184804 0.000166331 0.000149494 0.000134183 0.000120289 0.000107705 9.6329e-05 8.60613e-05 7.68092e-05 6.84846e-05 6.1005e-05 5.42937e-05 4.82792e-05 4.28956e-05 3.80822e-05 3.37832e-05 2.99476e-05 2.65288e-05 2.34843e-05 2.07756e-05 1.83677e-05 1.62289e-05 1.43307e-05 1.26473e-05 1.11554e-05 9.83427e-06 8.66507e-06 7.63101e-06 6.71706e-06 5.90975e-06 5.19706e-06 4.56826e-06 4.01378e-06 3.5251e-06 3.09463e-06 2.71563e-06 2.3821e-06 2.08873e-06 1.83081e-06 1.60415e-06 1.40504e-06 1.23022e-06 1.07679e-06 9.42172e-07 8.24118e-07 7.20627e-07 6.29935e-07 5.50489e-07 4.80919e-07 4.20018e-07 3.66724e-07 3.20103e-07 2.79331e-07 2.43687e-07 2.12535e-07 1.85317e-07 1.61544e-07 1.40785e-07 1.22664e-07 1.0685e-07 9.30522e-08 8.10175e-08 7.05233e-08 6.13746e-08 5.3401e-08 4.64532e-08 4.04008e-08 3.51296e-08 3.05399e-08 2.65445e-08 2.30672e-08 2.00415e-08 1.74093e-08 1.51199e-08 1.31292e-08 1.13985e-08 9.89408e-09 8.58672e-09 7.4508e-09 6.46403e-09 5.607e-09 4.86277e-09 4.21663e-09
0.00185702 0.000672416 0.000643104 0.00061073 0.000576447 0.000541183 0.000505679 0.000470519 0.000436151 0.000402916 0.000371059 0.000340754 0.00031211 0.000285189 0.000260011 0.000236568 0.000214825 0.00019473 0.000176217 0.000159212 0.000143634 0.000129398 0.000116417 0.000104607 9.38817e-05 8.41603e-05 7.53637e-05 6.74166e-05 6.02478e-05 5.37904e-05 4.79815e-05 4.27627e-05 3.80798e-05 3.38824e-05 3.01245e-05 2.67634e-05 2.37603e-05 2.10797e-05 1.86889e-05 1.65587e-05 1.46621e-05 1.29749e-05 1.14751e-05 1.0143e-05 8.9606e-06 7.91181e-06 6.98217e-06 6.15867e-06 5.42965e-06 4.78465e-06 4.21433e-06 3.71032e-06 3.26516e-06 2.87218e-06 2.52545e-06 2.21968e-06 1.95016e-06 1.71271e-06 1.5036e-06 1.31954e-06 1.15759e-06 1.01516e-06 8.89953e-07 7.79926e-07 6.83277e-07 5.98413e-07 5.23924e-07 4.58566e-07 4.0124e-07 3.50977e-07 3.06922e-07 2.6832e-07 2.34508e-07 2.04901e-07 1.78983e-07 1.56303e-07 1.36462e-07 1.19109e-07 1.03937e-07 9.06756e-08 7.90871e-08 6.89634e-08 6.01217e-08 5.24016e-08 4.56627e-08 3.97816e-08 3.46505e-08 3.01748e-08 2.62717e-08 2.28687e-08 1.99025e-08 1.73176e-08 1.50654e-08 1.31036e-08 1.13951e-08 9.90752e-09 8.61253e-09 7.48544e-09 6.50468e-09 5.65142e-09 4.90923e-09
0.00156435 0.000584466 0.00056346 0.000539009 0.00051219 0.000483888 0.000454821 0.000425565 0.000396579 0.000368218 0.000340754 0.000314386 0.000289256 0.000265456 0.000243041 0.000222033 0.000202427 0.000184203 0.00016732 0.000151731 0.000137378 0.000124198 0.000112124 0.00010109 9.10267e-05 8.18667e-05 7.35444e-05 6.59961e-05 5.91609e-05 5.29808e-05 4.7401e-05 4.23702e-05 3.784e-05 3.37658e-05 3.01057e-05 2.68215e-05 2.38776e-05 2.12413e-05 1.88829e-05 1.6775e-05 1.48927e-05 1.32132e-05 1.17159e-05 1.03821e-05 9.1949e-06 8.13889e-06 7.20025e-06 6.36651e-06 5.62643e-06 4.96991e-06 4.38787e-06 3.87217e-06 3.41551e-06 3.01137e-06 2.65389e-06 2.33785e-06 2.05859e-06 1.81196e-06 1.59425e-06 1.40216e-06 1.23274e-06 1.0834e-06 9.5181e-07 8.35908e-07 7.33866e-07 6.44064e-07 5.65065e-07 4.95595e-07 4.34529e-07 3.8087e-07 3.33735e-07 2.92347e-07 2.56017e-07 2.24137e-07 1.96172e-07 1.71649e-07 1.50151e-07 1.31311e-07 1.14804e-07 1.00347e-07 8.76888e-08 7.66082e-08 6.69116e-08 5.84283e-08 5.10087e-08 4.45209e-08 3.88496e-08 3.38931e-08 2.95625e-08 2.57797e-08 2.24761e-08 1.95918e-08 1.70741e-08 1.4877e-08 1.29599e-08 1.12877e-08 9.82939e-09 8.55782e-09 7.44935e-09 6.48325e-09 5.64142e-09
0.0013178 0.000507536 0.000493121 0.000475083 0.00045441 0.000431924 0.000408305 0.000384109 0.000359785 0.000335692 0.00031211 0.000289256 0.00026729 0.000246326 0.000226442 0.000207682 0.000190069 0.000173601 0.000158263 0.000144026 0.000130853 0.0001187 0.000107516 9.72506e-05 8.78486e-05 7.92558e-05 7.14177e-05 6.42813e-05 5.77949e-05 5.19089e-05 4.65757e-05 4.17505e-05 3.73909e-05 3.34569e-05 2.99114e-05 2.67199e-05 2.38501e-05 2.12723e-05 1.89593e-05 1.68858e-05 1.50288e-05 1.33672e-05 1.18817e-05 1.05547e-05 9.37029e-06 8.31392e-06 7.37247e-06 6.53403e-06 5.78785e-06 5.12422e-06 4.53438e-06 4.01047e-06 3.54539e-06 3.13279e-06 2.76694e-06 2.44273e-06 2.15558e-06 1.90139e-06 1.67647e-06 1.47757e-06 1.30176e-06 1.14642e-06 1.00924e-06 8.8815e-07 7.81308e-07 6.87077e-07 6.04003e-07 5.30795e-07 4.66306e-07 4.0952e-07 3.59535e-07 3.15553e-07 2.76867e-07 2.42852e-07 2.12953e-07 1.86682e-07 1.63605e-07 1.43342e-07 1.25554e-07 1.09944e-07 9.62492e-08 8.42389e-08 7.37086e-08 6.44786e-08 5.63906e-08 4.93053e-08 4.31e-08 3.76669e-08 3.29112e-08 2.87494e-08 2.51084e-08 2.19237e-08 1.91388e-08 1.67041e-08 1.45762e-08 1.27167e-08 1.10921e-08 9.67322e-09 8.43416e-09 7.35238e-09 6.40814e-09
0.00111011 0.000440338 0.000431105 0.000418222 0.000402579 0.00038493 0.000365904 0.000346025 0.000325724 0.000305352 0.000285189 0.000265456 0.000246326 0.000227925 0.000210348 0.000193655 0.000177885 0.000163057 0.000149171 0.000136216 0.00012417 0.000113006 0.000102686 9.31725e-05 8.44234e-05 7.63953e-05 6.90441e-05 6.23258e-05 5.61971e-05 5.0616e-05 4.55416e-05 4.09351e-05 3.67593e-05 3.2979e-05 2.95614e-05 2.64754e-05 2.3692e-05 2.11846e-05 1.8928e-05 1.68994e-05 1.50774e-05 1.34426e-05 1.1977e-05 1.06644e-05 9.4896e-06 8.43913e-06 7.50051e-06 6.66247e-06 5.91477e-06 5.24814e-06 4.6542e-06 4.12536e-06 3.65478e-06 3.23632e-06 2.8644e-06 2.53406e-06 2.24081e-06 1.98062e-06 1.7499e-06 1.5454e-06 1.36425e-06 1.20384e-06 1.06189e-06 9.36312e-07 8.25278e-07 7.27145e-07 6.40452e-07 5.63897e-07 4.96323e-07 4.36699e-07 3.84112e-07 3.37748e-07 2.96886e-07 2.60887e-07 2.29183e-07 2.01272e-07 1.76708e-07 1.55097e-07 1.36091e-07 1.1938e-07 1.04693e-07 9.17884e-08 8.04532e-08 7.04995e-08 6.17616e-08 5.40931e-08 4.73651e-08 4.14639e-08 3.62893e-08 3.1753e-08 2.77774e-08 2.4294e-08 2.12427e-08 1.85706e-08 1.6231e-08 1.41832e-08 1.23912e-08 1.08233e-08 9.45187e-09 8.25256e-09 7.20401e-09
0.000935152 0.000381714 0.000376512 0.00036774 0.00035619 0.000342542 0.00032737 0.00031116 0.000294318 0.000277177 0.000260011 0.000243041 0.000226442 0.000210348 0.000194861 0.000180057 0.000165985 0.000152678 0.000140148 0.0001284 0.000117424 0.000107203 9.77139e-05 8.89296e-05 8.08182e-05 7.3346e-05 6.64779e-05 6.01781e-05 5.44107e-05 4.91403e-05 4.43323e-05 3.99532e-05 3.59708e-05 3.23544e-05 2.90748e-05 2.61045e-05 2.34176e-05 2.09901e-05 1.87993e-05 1.68242e-05 1.50455e-05 1.34452e-05 1.20068e-05 1.07151e-05 9.5561e-06 8.5171e-06 7.58642e-06 6.75342e-06 6.00841e-06 5.34258e-06 4.74794e-06 4.21725e-06 3.74393e-06 3.32206e-06 2.94628e-06 2.61175e-06 2.31412e-06 2.04948e-06 1.81429e-06 1.6054e-06 1.41995e-06 1.25541e-06 1.10948e-06 9.80126e-07 8.65517e-07 7.6402e-07 6.74175e-07 5.94679e-07 5.2437e-07 4.62213e-07 4.07284e-07 3.58763e-07 3.15918e-07 2.781e-07 2.44732e-07 2.15301e-07 1.89352e-07 1.6648e-07 1.46328e-07 1.28579e-07 1.1295e-07 9.91937e-08 8.70888e-08 7.64406e-08 6.70767e-08 5.88445e-08 5.16095e-08 4.52527e-08 3.9669e-08 3.47659e-08 3.04615e-08 2.66837e-08 2.33691e-08 2.04615e-08 1.79116e-08 1.56761e-08 1.37166e-08 1.19994e-08 1.0495e-08 9.17726e-09 8.02334e-09
0.000787768 0.000330632 0.000328524 0.000323 0.000314757 0.000304399 0.000292447 0.000279342 0.00026546 0.000251115 0.000236568 0.000222033 0.000207682 0.000193655 0.000180057 0.000166971 0.000154454 0.00014255 0.000131281 0.000120661 0.000110691 0.000101365 9.26697e-05 8.45862e-05 7.7092e-05 7.01617e-05 6.3768e-05 5.78822e-05 5.2475e-05 4.7517e-05 4.2979e-05 3.88325e-05 3.50498e-05 3.16041e-05 2.84701e-05 2.56232e-05 2.30407e-05 2.07008e-05 1.85832e-05 1.6669e-05 1.49405e-05 1.33813e-05 1.19762e-05 1.07112e-05 9.57333e-06 8.55076e-06 7.63257e-06 6.80878e-06 6.07027e-06 5.40871e-06 4.81652e-06 4.28681e-06 3.81331e-06 3.39034e-06 3.01275e-06 2.67588e-06 2.37554e-06 2.1079e-06 1.86956e-06 1.65742e-06 1.46871e-06 1.30093e-06 1.15183e-06 1.0194e-06 9.01831e-07 7.9751e-07 7.04985e-07 6.2296e-07 5.50276e-07 4.85897e-07 4.28898e-07 3.78454e-07 3.3383e-07 2.94369e-07 2.59487e-07 2.28666e-07 2.01442e-07 1.77404e-07 1.56187e-07 1.37467e-07 1.20955e-07 1.06396e-07 9.35627e-08 8.22545e-08 7.22933e-08 6.35214e-08 5.57991e-08 4.90029e-08 4.30234e-08 3.77641e-08 3.31394e-08 2.90741e-08 2.55013e-08 2.23623e-08 1.96051e-08 1.71839e-08 1.50584e-08 1.31928e-08 1.15558e-08 1.01198e-08 8.8603e-09
0.000663612 0.00028617 0.000286398 0.000283413 0.00027782 0.000270153 0.000260875 0.000250386 0.000239029 0.000227093 0.000214825 0.000202427 0.000190069 0.000177885 0.000165985 0.000154454 0.000143357 0.00013274 0.000122636 0.000113066 0.000104038 9.55558e-05 8.76125e-05 8.01977e-05 7.32963e-05 6.68899e-05 6.09578e-05 5.54776e-05 5.04256e-05 4.57779e-05 4.15102e-05 3.75983e-05 3.40187e-05 3.07482e-05 2.77647e-05 2.50469e-05 2.25745e-05 2.03281e-05 1.82898e-05 1.64423e-05 1.47697e-05 1.32571e-05 1.18905e-05 1.06571e-05 9.54506e-06 8.54324e-06 7.64155e-06 6.83068e-06 6.10208e-06 5.44791e-06 4.86103e-06 4.3349e-06 3.86358e-06 3.44164e-06 3.06417e-06 2.7267e-06 2.42519e-06 2.15597e-06 1.91572e-06 1.70145e-06 1.51046e-06 1.34031e-06 1.18882e-06 1.054e-06 9.34082e-07 8.27473e-07 7.3274e-07 6.486e-07 5.73904e-07 5.0762e-07 4.48828e-07 3.96703e-07 3.50509e-07 3.09587e-07 2.7335e-07 2.41274e-07 2.12894e-07 1.87791e-07 1.65597e-07 1.4598e-07 1.28649e-07 1.13341e-07 9.9826e-08 8.78971e-08 7.73719e-08 6.80881e-08 5.99019e-08 5.26858e-08 4.63267e-08 4.07246e-08 3.57908e-08 3.14468e-08 2.76232e-08 2.42586e-08 2.12987e-08 1.86955e-08 1.64067e-08 1.43948e-08 1.26267e-08 1.10734e-08 9.70895e-09
0.000559024 0.000247509 0.000249465 0.000248437 0.000244949 0.000239467 0.0002324 0.000224104 0.00021489 0.000205023 0.00019473 0.000184203 0.000173601 0.000163057 0.000152678 0.00014255 0.00013274 0.0001233 0.000114268 0.000105669 9.75192e-05 8.98266e-05 8.25921e-05 7.58114e-05 6.94754e-05 6.35717e-05 5.80853e-05 5.29991e-05 4.82945e-05 4.39521e-05 3.9952e-05 3.62741e-05 3.28983e-05 2.98051e-05 2.69752e-05 2.439e-05 2.20317e-05 1.98834e-05 1.79287e-05 1.61526e-05 1.45404e-05 1.30788e-05 1.17551e-05 1.05576e-05 9.47516e-06 8.49781e-06 7.61612e-06 6.82142e-06 6.10574e-06 5.46175e-06 4.88275e-06 4.36256e-06 3.89556e-06 3.47662e-06 3.10105e-06 2.76459e-06 2.46336e-06 2.19385e-06 1.95287e-06 1.73753e-06 1.5452e-06 1.37354e-06 1.2204e-06 1.08387e-06 9.62192e-07 8.53819e-07 7.57343e-07 6.71498e-07 5.95151e-07 5.27281e-07 4.66974e-07 4.13413e-07 3.65862e-07 3.23666e-07 2.86236e-07 2.53049e-07 2.23634e-07 1.97574e-07 1.74494e-07 1.54061e-07 1.35978e-07 1.19981e-07 1.05835e-07 9.33281e-08 8.22756e-08 7.25113e-08 6.38878e-08 5.62744e-08 4.95547e-08 4.36257e-08 3.8396e-08 3.37845e-08 2.97192e-08 2.61365e-08 2.29801e-08 2.01999e-08 1.77518e-08 1.55967e-08 1.37e-08 1.20312e-08 1.05633e-08
0.000470919 0.000213927 0.000217122 0.000217578 0.000215744 0.000212022 0.000206771 0.000200305 0.000192902 0.000184804 0.000176217 0.00016732 0.000158263 0.000149171 0.000140148 0.000131281 0.000122636 0.000114268 0.000106217 9.85129e-05 9.11764e-05 8.42201e-05 7.76501e-05 7.14671e-05 6.56672e-05 6.02428e-05 5.51838e-05 5.04774e-05 4.61097e-05 4.20652e-05 3.83278e-05 3.4881e-05 3.17079e-05 2.8792e-05 2.61167e-05 2.36661e-05 2.14245e-05 1.9377e-05 1.75094e-05 1.58079e-05 1.42598e-05 1.28527e-05 1.15754e-05 1.0417e-05 9.36757e-06 8.41783e-06 7.55911e-06 6.78339e-06 6.08328e-06 5.45193e-06 4.88308e-06 4.37093e-06 3.9102e-06 3.49603e-06 3.12398e-06 2.79001e-06 2.49041e-06 2.22184e-06 1.98123e-06 1.7658e-06 1.57304e-06 1.40067e-06 1.2466e-06 1.10899e-06 9.86129e-07 8.76504e-07 7.78737e-07 6.9159e-07 6.13947e-07 5.44805e-07 4.83262e-07 4.28509e-07 3.79817e-07 3.36535e-07 2.98079e-07 2.63924e-07 2.33602e-07 2.06694e-07 1.82824e-07 1.61658e-07 1.42897e-07 1.26273e-07 1.11549e-07 9.85111e-08 8.69714e-08 7.67609e-08 6.77295e-08 5.97437e-08 5.26847e-08 4.6447e-08 4.09367e-08 3.60705e-08 3.17744e-08 2.79828e-08 2.46373e-08 2.16863e-08 1.90841e-08 1.67901e-08 1.47682e-08 1.29868e-08 1.14176e-08
0.0003967 0.000184782 0.00018883 0.000190387 0.000189836 0.000187519 0.000183748 0.000178801 0.000172923 0.000166331 0.000159212 0.000151731 0.000144026 0.000136216 0.0001284 0.000120661 0.000113066 0.000105669 9.85129e-05 9.16299e-05 8.50437e-05 7.87706e-05 7.28205e-05 6.71981e-05 6.19036e-05 5.69336e-05 5.22818e-05 4.79395e-05 4.38963e-05 4.01404e-05 3.66588e-05 3.34383e-05 3.04648e-05 2.77246e-05 2.52035e-05 2.28878e-05 2.0764e-05 1.88191e-05 1.70405e-05 1.54162e-05 1.39345e-05 1.25847e-05 1.13564e-05 1.024e-05 9.22621e-06 8.30668e-06 7.47343e-06 6.71908e-06 6.03679e-06 5.42023e-06 4.86352e-06 4.36128e-06 3.90854e-06 3.50074e-06 3.13368e-06 2.80354e-06 2.50681e-06 2.2403e-06 2.00108e-06 1.78649e-06 1.59413e-06 1.42179e-06 1.26749e-06 1.1294e-06 1.00591e-06 8.95522e-07 7.96903e-07 7.08843e-07 6.30252e-07 5.60147e-07 4.97642e-07 4.41939e-07 3.9232e-07 3.48142e-07 3.08824e-07 2.73848e-07 2.42747e-07 2.15103e-07 1.90543e-07 1.68729e-07 1.49364e-07 1.32179e-07 1.16933e-07 1.03414e-07 9.14296e-08 8.08096e-08 7.14019e-08 6.3071e-08 5.56961e-08 4.91696e-08 4.33958e-08 3.82895e-08 3.3775e-08 2.97848e-08 2.62591e-08 2.31448e-08 2.03947e-08 1.79668e-08 1.58241e-08 1.39336e-08 1.22659e-08
0.000334179 0.000159511 0.000164107 0.000166458 0.000166883 0.000165677 0.000163105 0.00015941 0.000154809 0.000149494 0.000143634 0.000137378 0.000130853 0.00012417 0.000117424 0.000110691 0.000104038 9.75192e-05 9.11764e-05 8.50437e-05 7.9147e-05 7.3505e-05 6.81305e-05 6.30315e-05 5.82112e-05 5.36697e-05 4.94039e-05 4.54084e-05 4.16759e-05 3.81976e-05 3.49635e-05 3.1963e-05 2.91847e-05 2.66171e-05 2.42483e-05 2.20667e-05 2.00607e-05 1.8219e-05 1.65305e-05 1.49847e-05 1.35713e-05 1.22806e-05 1.11034e-05 1.00309e-05 9.05492e-06 8.16769e-06 7.36197e-06 6.63099e-06 5.96844e-06 5.36847e-06 4.82564e-06 4.33493e-06 3.8917e-06 3.49167e-06 3.13092e-06 2.80583e-06 2.51308e-06 2.24965e-06 2.01275e-06 1.79987e-06 1.60868e-06 1.43709e-06 1.28318e-06 1.1452e-06 1.02159e-06 9.10908e-07 8.11855e-07 7.23259e-07 6.44056e-07 5.73287e-07 5.10085e-07 4.53669e-07 4.03335e-07 3.58446e-07 3.18433e-07 2.82782e-07 2.51031e-07 2.22765e-07 1.97612e-07 1.75239e-07 1.55347e-07 1.37667e-07 1.21959e-07 1.08009e-07 9.56242e-08 8.46333e-08 7.48829e-08 6.62359e-08 5.85701e-08 5.17764e-08 4.57577e-08 4.04273e-08 3.57079e-08 3.15308e-08 2.78349e-08 2.45657e-08 2.16749e-08 1.91193e-08 1.68608e-08 1.48653e-08 1.31028e-08
0.000281511 0.000137615 0.000142524 0.000145423 0.000146577 0.000146236 0.000144626 0.000141958 0.00013842 0.000134183 0.000129398 0.000124198 0.0001187 0.000113006 0.000107203 0.000101365 9.55558e-05 8.98266e-05 8.42201e-05 7.87706e-05 7.3505e-05 6.84437e-05 6.36017e-05 5.8989e-05 5.46118e-05 5.04724e-05 4.65707e-05 4.29038e-05 3.94672e-05 3.62545e-05 3.32584e-05 3.04704e-05 2.78815e-05 2.54823e-05 2.32629e-05 2.12136e-05 1.93243e-05 1.75853e-05 1.59871e-05 1.45204e-05 1.31762e-05 1.19458e-05 1.08211e-05 9.79408e-06 8.85745e-06 8.00415e-06 7.2276e-06 6.52159e-06 5.88037e-06 5.29852e-06 4.77103e-06 4.29324e-06 3.86084e-06 3.46983e-06 3.11654e-06 2.79757e-06 2.5098e-06 2.25038e-06 2.01666e-06 1.80625e-06 1.61696e-06 1.44676e-06 1.29383e-06 1.15651e-06 1.03327e-06 9.22729e-07 8.2364e-07 7.34864e-07 6.5537e-07 5.84225e-07 5.20586e-07 4.63687e-07 4.12842e-07 3.67426e-07 3.2688e-07 2.90697e-07 2.58424e-07 2.29649e-07 2.04005e-07 1.8116e-07 1.60818e-07 1.42711e-07 1.26601e-07 1.12272e-07 9.9533e-08 8.82112e-08 7.81529e-08 6.92202e-08 6.12899e-08 5.4252e-08 4.80082e-08 4.24707e-08 3.75613e-08 3.32101e-08 2.93549e-08 2.59402e-08 2.29166e-08 2.02401e-08 1.78715e-08 1.57761e-08 1.39229e-08
0.000237143 0.000118659 0.000123699 0.000126951 0.000128635 0.000128957 0.000128111 0.000126278 0.000123621 0.000120289 0.000116417 0.000112124 0.000107516 0.000102686 9.77139e-05 9.26697e-05 8.76125e-05 8.25921e-05 7.76501e-05 7.28205e-05 6.81305e-05 6.36017e-05 5.92502e-05 5.50879e-05 5.11227e-05 4.73592e-05 4.37993e-05 4.04424e-05 3.72861e-05 3.43263e-05 3.15576e-05 2.89738e-05 2.65677e-05 2.43318e-05 2.22579e-05 2.03379e-05 1.85634e-05 1.6926e-05 1.54175e-05 1.40298e-05 1.2755e-05 1.15855e-05 1.05141e-05 9.53358e-06 8.63741e-06 7.81924e-06 7.0731e-06 6.39334e-06 5.7747e-06 5.21222e-06 4.70129e-06 4.2376e-06 3.81714e-06 3.43623e-06 3.0914e-06 2.77951e-06 2.49761e-06 2.24301e-06 2.01324e-06 1.80601e-06 1.61926e-06 1.45105e-06 1.29966e-06 1.16348e-06 1.04106e-06 9.3108e-07 8.32329e-07 7.43711e-07 6.64232e-07 5.92986e-07 5.29154e-07 4.71995e-07 4.20837e-07 3.75072e-07 3.34151e-07 2.97578e-07 2.64908e-07 2.35735e-07 2.09698e-07 1.8647e-07 1.65755e-07 1.47291e-07 1.30838e-07 1.16184e-07 1.03137e-07 9.15256e-08 8.11953e-08 7.20083e-08 6.3841e-08 5.65828e-08 5.01347e-08 4.44083e-08 3.93246e-08 3.48129e-08 3.08101e-08 2.726e-08 2.41124e-08 2.13225e-08 1.88504e-08 1.66605e-08 1.47212e-08
0.000199768 0.000102259 0.000107294 0.000110748 0.000112798 0.000113619 0.000113373 0.000112212 0.00011028 0.000107705 0.000104607 0.00010109 9.72506e-05 9.31725e-05 8.89296e-05 8.45862e-05 8.01977e-05 7.58114e-05 7.14671e-05 6.71981e-05 6.30315e-05 5.8989e-05 5.50879e-05 5.1341e-05 4.77576e-05 4.4344e-05 4.11037e-05 3.8038e-05 3.5146e-05 3.24258e-05 2.98735e-05 2.74848e-05 2.52542e-05 2.31756e-05 2.12426e-05 1.94484e-05 1.7786e-05 1.62483e-05 1.48282e-05 1.35188e-05 1.23131e-05 1.12046e-05 1.01867e-05 9.25326e-06 8.39825e-06 7.61601e-06 6.90117e-06 6.24861e-06 5.65353e-06 5.11141e-06 4.61802e-06 4.16939e-06 3.76183e-06 3.3919e-06 3.05641e-06 2.7524e-06 2.47714e-06 2.2281e-06 2.00295e-06 1.79954e-06 1.61591e-06 1.45024e-06 1.30088e-06 1.1663e-06 1.04513e-06 9.36084e-07 8.38018e-07 7.49875e-07 6.70696e-07 5.99609e-07 5.35821e-07 4.78612e-07 4.27331e-07 3.81387e-07 3.40244e-07 3.03419e-07 2.70474e-07 2.41013e-07 2.14681e-07 1.91155e-07 1.70145e-07 1.5139e-07 1.34656e-07 1.1973e-07 1.06422e-07 9.45621e-08 8.39963e-08 7.45871e-08 6.62109e-08 5.8757e-08 5.21263e-08 4.62299e-08 4.09883e-08 3.63304e-08 3.21925e-08 2.85178e-08 2.52555e-08 2.23603e-08 1.97915e-08 1.75132e-08 1.54931e-08
0.000168284 8.8082e-05 9.30104e-05 9.6547e-05 9.88367e-05 0.000100021 0.000100238 9.96149e-05 9.82745e-05 9.6329e-05 9.38817e-05 9.10267e-05 8.78486e-05 8.44234e-05 8.08182e-05 7.7092e-05 7.32963e-05 6.94754e-05 6.56672e-05 6.19036e-05 5.82112e-05 5.46118e-05 5.11227e-05 4.77576e-05 4.45269e-05 4.14378e-05 3.84952e-05 3.57017e-05 3.30582e-05 3.05638e-05 2.82166e-05 2.60135e-05 2.39504e-05 2.20227e-05 2.02254e-05 1.85528e-05 1.69992e-05 1.55587e-05 1.42253e-05 1.29928e-05 1.18555e-05 1.08075e-05 9.84309e-06 8.95675e-06 8.1432e-06 7.39736e-06 6.71439e-06 6.08968e-06 5.51888e-06 4.99788e-06 4.52279e-06 4.08999e-06 3.69608e-06 3.33789e-06 3.01246e-06 2.71705e-06 2.44909e-06 2.20624e-06 1.9863e-06 1.78726e-06 1.60727e-06 1.44462e-06 1.29774e-06 1.16518e-06 1.04563e-06 9.37882e-07 8.40823e-07 7.53449e-07 6.74838e-07 6.04152e-07 5.40628e-07 4.8357e-07 4.32347e-07 3.86387e-07 3.45169e-07 3.08223e-07 2.75121e-07 2.45479e-07 2.18945e-07 1.95206e-07 1.73976e-07 1.54999e-07 1.38042e-07 1.22897e-07 1.09376e-07 9.73092e-08 8.65448e-08 7.69458e-08 6.83893e-08 6.07649e-08 5.39736e-08 4.79266e-08 4.25441e-08 3.77549e-08 3.34949e-08 2.97069e-08 2.63398e-08 2.33478e-08 2.06899e-08 1.83296e-08 1.62342e-08
0.000141762 7.58334e-05 8.05826e-05 8.4113e-05 8.65405e-05 8.79809e-05 8.85471e-05 8.83481e-05 8.74872e-05 8.60613e-05 8.41603e-05 8.18667e-05 7.92558e-05 7.63953e-05 7.3346e-05 7.01617e-05 6.68899e-05 6.35717e-05 6.02428e-05 5.69336e-05 5.36697e-05 5.04724e-05 4.73592e-05 4.4344e-05 4.14378e-05 3.86486e-05 3.59823e-05 3.34426e-05 3.10315e-05 2.87494e-05 2.65956e-05 2.45682e-05 2.26644e-05 2.08808e-05 1.92134e-05 1.76579e-05 1.62095e-05 1.48632e-05 1.36141e-05 1.2457e-05 1.13868e-05 1.03984e-05 9.48689e-06 8.64743e-06 7.87531e-06 7.16601e-06 6.5152e-06 5.91874e-06 5.37269e-06 4.87332e-06 4.41711e-06 4.00074e-06 3.62109e-06 3.27524e-06 2.96046e-06 2.67422e-06 2.41413e-06 2.178e-06 1.96379e-06 1.76961e-06 1.59373e-06 1.43452e-06 1.29052e-06 1.16036e-06 1.04278e-06 9.36634e-07 8.40876e-07 7.5454e-07 6.76746e-07 6.06688e-07 5.43633e-07 4.86913e-07 4.35919e-07 3.90097e-07 3.48943e-07 3.12002e-07 2.78858e-07 2.49135e-07 2.22492e-07 1.98622e-07 1.77246e-07 1.58112e-07 1.40991e-07 1.2568e-07 1.11991e-07 9.97588e-08 8.88323e-08 7.9076e-08 7.03679e-08 6.25985e-08 5.5669e-08 4.94911e-08 4.39851e-08 3.90797e-08 3.4711e-08 3.08215e-08 2.73599e-08 2.42801e-08 2.15409e-08 1.91053e-08 1.69405e-08
0.000119419 6.52578e-05 6.97777e-05 7.32352e-05 7.57217e-05 7.73305e-05 7.81547e-05 7.82851e-05 7.78089e-05 7.68092e-05 7.53637e-05 7.35444e-05 7.14177e-05 6.90441e-05 6.64779e-05 6.3768e-05 6.09578e-05 5.80853e-05 5.51838e-05 5.22818e-05 4.94039e-05 4.65707e-05 4.37993e-05 4.11037e-05 3.84952e-05 3.59823e-05 3.35716e-05 3.12676e-05 2.90732e-05 2.69899e-05 2.50178e-05 2.31561e-05 2.14031e-05 1.97564e-05 1.82131e-05 1.67696e-05 1.54223e-05 1.4167e-05 1.29995e-05 1.19156e-05 1.09109e-05 9.98098e-06 9.12157e-06 8.32843e-06 7.59742e-06 6.92454e-06 6.30592e-06 5.73786e-06 5.21681e-06 4.73941e-06 4.30246e-06 3.90294e-06 3.538e-06 3.20495e-06 2.9013e-06 2.62469e-06 2.37293e-06 2.14398e-06 1.93593e-06 1.74703e-06 1.57565e-06 1.42027e-06 1.2795e-06 1.15206e-06 1.03676e-06 9.32513e-07 8.38324e-07 7.53273e-07 6.7652e-07 6.07299e-07 5.44905e-07 4.88697e-07 4.38091e-07 3.92551e-07 3.51594e-07 3.14777e-07 2.81697e-07 2.51992e-07 2.25328e-07 2.01406e-07 1.79955e-07 1.60727e-07 1.435e-07 1.28072e-07 1.14262e-07 1.01905e-07 9.0853e-08 8.09716e-08 7.21406e-08 6.42514e-08 5.72063e-08 5.09174e-08 4.53054e-08 4.02995e-08 3.58357e-08 3.18567e-08 2.83111e-08 2.51527e-08 2.23403e-08 1.98366e-08 1.76087e-08
0.000100598 5.6132e-05 6.03903e-05 6.37265e-05 6.62115e-05 6.79198e-05 6.89271e-05 6.93085e-05 6.91375e-05 6.84846e-05 6.74166e-05 6.59961e-05 6.42813e-05 6.23258e-05 6.01781e-05 5.78822e-05 5.54776e-05 5.29991e-05 5.04774e-05 4.79395e-05 4.54084e-05 4.29038e-05 4.04424e-05 3.8038e-05 3.57017e-05 3.34426e-05 3.12676e-05 2.91818e-05 2.71889e-05 2.52909e-05 2.3489e-05 2.1783e-05 2.01723e-05 1.86553e-05 1.72298e-05 1.58932e-05 1.46425e-05 1.34746e-05 1.23859e-05 1.13728e-05 1.04317e-05 9.55873e-06 8.75028e-06 8.00263e-06 7.31215e-06 6.67531e-06 6.08868e-06 5.54896e-06 5.05298e-06 4.5977e-06 4.18023e-06 3.79783e-06 3.44791e-06 3.12802e-06 2.83585e-06 2.56925e-06 2.32618e-06 2.10477e-06 1.90325e-06 1.71998e-06 1.55343e-06 1.4022e-06 1.26497e-06 1.14054e-06 1.0278e-06 9.25705e-07 8.33322e-07 7.49778e-07 6.74274e-07 6.06079e-07 5.44521e-07 4.88987e-07 4.38915e-07 3.93794e-07 3.53156e-07 3.16574e-07 2.83662e-07 2.54065e-07 2.27464e-07 2.03566e-07 1.82107e-07 1.62847e-07 1.45569e-07 1.30075e-07 1.16188e-07 1.03746e-07 9.26034e-08 8.26287e-08 7.37031e-08 6.57193e-08 5.8581e-08 5.22008e-08 4.65006e-08 4.14097e-08 3.68646e-08 3.28083e-08 2.91894e-08 2.5962e-08 2.30846e-08 2.05202e-08 1.82354e-08
8.47437e-05 4.82619e-05 5.224e-05 5.54211e-05 5.78591e-05 5.96126e-05 6.07425e-05 6.13108e-05 6.13784e-05 6.1005e-05 6.02478e-05 5.91609e-05 5.77949e-05 5.61971e-05 5.44107e-05 5.2475e-05 5.04256e-05 4.82945e-05 4.61097e-05 4.38963e-05 4.16759e-05 3.94672e-05 3.72861e-05 3.5146e-05 3.30582e-05 3.10315e-05 2.90732e-05 2.71889e-05 2.53825e-05 2.36569e-05 2.20138e-05 2.04538e-05 1.89768e-05 1.7582e-05 1.6268e-05 1.50329e-05 1.38745e-05 1.27901e-05 1.17769e-05 1.08321e-05 9.95237e-06 9.1347e-06 8.37585e-06 7.67263e-06 7.02188e-06 6.42051e-06 5.86548e-06 5.35386e-06 4.88283e-06 4.44965e-06 4.05174e-06 3.6866e-06 3.35189e-06 3.04537e-06 2.76494e-06 2.50862e-06 2.27454e-06 2.06097e-06 1.86626e-06 1.6889e-06 1.52747e-06 1.38066e-06 1.24724e-06 1.12607e-06 1.01612e-06 9.16402e-07 8.26037e-07 7.44197e-07 6.70127e-07 6.0313e-07 5.42567e-07 4.87853e-07 4.38452e-07 3.93873e-07 3.53668e-07 3.17427e-07 2.84777e-07 2.55377e-07 2.28917e-07 2.05114e-07 1.83713e-07 1.6448e-07 1.47203e-07 1.31691e-07 1.17769e-07 1.05281e-07 9.40825e-08 8.40454e-08 7.50529e-08 6.69994e-08 5.97898e-08 5.33382e-08 4.75672e-08 4.24069e-08 3.77943e-08 3.36729e-08 2.99917e-08 2.67048e-08 2.37709e-08 2.11532e-08 1.88182e-08
7.13877e-05 4.14782e-05 4.51682e-05 4.81719e-05 5.05295e-05 5.22863e-05 5.34908e-05 5.41932e-05 5.44441e-05 5.42937e-05 5.37904e-05 5.29808e-05 5.19089e-05 5.0616e-05 4.91403e-05 4.7517e-05 4.57779e-05 4.39521e-05 4.20652e-05 4.01404e-05 3.81976e-05 3.62545e-05 3.43263e-05 3.24258e-05 3.05638e-05 2.87494e-05 2.69899e-05 2.52909e-05 2.36569e-05 2.20912e-05 2.05958e-05 1.9172e-05 1.78203e-05 1.65404e-05 1.53316e-05 1.41926e-05 1.31217e-05 1.21169e-05 1.1176e-05 1.02965e-05 9.47596e-06 8.71164e-06 8.00083e-06 7.3408e-06 6.72881e-06 6.16214e-06 5.63815e-06 5.15424e-06 4.70788e-06 4.29666e-06 3.91824e-06 3.57038e-06 3.25095e-06 2.95793e-06 2.68939e-06 2.44353e-06 2.21864e-06 2.01312e-06 1.82545e-06 1.65424e-06 1.49816e-06 1.35599e-06 1.22659e-06 1.1089e-06 1.00194e-06 9.04799e-07 8.16638e-07 7.36678e-07 6.64205e-07 5.9856e-07 5.39135e-07 4.85375e-07 4.36768e-07 3.92846e-07 3.53179e-07 3.17375e-07 2.85075e-07 2.55952e-07 2.29707e-07 2.06068e-07 1.84785e-07 1.65634e-07 1.48409e-07 1.32924e-07 1.1901e-07 1.06512e-07 9.52913e-08 8.52219e-08 7.61894e-08 6.80903e-08 6.08312e-08 5.43275e-08 4.8503e-08 4.32886e-08 3.86224e-08 3.44481e-08 3.07153e-08 2.73785e-08 2.43968e-08 2.17333e-08 1.93548e-08
6.01367e-05 3.5634e-05 3.90358e-05 4.18491e-05 4.41027e-05 4.58309e-05 4.70717e-05 4.78656e-05 4.82542e-05 4.82792e-05 4.79815e-05 4.7401e-05 4.65757e-05 4.55416e-05 4.43323e-05 4.2979e-05 4.15102e-05 3.9952e-05 3.83278e-05 3.66588e-05 3.49635e-05 3.32584e-05 3.15576e-05 2.98735e-05 2.82166e-05 2.65956e-05 2.50178e-05 2.3489e-05 2.20138e-05 2.05958e-05 1.92375e-05 1.79405e-05 1.67058e-05 1.55336e-05 1.44237e-05 1.33753e-05 1.23872e-05 1.14579e-05 1.05858e-05 9.76886e-06 9.00498e-06 8.29196e-06 7.62749e-06 7.00925e-06 6.43488e-06 5.90203e-06 5.40837e-06 4.95162e-06 4.52955e-06 4.14e-06 3.78089e-06 3.45021e-06 3.14603e-06 2.86653e-06 2.60996e-06 2.37468e-06 2.15911e-06 1.96178e-06 1.78132e-06 1.61642e-06 1.46587e-06 1.32852e-06 1.20333e-06 1.08929e-06 9.85499e-07 8.91098e-07 8.05298e-07 7.2737e-07 6.56639e-07 5.92481e-07 5.34322e-07 4.81635e-07 4.33933e-07 3.90771e-07 3.51738e-07 3.1646e-07 2.84592e-07 2.55821e-07 2.2986e-07 2.06446e-07 1.8534e-07 1.66323e-07 1.49198e-07 1.33784e-07 1.19915e-07 1.07443e-07 9.62327e-08 8.61599e-08 7.71135e-08 6.89923e-08 6.17047e-08 5.51679e-08 4.93068e-08 4.40536e-08 3.93471e-08 3.5132e-08 3.13585e-08 2.79814e-08 2.49603e-08 2.22586e-08 1.98433e-08
5.06589e-05 3.06016e-05 3.37212e-05 3.63381e-05 3.84718e-05 4.01476e-05 4.13951e-05 4.22462e-05 4.27349e-05 4.28956e-05 4.27627e-05 4.23702e-05 4.17505e-05 4.09351e-05 3.99532e-05 3.88325e-05 3.75983e-05 3.62741e-05 3.4881e-05 3.34383e-05 3.1963e-05 3.04704e-05 2.89738e-05 2.74848e-05 2.60135e-05 2.45682e-05 2.31561e-05 2.1783e-05 2.04538e-05 1.9172e-05 1.79405e-05 1.67612e-05 1.56355e-05 1.4564e-05 1.35467e-05 1.25835e-05 1.16735e-05 1.08158e-05 1.00089e-05 9.25144e-06 8.54167e-06 7.87778e-06 7.25784e-06 6.67987e-06 6.14187e-06 5.6418e-06 5.17764e-06 4.7474e-06 4.34911e-06 3.98085e-06 3.64077e-06 3.32708e-06 3.03804e-06 2.772e-06 2.52739e-06 2.3027e-06 2.09652e-06 1.90748e-06 1.73433e-06 1.57587e-06 1.43098e-06 1.2986e-06 1.17774e-06 1.0675e-06 9.6702e-07 8.75497e-07 7.92194e-07 7.16427e-07 6.47561e-07 5.85009e-07 5.28228e-07 4.7672e-07 4.30022e-07 3.87712e-07 3.494e-07 3.14727e-07 2.83367e-07 2.55017e-07 2.29403e-07 2.06273e-07 1.85396e-07 1.66563e-07 1.49583e-07 1.34279e-07 1.20494e-07 1.08082e-07 9.69114e-08 8.6863e-08 7.78277e-08 6.9707e-08 6.24113e-08 5.58596e-08 4.99784e-08 4.47011e-08 3.99677e-08 3.57238e-08 3.192e-08 2.85122e-08 2.54602e-08 2.27277e-08 2.02823e-08
4.26748e-05 2.62704e-05 2.91179e-05 3.15375e-05 3.35416e-05 3.51482e-05 3.63795e-05 3.72606e-05 3.78187e-05 3.80822e-05 3.80798e-05 3.784e-05 3.73909e-05 3.67593e-05 3.59708e-05 3.50498e-05 3.40187e-05 3.28983e-05 3.17079e-05 3.04648e-05 2.91847e-05 2.78815e-05 2.65677e-05 2.52542e-05 2.39504e-05 2.26644e-05 2.14031e-05 2.01723e-05 1.89768e-05 1.78203e-05 1.67058e-05 1.56355e-05 1.4611e-05 1.36332e-05 1.27026e-05 1.18192e-05 1.09827e-05 1.01923e-05 9.44723e-06 8.74621e-06 8.08794e-06 7.47093e-06 6.8936e-06 6.35431e-06 5.85132e-06 5.38292e-06 4.94734e-06 4.54285e-06 4.16773e-06 3.82029e-06 3.49887e-06 3.20189e-06 2.92779e-06 2.67508e-06 2.44235e-06 2.22823e-06 2.03143e-06 1.85072e-06 1.68495e-06 1.533e-06 1.39385e-06 1.26653e-06 1.15013e-06 1.04379e-06 9.46728e-07 8.58194e-07 7.77498e-07 7.04001e-07 6.37105e-07 5.7626e-07 5.20955e-07 4.70717e-07 4.25112e-07 3.83737e-07 3.46222e-07 3.12228e-07 2.81441e-07 2.53575e-07 2.28366e-07 2.05573e-07 1.84976e-07 1.66372e-07 1.49577e-07 1.34423e-07 1.20755e-07 1.08435e-07 9.7334e-08 8.73361e-08 7.83358e-08 7.02372e-08 6.29529e-08 5.6404e-08 5.05186e-08 4.52316e-08 4.04842e-08 3.62229e-08 3.23994e-08 2.89701e-08 2.58954e-08 2.31398e-08 2.06709e-08
