0.370957 0.025086 0.0161192 0.0111739 0.00815085 0.00615062 0.00474853 0.00372447 0.00295427 0.00236265 0.00190112 0.0015369 0.00124694 0.00101452 0.000827237 0.000675697 0.000552665 0.000452506 0.000370785 0.000303985 0.000249291 0.000204445 0.000167622 0.000137342 0.000112401 9.1818e-05 7.47865e-05 6.06451e-05 4.88474e-05 3.89401e-05 3.2025e-05
0.025086 0.00354032 0.00211955 0.00135248 0.000903834 0.000625074 0.000443735 0.000321488 0.000236711 0.000176562 0.000133089 0.000101187 7.74818e-05 5.96839e-05 4.62045e-05 3.5921e-05 2.80265e-05 2.19336e-05 1.72091e-05 1.35305e-05 1.06558e-05 8.40159e-06 6.6283e-06 5.22896e-06 4.12123e-06 3.24142e-06 2.54013e-06 1.97896e-06 1.52811e-06 1.16459e-06 9.32335e-07
0.0161192 0.00211955 0.00121013 0.000745145 0.000485661 0.00033023 0.000231799 0.000166696 0.000122145 9.08252e-05 6.83304e-05 5.18935e-05 3.97145e-05 3.05872e-05 2.36822e-05 1.84174e-05 1.43765e-05 1.12576e-05 8.8385e-06 6.9542e-06 5.48089e-06 4.32496e-06 3.4151e-06 2.69671e-06 2.12775e-06 1.67574e-06 1.31547e-06 1.02743e-06 7.96554e-07 6.27979e-07 5.03077e-07
0.0111739 0.00135248 0.000745145 0.000446303 0.000285238 0.000191424 0.000133234 9.53032e-05 6.96023e-05 5.16531e-05 3.88167e-05 2.9463e-05 2.25441e-05 1.73641e-05 1.34474e-05 1.04616e-05 8.16982e-06 6.40061e-06 5.02801e-06 3.95849e-06 3.12195e-06 2.46539e-06 1.94844e-06 1.5402e-06 1.21687e-06 9.60062e-07 7.55544e-07 5.92321e-07 4.68427e-07 3.69322e-07 2.95959e-07
0.00815085 0.000903834 0.000485661 0.000285238 0.000179814 0.000119606 8.2795e-05 5.90341e-05 4.30356e-05 3.19064e-05 2.39661e-05 1.8188e-05 1.39172e-05 1.07208e-05 8.30428e-06 6.46202e-06 5.04785e-06 3.95595e-06 3.10868e-06 2.44838e-06 1.93185e-06 1.52642e-06 1.2072e-06 9.55139e-07 7.55568e-07 5.9716e-07 4.71161e-07 3.73358e-07 2.95314e-07 2.32844e-07 1.86594e-07
0.00615062 0.000625074 0.00033023 0.000191424 0.000119606 7.91262e-05 5.46046e-05 3.88702e-05 2.83133e-05 2.09838e-05 1.57598e-05 1.196e-05 9.15199e-06 7.05045e-06 5.46157e-06 4.25024e-06 3.32034e-06 2.60234e-06 2.04519e-06 1.61102e-06 1.27141e-06 1.00489e-06 7.95084e-07 6.2948e-07 4.98432e-07 3.94502e-07 3.12945e-07 2.48011e-07 1.96177e-07 1.54676e-07 1.2393e-07
0.00474853 0.000443735 0.000231799 0.000133234 8.2795e-05 5.46046e-05 3.76236e-05 2.67633e-05 1.94891e-05 1.44425e-05 1.08465e-05 8.231e-06 6.2981e-06 4.85147e-06 3.75774e-06 2.92395e-06 2.28394e-06 1.78984e-06 1.4065e-06 1.10784e-06 8.74297e-07 6.91067e-07 5.4689e-07 4.33141e-07 3.43186e-07 2.72307e-07 2.16007e-07 1.7118e-07 1.35397e-07 1.06749e-07 8.55038e-08
0.00372447 0.000321488 0.000166696 9.53032e-05 5.90341e-05 3.88702e-05 2.67633e-05 1.9033e-05 1.38586e-05 1.02694e-05 7.71166e-06 5.85125e-06 4.47631e-06 3.44733e-06 2.66946e-06 2.07657e-06 1.62158e-06 1.27042e-06 9.98079e-07 7.8597e-07 6.20169e-07 4.90146e-07 3.87885e-07 3.07251e-07 2.43687e-07 1.93328e-07 1.53336e-07 1.21499e-07 9.60907e-08 7.57543e-08 6.06555e-08
0.00295427 0.000236711 0.000122145 6.96023e-05 4.30356e-05 2.83133e-05 1.94891e-05 1.38586e-05 1.00903e-05 7.47601e-06 5.61292e-06 4.25769e-06 3.25617e-06 2.50677e-06 1.9404e-06 1.50885e-06 1.1778e-06 9.22394e-07 7.24398e-07 5.70264e-07 4.49837e-07 3.55444e-07 2.81246e-07 2.22839e-07 1.76693e-07 1.40145e-07 1.11131e-07 8.80417e-08 6.96201e-08 5.4881e-08 4.39256e-08
0.00236265 0.000176562 9.08252e-05 5.16531e-05 3.19064e-05 2.09838e-05 1.44425e-05 1.02694e-05 7.47601e-06 5.53789e-06 4.15654e-06 3.1518e-06 2.40942e-06 1.85408e-06 1.43452e-06 1.11497e-06 8.6994e-07 6.80995e-07 5.34591e-07 4.20678e-07 3.31723e-07 2.62035e-07 2.07313e-07 1.64205e-07 1.30161e-07 1.03209e-07 8.1822e-08 6.48085e-08 5.12399e-08 4.03881e-08 3.23132e-08
0.00190112 0.000133089 6.83304e-05 3.88167e-05 2.39661e-05 1.57598e-05 1.08465e-05 7.71166e-06 5.61292e-06 4.15654e-06 3.11856e-06 2.36368e-06 1.80608e-06 1.38911e-06 1.07423e-06 8.34516e-07 6.50802e-07 5.0921e-07 3.99556e-07 3.14282e-07 2.47727e-07 1.95628e-07 1.54715e-07 1.225e-07 9.70698e-08 7.69472e-08 6.09858e-08 4.82941e-08 3.81765e-08 3.00882e-08 2.40634e-08
0.0015369 0.000101187 5.18935e-05 2.9463e-05 1.8188e-05 1.196e-05 8.231e-06 5.85125e-06 4.25769e-06 3.1518e-06 2.36368e-06 1.79066e-06 1.36753e-06 1.05126e-06 8.12531e-07 6.30886e-07 4.9175e-07 3.84574e-07 3.01617e-07 2.37141e-07 1.8685e-07 1.47492e-07 1.16599e-07 9.22866e-08 7.31038e-08 5.79315e-08 4.59021e-08 3.63412e-08 2.87227e-08 2.2635e-08 1.80959e-08
0.00124694 7.74818e-05 3.97145e-05 2.25441e-05 1.39172e-05 9.15199e-06 6.2981e-06 4.47631e-06 3.25617e-06 2.40942e-06 1.80608e-06 1.36753e-06 1.04383e-06 8.01986e-07 6.19533e-07 4.80781e-07 3.74558e-07 2.92779e-07 2.29516e-07 1.80374e-07 1.42059e-07 1.12089e-07 8.85765e-08 7.00811e-08 5.54949e-08 4.39636e-08 3.48252e-08 2.75652e-08 2.17827e-08 1.71642e-08 1.37172e-08
0.00101452 5.96839e-05 3.05872e-05 1.73641e-05 1.07208e-05 7.05045e-06 4.85147e-06 3.44733e-06 2.50677e-06 1.85408e-06 1.38911e-06 1.05126e-06 8.01986e-07 6.15843e-07 4.75484e-07 3.68802e-07 2.87174e-07 2.24365e-07 1.75804e-07 1.381e-07 1.08717e-07 8.57458e-08 6.77329e-08 5.35702e-08 4.24062e-08 3.35844e-08 2.65962e-08 2.1047e-08 1.6629e-08 1.31019e-08 1.0467e-08
0.000827237 4.62045e-05 2.36822e-05 1.34474e-05 8.30428e-06 5.46157e-06 3.75774e-06 2.66946e-06 1.9404e-06 1.43452e-06 1.07423e-06 8.12531e-07 6.19533e-07 4.75484e-07 3.66923e-07 2.84452e-07 2.21385e-07 1.72883e-07 1.35402e-07 1.06316e-07 8.36604e-08 6.59566e-08 5.20812e-08 4.11765e-08 3.25846e-08 2.57982e-08 2.04248e-08 1.61596e-08 1.27654e-08 1.00568e-08 8.03161e-09
0.000675697 3.5921e-05 1.84174e-05 1.04616e-05 6.46202e-06 4.25024e-06 2.92395e-06 2.07657e-06 1.50885e-06 1.11497e-06 8.34516e-07 6.30886e-07 4.80781e-07 3.68802e-07 2.84452e-07 2.20409e-07 1.71459e-07 1.33833e-07 1.04771e-07 8.22291e-08 6.46801e-08 5.09729e-08 4.02347e-08 3.17994e-08 2.51561e-08 1.9911e-08 1.57598e-08 1.24661e-08 9.84603e-09 7.75611e-09 6.19222e-09
0.000552665 2.80265e-05 1.43765e-05 8.16982e-06 5.04785e-06 3.32034e-06 2.28394e-06 1.62158e-06 1.1778e-06 8.6994e-07 6.50802e-07 4.9175e-07 3.74558e-07 2.87174e-07 2.21385e-07 1.71459e-07 1.33318e-07 1.04015e-07 8.13926e-08 6.38542e-08 5.02068e-08 3.95519e-08 3.12086e-08 2.46573e-08 1.95e-08 1.54299e-08 1.22099e-08 9.65603e-09 7.62536e-09 6.00623e-09 4.79369e-09
0.000452506 2.19336e-05 1.12576e-05 6.40061e-06 3.95595e-06 2.60234e-06 1.78984e-06 1.27042e-06 9.22394e-07 6.80995e-07 5.0921e-07 3.84574e-07 2.92779e-07 2.24365e-07 1.72883e-07 1.33833e-07 1.04015e-07 8.11173e-08 6.34486e-08 4.97569e-08 3.91075e-08 3.07969e-08 2.4292e-08 1.91865e-08 1.51689e-08 1.19994e-08 9.49301e-09 7.50591e-09 5.92649e-09 4.66767e-09 3.72423e-09
0.000370785 1.72091e-05 8.8385e-06 5.02801e-06 3.10868e-06 2.04519e-06 1.4065e-06 9.98079e-07 7.24398e-07 5.34591e-07 3.99556e-07 3.01617e-07 2.29516e-07 1.75804e-07 1.35402e-07 1.04771e-07 8.13926e-08 6.34486e-08 4.96086e-08 3.88885e-08 3.0554e-08 2.40526e-08 1.89659e-08 1.49751e-08 1.18359e-08 9.3604e-09 7.40347e-09 5.8526e-09 4.62039e-09 3.63867e-09 2.90237e-09
0.000303985 1.35305e-05 6.9542e-06 3.95849e-06 2.44838e-06 1.61102e-06 1.10784e-06 7.8597e-07 5.70264e-07 4.20678e-07 3.14282e-07 2.37141e-07 1.80374e-07 1.381e-07 1.06316e-07 8.22291e-08 6.38542e-08 4.97569e-08 3.88885e-08 3.04737e-08 2.39342e-08 1.8835e-08 1.4847e-08 1.17194e-08 9.26006e-09 7.32143e-09 5.78946e-09 4.57582e-09 3.6119e-09 2.84422e-09 2.26805e-09
0.000249291 1.06558e-05 5.48089e-06 3.12195e-06 1.93185e-06 1.27141e-06 8.74297e-07 6.20169e-07 4.49837e-07 3.31723e-07 2.47727e-07 1.8685e-07 1.42059e-07 1.08717e-07 8.36604e-08 6.46801e-08 5.02068e-08 3.91075e-08 3.0554e-08 2.39342e-08 1.87916e-08 1.47833e-08 1.16496e-08 9.19287e-09 7.26179e-09 5.74009e-09 4.53802e-09 3.58606e-09 2.83024e-09 2.22851e-09 1.77659e-09
0.000204445 8.40159e-06 4.32496e-06 2.46539e-06 1.52642e-06 1.00489e-06 6.91067e-07 4.90146e-07 3.55444e-07 2.62035e-07 1.95628e-07 1.47492e-07 1.12089e-07 8.57458e-08 6.59566e-08 5.09729e-08 3.95519e-08 3.07969e-08 2.40526e-08 1.8835e-08 1.47833e-08 1.16264e-08 9.15922e-09 7.22565e-09 5.70634e-09 4.50951e-09 3.5644e-09 2.81618e-09 2.22233e-09 1.74971e-09 1.39453e-09
0.000167622 6.6283e-06 3.4151e-06 1.94844e-06 1.2072e-06 7.95084e-07 5.4689e-07 3.87885e-07 2.81246e-07 2.07313e-07 1.54715e-07 1.16599e-07 8.85765e-08 6.77329e-08 5.20812e-08 4.02347e-08 3.12086e-08 2.4292e-08 1.89659e-08 1.4847e-08 1.16496e-08 9.15922e-09 7.21355e-09 5.68923e-09 4.49186e-09 3.54896e-09 2.8046e-09 2.2155e-09 1.74809e-09 1.37622e-09 1.09659e-09
0.000137342 5.22896e-06 2.69671e-06 1.5402e-06 9.55139e-07 6.2948e-07 4.33141e-07 3.07251e-07 2.22839e-07 1.64205e-07 1.225e-07 9.22866e-08 7.00811e-08 5.35702e-08 4.11765e-08 3.17994e-08 2.46573e-08 1.91865e-08 1.49751e-08 1.17194e-08 9.19287e-09 7.22565e-09 5.68923e-09 4.48589e-09 3.54096e-09 2.79707e-09 2.20999e-09 1.74551e-09 1.37709e-09 1.08407e-09 8.63598e-10
0.000112401 4.12123e-06 2.12775e-06 1.21687e-06 7.55568e-07 4.98432e-07 3.43186e-07 2.43687e-07 1.76693e-07 1.30161e-07 9.70698e-08 7.31038e-08 5.54949e-08 4.24062e-08 3.25846e-08 2.51561e-08 1.95e-08 1.51689e-08 1.18359e-08 9.26006e-09 7.26179e-09 5.70634e-09 4.49186e-09 3.54096e-09 2.79447e-09 2.20696e-09 1.74343e-09 1.3768e-09 1.08608e-09 8.54923e-10 6.80909e-10
9.1818e-05 3.24142e-06 1.67574e-06 9.60062e-07 5.9716e-07 3.94502e-07 2.72307e-07 1.93328e-07 1.40145e-07 1.03209e-07 7.69472e-08 5.79315e-08 4.39636e-08 3.35844e-08 2.57982e-08 1.9911e-08 1.54299e-08 1.19994e-08 9.3604e-09 7.32143e-09 5.74009e-09 4.50951e-09 3.54896e-09 2.79707e-09 2.20696e-09 1.74265e-09 1.37642e-09 1.08682e-09 8.57238e-10 6.74748e-10 5.373e-10
7.47865e-05 2.54013e-06 1.31547e-06 7.55544e-07 4.71161e-07 3.12945e-07 2.16007e-07 1.53336e-07 1.11131e-07 8.1822e-08 6.09858e-08 4.59021e-08 3.48252e-08 2.65962e-08 2.04248e-08 1.57598e-08 1.22099e-08 9.49301e-09 7.40347e-09 5.78946e-09 4.53802e-09 3.5644e-09 2.8046e-09 2.20999e-09 1.74343e-09 1.37642e-09 1.08699e-09 8.58184e-10 6.76838e-10 5.32723e-10 4.24131e-10
6.06451e-05 1.97896e-06 1.02743e-06 5.92321e-07 3.73358e-07 2.48011e-07 1.7118e-07 1.21499e-07 8.80417e-08 6.48085e-08 4.82941e-08 3.63412e-08 2.75652e-08 2.1047e-08 1.61596e-08 1.24661e-08 9.65603e-09 7.50591e-09 5.8526e-09 4.57582e-09 3.58606e-09 2.81618e-09 2.2155e-09 1.74551e-09 1.3768e-09 1.08682e-09 8.58184e-10 6.77471e-10 5.3427e-10 4.20492e-10 3.34727e-10
4.88474e-05 1.52811e-06 7.96554e-07 4.68427e-07 2.95314e-07 1.96177e-07 1.35397e-07 9.60907e-08 6.96201e-08 5.12399e-08 3.81765e-08 2.87227e-08 2.17827e-08 1.6629e-08 1.27654e-08 9.84603e-09 7.62536e-09 5.92649e-09 4.62039e-09 3.6119e-09 2.83024e-09 2.22233e-09 1.74809e-09 1.37709e-09 1.08608e-09 8.57238e-10 6.76838e-10 5.3427e-10 4.21313e-10 3.31579e-10 2.63919e-10
3.89401e-05 1.16459e-06 6.27979e-07 3.69322e-07 2.32844e-07 1.54676e-07 1.06749e-07 7.57543e-08 5.4881e-08 4.03881e-08 3.00882e-08 2.2635e-08 1.71642e-08 1.31019e-08 1.00568e-08 7.75611e-09 6.00623e-09 4.66767e-09 3.63867e-09 2.84422e-09 2.22851e-09 1.74971e-09 1.37622e-09 1.08407e-09 8.54923e-10 6.74748e-10 5.32723e-10 4.20492e-10 3.31579e-10 2.60952e-10 2.0769e-10
3.2025e-05 9.32335e-07 5.03077e-07 2.95959e-07 1.86594e-07 1.2393e-07 8.55038e-08 6.06555e-08 4.39256e-08 3.23132e-08 2.40634e-08 1.80959e-08 1.37172e-08 1.0467e-08 8.03161e-09 6.19222e-09 4.79369e-09 3.72423e-09 2.90237e-09 2.26805e-09 1.77659e-09 1.39453e-09 1.09659e-09 8.63598e-10 6.80909e-10 5.373e-10 4.24131e-10 3.34727e-10 2.63919e-10 2.0769e-10 1.65263e-10
