0.372723 0.0349146 0.0215217 0.0143703 0.0100726 0.00726814 0.00533735 0.00396219 0.00296161 0.0022236 0.00167443 0.00126337 0.000954466 0.000721705 0.000545992 0.00041318 0.000312712 0.00023667 0.000179099 0.000135504 0.000102492 7.74924e-05 5.85609e-05 4.42231e-05 3.33612e-05 2.51271e-05 1.88768e-05 1.41206e-05 1.0485e-05 7.68424e-06 5.79689e-06
0.0349146 0.00593864 0.00343979 0.00210712 0.00133802 0.000871526 0.000578826 0.000390452 0.00026674 0.000184132 0.000128204 8.99029e-05 6.34208e-05 4.4964e-05 3.20139e-05 2.28761e-05 1.63974e-05 1.17849e-05 8.48941e-06 6.12758e-06 4.43021e-06 3.20733e-06 2.32427e-06 1.68515e-06 1.2215e-06 8.84246e-07 6.38137e-07 4.57779e-07 3.24865e-07 2.26226e-07 1.656e-07
0.0215217 0.00343979 0.00187323 0.00109788 0.000676692 0.000432189 0.000283348 0.000189505 0.000128727 8.8525e-05 6.14829e-05 4.30452e-05 3.03354e-05 2.14951e-05 1.53006e-05 1.09331e-05 7.83787e-06 5.63461e-06 4.06038e-06 2.93191e-06 2.12067e-06 1.53596e-06 1.11352e-06 8.07609e-07 5.85546e-07 4.2392e-07 3.0591e-07 2.19417e-07 1.55751e-07 1.12365e-07 8.22982e-08
0.0143703 0.00210712 0.00109788 0.000622006 0.000374398 0.000235352 0.000152693 0.000101421 6.85794e-05 4.70183e-05 3.25886e-05 2.27845e-05 1.60423e-05 1.13604e-05 8.08351e-06 5.77489e-06 4.13958e-06 2.97589e-06 2.14458e-06 1.5487e-06 1.12032e-06 8.11548e-07 5.88439e-07 4.26854e-07 3.09548e-07 2.24173e-07 1.61863e-07 1.1626e-07 8.42333e-08 6.07738e-08 4.45195e-08
0.0100726 0.00133802 0.000676692 0.000374398 0.000221581 0.00013772 8.8691e-05 5.86254e-05 3.95149e-05 2.70328e-05 1.87083e-05 1.30657e-05 9.19202e-06 6.50541e-06 4.62671e-06 3.30408e-06 2.36771e-06 1.70169e-06 1.22606e-06 8.85244e-07 6.40291e-07 4.63769e-07 3.36252e-07 2.43922e-07 1.76918e-07 1.28183e-07 9.26594e-08 6.72814e-08 4.87517e-08 3.51737e-08 2.57629e-08
0.00726814 0.000871526 0.000432189 0.000235352 0.00013772 8.49549e-05 5.44446e-05 3.58744e-05 2.41287e-05 1.6482e-05 1.13936e-05 7.95008e-06 5.58887e-06 3.95281e-06 2.80966e-06 2.00542e-06 1.4364e-06 1.03189e-06 7.43174e-07 5.36386e-07 3.87833e-07 2.8083e-07 2.03569e-07 1.47658e-07 1.0711e-07 7.76488e-08 5.64292e-08 4.09728e-08 2.96866e-08 2.14167e-08 1.56816e-08
0.00533735 0.000578826 0.000283348 0.000152693 8.8691e-05 5.44446e-05 3.47824e-05 2.28711e-05 1.53603e-05 1.04806e-05 7.23826e-06 5.04649e-06 3.54501e-06 2.50551e-06 1.77973e-06 1.2695e-06 9.08747e-07 6.5246e-07 4.6965e-07 3.38799e-07 2.44854e-07 1.77227e-07 1.28427e-07 9.31372e-08 6.75672e-08 4.90971e-08 3.56733e-08 2.58973e-08 1.87605e-08 1.35326e-08 9.90454e-09
0.00396219 0.000390452 0.000189505 0.000101421 5.86254e-05 3.58744e-05 2.28711e-05 1.50171e-05 1.00744e-05 6.86746e-06 4.73884e-06 3.30123e-06 2.31721e-06 1.6365e-06 1.16161e-06 8.28003e-07 5.92308e-07 4.24987e-07 3.05723e-07 2.20416e-07 1.59212e-07 1.15184e-07 8.34355e-08 6.04946e-08 4.39227e-08 3.19058e-08 2.31753e-08 1.68198e-08 1.21818e-08 8.78573e-09 6.42731e-09
0.00296161 0.00026674 0.000128727 6.85794e-05 3.95149e-05 2.41287e-05 1.53603e-05 1.00744e-05 6.75208e-06 4.59874e-06 3.17065e-06 2.20696e-06 1.54786e-06 1.0923e-06 7.74727e-07 5.51819e-07 3.94457e-07 2.82832e-07 2.03328e-07 1.46501e-07 1.05761e-07 7.64747e-08 5.53729e-08 4.01514e-08 2.914e-08 2.11591e-08 1.53639e-08 1.1147e-08 8.07111e-09 5.82005e-09 4.25571e-09
0.0022236 0.000184132 8.8525e-05 4.70183e-05 2.70328e-05 1.6482e-05 1.04806e-05 6.86746e-06 4.59874e-06 3.12946e-06 2.15582e-06 1.49932e-06 1.05068e-06 7.40843e-07 5.25039e-07 3.73687e-07 2.66927e-07 1.91256e-07 1.37402e-07 9.89382e-08 7.13828e-08 5.15892e-08 3.73438e-08 2.7065e-08 1.96335e-08 1.42503e-08 1.03433e-08 7.50185e-09 5.43033e-09 3.9151e-09 2.86144e-09
0.00167443 0.000128204 6.14829e-05 3.25886e-05 1.87083e-05 1.13936e-05 7.23826e-06 4.73884e-06 3.17065e-06 2.15582e-06 1.48384e-06 1.0311e-06 7.21963e-07 5.08646e-07 3.60195e-07 2.56167e-07 1.82847e-07 1.30921e-07 9.39931e-08 6.76387e-08 4.87722e-08 3.52325e-08 2.549e-08 1.84647e-08 1.33883e-08 9.71322e-09 7.04739e-09 5.10964e-09 3.69767e-09 2.66544e-09 1.94721e-09
0.00126337 8.99029e-05 4.30452e-05 2.27845e-05 1.30657e-05 7.95008e-06 5.04649e-06 3.30123e-06 2.20696e-06 1.49932e-06 1.0311e-06 7.15893e-07 5.00846e-07 3.52578e-07 2.49482e-07 1.77296e-07 1.2646e-07 9.04844e-08 6.492e-08 4.66887e-08 3.36478e-08 2.42931e-08 1.75663e-08 1.27184e-08 9.21756e-09 6.68445e-09 4.84799e-09 3.51379e-09 2.54211e-09 1.83214e-09 1.33787e-09
0.000954466 6.34208e-05 3.03354e-05 1.60423e-05 9.19202e-06 5.58887e-06 3.54501e-06 2.31721e-06 1.54786e-06 1.05068e-06 7.21963e-07 5.00846e-07 3.50113e-07 2.46273e-07 1.74129e-07 1.23656e-07 8.81385e-08 6.3023e-08 4.51887e-08 3.24797e-08 2.33941e-08 1.68809e-08 1.22002e-08 8.82892e-09 6.39574e-09 4.63614e-09 3.36114e-09 2.43532e-09 1.7614e-09 1.26926e-09 9.26446e-10
0.000721705 4.4964e-05 2.14951e-05 1.13604e-05 6.50541e-06 3.95281e-06 2.50551e-06 1.6365e-06 1.0923e-06 7.40843e-07 5.08646e-07 3.52578e-07 2.46273e-07 1.731e-07 1.22302e-07 8.67899e-08 6.18199e-08 4.41757e-08 3.16559e-08 2.27396e-08 1.63695e-08 1.18057e-08 8.52797e-09 6.16852e-09 4.46654e-09 3.23637e-09 2.34545e-09 1.69885e-09 1.22841e-09 8.85042e-10 6.4574e-10
0.000545992 3.20139e-05 1.53006e-05 8.08351e-06 4.62671e-06 2.80966e-06 1.77973e-06 1.16161e-06 7.74727e-07 5.25039e-07 3.60195e-07 2.49482e-07 1.74129e-07 1.22302e-07 8.63498e-08 6.12358e-08 4.35898e-08 3.11297e-08 2.22941e-08 1.60056e-08 1.15157e-08 8.30095e-09 5.99335e-09 4.33317e-09 3.13624e-09 2.27156e-09 1.64564e-09 1.19159e-09 8.61401e-10 6.20521e-10 4.52566e-10
0.00041318 2.28761e-05 1.09331e-05 5.77489e-06 3.30408e-06 2.00542e-06 1.2695e-06 8.28003e-07 5.51819e-07 3.73687e-07 2.56167e-07 1.77296e-07 1.23656e-07 8.67899e-08 6.12358e-08 4.33979e-08 3.08732e-08 2.20351e-08 1.57719e-08 1.1317e-08 8.13816e-09 5.86339e-09 4.23144e-09 3.05796e-09 2.21236e-09 1.60178e-09 1.16001e-09 8.39694e-10 6.06869e-10 4.37099e-10 3.18671e-10
0.000312712 1.63974e-05 7.83787e-06 4.13958e-06 2.36771e-06 1.4364e-06 9.08747e-07 5.92308e-07 3.94457e-07 2.66927e-07 1.82847e-07 1.2646e-07 8.81385e-08 6.18199e-08 4.35898e-08 3.08732e-08 2.19501e-08 1.56575e-08 1.1201e-08 8.03302e-09 5.77376e-09 4.15792e-09 2.99931e-09 2.16661e-09 1.56686e-09 1.13401e-09 8.20973e-10 5.94101e-10 4.29271e-10 3.09138e-10 2.25299e-10
0.00023667 1.17849e-05 5.63461e-06 2.97589e-06 1.70169e-06 1.03189e-06 6.5246e-07 4.24987e-07 2.82832e-07 1.91256e-07 1.30921e-07 9.04844e-08 6.3023e-08 4.41757e-08 3.11297e-08 2.20351e-08 1.56575e-08 1.11628e-08 7.98143e-09 5.72121e-09 4.11019e-09 2.95858e-09 2.13325e-09 1.54036e-09 1.11354e-09 8.05632e-10 5.83053e-10 4.21809e-10 3.04711e-10 2.19405e-10 1.59847e-10
0.000179099 8.48941e-06 4.06038e-06 2.14458e-06 1.22606e-06 7.43174e-07 4.6965e-07 3.05723e-07 2.03328e-07 1.37402e-07 9.39931e-08 6.492e-08 4.51887e-08 3.16559e-08 2.22941e-08 1.57719e-08 1.1201e-08 7.98143e-09 5.7039e-09 4.0867e-09 2.9346e-09 2.11146e-09 1.52181e-09 1.09843e-09 7.93769e-10 5.74084e-10 4.15347e-10 3.004e-10 2.16958e-10 1.56198e-10 1.1376e-10
0.000135504 6.12758e-06 2.93191e-06 1.5487e-06 8.85244e-07 5.36386e-07 3.38799e-07 2.20416e-07 1.46501e-07 9.89382e-08 6.76387e-08 4.66887e-08 3.24797e-08 2.27396e-08 1.60056e-08 1.1317e-08 8.03302e-09 5.72121e-09 4.0867e-09 2.92669e-09 2.1007e-09 1.51083e-09 1.08848e-09 7.85362e-10 5.67332e-10 4.1018e-10 2.96673e-10 2.14512e-10 1.54895e-10 1.11501e-10 8.11808e-11
0.000102492 4.43021e-06 2.12067e-06 1.12032e-06 6.40291e-07 3.87833e-07 2.44854e-07 1.59212e-07 1.05761e-07 7.13828e-08 4.87722e-08 3.36478e-08 2.33941e-08 1.63695e-08 1.15157e-08 8.13816e-09 5.77376e-09 4.11019e-09 2.9346e-09 2.1007e-09 1.5072e-09 1.08355e-09 7.8035e-10 5.62834e-10 4.06443e-10 2.93764e-10 2.12411e-10 1.53546e-10 1.1085e-10 7.97848e-11 5.80715e-11
7.74924e-05 3.20733e-06 1.53596e-06 8.11548e-07 4.63769e-07 2.8083e-07 1.77227e-07 1.15184e-07 7.64747e-08 5.15892e-08 3.52325e-08 2.42931e-08 1.68809e-08 1.18057e-08 8.30095e-09 5.86339e-09 4.15792e-09 2.95858e-09 2.11146e-09 1.51083e-09 1.08355e-09 7.78686e-10 5.60589e-10 4.04189e-10 2.91784e-10 2.10827e-10 1.52399e-10 1.10139e-10 7.94969e-11 5.72112e-11 4.1629e-11
5.85609e-05 2.32427e-06 1.11352e-06 5.88439e-07 3.36252e-07 2.03569e-07 1.28427e-07 8.34355e-08 5.53729e-08 3.73438e-08 2.549e-08 1.75663e-08 1.22002e-08 8.52797e-09 5.99335e-09 4.23144e-09 2.99931e-09 2.13325e-09 1.52181e-09 1.08848e-09 7.8035e-10 5.60589e-10 4.03436e-10 2.90784e-10 2.09851e-10 1.51583e-10 1.09544e-10 7.91485e-11 5.71177e-11 4.11009e-11 2.98981e-11
4.42231e-05 1.68515e-06 8.07609e-07 4.26854e-07 2.43922e-07 1.47658e-07 9.31372e-08 6.04946e-08 4.01514e-08 2.7065e-08 1.84647e-08 1.27184e-08 8.82892e-09 6.16852e-09 4.33317e-09 3.05796e-09 2.16661e-09 1.54036e-09 1.09843e-09 7.85362e-10 5.62834e-10 4.04189e-10 2.90784e-10 2.09522e-10 1.51161e-10 1.09158e-10 7.88647e-11 5.69691e-11 4.11045e-11 2.95747e-11 2.15077e-11
3.33612e-05 1.2215e-06 5.85546e-07 3.09548e-07 1.76918e-07 1.0711e-07 6.75672e-08 4.39227e-08 2.914e-08 1.96335e-08 1.33883e-08 9.21756e-09 6.39574e-09 4.46654e-09 3.13624e-09 2.21236e-09 1.56686e-09 1.11354e-09 7.93769e-10 5.67332e-10 4.06443e-10 2.91784e-10 2.09851e-10 1.51161e-10 1.09025e-10 7.87093e-11 5.68523e-11 4.10593e-11 2.96201e-11 2.13094e-11 1.54929e-11
2.51271e-05 8.84246e-07 4.2392e-07 2.24173e-07 1.28183e-07 7.76488e-08 4.90971e-08 3.19058e-08 2.11591e-08 1.42503e-08 9.71322e-09 6.68445e-09 4.63614e-09 3.23637e-09 2.27156e-09 1.60178e-09 1.13401e-09 8.05632e-10 5.74084e-10 4.1018e-10 2.93764e-10 2.10827e-10 1.51583e-10 1.09158e-10 7.87093e-11 5.68092e-11 4.10243e-11 2.96222e-11 2.13659e-11 1.53696e-11 1.11718e-11
1.88768e-05 6.38137e-07 3.0591e-07 1.61863e-07 9.26594e-08 5.64292e-08 3.56733e-08 2.31753e-08 1.53639e-08 1.03433e-08 7.04739e-09 4.84799e-09 3.36114e-09 2.34545e-09 1.64564e-09 1.16001e-09 8.20973e-10 5.83053e-10 4.15347e-10 2.96673e-10 2.12411e-10 1.52399e-10 1.09544e-10 7.88647e-11 5.68523e-11 4.10243e-11 2.96191e-11 2.1383e-11 1.54209e-11 1.1092e-11 8.06069e-12
1.41206e-05 4.57779e-07 2.19417e-07 1.1626e-07 6.72814e-08 4.09728e-08 2.58973e-08 1.68198e-08 1.1147e-08 7.50185e-09 5.10964e-09 3.51379e-09 2.43532e-09 1.69885e-09 1.19159e-09 8.39694e-10 5.94101e-10 4.21809e-10 3.004e-10 2.14512e-10 1.53546e-10 1.10139e-10 7.91485e-11 5.69691e-11 4.10593e-11 2.96222e-11 2.1383e-11 1.54346e-11 1.11296e-11 8.00468e-12 5.81597e-12
1.0485e-05 3.24865e-07 1.55751e-07 8.42333e-08 4.87517e-08 2.96866e-08 1.87605e-08 1.21818e-08 8.07111e-09 5.43033e-09 3.69767e-09 2.54211e-09 1.7614e-09 1.22841e-09 8.61401e-10 6.06869e-10 4.29271e-10 3.04711e-10 2.16958e-10 1.54895e-10 1.1085e-10 7.94969e-11 5.71177e-11 4.11045e-11 2.96201e-11 2.13659e-11 1.54209e-11 1.11296e-11 8.0245e-12 5.77105e-12 4.19242e-12
7.68424e-06 2.26226e-07 1.12365e-07 6.07738e-08 3.51737e-08 2.14167e-08 1.35326e-08 8.78573e-09 5.82005e-09 3.9151e-09 2.66544e-09 1.83214e-09 1.26926e-09 8.85042e-10 6.20521e-10 4.37099e-10 3.09138e-10 2.19405e-10 1.56198e-10 1.11501e-10 7.97848e-11 5.72112e-11 4.11009e-11 2.95747e-11 2.13094e-11 1.53696e-11 1.1092e-11 8.00468e-12 5.77105e-12 4.15025e-12 3.01468e-12
5.79689e-06 1.656e-07 8.22982e-08 4.45195e-08 2.57629e-08 1.56816e-08 9.90454e-09 6.42731e-09 4.25571e-09 2.86144e-09 1.94721e-09 1.33787e-09 9.26446e-10 6.4574e-10 4.52566e-10 3.18671e-10 2.25299e-10 1.59847e-10 1.1376e-10 8.11808e-11 5.80715e-11 4.1629e-11 2.98981e-11 2.15077e-11 1.54929e-11 1.11718e-11 8.06069e-12 5.81597e-12 4.19242e-12 3.01468e-12 2.18931e-12
