0.832754 0.000284286 0.000272087 0.000260412 0.000249238 0.000238543 0.000228308 0.000218511 0.000209135 0.000200161 0.000191572 0.000183352 0.000175485 0.000167955 0.000160748 0.00015385 0.000147249 0.000140931 0.000134883 0.000129096 0.000123556 0.000118254 0.00011318 0.000108324 0.000103676 9.9227e-05 9.49693e-05 9.08942e-05 8.6994e-05 8.32612e-05 7.96885e-05 7.62691e-05 7.29965e-05 6.98642e-05 6.68664e-05 6.39972e-05 6.12512e-05 5.86229e-05 5.61075e-05 5.36999e-05 5.13957e-05 4.91903e-05 4.70796e-05 4.50595e-05 4.3126e-05 4.12755e-05 3.95044e-05 3.78093e-05 3.61869e-05 3.46342e-05 3.3148e-05 3.17257e-05 3.03644e-05 2.90615e-05 2.78144e-05 2.6621e-05 2.54787e-05 2.43854e-05 2.3339e-05 2.23376e-05 2.13791e-05 2.04617e-05 1.95837e-05 1.87434e-05 1.79391e-05 1.71694e-05 1.64327e-05 1.57275e-05 1.50527e-05 1.44068e-05 1.37886e-05 1.31969e-05 1.26307e-05 1.20887e-05 1.157e-05 1.10735e-05 1.05984e-05 1.01436e-05 9.70835e-06 9.29177e-06 8.89307e-06 8.51147e-06 8.14625e-06 7.7967e-06 7.46215e-06 7.14196e-06 6.8355e-06 6.54219e-06 6.26147e-06 5.9928e-06 5.73565e-06 5.48954e-06 5.25399e-06 5.02854e-06 4.81277e-06 4.60626e-06 4.40861e-06 4.21944e-06 4.03839e-06 3.8651e-06 3.69925e-06
0.000284286 3.92657e-05 3.79961e-05 3.67631e-05 3.5566e-05 3.44039e-05 3.3276e-05 3.21816e-05 3.11199e-05 3.009e-05 2.90912e-05 2.81227e-05 2.71838e-05 2.62737e-05 2.53916e-05 2.45368e-05 2.37087e-05 2.29064e-05 2.21294e-05 2.13768e-05 2.06481e-05 1.99426e-05 1.92596e-05 1.85985e-05 1.79586e-05 1.73395e-05 1.67404e-05 1.61608e-05 1.56001e-05 1.50577e-05 1.45332e-05 1.4026e-05 1.35356e-05 1.30614e-05 1.2603e-05 1.21598e-05 1.17315e-05 1.13176e-05 1.09176e-05 1.05311e-05 1.01576e-05 9.79684e-06 9.44831e-06 9.11165e-06 8.78649e-06 8.47246e-06 8.16919e-06 7.87636e-06 7.59361e-06 7.32063e-06 7.05709e-06 6.80269e-06 6.55713e-06 6.32012e-06 6.09137e-06 5.87062e-06 5.6576e-06 5.45205e-06 5.25372e-06 5.06237e-06 4.87778e-06 4.6997e-06 4.52792e-06 4.36224e-06 4.20243e-06 4.04831e-06 3.89968e-06 3.75635e-06 3.61813e-06 3.48487e-06 3.35638e-06 3.2325e-06 3.11307e-06 2.99794e-06 2.88695e-06 2.77997e-06 2.67686e-06 2.57748e-06 2.4817e-06 2.38939e-06 2.30043e-06 2.21471e-06 2.13211e-06 2.05252e-06 1.97584e-06 1.90195e-06 1.83077e-06 1.7622e-06 1.69614e-06 1.63251e-06 1.57121e-06 1.51217e-06 1.4553e-06 1.40053e-06 1.34778e-06 1.29697e-06 1.24805e-06 1.20093e-06 1.15557e-06 1.11188e-06 1.06982e-06
0.000272087 3.79961e-05 3.68204e-05 3.56763e-05 3.45632e-05 3.34805e-05 3.24276e-05 3.14039e-05 3.04088e-05 2.94418e-05 2.85022e-05 2.75895e-05 2.6703e-05 2.58422e-05 2.50065e-05 2.41953e-05 2.3408e-05 2.2644e-05 2.19029e-05 2.11839e-05 2.04866e-05 1.98104e-05 1.91548e-05 1.85192e-05 1.79031e-05 1.73061e-05 1.67275e-05 1.6167e-05 1.56239e-05 1.50979e-05 1.45884e-05 1.40951e-05 1.36174e-05 1.31549e-05 1.27072e-05 1.22738e-05 1.18543e-05 1.14484e-05 1.10557e-05 1.06757e-05 1.0308e-05 9.95239e-06 9.60841e-06 9.27573e-06 8.95401e-06 8.64292e-06 8.34213e-06 8.05133e-06 7.77021e-06 7.49847e-06 7.23583e-06 6.98199e-06 6.73668e-06 6.49964e-06 6.2706e-06 6.04931e-06 5.83552e-06 5.629e-06 5.42952e-06 5.23684e-06 5.05075e-06 4.87104e-06 4.69749e-06 4.52991e-06 4.36811e-06 4.21189e-06 4.06108e-06 3.91549e-06 3.77495e-06 3.63929e-06 3.50836e-06 3.382e-06 3.26005e-06 3.14237e-06 3.02881e-06 2.91923e-06 2.81351e-06 2.71151e-06 2.6131e-06 2.51817e-06 2.4266e-06 2.33827e-06 2.25307e-06 2.17089e-06 2.09164e-06 2.0152e-06 1.94149e-06 1.87041e-06 1.80188e-06 1.73579e-06 1.67207e-06 1.61063e-06 1.55141e-06 1.49431e-06 1.43926e-06 1.3862e-06 1.33505e-06 1.28575e-06 1.23823e-06 1.19243e-06 1.14829e-06
0.000260412 3.67631e-05 3.56763e-05 3.46164e-05 3.3583e-05 3.25756e-05 3.15939e-05 3.06376e-05 2.97062e-05 2.87992e-05 2.79163e-05 2.7057e-05 2.6221e-05 2.54076e-05 2.46166e-05 2.38474e-05 2.30996e-05 2.23727e-05 2.16664e-05 2.09801e-05 2.03134e-05 1.96658e-05 1.9037e-05 1.84265e-05 1.78338e-05 1.72585e-05 1.67002e-05 1.61585e-05 1.5633e-05 1.51232e-05 1.46288e-05 1.41493e-05 1.36844e-05 1.32337e-05 1.27968e-05 1.23733e-05 1.19629e-05 1.15653e-05 1.118e-05 1.08067e-05 1.04452e-05 1.0095e-05 9.75588e-06 9.42749e-06 9.10953e-06 8.80171e-06 8.50372e-06 8.21529e-06 7.93613e-06 7.66598e-06 7.40456e-06 7.15161e-06 6.9069e-06 6.67016e-06 6.44115e-06 6.21966e-06 6.00543e-06 5.79826e-06 5.59793e-06 5.40423e-06 5.21695e-06 5.03589e-06 4.86086e-06 4.69168e-06 4.52815e-06 4.37011e-06 4.21737e-06 4.06978e-06 3.92716e-06 3.78936e-06 3.65622e-06 3.5276e-06 3.40335e-06 3.28332e-06 3.16739e-06 3.05542e-06 2.94728e-06 2.84284e-06 2.74199e-06 2.64461e-06 2.55058e-06 2.4598e-06 2.37215e-06 2.28753e-06 2.20585e-06 2.12699e-06 2.05088e-06 1.97742e-06 1.90652e-06 1.83809e-06 1.77206e-06 1.70833e-06 1.64684e-06 1.5875e-06 1.53025e-06 1.47502e-06 1.42172e-06 1.37031e-06 1.32072e-06 1.27287e-06 1.22672e-06
0.000249238 3.5566e-05 3.45632e-05 3.3583e-05 3.2625e-05 3.16892e-05 3.07753e-05 2.98831e-05 2.90123e-05 2.81628e-05 2.73341e-05 2.6526e-05 2.57383e-05 2.49706e-05 2.42226e-05 2.34939e-05 2.27843e-05 2.20934e-05 2.14208e-05 2.07662e-05 2.01293e-05 1.95098e-05 1.89071e-05 1.83211e-05 1.77514e-05 1.71975e-05 1.66592e-05 1.61362e-05 1.5628e-05 1.51343e-05 1.46549e-05 1.41893e-05 1.37373e-05 1.32984e-05 1.28724e-05 1.2459e-05 1.20579e-05 1.16686e-05 1.1291e-05 1.09248e-05 1.05696e-05 1.02251e-05 9.89111e-06 9.56729e-06 9.25339e-06 8.94914e-06 8.65426e-06 8.36851e-06 8.09163e-06 7.82337e-06 7.5635e-06 7.31177e-06 7.06796e-06 6.83184e-06 6.60319e-06 6.38179e-06 6.16743e-06 5.95991e-06 5.75904e-06 5.5646e-06 5.37642e-06 5.1943e-06 5.01807e-06 4.84755e-06 4.68257e-06 4.52295e-06 4.36855e-06 4.21919e-06 4.07473e-06 3.93502e-06 3.7999e-06 3.66924e-06 3.5429e-06 3.42074e-06 3.30264e-06 3.18846e-06 3.07809e-06 2.9714e-06 2.86828e-06 2.76862e-06 2.67229e-06 2.57921e-06 2.48926e-06 2.40235e-06 2.31837e-06 2.23723e-06 2.15885e-06 2.08313e-06 2.00998e-06 1.93932e-06 1.87108e-06 1.80516e-06 1.7415e-06 1.68002e-06 1.62066e-06 1.56333e-06 1.50797e-06 1.45452e-06 1.40292e-06 1.3531e-06 1.305e-06
0.000238543 3.44039e-05 3.34805e-05 3.25756e-05 3.16892e-05 3.08213e-05 2.99718e-05 2.91406e-05 2.83277e-05 2.75329e-05 2.67561e-05 2.59971e-05 2.52558e-05 2.45319e-05 2.38253e-05 2.31358e-05 2.2463e-05 2.18069e-05 2.1167e-05 2.05433e-05 1.99354e-05 1.9343e-05 1.8766e-05 1.8204e-05 1.76567e-05 1.71239e-05 1.66054e-05 1.61007e-05 1.56097e-05 1.51321e-05 1.46676e-05 1.42158e-05 1.37766e-05 1.33497e-05 1.29347e-05 1.25315e-05 1.21397e-05 1.17591e-05 1.13894e-05 1.10303e-05 1.06816e-05 1.03431e-05 1.00145e-05 9.69552e-06 9.38595e-06 9.08554e-06 8.79405e-06 8.51127e-06 8.23696e-06 7.9709e-06 7.71287e-06 7.46265e-06 7.22005e-06 6.98484e-06 6.75683e-06 6.53583e-06 6.32163e-06 6.11405e-06 5.91291e-06 5.71802e-06 5.52921e-06 5.34631e-06 5.16914e-06 4.99754e-06 4.83136e-06 4.67043e-06 4.5146e-06 4.36372e-06 4.21765e-06 4.07625e-06 3.93937e-06 3.80689e-06 3.67867e-06 3.55458e-06 3.4345e-06 3.3183e-06 3.20588e-06 3.09712e-06 2.9919e-06 2.89011e-06 2.79165e-06 2.69643e-06 2.60432e-06 2.51525e-06 2.42912e-06 2.34583e-06 2.2653e-06 2.18744e-06 2.11216e-06 2.03938e-06 1.96904e-06 1.90103e-06 1.83531e-06 1.77178e-06 1.71038e-06 1.65104e-06 1.59371e-06 1.5383e-06 1.48476e-06 1.43303e-06 1.38305e-06
0.000228308 3.3276e-05 3.24276e-05 3.15939e-05 3.07753e-05 2.99718e-05 2.91834e-05 2.84103e-05 2.76526e-05 2.69101e-05 2.61828e-05 2.54708e-05 2.4774e-05 2.40923e-05 2.34255e-05 2.27736e-05 2.21365e-05 2.15139e-05 2.09058e-05 2.0312e-05 1.97323e-05 1.91665e-05 1.86144e-05 1.80759e-05 1.75507e-05 1.70386e-05 1.65394e-05 1.60529e-05 1.55789e-05 1.51172e-05 1.46674e-05 1.42295e-05 1.38032e-05 1.33882e-05 1.29843e-05 1.25913e-05 1.2209e-05 1.18371e-05 1.14754e-05 1.11237e-05 1.07818e-05 1.04495e-05 1.01264e-05 9.81254e-06 9.50753e-06 9.21122e-06 8.9234e-06 8.64385e-06 8.37238e-06 8.10879e-06 7.85288e-06 7.60446e-06 7.36333e-06 7.12932e-06 6.90224e-06 6.68191e-06 6.46815e-06 6.26078e-06 6.05965e-06 5.86458e-06 5.6754e-06 5.49197e-06 5.31412e-06 5.1417e-06 4.97455e-06 4.81255e-06 4.65553e-06 4.50336e-06 4.3559e-06 4.21303e-06 4.07461e-06 3.9405e-06 3.8106e-06 3.68477e-06 3.56291e-06 3.44488e-06 3.33059e-06 3.21992e-06 3.11277e-06 3.00902e-06 2.90859e-06 2.81137e-06 2.71726e-06 2.62617e-06 2.53802e-06 2.45271e-06 2.37015e-06 2.29027e-06 2.21298e-06 2.13819e-06 2.06585e-06 1.99586e-06 1.92816e-06 1.86267e-06 1.79934e-06 1.73808e-06 1.67884e-06 1.62155e-06 1.56615e-06 1.51258e-06 1.46079e-06
0.000218511 3.21816e-05 3.14039e-05 3.06376e-05 2.98831e-05 2.91406e-05 2.84103e-05 2.76925e-05 2.69872e-05 2.62946e-05 2.56148e-05 2.49477e-05 2.42936e-05 2.36522e-05 2.30238e-05 2.24082e-05 2.18054e-05 2.12154e-05 2.0638e-05 2.00732e-05 1.95208e-05 1.89809e-05 1.84532e-05 1.79376e-05 1.74339e-05 1.69422e-05 1.64621e-05 1.59935e-05 1.55363e-05 1.50902e-05 1.46552e-05 1.4231e-05 1.38175e-05 1.34144e-05 1.30216e-05 1.26389e-05 1.22662e-05 1.19032e-05 1.15497e-05 1.12055e-05 1.08705e-05 1.05445e-05 1.02273e-05 9.9187e-06 9.61849e-06 9.32651e-06 9.04258e-06 8.76652e-06 8.49815e-06 8.23728e-06 7.98375e-06 7.73739e-06 7.49801e-06 7.26546e-06 7.03957e-06 6.82017e-06 6.6071e-06 6.40021e-06 6.19934e-06 6.00434e-06 5.81505e-06 5.63134e-06 5.45305e-06 5.28004e-06 5.11218e-06 4.94932e-06 4.79134e-06 4.6381e-06 4.48948e-06 4.34534e-06 4.20558e-06 4.07006e-06 3.93867e-06 3.8113e-06 3.68783e-06 3.56815e-06 3.45216e-06 3.33976e-06 3.23083e-06 3.12529e-06 3.02303e-06 2.92396e-06 2.82799e-06 2.73503e-06 2.64499e-06 2.55778e-06 2.47332e-06 2.39154e-06 2.31235e-06 2.23567e-06 2.16143e-06 2.08956e-06 2.01998e-06 1.95263e-06 1.88744e-06 1.82435e-06 1.76328e-06 1.70419e-06 1.64701e-06 1.59167e-06 1.53813e-06
0.000209135 3.11199e-05 3.04088e-05 2.97062e-05 2.90123e-05 2.83277e-05 2.76526e-05 2.69872e-05 2.63319e-05 2.56869e-05 2.50523e-05 2.44282e-05 2.38149e-05 2.32124e-05 2.26208e-05 2.20402e-05 2.14705e-05 2.09118e-05 2.03642e-05 1.98275e-05 1.93018e-05 1.87869e-05 1.8283e-05 1.77898e-05 1.73073e-05 1.68354e-05 1.6374e-05 1.59231e-05 1.54824e-05 1.50519e-05 1.46314e-05 1.42209e-05 1.38201e-05 1.3429e-05 1.30473e-05 1.2675e-05 1.23119e-05 1.19578e-05 1.16126e-05 1.12761e-05 1.09482e-05 1.06287e-05 1.03175e-05 1.00144e-05 9.71915e-06 9.43172e-06 9.15191e-06 8.87956e-06 8.61452e-06 8.35662e-06 8.10571e-06 7.86164e-06 7.62426e-06 7.39342e-06 7.16896e-06 6.95074e-06 6.73862e-06 6.53245e-06 6.33209e-06 6.1374e-06 5.94824e-06 5.76448e-06 5.58598e-06 5.41262e-06 5.24426e-06 5.08078e-06 4.92205e-06 4.76796e-06 4.61837e-06 4.47318e-06 4.33228e-06 4.19553e-06 4.06285e-06 3.93411e-06 3.80922e-06 3.68807e-06 3.57055e-06 3.45658e-06 3.34604e-06 3.23885e-06 3.13492e-06 3.03415e-06 2.93646e-06 2.84175e-06 2.74995e-06 2.66098e-06 2.57474e-06 2.49118e-06 2.41019e-06 2.33173e-06 2.2557e-06 2.18204e-06 2.11069e-06 2.04157e-06 1.97462e-06 1.90977e-06 1.84697e-06 1.78615e-06 1.72725e-06 1.67022e-06 1.615e-06
0.000200161 3.009e-05 2.94418e-05 2.87992e-05 2.81628e-05 2.75329e-05 2.69101e-05 2.62946e-05 2.56869e-05 2.50872e-05 2.44957e-05 2.39128e-05 2.33387e-05 2.27734e-05 2.22172e-05 2.16701e-05 2.11324e-05 2.0604e-05 2.00851e-05 1.95757e-05 1.90758e-05 1.85854e-05 1.81045e-05 1.76332e-05 1.71714e-05 1.6719e-05 1.6276e-05 1.58424e-05 1.5418e-05 1.50028e-05 1.45968e-05 1.41998e-05 1.38117e-05 1.34324e-05 1.30619e-05 1.27e-05 1.23465e-05 1.20015e-05 1.16647e-05 1.1336e-05 1.10153e-05 1.07024e-05 1.03974e-05 1.00999e-05 9.80985e-06 9.52717e-06 9.25168e-06 8.98325e-06 8.72174e-06 8.46703e-06 8.21897e-06 7.97743e-06 7.74228e-06 7.51337e-06 7.29058e-06 7.07378e-06 6.86284e-06 6.65762e-06 6.458e-06 6.26385e-06 6.07504e-06 5.89146e-06 5.71298e-06 5.53948e-06 5.37084e-06 5.20695e-06 5.04768e-06 4.89294e-06 4.74259e-06 4.59655e-06 4.45469e-06 4.31691e-06 4.18312e-06 4.0532e-06 3.92706e-06 3.8046e-06 3.68572e-06 3.57033e-06 3.45834e-06 3.34966e-06 3.2442e-06 3.14187e-06 3.0426e-06 2.94628e-06 2.85286e-06 2.76223e-06 2.67434e-06 2.58911e-06 2.50645e-06 2.4263e-06 2.34859e-06 2.27325e-06 2.20022e-06 2.12942e-06 2.06079e-06 1.99428e-06 1.92982e-06 1.86735e-06 1.80681e-06 1.74816e-06 1.69133e-06
0.000191572 2.90912e-05 2.85022e-05 2.79163e-05 2.73341e-05 2.67561e-05 2.61828e-05 2.56148e-05 2.50523e-05 2.44957e-05 2.39455e-05 2.34019e-05 2.28652e-05 2.23356e-05 2.18134e-05 2.12987e-05 2.07917e-05 2.02926e-05 1.98015e-05 1.93184e-05 1.88435e-05 1.83769e-05 1.79186e-05 1.74685e-05 1.70269e-05 1.65936e-05 1.61686e-05 1.5752e-05 1.53437e-05 1.49436e-05 1.45519e-05 1.41682e-05 1.37928e-05 1.34253e-05 1.30659e-05 1.27143e-05 1.23706e-05 1.20346e-05 1.17063e-05 1.13855e-05 1.10721e-05 1.07661e-05 1.04673e-05 1.01756e-05 9.89092e-06 9.61315e-06 9.34216e-06 9.07785e-06 8.82009e-06 8.56876e-06 8.32376e-06 8.08496e-06 7.85224e-06 7.6255e-06 7.4046e-06 7.18943e-06 6.97988e-06 6.77583e-06 6.57717e-06 6.38378e-06 6.19555e-06 6.01236e-06 5.83411e-06 5.66068e-06 5.49197e-06 5.32786e-06 5.16826e-06 5.01306e-06 4.86215e-06 4.71544e-06 4.57281e-06 4.43419e-06 4.29946e-06 4.16853e-06 4.04131e-06 3.9177e-06 3.79763e-06 3.68099e-06 3.5677e-06 3.45767e-06 3.35082e-06 3.24708e-06 3.14635e-06 3.04856e-06 2.95363e-06 2.86149e-06 2.77206e-06 2.68527e-06 2.60105e-06 2.51932e-06 2.44003e-06 2.36311e-06 2.28848e-06 2.2161e-06 2.14589e-06 2.07779e-06 2.01175e-06 1.94772e-06 1.88562e-06 1.82541e-06 1.76704e-06
0.000183352 2.81227e-05 2.75895e-05 2.7057e-05 2.6526e-05 2.59971e-05 2.54708e-05 2.49477e-05 2.44282e-05 2.39128e-05 2.34019e-05 2.28958e-05 2.2395e-05 2.18996e-05 2.141e-05 2.09264e-05 2.0449e-05 1.99781e-05 1.95138e-05 1.90563e-05 1.86057e-05 1.81621e-05 1.77257e-05 1.72964e-05 1.68744e-05 1.64598e-05 1.60525e-05 1.56525e-05 1.526e-05 1.48749e-05 1.44972e-05 1.41269e-05 1.37639e-05 1.34082e-05 1.30598e-05 1.27186e-05 1.23846e-05 1.20577e-05 1.17379e-05 1.14251e-05 1.11191e-05 1.082e-05 1.05276e-05 1.02418e-05 9.96267e-06 9.68997e-06 9.42366e-06 9.16363e-06 8.9098e-06 8.66205e-06 8.4203e-06 8.18443e-06 7.95435e-06 7.72997e-06 7.51116e-06 7.29784e-06 7.08989e-06 6.88722e-06 6.68972e-06 6.4973e-06 6.30984e-06 6.12725e-06 5.94943e-06 5.77627e-06 5.60769e-06 5.44357e-06 5.28382e-06 5.12835e-06 4.97707e-06 4.82986e-06 4.68666e-06 4.54735e-06 4.41186e-06 4.28009e-06 4.15195e-06 4.02737e-06 3.90625e-06 3.7885e-06 3.67406e-06 3.56283e-06 3.45474e-06 3.34971e-06 3.24767e-06 3.14853e-06 3.05222e-06 2.95868e-06 2.86783e-06 2.7796e-06 2.69392e-06 2.61073e-06 2.52996e-06 2.45155e-06 2.37543e-06 2.30155e-06 2.22984e-06 2.16025e-06 2.09272e-06 2.02718e-06 1.9636e-06 1.90191e-06 1.84207e-06
0.000175485 2.71838e-05 2.6703e-05 2.6221e-05 2.57383e-05 2.52558e-05 2.4774e-05 2.42936e-05 2.38149e-05 2.33387e-05 2.28652e-05 2.2395e-05 2.19283e-05 2.14657e-05 2.10074e-05 2.05537e-05 2.01048e-05 1.96611e-05 1.92227e-05 1.87899e-05 1.83628e-05 1.79416e-05 1.75264e-05 1.71174e-05 1.67146e-05 1.63182e-05 1.59282e-05 1.55446e-05 1.51676e-05 1.47972e-05 1.44334e-05 1.40761e-05 1.37255e-05 1.33815e-05 1.30441e-05 1.27133e-05 1.2389e-05 1.20712e-05 1.176e-05 1.14551e-05 1.11567e-05 1.08645e-05 1.05786e-05 1.0299e-05 1.00254e-05 9.75794e-06 9.49645e-06 9.24087e-06 8.99113e-06 8.74713e-06 8.5088e-06 8.27605e-06 8.0488e-06 7.82696e-06 7.61044e-06 7.39915e-06 7.193e-06 6.99191e-06 6.79577e-06 6.6045e-06 6.41802e-06 6.23622e-06 6.05902e-06 5.88633e-06 5.71805e-06 5.55411e-06 5.3944e-06 5.23884e-06 5.08735e-06 4.93984e-06 4.79622e-06 4.65641e-06 4.52032e-06 4.38787e-06 4.25898e-06 4.13357e-06 4.01155e-06 3.89286e-06 3.7774e-06 3.66512e-06 3.55592e-06 3.44974e-06 3.34651e-06 3.24614e-06 3.14858e-06 3.05376e-06 2.9616e-06 2.87204e-06 2.78501e-06 2.70046e-06 2.61831e-06 2.53851e-06 2.46099e-06 2.38571e-06 2.31259e-06 2.24158e-06 2.17263e-06 2.10569e-06 2.0407e-06 1.9776e-06 1.91635e-06
0.000167955 2.62737e-05 2.58422e-05 2.54076e-05 2.49706e-05 2.45319e-05 2.40923e-05 2.36522e-05 2.32124e-05 2.27734e-05 2.23356e-05 2.18996e-05 2.14657e-05 2.10344e-05 2.06061e-05 2.01811e-05 1.97597e-05 1.93421e-05 1.89288e-05 1.85198e-05 1.81155e-05 1.7716e-05 1.73215e-05 1.69321e-05 1.65481e-05 1.61694e-05 1.57963e-05 1.54288e-05 1.50671e-05 1.47111e-05 1.43609e-05 1.40166e-05 1.36782e-05 1.33458e-05 1.30193e-05 1.26988e-05 1.23842e-05 1.20756e-05 1.17729e-05 1.14761e-05 1.11851e-05 1.09001e-05 1.06208e-05 1.03473e-05 1.00795e-05 9.81735e-06 9.56082e-06 9.30983e-06 9.06432e-06 8.82423e-06 8.58949e-06 8.36003e-06 8.13578e-06 7.91666e-06 7.7026e-06 7.49353e-06 7.28936e-06 7.09002e-06 6.89543e-06 6.7055e-06 6.52017e-06 6.33935e-06 6.16295e-06 5.9909e-06 5.82312e-06 5.65953e-06 5.50003e-06 5.34457e-06 5.19305e-06 5.04539e-06 4.90153e-06 4.76137e-06 4.62484e-06 4.49187e-06 4.36238e-06 4.23629e-06 4.11353e-06 3.99402e-06 3.8777e-06 3.76449e-06 3.65432e-06 3.54712e-06 3.44282e-06 3.34136e-06 3.24267e-06 3.14667e-06 3.05332e-06 2.96254e-06 2.87427e-06 2.78845e-06 2.70503e-06 2.62393e-06 2.54511e-06 2.46851e-06 2.39407e-06 2.32173e-06 2.25145e-06 2.18317e-06 2.11684e-06 2.0524e-06 1.98982e-06
0.000160748 2.53916e-05 2.50065e-05 2.46166e-05 2.42226e-05 2.38253e-05 2.34255e-05 2.30238e-05 2.26208e-05 2.22172e-05 2.18134e-05 2.141e-05 2.10074e-05 2.06061e-05 2.02065e-05 1.9809e-05 1.9414e-05 1.90217e-05 1.86325e-05 1.82466e-05 1.78643e-05 1.74858e-05 1.71113e-05 1.67411e-05 1.63753e-05 1.6014e-05 1.56574e-05 1.53056e-05 1.49588e-05 1.4617e-05 1.42803e-05 1.39488e-05 1.36225e-05 1.33015e-05 1.29858e-05 1.26755e-05 1.23706e-05 1.20711e-05 1.1777e-05 1.14883e-05 1.12049e-05 1.0927e-05 1.06544e-05 1.03871e-05 1.01252e-05 9.8685e-06 9.61704e-06 9.37077e-06 9.12964e-06 8.8936e-06 8.66259e-06 8.43657e-06 8.21547e-06 7.99924e-06 7.78781e-06 7.58112e-06 7.3791e-06 7.18169e-06 6.98881e-06 6.80041e-06 6.61641e-06 6.43673e-06 6.26131e-06 6.09008e-06 5.92296e-06 5.75988e-06 5.60077e-06 5.44556e-06 5.29418e-06 5.14654e-06 5.00259e-06 4.86224e-06 4.72543e-06 4.59209e-06 4.46214e-06 4.33552e-06 4.21216e-06 4.09198e-06 3.97493e-06 3.86093e-06 3.74992e-06 3.64182e-06 3.53659e-06 3.43414e-06 3.33443e-06 3.23739e-06 3.14295e-06 3.05105e-06 2.96165e-06 2.87467e-06 2.79006e-06 2.70777e-06 2.62773e-06 2.5499e-06 2.47422e-06 2.40064e-06 2.32911e-06 2.25957e-06 2.19197e-06 2.12627e-06 2.06243e-06
0.00015385 2.45368e-05 2.41953e-05 2.38474e-05 2.34939e-05 2.31358e-05 2.27736e-05 2.24082e-05 2.20402e-05 2.16701e-05 2.12987e-05 2.09264e-05 2.05537e-05 2.01811e-05 1.9809e-05 1.9438e-05 1.90683e-05 1.87002e-05 1.83343e-05 1.79706e-05 1.76096e-05 1.72515e-05 1.68965e-05 1.65449e-05 1.61968e-05 1.58524e-05 1.5512e-05 1.51756e-05 1.48434e-05 1.45155e-05 1.41921e-05 1.38731e-05 1.35588e-05 1.32491e-05 1.29442e-05 1.2644e-05 1.23487e-05 1.20583e-05 1.17727e-05 1.14921e-05 1.12164e-05 1.09456e-05 1.06798e-05 1.04188e-05 1.01628e-05 9.91166e-06 9.66539e-06 9.42395e-06 9.18731e-06 8.95545e-06 8.72832e-06 8.50588e-06 8.28808e-06 8.07489e-06 7.86624e-06 7.66209e-06 7.46238e-06 7.26705e-06 7.07606e-06 6.88933e-06 6.70682e-06 6.52846e-06 6.35418e-06 6.18392e-06 6.01763e-06 5.85524e-06 5.69667e-06 5.54187e-06 5.39078e-06 5.24332e-06 5.09943e-06 4.95904e-06 4.8221e-06 4.68853e-06 4.55828e-06 4.43127e-06 4.30744e-06 4.18673e-06 4.06907e-06 3.95441e-06 3.84268e-06 3.73382e-06 3.62776e-06 3.52446e-06 3.42384e-06 3.32585e-06 3.23044e-06 3.13754e-06 3.04709e-06 2.95905e-06 2.87336e-06 2.78996e-06 2.70881e-06 2.62984e-06 2.553e-06 2.47826e-06 2.40555e-06 2.33482e-06 2.26604e-06 2.19915e-06 2.1341e-06
0.000147249 2.37087e-05 2.3408e-05 2.30996e-05 2.27843e-05 2.2463e-05 2.21365e-05 2.18054e-05 2.14705e-05 2.11324e-05 2.07917e-05 2.0449e-05 2.01048e-05 1.97597e-05 1.9414e-05 1.90683e-05 1.87229e-05 1.83782e-05 1.80346e-05 1.76925e-05 1.73521e-05 1.70137e-05 1.66775e-05 1.6344e-05 1.60131e-05 1.56853e-05 1.53606e-05 1.50392e-05 1.47213e-05 1.44071e-05 1.40967e-05 1.37901e-05 1.34875e-05 1.3189e-05 1.28947e-05 1.26046e-05 1.23189e-05 1.20375e-05 1.17605e-05 1.1488e-05 1.12199e-05 1.09563e-05 1.06972e-05 1.04427e-05 1.01926e-05 9.94713e-06 9.70613e-06 9.46962e-06 9.2376e-06 9.01003e-06 8.78689e-06 8.56816e-06 8.3538e-06 8.14378e-06 7.93805e-06 7.73658e-06 7.53933e-06 7.34624e-06 7.15728e-06 6.97239e-06 6.79152e-06 6.61462e-06 6.44164e-06 6.27252e-06 6.10721e-06 5.94565e-06 5.78778e-06 5.63354e-06 5.48289e-06 5.33575e-06 5.19207e-06 5.0518e-06 4.91486e-06 4.78121e-06 4.65078e-06 4.52352e-06 4.39936e-06 4.27824e-06 4.16011e-06 4.04492e-06 3.93259e-06 3.82308e-06 3.71633e-06 3.61227e-06 3.51086e-06 3.41204e-06 3.31576e-06 3.22195e-06 3.13057e-06 3.04157e-06 2.95489e-06 2.87048e-06 2.78828e-06 2.70826e-06 2.63036e-06 2.55453e-06 2.48072e-06 2.40889e-06 2.33899e-06 2.27098e-06 2.20481e-06
0.000140931 2.29064e-05 2.2644e-05 2.23727e-05 2.20934e-05 2.18069e-05 2.15139e-05 2.12154e-05 2.09118e-05 2.0604e-05 2.02926e-05 1.99781e-05 1.96611e-05 1.93421e-05 1.90217e-05 1.87002e-05 1.83782e-05 1.8056e-05 1.7734e-05 1.74126e-05 1.7092e-05 1.67727e-05 1.64549e-05 1.61388e-05 1.58247e-05 1.55129e-05 1.52036e-05 1.48969e-05 1.45931e-05 1.42922e-05 1.39945e-05 1.37001e-05 1.34092e-05 1.31217e-05 1.28379e-05 1.25578e-05 1.22815e-05 1.20091e-05 1.17406e-05 1.14762e-05 1.12157e-05 1.09594e-05 1.07071e-05 1.0459e-05 1.0215e-05 9.97519e-06 9.73953e-06 9.50805e-06 9.28072e-06 9.05755e-06 8.83852e-06 8.62362e-06 8.41281e-06 8.20609e-06 8.00342e-06 7.80477e-06 7.61011e-06 7.4194e-06 7.23261e-06 7.0497e-06 6.87062e-06 6.69533e-06 6.52379e-06 6.35595e-06 6.19176e-06 6.03118e-06 5.87415e-06 5.72063e-06 5.57055e-06 5.42388e-06 5.28056e-06 5.14053e-06 5.00374e-06 4.87014e-06 4.73967e-06 4.61228e-06 4.48792e-06 4.36652e-06 4.24805e-06 4.13244e-06 4.01964e-06 3.90959e-06 3.80225e-06 3.69756e-06 3.59547e-06 3.49592e-06 3.39887e-06 3.30426e-06 3.21205e-06 3.12217e-06 3.03459e-06 2.94926e-06 2.86612e-06 2.78513e-06 2.70624e-06 2.62941e-06 2.55458e-06 2.48172e-06 2.41078e-06 2.34171e-06 2.27448e-06
0.000134883 2.21294e-05 2.19029e-05 2.16664e-05 2.14208e-05 2.1167e-05 2.09058e-05 2.0638e-05 2.03642e-05 2.00851e-05 1.98015e-05 1.95138e-05 1.92227e-05 1.89288e-05 1.86325e-05 1.83343e-05 1.80346e-05 1.7734e-05 1.74328e-05 1.71313e-05 1.68299e-05 1.65291e-05 1.62289e-05 1.59299e-05 1.56321e-05 1.53359e-05 1.50416e-05 1.47492e-05 1.4459e-05 1.41713e-05 1.38861e-05 1.36037e-05 1.33241e-05 1.30476e-05 1.27741e-05 1.25039e-05 1.2237e-05 1.19735e-05 1.17135e-05 1.14571e-05 1.12043e-05 1.09551e-05 1.07097e-05 1.0468e-05 1.02302e-05 9.9961e-06 9.76586e-06 9.53947e-06 9.31693e-06 9.09825e-06 8.88342e-06 8.67245e-06 8.46531e-06 8.262e-06 8.06251e-06 7.8668e-06 7.67486e-06 7.48666e-06 7.30217e-06 7.12137e-06 6.94422e-06 6.77068e-06 6.60072e-06 6.43429e-06 6.27137e-06 6.11191e-06 5.95586e-06 5.80318e-06 5.65382e-06 5.50775e-06 5.36491e-06 5.22526e-06 5.08875e-06 4.95533e-06 4.82495e-06 4.69756e-06 4.57312e-06 4.45157e-06 4.33287e-06 4.21696e-06 4.1038e-06 3.99334e-06 3.88552e-06 3.7803e-06 3.67763e-06 3.57746e-06 3.47975e-06 3.38443e-06 3.29148e-06 3.20083e-06 3.11244e-06 3.02628e-06 2.94228e-06 2.8604e-06 2.78061e-06 2.70285e-06 2.62708e-06 2.55327e-06 2.48135e-06 2.41131e-06 2.34308e-06
0.000129096 2.13768e-05 2.11839e-05 2.09801e-05 2.07662e-05 2.05433e-05 2.0312e-05 2.00732e-05 1.98275e-05 1.95757e-05 1.93184e-05 1.90563e-05 1.87899e-05 1.85198e-05 1.82466e-05 1.79706e-05 1.76925e-05 1.74126e-05 1.71313e-05 1.68491e-05 1.65662e-05 1.62832e-05 1.60002e-05 1.57176e-05 1.54356e-05 1.51547e-05 1.48748e-05 1.45965e-05 1.43197e-05 1.40448e-05 1.37719e-05 1.35012e-05 1.32328e-05 1.2967e-05 1.27037e-05 1.24433e-05 1.21857e-05 1.1931e-05 1.16795e-05 1.1431e-05 1.11858e-05 1.09439e-05 1.07053e-05 1.04701e-05 1.02384e-05 1.00101e-05 9.78537e-06 9.56413e-06 9.34646e-06 9.13235e-06 8.92181e-06 8.71486e-06 8.51149e-06 8.3117e-06 8.11549e-06 7.92283e-06 7.73373e-06 7.54816e-06 7.3661e-06 7.18753e-06 7.01243e-06 6.84077e-06 6.67252e-06 6.50764e-06 6.34611e-06 6.1879e-06 6.03295e-06 5.88125e-06 5.73275e-06 5.5874e-06 5.44518e-06 5.30604e-06 5.16993e-06 5.03681e-06 4.90664e-06 4.77938e-06 4.65498e-06 4.53339e-06 4.41458e-06 4.29849e-06 4.18508e-06 4.07431e-06 3.96612e-06 3.86048e-06 3.75734e-06 3.65665e-06 3.55836e-06 3.46244e-06 3.36884e-06 3.27751e-06 3.18841e-06 3.10149e-06 3.01672e-06 2.93404e-06 2.85342e-06 2.77482e-06 2.69819e-06 2.62349e-06 2.55067e-06 2.47971e-06 2.41056e-06
0.000123556 2.06481e-05 2.04866e-05 2.03134e-05 2.01293e-05 1.99354e-05 1.97323e-05 1.95208e-05 1.93018e-05 1.90758e-05 1.88435e-05 1.86057e-05 1.83628e-05 1.81155e-05 1.78643e-05 1.76096e-05 1.73521e-05 1.7092e-05 1.68299e-05 1.65662e-05 1.63013e-05 1.60354e-05 1.5769e-05 1.55024e-05 1.52358e-05 1.49695e-05 1.47039e-05 1.44391e-05 1.41755e-05 1.39131e-05 1.36522e-05 1.3393e-05 1.31357e-05 1.28803e-05 1.26272e-05 1.23763e-05 1.21279e-05 1.18821e-05 1.16388e-05 1.13984e-05 1.11607e-05 1.0926e-05 1.06943e-05 1.04656e-05 1.024e-05 1.00176e-05 9.7983e-06 9.58229e-06 9.36953e-06 9.16006e-06 8.95389e-06 8.75105e-06 8.55153e-06 8.35536e-06 8.16253e-06 7.97303e-06 7.78687e-06 7.60404e-06 7.42452e-06 7.24831e-06 7.07538e-06 6.90571e-06 6.73928e-06 6.57608e-06 6.41607e-06 6.25922e-06 6.10551e-06 5.95491e-06 5.80738e-06 5.66289e-06 5.5214e-06 5.38288e-06 5.2473e-06 5.1146e-06 4.98477e-06 4.85775e-06 4.7335e-06 4.61199e-06 4.49318e-06 4.37702e-06 4.26347e-06 4.15249e-06 4.04404e-06 3.93808e-06 3.83456e-06 3.73345e-06 3.63469e-06 3.53826e-06 3.4441e-06 3.35218e-06 3.26245e-06 3.17487e-06 3.08941e-06 3.00601e-06 2.92465e-06 2.84527e-06 2.76785e-06 2.69234e-06 2.6187e-06 2.54689e-06 2.47688e-06
0.000118254 1.99426e-05 1.98104e-05 1.96658e-05 1.95098e-05 1.9343e-05 1.91665e-05 1.89809e-05 1.87869e-05 1.85854e-05 1.83769e-05 1.81621e-05 1.79416e-05 1.7716e-05 1.74858e-05 1.72515e-05 1.70137e-05 1.67727e-05 1.65291e-05 1.62832e-05 1.60354e-05 1.57862e-05 1.55358e-05 1.52846e-05 1.50329e-05 1.4781e-05 1.45291e-05 1.42776e-05 1.40267e-05 1.37766e-05 1.35274e-05 1.32795e-05 1.3033e-05 1.2788e-05 1.25448e-05 1.23035e-05 1.20641e-05 1.18269e-05 1.1592e-05 1.13594e-05 1.11293e-05 1.09018e-05 1.06768e-05 1.04546e-05 1.02352e-05 1.00186e-05 9.80492e-06 9.59416e-06 9.38637e-06 9.1816e-06 8.97987e-06 8.78121e-06 8.58563e-06 8.39316e-06 8.20379e-06 8.01755e-06 7.83444e-06 7.65444e-06 7.47757e-06 7.30382e-06 7.13316e-06 6.9656e-06 6.80112e-06 6.6397e-06 6.48132e-06 6.32596e-06 6.17361e-06 6.02422e-06 5.87778e-06 5.73425e-06 5.59362e-06 5.45585e-06 5.3209e-06 5.18874e-06 5.05935e-06 4.93268e-06 4.8087e-06 4.68738e-06 4.56867e-06 4.45255e-06 4.33896e-06 4.22788e-06 4.11927e-06 4.01309e-06 3.9093e-06 3.80786e-06 3.70873e-06 3.61187e-06 3.51724e-06 3.42482e-06 3.33454e-06 3.24639e-06 3.16031e-06 3.07628e-06 2.99425e-06 2.91418e-06 2.83604e-06 2.75979e-06 2.68539e-06 2.6128e-06 2.542e-06
0.00011318 1.92596e-05 1.91548e-05 1.9037e-05 1.89071e-05 1.8766e-05 1.86144e-05 1.84532e-05 1.8283e-05 1.81045e-05 1.79186e-05 1.77257e-05 1.75264e-05 1.73215e-05 1.71113e-05 1.68965e-05 1.66775e-05 1.64549e-05 1.62289e-05 1.60002e-05 1.5769e-05 1.55358e-05 1.53009e-05 1.50646e-05 1.48273e-05 1.45893e-05 1.43509e-05 1.41123e-05 1.38738e-05 1.36356e-05 1.3398e-05 1.31611e-05 1.29252e-05 1.26904e-05 1.24569e-05 1.22249e-05 1.19946e-05 1.17659e-05 1.15392e-05 1.13144e-05 1.10918e-05 1.08714e-05 1.06533e-05 1.04376e-05 1.02243e-05 1.00136e-05 9.80546e-06 9.59999e-06 9.39722e-06 9.19719e-06 8.99995e-06 8.80553e-06 8.61396e-06 8.42526e-06 8.23946e-06 8.05655e-06 7.87657e-06 7.69951e-06 7.52538e-06 7.35418e-06 7.18591e-06 7.02056e-06 6.85813e-06 6.6986e-06 6.54196e-06 6.3882e-06 6.2373e-06 6.08924e-06 5.944e-06 5.80156e-06 5.66189e-06 5.52497e-06 5.39076e-06 5.25926e-06 5.13041e-06 5.00421e-06 4.8806e-06 4.75957e-06 4.64107e-06 4.52508e-06 4.41157e-06 4.30049e-06 4.19181e-06 4.08551e-06 3.98153e-06 3.87985e-06 3.78044e-06 3.68325e-06 3.58825e-06 3.4954e-06 3.40467e-06 3.31602e-06 3.22941e-06 3.14482e-06 3.06219e-06 2.9815e-06 2.90272e-06 2.8258e-06 2.75071e-06 2.67741e-06 2.60588e-06
0.000108324 1.85985e-05 1.85192e-05 1.84265e-05 1.83211e-05 1.8204e-05 1.80759e-05 1.79376e-05 1.77898e-05 1.76332e-05 1.74685e-05 1.72964e-05 1.71174e-05 1.69321e-05 1.67411e-05 1.65449e-05 1.6344e-05 1.61388e-05 1.59299e-05 1.57176e-05 1.55024e-05 1.52846e-05 1.50646e-05 1.48428e-05 1.46195e-05 1.4395e-05 1.41696e-05 1.39435e-05 1.37171e-05 1.34906e-05 1.32642e-05 1.30381e-05 1.28126e-05 1.25878e-05 1.23639e-05 1.21411e-05 1.19196e-05 1.16994e-05 1.14808e-05 1.12638e-05 1.10486e-05 1.08353e-05 1.06239e-05 1.04147e-05 1.02076e-05 1.00027e-05 9.80016e-06 9.6e-06 9.40228e-06 9.20704e-06 9.01434e-06 8.82422e-06 8.63672e-06 8.45186e-06 8.26968e-06 8.09019e-06 7.91342e-06 7.73938e-06 7.56808e-06 7.39953e-06 7.23373e-06 7.07069e-06 6.9104e-06 6.75287e-06 6.59807e-06 6.44601e-06 6.29667e-06 6.15004e-06 6.00611e-06 5.86485e-06 5.72625e-06 5.59029e-06 5.45694e-06 5.32618e-06 5.19799e-06 5.07235e-06 4.94922e-06 4.82858e-06 4.71039e-06 4.59464e-06 4.48129e-06 4.3703e-06 4.26166e-06 4.15532e-06 4.05126e-06 3.94944e-06 3.84982e-06 3.75239e-06 3.65709e-06 3.56391e-06 3.4728e-06 3.38374e-06 3.29668e-06 3.2116e-06 3.12846e-06 3.04722e-06 2.96786e-06 2.89034e-06 2.81463e-06 2.74069e-06 2.66849e-06
0.000103676 1.79586e-05 1.79031e-05 1.78338e-05 1.77514e-05 1.76567e-05 1.75507e-05 1.74339e-05 1.73073e-05 1.71714e-05 1.70269e-05 1.68744e-05 1.67146e-05 1.65481e-05 1.63753e-05 1.61968e-05 1.60131e-05 1.58247e-05 1.56321e-05 1.54356e-05 1.52358e-05 1.50329e-05 1.48273e-05 1.46195e-05 1.44097e-05 1.41983e-05 1.39855e-05 1.37716e-05 1.3557e-05 1.33419e-05 1.31264e-05 1.29109e-05 1.26956e-05 1.24806e-05 1.22661e-05 1.20523e-05 1.18395e-05 1.16277e-05 1.1417e-05 1.12077e-05 1.09999e-05 1.07936e-05 1.0589e-05 1.03862e-05 1.01852e-05 9.98621e-06 9.78926e-06 9.59443e-06 9.40177e-06 9.21135e-06 9.02323e-06 8.83746e-06 8.65407e-06 8.47312e-06 8.29462e-06 8.11862e-06 7.94513e-06 7.77418e-06 7.6058e-06 7.43998e-06 7.27674e-06 7.1161e-06 6.95805e-06 6.8026e-06 6.64974e-06 6.49948e-06 6.3518e-06 6.2067e-06 6.06417e-06 5.92419e-06 5.78676e-06 5.65186e-06 5.51946e-06 5.38955e-06 5.26212e-06 5.13714e-06 5.01458e-06 4.89442e-06 4.77665e-06 4.66123e-06 4.54813e-06 4.43734e-06 4.32881e-06 4.22253e-06 4.11847e-06 4.01659e-06 3.91687e-06 3.81927e-06 3.72377e-06 3.63033e-06 3.53893e-06 3.44952e-06 3.36209e-06 3.2766e-06 3.19301e-06 3.1113e-06 3.03144e-06 2.95338e-06 2.87712e-06 2.8026e-06 2.7298e-06
9.9227e-05 1.73395e-05 1.73061e-05 1.72585e-05 1.71975e-05 1.71239e-05 1.70386e-05 1.69422e-05 1.68354e-05 1.6719e-05 1.65936e-05 1.64598e-05 1.63182e-05 1.61694e-05 1.6014e-05 1.58524e-05 1.56853e-05 1.55129e-05 1.53359e-05 1.51547e-05 1.49695e-05 1.4781e-05 1.45893e-05 1.4395e-05 1.41983e-05 1.39995e-05 1.3799e-05 1.3597e-05 1.33938e-05 1.31897e-05 1.2985e-05 1.27798e-05 1.25744e-05 1.2369e-05 1.21638e-05 1.19589e-05 1.17546e-05 1.1551e-05 1.13483e-05 1.11466e-05 1.0946e-05 1.07467e-05 1.05487e-05 1.03523e-05 1.01575e-05 9.96435e-06 9.77299e-06 9.58348e-06 9.39591e-06 9.21034e-06 9.02683e-06 8.84543e-06 8.66621e-06 8.4892e-06 8.31445e-06 8.14199e-06 7.97186e-06 7.80407e-06 7.63867e-06 7.47566e-06 7.31507e-06 7.1569e-06 7.00118e-06 6.84789e-06 6.69706e-06 6.54868e-06 6.40276e-06 6.25928e-06 6.11825e-06 5.97965e-06 5.84348e-06 5.70973e-06 5.57838e-06 5.44942e-06 5.32283e-06 5.1986e-06 5.07671e-06 4.95714e-06 4.83986e-06 4.72486e-06 4.61211e-06 4.50159e-06 4.39328e-06 4.28715e-06 4.18317e-06 4.08132e-06 3.98157e-06 3.88389e-06 3.78826e-06 3.69465e-06 3.60302e-06 3.51336e-06 3.42563e-06 3.33979e-06 3.25584e-06 3.17372e-06 3.09342e-06 3.0149e-06 2.93814e-06 2.86311e-06 2.78977e-06
9.49693e-05 1.67404e-05 1.67275e-05 1.67002e-05 1.66592e-05 1.66054e-05 1.65394e-05 1.64621e-05 1.6374e-05 1.6276e-05 1.61686e-05 1.60525e-05 1.59282e-05 1.57963e-05 1.56574e-05 1.5512e-05 1.53606e-05 1.52036e-05 1.50416e-05 1.48748e-05 1.47039e-05 1.45291e-05 1.43509e-05 1.41696e-05 1.39855e-05 1.3799e-05 1.36103e-05 1.34198e-05 1.32278e-05 1.30345e-05 1.28402e-05 1.26451e-05 1.24494e-05 1.22534e-05 1.20572e-05 1.18611e-05 1.16652e-05 1.14697e-05 1.12748e-05 1.10805e-05 1.08872e-05 1.06948e-05 1.05035e-05 1.03134e-05 1.01247e-05 9.93734e-06 9.75156e-06 9.56738e-06 9.3849e-06 9.20419e-06 9.02531e-06 8.84833e-06 8.67331e-06 8.50029e-06 8.32933e-06 8.16047e-06 7.99374e-06 7.82918e-06 7.66683e-06 7.5067e-06 7.34882e-06 7.19321e-06 7.03988e-06 6.88885e-06 6.74013e-06 6.59372e-06 6.44963e-06 6.30786e-06 6.16841e-06 6.03128e-06 5.89646e-06 5.76395e-06 5.63373e-06 5.50581e-06 5.38016e-06 5.25678e-06 5.13564e-06 5.01674e-06 4.90005e-06 4.78556e-06 4.67324e-06 4.56309e-06 4.45507e-06 4.34917e-06 4.24536e-06 4.14362e-06 4.04392e-06 3.94625e-06 3.85056e-06 3.75685e-06 3.66508e-06 3.57523e-06 3.48727e-06 3.40117e-06 3.31691e-06 3.23446e-06 3.15379e-06 3.07488e-06 2.99769e-06 2.9222e-06 2.84838e-06
9.08942e-05 1.61608e-05 1.6167e-05 1.61585e-05 1.61362e-05 1.61007e-05 1.60529e-05 1.59935e-05 1.59231e-05 1.58424e-05 1.5752e-05 1.56525e-05 1.55446e-05 1.54288e-05 1.53056e-05 1.51756e-05 1.50392e-05 1.48969e-05 1.47492e-05 1.45965e-05 1.44391e-05 1.42776e-05 1.41123e-05 1.39435e-05 1.37716e-05 1.3597e-05 1.34198e-05 1.32405e-05 1.30593e-05 1.28765e-05 1.26924e-05 1.25071e-05 1.23209e-05 1.21341e-05 1.19468e-05 1.17592e-05 1.15716e-05 1.13841e-05 1.11968e-05 1.101e-05 1.08237e-05 1.06381e-05 1.04534e-05 1.02696e-05 1.00869e-05 9.90542e-06 9.7252e-06 9.54635e-06 9.36896e-06 9.19311e-06 9.01888e-06 8.84633e-06 8.67554e-06 8.50655e-06 8.33942e-06 8.1742e-06 8.01093e-06 7.84965e-06 7.69041e-06 7.53322e-06 7.37812e-06 7.22513e-06 7.07427e-06 6.92557e-06 6.77903e-06 6.63467e-06 6.49249e-06 6.35251e-06 6.21473e-06 6.07915e-06 5.94576e-06 5.81458e-06 5.68558e-06 5.55878e-06 5.43415e-06 5.3117e-06 5.1914e-06 5.07325e-06 4.95724e-06 4.84334e-06 4.73155e-06 4.62184e-06 4.5142e-06 4.40861e-06 4.30504e-06 4.20349e-06 4.10393e-06 4.00633e-06 3.91067e-06 3.81693e-06 3.7251e-06 3.63513e-06 3.54701e-06 3.46072e-06 3.37622e-06 3.2935e-06 3.21253e-06 3.13328e-06 3.05573e-06 2.97985e-06 2.90561e-06
8.6994e-05 1.56001e-05 1.56239e-05 1.5633e-05 1.5628e-05 1.56097e-05 1.55789e-05 1.55363e-05 1.54824e-05 1.5418e-05 1.53437e-05 1.526e-05 1.51676e-05 1.50671e-05 1.49588e-05 1.48434e-05 1.47213e-05 1.45931e-05 1.4459e-05 1.43197e-05 1.41755e-05 1.40267e-05 1.38738e-05 1.37171e-05 1.3557e-05 1.33938e-05 1.32278e-05 1.30593e-05 1.28887e-05 1.2716e-05 1.25418e-05 1.23661e-05 1.21892e-05 1.20113e-05 1.18327e-05 1.16535e-05 1.1474e-05 1.12943e-05 1.11146e-05 1.0935e-05 1.07558e-05 1.0577e-05 1.03988e-05 1.02212e-05 1.00446e-05 9.86881e-06 9.69412e-06 9.52058e-06 9.34827e-06 9.17729e-06 9.00771e-06 8.83962e-06 8.67307e-06 8.50814e-06 8.34487e-06 8.18333e-06 8.02357e-06 7.86562e-06 7.70953e-06 7.55534e-06 7.40308e-06 7.25277e-06 7.10446e-06 6.95814e-06 6.81386e-06 6.67162e-06 6.53143e-06 6.39331e-06 6.25728e-06 6.12332e-06 5.99145e-06 5.86167e-06 5.73398e-06 5.60837e-06 5.48485e-06 5.3634e-06 5.24403e-06 5.12672e-06 5.01145e-06 4.89823e-06 4.78703e-06 4.67785e-06 4.57067e-06 4.46547e-06 4.36223e-06 4.26094e-06 4.16158e-06 4.06414e-06 3.96858e-06 3.87489e-06 3.78305e-06 3.69304e-06 3.60484e-06 3.51841e-06 3.43375e-06 3.35083e-06 3.26962e-06 3.19009e-06 3.11224e-06 3.03603e-06 2.96143e-06
8.32612e-05 1.50577e-05 1.50979e-05 1.51232e-05 1.51343e-05 1.51321e-05 1.51172e-05 1.50902e-05 1.50519e-05 1.50028e-05 1.49436e-05 1.48749e-05 1.47972e-05 1.47111e-05 1.4617e-05 1.45155e-05 1.44071e-05 1.42922e-05 1.41713e-05 1.40448e-05 1.39131e-05 1.37766e-05 1.36356e-05 1.34906e-05 1.33419e-05 1.31897e-05 1.30345e-05 1.28765e-05 1.2716e-05 1.25533e-05 1.23887e-05 1.22223e-05 1.20545e-05 1.18854e-05 1.17153e-05 1.15443e-05 1.13728e-05 1.12007e-05 1.10285e-05 1.08561e-05 1.06837e-05 1.05116e-05 1.03398e-05 1.01685e-05 9.99774e-06 9.82773e-06 9.65854e-06 9.49027e-06 9.32304e-06 9.15692e-06 8.992e-06 8.82836e-06 8.66608e-06 8.50522e-06 8.34585e-06 8.18802e-06 8.0318e-06 7.87722e-06 7.72434e-06 7.57319e-06 7.42382e-06 7.27626e-06 7.13054e-06 6.98668e-06 6.84471e-06 6.70465e-06 6.56653e-06 6.43035e-06 6.29612e-06 6.16386e-06 6.03358e-06 5.90528e-06 5.77897e-06 5.65464e-06 5.5323e-06 5.41194e-06 5.29356e-06 5.17716e-06 5.06273e-06 4.95025e-06 4.83973e-06 4.73115e-06 4.6245e-06 4.51976e-06 4.41693e-06 4.31598e-06 4.2169e-06 4.11967e-06 4.02429e-06 3.93072e-06 3.83895e-06 3.74896e-06 3.66074e-06 3.57425e-06 3.48949e-06 3.40642e-06 3.32504e-06 3.2453e-06 3.16721e-06 3.09072e-06 3.01582e-06
7.96885e-05 1.45332e-05 1.45884e-05 1.46288e-05 1.46549e-05 1.46676e-05 1.46674e-05 1.46552e-05 1.46314e-05 1.45968e-05 1.45519e-05 1.44972e-05 1.44334e-05 1.43609e-05 1.42803e-05 1.41921e-05 1.40967e-05 1.39945e-05 1.38861e-05 1.37719e-05 1.36522e-05 1.35274e-05 1.3398e-05 1.32642e-05 1.31264e-05 1.2985e-05 1.28402e-05 1.26924e-05 1.25418e-05 1.23887e-05 1.22334e-05 1.20761e-05 1.19171e-05 1.17565e-05 1.15947e-05 1.14318e-05 1.12681e-05 1.11036e-05 1.09386e-05 1.07733e-05 1.06078e-05 1.04422e-05 1.02767e-05 1.01115e-05 9.94671e-06 9.78237e-06 9.61865e-06 9.45564e-06 9.29345e-06 9.13218e-06 8.97192e-06 8.81274e-06 8.65473e-06 8.49796e-06 8.3425e-06 8.18842e-06 8.03576e-06 7.88459e-06 7.73495e-06 7.5869e-06 7.44046e-06 7.29569e-06 7.15262e-06 7.01127e-06 6.87168e-06 6.73387e-06 6.59787e-06 6.46368e-06 6.33134e-06 6.20085e-06 6.07223e-06 5.94548e-06 5.82061e-06 5.69763e-06 5.57654e-06 5.45734e-06 5.34003e-06 5.22462e-06 5.11109e-06 4.99944e-06 4.88967e-06 4.78176e-06 4.67571e-06 4.57151e-06 4.46915e-06 4.36861e-06 4.26988e-06 4.17295e-06 4.0778e-06 3.98442e-06 3.89279e-06 3.80289e-06 3.71471e-06 3.62823e-06 3.54342e-06 3.46028e-06 3.37878e-06 3.29889e-06 3.22061e-06 3.14391e-06 3.06877e-06
7.62691e-05 1.4026e-05 1.40951e-05 1.41493e-05 1.41893e-05 1.42158e-05 1.42295e-05 1.4231e-05 1.42209e-05 1.41998e-05 1.41682e-05 1.41269e-05 1.40761e-05 1.40166e-05 1.39488e-05 1.38731e-05 1.37901e-05 1.37001e-05 1.36037e-05 1.35012e-05 1.3393e-05 1.32795e-05 1.31611e-05 1.30381e-05 1.29109e-05 1.27798e-05 1.26451e-05 1.25071e-05 1.23661e-05 1.22223e-05 1.20761e-05 1.19276e-05 1.17772e-05 1.16251e-05 1.14714e-05 1.13163e-05 1.11602e-05 1.10031e-05 1.08453e-05 1.06869e-05 1.05281e-05 1.0369e-05 1.02098e-05 1.00507e-05 9.89167e-06 9.73296e-06 9.57466e-06 9.41687e-06 9.25971e-06 9.10327e-06 8.94764e-06 8.79292e-06 8.63919e-06 8.48652e-06 8.33499e-06 8.18466e-06 8.0356e-06 7.88786e-06 7.7415e-06 7.59657e-06 7.45312e-06 7.31119e-06 7.17081e-06 7.03203e-06 6.89487e-06 6.75936e-06 6.62553e-06 6.49341e-06 6.36301e-06 6.23435e-06 6.10745e-06 5.98231e-06 5.85896e-06 5.73739e-06 5.61762e-06 5.49966e-06 5.38349e-06 5.26913e-06 5.15657e-06 5.04582e-06 4.93686e-06 4.8297e-06 4.72432e-06 4.62073e-06 4.5189e-06 4.41884e-06 4.32053e-06 4.22396e-06 4.12912e-06 4.03599e-06 3.94456e-06 3.85482e-06 3.76674e-06 3.68033e-06 3.59554e-06 3.51238e-06 3.43082e-06 3.35085e-06 3.27244e-06 3.19558e-06 3.12025e-06
7.29965e-05 1.35356e-05 1.36174e-05 1.36844e-05 1.37373e-05 1.37766e-05 1.38032e-05 1.38175e-05 1.38201e-05 1.38117e-05 1.37928e-05 1.37639e-05 1.37255e-05 1.36782e-05 1.36225e-05 1.35588e-05 1.34875e-05 1.34092e-05 1.33241e-05 1.32328e-05 1.31357e-05 1.3033e-05 1.29252e-05 1.28126e-05 1.26956e-05 1.25744e-05 1.24494e-05 1.23209e-05 1.21892e-05 1.20545e-05 1.19171e-05 1.17772e-05 1.16352e-05 1.14911e-05 1.13454e-05 1.1198e-05 1.10494e-05 1.08995e-05 1.07487e-05 1.05971e-05 1.04449e-05 1.02922e-05 1.01392e-05 9.98605e-06 9.83282e-06 9.67969e-06 9.52676e-06 9.37415e-06 9.22198e-06 9.07035e-06 8.91935e-06 8.76907e-06 8.61961e-06 8.47105e-06 8.32345e-06 8.17689e-06 8.03144e-06 7.88717e-06 7.74412e-06 7.60235e-06 7.46191e-06 7.32285e-06 7.18522e-06 7.04904e-06 6.91436e-06 6.78121e-06 6.64961e-06 6.5196e-06 6.3912e-06 6.26443e-06 6.13931e-06 6.01585e-06 5.89407e-06 5.77399e-06 5.6556e-06 5.53893e-06 5.42397e-06 5.31073e-06 5.19921e-06 5.08942e-06 4.98134e-06 4.87499e-06 4.77036e-06 4.66743e-06 4.56621e-06 4.4667e-06 4.36887e-06 4.27272e-06 4.17825e-06 4.08544e-06 3.99427e-06 3.90475e-06 3.81684e-06 3.73055e-06 3.64585e-06 3.56273e-06 3.48117e-06 3.40116e-06 3.32269e-06 3.24572e-06 3.17025e-06
