0.397138 0.121317 0.0398047 0.0140931 0.00278923 0.00041971 5.43712e-05 6.43238e-06 7.17471e-07 7.68768e-08 8.00565e-09 8.16368e-10 8.19351e-11 8.12228e-12 7.97265e-13 7.76327e-14 7.50936e-15 7.22333e-16 6.91524e-17 6.5932e-18 6.26375e-19 5.93211e-20 5.60243e-21 5.27796e-22 4.96122e-23 4.6541e-24 4.35803e-25 4.07399e-26 3.80264e-27 3.5424e-28 3.29756e-29
0.121317 0.0432421 0.017306 0.0022279 0.0002307 2.19727e-05 2.01573e-06 1.81692e-07 1.62434e-08 1.44696e-09 1.28726e-10 1.14495e-11 1.01872e-12 9.0692e-14 8.07921e-15 7.20211e-16 6.42436e-17 5.73407e-18 5.12081e-19 4.57548e-20 4.09014e-21 3.65784e-22 3.27251e-23 2.92881e-24 2.62206e-25 2.34814e-26 2.10341e-27 1.88465e-28 1.68836e-29 1.45032e-30 1.30055e-31
0.0398047 0.017306 0.00181494 0.000177444 1.64718e-05 1.48603e-06 1.32214e-07 1.16945e-08 1.03259e-09 9.11972e-11 8.06322e-12 7.13906e-13 6.32985e-14 5.61993e-15 4.99573e-16 4.4457e-17 3.96006e-18 3.53049e-19 3.14989e-20 2.8122e-21 2.5122e-22 2.2454e-23 2.00789e-24 1.79627e-25 1.60757e-26 1.43919e-27 1.28885e-28 1.15427e-29 1.00921e-30 9.02399e-32 8.09167e-33
0.0140931 0.0022279 0.000177444 1.49799e-05 1.28464e-06 1.10731e-07 9.57875e-09 8.31758e-10 7.25081e-11 6.34453e-12 5.57028e-13 4.9049e-14 4.3299e-15 3.8305e-16 3.39487e-17 3.01346e-18 2.67845e-19 2.38341e-20 2.12298e-21 1.89263e-22 1.68855e-23 1.50748e-24 1.34663e-25 1.20357e-26 1.07622e-27 9.62743e-29 8.61449e-30 7.61109e-31 6.80377e-32 6.08172e-33 5.45086e-34
0.00278923 0.0002307 1.64718e-05 1.28464e-06 1.04672e-07 8.73097e-09 7.39035e-10 6.32141e-11 5.45078e-12 4.73021e-13 4.12609e-14 3.61421e-15 3.17668e-16 2.79999e-17 2.47376e-18 2.18983e-19 1.94171e-20 1.72414e-21 1.53282e-22 1.36416e-23 1.21518e-24 1.08334e-25 9.66494e-27 8.62795e-28 7.70657e-29 6.88658e-30 6.11619e-31 5.46393e-32 4.88179e-33 4.36118e-34 3.90606e-35
0.00041971 2.19727e-05 1.48603e-06 1.10731e-07 8.73097e-09 7.11933e-10 5.93114e-11 5.01512e-12 4.28692e-13 3.69488e-14 3.20518e-15 2.79463e-16 2.4467e-17 2.14928e-18 1.89323e-19 1.67153e-20 1.47866e-21 1.31021e-22 1.16259e-23 1.03287e-24 9.18605e-26 8.17744e-27 7.2856e-28 6.49577e-29 5.79516e-30 5.15654e-31 4.60221e-32 4.10853e-33 3.66827e-34 3.27478e-35 2.9307e-36
5.43712e-05 2.01573e-06 1.32214e-07 9.57875e-09 7.39035e-10 5.93114e-11 4.884e-12 4.09353e-13 3.47515e-14 2.97857e-15 2.57183e-16 2.23354e-17 1.94876e-18 1.70669e-19 1.49933e-20 1.32057e-21 1.16565e-22 1.03081e-23 9.13016e-25 8.09796e-26 7.19107e-27 6.39245e-28 5.68781e-29 5.06492e-30 4.50667e-31 4.01707e-32 3.58227e-33 3.1955e-34 2.85093e-35 2.54324e-36 2.27419e-37
6.43238e-06 1.81692e-07 1.16945e-08 8.31758e-10 6.32141e-11 5.01512e-12 4.09353e-13 3.4075e-14 2.87675e-15 2.45432e-16 2.11085e-17 1.82694e-18 1.5892e-19 1.38806e-20 1.21647e-21 1.06908e-22 9.41789e-24 8.31327e-25 7.35095e-26 6.50982e-27 5.7725e-28 5.12461e-29 4.55403e-30 4.04774e-31 3.60242e-32 3.20814e-33 2.85847e-34 2.54781e-35 2.27137e-36 2.02475e-37 1.80913e-38
7.17471e-07 1.62434e-08 1.03259e-09 7.25081e-11 5.45078e-12 4.28692e-13 3.47515e-14 2.87675e-15 2.41752e-16 2.05448e-17 1.76098e-18 1.51957e-19 1.3183e-20 1.14869e-21 1.0045e-22 8.81047e-24 7.7473e-25 6.82719e-26 6.02758e-27 5.33024e-28 4.72025e-29 4.18525e-30 3.71372e-31 3.29926e-32 2.93348e-33 2.61009e-34 2.32367e-35 2.06952e-36 1.84361e-37 1.6423e-38 1.46631e-39
7.68768e-08 1.44696e-09 9.11972e-11 6.34453e-12 4.73021e-13 3.69488e-14 2.97857e-15 2.45432e-16 2.05448e-17 1.74007e-18 1.48705e-19 1.27979e-20 1.10763e-21 9.63035e-23 8.40488e-24 7.35862e-25 6.45989e-26 5.68394e-27 5.01109e-28 4.42549e-29 3.9142e-30 3.46602e-31 3.07306e-32 2.72743e-33 2.42284e-34 2.1539e-35 1.916e-36 1.70516e-37 1.51796e-38 1.35131e-39 1.20565e-40
8.00565e-09 1.28726e-10 8.06322e-12 5.57028e-13 4.12609e-14 3.20518e-15 2.57183e-16 2.11085e-17 1.76098e-18 1.48705e-19 1.26746e-20 1.08821e-21 9.398e-23 8.15508e-24 7.10454e-25 6.20986e-26 5.4431e-27 4.78251e-28 4.21083e-29 3.71419e-30 3.28107e-31 2.90265e-32 2.57102e-33 2.27975e-34 2.0234e-35 1.79734e-36 1.5976e-37 1.42079e-38 1.26396e-39 1.12449e-40 1.00262e-41
8.16368e-10 1.14495e-11 7.13906e-13 4.9049e-14 3.61421e-15 2.79463e-16 2.23354e-17 1.82694e-18 1.51957e-19 1.27979e-20 1.08821e-21 9.32309e-23 8.03581e-24 6.96054e-25 6.05389e-26 5.28346e-27 4.62457e-28 4.05801e-29 3.56858e-30 3.14398e-31 2.77457e-32 2.45214e-33 2.16997e-34 1.92246e-35 1.70489e-36 1.51325e-37 1.34411e-38 1.19455e-39 1.06202e-40 9.44265e-42 8.41409e-43
8.19351e-11 1.01872e-12 6.32985e-14 4.3299e-15 3.17668e-16 2.4467e-17 1.94876e-18 1.5892e-19 1.3183e-20 1.10763e-21 9.398e-23 8.03581e-24 6.91386e-25 5.97887e-26 5.19219e-27 4.52507e-28 3.9556e-29 3.46677e-30 3.04514e-31 2.68007e-32 2.36283e-33 2.08631e-34 1.84463e-35 1.63289e-36 1.44697e-37 1.28338e-38 1.13916e-39 1.01175e-40 8.98965e-42 7.9884e-43 7.11407e-44
8.12228e-12 9.0692e-14 5.61993e-15 3.8305e-16 2.79999e-17 2.14928e-18 1.70669e-19 1.38806e-20 1.14869e-21 9.63035e-23 8.15508e-24 6.96054e-25 5.97887e-26 5.16248e-27 4.47694e-28 3.89664e-29 3.40213e-30 2.97831e-31 2.61336e-32 2.29779e-33 2.02392e-34 1.78551e-35 1.57738e-36 1.39523e-37 1.23547e-38 1.09505e-39 9.71361e-41 8.62196e-42 7.65643e-43 6.80003e-44 6.05241e-45
7.97265e-13 8.07921e-15 4.99573e-16 3.39487e-17 2.47376e-18 1.89323e-19 1.49933e-20 1.21647e-21 1.0045e-22 8.40488e-24 7.10454e-25 6.05389e-26 5.19219e-27 4.47694e-28 3.87739e-29 3.37072e-30 2.93962e-31 2.57073e-32 2.2535e-33 1.97955e-34 1.7421e-35 1.53563e-36 1.35558e-37 1.19817e-38 1.06024e-39 9.39122e-41 8.32538e-42 7.38548e-43 6.55487e-44 5.81873e-45 5.17627e-46
7.76327e-14 7.20211e-16 4.4457e-17 3.01346e-18 2.18983e-19 1.67153e-20 1.32057e-21 1.06908e-22 8.81047e-24 7.35862e-25 6.20986e-26 5.28346e-27 4.52507e-28 3.89664e-29 3.37072e-30 2.92695e-31 2.54994e-32 2.22775e-33 1.95105e-34 1.71238e-35 1.50575e-36 1.32626e-37 1.1699e-38 1.03335e-39 9.13795e-41 8.08906e-42 7.16683e-43 6.35424e-44 5.6367e-45 5.00126e-46 4.44684e-47
7.50936e-15 6.42436e-17 3.96006e-18 2.67845e-19 1.94171e-20 1.47866e-21 1.16565e-22 9.41789e-24 7.7473e-25 6.45989e-26 5.4431e-27 4.62457e-28 3.9556e-29 3.40213e-30 2.93962e-31 2.54994e-32 2.2193e-33 1.93711e-34 1.69503e-35 1.48647e-36 1.30609e-37 1.14956e-38 1.01334e-39 8.94473e-41 7.90501e-42 6.99354e-43 6.19279e-44 5.48777e-45 4.86568e-46 4.31518e-47 3.83499e-48
7.22333e-16 5.73407e-18 3.53049e-19 2.38341e-20 1.72414e-21 1.31021e-22 1.03081e-23 8.31327e-25 6.82719e-26 5.68394e-27 4.78251e-28 4.05801e-29 3.46677e-30 2.97831e-31 2.57073e-32 2.22775e-33 1.93711e-34 1.68933e-35 1.47701e-36 1.29428e-37 1.13639e-38 9.99517e-40 8.805e-41 7.76734e-42 6.86045e-43 6.06605e-44 5.36867e-45 4.7551e-46 4.2141e-47 3.73567e-48 3.31846e-49
6.91524e-17 5.12081e-19 3.14989e-20 2.12298e-21 1.53282e-22 1.16259e-23 9.13016e-25 7.35095e-26 6.02758e-27 5.01109e-28 4.21083e-29 3.56858e-30 3.04514e-31 2.61336e-32 2.2535e-33 1.95105e-34 1.69503e-35 1.47701e-36 1.29039e-37 1.12992e-38 9.91401e-40 8.71421e-41 7.67183e-42 6.76374e-43 5.9707e-44 5.27654e-45 4.66757e-46 4.13218e-47 3.6604e-48 3.24348e-49 2.87999e-50
6.5932e-18 4.57548e-20 2.8122e-21 1.89263e-22 1.36416e-23 1.03287e-24 8.09796e-26 6.50982e-27 5.33024e-28 4.42549e-29 3.71419e-30 3.14398e-31 2.68007e-32 2.29779e-33 1.97955e-34 1.71238e-35 1.48647e-36 1.29428e-37 1.12992e-38 9.88725e-40 8.66951e-41 7.61562e-42 6.70071e-43 5.90428e-44 5.20924e-45 4.60128e-46 4.0683e-47 3.60001e-48 3.18763e-49 2.82342e-50 2.50597e-51
6.26375e-19 4.09014e-21 2.5122e-22 1.68855e-23 1.21518e-24 9.18605e-26 7.19107e-27 5.7725e-28 4.72025e-29 3.9142e-30 3.28107e-31 2.77457e-32 2.36283e-33 2.02392e-34 1.7421e-35 1.50575e-36 1.30609e-37 1.13639e-38 9.91401e-40 8.66951e-41 7.59706e-42 6.66962e-43 5.86509e-44 5.16523e-45 4.55488e-46 4.02136e-47 3.55393e-48 3.14348e-49 2.78225e-50 2.46342e-51 2.18558e-52
5.93211e-20 3.65784e-22 2.2454e-23 1.50748e-24 1.08334e-25 8.17744e-27 6.39245e-28 5.12461e-29 4.18525e-30 3.46602e-31 2.90265e-32 2.45214e-33 2.08631e-34 1.78551e-35 1.53563e-36 1.32626e-37 1.14956e-38 9.99517e-40 8.71421e-41 7.61562e-42 6.66962e-43 5.85213e-44 5.14347e-45 4.52743e-46 3.99052e-47 3.52148e-48 3.11079e-49 2.75038e-50 2.43337e-51 2.15373e-52 1.91009e-53
5.60243e-21 3.27251e-23 2.00789e-24 1.34663e-25 9.66494e-27 7.2856e-28 5.68781e-29 4.55403e-30 3.71372e-31 3.07306e-32 2.57102e-33 2.16997e-34 1.84463e-35 1.57738e-36 1.35558e-37 1.1699e-38 1.01334e-39 8.805e-41 7.67183e-42 6.70071e-43 5.86509e-44 5.14347e-45 4.51834e-46 3.97525e-47 3.50221e-48 3.08921e-49 2.72779e-50 2.41079e-51 2.13212e-52 1.88643e-53 1.67242e-54
5.27796e-22 2.92881e-24 1.79627e-25 1.20357e-26 8.62795e-28 6.49577e-29 5.06492e-30 4.04774e-31 3.29926e-32 2.72743e-33 2.27975e-34 1.92246e-35 1.63289e-36 1.39523e-37 1.19817e-38 1.03335e-39 8.94473e-41 7.76734e-42 6.76374e-43 5.90428e-44 5.16523e-45 4.52743e-46 3.97525e-47 3.49582e-48 3.07848e-49 2.7143e-50 2.39578e-51 2.11656e-52 1.87123e-53 1.65504e-54 1.46676e-55
4.96122e-23 2.62206e-25 1.60757e-26 1.07622e-27 7.70657e-29 5.79516e-30 4.50667e-31 3.60242e-32 2.93348e-33 2.42284e-34 2.0234e-35 1.70489e-36 1.44697e-37 1.23547e-38 1.06024e-39 9.13795e-41 7.90501e-42 6.86045e-43 5.9707e-44 5.20924e-45 4.55488e-46 3.99052e-47 3.50221e-48 3.07848e-49 2.70981e-50 2.38829e-51 2.10722e-52 1.86095e-53 1.64467e-54 1.45418e-55 1.28832e-56
4.6541e-24 2.34814e-26 1.43919e-27 9.62743e-29 6.88658e-30 5.15654e-31 4.01707e-32 3.20814e-33 2.61009e-34 2.1539e-35 1.79734e-36 1.51325e-37 1.28338e-38 1.09505e-39 9.39122e-41 8.08906e-42 6.99354e-43 6.06605e-44 5.27654e-45 4.60128e-46 4.02136e-47 3.52148e-48 3.08921e-49 2.7143e-50 2.38829e-51 2.1041e-52 1.85579e-53 1.63833e-54 1.44745e-55 1.2794e-56 1.13311e-57
4.35803e-25 2.10341e-27 1.28885e-28 8.61449e-30 6.11619e-31 4.60221e-32 3.58227e-33 2.85847e-34 2.32367e-35 1.916e-36 1.5976e-37 1.34411e-38 1.13916e-39 9.71361e-41 8.32538e-42 7.16683e-43 6.19279e-44 5.36867e-45 4.66757e-46 4.0683e-47 3.55393e-48 3.11079e-49 2.72779e-50 2.39578e-51 2.10722e-52 1.85579e-53 1.63621e-54 1.444e-55 1.27535e-56 1.12695e-57 9.97782e-59
4.07399e-26 1.88465e-28 1.15427e-29 7.61109e-31 5.46393e-32 4.10853e-33 3.1955e-34 2.54781e-35 2.06952e-36 1.70516e-37 1.42079e-38 1.19455e-39 1.01175e-40 8.62196e-42 7.38548e-43 6.35424e-44 5.48777e-45 4.7551e-46 4.13218e-47 3.60001e-48 3.14348e-49 2.75038e-50 2.41079e-51 2.11656e-52 1.86095e-53 1.63833e-54 1.444e-55 1.27396e-56 1.12483e-57 9.93658e-59 8.79508e-60
3.80264e-27 1.68836e-29 1.00921e-30 6.80377e-32 4.88179e-33 3.66827e-34 2.85093e-35 2.27137e-36 1.84361e-37 1.51796e-38 1.26396e-39 1.06202e-40 8.98965e-42 7.65643e-43 6.55487e-44 5.6367e-45 4.86568e-46 4.2141e-47 3.6604e-48 3.18763e-49 2.78225e-50 2.43337e-51 2.13212e-52 1.87123e-53 1.64467e-54 1.44745e-55 1.27535e-56 1.12483e-57 9.92869e-59 8.76848e-60 7.75899e-61
3.5424e-28 1.45032e-30 9.02399e-32 6.08172e-33 4.36118e-34 3.27478e-35 2.54324e-36 2.02475e-37 1.6423e-38 1.35131e-39 1.12449e-40 9.44265e-42 7.9884e-43 6.80003e-44 5.81873e-45 5.00126e-46 4.31518e-47 3.73567e-48 3.24348e-49 2.82342e-50 2.46342e-51 2.15373e-52 1.88643e-53 1.65504e-54 1.45418e-55 1.2794e-56 1.12695e-57 9.93658e-59 8.76848e-60 7.74187e-61 6.84875e-62
3.29756e-29 1.30055e-31 8.09167e-33 5.45086e-34 3.90606e-35 2.9307e-36 2.27419e-37 1.80913e-38 1.46631e-39 1.20565e-40 1.00262e-41 8.41409e-43 7.11407e-44 6.05241e-45 5.17627e-46 4.44684e-47 3.83499e-48 3.31846e-49 2.87999e-50 2.50597e-51 2.18558e-52 1.91009e-53 1.67242e-54 1.46676e-55 1.28832e-56 1.13311e-57 9.97782e-59 8.79508e-60 7.75899e-61 6.84875e-62 6.05701e-63
