0.374147 0.0421429 0.0251318 0.0162737 0.0110303 0.00766081 0.0053887 0.00381504 0.00270943 0.00192685 0.00137084 0.000975139 0.000693356 0.000492703 0.000349874 0.000248266 0.000176033 0.00012472 8.82981e-05 6.24657e-05 4.41581e-05 3.1193e-05 2.20177e-05 1.55283e-05 1.09404e-05 7.69743e-06 5.40403e-06 3.77965e-06 2.62481e-06 1.79723e-06 1.26332e-06
0.0421429 0.00798633 0.00449989 0.00265845 0.00161334 0.000997316 0.00062554 0.000397152 0.000254759 0.000164848 0.000107453 7.0474e-05 4.64616e-05 3.07656e-05 2.04482e-05 1.36343e-05 9.11596e-06 6.10949e-06 4.10304e-06 2.7605e-06 1.86015e-06 1.25511e-06 8.47766e-07 5.7304e-07 3.87417e-07 2.61739e-07 1.76416e-07 1.18263e-07 7.8386e-08 5.07881e-08 3.45872e-08
0.0251318 0.00449989 0.00235028 0.00131777 0.000772905 0.000467378 0.000288975 0.000181738 0.000115842 7.46376e-05 4.851e-05 3.17535e-05 2.09071e-05 1.38326e-05 9.1893e-06 6.12567e-06 4.09541e-06 2.74493e-06 1.84377e-06 1.24077e-06 8.36321e-07 5.64462e-07 3.81372e-07 2.57835e-07 1.74321e-07 1.17738e-07 7.92929e-08 5.30679e-08 3.50832e-08 2.35703e-08 1.60592e-08
0.0162737 0.00265845 0.00131777 0.000710173 0.000405303 0.000240666 0.000147019 9.172e-05 5.81445e-05 3.73213e-05 2.4192e-05 1.58053e-05 1.03921e-05 6.86863e-06 4.55956e-06 3.03776e-06 2.03012e-06 1.36027e-06 9.135e-07 6.14651e-07 4.14249e-07 2.79566e-07 1.88867e-07 1.27671e-07 8.62982e-08 5.82654e-08 3.92196e-08 2.62383e-08 1.77112e-08 1.18999e-08 8.10832e-09
0.0110303 0.00161334 0.000772905 0.000405303 0.00022683 0.000132915 8.04788e-05 4.99082e-05 3.15079e-05 2.01643e-05 1.30422e-05 8.50657e-06 5.58574e-06 3.68796e-06 2.44599e-06 1.6284e-06 1.08755e-06 7.28305e-07 4.88856e-07 3.28783e-07 2.21496e-07 1.49426e-07 1.00912e-07 6.819e-08 4.60764e-08 3.11003e-08 2.09358e-08 1.41604e-08 9.55868e-09 6.42193e-09 4.37477e-09
0.00766081 0.000997316 0.000467378 0.000240666 0.000132915 7.71796e-05 4.64462e-05 2.86825e-05 1.80536e-05 1.1528e-05 7.44314e-06 4.84768e-06 3.17927e-06 2.09685e-06 1.38939e-06 9.2418e-07 6.16743e-07 4.12718e-07 2.76841e-07 1.86074e-07 1.25282e-07 8.44713e-08 5.70164e-08 3.85102e-08 2.60121e-08 1.75563e-08 1.18808e-08 8.03473e-09 5.42282e-09 3.64275e-09 2.48052e-09
0.0053887 0.00062554 0.000288975 0.000147019 8.04788e-05 4.64462e-05 2.78341e-05 1.71378e-05 1.07631e-05 6.86064e-06 4.42306e-06 2.87699e-06 1.88463e-06 1.24166e-06 8.21917e-07 5.46211e-07 3.64194e-07 2.43517e-07 1.6322e-07 1.09626e-07 7.376e-08 4.97006e-08 3.35271e-08 2.26337e-08 1.52836e-08 1.03385e-08 6.99424e-09 4.72872e-09 3.19069e-09 2.14291e-09 1.45849e-09
0.00381504 0.000397152 0.000181738 9.172e-05 4.99082e-05 2.86825e-05 1.71378e-05 1.05288e-05 6.60087e-06 4.20128e-06 2.70499e-06 1.75733e-06 1.14987e-06 7.56771e-07 5.00442e-07 3.32257e-07 2.21337e-07 1.4787e-07 9.90311e-08 6.6463e-08 4.4686e-08 3.00898e-08 2.02857e-08 1.36881e-08 9.24975e-09 6.25426e-09 4.22944e-09 2.85844e-09 1.92811e-09 1.29465e-09 8.80697e-10
0.00270943 0.000254759 0.000115842 5.81445e-05 3.15079e-05 1.80536e-05 1.07631e-05 6.60087e-06 4.13217e-06 2.62651e-06 1.68899e-06 1.09599e-06 7.16348e-07 4.70958e-07 3.11125e-07 2.06367e-07 1.3735e-07 9.16807e-08 6.13499e-08 4.1142e-08 2.76414e-08 1.86e-08 1.25323e-08 8.45622e-09 5.7113e-09 3.85985e-09 2.60906e-09 1.7626e-09 1.18852e-09 7.97865e-10 5.42468e-10
0.00192685 0.000164848 7.46376e-05 3.73213e-05 2.01643e-05 1.1528e-05 6.86064e-06 4.20128e-06 2.62651e-06 1.6674e-06 1.07097e-06 6.94172e-07 4.53224e-07 2.97661e-07 1.96448e-07 1.3018e-07 8.65647e-08 5.77326e-08 3.86016e-08 2.58669e-08 1.73663e-08 1.16783e-08 7.86564e-09 5.30429e-09 3.58054e-09 2.4186e-09 1.63409e-09 1.10348e-09 7.4382e-10 4.99214e-10 3.39242e-10
0.00137084 0.000107453 4.851e-05 2.4192e-05 1.30422e-05 7.44314e-06 4.42306e-06 2.70499e-06 1.68899e-06 1.07097e-06 6.87094e-07 4.44869e-07 2.9015e-07 1.90368e-07 1.25517e-07 8.30999e-08 5.52102e-08 3.67908e-08 2.45801e-08 1.64589e-08 1.10424e-08 7.42163e-09 4.99558e-09 3.36687e-09 2.27149e-09 1.53357e-09 1.03565e-09 6.99072e-10 4.71059e-10 3.16078e-10 2.14685e-10
0.000975139 7.0474e-05 3.17535e-05 1.58053e-05 8.50657e-06 4.84768e-06 2.87699e-06 1.75733e-06 1.09599e-06 6.94172e-07 4.44869e-07 2.87733e-07 1.87473e-07 1.22882e-07 8.09456e-08 5.35437e-08 3.55436e-08 2.36666e-08 1.57998e-08 1.0572e-08 7.08847e-09 4.76114e-09 3.20283e-09 2.15738e-09 1.45471e-09 9.81644e-10 6.62619e-10 4.47091e-10 3.01163e-10 2.02033e-10 1.37159e-10
0.000693356 4.64616e-05 2.09071e-05 1.03921e-05 5.58574e-06 3.17927e-06 1.88463e-06 1.14987e-06 7.16348e-07 4.53224e-07 2.9015e-07 1.87473e-07 1.22029e-07 7.99113e-08 5.25928e-08 3.47595e-08 2.30557e-08 1.53398e-08 1.02334e-08 6.84293e-09 4.58514e-09 3.07781e-09 2.06924e-09 1.39303e-09 9.38829e-10 6.33217e-10 4.27237e-10 2.88157e-10 1.9404e-10 1.30142e-10 8.83126e-11
0.000492703 3.07656e-05 1.38326e-05 6.86863e-06 3.68796e-06 2.09685e-06 1.24166e-06 7.56771e-07 4.70958e-07 2.97661e-07 1.90368e-07 1.22882e-07 7.99113e-08 5.22836e-08 3.43807e-08 2.27044e-08 1.5048e-08 1.00047e-08 6.66978e-09 4.45704e-09 2.98459e-09 2.00224e-09 1.34536e-09 9.0523e-10 6.0977e-10 4.11082e-10 2.77241e-10 1.86918e-10 1.25828e-10 8.43746e-11 5.72304e-11
0.000349874 2.04482e-05 9.1893e-06 4.55956e-06 2.44599e-06 1.38939e-06 8.21917e-07 5.00442e-07 3.11125e-07 1.96448e-07 1.25517e-07 8.09456e-08 5.25928e-08 3.43807e-08 2.25897e-08 1.49064e-08 9.87243e-09 6.5592e-09 4.36988e-09 2.91831e-09 1.95303e-09 1.30946e-09 8.79389e-10 5.91394e-10 3.98175e-10 2.68312e-10 1.8088e-10 1.21905e-10 8.20378e-11 5.49999e-11 3.72903e-11
0.000248266 1.36343e-05 6.12567e-06 3.03776e-06 1.6284e-06 9.2418e-07 5.46211e-07 3.32257e-07 2.06367e-07 1.3018e-07 8.30999e-08 5.35437e-08 3.47595e-08 2.27044e-08 1.49064e-08 9.82912e-09 6.50528e-09 4.31921e-09 2.87573e-09 1.91932e-09 1.28374e-09 8.60248e-10 5.77414e-10 3.88124e-10 2.61196e-10 1.75932e-10 1.18555e-10 7.98723e-11 5.37353e-11 3.60183e-11 2.44109e-11
0.000176033 9.11596e-06 4.09541e-06 2.03012e-06 1.08755e-06 6.16743e-07 3.64194e-07 2.21337e-07 1.3735e-07 8.65647e-08 5.52102e-08 3.55436e-08 2.30557e-08 1.5048e-08 9.87243e-09 6.50528e-09 4.30258e-09 2.85491e-09 1.89965e-09 1.26714e-09 8.47063e-10 5.6733e-10 3.80613e-10 2.55718e-10 1.72014e-10 1.15814e-10 7.80134e-11 5.25409e-11 3.53376e-11 2.36821e-11 1.60441e-11
0.00012472 6.10949e-06 2.74493e-06 1.36027e-06 7.28305e-07 4.12718e-07 2.43517e-07 1.4787e-07 9.16807e-08 5.77326e-08 3.67908e-08 2.36666e-08 1.53398e-08 1.00047e-08 6.5592e-09 4.31921e-09 2.85491e-09 1.89319e-09 1.259e-09 8.39339e-10 5.60791e-10 3.75409e-10 2.51737e-10 1.69055e-10 1.1367e-10 7.65011e-11 5.15128e-11 3.46817e-11 2.33196e-11 1.56252e-11 1.05818e-11
8.82981e-05 4.10304e-06 1.84377e-06 9.135e-07 4.88856e-07 2.76841e-07 1.6322e-07 9.90311e-08 6.13499e-08 3.86016e-08 2.45801e-08 1.57998e-08 1.02334e-08 6.66978e-09 4.36988e-09 2.87573e-09 1.89965e-09 1.259e-09 8.36795e-10 5.57575e-10 3.72349e-10 2.49142e-10 1.6699e-10 1.12095e-10 7.53397e-11 5.0685e-11 3.41171e-11 2.29624e-11 1.54356e-11 1.03408e-11 7.00062e-12
6.24657e-05 2.7605e-06 1.24077e-06 6.14651e-07 3.28783e-07 1.86074e-07 1.09626e-07 6.6463e-08 4.1142e-08 2.58669e-08 1.64589e-08 1.0572e-08 6.84293e-09 4.45704e-09 2.91831e-09 1.91932e-09 1.26714e-09 8.39339e-10 5.57575e-10 3.71339e-10 2.47862e-10 1.65771e-10 1.11061e-10 7.45207e-11 5.00662e-11 3.36697e-11 2.2656e-11 1.52439e-11 1.02446e-11 6.86198e-12 4.64393e-12
4.41581e-05 1.86015e-06 8.36321e-07 4.14249e-07 2.21496e-07 1.25282e-07 7.376e-08 4.4686e-08 2.76414e-08 1.73663e-08 1.10424e-08 7.08847e-09 4.58514e-09 2.98459e-09 1.95303e-09 1.28374e-09 8.47063e-10 5.60791e-10 3.72349e-10 2.47862e-10 1.65368e-10 1.1055e-10 7.40343e-11 4.96562e-11 3.33486e-11 2.24191e-11 1.50806e-11 1.01439e-11 6.81545e-12 4.56437e-12 3.08799e-12
3.1193e-05 1.25511e-06 5.64462e-07 2.79566e-07 1.49426e-07 8.44713e-08 4.97006e-08 3.00898e-08 1.86e-08 1.16783e-08 7.42163e-09 4.76114e-09 3.07781e-09 2.00224e-09 1.30946e-09 8.60248e-10 5.6733e-10 3.75409e-10 2.49142e-10 1.65771e-10 1.1055e-10 7.3873e-11 4.94522e-11 3.31559e-11 2.22591e-11 1.49589e-11 1.00592e-11 6.76434e-12 4.54374e-12 3.04251e-12 2.05774e-12
2.20177e-05 8.47766e-07 3.81372e-07 1.88867e-07 1.00912e-07 5.70164e-08 3.35271e-08 2.02857e-08 1.25323e-08 7.86564e-09 4.99558e-09 3.20283e-09 2.06924e-09 1.34536e-09 8.79389e-10 5.77414e-10 3.80613e-10 2.51737e-10 1.6699e-10 1.11061e-10 7.40343e-11 4.94522e-11 3.30918e-11 2.21787e-11 1.48844e-11 9.99958e-12 6.72222e-12 4.51915e-12 3.03491e-12 2.03189e-12 1.37382e-12
1.55283e-05 5.7304e-07 2.57835e-07 1.27671e-07 6.819e-08 3.85102e-08 2.26337e-08 1.36881e-08 8.45622e-09 5.30429e-09 3.36687e-09 2.15738e-09 1.39303e-09 9.0523e-10 5.91394e-10 3.88124e-10 2.55718e-10 1.69055e-10 1.12095e-10 7.45207e-11 4.96562e-11 3.31559e-11 2.21787e-11 1.48594e-11 9.96902e-12 6.69523e-12 4.49956e-12 3.02413e-12 2.03046e-12 1.35921e-12 9.18736e-13
1.09404e-05 3.87417e-07 1.74321e-07 8.62982e-08 4.60764e-08 2.60121e-08 1.52836e-08 9.24975e-09 5.7113e-09 3.58054e-09 2.27149e-09 1.45471e-09 9.38829e-10 6.0977e-10 3.98175e-10 2.61196e-10 1.72014e-10 1.1367e-10 7.53397e-11 5.00662e-11 3.33486e-11 2.22591e-11 1.48844e-11 9.96902e-12 6.68599e-12 4.48899e-12 3.01601e-12 2.02653e-12 1.36038e-12 9.10525e-13 6.15284e-13
7.69743e-06 2.61739e-07 1.17738e-07 5.82654e-08 3.11003e-08 1.75563e-08 1.03385e-08 6.25426e-09 3.85985e-09 2.4186e-09 1.53357e-09 9.81644e-10 6.33217e-10 4.11082e-10 2.68312e-10 1.75932e-10 1.15814e-10 7.65011e-11 5.0685e-11 3.36697e-11 2.24191e-11 1.49589e-11 9.99958e-12 6.69523e-12 4.48899e-12 3.01307e-12 2.02385e-12 1.35956e-12 9.12465e-13 6.10651e-13 4.12537e-13
5.40403e-06 1.76416e-07 7.92929e-08 3.92196e-08 2.09358e-08 1.18808e-08 6.99424e-09 4.22944e-09 2.60906e-09 1.63409e-09 1.03565e-09 6.62619e-10 4.27237e-10 2.77241e-10 1.8088e-10 1.18555e-10 7.80134e-11 5.15128e-11 3.41171e-11 2.2656e-11 1.50806e-11 1.00592e-11 6.72222e-12 4.49956e-12 3.01601e-12 2.02385e-12 1.35907e-12 9.12776e-13 6.12497e-13 4.09853e-13 2.76817e-13
3.77965e-06 1.18263e-07 5.30679e-08 2.62383e-08 1.41604e-08 8.03473e-09 4.72872e-09 2.85844e-09 1.7626e-09 1.10348e-09 6.99072e-10 4.47091e-10 2.88157e-10 1.86918e-10 1.21905e-10 7.98723e-11 5.25409e-11 3.46817e-11 2.29624e-11 1.52439e-11 1.01439e-11 6.76434e-12 4.51915e-12 3.02413e-12 2.02653e-12 1.35956e-12 9.12776e-13 6.12916e-13 4.11215e-13 2.75135e-13 1.85787e-13
2.62481e-06 7.8386e-08 3.50832e-08 1.77112e-08 9.55868e-09 5.42282e-09 3.19069e-09 1.92811e-09 1.18852e-09 7.4382e-10 4.71059e-10 3.01163e-10 1.9404e-10 1.25828e-10 8.20378e-11 5.37353e-11 3.53376e-11 2.33196e-11 1.54356e-11 1.02446e-11 6.81545e-12 4.54374e-12 3.03491e-12 2.03046e-12 1.36038e-12 9.12465e-13 6.12497e-13 4.11215e-13 2.75853e-13 1.84551e-13 1.24597e-13
1.79723e-06 5.07881e-08 2.35703e-08 1.18999e-08 6.42193e-09 3.64275e-09 2.14291e-09 1.29465e-09 7.97865e-10 4.99214e-10 3.16078e-10 2.02033e-10 1.30142e-10 8.43746e-11 5.49999e-11 3.60183e-11 2.36821e-11 1.56252e-11 1.03408e-11 6.86198e-12 4.56437e-12 3.04251e-12 2.03189e-12 1.35921e-12 9.10525e-13 6.10651e-13 4.09853e-13 2.75135e-13 1.84551e-13 1.23461e-13 8.33426e-14
1.26332e-06 3.45872e-08 1.60592e-08 8.10832e-09 4.37477e-09 2.48052e-09 1.45849e-09 8.80697e-10 5.42468e-10 3.39242e-10 2.14685e-10 1.37159e-10 8.83126e-11 5.72304e-11 3.72903e-11 2.44109e-11 1.60441e-11 1.05818e-11 7.00062e-12 4.64393e-12 3.08799e-12 2.05774e-12 1.37382e-12 9.18736e-13 6.15284e-13 4.12537e-13 2.76817e-13 1.85787e-13 1.24597e-13 8.33426e-14 5.62471e-14
