0.534686 0.010876 0.00884824 0.00719855 0.00585644 0.00476455 0.00387624 0.00315354 0.00256559 0.00208725 0.0016981 0.0013815 0.00112393 0.000914383 0.000743903 0.000605208 0.000492372 0.000400573 0.000325889 0.000265129 0.000215698 0.000175483 0.000142765 0.000116148 9.44929e-05 7.68754e-05 6.25426e-05 5.0882e-05 4.13954e-05 3.36776e-05 2.73986e-05 2.22904e-05 1.81345e-05 1.47535e-05 1.20028e-05 9.76496e-06 7.94436e-06 6.46319e-06 5.25818e-06 4.27783e-06 3.48026e-06 2.83139e-06 2.3035e-06 1.87403e-06 1.52463e-06 1.24038e-06 1.00912e-06 8.20975e-07 6.6791e-07 5.43383e-07 4.42074e-07 3.59652e-07 2.92598e-07 2.38045e-07 1.93664e-07 1.57556e-07 1.28181e-07 1.04283e-07 8.48401e-08 6.90223e-08 5.61536e-08 4.56842e-08 3.71667e-08 3.02373e-08 2.45997e-08 2.00133e-08 1.6282e-08 1.32463e-08 1.07767e-08 8.76743e-09 7.13281e-09 5.80295e-09 4.72103e-09 3.84083e-09 3.12474e-09 2.54215e-09 2.06819e-09 1.68259e-09 1.36888e-09 1.11367e-09 9.06031e-10 7.37109e-10 5.9968e-10 4.87874e-10 3.96914e-10 3.22912e-10 2.62708e-10 2.13728e-10 1.7388e-10 1.41461e-10 1.15087e-10 9.36299e-11 7.61733e-11 6.19713e-11 5.04173e-11 4.10173e-11 3.337e-11 2.71484e-11 2.20868e-11 1.79689e-11 1.46187e-11
0.010876 0.0040144 0.00345538 0.00296527 0.0025378 0.00216666 0.00184569 0.00156909 0.00133147 0.00112792 0.00095398 0.000805695 0.000679542 0.000572423 0.000481626 0.000404788 0.000339859 0.000285071 0.000238899 0.000200034 0.000167358 0.000139912 0.000116883 9.75777e-05 8.14081e-05 6.78761e-05 5.65601e-05 4.71043e-05 3.92083e-05 3.26192e-05 2.71242e-05 2.25443e-05 1.87294e-05 1.55533e-05 1.29105e-05 1.07125e-05 8.88529e-06 7.36707e-06 6.10611e-06 5.05926e-06 4.19051e-06 3.46984e-06 2.87223e-06 2.37685e-06 1.96634e-06 1.62629e-06 1.34468e-06 1.11156e-06 9.18614e-07 7.58979e-07 6.26938e-07 5.1775e-07 4.27484e-07 3.52879e-07 2.91234e-07 2.40309e-07 1.98249e-07 1.6352e-07 1.34849e-07 1.11185e-07 9.16578e-08 7.5547e-08 6.22575e-08 5.12975e-08 4.22601e-08 3.48095e-08 2.86681e-08 2.36068e-08 1.94362e-08 1.60002e-08 1.31698e-08 1.08386e-08 8.9189e-09 7.33827e-09 6.037e-09 4.96588e-09 4.0843e-09 3.35884e-09 2.76192e-09 2.27082e-09 1.86684e-09 1.53456e-09 1.2613e-09 1.03658e-09 8.51817e-10 6.99915e-10 5.75046e-10 4.72409e-10 3.88054e-10 3.18733e-10 2.61772e-10 2.14971e-10 1.76522e-10 1.44938e-10 1.18995e-10 9.76871e-11 8.01885e-11 6.58192e-11 5.40206e-11 4.43335e-11 3.63809e-11
0.00884824 0.00345538 0.00303519 0.00265487 0.00231355 0.0020094 0.00174001 0.00150268 0.00129453 0.00111272 0.000954488 0.00081721 0.000698457 0.000595998 0.000507806 0.00043206 0.000367132 0.00031158 0.00026413 0.000223664 0.000189205 0.000159901 0.000135012 0.000113899 9.60088e-05 8.08656e-05 6.80604e-05 5.72425e-05 4.81116e-05 4.0411e-05 3.39221e-05 2.84583e-05 2.3861e-05 1.99955e-05 1.67474e-05 1.402e-05 1.1731e-05 9.81119e-06 8.20187e-06 6.85356e-06 5.72451e-06 4.77952e-06 3.98898e-06 3.32793e-06 2.77542e-06 2.31382e-06 1.92833e-06 1.60653e-06 1.338e-06 1.114e-06 9.27225e-07 7.71535e-07 6.41803e-07 5.33736e-07 4.43744e-07 3.68828e-07 3.06481e-07 2.5461e-07 2.11466e-07 1.7559e-07 1.45768e-07 1.20983e-07 1.0039e-07 8.32837e-08 6.90781e-08 5.72837e-08 4.74935e-08 3.93687e-08 3.26276e-08 2.70357e-08 2.2398e-08 1.85525e-08 1.53646e-08 1.27222e-08 1.05325e-08 8.71822e-09 7.21529e-09 5.9705e-09 4.9397e-09 4.08623e-09 3.37972e-09 2.79495e-09 2.31103e-09 1.91062e-09 1.57937e-09 1.30537e-09 1.07876e-09 8.91372e-10 7.36439e-10 6.08359e-10 5.02491e-10 4.14996e-10 3.42694e-10 2.82955e-10 2.33603e-10 1.92837e-10 1.59166e-10 1.31361e-10 1.08401e-10 8.9444e-11 7.37947e-11
0.00719855 0.00296527 0.00265487 0.00236373 0.00209428 0.00184759 0.00162375 0.00142217 0.00124178 0.00108125 0.000939086 0.000813721 0.000703587 0.00060716 0.000522994 0.000449732 0.000386121 0.000331019 0.000283387 0.000242295 0.000206908 0.000176485 0.000150372 0.00012799 0.000108833 9.24568e-05 7.84755e-05 6.65523e-05 5.63953e-05 4.77516e-05 4.04031e-05 3.41613e-05 2.88643e-05 2.43728e-05 2.05675e-05 1.73459e-05 1.46204e-05 1.23164e-05 1.03699e-05 8.7265e-06 7.33989e-06 6.17064e-06 5.18523e-06 4.35522e-06 3.65647e-06 3.06853e-06 2.57408e-06 2.15843e-06 1.80921e-06 1.51592e-06 1.26971e-06 1.06311e-06 8.89825e-07 7.44533e-07 6.22762e-07 5.20741e-07 4.35299e-07 3.63766e-07 3.03899e-07 2.53811e-07 2.1192e-07 1.76894e-07 1.47618e-07 1.23155e-07 1.0272e-07 8.56541e-08 7.14063e-08 5.95143e-08 4.95913e-08 4.13133e-08 3.44095e-08 2.86531e-08 2.38546e-08 1.98555e-08 1.65234e-08 1.37478e-08 1.14361e-08 9.51136e-09 7.90903e-09 6.57541e-09 5.46566e-09 4.5424e-09 3.77443e-09 3.13575e-09 2.60471e-09 2.16324e-09 1.79629e-09 1.49136e-09 1.23799e-09 1.02751e-09 8.52678e-10 7.07492e-10 5.86939e-10 4.86857e-10 4.03783e-10 3.34837e-10 2.77625e-10 2.30157e-10 1.9078e-10 1.58119e-10 1.31032e-10
0.00585644 0.0025378 0.00231355 0.00209428 0.00188431 0.00168644 0.00150234 0.00133281 0.00117805 0.0010378 0.000911489 0.000798356 0.000697507 0.00060799 0.000528831 0.00045907 0.000397778 0.00034408 0.000297153 0.00025624 0.000220649 0.000189748 0.00016297 0.000139804 0.000119796 0.000102542 8.76836e-05 7.49057e-05 6.39307e-05 5.45156e-05 4.64479e-05 3.95421e-05 3.3637e-05 2.85926e-05 2.42872e-05 2.0616e-05 1.74882e-05 1.48255e-05 1.25605e-05 1.06353e-05 8.99995e-06 7.6119e-06 6.43448e-06 5.43638e-06 4.5908e-06 3.87487e-06 3.26905e-06 2.75668e-06 2.3236e-06 1.95771e-06 1.64874e-06 1.38798e-06 1.16799e-06 9.82494e-07 8.26148e-07 6.94428e-07 5.83502e-07 4.90125e-07 4.11552e-07 3.45461e-07 2.89891e-07 2.43183e-07 2.03938e-07 1.70976e-07 1.43299e-07 1.20068e-07 1.00575e-07 8.42233e-08 7.05114e-08 5.90163e-08 4.93826e-08 4.1311e-08 3.45502e-08 2.88889e-08 2.41496e-08 2.0183e-08 1.68641e-08 1.40879e-08 1.17661e-08 9.82481e-09 8.2021e-09 6.84599e-09 5.71294e-09 4.76646e-09 3.97601e-09 3.316e-09 2.76503e-09 2.30518e-09 1.92146e-09 1.60132e-09 1.33428e-09 1.11159e-09 9.259e-10 7.71102e-10 6.42077e-10 5.34555e-10 4.44967e-10 3.70335e-10 3.08172e-10 2.56405e-10 2.13301e-10
0.00476455 0.00216666 0.0020094 0.00184759 0.00168644 0.00152968 0.00137988 0.00123873 0.00110725 0.000985918 0.000874833 0.000773819 0.000682502 0.000600375 0.000526851 0.000461293 0.000403053 0.000351484 0.000305958 0.000265879 0.000230682 0.000199845 0.000172886 0.000149364 0.00012888 0.000111071 9.56145e-05 8.22196e-05 7.06281e-05 6.0611e-05 5.19655e-05 4.4513e-05 3.80963e-05 3.25776e-05 2.78361e-05 2.37665e-05 2.02769e-05 1.72874e-05 1.47286e-05 1.25402e-05 1.06702e-05 9.07345e-06 7.71105e-06 6.54943e-06 5.55971e-06 4.71699e-06 3.99991e-06 3.39011e-06 2.87187e-06 2.43167e-06 2.058e-06 1.74095e-06 1.4721e-06 1.24423e-06 1.0512e-06 8.87748e-07 7.49417e-07 6.32396e-07 5.33447e-07 4.49815e-07 3.79158e-07 3.19488e-07 2.69116e-07 2.2661e-07 1.90756e-07 1.60523e-07 1.35039e-07 1.13566e-07 9.54794e-08 8.02496e-08 6.74297e-08 5.66418e-08 4.75668e-08 3.99349e-08 3.35187e-08 2.81261e-08 2.3595e-08 1.9789e-08 1.65928e-08 1.39095e-08 1.16574e-08 9.76766e-09 8.1824e-09 6.8529e-09 5.73815e-09 4.80371e-09 4.02058e-09 3.36443e-09 2.81478e-09 2.35445e-09 1.96901e-09 1.64636e-09 1.37631e-09 1.15034e-09 9.6129e-10 8.03164e-10 6.70928e-10 5.60365e-10 4.6794e-10 3.90692e-10 3.26141e-10
0.00387624 0.00184569 0.00174001 0.00162375 0.00150234 0.00137988 0.00125941 0.00114311 0.00103249 0.00092851 0.00083174 0.000742422 0.000660564 0.000586003 0.000518454 0.000457547 0.000402864 0.000353955 0.000310361 0.000271626 0.000237309 0.000206985 0.000180255 0.000156747 0.000136115 0.000118042 0.000102241 8.84501e-05 7.64322e-05 6.59756e-05 5.68907e-05 4.90082e-05 4.21778e-05 3.62663e-05 3.11561e-05 2.67435e-05 2.29373e-05 1.96575e-05 1.68341e-05 1.44057e-05 1.2319e-05 1.05275e-05 8.99067e-06 7.67333e-06 6.545e-06 5.57928e-06 4.75332e-06 4.04738e-06 3.44442e-06 2.92974e-06 2.4907e-06 2.1164e-06 1.79748e-06 1.5259e-06 1.29476e-06 1.09815e-06 9.30983e-07 7.88931e-07 6.68278e-07 5.65848e-07 4.7893e-07 4.05208e-07 3.42705e-07 2.89736e-07 2.44867e-07 2.06874e-07 1.74716e-07 1.47507e-07 1.24495e-07 1.05039e-07 8.85956e-08 7.47034e-08 6.29706e-08 5.30648e-08 4.47043e-08 3.76503e-08 3.17005e-08 2.66836e-08 2.24547e-08 1.8891e-08 1.58888e-08 1.33603e-08 1.12314e-08 9.43939e-09 7.9314e-09 6.66275e-09 5.59571e-09 4.69849e-09 3.94425e-09 3.31035e-09 2.77772e-09 2.33029e-09 1.95453e-09 1.63901e-09 1.37415e-09 1.15186e-09 9.65338e-10 8.08862e-10 6.7762e-10 5.67566e-10 4.75297e-10
0.00315354 0.00156909 0.00150268 0.00142217 0.00133281 0.00123873 0.00114311 0.00104834 0.000956182 0.000867912 0.000784379 0.000706119 0.000633415 0.000566361 0.000504905 0.000448889 0.00039808 0.000352194 0.000310918 0.000273919 0.000240862 0.000211413 0.000185252 0.000162068 0.000141572 0.000123491 0.000107573 9.3586e-05 8.13172e-05 7.05739e-05 6.11812e-05 5.29818e-05 4.5834e-05 3.96116e-05 3.42015e-05 2.95034e-05 2.54285e-05 2.18979e-05 1.88423e-05 1.62003e-05 1.39183e-05 1.19489e-05 1.0251e-05 8.78839e-06 7.52945e-06 6.44673e-06 5.51628e-06 4.71727e-06 4.03164e-06 3.4437e-06 2.93988e-06 2.50842e-06 2.13917e-06 1.82335e-06 1.55338e-06 1.32275e-06 1.12583e-06 9.57791e-07 8.14467e-07 6.92289e-07 5.88189e-07 4.99535e-07 4.24071e-07 3.59865e-07 3.05261e-07 2.58845e-07 2.19405e-07 1.85907e-07 1.57468e-07 1.33333e-07 1.12858e-07 9.5496e-08 8.07784e-08 6.83073e-08 5.77434e-08 4.87982e-08 4.12263e-08 3.4819e-08 2.9399e-08 2.48156e-08 2.09409e-08 1.76663e-08 1.48998e-08 1.25632e-08 1.05902e-08 8.92483e-09 7.51944e-09 6.33379e-09 5.33379e-09 4.4906e-09 3.77982e-09 3.1808e-09 2.67611e-09 2.25099e-09 1.89299e-09 1.59158e-09 1.33787e-09 1.12437e-09 9.44746e-10 7.93655e-10 6.66594e-10
0.00256559 0.00133147 0.00129453 0.00124178 0.00117805 0.00110725 0.00103249 0.000956182 0.00088021 0.000805979 0.000734515 0.000666539 0.000602524 0.000542746 0.000487328 0.000436276 0.000389507 0.000346871 0.000308174 0.000273193 0.000241684 0.000213395 0.000188075 0.000165475 0.000145355 0.000127484 0.000111648 9.7643e-05 8.52822e-05 7.43924e-05 6.4815e-05 5.64057e-05 4.90334e-05 4.25797e-05 3.69379e-05 3.20124e-05 2.77178e-05 2.39776e-05 2.07242e-05 1.78971e-05 1.54432e-05 1.33154e-05 1.1472e-05 9.87666e-06 8.49713e-06 7.30528e-06 6.27642e-06 5.38899e-06 4.62414e-06 3.96543e-06 3.39855e-06 2.91103e-06 2.49206e-06 2.13222e-06 1.82338e-06 1.55847e-06 1.33138e-06 1.13682e-06 9.70228e-07 8.27663e-07 7.05726e-07 6.01486e-07 5.1242e-07 4.36358e-07 3.71432e-07 3.16039e-07 2.688e-07 2.28533e-07 1.94224e-07 1.65005e-07 1.4013e-07 1.18963e-07 1.00958e-07 8.5649e-08 7.26368e-08 6.15811e-08 5.21914e-08 4.42193e-08 3.74534e-08 3.1713e-08 2.68443e-08 2.27165e-08 1.92178e-08 1.62533e-08 1.37424e-08 1.16161e-08 9.81619e-09 8.29297e-09 7.0043e-09 5.91436e-09 4.99277e-09 4.21373e-09 3.55539e-09 2.99918e-09 2.52939e-09 2.1327e-09 1.7978e-09 1.51515e-09 1.27666e-09 1.07547e-09 9.05793e-10
0.00208725 0.00112792 0.00111272 0.00108125 0.0010378 0.000985918 0.00092851 0.000867912 0.000805979 0.000744161 0.000683569 0.000625026 0.000569126 0.000516271 0.000466708 0.000420568 0.00037788 0.000338606 0.000302649 0.000269875 0.000240121 0.000213207 0.000188942 0.000167132 0.000147584 0.000130109 0.000114525 0.000100658 8.83466e-05 7.74367e-05 6.77872e-05 5.92675e-05 5.17579e-05 4.51491e-05 3.93417e-05 3.42458e-05 2.97802e-05 2.58722e-05 2.24562e-05 1.94739e-05 1.68732e-05 1.46076e-05 1.26361e-05 1.09222e-05 9.43363e-06 8.14202e-06 7.02229e-06 6.0524e-06 5.213e-06 4.48712e-06 3.85989e-06 3.31831e-06 2.85103e-06 2.44814e-06 2.101e-06 1.8021e-06 1.54489e-06 1.32371e-06 1.13362e-06 9.70345e-07 8.30186e-07 7.09936e-07 6.06825e-07 5.18456e-07 4.42761e-07 3.77955e-07 3.22498e-07 2.75065e-07 2.34514e-07 1.99863e-07 1.70265e-07 1.44996e-07 1.23431e-07 1.05035e-07 8.93492e-08 7.59792e-08 6.45877e-08 5.48856e-08 4.66256e-08 3.95958e-08 3.36152e-08 2.8529e-08 2.42049e-08 2.05301e-08 1.7408e-08 1.47564e-08 1.25051e-08 1.05943e-08 8.97303e-09 7.59777e-09 6.43157e-09 5.44294e-09 4.60509e-09 3.89521e-09 3.29394e-09 2.78479e-09 2.35377e-09 1.98898e-09 1.68034e-09 1.41926e-09 1.19846e-09
0.0016981 0.00095398 0.000954488 0.000939086 0.000911489 0.000874833 0.00083174 0.000784379 0.000734515 0.000683569 0.000632664 0.000582672 0.000534251 0.000487882 0.0004439 0.00040252 0.000363862 0.00032797 0.000294828 0.000264374 0.000236513 0.000211125 0.000188074 0.000167216 0.000148398 0.00013147 0.000116281 0.000102686 9.05461e-05 7.9728e-05 7.01074e-05 6.1568e-05 5.40017e-05 4.73091e-05 4.13987e-05 3.6187e-05 3.15982e-05 2.75634e-05 2.40203e-05 2.09129e-05 1.81911e-05 1.58095e-05 1.37282e-05 1.1911e-05 1.03262e-05 8.94541e-06 7.74346e-06 6.69815e-06 5.78989e-06 5.00138e-06 4.31739e-06 3.72455e-06 3.2111e-06 2.76675e-06 2.38247e-06 2.05038e-06 1.76359e-06 1.51607e-06 1.3026e-06 1.1186e-06 9.60105e-07 8.23655e-07 7.06254e-07 6.05299e-07 5.18534e-07 4.44004e-07 3.80018e-07 3.25111e-07 2.7802e-07 2.3765e-07 2.03059e-07 1.73434e-07 1.48073e-07 1.26372e-07 1.07811e-07 9.19421e-08 7.83806e-08 6.67957e-08 5.69032e-08 4.84593e-08 4.12545e-08 3.51093e-08 2.98698e-08 2.54042e-08 2.15994e-08 1.83588e-08 1.55997e-08 1.32513e-08 1.12532e-08 9.55359e-09 8.10841e-09 6.87992e-09 5.83597e-09 4.94909e-09 4.19588e-09 3.55637e-09 3.01356e-09 2.55295e-09 2.16221e-09 1.83082e-09 1.54985e-09
0.0013815 0.000805695 0.00081721 0.000813721 0.000798356 0.000773819 0.000742422 0.000706119 0.000666539 0.000625026 0.000582672 0.00054035 0.000498742 0.000458373 0.000419631 0.000382792 0.000348039 0.000315479 0.000285157 0.000257071 0.00023118 0.000207418 0.000185695 0.000165907 0.000147942 0.000131681 0.000117005 0.000103793 9.19291e-05 8.12998e-05 7.17971e-05 6.33189e-05 5.57691e-05 4.90582e-05 4.31031e-05 3.78274e-05 3.31607e-05 2.90388e-05 2.54032e-05 2.22008e-05 1.93836e-05 1.69083e-05 1.47359e-05 1.28316e-05 1.11641e-05 9.70539e-06 8.4307e-06 7.31786e-06 6.34723e-06 5.50141e-06 4.76498e-06 4.12434e-06 3.56749e-06 3.08385e-06 2.66411e-06 2.30011e-06 1.98466e-06 1.7115e-06 1.4751e-06 1.27065e-06 1.09396e-06 9.4134e-07 8.09601e-07 6.95952e-07 5.97964e-07 5.13528e-07 4.40809e-07 3.78215e-07 3.24364e-07 2.78059e-07 2.38262e-07 2.04075e-07 1.74722e-07 1.4953e-07 1.2792e-07 1.09391e-07 9.35103e-08 7.99051e-08 6.82545e-08 5.82816e-08 4.97484e-08 4.24498e-08 3.62097e-08 3.08766e-08 2.63203e-08 2.24291e-08 1.91072e-08 1.62721e-08 1.38535e-08 1.17908e-08 1.00323e-08 8.53353e-09 7.25659e-09 6.16899e-09 5.24293e-09 4.45467e-09 3.78391e-09 3.21329e-09 2.728e-09 2.31541e-09 1.96472e-09
0.00112393 0.000679542 0.000698457 0.000703587 0.000697507 0.000682502 0.000660564 0.000633415 0.000602524 0.000569126 0.000534251 0.000498742 0.000463278 0.000428397 0.000394518 0.000361952 0.000330925 0.00030159 0.00027404 0.000248317 0.000224428 0.000202345 0.000182021 0.000163387 0.000146364 0.000130863 0.000116792 0.000104054 9.25531e-05 8.21949e-05 7.28871e-05 6.45412e-05 5.7073e-05 5.04029e-05 4.44567e-05 3.91647e-05 3.44627e-05 3.02914e-05 2.65965e-05 2.33281e-05 2.04409e-05 1.78938e-05 1.56495e-05 1.36743e-05 1.1938e-05 1.04134e-05 9.07605e-06 7.90416e-06 6.87827e-06 5.98106e-06 5.19709e-06 4.5127e-06 3.91573e-06 3.39546e-06 2.9424e-06 2.54817e-06 2.2054e-06 1.90759e-06 1.64902e-06 1.42468e-06 1.23018e-06 1.06165e-06 9.15713e-07 7.89428e-07 6.80212e-07 5.85813e-07 5.04269e-07 4.33868e-07 3.73122e-07 3.20734e-07 2.75578e-07 2.36676e-07 2.03178e-07 1.74348e-07 1.49546e-07 1.28221e-07 1.09893e-07 9.41486e-08 8.06287e-08 6.90244e-08 5.90684e-08 5.05302e-08 4.32108e-08 3.69387e-08 3.15662e-08 2.6966e-08 2.30285e-08 1.96596e-08 1.67781e-08 1.43145e-08 1.22088e-08 1.04097e-08 8.87303e-09 7.56098e-09 6.44107e-09 5.48546e-09 4.67032e-09 3.97519e-09 3.38261e-09 2.87758e-09 2.44731e-09
0.000914383 0.000572423 0.000595998 0.00060716 0.00060799 0.000600375 0.000586003 0.000566361 0.000542746 0.000516271 0.000487882 0.000458373 0.000428397 0.000398489 0.000369073 0.00034048 0.000312964 0.000286708 0.000261838 0.000238434 0.000216534 0.000196149 0.00017726 0.000159831 0.000143811 0.000129138 0.000115742 0.000103549 9.24822e-05 8.24633e-05 7.34153e-05 6.52629e-05 5.79332e-05 5.13565e-05 4.5467e-05 4.02023e-05 3.55042e-05 3.13188e-05 2.75959e-05 2.42893e-05 2.13566e-05 1.87592e-05 1.64616e-05 1.44319e-05 1.26409e-05 1.10625e-05 9.67283e-06 8.45075e-06 7.37715e-06 6.43491e-06 5.60877e-06 4.88508e-06 4.25172e-06 3.6979e-06 3.21404e-06 2.79164e-06 2.42319e-06 2.10205e-06 1.82235e-06 1.57892e-06 1.36722e-06 1.18322e-06 1.02342e-06 8.84716e-07 7.64405e-07 6.60113e-07 5.69759e-07 4.91529e-07 4.23833e-07 3.65287e-07 3.14681e-07 2.70962e-07 2.33212e-07 2.00634e-07 1.72532e-07 1.48304e-07 1.27425e-07 1.09441e-07 9.3958e-08 8.06338e-08 6.91725e-08 5.93179e-08 5.08484e-08 4.35723e-08 3.7324e-08 3.19605e-08 2.73583e-08 2.34109e-08 2.00263e-08 1.71254e-08 1.464e-08 1.25113e-08 1.06888e-08 9.12892e-09 7.79435e-09 6.65289e-09 5.67693e-09 4.84274e-09 4.12995e-09 3.52108e-09 3.00115e-09
0.000743903 0.000481626 0.000507806 0.000522994 0.000528831 0.000526851 0.000518454 0.000504905 0.000487328 0.000466708 0.0004439 0.000419631 0.000394518 0.000369073 0.000343714 0.00031878 0.000294535 0.000271182 0.000248872 0.000227707 0.000207756 0.000189052 0.000171606 0.000155406 0.000140426 0.000126626 0.000113956 0.000102362 9.17842e-05 8.21595e-05 7.34249e-05 6.55174e-05 5.8375e-05 5.19374e-05 4.61469e-05 4.09485e-05 3.629e-05 3.21227e-05 2.84008e-05 2.5082e-05 2.21271e-05 1.94999e-05 1.71673e-05 1.50989e-05 1.32672e-05 1.1647e-05 1.02156e-05 8.95246e-06 7.83892e-06 6.85832e-06 5.99566e-06 5.2375e-06 4.5718e-06 3.98782e-06 3.47598e-06 3.02776e-06 2.63556e-06 2.29268e-06 1.99313e-06 1.73164e-06 1.50355e-06 1.30473e-06 1.13155e-06 9.80795e-07 8.49659e-07 7.35659e-07 6.36618e-07 5.50627e-07 4.76009e-07 4.113e-07 3.55215e-07 3.06633e-07 2.64571e-07 2.28176e-07 1.96699e-07 1.6949e-07 1.45982e-07 1.25681e-07 1.08159e-07 9.30417e-08 8.00054e-08 6.87688e-08 5.90876e-08 5.07501e-08 4.35728e-08 3.7397e-08 3.20849e-08 2.75177e-08 2.35925e-08 2.02202e-08 1.73242e-08 1.4838e-08 1.27045e-08 1.08743e-08 9.30481e-09 7.95938e-09 6.80641e-09 5.81871e-09 4.97287e-09 4.24874e-09 3.62901e-09
0.000605208 0.000404788 0.00043206 0.000449732 0.00045907 0.000461293 0.000457547 0.000448889 0.000436276 0.000420568 0.00040252 0.000382792 0.000361952 0.00034048 0.00031878 0.000297182 0.000275956 0.000255313 0.000235417 0.000216391 0.00019832 0.00018126 0.000165241 0.000150272 0.000136347 0.000123445 0.000111534 0.000100577 9.05288e-05 8.13407e-05 7.29624e-05 6.53421e-05 5.84277e-05 5.21682e-05 4.65135e-05 4.14156e-05 3.68284e-05 3.27083e-05 2.90141e-05 2.57072e-05 2.27516e-05 2.0114e-05 1.77636e-05 1.5672e-05 1.38131e-05 1.21631e-05 1.07004e-05 9.40516e-06 8.25957e-06 7.24742e-06 6.35411e-06 5.56649e-06 4.87273e-06 4.26224e-06 3.7255e-06 3.25404e-06 2.84027e-06 2.47744e-06 2.15953e-06 1.88121e-06 1.63772e-06 1.42488e-06 1.23896e-06 1.07666e-06 9.35091e-07 8.11682e-07 7.04174e-07 6.10579e-07 5.29146e-07 4.58339e-07 3.96808e-07 3.43368e-07 2.96982e-07 2.56741e-07 2.21849e-07 1.91613e-07 1.65424e-07 1.42751e-07 1.23134e-07 1.06167e-07 9.15008e-08 7.88284e-08 6.7884e-08 5.84362e-08 5.02839e-08 4.32526e-08 3.71906e-08 3.19666e-08 2.74665e-08 2.35915e-08 2.02562e-08 1.73864e-08 1.49182e-08 1.27962e-08 1.09724e-08 9.40554e-09 8.05987e-09 6.90458e-09 5.91307e-09 5.06241e-09 4.33284e-09
0.000492372 0.000339859 0.000367132 0.000386121 0.000397778 0.000403053 0.000402864 0.00039808 0.000389507 0.00037788 0.000363862 0.000348039 0.000330925 0.000312964 0.000294535 0.000275956 0.00025749 0.000239353 0.000221715 0.000204708 0.000188431 0.000172956 0.000158328 0.000144573 0.000131701 0.000119706 0.000108572 9.82758e-05 8.87856e-05 8.00656e-05 7.20764e-05 6.47766e-05 5.81236e-05 5.20745e-05 4.65868e-05 4.1619e-05 3.71309e-05 3.30838e-05 2.94411e-05 2.61679e-05 2.32317e-05 2.06018e-05 1.82498e-05 1.61494e-05 1.42763e-05 1.2608e-05 1.11241e-05 9.8058e-06 8.63599e-06 7.59912e-06 6.6811e-06 5.86916e-06 5.15178e-06 4.51857e-06 3.9602e-06 3.46827e-06 3.03527e-06 2.65447e-06 2.31986e-06 2.02608e-06 1.76836e-06 1.54244e-06 1.34455e-06 1.17134e-06 1.01984e-06 8.87421e-07 7.71759e-07 6.70801e-07 5.82734e-07 5.0596e-07 4.39074e-07 3.80835e-07 3.30157e-07 2.86083e-07 2.47773e-07 2.14493e-07 1.85598e-07 1.60522e-07 1.38773e-07 1.19919e-07 1.03582e-07 8.94326e-08 7.71845e-08 6.65869e-08 5.74214e-08 4.94982e-08 4.26519e-08 3.67386e-08 3.16334e-08 2.72277e-08 2.34271e-08 2.01499e-08 1.73251e-08 1.48913e-08 1.2795e-08 1.09901e-08 9.43681e-09 8.10041e-09 6.95106e-09 5.96293e-09 5.11369e-09
0.000400573 0.000285071 0.00031158 0.000331019 0.00034408 0.000351484 0.000353955 0.000352194 0.000346871 0.000338606 0.00032797 0.000315479 0.00030159 0.000286708 0.000271182 0.000255313 0.000239353 0.000223513 0.000207966 0.000192848 0.000178267 0.000164304 0.000151017 0.000138444 0.000126607 0.000115514 0.000105161 9.55377e-05 8.6623e-05 7.83922e-05 7.08159e-05 6.38621e-05 5.74966e-05 5.16842e-05 4.63893e-05 4.15766e-05 3.72114e-05 3.32599e-05 2.96897e-05 2.64699e-05 2.35709e-05 2.09652e-05 1.86267e-05 1.65311e-05 1.4656e-05 1.29804e-05 1.1485e-05 1.01523e-05 8.96593e-06 7.91109e-06 6.97427e-06 6.14318e-06 5.40667e-06 4.75465e-06 4.178e-06 3.6685e-06 3.21875e-06 2.8221e-06 2.47258e-06 2.16487e-06 1.89418e-06 1.65626e-06 1.44729e-06 1.2639e-06 1.10308e-06 9.6214e-07 8.38722e-07 7.30717e-07 6.36265e-07 5.53718e-07 4.81623e-07 4.18695e-07 3.63802e-07 3.15946e-07 2.7425e-07 2.37941e-07 2.06342e-07 1.78855e-07 1.54959e-07 1.34195e-07 1.16163e-07 1.0051e-07 8.69288e-08 7.51516e-08 6.49434e-08 5.60991e-08 4.84401e-08 4.18105e-08 3.60743e-08 3.11134e-08 2.68248e-08 2.31188e-08 1.99177e-08 1.71538e-08 1.47682e-08 1.27101e-08 1.09351e-08 9.40485e-09 8.0861e-09 6.95003e-09 5.97167e-09
0.000325889 0.000238899 0.00026413 0.000283387 0.000297153 0.000305958 0.000310361 0.000310918 0.000308174 0.000302649 0.000294828 0.000285157 0.00027404 0.000261838 0.000248872 0.000235417 0.000221715 0.000207966 0.000194339 0.000180974 0.000167981 0.000155447 0.000143439 0.000132004 0.000121173 0.000110966 0.000101388 9.24385e-05 8.41068e-05 7.63774e-05 6.92298e-05 6.264e-05 5.65816e-05 5.10263e-05 4.59449e-05 4.13078e-05 3.70855e-05 3.32489e-05 2.97696e-05 2.66202e-05 2.37747e-05 2.1208e-05 1.88966e-05 1.68184e-05 1.49526e-05 1.32799e-05 1.17824e-05 1.04435e-05 9.24797e-06 8.18172e-06 7.23191e-06 6.38678e-06 5.63563e-06 4.96872e-06 4.37721e-06 3.8531e-06 3.38916e-06 2.97887e-06 2.61635e-06 2.29632e-06 2.01405e-06 1.76528e-06 1.54623e-06 1.35348e-06 1.18402e-06 1.03514e-06 9.04434e-07 7.89769e-07 6.89244e-07 6.01175e-07 5.24071e-07 4.56608e-07 3.9762e-07 3.46072e-07 3.01053e-07 2.61761e-07 2.27485e-07 1.97602e-07 1.71564e-07 1.48889e-07 1.29151e-07 1.1198e-07 9.70498e-08 8.40738e-08 7.2802e-08 6.30152e-08 5.45218e-08 4.71542e-08 4.07661e-08 3.52297e-08 3.04336e-08 2.62806e-08 2.26858e-08 1.95757e-08 1.68859e-08 1.45605e-08 1.2551e-08 1.08152e-08 9.31624e-09 8.02239e-09 6.90597e-09
0.000265129 0.000200034 0.000223664 0.000242295 0.00025624 0.000265879 0.000271626 0.000273919 0.000273193 0.000269875 0.000264374 0.000257071 0.000248317 0.000238434 0.000227707 0.000216391 0.000204708 0.000192848 0.000180974 0.000169222 0.000157703 0.00014651 0.000135711 0.000125361 0.000115499 0.000106151 9.73322e-05 8.90489e-05 8.12994e-05 7.40758e-05 6.73654e-05 6.11512e-05 5.54135e-05 5.01304e-05 4.52785e-05 4.08334e-05 3.67704e-05 3.30646e-05 2.96917e-05 2.66278e-05 2.38497e-05 2.13352e-05 1.90633e-05 1.70137e-05 1.51677e-05 1.35074e-05 1.20164e-05 1.06792e-05 9.48147e-06 8.41009e-06 7.45289e-06 6.59871e-06 5.83733e-06 5.15941e-06 4.55646e-06 4.02074e-06 3.54522e-06 3.12355e-06 2.74998e-06 2.41933e-06 2.12692e-06 1.86857e-06 1.64048e-06 1.43928e-06 1.26194e-06 1.10576e-06 9.68304e-07 8.47423e-07 7.41194e-07 6.47906e-07 5.66039e-07 4.94241e-07 4.31315e-07 3.76199e-07 3.27956e-07 2.85752e-07 2.48854e-07 2.16613e-07 1.88459e-07 1.63885e-07 1.4245e-07 1.23761e-07 1.07476e-07 9.32919e-08 8.09449e-08 7.0202e-08 6.08593e-08 5.27382e-08 4.56823e-08 3.95545e-08 3.42353e-08 2.96199e-08 2.56171e-08 2.21468e-08 1.91396e-08 1.65348e-08 1.42793e-08 1.23272e-08 1.06383e-08 9.1776e-09 7.91481e-09
0.000215698 0.000167358 0.000189205 0.000206908 0.000220649 0.000230682 0.000237309 0.000240862 0.000241684 0.000240121 0.000236513 0.00023118 0.000224428 0.000216534 0.000207756 0.00019832 0.000188431 0.000178267 0.000167981 0.000157703 0.000147545 0.000137597 0.000127933 0.000118609 0.00010967 0.000101149 9.3066e-05 8.54344e-05 7.82593e-05 7.15393e-05 6.52682e-05 5.94353e-05 5.40268e-05 4.90262e-05 4.44153e-05 4.01747e-05 3.62838e-05 3.2722e-05 2.94684e-05 2.65024e-05 2.38038e-05 2.13531e-05 1.91314e-05 1.71206e-05 1.53038e-05 1.36646e-05 1.2188e-05 1.08597e-05 9.66646e-06 8.5959e-06 7.63667e-06 6.77822e-06 6.01088e-06 5.32577e-06 4.71474e-06 4.17036e-06 3.68587e-06 3.25511e-06 2.87249e-06 2.53295e-06 2.23192e-06 1.96527e-06 1.72927e-06 1.52058e-06 1.33619e-06 1.17339e-06 1.02978e-06 9.03182e-07 7.91666e-07 6.93506e-07 6.07164e-07 5.31268e-07 4.64599e-07 4.06074e-07 3.5473e-07 3.09715e-07 2.70273e-07 2.35734e-07 2.05507e-07 1.79068e-07 1.55956e-07 1.35763e-07 1.1813e-07 1.0274e-07 8.93159e-08 7.76114e-08 6.74117e-08 5.85276e-08 5.07931e-08 4.40627e-08 3.82087e-08 3.31193e-08 2.86966e-08 2.48549e-08 2.15194e-08 1.86246e-08 1.61133e-08 1.39355e-08 1.20478e-08 1.04122e-08 8.9955e-09
0.000175483 0.000139912 0.000159901 0.000176485 0.000189748 0.000199845 0.000206985 0.000211413 0.000213395 0.000213207 0.000211125 0.000207418 0.000202345 0.000196149 0.000189052 0.00018126 0.000172956 0.000164304 0.000155447 0.00014651 0.000137597 0.0001288 0.000120191 0.00011183 0.000103765 9.60313e-05 8.86553e-05 8.16549e-05 7.50405e-05 6.88163e-05 6.29814e-05 5.75304e-05 5.24546e-05 4.77425e-05 4.33804e-05 3.9353e-05 3.5644e-05 3.22363e-05 2.91124e-05 2.62547e-05 2.36458e-05 2.12686e-05 1.91065e-05 1.71435e-05 1.53642e-05 1.3754e-05 1.22991e-05 1.09863e-05 9.80359e-06 8.73942e-06 7.78319e-06 6.92504e-06 6.15584e-06 5.46719e-06 4.85135e-06 4.30123e-06 3.81034e-06 3.37276e-06 2.98309e-06 2.63642e-06 2.3283e-06 2.05468e-06 1.81193e-06 1.59675e-06 1.40616e-06 1.2375e-06 1.08836e-06 9.56583e-07 8.40238e-07 7.37594e-07 6.47102e-07 5.6738e-07 4.97195e-07 4.35446e-07 3.81157e-07 3.33455e-07 2.91569e-07 2.54812e-07 2.22575e-07 1.9432e-07 1.69567e-07 1.47897e-07 1.28934e-07 1.12351e-07 9.78558e-08 8.51923e-08 7.41348e-08 6.44845e-08 5.60664e-08 4.87268e-08 4.23305e-08 3.67588e-08 3.19077e-08 2.7686e-08 2.40134e-08 2.08201e-08 1.80447e-08 1.56334e-08 1.35394e-08 1.17217e-08 1.01444e-08
0.000142765 0.000116883 0.000135012 0.000150372 0.00016297 0.000172886 0.000180255 0.000185252 0.000188075 0.000188942 0.000188074 0.000185695 0.000182021 0.00017726 0.000171606 0.000165241 0.000158328 0.000151017 0.000143439 0.000135711 0.000127933 0.000120191 0.000112558 0.000105095 9.78498e-05 9.08612e-05 8.41589e-05 7.77645e-05 7.16925e-05 6.59515e-05 6.05451e-05 5.54724e-05 5.07289e-05 4.63073e-05 4.21981e-05 3.83897e-05 3.48693e-05 3.16232e-05 2.86369e-05 2.58958e-05 2.33849e-05 2.10895e-05 1.8995e-05 1.70874e-05 1.5353e-05 1.37787e-05 1.23518e-05 1.10607e-05 9.89408e-06 8.84143e-06 7.89289e-06 7.0393e-06 6.27211e-06 5.58341e-06 4.9659e-06 4.41286e-06 3.91809e-06 3.47592e-06 3.08117e-06 2.72911e-06 2.41543e-06 2.13621e-06 1.88788e-06 1.66723e-06 1.47135e-06 1.29759e-06 1.14359e-06 1.00721e-06 8.86528e-07 7.79818e-07 6.85534e-07 6.02287e-07 5.28839e-07 4.64081e-07 4.07022e-07 3.56782e-07 3.12573e-07 2.73696e-07 2.3953e-07 2.09521e-07 1.83179e-07 1.6007e-07 1.39809e-07 1.22054e-07 1.06504e-07 9.28917e-08 8.09828e-08 7.05692e-08 6.14678e-08 5.35172e-08 4.65752e-08 4.05168e-08 3.52321e-08 3.06242e-08 2.66084e-08 2.31102e-08 2.00642e-08 1.7413e-08 1.51065e-08 1.31007e-08 1.13571e-08
0.000116148 9.75777e-05 0.000113899 0.00012799 0.000139804 0.000149364 0.000156747 0.000162068 0.000165475 0.000167132 0.000167216 0.000165907 0.000163387 0.000159831 0.000155406 0.000150272 0.000144573 0.000138444 0.000132004 0.000125361 0.000118609 0.00011183 0.000105095 9.84626e-05 9.19821e-05 8.56935e-05 7.96284e-05 7.38113e-05 6.82598e-05 6.29858e-05 5.79965e-05 5.32947e-05 4.88796e-05 4.47474e-05 4.0892e-05 3.73053e-05 3.39777e-05 3.08983e-05 2.80555e-05 2.54372e-05 2.30308e-05 2.08238e-05 1.88037e-05 1.6958e-05 1.52747e-05 1.37422e-05 1.23492e-05 1.10851e-05 9.93961e-06 8.90313e-06 7.96661e-06 7.12153e-06 6.35996e-06 5.67451e-06 5.05832e-06 4.50503e-06 4.00879e-06 3.5642e-06 3.16631e-06 2.81058e-06 2.49286e-06 2.20937e-06 1.95665e-06 1.73158e-06 1.5313e-06 1.35325e-06 1.19508e-06 1.05469e-06 9.3019e-07 8.1986e-07 7.22164e-07 6.3572e-07 5.59287e-07 4.91754e-07 4.32126e-07 3.79513e-07 3.33121e-07 2.9224e-07 2.5624e-07 2.24556e-07 1.96689e-07 1.72193e-07 1.50673e-07 1.31778e-07 1.15197e-07 1.00655e-07 8.79081e-08 7.67404e-08 6.69615e-08 5.84029e-08 5.09162e-08 4.43702e-08 3.86496e-08 3.36527e-08 2.92899e-08 2.54825e-08 2.21613e-08 1.92654e-08 1.67416e-08 1.45429e-08 1.26283e-08
9.44929e-05 8.14081e-05 9.60088e-05 0.000108833 0.000119796 0.00012888 0.000136115 0.000141572 0.000145355 0.000147584 0.000148398 0.000147942 0.000146364 0.000143811 0.000140426 0.000136347 0.000131701 0.000126607 0.000121173 0.000115499 0.00010967 0.000103765 9.78498e-05 9.19821e-05 8.62104e-05 8.05751e-05 7.5109e-05 6.9838e-05 6.47822e-05 5.99561e-05 5.53695e-05 5.10283e-05 4.69346e-05 4.30877e-05 3.94846e-05 3.61198e-05 3.29866e-05 3.00769e-05 2.73814e-05 2.48903e-05 2.25934e-05 2.048e-05 1.85395e-05 1.6761e-05 1.51342e-05 1.36487e-05 1.22946e-05 1.10621e-05 9.94225e-06 8.92615e-06 8.00553e-06 7.17259e-06 6.41998e-06 5.74084e-06 5.12875e-06 4.57776e-06 4.08235e-06 3.63741e-06 3.23824e-06 2.88051e-06 2.56025e-06 2.27381e-06 2.01788e-06 1.78942e-06 1.58567e-06 1.40412e-06 1.24248e-06 1.09871e-06 9.7092e-07 8.57435e-07 7.56729e-07 6.67433e-07 5.88312e-07 5.18259e-07 4.56278e-07 4.01477e-07 3.53058e-07 3.10305e-07 2.7258e-07 2.39313e-07 2.09996e-07 1.84175e-07 1.61447e-07 1.41453e-07 1.23874e-07 1.08428e-07 9.48625e-08 8.29558e-08 7.25103e-08 6.33516e-08 5.53252e-08 4.82946e-08 4.21394e-08 3.67532e-08 3.20421e-08 2.79234e-08 2.43244e-08 2.11808e-08 1.84363e-08 1.60412e-08 1.3952e-08
7.68754e-05 6.78761e-05 8.08656e-05 9.24568e-05 0.000102542 0.000111071 0.000118042 0.000123491 0.000127484 0.000130109 0.00013147 0.000131681 0.000130863 0.000129138 0.000126626 0.000123445 0.000119706 0.000115514 0.000110966 0.000106151 0.000101149 9.60313e-05 9.08612e-05 8.56935e-05 8.05751e-05 7.5546e-05 7.06392e-05 6.58817e-05 6.1295e-05 5.68953e-05 5.26947e-05 4.87013e-05 4.49197e-05 4.13518e-05 3.79968e-05 3.4852e-05 3.19129e-05 2.91737e-05 2.66276e-05 2.42666e-05 2.20826e-05 2.00666e-05 1.82098e-05 1.65028e-05 1.49368e-05 1.35026e-05 1.21914e-05 1.09948e-05 9.90441e-06 8.91238e-06 8.01116e-06 7.19363e-06 6.45303e-06 5.783e-06 5.17761e-06 4.63129e-06 4.13887e-06 3.69555e-06 3.29688e-06 2.93875e-06 2.61738e-06 2.3293e-06 2.0713e-06 1.84048e-06 1.63417e-06 1.44992e-06 1.28553e-06 1.13899e-06 1.00846e-06 8.92295e-07 7.88996e-07 6.97208e-07 6.15713e-07 5.43409e-07 4.79306e-07 4.22516e-07 3.72239e-07 3.27758e-07 2.88431e-07 2.53684e-07 2.23003e-07 1.95929e-07 1.72053e-07 1.51009e-07 1.32473e-07 1.16155e-07 1.01798e-07 8.91727e-08 7.80769e-08 6.83304e-08 5.97735e-08 5.22648e-08 4.56794e-08 3.99066e-08 3.48485e-08 3.04188e-08 2.65413e-08 2.31486e-08 2.01816e-08 1.75879e-08 1.53217e-08
6.25426e-05 5.65601e-05 6.80604e-05 7.84755e-05 8.76836e-05 9.56145e-05 0.000102241 0.000107573 0.000111648 0.000114525 0.000116281 0.000117005 0.000116792 0.000115742 0.000113956 0.000111534 0.000108572 0.000105161 0.000101388 9.73322e-05 9.3066e-05 8.86553e-05 8.41589e-05 7.96284e-05 7.5109e-05 7.06392e-05 6.62519e-05 6.19743e-05 5.78287e-05 5.38325e-05 4.99994e-05 4.63392e-05 4.28584e-05 3.9561e-05 3.64482e-05 3.35195e-05 3.07724e-05 2.82031e-05 2.58066e-05 2.35771e-05 2.1508e-05 1.9592e-05 1.78218e-05 1.61897e-05 1.46878e-05 1.33084e-05 1.20437e-05 1.08863e-05 9.82873e-06 8.864e-06 7.98526e-06 7.18604e-06 6.46018e-06 5.80182e-06 5.2055e-06 4.66604e-06 4.17863e-06 3.73877e-06 3.34228e-06 2.98528e-06 2.66419e-06 2.3757e-06 2.11676e-06 1.88457e-06 1.67658e-06 1.49044e-06 1.324e-06 1.17531e-06 1.04259e-06 9.24233e-07 8.18763e-07 7.24855e-07 6.41308e-07 5.67034e-07 5.01054e-07 4.42485e-07 3.90531e-07 3.44477e-07 3.03681e-07 2.67566e-07 2.35618e-07 2.07372e-07 1.82416e-07 1.6038e-07 1.40933e-07 1.23783e-07 1.08666e-07 9.53487e-08 8.36237e-08 7.33061e-08 6.42318e-08 5.62552e-08 4.92472e-08 4.30933e-08 3.7692e-08 3.29537e-08 2.87989e-08 2.51576e-08 2.19677e-08 1.91746e-08 1.673e-08
5.0882e-05 4.71043e-05 5.72425e-05 6.65523e-05 7.49057e-05 8.22196e-05 8.84501e-05 9.3586e-05 9.7643e-05 0.000100658 0.000102686 0.000103793 0.000104054 0.000103549 0.000102362 0.000100577 9.82758e-05 9.55377e-05 9.24385e-05 8.90489e-05 8.54344e-05 8.16549e-05 7.77645e-05 7.38113e-05 6.9838e-05 6.58817e-05 6.19743e-05 5.81428e-05 5.44096e-05 5.07931e-05 4.73077e-05 4.39646e-05 4.07718e-05 3.77349e-05 3.48568e-05 3.21387e-05 2.95799e-05 2.71783e-05 2.49306e-05 2.28325e-05 2.08791e-05 1.90646e-05 1.7383e-05 1.58279e-05 1.43927e-05 1.30707e-05 1.18554e-05 1.074e-05 9.71807e-06 8.78338e-06 7.92978e-06 7.15143e-06 6.44272e-06 5.79833e-06 5.21322e-06 4.68262e-06 4.20207e-06 3.76738e-06 3.37464e-06 3.0202e-06 2.70069e-06 2.41297e-06 2.15416e-06 1.92158e-06 1.71278e-06 1.52552e-06 1.35772e-06 1.20751e-06 1.07315e-06 9.53076e-07 8.45864e-07 7.50212e-07 6.64943e-07 5.88988e-07 5.21382e-07 4.61253e-07 4.07812e-07 3.6035e-07 3.18226e-07 2.80867e-07 2.47754e-07 2.18426e-07 1.92465e-07 1.695e-07 1.49198e-07 1.3126e-07 1.1542e-07 1.01442e-07 8.91135e-08 7.82457e-08 6.8671e-08 6.024e-08 5.282e-08 4.62932e-08 4.0555e-08 3.55126e-08 3.10839e-08 2.7196e-08 2.37845e-08 2.07924e-08 1.81694e-08
4.13954e-05 3.92083e-05 4.81116e-05 5.63953e-05 6.39307e-05 7.06281e-05 7.64322e-05 8.13172e-05 8.52822e-05 8.83466e-05 9.05461e-05 9.19291e-05 9.25531e-05 9.24822e-05 9.17842e-05 9.05288e-05 8.87856e-05 8.6623e-05 8.41068e-05 8.12994e-05 7.82593e-05 7.50405e-05 7.16925e-05 6.82598e-05 6.47822e-05 6.1295e-05 5.78287e-05 5.44096e-05 5.10601e-05 4.77987e-05 4.46405e-05 4.15975e-05 3.86789e-05 3.58913e-05 3.32391e-05 3.07249e-05 2.83493e-05 2.61119e-05 2.40108e-05 2.2043e-05 2.0205e-05 1.84924e-05 1.69003e-05 1.54237e-05 1.40569e-05 1.27944e-05 1.16305e-05 1.05594e-05 9.57541e-06 8.67304e-06 7.84683e-06 7.09153e-06 6.4021e-06 5.77369e-06 5.2017e-06 4.68176e-06 4.20976e-06 3.7818e-06 3.39426e-06 3.04372e-06 2.72701e-06 2.44119e-06 2.18352e-06 1.95147e-06 1.74271e-06 1.55507e-06 1.38659e-06 1.23545e-06 1.09999e-06 9.78692e-07 8.70164e-07 7.73145e-07 6.86487e-07 6.09145e-07 5.40171e-07 4.78707e-07 4.23976e-07 3.75276e-07 3.31974e-07 2.93498e-07 2.59333e-07 2.29017e-07 2.02134e-07 1.7831e-07 1.5721e-07 1.38536e-07 1.22016e-07 1.07413e-07 9.45102e-08 8.3117e-08 7.30622e-08 6.41934e-08 5.6375e-08 4.94862e-08 4.34197e-08 3.808e-08 3.33824e-08 2.92517e-08 2.56213e-08 2.24322e-08 1.96319e-08
3.36776e-05 3.26192e-05 4.0411e-05 4.77516e-05 5.45156e-05 6.0611e-05 6.59756e-05 7.05739e-05 7.43924e-05 7.74367e-05 7.9728e-05 8.12998e-05 8.21949e-05 8.24633e-05 8.21595e-05 8.13407e-05 8.00656e-05 7.83922e-05 7.63774e-05 7.40758e-05 7.15393e-05 6.88163e-05 6.59515e-05 6.29858e-05 5.99561e-05 5.68953e-05 5.38325e-05 5.07931e-05 4.77987e-05 4.48679e-05 4.2016e-05 3.92555e-05 3.65962e-05 3.40459e-05 3.16098e-05 2.92916e-05 2.70933e-05 2.50156e-05 2.30577e-05 2.12181e-05 1.94943e-05 1.78831e-05 1.63807e-05 1.49832e-05 1.36859e-05 1.24841e-05 1.13732e-05 1.0348e-05 9.40379e-06 8.53559e-06 7.73863e-06 7.00824e-06 6.33989e-06 5.72921e-06 5.17202e-06 4.66435e-06 4.2024e-06 3.78259e-06 3.40157e-06 3.05615e-06 2.74339e-06 2.46051e-06 2.20494e-06 1.9743e-06 1.76635e-06 1.57907e-06 1.41056e-06 1.25908e-06 1.12305e-06 1.00098e-06 8.91561e-07 7.9355e-07 7.05836e-07 6.274e-07 5.57318e-07 4.94749e-07 4.38929e-07 3.89168e-07 3.44841e-07 3.05382e-07 2.70281e-07 2.39078e-07 2.1136e-07 1.86752e-07 1.6492e-07 1.45563e-07 1.28411e-07 1.13222e-07 9.97788e-08 8.78884e-08 7.73772e-08 6.80903e-08 5.98897e-08 5.26523e-08 4.62683e-08 4.064e-08 3.56806e-08 3.13126e-08 2.74675e-08 2.40844e-08 2.11091e-08
2.73986e-05 2.71242e-05 3.39221e-05 4.04031e-05 4.64479e-05 5.19655e-05 5.68907e-05 6.11812e-05 6.4815e-05 6.77872e-05 7.01074e-05 7.17971e-05 7.28871e-05 7.34153e-05 7.34249e-05 7.29624e-05 7.20764e-05 7.08159e-05 6.92298e-05 6.73654e-05 6.52682e-05 6.29814e-05 6.05451e-05 5.79965e-05 5.53695e-05 5.26947e-05 4.99994e-05 4.73077e-05 4.46405e-05 4.2016e-05 3.94494e-05 3.69534e-05 3.45384e-05 3.22125e-05 2.99819e-05 2.78513e-05 2.58234e-05 2.38999e-05 2.20812e-05 2.03668e-05 1.87551e-05 1.7244e-05 1.58308e-05 1.45122e-05 1.32847e-05 1.21445e-05 1.10875e-05 1.01095e-05 9.2063e-06 8.3737e-06 7.60749e-06 6.90351e-06 6.25775e-06 5.66629e-06 5.12536e-06 4.63134e-06 4.18077e-06 3.77039e-06 3.39708e-06 3.05791e-06 2.75013e-06 2.47116e-06 2.21858e-06 1.99015e-06 1.78378e-06 1.59753e-06 1.42961e-06 1.27836e-06 1.14226e-06 1.01989e-06 9.09987e-07 8.11352e-07 7.2291e-07 6.43673e-07 5.72743e-07 5.09297e-07 4.52592e-07 4.01949e-07 3.56754e-07 3.1645e-07 2.80534e-07 2.4855e-07 2.20087e-07 1.94774e-07 1.72278e-07 1.52298e-07 1.34564e-07 1.18832e-07 1.04886e-07 9.25299e-08 8.15887e-08 7.19062e-08 6.33422e-08 5.57718e-08 4.90833e-08 4.31771e-08 3.79645e-08 3.33663e-08 2.93121e-08 2.57395e-08 2.25927e-08
2.22904e-05 2.25443e-05 2.84583e-05 3.41613e-05 3.95421e-05 4.4513e-05 4.90082e-05 5.29818e-05 5.64057e-05 5.92675e-05 6.1568e-05 6.33189e-05 6.45412e-05 6.52629e-05 6.55174e-05 6.53421e-05 6.47766e-05 6.38621e-05 6.264e-05 6.11512e-05 5.94353e-05 5.75304e-05 5.54724e-05 5.32947e-05 5.10283e-05 4.87013e-05 4.63392e-05 4.39646e-05 4.15975e-05 3.92555e-05 3.69534e-05 3.47039e-05 3.25177e-05 3.04032e-05 2.83672e-05 2.64148e-05 2.45498e-05 2.27746e-05 2.10903e-05 1.94973e-05 1.7995e-05 1.65821e-05 1.52567e-05 1.40164e-05 1.28586e-05 1.178e-05 1.07774e-05 9.84724e-06 8.98602e-06 8.19006e-06 7.45571e-06 6.77935e-06 6.15741e-06 5.5864e-06 5.06295e-06 4.58378e-06 4.14577e-06 3.74591e-06 3.38138e-06 3.04946e-06 2.7476e-06 2.47342e-06 2.22465e-06 1.99921e-06 1.79511e-06 1.61054e-06 1.44379e-06 1.2933e-06 1.15762e-06 1.0354e-06 9.25402e-07 8.26501e-07 7.37652e-07 6.57903e-07 5.86381e-07 5.22289e-07 4.64901e-07 4.13556e-07 3.67652e-07 3.26643e-07 2.90035e-07 2.57377e-07 2.28265e-07 2.0233e-07 1.79241e-07 1.587e-07 1.40437e-07 1.2421e-07 1.09801e-07 9.70128e-08 8.5671e-08 7.56176e-08 6.67113e-08 5.88257e-08 5.18476e-08 4.56759e-08 4.02204e-08 3.54005e-08 3.11443e-08 2.73878e-08 2.4074e-08
1.81345e-05 1.87294e-05 2.3861e-05 2.88643e-05 3.3637e-05 3.80963e-05 4.21778e-05 4.5834e-05 4.90334e-05 5.17579e-05 5.40017e-05 5.57691e-05 5.7073e-05 5.79332e-05 5.8375e-05 5.84277e-05 5.81236e-05 5.74966e-05 5.65816e-05 5.54135e-05 5.40268e-05 5.24546e-05 5.07289e-05 4.88796e-05 4.69346e-05 4.49197e-05 4.28584e-05 4.07718e-05 3.86789e-05 3.65962e-05 3.45384e-05 3.25177e-05 3.05448e-05 2.86284e-05 2.67756e-05 2.4992e-05 2.32819e-05 2.16483e-05 2.0093e-05 1.86172e-05 1.72209e-05 1.59037e-05 1.46643e-05 1.35011e-05 1.24121e-05 1.13949e-05 1.04467e-05 9.56472e-06 8.74596e-06 7.98731e-06 7.28564e-06 6.63779e-06 6.04062e-06 5.49106e-06 4.98609e-06 4.52278e-06 4.09831e-06 3.70996e-06 3.35512e-06 3.03134e-06 2.73625e-06 2.46765e-06 2.22345e-06 2.00168e-06 1.8005e-06 1.6182e-06 1.45319e-06 1.30396e-06 1.16916e-06 1.0475e-06 9.37796e-07 8.38975e-07 7.50032e-07 6.7005e-07 5.98188e-07 5.33674e-07 4.75805e-07 4.23937e-07 3.77484e-07 3.35912e-07 2.98736e-07 2.65515e-07 2.35849e-07 2.09377e-07 1.8577e-07 1.64733e-07 1.45998e-07 1.29324e-07 1.14493e-07 1.01311e-07 8.95996e-08 7.92023e-08 6.99768e-08 6.17956e-08 5.45446e-08 4.81215e-08 4.24351e-08 3.74033e-08 3.29533e-08 2.90198e-08 2.55445e-08
