0.200321 0.0972433 0.0472055 0.0229153 0.0111239 0.00539996 0.00262134 0.0012725 0.000617716 0.000299862 0.000145564 7.06622e-05 3.43021e-05 1.66515e-05 8.08325e-06 3.92391e-06 1.90481e-06 9.24664e-07 4.48866e-07 2.17896e-07 1.05775e-07 5.1347e-08 2.49257e-08 1.20999e-08 5.87372e-09 2.85132e-09 1.38414e-09 6.71911e-10 3.26171e-10 1.58335e-10 7.68617e-11 3.73115e-11 1.81124e-11 8.79242e-12 4.26817e-12 2.07193e-12 1.00579e-12 4.88247e-13 2.37013e-13 1.15055e-13 5.58519e-14 2.71126e-14 1.31614e-14 6.38905e-15 3.10148e-15 1.50557e-15 7.30861e-16 3.54787e-16 1.72227e-16 8.36052e-17 4.0585e-17 1.97015e-17 9.56382e-18 4.64263e-18 2.2537e-18 1.09403e-18 5.31083e-19 2.57807e-19 1.25149e-19 6.0752e-20 2.94913e-20 1.43162e-20 6.94959e-21 3.37359e-21 1.63766e-21 7.94982e-22 3.85914e-22 1.87337e-22 9.09402e-23 4.41457e-23 2.143e-23 1.04029e-23 5.04995e-24 2.45143e-24 1.19002e-24 5.77677e-25 2.80426e-25 1.36129e-25 6.60821e-26 3.20787e-26 1.55722e-26 7.55931e-27 3.66957e-27 1.78134e-27 8.6473e-28 4.19772e-28 2.03773e-28 9.89188e-29 4.80188e-29 2.33101e-29 1.13156e-29 5.493e-30 2.66651e-30 1.29442e-30 6.28359e-31 3.05029e-31 1.48072e-31 7.18797e-32 3.48931e-32 1.69384e-32 8.22252e-33
0.0972433 0.060117 0.0354507 0.0202517 0.0113079 0.00620625 0.00336079 0.00180041 0.000956002 0.000503893 0.000263936 0.000137506 7.13051e-05 3.6825e-05 1.89495e-05 9.71977e-06 4.97125e-06 2.536e-06 1.29067e-06 6.55468e-07 3.32233e-07 1.68096e-07 8.49093e-08 4.28247e-08 2.15686e-08 1.08488e-08 5.45017e-09 2.73493e-09 1.37094e-09 6.86529e-10 3.43472e-10 1.71688e-10 8.57485e-11 4.27929e-11 2.134e-11 1.06343e-11 5.29583e-12 2.63562e-12 1.3109e-12 6.51633e-13 3.23743e-13 1.60757e-13 7.97847e-14 3.95787e-14 1.96248e-14 9.72649e-15 4.81864e-15 2.38625e-15 1.18124e-15 5.84519e-16 2.89136e-16 1.42973e-16 7.06742e-17 3.49243e-17 1.72528e-17 8.5204e-18 4.20663e-18 2.07628e-18 1.02452e-18 5.05407e-19 2.49259e-19 1.229e-19 6.05831e-20 2.98572e-20 1.47112e-20 7.24692e-21 3.56916e-21 1.75748e-21 8.65219e-22 4.25871e-22 2.09579e-22 1.03118e-22 5.0728e-23 2.49507e-23 1.227e-23 6.03302e-24 2.96588e-24 1.45782e-24 7.16456e-25 3.52053e-25 1.72967e-25 8.49684e-26 4.1734e-26 2.04957e-26 1.00642e-26 4.94127e-27 2.42573e-27 1.19067e-27 5.84373e-28 2.86771e-28 1.40712e-28 6.9036e-29 3.38667e-29 1.6612e-29 8.1475e-30 3.9956e-30 1.95927e-30 9.60647e-31 4.70966e-31 2.30873e-31 1.13166e-31
0.0472055 0.0354507 0.0241265 0.0154738 0.00953383 0.00570496 0.00333837 0.0019192 0.00108751 0.000608863 0.000337425 0.000185365 0.000101057 5.47257e-05 2.94604e-05 1.57754e-05 8.40723e-06 4.4612e-06 2.35802e-06 1.2419e-06 6.5193e-07 3.41194e-07 1.78069e-07 9.2694e-08 4.81359e-08 2.49409e-08 1.28957e-08 6.65464e-09 3.42771e-09 1.7625e-09 9.04787e-10 4.6376e-10 2.3736e-10 1.21317e-10 6.19249e-11 3.15696e-11 1.60753e-11 8.17635e-12 4.15426e-12 2.10854e-12 1.06916e-12 5.41625e-13 2.74134e-13 1.38629e-13 7.00466e-14 3.53651e-14 1.78416e-14 8.9944e-15 4.53112e-15 2.2811e-15 1.14762e-15 5.77002e-16 2.8993e-16 1.45597e-16 7.30745e-17 3.66556e-17 1.83774e-17 9.20881e-18 4.61219e-18 2.30888e-18 1.15529e-18 5.77809e-19 2.88859e-19 1.44345e-19 7.21004e-20 3.59996e-20 1.79675e-20 8.96422e-21 4.4707e-21 2.22885e-21 1.1108e-21 5.53401e-22 2.75613e-22 1.3722e-22 6.82968e-23 3.39819e-23 1.6903e-23 8.40526e-24 4.17845e-24 2.07662e-24 1.03176e-24 5.12491e-25 2.54495e-25 1.26346e-25 6.27098e-26 3.11174e-26 1.54371e-26 7.65649e-27 3.79658e-27 1.88217e-27 9.32886e-28 4.62281e-28 2.2903e-28 1.13446e-28 5.6182e-29 2.78176e-29 1.37708e-29 6.81575e-30 3.37278e-30 1.66872e-30 8.2547e-31
0.0229153 0.0202517 0.0154738 0.0108928 0.00726679 0.00466482 0.00290839 0.00177198 0.00105954 0.000623729 0.000362345 0.000208113 0.000118349 6.67164e-05 3.7319e-05 2.07305e-05 1.14439e-05 6.28163e-06 3.43027e-06 1.86436e-06 1.00889e-06 5.43776e-07 2.91999e-07 1.5626e-07 8.33525e-08 4.4329e-08 2.35092e-08 1.2435e-08 6.56108e-09 3.45377e-09 1.81407e-09 9.50849e-10 4.97407e-10 2.59717e-10 1.35368e-10 7.04364e-11 3.65914e-11 1.89799e-11 9.83042e-12 5.08442e-12 2.62621e-12 1.35475e-12 6.97996e-13 3.59198e-13 1.84639e-13 9.48063e-14 4.86291e-14 2.49182e-14 1.2756e-14 6.52385e-15 3.3335e-15 1.70184e-15 8.68097e-16 4.4245e-16 2.25329e-16 1.14667e-16 5.83094e-17 2.96297e-17 1.50458e-17 7.63501e-18 3.87187e-18 1.96226e-18 9.93857e-19 5.03074e-19 2.545e-19 1.28676e-19 6.50232e-20 3.28403e-20 1.65775e-20 8.36393e-21 4.21781e-21 2.12596e-21 1.07107e-21 5.39367e-22 2.71491e-22 1.36596e-22 6.86964e-23 3.45343e-23 1.73536e-23 8.71684e-24 4.37682e-24 2.19682e-24 1.10222e-24 5.52825e-25 2.77173e-25 1.3892e-25 6.96036e-26 3.48621e-26 1.74556e-26 8.73731e-27 4.37205e-27 2.18706e-27 1.09372e-27 5.46793e-28 2.73285e-28 1.36548e-28 6.82082e-29 3.40619e-29 1.70054e-29 8.48768e-30 4.23527e-30
0.0111239 0.0113079 0.00953383 0.00726679 0.00519035 0.00354003 0.0023317 0.00149418 0.000936316 0.000575915 0.000348687 0.00020826 0.00012292 7.17957e-05 4.15468e-05 2.38429e-05 1.35805e-05 7.6827e-06 4.31926e-06 2.41451e-06 1.34268e-06 7.43037e-07 4.09353e-07 2.24581e-07 1.22731e-07 6.68276e-08 3.62639e-08 1.96156e-08 1.05783e-08 5.68847e-09 3.05074e-09 1.63196e-09 8.70893e-10 4.63686e-10 2.46341e-10 1.30601e-10 6.9103e-11 3.64944e-11 1.92385e-11 1.01243e-11 5.31916e-12 2.79017e-12 1.46136e-12 7.64271e-13 3.99143e-13 2.08172e-13 1.0843e-13 5.64072e-14 2.93085e-14 1.52106e-14 7.88514e-15 4.08319e-15 2.11219e-15 1.0915e-15 5.63494e-16 2.90629e-16 1.49757e-16 7.70988e-17 3.96579e-17 2.0382e-17 1.04666e-17 5.3706e-18 2.75361e-18 1.41077e-18 7.22261e-19 3.69507e-19 1.88908e-19 9.65133e-20 4.92763e-20 2.51427e-20 1.28208e-20 6.53366e-21 3.32766e-21 1.69384e-21 8.61705e-22 4.38134e-22 2.2265e-22 1.13086e-22 5.74082e-23 2.91287e-23 1.47725e-23 7.48826e-24 3.79405e-24 1.92144e-24 9.72647e-25 4.92145e-25 2.48911e-25 1.25838e-25 6.35919e-26 3.21229e-26 1.62202e-26 8.1871e-27 4.13084e-27 2.08346e-27 1.05044e-27 5.29423e-28 2.66736e-28 1.34342e-28 6.76381e-29 3.4043e-29 1.71287e-29
0.00539996 0.00620625 0.00570496 0.00466482 0.00354003 0.00254836 0.00176293 0.00118194 0.000772485 0.000494271 0.000310609 0.000192185 0.00011731 7.07558e-05 4.22248e-05 2.49591e-05 1.46268e-05 8.50491e-06 4.91009e-06 2.8162e-06 1.60552e-06 9.10216e-07 5.13363e-07 2.88146e-07 1.61008e-07 8.95888e-08 4.9653e-08 2.74173e-08 1.50864e-08 8.27393e-09 4.52358e-09 2.46585e-09 1.3404e-09 7.26676e-10 3.92957e-10 2.11982e-10 1.14091e-10 6.12696e-11 3.28339e-11 1.756e-11 9.37315e-12 4.99391e-12 2.65596e-12 1.41013e-12 7.47449e-13 3.95562e-13 2.09019e-13 1.10285e-13 5.81071e-14 3.05736e-14 1.60653e-14 8.43094e-15 4.419e-15 2.31341e-15 1.20969e-15 6.31845e-16 3.29664e-16 1.7182e-16 8.94603e-17 4.65323e-17 2.41801e-17 1.25532e-17 6.51105e-18 3.37414e-18 1.74703e-18 9.03796e-19 4.67181e-19 2.41298e-19 1.24533e-19 6.42222e-20 3.30952e-20 1.70425e-20 8.76988e-21 4.50979e-21 2.31755e-21 1.19019e-21 6.10838e-22 3.13303e-22 1.60597e-22 8.22719e-23 4.21223e-23 2.15538e-23 1.10228e-23 5.6341e-24 2.87822e-24 1.46959e-24 7.4997e-25 3.82537e-25 1.95025e-25 9.93792e-26 5.06169e-26 2.57688e-26 1.31128e-26 6.66965e-27 3.39094e-27 1.72326e-27 8.75382e-28 4.44493e-28 2.25609e-28 1.14465e-28 5.80526e-29
0.00262134 0.00336079 0.00333837 0.00290839 0.0023317 0.00176293 0.00127531 0.000891038 0.000605193 0.000401475 0.000261055 0.000166845 0.000105038 6.5254e-05 4.00611e-05 2.43345e-05 1.46404e-05 8.73155e-06 5.16616e-06 3.03435e-06 1.77024e-06 1.02634e-06 5.91603e-07 3.39177e-07 1.93479e-07 1.09848e-07 6.20905e-08 3.49501e-08 1.95958e-08 1.09463e-08 6.09319e-09 3.38046e-09 1.86954e-09 1.03083e-09 5.66755e-10 3.10755e-10 1.69946e-10 9.27087e-11 5.0454e-11 2.73955e-11 1.48427e-11 8.02477e-12 4.32989e-12 2.33173e-12 1.25334e-12 6.72478e-13 3.60193e-13 1.92604e-13 1.02824e-13 5.48087e-14 2.91708e-14 1.5503e-14 8.22753e-15 4.36045e-15 2.30791e-15 1.21997e-15 6.44081e-16 3.39632e-16 1.78882e-16 9.41095e-17 4.9456e-17 2.5962e-17 1.36146e-17 7.1323e-18 3.73272e-18 1.95165e-18 1.01947e-18 5.32042e-19 2.77417e-19 1.44525e-19 7.52288e-20 3.91261e-20 2.03329e-20 1.05582e-20 5.47831e-21 2.84038e-21 1.4716e-21 7.61883e-22 3.9417e-22 2.03789e-22 1.0529e-22 5.43635e-23 2.8051e-23 1.4465e-23 7.45449e-24 3.83934e-24 1.97623e-24 1.01664e-24 5.227e-25 2.68593e-25 1.37943e-25 7.08064e-26 3.6326e-26 1.86268e-26 9.54642e-27 4.89021e-27 2.50382e-27 1.28136e-27 6.55442e-28 3.35118e-28 1.71264e-28
0.0012725 0.00180041 0.0019192 0.00177198 0.00149418 0.00118194 0.000891038 0.000646759 0.000455202 0.000312257 0.000209576 0.000138037 8.94348e-05 5.71096e-05 3.59991e-05 2.24299e-05 1.38293e-05 8.44553e-06 5.11282e-06 3.07051e-06 1.83042e-06 1.08372e-06 6.37558e-07 3.72864e-07 2.16859e-07 1.25473e-07 7.22447e-08 4.14067e-08 2.36296e-08 1.34297e-08 7.60319e-09 4.28874e-09 2.41074e-09 1.35061e-09 7.54286e-10 4.19985e-10 2.33174e-10 1.29102e-10 7.12917e-11 3.9269e-11 2.15778e-11 1.18292e-11 6.47042e-12 3.53163e-12 1.92362e-12 1.04568e-12 5.67336e-13 3.0724e-13 1.66087e-13 8.96281e-14 4.82864e-14 2.59718e-14 1.39476e-14 7.47889e-15 4.00439e-15 2.14099e-15 1.14312e-15 6.09521e-16 3.24577e-16 1.72622e-16 9.16938e-17 4.86479e-17 2.57799e-17 1.36461e-17 7.21529e-18 3.81095e-18 2.01075e-18 1.05984e-18 5.58069e-19 2.93573e-19 1.54288e-19 8.10115e-20 4.24981e-20 2.22746e-20 1.16648e-20 6.10348e-21 3.19096e-21 1.66693e-21 8.70102e-22 4.53827e-22 2.36528e-22 1.23184e-22 6.41085e-23 3.33403e-23 1.7327e-23 8.99873e-24 4.67038e-24 2.42237e-24 1.2556e-24 6.50416e-25 3.36717e-25 1.74212e-25 9.0081e-26 4.6552e-26 2.40434e-26 1.24111e-26 6.4031e-27 3.30168e-27 1.70157e-27 8.76475e-28 4.5124e-28
0.000617716 0.000956002 0.00108751 0.00105954 0.000936316 0.000772485 0.000605193 0.000455202 0.000331222 0.00023444 0.000162085 0.000109812 7.30905e-05 4.78932e-05 3.09475e-05 1.97485e-05 1.246e-05 7.78082e-06 4.81322e-06 2.95176e-06 1.79579e-06 1.08446e-06 6.50405e-07 3.87586e-07 2.29587e-07 1.35234e-07 7.92375e-08 4.61972e-08 2.68079e-08 1.54876e-08 8.91e-09 5.10553e-09 2.91446e-09 1.65772e-09 9.39658e-10 5.30891e-10 2.99006e-10 1.67901e-10 9.40114e-11 5.24944e-11 2.92348e-11 1.62399e-11 8.99935e-12 4.9753e-12 2.74439e-12 1.51052e-12 8.29656e-13 4.54766e-13 2.48787e-13 1.35846e-13 7.40408e-14 4.02834e-14 2.18795e-14 1.18639e-14 6.42269e-15 3.4716e-15 1.87363e-15 1.00972e-15 5.43368e-16 2.92002e-16 1.56708e-16 8.39899e-17 4.4958e-17 2.40352e-17 1.2834e-17 6.84485e-18 3.64642e-18 1.94036e-18 1.03139e-18 5.47648e-19 2.90487e-19 1.53926e-19 8.14827e-20 4.30922e-20 2.27677e-20 1.20182e-20 6.33821e-21 3.33971e-21 1.75823e-21 9.24856e-22 4.86086e-22 2.5527e-22 1.3395e-22 7.02336e-23 3.67974e-23 1.92649e-23 1.00785e-23 5.26884e-24 2.75251e-24 1.43695e-24 7.49656e-25 3.90835e-25 2.0363e-25 1.06026e-25 5.51712e-26 2.86909e-26 1.49112e-26 7.74501e-27 4.02049e-27 2.08587e-27 1.08156e-27
0.000299862 0.000503893 0.000608863 0.000623729 0.000575915 0.000494271 0.000401475 0.000312257 0.00023444 0.000170908 0.000121512 8.45452e-05 5.77229e-05 3.87572e-05 2.56382e-05 1.67343e-05 1.07912e-05 6.88243e-06 4.34546e-06 2.71834e-06 1.686e-06 1.03745e-06 6.33695e-07 3.84421e-07 2.3171e-07 1.38824e-07 8.27036e-08 4.90082e-08 2.88952e-08 1.69556e-08 9.90474e-09 5.76119e-09 3.33744e-09 1.92589e-09 1.10725e-09 6.3435e-10 3.622e-10 2.06142e-10 1.16962e-10 6.6166e-11 3.73243e-11 2.09972e-11 1.17812e-11 6.5936e-12 3.68126e-12 2.05046e-12 1.13952e-12 6.31892e-13 3.4966e-13 1.93092e-13 1.0642e-13 5.85397e-14 3.21421e-14 1.76165e-14 9.63847e-15 5.26458e-15 2.87083e-15 1.563e-15 8.49652e-16 4.61179e-16 2.49956e-16 1.35282e-16 7.31165e-17 3.94644e-17 2.12729e-17 1.14523e-17 6.15766e-18 3.30683e-18 1.77375e-18 9.50324e-19 5.08581e-19 2.71875e-19 1.45182e-19 7.74456e-20 4.12701e-20 2.19704e-20 1.16846e-20 6.20828e-21 3.29549e-21 1.74771e-21 9.26038e-22 4.90235e-22 2.59301e-22 1.37037e-22 7.2362e-23 3.81795e-23 2.01282e-23 1.06033e-23 5.58138e-24 2.93574e-24 1.54303e-24 8.10432e-25 4.25354e-25 2.23091e-25 1.16928e-25 6.12436e-26 3.20566e-26 1.67685e-26 8.76581e-27 4.57952e-27 2.391e-27
0.000145564 0.000263936 0.000337425 0.000362345 0.000348687 0.000310609 0.000261055 0.000209576 0.000162085 0.000121512 8.87144e-05 6.33043e-05 4.42774e-05 3.04262e-05 2.05807e-05 1.37249e-05 9.03619e-06 5.8801e-06 3.78562e-06 2.41335e-06 1.52461e-06 9.55084e-07 5.93645e-07 3.66304e-07 2.24487e-07 1.36697e-07 8.27392e-08 4.97966e-08 2.98099e-08 1.7755e-08 1.05244e-08 6.20996e-09 3.64838e-09 2.1346e-09 1.24401e-09 7.2227e-10 4.17844e-10 2.40899e-10 1.38428e-10 7.92944e-11 4.52837e-11 2.57855e-11 1.46417e-11 8.29149e-12 4.68322e-12 2.63856e-12 1.48299e-12 8.31563e-13 4.65233e-13 2.59715e-13 1.44679e-13 8.04313e-14 4.46256e-14 2.4712e-14 1.36591e-14 7.53621e-15 4.15069e-15 2.28217e-15 1.25272e-15 6.86535e-16 3.75656e-16 2.05237e-16 1.11963e-16 6.09915e-17 3.3178e-17 1.80234e-17 9.7778e-18 5.2976e-18 2.86658e-18 1.54921e-18 8.36237e-19 4.50852e-19 2.42793e-19 1.30601e-19 7.01744e-20 3.76653e-20 2.0195e-20 1.08168e-20 5.7878e-21 3.09384e-21 1.6522e-21 8.81483e-22 4.69853e-22 2.50216e-22 1.33131e-22 7.07725e-23 3.75904e-23 1.99491e-23 1.05782e-23 5.60468e-24 2.96718e-24 1.56963e-24 8.29698e-25 4.38244e-25 2.31309e-25 1.21998e-25 6.42993e-26 3.38654e-26 1.78241e-26 9.37486e-27 4.9276e-27
7.06622e-05 0.000137506 0.000185365 0.000208113 0.00020826 0.000192185 0.000166845 0.000138037 0.000109812 8.45452e-05 6.33043e-05 4.6273e-05 3.31191e-05 2.32672e-05 1.60766e-05 1.09434e-05 7.34921e-06 4.87504e-06 3.19756e-06 2.07566e-06 1.33455e-06 8.50468e-07 5.3752e-07 3.37121e-07 2.09916e-07 1.29827e-07 7.97859e-08 4.87396e-08 2.96059e-08 1.78874e-08 1.07526e-08 6.43252e-09 3.83052e-09 2.27111e-09 1.34094e-09 7.88588e-10 4.61998e-10 2.69679e-10 1.5687e-10 9.09446e-11 5.25554e-11 3.02772e-11 1.73909e-11 9.96062e-12 5.6892e-12 3.24086e-12 1.84142e-12 1.04369e-12 5.90125e-13 3.32898e-13 1.87372e-13 1.05233e-13 5.89775e-14 3.29863e-14 1.84129e-14 1.02583e-14 5.70447e-15 3.16643e-15 1.75453e-15 9.70521e-16 5.35953e-16 2.9549e-16 1.62658e-16 8.93999e-17 4.90624e-17 2.6886e-17 1.47125e-17 8.03971e-18 4.38739e-18 2.3911e-18 1.30145e-18 7.07474e-19 3.84111e-19 2.08295e-19 1.12821e-19 6.10382e-20 3.29855e-20 1.7806e-20 9.6015e-21 5.17195e-21 2.78304e-21 1.49605e-21 8.03415e-22 4.31035e-22 2.31031e-22 1.23715e-22 6.61878e-23 3.53788e-23 1.8894e-23 1.00816e-23 5.37488e-24 2.86316e-24 1.52394e-24 8.10474e-25 4.30695e-25 2.28699e-25 1.21347e-25 6.43379e-26 3.40869e-26 1.80465e-26 9.54756e-27
3.43021e-05 7.13051e-05 0.000101057 0.000118349 0.00012292 0.00011731 0.000105038 8.94348e-05 7.30905e-05 5.77229e-05 4.42774e-05 3.31191e-05 2.42328e-05 1.73884e-05 1.22619e-05 8.5125e-06 5.8264e-06 3.93673e-06 2.62867e-06 1.73625e-06 1.13534e-06 7.35514e-07 4.72382e-07 3.00942e-07 1.90276e-07 1.19453e-07 7.44923e-08 4.61623e-08 2.84367e-08 1.74191e-08 1.06133e-08 6.43389e-09 3.88151e-09 2.33094e-09 1.39366e-09 8.29783e-10 4.92076e-10 2.90692e-10 1.71095e-10 1.00349e-10 5.8656e-11 3.41742e-11 1.98483e-11 1.14931e-11 6.63573e-12 3.8205e-12 2.19369e-12 1.2563e-12 7.17648e-13 4.08947e-13 2.32485e-13 1.31864e-13 7.46259e-14 4.21423e-14 2.37486e-14 1.3356e-14 7.4965e-15 4.1996e-15 2.34828e-15 1.3107e-15 7.30285e-16 4.06197e-16 2.25556e-16 1.25045e-16 6.92135e-17 3.8251e-17 2.11077e-17 1.16305e-17 6.39933e-18 3.5161e-18 1.92927e-18 1.05717e-18 5.78536e-19 3.16199e-19 1.72603e-19 9.41037e-20 5.12444e-20 2.78726e-20 1.5143e-20 8.21791e-21 4.45486e-21 2.41235e-21 1.30493e-21 7.05162e-22 3.80672e-22 2.05297e-22 1.10609e-22 5.95369e-23 3.20166e-23 1.72015e-23 9.23348e-24 4.952e-24 2.6535e-24 1.42065e-24 7.59962e-25 4.062e-25 2.16938e-25 1.15768e-25 6.17307e-26 3.28913e-26 1.75119e-26
1.66515e-05 3.6825e-05 5.47257e-05 6.67164e-05 7.17957e-05 7.07558e-05 6.5254e-05 5.71096e-05 4.78932e-05 3.87572e-05 3.04262e-05 2.32672e-05 1.73884e-05 1.27334e-05 9.15684e-06 6.47818e-06 4.5158e-06 3.10572e-06 2.10973e-06 1.41697e-06 9.41745e-07 6.1984e-07 4.04288e-07 2.61475e-07 1.67777e-07 1.06858e-07 6.75843e-08 4.24641e-08 2.65151e-08 1.64591e-08 1.01599e-08 6.23828e-09 3.81107e-09 2.31706e-09 1.40228e-09 8.44937e-10 5.06981e-10 3.02979e-10 1.80368e-10 1.0698e-10 6.32264e-11 3.72403e-11 2.18625e-11 1.27941e-11 7.46439e-12 4.3421e-12 2.51866e-12 1.45696e-12 8.40561e-13 4.837e-13 2.77653e-13 1.58994e-13 9.08334e-14 5.17757e-14 2.94477e-14 1.67129e-14 9.46564e-15 5.35025e-15 3.0182e-15 1.69939e-15 9.55071e-16 5.35788e-16 3.00046e-16 1.67741e-16 9.36193e-17 5.21657e-17 2.90212e-17 1.61203e-17 8.94078e-18 4.9515e-18 2.73824e-18 1.51215e-18 8.33914e-19 4.59265e-19 2.526e-19 1.38754e-19 7.61222e-20 4.17102e-20 2.2827e-20 1.24779e-20 6.81293e-21 3.71564e-21 2.02419e-21 1.10153e-21 5.98796e-22 3.25167e-22 1.76396e-22 9.55948e-23 5.17549e-23 2.79929e-23 1.51262e-23 8.16599e-24 4.40442e-24 2.37344e-24 1.27786e-24 6.87403e-25 3.69462e-25 1.9841e-25 1.06463e-25 5.70796e-26 3.05787e-26
8.08325e-06 1.89495e-05 2.94604e-05 3.7319e-05 4.15468e-05 4.22248e-05 4.00611e-05 3.59991e-05 3.09475e-05 2.56382e-05 2.05807e-05 1.60766e-05 1.22619e-05 9.15684e-06 6.71024e-06 4.83454e-06 3.42997e-06 2.39958e-06 1.6573e-06 1.13119e-06 7.63701e-07 5.104e-07 3.3791e-07 2.21752e-07 1.44328e-07 9.32125e-08 5.97631e-08 3.80548e-08 2.4075e-08 1.51375e-08 9.46255e-09 5.88244e-09 3.63762e-09 2.23819e-09 1.37055e-09 8.35415e-10 5.06999e-10 3.06401e-10 1.84427e-10 1.10581e-10 6.60584e-11 3.93209e-11 2.33253e-11 1.3791e-11 8.12784e-12 4.7755e-12 2.79751e-12 1.63409e-12 9.51865e-13 5.52976e-13 3.20411e-13 1.85188e-13 1.06772e-13 6.14147e-14 3.52442e-14 2.01806e-14 1.15302e-14 6.57393e-15 3.74044e-15 2.124e-15 1.20376e-15 6.8094e-16 3.84482e-16 2.16703e-16 1.21926e-16 6.84832e-17 3.84017e-17 2.14987e-17 1.20167e-17 6.70639e-18 3.7371e-18 2.07941e-18 1.15536e-18 6.41037e-19 3.55181e-19 1.9653e-19 1.08602e-19 5.99351e-20 3.30352e-20 1.81859e-20 9.9992e-21 5.49135e-21 3.01222e-21 1.65044e-21 9.03283e-22 4.93824e-22 2.69683e-22 1.47121e-22 8.01764e-23 4.36492e-23 2.37395e-23 1.28986e-23 7.00154e-24 3.79694e-24 2.05718e-24 1.11356e-24 6.02232e-25 3.25411e-25 1.75681e-25 9.47646e-26 5.10745e-26
3.92391e-06 9.71977e-06 1.57754e-05 2.07305e-05 2.38429e-05 2.49591e-05 2.43345e-05 2.24299e-05 1.97485e-05 1.67343e-05 1.37249e-05 1.09434e-05 8.5125e-06 6.47818e-06 4.83454e-06 3.54497e-06 2.55824e-06 1.81952e-06 1.27698e-06 8.85292e-07 6.06828e-07 4.11602e-07 2.76463e-07 1.84003e-07 1.21421e-07 7.94829e-08 5.16377e-08 3.33089e-08 2.13414e-08 1.35867e-08 8.59749e-09 5.40915e-09 3.3846e-09 2.10676e-09 1.30485e-09 8.04332e-10 4.9355e-10 3.0153e-10 1.83447e-10 1.11159e-10 6.7097e-11 4.03503e-11 2.4179e-11 1.44388e-11 8.59375e-12 5.09848e-12 3.01547e-12 1.77815e-12 1.0455e-12 6.13005e-13 3.58448e-13 2.09048e-13 1.21608e-13 7.05669e-14 4.08507e-14 2.35932e-14 1.35954e-14 7.81702e-15 4.48499e-15 2.5679e-15 1.46729e-15 8.36751e-16 4.76258e-16 2.70568e-16 1.53432e-16 8.68529e-17 4.90792e-17 2.7687e-17 1.55932e-17 8.76782e-18 4.92225e-18 2.75909e-18 1.54424e-18 8.6302e-19 4.81617e-19 2.68393e-19 1.49362e-19 8.30085e-20 4.60713e-20 2.55374e-20 1.41374e-20 7.81671e-21 4.31667e-21 2.38098e-21 1.31176e-21 7.21857e-22 3.9679e-22 2.17866e-22 1.19494e-22 6.54701e-23 3.58331e-23 1.95921e-23 1.07014e-23 5.83938e-24 3.18326e-24 1.73366e-24 9.43291e-25 5.12776e-25 2.78493e-25 1.51118e-25 8.19283e-26
1.90481e-06 4.97125e-06 8.40723e-06 1.14439e-05 1.35805e-05 1.46268e-05 1.46404e-05 1.38293e-05 1.246e-05 1.07912e-05 9.03619e-06 7.34921e-06 5.8264e-06 4.5158e-06 3.42997e-06 2.55824e-06 1.87685e-06 1.35639e-06 9.66845e-07 6.80483e-07 4.73351e-07 3.25703e-07 2.21849e-07 1.49687e-07 1.00105e-07 6.63921e-08 4.36889e-08 2.85375e-08 1.85108e-08 1.19277e-08 7.63773e-09 4.86159e-09 3.07698e-09 1.93696e-09 1.21302e-09 7.55916e-10 4.68839e-10 2.89472e-10 1.77952e-10 1.0894e-10 6.6425e-11 4.0346e-11 2.4415e-11 1.47218e-11 8.84637e-12 5.29814e-12 3.16289e-12 1.88233e-12 1.11687e-12 6.6076e-13 3.89817e-13 2.29347e-13 1.34578e-13 7.87665e-14 4.59859e-14 2.67828e-14 1.5562e-14 9.0216e-15 5.21836e-15 3.01193e-15 1.73477e-15 9.97117e-16 5.71983e-16 3.27472e-16 1.87129e-16 1.06734e-16 6.07687e-17 3.45375e-17 1.95954e-17 1.10991e-17 6.27635e-18 3.54347e-18 1.99742e-18 1.1242e-18 6.31777e-19 3.54525e-19 1.98658e-19 1.11161e-19 6.21158e-20 3.46629e-20 1.93176e-20 1.07517e-20 5.97659e-21 3.31808e-21 1.83988e-21 1.019e-21 5.63696e-22 3.11471e-22 1.71909e-22 9.47757e-23 5.21942e-23 2.87132e-23 1.57792e-23 8.66246e-24 4.75068e-24 2.60278e-24 1.4246e-24 7.78986e-25 4.25555e-25 2.32261e-25 1.26649e-25
9.24664e-07 2.536e-06 4.4612e-06 6.28163e-06 7.6827e-06 8.50491e-06 8.73155e-06 8.44553e-06 7.78082e-06 6.88243e-06 5.8801e-06 4.87504e-06 3.93673e-06 3.10572e-06 2.39958e-06 1.81952e-06 1.35639e-06 9.9558e-07 7.20426e-07 5.14534e-07 3.6306e-07 2.53316e-07 1.74904e-07 1.19589e-07 8.10221e-08 5.44227e-08 3.6261e-08 2.39763e-08 1.57393e-08 1.02616e-08 6.64705e-09 4.27918e-09 2.73867e-09 1.74296e-09 1.10335e-09 6.94891e-10 4.35508e-10 2.71669e-10 1.68707e-10 1.04316e-10 6.42338e-11 3.93953e-11 2.40688e-11 1.46507e-11 8.88603e-12 5.37107e-12 3.23568e-12 1.943e-12 1.16313e-12 6.9418e-13 4.13094e-13 2.4513e-13 1.45061e-13 8.56151e-14 5.03995e-14 2.95946e-14 1.73356e-14 1.01306e-14 5.90651e-15 3.43598e-15 1.99445e-15 1.15523e-15 6.67753e-16 3.85198e-16 2.21767e-16 1.27431e-16 7.30868e-17 4.18415e-17 2.39111e-17 1.36406e-17 7.76831e-18 4.41668e-18 2.50701e-18 1.42078e-18 8.03928e-19 4.54199e-19 2.56228e-19 1.44335e-19 8.11886e-20 4.56047e-20 2.55816e-20 1.43304e-20 8.01714e-21 4.47937e-21 2.49956e-21 1.39306e-21 7.75434e-22 4.31122e-22 2.39411e-22 1.32797e-22 7.35762e-23 4.07197e-23 2.25111e-23 1.24315e-23 6.85788e-24 3.77926e-24 2.08056e-24 1.14425e-24 6.28681e-25 3.4508e-25 1.89233e-25
4.48866e-07 1.29067e-06 2.35802e-06 3.43027e-06 4.31926e-06 4.91009e-06 5.16616e-06 5.11282e-06 4.81322e-06 4.34546e-06 3.78562e-06 3.19756e-06 2.62867e-06 2.10973e-06 1.6573e-06 1.27698e-06 9.66845e-07 7.20426e-07 5.29004e-07 3.83239e-07 2.74196e-07 1.93919e-07 1.35674e-07 9.39713e-08 6.44753e-08 4.38469e-08 2.95704e-08 1.97858e-08 1.31406e-08 8.66582e-09 5.67669e-09 3.695e-09 2.39057e-09 1.53772e-09 9.83686e-10 6.25955e-10 3.96312e-10 2.49706e-10 1.56605e-10 9.77785e-11 6.07884e-11 3.76364e-11 2.32097e-11 1.42584e-11 8.72702e-12 5.32249e-12 3.23495e-12 1.95964e-12 1.18327e-12 7.12264e-13 4.2745e-13 2.55775e-13 1.52616e-13 9.08123e-14 5.38926e-14 3.18996e-14 1.88342e-14 1.10928e-14 6.51778e-15 3.82076e-15 2.23469e-15 1.30416e-15 7.59467e-16 4.41347e-16 2.55956e-16 1.48145e-16 8.55784e-17 4.93422e-17 2.83968e-17 1.63131e-17 9.35478e-18 5.35528e-18 3.06053e-18 1.74621e-18 9.94699e-19 5.6572e-19 3.21247e-19 1.82146e-19 1.03123e-19 5.82987e-20 3.29113e-20 1.85535e-20 1.0445e-20 5.87237e-21 3.2972e-21 1.84891e-21 1.03547e-21 5.79187e-22 3.23572e-22 1.80552e-22 1.00629e-22 5.60201e-23 3.11509e-23 1.73027e-23 9.60024e-24 5.32087e-24 2.94594e-24 1.62934e-24 9.00239e-25 4.96897e-25 2.73997e-25
2.17896e-07 6.55468e-07 1.2419e-06 1.86436e-06 2.41451e-06 2.8162e-06 3.03435e-06 3.07051e-06 2.95176e-06 2.71834e-06 2.41335e-06 2.07566e-06 1.73625e-06 1.41697e-06 1.13119e-06 8.85292e-07 6.80483e-07 5.14534e-07 3.83239e-07 2.81514e-07 2.04153e-07 1.46298e-07 1.03682e-07 7.27214e-08 5.05129e-08 3.47679e-08 2.37258e-08 1.60599e-08 1.07877e-08 7.19387e-09 4.7643e-09 3.13464e-09 2.04957e-09 1.33215e-09 8.60943e-10 5.53393e-10 3.53862e-10 2.25147e-10 1.42568e-10 8.98631e-11 5.63926e-11 3.52385e-11 2.19297e-11 1.35937e-11 8.39432e-12 5.16462e-12 3.16628e-12 1.9345e-12 1.178e-12 7.15035e-13 4.32668e-13 2.61019e-13 1.57006e-13 9.41731e-14 5.63299e-14 3.36037e-14 1.99942e-14 1.18665e-14 7.02537e-15 4.1493e-15 2.44493e-15 1.43738e-15 8.43164e-16 4.93532e-16 2.88273e-16 1.68035e-16 9.77516e-17 5.67542e-17 3.28883e-17 1.90228e-17 1.09828e-17 6.32961e-18 3.64153e-18 2.09146e-18 1.19919e-18 6.86466e-19 3.92333e-19 2.23877e-19 1.27555e-19 7.25664e-20 4.12223e-20 2.33831e-20 1.32452e-20 7.49222e-21 4.23226e-21 2.38756e-21 1.34514e-21 7.56873e-22 4.25334e-22 2.38726e-22 1.33826e-22 7.49309e-23 4.19057e-23 2.34091e-23 1.30618e-23 7.28011e-24 4.05319e-24 2.25418e-24 1.25234e-24 6.95027e-25 3.85334e-25
1.05775e-07 3.32233e-07 6.5193e-07 1.00889e-06 1.34268e-06 1.60552e-06 1.77024e-06 1.83042e-06 1.79579e-06 1.686e-06 1.52461e-06 1.33455e-06 1.13534e-06 9.41745e-07 7.63701e-07 6.06828e-07 4.73351e-07 3.6306e-07 2.74196e-07 2.04153e-07 1.50013e-07 1.08891e-07 7.81449e-08 5.54863e-08 3.90064e-08 2.71652e-08 1.87523e-08 1.28374e-08 8.71913e-09 5.87795e-09 3.93459e-09 2.61604e-09 1.72823e-09 1.13474e-09 7.40722e-10 4.80822e-10 3.10448e-10 1.99418e-10 1.27469e-10 8.1094e-11 5.1357e-11 3.23825e-11 2.03325e-11 1.27148e-11 7.91996e-12 4.91467e-12 3.03864e-12 1.87209e-12 1.14945e-12 7.03423e-13 4.2909e-13 2.60934e-13 1.58198e-13 9.56317e-14 5.76458e-14 3.46525e-14 2.07748e-14 1.24223e-14 7.40916e-15 4.40819e-15 2.61642e-15 1.5493e-15 9.1532e-16 5.39563e-16 3.17372e-16 1.86283e-16 1.09114e-16 6.37841e-17 3.72123e-17 2.16683e-17 1.25934e-17 7.30575e-18 4.23061e-18 2.44555e-18 1.41125e-18 8.13012e-19 4.67599e-19 2.68503e-19 1.53935e-19 8.81151e-20 5.03621e-20 2.87416e-20 1.63789e-20 9.3204e-21 5.29633e-21 3.0055e-21 1.70322e-21 9.63941e-22 5.44832e-22 3.07553e-22 1.73393e-22 9.76352e-23 5.49105e-23 3.08452e-23 1.73065e-23 9.69916e-24 5.42958e-24 3.0361e-24 1.69586e-24 9.4623e-25 5.27405e-25
5.1347e-08 1.68096e-07 3.41194e-07 5.43776e-07 7.43037e-07 9.10216e-07 1.02634e-06 1.08372e-06 1.08446e-06 1.03745e-06 9.55084e-07 8.50468e-07 7.35514e-07 6.1984e-07 5.104e-07 4.11602e-07 3.25703e-07 2.53316e-07 1.93919e-07 1.46298e-07 1.08891e-07 8.00374e-08 5.8146e-08 4.17833e-08 2.97193e-08 2.09361e-08 1.46157e-08 1.01164e-08 6.94578e-09 4.73244e-09 3.20102e-09 2.15023e-09 1.43489e-09 9.51534e-10 6.27221e-10 4.11077e-10 2.67941e-10 1.73726e-10 1.12072e-10 7.19478e-11 4.59738e-11 2.9245e-11 1.8523e-11 1.16831e-11 7.33937e-12 4.59271e-12 2.86317e-12 1.77847e-12 1.10083e-12 6.7907e-13 4.17519e-13 2.55888e-13 1.56342e-13 9.52347e-14 5.78422e-14 3.50317e-14 2.11582e-14 1.27447e-14 7.65677e-15 4.58837e-15 2.74281e-15 1.63563e-15 9.73093e-16 5.77601e-16 3.42082e-16 2.02156e-16 1.19211e-16 7.01529e-17 4.11995e-17 2.41478e-17 1.4126e-17 8.24785e-18 4.8068e-18 2.7963e-18 1.62383e-18 9.41335e-19 5.44765e-19 3.1474e-19 1.81545e-19 1.0455e-19 6.01154e-20 3.45127e-20 1.97842e-20 1.13245e-20 6.47275e-21 3.69439e-21 2.10567e-21 1.19852e-21 6.81266e-22 3.86737e-22 2.19256e-22 1.24147e-22 7.02063e-23 3.96537e-23 2.23701e-23 1.26048e-23 7.0941e-24 3.98806e-24 2.23942e-24 1.25611e-24 7.03794e-25
2.49257e-08 8.49093e-08 1.78069e-07 2.91999e-07 4.09353e-07 5.13363e-07 5.91603e-07 6.37558e-07 6.50405e-07 6.33695e-07 5.93645e-07 5.3752e-07 4.72382e-07 4.04288e-07 3.3791e-07 2.76463e-07 2.21849e-07 1.74904e-07 1.35674e-07 1.03682e-07 7.81449e-08 5.8146e-08 4.27504e-08 3.10815e-08 2.23619e-08 1.59307e-08 1.12442e-08 7.86708e-09 5.45883e-09 3.75814e-09 2.56806e-09 1.74244e-09 1.17428e-09 7.86304e-10 5.23279e-10 3.46194e-10 2.27749e-10 1.49021e-10 9.70029e-11 6.28288e-11 4.04997e-11 2.59861e-11 1.65998e-11 1.05585e-11 6.68821e-12 4.21971e-12 2.65204e-12 1.66057e-12 1.03602e-12 6.44112e-13 3.99102e-13 2.46479e-13 1.51738e-13 9.31245e-14 5.69811e-14 3.47641e-14 2.11495e-14 1.28313e-14 7.76384e-15 4.68542e-15 2.82043e-15 1.69358e-15 1.01449e-15 6.06271e-16 3.61484e-16 2.15049e-16 1.27654e-16 7.56144e-17 4.4696e-17 2.63661e-17 1.55224e-17 9.12066e-18 5.34891e-18 3.13109e-18 1.8295e-18 1.06707e-18 6.21294e-19 3.61124e-19 2.0955e-19 1.21396e-19 7.0214e-20 4.05467e-20 2.33785e-20 1.34591e-20 7.73698e-21 4.44111e-21 2.54559e-21 1.45705e-21 8.32836e-22 4.75396e-22 2.71002e-22 1.54284e-22 8.77228e-23 4.98143e-23 2.82524e-23 1.6004e-23 9.05478e-24 5.117e-24 2.88834e-24 1.62849e-24 9.17138e-25
1.20999e-08 4.28247e-08 9.2694e-08 1.5626e-07 2.24581e-07 2.88146e-07 3.39177e-07 3.72864e-07 3.87586e-07 3.84421e-07 3.66304e-07 3.37121e-07 3.00942e-07 2.61475e-07 2.21752e-07 1.84003e-07 1.49687e-07 1.19589e-07 9.39713e-08 7.27214e-08 5.54863e-08 4.17833e-08 3.10815e-08 2.28575e-08 1.66302e-08 1.1978e-08 8.54564e-09 6.0424e-09 4.23631e-09 2.94628e-09 2.03349e-09 1.39333e-09 9.4812e-10 6.40922e-10 4.30535e-10 2.8747e-10 1.9084e-10 1.25991e-10 8.27381e-11 5.40571e-11 3.51454e-11 2.27422e-11 1.46493e-11 9.39503e-12 5.99983e-12 3.81595e-12 2.41741e-12 1.52559e-12 9.59218e-13 6.00954e-13 3.75195e-13 2.33459e-13 1.44793e-13 8.95171e-14 5.51732e-14 3.3904e-14 2.07736e-14 1.26924e-14 7.73354e-15 4.69949e-15 2.84833e-15 1.72197e-15 1.03844e-15 6.2473e-16 3.74954e-16 2.24525e-16 1.34145e-16 7.99714e-17 4.75733e-17 2.82412e-17 1.67307e-17 9.89186e-18 5.83702e-18 3.43774e-18 2.02089e-18 1.18581e-18 6.94557e-19 4.06104e-19 2.37039e-19 1.38124e-19 8.03523e-20 4.66686e-20 2.7062e-20 1.56682e-20 9.0576e-21 5.22824e-21 3.01341e-21 1.73433e-21 9.96758e-22 5.72061e-22 3.27869e-22 1.87661e-22 1.07269e-22 6.12361e-23 3.49131e-23 1.98803e-23 1.13064e-23 6.42238e-24 3.64376e-24 2.06488e-24 1.16879e-24
5.87372e-09 2.15686e-08 4.81359e-08 8.33525e-08 1.22731e-07 1.61008e-07 1.93479e-07 2.16859e-07 2.29587e-07 2.3171e-07 2.24487e-07 2.09916e-07 1.90276e-07 1.67777e-07 1.44328e-07 1.21421e-07 1.00105e-07 8.10221e-08 6.44753e-08 5.05129e-08 3.90064e-08 2.97193e-08 2.23619e-08 1.66302e-08 1.22327e-08 8.90576e-09 6.42098e-09 4.58721e-09 3.24884e-09 2.2821e-09 1.59056e-09 1.10037e-09 7.5588e-10 5.15746e-10 3.49637e-10 2.3557e-10 1.57782e-10 1.05083e-10 6.96062e-11 4.58664e-11 3.00718e-11 1.96211e-11 1.27428e-11 8.23863e-12 5.30349e-12 3.39977e-12 2.1706e-12 1.38042e-12 8.74573e-13 5.52062e-13 3.47245e-13 2.17664e-13 1.35983e-13 8.46781e-14 5.25641e-14 3.25294e-14 2.0071e-14 1.23482e-14 7.57557e-15 4.63482e-15 2.82807e-15 1.72113e-15 1.04481e-15 6.3268e-16 3.82192e-16 2.30332e-16 1.38493e-16 8.30859e-17 4.97361e-17 2.97088e-17 1.77087e-17 1.05341e-17 6.25371e-18 3.70532e-18 2.19119e-18 1.29335e-18 7.62001e-19 4.48137e-19 2.63086e-19 1.54182e-19 9.02057e-20 5.26879e-20 3.07241e-20 1.78877e-20 1.03979e-20 6.03489e-21 3.49733e-21 2.02376e-21 1.16936e-21 6.74711e-22 3.88755e-22 2.23684e-22 1.2853e-22 7.37557e-23 4.22685e-23 2.41924e-23 1.3829e-23 7.89517e-24 4.50195e-24 2.56398e-24 1.45853e-24
2.85132e-09 1.08488e-08 2.49409e-08 4.4329e-08 6.68276e-08 8.95888e-08 1.09848e-07 1.25473e-07 1.35234e-07 1.38824e-07 1.36697e-07 1.29827e-07 1.19453e-07 1.06858e-07 9.32125e-08 7.94829e-08 6.63921e-08 5.44227e-08 4.38469e-08 3.47679e-08 2.71652e-08 2.09361e-08 1.59307e-08 1.1978e-08 8.90576e-09 6.55219e-09 4.77304e-09 3.44457e-09 2.46392e-09 1.74771e-09 1.22983e-09 8.58871e-10 5.95482e-10 4.10028e-10 2.80476e-10 1.90652e-10 1.28814e-10 8.65309e-11 5.7805e-11 3.84097e-11 2.53913e-11 1.67026e-11 1.09348e-11 7.126e-12 4.62332e-12 2.98678e-12 1.92156e-12 1.23131e-12 7.8595e-13 4.99798e-13 3.16676e-13 1.99941e-13 1.25807e-13 7.88977e-14 4.93199e-14 3.0734e-14 1.90938e-14 1.1827e-14 7.30479e-15 4.49903e-15 2.76338e-15 1.6928e-15 1.03429e-15 6.30341e-16 3.83209e-16 2.32406e-16 1.40617e-16 8.48841e-17 5.11257e-17 3.07255e-17 1.84257e-17 1.10265e-17 6.58509e-18 3.92474e-18 2.33457e-18 1.38601e-18 8.21306e-19 4.85783e-19 2.8681e-19 1.69035e-19 9.94498e-20 5.84105e-20 3.42493e-20 2.00494e-20 1.1718e-20 6.83782e-21 3.98392e-21 2.31763e-21 1.34626e-21 7.80863e-22 4.52269e-22 2.61579e-22 1.5108e-22 8.71398e-23 5.0193e-23 2.88732e-23 1.65876e-23 9.5174e-24 5.45389e-24 3.12146e-24 1.78436e-24
1.38414e-09 5.45017e-09 1.28957e-08 2.35092e-08 3.62639e-08 4.9653e-08 6.20905e-08 7.22447e-08 7.92375e-08 8.27036e-08 8.27392e-08 7.97859e-08 7.44923e-08 6.75843e-08 5.97631e-08 5.16377e-08 4.36889e-08 3.6261e-08 2.95704e-08 2.37258e-08 1.87523e-08 1.46157e-08 1.12442e-08 8.54564e-09 6.42098e-09 4.77304e-09 3.51231e-09 2.56001e-09 1.84911e-09 1.32422e-09 9.40631e-10 6.63003e-10 4.63881e-10 3.22284e-10 2.22407e-10 1.52498e-10 1.03921e-10 7.03999e-11 4.74217e-11 3.17698e-11 2.11726e-11 1.40391e-11 9.26389e-12 6.08427e-12 3.97792e-12 2.58943e-12 1.67848e-12 1.08356e-12 6.96734e-13 4.4629e-13 2.84809e-13 1.81102e-13 1.14756e-13 7.24692e-14 4.56141e-14 2.86188e-14 1.79e-14 1.11618e-14 6.93964e-15 4.30221e-15 2.65969e-15 1.63978e-15 1.00829e-15 6.18389e-16 3.78301e-16 2.30857e-16 1.4054e-16 8.53563e-17 5.17217e-17 3.12704e-17 1.88643e-17 1.13557e-17 6.82144e-18 4.08926e-18 2.44647e-18 1.46076e-18 8.7052e-19 5.17797e-19 3.07422e-19 1.82189e-19 1.0778e-19 6.36497e-20 3.75242e-20 2.20851e-20 1.29769e-20 7.61273e-21 4.45884e-21 2.60752e-21 1.52254e-21 8.87686e-22 5.16784e-22 3.0042e-22 1.74394e-22 1.01094e-22 5.85223e-23 3.38322e-23 1.95327e-23 1.12623e-23 6.48532e-24 3.72981e-24 2.1424e-24
6.71911e-10 2.73493e-09 6.65464e-09 1.2435e-08 1.96156e-08 2.74173e-08 3.49501e-08 4.14067e-08 4.61972e-08 4.90082e-08 4.97966e-08 4.87396e-08 4.61623e-08 4.24641e-08 3.80548e-08 3.33089e-08 2.85375e-08 2.39763e-08 1.97858e-08 1.60599e-08 1.28374e-08 1.01164e-08 7.86708e-09 6.0424e-09 4.58721e-09 3.44457e-09 2.56001e-09 1.88415e-09 1.374e-09 9.93257e-10 7.12082e-10 5.06486e-10 3.57549e-10 2.50602e-10 1.74443e-10 1.20634e-10 8.29003e-11 5.66269e-11 3.84569e-11 2.59723e-11 1.7447e-11 1.16599e-11 7.75375e-12 5.13156e-12 3.38048e-12 2.21702e-12 1.44772e-12 9.41428e-13 6.09725e-13 3.93351e-13 2.52801e-13 1.61875e-13 1.03283e-13 6.5671e-14 4.16155e-14 2.62854e-14 1.65498e-14 1.03879e-14 6.50057e-15 4.05604e-15 2.52354e-15 1.56571e-15 9.68792e-16 5.97861e-16 3.68e-16 2.25944e-16 1.38383e-16 8.45518e-17 5.15396e-17 3.13445e-17 1.90199e-17 1.1516e-17 6.95761e-18 4.19476e-18 2.52384e-18 1.51545e-18 9.08162e-19 5.43184e-19 3.24272e-19 1.93226e-19 1.14929e-19 6.82375e-20 4.04441e-20 2.393e-20 1.41351e-20 8.33563e-21 4.90765e-21 2.88481e-21 1.6931e-21 9.92155e-22 5.80527e-22 3.39174e-22 1.97874e-22 1.15275e-22 6.70607e-23 3.89585e-23 2.26019e-23 1.3095e-23 7.57696e-24 4.37847e-24 2.52695e-24
3.26171e-10 1.37094e-09 3.42771e-09 6.56108e-09 1.05783e-08 1.50864e-08 1.95958e-08 2.36296e-08 2.68079e-08 2.88952e-08 2.98099e-08 2.96059e-08 2.84367e-08 2.65151e-08 2.4075e-08 2.13414e-08 1.85108e-08 1.57393e-08 1.31406e-08 1.07877e-08 8.71913e-09 6.94578e-09 5.45883e-09 4.23631e-09 3.24884e-09 2.46392e-09 1.84911e-09 1.374e-09 1.01142e-09 7.37924e-10 5.33846e-10 3.8311e-10 2.72836e-10 1.92885e-10 1.35413e-10 9.44309e-11 6.54311e-11 4.50593e-11 3.08476e-11 2.09989e-11 1.42167e-11 9.57463e-12 6.41572e-12 4.27807e-12 2.83925e-12 1.87578e-12 1.23381e-12 8.08096e-13 5.27095e-13 3.42437e-13 2.21611e-13 1.4288e-13 9.17844e-14 5.87531e-14 3.74801e-14 2.38298e-14 1.51018e-14 9.54039e-15 6.00852e-15 3.77284e-15 2.36213e-15 1.4747e-15 9.18118e-16 5.7006e-16 3.53018e-16 2.1805e-16 1.34345e-16 8.25702e-17 5.0627e-17 3.09687e-17 1.89003e-17 1.15091e-17 6.99293e-18 4.23981e-18 2.5652e-18 1.54883e-18 9.33277e-19 5.61256e-19 3.36877e-19 2.01818e-19 1.20682e-19 7.2033e-20 4.29186e-20 2.5527e-20 1.51567e-20 8.9842e-21 5.3166e-21 3.1411e-21 1.85283e-21 1.09121e-21 6.41672e-22 3.76755e-22 2.20882e-22 1.29308e-22 7.559e-23 4.41256e-23 2.57225e-23 1.49741e-23 8.70532e-24 5.05422e-24 2.9306e-24
1.58335e-10 6.86529e-10 1.7625e-09 3.45377e-09 5.68847e-09 8.27393e-09 1.09463e-08 1.34297e-08 1.54876e-08 1.69556e-08 1.7755e-08 1.78874e-08 1.74191e-08 1.64591e-08 1.51375e-08 1.35867e-08 1.19277e-08 1.02616e-08 8.66582e-09 7.19387e-09 5.87795e-09 4.73244e-09 3.75814e-09 2.94628e-09 2.2821e-09 1.74771e-09 1.32422e-09 9.93257e-10 7.37924e-10 5.43281e-10 3.96548e-10 2.87083e-10 2.06219e-10 1.47032e-10 1.04088e-10 7.31864e-11 5.1124e-11 3.54895e-11 2.44885e-11 1.68003e-11 1.14619e-11 7.77808e-12 5.25107e-12 3.52745e-12 2.35825e-12 1.56929e-12 1.0396e-12 6.85719e-13 4.50403e-13 2.94637e-13 1.91982e-13 1.24616e-13 8.05884e-14 5.19285e-14 3.3344e-14 2.13378e-14 1.36096e-14 8.65251e-15 5.48374e-15 3.46486e-15 2.18274e-15 1.37107e-15 8.58796e-16 5.36442e-16 3.34186e-16 2.0764e-16 1.28684e-16 7.95511e-17 4.90577e-17 3.01807e-17 1.8524e-17 1.13435e-17 6.9309e-18 4.22552e-18 2.57063e-18 1.56059e-18 9.45463e-19 5.71645e-19 3.44946e-19 2.07748e-19 1.24881e-19 7.49294e-20 4.48761e-20 2.68288e-20 1.60112e-20 9.53895e-21 5.67338e-21 3.3687e-21 1.99698e-21 1.18193e-21 6.98433e-22 4.12085e-22 2.42767e-22 1.42805e-22 8.38801e-23 4.9198e-23 2.88151e-23 1.68533e-23 9.84363e-24 5.74166e-24 3.34458e-24
7.68617e-11 3.43472e-10 9.04787e-10 1.81407e-09 3.05074e-09 4.52358e-09 6.09319e-09 7.60319e-09 8.91e-09 9.90474e-09 1.05244e-08 1.07526e-08 1.06133e-08 1.01599e-08 9.46255e-09 8.59749e-09 7.63773e-09 6.64705e-09 5.67669e-09 4.7643e-09 3.93459e-09 3.20102e-09 2.56806e-09 2.03349e-09 1.59056e-09 1.22983e-09 9.40631e-10 7.12082e-10 5.33846e-10 3.96548e-10 2.91991e-10 2.13217e-10 1.54462e-10 1.11053e-10 7.92662e-11 5.61868e-11 3.95634e-11 2.76813e-11 1.92495e-11 1.33076e-11 9.14791e-12 6.25428e-12 4.25355e-12 2.87823e-12 1.9381e-12 1.29889e-12 8.66537e-13 5.75548e-13 3.80643e-13 2.50699e-13 1.64454e-13 1.07459e-13 6.99513e-14 4.53686e-14 2.93201e-14 1.88829e-14 1.21201e-14 7.75391e-15 4.94478e-15 3.14356e-15 1.99242e-15 1.25909e-15 7.93378e-16 4.98522e-16 3.12391e-16 1.95232e-16 1.21693e-16 7.56615e-17 4.69245e-17 2.90313e-17 1.79183e-17 1.10336e-17 6.77866e-18 4.1553e-18 2.54163e-18 1.55129e-18 9.4485e-19 5.74304e-19 3.48375e-19 2.10909e-19 1.2744e-19 7.68585e-20 4.62669e-20 2.78008e-20 1.6675e-20 9.98419e-21 5.96774e-21 3.561e-21 2.12135e-21 1.26166e-21 7.4916e-22 4.44143e-22 2.62904e-22 1.55386e-22 9.1701e-23 5.40378e-23 3.17974e-23 1.86839e-23 1.09631e-23 6.42392e-24 3.75905e-24
3.73115e-11 1.71688e-10 4.6376e-10 9.50849e-10 1.63196e-09 2.46585e-09 3.38046e-09 4.28874e-09 5.10553e-09 5.76119e-09 6.20996e-09 6.43252e-09 6.43389e-09 6.23828e-09 5.88244e-09 5.40915e-09 4.86159e-09 4.27918e-09 3.695e-09 3.13464e-09 2.61604e-09 2.15023e-09 1.74244e-09 1.39333e-09 1.10037e-09 8.58871e-10 6.63003e-10 5.06486e-10 3.8311e-10 2.87083e-10 2.13217e-10 1.57019e-10 1.14703e-10 8.3147e-11 5.98297e-11 4.27487e-11 3.03385e-11 2.13919e-11 1.49899e-11 1.04412e-11 7.23111e-12 4.98023e-12 3.41172e-12 2.32519e-12 1.57682e-12 1.06418e-12 7.14879e-13 4.78074e-13 3.18322e-13 2.1106e-13 1.3937e-13 9.16658e-14 6.00586e-14 3.92029e-14 2.54967e-14 1.65241e-14 1.06723e-14 6.86985e-15 4.40783e-15 2.8192e-15 1.79757e-15 1.14272e-15 7.24306e-16 4.57784e-16 2.88527e-16 1.81354e-16 1.13688e-16 7.10839e-17 4.43328e-17 2.75804e-17 1.71167e-17 1.05977e-17 6.54622e-18 4.03444e-18 2.4809e-18 1.52226e-18 9.32053e-19 5.69487e-19 3.47246e-19 2.11309e-19 1.28335e-19 7.77913e-20 4.70647e-20 2.84218e-20 1.71323e-20 1.03087e-20 6.19192e-21 3.71278e-21 2.22248e-21 1.32816e-21 7.9242e-22 4.72021e-22 2.80725e-22 1.66696e-22 9.88343e-23 5.8511e-23 3.4588e-23 2.04166e-23 1.20343e-23 7.08346e-24 4.16361e-24
1.81124e-11 8.57485e-11 2.3736e-10 4.97407e-10 8.70893e-10 1.3404e-09 1.86954e-09 2.41074e-09 2.91446e-09 3.33744e-09 3.64838e-09 3.83052e-09 3.88151e-09 3.81107e-09 3.63762e-09 3.3846e-09 3.07698e-09 2.73867e-09 2.39057e-09 2.04957e-09 1.72823e-09 1.43489e-09 1.17428e-09 9.4812e-10 7.5588e-10 5.95482e-10 4.63881e-10 3.57549e-10 2.72836e-10 2.06219e-10 1.54462e-10 1.14703e-10 8.44813e-11 6.17364e-11 4.47783e-11 3.22463e-11 2.30626e-11 1.6386e-11 1.15689e-11 8.11832e-12 5.66369e-12 3.92902e-12 2.71087e-12 1.86062e-12 1.2706e-12 8.63446e-13 5.83994e-13 3.93184e-13 2.63547e-13 1.75897e-13 1.16909e-13 7.73908e-14 5.10302e-14 3.35208e-14 2.19379e-14 1.4306e-14 9.29653e-15 6.02072e-15 3.88632e-15 2.50051e-15 1.60381e-15 1.02554e-15 6.53809e-16 4.15611e-16 2.63444e-16 1.66527e-16 1.0498e-16 6.6005e-17 4.13928e-17 2.58926e-17 1.61567e-17 1.00573e-17 6.24567e-18 3.86966e-18 2.39212e-18 1.47547e-18 9.08096e-19 5.57711e-19 3.41806e-19 2.09056e-19 1.27607e-19 7.77375e-20 4.72661e-20 2.86845e-20 1.73755e-20 1.05059e-20 6.34097e-21 3.82044e-21 2.29784e-21 1.37972e-21 8.27062e-22 4.94964e-22 2.95741e-22 1.76425e-22 1.05084e-22 6.24949e-23 3.71108e-23 2.20046e-23 1.30285e-23 7.70289e-24 4.54779e-24
