0.934645 0.0308015 0.00101507 3.3452e-05 1.10242e-06 3.63306e-08 1.19729e-09 3.9457e-11 1.30032e-12 4.28523e-14 1.41221e-15 4.65399e-17 1.53373e-18 5.05447e-20 1.66572e-21 5.48942e-23 1.80905e-24 5.96179e-26 1.96473e-27 6.47482e-29 2.1338e-30 7.03199e-32 2.31741e-33 7.63711e-35 2.51683e-36 8.29429e-38 2.73341e-39 9.00804e-41 2.96863e-42 9.7832e-44 3.22408e-45 1.06251e-46 3.50152e-48 1.15394e-49 3.80283e-51 1.25324e-52 4.13008e-54 1.36108e-55 4.48548e-57 1.4782e-58 4.87146e-60 1.6054e-61 5.29066e-63 1.74355e-64 5.74593e-66 1.89359e-67 6.24038e-69 2.05654e-70 6.77738e-72 2.23351e-73 7.36059e-75 2.4257e-76 7.99398e-78 2.63444e-79 8.68188e-81 2.86114e-82 9.42897e-84 3.10735e-85 1.02404e-86 3.37474e-88 1.11216e-89 3.66514e-91 1.20786e-92 3.98054e-94 1.3118e-95 4.32307e-97 1.42468e-98 4.69508e-100 1.54728e-101 5.0991e-103 1.68042e-104 5.53789e-106 1.82503e-107 6.01443e-109 1.98207e-110 6.53199e-112 2.15264e-113 7.09408e-115 2.33788e-116 7.70454e-118 2.53905e-119 8.36753e-121 2.75755e-122 9.08757e-124 2.99484e-125 9.86958e-127 3.25255e-128 1.07189e-129 3.53244e-131 1.16413e-132 3.83641e-134 1.2643e-135 4.16654e-137 1.3731e-138 4.52508e-140 1.49125e-141 4.91447e-143 1.61958e-144 5.33738e-146 1.75895e-147 5.79667e-149
0.0308015 0.00151122 6.61537e-05 2.71896e-06 1.07362e-07 4.12336e-09 1.55173e-10 5.74934e-12 2.10417e-13 7.62461e-15 2.74019e-16 9.78006e-18 3.4701e-19 1.225e-20 4.30534e-22 1.50726e-23 5.25863e-25 1.82903e-26 6.3441e-28 2.19502e-29 7.57745e-31 2.61044e-32 8.97609e-34 3.08112e-35 1.05593e-36 3.61346e-38 1.23486e-39 4.21461e-41 1.43676e-42 4.89246e-44 1.66426e-45 5.65577e-47 1.92028e-48 6.51421e-50 2.20803e-51 7.47851e-53 2.53109e-54 8.56054e-56 2.89341e-57 9.77341e-59 3.29933e-60 1.11316e-61 3.75369e-63 1.26512e-64 4.26181e-66 1.43499e-67 4.82959e-69 1.62473e-70 5.46352e-72 1.8365e-73 6.1708e-75 2.07268e-76 6.95935e-78 2.33591e-79 7.83791e-81 2.62909e-82 8.81614e-84 2.95544e-85 9.90469e-87 3.31848e-88 1.11153e-89 3.72212e-91 1.24609e-92 4.17065e-94 1.39558e-95 4.66882e-97 1.56157e-98 5.22184e-100 1.7458e-101 5.83546e-103 1.95016e-104 6.51602e-106 2.17677e-107 7.2705e-109 2.42794e-110 8.10658e-112 2.70622e-113 9.03271e-115 3.01442e-116 1.00582e-117 3.35561e-119 1.11933e-120 3.7332e-122 1.24493e-123 4.15094e-125 1.38385e-126 4.61292e-128 1.53747e-129 5.12367e-131 1.70727e-132 5.68817e-134 1.89492e-135 6.31187e-137 2.10222e-138 7.0008e-140 2.33116e-141 7.76156e-143 2.58393e-144 8.60141e-146 2.86295e-147 9.52832e-149
0.00101507 6.61537e-05 3.52119e-06 1.68917e-07 7.59528e-09 3.26583e-10 1.35871e-11 5.51085e-13 2.19034e-14 8.56281e-16 3.30162e-17 1.25823e-18 4.74711e-20 1.77546e-21 6.5898e-23 2.42938e-24 8.90224e-26 3.24456e-27 1.17678e-28 4.24925e-30 1.5282e-31 5.47581e-33 1.95545e-34 6.96127e-36 2.47103e-37 8.74791e-39 3.08923e-40 1.0884e-41 3.82634e-43 1.34244e-44 4.7009e-46 1.64318e-47 5.73398e-49 1.99771e-50 6.94951e-52 2.4141e-53 8.37465e-55 2.90148e-56 1.00402e-57 3.47021e-59 1.19808e-60 4.13199e-62 1.42361e-63 4.90007e-65 1.68504e-66 5.78939e-68 1.9874e-69 6.81683e-71 2.33635e-72 8.00141e-74 2.73829e-75 9.36455e-77 3.20039e-78 1.09304e-79 3.73075e-81 1.27261e-82 4.33849e-84 1.47821e-85 5.03381e-87 1.71328e-88 5.82822e-90 1.98166e-91 6.73462e-93 2.28768e-94 7.76746e-96 2.63617e-97 8.94298e-99 3.03257e-100 1.02794e-101 3.48297e-103 1.17969e-104 3.99418e-106 1.35185e-107 4.57382e-109 1.54696e-110 5.23042e-112 1.76788e-113 5.97351e-115 2.01778e-116 6.81377e-118 2.30024e-119 7.76308e-121 2.61923e-122 8.83475e-124 2.97919e-125 1.00436e-126 3.38509e-128 1.14062e-129 3.84245e-131 1.29411e-132 4.35744e-134 1.46687e-135 4.93693e-137 1.66122e-138 5.58858e-140 1.87969e-141 6.32093e-143 2.12514e-144 7.14348e-146 2.40075e-147 8.06679e-149
3.3452e-05 2.71896e-06 1.68917e-07 9.17844e-09 4.58999e-10 2.16721e-11 9.80658e-13 4.29354e-14 1.83082e-15 7.63932e-17 3.13021e-18 1.26291e-19 5.02782e-21 1.97848e-22 7.70608e-24 2.9743e-25 1.13869e-26 4.32757e-28 1.63383e-29 6.13135e-31 2.28831e-32 8.49729e-34 3.14071e-35 1.15587e-36 4.23705e-38 1.54743e-39 5.63198e-41 2.04321e-42 7.39014e-44 2.66541e-45 9.5878e-47 3.44021e-48 1.23146e-49 4.39833e-51 1.56759e-52 5.57578e-54 1.97947e-55 7.01463e-57 2.48148e-58 8.76396e-60 3.09035e-61 1.08809e-62 3.82557e-64 1.34317e-65 4.70972e-67 1.64934e-68 5.76897e-70 2.01549e-71 7.03359e-73 2.45191e-74 8.53852e-76 2.97048e-77 1.03241e-78 3.58485e-80 1.24366e-81 4.31078e-83 1.49295e-84 5.16634e-86 1.7864e-87 6.17228e-89 2.13104e-90 7.35239e-92 2.53492e-93 8.7339e-95 3.00725e-96 1.0348e-97 3.55857e-99 1.22302e-100 4.2009e-102 1.44213e-103 4.94798e-105 1.69675e-106 5.81545e-108 1.99218e-109 6.82114e-111 2.33441e-112 7.98533e-114 2.73029e-115 9.33108e-117 3.18761e-118 1.08846e-119 3.71518e-121 1.26756e-122 4.32303e-124 1.4738e-125 5.02252e-127 1.71098e-128 5.82655e-130 1.98346e-131 6.74968e-133 2.29613e-134 7.80845e-136 2.65455e-137 9.02152e-139 3.06501e-140 1.041e-141 3.5346e-143 1.19978e-144 4.07133e-146 1.38118e-147 4.68426e-149
1.10242e-06 1.07362e-07 7.59528e-09 4.58999e-10 2.5157e-11 1.28843e-12 6.27459e-14 2.93829e-15 1.33329e-16 5.89499e-18 2.55014e-19 1.08281e-20 4.5242e-22 1.86383e-23 7.5834e-25 3.05148e-26 1.21574e-27 4.80048e-29 1.88018e-30 7.30967e-32 2.82263e-33 1.08319e-34 4.13293e-36 1.56857e-37 5.92385e-39 2.22694e-40 8.33584e-42 3.10775e-43 1.15427e-44 4.27203e-46 1.57584e-47 5.79465e-49 2.12448e-50 7.76704e-52 2.83206e-53 1.03003e-54 3.73727e-56 1.3529e-57 4.88683e-59 1.76152e-60 6.33698e-62 2.27538e-63 8.15519e-65 2.91781e-66 1.04221e-67 3.7167e-69 1.32339e-70 4.7052e-72 1.67051e-73 5.92273e-75 2.09711e-76 7.41596e-78 2.61926e-79 9.24005e-81 3.25591e-82 1.14601e-83 4.02937e-85 1.41526e-86 4.96591e-88 1.74076e-89 6.09632e-91 2.13305e-92 7.4567e-94 2.60446e-95 9.08923e-97 3.16944e-98 1.10432e-99 3.8448e-101 1.3376e-102 4.65013e-104 1.61546e-105 5.60825e-107 1.94566e-108 6.74564e-110 2.33723e-111 8.09301e-113 2.80063e-114 9.68598e-116 3.34796e-117 1.15657e-118 3.99325e-120 1.37799e-121 4.75267e-123 1.63835e-124 5.6449e-126 1.94399e-127 6.69147e-129 2.30222e-130 7.91718e-132 2.72145e-133 9.35056e-135 3.21135e-136 1.10244e-137 3.78305e-139 1.29764e-140 4.44929e-142 1.52496e-143 5.22471e-145 1.78938e-146 6.12608e-148 2.09656e-149
3.63306e-08 4.12336e-09 3.26583e-10 2.16721e-11 1.28843e-12 7.09538e-14 3.69077e-15 1.83626e-16 8.814e-18 4.10714e-19 1.86663e-20 8.30413e-22 3.62643e-23 1.55814e-24 6.59924e-26 2.75939e-27 1.1406e-28 4.66589e-30 1.89075e-31 7.59607e-33 3.02767e-34 1.19803e-35 4.70878e-37 1.83926e-38 7.14267e-40 2.75889e-41 1.06027e-42 4.0555e-44 1.54435e-45 5.85647e-47 2.21215e-48 8.32495e-50 3.12192e-51 1.16685e-52 4.34747e-54 1.61493e-55 5.98181e-57 2.20968e-58 8.1414e-60 2.99222e-61 1.09713e-62 4.01365e-64 1.46514e-65 5.3372e-67 1.94035e-68 7.0407e-70 2.55006e-71 9.21966e-73 3.32765e-74 1.19907e-75 4.31386e-77 1.54961e-78 5.55823e-80 1.99082e-81 7.12078e-83 2.54357e-84 9.07405e-86 3.23307e-87 1.15054e-88 4.08962e-90 1.452e-91 5.1496e-93 1.82438e-94 6.4566e-96 2.28273e-97 8.06266e-99 2.84504e-100 1.00298e-101 3.53271e-103 1.2432e-104 4.37119e-106 1.53567e-107 5.39067e-109 1.89079e-110 6.62689e-112 2.32085e-113 8.12207e-115 2.84036e-116 9.92607e-118 3.46644e-119 1.20976e-120 4.21921e-122 1.47057e-123 5.12237e-125 1.78316e-126 6.20369e-128 2.15703e-129 7.49576e-131 2.60334e-132 9.03669e-134 3.13512e-135 1.08711e-136 3.7676e-138 1.30509e-139 4.51856e-141 1.56369e-142 5.40871e-144 1.86997e-145 6.46216e-147 2.23217e-148 7.70697e-150
1.19729e-09 1.55173e-10 1.35871e-11 9.80658e-13 6.27459e-14 3.69077e-15 2.03867e-16 1.07208e-17 5.41825e-19 2.64976e-20 1.26036e-21 5.85384e-23 2.6632e-24 1.18982e-25 5.23078e-27 2.26679e-28 9.69711e-30 4.10011e-31 1.71525e-32 7.10621e-34 2.91791e-35 1.18832e-36 4.8028e-38 1.92747e-39 7.68477e-41 3.04517e-42 1.19979e-43 4.70176e-45 1.83326e-46 7.11415e-48 2.74836e-49 1.05726e-50 4.05087e-52 1.54618e-53 5.88037e-55 2.22873e-56 8.41954e-58 3.17078e-59 1.19056e-60 4.4576e-62 1.66445e-63 6.19882e-65 2.30284e-66 8.53451e-68 3.1557e-69 1.16427e-70 4.28636e-72 1.57484e-73 5.77468e-75 2.11347e-76 7.72091e-78 2.81562e-79 1.02503e-80 3.72551e-82 1.35189e-83 4.89809e-85 1.772e-86 6.40134e-88 2.30924e-89 8.31914e-91 2.99305e-92 1.07546e-93 3.85953e-95 1.38341e-96 4.95287e-98 1.7712e-99 6.327e-101 2.25766e-102 8.04753e-104 2.86565e-105 1.01941e-106 3.62291e-108 1.28633e-109 4.56296e-111 1.61715e-112 5.72628e-114 2.02592e-115 7.1616e-117 2.52954e-118 8.92747e-120 3.14829e-121 1.10941e-122 3.90647e-124 1.37455e-125 4.83312e-127 1.69821e-128 5.96293e-130 2.09237e-131 7.33723e-133 2.57127e-134 9.00518e-136 3.15188e-137 1.10252e-138 3.85429e-140 1.34665e-141 4.70236e-143 1.6411e-144 5.72427e-146 1.99559e-147 6.95336e-149 2.42156e-150
3.9457e-11 5.74934e-12 5.51085e-13 4.29354e-14 2.93829e-15 1.83626e-16 1.07208e-17 5.93426e-19 3.14603e-20 1.60919e-21 7.98554e-23 3.86105e-24 1.82508e-25 8.45704e-27 3.85027e-28 1.72548e-29 7.62354e-31 3.32517e-32 1.43345e-33 6.11352e-35 2.5818e-36 1.08045e-37 4.48367e-39 1.84616e-40 7.54646e-42 3.06384e-43 1.23602e-44 4.9567e-46 1.97661e-47 7.84062e-49 3.09465e-50 1.21568e-51 4.7543e-53 1.85144e-54 7.1809e-56 2.77449e-57 1.06807e-58 4.09734e-60 1.5666e-61 5.97078e-63 2.26872e-64 8.59538e-66 3.24738e-67 1.22359e-68 4.59849e-70 1.72393e-71 6.44743e-73 2.40578e-74 8.95703e-76 3.3277e-77 1.23376e-78 4.56511e-80 1.68592e-81 6.21467e-83 2.28674e-84 8.39962e-86 3.08014e-87 1.12765e-88 4.1218e-90 1.5043e-91 5.48196e-93 1.99484e-94 7.24887e-96 2.63051e-97 9.53308e-99 3.45037e-100 1.24725e-101 4.50309e-103 1.62387e-104 5.84909e-106 2.10443e-107 7.56318e-109 2.71524e-110 9.73771e-112 3.48869e-113 1.24863e-114 4.46463e-116 1.59487e-117 5.69193e-119 2.02956e-120 7.23034e-122 2.57359e-123 9.1528e-125 3.25243e-126 1.15481e-127 4.09702e-129 1.45241e-130 5.14494e-132 1.82116e-133 6.4417e-135 2.27689e-136 8.0423e-138 2.83871e-139 1.00131e-140 3.52965e-142 1.24341e-143 4.37744e-145 1.54013e-146 5.41538e-148 1.90301e-149 6.6834e-151
1.30032e-12 2.10417e-13 2.19034e-14 1.83082e-15 1.33329e-16 8.814e-18 5.41825e-19 3.14603e-20 1.74409e-21 9.30416e-23 4.80444e-24 2.41238e-25 1.1821e-26 5.66939e-28 2.66769e-29 1.23401e-30 5.62109e-32 2.525e-33 1.1199e-34 4.90955e-36 2.12937e-37 9.14462e-39 3.89137e-40 1.64188e-41 6.87284e-43 2.85568e-44 1.17833e-45 4.83045e-47 1.96809e-48 7.97237e-50 3.21185e-51 1.28729e-52 5.13414e-54 2.03816e-55 8.05537e-57 3.17032e-58 1.24273e-59 4.85276e-61 1.88803e-62 7.31997e-64 2.82848e-65 1.08944e-66 4.18323e-68 1.60154e-69 6.11402e-71 2.32771e-72 8.83866e-74 3.34768e-75 1.26485e-76 4.7677e-78 1.79304e-79 6.72848e-81 2.51953e-82 9.41523e-84 3.51138e-85 1.30704e-86 4.85609e-88 1.80095e-89 6.66735e-91 2.46415e-92 9.09207e-94 3.34936e-95 1.23193e-96 4.52428e-98 1.65911e-99 6.07544e-101 2.22165e-102 8.11304e-104 2.95881e-105 1.07769e-106 3.92032e-108 1.42436e-109 5.16893e-111 1.87359e-112 6.78355e-114 2.45334e-115 8.86313e-117 3.19858e-118 1.15313e-119 4.15302e-121 1.49423e-122 5.371e-124 1.92877e-125 6.92001e-127 2.48051e-128 8.88361e-130 3.1788e-131 1.1365e-132 4.05988e-134 1.44912e-135 5.16833e-137 1.84186e-138 6.5589e-140 2.33388e-141 8.29866e-143 2.94865e-144 1.04696e-145 3.71481e-147 1.31718e-148 4.66729e-150 1.65272e-151
4.28523e-14 7.62461e-15 8.56281e-16 7.63932e-17 5.89499e-18 4.10714e-19 2.64976e-20 1.60919e-21 9.30416e-23 5.1641e-24 2.76859e-25 1.44066e-26 7.304e-28 3.61911e-29 1.75707e-30 8.37607e-32 3.92768e-33 1.81441e-34 8.26823e-36 3.721e-37 1.65542e-38 7.2869e-40 3.17612e-41 1.37174e-42 5.87397e-44 2.4953e-45 1.0521e-46 4.40492e-48 1.83205e-49 7.57221e-51 3.11129e-52 1.27124e-53 5.16667e-55 2.08932e-56 8.4085e-58 3.3686e-59 1.34366e-60 5.33734e-62 2.11171e-63 8.32329e-65 3.26869e-66 1.27919e-67 4.98936e-69 1.93979e-70 7.51836e-72 2.90535e-73 1.11951e-74 4.30189e-76 1.64867e-77 6.3022e-79 2.40311e-80 9.14139e-82 3.46932e-83 1.31372e-84 4.96385e-86 1.87164e-87 7.0427e-89 2.64484e-90 9.91349e-92 3.70891e-93 1.3851e-94 5.16365e-96 1.92172e-97 7.14011e-99 2.64862e-100 9.80963e-102 3.62763e-103 1.33952e-104 4.93907e-106 1.81856e-107 6.68675e-109 2.45538e-110 9.00441e-112 3.2979e-113 1.20636e-114 4.40748e-116 1.60837e-117 5.86246e-119 2.13442e-120 7.76247e-122 2.82e-123 1.02338e-124 3.71001e-126 1.34361e-127 4.86116e-129 1.75705e-130 6.34478e-132 2.28899e-133 8.25039e-135 2.9711e-136 1.069e-137 3.84297e-139 1.38035e-140 4.95397e-142 1.7765e-143 6.36551e-145 2.27909e-146 8.15376e-148 2.91493e-149 1.0413e-150 3.71718e-152
1.41221e-15 2.74019e-16 3.30162e-17 3.13021e-18 2.55014e-19 1.86663e-20 1.26036e-21 7.98554e-23 4.80444e-24 2.76859e-25 1.53808e-26 8.27937e-28 4.33569e-29 2.216e-30 1.1084e-31 5.4376e-33 2.62131e-34 1.24374e-35 5.81622e-37 2.68396e-38 1.22347e-39 5.51429e-41 2.45938e-42 1.08621e-43 4.75384e-45 2.06285e-46 8.88002e-48 3.79396e-49 1.6095e-50 6.78245e-52 2.8401e-53 1.18216e-54 4.89275e-56 2.0141e-57 8.24858e-59 3.36163e-60 1.36362e-61 5.50677e-63 2.21436e-64 8.86802e-66 3.53757e-67 1.4059e-68 5.56723e-70 2.19695e-71 8.64083e-73 3.38765e-74 1.32404e-75 5.15956e-77 2.00483e-78 7.76853e-80 3.00219e-81 1.15722e-82 4.44943e-84 1.70665e-85 6.53077e-87 2.49344e-88 9.49901e-90 3.61103e-91 1.36988e-92 5.18637e-94 1.95973e-95 7.39102e-97 2.78235e-98 1.04554e-99 3.92205e-101 1.46875e-102 5.49117e-104 2.04967e-105 7.63871e-107 2.84245e-108 1.05614e-109 3.91845e-111 1.45176e-112 5.37121e-114 1.98456e-115 7.32288e-117 2.69862e-118 9.93239e-120 3.65117e-121 1.34056e-122 4.91623e-124 1.80085e-125 6.58921e-127 2.4083e-128 8.79266e-130 3.2068e-131 1.16835e-132 4.25241e-134 1.5462e-135 5.61663e-137 2.03831e-138 7.39026e-140 2.67702e-141 9.68841e-143 3.50325e-144 1.26565e-145 4.56866e-147 1.64779e-148 5.93825e-150 2.1383e-151 7.69369e-153
4.65399e-17 9.78006e-18 1.25823e-18 1.26291e-19 1.08281e-20 8.30413e-22 5.85384e-23 3.86105e-24 2.41238e-25 1.44066e-26 8.27937e-28 4.60303e-29 2.48611e-30 1.30887e-31 6.73587e-33 3.39641e-34 1.68126e-35 8.18405e-37 3.9233e-38 1.85452e-39 8.65345e-41 3.98974e-42 1.81917e-43 8.20932e-45 3.66898e-46 1.625e-47 7.13638e-49 3.1091e-50 1.34439e-51 5.77204e-53 2.46159e-54 1.04313e-55 4.39373e-57 1.84007e-58 7.66411e-60 3.1756e-61 1.30927e-62 5.37243e-64 2.19451e-65 8.92513e-67 3.61476e-68 1.45817e-69 5.85957e-71 2.34595e-72 9.35901e-74 3.72096e-75 1.47451e-76 5.82452e-78 2.29373e-79 9.00609e-81 3.52605e-82 1.3767e-83 5.36079e-85 2.08206e-86 8.06619e-88 3.11736e-89 1.20194e-90 4.62367e-92 1.77471e-93 6.79722e-95 2.59793e-96 9.90923e-98 3.7722e-99 1.43322e-100 5.43526e-102 2.05748e-103 7.77467e-105 2.93277e-106 1.10444e-107 4.15235e-109 1.55866e-110 5.84156e-112 2.18598e-113 8.16804e-115 3.0476e-116 1.13549e-117 4.22481e-119 1.5698e-120 5.82511e-122 2.15875e-123 7.99011e-125 2.95369e-126 1.09056e-127 4.0218e-129 1.48145e-130 5.4508e-132 2.00332e-133 7.35472e-135 2.69723e-136 9.88131e-138 3.61631e-139 1.32215e-140 4.82908e-142 1.76209e-143 6.42363e-145 2.33952e-146 8.51288e-148 3.09483e-149 1.12412e-150 4.07956e-152 1.47926e-153
1.53373e-18 3.4701e-19 4.74711e-20 5.02782e-21 4.5242e-22 3.62643e-23 2.6632e-24 1.82508e-25 1.1821e-26 7.304e-28 4.33569e-29 2.48611e-30 1.38304e-31 7.491e-33 3.96181e-34 2.05094e-35 1.04139e-36 5.19556e-38 2.55076e-39 1.23395e-40 5.88865e-42 2.77501e-43 1.29251e-44 5.95491e-46 2.71579e-47 1.22682e-48 5.49262e-50 2.43851e-51 1.07404e-52 4.69533e-54 2.03812e-55 8.78764e-57 3.76481e-58 1.60316e-59 6.78738e-61 2.85781e-62 1.19696e-63 4.98822e-65 2.06881e-66 8.54072e-68 3.51035e-69 1.43669e-70 5.85612e-72 2.37769e-73 9.61756e-75 3.87613e-76 1.55673e-77 6.23108e-79 2.48599e-80 9.88716e-82 3.92034e-83 1.54989e-84 6.11001e-86 2.40209e-87 9.41842e-89 3.68336e-90 1.43689e-91 5.59173e-93 2.17092e-94 8.40906e-96 3.25e-97 1.25337e-98 4.82349e-100 1.85248e-101 7.10039e-103 2.71623e-104 1.03713e-105 3.95273e-107 1.50378e-108 5.71097e-110 2.16519e-111 8.19516e-113 3.09681e-114 1.16838e-115 4.40127e-117 1.65545e-118 6.21746e-120 2.33175e-121 8.73247e-123 3.26582e-124 1.21972e-125 4.54941e-127 1.69468e-128 6.30478e-130 2.34268e-131 8.6942e-133 3.22277e-134 1.19322e-135 4.41285e-137 1.63016e-138 6.01538e-140 2.21732e-141 8.16463e-143 3.00327e-144 1.1036e-145 4.05129e-147 1.48577e-148 5.44366e-150 1.9926e-151 7.287e-153 2.66245e-154
5.05447e-20 1.225e-20 1.77546e-21 1.97848e-22 1.86383e-23 1.55814e-24 1.18982e-25 8.45704e-27 5.66939e-28 3.61911e-29 2.216e-30 1.30887e-31 7.491e-33 4.16949e-34 2.26379e-35 1.20197e-36 6.25436e-38 3.19517e-39 1.60513e-40 7.94007e-42 3.8722e-43 1.86367e-44 8.86058e-46 4.16488e-47 1.93692e-48 8.91839e-50 4.06805e-51 1.8393e-52 8.24715e-54 3.66892e-55 1.62008e-56 7.10345e-58 3.09377e-59 1.33886e-60 5.75898e-62 2.46285e-63 1.04744e-64 4.43118e-66 1.86514e-67 7.81263e-69 3.25734e-70 1.35203e-71 5.58791e-73 2.29995e-74 9.42895e-76 3.85076e-77 1.56685e-78 6.35276e-80 2.56688e-81 1.03374e-82 4.14972e-84 1.66066e-85 6.62583e-87 2.63595e-88 1.04571e-89 4.1371e-91 1.63242e-92 6.4247e-94 2.52226e-95 9.87809e-97 3.85953e-98 1.50453e-99 5.85194e-101 2.27121e-102 8.79629e-104 3.39977e-105 1.31139e-106 5.04852e-108 1.93987e-109 7.44007e-111 2.84836e-112 1.08855e-113 4.15291e-115 1.58171e-116 6.01433e-118 2.28324e-119 8.65434e-121 3.2753e-122 1.23771e-123 4.67033e-125 1.75976e-126 6.62143e-128 2.48801e-129 9.33618e-131 3.49876e-132 1.30948e-133 4.8948e-135 1.8274e-136 6.81402e-138 2.5378e-139 9.44071e-141 3.50796e-142 1.30202e-143 4.82728e-145 1.78779e-146 6.61412e-148 2.44441e-149 9.0247e-151 3.32855e-152 1.22645e-153 4.51464e-155
1.66572e-21 4.30534e-22 6.5898e-23 7.70608e-24 7.5834e-25 6.59924e-26 5.23078e-27 3.85027e-28 2.66769e-29 1.75707e-30 1.1084e-31 6.73587e-33 3.96181e-34 2.26379e-35 1.26058e-36 6.85855e-38 3.65406e-39 1.90994e-40 9.81002e-42 4.95842e-43 2.46932e-44 1.21296e-45 5.88266e-47 2.81925e-48 1.33618e-49 6.26709e-51 2.91082e-52 1.33956e-53 6.11123e-55 2.76519e-56 1.24148e-57 5.53281e-59 2.44853e-60 1.07638e-61 4.70178e-63 2.04138e-64 8.81191e-66 3.78275e-67 1.61526e-68 6.86227e-70 2.90119e-71 1.22081e-72 5.11408e-74 2.13307e-75 8.85999e-77 3.66536e-78 1.5105e-79 6.20153e-81 2.53695e-82 1.03421e-83 4.2019e-85 1.70163e-86 6.86933e-88 2.76462e-89 1.10936e-90 4.43873e-92 1.77107e-93 7.04757e-95 2.79706e-96 1.10728e-97 4.37255e-99 1.72252e-100 6.76983e-102 2.6546e-103 1.03862e-104 4.05482e-106 1.57969e-107 6.14159e-109 2.38297e-110 9.22803e-112 3.56673e-113 1.37602e-114 5.29895e-116 2.03697e-117 7.81676e-119 2.99456e-120 1.14531e-121 4.37329e-123 1.66727e-124 6.34649e-126 2.41214e-127 9.15436e-129 3.46915e-130 1.31281e-131 4.96108e-133 1.87223e-134 7.05605e-136 2.6558e-137 9.98328e-139 3.74804e-140 1.4054e-141 5.26344e-143 1.9689e-144 7.35653e-146 2.74553e-147 1.02351e-148 3.81134e-150 1.41774e-151 5.26807e-153 1.95548e-154 7.25124e-156
5.48942e-23 1.50726e-23 2.42938e-24 2.9743e-25 3.05148e-26 2.75939e-27 2.26679e-28 1.72548e-29 1.23401e-30 8.37607e-32 5.4376e-33 3.39641e-34 2.05094e-35 1.20197e-36 6.85855e-38 3.82063e-39 2.08251e-40 1.11285e-41 5.83994e-43 3.01397e-44 1.53174e-45 7.67427e-47 3.79428e-48 1.8529e-49 8.94443e-51 4.27115e-52 2.01889e-53 9.45175e-55 4.3851e-56 2.0171e-57 9.20349e-59 4.16712e-60 1.87302e-61 8.36039e-63 3.70707e-64 1.63337e-65 7.15343e-67 3.11481e-68 1.34879e-69 5.80965e-71 2.48968e-72 1.06173e-73 4.50652e-75 1.90416e-76 8.01076e-78 3.35599e-79 1.40026e-80 5.8197e-82 2.40965e-83 9.94081e-85 4.08657e-86 1.67423e-87 6.83652e-89 2.7827e-90 1.12914e-91 4.568e-93 1.84262e-94 7.41164e-96 2.97302e-97 1.18938e-98 4.74586e-100 1.88891e-101 7.49962e-103 2.97049e-104 1.17383e-105 4.62802e-107 1.82064e-108 7.14691e-110 2.79962e-111 1.09443e-112 4.26981e-114 1.66257e-115 6.46137e-117 2.50645e-118 9.70518e-120 3.75125e-121 1.44741e-122 5.57535e-124 2.14402e-125 8.2315e-127 3.15528e-128 1.20759e-129 4.61468e-131 1.76081e-132 6.70887e-134 2.55248e-135 9.69766e-137 3.67936e-138 1.3941e-139 5.27518e-141 1.99351e-142 7.52398e-144 2.83618e-145 1.06779e-146 4.0153e-148 1.50812e-149 5.65784e-151 2.12017e-152 7.93606e-154 2.9673e-155 1.10828e-156
1.80905e-24 5.25863e-25 8.90224e-26 1.13869e-26 1.21574e-27 1.1406e-28 9.69711e-30 7.62354e-31 5.62109e-32 3.92768e-33 2.62131e-34 1.68126e-35 1.04139e-36 6.25436e-38 3.65406e-39 2.08251e-40 1.16047e-41 6.33558e-43 3.39462e-44 1.78773e-45 9.26605e-47 4.7323e-48 2.38388e-49 1.18558e-50 5.82605e-52 2.83096e-53 1.36115e-54 6.47965e-56 3.05574e-57 1.42831e-58 6.62016e-60 3.044e-61 1.38906e-62 6.29296e-64 2.83136e-65 1.26555e-66 5.62123e-68 2.48183e-69 1.08945e-70 4.75606e-72 2.0653e-73 8.92294e-75 3.83624e-76 1.64156e-77 6.99258e-79 2.96564e-80 1.25247e-81 5.26802e-83 2.20708e-84 9.21168e-86 3.83056e-87 1.58723e-88 6.55422e-90 2.69744e-91 1.10657e-92 4.52521e-94 1.84492e-95 7.49948e-97 3.03975e-98 1.22866e-99 4.95274e-101 1.99119e-102 7.98482e-104 3.19397e-105 1.2745e-106 5.07361e-108 2.01507e-109 7.98518e-111 3.15736e-112 1.24575e-113 4.90491e-115 1.92727e-116 7.55767e-118 2.95792e-119 1.15547e-120 4.50528e-122 1.75346e-123 6.81233e-125 2.64205e-126 1.02293e-127 3.95391e-129 1.5258e-130 5.87865e-132 2.2614e-133 8.68582e-135 3.33114e-136 1.27566e-137 4.8781e-139 1.86274e-140 7.10316e-142 2.70495e-143 1.0287e-144 3.90705e-146 1.48201e-147 5.61441e-149 2.12432e-150 8.028e-152 3.03023e-153 1.14244e-154 4.30223e-156 1.6183e-157
5.96179e-26 1.82903e-26 3.24456e-27 4.32757e-28 4.80048e-29 4.66589e-30 4.10011e-31 3.32517e-32 2.525e-33 1.81441e-34 1.24374e-35 8.18405e-37 5.19556e-38 3.19517e-39 1.90994e-40 1.11285e-41 6.33558e-43 3.53151e-44 1.93077e-45 1.03697e-46 5.47847e-48 2.85053e-49 1.46228e-50 7.40255e-52 3.70128e-53 1.82925e-54 8.94229e-56 4.32663e-57 2.07313e-58 9.84252e-60 4.63232e-61 2.1622e-62 1.00132e-63 4.60254e-65 2.10048e-66 9.52084e-68 4.28747e-69 1.91875e-70 8.5357e-72 3.77547e-73 1.66078e-74 7.26707e-76 3.16372e-77 1.37061e-78 5.90989e-80 2.53673e-81 1.08409e-82 4.61335e-84 1.95521e-85 8.25381e-87 3.471e-88 1.45428e-89 6.07135e-91 2.52589e-92 1.04732e-93 4.3284e-95 1.78319e-96 7.32374e-98 2.99894e-99 1.22445e-100 4.98524e-102 2.02413e-103 8.19646e-105 3.31043e-106 1.33365e-107 5.35948e-109 2.14862e-110 8.59359e-112 3.42922e-113 1.36535e-114 5.42434e-116 2.15042e-117 8.5074e-119 3.35882e-120 1.32347e-121 5.20475e-123 2.04296e-124 8.00414e-126 3.13026e-127 1.22201e-128 4.76225e-130 1.85272e-131 7.19589e-133 2.79029e-134 1.08024e-135 4.1755e-137 1.6115e-138 6.21009e-140 2.38959e-141 9.18163e-143 3.52289e-144 1.34981e-145 5.16477e-147 1.97354e-148 7.5313e-150 2.87032e-151 1.09255e-152 4.15342e-154 1.57703e-155 5.98066e-157 2.2654e-158
1.96473e-27 6.3441e-28 1.17678e-28 1.63383e-29 1.88018e-30 1.89075e-31 1.71525e-32 1.43345e-33 1.1199e-34 8.26823e-36 5.81622e-37 3.9233e-38 2.55076e-39 1.60513e-40 9.81002e-42 5.83994e-43 3.39462e-44 1.93077e-45 1.07651e-46 5.89308e-48 3.17179e-49 1.68051e-50 8.7745e-52 4.51933e-53 2.29813e-54 1.1547e-55 5.73668e-57 2.81991e-58 1.3723e-59 6.61507e-61 3.16015e-62 1.49681e-63 7.03219e-65 3.27832e-66 1.51706e-67 6.97095e-69 3.18164e-70 1.44281e-71 6.50248e-73 2.91322e-74 1.29776e-75 5.74962e-77 2.53394e-78 1.1111e-79 4.84833e-81 2.10565e-82 9.10346e-84 3.91852e-85 1.67957e-86 7.1696e-88 3.04838e-89 1.29115e-90 5.44844e-92 2.29088e-93 9.59875e-95 4.00826e-96 1.66827e-97 6.92137e-99 2.86265e-100 1.18041e-101 4.85316e-103 1.98965e-104 8.13431e-106 3.31657e-107 1.3487e-108 5.47046e-110 2.21333e-111 8.9332e-113 3.59695e-114 1.44495e-115 5.79143e-117 2.3161e-118 9.24248e-120 3.68046e-121 1.46258e-122 5.80041e-124 2.29584e-125 9.06952e-127 3.57608e-128 1.40743e-129 5.52917e-131 2.16832e-132 8.48856e-134 3.31746e-135 1.29436e-136 5.04188e-138 1.96082e-139 7.61377e-141 2.95185e-142 1.1427e-143 4.41702e-145 1.70488e-146 6.57113e-148 2.52917e-149 9.7212e-151 3.73143e-152 1.43039e-153 5.47609e-155 2.09378e-156 7.99547e-158 3.04945e-159
6.47482e-29 2.19502e-29 4.24925e-30 6.13135e-31 7.30967e-32 7.59607e-33 7.10621e-34 6.11352e-35 4.90955e-36 3.721e-37 2.68396e-38 1.85452e-39 1.23395e-40 7.94007e-42 4.95842e-43 3.01397e-44 1.78773e-45 1.03697e-46 5.89308e-48 3.28648e-49 1.80115e-50 9.71292e-52 5.15956e-53 2.70254e-54 1.39707e-55 7.13349e-57 3.60031e-58 1.7973e-59 8.87987e-61 4.3445e-62 2.10591e-63 1.01183e-64 4.82096e-66 2.27871e-67 1.06889e-68 4.97759e-70 2.30187e-71 1.05742e-72 4.82662e-74 2.18967e-75 9.87548e-77 4.42877e-78 1.97536e-79 8.76468e-81 3.86932e-82 1.69988e-83 7.43302e-85 3.23551e-86 1.40222e-87 6.05131e-89 2.60077e-90 1.11335e-91 4.74776e-93 2.01711e-94 8.53882e-96 3.602e-97 1.51429e-98 6.34512e-100 2.65017e-101 1.10344e-102 4.58043e-104 1.89574e-105 7.82349e-107 3.21962e-108 1.32136e-109 5.40859e-111 2.2081e-112 8.99198e-114 3.65274e-115 1.48026e-116 5.98456e-118 2.41396e-119 9.71527e-121 3.90145e-122 1.56339e-123 6.25171e-125 2.49483e-126 9.93601e-128 3.9494e-129 1.56681e-130 6.20423e-132 2.45222e-133 9.67491e-135 3.81039e-136 1.4981e-137 5.87995e-139 2.30402e-140 9.01345e-142 3.52048e-143 1.37288e-144 5.34556e-146 2.07826e-147 8.06794e-149 3.12748e-150 1.21061e-151 4.67959e-153 1.80639e-154 6.96352e-156 2.68082e-157 1.03072e-158 3.95781e-160
2.1338e-30 7.57745e-31 1.5282e-31 2.28831e-32 2.82263e-33 3.02767e-34 2.91791e-35 2.5818e-36 2.12937e-37 1.65542e-38 1.22347e-39 8.65345e-41 5.88865e-42 3.8722e-43 2.46932e-44 1.53174e-45 9.26605e-47 5.47847e-48 3.17179e-49 1.80115e-50 1.00468e-51 5.51188e-53 2.97754e-54 1.58542e-55 8.32844e-57 4.31986e-58 2.21406e-59 1.12206e-60 5.62631e-62 2.79289e-63 1.3732e-64 6.69074e-66 3.23194e-67 1.54839e-68 7.36018e-70 3.47249e-71 1.6266e-72 7.56726e-74 3.49735e-75 1.6062e-76 7.33205e-78 3.32752e-79 1.50169e-80 6.74057e-82 3.0099e-83 1.3373e-84 5.91289e-86 2.60219e-87 1.14003e-88 4.97271e-90 2.15989e-91 9.34309e-93 4.02555e-94 1.72777e-95 7.38802e-97 3.14771e-98 1.33639e-99 5.65443e-101 2.38452e-102 1.00233e-103 4.20006e-105 1.75458e-106 7.308e-108 3.03504e-109 1.25691e-110 5.19098e-112 2.1381e-113 8.78356e-115 3.59918e-116 1.47114e-117 5.99857e-119 2.44011e-120 9.9029e-122 4.00987e-123 1.62007e-124 6.53127e-126 2.62748e-127 1.05482e-128 4.22609e-130 1.68979e-131 6.74348e-133 2.68601e-134 1.06787e-135 4.23777e-137 1.67872e-138 6.63827e-140 2.6205e-141 1.03271e-142 4.06309e-144 1.59598e-145 6.25902e-147 2.45079e-148 9.58159e-150 3.74037e-151 1.45797e-152 5.67483e-154 2.20565e-155 8.5607e-157 3.31806e-158 1.28431e-159 4.96453e-161
7.03199e-32 2.61044e-32 5.47581e-33 8.49729e-34 1.08319e-34 1.19803e-35 1.18832e-36 1.08045e-37 9.14462e-39 7.2869e-40 5.51429e-41 3.98974e-42 2.77501e-43 1.86367e-44 1.21296e-45 7.67427e-47 4.7323e-48 2.85053e-49 1.68051e-50 9.71292e-52 5.51188e-53 3.0751e-54 1.68864e-55 9.13664e-57 4.87543e-58 2.56794e-59 1.33608e-60 6.87163e-62 3.49576e-63 1.76007e-64 8.77516e-66 4.33442e-67 2.12204e-68 1.03016e-69 4.96083e-71 2.37058e-72 1.12449e-73 5.2965e-75 2.4779e-76 1.15175e-77 5.32016e-79 2.44279e-80 1.11517e-81 5.0627e-83 2.28611e-84 1.02699e-85 4.59062e-87 2.04213e-88 9.04213e-90 3.98568e-91 1.7492e-92 7.64441e-94 3.32714e-95 1.44236e-96 6.22881e-98 2.67987e-99 1.14881e-100 4.9074e-102 2.08914e-103 8.86412e-105 3.74884e-106 1.58048e-107 6.64274e-109 2.7836e-110 1.16305e-111 4.84574e-113 2.01334e-114 8.34258e-116 3.44777e-117 1.42121e-118 5.84372e-120 2.39692e-121 9.80787e-123 4.00386e-124 1.63075e-125 6.62713e-127 2.68726e-128 1.08734e-129 4.39042e-131 1.76912e-132 7.11434e-134 2.85533e-135 1.14377e-136 4.57303e-138 1.825e-139 7.26996e-141 2.89087e-142 1.14754e-143 4.54738e-145 1.79898e-146 7.10516e-148 2.80169e-149 1.103e-150 4.33564e-152 1.70164e-153 6.66847e-155 2.60942e-156 1.0196e-157 3.97832e-159 1.55009e-160 6.0314e-162
2.31741e-33 8.97609e-34 1.95545e-34 3.14071e-35 4.13293e-36 4.70878e-37 4.8028e-38 4.48367e-39 3.89137e-40 3.17612e-41 2.45938e-42 1.81917e-43 1.29251e-44 8.86058e-46 5.88266e-47 3.79428e-48 2.38388e-49 1.46228e-50 8.7745e-52 5.15956e-53 2.97754e-54 1.68864e-55 9.42263e-57 5.17872e-58 2.8061e-59 1.50034e-60 7.92178e-62 4.13341e-63 2.1327e-64 1.08879e-65 5.50281e-67 2.75469e-68 1.36649e-69 6.72007e-71 3.27752e-72 1.58592e-73 7.61608e-75 3.63105e-76 1.71916e-77 8.08543e-79 3.77839e-80 1.75483e-81 8.10192e-83 3.71929e-84 1.69801e-85 7.71108e-87 3.48387e-88 1.56623e-89 7.00763e-91 3.12085e-92 1.38365e-93 6.10795e-95 2.68494e-96 1.17544e-97 5.12561e-99 2.22649e-100 9.63553e-102 4.15484e-103 1.78526e-104 7.64467e-106 3.26262e-107 1.38792e-108 5.88558e-110 2.48814e-111 1.04872e-112 4.40727e-114 1.84689e-115 7.71799e-117 3.21653e-118 1.33696e-119 5.54274e-121 2.29209e-122 9.45508e-124 3.8909e-125 1.59738e-126 6.5428e-128 2.67385e-129 1.09031e-130 4.43634e-132 1.80127e-133 7.29846e-135 2.95122e-136 1.19099e-137 4.79696e-139 1.92839e-140 7.73765e-142 3.09903e-143 1.23897e-144 4.94453e-146 1.96987e-147 7.83449e-149 3.1107e-150 1.23309e-151 4.8801e-153 1.92831e-154 7.60767e-156 2.99684e-157 1.17875e-158 4.62959e-160 1.81566e-161 7.11059e-163
7.63711e-35 3.08112e-35 6.96127e-36 1.15587e-36 1.56857e-37 1.83926e-38 1.92747e-39 1.84616e-40 1.64188e-41 1.37174e-42 1.08621e-43 8.20932e-45 5.95491e-46 4.16488e-47 2.81925e-48 1.8529e-49 1.18558e-50 7.40255e-52 4.51933e-53 2.70254e-54 1.58542e-55 9.13664e-57 5.17872e-58 2.89017e-59 1.5897e-60 8.62536e-62 4.62016e-63 2.44494e-64 1.27909e-65 6.61931e-67 3.39038e-68 1.7196e-69 8.6409e-71 4.30357e-72 2.12527e-73 1.04106e-74 5.06024e-76 2.44139e-77 1.16952e-78 5.56429e-80 2.63e-81 1.23526e-82 5.76654e-84 2.67626e-85 1.23506e-86 5.66863e-88 2.58811e-89 1.17565e-90 5.31419e-92 2.39073e-93 1.07059e-94 4.77283e-96 2.11861e-97 9.36495e-99 4.1228e-100 1.80785e-101 7.89708e-103 3.43677e-104 1.49026e-105 6.43933e-107 2.77287e-108 1.19006e-109 5.0909e-111 2.17093e-112 9.22899e-114 3.91162e-115 1.65304e-116 6.96572e-118 2.92708e-119 1.22664e-120 5.12678e-122 2.13717e-123 8.88649e-125 3.68587e-126 1.52509e-127 6.29529e-129 2.59255e-130 1.06524e-131 4.3672e-133 1.78653e-134 7.29272e-136 2.9707e-137 1.20764e-138 4.89944e-140 1.9838e-141 8.01699e-143 3.23372e-144 1.30193e-145 5.23214e-147 2.09892e-148 8.40525e-150 3.36014e-151 1.341e-152 5.34295e-154 2.12532e-155 8.44058e-157 3.34685e-158 1.32504e-159 5.23796e-161 2.0675e-162 8.14877e-164
2.51683e-36 1.05593e-36 2.47103e-37 4.23705e-38 5.92385e-39 7.14267e-40 7.68477e-41 7.54646e-42 6.87284e-43 5.87397e-44 4.75384e-45 3.66898e-46 2.71579e-47 1.93692e-48 1.33618e-49 8.94443e-51 5.82605e-52 3.70128e-53 2.29813e-54 1.39707e-55 8.32844e-57 4.87543e-58 2.8061e-59 1.5897e-60 8.87316e-62 4.88408e-63 2.65327e-64 1.42362e-65 7.54939e-67 3.95918e-68 2.05456e-69 1.05555e-70 5.3715e-72 2.7087e-73 1.35411e-74 6.71341e-76 3.30204e-77 1.61182e-78 7.81052e-80 3.75838e-81 1.79638e-82 8.53065e-84 4.02586e-85 1.88854e-86 8.80804e-88 4.08512e-89 1.88446e-90 8.64774e-92 3.94847e-93 1.79405e-94 8.11316e-96 3.65222e-97 1.6368e-98 7.30412e-100 3.24583e-101 1.43655e-102 6.33298e-104 2.7812e-105 1.21686e-106 5.3049e-108 2.30454e-109 9.97703e-111 4.30495e-112 1.8515e-113 7.93779e-115 3.39261e-116 1.44563e-117 6.14192e-119 2.60198e-120 1.09922e-121 4.63102e-123 1.94584e-124 8.15456e-126 3.40867e-127 1.42129e-128 5.9118e-130 2.45312e-131 1.01555e-132 4.19456e-134 1.72862e-135 7.10815e-137 2.91662e-138 1.19423e-139 4.87975e-141 1.98988e-142 8.09832e-144 3.2894e-145 1.33355e-146 5.39617e-148 2.17954e-149 8.78738e-151 3.53659e-152 1.42087e-153 5.69876e-155 2.28181e-156 9.12139e-158 3.64032e-159 1.45053e-160 5.77078e-162 2.29231e-163 9.09195e-165
8.29429e-38 3.61346e-38 8.74791e-39 1.54743e-39 2.22694e-40 2.75889e-41 3.04517e-42 3.06384e-43 2.85568e-44 2.4953e-45 2.06285e-46 1.625e-47 1.22682e-48 8.91839e-50 6.26709e-51 4.27115e-52 2.83096e-53 1.82925e-54 1.1547e-55 7.13349e-57 4.31986e-58 2.56794e-59 1.50034e-60 8.62536e-62 4.88408e-63 2.72648e-64 1.50175e-65 8.16751e-67 4.38915e-68 2.33207e-69 1.22581e-70 6.37759e-72 3.2859e-73 1.67731e-74 8.48625e-76 4.25728e-77 2.11846e-78 1.04599e-79 5.12619e-81 2.49429e-82 1.20534e-83 5.78616e-85 2.75995e-86 1.30841e-87 6.16608e-89 2.88929e-90 1.34639e-91 6.2407e-93 2.87774e-94 1.32038e-95 6.02901e-97 2.74003e-98 1.23963e-99 5.58355e-101 2.50422e-102 1.11848e-103 4.97546e-105 2.20462e-106 9.73146e-108 4.27967e-109 1.87531e-110 8.18862e-112 3.56336e-113 1.54547e-114 6.6811e-116 2.87911e-117 1.23687e-118 5.29761e-120 2.26233e-121 9.63346e-123 4.09061e-124 1.73221e-125 7.31557e-127 3.08146e-128 1.29464e-129 5.42568e-131 2.26825e-132 9.45987e-134 3.93602e-135 1.63391e-136 6.76739e-138 2.79674e-139 1.1533e-140 4.74584e-142 1.94885e-143 7.98653e-145 3.26639e-146 1.33329e-147 5.43184e-149 2.20876e-150 8.96483e-152 3.632e-153 1.46883e-154 5.92976e-156 2.38975e-157 9.61459e-159 3.86177e-160 1.54857e-161 6.1998e-163 2.4782e-164 9.89057e-166
2.73341e-39 1.23486e-39 3.08923e-40 5.63198e-41 8.33584e-42 1.06027e-42 1.19979e-43 1.23602e-44 1.17833e-45 1.0521e-46 8.88002e-48 7.13638e-49 5.49262e-50 4.06805e-51 2.91082e-52 2.01889e-53 1.36115e-54 8.94229e-56 5.73668e-57 3.60031e-58 2.21406e-59 1.33608e-60 7.92178e-62 4.62016e-63 2.65327e-64 1.50175e-65 8.38433e-67 4.62093e-68 2.51583e-69 1.35395e-70 7.20691e-72 3.79624e-73 1.97985e-74 1.02279e-75 5.23606e-77 2.6574e-78 1.33753e-79 6.6788e-81 3.30963e-82 1.62809e-83 7.95279e-85 3.8585e-86 1.85988e-87 8.90885e-89 4.24155e-90 2.00764e-91 9.44918e-93 4.42312e-94 2.05953e-95 9.54088e-97 4.39802e-98 2.01763e-99 9.2131e-101 4.18803e-102 1.89545e-103 8.54215e-105 3.83378e-106 1.71373e-107 7.63067e-109 3.38479e-110 1.49587e-111 6.58709e-113 2.89048e-114 1.26404e-115 5.5094e-117 2.39352e-118 1.03656e-119 4.47513e-121 1.92622e-122 8.2666e-124 3.5375e-125 1.50954e-126 6.42385e-128 2.72634e-129 1.15404e-130 4.87244e-132 2.052e-133 8.6206e-135 3.61286e-136 1.51056e-137 6.30114e-139 2.62251e-140 1.08905e-141 4.51269e-143 1.86593e-144 7.69919e-146 3.17032e-147 1.30283e-148 5.34334e-150 2.18724e-151 8.93617e-153 3.64415e-154 1.48335e-155 6.02708e-157 2.44457e-158 9.89786e-160 4.00072e-161 1.61438e-162 6.50361e-164 2.61577e-165 1.05039e-166
9.00804e-41 4.21461e-41 1.0884e-41 2.04321e-42 3.10775e-43 4.0555e-44 4.70176e-45 4.9567e-46 4.83045e-47 4.40492e-48 3.79396e-49 3.1091e-50 2.43851e-51 1.8393e-52 1.33956e-53 9.45175e-55 6.47965e-56 4.32663e-57 2.81991e-58 1.7973e-59 1.12206e-60 6.87163e-62 4.13341e-63 2.44494e-64 1.42362e-65 8.16751e-67 4.62093e-68 2.58018e-69 1.42285e-70 7.75423e-72 4.17876e-73 2.22805e-74 1.17596e-75 6.14682e-77 3.1834e-78 1.63414e-79 8.31785e-81 4.19958e-82 2.10387e-83 1.04613e-84 5.16448e-86 2.53201e-87 1.23313e-88 5.96715e-90 2.86968e-91 1.37184e-92 6.5203e-94 3.08181e-95 1.44877e-96 6.77523e-98 3.15246e-99 1.45964e-100 6.72629e-102 3.08533e-103 1.40891e-104 6.40583e-106 2.90023e-107 1.30769e-108 5.87277e-110 2.6272e-111 1.17084e-112 5.19883e-114 2.30014e-115 1.0141e-116 4.45585e-118 1.95134e-119 8.51782e-121 3.70636e-122 1.60777e-123 6.9533e-125 2.99831e-126 1.28917e-127 5.52739e-129 2.36339e-130 1.00781e-131 4.28626e-133 1.81827e-134 7.69384e-136 3.24753e-137 1.36746e-138 5.74438e-140 2.40749e-141 1.00669e-142 4.20011e-144 1.74853e-145 7.26366e-147 3.01109e-148 1.24565e-149 5.14264e-151 2.11892e-152 8.71353e-154 3.57637e-155 1.46512e-156 5.99102e-158 2.44535e-159 9.96334e-161 4.05236e-162 1.64537e-163 6.66933e-165 2.69885e-166 1.09034e-167
2.96863e-42 1.43676e-42 3.82634e-43 7.39014e-44 1.15427e-44 1.54435e-45 1.83326e-46 1.97661e-47 1.96809e-48 1.83205e-49 1.6095e-50 1.34439e-51 1.07404e-52 8.24715e-54 6.11123e-55 4.3851e-56 3.05574e-57 2.07313e-58 1.3723e-59 8.87987e-61 5.62631e-62 3.49576e-63 2.1327e-64 1.27909e-65 7.54939e-67 4.38915e-68 2.51583e-69 1.42285e-70 7.94555e-72 4.38393e-73 2.39134e-74 1.29033e-75 6.89069e-77 3.64365e-78 1.9086e-79 9.90778e-81 5.09902e-82 2.60257e-83 1.31786e-84 6.6225e-86 3.30362e-87 1.63641e-88 8.05089e-90 3.93504e-91 1.91122e-92 9.22616e-94 4.42764e-95 2.11275e-96 1.00261e-97 4.73255e-99 2.22236e-100 1.03839e-101 4.82831e-103 2.23452e-104 1.0294e-105 4.72125e-107 2.15603e-108 9.80455e-110 4.44047e-111 2.00311e-112 9.00123e-114 4.02961e-115 1.79735e-116 7.98816e-118 3.53792e-119 1.56161e-120 6.87002e-122 3.01256e-123 1.31687e-124 5.73861e-126 2.49322e-127 1.08003e-128 4.66509e-130 2.00937e-131 8.63104e-133 3.6974e-134 1.57973e-135 6.73205e-137 2.86164e-138 1.2134e-139 5.13267e-141 2.16595e-142 9.11889e-144 3.83039e-145 1.60536e-146 6.71347e-148 2.80148e-149 1.16656e-150 4.84763e-152 2.01032e-153 8.32021e-155 3.43677e-156 1.41687e-157 5.83026e-159 2.39462e-160 9.81733e-162 4.01763e-163 1.64127e-164 6.69323e-166 2.7249e-167 1.10748e-168
9.7832e-44 4.89246e-44 1.34244e-44 2.66541e-45 4.27203e-46 5.85647e-47 7.11415e-48 7.84062e-49 7.97237e-50 7.57221e-51 6.78245e-52 5.77204e-53 4.69533e-54 3.66892e-55 2.76519e-56 2.0171e-57 1.42831e-58 9.84252e-60 6.61507e-61 4.3445e-62 2.79289e-63 1.76007e-64 1.08879e-65 6.61931e-67 3.95918e-68 2.33207e-69 1.35395e-70 7.75423e-72 4.38393e-73 2.44834e-74 1.35153e-75 7.37864e-77 3.9861e-78 2.13183e-79 1.12924e-80 5.92691e-82 3.08354e-83 1.59078e-84 8.14053e-86 4.13352e-87 2.08325e-88 1.04241e-89 5.17993e-91 2.55688e-92 1.254e-93 6.11198e-95 2.96112e-96 1.42628e-97 6.83147e-99 3.2543e-100 1.5421e-101 7.2702e-103 3.41058e-104 1.59229e-105 7.39924e-107 3.42281e-108 1.5764e-109 7.22914e-111 3.3014e-112 1.50158e-113 6.80274e-115 3.07008e-116 1.38035e-117 6.18361e-119 2.76025e-120 1.22786e-121 5.44345e-123 2.40528e-124 1.05938e-125 4.65127e-127 2.03588e-128 8.88432e-130 3.86561e-131 1.67711e-132 7.25573e-134 3.13044e-135 1.34697e-136 5.78046e-138 2.47426e-139 1.0564e-140 4.4992e-142 1.91155e-143 8.10218e-145 3.42613e-146 1.44548e-147 6.08475e-149 2.55575e-150 1.07116e-151 4.4799e-153 1.86973e-154 7.78756e-156 3.23707e-157 1.34291e-158 5.56032e-160 2.29787e-161 9.47854e-163 3.90264e-164 1.60395e-165 6.58039e-167 2.69498e-168 1.10182e-169
3.22408e-45 1.66426e-45 4.7009e-46 9.5878e-47 1.57584e-47 2.21215e-48 2.74836e-49 3.09465e-50 3.21185e-51 3.11129e-52 2.8401e-53 2.46159e-54 2.03812e-55 1.62008e-56 1.24148e-57 9.20349e-59 6.62016e-60 4.63232e-61 3.16015e-62 2.10591e-63 1.3732e-64 8.77516e-66 5.50281e-67 3.39038e-68 2.05456e-69 1.22581e-70 7.20691e-72 4.17876e-73 2.39134e-74 1.35153e-75 7.5487e-77 4.16897e-78 2.27786e-79 1.23192e-80 6.59766e-82 3.50055e-83 1.84074e-84 9.59666e-86 4.96214e-87 2.54553e-88 1.29593e-89 6.54943e-91 3.2867e-92 1.63817e-93 8.11164e-95 3.99121e-96 1.95182e-97 9.48861e-99 4.58645e-100 2.20466e-101 1.05407e-102 5.01346e-104 2.37252e-105 1.11726e-106 5.23635e-108 2.44284e-109 1.13452e-110 5.24599e-112 2.41545e-113 1.10757e-114 5.05822e-116 2.30101e-117 1.04275e-118 4.70787e-120 2.11782e-121 9.49327e-123 4.24073e-124 1.88799e-125 8.37773e-127 3.70557e-128 1.63387e-129 7.18199e-131 3.14751e-132 1.37535e-133 5.9925e-135 2.60365e-136 1.12813e-137 4.87492e-139 2.10101e-140 9.03162e-142 3.8726e-143 1.65639e-144 7.06747e-146 3.00836e-147 1.27755e-148 5.41293e-150 2.28827e-151 9.65213e-153 4.06254e-154 1.70627e-155 7.15139e-157 2.99118e-158 1.24859e-159 5.20158e-161 2.16276e-162 8.97532e-164 3.71771e-165 1.53709e-166 6.3436e-168 2.61334e-169 1.07472e-170
1.06251e-46 5.65577e-47 1.64318e-47 3.44021e-48 5.79465e-49 8.32495e-50 1.05726e-50 1.21568e-51 1.28729e-52 1.27124e-53 1.18216e-54 1.04313e-55 8.78764e-57 7.10345e-58 5.53281e-59 4.16712e-60 3.044e-61 2.1622e-62 1.49681e-63 1.01183e-64 6.69074e-66 4.33442e-67 2.75469e-68 1.7196e-69 1.05555e-70 6.37759e-72 3.79624e-73 2.22805e-74 1.29033e-75 7.37864e-77 4.16897e-78 2.32868e-79 1.28664e-80 7.03529e-82 3.80881e-83 2.04251e-84 1.08539e-85 5.71754e-87 2.98671e-88 1.54767e-89 7.95786e-91 4.06141e-92 2.05796e-93 1.03559e-94 5.17652e-96 2.57089e-97 1.26888e-98 6.22496e-100 3.03612e-101 1.47247e-102 7.10226e-104 3.40755e-105 1.62649e-106 7.72486e-108 3.6511e-109 1.71755e-110 8.04279e-112 3.74947e-113 1.74041e-114 8.04453e-116 3.70312e-117 1.69784e-118 7.75418e-120 3.52796e-121 1.5992e-122 7.22292e-124 3.25081e-125 1.45806e-126 6.51776e-128 2.90399e-129 1.28973e-130 5.71006e-132 2.52029e-133 1.10907e-134 4.86621e-136 2.12901e-137 9.28844e-139 4.04123e-140 1.75354e-141 7.58873e-143 3.27568e-144 1.41037e-145 6.05737e-147 2.59525e-148 1.10927e-149 4.73017e-151 2.01242e-152 8.54241e-154 3.61811e-155 1.52911e-156 6.44866e-158 2.71388e-159 1.13977e-160 4.77712e-162 1.99826e-163 8.3424e-165 3.47613e-166 1.44571e-167 6.00154e-169 2.48686e-170 1.02863e-171
