0.835408 0.000259308 0.000248503 0.000238149 0.000228226 0.000218717 0.000209603 0.00020087 0.0001925 0.000184479 0.000176793 0.000169426 0.000162367 0.000155602 0.000149118 0.000142905 0.000136951 0.000131244 0.000125776 0.000120535 0.000115513 0.0001107 0.000106087 0.000101667 9.7431e-05 9.33713e-05 8.94809e-05 8.57525e-05 8.21795e-05 7.87553e-05 7.54739e-05 7.23291e-05 6.93154e-05 6.64273e-05 6.36595e-05 6.1007e-05 5.8465e-05 5.6029e-05 5.36944e-05 5.14572e-05 4.93131e-05 4.72584e-05 4.52893e-05 4.34023e-05 4.15938e-05 3.98608e-05 3.81999e-05 3.66082e-05 3.50829e-05 3.36211e-05 3.22202e-05 3.08777e-05 2.95911e-05 2.83582e-05 2.71766e-05 2.60442e-05 2.4959e-05 2.39191e-05 2.29225e-05 2.19674e-05 2.1052e-05 2.01749e-05 1.93343e-05 1.85287e-05 1.77566e-05 1.70168e-05 1.63077e-05 1.56283e-05 1.49771e-05 1.4353e-05 1.3755e-05 1.31819e-05 1.26326e-05 1.21063e-05 1.16018e-05 1.11184e-05 1.06552e-05 1.02112e-05 9.78573e-06 9.37799e-06 8.98724e-06 8.61277e-06 8.2539e-06 7.90999e-06 7.58041e-06 7.26456e-06 6.96187e-06 6.67179e-06 6.3938e-06 6.12739e-06 5.87208e-06 5.62741e-06 5.39294e-06 5.16823e-06 4.95289e-06 4.74652e-06 4.54875e-06 4.35922e-06 4.17758e-06 4.00352e-06 3.8367e-06
0.000259308 3.52977e-05 3.41875e-05 3.31085e-05 3.20601e-05 3.10416e-05 3.00523e-05 2.90916e-05 2.81587e-05 2.72531e-05 2.6374e-05 2.55209e-05 2.46931e-05 2.389e-05 2.31109e-05 2.23553e-05 2.16225e-05 2.0912e-05 2.02231e-05 1.95554e-05 1.89081e-05 1.82809e-05 1.76731e-05 1.70842e-05 1.65137e-05 1.59611e-05 1.54259e-05 1.49076e-05 1.44057e-05 1.39197e-05 1.34492e-05 1.29937e-05 1.25529e-05 1.21262e-05 1.17133e-05 1.13138e-05 1.09272e-05 1.05532e-05 1.01914e-05 9.84139e-06 9.50288e-06 9.17549e-06 8.85888e-06 8.55273e-06 8.25671e-06 7.97051e-06 7.69383e-06 7.42637e-06 7.16783e-06 6.91795e-06 6.67645e-06 6.44306e-06 6.21753e-06 5.99961e-06 5.78906e-06 5.58563e-06 5.38911e-06 5.19926e-06 5.01588e-06 4.83876e-06 4.66769e-06 4.50247e-06 4.34292e-06 4.18884e-06 4.04007e-06 3.89642e-06 3.75773e-06 3.62383e-06 3.49457e-06 3.36979e-06 3.24933e-06 3.13307e-06 3.02085e-06 2.91255e-06 2.80802e-06 2.70715e-06 2.60981e-06 2.51589e-06 2.42525e-06 2.33781e-06 2.25344e-06 2.17204e-06 2.09351e-06 2.01776e-06 1.94468e-06 1.8742e-06 1.8062e-06 1.74063e-06 1.67738e-06 1.61637e-06 1.55755e-06 1.50081e-06 1.4461e-06 1.39335e-06 1.34248e-06 1.29343e-06 1.24613e-06 1.20053e-06 1.15657e-06 1.11419e-06 1.07333e-06
0.000248503 3.41875e-05 3.31576e-05 3.21547e-05 3.11783e-05 3.02279e-05 2.93029e-05 2.84031e-05 2.75277e-05 2.66763e-05 2.58485e-05 2.50437e-05 2.42615e-05 2.35013e-05 2.27626e-05 2.2045e-05 2.13479e-05 2.0671e-05 2.00136e-05 1.93754e-05 1.87559e-05 1.81546e-05 1.75711e-05 1.70049e-05 1.64556e-05 1.59227e-05 1.54059e-05 1.49046e-05 1.44186e-05 1.39473e-05 1.34905e-05 1.30477e-05 1.26184e-05 1.22025e-05 1.17994e-05 1.14089e-05 1.10305e-05 1.0664e-05 1.0309e-05 9.96519e-06 9.63222e-06 9.30979e-06 8.99761e-06 8.69537e-06 8.40279e-06 8.11957e-06 7.84545e-06 7.58015e-06 7.32342e-06 7.07499e-06 6.83461e-06 6.60205e-06 6.37707e-06 6.15943e-06 5.94891e-06 5.7453e-06 5.54838e-06 5.35795e-06 5.1738e-06 4.99574e-06 4.82358e-06 4.65714e-06 4.49624e-06 4.34069e-06 4.19034e-06 4.04502e-06 3.90457e-06 3.76883e-06 3.63766e-06 3.51091e-06 3.38843e-06 3.27009e-06 3.15576e-06 3.0453e-06 2.93859e-06 2.83551e-06 2.73594e-06 2.63977e-06 2.54689e-06 2.45718e-06 2.37054e-06 2.28688e-06 2.20609e-06 2.12807e-06 2.05275e-06 1.98002e-06 1.90981e-06 1.84202e-06 1.77658e-06 1.7134e-06 1.65242e-06 1.59356e-06 1.53675e-06 1.48192e-06 1.42899e-06 1.37792e-06 1.32863e-06 1.28106e-06 1.23516e-06 1.19087e-06 1.14813e-06
0.000238149 3.31085e-05 3.21547e-05 3.12239e-05 3.03158e-05 2.94302e-05 2.85666e-05 2.77247e-05 2.69043e-05 2.61049e-05 2.53261e-05 2.45677e-05 2.38292e-05 2.31103e-05 2.24106e-05 2.17296e-05 2.10672e-05 2.04227e-05 1.9796e-05 1.91865e-05 1.8594e-05 1.8018e-05 1.74582e-05 1.69142e-05 1.63857e-05 1.58723e-05 1.53735e-05 1.48892e-05 1.44189e-05 1.39623e-05 1.3519e-05 1.30888e-05 1.26713e-05 1.22661e-05 1.18729e-05 1.14915e-05 1.11215e-05 1.07627e-05 1.04147e-05 1.00772e-05 9.75e-06 9.43278e-06 9.12526e-06 8.82719e-06 8.53829e-06 8.25833e-06 7.98704e-06 7.72418e-06 7.46952e-06 7.22282e-06 6.98386e-06 6.7524e-06 6.52825e-06 6.31117e-06 6.10098e-06 5.89746e-06 5.70042e-06 5.50966e-06 5.32501e-06 5.14629e-06 4.9733e-06 4.80589e-06 4.64388e-06 4.48711e-06 4.33542e-06 4.18866e-06 4.04668e-06 3.90933e-06 3.77646e-06 3.64795e-06 3.52365e-06 3.40344e-06 3.28718e-06 3.17476e-06 3.06605e-06 2.96094e-06 2.85931e-06 2.76106e-06 2.66608e-06 2.57426e-06 2.48551e-06 2.39972e-06 2.3168e-06 2.23667e-06 2.15922e-06 2.08438e-06 2.01205e-06 1.94217e-06 1.87465e-06 1.8094e-06 1.74637e-06 1.68548e-06 1.62665e-06 1.56982e-06 1.51493e-06 1.46191e-06 1.4107e-06 1.36123e-06 1.31346e-06 1.26733e-06 1.22277e-06
0.000228226 3.20601e-05 3.11783e-05 3.03158e-05 2.94726e-05 2.86485e-05 2.78433e-05 2.70568e-05 2.62888e-05 2.5539e-05 2.48073e-05 2.40933e-05 2.33969e-05 2.27177e-05 2.20555e-05 2.141e-05 2.07809e-05 2.0168e-05 1.95709e-05 1.89894e-05 1.84231e-05 1.78718e-05 1.73352e-05 1.6813e-05 1.63048e-05 1.58105e-05 1.53296e-05 1.4862e-05 1.44073e-05 1.39652e-05 1.35355e-05 1.31178e-05 1.27119e-05 1.23175e-05 1.19344e-05 1.15622e-05 1.12007e-05 1.08497e-05 1.05088e-05 1.01779e-05 9.85664e-06 9.54481e-06 9.24218e-06 8.9485e-06 8.66354e-06 8.38707e-06 8.11886e-06 7.8587e-06 7.60638e-06 7.36167e-06 7.12438e-06 6.8943e-06 6.67124e-06 6.45499e-06 6.24538e-06 6.04221e-06 5.84531e-06 5.6545e-06 5.46961e-06 5.29046e-06 5.1169e-06 4.94875e-06 4.78588e-06 4.62812e-06 4.47533e-06 4.32736e-06 4.18406e-06 4.04531e-06 3.91096e-06 3.78089e-06 3.65497e-06 3.53308e-06 3.41509e-06 3.30088e-06 3.19035e-06 3.08338e-06 2.97987e-06 2.8797e-06 2.78277e-06 2.689e-06 2.59827e-06 2.5105e-06 2.42559e-06 2.34346e-06 2.26402e-06 2.18718e-06 2.11287e-06 2.041e-06 1.9715e-06 1.90429e-06 1.83931e-06 1.77647e-06 1.71572e-06 1.65699e-06 1.60021e-06 1.54532e-06 1.49226e-06 1.44097e-06 1.3914e-06 1.34348e-06 1.29718e-06
0.000218717 3.10416e-05 3.02279e-05 2.94302e-05 2.86485e-05 2.78829e-05 2.71332e-05 2.63994e-05 2.56815e-05 2.49792e-05 2.42924e-05 2.36211e-05 2.2965e-05 2.2324e-05 2.16979e-05 2.10866e-05 2.04898e-05 1.99074e-05 1.9339e-05 1.87846e-05 1.82439e-05 1.77167e-05 1.72027e-05 1.67018e-05 1.62137e-05 1.57381e-05 1.52748e-05 1.48236e-05 1.43843e-05 1.39566e-05 1.35403e-05 1.31352e-05 1.27409e-05 1.23574e-05 1.19843e-05 1.16214e-05 1.12685e-05 1.09254e-05 1.05919e-05 1.02676e-05 9.9525e-06 9.64627e-06 9.34872e-06 9.05964e-06 8.77882e-06 8.50607e-06 8.24119e-06 7.98397e-06 7.73422e-06 7.49175e-06 7.25638e-06 7.02793e-06 6.80621e-06 6.59104e-06 6.38226e-06 6.1797e-06 5.98318e-06 5.79256e-06 5.60766e-06 5.42833e-06 5.25443e-06 5.08579e-06 4.92228e-06 4.76376e-06 4.61008e-06 4.46111e-06 4.31672e-06 4.17677e-06 4.04115e-06 3.90972e-06 3.78237e-06 3.65899e-06 3.53944e-06 3.42364e-06 3.31145e-06 3.20279e-06 3.09755e-06 2.99562e-06 2.89691e-06 2.80132e-06 2.70876e-06 2.61915e-06 2.53238e-06 2.44839e-06 2.36707e-06 2.28836e-06 2.21217e-06 2.13843e-06 2.06706e-06 1.99799e-06 1.93115e-06 1.86647e-06 1.80389e-06 1.74334e-06 1.68475e-06 1.62807e-06 1.57324e-06 1.5202e-06 1.46889e-06 1.41926e-06 1.37126e-06
0.000209603 3.00523e-05 2.93029e-05 2.85666e-05 2.78433e-05 2.71332e-05 2.64364e-05 2.57528e-05 2.50826e-05 2.44256e-05 2.37819e-05 2.31514e-05 2.25341e-05 2.19298e-05 2.13385e-05 2.07602e-05 2.01945e-05 1.96416e-05 1.91011e-05 1.8573e-05 1.80572e-05 1.75534e-05 1.70615e-05 1.65814e-05 1.61128e-05 1.56557e-05 1.52097e-05 1.47748e-05 1.43507e-05 1.39372e-05 1.35343e-05 1.31416e-05 1.27589e-05 1.23862e-05 1.20232e-05 1.16697e-05 1.13255e-05 1.09904e-05 1.06642e-05 1.03468e-05 1.0038e-05 9.7375e-06 9.44521e-06 9.16093e-06 8.88446e-06 8.61564e-06 8.35428e-06 8.10022e-06 7.85327e-06 7.61327e-06 7.38006e-06 7.15346e-06 6.93331e-06 6.71947e-06 6.51176e-06 6.31003e-06 6.11414e-06 5.92393e-06 5.73926e-06 5.55998e-06 5.38596e-06 5.21705e-06 5.05313e-06 4.89406e-06 4.73971e-06 4.58995e-06 4.44466e-06 4.30372e-06 4.16702e-06 4.03443e-06 3.90584e-06 3.78114e-06 3.66022e-06 3.54298e-06 3.42932e-06 3.31913e-06 3.21231e-06 3.10878e-06 3.00843e-06 2.91118e-06 2.81693e-06 2.72561e-06 2.63711e-06 2.55138e-06 2.46831e-06 2.38784e-06 2.30989e-06 2.23439e-06 2.16125e-06 2.09042e-06 2.02183e-06 1.9554e-06 1.89107e-06 1.82879e-06 1.76848e-06 1.71009e-06 1.65356e-06 1.59884e-06 1.54587e-06 1.49459e-06 1.44496e-06
0.00020087 2.90916e-05 2.84031e-05 2.77247e-05 2.70568e-05 2.63994e-05 2.57528e-05 2.51171e-05 2.44924e-05 2.38787e-05 2.32762e-05 2.26848e-05 2.21046e-05 2.15356e-05 2.09778e-05 2.04312e-05 1.98957e-05 1.93712e-05 1.88578e-05 1.83552e-05 1.78635e-05 1.73826e-05 1.69122e-05 1.64524e-05 1.6003e-05 1.55639e-05 1.51349e-05 1.4716e-05 1.43069e-05 1.39075e-05 1.35178e-05 1.31374e-05 1.27664e-05 1.24045e-05 1.20515e-05 1.17074e-05 1.13719e-05 1.1045e-05 1.07263e-05 1.04159e-05 1.01134e-05 9.81887e-06 9.532e-06 9.25268e-06 8.98074e-06 8.71604e-06 8.45841e-06 8.2077e-06 7.96377e-06 7.72645e-06 7.4956e-06 7.27108e-06 7.05274e-06 6.84042e-06 6.63401e-06 6.43334e-06 6.23829e-06 6.04872e-06 5.86449e-06 5.68549e-06 5.51156e-06 5.3426e-06 5.17847e-06 5.01906e-06 4.86424e-06 4.71389e-06 4.56791e-06 4.42617e-06 4.28857e-06 4.155e-06 4.02535e-06 3.89951e-06 3.7774e-06 3.65889e-06 3.54391e-06 3.43235e-06 3.32412e-06 3.21913e-06 3.11729e-06 3.01852e-06 2.92272e-06 2.82982e-06 2.73973e-06 2.65238e-06 2.56768e-06 2.48557e-06 2.40597e-06 2.32881e-06 2.25402e-06 2.18152e-06 2.11127e-06 2.04318e-06 1.9772e-06 1.91327e-06 1.85132e-06 1.7913e-06 1.73316e-06 1.67683e-06 1.62226e-06 1.5694e-06 1.51821e-06
0.0001925 2.81587e-05 2.75277e-05 2.69043e-05 2.62888e-05 2.56815e-05 2.50826e-05 2.44924e-05 2.3911e-05 2.33387e-05 2.27755e-05 2.22216e-05 2.1677e-05 2.11419e-05 2.06163e-05 2.01003e-05 1.95938e-05 1.90969e-05 1.86096e-05 1.81318e-05 1.76635e-05 1.72048e-05 1.67554e-05 1.63155e-05 1.58848e-05 1.54634e-05 1.50511e-05 1.46478e-05 1.42536e-05 1.38681e-05 1.34914e-05 1.31234e-05 1.27638e-05 1.24127e-05 1.20698e-05 1.17351e-05 1.14084e-05 1.10896e-05 1.07786e-05 1.04752e-05 1.01793e-05 9.89072e-06 9.60942e-06 9.33521e-06 9.06797e-06 8.80755e-06 8.55383e-06 8.30667e-06 8.06594e-06 7.8315e-06 7.60322e-06 7.38098e-06 7.16464e-06 6.95407e-06 6.74916e-06 6.54976e-06 6.35576e-06 6.16704e-06 5.98347e-06 5.80493e-06 5.63131e-06 5.4625e-06 5.29836e-06 5.13881e-06 4.98371e-06 4.83297e-06 4.68648e-06 4.54413e-06 4.40581e-06 4.27144e-06 4.1409e-06 4.01411e-06 3.89095e-06 3.77135e-06 3.65521e-06 3.54244e-06 3.43294e-06 3.32664e-06 3.22345e-06 3.12329e-06 3.02608e-06 2.93173e-06 2.84017e-06 2.75132e-06 2.66512e-06 2.58148e-06 2.50034e-06 2.42163e-06 2.34528e-06 2.27123e-06 2.19941e-06 2.12976e-06 2.06221e-06 1.99672e-06 1.93321e-06 1.87164e-06 1.81195e-06 1.75409e-06 1.69799e-06 1.64362e-06 1.59093e-06
0.000184479 2.72531e-05 2.66763e-05 2.61049e-05 2.5539e-05 2.49792e-05 2.44256e-05 2.38787e-05 2.33387e-05 2.28057e-05 2.22802e-05 2.17621e-05 2.12517e-05 2.07491e-05 2.02545e-05 1.97679e-05 1.92894e-05 1.88191e-05 1.83571e-05 1.79033e-05 1.74578e-05 1.70206e-05 1.65917e-05 1.61711e-05 1.57588e-05 1.53547e-05 1.49587e-05 1.45709e-05 1.41912e-05 1.38195e-05 1.34557e-05 1.30998e-05 1.27517e-05 1.24113e-05 1.20785e-05 1.17532e-05 1.14353e-05 1.11247e-05 1.08213e-05 1.05251e-05 1.02358e-05 9.9534e-06 9.67779e-06 9.40883e-06 9.14643e-06 8.89046e-06 8.64081e-06 8.39737e-06 8.16001e-06 7.92863e-06 7.70312e-06 7.48334e-06 7.2692e-06 7.06057e-06 6.85735e-06 6.65942e-06 6.46667e-06 6.27899e-06 6.09627e-06 5.91841e-06 5.74529e-06 5.57681e-06 5.41287e-06 5.25335e-06 5.09817e-06 4.94722e-06 4.8004e-06 4.65761e-06 4.51876e-06 4.38376e-06 4.2525e-06 4.12491e-06 4.00088e-06 3.88034e-06 3.76319e-06 3.64935e-06 3.53874e-06 3.43128e-06 3.32688e-06 3.22546e-06 3.12696e-06 3.03129e-06 2.93839e-06 2.84817e-06 2.76057e-06 2.67552e-06 2.59295e-06 2.5128e-06 2.43499e-06 2.35948e-06 2.28619e-06 2.21506e-06 2.14604e-06 2.07907e-06 2.01409e-06 1.95104e-06 1.88988e-06 1.83056e-06 1.77301e-06 1.71719e-06 1.66306e-06
0.000176793 2.6374e-05 2.58485e-05 2.53261e-05 2.48073e-05 2.42924e-05 2.37819e-05 2.32762e-05 2.27755e-05 2.22802e-05 2.17905e-05 2.13067e-05 2.0829e-05 2.03576e-05 1.98928e-05 1.94345e-05 1.8983e-05 1.85384e-05 1.81008e-05 1.76703e-05 1.72469e-05 1.68306e-05 1.64217e-05 1.60199e-05 1.56255e-05 1.52383e-05 1.48584e-05 1.44858e-05 1.41204e-05 1.37622e-05 1.34112e-05 1.30674e-05 1.27306e-05 1.24008e-05 1.2078e-05 1.17621e-05 1.1453e-05 1.11507e-05 1.0855e-05 1.05659e-05 1.02834e-05 1.00072e-05 9.73742e-06 9.47384e-06 9.21641e-06 8.96503e-06 8.7196e-06 8.48003e-06 8.24622e-06 8.01807e-06 7.79548e-06 7.57835e-06 7.36658e-06 7.16008e-06 6.95874e-06 6.76246e-06 6.57114e-06 6.3847e-06 6.20302e-06 6.02601e-06 5.85357e-06 5.68561e-06 5.52204e-06 5.36275e-06 5.20766e-06 5.05667e-06 4.9097e-06 4.76665e-06 4.62743e-06 4.49196e-06 4.36015e-06 4.23192e-06 4.10717e-06 3.98584e-06 3.86784e-06 3.75308e-06 3.64149e-06 3.533e-06 3.42753e-06 3.325e-06 3.22534e-06 3.12848e-06 3.03434e-06 2.94287e-06 2.85399e-06 2.76764e-06 2.68374e-06 2.60225e-06 2.52309e-06 2.44621e-06 2.37154e-06 2.29903e-06 2.22862e-06 2.16026e-06 2.09388e-06 2.02945e-06 1.9669e-06 1.90618e-06 1.84724e-06 1.79005e-06 1.73454e-06
0.000169426 2.55209e-05 2.50437e-05 2.45677e-05 2.40933e-05 2.36211e-05 2.31514e-05 2.26848e-05 2.22216e-05 2.17621e-05 2.13067e-05 2.08557e-05 2.04093e-05 1.99679e-05 1.95316e-05 1.91006e-05 1.86751e-05 1.82553e-05 1.78413e-05 1.74333e-05 1.70313e-05 1.66354e-05 1.62458e-05 1.58624e-05 1.54854e-05 1.51148e-05 1.47507e-05 1.43929e-05 1.40416e-05 1.36968e-05 1.33583e-05 1.30264e-05 1.27008e-05 1.23816e-05 1.20688e-05 1.17622e-05 1.1462e-05 1.11679e-05 1.088e-05 1.05982e-05 1.03224e-05 1.00526e-05 9.78864e-06 9.53054e-06 9.2782e-06 9.03153e-06 8.79046e-06 8.5549e-06 8.32478e-06 8.10001e-06 7.88051e-06 7.66619e-06 7.45697e-06 7.25275e-06 7.05346e-06 6.85901e-06 6.66931e-06 6.48427e-06 6.3038e-06 6.12782e-06 5.95625e-06 5.78898e-06 5.62595e-06 5.46706e-06 5.31223e-06 5.16138e-06 5.01442e-06 4.87127e-06 4.73184e-06 4.59607e-06 4.46386e-06 4.33514e-06 4.20983e-06 4.08786e-06 3.96914e-06 3.85361e-06 3.74118e-06 3.6318e-06 3.52538e-06 3.42186e-06 3.32117e-06 3.22323e-06 3.12799e-06 3.03538e-06 2.94533e-06 2.85778e-06 2.77267e-06 2.68994e-06 2.60953e-06 2.53138e-06 2.45543e-06 2.38162e-06 2.30991e-06 2.24024e-06 2.17255e-06 2.10679e-06 2.04292e-06 1.98089e-06 1.92064e-06 1.86213e-06 1.80531e-06
0.000162367 2.46931e-05 2.42615e-05 2.38292e-05 2.33969e-05 2.2965e-05 2.25341e-05 2.21046e-05 2.1677e-05 2.12517e-05 2.0829e-05 2.04093e-05 1.9993e-05 1.95802e-05 1.91713e-05 1.87665e-05 1.83661e-05 1.79702e-05 1.7579e-05 1.71928e-05 1.68115e-05 1.64354e-05 1.60646e-05 1.56992e-05 1.53392e-05 1.49848e-05 1.4636e-05 1.42928e-05 1.39553e-05 1.36236e-05 1.32976e-05 1.29774e-05 1.26629e-05 1.23542e-05 1.20513e-05 1.1754e-05 1.14626e-05 1.11768e-05 1.08966e-05 1.06221e-05 1.03531e-05 1.00897e-05 9.83175e-06 9.57922e-06 9.33207e-06 9.09023e-06 8.85363e-06 8.62222e-06 8.39592e-06 8.17468e-06 7.95841e-06 7.74705e-06 7.54052e-06 7.33876e-06 7.14168e-06 6.94922e-06 6.76129e-06 6.57782e-06 6.39873e-06 6.22395e-06 6.0534e-06 5.887e-06 5.72468e-06 5.56635e-06 5.41194e-06 5.26139e-06 5.1146e-06 4.9715e-06 4.83203e-06 4.6961e-06 4.56364e-06 4.43458e-06 4.30885e-06 4.18638e-06 4.06709e-06 3.95092e-06 3.83779e-06 3.72765e-06 3.62041e-06 3.51603e-06 3.41442e-06 3.31554e-06 3.2193e-06 3.12566e-06 3.03456e-06 2.94592e-06 2.8597e-06 2.77583e-06 2.69426e-06 2.61493e-06 2.53778e-06 2.46277e-06 2.38985e-06 2.31895e-06 2.25002e-06 2.18303e-06 2.11792e-06 2.05463e-06 1.99314e-06 1.93338e-06 1.87532e-06
0.000155602 2.389e-05 2.35013e-05 2.31103e-05 2.27177e-05 2.2324e-05 2.19298e-05 2.15356e-05 2.11419e-05 2.07491e-05 2.03576e-05 1.99679e-05 1.95802e-05 1.91949e-05 1.88124e-05 1.84328e-05 1.80565e-05 1.76836e-05 1.73145e-05 1.69492e-05 1.6588e-05 1.62311e-05 1.58786e-05 1.55306e-05 1.51872e-05 1.48486e-05 1.45148e-05 1.41859e-05 1.3862e-05 1.35432e-05 1.32294e-05 1.29208e-05 1.26173e-05 1.23189e-05 1.20258e-05 1.17379e-05 1.14552e-05 1.11776e-05 1.09052e-05 1.0638e-05 1.03759e-05 1.0119e-05 9.86704e-06 9.62017e-06 9.3783e-06 9.14138e-06 8.90937e-06 8.68222e-06 8.45987e-06 8.24227e-06 8.02937e-06 7.82111e-06 7.61743e-06 7.41826e-06 7.22354e-06 7.03322e-06 6.84722e-06 6.66547e-06 6.48792e-06 6.3145e-06 6.14513e-06 5.97974e-06 5.81828e-06 5.66067e-06 5.50685e-06 5.35674e-06 5.21027e-06 5.06738e-06 4.92801e-06 4.79207e-06 4.65951e-06 4.53026e-06 4.40425e-06 4.28141e-06 4.16169e-06 4.04501e-06 3.93131e-06 3.82053e-06 3.71261e-06 3.60748e-06 3.50508e-06 3.40535e-06 3.30824e-06 3.21369e-06 3.12163e-06 3.03201e-06 2.94477e-06 2.85986e-06 2.77723e-06 2.69681e-06 2.61857e-06 2.54244e-06 2.46838e-06 2.39634e-06 2.32626e-06 2.25811e-06 2.19182e-06 2.12736e-06 2.06469e-06 2.00375e-06 1.9445e-06
0.000149118 2.31109e-05 2.27626e-05 2.24106e-05 2.20555e-05 2.16979e-05 2.13385e-05 2.09778e-05 2.06163e-05 2.02545e-05 1.98928e-05 1.95316e-05 1.91713e-05 1.88124e-05 1.8455e-05 1.80997e-05 1.77465e-05 1.73959e-05 1.7048e-05 1.67031e-05 1.63613e-05 1.6023e-05 1.56882e-05 1.53572e-05 1.50299e-05 1.47067e-05 1.43876e-05 1.40727e-05 1.37621e-05 1.34559e-05 1.31542e-05 1.2857e-05 1.25643e-05 1.22763e-05 1.19929e-05 1.17142e-05 1.14401e-05 1.11708e-05 1.09062e-05 1.06463e-05 1.03911e-05 1.01406e-05 9.89483e-06 9.65368e-06 9.41716e-06 9.18525e-06 8.95792e-06 8.73512e-06 8.51683e-06 8.30301e-06 8.0936e-06 7.88856e-06 7.68785e-06 7.49141e-06 7.2992e-06 7.11115e-06 6.92722e-06 6.74735e-06 6.57148e-06 6.39956e-06 6.23151e-06 6.0673e-06 5.90685e-06 5.75011e-06 5.59701e-06 5.44749e-06 5.30149e-06 5.15896e-06 5.01982e-06 4.88402e-06 4.75149e-06 4.62218e-06 4.49603e-06 4.37296e-06 4.25293e-06 4.13587e-06 4.02173e-06 3.91044e-06 3.80194e-06 3.69619e-06 3.59311e-06 3.49266e-06 3.39478e-06 3.29942e-06 3.20651e-06 3.11601e-06 3.02786e-06 2.94201e-06 2.8584e-06 2.777e-06 2.69774e-06 2.62058e-06 2.54547e-06 2.47237e-06 2.40121e-06 2.33197e-06 2.26459e-06 2.19903e-06 2.13524e-06 2.07319e-06 2.01283e-06
0.000142905 2.23553e-05 2.2045e-05 2.17296e-05 2.141e-05 2.10866e-05 2.07602e-05 2.04312e-05 2.01003e-05 1.97679e-05 1.94345e-05 1.91006e-05 1.87665e-05 1.84328e-05 1.80997e-05 1.77675e-05 1.74367e-05 1.71074e-05 1.678e-05 1.64547e-05 1.61318e-05 1.58115e-05 1.54939e-05 1.51793e-05 1.48679e-05 1.45597e-05 1.42549e-05 1.39537e-05 1.36561e-05 1.33623e-05 1.30724e-05 1.27864e-05 1.25045e-05 1.22266e-05 1.19528e-05 1.16832e-05 1.14179e-05 1.11568e-05 1.08999e-05 1.06473e-05 1.0399e-05 1.01551e-05 9.91539e-06 9.68e-06 9.44891e-06 9.22208e-06 8.99951e-06 8.78117e-06 8.56704e-06 8.35708e-06 8.15128e-06 7.94958e-06 7.75196e-06 7.55838e-06 7.36879e-06 7.18316e-06 7.00144e-06 6.82357e-06 6.64952e-06 6.47924e-06 6.31266e-06 6.14976e-06 5.99046e-06 5.83472e-06 5.68249e-06 5.5337e-06 5.38831e-06 5.24627e-06 5.1075e-06 4.97197e-06 4.83962e-06 4.71038e-06 4.5842e-06 4.46104e-06 4.34083e-06 4.22351e-06 4.10904e-06 3.99736e-06 3.88841e-06 3.78215e-06 3.67851e-06 3.57744e-06 3.4789e-06 3.38283e-06 3.28918e-06 3.19789e-06 3.10893e-06 3.02223e-06 2.93775e-06 2.85544e-06 2.77526e-06 2.69715e-06 2.62108e-06 2.54698e-06 2.47483e-06 2.40458e-06 2.33617e-06 2.26958e-06 2.20475e-06 2.14165e-06 2.08023e-06
0.000136951 2.16225e-05 2.13479e-05 2.10672e-05 2.07809e-05 2.04898e-05 2.01945e-05 1.98957e-05 1.95938e-05 1.92894e-05 1.8983e-05 1.86751e-05 1.83661e-05 1.80565e-05 1.77465e-05 1.74367e-05 1.71272e-05 1.68186e-05 1.65109e-05 1.62046e-05 1.58999e-05 1.5597e-05 1.52961e-05 1.49975e-05 1.47014e-05 1.44078e-05 1.4117e-05 1.38292e-05 1.35444e-05 1.32628e-05 1.29845e-05 1.27096e-05 1.24381e-05 1.21703e-05 1.1906e-05 1.16455e-05 1.13887e-05 1.11357e-05 1.08866e-05 1.06413e-05 1.04e-05 1.01625e-05 9.929e-06 9.69943e-06 9.47381e-06 9.25213e-06 9.03439e-06 8.82059e-06 8.6107e-06 8.40471e-06 8.2026e-06 8.00436e-06 7.80994e-06 7.61933e-06 7.43249e-06 7.24939e-06 7.06999e-06 6.89426e-06 6.72216e-06 6.55364e-06 6.38867e-06 6.2272e-06 6.06919e-06 5.91459e-06 5.76335e-06 5.61543e-06 5.47078e-06 5.32935e-06 5.1911e-06 5.05597e-06 4.92391e-06 4.79487e-06 4.6688e-06 4.54566e-06 4.42539e-06 4.30794e-06 4.19326e-06 4.0813e-06 3.97201e-06 3.86535e-06 3.76125e-06 3.65968e-06 3.56058e-06 3.4639e-06 3.36961e-06 3.27764e-06 3.18795e-06 3.1005e-06 3.01523e-06 2.93211e-06 2.85109e-06 2.77211e-06 2.69515e-06 2.62015e-06 2.54708e-06 2.47588e-06 2.40653e-06 2.33897e-06 2.27316e-06 2.20908e-06 2.14667e-06
0.000131244 2.0912e-05 2.0671e-05 2.04227e-05 2.0168e-05 1.99074e-05 1.96416e-05 1.93712e-05 1.90969e-05 1.88191e-05 1.85384e-05 1.82553e-05 1.79702e-05 1.76836e-05 1.73959e-05 1.71074e-05 1.68186e-05 1.65297e-05 1.62411e-05 1.59531e-05 1.56659e-05 1.53799e-05 1.50952e-05 1.48122e-05 1.45309e-05 1.42516e-05 1.39744e-05 1.36996e-05 1.34273e-05 1.31577e-05 1.28907e-05 1.26267e-05 1.23656e-05 1.21076e-05 1.18528e-05 1.16012e-05 1.1353e-05 1.11081e-05 1.08666e-05 1.06287e-05 1.03942e-05 1.01633e-05 9.93596e-06 9.71223e-06 9.49212e-06 9.27564e-06 9.0628e-06 8.85359e-06 8.64802e-06 8.44609e-06 8.24777e-06 8.05306e-06 7.86195e-06 7.67442e-06 7.49043e-06 7.30998e-06 7.13302e-06 6.95954e-06 6.78951e-06 6.62288e-06 6.45964e-06 6.29973e-06 6.14312e-06 5.98979e-06 5.83967e-06 5.69274e-06 5.54896e-06 5.40827e-06 5.27065e-06 5.13604e-06 5.00439e-06 4.87568e-06 4.74984e-06 4.62684e-06 4.50662e-06 4.38915e-06 4.27438e-06 4.16225e-06 4.05274e-06 3.94578e-06 3.84133e-06 3.73935e-06 3.6398e-06 3.54262e-06 3.44777e-06 3.35521e-06 3.2649e-06 3.17678e-06 3.09082e-06 3.00697e-06 2.92519e-06 2.84543e-06 2.76766e-06 2.69184e-06 2.61791e-06 2.54585e-06 2.47562e-06 2.40716e-06 2.34045e-06 2.27544e-06 2.21211e-06
0.000125776 2.02231e-05 2.00136e-05 1.9796e-05 1.95709e-05 1.9339e-05 1.91011e-05 1.88578e-05 1.86096e-05 1.83571e-05 1.81008e-05 1.78413e-05 1.7579e-05 1.73145e-05 1.7048e-05 1.678e-05 1.65109e-05 1.62411e-05 1.59708e-05 1.57005e-05 1.54303e-05 1.51606e-05 1.48916e-05 1.46236e-05 1.43568e-05 1.40913e-05 1.38275e-05 1.35654e-05 1.33053e-05 1.30473e-05 1.27916e-05 1.25382e-05 1.22873e-05 1.20391e-05 1.17935e-05 1.15508e-05 1.1311e-05 1.10741e-05 1.08403e-05 1.06096e-05 1.0382e-05 1.01577e-05 9.93652e-06 9.71865e-06 9.50409e-06 9.29285e-06 9.08495e-06 8.8804e-06 8.67922e-06 8.48141e-06 8.28696e-06 8.09589e-06 7.90817e-06 7.7238e-06 7.54277e-06 7.36507e-06 7.19066e-06 7.01954e-06 6.85169e-06 6.68707e-06 6.52566e-06 6.36743e-06 6.21235e-06 6.06039e-06 5.91152e-06 5.7657e-06 5.6229e-06 5.48308e-06 5.3462e-06 5.21223e-06 5.08112e-06 4.95284e-06 4.82734e-06 4.70459e-06 4.58455e-06 4.46717e-06 4.35241e-06 4.24023e-06 4.13058e-06 4.02344e-06 3.91874e-06 3.81646e-06 3.71655e-06 3.61896e-06 3.52366e-06 3.43061e-06 3.33975e-06 3.25106e-06 3.16448e-06 3.07999e-06 2.99753e-06 2.91708e-06 2.83858e-06 2.762e-06 2.6873e-06 2.61445e-06 2.5434e-06 2.47412e-06 2.40656e-06 2.3407e-06 2.2765e-06
0.000120535 1.95554e-05 1.93754e-05 1.91865e-05 1.89894e-05 1.87846e-05 1.8573e-05 1.83552e-05 1.81318e-05 1.79033e-05 1.76703e-05 1.74333e-05 1.71928e-05 1.69492e-05 1.67031e-05 1.64547e-05 1.62046e-05 1.59531e-05 1.57005e-05 1.54471e-05 1.51933e-05 1.49394e-05 1.46856e-05 1.44322e-05 1.41794e-05 1.39274e-05 1.36766e-05 1.34269e-05 1.31787e-05 1.29322e-05 1.26873e-05 1.24445e-05 1.22036e-05 1.19649e-05 1.17286e-05 1.14946e-05 1.12631e-05 1.10342e-05 1.0808e-05 1.05844e-05 1.03637e-05 1.01459e-05 9.93094e-06 9.71895e-06 9.50996e-06 9.30399e-06 9.10107e-06 8.90124e-06 8.7045e-06 8.51088e-06 8.32037e-06 8.133e-06 7.94876e-06 7.76765e-06 7.58966e-06 7.4148e-06 7.24305e-06 7.07439e-06 6.90881e-06 6.7463e-06 6.58684e-06 6.4304e-06 6.27696e-06 6.12649e-06 5.97897e-06 5.83437e-06 5.69267e-06 5.55382e-06 5.4178e-06 5.28458e-06 5.15412e-06 5.02638e-06 4.90134e-06 4.77895e-06 4.65919e-06 4.542e-06 4.42736e-06 4.31522e-06 4.20556e-06 4.09833e-06 3.99348e-06 3.89099e-06 3.79082e-06 3.69292e-06 3.59726e-06 3.50379e-06 3.41249e-06 3.3233e-06 3.2362e-06 3.15115e-06 3.0681e-06 2.98702e-06 2.90787e-06 2.83061e-06 2.75521e-06 2.68163e-06 2.60984e-06 2.5398e-06 2.47147e-06 2.40481e-06 2.33981e-06
0.000115513 1.89081e-05 1.87559e-05 1.8594e-05 1.84231e-05 1.82439e-05 1.80572e-05 1.78635e-05 1.76635e-05 1.74578e-05 1.72469e-05 1.70313e-05 1.68115e-05 1.6588e-05 1.63613e-05 1.61318e-05 1.58999e-05 1.56659e-05 1.54303e-05 1.51933e-05 1.49554e-05 1.47167e-05 1.44776e-05 1.42383e-05 1.39991e-05 1.37603e-05 1.3522e-05 1.32845e-05 1.30479e-05 1.28125e-05 1.25784e-05 1.23458e-05 1.21148e-05 1.18856e-05 1.16582e-05 1.14328e-05 1.12096e-05 1.09886e-05 1.07698e-05 1.05535e-05 1.03396e-05 1.01283e-05 9.9195e-06 9.71339e-06 9.50997e-06 9.30929e-06 9.1114e-06 8.91631e-06 8.72407e-06 8.53468e-06 8.34818e-06 8.16458e-06 7.98389e-06 7.80611e-06 7.63126e-06 7.45932e-06 7.29031e-06 7.1242e-06 6.96101e-06 6.8007e-06 6.64328e-06 6.48873e-06 6.33703e-06 6.18816e-06 6.0421e-06 5.89883e-06 5.75832e-06 5.62056e-06 5.48551e-06 5.35314e-06 5.22343e-06 5.09635e-06 4.97186e-06 4.84994e-06 4.73055e-06 4.61367e-06 4.49925e-06 4.38726e-06 4.27767e-06 4.17044e-06 4.06555e-06 3.96295e-06 3.8626e-06 3.76448e-06 3.66855e-06 3.57476e-06 3.48309e-06 3.3935e-06 3.30596e-06 3.22042e-06 3.13685e-06 3.05523e-06 2.9755e-06 2.89764e-06 2.82161e-06 2.74738e-06 2.67491e-06 2.60417e-06 2.53513e-06 2.46775e-06 2.40199e-06
0.0001107 1.82809e-05 1.81546e-05 1.8018e-05 1.78718e-05 1.77167e-05 1.75534e-05 1.73826e-05 1.72048e-05 1.70206e-05 1.68306e-05 1.66354e-05 1.64354e-05 1.62311e-05 1.6023e-05 1.58115e-05 1.5597e-05 1.53799e-05 1.51606e-05 1.49394e-05 1.47167e-05 1.44927e-05 1.42678e-05 1.40422e-05 1.38163e-05 1.35902e-05 1.33641e-05 1.31384e-05 1.29132e-05 1.26887e-05 1.24651e-05 1.22425e-05 1.20212e-05 1.18012e-05 1.15827e-05 1.13659e-05 1.11508e-05 1.09375e-05 1.07263e-05 1.0517e-05 1.03099e-05 1.0105e-05 9.90244e-06 9.70219e-06 9.50436e-06 9.30899e-06 9.11613e-06 8.92583e-06 8.73811e-06 8.55302e-06 8.37058e-06 8.19081e-06 8.01373e-06 7.83936e-06 7.6677e-06 7.49877e-06 7.33258e-06 7.16911e-06 7.00838e-06 6.85038e-06 6.69509e-06 6.54253e-06 6.39266e-06 6.24548e-06 6.10098e-06 5.95914e-06 5.81994e-06 5.68335e-06 5.54937e-06 5.41796e-06 5.2891e-06 5.16277e-06 5.03895e-06 4.91759e-06 4.79868e-06 4.68219e-06 4.56809e-06 4.45634e-06 4.34692e-06 4.2398e-06 4.13494e-06 4.03232e-06 3.9319e-06 3.83364e-06 3.73752e-06 3.6435e-06 3.55155e-06 3.46164e-06 3.37373e-06 3.28779e-06 3.20378e-06 3.12168e-06 3.04145e-06 2.96306e-06 2.88647e-06 2.81166e-06 2.73858e-06 2.66721e-06 2.59752e-06 2.52946e-06 2.46303e-06
0.000106087 1.76731e-05 1.75711e-05 1.74582e-05 1.73352e-05 1.72027e-05 1.70615e-05 1.69122e-05 1.67554e-05 1.65917e-05 1.64217e-05 1.62458e-05 1.60646e-05 1.58786e-05 1.56882e-05 1.54939e-05 1.52961e-05 1.50952e-05 1.48916e-05 1.46856e-05 1.44776e-05 1.42678e-05 1.40566e-05 1.38443e-05 1.36312e-05 1.34174e-05 1.32033e-05 1.29891e-05 1.27749e-05 1.25611e-05 1.23477e-05 1.2135e-05 1.19231e-05 1.17123e-05 1.15025e-05 1.1294e-05 1.1087e-05 1.08814e-05 1.06775e-05 1.04753e-05 1.02749e-05 1.00765e-05 9.88e-06 9.68561e-06 9.49336e-06 9.3033e-06 9.1155e-06 8.93e-06 8.74684e-06 8.56608e-06 8.38774e-06 8.21185e-06 8.03844e-06 7.86753e-06 7.69914e-06 7.53329e-06 7.36999e-06 7.20924e-06 7.05106e-06 6.89543e-06 6.74238e-06 6.59188e-06 6.44394e-06 6.29855e-06 6.1557e-06 6.01538e-06 5.87757e-06 5.74226e-06 5.60944e-06 5.47909e-06 5.35118e-06 5.2257e-06 5.10262e-06 4.98193e-06 4.86359e-06 4.74759e-06 4.6339e-06 4.52249e-06 4.41333e-06 4.3064e-06 4.20168e-06 4.09912e-06 3.9987e-06 3.90039e-06 3.80417e-06 3.71e-06 3.61785e-06 3.5277e-06 3.4395e-06 3.35323e-06 3.26887e-06 3.18637e-06 3.1057e-06 3.02685e-06 2.94977e-06 2.87444e-06 2.80082e-06 2.72888e-06 2.6586e-06 2.58994e-06 2.52288e-06
0.000101667 1.70842e-05 1.70049e-05 1.69142e-05 1.6813e-05 1.67018e-05 1.65814e-05 1.64524e-05 1.63155e-05 1.61711e-05 1.60199e-05 1.58624e-05 1.56992e-05 1.55306e-05 1.53572e-05 1.51793e-05 1.49975e-05 1.48122e-05 1.46236e-05 1.44322e-05 1.42383e-05 1.40422e-05 1.38443e-05 1.36448e-05 1.34441e-05 1.32423e-05 1.30398e-05 1.28367e-05 1.26334e-05 1.24299e-05 1.22266e-05 1.20235e-05 1.18209e-05 1.1619e-05 1.14178e-05 1.12176e-05 1.10184e-05 1.08204e-05 1.06238e-05 1.04285e-05 1.02348e-05 1.00428e-05 9.85243e-06 9.66387e-06 9.47718e-06 9.29244e-06 9.1097e-06 8.92901e-06 8.75045e-06 8.57404e-06 8.39983e-06 8.22787e-06 8.05818e-06 7.89079e-06 7.72573e-06 7.56302e-06 7.40268e-06 7.24472e-06 7.08915e-06 6.93599e-06 6.78524e-06 6.63689e-06 6.49096e-06 6.34744e-06 6.20633e-06 6.06762e-06 5.9313e-06 5.79736e-06 5.66579e-06 5.53658e-06 5.40971e-06 5.28517e-06 5.16294e-06 5.04299e-06 4.92532e-06 4.8099e-06 4.69671e-06 4.58572e-06 4.47691e-06 4.37027e-06 4.26575e-06 4.16334e-06 4.06302e-06 3.96474e-06 3.8685e-06 3.77426e-06 3.68199e-06 3.59167e-06 3.50326e-06 3.41674e-06 3.33208e-06 3.24926e-06 3.16824e-06 3.08899e-06 3.01148e-06 2.9357e-06 2.8616e-06 2.78916e-06 2.71835e-06 2.64914e-06 2.58151e-06
9.7431e-05 1.65137e-05 1.64556e-05 1.63857e-05 1.63048e-05 1.62137e-05 1.61128e-05 1.6003e-05 1.58848e-05 1.57588e-05 1.56255e-05 1.54854e-05 1.53392e-05 1.51872e-05 1.50299e-05 1.48679e-05 1.47014e-05 1.45309e-05 1.43568e-05 1.41794e-05 1.39991e-05 1.38163e-05 1.36312e-05 1.34441e-05 1.32554e-05 1.30652e-05 1.28739e-05 1.26817e-05 1.24889e-05 1.22955e-05 1.2102e-05 1.19083e-05 1.17148e-05 1.15216e-05 1.13289e-05 1.11367e-05 1.09453e-05 1.07549e-05 1.05654e-05 1.03771e-05 1.019e-05 1.00042e-05 9.81995e-06 9.6372e-06 9.45606e-06 9.27662e-06 9.09894e-06 8.92308e-06 8.74911e-06 8.57709e-06 8.40705e-06 8.23905e-06 8.07311e-06 7.90929e-06 7.74761e-06 7.5881e-06 7.43078e-06 7.27567e-06 7.12279e-06 6.97216e-06 6.82378e-06 6.67767e-06 6.53382e-06 6.39225e-06 6.25296e-06 6.11594e-06 5.98118e-06 5.8487e-06 5.71847e-06 5.59049e-06 5.46474e-06 5.34123e-06 5.21992e-06 5.10082e-06 4.9839e-06 4.86914e-06 4.75653e-06 4.64605e-06 4.53768e-06 4.4314e-06 4.32718e-06 4.225e-06 4.12485e-06 4.02669e-06 3.93051e-06 3.83627e-06 3.74396e-06 3.65354e-06 3.565e-06 3.4783e-06 3.39343e-06 3.31034e-06 3.22903e-06 3.14945e-06 3.07159e-06 2.99542e-06 2.9209e-06 2.84802e-06 2.77674e-06 2.70705e-06 2.63891e-06
9.33713e-05 1.59611e-05 1.59227e-05 1.58723e-05 1.58105e-05 1.57381e-05 1.56557e-05 1.55639e-05 1.54634e-05 1.53547e-05 1.52383e-05 1.51148e-05 1.49848e-05 1.48486e-05 1.47067e-05 1.45597e-05 1.44078e-05 1.42516e-05 1.40913e-05 1.39274e-05 1.37603e-05 1.35902e-05 1.34174e-05 1.32423e-05 1.30652e-05 1.28863e-05 1.2706e-05 1.25243e-05 1.23417e-05 1.21582e-05 1.19742e-05 1.17897e-05 1.16051e-05 1.14205e-05 1.1236e-05 1.10518e-05 1.08681e-05 1.0685e-05 1.05026e-05 1.03211e-05 1.01405e-05 9.96108e-06 9.78281e-06 9.60582e-06 9.43021e-06 9.25605e-06 9.08342e-06 8.91239e-06 8.74303e-06 8.5754e-06 8.40955e-06 8.24554e-06 8.0834e-06 7.92319e-06 7.76493e-06 7.60866e-06 7.45441e-06 7.30222e-06 7.15209e-06 7.00405e-06 6.85811e-06 6.7143e-06 6.57261e-06 6.43306e-06 6.29566e-06 6.16041e-06 6.0273e-06 5.89635e-06 5.76754e-06 5.64087e-06 5.51633e-06 5.39392e-06 5.27363e-06 5.15545e-06 5.03936e-06 4.92535e-06 4.81341e-06 4.70352e-06 4.59566e-06 4.48982e-06 4.38598e-06 4.28411e-06 4.18421e-06 4.08624e-06 3.99019e-06 3.89603e-06 3.80375e-06 3.71332e-06 3.62471e-06 3.5379e-06 3.45288e-06 3.36961e-06 3.28807e-06 3.20823e-06 3.13007e-06 3.05358e-06 2.97871e-06 2.90544e-06 2.83376e-06 2.76363e-06 2.69504e-06
8.94809e-05 1.54259e-05 1.54059e-05 1.53735e-05 1.53296e-05 1.52748e-05 1.52097e-05 1.51349e-05 1.50511e-05 1.49587e-05 1.48584e-05 1.47507e-05 1.4636e-05 1.45148e-05 1.43876e-05 1.42549e-05 1.4117e-05 1.39744e-05 1.38275e-05 1.36766e-05 1.3522e-05 1.33641e-05 1.32033e-05 1.30398e-05 1.28739e-05 1.2706e-05 1.25361e-05 1.23648e-05 1.2192e-05 1.20182e-05 1.18434e-05 1.1668e-05 1.14921e-05 1.13158e-05 1.11394e-05 1.09631e-05 1.07869e-05 1.0611e-05 1.04356e-05 1.02608e-05 1.00868e-05 9.91351e-06 9.74121e-06 9.56995e-06 9.39982e-06 9.23093e-06 9.06334e-06 8.89713e-06 8.73239e-06 8.56916e-06 8.40752e-06 8.24751e-06 8.0892e-06 7.93262e-06 7.77783e-06 7.62485e-06 7.47372e-06 7.32448e-06 7.17716e-06 7.03177e-06 6.88834e-06 6.74688e-06 6.60742e-06 6.46997e-06 6.33453e-06 6.20111e-06 6.06973e-06 5.94038e-06 5.81306e-06 5.68778e-06 5.56453e-06 5.4433e-06 5.3241e-06 5.20692e-06 5.09174e-06 4.97855e-06 4.86736e-06 4.75813e-06 4.65087e-06 4.54555e-06 4.44216e-06 4.34068e-06 4.2411e-06 4.1434e-06 4.04756e-06 3.95355e-06 3.86137e-06 3.77099e-06 3.68239e-06 3.59554e-06 3.51043e-06 3.42704e-06 3.34534e-06 3.26531e-06 3.18692e-06 3.11016e-06 3.03499e-06 2.96141e-06 2.88938e-06 2.81887e-06 2.74988e-06
8.57525e-05 1.49076e-05 1.49046e-05 1.48892e-05 1.4862e-05 1.48236e-05 1.47748e-05 1.4716e-05 1.46478e-05 1.45709e-05 1.44858e-05 1.43929e-05 1.42928e-05 1.41859e-05 1.40727e-05 1.39537e-05 1.38292e-05 1.36996e-05 1.35654e-05 1.34269e-05 1.32845e-05 1.31384e-05 1.29891e-05 1.28367e-05 1.26817e-05 1.25243e-05 1.23648e-05 1.22033e-05 1.20402e-05 1.18757e-05 1.17101e-05 1.15434e-05 1.1376e-05 1.12079e-05 1.10395e-05 1.08708e-05 1.0702e-05 1.05333e-05 1.03647e-05 1.01966e-05 1.00289e-05 9.86177e-06 9.69537e-06 9.52979e-06 9.36512e-06 9.20146e-06 9.03889e-06 8.87749e-06 8.71735e-06 8.55853e-06 8.40111e-06 8.24513e-06 8.09066e-06 7.93775e-06 7.78645e-06 7.63679e-06 7.48883e-06 7.3426e-06 7.19812e-06 7.05544e-06 6.91456e-06 6.77553e-06 6.63835e-06 6.50305e-06 6.36964e-06 6.23813e-06 6.10854e-06 5.98086e-06 5.85511e-06 5.73128e-06 5.60939e-06 5.48942e-06 5.37138e-06 5.25527e-06 5.14107e-06 5.02879e-06 4.91841e-06 4.80993e-06 4.70333e-06 4.59861e-06 4.49574e-06 4.39472e-06 4.29554e-06 4.19817e-06 4.10261e-06 4.00883e-06 3.91682e-06 3.82656e-06 3.73803e-06 3.65121e-06 3.56609e-06 3.48263e-06 3.40084e-06 3.32067e-06 3.24211e-06 3.16515e-06 3.08975e-06 3.0159e-06 2.94357e-06 2.87275e-06 2.80341e-06
8.21795e-05 1.44057e-05 1.44186e-05 1.44189e-05 1.44073e-05 1.43843e-05 1.43507e-05 1.43069e-05 1.42536e-05 1.41912e-05 1.41204e-05 1.40416e-05 1.39553e-05 1.3862e-05 1.37621e-05 1.36561e-05 1.35444e-05 1.34273e-05 1.33053e-05 1.31787e-05 1.30479e-05 1.29132e-05 1.27749e-05 1.26334e-05 1.24889e-05 1.23417e-05 1.2192e-05 1.20402e-05 1.18865e-05 1.17311e-05 1.15743e-05 1.14162e-05 1.1257e-05 1.1097e-05 1.09363e-05 1.07751e-05 1.06136e-05 1.04519e-05 1.02901e-05 1.01285e-05 9.9671e-06 9.80606e-06 9.64551e-06 9.48555e-06 9.32629e-06 9.16783e-06 9.01025e-06 8.85365e-06 8.69811e-06 8.54369e-06 8.39049e-06 8.23855e-06 8.08794e-06 7.93871e-06 7.79093e-06 7.64463e-06 7.49987e-06 7.35668e-06 7.2151e-06 7.07516e-06 6.9369e-06 6.80034e-06 6.6655e-06 6.53241e-06 6.40109e-06 6.27154e-06 6.1438e-06 6.01786e-06 5.89374e-06 5.77144e-06 5.65097e-06 5.53233e-06 5.41552e-06 5.30055e-06 5.18741e-06 5.0761e-06 4.96661e-06 4.85894e-06 4.75307e-06 4.64901e-06 4.54674e-06 4.44626e-06 4.34754e-06 4.25058e-06 4.15536e-06 4.06187e-06 3.9701e-06 3.88002e-06 3.79163e-06 3.70491e-06 3.61983e-06 3.53638e-06 3.45455e-06 3.37431e-06 3.29564e-06 3.21853e-06 3.14296e-06 3.0689e-06 2.99634e-06 2.92525e-06 2.85562e-06
7.87553e-05 1.39197e-05 1.39473e-05 1.39623e-05 1.39652e-05 1.39566e-05 1.39372e-05 1.39075e-05 1.38681e-05 1.38195e-05 1.37622e-05 1.36968e-05 1.36236e-05 1.35432e-05 1.34559e-05 1.33623e-05 1.32628e-05 1.31577e-05 1.30473e-05 1.29322e-05 1.28125e-05 1.26887e-05 1.25611e-05 1.24299e-05 1.22955e-05 1.21582e-05 1.20182e-05 1.18757e-05 1.17311e-05 1.15846e-05 1.14363e-05 1.12865e-05 1.11355e-05 1.09833e-05 1.08302e-05 1.06764e-05 1.05219e-05 1.03671e-05 1.0212e-05 1.00568e-05 9.90164e-06 9.7466e-06 9.59183e-06 9.43744e-06 9.28354e-06 9.13023e-06 8.97762e-06 8.82579e-06 8.67482e-06 8.52481e-06 8.37582e-06 8.22792e-06 8.08118e-06 7.93566e-06 7.79141e-06 7.6485e-06 7.50696e-06 7.36685e-06 7.2282e-06 7.09105e-06 6.95544e-06 6.8214e-06 6.68895e-06 6.55813e-06 6.42895e-06 6.30143e-06 6.17559e-06 6.05145e-06 5.92902e-06 5.80831e-06 5.68932e-06 5.57208e-06 5.45657e-06 5.34281e-06 5.23079e-06 5.12051e-06 5.01198e-06 4.90518e-06 4.80013e-06 4.6968e-06 4.59519e-06 4.4953e-06 4.39711e-06 4.30063e-06 4.20582e-06 4.11269e-06 4.02122e-06 3.93139e-06 3.8432e-06 3.75663e-06 3.67166e-06 3.58828e-06 3.50647e-06 3.42622e-06 3.3475e-06 3.2703e-06 3.19461e-06 3.12039e-06 3.04765e-06 2.97635e-06 2.90648e-06
7.54739e-05 1.34492e-05 1.34905e-05 1.3519e-05 1.35355e-05 1.35403e-05 1.35343e-05 1.35178e-05 1.34914e-05 1.34557e-05 1.34112e-05 1.33583e-05 1.32976e-05 1.32294e-05 1.31542e-05 1.30724e-05 1.29845e-05 1.28907e-05 1.27916e-05 1.26873e-05 1.25784e-05 1.24651e-05 1.23477e-05 1.22266e-05 1.2102e-05 1.19742e-05 1.18434e-05 1.17101e-05 1.15743e-05 1.14363e-05 1.12964e-05 1.11547e-05 1.10115e-05 1.0867e-05 1.07214e-05 1.05747e-05 1.04273e-05 1.02792e-05 1.01307e-05 9.98179e-06 9.83272e-06 9.68359e-06 9.53452e-06 9.38563e-06 9.23704e-06 9.08885e-06 8.94116e-06 8.79407e-06 8.64767e-06 8.50204e-06 8.35725e-06 8.21339e-06 8.07053e-06 7.92872e-06 7.78803e-06 7.64852e-06 7.51024e-06 7.37323e-06 7.23755e-06 7.10323e-06 6.97031e-06 6.83882e-06 6.70881e-06 6.5803e-06 6.45331e-06 6.32786e-06 6.20399e-06 6.0817e-06 5.96102e-06 5.84196e-06 5.72452e-06 5.60872e-06 5.49458e-06 5.38208e-06 5.27125e-06 5.16207e-06 5.05456e-06 4.94871e-06 4.84452e-06 4.74199e-06 4.64111e-06 4.54188e-06 4.44429e-06 4.34833e-06 4.254e-06 4.16129e-06 4.07018e-06 3.98067e-06 3.89274e-06 3.80638e-06 3.72158e-06 3.63833e-06 3.5566e-06 3.47639e-06 3.39768e-06 3.32045e-06 3.24469e-06 3.17037e-06 3.0975e-06 3.02604e-06 2.95598e-06
7.23291e-05 1.29937e-05 1.30477e-05 1.30888e-05 1.31178e-05 1.31352e-05 1.31416e-05 1.31374e-05 1.31234e-05 1.30998e-05 1.30674e-05 1.30264e-05 1.29774e-05 1.29208e-05 1.2857e-05 1.27864e-05 1.27096e-05 1.26267e-05 1.25382e-05 1.24445e-05 1.23458e-05 1.22425e-05 1.2135e-05 1.20235e-05 1.19083e-05 1.17897e-05 1.1668e-05 1.15434e-05 1.14162e-05 1.12865e-05 1.11547e-05 1.1021e-05 1.08855e-05 1.07484e-05 1.061e-05 1.04704e-05 1.03298e-05 1.01884e-05 1.00462e-05 9.90358e-06 9.76053e-06 9.61722e-06 9.47378e-06 9.33033e-06 9.18699e-06 9.04386e-06 8.90106e-06 8.75868e-06 8.61681e-06 8.47554e-06 8.33496e-06 8.19513e-06 8.05614e-06 7.91805e-06 7.78093e-06 7.64483e-06 7.50982e-06 7.37594e-06 7.24325e-06 7.11178e-06 6.98159e-06 6.85271e-06 6.72517e-06 6.59901e-06 6.47425e-06 6.35093e-06 6.22907e-06 6.10869e-06 5.98981e-06 5.87244e-06 5.75661e-06 5.64233e-06 5.52959e-06 5.41843e-06 5.30884e-06 5.20082e-06 5.09439e-06 4.98954e-06 4.88628e-06 4.7846e-06 4.68451e-06 4.586e-06 4.48907e-06 4.39371e-06 4.29992e-06 4.20768e-06 4.117e-06 4.02786e-06 3.94025e-06 3.85417e-06 3.76959e-06 3.68652e-06 3.60493e-06 3.52482e-06 3.44617e-06 3.36896e-06 3.29319e-06 3.21883e-06 3.14587e-06 3.07431e-06 3.00411e-06
6.93154e-05 1.25529e-05 1.26184e-05 1.26713e-05 1.27119e-05 1.27409e-05 1.27589e-05 1.27664e-05 1.27638e-05 1.27517e-05 1.27306e-05 1.27008e-05 1.26629e-05 1.26173e-05 1.25643e-05 1.25045e-05 1.24381e-05 1.23656e-05 1.22873e-05 1.22036e-05 1.21148e-05 1.20212e-05 1.19231e-05 1.18209e-05 1.17148e-05 1.16051e-05 1.14921e-05 1.1376e-05 1.1257e-05 1.11355e-05 1.10115e-05 1.08855e-05 1.07574e-05 1.06277e-05 1.04963e-05 1.03636e-05 1.02297e-05 1.00948e-05 9.95895e-06 9.82239e-06 9.68526e-06 9.54768e-06 9.40979e-06 9.27171e-06 9.13355e-06 8.99544e-06 8.85748e-06 8.71977e-06 8.58241e-06 8.44548e-06 8.30907e-06 8.17327e-06 8.03815e-06 7.90378e-06 7.77023e-06 7.63756e-06 7.50583e-06 7.3751e-06 7.24542e-06 7.11684e-06 6.9894e-06 6.86315e-06 6.73812e-06 6.61435e-06 6.49187e-06 6.37072e-06 6.25091e-06 6.13249e-06 6.01545e-06 5.89984e-06 5.78566e-06 5.67294e-06 5.56168e-06 5.45189e-06 5.3436e-06 5.2368e-06 5.13151e-06 5.02772e-06 4.92544e-06 4.82468e-06 4.72544e-06 4.62771e-06 4.53149e-06 4.43679e-06 4.34359e-06 4.25189e-06 4.16169e-06 4.07298e-06 3.98575e-06 3.89999e-06 3.8157e-06 3.73286e-06 3.65147e-06 3.57151e-06 3.49297e-06 3.41584e-06 3.3401e-06 3.26575e-06 3.19277e-06 3.12114e-06 3.05085e-06
