0.378477 0.0615437 0.0332052 0.019503 0.0118196 0.00720124 0.00436386 0.00262147 0.00156072 0.000921687 0.000540515 0.000315105 0.000182775 0.000105563 6.0744e-05 3.48417e-05 1.99284e-05 1.137e-05 6.47269e-06 3.67741e-06 2.08553e-06 1.1808e-06 6.67554e-07 3.76872e-07 2.12488e-07 1.1965e-07 6.72747e-08 3.77411e-08 2.10695e-08 1.16034e-08 6.50472e-09
0.0615437 0.0145987 0.00756226 0.00393459 0.00203533 0.00105007 0.000542416 0.000281187 0.00014643 7.66122e-05 4.02602e-05 2.12407e-05 1.12452e-05 5.97132e-06 3.17909e-06 1.69634e-06 9.06928e-07 4.85705e-07 2.60508e-07 1.39908e-07 7.52255e-08 4.04889e-08 2.18123e-08 1.17601e-08 6.34438e-09 3.42371e-09 1.84659e-09 9.93053e-10 5.28748e-10 2.72925e-10 1.4784e-10
0.0332052 0.00756226 0.00341888 0.00163879 0.000807697 0.000404673 0.000205219 0.000105115 5.42994e-05 2.82518e-05 1.47884e-05 7.78033e-06 4.1107e-06 2.17962e-06 1.15918e-06 6.18054e-07 3.30255e-07 1.76801e-07 9.48042e-08 5.09078e-08 2.73702e-08 1.47315e-08 7.9364e-09 4.27903e-09 2.30837e-09 1.24529e-09 6.70857e-10 3.59469e-10 1.89484e-10 1.01593e-10 5.50465e-11
0.019503 0.00393459 0.00163879 0.00074061 0.000351164 0.000171593 8.56009e-05 4.3362e-05 2.2227e-05 1.15004e-05 5.99506e-06 3.14414e-06 1.65712e-06 8.7694e-07 4.65642e-07 2.4795e-07 1.32348e-07 7.07879e-08 3.79285e-08 2.03533e-08 1.09366e-08 5.88343e-09 3.16819e-09 1.70739e-09 9.20546e-10 4.96121e-10 2.66697e-10 1.42194e-10 7.65813e-11 4.10584e-11 2.22434e-11
0.0118196 0.00203533 0.000807697 0.000351164 0.000162007 7.77041e-05 3.82756e-05 1.92184e-05 9.78856e-06 5.04051e-06 2.61785e-06 1.36888e-06 7.19707e-07 3.80085e-07 2.01466e-07 1.07116e-07 5.70986e-08 3.05037e-08 1.63267e-08 8.75294e-09 4.69919e-09 2.52595e-09 1.35917e-09 7.31908e-10 3.94238e-10 2.12164e-10 1.13753e-10 6.13229e-11 3.30204e-11 1.76998e-11 9.58479e-12
0.00720124 0.00105007 0.000404673 0.000171593 7.77041e-05 3.67839e-05 1.79529e-05 8.95461e-06 4.53823e-06 2.32786e-06 1.2052e-06 6.28544e-07 3.29722e-07 1.73788e-07 9.19564e-08 4.88152e-08 2.59845e-08 1.38639e-08 7.41175e-09 3.96921e-09 2.12881e-09 1.14321e-09 6.14576e-10 3.30629e-10 1.77886e-10 9.55782e-11 5.15084e-11 2.77573e-11 1.49409e-11 8.00613e-12 4.33299e-12
0.00436386 0.000542416 0.000205219 8.56009e-05 3.82756e-05 1.79529e-05 8.7038e-06 4.31966e-06 2.18071e-06 1.11504e-06 5.75748e-07 2.99573e-07 1.56828e-07 8.25082e-08 4.3585e-08 2.3102e-08 1.22801e-08 6.54354e-09 3.49405e-09 1.86908e-09 1.0014e-09 5.37233e-10 2.88526e-10 1.5506e-10 8.33272e-11 4.48632e-11 2.41647e-11 1.30156e-11 7.00261e-12 3.75097e-12 2.02878e-12
0.00262147 0.000281187 0.000105115 4.3362e-05 1.92184e-05 8.95461e-06 4.31966e-06 2.13551e-06 1.07468e-06 5.4804e-07 2.82322e-07 1.46594e-07 7.65994e-08 4.02305e-08 2.12184e-08 1.12304e-08 5.96163e-09 3.17271e-09 1.69215e-09 9.04192e-10 4.83936e-10 2.59365e-10 1.39157e-10 7.471e-11 4.01687e-11 2.1613e-11 1.16345e-11 6.26307e-12 3.36793e-12 1.80333e-12 9.74745e-13
0.00156072 0.00014643 5.42994e-05 2.2227e-05 9.78856e-06 4.53823e-06 2.18071e-06 1.07468e-06 5.39386e-07 2.74426e-07 1.41077e-07 7.31155e-08 3.8139e-08 1.9999e-08 1.05323e-08 5.56685e-09 2.95136e-09 1.5688e-09 8.3577e-10 4.46118e-10 2.38528e-10 1.27715e-10 6.84578e-11 3.67455e-11 1.97427e-11 1.06156e-11 5.71094e-12 3.07254e-12 1.65139e-12 8.83876e-13 4.77461e-13
0.000921687 7.66122e-05 2.82518e-05 1.15004e-05 5.04051e-06 2.32786e-06 1.11504e-06 5.4804e-07 2.74426e-07 1.39332e-07 7.14928e-08 3.69881e-08 1.92631e-08 1.00859e-08 5.30432e-09 2.79997e-09 1.48265e-09 7.87208e-10 4.18933e-10 2.23393e-10 1.19328e-10 6.38326e-11 3.41966e-11 1.83416e-11 9.84764e-12 5.29155e-12 2.84497e-12 1.52975e-12 8.21773e-13 4.3967e-13 2.37364e-13
0.000540515 4.02602e-05 1.47884e-05 5.99506e-06 2.61785e-06 1.2052e-06 5.75748e-07 2.82322e-07 1.41077e-07 7.14928e-08 3.66203e-08 1.89157e-08 9.8364e-09 5.14306e-09 2.70127e-09 1.42417e-09 7.53269e-10 3.99516e-10 2.12397e-10 1.13151e-10 6.03856e-11 3.22795e-11 1.72794e-11 9.26118e-12 4.96892e-12 2.66829e-12 1.43373e-12 7.70491e-13 4.13699e-13 2.21259e-13 1.19383e-13
0.000315105 2.12407e-05 7.78033e-06 3.14414e-06 1.36888e-06 6.28544e-07 2.99573e-07 1.46594e-07 7.31155e-08 3.69881e-08 1.89157e-08 9.75604e-09 5.06617e-09 2.64543e-09 1.38775e-09 7.30814e-10 3.86124e-10 2.04583e-10 1.0866e-10 5.7834e-11 3.08404e-11 1.64729e-11 8.81149e-12 4.71934e-12 2.5304e-12 1.35797e-12 7.29241e-13 3.91688e-13 2.10209e-13 1.12386e-13 6.06067e-14
0.000182775 1.12452e-05 4.1107e-06 1.65712e-06 7.19707e-07 3.29722e-07 1.56828e-07 7.65994e-08 3.8139e-08 1.92631e-08 9.8364e-09 5.06617e-09 2.62735e-09 1.37026e-09 7.1799e-10 3.77697e-10 1.99353e-10 1.05524e-10 5.59959e-11 2.97794e-11 1.58674e-11 8.46897e-12 4.52691e-12 2.42293e-12 1.2983e-12 6.96332e-13 3.73728e-13 2.00633e-13 1.07625e-13 5.75215e-14 3.10038e-14
0.000105563 5.97132e-06 2.17962e-06 8.7694e-07 3.80085e-07 1.73788e-07 8.25082e-08 4.02305e-08 1.9999e-08 1.00859e-08 5.14306e-09 2.64543e-09 1.37026e-09 7.13818e-10 3.73624e-10 1.96344e-10 1.03534e-10 5.47541e-11 2.9031e-11 1.54268e-11 8.21368e-12 4.38078e-12 2.34007e-12 1.25167e-12 6.70287e-13 3.59299e-13 1.92737e-13 1.03418e-13 5.54524e-14 2.96275e-14 1.59613e-14
6.0744e-05 3.17909e-06 1.15918e-06 4.65642e-07 2.01466e-07 9.19564e-08 4.3585e-08 2.12184e-08 1.05323e-08 5.30432e-09 2.70127e-09 1.38775e-09 7.1799e-10 3.73624e-10 1.95362e-10 1.02567e-10 5.40356e-11 2.8553e-11 1.51269e-11 8.03217e-12 4.27351e-12 2.27774e-12 1.21591e-12 6.49979e-13 3.47872e-13 1.86371e-13 9.9923e-14 5.35911e-14 2.87234e-14 1.53418e-14 8.26128e-15
3.48417e-05 1.69634e-06 6.18054e-07 2.4795e-07 1.07116e-07 4.88152e-08 2.3102e-08 1.12304e-08 5.56685e-09 2.79997e-09 1.42417e-09 7.30814e-10 3.77697e-10 1.96344e-10 1.02567e-10 5.38003e-11 2.83199e-11 1.49525e-11 7.9156e-12 4.20007e-12 2.23313e-12 1.18947e-12 6.34578e-13 3.39025e-13 1.81348e-13 9.71061e-14 5.20382e-14 2.78968e-14 1.49459e-14 7.98057e-15 4.29549e-15
1.99284e-05 9.06928e-07 3.30255e-07 1.32348e-07 5.70986e-08 2.59845e-08 1.22801e-08 5.96163e-09 2.95136e-09 1.48265e-09 7.53269e-10 3.86124e-10 1.99353e-10 1.03534e-10 5.40356e-11 2.83199e-11 1.48953e-11 7.85859e-12 4.15722e-12 2.20435e-12 1.17127e-12 6.23491e-13 3.32438e-13 1.77507e-13 9.4901e-14 5.07913e-14 2.72059e-14 1.45783e-14 7.80745e-15 4.16771e-15 2.24229e-15
1.137e-05 4.85705e-07 1.76801e-07 7.07879e-08 3.05037e-08 1.38639e-08 6.54354e-09 3.17271e-09 1.5688e-09 7.87208e-10 3.99516e-10 2.04583e-10 1.05524e-10 5.47541e-11 2.8553e-11 1.49525e-11 7.85859e-12 4.14313e-12 2.19024e-12 1.16062e-12 6.1631e-13 3.27884e-13 1.74727e-13 9.32475e-14 4.98281e-14 2.66555e-14 1.42714e-14 7.64418e-15 4.09237e-15 2.18396e-15 1.17453e-15
6.47269e-06 2.60508e-07 9.48042e-08 3.79285e-08 1.63267e-08 7.41175e-09 3.49405e-09 1.69215e-09 8.3577e-10 4.18933e-10 2.12397e-10 1.0866e-10 5.59959e-11 2.9031e-11 1.51269e-11 7.9156e-12 4.15722e-12 2.19024e-12 1.15711e-12 6.12781e-13 3.25209e-13 1.72919e-13 9.20987e-14 4.91262e-14 2.62387e-14 1.403e-14 7.50849e-15 4.02018e-15 2.15147e-15 1.14787e-15 6.17082e-16
3.67741e-06 1.39908e-07 5.09078e-08 2.03533e-08 8.75294e-09 3.96921e-09 1.86908e-09 9.04192e-10 4.46118e-10 2.23393e-10 1.13151e-10 5.7834e-11 2.97794e-11 1.54268e-11 8.03217e-12 4.20007e-12 2.20435e-12 1.16062e-12 6.12781e-13 3.24328e-13 1.72029e-13 9.14222e-14 4.8668e-14 2.59474e-14 1.38524e-14 7.40378e-15 3.96068e-15 2.11981e-15 1.13407e-15 6.04908e-16 3.25071e-16
2.08553e-06 7.52255e-08 2.73702e-08 1.09366e-08 4.69919e-09 2.12881e-09 1.0014e-09 4.83936e-10 2.38528e-10 1.19328e-10 6.03856e-11 3.08404e-11 1.58674e-11 8.21368e-12 4.27351e-12 2.23313e-12 1.17127e-12 6.1631e-13 3.25209e-13 1.72029e-13 9.11987e-14 4.84418e-14 2.57753e-14 1.37359e-14 7.32989e-15 3.91601e-15 2.09406e-15 1.12036e-15 5.99186e-16 3.19526e-16 1.71648e-16
1.1808e-06 4.04889e-08 1.47315e-08 5.88343e-09 2.52595e-09 1.14321e-09 5.37233e-10 2.59365e-10 1.27715e-10 6.38326e-11 3.22795e-11 1.64729e-11 8.46897e-12 4.38078e-12 2.27774e-12 1.18947e-12 6.23491e-13 3.27884e-13 1.72919e-13 9.14222e-14 4.84418e-14 2.57184e-14 1.36781e-14 7.28599e-15 3.88641e-15 2.0755e-15 1.10944e-15 5.93364e-16 3.17241e-16 1.69135e-16 9.08273e-17
6.67554e-07 2.18123e-08 7.9364e-09 3.16819e-09 1.35917e-09 6.14576e-10 2.88526e-10 1.39157e-10 6.84578e-11 3.41966e-11 1.72794e-11 8.81149e-12 4.52691e-12 2.34007e-12 1.21591e-12 6.34578e-13 3.32438e-13 1.74727e-13 9.20987e-14 4.8668e-14 2.57753e-14 1.36781e-14 7.27144e-15 3.87168e-15 2.06436e-15 1.10203e-15 5.88869e-16 3.14839e-16 1.68278e-16 8.96962e-17 4.8152e-17
3.76872e-07 1.17601e-08 4.27903e-09 1.70739e-09 7.31908e-10 3.30629e-10 1.5506e-10 7.471e-11 3.67455e-11 1.83416e-11 9.26118e-12 4.71934e-12 2.42293e-12 1.25167e-12 6.49979e-13 3.39025e-13 1.77507e-13 9.32475e-14 4.91262e-14 2.59474e-14 1.37359e-14 7.28599e-15 3.87168e-15 2.06065e-15 1.09831e-15 5.86101e-16 3.13074e-16 1.67331e-16 8.94106e-17 4.76479e-17 2.55709e-17
2.12488e-07 6.34438e-09 2.30837e-09 9.20546e-10 3.94238e-10 1.77886e-10 8.33272e-11 4.01687e-11 1.97427e-11 9.84764e-12 4.96892e-12 2.5304e-12 1.2983e-12 6.70287e-13 3.47872e-13 1.81348e-13 9.4901e-14 4.98281e-14 2.62387e-14 1.38524e-14 7.32989e-15 3.88641e-15 2.06436e-15 1.09831e-15 5.85171e-16 3.12162e-16 1.6669e-16 8.90645e-17 4.7577e-17 2.53491e-17 1.35998e-17
1.1965e-07 3.42371e-09 1.24529e-09 4.96121e-10 2.12164e-10 9.55782e-11 4.48632e-11 2.1613e-11 1.06156e-11 5.29155e-12 2.66829e-12 1.35797e-12 6.96332e-13 3.59299e-13 1.86371e-13 9.71061e-14 5.07913e-14 2.66555e-14 1.403e-14 7.40378e-15 3.91601e-15 2.0755e-15 1.10203e-15 5.86101e-16 3.12162e-16 1.66468e-16 8.88634e-17 4.74667e-17 2.53493e-17 1.35035e-17 7.24253e-18
6.72747e-08 1.84659e-09 6.70857e-10 2.66697e-10 1.13753e-10 5.15084e-11 2.41647e-11 1.16345e-11 5.71094e-12 2.84497e-12 1.43373e-12 7.29241e-13 3.73728e-13 1.92737e-13 9.9923e-14 5.20382e-14 2.72059e-14 1.42714e-14 7.50849e-15 3.96068e-15 2.09406e-15 1.10944e-15 5.88869e-16 3.13074e-16 1.6669e-16 8.88634e-17 4.74225e-17 2.53237e-17 1.35206e-17 7.20103e-18 3.86116e-18
3.77411e-08 9.93053e-10 3.59469e-10 1.42194e-10 6.13229e-11 2.77573e-11 1.30156e-11 6.26307e-12 3.07254e-12 1.52975e-12 7.70491e-13 3.91688e-13 2.00633e-13 1.03418e-13 5.35911e-14 2.78968e-14 1.45783e-14 7.64418e-15 4.02018e-15 2.11981e-15 1.12036e-15 5.93364e-16 3.14839e-16 1.67331e-16 8.90645e-17 4.74667e-17 2.53237e-17 1.35193e-17 7.21642e-18 3.84278e-18 2.05994e-18
2.10695e-08 5.28748e-10 1.89484e-10 7.65813e-11 3.30204e-11 1.49409e-11 7.00261e-12 3.36793e-12 1.65139e-12 8.21773e-13 4.13699e-13 2.10209e-13 1.07625e-13 5.54524e-14 2.87234e-14 1.49459e-14 7.80745e-15 4.09237e-15 2.15147e-15 1.13407e-15 5.99186e-16 3.17241e-16 1.68278e-16 8.94106e-17 4.7577e-17 2.53493e-17 1.35206e-17 7.21642e-18 3.8512e-18 2.05046e-18 1.09891e-18
1.16034e-08 2.72925e-10 1.01593e-10 4.10584e-11 1.76998e-11 8.00613e-12 3.75097e-12 1.80333e-12 8.83876e-13 4.3967e-13 2.21259e-13 1.12386e-13 5.75215e-14 2.96275e-14 1.53418e-14 7.98057e-15 4.16771e-15 2.18396e-15 1.14787e-15 6.04908e-16 3.19526e-16 1.69135e-16 8.96962e-17 4.76479e-17 2.53491e-17 1.35035e-17 7.20103e-18 3.84278e-18 2.05046e-18 1.09159e-18 5.84914e-19
6.50472e-09 1.4784e-10 5.50465e-11 2.22434e-11 9.58479e-12 4.33299e-12 2.02878e-12 9.74745e-13 4.77461e-13 2.37364e-13 1.19383e-13 6.06067e-14 3.10038e-14 1.59613e-14 8.26128e-15 4.29549e-15 2.24229e-15 1.17453e-15 6.17082e-16 3.25071e-16 1.71648e-16 9.08273e-17 4.8152e-17 2.55709e-17 1.35998e-17 7.24253e-18 3.86116e-18 2.05994e-18 1.09891e-18 5.84914e-19 3.13339e-19
