0.937255 0.0139501 0.00742014 0.0039468 0.00209932 0.00111664 0.000593943 0.00031592 0.000168039 8.93808e-05 4.7542e-05 2.52878e-05 1.34507e-05 7.15446e-06 3.80548e-06 2.02415e-06 1.07665e-06 5.72677e-07 3.04609e-07 1.62023e-07 8.61805e-08 4.58397e-08 2.43823e-08 1.29691e-08 6.89829e-09 3.66923e-09 1.95168e-09 1.0381e-09 5.52172e-10 2.93702e-10 1.56222e-10 8.30948e-11 4.41985e-11 2.35093e-11 1.25047e-11 6.6513e-12 3.53785e-12 1.8818e-12 1.00094e-12 5.32402e-13 2.83187e-13 1.50628e-13 8.01196e-14 4.26159e-14 2.26676e-14 1.2057e-14 6.41315e-15 3.41118e-15 1.81442e-15 9.65097e-16 5.13339e-16 2.73047e-16 1.45235e-16 7.7251e-17 4.10901e-17 2.1856e-17 1.16253e-17 6.18353e-18 3.28904e-18 1.74946e-18 9.30542e-19 4.94959e-19 2.63271e-19 1.40035e-19 7.4485e-20 3.96189e-20 2.10734e-20 1.1209e-20 5.96213e-21 3.17128e-21 1.68682e-21 8.97224e-22 4.77237e-22 2.53844e-22 1.35021e-22 7.18181e-23 3.82003e-23 2.03189e-23 1.08077e-23 5.74866e-24 3.05773e-24 1.62642e-24 8.65099e-25 4.6015e-25 2.44755e-25 1.30186e-25 6.92466e-26 3.68326e-26 1.95914e-26 1.04207e-26 5.54283e-27 2.94825e-27 1.56819e-27 8.34124e-28 4.43674e-28 2.35992e-28 1.25525e-28 6.67673e-29 3.55138e-29 1.88899e-29 1.00476e-29
0.0139501 0.000657738 0.000356639 0.000193307 0.00010474 5.67328e-05 3.07195e-05 1.66287e-05 8.99854e-06 4.86809e-06 2.63283e-06 1.42354e-06 7.69484e-07 4.15834e-07 2.24663e-07 1.2135e-07 6.55312e-08 3.538e-08 1.90973e-08 1.03061e-08 5.56065e-09 2.99965e-09 1.61782e-09 8.72384e-10 4.70332e-10 2.53527e-10 1.36637e-10 7.36268e-11 3.96673e-11 2.13678e-11 1.15084e-11 6.19737e-12 3.33682e-12 1.79637e-12 9.66929e-13 5.20395e-13 2.80035e-13 1.50673e-13 8.10587e-14 4.36023e-14 2.34512e-14 1.26115e-14 6.78137e-15 3.64601e-15 1.96005e-15 1.05358e-15 5.6627e-16 3.04321e-16 1.63528e-16 8.78639e-17 4.72046e-17 2.5358e-17 1.36208e-17 7.31561e-18 3.92877e-18 2.10972e-18 1.1328e-18 6.08193e-19 3.26508e-19 1.75271e-19 9.4078e-20 5.04931e-20 2.70982e-20 1.45417e-20 7.80289e-21 4.18662e-21 2.24615e-21 1.20498e-21 6.46388e-22 3.46716e-22 1.85962e-22 9.97344e-23 5.34855e-23 2.86813e-23 1.53791e-23 8.2459e-24 4.42096e-24 2.37011e-24 1.27055e-24 6.81068e-25 3.65059e-25 1.95663e-25 1.04865e-25 5.6199e-26 3.01163e-26 1.6138e-26 8.64719e-27 4.63315e-27 2.48231e-27 1.32988e-27 7.12436e-28 3.81643e-28 2.04431e-28 1.09501e-28 5.86495e-29 3.14117e-29 1.68228e-29 9.00916e-30 4.82448e-30 2.58344e-30 1.38333e-30
0.00742014 0.000356639 0.000193627 0.000105084 5.70096e-05 3.09177e-05 1.67617e-05 9.08422e-06 4.92175e-06 2.66575e-06 1.44341e-06 7.81338e-07 4.22831e-07 2.2876e-07 1.23731e-07 6.6907e-08 3.61708e-08 1.95498e-08 1.0564e-08 5.70711e-09 3.08257e-09 1.66463e-09 8.98741e-10 4.85139e-10 2.61827e-10 1.4128e-10 7.622e-11 4.11131e-11 2.21726e-11 1.19558e-11 6.44573e-12 3.47452e-12 1.87262e-12 1.00911e-12 5.43707e-13 2.92906e-13 1.57771e-13 8.49707e-14 4.57564e-14 2.46364e-14 1.32631e-14 7.13938e-15 3.84257e-15 2.0679e-15 1.11272e-15 5.9868e-16 3.22072e-16 1.73246e-16 9.31807e-17 5.01121e-17 2.69472e-17 1.44891e-17 7.78979e-18 4.18762e-18 2.25095e-18 1.20983e-18 6.50195e-19 3.494e-19 1.87743e-19 1.00871e-19 5.41914e-20 2.91111e-20 1.56369e-20 8.39864e-21 4.51057e-21 2.42225e-21 1.30069e-21 6.98388e-22 3.74961e-22 2.013e-22 1.08061e-22 5.80052e-23 3.11338e-23 1.67097e-23 8.96756e-24 4.81229e-24 2.58227e-24 1.38555e-24 7.4339e-25 3.98826e-25 2.13956e-25 1.14772e-25 6.15638e-26 3.30209e-26 1.77103e-26 9.49815e-27 5.09363e-27 2.73144e-27 1.46465e-27 7.85328e-28 4.21062e-28 2.25745e-28 1.21023e-28 6.48777e-29 3.47778e-29 1.86417e-29 9.99194e-30 5.35541e-30 2.87022e-30 1.53822e-30 8.24326e-31
0.0039468 0.000193307 0.000105084 5.7102e-05 3.1017e-05 1.68418e-05 9.14159e-06 4.96028e-06 2.69059e-06 1.45898e-06 7.90892e-07 4.28604e-07 2.32204e-07 1.25766e-07 6.80988e-08 3.6864e-08 1.99506e-08 1.07945e-08 5.8391e-09 3.15784e-09 1.7074e-09 9.22971e-10 4.98826e-10 2.69538e-10 1.45615e-10 7.86514e-11 4.24742e-11 2.29332e-11 1.23801e-11 6.68208e-12 3.60598e-12 1.94565e-12 1.04962e-12 5.66156e-13 3.05331e-13 1.64642e-13 8.87662e-14 4.78511e-14 2.57914e-14 1.38995e-14 7.48974e-15 4.03531e-15 2.17386e-15 1.17093e-15 6.30637e-16 3.39606e-16 1.82861e-16 9.845e-17 5.29983e-17 2.85273e-17 1.53537e-17 8.26266e-18 4.44612e-18 2.39221e-18 1.28698e-18 6.92318e-19 3.72388e-19 2.00284e-19 1.0771e-19 5.79197e-20 3.11429e-20 1.67438e-20 9.00141e-21 4.83873e-21 2.60086e-21 1.39787e-21 7.51244e-22 4.03703e-22 2.16925e-22 1.16553e-22 6.26192e-23 3.36402e-23 1.80708e-23 9.7066e-24 5.21346e-24 2.79998e-24 1.50368e-24 8.07468e-25 4.33579e-25 2.328e-25 1.24988e-25 6.7101e-26 3.60216e-26 1.93361e-26 1.03789e-26 5.57065e-27 2.98976e-27 1.60451e-27 8.61041e-28 4.62041e-28 2.47922e-28 1.33022e-28 7.13693e-29 3.82892e-29 2.05408e-29 1.10189e-29 5.91066e-30 3.17039e-30 1.70047e-30 9.12015e-31 4.8912e-31
0.00209932 0.00010474 5.70096e-05 3.1017e-05 1.68685e-05 9.17034e-06 4.98347e-06 2.70721e-06 1.47015e-06 7.98099e-07 4.33123e-07 2.3498e-07 1.27444e-07 6.91008e-08 3.74563e-08 2.02977e-08 1.09965e-08 5.95598e-09 3.2251e-09 1.74594e-09 9.44963e-10 5.11331e-10 2.76626e-10 1.49621e-10 8.091e-11 4.37445e-11 2.36461e-11 1.27795e-11 6.90538e-12 3.73063e-12 2.01512e-12 1.08829e-12 5.87645e-13 3.1726e-13 1.71256e-13 9.24294e-14 4.98778e-14 2.69117e-14 1.45182e-14 7.83107e-15 4.22348e-15 2.27751e-15 1.22799e-15 6.62021e-16 3.56857e-16 1.92337e-16 1.03652e-16 5.58527e-17 3.00926e-17 1.62115e-17 8.73255e-18 4.70339e-18 2.53299e-18 1.36399e-18 7.3442e-19 3.95397e-19 2.12853e-19 1.14574e-19 6.16662e-20 3.31871e-20 1.78588e-20 9.6094e-21 5.17013e-21 2.78143e-21 1.49623e-21 8.04809e-22 4.32864e-22 2.32795e-22 1.25188e-22 6.73159e-23 3.61942e-23 1.94593e-23 1.04612e-23 5.62351e-24 3.02274e-24 1.62466e-24 8.73162e-25 4.69242e-25 2.52156e-25 1.35492e-25 7.27996e-26 3.91126e-26 2.10124e-26 1.12878e-26 6.06339e-27 3.25683e-27 1.74924e-27 9.39456e-28 5.04521e-28 2.7093e-28 1.45482e-28 7.81159e-29 4.19415e-29 2.25178e-29 1.20888e-29 6.48964e-30 3.48364e-30 1.86992e-30 1.00367e-30 5.38691e-31 2.89112e-31
0.00111664 5.67328e-05 3.09177e-05 1.68418e-05 9.17034e-06 4.99121e-06 2.71554e-06 1.47688e-06 8.02923e-07 4.36367e-07 2.37074e-07 1.28758e-07 6.99083e-08 3.79448e-08 2.05896e-08 1.11691e-08 6.05721e-09 3.28406e-09 1.78007e-09 9.64615e-10 5.22596e-10 2.83059e-10 1.53281e-10 8.29856e-11 4.49184e-11 2.43083e-11 1.31522e-11 7.11465e-12 3.84792e-12 2.08074e-12 1.12494e-12 6.08085e-13 3.28642e-13 1.77586e-13 9.59451e-14 5.18283e-14 2.79926e-14 1.51165e-14 8.162e-15 4.40633e-15 2.37846e-15 1.28367e-15 6.92711e-16 3.7376e-16 2.0164e-16 1.08769e-16 5.86648e-17 3.16372e-17 1.70595e-17 9.19781e-18 4.95852e-18 2.67282e-18 1.44059e-18 7.76361e-19 4.18351e-19 2.2541e-19 1.2144e-19 6.5419e-20 3.52375e-20 1.89786e-20 1.02207e-20 5.50377e-21 2.96345e-21 1.5955e-21 8.5893e-22 4.62361e-22 2.48867e-22 1.33942e-22 7.20826e-23 3.87891e-23 2.08715e-23 1.12296e-23 6.04144e-24 3.25001e-24 1.74822e-24 9.40321e-25 5.05737e-25 2.71983e-25 1.46261e-25 7.86478e-26 4.22878e-26 2.2736e-26 1.22232e-26 6.57092e-27 3.53216e-27 1.89858e-27 1.02044e-27 5.48431e-28 2.94734e-28 1.58384e-28 8.51076e-29 4.57298e-29 2.45701e-29 1.32004e-29 7.09165e-30 3.80962e-30 2.04641e-30 1.09921e-30 5.904e-31 3.17095e-31 1.70298e-31
0.000593943 3.07195e-05 1.67617e-05 9.14159e-06 4.98347e-06 2.71554e-06 1.47912e-06 8.05341e-07 4.3832e-07 2.38476e-07 1.29701e-07 7.05174e-08 3.83272e-08 2.08247e-08 1.13115e-08 6.14231e-09 3.33441e-09 1.80962e-09 9.81835e-10 5.3257e-10 2.88806e-10 1.56577e-10 8.48689e-11 4.59906e-11 2.49168e-11 1.34965e-11 7.30898e-12 3.95735e-12 2.14223e-12 1.15942e-12 6.27387e-13 3.39429e-13 1.83605e-13 9.92988e-14 5.36944e-14 2.90297e-14 1.56922e-14 8.48119e-15 4.58313e-15 2.47629e-15 1.33776e-15 7.22587e-16 3.90249e-16 2.10733e-16 1.1378e-16 6.14242e-17 3.31557e-17 1.78946e-17 9.65675e-18 5.2106e-18 2.81121e-18 1.51652e-18 8.17997e-19 4.41172e-19 2.37912e-19 1.28285e-19 6.9166e-20 3.72875e-20 2.00997e-20 1.08336e-20 5.83864e-21 3.14637e-21 1.69538e-21 9.13449e-22 4.92109e-22 2.65094e-22 1.42791e-22 7.69064e-23 4.14179e-23 2.23037e-23 1.20097e-23 6.4662e-24 3.48123e-24 1.87406e-24 1.00878e-24 5.42978e-25 2.92235e-25 1.57272e-25 8.46329e-26 4.55403e-26 2.45032e-26 1.31831e-26 7.09226e-27 3.81524e-27 2.05225e-27 1.10385e-27 5.93697e-28 3.19293e-28 1.71707e-28 9.23335e-29 4.96483e-29 2.66946e-29 1.43522e-29 7.71589e-30 4.14791e-30 2.22971e-30 1.19851e-30 6.4419e-31 3.46227e-31 1.86074e-31 9.99968e-32
0.00031592 1.66287e-05 9.08422e-06 4.96028e-06 2.70721e-06 1.47688e-06 8.05341e-07 4.38972e-07 2.39178e-07 1.30269e-07 7.09251e-08 3.86016e-08 2.10021e-08 1.14229e-08 6.21088e-09 3.37594e-09 1.83446e-09 9.96543e-10 5.41206e-10 2.93841e-10 1.59495e-10 8.65514e-11 4.69562e-11 2.54687e-11 1.38109e-11 7.48751e-12 4.05843e-12 2.19931e-12 1.19158e-12 6.45469e-13 3.49575e-13 1.89288e-13 1.02476e-13 5.54685e-14 3.00187e-14 1.62428e-14 8.78737e-15 4.75318e-15 2.57063e-15 1.39004e-15 7.51535e-16 4.06261e-16 2.19582e-16 1.18666e-16 6.41205e-17 3.46423e-17 1.87137e-17 1.01077e-17 5.45874e-18 2.94766e-18 1.5915e-18 8.59183e-19 4.63781e-19 2.50316e-19 1.35088e-19 7.28946e-20 3.93303e-20 2.12184e-20 1.14459e-20 6.17369e-21 3.32962e-21 1.79557e-21 9.68203e-22 5.22022e-22 2.8143e-22 1.51709e-22 8.17738e-23 4.40735e-23 2.37521e-23 1.27994e-23 6.89667e-24 3.71581e-24 2.00185e-24 1.07839e-24 5.80875e-25 3.12865e-25 1.68499e-25 9.07415e-26 4.88631e-26 2.63102e-26 1.41656e-26 7.62635e-27 4.10551e-27 2.20997e-27 1.18954e-27 6.40234e-28 3.44565e-28 1.85428e-28 9.97817e-29 5.36907e-29 2.88882e-29 1.55423e-29 8.36146e-30 4.49804e-30 2.41958e-30 1.30146e-30 6.99996e-31 3.76475e-31 2.02466e-31 1.08879e-31 5.85481e-32
0.000168039 8.99854e-06 4.92175e-06 2.69059e-06 1.47015e-06 8.02923e-07 4.3832e-07 2.39178e-07 1.30458e-07 7.11294e-08 3.87668e-08 2.11208e-08 1.15029e-08 6.26259e-09 3.40845e-09 1.85447e-09 1.00867e-09 5.48466e-10 2.98142e-10 1.62022e-10 8.80253e-11 4.78109e-11 2.59618e-11 1.4094e-11 7.64945e-12 4.15073e-12 2.25175e-12 1.22129e-12 6.62254e-13 3.59038e-13 1.94611e-13 1.05465e-13 5.71431e-14 3.09556e-14 1.67662e-14 9.07929e-15 4.91579e-15 2.6611e-15 1.44031e-15 7.79439e-16 4.21734e-16 2.28154e-16 1.2341e-16 6.67436e-17 3.60916e-17 1.95137e-17 1.05491e-17 5.70203e-18 3.08168e-18 1.66529e-18 8.99776e-19 4.86101e-19 2.62582e-19 1.41825e-19 7.65926e-20 4.13592e-20 2.2331e-20 1.20558e-20 6.50786e-21 3.51263e-21 1.89575e-21 1.02303e-21 5.5201e-22 2.97827e-22 1.60672e-22 8.66709e-23 4.67483e-23 2.52126e-23 1.35966e-23 7.33171e-24 3.95313e-24 2.13128e-24 1.14895e-24 6.19336e-25 3.33822e-25 1.79916e-25 9.69592e-26 5.22486e-26 2.81531e-26 1.51686e-26 8.17205e-27 4.40235e-27 2.37141e-27 1.27732e-27 6.87954e-28 3.70501e-28 1.99522e-28 1.07439e-28 5.785e-29 3.11471e-29 1.67688e-29 9.02736e-30 4.85949e-30 2.61574e-30 1.4079e-30 7.57742e-31 4.07799e-31 2.19455e-31 1.18091e-31 6.35429e-32 3.41894e-32
8.93808e-05 4.86809e-06 2.66575e-06 1.45898e-06 7.98099e-07 4.36367e-07 2.38476e-07 1.30269e-07 7.11294e-08 3.8822e-08 2.11803e-08 1.1551e-08 6.2972e-09 3.43178e-09 1.86957e-09 1.01817e-09 5.54314e-10 3.01688e-10 1.64146e-10 8.92841e-11 4.85508e-11 2.63937e-11 1.43446e-11 7.79408e-12 4.23383e-12 2.2993e-12 1.24841e-12 6.77669e-13 3.67775e-13 1.9955e-13 1.08251e-13 5.87112e-14 3.18364e-14 1.72601e-14 9.35575e-15 5.0703e-15 2.74733e-15 1.48837e-15 8.06191e-16 4.36607e-16 2.36414e-16 1.27993e-16 6.92834e-17 3.74979e-17 2.02918e-17 1.09792e-17 5.93959e-18 3.21279e-18 1.7376e-18 9.39632e-19 5.08053e-19 2.74666e-19 1.48472e-19 8.02475e-20 4.33676e-20 2.34341e-20 1.26613e-20 6.84008e-21 3.69483e-21 1.99563e-21 1.07775e-21 5.81982e-22 3.14236e-22 1.69652e-22 9.15834e-23 4.94347e-23 2.66812e-23 1.43992e-23 7.77013e-24 4.19256e-24 2.26199e-24 1.22029e-24 6.58261e-25 3.55055e-25 1.91494e-25 1.03271e-25 5.56887e-26 3.00275e-26 1.61897e-26 8.72814e-27 4.70513e-27 2.53623e-27 1.36702e-27 7.3676e-28 3.97051e-28 2.13962e-28 1.15291e-28 6.21188e-29 3.34673e-29 1.80298e-29 9.71247e-30 5.23168e-30 2.81789e-30 1.51767e-30 8.17346e-31 4.40156e-31 2.37017e-31 1.27622e-31 6.87143e-32 3.69949e-32 1.99164e-32
4.7542e-05 2.63283e-06 1.44341e-06 7.90892e-07 4.33123e-07 2.37074e-07 1.29701e-07 7.09251e-08 3.87668e-08 2.11803e-08 1.15671e-08 6.31455e-09 3.44582e-09 1.87967e-09 1.02498e-09 5.58724e-10 3.04463e-10 1.65856e-10 9.0322e-11 4.91726e-11 2.67625e-11 1.45615e-11 7.92076e-12 4.30737e-12 2.34177e-12 1.27282e-12 6.91648e-13 3.7575e-13 2.04086e-13 1.10823e-13 6.01663e-14 3.26575e-14 1.77225e-14 9.61561e-15 5.21608e-15 2.82898e-15 1.53403e-15 8.31683e-16 4.50822e-16 2.4433e-16 1.32396e-16 7.17303e-17 3.88561e-17 2.10449e-17 1.13964e-17 6.17054e-18 3.34052e-18 1.80818e-18 9.78609e-19 5.2956e-19 2.86525e-19 1.55007e-19 8.38466e-20 4.53485e-20 2.45237e-20 1.32604e-20 7.16926e-21 3.87561e-21 2.09487e-21 1.1322e-21 6.11844e-22 3.30606e-22 1.78622e-22 9.64968e-23 5.21249e-23 2.81536e-23 1.52047e-23 8.21071e-24 4.43344e-24 2.39364e-24 1.29222e-24 6.9755e-25 3.76507e-25 2.03205e-25 1.09662e-25 5.91751e-26 3.19291e-26 1.72265e-26 9.29336e-27 5.01317e-27 2.70407e-27 1.45844e-27 7.86549e-28 4.2416e-28 2.28719e-28 1.23322e-28 6.64888e-29 3.58447e-29 1.93228e-29 1.04156e-29 5.61396e-30 3.02569e-30 1.63061e-30 8.78715e-31 4.73496e-31 2.55128e-31 1.37458e-31 7.40553e-32 3.98947e-32 2.14905e-32 1.15759e-32
2.52878e-05 1.42354e-06 7.81338e-07 4.28604e-07 2.3498e-07 1.28758e-07 7.05174e-08 3.86016e-08 2.11208e-08 1.1551e-08 6.31455e-09 3.45051e-09 1.88473e-09 1.02908e-09 5.61675e-10 3.06455e-10 1.67146e-10 9.11341e-11 4.96735e-11 2.70665e-11 1.47438e-11 8.02893e-12 4.37102e-12 2.37896e-12 1.29442e-12 7.04129e-13 3.82929e-13 2.08199e-13 1.13171e-13 6.15021e-14 3.34155e-14 1.81514e-14 9.85781e-15 5.35254e-15 2.9057e-15 1.57709e-15 8.55813e-16 4.64322e-16 2.51872e-16 1.36604e-16 7.40748e-17 4.01609e-17 2.17703e-17 1.17992e-17 6.39402e-18 3.46439e-18 1.87678e-18 1.01656e-18 5.50546e-19 2.98119e-19 1.61408e-19 8.73777e-20 4.72953e-20 2.55964e-20 1.3851e-20 7.49431e-21 4.0544e-21 2.19316e-21 1.18621e-21 6.41504e-22 3.46888e-22 1.87555e-22 1.01396e-22 5.48109e-23 2.96255e-23 1.6011e-23 8.65219e-24 4.67509e-24 2.52587e-24 1.36455e-24 7.37096e-25 3.98124e-25 2.15017e-25 1.16115e-25 6.26992e-26 3.38531e-26 1.82766e-26 9.86636e-27 5.32575e-27 2.87454e-27 1.55139e-27 8.37214e-28 4.51771e-28 2.43762e-28 1.31516e-28 7.09514e-29 3.82744e-29 2.06454e-29 1.11355e-29 6.00566e-30 3.23878e-30 1.74652e-30 9.41746e-31 5.07768e-31 2.73758e-31 1.47584e-31 7.95581e-32 4.28845e-32 2.31147e-32 1.24581e-32 6.71404e-33
1.34507e-05 7.69484e-07 4.22831e-07 2.32204e-07 1.27444e-07 6.99083e-08 3.83272e-08 2.10021e-08 1.15029e-08 6.2972e-09 3.44582e-09 1.88473e-09 1.03045e-09 5.63154e-10 3.07653e-10 1.68009e-10 9.17169e-11 5.00512e-11 2.73045e-11 1.48906e-11 8.11809e-12 4.4245e-12 2.41071e-12 1.31312e-12 7.15058e-13 3.8928e-13 2.1187e-13 1.15284e-13 6.27131e-14 3.41071e-14 1.85452e-14 1.00813e-14 5.47911e-15 2.9772e-15 1.61739e-15 8.78486e-16 4.77054e-16 2.5901e-16 1.40599e-16 7.63078e-17 4.14073e-17 2.24651e-17 1.21861e-17 6.6092e-18 3.58394e-18 1.94314e-18 1.05336e-18 5.70934e-19 3.09405e-19 1.67651e-19 9.08284e-20 4.92012e-20 2.66483e-20 1.44313e-20 7.81416e-21 4.23061e-21 2.29017e-21 1.23959e-21 6.70867e-22 3.63029e-22 1.96424e-22 1.06267e-22 5.74845e-23 3.10925e-23 1.68156e-23 9.09329e-24 4.91682e-24 2.65829e-24 1.43706e-24 7.76793e-25 4.19847e-25 2.269e-25 1.22613e-25 6.62518e-26 3.57947e-26 1.93374e-26 1.04458e-26 5.64213e-27 3.04725e-27 1.64564e-27 8.88641e-28 4.79822e-28 2.59059e-28 1.39856e-28 7.54973e-29 4.07517e-29 2.19951e-29 1.18706e-29 6.40603e-30 3.45678e-30 1.86519e-30 1.00633e-30 5.42912e-31 2.92878e-31 1.57984e-31 8.52142e-32 4.596e-32 2.47867e-32 1.33669e-32 7.20796e-33 3.88657e-33
7.15446e-06 4.15834e-07 2.2876e-07 1.25766e-07 6.91008e-08 3.79448e-08 2.08247e-08 1.14229e-08 6.26259e-09 3.43178e-09 1.87967e-09 1.02908e-09 5.63154e-10 3.08053e-10 1.68442e-10 9.20676e-11 5.03039e-11 2.74752e-11 1.50013e-11 8.18786e-12 4.46757e-12 2.43689e-12 1.32882e-12 7.24388e-13 3.94776e-13 2.15085e-13 1.17153e-13 6.37941e-14 3.47295e-14 1.89021e-14 1.02853e-14 5.59527e-15 3.04318e-15 1.65477e-15 8.9961e-16 4.88967e-16 2.65715e-16 1.44366e-16 7.84205e-17 4.25904e-17 2.31267e-17 1.25556e-17 6.81525e-18 3.69873e-18 2.00701e-18 1.08887e-18 5.9065e-19 3.20344e-19 1.73714e-19 9.41865e-20 5.10596e-20 2.76759e-20 1.49991e-20 8.12772e-21 4.40364e-21 2.3856e-21 1.29219e-21 6.99838e-22 3.78978e-22 2.052e-22 1.11093e-22 6.01375e-23 3.25501e-23 1.76161e-23 9.53272e-24 5.15793e-24 2.79054e-24 1.50957e-24 8.16529e-25 4.41616e-25 2.38822e-25 1.2914e-25 6.98237e-26 3.77488e-26 2.04062e-26 1.10301e-26 5.96153e-27 3.22178e-27 1.74098e-27 9.40709e-28 5.08251e-28 2.74576e-28 1.48324e-28 8.01168e-29 4.32713e-29 2.33691e-29 1.26197e-29 6.81429e-30 3.67925e-30 1.98639e-30 1.07235e-30 5.78866e-31 3.12455e-31 1.68641e-31 9.10143e-32 4.91163e-32 2.65039e-32 1.4301e-32 7.71599e-33 4.16283e-33 2.24572e-33
3.80548e-06 2.24663e-07 1.23731e-07 6.80988e-08 3.74563e-08 2.05896e-08 1.13115e-08 6.21088e-09 3.40845e-09 1.86957e-09 1.02498e-09 5.61675e-10 3.07653e-10 1.68442e-10 9.21847e-11 5.04306e-11 2.75779e-11 1.50754e-11 8.23792e-12 4.50004e-12 2.45737e-12 1.34147e-12 7.32078e-13 3.99393e-13 2.17829e-13 1.1877e-13 6.47405e-14 3.528e-14 1.92206e-14 1.04688e-14 5.70054e-15 3.10336e-15 1.68907e-15 9.19098e-16 5.00012e-16 2.7196e-16 1.4789e-16 8.04048e-17 4.37057e-17 2.37525e-17 1.29062e-17 7.01142e-18 3.80833e-18 2.06816e-18 1.12295e-18 6.09623e-19 3.30895e-19 1.79576e-19 9.74401e-20 5.28638e-20 2.86757e-20 1.55526e-20 8.43393e-21 4.57292e-21 2.47911e-21 1.34382e-21 7.28322e-22 3.94685e-22 2.13855e-22 1.1586e-22 6.27617e-23 3.39939e-23 1.84101e-23 9.96914e-24 5.39771e-24 2.92221e-24 1.58185e-24 8.56191e-25 4.63371e-25 2.5075e-25 1.35677e-25 7.34054e-26 3.97105e-26 2.14802e-26 1.16179e-26 6.28316e-27 3.3977e-27 1.83718e-27 9.93295e-28 5.36989e-28 2.90277e-28 1.569e-28 8.47998e-29 4.58278e-29 2.47644e-29 1.3381e-29 7.22962e-30 3.90577e-30 2.1099e-30 1.13968e-30 6.15564e-31 3.32452e-31 1.79536e-31 9.69485e-32 5.23479e-32 2.82635e-32 1.52589e-32 8.23734e-33 4.44654e-33 2.40009e-33 1.29539e-33
2.02415e-06 1.2135e-07 6.6907e-08 3.6864e-08 2.02977e-08 1.11691e-08 6.14231e-09 3.37594e-09 1.85447e-09 1.01817e-09 5.58724e-10 3.06455e-10 1.68009e-10 9.20676e-11 5.04306e-11 2.76122e-11 1.51125e-11 8.26804e-12 4.52177e-12 2.47206e-12 1.35101e-12 7.38094e-13 4.03111e-13 2.2009e-13 1.20128e-13 6.55482e-14 3.57563e-14 1.94995e-14 1.0631e-14 5.79449e-15 3.1575e-15 1.72014e-15 9.36873e-16 5.10146e-16 2.77721e-16 1.51157e-16 8.22528e-17 4.47489e-17 2.43402e-17 1.32367e-17 7.19694e-18 3.91231e-18 2.12636e-18 1.15548e-18 6.27783e-19 3.4102e-19 1.85215e-19 1.00578e-19 5.46077e-20 2.9644e-20 1.60898e-20 8.73173e-21 4.73787e-21 2.57041e-21 1.3943e-21 7.56227e-22 4.10097e-22 2.22362e-22 1.20553e-22 6.53488e-23 3.54194e-23 1.91951e-23 1.04013e-23 5.63544e-24 3.05294e-24 1.6537e-24 8.95666e-25 4.85049e-25 2.6265e-25 1.42207e-25 7.6987e-26 4.16743e-26 2.25566e-26 1.22077e-26 6.60618e-27 3.57457e-27 1.93399e-27 1.04627e-27 5.65968e-28 3.06126e-28 1.65564e-28 8.95355e-29 4.84155e-29 2.61779e-29 1.4153e-29 7.65112e-30 4.13585e-30 2.23547e-30 1.20819e-30 6.52934e-31 3.52832e-31 1.90648e-31 1.03006e-31 5.56494e-32 3.00625e-32 1.62389e-32 8.77117e-33 4.73725e-33 2.55838e-33 1.38157e-33 7.46017e-34
1.07665e-06 6.55312e-08 3.61708e-08 1.99506e-08 1.09965e-08 6.05721e-09 3.33441e-09 1.83446e-09 1.00867e-09 5.54314e-10 3.04463e-10 1.67146e-10 9.17169e-11 5.03039e-11 2.75779e-11 1.51125e-11 8.2781e-12 4.53266e-12 2.4809e-12 1.35739e-12 7.42411e-13 4.05914e-13 2.2186e-13 1.21222e-13 6.62139e-14 3.61563e-14 1.97374e-14 1.07714e-14 5.87672e-15 3.20538e-15 1.74787e-15 9.5286e-16 5.19327e-16 2.82975e-16 1.54153e-16 8.39571e-17 4.57157e-17 2.48874e-17 1.35457e-17 7.3711e-18 4.01029e-18 2.18139e-18 1.18634e-18 6.45062e-19 3.50683e-19 1.90612e-19 1.03588e-19 5.62848e-20 3.05775e-20 1.66089e-20 9.02008e-21 4.89792e-21 2.65916e-21 1.44349e-21 7.83459e-22 4.25164e-22 2.30693e-22 1.25156e-22 6.78906e-23 3.68222e-23 1.99688e-23 1.08277e-23 5.8704e-24 3.18232e-24 1.72491e-24 9.34839e-25 5.06589e-25 2.74488e-25 1.48711e-25 8.05586e-26 4.36349e-26 2.36324e-26 1.27978e-26 6.92976e-27 3.75193e-27 2.03118e-27 1.0995e-27 5.95118e-28 3.22082e-28 1.74297e-28 9.43128e-29 5.10284e-29 2.76066e-29 1.4934e-29 8.07789e-30 4.36901e-30 2.36282e-30 1.27774e-30 6.90902e-31 3.73555e-31 2.01956e-31 1.09176e-31 5.90145e-32 3.18976e-32 1.72395e-32 9.31657e-33 5.0345e-33 2.72034e-33 1.4698e-33 7.94079e-34 4.2898e-34
5.72677e-07 3.538e-08 1.95498e-08 1.07945e-08 5.95598e-09 3.28406e-09 1.80962e-09 9.96543e-10 5.48466e-10 3.01688e-10 1.65856e-10 9.11341e-11 5.00512e-11 2.74752e-11 1.50754e-11 8.26804e-12 4.53266e-12 2.48385e-12 1.36059e-12 7.45008e-13 4.07789e-13 2.23129e-13 1.22047e-13 6.67346e-14 3.64784e-14 1.99335e-14 1.08893e-14 5.94689e-15 3.24679e-15 1.77214e-15 9.66997e-16 5.27518e-16 2.877e-16 1.56868e-16 8.55111e-17 4.66025e-17 2.5392e-17 1.3832e-17 7.53324e-18 4.1019e-18 2.23305e-18 1.21541e-18 6.61396e-19 3.59846e-19 1.95745e-19 1.06459e-19 5.78893e-20 3.14729e-20 1.7108e-20 9.29799e-21 5.05251e-21 2.74508e-21 1.49119e-21 8.09926e-22 4.39836e-22 2.3882e-22 1.29655e-22 7.03789e-23 3.81976e-23 2.07286e-23 1.12472e-23 6.10185e-24 3.30995e-24 1.79526e-24 9.73591e-25 5.27926e-25 2.86231e-25 1.5517e-25 8.41103e-26 4.55868e-26 2.47048e-26 1.33867e-26 7.25302e-27 3.92932e-27 2.12848e-27 1.15286e-27 6.24364e-28 3.38109e-28 1.83076e-28 9.91204e-29 5.36603e-29 2.9047e-29 1.57221e-29 8.50898e-30 4.60475e-30 2.49169e-30 1.34817e-30 7.29388e-31 3.94579e-31 2.13438e-31 1.15445e-31 6.24369e-32 3.37654e-32 1.82586e-32 9.87256e-33 5.33774e-33 2.88571e-33 1.55996e-33 8.43222e-34 4.55762e-34 2.46322e-34
3.04609e-07 1.90973e-08 1.0564e-08 5.8391e-09 3.2251e-09 1.78007e-09 9.81835e-10 5.41206e-10 2.98142e-10 1.64146e-10 9.0322e-11 4.96735e-11 2.73045e-11 1.50013e-11 8.23792e-12 4.52177e-12 2.4809e-12 1.36059e-12 7.45875e-13 4.08729e-13 2.23892e-13 1.22598e-13 6.71081e-14 3.67212e-14 2.00869e-14 1.09842e-14 6.00471e-15 3.28157e-15 1.79285e-15 9.79223e-16 5.34687e-16 2.91877e-16 1.59289e-16 8.69085e-17 4.74057e-17 2.5852e-17 1.40946e-17 7.68273e-18 4.18677e-18 2.28112e-18 1.24258e-18 6.76725e-19 3.68477e-19 2.00596e-19 1.09182e-19 5.94152e-20 3.23269e-20 1.75853e-20 9.56448e-21 5.20112e-21 2.82786e-21 1.53726e-21 8.35539e-22 4.54064e-22 2.46717e-22 1.34034e-22 7.28057e-23 3.95414e-23 2.14722e-23 1.16584e-23 6.32909e-24 3.43546e-24 1.86453e-24 1.01181e-24 5.48998e-25 2.97843e-25 1.61566e-25 8.76317e-26 4.75247e-26 2.57707e-26 1.39727e-26 7.57509e-27 4.10625e-27 2.22564e-27 1.2062e-27 6.53632e-28 3.54163e-28 1.9188e-28 1.03946e-28 5.63049e-29 3.04958e-29 1.65155e-29 8.94339e-30 4.84251e-30 2.6218e-30 1.41934e-30 7.6831e-31 4.15859e-31 2.2507e-31 1.21801e-31 6.59097e-32 3.56623e-32 1.92945e-32 1.04381e-32 5.64645e-33 3.05417e-33 1.65188e-33 8.93363e-34 4.83108e-34 2.61233e-34 1.41247e-34
1.62023e-07 1.03061e-08 5.70711e-09 3.15784e-09 1.74594e-09 9.64615e-10 5.3257e-10 2.93841e-10 1.62022e-10 8.92841e-11 4.91726e-11 2.70665e-11 1.48906e-11 8.18786e-12 4.50004e-12 2.47206e-12 1.35739e-12 7.45008e-13 4.08729e-13 2.24147e-13 1.22875e-13 6.73329e-14 3.68836e-14 2.01969e-14 1.10558e-14 6.04993e-15 3.30957e-15 1.80991e-15 9.8949e-16 5.40802e-16 2.95489e-16 1.61408e-16 8.81438e-17 4.81221e-17 2.62655e-17 1.43325e-17 7.81898e-18 4.26459e-18 2.32544e-18 1.26776e-18 6.9099e-19 3.76543e-19 2.05148e-19 1.11746e-19 6.08571e-20 3.31364e-20 1.80392e-20 9.81859e-21 5.34321e-21 2.90722e-21 1.58153e-21 8.60211e-22 4.67799e-22 2.54356e-22 1.38279e-22 7.51628e-23 4.08491e-23 2.21971e-23 1.206e-23 6.5514e-24 3.55844e-24 1.93252e-24 1.04937e-24 5.69741e-25 3.09291e-25 1.67881e-25 9.11127e-26 4.94427e-26 2.68271e-26 1.45543e-26 7.89509e-27 4.28226e-27 2.32241e-27 1.25937e-27 6.82845e-28 3.70206e-28 2.00686e-28 1.08779e-28 5.89558e-29 3.19495e-29 1.73124e-29 9.3801e-30 5.08177e-30 2.75283e-30 1.49109e-30 8.07583e-31 4.37351e-31 2.36828e-31 1.28232e-31 6.9426e-32 3.75846e-32 2.03451e-32 1.10121e-32 5.96002e-33 3.22543e-33 1.74539e-33 9.44413e-34 5.10972e-34 2.76438e-34 1.49542e-34 8.08906e-35
8.61805e-08 5.56065e-09 3.08257e-09 1.7074e-09 9.44963e-10 5.22596e-10 2.88806e-10 1.59495e-10 8.80253e-11 4.85508e-11 2.67625e-11 1.47438e-11 8.11809e-12 4.46757e-12 2.45737e-12 1.35101e-12 7.42411e-13 4.07789e-13 2.23892e-13 1.22875e-13 6.74079e-14 3.6965e-14 2.02632e-14 1.11037e-14 6.08237e-15 3.33067e-15 1.82325e-15 9.97754e-16 5.4584e-16 2.98523e-16 1.63216e-16 8.92119e-17 4.87488e-17 2.66311e-17 1.45446e-17 7.94148e-18 4.33506e-18 2.36583e-18 1.29083e-18 7.04137e-19 3.84014e-19 2.09383e-19 1.14142e-19 6.22096e-20 3.38986e-20 1.8468e-20 1.00594e-20 5.47828e-21 2.98288e-21 1.62385e-21 8.83856e-22 4.80995e-22 2.61713e-22 1.42377e-22 7.74427e-23 4.21165e-23 2.29011e-23 1.24507e-23 6.76807e-24 3.67851e-24 1.99902e-24 1.08617e-24 5.90092e-25 3.20539e-25 1.74094e-25 9.4543e-26 5.13356e-26 2.78709e-26 1.51297e-26 8.21211e-27 4.45684e-27 2.41851e-27 1.31225e-27 7.11926e-28 3.86193e-28 2.09472e-28 1.13605e-28 6.16061e-29 3.34044e-29 1.81108e-29 9.81806e-30 5.32194e-30 2.8845e-30 1.56325e-30 8.47118e-31 4.59005e-31 2.48685e-31 1.34723e-31 7.29783e-32 3.95281e-32 2.14082e-32 1.15935e-32 6.27786e-33 3.39916e-33 1.84033e-33 9.9628e-34 5.39302e-34 2.91909e-34 1.5799e-34 8.55016e-35 4.62686e-35
4.58397e-08 2.99965e-09 1.66463e-09 9.22971e-10 5.11331e-10 2.83059e-10 1.56577e-10 8.65514e-11 4.78109e-11 2.63937e-11 1.45615e-11 8.02893e-12 4.4245e-12 2.43689e-12 1.34147e-12 7.38094e-13 4.05914e-13 2.23129e-13 1.22598e-13 6.73329e-14 3.6965e-14 2.02853e-14 1.11276e-14 6.10188e-15 3.34478e-15 1.83282e-15 1.00398e-15 5.49781e-16 3.00964e-16 1.64705e-16 9.01087e-17 4.92835e-17 2.69472e-17 1.47301e-17 8.04974e-18 4.39789e-18 2.40214e-18 1.31173e-18 7.16117e-19 3.90862e-19 2.13286e-19 1.16361e-19 6.34679e-20 3.46106e-20 1.88701e-20 1.02861e-20 5.60587e-21 3.05456e-21 1.66408e-21 9.06394e-22 4.93607e-22 2.68763e-22 1.46312e-22 7.96375e-23 4.33394e-23 2.35818e-23 1.28292e-23 6.97841e-24 3.79529e-24 2.0638e-24 1.12209e-24 6.09988e-25 3.31554e-25 1.80188e-25 9.79125e-26 5.31975e-26 2.88993e-26 1.56973e-26 8.52526e-27 4.62952e-27 2.51368e-27 1.36468e-27 7.40796e-28 4.02083e-28 2.18214e-28 1.18413e-28 6.42492e-29 3.48568e-29 1.89087e-29 1.02562e-29 5.56245e-30 3.01649e-30 1.63565e-30 8.86824e-31 4.80773e-31 2.60616e-31 1.4126e-31 7.65589e-32 4.14889e-32 2.24816e-32 1.2181e-32 6.59932e-33 3.57501e-33 1.9365e-33 1.04886e-33 5.68047e-34 3.07619e-34 1.66573e-34 9.01907e-35 4.88296e-35 2.64344e-35
2.43823e-08 1.61782e-09 8.98741e-10 4.98826e-10 2.76626e-10 1.53281e-10 8.48689e-11 4.69562e-11 2.59618e-11 1.43446e-11 7.92076e-12 4.37102e-12 2.41071e-12 1.32882e-12 7.32078e-13 4.03111e-13 2.2186e-13 1.22047e-13 6.71081e-14 3.68836e-14 2.02632e-14 1.11276e-14 6.1084e-15 3.35186e-15 1.83858e-15 1.00815e-15 5.52607e-16 3.02804e-16 1.65869e-16 9.08305e-17 4.97239e-17 2.72125e-17 1.48883e-17 8.14333e-18 4.45286e-18 2.43422e-18 1.33035e-18 7.26885e-19 3.97061e-19 2.16842e-19 1.18394e-19 6.46272e-20 3.52699e-20 1.92442e-20 1.04979e-20 5.7255e-21 3.12203e-21 1.70206e-21 9.27745e-22 5.05591e-22 2.7548e-22 1.50072e-22 8.17401e-23 4.45137e-23 2.42369e-23 1.31944e-23 7.18173e-24 3.9084e-24 2.12668e-24 1.15701e-24 6.29368e-25 3.42302e-25 1.86144e-25 1.01211e-25 5.50231e-26 2.9909e-26 1.62555e-26 8.83364e-27 4.79979e-27 2.60765e-27 1.41651e-27 7.69376e-28 4.17833e-28 2.2689e-28 1.2319e-28 6.68782e-29 3.63031e-29 1.9704e-29 1.06934e-29 5.80272e-30 3.14846e-30 1.70813e-30 9.26608e-31 5.02605e-31 2.72592e-31 1.47828e-31 8.01599e-32 4.34625e-32 2.3563e-32 1.27734e-32 6.92374e-33 3.75263e-33 2.03372e-33 1.10206e-33 5.97152e-34 3.23537e-34 1.75278e-34 9.49495e-35 5.14306e-35 2.78557e-35 1.50859e-35
1.29691e-08 8.72384e-10 4.85139e-10 2.69538e-10 1.49621e-10 8.29856e-11 4.59906e-11 2.54687e-11 1.4094e-11 7.79408e-12 4.30737e-12 2.37896e-12 1.31312e-12 7.24388e-13 3.99393e-13 2.2009e-13 1.21222e-13 6.67346e-14 3.67212e-14 2.01969e-14 1.11037e-14 6.10188e-15 3.35186e-15 1.8405e-15 1.01024e-15 5.54307e-16 3.04035e-16 1.66704e-16 9.13744e-17 5.00682e-17 2.74261e-17 1.50187e-17 8.22189e-18 4.49973e-18 2.46195e-18 1.34665e-18 7.36399e-19 4.02587e-19 2.20038e-19 1.20234e-19 6.56832e-20 3.5874e-20 1.95887e-20 1.06939e-20 5.83675e-21 3.18504e-21 1.73767e-21 9.47834e-22 5.16906e-22 2.81842e-22 1.53645e-22 8.37432e-23 4.56354e-23 2.48644e-23 1.35449e-23 7.37738e-24 4.01749e-24 2.18744e-24 1.19082e-24 6.48171e-25 3.52748e-25 1.91944e-25 1.04428e-25 5.68068e-26 3.08972e-26 1.68026e-26 9.13634e-27 4.96718e-27 2.70016e-27 1.46761e-27 7.97586e-28 4.334e-28 2.35475e-28 1.27923e-28 6.94861e-29 3.77395e-29 2.04948e-29 1.11286e-29 6.04212e-30 3.28011e-30 1.78049e-30 9.66373e-31 5.24448e-31 2.84587e-31 1.54412e-31 8.37731e-32 4.54447e-32 2.46501e-32 1.33694e-32 7.25043e-33 3.93164e-33 2.13178e-33 1.15577e-33 6.26557e-34 3.39634e-34 1.84087e-34 9.97689e-35 5.40668e-35 2.92974e-35 1.58742e-35 8.60035e-36
6.89829e-09 4.70332e-10 2.61827e-10 1.45615e-10 8.091e-11 4.49184e-11 2.49168e-11 1.38109e-11 7.64945e-12 4.23383e-12 2.34177e-12 1.29442e-12 7.15058e-13 3.94776e-13 2.17829e-13 1.20128e-13 6.62139e-14 3.64784e-14 2.00869e-14 1.10558e-14 6.08237e-15 3.34478e-15 1.83858e-15 1.01024e-15 5.54874e-16 3.04651e-16 1.67207e-16 9.17382e-17 5.03152e-17 2.7587e-17 1.51206e-17 8.28512e-18 4.53833e-18 2.48523e-18 1.36054e-18 7.44622e-19 4.0742e-19 2.22861e-19 1.21875e-19 6.66322e-20 3.64207e-20 1.99026e-20 1.08735e-20 5.93922e-21 3.24335e-21 1.77078e-21 9.66592e-22 5.27511e-22 2.87827e-22 1.57017e-22 8.56401e-23 4.67009e-23 2.5462e-23 1.38797e-23 7.56471e-24 4.12219e-24 2.24589e-24 1.22342e-24 6.66338e-25 3.62862e-25 1.9757e-25 1.07555e-25 5.85431e-26 3.18608e-26 1.73369e-26 9.43249e-27 5.13119e-27 2.79094e-27 1.51783e-27 8.25348e-28 4.48739e-28 2.43946e-28 1.32599e-28 7.20659e-29 3.91622e-29 2.1279e-29 1.15607e-29 6.28006e-30 3.4111e-30 1.85257e-30 1.00602e-30 5.4625e-31 2.96571e-31 1.60997e-31 8.73903e-32 4.7431e-32 2.57405e-32 1.39678e-32 7.57868e-33 4.11166e-33 2.23049e-33 1.20987e-33 6.56204e-34 3.55875e-34 1.92982e-34 1.0464e-34 5.67332e-35 3.07567e-35 1.66726e-35 9.03714e-36 4.89802e-36
3.66923e-09 2.53527e-10 1.4128e-10 7.86514e-11 4.37445e-11 2.43083e-11 1.34965e-11 7.48751e-12 4.15073e-12 2.2993e-12 1.27282e-12 7.04129e-13 3.8928e-13 2.15085e-13 1.1877e-13 6.55482e-14 3.61563e-14 1.99335e-14 1.09842e-14 6.04993e-15 3.33067e-15 1.83282e-15 1.00815e-15 5.54307e-16 3.04651e-16 1.67374e-16 9.19205e-17 5.04638e-17 2.76946e-17 1.51937e-17 8.33276e-18 4.56852e-18 2.50396e-18 1.37198e-18 7.51524e-19 4.11541e-19 2.25301e-19 1.23309e-19 6.74704e-20 3.6908e-20 2.01845e-20 1.1036e-20 6.03255e-21 3.29677e-21 1.80127e-21 9.83951e-22 5.3737e-22 2.93415e-22 1.60177e-22 8.74242e-23 4.77064e-23 2.60278e-23 1.41977e-23 7.7431e-24 4.22216e-24 2.30185e-24 1.25471e-24 6.8381e-25 3.7261e-25 2.03003e-25 1.10581e-25 6.02269e-26 3.27969e-26 1.7857e-26 9.72119e-27 5.29135e-27 2.87972e-27 1.56702e-27 8.52582e-28 4.63809e-28 2.5228e-28 1.37205e-28 7.46106e-29 4.05672e-29 2.20544e-29 1.19884e-29 6.51592e-30 3.54109e-30 1.92418e-30 1.04546e-30 5.67958e-31 3.08515e-31 1.67567e-31 9.10027e-32 4.94166e-32 2.68315e-32 1.4567e-32 7.90775e-33 4.2923e-33 2.32962e-33 1.26426e-33 6.86031e-34 3.72229e-34 2.01947e-34 1.09552e-34 5.94246e-35 3.22308e-35 1.74798e-35 9.47905e-36 5.13989e-36 2.7868e-36
1.95168e-09 1.36637e-10 7.622e-11 4.24742e-11 2.36461e-11 1.31522e-11 7.30898e-12 4.05843e-12 2.25175e-12 1.24841e-12 6.91648e-13 3.82929e-13 2.1187e-13 1.17153e-13 6.47405e-14 3.57563e-14 1.97374e-14 1.08893e-14 6.00471e-15 3.30957e-15 1.82325e-15 1.00398e-15 5.52607e-16 3.04035e-16 1.67207e-16 9.19205e-17 5.05134e-17 2.77485e-17 1.52377e-17 8.36462e-18 4.59016e-18 2.51807e-18 1.38093e-18 7.57077e-19 4.14934e-19 2.27348e-19 1.24532e-19 6.81948e-20 3.7334e-20 2.04336e-20 1.11808e-20 6.11638e-21 3.34511e-21 1.82904e-21 9.9985e-22 5.46449e-22 2.98585e-22 1.63115e-22 8.90895e-23 4.86486e-23 2.65599e-23 1.44976e-23 7.91197e-24 4.31707e-24 2.35512e-24 1.28457e-24 7.00532e-25 3.81962e-25 2.08228e-25 1.13497e-25 6.18528e-26 3.37027e-26 1.83612e-26 1.00016e-26 5.44717e-27 2.96625e-27 1.61503e-27 8.79209e-28 4.78565e-28 2.60453e-28 1.41729e-28 7.71132e-29 4.19509e-29 2.28191e-29 1.24108e-29 6.74907e-30 3.66974e-30 1.99514e-30 1.08458e-30 5.89516e-31 3.20391e-31 1.74106e-31 9.46019e-32 5.13969e-32 2.79207e-32 1.51659e-32 8.2369e-33 4.47316e-33 2.42895e-33 1.3188e-33 7.15974e-34 3.88661e-34 2.10961e-34 1.14496e-34 6.21355e-35 3.37169e-35 1.82942e-35 9.92524e-36 5.38429e-36 2.92064e-36 1.58412e-36
1.0381e-09 7.36268e-11 4.11131e-11 2.29332e-11 1.27795e-11 7.11465e-12 3.95735e-12 2.19931e-12 1.22129e-12 6.77669e-13 3.7575e-13 2.08199e-13 1.15284e-13 6.37941e-14 3.528e-14 1.94995e-14 1.07714e-14 5.94689e-15 3.28157e-15 1.80991e-15 9.97754e-16 5.49781e-16 3.02804e-16 1.66704e-16 9.17382e-17 5.04638e-17 2.77485e-17 1.52523e-17 8.38058e-18 4.60318e-18 2.52751e-18 1.38734e-18 7.61261e-19 4.17587e-19 2.28996e-19 1.25539e-19 6.88027e-20 3.76972e-20 2.06488e-20 1.13074e-20 6.19042e-21 3.38817e-21 1.85398e-21 1.01423e-21 5.54714e-22 3.0332e-22 1.65819e-22 9.06301e-23 4.95242e-23 2.70565e-23 1.47787e-23 8.07073e-24 4.40661e-24 2.40554e-24 1.31292e-24 7.16449e-25 3.90888e-25 2.13227e-25 1.16294e-25 6.34159e-26 3.45753e-26 1.88479e-26 1.02728e-26 5.59819e-27 3.05027e-27 1.66174e-27 9.05153e-28 4.92966e-28 2.68442e-28 1.46158e-28 7.95667e-29 4.33094e-29 2.35708e-29 1.28265e-29 6.9789e-30 3.79672e-30 2.06527e-30 1.12328e-30 6.10871e-31 3.32167e-31 1.80598e-31 9.81789e-32 5.33671e-32 2.90054e-32 1.57629e-32 8.56537e-33 4.65381e-33 2.52828e-33 1.37339e-33 7.45967e-34 4.05135e-34 2.20007e-34 1.19462e-34 6.48606e-35 3.52119e-35 1.91142e-35 1.03748e-35 5.63076e-36 3.05571e-36 1.65813e-36 8.99673e-37
5.52172e-10 3.96673e-11 2.21726e-11 1.23801e-11 6.90538e-12 3.84792e-12 2.14223e-12 1.19158e-12 6.62254e-13 3.67775e-13 2.04086e-13 1.13171e-13 6.27131e-14 3.47295e-14 1.92206e-14 1.0631e-14 5.87672e-15 3.24679e-15 1.79285e-15 9.8949e-16 5.4584e-16 3.00964e-16 1.65869e-16 9.13744e-17 5.03152e-17 2.76946e-17 1.52377e-17 8.38058e-18 4.60753e-18 2.53224e-18 1.3912e-18 7.64059e-19 4.19489e-19 2.30237e-19 1.26326e-19 6.92918e-20 3.79963e-20 2.08294e-20 1.14154e-20 6.25439e-21 3.42582e-21 1.876e-21 1.02705e-21 5.62137e-22 3.07602e-22 1.68281e-22 9.20408e-23 5.03302e-23 2.75158e-23 1.50398e-23 8.21887e-24 4.49048e-24 2.45294e-24 1.33966e-24 7.3151e-25 3.99359e-25 2.17985e-25 1.18963e-25 6.49112e-26 3.54121e-26 1.93157e-26 1.05341e-26 5.74395e-27 3.13152e-27 1.70699e-27 9.30337e-28 5.0697e-28 2.76223e-28 1.50478e-28 8.19643e-29 4.46389e-29 2.43076e-29 1.32346e-29 7.20479e-30 3.92169e-30 2.13437e-30 1.16147e-30 6.31966e-31 3.43815e-31 1.87026e-31 1.01725e-31 5.53223e-32 3.00831e-32 1.63567e-32 8.89238e-33 4.83384e-33 2.62736e-33 1.4279e-33 7.75944e-34 4.21616e-34 2.29065e-34 1.24438e-34 6.75939e-35 3.67127e-35 1.9938e-35 1.0827e-35 5.8788e-36 3.19175e-36 1.73273e-36 9.40567e-37 5.10517e-37
2.93702e-10 2.13678e-11 1.19558e-11 6.68208e-12 3.73063e-12 2.08074e-12 1.15942e-12 6.45469e-13 3.59038e-13 1.9955e-13 1.10823e-13 6.15021e-14 3.41071e-14 1.89021e-14 1.04688e-14 5.79449e-15 3.20538e-15 1.77214e-15 9.79223e-16 5.40802e-16 2.98523e-16 1.64705e-16 9.08305e-17 5.00682e-17 2.7587e-17 1.51937e-17 8.36462e-18 4.60318e-18 2.53224e-18 1.39249e-18 7.65461e-19 4.20633e-19 2.31067e-19 1.26891e-19 6.96602e-20 3.82301e-20 2.09746e-20 1.15042e-20 6.30806e-21 3.45791e-21 1.89503e-21 1.03825e-21 5.68692e-22 3.11417e-22 1.70492e-22 9.33166e-23 5.10639e-23 2.79363e-23 1.52802e-23 8.35589e-24 4.5684e-24 2.49716e-24 1.3647e-24 7.45666e-25 4.07348e-25 2.22486e-25 1.21495e-25 6.63339e-26 3.62104e-26 1.97631e-26 1.07845e-26 5.88401e-27 3.20976e-27 1.75066e-27 9.54686e-28 5.20536e-28 2.83775e-28 1.54679e-28 8.4299e-29 4.59357e-29 2.50274e-29 1.36339e-29 7.42611e-30 4.04431e-30 2.20226e-30 1.19905e-30 6.52748e-31 3.55304e-31 1.93374e-31 1.05231e-31 5.72578e-32 3.11511e-32 1.69457e-32 9.21715e-33 5.01283e-33 2.72596e-33 1.4822e-33 8.05836e-34 4.38065e-34 2.38114e-34 1.29415e-34 7.03296e-35 3.82162e-35 2.07641e-35 1.12806e-35 6.12791e-36 3.3285e-36 1.80777e-36 9.81738e-37 5.33099e-37 2.89454e-37
1.56222e-10 1.15084e-11 6.44573e-12 3.60598e-12 2.01512e-12 1.12494e-12 6.27387e-13 3.49575e-13 1.94611e-13 1.08251e-13 6.01663e-14 3.34155e-14 1.85452e-14 1.02853e-14 5.70054e-15 3.1575e-15 1.74787e-15 9.66997e-16 5.34687e-16 2.95489e-16 1.63216e-16 9.01087e-17 4.97239e-17 2.74261e-17 1.51206e-17 8.33276e-18 4.59016e-18 2.52751e-18 1.3912e-18 7.65461e-19 4.21015e-19 2.31483e-19 1.2723e-19 6.99066e-20 3.83977e-20 2.10841e-20 1.15737e-20 6.35124e-21 3.48433e-21 1.91099e-21 1.0478e-21 5.74354e-22 3.14752e-22 1.72443e-22 9.44531e-23 5.17226e-23 2.83166e-23 1.54989e-23 8.48131e-24 4.64011e-24 2.53804e-24 1.38796e-24 7.58869e-25 4.14828e-25 2.26716e-25 1.23883e-25 6.76796e-26 3.69678e-26 2.01887e-26 1.10234e-26 6.01794e-27 3.28476e-27 1.79261e-27 9.78129e-28 5.33623e-28 2.91074e-28 1.58747e-28 8.65642e-29 4.7196e-29 2.57281e-29 1.40232e-29 7.64227e-30 4.16425e-30 2.26877e-30 1.2359e-30 6.73161e-31 3.66603e-31 1.99626e-31 1.08688e-31 5.91686e-32 3.22067e-32 1.75287e-32 9.53889e-33 5.19034e-33 2.82385e-33 1.53617e-33 8.35574e-34 4.54446e-34 2.47134e-34 1.3438e-34 7.30617e-35 3.97191e-35 2.15905e-35 1.1735e-35 6.37758e-36 3.46567e-36 1.88311e-36 1.0231e-36 5.55806e-37 3.01915e-37 1.63985e-37
8.30948e-11 6.19737e-12 3.47452e-12 1.94565e-12 1.08829e-12 6.08085e-13 3.39429e-13 1.89288e-13 1.05465e-13 5.87112e-14 3.26575e-14 1.81514e-14 1.00813e-14 5.59527e-15 3.10336e-15 1.72014e-15 9.5286e-16 5.27518e-16 2.91877e-16 1.61408e-16 8.92119e-17 4.92835e-17 2.72125e-17 1.50187e-17 8.28512e-18 4.56852e-18 2.51807e-18 1.38734e-18 7.64059e-19 4.20633e-19 2.31483e-19 1.27344e-19 7.003e-20 3.84985e-20 2.11572e-20 1.16235e-20 6.38376e-21 3.50498e-21 1.92383e-21 1.05566e-21 5.79104e-22 3.17594e-22 1.74129e-22 9.54462e-23 5.23041e-23 2.86553e-23 1.56953e-23 8.59471e-24 4.70536e-24 2.57547e-24 1.40937e-24 7.71078e-25 4.21775e-25 2.30661e-25 1.26118e-25 6.8944e-26 3.76817e-26 2.05913e-26 1.125e-26 6.14532e-27 3.35628e-27 1.83272e-27 1.00059e-27 5.46193e-28 2.98101e-28 1.6267e-28 8.87533e-29 4.84163e-29 2.64078e-29 1.44015e-29 7.85265e-30 4.28117e-30 2.3337e-30 1.27194e-30 6.93151e-31 3.77684e-31 2.05765e-31 1.12087e-31 6.10498e-32 3.32473e-32 1.8104e-32 9.8568e-33 5.36593e-33 2.9208e-33 1.58967e-33 8.65088e-34 4.70721e-34 2.56104e-34 1.39323e-34 7.57842e-35 4.12181e-35 2.24156e-35 1.21889e-35 6.62729e-36 3.60297e-36 1.95858e-36 1.06458e-36 5.78593e-37 3.1443e-37 1.70857e-37 9.28326e-38
4.41985e-11 3.33682e-12 1.87262e-12 1.04962e-12 5.87645e-13 3.28642e-13 1.83605e-13 1.02476e-13 5.71431e-14 3.18364e-14 1.77225e-14 9.85781e-15 5.47911e-15 3.04318e-15 1.68907e-15 9.36873e-16 5.19327e-16 2.877e-16 1.59289e-16 8.81438e-17 4.87488e-17 2.69472e-17 1.48883e-17 8.22189e-18 4.53833e-18 2.50396e-18 1.38093e-18 7.61261e-19 4.19489e-19 2.31067e-19 1.2723e-19 7.003e-20 3.85321e-20 2.11939e-20 1.16534e-20 6.40551e-21 3.51978e-21 1.9335e-21 1.0618e-21 5.82925e-22 3.19933e-22 1.75543e-22 9.62926e-23 5.28064e-23 2.89513e-23 1.58686e-23 8.6957e-24 4.76393e-24 2.6093e-24 1.42884e-24 7.8225e-25 4.28166e-25 2.34307e-25 1.28194e-25 7.0123e-26 3.835e-26 2.09694e-26 1.14636e-26 6.26577e-27 3.4241e-27 1.87086e-27 1.02201e-27 5.58208e-28 3.04832e-28 1.66438e-28 9.08599e-29 4.95931e-29 2.70645e-29 1.47677e-29 8.05667e-30 4.39475e-30 2.39689e-30 1.30707e-30 7.12664e-31 3.88517e-31 2.11775e-31 1.1542e-31 6.28966e-32 3.42702e-32 1.86702e-32 1.01701e-32 5.53919e-33 3.01657e-33 1.64258e-33 8.94308e-34 4.86851e-34 2.65005e-34 1.44232e-34 7.84908e-35 4.27098e-35 2.32374e-35 1.26416e-35 6.87648e-36 3.74012e-36 2.03404e-36 1.10609e-36 6.01413e-37 3.26974e-37 1.7775e-37 9.66195e-38 5.25143e-38
