0.856106 0.000116168 0.000112384 0.000108724 0.000105183 0.000101758 9.84435e-05 9.52374e-05 9.21357e-05 8.91351e-05 8.62321e-05 8.34237e-05 8.07068e-05 7.80783e-05 7.55355e-05 7.30754e-05 7.06955e-05 6.83931e-05 6.61657e-05 6.40108e-05 6.19261e-05 5.99093e-05 5.79581e-05 5.60706e-05 5.42445e-05 5.24778e-05 5.07687e-05 4.91153e-05 4.75157e-05 4.59682e-05 4.44711e-05 4.30228e-05 4.16216e-05 4.02661e-05 3.89547e-05 3.7686e-05 3.64587e-05 3.52713e-05 3.41226e-05 3.30113e-05 3.19362e-05 3.08961e-05 2.98898e-05 2.89164e-05 2.79746e-05 2.70636e-05 2.61822e-05 2.53295e-05 2.45045e-05 2.37065e-05 2.29344e-05 2.21875e-05 2.14649e-05 2.07658e-05 2.00895e-05 1.94352e-05 1.88023e-05 1.81899e-05 1.75975e-05 1.70244e-05 1.64699e-05 1.59335e-05 1.54146e-05 1.49126e-05 1.44269e-05 1.39571e-05 1.35025e-05 1.30628e-05 1.26373e-05 1.22258e-05 1.18276e-05 1.14424e-05 1.10697e-05 1.07092e-05 1.03604e-05 1.0023e-05 9.69659e-06 9.38079e-06 9.07528e-06 8.77972e-06 8.49378e-06 8.21715e-06 7.94954e-06 7.69064e-06 7.44017e-06 7.19786e-06 6.96344e-06 6.73665e-06 6.51725e-06 6.305e-06 6.09966e-06 5.901e-06 5.70882e-06 5.5229e-06 5.34303e-06 5.16901e-06 5.00067e-06 4.83781e-06 4.68025e-06 4.52782e-06 4.38036e-06
0.000116168 1.39942e-05 1.36443e-05 1.33023e-05 1.29681e-05 1.26415e-05 1.23225e-05 1.20109e-05 1.17064e-05 1.14091e-05 1.11187e-05 1.08351e-05 1.05583e-05 1.02879e-05 1.0024e-05 9.76631e-06 9.5148e-06 9.26931e-06 9.02972e-06 8.79591e-06 8.56775e-06 8.34512e-06 8.1279e-06 7.91598e-06 7.70924e-06 7.50758e-06 7.31087e-06 7.11901e-06 6.9319e-06 6.74942e-06 6.57147e-06 6.39796e-06 6.22878e-06 6.06383e-06 5.90302e-06 5.74625e-06 5.59343e-06 5.44447e-06 5.29928e-06 5.15778e-06 5.01986e-06 4.88547e-06 4.7545e-06 4.62688e-06 4.50253e-06 4.38137e-06 4.26333e-06 4.14833e-06 4.0363e-06 3.92716e-06 3.82085e-06 3.71731e-06 3.61645e-06 3.51822e-06 3.42255e-06 3.32939e-06 3.23866e-06 3.15031e-06 3.06427e-06 2.98051e-06 2.89894e-06 2.81953e-06 2.74222e-06 2.66695e-06 2.59368e-06 2.52235e-06 2.45291e-06 2.38532e-06 2.31954e-06 2.2555e-06 2.19318e-06 2.13253e-06 2.0735e-06 2.01605e-06 1.96015e-06 1.90574e-06 1.85281e-06 1.8013e-06 1.75118e-06 1.70241e-06 1.65496e-06 1.6088e-06 1.56389e-06 1.5202e-06 1.47769e-06 1.43634e-06 1.39612e-06 1.357e-06 1.31894e-06 1.28192e-06 1.24591e-06 1.21089e-06 1.17683e-06 1.1437e-06 1.11148e-06 1.08015e-06 1.04968e-06 1.02005e-06 9.91236e-07 9.63216e-07 9.3597e-07
0.000112384 1.36443e-05 1.3315e-05 1.29928e-05 1.26776e-05 1.23692e-05 1.20676e-05 1.17725e-05 1.1484e-05 1.12018e-05 1.09259e-05 1.06562e-05 1.03925e-05 1.01348e-05 9.8829e-06 9.63672e-06 9.39616e-06 9.16111e-06 8.93146e-06 8.70711e-06 8.48795e-06 8.27389e-06 8.06481e-06 7.86063e-06 7.66125e-06 7.46656e-06 7.27646e-06 7.09088e-06 6.90971e-06 6.73286e-06 6.56023e-06 6.39175e-06 6.22732e-06 6.06686e-06 5.91028e-06 5.7575e-06 5.60843e-06 5.46299e-06 5.32111e-06 5.18271e-06 5.04771e-06 4.91603e-06 4.7876e-06 4.66234e-06 4.54019e-06 4.42108e-06 4.30493e-06 4.19168e-06 4.08127e-06 3.97362e-06 3.86867e-06 3.76637e-06 3.66664e-06 3.56943e-06 3.47469e-06 3.38234e-06 3.29234e-06 3.20464e-06 3.11917e-06 3.03588e-06 2.95472e-06 2.87565e-06 2.7986e-06 2.72354e-06 2.65041e-06 2.57916e-06 2.50976e-06 2.44216e-06 2.3763e-06 2.31216e-06 2.24968e-06 2.18884e-06 2.12958e-06 2.07186e-06 2.01566e-06 1.96093e-06 1.90763e-06 1.85574e-06 1.80521e-06 1.75601e-06 1.7081e-06 1.66147e-06 1.61606e-06 1.57186e-06 1.52883e-06 1.48694e-06 1.44616e-06 1.40647e-06 1.36784e-06 1.33023e-06 1.29363e-06 1.25801e-06 1.22334e-06 1.18961e-06 1.15677e-06 1.12482e-06 1.09372e-06 1.06347e-06 1.03402e-06 1.00537e-06 9.77497e-07
0.000108724 1.33023e-05 1.29928e-05 1.26896e-05 1.23926e-05 1.21016e-05 1.18167e-05 1.15376e-05 1.12643e-05 1.09968e-05 1.07349e-05 1.04785e-05 1.02276e-05 9.98212e-06 9.74188e-06 9.50683e-06 9.27689e-06 9.05197e-06 8.83198e-06 8.61684e-06 8.40645e-06 8.20074e-06 7.99962e-06 7.80301e-06 7.61081e-06 7.42296e-06 7.23936e-06 7.05994e-06 6.88461e-06 6.7133e-06 6.54593e-06 6.38242e-06 6.22269e-06 6.06667e-06 5.91429e-06 5.76546e-06 5.62013e-06 5.47821e-06 5.33963e-06 5.20434e-06 5.07225e-06 4.9433e-06 4.81743e-06 4.69457e-06 4.57465e-06 4.45761e-06 4.34339e-06 4.23194e-06 4.12318e-06 4.01706e-06 3.91352e-06 3.8125e-06 3.71396e-06 3.61783e-06 3.52406e-06 3.43259e-06 3.34338e-06 3.25637e-06 3.17152e-06 3.08877e-06 3.00808e-06 2.9294e-06 2.85268e-06 2.77788e-06 2.70496e-06 2.63386e-06 2.56455e-06 2.49699e-06 2.43113e-06 2.36693e-06 2.30436e-06 2.24338e-06 2.18394e-06 2.12602e-06 2.06957e-06 2.01456e-06 1.96096e-06 1.90874e-06 1.85785e-06 1.80826e-06 1.75996e-06 1.71289e-06 1.66704e-06 1.62238e-06 1.57887e-06 1.53648e-06 1.4952e-06 1.45499e-06 1.41582e-06 1.37767e-06 1.34052e-06 1.30434e-06 1.2691e-06 1.23479e-06 1.20137e-06 1.16884e-06 1.13715e-06 1.1063e-06 1.07626e-06 1.04702e-06 1.01854e-06
0.000105183 1.29681e-05 1.26776e-05 1.23926e-05 1.2113e-05 1.18388e-05 1.15698e-05 1.13061e-05 1.10476e-05 1.07941e-05 1.05457e-05 1.03022e-05 1.00637e-05 9.82997e-06 9.60101e-06 9.37675e-06 9.15711e-06 8.94202e-06 8.73142e-06 8.52524e-06 8.3234e-06 8.12583e-06 7.93247e-06 7.74325e-06 7.55809e-06 7.37693e-06 7.1997e-06 7.02632e-06 6.85674e-06 6.69089e-06 6.52869e-06 6.37009e-06 6.21501e-06 6.06339e-06 5.91516e-06 5.77027e-06 5.62865e-06 5.49023e-06 5.35496e-06 5.22277e-06 5.0936e-06 4.9674e-06 4.8441e-06 4.72365e-06 4.60599e-06 4.49105e-06 4.3788e-06 4.26917e-06 4.1621e-06 4.05755e-06 3.95547e-06 3.85579e-06 3.75847e-06 3.66347e-06 3.57072e-06 3.48019e-06 3.39182e-06 3.30557e-06 3.22139e-06 3.13924e-06 3.05907e-06 2.98084e-06 2.9045e-06 2.83002e-06 2.75736e-06 2.68646e-06 2.6173e-06 2.54984e-06 2.48403e-06 2.41984e-06 2.35723e-06 2.29616e-06 2.23661e-06 2.17853e-06 2.12189e-06 2.06666e-06 2.01281e-06 1.9603e-06 1.9091e-06 1.85918e-06 1.81052e-06 1.76308e-06 1.71683e-06 1.67175e-06 1.62781e-06 1.58497e-06 1.54322e-06 1.50253e-06 1.46288e-06 1.42423e-06 1.38656e-06 1.34986e-06 1.31409e-06 1.27924e-06 1.24528e-06 1.21219e-06 1.17995e-06 1.14854e-06 1.11794e-06 1.08813e-06 1.05908e-06
0.000101758 1.26415e-05 1.23692e-05 1.21016e-05 1.18388e-05 1.15806e-05 1.1327e-05 1.10781e-05 1.08337e-05 1.05938e-05 1.03584e-05 1.01274e-05 9.90074e-06 9.67843e-06 9.46039e-06 9.24657e-06 9.03692e-06 8.83138e-06 8.62991e-06 8.43243e-06 8.23891e-06 8.04929e-06 7.8635e-06 7.68149e-06 7.50322e-06 7.32861e-06 7.15762e-06 6.99018e-06 6.82625e-06 6.66576e-06 6.50866e-06 6.3549e-06 6.20441e-06 6.05714e-06 5.91304e-06 5.77205e-06 5.63412e-06 5.49919e-06 5.36721e-06 5.23812e-06 5.11188e-06 4.98843e-06 4.86771e-06 4.74969e-06 4.6343e-06 4.5215e-06 4.41124e-06 4.30347e-06 4.19813e-06 4.09519e-06 3.99459e-06 3.8963e-06 3.80025e-06 3.70642e-06 3.61474e-06 3.52519e-06 3.43771e-06 3.35226e-06 3.26881e-06 3.18731e-06 3.10771e-06 3.02999e-06 2.95409e-06 2.87999e-06 2.80764e-06 2.737e-06 2.66805e-06 2.60073e-06 2.53503e-06 2.47089e-06 2.4083e-06 2.3472e-06 2.28758e-06 2.2294e-06 2.17262e-06 2.11722e-06 2.06317e-06 2.01042e-06 1.95897e-06 1.90877e-06 1.8598e-06 1.81202e-06 1.76542e-06 1.71997e-06 1.67564e-06 1.6324e-06 1.59023e-06 1.5491e-06 1.50899e-06 1.46988e-06 1.43174e-06 1.39455e-06 1.35829e-06 1.32294e-06 1.28847e-06 1.25487e-06 1.22211e-06 1.19017e-06 1.15904e-06 1.12869e-06 1.09911e-06
9.84435e-05 1.23225e-05 1.20676e-05 1.18167e-05 1.15698e-05 1.1327e-05 1.10883e-05 1.08535e-05 1.06227e-05 1.03959e-05 1.0173e-05 9.954e-06 9.73887e-06 9.52759e-06 9.32012e-06 9.11641e-06 8.91644e-06 8.72017e-06 8.52755e-06 8.33855e-06 8.15313e-06 7.97123e-06 7.79283e-06 7.61788e-06 7.44633e-06 7.27814e-06 7.11326e-06 6.95165e-06 6.79327e-06 6.63806e-06 6.48598e-06 6.33698e-06 6.19103e-06 6.04806e-06 5.90804e-06 5.77092e-06 5.63665e-06 5.50519e-06 5.37649e-06 5.2505e-06 5.12718e-06 5.00648e-06 4.88837e-06 4.77278e-06 4.65969e-06 4.54904e-06 4.4408e-06 4.33491e-06 4.23134e-06 4.13004e-06 4.03097e-06 3.93409e-06 3.83936e-06 3.74673e-06 3.65618e-06 3.56765e-06 3.48111e-06 3.39652e-06 3.31384e-06 3.23303e-06 3.15407e-06 3.0769e-06 3.00149e-06 2.92782e-06 2.85583e-06 2.78551e-06 2.71681e-06 2.6497e-06 2.58415e-06 2.52012e-06 2.45759e-06 2.39652e-06 2.33688e-06 2.27865e-06 2.22178e-06 2.16626e-06 2.11205e-06 2.05912e-06 2.00746e-06 1.95702e-06 1.90778e-06 1.85973e-06 1.81282e-06 1.76704e-06 1.72236e-06 1.67875e-06 1.6362e-06 1.59468e-06 1.55416e-06 1.51462e-06 1.47605e-06 1.43842e-06 1.4017e-06 1.36588e-06 1.33094e-06 1.29685e-06 1.2636e-06 1.23117e-06 1.19954e-06 1.16869e-06 1.1386e-06
9.52374e-05 1.20109e-05 1.17725e-05 1.15376e-05 1.13061e-05 1.10781e-05 1.08535e-05 1.06324e-05 1.04147e-05 1.02004e-05 9.98958e-06 9.78217e-06 9.57816e-06 9.37753e-06 9.18028e-06 8.98636e-06 8.79577e-06 8.60849e-06 8.42447e-06 8.24371e-06 8.06616e-06 7.8918e-06 7.7206e-06 7.55253e-06 7.38756e-06 7.22564e-06 7.06675e-06 6.91086e-06 6.75792e-06 6.60789e-06 6.46076e-06 6.31646e-06 6.17498e-06 6.03626e-06 5.90028e-06 5.76699e-06 5.63636e-06 5.50835e-06 5.38291e-06 5.26001e-06 5.13961e-06 5.02167e-06 4.90616e-06 4.79303e-06 4.68224e-06 4.57377e-06 4.46756e-06 4.36358e-06 4.2618e-06 4.16217e-06 4.06466e-06 3.96924e-06 3.87586e-06 3.78449e-06 3.69509e-06 3.60763e-06 3.52207e-06 3.43838e-06 3.35652e-06 3.27646e-06 3.19816e-06 3.1216e-06 3.04673e-06 2.97353e-06 2.90197e-06 2.832e-06 2.76361e-06 2.69675e-06 2.63141e-06 2.56754e-06 2.50512e-06 2.44413e-06 2.38452e-06 2.32628e-06 2.26937e-06 2.21378e-06 2.15946e-06 2.1064e-06 2.05457e-06 2.00394e-06 1.95448e-06 1.90618e-06 1.85901e-06 1.81295e-06 1.76796e-06 1.72403e-06 1.68114e-06 1.63926e-06 1.59837e-06 1.55845e-06 1.51948e-06 1.48144e-06 1.4443e-06 1.40805e-06 1.37267e-06 1.33813e-06 1.30443e-06 1.27153e-06 1.23943e-06 1.2081e-06 1.17754e-06
9.21357e-05 1.17064e-05 1.1484e-05 1.12643e-05 1.10476e-05 1.08337e-05 1.06227e-05 1.04147e-05 1.02096e-05 1.00074e-05 9.8082e-06 9.61195e-06 9.41866e-06 9.22833e-06 9.04095e-06 8.85651e-06 8.67501e-06 8.49644e-06 8.32078e-06 8.14802e-06 7.97813e-06 7.81111e-06 7.64694e-06 7.48558e-06 7.32703e-06 7.17125e-06 7.01822e-06 6.86793e-06 6.72033e-06 6.5754e-06 6.43313e-06 6.29346e-06 6.15639e-06 6.02187e-06 5.88988e-06 5.76039e-06 5.63336e-06 5.50877e-06 5.38658e-06 5.26675e-06 5.14927e-06 5.03409e-06 4.92118e-06 4.81051e-06 4.70204e-06 4.59575e-06 4.4916e-06 4.38956e-06 4.28959e-06 4.19167e-06 4.09575e-06 4.00181e-06 3.90982e-06 3.81974e-06 3.73153e-06 3.64518e-06 3.56065e-06 3.4779e-06 3.3969e-06 3.31763e-06 3.24005e-06 3.16414e-06 3.08986e-06 3.01718e-06 2.94608e-06 2.87652e-06 2.80848e-06 2.74193e-06 2.67683e-06 2.61317e-06 2.55092e-06 2.49004e-06 2.43051e-06 2.37231e-06 2.31541e-06 2.25979e-06 2.20541e-06 2.15226e-06 2.1003e-06 2.04952e-06 1.9999e-06 1.9514e-06 1.90401e-06 1.8577e-06 1.81245e-06 1.76824e-06 1.72504e-06 1.68284e-06 1.64162e-06 1.60135e-06 1.56202e-06 1.5236e-06 1.48608e-06 1.44943e-06 1.41364e-06 1.37869e-06 1.34457e-06 1.31124e-06 1.2787e-06 1.24693e-06 1.21591e-06
8.91351e-05 1.14091e-05 1.12018e-05 1.09968e-05 1.07941e-05 1.05938e-05 1.03959e-05 1.02004e-05 1.00074e-05 9.81688e-06 9.62887e-06 9.44338e-06 9.26044e-06 9.08005e-06 8.90222e-06 8.72695e-06 8.55426e-06 8.38413e-06 8.21658e-06 8.05159e-06 7.88915e-06 7.72928e-06 7.57194e-06 7.41714e-06 7.26485e-06 7.11508e-06 6.96779e-06 6.82298e-06 6.68062e-06 6.5407e-06 6.4032e-06 6.2681e-06 6.13538e-06 6.005e-06 5.87696e-06 5.75122e-06 5.62777e-06 5.50657e-06 5.3876e-06 5.27084e-06 5.15626e-06 5.04383e-06 4.93353e-06 4.82532e-06 4.71919e-06 4.61509e-06 4.51302e-06 4.41293e-06 4.3148e-06 4.2186e-06 4.1243e-06 4.03188e-06 3.9413e-06 3.85254e-06 3.76557e-06 3.68036e-06 3.59689e-06 3.51512e-06 3.43503e-06 3.35659e-06 3.27977e-06 3.20455e-06 3.1309e-06 3.05879e-06 2.98819e-06 2.91909e-06 2.85145e-06 2.78524e-06 2.72045e-06 2.65704e-06 2.59499e-06 2.53428e-06 2.47488e-06 2.41676e-06 2.35991e-06 2.3043e-06 2.24991e-06 2.19671e-06 2.14467e-06 2.09379e-06 2.04403e-06 1.99537e-06 1.9478e-06 1.90129e-06 1.85581e-06 1.81136e-06 1.7679e-06 1.72542e-06 1.68391e-06 1.64333e-06 1.60367e-06 1.56491e-06 1.52703e-06 1.49002e-06 1.45386e-06 1.41853e-06 1.38401e-06 1.35028e-06 1.31733e-06 1.28515e-06 1.25371e-06
8.62321e-05 1.11187e-05 1.09259e-05 1.07349e-05 1.05457e-05 1.03584e-05 1.0173e-05 9.98958e-06 9.8082e-06 9.62887e-06 9.45163e-06 9.27652e-06 9.10355e-06 8.93276e-06 8.76415e-06 8.59776e-06 8.43359e-06 8.27165e-06 8.11196e-06 7.95452e-06 7.79933e-06 7.6464e-06 7.49573e-06 7.34732e-06 7.20116e-06 7.05725e-06 6.91557e-06 6.77613e-06 6.63892e-06 6.50391e-06 6.37111e-06 6.24049e-06 6.11205e-06 5.98576e-06 5.86162e-06 5.73959e-06 5.61967e-06 5.50184e-06 5.38608e-06 5.27237e-06 5.16068e-06 5.05099e-06 4.94329e-06 4.83755e-06 4.73375e-06 4.63187e-06 4.53188e-06 4.43376e-06 4.33748e-06 4.24303e-06 4.15038e-06 4.0595e-06 3.97037e-06 3.88296e-06 3.79726e-06 3.71323e-06 3.63085e-06 3.5501e-06 3.47095e-06 3.39338e-06 3.31736e-06 3.24288e-06 3.1699e-06 3.09839e-06 3.02835e-06 2.95974e-06 2.89254e-06 2.82672e-06 2.76227e-06 2.69916e-06 2.63736e-06 2.57686e-06 2.51763e-06 2.45964e-06 2.40288e-06 2.34733e-06 2.29296e-06 2.23975e-06 2.18768e-06 2.13673e-06 2.08688e-06 2.03811e-06 1.9904e-06 1.94372e-06 1.89806e-06 1.8534e-06 1.80972e-06 1.76699e-06 1.72522e-06 1.68436e-06 1.64441e-06 1.60535e-06 1.56715e-06 1.52982e-06 1.49331e-06 1.45763e-06 1.42274e-06 1.38865e-06 1.35532e-06 1.32275e-06 1.29091e-06
8.34237e-05 1.08351e-05 1.06562e-05 1.04785e-05 1.03022e-05 1.01274e-05 9.954e-06 9.78217e-06 9.61195e-06 9.44338e-06 9.27652e-06 9.11139e-06 8.94805e-06 8.78651e-06 8.62683e-06 8.46901e-06 8.31309e-06 8.15909e-06 8.00703e-06 7.85691e-06 7.70877e-06 7.5626e-06 7.41842e-06 7.27624e-06 7.13605e-06 6.99786e-06 6.86168e-06 6.7275e-06 6.59532e-06 6.46514e-06 6.33695e-06 6.21075e-06 6.08652e-06 5.96426e-06 5.84396e-06 5.72561e-06 5.60919e-06 5.4947e-06 5.38211e-06 5.27142e-06 5.16261e-06 5.05566e-06 4.95056e-06 4.84729e-06 4.74583e-06 4.64616e-06 4.54827e-06 4.45213e-06 4.35773e-06 4.26504e-06 4.17405e-06 4.08474e-06 3.99708e-06 3.91106e-06 3.82665e-06 3.74383e-06 3.66258e-06 3.58288e-06 3.50471e-06 3.42805e-06 3.35287e-06 3.27916e-06 3.20688e-06 3.13603e-06 3.06658e-06 2.9985e-06 2.93179e-06 2.8664e-06 2.80233e-06 2.73956e-06 2.67805e-06 2.6178e-06 2.55878e-06 2.50096e-06 2.44434e-06 2.38889e-06 2.33458e-06 2.28141e-06 2.22934e-06 2.17837e-06 2.12846e-06 2.07961e-06 2.03179e-06 1.98499e-06 1.93918e-06 1.89435e-06 1.85048e-06 1.80755e-06 1.76555e-06 1.72445e-06 1.68424e-06 1.64491e-06 1.60643e-06 1.5688e-06 1.53198e-06 1.49598e-06 1.46076e-06 1.42632e-06 1.39265e-06 1.35972e-06 1.32752e-06
8.07068e-05 1.05583e-05 1.03925e-05 1.02276e-05 1.00637e-05 9.90074e-06 9.73887e-06 9.57816e-06 9.41866e-06 9.26044e-06 9.10355e-06 8.94805e-06 8.79398e-06 8.64138e-06 8.4903e-06 8.34078e-06 8.19285e-06 8.04653e-06 7.90186e-06 7.75887e-06 7.61756e-06 7.47797e-06 7.34011e-06 7.20399e-06 7.06963e-06 6.93704e-06 6.80623e-06 6.6772e-06 6.54995e-06 6.4245e-06 6.30084e-06 6.17897e-06 6.05889e-06 5.94061e-06 5.8241e-06 5.70937e-06 5.59642e-06 5.48523e-06 5.3758e-06 5.26811e-06 5.16216e-06 5.05794e-06 4.95543e-06 4.85462e-06 4.7555e-06 4.65805e-06 4.56226e-06 4.46812e-06 4.3756e-06 4.2847e-06 4.19539e-06 4.10767e-06 4.02151e-06 3.93689e-06 3.8538e-06 3.77222e-06 3.69213e-06 3.61352e-06 3.53636e-06 3.46064e-06 3.38633e-06 3.31343e-06 3.2419e-06 3.17174e-06 3.10291e-06 3.03541e-06 2.96922e-06 2.9043e-06 2.84066e-06 2.77826e-06 2.71709e-06 2.65712e-06 2.59835e-06 2.54075e-06 2.4843e-06 2.42898e-06 2.37478e-06 2.32168e-06 2.26966e-06 2.2187e-06 2.16878e-06 2.11988e-06 2.072e-06 2.02511e-06 1.97919e-06 1.93422e-06 1.8902e-06 1.8471e-06 1.8049e-06 1.7636e-06 1.72317e-06 1.68359e-06 1.64486e-06 1.60696e-06 1.56987e-06 1.53357e-06 1.49805e-06 1.4633e-06 1.42931e-06 1.39605e-06 1.36351e-06
7.80783e-05 1.02879e-05 1.01348e-05 9.98212e-06 9.82997e-06 9.67843e-06 9.52759e-06 9.37753e-06 9.22833e-06 9.08005e-06 8.93276e-06 8.78651e-06 8.64138e-06 8.49741e-06 8.35465e-06 8.21314e-06 8.07293e-06 7.93406e-06 7.79656e-06 7.66046e-06 7.5258e-06 7.3926e-06 7.26089e-06 7.13069e-06 7.00202e-06 6.87489e-06 6.74932e-06 6.62532e-06 6.50291e-06 6.38209e-06 6.26288e-06 6.14527e-06 6.02928e-06 5.9149e-06 5.80213e-06 5.69099e-06 5.58145e-06 5.47353e-06 5.36722e-06 5.26252e-06 5.15941e-06 5.0579e-06 4.95797e-06 4.85962e-06 4.76284e-06 4.66761e-06 4.57393e-06 4.48179e-06 4.39117e-06 4.30207e-06 4.21447e-06 4.12835e-06 4.0437e-06 3.96052e-06 3.87877e-06 3.79846e-06 3.71956e-06 3.64206e-06 3.56594e-06 3.49119e-06 3.4178e-06 3.34573e-06 3.27499e-06 3.20554e-06 3.13739e-06 3.0705e-06 3.00486e-06 2.94045e-06 2.87727e-06 2.81528e-06 2.75448e-06 2.69484e-06 2.63636e-06 2.579e-06 2.52277e-06 2.46763e-06 2.41357e-06 2.36058e-06 2.30864e-06 2.25772e-06 2.20783e-06 2.15893e-06 2.11102e-06 2.06407e-06 2.01807e-06 1.97301e-06 1.92887e-06 1.88563e-06 1.84328e-06 1.8018e-06 1.76117e-06 1.72139e-06 1.68244e-06 1.6443e-06 1.60696e-06 1.5704e-06 1.53461e-06 1.49958e-06 1.46529e-06 1.43173e-06 1.39888e-06
7.55355e-05 1.0024e-05 9.8829e-06 9.74188e-06 9.60101e-06 9.46039e-06 9.32012e-06 9.18028e-06 9.04095e-06 8.90222e-06 8.76415e-06 8.62683e-06 8.4903e-06 8.35465e-06 8.21991e-06 8.08615e-06 7.95341e-06 7.82174e-06 7.69119e-06 7.56179e-06 7.43358e-06 7.3066e-06 7.18087e-06 7.05643e-06 6.93329e-06 6.81149e-06 6.69105e-06 6.57197e-06 6.4543e-06 6.33802e-06 6.22317e-06 6.10975e-06 5.99777e-06 5.88723e-06 5.77816e-06 5.67054e-06 5.56439e-06 5.4597e-06 5.35649e-06 5.25474e-06 5.15445e-06 5.05564e-06 4.95828e-06 4.86238e-06 4.76793e-06 4.67492e-06 4.58336e-06 4.49322e-06 4.40452e-06 4.31722e-06 4.23133e-06 4.14684e-06 4.06373e-06 3.98199e-06 3.90162e-06 3.8226e-06 3.74491e-06 3.66855e-06 3.59351e-06 3.51976e-06 3.4473e-06 3.37611e-06 3.30618e-06 3.23749e-06 3.17003e-06 3.10378e-06 3.03874e-06 2.97488e-06 2.91219e-06 2.85065e-06 2.79026e-06 2.73099e-06 2.67283e-06 2.61576e-06 2.55977e-06 2.50484e-06 2.45096e-06 2.39812e-06 2.34629e-06 2.29546e-06 2.24563e-06 2.19676e-06 2.14885e-06 2.10188e-06 2.05584e-06 2.01072e-06 1.96649e-06 1.92314e-06 1.88066e-06 1.83904e-06 1.79826e-06 1.7583e-06 1.71916e-06 1.68081e-06 1.64325e-06 1.60646e-06 1.57043e-06 1.53514e-06 1.50058e-06 1.46674e-06 1.43361e-06
7.30754e-05 9.76631e-06 9.63672e-06 9.50683e-06 9.37675e-06 9.24657e-06 9.11641e-06 8.98636e-06 8.85651e-06 8.72695e-06 8.59776e-06 8.46901e-06 8.34078e-06 8.21314e-06 8.08615e-06 7.95987e-06 7.83435e-06 7.70966e-06 7.58584e-06 7.46293e-06 7.34098e-06 7.22004e-06 7.10013e-06 6.98129e-06 6.86356e-06 6.74695e-06 6.63151e-06 6.51726e-06 6.40421e-06 6.29239e-06 6.18181e-06 6.0725e-06 5.96446e-06 5.85771e-06 5.75227e-06 5.64813e-06 5.54532e-06 5.44383e-06 5.34367e-06 5.24485e-06 5.14737e-06 5.05123e-06 4.95643e-06 4.86297e-06 4.77084e-06 4.68006e-06 4.59061e-06 4.50249e-06 4.41569e-06 4.33022e-06 4.24606e-06 4.1632e-06 4.08164e-06 4.00138e-06 3.92239e-06 3.84468e-06 3.76824e-06 3.69304e-06 3.61909e-06 3.54638e-06 3.47488e-06 3.4046e-06 3.33551e-06 3.26761e-06 3.20088e-06 3.13531e-06 3.07089e-06 3.00761e-06 2.94545e-06 2.8844e-06 2.82444e-06 2.76557e-06 2.70777e-06 2.65102e-06 2.59531e-06 2.54063e-06 2.48697e-06 2.43431e-06 2.38263e-06 2.33192e-06 2.28218e-06 2.23337e-06 2.1855e-06 2.13855e-06 2.0925e-06 2.04734e-06 2.00306e-06 1.95964e-06 1.91707e-06 1.87533e-06 1.83442e-06 1.79432e-06 1.75501e-06 1.71649e-06 1.67874e-06 1.64175e-06 1.6055e-06 1.56998e-06 1.53518e-06 1.5011e-06 1.4677e-06
7.06955e-05 9.5148e-06 9.39616e-06 9.27689e-06 9.15711e-06 9.03692e-06 8.91644e-06 8.79577e-06 8.67501e-06 8.55426e-06 8.43359e-06 8.31309e-06 8.19285e-06 8.07293e-06 7.95341e-06 7.83435e-06 7.71582e-06 7.59788e-06 7.48057e-06 7.36396e-06 7.24809e-06 7.13301e-06 7.01876e-06 6.90537e-06 6.7929e-06 6.68137e-06 6.57081e-06 6.46126e-06 6.35274e-06 6.24528e-06 6.13889e-06 6.03361e-06 5.92945e-06 5.82643e-06 5.72456e-06 5.62386e-06 5.52433e-06 5.426e-06 5.32887e-06 5.23295e-06 5.13825e-06 5.04476e-06 4.9525e-06 4.86147e-06 4.77167e-06 4.6831e-06 4.59576e-06 4.50965e-06 4.42478e-06 4.34113e-06 4.2587e-06 4.1775e-06 4.09751e-06 4.01873e-06 3.94115e-06 3.86477e-06 3.78959e-06 3.71558e-06 3.64275e-06 3.57109e-06 3.50059e-06 3.43123e-06 3.36302e-06 3.29593e-06 3.22996e-06 3.16511e-06 3.10135e-06 3.03867e-06 2.97707e-06 2.91654e-06 2.85706e-06 2.79862e-06 2.74121e-06 2.68481e-06 2.62942e-06 2.57502e-06 2.52161e-06 2.46916e-06 2.41766e-06 2.36711e-06 2.31749e-06 2.26878e-06 2.22099e-06 2.17408e-06 2.12805e-06 2.08289e-06 2.03859e-06 1.99512e-06 1.95249e-06 1.91067e-06 1.86966e-06 1.82944e-06 1.79e-06 1.75133e-06 1.71342e-06 1.67625e-06 1.63981e-06 1.60409e-06 1.56908e-06 1.53477e-06 1.50115e-06
6.83931e-05 9.26931e-06 9.16111e-06 9.05197e-06 8.94202e-06 8.83138e-06 8.72017e-06 8.60849e-06 8.49644e-06 8.38413e-06 8.27165e-06 8.15909e-06 8.04653e-06 7.93406e-06 7.82174e-06 7.70966e-06 7.59788e-06 7.48646e-06 7.37546e-06 7.26495e-06 7.15498e-06 7.04559e-06 6.93684e-06 6.82876e-06 6.72141e-06 6.61483e-06 6.50904e-06 6.40408e-06 6.29999e-06 6.19679e-06 6.09451e-06 5.99319e-06 5.89283e-06 5.79347e-06 5.69511e-06 5.59779e-06 5.50152e-06 5.40631e-06 5.31217e-06 5.21912e-06 5.12716e-06 5.03631e-06 4.94657e-06 4.85796e-06 4.77047e-06 4.68411e-06 4.59888e-06 4.51479e-06 4.43183e-06 4.35001e-06 4.26933e-06 4.18979e-06 4.11138e-06 4.0341e-06 3.95795e-06 3.88292e-06 3.80901e-06 3.73621e-06 3.66453e-06 3.59395e-06 3.52446e-06 3.45606e-06 3.38874e-06 3.3225e-06 3.25732e-06 3.1932e-06 3.13013e-06 3.06809e-06 3.00709e-06 2.9471e-06 2.88813e-06 2.83015e-06 2.77316e-06 2.71715e-06 2.66211e-06 2.60803e-06 2.55489e-06 2.50268e-06 2.4514e-06 2.40104e-06 2.35157e-06 2.303e-06 2.2553e-06 2.20847e-06 2.1625e-06 2.11737e-06 2.07307e-06 2.02959e-06 1.98693e-06 1.94506e-06 1.90398e-06 1.86367e-06 1.82413e-06 1.78534e-06 1.74729e-06 1.70997e-06 1.67337e-06 1.63747e-06 1.60228e-06 1.56777e-06 1.53393e-06
6.61657e-05 9.02972e-06 8.93146e-06 8.83198e-06 8.73142e-06 8.62991e-06 8.52755e-06 8.42447e-06 8.32078e-06 8.21658e-06 8.11196e-06 8.00703e-06 7.90186e-06 7.79656e-06 7.69119e-06 7.58584e-06 7.48057e-06 7.37546e-06 7.27058e-06 7.16598e-06 7.06172e-06 6.95786e-06 6.85445e-06 6.75154e-06 6.64918e-06 6.5474e-06 6.44626e-06 6.3458e-06 6.24603e-06 6.14701e-06 6.04876e-06 5.95131e-06 5.85468e-06 5.75892e-06 5.66402e-06 5.57003e-06 5.47696e-06 5.38482e-06 5.29364e-06 5.20343e-06 5.11419e-06 5.02596e-06 4.93873e-06 4.85251e-06 4.76732e-06 4.68316e-06 4.60004e-06 4.51796e-06 4.43692e-06 4.35694e-06 4.27801e-06 4.20013e-06 4.12331e-06 4.04754e-06 3.97283e-06 3.89917e-06 3.82655e-06 3.75499e-06 3.68447e-06 3.61498e-06 3.54654e-06 3.47912e-06 3.41272e-06 3.34735e-06 3.28299e-06 3.21963e-06 3.15727e-06 3.09591e-06 3.03552e-06 2.97611e-06 2.91767e-06 2.86019e-06 2.80365e-06 2.74806e-06 2.6934e-06 2.63965e-06 2.58683e-06 2.5349e-06 2.48387e-06 2.43372e-06 2.38444e-06 2.33602e-06 2.28846e-06 2.24173e-06 2.19584e-06 2.15077e-06 2.10651e-06 2.06305e-06 2.02038e-06 1.97849e-06 1.93737e-06 1.897e-06 1.85738e-06 1.8185e-06 1.78034e-06 1.7429e-06 1.70616e-06 1.67012e-06 1.63476e-06 1.60007e-06 1.56605e-06
6.40108e-05 8.79591e-06 8.70711e-06 8.61684e-06 8.52524e-06 8.43243e-06 8.33855e-06 8.24371e-06 8.14802e-06 8.05159e-06 7.95452e-06 7.85691e-06 7.75887e-06 7.66046e-06 7.56179e-06 7.46293e-06 7.36396e-06 7.26495e-06 7.16598e-06 7.0671e-06 6.96838e-06 6.86989e-06 6.77167e-06 6.67378e-06 6.57627e-06 6.47919e-06 6.38259e-06 6.2865e-06 6.19096e-06 6.09602e-06 6.00171e-06 5.90806e-06 5.8151e-06 5.72286e-06 5.63137e-06 5.54066e-06 5.45074e-06 5.36163e-06 5.27337e-06 5.18596e-06 5.09942e-06 5.01378e-06 4.92903e-06 4.8452e-06 4.76229e-06 4.68032e-06 4.5993e-06 4.51922e-06 4.44011e-06 4.36196e-06 4.28479e-06 4.20859e-06 4.13336e-06 4.05912e-06 3.98585e-06 3.91357e-06 3.84227e-06 3.77195e-06 3.70261e-06 3.63424e-06 3.56686e-06 3.50044e-06 3.435e-06 3.37051e-06 3.30699e-06 3.24442e-06 3.18281e-06 3.12213e-06 3.0624e-06 3.00359e-06 2.94571e-06 2.88875e-06 2.8327e-06 2.77755e-06 2.7233e-06 2.66993e-06 2.61744e-06 2.56582e-06 2.51506e-06 2.46515e-06 2.41609e-06 2.36787e-06 2.32046e-06 2.27388e-06 2.2281e-06 2.18312e-06 2.13892e-06 2.09551e-06 2.05286e-06 2.01097e-06 1.96983e-06 1.92943e-06 1.88976e-06 1.85081e-06 1.81257e-06 1.77503e-06 1.73818e-06 1.70202e-06 1.66652e-06 1.63169e-06 1.5975e-06
6.19261e-05 8.56775e-06 8.48795e-06 8.40645e-06 8.3234e-06 8.23891e-06 8.15313e-06 8.06616e-06 7.97813e-06 7.88915e-06 7.79933e-06 7.70877e-06 7.61756e-06 7.5258e-06 7.43358e-06 7.34098e-06 7.24809e-06 7.15498e-06 7.06172e-06 6.96838e-06 6.87504e-06 6.78174e-06 6.68856e-06 6.59556e-06 6.50277e-06 6.41026e-06 6.31808e-06 6.22626e-06 6.13486e-06 6.04391e-06 5.95345e-06 5.86352e-06 5.77416e-06 5.68539e-06 5.59724e-06 5.50975e-06 5.42293e-06 5.33682e-06 5.25143e-06 5.1668e-06 5.08292e-06 4.99984e-06 4.91755e-06 4.83609e-06 4.75545e-06 4.67566e-06 4.59673e-06 4.51866e-06 4.44146e-06 4.36515e-06 4.28973e-06 4.21521e-06 4.14159e-06 4.06887e-06 3.99707e-06 3.92618e-06 3.8562e-06 3.78714e-06 3.719e-06 3.65177e-06 3.58547e-06 3.52007e-06 3.45559e-06 3.39203e-06 3.32937e-06 3.26761e-06 3.20676e-06 3.14681e-06 3.08775e-06 3.02957e-06 2.97228e-06 2.91587e-06 2.86033e-06 2.80565e-06 2.75183e-06 2.69886e-06 2.64674e-06 2.59545e-06 2.545e-06 2.49537e-06 2.44655e-06 2.39854e-06 2.35133e-06 2.30491e-06 2.25927e-06 2.2144e-06 2.1703e-06 2.12696e-06 2.08436e-06 2.0425e-06 2.00137e-06 1.96097e-06 1.92127e-06 1.88228e-06 1.84399e-06 1.80637e-06 1.76944e-06 1.73317e-06 1.69756e-06 1.6626e-06 1.62828e-06
5.99093e-05 8.34512e-06 8.27389e-06 8.20074e-06 8.12583e-06 8.04929e-06 7.97123e-06 7.8918e-06 7.81111e-06 7.72928e-06 7.6464e-06 7.5626e-06 7.47797e-06 7.3926e-06 7.3066e-06 7.22004e-06 7.13301e-06 7.04559e-06 6.95786e-06 6.86989e-06 6.78174e-06 6.6935e-06 6.60521e-06 6.51694e-06 6.42875e-06 6.34069e-06 6.25282e-06 6.16517e-06 6.0778e-06 5.99075e-06 5.90407e-06 5.81778e-06 5.73194e-06 5.64657e-06 5.5617e-06 5.47738e-06 5.39362e-06 5.31045e-06 5.22791e-06 5.14601e-06 5.06477e-06 4.98422e-06 4.90437e-06 4.82525e-06 4.74687e-06 4.66925e-06 4.59239e-06 4.51632e-06 4.44103e-06 4.36656e-06 4.29289e-06 4.22005e-06 4.14804e-06 4.07686e-06 4.00653e-06 3.93704e-06 3.8684e-06 3.80061e-06 3.73368e-06 3.66761e-06 3.6024e-06 3.53805e-06 3.47456e-06 3.41192e-06 3.35015e-06 3.28923e-06 3.22917e-06 3.16996e-06 3.11159e-06 3.05407e-06 2.9974e-06 2.94156e-06 2.88655e-06 2.83237e-06 2.77901e-06 2.72647e-06 2.67475e-06 2.62382e-06 2.5737e-06 2.52437e-06 2.47582e-06 2.42805e-06 2.38106e-06 2.33483e-06 2.28935e-06 2.24463e-06 2.20065e-06 2.1574e-06 2.11489e-06 2.07308e-06 2.03199e-06 1.99161e-06 1.95191e-06 1.91291e-06 1.87458e-06 1.83692e-06 1.79992e-06 1.76358e-06 1.72788e-06 1.69281e-06 1.65838e-06
5.79581e-05 8.1279e-06 8.06481e-06 7.99962e-06 7.93247e-06 7.8635e-06 7.79283e-06 7.7206e-06 7.64694e-06 7.57194e-06 7.49573e-06 7.41842e-06 7.34011e-06 7.26089e-06 7.18087e-06 7.10013e-06 7.01876e-06 6.93684e-06 6.85445e-06 6.77167e-06 6.68856e-06 6.60521e-06 6.52167e-06 6.43801e-06 6.35429e-06 6.27056e-06 6.18688e-06 6.10329e-06 6.01986e-06 5.93662e-06 5.85363e-06 5.77091e-06 5.68852e-06 5.60648e-06 5.52484e-06 5.44363e-06 5.36288e-06 5.28261e-06 5.20287e-06 5.12366e-06 5.04503e-06 4.96699e-06 4.88956e-06 4.81276e-06 4.73662e-06 4.66114e-06 4.58635e-06 4.51226e-06 4.43889e-06 4.36624e-06 4.29433e-06 4.22317e-06 4.15277e-06 4.08314e-06 4.01428e-06 3.9462e-06 3.87891e-06 3.81241e-06 3.7467e-06 3.6818e-06 3.6177e-06 3.55441e-06 3.49192e-06 3.43024e-06 3.36937e-06 3.30931e-06 3.25006e-06 3.19161e-06 3.13396e-06 3.07712e-06 3.02109e-06 2.96584e-06 2.9114e-06 2.85774e-06 2.80487e-06 2.75278e-06 2.70147e-06 2.65094e-06 2.60117e-06 2.55216e-06 2.50391e-06 2.45642e-06 2.40967e-06 2.36365e-06 2.31837e-06 2.27382e-06 2.22998e-06 2.18686e-06 2.14444e-06 2.10272e-06 2.0617e-06 2.02135e-06 1.98168e-06 1.94269e-06 1.90435e-06 1.86667e-06 1.82963e-06 1.79323e-06 1.75746e-06 1.72232e-06 1.68779e-06
5.60706e-05 7.91598e-06 7.86063e-06 7.80301e-06 7.74325e-06 7.68149e-06 7.61788e-06 7.55253e-06 7.48558e-06 7.41714e-06 7.34732e-06 7.27624e-06 7.20399e-06 7.13069e-06 7.05643e-06 6.98129e-06 6.90537e-06 6.82876e-06 6.75154e-06 6.67378e-06 6.59556e-06 6.51694e-06 6.43801e-06 6.35882e-06 6.27944e-06 6.19992e-06 6.12033e-06 6.04071e-06 5.96112e-06 5.8816e-06 5.80221e-06 5.72298e-06 5.64397e-06 5.56521e-06 5.48673e-06 5.40857e-06 5.33078e-06 5.25337e-06 5.17638e-06 5.09984e-06 5.02378e-06 4.94821e-06 4.87317e-06 4.79868e-06 4.72475e-06 4.65141e-06 4.57867e-06 4.50656e-06 4.43509e-06 4.36426e-06 4.29411e-06 4.22463e-06 4.15584e-06 4.08775e-06 4.02037e-06 3.95371e-06 3.88777e-06 3.82257e-06 3.7581e-06 3.69438e-06 3.63141e-06 3.56919e-06 3.50772e-06 3.44701e-06 3.38707e-06 3.32788e-06 3.26945e-06 3.21179e-06 3.15489e-06 3.09875e-06 3.04337e-06 2.98875e-06 2.93488e-06 2.88177e-06 2.82942e-06 2.7778e-06 2.72694e-06 2.67681e-06 2.62743e-06 2.57877e-06 2.53085e-06 2.48364e-06 2.43716e-06 2.39139e-06 2.34633e-06 2.30196e-06 2.2583e-06 2.21532e-06 2.17303e-06 2.13142e-06 2.09048e-06 2.0502e-06 2.01059e-06 1.97162e-06 1.9333e-06 1.89561e-06 1.85856e-06 1.82213e-06 1.78632e-06 1.75112e-06 1.71651e-06
5.42445e-05 7.70924e-06 7.66125e-06 7.61081e-06 7.55809e-06 7.50322e-06 7.44633e-06 7.38756e-06 7.32703e-06 7.26485e-06 7.20116e-06 7.13605e-06 7.06963e-06 7.00202e-06 6.93329e-06 6.86356e-06 6.7929e-06 6.72141e-06 6.64918e-06 6.57627e-06 6.50277e-06 6.42875e-06 6.35429e-06 6.27944e-06 6.20427e-06 6.12885e-06 6.05324e-06 5.97748e-06 5.90163e-06 5.82575e-06 5.74988e-06 5.67407e-06 5.59837e-06 5.52281e-06 5.44743e-06 5.37228e-06 5.29739e-06 5.22279e-06 5.14852e-06 5.0746e-06 5.00107e-06 4.92796e-06 4.85528e-06 4.78306e-06 4.71133e-06 4.64011e-06 4.56942e-06 4.49927e-06 4.42968e-06 4.36068e-06 4.29227e-06 4.22447e-06 4.15729e-06 4.09075e-06 4.02485e-06 3.95962e-06 3.89504e-06 3.83114e-06 3.76793e-06 3.7054e-06 3.64356e-06 3.58243e-06 3.522e-06 3.46228e-06 3.40327e-06 3.34497e-06 3.28739e-06 3.23053e-06 3.1744e-06 3.11898e-06 3.06428e-06 3.0103e-06 2.95704e-06 2.9045e-06 2.85267e-06 2.80156e-06 2.75116e-06 2.70147e-06 2.65249e-06 2.60421e-06 2.55663e-06 2.50974e-06 2.46355e-06 2.41805e-06 2.37322e-06 2.32908e-06 2.28561e-06 2.24281e-06 2.20067e-06 2.15918e-06 2.11835e-06 2.07817e-06 2.03862e-06 1.99971e-06 1.96142e-06 1.92376e-06 1.88671e-06 1.85028e-06 1.81444e-06 1.7792e-06 1.74455e-06
5.24778e-05 7.50758e-06 7.46656e-06 7.42296e-06 7.37693e-06 7.32861e-06 7.27814e-06 7.22564e-06 7.17125e-06 7.11508e-06 7.05725e-06 6.99786e-06 6.93704e-06 6.87489e-06 6.81149e-06 6.74695e-06 6.68137e-06 6.61483e-06 6.5474e-06 6.47919e-06 6.41026e-06 6.34069e-06 6.27056e-06 6.19992e-06 6.12885e-06 6.05741e-06 5.98567e-06 5.91367e-06 5.84148e-06 5.76914e-06 5.69672e-06 5.62425e-06 5.55178e-06 5.47936e-06 5.40703e-06 5.33482e-06 5.26278e-06 5.19095e-06 5.11935e-06 5.04802e-06 4.97699e-06 4.90629e-06 4.83595e-06 4.76598e-06 4.69643e-06 4.62731e-06 4.55863e-06 4.49044e-06 4.42273e-06 4.35554e-06 4.28887e-06 4.22275e-06 4.15718e-06 4.09219e-06 4.02778e-06 3.96397e-06 3.90076e-06 3.83817e-06 3.77621e-06 3.71488e-06 3.6542e-06 3.59416e-06 3.53478e-06 3.47606e-06 3.41801e-06 3.36062e-06 3.30391e-06 3.24787e-06 3.19251e-06 3.13783e-06 3.08383e-06 3.03051e-06 2.97788e-06 2.92593e-06 2.87465e-06 2.82406e-06 2.77415e-06 2.72492e-06 2.67637e-06 2.62848e-06 2.58127e-06 2.53473e-06 2.48885e-06 2.44363e-06 2.39908e-06 2.35517e-06 2.31192e-06 2.26931e-06 2.22734e-06 2.18601e-06 2.14531e-06 2.10524e-06 2.06579e-06 2.02696e-06 1.98873e-06 1.95111e-06 1.91409e-06 1.87767e-06 1.84183e-06 1.80657e-06 1.77189e-06
5.07687e-05 7.31087e-06 7.27646e-06 7.23936e-06 7.1997e-06 7.15762e-06 7.11326e-06 7.06675e-06 7.01822e-06 6.96779e-06 6.91557e-06 6.86168e-06 6.80623e-06 6.74932e-06 6.69105e-06 6.63151e-06 6.57081e-06 6.50904e-06 6.44626e-06 6.38259e-06 6.31808e-06 6.25282e-06 6.18688e-06 6.12033e-06 6.05324e-06 5.98567e-06 5.91769e-06 5.84935e-06 5.78072e-06 5.71184e-06 5.64278e-06 5.57357e-06 5.50427e-06 5.43492e-06 5.36557e-06 5.29626e-06 5.22703e-06 5.15791e-06 5.08894e-06 5.02015e-06 4.95159e-06 4.88327e-06 4.81523e-06 4.7475e-06 4.6801e-06 4.61305e-06 4.54639e-06 4.48013e-06 4.41429e-06 4.3489e-06 4.28397e-06 4.21951e-06 4.15555e-06 4.09211e-06 4.02919e-06 3.9668e-06 3.90497e-06 3.8437e-06 3.783e-06 3.72288e-06 3.66336e-06 3.60443e-06 3.54611e-06 3.4884e-06 3.43132e-06 3.37485e-06 3.31902e-06 3.26382e-06 3.20926e-06 3.15533e-06 3.10205e-06 3.04942e-06 2.99743e-06 2.94608e-06 2.89539e-06 2.84534e-06 2.79594e-06 2.74718e-06 2.69908e-06 2.65161e-06 2.60479e-06 2.55861e-06 2.51307e-06 2.46816e-06 2.42389e-06 2.38025e-06 2.33724e-06 2.29484e-06 2.25307e-06 2.21192e-06 2.17137e-06 2.13143e-06 2.0921e-06 2.05336e-06 2.01522e-06 1.97767e-06 1.94069e-06 1.9043e-06 1.86848e-06 1.83323e-06 1.79854e-06
4.91153e-05 7.11901e-06 7.09088e-06 7.05994e-06 7.02632e-06 6.99018e-06 6.95165e-06 6.91086e-06 6.86793e-06 6.82298e-06 6.77613e-06 6.7275e-06 6.6772e-06 6.62532e-06 6.57197e-06 6.51726e-06 6.46126e-06 6.40408e-06 6.3458e-06 6.2865e-06 6.22626e-06 6.16517e-06 6.10329e-06 6.04071e-06 5.97748e-06 5.91367e-06 5.84935e-06 5.78458e-06 5.71942e-06 5.65391e-06 5.58813e-06 5.52211e-06 5.45591e-06 5.38957e-06 5.32314e-06 5.25666e-06 5.19018e-06 5.12373e-06 5.05734e-06 4.99107e-06 4.92493e-06 4.85896e-06 4.7932e-06 4.72767e-06 4.6624e-06 4.59741e-06 4.53274e-06 4.4684e-06 4.40442e-06 4.34081e-06 4.27761e-06 4.21482e-06 4.15246e-06 4.09056e-06 4.02913e-06 3.96817e-06 3.90771e-06 3.84776e-06 3.78833e-06 3.72943e-06 3.67108e-06 3.61327e-06 3.55602e-06 3.49934e-06 3.44323e-06 3.3877e-06 3.33277e-06 3.27842e-06 3.22467e-06 3.17152e-06 3.11897e-06 3.06703e-06 3.01571e-06 2.96499e-06 2.91489e-06 2.8654e-06 2.81653e-06 2.76827e-06 2.72063e-06 2.67361e-06 2.6272e-06 2.5814e-06 2.53622e-06 2.49165e-06 2.44768e-06 2.40432e-06 2.36157e-06 2.31942e-06 2.27786e-06 2.2369e-06 2.19653e-06 2.15675e-06 2.11755e-06 2.07893e-06 2.04089e-06 2.00342e-06 1.96652e-06 1.93018e-06 1.8944e-06 1.85917e-06 1.82449e-06
4.75157e-05 6.9319e-06 6.90971e-06 6.88461e-06 6.85674e-06 6.82625e-06 6.79327e-06 6.75792e-06 6.72033e-06 6.68062e-06 6.63892e-06 6.59532e-06 6.54995e-06 6.50291e-06 6.4543e-06 6.40421e-06 6.35274e-06 6.29999e-06 6.24603e-06 6.19096e-06 6.13486e-06 6.0778e-06 6.01986e-06 5.96112e-06 5.90163e-06 5.84148e-06 5.78072e-06 5.71942e-06 5.65763e-06 5.59542e-06 5.53283e-06 5.46993e-06 5.40675e-06 5.34336e-06 5.27979e-06 5.21609e-06 5.15231e-06 5.08847e-06 5.02463e-06 4.96082e-06 4.89708e-06 4.83343e-06 4.76991e-06 4.70655e-06 4.64339e-06 4.58044e-06 4.51774e-06 4.4553e-06 4.39316e-06 4.33133e-06 4.26984e-06 4.20871e-06 4.14796e-06 4.08759e-06 4.02764e-06 3.96812e-06 3.90904e-06 3.85041e-06 3.79225e-06 3.73458e-06 3.67739e-06 3.62071e-06 3.56454e-06 3.5089e-06 3.45378e-06 3.3992e-06 3.34517e-06 3.29169e-06 3.23877e-06 3.18641e-06 3.13461e-06 3.08339e-06 3.03274e-06 2.98267e-06 2.93318e-06 2.88427e-06 2.83595e-06 2.78821e-06 2.74106e-06 2.69449e-06 2.64851e-06 2.60312e-06 2.55831e-06 2.51409e-06 2.47046e-06 2.4274e-06 2.38493e-06 2.34303e-06 2.30171e-06 2.26097e-06 2.22079e-06 2.18119e-06 2.14215e-06 2.10367e-06 2.06575e-06 2.02839e-06 1.99157e-06 1.95531e-06 1.91958e-06 1.8844e-06 1.84975e-06
4.59682e-05 6.74942e-06 6.73286e-06 6.7133e-06 6.69089e-06 6.66576e-06 6.63806e-06 6.60789e-06 6.5754e-06 6.5407e-06 6.50391e-06 6.46514e-06 6.4245e-06 6.38209e-06 6.33802e-06 6.29239e-06 6.24528e-06 6.19679e-06 6.14701e-06 6.09602e-06 6.04391e-06 5.99075e-06 5.93662e-06 5.8816e-06 5.82575e-06 5.76914e-06 5.71184e-06 5.65391e-06 5.59542e-06 5.53641e-06 5.47694e-06 5.41708e-06 5.35686e-06 5.29635e-06 5.23558e-06 5.17461e-06 5.11347e-06 5.05221e-06 4.99087e-06 4.92948e-06 4.86809e-06 4.80672e-06 4.74542e-06 4.68421e-06 4.62312e-06 4.56219e-06 4.50143e-06 4.44089e-06 4.38057e-06 4.32051e-06 4.26073e-06 4.20124e-06 4.14208e-06 4.08325e-06 4.02478e-06 3.96669e-06 3.90898e-06 3.85168e-06 3.7948e-06 3.73835e-06 3.68234e-06 3.6268e-06 3.57172e-06 3.51712e-06 3.463e-06 3.40938e-06 3.35627e-06 3.30367e-06 3.25159e-06 3.20003e-06 3.149e-06 3.09851e-06 3.04855e-06 2.99914e-06 2.95028e-06 2.90197e-06 2.85421e-06 2.80701e-06 2.76036e-06 2.71427e-06 2.66874e-06 2.62377e-06 2.57936e-06 2.53551e-06 2.49222e-06 2.44949e-06 2.40732e-06 2.3657e-06 2.32464e-06 2.28413e-06 2.24417e-06 2.20476e-06 2.1659e-06 2.12758e-06 2.0898e-06 2.05256e-06 2.01585e-06 1.97968e-06 1.94403e-06 1.90891e-06 1.87431e-06
4.44711e-05 6.57147e-06 6.56023e-06 6.54593e-06 6.52869e-06 6.50866e-06 6.48598e-06 6.46076e-06 6.43313e-06 6.4032e-06 6.37111e-06 6.33695e-06 6.30084e-06 6.26288e-06 6.22317e-06 6.18181e-06 6.13889e-06 6.09451e-06 6.04876e-06 6.00171e-06 5.95345e-06 5.90407e-06 5.85363e-06 5.80221e-06 5.74988e-06 5.69672e-06 5.64278e-06 5.58813e-06 5.53283e-06 5.47694e-06 5.42052e-06 5.36362e-06 5.3063e-06 5.2486e-06 5.19057e-06 5.13226e-06 5.07372e-06 5.01498e-06 4.9561e-06 4.89709e-06 4.83802e-06 4.7789e-06 4.71978e-06 4.66069e-06 4.60165e-06 4.54271e-06 4.48389e-06 4.42521e-06 4.3667e-06 4.30839e-06 4.2503e-06 4.19246e-06 4.13488e-06 4.07758e-06 4.02059e-06 3.96392e-06 3.90759e-06 3.85161e-06 3.79601e-06 3.74079e-06 3.68597e-06 3.63156e-06 3.57758e-06 3.52403e-06 3.47092e-06 3.41828e-06 3.36609e-06 3.31438e-06 3.26315e-06 3.21241e-06 3.16216e-06 3.11241e-06 3.06316e-06 3.01443e-06 2.96621e-06 2.91851e-06 2.87134e-06 2.82469e-06 2.77856e-06 2.73297e-06 2.68791e-06 2.64338e-06 2.59938e-06 2.55592e-06 2.513e-06 2.47061e-06 2.42875e-06 2.38743e-06 2.34664e-06 2.30639e-06 2.26666e-06 2.22747e-06 2.1888e-06 2.15066e-06 2.11304e-06 2.07594e-06 2.03936e-06 2.0033e-06 1.96775e-06 1.93271e-06 1.89817e-06
4.30228e-05 6.39796e-06 6.39175e-06 6.38242e-06 6.37009e-06 6.3549e-06 6.33698e-06 6.31646e-06 6.29346e-06 6.2681e-06 6.24049e-06 6.21075e-06 6.17897e-06 6.14527e-06 6.10975e-06 6.0725e-06 6.03361e-06 5.99319e-06 5.95131e-06 5.90806e-06 5.86352e-06 5.81778e-06 5.77091e-06 5.72298e-06 5.67407e-06 5.62425e-06 5.57357e-06 5.52211e-06 5.46993e-06 5.41708e-06 5.36362e-06 5.30962e-06 5.25512e-06 5.20017e-06 5.14482e-06 5.08913e-06 5.03312e-06 4.97686e-06 4.92038e-06 4.86372e-06 4.80692e-06 4.75002e-06 4.69305e-06 4.63604e-06 4.57904e-06 4.52206e-06 4.46514e-06 4.40831e-06 4.3516e-06 4.29503e-06 4.23862e-06 4.1824e-06 4.1264e-06 4.07062e-06 4.0151e-06 3.95985e-06 3.90489e-06 3.85024e-06 3.79592e-06 3.74193e-06 3.6883e-06 3.63504e-06 3.58215e-06 3.52966e-06 3.47758e-06 3.42591e-06 3.37466e-06 3.32385e-06 3.27348e-06 3.22357e-06 3.17411e-06 3.12512e-06 3.0766e-06 3.02856e-06 2.981e-06 2.93393e-06 2.88735e-06 2.84126e-06 2.79568e-06 2.75059e-06 2.70602e-06 2.66194e-06 2.61838e-06 2.57533e-06 2.53279e-06 2.49076e-06 2.44924e-06 2.40823e-06 2.36774e-06 2.32775e-06 2.28828e-06 2.24932e-06 2.21087e-06 2.17292e-06 2.13548e-06 2.09854e-06 2.06211e-06 2.02617e-06 1.99073e-06 1.95579e-06 1.92134e-06
4.16216e-05 6.22878e-06 6.22732e-06 6.22269e-06 6.21501e-06 6.20441e-06 6.19103e-06 6.17498e-06 6.15639e-06 6.13538e-06 6.11205e-06 6.08652e-06 6.05889e-06 6.02928e-06 5.99777e-06 5.96446e-06 5.92945e-06 5.89283e-06 5.85468e-06 5.8151e-06 5.77416e-06 5.73194e-06 5.68852e-06 5.64397e-06 5.59837e-06 5.55178e-06 5.50427e-06 5.45591e-06 5.40675e-06 5.35686e-06 5.3063e-06 5.25512e-06 5.20337e-06 5.15111e-06 5.09838e-06 5.04524e-06 4.99173e-06 4.9379e-06 4.88378e-06 4.82942e-06 4.77486e-06 4.72013e-06 4.66528e-06 4.61033e-06 4.55532e-06 4.50029e-06 4.44526e-06 4.39026e-06 4.33532e-06 4.28046e-06 4.22573e-06 4.17112e-06 4.11668e-06 4.06242e-06 4.00837e-06 3.95453e-06 3.90095e-06 3.84762e-06 3.79457e-06 3.74182e-06 3.68938e-06 3.63726e-06 3.58548e-06 3.53406e-06 3.48299e-06 3.43231e-06 3.38201e-06 3.33211e-06 3.28262e-06 3.23354e-06 3.18488e-06 3.13666e-06 3.08888e-06 3.04154e-06 2.99465e-06 2.94822e-06 2.90225e-06 2.85675e-06 2.81172e-06 2.76717e-06 2.72309e-06 2.67949e-06 2.63638e-06 2.59375e-06 2.5516e-06 2.50995e-06 2.46879e-06 2.42811e-06 2.38793e-06 2.34823e-06 2.30903e-06 2.27032e-06 2.2321e-06 2.19437e-06 2.15712e-06 2.12036e-06 2.08409e-06 2.0483e-06 2.01299e-06 1.97816e-06 1.94381e-06
