0.391031 0.104603 0.0413077 0.0174506 0.00642437 0.00208011 0.000614327 0.000170247 4.51265e-05 1.15868e-05 2.90646e-06 7.16366e-07 1.7419e-07 4.19051e-08 9.99468e-09 2.367e-09 5.57269e-10 1.30545e-10 3.04506e-11 7.07649e-12 1.63918e-12 3.78609e-13 8.72259e-14 2.00496e-14 4.59909e-15 1.053e-15 2.40682e-16 5.49265e-17 1.25149e-17 2.83883e-18 6.45309e-19
0.104603 0.0343877 0.014539 0.00403551 0.000973813 0.000221234 4.88811e-05 1.06631e-05 2.31338e-06 5.00938e-07 1.08452e-07 2.34936e-08 5.094e-09 1.10563e-09 2.40213e-10 5.22392e-11 1.13704e-11 2.47685e-12 5.39926e-13 1.17774e-13 2.57052e-14 5.61334e-15 1.22639e-15 2.68054e-16 5.86122e-17 1.28206e-17 2.80524e-18 6.13909e-19 1.34078e-19 2.81144e-20 6.1596e-21
0.0413077 0.014539 0.00334788 0.000757768 0.000166934 3.61628e-05 7.77276e-06 1.66658e-06 3.57458e-07 7.67923e-08 1.65308e-08 3.5659e-09 7.70699e-10 1.66862e-10 3.61822e-11 7.85628e-12 1.70785e-12 3.71643e-13 8.09459e-14 1.76445e-14 3.84881e-15 8.40069e-16 1.83462e-16 4.00859e-17 8.76257e-18 1.91622e-18 4.19165e-19 9.1597e-20 1.95655e-20 4.26947e-21 9.35392e-22
0.0174506 0.00403551 0.000757768 0.000152146 3.13058e-05 6.51268e-06 1.36473e-06 2.87731e-07 6.09944e-08 1.29918e-08 2.77868e-09 5.9638e-10 1.28376e-10 2.77027e-11 5.99052e-12 1.2977e-12 2.8154e-13 6.11601e-14 1.33009e-14 2.89546e-15 6.30845e-16 1.37548e-16 3.00104e-17 6.55158e-18 1.43103e-18 3.12707e-19 6.83103e-20 1.47448e-20 3.21993e-21 7.02446e-22 1.53833e-22
0.00642437 0.000973813 0.000166934 3.13058e-05 6.15649e-06 1.24351e-06 2.5548e-07 5.31277e-08 1.11499e-08 2.35694e-09 5.01095e-10 1.07029e-10 2.29467e-11 4.93495e-12 1.06404e-12 2.29915e-13 4.97694e-14 1.07902e-14 2.34246e-15 5.09112e-16 1.10762e-16 2.41183e-17 5.25583e-18 1.14613e-18 2.50082e-19 5.45758e-20 1.18417e-20 2.5845e-21 5.64127e-22 1.23004e-22 2.69196e-23
0.00208011 0.000221234 3.61628e-05 6.51268e-06 1.24351e-06 2.46045e-07 4.9822e-08 1.02517e-08 2.13438e-09 4.48349e-10 9.48346e-11 2.01695e-11 4.30857e-12 9.23689e-13 1.98609e-13 4.28096e-14 9.24659e-15 2.00073e-15 4.3356e-16 9.4076e-17 2.04363e-17 4.44386e-18 9.67163e-19 2.10656e-19 4.59055e-20 9.97928e-21 2.176e-21 4.74613e-22 1.03528e-22 2.25592e-23 4.93335e-24
0.000614327 4.88811e-05 7.77276e-06 1.36473e-06 2.5548e-07 4.9822e-08 9.98132e-09 2.03729e-09 4.2148e-10 8.80816e-11 1.85509e-11 3.93093e-12 8.37029e-13 1.78939e-13 3.83779e-14 8.25348e-15 1.77904e-15 3.84218e-16 8.3118e-17 1.8007e-17 3.906e-18 8.48213e-19 1.84374e-19 4.01076e-20 8.71884e-21 1.89878e-21 4.13709e-22 9.01681e-23 1.96545e-23 4.27988e-24 9.35213e-25
0.000170247 1.06631e-05 1.66658e-06 2.87731e-07 5.31277e-08 1.02517e-08 2.03729e-09 4.13209e-10 8.50484e-11 1.76977e-11 3.7137e-12 7.8442e-13 1.66558e-13 3.55167e-14 7.60011e-15 1.63108e-15 3.50916e-16 7.56559e-17 1.63406e-17 3.53485e-18 7.65718e-19 1.66068e-19 3.60534e-20 7.82919e-21 1.70242e-21 3.70429e-22 8.06441e-23 1.7563e-23 3.82555e-24 8.32474e-25 1.81769e-25
4.51265e-05 2.31338e-06 3.57458e-07 6.09944e-08 1.11499e-08 2.13438e-09 4.2148e-10 8.50484e-11 1.74306e-11 3.61394e-12 7.5595e-13 1.59226e-13 3.37242e-14 7.17499e-15 1.53219e-15 3.28208e-16 7.04894e-17 1.51729e-17 3.27229e-18 7.06904e-19 1.52934e-19 3.3128e-20 7.18193e-21 1.55891e-21 3.38667e-22 7.36274e-23 1.60162e-23 3.48545e-24 7.58658e-25 1.64984e-25 3.59977e-26
1.15868e-05 5.00938e-07 7.67923e-08 1.29918e-08 2.35694e-09 4.48349e-10 8.80816e-11 1.76977e-11 3.61394e-12 7.46924e-13 1.55803e-13 3.27348e-14 6.91759e-15 1.46873e-15 3.13052e-16 6.69429e-17 1.43545e-17 3.08528e-18 6.64482e-19 1.43364e-19 3.09786e-20 6.70209e-21 1.45186e-21 3.14845e-22 6.83385e-23 1.48448e-23 3.22668e-24 7.01685e-25 1.52628e-25 3.31711e-26 7.23264e-27
2.90646e-06 1.08452e-07 1.65308e-08 2.77868e-09 5.01095e-10 9.48346e-11 1.85509e-11 3.7137e-12 7.5595e-13 1.55803e-13 3.24181e-14 6.79587e-15 1.43318e-15 3.03721e-16 6.46253e-17 1.37975e-17 2.95426e-18 6.34109e-19 1.36396e-19 2.9393e-20 6.34391e-21 1.37124e-21 2.96766e-22 6.42978e-23 1.39444e-23 3.02668e-24 6.57398e-25 1.42861e-25 3.10546e-26 6.74523e-27 1.46978e-27
7.16366e-07 2.34936e-08 3.5659e-09 5.9638e-10 1.07029e-10 2.01695e-11 3.93093e-12 7.8442e-13 1.59226e-13 3.27348e-14 6.79587e-15 1.42172e-15 2.99266e-16 6.33121e-17 1.34502e-17 2.86743e-18 6.13128e-19 1.31437e-19 2.82387e-20 6.07846e-21 1.31065e-21 2.83026e-22 6.1198e-23 1.32481e-23 2.87086e-24 6.22663e-25 1.35149e-25 2.93503e-26 6.37612e-27 1.38416e-27 3.01425e-28
1.7419e-07 5.094e-09 7.70699e-10 1.28376e-10 2.29467e-11 4.30857e-12 8.37029e-13 1.66558e-13 3.37242e-14 6.91759e-15 1.43318e-15 2.99266e-16 6.28864e-17 1.32831e-17 2.81779e-18 5.9991e-19 1.28115e-19 2.74319e-20 5.88707e-21 1.26595e-21 2.72705e-22 5.88358e-23 1.27112e-23 2.7495e-24 5.9537e-25 1.29039e-25 2.79893e-26 6.07466e-27 1.3189e-27 2.86163e-28 6.22811e-29
4.19051e-08 1.10563e-09 1.66862e-10 2.77027e-11 4.93495e-12 9.23689e-13 1.78939e-13 3.55167e-14 7.17499e-15 1.46873e-15 3.03721e-16 6.33121e-17 1.32831e-17 2.80164e-18 5.93518e-19 1.26202e-19 2.69197e-20 5.75769e-21 1.2344e-21 2.65189e-22 5.70745e-23 1.23034e-23 2.65596e-24 5.74068e-25 1.24219e-25 2.69049e-26 5.83214e-27 1.26503e-27 2.74506e-28 5.95298e-29 1.29491e-29
9.99468e-09 2.40213e-10 3.61822e-11 5.99052e-12 1.06404e-12 1.98609e-13 3.83779e-14 7.60011e-15 1.53219e-15 3.13052e-16 6.46253e-17 1.34502e-17 2.81779e-18 5.93518e-19 1.25577e-19 2.66708e-20 5.6828e-21 1.21423e-21 2.60072e-22 5.5822e-23 1.2004e-23 2.58559e-24 5.57738e-25 1.20466e-25 2.60494e-26 5.63853e-27 1.22153e-27 2.64808e-28 5.74318e-29 1.24488e-29 2.70652e-30
2.367e-09 5.22392e-11 7.85628e-12 1.2977e-12 2.29915e-13 4.28096e-14 8.25348e-15 1.63108e-15 3.28208e-16 6.69429e-17 1.37975e-17 2.86743e-18 5.9991e-19 1.26202e-19 2.66708e-20 5.65827e-21 1.2044e-21 2.57097e-22 5.50173e-23 1.1799e-23 2.53524e-24 5.45666e-25 1.17622e-25 2.53882e-26 5.48641e-27 1.18685e-27 2.56972e-28 5.56778e-29 1.20694e-29 2.61495e-30 5.68242e-31
5.57269e-10 1.13704e-11 1.70785e-12 2.8154e-13 4.97694e-14 9.24659e-15 1.77904e-15 3.50916e-16 7.04894e-17 1.43545e-17 2.95426e-18 6.13128e-19 1.28115e-19 2.69197e-20 5.6828e-21 1.2044e-21 2.56121e-22 5.46238e-23 1.16793e-23 2.50275e-24 5.3736e-25 1.15576e-25 2.48964e-26 5.37034e-27 1.15984e-27 2.50758e-28 5.42639e-29 1.17513e-29 2.54613e-30 5.51408e-31 1.19768e-31
1.30545e-10 2.47685e-12 3.71643e-13 6.11601e-14 1.07902e-14 2.00073e-15 3.84218e-16 7.56559e-17 1.51729e-17 3.08528e-18 6.34109e-19 1.31437e-19 2.74319e-20 5.75769e-21 1.21423e-21 2.57097e-22 5.46238e-23 1.164e-23 2.48681e-24 5.32497e-25 1.1425e-25 2.45565e-26 5.2864e-27 1.13963e-27 2.45985e-28 5.31535e-29 1.14965e-29 2.48845e-30 5.38921e-31 1.16664e-31 2.53285e-32
3.04506e-11 5.39926e-13 8.09459e-14 1.33009e-14 2.34246e-15 4.3356e-16 8.3118e-17 1.63406e-17 3.27229e-18 6.64482e-19 1.36396e-19 2.82387e-20 5.88707e-21 1.2344e-21 2.60072e-22 5.50173e-23 1.16793e-23 2.48681e-24 5.30895e-25 1.13599e-25 2.4357e-26 5.23186e-27 1.12561e-27 2.42517e-28 5.2318e-29 1.12992e-29 2.44269e-30 5.28482e-31 1.14403e-31 2.47559e-32 5.37238e-33
7.07649e-12 1.17774e-13 1.76445e-14 2.89546e-15 5.09112e-16 9.4076e-17 1.8007e-17 3.53485e-18 7.06904e-19 1.43364e-19 2.9393e-20 6.07846e-21 1.26595e-21 2.65189e-22 5.5822e-23 1.1799e-23 2.50275e-24 5.32497e-25 1.13599e-25 2.42912e-26 5.20501e-27 1.11736e-27 2.40256e-28 5.17358e-29 1.11551e-29 2.40801e-30 5.20324e-31 1.12524e-31 2.43484e-32 5.2668e-33 1.1425e-33
1.63918e-12 2.57052e-14 3.84881e-15 6.30845e-16 1.10762e-16 2.04363e-17 3.906e-18 7.65718e-19 1.52934e-19 3.09786e-20 6.34391e-21 1.31065e-21 2.72705e-22 5.70745e-23 1.2004e-23 2.53524e-24 5.3736e-25 1.1425e-25 2.4357e-26 5.20501e-27 1.11463e-27 2.39141e-28 5.13923e-29 1.10609e-29 2.38374e-30 5.14325e-31 1.11086e-31 2.40129e-32 5.19392e-33 1.12309e-33 2.43533e-34
3.78609e-13 5.61334e-15 8.40069e-16 1.37548e-16 2.41183e-17 4.44386e-18 8.48213e-19 1.66068e-19 3.3128e-20 6.70209e-21 1.37124e-21 2.83026e-22 5.88358e-23 1.23034e-23 2.58559e-24 5.45666e-25 1.15576e-25 2.45565e-26 5.23186e-27 1.11736e-27 2.39141e-28 5.12788e-29 1.10143e-29 2.36937e-30 5.10383e-31 1.10073e-31 2.37637e-32 5.1348e-33 1.11022e-33 2.39982e-34 5.20184e-35
8.72259e-14 1.22639e-15 1.83462e-16 3.00104e-17 5.25583e-18 9.67163e-19 1.84374e-19 3.60534e-20 7.18193e-21 1.45186e-21 2.96766e-22 6.1198e-23 1.27112e-23 2.65596e-24 5.57738e-25 1.17622e-25 2.48964e-26 5.2864e-27 1.12561e-27 2.40256e-28 5.13923e-29 1.10143e-29 2.36461e-30 5.0843e-31 1.09471e-31 2.3599e-32 5.09273e-33 1.09999e-33 2.37748e-34 5.13737e-35 1.11318e-35
2.00496e-14 2.68054e-16 4.00859e-17 6.55158e-18 1.14613e-18 2.10656e-19 4.01076e-20 7.82919e-21 1.55891e-21 3.14845e-22 6.42978e-23 1.32481e-23 2.7495e-24 5.74068e-25 1.20466e-25 2.53882e-26 5.37034e-27 1.13963e-27 2.42517e-28 5.17358e-29 1.10609e-29 2.36937e-30 5.0843e-31 1.09271e-31 2.35172e-32 5.06759e-33 1.09317e-33 2.36029e-34 5.09962e-35 1.1016e-35 2.38614e-36
4.59909e-15 5.86122e-17 8.76257e-18 1.43103e-18 2.50082e-19 4.59055e-20 8.71884e-21 1.70242e-21 3.38667e-22 6.83385e-23 1.39444e-23 2.87086e-24 5.9537e-25 1.24219e-25 2.60494e-26 5.48641e-27 1.15984e-27 2.45985e-28 5.2318e-29 1.11551e-29 2.38374e-30 5.10383e-31 1.09471e-31 2.35172e-32 5.05923e-33 1.08976e-33 2.34992e-34 5.07194e-35 1.09547e-35 2.36566e-36 5.1225e-37
1.053e-15 1.28206e-17 1.91622e-18 3.12707e-19 5.45758e-20 9.97928e-21 1.89878e-21 3.70429e-22 7.36274e-23 1.48448e-23 3.02668e-24 6.22663e-25 1.29039e-25 2.69049e-26 5.63853e-27 1.18685e-27 2.50758e-28 5.31535e-29 1.12992e-29 2.40801e-30 5.14325e-31 1.10073e-31 2.3599e-32 5.06759e-33 1.08976e-33 2.34645e-34 5.05798e-35 1.09131e-35 2.35632e-36 5.08697e-37 1.10116e-37
2.40682e-16 2.80524e-18 4.19165e-19 6.83103e-20 1.18417e-20 2.176e-21 4.13709e-22 8.06441e-23 1.60162e-23 3.22668e-24 6.57398e-25 1.35149e-25 2.79893e-26 5.83214e-27 1.22153e-27 2.56972e-28 5.42639e-29 1.14965e-29 2.44269e-30 5.20324e-31 1.11086e-31 2.37637e-32 5.09273e-33 1.09317e-33 2.34992e-34 5.05798e-35 1.08991e-35 2.35084e-36 5.07425e-37 1.09515e-37 2.36992e-38
5.49265e-17 6.13909e-19 9.1597e-20 1.47448e-20 2.5845e-21 4.74613e-22 9.01681e-23 1.7563e-23 3.48545e-24 7.01685e-25 1.42861e-25 2.93503e-26 6.07466e-27 1.26503e-27 2.64808e-28 5.56778e-29 1.17513e-29 2.48845e-30 5.28482e-31 1.12524e-31 2.40129e-32 5.1348e-33 1.09999e-33 2.36029e-34 5.07194e-35 1.09131e-35 2.35084e-36 5.06894e-37 1.0938e-37 2.36006e-38 5.1057e-39
1.25149e-17 1.34078e-19 1.95655e-20 3.21993e-21 5.64127e-22 1.03528e-22 1.96545e-23 3.82555e-24 7.58658e-25 1.52628e-25 3.10546e-26 6.37612e-27 1.3189e-27 2.74506e-28 5.74318e-29 1.20694e-29 2.54613e-30 5.38921e-31 1.14403e-31 2.43484e-32 5.19392e-33 1.11022e-33 2.37748e-34 5.09962e-35 1.09547e-35 2.35632e-36 5.07425e-37 1.0938e-37 2.35958e-38 5.0899e-39 1.10083e-39
2.83883e-18 2.81144e-20 4.26947e-21 7.02446e-22 1.23004e-22 2.25592e-23 4.27988e-24 8.32474e-25 1.64984e-25 3.31711e-26 6.74523e-27 1.38416e-27 2.86163e-28 5.95298e-29 1.24488e-29 2.61495e-30 5.51408e-31 1.16664e-31 2.47559e-32 5.2668e-33 1.12309e-33 2.39982e-34 5.13737e-35 1.1016e-35 2.36566e-36 5.08697e-37 1.09515e-37 2.36006e-38 5.0899e-39 1.0977e-39 2.37349e-40
6.45309e-19 6.1596e-21 9.35392e-22 1.53833e-22 2.69196e-23 4.93335e-24 9.35213e-25 1.81769e-25 3.59977e-26 7.23264e-27 1.46978e-27 3.01425e-28 6.22811e-29 1.29491e-29 2.70652e-30 5.68242e-31 1.19768e-31 2.53285e-32 5.37238e-33 1.1425e-33 2.43533e-34 5.20184e-35 1.11318e-35 2.38614e-36 5.1225e-37 1.10116e-37 2.36992e-38 5.1057e-39 1.10083e-39 2.37349e-40 5.13066e-41
