0.372987 0.0362927 0.0222341 0.0147626 0.0102845 0.0073699 0.00537018 0.00395259 0.00292727 0.00217638 0.00162211 0.00121089 0.000904808 0.000676479 0.000505916 0.000378392 0.000282998 0.000211619 0.000158205 0.000118237 8.83331e-05 6.59629e-05 4.92305e-05 3.67158e-05 2.73545e-05 2.03485e-05 1.50992e-05 1.1157e-05 8.18354e-06 5.9229e-06 4.41053e-06
0.0362927 0.00631093 0.00363694 0.00221346 0.00139418 0.000899596 0.000591315 0.000394509 0.000266438 0.000181765 0.000125039 8.6616e-05 6.0349e-05 4.22536e-05 2.97067e-05 2.09594e-05 1.48327e-05 1.05244e-05 7.4844e-06 5.33287e-06 3.80613e-06 2.72014e-06 1.94597e-06 1.39288e-06 9.96857e-07 7.12576e-07 5.07864e-07 3.59828e-07 2.52163e-07 1.73273e-07 1.2516e-07
0.0222341 0.00363694 0.00196578 0.00114302 0.000698282 0.000441607 0.000286467 0.000189461 0.000127213 8.6449e-05 5.93168e-05 4.10203e-05 2.85505e-05 1.99775e-05 1.40412e-05 9.90608e-06 7.01114e-06 4.97582e-06 3.53963e-06 2.52303e-06 1.80143e-06 1.28795e-06 9.21733e-07 6.59957e-07 4.72406e-07 3.37687e-07 2.40615e-07 1.70399e-07 1.19381e-07 8.50003e-08 6.14313e-08
0.0147626 0.00221346 0.00114302 0.000641822 0.000382653 0.000238082 0.000152788 0.000100334 6.70504e-05 4.54196e-05 3.1097e-05 2.14732e-05 1.49304e-05 1.044e-05 7.33451e-06 5.17305e-06 3.6607e-06 2.59783e-06 1.848e-06 1.3173e-06 9.40616e-07 6.72566e-07 4.81374e-07 3.44696e-07 2.46763e-07 1.76418e-07 1.25749e-07 8.91478e-08 6.37532e-08 4.53965e-08 3.28138e-08
0.0102845 0.00139418 0.000698282 0.000382653 0.000224204 0.000137875 8.7803e-05 5.73678e-05 3.82078e-05 2.58216e-05 1.765e-05 1.21731e-05 8.4563e-06 5.90889e-06 4.14888e-06 2.92489e-06 2.06901e-06 1.46782e-06 1.04387e-06 7.43924e-07 5.31092e-07 3.79682e-07 2.71714e-07 1.94552e-07 1.39285e-07 9.96096e-08 7.10675e-08 5.09337e-08 3.64277e-08 2.59385e-08 1.87461e-08
0.0073699 0.000899596 0.000441607 0.000238082 0.000137875 8.41253e-05 5.33002e-05 3.47075e-05 2.30625e-05 1.55604e-05 1.06227e-05 7.31904e-06 5.08005e-06 3.54712e-06 2.48896e-06 1.75363e-06 1.23982e-06 8.79121e-07 6.24917e-07 4.45162e-07 3.17679e-07 2.27033e-07 1.62427e-07 1.1628e-07 8.3249e-08 5.95623e-08 4.27213e-08 3.06166e-08 2.1895e-08 1.5589e-08 1.12626e-08
0.00537018 0.000591315 0.000286467 0.000152788 8.7803e-05 5.33002e-05 3.36573e-05 2.18673e-05 1.4507e-05 9.7757e-06 6.6667e-06 4.58914e-06 3.18261e-06 2.22052e-06 1.55697e-06 1.09623e-06 7.74527e-07 5.48855e-07 3.89921e-07 2.77608e-07 1.98007e-07 1.41442e-07 1.01154e-07 7.23974e-08 5.18327e-08 3.71709e-08 2.66554e-08 1.90989e-08 1.36558e-08 9.72134e-09 7.02032e-09
0.00395259 0.000394509 0.000189461 0.000100334 5.73678e-05 3.47075e-05 2.18673e-05 1.41846e-05 9.39859e-06 6.32669e-06 4.31049e-06 2.96456e-06 2.05421e-06 1.43206e-06 1.00333e-06 7.05893e-07 4.98379e-07 3.52923e-07 2.50561e-07 1.78278e-07 1.27085e-07 9.07341e-08 6.48615e-08 4.64093e-08 3.32535e-08 2.38389e-08 1.70895e-08 1.22413e-08 8.75038e-09 6.22821e-09 4.49559e-09
0.00292727 0.000266438 0.000127213 6.70504e-05 3.82078e-05 2.30625e-05 1.4507e-05 9.39859e-06 6.22086e-06 4.18355e-06 2.84771e-06 1.95678e-06 1.35471e-06 9.4362e-07 6.60582e-07 4.64385e-07 3.27619e-07 2.31833e-07 1.64478e-07 1.16953e-07 8.33189e-08 5.9454e-08 4.24817e-08 3.03982e-08 2.17714e-08 1.56012e-08 1.11799e-08 8.00554e-09 5.72097e-09 4.07124e-09 2.93724e-09
0.00217638 0.000181765 8.6449e-05 4.54196e-05 2.58216e-05 1.55604e-05 9.7757e-06 6.32669e-06 4.18355e-06 2.81084e-06 1.91157e-06 1.31234e-06 9.07757e-07 6.31752e-07 4.41892e-07 3.10398e-07 2.18815e-07 1.54726e-07 1.09697e-07 7.79488e-08 5.5498e-08 3.95801e-08 2.82728e-08 2.02206e-08 1.44752e-08 1.03682e-08 7.42696e-09 5.31631e-09 3.79808e-09 2.70234e-09 1.9487e-09
0.00162211 0.000125039 5.93168e-05 3.1097e-05 1.765e-05 1.06227e-05 6.6667e-06 4.31049e-06 2.84771e-06 1.91157e-06 1.29882e-06 8.90875e-07 6.15685e-07 4.28119e-07 2.99209e-07 2.10007e-07 1.47932e-07 1.04528e-07 7.40563e-08 5.25891e-08 3.74198e-08 2.66745e-08 1.90436e-08 1.36128e-08 9.74022e-09 6.97354e-09 4.99325e-09 3.57296e-09 2.55185e-09 1.81531e-09 1.30844e-09
0.00121089 8.6616e-05 4.10203e-05 2.14732e-05 1.21731e-05 7.31904e-06 4.58914e-06 2.96456e-06 1.95678e-06 1.31234e-06 8.90875e-07 6.10518e-07 4.21565e-07 2.92891e-07 2.04534e-07 1.43445e-07 1.0097e-07 7.12941e-08 5.04767e-08 3.5822e-08 2.54751e-08 1.81493e-08 1.29502e-08 9.25232e-09 6.61701e-09 4.73536e-09 3.38928e-09 2.42436e-09 1.73102e-09 1.23116e-09 8.87005e-10
0.000904808 6.0349e-05 2.85505e-05 1.49304e-05 8.4563e-06 5.08005e-06 3.18261e-06 2.05421e-06 1.35471e-06 9.07757e-07 6.15685e-07 4.21565e-07 2.90847e-07 2.01907e-07 1.40886e-07 9.87332e-08 6.94473e-08 4.90027e-08 3.46718e-08 2.4591e-08 1.74777e-08 1.24447e-08 8.87501e-09 6.33761e-09 4.53035e-09 3.24066e-09 2.31855e-09 1.65789e-09 1.18342e-09 8.4154e-10 6.06037e-10
0.000676479 4.22536e-05 1.99775e-05 1.044e-05 5.90889e-06 3.54712e-06 2.22052e-06 1.43206e-06 9.4362e-07 6.31752e-07 4.28119e-07 2.92891e-07 2.01907e-07 1.40054e-07 9.76529e-08 6.83856e-08 4.8068e-08 3.38949e-08 2.39675e-08 1.69888e-08 1.20677e-08 8.5879e-09 6.12134e-09 4.36909e-09 3.12176e-09 2.23212e-09 1.59637e-09 1.14111e-09 8.14309e-10 5.78964e-10 4.16771e-10
0.000505916 2.97067e-05 1.40412e-05 7.33451e-06 4.14888e-06 2.48896e-06 1.55697e-06 1.00333e-06 6.60582e-07 4.41892e-07 2.99209e-07 2.04534e-07 1.40886e-07 9.76529e-08 6.8039e-08 4.76141e-08 3.34456e-08 2.35693e-08 1.6656e-08 1.17994e-08 8.37687e-09 5.95825e-09 4.24485e-09 3.02833e-09 2.16282e-09 1.54582e-09 1.10513e-09 7.89705e-10 5.63396e-10 4.00501e-10 2.88189e-10
0.000378392 2.09594e-05 9.90608e-06 5.17305e-06 2.92489e-06 1.75363e-06 1.09623e-06 7.05893e-07 4.64385e-07 3.10398e-07 2.10007e-07 1.43445e-07 9.87332e-08 6.83856e-08 4.76141e-08 3.32985e-08 2.33752e-08 1.64626e-08 1.16271e-08 8.23228e-09 5.84133e-09 4.1527e-09 2.9571e-09 2.10868e-09 1.50537e-09 1.0755e-09 7.68613e-10 5.49064e-10 3.91617e-10 2.78343e-10 2.00212e-10
0.000282998 1.48327e-05 7.01114e-06 3.6607e-06 2.06901e-06 1.23982e-06 7.74527e-07 4.98379e-07 3.27619e-07 2.18815e-07 1.47932e-07 1.0097e-07 6.94473e-08 4.8068e-08 3.34456e-08 2.33752e-08 1.63991e-08 1.15428e-08 8.14786e-09 5.76583e-09 4.08916e-09 2.90565e-09 2.06814e-09 1.47413e-09 1.05194e-09 7.51264e-10 5.36709e-10 3.83285e-10 2.73308e-10 1.94225e-10 1.39655e-10
0.000211619 1.05244e-05 4.97582e-06 2.59783e-06 1.46782e-06 8.79121e-07 5.48855e-07 3.52923e-07 2.31833e-07 1.54726e-07 1.04528e-07 7.12941e-08 4.90027e-08 3.38949e-08 2.35693e-08 1.64626e-08 1.15428e-08 8.1201e-09 5.72879e-09 4.05192e-09 2.87225e-09 2.04e-09 1.45136e-09 1.03407e-09 7.37622e-10 5.26596e-10 3.76078e-10 2.68493e-10 1.91409e-10 1.36003e-10 9.77572e-11
0.000158205 7.4844e-06 3.53963e-06 1.848e-06 1.04387e-06 6.24917e-07 3.89921e-07 2.50561e-07 1.64478e-07 1.09697e-07 7.40563e-08 5.04767e-08 3.46718e-08 2.39675e-08 1.6656e-08 1.16271e-08 8.14786e-09 5.72879e-09 4.03965e-09 2.85582e-09 2.02344e-09 1.4365e-09 1.02157e-09 7.27561e-10 5.18786e-10 3.70236e-10 2.64325e-10 1.88656e-10 1.34462e-10 9.55265e-11 6.86401e-11
0.000118237 5.33287e-06 2.52303e-06 1.3173e-06 7.43924e-07 4.45162e-07 2.77608e-07 1.78278e-07 1.16953e-07 7.79488e-08 5.25891e-08 3.5822e-08 2.4591e-08 1.69888e-08 1.17994e-08 8.23228e-09 5.76583e-09 4.05192e-09 2.85582e-09 2.01798e-09 1.42917e-09 1.01418e-09 7.20943e-10 5.13256e-10 3.65843e-10 2.60998e-10 1.86279e-10 1.32916e-10 9.4713e-11 6.7278e-11 4.83267e-11
8.83331e-05 3.80613e-06 1.80143e-06 9.40616e-07 5.31092e-07 3.17679e-07 1.98007e-07 1.27085e-07 8.33189e-08 5.5498e-08 3.74198e-08 2.54751e-08 1.74777e-08 1.20677e-08 8.37687e-09 5.84133e-09 4.08916e-09 2.87225e-09 2.02344e-09 1.42917e-09 1.01173e-09 7.17662e-10 5.09962e-10 3.62919e-10 2.58595e-10 1.84425e-10 1.31588e-10 9.38674e-11 6.68738e-11 4.74964e-11 3.41067e-11
6.59629e-05 2.72014e-06 1.28795e-06 6.72566e-07 3.79682e-07 2.27033e-07 1.41442e-07 9.07341e-08 5.9454e-08 3.95801e-08 2.66745e-08 1.81493e-08 1.24447e-08 8.5879e-09 5.95825e-09 4.1527e-09 2.90565e-09 2.04e-09 1.4365e-09 1.01418e-09 7.17662e-10 5.08868e-10 3.61461e-10 2.57146e-10 1.83165e-10 1.30589e-10 9.31491e-11 6.64305e-11 4.73173e-11 3.36022e-11 2.41223e-11
4.92305e-05 1.94597e-06 9.21733e-07 4.81374e-07 2.71714e-07 1.62427e-07 1.01154e-07 6.48615e-08 4.24817e-08 2.82728e-08 1.90436e-08 1.29502e-08 8.87501e-09 6.12134e-09 4.24485e-09 2.9571e-09 2.06814e-09 1.45136e-09 1.02157e-09 7.20943e-10 5.09962e-10 3.61461e-10 2.56663e-10 1.8253e-10 1.29974e-10 9.26385e-11 6.60605e-11 4.71005e-11 3.35422e-11 2.3817e-11 1.70928e-11
3.67158e-05 1.39288e-06 6.59957e-07 3.44696e-07 1.94552e-07 1.1628e-07 7.23974e-08 4.64093e-08 3.03982e-08 2.02206e-08 1.36128e-08 9.25232e-09 6.33761e-09 4.36909e-09 3.02833e-09 2.10868e-09 1.47413e-09 1.03407e-09 7.27561e-10 5.13256e-10 3.62919e-10 2.57146e-10 1.8253e-10 1.29767e-10 9.23751e-11 6.58208e-11 4.69245e-11 3.34489e-11 2.38159e-11 1.69087e-11 1.21315e-11
2.73545e-05 9.96857e-07 4.72406e-07 2.46763e-07 1.39285e-07 8.3249e-08 5.18327e-08 3.32535e-08 2.17714e-08 1.44752e-08 9.74022e-09 6.61701e-09 4.53035e-09 3.12176e-09 2.16282e-09 1.50537e-09 1.05194e-09 7.37622e-10 5.18786e-10 3.65843e-10 2.58595e-10 1.83165e-10 1.29974e-10 9.23751e-11 6.57383e-11 4.68283e-11 3.33761e-11 2.3786e-11 1.69328e-11 1.20205e-11 8.62214e-12
2.03485e-05 7.12576e-07 3.37687e-07 1.76418e-07 9.96096e-08 5.95623e-08 3.71709e-08 2.38389e-08 1.56012e-08 1.03682e-08 6.97354e-09 4.73536e-09 3.24066e-09 2.23212e-09 1.54582e-09 1.0755e-09 7.51264e-10 5.26596e-10 3.70236e-10 2.60998e-10 1.84425e-10 1.30589e-10 9.26385e-11 6.58208e-11 4.68283e-11 3.33493e-11 2.37635e-11 1.69319e-11 1.20515e-11 8.55437e-12 6.13443e-12
1.50992e-05 5.07864e-07 2.40615e-07 1.25749e-07 7.10675e-08 4.27213e-08 2.66554e-08 1.70895e-08 1.11799e-08 7.42696e-09 4.99325e-09 3.38928e-09 2.31855e-09 1.59637e-09 1.10513e-09 7.68613e-10 5.36709e-10 3.76078e-10 2.64325e-10 1.86279e-10 1.31588e-10 9.31491e-11 6.60605e-11 4.69245e-11 3.33761e-11 2.37635e-11 1.69294e-11 1.20602e-11 8.58261e-12 6.09151e-12 4.3673e-12
1.1157e-05 3.59828e-07 1.70399e-07 8.91478e-08 5.09337e-08 3.06166e-08 1.90989e-08 1.22413e-08 8.00554e-09 5.31631e-09 3.57296e-09 2.42436e-09 1.65789e-09 1.14111e-09 7.89705e-10 5.49064e-10 3.83285e-10 2.68493e-10 1.88656e-10 1.32916e-10 9.38674e-11 6.64305e-11 4.71005e-11 3.34489e-11 2.3786e-11 1.69319e-11 1.20602e-11 8.58996e-12 6.11221e-12 4.33777e-12 3.10934e-12
8.18354e-06 2.52163e-07 1.19381e-07 6.37532e-08 3.64277e-08 2.1895e-08 1.36558e-08 8.75038e-09 5.72097e-09 3.79808e-09 2.55185e-09 1.73102e-09 1.18342e-09 8.14309e-10 5.63396e-10 3.91617e-10 2.73308e-10 1.91409e-10 1.34462e-10 9.4713e-11 6.68738e-11 4.73173e-11 3.35422e-11 2.38159e-11 1.69328e-11 1.20515e-11 8.58261e-12 6.11221e-12 4.34868e-12 3.086e-12 2.2117e-12
5.9229e-06 1.73273e-07 8.50003e-08 4.53965e-08 2.59385e-08 1.5589e-08 9.72134e-09 6.22821e-09 4.07124e-09 2.70234e-09 1.81531e-09 1.23116e-09 8.4154e-10 5.78964e-10 4.00501e-10 2.78343e-10 1.94225e-10 1.36003e-10 9.55265e-11 6.7278e-11 4.74964e-11 3.36022e-11 2.3817e-11 1.69087e-11 1.20205e-11 8.55437e-12 6.09151e-12 4.33777e-12 3.086e-12 2.18985e-12 1.56928e-12
4.41053e-06 1.2516e-07 6.14313e-08 3.28138e-08 1.87461e-08 1.12626e-08 7.02032e-09 4.49559e-09 2.93724e-09 1.9487e-09 1.30844e-09 8.87005e-10 6.06037e-10 4.16771e-10 2.88189e-10 2.00212e-10 1.39655e-10 9.77572e-11 6.86401e-11 4.83267e-11 3.41067e-11 2.41223e-11 1.70928e-11 1.21315e-11 8.62214e-12 6.13443e-12 4.3673e-12 3.10934e-12 2.2117e-12 1.56928e-12 1.12431e-12
