0.0324305 0.0224519 0.0155436 0.010761 0.0074499 0.00515763 0.00357066 0.002472 0.00171138 0.0011848 0.000820249 0.000567865 0.000393137 0.000272172 0.000188427 0.000130449 9.0311e-05 6.2523e-05 4.32851e-05 2.99666e-05 2.07461e-05 1.43627e-05 9.94341e-06 6.8839e-06 4.76578e-06 3.29938e-06 2.28419e-06 1.58136e-06 1.09479e-06 7.57931e-07 5.24721e-07 3.63269e-07 2.51494e-07 1.74111e-07 1.20538e-07 8.34497e-08 5.77728e-08 3.99966e-08 2.76899e-08 1.917e-08 1.32715e-08 9.18797e-09 6.3609e-09 4.4037e-09 3.04872e-09 2.11065e-09 1.46122e-09 1.01161e-09 7.00348e-10 4.84856e-10 3.3567e-10 2.32387e-10 1.60883e-10 1.11381e-10 7.71096e-11 5.33836e-11 3.69579e-11 2.55862e-11 1.77135e-11 1.22632e-11 8.48992e-12 5.87764e-12 4.06913e-12 2.81709e-12 1.95029e-12 1.3502e-12 9.34756e-13 6.47139e-13 4.48019e-13 3.10167e-13 2.14731e-13 1.4866e-13 1.02918e-13 7.12513e-14 4.93278e-14 3.415e-14 2.36423e-14 1.63678e-14 1.13315e-14 7.8449e-15 5.43109e-15 3.75998e-15 2.60306e-15 1.80212e-15 1.24762e-15 8.63739e-16 5.97973e-16 4.13981e-16 2.86602e-16 1.98417e-16 1.37366e-16 9.50993e-17 6.5838e-17 4.55801e-17 3.15555e-17 2.18461e-17 1.51242e-17 1.04706e-17 7.24889e-18 5.01846e-18 3.47432e-18
0.0224519 0.0175622 0.013556 0.0103524 0.00783685 0.00588922 0.00439819 0.00326715 0.00241574 0.00177896 0.00130533 0.000954749 0.000696326 0.000506542 0.000367624 0.000266237 0.000192438 0.000138848 0.000100017 7.19367e-05 5.16676e-05 3.70612e-05 2.65517e-05 1.90009e-05 1.35829e-05 9.70022e-06 6.9209e-06 4.93357e-06 3.51398e-06 2.5009e-06 1.77857e-06 1.26398e-06 8.97673e-07 6.3712e-07 4.5192e-07 3.20371e-07 2.26989e-07 1.60742e-07 1.13773e-07 8.04893e-08 5.69166e-08 4.02299e-08 2.84233e-08 2.00736e-08 1.41712e-08 1.00006e-08 7.05488e-09 4.9751e-09 3.50727e-09 2.4717e-09 1.74136e-09 1.22645e-09 8.63544e-10 6.07852e-10 4.27753e-10 3.00937e-10 2.11664e-10 1.48837e-10 1.04633e-10 7.3541e-11 5.16763e-11 3.63044e-11 2.54996e-11 1.79069e-11 1.25724e-11 8.82538e-12 6.19392e-12 4.34628e-12 3.04924e-12 2.1389e-12 1.50008e-12 1.05189e-12 7.37482e-13 5.1697e-13 3.62337e-13 2.53919e-13 1.77916e-13 1.24644e-13 8.73109e-14 6.11513e-14 4.28238e-14 2.99853e-14 2.09931e-14 1.46957e-14 1.02861e-14 7.19882e-15 5.03756e-15 3.52476e-15 2.46599e-15 1.72506e-15 1.20662e-15 8.43905e-16 5.90162e-16 4.12671e-16 2.88533e-16 2.01718e-16 1.4101e-16 9.8564e-17 6.88883e-17 4.81431e-17 3.36422e-17
0.0155436 0.013556 0.0114455 0.00943742 0.00764169 0.00609923 0.00481136 0.00375857 0.00291197 0.00224009 0.00171262 0.00130225 0.000985459 0.000742524 0.000557313 0.000416834 0.00031077 0.000231018 0.000171273 0.000126664 9.34594e-05 6.88127e-05 5.05653e-05 3.70879e-05 2.71556e-05 1.98508e-05 1.44888e-05 1.056e-05 7.68597e-06 5.58696e-06 4.05622e-06 2.94147e-06 2.13073e-06 1.54183e-06 1.11458e-06 8.04958e-07 5.80816e-07 4.18721e-07 3.01613e-07 2.17084e-07 1.56125e-07 1.12201e-07 8.05776e-08 5.78278e-08 4.14739e-08 2.97261e-08 2.12931e-08 1.52434e-08 1.09064e-08 7.79908e-09 5.5741e-09 3.98185e-09 2.84302e-09 2.02893e-09 1.44728e-09 1.03191e-09 7.3543e-10 5.23911e-10 3.73074e-10 2.65558e-10 1.88954e-10 1.34397e-10 9.55569e-11 6.79173e-11 4.82557e-11 3.42744e-11 2.43359e-11 1.72738e-11 1.22572e-11 8.69484e-12 6.166e-12 4.3714e-12 3.09823e-12 2.19527e-12 1.55505e-12 1.10125e-12 7.79682e-13 5.51873e-13 3.90529e-13 2.76289e-13 1.95422e-13 1.38191e-13 9.76994e-14 6.90569e-14 4.8801e-14 3.44793e-14 2.43556e-14 1.72009e-14 1.21456e-14 8.5743e-15 6.05198e-15 4.27086e-15 3.01337e-15 2.12575e-15 1.49933e-15 1.05731e-15 7.45484e-16 5.25533e-16 3.70417e-16 2.61043e-16 1.83935e-16
0.010761 0.0103524 0.00943742 0.00829388 0.00709648 0.00594855 0.00490552 0.00399166 0.00321194 0.00256006 0.00202378 0.0015884 0.0012388 0.000960707 0.00074127 0.000569339 0.000435468 0.000331808 0.000251941 0.000190683 0.000143889 0.000108278 8.12705e-05 6.08524e-05 4.54613e-05 3.38909e-05 2.5215e-05 1.87248e-05 1.38804e-05 1.0272e-05 7.5895e-06 5.59904e-06 4.12465e-06 3.03434e-06 2.22932e-06 1.63582e-06 1.19889e-06 8.77657e-07 6.41791e-07 4.6882e-07 3.4212e-07 2.49419e-07 1.81666e-07 1.32199e-07 9.61181e-08 6.98264e-08 5.06855e-08 3.6763e-08 2.66447e-08 1.92972e-08 1.3966e-08 1.01008e-08 7.30048e-09 5.27315e-09 3.80645e-09 2.74605e-09 1.9799e-09 1.4267e-09 1.0275e-09 7.39608e-10 5.321e-10 3.82619e-10 2.74995e-10 1.97549e-10 1.41848e-10 1.01806e-10 7.3035e-11 5.23723e-11 3.75395e-11 2.68966e-11 1.92633e-11 1.3791e-11 9.86948e-12 7.06041e-12 5.04902e-12 3.60936e-12 2.57929e-12 1.84257e-12 1.31583e-12 9.3937e-13 6.70399e-13 4.78294e-13 3.41132e-13 2.43232e-13 1.73377e-13 1.23548e-13 8.80155e-14 6.26847e-14 4.4632e-14 3.17699e-14 2.26085e-14 1.60848e-14 1.14407e-14 8.13543e-15 5.78368e-15 4.11079e-15 2.92108e-15 2.07522e-15 1.47396e-15 1.04668e-15 7.43094e-16
0.0074499 0.00783685 0.00764169 0.00709648 0.00636696 0.00556657 0.00476909 0.0040193 0.00334154 0.0027462 0.00223463 0.0018027 0.00144322 0.00114762 0.000907035 0.000712962 0.000557626 0.000434152 0.000336608 0.000259977 0.000200076 0.000153468 0.000117354 8.94801e-05 6.80427e-05 5.161e-05 3.90525e-05 2.94838e-05 2.22123e-05 1.67003e-05 1.25322e-05 9.3872e-06 7.0193e-06 5.24004e-06 3.90564e-06 2.90666e-06 2.16009e-06 1.60307e-06 1.18811e-06 8.79448e-07 6.50182e-07 4.80121e-07 3.54141e-07 2.60934e-07 1.92057e-07 1.41218e-07 1.03736e-07 7.613e-08 5.58198e-08 4.0892e-08 2.99308e-08 2.18897e-08 1.59961e-08 1.16802e-08 8.52241e-09 6.21378e-09 4.52732e-09 3.2963e-09 2.39841e-09 1.74395e-09 1.26728e-09 9.20327e-10 6.67961e-10 4.84514e-10 3.51248e-10 2.54496e-10 1.84294e-10 1.33387e-10 9.64922e-11 6.97673e-11 5.04195e-11 3.64197e-11 2.62949e-11 1.89761e-11 1.36883e-11 9.8696e-12 7.1132e-12 5.12446e-12 3.69023e-12 2.65634e-12 1.91137e-12 1.3748e-12 9.88479e-13 7.10456e-13 5.10445e-13 3.66612e-13 2.63217e-13 1.88918e-13 1.35546e-13 9.72204e-14 6.9709e-14 4.99669e-14 3.58048e-14 2.56489e-14 1.83682e-14 1.31503e-14 9.41195e-15 6.73443e-15 4.81727e-15 3.44495e-15 2.4629e-15
0.00515763 0.00588922 0.00609923 0.00594855 0.00556657 0.00505224 0.00447787 0.00389373 0.0033328 0.00281496 0.00235058 0.00194341 0.00159278 0.00129531 0.00104609 0.00083953 0.000669924 0.000531804 0.000420148 0.000330474 0.000258882 0.000202032 0.00015711 0.000121774 9.40945e-05 7.24954e-05 5.57017e-05 4.26879e-05 3.26348e-05 2.48916e-05 1.89439e-05 1.43874e-05 1.09051e-05 8.25004e-06 6.23013e-06 4.69664e-06 3.53476e-06 2.6561e-06 1.99282e-06 1.493e-06 1.11697e-06 8.34522e-07 6.22688e-07 4.64045e-07 3.45403e-07 2.56795e-07 1.90704e-07 1.41469e-07 1.04835e-07 7.76082e-08 5.73963e-08 4.24078e-08 3.13044e-08 2.30875e-08 1.70126e-08 1.25256e-08 9.21441e-09 6.77316e-09 4.97484e-09 3.65123e-09 2.67781e-09 1.9625e-09 1.43727e-09 1.0519e-09 7.69344e-10 5.62325e-10 4.10754e-10 2.99854e-10 2.18765e-10 1.59511e-10 1.16241e-10 8.46607e-11 6.16267e-11 4.48358e-11 3.26027e-11 2.36953e-11 1.72129e-11 1.24978e-11 9.06995e-12 6.57921e-12 4.77027e-12 3.45715e-12 2.50439e-12 1.81342e-12 1.31254e-12 9.4961e-13 6.86755e-13 4.96461e-13 3.58756e-13 2.59147e-13 1.87124e-13 1.35068e-13 9.74582e-14 7.02958e-14 5.06859e-14 3.6534e-14 2.63244e-14 1.89617e-14 1.36538e-14 9.82856e-15 7.07277e-15
0.00357066 0.00439819 0.00481136 0.00490552 0.00476909 0.00447787 0.0040931 0.00366187 0.0032186 0.00278715 0.00238292 0.00201485 0.0016871 0.00140048 0.00115358 0.000943576 0.000766916 0.000619725 0.000498125 0.000398425 0.000317235 0.000251527 0.000198646 0.000156307 0.00012257 9.58034e-05 7.46542e-05 5.80067e-05 4.4949e-05 3.47409e-05 2.67855e-05 2.06038e-05 1.58137e-05 1.21116e-05 9.25745e-06 7.06228e-06 5.37769e-06 4.0877e-06 3.10188e-06 2.34997e-06 1.77754e-06 1.34252e-06 1.0125e-06 7.62532e-07 5.73504e-07 4.30773e-07 3.23158e-07 2.42132e-07 1.81209e-07 1.3546e-07 1.0115e-07 7.54492e-08 5.62204e-08 4.18501e-08 3.11225e-08 2.31229e-08 1.71636e-08 1.27288e-08 9.43163e-09 6.98263e-09 5.16527e-09 3.81784e-09 2.8197e-09 2.08093e-09 1.53458e-09 1.13085e-09 8.32748e-10 6.12806e-10 4.5065e-10 3.31184e-10 2.43232e-10 1.78525e-10 1.30952e-10 9.59978e-11 7.03325e-11 5.14993e-11 3.7688e-11 2.75654e-11 2.01508e-11 1.47228e-11 1.07514e-11 7.84725e-12 5.72473e-12 4.17427e-12 3.04228e-12 2.21623e-12 1.61373e-12 1.17449e-12 8.54432e-13 6.21322e-13 4.51617e-13 3.28127e-13 2.38306e-13 1.73003e-13 1.25545e-13 9.10702e-14 6.60369e-14 4.78667e-14 3.46832e-14 2.51216e-14 1.81894e-14
0.002472 0.00326715 0.00375857 0.00399166 0.0040193 0.00389373 0.00366187 0.00336327 0.00302951 0.00268461 0.00234593 0.00202521 0.00172978 0.0014635 0.00122776 0.00102214 0.000845061 0.000694244 0.000567032 0.000460652 0.000372376 0.000299631 0.000240063 0.000191566 0.000152291 0.00012064 9.52496e-05 7.49663e-05 5.88268e-05 4.60319e-05 3.59235e-05 2.79635e-05 2.17145e-05 1.6823e-05 1.30046e-05 1.00317e-05 7.72275e-06 5.93372e-06 4.55065e-06 3.48373e-06 2.66237e-06 2.0313e-06 1.54735e-06 1.17689e-06 8.93803e-07 6.77837e-07 5.13344e-07 3.8825e-07 2.93261e-07 2.21234e-07 1.66696e-07 1.25455e-07 9.43094e-08 7.08177e-08 5.31206e-08 3.98044e-08 2.97961e-08 2.22823e-08 1.66473e-08 1.24258e-08 9.26633e-09 6.90412e-09 5.13966e-09 3.82293e-09 2.8412e-09 2.10989e-09 1.56559e-09 1.16083e-09 8.60071e-10 6.36774e-10 4.71116e-10 3.48312e-10 2.57345e-10 1.90009e-10 1.40201e-10 1.03384e-10 7.61874e-11 5.61113e-11 4.13008e-11 3.03818e-11 2.23367e-11 1.64128e-11 1.20533e-11 8.84699e-12 6.49017e-12 4.75874e-12 3.48744e-12 2.55449e-12 1.87021e-12 1.36857e-12 1.00101e-12 7.31825e-13 5.34786e-13 3.90623e-13 2.85197e-13 2.08134e-13 1.5183e-13 1.10711e-13 8.06952e-14 5.87933e-14 4.28189e-14
0.00171138 0.00241574 0.00291197 0.00321194 0.00334154 0.0033328 0.0032186 0.00302951 0.00279207 0.0025281 0.00225472 0.00198467 0.00172693 0.00148737 0.00126936 0.00107439 0.00090257 0.000753057 0.000624377 0.000514695 0.000422013 0.000344302 0.0002796 0.000226075 0.000182054 0.000146045 0.000116738 9.29946e-05 7.38428e-05 5.84567e-05 4.61427e-05 3.63225e-05 2.85174e-05 2.23336e-05 1.7449e-05 1.36015e-05 1.05793e-05 8.21134e-06 6.3606e-06 4.91747e-06 3.79471e-06 2.92306e-06 2.24776e-06 1.72559e-06 1.32261e-06 1.01217e-06 7.73434e-07 5.90155e-07 4.49677e-07 3.42174e-07 2.6003e-07 1.97354e-07 1.496e-07 1.13266e-07 8.56564e-08 6.47038e-08 4.88227e-08 3.68002e-08 2.77094e-08 2.08432e-08 1.56629e-08 1.17589e-08 8.81964e-09 6.60907e-09 4.94816e-09 3.70143e-09 2.76648e-09 2.06598e-09 1.54161e-09 1.14942e-09 8.56347e-10 6.37518e-10 4.74258e-10 3.52553e-10 2.61895e-10 1.94415e-10 1.44224e-10 1.0692e-10 7.92136e-11 5.86493e-11 4.33967e-11 3.20911e-11 2.37166e-11 1.75173e-11 1.29309e-11 9.54e-12 7.03438e-12 5.18403e-12 3.81836e-12 2.81099e-12 2.06832e-12 1.5211e-12 1.1181e-12 8.21468e-13 6.03245e-13 4.42784e-13 3.24855e-13 2.38225e-13 1.7462e-13 1.2794e-13 9.36981e-14
0.0011848 0.00177896 0.00224009 0.00256006 0.0027462 0.00281496 0.00278715 0.00268461 0.0025281 0.00233603 0.00212388 0.00190406 0.00168606 0.00147678 0.00128087 0.00110118 0.000939146 0.000795112 0.000668663 0.000558855 0.000464411 0.000383879 0.000315742 0.000258498 0.000210714 0.000171062 0.000138338 0.000111469 8.95095e-05 7.16423e-05 5.71643e-05 4.54781e-05 3.60795e-05 2.85468e-05 2.25291e-05 1.77365e-05 1.39308e-05 1.09171e-05 8.53697e-06 6.66195e-06 5.18842e-06 4.03307e-06 3.12921e-06 2.4236e-06 1.87388e-06 1.44644e-06 1.11472e-06 8.5774e-07 6.59013e-07 5.05594e-07 3.87345e-07 2.96347e-07 2.26427e-07 1.72782e-07 1.31682e-07 1.00237e-07 7.62104e-08 5.78768e-08 4.39046e-08 3.32693e-08 2.51836e-08 1.90434e-08 1.43858e-08 1.08567e-08 8.18555e-09 6.16584e-09 4.64025e-09 3.48903e-09 2.62114e-09 1.96747e-09 1.47559e-09 1.10578e-09 8.28e-10 6.19518e-10 4.63178e-10 3.46035e-10 2.5833e-10 1.92717e-10 1.43669e-10 1.07031e-10 7.96828e-11 5.92835e-11 4.40782e-11 3.27521e-11 2.43212e-11 1.80496e-11 1.33872e-11 9.92334e-12 7.35151e-12 5.44314e-12 4.02793e-12 2.97905e-12 2.20212e-12 1.62696e-12 1.2014e-12 8.86697e-13 6.54105e-13 4.82288e-13 3.55431e-13 2.61817e-13 1.92769e-13
0.000820249 0.00130533 0.00171262 0.00202378 0.00223463 0.00235058 0.00238292 0.00234593 0.00225472 0.00212388 0.00196652 0.00179388 0.00161511 0.00143738 0.00126598 0.00110462 0.000955671 0.000820414 0.000699301 0.000592168 0.000498409 0.000417135 0.000347281 0.000287706 0.000237255 0.000194804 0.000159296 0.000129759 0.000105314 8.51784e-05 6.86669e-05 5.51833e-05 4.42155e-05 3.5327e-05 2.81489e-05 2.23712e-05 1.77352e-05 1.40264e-05 1.10679e-05 8.71419e-06 6.84654e-06 5.36823e-06 4.20087e-06 3.28115e-06 2.55811e-06 1.99089e-06 1.5468e-06 1.19979e-06 9.2915e-07 7.18445e-07 5.54691e-07 4.2764e-07 3.29225e-07 2.53113e-07 1.94338e-07 1.49019e-07 1.14125e-07 8.72949e-08 6.66931e-08 5.08945e-08 3.87946e-08 2.9539e-08 2.24675e-08 1.70711e-08 1.29576e-08 9.82556e-09 7.44335e-09 5.63337e-09 4.25958e-09 3.21789e-09 2.42881e-09 1.83164e-09 1.38013e-09 1.03905e-09 7.8164e-10 5.87531e-10 4.41284e-10 3.31189e-10 2.48376e-10 1.86134e-10 1.3939e-10 1.04312e-10 7.80077e-11 5.82972e-11 4.35383e-11 3.24947e-11 2.42369e-11 1.80663e-11 1.34585e-11 1.00198e-11 7.45532e-12 5.54396e-12 4.12027e-12 3.06046e-12 2.272e-12 1.68575e-12 1.25011e-12 9.2656e-13 6.86396e-13 5.08224e-13 3.76113e-13
0.000567865 0.000954749 0.00130225 0.0015884 0.0018027 0.00194341 0.00201485 0.00202521 0.00198467 0.00190406 0.00179388 0.0016637 0.00152182 0.0013751 0.00122898 0.0010876 0.000953896 0.00082981 0.000716465 0.000614336 0.000523401 0.00044328 0.000373348 0.000312821 0.000260834 0.000216496 0.000178921 0.000147268 0.000120749 9.86444e-05 8.03076e-05 6.51641e-05 5.27104e-05 4.25091e-05 3.41841e-05 2.74142e-05 2.19275e-05 1.74948e-05 1.39245e-05 1.10571e-05 8.76062e-06 6.92619e-06 5.46455e-06 4.30276e-06 3.38144e-06 2.65246e-06 2.07689e-06 1.62339e-06 1.26677e-06 9.86882e-07 7.67618e-07 5.96155e-07 4.62302e-07 3.57985e-07 2.76818e-07 2.13762e-07 1.64851e-07 1.26967e-07 9.76666e-08 7.50359e-08 5.75804e-08 4.41343e-08 3.37898e-08 2.58414e-08 1.97414e-08 1.50655e-08 1.14854e-08 8.74722e-09 6.65533e-09 5.05887e-09 3.84177e-09 2.91482e-09 2.20954e-09 1.67345e-09 1.26635e-09 9.57475e-10 7.23344e-10 5.46025e-10 4.11849e-10 3.10404e-10 2.3377e-10 1.75924e-10 1.32296e-10 9.94166e-11 7.46561e-11 5.60238e-11 4.20133e-11 3.14857e-11 2.35807e-11 1.76491e-11 1.32013e-11 9.86825e-12 7.37228e-12 5.50432e-12 4.10726e-12 3.06302e-12 2.28297e-12 1.70063e-12 1.26614e-12 9.42147e-13 7.00689e-13
0.000393137 0.000696326 0.000985459 0.0012388 0.00144322 0.00159278 0.0016871 0.00172978 0.00172693 0.00168606 0.00161511 0.00152182 0.00141329 0.00129575 0.00117442 0.00105347 0.000936136 0.000824759 0.000720933 0.000625618 0.000539268 0.000461944 0.00039341 0.000333226 0.000280812 0.00023551 0.000196625 0.000163462 0.000135344 0.000111634 9.17433e-05 7.51363e-05 6.13328e-05 4.99079e-05 4.04893e-05 3.27538e-05 2.64233e-05 2.126e-05 1.70624e-05 1.36602e-05 1.09108e-05 8.69509e-06 6.91429e-06 5.48668e-06 4.34502e-06 3.43419e-06 2.70917e-06 2.1333e-06 1.67687e-06 1.31583e-06 1.03082e-06 8.06232e-07 6.29592e-07 4.90906e-07 3.82205e-07 2.97147e-07 2.30696e-07 1.78863e-07 1.38492e-07 1.07096e-07 8.27131e-08 6.38037e-08 4.91587e-08 3.78313e-08 2.9081e-08 2.23299e-08 1.71275e-08 1.31234e-08 1.0045e-08 7.68091e-09 5.86746e-09 4.47784e-09 3.41412e-09 2.60068e-09 1.97927e-09 1.505e-09 1.14339e-09 8.67929e-10 6.58283e-10 4.98869e-10 3.77759e-10 2.85827e-10 2.16101e-10 1.63262e-10 1.23251e-10 9.29783e-11 7.00913e-11 5.2801e-11 3.97487e-11 2.99027e-11 2.24807e-11 1.68899e-11 1.26814e-11 9.51553e-12 7.1356e-12 5.34767e-12 4.00533e-12 2.99818e-12 2.24298e-12 1.67705e-12 1.25321e-12
0.000272172 0.000506542 0.000742524 0.000960707 0.00114762 0.00129531 0.00140048 0.0014635 0.00148737 0.00147678 0.00143738 0.0013751 0.00129575 0.00120471 0.0011067 0.00100572 0.000905015 0.000807124 0.000713923 0.000626712 0.000546306 0.00047312 0.000407253 0.000348569 0.000296755 0.00025138 0.000211939 0.000177891 0.000148684 0.000123775 0.000102649 8.48208e-05 6.98479e-05 5.73293e-05 4.69067e-05 3.82637e-05 3.11234e-05 2.52458e-05 2.04238e-05 1.64808e-05 1.32665e-05 1.06539e-05 8.53633e-06 6.82466e-06 5.44466e-06 4.33483e-06 3.44439e-06 2.73163e-06 2.16236e-06 1.70865e-06 1.34779e-06 1.06135e-06 8.34414e-07 6.54961e-07 5.13307e-07 4.01687e-07 3.1388e-07 2.44918e-07 1.90844e-07 1.48508e-07 1.15413e-07 8.95777e-08 6.94392e-08 5.37627e-08 4.1576e-08 3.21144e-08 2.4778e-08 1.90964e-08 1.47018e-08 1.13065e-08 8.68636e-09 6.66668e-09 5.11155e-09 3.91539e-09 2.99632e-09 2.29085e-09 1.7499e-09 1.33549e-09 1.01834e-09 7.75843e-10 5.90596e-10 4.49211e-10 3.41398e-10 2.59256e-10 1.96725e-10 1.49162e-10 1.13015e-10 8.55642e-11 6.47346e-11 4.89411e-11 3.69751e-11 2.79157e-11 2.10618e-11 1.58802e-11 1.19656e-11 9.01023e-12 6.78055e-12 5.09948e-12 3.83286e-12 2.87913e-12 2.16144e-12
0.000188427 0.000367624 0.000557313 0.00074127 0.000907035 0.00104609 0.00115358 0.00122776 0.00126936 0.00128087 0.00126598 0.00122898 0.00117442 0.0011067 0.00102994 0.000947754 0.000863255 0.000778984 0.000696943 0.000618638 0.000545132 0.000477109 0.000414938 0.000358739 0.000308434 0.000263803 0.000224523 0.000190206 0.000160427 0.000134748 0.000112731 9.39576e-05 7.80297e-05 6.45803e-05 5.32743e-05 4.38102e-05 3.59194e-05 2.93652e-05 2.39407e-05 1.94665e-05 1.5788e-05 1.27732e-05 1.03096e-05 8.30213e-06 6.67081e-06 5.34862e-06 4.27965e-06 3.41749e-06 2.72376e-06 2.16678e-06 1.72058e-06 1.36386e-06 1.07925e-06 8.5262e-07 6.72493e-07 5.2959e-07 4.16419e-07 3.26947e-07 2.56328e-07 2.00681e-07 1.56899e-07 1.22505e-07 9.55267e-08 7.43949e-08 5.7866e-08 4.4955e-08 3.48835e-08 2.70372e-08 2.09321e-08 1.61877e-08 1.25052e-08 9.65022e-09 7.43938e-09 5.72924e-09 4.40787e-09 3.38798e-09 2.6016e-09 1.99589e-09 1.52982e-09 1.17153e-09 8.96371e-10 6.85251e-10 5.23415e-10 3.99471e-10 3.04629e-10 2.3212e-10 1.76732e-10 1.34457e-10 1.02218e-10 7.76512e-11 5.8946e-11 4.47147e-11 3.38954e-11 2.56763e-11 1.9437e-11 1.4704e-11 1.11163e-11 8.39849e-12 6.34114e-12 4.78479e-12 3.6082e-12
0.000130449 0.000266237 0.000416834 0.000569339 0.000712962 0.00083953 0.000943576 0.00102214 0.00107439 0.00110118 0.00110462 0.0010876 0.00105347 0.00100572 0.000947754 0.000882744 0.000813512 0.00074248 0.000671651 0.00060262 0.000536597 0.000474451 0.000416755 0.000363832 0.000315804 0.000272635 0.000234169 0.000200161 0.000170314 0.000144291 0.000121742 0.000102317 8.56705e-05 7.14778e-05 5.94339e-05 4.92589e-05 4.06987e-05 3.35258e-05 2.75378e-05 2.25571e-05 1.84282e-05 1.50166e-05 1.22065e-05 9.89873e-06 8.00885e-06 6.46544e-06 5.20829e-06 4.18689e-06 3.35904e-06 2.68964e-06 2.14958e-06 1.71482e-06 1.36557e-06 1.08557e-06 8.61539e-07 6.82629e-07 5.40016e-07 4.26539e-07 3.36402e-07 2.64926e-07 2.0834e-07 1.63613e-07 1.28314e-07 1.00498e-07 7.86103e-08 6.14125e-08 4.79182e-08 3.73441e-08 2.90693e-08 2.26022e-08 1.75541e-08 1.36185e-08 1.05539e-08 8.17041e-09 6.31869e-09 4.88171e-09 3.76781e-09 2.90527e-09 2.23807e-09 1.72249e-09 1.32447e-09 1.01752e-09 7.8102e-10 5.98975e-10 4.58974e-10 3.51405e-10 2.68829e-10 2.05493e-10 1.56956e-10 1.19791e-10 9.13566e-11 6.962e-11 5.30165e-11 4.03437e-11 3.06784e-11 2.33125e-11 1.7703e-11 1.34343e-11 1.01881e-11 7.72132e-12 5.84804e-12
9.0311e-05 0.000192438 0.00031077 0.000435468 0.000557626 0.000669924 0.000766916 0.000845061 0.00090257 0.000939146 0.000955671 0.000953896 0.000936136 0.000905015 0.000863255 0.000813512 0.000758256 0.000699699 0.000639748 0.000579992 0.000521703 0.000465859 0.000413173 0.00036412 0.000318983 0.000277877 0.000240791 0.000207616 0.000178167 0.000152211 0.000129484 0.000109706 9.25896e-05 7.78566e-05 6.52377e-05 5.44802e-05 4.53499e-05 3.7633e-05 3.11365e-05 2.56879e-05 2.11346e-05 1.73424e-05 1.41943e-05 1.15891e-05 9.43959e-06 7.67112e-06 6.22013e-06 5.03276e-06 4.06358e-06 3.27443e-06 2.63338e-06 2.11382e-06 1.69365e-06 1.35457e-06 1.0815e-06 8.62016e-07 6.8595e-07 5.44973e-07 4.32297e-07 3.42398e-07 2.70793e-07 2.13855e-07 1.68652e-07 1.32822e-07 1.04464e-07 8.20535e-08 6.43685e-08 5.04324e-08 3.94654e-08 3.08466e-08 2.4082e-08 1.87795e-08 1.46282e-08 1.13822e-08 8.84703e-09 6.86933e-09 5.32828e-09 4.1288e-09 3.1962e-09 2.47187e-09 1.90988e-09 1.47429e-09 1.13702e-09 8.76121e-10 6.74496e-10 5.18827e-10 3.98748e-10 3.06206e-10 2.34951e-10 1.80132e-10 1.37996e-10 1.05634e-10 8.08002e-11 6.17586e-11 4.71697e-11 3.6001e-11 2.74574e-11 2.09266e-11 1.59383e-11 1.21308e-11 9.22674e-12
6.2523e-05 0.000138848 0.000231018 0.000331808 0.000434152 0.000531804 0.000619725 0.000694244 0.000753057 0.000795112 0.000820414 0.00082981 0.000824759 0.000807124 0.000778984 0.00074248 0.000699699 0.000652587 0.000602887 0.000552112 0.000501527 0.000452155 0.000404788 0.000360009 0.000318216 0.000279649 0.000244418 0.000212525 0.000183894 0.000158385 0.000135815 0.000115975 9.86384e-05 8.35747e-05 7.05542e-05 5.93552e-05 4.97674e-05 4.1595e-05 3.46579e-05 2.87925e-05 2.38519e-05 1.9705e-05 1.62362e-05 1.3344e-05 1.09401e-05 8.94792e-06 7.30174e-06 5.94519e-06 4.83026e-06 3.91624e-06 3.16877e-06 2.55894e-06 2.06254e-06 1.65936e-06 1.3326e-06 1.06831e-06 8.5499e-07 6.83133e-07 5.44942e-07 4.34024e-07 3.45155e-07 2.74074e-07 2.17315e-07 1.72067e-07 1.36052e-07 1.0743e-07 8.47171e-08 6.67204e-08 5.24806e-08 4.12292e-08 3.2351e-08 2.53547e-08 1.98486e-08 1.55207e-08 1.21231e-08 9.45896e-09 7.37249e-09 5.74029e-09 4.4649e-09 3.46942e-09 2.69325e-09 2.08871e-09 1.61835e-09 1.25275e-09 9.68867e-10 7.48646e-10 5.77975e-10 4.45829e-10 3.43607e-10 2.64604e-10 2.03599e-10 1.56534e-10 1.20254e-10 9.23113e-11 7.08076e-11 5.42725e-11 4.15682e-11 3.18146e-11 2.43323e-11 1.85967e-11 1.42033e-11
4.32851e-05 0.000100017 0.000171273 0.000251941 0.000336608 0.000420148 0.000498125 0.000567032 0.000624377 0.000668663 0.000699301 0.000716465 0.000720933 0.000713923 0.000696943 0.000671651 0.000639748 0.000602887 0.000562608 0.000520297 0.000477161 0.000434213 0.000392277 0.000351999 0.000313855 0.000278177 0.000245169 0.000214932 0.000187478 0.000162751 0.000140646 0.000121019 0.000103704 8.85177e-05 7.52722e-05 6.37792e-05 5.38553e-05 4.53257e-05 3.80262e-05 3.18052e-05 2.6524e-05 2.20574e-05 1.8293e-05 1.51313e-05 1.24844e-05 1.02752e-05 8.43698e-06 6.91173e-06 5.64965e-06 4.6081e-06 3.75073e-06 3.04671e-06 2.46998e-06 1.9986e-06 1.61418e-06 1.30136e-06 1.04732e-06 8.41437e-07 6.74903e-07 5.40453e-07 4.32105e-07 3.44948e-07 2.74958e-07 2.18848e-07 1.7394e-07 1.38055e-07 1.09423e-07 8.66148e-08 6.84714e-08 5.40597e-08 4.26283e-08 3.35734e-08 2.64103e-08 2.07514e-08 1.62864e-08 1.27678e-08 9.99848e-09 7.82141e-09 6.11194e-09 4.77118e-09 3.72077e-09 2.89874e-09 2.25613e-09 1.7543e-09 1.36281e-09 1.05772e-09 8.20183e-10 6.35428e-10 4.91862e-10 3.80407e-10 2.9396e-10 2.2697e-10 1.75104e-10 1.34982e-10 1.03972e-10 8.00239e-11 6.1545e-11 4.72977e-11 3.63219e-11 2.78729e-11 2.1374e-11
2.99666e-05 7.19367e-05 0.000126664 0.000190683 0.000259977 0.000330474 0.000398425 0.000460652 0.000514695 0.000558855 0.000592168 0.000614336 0.000625618 0.000626712 0.000618638 0.00060262 0.000579992 0.000552112 0.000520297 0.000485778 0.000449662 0.000412916 0.000376355 0.000340647 0.000306317 0.000273758 0.000243245 0.000214953 0.000188969 0.000165311 0.000143942 0.000124779 0.00010771 9.26005e-05 7.93037e-05 6.76654e-05 5.75309e-05 4.87483e-05 4.11717e-05 3.46638e-05 2.90966e-05 2.43525e-05 2.03249e-05 1.69176e-05 1.40447e-05 1.16303e-05 9.60753e-06 7.9178e-06 6.51034e-06 5.34122e-06 4.37264e-06 3.57224e-06 2.91246e-06 2.36987e-06 1.92468e-06 1.56023e-06 1.2625e-06 1.01979e-06 8.2233e-07 6.62e-07 5.32064e-07 4.26954e-07 3.4208e-07 2.73665e-07 2.18611e-07 1.74381e-07 1.38905e-07 1.10494e-07 8.77771e-08 6.9639e-08 5.51782e-08 4.36654e-08 3.45123e-08 2.72452e-08 2.1483e-08 1.69199e-08 1.3311e-08 1.04603e-08 8.21122e-09 6.43886e-09 5.04379e-09 3.94694e-09 3.08553e-09 2.40974e-09 1.88014e-09 1.46555e-09 1.14131e-09 8.87997e-10 6.90285e-10 5.36119e-10 4.16023e-10 3.22554e-10 2.49876e-10 1.93414e-10 1.49589e-10 1.15601e-10 8.92661e-11 6.88772e-11 5.31048e-11 4.09136e-11 3.14979e-11
2.07461e-05 5.16676e-05 9.34594e-05 0.000143889 0.000200076 0.000258882 0.000317235 0.000372376 0.000422013 0.000464411 0.000498409 0.000523401 0.000539268 0.000546306 0.000545132 0.000536597 0.000521703 0.000501527 0.000477161 0.000449662 0.000420017 0.000389116 0.000357737 0.000326539 0.000296066 0.000266745 0.0002389 0.000212761 0.000188476 0.000166121 0.000145716 0.000127236 0.000110616 9.57684e-05 8.25851e-05 7.09463e-05 6.07262e-05 5.1797e-05 4.40327e-05 3.73117e-05 3.15186e-05 2.65454e-05 2.22925e-05 1.86691e-05 1.55926e-05 1.29894e-05 1.07936e-05 8.94727e-06 7.39934e-06 6.10527e-06 5.02641e-06 4.12932e-06 3.38529e-06 2.76971e-06 2.26162e-06 1.84321e-06 1.49942e-06 1.21755e-06 9.86925e-07 7.98614e-07 6.45154e-07 5.20334e-07 4.18996e-07 3.36871e-07 2.70434e-07 2.16778e-07 1.73517e-07 1.38694e-07 1.10706e-07 8.82473e-08 7.02519e-08 5.5854e-08 4.43508e-08 3.51732e-08 2.7861e-08 2.20428e-08 1.74194e-08 1.375e-08 1.08415e-08 8.53886e-09 6.71807e-09 5.27998e-09 4.14545e-09 3.2514e-09 2.54764e-09 1.99425e-09 1.55957e-09 1.21849e-09 9.51126e-10 7.41751e-10 5.77949e-10 4.49925e-10 3.49958e-10 2.7197e-10 2.11186e-10 1.63852e-10 1.27025e-10 9.83963e-11 7.61604e-11 5.89041e-11 4.55231e-11
1.43627e-05 3.70612e-05 6.88127e-05 0.000108278 0.000153468 0.000202032 0.000251527 0.000299631 0.000344302 0.000383879 0.000417135 0.00044328 0.000461944 0.00047312 0.000477109 0.000474451 0.000465859 0.000452155 0.000434213 0.000412916 0.000389116 0.00036361 0.000337114 0.00031026 0.000283582 0.000257522 0.000232432 0.000208579 0.000186153 0.000165279 0.000146024 0.000128409 0.000112416 9.79958e-05 8.50777e-05 7.35748e-05 6.33898e-05 5.44191e-05 4.65572e-05 3.96994e-05 3.37441e-05 2.85942e-05 2.41586e-05 2.03529e-05 1.70995e-05 1.43279e-05 1.19747e-05 9.98299e-06 8.30249e-06 6.88874e-06 5.70277e-06 4.71059e-06 3.88272e-06 3.19371e-06 2.62167e-06 2.14787e-06 1.75635e-06 1.43352e-06 1.16792e-06 9.49854e-07 7.71178e-07 6.25065e-07 5.05808e-07 4.08653e-07 3.29646e-07 2.6551e-07 2.13536e-07 1.71486e-07 1.37523e-07 1.10133e-07 8.80784e-08 7.03472e-08 5.61127e-08 4.47016e-08 3.55668e-08 2.82643e-08 2.24343e-08 1.7786e-08 1.40846e-08 1.1141e-08 8.80289e-09 6.94793e-09 5.47804e-09 4.31462e-09 3.39481e-09 2.66841e-09 2.09537e-09 1.6438e-09 1.28832e-09 1.00877e-09 7.89153e-10 6.16792e-10 4.81649e-10 3.75788e-10 2.92943e-10 2.28168e-10 1.77569e-10 1.38078e-10 1.07283e-10 8.32901e-11 6.46127e-11
9.94341e-06 2.65517e-05 5.05653e-05 8.12705e-05 0.000117354 0.00015711 0.000198646 0.000240063 0.0002796 0.000315742 0.000347281 0.000373348 0.00039341 0.000407253 0.000414938 0.000416755 0.000413173 0.000404788 0.000392277 0.000376355 0.000357737 0.000337114 0.000315132 0.000292371 0.000269344 0.000246487 0.000224161 0.000202654 0.000182187 0.000162919 0.000144955 0.000128353 0.000113134 9.92841e-05 8.67663e-05 7.55241e-05 6.54871e-05 5.65755e-05 4.87043e-05 4.17861e-05 3.57336e-05 3.04618e-05 2.58891e-05 2.19384e-05 1.85382e-05 1.56222e-05 1.31301e-05 1.10074e-05 9.20501e-06 7.67931e-06 6.39159e-06 5.30781e-06 4.39814e-06 3.63662e-06 3.00074e-06 2.47107e-06 2.03091e-06 1.66598e-06 1.36408e-06 1.11488e-06 9.096e-07 7.40844e-07 6.02386e-07 4.89005e-07 3.96331e-07 3.2072e-07 2.5914e-07 2.09072e-07 1.68432e-07 1.35499e-07 1.08854e-07 8.73298e-08 6.99683e-08 5.59853e-08 4.47396e-08 3.57081e-08 2.84649e-08 2.26637e-08 1.80236e-08 1.4317e-08 1.13597e-08 9.00333e-09 7.12796e-09 5.63719e-09 4.45353e-09 3.51478e-09 2.7711e-09 2.1826e-09 1.71741e-09 1.35006e-09 1.06029e-09 8.31946e-10 6.52181e-10 5.10801e-10 3.99717e-10 3.12519e-10 2.44135e-10 1.90555e-10 1.4861e-10 1.15805e-10 9.01685e-11
6.8839e-06 1.90009e-05 3.70879e-05 6.08524e-05 8.94801e-05 0.000121774 0.000156307 0.000191566 0.000226075 0.000258498 0.000287706 0.000312821 0.000333226 0.000348569 0.000358739 0.000363832 0.00036412 0.000360009 0.000351999 0.000340647 0.000326539 0.00031026 0.000292371 0.000273397 0.000253812 0.000234032 0.000214414 0.000195254 0.000176789 0.000159202 0.000142626 0.000127148 0.00011282 9.96591e-05 8.76578e-05 7.67865e-05 6.70001e-05 5.82412e-05 5.04446e-05 4.35401e-05 3.74551e-05 3.21168e-05 2.74539e-05 2.33978e-05 1.98832e-05 1.68494e-05 1.42399e-05 1.2003e-05 1.00919e-05 8.46423e-06 7.08218e-06 5.9121e-06 4.92426e-06 4.09254e-06 3.39409e-06 2.80905e-06 2.32019e-06 1.91267e-06 1.57374e-06 1.29246e-06 1.05955e-06 8.67081e-07 7.08357e-07 5.7772e-07 4.70406e-07 3.82415e-07 3.10398e-07 2.5156e-07 2.03571e-07 1.64497e-07 1.32734e-07 1.06954e-07 8.60644e-08 6.91621e-08 5.55066e-08 4.44902e-08 3.56155e-08 2.8476e-08 2.27402e-08 1.81383e-08 1.44509e-08 1.15e-08 9.14147e-09 7.25869e-09 5.75749e-09 4.56194e-09 3.6109e-09 2.85521e-09 2.25541e-09 1.77986e-09 1.40322e-09 1.10523e-09 8.69712e-10 6.8375e-10 5.37065e-10 4.21474e-10 3.30471e-10 2.58895e-10 2.02649e-10 1.5849e-10 1.23853e-10
4.76578e-06 1.35829e-05 2.71556e-05 4.54613e-05 6.80427e-05 9.40945e-05 0.00012257 0.000152291 0.000182054 0.000210714 0.000237255 0.000260834 0.000280812 0.000296755 0.000308434 0.000315804 0.000318983 0.000318216 0.000313855 0.000306317 0.000296066 0.000283582 0.000269344 0.000253812 0.000237413 0.000220533 0.000203515 0.000186651 0.000170182 0.000154306 0.000139174 0.000124895 0.000111545 9.91674e-05 8.77781e-05 7.7372e-05 6.79264e-05 5.94047e-05 5.17603e-05 4.49395e-05 3.88842e-05 3.3534e-05 2.88283e-05 2.47069e-05 2.11122e-05 1.79889e-05 1.52852e-05 1.29532e-05 1.09485e-05 9.23078e-06 7.76361e-06 6.51421e-06 5.45332e-06 4.55503e-06 3.79646e-06 3.15755e-06 2.62078e-06 2.17092e-06 1.79478e-06 1.481e-06 1.21983e-06 1.0029e-06 8.23105e-07 6.74385e-07 5.51612e-07 4.50453e-07 3.67258e-07 2.98962e-07 2.42996e-07 1.97212e-07 1.59821e-07 1.29335e-07 1.04518e-07 8.4347e-08 6.79779e-08 5.47137e-08 4.39811e-08 3.53093e-08 2.83123e-08 2.26744e-08 1.81376e-08 1.44917e-08 1.15654e-08 9.21964e-09 7.34158e-09 5.83976e-09 4.64022e-09 3.68323e-09 2.92062e-09 2.31357e-09 1.83088e-09 1.44748e-09 1.14328e-09 9.02157e-10 7.11229e-10 5.60198e-10 4.40843e-10 3.46612e-10 2.72287e-10 2.13717e-10 1.67604e-10
3.29938e-06 9.70022e-06 1.98508e-05 3.38909e-05 5.161e-05 7.24954e-05 9.58034e-05 0.00012064 0.000146045 0.000171062 0.000194804 0.000216496 0.00023551 0.00025138 0.000263803 0.000272635 0.000277877 0.000279649 0.000278177 0.000273758 0.000266745 0.000257522 0.000246487 0.000234032 0.000220533 0.000206342 0.000191775 0.000177112 0.000162592 0.000148418 0.000134749 0.000121712 0.000109399 9.78723e-05 8.71698e-05 7.73061e-05 6.82779e-05 6.00672e-05 5.26445e-05 4.59717e-05 4.00046e-05 3.46949e-05 2.99923e-05 2.5846e-05 2.22056e-05 1.90222e-05 1.62491e-05 1.38423e-05 1.17608e-05 9.96661e-06 8.42511e-06 7.10482e-06 5.97737e-06 5.01738e-06 4.20223e-06 3.51194e-06 2.92889e-06 2.43765e-06 2.02477e-06 1.67857e-06 1.38893e-06 1.14716e-06 9.45776e-07 7.78377e-07 6.39512e-07 5.24543e-07 4.29542e-07 3.51185e-07 2.86675e-07 2.33658e-07 1.90162e-07 1.54538e-07 1.25407e-07 1.01626e-07 8.22415e-08 6.64652e-08 5.36447e-08 4.32414e-08 3.48116e-08 2.79905e-08 2.24786e-08 1.80306e-08 1.44458e-08 1.15605e-08 9.24102e-09 7.37877e-09 5.88539e-09 4.68925e-09 3.73229e-09 2.96756e-09 2.35713e-09 1.87041e-09 1.48273e-09 1.17428e-09 9.29109e-10 7.34443e-10 5.80032e-10 4.57671e-10 3.60802e-10 2.84187e-10 2.23649e-10
2.28419e-06 6.9209e-06 1.44888e-05 2.5215e-05 3.90525e-05 5.57017e-05 7.46542e-05 9.52496e-05 0.000116738 0.000138338 0.000159296 0.000178921 0.000196625 0.000211939 0.000224523 0.000234169 0.000240791 0.000244418 0.000245169 0.000243245 0.0002389 0.000232432 0.000224161 0.000214414 0.000203515 0.000191775 0.00017948 0.000166892 0.000154241 0.000141725 0.000129508 0.000117725 0.00010648 9.58503e-05 8.5889e-05 7.66274e-05 6.80789e-05 6.02415e-05 5.31011e-05 4.66337e-05 4.0808e-05 3.55875e-05 3.0932e-05 2.67997e-05 2.31478e-05 1.99338e-05 1.71166e-05 1.46565e-05 1.2516e-05 1.06601e-05 9.0563e-06 7.67481e-06 6.48847e-06 5.47275e-06 4.60559e-06 3.8673e-06 3.24041e-06 2.70949e-06 2.26095e-06 1.88294e-06 1.5651e-06 1.29847e-06 1.07529e-06 8.88876e-07 7.33496e-07 6.04245e-07 4.96939e-07 4.08025e-07 3.34486e-07 2.73774e-07 2.2374e-07 1.82578e-07 1.48772e-07 1.21051e-07 9.83586e-08 7.98103e-08 6.46729e-08 5.23376e-08 4.23004e-08 3.41449e-08 2.75275e-08 2.21656e-08 1.78268e-08 1.43205e-08 1.14906e-08 9.20945e-09 7.37299e-09 5.8963e-09 4.71031e-09 3.75892e-09 2.99658e-09 2.38642e-09 1.8986e-09 1.50901e-09 1.1982e-09 9.50502e-10 7.53304e-10 5.96467e-10 4.71855e-10 3.72943e-10 2.94506e-10
1.58136e-06 4.93357e-06 1.056e-05 1.87248e-05 2.94838e-05 4.26879e-05 5.80067e-05 7.49663e-05 9.29946e-05 0.000111469 0.000129759 0.000147268 0.000163462 0.000177891 0.000190206 0.000200161 0.000207616 0.000212525 0.000214932 0.000214953 0.000212761 0.000208579 0.000202654 0.000195254 0.000186651 0.000177112 0.000166892 0.00015623 0.00014534 0.000134411 0.000123608 0.000113065 0.000102896 9.31868e-05 8.40016e-05 7.5385e-05 6.7364e-05 5.99503e-05 5.31429e-05 4.69305e-05 4.12936e-05 3.62066e-05 3.1639e-05 2.75575e-05 2.39269e-05 2.07114e-05 1.78753e-05 1.53836e-05 1.32027e-05 1.13006e-05 9.64752e-06 8.21549e-06 6.97892e-06 5.91439e-06 5.00068e-06 4.21863e-06 3.55111e-06 2.98286e-06 2.50035e-06 2.09166e-06 1.74633e-06 1.45522e-06 1.21037e-06 1.00488e-06 8.32789e-07 6.88968e-07 5.69015e-07 4.69166e-07 3.86209e-07 3.17415e-07 2.6047e-07 2.13416e-07 1.74601e-07 1.42638e-07 1.1636e-07 9.47901e-08 7.71129e-08 6.2648e-08 5.08294e-08 4.11872e-08 3.33317e-08 2.6941e-08 2.1749e-08 1.75366e-08 1.41234e-08 1.13614e-08 9.12922e-09 7.32741e-09 5.87478e-09 4.70507e-09 3.76427e-09 3.00846e-09 2.40194e-09 1.91578e-09 1.52651e-09 1.21515e-09 9.66371e-10 7.67803e-10 6.0947e-10 4.83347e-10 3.82979e-10
1.09479e-06 3.51398e-06 7.68597e-06 1.38804e-05 2.22123e-05 3.26348e-05 4.4949e-05 5.88268e-05 7.38428e-05 8.95095e-05 0.000105314 0.000120749 0.000135344 0.000148684 0.000160427 0.000170314 0.000178167 0.000183894 0.000187478 0.000188969 0.000188476 0.000186153 0.000182187 0.000176789 0.000170182 0.000162592 0.000154241 0.00014534 0.000136085 0.000126653 0.000117202 0.000107866 9.87587e-05 8.99729e-05 8.15807e-05 7.3636e-05 6.61764e-05 5.92246e-05 5.27908e-05 4.68748e-05 4.14675e-05 3.6553e-05 3.211e-05 2.81134e-05 2.45352e-05 2.1346e-05 1.85156e-05 1.60138e-05 1.38111e-05 1.1879e-05 1.01901e-05 8.71884e-06 7.44145e-06 6.33582e-06 5.38177e-06 4.56092e-06 3.85666e-06 3.25407e-06 2.73984e-06 2.30213e-06 1.93046e-06 1.61563e-06 1.34957e-06 1.12522e-06 9.36466e-07 7.77989e-07 6.4521e-07 5.34186e-07 4.41533e-07 3.64359e-07 3.00197e-07 2.4695e-07 2.02839e-07 1.6636e-07 1.36242e-07 1.11418e-07 9.09897e-08 7.42049e-08 6.04351e-08 4.91557e-08 3.99297e-08 3.23943e-08 2.62482e-08 2.12422e-08 1.71703e-08 1.38626e-08 1.11792e-08 9.00497e-09 7.2455e-09 5.82341e-09 4.6754e-09 3.74972e-09 3.00418e-09 2.4044e-09 1.92243e-09 1.53555e-09 1.22532e-09 9.76836e-10 7.78003e-10 6.19065e-10 4.92145e-10
7.57931e-07 2.5009e-06 5.58696e-06 1.0272e-05 1.67003e-05 2.48916e-05 3.47409e-05 4.60319e-05 5.84567e-05 7.16423e-05 8.51784e-05 9.86444e-05 0.000111634 0.000123775 0.000134748 0.000144291 0.000152211 0.000158385 0.000162751 0.000165311 0.000166121 0.000165279 0.000162919 0.000159202 0.000154306 0.000148418 0.000141725 0.000134411 0.000126653 0.000118612 0.000110436 0.000102253 9.41771e-05 8.63015e-05 7.87033e-05 7.14428e-05 6.45653e-05 5.81021e-05 5.20726e-05 4.64859e-05 4.13419e-05 3.66334e-05 3.23473e-05 2.8466e-05 2.49686e-05 2.18316e-05 1.90304e-05 1.65396e-05 1.43335e-05 1.23872e-05 1.06764e-05 9.17772e-06 7.86942e-06 6.73097e-06 5.74342e-06 4.88933e-06 4.1528e-06 3.51943e-06 2.97624e-06 2.51162e-06 2.11519e-06 1.77779e-06 1.4913e-06 1.24861e-06 1.04347e-06 8.70463e-07 7.24855e-07 6.02561e-07 5.00054e-07 4.143e-07 3.42698e-07 2.83022e-07 2.33376e-07 1.92147e-07 1.57967e-07 1.29678e-07 1.06303e-07 8.70204e-08 7.11377e-08 5.80758e-08 4.73498e-08 3.85549e-08 3.13538e-08 2.54659e-08 2.06584e-08 1.67384e-08 1.35462e-08 1.09501e-08 8.84147e-09 7.13091e-09 5.74496e-09 4.62339e-09 3.71682e-09 2.98489e-09 2.39463e-09 1.91915e-09 1.53655e-09 1.22902e-09 9.82092e-10 7.8403e-10 6.25328e-10
5.24721e-07 1.77857e-06 4.05622e-06 7.5895e-06 1.25322e-05 1.89439e-05 2.67855e-05 3.59235e-05 4.61427e-05 5.71643e-05 6.86669e-05 8.03076e-05 9.17433e-05 0.000102649 0.000112731 0.000121742 0.000129484 0.000135815 0.000140646 0.000143942 0.000145716 0.000146024 0.000144955 0.000142626 0.000139174 0.000134749 0.000129508 0.000123608 0.000117202 0.000110436 0.000103444 9.63491e-05 8.92585e-05 8.22654e-05 7.54482e-05 6.88709e-05 6.25839e-05 5.66251e-05 5.10211e-05 4.57881e-05 4.0934e-05 3.64591e-05 3.23574e-05 2.86182e-05 2.52269e-05 2.21659e-05 1.94158e-05 1.69556e-05 1.47639e-05 1.28192e-05 1.11001e-05 9.58598e-06 8.25698e-06 7.09436e-06 6.08057e-06 5.19927e-06 4.43544e-06 3.77531e-06 3.20639e-06 2.71739e-06 2.29817e-06 1.93969e-06 1.63388e-06 1.37363e-06 1.15265e-06 9.65441e-07 8.07182e-07 6.73678e-07 5.61288e-07 4.66862e-07 3.87682e-07 3.21413e-07 2.66051e-07 2.19886e-07 1.81456e-07 1.49521e-07 1.23028e-07 1.01084e-07 8.29392e-08 6.79581e-08 5.56083e-08 4.54429e-08 3.70877e-08 3.02304e-08 2.46103e-08 2.00105e-08 1.62509e-08 1.31821e-08 1.06804e-08 8.64358e-09 6.98738e-09 5.64231e-09 4.55123e-09 3.66723e-09 2.95184e-09 2.37355e-09 1.90662e-09 1.53001e-09 1.22659e-09 9.82393e-10 7.86061e-10
3.63269e-07 1.26398e-06 2.94147e-06 5.59904e-06 9.3872e-06 1.43874e-05 2.06038e-05 2.79635e-05 3.63225e-05 4.54781e-05 5.51833e-05 6.51641e-05 7.51363e-05 8.48208e-05 9.39576e-05 0.000102317 0.000109706 0.000115975 0.000121019 0.000124779 0.000127236 0.000128409 0.000128353 0.000127148 0.000124895 0.000121712 0.000117725 0.000113065 0.000107866 0.000102253 9.63491e-05 9.02655e-05 8.41038e-05 7.79538e-05 7.18929e-05 6.59865e-05 6.0288e-05 5.48395e-05 4.96728e-05 4.48102e-05 4.02656e-05 3.60457e-05 3.21509e-05 2.85764e-05 2.53133e-05 2.23495e-05 1.96702e-05 1.7259e-05 1.50985e-05 1.31704e-05 1.14565e-05 9.93859e-06 8.59914e-06 7.42119e-06 6.3887e-06 5.48657e-06 4.70074e-06 4.01826e-06 3.4272e-06 2.91673e-06 2.47705e-06 2.09929e-06 1.77557e-06 1.49881e-06 1.26276e-06 1.06189e-06 8.91341e-07 7.46843e-07 6.24675e-07 5.21596e-07 4.34797e-07 3.61849e-07 3.00656e-07 2.4942e-07 2.06596e-07 1.70867e-07 1.41108e-07 1.16364e-07 9.58222e-08 7.87969e-08 6.47081e-08 5.30671e-08 4.34632e-08 3.55513e-08 2.90429e-08 2.36964e-08 1.93105e-08 1.57175e-08 1.27779e-08 1.03761e-08 8.41608e-09 6.81867e-09 5.51837e-09 4.46119e-09 3.60269e-09 2.90635e-09 2.34217e-09 1.8856e-09 1.51651e-09 1.21846e-09 9.78044e-10
2.51494e-07 8.97673e-07 2.13073e-06 4.12465e-06 7.0193e-06 1.09051e-05 1.58137e-05 2.17145e-05 2.85174e-05 3.60795e-05 4.42155e-05 5.27104e-05 6.13328e-05 6.98479e-05 7.80297e-05 8.56705e-05 9.25896e-05 9.86384e-05 0.000103704 0.00010771 0.000110616 0.000112416 0.000113134 0.00011282 0.000111545 0.000109399 0.00010648 0.000102896 9.87587e-05 9.41771e-05 8.92585e-05 8.41038e-05 7.88066e-05 7.34513e-05 6.81126e-05 6.28552e-05 5.77336e-05 5.27923e-05 4.80668e-05 4.35836e-05 3.93616e-05 3.54124e-05 3.17419e-05 2.83504e-05 2.52342e-05 2.23857e-05 1.97949e-05 1.74493e-05 1.53353e-05 1.3438e-05 1.17419e-05 1.02317e-05 8.8919e-06 7.70744e-06 6.66389e-06 5.74747e-06 4.94523e-06 4.24506e-06 3.63577e-06 3.10705e-06 2.6495e-06 2.25459e-06 1.9146e-06 1.62264e-06 1.37251e-06 1.15873e-06 9.76421e-07 8.21299e-07 6.89591e-07 5.77996e-07 4.83635e-07 4.04005e-07 3.36934e-07 2.8055e-07 2.33236e-07 1.93603e-07 1.60464e-07 1.32801e-07 1.09749e-07 9.05694e-08 7.46379e-08 6.14249e-08 5.04834e-08 4.14364e-08 3.39668e-08 2.78084e-08 2.27383e-08 1.85699e-08 1.51474e-08 1.23411e-08 1.00431e-08 8.16363e-09 6.62845e-09 5.37603e-09 4.35552e-09 3.52496e-09 2.84978e-09 2.30154e-09 1.85689e-09 1.49663e-09 1.20508e-09
