0.369576 0.0163566 0.010864 0.00775368 0.00582981 0.00454893 0.00364495 0.00297764 0.00246779 0.0020678 0.00174747 0.00148673 0.00127174 0.00109259 0.000942002 0.000814521 0.000705943 0.000612987 0.00053305 0.000464037 0.000404246 0.000352277 0.000306969 0.00026735 0.000232602 0.000202033 0.000175049 0.000151144 0.000129879 0.000110872 9.75567e-05
0.0163566 0.00181498 0.00111229 0.000729581 0.00050493 0.000364297 0.000271415 0.00020732 0.000161483 0.00012774 0.000102307 8.27645e-05 6.75075e-05 5.54379e-05 4.57833e-05 3.79877e-05 3.16424e-05 2.64414e-05 2.21523e-05 1.85959e-05 1.56328e-05 1.3153e-05 1.10691e-05 9.31132e-06 7.82317e-06 6.55903e-06 5.48175e-06 4.56115e-06 3.77273e-06 3.09698e-06 2.66538e-06
0.010864 0.00111229 0.000655361 0.000416835 0.000282096 0.000200401 0.000147772 0.000112121 8.69645e-05 6.86191e-05 5.48816e-05 4.43723e-05 3.61913e-05 2.97313e-05 2.45694e-05 2.04035e-05 1.7013e-05 1.42336e-05 1.19406e-05 1.00386e-05 8.45295e-06 7.12527e-06 6.00905e-06 5.06709e-06 4.26945e-06 3.59186e-06 3.01464e-06 2.52184e-06 2.10069e-06 1.781e-06 1.53388e-06
0.00775368 0.000729581 0.000416835 0.000258773 0.000172122 0.000120885 8.85087e-05 6.68801e-05 5.17625e-05 4.0806e-05 3.2633e-05 2.63944e-05 2.15435e-05 1.77146e-05 1.46549e-05 1.21847e-05 1.01732e-05 8.52305e-06 7.1608e-06 6.02997e-06 5.08666e-06 4.29631e-06 3.6315e-06 3.07027e-06 2.59492e-06 2.19113e-06 1.84729e-06 1.55405e-06 1.31958e-06 1.11879e-06 9.63965e-07
0.00582981 0.00050493 0.000282096 0.000172122 0.000113144 7.88962e-05 5.75437e-05 4.34078e-05 3.3582e-05 2.64825e-05 2.11939e-05 1.71586e-05 1.402e-05 1.15412e-05 9.55873e-06 7.95684e-06 6.65123e-06 5.5793e-06 4.69367e-06 3.95798e-06 3.34388e-06 2.8291e-06 2.39591e-06 2.03011e-06 1.72024e-06 1.45704e-06 1.23301e-06 1.04827e-06 8.90273e-07 7.54849e-07 6.50487e-07
0.00454893 0.000364297 0.000200401 0.000120885 7.88962e-05 5.48102e-05 3.99199e-05 3.01114e-05 2.33103e-05 1.83999e-05 1.47411e-05 1.19471e-05 9.77187e-06 8.05202e-06 6.67515e-06 5.56152e-06 4.65307e-06 3.90666e-06 3.28957e-06 2.77667e-06 2.34836e-06 1.98919e-06 1.68687e-06 1.43155e-06 1.21526e-06 1.03157e-06 8.77717e-07 7.46354e-07 6.33935e-07 5.37524e-07 4.63187e-07
0.00364495 0.000271415 0.000147772 8.85087e-05 5.75437e-05 3.99199e-05 2.90765e-05 2.19497e-05 1.70101e-05 1.34415e-05 1.07796e-05 8.74439e-06 7.15795e-06 5.90226e-06 4.89604e-06 4.08153e-06 3.41667e-06 2.8701e-06 2.41804e-06 2.04218e-06 1.72824e-06 1.46494e-06 1.24331e-06 1.05612e-06 8.97572e-07 7.63925e-07 6.50065e-07 5.52819e-07 4.69571e-07 3.98163e-07 3.4304e-07
0.00297764 0.00020732 0.000112121 6.68801e-05 4.34078e-05 3.01114e-05 2.19497e-05 1.65878e-05 1.28689e-05 1.01789e-05 8.16965e-06 6.63146e-06 5.43112e-06 4.48018e-06 3.71761e-06 3.1e-06 2.59565e-06 2.18091e-06 1.83782e-06 1.55254e-06 1.31424e-06 1.11439e-06 9.46176e-07 8.04127e-07 6.84227e-07 5.82355e-07 4.95563e-07 4.21429e-07 3.57965e-07 3.03527e-07 2.61444e-07
0.00246779 0.000161483 8.69645e-05 5.17625e-05 3.3582e-05 2.33103e-05 1.70101e-05 1.28689e-05 9.99315e-06 7.91013e-06 6.35221e-06 5.1582e-06 4.22563e-06 3.48634e-06 2.89322e-06 2.41269e-06 2.02021e-06 1.69744e-06 1.43043e-06 1.20842e-06 1.023e-06 8.67514e-07 7.36664e-07 6.26358e-07 5.32923e-07 4.53547e-07 3.85928e-07 3.28179e-07 2.78747e-07 2.3635e-07 2.03525e-07
0.0020678 0.00012774 6.86191e-05 4.0806e-05 2.64825e-05 1.83999e-05 1.34415e-05 1.01789e-05 7.91013e-06 6.26455e-06 5.03237e-06 4.08718e-06 3.34847e-06 2.76261e-06 2.29247e-06 1.91154e-06 1.60039e-06 1.34453e-06 1.1329e-06 9.56959e-07 8.10045e-07 6.86881e-07 5.83329e-07 4.95907e-07 4.21873e-07 3.58994e-07 3.05441e-07 2.59714e-07 2.20581e-07 1.87025e-07 1.61004e-07
0.00174747 0.000102307 5.48816e-05 3.2633e-05 2.11939e-05 1.47411e-05 1.07796e-05 8.16965e-06 6.35221e-06 5.03237e-06 4.04317e-06 3.28384e-06 2.69015e-06 2.21918e-06 1.84121e-06 1.53496e-06 1.28484e-06 1.0792e-06 9.09144e-07 7.67805e-07 6.49814e-07 5.50955e-07 4.67797e-07 3.97613e-07 3.38196e-07 2.87745e-07 2.44789e-07 2.08121e-07 1.76749e-07 1.49855e-07 1.28969e-07
0.00148673 8.27645e-05 4.43723e-05 2.63944e-05 1.71586e-05 1.19471e-05 8.74439e-06 6.63146e-06 5.1582e-06 4.08718e-06 3.28384e-06 2.66689e-06 2.18438e-06 1.80159e-06 1.49438e-06 1.2455e-06 1.04228e-06 8.75233e-07 7.37128e-07 6.22379e-07 5.26629e-07 4.46401e-07 3.78936e-07 3.22016e-07 2.73843e-07 2.32953e-07 1.98149e-07 1.68449e-07 1.43045e-07 1.21274e-07 1.04341e-07
0.00127174 6.75075e-05 3.61913e-05 2.15435e-05 1.402e-05 9.77187e-06 7.15795e-06 5.43112e-06 4.22563e-06 3.34847e-06 2.69015e-06 2.18438e-06 1.78878e-06 1.47493e-06 1.22308e-06 1.01909e-06 8.52564e-07 7.15715e-07 6.02612e-07 5.08672e-07 4.30298e-07 3.64651e-07 3.09466e-07 2.62922e-07 2.23545e-07 1.90132e-07 1.61702e-07 1.37448e-07 1.1671e-07 9.89424e-08 8.51037e-08
0.00109259 5.54379e-05 2.97313e-05 1.77146e-05 1.15412e-05 8.05202e-06 5.90226e-06 4.48018e-06 3.48634e-06 2.76261e-06 2.21918e-06 1.80159e-06 1.47493e-06 1.21579e-06 1.00789e-06 8.39532e-07 7.02131e-07 5.89251e-07 4.95991e-07 4.18551e-07 3.53964e-07 2.99883e-07 2.54438e-07 2.16122e-07 1.83716e-07 1.56228e-07 1.32847e-07 1.12908e-07 9.5864e-08 8.12664e-08 6.98809e-08
0.000942002 4.57833e-05 2.45694e-05 1.46549e-05 9.55873e-06 6.67515e-06 4.89604e-06 3.71761e-06 2.89322e-06 2.29247e-06 1.84121e-06 1.49438e-06 1.22308e-06 1.00789e-06 8.35279e-07 6.95534e-07 5.81518e-07 4.87882e-07 4.10541e-07 3.46342e-07 2.92817e-07 2.48014e-07 2.10378e-07 1.78656e-07 1.51837e-07 1.29096e-07 1.09759e-07 9.32739e-08 7.91868e-08 6.71256e-08 5.7706e-08
0.000814521 3.79877e-05 2.04035e-05 1.21847e-05 7.95684e-06 5.56152e-06 4.08153e-06 3.1e-06 2.41269e-06 1.91154e-06 1.53496e-06 1.2455e-06 1.01909e-06 8.39532e-07 6.95534e-07 5.78986e-07 4.83926e-07 4.0588e-07 3.41437e-07 2.87962e-07 2.43392e-07 2.06099e-07 1.74781e-07 1.48394e-07 1.26093e-07 1.07188e-07 9.11192e-08 7.74242e-08 6.57253e-08 5.57118e-08 4.78817e-08
0.000705943 3.16424e-05 1.7013e-05 1.01732e-05 6.65123e-06 4.65307e-06 3.41667e-06 2.59565e-06 2.02021e-06 1.60039e-06 1.28484e-06 1.04228e-06 8.52564e-07 7.02131e-07 5.81518e-07 4.83926e-07 4.04349e-07 3.39034e-07 2.85122e-07 2.40399e-07 2.03138e-07 1.71969e-07 1.45803e-07 1.23764e-07 1.05143e-07 8.93644e-08 7.59561e-08 6.45325e-08 5.47769e-08 4.64293e-08 3.9894e-08
0.000612987 2.64414e-05 1.42336e-05 8.52305e-06 5.5793e-06 3.90666e-06 2.8701e-06 2.18091e-06 1.69744e-06 1.34453e-06 1.0792e-06 8.75233e-07 7.15715e-07 5.89251e-07 4.87882e-07 4.0588e-07 3.39034e-07 2.84187e-07 2.38929e-07 2.01397e-07 1.70137e-07 1.43997e-07 1.22059e-07 1.03587e-07 8.79853e-08 7.47686e-08 6.35411e-08 5.39784e-08 4.58146e-08 3.8831e-08 3.33573e-08
0.00053305 2.21523e-05 1.19406e-05 7.1608e-06 4.69367e-06 3.28957e-06 2.41804e-06 1.83782e-06 1.43043e-06 1.1329e-06 9.09144e-07 7.37128e-07 6.02612e-07 4.95991e-07 4.10541e-07 3.41437e-07 2.85122e-07 2.38929e-07 2.00823e-07 1.69234e-07 1.4293e-07 1.20941e-07 1.02493e-07 8.69647e-08 7.38528e-08 6.27487e-08 5.33187e-08 4.52894e-08 3.84366e-08 3.25763e-08 2.79779e-08
0.000464037 1.85959e-05 1.00386e-05 6.02997e-06 3.95798e-06 2.77667e-06 2.04218e-06 1.55254e-06 1.20842e-06 9.56959e-07 7.67805e-07 6.22379e-07 5.08672e-07 4.18551e-07 3.46342e-07 2.87962e-07 2.40399e-07 2.01397e-07 1.69234e-07 1.42577e-07 1.20388e-07 1.01844e-07 8.62908e-08 7.32026e-08 6.21545e-08 5.2801e-08 4.48599e-08 3.81003e-08 3.23328e-08 2.74019e-08 2.35288e-08
0.000404246 1.56328e-05 8.45295e-06 5.08666e-06 3.34388e-06 2.34836e-06 1.72824e-06 1.31424e-06 1.023e-06 8.10045e-07 6.49814e-07 5.26629e-07 4.30298e-07 3.53964e-07 2.92817e-07 2.43392e-07 2.03138e-07 1.70137e-07 1.4293e-07 1.20388e-07 1.01629e-07 8.59557e-08 7.28142e-08 6.17585e-08 5.24286e-08 4.45319e-08 3.78296e-08 3.2126e-08 2.72608e-08 2.31026e-08 1.9833e-08
0.000352277 1.3153e-05 7.12527e-06 4.29631e-06 2.8291e-06 1.98919e-06 1.46494e-06 1.11439e-06 8.67514e-07 6.86881e-07 5.50955e-07 4.46401e-07 3.64651e-07 2.99883e-07 2.48014e-07 2.06099e-07 1.71969e-07 1.43997e-07 1.20941e-07 1.01844e-07 8.59557e-08 7.2685e-08 6.15605e-08 5.22041e-08 4.43104e-08 3.76311e-08 3.19634e-08 2.71416e-08 2.30297e-08 1.95161e-08 1.67508e-08
0.000306969 1.10691e-05 6.00905e-06 3.6315e-06 2.39591e-06 1.68687e-06 1.24331e-06 9.46176e-07 7.36664e-07 5.83329e-07 4.67797e-07 3.78936e-07 3.09466e-07 2.54438e-07 2.10378e-07 1.74781e-07 1.45803e-07 1.22059e-07 1.02493e-07 8.62908e-08 7.28142e-08 6.15605e-08 5.21292e-08 4.41988e-08 3.75099e-08 3.18513e-08 2.7051e-08 2.29681e-08 1.94871e-08 1.65134e-08 1.4171e-08
0.00026735 9.31132e-06 5.06709e-06 3.07027e-06 2.03011e-06 1.43155e-06 1.05612e-06 8.04127e-07 6.26358e-07 4.95907e-07 3.97613e-07 3.22016e-07 2.62922e-07 2.16122e-07 1.78656e-07 1.48394e-07 1.23764e-07 1.03587e-07 8.69647e-08 7.32026e-08 6.17585e-08 5.22041e-08 4.41988e-08 3.74691e-08 3.17941e-08 2.69943e-08 2.29236e-08 1.9462e-08 1.65114e-08 1.39913e-08 1.20045e-08
0.000232602 7.82317e-06 4.26945e-06 2.59492e-06 1.72024e-06 1.21526e-06 8.97572e-07 6.84227e-07 5.32923e-07 4.21873e-07 3.38196e-07 2.73843e-07 2.23545e-07 1.83716e-07 1.51837e-07 1.26093e-07 1.05143e-07 8.79853e-08 7.38528e-08 6.21545e-08 5.24286e-08 4.43104e-08 3.75099e-08 3.17941e-08 2.69751e-08 2.29002e-08 1.94449e-08 1.65073e-08 1.40039e-08 1.18661e-08 1.01796e-08
0.000202033 6.55903e-06 3.59186e-06 2.19113e-06 1.45704e-06 1.03157e-06 7.63925e-07 5.82355e-07 4.53547e-07 3.58994e-07 2.87745e-07 2.32953e-07 1.90132e-07 1.56228e-07 1.29096e-07 1.07188e-07 8.93644e-08 7.47686e-08 6.27487e-08 5.2801e-08 4.45319e-08 3.76311e-08 3.18513e-08 2.69943e-08 2.29002e-08 1.94389e-08 1.65044e-08 1.40101e-08 1.18848e-08 1.00703e-08 8.63771e-09
0.000175049 5.48175e-06 3.01464e-06 1.84729e-06 1.23301e-06 8.77717e-07 6.50065e-07 4.95563e-07 3.85928e-07 3.05441e-07 2.44789e-07 1.98149e-07 1.61702e-07 1.32847e-07 1.09759e-07 9.11192e-08 7.59561e-08 6.35411e-08 5.33187e-08 4.48599e-08 3.78296e-08 3.19634e-08 2.7051e-08 2.29236e-08 1.94449e-08 1.65044e-08 1.40119e-08 1.18935e-08 1.00889e-08 8.54836e-09 7.33143e-09
0.000151144 4.56115e-06 2.52184e-06 1.55405e-06 1.04827e-06 7.46354e-07 5.52819e-07 4.21429e-07 3.28179e-07 2.59714e-07 2.08121e-07 1.68449e-07 1.37448e-07 1.12908e-07 9.32739e-08 7.74242e-08 6.45325e-08 5.39784e-08 4.52894e-08 3.81003e-08 3.2126e-08 2.71416e-08 2.29681e-08 1.9462e-08 1.65073e-08 1.40101e-08 1.18935e-08 1.00949e-08 8.56289e-09 7.25527e-09 6.22181e-09
0.000129879 3.77273e-06 2.10069e-06 1.31958e-06 8.90273e-07 6.33935e-07 4.69571e-07 3.57965e-07 2.78747e-07 2.20581e-07 1.76749e-07 1.43045e-07 1.1671e-07 9.5864e-08 7.91868e-08 6.57253e-08 5.47769e-08 4.58146e-08 3.84366e-08 3.23328e-08 2.72608e-08 2.30297e-08 1.94871e-08 1.65114e-08 1.40039e-08 1.18848e-08 1.00889e-08 8.56289e-09 7.26319e-09 6.15397e-09 5.27701e-09
0.000110872 3.09698e-06 1.781e-06 1.11879e-06 7.54849e-07 5.37524e-07 3.98163e-07 3.03527e-07 2.3635e-07 1.87025e-07 1.49855e-07 1.21274e-07 9.89424e-08 8.12664e-08 6.71256e-08 5.57118e-08 4.64293e-08 3.8831e-08 3.25763e-08 2.74019e-08 2.31026e-08 1.95161e-08 1.65134e-08 1.39913e-08 1.18661e-08 1.00703e-08 8.54836e-09 7.25527e-09 6.15397e-09 5.21411e-09 4.47091e-09
9.75567e-05 2.66538e-06 1.53388e-06 9.63965e-07 6.50487e-07 4.63187e-07 3.4304e-07 2.61444e-07 2.03525e-07 1.61004e-07 1.28969e-07 1.04341e-07 8.51037e-08 6.98809e-08 5.7706e-08 4.78817e-08 3.9894e-08 3.33573e-08 2.79779e-08 2.35288e-08 1.9833e-08 1.67508e-08 1.4171e-08 1.20045e-08 1.01796e-08 8.63771e-09 7.33143e-09 6.22181e-09 5.27701e-09 4.47091e-09 3.83294e-09
