0.375435 0.0482703 0.0279419 0.017589 0.011551 0.0077354 0.00522122 0.00353209 0.00238855 0.00161288 0.00108706 0.00073123 0.000490935 0.00032901 0.00022012 0.000147037 9.80756e-05 6.53289e-05 4.34612e-05 2.88792e-05 1.91685e-05 1.27097e-05 8.41878e-06 5.57094e-06 3.68254e-06 2.43113e-06 1.60201e-06 1.05223e-06 6.86608e-07 4.41604e-07 2.90832e-07
0.0482703 0.0099022 0.00544075 0.00310358 0.00180248 0.00105964 0.000629426 0.000377398 0.000228191 0.000138992 8.51985e-05 5.25076e-05 3.25093e-05 2.02066e-05 1.26016e-05 7.88143e-06 4.94147e-06 3.10484e-06 1.95449e-06 1.23237e-06 7.78158e-07 4.91969e-07 3.11361e-07 1.97216e-07 1.24971e-07 7.91698e-08 5.00698e-08 3.15168e-08 1.96161e-08 1.18998e-08 7.58491e-09
0.0279419 0.00544075 0.00272979 0.00146597 0.000819483 0.000470237 0.000274998 0.000163202 9.80006e-05 5.94127e-05 3.63008e-05 2.23221e-05 1.37991e-05 8.56806e-06 5.33974e-06 3.33822e-06 2.09252e-06 1.31467e-06 8.27609e-07 5.2189e-07 3.29594e-07 2.08418e-07 1.31931e-07 8.35762e-08 5.29588e-08 3.35368e-08 2.11858e-08 1.33012e-08 8.23741e-09 5.1849e-09 3.30616e-09
0.017589 0.00310358 0.00146597 0.00075257 0.000407972 0.000229401 0.000132366 7.78489e-05 4.6458e-05 2.8042e-05 1.70795e-05 1.0478e-05 6.466e-06 4.00945e-06 2.49615e-06 1.55924e-06 9.76763e-07 6.13361e-07 3.85964e-07 2.43308e-07 1.53617e-07 9.71159e-08 6.1461e-08 3.89237e-08 2.46541e-08 1.56014e-08 9.84354e-09 6.16855e-09 3.90153e-09 2.45584e-09 1.56596e-09
0.011551 0.00180248 0.000819483 0.000407972 0.000216362 0.000119855 6.84631e-05 3.99875e-05 2.3747e-05 1.42826e-05 8.67551e-06 5.31105e-06 3.27186e-06 2.02596e-06 1.2598e-06 7.86142e-07 4.92029e-07 3.0873e-07 1.94136e-07 1.22305e-07 7.71752e-08 4.87636e-08 3.08443e-08 1.95231e-08 1.23579e-08 7.81413e-09 4.92625e-09 3.12118e-09 1.97402e-09 1.24243e-09 7.91992e-10
0.0077354 0.00105964 0.000470237 0.000229401 0.000119855 6.57088e-05 3.72667e-05 2.16575e-05 1.28145e-05 7.68562e-06 4.65795e-06 2.84625e-06 1.75064e-06 1.08251e-06 6.72306e-07 4.19068e-07 2.62021e-07 1.64257e-07 1.032e-07 6.49643e-08 4.09623e-08 2.58639e-08 1.63483e-08 1.03406e-08 6.54097e-09 4.13359e-09 2.61956e-09 1.65935e-09 1.04923e-09 6.60241e-10 4.20678e-10
0.00522122 0.000629426 0.000274998 0.000132366 6.84631e-05 3.72667e-05 2.10297e-05 1.21768e-05 7.18471e-06 4.29942e-06 2.60077e-06 1.58658e-06 9.74416e-07 6.01723e-07 3.73248e-07 2.32392e-07 1.45149e-07 9.09019e-08 5.70598e-08 3.58877e-08 2.26099e-08 1.42648e-08 9.00985e-09 5.69482e-09 3.60012e-09 2.28005e-09 1.44438e-09 9.14602e-10 5.78123e-10 3.63699e-10 2.31609e-10
0.00353209 0.000377398 0.000163202 7.78489e-05 3.99875e-05 2.16575e-05 1.21768e-05 7.0311e-06 4.13931e-06 2.47231e-06 1.49303e-06 9.09428e-07 5.57758e-07 3.43983e-07 2.13115e-07 1.3254e-07 8.2695e-08 5.17373e-08 3.24453e-08 2.03882e-08 1.28341e-08 8.09064e-09 5.1063e-09 3.22539e-09 2.04032e-09 1.29154e-09 8.17782e-10 5.17607e-10 3.27056e-10 2.05695e-10 1.30915e-10
0.00238855 0.000228191 9.80006e-05 4.6458e-05 2.3747e-05 1.28145e-05 7.18471e-06 4.13931e-06 2.43225e-06 1.45029e-06 8.74486e-07 5.31909e-07 3.25791e-07 2.00673e-07 1.24181e-07 7.71452e-08 4.80826e-08 3.00528e-08 1.8829e-08 1.18215e-08 7.4352e-09 4.68349e-09 2.95381e-09 1.8656e-09 1.17945e-09 7.46186e-10 4.72232e-10 2.98755e-10 1.88696e-10 1.18642e-10 7.54681e-11
0.00161288 0.000138992 5.94127e-05 2.8042e-05 1.42826e-05 7.68562e-06 4.29942e-06 2.47231e-06 1.45029e-06 8.63442e-07 5.19888e-07 3.15799e-07 1.9318e-07 1.18848e-07 7.34627e-08 4.55886e-08 2.83855e-08 1.77246e-08 1.1095e-08 6.95983e-09 4.37389e-09 2.75308e-09 1.73557e-09 1.09546e-09 6.92141e-10 4.3764e-10 2.76821e-10 1.75046e-10 1.10516e-10 6.94669e-11 4.41637e-11
0.00108706 8.51985e-05 3.63008e-05 1.70795e-05 8.67551e-06 4.65795e-06 2.60077e-06 1.49303e-06 8.74486e-07 5.19888e-07 3.12609e-07 1.89647e-07 1.1587e-07 7.12039e-08 4.39651e-08 2.72553e-08 1.69539e-08 1.05767e-08 6.61489e-09 4.14608e-09 2.60359e-09 1.6378e-09 1.03179e-09 6.50831e-10 4.10965e-10 2.59707e-10 1.64188e-10 1.03775e-10 6.54921e-11 4.11551e-11 2.61508e-11
0.00073123 5.25076e-05 2.23221e-05 1.0478e-05 5.31105e-06 2.84625e-06 1.58658e-06 9.09428e-07 5.31909e-07 3.15799e-07 1.89647e-07 1.14912e-07 7.01277e-08 4.30474e-08 2.65523e-08 1.64445e-08 1.02196e-08 6.36993e-09 3.98057e-09 2.49299e-09 1.56444e-09 9.83437e-10 6.1914e-10 3.903e-10 2.46309e-10 1.55569e-10 9.83016e-11 6.21032e-11 3.9178e-11 2.46128e-11 1.56317e-11
0.000490935 3.25093e-05 1.37991e-05 6.466e-06 3.27186e-06 1.75064e-06 9.74416e-07 5.57758e-07 3.25791e-07 1.9318e-07 1.1587e-07 7.01277e-08 4.27502e-08 2.62147e-08 1.61537e-08 9.99503e-09 6.20606e-09 3.86503e-09 2.41335e-09 1.51037e-09 9.47147e-10 5.94996e-10 3.74353e-10 2.35847e-10 1.48754e-10 9.39035e-11 5.93072e-11 3.74515e-11 2.36176e-11 1.48335e-11 9.41628e-12
0.00032901 2.02066e-05 8.56806e-06 4.00945e-06 2.02596e-06 1.08251e-06 6.01723e-07 3.43983e-07 2.00673e-07 1.18848e-07 7.12039e-08 4.30474e-08 2.62147e-08 1.60591e-08 9.88651e-09 6.11183e-09 3.79174e-09 2.35956e-09 1.47225e-09 9.20737e-10 5.76999e-10 3.62238e-10 2.27771e-10 1.43416e-10 9.04069e-11 5.70419e-11 3.60093e-11 2.27297e-11 1.43285e-11 8.99708e-12 5.70875e-12
0.00022012 1.26016e-05 5.33974e-06 2.49615e-06 1.2598e-06 6.72306e-07 3.73248e-07 2.13115e-07 1.24181e-07 7.34627e-08 4.39651e-08 2.65523e-08 1.61537e-08 9.88651e-09 6.08107e-09 3.75615e-09 2.32845e-09 1.44789e-09 9.02766e-10 5.64204e-10 3.53343e-10 2.21692e-10 1.39317e-10 8.76728e-11 5.52385e-11 3.48356e-11 2.1981e-11 1.38691e-11 8.7399e-12 5.48659e-12 3.4798e-12
0.000147037 7.88143e-06 3.33822e-06 1.55924e-06 7.86142e-07 4.19068e-07 2.32392e-07 1.3254e-07 7.71452e-08 4.55886e-08 2.72553e-08 1.64445e-08 9.99503e-09 6.11183e-09 3.75615e-09 2.31826e-09 1.43602e-09 8.9232e-10 5.55987e-10 3.47253e-10 2.1734e-10 1.36283e-10 8.55959e-11 5.38377e-11 3.39038e-11 2.13711e-11 1.34792e-11 8.50144e-12 5.35557e-12 3.36127e-12 2.13095e-12
9.80756e-05 4.94147e-06 2.09252e-06 9.76763e-07 4.92029e-07 2.62021e-07 1.45149e-07 8.2695e-08 4.80826e-08 2.83855e-08 1.69539e-08 1.02196e-08 6.20606e-09 3.79174e-09 2.32845e-09 1.43602e-09 8.88892e-10 5.51968e-10 3.43698e-10 2.14532e-10 1.34194e-10 8.40992e-11 5.27928e-11 3.31887e-11 2.08903e-11 1.31622e-11 8.29822e-12 5.23179e-12 3.29477e-12 2.06741e-12 1.31016e-12
6.53289e-05 3.10484e-06 1.31467e-06 6.13361e-07 3.0873e-07 1.64257e-07 9.09019e-08 5.17373e-08 3.00528e-08 1.77246e-08 1.05767e-08 6.36993e-09 3.86503e-09 2.35956e-09 1.44789e-09 8.9232e-10 5.51968e-10 3.4253e-10 2.13155e-10 1.32971e-10 8.31294e-11 5.20696e-11 3.26699e-11 2.05284e-11 1.29155e-11 8.13409e-12 5.12615e-12 3.23072e-12 2.03395e-12 1.276e-12 8.08318e-13
4.34612e-05 1.95449e-06 8.27609e-07 3.85964e-07 1.94136e-07 1.032e-07 5.70598e-08 3.24453e-08 1.8829e-08 1.1095e-08 6.61489e-09 3.98057e-09 2.41335e-09 1.47225e-09 9.02766e-10 5.55987e-10 3.43698e-10 2.13155e-10 1.32568e-10 8.26526e-11 5.16446e-11 3.23321e-11 2.02763e-11 1.27349e-11 8.00873e-12 5.04176e-12 3.17612e-12 2.00103e-12 1.25941e-12 7.8993e-13 5.00221e-13
2.88792e-05 1.23237e-06 5.2189e-07 2.43308e-07 1.22305e-07 6.49643e-08 3.58877e-08 2.03882e-08 1.18215e-08 6.95983e-09 4.14608e-09 2.49299e-09 1.51037e-09 9.20737e-10 5.64204e-10 3.47253e-10 2.14532e-10 1.32971e-10 8.26526e-11 5.15044e-11 3.21657e-11 2.01276e-11 1.26167e-11 7.92067e-12 4.97907e-12 3.13325e-12 1.97311e-12 1.24269e-12 7.81898e-13 4.9033e-13 3.10391e-13
1.91685e-05 7.78158e-07 3.29594e-07 1.53617e-07 7.71752e-08 4.09623e-08 2.26099e-08 1.28341e-08 7.4352e-09 4.37389e-09 2.60359e-09 1.56444e-09 9.47147e-10 5.76999e-10 3.53343e-10 2.1734e-10 1.34194e-10 8.31294e-11 5.16446e-11 3.21657e-11 2.00785e-11 1.25583e-11 7.86848e-12 4.9377e-12 3.10268e-12 1.95173e-12 1.22863e-12 7.73556e-13 4.86588e-13 3.05083e-13 1.9306e-13
1.27097e-05 4.91969e-07 2.08418e-07 9.71159e-08 4.87636e-08 2.58639e-08 1.42648e-08 8.09064e-09 4.68349e-09 2.75308e-09 1.6378e-09 9.83437e-10 5.94996e-10 3.62238e-10 2.21692e-10 1.36283e-10 8.40992e-11 5.20696e-11 3.23321e-11 2.01276e-11 1.25583e-11 7.8512e-12 4.91716e-12 3.08441e-12 1.93739e-12 1.21826e-12 7.66646e-13 4.82538e-13 3.0345e-13 1.90224e-13 1.20337e-13
8.41878e-06 3.11361e-07 1.31931e-07 6.1461e-08 3.08443e-08 1.63483e-08 9.00985e-09 5.1063e-09 2.95381e-09 1.73557e-09 1.03179e-09 6.1914e-10 3.74353e-10 2.27771e-10 1.39317e-10 8.55959e-11 5.27928e-11 3.26699e-11 2.02763e-11 1.26167e-11 7.86848e-12 4.91716e-12 3.07834e-12 1.93022e-12 1.21197e-12 7.61841e-13 4.79265e-13 3.01566e-13 1.89595e-13 1.18831e-13 7.51498e-14
5.57094e-06 1.97216e-07 8.35762e-08 3.89237e-08 1.95231e-08 1.03406e-08 5.69482e-09 3.22539e-09 1.8656e-09 1.09546e-09 6.50831e-10 3.903e-10 2.35847e-10 1.43416e-10 8.76728e-11 5.38377e-11 3.31887e-11 2.05284e-11 1.27349e-11 7.92067e-12 4.9377e-12 3.08441e-12 1.93022e-12 1.20986e-12 7.59395e-13 4.77194e-13 3.00103e-13 1.88779e-13 1.18657e-13 7.43572e-14 4.70099e-14
3.68254e-06 1.24971e-07 5.29588e-08 2.46541e-08 1.23579e-08 6.54097e-09 3.60012e-09 2.04032e-09 1.17945e-09 6.92141e-10 4.10965e-10 2.46309e-10 1.48754e-10 9.04069e-11 5.52385e-11 3.39038e-11 2.08903e-11 1.29155e-11 8.00873e-12 4.97907e-12 3.10268e-12 1.93739e-12 1.21197e-12 7.59395e-13 4.76489e-13 2.99324e-13 1.88185e-13 1.18345e-13 7.43683e-14 4.6596e-14 2.94504e-14
2.43113e-06 7.91698e-08 3.35368e-08 1.56014e-08 7.81413e-09 4.13359e-09 2.28005e-09 1.29154e-09 7.46186e-10 4.3764e-10 2.59707e-10 1.55569e-10 9.39035e-11 5.70419e-11 3.48356e-11 2.13711e-11 1.31622e-11 8.13409e-12 5.04176e-12 3.13325e-12 1.95173e-12 1.21826e-12 7.61841e-13 4.77194e-13 2.99324e-13 1.87974e-13 1.18146e-13 7.42794e-14 4.6667e-14 2.92351e-14 1.84726e-14
1.60201e-06 5.00698e-08 2.11858e-08 9.84354e-09 4.92625e-09 2.61956e-09 1.44438e-09 8.17782e-10 4.72232e-10 2.76821e-10 1.64188e-10 9.83016e-11 5.93072e-11 3.60093e-11 2.1981e-11 1.34792e-11 8.29822e-12 5.12615e-12 3.17612e-12 1.97311e-12 1.22863e-12 7.66646e-13 4.79265e-13 3.00103e-13 1.88185e-13 1.18146e-13 7.42371e-14 4.66622e-14 2.931e-14 1.8359e-14 1.15974e-14
1.05223e-06 3.15168e-08 1.33012e-08 6.16855e-09 3.12118e-09 1.65935e-09 9.14602e-10 5.17607e-10 2.98755e-10 1.75046e-10 1.03775e-10 6.21032e-11 3.74515e-11 2.27297e-11 1.38691e-11 8.50144e-12 5.23179e-12 3.23072e-12 2.00103e-12 1.24269e-12 7.73556e-13 4.82538e-13 3.01566e-13 1.88779e-13 1.18345e-13 7.42794e-14 4.66622e-14 2.93233e-14 1.84154e-14 1.15334e-14 7.28395e-15
6.86608e-07 1.96161e-08 8.23741e-09 3.90153e-09 1.97402e-09 1.04923e-09 5.78123e-10 3.27056e-10 1.88696e-10 1.10516e-10 6.54921e-11 3.9178e-11 2.36176e-11 1.43285e-11 8.7399e-12 5.35557e-12 3.29477e-12 2.03395e-12 1.25941e-12 7.81898e-13 4.86588e-13 3.0345e-13 1.89595e-13 1.18657e-13 7.43683e-14 4.6667e-14 2.931e-14 1.84154e-14 1.15632e-14 7.24112e-15 4.57223e-15
4.41604e-07 1.18998e-08 5.1849e-09 2.45584e-09 1.24243e-09 6.60241e-10 3.63699e-10 2.05695e-10 1.18642e-10 6.94669e-11 4.11551e-11 2.46128e-11 1.48335e-11 8.99708e-12 5.48659e-12 3.36127e-12 2.06741e-12 1.276e-12 7.8993e-13 4.9033e-13 3.05083e-13 1.90224e-13 1.18831e-13 7.43572e-14 4.6596e-14 2.92351e-14 1.8359e-14 1.15334e-14 7.24112e-15 4.53421e-15 2.86262e-15
2.90832e-07 7.58491e-09 3.30616e-09 1.56596e-09 7.91992e-10 4.20678e-10 2.31609e-10 1.30915e-10 7.54681e-11 4.41637e-11 2.61508e-11 1.56317e-11 9.41628e-12 5.70875e-12 3.4798e-12 2.13095e-12 1.31016e-12 8.08318e-13 5.00221e-13 3.10391e-13 1.9306e-13 1.20337e-13 7.51498e-14 4.70099e-14 2.94504e-14 1.84726e-14 1.15974e-14 7.28395e-15 4.57223e-15 2.86262e-15 1.80684e-15
