0.0234384 0.00667068 0.00315371 0.00170457 0.000930074 0.000505127 0.000272682 0.000146371 7.81756e-05 4.15698e-05 2.20195e-05 1.16241e-05 6.11782e-06 3.21117e-06 1.68142e-06 8.78498e-07 4.58081e-07 2.38429e-07 1.23896e-07 6.42824e-08 3.33057e-08 1.72339e-08 8.90682e-09 4.59805e-09 2.37119e-09 1.22154e-09 6.28587e-10 3.22933e-10 1.65285e-10 8.35888e-11 4.2893e-11
0.00667068 0.00155988 0.00069059 0.000301079 0.00013625 6.32553e-05 2.9862e-05 1.42598e-05 6.86545e-06 3.32564e-06 1.61849e-06 7.90564e-07 3.87293e-07 1.90188e-07 9.35805e-08 4.61219e-08 2.27635e-08 1.12484e-08 5.56409e-09 2.75477e-09 1.36496e-09 6.76791e-10 3.3578e-10 1.66683e-10 8.27824e-11 4.11303e-11 2.04414e-11 1.01586e-11 5.04183e-12 2.4871e-12 1.23816e-12
0.00315371 0.00069059 0.000238892 9.70208e-05 4.22659e-05 1.91261e-05 8.8596e-06 4.16849e-06 1.98307e-06 9.51117e-07 4.59014e-07 2.22601e-07 1.08371e-07 5.29262e-08 2.59155e-08 1.27173e-08 6.25219e-09 3.07859e-09 1.51796e-09 7.49344e-10 3.70296e-10 1.83151e-10 9.06607e-11 4.49094e-11 2.22603e-11 1.10398e-11 5.47751e-12 2.71807e-12 1.34755e-12 6.64881e-13 3.30547e-13
0.00170457 0.000301079 9.70208e-05 3.81698e-05 1.62852e-05 7.25661e-06 3.32111e-06 1.5474e-06 7.30179e-07 3.47802e-07 1.66858e-07 8.05012e-08 3.90132e-08 1.89764e-08 9.25828e-09 4.52846e-09 2.21975e-09 1.09007e-09 5.36161e-10 2.64079e-10 1.30226e-10 6.42865e-11 3.17652e-11 1.57089e-11 7.77435e-12 3.85004e-12 1.90764e-12 9.45437e-13 4.68215e-13 2.30825e-13 1.14629e-13
0.000930074 0.00013625 4.22659e-05 1.62852e-05 6.84826e-06 3.01817e-06 1.36925e-06 6.33373e-07 2.97057e-07 1.40758e-07 6.72223e-08 3.23022e-08 1.55991e-08 7.56351e-09 3.67959e-09 1.79512e-09 8.77855e-10 4.30167e-10 2.11162e-10 1.03815e-10 5.11076e-11 2.51899e-11 1.24286e-11 6.13794e-12 3.03379e-12 1.5006e-12 7.42694e-13 3.67698e-13 1.81926e-13 8.96236e-14 4.4467e-14
0.000505127 6.32553e-05 1.91261e-05 7.25661e-06 3.01817e-06 1.3189e-06 5.94231e-07 2.73298e-07 1.27552e-07 6.01833e-08 2.86352e-08 1.37147e-08 6.60353e-09 3.19336e-09 1.54982e-09 7.54442e-10 3.68202e-10 1.80095e-10 8.8256e-11 4.33218e-11 2.12961e-11 1.04822e-11 5.16533e-12 2.54791e-12 1.25795e-12 6.21571e-13 3.07332e-13 1.52017e-13 7.51513e-14 3.6999e-14 1.83424e-14
0.000272682 2.9862e-05 8.8596e-06 3.32111e-06 1.36925e-06 5.94231e-07 2.66222e-07 1.21858e-07 5.664e-08 2.66291e-08 1.26301e-08 6.03212e-09 2.89706e-09 1.39776e-09 6.76958e-10 3.28912e-10 1.60243e-10 7.82517e-11 3.82902e-11 1.87693e-11 9.2147e-12 4.53011e-12 2.22979e-12 1.09873e-12 5.41923e-13 2.67521e-13 1.32158e-13 6.53156e-14 3.22655e-14 1.58761e-14 7.86493e-15
0.000146371 1.42598e-05 4.16849e-06 1.5474e-06 6.33373e-07 2.73298e-07 1.21858e-07 5.5552e-08 2.57301e-08 1.20595e-08 5.70409e-09 2.71756e-09 1.30227e-09 6.27044e-10 3.03126e-10 1.47029e-10 7.15197e-11 3.48749e-11 1.70421e-11 8.34337e-12 4.09137e-12 2.0092e-12 9.87947e-13 4.86342e-13 2.3966e-13 1.18207e-13 5.83483e-14 2.88155e-14 1.42249e-14 6.99563e-15 3.46329e-15
7.81756e-05 6.86545e-06 1.98307e-06 7.30179e-07 2.97057e-07 1.27552e-07 5.664e-08 2.57301e-08 1.18809e-08 5.55337e-09 2.62034e-09 1.24566e-09 5.95744e-10 2.86333e-10 1.3819e-10 6.69257e-11 3.25088e-11 1.58314e-11 7.7268e-12 3.77853e-12 1.85092e-12 9.08046e-13 4.46078e-13 2.194e-13 1.08026e-13 5.32394e-14 2.626e-14 1.29595e-14 6.39345e-15 3.14269e-15 1.55487e-15
4.15698e-05 3.32564e-06 9.51117e-07 3.47802e-07 1.40758e-07 6.01833e-08 2.66291e-08 1.20595e-08 5.55337e-09 2.58949e-09 1.2192e-09 5.78446e-10 2.76151e-10 1.32509e-10 6.38553e-11 3.08823e-11 1.49816e-11 7.28711e-12 3.55264e-12 1.73548e-12 8.49295e-13 4.16273e-13 2.04317e-13 1.00409e-13 4.94001e-14 2.43286e-14 1.19916e-14 5.91407e-15 2.91593e-15 1.43267e-15 7.08415e-16
2.20195e-05 1.61849e-06 4.59014e-07 1.66858e-07 6.72223e-08 2.86352e-08 1.26301e-08 5.70409e-09 2.62034e-09 1.2192e-09 5.72905e-10 2.71331e-10 1.29323e-10 6.19626e-11 2.98182e-11 1.44026e-11 6.97871e-12 3.39072e-12 1.65135e-12 8.05914e-13 3.94033e-13 1.92966e-13 9.46358e-14 4.64722e-14 2.28472e-14 1.12441e-14 5.53864e-15 2.72991e-15 1.34523e-15 6.60665e-16 3.26502e-16
1.16241e-05 7.90564e-07 2.22601e-07 8.05012e-08 3.23022e-08 1.37147e-08 6.03212e-09 2.71756e-09 1.24566e-09 5.78446e-10 2.71331e-10 1.28296e-10 6.10584e-11 2.92148e-11 1.40413e-11 6.77416e-12 3.27878e-12 1.59142e-12 7.74313e-13 3.7755e-13 1.84438e-13 9.02508e-14 4.42282e-14 2.17033e-14 1.06628e-14 5.24427e-15 2.58165e-15 1.27173e-15 6.26349e-16 3.07485e-16 1.51882e-16
6.11782e-06 3.87293e-07 1.08371e-07 3.90132e-08 1.55991e-08 6.60353e-09 2.89706e-09 1.30227e-09 5.95744e-10 2.76151e-10 1.29323e-10 6.10584e-11 2.90191e-11 1.38674e-11 6.65716e-12 3.20823e-12 1.55125e-12 7.52213e-13 3.65665e-13 1.78146e-13 8.69577e-14 4.25191e-14 2.08221e-14 1.02108e-14 5.01337e-15 2.46421e-15 1.21239e-15 5.96901e-16 2.93839e-16 1.44195e-16 7.11905e-17
3.21117e-06 1.90188e-07 5.29262e-08 1.89764e-08 7.56351e-09 3.19336e-09 1.39776e-09 6.27044e-10 2.86333e-10 1.32509e-10 6.19626e-11 2.92148e-11 1.38674e-11 6.61907e-12 3.1741e-12 1.52812e-12 7.38177e-13 3.5763e-13 1.73706e-13 8.45599e-14 4.12452e-14 2.01532e-14 9.86265e-15 4.83342e-15 2.37172e-15 1.1651e-15 5.72915e-16 2.81921e-16 1.38717e-16 6.80481e-17 3.35804e-17
1.68142e-06 9.35805e-08 2.59155e-08 9.25828e-09 3.67959e-09 1.54982e-09 6.76958e-10 3.03126e-10 1.3819e-10 6.38553e-11 2.98182e-11 1.40413e-11 6.65716e-12 3.1741e-12 1.52056e-12 7.31356e-13 3.52978e-13 1.70868e-13 8.29276e-14 4.03393e-14 1.96622e-14 9.60096e-15 4.6956e-15 2.29981e-15 1.12786e-15 5.53756e-16 2.72158e-16 1.33859e-16 6.5835e-17 3.22843e-17 1.59247e-17
8.78498e-07 4.61219e-08 1.27173e-08 4.52846e-09 1.79512e-09 7.54442e-10 3.28912e-10 1.47029e-10 6.69257e-11 3.08823e-11 1.44026e-11 6.77416e-12 3.20823e-12 1.52812e-12 7.31356e-13 3.51455e-13 1.69484e-13 8.19784e-14 3.97574e-14 1.93261e-14 9.41372e-15 4.59379e-15 2.24538e-15 1.09912e-15 5.3873e-16 2.6437e-16 1.29868e-16 6.38449e-17 3.13871e-17 1.53866e-17 7.58647e-18
4.58081e-07 2.27635e-08 6.25219e-09 2.21975e-09 8.77855e-10 3.68202e-10 1.60243e-10 7.15197e-11 3.25088e-11 1.49816e-11 6.97871e-12 3.27878e-12 1.55125e-12 7.38177e-13 3.52978e-13 1.69484e-13 8.16669e-14 3.94728e-14 1.91299e-14 9.29295e-15 4.52376e-15 2.20623e-15 1.07777e-15 5.27285e-16 2.58315e-16 1.267e-16 6.22107e-17 3.05701e-17 1.50226e-17 7.36211e-18 3.62848e-18
2.38429e-07 1.12484e-08 3.07859e-09 1.09007e-09 4.30167e-10 1.80095e-10 7.82517e-11 3.48749e-11 1.58314e-11 7.28711e-12 3.39072e-12 1.59142e-12 7.52213e-13 3.5763e-13 1.70868e-13 8.19784e-14 3.94728e-14 1.90655e-14 9.23373e-15 4.48276e-15 2.18089e-15 1.06302e-15 5.19017e-16 2.53793e-16 1.24272e-16 6.09254e-17 2.99014e-17 1.46872e-17 7.21475e-18 3.53465e-18 1.74142e-18
1.23896e-07 5.56409e-09 1.51796e-09 5.36161e-10 2.11162e-10 8.8256e-11 3.82902e-11 1.70421e-11 7.7268e-12 3.55264e-12 1.65135e-12 7.74313e-13 3.65665e-13 1.73706e-13 8.29276e-14 3.97574e-14 1.91299e-14 9.23373e-15 4.46926e-15 2.16844e-15 1.05437e-15 5.13649e-16 2.5066e-16 1.2251e-16 5.996e-17 2.93828e-17 1.44146e-17 7.07743e-18 3.47533e-18 1.70214e-18 8.38287e-19
6.42824e-08 2.75477e-09 7.49344e-10 2.64079e-10 1.03815e-10 4.33218e-11 1.87693e-11 8.34337e-12 3.77853e-12 1.73548e-12 8.05914e-13 3.7755e-13 1.78146e-13 8.45599e-14 4.03393e-14 1.93261e-14 9.29295e-15 4.48276e-15 2.16844e-15 1.05151e-15 5.11006e-16 2.48817e-16 1.21363e-16 5.92886e-17 2.90047e-17 1.42074e-17 6.96703e-18 3.41942e-18 1.67849e-18 8.21864e-19 4.04616e-19
3.33057e-08 1.36496e-09 3.70296e-10 1.30226e-10 5.11076e-11 2.12961e-11 9.2147e-12 4.09137e-12 1.85092e-12 8.49295e-13 3.94033e-13 1.84438e-13 8.69577e-14 4.12452e-14 1.96622e-14 9.41372e-15 4.52376e-15 2.18089e-15 1.05437e-15 5.11006e-16 2.48208e-16 1.20798e-16 5.8893e-17 2.87578e-17 1.40627e-17 6.88554e-18 3.37521e-18 1.65594e-18 8.12574e-19 3.97767e-19 1.9576e-19
1.72339e-08 6.76791e-10 1.83151e-10 6.42865e-11 2.51899e-11 1.04822e-11 4.53011e-12 2.0092e-12 9.08046e-13 4.16273e-13 1.92966e-13 9.02508e-14 4.25191e-14 2.01532e-14 9.60096e-15 4.59379e-15 2.20623e-15 1.06302e-15 5.13649e-16 2.48817e-16 1.20798e-16 5.87623e-17 2.86359e-17 1.39771e-17 6.83208e-18 3.34391e-18 1.63853e-18 8.03608e-19 3.94203e-19 1.92919e-19 9.4914e-20
8.90682e-09 3.3578e-10 9.06607e-11 3.17652e-11 1.24286e-11 5.16533e-12 2.22979e-12 9.87947e-13 4.46078e-13 2.04317e-13 9.46358e-14 4.42282e-14 2.08221e-14 9.86265e-15 4.6956e-15 2.24538e-15 1.07777e-15 5.19017e-16 2.5066e-16 1.21363e-16 5.8893e-17 2.86359e-17 1.39488e-17 6.80564e-18 3.32533e-18 1.62694e-18 7.96924e-19 3.90713e-19 1.91601e-19 9.37449e-20 4.61069e-20
4.59805e-09 1.66683e-10 4.49094e-11 1.57089e-11 6.13794e-12 2.54791e-12 1.09873e-12 4.86342e-13 2.194e-13 1.00409e-13 4.64722e-14 2.17033e-14 1.02108e-14 4.83342e-15 2.29981e-15 1.09912e-15 5.27285e-16 2.53793e-16 1.2251e-16 5.92886e-17 2.87578e-17 1.39771e-17 6.80564e-18 3.31917e-18 1.62119e-18 7.92894e-19 3.88248e-19 1.90286e-19 9.3286e-20 4.56314e-20 2.24363e-20
2.37119e-09 8.27824e-11 2.22603e-11 7.77435e-12 3.03379e-12 1.25795e-12 5.41923e-13 2.3966e-13 1.08026e-13 4.94001e-14 2.28472e-14 1.06628e-14 5.01337e-15 2.37172e-15 1.12786e-15 5.3873e-16 2.58315e-16 1.24272e-16 5.996e-17 2.90047e-17 1.40627e-17 6.83208e-18 3.32533e-18 1.62119e-18 7.91552e-19 3.87e-19 1.89436e-19 9.2816e-20 4.54888e-20 2.22461e-20 1.09349e-20
1.22154e-09 4.11303e-11 1.10398e-11 3.85004e-12 1.5006e-12 6.21571e-13 2.67521e-13 1.18207e-13 5.32394e-14 2.43286e-14 1.12441e-14 5.24427e-15 2.46421e-15 1.1651e-15 5.53756e-16 2.6437e-16 1.267e-16 6.09254e-17 2.93828e-17 1.42074e-17 6.88554e-18 3.34391e-18 1.62694e-18 7.92894e-19 3.87e-19 1.89147e-19 9.25573e-20 4.53356e-20 2.22126e-20 1.08606e-20 5.33694e-21
6.28587e-10 2.04414e-11 5.47751e-12 1.90764e-12 7.42694e-13 3.07332e-13 1.32158e-13 5.83483e-14 2.626e-14 1.19916e-14 5.53864e-15 2.58165e-15 1.21239e-15 5.72915e-16 2.72158e-16 1.29868e-16 6.22107e-17 2.99014e-17 1.44146e-17 6.96703e-18 3.37521e-18 1.63853e-18 7.96924e-19 3.88248e-19 1.89436e-19 9.25573e-20 4.52782e-20 2.21713e-20 1.08601e-20 5.30879e-21 2.60806e-21
3.22933e-10 1.01586e-11 2.71807e-12 9.45437e-13 3.67698e-13 1.52017e-13 6.53156e-14 2.88155e-14 1.29595e-14 5.91407e-15 2.72991e-15 1.27173e-15 5.96901e-16 2.81921e-16 1.33859e-16 6.38449e-17 3.05701e-17 1.46872e-17 7.07743e-18 3.41942e-18 1.65594e-18 8.03608e-19 3.90713e-19 1.90286e-19 9.2816e-20 4.53356e-20 2.21713e-20 1.08535e-20 5.31498e-21 2.59763e-21 1.27581e-21
1.65285e-10 5.04183e-12 1.34755e-12 4.68215e-13 1.81926e-13 7.51513e-14 3.22655e-14 1.42249e-14 6.39345e-15 2.91593e-15 1.34523e-15 6.26349e-16 2.93839e-16 1.38717e-16 6.5835e-17 3.13871e-17 1.50226e-17 7.21475e-18 3.47533e-18 1.67849e-18 8.12574e-19 3.94203e-19 1.91601e-19 9.3286e-20 4.54888e-20 2.22126e-20 1.08601e-20 5.31498e-21 2.60213e-21 1.27152e-21 6.24351e-22
8.35888e-11 2.4871e-12 6.64881e-13 2.30825e-13 8.96236e-14 3.6999e-14 1.58761e-14 6.99563e-15 3.14269e-15 1.43267e-15 6.60665e-16 3.07485e-16 1.44195e-16 6.80481e-17 3.22843e-17 1.53866e-17 7.36211e-18 3.53465e-18 1.70214e-18 8.21864e-19 3.97767e-19 1.92919e-19 9.37449e-20 4.56314e-20 2.22461e-20 1.08606e-20 5.30879e-21 2.59763e-21 1.27152e-21 6.21233e-22 3.04985e-22
4.2893e-11 1.23816e-12 3.30547e-13 1.14629e-13 4.4467e-14 1.83424e-14 7.86493e-15 3.46329e-15 1.55487e-15 7.08415e-16 3.26502e-16 1.51882e-16 7.11905e-17 3.35804e-17 1.59247e-17 7.58647e-18 3.62848e-18 1.74142e-18 8.38287e-19 4.04616e-19 1.9576e-19 9.4914e-20 4.61069e-20 2.24363e-20 1.09349e-20 5.33694e-21 2.60806e-21 1.27581e-21 6.24351e-22 3.04985e-22 1.49692e-22
