0.00970529 0.0073945 0.00563391 0.0042925 0.00327048 0.00249179 0.00189851 0.00144648 0.00110208 0.000839681 0.000639757 0.000487434 0.000371378 0.000282955 0.000215585 0.000164255 0.000125147 9.53499e-05 7.26475e-05 5.53505e-05 4.21718e-05 3.21309e-05 2.44807e-05 1.86519e-05 1.4211e-05 1.08274e-05 8.24947e-06 6.28531e-06 4.78881e-06 3.64862e-06 2.7799e-06 2.11802e-06 1.61373e-06 1.22951e-06 9.36767e-07 7.13728e-07 5.43792e-07 4.14318e-07 3.15671e-07 2.40511e-07 1.83247e-07 1.39616e-07 1.06374e-07 8.10472e-08 6.17502e-08 4.70478e-08 3.58459e-08 2.73112e-08 2.08085e-08 1.58541e-08 1.20793e-08 9.2033e-09 7.01204e-09 5.3425e-09 4.07048e-09 3.10132e-09 2.36291e-09 1.80031e-09 1.37167e-09 1.04508e-09 7.9625e-10 6.06667e-10 4.62222e-10 3.52169e-10 2.6832e-10 2.04434e-10 1.55759e-10 1.18674e-10 9.04181e-11 6.88899e-11 5.24876e-11 3.99905e-11 3.0469e-11 2.32145e-11 1.76872e-11 1.3476e-11 1.02674e-11 7.82278e-12 5.96022e-12 4.54112e-12 3.4599e-12 2.63611e-12 2.00847e-12 1.53026e-12 1.16591e-12 8.88315e-13 6.76811e-13 5.15666e-13 3.92888e-13 2.99343e-13 2.28071e-13 1.73768e-13 1.32395e-13 1.00872e-13 7.68552e-14 5.85563e-14 4.46143e-14 3.39919e-14 2.58986e-14 1.97322e-14 1.50341e-14
0.0073945 0.0060899 0.00498735 0.00406459 0.00329851 0.00266681 0.00214893 0.00172648 0.00138337 0.00110578 0.000881951 0.000702021 0.000557775 0.00044242 0.000350376 0.000277082 0.000218828 0.000172606 0.000135989 0.000107024 8.41427e-05 6.60901e-05 5.1864e-05 4.06656e-05 3.18597e-05 2.49417e-05 1.95119e-05 1.52538e-05 1.19173e-05 9.30483e-06 7.26082e-06 5.66267e-06 4.41393e-06 3.43881e-06 2.67781e-06 2.08425e-06 1.62154e-06 1.26101e-06 9.80232e-07 7.61675e-07 5.91624e-07 4.59371e-07 3.56557e-07 2.7666e-07 2.14597e-07 1.66403e-07 1.28994e-07 9.99654e-08 7.74473e-08 5.99851e-08 4.64478e-08 3.59564e-08 2.78277e-08 2.15315e-08 1.6656e-08 1.28815e-08 9.96021e-09 7.69975e-09 5.95106e-09 4.59859e-09 3.55279e-09 2.7443e-09 2.1194e-09 1.6365e-09 1.2634e-09 9.75198e-10 7.52613e-10 5.80737e-10 4.48042e-10 3.45614e-10 2.66562e-10 2.05561e-10 1.58497e-10 1.22191e-10 9.41885e-11 7.25937e-11 5.59426e-11 4.31053e-11 3.32097e-11 2.55827e-11 1.97049e-11 1.51758e-11 1.16864e-11 8.99829e-12 6.92773e-12 5.33305e-12 4.10502e-12 3.15943e-12 2.43141e-12 1.87096e-12 1.43956e-12 1.10752e-12 8.51992e-13 6.55357e-13 5.04059e-13 3.87656e-13 2.98108e-13 2.29226e-13 1.76246e-13 1.35499e-13 1.04165e-13
0.00563391 0.00498735 0.00435072 0.00375084 0.00320241 0.00271198 0.00228077 0.00190666 0.00158559 0.00131252 0.00108202 0.000888739 0.000727567 0.000593838 0.000483363 0.000392456 0.000317913 0.000256981 0.000207318 0.000166946 0.000134207 0.000107716 8.63247e-05 6.90843e-05 5.5214e-05 4.40734e-05 3.51392e-05 2.79848e-05 2.22634e-05 1.7694e-05 1.40489e-05 1.11446e-05 8.83298e-06 6.99504e-06 5.53514e-06 4.3766e-06 3.45803e-06 2.73034e-06 2.15434e-06 1.69876e-06 1.33869e-06 1.05431e-06 8.29863e-07 6.52837e-07 5.133e-07 4.03379e-07 3.16839e-07 2.48745e-07 1.95194e-07 1.53103e-07 1.20036e-07 9.40706e-08 7.36917e-08 5.77045e-08 4.51682e-08 3.53422e-08 2.76436e-08 2.16143e-08 1.68943e-08 1.32005e-08 1.0311e-08 8.05145e-09 6.28509e-09 4.90477e-09 3.82646e-09 2.98436e-09 2.32694e-09 1.81384e-09 1.41351e-09 1.10125e-09 8.57749e-10 6.67926e-10 5.19986e-10 4.04717e-10 3.14928e-10 2.45004e-10 1.90563e-10 1.48187e-10 1.15209e-10 8.95522e-11 6.95948e-11 5.40743e-11 4.20068e-11 3.26262e-11 2.53356e-11 1.96705e-11 1.52694e-11 1.1851e-11 9.19621e-12 7.13494e-12 5.53476e-12 4.29276e-12 3.32893e-12 2.5811e-12 2.00095e-12 1.55097e-12 1.202e-12 9.31414e-13 7.21636e-13 5.59026e-13 4.32997e-13
0.0042925 0.00406459 0.00375084 0.00339439 0.00302501 0.00266251 0.00231942 0.00200305 0.00171697 0.00146224 0.00123824 0.00104328 0.000875062 0.000730994 0.000608404 0.000504678 0.000417355 0.000344168 0.000283077 0.000232268 0.00019015 0.000155344 0.000126661 0.000103084 8.37502e-05 6.79319e-05 5.50166e-05 4.44918e-05 3.59309e-05 2.89791e-05 2.33433e-05 1.87812e-05 1.50936e-05 1.21169e-05 9.7172e-06 7.78505e-06 6.23118e-06 4.98291e-06 3.98123e-06 3.17824e-06 2.53515e-06 2.02062e-06 1.60931e-06 1.28079e-06 1.01863e-06 8.09582e-07 6.43017e-07 5.10399e-07 4.04886e-07 3.20996e-07 2.54341e-07 2.01416e-07 1.59418e-07 1.26111e-07 9.9712e-08 7.88005e-08 6.22447e-08 4.91444e-08 3.87836e-08 3.05936e-08 2.41227e-08 1.90126e-08 1.49789e-08 1.17962e-08 9.28624e-09 7.30756e-09 5.74837e-09 4.52023e-09 3.55323e-09 2.79214e-09 2.19334e-09 1.72239e-09 1.35213e-09 1.06113e-09 8.32501e-10 6.52937e-10 5.11953e-10 4.01296e-10 3.14468e-10 2.46359e-10 1.92949e-10 1.51079e-10 1.18263e-10 9.25521e-11 7.24126e-11 5.66417e-11 4.42949e-11 3.46313e-11 2.70698e-11 2.11544e-11 1.6528e-11 1.29106e-11 1.00827e-11 7.87257e-12 6.14563e-12 4.79654e-12 3.74285e-12 2.92006e-12 2.2777e-12 1.77631e-12 1.38504e-12
0.00327048 0.00329851 0.00320241 0.00302501 0.00279858 0.00254694 0.00228722 0.00203133 0.00178719 0.00155973 0.00135166 0.0011641 0.000997039 0.000849738 0.000720969 0.000609234 0.00051291 0.000430347 0.000359942 0.000300182 0.000249668 0.000207133 0.00017144 0.000141586 0.000116688 9.59808e-05 7.88029e-05 6.45867e-05 5.28478e-05 4.31747e-05 3.52195e-05 2.86894e-05 2.33384e-05 1.89609e-05 1.53855e-05 1.24695e-05 1.00947e-05 8.16325e-06 6.59448e-06 5.32183e-06 4.29064e-06 3.45604e-06 2.78128e-06 2.23632e-06 1.79664e-06 1.44224e-06 1.15684e-06 9.27221e-07 7.42633e-07 5.94371e-07 4.75382e-07 3.79961e-07 3.03497e-07 2.42268e-07 1.93274e-07 1.54097e-07 1.22791e-07 9.77897e-08 7.78366e-08 6.19219e-08 4.92357e-08 3.91288e-08 3.10814e-08 2.46772e-08 1.95835e-08 1.55341e-08 1.23165e-08 9.76114e-09 7.73267e-09 6.1232e-09 4.84676e-09 3.83489e-09 3.03309e-09 2.39803e-09 1.89523e-09 1.49731e-09 1.18251e-09 9.33577e-10 7.36794e-10 5.81296e-10 4.58465e-10 3.61473e-10 2.8491e-10 2.24495e-10 1.76838e-10 1.39256e-10 1.09629e-10 8.62806e-11 6.78859e-11 5.33981e-11 4.19908e-11 3.30117e-11 2.59459e-11 2.03872e-11 1.60153e-11 1.25779e-11 9.87581e-12 7.75237e-12 6.08406e-12 4.77367e-12 3.74466e-12
0.00249179 0.00266681 0.00271198 0.00266251 0.00254694 0.00238797 0.00220322 0.00200605 0.00180635 0.00161114 0.00142523 0.00125169 0.00109225 0.000947678 0.000818003 0.000702771 0.000601197 0.000512293 0.000434964 0.000368077 0.000310511 0.000261194 0.000219118 0.000183356 0.000153067 0.000127496 0.000105973 8.79075e-05 7.27841e-05 6.01545e-05 4.96316e-05 4.0883e-05 3.36244e-05 2.76136e-05 2.26453e-05 1.85457e-05 1.51686e-05 1.2391e-05 1.01099e-05 8.23926e-06 6.70731e-06 5.45438e-06 4.43094e-06 3.59597e-06 2.91554e-06 2.36168e-06 1.91132e-06 1.54551e-06 1.24866e-06 1.00801e-06 8.13096e-07 6.55372e-07 5.27852e-07 4.24839e-07 3.4169e-07 2.74628e-07 2.20582e-07 1.77058e-07 1.42033e-07 1.13867e-07 9.12327e-08 7.30551e-08 5.84663e-08 4.67651e-08 3.73856e-08 2.98717e-08 2.38557e-08 1.90418e-08 1.51919e-08 1.21146e-08 9.65611e-09 7.69303e-09 6.12632e-09 4.87654e-09 3.88006e-09 3.08591e-09 2.45329e-09 1.94959e-09 1.54869e-09 1.22975e-09 9.76132e-10 7.7453e-10 6.14342e-10 4.8711e-10 3.86093e-10 3.0592e-10 2.42314e-10 1.91869e-10 1.51877e-10 1.20182e-10 9.50713e-11 7.51843e-11 5.94393e-11 4.69777e-11 3.71178e-11 2.9319e-11 2.31522e-11 1.82775e-11 1.44252e-11 1.13817e-11 8.97805e-12
0.00189851 0.00214893 0.00228077 0.00231942 0.00228722 0.00220322 0.00208327 0.00194022 0.00178427 0.00162327 0.0014631 0.00130803 0.00116099 0.00102387 0.000897732 0.000783014 0.000679699 0.000587437 0.000505656 0.000433641 0.000370599 0.000315704 0.000268132 0.000227088 0.000191819 0.000161624 0.000135862 0.000113953 9.53761e-05 7.96681e-05 6.64208e-05 5.52761e-05 4.5922e-05 3.8088e-05 3.15407e-05 2.60795e-05 2.15327e-05 1.77539e-05 1.46188e-05 1.20219e-05 9.87411e-06 8.1004e-06 6.6377e-06 5.43311e-06 4.44237e-06 3.62856e-06 2.96087e-06 2.41371e-06 1.96583e-06 1.5996e-06 1.30046e-06 1.05636e-06 8.57366e-07 6.95301e-07 5.6343e-07 4.56224e-07 3.69143e-07 2.9847e-07 2.41158e-07 1.94719e-07 1.57118e-07 1.26696e-07 1.021e-07 8.22284e-08 6.61846e-08 5.324e-08 4.28026e-08 3.43922e-08 2.76192e-08 2.21683e-08 1.77838e-08 1.42593e-08 1.14275e-08 9.15367e-09 7.32876e-09 5.86491e-09 4.69131e-09 3.75086e-09 2.99762e-09 2.39461e-09 1.91209e-09 1.52617e-09 1.21764e-09 9.71097e-10 7.74169e-10 6.16939e-10 4.91456e-10 3.91351e-10 3.11522e-10 2.47889e-10 1.97184e-10 1.56797e-10 1.2464e-10 9.90442e-11 7.86792e-11 6.24814e-11 4.96026e-11 3.93661e-11 3.12325e-11 2.4772e-11 1.9642e-11
0.00144648 0.00172648 0.00190666 0.00200305 0.00203133 0.00200605 0.00194022 0.00184508 0.00173008 0.00160299 0.00147003 0.00133603 0.00120464 0.00107851 0.000959458 0.000848645 0.000746702 0.000653858 0.000570033 0.000494929 0.000428096 0.000368984 0.00031699 0.000271483 0.000231837 0.000197441 0.000167717 0.000142121 0.000120155 0.000101361 8.53299e-05 7.16919e-05 6.012e-05 5.03251e-05 4.20534e-05 3.50833e-05 2.92222e-05 2.43034e-05 2.0183e-05 1.67377e-05 1.38618e-05 1.14651e-05 9.47095e-06 7.81416e-06 6.43967e-06 5.30096e-06 4.35884e-06 3.58037e-06 2.93792e-06 2.40836e-06 1.97236e-06 1.61378e-06 1.31919e-06 1.07744e-06 8.7923e-07 7.1689e-07 5.84052e-07 4.75454e-07 3.86752e-07 3.14364e-07 2.55339e-07 2.0725e-07 1.68101e-07 1.36255e-07 1.1037e-07 8.93445e-08 7.22792e-08 5.84376e-08 4.72184e-08 3.81308e-08 3.07745e-08 2.48235e-08 2.00123e-08 1.61249e-08 1.29859e-08 1.04525e-08 8.40912e-09 6.76186e-09 5.43465e-09 4.36588e-09 3.50566e-09 2.81364e-09 2.25722e-09 1.81004e-09 1.45083e-09 1.16241e-09 9.30943e-10 7.45262e-10 5.96378e-10 4.77049e-10 3.81449e-10 3.04892e-10 2.43608e-10 1.94572e-10 1.5535e-10 1.2399e-10 9.89262e-11 7.89018e-11 6.29095e-11 5.01419e-11 3.99525e-11
0.00110208 0.00138337 0.00158559 0.00171697 0.00178719 0.00180635 0.00178427 0.00173008 0.00165194 0.00155692 0.00145103 0.00133919 0.00122537 0.00111264 0.00100334 0.000899151 0.000801219 0.000710253 0.000626613 0.000550388 0.000481459 0.000419562 0.000364323 0.000315305 0.00027203 0.000234004 0.000200735 0.000171745 0.000146576 0.0001248 0.000106021 8.98757e-05 7.60337e-05 6.41985e-05 5.41046e-05 4.55166e-05 3.82264e-05 3.20512e-05 2.68313e-05 2.24275e-05 1.87192e-05 1.56021e-05 1.29865e-05 1.07952e-05 8.96236e-06 7.43163e-06 6.15507e-06 5.09197e-06 4.20784e-06 3.47349e-06 2.86432e-06 2.3596e-06 1.94192e-06 1.59665e-06 1.31156e-06 1.0764e-06 8.82636e-07 7.23135e-07 5.91967e-07 4.842e-07 3.9574e-07 3.23194e-07 2.63749e-07 2.15081e-07 1.75268e-07 1.42726e-07 1.16147e-07 9.44545e-08 7.67639e-08 6.23471e-08 5.06065e-08 4.10518e-08 3.32813e-08 2.6966e-08 2.18366e-08 1.76731e-08 1.42956e-08 1.15574e-08 9.33876e-09 7.54216e-09 6.08813e-09 4.91198e-09 3.96113e-09 3.19282e-09 2.57233e-09 2.07148e-09 1.6674e-09 1.34155e-09 1.0789e-09 8.67312e-10 6.96925e-10 5.5978e-10 4.49441e-10 3.60708e-10 2.8938e-10 2.32067e-10 1.86035e-10 1.49078e-10 1.19419e-10 9.5626e-11 7.65464e-11
0.000839681 0.00110578 0.00131252 0.00146224 0.00155973 0.00161114 0.00162327 0.00160299 0.00155692 0.00149112 0.001411 0.00132124 0.00122579 0.00112791 0.0010302 0.000934685 0.000842884 0.00075588 0.000674397 0.000598862 0.000529462 0.0004662 0.000408937 0.000357432 0.00031137 0.000270391 0.000234109 0.000202126 0.000174049 0.000149495 0.000128096 0.00010951 9.34165e-05 7.95225e-05 6.75603e-05 5.72882e-05 4.84893e-05 4.09698e-05 3.45582e-05 2.91028e-05 2.44704e-05 2.05445e-05 1.72234e-05 1.4419e-05 1.2055e-05 1.00654e-05 8.39357e-06 6.99088e-06 5.81571e-06 4.83254e-06 4.01112e-06 3.32573e-06 2.75456e-06 2.27917e-06 1.88395e-06 1.55577e-06 1.28356e-06 1.05801e-06 8.71322e-07 7.16955e-07 5.8944e-07 4.84207e-07 3.97442e-07 3.2597e-07 2.67147e-07 2.18776e-07 1.79033e-07 1.46405e-07 1.19641e-07 9.77029e-08 7.97345e-08 6.50283e-08 5.30009e-08 4.31711e-08 3.51429e-08 2.85906e-08 2.32463e-08 1.88902e-08 1.53418e-08 1.2453e-08 1.01027e-08 8.19166e-09 6.63865e-09 5.37733e-09 4.35347e-09 3.52282e-09 2.84929e-09 2.30343e-09 1.86128e-09 1.50332e-09 1.21365e-09 9.79367e-10 7.89965e-10 6.36919e-10 5.13309e-10 4.13517e-10 3.3299e-10 2.68038e-10 2.1567e-10 1.73466e-10 1.39468e-10
0.000639757 0.000881951 0.00108202 0.00123824 0.00135166 0.00142523 0.0014631 0.00147003 0.00145103 0.001411 0.00135456 0.00128591 0.00120878 0.00112636 0.00104134 0.000955912 0.000871842 0.000790479 0.000712823 0.000639578 0.000571195 0.000507921 0.000449834 0.000396885 0.000348928 0.000305742 0.000267057 0.000232572 0.00020197 0.000174924 0.000151115 0.00013023 0.000111972 9.60618e-05 8.2238e-05 7.02613e-05 5.99125e-05 5.0993e-05 4.33239e-05 3.67449e-05 3.11134e-05 2.63031e-05 2.22023e-05 1.8713e-05 1.57495e-05 1.3237e-05 1.11104e-05 9.31335e-06 7.79717e-06 6.51987e-06 5.44537e-06 4.54275e-06 3.78553e-06 3.15112e-06 2.62028e-06 2.17664e-06 1.80631e-06 1.49754e-06 1.24039e-06 1.02644e-06 8.48644e-07 7.0103e-07 5.786e-07 4.77155e-07 3.93177e-07 3.23723e-07 2.66332e-07 2.1895e-07 1.79865e-07 1.4765e-07 1.21119e-07 9.92872e-08 8.13354e-08 6.65853e-08 5.44748e-08 4.45387e-08 3.63922e-08 2.97177e-08 2.42528e-08 1.97813e-08 1.61249e-08 1.31369e-08 1.06967e-08 8.70509e-09 7.0805e-09 5.75608e-09 4.67699e-09 3.79828e-09 3.08314e-09 2.50142e-09 2.02849e-09 1.6442e-09 1.33209e-09 1.07874e-09 8.73185e-10 7.06486e-10 5.71365e-10 4.61889e-10 3.73234e-10 3.0147e-10 2.43406e-10
0.000487434 0.000702021 0.000888739 0.00104328 0.0011641 0.00125169 0.00130803 0.00133603 0.00133919 0.00132124 0.00128591 0.00123681 0.00117725 0.00111023 0.00103836 0.000963877 0.00088865 0.000814195 0.00074171 0.000672109 0.000606055 0.000544002 0.000486225 0.000432853 0.000383899 0.000339282 0.000298855 0.000262418 0.000229738 0.000200561 0.000174619 0.000151644 0.000131371 0.000113543 9.7916e-05 8.42599e-05 7.23602e-05 6.20192e-05 5.30558e-05 4.53057e-05 3.86202e-05 3.28658e-05 2.79236e-05 2.36874e-05 2.00635e-05 1.69692e-05 1.43318e-05 1.20878e-05 1.01817e-05 8.56507e-06 7.19618e-06 6.03876e-06 5.06155e-06 4.23764e-06 3.54391e-06 2.96055e-06 2.47063e-06 2.05968e-06 1.71537e-06 1.42724e-06 1.18638e-06 9.85264e-07 8.17506e-07 6.77716e-07 5.6135e-07 4.64575e-07 3.84171e-07 3.17428e-07 2.62077e-07 2.16212e-07 1.78241e-07 1.46831e-07 1.2087e-07 9.94295e-08 8.17362e-08 6.71463e-08 5.51244e-08 4.52258e-08 3.70813e-08 3.03846e-08 2.48822e-08 2.03641e-08 1.66567e-08 1.36164e-08 1.11247e-08 9.08403e-09 7.41363e-09 6.04717e-09 4.92998e-09 4.01712e-09 3.27163e-09 2.66317e-09 2.1668e-09 1.76211e-09 1.43232e-09 1.16371e-09 9.45038e-10 7.67113e-10 6.22411e-10 5.04783e-10 4.0921e-10
0.000371378 0.000557775 0.000727567 0.000875062 0.000997039 0.00109225 0.00116099 0.00120464 0.00122537 0.00122579 0.00120878 0.00117725 0.00113405 0.00108185 0.00102307 0.000959886 0.000894166 0.0008275 0.000761204 0.000696334 0.000633717 0.00057397 0.000517535 0.000464697 0.000415615 0.000370344 0.000328854 0.00029105 0.000256787 0.000225886 0.000198145 0.000173344 0.000151259 0.000131666 0.000114343 9.90766e-05 8.56646e-05 7.39157e-05 6.36521e-05 5.47094e-05 4.6937e-05 4.01977e-05 3.43675e-05 2.93347e-05 2.49991e-05 2.12717e-05 1.80732e-05 1.53336e-05 1.29911e-05 1.09917e-05 9.28785e-06 7.83815e-06 6.60657e-06 5.56184e-06 4.67687e-06 3.92826e-06 3.29585e-06 2.76228e-06 2.31268e-06 1.93428e-06 1.6162e-06 1.34911e-06 1.1251e-06 9.37426e-07 7.80353e-07 6.49029e-07 5.39342e-07 4.47816e-07 3.71518e-07 3.07973e-07 2.55096e-07 2.11136e-07 1.7462e-07 1.44314e-07 1.19182e-07 9.83567e-08 8.11144e-08 6.68495e-08 5.50567e-08 4.53148e-08 3.72728e-08 3.06388e-08 2.51701e-08 2.0665e-08 1.69562e-08 1.3905e-08 1.13963e-08 9.33497e-09 7.64228e-09 6.25313e-09 5.11377e-09 4.17982e-09 3.41469e-09 2.7882e-09 2.27552e-09 1.8562e-09 1.51342e-09 1.23336e-09 1.00465e-09 8.17983e-10 6.65695e-10
0.000282955 0.00044242 0.000593838 0.000730994 0.000849738 0.000947678 0.00102387 0.00107851 0.00111264 0.00112791 0.00112636 0.00111023 0.00108185 0.0010435 0.000997346 0.0009454 0.000889461 0.00083111 0.000771708 0.000712395 0.000654104 0.000597578 0.000543388 0.000491952 0.000443557 0.000398379 0.000356498 0.000317921 0.000282593 0.000250414 0.000221245 0.000194926 0.000171279 0.000150116 0.000131246 0.000114481 9.96329e-05 8.65242e-05 7.49849e-05 6.48553e-05 5.59868e-05 4.82419e-05 4.14944e-05 3.56294e-05 3.05427e-05 2.61402e-05 2.23377e-05 1.90596e-05 1.62389e-05 1.38162e-05 1.17388e-05 9.96058e-06 8.44083e-06 7.144e-06 6.03905e-06 5.09896e-06 4.30026e-06 3.6226e-06 3.0484e-06 2.56248e-06 2.15179e-06 1.80509e-06 1.51275e-06 1.26654e-06 1.05941e-06 8.85338e-07 7.39204e-07 6.1665e-07 5.13973e-07 4.28034e-07 3.56172e-07 2.96137e-07 2.46028e-07 2.04241e-07 1.69424e-07 1.40438e-07 1.16327e-07 9.62874e-08 7.96446e-08 6.58335e-08 5.43811e-08 4.48915e-08 3.7034e-08 3.05325e-08 2.51568e-08 2.0715e-08 1.70472e-08 1.40206e-08 1.15247e-08 9.46776e-09 7.7736e-09 6.3791e-09 5.23193e-09 4.28879e-09 3.51384e-09 2.87743e-09 2.3551e-09 1.92663e-09 1.57535e-09 1.28749e-09 1.05174e-09
0.000215585 0.000350376 0.000483363 0.000608404 0.000720969 0.000818003 0.000897732 0.000959458 0.00100334 0.0010302 0.00104134 0.00103836 0.00102307 0.000997346 0.000963045 0.000921954 0.000875741 0.000825917 0.000773829 0.000720643 0.000667353 0.000614783 0.0005636 0.000514324 0.000467351 0.000422959 0.000381331 0.000342566 0.000306697 0.000273697 0.000243499 0.000216001 0.000191074 0.000168575 0.000148346 0.000130227 0.000114054 9.9666e-05 8.69054e-05 7.56217e-05 6.56719e-05 5.69216e-05 4.92459e-05 4.25291e-05 3.66649e-05 3.15565e-05 2.7116e-05 2.32639e-05 1.99288e-05 1.70468e-05 1.45608e-05 1.24201e-05 1.05799e-05 9.00063e-06 7.64738e-06 6.48957e-06 5.50045e-06 4.65665e-06 3.9378e-06 3.32623e-06 2.8066e-06 2.36566e-06 1.99194e-06 1.67558e-06 1.40808e-06 1.18216e-06 9.91552e-07 8.3092e-07 6.95689e-07 5.81958e-07 4.86403e-07 4.06198e-07 3.38941e-07 2.82593e-07 2.35428e-07 1.95984e-07 1.63026e-07 1.3551e-07 1.12556e-07 9.34245e-08 7.74906e-08 6.42303e-08 5.32035e-08 4.40407e-08 3.64324e-08 3.01193e-08 2.48846e-08 2.05472e-08 1.69555e-08 1.39834e-08 1.15256e-08 9.49433e-09 7.81666e-09 6.43189e-09 5.28956e-09 4.34779e-09 3.57181e-09 2.93281e-09 2.4069e-09 1.9743e-09 1.61866e-09
0.000164255 0.000277082 0.000392456 0.000504678 0.000609234 0.000702771 0.000783014 0.000848645 0.000899151 0.000934685 0.000955912 0.000963877 0.000959886 0.0009454 0.000921954 0.000891084 0.000854276 0.000812927 0.000768318 0.000721597 0.000673774 0.000625715 0.000578149 0.000531672 0.00048676 0.000443781 0.000403002 0.000364606 0.000328705 0.000295346 0.000264527 0.000236206 0.000210307 0.000186731 0.00016536 0.000146064 0.000128707 0.000113149 9.92492e-05 8.68697e-05 7.58768e-05 6.61429e-05 5.75467e-05 4.99748e-05 4.33213e-05 3.74885e-05 3.23866e-05 2.79336e-05 2.4055e-05 2.06833e-05 1.77579e-05 1.52244e-05 1.30341e-05 1.11438e-05 9.51515e-06 8.11408e-06 6.9107e-06 5.87864e-06 4.9948e-06 4.23896e-06 3.59346e-06 3.04291e-06 2.57397e-06 2.17502e-06 1.83603e-06 1.54834e-06 1.30446e-06 1.09795e-06 9.23272e-07 7.75681e-07 6.51105e-07 5.46061e-07 4.57575e-07 3.83107e-07 3.20497e-07 2.67905e-07 2.23768e-07 1.86759e-07 1.55753e-07 1.29799e-07 1.08092e-07 8.99506e-08 7.4802e-08 6.21619e-08 5.16231e-08 4.28427e-08 3.55327e-08 2.94512e-08 2.43953e-08 2.01949e-08 1.67076e-08 1.38143e-08 1.14154e-08 9.42762e-09 7.78158e-09 6.41936e-09 5.29272e-09 4.36145e-09 3.59214e-09 2.95698e-09 2.43288e-09
0.000125147 0.000218828 0.000317913 0.000417355 0.00051291 0.000601197 0.000679699 0.000746702 0.000801219 0.000842884 0.000871842 0.00088865 0.000894166 0.000889461 0.000875741 0.000854276 0.000826347 0.000793202 0.000756021 0.000715895 0.000673813 0.000630648 0.00058716 0.000543992 0.00050168 0.000460658 0.000421263 0.00038375 0.0003483 0.000315028 0.000283994 0.000255214 0.000228663 0.000204289 0.000182013 0.000161742 0.000143367 0.000126774 0.000111841 9.84479e-05 8.64726e-05 7.5797e-05 6.6307e-05 5.78936e-05 5.04539e-05 4.38912e-05 3.81157e-05 3.30446e-05 2.86014e-05 2.47166e-05 2.13267e-05 1.83743e-05 1.58078e-05 1.35807e-05 1.16514e-05 9.98296e-06 8.54237e-06 7.30048e-06 6.23149e-06 5.31269e-06 4.52408e-06 3.84817e-06 3.26962e-06 2.77504e-06 2.3528e-06 1.99275e-06 1.68609e-06 1.42523e-06 1.20356e-06 1.01541e-06 8.55892e-07 7.2078e-07 6.06462e-07 5.09835e-07 4.28241e-07 3.59407e-07 3.01392e-07 2.52541e-07 2.11443e-07 1.76897e-07 1.47885e-07 1.23539e-07 1.03127e-07 8.60266e-08 7.17116e-08 5.97378e-08 4.97298e-08 4.13712e-08 3.43951e-08 2.85772e-08 2.37284e-08 1.96902e-08 1.63294e-08 1.35341e-08 1.12107e-08 9.28087e-09 7.67886e-09 6.34983e-09 5.24793e-09 4.33491e-09 3.57882e-09
9.53499e-05 0.000172606 0.000256981 0.000344168 0.000430347 0.000512293 0.000587437 0.000653858 0.000710253 0.00075588 0.000790479 0.000814195 0.0008275 0.00083111 0.000825917 0.000812927 0.000793202 0.00076782 0.000737836 0.000704257 0.000668017 0.00062997 0.000590877 0.000551404 0.000512122 0.000473511 0.000435965 0.000399795 0.00036524 0.000332476 0.00030162 0.000272739 0.000245861 0.000220976 0.000198048 0.000177019 0.000157812 0.000140339 0.000124502 0.000110197 9.73203e-05 8.57645e-05 7.54252e-05 6.62005e-05 5.79924e-05 5.07077e-05 4.42584e-05 3.85622e-05 3.35425e-05 2.91286e-05 2.52554e-05 2.18636e-05 1.88991e-05 1.63128e-05 1.40606e-05 1.21027e-05 1.04035e-05 8.93126e-06 7.65766e-06 6.55758e-06 5.60877e-06 4.79162e-06 4.08884e-06 3.48524e-06 2.9675e-06 2.52398e-06 2.14452e-06 1.82025e-06 1.54348e-06 1.30751e-06 1.10657e-06 9.35636e-07 7.90385e-07 6.67087e-07 5.62531e-07 4.73956e-07 3.98993e-07 3.35609e-07 2.82067e-07 2.36879e-07 1.98776e-07 1.66675e-07 1.39654e-07 1.16927e-07 9.78282e-08 8.17911e-08 6.83354e-08 5.70544e-08 4.76037e-08 3.96922e-08 3.30741e-08 2.7542e-08 2.29207e-08 1.90632e-08 1.58452e-08 1.31626e-08 1.09277e-08 9.06705e-09 7.51892e-09 6.23164e-09 5.1619e-09
7.26475e-05 0.000135989 0.000207318 0.000283077 0.000359942 0.000434964 0.000505656 0.000570033 0.000626613 0.000674397 0.000712823 0.00074171 0.000761204 0.000771708 0.000773829 0.000768318 0.000756021 0.000737836 0.000714679 0.000687447 0.000657003 0.000624154 0.00058964 0.000554125 0.000518196 0.000482362 0.000447052 0.000412623 0.000379362 0.000347492 0.00031718 0.000288544 0.000261655 0.000236548 0.000213227 0.000191669 0.000171829 0.000153647 0.00013705 0.000121955 0.000108275 9.5918e-05 8.47906e-05 7.48003e-05 6.58565e-05 5.7871e-05 5.07596e-05 4.44422e-05 3.88434e-05 3.38928e-05 2.95248e-05 2.56789e-05 2.22996e-05 1.9336e-05 1.67419e-05 1.44753e-05 1.24983e-05 1.07769e-05 9.28041e-06 7.98156e-06 6.85597e-06 5.882e-06 5.04043e-06 4.31429e-06 3.6886e-06 3.15019e-06 2.68748e-06 2.29033e-06 1.94987e-06 1.65834e-06 1.40902e-06 1.19604e-06 1.01429e-06 8.59366e-07 7.27449e-07 6.15238e-07 5.19884e-07 4.38936e-07 3.70283e-07 3.12113e-07 2.6287e-07 2.21223e-07 1.8603e-07 1.56317e-07 1.31252e-07 1.10126e-07 9.23337e-08 7.73615e-08 6.47722e-08 5.41947e-08 4.53142e-08 3.78639e-08 3.16181e-08 2.63857e-08 2.20054e-08 1.8341e-08 1.52776e-08 1.27182e-08 1.05813e-08 8.79843e-09 7.31177e-09
5.53505e-05 0.000107024 0.000166946 0.000232268 0.000300182 0.000368077 0.000433641 0.000494929 0.000550388 0.000598862 0.000639578 0.000672109 0.000696334 0.000712395 0.000720643 0.000721597 0.000715895 0.000704257 0.000687447 0.000666247 0.000641427 0.000613732 0.000583859 0.000552454 0.0005201 0.000487315 0.000454552 0.000422195 0.00039057 0.000359937 0.000330507 0.000302437 0.000275842 0.000250796 0.00022734 0.000205485 0.000185219 0.00016651 0.000149311 0.000133561 0.000119191 0.000106126 9.42867e-05 8.35912e-05 7.39578e-05 6.53056e-05 5.75556e-05 5.06316e-05 4.44609e-05 3.89745e-05 3.41076e-05 2.97997e-05 2.59946e-05 2.26405e-05 1.96896e-05 1.70983e-05 1.4827e-05 1.28397e-05 1.11038e-05 9.58999e-06 8.27198e-06 7.12622e-06 6.13169e-06 5.2697e-06 4.52364e-06 3.8788e-06 3.32221e-06 2.84241e-06 2.42933e-06 2.07414e-06 1.76909e-06 1.50741e-06 1.28319e-06 1.09128e-06 9.27217e-07 7.87099e-07 6.67558e-07 5.65677e-07 4.78934e-07 4.05151e-07 3.42452e-07 2.89221e-07 2.4407e-07 2.05807e-07 1.7341e-07 1.46002e-07 1.22835e-07 1.0327e-07 8.67584e-08 7.28359e-08 6.11054e-08 5.12294e-08 4.29209e-08 3.59363e-08 3.0069e-08 2.51436e-08 2.10118e-08 1.75483e-08 1.46467e-08 1.22177e-08 1.01855e-08
4.21718e-05 8.41427e-05 0.000134207 0.00019015 0.000249668 0.000310511 0.000370599 0.000428096 0.000481459 0.000529462 0.000571195 0.000606055 0.000633717 0.000654104 0.000667353 0.000673774 0.000673813 0.000668017 0.000657003 0.000641427 0.000621961 0.000599269 0.000573996 0.00054675 0.000518095 0.000488546 0.000458561 0.000428542 0.000398838 0.00036974 0.000341489 0.000314281 0.000288262 0.000263545 0.000240204 0.000218283 0.000197801 0.000178754 0.000161118 0.000144858 0.000129923 0.000116257 0.000103794 9.24667e-05 8.22025e-05 7.29295e-05 6.45757e-05 5.70702e-05 5.03443e-05 4.43319e-05 3.897e-05 3.4199e-05 2.99633e-05 2.62105e-05 2.28925e-05 1.99645e-05 1.73856e-05 1.51184e-05 1.31286e-05 1.13854e-05 9.86064e-06 8.52914e-06 7.36822e-06 6.35754e-06 5.47896e-06 4.71629e-06 4.05518e-06 3.48285e-06 2.98806e-06 2.56083e-06 2.1924e-06 1.87506e-06 1.60206e-06 1.36747e-06 1.16612e-06 9.93483e-07 8.45626e-07 7.19127e-07 6.11011e-07 5.187e-07 4.39962e-07 3.72865e-07 3.15742e-07 2.67156e-07 2.25868e-07 1.90813e-07 1.61076e-07 1.35871e-07 1.14527e-07 9.64657e-08 8.11951e-08 6.82942e-08 5.74037e-08 4.82173e-08 4.04741e-08 3.39522e-08 2.84629e-08 2.3846e-08 1.99655e-08 1.67063e-08 1.39707e-08
3.21309e-05 6.60901e-05 0.000107716 0.000155344 0.000207133 0.000261194 0.000315704 0.000368984 0.000419562 0.0004662 0.000507921 0.000544002 0.00057397 0.000597578 0.000614783 0.000625715 0.000630648 0.00062997 0.000624154 0.000613732 0.000599269 0.000581346 0.000560542 0.000537415 0.0005125 0.00048629 0.00045924 0.000431756 0.0004042 0.000376882 0.000350069 0.000323982 0.000298798 0.00027466 0.000251672 0.000229909 0.000209417 0.000190219 0.000172318 0.000155699 0.000140333 0.000126181 0.000113195 0.000101318 9.04931e-05 8.06563e-05 7.17439e-05 6.3692e-05 5.6437e-05 4.99169e-05 4.40716e-05 3.88437e-05 3.41787e-05 3.0025e-05 2.63343e-05 2.30618e-05 2.01658e-05 1.76077e-05 1.53522e-05 1.33672e-05 1.16231e-05 1.00933e-05 8.75361e-06 7.5822e-06 6.55952e-06 5.66799e-06 4.89191e-06 4.21728e-06 3.63162e-06 3.12388e-06 2.68426e-06 2.3041e-06 1.97575e-06 1.69249e-06 1.44842e-06 1.23836e-06 1.05776e-06 9.02663e-07 7.69611e-07 6.55587e-07 5.57969e-07 4.74481e-07 4.03146e-07 3.42253e-07 2.90322e-07 2.46075e-07 2.08409e-07 1.76373e-07 1.49148e-07 1.26033e-07 1.06422e-07 8.97983e-08 7.57179e-08 6.38011e-08 5.37231e-08 4.52067e-08 3.80152e-08 3.1947e-08 2.68302e-08 2.25188e-08 1.88884e-08
2.44807e-05 5.1864e-05 8.63247e-05 0.000126661 0.00017144 0.000219118 0.000268132 0.00031699 0.000364323 0.000408937 0.000449834 0.000486225 0.000517535 0.000543388 0.0005636 0.000578149 0.00058716 0.000590877 0.00058964 0.000583859 0.000573996 0.000560542 0.000544002 0.00052488 0.000503665 0.000480825 0.000456797 0.000431982 0.000406743 0.000381401 0.000356238 0.000331496 0.000307375 0.000284042 0.000261628 0.000240233 0.000219931 0.000200768 0.000182771 0.000165948 0.000150289 0.000135774 0.000122371 0.000110039 9.87316e-05 8.83971e-05 7.89809e-05 7.04267e-05 6.26775e-05 5.56762e-05 4.93669e-05 4.36952e-05 3.86088e-05 3.40576e-05 2.99941e-05 2.63738e-05 2.31549e-05 2.02985e-05 1.77685e-05 1.55318e-05 1.35579e-05 1.18188e-05 1.02893e-05 8.94621e-06 7.76867e-06 6.73785e-06 5.83682e-06 5.05036e-06 4.36486e-06 3.76819e-06 3.24951e-06 2.79923e-06 2.40881e-06 2.07071e-06 1.77827e-06 1.52563e-06 1.30761e-06 1.11969e-06 9.57884e-07 8.18712e-07 6.99135e-07 5.96499e-07 5.08491e-07 4.33102e-07 3.68583e-07 3.1342e-07 2.66299e-07 2.26084e-07 1.91794e-07 1.62581e-07 1.37714e-07 1.16565e-07 9.85927e-08 8.3332e-08 7.03841e-08 5.94071e-08 5.01081e-08 4.22365e-08 3.5578e-08 2.99499e-08 2.51961e-08
1.86519e-05 4.06656e-05 6.90843e-05 0.000103084 0.000141586 0.000183356 0.000227088 0.000271483 0.000315305 0.000357432 0.000396885 0.000432853 0.000464697 0.000491952 0.000514324 0.000531672 0.000543992 0.000551404 0.000554125 0.000552454 0.00054675 0.000537415 0.00052488 0.000509584 0.000491968 0.000472463 0.00045148 0.000429406 0.000406597 0.000383376 0.000360033 0.00033682 0.000313958 0.00029163 0.000269989 0.000249158 0.000229233 0.000210284 0.000192358 0.000175484 0.000159672 0.000144921 0.000131213 0.000118525 0.000106821 9.60628e-05 8.62055e-05 7.72013e-05 6.90006e-05 6.15525e-05 5.48059e-05 4.87105e-05 4.3217e-05 3.82775e-05 3.38462e-05 2.98796e-05 2.63364e-05 2.31779e-05 2.03677e-05 1.78722e-05 1.56603e-05 1.37032e-05 1.19745e-05 1.04501e-05 9.108e-06 7.92833e-06 6.89299e-06 5.98566e-06 5.19167e-06 4.49784e-06 3.89236e-06 3.36469e-06 2.90543e-06 2.50621e-06 2.15961e-06 1.85907e-06 1.59876e-06 1.37357e-06 1.17898e-06 1.011e-06 8.66167e-07 7.41413e-07 6.34067e-07 5.41793e-07 4.62554e-07 3.94574e-07 3.36308e-07 2.86415e-07 2.4373e-07 2.07246e-07 1.76087e-07 1.49501e-07 1.26834e-07 1.07526e-07 9.10917e-08 7.71148e-08 6.52372e-08 5.51512e-08 4.65933e-08 3.93372e-08 3.31895e-08
1.4211e-05 3.18597e-05 5.5214e-05 8.37502e-05 0.000116688 0.000153067 0.000191819 0.000231837 0.00027203 0.00031137 0.000348928 0.000383899 0.000415615 0.000443557 0.000467351 0.00048676 0.00050168 0.000512122 0.000518196 0.0005201 0.000518095 0.0005125 0.000503665 0.000491968 0.000477795 0.000461534 0.000443564 0.000424249 0.000403931 0.000382927 0.000361528 0.000339992 0.000318549 0.000297397 0.000276705 0.000256615 0.00023724 0.000218671 0.000200976 0.0001842 0.000168375 0.000153514 0.000139618 0.000126676 0.000114668 0.000103566 9.33368e-05 8.39419e-05 7.53396e-05 6.74859e-05 6.03355e-05 5.3843e-05 4.79626e-05 4.26498e-05 3.78611e-05 3.35545e-05 2.969e-05 2.62294e-05 2.31368e-05 2.03785e-05 1.79231e-05 1.57412e-05 1.38058e-05 1.20921e-05 1.05772e-05 9.24021e-06 8.06208e-06 7.02553e-06 6.1149e-06 5.31607e-06 4.61628e-06 4.00411e-06 3.46929e-06 3.00267e-06 2.59607e-06 2.24221e-06 1.93461e-06 1.66756e-06 1.43597e-06 1.23536e-06 1.06178e-06 9.11746e-07 7.82207e-07 6.70478e-07 5.74208e-07 4.9134e-07 4.20078e-07 3.58855e-07 3.06306e-07 2.61244e-07 2.22636e-07 1.89587e-07 1.61322e-07 1.37169e-07 1.16546e-07 9.89524e-08 8.39549e-08 7.11807e-08 6.03085e-08 5.10624e-08 4.32049e-08
1.08274e-05 2.49417e-05 4.40734e-05 6.79319e-05 9.59808e-05 0.000127496 0.000161624 0.000197441 0.000234004 0.000270391 0.000305742 0.000339282 0.000370344 0.000398379 0.000422959 0.000443781 0.000460658 0.000473511 0.000482362 0.000487315 0.000488546 0.00048629 0.000480825 0.000472463 0.000461534 0.000448379 0.00043334 0.000416753 0.00039894 0.000380206 0.000360833 0.000341081 0.000321185 0.00030135 0.000281757 0.000262562 0.000243894 0.000225859 0.000208543 0.00019201 0.000176305 0.00016146 0.000147491 0.000134401 0.000122183 0.000110822 0.000100296 9.0575e-05 8.16269e-05 7.34149e-05 6.59004e-05 5.90431e-05 5.28022e-05 4.71366e-05 4.20058e-05 3.73703e-05 3.31917e-05 2.94332e-05 2.60596e-05 2.30376e-05 2.03359e-05 1.7925e-05 1.57777e-05 1.38686e-05 1.2174e-05 1.06725e-05 9.34419e-06 8.17093e-06 7.13622e-06 6.22506e-06 5.42387e-06 4.72037e-06 4.10349e-06 3.5633e-06 3.09089e-06 2.67827e-06 2.31832e-06 2.00472e-06 1.73181e-06 1.49459e-06 1.28862e-06 1.11e-06 9.55251e-07 8.21332e-07 7.05558e-07 6.05574e-07 5.19312e-07 4.44962e-07 3.8094e-07 3.25864e-07 2.78527e-07 2.37879e-07 2.03006e-07 1.73113e-07 1.47511e-07 1.25603e-07 1.0687e-07 9.08667e-08 7.72052e-08 6.55522e-08 5.562e-08
8.24947e-06 1.95119e-05 3.51392e-05 5.50166e-05 7.88029e-05 0.000105973 0.000135862 0.000167717 0.000200735 0.000234109 0.000267057 0.000298855 0.000328854 0.000356498 0.000381331 0.000403002 0.000421263 0.000435965 0.000447052 0.000454552 0.000458561 0.00045924 0.000456797 0.00045148 0.000443564 0.00043334 0.000421111 0.00040718 0.000391842 0.000375386 0.000358084 0.000340188 0.000321931 0.000303523 0.000285154 0.000266985 0.000249161 0.000231799 0.000215 0.000198841 0.000183386 0.000168679 0.000154749 0.000141616 0.000129285 0.000117753 0.000107007 9.70292e-05 8.77958e-05 7.92781e-05 7.14442e-05 6.42601e-05 5.76899e-05 5.16971e-05 4.62446e-05 4.12959e-05 3.68149e-05 3.27664e-05 2.91168e-05 2.58335e-05 2.28857e-05 2.02444e-05 1.78822e-05 1.57734e-05 1.38942e-05 1.22225e-05 1.07378e-05 9.42138e-06 8.256e-06 7.22592e-06 6.31677e-06 5.51553e-06 4.81039e-06 4.19069e-06 3.64679e-06 3.17006e-06 2.75273e-06 2.38786e-06 2.06925e-06 1.79136e-06 1.54927e-06 1.33861e-06 1.1555e-06 9.96518e-07 8.58627e-07 7.39156e-07 6.3575e-07 5.46339e-07 4.69105e-07 4.02453e-07 3.44989e-07 2.95492e-07 2.52896e-07 2.16271e-07 1.84809e-07 1.57805e-07 1.34646e-07 1.14803e-07 9.78129e-08 8.32785e-08 7.08544e-08
6.28531e-06 1.52538e-05 2.79848e-05 4.44918e-05 6.45867e-05 8.79075e-05 0.000113953 0.000142121 0.000171745 0.000202126 0.000232572 0.000262418 0.00029105 0.000317921 0.000342566 0.000364606 0.00038375 0.000399795 0.000412623 0.000422195 0.000428542 0.000431756 0.000431982 0.000429406 0.000424249 0.000416753 0.00040718 0.000395795 0.000382868 0.000368664 0.000353438 0.000337434 0.000320878 0.00030398 0.000286929 0.000269896 0.000253031 0.000236464 0.000220304 0.000204643 0.000189557 0.000175102 0.000161323 0.00014825 0.000135901 0.000124284 0.000113399 0.000103236 9.37819e-05 8.50148e-05 7.69109e-05 6.94423e-05 6.25789e-05 5.6289e-05 5.05397e-05 4.52978e-05 4.053e-05 3.62037e-05 3.22866e-05 2.87477e-05 2.55572e-05 2.26866e-05 2.01089e-05 1.77985e-05 1.57314e-05 1.38855e-05 1.22397e-05 1.07749e-05 9.4733e-06 8.31851e-06 7.29556e-06 6.39074e-06 5.59158e-06 4.88674e-06 4.26594e-06 3.71991e-06 3.24026e-06 2.81947e-06 2.45078e-06 2.12813e-06 1.84611e-06 1.5999e-06 1.38518e-06 1.19815e-06 1.03541e-06 8.93962e-07 7.71144e-07 6.64615e-07 5.72306e-07 4.924e-07 4.23296e-07 3.63591e-07 3.12055e-07 2.67611e-07 2.29317e-07 1.96351e-07 1.67998e-07 1.43631e-07 1.22708e-07 1.04758e-07 8.93694e-08
4.78881e-06 1.19173e-05 2.22634e-05 3.59309e-05 5.28478e-05 7.27841e-05 9.53761e-05 0.000120155 0.000146576 0.000174049 0.00020197 0.000229738 0.000256787 0.000282593 0.000306697 0.000328705 0.0003483 0.00036524 0.000379362 0.00039057 0.000398838 0.0004042 0.000406743 0.000406597 0.000403931 0.00039894 0.000391842 0.000382868 0.000372256 0.000360245 0.000347071 0.000332963 0.000318138 0.000302801 0.000287141 0.000271329 0.000255519 0.000239848 0.000224435 0.000209381 0.000194772 0.000180678 0.000167152 0.000154238 0.000141965 0.000130351 0.000119407 0.000109133 9.95237e-05 9.05668e-05 8.22454e-05 7.45384e-05 6.74219e-05 6.08691e-05 5.48519e-05 4.93409e-05 4.4306e-05 3.97173e-05 3.55449e-05 3.17595e-05 2.83326e-05 2.52366e-05 2.24453e-05 1.99335e-05 1.76776e-05 1.56551e-05 1.38451e-05 1.2228e-05 1.07858e-05 9.50149e-06 8.3597e-06 7.34614e-06 6.44776e-06 5.65261e-06 4.94985e-06 4.32958e-06 3.78287e-06 3.30163e-06 2.87856e-06 2.50709e-06 2.18134e-06 1.89601e-06 1.64639e-06 1.42826e-06 1.23785e-06 1.07183e-06 9.27228e-07 8.01415e-07 6.92063e-07 5.97114e-07 5.14753e-07 4.43379e-07 3.81588e-07 3.28142e-07 2.81956e-07 2.42081e-07 2.07684e-07 1.7804e-07 1.52512e-07 1.30548e-07 1.11667e-07
3.64862e-06 9.30483e-06 1.7694e-05 2.89791e-05 4.31747e-05 6.01545e-05 7.96681e-05 0.000101361 0.0001248 0.000149495 0.000174924 0.000200561 0.000225886 0.000250414 0.000273697 0.000295346 0.000315028 0.000332476 0.000347492 0.000359937 0.00036974 0.000376882 0.000381401 0.000383376 0.000382927 0.000380206 0.000375386 0.000368664 0.000360245 0.00035034 0.000339165 0.00032693 0.00031384 0.000300091 0.000285865 0.000271335 0.000256654 0.000241964 0.000227389 0.000213038 0.000199005 0.000185368 0.000172193 0.000159531 0.000147423 0.000135897 0.000124973 0.000114661 0.000104964 9.58787e-05 8.73949e-05 7.94986e-05 7.21721e-05 6.53942e-05 5.91415e-05 5.33889e-05 4.81101e-05 4.32783e-05 3.8866e-05 3.48461e-05 3.1192e-05 2.78774e-05 2.4877e-05 2.21664e-05 1.97225e-05 1.75231e-05 1.55473e-05 1.37756e-05 1.21896e-05 1.07722e-05 9.50749e-06 8.38084e-06 7.3787e-06 6.48865e-06 5.69929e-06 5.00023e-06 4.38199e-06 3.83597e-06 3.35436e-06 2.93012e-06 2.55687e-06 2.2289e-06 1.94105e-06 1.68872e-06 1.46777e-06 1.27452e-06 1.10569e-06 9.5834e-07 8.29883e-07 7.1801e-07 6.20678e-07 5.36083e-07 4.62628e-07 3.98908e-07 3.43685e-07 2.9587e-07 2.54507e-07 2.18757e-07 1.87885e-07 1.61248e-07 1.38286e-07
2.7799e-06 7.26082e-06 1.40489e-05 2.33433e-05 3.52195e-05 4.96316e-05 6.64208e-05 8.53299e-05 0.000106021 0.000128096 0.000151115 0.000174619 0.000198145 0.000221245 0.000243499 0.000264527 0.000283994 0.00030162 0.00031718 0.000330507 0.000341489 0.000350069 0.000356238 0.000360033 0.000361528 0.000360833 0.000358084 0.000353438 0.000347071 0.000339165 0.000329911 0.000319501 0.000308123 0.000295963 0.000283195 0.000269985 0.000256488 0.000242844 0.000229182 0.000215614 0.000202241 0.000189149 0.000176412 0.000164089 0.00015223 0.000140873 0.000130046 0.000119769 0.000110052 0.000100899 9.23096e-05 8.42751e-05 7.67842e-05 6.98215e-05 6.33687e-05 5.74053e-05 5.1909e-05 4.68561e-05 4.22225e-05 3.79834e-05 3.41141e-05 3.05902e-05 2.73877e-05 2.44833e-05 2.18545e-05 1.94797e-05 1.73385e-05 1.54112e-05 1.36797e-05 1.21267e-05 1.07361e-05 9.49287e-06 8.38323e-06 7.39431e-06 6.51429e-06 5.73231e-06 5.03844e-06 4.4236e-06 3.87952e-06 3.39869e-06 2.97431e-06 2.60022e-06 2.27086e-06 1.98124e-06 1.72686e-06 1.50369e-06 1.30812e-06 1.13693e-06 9.87235e-07 8.56479e-07 7.42384e-07 6.42929e-07 5.56321e-07 4.80975e-07 4.15489e-07 3.58627e-07 3.09298e-07 2.66544e-07 2.29522e-07 1.9749e-07 1.69801e-07
2.11802e-06 5.66267e-06 1.11446e-05 1.87812e-05 2.86894e-05 4.0883e-05 5.52761e-05 7.16919e-05 8.98757e-05 0.00010951 0.00013023 0.000151644 0.000173344 0.000194926 0.000216001 0.000236206 0.000255214 0.000272739 0.000288544 0.000302437 0.000314281 0.000323982 0.000331496 0.00033682 0.000339992 0.000341081 0.000340188 0.000337434 0.000332963 0.00032693 0.000319501 0.000310846 0.000301137 0.000290545 0.000279235 0.000267365 0.000255085 0.000242534 0.000229842 0.000217123 0.000204482 0.000192011 0.000179789 0.000167884 0.000156353 0.000145241 0.000134585 0.000124411 0.00011474 0.000105583 9.69437e-05 8.88229e-05 8.12148e-05 7.41098e-05 6.74947e-05 6.13538e-05 5.56689e-05 5.04201e-05 4.55864e-05 4.11459e-05 3.70762e-05 3.3355e-05 2.99598e-05 2.68687e-05 2.40603e-05 2.15136e-05 1.92089e-05 1.71269e-05 1.52496e-05 1.35598e-05 1.20413e-05 1.06792e-05 9.45915e-06 8.36815e-06 7.39403e-06 6.52555e-06 5.75239e-06 5.06505e-06 4.45485e-06 3.91387e-06 3.43489e-06 3.01134e-06 2.63728e-06 2.30734e-06 2.01665e-06 1.76086e-06 1.53603e-06 1.33864e-06 1.16552e-06 1.01387e-06 8.81154e-07 7.65133e-07 6.6381e-07 5.75412e-07 4.98365e-07 4.31276e-07 3.72915e-07 3.22192e-07 2.78148e-07 2.39938e-07 2.06818e-07
1.61373e-06 4.41393e-06 8.83298e-06 1.50936e-05 2.33384e-05 3.36244e-05 4.5922e-05 6.012e-05 7.60337e-05 9.34165e-05 0.000111972 0.000131371 0.000151259 0.000171279 0.000191074 0.000210307 0.000228663 0.000245861 0.000261655 0.000275842 0.000288262 0.000298798 0.000307375 0.000313958 0.000318549 0.000321185 0.000321931 0.000320878 0.000318138 0.00031384 0.000308123 0.000301137 0.000293035 0.000283971 0.000274099 0.000263568 0.000252521 0.000241094 0.000229412 0.000217593 0.000205743 0.000193956 0.000182318 0.0001709 0.000159767 0.00014897 0.000138554 0.000128552 0.00011899 0.000109887 0.000101256 9.31008e-05 8.54235e-05 7.82199e-05 7.1482e-05 6.51988e-05 5.93565e-05 5.39391e-05 4.89291e-05 4.43075e-05 4.00548e-05 3.61505e-05 3.25744e-05 2.9306e-05 2.63251e-05 2.36121e-05 2.11476e-05 1.89133e-05 1.68914e-05 1.5065e-05 1.34181e-05 1.19356e-05 1.06033e-05 9.40783e-06 8.33688e-06 7.37894e-06 6.52334e-06 5.76026e-06 5.08067e-06 4.47625e-06 3.93943e-06 3.46326e-06 3.04143e-06 2.66823e-06 2.33843e-06 2.04736e-06 1.79076e-06 1.5648e-06 1.36607e-06 1.19146e-06 1.03822e-06 9.03875e-07 7.86217e-07 6.83279e-07 5.93309e-07 5.14752e-07 4.46225e-07 3.86505e-07 3.34508e-07 2.89277e-07 2.49966e-07
