0.869034 6.38785e-05 6.21275e-05 6.04244e-05 5.8768e-05 5.71571e-05 5.55903e-05 5.40664e-05 5.25843e-05 5.11429e-05 4.97409e-05 4.83774e-05 4.70513e-05 4.57615e-05 4.45071e-05 4.3287e-05 4.21004e-05 4.09464e-05 3.98239e-05 3.87323e-05 3.76705e-05 3.66379e-05 3.56336e-05 3.46568e-05 3.37068e-05 3.27828e-05 3.18841e-05 3.10101e-05 3.016e-05 2.93333e-05 2.85292e-05 2.77471e-05 2.69865e-05 2.62468e-05 2.55273e-05 2.48275e-05 2.41469e-05 2.3485e-05 2.28412e-05 2.22151e-05 2.16061e-05 2.10139e-05 2.04378e-05 1.98776e-05 1.93327e-05 1.88027e-05 1.82873e-05 1.7786e-05 1.72985e-05 1.68243e-05 1.63631e-05 1.59145e-05 1.54783e-05 1.5054e-05 1.46413e-05 1.424e-05 1.38496e-05 1.347e-05 1.31007e-05 1.27416e-05 1.23923e-05 1.20526e-05 1.17222e-05 1.14009e-05 1.10884e-05 1.07844e-05 1.04888e-05 1.02013e-05 9.92164e-06 9.64966e-06 9.38514e-06 9.12787e-06 8.87766e-06 8.6343e-06 8.39761e-06 8.16742e-06 7.94353e-06 7.72578e-06 7.514e-06 7.30802e-06 7.10769e-06 6.91285e-06 6.72336e-06 6.53905e-06 6.3598e-06 6.18547e-06 6.01591e-06 5.851e-06 5.69061e-06 5.53462e-06 5.3829e-06 5.23534e-06 5.09183e-06 4.95225e-06 4.8165e-06 4.68447e-06 4.55606e-06 4.43117e-06 4.3097e-06 4.19156e-06 4.07666e-06
6.38785e-05 7.06534e-06 6.91451e-06 6.76664e-06 6.62168e-06 6.47958e-06 6.3403e-06 6.20378e-06 6.06999e-06 5.93886e-06 5.81037e-06 5.68446e-06 5.56108e-06 5.4402e-06 5.32177e-06 5.20574e-06 5.09207e-06 4.98072e-06 4.87166e-06 4.76482e-06 4.66019e-06 4.55771e-06 4.45735e-06 4.35906e-06 4.26282e-06 4.16857e-06 4.07629e-06 3.98594e-06 3.89747e-06 3.81086e-06 3.72607e-06 3.64307e-06 3.56182e-06 3.48228e-06 3.40443e-06 3.32823e-06 3.25365e-06 3.18065e-06 3.10922e-06 3.03931e-06 2.97089e-06 2.90395e-06 2.83844e-06 2.77434e-06 2.71162e-06 2.65025e-06 2.59022e-06 2.53148e-06 2.47402e-06 2.4178e-06 2.36281e-06 2.30901e-06 2.25639e-06 2.20492e-06 2.15458e-06 2.10534e-06 2.05717e-06 2.01007e-06 1.96401e-06 1.91896e-06 1.8749e-06 1.83182e-06 1.78969e-06 1.74849e-06 1.70821e-06 1.66882e-06 1.63031e-06 1.59265e-06 1.55583e-06 1.51984e-06 1.48465e-06 1.45025e-06 1.41662e-06 1.38374e-06 1.3516e-06 1.32018e-06 1.28947e-06 1.25945e-06 1.23011e-06 1.20143e-06 1.1734e-06 1.146e-06 1.11922e-06 1.09305e-06 1.06747e-06 1.04248e-06 1.01805e-06 9.94177e-07 9.70848e-07 9.48052e-07 9.25776e-07 9.04009e-07 8.8274e-07 8.61957e-07 8.41651e-07 8.2181e-07 8.02424e-07 7.83484e-07 7.64979e-07 7.469e-07 7.29237e-07
6.21275e-05 6.91451e-06 6.77137e-06 6.63092e-06 6.49311e-06 6.3579e-06 6.22525e-06 6.09512e-06 5.96747e-06 5.84226e-06 5.71946e-06 5.59902e-06 5.48091e-06 5.36509e-06 5.25152e-06 5.14017e-06 5.031e-06 4.92397e-06 4.81904e-06 4.71619e-06 4.61537e-06 4.51655e-06 4.4197e-06 4.32478e-06 4.23176e-06 4.14061e-06 4.05129e-06 3.96377e-06 3.87801e-06 3.794e-06 3.71169e-06 3.63105e-06 3.55206e-06 3.47469e-06 3.39889e-06 3.32466e-06 3.25195e-06 3.18074e-06 3.11101e-06 3.04271e-06 2.97584e-06 2.91035e-06 2.84623e-06 2.78344e-06 2.72197e-06 2.66178e-06 2.60286e-06 2.54518e-06 2.48871e-06 2.43343e-06 2.37932e-06 2.32636e-06 2.27452e-06 2.22378e-06 2.17412e-06 2.12552e-06 2.07796e-06 2.03141e-06 1.98586e-06 1.94129e-06 1.89767e-06 1.85499e-06 1.81324e-06 1.77238e-06 1.7324e-06 1.69329e-06 1.65503e-06 1.6176e-06 1.58098e-06 1.54516e-06 1.51012e-06 1.47584e-06 1.44231e-06 1.40951e-06 1.37744e-06 1.34606e-06 1.31538e-06 1.28537e-06 1.25602e-06 1.22731e-06 1.19924e-06 1.17179e-06 1.14495e-06 1.1187e-06 1.09303e-06 1.06794e-06 1.0434e-06 1.0194e-06 9.95942e-07 9.73004e-07 9.50579e-07 9.28654e-07 9.07219e-07 8.86264e-07 8.65778e-07 8.45752e-07 8.26175e-07 8.07038e-07 7.88331e-07 7.70046e-07 7.52173e-07
6.04244e-05 6.76664e-06 6.63092e-06 6.49762e-06 6.36671e-06 6.23815e-06 6.1119e-06 5.98794e-06 5.86624e-06 5.74676e-06 5.62947e-06 5.51434e-06 5.40133e-06 5.29043e-06 5.18159e-06 5.07478e-06 4.96998e-06 4.86715e-06 4.76626e-06 4.66728e-06 4.57019e-06 4.47495e-06 4.38153e-06 4.2899e-06 4.20004e-06 4.11191e-06 4.02549e-06 3.94075e-06 3.85766e-06 3.77619e-06 3.69632e-06 3.61801e-06 3.54125e-06 3.46601e-06 3.39225e-06 3.31996e-06 3.24911e-06 3.17966e-06 3.11161e-06 3.04492e-06 2.97957e-06 2.91554e-06 2.8528e-06 2.79132e-06 2.73109e-06 2.67209e-06 2.61429e-06 2.55766e-06 2.50219e-06 2.44786e-06 2.39464e-06 2.34252e-06 2.29147e-06 2.24147e-06 2.19251e-06 2.14456e-06 2.09761e-06 2.05163e-06 2.00661e-06 1.96253e-06 1.91937e-06 1.87712e-06 1.83575e-06 1.79525e-06 1.7556e-06 1.71678e-06 1.67879e-06 1.6416e-06 1.6052e-06 1.56956e-06 1.53469e-06 1.50056e-06 1.46715e-06 1.43446e-06 1.40246e-06 1.37115e-06 1.34051e-06 1.31053e-06 1.28119e-06 1.25248e-06 1.22439e-06 1.19691e-06 1.17002e-06 1.14371e-06 1.11797e-06 1.09279e-06 1.06815e-06 1.04405e-06 1.02048e-06 9.97415e-07 9.74857e-07 9.5279e-07 9.31207e-07 9.10095e-07 8.89446e-07 8.6925e-07 8.49498e-07 8.30179e-07 8.11286e-07 7.92809e-07 7.74739e-07
5.8768e-05 6.62168e-06 6.49311e-06 6.36671e-06 6.24245e-06 6.1203e-06 6.00024e-06 5.88225e-06 5.7663e-06 5.65236e-06 5.54041e-06 5.43042e-06 5.32237e-06 5.21623e-06 5.11198e-06 5.00959e-06 4.90904e-06 4.8103e-06 4.71334e-06 4.61814e-06 4.52468e-06 4.43293e-06 4.34286e-06 4.25445e-06 4.16768e-06 4.08251e-06 3.99894e-06 3.91692e-06 3.83644e-06 3.75748e-06 3.68001e-06 3.604e-06 3.52943e-06 3.45629e-06 3.38454e-06 3.31417e-06 3.24515e-06 3.17746e-06 3.11107e-06 3.04598e-06 2.98214e-06 2.91955e-06 2.85819e-06 2.79802e-06 2.73903e-06 2.68121e-06 2.62452e-06 2.56896e-06 2.5145e-06 2.46111e-06 2.40879e-06 2.35752e-06 2.30727e-06 2.25802e-06 2.20977e-06 2.16249e-06 2.11615e-06 2.07076e-06 2.02628e-06 1.98271e-06 1.94002e-06 1.89821e-06 1.85724e-06 1.81711e-06 1.77781e-06 1.73931e-06 1.7016e-06 1.66467e-06 1.6285e-06 1.59307e-06 1.55838e-06 1.52441e-06 1.49115e-06 1.45857e-06 1.42668e-06 1.39545e-06 1.36487e-06 1.33493e-06 1.30562e-06 1.27693e-06 1.24884e-06 1.22134e-06 1.19442e-06 1.16807e-06 1.14227e-06 1.11703e-06 1.09232e-06 1.06813e-06 1.04445e-06 1.02129e-06 9.9861e-07 9.76419e-07 9.54702e-07 9.3345e-07 9.12654e-07 8.92303e-07 8.7239e-07 8.52905e-07 8.3384e-07 8.15186e-07 7.96934e-07
5.71571e-05 6.47958e-06 6.3579e-06 6.23815e-06 6.1203e-06 6.00435e-06 5.89026e-06 5.77804e-06 5.66764e-06 5.55907e-06 5.45229e-06 5.34728e-06 5.24403e-06 5.14253e-06 5.04273e-06 4.94464e-06 4.84822e-06 4.75345e-06 4.66032e-06 4.56881e-06 4.47889e-06 4.39054e-06 4.30375e-06 4.21848e-06 4.13473e-06 4.05247e-06 3.97168e-06 3.89233e-06 3.81442e-06 3.73791e-06 3.6628e-06 3.58905e-06 3.51665e-06 3.44557e-06 3.37581e-06 3.30733e-06 3.24012e-06 3.17416e-06 3.10943e-06 3.04591e-06 2.98358e-06 2.92243e-06 2.86243e-06 2.80357e-06 2.74582e-06 2.68917e-06 2.63361e-06 2.5791e-06 2.52565e-06 2.47322e-06 2.42181e-06 2.37138e-06 2.32194e-06 2.27346e-06 2.22592e-06 2.17931e-06 2.13362e-06 2.08882e-06 2.0449e-06 2.00185e-06 1.95964e-06 1.91828e-06 1.87773e-06 1.83799e-06 1.79904e-06 1.76087e-06 1.72347e-06 1.68681e-06 1.65089e-06 1.61569e-06 1.58121e-06 1.54742e-06 1.51431e-06 1.48187e-06 1.45009e-06 1.41896e-06 1.38847e-06 1.35859e-06 1.32933e-06 1.30067e-06 1.27259e-06 1.2451e-06 1.21817e-06 1.19179e-06 1.16596e-06 1.14066e-06 1.11589e-06 1.09163e-06 1.06788e-06 1.04462e-06 1.02184e-06 9.99539e-07 9.77705e-07 9.56328e-07 9.35399e-07 9.1491e-07 8.94851e-07 8.75214e-07 8.55991e-07 8.37174e-07 8.18754e-07
5.55903e-05 6.3403e-06 6.22525e-06 6.1119e-06 6.00024e-06 5.89026e-06 5.78195e-06 5.67529e-06 5.57028e-06 5.46689e-06 5.36511e-06 5.26494e-06 5.16635e-06 5.06933e-06 4.97386e-06 4.87993e-06 4.78753e-06 4.69664e-06 4.60724e-06 4.51931e-06 4.43284e-06 4.34782e-06 4.26422e-06 4.18203e-06 4.10123e-06 4.02181e-06 3.94374e-06 3.86702e-06 3.79162e-06 3.71753e-06 3.64473e-06 3.5732e-06 3.50293e-06 3.4339e-06 3.36609e-06 3.29948e-06 3.23406e-06 3.16982e-06 3.10672e-06 3.04477e-06 2.98394e-06 2.92421e-06 2.86557e-06 2.808e-06 2.75149e-06 2.69602e-06 2.64157e-06 2.58813e-06 2.53569e-06 2.48422e-06 2.43371e-06 2.38415e-06 2.33552e-06 2.28781e-06 2.241e-06 2.19507e-06 2.15002e-06 2.10583e-06 2.06248e-06 2.01996e-06 1.97825e-06 1.93735e-06 1.89724e-06 1.85791e-06 1.81933e-06 1.78151e-06 1.74442e-06 1.70805e-06 1.6724e-06 1.63744e-06 1.60317e-06 1.56958e-06 1.53665e-06 1.50437e-06 1.47272e-06 1.44171e-06 1.41131e-06 1.38152e-06 1.35232e-06 1.32371e-06 1.29566e-06 1.26819e-06 1.24126e-06 1.21487e-06 1.18902e-06 1.16369e-06 1.13888e-06 1.11456e-06 1.09074e-06 1.06741e-06 1.04455e-06 1.02215e-06 1.00022e-06 9.78729e-07 9.57682e-07 9.37068e-07 9.16878e-07 8.97103e-07 8.77737e-07 8.5877e-07 8.40195e-07
5.40664e-05 6.20378e-06 6.09512e-06 5.98794e-06 5.88225e-06 5.77804e-06 5.67529e-06 5.57402e-06 5.4742e-06 5.37583e-06 5.2789e-06 5.1834e-06 5.08932e-06 4.99665e-06 4.90539e-06 4.81551e-06 4.72702e-06 4.63989e-06 4.55411e-06 4.46968e-06 4.38658e-06 4.30479e-06 4.22431e-06 4.14513e-06 4.06722e-06 3.99058e-06 3.91518e-06 3.84103e-06 3.7681e-06 3.69638e-06 3.62585e-06 3.55651e-06 3.48833e-06 3.42131e-06 3.35542e-06 3.29066e-06 3.22701e-06 3.16446e-06 3.10299e-06 3.04258e-06 2.98323e-06 2.92492e-06 2.86763e-06 2.81136e-06 2.75607e-06 2.70178e-06 2.64845e-06 2.59607e-06 2.54464e-06 2.49413e-06 2.44453e-06 2.39584e-06 2.34803e-06 2.30109e-06 2.25502e-06 2.20979e-06 2.16539e-06 2.12181e-06 2.07904e-06 2.03707e-06 1.99588e-06 1.95545e-06 1.91579e-06 1.87687e-06 1.83868e-06 1.80122e-06 1.76446e-06 1.7284e-06 1.69303e-06 1.65833e-06 1.6243e-06 1.59092e-06 1.55818e-06 1.52607e-06 1.49457e-06 1.46369e-06 1.43341e-06 1.40371e-06 1.37459e-06 1.34605e-06 1.31805e-06 1.29061e-06 1.2637e-06 1.23733e-06 1.21147e-06 1.18612e-06 1.16128e-06 1.13692e-06 1.11305e-06 1.08966e-06 1.06673e-06 1.04426e-06 1.02223e-06 1.00065e-06 9.79502e-07 9.58777e-07 9.3847e-07 9.18571e-07 8.99075e-07 8.79972e-07 8.61256e-07
5.25843e-05 6.06999e-06 5.96747e-06 5.86624e-06 5.7663e-06 5.66764e-06 5.57028e-06 5.4742e-06 5.3794e-06 5.28588e-06 5.19364e-06 5.10267e-06 5.01297e-06 4.92452e-06 4.83733e-06 4.75139e-06 4.66669e-06 4.58322e-06 4.50098e-06 4.41995e-06 4.34013e-06 4.2615e-06 4.18407e-06 4.10782e-06 4.03273e-06 3.95881e-06 3.88603e-06 3.81439e-06 3.74388e-06 3.67448e-06 3.60619e-06 3.539e-06 3.47288e-06 3.40784e-06 3.34385e-06 3.28092e-06 3.21901e-06 3.15813e-06 3.09826e-06 3.03939e-06 2.98151e-06 2.9246e-06 2.86866e-06 2.81367e-06 2.75961e-06 2.70648e-06 2.65427e-06 2.60295e-06 2.55253e-06 2.50298e-06 2.45431e-06 2.40648e-06 2.3595e-06 2.31334e-06 2.26801e-06 2.22348e-06 2.17975e-06 2.1368e-06 2.09462e-06 2.0532e-06 2.01253e-06 1.9726e-06 1.93339e-06 1.8949e-06 1.85712e-06 1.82002e-06 1.78362e-06 1.74788e-06 1.7128e-06 1.67838e-06 1.64459e-06 1.61144e-06 1.5789e-06 1.54698e-06 1.51565e-06 1.48492e-06 1.45477e-06 1.42518e-06 1.39616e-06 1.36769e-06 1.33977e-06 1.31237e-06 1.28551e-06 1.25915e-06 1.23331e-06 1.20796e-06 1.1831e-06 1.15872e-06 1.13482e-06 1.11138e-06 1.08839e-06 1.06585e-06 1.04376e-06 1.0221e-06 1.00086e-06 9.80037e-07 9.59626e-07 9.39617e-07 9.20004e-07 9.00779e-07 8.81935e-07
5.11429e-05 5.93886e-06 5.84226e-06 5.74676e-06 5.65236e-06 5.55907e-06 5.46689e-06 5.37583e-06 5.28588e-06 5.19706e-06 5.10935e-06 5.02277e-06 4.9373e-06 4.85295e-06 4.76972e-06 4.6876e-06 4.60658e-06 4.52667e-06 4.44786e-06 4.37015e-06 4.29352e-06 4.21798e-06 4.14352e-06 4.07013e-06 3.99781e-06 3.92654e-06 3.85632e-06 3.78715e-06 3.71901e-06 3.6519e-06 3.5858e-06 3.52071e-06 3.45663e-06 3.39353e-06 3.33142e-06 3.27028e-06 3.2101e-06 3.15087e-06 3.09259e-06 3.03524e-06 2.97881e-06 2.9233e-06 2.86868e-06 2.81497e-06 2.76213e-06 2.71016e-06 2.65906e-06 2.60881e-06 2.5594e-06 2.51082e-06 2.46306e-06 2.4161e-06 2.36995e-06 2.32458e-06 2.28e-06 2.23618e-06 2.19312e-06 2.1508e-06 2.10922e-06 2.06837e-06 2.02823e-06 1.9888e-06 1.95007e-06 1.91202e-06 1.87465e-06 1.83794e-06 1.80189e-06 1.76649e-06 1.73173e-06 1.69759e-06 1.66407e-06 1.63115e-06 1.59884e-06 1.56712e-06 1.53598e-06 1.5054e-06 1.4754e-06 1.44594e-06 1.41703e-06 1.38866e-06 1.36081e-06 1.33348e-06 1.30667e-06 1.28035e-06 1.25453e-06 1.2292e-06 1.20434e-06 1.17995e-06 1.15603e-06 1.13256e-06 1.10953e-06 1.08695e-06 1.06479e-06 1.04306e-06 1.02175e-06 1.00085e-06 9.80345e-07 9.60239e-07 9.40523e-07 9.21188e-07 9.02228e-07
4.97409e-05 5.81037e-06 5.71946e-06 5.62947e-06 5.54041e-06 5.45229e-06 5.36511e-06 5.2789e-06 5.19364e-06 5.10935e-06 5.02604e-06 4.9437e-06 4.86234e-06 4.78196e-06 4.70256e-06 4.62414e-06 4.54671e-06 4.47026e-06 4.39479e-06 4.3203e-06 4.24679e-06 4.17426e-06 4.1027e-06 4.0321e-06 3.96247e-06 3.89381e-06 3.8261e-06 3.75934e-06 3.69352e-06 3.62865e-06 3.5647e-06 3.50169e-06 3.4396e-06 3.37842e-06 3.31815e-06 3.25878e-06 3.2003e-06 3.14271e-06 3.08599e-06 3.03014e-06 2.97516e-06 2.92103e-06 2.86774e-06 2.81529e-06 2.76366e-06 2.71286e-06 2.66286e-06 2.61367e-06 2.56527e-06 2.51765e-06 2.47081e-06 2.42473e-06 2.37941e-06 2.33484e-06 2.29101e-06 2.2479e-06 2.20552e-06 2.16385e-06 2.12288e-06 2.0826e-06 2.04301e-06 2.00409e-06 1.96584e-06 1.92824e-06 1.8913e-06 1.85499e-06 1.81931e-06 1.78426e-06 1.74982e-06 1.71598e-06 1.68273e-06 1.65008e-06 1.618e-06 1.58649e-06 1.55555e-06 1.52515e-06 1.4953e-06 1.46599e-06 1.43721e-06 1.40895e-06 1.38119e-06 1.35395e-06 1.3272e-06 1.30094e-06 1.27516e-06 1.24985e-06 1.22501e-06 1.20063e-06 1.17669e-06 1.15321e-06 1.13016e-06 1.10753e-06 1.08534e-06 1.06355e-06 1.04218e-06 1.0212e-06 1.00063e-06 9.80437e-07 9.6063e-07 9.41198e-07 9.22135e-07
4.83774e-05 5.68446e-06 5.59902e-06 5.51434e-06 5.43042e-06 5.34728e-06 5.26494e-06 5.1834e-06 5.10267e-06 5.02277e-06 4.9437e-06 4.86547e-06 4.78808e-06 4.71155e-06 4.63587e-06 4.56105e-06 4.4871e-06 4.41401e-06 4.34179e-06 4.27044e-06 4.19997e-06 4.13036e-06 4.06163e-06 3.99377e-06 3.92677e-06 3.86065e-06 3.79538e-06 3.73099e-06 3.66745e-06 3.60477e-06 3.54294e-06 3.48197e-06 3.42183e-06 3.36254e-06 3.30409e-06 3.24646e-06 3.18966e-06 3.13368e-06 3.07851e-06 3.02415e-06 2.97059e-06 2.91783e-06 2.86585e-06 2.81466e-06 2.76424e-06 2.71459e-06 2.6657e-06 2.61756e-06 2.57017e-06 2.52352e-06 2.4776e-06 2.4324e-06 2.38791e-06 2.34414e-06 2.30106e-06 2.25868e-06 2.21698e-06 2.17596e-06 2.13561e-06 2.09591e-06 2.05687e-06 2.01848e-06 1.98072e-06 1.94359e-06 1.90708e-06 1.87118e-06 1.83589e-06 1.80119e-06 1.76709e-06 1.73356e-06 1.70061e-06 1.66822e-06 1.63639e-06 1.60511e-06 1.57438e-06 1.54418e-06 1.5145e-06 1.48535e-06 1.4567e-06 1.42856e-06 1.40092e-06 1.37377e-06 1.3471e-06 1.32091e-06 1.29518e-06 1.26991e-06 1.2451e-06 1.22074e-06 1.19682e-06 1.17333e-06 1.15026e-06 1.12762e-06 1.10539e-06 1.08357e-06 1.06214e-06 1.04111e-06 1.02047e-06 1.00021e-06 9.80324e-07 9.60808e-07 9.41654e-07
4.70513e-05 5.56108e-06 5.48091e-06 5.40133e-06 5.32237e-06 5.24403e-06 5.16635e-06 5.08932e-06 5.01297e-06 4.9373e-06 4.86234e-06 4.78808e-06 4.71455e-06 4.64174e-06 4.56967e-06 4.49834e-06 4.42777e-06 4.35795e-06 4.28889e-06 4.2206e-06 4.15308e-06 4.08632e-06 4.02035e-06 3.95515e-06 3.89073e-06 3.82709e-06 3.76422e-06 3.70214e-06 3.64083e-06 3.5803e-06 3.52055e-06 3.46157e-06 3.40337e-06 3.34593e-06 3.28926e-06 3.23336e-06 3.17821e-06 3.12382e-06 3.07018e-06 3.01729e-06 2.96515e-06 2.91374e-06 2.86307e-06 2.81312e-06 2.7639e-06 2.7154e-06 2.6676e-06 2.62052e-06 2.57413e-06 2.52844e-06 2.48344e-06 2.43912e-06 2.39548e-06 2.3525e-06 2.31019e-06 2.26853e-06 2.22752e-06 2.18716e-06 2.14743e-06 2.10833e-06 2.06985e-06 2.03198e-06 1.99472e-06 1.95807e-06 1.92201e-06 1.88653e-06 1.85163e-06 1.81731e-06 1.78355e-06 1.75035e-06 1.7177e-06 1.6856e-06 1.65403e-06 1.62299e-06 1.59248e-06 1.56248e-06 1.53299e-06 1.50401e-06 1.47552e-06 1.44752e-06 1.42e-06 1.39296e-06 1.36638e-06 1.34027e-06 1.31461e-06 1.2894e-06 1.26463e-06 1.2403e-06 1.2164e-06 1.19292e-06 1.16986e-06 1.1472e-06 1.12495e-06 1.1031e-06 1.08164e-06 1.06057e-06 1.03988e-06 1.01956e-06 9.99606e-07 9.80016e-07 9.60784e-07
4.57615e-05 5.4402e-06 5.36509e-06 5.29043e-06 5.21623e-06 5.14253e-06 5.06933e-06 4.99665e-06 4.92452e-06 4.85295e-06 4.78196e-06 4.71155e-06 4.64174e-06 4.57254e-06 4.50397e-06 4.43603e-06 4.36874e-06 4.30209e-06 4.23611e-06 4.17079e-06 4.10614e-06 4.04217e-06 3.97888e-06 3.91628e-06 3.85438e-06 3.79316e-06 3.73264e-06 3.67282e-06 3.6137e-06 3.55528e-06 3.49757e-06 3.44055e-06 3.38424e-06 3.32862e-06 3.27371e-06 3.2195e-06 3.16598e-06 3.11316e-06 3.06104e-06 3.0096e-06 2.95885e-06 2.90879e-06 2.8594e-06 2.8107e-06 2.76266e-06 2.7153e-06 2.6686e-06 2.62256e-06 2.57718e-06 2.53245e-06 2.48837e-06 2.44493e-06 2.40213e-06 2.35995e-06 2.31841e-06 2.27748e-06 2.23717e-06 2.19746e-06 2.15836e-06 2.11986e-06 2.08195e-06 2.04462e-06 2.00788e-06 1.97171e-06 1.9361e-06 1.90105e-06 1.86656e-06 1.83262e-06 1.79922e-06 1.76636e-06 1.73403e-06 1.70221e-06 1.67092e-06 1.64014e-06 1.60986e-06 1.58008e-06 1.55079e-06 1.52199e-06 1.49367e-06 1.46582e-06 1.43843e-06 1.41151e-06 1.38504e-06 1.35902e-06 1.33345e-06 1.30831e-06 1.2836e-06 1.25931e-06 1.23544e-06 1.21199e-06 1.18894e-06 1.16629e-06 1.14403e-06 1.12217e-06 1.10068e-06 1.07958e-06 1.05885e-06 1.03848e-06 1.01847e-06 9.98823e-07 9.79523e-07
4.45071e-05 5.32177e-06 5.25152e-06 5.18159e-06 5.11198e-06 5.04273e-06 4.97386e-06 4.90539e-06 4.83733e-06 4.76972e-06 4.70256e-06 4.63587e-06 4.56967e-06 4.50397e-06 4.43879e-06 4.37414e-06 4.31002e-06 4.24646e-06 4.18347e-06 4.12104e-06 4.05919e-06 3.99793e-06 3.93726e-06 3.8772e-06 3.81774e-06 3.7589e-06 3.70067e-06 3.64307e-06 3.58609e-06 3.52974e-06 3.47401e-06 3.41892e-06 3.36447e-06 3.31065e-06 3.25747e-06 3.20492e-06 3.15301e-06 3.10174e-06 3.05111e-06 3.0011e-06 2.95174e-06 2.903e-06 2.85489e-06 2.80742e-06 2.76056e-06 2.71433e-06 2.66872e-06 2.62373e-06 2.57935e-06 2.53558e-06 2.49241e-06 2.44985e-06 2.40789e-06 2.36652e-06 2.32574e-06 2.28555e-06 2.24594e-06 2.2069e-06 2.16844e-06 2.13054e-06 2.0932e-06 2.05642e-06 2.0202e-06 1.98452e-06 1.94937e-06 1.91477e-06 1.8807e-06 1.84715e-06 1.81412e-06 1.7816e-06 1.74959e-06 1.71809e-06 1.68708e-06 1.65656e-06 1.62653e-06 1.59698e-06 1.56791e-06 1.5393e-06 1.51116e-06 1.48347e-06 1.45623e-06 1.42945e-06 1.4031e-06 1.37719e-06 1.3517e-06 1.32664e-06 1.302e-06 1.27777e-06 1.25395e-06 1.23053e-06 1.20751e-06 1.18487e-06 1.16262e-06 1.14076e-06 1.11926e-06 1.09814e-06 1.07738e-06 1.05698e-06 1.03693e-06 1.01723e-06 9.97872e-07
4.3287e-05 5.20574e-06 5.14017e-06 5.07478e-06 5.00959e-06 4.94464e-06 4.87993e-06 4.81551e-06 4.75139e-06 4.6876e-06 4.62414e-06 4.56105e-06 4.49834e-06 4.43603e-06 4.37414e-06 4.31267e-06 4.25165e-06 4.19108e-06 4.13099e-06 4.07137e-06 4.01225e-06 3.95362e-06 3.89551e-06 3.83792e-06 3.78086e-06 3.72433e-06 3.66835e-06 3.61291e-06 3.55802e-06 3.50369e-06 3.44993e-06 3.39673e-06 3.3441e-06 3.29205e-06 3.24056e-06 3.18966e-06 3.13933e-06 3.08959e-06 3.04042e-06 2.99184e-06 2.94383e-06 2.89641e-06 2.84957e-06 2.80331e-06 2.75763e-06 2.71252e-06 2.66799e-06 2.62404e-06 2.58065e-06 2.53784e-06 2.49559e-06 2.45391e-06 2.41279e-06 2.37222e-06 2.33221e-06 2.29276e-06 2.25385e-06 2.21549e-06 2.17766e-06 2.14038e-06 2.10362e-06 2.0674e-06 2.0317e-06 1.99651e-06 1.96185e-06 1.92769e-06 1.89404e-06 1.8609e-06 1.82825e-06 1.79609e-06 1.76442e-06 1.73323e-06 1.70252e-06 1.67228e-06 1.64251e-06 1.6132e-06 1.58434e-06 1.55594e-06 1.52799e-06 1.50048e-06 1.47341e-06 1.44676e-06 1.42055e-06 1.39475e-06 1.36938e-06 1.34441e-06 1.31985e-06 1.29569e-06 1.27193e-06 1.24856e-06 1.22557e-06 1.20296e-06 1.18073e-06 1.15887e-06 1.13738e-06 1.11625e-06 1.09547e-06 1.07505e-06 1.05497e-06 1.03523e-06 1.01583e-06
4.21004e-05 5.09207e-06 5.031e-06 4.96998e-06 4.90904e-06 4.84822e-06 4.78753e-06 4.72702e-06 4.66669e-06 4.60658e-06 4.54671e-06 4.4871e-06 4.42777e-06 4.36874e-06 4.31002e-06 4.25165e-06 4.19362e-06 4.13596e-06 4.07869e-06 4.02181e-06 3.96533e-06 3.90928e-06 3.85366e-06 3.79848e-06 3.74375e-06 3.68949e-06 3.63569e-06 3.58237e-06 3.52954e-06 3.47719e-06 3.42534e-06 3.374e-06 3.32316e-06 3.27284e-06 3.22303e-06 3.17374e-06 3.12497e-06 3.07673e-06 3.02901e-06 2.98183e-06 2.93517e-06 2.88905e-06 2.84346e-06 2.79841e-06 2.75388e-06 2.7099e-06 2.66644e-06 2.62352e-06 2.58112e-06 2.53926e-06 2.49793e-06 2.45712e-06 2.41684e-06 2.37709e-06 2.33785e-06 2.29913e-06 2.26093e-06 2.22324e-06 2.18607e-06 2.14939e-06 2.11323e-06 2.07756e-06 2.04239e-06 2.00772e-06 1.97354e-06 1.93984e-06 1.90662e-06 1.87389e-06 1.84163e-06 1.80983e-06 1.77851e-06 1.74765e-06 1.71724e-06 1.68729e-06 1.65779e-06 1.62873e-06 1.60011e-06 1.57193e-06 1.54418e-06 1.51686e-06 1.48996e-06 1.46347e-06 1.4374e-06 1.41174e-06 1.38648e-06 1.36162e-06 1.33715e-06 1.31307e-06 1.28938e-06 1.26607e-06 1.24313e-06 1.22056e-06 1.19836e-06 1.17652e-06 1.15504e-06 1.13391e-06 1.11313e-06 1.09269e-06 1.0726e-06 1.05283e-06 1.0334e-06
4.09464e-05 4.98072e-06 4.92397e-06 4.86715e-06 4.8103e-06 4.75345e-06 4.69664e-06 4.63989e-06 4.58322e-06 4.52667e-06 4.47026e-06 4.41401e-06 4.35795e-06 4.30209e-06 4.24646e-06 4.19108e-06 4.13596e-06 4.08113e-06 4.02659e-06 3.97237e-06 3.91848e-06 3.86492e-06 3.81173e-06 3.7589e-06 3.70645e-06 3.65439e-06 3.60274e-06 3.55149e-06 3.50066e-06 3.45026e-06 3.40029e-06 3.35076e-06 3.30168e-06 3.25306e-06 3.20489e-06 3.15719e-06 3.10996e-06 3.06319e-06 3.01691e-06 2.97111e-06 2.92578e-06 2.88095e-06 2.8366e-06 2.79274e-06 2.74936e-06 2.70648e-06 2.66409e-06 2.62219e-06 2.58079e-06 2.53988e-06 2.49945e-06 2.45952e-06 2.42008e-06 2.38113e-06 2.34267e-06 2.30469e-06 2.2672e-06 2.23019e-06 2.19366e-06 2.15761e-06 2.12204e-06 2.08694e-06 2.05231e-06 2.01815e-06 1.98445e-06 1.95122e-06 1.91845e-06 1.88613e-06 1.85427e-06 1.82285e-06 1.79188e-06 1.76136e-06 1.73127e-06 1.70162e-06 1.67239e-06 1.6436e-06 1.61523e-06 1.58727e-06 1.55974e-06 1.53261e-06 1.50589e-06 1.47958e-06 1.45366e-06 1.42814e-06 1.40301e-06 1.37826e-06 1.3539e-06 1.32992e-06 1.3063e-06 1.28306e-06 1.26019e-06 1.23767e-06 1.21551e-06 1.19371e-06 1.17225e-06 1.15113e-06 1.13036e-06 1.10992e-06 1.08981e-06 1.07003e-06 1.05057e-06
3.98239e-05 4.87166e-06 4.81904e-06 4.76626e-06 4.71334e-06 4.66032e-06 4.60724e-06 4.55411e-06 4.50098e-06 4.44786e-06 4.39479e-06 4.34179e-06 4.28889e-06 4.23611e-06 4.18347e-06 4.13099e-06 4.07869e-06 4.02659e-06 3.97472e-06 3.92308e-06 3.87169e-06 3.82057e-06 3.76974e-06 3.7192e-06 3.66898e-06 3.61907e-06 3.56951e-06 3.52028e-06 3.47142e-06 3.42291e-06 3.37479e-06 3.32704e-06 3.27969e-06 3.23273e-06 3.18618e-06 3.14004e-06 3.09432e-06 3.04902e-06 3.00414e-06 2.9597e-06 2.9157e-06 2.87213e-06 2.829e-06 2.78632e-06 2.74409e-06 2.70231e-06 2.66097e-06 2.6201e-06 2.57967e-06 2.5397e-06 2.50019e-06 2.46113e-06 2.42253e-06 2.38438e-06 2.34669e-06 2.30946e-06 2.27268e-06 2.23635e-06 2.20047e-06 2.16505e-06 2.13007e-06 2.09554e-06 2.06146e-06 2.02782e-06 1.99462e-06 1.96186e-06 1.92954e-06 1.89765e-06 1.86619e-06 1.83516e-06 1.80455e-06 1.77437e-06 1.74461e-06 1.71526e-06 1.68633e-06 1.65781e-06 1.62969e-06 1.60198e-06 1.57466e-06 1.54775e-06 1.52122e-06 1.49509e-06 1.46934e-06 1.44397e-06 1.41897e-06 1.39436e-06 1.37011e-06 1.34623e-06 1.32271e-06 1.29955e-06 1.27675e-06 1.25429e-06 1.23219e-06 1.21042e-06 1.189e-06 1.16791e-06 1.14715e-06 1.12672e-06 1.10661e-06 1.08682e-06 1.06735e-06
3.87323e-05 4.76482e-06 4.71619e-06 4.66728e-06 4.61814e-06 4.56881e-06 4.51931e-06 4.46968e-06 4.41995e-06 4.37015e-06 4.3203e-06 4.27044e-06 4.2206e-06 4.17079e-06 4.12104e-06 4.07137e-06 4.02181e-06 3.97237e-06 3.92308e-06 3.87395e-06 3.825e-06 3.77625e-06 3.72772e-06 3.67942e-06 3.63136e-06 3.58356e-06 3.53603e-06 3.48878e-06 3.44184e-06 3.39519e-06 3.34887e-06 3.30287e-06 3.25721e-06 3.21189e-06 3.16693e-06 3.12232e-06 3.07809e-06 3.03422e-06 2.99074e-06 2.94764e-06 2.90493e-06 2.86262e-06 2.8207e-06 2.77919e-06 2.73809e-06 2.69739e-06 2.65711e-06 2.61725e-06 2.5778e-06 2.53877e-06 2.50016e-06 2.46197e-06 2.4242e-06 2.38686e-06 2.34994e-06 2.31345e-06 2.27738e-06 2.24174e-06 2.20652e-06 2.17172e-06 2.13734e-06 2.10339e-06 2.06986e-06 2.03674e-06 2.00405e-06 1.97176e-06 1.9399e-06 1.90844e-06 1.8774e-06 1.84676e-06 1.81653e-06 1.7867e-06 1.75727e-06 1.72824e-06 1.69961e-06 1.67137e-06 1.64352e-06 1.61605e-06 1.58897e-06 1.56227e-06 1.53595e-06 1.51001e-06 1.48443e-06 1.45923e-06 1.43439e-06 1.40991e-06 1.38578e-06 1.36202e-06 1.3386e-06 1.31554e-06 1.29281e-06 1.27043e-06 1.24839e-06 1.22668e-06 1.2053e-06 1.18424e-06 1.16351e-06 1.1431e-06 1.123e-06 1.10322e-06 1.08374e-06
3.76705e-05 4.66019e-06 4.61537e-06 4.57019e-06 4.52468e-06 4.47889e-06 4.43284e-06 4.38658e-06 4.34013e-06 4.29352e-06 4.24679e-06 4.19997e-06 4.15308e-06 4.10614e-06 4.05919e-06 4.01225e-06 3.96533e-06 3.91848e-06 3.87169e-06 3.825e-06 3.77842e-06 3.73198e-06 3.68569e-06 3.63956e-06 3.59361e-06 3.54787e-06 3.50233e-06 3.45702e-06 3.41195e-06 3.36712e-06 3.32257e-06 3.27828e-06 3.23428e-06 3.19057e-06 3.14716e-06 3.10407e-06 3.06129e-06 3.01884e-06 2.97673e-06 2.93495e-06 2.89352e-06 2.85245e-06 2.81173e-06 2.77138e-06 2.73139e-06 2.69177e-06 2.65253e-06 2.61367e-06 2.57519e-06 2.53709e-06 2.49938e-06 2.46206e-06 2.42513e-06 2.38859e-06 2.35244e-06 2.31669e-06 2.28134e-06 2.24638e-06 2.21181e-06 2.17765e-06 2.14388e-06 2.1105e-06 2.07752e-06 2.04494e-06 2.01275e-06 1.98095e-06 1.94955e-06 1.91853e-06 1.88791e-06 1.85767e-06 1.82782e-06 1.79835e-06 1.76927e-06 1.74056e-06 1.71224e-06 1.68429e-06 1.65671e-06 1.62951e-06 1.60267e-06 1.5762e-06 1.55009e-06 1.52435e-06 1.49896e-06 1.47392e-06 1.44924e-06 1.42491e-06 1.40093e-06 1.37729e-06 1.35398e-06 1.33102e-06 1.30839e-06 1.28609e-06 1.26412e-06 1.24247e-06 1.22114e-06 1.20013e-06 1.17944e-06 1.15906e-06 1.13898e-06 1.11921e-06 1.09974e-06
3.66379e-05 4.55771e-06 4.51655e-06 4.47495e-06 4.43293e-06 4.39054e-06 4.34782e-06 4.30479e-06 4.2615e-06 4.21798e-06 4.17426e-06 4.13036e-06 4.08632e-06 4.04217e-06 3.99793e-06 3.95362e-06 3.90928e-06 3.86492e-06 3.82057e-06 3.77625e-06 3.73198e-06 3.68778e-06 3.64366e-06 3.59965e-06 3.55577e-06 3.51202e-06 3.46843e-06 3.42501e-06 3.38177e-06 3.33873e-06 3.2959e-06 3.25329e-06 3.21091e-06 3.16878e-06 3.12691e-06 3.08529e-06 3.04395e-06 3.0029e-06 2.96213e-06 2.92166e-06 2.8815e-06 2.84164e-06 2.80211e-06 2.76289e-06 2.72401e-06 2.68546e-06 2.64725e-06 2.60939e-06 2.57187e-06 2.5347e-06 2.49788e-06 2.46142e-06 2.42532e-06 2.38958e-06 2.35421e-06 2.3192e-06 2.28456e-06 2.25029e-06 2.21638e-06 2.18285e-06 2.14968e-06 2.11689e-06 2.08447e-06 2.05242e-06 2.02075e-06 1.98944e-06 1.9585e-06 1.92794e-06 1.89774e-06 1.86791e-06 1.83844e-06 1.80935e-06 1.78061e-06 1.75224e-06 1.72423e-06 1.69658e-06 1.66929e-06 1.64235e-06 1.61576e-06 1.58953e-06 1.56365e-06 1.53811e-06 1.51292e-06 1.48807e-06 1.46356e-06 1.43938e-06 1.41554e-06 1.39204e-06 1.36886e-06 1.34601e-06 1.32348e-06 1.30127e-06 1.27938e-06 1.25781e-06 1.23654e-06 1.21559e-06 1.19494e-06 1.1746e-06 1.15455e-06 1.13481e-06 1.11535e-06
3.56336e-05 4.45735e-06 4.4197e-06 4.38153e-06 4.34286e-06 4.30375e-06 4.26422e-06 4.22431e-06 4.18407e-06 4.14352e-06 4.1027e-06 4.06163e-06 4.02035e-06 3.97888e-06 3.93726e-06 3.89551e-06 3.85366e-06 3.81173e-06 3.76974e-06 3.72772e-06 3.68569e-06 3.64366e-06 3.60167e-06 3.55972e-06 3.51785e-06 3.47605e-06 3.43436e-06 3.39278e-06 3.35133e-06 3.31003e-06 3.26889e-06 3.22793e-06 3.18715e-06 3.14656e-06 3.10619e-06 3.06603e-06 3.0261e-06 2.98642e-06 2.94698e-06 2.90779e-06 2.86887e-06 2.83023e-06 2.79186e-06 2.75378e-06 2.71599e-06 2.67849e-06 2.64131e-06 2.60443e-06 2.56786e-06 2.53161e-06 2.49569e-06 2.46008e-06 2.42481e-06 2.38987e-06 2.35527e-06 2.321e-06 2.28707e-06 2.25348e-06 2.22024e-06 2.18734e-06 2.15479e-06 2.12258e-06 2.09072e-06 2.05921e-06 2.02805e-06 1.99724e-06 1.96678e-06 1.93666e-06 1.9069e-06 1.87748e-06 1.84841e-06 1.81969e-06 1.79131e-06 1.76328e-06 1.7356e-06 1.70825e-06 1.68125e-06 1.65459e-06 1.62827e-06 1.60228e-06 1.57663e-06 1.55131e-06 1.52632e-06 1.50166e-06 1.47733e-06 1.45332e-06 1.42964e-06 1.40627e-06 1.38323e-06 1.3605e-06 1.33808e-06 1.31598e-06 1.29418e-06 1.27269e-06 1.2515e-06 1.23061e-06 1.21002e-06 1.18972e-06 1.16972e-06 1.15e-06 1.13057e-06
3.46568e-05 4.35906e-06 4.32478e-06 4.2899e-06 4.25445e-06 4.21848e-06 4.18203e-06 4.14513e-06 4.10782e-06 4.07013e-06 4.0321e-06 3.99377e-06 3.95515e-06 3.91628e-06 3.8772e-06 3.83792e-06 3.79848e-06 3.7589e-06 3.7192e-06 3.67942e-06 3.63956e-06 3.59965e-06 3.55972e-06 3.51979e-06 3.47987e-06 3.43997e-06 3.40013e-06 3.36035e-06 3.32066e-06 3.28106e-06 3.24158e-06 3.20222e-06 3.163e-06 3.12393e-06 3.08503e-06 3.0463e-06 3.00777e-06 2.96942e-06 2.93129e-06 2.89337e-06 2.85568e-06 2.81822e-06 2.78101e-06 2.74404e-06 2.70733e-06 2.67089e-06 2.63471e-06 2.59881e-06 2.56319e-06 2.52786e-06 2.49281e-06 2.45806e-06 2.42362e-06 2.38947e-06 2.35563e-06 2.3221e-06 2.28889e-06 2.25599e-06 2.2234e-06 2.19114e-06 2.1592e-06 2.12758e-06 2.09629e-06 2.06532e-06 2.03468e-06 2.00437e-06 1.97438e-06 1.94473e-06 1.9154e-06 1.8864e-06 1.85773e-06 1.8294e-06 1.80138e-06 1.7737e-06 1.74635e-06 1.71932e-06 1.69261e-06 1.66624e-06 1.64018e-06 1.61445e-06 1.58904e-06 1.56394e-06 1.53917e-06 1.51471e-06 1.49057e-06 1.46674e-06 1.44322e-06 1.42001e-06 1.3971e-06 1.3745e-06 1.35221e-06 1.33021e-06 1.30852e-06 1.28712e-06 1.26601e-06 1.2452e-06 1.22467e-06 1.20443e-06 1.18448e-06 1.1648e-06 1.14541e-06
3.37068e-05 4.26282e-06 4.23176e-06 4.20004e-06 4.16768e-06 4.13473e-06 4.10123e-06 4.06722e-06 4.03273e-06 3.99781e-06 3.96247e-06 3.92677e-06 3.89073e-06 3.85438e-06 3.81774e-06 3.78086e-06 3.74375e-06 3.70645e-06 3.66898e-06 3.63136e-06 3.59361e-06 3.55577e-06 3.51785e-06 3.47987e-06 3.44185e-06 3.40381e-06 3.36577e-06 3.32775e-06 3.28977e-06 3.25184e-06 3.21397e-06 3.17619e-06 3.1385e-06 3.10092e-06 3.06346e-06 3.02614e-06 2.98896e-06 2.95195e-06 2.9151e-06 2.87843e-06 2.84194e-06 2.80566e-06 2.76958e-06 2.73372e-06 2.69808e-06 2.66266e-06 2.62749e-06 2.59256e-06 2.55788e-06 2.52345e-06 2.48928e-06 2.45538e-06 2.42176e-06 2.3884e-06 2.35533e-06 2.32254e-06 2.29003e-06 2.25782e-06 2.22589e-06 2.19427e-06 2.16294e-06 2.13191e-06 2.10118e-06 2.07076e-06 2.04065e-06 2.01084e-06 1.98133e-06 1.95214e-06 1.92326e-06 1.89469e-06 1.86643e-06 1.83848e-06 1.81084e-06 1.78351e-06 1.75649e-06 1.72978e-06 1.70339e-06 1.6773e-06 1.65152e-06 1.62605e-06 1.60089e-06 1.57603e-06 1.55148e-06 1.52723e-06 1.50328e-06 1.47963e-06 1.45629e-06 1.43324e-06 1.41048e-06 1.38803e-06 1.36586e-06 1.34398e-06 1.3224e-06 1.3011e-06 1.28008e-06 1.25935e-06 1.2389e-06 1.21873e-06 1.19883e-06 1.17921e-06 1.15985e-06
3.27828e-05 4.16857e-06 4.14061e-06 4.11191e-06 4.08251e-06 4.05247e-06 4.02181e-06 3.99058e-06 3.95881e-06 3.92654e-06 3.89381e-06 3.86065e-06 3.82709e-06 3.79316e-06 3.7589e-06 3.72433e-06 3.68949e-06 3.65439e-06 3.61907e-06 3.58356e-06 3.54787e-06 3.51202e-06 3.47605e-06 3.43997e-06 3.40381e-06 3.36758e-06 3.33131e-06 3.295e-06 3.25869e-06 3.22238e-06 3.1861e-06 3.14986e-06 3.11367e-06 3.07754e-06 3.0415e-06 3.00556e-06 2.96972e-06 2.93401e-06 2.89842e-06 2.86298e-06 2.82769e-06 2.79256e-06 2.7576e-06 2.72282e-06 2.68824e-06 2.65385e-06 2.61967e-06 2.58569e-06 2.55194e-06 2.51842e-06 2.48512e-06 2.45206e-06 2.41925e-06 2.38668e-06 2.35437e-06 2.32231e-06 2.29052e-06 2.25899e-06 2.22773e-06 2.19674e-06 2.16602e-06 2.13559e-06 2.10543e-06 2.07556e-06 2.04597e-06 2.01666e-06 1.98765e-06 1.95892e-06 1.93049e-06 1.90235e-06 1.8745e-06 1.84694e-06 1.81968e-06 1.79271e-06 1.76604e-06 1.73966e-06 1.71358e-06 1.68779e-06 1.66229e-06 1.63709e-06 1.61218e-06 1.58757e-06 1.56325e-06 1.53921e-06 1.51547e-06 1.49202e-06 1.46885e-06 1.44597e-06 1.42338e-06 1.40107e-06 1.37904e-06 1.35729e-06 1.33582e-06 1.31463e-06 1.29372e-06 1.27308e-06 1.25271e-06 1.23261e-06 1.21278e-06 1.19322e-06 1.17392e-06
3.18841e-05 4.07629e-06 4.05129e-06 4.02549e-06 3.99894e-06 3.97168e-06 3.94374e-06 3.91518e-06 3.88603e-06 3.85632e-06 3.8261e-06 3.79538e-06 3.76422e-06 3.73264e-06 3.70067e-06 3.66835e-06 3.63569e-06 3.60274e-06 3.56951e-06 3.53603e-06 3.50233e-06 3.46843e-06 3.43436e-06 3.40013e-06 3.36577e-06 3.33131e-06 3.29675e-06 3.26212e-06 3.22744e-06 3.19272e-06 3.15798e-06 3.12325e-06 3.08852e-06 3.05383e-06 3.01918e-06 2.98459e-06 2.95006e-06 2.91563e-06 2.88128e-06 2.84705e-06 2.81293e-06 2.77894e-06 2.74509e-06 2.71139e-06 2.67784e-06 2.64446e-06 2.61126e-06 2.57824e-06 2.54541e-06 2.51277e-06 2.48034e-06 2.44812e-06 2.41612e-06 2.38434e-06 2.35278e-06 2.32146e-06 2.29037e-06 2.25952e-06 2.22892e-06 2.19857e-06 2.16847e-06 2.13862e-06 2.10904e-06 2.07971e-06 2.05065e-06 2.02186e-06 1.99334e-06 1.96508e-06 1.9371e-06 1.90939e-06 1.88196e-06 1.8548e-06 1.82792e-06 1.80132e-06 1.775e-06 1.74896e-06 1.72319e-06 1.69771e-06 1.67251e-06 1.64758e-06 1.62294e-06 1.59857e-06 1.57449e-06 1.55068e-06 1.52715e-06 1.50389e-06 1.48092e-06 1.45822e-06 1.43579e-06 1.41364e-06 1.39175e-06 1.37014e-06 1.3488e-06 1.32773e-06 1.30692e-06 1.28638e-06 1.2661e-06 1.24609e-06 1.22633e-06 1.20683e-06 1.18759e-06
3.10101e-05 3.98594e-06 3.96377e-06 3.94075e-06 3.91692e-06 3.89233e-06 3.86702e-06 3.84103e-06 3.81439e-06 3.78715e-06 3.75934e-06 3.73099e-06 3.70214e-06 3.67282e-06 3.64307e-06 3.61291e-06 3.58237e-06 3.55149e-06 3.52028e-06 3.48878e-06 3.45702e-06 3.42501e-06 3.39278e-06 3.36035e-06 3.32775e-06 3.295e-06 3.26212e-06 3.22912e-06 3.19603e-06 3.16286e-06 3.12964e-06 3.09638e-06 3.06309e-06 3.0298e-06 2.99651e-06 2.96324e-06 2.93001e-06 2.89683e-06 2.86371e-06 2.83066e-06 2.7977e-06 2.76483e-06 2.73207e-06 2.69943e-06 2.66691e-06 2.63453e-06 2.6023e-06 2.57022e-06 2.5383e-06 2.50655e-06 2.47497e-06 2.44358e-06 2.41238e-06 2.38138e-06 2.35058e-06 2.31998e-06 2.2896e-06 2.25943e-06 2.22949e-06 2.19978e-06 2.17029e-06 2.14104e-06 2.11203e-06 2.08325e-06 2.05473e-06 2.02645e-06 1.99841e-06 1.97063e-06 1.94311e-06 1.91584e-06 1.88883e-06 1.86208e-06 1.83558e-06 1.80935e-06 1.78339e-06 1.75769e-06 1.73225e-06 1.70708e-06 1.68217e-06 1.65753e-06 1.63315e-06 1.60904e-06 1.5852e-06 1.56163e-06 1.53832e-06 1.51527e-06 1.49249e-06 1.46998e-06 1.44772e-06 1.42573e-06 1.40401e-06 1.38254e-06 1.36133e-06 1.34038e-06 1.31969e-06 1.29926e-06 1.27908e-06 1.25916e-06 1.23948e-06 1.22006e-06 1.20089e-06
3.016e-05 3.89747e-06 3.87801e-06 3.85766e-06 3.83644e-06 3.81442e-06 3.79162e-06 3.7681e-06 3.74388e-06 3.71901e-06 3.69352e-06 3.66745e-06 3.64083e-06 3.6137e-06 3.58609e-06 3.55802e-06 3.52954e-06 3.50066e-06 3.47142e-06 3.44184e-06 3.41195e-06 3.38177e-06 3.35133e-06 3.32066e-06 3.28977e-06 3.25869e-06 3.22744e-06 3.19603e-06 3.16449e-06 3.13284e-06 3.1011e-06 3.06928e-06 3.0374e-06 3.00547e-06 2.97352e-06 2.94155e-06 2.90959e-06 2.87764e-06 2.84572e-06 2.81384e-06 2.78201e-06 2.75025e-06 2.71856e-06 2.68697e-06 2.65546e-06 2.62407e-06 2.59279e-06 2.56164e-06 2.53063e-06 2.49975e-06 2.46903e-06 2.43846e-06 2.40806e-06 2.37783e-06 2.34778e-06 2.31791e-06 2.28823e-06 2.25874e-06 2.22946e-06 2.20038e-06 2.17151e-06 2.14285e-06 2.11441e-06 2.08619e-06 2.0582e-06 2.03043e-06 2.00289e-06 1.97559e-06 1.94853e-06 1.9217e-06 1.89511e-06 1.86877e-06 1.84267e-06 1.81682e-06 1.79121e-06 1.76585e-06 1.74075e-06 1.71589e-06 1.69129e-06 1.66694e-06 1.64284e-06 1.619e-06 1.5954e-06 1.57207e-06 1.54898e-06 1.52615e-06 1.50358e-06 1.48125e-06 1.45918e-06 1.43737e-06 1.4158e-06 1.39449e-06 1.37342e-06 1.35261e-06 1.33204e-06 1.31172e-06 1.29165e-06 1.27182e-06 1.25224e-06 1.2329e-06 1.2138e-06
2.93333e-05 3.81086e-06 3.794e-06 3.77619e-06 3.75748e-06 3.73791e-06 3.71753e-06 3.69638e-06 3.67448e-06 3.6519e-06 3.62865e-06 3.60477e-06 3.5803e-06 3.55528e-06 3.52974e-06 3.50369e-06 3.47719e-06 3.45026e-06 3.42291e-06 3.39519e-06 3.36712e-06 3.33873e-06 3.31003e-06 3.28106e-06 3.25184e-06 3.22238e-06 3.19272e-06 3.16286e-06 3.13284e-06 3.10267e-06 3.07237e-06 3.04196e-06 3.01146e-06 2.98087e-06 2.95023e-06 2.91954e-06 2.88881e-06 2.85807e-06 2.82733e-06 2.7966e-06 2.76589e-06 2.73522e-06 2.70459e-06 2.67402e-06 2.64352e-06 2.6131e-06 2.58277e-06 2.55254e-06 2.52242e-06 2.49241e-06 2.46253e-06 2.43278e-06 2.40317e-06 2.37371e-06 2.3444e-06 2.31525e-06 2.28627e-06 2.25746e-06 2.22884e-06 2.20039e-06 2.17213e-06 2.14407e-06 2.1162e-06 2.08854e-06 2.06108e-06 2.03382e-06 2.00679e-06 1.97997e-06 1.95336e-06 1.92698e-06 1.90082e-06 1.87489e-06 1.84919e-06 1.82372e-06 1.79848e-06 1.77347e-06 1.7487e-06 1.72417e-06 1.69988e-06 1.67582e-06 1.65201e-06 1.62843e-06 1.6051e-06 1.58201e-06 1.55916e-06 1.53655e-06 1.51418e-06 1.49206e-06 1.47018e-06 1.44854e-06 1.42714e-06 1.40599e-06 1.38507e-06 1.3644e-06 1.34396e-06 1.32377e-06 1.30381e-06 1.28409e-06 1.2646e-06 1.24535e-06 1.22634e-06
2.85292e-05 3.72607e-06 3.71169e-06 3.69632e-06 3.68001e-06 3.6628e-06 3.64473e-06 3.62585e-06 3.60619e-06 3.5858e-06 3.5647e-06 3.54294e-06 3.52055e-06 3.49757e-06 3.47401e-06 3.44993e-06 3.42534e-06 3.40029e-06 3.37479e-06 3.34887e-06 3.32257e-06 3.2959e-06 3.26889e-06 3.24158e-06 3.21397e-06 3.1861e-06 3.15798e-06 3.12964e-06 3.1011e-06 3.07237e-06 3.04349e-06 3.01445e-06 2.98529e-06 2.95602e-06 2.92666e-06 2.89721e-06 2.86771e-06 2.83816e-06 2.80857e-06 2.77897e-06 2.74936e-06 2.71976e-06 2.69017e-06 2.66062e-06 2.63111e-06 2.60165e-06 2.57225e-06 2.54293e-06 2.51369e-06 2.48454e-06 2.45549e-06 2.42655e-06 2.39773e-06 2.36903e-06 2.34046e-06 2.31203e-06 2.28375e-06 2.25562e-06 2.22764e-06 2.19983e-06 2.17218e-06 2.14471e-06 2.11742e-06 2.09031e-06 2.06338e-06 2.03665e-06 2.01011e-06 1.98377e-06 1.95763e-06 1.9317e-06 1.90597e-06 1.88046e-06 1.85516e-06 1.83007e-06 1.8052e-06 1.78055e-06 1.75613e-06 1.73192e-06 1.70794e-06 1.68419e-06 1.66066e-06 1.63736e-06 1.61429e-06 1.59145e-06 1.56884e-06 1.54646e-06 1.52431e-06 1.5024e-06 1.48071e-06 1.45926e-06 1.43804e-06 1.41705e-06 1.39629e-06 1.37576e-06 1.35547e-06 1.3354e-06 1.31556e-06 1.29596e-06 1.27658e-06 1.25742e-06 1.2385e-06
2.77471e-05 3.64307e-06 3.63105e-06 3.61801e-06 3.604e-06 3.58905e-06 3.5732e-06 3.55651e-06 3.539e-06 3.52071e-06 3.50169e-06 3.48197e-06 3.46157e-06 3.44055e-06 3.41892e-06 3.39673e-06 3.374e-06 3.35076e-06 3.32704e-06 3.30287e-06 3.27828e-06 3.25329e-06 3.22793e-06 3.20222e-06 3.17619e-06 3.14986e-06 3.12325e-06 3.09638e-06 3.06928e-06 3.04196e-06 3.01445e-06 2.98676e-06 2.95892e-06 2.93093e-06 2.90282e-06 2.8746e-06 2.84629e-06 2.81791e-06 2.78946e-06 2.76097e-06 2.73244e-06 2.70389e-06 2.67533e-06 2.64678e-06 2.61824e-06 2.58973e-06 2.56126e-06 2.53283e-06 2.50446e-06 2.47616e-06 2.44794e-06 2.4198e-06 2.39176e-06 2.36382e-06 2.33598e-06 2.30827e-06 2.28068e-06 2.25321e-06 2.22589e-06 2.19871e-06 2.17167e-06 2.14479e-06 2.11807e-06 2.09151e-06 2.06513e-06 2.03891e-06 2.01287e-06 1.98702e-06 1.96135e-06 1.93587e-06 1.91058e-06 1.88548e-06 1.86058e-06 1.83589e-06 1.81139e-06 1.7871e-06 1.76302e-06 1.73915e-06 1.71549e-06 1.69204e-06 1.66881e-06 1.64579e-06 1.62299e-06 1.60041e-06 1.57804e-06 1.5559e-06 1.53397e-06 1.51227e-06 1.49079e-06 1.46953e-06 1.44849e-06 1.42767e-06 1.40708e-06 1.3867e-06 1.36655e-06 1.34662e-06 1.32692e-06 1.30743e-06 1.28816e-06 1.26911e-06 1.25028e-06
2.69865e-05 3.56182e-06 3.55206e-06 3.54125e-06 3.52943e-06 3.51665e-06 3.50293e-06 3.48833e-06 3.47288e-06 3.45663e-06 3.4396e-06 3.42183e-06 3.40337e-06 3.38424e-06 3.36447e-06 3.3441e-06 3.32316e-06 3.30168e-06 3.27969e-06 3.25721e-06 3.23428e-06 3.21091e-06 3.18715e-06 3.163e-06 3.1385e-06 3.11367e-06 3.08852e-06 3.06309e-06 3.0374e-06 3.01146e-06 2.98529e-06 2.95892e-06 2.93236e-06 2.90563e-06 2.87875e-06 2.85173e-06 2.82459e-06 2.79735e-06 2.77002e-06 2.74261e-06 2.71514e-06 2.68763e-06 2.66008e-06 2.63252e-06 2.60494e-06 2.57736e-06 2.5498e-06 2.52226e-06 2.49476e-06 2.4673e-06 2.43989e-06 2.41255e-06 2.38527e-06 2.35808e-06 2.33098e-06 2.30397e-06 2.27707e-06 2.25027e-06 2.2236e-06 2.19704e-06 2.17062e-06 2.14433e-06 2.11818e-06 2.09218e-06 2.06632e-06 2.04063e-06 2.01509e-06 1.98972e-06 1.96452e-06 1.93949e-06 1.91464e-06 1.88997e-06 1.86548e-06 1.84117e-06 1.81706e-06 1.79313e-06 1.7694e-06 1.74587e-06 1.72253e-06 1.6994e-06 1.67646e-06 1.65373e-06 1.6312e-06 1.60888e-06 1.58677e-06 1.56487e-06 1.54317e-06 1.52169e-06 1.50041e-06 1.47935e-06 1.4585e-06 1.43786e-06 1.41744e-06 1.39723e-06 1.37723e-06 1.35744e-06 1.33787e-06 1.31851e-06 1.29936e-06 1.28042e-06 1.2617e-06
