0.71674 0.0340677 0.0223887 0.0147134 0.00966942 0.00635457 0.00417611 0.00274447 0.00180362 0.00118531 0.000778962 0.00051192 0.000336425 0.000221093 0.000145298 9.54874e-05 6.27527e-05 4.124e-05 2.71022e-05 1.78111e-05 1.17051e-05 7.69241e-06 5.05532e-06 3.32226e-06 2.18333e-06 1.43485e-06 9.42958e-07 6.19695e-07 4.07253e-07 2.6764e-07 1.75888e-07 1.15591e-07 7.59641e-08 4.99223e-08 3.2808e-08 2.15609e-08 1.41694e-08 9.3119e-09 6.11962e-09 4.0217e-09 2.64299e-09 1.73693e-09 1.14148e-09 7.50161e-10 4.92992e-10 3.23986e-10 2.12918e-10 1.39926e-10 9.19569e-11 6.04324e-11 3.97151e-11 2.61001e-11 1.71525e-11 1.12723e-11 7.40799e-12 4.8684e-12 3.19943e-12 2.10261e-12 1.3818e-12 9.08093e-13 5.96783e-13 3.92195e-13 2.57744e-13 1.69385e-13 1.11317e-13 7.31554e-14 4.80764e-14 3.1595e-14 2.07637e-14 1.36455e-14 8.9676e-15 5.89335e-15 3.87301e-15 2.54527e-15 1.67271e-15 1.09927e-15 7.22424e-16 4.74764e-16 3.12007e-16 2.05045e-16 1.34752e-16 8.85568e-17 5.8198e-17 3.82467e-17 2.51351e-17 1.65183e-17 1.08556e-17 7.13408e-18 4.68839e-18 3.08113e-18 2.02487e-18 1.33071e-18 8.74517e-19 5.74717e-19 3.77694e-19 2.48214e-19 1.63122e-19 1.07201e-19 7.04505e-20 4.62988e-20 3.04268e-20
0.0340677 0.00733889 0.00513485 0.00357948 0.00248706 0.00172297 0.00119047 0.000820587 0.000564399 0.000387423 0.000265458 0.000181585 0.000124021 8.45839e-05 5.7611e-05 3.9191e-05 2.66297e-05 1.8075e-05 1.22561e-05 8.3026e-06 5.61937e-06 3.8001e-06 2.56778e-06 1.73377e-06 1.16982e-06 7.88771e-07 5.31501e-07 3.57925e-07 2.40895e-07 1.6204e-07 1.0894e-07 7.32034e-08 4.91661e-08 3.30065e-08 2.21483e-08 1.48558e-08 9.96034e-09 6.67547e-09 4.47224e-09 2.9951e-09 2.00514e-09 1.34194e-09 8.97798e-10 6.00467e-10 4.01483e-10 2.68361e-10 1.79328e-10 1.198e-10 8.00114e-11 5.34239e-11 3.56624e-11 2.38003e-11 1.58801e-11 1.05931e-11 7.0648e-12 4.71067e-12 3.14034e-12 2.09306e-12 1.39477e-12 9.29269e-13 6.19012e-13 4.12267e-13 2.74525e-13 1.82772e-13 1.21665e-13 8.09753e-14 5.38852e-14 3.58525e-14 2.38509e-14 1.58644e-14 1.05508e-14 7.01586e-15 4.66465e-15 3.10098e-15 2.06121e-15 1.3699e-15 9.10339e-16 6.04872e-16 4.01857e-16 2.6695e-16 1.77312e-16 1.1776e-16 7.82002e-17 5.19246e-17 3.4474e-17 2.28858e-17 1.51914e-17 1.00829e-17 6.6916e-18 4.44052e-18 2.94644e-18 1.95488e-18 1.2969e-18 8.60302e-19 5.70637e-19 3.7847e-19 2.50996e-19 1.66443e-19 1.10365e-19 7.31749e-20 4.85131e-20
0.0223887 0.00513485 0.00364666 0.00257821 0.00181564 0.00127414 0.000891345 0.000621797 0.000432657 0.000300351 0.000208063 0.000143851 9.92785e-05 6.84033e-05 4.70578e-05 3.2327e-05 2.2178e-05 1.51963e-05 1.04003e-05 7.11011e-06 4.8558e-06 3.313e-06 2.25831e-06 1.53804e-06 1.04663e-06 7.1167e-07 4.8355e-07 3.28319e-07 2.2277e-07 1.51056e-07 1.02364e-07 6.93275e-08 4.69263e-08 3.17462e-08 2.14655e-08 1.45069e-08 9.79937e-09 6.6164e-09 4.46531e-09 3.01228e-09 2.03123e-09 1.36914e-09 9.22509e-10 6.21343e-10 4.18345e-10 2.8157e-10 1.89449e-10 1.27425e-10 8.56798e-11 5.75929e-11 3.87016e-11 2.59994e-11 1.74612e-11 1.17238e-11 7.86945e-12 5.2809e-12 3.54293e-12 2.37634e-12 1.5935e-12 1.0683e-12 7.16038e-13 4.79825e-13 3.21466e-13 2.15325e-13 1.442e-13 9.65492e-14 6.46318e-14 4.32574e-14 2.89463e-14 1.93662e-14 1.29545e-14 8.66397e-15 5.79349e-15 3.87338e-15 2.58922e-15 1.73052e-15 1.15642e-15 7.72658e-16 5.16171e-16 3.44774e-16 2.30257e-16 1.53754e-16 1.02655e-16 6.85293e-17 4.57417e-17 3.05274e-17 2.0371e-17 1.35918e-17 9.06751e-18 6.04847e-18 4.03414e-18 2.69032e-18 1.79393e-18 1.19607e-18 7.9737e-19 5.31514e-19 3.54259e-19 2.36092e-19 1.57324e-19 1.04825e-19 6.98373e-20
0.0147134 0.00357948 0.00257821 0.00184714 0.00131722 0.000935463 0.000661922 0.000466835 0.000328275 0.000230223 0.000161065 0.00011243 7.83203e-05 5.44557e-05 3.77965e-05 2.6191e-05 1.81215e-05 1.25204e-05 8.63909e-06 5.95354e-06 4.09802e-06 2.81768e-06 1.93533e-06 1.32797e-06 9.10364e-07 6.23525e-07 4.26703e-07 2.91773e-07 1.99357e-07 1.36113e-07 9.28665e-08 6.3318e-08 4.31435e-08 2.93788e-08 1.99938e-08 1.3599e-08 9.24445e-09 6.28093e-09 4.26526e-09 2.89503e-09 1.96406e-09 1.33185e-09 9.02741e-10 6.11624e-10 4.14215e-10 2.80409e-10 1.89752e-10 1.28357e-10 8.67942e-11 5.86689e-11 3.96437e-11 2.6779e-11 1.8083e-11 1.2207e-11 8.23787e-12 5.55761e-12 3.74829e-12 2.52729e-12 1.70355e-12 1.14798e-12 7.73393e-13 5.20898e-13 3.50748e-13 2.36119e-13 1.58914e-13 1.06927e-13 7.19309e-14 4.83776e-14 3.25295e-14 2.18684e-14 1.46982e-14 9.8769e-15 6.63574e-15 4.4573e-15 2.99344e-15 2.00995e-15 1.34933e-15 9.05676e-16 6.07783e-16 4.07801e-16 2.73572e-16 1.83494e-16 1.23055e-16 8.25099e-17 5.5315e-17 3.70775e-17 2.48491e-17 1.66512e-17 1.11562e-17 7.47343e-18 5.00567e-18 3.3523e-18 2.24472e-18 1.50287e-18 1.00606e-18 6.73389e-19 4.50663e-19 3.01566e-19 2.0177e-19 1.34982e-19 9.02909e-20
0.00966942 0.00248706 0.00181564 0.00131722 0.000950451 0.000682556 0.000488115 0.000347759 0.00024693 0.000174804 0.000123404 8.68981e-05 6.10505e-05 4.27999e-05 2.99462e-05 2.09145e-05 1.45819e-05 1.01506e-05 7.05545e-06 4.89724e-06 3.39475e-06 2.35033e-06 1.62533e-06 1.12273e-06 7.74731e-07 5.34067e-07 3.67815e-07 2.53088e-07 1.73996e-07 1.19523e-07 8.20391e-08 5.62683e-08 3.8565e-08 2.64132e-08 1.80784e-08 1.23658e-08 8.45309e-09 5.77499e-09 3.94311e-09 2.69083e-09 1.83528e-09 1.25111e-09 8.52453e-10 5.80546e-10 3.95184e-10 2.68885e-10 1.8287e-10 1.24318e-10 8.44783e-11 5.73829e-11 3.89628e-11 2.64456e-11 1.7943e-11 1.21698e-11 8.2512e-12 5.59247e-12 3.78919e-12 2.56655e-12 1.73786e-12 1.17637e-12 7.96062e-13 5.38543e-13 3.64225e-13 2.46262e-13 1.66459e-13 1.12486e-13 7.59938e-14 5.1327e-14 3.46581e-14 2.33969e-14 1.57909e-14 1.0655e-14 7.18785e-15 4.84783e-15 3.26889e-15 2.20373e-15 1.48534e-15 1.00092e-15 6.74352e-16 4.5424e-16 3.05914e-16 2.05982e-16 1.38668e-16 9.33347e-17 6.28102e-17 4.22609e-17 2.84296e-17 1.91217e-17 1.2859e-17 8.64604e-18 5.81239e-18 3.9068e-18 2.62554e-18 1.7642e-18 1.18525e-18 7.96168e-19 5.34731e-19 3.59088e-19 2.41104e-19 1.61862e-19 1.08649e-19
0.00635457 0.00172297 0.00127414 0.000935463 0.000682556 0.000495339 0.000357769 0.000257317 0.000184373 0.000131658 9.37267e-05 6.65365e-05 4.71131e-05 3.32811e-05 2.34589e-05 1.65021e-05 1.15866e-05 8.12102e-06 5.68269e-06 3.97036e-06 2.76999e-06 1.9299e-06 1.34287e-06 9.33265e-07 6.4785e-07 4.4923e-07 3.11179e-07 2.15338e-07 1.48875e-07 1.02832e-07 7.09675e-08 4.89363e-08 3.37178e-08 2.32143e-08 1.5971e-08 1.09801e-08 7.5437e-09 5.1794e-09 3.55386e-09 2.43701e-09 1.67017e-09 1.14398e-09 7.83131e-10 5.35823e-10 3.66425e-10 2.50456e-10 1.71107e-10 1.16843e-10 7.97512e-11 5.44102e-11 3.71054e-11 2.52936e-11 1.72349e-11 1.17391e-11 7.9927e-12 5.43987e-12 3.70104e-12 2.51713e-12 1.71133e-12 1.1631e-12 7.90231e-13 5.36724e-13 3.64427e-13 2.47364e-13 1.67853e-13 1.13866e-13 7.72209e-14 5.23542e-14 3.54853e-14 2.40451e-14 1.62889e-14 1.10317e-14 7.46932e-15 5.05606e-15 3.42166e-15 2.31504e-15 1.56595e-15 1.059e-15 7.16002e-16 4.83991e-16 3.27089e-16 2.21004e-16 1.49295e-16 1.00832e-16 6.80869e-17 4.59666e-17 3.10267e-17 2.09385e-17 1.41277e-17 9.53057e-18 6.42814e-18 4.33484e-18 2.9227e-18 1.97024e-18 1.32794e-18 8.94884e-19 6.0295e-19 4.06185e-19 2.73588e-19 1.84247e-19 1.24061e-19
0.00417611 0.00119047 0.000891345 0.000661922 0.000488115 0.000357769 0.000260841 0.000189284 0.000136783 9.84745e-05 7.06547e-05 5.05381e-05 3.60474e-05 2.56451e-05 1.82012e-05 1.28895e-05 9.10926e-06 6.42539e-06 4.52418e-06 3.18019e-06 2.23195e-06 1.56412e-06 1.09459e-06 7.64992e-07 5.33971e-07 3.72274e-07 2.59248e-07 1.80344e-07 1.25326e-07 8.70066e-08 6.03472e-08 4.18188e-08 2.89542e-08 2.00305e-08 1.38461e-08 9.56385e-09 6.60112e-09 4.55296e-09 3.13815e-09 2.16156e-09 1.48794e-09 1.02361e-09 7.03758e-10 4.83575e-10 3.32094e-10 2.27941e-10 1.56371e-10 1.07218e-10 7.34797e-11 5.03334e-11 3.44621e-11 2.35847e-11 1.61334e-11 1.10316e-11 7.53987e-12 5.15127e-12 3.51796e-12 2.4016e-12 1.63887e-12 1.11796e-12 7.6235e-13 5.19671e-13 3.54122e-13 2.4123e-13 1.64273e-13 1.11831e-13 7.61062e-14 5.1778e-14 3.5216e-14 2.39445e-14 1.62759e-14 1.10602e-14 7.51382e-15 5.10316e-15 3.46499e-15 2.35208e-15 1.59621e-15 1.08298e-15 7.34582e-16 4.98146e-16 3.3773e-16 2.28919e-16 1.55129e-16 1.05101e-16 7.11909e-17 4.82111e-17 3.2642e-17 2.20961e-17 1.49543e-17 1.01187e-17 6.8454e-18 4.63006e-18 3.13106e-18 2.11696e-18 1.43104e-18 9.67187e-19 6.53568e-19 4.41564e-19 2.98277e-19 2.01451e-19 1.36033e-19
0.00274447 0.000820587 0.000621797 0.000466835 0.000347759 0.000257317 0.000189284 0.000138521 0.000100909 7.32079e-05 5.29154e-05 3.81197e-05 2.73771e-05 1.96068e-05 1.40057e-05 9.98076e-06 7.09677e-06 5.03573e-06 3.56637e-06 2.52119e-06 1.7793e-06 1.25372e-06 8.82058e-07 6.19691e-07 4.34778e-07 3.04652e-07 2.13212e-07 1.49045e-07 1.04074e-07 7.25954e-08 5.05868e-08 3.52165e-08 2.44936e-08 1.70205e-08 1.18174e-08 8.19816e-09 5.68285e-09 3.93628e-09 2.7245e-09 1.88443e-09 1.30249e-09 8.99668e-10 6.21029e-10 4.28423e-10 2.95375e-10 2.03526e-10 1.4016e-10 9.64691e-11 6.63624e-11 4.5628e-11 3.13562e-11 2.15378e-11 1.47868e-11 1.01472e-11 6.96023e-12 4.7721e-12 3.27046e-12 2.24041e-12 1.53416e-12 1.05012e-12 7.18522e-13 4.91447e-13 3.3601e-13 2.29652e-13 1.56905e-13 1.07164e-13 7.31674e-14 4.99392e-14 3.40741e-14 2.32418e-14 1.58482e-14 1.08033e-14 7.36217e-15 5.01565e-15 3.41605e-15 2.32594e-15 1.58326e-15 1.07743e-15 7.33012e-16 4.98562e-16 3.39013e-16 2.30464e-16 1.56633e-16 1.06429e-16 7.22987e-17 4.91021e-17 3.33403e-17 2.26329e-17 1.53608e-17 1.0423e-17 7.07098e-18 4.79593e-18 3.25219e-18 2.2049e-18 1.49457e-18 1.01287e-18 6.86291e-19 4.6492e-19 3.14895e-19 2.13242e-19 1.44377e-19
0.00180362 0.000564399 0.000432657 0.000328275 0.00024693 0.000184373 0.000136783 0.000100909 7.4073e-05 5.41329e-05 3.94027e-05 2.85772e-05 2.06576e-05 1.48878e-05 1.06998e-05 7.67024e-06 5.48541e-06 3.91426e-06 2.78736e-06 1.98106e-06 1.40545e-06 9.95386e-07 7.03832e-07 4.9692e-07 3.50331e-07 2.46647e-07 1.73425e-07 1.21789e-07 8.54268e-08 5.98537e-08 4.1891e-08 2.92889e-08 2.04577e-08 1.42757e-08 9.9528e-09 6.93285e-09 4.82517e-09 3.35553e-09 2.33169e-09 1.61902e-09 1.12335e-09 7.78885e-10 5.39678e-10 3.73689e-10 2.58587e-10 1.78828e-10 1.23595e-10 8.53721e-11 5.89364e-11 4.06642e-11 2.8042e-11 1.93277e-11 1.33147e-11 9.16783e-12 6.3095e-12 4.3403e-12 2.98433e-12 2.05107e-12 1.40905e-12 9.67581e-13 6.64155e-13 4.55697e-13 3.12544e-13 2.14279e-13 1.46853e-13 1.00607e-13 6.88994e-14 4.71682e-14 3.228e-14 2.20837e-14 1.5103e-14 1.03256e-14 7.05717e-15 4.8218e-15 3.29348e-15 2.2489e-15 1.53517e-15 1.04766e-15 7.14758e-16 4.87503e-16 3.32412e-16 2.266e-16 1.54429e-16 1.05217e-16 7.1669e-17 4.88055e-17 3.32276e-17 2.26165e-17 1.53903e-17 1.04705e-17 7.12178e-18 4.84296e-18 3.29258e-18 2.23804e-18 1.52091e-18 1.03335e-18 7.01945e-19 4.76724e-19 3.23701e-19 2.19752e-19 1.49155e-19
0.00118531 0.000387423 0.000300351 0.000230223 0.000174804 0.000131658 9.84745e-05 7.32079e-05 5.41329e-05 3.98372e-05 2.91912e-05 2.13075e-05 1.54982e-05 1.12364e-05 8.12253e-06 5.85555e-06 4.2106e-06 3.02064e-06 2.16222e-06 1.54458e-06 1.10124e-06 7.83737e-07 5.5682e-07 3.94965e-07 2.7973e-07 1.97829e-07 1.39715e-07 9.85433e-08 6.94175e-08 4.88419e-08 3.43258e-08 2.40977e-08 1.68996e-08 1.18397e-08 8.2868e-09 5.79469e-09 4.04843e-09 2.82599e-09 1.97103e-09 1.37363e-09 9.56559e-10 6.65624e-10 4.62842e-10 3.21612e-10 2.23326e-10 1.54975e-10 1.07475e-10 7.44874e-11 5.15941e-11 3.57161e-11 2.47105e-11 1.70868e-11 1.18088e-11 8.15692e-12 5.63151e-12 3.88606e-12 2.6803e-12 1.84779e-12 1.27328e-12 8.77002e-13 6.03791e-13 4.15516e-13 2.85829e-13 1.96539e-13 1.35088e-13 9.28148e-14 6.37457e-14 4.37645e-14 3.00355e-14 2.06059e-14 1.41318e-14 9.68839e-15 6.63989e-15 4.54911e-15 3.11567e-15 2.13323e-15 1.46013e-15 9.991e-16 6.83436e-16 4.67368e-16 3.19517e-16 2.18376e-16 1.49209e-16 1.01922e-16 6.96021e-17 4.75184e-17 3.24331e-17 2.21311e-17 1.50977e-17 1.02969e-17 7.02103e-18 4.78619e-18 3.26194e-18 2.2226e-18 1.51407e-18 1.03118e-18 7.02146e-19 4.77996e-19 3.25333e-19 2.21381e-19 1.50613e-19
0.000778962 0.000265458 0.000208063 0.000161065 0.000123404 9.37267e-05 7.06547e-05 5.29154e-05 3.94027e-05 2.91912e-05 2.15274e-05 1.58102e-05 1.15679e-05 8.43499e-06 6.13128e-06 4.44385e-06 3.21221e-06 2.31615e-06 1.66618e-06 1.19601e-06 8.56767e-07 6.12576e-07 4.37194e-07 3.11493e-07 2.21576e-07 1.57374e-07 1.11613e-07 7.90484e-08 5.59115e-08 3.94969e-08 2.78678e-08 1.96401e-08 1.38263e-08 9.72321e-09 6.83081e-09 4.79415e-09 3.36157e-09 2.35494e-09 1.64831e-09 1.15274e-09 8.05515e-10 5.62436e-10 3.92412e-10 2.73585e-10 1.90605e-10 1.32701e-10 9.2326e-11 6.41936e-11 4.46052e-11 3.09751e-11 2.14972e-11 1.49107e-11 1.03364e-11 7.16152e-12 4.95914e-12 3.43227e-12 2.37431e-12 1.64163e-12 1.1345e-12 7.83667e-13 5.41074e-13 3.7341e-13 2.57588e-13 1.77614e-13 1.22419e-13 8.43412e-14 5.80841e-14 3.99856e-14 2.75159e-14 1.89277e-14 1.30153e-14 8.94647e-15 6.14746e-15 4.22269e-15 2.89957e-15 1.99037e-15 1.36581e-15 9.36935e-16 6.42525e-16 4.4049e-16 3.0189e-16 2.06839e-16 1.41674e-16 9.70108e-17 6.64092e-17 4.5448e-17 3.10944e-17 2.12683e-17 1.45435e-17 9.94238e-18 6.79518e-18 4.64304e-18 3.17172e-18 2.16612e-18 1.47899e-18 1.00959e-18 6.89006e-19 4.70112e-19 3.20687e-19 2.18708e-19 1.49126e-19
0.00051192 0.000181585 0.000143851 0.00011243 8.68981e-05 6.65365e-05 5.05381e-05 3.81197e-05 2.85772e-05 2.13075e-05 1.58102e-05 1.168e-05 8.59457e-06 6.30138e-06 4.60476e-06 3.35469e-06 2.43708e-06 1.76583e-06 1.27634e-06 9.20431e-07 6.62349e-07 4.75673e-07 3.40963e-07 2.43966e-07 1.74267e-07 1.24281e-07 8.84975e-08 6.29257e-08 4.46812e-08 3.16846e-08 2.24401e-08 1.58737e-08 1.12158e-08 7.91587e-09 5.58092e-09 3.93069e-09 2.76569e-09 1.94414e-09 1.36538e-09 9.58069e-10 6.71692e-10 4.70528e-10 3.29348e-10 2.30351e-10 1.60991e-10 1.12434e-10 7.84672e-11 5.47248e-11 3.81411e-11 2.65658e-11 1.84919e-11 1.2864e-11 8.94364e-12 6.21445e-12 4.31567e-12 2.99541e-12 2.07794e-12 1.44074e-12 9.9843e-13 6.91568e-13 4.78787e-13 3.31319e-13 2.29166e-13 1.58437e-13 1.0949e-13 7.56318e-14 5.22218e-14 3.60429e-14 2.48664e-14 1.71488e-14 1.18219e-14 8.14661e-15 5.61183e-15 3.86433e-15 2.66004e-15 1.83042e-15 1.25911e-15 8.65824e-16 5.95186e-16 4.0901e-16 2.80981e-16 1.92968e-16 1.32482e-16 9.09284e-17 6.23896e-17 4.27955e-17 2.93467e-17 2.01186e-17 1.37885e-17 9.44747e-18 6.4714e-18 4.43165e-18 3.03403e-18 2.07665e-18 1.42101e-18 9.72127e-19 6.64879e-19 4.5463e-19 3.10792e-19 2.12413e-19 1.45141e-19
0.000336425 0.000124021 9.92785e-05 7.83203e-05 6.10505e-05 4.71131e-05 3.60474e-05 2.73771e-05 2.06576e-05 1.54982e-05 1.15679e-05 8.59457e-06 6.35887e-06 4.68688e-06 3.44249e-06 2.52039e-06 1.83982e-06 1.33933e-06 9.72496e-07 7.04446e-07 5.09135e-07 3.67201e-07 2.64309e-07 1.89893e-07 1.36186e-07 9.75058e-08 6.97003e-08 4.97485e-08 3.54567e-08 2.52358e-08 1.79376e-08 1.2734e-08 9.02899e-09 6.39457e-09 4.52377e-09 3.19687e-09 2.25686e-09 1.59167e-09 1.12146e-09 7.89438e-10 5.5522e-10 3.90156e-10 2.73937e-10 1.92182e-10 1.34722e-10 9.43699e-11 6.60559e-11 4.62041e-11 3.22961e-11 2.25595e-11 1.57479e-11 1.09861e-11 7.65942e-12 5.33688e-12 3.71642e-12 2.58652e-12 1.79914e-12 1.25077e-12 8.69084e-13 6.03563e-13 4.18952e-13 2.90665e-13 2.01563e-13 1.3971e-13 9.67928e-14 6.70292e-14 4.63975e-14 3.21024e-14 2.22023e-14 1.5349e-14 1.06068e-14 7.3269e-15 5.05925e-15 3.49211e-15 2.4095e-15 1.66191e-15 1.14586e-15 7.89774e-16 5.44157e-16 3.74799e-16 2.58065e-16 1.7763e-16 1.22226e-16 8.40766e-17 5.78165e-17 3.97462e-17 2.73155e-17 1.8767e-17 1.289e-17 8.85095e-18 6.07581e-18 4.16963e-18 2.86071e-18 1.96216e-18 1.34549e-18 9.22384e-19 6.3217e-19 4.33158e-19 2.96723e-19 2.03212e-19 1.39138e-19
0.000221093 8.45839e-05 6.84033e-05 5.44557e-05 4.27999e-05 3.32811e-05 2.56451e-05 1.96068e-05 1.48878e-05 1.12364e-05 8.43499e-06 6.30138e-06 4.68688e-06 3.47215e-06 2.56287e-06 1.88537e-06 1.38268e-06 1.0111e-06 7.37402e-07 5.36449e-07 3.89346e-07 2.8196e-07 2.0377e-07 1.46976e-07 1.05815e-07 7.60481e-08 5.45642e-08 3.90878e-08 2.79589e-08 1.99698e-08 1.42441e-08 1.01466e-08 7.21879e-09 5.1296e-09 3.64082e-09 2.58126e-09 1.82809e-09 1.29335e-09 9.14123e-10 6.45469e-10 4.55349e-10 3.2094e-10 2.2601e-10 1.59026e-10 1.11804e-10 7.85423e-11 5.5134e-11 3.86735e-11 2.71079e-11 1.89878e-11 1.32911e-11 9.29733e-12 6.49947e-12 4.54074e-12 3.17038e-12 2.21227e-12 1.54282e-12 1.07534e-12 7.49096e-13 5.21552e-13 3.62935e-13 2.52429e-13 1.75482e-13 1.21931e-13 8.4681e-14 5.87836e-14 4.07876e-14 2.82882e-14 1.96107e-14 1.35892e-14 9.41266e-15 6.51707e-15 4.51042e-15 3.1204e-15 2.15792e-15 1.49174e-15 1.03084e-15 7.12081e-16 4.91713e-16 3.39422e-16 2.34217e-16 1.61566e-16 1.11413e-16 7.6803e-17 5.29275e-17 3.64625e-17 2.51117e-17 1.72891e-17 1.18997e-17 8.18792e-18 5.63226e-18 3.87318e-18 2.66275e-18 1.83008e-18 1.25746e-18 8.6377e-19 5.93181e-19 4.07252e-19 2.79529e-19 1.91814e-19 1.31591e-19
0.000145298 5.7611e-05 4.70578e-05 3.77965e-05 2.99462e-05 2.34589e-05 1.82012e-05 1.40057e-05 1.06998e-05 8.12253e-06 6.13128e-06 4.60476e-06 3.44249e-06 2.56287e-06 1.90075e-06 1.40476e-06 1.03484e-06 7.60051e-07 5.56673e-07 4.06655e-07 2.96343e-07 2.1546e-07 1.56317e-07 1.13178e-07 8.17864e-08 5.89944e-08 4.24806e-08 3.05391e-08 2.19201e-08 1.57101e-08 1.12434e-08 8.03572e-09 5.73566e-09 4.08882e-09 2.91132e-09 2.07053e-09 1.47092e-09 1.04383e-09 7.39989e-10 5.24067e-10 3.70793e-10 2.62103e-10 1.85107e-10 1.30616e-10 9.20882e-11 6.48719e-11 4.56632e-11 3.21176e-11 2.25733e-11 1.58538e-11 1.11267e-11 7.80371e-12 5.4695e-12 3.831e-12 2.68165e-12 1.87597e-12 1.31156e-12 9.16429e-13 6.39971e-13 4.46663e-13 3.11576e-13 2.17229e-13 1.51372e-13 1.05427e-13 7.33917e-14 5.10657e-14 3.55145e-14 2.46877e-14 1.71537e-14 1.19136e-14 8.2706e-15 5.73914e-15 3.98084e-15 2.7601e-15 1.91293e-15 1.32527e-15 9.1778e-16 6.35345e-16 4.39661e-16 3.04136e-16 2.10311e-16 1.45379e-16 1.0046e-16 6.93958e-17 4.79214e-17 3.30813e-17 2.28295e-17 1.57496e-17 1.0862e-17 7.48883e-18 5.16164e-18 3.55657e-18 2.4499e-18 1.68709e-18 1.16147e-18 7.99379e-19 5.50021e-19 3.78345e-19 2.60184e-19 1.78878e-19 1.22948e-19
9.54874e-05 3.9191e-05 3.2327e-05 2.6191e-05 2.09145e-05 1.65021e-05 1.28895e-05 9.98076e-06 7.67024e-06 5.85555e-06 4.44385e-06 3.35469e-06 2.52039e-06 1.88537e-06 1.40476e-06 1.04285e-06 7.71584e-07 5.691e-07 4.18539e-07 3.06978e-07 2.24584e-07 1.63915e-07 1.19368e-07 8.67446e-08 6.29115e-08 4.55405e-08 3.29069e-08 2.37376e-08 1.70955e-08 1.22929e-08 8.82644e-09 6.32853e-09 4.5314e-09 3.24039e-09 2.31431e-09 1.65092e-09 1.17634e-09 8.37248e-10 5.95268e-10 4.22789e-10 2.99986e-10 2.12648e-10 1.50598e-10 1.06558e-10 7.53306e-11 5.32098e-11 3.7554e-11 2.64835e-11 1.86621e-11 1.31407e-11 9.24615e-12 6.50123e-12 4.56805e-12 3.20756e-12 2.25079e-12 1.57841e-12 1.1062e-12 7.74794e-13 5.42352e-13 3.79426e-13 2.65294e-13 1.85392e-13 1.29485e-13 9.03902e-14 6.30667e-14 4.39806e-14 3.06555e-14 2.13574e-14 1.48725e-14 1.03519e-14 7.20207e-15 5.00847e-15 3.48148e-15 2.41902e-15 1.68009e-15 1.16641e-15 8.09455e-16 5.61519e-16 3.89376e-16 2.69904e-16 1.8702e-16 1.29541e-16 8.96956e-17 6.20843e-17 4.29578e-17 2.97135e-17 2.05457e-17 1.42019e-17 9.8136e-18 6.77912e-18 4.68147e-18 3.23189e-18 2.23049e-18 1.53891e-18 1.06145e-18 7.31909e-19 5.04537e-19 3.47701e-19 2.39552e-19 1.64996e-19 1.13614e-19
6.27527e-05 2.66297e-05 2.2178e-05 1.81215e-05 1.45819e-05 1.15866e-05 9.10926e-06 7.09677e-06 5.48541e-06 4.2106e-06 3.21221e-06 2.43708e-06 1.83982e-06 1.38268e-06 1.03484e-06 7.71584e-07 5.73292e-07 4.24585e-07 3.13508e-07 2.30841e-07 1.69528e-07 1.24193e-07 9.07717e-08 6.61995e-08 4.81795e-08 3.49963e-08 2.53732e-08 1.83639e-08 1.32686e-08 9.57169e-09 6.89429e-09 4.95857e-09 3.56135e-09 2.55441e-09 1.82981e-09 1.30914e-09 9.35506e-10 6.67745e-10 4.76096e-10 3.39091e-10 2.41263e-10 1.71488e-10 1.21775e-10 8.63934e-11 6.12366e-11 4.33673e-11 3.06864e-11 2.16957e-11 1.53269e-11 1.08193e-11 7.63164e-12 5.37921e-12 3.78887e-12 2.66686e-12 1.87585e-12 1.31859e-12 9.26281e-13 6.50287e-13 4.56249e-13 3.1992e-13 2.24196e-13 1.57025e-13 1.09918e-13 7.6901e-14 5.37733e-14 3.75816e-14 2.62521e-14 1.8329e-14 1.27909e-14 8.92191e-15 6.22031e-15 4.33479e-15 3.01946e-15 2.10233e-15 1.46314e-15 1.01786e-15 7.07798e-16 4.91988e-16 3.41843e-16 2.37427e-16 1.64841e-16 1.14403e-16 7.93686e-17 5.50429e-17 3.81592e-17 2.6445e-17 1.83205e-17 1.26878e-17 8.78388e-18 6.07918e-18 4.20594e-18 2.90899e-18 2.01134e-18 1.39026e-18 9.60668e-19 6.63622e-19 4.5829e-19 3.16398e-19 2.18375e-19 1.50678e-19 1.03939e-19
4.124e-05 1.8075e-05 1.51963e-05 1.25204e-05 1.01506e-05 8.12102e-06 6.42539e-06 5.03573e-06 3.91426e-06 3.02064e-06 2.31615e-06 1.76583e-06 1.33933e-06 1.0111e-06 7.60051e-07 5.691e-07 4.24585e-07 3.15709e-07 2.34023e-07 1.72971e-07 1.27499e-07 9.37426e-08 6.87587e-08 5.03198e-08 3.67472e-08 2.67814e-08 1.9481e-08 1.41448e-08 1.02526e-08 7.41907e-09 5.3602e-09 3.86686e-09 2.78553e-09 2.00381e-09 1.43955e-09 1.03286e-09 7.40161e-10 5.2978e-10 3.78765e-10 2.705e-10 1.92976e-10 1.37529e-10 9.79164e-11 6.96466e-11 4.94926e-11 3.51391e-11 2.49265e-11 1.76671e-11 1.25116e-11 8.85342e-12 6.25999e-12 4.42292e-12 3.12267e-12 2.20309e-12 1.55323e-12 1.09432e-12 7.70492e-13 5.4214e-13 3.81225e-13 2.67908e-13 1.88161e-13 1.32074e-13 9.26532e-14 6.4962e-14 4.5522e-14 3.18824e-14 2.2318e-14 1.56148e-14 1.09194e-14 7.63221e-15 5.33203e-15 3.72333e-15 2.59878e-15 1.81305e-15 1.26433e-15 8.81293e-16 6.14039e-16 4.27651e-16 2.97718e-16 2.07178e-16 1.44116e-16 1.0021e-16 6.96539e-17 4.83967e-17 3.36145e-17 2.33388e-17 1.61986e-17 1.12389e-17 7.79504e-18 5.40464e-18 3.74603e-18 2.59557e-18 1.79785e-18 1.2449e-18 8.61752e-19 5.96341e-19 4.12549e-19 2.85316e-19 1.97265e-19 1.36347e-19 9.42147e-20
2.71022e-05 1.22561e-05 1.04003e-05 8.63909e-06 7.05545e-06 5.68269e-06 4.52418e-06 3.56637e-06 2.78736e-06 2.16222e-06 1.66618e-06 1.27634e-06 9.72496e-07 7.37402e-07 5.56673e-07 4.18539e-07 3.13508e-07 2.34023e-07 1.74131e-07 1.29179e-07 9.55638e-08 7.05106e-08 5.18971e-08 3.81085e-08 2.79219e-08 2.04157e-08 1.4898e-08 1.08511e-08 7.88947e-09 5.72639e-09 4.14962e-09 3.00234e-09 2.16903e-09 1.56478e-09 1.12731e-09 8.11082e-10 5.82823e-10 4.18291e-10 2.99855e-10 2.1471e-10 1.53575e-10 1.09731e-10 7.83236e-11 5.58507e-11 3.97878e-11 2.83184e-11 2.01371e-11 1.43069e-11 1.01562e-11 7.20369e-12 5.10545e-12 3.61556e-12 2.55852e-12 1.80919e-12 1.2784e-12 9.02708e-13 6.3699e-13 4.49189e-13 3.16553e-13 2.2294e-13 1.56914e-13 1.10376e-13 7.75949e-14 5.45182e-14 3.8283e-14 2.68677e-14 1.88462e-14 1.32126e-14 9.2582e-15 6.48407e-15 4.53893e-15 3.17578e-15 2.22096e-15 1.55249e-15 1.08472e-15 7.57555e-16 5.28834e-16 3.69009e-16 2.57379e-16 1.79443e-16 1.25056e-16 8.71181e-17 6.06655e-17 4.22286e-17 2.93838e-17 2.04384e-17 1.4211e-17 9.87753e-18 6.86304e-18 4.76687e-18 3.3098e-18 2.29733e-18 1.59404e-18 1.10569e-18 7.66705e-19 5.31478e-19 3.68304e-19 2.55149e-19 1.76705e-19 1.22342e-19 8.46785e-20
1.78111e-05 8.3026e-06 7.11011e-06 5.95354e-06 4.89724e-06 3.97036e-06 3.18019e-06 2.52119e-06 1.98106e-06 1.54458e-06 1.19601e-06 9.20431e-07 7.04446e-07 5.36449e-07 4.06655e-07 3.06978e-07 2.30841e-07 1.72971e-07 1.29179e-07 9.61774e-08 7.14004e-08 5.28633e-08 3.90394e-08 2.87615e-08 2.11416e-08 1.55072e-08 1.13513e-08 8.29317e-09 6.04779e-09 4.40263e-09 3.19964e-09 2.32165e-09 1.682e-09 1.2168e-09 8.79025e-10 6.34155e-10 4.56904e-10 3.28783e-10 2.36304e-10 1.69639e-10 1.21645e-10 8.71348e-11 6.23494e-11 4.4569e-11 3.18277e-11 2.27073e-11 1.61854e-11 1.15264e-11 8.20135e-12 5.83056e-12 4.14171e-12 2.93969e-12 2.08491e-12 1.47755e-12 1.04636e-12 7.40468e-13 5.23635e-13 3.70045e-13 2.61332e-13 1.84437e-13 1.30086e-13 9.16944e-14 6.45941e-14 4.54765e-14 3.19985e-14 2.25023e-14 1.58156e-14 1.11098e-14 7.80012e-15 5.47355e-15 3.83899e-15 2.69122e-15 1.88568e-15 1.32063e-15 9.24464e-16 6.46844e-16 4.5239e-16 3.16253e-16 2.20988e-16 1.54353e-16 1.07766e-16 7.52089e-17 5.24664e-17 3.65865e-17 2.5503e-17 1.77703e-17 1.23776e-17 8.61817e-18 5.99841e-18 4.17351e-18 2.90278e-18 2.01825e-18 1.40277e-18 9.74663e-19 6.76983e-19 4.70066e-19 3.26288e-19 2.26415e-19 1.57063e-19 1.08921e-19 7.5512e-20
1.17051e-05 5.61937e-06 4.8558e-06 4.09802e-06 3.39475e-06 2.76999e-06 2.23195e-06 1.7793e-06 1.40545e-06 1.10124e-06 8.56767e-07 6.62349e-07 5.09135e-07 3.89346e-07 2.96343e-07 2.24584e-07 1.69528e-07 1.27499e-07 9.55638e-08 7.14004e-08 5.31887e-08 3.95121e-08 2.92755e-08 2.16376e-08 1.59552e-08 1.17393e-08 8.6193e-09 6.31598e-09 4.61945e-09 3.37254e-09 2.45798e-09 1.78849e-09 1.2993e-09 9.42499e-10 6.8269e-10 4.93813e-10 3.56715e-10 2.57348e-10 1.85432e-10 1.33453e-10 9.59332e-11 6.88855e-11 4.94104e-11 3.54043e-11 2.53429e-11 1.8123e-11 1.29478e-11 9.24184e-12 6.59075e-12 4.69608e-12 3.34325e-12 2.3782e-12 1.69036e-12 1.20054e-12 8.52008e-13 6.04215e-13 4.28182e-13 3.03222e-13 2.14584e-13 1.51756e-13 1.07253e-13 7.57532e-14 5.34714e-14 3.77206e-14 2.65937e-14 1.87382e-14 1.31956e-14 9.28732e-15 6.53305e-15 4.59315e-15 3.22759e-15 2.26686e-15 1.59131e-15 1.11653e-15 7.83031e-16 5.48886e-16 3.84577e-16 2.69333e-16 1.88539e-16 1.31923e-16 9.22692e-17 6.45072e-17 4.50796e-17 3.14902e-17 2.19885e-17 1.53478e-17 1.07085e-17 7.46872e-18 5.20716e-18 3.62908e-18 2.52833e-18 1.76083e-18 1.22588e-18 8.53158e-19 5.93558e-19 4.12811e-19 2.87009e-19 1.9948e-19 1.38601e-19 9.62707e-20 6.6848e-20
7.69241e-06 3.8001e-06 3.313e-06 2.81768e-06 2.35033e-06 1.9299e-06 1.56412e-06 1.25372e-06 9.95386e-07 7.83737e-07 6.12576e-07 4.75673e-07 3.67201e-07 2.8196e-07 2.1546e-07 1.63915e-07 1.24193e-07 9.37426e-08 7.05106e-08 5.28633e-08 3.95121e-08 2.94486e-08 2.18893e-08 1.62294e-08 1.20042e-08 8.85895e-09 6.5238e-09 4.7944e-09 3.51663e-09 2.57464e-09 1.88166e-09 1.37288e-09 1.00006e-09 7.27355e-10 5.28229e-10 3.83072e-10 2.77423e-10 2.00647e-10 1.44934e-10 1.04562e-10 7.5347e-11 5.42328e-11 3.89922e-11 2.80046e-11 2.00924e-11 1.44012e-11 1.0312e-11 7.37699e-12 5.27251e-12 3.76504e-12 2.68625e-12 1.91496e-12 1.36401e-12 9.70798e-13 6.90407e-13 4.9063e-13 3.48404e-13 2.4723e-13 1.75314e-13 1.24232e-13 8.79758e-14 6.22601e-14 4.40332e-14 3.11229e-14 2.19846e-14 1.55202e-14 1.09502e-14 7.72153e-15 5.44179e-15 3.83304e-15 2.69844e-15 1.89869e-15 1.33529e-15 9.38591e-16 6.59423e-16 4.63065e-16 3.25023e-16 2.28026e-16 1.59902e-16 1.12081e-16 7.85268e-17 5.49941e-17 3.84972e-17 2.69378e-17 1.88415e-17 1.31733e-17 9.20666e-18 6.43191e-18 4.49171e-18 3.13559e-18 2.18809e-18 1.52635e-18 1.06435e-18 7.41932e-19 5.17001e-19 3.60139e-19 2.50785e-19 1.74578e-19 1.21488e-19 8.45159e-20 5.87767e-20
5.05532e-06 2.56778e-06 2.25831e-06 1.93533e-06 1.62533e-06 1.34287e-06 1.09459e-06 8.82058e-07 7.03832e-07 5.5682e-07 4.37194e-07 3.40963e-07 2.64309e-07 2.0377e-07 1.56317e-07 1.19368e-07 9.07717e-08 6.87587e-08 5.18971e-08 3.90394e-08 2.92755e-08 2.18893e-08 1.63216e-08 1.21386e-08 9.00547e-09 6.6656e-09 4.92286e-09 3.62818e-09 2.66868e-09 1.95922e-09 1.43577e-09 1.05035e-09 7.6713e-10 5.59389e-10 4.07286e-10 2.96108e-10 2.14977e-10 1.55864e-10 1.12859e-10 8.16167e-11 5.89518e-11 4.25311e-11 3.06496e-11 2.20631e-11 1.58654e-11 1.13969e-11 8.17883e-12 5.86377e-12 4.20006e-12 3.00565e-12 2.149e-12 1.53519e-12 1.09578e-12 7.81509e-13 5.56927e-13 3.96577e-13 2.82182e-13 2.00638e-13 1.42556e-13 1.01217e-13 7.18172e-14 5.09228e-14 3.60839e-14 2.55528e-14 1.8084e-14 1.27904e-14 9.04103e-15 6.38702e-15 4.50952e-15 3.18215e-15 2.24426e-15 1.58196e-15 1.11452e-15 7.84794e-16 5.52339e-16 3.88545e-16 2.7319e-16 1.91992e-16 1.34865e-16 9.4692e-17 6.64558e-17 4.66187e-17 3.26888e-17 2.29114e-17 1.60518e-17 1.12413e-17 7.86919e-18 5.50646e-18 3.85163e-18 2.69308e-18 1.8823e-18 1.31512e-18 9.18507e-19 6.41272e-19 4.47557e-19 3.12249e-19 2.17773e-19 1.5183e-19 1.0582e-19 7.37282e-20 5.13521e-20
3.32226e-06 1.73377e-06 1.53804e-06 1.32797e-06 1.12273e-06 9.33265e-07 7.64992e-07 6.19691e-07 4.9692e-07 3.94965e-07 3.11493e-07 2.43966e-07 1.89893e-07 1.46976e-07 1.13178e-07 8.67446e-08 6.61995e-08 5.03198e-08 3.81085e-08 2.87615e-08 2.16376e-08 1.62294e-08 1.21386e-08 9.05478e-09 6.73749e-09 5.00135e-09 3.70423e-09 2.73767e-09 2.0192e-09 1.48641e-09 1.09217e-09 8.01081e-10 5.86579e-10 4.28818e-10 3.13e-10 2.28121e-10 1.66021e-10 1.20659e-10 8.75747e-11 6.34803e-11 4.5958e-11 3.32325e-11 2.40028e-11 1.73171e-11 1.24801e-11 8.98469e-12 6.4617e-12 4.64261e-12 3.33242e-12 2.38976e-12 1.7122e-12 1.22567e-12 8.76643e-13 6.26482e-13 4.47345e-13 3.19178e-13 2.27557e-13 1.62114e-13 1.15407e-13 8.20984e-14 5.83625e-14 4.14608e-14 2.94342e-14 2.08826e-14 1.48061e-14 1.04912e-14 7.42929e-15 5.25787e-15 3.71895e-15 2.62895e-15 1.85738e-15 1.31155e-15 9.25619e-16 6.52908e-16 4.60308e-16 3.24358e-16 2.28447e-16 1.60818e-16 1.13156e-16 7.9582e-17 5.59439e-17 3.93092e-17 2.76085e-17 1.93821e-17 1.36011e-17 9.54029e-18 6.68914e-18 4.68815e-18 3.28442e-18 2.30009e-18 1.61013e-18 1.12671e-18 7.88136e-19 5.51098e-19 3.8521e-19 2.6916e-19 1.88005e-19 1.31274e-19 9.163e-20 6.39367e-20 4.45983e-20
2.18333e-06 1.16982e-06 1.04663e-06 9.10364e-07 7.74731e-07 6.4785e-07 5.33971e-07 4.34778e-07 3.50331e-07 2.7973e-07 2.21576e-07 1.74267e-07 1.36186e-07 1.05815e-07 8.17864e-08 6.29115e-08 4.81795e-08 3.67472e-08 2.79219e-08 2.11416e-08 1.59552e-08 1.20042e-08 9.00547e-09 6.73749e-09 5.02775e-09 3.74278e-09 2.7798e-09 2.06008e-09 1.52352e-09 1.12449e-09 8.28393e-10 6.09163e-10 4.47176e-10 3.27721e-10 2.39794e-10 1.7519e-10 1.27803e-10 9.3102e-11 6.77308e-11 4.92088e-11 3.57066e-11 2.58775e-11 1.8732e-11 1.3544e-11 9.78202e-12 7.05739e-12 5.08637e-12 3.66213e-12 2.63411e-12 1.89287e-12 1.35895e-12 9.74764e-13 6.98577e-13 5.00218e-13 3.57886e-13 2.55847e-13 1.82757e-13 1.30447e-13 9.30396e-14 6.63111e-14 4.72274e-14 3.36125e-14 2.39063e-14 1.69916e-14 1.20691e-14 8.56718e-15 6.0776e-15 4.30886e-15 3.05305e-15 2.16198e-15 1.53011e-15 1.0823e-15 7.65136e-16 5.40622e-16 3.81787e-16 2.69478e-16 1.9011e-16 1.34051e-16 9.44768e-17 6.65535e-17 4.68611e-17 3.29802e-17 2.32004e-17 1.63134e-17 1.14658e-17 8.05519e-18 5.6567e-18 3.97073e-18 2.78611e-18 1.95412e-18 1.37004e-18 9.60163e-19 6.72651e-19 4.71053e-19 3.29753e-19 2.30754e-19 1.61418e-19 1.12875e-19 7.89034e-20 5.51368e-20 3.85159e-20
1.43485e-06 7.88771e-07 7.1167e-07 6.23525e-07 5.34067e-07 4.4923e-07 3.72274e-07 3.04652e-07 2.46647e-07 1.97829e-07 1.57374e-07 1.24281e-07 9.75058e-08 7.60481e-08 5.89944e-08 4.55405e-08 3.49963e-08 2.67814e-08 2.04157e-08 1.55072e-08 1.17393e-08 8.85895e-09 6.6656e-09 5.00135e-09 3.74278e-09 2.79397e-09 2.08078e-09 1.54618e-09 1.14649e-09 8.484e-10 6.266e-10 4.61931e-10 3.39935e-10 2.49735e-10 1.83171e-10 1.34139e-10 9.80849e-11 7.16179e-11 5.22201e-11 3.80251e-11 2.76529e-11 2.00849e-11 1.45704e-11 1.05576e-11 7.64135e-12 5.52456e-12 3.98991e-12 2.8786e-12 2.07475e-12 1.49392e-12 1.07468e-12 7.72379e-13 5.5462e-13 3.97909e-13 2.85235e-13 2.04299e-13 1.46211e-13 1.04557e-13 7.47126e-14 5.33472e-14 3.80639e-14 2.71398e-14 1.93374e-14 1.37688e-14 9.79724e-15 6.96676e-15 4.95088e-15 3.51613e-15 2.49564e-15 1.77028e-15 1.25501e-15 8.89213e-16 6.29682e-16 4.45654e-16 3.1524e-16 2.22872e-16 1.57487e-16 1.11228e-16 7.85171e-17 5.53993e-17 3.90692e-17 2.75398e-17 1.94037e-17 1.36651e-17 9.6193e-18 6.76838e-18 4.76034e-18 3.34662e-18 2.35176e-18 1.65196e-18 1.15993e-18 8.14126e-19 5.71189e-19 4.00591e-19 2.80839e-19 1.96811e-19 1.37874e-19 9.65515e-20 6.75895e-20 4.72984e-20 3.30874e-20
9.42958e-07 5.31501e-07 4.8355e-07 4.26703e-07 3.67815e-07 3.11179e-07 2.59248e-07 2.13212e-07 1.73425e-07 1.39715e-07 1.11613e-07 8.84975e-08 6.97003e-08 5.45642e-08 4.24806e-08 3.29069e-08 2.53732e-08 1.9481e-08 1.4898e-08 1.13513e-08 8.6193e-09 6.5238e-09 4.92286e-09 3.70423e-09 2.7798e-09 2.08078e-09 1.5538e-09 1.15764e-09 8.60607e-10 6.38467e-10 4.72732e-10 3.49358e-10 2.57717e-10 1.89786e-10 1.39529e-10 1.02417e-10 7.50613e-11 5.49312e-11 4.01425e-11 2.92952e-11 2.13508e-11 1.55409e-11 1.12981e-11 8.20377e-12 5.95005e-12 4.31065e-12 3.11956e-12 2.25521e-12 1.62869e-12 1.17505e-12 8.46953e-13 6.09894e-13 4.38787e-13 3.15404e-13 2.2652e-13 1.62548e-13 1.16546e-13 8.34968e-14 5.97727e-14 4.27568e-14 3.05622e-14 2.18298e-14 1.55814e-14 1.11139e-14 7.92187e-15 5.64291e-15 4.01696e-15 2.8577e-15 2.03174e-15 1.44362e-15 1.02514e-15 7.27541e-16 5.16042e-16 3.65821e-16 2.59188e-16 1.83538e-16 1.299e-16 9.18898e-17 6.49687e-17 4.59118e-17 3.24288e-17 2.28944e-17 1.61556e-17 1.1395e-17 8.03351e-18 5.66113e-18 3.98758e-18 2.80754e-18 1.97587e-18 1.38998e-18 9.77415e-19 6.87026e-19 4.82718e-19 3.39033e-19 2.38025e-19 1.67047e-19 1.1719e-19 8.21828e-20 5.7612e-20 4.03729e-20 2.82821e-20
6.19695e-07 3.57925e-07 3.28319e-07 2.91773e-07 2.53088e-07 2.15338e-07 1.80344e-07 1.49045e-07 1.21789e-07 9.85433e-08 7.90484e-08 6.29257e-08 4.97485e-08 3.90878e-08 3.05391e-08 2.37376e-08 1.83639e-08 1.41448e-08 1.08511e-08 8.29317e-09 6.31598e-09 4.7944e-09 3.62818e-09 2.73767e-09 2.06008e-09 1.54618e-09 1.15764e-09 8.6471e-10 6.44475e-10 4.79319e-10 3.55769e-10 2.63557e-10 1.94886e-10 1.43854e-10 1.06005e-10 7.79879e-11 5.72859e-11 4.20161e-11 3.07719e-11 2.25054e-11 1.64374e-11 1.19899e-11 8.73474e-12 6.35561e-12 4.61905e-12 3.35315e-12 2.43149e-12 1.76127e-12 1.27446e-12 9.21278e-13 6.65314e-13 4.80008e-13 3.45992e-13 2.49168e-13 1.79282e-13 1.28886e-13 9.25795e-14 6.64461e-14 4.76517e-14 3.41469e-14 2.44509e-14 1.74952e-14 1.25092e-14 8.93781e-15 6.38167e-15 4.5535e-15 3.2469e-15 2.31373e-15 1.64771e-15 1.17269e-15 8.34102e-16 5.92923e-16 4.21235e-16 2.99091e-16 2.12246e-16 1.50535e-16 1.06709e-16 7.56022e-17 5.35357e-17 3.78907e-17 2.68042e-17 1.89523e-17 1.3394e-17 9.46136e-18 6.68027e-18 4.71451e-18 3.3257e-18 2.34498e-18 1.65274e-18 1.16435e-18 8.19939e-19 5.77163e-19 4.06106e-19 2.85631e-19 2.00816e-19 1.41132e-19 9.91479e-20 6.96271e-20 4.88778e-20 3.42994e-20 2.40605e-20
4.07253e-07 2.40895e-07 2.2277e-07 1.99357e-07 1.73996e-07 1.48875e-07 1.25326e-07 1.04074e-07 8.54268e-08 6.94175e-08 5.59115e-08 4.46812e-08 3.54567e-08 2.79589e-08 2.19201e-08 1.70955e-08 1.32686e-08 1.02526e-08 7.88947e-09 6.04779e-09 4.61945e-09 3.51663e-09 2.66868e-09 2.0192e-09 1.52352e-09 1.14649e-09 8.60607e-10 6.44475e-10 4.81532e-10 3.59013e-10 2.67117e-10 1.98354e-10 1.47016e-10 1.08769e-10 8.03341e-11 5.92343e-11 4.36068e-11 3.20531e-11 2.35258e-11 1.72426e-11 1.26201e-11 9.22457e-12 6.73401e-12 4.90979e-12 3.57545e-12 2.60072e-12 1.88959e-12 1.37141e-12 9.94269e-13 7.20103e-13 5.21016e-13 3.76604e-13 2.71962e-13 1.96214e-13 1.41437e-13 1.01863e-13 7.32998e-14 5.27019e-14 3.78616e-14 2.71787e-14 1.9495e-14 1.3973e-14 1.00078e-14 7.16268e-15 5.12279e-15 3.66133e-15 2.61505e-15 1.86653e-15 1.3314e-15 9.491e-16 6.76153e-16 4.81411e-16 3.42554e-16 2.43607e-16 1.73142e-16 1.22991e-16 8.73186e-17 6.19592e-17 4.39416e-17 3.11473e-17 2.2067e-17 1.56261e-17 1.10597e-17 7.82397e-18 5.53229e-18 3.91004e-18 2.76221e-18 1.95047e-18 1.37666e-18 9.71238e-19 6.84918e-19 4.82801e-19 3.40187e-19 2.39602e-19 1.68689e-19 1.18717e-19 8.35155e-20 5.87294e-20 4.12838e-20 2.90096e-20 2.03772e-20
2.6764e-07 1.6204e-07 1.51056e-07 1.36113e-07 1.19523e-07 1.02832e-07 8.70066e-08 7.25954e-08 5.98537e-08 4.88419e-08 3.94969e-08 3.16846e-08 2.52358e-08 1.99698e-08 1.57101e-08 1.22929e-08 9.57169e-09 7.41907e-09 5.72639e-09 4.40263e-09 3.37254e-09 2.57464e-09 1.95922e-09 1.48641e-09 1.12449e-09 8.484e-10 6.38467e-10 4.79319e-10 3.59013e-10 2.68313e-10 2.00108e-10 1.48943e-10 1.10648e-10 8.20484e-11 6.07343e-11 4.48812e-11 3.31124e-11 2.43915e-11 1.79405e-11 1.31765e-11 9.66403e-12 7.07831e-12 5.17767e-12 3.7826e-12 2.76004e-12 2.01153e-12 1.46433e-12 1.0648e-12 7.73446e-13 5.61222e-13 4.06815e-13 2.94598e-13 2.13129e-13 1.54046e-13 1.1124e-13 8.02572e-14 5.78538e-14 4.16689e-14 2.99871e-14 2.1563e-14 1.54932e-14 1.11235e-14 7.98023e-15 5.721e-15 4.09844e-15 2.934e-15 2.09897e-15 1.50058e-15 1.07209e-15 7.65457e-16 5.46183e-16 3.89484e-16 2.77573e-16 1.97701e-16 1.40731e-16 1.0012e-16 7.11888e-17 5.05899e-17 3.59321e-17 2.55078e-17 1.80983e-17 1.28346e-17 9.09721e-18 6.44498e-18 4.56379e-18 3.23016e-18 2.28517e-18 1.6159e-18 1.14213e-18 8.06908e-19 5.69826e-19 4.02229e-19 2.83806e-19 2.00165e-19 1.41117e-19 9.94473e-20 7.00543e-20 4.93295e-20 3.47225e-20 2.44315e-20 1.71841e-20
1.75888e-07 1.0894e-07 1.02364e-07 9.28665e-08 8.20391e-08 7.09675e-08 6.03472e-08 5.05868e-08 4.1891e-08 3.43258e-08 2.78678e-08 2.24401e-08 1.79376e-08 1.42441e-08 1.12434e-08 8.82644e-09 6.89429e-09 5.3602e-09 4.14962e-09 3.19964e-09 2.45798e-09 1.88166e-09 1.43577e-09 1.09217e-09 8.28393e-10 6.266e-10 4.72732e-10 3.55769e-10 2.67117e-10 2.00108e-10 1.4959e-10 1.11598e-10 8.30926e-11 6.17531e-11 4.58119e-11 3.39274e-11 2.50846e-11 1.85171e-11 1.36481e-11 1.00446e-11 7.382e-12 5.41774e-12 3.97087e-12 2.90666e-12 2.12502e-12 1.55171e-12 1.13174e-12 8.24508e-13 6.00018e-13 4.36184e-13 3.16756e-13 2.29796e-13 1.66546e-13 1.2059e-13 8.72342e-14 6.30475e-14 4.55267e-14 3.28466e-14 2.36783e-14 1.70552e-14 1.22748e-14 8.82744e-15 6.34342e-15 4.55501e-15 3.26843e-15 2.34358e-15 1.67926e-15 1.20243e-15 8.60423e-16 6.15291e-16 4.39716e-16 3.14045e-16 2.24153e-16 1.59895e-16 1.13991e-16 8.12182e-17 5.78349e-17 4.11609e-17 2.92781e-17 2.08146e-17 1.47898e-17 1.05035e-17 7.45562e-18 5.28953e-18 3.75091e-18 2.65856e-18 1.88344e-18 1.33368e-18 9.43963e-19 6.67823e-19 4.72253e-19 3.33809e-19 2.3585e-19 1.66567e-19 1.17587e-19 8.29765e-20 5.85293e-20 4.12685e-20 2.90867e-20 2.04928e-20 1.44326e-20
1.15591e-07 7.32034e-08 6.93275e-08 6.3318e-08 5.62683e-08 4.89363e-08 4.18188e-08 3.52165e-08 2.92889e-08 2.40977e-08 1.96401e-08 1.58737e-08 1.2734e-08 1.01466e-08 8.03572e-09 6.32853e-09 4.95857e-09 3.86686e-09 3.00234e-09 2.32165e-09 1.78849e-09 1.37288e-09 1.05035e-09 8.01081e-10 6.09163e-10 4.61931e-10 3.49358e-10 2.63557e-10 1.98354e-10 1.48943e-10 1.11598e-10 8.34433e-11 6.22682e-11 4.63785e-11 3.44807e-11 2.55904e-11 1.89604e-11 1.40254e-11 1.03587e-11 7.63918e-12 5.62546e-12 4.13677e-12 3.03793e-12 2.22806e-12 1.63202e-12 1.19397e-12 8.72458e-13 6.36789e-13 4.6426e-13 3.38108e-13 2.45975e-13 1.78765e-13 1.29789e-13 9.41402e-14 6.82184e-14 4.93887e-14 3.57244e-14 2.58179e-14 1.86427e-14 1.34504e-14 9.69631e-15 6.98449e-15 5.02721e-15 3.61568e-15 2.59855e-15 1.8662e-15 1.3393e-15 9.60502e-16 6.88371e-16 4.93014e-16 3.52869e-16 2.524e-16 1.80425e-16 1.28895e-16 9.20272e-17 6.5666e-17 4.68289e-17 3.33765e-17 2.37754e-17 1.69269e-17 1.20446e-17 8.56604e-18 6.08897e-18 4.326e-18 3.07193e-18 2.18034e-18 1.54678e-18 1.09679e-18 7.77356e-19 5.507e-19 3.89955e-19 2.76008e-19 1.95271e-19 1.38092e-19 9.76141e-20 6.89727e-20 4.8715e-20 3.43932e-20 2.42723e-20 1.71229e-20 1.20747e-20
7.59641e-08 4.91661e-08 4.69263e-08 4.31435e-08 3.8565e-08 3.37178e-08 2.89542e-08 2.44936e-08 2.04577e-08 1.68996e-08 1.38263e-08 1.12158e-08 9.02899e-09 7.21879e-09 5.73566e-09 4.5314e-09 3.56135e-09 2.78553e-09 2.16903e-09 1.682e-09 1.2993e-09 1.00006e-09 7.6713e-10 5.86579e-10 4.47176e-10 3.39935e-10 2.57717e-10 1.94886e-10 1.47016e-10 1.10648e-10 8.30926e-11 6.22682e-11 4.65688e-11 3.47604e-11 2.58983e-11 1.92612e-11 1.43006e-11 1.06002e-11 7.8448e-12 5.7968e-12 4.27716e-12 3.15141e-12 2.31877e-12 1.70386e-12 1.2504e-12 9.16487e-13 6.70931e-13 4.90592e-13 3.58319e-13 2.61421e-13 1.90522e-13 1.38706e-13 1.00881e-13 7.32979e-14 5.32056e-14 3.85849e-14 2.79564e-14 2.02377e-14 1.46373e-14 1.05778e-14 7.63788e-15 5.5106e-15 3.97267e-15 2.86176e-15 2.05995e-15 1.4817e-15 1.065e-15 7.64957e-16 5.49065e-16 3.93837e-16 2.82308e-16 2.02231e-16 1.44776e-16 1.0358e-16 7.40613e-17 5.29233e-17 3.77961e-17 2.69772e-17 1.92443e-17 1.37204e-17 9.77671e-18 6.96287e-18 4.95627e-18 3.52613e-18 2.50738e-18 1.78208e-18 1.26596e-18 8.98883e-19 6.37942e-19 4.52539e-19 3.20872e-19 2.27412e-19 1.61101e-19 1.14077e-19 8.07434e-20 5.71259e-20 4.03996e-20 2.8559e-20 2.01806e-20 1.42545e-20 1.00646e-20
