0.349637 0.129495 0.0479612 0.0177634 0.00657904 0.00243668 0.000902475 0.00033425 0.000123796 4.58505e-05 1.69817e-05 6.2895e-06 2.32945e-06 8.62758e-07 3.1954e-07 1.18348e-07 4.38326e-08 1.62343e-08 6.01271e-09 2.22693e-09 8.24788e-10 3.05477e-10 1.1314e-10 4.19036e-11 1.55198e-11 5.74809e-12 2.12892e-12 7.8849e-13 2.92033e-13 1.0816e-13 4.00594e-14 1.48368e-14 5.49512e-15 2.03523e-15 7.53789e-16 2.79181e-16 1.034e-16 3.82965e-17 1.41839e-17 5.25329e-18 1.94566e-18 7.20615e-19 2.66895e-19 9.88498e-20 3.66111e-20 1.35596e-20 5.02209e-21 1.86003e-21 6.88902e-22 2.55149e-22 9.44995e-23 3.49998e-23 1.29629e-23 4.80107e-24 1.77818e-24 6.58583e-25 2.4392e-25 9.03407e-26 3.34595e-26 1.23924e-26 4.58978e-27 1.69992e-27 6.296e-28 2.33185e-28 8.63648e-29 3.1987e-29 1.1847e-29 4.38779e-30 1.62511e-30 6.01891e-31 2.22923e-31 8.2564e-32 3.05792e-32 1.13256e-32 4.19468e-33 1.55359e-33 5.75402e-34 2.13112e-34 7.89304e-35 2.92335e-35 1.08272e-35 4.01008e-36 1.48521e-36 5.50079e-37 2.03733e-37 7.54567e-38 2.79469e-38 1.03507e-38 3.8336e-39 1.41985e-39 5.25871e-40 1.94767e-40 7.21359e-41 2.6717e-41 9.89519e-42 3.66488e-42 1.35736e-42 5.02728e-43 1.86195e-43 6.89613e-44 2.55412e-44
0.129495 0.0643229 0.0298832 0.0133122 0.00576172 0.00244184 0.00101841 0.000419423 0.000170983 6.91203e-05 2.77458e-05 1.10709e-05 4.39465e-06 1.73666e-06 6.8358e-07 2.68131e-07 1.04846e-07 4.08831e-08 1.59016e-08 6.17084e-09 2.38971e-09 9.23675e-10 3.56397e-10 1.37293e-10 5.28103e-11 2.02856e-11 7.78219e-12 2.98192e-12 1.14131e-12 4.36374e-13 1.66682e-13 6.36085e-14 2.4253e-14 9.23975e-15 3.51737e-15 1.338e-15 5.08622e-16 1.93217e-16 7.33541e-17 2.78319e-17 1.0554e-17 3.99992e-18 1.51517e-18 5.73665e-19 2.17094e-19 8.21186e-20 3.10488e-20 1.17346e-20 4.43318e-21 1.67416e-21 6.31998e-22 2.38496e-22 8.99696e-23 3.39287e-23 1.27909e-23 4.82056e-24 1.81621e-24 6.84086e-25 2.57593e-25 9.69705e-26 3.64949e-26 1.37314e-26 5.16526e-27 1.94252e-27 7.30365e-28 2.74547e-28 1.03181e-28 3.87696e-29 1.45644e-29 5.47028e-30 2.0542e-30 7.71246e-31 2.8951e-31 1.08657e-31 4.07733e-32 1.52975e-32 5.73845e-33 2.15228e-33 8.07113e-34 3.02624e-34 1.13451e-34 4.25256e-35 1.59379e-35 5.97242e-36 2.23775e-36 8.3833e-37 3.14024e-37 1.17613e-37 4.40447e-38 1.64923e-38 6.17468e-39 2.31153e-39 8.65236e-40 3.23834e-40 1.21189e-40 4.53477e-41 1.6967e-41 6.34758e-42 2.37448e-42 8.8815e-43 3.32172e-43
0.0479612 0.0298832 0.0163223 0.00827497 0.00399564 0.00186352 0.000846694 0.00037689 0.000165009 7.12616e-05 3.04224e-05 1.28603e-05 5.39015e-06 2.24238e-06 9.26732e-07 3.80761e-07 1.55621e-07 6.33037e-08 2.56403e-08 1.03448e-08 4.15876e-09 1.66641e-09 6.65707e-10 2.65197e-10 1.05372e-10 4.1767e-11 1.65182e-11 6.51892e-12 2.56762e-12 1.00944e-12 3.96163e-13 1.55221e-13 6.07231e-14 2.37202e-14 9.25293e-15 3.60468e-15 1.40252e-15 5.45045e-16 2.11574e-16 8.20392e-17 3.17784e-17 1.22974e-17 4.75425e-18 1.83636e-18 7.08694e-19 2.73273e-19 1.0529e-19 4.05363e-20 1.55948e-20 5.99525e-21 2.30323e-21 8.84261e-22 3.39272e-22 1.30091e-22 4.98528e-23 1.90934e-23 7.30862e-24 2.79612e-24 1.06918e-24 4.08626e-25 1.56095e-25 5.96005e-26 2.27463e-26 8.67718e-27 3.30872e-27 1.26113e-27 4.80486e-28 1.82991e-28 6.96649e-29 2.65115e-29 1.00855e-29 3.83537e-30 1.45803e-30 5.54088e-31 2.10499e-31 7.99433e-32 3.03514e-32 1.15198e-32 4.371e-33 1.65803e-33 6.28752e-34 2.38368e-34 9.03439e-35 3.42323e-35 1.29676e-35 4.91108e-36 1.85946e-36 7.03867e-37 2.66375e-37 1.00785e-37 3.81241e-38 1.44181e-38 5.45159e-39 2.06085e-39 7.78894e-40 2.94322e-40 1.11194e-40 4.20004e-41 1.58614e-41 5.98895e-42 2.26089e-42
0.0177634 0.0133122 0.00827497 0.00465443 0.00245585 0.00123865 0.000603928 0.000286743 0.000133253 6.0833e-05 2.73578e-05 1.21461e-05 5.33261e-06 2.3184e-06 9.99239e-07 4.27355e-07 1.81505e-07 7.6605e-08 3.21474e-08 1.34205e-08 5.5759e-09 2.30647e-09 9.50201e-10 3.89982e-10 1.59497e-10 6.50187e-11 2.6424e-11 1.07082e-11 4.32781e-12 1.7447e-12 7.01682e-13 2.81567e-13 1.12746e-13 4.50548e-14 1.79702e-14 7.15443e-15 2.84346e-15 1.12824e-15 4.46969e-16 1.76807e-16 6.98394e-17 2.75489e-17 1.08527e-17 4.26999e-18 1.67799e-18 6.58639e-19 2.58239e-19 1.01142e-19 3.95721e-20 1.54674e-20 6.03986e-21 2.35633e-21 9.18453e-22 3.57687e-22 1.39183e-22 5.41154e-23 2.1024e-23 8.16173e-24 3.16615e-24 1.22736e-24 4.7546e-25 1.84063e-25 7.12094e-26 2.75319e-26 1.06382e-26 4.10813e-27 1.58551e-27 6.11574e-28 2.35772e-28 9.0846e-29 3.4986e-29 1.34668e-29 5.18107e-30 1.99236e-30 7.65796e-31 2.94212e-31 1.12984e-31 4.33693e-32 1.66404e-32 6.38217e-33 2.44679e-33 9.37677e-34 3.59205e-34 1.37552e-34 5.26543e-35 2.01485e-35 7.70725e-36 2.94718e-36 1.12659e-36 4.30509e-37 1.64459e-37 6.28052e-38 2.39772e-38 9.15102e-39 3.49149e-39 1.33176e-39 5.07826e-40 1.9359e-40 7.37787e-41 2.811e-41 1.07072e-41
0.00657904 0.00576172 0.00399564 0.00245585 0.00139849 0.000754764 0.000391273 0.000196535 9.62285e-05 4.61278e-05 2.17189e-05 1.007e-05 4.60694e-06 2.08299e-06 9.32034e-07 4.13168e-07 1.81626e-07 7.92369e-08 3.433e-08 1.478e-08 6.32629e-09 2.69338e-09 1.14102e-09 4.81161e-10 2.02035e-10 8.44936e-11 3.52044e-11 1.46165e-11 6.04862e-12 2.49528e-12 1.02638e-12 4.21007e-13 1.72239e-13 7.02893e-14 2.86167e-14 1.16245e-14 4.71189e-15 1.90603e-15 7.69511e-16 3.10092e-16 1.24736e-16 5.00898e-17 2.00815e-17 8.03822e-18 3.21268e-18 1.28217e-18 5.10995e-19 2.03378e-19 8.08406e-20 3.20932e-20 1.27254e-20 5.03996e-21 1.99386e-21 7.87936e-22 3.1105e-22 1.22667e-22 4.83282e-23 1.90221e-23 7.48022e-24 2.93888e-24 1.15364e-24 4.52476e-25 1.77322e-25 6.94361e-26 2.71689e-26 1.06226e-26 4.15024e-27 1.62034e-27 6.32176e-28 2.46477e-28 9.60352e-29 3.73943e-29 1.45516e-29 5.65912e-30 2.19953e-30 8.54399e-31 3.31699e-31 1.28703e-31 4.99113e-32 1.93455e-32 7.49441e-33 2.90186e-33 1.12306e-33 4.34428e-34 1.67969e-34 6.49144e-35 2.50759e-35 9.68236e-36 3.73695e-36 1.44169e-36 5.5596e-37 2.14309e-37 8.25778e-38 3.18066e-38 1.22463e-38 4.71337e-39 1.81341e-39 6.97438e-40 2.6814e-40 1.03054e-40 3.95933e-41
0.00243668 0.00244184 0.00186352 0.00123865 0.000754764 0.000432691 0.000236958 0.00012519 6.42445e-05 3.21817e-05 1.57942e-05 7.61645e-06 3.61707e-06 1.69477e-06 7.84633e-07 3.59395e-07 1.63037e-07 7.33159e-08 3.27076e-08 1.44853e-08 6.37221e-09 2.78587e-09 1.21098e-09 5.23596e-10 2.25266e-10 9.64662e-11 4.11305e-11 1.74653e-11 7.38786e-12 3.11376e-12 1.30786e-12 5.47561e-13 2.28543e-13 9.51119e-14 3.94728e-14 1.63386e-14 6.74588e-15 2.77856e-15 1.14184e-15 4.68204e-16 1.91582e-16 7.82347e-17 3.18864e-17 1.2972e-17 5.26783e-18 2.13557e-18 8.64329e-19 3.49264e-19 1.40917e-19 5.67717e-20 2.28392e-20 9.1755e-21 3.6813e-21 1.47507e-21 5.90314e-22 2.35955e-22 9.42037e-23 3.75677e-23 1.49652e-23 5.9551e-24 2.36726e-24 9.40082e-25 3.72959e-25 1.47824e-25 5.85367e-26 2.31591e-26 9.15452e-27 3.6156e-27 1.42681e-27 5.626e-28 2.21663e-28 8.72676e-29 3.43312e-29 1.34961e-29 5.30173e-30 2.08126e-30 8.16469e-31 3.20085e-31 1.25404e-31 4.91e-32 1.92125e-32 7.51316e-33 2.93634e-33 1.14693e-33 4.47737e-34 1.7469e-34 6.81206e-35 2.65496e-35 1.03422e-35 4.02665e-36 1.56697e-36 6.09485e-37 2.36951e-37 9.20766e-38 3.57635e-38 1.38846e-38 5.38811e-39 2.09001e-39 8.10356e-40 3.14066e-40 1.21671e-40
0.000902475 0.00101841 0.000846694 0.000603928 0.000391273 0.000236958 0.000136418 7.54764e-05 4.0434e-05 2.10884e-05 1.07517e-05 5.37557e-06 2.64225e-06 1.2794e-06 6.11286e-07 2.88598e-07 1.34791e-07 6.23415e-08 2.85772e-08 1.2993e-08 5.86316e-09 2.62744e-09 1.16985e-09 5.17758e-10 2.27872e-10 9.97662e-11 4.34655e-11 1.88497e-11 8.13913e-12 3.50004e-12 1.49929e-12 6.3989e-13 2.72154e-13 1.15369e-13 4.87529e-14 2.05405e-14 8.6294e-15 3.61549e-15 1.51085e-15 6.29787e-16 2.61895e-16 1.08659e-16 4.49832e-17 1.85831e-17 7.66128e-18 3.15237e-18 1.29466e-18 5.30743e-19 2.17197e-19 8.87342e-20 3.61925e-20 1.47388e-20 5.993e-21 2.43324e-21 9.86522e-22 3.99418e-22 1.61498e-22 6.52139e-23 2.63007e-23 1.05941e-23 4.26228e-24 1.71285e-24 6.8756e-25 2.75694e-25 1.10429e-25 4.41867e-26 1.76629e-26 7.05357e-27 2.81411e-27 1.12168e-27 4.46688e-28 1.77728e-28 7.06533e-29 2.80636e-29 1.11378e-29 4.41679e-30 1.75014e-30 6.9296e-31 2.74169e-31 1.08396e-31 4.28247e-32 1.69073e-32 6.67045e-33 2.62995e-33 1.03623e-33 4.08022e-34 1.60561e-34 6.31435e-35 2.48174e-35 9.74829e-36 3.82691e-36 1.50149e-36 5.88783e-37 2.30755e-37 9.03889e-38 3.53876e-38 1.38472e-38 5.41572e-39 2.11706e-39 8.2718e-40 3.23042e-40
0.00033425 0.000419423 0.00037689 0.000286743 0.000196535 0.00012519 7.54764e-05 4.35792e-05 2.42946e-05 1.31542e-05 6.9481e-06 3.5926e-06 1.82337e-06 9.10372e-07 4.47948e-07 2.17548e-07 1.04413e-07 4.95787e-08 2.33123e-08 1.08637e-08 5.02084e-09 2.30279e-09 1.0487e-09 4.74442e-10 2.13322e-10 9.53641e-11 4.24017e-11 1.87574e-11 8.25807e-12 3.61925e-12 1.57943e-12 6.86467e-13 2.97213e-13 1.28211e-13 5.51155e-14 2.36145e-14 1.00858e-14 4.29464e-15 1.82342e-15 7.72048e-16 3.26023e-16 1.37324e-16 5.77007e-17 2.41877e-17 1.01164e-17 4.22196e-18 1.75829e-18 7.3078e-19 3.03135e-19 1.25507e-19 5.18691e-20 2.13986e-20 8.81296e-21 3.62362e-21 1.48755e-21 6.09717e-22 2.49536e-22 1.01978e-22 4.16168e-23 1.69604e-23 6.90277e-24 2.80575e-24 1.13902e-24 4.61826e-25 1.8703e-25 7.56553e-26 3.05688e-26 1.23379e-26 4.97436e-27 2.00346e-27 8.06086e-28 3.24005e-28 1.30107e-28 5.21962e-29 2.09207e-29 8.37764e-30 3.35185e-30 1.3399e-30 5.35176e-31 2.13581e-31 8.51685e-32 3.39354e-32 1.35112e-32 5.37533e-33 2.13696e-33 8.48933e-34 3.37011e-34 1.33694e-34 5.30012e-35 2.09976e-35 8.31323e-36 3.28921e-36 1.30059e-36 5.13953e-37 2.02975e-37 8.01133e-38 3.16019e-38 1.24588e-38 4.90899e-39 1.93317e-39 7.60875e-40
0.000123796 0.000170983 0.000165009 0.000133253 9.62285e-05 6.42445e-05 4.0434e-05 2.42946e-05 1.40574e-05 7.88266e-06 4.30403e-06 2.29672e-06 1.20127e-06 6.17296e-07 3.12257e-07 1.55739e-07 7.66911e-08 3.733e-08 1.79793e-08 8.57566e-09 4.0539e-09 1.90056e-09 8.84197e-10 4.0842e-10 1.87396e-10 8.54461e-11 3.87322e-11 1.74603e-11 7.83005e-12 3.49413e-12 1.552e-12 6.86315e-13 3.02228e-13 1.3256e-13 5.79221e-14 2.52175e-14 1.09411e-14 4.73132e-15 2.03954e-15 8.76532e-16 3.75614e-16 1.60512e-16 6.84084e-17 2.908e-17 1.23311e-17 5.21648e-18 2.20167e-18 9.27183e-19 3.89627e-19 1.63394e-19 6.83838e-20 2.85649e-20 1.19097e-20 4.95658e-21 2.05922e-21 8.54053e-22 3.53632e-22 1.46192e-22 6.03422e-23 2.48693e-23 1.02346e-23 4.2059e-24 1.72602e-24 7.07371e-25 2.89521e-25 1.18347e-25 4.83164e-26 1.97018e-26 8.02424e-27 3.26439e-27 1.32652e-27 5.38451e-28 2.18331e-28 8.84365e-29 3.57853e-29 1.44659e-29 5.842e-30 2.35703e-30 9.50089e-31 3.82621e-31 1.53952e-31 6.18907e-32 2.48596e-32 9.977e-33 4.00084e-33 1.60308e-33 6.41826e-34 2.56771e-34 1.02648e-34 4.10044e-35 1.63681e-35 6.52913e-36 2.60263e-36 1.03674e-36 4.12705e-37 1.64181e-37 6.52716e-38 2.59329e-38 1.02969e-38 4.086e-39 1.62042e-39
4.58505e-05 6.91203e-05 7.12616e-05 6.0833e-05 4.61278e-05 3.21817e-05 2.10884e-05 1.31542e-05 7.88266e-06 4.56852e-06 2.57371e-06 1.41487e-06 7.61368e-07 4.02048e-07 2.08767e-07 1.06781e-07 5.38773e-08 2.68493e-08 1.32294e-08 6.451e-09 3.11565e-09 1.49147e-09 7.08108e-10 3.33617e-10 1.56055e-10 7.25086e-11 3.34778e-11 1.53654e-11 7.01289e-12 3.18383e-12 1.43821e-12 6.46596e-13 2.89389e-13 1.28963e-13 5.7236e-14 2.53035e-14 1.11448e-14 4.89121e-15 2.13934e-15 9.32658e-16 4.05326e-16 1.75622e-16 7.5875e-17 3.26896e-17 1.40462e-17 6.01984e-18 2.57355e-18 1.09759e-18 4.67022e-19 1.98274e-19 8.39948e-20 3.55084e-20 1.49806e-20 6.30777e-21 2.65092e-21 1.11203e-21 4.6565e-22 1.94647e-22 8.12281e-23 3.38417e-23 1.40769e-23 5.84643e-24 2.42449e-24 1.00395e-24 4.15134e-25 1.71419e-25 7.06876e-26 2.91108e-26 1.19731e-26 4.9183e-27 2.01787e-27 8.26896e-28 3.38457e-28 1.38376e-28 5.65116e-29 2.30537e-29 9.39473e-30 3.82451e-30 1.55535e-30 6.31899e-31 2.56475e-31 1.03999e-31 4.2132e-32 1.70529e-32 6.89597e-33 2.78621e-33 1.12476e-33 4.53671e-34 1.82837e-34 7.36273e-35 2.96257e-35 1.19114e-35 4.78546e-36 1.92115e-36 7.70693e-37 3.0895e-37 1.23762e-37 4.95435e-38 1.98194e-38 7.92322e-39 3.1654e-39
1.69817e-05 2.77458e-05 3.04224e-05 2.73578e-05 2.17189e-05 1.57942e-05 1.07517e-05 6.9481e-06 4.30403e-06 2.57371e-06 1.49356e-06 8.4459e-07 4.66926e-07 2.53031e-07 1.347e-07 7.05696e-08 3.64407e-08 1.85714e-08 9.35148e-09 4.65713e-09 2.29578e-09 1.1211e-09 5.42688e-10 2.6056e-10 1.2415e-10 5.87326e-11 2.75988e-11 1.2887e-11 5.98164e-12 2.76081e-12 1.26744e-12 5.78921e-13 2.63158e-13 1.19075e-13 5.36452e-14 2.40673e-14 1.07547e-14 4.78752e-15 2.12344e-15 9.3854e-16 4.13437e-16 1.81537e-16 7.94655e-17 3.46815e-17 1.50929e-17 6.55005e-18 2.83505e-18 1.22394e-18 5.27084e-19 2.26442e-19 9.70572e-20 4.15071e-20 1.77122e-20 7.54236e-21 3.2052e-21 1.35939e-21 5.75438e-22 2.43132e-22 1.02542e-22 4.31711e-23 1.81444e-23 7.61325e-24 3.18929e-24 1.33393e-24 5.57067e-25 2.32291e-25 9.67217e-26 4.0216e-26 1.66983e-26 6.92405e-27 2.86732e-27 1.18586e-27 4.89827e-28 2.02079e-28 8.3268e-29 3.4271e-29 1.40889e-29 5.78554e-30 2.37319e-30 9.72428e-31 3.9804e-31 1.62761e-31 6.64869e-32 2.71328e-32 1.10621e-32 4.50574e-33 1.83356e-33 7.45469e-34 3.02815e-34 1.22899e-34 4.98362e-35 2.0192e-35 8.17437e-36 3.30658e-36 1.33647e-36 5.39762e-37 2.17827e-37 8.78408e-38 3.53965e-38 1.42531e-38 5.73521e-39
6.2895e-06 1.10709e-05 1.28603e-05 1.21461e-05 1.007e-05 7.61645e-06 5.37557e-06 3.5926e-06 2.29672e-06 1.41487e-06 8.4459e-07 4.90637e-07 2.7832e-07 1.54597e-07 8.42786e-08 4.51773e-08 2.38509e-08 1.24185e-08 6.38452e-09 3.24433e-09 1.63099e-09 8.11804e-10 4.00341e-10 1.95731e-10 9.49256e-11 4.569e-11 2.18359e-11 1.0366e-11 4.88998e-12 2.29301e-12 1.06917e-12 4.95856e-13 2.28794e-13 1.05057e-13 4.80168e-14 2.18495e-14 9.90044e-15 4.468e-15 2.00859e-15 8.99616e-16 4.01492e-16 1.78571e-16 7.91622e-17 3.49824e-17 1.54119e-17 6.77001e-18 2.96545e-18 1.2954e-18 5.64376e-19 2.45259e-19 1.06318e-19 4.59783e-20 1.98377e-20 8.53998e-21 3.66841e-21 1.57247e-21 6.72661e-22 2.87176e-22 1.22366e-22 5.20425e-23 2.20934e-23 9.36262e-24 3.96078e-24 1.67276e-24 7.05305e-25 2.96911e-25 1.24796e-25 5.2374e-26 2.19477e-26 9.18408e-27 3.8377e-27 1.60143e-27 6.67365e-28 2.77747e-28 1.15446e-28 4.7925e-29 1.98708e-29 8.22901e-30 3.40386e-30 1.40636e-30 5.80411e-31 2.39275e-31 9.8535e-32 4.05347e-32 1.66577e-32 6.83854e-33 2.80467e-33 1.14915e-33 4.70392e-34 1.92369e-34 7.85984e-35 3.20849e-35 1.30859e-35 5.33252e-36 2.17115e-36 8.83255e-37 3.59026e-37 1.45819e-37 5.91781e-38 2.39977e-38 9.72401e-39
2.32945e-06 4.39465e-06 5.39015e-06 5.33261e-06 4.60694e-06 3.61707e-06 2.64225e-06 1.82337e-06 1.20127e-06 7.61368e-07 4.66926e-07 2.7832e-07 1.6182e-07 9.20376e-08 5.13301e-08 2.81265e-08 1.51679e-08 8.06159e-09 4.22805e-09 2.19053e-09 1.12216e-09 5.68877e-10 2.856e-10 1.42089e-10 7.00933e-11 3.43035e-11 1.6663e-11 8.03725e-12 3.851e-12 1.83362e-12 8.67868e-13 4.08453e-13 1.91203e-13 8.9048e-14 4.12699e-14 1.90379e-14 8.74318e-15 3.99825e-15 1.82094e-15 8.26083e-16 3.73352e-16 1.6813e-16 7.54507e-17 3.37466e-17 1.50452e-17 6.68682e-18 2.96305e-18 1.30919e-18 5.76839e-19 2.53473e-19 1.1109e-19 4.85647e-20 2.11788e-20 9.21406e-21 3.99945e-21 1.73213e-21 7.48547e-22 3.22807e-22 1.38925e-22 5.96693e-23 2.5579e-23 1.09446e-23 4.67433e-24 1.99281e-24 8.4812e-25 3.60341e-25 1.52846e-25 6.47287e-26 2.73689e-26 1.15546e-26 4.87079e-27 2.05028e-27 8.618e-28 3.61739e-28 1.51633e-28 6.34766e-29 2.6538e-29 1.10808e-29 4.62096e-30 1.92471e-30 8.00718e-31 3.32726e-31 1.38101e-31 5.7256e-32 2.3712e-32 9.80952e-33 4.05387e-33 1.67356e-33 6.90199e-34 2.84364e-34 1.17045e-34 4.81296e-35 1.97726e-35 8.11553e-36 3.32794e-36 1.36348e-36 5.58137e-37 2.28276e-37 9.32858e-38 3.80899e-38 1.554e-38
8.62758e-07 1.73666e-06 2.24238e-06 2.3184e-06 2.08299e-06 1.69477e-06 1.2794e-06 9.10372e-07 6.17296e-07 4.02048e-07 2.53031e-07 1.54597e-07 9.20376e-08 5.3551e-08 3.05267e-08 1.70843e-08 9.40323e-09 5.09761e-09 2.72536e-09 1.43857e-09 7.50445e-10 3.87219e-10 1.97778e-10 1.00065e-10 5.01798e-11 2.49552e-11 1.23139e-11 6.03148e-12 2.93379e-12 1.41766e-12 6.80773e-13 3.24981e-13 1.54264e-13 7.2835e-14 3.42131e-14 1.59927e-14 7.44082e-15 3.4465e-15 1.58955e-15 7.30106e-16 3.34028e-16 1.52242e-16 6.91353e-17 3.12853e-17 1.41095e-17 6.34258e-18 2.84219e-18 1.26975e-18 5.65601e-19 2.51227e-19 1.11283e-19 4.91628e-20 2.16633e-20 9.52194e-21 4.17518e-21 1.82643e-21 7.97148e-22 3.47146e-22 1.50851e-22 6.54149e-23 2.83087e-23 1.22265e-23 5.2704e-24 2.26762e-24 9.73871e-25 4.17501e-25 1.78673e-25 7.63348e-26 3.25587e-26 1.38647e-26 5.89479e-27 2.50241e-27 1.0607e-27 4.48942e-28 1.89742e-28 8.00803e-29 3.37514e-29 1.42061e-29 5.97151e-30 2.50689e-30 1.05109e-30 4.40157e-31 1.84098e-31 7.69092e-32 3.20924e-32 1.33762e-32 5.56901e-33 2.31605e-33 9.62174e-34 3.99302e-34 1.65539e-34 6.85583e-35 2.83653e-35 1.17244e-35 4.84148e-36 1.99736e-36 8.23251e-37 3.39011e-37 1.39479e-37 5.73352e-38 2.35483e-38
3.1954e-07 6.8358e-07 9.26732e-07 9.99239e-07 9.32034e-07 7.84633e-07 6.11286e-07 4.47948e-07 3.12257e-07 2.08767e-07 1.347e-07 8.42786e-08 5.13301e-08 3.05267e-08 1.77725e-08 1.0151e-08 5.69826e-09 3.14862e-09 1.71484e-09 9.21617e-10 4.89266e-10 2.56801e-10 1.33366e-10 6.85811e-11 3.49419e-11 1.7649e-11 8.84193e-12 4.39577e-12 2.16954e-12 1.06344e-12 5.1788e-13 2.50644e-13 1.20595e-13 5.76985e-14 2.74586e-14 1.3001e-14 6.12565e-15 2.87275e-15 1.34122e-15 6.23496e-16 2.88653e-16 1.33106e-16 6.11447e-17 2.7985e-17 1.27631e-17 5.80097e-18 2.62794e-18 1.18672e-18 5.34249e-19 2.39799e-19 1.07325e-19 4.79009e-20 2.13213e-20 9.46553e-21 4.19154e-21 1.85153e-21 8.15924e-22 3.58722e-22 1.57356e-22 6.88742e-23 3.00816e-23 1.31112e-23 5.70298e-24 2.47575e-24 1.07269e-24 4.63907e-25 2.0026e-25 8.62943e-26 3.71206e-26 1.59409e-26 6.83422e-27 2.92525e-27 1.25011e-27 5.33416e-28 2.27262e-28 9.66819e-29 4.10711e-29 1.74226e-29 7.38058e-30 3.12233e-30 1.31914e-30 5.56598e-31 2.34551e-31 9.87173e-32 4.14971e-32 1.7423e-32 7.30665e-33 3.06065e-33 1.28061e-33 5.35231e-34 2.23456e-34 9.31925e-35 3.88252e-35 1.61585e-35 6.71814e-36 2.7904e-36 1.15787e-36 4.79997e-37 1.98796e-37 8.22577e-38 3.40056e-38
1.18348e-07 2.68131e-07 3.80761e-07 4.27355e-07 4.13168e-07 3.59395e-07 2.88598e-07 2.17548e-07 1.55739e-07 1.06781e-07 7.05696e-08 4.51773e-08 2.81265e-08 1.70843e-08 1.0151e-08 5.913e-09 3.38304e-09 1.90414e-09 1.05579e-09 5.77391e-10 3.11764e-10 1.66361e-10 8.78009e-11 4.58659e-11 2.37306e-11 1.21678e-11 6.18629e-12 3.12016e-12 1.56187e-12 7.76258e-13 3.83198e-13 1.87951e-13 9.16236e-14 4.44054e-14 2.14016e-14 1.026e-14 4.89377e-15 2.32287e-15 1.09743e-15 5.16165e-16 2.4173e-16 1.1274e-16 5.2372e-17 2.42357e-17 1.1174e-17 5.13353e-18 2.35034e-18 1.07251e-18 4.87844e-19 2.21213e-19 1.00008e-19 4.50813e-20 2.02644e-20 9.08409e-21 4.06142e-21 1.81116e-21 8.05656e-22 3.5751e-22 1.58271e-22 6.99061e-23 3.08078e-23 1.35476e-23 5.94487e-24 2.60332e-24 1.13773e-24 4.96252e-25 2.1604e-25 9.38767e-26 4.07184e-26 1.763e-26 7.62013e-27 3.28803e-27 1.41642e-27 6.09177e-28 2.61583e-28 1.12151e-28 4.80111e-29 2.05228e-29 8.75996e-30 3.73381e-30 1.58927e-30 6.75545e-31 2.86768e-31 1.21574e-31 5.14749e-32 2.17673e-32 9.19348e-33 3.8782e-33 1.63406e-33 6.87701e-34 2.89092e-34 1.21391e-34 5.0917e-35 2.13338e-35 8.92924e-36 3.73343e-36 1.5594e-36 6.50687e-37 2.71242e-37 1.12959e-37 4.69971e-38
4.38326e-08 1.04846e-07 1.55621e-07 1.81505e-07 1.81626e-07 1.63037e-07 1.34791e-07 1.04413e-07 7.66911e-08 5.38773e-08 3.64407e-08 2.38509e-08 1.51679e-08 9.40323e-09 5.69826e-09 3.38304e-09 1.97155e-09 1.12969e-09 6.37345e-10 3.54481e-10 1.94574e-10 1.05503e-10 5.65586e-11 2.99997e-11 1.57548e-11 8.19698e-12 4.22744e-12 2.16223e-12 1.0973e-12 5.52752e-13 2.76492e-13 1.37383e-13 6.78306e-14 3.32881e-14 1.62422e-14 7.8814e-15 3.80426e-15 1.82702e-15 8.73194e-16 4.15393e-16 1.96729e-16 9.27711e-17 4.35675e-17 2.0379e-17 9.49593e-18 4.40843e-18 2.03929e-18 9.401e-19 4.31937e-19 1.97817e-19 9.03128e-20 4.11074e-20 1.86559e-20 8.44263e-21 3.81013e-21 1.71489e-21 7.69848e-22 3.44726e-22 1.53984e-22 6.86181e-23 3.05064e-23 1.35319e-23 5.98923e-24 2.64514e-24 1.16578e-24 5.12742e-25 2.25069e-25 9.86027e-26 4.3116e-26 1.88185e-26 8.19871e-27 3.56566e-27 1.54805e-27 6.70959e-28 2.9033e-28 1.25426e-28 5.40998e-29 2.32988e-29 1.00188e-29 4.30186e-30 1.84445e-30 7.89694e-31 3.37635e-31 1.4416e-31 6.14698e-32 2.61763e-32 1.11326e-32 4.72868e-33 2.00607e-33 8.50009e-34 3.59736e-34 1.52068e-34 6.42084e-35 2.70805e-35 1.14088e-35 4.80124e-36 2.01837e-36 8.47605e-37 3.5558e-37 1.49019e-37 6.23894e-38
1.62343e-08 4.08831e-08 6.33037e-08 7.6605e-08 7.92369e-08 7.33159e-08 6.23415e-08 4.95787e-08 3.733e-08 2.68493e-08 1.85714e-08 1.24185e-08 8.06159e-09 5.09761e-09 3.14862e-09 1.90414e-09 1.12969e-09 6.5862e-10 3.77888e-10 2.13646e-10 1.19155e-10 6.56215e-11 3.57167e-11 1.92278e-11 1.02452e-11 5.40655e-12 2.82732e-12 1.46591e-12 7.5392e-13 3.84781e-13 1.94959e-13 9.81009e-14 4.90397e-14 2.43614e-14 1.20298e-14 5.9066e-15 2.88431e-15 1.40111e-15 6.77214e-16 3.25752e-16 1.55969e-16 7.4346e-17 3.52872e-17 1.66796e-17 7.85281e-18 3.68298e-18 1.72093e-18 8.0126e-19 3.71775e-19 1.71922e-19 7.92458e-20 3.6413e-20 1.66807e-20 7.61884e-21 3.46992e-21 1.57595e-21 7.13825e-22 3.22479e-22 1.45312e-22 6.53166e-23 2.92884e-23 1.31023e-23 5.84794e-24 2.60429e-24 1.15726e-24 5.13158e-25 2.27077e-25 1.00281e-25 4.41984e-26 1.94428e-26 8.53683e-27 3.74142e-27 1.6368e-27 7.14817e-28 3.11637e-28 1.35635e-28 5.89366e-29 2.55681e-29 1.10746e-29 4.78952e-30 2.06823e-30 8.91793e-31 3.83973e-31 1.6509e-31 7.08821e-32 3.03921e-32 1.30137e-32 5.56512e-33 2.37678e-33 1.0138e-33 4.31895e-34 1.8377e-34 7.81004e-35 3.31529e-35 1.40568e-35 5.95337e-36 2.51857e-36 1.06431e-36 4.49282e-37 1.89456e-37 7.98081e-38
6.01271e-09 1.59016e-08 2.56403e-08 3.21474e-08 3.433e-08 3.27076e-08 2.85772e-08 2.33123e-08 1.79793e-08 1.32294e-08 9.35148e-09 6.38452e-09 4.22805e-09 2.72536e-09 1.71484e-09 1.05579e-09 6.37345e-10 3.77888e-10 2.20392e-10 1.26602e-10 7.17123e-11 4.00954e-11 2.21478e-11 1.20963e-11 6.53685e-12 3.49754e-12 1.85391e-12 9.74035e-13 5.07497e-13 2.62335e-13 1.34592e-13 6.85627e-14 3.46903e-14 1.74389e-14 8.7126e-15 4.32728e-15 2.13713e-15 1.04978e-15 5.12999e-16 2.49443e-16 1.20712e-16 5.81474e-17 2.78862e-17 1.33166e-17 6.33307e-18 2.99992e-18 1.4156e-18 6.65527e-19 3.11769e-19 1.45545e-19 6.77178e-20 3.14049e-20 1.45185e-20 6.69146e-21 3.0749e-21 1.40893e-21 6.43775e-22 2.93358e-22 1.33325e-22 6.0438e-23 2.73288e-23 1.23275e-23 5.54747e-24 2.49064e-24 1.1157e-24 4.98692e-25 2.22425e-25 9.89978e-26 4.39725e-26 1.94926e-26 8.62406e-27 3.80826e-27 1.67855e-27 7.38501e-28 3.24336e-28 1.42195e-28 6.22346e-29 2.7193e-29 1.18624e-29 5.16647e-30 2.24665e-30 9.75464e-31 4.22896e-31 1.8307e-31 7.91358e-32 3.41597e-32 1.47249e-32 6.33865e-33 2.72497e-33 1.16992e-33 5.0164e-34 2.14822e-34 9.18809e-35 3.92503e-35 1.67471e-35 7.13714e-36 3.03814e-36 1.2918e-36 5.48655e-37 2.32769e-37 9.86468e-38
2.22693e-09 6.17084e-09 1.03448e-08 1.34205e-08 1.478e-08 1.44853e-08 1.2993e-08 1.08637e-08 8.57566e-09 6.451e-09 4.65713e-09 3.24433e-09 2.19053e-09 1.43857e-09 9.21617e-10 5.77391e-10 3.54481e-10 2.13646e-10 1.26602e-10 7.38607e-11 4.24739e-11 2.41e-11 1.35051e-11 7.4803e-12 4.0983e-12 2.22249e-12 1.19367e-12 6.35303e-13 3.35228e-13 1.75453e-13 9.11223e-14 4.69784e-14 2.40511e-14 1.22314e-14 6.18095e-15 3.10451e-15 1.55026e-15 7.69828e-16 3.80244e-16 1.86853e-16 9.13689e-17 4.44667e-17 2.15421e-17 1.03903e-17 4.99032e-18 2.38698e-18 1.13724e-18 5.39751e-19 2.55229e-19 1.20258e-19 5.64664e-20 2.64247e-20 1.23259e-20 5.73129e-21 2.65679e-21 1.22792e-21 5.65884e-22 2.60054e-22 1.19183e-22 5.44766e-23 2.4836e-23 1.12943e-23 5.12357e-24 2.31871e-24 1.04691e-24 4.71608e-25 2.11979e-25 9.50741e-26 4.25515e-26 1.90051e-26 8.47133e-27 3.76857e-27 1.67327e-27 7.41544e-28 3.28026e-28 1.44843e-28 6.38441e-29 2.80928e-29 1.23406e-29 5.41199e-30 2.3696e-30 1.03586e-30 4.52121e-31 1.97035e-31 8.57401e-32 3.72552e-32 1.61646e-32 7.00373e-33 3.03035e-33 1.30938e-33 5.65012e-34 2.4349e-34 1.04796e-34 4.50465e-35 1.93392e-35 8.29247e-36 3.55148e-36 1.51923e-36 6.49132e-37 2.77044e-37 1.18107e-37
8.24788e-10 2.38971e-09 4.15876e-09 5.5759e-09 6.32629e-09 6.37221e-09 5.86316e-09 5.02084e-09 4.0539e-09 3.11565e-09 2.29578e-09 1.63099e-09 1.12216e-09 7.50445e-10 4.89266e-10 3.11764e-10 1.94574e-10 1.19155e-10 7.17123e-11 4.24739e-11 2.47867e-11 1.42675e-11 8.10802e-12 4.55289e-12 2.52809e-12 1.38908e-12 7.5571e-13 4.07308e-13 2.17596e-13 1.15276e-13 6.05868e-14 3.16035e-14 1.6367e-14 8.41831e-15 4.30168e-15 2.18441e-15 1.10263e-15 5.53394e-16 2.76216e-16 1.37142e-16 6.7746e-17 3.33025e-17 1.6294e-17 7.93616e-18 3.84853e-18 1.85843e-18 8.93776e-19 4.28155e-19 2.04323e-19 9.71481e-20 4.60256e-20 2.17301e-20 1.02251e-20 4.79579e-21 2.24223e-21 1.04513e-21 4.85693e-22 2.25059e-22 1.03994e-22 4.79213e-23 2.20237e-23 1.00954e-23 4.61588e-24 2.10531e-24 9.57926e-25 4.3484e-25 1.96939e-25 8.89949e-26 4.01283e-26 1.80555e-26 8.10712e-27 3.63278e-27 1.62461e-27 7.25126e-28 3.23037e-28 1.43642e-28 6.37562e-29 2.82481e-29 1.24938e-29 5.51647e-30 2.43164e-30 1.0701e-30 4.70167e-31 2.0625e-31 9.03368e-32 3.95073e-32 1.72522e-32 7.52274e-33 3.27557e-33 1.42425e-33 6.18425e-34 2.68163e-34 1.16127e-34 5.02226e-35 2.16924e-35 9.35767e-36 4.03171e-36 1.73493e-36 7.45679e-37 3.20119e-37 1.37267e-37
3.05477e-10 9.23675e-10 1.66641e-09 2.30647e-09 2.69338e-09 2.78587e-09 2.62744e-09 2.30279e-09 1.90056e-09 1.49147e-09 1.1211e-09 8.11804e-10 5.68877e-10 3.87219e-10 2.56801e-10 1.66361e-10 1.05503e-10 6.56215e-11 4.00954e-11 2.41e-11 1.42675e-11 8.32833e-12 4.79807e-12 2.73053e-12 1.53616e-12 8.54935e-13 4.70993e-13 2.56997e-13 1.38963e-13 7.4497e-14 3.96126e-14 2.09006e-14 1.09466e-14 5.69295e-15 2.94089e-15 1.50948e-15 7.70026e-16 3.90502e-16 1.96918e-16 9.87619e-17 4.9275e-17 2.44615e-17 1.20848e-17 5.94256e-18 2.90907e-18 1.41792e-18 6.88222e-19 3.32695e-19 1.602e-19 7.68477e-20 3.67286e-20 1.74917e-20 8.30155e-21 3.92674e-21 1.85137e-21 8.70128e-22 4.07699e-22 1.90459e-22 8.87162e-23 4.12077e-23 1.9088e-23 8.81819e-24 4.06318e-24 1.86745e-24 8.56163e-25 3.91574e-25 1.78668e-25 8.13353e-26 3.69433e-26 1.67432e-26 7.57201e-27 3.41722e-27 1.53902e-27 6.91743e-28 3.10309e-28 1.38935e-28 6.20886e-29 2.76958e-29 1.23321e-29 5.4814e-30 2.43219e-30 1.07738e-30 4.76451e-31 2.10359e-31 9.27285e-32 4.08117e-32 1.79346e-32 7.86941e-33 3.44788e-33 1.50845e-33 6.59011e-34 2.87506e-34 1.25258e-34 5.44973e-35 2.36794e-35 1.02754e-35 4.45321e-36 1.92752e-36 8.33276e-37 3.5979e-37 1.55164e-37
1.1314e-10 3.56397e-10 6.65707e-10 9.50201e-10 1.14102e-09 1.21098e-09 1.16985e-09 1.0487e-09 8.84197e-10 7.08108e-10 5.42688e-10 4.00341e-10 2.856e-10 1.97778e-10 1.33366e-10 8.78009e-11 5.65586e-11 3.57167e-11 2.21478e-11 1.35051e-11 8.10802e-12 4.79807e-12 2.80143e-12 1.61523e-12 9.20401e-13 5.18697e-13 2.89285e-13 1.59759e-13 8.7411e-14 4.74067e-14 2.54965e-14 1.3604e-14 7.20384e-15 3.78726e-15 1.97739e-15 1.02564e-15 5.28638e-16 2.70829e-16 1.37947e-16 6.98728e-17 3.52029e-17 1.76445e-17 8.80009e-18 4.36804e-18 2.15815e-18 1.06155e-18 5.19916e-19 2.53582e-19 1.23184e-19 5.96073e-20 2.87346e-20 1.38014e-20 6.60541e-21 3.15052e-21 1.49766e-21 7.09635e-22 3.35187e-22 1.57837e-22 7.41026e-23 3.46895e-23 1.61933e-23 7.53839e-24 3.49991e-24 1.62069e-24 7.48575e-25 3.44899e-25 1.58524e-25 7.26891e-26 3.32537e-26 1.51785e-26 6.9129e-27 3.14162e-27 1.42473e-27 6.44785e-28 2.9122e-28 1.31271e-28 5.90582e-29 2.65197e-29 1.18864e-29 5.31798e-30 2.37504e-30 1.05885e-30 4.7126e-31 2.09391e-31 9.28843e-32 4.11364e-32 1.81896e-32 8.03061e-33 3.54007e-33 1.55821e-33 6.84862e-34 3.00576e-34 1.31732e-34 5.76533e-35 2.51978e-35 1.09982e-35 4.79405e-36 2.087e-36 9.07378e-37 3.94012e-37 1.70881e-37
4.19036e-11 1.37293e-10 2.65197e-10 3.89982e-10 4.81161e-10 5.23596e-10 5.17758e-10 4.74442e-10 4.0842e-10 3.33617e-10 2.6056e-10 1.95731e-10 1.42089e-10 1.00065e-10 6.85811e-11 4.58659e-11 2.99997e-11 1.92278e-11 1.20963e-11 7.4803e-12 4.55289e-12 2.73053e-12 1.61523e-12 9.43281e-13 5.44271e-13 3.10508e-13 1.75266e-13 9.79385e-14 5.42093e-14 2.97355e-14 1.61718e-14 8.72374e-15 4.6696e-15 2.4811e-15 1.30901e-15 6.85972e-16 3.5716e-16 1.84811e-16 9.5063e-17 4.86199e-17 2.47305e-17 1.25129e-17 6.29902e-18 3.15543e-18 1.57322e-18 7.80791e-19 3.85802e-19 1.8982e-19 9.30092e-20 4.53915e-20 2.20669e-20 1.06876e-20 5.15747e-21 2.48005e-21 1.18849e-21 5.67652e-22 2.7025e-22 1.28257e-22 6.0683e-23 2.86259e-23 1.34645e-23 6.31534e-24 2.95397e-24 1.378e-24 6.41147e-25 2.97547e-25 1.37744e-25 6.36111e-26 2.93063e-26 1.34705e-26 6.17759e-27 2.82679e-27 1.2907e-27 5.88083e-28 2.67393e-28 1.21334e-28 5.49477e-29 2.48356e-29 1.12039e-29 5.04496e-30 2.26752e-30 1.01734e-30 4.55636e-31 2.03715e-31 9.0927e-32 4.05177e-32 1.80256e-32 8.00651e-33 3.55072e-33 1.57225e-33 6.9514e-34 3.06887e-34 1.35286e-34 5.95533e-35 2.61787e-35 1.14919e-35 5.03784e-36 2.20555e-36 9.64318e-37 4.21078e-37 1.83634e-37
1.55198e-11 5.28103e-11 1.05372e-10 1.59497e-10 2.02035e-10 2.25266e-10 2.27872e-10 2.13322e-10 1.87396e-10 1.56055e-10 1.2415e-10 9.49256e-11 7.00933e-11 5.01798e-11 3.49419e-11 2.37306e-11 1.57548e-11 1.02452e-11 6.53685e-12 4.0983e-12 2.52809e-12 1.53616e-12 9.20401e-13 5.44271e-13 3.17912e-13 1.83558e-13 1.04835e-13 5.9261e-14 3.31745e-14 1.84007e-14 1.01172e-14 5.51654e-15 2.98421e-15 1.60216e-15 8.53973e-16 4.52044e-16 2.37708e-16 1.24209e-16 6.45091e-17 3.3308e-17 1.71016e-17 8.73323e-18 4.43661e-18 2.24257e-18 1.12807e-18 5.64803e-19 2.81509e-19 1.39698e-19 6.90324e-20 3.39732e-20 1.66532e-20 8.13185e-21 3.95605e-21 1.91762e-21 9.26267e-22 4.4589e-22 2.13934e-22 1.02313e-22 4.87771e-23 2.31834e-23 1.09861e-23 5.19106e-24 2.44591e-24 1.14929e-24 5.38583e-25 2.51732e-25 1.17359e-25 5.45768e-26 2.53188e-26 1.17177e-26 5.41047e-27 2.49252e-27 1.14571e-27 5.25495e-28 2.40513e-28 1.09851e-28 5.00705e-29 2.27769e-29 1.03409e-29 4.68588e-30 2.11938e-30 9.56813e-31 4.31184e-31 1.93968e-31 8.71054e-32 3.905e-32 1.74772e-32 7.80929e-33 3.4838e-33 1.5517e-33 6.90068e-34 3.06417e-34 1.35858e-34 6.01476e-35 2.65904e-35 1.17386e-35 5.17487e-36 2.27818e-36 1.00159e-36 4.39761e-37 1.92831e-37
5.74809e-12 2.02856e-11 4.1767e-11 6.50187e-11 8.44936e-11 9.64662e-11 9.97662e-11 9.53641e-11 8.54461e-11 7.25086e-11 5.87326e-11 4.569e-11 3.43035e-11 2.49552e-11 1.7649e-11 1.21678e-11 8.19698e-12 5.40655e-12 3.49754e-12 2.22249e-12 1.38908e-12 8.54935e-13 5.18697e-13 3.10508e-13 1.83558e-13 1.07236e-13 6.19553e-14 3.54202e-14 2.00495e-14 1.12426e-14 6.248e-15 3.44287e-15 1.88182e-15 1.02066e-15 5.49507e-16 2.93765e-16 1.55987e-16 8.22928e-17 4.31453e-17 2.24858e-17 1.16517e-17 6.00436e-18 3.07773e-18 1.56951e-18 7.96426e-19 4.02206e-19 2.02182e-19 1.0118e-19 5.0416e-20 2.50163e-20 1.23627e-20 6.08549e-21 2.98415e-21 1.45793e-21 7.09725e-22 3.44291e-22 1.66451e-22 8.02072e-23 3.85252e-23 1.84466e-23 8.80576e-24 4.1911e-24 1.98899e-24 9.41271e-25 4.44223e-25 2.09085e-25 9.81541e-26 4.59604e-26 2.14671e-26 1.00024e-26 4.64945e-27 2.15619e-27 9.97656e-28 4.60583e-28 2.12172e-28 9.75305e-29 4.47389e-29 2.04806e-29 9.35684e-30 4.26642e-30 1.94161e-30 8.81944e-31 3.99869e-31 1.8097e-31 8.17567e-32 3.68708e-32 1.65996e-32 7.46079e-33 3.34776e-33 1.49976e-33 6.70806e-34 2.99568e-34 1.33575e-34 5.94707e-35 2.64384e-35 1.17364e-35 5.20254e-36 2.30294e-36 1.018e-36 4.49391e-37 1.98115e-37
2.12892e-12 7.78219e-12 1.65182e-11 2.6424e-11 3.52044e-11 4.11305e-11 4.34655e-11 4.24017e-11 3.87322e-11 3.34778e-11 2.75988e-11 2.18359e-11 1.6663e-11 1.23139e-11 8.84193e-12 6.18629e-12 4.22744e-12 2.82732e-12 1.85391e-12 1.19367e-12 7.5571e-13 4.70993e-13 2.89285e-13 1.75266e-13 1.04835e-13 6.19553e-14 3.6201e-14 2.0927e-14 1.19753e-14 6.78716e-15 3.81176e-15 2.12221e-15 1.17182e-15 6.41952e-16 3.49036e-16 1.88411e-16 1.01005e-16 5.37902e-17 2.84646e-17 1.49711e-17 7.82808e-18 4.07007e-18 2.10467e-18 1.08265e-18 5.54104e-19 2.82209e-19 1.43054e-19 7.21841e-20 3.6263e-20 1.81395e-20 9.03619e-21 4.48331e-21 2.21573e-21 1.09091e-21 5.35138e-22 2.61571e-22 1.2741e-22 6.18519e-23 2.99277e-23 1.44346e-23 6.94036e-24 3.32692e-24 1.59007e-24 7.57773e-25 3.60114e-25 1.70666e-25 8.06664e-26 3.80278e-26 1.78814e-26 8.38717e-27 3.92438e-27 1.83185e-27 8.53094e-28 3.96381e-28 1.83763e-28 8.50072e-29 3.92395e-29 1.80751e-29 8.30899e-30 3.81191e-30 1.74534e-30 7.9759e-31 3.63795e-31 1.65625e-31 7.52673e-32 3.41436e-32 1.54615e-32 6.98948e-33 3.15432e-33 1.42117e-33 6.3926e-34 2.87088e-34 1.28727e-34 5.76305e-35 2.57618e-35 1.14988e-35 5.12496e-36 2.28088e-36 1.01367e-36 4.4987e-37 1.99379e-37
7.8849e-13 2.98192e-12 6.51892e-12 1.07082e-11 1.46165e-11 1.74653e-11 1.88497e-11 1.87574e-11 1.74603e-11 1.53654e-11 1.2887e-11 1.0366e-11 8.03725e-12 6.03148e-12 4.39577e-12 3.12016e-12 2.16223e-12 1.46591e-12 9.74035e-13 6.35303e-13 4.07308e-13 2.56997e-13 1.59759e-13 9.79385e-14 5.9261e-14 3.54202e-14 2.0927e-14 1.22297e-14 7.07346e-15 4.05126e-15 2.29882e-15 1.29292e-15 7.21064e-16 3.98914e-16 2.19e-16 1.19348e-16 6.45839e-17 3.47136e-17 1.85379e-17 9.83817e-18 5.18999e-18 2.72217e-18 1.41987e-18 7.36643e-19 3.80207e-19 1.9526e-19 9.9796e-20 5.07674e-20 2.57096e-20 1.2963e-20 6.50845e-21 3.25435e-21 1.62076e-21 8.0407e-22 3.97408e-22 1.95702e-22 9.60308e-23 4.696e-23 2.28869e-23 1.1118e-23 5.38369e-24 2.5989e-24 1.25079e-24 6.00204e-25 2.87187e-25 1.37029e-25 6.52034e-26 3.09433e-26 1.46463e-26 6.91484e-27 3.25651e-27 1.5299e-27 7.17032e-28 3.35274e-28 1.56412e-28 7.28063e-29 3.38157e-29 1.56724e-29 7.24841e-30 3.34546e-30 1.54097e-30 7.08392e-31 3.25022e-31 1.48842e-31 6.80346e-32 3.10412e-32 1.41374e-32 6.42739e-33 2.91709e-33 1.32168e-33 5.97831e-34 2.69973e-34 1.2172e-34 5.4792e-35 2.46262e-35 1.10513e-35 4.95198e-36 2.21565e-36 9.89905e-37 4.41636e-37 1.96755e-37
2.92033e-13 1.14131e-12 2.56762e-12 4.32781e-12 6.04862e-12 7.38786e-12 8.13913e-12 8.25807e-12 7.83005e-12 7.01289e-12 5.98164e-12 4.88998e-12 3.851e-12 2.93379e-12 2.16954e-12 1.56187e-12 1.0973e-12 7.5392e-13 5.07497e-13 3.35228e-13 2.17596e-13 1.38963e-13 8.7411e-14 5.42093e-14 3.31745e-14 2.00495e-14 1.19753e-14 7.07346e-15 4.1343e-15 2.3924e-15 1.37134e-15 7.79002e-16 4.38728e-16 2.4507e-16 1.35825e-16 7.47155e-17 4.08059e-17 2.21332e-17 1.1926e-17 6.3854e-18 3.39803e-18 1.79768e-18 9.4566e-19 4.9475e-19 2.57482e-19 1.3332e-19 6.8692e-20 3.52248e-20 1.79801e-20 9.13682e-21 4.62297e-21 2.3293e-21 1.16887e-21 5.84236e-22 2.90901e-22 1.44306e-22 7.13266e-23 3.51308e-23 1.72439e-23 8.4359e-24 4.11355e-24 1.99952e-24 9.68936e-25 4.68119e-25 2.25498e-25 1.08314e-25 5.18812e-26 2.47828e-26 1.18068e-26 5.61023e-27 2.65903e-27 1.25714e-27 5.92904e-28 2.78966e-28 1.3095e-28 6.13289e-29 2.86586e-29 1.33627e-29 6.21731e-30 2.88667e-30 1.33751e-30 6.18472e-31 2.85419e-31 1.31463e-31 6.04357e-32 2.77315e-32 1.27016e-32 5.80709e-33 2.65028e-33 1.20746e-33 5.49174e-34 2.49357e-34 1.13036e-34 5.11578e-35 2.31162e-35 1.0429e-35 4.69784e-36 2.113e-36 9.48979e-37 4.25577e-37 1.90579e-37
1.0816e-13 4.36374e-13 1.00944e-12 1.7447e-12 2.49528e-12 3.11376e-12 3.50004e-12 3.61925e-12 3.49413e-12 3.18383e-12 2.76081e-12 2.29301e-12 1.83362e-12 1.41766e-12 1.06344e-12 7.76258e-13 5.52752e-13 3.84781e-13 2.62335e-13 1.75453e-13 1.15276e-13 7.4497e-14 4.74067e-14 2.97355e-14 1.84007e-14 1.12426e-14 6.78716e-15 4.05126e-15 2.3924e-15 1.3985e-15 8.09648e-16 4.64449e-16 2.64106e-16 1.48932e-16 8.33165e-17 4.62548e-17 2.54921e-17 1.3951e-17 7.58374e-18 4.0959e-18 2.19843e-18 1.17293e-18 6.22193e-19 3.28216e-19 1.7221e-19 8.98887e-20 4.66844e-20 2.41285e-20 1.24122e-20 6.35612e-21 3.24056e-21 1.6451e-21 8.3169e-22 4.18777e-22 2.10042e-22 1.04949e-22 5.22451e-23 2.59151e-23 1.28097e-23 6.31029e-24 3.09826e-24 1.51629e-24 7.39742e-25 3.59785e-25 1.74464e-25 8.43524e-26 4.06677e-26 1.9552e-26 9.37454e-27 4.48284e-27 2.13809e-27 1.01718e-27 4.82708e-28 2.28516e-28 1.07923e-28 5.08509e-29 2.39052e-29 1.12128e-29 5.2479e-30 2.4509e-30 1.14222e-30 5.31227e-31 2.46565e-31 1.14215e-31 5.2804e-32 2.43659e-32 1.12224e-32 5.15926e-33 2.36759e-33 1.08456e-33 4.9596e-34 2.2641e-34 1.03184e-34 4.69478e-35 2.13261e-35 9.67193e-36 4.37959e-36 1.98008e-36 8.93868e-37 4.02916e-37 1.8135e-37
4.00594e-14 1.66682e-13 3.96163e-13 7.01682e-13 1.02638e-12 1.30786e-12 1.49929e-12 1.57943e-12 1.552e-12 1.43821e-12 1.26744e-12 1.06917e-12 8.67868e-13 6.80773e-13 5.1788e-13 3.83198e-13 2.76492e-13 1.94959e-13 1.34592e-13 9.11223e-14 6.05868e-14 3.96126e-14 2.54965e-14 1.61718e-14 1.01172e-14 6.248e-15 3.81176e-15 2.29882e-15 1.37134e-15 8.09648e-16 4.73345e-16 2.74157e-16 1.5738e-16 8.95797e-17 5.05754e-17 2.83331e-17 1.57548e-17 8.69824e-18 4.7695e-18 2.59808e-18 1.4063e-18 7.56583e-19 4.0465e-19 2.15199e-19 1.13822e-19 5.98842e-20 3.13459e-20 1.63268e-20 8.4634e-21 4.36692e-21 2.24313e-21 1.14721e-21 5.84245e-22 2.96323e-22 1.49694e-22 7.53291e-23 3.77646e-23 1.88633e-23 9.38859e-24 4.65668e-24 2.30189e-24 1.13413e-24 5.56986e-25 2.72688e-25 1.33095e-25 6.47684e-26 3.14268e-26 1.52056e-26 7.33667e-27 3.53034e-27 1.69427e-27 8.11003e-28 3.87222e-28 1.84425e-28 8.76241e-29 4.15332e-29 1.96406e-29 9.26669e-30 4.36238e-30 2.04914e-30 9.60479e-31 4.49252e-31 2.09699e-31 9.76838e-32 4.54137e-32 2.1072e-32 9.75873e-33 4.51093e-33 2.08131e-33 9.58569e-34 4.40694e-34 2.02252e-34 9.2662e-35 4.23817e-35 1.93524e-35 8.82235e-36 4.01548e-36 1.82476e-36 8.27943e-37 3.75088e-37 1.69673e-37
1.48368e-14 6.36085e-14 1.55221e-13 2.81567e-13 4.21007e-13 5.47561e-13 6.3989e-13 6.86467e-13 6.86315e-13 6.46596e-13 5.78921e-13 4.95856e-13 4.08453e-13 3.24981e-13 2.50644e-13 1.87951e-13 1.37383e-13 9.81009e-14 6.85627e-14 4.69784e-14 3.16035e-14 2.09006e-14 1.3604e-14 8.72374e-15 5.51654e-15 3.44287e-15 2.12221e-15 1.29292e-15 7.79002e-16 4.64449e-16 2.74157e-16 1.60299e-16 9.28813e-17 5.33544e-17 3.03965e-17 1.71808e-17 9.63768e-18 5.36719e-18 2.9682e-18 1.63053e-18 8.89942e-19 4.82725e-19 2.60279e-19 1.39532e-19 7.43852e-20 3.94424e-20 2.08057e-20 1.09198e-20 5.70337e-21 2.96483e-21 1.5342e-21 7.90385e-22 4.0544e-22 2.07109e-22 1.05368e-22 5.33959e-23 2.69551e-23 1.35567e-23 6.79341e-24 3.39225e-24 1.68808e-24 8.37221e-25 4.13873e-25 2.03943e-25 1.00184e-25 4.90645e-26 2.3958e-26 1.16647e-26 5.6633e-27 2.74198e-27 1.32399e-27 6.37613e-28 3.06272e-28 1.46743e-28 7.01347e-29 3.34392e-29 1.59055e-29 7.54795e-30 3.57373e-30 1.68828e-30 7.95825e-31 3.74333e-31 1.75706e-31 8.23032e-32 3.84741e-32 1.79497e-32 8.35793e-33 3.88427e-33 1.80179e-33 8.34249e-34 3.85567e-34 1.77882e-34 8.19222e-35 3.76639e-35 1.72868e-35 7.92101e-36 3.62357e-36 1.65499e-36 7.54686e-37 3.43607e-37 1.56204e-37
5.49512e-15 2.4253e-14 6.07231e-14 1.12746e-13 1.72239e-13 2.28543e-13 2.72154e-13 2.97213e-13 3.02228e-13 2.89389e-13 2.63158e-13 2.28794e-13 1.91203e-13 1.54264e-13 1.20595e-13 9.16236e-14 6.78306e-14 4.90397e-14 3.46903e-14 2.40511e-14 1.6367e-14 1.09466e-14 7.20384e-15 4.6696e-15 2.98421e-15 1.88182e-15 1.17182e-15 7.21064e-16 4.38728e-16 2.64106e-16 1.5738e-16 9.28813e-17 5.43134e-17 3.14825e-17 1.80961e-17 1.03183e-17 5.83835e-18 3.27917e-18 1.82876e-18 1.01296e-18 5.57414e-19 3.04805e-19 1.65663e-19 8.95114e-20 4.80918e-20 2.56973e-20 1.36586e-20 7.22273e-21 3.80054e-21 1.99023e-21 1.03739e-21 5.38295e-22 2.78098e-22 1.43064e-22 7.32937e-23 3.73991e-23 1.9009e-23 9.62522e-24 4.85575e-24 2.44084e-24 1.22264e-24 6.10348e-25 3.03674e-25 1.50601e-25 7.44514e-26 3.66922e-26 1.80287e-26 8.83228e-27 4.3145e-27 2.10167e-27 1.02095e-27 4.94622e-28 2.39001e-28 1.15188e-28 5.53757e-29 2.65557e-29 1.27042e-29 6.06329e-30 2.8871e-30 1.3716e-30 6.50166e-31 3.07519e-31 1.45141e-31 6.83585e-32 3.21292e-32 1.50705e-32 7.05495e-33 3.29619e-33 1.53709e-33 7.1543e-34 3.32379e-34 1.54139e-34 7.13533e-35 3.29728e-35 1.52107e-35 7.00494e-36 3.2206e-36 1.47828e-36 6.77451e-37 3.09962e-37 1.416e-37
