0.370988 0.0252678 0.0162242 0.0112394 0.008193 0.00617774 0.00476545 0.00373427 0.00295908 0.00236398 0.00190007 0.00153426 0.00124329 0.0010103 0.000822749 0.000671159 0.000548228 0.000448272 0.000366819 0.000300322 0.000245948 0.000201425 0.000164916 0.000134938 0.000110281 8.99612e-05 7.31728e-05 5.92541e-05 4.76594e-05 3.79368e-05 3.11532e-05
0.0252678 0.00358045 0.00214239 0.00136615 0.000912201 0.000630234 0.000446898 0.000323388 0.000237806 0.000177144 0.000133345 0.000101241 7.74134e-05 5.95457e-05 4.60308e-05 3.57338e-05 2.78396e-05 2.17552e-05 1.70439e-05 1.33809e-05 1.05225e-05 8.28431e-06 6.52625e-06 5.14102e-06 4.0461e-06 3.1778e-06 2.48673e-06 1.93458e-06 1.49162e-06 1.13496e-06 9.07187e-07
0.0162242 0.00214239 0.00122223 0.000751995 0.000489679 0.000332617 0.000233208 0.000167504 0.000122578 9.10251e-05 6.83867e-05 5.18634e-05 3.9635e-05 3.04819e-05 2.35664e-05 1.83004e-05 1.42642e-05 1.11531e-05 8.74349e-06 6.86924e-06 5.40591e-06 4.25949e-06 3.35845e-06 2.64809e-06 2.08635e-06 1.64074e-06 1.28611e-06 1.003e-06 7.76404e-07 6.11134e-07 4.88812e-07
0.0112394 0.00136615 0.000751995 0.000450003 0.000287322 0.000192615 0.000133904 9.56628e-05 6.9773e-05 5.17094e-05 3.88049e-05 2.94122e-05 2.24729e-05 1.72841e-05 1.33657e-05 1.03827e-05 8.09618e-06 6.33346e-06 4.96781e-06 3.90525e-06 3.07535e-06 2.42496e-06 1.91363e-06 1.51043e-06 1.19158e-06 9.38707e-07 7.37627e-07 5.77388e-07 4.55914e-07 3.58893e-07 2.87148e-07
0.008193 0.000912201 0.000489679 0.000287322 0.000180942 0.000120222 8.312e-05 5.91896e-05 4.30911e-05 3.19033e-05 2.393e-05 1.81345e-05 1.3856e-05 1.0658e-05 8.24336e-06 6.40505e-06 4.99584e-06 3.9093e-06 3.06738e-06 2.41221e-06 1.90044e-06 1.49933e-06 1.18398e-06 9.35354e-07 7.38799e-07 5.83021e-07 4.59302e-07 3.63404e-07 2.86998e-07 2.25932e-07 1.80769e-07
0.00617774 0.000630234 0.000332617 0.000192615 0.000120222 7.94411e-05 5.47535e-05 3.89249e-05 2.83144e-05 2.09551e-05 1.57156e-05 1.19091e-05 9.09963e-06 6.9997e-06 5.41414e-06 4.20698e-06 3.28158e-06 2.56806e-06 2.01518e-06 1.58496e-06 1.24894e-06 9.85618e-07 7.7865e-07 6.15528e-07 4.8664e-07 3.84578e-07 3.04606e-07 2.41032e-07 1.90362e-07 1.49857e-07 1.19878e-07
0.00476545 0.000446898 0.000233208 0.000133904 8.312e-05 5.47535e-05 3.76779e-05 2.6766e-05 1.94639e-05 1.44032e-05 1.08013e-05 8.18463e-06 6.2533e-06 4.80974e-06 3.7198e-06 2.89004e-06 2.25401e-06 1.76369e-06 1.38383e-06 1.08831e-06 8.57565e-07 6.768e-07 5.34777e-07 4.22896e-07 3.34554e-07 2.65049e-07 2.09927e-07 1.66107e-07 1.31181e-07 1.03263e-07 8.25803e-08
0.00373427 0.000323388 0.000167504 9.56628e-05 5.91896e-05 3.89249e-05 2.6766e-05 1.90089e-05 1.38215e-05 1.0227e-05 7.6686e-06 5.80993e-06 4.43803e-06 3.41269e-06 2.63862e-06 2.04945e-06 1.59795e-06 1.24999e-06 9.80513e-07 7.70946e-07 6.07376e-07 4.79293e-07 3.78711e-07 2.99521e-07 2.3719e-07 1.87884e-07 1.48788e-07 1.17715e-07 9.29536e-08 7.3166e-08 5.84901e-08
0.00295908 0.000237806 0.000122578 6.9773e-05 4.30911e-05 2.83144e-05 1.94639e-05 1.38215e-05 1.00488e-05 7.43443e-06 5.57342e-06 4.2214e-06 3.22354e-06 2.47788e-06 1.91511e-06 1.4869e-06 1.15888e-06 9.06177e-07 7.10561e-07 5.58505e-07 4.39879e-07 3.47037e-07 2.74168e-07 2.16894e-07 1.71713e-07 1.35986e-07 1.07667e-07 8.51657e-08 6.72415e-08 5.29226e-08 4.22908e-08
0.00236398 0.000177144 9.10251e-05 5.17094e-05 3.19033e-05 2.09551e-05 1.44032e-05 1.0227e-05 7.43443e-06 5.49896e-06 4.12116e-06 3.12026e-06 2.38169e-06 1.82994e-06 1.41367e-06 1.09707e-06 8.54655e-07 6.67993e-07 5.23571e-07 4.11366e-07 3.23876e-07 2.55439e-07 2.0178e-07 1.59575e-07 1.26295e-07 9.9989e-08 7.91467e-08 6.25927e-08 4.94112e-08 3.88853e-08 3.10614e-08
0.00190007 0.000133345 6.83867e-05 3.88049e-05 2.393e-05 1.57156e-05 1.08013e-05 7.6686e-06 5.57342e-06 4.12116e-06 3.08737e-06 2.3365e-06 1.78258e-06 1.36894e-06 1.057e-06 8.19859e-07 6.38381e-07 4.98715e-07 3.90712e-07 3.06847e-07 2.4149e-07 1.90405e-07 1.5035e-07 1.18858e-07 9.40384e-08 7.44288e-08 5.88987e-08 4.65692e-08 3.67558e-08 2.89229e-08 2.30946e-08
0.00153426 0.000101241 5.18634e-05 2.94122e-05 1.81345e-05 1.19091e-05 8.18463e-06 5.80993e-06 4.2214e-06 3.12026e-06 2.3365e-06 1.76737e-06 1.34767e-06 1.0344e-06 7.98263e-07 6.18847e-07 4.81617e-07 3.76062e-07 2.94482e-07 2.31169e-07 1.8186e-07 1.43329e-07 1.13132e-07 8.94026e-08 7.07091e-08 5.59469e-08 4.42611e-08 3.49877e-08 2.76099e-08 2.17238e-08 1.73397e-08
0.00124329 7.74134e-05 3.9635e-05 2.24729e-05 1.3856e-05 9.09963e-06 6.2533e-06 4.43803e-06 3.22354e-06 2.38169e-06 1.78258e-06 1.34767e-06 1.02709e-06 7.87905e-07 6.07712e-07 4.70875e-07 3.66269e-07 2.85853e-07 2.23736e-07 1.75557e-07 1.38049e-07 1.08754e-07 8.58069e-08 6.77838e-08 5.35923e-08 4.23904e-08 3.35269e-08 2.64964e-08 2.09055e-08 1.6447e-08 1.3123e-08
0.0010103 5.95457e-05 3.04819e-05 1.72841e-05 1.0658e-05 6.9997e-06 4.80974e-06 3.41269e-06 2.47788e-06 1.82994e-06 1.36894e-06 1.0344e-06 7.87905e-07 6.04092e-07 4.65687e-07 3.6064e-07 2.8038e-07 2.18714e-07 1.71108e-07 1.342e-07 1.05482e-07 8.30636e-08 6.55115e-08 5.17323e-08 4.08875e-08 3.23312e-08 2.55641e-08 2.01988e-08 1.59339e-08 1.25344e-08 9.9977e-09
0.000822749 4.60308e-05 2.35664e-05 1.33657e-05 8.24336e-06 5.41414e-06 3.7198e-06 2.63862e-06 1.91511e-06 1.41367e-06 1.057e-06 7.98263e-07 6.07712e-07 4.65687e-07 3.58802e-07 2.77723e-07 2.15809e-07 1.68265e-07 1.31578e-07 1.03151e-07 8.10427e-08 6.37927e-08 5.02935e-08 3.97009e-08 3.13678e-08 2.47962e-08 1.9601e-08 1.54837e-08 1.22124e-08 9.60588e-09 7.65925e-09
0.000671159 3.57338e-05 1.83004e-05 1.03827e-05 6.40505e-06 4.20698e-06 2.89004e-06 2.04945e-06 1.4869e-06 1.09707e-06 8.19859e-07 6.18847e-07 4.70875e-07 3.6064e-07 2.77723e-07 2.14857e-07 1.66878e-07 1.30053e-07 1.01652e-07 7.96557e-08 6.25574e-08 4.92226e-08 3.87922e-08 3.06113e-08 2.41783e-08 1.91072e-08 1.51e-08 1.19256e-08 9.40446e-09 7.39655e-09 5.89572e-09
0.000548228 2.78396e-05 1.42642e-05 8.09618e-06 4.99584e-06 3.28158e-06 2.25401e-06 1.59795e-06 1.15888e-06 8.54655e-07 6.38381e-07 4.81617e-07 3.66269e-07 2.8038e-07 2.15809e-07 1.66878e-07 1.29552e-07 1.00918e-07 7.88451e-08 6.17583e-08 4.84824e-08 3.81333e-08 3.0042e-08 2.36984e-08 1.87123e-08 1.47834e-08 1.16801e-08 9.22268e-09 7.27176e-09 5.71865e-09 4.55685e-09
0.000448272 2.17552e-05 1.11531e-05 6.33346e-06 3.9093e-06 2.56806e-06 1.76369e-06 1.24999e-06 9.06177e-07 6.67993e-07 4.98715e-07 3.76062e-07 2.85853e-07 2.18714e-07 1.68265e-07 1.30053e-07 1.00918e-07 7.85784e-08 6.13659e-08 4.80477e-08 3.77046e-08 2.96453e-08 2.33469e-08 1.8411e-08 1.4533e-08 1.14784e-08 9.06666e-09 7.15763e-09 5.64265e-09 4.43708e-09 3.53458e-09
0.000366819 1.70439e-05 8.74349e-06 4.96781e-06 3.06738e-06 2.01518e-06 1.38383e-06 9.80513e-07 7.10561e-07 5.23571e-07 3.90712e-07 2.94482e-07 2.23736e-07 1.71108e-07 1.31578e-07 1.01652e-07 7.88451e-08 6.13659e-08 4.79044e-08 3.74933e-08 2.94113e-08 2.31166e-08 1.81991e-08 1.4347e-08 1.13217e-08 8.93973e-09 7.0597e-09 5.57214e-09 4.39208e-09 3.45339e-09 2.75017e-09
0.000300322 1.33809e-05 6.86924e-06 3.90525e-06 2.41221e-06 1.58496e-06 1.08831e-06 7.70946e-07 5.58505e-07 4.11366e-07 3.06847e-07 2.31169e-07 1.75557e-07 1.342e-07 1.03151e-07 7.96557e-08 6.17583e-08 4.80477e-08 3.74933e-08 2.93339e-08 2.30026e-08 1.80734e-08 1.42241e-08 1.121e-08 8.84369e-09 6.98127e-09 5.51184e-09 4.34959e-09 3.42794e-09 2.69508e-09 2.14568e-09
0.000245948 1.05225e-05 5.40591e-06 3.07535e-06 1.90044e-06 1.24894e-06 8.57565e-07 6.07376e-07 4.39879e-07 3.23876e-07 2.4149e-07 1.8186e-07 1.38049e-07 1.05482e-07 8.10427e-08 6.25574e-08 4.84824e-08 3.77046e-08 2.94113e-08 2.30026e-08 1.80317e-08 1.4163e-08 1.11432e-08 8.77938e-09 6.92425e-09 5.46469e-09 4.31353e-09 3.40333e-09 2.68181e-09 2.10829e-09 1.67806e-09
0.000201425 8.28431e-06 4.25949e-06 2.42496e-06 1.49933e-06 9.85618e-07 6.768e-07 4.79293e-07 3.47037e-07 2.55439e-07 1.90405e-07 1.43329e-07 1.08754e-07 8.30636e-08 6.37927e-08 4.92226e-08 3.81333e-08 2.96453e-08 2.31166e-08 1.80734e-08 1.4163e-08 1.1121e-08 8.74716e-09 6.8897e-09 5.43245e-09 4.28633e-09 3.38268e-09 2.66843e-09 2.10242e-09 1.65268e-09 1.31508e-09
0.000164916 6.52625e-06 3.35845e-06 1.91363e-06 1.18398e-06 7.7865e-07 5.34777e-07 3.78711e-07 2.74168e-07 2.0178e-07 1.5035e-07 1.13132e-07 8.58069e-08 6.55115e-08 5.02935e-08 3.87922e-08 3.0042e-08 2.33469e-08 1.81991e-08 1.42241e-08 1.11432e-08 8.74716e-09 6.87813e-09 5.41611e-09 4.26949e-09 3.36797e-09 2.65739e-09 2.09592e-09 1.65114e-09 1.29784e-09 1.03247e-09
0.000134938 5.14102e-06 2.64809e-06 1.51043e-06 9.35354e-07 6.15528e-07 4.22896e-07 2.99521e-07 2.16894e-07 1.59575e-07 1.18858e-07 8.94026e-08 6.77838e-08 5.17323e-08 3.97009e-08 3.06113e-08 2.36984e-08 1.8411e-08 1.4347e-08 1.121e-08 8.77938e-09 6.8897e-09 5.41611e-09 4.2638e-09 3.36034e-09 2.65022e-09 2.09067e-09 1.64868e-09 1.29865e-09 1.02069e-09 8.11807e-10
0.000110281 4.0461e-06 2.08635e-06 1.19158e-06 7.38799e-07 4.8664e-07 3.34554e-07 2.3719e-07 1.71713e-07 1.26295e-07 9.40384e-08 7.07091e-08 5.35923e-08 4.08875e-08 3.13678e-08 2.41783e-08 1.87123e-08 1.4533e-08 1.13217e-08 8.84369e-09 6.92425e-09 5.43245e-09 4.26949e-09 3.36034e-09 2.64773e-09 2.08778e-09 1.64669e-09 1.29837e-09 1.02259e-09 8.03671e-10 6.39059e-10
8.99612e-05 3.1778e-06 1.64074e-06 9.38707e-07 5.83021e-07 3.84578e-07 2.65049e-07 1.87884e-07 1.35986e-07 9.9989e-08 7.44288e-08 5.59469e-08 4.23904e-08 3.23312e-08 2.47962e-08 1.91072e-08 1.47834e-08 1.14784e-08 8.93973e-09 6.98127e-09 5.46469e-09 4.28633e-09 3.36797e-09 2.65022e-09 2.08778e-09 1.64595e-09 1.29799e-09 1.02329e-09 8.05854e-10 6.33294e-10 5.03479e-10
7.31728e-05 2.48673e-06 1.28611e-06 7.37627e-07 4.59302e-07 3.04606e-07 2.09927e-07 1.48788e-07 1.07667e-07 7.91467e-08 5.88987e-08 4.42611e-08 3.35269e-08 2.55641e-08 1.9601e-08 1.51e-08 1.16801e-08 9.06666e-09 7.0597e-09 5.51184e-09 4.31353e-09 3.38268e-09 2.65739e-09 2.09067e-09 1.64669e-09 1.29799e-09 1.02344e-09 8.06744e-10 6.35265e-10 4.99206e-10 3.96806e-10
5.92541e-05 1.93458e-06 1.003e-06 5.77388e-07 3.63404e-07 2.41032e-07 1.66107e-07 1.17715e-07 8.51657e-08 6.25927e-08 4.65692e-08 3.49877e-08 2.64964e-08 2.01988e-08 1.54837e-08 1.19256e-08 9.22268e-09 7.15763e-09 5.57214e-09 4.34959e-09 3.40333e-09 2.66843e-09 2.09592e-09 1.64868e-09 1.29837e-09 1.02329e-09 8.06744e-10 6.3586e-10 5.00664e-10 3.93416e-10 3.12669e-10
4.76594e-05 1.49162e-06 7.76404e-07 4.55914e-07 2.86998e-07 1.90362e-07 1.31181e-07 9.29536e-08 6.72415e-08 4.94112e-08 3.67558e-08 2.76099e-08 2.09055e-08 1.59339e-08 1.22124e-08 9.40446e-09 7.27176e-09 5.64265e-09 4.39208e-09 3.42794e-09 2.68181e-09 2.10242e-09 1.65114e-09 1.29865e-09 1.02259e-09 8.05854e-10 6.35265e-10 5.00664e-10 3.94189e-10 3.09739e-10 2.46138e-10
3.79368e-05 1.13496e-06 6.11134e-07 3.58893e-07 2.25932e-07 1.49857e-07 1.03263e-07 7.3166e-08 5.29226e-08 3.88853e-08 2.89229e-08 2.17238e-08 1.6447e-08 1.25344e-08 9.60588e-09 7.39655e-09 5.71865e-09 4.43708e-09 3.45339e-09 2.69508e-09 2.10829e-09 1.65268e-09 1.29784e-09 1.02069e-09 8.03671e-10 6.33294e-10 4.99206e-10 3.93416e-10 3.09739e-10 2.43376e-10 1.93388e-10
3.11532e-05 9.07187e-07 4.88812e-07 2.87148e-07 1.80769e-07 1.19878e-07 8.25803e-08 5.84901e-08 4.22908e-08 3.10614e-08 2.30946e-08 1.73397e-08 1.3123e-08 9.9977e-09 7.65925e-09 5.89572e-09 4.55685e-09 3.53458e-09 2.75017e-09 2.14568e-09 1.67806e-09 1.31508e-09 1.03247e-09 8.11807e-10 6.39059e-10 5.03479e-10 3.96806e-10 3.12669e-10 2.46138e-10 1.93388e-10 1.53635e-10
