0.0109876 0.00830771 0.00628144 0.00474938 0.00359099 0.00271514 0.00205291 0.0015522 0.00117362 0.000887368 0.000670937 0.000507294 0.000383564 0.000290011 0.000219277 0.000165795 0.000125357 9.47821e-05 7.16645e-05 5.41854e-05 4.09694e-05 3.09769e-05 2.34216e-05 1.7709e-05 1.33897e-05 1.01239e-05 7.65468e-06 5.78768e-06 4.37605e-06 3.30872e-06 2.50172e-06 1.89154e-06 1.43019e-06 1.08136e-06 8.17617e-07 6.18198e-07 4.67418e-07 3.53414e-07 2.67215e-07 2.02041e-07 1.52762e-07 1.15503e-07 8.73318e-08 6.60314e-08 4.99262e-08 3.7749e-08 2.8542e-08 2.15805e-08 1.6317e-08 1.23372e-08 9.32814e-09 7.05298e-09 5.33274e-09 4.03208e-09 3.04864e-09 2.30507e-09 1.74286e-09 1.31777e-09 9.96363e-10 7.53348e-10 5.69605e-10 4.30677e-10 3.25634e-10 2.46211e-10 1.86159e-10 1.40755e-10 1.06424e-10 8.04671e-11 6.0841e-11 4.60017e-11 3.47818e-11 2.62984e-11 1.98842e-11 1.50344e-11 1.13675e-11 8.5949e-12 6.49859e-12 4.91357e-12 3.71513e-12 2.809e-12 2.12388e-12 1.60586e-12 1.21419e-12 9.18044e-13 6.94131e-13 5.24831e-13 3.96823e-13 3.00037e-13 2.26857e-13 1.71526e-13 1.29691e-13 9.80588e-14 7.4142e-14 5.60586e-14 4.23858e-14 3.20478e-14 2.42312e-14 1.83212e-14 1.38526e-14 1.04739e-14 7.9193e-15
0.00830771 0.00681434 0.00555524 0.00450496 0.00363654 0.00292374 0.00234232 0.00187059 0.00148963 0.00118323 0.000937674 0.000741514 0.000585261 0.000461118 0.000362716 0.000284884 0.000223441 0.000175023 0.000136932 0.000107009 8.35376e-05 6.51496e-05 5.07619e-05 3.95169e-05 3.07375e-05 2.389e-05 1.85542e-05 1.44e-05 1.11685e-05 8.65674e-06 6.70581e-06 5.19159e-06 4.01709e-06 3.10667e-06 2.4014e-06 1.85534e-06 1.4328e-06 1.10601e-06 8.53393e-07 6.58208e-07 5.07469e-07 3.91105e-07 3.01316e-07 2.3206e-07 1.78662e-07 1.37508e-07 1.058e-07 8.13794e-08 6.25775e-08 4.8106e-08 3.69712e-08 2.84063e-08 2.182e-08 1.67567e-08 1.28652e-08 9.87524e-09 7.57845e-09 5.81457e-09 4.4603e-09 3.42075e-09 2.62295e-09 2.01084e-09 1.54128e-09 1.18115e-09 9.05005e-10 6.93301e-10 5.3103e-10 4.06672e-10 3.11387e-10 2.38389e-10 1.82477e-10 1.39657e-10 1.0687e-10 8.17685e-11 6.25542e-11 4.78484e-11 3.65949e-11 2.79845e-11 2.13973e-11 1.63587e-11 1.2505e-11 9.55799e-12 7.30466e-12 5.58192e-12 4.26501e-12 3.25843e-12 2.48914e-12 1.90128e-12 1.45211e-12 1.10894e-12 8.46783e-13 6.46541e-13 4.93604e-13 3.76809e-13 2.87623e-13 2.19527e-13 1.67538e-13 1.2785e-13 9.75559e-14 7.44336e-14 5.67871e-14
0.00628144 0.00555524 0.00483546 0.00415586 0.0035349 0.00298079 0.00249514 0.00207545 0.00171689 0.00141342 0.00115862 0.000946108 0.000769917 0.000624584 0.000505246 0.000407649 0.000328119 0.000263524 0.000211214 0.000168968 0.000134933 0.000107577 8.56344e-05 6.80688e-05 5.40327e-05 4.28358e-05 3.3918e-05 2.68259e-05 2.11937e-05 1.67266e-05 1.31882e-05 1.03885e-05 8.17589e-06 6.42905e-06 5.05132e-06 3.96574e-06 3.11115e-06 2.43896e-06 1.9107e-06 1.49586e-06 1.17035e-06 9.15114e-07 7.1512e-07 5.58517e-07 4.3597e-07 3.40132e-07 2.65226e-07 2.06715e-07 1.61035e-07 1.25392e-07 9.75939e-08 7.59257e-08 5.90436e-08 4.58966e-08 3.56629e-08 2.77004e-08 2.15077e-08 1.66934e-08 1.29522e-08 1.0046e-08 7.78926e-09 6.03755e-09 4.67829e-09 3.62394e-09 2.80637e-09 2.17261e-09 1.68149e-09 1.30103e-09 1.00638e-09 7.78255e-10 6.01686e-10 4.65059e-10 3.59368e-10 2.7763e-10 2.14432e-10 1.65582e-10 1.27832e-10 9.86669e-11 7.61393e-11 5.87428e-11 4.53117e-11 3.49444e-11 2.69439e-11 2.0771e-11 1.60093e-11 1.23369e-11 9.50518e-12 7.32212e-12 5.63945e-12 4.34273e-12 3.3436e-12 2.57391e-12 1.98108e-12 1.52455e-12 1.17304e-12 9.02437e-13 6.94153e-13 5.33862e-13 4.10524e-13 3.15636e-13 2.42646e-13
0.00474938 0.00450496 0.00415586 0.00375464 0.00333733 0.00292772 0.00254071 0.00218486 0.00186426 0.00158 0.00133118 0.00111569 0.000930713 0.000773149 0.00063982 0.000527652 0.000433772 0.000355558 0.000290664 0.000237023 0.000192834 0.000156545 0.000126829 0.000102559 8.27864e-05 6.67137e-05 5.36764e-05 4.31223e-05 3.45943e-05 2.77155e-05 2.2176e-05 1.77222e-05 1.41464e-05 1.12795e-05 8.98415e-06 7.14862e-06 5.68258e-06 4.51298e-06 3.5809e-06 2.83888e-06 2.24876e-06 1.77989e-06 1.4077e-06 1.11251e-06 8.78599e-07 6.93387e-07 5.46854e-07 4.3101e-07 3.39494e-07 2.67248e-07 2.10254e-07 1.6532e-07 1.29918e-07 1.02042e-07 8.01062e-08 6.28541e-08 4.92934e-08 3.864e-08 3.0275e-08 2.37102e-08 1.85608e-08 1.45236e-08 1.13597e-08 8.88151e-09 6.9412e-09 5.42268e-09 4.23478e-09 3.30588e-09 2.57982e-09 2.01251e-09 1.56942e-09 1.22347e-09 9.53469e-10 7.42816e-10 5.78522e-10 4.50428e-10 3.50591e-10 2.72803e-10 2.12214e-10 1.65035e-10 1.28309e-10 9.97295e-11 7.74951e-11 6.02022e-11 4.67563e-11 3.63044e-11 2.81821e-11 2.18717e-11 1.69703e-11 1.31643e-11 1.02095e-11 7.91621e-12 6.13669e-12 4.75618e-12 3.68545e-12 2.85517e-12 2.2115e-12 1.71259e-12 1.32598e-12 1.02644e-12 7.94417e-13
0.00359099 0.00363654 0.0035349 0.00333733 0.00308233 0.00279815 0.00250497 0.00221671 0.00194253 0.00168803 0.00145619 0.00124814 0.00106372 0.000901916 0.000761204 0.000639759 0.000535635 0.000446887 0.000371639 0.000308137 0.000254777 0.000210112 0.000172859 0.000141888 0.000116219 9.50022e-05 7.75121e-05 6.31288e-05 5.13273e-05 4.16649e-05 3.37698e-05 2.73308e-05 2.20888e-05 1.78286e-05 1.43718e-05 1.15712e-05 9.3055e-06 7.47509e-06 5.9983e-06 4.80831e-06 3.85058e-06 3.08067e-06 2.46244e-06 1.96653e-06 1.56914e-06 1.25103e-06 9.96606e-07 7.93312e-07 6.31015e-07 5.01557e-07 3.98379e-07 3.1621e-07 2.50824e-07 1.9883e-07 1.57516e-07 1.24711e-07 9.86805e-08 7.80382e-08 6.16796e-08 4.87237e-08 3.84689e-08 3.03567e-08 2.39432e-08 1.88755e-08 1.48733e-08 1.17142e-08 9.22194e-09 7.2567e-09 5.70778e-09 4.48758e-09 3.52677e-09 2.77055e-09 2.17563e-09 1.70779e-09 1.34004e-09 1.0511e-09 8.24159e-10 6.45987e-10 5.06158e-10 3.9646e-10 3.10434e-10 2.42994e-10 1.90144e-10 1.48742e-10 1.16319e-10 9.09364e-11 7.10713e-11 5.55296e-11 4.33741e-11 3.387e-11 2.64411e-11 2.0636e-11 1.61011e-11 1.25596e-11 9.79446e-12 7.6362e-12 5.95204e-12 4.63819e-12 3.61349e-12 2.81451e-12 2.19169e-12
0.00271514 0.00292374 0.00298079 0.00292772 0.00279815 0.00261872 0.00241007 0.00218774 0.00196314 0.00174434 0.00153677 0.00134381 0.00116732 0.00100802 0.000865843 0.000740133 0.000629895 0.000533917 0.000450885 0.00037946 0.000318333 0.000266261 0.00022209 0.000184766 0.000153341 0.000126968 0.000104903 8.64956e-05 7.11797e-05 5.8468e-05 4.79424e-05 3.92461e-05 3.20762e-05 2.61764e-05 2.13308e-05 1.7358e-05 1.41064e-05 1.14492e-05 9.28118e-06 7.51482e-06 6.07773e-06 4.91009e-06 3.9626e-06 3.19469e-06 2.57307e-06 2.07044e-06 1.66447e-06 1.33692e-06 1.0729e-06 8.60308e-07 6.89284e-07 5.51827e-07 4.41446e-07 3.52885e-07 2.81889e-07 2.2502e-07 1.79502e-07 1.43098e-07 1.14003e-07 9.07677e-08 7.22241e-08 5.74349e-08 4.56477e-08 3.62591e-08 2.87858e-08 2.28405e-08 1.81136e-08 1.43577e-08 1.13749e-08 9.00735e-09 7.12919e-09 5.64003e-09 4.45989e-09 3.52512e-09 2.78505e-09 2.19942e-09 1.7362e-09 1.36998e-09 1.08057e-09 8.5197e-10 6.71469e-10 5.2901e-10 4.1662e-10 3.27989e-10 2.58121e-10 2.03065e-10 1.59698e-10 1.2555e-10 9.86706e-11 7.7521e-11 6.08853e-11 4.78046e-11 3.75225e-11 2.94431e-11 2.30965e-11 1.81126e-11 1.42001e-11 1.11296e-11 8.72058e-12 6.83114e-12 5.34963e-12
0.00205291 0.00234232 0.00249514 0.00254071 0.00250497 0.00241007 0.00227442 0.00211292 0.00193732 0.00175661 0.00157751 0.00140479 0.00124171 0.0010903 0.00095165 0.000826159 0.000713694 0.000613765 0.000525643 0.000448451 0.000381236 0.000323025 0.000272857 0.000229814 0.000193036 0.000161729 0.000135173 0.000112719 9.37925e-05 7.78838e-05 6.45474e-05 5.33954e-05 4.4092e-05 3.6348e-05 2.99158e-05 2.45837e-05 2.01721e-05 1.65286e-05 1.35247e-05 1.10521e-05 9.02023e-06 7.35291e-06 5.98676e-06 4.86891e-06 3.95545e-06 3.20998e-06 2.60234e-06 2.10764e-06 1.70535e-06 1.37856e-06 1.1134e-06 8.98449e-07 7.24386e-07 5.83565e-07 4.69744e-07 3.7783e-07 3.03671e-07 2.43888e-07 1.95735e-07 1.56979e-07 1.25812e-07 1.00766e-07 8.06541e-08 6.45157e-08 5.15749e-08 4.12051e-08 3.2901e-08 2.62554e-08 2.09405e-08 1.66923e-08 1.32989e-08 1.05898e-08 8.42829e-09 6.7046e-09 5.33082e-09 4.2365e-09 3.36525e-09 2.67195e-09 2.12052e-09 1.68216e-09 1.33383e-09 1.05719e-09 8.37576e-10 6.63313e-10 5.25096e-10 4.15516e-10 3.28677e-10 2.59889e-10 2.05421e-10 1.62309e-10 1.28199e-10 1.01222e-10 7.98936e-11 6.3038e-11 4.9722e-11 3.92059e-11 3.09039e-11 2.43522e-11 1.91834e-11 1.51071e-11 1.18934e-11
0.0015522 0.00187059 0.00207545 0.00218486 0.00221671 0.00218774 0.00211292 0.00200521 0.00187549 0.00173265 0.00158378 0.00143432 0.00128838 0.00114887 0.00101777 0.000896306 0.000785085 0.000684275 0.000593705 0.000512964 0.000441481 0.000378585 0.000323553 0.000275645 0.000234134 0.000198318 0.000167537 0.000141181 0.00011869 9.95587e-05 8.33328e-05 6.96097e-05 5.8034e-05 4.82939e-05 4.01175e-05 3.3269e-05 2.75449e-05 2.27701e-05 1.87949e-05 1.54914e-05 1.27509e-05 1.04812e-05 8.60449e-06 7.05504e-06 5.77768e-06 4.72612e-06 3.86163e-06 3.15185e-06 2.56983e-06 2.09316e-06 1.70323e-06 1.38462e-06 1.12456e-06 9.12521e-07 7.39816e-07 5.99287e-07 4.8505e-07 3.92273e-07 3.16993e-07 2.55964e-07 2.06531e-07 1.66524e-07 1.34172e-07 1.0803e-07 8.69236e-08 6.98947e-08 5.61658e-08 4.51053e-08 3.62006e-08 2.90366e-08 2.32766e-08 1.86486e-08 1.49323e-08 1.19501e-08 9.55832e-09 7.64124e-09 6.10552e-09 4.87598e-09 3.89212e-09 3.10528e-09 2.47633e-09 1.97384e-09 1.5726e-09 1.25237e-09 9.969e-10 7.93204e-10 6.30861e-10 5.01535e-10 3.98558e-10 3.16598e-10 2.51392e-10 1.99539e-10 1.58321e-10 1.2557e-10 9.95575e-11 7.8905e-11 6.25144e-11 4.95112e-11 3.91992e-11 3.10244e-11 2.45463e-11
0.00117362 0.00148963 0.00171689 0.00186426 0.00194253 0.00196314 0.00193732 0.00187549 0.00178702 0.00167999 0.00156123 0.00143633 0.00130973 0.00118488 0.00106436 0.000949969 0.000842938 0.000743979 0.000653419 0.000571283 0.000497375 0.000431336 0.0003727 0.000320935 0.000275473 0.000235738 0.000201159 0.00017119 0.000145314 0.000123051 0.000103959 8.76365e-05 7.37226e-05 6.18939e-05 5.18641e-05 4.33801e-05 3.62204e-05 3.01916e-05 2.51257e-05 2.08773e-05 1.73214e-05 1.43504e-05 1.18726e-05 9.80939e-06 8.09427e-06 6.67068e-06 5.49083e-06 4.51437e-06 3.70736e-06 3.04127e-06 2.4922e-06 2.04015e-06 1.66842e-06 1.36309e-06 1.11259e-06 9.07286e-07 7.39206e-07 6.01739e-07 4.8942e-07 3.97738e-07 3.22971e-07 2.62052e-07 2.12461e-07 1.72127e-07 1.39348e-07 1.12731e-07 9.11345e-08 7.36256e-08 5.94411e-08 4.79582e-08 3.8669e-08 3.11597e-08 2.50935e-08 2.01962e-08 1.62453e-08 1.30598e-08 1.04931e-08 8.4262e-09 6.76282e-09 5.42496e-09 4.34951e-09 3.4855e-09 2.79174e-09 2.23498e-09 1.7884e-09 1.43038e-09 1.14351e-09 9.13761e-10 7.29846e-10 5.82695e-10 4.65013e-10 3.70942e-10 2.95779e-10 2.3575e-10 1.87829e-10 1.4959e-10 1.1909e-10 9.47727e-11 7.53924e-11 5.99532e-11 4.76583e-11
0.000887368 0.00118323 0.00141342 0.00158 0.00168803 0.00174434 0.00175661 0.00173265 0.00167999 0.00160554 0.00151544 0.00141502 0.00130871 0.00120017 0.00109229 0.000987299 0.00088683 0.00079204 0.000703671 0.000622132 0.000547571 0.000479931 0.000419005 0.000364477 0.000315957 0.000273012 0.000235186 0.000202017 0.000173052 0.000147857 0.000126019 0.000107155 9.09113e-05 7.69653e-05 6.50257e-05 5.4831e-05 4.61481e-05 3.87704e-05 3.25159e-05 2.72252e-05 2.27589e-05 1.8996e-05 1.58317e-05 1.31757e-05 1.09501e-05 9.08822e-06 7.53319e-06 6.23643e-06 5.15663e-06 4.25879e-06 3.51326e-06 2.89505e-06 2.38305e-06 1.95956e-06 1.6097e-06 1.321e-06 1.08304e-06 8.87118e-07 7.25978e-07 5.93583e-07 4.84914e-07 3.95807e-07 3.22809e-07 2.63063e-07 2.14208e-07 1.74293e-07 1.41711e-07 1.15135e-07 9.34771e-08 7.58403e-08 6.14893e-08 4.98208e-08 4.03403e-08 3.2643e-08 2.6398e-08 2.13347e-08 1.72322e-08 1.39105e-08 1.12226e-08 9.04898e-09 7.29233e-09 5.8735e-09 4.72821e-09 3.80426e-09 3.0593e-09 2.45898e-09 1.97548e-09 1.58628e-09 1.27316e-09 1.02136e-09 8.18988e-10 6.56416e-10 5.25882e-10 4.21122e-10 3.37086e-10 2.69706e-10 2.15705e-10 1.72445e-10 1.37806e-10 1.10081e-10 8.79e-11
0.000670937 0.000937674 0.00115862 0.00133118 0.00145619 0.00153677 0.00157751 0.00158378 0.00156123 0.00151544 0.00145166 0.00137463 0.00128856 0.00119703 0.00110304 0.00100903 0.000916918 0.000828165 0.000743836 0.000664657 0.000591073 0.000523304 0.000461386 0.000405217 0.00035459 0.000309225 0.000268792 0.000232932 0.000201273 0.000173438 0.000149063 0.000127795 0.000109301 9.32725e-05 7.9422e-05 6.7488e-05 5.72333e-05 4.84443e-05 4.09298e-05 3.452e-05 2.90647e-05 2.44315e-05 2.05046e-05 1.71827e-05 1.43778e-05 1.20137e-05 1.00246e-05 8.35367e-06 6.95231e-06 5.77882e-06 4.7976e-06 3.97831e-06 3.29518e-06 2.72632e-06 2.25325e-06 1.86031e-06 1.53434e-06 1.26423e-06 1.04067e-06 8.55832e-07 7.03182e-07 5.77244e-07 4.73449e-07 3.87987e-07 3.17688e-07 2.59916e-07 2.12482e-07 1.7357e-07 1.41677e-07 1.15558e-07 9.41871e-08 7.67138e-08 6.2439e-08 5.07859e-08 4.12803e-08 3.35321e-08 2.72208e-08 2.20837e-08 1.79051e-08 1.45084e-08 1.17492e-08 9.50928e-09 7.69202e-09 6.21859e-09 5.02466e-09 4.05779e-09 3.27525e-09 2.64225e-09 2.13052e-09 1.71703e-09 1.38312e-09 1.11361e-09 8.96189e-10 7.20883e-10 5.79604e-10 4.65804e-10 3.74181e-10 3.0045e-10 2.41144e-10 1.93463e-10 1.55145e-10
0.000507294 0.000741514 0.000946108 0.00111569 0.00124814 0.00134381 0.00140479 0.00143432 0.00143633 0.00141502 0.00137463 0.00131923 0.00125256 0.00117797 0.00109841 0.00101634 0.000933821 0.000852518 0.000773717 0.000698389 0.000627222 0.000560671 0.000498991 0.00044228 0.000390509 0.000343552 0.000301211 0.000263237 0.000229348 0.000199243 0.000172614 0.000149151 0.000128555 0.000110539 9.48303e-05 8.11763e-05 6.93426e-05 5.91149e-05 5.02983e-05 4.27172e-05 3.62138e-05 3.06477e-05 2.58939e-05 2.18425e-05 1.83964e-05 1.54708e-05 1.29916e-05 1.08944e-05 9.12338e-06 7.63019e-06 6.37324e-06 5.31676e-06 4.43008e-06 3.68696e-06 3.06501e-06 2.54517e-06 2.11122e-06 1.74943e-06 1.44816e-06 1.19759e-06 9.89409e-07 8.1665e-07 6.73436e-07 5.54839e-07 4.56728e-07 3.75644e-07 3.08697e-07 2.53474e-07 2.07964e-07 1.70491e-07 1.39665e-07 1.14326e-07 9.35163e-08 7.64396e-08 6.24374e-08 5.09651e-08 4.15728e-08 3.3889e-08 2.76076e-08 2.24762e-08 1.82872e-08 1.48699e-08 1.20839e-08 9.81413e-09 7.96612e-09 6.46243e-09 5.23967e-09 4.24595e-09 3.43885e-09 2.7837e-09 2.2522e-09 1.82126e-09 1.47203e-09 1.18919e-09 9.60226e-10 7.74978e-10 6.25176e-10 5.04099e-10 4.06286e-10 3.27306e-10 2.63564e-10
0.000383564 0.000585261 0.000769917 0.000930713 0.00106372 0.00116732 0.00124171 0.00128838 0.00130973 0.00130871 0.00128856 0.00125256 0.00120391 0.00114562 0.00108041 0.00101068 0.0009385 0.000865625 0.00079348 0.000723203 0.000655669 0.000591519 0.000531199 0.000474982 0.000423002 0.000375282 0.000331754 0.000292283 0.000256683 0.000224734 0.000196193 0.000170805 0.000148312 0.000128459 0.000110996 9.56877e-05 8.2309e-05 7.06514e-05 6.05219e-05 5.17436e-05 4.41555e-05 3.76121e-05 3.19824e-05 2.71496e-05 2.30096e-05 1.94703e-05 1.64503e-05 1.38783e-05 1.16917e-05 9.83606e-06 8.26383e-06 6.93388e-06 5.81063e-06 4.86336e-06 4.06567e-06 3.39488e-06 2.83156e-06 2.35912e-06 1.9634e-06 1.63236e-06 1.35576e-06 1.12491e-06 9.3247e-07 7.72221e-07 6.38923e-07 5.28159e-07 4.36214e-07 3.59967e-07 2.96798e-07 2.44513e-07 2.01278e-07 1.65557e-07 1.36071e-07 1.11753e-07 9.1713e-08 7.52124e-08 6.16369e-08 5.04768e-08 4.13093e-08 3.37842e-08 2.76119e-08 2.25528e-08 1.84091e-08 1.50174e-08 1.22432e-08 9.97555e-09 8.12316e-09 6.61095e-09 5.37722e-09 4.37131e-09 3.55163e-09 2.88412e-09 2.34082e-09 1.89889e-09 1.53961e-09 1.24768e-09 1.01061e-09 8.18184e-10 6.62083e-10 5.35513e-10 4.32939e-10
0.000290011 0.000461118 0.000624584 0.000773149 0.000901916 0.00100802 0.0010903 0.00114887 0.00118488 0.00120017 0.00119703 0.00117797 0.00114562 0.00110254 0.00105115 0.000993692 0.000932157 0.000868292 0.000803582 0.000739263 0.000676337 0.000615589 0.000557611 0.000502826 0.000451514 0.000403831 0.000359833 0.000319495 0.00028273 0.0002494 0.000219335 0.000192339 0.000168203 0.000146711 0.000127645 0.00011079 9.59392e-05 8.28961e-05 7.14744e-05 6.15008e-05 5.28152e-05 4.52704e-05 3.87327e-05 3.30808e-05 2.82056e-05 2.40094e-05 2.04049e-05 1.7315e-05 1.4671e-05 1.24128e-05 1.04875e-05 8.84878e-06 7.45626e-06 6.27481e-06 5.27399e-06 4.42742e-06 3.71235e-06 3.1092e-06 2.60114e-06 2.17372e-06 1.81461e-06 1.51325e-06 1.26067e-06 1.04921e-06 8.72382e-07 7.24672e-07 6.0142e-07 4.98682e-07 4.13132e-07 3.41964e-07 2.82819e-07 2.33711e-07 1.92975e-07 1.59214e-07 1.31258e-07 1.08129e-07 8.90098e-08 7.32181e-08 6.01853e-08 4.94378e-08 4.05818e-08 3.32898e-08 2.72902e-08 2.23574e-08 1.83046e-08 1.49771e-08 1.2247e-08 1.00086e-08 8.17441e-09 6.67252e-09 5.44346e-09 4.43831e-09 3.61677e-09 2.9457e-09 2.39786e-09 1.95089e-09 1.58641e-09 1.28938e-09 1.04744e-09 8.50473e-10 6.90214e-10
0.000219277 0.000362716 0.000505246 0.00063982 0.000761204 0.000865843 0.00095165 0.00101777 0.00106436 0.00109229 0.00110304 0.00109841 0.00108041 0.00105115 0.00101272 0.000967096 0.000916139 0.000861515 0.0008047 0.000746967 0.000689387 0.000632841 0.000578032 0.000525502 0.00047565 0.000428749 0.000384968 0.000344384 0.000307005 0.000272777 0.000241603 0.00021335 0.000187863 0.00016497 0.000144488 0.000126234 0.000110021 9.56705e-05 8.3008e-05 7.18686e-05 6.20969e-05 5.35482e-05 4.60886e-05 3.95955e-05 3.3957e-05 2.90715e-05 2.48478e-05 2.12036e-05 1.80658e-05 1.53692e-05 1.3056e-05 1.10753e-05 9.38213e-06 7.93719e-06 6.70607e-06 5.65874e-06 4.76911e-06 4.01454e-06 3.37541e-06 2.83482e-06 2.37816e-06 1.99292e-06 1.66832e-06 1.39516e-06 1.16555e-06 9.7278e-07 8.11113e-07 6.7568e-07 5.62346e-07 4.67604e-07 3.88483e-07 3.22473e-07 2.67456e-07 2.21643e-07 1.83529e-07 1.5185e-07 1.25542e-07 1.03714e-07 8.56174e-08 7.0627e-08 5.82197e-08 4.79584e-08 3.94786e-08 3.24763e-08 2.66983e-08 2.1934e-08 1.80084e-08 1.47762e-08 1.21166e-08 9.92967e-09 8.13264e-09 6.65694e-09 5.44588e-09 4.45262e-09 3.63849e-09 2.9716e-09 2.42563e-09 1.97893e-09 1.61364e-09 1.31511e-09 1.07127e-09
0.000165795 0.000284884 0.000407649 0.000527652 0.000639759 0.000740133 0.000826159 0.000896306 0.000949969 0.000987299 0.00100903 0.00101634 0.00101068 0.000993692 0.000967096 0.000932602 0.00089186 0.000846415 0.000797674 0.000746894 0.000695168 0.000643429 0.000592453 0.000542866 0.000495164 0.000449717 0.000406789 0.000366552 0.000329098 0.000294457 0.000262601 0.000233463 0.000206943 0.000182915 0.00016124 0.000141764 0.000124331 0.000108781 9.49584e-05 8.27091e-05 7.18871e-05 6.23533e-05 5.39772e-05 4.66373e-05 4.02214e-05 3.46266e-05 2.97587e-05 2.55325e-05 2.18712e-05 1.87057e-05 1.59741e-05 1.36213e-05 1.15984e-05 9.86225e-06 8.37466e-06 7.10212e-06 6.01526e-06 5.08838e-06 4.29912e-06 3.62799e-06 3.05811e-06 2.57486e-06 2.1656e-06 1.81944e-06 1.52703e-06 1.2803e-06 1.07237e-06 8.97336e-07 7.50158e-07 6.26537e-07 5.22812e-07 4.35871e-07 3.63071e-07 3.02172e-07 2.51278e-07 2.08785e-07 1.73339e-07 1.43797e-07 1.19198e-07 9.87331e-08 8.17208e-08 6.75906e-08 5.58637e-08 4.61391e-08 3.80812e-08 3.14093e-08 2.58891e-08 2.13252e-08 1.75546e-08 1.44416e-08 1.18733e-08 9.75582e-09 8.01117e-09 6.57465e-09 5.3926e-09 4.42055e-09 3.62169e-09 2.96557e-09 2.42699e-09 1.98516e-09 1.62292e-09
0.000125357 0.000223441 0.000328119 0.000433772 0.000535635 0.000629895 0.000713694 0.000785085 0.000842938 0.00088683 0.000916918 0.000933821 0.0009385 0.000932157 0.000916139 0.00089186 0.000860746 0.000824174 0.000783446 0.000739757 0.000694181 0.000647664 0.000601018 0.000554927 0.000509953 0.000466543 0.00042504 0.000385695 0.000348681 0.000314096 0.000281985 0.00025234 0.000225119 0.000200245 0.000177619 0.000157127 0.000138641 0.000122028 0.00010715 9.38717e-05 8.20578e-05 7.15788e-05 6.23104e-05 5.41352e-05 4.6943e-05 4.06313e-05 3.51057e-05 3.02792e-05 2.60726e-05 2.24141e-05 1.92387e-05 1.6488e-05 1.41097e-05 1.2057e-05 1.02886e-05 8.76759e-06 7.46157e-06 6.34191e-06 5.3835e-06 4.56434e-06 3.86522e-06 3.26938e-06 2.76225e-06 2.3312e-06 1.9653e-06 1.65507e-06 1.39238e-06 1.17021e-06 9.82511e-07 8.24128e-07 6.90624e-07 5.78214e-07 4.83663e-07 4.04216e-07 3.37526e-07 2.816e-07 2.34745e-07 1.95527e-07 1.62731e-07 1.3533e-07 1.12456e-07 9.33779e-08 7.7479e-08 6.42405e-08 5.32259e-08 4.40691e-08 3.64624e-08 3.01483e-08 2.49111e-08 2.05702e-08 1.69749e-08 1.39991e-08 1.15378e-08 9.5035e-09 7.82316e-09 6.43613e-09 5.29194e-09 4.34867e-09 3.57153e-09 2.93164e-09 2.40509e-09
9.47821e-05 0.000175023 0.000263524 0.000355558 0.000446887 0.000533917 0.000613765 0.000684275 0.000743979 0.00079204 0.000828165 0.000852518 0.000865625 0.000868292 0.000861515 0.000846415 0.000824174 0.000795985 0.00076301 0.000726353 0.000687035 0.000645979 0.000604005 0.000561823 0.000520039 0.000479153 0.000439571 0.000401609 0.000365503 0.000331419 0.000299463 0.000269688 0.000242102 0.000216679 0.000193364 0.000172078 0.000152728 0.000135207 0.000119403 0.000105197 9.24711e-05 8.11065e-05 7.09884e-05 6.20059e-05 5.40534e-05 4.70311e-05 4.08458e-05 3.54108e-05 3.06459e-05 2.64778e-05 2.28395e-05 1.967e-05 1.69145e-05 1.45234e-05 1.24522e-05 1.06614e-05 9.11571e-06 7.78371e-06 6.63772e-06 5.6533e-06 4.80894e-06 4.08578e-06 3.4673e-06 2.93907e-06 2.48853e-06 2.10476e-06 1.77828e-06 1.50087e-06 1.26545e-06 1.06589e-06 8.96927e-07 7.54027e-07 6.33303e-07 5.31421e-07 4.4553e-07 3.73194e-07 3.12333e-07 2.61177e-07 2.1822e-07 1.8218e-07 1.51971e-07 1.26673e-07 1.05505e-07 8.78084e-08 7.30262e-08 6.06886e-08 5.03994e-08 4.18255e-08 3.46863e-08 2.87462e-08 2.38076e-08 1.97046e-08 1.62983e-08 1.34723e-08 1.11293e-08 9.18827e-09 7.58118e-09 6.25148e-09 5.152e-09 4.24346e-09 3.49317e-09
7.16645e-05 0.000136932 0.000211214 0.000290664 0.000371639 0.000450885 0.000525643 0.000593705 0.000653419 0.000703671 0.000743836 0.000773717 0.00079348 0.000803582 0.0008047 0.000797674 0.000783446 0.00076301 0.000737375 0.000707527 0.000674409 0.000638898 0.00060179 0.000563801 0.000525552 0.00048758 0.000450332 0.000414174 0.000379397 0.000346222 0.000314808 0.000285262 0.000257643 0.00023197 0.000208231 0.000186386 0.000166375 0.000148121 0.000131536 0.000116524 0.000102983 9.08106e-05 7.99023e-05 7.01565e-05 6.14744e-05 5.3761e-05 4.69261e-05 4.08849e-05 3.55579e-05 3.08717e-05 2.67581e-05 2.3155e-05 2.00054e-05 1.72578e-05 1.48653e-05 1.27859e-05 1.09819e-05 9.41943e-06 8.06847e-06 6.90225e-06 5.8971e-06 5.03207e-06 4.28874e-06 3.6509e-06 3.10434e-06 2.63663e-06 2.23693e-06 1.89578e-06 1.60496e-06 1.35737e-06 1.14681e-06 9.67962e-07 8.16219e-07 6.87614e-07 5.78737e-07 4.86659e-07 4.08867e-07 3.43212e-07 2.87853e-07 2.41222e-07 2.01979e-07 1.68984e-07 1.41268e-07 1.18005e-07 9.84988e-08 8.21551e-08 6.8473e-08 5.70283e-08 4.74628e-08 3.94742e-08 3.28077e-08 2.72487e-08 2.26166e-08 1.87597e-08 1.55506e-08 1.28823e-08 1.06653e-08 8.82437e-09 7.29683e-09 6.03015e-09 4.98045e-09
5.41854e-05 0.000107009 0.000168968 0.000237023 0.000308137 0.00037946 0.000448451 0.000512964 0.000571283 0.000622132 0.000664657 0.000698389 0.000723203 0.000739263 0.000746967 0.000746894 0.000739757 0.000726353 0.000707527 0.000684138 0.000657028 0.000627007 0.00059483 0.000561192 0.000526714 0.000491945 0.00045736 0.000423359 0.000390273 0.000358368 0.00032785 0.00029887 0.000271534 0.000245904 0.000222007 0.000199842 0.000179382 0.00016058 0.000143374 0.000127691 0.000113449 0.000100561 8.89372e-05 7.84869e-05 6.91197e-05 6.07474e-05 5.32849e-05 4.66506e-05 4.07674e-05 3.55628e-05 3.09692e-05 2.69238e-05 2.33688e-05 2.02511e-05 1.75225e-05 1.51388e-05 1.30604e-05 1.12514e-05 9.67966e-06 8.31626e-06 7.13554e-06 6.11465e-06 5.23328e-06 4.47352e-06 3.81951e-06 3.25734e-06 2.77476e-06 2.36106e-06 2.00686e-06 1.704e-06 1.44534e-06 1.2247e-06 1.03671e-06 8.76726e-07 7.40725e-07 6.25236e-07 5.27272e-07 4.44258e-07 3.73985e-07 3.14557e-07 2.64348e-07 2.2197e-07 1.86233e-07 1.56125e-07 1.30782e-07 1.09469e-07 9.1559e-08 7.65226e-08 6.39088e-08 5.3336e-08 4.44808e-08 3.70701e-08 3.08729e-08 2.56945e-08 2.13706e-08 1.77627e-08 1.47545e-08 1.22481e-08 1.01611e-08 8.42458e-09 6.98064e-09
4.09694e-05 8.35376e-05 0.000134933 0.000192834 0.000254777 0.000318333 0.000381236 0.000441481 0.000497375 0.000547571 0.000591073 0.000627222 0.000655669 0.000676337 0.000689387 0.000695168 0.000694181 0.000687035 0.000674409 0.000657028 0.000635626 0.000610928 0.000583632 0.000554393 0.000523817 0.000492447 0.00046077 0.000429205 0.000398111 0.000367788 0.000338478 0.000310372 0.000283614 0.000258305 0.000234511 0.000212263 0.000191568 0.000172408 0.00015475 0.000138542 0.000123724 0.000110227 9.79756e-05 8.68924e-05 7.68974e-05 6.79107e-05 5.98537e-05 5.26499e-05 4.62258e-05 4.05114e-05 3.54404e-05 3.09509e-05 2.69849e-05 2.34889e-05 2.04136e-05 1.77136e-05 1.53478e-05 1.32786e-05 1.14722e-05 9.89774e-06 8.5279e-06 7.338e-06 6.30604e-06 5.41243e-06 4.63978e-06 3.97269e-06 3.39755e-06 2.90236e-06 2.47659e-06 2.11097e-06 1.79742e-06 1.52884e-06 1.29906e-06 1.10272e-06 9.35137e-07 7.9226e-07 6.70582e-07 5.67068e-07 4.791e-07 4.0442e-07 3.41083e-07 2.8742e-07 2.41998e-07 2.03586e-07 1.71133e-07 1.43739e-07 1.20636e-07 1.01169e-07 8.47798e-08 7.0993e-08 5.9405e-08 4.9673e-08 4.15061e-08 3.46581e-08 2.89202e-08 2.41161e-08 2.00968e-08 1.67366e-08 1.39293e-08 1.15856e-08 9.6303e-09
3.09769e-05 6.51496e-05 0.000107577 0.000156545 0.000210112 0.000266261 0.000323025 0.000378585 0.000431336 0.000479931 0.000523304 0.000560671 0.000591519 0.000615589 0.000632841 0.000643429 0.000647664 0.000645979 0.000638898 0.000627007 0.000610928 0.000591293 0.000568731 0.000543846 0.000517208 0.000489346 0.00046074 0.000431819 0.000402955 0.000374472 0.000346639 0.000319679 0.000293767 0.000269039 0.000245591 0.000223491 0.000202772 0.000183448 0.000165509 0.00014893 0.00013367 0.00011968 0.0001069 9.52668e-05 8.47123e-05 7.51665e-05 6.65587e-05 5.88189e-05 5.18786e-05 4.56713e-05 4.01335e-05 3.52049e-05 3.08286e-05 2.69513e-05 2.35235e-05 2.04992e-05 1.78364e-05 1.54963e-05 1.34436e-05 1.16463e-05 1.00754e-05 8.70454e-06 7.51035e-06 6.47167e-06 5.56965e-06 4.78749e-06 4.11024e-06 3.52468e-06 3.01907e-06 2.58311e-06 2.20768e-06 1.88479e-06 1.60745e-06 1.3695e-06 1.16561e-06 9.91092e-07 8.4189e-07 7.14473e-07 6.05778e-07 5.13151e-07 4.34299e-07 3.67241e-07 3.10271e-07 2.61917e-07 2.20915e-07 1.8618e-07 1.56781e-07 1.31921e-07 1.10917e-07 9.31864e-08 7.82317e-08 6.56287e-08 5.50164e-08 4.60873e-08 3.85805e-08 3.22742e-08 2.69805e-08 2.25401e-08 1.88181e-08 1.57006e-08 1.30912e-08
2.34216e-05 5.07619e-05 8.56344e-05 0.000126829 0.000172859 0.00022209 0.000272857 0.000323553 0.0003727 0.000419005 0.000461386 0.000498991 0.000531199 0.000557611 0.000578032 0.000592453 0.000601018 0.000604005 0.00060179 0.00059483 0.000583632 0.000568731 0.000550678 0.000530016 0.000507273 0.000482947 0.000457502 0.000431362 0.000404905 0.000378466 0.000352333 0.000326751 0.000301922 0.000278008 0.000255136 0.000233399 0.000212862 0.000193562 0.000175516 0.000158721 0.000143159 0.000128798 0.000115596 0.000103505 9.24685e-05 8.24284e-05 7.33229e-05 6.50898e-05 5.76664e-05 5.09914e-05 4.50049e-05 3.96493e-05 3.48696e-05 3.06136e-05 2.68325e-05 2.34803e-05 2.05146e-05 1.78961e-05 1.55885e-05 1.35587e-05 1.17765e-05 1.02144e-05 8.84758e-06 7.65356e-06 6.61217e-06 5.70531e-06 4.91678e-06 4.23216e-06 3.63859e-06 3.12468e-06 2.68035e-06 2.29667e-06 1.9658e-06 1.68083e-06 1.43568e-06 1.22505e-06 1.04429e-06 8.89333e-07 7.5665e-07 6.43161e-07 5.46193e-07 4.63428e-07 3.92857e-07 3.32745e-07 2.8159e-07 2.38101e-07 2.01164e-07 1.69819e-07 1.43245e-07 1.20735e-07 1.01685e-07 8.55761e-08 7.19658e-08 6.0476e-08 5.07843e-08 4.26157e-08 3.57362e-08 2.99468e-08 2.50785e-08 2.09876e-08 1.75527e-08
1.7709e-05 3.95169e-05 6.80688e-05 0.000102559 0.000141888 0.000184766 0.000229814 0.000275645 0.000320935 0.000364477 0.000405217 0.00044228 0.000474982 0.000502826 0.000525502 0.000542866 0.000554927 0.000561823 0.000563801 0.000561192 0.000554393 0.000543846 0.000530016 0.000513383 0.00049442 0.000473588 0.000451326 0.000428041 0.000404107 0.000379862 0.000355604 0.000331593 0.000308048 0.000285155 0.000263064 0.000241892 0.000221728 0.000202634 0.00018465 0.000167795 0.000152071 0.000137466 0.000123955 0.000111504 0.000100071 8.96095e-05 8.00677e-05 7.13919e-05 6.35269e-05 5.64169e-05 5.0007e-05 4.42431e-05 3.90731e-05 3.44468e-05 3.03166e-05 2.66374e-05 2.3367e-05 2.0466e-05 1.78978e-05 1.56286e-05 1.36272e-05 1.18653e-05 1.0317e-05 8.95859e-06 7.7688e-06 6.72837e-06 5.81995e-06 5.028e-06 4.3386e-06 3.73932e-06 3.21912e-06 2.76816e-06 2.37776e-06 2.04022e-06 1.74874e-06 1.49735e-06 1.2808e-06 1.09448e-06 9.3435e-07 7.96886e-07 6.79008e-07 5.78034e-07 4.91631e-07 4.17773e-07 3.547e-07 3.00893e-07 2.55033e-07 2.15984e-07 1.82766e-07 1.54533e-07 1.30559e-07 1.1022e-07 9.29781e-08 7.8375e-08 6.6017e-08 5.55675e-08 4.67387e-08 3.92852e-08 3.29975e-08 2.76974e-08 2.32331e-08
1.33897e-05 3.07375e-05 5.40327e-05 8.27864e-05 0.000116219 0.000153341 0.000193036 0.000234134 0.000275473 0.000315957 0.00035459 0.000390509 0.000423002 0.000451514 0.00047565 0.000495164 0.000509953 0.000520039 0.000525552 0.000526714 0.000523817 0.000517208 0.000507273 0.00049442 0.000479066 0.000461628 0.000442509 0.000422095 0.000400746 0.000378794 0.000356539 0.000334249 0.000312156 0.00029046 0.00026933 0.000248903 0.000229289 0.000210572 0.000192812 0.000176048 0.000160303 0.000145581 0.000131876 0.000119168 0.000107429 9.66249e-05 8.67147e-05 7.7654e-05 6.93955e-05 6.18903e-05 5.50889e-05 4.89419e-05 4.34007e-05 3.84179e-05 3.3948e-05 2.99474e-05 2.63747e-05 2.31909e-05 2.03596e-05 1.78467e-05 1.56208e-05 1.36527e-05 1.19157e-05 1.03853e-05 9.03929e-06 7.85739e-06 6.82124e-06 5.91428e-06 5.12161e-06 4.42985e-06 3.82702e-06 3.30241e-06 2.84651e-06 2.45084e-06 2.10788e-06 1.811e-06 1.55432e-06 1.33265e-06 1.14146e-06 9.76746e-07 8.34994e-07 7.13142e-07 6.08509e-07 5.18756e-07 4.41847e-07 3.7601e-07 3.19709e-07 2.71607e-07 2.30551e-07 1.95541e-07 1.65715e-07 1.40327e-07 1.18736e-07 1.00391e-07 8.48162e-08 7.16048e-08 6.04073e-08 5.09243e-08 4.28998e-08 3.61146e-08 3.03819e-08
1.01239e-05 2.389e-05 4.28358e-05 6.67137e-05 9.50022e-05 0.000126968 0.000161729 0.000198318 0.000235738 0.000273012 0.000309225 0.000343552 0.000375282 0.000403831 0.000428749 0.000449717 0.000466543 0.000479153 0.00048758 0.000491945 0.000492447 0.000489346 0.000482947 0.000473588 0.000461628 0.000447432 0.000431367 0.000413787 0.000395033 0.000375426 0.000355259 0.0003348 0.000314288 0.000293934 0.000273919 0.000254395 0.000235491 0.000217307 0.000199922 0.000183395 0.000167763 0.000153051 0.000139267 0.000126407 0.000114456 0.000103393 9.31874e-05 8.38051e-05 7.52074e-05 6.73527e-05 6.01979e-05 5.36987e-05 4.78111e-05 4.2491e-05 3.76958e-05 3.33838e-05 2.95153e-05 2.60523e-05 2.29588e-05 2.02012e-05 1.77478e-05 1.55693e-05 1.36385e-05 1.19302e-05 1.04216e-05 9.0915e-06 7.92073e-06 6.89187e-06 5.98911e-06 5.19821e-06 4.50633e-06 3.90195e-06 3.37473e-06 2.91545e-06 2.51589e-06 2.16875e-06 1.86751e-06 1.60645e-06 1.38047e-06 1.18509e-06 1.01636e-06 8.70821e-07 7.45414e-07 6.37474e-07 5.44668e-07 4.64956e-07 3.96561e-07 3.37934e-07 2.8773e-07 2.4478e-07 2.0807e-07 1.76723e-07 1.4998e-07 1.27184e-07 1.0777e-07 9.12503e-08 7.72056e-08 6.52747e-08 5.51477e-08 4.65588e-08 3.92801e-08
7.65468e-06 1.85542e-05 3.3918e-05 5.36764e-05 7.75121e-05 0.000104903 0.000135173 0.000167537 0.000201159 0.000235186 0.000268792 0.000301211 0.000331754 0.000359833 0.000384968 0.000406789 0.00042504 0.000439571 0.000450332 0.00045736 0.00046077 0.00046074 0.000457502 0.000451326 0.000442509 0.000431367 0.000418222 0.000403396 0.000387204 0.000369948 0.000351911 0.000333355 0.00031452 0.00029562 0.000276846 0.000258361 0.000240305 0.000222794 0.000205924 0.000189767 0.000174379 0.000159798 0.000146049 0.000133141 0.000121074 0.000109837 9.9413e-05 8.97767e-05 8.08987e-05 7.27453e-05 6.52802e-05 5.84652e-05 5.2261e-05 4.66279e-05 4.15263e-05 3.69176e-05 3.27639e-05 2.90289e-05 2.56777e-05 2.26772e-05 1.99964e-05 1.76058e-05 1.54781e-05 1.3588e-05 1.19119e-05 1.04282e-05 9.11707e-06 7.96033e-06 6.94143e-06 6.04536e-06 5.25849e-06 4.56855e-06 3.96446e-06 3.43628e-06 2.97511e-06 2.57299e-06 2.2228e-06 1.91824e-06 1.65368e-06 1.42415e-06 1.22525e-06 1.05309e-06 9.04243e-07 7.75701e-07 6.64812e-07 5.69254e-07 4.86993e-07 4.16252e-07 3.55478e-07 3.03318e-07 2.58595e-07 2.20284e-07 1.87497e-07 1.59463e-07 1.35513e-07 1.15072e-07 9.76402e-08 8.27869e-08 7.01414e-08 5.93844e-08 5.02413e-08
5.78768e-06 1.44e-05 2.68259e-05 4.31223e-05 6.31288e-05 8.64956e-05 0.000112719 0.000141181 0.00017119 0.000202017 0.000232932 0.000263237 0.000292283 0.000319495 0.000344384 0.000366552 0.000385695 0.000401609 0.000414174 0.000423359 0.000429205 0.000431819 0.000431362 0.000428041 0.000422095 0.000413787 0.000403396 0.000391207 0.000377505 0.000362569 0.000346666 0.000330048 0.000312951 0.000295588 0.000278152 0.000260815 0.000243726 0.000227011 0.000210779 0.000195116 0.000180091 0.000165758 0.000152152 0.000139299 0.00012721 0.000115887 0.000105323 9.55034e-05 8.64076e-05 7.80103e-05 7.02825e-05 6.31924e-05 5.6706e-05 5.07884e-05 4.54041e-05 4.05174e-05 3.60931e-05 3.20971e-05 2.84959e-05 2.52578e-05 2.23522e-05 1.97504e-05 1.74251e-05 1.53511e-05 1.35045e-05 1.18633e-05 1.04074e-05 9.11788e-06 7.9777e-06 6.97116e-06 6.08399e-06 5.3032e-06 4.61707e-06 4.01499e-06 3.48739e-06 3.02571e-06 2.62224e-06 2.27011e-06 1.96318e-06 1.69597e-06 1.46364e-06 1.26186e-06 1.08683e-06 9.35171e-07 8.0391e-07 6.90428e-07 5.92422e-07 5.07869e-07 4.34999e-07 3.7226e-07 3.18297e-07 2.71927e-07 2.32121e-07 1.9798e-07 1.68726e-07 1.4368e-07 1.22258e-07 1.0395e-07 8.83177e-08 7.49805e-08 6.36109e-08
4.37605e-06 1.11685e-05 2.11937e-05 3.45943e-05 5.13273e-05 7.11797e-05 9.37925e-05 0.00011869 0.000145314 0.000173052 0.000201273 0.000229348 0.000256683 0.00028273 0.000307005 0.000329098 0.000348681 0.000365503 0.000379397 0.000390273 0.000398111 0.000402955 0.000404905 0.000404107 0.000400746 0.000395033 0.000387204 0.000377505 0.000366189 0.000353508 0.00033971 0.000325033 0.000309702 0.000293928 0.000277902 0.000261798 0.000245771 0.000229957 0.000214471 0.000199412 0.00018486 0.000170881 0.000157523 0.000144823 0.000132805 0.000121481 0.000110856 0.000100925 9.16757e-05 8.30922e-05 7.51526e-05 6.78317e-05 6.11015e-05 5.49321e-05 4.92923e-05 4.41502e-05 3.94738e-05 3.52313e-05 3.13914e-05 2.79237e-05 2.47991e-05 2.19894e-05 1.94682e-05 1.72102e-05 1.51919e-05 1.33911e-05 1.17873e-05 1.03614e-05 9.09581e-06 7.97441e-06 6.98232e-06 6.10602e-06 5.33316e-06 4.65254e-06 4.05401e-06 3.52842e-06 3.0675e-06 2.66384e-06 2.3108e-06 2.00241e-06 1.73337e-06 1.49893e-06 1.29491e-06 1.11754e-06 9.63542e-07 8.29971e-07 7.14247e-07 6.14094e-07 5.27508e-07 4.52729e-07 3.88211e-07 3.32601e-07 2.84717e-07 2.43525e-07 2.08122e-07 1.77722e-07 1.51643e-07 1.29291e-07 1.10148e-07 9.37689e-08 7.9766e-08
3.30872e-06 8.65674e-06 1.67266e-05 2.77155e-05 4.16649e-05 5.8468e-05 7.78838e-05 9.95587e-05 0.000123051 0.000147857 0.000173438 0.000199243 0.000224734 0.0002494 0.000272777 0.000294457 0.000314096 0.000331419 0.000346222 0.000358368 0.000367788 0.000374472 0.000378466 0.000379862 0.000378794 0.000375426 0.000369948 0.000362569 0.000353508 0.000342989 0.000331238 0.000318474 0.000304911 0.00029075 0.000276178 0.000261369 0.00024648 0.000231649 0.000217001 0.000202641 0.00018866 0.000175132 0.000162118 0.000149664 0.000137805 0.000126565 0.000115956 0.000105985 9.66488e-05 8.79386e-05 7.98405e-05 7.2336e-05 6.54034e-05 5.90181e-05 5.31537e-05 4.77824e-05 4.28756e-05 3.84044e-05 3.434e-05 3.0654e-05 2.73187e-05 2.43074e-05 2.15941e-05 1.91544e-05 1.69651e-05 1.50041e-05 1.32509e-05 1.16863e-05 1.02924e-05 9.05271e-06 7.95198e-06 6.97619e-06 6.1125e-06 5.3492e-06 4.67562e-06 4.08206e-06 3.55976e-06 3.10079e-06 2.69801e-06 2.34501e-06 2.03602e-06 1.7659e-06 1.53005e-06 1.32437e-06 1.14521e-06 9.89317e-07 8.53835e-07 7.36216e-07 6.34215e-07 5.45852e-07 4.69383e-07 4.03273e-07 3.46177e-07 2.96913e-07 2.54447e-07 2.17877e-07 1.86412e-07 1.59365e-07 1.36135e-07 1.16202e-07 9.91131e-08
2.50172e-06 6.70581e-06 1.31882e-05 2.2176e-05 3.37698e-05 4.79424e-05 6.45474e-05 8.33328e-05 0.000103959 0.000126019 0.000149063 0.000172614 0.000196193 0.000219335 0.000241603 0.000262601 0.000281985 0.000299463 0.000314808 0.00032785 0.000338478 0.000346639 0.000352333 0.000355604 0.000356539 0.000355259 0.000351911 0.000346666 0.00033971 0.000331238 0.00032145 0.000310548 0.000298727 0.000286178 0.000273081 0.000259605 0.000245905 0.000232124 0.000218387 0.000204807 0.000191481 0.000178492 0.000165908 0.000153786 0.00014217 0.000131092 0.000120576 0.000110636 0.000101278 9.25013e-05 8.42992e-05 7.66604e-05 6.95691e-05 6.30066e-05 5.69513e-05 5.13798e-05 4.62673e-05 4.15883e-05 3.73167e-05 3.34264e-05 2.98916e-05 2.6687e-05 2.3788e-05 2.1171e-05 1.88133e-05 1.66934e-05 1.4791e-05 1.30867e-05 1.15629e-05 1.02026e-05 8.99039e-06 7.91195e-06 6.95404e-06 6.10449e-06 5.35221e-06 4.68703e-06 4.09971e-06 3.58187e-06 3.12593e-06 2.72501e-06 2.37293e-06 2.06415e-06 1.79368e-06 1.55705e-06 1.35028e-06 1.16982e-06 1.01248e-06 8.75475e-07 7.56298e-07 6.52742e-07 5.62855e-07 4.84915e-07 4.174e-07 3.58977e-07 3.08469e-07 2.64846e-07 2.27206e-07 1.94758e-07 1.6681e-07 1.42762e-07 1.22086e-07
1.89154e-06 5.19159e-06 1.03885e-05 1.77222e-05 2.73308e-05 3.92461e-05 5.33954e-05 6.96097e-05 8.76365e-05 0.000107155 0.000127795 0.000149151 0.000170805 0.000192339 0.00021335 0.000233463 0.00025234 0.000269688 0.000285262 0.00029887 0.000310372 0.000319679 0.000326751 0.000331593 0.000334249 0.0003348 0.000333355 0.000330048 0.000325033 0.000318474 0.000310548 0.000301431 0.000291305 0.000280344 0.00026872 0.000256594 0.000244118 0.000231432 0.000218664 0.000205929 0.000193329 0.000180953 0.000168877 0.000157165 0.000145868 0.000135028 0.000124677 0.000114836 0.00010552 9.67368e-05 8.84858e-05 8.07627e-05 7.35582e-05 6.68589e-05 6.06486e-05 5.49085e-05 4.96178e-05 4.47544e-05 4.02955e-05 3.62175e-05 3.24968e-05 2.911e-05 2.60339e-05 2.3246e-05 2.07247e-05 1.84489e-05 1.63989e-05 1.45556e-05 1.29014e-05 1.14193e-05 1.00939e-05 8.91059e-06 7.85581e-06 6.91712e-06 6.08304e-06 5.34304e-06 4.68747e-06 4.10753e-06 3.59523e-06 3.14328e-06 2.74512e-06 2.3948e-06 2.08697e-06 1.81682e-06 1.58001e-06 1.37269e-06 1.1914e-06 1.03305e-06 8.94884e-07 7.74475e-07 6.69649e-07 5.78486e-07 4.99288e-07 4.30555e-07 3.70964e-07 3.19349e-07 2.74686e-07 2.36075e-07 2.02727e-07 1.73951e-07 1.49142e-07
1.43019e-06 4.01709e-06 8.17589e-06 1.41464e-05 2.20888e-05 3.20762e-05 4.4092e-05 5.8034e-05 7.37226e-05 9.09113e-05 0.000109301 0.000128555 0.000148312 0.000168203 0.000187863 0.000206943 0.000225119 0.000242102 0.000257643 0.000271534 0.000283614 0.000293767 0.000301922 0.000308048 0.000312156 0.000314288 0.00031452 0.000312951 0.000309702 0.000304911 0.000298727 0.000291305 0.000282806 0.000273391 0.000263218 0.000252439 0.000241199 0.000229637 0.000217878 0.000206038 0.000194222 0.000182523 0.000171021 0.000159787 0.000148879 0.000138346 0.000128226 0.00011855 0.000109339 0.000100607 9.23615e-05 8.46046e-05 7.73328e-05 7.05386e-05 6.42109e-05 5.83356e-05 5.28961e-05 4.78742e-05 4.32501e-05 3.90034e-05 3.51127e-05 3.15569e-05 2.83144e-05 2.53642e-05 2.26858e-05 2.02591e-05 1.80648e-05 1.60846e-05 1.4301e-05 1.26973e-05 1.1258e-05 9.96845e-06 8.81501e-06 7.785e-06 6.86668e-06 6.0492e-06 5.32258e-06 4.67768e-06 4.10614e-06 3.60031e-06 3.15325e-06 2.75867e-06 2.41086e-06 2.10467e-06 1.83545e-06 1.59903e-06 1.39167e-06 1.21e-06 1.05103e-06 9.1207e-07 7.90742e-07 6.84921e-07 5.92724e-07 5.1248e-07 4.42711e-07 3.8211e-07 3.29524e-07 2.83937e-07 2.44455e-07 2.10292e-07 1.80759e-07
