0.385957 0.0889689 0.0401339 0.0195353 0.00924433 0.00414202 0.00176416 0.000721711 0.000286331 0.000110995 4.22721e-05 1.58801e-05 5.90143e-06 2.17412e-06 7.95283e-07 2.89195e-07 1.04638e-07 3.76995e-08 1.35325e-08 4.84194e-09 1.72753e-09 6.14802e-10 2.18304e-10 7.73581e-11 2.7362e-11 9.66189e-12 3.40647e-12 1.1992e-12 4.21262e-13 1.46808e-13 5.15035e-14
0.0889689 0.0265024 0.0120309 0.00462061 0.00163862 0.00055936 0.000187605 6.24594e-05 2.0747e-05 6.89239e-06 2.29246e-06 7.63705e-07 2.54842e-07 8.51742e-08 2.85089e-08 9.55486e-09 3.20612e-09 1.07694e-09 3.62083e-10 1.21839e-10 4.10285e-11 1.38253e-11 4.66148e-12 1.57256e-12 5.30765e-13 1.79219e-13 6.05343e-14 2.04401e-14 6.86877e-15 2.22125e-15 7.51565e-16
0.0401339 0.0120309 0.00390129 0.00129066 0.000424958 0.000139254 4.55803e-05 1.49421e-05 4.91231e-06 1.62026e-06 5.36147e-07 1.77935e-07 5.92064e-08 1.9745e-08 6.59769e-09 2.20829e-09 7.40207e-10 2.48426e-10 8.34678e-11 2.80711e-11 9.44861e-12 3.18275e-12 1.07282e-12 3.61835e-13 1.22102e-13 4.12213e-14 1.39167e-14 4.6864e-15 1.54554e-15 5.19896e-16 1.75919e-16
0.0195353 0.00462061 0.00129066 0.000388171 0.000120691 3.81866e-05 1.22226e-05 3.94728e-06 1.28418e-06 4.2035e-07 1.38295e-07 4.56916e-08 1.51492e-08 5.03743e-09 1.67916e-09 5.60881e-10 1.87677e-10 6.28929e-11 2.11035e-11 7.08917e-12 2.38376e-12 8.02238e-13 2.70194e-13 9.10625e-14 3.07082e-14 1.03587e-14 3.49031e-15 1.16335e-15 3.92184e-16 1.31899e-16 4.46153e-17
0.00924433 0.00163862 0.000424958 0.000120691 3.6091e-05 1.11277e-05 3.50008e-06 1.11662e-06 3.6005e-07 1.17061e-07 3.83089e-08 1.26026e-08 4.16354e-09 1.3803e-09 4.5891e-10 1.52941e-10 5.1074e-11 1.70853e-11 5.72386e-12 1.92004e-12 6.44784e-13 2.16742e-13 7.29197e-14 2.45512e-14 8.27073e-15 2.78555e-15 9.33316e-16 3.14548e-16 1.05997e-16 3.56335e-17 1.20459e-17
0.00414202 0.00055936 0.000139254 3.81866e-05 1.11277e-05 3.36913e-06 1.04617e-06 3.30644e-07 1.0586e-07 3.42257e-08 1.11497e-08 3.65401e-09 1.20326e-09 3.97779e-10 1.31922e-10 4.38685e-11 1.46206e-11 4.88212e-12 1.63292e-12 5.46937e-13 1.8342e-13 6.15782e-14 2.06928e-14 6.95908e-15 2.34114e-15 7.85927e-16 2.6465e-16 8.91409e-17 3.00214e-17 1.00869e-17 3.40747e-18
0.00176416 0.000187605 4.55803e-05 1.22226e-05 3.50008e-06 1.04617e-06 3.21792e-07 1.00976e-07 3.21473e-08 1.0346e-08 3.35748e-09 1.0967e-09 3.60099e-10 1.18739e-10 3.92892e-11 1.3038e-11 4.33717e-12 1.44579e-12 4.8281e-13 1.6148e-13 5.40808e-14 1.81334e-14 6.08632e-15 2.04428e-15 6.86287e-16 2.30818e-16 7.76688e-17 2.61431e-17 8.79885e-18 2.9546e-18 9.97352e-19
0.000721711 6.24594e-05 1.49421e-05 3.94728e-06 1.11662e-06 3.30644e-07 1.00976e-07 3.15079e-08 9.98533e-09 3.20132e-09 1.03548e-09 3.37256e-10 1.10454e-10 3.63371e-11 1.19984e-11 3.97406e-12 1.31969e-12 4.39211e-13 1.46454e-13 4.89153e-14 1.63612e-14 5.47933e-15 1.83689e-15 6.16022e-16 2.06874e-16 6.95215e-17 2.33758e-17 7.86261e-18 2.64451e-18 8.87483e-19 2.99359e-19
0.000286331 2.0747e-05 4.91231e-06 1.28418e-06 3.6005e-07 1.0586e-07 3.21473e-08 9.98533e-09 3.15245e-09 1.00738e-09 3.24906e-10 1.05553e-10 3.44898e-11 1.13228e-11 3.73163e-12 1.23381e-12 4.09061e-13 1.35938e-13 4.52655e-14 1.50991e-14 5.04425e-15 1.68735e-15 5.64938e-16 1.89387e-16 6.35455e-17 2.13376e-17 7.16912e-18 2.40967e-18 8.0993e-19 2.71652e-19 9.15678e-20
0.000110995 6.89239e-06 1.62026e-06 4.2035e-07 1.17061e-07 3.42257e-08 1.0346e-08 3.20132e-09 1.00738e-09 3.20992e-10 1.03265e-10 3.34709e-11 1.0914e-11 3.5762e-12 1.17654e-12 3.88382e-13 1.28573e-13 4.2668e-14 1.41896e-14 4.7275e-15 1.57754e-15 5.27087e-16 1.76348e-16 5.90653e-17 1.98018e-17 6.64392e-18 2.23062e-18 7.49237e-19 2.5167e-19 8.43639e-20 2.84184e-20
4.22721e-05 2.29246e-06 5.36147e-07 1.38295e-07 3.83089e-08 1.11497e-08 3.35748e-09 1.03548e-09 3.24906e-10 1.03265e-10 3.31449e-11 1.07208e-11 3.48916e-12 1.1413e-12 3.74876e-13 1.23564e-13 4.08493e-14 1.35387e-14 4.49702e-15 1.49656e-15 4.98844e-16 1.66531e-16 5.56661e-17 1.86287e-17 6.24031e-18 2.09219e-18 7.01932e-19 2.35615e-19 7.90951e-20 2.65001e-20 8.92111e-21
1.58801e-05 7.63705e-07 1.77935e-07 4.56916e-08 1.26026e-08 3.65401e-09 1.0967e-09 3.37256e-10 1.05553e-10 3.34709e-11 1.07208e-11 3.46111e-12 1.12448e-12 3.67226e-13 1.20441e-13 3.96445e-14 1.30893e-14 4.33303e-15 1.43764e-15 4.7792e-16 1.59157e-16 5.30835e-17 1.77289e-17 5.92818e-18 1.98434e-18 6.64812e-19 2.22896e-19 7.47719e-20 2.5086e-20 8.40064e-21 2.82636e-21
5.90143e-06 2.54842e-07 5.92064e-08 1.51492e-08 4.16354e-09 1.20326e-09 3.60099e-10 1.10454e-10 3.44898e-11 1.0914e-11 3.48916e-12 1.12448e-12 3.64747e-13 1.1894e-13 3.89559e-14 1.28063e-14 4.22318e-15 1.39646e-15 4.62837e-16 1.53717e-16 5.11439e-17 1.70433e-17 5.68753e-18 1.90034e-18 6.35641e-19 2.12814e-19 7.13063e-20 2.39058e-20 8.01597e-21 2.68307e-21 9.02203e-22
2.17412e-06 8.51742e-08 1.9745e-08 5.03743e-09 1.3803e-09 3.97779e-10 1.18739e-10 3.63371e-11 1.13228e-11 3.5762e-12 1.1413e-12 3.67226e-13 1.1894e-13 3.87318e-14 1.26694e-14 4.15996e-15 1.37032e-15 4.52642e-16 1.49878e-16 4.97316e-17 1.65322e-17 5.50477e-18 1.83559e-18 6.12871e-19 2.04858e-19 6.8543e-20 2.29523e-20 7.69053e-21 2.57738e-21 8.623e-22 2.89802e-22
7.95283e-07 2.85089e-08 6.59769e-09 1.67916e-09 4.5891e-10 1.31922e-10 3.92892e-11 1.19984e-11 3.73163e-12 1.17654e-12 3.74876e-13 1.20441e-13 3.89559e-14 1.26694e-14 4.13932e-15 1.35762e-15 4.46741e-16 1.47425e-16 4.87703e-17 1.61688e-17 5.3706e-18 1.78689e-18 5.95416e-19 1.98663e-19 6.63621e-20 2.21904e-20 7.42639e-21 2.48698e-21 8.33059e-22 2.78592e-22 9.35824e-23
2.89195e-07 9.55486e-09 2.20829e-09 5.60881e-10 1.52941e-10 4.38685e-11 1.3038e-11 3.97406e-12 1.23381e-12 3.88382e-13 1.23564e-13 3.96445e-14 1.28063e-14 4.15996e-15 1.35762e-15 4.44809e-16 1.46229e-16 4.82113e-17 1.59353e-17 5.27874e-18 1.75204e-18 5.82512e-19 1.93968e-19 6.46762e-20 2.15914e-20 7.21561e-21 2.41351e-21 8.07828e-22 2.70467e-22 9.04129e-23 3.03562e-23
1.04638e-07 3.20612e-09 7.40207e-10 1.87677e-10 5.1074e-11 1.46206e-11 4.33717e-12 1.31969e-12 4.09061e-13 1.28573e-13 4.08493e-14 1.30893e-14 4.22318e-15 1.37032e-15 4.46741e-16 1.46229e-16 4.80279e-17 1.58211e-17 5.22513e-18 1.72955e-18 5.73633e-19 1.90589e-19 6.34222e-20 2.11343e-20 7.05135e-21 2.35518e-21 7.8736e-22 2.63408e-22 8.81509e-23 2.9456e-23 9.88535e-24
3.76995e-08 1.07694e-09 2.48426e-10 6.28929e-11 1.70853e-11 4.88212e-12 1.44579e-12 4.39211e-13 1.35938e-13 4.2668e-14 1.35387e-14 4.33303e-15 1.39646e-15 4.52642e-16 1.47425e-16 4.82113e-17 1.58211e-17 5.2075e-18 1.71853e-18 5.68435e-19 1.88401e-19 6.25555e-20 2.08037e-20 6.92844e-21 2.31035e-21 7.71262e-22 2.57712e-22 8.61762e-23 2.88267e-23 9.62895e-24 3.23004e-24
1.35325e-08 3.62083e-10 8.34678e-11 2.11035e-11 5.72386e-12 1.63292e-12 4.8281e-13 1.46454e-13 4.52655e-14 1.41896e-14 4.49702e-15 1.43764e-15 4.62837e-16 1.49878e-16 4.87703e-17 1.59353e-17 5.22513e-18 1.71853e-18 5.66723e-19 1.87326e-19 6.20467e-20 2.05889e-20 6.84315e-21 2.27777e-21 7.59141e-22 2.53296e-22 8.45969e-23 2.82756e-23 9.45448e-24 3.15695e-24 1.05856e-24
4.84194e-09 1.21839e-10 2.80711e-11 7.08917e-12 1.92004e-12 5.46937e-13 1.6148e-13 4.89153e-14 1.50991e-14 4.7275e-15 1.49656e-15 4.7792e-16 1.53717e-16 4.97316e-17 1.61688e-17 5.27874e-18 1.72955e-18 5.68435e-19 1.87326e-19 6.18789e-20 2.04832e-20 6.79295e-21 2.25652e-21 7.50693e-22 2.50068e-22 8.33979e-23 2.7841e-23 9.30156e-24 3.1089e-24 1.03774e-24 3.47828e-25
1.72753e-09 4.10285e-11 9.44861e-12 2.38376e-12 6.44784e-13 1.8342e-13 5.40808e-14 1.63612e-14 5.04425e-15 1.57754e-15 4.98844e-16 1.59157e-16 5.11439e-17 1.65322e-17 5.3706e-18 1.75204e-18 5.73633e-19 1.88401e-19 6.20467e-20 2.04832e-20 6.77637e-21 2.24604e-21 7.45707e-22 2.47955e-22 8.25579e-23 2.75206e-23 9.18329e-24 3.06684e-24 1.02465e-24 3.41913e-25 1.14558e-25
6.14802e-10 1.38253e-11 3.18275e-12 8.02238e-13 2.16742e-13 6.15782e-14 1.81334e-14 5.47933e-15 1.68735e-15 5.27087e-16 1.66531e-16 5.30835e-17 1.70433e-17 5.50477e-18 1.78689e-18 5.82512e-19 1.90589e-19 6.25555e-20 2.05889e-20 6.79295e-21 2.24604e-21 7.44059e-22 2.4691e-22 8.20606e-23 2.731e-23 9.09978e-24 3.03522e-24 1.01324e-24 3.38405e-25 1.12886e-25 3.78086e-26
2.18304e-10 4.66148e-12 1.07282e-12 2.70194e-13 7.29197e-14 2.06928e-14 6.08632e-15 1.83689e-15 5.64938e-16 1.76348e-16 5.56661e-17 1.77289e-17 5.68753e-18 1.83559e-18 5.95416e-19 1.93968e-19 6.34222e-20 2.08037e-20 6.84315e-21 2.25652e-21 7.45707e-22 2.4691e-22 8.18959e-23 2.72056e-23 9.05012e-24 3.01427e-24 1.005e-24 3.35371e-25 1.11969e-25 3.73395e-26 1.25016e-26
7.73581e-11 1.57256e-12 3.61835e-13 9.10625e-14 2.45512e-14 6.95908e-15 2.04428e-15 6.16022e-16 1.89387e-16 5.90653e-17 1.86287e-17 5.92818e-18 1.90034e-18 6.12871e-19 1.98663e-19 6.46762e-20 2.11343e-20 6.92844e-21 2.27777e-21 7.50693e-22 2.47955e-22 8.20606e-23 2.72056e-23 9.03364e-24 3.00384e-24 1.00007e-24 3.33312e-25 1.11186e-25 3.71086e-26 1.23714e-26 4.14068e-27
2.7362e-11 5.30765e-13 1.22102e-13 3.07082e-14 8.27073e-15 2.34114e-15 6.86287e-16 2.06874e-16 6.35455e-17 1.98018e-17 6.24031e-18 1.98434e-18 6.35641e-19 2.04858e-19 6.63621e-20 2.15914e-20 7.05135e-21 2.31035e-21 7.59141e-22 2.50068e-22 8.25579e-23 2.731e-23 9.05012e-24 3.00384e-24 9.98426e-25 3.32279e-25 1.10704e-25 3.69159e-26 1.23167e-26 4.10507e-27 1.37351e-27
9.66189e-12 1.79219e-13 4.12213e-14 1.03587e-14 2.78555e-15 7.85927e-16 2.30818e-16 6.95215e-17 2.13376e-17 6.64392e-18 2.09219e-18 6.64812e-19 2.12814e-19 6.8543e-20 2.21904e-20 7.21561e-21 2.35518e-21 7.71262e-22 2.53296e-22 8.33979e-23 2.75206e-23 9.09978e-24 3.01427e-24 1.00007e-24 3.32279e-25 1.10543e-25 3.68162e-26 1.22728e-26 4.09345e-27 1.36395e-27 4.5622e-28
3.40647e-12 6.05343e-14 1.39167e-14 3.49031e-15 9.33316e-16 2.6465e-16 7.76688e-17 2.33758e-17 7.16912e-18 2.23062e-18 7.01932e-19 2.22896e-19 7.13063e-20 2.29523e-20 7.42639e-21 2.41351e-21 7.8736e-22 2.57712e-22 8.45969e-23 2.7841e-23 9.18329e-24 3.03522e-24 1.005e-24 3.33312e-25 1.10704e-25 3.68162e-26 1.22575e-26 4.08477e-27 1.36202e-27 4.53715e-28 1.51715e-28
1.1992e-12 2.04401e-14 4.6864e-15 1.16335e-15 3.14548e-16 8.91409e-17 2.61431e-17 7.86261e-18 2.40967e-18 7.49237e-19 2.35615e-19 7.47719e-20 2.39058e-20 7.69053e-21 2.48698e-21 8.07828e-22 2.63408e-22 8.61762e-23 2.82756e-23 9.30156e-24 3.06684e-24 1.01324e-24 3.35371e-25 1.11186e-25 3.69159e-26 1.22728e-26 4.08477e-27 1.36083e-27 4.53623e-28 1.51073e-28 5.05021e-29
4.21262e-13 6.86877e-15 1.54554e-15 3.92184e-16 1.05997e-16 3.00214e-17 8.79885e-18 2.64451e-18 8.0993e-19 2.5167e-19 7.90951e-20 2.5086e-20 8.01597e-21 2.57738e-21 8.33059e-22 2.70467e-22 8.81509e-23 2.88267e-23 9.45448e-24 3.1089e-24 1.02465e-24 3.38405e-25 1.11969e-25 3.71086e-26 1.23167e-26 4.09345e-27 1.36202e-27 4.53623e-28 1.51172e-28 5.03344e-29 1.68217e-29
1.46808e-13 2.22125e-15 5.19896e-16 1.31899e-16 3.56335e-17 1.00869e-17 2.9546e-18 8.87483e-19 2.71652e-19 8.43639e-20 2.65001e-20 8.40064e-21 2.68307e-21 8.623e-22 2.78592e-22 9.04129e-23 2.9456e-23 9.62895e-24 3.15695e-24 1.03774e-24 3.41913e-25 1.12886e-25 3.73395e-26 1.23714e-26 4.10507e-27 1.36395e-27 4.53715e-28 1.51073e-28 5.03344e-29 1.67561e-29 5.5986e-30
5.15035e-14 7.51565e-16 1.75919e-16 4.46153e-17 1.20459e-17 3.40747e-18 9.97352e-19 2.99359e-19 9.15678e-20 2.84184e-20 8.92111e-21 2.82636e-21 9.02203e-22 2.89802e-22 9.35824e-23 3.03562e-23 9.88535e-24 3.23004e-24 1.05856e-24 3.47828e-25 1.14558e-25 3.78086e-26 1.25016e-26 4.14068e-27 1.37351e-27 4.5622e-28 1.51715e-28 5.05021e-29 1.68217e-29 5.5986e-30 1.87012e-30
