0.414968 0.123277 0.0454606 0.0167644 0.00618215 0.00227977 0.000840706 0.000310025 0.000114327 4.216e-05 1.55472e-05 5.7333e-06 2.11425e-06 7.79667e-07 2.87516e-07 1.06026e-07 3.9099e-08 1.44184e-08 5.31704e-09 1.96075e-09 7.23061e-10 2.66641e-10 9.83284e-11 3.62603e-11 1.33716e-11 4.93101e-12 1.81839e-12 6.70564e-13 2.47282e-13 9.11894e-14 3.36277e-14 1.24008e-14 4.573e-15 1.68637e-15 6.21878e-16 2.29328e-16 8.45687e-17 3.11862e-17 1.15004e-17 4.24098e-18 1.56393e-18 5.76728e-19 2.12678e-19 7.84287e-20 2.89219e-20 1.06655e-20 3.93307e-21 1.45039e-21 5.34855e-22 1.97237e-22 7.27345e-23 2.68221e-23 9.89111e-24 3.64752e-24 1.34508e-24 4.96023e-25 1.82917e-25 6.74537e-26 2.48747e-26 9.17298e-27 3.38269e-27 1.24743e-27 4.6001e-28 1.69636e-28 6.25563e-29 2.30687e-29 8.50698e-30 3.1371e-30 1.15686e-30 4.26611e-31 1.5732e-31 5.80145e-32 2.13938e-32 7.88935e-33 2.90933e-33 1.07287e-33 3.95638e-34 1.45898e-34 5.38024e-35 1.98406e-35 7.31655e-36 2.6981e-36 9.94972e-37 3.66913e-37 1.35305e-37 4.98962e-38 1.84001e-38 6.78534e-39 2.50221e-39 9.22733e-40 3.40274e-40 1.25482e-40 4.62735e-41 1.70642e-41 6.2927e-42 2.32054e-42 8.55739e-43 3.15569e-43 1.16371e-43 4.29139e-44 1.58252e-44
0.123277 0.0549603 0.0250119 0.0109731 0.00469172 0.00196807 0.000813499 0.000332346 0.00013449 5.39953e-05 2.15343e-05 8.53946e-06 3.36972e-06 1.32401e-06 5.18257e-07 2.02181e-07 7.86383e-08 3.0504e-08 1.18038e-08 4.55747e-09 1.7561e-09 6.75421e-10 2.59335e-10 9.94183e-11 3.80577e-11 1.4549e-11 5.55498e-12 2.11848e-12 8.07031e-13 3.07123e-13 1.16766e-13 4.43538e-14 1.68335e-14 6.38362e-15 2.41897e-15 9.1597e-16 3.46605e-16 1.31071e-16 4.9535e-17 1.87095e-17 7.06266e-18 2.66466e-18 1.00484e-18 3.78736e-19 1.42684e-19 5.37301e-20 2.02244e-20 7.60944e-21 2.86193e-21 1.07597e-21 4.04373e-22 1.51919e-22 5.70549e-23 2.14206e-23 8.0396e-24 3.01651e-24 1.13148e-24 4.24291e-25 1.59061e-25 5.96137e-26 2.23366e-26 8.36718e-27 3.13355e-27 1.17325e-27 4.39186e-28 1.64365e-28 6.15002e-29 2.30066e-29 8.60482e-30 3.2177e-30 1.203e-30 4.49681e-31 1.6806e-31 6.27985e-32 2.34616e-32 8.76385e-33 3.27311e-33 1.22224e-33 4.56337e-34 1.70353e-34 6.35841e-35 2.37293e-35 8.85442e-36 3.30351e-36 1.23235e-36 4.59656e-37 1.71426e-37 6.39246e-38 2.38344e-38 8.88565e-39 3.31225e-39 1.23454e-39 4.60088e-40 1.71446e-40 6.38805e-41 2.37992e-41 8.86567e-42 3.3023e-42 1.22992e-42 4.58034e-43 1.7056e-43
0.0454606 0.0250119 0.0130883 0.00643431 0.00303299 0.00138677 0.000619491 0.000271687 0.00011738 5.00842e-05 2.11458e-05 8.84727e-06 3.67259e-06 1.51402e-06 6.20342e-07 2.52788e-07 1.02505e-07 4.1382e-08 1.66389e-08 6.66561e-09 2.66128e-09 1.05924e-09 4.20391e-10 1.66402e-10 6.57045e-11 2.58841e-11 1.01751e-11 3.99184e-12 1.5631e-12 6.1099e-13 2.38427e-13 9.28951e-14 3.61396e-14 1.40398e-14 5.44704e-15 2.11061e-15 8.1683e-16 3.15759e-16 1.21929e-16 4.70329e-17 1.81244e-17 6.97769e-18 2.68388e-18 1.03142e-18 3.96041e-19 1.51949e-19 5.82528e-20 2.23159e-20 8.5428e-21 3.26804e-21 1.24935e-21 4.77315e-22 1.82245e-22 6.95423e-23 2.65211e-23 1.01086e-23 3.85085e-24 1.46621e-24 5.57975e-25 2.12237e-25 8.06906e-26 3.06637e-26 1.16475e-26 4.42233e-27 1.67837e-27 6.36718e-28 2.41454e-28 9.15278e-29 3.46824e-29 1.31373e-29 4.97449e-30 1.88296e-30 7.12503e-31 2.69519e-31 1.01919e-31 3.85285e-32 1.45605e-32 5.50103e-33 2.07771e-33 7.84516e-34 2.96141e-34 1.11758e-34 4.21642e-35 1.59037e-35 5.9971e-36 2.26088e-36 8.52136e-37 3.21098e-37 1.20967e-37 4.55614e-38 1.71566e-38 6.4591e-39 2.4312e-39 9.14909e-40 3.44229e-40 1.29488e-40 4.86998e-41 1.83122e-41 6.88451e-42 2.58777e-42 9.7252e-43
0.0167644 0.0109731 0.00643431 0.00346937 0.00177049 0.000868563 0.00041353 0.000192283 8.77029e-05 3.93664e-05 1.74315e-05 7.62895e-06 3.30499e-06 1.419e-06 6.0442e-07 2.55624e-07 1.07419e-07 4.48782e-08 1.86506e-08 7.71342e-09 3.17592e-09 1.3023e-09 5.31993e-10 2.16556e-10 8.78634e-11 3.55399e-11 1.43344e-11 5.766e-12 2.31351e-12 9.26052e-13 3.69848e-13 1.47397e-13 5.86246e-14 2.32725e-14 9.22188e-15 3.64794e-15 1.44067e-15 5.68069e-16 2.23661e-16 8.79344e-17 3.45251e-17 1.35377e-17 5.30162e-18 2.07373e-18 8.10202e-19 3.16194e-19 1.23268e-19 4.80067e-20 1.86777e-20 7.25992e-21 2.81929e-21 1.09386e-21 4.24047e-22 1.6425e-22 6.35695e-23 2.45841e-23 9.50026e-24 3.6686e-24 1.41566e-24 5.45911e-25 2.10376e-25 8.10199e-26 3.11829e-26 1.19943e-26 4.61085e-27 1.77148e-27 6.80223e-28 2.61054e-28 1.00133e-28 3.83889e-29 1.471e-29 5.63392e-30 2.15676e-30 8.25259e-31 3.15633e-31 1.20666e-31 4.61104e-32 1.76129e-32 6.72487e-33 2.56663e-33 9.79203e-34 3.73436e-34 1.42363e-34 5.42523e-35 2.06673e-35 7.87042e-36 2.99615e-36 1.14021e-36 4.3377e-37 1.64967e-37 6.27188e-38 2.38377e-38 9.05732e-39 3.44038e-39 1.30643e-39 4.95956e-40 1.88226e-40 7.1416e-41 2.70891e-41 1.02726e-41 3.89451e-42
0.00618215 0.00469172 0.00303299 0.00177049 0.000967517 0.000504457 0.000253835 0.000124193 5.93919e-05 2.78674e-05 1.28664e-05 5.85837e-06 2.63529e-06 1.17284e-06 5.17038e-07 2.25999e-07 9.80292e-08 4.22258e-08 1.80734e-08 7.69083e-09 3.25521e-09 1.371e-09 5.74781e-10 2.39948e-10 9.97709e-11 4.13312e-11 1.70623e-11 7.02069e-12 2.87994e-12 1.17795e-12 4.80482e-13 1.9548e-13 7.93335e-14 3.21216e-14 1.2977e-14 5.23155e-15 2.10481e-15 8.45198e-16 3.38771e-16 1.35547e-16 5.41431e-17 2.15921e-17 8.59755e-18 3.41829e-18 1.35713e-18 5.3807e-19 2.1305e-19 8.42499e-20 3.32755e-20 1.3127e-20 5.17259e-21 2.03597e-21 8.00518e-22 3.14428e-22 1.23378e-22 4.83654e-23 1.89419e-23 7.41169e-24 2.89754e-24 1.1318e-24 4.41721e-25 1.72257e-25 6.71223e-26 2.61352e-26 1.01686e-26 3.95354e-27 1.53605e-27 5.9639e-28 2.31401e-28 8.97263e-29 3.47696e-29 1.34652e-29 5.21154e-30 2.01588e-30 7.7932e-31 3.0111e-31 1.16278e-31 4.48786e-32 1.73123e-32 6.67501e-33 2.57237e-33 9.90839e-34 3.81476e-34 1.46801e-34 5.64671e-35 2.17104e-35 8.34358e-36 3.20517e-36 1.23075e-36 4.724e-37 1.81249e-37 6.9514e-38 2.66502e-38 1.02133e-38 3.91265e-39 1.49837e-39 5.73602e-40 2.19509e-40 8.39739e-41 3.21137e-41 1.2277e-41
0.00227977 0.00196807 0.00138677 0.000868563 0.000504457 0.000277718 0.000146833 7.51955e-05 3.75221e-05 1.83226e-05 8.78428e-06 4.14521e-06 1.92921e-06 8.86984e-07 4.03401e-07 1.81689e-07 8.1115e-08 3.59258e-08 1.5796e-08 6.89893e-09 2.99463e-09 1.2925e-09 5.54916e-10 2.37076e-10 1.00822e-10 4.26935e-11 1.8006e-11 7.56539e-12 3.16735e-12 1.3216e-12 5.49694e-13 2.27947e-13 9.42548e-14 3.88681e-14 1.59868e-14 6.55932e-15 2.68495e-15 1.09658e-15 4.46899e-16 1.81755e-16 7.37752e-17 2.98892e-17 1.20873e-17 4.87967e-18 1.96663e-18 7.91326e-19 3.17917e-19 1.27533e-19 5.10861e-20 2.04352e-20 8.16337e-21 3.25683e-21 1.2977e-21 5.16448e-22 2.05289e-22 8.15094e-23 3.23273e-23 1.28075e-23 5.06885e-24 2.00407e-24 7.91574e-25 3.1236e-25 1.23145e-25 4.85048e-26 1.90886e-26 7.50569e-27 2.94881e-27 1.15758e-27 4.54062e-28 1.77969e-28 6.97022e-29 2.72792e-29 1.06686e-29 4.16948e-30 1.6284e-30 6.35553e-31 2.47891e-31 9.66263e-32 3.7641e-32 1.46543e-32 5.70178e-33 2.2172e-33 8.61696e-34 3.34705e-34 1.29938e-34 5.04171e-35 1.95522e-35 7.57863e-36 2.93609e-36 1.13694e-36 4.40043e-37 1.70235e-37 6.58271e-38 2.54427e-38 9.82945e-39 3.79583e-39 1.46521e-39 5.65339e-40 2.18042e-40 8.40615e-41 3.23953e-41
0.000840706 0.000813499 0.000619491 0.00041353 0.000253835 0.000146833 8.12157e-05 4.33625e-05 2.24957e-05 1.13939e-05 5.65453e-06 2.75732e-06 1.32407e-06 6.27257e-07 2.93588e-07 1.35933e-07 6.2325e-08 2.83226e-08 1.27666e-08 5.71183e-09 2.53798e-09 1.12057e-09 4.9184e-10 2.14694e-10 9.32362e-11 4.02958e-11 1.7337e-11 7.42754e-12 3.16939e-12 1.3473e-12 5.70688e-13 2.40913e-13 1.01373e-13 4.25262e-14 1.77879e-14 7.41967e-15 3.08669e-15 1.28086e-15 5.3022e-16 2.18979e-16 9.02362e-17 3.71049e-17 1.52262e-17 6.23581e-18 2.54901e-18 1.04005e-18 4.23616e-19 1.72248e-19 6.99232e-20 2.83401e-20 1.14688e-20 4.63436e-21 1.87e-21 7.53511e-22 3.03218e-22 1.21858e-22 4.89112e-23 1.96078e-23 7.85115e-24 3.14005e-24 1.25445e-24 5.00606e-25 1.99562e-25 7.9472e-26 3.16165e-26 1.25658e-26 4.98943e-27 1.9793e-27 7.84474e-28 3.10644e-28 1.22907e-28 4.85874e-29 1.91918e-29 7.57466e-30 2.98724e-30 1.17719e-30 4.63555e-31 1.82406e-31 7.17248e-32 2.81836e-32 1.1067e-32 4.34282e-33 1.70307e-33 6.67445e-34 2.61414e-34 1.02324e-34 4.00279e-35 1.56493e-35 6.11474e-36 2.3879e-36 9.31996e-37 3.63561e-37 1.41746e-37 5.52351e-38 2.15129e-38 8.37463e-39 3.2585e-39 1.26724e-39 4.92601e-40 1.91394e-40 7.433e-41
0.000310025 0.000332346 0.000271687 0.000192283 0.000124193 7.51955e-05 4.33625e-05 2.40625e-05 1.29411e-05 6.78054e-06 3.4747e-06 1.74682e-06 8.63594e-07 4.20675e-07 2.02237e-07 9.60802e-08 4.51606e-08 2.10213e-08 9.69828e-09 4.43795e-09 2.01557e-09 9.09042e-10 4.0734e-10 1.81429e-10 8.03541e-11 3.54008e-11 1.5519e-11 6.7715e-12 2.94166e-12 1.2726e-12 5.48377e-13 2.3542e-13 1.00708e-13 4.29359e-14 1.82465e-14 7.73044e-15 3.26556e-15 1.3756e-15 5.77917e-16 2.4217e-16 1.01229e-16 4.22148e-17 1.75645e-17 7.29215e-18 3.02108e-18 1.24907e-18 5.15424e-19 2.12286e-19 8.72748e-20 3.58172e-20 1.46742e-20 6.00213e-21 2.45111e-21 9.99428e-22 4.06903e-22 1.65425e-22 6.71584e-23 2.72275e-23 1.1024e-23 4.45773e-24 1.8003e-24 7.26183e-25 2.92574e-25 1.1774e-25 4.7329e-26 1.90045e-26 7.62296e-27 3.05451e-27 1.2227e-27 4.88958e-28 1.95347e-28 7.7971e-29 3.1093e-29 1.23881e-29 4.93136e-30 1.96136e-30 7.7945e-31 3.09502e-31 1.22799e-31 4.86839e-32 1.92861e-32 7.63451e-33 3.01995e-33 1.19374e-33 4.71533e-34 1.8613e-34 7.34228e-35 2.8944e-35 1.14026e-35 4.48929e-36 1.76636e-36 6.94572e-37 2.72958e-37 1.07206e-37 4.20817e-38 1.6509e-38 6.47306e-39 2.53665e-39 9.93529e-40 3.8893e-40 1.52173e-40
0.000114327 0.00013449 0.00011738 8.77029e-05 5.93919e-05 3.75221e-05 2.24957e-05 1.29411e-05 7.19835e-06 3.89314e-06 2.05589e-06 1.06352e-06 5.40334e-07 2.70185e-07 1.33196e-07 6.48307e-08 3.1193e-08 1.48516e-08 7.00353e-09 3.27362e-09 1.51776e-09 6.984e-10 3.19125e-10 1.44871e-10 6.53655e-11 2.93245e-11 1.30851e-11 5.80929e-12 2.56682e-12 1.12903e-12 4.94488e-13 2.15697e-13 9.37257e-14 4.05768e-14 1.75057e-14 7.52715e-15 3.22625e-15 1.37861e-15 5.87375e-16 2.4956e-16 1.05747e-16 4.46932e-17 1.88425e-17 7.92499e-18 3.32554e-18 1.3924e-18 5.81753e-19 2.4256e-19 1.00933e-19 4.19195e-20 1.73776e-20 7.19088e-21 2.97042e-21 1.22496e-21 5.04328e-22 2.07308e-22 8.50847e-23 3.48689e-23 1.4269e-23 5.83092e-24 2.37949e-24 9.69736e-25 3.94693e-25 1.60441e-25 6.51387e-26 2.64145e-26 1.06989e-26 4.32853e-27 1.74929e-27 7.06173e-28 2.84775e-28 1.14722e-28 4.61693e-29 1.85623e-29 7.45582e-30 2.99192e-30 1.19952e-30 4.80477e-31 1.92291e-31 7.68902e-32 3.07198e-32 1.22633e-32 4.89158e-33 1.94961e-33 7.76443e-34 3.08989e-34 1.22873e-34 4.88259e-35 1.93882e-35 7.69342e-36 3.05073e-36 1.20892e-36 4.78744e-37 1.89465e-37 7.49337e-38 2.96179e-38 1.16995e-38 4.61867e-39 1.82226e-39 7.18542e-40 2.83169e-40
4.216e-05 5.39953e-05 5.00842e-05 3.93664e-05 2.78674e-05 1.83226e-05 1.13939e-05 6.78054e-06 3.89314e-06 2.16946e-06 1.17857e-06 6.26353e-07 3.26539e-07 1.67367e-07 8.44939e-08 4.20789e-08 2.0699e-08 1.00685e-08 4.8475e-09 2.31193e-09 1.09307e-09 5.12649e-10 2.38634e-10 1.10308e-10 5.06572e-11 2.31212e-11 1.04925e-11 4.7357e-12 2.1265e-12 9.50257e-13 4.2269e-13 1.87202e-13 8.25655e-14 3.62722e-14 1.58751e-14 6.92312e-15 3.00883e-15 1.30337e-15 5.62825e-16 2.4231e-16 1.04019e-16 4.45294e-17 1.90117e-17 8.09615e-18 3.43923e-18 1.45749e-18 6.16242e-19 2.59975e-19 1.09441e-19 4.59752e-20 1.92751e-20 8.06541e-21 3.36851e-21 1.40429e-21 5.84399e-22 2.42782e-22 1.00693e-22 4.16947e-23 1.72377e-23 7.11567e-24 2.93297e-24 1.20718e-24 4.96165e-25 2.03651e-25 8.3477e-26 3.41731e-26 1.39718e-26 5.70538e-27 2.32699e-27 9.47968e-28 3.85741e-28 1.56787e-28 6.36579e-29 2.58184e-29 1.04606e-29 4.23386e-30 1.71193e-30 6.91529e-31 2.79075e-31 1.12519e-31 4.53248e-32 1.82413e-32 7.33493e-33 2.94688e-33 1.18295e-33 4.74471e-34 1.90153e-34 7.6147e-35 3.04695e-35 1.21828e-35 4.86749e-36 1.94332e-36 7.75304e-37 3.09096e-37 1.23144e-37 4.90272e-38 1.95062e-38 7.7557e-39 3.0817e-39 1.22373e-39 4.85633e-40
1.55472e-05 2.15343e-05 2.11458e-05 1.74315e-05 1.28664e-05 8.78428e-06 5.65453e-06 3.4747e-06 2.05589e-06 1.17857e-06 6.57708e-07 3.58604e-07 1.91586e-07 1.00532e-07 5.19123e-08 2.64224e-08 1.3274e-08 6.58969e-09 3.23595e-09 1.57322e-09 7.57821e-10 3.61929e-10 1.71483e-10 8.06475e-11 3.76654e-11 1.74768e-11 8.05974e-12 3.69549e-12 1.68521e-12 7.64531e-13 3.45154e-13 1.55102e-13 6.93909e-14 3.09146e-14 1.37178e-14 6.06383e-15 2.67067e-15 1.17212e-15 5.12708e-16 2.23548e-16 9.71698e-17 4.21117e-17 1.81985e-17 7.8429e-18 3.37107e-18 1.44528e-18 6.1811e-19 2.63723e-19 1.12262e-19 4.76818e-20 2.02087e-20 8.54718e-21 3.60771e-21 1.51982e-21 6.39042e-22 2.68206e-22 1.12366e-22 4.69945e-23 1.96213e-23 8.17899e-24 3.40392e-24 1.41445e-24 5.86866e-25 2.43138e-25 1.00588e-25 4.15563e-26 1.71449e-26 7.06413e-27 2.90684e-27 1.19464e-27 4.90361e-28 2.01036e-28 8.23229e-29 3.36721e-29 1.37573e-29 5.61459e-30 2.28896e-30 9.32188e-31 3.79247e-31 1.54136e-31 6.25837e-32 2.53863e-32 1.02879e-32 4.16537e-33 1.68495e-33 6.80982e-34 2.74983e-34 1.10945e-34 4.47243e-35 1.80146e-35 7.25028e-36 2.9157e-36 1.17164e-36 4.70451e-37 1.8876e-37 7.56812e-38 3.03216e-38 1.21397e-38 4.85696e-39 1.94188e-39 7.75868e-40
5.7333e-06 8.53946e-06 8.84727e-06 7.62895e-06 5.85837e-06 4.14521e-06 2.75732e-06 1.74682e-06 1.06352e-06 6.26353e-07 3.58604e-07 2.00354e-07 1.09569e-07 5.87979e-08 3.10241e-08 1.61227e-08 8.26425e-09 4.18338e-09 2.09348e-09 1.03664e-09 5.08345e-10 2.47038e-10 1.19047e-10 5.69206e-11 2.70168e-11 1.27353e-11 5.96445e-12 2.77641e-12 1.28497e-12 5.91476e-13 2.70854e-13 1.23424e-13 5.5981e-14 2.52784e-14 1.13662e-14 5.09009e-15 2.27066e-15 1.00919e-15 4.46938e-16 1.97262e-16 8.67801e-17 3.80566e-17 1.6639e-17 7.25369e-18 3.15335e-18 1.36713e-18 5.91171e-19 2.54989e-19 1.09716e-19 4.70972e-20 2.0171e-20 8.61991e-21 3.67576e-21 1.56419e-21 6.64293e-22 2.81566e-22 1.19118e-22 5.03007e-23 2.12028e-23 8.92188e-24 3.74787e-24 1.5718e-24 6.5813e-25 2.75136e-25 1.14848e-25 4.7869e-26 1.99231e-26 8.28031e-27 3.43667e-27 1.42445e-27 5.89636e-28 2.43762e-28 1.00648e-28 4.15059e-29 1.70961e-29 7.03356e-30 2.8904e-30 1.18646e-30 4.8649e-31 1.99264e-31 8.15319e-32 3.33257e-32 1.3608e-32 5.55113e-33 2.26229e-33 9.21093e-34 3.74675e-34 1.52269e-34 6.1827e-35 2.50822e-35 1.01666e-35 4.11741e-36 1.66614e-36 6.73664e-37 2.72163e-37 1.09869e-37 4.43183e-38 1.78634e-38 7.19485e-39 2.89575e-39 1.16463e-39
2.11425e-06 3.36972e-06 3.67259e-06 3.30499e-06 2.63529e-06 1.92921e-06 1.32407e-06 8.63594e-07 5.40334e-07 3.26539e-07 1.91586e-07 1.09569e-07 6.12759e-08 3.35958e-08 1.80967e-08 9.59402e-09 5.01352e-09 2.58572e-09 1.31764e-09 6.6406e-10 3.31267e-10 1.63694e-10 8.01787e-11 3.89501e-11 1.87765e-11 8.98624e-12 4.27159e-12 2.01751e-12 9.47139e-13 4.42101e-13 2.05243e-13 9.47925e-14 4.35659e-14 1.99292e-14 9.07597e-15 4.11573e-15 1.85879e-15 8.36216e-16 3.74786e-16 1.67374e-16 7.44899e-17 3.30421e-17 1.46101e-17 6.44028e-18 2.83055e-18 1.2405e-18 5.42161e-19 2.36321e-19 1.02745e-19 4.4559e-20 1.92782e-20 8.32114e-21 3.58359e-21 1.53993e-21 6.60331e-22 2.82569e-22 1.20675e-22 5.14359e-23 2.18823e-23 9.2922e-24 3.93883e-24 1.66671e-24 7.04067e-25 2.96928e-25 1.25023e-25 5.25586e-26 2.20615e-26 9.24647e-27 3.86976e-27 1.61724e-27 6.74935e-28 2.81293e-28 1.1708e-28 4.86676e-29 2.02045e-29 8.37757e-30 3.46945e-30 1.43512e-30 5.92944e-31 2.44705e-31 1.00877e-31 4.15397e-32 1.70873e-32 7.02147e-33 2.88229e-33 1.18198e-33 4.84233e-34 1.98189e-34 8.10385e-35 3.31054e-35 1.35117e-35 5.50975e-36 2.24477e-36 9.13768e-37 3.71647e-37 1.5103e-37 6.13256e-38 2.48811e-38 1.00868e-38 4.08601e-39 1.65392e-39
7.79667e-07 1.32401e-06 1.51402e-06 1.419e-06 1.17284e-06 8.86984e-07 6.27257e-07 4.20675e-07 2.70185e-07 1.67367e-07 1.00532e-07 5.87979e-08 3.35958e-08 1.88034e-08 1.03318e-08 5.5835e-09 2.97238e-09 1.56081e-09 8.09359e-10 4.14874e-10 2.10404e-10 1.05655e-10 5.25686e-11 2.59314e-11 1.2689e-11 6.16234e-12 2.9715e-12 1.42329e-12 6.7742e-13 3.20493e-13 1.50768e-13 7.05425e-14 3.28368e-14 1.52105e-14 7.01288e-15 3.21892e-15 1.47119e-15 6.69658e-16 3.03622e-16 1.37145e-16 6.17244e-17 2.76837e-17 1.23748e-17 5.51385e-18 2.44919e-18 1.08465e-18 4.7896e-19 2.10909e-19 9.26231e-20 4.05703e-20 1.77255e-20 7.72543e-21 3.35905e-21 1.45717e-21 6.30716e-22 2.72405e-22 1.17403e-22 5.04961e-23 2.16756e-23 9.28629e-24 3.97096e-24 1.69494e-24 7.22163e-25 3.07158e-25 1.30422e-25 5.52872e-26 2.3399e-26 9.88749e-27 4.17166e-27 1.75744e-27 7.39292e-28 3.1055e-28 1.30268e-28 5.457e-29 2.28291e-29 9.53798e-30 3.97987e-30 1.65859e-30 6.9036e-31 2.87007e-31 1.19179e-31 4.9432e-32 2.04798e-32 8.4755e-33 3.50376e-33 1.44691e-33 5.96895e-34 2.45986e-34 1.01272e-34 4.16524e-35 1.71148e-35 7.02574e-36 2.88144e-36 1.18067e-36 4.83349e-37 1.97701e-37 8.07945e-38 3.29902e-38 1.34594e-38 5.48666e-39 2.23481e-39
2.87516e-07 5.18257e-07 6.20342e-07 6.0442e-07 5.17038e-07 4.03401e-07 2.93588e-07 2.02237e-07 1.33196e-07 8.44939e-08 5.19123e-08 3.10241e-08 1.80967e-08 1.03318e-08 5.78667e-09 3.18555e-09 1.72643e-09 9.22406e-10 4.86434e-10 2.53457e-10 1.30605e-10 6.66098e-11 3.36473e-11 1.6845e-11 8.36276e-12 4.11915e-12 2.01395e-12 9.77807e-13 4.71617e-13 2.26053e-13 1.0771e-13 5.10332e-14 2.40503e-14 1.12764e-14 5.2614e-15 2.44348e-15 1.12975e-15 5.20114e-16 2.38473e-16 1.08911e-16 4.95526e-17 2.24638e-17 1.01481e-17 4.56902e-18 2.05046e-18 9.1732e-19 4.09145e-19 1.81955e-19 8.0691e-20 3.56861e-20 1.57407e-20 6.92522e-21 3.03924e-21 1.33061e-21 5.81192e-22 2.53281e-22 1.10136e-22 4.77885e-23 2.06925e-23 8.94174e-24 3.85633e-24 1.65994e-24 7.13179e-25 3.05853e-25 1.30935e-25 5.59559e-26 2.38728e-26 1.01682e-26 4.32399e-27 1.83588e-27 7.78282e-28 3.29441e-28 1.39246e-28 5.87713e-29 2.47708e-29 1.0426e-29 4.38243e-30 1.83967e-30 7.71275e-31 3.22947e-31 1.35057e-31 5.64131e-32 2.35358e-32 9.80785e-33 4.08249e-33 1.69743e-33 7.04993e-34 2.9249e-34 1.21222e-34 5.01883e-35 2.07579e-35 8.57694e-36 3.54044e-36 1.46004e-36 6.01537e-37 2.47604e-37 1.01826e-37 4.18381e-38 1.71752e-38 7.04461e-39 2.88698e-39
1.06026e-07 2.02181e-07 2.52788e-07 2.55624e-07 2.25999e-07 1.81689e-07 1.35933e-07 9.60802e-08 6.48307e-08 4.20789e-08 2.64224e-08 1.61227e-08 9.59402e-09 5.5835e-09 3.18555e-09 1.78523e-09 9.84382e-10 5.34827e-10 2.86669e-10 1.51752e-10 7.94108e-11 4.11131e-11 2.10745e-11 1.07027e-11 5.38827e-12 2.69062e-12 1.33326e-12 6.55877e-13 3.20443e-13 1.55545e-13 7.50388e-14 3.59891e-14 1.71646e-14 8.14311e-15 3.84365e-15 1.80548e-15 8.44167e-16 3.92947e-16 1.82134e-16 8.40758e-17 3.86585e-17 1.77083e-17 8.08223e-18 3.67589e-18 1.66619e-18 7.52787e-19 3.3904e-19 1.52233e-19 6.81533e-20 3.04248e-20 1.35448e-20 6.01389e-21 2.66326e-21 1.17647e-21 5.18429e-22 2.27913e-22 9.99654e-23 4.37481e-23 1.9104e-23 8.32475e-24 3.62013e-24 1.57111e-24 6.8052e-25 2.94204e-25 1.26956e-25 5.46851e-26 2.35136e-26 1.00931e-26 4.3251e-27 1.85036e-27 7.90351e-28 3.37057e-28 1.43523e-28 6.10226e-29 2.59073e-29 1.09833e-29 4.6498e-30 1.9658e-30 8.29968e-31 3.49955e-31 1.47368e-31 6.19792e-32 2.60346e-32 1.09227e-32 4.57712e-33 1.91579e-33 8.00952e-34 3.34486e-34 1.39531e-34 5.81427e-35 2.42024e-35 1.0064e-35 4.18057e-36 1.73487e-36 7.19229e-37 2.97884e-37 1.23258e-37 5.09534e-38 2.10442e-38 8.6836e-39 3.57997e-39
3.9099e-08 7.86383e-08 1.02505e-07 1.07419e-07 9.80292e-08 8.1115e-08 6.2325e-08 4.51606e-08 3.1193e-08 2.0699e-08 1.3274e-08 8.26425e-09 5.01352e-09 2.97238e-09 1.72643e-09 9.84382e-10 5.51948e-10 3.04786e-10 1.65962e-10 8.92108e-11 4.73857e-11 2.48926e-11 1.29425e-11 6.66472e-12 3.40119e-12 1.72108e-12 8.63995e-13 4.30481e-13 2.12966e-13 1.0465e-13 5.10971e-14 2.4798e-14 1.19654e-14 5.74172e-15 2.74079e-15 1.30174e-15 6.153e-16 2.89499e-16 1.35609e-16 6.32537e-17 2.93842e-17 1.35968e-17 6.26789e-18 2.87889e-18 1.31766e-18 6.01054e-19 2.73276e-19 1.23856e-19 5.59634e-20 2.52119e-20 1.13257e-20 5.07359e-21 2.26672e-21 1.01006e-21 4.48945e-22 1.99054e-22 8.80462e-23 3.88544e-23 1.71075e-23 7.51588e-24 3.2949e-24 1.44145e-24 6.29323e-25 2.74213e-25 1.19252e-25 5.17635e-26 2.24277e-26 9.69993e-27 4.18786e-27 1.80498e-27 7.76657e-28 3.33639e-28 1.43097e-28 6.12786e-29 2.62014e-29 1.11864e-29 4.76896e-30 2.03019e-30 8.63058e-31 3.66394e-31 1.55337e-31 6.577e-32 2.78113e-32 1.17454e-32 4.95419e-33 2.08713e-33 8.78235e-34 3.69116e-34 1.54959e-34 6.49799e-35 2.72184e-35 1.13887e-35 4.76015e-36 1.98753e-36 8.29007e-37 3.45433e-37 1.43793e-37 5.97979e-38 2.48438e-38 1.03119e-38 4.27618e-39
1.44184e-08 3.0504e-08 4.1382e-08 4.48782e-08 4.22258e-08 3.59258e-08 2.83226e-08 2.10213e-08 1.48516e-08 1.00685e-08 6.58969e-09 4.18338e-09 2.58572e-09 1.56081e-09 9.22406e-10 5.34827e-10 3.04786e-10 1.70973e-10 9.45326e-11 5.15767e-11 2.77957e-11 1.48094e-11 7.80686e-12 4.0747e-12 2.10703e-12 1.08005e-12 5.49089e-13 2.7699e-13 1.38706e-13 6.89768e-14 3.40755e-14 1.67284e-14 8.16343e-15 3.9611e-15 1.91159e-15 9.17736e-16 4.38408e-16 2.08434e-16 9.86445e-17 4.64804e-17 2.18089e-17 1.01914e-17 4.7439e-18 2.19989e-18 1.01646e-18 4.68007e-19 2.14756e-19 9.82234e-20 4.47826e-20 2.0355e-20 9.22454e-21 4.16839e-21 1.87836e-21 8.4414e-22 3.78363e-22 1.69159e-22 7.54401e-23 3.35632e-23 1.48973e-23 6.59718e-24 2.91505e-24 1.28527e-24 5.65491e-25 2.48294e-25 1.08802e-25 4.75837e-26 2.07708e-26 9.04981e-27 3.93584e-27 1.70869e-27 7.40523e-28 3.20388e-28 1.38387e-28 5.96777e-29 2.56945e-29 1.10457e-29 4.74122e-30 2.03208e-30 8.69681e-31 3.71672e-31 1.58619e-31 6.76013e-32 2.87722e-32 1.22298e-32 5.19168e-33 2.20114e-33 9.32067e-34 3.94202e-34 1.66522e-34 7.02613e-35 2.96115e-35 1.24656e-35 5.24186e-36 2.20183e-36 9.23881e-37 3.8725e-37 1.6215e-37 6.78267e-38 2.83433e-38 1.18324e-38 4.93487e-39
5.31704e-09 1.18038e-08 1.66389e-08 1.86506e-08 1.80734e-08 1.5796e-08 1.27666e-08 9.69828e-09 7.00353e-09 4.8475e-09 3.23595e-09 2.09348e-09 1.31764e-09 8.09359e-10 4.86434e-10 2.86669e-10 1.65962e-10 9.45326e-11 5.30505e-11 2.93658e-11 1.60503e-11 8.66988e-12 4.6321e-12 2.44959e-12 1.28303e-12 6.65984e-13 3.4277e-13 1.75009e-13 8.86801e-14 4.46143e-14 2.22927e-14 1.10672e-14 5.46055e-15 2.67843e-15 1.30643e-15 6.33811e-16 3.05916e-16 1.46929e-16 7.02363e-17 3.34231e-17 1.58357e-17 7.47149e-18 3.51093e-18 1.64342e-18 7.66375e-19 3.56091e-19 1.64877e-19 7.60833e-20 3.49942e-20 1.60445e-20 7.3337e-21 3.34216e-21 1.51872e-21 6.88199e-22 3.11006e-22 1.40177e-22 6.30189e-23 2.82606e-23 1.26427e-23 5.64248e-24 2.51248e-24 1.11626e-24 4.94855e-25 2.18911e-25 9.66403e-26 4.25765e-26 1.87208e-26 8.21565e-27 3.59868e-27 1.57343e-27 6.86704e-28 2.99179e-28 1.30121e-28 5.64982e-29 2.44911e-29 1.05995e-29 4.58016e-30 1.97609e-30 8.51291e-31 3.66191e-31 1.57293e-31 6.74678e-32 2.88988e-32 1.23615e-32 5.28057e-33 2.2528e-33 9.59855e-34 4.08452e-34 1.73595e-34 7.36897e-35 3.12434e-35 1.32312e-35 5.59681e-36 2.36478e-36 9.98063e-37 4.20776e-37 1.77206e-37 7.45496e-38 3.13302e-38 1.31534e-38 5.51664e-39
1.96075e-09 4.55747e-09 6.66561e-09 7.71342e-09 7.69083e-09 6.89893e-09 5.71183e-09 4.43795e-09 3.27362e-09 2.31193e-09 1.57322e-09 1.03664e-09 6.6406e-10 4.14874e-10 2.53457e-10 1.51752e-10 8.92108e-11 5.15767e-11 2.93658e-11 1.64856e-11 9.13492e-12 5.00086e-12 2.70697e-12 1.44992e-12 7.68979e-13 4.04067e-13 2.10473e-13 1.08732e-13 5.57349e-14 2.83588e-14 1.43286e-14 7.19151e-15 3.58657e-15 1.7779e-15 8.76241e-16 4.29476e-16 2.09389e-16 1.01571e-16 4.90306e-17 2.35579e-17 1.12682e-17 5.36653e-18 2.54522e-18 1.2023e-18 5.65744e-19 2.65218e-19 1.23885e-19 5.76655e-20 2.67514e-20 1.23697e-20 5.70155e-21 2.61996e-21 1.20034e-21 5.48349e-22 2.498e-22 1.13486e-22 5.14216e-23 2.32396e-23 1.04767e-23 4.71151e-24 2.11381e-24 9.46165e-25 4.22561e-25 1.88304e-25 8.37333e-26 3.71561e-26 1.64542e-26 7.27208e-27 3.20772e-27 1.41224e-27 6.20608e-28 2.72231e-28 1.19203e-28 5.21055e-29 2.27376e-29 9.90564e-30 4.30839e-30 1.87093e-30 8.11188e-31 3.51175e-31 1.51801e-31 6.55225e-32 2.82411e-32 1.21552e-32 5.22443e-33 2.24248e-33 9.61259e-34 4.11515e-34 1.75944e-34 7.51304e-35 3.20421e-35 1.3649e-35 5.80712e-36 2.46782e-36 1.04753e-36 4.44147e-37 1.88107e-37 7.9581e-38 3.36315e-38 1.41979e-38 5.98757e-39
7.23061e-10 1.7561e-09 2.66128e-09 3.17592e-09 3.25521e-09 2.99463e-09 2.53798e-09 2.01557e-09 1.51776e-09 1.09307e-09 7.57821e-10 5.08345e-10 3.31267e-10 2.10404e-10 1.30605e-10 7.94108e-11 4.73857e-11 2.77957e-11 1.60503e-11 9.13492e-12 5.12991e-12 2.8452e-12 1.55986e-12 8.45967e-13 4.54166e-13 2.4151e-13 1.27278e-13 6.65107e-14 3.44784e-14 1.7738e-14 9.05998e-15 4.59593e-15 2.31623e-15 1.16008e-15 5.77576e-16 2.85931e-16 1.40782e-16 6.89555e-17 3.36059e-17 1.62994e-17 7.86905e-18 3.78216e-18 1.81007e-18 8.62695e-19 4.09532e-19 1.93664e-19 9.12416e-20 4.28328e-20 2.00378e-20 9.34243e-21 4.34164e-21 2.01129e-21 9.28885e-22 4.27718e-22 1.9638e-22 8.99121e-23 4.10539e-23 1.86955e-23 8.49179e-24 3.84743e-24 1.73892e-24 7.84066e-25 3.5271e-25 1.58307e-25 7.0896e-26 3.16818e-26 1.41281e-26 6.28733e-27 2.79241e-27 1.23777e-27 5.47611e-28 2.41819e-28 1.06589e-28 4.68987e-29 2.05991e-29 9.03214e-30 3.95371e-30 1.72785e-30 7.53892e-31 3.28418e-31 1.42848e-31 6.20391e-32 2.69037e-32 1.165e-32 5.03756e-33 2.17524e-33 9.37986e-34 4.03925e-34 1.73712e-34 7.46098e-35 3.20042e-35 1.37112e-35 5.86688e-36 2.50734e-36 1.0703e-36 4.5634e-37 1.94345e-37 8.26737e-38 3.51301e-38 1.49113e-38 6.32248e-39
2.66641e-10 6.75421e-10 1.05924e-09 1.3023e-09 1.371e-09 1.2925e-09 1.12057e-09 9.09042e-10 6.984e-10 5.12649e-10 3.61929e-10 2.47038e-10 1.63694e-10 1.05655e-10 6.66098e-11 4.11131e-11 2.48926e-11 1.48094e-11 8.66988e-12 5.00086e-12 2.8452e-12 1.59825e-12 8.87187e-13 4.87038e-13 2.646e-13 1.42354e-13 7.58833e-14 4.01001e-14 2.10171e-14 1.09298e-14 5.64206e-15 2.89205e-15 1.47252e-15 7.44975e-16 3.74601e-16 1.87267e-16 9.30943e-17 4.60318e-17 2.26443e-17 1.10845e-17 5.40018e-18 2.61888e-18 1.26448e-18 6.07942e-19 2.91095e-19 1.38832e-19 6.59607e-20 3.1223e-20 1.47269e-20 6.92223e-21 3.24282e-21 1.51422e-21 7.04827e-22 3.27075e-22 1.51329e-22 6.9814e-23 3.21177e-23 1.47353e-23 6.74251e-24 3.07724e-24 1.4009e-24 6.36193e-25 2.88225e-25 1.30276e-25 5.875e-26 2.64356e-26 1.18695e-26 5.31809e-27 2.37785e-27 1.06105e-27 4.72534e-28 2.10036e-28 9.31827e-29 4.12645e-29 1.82405e-29 8.04875e-30 3.54545e-30 1.55912e-30 6.84489e-31 3.0002e-31 1.31293e-31 5.73663e-32 2.50269e-32 1.0902e-32 4.74208e-33 2.0597e-33 8.93354e-34 3.86936e-34 1.67365e-34 7.22946e-35 3.11872e-35 1.34365e-35 5.78157e-36 2.48464e-36 1.06647e-36 4.57203e-37 1.95774e-37 8.37332e-38 3.57719e-38 1.5265e-38 6.50683e-39
9.83284e-11 2.59335e-10 4.20391e-10 5.31993e-10 5.74781e-10 5.54916e-10 4.9184e-10 4.0734e-10 3.19125e-10 2.38634e-10 1.71483e-10 1.19047e-10 8.01787e-11 5.25686e-11 3.36473e-11 2.10745e-11 1.29425e-11 7.80686e-12 4.6321e-12 2.70697e-12 1.55986e-12 8.87187e-13 4.98496e-13 2.76928e-13 1.5221e-13 8.28258e-14 4.46467e-14 2.38529e-14 1.26367e-14 6.64129e-15 3.464e-15 1.79378e-15 9.22519e-16 4.7134e-16 2.39317e-16 1.20785e-16 6.06125e-17 3.02499e-17 1.50174e-17 7.41759e-18 3.64599e-18 1.78374e-18 8.68732e-19 4.21258e-19 2.03416e-19 9.78268e-20 4.68628e-20 2.23641e-20 1.06336e-20 5.03807e-21 2.37878e-21 1.11942e-21 5.25081e-22 2.45524e-22 1.14455e-22 5.31973e-23 2.46542e-23 1.1394e-23 5.25139e-24 2.4139e-24 1.10673e-24 5.0614e-25 2.30905e-25 1.05088e-25 4.77158e-26 2.16163e-26 9.77087e-27 4.40699e-27 1.98349e-27 8.90878e-28 3.99325e-28 1.78638e-28 7.97594e-29 3.5544e-29 1.58105e-29 7.01999e-30 3.1114e-30 1.37664e-30 6.08056e-31 2.68128e-31 1.1804e-31 5.18826e-32 2.27683e-32 9.97629e-33 4.36466e-33 1.90672e-33 8.31747e-34 3.62305e-34 1.57597e-34 6.84578e-35 2.96968e-35 1.28653e-35 5.56623e-36 2.40517e-36 1.03796e-36 4.47384e-37 1.92597e-37 8.28126e-38 3.55657e-38 1.52568e-38 6.53732e-39
3.62603e-11 9.94183e-11 1.66402e-10 2.16556e-10 2.39948e-10 2.37076e-10 2.14694e-10 1.81429e-10 1.44871e-10 1.10308e-10 8.06475e-11 5.69206e-11 3.89501e-11 2.59314e-11 1.6845e-11 1.07027e-11 6.66472e-12 4.0747e-12 2.44959e-12 1.44992e-12 8.45967e-13 4.87038e-13 2.76928e-13 1.55639e-13 8.65229e-14 4.76092e-14 2.59451e-14 1.40107e-14 7.5009e-15 3.98305e-15 2.09868e-15 1.09766e-15 5.70074e-16 2.9409e-16 1.50746e-16 7.67973e-17 3.88952e-17 1.95885e-17 9.81202e-18 4.88946e-18 2.42435e-18 1.19631e-18 5.87597e-19 2.87328e-19 1.39896e-19 6.78305e-20 3.27566e-20 1.57574e-20 7.55154e-21 3.60582e-21 1.71569e-21 8.13556e-22 3.84498e-22 1.81134e-22 8.5064e-23 3.98264e-23 1.85914e-23 8.65373e-24 4.0168e-24 1.8594e-24 8.58447e-25 3.95304e-25 1.81575e-25 8.31978e-26 3.80301e-26 1.73432e-26 7.89109e-27 3.58243e-27 1.62283e-27 7.33575e-28 3.30912e-28 1.4897e-28 6.69299e-29 3.00121e-29 1.34322e-29 6.00051e-30 2.6757e-30 1.191e-30 5.29204e-31 2.34742e-31 1.03951e-31 4.59569e-32 2.02848e-32 8.93932e-33 3.93334e-33 1.72805e-33 7.58057e-34 3.32054e-34 1.45241e-34 6.34388e-35 2.76705e-35 1.20527e-35 5.24287e-36 2.27762e-36 9.88164e-37 4.28177e-37 1.85299e-37 8.00919e-38 3.45762e-38 1.4909e-38 6.42109e-39
1.33716e-11 3.80577e-11 6.57045e-11 8.78634e-11 9.97709e-11 1.00822e-10 9.32362e-11 8.03541e-11 6.53655e-11 5.06572e-11 3.76654e-11 2.70168e-11 1.87765e-11 1.2689e-11 8.36276e-12 5.38827e-12 3.40119e-12 2.10703e-12 1.28303e-12 7.68979e-13 4.54166e-13 2.646e-13 1.5221e-13 8.65229e-14 4.86382e-14 2.70566e-14 1.49032e-14 8.13273e-15 4.39908e-15 2.35969e-15 1.25574e-15 6.63224e-16 3.47774e-16 1.81114e-16 9.37041e-17 4.8177e-17 2.46213e-17 1.25107e-17 6.32193e-18 3.17768e-18 1.58911e-18 7.90786e-19 3.91658e-19 1.93095e-19 9.47803e-20 4.63251e-20 2.2549e-20 1.09323e-20 5.27981e-21 2.54042e-21 1.21793e-21 5.8186e-22 2.77036e-22 1.31468e-22 6.21887e-23 2.93257e-23 1.3787e-23 6.46268e-24 3.02072e-24 1.40797e-24 6.54483e-25 3.03425e-25 1.40308e-25 6.47175e-26 2.97778e-26 1.36686e-26 6.25948e-27 2.85996e-27 1.30381e-27 5.93087e-28 2.69214e-28 1.21947e-28 5.51266e-29 2.48704e-29 1.11985e-29 5.03272e-30 2.25754e-30 1.01082e-30 4.51782e-31 2.01568e-31 8.97771e-32 3.99186e-32 1.77201e-32 7.85326e-33 3.47489e-33 1.53516e-33 6.77171e-34 2.98256e-34 1.31171e-34 5.7604e-35 2.52609e-35 1.1062e-35 4.83753e-36 2.11263e-36 9.21395e-37 4.01328e-37 1.7458e-37 7.58473e-38 3.29113e-38 1.42632e-38 6.17401e-39
4.93101e-12 1.4549e-11 2.58841e-11 3.55399e-11 4.13312e-11 4.26935e-11 4.02958e-11 3.54008e-11 2.93245e-11 2.31212e-11 1.74768e-11 1.27353e-11 8.98624e-12 6.16234e-12 4.11915e-12 2.69062e-12 1.72108e-12 1.08005e-12 6.65984e-13 4.04067e-13 2.4151e-13 1.42354e-13 8.28258e-14 4.76092e-14 2.70566e-14 1.52127e-14 8.46765e-15 4.66855e-15 2.55087e-15 1.38193e-15 7.42604e-16 3.95984e-16 2.09607e-16 1.10176e-16 5.75248e-17 2.98429e-17 1.53872e-17 7.88714e-18 4.02e-18 2.03786e-18 1.02767e-18 5.15642e-19 2.57478e-19 1.27968e-19 6.33148e-20 3.11902e-20 1.53004e-20 7.47511e-21 3.63766e-21 1.76347e-21 8.51744e-22 4.09913e-22 1.96591e-22 9.39652e-23 4.47658e-23 2.12589e-23 1.00644e-23 4.75036e-24 2.23558e-24 1.04909e-24 4.90939e-25 2.29121e-25 1.06648e-25 4.95134e-26 2.29298e-26 1.05928e-26 4.88184e-27 2.2446e-27 1.02968e-27 4.71296e-28 2.15248e-28 9.8097e-29 4.46135e-29 2.02483e-29 9.17158e-30 4.14619e-30 1.87077e-30 8.42517e-31 3.78736e-31 1.69947e-31 7.6124e-32 3.40391e-32 1.51949e-32 6.77161e-33 3.01285e-33 1.33834e-33 5.93571e-34 2.6285e-34 1.16221e-34 5.13111e-35 2.26206e-35 9.95803e-36 4.37753e-36 1.92168e-36 8.42443e-37 3.68822e-37 1.61258e-37 7.04144e-38 3.07077e-38 1.33748e-38 5.81825e-39
1.81839e-12 5.55498e-12 1.01751e-11 1.43344e-11 1.70623e-11 1.8006e-11 1.7337e-11 1.5519e-11 1.30851e-11 1.04925e-11 8.05974e-12 5.96445e-12 4.27159e-12 2.9715e-12 2.01395e-12 1.33326e-12 8.63995e-13 5.49089e-13 3.4277e-13 2.10473e-13 1.27278e-13 7.58833e-14 4.46467e-14 2.59451e-14 1.49032e-14 8.46765e-15 4.76188e-15 2.65201e-15 1.46345e-15 8.00561e-16 4.34325e-16 2.33784e-16 1.24898e-16 6.625e-17 3.49015e-17 1.82667e-17 9.50065e-18 4.91174e-18 2.5247e-18 1.29056e-18 6.56186e-19 3.3193e-19 1.67077e-19 8.36979e-20 4.17361e-20 2.07194e-20 1.02417e-20 5.04155e-21 2.47175e-21 1.20713e-21 5.87298e-22 2.8469e-22 1.37513e-22 6.6193e-23 3.1756e-23 1.51853e-23 7.23844e-24 3.43976e-24 1.6297e-24 7.69873e-25 3.62656e-25 1.70359e-25 7.98111e-26 3.7292e-26 1.73801e-26 8.07975e-27 3.74697e-27 1.73349e-27 8.0011e-28 3.68455e-28 1.69297e-28 7.76187e-29 3.55104e-29 1.6212e-29 7.38634e-30 3.35855e-30 1.52413e-30 6.90335e-31 3.1209e-31 1.40831e-31 6.34354e-32 2.8523e-32 1.28028e-32 5.73683e-33 2.56634e-33 1.14615e-33 5.1106e-34 2.27517e-34 1.0113e-34 4.48834e-35 1.98902e-35 8.80146e-36 3.88903e-36 1.71597e-36 7.56089e-37 3.32689e-37 1.4619e-37 6.41532e-38 2.81159e-38 1.23063e-38 5.37964e-39
6.70564e-13 2.11848e-12 3.99184e-12 5.766e-12 7.02069e-12 7.56539e-12 7.42754e-12 6.7715e-12 5.80929e-12 4.7357e-12 3.69549e-12 2.77641e-12 2.01751e-12 1.42329e-12 9.77807e-13 6.55877e-13 4.30481e-13 2.7699e-13 1.75009e-13 1.08732e-13 6.65107e-14 4.01001e-14 2.38529e-14 1.40107e-14 8.13273e-15 4.66855e-15 2.65201e-15 1.49164e-15 8.3116e-16 4.59033e-16 2.51384e-16 1.36566e-16 7.36243e-17 3.9403e-17 2.09414e-17 1.10556e-17 5.79941e-18 3.02357e-18 1.56711e-18 8.07645e-19 4.13978e-19 2.11086e-19 1.0709e-19 5.40655e-20 2.71676e-20 1.35897e-20 6.76804e-21 3.35638e-21 1.65765e-21 8.15431e-22 3.99581e-22 1.95073e-22 9.48882e-23 4.59935e-23 2.22174e-23 1.06965e-23 5.13321e-24 2.45565e-24 1.17115e-24 5.56885e-25 2.64031e-25 1.24828e-25 5.88536e-26 2.76735e-26 1.29782e-26 6.07084e-27 2.83268e-27 1.31851e-27 6.12255e-28 2.8364e-28 1.31103e-28 6.04624e-29 2.78235e-29 1.27764e-29 5.85464e-30 2.67733e-30 1.22189e-30 5.56556e-31 2.53018e-31 1.14809e-31 5.1999e-32 2.35087e-32 1.06094e-32 4.77962e-33 2.14958e-33 9.65132e-34 4.32617e-34 1.93605e-34 8.6505e-35 3.85911e-35 1.71897e-35 7.64531e-36 3.39531e-36 1.50568e-36 6.66751e-37 2.94839e-37 1.30198e-37 5.74165e-38 2.52863e-38 1.11215e-38 4.88518e-39
2.47282e-13 8.07031e-13 1.5631e-12 2.31351e-12 2.87994e-12 3.16735e-12 3.16939e-12 2.94166e-12 2.56682e-12 2.1265e-12 1.68521e-12 1.28497e-12 9.47139e-13 6.7742e-13 4.71617e-13 3.20443e-13 2.12966e-13 1.38706e-13 8.86801e-14 5.57349e-14 3.44784e-14 2.10171e-14 1.26367e-14 7.5009e-15 4.39908e-15 2.55087e-15 1.46345e-15 8.3116e-16 4.67568e-16 2.60659e-16 1.44067e-16 7.89772e-17 4.29587e-17 2.31937e-17 1.24336e-17 6.6202e-18 3.50198e-18 1.84094e-18 9.61967e-19 4.99776e-19 2.58214e-19 1.32698e-19 6.78441e-20 3.45146e-20 1.74748e-20 8.80662e-21 4.41837e-21 2.20716e-21 1.09796e-21 5.43967e-22 2.68442e-22 1.31968e-22 6.46369e-23 3.15449e-23 1.53412e-23 7.43559e-24 3.59201e-24 1.72967e-24 8.30293e-25 3.97354e-25 1.89598e-25 9.02063e-26 4.27971e-26 2.02488e-26 9.55474e-27 4.49678e-27 2.11093e-27 9.88469e-28 4.61735e-28 2.15172e-28 1.00039e-28 4.64046e-29 2.14776e-29 9.91885e-30 4.57099e-30 2.10209e-30 9.64725e-31 4.4186e-31 2.01982e-31 9.21516e-32 4.19637e-32 1.9074e-32 8.65405e-33 3.91944e-33 1.77203e-33 7.99781e-34 3.60364e-34 1.62104e-34 7.28015e-35 3.26434e-35 1.4614e-35 6.53245e-36 2.91558e-36 1.29936e-36 5.78228e-37 2.56948e-37 1.14019e-37 5.05248e-38 2.23583e-38 9.88076e-39 4.3608e-39
9.11894e-14 3.07123e-13 6.1099e-13 9.26052e-13 1.17795e-12 1.3216e-12 1.3473e-12 1.2726e-12 1.12903e-12 9.50257e-13 7.64531e-13 5.91476e-13 4.42101e-13 3.20493e-13 2.26053e-13 1.55545e-13 1.0465e-13 6.89768e-14 4.46143e-14 2.83588e-14 1.7738e-14 1.09298e-14 6.64129e-15 3.98305e-15 2.35969e-15 1.38193e-15 8.00561e-16 4.59033e-16 2.60659e-16 1.46655e-16 8.17935e-17 4.52399e-17 2.48242e-17 1.35188e-17 7.30892e-18 3.92427e-18 2.09306e-18 1.10928e-18 5.84307e-19 3.05979e-19 1.59326e-19 8.25118e-20 4.25078e-20 2.17883e-20 1.11136e-20 5.64207e-21 2.85128e-21 1.43458e-21 7.1871e-22 3.58579e-22 1.78186e-22 8.82005e-23 4.3494e-23 2.13695e-23 1.0462e-23 5.1042e-24 2.48188e-24 1.20285e-24 5.81105e-25 2.79867e-25 1.3438e-25 6.43334e-26 3.07108e-26 1.46193e-26 6.94026e-27 3.28598e-27 1.55175e-27 7.30926e-28 3.43434e-28 1.60975e-28 7.52732e-29 3.51166e-29 1.63454e-29 7.59126e-30 3.51791e-30 1.62678e-30 7.50701e-31 3.45713e-31 1.58889e-31 7.28814e-32 3.3366e-32 1.52465e-32 6.95395e-33 3.16595e-33 1.4388e-33 6.52737e-34 2.95616e-34 1.33655e-34 6.03287e-35 2.71866e-35 1.22319e-35 5.49473e-36 2.46451e-36 1.10371e-36 4.93551e-37 2.2038e-37 9.82619e-38 4.37504e-38 1.94524e-38 8.63706e-39 3.82977e-39
3.36277e-14 1.16766e-13 2.38427e-13 3.69848e-13 4.80482e-13 5.49694e-13 5.70688e-13 5.48377e-13 4.94488e-13 4.2269e-13 3.45154e-13 2.70854e-13 2.05243e-13 1.50768e-13 1.0771e-13 7.50388e-14 5.10971e-14 3.40755e-14 2.22927e-14 1.43286e-14 9.05998e-15 5.64206e-15 3.464e-15 2.09868e-15 1.25574e-15 7.42604e-16 4.34325e-16 2.51384e-16 1.44067e-16 8.17935e-17 4.60261e-17 2.56807e-17 1.42135e-17 7.80628e-18 4.25586e-18 2.30392e-18 1.23883e-18 6.61822e-19 3.51373e-19 1.85438e-19 9.73032e-20 5.0775e-20 2.63544e-20 1.36088e-20 6.99236e-21 3.57554e-21 1.81988e-21 9.22126e-22 4.65209e-22 2.33709e-22 1.1693e-22 5.82718e-23 2.8928e-23 1.43072e-23 7.05046e-24 3.46216e-24 1.69429e-24 8.26374e-25 4.0175e-25 1.94698e-25 9.4065e-26 4.53096e-26 2.1761e-26 1.04215e-26 4.977e-27 2.37041e-27 1.12597e-27 5.3346e-28 2.52102e-28 1.18843e-28 5.5888e-29 2.62201e-29 1.22728e-29 5.73145e-30 2.67069e-30 1.24176e-30 5.76135e-31 2.66751e-31 1.23254e-31 5.68359e-32 2.61573e-32 1.2015e-32 5.50855e-33 2.52083e-33 1.15149e-33 5.25051e-34 2.38991e-34 1.08596e-34 4.9262e-35 2.23094e-35 1.00869e-35 4.55334e-36 2.05219e-36 9.23495e-37 4.14944e-37 1.86163e-37 8.33988e-38 3.73075e-38 1.66654e-38 7.43402e-39 3.31157e-39
1.24008e-14 4.43538e-14 9.28951e-14 1.47397e-13 1.9548e-13 2.27947e-13 2.40913e-13 2.3542e-13 2.15697e-13 1.87202e-13 1.55102e-13 1.23424e-13 9.47925e-14 7.05425e-14 5.10332e-14 3.59891e-14 2.4798e-14 1.67284e-14 1.10672e-14 7.19151e-15 4.59593e-15 2.89205e-15 1.79378e-15 1.09766e-15 6.63224e-16 3.95984e-16 2.33784e-16 1.36566e-16 7.89772e-17 4.52399e-17 2.56807e-17 1.44527e-17 8.06717e-18 4.46774e-18 2.45583e-18 1.34028e-18 7.26449e-19 3.91158e-19 2.09291e-19 1.11303e-19 5.88461e-20 3.09372e-20 1.61765e-20 8.41418e-21 4.35452e-21 2.24256e-21 1.14947e-21 5.8649e-22 2.97921e-22 1.50688e-22 7.59014e-23 3.80775e-23 1.90277e-23 9.47223e-24 4.69801e-24 2.32176e-24 1.14341e-24 5.61193e-25 2.74527e-25 1.33863e-25 6.50684e-26 3.15321e-26 1.52349e-26 7.33944e-27 3.52576e-27 1.68904e-27 8.06958e-28 3.84516e-28 1.82749e-28 8.66364e-29 4.09707e-29 1.93284e-29 9.09693e-30 4.27158e-30 2.00124e-30 9.35508e-31 4.36368e-31 2.03112e-31 9.43436e-32 4.37323e-32 2.02313e-32 9.34095e-33 4.30449e-33 1.97985e-33 9.08945e-34 4.16536e-34 1.90542e-34 8.70098e-35 3.9664e-35 1.80505e-35 8.20091e-36 3.71984e-36 1.68457e-36 7.61671e-37 3.43853e-37 1.54994e-37 6.97597e-38 3.13512e-38 1.40693e-38 6.30478e-39 2.82135e-39
4.573e-15 1.68335e-14 3.61396e-14 5.86246e-14 7.93335e-14 9.42548e-14 1.01373e-13 1.00708e-13 9.37257e-14 8.25655e-14 6.93909e-14 5.5981e-14 4.35659e-14 3.28368e-14 2.40503e-14 1.71646e-14 1.19654e-14 8.16343e-15 5.46055e-15 3.58657e-15 2.31623e-15 1.47252e-15 9.22519e-16 5.70074e-16 3.47774e-16 2.09607e-16 1.24898e-16 7.36243e-17 4.29587e-17 2.48242e-17 1.42135e-17 8.06717e-18 4.54062e-18 2.53541e-18 1.40498e-18 7.72909e-19 4.22232e-19 2.2912e-19 1.23532e-19 6.61927e-20 3.52578e-20 1.86728e-20 9.83479e-21 5.15235e-21 2.6854e-21 1.39269e-21 7.18805e-22 3.69273e-22 1.88854e-22 9.61635e-23 4.87592e-23 2.46218e-23 1.23838e-23 6.20452e-24 3.09692e-24 1.54015e-24 7.6323e-25 3.76917e-25 1.85513e-25 9.10076e-26 4.45036e-26 2.1695e-26 1.0544e-26 5.10938e-27 2.46873e-27 1.18947e-27 5.71531e-28 2.73877e-28 1.30897e-28 6.24004e-29 2.96725e-29 1.40751e-29 6.6605e-30 3.1444e-30 1.48105e-30 6.96018e-31 3.26371e-31 1.52708e-31 7.13005e-32 3.32215e-32 1.54475e-32 7.16855e-33 3.3201e-33 1.53474e-33 7.08109e-34 3.26107e-34 1.49909e-34 6.87894e-35 3.15103e-35 1.4409e-35 6.57779e-36 2.99781e-36 1.36401e-36 6.19628e-37 2.81034e-37 1.27266e-37 5.75441e-38 2.59798e-38 1.17119e-38 5.27216e-39 2.36988e-39
