0.916274 0.0387801 0.00164132 6.94667e-05 2.94009e-06 1.24435e-07 5.26657e-09 2.22901e-10 9.43399e-12 3.99282e-13 1.68991e-14 7.15232e-16 3.02713e-17 1.28119e-18 5.42248e-20 2.295e-21 9.71327e-23 4.11102e-24 1.73993e-25 7.36405e-27 3.11674e-28 1.31912e-29 5.58301e-31 2.36294e-32 1.00008e-33 4.23272e-35 1.79144e-36 7.58205e-38 3.20901e-39 1.35817e-40 5.74828e-42 2.43289e-43 1.02969e-44 4.35802e-46 1.84448e-47 7.80651e-49 3.304e-50 1.39838e-51 5.91845e-53 2.50491e-54 1.06017e-55 4.48703e-57 1.89908e-58 8.03761e-60 3.40181e-61 1.43977e-62 6.09366e-64 2.57906e-65 1.09156e-66 4.61987e-68 1.9553e-69 8.27555e-71 3.50252e-72 1.4824e-73 6.27405e-75 2.65541e-76 1.12387e-77 4.75663e-79 2.01318e-80 8.52054e-82 3.60621e-83 1.52628e-84 6.45979e-86 2.73402e-87 1.15714e-88 4.89744e-90 2.07278e-91 8.77277e-93 3.71296e-94 1.57146e-95 6.65102e-97 2.81496e-98 1.19139e-99 5.04243e-101 2.13414e-102 9.03248e-104 3.82288e-105 1.61799e-106 6.84791e-108 2.89829e-109 1.22666e-110 5.1917e-112 2.19732e-113 9.29987e-115 3.93605e-116 1.66588e-117 7.05064e-119 2.98409e-120 1.26298e-121 5.34539e-123 2.26237e-124 9.57518e-126 4.05257e-127 1.7152e-128 7.25936e-130 3.07243e-131 1.30037e-132 5.50363e-134 2.32934e-135 9.85864e-137 4.17254e-138
0.0387801 0.0024382 0.00013692 7.22242e-06 3.66094e-07 1.80514e-08 8.72224e-10 4.14961e-11 1.95012e-12 9.07411e-14 4.18775e-15 1.91938e-16 8.74557e-18 3.96472e-19 1.78944e-20 8.04516e-22 3.6046e-23 1.61008e-24 7.17198e-26 3.18677e-27 1.4128e-28 6.25057e-30 2.7602e-31 1.21677e-32 5.35533e-34 2.35355e-35 1.03292e-36 4.52751e-38 1.98215e-39 8.66829e-41 3.78686e-42 1.65273e-43 7.20656e-45 3.13964e-46 1.36671e-47 5.94484e-49 2.58397e-50 1.12237e-51 4.87189e-53 2.11344e-54 9.1627e-56 3.9702e-57 1.71936e-58 7.44212e-60 3.21969e-61 1.39228e-62 6.01784e-64 2.59997e-65 1.12283e-66 4.84718e-68 2.09169e-69 9.02284e-71 3.89077e-72 1.67718e-73 7.22738e-75 3.11346e-76 1.34083e-77 5.77261e-79 2.48455e-80 1.06906e-81 4.59877e-83 1.97774e-84 8.50325e-86 3.65507e-87 1.57074e-88 6.74859e-90 2.89885e-91 1.24493e-92 5.34528e-94 2.29461e-95 9.84833e-97 4.22602e-98 1.81309e-99 7.77729e-101 3.33549e-102 1.43026e-103 6.13196e-105 2.62852e-106 1.12656e-107 4.82757e-109 2.06841e-110 8.86098e-112 3.79545e-113 1.62548e-114 6.96053e-116 2.98019e-117 1.27581e-118 5.46104e-120 2.33727e-121 1.0002e-122 4.27971e-124 1.83101e-125 7.83278e-127 3.35037e-128 1.43292e-129 6.12777e-131 2.62022e-132 1.12028e-133 4.78933e-135 2.04728e-136 8.75058e-138
0.00164132 0.00013692 9.3429e-06 5.74919e-07 3.3171e-08 1.83053e-09 9.77542e-11 5.08974e-12 2.5971e-13 1.30352e-14 6.4531e-16 3.1576e-17 1.52967e-18 7.34614e-20 3.50113e-21 1.65739e-22 7.79886e-24 3.65001e-25 1.69998e-26 7.88273e-28 3.64052e-29 1.67515e-30 7.682e-32 3.51191e-33 1.60089e-34 7.27812e-36 3.30064e-37 1.49338e-38 6.7422e-40 3.03775e-41 1.36607e-42 6.13223e-44 2.74808e-45 1.22955e-46 5.49302e-48 2.4505e-49 1.09172e-50 4.85745e-52 2.15861e-53 9.58153e-55 4.24828e-56 1.88162e-57 8.32552e-59 3.68019e-60 1.62528e-61 7.1713e-63 3.16155e-64 1.39266e-65 6.12988e-67 2.69606e-68 1.18493e-69 5.20417e-71 2.28412e-72 1.00185e-73 4.39152e-75 1.92382e-76 8.42287e-78 3.68562e-79 1.61185e-80 7.04542e-82 3.07799e-83 1.34404e-84 5.86611e-86 2.55909e-87 1.11589e-88 4.86375e-90 2.11901e-91 9.22819e-93 4.01721e-94 1.74809e-95 7.6039e-97 3.30635e-98 1.43716e-99 6.24466e-101 2.71247e-102 1.17781e-103 5.11265e-105 2.2186e-106 9.62449e-108 4.17394e-109 1.80962e-110 7.84337e-112 3.39858e-113 1.47222e-114 6.37578e-116 2.76045e-117 1.19486e-118 5.17063e-120 2.237e-121 9.67572e-123 4.18408e-124 1.80891e-125 7.81875e-127 3.3788e-128 1.4598e-129 6.30571e-131 2.72324e-132 1.17584e-133 5.07605e-135 2.19088e-136 9.45431e-138
6.94667e-05 7.22242e-06 5.74919e-07 4.0055e-08 2.56935e-09 1.55648e-10 9.03792e-12 5.07844e-13 2.7795e-14 1.48874e-15 7.83075e-17 4.05596e-18 2.07304e-19 1.04733e-20 5.23746e-22 2.59549e-23 1.27584e-24 6.2259e-26 3.01814e-27 1.45434e-28 6.96965e-30 3.32329e-31 1.57729e-32 7.45406e-34 3.50873e-35 1.64552e-36 7.69067e-38 3.58284e-39 1.66412e-40 7.70748e-42 3.5603e-43 1.64049e-44 7.54112e-46 3.45881e-47 1.58307e-48 7.23103e-50 3.29666e-51 1.50024e-52 6.81551e-54 3.09116e-55 1.39979e-56 6.3293e-58 2.85775e-59 1.28854e-60 5.80227e-62 2.60947e-63 1.17214e-64 5.25899e-66 2.35689e-67 1.05514e-68 4.71877e-70 2.10822e-71 9.40986e-73 4.19612e-74 1.86949e-75 8.32187e-77 3.70131e-78 1.6449e-79 7.30433e-81 3.2411e-82 1.4371e-83 6.36751e-85 2.81937e-86 1.24751e-87 5.51637e-89 2.43774e-90 1.0766e-91 4.75187e-93 2.09614e-94 9.24128e-96 4.07198e-97 1.79327e-98 7.89333e-100 3.4726e-101 1.52698e-102 6.71127e-104 2.9483e-105 1.29461e-106 5.68215e-108 2.49285e-109 1.09319e-110 4.79197e-112 2.0997e-113 9.19658e-115 4.0265e-116 1.76224e-117 7.70975e-119 3.37177e-120 1.47408e-121 6.44222e-123 2.8145e-124 1.2292e-125 5.36664e-127 2.34231e-128 1.022e-129 4.45781e-131 1.94386e-132 8.4738e-134 3.6929e-135 1.60892e-136 7.00777e-138
2.94009e-06 3.66094e-07 3.3171e-08 2.56935e-09 1.80574e-10 1.18622e-11 7.41126e-13 4.45317e-14 2.5931e-15 1.47143e-16 8.16986e-18 4.45273e-19 2.38815e-20 1.26297e-21 6.59682e-23 3.40784e-24 1.74311e-25 8.83669e-27 4.44362e-28 2.21808e-29 1.09972e-30 5.41865e-32 2.65467e-33 1.29367e-34 6.27336e-36 3.0282e-37 1.45549e-38 6.9678e-40 3.32315e-41 1.57932e-42 7.48081e-44 3.53236e-45 1.663e-46 7.80735e-48 3.65561e-49 1.70734e-50 7.95494e-52 3.69796e-53 1.71531e-54 7.94e-56 3.66806e-57 1.69133e-58 7.78455e-60 3.5767e-61 1.64061e-62 7.51336e-64 3.43554e-65 1.5686e-66 7.15176e-68 3.25625e-69 1.48064e-70 6.72401e-72 3.04982e-73 1.38167e-74 6.25226e-76 2.82611e-77 1.27607e-78 5.75588e-80 2.59365e-81 1.16759e-82 5.2512e-84 2.35956e-85 1.0593e-86 4.75149e-88 2.12951e-89 9.53622e-91 4.26708e-92 1.90788e-93 8.5241e-95 3.80566e-96 1.69787e-97 7.56972e-99 3.37259e-100 1.50163e-101 6.68171e-103 2.97127e-104 1.32048e-105 5.86498e-107 2.60346e-108 1.15502e-109 5.1214e-111 2.26963e-112 1.0053e-113 4.45051e-115 1.96928e-116 8.7095e-118 3.85008e-119 1.70115e-120 7.51304e-122 3.3166e-123 1.46346e-124 6.45475e-126 2.84574e-127 1.2541e-128 5.5245e-130 2.43266e-131 1.07078e-132 4.71143e-134 2.07225e-135 9.11116e-137 4.0045e-138
1.24435e-07 1.80514e-08 1.83053e-09 1.55648e-10 1.18622e-11 8.37691e-13 5.58891e-14 3.56716e-15 2.19685e-16 1.31357e-17 7.66122e-19 4.37414e-20 2.45168e-21 1.35209e-22 7.35059e-24 3.9454e-25 2.09352e-26 1.09941e-27 5.71943e-29 2.94993e-30 1.50954e-31 7.66881e-33 3.86989e-34 1.94076e-35 9.67687e-37 4.7991e-38 2.3681e-39 1.16303e-40 5.6867e-42 2.76899e-43 1.343e-44 6.48968e-46 3.12497e-47 1.49978e-48 7.17528e-50 3.42255e-51 1.62788e-52 7.72179e-54 3.65333e-55 1.72419e-56 8.11812e-58 3.81367e-59 1.78769e-60 8.36251e-62 3.90406e-63 1.81914e-64 8.46088e-66 3.92823e-67 1.8207e-68 8.42493e-70 3.89231e-71 1.7955e-72 8.27032e-74 3.80401e-75 1.74728e-76 8.01504e-78 3.67189e-79 1.68009e-80 7.67802e-82 3.50476e-83 1.59799e-84 7.27798e-86 3.31119e-87 1.50489e-88 6.83265e-90 3.09918e-91 1.4044e-92 6.35818e-94 2.87596e-95 1.29972e-96 5.86878e-98 2.64779e-99 1.19362e-100 5.37657e-102 2.41997e-103 1.0884e-104 4.89154e-106 2.19681e-107 9.85909e-109 4.42164e-110 1.98171e-111 8.87595e-113 3.97294e-114 1.77721e-115 7.94512e-117 3.5498e-118 1.58509e-119 7.07385e-121 3.15512e-122 1.40649e-123 6.26653e-125 2.79055e-126 1.24202e-127 5.5252e-129 2.45671e-130 1.09181e-131 4.84996e-133 2.15341e-134 9.55686e-136 4.23946e-137 1.87981e-138
5.26657e-09 8.72224e-10 9.77542e-11 9.03792e-12 7.41126e-13 5.58891e-14 3.95885e-15 2.67021e-16 1.73117e-17 1.08618e-18 6.62905e-20 3.9509e-21 2.30669e-22 1.32258e-23 7.46261e-25 4.15086e-26 2.27924e-27 1.23703e-28 6.64303e-30 3.53299e-31 1.86232e-32 9.73656e-34 5.05199e-35 2.60294e-36 1.33236e-37 6.77838e-39 3.42884e-40 1.72521e-41 8.63668e-43 4.30321e-44 2.1345e-45 1.05429e-46 5.18668e-48 2.54196e-49 1.24132e-50 6.04098e-52 2.93032e-53 1.41701e-54 6.83189e-56 3.28456e-57 1.57483e-58 7.5312e-60 3.59263e-61 1.70971e-62 8.11779e-64 3.84588e-65 1.81816e-66 8.57795e-68 4.03907e-69 1.89826e-70 8.90507e-72 4.17016e-73 1.94952e-74 9.09891e-76 4.23993e-77 1.97269e-78 9.16458e-80 4.25146e-81 1.9695e-82 9.11139e-84 4.20961e-85 1.94242e-86 8.95173e-88 4.12047e-89 1.89443e-90 8.69991e-92 3.9909e-93 1.82877e-94 8.37126e-96 3.82807e-97 1.74879e-98 7.98129e-100 3.63914e-101 1.65777e-102 7.54502e-104 3.43096e-105 1.55883e-106 7.07651e-108 3.20986e-109 1.45481e-110 6.58852e-112 2.98154e-113 1.34824e-114 6.09231e-116 2.75097e-117 1.24133e-118 5.59749e-120 2.52237e-121 1.13591e-122 5.11208e-124 2.29922e-125 1.03347e-126 4.64252e-128 2.08427e-129 9.35196e-131 4.19378e-132 1.87961e-133 8.41963e-135 3.76952e-136 1.68676e-137 7.54387e-139
2.22901e-10 4.14961e-11 5.08974e-12 5.07844e-13 4.45317e-14 3.56716e-15 2.67021e-16 1.89541e-17 1.28882e-18 8.45642e-20 5.3837e-21 3.33981e-22 2.02569e-23 1.20453e-24 7.03757e-26 4.0476e-27 2.29521e-28 1.28492e-29 7.10978e-31 3.89219e-32 2.10992e-33 1.13345e-34 6.03806e-36 3.1916e-37 1.67482e-38 8.72941e-40 4.52112e-41 2.32767e-42 1.1917e-43 6.06903e-45 3.07545e-46 1.55115e-47 7.78858e-49 3.89426e-50 1.9393e-51 9.62059e-53 4.75528e-54 2.34228e-55 1.1499e-56 5.62732e-58 2.74551e-59 1.33561e-60 6.47927e-62 3.13478e-63 1.51276e-64 7.28215e-66 3.49715e-67 1.67561e-68 8.01075e-70 3.82162e-71 1.8194e-72 8.64466e-74 4.09953e-75 1.9405e-76 9.16886e-78 4.32477e-79 2.03648e-80 9.57389e-82 4.49377e-83 2.10605e-84 9.85554e-86 4.60538e-87 2.14902e-88 1.00144e-89 4.66051e-91 2.16612e-92 1.00551e-93 4.66191e-95 2.15886e-96 9.98576e-98 4.6137e-99 2.12932e-100 9.81673e-102 4.52105e-103 2.08003e-104 9.5602e-106 4.38979e-107 2.01376e-108 9.22935e-110 4.22611e-111 1.93342e-112 8.83766e-114 4.03627e-115 1.84189e-116 8.39842e-118 3.82637e-119 1.74197e-120 7.92435e-122 3.60217e-123 1.63625e-124 7.4272e-126 3.36897e-127 1.52712e-128 6.91761e-130 3.13151e-131 1.41668e-132 6.40494e-134 2.89393e-135 1.30676e-136 5.89721e-138 2.65975e-139
9.43399e-12 1.95012e-12 2.5971e-13 2.7795e-14 2.5931e-15 2.19685e-16 1.73117e-17 1.28882e-18 9.16267e-20 6.26928e-21 4.15263e-22 2.67491e-23 1.68167e-24 1.03486e-25 6.24837e-27 3.70905e-28 2.1682e-29 1.24996e-30 7.11523e-32 4.00351e-33 2.22872e-34 1.22855e-35 6.7106e-37 3.63451e-38 1.95297e-39 1.04168e-40 5.51776e-42 2.90381e-43 1.51885e-44 7.89871e-46 4.08535e-47 2.10214e-48 1.07639e-49 5.48608e-51 2.7838e-52 1.40666e-53 7.07948e-55 3.54939e-56 1.77305e-57 8.82613e-59 4.37893e-60 2.16558e-61 1.06769e-62 5.24848e-64 2.57271e-65 1.25766e-66 6.13187e-68 2.98212e-69 1.44676e-70 7.00241e-72 3.38152e-73 1.62938e-74 7.83452e-76 3.75934e-77 1.80031e-78 8.60499e-80 4.10529e-81 1.95503e-82 9.29402e-84 4.41079e-85 2.08984e-86 9.88584e-88 4.66917e-89 2.20196e-90 1.03691e-91 4.87584e-93 2.28958e-94 1.07368e-95 5.02826e-97 2.35182e-98 1.09862e-99 5.12576e-101 2.38865e-102 1.11184e-103 5.16941e-105 2.40081e-106 1.1138e-107 5.16175e-109 2.38967e-110 1.10521e-111 5.10645e-113 2.3571e-114 1.08699e-115 5.00813e-117 2.30533e-118 1.06025e-119 4.87199e-121 2.23685e-122 1.02615e-123 4.70357e-125 2.15427e-126 9.85907e-128 4.50857e-129 2.06023e-130 9.40752e-132 4.2926e-133 1.95731e-134 8.91859e-136 4.06104e-137 1.84794e-138 8.4034e-140
3.99282e-13 9.07411e-14 1.30352e-14 1.48874e-15 1.47143e-16 1.31357e-17 1.08618e-18 8.45642e-20 6.26928e-21 4.46235e-22 3.0684e-23 2.04807e-24 1.33205e-25 8.46778e-27 5.27469e-28 3.2264e-29 1.94137e-30 1.15087e-31 6.73035e-33 3.88723e-34 2.21953e-35 1.25395e-36 7.01514e-38 3.88888e-39 2.13753e-40 1.16557e-41 6.30843e-43 3.39044e-44 1.81018e-45 9.6046e-47 5.06615e-48 2.65738e-49 1.38654e-50 7.19824e-52 3.71917e-53 1.91288e-54 9.79595e-56 4.9958e-57 2.53771e-58 1.2842e-59 6.47514e-61 3.25351e-62 1.62931e-63 8.13321e-65 4.04744e-66 2.00821e-67 9.93567e-69 4.90217e-70 2.41227e-71 1.184e-72 5.79695e-74 2.83146e-75 1.3798e-76 6.70888e-78 3.25495e-79 1.57589e-80 7.61423e-82 3.67172e-83 1.76719e-84 8.48967e-86 4.07114e-87 1.94886e-88 9.31339e-90 4.44341e-91 2.11654e-92 1.0066e-93 4.77998e-95 2.26648e-96 1.07312e-97 5.07382e-99 2.39566e-100 1.12962e-101 5.31956e-103 2.50187e-104 1.1752e-105 5.5136e-107 2.5837e-108 1.20933e-109 5.65404e-111 2.64053e-112 1.23184e-113 5.7406e-115 2.67246e-116 1.24287e-117 5.77443e-119 2.68023e-120 1.24286e-121 5.75796e-123 2.66514e-124 1.23249e-125 5.69463e-127 2.62891e-128 1.21261e-129 5.58868e-131 2.57362e-132 1.18423e-133 5.44491e-135 2.50157e-136 1.14844e-137 5.26848e-139 2.41517e-140
1.68991e-14 4.18775e-15 6.4531e-16 7.83075e-17 8.16986e-18 7.66122e-19 6.62905e-20 5.3837e-21 4.15263e-22 3.0684e-23 2.18607e-24 1.50926e-25 1.0138e-26 6.64702e-28 4.26531e-29 2.68465e-30 1.66056e-31 1.01098e-32 6.06674e-34 3.59262e-35 2.10167e-36 1.21567e-37 6.95859e-39 3.94453e-40 2.21575e-41 1.23411e-42 6.81896e-44 3.73961e-45 2.03641e-46 1.10156e-47 5.92123e-49 3.16389e-50 1.681e-51 8.88335e-53 4.67046e-54 2.44356e-55 1.27251e-56 6.59735e-58 3.40588e-59 1.75114e-60 8.96848e-62 4.57605e-63 2.32649e-64 1.17873e-65 5.95228e-67 2.99616e-68 1.50352e-69 7.52258e-71 3.75301e-72 1.86721e-73 9.26503e-75 4.58543e-76 2.26376e-77 1.11489e-78 5.47794e-80 2.68547e-81 1.31362e-82 6.41199e-84 3.12335e-85 1.51837e-86 7.36693e-88 3.56759e-89 1.72451e-90 8.32104e-92 4.00807e-93 1.92733e-94 9.25256e-96 4.43476e-97 2.12226e-98 1.01406e-99 4.83822e-101 2.30503e-102 1.09661e-103 5.20989e-105 2.47184e-106 1.17122e-107 5.54243e-109 2.61948e-110 1.23651e-111 5.82986e-113 2.74542e-114 1.2914e-115 6.06771e-117 2.84781e-118 1.33515e-119 6.25306e-121 2.92554e-122 1.36735e-123 6.38447e-125 2.97816e-126 1.3879e-127 6.46194e-129 3.00587e-130 1.39698e-131 6.48672e-133 3.00944e-134 1.39502e-135 6.46119e-137 2.99013e-138 1.38268e-139 6.38864e-141
7.15232e-16 1.91938e-16 3.1576e-17 4.05596e-18 4.45273e-19 4.37414e-20 3.9509e-21 3.33981e-22 2.67491e-23 2.04807e-24 1.50926e-25 1.07608e-26 7.45419e-28 5.03384e-29 3.32315e-30 2.14963e-31 1.3652e-32 8.52649e-34 5.24467e-35 3.18115e-36 1.90479e-37 1.127e-38 6.59467e-40 3.81927e-41 2.19072e-42 1.24531e-43 7.01928e-45 3.92513e-46 2.1785e-47 1.20057e-48 6.57213e-50 3.57494e-51 1.93292e-52 1.03914e-53 5.55605e-55 2.9553e-56 1.56417e-57 8.23963e-59 4.3208e-60 2.25598e-61 1.17301e-62 6.07482e-64 3.13402e-65 1.6109e-66 8.25085e-68 4.21159e-69 2.14272e-70 1.0867e-71 5.49443e-73 2.76984e-74 1.39235e-75 6.97978e-77 3.48962e-78 1.74017e-79 8.65602e-81 4.29529e-82 2.1264e-83 1.05029e-84 5.1762e-86 2.54554e-87 1.24923e-88 6.1182e-90 2.99053e-91 1.45895e-92 7.10431e-94 3.45314e-95 1.67548e-96 8.11547e-98 3.92428e-99 1.8945e-100 9.13138e-102 4.39442e-103 2.11158e-104 1.01313e-105 4.85399e-107 2.32229e-108 1.10951e-109 5.29374e-111 2.52243e-112 1.20037e-113 5.7051e-115 2.70816e-116 1.28399e-117 6.0804e-119 2.87608e-120 1.35887e-121 6.41315e-123 3.02338e-124 1.4238e-125 6.69814e-127 3.14784e-128 1.47787e-129 6.93155e-131 3.24792e-132 1.52044e-133 7.11094e-135 3.32269e-136 1.55118e-137 7.23524e-139 3.37185e-140 1.57005e-141
3.02713e-17 8.74557e-18 1.52967e-18 2.07304e-19 2.38815e-20 2.45168e-21 2.30669e-22 2.02569e-23 1.68167e-24 1.33205e-25 1.0138e-26 7.45419e-28 5.31806e-29 3.69433e-30 2.50614e-31 1.66423e-32 1.08405e-33 6.93868e-35 4.37064e-36 2.71285e-37 1.66118e-38 1.00452e-39 6.00394e-41 3.54978e-42 2.07761e-43 1.20448e-44 6.92096e-46 3.94357e-47 2.22934e-48 1.25089e-49 6.96937e-51 3.85705e-52 2.12107e-53 1.15938e-54 6.30076e-56 3.40546e-57 1.83097e-58 9.79511e-60 5.21501e-61 2.76379e-62 1.45829e-63 7.66206e-65 4.00944e-66 2.08991e-67 1.08527e-68 5.61537e-70 2.89537e-71 1.48788e-72 7.62122e-74 3.89151e-75 1.98106e-76 1.00555e-77 5.08953e-79 2.56898e-80 1.29327e-81 6.49376e-83 3.25252e-84 1.62514e-85 8.10099e-87 4.02897e-88 1.99933e-89 9.90006e-91 4.89192e-92 2.41232e-93 1.18721e-94 5.83145e-96 2.85897e-97 1.39909e-98 6.83443e-100 3.33274e-101 1.62242e-102 7.885e-104 3.82593e-105 1.85347e-106 8.96524e-108 4.32996e-109 2.08816e-110 1.00559e-111 4.83573e-113 2.32223e-114 1.11369e-115 5.33395e-117 2.55137e-118 1.21885e-119 5.81551e-121 2.7714e-122 1.31915e-123 6.27172e-125 2.9784e-126 1.41284e-127 6.69464e-129 3.1688e-130 1.49832e-131 7.07728e-133 3.33954e-134 1.57426e-135 7.41378e-137 3.48808e-138 1.63955e-139 7.69947e-141 3.61246e-142
1.28119e-18 3.96472e-19 7.34614e-20 1.04733e-20 1.26297e-21 1.35209e-22 1.32258e-23 1.20453e-24 1.03486e-25 8.46778e-27 6.64702e-28 5.03384e-29 3.69433e-30 2.63704e-31 1.83631e-32 1.25059e-33 8.34733e-35 5.47054e-36 3.52568e-37 2.23758e-38 1.40008e-39 8.6462e-41 5.27472e-42 3.18153e-43 1.89871e-44 1.12191e-45 6.56751e-47 3.81084e-48 2.19299e-49 1.25212e-50 7.09631e-52 3.99357e-53 2.23247e-54 1.24008e-55 6.8467e-57 3.75841e-58 2.05179e-59 1.11421e-60 6.02023e-62 3.23711e-63 1.73255e-64 9.23172e-66 4.89801e-67 2.58803e-68 1.36207e-69 7.14124e-71 3.73035e-72 1.94171e-73 1.00724e-74 5.20767e-76 2.68389e-77 1.37893e-78 7.06351e-80 3.60777e-81 1.83754e-82 9.33369e-84 4.72848e-85 2.38933e-86 1.20435e-87 6.05586e-89 3.03794e-90 1.52052e-91 7.59345e-93 3.78397e-94 1.88167e-95 9.33786e-97 4.62472e-98 2.28602e-99 1.12784e-100 5.55413e-102 2.73024e-103 1.33974e-104 6.56285e-106 3.2095e-107 1.56701e-108 7.63851e-110 3.71764e-111 1.8066e-112 8.7661e-114 4.24733e-115 2.05496e-116 9.92852e-118 4.79037e-119 2.30819e-120 1.11072e-121 5.33796e-123 2.56213e-124 1.22826e-125 5.881e-127 2.81253e-128 1.3435e-129 6.41037e-131 3.05522e-132 1.45453e-133 6.91729e-135 3.28616e-136 1.55952e-137 7.3935e-139 3.50166e-140 1.6568e-141 7.83154e-143
5.42248e-20 1.78944e-20 3.50113e-21 5.23746e-22 6.59682e-23 7.35059e-24 7.46261e-25 7.03757e-26 6.24837e-27 5.27469e-28 4.26531e-29 3.32315e-30 2.50614e-31 1.83631e-32 1.31136e-33 9.15078e-35 6.2533e-36 4.19267e-37 2.76253e-38 1.7913e-39 1.1445e-40 7.213e-42 4.48843e-43 2.76009e-44 1.67857e-45 1.01028e-46 6.02154e-48 3.55616e-49 2.08205e-50 1.20904e-51 6.96655e-53 3.98473e-54 2.2633e-55 1.27702e-56 7.15972e-58 3.98996e-59 2.21072e-60 1.21814e-61 6.67674e-63 3.64108e-64 1.97599e-65 1.06736e-66 5.73968e-68 3.0732e-69 1.63866e-70 8.70255e-72 4.60392e-73 2.42657e-74 1.27436e-75 6.66939e-77 3.47871e-78 1.80859e-79 9.37332e-81 4.84311e-82 2.495e-83 1.28167e-84 6.56556e-86 3.35426e-87 1.70917e-88 8.68698e-90 4.40431e-91 2.22763e-92 1.12407e-93 5.65917e-95 2.84283e-96 1.42499e-97 7.12785e-99 3.55808e-100 1.77258e-101 8.8135e-103 4.37386e-104 2.16659e-105 1.07127e-106 5.28757e-108 2.60532e-109 1.28154e-110 6.29344e-112 3.08562e-113 1.51047e-114 7.38259e-116 3.60289e-117 1.7557e-118 8.54323e-120 4.15124e-121 2.01433e-122 9.76098e-124 4.72365e-125 2.28294e-126 1.10193e-127 5.31217e-129 2.55772e-130 1.23002e-131 5.90818e-133 2.8346e-134 1.35842e-135 6.50268e-137 3.10937e-138 1.48519e-139 7.08654e-141 3.37779e-142 1.60838e-143
2.295e-21 8.04516e-22 1.65739e-22 2.59549e-23 3.40784e-24 3.9454e-25 4.15086e-26 4.0476e-27 3.70905e-28 3.2264e-29 2.68465e-30 2.14963e-31 1.66423e-32 1.25059e-33 9.15078e-35 6.53735e-36 4.57014e-37 3.13244e-38 2.10857e-39 1.39597e-40 9.10134e-42 5.85006e-43 3.71088e-44 2.3251e-45 1.44013e-46 8.82407e-48 5.35213e-49 3.21537e-50 1.91433e-51 1.13004e-52 6.617e-54 3.84501e-55 2.21803e-56 1.27065e-57 7.2312e-59 4.08937e-60 2.29871e-61 1.28472e-62 7.14063e-64 3.94789e-65 2.17164e-66 1.18876e-67 6.47683e-69 3.51295e-70 1.89712e-71 1.02024e-72 5.46455e-74 2.91551e-75 1.54968e-76 8.20709e-78 4.33121e-79 2.27799e-80 1.19416e-81 6.24008e-83 3.25067e-84 1.68831e-85 8.74316e-87 4.51499e-88 2.32517e-89 1.19424e-90 6.11796e-92 3.12626e-93 1.5936e-94 8.10392e-96 4.11152e-97 2.08126e-98 1.05122e-99 5.29814e-101 2.66468e-102 1.33745e-103 6.6995e-105 3.34936e-106 1.6713e-107 8.32418e-109 4.13847e-110 2.05384e-111 1.01752e-112 5.03245e-114 2.48483e-115 1.22493e-116 6.02884e-118 2.96266e-119 1.45368e-120 7.12214e-122 3.48431e-123 1.70217e-124 8.30386e-126 4.04539e-127 1.96814e-128 9.56267e-130 4.64023e-131 2.24878e-132 1.08847e-133 5.262e-135 2.54077e-136 1.22537e-137 5.90295e-139 2.84038e-140 1.3652e-141 6.55456e-143 3.14356e-144
9.71327e-23 3.6046e-23 7.79886e-24 1.27584e-24 1.74311e-25 2.09352e-26 2.27924e-27 2.29521e-28 2.1682e-29 1.94137e-30 1.66056e-31 1.3652e-32 1.08405e-33 8.34733e-35 6.2533e-36 4.57014e-37 3.26602e-38 2.28688e-39 1.57163e-40 1.06167e-41 7.05889e-43 4.62476e-44 2.98881e-45 1.90705e-46 1.20237e-47 7.49631e-49 4.62471e-50 2.82496e-51 1.70951e-52 1.02538e-53 6.09889e-55 3.5988e-56 2.10754e-57 1.22536e-58 7.07566e-60 4.05902e-61 2.31395e-62 1.31124e-63 7.38784e-65 4.13962e-66 2.30732e-67 1.27953e-68 7.06112e-70 3.87843e-71 2.12067e-72 1.15451e-73 6.25886e-75 3.37932e-76 1.81744e-77 9.73744e-79 5.198e-80 2.76495e-81 1.4657e-82 7.74389e-84 4.07822e-85 2.14103e-86 1.12061e-87 5.84797e-89 3.04307e-90 1.5791e-91 8.17207e-93 4.21804e-94 2.17158e-95 1.11522e-96 5.71329e-98 2.92002e-99 1.48897e-100 7.57542e-102 3.84571e-103 1.94813e-104 9.84808e-106 4.96822e-107 2.50141e-108 1.25697e-109 6.30437e-111 3.1561e-112 1.57715e-113 7.86725e-115 3.91759e-116 1.9475e-117 9.66528e-119 4.78899e-120 2.36909e-121 1.17015e-122 5.77083e-124 2.84173e-125 1.3973e-126 6.86079e-128 3.36391e-129 1.64707e-130 8.05364e-132 3.93272e-133 1.9179e-134 9.34122e-136 4.54395e-137 2.20763e-138 1.07126e-139 5.19209e-141 2.51352e-142 1.21541e-143 5.87047e-145
4.11102e-24 1.61008e-24 3.65001e-25 6.2259e-26 8.83669e-27 1.09941e-27 1.23703e-28 1.28492e-29 1.24996e-30 1.15087e-31 1.01098e-32 8.52649e-34 6.93868e-35 5.47054e-36 4.19267e-37 3.13244e-38 2.28688e-39 1.63479e-40 1.14631e-41 7.8966e-43 5.35128e-44 3.57168e-45 2.35042e-46 1.52647e-47 9.7919e-49 6.20891e-50 3.89432e-51 2.41764e-52 1.48641e-53 9.05534e-55 5.46884e-56 3.27569e-57 1.94671e-58 1.14831e-59 6.72545e-61 3.91229e-62 2.2611e-63 1.29869e-64 7.41491e-66 4.20944e-67 2.37662e-68 1.33478e-69 7.45858e-71 4.14749e-72 2.29548e-73 1.26472e-74 6.93775e-76 3.78975e-77 2.06173e-78 1.11723e-79 6.03111e-81 3.24377e-82 1.73841e-83 9.28428e-85 4.94182e-86 2.62188e-87 1.38664e-88 7.3111e-90 3.84332e-91 2.01452e-92 1.05296e-93 5.48861e-95 2.85334e-96 1.47951e-97 7.65211e-99 3.94798e-100 2.03201e-101 1.04342e-102 5.34562e-104 2.73256e-105 1.39379e-106 7.09416e-108 3.60333e-109 1.82653e-110 9.24037e-112 4.66563e-113 2.35131e-114 1.18278e-115 5.93899e-117 2.97681e-118 1.48948e-119 7.44017e-121 3.71029e-122 1.84725e-123 9.18225e-125 4.55715e-126 2.25825e-127 1.11737e-128 5.52058e-130 2.7236e-131 1.34179e-132 6.60121e-134 3.24316e-135 1.59123e-136 7.79695e-138 3.81554e-139 1.86482e-140 9.1028e-142 4.43795e-143 2.16107e-144 1.05109e-145
1.73993e-25 7.17198e-26 1.69998e-26 3.01814e-27 4.44362e-28 5.71943e-29 6.64303e-30 7.10978e-31 7.11523e-32 6.73035e-33 6.06674e-34 5.24467e-35 4.37064e-36 3.52568e-37 2.76253e-38 2.10857e-39 1.57163e-40 1.14631e-41 8.19663e-43 5.75481e-44 3.97275e-45 2.69991e-46 1.80832e-47 1.19479e-48 7.79429e-50 5.02425e-51 3.20246e-52 2.01973e-53 1.26112e-54 7.80019e-56 4.7814e-57 2.90605e-58 1.75198e-59 1.0481e-60 6.22412e-62 3.67029e-63 2.14982e-64 1.25116e-65 7.23674e-67 4.16109e-68 2.37906e-69 1.3528e-70 7.65217e-72 4.30667e-73 2.41204e-74 1.34459e-75 7.46154e-77 4.12258e-78 2.26816e-79 1.24281e-80 6.783e-82 3.68787e-83 1.99765e-84 1.07821e-85 5.79932e-87 3.10872e-88 1.66097e-89 8.84624e-91 4.6969e-92 2.48632e-93 1.3123e-94 6.90669e-96 3.62498e-97 1.89744e-98 9.90581e-100 5.15822e-101 2.67932e-102 1.38833e-103 7.17678e-105 3.70135e-106 1.90462e-107 9.77904e-109 5.01011e-110 2.56144e-111 1.30685e-112 6.65414e-114 3.38145e-115 1.71506e-116 8.6823e-118 4.38723e-119 2.2129e-120 1.1142e-121 5.60037e-123 2.81017e-124 1.40775e-125 7.04064e-127 3.51565e-128 1.75274e-129 8.725e-131 4.33669e-132 2.15234e-133 1.06668e-134 5.27883e-136 2.60877e-137 1.28748e-138 6.34539e-140 3.12322e-141 1.53527e-142 7.5372e-144 3.69566e-145 1.80984e-146
7.36405e-27 3.18677e-27 7.88273e-28 1.45434e-28 2.21808e-29 2.94993e-30 3.53299e-31 3.89219e-32 4.00351e-33 3.88723e-34 3.59262e-35 3.18115e-36 2.71285e-37 2.23758e-38 1.7913e-39 1.39597e-40 1.06167e-41 7.8966e-43 5.75481e-44 4.11589e-45 2.89305e-46 2.00102e-47 1.36343e-48 9.16077e-50 6.07489e-51 3.97924e-52 2.57652e-53 1.65016e-54 1.04602e-55 6.56624e-57 4.08388e-58 2.51774e-59 1.53928e-60 9.33612e-62 5.61974e-63 3.35827e-64 1.99297e-65 1.17491e-66 6.88243e-68 4.00708e-69 2.31936e-70 1.33494e-71 7.64191e-73 4.35185e-74 2.46583e-75 1.39041e-76 7.80357e-78 4.35993e-79 2.42532e-80 1.34345e-81 7.41143e-83 4.07251e-84 2.22924e-85 1.21573e-86 6.60624e-88 3.57727e-89 1.93052e-90 1.0384e-91 5.5675e-93 2.97581e-94 1.58574e-95 8.42521e-97 4.46356e-98 2.35813e-99 1.24243e-100 6.52866e-102 3.42178e-103 1.78889e-104 9.32923e-106 4.85361e-107 2.51921e-108 1.30458e-109 6.74069e-111 3.47527e-112 1.78791e-113 9.17897e-115 4.70279e-116 2.40463e-117 1.22714e-118 6.25037e-120 3.17764e-121 1.61253e-122 8.16824e-124 4.13034e-125 2.08494e-126 1.05067e-127 5.28591e-129 2.65502e-130 1.33144e-131 6.66651e-133 3.33279e-134 1.66366e-135 8.29236e-137 4.12727e-138 2.05129e-139 1.01809e-140 5.046e-142 2.4976e-143 1.23459e-144 6.09475e-146 3.00492e-147
3.11674e-28 1.4128e-28 3.64052e-29 6.96965e-30 1.09972e-30 1.50954e-31 1.86232e-32 2.10992e-33 2.22872e-34 2.21953e-35 2.10167e-36 1.90479e-37 1.66118e-38 1.40008e-39 1.1445e-40 9.10134e-42 7.05889e-43 5.35128e-44 3.97275e-45 2.89305e-46 2.06957e-47 1.4562e-48 1.00896e-49 6.89091e-51 4.64335e-52 3.08954e-53 2.03136e-54 1.3207e-55 8.49607e-57 5.41091e-58 3.4134e-59 2.13391e-60 1.32259e-61 8.13049e-63 4.95919e-64 3.00234e-65 1.8047e-66 1.07741e-67 6.39009e-69 3.76618e-70 2.20633e-71 1.28505e-72 7.44284e-74 4.28767e-75 2.45726e-76 1.40123e-77 7.95187e-79 4.49163e-80 2.5257e-81 1.41405e-82 7.88344e-84 4.37716e-85 2.42075e-86 1.33365e-87 7.32008e-89 4.00333e-90 2.18174e-91 1.18496e-92 6.41459e-94 3.46126e-95 1.86183e-96 9.98438e-98 5.33844e-99 2.84611e-100 1.5131e-101 8.02212e-103 4.2418e-104 2.23706e-105 1.17679e-106 6.17505e-108 3.23242e-109 1.68806e-110 8.79509e-112 4.57205e-113 2.37149e-114 1.22741e-115 6.33933e-117 3.26736e-118 1.68063e-119 8.62749e-121 4.42033e-122 2.26048e-123 1.15382e-124 5.8787e-126 2.98986e-127 1.51795e-128 7.69343e-130 3.89269e-131 1.96636e-132 9.91682e-134 4.99334e-135 2.51034e-136 1.26011e-137 6.31583e-139 3.16091e-140 1.57966e-141 7.88308e-143 3.92845e-144 1.95501e-145 9.71604e-147 4.82229e-148
1.31912e-29 6.25057e-30 1.67515e-30 3.32329e-31 5.41865e-32 7.66881e-33 9.73656e-34 1.13345e-34 1.22855e-35 1.25395e-36 1.21567e-37 1.127e-38 1.00452e-39 8.6462e-41 7.213e-42 5.85006e-43 4.62476e-44 3.57168e-45 2.69991e-46 2.00102e-47 1.4562e-48 1.0419e-49 7.33795e-51 5.09233e-52 3.48543e-53 2.35484e-54 1.57167e-55 1.03695e-56 6.76743e-58 4.37133e-59 2.79611e-60 1.77199e-61 1.11308e-62 6.93318e-64 4.28398e-65 2.6268e-66 1.59888e-67 9.66382e-69 5.80167e-70 3.46056e-71 2.05135e-72 1.20875e-73 7.08165e-75 4.12598e-76 2.39112e-77 1.3786e-78 7.9089e-80 4.51552e-81 2.56615e-82 1.4518e-83 8.17793e-85 4.58724e-86 2.56264e-87 1.42596e-88 7.90421e-90 4.36509e-91 2.40191e-92 1.31703e-93 7.19698e-95 3.91979e-96 2.12801e-97 1.15164e-98 6.21343e-100 3.34234e-101 1.7927e-102 9.58817e-104 5.11403e-105 2.72033e-106 1.44324e-107 7.63729e-109 4.03137e-110 2.12277e-111 1.1151e-112 5.84404e-114 3.05575e-115 1.59424e-116 8.29926e-118 4.31119e-119 2.23484e-120 1.15613e-121 5.96889e-123 3.07559e-124 1.58172e-125 8.11914e-127 4.15995e-128 2.12755e-129 1.08618e-130 5.53562e-132 2.81636e-133 1.43049e-134 7.25377e-136 3.67235e-137 1.85624e-138 9.36808e-140 4.72066e-141 2.37522e-142 1.19334e-143 5.98682e-145 2.99923e-146 1.50043e-147 7.49591e-149
5.58301e-31 2.7602e-31 7.682e-32 1.57729e-32 2.65467e-33 3.86989e-34 5.05199e-35 6.03806e-36 6.7106e-37 7.01514e-38 6.95859e-39 6.59467e-40 6.00394e-41 5.27472e-42 4.48843e-43 3.71088e-44 2.98881e-45 2.35042e-46 1.80832e-47 1.36343e-48 1.00896e-49 7.33795e-51 5.25117e-52 3.70148e-53 2.57246e-54 1.76419e-55 1.19484e-56 7.99729e-58 5.29332e-59 3.46675e-60 2.24781e-61 1.44364e-62 9.1879e-64 5.79722e-65 3.62778e-66 2.25235e-67 1.3879e-68 8.49065e-70 5.15842e-71 3.11319e-72 1.86689e-73 1.11267e-74 6.59248e-76 3.8838e-77 2.27553e-78 1.3262e-79 7.68977e-81 4.43684e-82 2.54777e-83 1.45627e-84 8.2867e-86 4.69505e-87 2.64896e-88 1.48848e-89 8.331e-91 4.645e-92 2.58023e-93 1.4281e-94 7.87651e-96 4.32935e-97 2.37174e-98 1.29511e-99 7.04978e-101 3.8257e-102 2.06988e-103 1.11664e-104 6.00684e-106 3.22235e-107 1.72394e-108 9.19866e-110 4.89558e-111 2.5989e-112 1.37627e-113 7.2706e-115 3.83191e-116 2.01493e-117 1.05712e-118 5.53392e-120 2.89071e-121 1.50681e-122 7.83813e-124 4.069e-125 2.10814e-126 1.0901e-127 5.62611e-129 2.89826e-130 1.49028e-131 7.64929e-133 3.91929e-134 2.00466e-135 1.02362e-136 5.21811e-138 2.65568e-139 1.3494e-140 6.84577e-142 3.46761e-143 1.75378e-144 8.85672e-146 4.46613e-147 2.24886e-148 1.13078e-149
2.36294e-32 1.21677e-32 3.51191e-33 7.45406e-34 1.29367e-34 1.94076e-35 2.60294e-36 3.1916e-37 3.63451e-38 3.88888e-39 3.94453e-40 3.81927e-41 3.54978e-42 3.18153e-43 2.76009e-44 2.3251e-45 1.90705e-46 1.52647e-47 1.19479e-48 9.16077e-50 6.89091e-51 5.09233e-52 3.70148e-53 2.64926e-54 1.86889e-55 1.30058e-56 8.93564e-58 6.06548e-59 4.07043e-60 2.70218e-61 1.77552e-62 1.15531e-63 7.44789e-65 4.75906e-66 3.01535e-67 1.89515e-68 1.18193e-69 7.31683e-71 4.49749e-72 2.74572e-73 1.66532e-74 1.00369e-75 6.01274e-77 3.58102e-78 2.12078e-79 1.24917e-80 7.31933e-82 4.26696e-83 2.47535e-84 1.4292e-85 8.21404e-87 4.6999e-88 2.67761e-89 1.51912e-90 8.58366e-92 4.83107e-93 2.70865e-94 1.51303e-95 8.4212e-97 4.67061e-98 2.58159e-99 1.42218e-100 7.80935e-102 4.27467e-103 2.33267e-104 1.26912e-105 6.88459e-107 3.72404e-108 2.00882e-109 1.08065e-110 5.79794e-112 3.10267e-113 1.65614e-114 8.81821e-116 4.68394e-117 2.48206e-118 1.31222e-119 6.9217e-121 3.64296e-122 1.91317e-123 1.00259e-124 5.24313e-126 2.73633e-127 1.4252e-128 7.40852e-130 3.84371e-131 1.99044e-132 1.02883e-133 5.30821e-135 2.73388e-136 1.40556e-137 7.21398e-139 3.69631e-140 1.89078e-141 9.65626e-143 4.9236e-144 2.50654e-145 1.27408e-146 6.46638e-148 3.27701e-149 1.65828e-150
1.00008e-33 5.35533e-34 1.60089e-34 3.50873e-35 6.27336e-36 9.67687e-37 1.33236e-37 1.67482e-38 1.95297e-39 2.13753e-40 2.21575e-41 2.19072e-42 2.07761e-43 1.89871e-44 1.67857e-45 1.44013e-46 1.20237e-47 9.7919e-49 7.79429e-50 6.07489e-51 4.64335e-52 3.48543e-53 2.57246e-54 1.86889e-55 1.33781e-56 9.44427e-58 6.58044e-59 4.52871e-60 3.08048e-61 2.0723e-62 1.37951e-63 9.09196e-65 5.93554e-66 3.83995e-67 2.46282e-68 1.56656e-69 9.88605e-71 6.19162e-72 3.84971e-73 2.37694e-74 1.45779e-75 8.88313e-77 5.37948e-78 3.23828e-79 1.93812e-80 1.15353e-81 6.82874e-83 4.02156e-84 2.35649e-85 1.37411e-86 7.97509e-88 4.60752e-89 2.65019e-90 1.51784e-91 8.65695e-93 4.91756e-94 2.78246e-95 1.56838e-96 8.80772e-98 4.92843e-99 2.74807e-100 1.52709e-101 8.45771e-103 4.66911e-104 2.56946e-105 1.40965e-106 7.71034e-108 4.20497e-109 2.28669e-110 1.24005e-111 6.70633e-113 3.61719e-114 1.94593e-115 1.04418e-116 5.58907e-118 2.98433e-119 1.58971e-120 8.44841e-122 4.47961e-123 2.36992e-124 1.25106e-125 6.59003e-127 3.46405e-128 1.81713e-129 9.51287e-131 4.97023e-132 2.59177e-133 1.34893e-134 7.00765e-136 3.63377e-137 1.88088e-138 9.71842e-140 5.01276e-141 2.58118e-142 1.32689e-143 6.8098e-145 3.48926e-146 1.78502e-147 9.11747e-149 4.64986e-150 2.36783e-151
4.23272e-35 2.35355e-35 7.27812e-36 1.64552e-36 3.0282e-37 4.7991e-38 6.77838e-39 8.72941e-40 1.04168e-40 1.16557e-41 1.23411e-42 1.24531e-43 1.20448e-44 1.12191e-45 1.01028e-46 8.82407e-48 7.49631e-49 6.20891e-50 5.02425e-51 3.97924e-52 3.08954e-53 2.35484e-54 1.76419e-55 1.30058e-56 9.44427e-58 6.7614e-59 4.77637e-60 3.3318e-61 2.29655e-62 1.56516e-63 1.05531e-64 7.04315e-66 4.65515e-67 3.04842e-68 1.97867e-69 1.2735e-70 8.13031e-72 5.15047e-73 3.23859e-74 2.02191e-75 1.25368e-76 7.72219e-78 4.72644e-79 2.87519e-80 1.73873e-81 1.04549e-82 6.252e-84 3.71881e-85 2.20066e-86 1.2958e-87 7.59329e-89 4.42885e-90 2.57148e-91 1.48651e-92 8.55655e-94 4.90491e-95 2.80038e-96 1.59259e-97 9.02275e-99 5.09293e-100 2.8644e-101 1.60538e-102 8.9668e-104 4.99175e-105 2.76988e-106 1.53213e-107 8.4487e-109 4.64491e-110 2.54618e-111 1.39173e-112 7.58586e-114 4.12349e-115 2.23544e-116 1.20872e-117 6.51893e-119 3.50704e-120 1.8821e-121 1.00763e-122 5.38201e-124 2.86806e-125 1.52495e-126 8.09032e-128 4.2829e-129 2.26251e-130 1.19273e-131 6.27495e-133 3.29467e-134 1.72649e-135 9.02985e-137 4.71388e-138 2.45626e-139 1.27756e-140 6.63303e-142 3.43782e-143 1.77872e-144 9.18749e-146 4.73768e-147 2.43907e-148 1.25368e-149 6.43378e-151 3.29664e-152
1.79144e-36 1.03292e-36 3.30064e-37 7.69067e-38 1.45549e-38 2.3681e-39 3.42884e-40 4.52112e-41 5.51776e-42 6.30843e-43 6.81896e-44 7.01928e-45 6.92096e-46 6.56751e-47 6.02154e-48 5.35213e-49 4.62471e-50 3.89432e-51 3.20246e-52 2.57652e-53 2.03136e-54 1.57167e-55 1.19484e-56 8.93564e-58 6.58044e-59 4.77637e-60 3.41994e-61 2.4174e-62 1.68806e-63 1.16523e-64 7.95569e-66 5.37549e-67 3.59624e-68 2.38325e-69 1.56518e-70 1.01908e-71 6.58051e-73 4.21569e-74 2.68026e-75 1.69166e-76 1.06024e-77 6.60024e-79 4.08219e-80 2.50903e-81 1.53283e-82 9.31001e-84 5.62289e-85 3.37757e-86 2.01819e-87 1.19979e-88 7.0975e-90 4.17857e-91 2.44871e-92 1.42854e-93 8.2976e-95 4.79922e-96 2.76439e-97 1.58595e-98 9.06336e-100 5.15993e-101 2.92683e-102 1.65421e-103 9.3168e-105 5.22953e-106 2.9256e-107 1.6314e-108 9.0685e-110 5.02539e-111 2.77649e-112 1.52949e-113 8.40136e-115 4.60186e-116 2.51378e-117 1.36948e-118 7.44124e-120 4.03293e-121 2.18025e-122 1.17578e-123 6.32554e-125 3.39507e-126 1.81801e-127 9.71322e-129 5.17807e-130 2.75442e-131 1.46207e-132 7.74457e-134 4.09391e-135 2.15977e-136 1.13716e-137 5.97577e-139 3.13431e-140 1.6409e-141 8.57483e-143 4.4729e-144 2.32908e-145 1.21068e-146 6.28247e-148 3.25465e-149 1.68331e-150 8.69201e-152 4.4811e-153
7.58205e-38 4.52751e-38 1.49338e-38 3.58284e-39 6.9678e-40 1.16303e-40 1.72521e-41 2.32767e-42 2.90381e-43 3.39044e-44 3.73961e-45 3.92513e-46 3.94357e-47 3.81084e-48 3.55616e-49 3.21537e-50 2.82496e-51 2.41764e-52 2.01973e-53 1.65016e-54 1.3207e-55 1.03695e-56 7.99729e-58 6.06548e-59 4.52871e-60 3.3318e-61 2.4174e-62 1.73108e-63 1.22432e-64 8.55774e-66 5.91521e-67 4.04545e-68 2.73884e-69 1.83642e-70 1.22004e-71 8.03432e-73 5.24635e-74 3.39823e-75 2.18412e-76 1.39336e-77 8.82549e-79 5.55162e-80 3.46911e-81 2.15395e-82 1.32915e-83 8.15314e-85 4.97251e-86 3.01585e-87 1.81931e-88 1.0918e-89 6.5191e-91 3.87354e-92 2.29071e-93 1.34845e-94 7.90245e-96 4.61111e-97 2.67929e-98 1.55044e-99 8.93637e-101 5.13079e-102 2.93474e-103 1.67248e-104 9.49724e-106 5.37427e-107 3.03086e-108 1.70362e-109 9.54496e-111 5.33096e-112 2.96823e-113 1.64772e-114 9.11994e-116 5.03331e-117 2.7701e-118 1.52035e-119 8.32198e-121 4.54327e-122 2.47397e-123 1.34377e-124 7.28095e-126 3.93552e-127 2.12222e-128 1.14175e-129 6.1287e-131 3.28245e-132 1.75421e-133 9.3548e-135 4.97825e-136 2.64378e-137 1.40119e-138 7.41151e-140 3.91265e-141 2.06161e-142 1.08424e-143 5.69175e-145 2.98249e-146 1.56005e-147 8.14594e-149 4.24616e-150 2.20962e-151 1.14794e-152 5.954e-154
3.20901e-39 1.98215e-39 6.7422e-40 1.66412e-40 3.32315e-41 5.6867e-42 8.63668e-43 1.1917e-43 1.51885e-44 1.81018e-45 2.03641e-46 2.1785e-47 2.22934e-48 2.19299e-49 2.08205e-50 1.91433e-51 1.70951e-52 1.48641e-53 1.26112e-54 1.04602e-55 8.49607e-57 6.76743e-58 5.29332e-59 4.07043e-60 3.08048e-61 2.29655e-62 1.68806e-63 1.22432e-64 8.76816e-66 6.20463e-67 4.34088e-68 3.00426e-69 2.05786e-70 1.39579e-71 9.37874e-73 6.24546e-74 4.12331e-75 2.69989e-76 1.75391e-77 1.13075e-78 7.23692e-80 4.59922e-81 2.90318e-82 1.82065e-83 1.1346e-84 7.02782e-86 4.32759e-87 2.64975e-88 1.61353e-89 9.77328e-91 5.88933e-92 3.53121e-93 2.10707e-94 1.25139e-95 7.39822e-97 4.3545e-98 2.552e-99 1.48938e-100 8.65692e-102 5.01189e-103 2.89045e-104 1.66074e-105 9.50707e-107 5.42307e-108 3.08272e-109 1.74643e-110 9.86126e-112 5.55024e-113 3.11403e-114 1.7418e-115 9.71328e-117 5.40081e-118 2.99436e-119 1.6555e-120 9.1277e-122 5.0191e-123 2.75263e-124 1.50575e-125 8.21604e-127 4.47197e-128 2.42821e-129 1.31536e-130 7.10872e-132 3.83311e-133 2.06225e-134 1.10708e-135 5.93041e-137 3.17012e-138 1.6911e-139 9.00283e-141 4.78326e-142 2.53641e-143 1.3424e-144 7.09124e-146 3.73902e-147 1.9679e-148 1.03388e-149 5.42216e-151 2.83872e-152 1.48366e-153 7.74143e-155
1.35817e-40 8.66829e-41 3.03775e-41 7.70748e-42 1.57932e-42 2.76899e-43 4.30321e-44 6.06903e-45 7.89871e-46 9.6046e-47 1.10156e-47 1.20057e-48 1.25089e-49 1.25212e-50 1.20904e-51 1.13004e-52 1.02538e-53 9.05534e-55 7.80019e-56 6.56624e-57 5.41091e-58 4.37133e-59 3.46675e-60 2.70218e-61 2.0723e-62 1.56516e-63 1.16523e-64 8.55774e-66 6.20463e-67 4.44398e-68 3.14626e-69 2.20307e-70 1.52651e-71 1.04717e-72 7.11509e-74 4.79033e-75 3.197e-76 2.11578e-77 1.38897e-78 9.048e-80 5.85027e-81 3.75566e-82 2.3944e-83 1.51641e-84 9.54214e-86 5.96737e-87 3.70952e-88 2.29265e-89 1.40904e-90 8.61295e-92 5.23719e-93 3.16835e-94 1.90731e-95 1.14269e-96 6.81421e-98 4.04519e-99 2.39086e-100 1.40707e-101 8.24655e-103 4.81364e-104 2.79876e-105 1.62104e-106 9.35404e-108 5.37804e-109 3.08112e-110 1.75909e-111 1.00093e-112 5.67654e-114 3.20899e-115 1.80836e-116 1.01594e-117 5.69049e-119 3.17801e-120 1.76976e-121 9.82774e-123 5.44252e-124 3.00593e-125 1.65583e-126 9.0977e-128 4.986e-129 2.72583e-130 1.48659e-131 8.08826e-133 4.39042e-134 2.37775e-135 1.28485e-136 6.92765e-138 3.7272e-139 2.00106e-140 1.07211e-141 5.7323e-143 3.0588e-144 1.62899e-145 8.65862e-147 4.59361e-148 2.43248e-149 1.28573e-150 6.78372e-152 3.57287e-153 1.87849e-154 9.85959e-156
5.74828e-42 3.78686e-42 1.36607e-42 3.5603e-43 7.48081e-44 1.343e-44 2.1345e-45 3.07545e-46 4.08535e-47 5.06615e-48 5.92123e-49 6.57213e-50 6.96937e-51 7.09631e-52 6.96655e-53 6.617e-54 6.09889e-55 5.46884e-56 4.7814e-57 4.08388e-58 3.4134e-59 2.79611e-60 2.24781e-61 1.77552e-62 1.37951e-63 1.05531e-64 7.95569e-66 5.91521e-67 4.34088e-68 3.14626e-69 2.25367e-70 1.5963e-71 1.11865e-72 7.75974e-74 5.3305e-75 3.62778e-76 2.44702e-77 1.63651e-78 1.08551e-79 7.14363e-81 4.66563e-82 3.02504e-83 1.94758e-84 1.24542e-85 7.91215e-87 4.99492e-88 3.13409e-89 1.95492e-90 1.21246e-91 7.47833e-93 4.58791e-94 2.80007e-95 1.70035e-96 1.0275e-97 6.17968e-99 3.69954e-100 2.20488e-101 1.30837e-102 7.73098e-104 4.54934e-105 2.66636e-106 1.55665e-107 9.05335e-109 5.24583e-110 3.02863e-111 1.74239e-112 9.98953e-114 5.708e-115 3.25085e-116 1.8455e-117 1.04441e-118 5.89247e-120 3.31453e-121 1.85897e-122 1.03963e-123 5.79785e-125 3.2245e-126 1.78851e-127 9.8941e-129 5.45936e-130 3.00476e-131 1.6497e-132 9.03532e-134 4.93686e-135 2.69119e-136 1.46367e-137 7.94272e-139 4.30069e-140 2.32364e-141 1.25278e-142 6.74031e-144 3.61906e-145 1.93927e-146 1.03711e-147 5.53562e-149 2.94905e-150 1.56814e-151 8.32313e-153 4.40964e-154 2.33209e-155 1.2312e-156
2.43289e-43 1.65273e-43 6.13223e-44 1.64049e-44 3.53236e-45 6.48968e-46 1.05429e-46 1.55115e-47 2.10214e-48 2.65738e-49 3.16389e-50 3.57494e-51 3.85705e-52 3.99357e-53 3.98473e-54 3.84501e-55 3.5988e-56 3.27569e-57 2.90605e-58 2.51774e-59 2.13391e-60 1.77199e-61 1.44364e-62 1.15531e-63 9.09196e-65 7.04315e-66 5.37549e-67 4.04545e-68 3.00426e-69 2.20307e-70 1.5963e-71 1.14352e-72 8.10321e-74 5.68284e-75 3.94611e-76 2.71429e-77 1.85012e-78 1.25015e-79 8.37716e-81 5.56857e-82 3.67313e-83 2.40493e-84 1.56336e-85 1.00929e-86 6.47261e-88 4.1243e-89 2.61168e-90 1.64392e-91 1.02876e-92 6.40179e-94 3.96204e-95 2.43916e-96 1.49393e-97 9.1046e-99 5.52193e-100 3.33335e-101 2.00303e-102 1.1983e-103 7.13791e-105 4.23399e-106 2.50122e-107 1.47171e-108 8.62591e-110 5.03667e-111 2.93008e-112 1.69844e-113 9.81058e-115 5.6474e-116 3.24002e-117 1.85278e-118 1.05612e-119 6.00126e-121 3.39973e-122 1.92021e-123 1.08139e-124 6.07259e-126 3.40054e-127 1.89903e-128 1.05766e-129 5.87519e-131 3.25519e-132 1.79901e-133 9.91779e-135 5.45434e-136 2.99251e-137 1.638e-138 8.94535e-140 4.87421e-141 2.65004e-142 1.43767e-143 7.78295e-145 4.20456e-146 2.26676e-147 1.2196e-148 6.54887e-150 3.5097e-151 1.87735e-152 1.00231e-153 5.3414e-155 2.84131e-156 1.50871e-157
