0.0234529 0.016752 0.0119657 0.00854696 0.00610497 0.00436069 0.00311478 0.00222484 0.00158917 0.00113512 0.000810803 0.000579145 0.000413675 0.000295482 0.000211059 0.000150756 0.000107683 7.69164e-05 5.49403e-05 3.92431e-05 2.80308e-05 2.0022e-05 1.43014e-05 1.02153e-05 7.29664e-06 5.21189e-06 3.72278e-06 2.65913e-06 1.89938e-06 1.3567e-06 9.69069e-07 6.92192e-07 4.94423e-07 3.53159e-07 2.52257e-07 1.80183e-07 1.28702e-07 9.19302e-08 6.56645e-08 4.69032e-08 3.35023e-08 2.39302e-08 1.7093e-08 1.22093e-08 8.72092e-09 6.22923e-09 4.44945e-09 3.17818e-09 2.27013e-09 1.62152e-09 1.15823e-09 8.27306e-10 5.90933e-10 4.22095e-10 3.01496e-10 2.15354e-10 1.53825e-10 1.09875e-10 7.84819e-11 5.60585e-11 4.00418e-11 2.86013e-11 2.04295e-11 1.45925e-11 1.04232e-11 7.44515e-12 5.31796e-12 3.79855e-12 2.71325e-12 1.93803e-12 1.38431e-12 9.88793e-13 7.0628e-13 5.04486e-13 3.60347e-13 2.57391e-13 1.83851e-13 1.31322e-13 9.38013e-14 6.70009e-14 4.78578e-14 3.41842e-14 2.44173e-14 1.74409e-14 1.24578e-14 8.89842e-15 6.35601e-15 4.54001e-15 3.24286e-15 2.31633e-15 1.65452e-15 1.1818e-15 8.44144e-16 6.0296e-16 4.30686e-16 3.07633e-16 2.19738e-16 1.56955e-16 1.12111e-16 8.00793e-17 5.71995e-17
0.016752 0.0133302 0.0104962 0.00819346 0.00634974 0.00489071 0.00374707 0.0028577 0.00217065 0.00164292 0.00123956 0.000932571 0.000699817 0.000523937 0.000391432 0.000291873 0.000217252 0.000161445 0.000119793 8.87627e-05 6.56851e-05 4.85487e-05 3.58425e-05 2.64339e-05 1.94757e-05 1.43357e-05 1.0543e-05 7.74731e-06 5.6885e-06 4.17372e-06 3.06016e-06 2.24221e-06 1.64185e-06 1.20152e-06 8.78772e-07 6.42371e-07 4.69319e-07 3.42716e-07 2.50146e-07 1.82496e-07 1.33083e-07 9.70084e-08 7.0684e-08 5.1483e-08 3.74839e-08 2.72816e-08 1.98493e-08 1.44369e-08 1.0497e-08 7.62993e-09 5.54429e-09 4.02759e-09 2.92498e-09 2.12365e-09 1.54145e-09 1.11858e-09 8.11514e-10 5.88602e-10 4.26823e-10 3.0944e-10 2.2429e-10 1.62537e-10 1.17762e-10 8.5304e-11 6.17804e-11 4.47353e-11 3.23869e-11 2.34429e-11 1.69659e-11 1.22764e-11 8.8816e-12 6.42454e-12 4.64648e-12 3.36001e-12 2.42936e-12 1.75622e-12 1.26942e-12 9.17423e-13 6.62943e-13 4.78988e-13 3.46032e-13 2.4995e-13 1.80525e-13 1.30367e-13 9.41339e-14 6.79633e-14 4.90629e-14 3.54147e-14 2.55604e-14 1.84461e-14 1.33105e-14 9.60378e-15 6.9286e-15 4.99811e-15 3.60516e-15 2.60017e-15 1.87516e-15 1.35219e-15 9.74979e-16 7.02936e-16 5.06756e-16
0.0119657 0.0104962 0.00896901 0.00751437 0.00619929 0.00505119 0.00407375 0.00325727 0.00258534 0.002039 0.00159919 0.00124809 0.000969815 0.000750631 0.000578927 0.000445064 0.000341149 0.000260792 0.000198869 0.000151302 0.000114868 8.70351e-05 6.58245e-05 4.96971e-05 3.74604e-05 2.81937e-05 2.1189e-05 1.59031e-05 1.19206e-05 8.92461e-06 6.67393e-06 4.9854e-06 3.72022e-06 2.77337e-06 2.06556e-06 1.53701e-06 1.14272e-06 8.48885e-07 6.30106e-07 4.67358e-07 3.46394e-07 2.56559e-07 1.89895e-07 1.40462e-07 1.03833e-07 7.67093e-08 5.66385e-08 4.17958e-08 3.08262e-08 2.27237e-08 1.67425e-08 1.23296e-08 9.0756e-09 6.6773e-09 4.9106e-09 3.60978e-09 2.65244e-09 1.94821e-09 1.43039e-09 1.0498e-09 7.70189e-10 5.64848e-10 4.14108e-10 3.03492e-10 2.22349e-10 1.62848e-10 1.19232e-10 8.72713e-11 6.38584e-11 4.6713e-11 3.41612e-11 2.49751e-11 1.82542e-11 1.33384e-11 9.74389e-12 7.11623e-12 5.1959e-12 3.79285e-12 2.76801e-12 2.01962e-12 1.47324e-12 1.07443e-12 7.83415e-13 5.711e-13 4.16238e-13 3.03307e-13 2.20972e-13 1.60956e-13 1.17217e-13 8.53486e-14 6.21327e-14 4.52237e-14 3.29105e-14 2.39457e-14 1.74199e-14 1.26704e-14 9.21437e-15 6.69992e-15 4.87085e-15 3.54056e-15 2.5732e-15
0.00854696 0.00819346 0.00751437 0.0066806 0.00580324 0.00495094 0.00416295 0.00345872 0.00284482 0.00231981 0.0018776 0.00150976 0.00120696 0.000959901 0.00075986 0.00059897 0.000470334 0.000368026 0.000287041 0.000223208 0.000173091 0.000133881 0.000103305 7.95328e-05 6.11023e-05 4.68499e-05 3.5855e-05 2.73921e-05 2.08919e-05 1.59091e-05 1.20966e-05 9.18465e-06 6.96424e-06 5.27381e-06 3.98877e-06 3.0133e-06 2.27383e-06 1.71397e-06 1.29062e-06 9.70877e-07 7.29651e-07 5.47857e-07 4.10995e-07 3.08061e-07 2.30717e-07 1.72656e-07 1.29107e-07 9.64714e-08 7.20341e-08 5.375e-08 4.00801e-08 2.98675e-08 2.22432e-08 1.65551e-08 1.23144e-08 9.15467e-09 6.80195e-09 5.05114e-09 3.74903e-09 2.78116e-09 2.06215e-09 1.52828e-09 1.13209e-09 8.38232e-10 6.20372e-10 4.58936e-10 3.39366e-10 2.50845e-10 1.85339e-10 1.36886e-10 1.01061e-10 7.45843e-11 5.50239e-11 4.05789e-11 2.99155e-11 2.20468e-11 1.62424e-11 1.19622e-11 8.80711e-12 6.48217e-12 4.76952e-12 3.50831e-12 2.57985e-12 1.89655e-12 1.39384e-12 1.0241e-12 7.52235e-13 5.52395e-13 4.05539e-13 2.97649e-13 2.18407e-13 1.60222e-13 1.1751e-13 8.61632e-14 6.31639e-14 4.62932e-14 3.39209e-14 2.48497e-14 1.82005e-14 1.33276e-14 9.75727e-15
0.00610497 0.00634974 0.00619929 0.00580324 0.00527055 0.00467786 0.00407692 0.00350084 0.00296919 0.00249193 0.00207248 0.00171003 0.00140111 0.00114086 0.00092376 0.00074419 0.000596768 0.000476536 0.000379055 0.000300439 0.00023734 0.000186917 0.000146784 0.000114958 8.98068e-05 6.99922e-05 5.44278e-05 4.22355e-05 3.27091e-05 2.52836e-05 1.95089e-05 1.50274e-05 1.15566e-05 8.87374e-06 6.80362e-06 5.20907e-06 3.98284e-06 3.04132e-06 2.31949e-06 1.76687e-06 1.34437e-06 1.02177e-06 7.75759e-07 5.88377e-07 4.45817e-07 3.37476e-07 2.55229e-07 1.92855e-07 1.45599e-07 1.09831e-07 8.27832e-08 6.23476e-08 4.69212e-08 3.52857e-08 2.65167e-08 1.99132e-08 1.49441e-08 1.12077e-08 8.40012e-09 6.29198e-09 4.71008e-09 3.52383e-09 2.63484e-09 1.96903e-09 1.47067e-09 1.09787e-09 8.19146e-10 6.10878e-10 4.55339e-10 3.3924e-10 2.52625e-10 1.88039e-10 1.39902e-10 1.04043e-10 7.7342e-11 5.74694e-11 4.26856e-11 3.16922e-11 2.35209e-11 1.74497e-11 1.29408e-11 9.59341e-12 7.10935e-12 5.26663e-12 3.90019e-12 2.8873e-12 2.13675e-12 1.58079e-12 1.16911e-12 8.64372e-13 6.38869e-13 4.72054e-13 3.48693e-13 2.57494e-13 1.90094e-13 1.40296e-13 1.03515e-13 7.63561e-14 5.63077e-14 4.15124e-14 3.05968e-14
0.00436069 0.00489071 0.00505119 0.00495094 0.00467786 0.00430024 0.00386917 0.00342143 0.00298227 0.00256799 0.00218821 0.00184764 0.00154757 0.00128697 0.0010634 0.00087357 0.00071385 0.000580522 0.000470006 0.000378976 0.00030442 0.000243671 0.000194405 0.000154624 0.00012263 9.69922e-05 7.6519e-05 6.02219e-05 4.72878e-05 3.70515e-05 2.89714e-05 2.26093e-05 1.76115e-05 1.36941e-05 1.06301e-05 8.23829e-06 6.37475e-06 4.92543e-06 3.80019e-06 2.928e-06 2.25303e-06 1.73145e-06 1.329e-06 1.01889e-06 7.80261e-07 5.96864e-07 4.5609e-07 3.48163e-07 2.65512e-07 2.02288e-07 1.53976e-07 1.17097e-07 8.8973e-08 6.75467e-08 5.12382e-08 3.88362e-08 2.94133e-08 2.22599e-08 1.68338e-08 1.27214e-08 9.60692e-09 7.25004e-09 5.46777e-09 4.12099e-09 3.10399e-09 2.33655e-09 1.75781e-09 1.32164e-09 9.93141e-10 7.45876e-10 5.59871e-10 4.20028e-10 3.14952e-10 2.36043e-10 1.76817e-10 1.32387e-10 9.90741e-11 7.41095e-11 5.54104e-11 4.14109e-11 3.09349e-11 2.30993e-11 1.72411e-11 1.28634e-11 9.59333e-12 7.15176e-12 5.32952e-12 3.97007e-12 2.95629e-12 2.20058e-12 1.63746e-12 1.21801e-12 9.05694e-13 6.73231e-13 5.00267e-13 3.71618e-13 2.75963e-13 2.04865e-13 1.52037e-13 1.12797e-13 8.36599e-14
0.00311478 0.00374707 0.00407375 0.00416295 0.00407692 0.00386917 0.00358358 0.00325462 0.00290835 0.00256361 0.00223337 0.00192588 0.00164586 0.00139534 0.0011745 0.000982224 0.000816606 0.000675271 0.000555646 0.000455132 0.000371231 0.000301611 0.000244152 0.000196964 0.000158387 0.000126982 0.000101515 8.09382e-05 6.43682e-05 5.10674e-05 4.04224e-05 3.19268e-05 2.51646e-05 1.97954e-05 1.55424e-05 1.21812e-05 9.53031e-06 7.44399e-06 5.80514e-06 4.52018e-06 3.51448e-06 2.72867e-06 2.11568e-06 1.63824e-06 1.26694e-06 9.78588e-07 7.54974e-07 5.81791e-07 4.47838e-07 3.44358e-07 2.64514e-07 2.02978e-07 1.55606e-07 1.19177e-07 9.11922e-08 6.97165e-08 5.32521e-08 4.06416e-08 3.09919e-08 2.36145e-08 1.79792e-08 1.36783e-08 1.03986e-08 7.89955e-09 5.99689e-09 4.54938e-09 3.44895e-09 2.613e-09 1.9784e-09 1.49699e-09 1.13203e-09 8.55538e-10 6.46201e-10 4.87808e-10 3.68035e-10 2.77519e-10 2.09153e-10 1.57546e-10 1.18613e-10 8.92557e-11 6.71317e-11 5.04674e-11 3.79218e-11 2.84817e-11 2.13819e-11 1.60448e-11 1.20346e-11 9.02282e-12 6.76194e-12 5.06548e-12 3.7931e-12 2.83919e-12 2.12435e-12 1.58888e-12 1.18793e-12 8.87829e-13 6.633e-13 4.95376e-13 3.69834e-13 2.76012e-13 2.05921e-13
0.00222484 0.0028577 0.00325727 0.00345872 0.00350084 0.00342143 0.00325462 0.00302959 0.00277022 0.00249524 0.00221876 0.00195092 0.00169858 0.00146598 0.00125532 0.00106735 0.000901693 0.000757277 0.000632563 0.00052576 0.000434977 0.000358329 0.000294008 0.000240332 0.000195767 0.00015894 0.000128641 0.000103812 8.35425e-05 6.70539e-05 5.36851e-05 4.28795e-05 3.41712e-05 2.71726e-05 2.15627e-05 1.70772e-05 1.34992e-05 1.06515e-05 8.38987e-06 6.5974e-06 5.17954e-06 4.06009e-06 3.17784e-06 2.48372e-06 1.93851e-06 1.51096e-06 1.17618e-06 9.14425e-07 7.10062e-07 5.50723e-07 4.26654e-07 3.3017e-07 2.55232e-07 1.97097e-07 1.5205e-07 1.17184e-07 9.02263e-08 6.94058e-08 5.33417e-08 4.09596e-08 3.14248e-08 2.40895e-08 1.84514e-08 1.41217e-08 1.07996e-08 8.25284e-09 6.30199e-09 4.80884e-09 3.66689e-09 2.7942e-09 2.12777e-09 1.61923e-09 1.23144e-09 9.35938e-10 7.10908e-10 5.39658e-10 4.0942e-10 3.10434e-10 2.35247e-10 1.78172e-10 1.34871e-10 1.02039e-10 7.71598e-11 5.83167e-11 4.40531e-11 3.32619e-11 2.5102e-11 1.8935e-11 1.42764e-11 1.07591e-11 8.10468e-12 6.10248e-12 4.59292e-12 3.45531e-12 2.59839e-12 1.95318e-12 1.4676e-12 1.1023e-12 8.27599e-13 6.2112e-13 4.6598e-13
0.00158917 0.00217065 0.00258534 0.00284482 0.00296919 0.00298227 0.00290835 0.00277022 0.00258801 0.00237868 0.00215598 0.00193057 0.00171039 0.00150103 0.00130617 0.00112793 0.000967264 0.000824228 0.000698257 0.000588364 0.000493302 0.000411687 0.000342095 0.00028312 0.000233426 0.00019177 0.00015702 0.00012816 0.000104291 8.46256e-05 6.84834e-05 5.52779e-05 4.45097e-05 3.57554e-05 2.86588e-05 2.29217e-05 1.82956e-05 1.45745e-05 1.15884e-05 9.19745e-06 7.28709e-06 5.76385e-06 4.55166e-06 3.58881e-06 2.82539e-06 2.22114e-06 1.74366e-06 1.36697e-06 1.07025e-06 8.36876e-07 6.53581e-07 5.09822e-07 3.97222e-07 3.09143e-07 2.40331e-07 1.86637e-07 1.4479e-07 1.12212e-07 8.68797e-08 6.7202e-08 5.1933e-08 4.0097e-08 3.09313e-08 2.38402e-08 1.83594e-08 1.4127e-08 1.08617e-08 8.34458e-09 6.40591e-09 4.91398e-09 3.76678e-09 2.88535e-09 2.20863e-09 1.68948e-09 1.2915e-09 9.86619e-10 7.53232e-10 5.74694e-10 4.38205e-10 3.33932e-10 2.54321e-10 1.93578e-10 1.4726e-10 1.11962e-10 8.50792e-11 6.46163e-11 4.90493e-11 3.72135e-11 2.82194e-11 2.13885e-11 1.62032e-11 1.22691e-11 9.28584e-12 7.02471e-12 5.31176e-12 4.01471e-12 3.03305e-12 2.29043e-12 1.7289e-12 1.30449e-12 9.83859e-13
0.00113512 0.00164292 0.002039 0.00231981 0.00249193 0.00256799 0.00256361 0.00249524 0.00237868 0.00222827 0.00205639 0.00187327 0.00168709 0.00150409 0.00132883 0.00116441 0.00101277 0.000874915 0.000751123 0.000641148 0.000544366 0.000459911 0.000386768 0.000323857 0.000270082 0.00022438 0.000185744 0.00015324 0.000126019 0.000103319 8.44629e-05 6.88587e-05 5.59905e-05 4.54133e-05 3.67464e-05 2.96656e-05 2.38968e-05 1.92095e-05 1.54105e-05 1.23388e-05 9.86104e-06 7.8667e-06 6.26486e-06 4.98087e-06 3.95367e-06 3.13343e-06 2.47963e-06 1.9594e-06 1.54613e-06 1.21837e-06 9.58817e-07 7.53593e-07 5.91559e-07 4.63804e-07 3.63214e-07 2.84115e-07 2.21996e-07 1.73272e-07 1.351e-07 1.0523e-07 8.18821e-08 6.36529e-08 4.94353e-08 3.8358e-08 2.97361e-08 2.30319e-08 1.78239e-08 1.3782e-08 1.0648e-08 8.22009e-09 6.34081e-09 4.88743e-09 3.76437e-09 2.89725e-09 2.22828e-09 1.71257e-09 1.31531e-09 1.00952e-09 7.74316e-10 5.93526e-10 4.5466e-10 3.48068e-10 2.66304e-10 2.03625e-10 1.55608e-10 1.18845e-10 9.07163e-11 6.92069e-11 5.27688e-11 4.02137e-11 3.06296e-11 2.33177e-11 1.77423e-11 1.34933e-11 1.02569e-11 7.79293e-12 5.91809e-12 4.49222e-12 3.40833e-12 2.58479e-12 1.95938e-12
0.000810803 0.00123956 0.00159919 0.0018776 0.00207248 0.00218821 0.00223337 0.00221876 0.00215598 0.00205639 0.00193046 0.00178741 0.00163503 0.00147962 0.00132615 0.00117831 0.00103871 0.000909081 0.000790378 0.000682992 0.00058687 0.000501634 0.000426682 0.000361271 0.000304575 0.000255742 0.000213922 0.000178298 0.000148101 0.000122622 0.000101215 8.33019e-05 6.83687e-05 5.59638e-05 4.56937e-05 3.72178e-05 3.02437e-05 2.45218e-05 1.98399e-05 1.60189e-05 1.29082e-05 1.03818e-05 8.33452e-06 6.67913e-06 5.34338e-06 4.26771e-06 3.40314e-06 2.70953e-06 2.15406e-06 1.70999e-06 1.35556e-06 1.07313e-06 8.48421e-07 6.69905e-07 5.28291e-07 4.16109e-07 3.27362e-07 2.57248e-07 2.01925e-07 1.58328e-07 1.24012e-07 9.70339e-08 7.58482e-08 5.92299e-08 4.62084e-08 3.60159e-08 2.80461e-08 2.18204e-08 1.69619e-08 1.3174e-08 1.02234e-08 7.92728e-09 6.14194e-09 4.75498e-09 3.67841e-09 2.84346e-09 2.19643e-09 1.69542e-09 1.30776e-09 1.00806e-09 7.76509e-10 5.97752e-10 4.59847e-10 3.53533e-10 2.71628e-10 2.08571e-10 1.60056e-10 1.22753e-10 9.40897e-11 7.20781e-11 5.51852e-11 4.22281e-11 3.22959e-11 2.46866e-11 1.88603e-11 1.44017e-11 1.09915e-11 8.3847e-12 6.393e-12 4.87206e-12 3.71121e-12
0.000579145 0.000932571 0.00124809 0.00150976 0.00171003 0.00184764 0.00192588 0.00195092 0.00193057 0.00187327 0.00178741 0.00168083 0.00156052 0.00143246 0.00130161 0.00117192 0.0010464 0.000927247 0.000815948 0.000713401 0.000620036 0.000535914 0.000460818 0.000394335 0.000335919 0.000284939 0.000240728 0.000202606 0.00016991 0.000142006 0.000118301 9.82507e-05 8.13594e-05 6.71837e-05 5.53297e-05 4.54507e-05 3.72441e-05 3.04476e-05 2.48352e-05 2.02134e-05 1.64173e-05 1.33074e-05 1.07657e-05 8.69319e-06 7.00699e-06 5.63802e-06 4.52887e-06 3.63198e-06 2.90812e-06 2.32496e-06 1.85598e-06 1.47948e-06 1.1777e-06 9.36214e-07 7.43262e-07 5.89321e-07 4.66683e-07 3.69118e-07 2.91606e-07 2.30106e-07 1.81374e-07 1.42806e-07 1.1232e-07 8.82503e-08 6.92685e-08 5.43159e-08 4.25499e-08 3.33012e-08 2.60389e-08 2.0342e-08 1.58775e-08 1.23822e-08 9.64819e-09 7.51167e-09 5.84355e-09 4.54228e-09 3.52805e-09 2.73821e-09 2.12361e-09 1.64576e-09 1.27453e-09 9.86342e-10 7.62794e-10 5.89514e-10 4.55296e-10 3.51408e-10 2.71052e-10 2.08941e-10 1.60963e-10 1.23927e-10 9.53562e-11 7.33295e-11 5.63585e-11 4.32909e-11 3.32347e-11 2.55007e-11 1.9556e-11 1.49892e-11 1.14829e-11 8.79232e-12 6.7288e-12
0.000413675 0.000699817 0.000969815 0.00120696 0.00140111 0.00154757 0.00164586 0.00169858 0.00171039 0.00168709 0.00163503 0.00156052 0.00146953 0.00136746 0.00125897 0.00114799 0.00103768 0.000930525 0.000828343 0.000732417 0.000643564 0.000562212 0.00048849 0.000422288 0.000363327 0.000311204 0.000265438 0.000225502 0.000190854 0.000160954 0.000135278 0.000113331 9.46529e-05 7.88211e-05 6.54533e-05 5.42068e-05 4.47773e-05 3.68968e-05 3.03312e-05 2.48772e-05 2.03591e-05 1.66265e-05 1.35506e-05 1.10221e-05 8.94836e-06 7.25151e-06 5.86603e-06 4.73714e-06 3.81915e-06 3.07411e-06 2.47056e-06 1.98251e-06 1.58853e-06 1.27104e-06 1.01559e-06 8.10396e-07 6.45812e-07 5.13998e-07 4.08581e-07 3.24392e-07 2.57248e-07 2.03767e-07 1.61225e-07 1.27425e-07 1.00604e-07 7.93462e-08 6.25165e-08 4.92077e-08 3.86946e-08 3.03988e-08 2.38594e-08 1.87098e-08 1.46587e-08 1.14748e-08 8.97476e-09 7.0136e-09 5.47653e-09 4.2729e-09 3.3312e-09 2.59505e-09 2.02006e-09 1.57131e-09 1.22137e-09 9.48687e-10 7.3637e-10 5.7118e-10 4.42749e-10 3.4297e-10 2.65506e-10 2.05407e-10 1.58813e-10 1.22713e-10 9.47614e-11 7.31333e-11 5.64087e-11 4.34838e-11 3.35015e-11 2.57964e-11 1.98526e-11 1.52701e-11 1.17392e-11
0.000295482 0.000523937 0.000750631 0.000959901 0.00114086 0.00128697 0.00139534 0.00146598 0.00150103 0.00150409 0.00147962 0.00143246 0.00136746 0.00128925 0.00120203 0.0011095 0.00101478 0.000920448 0.000828516 0.000740522 0.000657562 0.000580361 0.000509331 0.000444633 0.00038623 0.000333935 0.000287451 0.000246411 0.0002104 0.000178982 0.000151716 0.000128171 0.000107931 9.06092e-05 7.58441e-05 6.3307e-05 5.27003e-05 4.37575e-05 3.62423e-05 2.99463e-05 2.46874e-05 2.03071e-05 1.66685e-05 1.36537e-05 1.11621e-05 9.10772e-06 7.41768e-06 6.03042e-06 4.89411e-06 3.96524e-06 3.20742e-06 2.59034e-06 2.08877e-06 1.68181e-06 1.35218e-06 1.08562e-06 8.70419e-07 6.96946e-07 5.57323e-07 4.45108e-07 3.55049e-07 2.82873e-07 2.25105e-07 1.78929e-07 1.42068e-07 1.12677e-07 8.9272e-08 7.0655e-08 5.58638e-08 4.41252e-08 3.48195e-08 2.74502e-08 2.16205e-08 1.70134e-08 1.33761e-08 1.05072e-08 8.24666e-09 6.46702e-09 5.06728e-09 3.96731e-09 3.10367e-09 2.42615e-09 1.8951e-09 1.47919e-09 1.15371e-09 8.99209e-10 7.00354e-10 5.45099e-10 4.23972e-10 3.29542e-10 2.55976e-10 1.98705e-10 1.54149e-10 1.1951e-10 9.25984e-11 7.17035e-11 5.54906e-11 4.29187e-11 3.3176e-11 2.56305e-11 1.97902e-11
0.000211059 0.000391432 0.000578927 0.00075986 0.00092376 0.0010634 0.0011745 0.00125532 0.00130617 0.00132883 0.00132615 0.00130161 0.00125897 0.00120203 0.00113441 0.00105945 0.000980075 0.000898809 0.000817739 0.000738534 0.000662478 0.000590508 0.000523262 0.000461124 0.000404268 0.000352702 0.000306306 0.000264863 0.00022809 0.000195659 0.000167221 0.000142415 0.000120882 0.000102278 8.62725e-05 7.25591e-05 6.08547e-05 5.09012e-05 4.24659e-05 3.53406e-05 2.93407e-05 2.43034e-05 2.00863e-05 1.65655e-05 1.36336e-05 1.11983e-05 9.18019e-06 7.51175e-06 6.13543e-06 5.00251e-06 4.07185e-06 3.30888e-06 2.68456e-06 2.17466e-06 1.75895e-06 1.42062e-06 1.14573e-06 9.22747e-07 7.42156e-07 5.96122e-07 4.78209e-07 3.83139e-07 3.06594e-07 2.4505e-07 1.95632e-07 1.56003e-07 1.24263e-07 9.88744e-08 7.85895e-08 6.24016e-08 4.94979e-08 3.92237e-08 3.1052e-08 2.45594e-08 1.94063e-08 1.53205e-08 1.20842e-08 9.52316e-09 7.49849e-09 5.89932e-09 4.63739e-09 3.64245e-09 2.85872e-09 2.24187e-09 1.75679e-09 1.37563e-09 1.07639e-09 8.41625e-10 6.57601e-10 5.13456e-10 4.00633e-10 3.12391e-10 2.43424e-10 1.89559e-10 1.4752e-10 1.14731e-10 8.91754e-11 6.92698e-11 5.37753e-11 4.17221e-11 3.23517e-11
0.000150756 0.000291873 0.000445064 0.00059897 0.00074419 0.00087357 0.000982224 0.00106735 0.00112793 0.00116441 0.00117831 0.00117192 0.00114799 0.0011095 0.00105945 0.00100072 0.000935954 0.000867527 0.000797478 0.000727514 0.000659016 0.000593061 0.00053045 0.000471739 0.00041728 0.000367248 0.00032168 0.000280502 0.000243555 0.000210623 0.000181446 0.000155741 0.000133213 0.000113566 9.65097e-05 8.17662e-05 6.90736e-05 5.81884e-05 4.88874e-05 4.09672e-05 3.42451e-05 2.85577e-05 2.376e-05 1.97244e-05 1.63392e-05 1.35069e-05 1.11431e-05 9.17526e-06 7.54071e-06 6.18608e-06 5.06584e-06 4.14136e-06 3.37997e-06 2.75411e-06 2.24061e-06 1.82008e-06 1.47628e-06 1.19569e-06 9.67073e-07 7.81096e-07 6.30041e-07 5.07538e-07 4.08335e-07 3.28116e-07 2.63337e-07 2.11098e-07 1.69027e-07 1.35188e-07 1.08005e-07 8.61943e-08 6.8716e-08 5.47255e-08 4.35396e-08 3.46059e-08 2.74787e-08 2.17987e-08 1.72768e-08 1.36805e-08 1.08232e-08 8.55513e-09 6.75659e-09 5.33168e-09 4.2038e-09 3.31184e-09 2.60707e-09 2.05068e-09 1.6118e-09 1.26589e-09 9.93488e-10 7.79137e-10 6.10599e-10 4.78182e-10 3.74225e-10 2.9267e-10 2.28735e-10 1.78651e-10 1.39443e-10 1.08771e-10 8.4793e-11 6.60602e-11 5.14348e-11
0.000107683 0.000217252 0.000341149 0.000470334 0.000596768 0.00071385 0.000816606 0.000901693 0.000967264 0.00101277 0.00103871 0.0010464 0.00103768 0.00101478 0.000980075 0.000935954 0.000884729 0.000828538 0.000769297 0.000708671 0.000648065 0.000588627 0.000531263 0.000476654 0.000425287 0.000377476 0.000333392 0.000293088 0.000256523 0.000223583 0.000194099 0.000167868 0.000144659 0.000124231 0.000106337 9.0735e-05 7.71887e-05 6.5475e-05 5.53848e-05 4.67246e-05 3.93173e-05 3.30025e-05 2.76359e-05 2.30887e-05 1.92468e-05 1.60098e-05 1.32895e-05 1.10093e-05 9.10258e-06 7.51188e-06 6.18783e-06 5.08811e-06 4.17663e-06 3.4227e-06 2.8003e-06 2.28746e-06 1.86566e-06 1.51937e-06 1.23555e-06 1.00332e-06 8.13612e-07 6.58885e-07 5.3288e-07 4.3042e-07 3.47224e-07 2.79767e-07 2.25146e-07 1.80977e-07 1.45307e-07 1.16537e-07 9.33619e-08 7.47154e-08 5.97306e-08 4.77023e-08 3.8058e-08 3.03338e-08 2.4154e-08 1.92151e-08 1.5272e-08 1.2127e-08 9.62118e-09 7.62647e-09 6.04015e-09 4.77977e-09 3.77928e-09 2.9858e-09 2.35704e-09 1.85924e-09 1.46545e-09 1.15419e-09 9.08377e-10 7.14394e-10 5.61435e-10 4.40916e-10 3.46029e-10 2.71377e-10 2.12689e-10 1.66582e-10 1.30387e-10 1.01991e-10 7.97288e-11
7.69164e-05 0.000161445 0.000260792 0.000368026 0.000476536 0.000580522 0.000675271 0.000757277 0.000824228 0.000874915 0.000909081 0.000927247 0.000930525 0.000920448 0.000898809 0.000867527 0.000828538 0.000783706 0.000734769 0.000683287 0.00063063 0.000577957 0.000526226 0.000476199 0.000428459 0.000383428 0.000341386 0.000302495 0.000266815 0.00023433 0.000204956 0.000178565 0.000154994 0.000134057 0.000115555 9.92828e-05 8.50367e-05 7.26172e-05 6.18337e-05 5.25064e-05 4.44677e-05 3.75635e-05 3.1653e-05 2.66091e-05 2.23176e-05 1.86767e-05 1.55962e-05 1.29967e-05 1.08088e-05 8.97158e-06 7.4326e-06 6.14632e-06 5.07358e-06 4.18083e-06 3.43938e-06 2.8248e-06 2.31634e-06 1.89647e-06 1.55036e-06 1.26556e-06 1.0316e-06 8.39716e-07 6.82594e-07 5.54135e-07 4.49268e-07 3.63785e-07 2.94203e-07 2.37643e-07 1.9173e-07 1.54509e-07 1.24373e-07 1.00004e-07 8.03229e-08 6.44469e-08 5.16552e-08 4.13604e-08 3.30844e-08 2.64386e-08 2.11076e-08 1.68357e-08 1.34161e-08 1.06814e-08 8.49659e-09 6.75282e-09 5.36236e-09 4.25464e-09 3.37298e-09 2.67186e-09 2.1148e-09 1.67258e-09 1.32181e-09 1.04383e-09 8.23691e-10 6.49509e-10 5.11793e-10 4.02994e-10 3.17104e-10 2.4935e-10 1.95941e-10 1.53871e-10 1.20754e-10
5.49403e-05 0.000119793 0.000198869 0.000287041 0.000379055 0.000470006 0.000555646 0.000632563 0.000698257 0.000751123 0.000790378 0.000815948 0.000828343 0.000828516 0.000817739 0.000797478 0.000769297 0.000734769 0.000695415 0.000652654 0.000607769 0.000561887 0.000515973 0.000470827 0.000427094 0.00038527 0.000345721 0.000308697 0.000274345 0.000242732 0.000213855 0.000187655 0.000164033 0.000142861 0.000123985 0.000107244 9.24649e-05 7.94771e-05 6.81116e-05 5.82053e-05 4.96037e-05 4.21618e-05 3.57453e-05 3.02309e-05 2.55067e-05 2.14715e-05 1.80346e-05 1.51154e-05 1.26424e-05 1.05527e-05 8.79129e-06 7.31e-06 6.06714e-06 5.0266e-06 4.15729e-06 3.43252e-06 2.82945e-06 2.32862e-06 1.91345e-06 1.56992e-06 1.28616e-06 1.05218e-06 8.59551e-07 7.01226e-07 5.71299e-07 4.64837e-07 3.77732e-07 3.06567e-07 2.48506e-07 2.01201e-07 1.62711e-07 1.31434e-07 1.06051e-07 8.54761e-08 6.88193e-08 5.53504e-08 4.44718e-08 3.56953e-08 2.86226e-08 2.29291e-08 1.83507e-08 1.46728e-08 1.17213e-08 9.35515e-09 7.46007e-09 5.94373e-09 4.73159e-09 3.76351e-09 2.99105e-09 2.37522e-09 1.88469e-09 1.49431e-09 1.18388e-09 9.37234e-10 7.41426e-10 5.861e-10 4.62983e-10 3.6547e-10 2.88296e-10 2.27263e-10 1.79031e-10
3.92431e-05 8.87627e-05 0.000151302 0.000223208 0.000300439 0.000378976 0.000455132 0.00052576 0.000588364 0.000641148 0.000682992 0.000713401 0.000732417 0.000740522 0.000738534 0.000727514 0.000708671 0.000683287 0.000652654 0.000618019 0.000580547 0.000541298 0.000501207 0.000461078 0.000421583 0.000383267 0.000346555 0.000311762 0.00027911 0.000248733 0.000220699 0.000195014 0.000171638 0.000150495 0.000131481 0.000114473 9.93361e-05 8.59273e-05 7.41022e-05 6.37173e-05 5.46334e-05 4.67173e-05 3.98437e-05 3.38956e-05 2.87651e-05 2.43536e-05 2.05717e-05 1.73387e-05 1.45825e-05 1.22391e-05 1.02516e-05 8.57013e-06 7.15089e-06 5.95571e-06 4.95143e-06 4.10934e-06 3.4047e-06 2.81624e-06 2.32576e-06 1.9177e-06 1.57883e-06 1.29792e-06 1.06544e-06 8.73366e-07 7.14932e-07 5.84451e-07 4.77156e-07 3.89058e-07 3.16827e-07 2.57689e-07 2.09338e-07 1.69859e-07 1.37667e-07 1.11451e-07 9.0127e-08 7.28044e-08 5.8749e-08 4.73579e-08 3.81367e-08 3.06803e-08 2.46576e-08 1.97982e-08 1.58815e-08 1.27278e-08 1.01912e-08 8.15281e-09 6.51643e-09 5.20402e-09 4.15242e-09 3.31057e-09 2.63725e-09 2.09918e-09 1.66958e-09 1.32687e-09 1.0537e-09 8.36144e-10 6.63016e-10 5.25354e-10 4.15977e-10 3.2914e-10 2.60251e-10
2.80308e-05 6.56851e-05 0.000114868 0.000173091 0.00023734 0.00030442 0.000371231 0.000434977 0.000493302 0.000544366 0.00058687 0.000620036 0.000643564 0.000657562 0.000662478 0.000659016 0.000648065 0.00063063 0.000607769 0.000580547 0.000549993 0.000517072 0.000482662 0.000447543 0.000412386 0.000377758 0.00034412 0.000311836 0.00028118 0.000252345 0.000225455 0.000200574 0.000177714 0.000156851 0.000137924 0.000120851 0.000105532 9.18542e-05 7.96991e-05 6.89443e-05 5.9468e-05 5.1151e-05 4.38789e-05 3.75429e-05 3.20412e-05 2.72795e-05 2.3171e-05 1.96366e-05 1.66047e-05 1.40111e-05 1.17981e-05 9.91477e-06 8.31585e-06 6.96159e-06 5.81718e-06 4.8522e-06 4.04026e-06 3.3585e-06 2.78718e-06 2.30933e-06 1.91041e-06 1.57799e-06 1.30147e-06 1.07185e-06 8.81492e-07 7.23936e-07 5.93737e-07 4.8631e-07 3.97806e-07 3.24997e-07 2.65186e-07 2.16121e-07 1.75925e-07 1.4304e-07 1.16169e-07 9.42416e-08 7.63696e-08 6.18208e-08 4.99913e-08 4.03838e-08 3.25899e-08 2.62743e-08 2.1162e-08 1.70282e-08 1.36891e-08 1.09947e-08 8.82269e-09 7.0735e-09 5.66617e-09 4.53496e-09 3.62655e-09 2.89771e-09 2.31347e-09 1.84555e-09 1.47112e-09 1.17174e-09 9.32586e-10 7.41686e-10 5.8943e-10 4.6809e-10 3.71464e-10
2.0022e-05 4.85487e-05 8.70351e-05 0.000133881 0.000186917 0.000243671 0.000301611 0.000358329 0.000411687 0.000459911 0.000501634 0.000535914 0.000562212 0.000580361 0.000590508 0.000593061 0.000588627 0.000577957 0.000561887 0.000541298 0.000517072 0.000490064 0.000461076 0.000430838 0.000400002 0.000369135 0.000338712 0.000309126 0.00028069 0.000253639 0.000228144 0.000204316 0.000182215 0.000161858 0.00014323 0.000126284 0.000110955 9.7161e-05 8.48083e-05 7.37973e-05 6.4025e-05 5.53876e-05 4.77831e-05 4.11128e-05 3.52826e-05 3.02038e-05 2.57938e-05 2.19764e-05 1.86818e-05 1.58463e-05 1.34127e-05 1.13294e-05 9.55061e-06 8.03547e-06 6.74794e-06 5.65631e-06 4.73281e-06 3.95321e-06 3.29644e-06 2.74425e-06 2.28088e-06 1.89279e-06 1.56832e-06 1.29754e-06 1.07195e-06 8.8432e-07 7.28518e-07 5.99351e-07 4.92431e-07 4.04059e-07 3.31126e-07 2.7102e-07 2.21555e-07 1.80902e-07 1.47536e-07 1.20187e-07 9.77983e-08 7.94927e-08 6.4544e-08 5.23512e-08 4.24178e-08 3.43343e-08 2.77636e-08 2.24284e-08 1.81011e-08 1.45949e-08 1.1757e-08 9.46226e-09 7.60863e-09 6.11275e-09 4.90673e-09 3.93531e-09 3.15358e-09 2.52506e-09 2.02018e-09 1.61497e-09 1.29002e-09 1.02967e-09 8.21239e-10 6.54512e-10 5.21252e-10
1.43014e-05 3.58425e-05 6.58245e-05 0.000103305 0.000146784 0.000194405 0.000244152 0.000294008 0.000342095 0.000386768 0.000426682 0.000460818 0.00048849 0.000509331 0.000523262 0.00053045 0.000531263 0.000526226 0.000515973 0.000501207 0.000482662 0.000461076 0.000437159 0.00041158 0.000384953 0.000357823 0.000330667 0.000303889 0.000277824 0.000252738 0.000228836 0.000206268 0.000185132 0.000165484 0.000147346 0.000130707 0.000115532 0.000101769 8.93506e-05 7.81988e-05 6.82303e-05 5.93576e-05 5.14926e-05 4.45476e-05 3.84375e-05 3.30809e-05 2.84006e-05 2.43241e-05 2.07846e-05 1.77203e-05 1.50749e-05 1.27974e-05 1.08417e-05 9.16658e-06 7.73529e-06 6.51519e-06 5.4775e-06 4.59687e-06 3.85113e-06 3.22092e-06 2.68939e-06 2.24197e-06 1.86605e-06 1.55079e-06 1.28687e-06 1.0663e-06 8.82278e-07 7.28999e-07 6.01528e-07 4.95686e-07 4.07936e-07 3.35291e-07 2.7524e-07 2.25667e-07 1.84802e-07 1.51159e-07 1.23499e-07 1.00787e-07 8.21611e-08 6.69047e-08 5.44235e-08 4.42245e-08 3.59002e-08 2.91134e-08 2.35865e-08 1.90903e-08 1.54365e-08 1.24704e-08 1.0065e-08 8.11624e-09 6.53901e-09 5.2637e-09 4.23348e-09 3.40204e-09 2.73162e-09 2.19154e-09 1.75682e-09 1.40723e-09 1.12633e-09 9.00809e-10 7.19903e-10
1.02153e-05 2.64339e-05 4.96971e-05 7.95328e-05 0.000114958 0.000154624 0.000196964 0.000240332 0.00028312 0.000323857 0.000361271 0.000394335 0.000422288 0.000444633 0.000461124 0.000471739 0.000476654 0.000476199 0.000470827 0.000461078 0.000447543 0.000430838 0.00041158 0.000390365 0.000367754 0.000344261 0.000320347 0.000296414 0.000272804 0.000249804 0.000227642 0.000206496 0.000186496 0.000167731 0.000150252 0.000134081 0.000119212 0.000105621 9.3263e-05 8.20841e-05 7.20196e-05 6.29992e-05 5.49487e-05 4.77929e-05 4.14566e-05 3.58664e-05 3.09516e-05 2.66449e-05 2.28831e-05 1.96073e-05 1.6763e-05 1.43003e-05 1.21739e-05 1.03425e-05 8.76916e-06 7.42086e-06 6.26809e-06 5.28473e-06 4.44771e-06 3.73679e-06 3.13419e-06 2.62445e-06 2.19408e-06 1.8314e-06 1.52634e-06 1.27019e-06 1.05548e-06 8.7582e-07 7.25724e-07 6.0053e-07 4.9627e-07 4.09576e-07 3.37594e-07 2.77915e-07 2.28505e-07 1.87654e-07 1.53924e-07 1.26112e-07 1.03208e-07 8.43705e-08 6.8896e-08 5.61997e-08 4.5795e-08 3.72783e-08 3.03149e-08 2.46277e-08 1.9988e-08 1.62069e-08 1.31287e-08 1.06254e-08 8.59152e-09 6.9408e-09 5.60231e-09 4.51804e-09 3.64053e-09 2.931e-09 2.35782e-09 1.89519e-09 1.52213e-09 1.22154e-09 9.79558e-10
7.29664e-06 1.94757e-05 3.74604e-05 6.11023e-05 8.98068e-05 0.00012263 0.000158387 0.000195767 0.000233426 0.000270082 0.000304575 0.000335919 0.000363327 0.00038623 0.000404268 0.00041728 0.000425287 0.000428459 0.000427094 0.000421583 0.000412386 0.000400002 0.000384953 0.000367754 0.000348909 0.000328888 0.000308125 0.000287008 0.00026588 0.000245032 0.000224707 0.000205102 0.000186372 0.00016863 0.000151954 0.000136393 0.000121968 0.000108676 9.64992e-05 8.54023e-05 7.53403e-05 6.62593e-05 5.81e-05 5.07996e-05 4.42937e-05 3.85178e-05 3.34085e-05 2.89045e-05 2.4947e-05 2.14808e-05 1.8454e-05 1.58187e-05 1.35306e-05 1.15493e-05 9.83813e-06 8.36398e-06 7.09707e-06 6.01081e-06 5.08155e-06 4.28834e-06 3.61269e-06 3.03837e-06 2.55114e-06 2.13862e-06 1.78999e-06 1.4959e-06 1.24826e-06 1.04009e-06 8.65407e-07 7.19053e-07 5.96634e-07 4.94395e-07 4.0914e-07 3.38152e-07 2.79131e-07 2.30128e-07 1.89499e-07 1.55859e-07 1.28042e-07 1.05071e-07 8.61245e-08 7.05174e-08 5.76767e-08 4.71246e-08 3.84632e-08 3.13619e-08 2.55462e-08 2.07886e-08 1.69007e-08 1.3727e-08 1.11389e-08 9.03047e-09 7.31457e-09 5.91949e-09 4.78632e-09 3.86676e-09 3.12125e-09 2.51738e-09 2.02869e-09 1.63355e-09 1.31434e-09
5.21189e-06 1.43357e-05 2.81937e-05 4.68499e-05 6.99922e-05 9.69922e-05 0.000126982 0.00015894 0.00019177 0.00022438 0.000255742 0.000284939 0.000311204 0.000333935 0.000352702 0.000367248 0.000377476 0.000383428 0.00038527 0.000383267 0.000377758 0.000369135 0.000357823 0.000344261 0.000328888 0.000312124 0.00029437 0.00027599 0.000257315 0.000238635 0.000220198 0.000202213 0.000184849 0.00016824 0.000152486 0.000137655 0.000123792 0.000110916 9.90296e-05 8.81171e-05 7.81513e-05 6.90948e-05 6.09026e-05 5.35247e-05 4.69077e-05 4.09964e-05 3.57354e-05 3.10698e-05 2.69465e-05 2.33143e-05 2.01246e-05 1.73321e-05 1.48944e-05 1.27722e-05 1.09297e-05 9.3341e-06 7.95582e-06 6.76812e-06 5.74702e-06 4.87113e-06 4.12144e-06 3.48112e-06 2.93535e-06 2.47108e-06 2.07691e-06 1.74289e-06 1.46035e-06 1.22179e-06 1.02071e-06 8.51501e-07 7.09353e-07 5.90127e-07 4.90283e-07 4.06799e-07 3.37097e-07 2.78986e-07 2.30609e-07 1.9039e-07 1.57e-07 1.29315e-07 1.06391e-07 8.74327e-08 7.1774e-08 5.88563e-08 4.82124e-08 3.94525e-08 3.22513e-08 2.63381e-08 2.14879e-08 1.7514e-08 1.42614e-08 1.1602e-08 9.42985e-09 7.65745e-09 6.21265e-09 5.03605e-09 4.07877e-09 3.30066e-09 2.66876e-09 2.15606e-09 1.74046e-09
3.72278e-06 1.0543e-05 2.1189e-05 3.5855e-05 5.44278e-05 7.6519e-05 0.000101515 0.000128641 0.00015702 0.000185744 0.000213922 0.000240728 0.000265438 0.000287451 0.000306306 0.00032168 0.000333392 0.000341386 0.000345721 0.000346555 0.00034412 0.000338712 0.000330667 0.000320347 0.000308125 0.00029437 0.00027944 0.000263674 0.000247381 0.000230842 0.000214302 0.000197976 0.000182042 0.000166645 0.000151902 0.000137899 0.000124699 0.000112339 0.000100841 9.02063e-05 8.04244e-05 7.14731e-05 6.33216e-05 5.59322e-05 4.92625e-05 4.32673e-05 3.78991e-05 3.31103e-05 2.88534e-05 2.50821e-05 2.17519e-05 1.88204e-05 1.62474e-05 1.39957e-05 1.20305e-05 1.03199e-05 8.83487e-06 7.54877e-06 6.43764e-06 5.4799e-06 4.65623e-06 3.9494e-06 3.34413e-06 2.82687e-06 2.38571e-06 2.01019e-06 1.69113e-06 1.42054e-06 1.19147e-06 9.97881e-07 8.34553e-07 6.96984e-07 5.81296e-07 4.84162e-07 4.02731e-07 3.34565e-07 2.77587e-07 2.30029e-07 1.90388e-07 1.57392e-07 1.29962e-07 1.07191e-07 8.83104e-08 7.26755e-08 5.9744e-08 4.90615e-08 4.02471e-08 3.29825e-08 2.7002e-08 2.2084e-08 1.80443e-08 1.47294e-08 1.20122e-08 9.78725e-09 7.96715e-09 6.47973e-09 5.26537e-09 4.27489e-09 3.46777e-09 2.81068e-09 2.27622e-09
2.65913e-06 7.74731e-06 1.59031e-05 2.73921e-05 4.22355e-05 6.02219e-05 8.09382e-05 0.000103812 0.00012816 0.00015324 0.000178298 0.000202606 0.000225502 0.000246411 0.000264863 0.000280502 0.000293088 0.000302495 0.000308697 0.000311762 0.000311836 0.000309126 0.000303889 0.000296414 0.000287008 0.00027599 0.000263674 0.000250363 0.000236345 0.000221882 0.000207214 0.000192552 0.000178077 0.000163943 0.000150276 0.000137176 0.000124719 0.000112961 0.000101936 9.16616e-05 8.21431e-05 7.33721e-05 6.53308e-05 5.79935e-05 5.13287e-05 4.53007e-05 3.98706e-05 3.49979e-05 3.06414e-05 2.67601e-05 2.33137e-05 2.02634e-05 1.75719e-05 1.5204e-05 1.31268e-05 1.13096e-05 9.72406e-06 8.34416e-06 7.1462e-06 6.10867e-06 5.21217e-06 4.43925e-06 3.77433e-06 3.20352e-06 2.71449e-06 2.29637e-06 1.93956e-06 1.63564e-06 1.37725e-06 1.15795e-06 9.72147e-07 8.14998e-07 6.823e-07 5.70427e-07 4.76259e-07 3.97116e-07 3.30699e-07 2.75044e-07 2.28473e-07 1.89557e-07 1.57084e-07 1.30021e-07 1.07498e-07 8.87772e-08 7.32355e-08 6.03492e-08 4.96775e-08 4.08502e-08 3.3557e-08 2.7538e-08 2.25763e-08 1.84905e-08 1.51296e-08 1.23679e-08 1.0101e-08 8.24202e-09 6.71914e-09 5.4728e-09 4.45377e-09 3.62138e-09 2.94207e-09
1.89938e-06 5.6885e-06 1.19206e-05 2.08919e-05 3.27091e-05 4.72878e-05 6.43682e-05 8.35425e-05 0.000104291 0.000126019 0.000148101 0.00016991 0.000190854 0.0002104 0.00022809 0.000243555 0.000256523 0.000266815 0.000274345 0.00027911 0.00028118 0.00028069 0.000277824 0.000272804 0.00026588 0.000257315 0.000247381 0.000236345 0.000224465 0.000211986 0.000199133 0.000186109 0.000173094 0.000160246 0.000147695 0.000135551 0.0001239 0.000112811 0.000102329 9.24873e-05 8.33028e-05 7.47799e-05 6.69131e-05 5.96879e-05 5.30831e-05 4.70723e-05 4.16251e-05 3.67082e-05 3.22869e-05 2.83258e-05 2.47892e-05 2.1642e-05 1.88504e-05 1.63817e-05 1.42049e-05 1.2291e-05 1.06128e-05 9.14519e-06 7.86495e-06 6.7509e-06 5.78378e-06 4.94614e-06 4.22226e-06 3.59803e-06 3.06088e-06 2.59959e-06 2.20424e-06 1.86604e-06 1.57728e-06 1.33119e-06 1.12182e-06 9.44007e-07 7.93249e-07 6.65638e-07 5.57794e-07 4.66798e-07 3.90135e-07 3.25644e-07 2.71471e-07 2.26031e-07 1.87969e-07 1.5613e-07 1.29533e-07 1.07344e-07 8.8856e-08 7.34709e-08 6.06839e-08 5.00689e-08 4.12675e-08 3.39782e-08 2.79482e-08 2.29655e-08 1.88526e-08 1.54614e-08 1.26683e-08 1.037e-08 8.48096e-09 6.92976e-09 5.65725e-09 4.61438e-09 3.76051e-09
1.3567e-06 4.17372e-06 8.92461e-06 1.59091e-05 2.52836e-05 3.70515e-05 5.10674e-05 6.70539e-05 8.46256e-05 0.000103319 0.000122622 0.000142006 0.000160954 0.000178982 0.000195659 0.000210623 0.000223583 0.00023433 0.000242732 0.000248733 0.000252345 0.000253639 0.000252738 0.000249804 0.000245032 0.000238635 0.000230842 0.000221882 0.000211986 0.000201373 0.000190253 0.000178817 0.00016724 0.000155675 0.000144258 0.000133102 0.000122301 0.000111931 0.000102049 9.26997e-05 8.39095e-05 7.56947e-05 6.80604e-05 6.10024e-05 5.45093e-05 4.85635e-05 4.31425e-05 3.82207e-05 3.37696e-05 2.97594e-05 2.61593e-05 2.29385e-05 2.00665e-05 1.75135e-05 1.52511e-05 1.3252e-05 1.14905e-05 9.9425e-06 8.58576e-06 7.39961e-06 6.36513e-06 5.46507e-06 4.68375e-06 4.00699e-06 3.42208e-06 2.9176e-06 2.48338e-06 2.11036e-06 1.79054e-06 1.51683e-06 1.28302e-06 1.08365e-06 9.13924e-07 7.69691e-07 6.47319e-07 5.43662e-07 4.55993e-07 3.81962e-07 3.19539e-07 2.66981e-07 2.22793e-07 1.85693e-07 1.54587e-07 1.28541e-07 1.06762e-07 8.85725e-08 7.3401e-08 6.07622e-08 5.0246e-08 4.15063e-08 3.42514e-08 2.82359e-08 2.32537e-08 1.91318e-08 1.57254e-08 1.29132e-08 1.05941e-08 8.68341e-09 7.11091e-09 5.81799e-09 4.75598e-09
9.69069e-07 3.06016e-06 6.67393e-06 1.20966e-05 1.95089e-05 2.89714e-05 4.04224e-05 5.36851e-05 6.84834e-05 8.44629e-05 0.000101215 0.000118301 0.000135278 0.000151716 0.000167221 0.000181446 0.000194099 0.000204956 0.000213855 0.000220699 0.000225455 0.000228144 0.000228836 0.000227642 0.000224707 0.000220198 0.000214302 0.000207214 0.000199133 0.000190253 0.000180764 0.000170845 0.000160659 0.000150357 0.00014007 0.000129915 0.000119989 0.000110374 0.000101135 9.23248e-05 8.39792e-05 7.61237e-05 6.87727e-05 6.19316e-05 5.55975e-05 4.97612e-05 4.44079e-05 3.9519e-05 3.50723e-05 3.10437e-05 2.74073e-05 2.41366e-05 2.12049e-05 1.85855e-05 1.62525e-05 1.41807e-05 1.23464e-05 1.07266e-05 9.30032e-06 8.04755e-06 6.94997e-06 5.99069e-06 5.15425e-06 4.42658e-06 3.79493e-06 3.2478e-06 2.77487e-06 2.36691e-06 2.01567e-06 1.71385e-06 1.45498e-06 1.23334e-06 1.04393e-06 8.82327e-07 7.44685e-07 6.27644e-07 5.28278e-07 4.44051e-07 3.72766e-07 3.12523e-07 2.61686e-07 2.18849e-07 1.82802e-07 1.52511e-07 1.27091e-07 1.05787e-07 8.79542e-08 7.3047e-08 6.06004e-08 5.02209e-08 4.15755e-08 3.43828e-08 2.84056e-08 2.34441e-08 1.93302e-08 1.59227e-08 1.31035e-08 1.07733e-08 8.84932e-09 7.26234e-09 5.95464e-09
6.92192e-07 2.24221e-06 4.9854e-06 9.18465e-06 1.50274e-05 2.26093e-05 3.19268e-05 4.28795e-05 5.52779e-05 6.88587e-05 8.33019e-05 9.82507e-05 0.000113331 0.000128171 0.000142415 0.000155741 0.000167868 0.000178565 0.000187655 0.000195014 0.000200574 0.000204316 0.000206268 0.000206496 0.000205102 0.000202213 0.000197976 0.000192552 0.000186109 0.000178817 0.000170845 0.000162354 0.000153498 0.000144417 0.00013524 0.000126081 0.00011704 0.0001082 9.9634e-05 9.13978e-05 8.35362e-05 7.60821e-05 6.9058e-05 6.24771e-05 5.63444e-05 5.06582e-05 4.54111e-05 4.05909e-05 3.61816e-05 3.21645e-05 2.85188e-05 2.52223e-05 2.22519e-05 1.95844e-05 1.71967e-05 1.50659e-05 1.31702e-05 1.14883e-05 1.00003e-05 8.68736e-06 7.53183e-06 6.51739e-06 5.62895e-06 4.85268e-06 4.17594e-06 3.58727e-06 3.0763e-06 2.6337e-06 2.25107e-06 1.92096e-06 1.63668e-06 1.39233e-06 1.18269e-06 1.00313e-06 8.49605e-07 7.18562e-07 6.0689e-07 5.11878e-07 4.31166e-07 3.62707e-07 3.04727e-07 2.55694e-07 2.14287e-07 1.79368e-07 1.4996e-07 1.25228e-07 1.04455e-07 8.70296e-08 7.2431e-08 6.02157e-08 5.00069e-08 4.14852e-08 3.43802e-08 2.8463e-08 2.35407e-08 1.94505e-08 1.60553e-08 1.32402e-08 1.09085e-08 8.97903e-09 7.38416e-09
4.94423e-07 1.64185e-06 3.72022e-06 6.96424e-06 1.15566e-05 1.76115e-05 2.51646e-05 3.41712e-05 4.45097e-05 5.59905e-05 6.83687e-05 8.13594e-05 9.46529e-05 0.000107931 0.000120882 0.000133213 0.000144659 0.000154994 0.000164033 0.000171638 0.000177714 0.000182215 0.000185132 0.000186496 0.000186372 0.000184849 0.000182042 0.000178077 0.000173094 0.00016724 0.000160659 0.000153498 0.000145895 0.000137981 0.000129878 0.000121696 0.000113534 0.000105477 9.75984e-05 8.99603e-05 8.2612e-05 7.55926e-05 6.89309e-05 6.26469e-05 5.67526e-05 5.1253e-05 4.61471e-05 4.14288e-05 3.70879e-05 3.31111e-05 2.94822e-05 2.61834e-05 2.31956e-05 2.04988e-05 1.80727e-05 1.58971e-05 1.39522e-05 1.22185e-05 1.06776e-05 9.31174e-06 8.10423e-06 7.03944e-06 6.10283e-06 5.28094e-06 4.56139e-06 3.93284e-06 3.385e-06 2.90851e-06 2.49492e-06 2.13666e-06 1.82692e-06 1.55965e-06 1.32944e-06 1.13152e-06 9.6165e-07 8.16109e-07 6.9162e-07 5.85312e-07 4.94675e-07 4.17518e-07 3.51937e-07 2.96278e-07 2.49109e-07 2.09192e-07 1.75459e-07 1.46991e-07 1.22998e-07 1.02804e-07 8.5828e-08 7.15763e-08 5.96262e-08 4.96181e-08 4.12465e-08 3.42518e-08 2.84144e-08 2.35482e-08 1.94962e-08 1.61257e-08 1.33252e-08 1.10007e-08 9.07332e-09
