0.389712 0.100719 0.0412298 0.018088 0.0071894 0.00257084 0.000848211 0.000264205 7.89872e-05 2.29227e-05 6.50765e-06 1.81697e-06 5.00801e-07 1.36628e-07 3.69673e-08 9.93436e-09 2.65453e-09 7.05887e-10 1.8693e-10 4.93241e-11 1.29738e-11 3.40298e-12 8.90372e-13 2.32442e-13 6.05598e-14 1.57493e-14 4.08897e-15 1.05998e-15 2.74322e-16 7.06215e-17 1.8237e-17
0.100719 0.0323729 0.0139164 0.00426671 0.00115592 0.000296465 7.41307e-05 1.83244e-05 4.5082e-06 1.10752e-06 2.72116e-07 6.69131e-08 1.64717e-08 4.05943e-09 1.00155e-09 2.47357e-10 6.11487e-11 1.51293e-11 3.74613e-12 9.28207e-13 2.30132e-13 5.70886e-14 1.41691e-14 3.51829e-15 8.73981e-16 2.17188e-16 5.39897e-17 1.34224e-17 3.32814e-18 7.92674e-19 1.97319e-19
0.0412298 0.0139164 0.00355524 0.000902118 0.000224068 5.48883e-05 1.33618e-05 3.24778e-06 7.90149e-07 1.92615e-07 4.7062e-08 1.15248e-08 2.82817e-09 6.95313e-10 1.71223e-10 4.22241e-11 1.04254e-11 2.57689e-12 6.37542e-13 1.57864e-13 3.91178e-14 9.69949e-15 2.40644e-15 5.97348e-16 1.48348e-16 3.68566e-17 9.15922e-18 2.27305e-18 5.51635e-19 1.36715e-19 3.40325e-20
0.018088 0.00426671 0.000902118 0.000204329 4.75309e-05 1.11959e-05 2.65905e-06 6.35811e-07 1.52926e-07 3.69692e-08 8.97597e-09 2.18731e-09 5.34651e-10 1.31023e-10 3.21784e-11 7.91733e-12 1.95106e-12 4.81442e-13 1.18938e-13 2.94125e-14 7.27993e-15 1.80326e-15 4.46977e-16 1.1086e-16 2.75107e-17 6.82982e-18 1.69471e-18 4.15613e-19 1.03115e-19 2.5549e-20 6.35732e-21
0.0071894 0.00115592 0.000224068 4.75309e-05 1.05833e-05 2.42248e-06 5.64393e-07 1.33156e-07 3.17154e-08 7.61043e-09 1.83704e-09 4.4555e-10 1.08481e-10 2.64968e-11 6.48897e-12 1.59262e-12 3.91614e-13 9.64473e-14 2.37855e-14 5.87283e-15 1.45153e-15 3.59085e-16 8.89022e-17 2.20258e-17 5.4602e-18 1.35368e-18 3.3371e-19 8.27514e-20 2.05213e-20 5.0821e-21 1.26375e-21
0.00257084 0.000296465 5.48883e-05 1.11959e-05 2.42248e-06 5.43495e-07 1.24847e-07 2.91533e-08 6.88985e-09 1.64317e-09 3.94662e-10 9.53222e-11 2.31265e-11 5.63132e-12 1.37536e-12 3.36751e-13 8.26265e-14 2.03099e-14 4.99995e-15 1.23254e-15 3.04188e-16 7.51489e-17 1.8582e-17 4.59833e-18 1.13843e-18 2.81182e-19 6.96619e-20 1.72633e-20 4.27838e-21 1.05888e-21 2.63112e-22
0.000848211 7.41307e-05 1.33618e-05 2.65905e-06 5.64393e-07 1.24847e-07 2.8382e-08 6.57554e-09 1.54443e-09 3.66489e-10 8.76552e-11 2.10951e-11 5.10195e-12 1.23889e-12 3.01831e-13 7.3738e-14 1.80561e-14 4.43012e-15 1.08878e-15 2.67981e-16 6.60424e-17 1.6294e-17 4.02401e-18 9.94533e-19 2.4564e-19 6.07807e-20 1.50466e-20 3.72607e-21 9.22786e-22 2.28236e-22 5.66684e-23
0.000264205 1.83244e-05 3.24778e-06 6.35811e-07 1.33156e-07 2.91533e-08 6.57554e-09 1.51404e-09 3.53836e-10 8.36142e-11 1.9927e-11 4.78067e-12 1.15303e-12 2.79292e-13 6.7892e-14 1.65524e-14 4.04565e-15 9.90919e-16 2.43154e-16 5.97603e-17 1.47077e-17 3.62412e-18 8.93925e-19 2.20558e-19 5.44911e-20 1.34717e-20 3.33232e-21 8.24579e-22 2.04067e-22 5.04395e-23 1.25141e-23
7.89872e-05 4.5082e-06 7.90149e-07 1.52926e-07 3.17154e-08 6.88985e-09 1.54443e-09 3.53836e-10 8.23492e-11 1.93906e-11 4.60684e-12 1.10218e-12 2.65175e-13 6.40891e-14 1.55476e-14 3.78355e-15 9.23176e-16 2.25762e-16 5.53173e-17 1.3577e-17 3.33725e-18 8.21343e-19 2.02312e-19 4.9895e-20 1.23159e-20 3.04225e-21 7.51929e-22 1.85926e-22 4.59808e-23 1.13579e-23 2.81589e-24
2.29227e-05 1.10752e-06 1.92615e-07 3.69692e-08 7.61043e-09 1.64317e-09 3.66489e-10 8.36142e-11 1.93906e-11 4.55173e-12 1.07845e-12 2.57385e-13 6.1787e-14 1.49029e-14 3.60865e-15 8.76683e-16 2.13573e-16 5.21533e-17 1.27616e-17 3.12826e-18 7.6802e-19 1.88787e-19 4.6467e-20 1.14492e-20 2.82362e-21 6.96914e-22 1.72119e-22 4.25286e-23 1.05106e-23 2.5947e-24 6.42848e-25
6.50765e-06 2.72116e-07 4.7062e-08 8.97597e-09 1.83704e-09 3.94662e-10 8.76552e-11 1.9927e-11 4.60684e-12 1.07845e-12 2.54891e-13 6.06985e-14 1.45417e-14 3.50097e-15 8.46305e-16 2.0528e-16 4.99368e-17 1.21779e-17 2.97614e-18 7.28685e-19 1.78692e-19 4.38852e-20 1.07915e-20 2.6566e-21 6.54632e-22 1.61447e-22 3.9844e-23 9.83826e-24 2.42988e-24 5.99511e-25 1.48436e-25
1.81697e-06 6.69131e-08 1.15248e-08 2.18731e-09 4.4555e-10 9.53222e-11 2.10951e-11 4.78067e-12 1.10218e-12 2.57385e-13 6.06985e-14 1.44253e-14 3.44957e-15 8.29092e-16 2.00107e-16 4.8468e-17 1.17747e-17 2.86786e-18 7.00055e-19 1.71211e-19 4.19452e-20 1.02916e-20 2.52847e-21 6.2193e-22 1.53134e-22 3.77384e-23 9.30709e-24 2.29661e-24 5.66878e-25 1.39786e-25 3.45896e-26
5.00801e-07 1.64717e-08 2.82817e-09 5.34651e-10 1.08481e-10 2.31265e-11 5.10195e-12 1.15303e-12 2.65175e-13 6.1787e-14 1.45417e-14 3.44957e-15 8.23513e-16 1.9762e-16 4.76285e-17 1.15207e-17 2.79532e-18 6.80043e-19 1.65818e-19 4.0514e-20 9.91615e-21 2.43084e-21 5.96716e-22 1.46659e-22 3.60838e-23 8.8863e-24 2.19011e-24 5.40095e-25 1.33236e-25 3.28378e-26 8.12094e-27
1.36628e-07 4.05943e-09 6.95313e-10 1.31023e-10 2.64968e-11 5.63132e-12 1.23889e-12 2.79292e-13 6.40891e-14 1.49029e-14 3.50097e-15 8.29092e-16 1.9762e-16 4.73552e-17 1.13978e-17 2.75356e-18 6.67337e-19 1.62172e-19 3.95038e-20 9.64275e-21 2.35805e-21 5.77566e-22 1.41667e-22 3.47924e-23 8.5543e-24 2.10525e-24 5.18535e-25 1.27799e-25 3.15095e-26 7.76211e-27 1.91857e-27
3.69673e-08 1.00155e-09 1.71223e-10 3.21784e-11 6.48897e-12 1.37536e-12 3.01831e-13 6.7892e-14 1.55476e-14 3.60865e-15 8.46305e-16 2.00107e-16 4.76285e-17 1.13978e-17 2.73993e-18 6.61164e-19 1.60062e-19 3.88583e-20 9.45663e-21 2.30628e-21 5.63507e-22 1.37913e-22 3.38025e-23 8.2958e-24 2.0383e-24 5.0132e-25 1.23405e-25 3.03975e-26 7.49075e-27 1.84443e-27 4.55655e-28
9.93436e-09 2.47357e-10 4.22241e-11 7.91733e-12 1.59262e-12 3.36751e-13 7.3738e-14 1.65524e-14 3.78355e-15 8.76683e-16 2.0528e-16 4.8468e-17 1.15207e-17 2.75356e-18 6.61164e-19 1.59371e-19 3.85435e-20 9.34841e-21 2.27302e-21 5.5388e-22 1.35226e-22 3.30706e-23 8.09991e-24 1.98655e-24 4.87794e-25 1.19901e-25 2.94982e-26 7.26226e-27 1.78872e-27 4.40236e-28 1.08705e-28
2.65453e-09 6.11487e-11 1.04254e-11 1.95106e-12 3.91614e-13 8.26265e-14 1.80561e-14 4.04565e-15 9.23176e-16 2.13573e-16 4.99368e-17 1.17747e-17 2.79532e-18 6.67337e-19 1.60062e-19 3.85435e-20 9.31289e-21 2.25676e-21 5.48262e-22 1.33493e-22 3.25671e-23 7.95894e-24 1.94806e-24 4.77473e-25 1.17172e-25 2.8785e-26 7.07789e-27 1.74165e-27 4.28771e-28 1.05484e-28 2.60343e-29
7.05887e-10 1.51293e-11 2.57689e-12 4.81442e-13 9.64473e-14 2.03099e-14 4.43012e-15 9.90919e-16 2.25762e-16 5.21533e-17 1.21779e-17 2.86786e-18 6.80043e-19 1.62172e-19 3.88583e-20 9.34841e-21 2.25676e-21 5.46414e-22 1.32643e-22 3.22723e-23 7.86765e-24 1.92146e-24 4.70008e-25 1.15131e-25 2.82371e-26 6.93308e-27 1.70389e-27 4.19073e-28 1.03124e-28 2.53596e-29 6.2562e-30
1.8693e-10 3.74613e-12 6.37542e-13 1.18938e-13 2.37855e-14 4.99995e-15 1.08878e-15 2.43154e-16 5.53173e-17 1.27616e-17 2.97614e-18 7.00055e-19 1.65818e-19 3.95038e-20 9.45663e-21 2.27302e-21 5.48262e-22 1.32643e-22 3.21752e-23 7.82279e-24 1.90585e-24 4.65158e-25 1.13714e-25 2.78389e-26 6.8241e-27 1.67467e-27 4.11371e-28 1.0113e-28 2.48748e-29 6.11472e-30 1.50786e-30
4.93241e-11 9.28207e-13 1.57864e-13 2.94125e-14 5.87283e-15 1.23254e-15 2.67981e-16 5.97603e-17 1.3577e-17 3.12826e-18 7.28685e-19 1.71211e-19 4.0514e-20 9.64275e-21 2.30628e-21 5.5388e-22 1.33493e-22 3.22723e-23 7.82279e-24 1.9007e-24 4.6277e-25 1.1288e-25 2.75793e-26 6.74816e-27 1.65331e-27 4.05533e-28 9.957e-29 2.44672e-29 6.01567e-30 1.47822e-30 3.64375e-31
1.29738e-11 2.30132e-13 3.91178e-14 7.27993e-15 1.45153e-15 3.04188e-16 6.60424e-17 1.47077e-17 3.33725e-18 7.6802e-19 1.78692e-19 4.19452e-20 9.91615e-21 2.35805e-21 5.63507e-22 1.35226e-22 3.25671e-23 7.86765e-24 1.90585e-24 4.6277e-25 1.12605e-25 2.74513e-26 6.70335e-27 1.63934e-27 4.01445e-28 9.84223e-29 2.41548e-29 5.93301e-30 1.45815e-30 3.58183e-31 8.8256e-32
3.40298e-12 5.70886e-14 9.69949e-15 1.80326e-15 3.59085e-16 7.51489e-17 1.6294e-17 3.62412e-18 8.21343e-19 1.88787e-19 4.38852e-20 1.02916e-20 2.43084e-21 5.77566e-22 1.37913e-22 3.30706e-23 7.95894e-24 1.92146e-24 4.65158e-25 1.1288e-25 2.74513e-26 6.68854e-27 1.63244e-27 3.99026e-28 9.76682e-29 2.39346e-29 5.87151e-30 1.44161e-30 3.54168e-31 8.69689e-32 2.14211e-32
8.90372e-13 1.41691e-14 2.40644e-15 4.46977e-16 8.89022e-17 1.8582e-17 4.02401e-18 8.93925e-19 2.02312e-19 4.6467e-20 1.07915e-20 2.52847e-21 5.96716e-22 1.41667e-22 3.38025e-23 8.09991e-24 1.94806e-24 4.70008e-25 1.13714e-25 2.75793e-26 6.70335e-27 1.63244e-27 3.98225e-28 9.72945e-29 2.38037e-29 5.83085e-30 1.42981e-30 3.5092e-31 8.61811e-32 2.11556e-32 5.20891e-33
2.32442e-13 3.51829e-15 5.97348e-16 1.1086e-16 2.20258e-17 4.59833e-18 9.94533e-19 2.20558e-19 4.9895e-20 1.14492e-20 2.6566e-21 6.2193e-22 1.46659e-22 3.47924e-23 8.2958e-24 1.98655e-24 4.77473e-25 1.15131e-25 2.78389e-26 6.74816e-27 1.63934e-27 3.99026e-28 9.72945e-29 2.37603e-29 5.81063e-30 1.42276e-30 3.48746e-31 8.55613e-32 2.10053e-32 5.15473e-33 1.26876e-33
6.05598e-14 8.73981e-16 1.48348e-16 2.75107e-17 5.4602e-18 1.13843e-18 2.4564e-19 5.44911e-20 1.23159e-20 2.82362e-21 6.54632e-22 1.53134e-22 3.60838e-23 8.5543e-24 2.0383e-24 4.87794e-25 1.17172e-25 2.82371e-26 6.8241e-27 1.65331e-27 4.01445e-28 9.76682e-29 2.38037e-29 5.81063e-30 1.42042e-30 3.47659e-31 8.51861e-32 2.08921e-32 5.12728e-33 1.25786e-33 3.09502e-34
1.57493e-14 2.17188e-16 3.68566e-17 6.82982e-18 1.35368e-18 2.81182e-19 6.07807e-20 1.34717e-20 3.04225e-21 6.96914e-22 1.61447e-22 3.77384e-23 8.8863e-24 2.10525e-24 5.0132e-25 1.19901e-25 2.8785e-26 6.93308e-27 1.67467e-27 4.05533e-28 9.84223e-29 2.39346e-29 5.83085e-30 1.42276e-30 3.47659e-31 8.50608e-32 2.08347e-32 5.10803e-33 1.25319e-33 3.07355e-34 7.56018e-35
4.08897e-15 5.39897e-17 9.15922e-18 1.69471e-18 3.3371e-19 6.96619e-20 1.50466e-20 3.33232e-21 7.51929e-22 1.72119e-22 3.9844e-23 9.30709e-24 2.19011e-24 5.18535e-25 1.23405e-25 2.94982e-26 7.07789e-27 1.70389e-27 4.11371e-28 9.957e-29 2.41548e-29 5.87151e-30 1.42981e-30 3.48746e-31 8.51861e-32 2.08347e-32 5.1015e-33 1.25032e-33 3.06657e-34 7.51889e-35 1.8489e-35
1.05998e-15 1.34224e-17 2.27305e-18 4.15613e-19 8.27514e-20 1.72633e-20 3.72607e-21 8.24579e-22 1.85926e-22 4.25286e-23 9.83826e-24 2.29661e-24 5.40095e-25 1.27799e-25 3.03975e-26 7.26226e-27 1.74165e-27 4.19073e-28 1.0113e-28 2.44672e-29 5.93301e-30 1.44161e-30 3.5092e-31 8.55613e-32 2.08921e-32 5.10803e-33 1.25032e-33 3.06344e-34 7.51126e-35 1.84119e-35 4.5262e-36
2.74322e-16 3.32814e-18 5.51635e-19 1.03115e-19 2.05213e-20 4.27838e-21 9.22786e-22 2.04067e-22 4.59808e-23 1.05106e-23 2.42988e-24 5.66878e-25 1.33236e-25 3.15095e-26 7.49075e-27 1.78872e-27 4.28771e-28 1.03124e-28 2.48748e-29 6.01567e-30 1.45815e-30 3.54168e-31 8.61811e-32 2.10053e-32 5.12728e-33 1.25319e-33 3.06657e-34 7.51126e-35 1.84117e-35 4.51204e-36 1.10889e-36
7.06215e-17 7.92674e-19 1.36715e-19 2.5549e-20 5.0821e-21 1.05888e-21 2.28236e-22 5.04395e-23 1.13579e-23 2.5947e-24 5.99511e-25 1.39786e-25 3.28378e-26 7.76211e-27 1.84443e-27 4.40236e-28 1.05484e-28 2.53596e-29 6.11472e-30 1.47822e-30 3.58183e-31 8.69689e-32 2.11556e-32 5.15473e-33 1.25786e-33 3.07355e-34 7.51889e-35 1.84119e-35 4.51204e-36 1.10549e-36 2.7162e-37
1.8237e-17 1.97319e-19 3.40325e-20 6.35732e-21 1.26375e-21 2.63112e-22 5.66684e-23 1.25141e-23 2.81589e-24 6.42848e-25 1.48436e-25 3.45896e-26 8.12094e-27 1.91857e-27 4.55655e-28 1.08705e-28 2.60343e-29 6.2562e-30 1.50786e-30 3.64375e-31 8.8256e-32 2.14211e-32 5.20891e-33 1.26876e-33 3.09502e-34 7.56018e-35 1.8489e-35 4.5262e-36 1.10889e-36 2.7162e-37 6.67197e-38
