0.453584 0.0884867 0.0426532 0.0205601 0.00991061 0.00477721 0.00230276 0.00111 0.000535053 0.000257912 0.000124321 5.99265e-05 2.88864e-05 1.39241e-05 6.71184e-06 3.23531e-06 1.55952e-06 7.51734e-07 3.62358e-07 1.74668e-07 8.4195e-08 4.05845e-08 1.9563e-08 9.42994e-09 4.54551e-09 2.19107e-09 1.05616e-09 5.09103e-10 2.45403e-10 1.18292e-10 5.70201e-11 2.74854e-11 1.32488e-11 6.38631e-12 3.07839e-12 1.48388e-12 7.15274e-13 3.44784e-13 1.66196e-13 8.01115e-14 3.86162e-14 1.86142e-14 8.97258e-15 4.32505e-15 2.08481e-15 1.00494e-15 4.84411e-16 2.33501e-16 1.12554e-16 5.42546e-17 2.61523e-17 1.26062e-17 6.07657e-18 2.92909e-18 1.41191e-18 6.80583e-19 3.28062e-19 1.58136e-19 7.62261e-20 3.67433e-20 1.77114e-20 8.53741e-21 4.11529e-21 1.98369e-21 9.56199e-22 4.60917e-22 2.22176e-22 1.07095e-22 5.16232e-23 2.48839e-23 1.19948e-23 5.78186e-24 2.78703e-24 1.34343e-24 6.47575e-25 3.1215e-25 1.50466e-25 7.25291e-26 3.49612e-26 1.68523e-26 8.12334e-27 3.91569e-27 1.88748e-27 9.09823e-28 4.38562e-28 2.114e-28 1.01901e-28 4.91195e-29 2.36771e-29 1.14131e-29 5.50143e-30 2.65186e-30 1.27827e-30 6.16167e-31 2.97011e-31 1.43168e-31 6.90114e-32 3.32656e-32 1.6035e-32 7.72935e-33 3.72578e-33
0.0884867 0.0369456 0.0207217 0.0113926 0.00616836 0.00329958 0.00174775 0.000918273 0.000479174 0.00024859 0.000128318 6.59454e-05 3.37603e-05 1.72244e-05 8.76103e-06 4.44402e-06 2.24865e-06 1.13526e-06 5.71973e-07 2.87637e-07 1.44399e-07 7.23763e-08 3.62235e-08 1.81048e-08 9.03748e-09 4.50597e-09 2.24414e-09 1.11651e-09 5.5495e-10 2.75581e-10 1.36732e-10 6.7786e-11 3.35797e-11 1.66225e-11 8.22279e-12 4.06497e-12 2.00828e-12 9.91599e-13 4.8933e-13 2.41343e-13 1.18972e-13 5.86191e-14 2.88689e-14 1.4211e-14 6.99252e-15 3.43924e-15 1.6909e-15 8.31009e-16 4.08258e-16 2.00498e-16 9.84318e-17 4.8308e-17 2.37009e-17 1.16246e-17 5.69981e-18 2.79396e-18 1.36918e-18 6.70783e-19 3.28543e-19 1.60877e-19 7.8757e-20 3.85463e-20 1.88615e-20 9.22728e-21 4.51313e-21 2.20694e-21 1.07898e-21 5.27416e-22 2.57756e-22 1.25945e-22 6.15286e-23 3.00535e-23 1.4677e-23 7.16651e-24 3.4987e-24 1.70779e-24 8.33484e-25 4.06717e-25 1.98437e-25 9.68037e-26 4.7217e-26 2.30274e-26 1.12288e-26 5.47476e-27 2.66895e-27 1.30095e-27 6.34056e-28 3.08989e-28 1.50559e-28 7.33532e-29 3.57342e-29 1.7406e-29 8.47753e-30 4.1285e-30 2.01035e-30 9.78824e-31 4.76536e-31 2.31976e-31 1.12915e-31 5.49561e-32 2.67449e-32
0.0426532 0.0207217 0.0126088 0.00743673 0.00428599 0.00242629 0.00135396 0.000746723 0.000407784 0.000220828 0.000118721 6.34239e-05 3.36939e-05 1.78112e-05 9.37346e-06 4.91319e-06 2.56593e-06 1.33562e-06 6.9311e-07 3.58678e-07 1.85134e-07 9.53293e-08 4.89781e-08 2.51118e-08 1.28502e-08 6.56382e-09 3.34706e-09 1.70401e-09 8.66218e-10 4.39705e-10 2.229e-10 1.1285e-10 5.70647e-11 2.88225e-11 1.45418e-11 7.32913e-12 3.69022e-12 1.85626e-12 9.32884e-13 4.68423e-13 2.3501e-13 1.17811e-13 5.90134e-14 2.95389e-14 1.47751e-14 7.3853e-15 3.68909e-15 1.8416e-15 9.18768e-16 4.58099e-16 2.28278e-16 1.13692e-16 5.65933e-17 2.81563e-17 1.40013e-17 6.95909e-18 3.45726e-18 1.71678e-18 8.5213e-19 4.22777e-19 2.0967e-19 1.03941e-19 5.1507e-20 2.55141e-20 1.26338e-20 6.2536e-21 3.09439e-21 1.53063e-21 7.56871e-22 3.74139e-22 1.84887e-22 9.13368e-23 4.51081e-23 2.22708e-23 1.09924e-23 5.42414e-24 2.67577e-24 1.31962e-24 6.50638e-25 3.20714e-25 1.58048e-25 7.7867e-26 3.83544e-26 1.88876e-26 9.29903e-27 4.57723e-27 2.25254e-27 1.10828e-27 5.45176e-28 2.68123e-28 1.31839e-28 6.4814e-29 3.18574e-29 1.56556e-29 7.69213e-30 3.77873e-30 1.85595e-30 9.11407e-31 4.4749e-31 2.19675e-31 1.07822e-31
0.0205601 0.0113926 0.00743673 0.00465483 0.0028266 0.00167728 0.000977262 0.000560986 0.000318054 0.000178431 9.91955e-05 5.47103e-05 2.99646e-05 1.63096e-05 8.82785e-06 4.7542e-06 2.54866e-06 1.36061e-06 7.23584e-07 3.83453e-07 2.02543e-07 1.06661e-07 5.60109e-08 2.93356e-08 1.53267e-08 7.98911e-09 4.15532e-09 2.15685e-09 1.11737e-09 5.77804e-10 2.98271e-10 1.53719e-10 7.90978e-11 4.06401e-11 2.08512e-11 1.06836e-11 5.46693e-12 2.79404e-12 1.42629e-12 7.27258e-13 3.70422e-13 1.88474e-13 9.58007e-14 4.86482e-14 2.46808e-14 1.25102e-14 6.33565e-15 3.20595e-15 1.62096e-15 8.18934e-16 4.13427e-16 2.08561e-16 1.05138e-16 5.29652e-17 2.66645e-17 1.34153e-17 6.74518e-18 3.38942e-18 1.70217e-18 8.54344e-19 4.2857e-19 2.14871e-19 1.07673e-19 5.39278e-20 2.69963e-20 1.35078e-20 6.75558e-21 3.37708e-21 1.68743e-21 8.4279e-22 4.20755e-22 2.09971e-22 1.0474e-22 5.22269e-23 2.6032e-23 1.29705e-23 6.46023e-24 3.21649e-24 1.60089e-24 7.96512e-25 3.96165e-25 1.96977e-25 9.79076e-26 4.86496e-26 2.41661e-26 1.20006e-26 5.95759e-27 2.95673e-27 1.46699e-27 7.27652e-28 3.60827e-28 1.78879e-28 8.86549e-29 4.39273e-29 2.17599e-29 1.07763e-29 5.33552e-30 2.64106e-30 1.30701e-30 6.46663e-31 3.19873e-31
0.00991061 0.00616836 0.00428599 0.0028266 0.00179668 0.00111083 0.000672016 0.000399444 0.000233975 0.000135361 7.74781e-05 4.39358e-05 2.47111e-05 1.37972e-05 7.65326e-06 4.22019e-06 2.31464e-06 1.26329e-06 6.86379e-07 3.71384e-07 2.00176e-07 1.07511e-07 5.75504e-08 3.07112e-08 1.63411e-08 8.67121e-09 4.58947e-09 2.42322e-09 1.27652e-09 6.70997e-10 3.51982e-10 1.84277e-10 9.62979e-11 5.02334e-11 2.61598e-11 1.36012e-11 7.06073e-12 3.66e-12 1.89452e-12 9.79323e-13 5.05577e-13 2.60678e-13 1.34245e-13 6.90542e-14 3.5481e-14 1.8211e-14 9.33725e-15 4.78265e-15 2.44735e-15 1.25117e-15 6.39064e-16 3.26129e-16 1.66289e-16 8.47191e-17 4.31272e-17 2.19373e-17 1.11504e-17 5.66339e-18 2.87445e-18 1.45792e-18 7.38959e-19 3.74303e-19 1.89474e-19 9.58534e-20 4.84622e-20 2.44874e-20 1.23661e-20 6.2414e-21 3.14843e-21 1.58736e-21 7.99888e-22 4.02869e-22 2.02807e-22 1.02045e-22 5.13213e-23 2.57989e-23 1.29631e-23 6.51066e-24 3.26853e-24 1.6402e-24 8.22737e-25 4.12524e-25 2.06759e-25 1.03589e-25 5.18792e-26 2.59724e-26 1.29979e-26 6.50246e-27 3.25184e-27 1.62567e-27 8.1243e-28 4.05879e-28 2.02706e-28 1.01204e-28 5.05115e-29 2.52029e-29 1.25713e-29 6.26871e-30 3.12501e-30 1.55739e-30 7.75933e-31
0.00477721 0.00329958 0.00242629 0.00167728 0.00111083 0.000712585 0.000445882 0.000273449 0.000164931 9.8087e-05 5.7632e-05 3.35069e-05 1.93005e-05 1.10258e-05 6.25225e-06 3.5217e-06 1.97164e-06 1.09771e-06 6.08043e-07 3.35225e-07 1.84013e-07 1.00601e-07 5.47924e-08 2.97377e-08 1.60865e-08 8.67499e-09 4.66453e-09 2.50121e-09 1.3377e-09 7.13672e-10 3.79857e-10 2.01732e-10 1.06908e-10 5.65419e-11 2.98464e-11 1.57259e-11 8.27129e-12 4.34308e-12 2.27678e-12 1.19171e-12 6.22831e-13 3.25049e-13 1.69405e-13 8.81714e-14 4.58324e-14 2.37947e-14 1.23387e-14 6.39083e-15 3.30644e-15 1.70882e-15 8.82224e-16 4.55011e-16 2.34444e-16 1.20682e-16 6.20652e-17 3.18907e-17 1.6372e-17 8.39796e-18 4.30416e-18 2.20423e-18 1.12795e-18 5.76756e-19 2.94697e-19 1.50469e-19 7.67744e-20 3.91462e-20 1.99469e-20 1.01573e-20 5.16901e-21 2.62886e-21 1.33619e-21 6.78752e-22 3.44592e-22 1.74846e-22 8.8668e-23 4.49413e-23 2.27665e-23 1.15272e-23 5.83351e-24 2.9507e-24 1.4918e-24 7.53857e-25 3.80774e-25 1.92243e-25 9.70149e-26 4.89371e-26 2.46747e-26 1.24361e-26 6.26524e-27 3.15513e-27 1.58827e-27 7.99212e-28 4.02008e-28 2.02137e-28 1.016e-28 5.10493e-29 2.56407e-29 1.28741e-29 6.46187e-30 3.24229e-30 1.62631e-30
0.00230276 0.00174775 0.00135396 0.000977262 0.000672016 0.000445882 0.000287743 0.000181587 0.000112497 6.86148e-05 4.12928e-05 2.45619e-05 1.44605e-05 8.43602e-06 4.88125e-06 2.80356e-06 1.59944e-06 9.06896e-07 5.11324e-07 2.86797e-07 1.60089e-07 8.8962e-08 4.92306e-08 2.71376e-08 1.49046e-08 8.15786e-09 4.45068e-09 2.42075e-09 1.31286e-09 7.10065e-10 3.83044e-10 2.06123e-10 1.10658e-10 5.92742e-11 3.16824e-11 1.68998e-11 8.99694e-12 4.78071e-12 2.53576e-12 1.34268e-12 7.0977e-13 3.74599e-13 1.97401e-13 1.03869e-13 5.45761e-14 2.86365e-14 1.50058e-14 7.85306e-15 4.10466e-15 2.14285e-15 1.11738e-15 5.81994e-16 3.02803e-16 1.57376e-16 8.17091e-17 4.23806e-17 2.19604e-17 1.13685e-17 5.87985e-18 3.03837e-18 1.56869e-18 8.09218e-19 4.17095e-19 2.1481e-19 1.10544e-19 5.68436e-20 2.92082e-20 1.49973e-20 7.69503e-21 3.94555e-21 2.02167e-21 1.0352e-21 5.29736e-22 2.70906e-22 1.38455e-22 7.07191e-23 3.61e-23 1.84173e-23 9.39071e-24 4.78552e-24 2.43738e-24 1.24076e-24 6.31283e-25 3.21024e-25 1.63168e-25 8.28927e-26 4.2091e-26 2.13627e-26 1.08373e-26 5.49527e-27 2.78524e-27 1.41106e-27 7.14561e-28 3.61701e-28 1.83012e-28 9.25621e-29 4.67963e-29 2.36493e-29 1.19469e-29 6.03295e-30 3.04537e-30
0.00111 0.000918273 0.000746723 0.000560986 0.000399444 0.000273449 0.000181587 0.000117675 7.4735e-05 4.66631e-05 2.87132e-05 1.7445e-05 1.04809e-05 6.23461e-06 3.67574e-06 2.14973e-06 1.24809e-06 7.19782e-07 4.12564e-07 2.35137e-07 1.33314e-07 7.52162e-08 4.2245e-08 2.36262e-08 1.31608e-08 7.30376e-09 4.03903e-09 2.22619e-09 1.22315e-09 6.70036e-10 3.66005e-10 1.99391e-10 1.08345e-10 5.87283e-11 3.17594e-11 1.71366e-11 9.22675e-12 4.95772e-12 2.65864e-12 1.42304e-12 7.60301e-13 4.05503e-13 2.1591e-13 1.14774e-13 6.0917e-14 3.22831e-14 1.70836e-14 9.02752e-15 4.76394e-15 2.51067e-15 1.32147e-15 6.94682e-16 3.64748e-16 1.9129e-16 1.00208e-16 5.24362e-17 2.74092e-17 1.43124e-17 7.46598e-18 3.89077e-18 2.02567e-18 1.05365e-18 5.47556e-19 2.843e-19 1.47486e-19 7.64468e-20 3.95923e-20 2.04887e-20 1.05944e-20 5.47405e-21 2.82628e-21 1.45816e-21 7.51771e-22 3.87313e-22 1.99408e-22 1.02597e-22 5.27521e-23 2.71062e-23 1.39196e-23 7.14358e-24 3.66392e-24 1.8781e-24 9.62148e-25 4.92628e-25 2.5209e-25 1.2893e-25 6.59058e-26 3.36716e-26 1.71942e-26 8.77566e-27 4.47675e-27 2.28263e-27 1.16332e-27 5.92599e-28 3.01732e-28 1.53563e-28 7.8119e-29 3.97226e-29 2.01898e-29 1.02575e-29 5.2092e-30
0.000535053 0.000479174 0.000407784 0.000318054 0.000233975 0.000164931 0.000112497 7.4735e-05 4.85805e-05 3.10056e-05 1.948e-05 1.20725e-05 7.39232e-06 4.47833e-06 2.68711e-06 1.59843e-06 9.43376e-07 5.52781e-07 3.21776e-07 1.86169e-07 1.07106e-07 6.12974e-08 3.49098e-08 1.9791e-08 1.11719e-08 6.28109e-09 3.51799e-09 1.96334e-09 1.092e-09 6.05419e-10 3.34627e-10 1.84419e-10 1.01355e-10 5.55574e-11 3.03768e-11 1.6569e-11 9.01669e-12 4.89595e-12 2.6528e-12 1.43445e-12 7.74134e-13 4.1699e-13 2.24205e-13 1.20339e-13 6.44806e-14 3.44941e-14 1.84236e-14 9.82521e-15 5.23201e-15 2.78211e-15 1.47733e-15 7.8343e-16 4.14913e-16 2.19465e-16 1.15942e-16 6.11783e-17 3.22443e-17 1.69754e-17 8.92708e-18 4.68961e-18 2.46101e-18 1.29018e-18 6.75712e-19 3.53553e-19 1.84817e-19 9.6523e-20 5.03655e-20 2.62578e-20 1.36777e-20 7.11883e-21 3.70213e-21 1.92376e-21 9.98877e-22 5.18256e-22 2.68692e-22 1.39203e-22 7.2067e-23 3.72839e-23 1.92757e-23 9.95884e-24 5.1419e-24 2.65314e-24 1.36812e-24 7.0505e-25 3.63123e-25 1.86909e-25 9.61512e-26 4.94346e-26 2.54018e-26 1.30454e-26 6.69606e-27 3.43518e-27 1.76138e-27 9.02681e-28 4.62379e-28 2.36726e-28 1.21139e-28 6.19606e-29 3.16769e-29 1.61871e-29 8.26796e-30
0.000257912 0.00024859 0.000220828 0.000178431 0.000135361 9.8087e-05 6.86148e-05 4.66631e-05 3.10056e-05 2.02026e-05 1.29446e-05 8.17404e-06 5.09577e-06 3.14072e-06 1.91605e-06 1.15818e-06 6.94233e-07 4.12956e-07 2.43919e-07 1.43142e-07 8.34986e-08 4.84354e-08 2.79501e-08 1.60504e-08 9.17495e-09 5.22221e-09 2.96037e-09 1.67177e-09 9.40664e-10 5.27475e-10 2.94818e-10 1.6427e-10 9.12599e-11 5.05566e-11 2.79323e-11 1.53928e-11 8.46166e-12 4.64053e-12 2.53918e-12 1.38635e-12 7.55339e-13 4.10709e-13 2.22885e-13 1.2073e-13 6.52774e-14 3.52332e-14 1.89849e-14 1.0213e-14 5.48548e-15 2.94178e-15 1.5753e-15 8.42346e-16 4.49793e-16 2.39855e-16 1.27736e-16 6.79394e-17 3.60905e-17 1.91487e-17 1.01479e-17 5.37176e-18 2.84036e-18 1.50023e-18 7.91564e-19 4.17221e-19 2.19689e-19 1.15565e-19 6.07335e-20 3.18878e-20 1.67272e-20 8.7667e-21 4.59061e-21 2.40179e-21 1.25556e-21 6.55822e-22 3.42285e-22 1.78505e-22 9.30215e-23 4.84384e-23 2.52045e-23 1.31056e-23 6.80969e-24 3.5359e-24 1.83475e-24 9.51412e-25 4.93034e-25 2.55334e-25 1.3215e-25 6.83534e-26 3.53339e-26 1.82543e-26 9.4251e-27 4.86361e-27 2.50835e-27 1.29294e-27 6.66091e-28 3.42971e-28 1.76503e-28 9.07875e-29 4.66744e-29 2.39837e-29 1.2318e-29
0.000124321 0.000128318 0.000118721 9.91955e-05 7.74781e-05 5.7632e-05 4.12928e-05 2.87132e-05 1.948e-05 1.29446e-05 8.4503e-06 5.43182e-06 3.44443e-06 2.15797e-06 1.33743e-06 8.20835e-07 4.99326e-07 3.01293e-07 1.80451e-07 1.07336e-07 6.34404e-08 3.7275e-08 2.17807e-08 1.26615e-08 7.32483e-09 4.21825e-09 2.41882e-09 1.38139e-09 7.8589e-10 4.4548e-10 2.51649e-10 1.41689e-10 7.95271e-11 4.45039e-11 2.48337e-11 1.38197e-11 7.67042e-12 4.2467e-12 2.34552e-12 1.29247e-12 7.1062e-13 3.89873e-13 2.13459e-13 1.16638e-13 6.36109e-14 3.46272e-14 1.88159e-14 1.02066e-14 5.52722e-15 2.98832e-15 1.61311e-15 8.69433e-16 4.67914e-16 2.51461e-16 1.34949e-16 7.23234e-17 3.87093e-17 2.06916e-17 1.10466e-17 5.89032e-18 3.13714e-18 1.66889e-18 8.86812e-19 4.70718e-19 2.49589e-19 1.32201e-19 6.99527e-20 3.69778e-20 1.95279e-20 1.03029e-20 5.43072e-21 2.85998e-21 1.50481e-21 7.91089e-22 4.15527e-22 2.18078e-22 1.14359e-22 5.99216e-23 3.1373e-23 1.64134e-23 8.58051e-24 4.48238e-24 2.33987e-24 1.22058e-24 6.36271e-25 3.31452e-25 1.72548e-25 8.97663e-26 4.667e-26 2.42487e-26 1.25912e-26 6.53407e-27 3.38874e-27 1.75646e-27 9.09885e-28 4.71073e-28 2.43751e-28 1.26057e-28 6.51554e-29 3.36592e-29 1.73792e-29
5.99265e-05 6.59454e-05 6.34239e-05 5.47103e-05 4.39358e-05 3.35069e-05 2.45619e-05 1.7445e-05 1.20725e-05 8.17404e-06 5.43182e-06 3.55132e-06 2.28887e-06 1.45657e-06 9.1642e-07 5.70679e-07 3.52071e-07 2.15359e-07 1.30704e-07 7.8754e-08 4.71355e-08 2.80362e-08 1.65793e-08 9.75114e-09 5.70598e-09 3.32295e-09 1.92644e-09 1.11208e-09 6.3938e-10 3.66202e-10 2.08978e-10 1.18845e-10 6.73635e-11 3.8063e-11 2.14424e-11 1.20447e-11 6.74717e-12 3.76963e-12 2.10074e-12 1.16785e-12 6.47717e-13 3.58428e-13 1.97912e-13 1.09052e-13 5.99668e-14 3.2911e-14 1.8028e-14 9.85739e-15 5.3803e-15 2.93161e-15 1.59471e-15 8.66083e-16 4.69632e-16 2.5427e-16 1.37465e-16 7.42109e-17 4.00071e-17 2.15386e-17 1.15805e-17 6.21836e-18 3.3349e-18 1.78632e-18 9.55697e-19 5.10713e-19 2.72611e-19 1.45355e-19 7.74193e-20 4.11919e-20 2.18941e-20 1.16254e-20 6.1668e-21 3.2681e-21 1.73031e-21 9.15278e-22 4.83718e-22 2.55416e-22 1.3475e-22 7.10306e-23 3.74112e-23 1.96882e-23 1.0353e-23 5.43983e-24 2.85611e-24 1.49844e-24 7.85567e-25 4.11542e-25 2.15446e-25 1.12709e-25 5.89232e-26 3.07837e-26 1.6072e-26 8.38568e-27 4.37251e-27 2.27851e-27 1.1866e-27 6.17588e-28 3.21243e-28 1.66999e-28 8.67656e-29 4.50541e-29 2.33819e-29
2.88864e-05 3.37603e-05 3.36939e-05 2.99646e-05 2.47111e-05 1.93005e-05 1.44605e-05 1.04809e-05 7.39232e-06 5.09577e-06 3.44443e-06 2.28887e-06 1.49835e-06 9.6788e-07 6.17799e-07 3.90116e-07 2.43944e-07 1.51182e-07 9.29276e-08 5.66888e-08 3.43402e-08 2.06668e-08 1.23624e-08 7.35289e-09 4.35005e-09 2.56065e-09 1.5002e-09 8.74997e-10 5.08189e-10 2.93968e-10 1.69402e-10 9.72659e-11 5.56546e-11 3.17401e-11 1.80445e-11 1.02275e-11 5.78018e-12 3.25768e-12 1.83113e-12 1.02664e-12 5.74179e-13 3.20367e-13 1.78343e-13 9.90624e-14 5.49082e-14 3.0372e-14 1.67667e-14 9.2382e-15 5.08065e-15 2.78913e-15 1.52848e-15 8.3621e-16 4.56728e-16 2.49062e-16 1.35607e-16 7.37234e-17 4.00213e-17 2.16949e-17 1.17442e-17 6.34894e-18 3.42775e-18 1.84824e-18 9.95329e-19 5.35359e-19 2.87612e-19 1.54335e-19 8.27237e-20 4.42909e-20 2.36881e-20 1.26557e-20 6.75451e-21 3.60133e-21 1.91824e-21 1.02076e-21 5.42663e-22 2.88228e-22 1.5295e-22 8.10913e-23 4.29558e-23 2.27352e-23 1.2023e-23 6.35286e-24 3.35411e-24 1.76947e-24 9.32762e-25 4.91326e-25 2.58609e-25 1.3602e-25 7.14901e-26 3.75477e-26 1.9707e-26 1.03362e-26 5.41764e-27 2.83775e-27 1.48544e-27 7.77074e-28 4.06254e-28 2.12258e-28 1.10833e-28 5.78382e-29 3.01652e-29
1.39241e-05 1.72244e-05 1.78112e-05 1.63096e-05 1.37972e-05 1.10258e-05 8.43602e-06 6.23461e-06 4.47833e-06 3.14072e-06 2.15797e-06 1.45657e-06 9.6788e-07 6.34272e-07 4.10507e-07 2.62714e-07 1.66421e-07 1.04444e-07 6.49879e-08 4.01189e-08 2.45858e-08 1.49645e-08 9.05069e-09 5.44153e-09 3.25342e-09 1.935e-09 1.14519e-09 6.74599e-10 3.95634e-10 2.31059e-10 1.34407e-10 7.78885e-11 4.49736e-11 2.58788e-11 1.48423e-11 8.48572e-12 4.83687e-12 2.74904e-12 1.55809e-12 8.80725e-13 4.9656e-13 2.79272e-13 1.56692e-13 8.77135e-14 4.89915e-14 2.7305e-14 1.51867e-14 8.42965e-15 4.66995e-15 2.58224e-15 1.42524e-15 7.85257e-16 4.31905e-16 2.37159e-16 1.30013e-16 7.11623e-17 3.88908e-17 2.12225e-17 1.15642e-17 6.29249e-18 3.41925e-18 1.85548e-18 1.00557e-18 5.44271e-19 2.94223e-19 1.58859e-19 8.56703e-20 4.61472e-20 2.48296e-20 1.33448e-20 7.16449e-21 3.84237e-21 2.05855e-21 1.10176e-21 5.89086e-22 3.14666e-22 1.67922e-22 8.95284e-23 4.7689e-23 2.53797e-23 1.3495e-23 7.16948e-24 3.80571e-24 2.01847e-24 1.06969e-24 5.66432e-25 2.99708e-25 1.58458e-25 8.37148e-26 4.41946e-26 2.33142e-26 1.22902e-26 6.47433e-27 3.40824e-27 1.79296e-27 9.42583e-28 4.95204e-28 2.59997e-28 1.3642e-28 7.15342e-29 3.74872e-29
6.71184e-06 8.76103e-06 9.37346e-06 8.82785e-06 7.65326e-06 6.25225e-06 4.88125e-06 3.67574e-06 2.68711e-06 1.91605e-06 1.33743e-06 9.1642e-07 6.17799e-07 4.10507e-07 2.69257e-07 1.74557e-07 1.11968e-07 7.11265e-08 4.47816e-08 2.79637e-08 1.73293e-08 1.06633e-08 6.51832e-09 3.95999e-09 2.39185e-09 1.43683e-09 8.58703e-10 5.10707e-10 3.02346e-10 1.78214e-10 1.04611e-10 6.1165e-11 3.56283e-11 2.0679e-11 1.19612e-11 6.89596e-12 3.96323e-12 2.27088e-12 1.29742e-12 7.39196e-13 4.20024e-13 2.38051e-13 1.34581e-13 7.5903e-14 4.27098e-14 2.39786e-14 1.34333e-14 7.50984e-15 4.18986e-15 2.33301e-15 1.2966e-15 7.19276e-16 3.98296e-16 2.20172e-16 1.21502e-16 6.69408e-17 3.68218e-17 2.02229e-17 1.10899e-17 6.07251e-18 3.32037e-18 1.813e-18 9.88588e-19 5.38338e-19 2.92773e-19 1.59022e-19 8.62671e-20 4.67421e-20 2.52963e-20 1.36743e-20 7.38351e-21 3.98236e-21 2.1456e-21 1.15478e-21 6.20866e-22 3.3347e-22 1.78931e-22 9.5916e-23 5.13669e-23 2.74833e-23 1.46912e-23 7.84613e-24 4.18669e-24 2.23209e-24 1.189e-24 6.32839e-25 3.36549e-25 1.78836e-25 9.49555e-26 5.03789e-26 2.67083e-26 1.41488e-26 7.48988e-27 3.96202e-27 2.09435e-27 1.10631e-27 5.83997e-28 3.08069e-28 1.62405e-28 8.55588e-29 4.50455e-29
3.23531e-06 4.44402e-06 4.91319e-06 4.7542e-06 4.22019e-06 3.5217e-06 2.80356e-06 2.14973e-06 1.59843e-06 1.15818e-06 8.20835e-07 5.70679e-07 3.90116e-07 2.62714e-07 1.74557e-07 1.14584e-07 7.4392e-08 4.78141e-08 3.04488e-08 1.92256e-08 1.20436e-08 7.48938e-09 4.62549e-09 2.83848e-09 1.73142e-09 1.05017e-09 6.33582e-10 3.80327e-10 2.27216e-10 1.35131e-10 8.0021e-11 4.71928e-11 2.77239e-11 1.62261e-11 9.46302e-12 5.50004e-12 3.18629e-12 1.84011e-12 1.05949e-12 6.08272e-13 3.48248e-13 1.98846e-13 1.13247e-13 6.43356e-14 3.64614e-14 2.06161e-14 1.16307e-14 6.54724e-15 3.67788e-15 2.06183e-15 1.15358e-15 6.44186e-16 3.59059e-16 1.99773e-16 1.10954e-16 6.1519e-17 3.40529e-17 1.8819e-17 1.03838e-17 5.72075e-18 3.14702e-18 1.72868e-18 9.48231e-19 5.19413e-19 2.84135e-19 1.55226e-19 8.46923e-20 4.61507e-20 2.51176e-20 1.36539e-20 7.41354e-21 4.02064e-21 2.17809e-21 1.17864e-21 6.37111e-22 3.44027e-22 1.85576e-22 1.00003e-22 5.38357e-23 2.89539e-23 1.55571e-23 8.35113e-24 4.47882e-24 2.39989e-24 1.2848e-24 6.8723e-25 3.67282e-25 1.96126e-25 1.04644e-25 5.57882e-26 2.97185e-26 1.58188e-26 8.41372e-27 4.47174e-27 2.37489e-27 1.26036e-27 6.68397e-28 3.54217e-28 1.87587e-28 9.92756e-29 5.25037e-29
1.55952e-06 2.24865e-06 2.56593e-06 2.54866e-06 2.31464e-06 1.97164e-06 1.59944e-06 1.24809e-06 9.43376e-07 6.94233e-07 4.99326e-07 3.52071e-07 2.43944e-07 1.66421e-07 1.11968e-07 7.4392e-08 4.88663e-08 3.17665e-08 2.04539e-08 1.30541e-08 8.26364e-09 5.19151e-09 3.23845e-09 2.00678e-09 1.23583e-09 7.56618e-10 4.60677e-10 2.79031e-10 1.68176e-10 1.00888e-10 6.02539e-11 3.58336e-11 2.12247e-11 1.25233e-11 7.36203e-12 4.31265e-12 2.51782e-12 1.4652e-12 8.49994e-13 4.91628e-13 2.83535e-13 1.6307e-13 9.35359e-14 5.35135e-14 3.05399e-14 1.7387e-14 9.87584e-15 5.59686e-15 3.16496e-15 1.78597e-15 1.00575e-15 5.65256e-16 3.17075e-16 1.77527e-16 9.9215e-17 5.53505e-17 3.08261e-17 1.71391e-17 9.51373e-18 5.27258e-18 2.91759e-18 1.61202e-18 8.89357e-19 4.89959e-19 2.69548e-19 1.48087e-19 8.12493e-20 4.452e-20 2.43634e-20 1.33162e-20 7.26928e-21 3.96356e-21 2.15861e-21 1.17426e-21 6.38077e-22 3.46342e-22 1.87789e-22 1.01714e-22 5.50357e-23 2.97488e-23 1.60644e-23 8.66639e-24 4.67088e-24 2.51509e-24 1.35304e-24 7.27238e-25 3.90534e-25 2.09539e-25 1.12331e-25 6.0169e-26 3.22024e-26 1.72208e-26 9.20178e-27 4.91306e-27 2.62119e-27 1.39739e-27 7.44411e-28 3.9627e-28 2.10794e-28 1.12051e-28 5.95215e-29
7.51734e-07 1.13526e-06 1.33562e-06 1.36061e-06 1.26329e-06 1.09771e-06 9.06896e-07 7.19782e-07 5.52781e-07 4.12956e-07 3.01293e-07 2.15359e-07 1.51182e-07 1.04444e-07 7.11265e-08 4.78141e-08 3.17665e-08 2.08792e-08 1.35884e-08 8.76331e-09 5.60405e-09 3.55573e-09 2.23963e-09 1.40104e-09 8.70829e-10 5.38011e-10 3.30502e-10 2.01938e-10 1.22758e-10 7.4264e-11 4.4721e-11 2.6813e-11 1.60092e-11 9.52058e-12 5.64034e-12 3.3294e-12 1.95844e-12 1.14816e-12 6.70958e-13 3.90883e-13 2.27042e-13 1.31499e-13 7.59518e-14 4.37519e-14 2.51384e-14 1.44078e-14 8.23788e-15 4.69918e-15 2.67454e-15 1.5189e-15 8.60773e-16 4.86807e-16 2.74763e-16 1.54782e-16 8.70291e-17 4.88444e-17 2.73648e-17 1.53044e-17 8.54495e-18 4.7631e-18 2.65079e-18 1.47293e-18 8.17202e-19 4.52722e-19 2.50441e-19 1.38345e-19 7.63175e-20 4.20434e-20 2.31312e-20 1.27098e-20 6.97483e-21 3.82289e-21 2.09279e-21 1.14432e-21 6.24978e-22 3.40951e-22 1.85796e-22 1.01137e-22 5.49945e-23 2.98728e-23 1.62102e-23 8.78745e-24 4.75894e-24 2.57477e-24 1.39172e-24 7.51561e-25 4.05488e-25 2.18575e-25 1.17718e-25 6.3344e-26 3.40564e-26 1.82949e-26 9.81979e-27 5.26652e-27 2.82228e-27 1.51125e-27 8.0861e-28 4.32327e-28 2.30974e-28 1.23309e-28 6.57827e-29
3.62358e-07 5.71973e-07 6.9311e-07 7.23584e-07 6.86379e-07 6.08043e-07 5.11324e-07 4.12564e-07 3.21776e-07 2.43919e-07 1.80451e-07 1.30704e-07 9.29276e-08 6.49879e-08 4.47816e-08 3.04488e-08 2.04539e-08 1.35884e-08 8.93603e-09 5.82161e-09 3.75981e-09 2.40867e-09 1.53148e-09 9.66903e-10 6.06427e-10 3.7798e-10 2.34211e-10 1.44324e-10 8.84677e-11 5.39595e-11 3.27562e-11 1.97952e-11 1.19113e-11 7.13805e-12 4.26083e-12 2.53384e-12 1.50142e-12 8.86593e-13 5.21804e-13 3.0613e-13 1.7905e-13 1.04414e-13 6.07161e-14 3.52093e-14 2.03638e-14 1.17475e-14 6.76013e-15 3.88081e-15 2.2227e-15 1.27017e-15 7.24256e-16 4.12101e-16 2.34003e-16 1.32609e-16 7.50031e-17 4.23416e-17 2.38593e-17 1.34206e-17 7.53583e-18 4.22429e-18 2.36407e-18 1.32089e-18 7.36871e-19 4.10441e-19 2.28277e-19 1.26776e-19 7.03064e-20 3.89357e-20 2.15332e-20 1.1893e-20 6.56008e-21 3.61388e-21 1.98837e-21 1.09267e-21 5.99744e-22 3.28801e-22 1.80054e-22 9.84881e-23 5.38131e-23 2.93713e-23 1.6014e-23 8.72216e-24 4.74577e-24 2.57962e-24 1.40081e-24 7.5995e-25 4.11889e-25 2.23034e-25 1.20661e-25 6.5219e-26 3.52208e-26 1.90041e-26 1.02454e-26 5.51879e-27 2.97032e-27 1.59739e-27 8.58369e-28 4.60889e-28 2.47278e-28 1.3257e-28 7.10198e-29
1.74668e-07 2.87637e-07 3.58678e-07 3.83453e-07 3.71384e-07 3.35225e-07 2.86797e-07 2.35137e-07 1.86169e-07 1.43142e-07 1.07336e-07 7.8754e-08 5.66888e-08 4.01189e-08 2.79637e-08 1.92256e-08 1.30541e-08 8.76331e-09 5.82161e-09 3.83023e-09 2.49759e-09 1.61513e-09 1.03639e-09 6.60217e-10 4.17726e-10 2.62612e-10 1.64101e-10 1.0196e-10 6.30089e-11 3.87387e-11 2.37013e-11 1.44339e-11 8.75136e-12 5.28364e-12 3.17715e-12 1.90311e-12 1.13575e-12 6.75395e-13 4.00269e-13 2.3644e-13 1.39225e-13 8.17326e-14 4.78409e-14 2.79238e-14 1.62541e-14 9.43636e-15 5.46434e-15 3.15644e-15 1.81894e-15 1.04576e-15 5.99885e-16 3.43366e-16 1.96122e-16 1.1179e-16 6.3593e-17 3.61054e-17 2.04604e-17 1.15733e-17 6.53464e-18 3.68322e-18 2.07251e-18 1.16424e-18 6.52962e-19 3.65635e-19 2.04427e-19 1.14124e-19 6.36173e-20 3.54121e-20 1.96842e-20 1.09267e-20 6.05727e-21 3.35348e-21 1.8542e-21 1.02393e-21 5.64743e-22 3.11105e-22 1.71179e-22 9.40788e-23 5.16464e-23 2.83208e-23 1.5513e-23 8.48834e-24 4.63974e-24 2.53348e-24 1.38198e-24 7.53104e-25 4.10001e-25 2.22997e-25 1.21173e-25 6.57825e-26 3.56797e-26 1.9335e-26 1.04685e-26 5.66309e-27 3.06093e-27 1.65306e-27 8.92011e-28 4.8095e-28 2.5911e-28 1.39486e-28 7.50311e-29
8.4195e-08 1.44399e-07 1.85134e-07 2.02543e-07 2.00176e-07 1.84013e-07 1.60089e-07 1.33314e-07 1.07106e-07 8.34986e-08 6.34404e-08 4.71355e-08 3.43402e-08 2.45858e-08 1.73293e-08 1.20436e-08 8.26364e-09 5.60405e-09 3.75981e-09 2.49759e-09 1.64395e-09 1.07287e-09 6.94613e-10 4.46377e-10 2.84853e-10 1.80586e-10 1.13776e-10 7.12637e-11 4.4389e-11 2.75039e-11 1.69566e-11 1.04043e-11 6.35499e-12 3.86484e-12 2.34071e-12 1.41202e-12 8.48553e-13 5.08081e-13 3.03155e-13 1.80273e-13 1.06854e-13 6.31379e-14 3.71948e-14 2.1848e-14 1.27974e-14 7.4757e-15 4.35555e-15 2.53123e-15 1.46741e-15 8.48662e-16 4.89682e-16 2.81916e-16 1.6195e-16 9.28372e-17 5.31093e-17 3.03215e-17 1.72778e-17 9.82656e-18 5.57847e-18 3.16118e-18 1.78823e-18 1.00985e-18 5.69336e-19 3.20461e-19 1.80092e-19 1.01051e-19 5.66147e-20 3.16722e-20 1.76929e-20 9.86981e-21 5.49817e-21 3.05873e-21 1.69938e-21 9.42927e-22 5.22535e-22 2.8921e-22 1.59876e-22 8.8275e-23 4.86837e-23 2.68184e-23 1.47569e-23 8.11106e-24 4.4534e-24 2.44256e-24 1.33828e-24 7.32495e-25 4.00523e-25 2.18787e-25 1.19397e-25 6.50962e-26 3.54577e-26 1.9296e-26 1.04913e-26 5.69912e-27 3.09319e-27 1.67738e-27 9.08847e-28 4.92026e-28 2.66152e-28 1.43854e-28 7.76909e-29
4.05845e-08 7.23763e-08 9.53293e-08 1.06661e-07 1.07511e-07 1.00601e-07 8.8962e-08 7.52162e-08 6.12974e-08 4.84354e-08 3.7275e-08 2.80362e-08 2.06668e-08 1.49645e-08 1.06633e-08 7.48938e-09 5.19151e-09 3.55573e-09 2.40867e-09 1.61513e-09 1.07287e-09 7.06448e-10 4.61386e-10 2.99039e-10 1.92431e-10 1.22995e-10 7.81158e-11 4.93146e-11 3.09555e-11 1.93265e-11 1.20043e-11 7.41989e-12 4.56493e-12 2.796e-12 1.70526e-12 1.0358e-12 6.26712e-13 3.77773e-13 2.26899e-13 1.3581e-13 8.10183e-14 4.81773e-14 2.856e-14 1.68802e-14 9.94826e-15 5.84663e-15 3.42685e-15 2.00332e-15 1.16818e-15 6.79527e-16 3.94342e-16 2.28317e-16 1.31896e-16 7.603e-17 4.37341e-17 2.51052e-17 1.43827e-17 8.2238e-18 4.69336e-18 2.67358e-18 1.52028e-18 8.62964e-19 4.89012e-19 2.76645e-19 1.5625e-19 8.81101e-20 4.96087e-20 2.78889e-20 1.56553e-20 8.77527e-21 4.91185e-21 2.74553e-21 1.53256e-21 8.54346e-22 4.75646e-22 2.64472e-22 1.4687e-22 8.14621e-23 4.51291e-23 2.49716e-23 1.38018e-23 7.61964e-24 4.20194e-24 2.31469e-24 1.27371e-24 7.00151e-25 3.84473e-25 2.10911e-25 1.15585e-25 6.32818e-26 3.4613e-26 1.89142e-26 1.03261e-26 5.63229e-27 3.06934e-27 1.67118e-27 9.0912e-28 4.94139e-28 2.68356e-28 1.45618e-28 7.8952e-29
1.9563e-08 3.62235e-08 4.89781e-08 5.60109e-08 5.75504e-08 5.47924e-08 4.92306e-08 4.2245e-08 3.49098e-08 2.79501e-08 2.17807e-08 1.65793e-08 1.23624e-08 9.05069e-09 6.51832e-09 4.62549e-09 3.23845e-09 2.23963e-09 1.53148e-09 1.03639e-09 6.94613e-10 4.61386e-10 3.03914e-10 1.98625e-10 1.28862e-10 8.30255e-11 5.31454e-11 3.38098e-11 2.13838e-11 1.345e-11 8.41536e-12 5.23899e-12 3.246e-12 2.00202e-12 1.2294e-12 7.51809e-13 4.57913e-13 2.77838e-13 1.67957e-13 1.01173e-13 6.07367e-14 3.63419e-14 2.16765e-14 1.28896e-14 7.64205e-15 4.51792e-15 2.6636e-15 1.56616e-15 9.18504e-16 5.37323e-16 3.13569e-16 1.8256e-16 1.06043e-16 6.146e-17 3.55437e-17 2.05125e-17 1.18137e-17 6.79026e-18 3.89534e-18 2.2304e-18 1.27474e-18 7.27239e-19 4.14165e-19 2.35465e-19 1.33646e-19 7.57313e-20 4.28455e-20 2.42024e-20 1.36506e-20 7.68773e-21 4.32328e-21 2.42779e-21 1.36145e-21 7.62436e-22 4.26406e-22 2.38164e-22 1.32853e-22 7.40154e-23 4.11849e-23 2.28891e-23 1.27059e-23 7.04497e-24 3.90173e-24 2.15849e-24 1.19279e-24 6.58434e-25 3.63078e-25 2.00003e-25 1.1006e-25 6.05042e-26 3.32288e-26 1.82315e-26 9.99344e-27 5.4727e-27 2.99425e-27 1.63674e-27 8.93891e-28 4.87762e-28 2.65923e-28 1.44856e-28 7.88408e-29
9.42994e-09 1.81048e-08 2.51118e-08 2.93356e-08 3.07112e-08 2.97377e-08 2.71376e-08 2.36262e-08 1.9791e-08 1.60504e-08 1.26615e-08 9.75114e-09 7.35289e-09 5.44153e-09 3.95999e-09 2.83848e-09 2.00678e-09 1.40104e-09 9.66903e-10 6.60217e-10 4.46377e-10 2.99039e-10 1.98625e-10 1.30876e-10 8.55886e-11 5.55775e-11 3.58495e-11 2.29789e-11 1.46413e-11 9.27616e-12 5.84545e-12 3.66472e-12 2.28634e-12 1.41975e-12 8.77701e-13 5.40287e-13 3.31226e-13 2.02263e-13 1.23047e-13 7.45844e-14 4.50513e-14 2.7121e-14 1.6274e-14 9.73472e-15 5.80548e-15 3.4521e-15 2.04692e-15 1.2104e-15 7.13849e-16 4.19921e-16 2.46404e-16 1.44237e-16 8.42337e-17 4.908e-17 2.85339e-17 1.65532e-17 9.58279e-18 5.53625e-18 3.19209e-18 1.83694e-18 1.0551e-18 6.04915e-19 3.46191e-19 1.97777e-19 1.12796e-19 6.42221e-20 3.65063e-20 2.07186e-20 1.17402e-20 6.64243e-21 3.7526e-21 2.11692e-21 1.1925e-21 6.70815e-22 3.76838e-22 2.11409e-22 1.18447e-22 6.62769e-23 3.70386e-23 2.06733e-23 1.15249e-23 6.41723e-24 3.56904e-24 1.9827e-24 1.10021e-24 6.09833e-25 3.37658e-25 1.86758e-25 1.03188e-25 5.69547e-26 3.14045e-26 1.72991e-26 9.51982e-27 5.23381e-27 2.87472e-27 1.5775e-27 8.64864e-28 4.73734e-28 2.5926e-28 1.41762e-28 7.74478e-29
4.54551e-09 9.03748e-09 1.28502e-08 1.53267e-08 1.63411e-08 1.60865e-08 1.49046e-08 1.31608e-08 1.11719e-08 9.17495e-09 7.32483e-09 5.70598e-09 4.35005e-09 3.25342e-09 2.39185e-09 1.73142e-09 1.23583e-09 8.70829e-10 6.06427e-10 4.17726e-10 2.84853e-10 1.92431e-10 1.28862e-10 8.55886e-11 5.64114e-11 3.69127e-11 2.39895e-11 1.54905e-11 9.94165e-12 6.34358e-12 4.02549e-12 2.54113e-12 1.59611e-12 9.97762e-13 6.20882e-13 3.84674e-13 2.37333e-13 1.45841e-13 8.92737e-14 5.44447e-14 3.30854e-14 2.00365e-14 1.20939e-14 7.27644e-15 4.36444e-15 2.60999e-15 1.5563e-15 9.25408e-16 5.48775e-16 3.24575e-16 1.91482e-16 1.12685e-16 6.61549e-17 3.87476e-17 2.26435e-17 1.32033e-17 7.68231e-18 4.4606e-18 2.58471e-18 1.49475e-18 8.62757e-19 4.97039e-19 2.85821e-19 1.64066e-19 9.40122e-20 5.37783e-20 3.07118e-20 1.75103e-20 9.96763e-21 5.66515e-21 3.21491e-21 1.8217e-21 1.03075e-21 5.82379e-22 3.28588e-22 1.8514e-22 1.04176e-22 5.85409e-23 3.28543e-23 1.84151e-23 1.0309e-23 5.76409e-24 3.21903e-24 1.7956e-24 1.00045e-24 5.56784e-25 3.09526e-25 1.71883e-25 9.53464e-26 5.28345e-26 2.9247e-26 1.61735e-26 8.9349e-27 4.93116e-27 2.71887e-27 1.49766e-27 8.24199e-28 4.53159e-28 2.48928e-28 1.36619e-28 7.49144e-29
2.19107e-09 4.50597e-09 6.56382e-09 7.98911e-09 8.67121e-09 8.67499e-09 8.15786e-09 7.30376e-09 6.28109e-09 5.22221e-09 4.21825e-09 3.32295e-09 2.56065e-09 1.935e-09 1.43683e-09 1.05017e-09 7.56618e-10 5.38011e-10 3.7798e-10 2.62612e-10 1.80586e-10 1.22995e-10 8.30255e-11 5.55775e-11 3.69127e-11 2.43357e-11 1.59325e-11 1.03625e-11 6.69787e-12 4.30366e-12 2.74977e-12 1.74755e-12 1.10496e-12 6.95254e-13 4.35429e-13 2.71489e-13 1.6855e-13 1.04213e-13 6.41809e-14 3.93768e-14 2.40708e-14 1.46627e-14 8.9015e-15 5.38631e-15 3.24898e-15 1.95378e-15 1.17144e-15 7.00365e-16 4.17565e-16 2.48289e-16 1.47251e-16 8.71089e-17 5.14045e-17 3.02624e-17 1.77746e-17 1.04164e-17 6.09092e-18 3.55403e-18 2.06946e-18 1.20258e-18 6.97448e-19 4.03715e-19 2.3325e-19 1.34516e-19 7.74369e-20 4.45004e-20 2.55293e-20 1.46214e-20 8.36048e-21 4.77288e-21 2.72053e-21 1.54833e-21 8.79882e-22 4.99287e-22 2.82914e-22 1.60084e-22 9.04579e-23 5.10457e-23 2.87672e-23 1.6191e-23 9.1012e-24 5.10954e-24 2.86506e-24 1.60459e-24 8.97602e-25 5.01534e-25 2.79913e-25 1.56049e-25 8.69008e-26 4.83413e-26 2.68628e-26 1.49119e-26 8.26934e-27 4.58111e-27 2.53536e-27 1.4018e-27 7.74314e-28 4.27305e-28 2.35589e-28 1.29771e-28 7.14178e-29
1.05616e-09 2.24414e-09 3.34706e-09 4.15532e-09 4.58947e-09 4.66453e-09 4.45068e-09 4.03903e-09 3.51799e-09 2.96037e-09 2.41882e-09 1.92644e-09 1.5002e-09 1.14519e-09 8.58703e-10 6.33582e-10 4.60677e-10 3.30502e-10 2.34211e-10 1.64101e-10 1.13776e-10 7.81158e-11 5.31454e-11 3.58495e-11 2.39895e-11 1.59325e-11 1.05065e-11 6.88201e-12 4.47926e-12 2.89785e-12 1.86402e-12 1.19249e-12 7.58915e-13 4.80586e-13 3.02889e-13 1.90028e-13 1.18701e-13 7.38368e-14 4.57449e-14 2.82313e-14 1.73581e-14 1.06344e-14 6.49265e-15 3.95075e-15 2.39627e-15 1.4489e-15 8.73431e-16 5.2499e-16 3.14663e-16 1.88083e-16 1.12124e-16 6.66691e-17 3.95425e-17 2.33962e-17 1.38102e-17 8.13308e-18 4.77901e-18 2.80203e-18 1.63941e-18 9.57201e-19 5.57755e-19 3.24362e-19 1.88271e-19 1.09075e-19 6.30771e-20 3.6412e-20 2.09826e-20 1.20708e-20 6.93247e-21 3.97497e-21 2.27555e-21 1.30066e-21 7.42295e-22 4.23001e-22 2.40697e-22 1.36766e-22 7.76023e-23 4.39717e-23 2.48821e-23 1.40613e-23 7.93597e-24 4.47323e-24 2.51826e-24 1.41595e-24 7.95188e-25 4.46046e-25 2.49911e-25 1.39861e-25 7.81842e-26 4.36581e-26 2.43523e-26 1.35691e-26 7.55285e-27 4.19974e-27 2.33289e-27 1.29459e-27 7.17708e-28 3.97506e-28 2.19951e-28 1.21592e-28 6.71557e-29
5.09103e-10 1.11651e-09 1.70401e-09 2.15685e-09 2.42322e-09 2.50121e-09 2.42075e-09 2.22619e-09 1.96334e-09 1.67177e-09 1.38139e-09 1.11208e-09 8.74997e-10 6.74599e-10 5.10707e-10 3.80327e-10 2.79031e-10 2.01938e-10 1.44324e-10 1.0196e-10 7.12637e-11 4.93146e-11 3.38098e-11 2.29789e-11 1.54905e-11 1.03625e-11 6.88201e-12 4.5393e-12 2.97471e-12 1.93743e-12 1.25448e-12 8.07762e-13 5.17362e-13 3.29687e-13 2.09075e-13 1.31973e-13 8.29344e-14 5.18953e-14 3.23399e-14 2.0074e-14 1.24131e-14 7.6478e-15 4.69525e-15 2.87277e-15 1.75192e-15 1.06499e-15 6.45417e-16 3.89979e-16 2.34957e-16 1.41163e-16 8.45817e-17 5.05461e-17 3.01293e-17 1.79148e-17 1.06264e-17 6.28839e-18 3.7128e-18 2.18725e-18 1.28574e-18 7.5421e-19 4.41507e-19 2.57936e-19 1.50396e-19 8.75251e-20 5.08415e-20 2.94791e-20 1.70622e-20 9.85833e-21 5.68634e-21 3.27446e-21 1.88253e-21 1.08057e-21 6.19278e-22 3.54371e-22 2.02479e-22 1.15523e-22 6.58164e-23 3.74446e-23 2.12738e-23 1.20702e-23 6.83929e-24 3.87027e-24 2.18734e-24 1.23467e-24 6.96062e-25 3.91943e-25 2.20436e-25 1.23833e-25 6.94852e-26 3.89458e-26 2.18046e-26 1.21945e-26 6.81268e-27 3.80202e-27 2.11964e-27 1.1805e-27 6.56808e-28 3.65075e-28 2.02724e-28 1.12464e-28 6.23324e-29
2.45403e-10 5.5495e-10 8.66218e-10 1.11737e-09 1.27652e-09 1.3377e-09 1.31286e-09 1.22315e-09 1.092e-09 9.40664e-10 7.8589e-10 6.3938e-10 5.08189e-10 3.95634e-10 3.02346e-10 2.27216e-10 1.68176e-10 1.22758e-10 8.84677e-11 6.30089e-11 4.4389e-11 3.09555e-11 2.13838e-11 1.46413e-11 9.94165e-12 6.69787e-12 4.47926e-12 2.97471e-12 1.9625e-12 1.28663e-12 8.385e-13 5.43361e-13 3.50205e-13 2.24548e-13 1.43269e-13 9.09779e-14 5.75109e-14 3.61971e-14 2.26872e-14 1.41625e-14 8.80678e-15 5.456e-15 3.36797e-15 2.07183e-15 1.27023e-15 7.76254e-16 4.72892e-16 2.87211e-16 1.73926e-16 1.05024e-16 6.32427e-17 3.79811e-17 2.27506e-17 1.35931e-17 8.10169e-18 4.81718e-18 2.85758e-18 1.6913e-18 9.9881e-19 5.88587e-19 3.46121e-19 2.03122e-19 1.18965e-19 6.95402e-20 4.05721e-20 2.36272e-20 1.37344e-20 7.96959e-21 4.61648e-21 2.66962e-21 1.54123e-21 8.88344e-22 5.11216e-22 2.93733e-22 1.68516e-22 9.65338e-23 5.52184e-23 3.15403e-23 1.79902e-23 1.02473e-23 5.82903e-24 3.31136e-24 1.87868e-24 1.06449e-24 6.02405e-25 3.40487e-25 1.92214e-25 1.08382e-25 6.10407e-26 3.43387e-26 1.92956e-26 1.08306e-26 6.07258e-27 3.40117e-27 1.90294e-27 1.06358e-27 5.93847e-28 3.31239e-28 1.84578e-28 1.02753e-28 5.71468e-29
1.18292e-10 2.75581e-10 4.39705e-10 5.77804e-10 6.70997e-10 7.13672e-10 7.10065e-10 6.70036e-10 6.05419e-10 5.27475e-10 4.4548e-10 3.66202e-10 2.93968e-10 2.31059e-10 1.78214e-10 1.35131e-10 1.00888e-10 7.4264e-11 5.39595e-11 3.87387e-11 2.75039e-11 1.93265e-11 1.345e-11 9.27616e-12 6.34358e-12 4.30366e-12 2.89785e-12 1.93743e-12 1.28663e-12 8.48992e-13 5.56824e-13 3.63096e-13 2.35468e-13 1.51899e-13 9.74967e-14 6.22777e-14 3.95976e-14 2.50656e-14 1.57993e-14 9.91789e-15 6.20136e-15 3.86282e-15 2.39734e-15 1.48259e-15 9.13747e-16 5.61303e-16 3.43701e-16 2.09808e-16 1.27691e-16 7.74887e-17 4.68914e-17 2.82983e-17 1.70324e-17 1.02251e-17 6.12315e-18 3.65781e-18 2.1799e-18 1.29613e-18 7.68928e-19 4.55166e-19 2.6886e-19 1.58481e-19 9.32277e-20 5.47333e-20 3.20713e-20 1.87569e-20 1.09497e-20 6.38055e-21 3.71148e-21 2.1552e-21 1.24937e-21 7.2307e-22 4.17797e-22 2.41025e-22 1.3883e-22 7.98446e-23 4.58522e-23 2.62931e-23 1.50557e-23 8.60892e-24 4.91585e-24 2.80326e-24 1.59643e-24 9.07972e-25 5.15751e-25 2.92592e-25 1.65786e-25 9.3823e-26 5.30339e-26 2.99426e-26 1.6886e-26 9.51201e-27 5.35224e-27 3.00832e-27 1.68907e-27 9.47348e-28 5.30787e-28 2.97089e-28 1.66117e-28 9.27922e-29 5.17826e-29
5.70201e-11 1.36732e-10 2.229e-10 2.98271e-10 3.51982e-10 3.79857e-10 3.83044e-10 3.66005e-10 3.34627e-10 2.94818e-10 2.51649e-10 2.08978e-10 1.69402e-10 1.34407e-10 1.04611e-10 8.0021e-11 6.02539e-11 4.4721e-11 3.27562e-11 2.37013e-11 1.69566e-11 1.20043e-11 8.41536e-12 5.84545e-12 4.02549e-12 2.74977e-12 1.86402e-12 1.25448e-12 8.385e-13 5.56824e-13 3.67494e-13 2.41116e-13 1.57314e-13 1.02089e-13 6.59126e-14 4.23474e-14 2.70796e-14 1.72384e-14 1.09262e-14 6.89657e-15 4.33562e-15 2.71513e-15 1.69399e-15 1.05309e-15 6.52395e-16 4.02806e-16 2.47896e-16 1.52081e-16 9.30156e-17 5.67222e-17 3.44909e-17 2.09145e-17 1.26479e-17 7.62864e-18 4.58953e-18 2.7543e-18 1.64894e-18 9.84865e-19 5.86887e-19 3.4895e-19 2.07027e-19 1.22566e-19 7.24124e-20 4.26952e-20 2.5124e-20 1.47558e-20 8.65003e-21 5.06144e-21 2.95631e-21 1.7237e-21 1.00329e-21 5.82989e-22 3.38204e-22 1.95882e-22 1.13273e-22 6.54009e-23 3.77036e-23 2.17038e-23 1.24754e-23 7.16066e-24 4.10432e-24 2.34927e-24 1.34288e-24 7.66595e-25 4.37048e-25 2.4885e-25 1.41514e-25 8.0376e-26 4.5596e-26 2.58351e-26 1.46212e-26 8.26531e-27 4.66704e-27 2.63234e-27 1.48308e-27 8.34681e-28 4.69263e-28 2.63547e-28 1.47861e-28 8.28727e-29 4.6402e-29
2.74854e-11 6.7786e-11 1.1285e-10 1.53719e-10 1.84277e-10 2.01732e-10 2.06123e-10 1.99391e-10 1.84419e-10 1.6427e-10 1.41689e-10 1.18845e-10 9.72659e-11 7.78885e-11 6.1165e-11 4.71928e-11 3.58336e-11 2.6813e-11 1.97952e-11 1.44339e-11 1.04043e-11 7.41989e-12 5.23899e-12 3.66472e-12 2.54113e-12 1.74755e-12 1.19249e-12 8.07762e-13 5.43361e-13 3.63096e-13 2.41116e-13 1.5916e-13 1.04463e-13 6.81904e-14 4.42816e-14 2.86125e-14 1.83997e-14 1.17781e-14 7.50621e-15 4.7635e-15 3.01064e-15 1.89532e-15 1.18866e-15 7.42752e-16 4.6248e-16 2.86984e-16 1.77495e-16 1.09426e-16 6.72529e-17 4.12092e-17 2.51773e-17 1.5339e-17 9.31943e-18 5.64705e-18 3.41292e-18 2.05747e-18 1.2373e-18 7.42295e-19 4.4429e-19 2.6532e-19 1.58093e-19 9.39974e-20 5.57707e-20 3.3022e-20 1.95132e-20 1.15081e-20 6.774e-21 3.97992e-21 2.33405e-21 1.36637e-21 7.9848e-22 4.65819e-22 2.71295e-22 1.57744e-22 9.15725e-23 5.30753e-23 3.0715e-23 1.7748e-23 1.02401e-23 5.89966e-24 3.39414e-24 1.94995e-24 1.11872e-24 6.40961e-25 3.66747e-25 2.09574e-25 1.19606e-25 6.81743e-26 3.8811e-26 2.20679e-26 1.25329e-26 7.10936e-27 4.02819e-27 2.2798e-27 1.28885e-27 7.27826e-28 4.10568e-28 2.31357e-28 1.30234e-28 7.32352e-29 4.1141e-29
1.32488e-11 3.35797e-11 5.70647e-11 7.90978e-11 9.62979e-11 1.06908e-10 1.10658e-10 1.08345e-10 1.01355e-10 9.12599e-11 7.95271e-11 6.73635e-11 5.56546e-11 4.49736e-11 3.56283e-11 2.77239e-11 2.12247e-11 1.60092e-11 1.19113e-11 8.75136e-12 6.35499e-12 4.56493e-12 3.246e-12 2.28634e-12 1.59611e-12 1.10496e-12 7.58915e-13 5.17362e-13 3.50205e-13 2.35468e-13 1.57314e-13 1.04463e-13 6.89664e-14 4.52802e-14 2.95719e-14 1.92154e-14 1.24253e-14 7.99719e-15 5.12416e-15 3.26915e-15 2.07704e-15 1.31437e-15 8.28544e-16 5.20352e-16 3.25624e-16 2.03061e-16 1.26205e-16 7.81826e-17 4.82809e-17 2.97243e-17 1.82457e-17 1.11676e-17 6.81624e-18 4.14906e-18 2.51889e-18 1.52529e-18 9.21319e-19 5.55152e-19 3.33721e-19 2.00149e-19 1.19769e-19 7.15128e-20 4.26081e-20 2.53334e-20 1.50317e-20 8.90135e-21 5.26088e-21 3.10338e-21 1.82727e-21 1.07394e-21 6.30061e-22 3.69002e-22 2.15742e-22 1.25926e-22 7.33811e-23 4.26931e-23 2.47998e-23 1.43837e-23 8.32985e-24 4.81682e-24 2.78133e-24 1.60371e-24 9.23405e-25 5.3096e-25 3.04892e-25 1.74846e-25 1.00138e-25 5.72782e-26 3.27215e-26 1.86699e-26 1.06396e-26 6.05603e-27 3.44305e-27 1.95522e-27 1.10907e-27 6.28397e-28 3.55659e-28 2.01078e-28 1.13562e-28 6.40685e-29 3.61085e-29
