0.375224 0.0472915 0.0275087 0.0173972 0.0114852 0.00773839 0.00525946 0.00358518 0.00244442 0.00166496 0.00113234 0.000768825 0.000521133 0.000352668 0.000238297 0.000160785 0.000108339 7.29077e-05 4.90059e-05 3.29033e-05 2.20686e-05 1.47869e-05 9.89829e-06 6.61945e-06 4.42209e-06 2.95034e-06 1.96467e-06 1.30395e-06 8.59694e-07 5.58671e-07 3.71911e-07
0.0472915 0.00958525 0.00528834 0.00303444 0.00177539 0.00105253 0.000630907 0.000381906 0.000233195 0.000143472 8.88453e-05 5.53222e-05 3.46099e-05 2.17385e-05 1.37005e-05 8.65984e-06 5.4875e-06 3.48486e-06 2.21729e-06 1.41312e-06 9.01926e-07 5.7638e-07 3.68728e-07 2.36076e-07 1.51207e-07 9.68164e-08 6.18796e-08 3.93588e-08 2.47528e-08 1.51797e-08 9.78159e-09
0.0275087 0.00528834 0.00267122 0.00144495 0.000814276 0.000471365 0.000278229 0.00016672 0.000101111 6.19202e-05 3.82222e-05 2.3748e-05 1.48346e-05 9.30825e-06 5.86261e-06 3.70419e-06 2.34677e-06 1.49024e-06 9.48236e-07 6.0441e-07 3.85836e-07 2.46622e-07 1.57804e-07 1.01048e-07 6.47199e-08 4.14239e-08 2.64467e-08 1.67805e-08 1.05047e-08 6.68342e-09 4.30849e-09
0.0173972 0.00303444 0.00144495 0.000747859 0.000408928 0.000232043 0.000135169 8.02808e-05 4.83921e-05 2.95087e-05 1.81591e-05 1.1257e-05 7.01992e-06 4.3991e-06 2.76793e-06 1.74752e-06 1.10646e-06 7.0229e-07 4.46695e-07 2.84639e-07 1.81659e-07 1.1609e-07 7.42654e-08 4.75423e-08 3.04383e-08 1.9469e-08 1.24158e-08 7.86491e-09 5.02816e-09 3.19921e-09 2.06239e-09
0.0114852 0.00177539 0.000814276 0.000408928 0.000218832 0.000122365 7.05782e-05 4.16353e-05 2.49776e-05 1.51781e-05 9.31579e-06 5.76311e-06 3.588e-06 2.2454e-06 1.4112e-06 8.90084e-07 5.63089e-07 3.57135e-07 2.27006e-07 1.44565e-07 9.22117e-08 5.88977e-08 3.76592e-08 2.40955e-08 1.54175e-08 9.85439e-09 6.28012e-09 4.02213e-09 2.57132e-09 1.63587e-09 1.05427e-09
0.00773839 0.00105253 0.000471365 0.000232043 0.000122365 6.77309e-05 3.87942e-05 2.27736e-05 1.36137e-05 8.25009e-06 5.05268e-06 3.12018e-06 1.93959e-06 1.21219e-06 7.60937e-07 4.79429e-07 3.03003e-07 1.92006e-07 1.21944e-07 7.75982e-08 4.9461e-08 3.15701e-08 2.01725e-08 1.28984e-08 8.24775e-09 5.2691e-09 3.37553e-09 2.16143e-09 1.38149e-09 8.78732e-10 5.66057e-10
0.00525946 0.000630907 0.000278229 0.000135169 7.05782e-05 3.87942e-05 2.21115e-05 1.29343e-05 7.71096e-06 4.6628e-06 2.85045e-06 1.75742e-06 1.0909e-06 6.80898e-07 4.26916e-07 2.68682e-07 1.69635e-07 1.0739e-07 6.81431e-08 4.33255e-08 2.75934e-08 1.7599e-08 1.12371e-08 7.18014e-09 4.58873e-09 2.93792e-09 1.88142e-09 1.2043e-09 7.69486e-10 4.89331e-10 3.15046e-10
0.00358518 0.000381906 0.00016672 8.02808e-05 4.16353e-05 2.27736e-05 1.29343e-05 7.54564e-06 4.48873e-06 2.70934e-06 1.65358e-06 1.01801e-06 6.31061e-07 3.93388e-07 2.46361e-07 1.54878e-07 9.76821e-08 6.1779e-08 3.91648e-08 2.48793e-08 1.58322e-08 1.00898e-08 6.43766e-09 4.11086e-09 2.62893e-09 1.68233e-09 1.07686e-09 6.89003e-10 4.40073e-10 2.79776e-10 1.80028e-10
0.00244442 0.000233195 0.000101111 4.83921e-05 2.49776e-05 1.36137e-05 7.71096e-06 4.48873e-06 2.66534e-06 1.60616e-06 9.78821e-07 6.01767e-07 3.72553e-07 2.31958e-07 1.45098e-07 9.11188e-08 5.74103e-08 3.6274e-08 2.29749e-08 1.45821e-08 9.27181e-09 5.90431e-09 3.76457e-09 2.40373e-09 1.53631e-09 9.82597e-10 6.28643e-10 4.0204e-10 2.56686e-10 1.63142e-10 1.04919e-10
0.00166496 0.000143472 6.19202e-05 2.95087e-05 1.51781e-05 8.25009e-06 4.6628e-06 2.70934e-06 1.60616e-06 9.66438e-07 5.88146e-07 3.61111e-07 2.23286e-07 1.38859e-07 8.67647e-08 5.44295e-08 3.42598e-08 2.16263e-08 1.36853e-08 8.67864e-09 5.51381e-09 3.50863e-09 2.23613e-09 1.42689e-09 9.11433e-10 5.82613e-10 3.7255e-10 2.38149e-10 1.51988e-10 9.65727e-11 6.20737e-11
0.00113234 8.88453e-05 3.82222e-05 1.81591e-05 9.31579e-06 5.05268e-06 2.85045e-06 1.65358e-06 9.78821e-07 5.88146e-07 3.57457e-07 2.19198e-07 1.35376e-07 8.40943e-08 5.24895e-08 3.28947e-08 2.06852e-08 1.30456e-08 8.24826e-09 5.22648e-09 3.31802e-09 2.11012e-09 1.34393e-09 8.57032e-10 5.47109e-10 3.49534e-10 2.23394e-10 1.42737e-10 9.10599e-11 5.78436e-11 3.71607e-11
0.000768825 5.53222e-05 2.3748e-05 1.1257e-05 5.76311e-06 3.12018e-06 1.75742e-06 1.01801e-06 6.01767e-07 3.61111e-07 2.19198e-07 1.34256e-07 8.28221e-08 5.13929e-08 3.20455e-08 2.00632e-08 1.26049e-08 7.94265e-09 5.01774e-09 3.17702e-09 2.01557e-09 1.28094e-09 8.15295e-10 5.19599e-10 3.31508e-10 2.11678e-10 1.35221e-10 8.63598e-11 5.50728e-11 3.49746e-11 2.24578e-11
0.000521133 3.46099e-05 1.48346e-05 7.01992e-06 3.588e-06 1.93959e-06 1.0909e-06 6.31061e-07 3.72553e-07 2.23286e-07 1.35376e-07 8.28221e-08 5.10379e-08 3.16377e-08 1.97082e-08 1.23277e-08 7.73822e-09 4.87203e-09 3.07549e-09 1.94589e-09 1.23366e-09 7.83495e-10 4.98369e-10 3.1743e-10 2.0241e-10 1.29177e-10 8.24792e-11 5.26532e-11 3.35653e-11 2.13106e-11 1.36774e-11
0.000352668 2.17385e-05 9.30825e-06 4.3991e-06 2.2454e-06 1.21219e-06 6.80898e-07 3.93388e-07 2.31958e-07 1.38859e-07 8.40943e-08 5.13929e-08 3.16377e-08 1.95928e-08 1.21938e-08 7.62066e-09 4.7796e-09 3.00691e-09 1.89675e-09 1.19925e-09 7.59791e-10 4.82238e-10 3.0656e-10 1.95149e-10 1.24371e-10 7.9333e-11 5.06303e-11 3.23079e-11 2.05883e-11 1.30684e-11 8.38366e-12
0.000238297 1.37005e-05 5.86261e-06 2.76793e-06 1.4112e-06 7.60937e-07 4.26916e-07 2.46361e-07 1.45098e-07 8.67647e-08 5.24895e-08 3.20455e-08 1.97082e-08 1.21938e-08 7.58228e-09 4.73472e-09 2.96724e-09 1.86536e-09 1.17583e-09 7.42938e-10 4.70394e-10 2.98378e-10 1.89571e-10 1.20611e-10 7.68271e-11 4.89826e-11 3.12467e-11 1.99309e-11 1.26967e-11 8.05734e-12 5.16673e-12
0.000160785 8.65984e-06 3.70419e-06 1.74752e-06 8.90084e-07 4.79429e-07 2.68682e-07 1.54878e-07 9.11188e-08 5.44295e-08 3.28947e-08 2.00632e-08 1.23277e-08 7.62066e-09 4.73472e-09 2.95425e-09 1.85006e-09 1.16222e-09 7.32114e-10 4.62284e-10 2.9252e-10 1.85443e-10 1.17754e-10 7.48798e-11 4.76737e-11 3.03813e-11 1.93723e-11 1.2352e-11 7.86608e-12 4.99071e-12 3.19895e-12
0.000108339 5.4875e-06 2.34677e-06 1.10646e-06 5.63089e-07 3.03003e-07 1.69635e-07 9.76821e-08 5.74103e-08 3.42598e-08 2.06852e-08 1.26049e-08 7.73822e-09 4.7796e-09 2.96724e-09 1.85006e-09 1.15775e-09 7.26821e-10 4.57552e-10 2.8874e-10 1.826e-10 1.15695e-10 7.34269e-11 4.66689e-11 2.96987e-11 1.89178e-11 1.20578e-11 7.68532e-12 4.89268e-12 3.10354e-12 1.98852e-12
7.29077e-05 3.48486e-06 1.49024e-06 7.0229e-07 3.57135e-07 1.92006e-07 1.0739e-07 6.1779e-08 3.6274e-08 2.16263e-08 1.30456e-08 7.94265e-09 4.87203e-09 3.00691e-09 1.86536e-09 1.16222e-09 7.26821e-10 4.55995e-10 2.86886e-10 1.80935e-10 1.14361e-10 7.24212e-11 4.59396e-11 2.91845e-11 1.85638e-11 1.182e-11 7.53081e-12 4.79821e-12 3.05375e-12 1.93666e-12 1.2404e-12
4.90059e-05 2.21729e-06 9.48236e-07 4.46695e-07 2.27006e-07 1.21944e-07 6.81431e-08 3.91648e-08 2.29749e-08 1.36853e-08 8.24826e-09 5.01774e-09 3.07549e-09 1.89675e-09 1.17583e-09 7.32114e-10 4.57552e-10 2.86886e-10 1.80387e-10 1.13705e-10 7.18302e-11 4.54649e-11 2.88264e-11 1.83045e-11 1.16381e-11 7.40724e-12 4.71755e-12 3.00473e-12 1.91175e-12 1.21218e-12 7.761e-13
3.29033e-05 1.41312e-06 6.0441e-07 2.84639e-07 1.44565e-07 7.75982e-08 4.33255e-08 2.48793e-08 1.45821e-08 8.67864e-09 5.22648e-09 3.17702e-09 1.94589e-09 1.19925e-09 7.42938e-10 4.62284e-10 2.8874e-10 1.80935e-10 1.13705e-10 7.16352e-11 4.52308e-11 2.86151e-11 1.81347e-11 1.15104e-11 7.31535e-12 4.65412e-12 2.96305e-12 1.88662e-12 1.20002e-12 7.6075e-13 4.86901e-13
2.20686e-05 9.01926e-07 3.85836e-07 1.81659e-07 9.22117e-08 4.9461e-08 2.75934e-08 1.58322e-08 9.27181e-09 5.51381e-09 3.31802e-09 2.01557e-09 1.23366e-09 7.59791e-10 4.70394e-10 2.9252e-10 1.826e-10 1.14361e-10 7.18302e-11 4.52308e-11 2.85453e-11 1.80508e-11 1.14346e-11 7.25467e-12 4.60884e-12 2.9311e-12 1.86543e-12 1.18737e-12 7.55048e-13 4.78573e-13 3.06197e-13
1.47869e-05 5.7638e-07 2.46622e-07 1.1609e-07 5.88977e-08 3.15701e-08 1.7599e-08 1.00898e-08 5.90431e-09 3.50863e-09 2.11012e-09 1.28094e-09 7.83495e-10 4.82238e-10 2.98378e-10 1.85443e-10 1.15695e-10 7.24212e-11 4.54649e-11 2.86151e-11 1.80508e-11 1.14095e-11 7.22454e-12 4.58176e-12 2.90965e-12 1.84979e-12 1.17686e-12 7.48858e-13 4.76075e-13 3.01698e-13 1.92968e-13
9.89829e-06 3.68728e-07 1.57804e-07 7.42654e-08 3.76592e-08 2.01725e-08 1.12371e-08 6.43766e-09 3.76457e-09 2.23613e-09 1.34393e-09 8.15295e-10 4.98369e-10 3.0656e-10 1.89571e-10 1.17754e-10 7.34269e-11 4.59396e-11 2.88264e-11 1.81347e-11 1.14346e-11 7.22454e-12 4.57276e-12 2.89891e-12 1.84028e-12 1.16954e-12 7.43838e-13 4.73178e-13 3.0074e-13 1.90552e-13 1.21841e-13
6.61945e-06 2.36076e-07 1.01048e-07 4.75423e-08 2.40955e-08 1.28984e-08 7.18014e-09 4.11086e-09 2.40373e-09 1.42689e-09 8.57032e-10 5.19599e-10 3.1743e-10 1.95149e-10 1.20611e-10 7.48798e-11 4.66689e-11 2.91845e-11 1.83045e-11 1.15104e-11 7.25467e-12 4.58176e-12 2.89891e-12 1.83709e-12 1.16581e-12 7.40656e-13 4.70917e-13 2.99479e-13 1.90296e-13 1.20554e-13 7.70603e-14
4.42209e-06 1.51207e-07 6.47199e-08 3.04383e-08 1.54175e-08 8.24775e-09 4.58873e-09 2.62893e-09 1.53631e-09 9.11433e-10 5.47109e-10 3.31508e-10 2.0241e-10 1.24371e-10 7.68271e-11 4.76737e-11 2.96987e-11 1.85638e-11 1.16381e-11 7.31535e-12 4.60884e-12 2.90965e-12 1.84028e-12 1.16581e-12 7.39572e-13 4.69711e-13 2.98558e-13 1.89817e-13 1.20586e-13 7.63805e-14 4.88098e-14
2.95034e-06 9.68164e-08 4.14239e-08 1.9469e-08 9.85439e-09 5.2691e-09 2.93792e-09 1.68233e-09 9.82597e-10 5.82613e-10 3.49534e-10 2.11678e-10 1.29177e-10 7.9333e-11 4.89826e-11 3.03813e-11 1.89178e-11 1.182e-11 7.40724e-12 4.65412e-12 2.9311e-12 1.84979e-12 1.16954e-12 7.40656e-13 4.69711e-13 2.98229e-13 1.89507e-13 1.20453e-13 7.65047e-14 4.84516e-14 3.09538e-14
1.96467e-06 6.18796e-08 2.64467e-08 1.24158e-08 6.28012e-09 3.37553e-09 1.88142e-09 1.07686e-09 6.28643e-10 3.7255e-10 2.23394e-10 1.35221e-10 8.24792e-11 5.06303e-11 3.12467e-11 1.93723e-11 1.20578e-11 7.53081e-12 4.71755e-12 2.96305e-12 1.86543e-12 1.17686e-12 7.43838e-13 4.70917e-13 2.98558e-13 1.89507e-13 1.20389e-13 7.65024e-14 4.85797e-14 3.0762e-14 1.96476e-14
1.30395e-06 3.93588e-08 1.67805e-08 7.86491e-09 4.02213e-09 2.16143e-09 1.2043e-09 6.89003e-10 4.0204e-10 2.38149e-10 1.42737e-10 8.63598e-11 5.26532e-11 3.23079e-11 1.99309e-11 1.2352e-11 7.68532e-12 4.79821e-12 3.00473e-12 1.88662e-12 1.18737e-12 7.48858e-13 4.73178e-13 2.99479e-13 1.89817e-13 1.20453e-13 7.65024e-14 4.86036e-14 3.08579e-14 1.95376e-14 1.24757e-14
8.59694e-07 2.47528e-08 1.05047e-08 5.02816e-09 2.57132e-09 1.38149e-09 7.69486e-10 4.40073e-10 2.56686e-10 1.51988e-10 9.10599e-11 5.50728e-11 3.35653e-11 2.05883e-11 1.26967e-11 7.86608e-12 4.89268e-12 3.05375e-12 1.91175e-12 1.20002e-12 7.55048e-13 4.76075e-13 3.0074e-13 1.90296e-13 1.20586e-13 7.65047e-14 4.85797e-14 3.08579e-14 1.95883e-14 1.24009e-14 7.91701e-15
5.58671e-07 1.51797e-08 6.68342e-09 3.19921e-09 1.63587e-09 8.78732e-10 4.89331e-10 2.79776e-10 1.63142e-10 9.65727e-11 5.78436e-11 3.49746e-11 2.13106e-11 1.30684e-11 8.05734e-12 4.99071e-12 3.10354e-12 1.93666e-12 1.21218e-12 7.6075e-13 4.78573e-13 3.01698e-13 1.90552e-13 1.20554e-13 7.63805e-14 4.84516e-14 3.0762e-14 1.95376e-14 1.24009e-14 7.85018e-15 5.01105e-15
3.71911e-07 9.78159e-09 4.30849e-09 2.06239e-09 1.05427e-09 5.66057e-10 3.15046e-10 1.80028e-10 1.04919e-10 6.20737e-11 3.71607e-11 2.24578e-11 1.36774e-11 8.38366e-12 5.16673e-12 3.19895e-12 1.98852e-12 1.2404e-12 7.761e-13 4.86901e-13 3.06197e-13 1.92968e-13 1.21841e-13 7.70603e-14 4.88098e-14 3.09538e-14 1.96476e-14 1.24757e-14 7.91701e-15 5.01105e-15 3.19794e-15
