0.384772 0.0850173 0.0394946 0.0198397 0.00982939 0.0046698 0.00212681 0.000935337 0.000400277 0.000167744 6.91682e-05 2.81625e-05 1.13519e-05 4.53878e-06 1.80262e-06 7.11947e-07 2.79858e-07 1.09564e-07 4.27432e-08 1.66238e-08 6.44781e-09 2.49483e-09 9.63224e-10 3.71161e-10 1.42766e-10 5.48254e-11 2.10225e-11 8.04869e-12 3.07419e-12 1.16375e-12 4.44103e-13
0.0850173 0.02462 0.0113921 0.00463763 0.00176618 0.000650998 0.000236388 8.53319e-05 3.07602e-05 1.10962e-05 4.00915e-06 1.45126e-06 5.26331e-07 1.91221e-07 6.95838e-08 2.53572e-08 9.2522e-09 3.3797e-09 1.23579e-09 4.52268e-10 1.6565e-10 6.07148e-11 2.22676e-11 8.17147e-12 3.0002e-12 1.10203e-12 4.04913e-13 1.48694e-13 5.42997e-14 1.90969e-14 7.03002e-15
0.0394946 0.0113921 0.0039328 0.00139555 0.00049546 0.000175608 6.22834e-05 2.21486e-05 7.90446e-06 2.83162e-06 1.018e-06 3.67157e-07 1.32792e-07 4.81436e-08 1.74907e-08 6.36575e-09 2.32039e-09 8.46936e-10 3.09488e-10 1.13209e-10 4.14479e-11 1.51869e-11 5.56851e-12 2.04306e-12 7.5e-13 2.75439e-13 1.01146e-13 3.70321e-14 1.32859e-14 4.85969e-15 1.78912e-15
0.0198397 0.00463763 0.00139555 0.000452828 0.000152238 5.21737e-05 1.81099e-05 6.3477e-06 2.24259e-06 7.97466e-07 2.85109e-07 1.02386e-07 3.69031e-08 1.33417e-08 4.83584e-09 1.75657e-09 6.39226e-10 2.32981e-10 8.50302e-11 3.10694e-11 1.13641e-11 4.16034e-12 1.52428e-12 5.58862e-13 2.0502e-13 7.52317e-14 2.75685e-14 9.99681e-15 3.66599e-15 1.34071e-15 4.93425e-16
0.00982939 0.00176618 0.00049546 0.000152238 4.93062e-05 1.64829e-05 5.62592e-06 1.94884e-06 6.82619e-07 2.41163e-07 8.57801e-08 3.06772e-08 1.10191e-08 3.97224e-09 1.43619e-09 5.20548e-10 1.89068e-10 6.87931e-11 2.50689e-11 9.14741e-12 3.34164e-12 1.22197e-12 4.47243e-13 1.63817e-13 6.00354e-14 2.19941e-14 8.01741e-15 2.93964e-15 1.0776e-15 3.93939e-16 1.44898e-16
0.0046698 0.000650998 0.000175608 5.21737e-05 1.64829e-05 5.41452e-06 1.82532e-06 6.26614e-07 2.17987e-07 7.65993e-08 2.71267e-08 9.66566e-09 3.461e-09 1.24425e-09 4.48785e-10 1.62315e-10 5.88412e-11 2.13725e-11 7.77604e-12 2.8333e-12 1.03366e-12 3.77524e-13 1.38016e-13 5.04961e-14 1.84803e-14 6.74961e-15 2.47278e-15 9.06154e-16 3.31991e-16 1.21303e-16 4.45864e-17
0.00212681 0.000236388 6.22834e-05 1.81099e-05 5.62592e-06 1.82532e-06 6.09758e-07 2.07884e-07 7.19277e-08 2.51636e-08 8.87837e-09 3.15344e-09 1.12601e-09 4.03805e-10 1.45325e-10 5.24553e-11 1.8981e-11 6.88285e-12 2.50038e-12 9.09758e-13 3.31468e-13 1.20914e-13 4.41525e-14 1.61339e-14 5.89284e-15 2.15632e-15 7.89435e-16 2.89099e-16 1.05851e-16 3.8654e-17 1.41974e-17
0.000935337 8.53319e-05 2.21486e-05 6.3477e-06 1.94884e-06 6.26614e-07 2.07884e-07 7.04906e-08 2.42827e-08 8.4639e-09 2.97681e-09 1.05436e-09 3.75551e-10 1.34378e-10 4.82629e-11 1.73884e-11 6.28131e-12 2.27415e-12 8.2495e-13 2.99753e-13 1.09078e-13 3.97427e-14 1.44951e-14 5.28884e-15 1.93241e-15 7.06553e-16 2.5848e-16 9.45919e-17 3.46113e-17 1.2632e-17 4.63632e-18
0.000400277 3.07602e-05 7.90446e-06 2.24259e-06 6.82619e-07 2.17987e-07 7.19277e-08 2.42827e-08 8.33424e-09 2.89578e-09 1.01564e-09 3.58842e-10 1.2753e-10 4.55393e-11 1.63255e-11 5.87179e-12 2.11777e-12 7.6562e-13 2.77354e-13 1.00652e-13 3.6583e-14 1.33138e-14 4.84981e-15 1.76891e-15 6.45771e-16 2.35928e-16 8.6246e-17 3.15402e-17 1.15331e-17 4.20688e-18 1.54299e-18
0.000167744 1.10962e-05 2.83162e-06 7.97466e-07 2.41163e-07 7.65993e-08 2.51636e-08 8.4639e-09 2.89578e-09 1.00337e-09 3.51045e-10 1.23754e-10 4.3892e-11 1.56442e-11 5.59878e-12 2.01054e-12 7.24081e-13 2.61417e-13 9.45813e-14 3.42831e-14 1.24465e-14 4.52458e-15 1.64703e-15 6.00207e-16 2.18935e-16 7.99248e-17 2.91963e-17 1.06699e-17 3.89916e-18 1.42152e-18 5.21041e-19
6.91682e-05 4.00915e-06 1.018e-06 2.85109e-07 8.57801e-08 2.71267e-08 8.87837e-09 2.97681e-09 1.01564e-09 3.51045e-10 1.22545e-10 4.31134e-11 1.52628e-11 5.43081e-12 1.94053e-12 6.95835e-13 2.5026e-13 9.02383e-14 3.261e-14 1.18071e-14 4.28193e-15 1.55527e-15 5.65641e-16 2.05957e-16 7.50669e-17 2.73838e-17 9.99629e-18 3.65081e-18 1.33334e-18 4.8585e-19 1.77972e-19
2.81625e-05 1.45126e-06 3.67157e-07 1.02386e-07 3.06772e-08 9.66566e-09 3.15344e-09 1.05436e-09 3.58842e-10 1.23754e-10 4.31134e-11 1.51399e-11 5.35065e-12 1.90087e-12 6.78228e-13 2.42871e-13 8.72396e-14 3.14197e-14 1.13418e-14 4.10218e-15 1.48635e-15 5.39381e-16 1.96003e-16 7.13103e-17 2.59716e-17 9.46754e-18 3.45379e-18 1.2606e-18 4.60129e-19 1.67584e-19 6.13521e-20
1.13519e-05 5.26331e-07 1.32792e-07 3.69031e-08 1.10191e-08 3.461e-09 1.12601e-09 3.75551e-10 1.2753e-10 4.3892e-11 1.52628e-11 5.35065e-12 1.88802e-12 6.69763e-13 2.38648e-13 8.53513e-14 3.06224e-14 1.10166e-14 3.97262e-15 1.43551e-15 5.19659e-16 1.88419e-16 6.8414e-17 2.48718e-17 9.05199e-18 3.29755e-18 1.2022e-18 4.38534e-19 1.59981e-19 5.82403e-20 2.13098e-20
4.53878e-06 1.91221e-07 4.81436e-08 1.33417e-08 3.97224e-09 1.24425e-09 4.03805e-10 1.34378e-10 4.55393e-11 1.56442e-11 5.43081e-12 1.90087e-12 6.69763e-13 2.37273e-13 8.44382e-14 3.01636e-14 1.08103e-14 3.88505e-15 1.39963e-15 5.05301e-16 1.82766e-16 6.62145e-17 2.40239e-17 8.72762e-18 3.17425e-18 1.15561e-18 4.21054e-19 1.53504e-19 5.59706e-20 2.03669e-20 7.44825e-21
1.80262e-06 6.95838e-08 1.74907e-08 4.83584e-09 1.43619e-09 4.48785e-10 1.45325e-10 4.82629e-11 1.63255e-11 5.59878e-12 1.94053e-12 6.78228e-13 2.38648e-13 8.44382e-14 3.00138e-14 1.071e-14 3.83437e-15 1.37671e-15 4.95527e-16 1.78745e-16 6.45998e-17 2.33863e-17 8.47895e-18 3.07822e-18 1.11884e-18 4.07077e-19 1.48236e-19 5.40139e-20 1.96847e-20 7.16005e-21 2.61715e-21
7.11947e-07 2.53572e-08 6.36575e-09 1.75657e-09 5.20548e-10 1.62315e-10 5.24553e-11 1.73884e-11 5.87179e-12 2.01054e-12 6.95835e-13 2.42871e-13 8.53513e-14 3.01636e-14 1.071e-14 3.81777e-15 1.36553e-15 4.89844e-16 1.76163e-16 6.34943e-17 2.29299e-17 8.29511e-18 3.00545e-18 1.09041e-18 3.96089e-19 1.4403e-19 5.24198e-20 1.90908e-20 6.95416e-21 2.52848e-21 9.23772e-22
2.79858e-07 9.2522e-09 2.32039e-09 6.39226e-10 1.89068e-10 5.88412e-11 1.8981e-11 6.28131e-12 2.11777e-12 7.24081e-13 2.5026e-13 8.72396e-14 3.06224e-14 1.08103e-14 3.83437e-15 1.36553e-15 4.87979e-16 1.749e-16 6.28491e-17 2.26355e-17 8.16862e-18 2.95307e-18 1.06926e-18 3.87702e-19 1.40751e-19 5.11534e-20 1.86077e-20 6.77348e-21 2.46624e-21 8.96368e-22 3.27337e-22
1.09564e-07 3.3797e-09 8.46936e-10 2.32981e-10 6.87931e-11 2.13725e-11 6.88285e-12 2.27415e-12 7.6562e-13 2.61417e-13 9.02383e-14 3.14197e-14 1.10166e-14 3.88505e-15 1.37671e-15 4.89844e-16 1.749e-16 6.2637e-17 2.24912e-17 8.09457e-18 2.91916e-18 1.05464e-18 3.81636e-19 1.38297e-19 5.01798e-20 1.82274e-20 6.6272e-21 2.41128e-21 8.77575e-22 3.18844e-22 1.16386e-22
4.27432e-08 1.23579e-09 3.09488e-10 8.50302e-11 2.50689e-11 7.77604e-12 2.50038e-12 8.2495e-13 2.77354e-13 9.45813e-14 3.261e-14 1.13418e-14 3.97262e-15 1.39963e-15 4.95527e-16 1.76163e-16 6.28491e-17 2.24912e-17 8.07018e-18 2.90249e-18 1.04606e-18 3.77694e-19 1.36595e-19 4.9472e-20 1.7941e-20 6.51371e-21 2.36717e-21 8.60901e-22 3.13193e-22 1.13751e-22 4.15047e-23
1.66238e-08 4.52268e-10 1.13209e-10 3.10694e-11 9.14741e-12 2.8333e-12 9.09758e-13 2.99753e-13 1.00652e-13 3.42831e-14 1.18071e-14 4.10218e-15 1.43551e-15 5.05301e-16 1.78745e-16 6.34943e-17 2.26355e-17 8.09457e-18 2.90249e-18 1.04323e-18 3.75753e-19 1.35592e-19 4.90105e-20 1.77414e-20 6.43071e-21 2.33364e-21 8.47695e-22 3.08162e-22 1.12064e-22 4.06881e-23 1.48401e-23
6.44781e-09 1.6565e-10 4.14479e-11 1.13641e-11 3.34164e-12 1.03366e-12 3.31468e-13 1.09078e-13 3.6583e-14 1.24465e-14 4.28193e-15 1.48635e-15 5.19659e-16 1.82766e-16 6.45998e-17 2.29299e-17 8.16862e-18 2.91916e-18 1.04606e-18 3.75753e-19 1.35261e-19 4.87828e-20 1.76235e-20 6.37639e-21 2.31015e-21 8.37951e-22 3.04254e-22 1.10561e-22 4.01904e-23 1.45877e-23 5.31852e-24
2.49483e-09 6.07148e-11 1.51869e-11 4.16034e-12 1.22197e-12 3.77524e-13 1.20914e-13 3.97427e-14 1.33138e-14 4.52458e-15 1.55527e-15 5.39381e-16 1.88419e-16 6.62145e-17 2.33863e-17 8.29511e-18 2.95307e-18 1.05464e-18 3.77694e-19 1.35592e-19 4.87828e-20 1.75846e-20 6.34953e-21 2.29623e-21 8.31541e-22 3.01491e-22 1.09424e-22 3.97473e-23 1.44435e-23 5.24087e-24 1.91008e-24
9.63224e-10 2.22676e-11 5.56851e-12 1.52428e-12 4.47243e-13 1.38016e-13 4.41525e-14 1.44951e-14 4.84981e-15 1.64703e-15 5.65641e-16 1.96003e-16 6.8414e-17 2.40239e-17 8.47895e-18 3.00545e-18 1.06926e-18 3.81636e-19 1.36595e-19 4.90105e-20 1.76235e-20 6.34953e-21 2.29163e-21 8.28363e-22 2.99847e-22 1.0867e-22 3.94255e-23 1.43156e-23 5.20024e-24 1.88637e-24 6.87263e-25
3.71161e-10 8.17147e-12 2.04306e-12 5.58862e-13 1.63817e-13 5.04961e-14 1.61339e-14 5.28884e-15 1.76891e-15 6.00207e-16 2.05957e-16 7.13103e-17 2.48718e-17 8.72762e-18 3.07822e-18 1.09041e-18 3.87702e-19 1.38297e-19 4.9472e-20 1.77414e-20 6.37639e-21 2.29623e-21 8.28363e-22 2.99301e-22 1.08295e-22 3.92324e-23 1.42281e-23 5.16445e-24 1.87539e-24 6.80103e-25 2.47699e-25
1.42766e-10 3.0002e-12 7.5e-13 2.0502e-13 6.00354e-14 1.84803e-14 5.89284e-15 1.93241e-15 6.45771e-16 2.18935e-16 7.50669e-17 2.59716e-17 9.05199e-18 3.17425e-18 1.11884e-18 3.96089e-19 1.40751e-19 5.01798e-20 1.7941e-20 6.43071e-21 2.31015e-21 8.31541e-22 2.99847e-22 1.08295e-22 3.9168e-23 1.41842e-23 5.14221e-24 1.86585e-24 6.77338e-25 2.45567e-25 8.94088e-26
5.48254e-11 1.10203e-12 2.75439e-13 7.52317e-14 2.19941e-14 6.74961e-15 2.15632e-15 7.06553e-16 2.35928e-16 7.99248e-17 2.73838e-17 9.46754e-18 3.29755e-18 1.15561e-18 4.07077e-19 1.4403e-19 5.11534e-20 1.82274e-20 6.51371e-21 2.33364e-21 8.37951e-22 3.01491e-22 1.0867e-22 3.92324e-23 1.41842e-23 5.13474e-24 1.86086e-24 6.74989e-25 2.44958e-25 8.87861e-26 3.23162e-26
2.10225e-11 4.04913e-13 1.01146e-13 2.75685e-14 8.01741e-15 2.47278e-15 7.89435e-16 2.5848e-16 8.6246e-17 2.91963e-17 9.99629e-18 3.45379e-18 1.2022e-18 4.21054e-19 1.48236e-19 5.24198e-20 1.86077e-20 6.6272e-21 2.36717e-21 8.47695e-22 3.04254e-22 1.09424e-22 3.94255e-23 1.42281e-23 5.14221e-24 1.86086e-24 6.74161e-25 2.44461e-25 8.86905e-26 3.21383e-26 1.16942e-26
8.04869e-12 1.48694e-13 3.70321e-14 9.99681e-15 2.93964e-15 9.06154e-16 2.89099e-16 9.45919e-17 3.15402e-17 1.06699e-17 3.65081e-18 1.2606e-18 4.38534e-19 1.53504e-19 5.40139e-20 1.90908e-20 6.77348e-21 2.41128e-21 8.60901e-22 3.08162e-22 1.10561e-22 3.97473e-23 1.43156e-23 5.16445e-24 1.86585e-24 6.74989e-25 2.44461e-25 8.86189e-26 3.21419e-26 1.16443e-26 4.23583e-27
3.07419e-12 5.42997e-14 1.32859e-14 3.66599e-15 1.0776e-15 3.31991e-16 1.05851e-16 3.46113e-17 1.15331e-17 3.89916e-18 1.33334e-18 4.60129e-19 1.59981e-19 5.59706e-20 1.96847e-20 6.95416e-21 2.46624e-21 8.77575e-22 3.13193e-22 1.12064e-22 4.01904e-23 1.44435e-23 5.20024e-24 1.87539e-24 6.77338e-25 2.44958e-25 8.86905e-26 3.21419e-26 1.16547e-26 4.22134e-27 1.53518e-27
1.16375e-12 1.90969e-14 4.85969e-15 1.34071e-15 3.93939e-16 1.21303e-16 3.8654e-17 1.2632e-17 4.20688e-18 1.42152e-18 4.8585e-19 1.67584e-19 5.82403e-20 2.03669e-20 7.16005e-21 2.52848e-21 8.96368e-22 3.18844e-22 1.13751e-22 4.06881e-23 1.45877e-23 5.24087e-24 1.88637e-24 6.80103e-25 2.45567e-25 8.87861e-26 3.21383e-26 1.16443e-26 4.22134e-27 1.52868e-27 5.55815e-28
4.44103e-13 7.03002e-15 1.78912e-15 4.93425e-16 1.44898e-16 4.45864e-17 1.41974e-17 4.63632e-18 1.54299e-18 5.21041e-19 1.77972e-19 6.13521e-20 2.13098e-20 7.44825e-21 2.61715e-21 9.23772e-22 3.27337e-22 1.16386e-22 4.15047e-23 1.48401e-23 5.31852e-24 1.91008e-24 6.87263e-25 2.47699e-25 8.94088e-26 3.23162e-26 1.16942e-26 4.23583e-27 1.53518e-27 5.55815e-28 2.02036e-28
