0.494364 0.0613674 0.0355828 0.020632 0.0119631 0.0069366 0.00402206 0.00233212 0.00135224 0.00078407 0.000454629 0.000263608 0.000152849 8.86265e-05 5.13885e-05 2.97967e-05 1.72771e-05 1.00178e-05 5.80864e-06 3.36803e-06 1.95289e-06 1.13235e-06 6.56573e-07 3.80702e-07 2.20743e-07 1.27994e-07 7.42149e-08 4.30322e-08 2.49514e-08 1.44676e-08 8.3888e-09 4.86409e-09 2.82036e-09 1.63533e-09 9.48218e-10 5.49807e-10 3.18796e-10 1.84848e-10 1.07181e-10 6.21468e-11 3.60347e-11 2.08941e-11 1.21151e-11 7.02469e-12 4.07314e-12 2.36174e-12 1.36941e-12 7.94028e-13 4.60403e-13 2.66956e-13 1.5479e-13 8.97521e-14 5.20411e-14 3.01751e-14 1.74965e-14 1.0145e-14 5.88241e-15 3.41081e-15 1.9777e-15 1.14673e-15 6.64911e-16 3.85537e-16 2.23547e-16 1.29619e-16 7.51575e-17 4.35787e-17 2.52683e-17 1.46514e-17 8.49534e-18 4.92587e-18 2.85618e-18 1.6561e-18 9.60261e-19 5.5679e-19 3.22845e-19 1.87196e-19 1.08542e-19 6.29361e-20 3.64924e-20 2.11594e-20 1.22689e-20 7.11391e-21 4.12487e-21 2.39173e-21 1.3868e-21 8.04113e-22 4.6625e-22 2.70347e-22 1.56756e-22 9.08919e-23 5.2702e-23 3.05583e-23 1.77187e-23 1.02739e-23 5.95712e-24 3.45413e-24 2.00281e-24 1.16129e-24 6.73356e-25 3.90433e-25 2.26386e-25
0.0613674 0.0237884 0.0154812 0.00995525 0.00633987 0.00400512 0.00251309 0.0015678 0.00097321 0.000601493 0.000370331 0.000227235 0.000139009 8.4806e-05 5.1611e-05 3.13392e-05 1.89911e-05 1.14868e-05 6.93599e-06 4.18148e-06 2.5172e-06 1.51327e-06 9.08587e-07 5.44888e-07 3.26415e-07 1.95337e-07 1.16783e-07 6.97562e-08 4.16305e-08 2.4825e-08 1.47923e-08 8.80778e-09 5.24082e-09 3.11637e-09 1.85195e-09 1.0999e-09 6.52882e-10 3.87331e-10 2.29671e-10 1.36119e-10 8.06354e-11 4.77462e-11 2.82595e-11 1.6719e-11 9.88742e-12 5.84508e-12 3.45412e-12 2.04048e-12 1.20498e-12 7.11347e-13 4.19805e-13 2.47674e-13 1.46078e-13 8.6132e-14 5.07721e-14 2.99205e-14 1.76279e-14 1.0383e-14 6.11424e-15 3.59963e-15 2.11872e-15 1.24679e-15 7.33534e-16 4.31475e-16 2.53748e-16 1.49199e-16 8.77089e-17 5.15514e-17 3.02942e-17 1.77992e-17 1.0456e-17 6.14131e-18 3.60648e-18 2.11756e-18 1.24315e-18 7.29696e-19 4.2825e-19 2.51299e-19 1.47442e-19 8.64954e-20 5.07348e-20 2.97551e-20 1.74486e-20 1.02307e-20 5.9979e-21 3.51592e-21 2.06076e-21 1.20772e-21 7.0771e-22 4.14665e-22 2.42936e-22 1.42312e-22 8.33573e-23 4.88206e-23 2.85903e-23 1.67415e-23 9.80224e-24 5.73874e-24 3.35945e-24 1.96644e-24 1.15094e-24
0.0355828 0.0154812 0.0106096 0.0071451 0.00474584 0.00311697 0.00202812 0.00130924 0.000839457 0.00053508 0.000339306 0.000214178 0.000134642 8.43308e-05 5.26439e-05 3.27638e-05 2.03347e-05 1.25886e-05 7.77503e-06 4.79163e-06 2.94707e-06 1.80919e-06 1.10871e-06 6.78329e-07 4.14376e-07 2.52768e-07 1.53977e-07 9.36767e-08 5.69218e-08 3.45481e-08 2.09457e-08 1.26856e-08 7.67538e-09 4.63957e-09 2.80197e-09 1.69073e-09 1.01936e-09 6.14102e-10 3.69678e-10 2.22378e-10 1.33677e-10 8.03029e-11 4.82087e-11 2.89235e-11 1.73427e-11 1.03928e-11 6.2245e-12 3.72601e-12 2.22925e-12 1.33308e-12 7.96785e-13 4.76017e-13 2.84254e-13 1.69667e-13 1.01229e-13 6.03714e-14 3.59901e-14 2.14469e-14 1.27756e-14 7.60741e-15 4.52832e-15 2.69455e-15 1.60283e-15 9.53112e-16 5.6658e-16 3.367e-16 2.00028e-16 1.18798e-16 7.05346e-17 4.1867e-17 2.4844e-17 1.47385e-17 8.74118e-18 5.18293e-18 3.07235e-18 1.82079e-18 1.07881e-18 6.39039e-19 3.78451e-19 2.24076e-19 1.32643e-19 7.85017e-20 4.64497e-20 2.74788e-20 1.62526e-20 9.61088e-21 5.68223e-21 3.35886e-21 1.9851e-21 1.17299e-21 6.92994e-22 4.09343e-22 2.41752e-22 1.42751e-22 8.42782e-23 4.97486e-23 2.93614e-23 1.73263e-23 1.02227e-23 6.03058e-24 3.55704e-24
0.020632 0.00995525 0.0071451 0.00501075 0.0034515 0.00234357 0.00157264 0.00104493 0.000688465 0.000450311 0.000292666 0.000189141 0.000121623 7.78549e-05 4.96345e-05 3.1526e-05 1.99564e-05 1.25933e-05 7.92412e-06 4.97286e-06 3.11306e-06 1.94432e-06 1.21175e-06 7.53669e-07 4.6787e-07 2.89931e-07 1.79363e-07 1.10785e-07 6.83236e-08 4.20766e-08 2.58774e-08 1.58941e-08 9.75032e-09 5.97433e-09 3.65655e-09 2.23556e-09 1.36538e-09 8.33091e-10 5.07831e-10 3.09279e-10 1.88192e-10 1.14416e-10 6.95057e-11 4.21904e-11 2.55905e-11 1.55106e-11 9.39446e-12 5.68617e-12 3.4394e-12 2.07907e-12 1.25599e-12 7.58307e-13 4.57564e-13 2.7594e-13 1.66318e-13 1.00193e-13 6.03265e-14 3.63047e-14 2.18377e-14 1.31294e-14 7.89011e-15 4.73943e-15 2.84564e-15 1.70785e-15 1.02456e-15 6.14399e-16 3.68292e-16 2.20682e-16 1.32184e-16 7.91463e-17 4.73726e-17 2.83447e-17 1.69538e-17 1.01372e-17 6.05935e-18 3.62072e-18 2.16286e-18 1.2916e-18 7.71081e-19 4.60196e-19 2.74575e-19 1.63778e-19 9.76636e-20 5.82225e-20 3.47004e-20 2.06759e-20 1.23164e-20 7.33493e-21 4.36718e-21 2.59957e-21 1.54703e-21 9.20442e-22 5.47513e-22 3.25609e-22 1.93598e-22 1.15084e-22 6.83966e-23 4.0641e-23 2.41438e-23 1.43403e-23 8.51583e-24
0.0119631 0.00633987 0.00474584 0.0034515 0.00245576 0.00171733 0.00118417 0.000807031 0.000544568 0.000364334 0.000241939 0.000159608 0.000104679 6.82942e-05 4.43451e-05 2.86704e-05 1.84633e-05 1.18471e-05 7.57644e-06 4.83031e-06 3.0707e-06 1.94687e-06 1.23126e-06 7.76859e-07 4.89077e-07 3.07263e-07 1.9266e-07 1.20578e-07 7.53318e-08 4.69857e-08 2.92593e-08 1.81931e-08 1.1296e-08 7.00397e-09 4.33704e-09 2.68223e-09 1.65682e-09 1.02224e-09 6.30008e-10 3.87862e-10 2.3854e-10 1.46561e-10 8.9962e-11 5.51698e-11 3.38033e-11 2.0694e-11 1.26581e-11 7.73656e-12 4.72486e-12 2.88339e-12 1.75834e-12 1.07151e-12 6.52517e-13 3.971e-13 2.41505e-13 1.46785e-13 8.91605e-14 5.4126e-14 3.2839e-14 1.99126e-14 1.20679e-14 7.30975e-15 4.42536e-15 2.67778e-15 1.61953e-15 9.79021e-16 5.91551e-16 3.57267e-16 2.15675e-16 1.30142e-16 7.84961e-17 4.73258e-17 2.85214e-17 1.71819e-17 1.03467e-17 6.22822e-18 3.7477e-18 2.25428e-18 1.35548e-18 8.14756e-19 4.89567e-19 2.94069e-19 1.76581e-19 1.05998e-19 6.36082e-20 3.81586e-20 2.28844e-20 1.37201e-20 8.22328e-21 4.92729e-21 2.95153e-21 1.76753e-21 1.05819e-21 6.33357e-22 3.7898e-22 2.2671e-22 1.35586e-22 8.10681e-23 4.84594e-23 2.89601e-23 1.73029e-23
0.0069366 0.00400512 0.00311697 0.00234357 0.00171733 0.00123344 0.000871668 0.000607811 0.000419056 0.000286127 0.00019372 0.000130185 8.69107e-05 5.76784e-05 3.80741e-05 2.50113e-05 1.63574e-05 1.06543e-05 6.91357e-06 4.47064e-06 2.8816e-06 1.85178e-06 1.18665e-06 7.58414e-07 4.8352e-07 3.07543e-07 1.95182e-07 1.23614e-07 7.81327e-08 4.92928e-08 3.10426e-08 1.95161e-08 1.22496e-08 7.67679e-09 4.80388e-09 3.00185e-09 1.87324e-09 1.16743e-09 7.2665e-10 4.51746e-10 2.80518e-10 1.73997e-10 1.07808e-10 6.67288e-11 4.12609e-11 2.54884e-11 1.57303e-11 9.6993e-12 5.97532e-12 3.67801e-12 2.26207e-12 1.39012e-12 8.5361e-13 5.2377e-13 3.21147e-13 1.96769e-13 1.20479e-13 7.37177e-14 4.50763e-14 2.75453e-14 1.6822e-14 1.0267e-14 6.26259e-15 3.81781e-15 2.32611e-15 1.41647e-15 8.62094e-16 5.24414e-16 3.18839e-16 1.93755e-16 1.17685e-16 7.14469e-17 4.33554e-17 2.62969e-17 1.59431e-17 9.66162e-18 5.85251e-18 3.54366e-18 2.14479e-18 1.2976e-18 7.84743e-19 4.74401e-19 2.86681e-19 1.73177e-19 1.04574e-19 6.31254e-20 3.80917e-20 2.29777e-20 1.3856e-20 8.35261e-21 5.03345e-21 3.03229e-21 1.82616e-21 1.09944e-21 6.6172e-22 3.98149e-22 2.39492e-22 1.44015e-22 8.65774e-23 5.2033e-23 3.12632e-23
0.00402206 0.00251309 0.00202812 0.00157264 0.00118417 0.000871668 0.000630081 0.000448686 0.000315514 0.000219488 0.000151264 0.000103392 7.01556e-05 4.7293e-05 3.16933e-05 2.11257e-05 1.4013e-05 9.25333e-06 6.08512e-06 3.98635e-06 2.60217e-06 1.693e-06 1.09807e-06 7.10131e-07 4.57995e-07 2.94621e-07 1.89065e-07 1.21049e-07 7.73323e-08 4.93018e-08 3.13696e-08 1.99223e-08 1.26297e-08 7.99292e-09 5.05018e-09 3.18587e-09 2.00676e-09 1.26223e-09 7.92832e-10 4.97331e-10 3.11568e-10 1.9495e-10 1.21836e-10 7.60558e-11 4.74248e-11 2.95402e-11 1.83811e-11 1.1426e-11 7.09565e-12 4.40233e-12 2.72884e-12 1.69e-12 1.04574e-12 6.46543e-13 3.9941e-13 2.46546e-13 1.5207e-13 9.37274e-14 5.77262e-14 3.55282e-14 2.18511e-14 1.34302e-14 8.24907e-15 5.0635e-15 3.10618e-15 1.90431e-15 1.16679e-15 7.14484e-16 4.37268e-16 2.67462e-16 1.63508e-16 9.99053e-17 6.10115e-17 3.72405e-17 2.27197e-17 1.38541e-17 8.44399e-18 5.14416e-18 3.13244e-18 1.90658e-18 1.15995e-18 7.05399e-19 4.28793e-19 2.60543e-19 1.58247e-19 9.60769e-20 5.83085e-20 3.53735e-20 2.14516e-20 1.30041e-20 7.88031e-21 4.77365e-21 2.89072e-21 1.74989e-21 1.05893e-21 6.40589e-22 3.8739e-22 2.34195e-22 1.41537e-22 8.55116e-23 5.16472e-23
0.00233212 0.0015678 0.00130924 0.00104493 0.000807031 0.000607811 0.000448686 0.000325819 0.000233357 0.000165175 0.000115726 8.03563e-05 5.53547e-05 3.78614e-05 2.57307e-05 1.73852e-05 1.16841e-05 7.81443e-06 5.20291e-06 3.44976e-06 2.27852e-06 1.49952e-06 9.83539e-07 6.43072e-07 4.19217e-07 2.72524e-07 1.76695e-07 1.14277e-07 7.37335e-08 4.74674e-08 3.04928e-08 1.95485e-08 1.2508e-08 7.98828e-09 5.09271e-09 3.2412e-09 2.05946e-09 1.30654e-09 8.27632e-10 5.23509e-10 3.30679e-10 2.08596e-10 1.31414e-10 8.26869e-11 5.19646e-11 3.26191e-11 2.04525e-11 1.28099e-11 8.0147e-12 5.00937e-12 3.12786e-12 1.95116e-12 1.216e-12 7.57142e-13 4.71019e-13 2.92769e-13 1.81824e-13 1.12829e-13 6.996e-14 4.33454e-14 2.68355e-14 1.66019e-14 1.02635e-14 6.34061e-15 3.91445e-15 2.41503e-15 1.48899e-15 9.1746e-16 5.64954e-16 3.47677e-16 2.13836e-16 1.31443e-16 8.07504e-17 4.95806e-17 3.04259e-17 1.86614e-17 1.14398e-17 7.00928e-18 4.2925e-18 2.62744e-18 1.60749e-18 9.83012e-19 6.00854e-19 3.67097e-19 2.24182e-19 1.36846e-19 8.34977e-20 5.09255e-20 3.10468e-20 1.892e-20 1.15253e-20 7.01804e-21 4.27179e-21 2.5992e-21 1.58091e-21 9.61206e-22 5.8421e-22 3.54951e-22 2.15583e-22 1.30892e-22 7.94448e-23
0.00135224 0.00097321 0.000839457 0.000688465 0.000544568 0.000419056 0.000315514 0.000233357 0.000170035 0.000122329 8.70422e-05 6.13386e-05 4.28565e-05 2.97149e-05 2.04614e-05 1.40016e-05 9.52662e-06 6.44801e-06 4.34327e-06 2.91251e-06 1.94499e-06 1.29386e-06 8.57608e-07 5.66524e-07 3.73048e-07 2.44911e-07 1.60333e-07 1.04682e-07 6.81738e-08 4.4291e-08 2.87089e-08 1.85681e-08 1.19843e-08 7.71954e-09 4.96297e-09 3.18493e-09 2.04031e-09 1.30485e-09 8.33157e-10 5.31149e-10 3.38108e-10 2.14916e-10 1.3642e-10 8.64779e-11 5.4748e-11 3.46168e-11 2.18614e-11 1.37899e-11 8.68859e-12 5.46839e-12 3.43799e-12 2.15924e-12 1.35475e-12 8.49163e-13 5.31754e-13 3.32682e-13 2.07949e-13 1.29869e-13 8.10369e-14 5.05242e-14 3.14749e-14 1.95924e-14 1.21864e-14 7.57423e-15 4.70416e-15 2.91955e-15 1.81069e-15 1.12222e-15 6.95058e-16 4.30211e-16 2.66111e-16 1.64503e-16 1.0163e-16 6.27491e-17 3.87203e-17 2.38793e-17 1.47184e-17 9.06695e-18 5.58247e-18 3.43528e-18 2.11287e-18 1.29886e-18 7.9806e-19 4.90113e-19 3.00848e-19 1.84584e-19 1.13198e-19 6.93886e-20 4.2515e-20 2.60379e-20 1.59397e-20 9.75379e-21 5.96602e-21 3.64769e-21 2.22934e-21 1.36195e-21 8.31725e-22 5.07727e-22 3.09826e-22 1.88992e-22 1.15242e-22
0.00078407 0.000601493 0.00053508 0.000450311 0.000364334 0.000286127 0.000219488 0.000165175 0.000122329 8.93705e-05 6.4527e-05 4.6111e-05 3.2651e-05 2.2932e-05 1.59879e-05 1.10724e-05 7.62172e-06 5.21722e-06 3.55298e-06 2.40814e-06 1.62499e-06 1.09203e-06 7.31047e-07 4.87631e-07 3.24164e-07 2.14808e-07 1.41915e-07 9.34901e-08 6.14227e-08 4.0251e-08 2.63125e-08 1.71608e-08 1.11673e-08 7.25166e-09 4.69942e-09 3.03953e-09 1.96227e-09 1.26454e-09 8.13505e-10 5.22479e-10 3.35031e-10 2.14503e-10 1.37132e-10 8.75434e-11 5.58094e-11 3.55314e-11 2.2592e-11 1.43468e-11 9.09972e-12 5.76489e-12 3.64804e-12 2.30594e-12 1.45603e-12 9.18414e-13 5.78718e-13 3.64307e-13 2.29114e-13 1.43956e-13 9.03676e-14 5.66776e-14 3.55169e-14 2.22378e-14 1.39121e-14 8.69653e-15 5.43199e-15 3.39032e-15 2.11445e-15 1.31777e-15 8.20672e-16 5.10738e-16 3.17636e-16 1.97412e-16 1.22612e-16 7.61051e-17 4.72089e-17 2.92663e-17 1.81322e-17 1.12274e-17 6.94793e-18 4.29721e-18 2.6563e-18 1.64109e-18 1.01334e-18 6.25389e-19 3.85765e-19 2.37835e-19 1.46559e-19 9.02693e-20 5.55723e-20 3.41959e-20 2.10324e-20 1.29302e-20 7.94565e-21 4.88049e-21 2.99647e-21 1.83896e-21 1.12811e-21 6.91759e-22 4.24016e-22 2.59799e-22 1.59119e-22
0.000454629 0.000370331 0.000339306 0.000292666 0.000241939 0.00019372 0.000151264 0.000115726 8.70422e-05 6.4527e-05 4.7241e-05 3.42091e-05 2.45332e-05 1.74425e-05 1.23049e-05 8.6195e-06 5.99912e-06 4.15078e-06 2.85633e-06 1.95571e-06 1.33281e-06 9.04367e-07 6.11157e-07 4.11439e-07 2.75995e-07 1.84514e-07 1.22963e-07 8.16974e-08 5.41253e-08 3.57612e-08 2.35669e-08 1.54926e-08 1.01607e-08 6.64892e-09 4.34155e-09 2.82908e-09 1.83988e-09 1.19429e-09 7.73821e-10 5.00508e-10 3.23183e-10 2.08344e-10 1.34101e-10 8.6184e-11 5.53078e-11 3.54431e-11 2.26821e-11 1.44964e-11 9.25295e-12 5.89875e-12 3.75592e-12 2.38871e-12 1.51746e-12 9.62924e-13 6.1038e-13 3.86505e-13 2.44494e-13 1.54508e-13 9.75479e-14 6.15285e-14 3.87737e-14 2.44124e-14 1.5357e-14 9.65233e-15 6.06176e-15 3.80377e-15 2.38498e-15 1.49424e-15 9.35469e-16 5.85216e-16 3.65838e-16 2.28536e-16 1.42666e-16 8.90004e-17 5.54849e-17 3.45681e-17 2.15228e-17 1.33922e-17 8.32799e-18 5.17568e-18 3.21469e-18 1.99554e-18 1.23804e-18 7.67658e-19 4.75735e-19 2.94665e-19 1.82417e-19 1.12869e-19 6.98018e-20 4.3146e-20 2.66565e-20 1.64609e-20 1.01602e-20 6.26824e-21 3.86537e-21 2.38254e-21 1.46791e-21 9.03996e-22 5.56478e-22 3.4241e-22 2.10603e-22
0.000263608 0.000227235 0.000214178 0.000189141 0.000159608 0.000130185 0.000103392 8.03563e-05 6.13386e-05 4.6111e-05 3.42091e-05 2.50877e-05 1.82115e-05 1.31e-05 9.34608e-06 6.61849e-06 4.65527e-06 3.2541e-06 2.26168e-06 1.56363e-06 1.07573e-06 7.36683e-07 5.02344e-07 3.41176e-07 2.30845e-07 1.55639e-07 1.04583e-07 7.00528e-08 4.67825e-08 3.11531e-08 2.06889e-08 1.37041e-08 9.05505e-09 5.96906e-09 3.9259e-09 2.57652e-09 1.68743e-09 1.10295e-09 7.19534e-10 4.68541e-10 3.04561e-10 1.97632e-10 1.28034e-10 8.28136e-11 5.34823e-11 3.44883e-11 2.2208e-11 1.42804e-11 9.17038e-12 5.88118e-12 3.76696e-12 2.40981e-12 1.53976e-12 9.82699e-13 6.26464e-13 3.98928e-13 2.53763e-13 1.61254e-13 1.02365e-13 6.49176e-14 4.11297e-14 2.6034e-14 1.64637e-14 1.04022e-14 6.56669e-15 4.14186e-15 2.61026e-15 1.64368e-15 1.0342e-15 6.50211e-16 4.08482e-16 2.5643e-16 1.60859e-16 1.00836e-16 6.31654e-17 3.95409e-17 2.47356e-17 1.54636e-17 9.66097e-18 6.03192e-18 3.76375e-18 2.34705e-18 1.46273e-18 9.11067e-19 5.67137e-19 3.52841e-19 2.19397e-19 1.36347e-19 8.46888e-20 5.2575e-20 3.26218e-20 2.02309e-20 1.25402e-20 7.76932e-21 4.81117e-21 2.97791e-21 1.84234e-21 1.13927e-21 7.04186e-22 4.35065e-22 2.68677e-22
0.000152849 0.000139009 0.000134642 0.000121623 0.000104679 8.69107e-05 7.01556e-05 5.53547e-05 4.28565e-05 3.2651e-05 2.45332e-05 1.82115e-05 1.33747e-05 9.72895e-06 7.01637e-06 5.0208e-06 3.56737e-06 2.51823e-06 1.76701e-06 1.23303e-06 8.56e-07 5.91413e-07 4.06782e-07 2.78617e-07 1.90081e-07 1.29198e-07 8.75081e-08 5.90742e-08 3.97538e-08 2.66724e-08 1.78447e-08 1.19063e-08 7.92364e-09 5.26014e-09 3.48372e-09 2.302e-09 1.51783e-09 9.98702e-10 6.55809e-10 4.29815e-10 2.81176e-10 1.83611e-10 1.19693e-10 7.78956e-11 5.06126e-11 3.28343e-11 2.12688e-11 1.3757e-11 8.88566e-12 5.7314e-12 3.69194e-12 2.37513e-12 1.52607e-12 9.79343e-13 6.2774e-13 4.01906e-13 2.57029e-13 1.64197e-13 1.04782e-13 6.67976e-14 4.25397e-14 2.70645e-14 1.72024e-14 1.09237e-14 6.93033e-15 4.39288e-15 2.78205e-15 1.7604e-15 1.11299e-15 7.03106e-16 4.43815e-16 2.79926e-16 1.76422e-16 1.11106e-16 6.992e-17 4.39698e-17 2.76313e-17 1.7352e-17 1.08894e-17 6.82917e-18 4.28007e-18 2.68075e-18 1.67799e-18 1.04967e-18 6.56233e-19 4.10019e-19 2.56034e-19 1.59787e-19 9.96648e-20 6.21301e-20 3.87103e-20 2.41057e-20 1.50032e-20 9.33309e-21 5.80291e-21 3.60619e-21 2.23995e-21 1.39065e-21 8.62964e-22 5.35257e-22 3.31843e-22
8.86265e-05 8.4806e-05 8.43308e-05 7.78549e-05 6.82942e-05 5.76784e-05 4.7293e-05 3.78614e-05 2.97149e-05 2.2932e-05 1.74425e-05 1.31e-05 9.72895e-06 7.15357e-06 5.21286e-06 3.76786e-06 2.70328e-06 1.92636e-06 1.36416e-06 9.60458e-07 6.72605e-07 4.68671e-07 3.25047e-07 2.24451e-07 1.5435e-07 1.05732e-07 7.21636e-08 4.90822e-08 3.32738e-08 2.24868e-08 1.51517e-08 1.01805e-08 6.82187e-09 4.55952e-09 3.03993e-09 2.022e-09 1.34188e-09 8.88592e-10 5.87195e-10 3.87247e-10 2.5489e-10 1.67458e-10 1.09818e-10 7.18936e-11 4.69867e-11 3.06587e-11 1.99733e-11 1.29922e-11 8.43874e-12 5.4733e-12 3.54502e-12 2.29299e-12 1.48122e-12 9.55614e-13 6.15757e-13 3.96291e-13 2.54748e-13 1.63573e-13 1.04913e-13 6.72173e-14 4.30203e-14 2.75054e-14 1.75682e-14 1.12102e-14 7.14631e-15 4.5514e-15 2.89609e-15 1.84116e-15 1.16948e-15 7.42206e-16 4.70645e-16 2.982e-16 1.88788e-16 1.19427e-16 7.5491e-17 4.7683e-17 3.00962e-17 1.89822e-17 1.19639e-17 7.53531e-18 4.74278e-18 2.98314e-18 1.87513e-18 1.1779e-18 7.39456e-19 4.63924e-19 2.90882e-19 1.82275e-19 1.14151e-19 7.14473e-20 4.46934e-20 2.79421e-20 1.74596e-20 1.09038e-20 6.80597e-21 4.24595e-21 2.64751e-21 1.64998e-21 1.02779e-21 6.3991e-22 3.9822e-22
5.13885e-05 5.1611e-05 5.26439e-05 4.96345e-05 4.43451e-05 3.80741e-05 3.16933e-05 2.57307e-05 2.04614e-05 1.59879e-05 1.23049e-05 9.34608e-06 7.01637e-06 5.21286e-06 3.83687e-06 2.80026e-06 2.028e-06 1.45836e-06 1.04192e-06 7.39929e-07 5.22539e-07 3.67103e-07 2.56652e-07 1.78617e-07 1.23777e-07 8.54293e-08 5.8738e-08 4.02407e-08 2.74745e-08 1.86975e-08 1.26852e-08 8.58095e-09 5.78834e-09 3.89411e-09 2.61306e-09 1.74913e-09 1.16808e-09 7.78286e-10 5.17442e-10 3.43301e-10 2.27307e-10 1.50213e-10 9.90806e-11 6.52354e-11 4.28765e-11 2.81333e-11 1.84294e-11 1.20535e-11 7.87139e-12 5.13265e-12 3.34199e-12 2.173e-12 1.41098e-12 9.14979e-13 5.92573e-13 3.83291e-13 2.47621e-13 1.59783e-13 1.02985e-13 6.63018e-14 4.26385e-14 2.73914e-14 1.75781e-14 1.12691e-14 7.21725e-15 4.61778e-15 2.95177e-15 1.88508e-15 1.20277e-15 7.66738e-16 4.88356e-16 3.10782e-16 1.97613e-16 1.25551e-16 7.97037e-17 5.05588e-17 3.20467e-17 2.02975e-17 1.28464e-17 8.12473e-18 5.13484e-18 3.24298e-18 2.04675e-18 1.2909e-18 8.1365e-19 5.12509e-19 3.22619e-19 2.02958e-19 1.27602e-19 8.01769e-20 5.03481e-20 3.15983e-20 1.98197e-20 1.24247e-20 7.78455e-21 4.87467e-21 3.05088e-21 1.90843e-21 1.19317e-21 7.45597e-22 4.65682e-22
2.97967e-05 3.13392e-05 3.27638e-05 3.1526e-05 2.86704e-05 2.50113e-05 2.11257e-05 1.73852e-05 1.40016e-05 1.10724e-05 8.6195e-06 6.61849e-06 5.0208e-06 3.76786e-06 2.80026e-06 2.06292e-06 1.50761e-06 1.09372e-06 7.88119e-07 5.64371e-07 4.0181e-07 2.84533e-07 2.00472e-07 1.4058e-07 9.81437e-08 6.82316e-08 4.7249e-08 3.2597e-08 2.24091e-08 1.53536e-08 1.04859e-08 7.13964e-09 4.84713e-09 3.28159e-09 2.2158e-09 1.49234e-09 1.00264e-09 6.72055e-10 4.49452e-10 2.9993e-10 1.99732e-10 1.3274e-10 8.80462e-11 5.82915e-11 3.85223e-11 2.54131e-11 1.67366e-11 1.10043e-11 7.2238e-12 4.73478e-12 3.09872e-12 2.02504e-12 1.32152e-12 8.61222e-13 5.60503e-13 3.64315e-13 2.36498e-13 1.53336e-13 9.92982e-14 6.42289e-14 4.14978e-14 2.67817e-14 1.72655e-14 1.11189e-14 7.15316e-15 4.59721e-15 2.95163e-15 1.89327e-15 1.21326e-15 7.76773e-16 4.96871e-16 3.17548e-16 2.02768e-16 1.29367e-16 8.24685e-17 5.2529e-17 3.34322e-17 2.12614e-17 1.3511e-17 8.57941e-18 5.44387e-18 3.45179e-18 2.18712e-18 1.38484e-18 8.76255e-19 5.54077e-19 3.50125e-19 2.21103e-19 1.39538e-19 8.80068e-20 5.5472e-20 3.49438e-20 2.19992e-20 1.38418e-20 8.70414e-21 5.47034e-21 3.43607e-21 2.15711e-21 1.35347e-21 8.48774e-22 5.31999e-22
1.72771e-05 1.89911e-05 2.03347e-05 1.99564e-05 1.84633e-05 1.63574e-05 1.4013e-05 1.16841e-05 9.52662e-06 7.62172e-06 5.99912e-06 4.65527e-06 3.56737e-06 2.70328e-06 2.028e-06 1.50761e-06 1.1115e-06 8.13258e-07 5.90899e-07 4.26571e-07 3.06101e-07 2.1843e-07 1.55058e-07 1.09534e-07 7.70216e-08 5.39256e-08 3.76012e-08 2.61174e-08 1.80746e-08 1.2465e-08 8.56804e-09 5.87084e-09 4.01062e-09 2.73195e-09 1.85584e-09 1.25737e-09 8.49742e-10 5.72871e-10 3.85313e-10 2.5858e-10 1.73156e-10 1.15711e-10 7.71683e-11 5.13642e-11 3.41245e-11 2.263e-11 1.4981e-11 9.90054e-12 6.53223e-12 4.30299e-12 2.83012e-12 1.85861e-12 1.21881e-12 7.98118e-13 5.21913e-13 3.40837e-13 2.22294e-13 1.44795e-13 9.41985e-14 6.1208e-14 3.97247e-14 2.57522e-14 1.66756e-14 1.07863e-14 6.96946e-15 4.49855e-15 2.9007e-15 1.86853e-15 1.20247e-15 7.73096e-16 4.96578e-16 3.18673e-16 2.04322e-16 1.30889e-16 8.37759e-17 5.3576e-17 3.42345e-17 2.18578e-17 1.39446e-17 8.8893e-18 5.66237e-18 3.60416e-18 2.29241e-18 1.45702e-18 9.25411e-19 5.87355e-19 3.72538e-19 2.36129e-19 1.49569e-19 9.46789e-20 5.98947e-20 3.78662e-20 2.39248e-20 1.51071e-20 9.53358e-21 6.0128e-21 3.79006e-21 2.38765e-21 1.50332e-21 9.46006e-22 5.94978e-22
1.00178e-05 1.14868e-05 1.25886e-05 1.25933e-05 1.18471e-05 1.06543e-05 9.25333e-06 7.81443e-06 6.44801e-06 5.21722e-06 4.15078e-06 3.2541e-06 2.51823e-06 1.92636e-06 1.45836e-06 1.09372e-06 8.13258e-07 5.99988e-07 4.39462e-07 3.19744e-07 2.31203e-07 1.66218e-07 1.18857e-07 8.45625e-08 5.98784e-08 4.22107e-08 2.96307e-08 2.07171e-08 1.44302e-08 1.00151e-08 6.92717e-09 4.77575e-09 3.28229e-09 2.24918e-09 1.53687e-09 1.04729e-09 7.11812e-10 4.82586e-10 3.26391e-10 2.20239e-10 1.4828e-10 9.96171e-11 6.67859e-11 4.46854e-11 2.98404e-11 1.98898e-11 1.32334e-11 8.78915e-12 5.82754e-12 3.85751e-12 2.54938e-12 1.68223e-12 1.10837e-12 7.29195e-13 4.79054e-13 3.14285e-13 2.05909e-13 1.34728e-13 8.80407e-14 5.74602e-14 3.7456e-14 2.43872e-14 1.58598e-14 1.03025e-14 6.68513e-15 4.33319e-15 2.80574e-15 1.81485e-15 1.17272e-15 7.57047e-16 4.88238e-16 3.14579e-16 2.02501e-16 1.30236e-16 8.36859e-17 5.37273e-17 3.44642e-17 2.20891e-17 1.4146e-17 9.05193e-18 5.78771e-18 3.69774e-18 2.36068e-18 1.50596e-18 9.60004e-19 6.11535e-19 3.89281e-19 2.4763e-19 1.57416e-19 1.00001e-19 6.34853e-20 4.02774e-20 2.55372e-20 1.61813e-20 1.02468e-20 6.48481e-21 4.10155e-21 2.59266e-21 1.63791e-21 1.03417e-21 6.52599e-22
5.80864e-06 6.93599e-06 7.77503e-06 7.92412e-06 7.57644e-06 6.91357e-06 6.08512e-06 5.20291e-06 4.34327e-06 3.55298e-06 2.85633e-06 2.26168e-06 1.76701e-06 1.36416e-06 1.04192e-06 7.88119e-07 5.90899e-07 4.39462e-07 3.24413e-07 2.37841e-07 1.73262e-07 1.25469e-07 9.03568e-08 6.47328e-08 4.61492e-08 3.27495e-08 2.31396e-08 1.62826e-08 1.14129e-08 7.97006e-09 5.54623e-09 3.8466e-09 2.65929e-09 1.83285e-09 1.25955e-09 8.6315e-10 5.89915e-10 4.02135e-10 2.73448e-10 1.85499e-10 1.25548e-10 8.47842e-11 5.71335e-11 3.84211e-11 2.57859e-11 1.72725e-11 1.15483e-11 7.70718e-12 5.13466e-12 3.41499e-12 2.26752e-12 1.5032e-12 9.94968e-13 6.57573e-13 4.33951e-13 2.85968e-13 1.88186e-13 1.23672e-13 8.11674e-14 5.32026e-14 3.48289e-14 2.27727e-14 1.48721e-14 9.70113e-15 6.3209e-15 4.11389e-15 2.67457e-15 1.73698e-15 1.1269e-15 7.30352e-16 4.72877e-16 3.05874e-16 1.97662e-16 1.27614e-16 8.23146e-17 5.30476e-17 3.41566e-17 2.1974e-17 1.41246e-17 9.07166e-18 5.82161e-18 3.73296e-18 2.3918e-18 1.53131e-18 9.79653e-19 6.26269e-19 4.00068e-19 2.55386e-19 1.62912e-19 1.03851e-19 6.61569e-20 4.21162e-20 2.6794e-20 1.70351e-20 1.08238e-20 6.8729e-21 4.36148e-21 2.76609e-21 1.75323e-21 1.1106e-21 7.03112e-22
3.36803e-06 4.18148e-06 4.79163e-06 4.97286e-06 4.83031e-06 4.47064e-06 3.98635e-06 3.44976e-06 2.91251e-06 2.40814e-06 1.95571e-06 1.56363e-06 1.23303e-06 9.60458e-07 7.39929e-07 5.64371e-07 4.26571e-07 3.19744e-07 2.37841e-07 1.7567e-07 1.289e-07 9.40059e-08 6.81671e-08 4.91665e-08 3.52841e-08 2.52018e-08 1.79202e-08 1.26887e-08 8.94845e-09 6.28674e-09 4.40078e-09 3.06998e-09 2.13457e-09 1.47952e-09 1.0224e-09 7.0448e-10 4.84078e-10 3.31748e-10 2.26774e-10 1.54636e-10 1.05196e-10 7.14001e-11 4.83551e-11 3.26785e-11 2.2039e-11 1.4834e-11 9.96529e-12 6.68211e-12 4.47254e-12 2.98838e-12 1.99333e-12 1.32742e-12 8.82558e-13 5.85872e-13 3.88334e-13 2.57021e-13 1.69868e-13 1.12111e-13 7.38914e-14 4.86368e-14 3.19725e-14 2.09914e-14 1.37649e-14 9.01533e-15 5.89771e-15 3.85379e-15 2.5154e-15 1.64003e-15 1.06815e-15 6.94955e-16 4.51687e-16 2.93281e-16 1.90242e-16 1.23285e-16 7.98187e-17 5.16298e-17 3.33659e-17 2.15437e-17 1.38983e-17 8.95846e-18 5.76954e-18 3.71273e-18 2.38724e-18 1.53375e-18 9.84639e-19 6.31638e-19 4.04888e-19 2.59347e-19 1.66002e-19 1.06179e-19 6.78669e-20 4.33491e-20 2.767e-20 1.76502e-20 1.12514e-20 7.16774e-21 4.56336e-21 2.90346e-21 1.84621e-21 1.17323e-21 7.45123e-22
1.95289e-06 2.5172e-06 2.94707e-06 3.11306e-06 3.0707e-06 2.8816e-06 2.60217e-06 2.27852e-06 1.94499e-06 1.62499e-06 1.33281e-06 1.07573e-06 8.56e-07 6.72605e-07 5.22539e-07 4.0181e-07 3.06101e-07 2.31203e-07 1.73262e-07 1.289e-07 9.5252e-08 6.99464e-08 5.10631e-08 3.70732e-08 2.67774e-08 1.92471e-08 1.3771e-08 9.8102e-09 6.95988e-09 4.91844e-09 3.46287e-09 2.42944e-09 1.69866e-09 1.18387e-09 8.22538e-10 5.698e-10 3.936e-10 2.71146e-10 1.86299e-10 1.2768e-10 8.72931e-11 5.95414e-11 4.05207e-11 2.75161e-11 1.86458e-11 1.26092e-11 8.51019e-12 5.7327e-12 3.85456e-12 2.58709e-12 1.73336e-12 1.1594e-12 7.7422e-13 5.1618e-13 3.43608e-13 2.28385e-13 1.51578e-13 1.00457e-13 6.64843e-14 4.39407e-14 2.90027e-14 1.91183e-14 1.25867e-14 8.27635e-15 5.43554e-15 3.56563e-15 2.33631e-15 1.52911e-15 9.99697e-16 6.52877e-16 4.2593e-16 2.77586e-16 1.80726e-16 1.17548e-16 7.63814e-17 4.9585e-17 3.21595e-17 2.08388e-17 1.34912e-17 8.72662e-18 5.63987e-18 3.64188e-18 2.34976e-18 1.51485e-18 9.75814e-19 6.28095e-19 4.0397e-19 2.59624e-19 1.66731e-19 1.06997e-19 6.86146e-20 4.39697e-20 2.81571e-20 1.80188e-20 1.15232e-20 7.36432e-21 4.70337e-21 3.00198e-21 1.91484e-21 1.22064e-21 7.77636e-22
1.13235e-06 1.51327e-06 1.80919e-06 1.94432e-06 1.94687e-06 1.85178e-06 1.693e-06 1.49952e-06 1.29386e-06 1.09203e-06 9.04367e-07 7.36683e-07 5.91413e-07 4.68671e-07 3.67103e-07 2.84533e-07 2.1843e-07 1.66218e-07 1.25469e-07 9.40059e-08 6.99464e-08 5.17101e-08 3.79988e-08 2.7766e-08 2.01816e-08 1.45958e-08 1.05064e-08 7.52914e-09 5.3728e-09 3.81868e-09 2.70376e-09 1.9074e-09 1.34095e-09 9.39592e-10 6.56281e-10 4.57004e-10 3.17311e-10 2.19702e-10 1.5171e-10 1.04489e-10 7.17866e-11 4.92009e-11 3.36431e-11 2.29533e-11 1.56263e-11 1.06159e-11 7.19747e-12 4.87024e-12 3.28924e-12 2.21738e-12 1.49214e-12 1.00236e-12 6.72211e-13 4.50066e-13 3.00853e-13 2.00798e-13 1.33816e-13 8.90472e-14 5.91712e-14 3.92639e-14 2.60187e-14 1.72188e-14 1.13804e-14 7.51209e-15 4.95255e-15 3.26117e-15 2.14489e-15 1.40908e-15 9.24654e-16 6.06097e-16 3.9686e-16 2.59581e-16 1.69613e-16 1.10715e-16 7.21978e-17 4.70347e-17 3.06125e-17 1.99055e-17 1.29315e-17 8.39338e-18 5.44303e-18 3.5267e-18 2.28311e-18 1.47681e-18 9.54477e-19 6.16393e-19 3.97747e-19 2.56459e-19 1.65234e-19 1.06378e-19 6.84366e-20 4.39955e-20 2.8263e-20 1.81436e-20 1.16394e-20 7.46174e-21 4.78036e-21 3.06053e-21 1.95817e-21 1.25206e-21 8.00075e-22
6.56573e-07 9.08587e-07 1.10871e-06 1.21175e-06 1.23126e-06 1.18665e-06 1.09807e-06 9.83539e-07 8.57608e-07 7.31047e-07 6.11157e-07 5.02344e-07 4.06782e-07 3.25047e-07 2.56652e-07 2.00472e-07 1.55058e-07 1.18857e-07 9.03568e-08 6.81671e-08 5.10631e-08 3.79988e-08 2.8103e-08 2.06644e-08 1.51125e-08 1.09958e-08 7.96195e-09 5.7389e-09 4.11868e-09 2.94376e-09 2.09579e-09 1.48653e-09 1.05065e-09 7.40056e-10 5.19589e-10 3.63667e-10 2.53776e-10 1.76584e-10 1.22533e-10 8.48021e-11 5.85395e-11 4.03109e-11 2.76926e-11 1.89805e-11 1.29805e-11 8.85812e-12 6.03242e-12 4.09986e-12 2.781e-12 1.88283e-12 1.27241e-12 8.58364e-13 5.78049e-13 3.88623e-13 2.60845e-13 1.74802e-13 1.16961e-13 7.81411e-14 5.21292e-14 3.47266e-14 2.31013e-14 1.53469e-14 1.01819e-14 6.74644e-15 4.46447e-15 2.95073e-15 1.94788e-15 1.28435e-15 8.45868e-16 5.56456e-16 3.65661e-16 2.40025e-16 1.57389e-16 1.03096e-16 6.74633e-17 4.41022e-17 2.88024e-17 1.87923e-17 1.22497e-17 7.97756e-18 5.19066e-18 3.37435e-18 2.19169e-18 1.42232e-18 9.22251e-19 5.97509e-19 3.86801e-19 2.50199e-19 1.61712e-19 1.0444e-19 6.74005e-20 4.34646e-20 2.80086e-20 1.80358e-20 1.16057e-20 7.46284e-21 4.79557e-21 3.07952e-21 1.97623e-21 1.26738e-21 8.12267e-22
3.80702e-07 5.44888e-07 6.78329e-07 7.53669e-07 7.76859e-07 7.58414e-07 7.10131e-07 6.43072e-07 5.66524e-07 4.87631e-07 4.11439e-07 3.41176e-07 2.78617e-07 2.24451e-07 1.78617e-07 1.4058e-07 1.09534e-07 8.45625e-08 6.47328e-08 4.91665e-08 3.70732e-08 2.7766e-08 2.06644e-08 1.52884e-08 1.12483e-08 8.23263e-09 5.99575e-09 4.34628e-09 3.13666e-09 2.25419e-09 1.61352e-09 1.15054e-09 8.17428e-10 5.78745e-10 4.08395e-10 2.87269e-10 2.01452e-10 1.40857e-10 9.82108e-11 6.82907e-11 4.73619e-11 3.27644e-11 2.26109e-11 1.55674e-11 1.06937e-11 7.32971e-12 5.01329e-12 3.42189e-12 2.33101e-12 1.58483e-12 1.07549e-12 7.28519e-13 4.92614e-13 3.32526e-13 2.24088e-13 1.50767e-13 1.01276e-13 6.79259e-14 4.54897e-14 3.04197e-14 2.03132e-14 1.35455e-14 9.02033e-15 5.99893e-15 3.98439e-15 2.64302e-15 1.75107e-15 1.15872e-15 7.65848e-16 5.05596e-16 3.33405e-16 2.19614e-16 1.44503e-16 9.49799e-17 6.23641e-17 4.09067e-17 2.68052e-17 1.75477e-17 1.14763e-17 7.49849e-18 4.89491e-18 3.19243e-18 2.08022e-18 1.35431e-18 8.80957e-19 5.72563e-19 3.7182e-19 2.41261e-19 1.56421e-19 1.01335e-19 6.55977e-20 4.24313e-20 2.74258e-20 1.77139e-20 1.14328e-20 7.37362e-21 4.75231e-21 3.06076e-21 1.96996e-21 1.26706e-21 8.14418e-22
2.20743e-07 3.26415e-07 4.14376e-07 4.6787e-07 4.89077e-07 4.8352e-07 4.57995e-07 4.19217e-07 3.73048e-07 3.24164e-07 2.75995e-07 2.30845e-07 1.90081e-07 1.5435e-07 1.23777e-07 9.81437e-08 7.70216e-08 5.98784e-08 4.61492e-08 3.52841e-08 2.67774e-08 2.01816e-08 1.51125e-08 1.12483e-08 8.32475e-09 6.12815e-09 4.48842e-09 3.27176e-09 2.37411e-09 1.71535e-09 1.23432e-09 8.84727e-10 6.31793e-10 4.49569e-10 3.18817e-10 2.25357e-10 1.58797e-10 1.11561e-10 7.81501e-11 5.45935e-11 3.80357e-11 2.64316e-11 1.83221e-11 1.26702e-11 8.74151e-12 6.01747e-12 4.13332e-12 2.83315e-12 1.93801e-12 1.32308e-12 9.0153e-13 6.13151e-13 4.16265e-13 2.82103e-13 1.90855e-13 1.28908e-13 8.69261e-14 5.85244e-14 3.9342e-14 2.64075e-14 1.76996e-14 1.18462e-14 7.91762e-15 5.28469e-15 3.52265e-15 2.34508e-15 1.55918e-15 1.03537e-15 6.86708e-16 4.54919e-16 3.01019e-16 1.98958e-16 1.31355e-16 8.66281e-17 5.70702e-17 3.75584e-17 2.46922e-17 1.62173e-17 1.06407e-17 6.97495e-18 4.56774e-18 2.98854e-18 1.95353e-18 1.27583e-18 8.32499e-19 5.4275e-19 3.53547e-19 2.30108e-19 1.49645e-19 9.72391e-20 6.3136e-20 4.09613e-20 2.65546e-20 1.72019e-20 1.11351e-20 7.20263e-21 4.65563e-21 3.00717e-21 1.94105e-21 1.25204e-21 8.07057e-22
1.27994e-07 1.95337e-07 2.52768e-07 2.89931e-07 3.07263e-07 3.07543e-07 2.94621e-07 2.72524e-07 2.44911e-07 2.14808e-07 1.84514e-07 1.55639e-07 1.29198e-07 1.05732e-07 8.54293e-08 6.82316e-08 5.39256e-08 4.22107e-08 3.27495e-08 2.52018e-08 1.92471e-08 1.45958e-08 1.09958e-08 8.23263e-09 6.12815e-09 4.53676e-09 3.34133e-09 2.44891e-09 1.78655e-09 1.29763e-09 9.38578e-10 6.76177e-10 4.85288e-10 3.47026e-10 2.47296e-10 1.75641e-10 1.2435e-10 8.77684e-11 6.1766e-11 4.33441e-11 3.03337e-11 2.11727e-11 1.47409e-11 1.02379e-11 7.09355e-12 4.90369e-12 3.38236e-12 2.328e-12 1.59898e-12 1.09604e-12 7.49822e-13 5.11994e-13 3.48955e-13 2.37407e-13 1.61235e-13 1.09317e-13 7.39945e-14 5.00047e-14 3.37396e-14 2.27304e-14 1.52906e-14 1.0271e-14 6.8894e-15 4.61477e-15 3.08695e-15 2.06223e-15 1.37588e-15 9.16805e-16 6.1015e-16 4.05575e-16 2.69272e-16 1.78571e-16 1.18287e-16 7.8267e-17 5.17308e-17 3.41552e-17 2.25274e-17 1.48429e-17 9.76995e-18 6.42446e-18 4.22047e-18 2.76996e-18 1.81627e-18 1.18985e-18 7.78772e-19 5.09269e-19 3.32742e-19 2.17219e-19 1.41685e-19 9.23406e-20 6.01327e-20 3.91275e-20 2.54398e-20 1.65277e-20 1.07295e-20 6.96026e-21 4.51181e-21 2.92256e-21 1.89176e-21 1.22368e-21 7.90982e-22
7.42149e-08 1.16783e-07 1.53977e-07 1.79363e-07 1.9266e-07 1.95182e-07 1.89065e-07 1.76695e-07 1.60333e-07 1.41915e-07 1.22963e-07 1.04583e-07 8.75081e-08 7.21636e-08 5.8738e-08 4.7249e-08 3.76012e-08 2.96307e-08 2.31396e-08 1.79202e-08 1.3771e-08 1.05064e-08 7.96195e-09 5.99575e-09 4.48842e-09 3.34133e-09 2.47433e-09 1.82318e-09 1.33707e-09 9.76173e-10 7.09657e-10 5.13812e-10 3.70575e-10 2.6628e-10 1.90661e-10 1.36053e-10 9.67704e-11 6.86146e-11 4.85048e-11 3.41898e-11 2.40325e-11 1.68474e-11 1.178e-11 8.21612e-12 5.71662e-12 3.96822e-12 2.74834e-12 1.89929e-12 1.30976e-12 9.01354e-13 6.19058e-13 4.24351e-13 2.90335e-13 1.9828e-13 1.35171e-13 9.19889e-14 6.24963e-14 4.23897e-14 2.87058e-14 1.94089e-14 1.31031e-14 8.83281e-15 5.9456e-15 3.99649e-15 2.68263e-15 1.79828e-15 1.20387e-15 8.04904e-16 5.37476e-16 3.58458e-16 2.38778e-16 1.58868e-16 1.05578e-16 7.00844e-17 4.64714e-17 3.07806e-17 2.0366e-17 1.34611e-17 8.8881e-18 5.86274e-18 3.86334e-18 2.54334e-18 1.67276e-18 1.09915e-18 7.21574e-19 4.73276e-19 3.10144e-19 2.03065e-19 1.32842e-19 8.68298e-20 5.67081e-20 3.70057e-20 2.41293e-20 1.57209e-20 1.02347e-20 6.65801e-21 4.328e-21 2.81131e-21 1.8248e-21 1.18362e-21 7.67189e-22
4.30322e-08 6.97562e-08 9.36767e-08 1.10785e-07 1.20578e-07 1.23614e-07 1.21049e-07 1.14277e-07 1.04682e-07 9.34901e-08 8.16974e-08 7.00528e-08 5.90742e-08 4.90822e-08 4.02407e-08 3.2597e-08 2.61174e-08 2.07171e-08 1.62826e-08 1.26887e-08 9.8102e-09 7.52914e-09 5.7389e-09 4.34628e-09 3.27176e-09 2.44891e-09 1.82318e-09 1.35046e-09 9.95497e-10 7.30486e-10 5.33697e-10 3.88309e-10 2.81412e-10 2.03173e-10 1.46157e-10 1.04778e-10 7.48645e-11 5.33209e-11 3.78605e-11 2.68037e-11 1.89221e-11 1.33215e-11 9.35384e-12 6.55116e-12 4.57694e-12 3.19005e-12 2.21828e-12 1.53909e-12 1.06554e-12 7.36148e-13 5.07545e-13 3.4924e-13 2.3985e-13 1.64415e-13 1.12501e-13 7.68425e-14 5.23962e-14 3.56673e-14 2.42399e-14 1.64476e-14 1.11429e-14 7.53764e-15 5.09133e-15 3.43401e-15 2.31291e-15 1.55567e-15 1.04495e-15 7.00967e-16 4.69616e-16 3.14226e-16 2.09993e-16 1.40167e-16 9.34486e-17 6.22298e-17 4.13934e-17 2.75031e-17 1.82541e-17 1.21025e-17 8.0156e-18 5.30336e-18 3.50532e-18 2.3146e-18 1.52687e-18 1.00627e-18 6.62553e-19 4.35841e-19 2.86446e-19 1.88093e-19 1.23402e-19 8.08911e-20 5.29801e-20 3.46709e-20 2.26706e-20 1.4812e-20 9.66984e-21 6.30795e-21 4.11174e-21 2.67816e-21 1.74311e-21 1.1337e-21 7.36812e-22
2.49514e-08 4.16305e-08 5.69218e-08 6.83236e-08 7.53318e-08 7.81327e-08 7.73323e-08 7.37335e-08 6.81738e-08 6.14227e-08 5.41253e-08 4.67825e-08 3.97538e-08 3.32738e-08 2.74745e-08 2.24091e-08 1.80746e-08 1.44302e-08 1.14129e-08 8.94845e-09 6.95988e-09 5.3728e-09 4.11868e-09 3.13666e-09 2.37411e-09 1.78655e-09 1.33707e-09 9.95497e-10 7.37556e-10 5.43909e-10 3.9933e-10 2.91946e-10 2.12581e-10 1.54196e-10 1.11435e-10 8.02485e-11 5.75947e-11 4.12018e-11 2.93827e-11 2.08912e-11 1.48107e-11 1.04707e-11 7.38259e-12 5.19171e-12 3.64184e-12 2.54845e-12 1.77913e-12 1.23923e-12 8.61266e-13 5.973e-13 4.13376e-13 2.85511e-13 1.96811e-13 1.35409e-13 9.29911e-14 6.37461e-14 4.36218e-14 2.97997e-14 2.03234e-14 1.38382e-14 9.40745e-15 6.38551e-15 4.32778e-15 2.92884e-15 1.97926e-15 1.33567e-15 9.00124e-16 6.0579e-16 4.07167e-16 2.73316e-16 1.83237e-16 1.22695e-16 8.20578e-17 5.4815e-17 3.65745e-17 2.43761e-17 1.62282e-17 1.0792e-17 7.16922e-18 4.75759e-18 3.15396e-18 2.08875e-18 1.38194e-18 9.13417e-19 6.03163e-19 3.97918e-19 2.62273e-19 1.72711e-19 1.13632e-19 7.46963e-20 4.90599e-20 3.21949e-20 2.11099e-20 1.38302e-20 9.05365e-21 5.92208e-21 3.87067e-21 2.52793e-21 1.64974e-21 1.07583e-21 7.01056e-22
1.44676e-08 2.4825e-08 3.45481e-08 4.20766e-08 4.69857e-08 4.92928e-08 4.93018e-08 4.74674e-08 4.4291e-08 4.0251e-08 3.57612e-08 3.11531e-08 2.66724e-08 2.24868e-08 1.86975e-08 1.53536e-08 1.2465e-08 1.00151e-08 7.97006e-09 6.28674e-09 4.91844e-09 3.81868e-09 2.94376e-09 2.25419e-09 1.71535e-09 1.29763e-09 9.76173e-10 7.30486e-10 5.43909e-10 4.03069e-10 2.97352e-10 2.18421e-10 1.59785e-10 1.16433e-10 8.45248e-11 6.1141e-11 4.40741e-11 3.16662e-11 2.26792e-11 1.61931e-11 1.15279e-11 8.18346e-12 5.79338e-12 4.09051e-12 2.88079e-12 2.02381e-12 1.41837e-12 9.91743e-13 6.91884e-13 4.81638e-13 3.34572e-13 2.31935e-13 1.60463e-13 1.10801e-13 7.63646e-14 5.25344e-14 3.60761e-14 2.47309e-14 1.69248e-14 1.15635e-14 7.8878e-15 5.37205e-15 3.65307e-15 2.48042e-15 1.68173e-15 1.13859e-15 7.69793e-16 5.19739e-16 3.50443e-16 2.35984e-16 1.58705e-16 1.066e-16 7.15137e-17 4.79183e-17 3.20702e-17 2.14389e-17 1.43157e-17 9.54863e-18 6.36206e-18 4.23439e-18 2.81534e-18 1.86993e-18 1.24074e-18 8.22445e-19 5.44642e-19 3.60331e-19 2.38168e-19 1.57277e-19 1.03766e-19 6.84002e-20 4.50484e-20 2.96434e-20 1.94898e-20 1.28034e-20 8.40406e-21 5.5119e-21 3.61217e-21 2.36536e-21 1.54771e-21 1.01194e-21 6.61142e-22
8.3888e-09 1.47923e-08 2.09457e-08 2.58774e-08 2.92593e-08 3.10426e-08 3.13696e-08 3.04928e-08 2.87089e-08 2.63125e-08 2.35669e-08 2.06889e-08 1.78447e-08 1.51517e-08 1.26852e-08 1.04859e-08 8.56804e-09 6.92717e-09 5.54623e-09 4.40078e-09 3.46287e-09 2.70376e-09 2.09579e-09 1.61352e-09 1.23432e-09 9.38578e-10 7.09657e-10 5.33697e-10 3.9933e-10 2.97352e-10 2.20402e-10 1.62651e-10 1.19533e-10 8.74947e-11 6.37997e-11 4.63519e-11 3.35577e-11 2.42133e-11 1.74144e-11 1.24857e-11 8.92504e-12 6.3614e-12 4.5215e-12 3.20511e-12 2.26606e-12 1.59811e-12 1.1243e-12 7.89101e-13 5.52572e-13 3.86084e-13 2.69178e-13 1.87279e-13 1.30034e-13 9.0109e-14 6.23226e-14 4.3024e-14 2.96475e-14 2.03936e-14 1.4004e-14 9.6002e-15 6.57046e-15 4.48969e-15 3.06309e-15 2.0866e-15 1.4193e-15 9.63998e-16 6.53824e-16 4.42835e-16 2.99525e-16 2.02324e-16 1.36488e-16 9.1958e-17 6.18789e-17 4.15877e-17 2.79169e-17 1.8718e-17 1.25358e-17 8.38603e-18 5.60376e-18 3.74051e-18 2.49414e-18 1.66133e-18 1.10547e-18 7.34851e-19 4.88003e-19 3.2376e-19 2.1459e-19 1.42099e-19 9.40088e-20 6.21374e-20 4.10347e-20 2.7075e-20 1.78489e-20 1.17567e-20 7.73745e-21 5.08807e-21 3.34316e-21 2.19491e-21 1.43991e-21 9.43881e-22 6.18259e-22
4.86409e-09 8.80778e-09 1.26856e-08 1.58941e-08 1.81931e-08 1.95161e-08 1.99223e-08 1.95485e-08 1.85681e-08 1.71608e-08 1.54926e-08 1.37041e-08 1.19063e-08 1.01805e-08 8.58095e-09 7.13964e-09 5.87084e-09 4.77575e-09 3.8466e-09 3.06998e-09 2.42944e-09 1.9074e-09 1.48653e-09 1.15054e-09 8.84727e-10 6.76177e-10 5.13812e-10 3.88309e-10 2.91946e-10 2.18421e-10 1.62651e-10 1.20583e-10 8.90164e-11 6.54471e-11 4.79319e-11 3.49738e-11 2.5428e-11 1.84244e-11 1.33059e-11 9.57893e-12 6.87488e-12 4.91967e-12 3.51053e-12 2.49816e-12 1.77303e-12 1.25516e-12 8.86355e-13 6.24412e-13 4.38859e-13 3.0775e-13 2.15337e-13 1.50355e-13 1.04766e-13 7.28531e-14 5.05626e-14 3.50256e-14 2.4218e-14 1.67151e-14 1.15164e-14 7.92108e-15 5.43908e-15 3.72873e-15 2.55215e-15 1.74412e-15 1.19012e-15 8.10891e-16 5.51703e-16 3.7483e-16 2.5431e-16 1.72308e-16 1.16592e-16 7.87905e-17 5.31772e-17 3.58458e-17 2.41335e-17 1.62288e-17 1.09004e-17 7.31309e-18 4.90084e-18 3.28066e-18 2.19372e-18 1.46534e-18 9.77788e-19 6.51786e-19 4.34038e-19 2.8875e-19 1.91908e-19 1.27424e-19 8.4528e-20 5.60209e-20 3.70942e-20 2.454e-20 1.62204e-20 1.07121e-20 7.06834e-21 4.66013e-21 3.06988e-21 2.02066e-21 1.32898e-21 8.73381e-22 5.73525e-22
2.82036e-09 5.24082e-09 7.67538e-09 9.75032e-09 1.1296e-08 1.22496e-08 1.26297e-08 1.2508e-08 1.19843e-08 1.11673e-08 1.01607e-08 9.05505e-09 7.92364e-09 6.82187e-09 5.78834e-09 4.84713e-09 4.01062e-09 3.28229e-09 2.65929e-09 2.13457e-09 1.69866e-09 1.34095e-09 1.05065e-09 8.17428e-10 6.31793e-10 4.85288e-10 3.70575e-10 2.81412e-10 2.12581e-10 1.59785e-10 1.19533e-10 8.90164e-11 6.60052e-11 4.8741e-11 3.58506e-11 2.62697e-11 1.91796e-11 1.39544e-11 1.01188e-11 7.31385e-12 5.27007e-12 3.78607e-12 2.71211e-12 1.93738e-12 1.38024e-12 9.80756e-13 6.95142e-13 4.91503e-13 3.46698e-13 2.43994e-13 1.71333e-13 1.20051e-13 8.39412e-14 5.85733e-14 4.07908e-14 2.83521e-14 1.96695e-14 1.36209e-14 9.41548e-15 6.49717e-15 4.47579e-15 3.0782e-15 2.1136e-15 1.44899e-15 9.91829e-16 6.77886e-16 4.62634e-16 3.15278e-16 2.14556e-16 1.4581e-16 9.89583e-17 6.70725e-17 4.54021e-17 3.06943e-17 2.07254e-17 1.39772e-17 9.41503e-18 6.33455e-18 4.2571e-18 2.85775e-18 1.91626e-18 1.28357e-18 8.58854e-19 5.74075e-19 3.83331e-19 2.55706e-19 1.70404e-19 1.13449e-19 7.54575e-20 5.01416e-20 3.32885e-20 2.20799e-20 1.46322e-20 9.68823e-21 6.40918e-21 4.23635e-21 2.79781e-21 1.84623e-21 1.21731e-21 8.01997e-22 5.2796e-22
