0.0563767 0.0364838 0.0236102 0.0152792 0.00988781 0.00639882 0.00414095 0.00267979 0.00173421 0.00112228 0.000726275 0.000470004 0.000304159 0.000196835 0.00012738 8.24331e-05 5.3346e-05 3.45225e-05 2.2341e-05 1.44578e-05 9.35627e-06 6.05484e-06 3.91835e-06 2.53573e-06 1.64098e-06 1.06195e-06 6.87232e-07 4.44737e-07 2.87809e-07 1.86253e-07 1.20532e-07 7.80017e-08 5.04783e-08 3.26667e-08 2.114e-08 1.36806e-08 8.8533e-09 5.72935e-09 3.70771e-09 2.39942e-09 1.55277e-09 1.00486e-09 6.50289e-10 4.2083e-10 2.72337e-10 1.76241e-10 1.14053e-10 7.38086e-11 4.77647e-11 3.09106e-11 2.00036e-11 1.29452e-11 8.37737e-12 5.42136e-12 3.50839e-12 2.27043e-12 1.46929e-12 9.50842e-13 6.15331e-13 3.98207e-13 2.57697e-13 1.66767e-13 1.07922e-13 6.98408e-14 4.5197e-14 2.92489e-14 1.89282e-14 1.22493e-14 7.92703e-15 5.12992e-15 3.31979e-15 2.14838e-15 1.39031e-15 8.99728e-16 5.82252e-16 3.768e-16 2.43844e-16 1.57802e-16 1.0212e-16 6.60864e-17 4.27673e-17 2.76766e-17 1.79107e-17 1.15908e-17 7.50089e-18 4.85415e-18 3.14133e-18 2.03289e-18 1.31557e-18 8.51361e-19 5.50952e-19 3.56545e-19 2.30735e-19 1.49319e-19 9.66306e-20 6.25338e-20 4.04683e-20 2.61888e-20 1.69479e-20 1.09677e-20 7.09766e-21
0.0364838 0.0274512 0.0202506 0.0147136 0.0105628 0.00750931 0.00529556 0.00370911 0.0025829 0.00178966 0.00123463 0.000848464 0.000581099 0.000396777 0.000270182 0.000183525 0.000124383 8.41282e-05 5.6795e-05 3.82766e-05 2.57555e-05 1.73049e-05 1.16113e-05 7.78113e-06 5.20826e-06 3.48229e-06 2.32589e-06 1.55201e-06 1.03467e-06 6.89189e-07 4.58693e-07 3.05052e-07 2.02727e-07 1.34632e-07 8.9352e-08 5.92638e-08 3.92842e-08 2.60257e-08 1.72327e-08 1.14046e-08 7.54389e-09 4.98777e-09 3.29626e-09 2.17746e-09 1.4378e-09 9.49015e-10 6.26156e-10 4.12983e-10 2.72288e-10 1.79463e-10 1.18244e-10 7.78839e-11 5.1284e-11 3.37588e-11 2.22161e-11 1.46161e-11 9.61336e-12 6.32132e-12 4.15558e-12 2.73118e-12 1.79459e-12 1.17892e-12 7.74289e-13 5.08428e-13 3.33784e-13 2.19085e-13 1.43772e-13 9.43308e-14 6.18801e-14 4.05853e-14 2.6614e-14 1.74493e-14 1.14385e-14 7.49709e-15 4.91299e-15 3.21907e-15 2.10887e-15 1.38136e-15 9.04685e-16 5.92418e-16 3.87882e-16 2.53929e-16 1.66214e-16 1.08784e-16 7.11887e-17 4.65803e-17 3.04748e-17 1.99356e-17 1.30397e-17 8.52817e-18 5.57695e-18 3.64662e-18 2.38418e-18 1.55862e-18 1.01882e-18 6.65909e-19 4.35199e-19 2.84393e-19 1.85827e-19 1.21411e-19 7.93177e-20
0.0236102 0.0202506 0.0165839 0.0131528 0.0101879 0.00774865 0.00580823 0.00430213 0.00315495 0.00229414 0.00165605 0.00118784 0.000847234 0.000601283 0.000424828 0.000298948 0.000209601 0.000146468 0.00010204 7.08888e-05 4.91205e-05 3.39553e-05 2.34199e-05 1.61199e-05 1.10738e-05 7.59353e-06 5.19817e-06 3.55273e-06 2.42447e-06 1.65216e-06 1.12435e-06 7.64183e-07 5.18758e-07 3.51748e-07 2.38244e-07 1.61198e-07 1.08959e-07 7.35789e-08 4.96418e-08 3.34629e-08 2.25381e-08 1.51678e-08 1.01999e-08 6.85402e-09 4.60244e-09 3.0884e-09 2.07107e-09 1.38797e-09 9.29604e-10 6.22244e-10 4.16271e-10 2.78325e-10 1.85993e-10 1.24227e-10 8.29319e-11 5.53371e-11 3.69069e-11 2.46038e-11 1.63948e-11 1.092e-11 7.27045e-12 4.83865e-12 3.21897e-12 2.14065e-12 1.42302e-12 9.45634e-13 6.28177e-13 4.1715e-13 2.76923e-13 1.83774e-13 1.21919e-13 8.08588e-14 5.36108e-14 3.55345e-14 2.35463e-14 1.55982e-14 1.03302e-14 6.83956e-15 4.52725e-15 2.99591e-15 1.98206e-15 1.31099e-15 8.66918e-16 5.73134e-16 3.78822e-16 2.50333e-16 1.65389e-16 1.09245e-16 7.2145e-17 4.76345e-17 3.14449e-17 2.07536e-17 1.36947e-17 9.03505e-18 5.95975e-18 3.93048e-18 2.59171e-18 1.70864e-18 1.12627e-18 7.42263e-19 4.89106e-19
0.0152792 0.0147136 0.0131528 0.0112082 0.00923412 0.00741776 0.00584195 0.00452794 0.00346333 0.00261959 0.00196248 0.00145799 0.00107528 0.000787883 0.000573949 0.000415919 0.00029997 0.00021541 0.000154075 0.000109802 7.79875e-05 5.52183e-05 3.89833e-05 2.74471e-05 1.92759e-05 1.35052e-05 9.44099e-06 6.58599e-06 4.58525e-06 3.18633e-06 2.21027e-06 1.53063e-06 1.05828e-06 7.30579e-07 5.03622e-07 3.4669e-07 2.38344e-07 1.63651e-07 1.1223e-07 7.68763e-08 5.26011e-08 3.59529e-08 2.45487e-08 1.67453e-08 1.14116e-08 7.76967e-09 5.28538e-09 3.59236e-09 2.43965e-09 1.65551e-09 1.12254e-09 7.60587e-10 5.14975e-10 3.48434e-10 2.35594e-10 1.59193e-10 1.075e-10 7.25481e-11 4.89311e-11 3.29832e-11 2.22206e-11 1.49617e-11 1.00688e-11 6.77248e-12 4.55301e-12 3.05941e-12 2.0548e-12 1.37942e-12 9.25615e-13 6.20827e-13 4.1622e-13 2.78929e-13 1.86846e-13 1.25113e-13 8.37431e-14 5.60312e-14 3.74756e-14 2.50558e-14 1.67461e-14 1.11884e-14 7.4726e-15 4.9892e-15 3.33003e-15 2.22191e-15 1.48207e-15 9.88273e-16 6.58801e-16 4.3904e-16 2.92502e-16 1.94818e-16 1.29721e-16 8.6352e-17 5.7467e-17 3.82341e-17 2.54315e-17 1.69115e-17 1.12431e-17 7.47282e-18 4.96568e-18 3.29891e-18 2.19111e-18
0.00988781 0.0105628 0.0101879 0.00923412 0.0080213 0.00675322 0.00554974 0.00447315 0.00354826 0.00277702 0.00214854 0.00164578 0.00124965 0.000941513 0.00070444 0.00052377 0.00038723 0.000284806 0.000208482 0.000151947 0.000110297 7.97649e-05 5.74841e-05 4.12927e-05 2.95718e-05 2.11177e-05 1.504e-05 1.06845e-05 7.57227e-06 5.35448e-06 3.77815e-06 2.66048e-06 1.86983e-06 1.31174e-06 9.18612e-07 6.4223e-07 4.48286e-07 3.12432e-07 2.17431e-07 1.51104e-07 1.04869e-07 7.26864e-08 5.03177e-08 3.4791e-08 2.40278e-08 1.65759e-08 1.14228e-08 7.86358e-09 5.40795e-09 3.71557e-09 2.55043e-09 1.74907e-09 1.19845e-09 8.20472e-10 5.61243e-10 3.83611e-10 2.61996e-10 1.78802e-10 1.21936e-10 8.30964e-11 5.65892e-11 3.85117e-11 2.6192e-11 1.7802e-11 1.2092e-11 8.20857e-12 5.56905e-12 3.77611e-12 2.55898e-12 1.73321e-12 1.17329e-12 7.93838e-13 5.36833e-13 3.62854e-13 2.4514e-13 1.65535e-13 1.11729e-13 7.53779e-14 5.08313e-14 3.42633e-14 2.30858e-14 1.55482e-14 1.04674e-14 7.04406e-15 4.73848e-15 3.18632e-15 2.14179e-15 1.43915e-15 9.66672e-16 6.49081e-16 4.35681e-16 2.92341e-16 1.96096e-16 1.31493e-16 8.81455e-17 5.9069e-17 3.95718e-17 2.6502e-17 1.77437e-17 1.18763e-17 7.9468e-18
0.00639882 0.00750931 0.00774865 0.00741776 0.00675322 0.00592783 0.00505953 0.00422292 0.0034605 0.00279232 0.00222365 0.00175066 0.00136451 0.00105413 0.00080789 0.000614753 0.00046476 0.000349289 0.000261087 0.000194185 0.000143762 0.000105976 7.78118e-05 5.69201e-05 4.14928e-05 3.01482e-05 2.18381e-05 1.57728e-05 1.13609e-05 8.16195e-06 5.84934e-06 4.18221e-06 2.98361e-06 2.12402e-06 1.50904e-06 1.07006e-06 7.57379e-07 5.35124e-07 3.77452e-07 2.65806e-07 1.86893e-07 1.31212e-07 9.1987e-08 6.4399e-08 4.50248e-08 3.14388e-08 2.19251e-08 1.5272e-08 1.06254e-08 7.38429e-09 5.12627e-09 3.55499e-09 2.46282e-09 1.70451e-09 1.17856e-09 8.14138e-10 5.61895e-10 3.87464e-10 2.66955e-10 1.83775e-10 1.26411e-10 8.68851e-11 5.96724e-11 4.09525e-11 2.80849e-11 1.92468e-11 1.3181e-11 9.02081e-12 6.16963e-12 4.21693e-12 2.88047e-12 1.96637e-12 1.34156e-12 9.14755e-13 6.23378e-13 4.24578e-13 2.8902e-13 1.96639e-13 1.33716e-13 9.08821e-14 6.17387e-14 4.19203e-14 2.84501e-14 1.92993e-14 1.30858e-14 8.86878e-15 6.00809e-15 4.06838e-15 2.75374e-15 1.86314e-15 1.26006e-15 8.51846e-16 5.75655e-16 3.88862e-16 2.62583e-16 1.77245e-16 1.19598e-16 8.06714e-17 5.43954e-17 3.66652e-17 2.47058e-17
0.00414095 0.00529556 0.00580823 0.00584195 0.00554974 0.00505953 0.00446981 0.00385125 0.00325093 0.00269738 0.00220545 0.00178041 0.00142133 0.00112349 0.000880235 0.000684175 0.000527954 0.000404728 0.000308395 0.000233688 0.00017617 0.000132177 9.8731e-05 7.34428e-05 5.44201e-05 4.01778e-05 2.95613e-05 2.16798e-05 1.58512e-05 1.15561e-05 8.40169e-06 6.09244e-06 4.40696e-06 3.18024e-06 2.28982e-06 1.64516e-06 1.17955e-06 8.44057e-07 6.02843e-07 4.29782e-07 3.05869e-07 2.17317e-07 1.54153e-07 1.09178e-07 7.72089e-08 5.45221e-08 3.84478e-08 2.70761e-08 1.90429e-08 1.33763e-08 9.38439e-09 6.57604e-09 4.60283e-09 3.21813e-09 2.24758e-09 1.56809e-09 1.09292e-09 7.60984e-10 5.29354e-10 3.67885e-10 2.55438e-10 1.77204e-10 1.22826e-10 8.50629e-11 5.88623e-11 4.06994e-11 2.81192e-11 1.94128e-11 1.33922e-11 9.23219e-12 6.3599e-12 4.37822e-12 3.01198e-12 2.07072e-12 1.4227e-12 9.76857e-13 6.7032e-13 4.59697e-13 3.1507e-13 2.1582e-13 1.47751e-13 1.01095e-13 6.91343e-14 4.72528e-14 3.22801e-14 2.20405e-14 1.50415e-14 1.026e-14 6.99514e-15 4.76694e-15 3.24699e-15 2.21068e-15 1.50445e-15 1.02338e-15 6.95842e-16 4.72935e-16 3.213e-16 2.18194e-16 1.48116e-16 1.00505e-16 6.81725e-17
0.00267979 0.00370911 0.00430213 0.00452794 0.00447315 0.00422292 0.00385125 0.00341722 0.00296476 0.00252423 0.00211491 0.00174746 0.00142634 0.00115169 0.000920984 0.000730101 0.000574227 0.00044839 0.000347825 0.00026818 0.000205612 0.000156822 0.00011903 8.99359e-05 6.76653e-05 5.07068e-05 3.78561e-05 2.81622e-05 2.08806e-05 1.54328e-05 1.1372e-05 8.35585e-06 6.12297e-06 4.47515e-06 3.26271e-06 2.37314e-06 1.72221e-06 1.24711e-06 9.01207e-07 6.49946e-07 4.6784e-07 3.36138e-07 2.41083e-07 1.72613e-07 1.23386e-07 8.80578e-08 6.27483e-08 4.4647e-08 3.17219e-08 2.25073e-08 1.5948e-08 1.12855e-08 7.97604e-09 5.63019e-09 3.96956e-09 2.79551e-09 1.9665e-09 1.38183e-09 9.69958e-10 6.80152e-10 4.76456e-10 3.33439e-10 2.3313e-10 1.62846e-10 1.13648e-10 7.92443e-11 5.52078e-11 3.84298e-11 2.67289e-11 1.85758e-11 1.28996e-11 8.95104e-12 6.20651e-12 4.30036e-12 2.97751e-12 2.06016e-12 1.42446e-12 9.84264e-13 6.79656e-13 4.69017e-13 3.23457e-13 2.22935e-13 1.53561e-13 1.05712e-13 7.27309e-14 5.00112e-14 3.43696e-14 2.36073e-14 1.62063e-14 1.11198e-14 7.62576e-15 5.22698e-15 3.58099e-15 2.45214e-15 1.67833e-15 1.14817e-15 7.85117e-16 5.36618e-16 3.66608e-16 2.50351e-16 1.70886e-16
0.00173421 0.0025829 0.00315495 0.00346333 0.00354826 0.0034605 0.00325093 0.00296476 0.00263895 0.00230169 0.00197302 0.00166606 0.00138845 0.00114368 0.000932274 0.00075284 0.000602783 0.0004789 0.000377775 0.000296056 0.00023061 0.000178624 0.000137633 0.00010553 8.05451e-05 6.1211e-05 4.63296e-05 3.49322e-05 2.62434e-05 1.96484e-05 1.4663e-05 1.09087e-05 8.09185e-06 5.98555e-06 4.41568e-06 3.24922e-06 2.38505e-06 1.74662e-06 1.27621e-06 9.30476e-07 6.76999e-07 4.9159e-07 3.56274e-07 2.57727e-07 1.86105e-07 1.34156e-07 9.65466e-08 6.9369e-08 4.97642e-08 3.56463e-08 2.54964e-08 1.82108e-08 1.29892e-08 9.25252e-09 6.58228e-09 4.6768e-09 3.31888e-09 2.35245e-09 1.66552e-09 1.17786e-09 8.32073e-10 5.87178e-10 4.13931e-10 2.91507e-10 2.0509e-10 1.44153e-10 1.01227e-10 7.10184e-11 4.97806e-11 3.48635e-11 2.43957e-11 1.70567e-11 1.19158e-11 8.31781e-12 5.80171e-12 4.04365e-12 2.81623e-12 1.95996e-12 1.36306e-12 9.47288e-13 6.57887e-13 4.56593e-13 3.16682e-13 2.19501e-13 1.52047e-13 1.05256e-13 7.28209e-14 5.03507e-14 3.47937e-14 2.40296e-14 1.65863e-14 1.14422e-14 7.88926e-15 5.43664e-15 3.74453e-15 2.57775e-15 1.77364e-15 1.21975e-15 8.38431e-16 5.76041e-16 3.9558e-16
0.00112228 0.00178966 0.00229414 0.00261959 0.00277702 0.00279232 0.00269738 0.00252423 0.00230169 0.00205366 0.00179872 0.00155035 0.0013176 0.00110592 0.000917958 0.000754331 0.000614254 0.000496053 0.00039756 0.000316397 0.000250176 0.000196628 0.000153678 0.000119482 9.24407e-05 7.11905e-05 5.45879e-05 4.16862e-05 3.17108e-05 2.40342e-05 1.81526e-05 1.36651e-05 1.02546e-05 7.67217e-06 5.72366e-06 4.25832e-06 3.15983e-06 2.33883e-06 1.72697e-06 1.27223e-06 9.35146e-07 6.85904e-07 5.02056e-07 3.66756e-07 2.67405e-07 1.94607e-07 1.41375e-07 1.02526e-07 7.42284e-08 5.36542e-08 3.87219e-08 2.7903e-08 2.00773e-08 1.44257e-08 1.03507e-08 7.41676e-09 5.30752e-09 3.79329e-09 2.70771e-09 1.93048e-09 1.37474e-09 9.77863e-10 6.94789e-10 4.93124e-10 3.49624e-10 2.47626e-10 1.75209e-10 1.23848e-10 8.74589e-11 6.17039e-11 4.34935e-11 3.06299e-11 2.15521e-11 1.51516e-11 1.06431e-11 7.46996e-12 5.23868e-12 3.671e-12 2.57047e-12 1.79852e-12 1.25747e-12 8.78546e-13 6.13373e-13 4.2794e-13 2.98364e-13 2.07883e-13 1.44746e-13 1.0072e-13 7.00405e-14 4.8676e-14 3.38077e-14 2.3467e-14 1.62796e-14 1.12871e-14 7.82116e-15 5.41651e-15 3.74913e-15 2.59363e-15 1.79331e-15 1.2393e-15 8.56008e-16
0.000726275 0.00123463 0.00165605 0.00196248 0.00214854 0.00222365 0.00220545 0.00211491 0.00197302 0.00179872 0.00160792 0.0014131 0.00122351 0.00104544 0.000882794 0.000737561 0.000610302 0.000500574 0.000407274 0.000328909 0.000263802 0.000210237 0.000166555 0.000131218 0.000102841 8.02078e-05 6.22683e-05 4.81315e-05 3.70516e-05 2.84114e-05 2.17057e-05 1.65245e-05 1.25381e-05 9.48301e-06 7.15054e-06 5.3761e-06 4.03073e-06 3.01398e-06 2.24793e-06 1.67246e-06 1.24137e-06 9.19304e-07 6.79302e-07 5.00897e-07 3.68594e-07 2.70702e-07 1.98431e-07 1.45188e-07 1.06042e-07 7.73168e-08 5.62791e-08 4.08995e-08 2.96762e-08 2.14999e-08 1.55533e-08 1.12353e-08 8.1048e-09 5.83862e-09 4.20053e-09 3.01815e-09 2.16588e-09 1.55238e-09 1.11134e-09 7.94681e-10 5.67609e-10 4.04974e-10 2.88628e-10 2.05491e-10 1.46152e-10 1.03844e-10 7.37111e-11 5.2272e-11 3.7034e-11 2.6214e-11 1.85387e-11 1.30992e-11 9.24779e-12 6.5233e-12 4.59769e-12 3.23789e-12 2.27847e-12 1.60209e-12 1.12565e-12 7.90307e-13 5.54463e-13 3.88722e-13 2.72333e-13 1.90662e-13 1.33393e-13 9.3264e-14 6.51647e-14 4.55023e-14 3.17527e-14 2.21442e-14 1.54339e-14 1.07506e-14 7.48406e-15 5.20702e-15 3.62073e-15 2.51629e-15 1.74778e-15
0.000470004 0.000848464 0.00118784 0.00145799 0.00164578 0.00175066 0.00178041 0.00174746 0.00166606 0.00155035 0.0014131 0.00126512 0.00111498 0.00096906 0.000831818 0.00070605 0.000593233 0.000493839 0.000407616 0.000333822 0.000271412 0.00021919 0.00017591 0.000140351 0.000111367 8.79137e-05 6.90633e-05 5.40066e-05 4.20498e-05 3.26059e-05 2.51845e-05 1.93803e-05 1.48612e-05 1.13576e-05 8.65206e-06 6.5708e-06 4.97551e-06 3.75691e-06 2.8291e-06 2.12489e-06 1.59199e-06 1.18986e-06 8.87249e-07 6.60123e-07 4.90081e-07 3.63084e-07 2.68455e-07 1.98104e-07 1.45914e-07 1.07277e-07 7.87322e-08 5.76838e-08 4.21925e-08 3.08117e-08 2.24656e-08 1.63554e-08 1.18894e-08 8.63052e-09 6.25614e-09 4.52882e-09 3.27408e-09 2.36391e-09 1.70462e-09 1.2277e-09 8.83158e-10 6.34566e-10 4.55429e-10 3.26499e-10 2.33815e-10 1.67263e-10 1.19531e-10 8.53333e-11 6.08592e-11 4.33624e-11 3.08666e-11 2.19513e-11 1.55969e-11 1.10721e-11 7.8531e-12 5.56522e-12 3.94058e-12 2.78793e-12 1.97085e-12 1.39214e-12 9.82599e-13 6.93011e-13 4.88406e-13 3.43957e-13 2.42055e-13 1.70224e-13 1.19626e-13 8.40106e-14 5.89595e-14 4.13512e-14 2.8983e-14 2.03012e-14 1.42112e-14 9.94198e-15 6.9511e-15 4.8571e-15 3.39193e-15
0.000304159 0.000581099 0.000847234 0.00107528 0.00124965 0.00136451 0.00142133 0.00142634 0.00138845 0.0013176 0.00122351 0.00111498 0.000999468 0.000882938 0.000769879 0.00066345 0.000565668 0.000477628 0.000399709 0.000331763 0.000273282 0.000223526 0.00018163 0.000146683 0.000117779 9.40605e-05 7.47364e-05 5.90972e-05 4.65185e-05 3.64595e-05 2.84588e-05 2.21275e-05 1.7141e-05 1.32314e-05 1.01791e-05 7.80559e-06 5.96707e-06 4.54808e-06 3.45669e-06 2.62002e-06 1.98065e-06 1.49352e-06 1.12346e-06 8.43108e-07 6.31283e-07 4.71645e-07 3.51631e-07 2.61619e-07 1.94265e-07 1.43974e-07 1.06505e-07 7.86451e-08 5.79716e-08 4.26602e-08 3.13412e-08 2.29886e-08 1.68359e-08 1.23112e-08 8.98934e-09 6.55439e-09 4.77233e-09 3.47008e-09 2.51983e-09 1.82744e-09 1.32364e-09 9.57548e-10 6.91879e-10 4.99335e-10 3.59961e-10 2.592e-10 1.8644e-10 1.33961e-10 9.61534e-11 6.89456e-11 4.93872e-11 3.53425e-11 2.52675e-11 1.80477e-11 1.28789e-11 9.18222e-12 6.54081e-12 4.65521e-12 3.31039e-12 2.3521e-12 1.66986e-12 1.18455e-12 8.39631e-13 5.94685e-13 4.20878e-13 2.97647e-13 2.10344e-13 1.48541e-13 1.04823e-13 7.39209e-14 5.20932e-14 3.66863e-14 2.58191e-14 1.81592e-14 1.27637e-14 8.96566e-15 6.29393e-15
0.000196835 0.000396777 0.000601283 0.000787883 0.000941513 0.00105413 0.00112349 0.00115169 0.00114368 0.00110592 0.00104544 0.00096906 0.000882938 0.000792298 0.000701339 0.000613245 0.000530279 0.000453901 0.000384921 0.000323634 0.000269953 0.000223522 0.000183809 0.000150185 0.000121975 9.85049e-05 7.91284e-05 6.32445e-05 5.03091e-05 3.98394e-05 3.14137e-05 2.46694e-05 1.9298e-05 1.50405e-05 1.16809e-05 9.04113e-06 6.97532e-06 5.36486e-06 4.11396e-06 3.14572e-06 2.39875e-06 1.82432e-06 1.38391e-06 1.04724e-06 7.90601e-07 5.95486e-07 4.47531e-07 3.35618e-07 2.5117e-07 1.87593e-07 1.39837e-07 1.04042e-07 7.72681e-08 5.72823e-08 4.23927e-08 3.13209e-08 2.31031e-08 1.70144e-08 1.2511e-08 9.18584e-09 6.73455e-09 4.93037e-09 3.60452e-09 2.63165e-09 1.91882e-09 1.39727e-09 1.0162e-09 7.38153e-10 5.35539e-10 3.88085e-10 2.80908e-10 2.03102e-10 1.46686e-10 1.05827e-10 7.62691e-11 5.49104e-11 3.94933e-11 2.83769e-11 2.03698e-11 1.46082e-11 1.04666e-11 7.49234e-12 5.3585e-12 3.82903e-12 2.73377e-12 1.95016e-12 1.39002e-12 9.89957e-13 7.04478e-13 5.00933e-13 3.55924e-13 2.52701e-13 1.79282e-13 1.27101e-13 9.00427e-14 6.37447e-14 4.5096e-14 3.18814e-14 2.2524e-14 1.59026e-14 1.12204e-14
0.00012738 0.000270182 0.000424828 0.000573949 0.00070444 0.00080789 0.000880235 0.000920984 0.000932274 0.000917958 0.000882794 0.000831818 0.000769879 0.000701339 0.000629904 0.000558562 0.000489593 0.000424627 0.000364727 0.000310491 0.000262144 0.000219633 0.000182704 0.000150971 0.000123971 0.000101202 8.21574e-05 6.63485e-05 5.33167e-05 4.26438e-05 3.39556e-05 2.69231e-05 2.12611e-05 1.67252e-05 1.31087e-05 1.0238e-05 7.96911e-06 6.183e-06 4.78235e-06 3.68798e-06 2.8359e-06 2.17467e-06 1.66319e-06 1.26875e-06 9.65468e-07 7.32926e-07 5.5511e-07 4.19496e-07 3.16328e-07 2.38033e-07 1.78754e-07 1.33974e-07 1.0022e-07 7.48316e-08 5.57741e-08 4.14974e-08 3.08227e-08 2.2856e-08 1.69212e-08 1.25079e-08 9.23146e-09 6.80318e-09 5.00637e-09 3.67892e-09 2.69972e-09 1.97848e-09 1.44802e-09 1.05842e-09 7.72676e-10 5.63385e-10 4.10291e-10 2.98449e-10 2.16846e-10 1.57378e-10 1.14094e-10 8.2625e-11 5.9773e-11 4.31967e-11 3.11859e-11 2.24924e-11 1.62066e-11 1.16664e-11 8.39025e-12 6.0286e-12 4.32781e-12 3.10411e-12 2.22449e-12 1.59278e-12 1.13952e-12 8.1457e-13 5.81819e-13 4.15245e-13 2.96131e-13 2.11024e-13 1.50264e-13 1.06919e-13 7.60228e-14 5.40159e-14 3.83527e-14 2.72126e-14 1.92952e-14
8.24331e-05 0.000183525 0.000298948 0.000415919 0.00052377 0.000614753 0.000684175 0.000730101 0.00075284 0.000754331 0.000737561 0.00070605 0.00066345 0.000613245 0.000558562 0.000502055 0.000445872 0.000391655 0.000340587 0.000293444 0.000250667 0.000212427 0.000178689 0.00014927 0.000123886 0.000102192 8.38128e-05 6.83663e-05 5.54803e-05 4.48042e-05 3.60153e-05 2.88232e-05 2.29707e-05 1.82335e-05 1.44179e-05 1.13592e-05 8.9181e-06 6.97811e-06 5.44255e-06 4.23177e-06 3.28055e-06 2.53587e-06 1.95482e-06 1.50289e-06 1.15248e-06 8.81572e-07 6.72729e-07 5.12169e-07 3.89055e-07 2.94891e-07 2.23047e-07 1.68361e-07 1.26831e-07 9.53609e-08 7.15654e-08 5.36099e-08 4.00883e-08 2.99256e-08 2.23019e-08 1.65932e-08 1.23262e-08 9.14233e-09 6.77062e-09 5.0068e-09 3.69716e-09 2.72626e-09 2.00757e-09 1.47637e-09 1.08431e-09 7.95343e-10 5.8266e-10 4.2633e-10 3.11572e-10 2.27438e-10 1.65833e-10 1.2078e-10 8.78698e-11 6.38586e-11 4.63599e-11 3.36216e-11 2.43587e-11 1.76303e-11 1.27481e-11 9.20904e-12 6.64627e-12 4.79229e-12 3.45237e-12 2.48489e-12 1.78698e-12 1.28399e-12 9.21804e-13 6.6124e-13 4.73945e-13 3.39431e-13 2.42904e-13 1.73694e-13 1.2411e-13 8.86144e-14 6.32245e-14 4.50769e-14 3.21155e-14
5.3346e-05 0.000124383 0.000209601 0.00029997 0.00038723 0.00046476 0.000527954 0.000574227 0.000602783 0.000614254 0.000610302 0.000593233 0.000565668 0.000530279 0.000489593 0.000445872 0.000401033 0.000356632 0.000313862 0.000273583 0.000236365 0.000202533 0.000172215 0.000145387 0.000121915 0.000101587 8.41453e-05 6.93068e-05 5.67816e-05 4.62856e-05 3.75493e-05 3.03233e-05 2.43816e-05 1.95231e-05 1.55709e-05 1.23718e-05 9.79436e-06 7.72694e-06 6.07558e-06 4.76183e-06 3.72065e-06 2.89849e-06 2.25155e-06 1.74418e-06 1.34754e-06 1.03843e-06 7.98228e-07 6.12113e-07 4.683e-07 3.57467e-07 2.72268e-07 2.06936e-07 1.56957e-07 1.18811e-07 8.97611e-08 6.76862e-08 5.09466e-08 3.82784e-08 2.87103e-08 2.14974e-08 1.60701e-08 1.19937e-08 8.93733e-09 6.64964e-09 4.94016e-09 3.66481e-09 2.71485e-09 2.00834e-09 1.48367e-09 1.09462e-09 8.06546e-10 5.9353e-10 4.36232e-10 3.20233e-10 2.348e-10 1.71959e-10 1.25794e-10 9.19196e-11 6.70938e-11 4.89205e-11 3.56323e-11 2.59269e-11 1.88459e-11 1.36853e-11 9.92817e-12 7.19564e-12 5.21031e-12 3.76927e-12 2.72433e-12 1.96733e-12 1.41944e-12 1.02325e-12 7.37029e-13 5.30428e-13 3.81431e-13 2.74068e-13 1.9677e-13 1.41164e-13 1.01195e-13 7.24881e-14 5.18867e-14
3.45225e-05 8.41282e-05 0.000146468 0.00021541 0.000284806 0.000349289 0.000404728 0.00044839 0.0004789 0.000496053 0.000500574 0.000493839 0.000477628 0.000453901 0.000424627 0.000391655 0.000356632 0.000320957 0.000285761 0.000251915 0.000220052 0.000190589 0.000163765 0.000139676 0.000118305 9.95507e-05 8.32548e-05 6.92225e-05 5.72394e-05 4.70843e-05 3.85394e-05 3.13969e-05 2.54634e-05 2.0563e-05 1.65378e-05 1.32485e-05 1.05737e-05 8.40861e-06 6.6638e-06 5.26353e-06 4.14426e-06 3.25297e-06 2.54582e-06 1.98671e-06 1.54612e-06 1.20004e-06 9.29026e-07 7.17429e-07 5.52691e-07 4.24787e-07 3.25744e-07 2.49246e-07 1.90307e-07 1.45004e-07 1.10264e-07 8.36835e-08 6.33899e-08 4.79289e-08 3.61737e-08 2.72538e-08 2.04984e-08 1.53919e-08 1.15387e-08 8.63649e-09 6.45425e-09 4.81615e-09 3.58852e-09 2.66997e-09 1.98375e-09 1.47188e-09 1.09062e-09 8.07063e-10 5.96461e-10 4.40262e-10 3.24568e-10 2.38989e-10 1.75767e-10 1.2912e-10 9.47456e-11 6.94453e-11 5.08456e-11 3.71879e-11 2.71703e-11 1.98308e-11 1.44594e-11 1.05325e-11 7.66459e-12 5.57228e-12 4.04735e-12 2.93704e-12 2.12939e-12 1.54247e-12 1.11634e-12 8.07249e-13 5.83245e-13 4.2105e-13 3.03712e-13 2.18899e-13 1.57645e-13 1.13444e-13 8.15738e-14
2.2341e-05 5.6795e-05 0.00010204 0.000154075 0.000208482 0.000261087 0.000308395 0.000347825 0.000377775 0.00039756 0.000407274 0.000407616 0.000399709 0.000384921 0.000364727 0.000340587 0.000313862 0.000285761 0.000257308 0.000229335 0.00020248 0.000177208 0.000153826 0.000132512 0.000113335 9.62823e-05 8.12775e-05 6.82007e-05 5.69039e-05 4.72235e-05 3.89902e-05 3.20362e-05 2.62007e-05 2.13337e-05 1.72976e-05 1.39685e-05 1.12366e-05 9.00544e-06 7.19165e-06 5.72354e-06 4.54015e-06 3.59003e-06 2.83008e-06 2.22443e-06 1.74342e-06 1.36267e-06 1.06225e-06 8.2593e-07 6.40589e-07 4.95643e-07 3.82598e-07 2.94667e-07 2.26446e-07 1.73648e-07 1.32884e-07 1.01485e-07 7.73528e-08 5.88467e-08 4.46849e-08 3.38699e-08 2.56272e-08 1.93572e-08 1.45967e-08 1.0989e-08 8.25978e-09 6.19874e-09 4.64491e-09 3.47541e-09 2.5966e-09 1.93726e-09 1.44334e-09 1.07389e-09 7.97951e-10 5.92144e-10 4.3886e-10 3.24851e-10 2.40167e-10 1.77347e-10 1.30805e-10 9.63669e-11 7.09157e-11 5.21288e-11 3.82774e-11 2.80768e-11 2.0573e-11 1.50593e-11 1.10123e-11 8.04491e-12 5.87143e-12 4.28108e-12 3.11858e-12 2.26967e-12 1.65035e-12 1.19896e-12 8.70267e-13 6.31145e-13 4.5734e-13 3.31122e-13 2.39543e-13 1.73153e-13 1.25064e-13
1.44578e-05 3.82766e-05 7.08888e-05 0.000109802 0.000151947 0.000194185 0.000233688 0.00026818 0.000296056 0.000316397 0.000328909 0.000333822 0.000331763 0.000323634 0.000310491 0.000293444 0.000273583 0.000251915 0.000229335 0.000206597 0.000184312 0.000162953 0.000142861 0.000124265 0.000107294 9.20006e-05 7.83731e-05 6.63532e-05 5.58496e-05 4.6749e-05 3.8926e-05 3.22502e-05 2.65923e-05 2.18274e-05 1.78385e-05 1.45181e-05 1.17687e-05 9.50359e-06 7.64634e-06 6.13038e-06 4.89833e-06 3.90112e-06 3.09716e-06 2.45142e-06 1.93464e-06 1.52248e-06 1.19485e-06 9.35243e-07 7.30166e-07 5.68643e-07 4.41785e-07 3.42427e-07 2.64814e-07 2.04341e-07 1.57341e-07 1.209e-07 9.27109e-08 7.09547e-08 5.42e-08 4.13245e-08 3.14504e-08 2.38933e-08 1.81207e-08 1.37196e-08 1.03704e-08 7.82619e-09 5.89692e-09 4.43644e-09 3.33269e-09 2.49988e-09 1.8725e-09 1.40061e-09 1.04621e-09 7.80439e-10 5.81418e-10 4.32594e-10 3.21459e-10 2.38581e-10 1.76857e-10 1.30946e-10 9.68414e-11 7.15375e-11 5.27863e-11 3.89075e-11 2.8647e-11 2.107e-11 1.54811e-11 1.13631e-11 8.33215e-12 6.10367e-12 4.4669e-12 3.26596e-12 2.38566e-12 1.74105e-12 1.26946e-12 9.24795e-13 6.7312e-13 4.89517e-13 3.55693e-13 2.5824e-13 1.87334e-13
9.35627e-06 2.57555e-05 4.91205e-05 7.79875e-05 0.000110297 0.000143762 0.00017617 0.000205612 0.00023061 0.000250176 0.000263802 0.000271412 0.000273282 0.000269953 0.000262144 0.000250667 0.000236365 0.000220052 0.00020248 0.000184312 0.000166107 0.000148317 0.000131293 0.000115286 0.000100466 8.69295e-05 7.47132e-05 6.38077e-05 5.41677e-05 4.57232e-05 3.8387e-05 3.20625e-05 2.66491e-05 2.20463e-05 1.81571e-05 1.48902e-05 1.21612e-05 9.89337e-06 8.01814e-06 6.47483e-06 5.21037e-06 4.17877e-06 3.34059e-06 2.6622e-06 2.11519e-06 1.67569e-06 1.32377e-06 1.04292e-06 8.19483e-07 6.42274e-07 5.0214e-07 3.91638e-07 3.04742e-07 2.36589e-07 1.83274e-07 1.41671e-07 1.09283e-07 8.41295e-08 6.46378e-08 4.95668e-08 3.79388e-08 2.89857e-08 2.21061e-08 1.68301e-08 1.27916e-08 9.70618e-09 7.35309e-09 5.56168e-09 4.20023e-09 3.16728e-09 2.38485e-09 1.79312e-09 1.34631e-09 1.00944e-09 7.55844e-10 5.65207e-10 4.22106e-10 3.14835e-10 2.34534e-10 1.74501e-10 1.29679e-10 9.62572e-11 7.1367e-11 5.28532e-11 3.90988e-11 2.88924e-11 2.13276e-11 1.57269e-11 1.1585e-11 8.52534e-12 6.26751e-12 4.60314e-12 3.37751e-12 2.47587e-12 1.81325e-12 1.32675e-12 9.69912e-13 7.08421e-13 5.16979e-13 3.76949e-13 2.74617e-13
6.05484e-06 1.73049e-05 3.39553e-05 5.52183e-05 7.97649e-05 0.000105976 0.000132177 0.000156822 0.000178624 0.000196628 0.000210237 0.00021919 0.000223526 0.000223522 0.000219633 0.000212427 0.000202533 0.000190589 0.000177208 0.000162953 0.000148317 0.000133718 0.00011949 0.000105894 9.31182e-05 8.12869e-05 7.04715e-05 6.06987e-05 5.196e-05 4.42204e-05 3.74254e-05 3.15077e-05 2.63926e-05 2.20021e-05 1.82579e-05 1.50846e-05 1.24105e-05 1.01693e-05 8.30064e-06 6.75018e-06 5.4697e-06 4.41686e-06 3.55484e-06 2.8519e-06 2.28088e-06 1.81875e-06 1.44606e-06 1.14653e-06 9.06577e-07 7.14966e-07 5.6242e-07 4.4133e-07 3.45482e-07 2.69822e-07 2.10255e-07 1.63479e-07 1.26837e-07 9.82042e-08 7.5881e-08 5.85166e-08 4.50392e-08 3.4601e-08 2.65334e-08 2.03106e-08 1.55202e-08 1.18395e-08 9.01677e-09 6.85589e-09 5.20462e-09 3.94495e-09 2.98564e-09 2.25626e-09 1.7026e-09 1.28298e-09 9.65435e-10 7.25499e-10 5.44467e-10 4.08075e-10 3.05458e-10 2.2836e-10 1.70512e-10 1.27164e-10 9.47241e-11 7.04779e-11 5.23782e-11 3.88832e-11 2.88335e-11 2.13581e-11 1.58041e-11 1.16822e-11 8.62651e-12 6.36369e-12 4.6898e-12 3.45285e-12 2.53972e-12 1.86632e-12 1.37021e-12 1.00506e-12 7.36559e-13 5.39314e-13 3.94547e-13
3.91835e-06 1.16113e-05 2.34199e-05 3.89833e-05 5.74841e-05 7.78118e-05 9.8731e-05 0.00011903 0.000137633 0.000153678 0.000166555 0.00017591 0.00018163 0.000183809 0.000182704 0.000178689 0.000172215 0.000163765 0.000153826 0.000142861 0.000131293 0.00011949 0.000107765 9.63671e-05 8.5491e-05 7.5276e-05 6.58152e-05 5.71608e-05 4.93321e-05 4.23214e-05 3.61011e-05 3.06289e-05 2.58525e-05 2.17138e-05 1.81521e-05 1.51065e-05 1.25178e-05 1.03299e-05 8.49065e-06 6.95227e-06 5.67176e-06 4.61076e-06 3.73548e-06 3.01643e-06 2.42806e-06 1.94847e-06 1.55898e-06 1.24377e-06 9.89539e-07 7.85155e-07 6.21362e-07 4.90494e-07 3.86238e-07 3.03417e-07 2.37803e-07 1.85958e-07 1.45098e-07 1.12974e-07 8.77796e-08 6.80659e-08 5.26756e-08 4.06869e-08 3.13678e-08 2.41391e-08 1.85431e-08 1.42195e-08 1.08855e-08 8.31938e-09 6.34786e-09 4.83586e-09 3.67828e-09 2.79354e-09 2.11846e-09 1.60418e-09 1.21302e-09 9.15954e-10 6.90696e-10 5.20137e-10 3.91182e-10 2.93819e-10 2.20411e-10 1.65139e-10 1.23577e-10 9.23649e-11 6.89555e-11 5.142e-11 3.83006e-11 2.84969e-11 2.11796e-11 1.57244e-11 1.1662e-11 8.6402e-12 6.3949e-12 4.72837e-12 3.49271e-12 2.57747e-12 1.90026e-12 1.39968e-12 1.03001e-12 7.57296e-13 5.5629e-13
2.53573e-06 7.78113e-06 1.61199e-05 2.74471e-05 4.12927e-05 5.69201e-05 7.34428e-05 8.99359e-05 0.00010553 0.000119482 0.000131218 0.000140351 0.000146683 0.000150185 0.000150971 0.00014927 0.000145387 0.000139676 0.000132512 0.000124265 0.000115286 0.000105894 9.63671e-05 8.69376e-05 7.77936e-05 6.90795e-05 6.08996e-05 5.33231e-05 4.63884e-05 4.0109e-05 3.44783e-05 2.94744e-05 2.5064e-05 2.12064e-05 1.78564e-05 1.49665e-05 1.2489e-05 1.03776e-05 8.58811e-06 7.07949e-06 5.81398e-06 4.75742e-06 3.8793e-06 3.15263e-06 2.55376e-06 2.06216e-06 1.66014e-06 1.33257e-06 1.06659e-06 8.5135e-07 6.77731e-07 5.3812e-07 4.26194e-07 3.36723e-07 2.65404e-07 2.08707e-07 1.63754e-07 1.28202e-07 1.00155e-07 7.80821e-08 6.07508e-08 4.71733e-08 3.656e-08 2.82814e-08 2.18375e-08 1.68317e-08 1.29507e-08 9.94766e-09 7.62823e-09 5.84009e-09 4.46399e-09 3.40683e-09 2.59606e-09 1.97529e-09 1.50076e-09 1.1386e-09 8.62627e-10 6.52645e-10 4.93113e-10 3.72085e-10 2.80398e-10 2.11036e-10 1.58634e-10 1.19099e-10 8.9309e-11 6.68917e-11 5.00434e-11 3.73962e-11 2.79141e-11 2.08134e-11 1.55023e-11 1.15342e-11 8.57292e-12 6.36538e-12 4.72153e-12 3.49874e-12 2.5901e-12 1.91561e-12 1.41542e-12 1.04487e-12 7.70626e-13
1.64098e-06 5.20826e-06 1.10738e-05 1.92759e-05 2.95718e-05 4.14928e-05 5.44201e-05 6.76653e-05 8.05451e-05 9.24407e-05 0.000102841 0.000111367 0.000117779 0.000121975 0.000123971 0.000123886 0.000121915 0.000118305 0.000113335 0.000107294 0.000100466 9.31182e-05 8.5491e-05 7.77936e-05 7.02014e-05 6.28553e-05 5.58636e-05 4.93042e-05 4.32283e-05 3.76645e-05 3.2622e-05 2.8095e-05 2.40659e-05 2.05087e-05 1.73914e-05 1.46786e-05 1.23331e-05 1.03176e-05 8.59569e-06 7.13256e-06 5.89575e-06 4.85538e-06 3.98434e-06 3.25831e-06 2.65573e-06 2.15764e-06 1.74753e-06 1.41111e-06 1.13615e-06 9.12182e-07 7.30364e-07 5.83236e-07 4.64547e-07 3.69086e-07 2.92529e-07 2.31304e-07 1.82473e-07 1.43629e-07 1.12808e-07 8.84123e-08 6.91493e-08 5.39743e-08 4.20467e-08 3.26922e-08 2.53712e-08 1.96537e-08 1.51975e-08 1.17312e-08 9.04004e-09 6.95464e-09 5.34158e-09 4.09612e-09 3.13615e-09 2.39749e-09 1.83007e-09 1.39489e-09 1.06167e-09 8.06918e-10 6.12447e-10 4.64217e-10 3.51396e-10 2.65649e-10 2.00569e-10 1.51244e-10 1.13909e-10 8.56863e-11 6.43801e-11 4.83155e-11 3.6218e-11 2.71191e-11 2.02836e-11 1.51546e-11 1.13105e-11 8.43261e-12 6.28051e-12 4.67291e-12 3.47333e-12 2.57916e-12 1.91333e-12 1.41805e-12 1.04999e-12
1.06195e-06 3.48229e-06 7.59353e-06 1.35052e-05 2.11177e-05 3.01482e-05 4.01778e-05 5.07068e-05 6.1211e-05 7.11905e-05 8.02078e-05 8.79137e-05 9.40605e-05 9.85049e-05 0.000101202 0.000102192 0.000101587 9.95507e-05 9.62823e-05 9.20006e-05 8.69295e-05 8.12869e-05 7.5276e-05 6.90795e-05 6.28553e-05 5.67358e-05 5.08269e-05 4.52098e-05 3.9943e-05 3.50646e-05 3.05954e-05 2.65417e-05 2.28985e-05 1.96516e-05 1.67805e-05 1.426e-05 1.20623e-05 1.01583e-05 8.51849e-06 7.11428e-06 5.91823e-06 4.90465e-06 4.04984e-06 3.33226e-06 2.73252e-06 2.23337e-06 1.8196e-06 1.47794e-06 1.19687e-06 9.66451e-07 7.78214e-07 6.24941e-07 5.00536e-07 3.9987e-07 3.18657e-07 2.53324e-07 2.00914e-07 1.58982e-07 1.25521e-07 9.88882e-08 7.77414e-08 6.09909e-08 4.77533e-08 3.73155e-08 2.91033e-08 2.26561e-08 1.76048e-08 1.36554e-08 1.05735e-08 8.17321e-09 6.30727e-09 4.85939e-09 3.7379e-09 2.87075e-09 2.20139e-09 1.68557e-09 1.28872e-09 9.8389e-10 7.50103e-10 5.71076e-10 4.34188e-10 3.29673e-10 2.4999e-10 1.89323e-10 1.43199e-10 1.08178e-10 8.16227e-11 6.15129e-11 4.63034e-11 3.48145e-11 2.61467e-11 1.96152e-11 1.46992e-11 1.10034e-11 8.22816e-12 6.1465e-12 4.58679e-12 3.41943e-12 2.54664e-12 1.89479e-12 1.40843e-12
6.87232e-07 2.32589e-06 5.19817e-06 9.44099e-06 1.504e-05 2.18381e-05 2.95613e-05 3.78561e-05 4.63296e-05 5.45879e-05 6.22683e-05 6.90633e-05 7.47364e-05 7.91284e-05 8.21574e-05 8.38128e-05 8.41453e-05 8.32548e-05 8.12775e-05 7.83731e-05 7.47132e-05 7.04715e-05 6.58152e-05 6.08996e-05 5.58636e-05 5.08269e-05 4.58894e-05 4.11311e-05 3.66132e-05 3.23792e-05 2.84577e-05 2.48639e-05 2.16019e-05 1.86673e-05 1.60487e-05 1.37298e-05 1.16907e-05 9.90962e-06 8.36349e-06 7.02922e-06 5.88414e-06 4.90658e-06 4.07621e-06 3.37422e-06 2.78343e-06 2.28839e-06 1.8753e-06 1.53196e-06 1.24768e-06 1.01317e-06 8.2038e-07 6.62439e-07 5.33467e-07 4.28484e-07 3.43287e-07 2.74352e-07 2.18733e-07 1.73983e-07 1.38073e-07 1.09332e-07 8.6387e-08 6.81135e-08 5.35952e-08 4.20869e-08 3.29851e-08 2.58023e-08 2.0146e-08 1.5701e-08 1.22149e-08 9.4863e-09 7.35466e-09 5.69251e-09 4.39882e-09 3.39371e-09 2.61416e-09 2.0106e-09 1.54407e-09 1.18404e-09 9.06655e-10 6.9327e-10 5.29371e-10 4.03671e-10 3.07408e-10 2.33794e-10 1.7758e-10 1.34712e-10 1.02065e-10 7.72364e-11 5.83777e-11 4.40718e-11 3.32333e-11 2.50318e-11 1.88333e-11 1.41542e-11 1.06261e-11 7.96895e-12 5.97001e-12 4.4679e-12 3.34034e-12 2.49487e-12 1.86156e-12
4.44737e-07 1.55201e-06 3.55273e-06 6.58599e-06 1.06845e-05 1.57728e-05 2.16798e-05 2.81622e-05 3.49322e-05 4.16862e-05 4.81315e-05 5.40066e-05 5.90972e-05 6.32445e-05 6.63485e-05 6.83663e-05 6.93068e-05 6.92225e-05 6.82007e-05 6.63532e-05 6.38077e-05 6.06987e-05 5.71608e-05 5.33231e-05 4.93042e-05 4.52098e-05 4.11311e-05 3.71438e-05 3.33081e-05 2.96702e-05 2.62629e-05 2.31073e-05 2.02144e-05 1.7587e-05 1.52212e-05 1.31077e-05 1.12336e-05 9.58321e-06 8.13915e-06 6.88334e-06 5.7975e-06 4.86372e-06 4.06486e-06 3.38477e-06 2.8085e-06 2.32237e-06 1.91404e-06 1.57246e-06 1.28783e-06 1.05156e-06 8.56133e-07 6.95057e-07 5.62738e-07 4.54395e-07 3.65961e-07 2.93996e-07 2.35605e-07 1.8836e-07 1.5024e-07 1.19563e-07 9.49404e-08 7.52265e-08 5.94812e-08 4.69352e-08 3.69616e-08 2.90506e-08 2.27893e-08 1.78443e-08 1.39469e-08 1.08813e-08 8.47478e-09 6.58926e-09 5.1147e-09 3.96366e-09 3.06674e-09 2.36908e-09 1.82732e-09 1.40734e-09 1.08228e-09 8.31107e-10 6.3732e-10 4.8804e-10 3.73216e-10 2.85026e-10 2.17389e-10 1.65589e-10 1.25972e-10 9.57145e-11 7.26358e-11 5.50556e-11 4.16812e-11 3.15192e-11 2.38076e-11 1.79625e-11 1.35376e-11 1.01916e-11 7.66448e-12 5.75792e-12 4.32116e-12 3.23961e-12 2.42633e-12
2.87809e-07 1.03467e-06 2.42447e-06 4.58525e-06 7.57227e-06 1.13609e-05 1.58512e-05 2.08806e-05 2.62434e-05 3.17108e-05 3.70516e-05 4.20498e-05 4.65185e-05 5.03091e-05 5.33167e-05 5.54803e-05 5.67816e-05 5.72394e-05 5.69039e-05 5.58496e-05 5.41677e-05 5.196e-05 4.93321e-05 4.63884e-05 4.32283e-05 3.9943e-05 3.66132e-05 3.33081e-05 3.00853e-05 2.69905e-05 2.40583e-05 2.13135e-05 1.87716e-05 1.64408e-05 1.43227e-05 1.24139e-05 1.0707e-05 9.19143e-06 7.85489e-06 6.68364e-06 5.66335e-06 4.77956e-06 4.01808e-06 3.36531e-06 2.80842e-06 2.33552e-06 1.93571e-06 1.5991e-06 1.31686e-06 1.08111e-06 8.8493e-07 7.22264e-07 5.8785e-07 4.7715e-07 3.86274e-07 3.11903e-07 2.51222e-07 2.01855e-07 1.61805e-07 1.29402e-07 1.03255e-07 8.22111e-08 6.5316e-08 5.17848e-08 4.09732e-08 3.23543e-08 2.54989e-08 2.00579e-08 1.57486e-08 1.23427e-08 9.65622e-09 7.54136e-09 5.87968e-09 4.57651e-09 3.55637e-09 2.75922e-09 2.1374e-09 1.65318e-09 1.27674e-09 9.84559e-10 7.5815e-10 5.82978e-10 4.47657e-10 3.43278e-10 2.62884e-10 2.01053e-10 1.53566e-10 1.17146e-10 8.92527e-11 6.79175e-11 5.16201e-11 3.9187e-11 2.97139e-11 2.2505e-11 1.70259e-11 1.28665e-11 9.71268e-12 7.32404e-12 5.51702e-12 4.15152e-12 3.1208e-12
1.86253e-07 6.89189e-07 1.65216e-06 3.18633e-06 5.35448e-06 8.16195e-06 1.15561e-05 1.54328e-05 1.96484e-05 2.40342e-05 2.84114e-05 3.26059e-05 3.64595e-05 3.98394e-05 4.26438e-05 4.48042e-05 4.62856e-05 4.70843e-05 4.72235e-05 4.6749e-05 4.57232e-05 4.42204e-05 4.23214e-05 4.0109e-05 3.76645e-05 3.50646e-05 3.23792e-05 2.96702e-05 2.69905e-05 2.43836e-05 2.18843e-05 1.95188e-05 1.73055e-05 1.52562e-05 1.33766e-05 1.16677e-05 1.01265e-05 8.74694e-06 7.52067e-06 6.43781e-06 5.48748e-06 4.65831e-06 3.93885e-06 3.31785e-06 2.78448e-06 2.32857e-06 1.94062e-06 1.61192e-06 1.33459e-06 1.10153e-06 9.06421e-07 7.4368e-07 6.08419e-07 4.96382e-07 4.03886e-07 3.27766e-07 2.65315e-07 2.14232e-07 1.72566e-07 1.38678e-07 1.11189e-07 8.89497e-08 7.10036e-08 5.65578e-08 4.49575e-08 3.5664e-08 2.82357e-08 2.23113e-08 1.75967e-08 1.38526e-08 1.08855e-08 8.53871e-09 6.68628e-09 5.22685e-09 4.07919e-09 3.17834e-09 2.47249e-09 1.92039e-09 1.48929e-09 1.15323e-09 8.91689e-10 6.88465e-10 5.30805e-10 4.0868e-10 3.14223e-10 2.41274e-10 1.85016e-10 1.41692e-10 1.08376e-10 8.27893e-11 6.3166e-11 4.81357e-11 3.66384e-11 2.78547e-11 2.11525e-11 1.60448e-11 1.2157e-11 9.20114e-12 6.95648e-12 5.25385e-12 3.96382e-12
1.20532e-07 4.58693e-07 1.12435e-06 2.21027e-06 3.77815e-06 5.84934e-06 8.40169e-06 1.1372e-05 1.4663e-05 1.81526e-05 2.17057e-05 2.51845e-05 2.84588e-05 3.14137e-05 3.39556e-05 3.60153e-05 3.75493e-05 3.85394e-05 3.89902e-05 3.8926e-05 3.8387e-05 3.74254e-05 3.61011e-05 3.44783e-05 3.2622e-05 3.05954e-05 2.84577e-05 2.62629e-05 2.40583e-05 2.18843e-05 1.97741e-05 1.77541e-05 1.58441e-05 1.40579e-05 1.24043e-05 1.08874e-05 9.50756e-06 8.26228e-06 7.1466e-06 6.15383e-06 5.2761e-06 4.50473e-06 3.83071e-06 3.24493e-06 2.73845e-06 2.30267e-06 1.92947e-06 1.61129e-06 1.34117e-06 1.11278e-06 9.20447e-07 7.5908e-07 6.24187e-07 5.11818e-07 4.18529e-07 3.41332e-07 2.77652e-07 2.25283e-07 1.82342e-07 1.47233e-07 1.18607e-07 9.53291e-08 7.64497e-08 6.11765e-08 4.88512e-08 3.89285e-08 3.09588e-08 2.45722e-08 1.94655e-08 1.53911e-08 1.21471e-08 9.56955e-09 7.52565e-09 5.90806e-09 4.63032e-09 3.6229e-09 2.83006e-09 2.20721e-09 1.71876e-09 1.33635e-09 1.03746e-09 8.04241e-10 6.22547e-10 4.81218e-10 3.71455e-10 2.86337e-10 2.20427e-10 1.69465e-10 1.30116e-10 9.97771e-11 7.64163e-11 5.84531e-11 4.46584e-11 3.40786e-11 2.59748e-11 1.97753e-11 1.50385e-11 1.14235e-11 8.66797e-12 6.57003e-12 4.97458e-12
7.80017e-08 3.05052e-07 7.64183e-07 1.53063e-06 2.66048e-06 4.18221e-06 6.09244e-06 8.35585e-06 1.09087e-05 1.36651e-05 1.65245e-05 1.93803e-05 2.21275e-05 2.46694e-05 2.69231e-05 2.88232e-05 3.03233e-05 3.13969e-05 3.20362e-05 3.22502e-05 3.20625e-05 3.15077e-05 3.06289e-05 2.94744e-05 2.8095e-05 2.65417e-05 2.48639e-05 2.31073e-05 2.13135e-05 1.95188e-05 1.77541e-05 1.60449e-05 1.4411e-05 1.28675e-05 1.14249e-05 1.00895e-05 8.86431e-06 7.74941e-06 6.74257e-06 5.83978e-06 5.03564e-06 4.32385e-06 3.69753e-06 3.14948e-06 2.67245e-06 2.25934e-06 1.9033e-06 1.59785e-06 1.33694e-06 1.11503e-06 9.27032e-07 7.68389e-07 6.35015e-07 5.23286e-07 4.30013e-07 3.52408e-07 2.88047e-07 2.34836e-07 1.90976e-07 1.54929e-07 1.25388e-07 1.01244e-07 8.1565e-08 6.55661e-08 5.2592e-08 4.20966e-08 3.36265e-08 2.68068e-08 2.13283e-08 1.69369e-08 1.34244e-08 1.06208e-08 8.38768e-09 6.61243e-09 5.20393e-09 4.08854e-09 3.20691e-09 2.51132e-09 1.96347e-09 1.53275e-09 1.19469e-09 9.29795e-10 7.2257e-10 5.60719e-10 4.34505e-10 3.36232e-10 2.5983e-10 2.0052e-10 1.54544e-10 1.18955e-10 9.14452e-11 7.02092e-11 5.38385e-11 4.12349e-11 3.15442e-11 2.41027e-11 1.83954e-11 1.40237e-11 1.0679e-11 8.12303e-12 6.17216e-12
5.04783e-08 2.02727e-07 5.18758e-07 1.05828e-06 1.86983e-06 2.98361e-06 4.40696e-06 6.12297e-06 8.09185e-06 1.02546e-05 1.25381e-05 1.48612e-05 1.7141e-05 1.9298e-05 2.12611e-05 2.29707e-05 2.43816e-05 2.54634e-05 2.62007e-05 2.65923e-05 2.66491e-05 2.63926e-05 2.58525e-05 2.5064e-05 2.40659e-05 2.28985e-05 2.16019e-05 2.02144e-05 1.87716e-05 1.73055e-05 1.58441e-05 1.4411e-05 1.30256e-05 1.17032e-05 1.0455e-05 9.28896e-06 8.20975e-06 7.21947e-06 6.31801e-06 5.50346e-06 4.77251e-06 4.12084e-06 3.54339e-06 3.03465e-06 2.58891e-06 2.20039e-06 1.8634e-06 1.57251e-06 1.32253e-06 1.10863e-06 9.26365e-07 7.71673e-07 6.40883e-07 5.30708e-07 4.38227e-07 3.60865e-07 2.96362e-07 2.42754e-07 1.98337e-07 1.61645e-07 1.31424e-07 1.06601e-07 8.62675e-08 6.96563e-08 5.61205e-08 4.51185e-08 3.61976e-08 2.89813e-08 2.31573e-08 1.84676e-08 1.46996e-08 1.16785e-08 9.26136e-09 7.33136e-09 5.79339e-09 4.5702e-09 3.59921e-09 2.82984e-09 2.22133e-09 1.74091e-09 1.36228e-09 1.06436e-09 8.30358e-10 6.46847e-10 5.03166e-10 3.90846e-10 3.03177e-10 2.34851e-10 1.81679e-10 1.40361e-10 1.08298e-10 8.34536e-11 6.42278e-11 4.93703e-11 3.79037e-11 2.90656e-11 2.22622e-11 1.70316e-11 1.30151e-11 9.93467e-12 7.57498e-12
