0.395192 0.116187 0.0406049 0.0151983 0.00395576 0.000826503 0.000151515 2.55784e-05 4.08852e-06 6.29309e-07 9.42783e-08 1.38441e-08 2.00215e-09 2.86123e-10 4.0502e-11 5.6889e-12 7.93934e-13 1.10201e-13 1.52257e-14 2.09523e-15 2.87326e-16 3.92813e-17 5.35569e-18 7.28434e-19 9.88591e-20 1.33902e-20 1.81041e-21 2.44375e-22 3.29363e-23 4.42786e-24 5.95212e-25
0.116187 0.0405181 0.0164296 0.00293901 0.000433578 5.92429e-05 7.81855e-06 1.01522e-06 1.30847e-07 1.68115e-08 2.15779e-09 2.7696e-10 3.55663e-11 4.57044e-12 5.87764e-13 7.56434e-14 9.74191e-15 1.25546e-15 1.6189e-16 2.0887e-17 2.69617e-18 3.4819e-19 4.49846e-20 5.814e-21 7.51684e-22 9.72145e-23 1.25763e-23 1.62734e-24 2.10452e-25 2.61042e-26 3.38078e-27
0.0406049 0.0164296 0.0024072 0.000334609 4.44954e-05 5.77009e-06 7.39191e-07 9.42313e-08 1.19984e-08 1.52868e-09 1.95027e-10 2.49203e-11 3.18928e-12 4.08752e-13 5.24559e-14 6.73956e-15 8.66785e-16 1.11579e-16 1.43746e-17 1.85317e-18 2.39059e-19 3.08557e-20 3.98456e-21 5.14777e-22 6.65321e-23 8.60203e-24 1.11252e-24 1.43858e-25 1.81655e-26 2.34531e-27 3.03731e-28
0.0151983 0.00293901 0.000334609 4.04912e-05 4.99032e-06 6.192e-07 7.71845e-08 9.66384e-09 1.2152e-09 1.53423e-10 1.94394e-11 2.47066e-12 3.14837e-13 4.02093e-14 5.14502e-15 6.59396e-16 8.46258e-17 1.08736e-17 1.39858e-18 1.80048e-19 2.31969e-20 2.99067e-21 3.8581e-22 4.97981e-23 6.43078e-24 8.30808e-25 1.07347e-25 1.36976e-26 1.76842e-27 2.28245e-28 2.95457e-29
0.00395576 0.000433578 4.44954e-05 4.99032e-06 5.85338e-07 7.03496e-08 8.58542e-09 1.05925e-09 1.31782e-10 1.65038e-11 2.07785e-12 2.62732e-13 3.33377e-14 4.24241e-15 5.41168e-16 6.9171e-17 8.85635e-18 1.13557e-18 1.45786e-19 1.87363e-20 2.41025e-21 3.10311e-22 3.99807e-23 5.15446e-24 6.64913e-25 8.58044e-26 1.10059e-26 1.42e-27 1.83233e-28 2.36361e-29 3.05752e-30
0.000826503 5.92429e-05 5.77009e-06 6.192e-07 7.03496e-08 8.27013e-09 9.93741e-10 1.21231e-10 1.49546e-11 1.86036e-12 2.32955e-13 2.93228e-14 3.70644e-15 4.70098e-16 5.97916e-17 7.62272e-18 9.73727e-19 1.24593e-19 1.59653e-20 2.04833e-21 2.63085e-22 3.38224e-23 4.35189e-24 5.6037e-25 7.21986e-26 9.27815e-27 1.19595e-27 1.54198e-28 1.98837e-29 2.56313e-30 3.313e-31
0.000151515 7.81855e-06 7.39191e-07 7.71845e-08 8.58542e-09 9.93741e-10 1.18056e-10 1.42788e-11 1.74954e-12 2.16459e-13 2.69818e-14 3.3831e-15 4.26185e-16 5.38936e-17 6.83659e-18 8.69514e-19 1.10833e-19 1.4154e-20 1.81044e-21 2.31898e-22 2.97396e-23 3.81801e-24 4.90622e-25 6.30964e-26 8.10827e-27 1.04382e-27 1.34438e-28 1.73202e-29 2.23177e-30 2.87482e-31 3.71289e-32
2.55784e-05 1.01522e-06 9.42313e-08 9.66384e-09 1.05925e-09 1.21231e-10 1.42788e-11 1.71542e-12 2.09047e-13 2.57471e-14 3.19702e-15 3.99512e-16 5.01793e-17 6.32869e-18 8.00905e-19 1.01644e-19 1.29307e-20 1.64834e-21 2.10491e-22 2.69204e-23 3.4475e-24 4.42013e-25 5.6729e-26 7.28221e-27 9.36032e-28 1.20392e-28 1.54928e-29 1.99442e-30 2.56796e-31 3.30552e-32 4.26583e-33
4.08852e-06 1.30847e-07 1.19984e-08 1.2152e-09 1.31782e-10 1.49546e-11 1.74954e-12 2.09047e-13 2.53605e-14 3.11153e-15 3.85071e-16 4.79786e-17 6.01036e-18 7.56242e-19 9.54982e-20 1.20961e-20 1.53604e-21 1.95484e-22 2.4925e-23 3.18322e-24 4.07117e-25 5.2133e-26 6.68103e-27 8.57231e-28 1.10082e-28 1.41462e-29 1.81891e-30 2.33972e-31 3.01037e-32 3.87232e-33 4.9936e-34
6.29309e-07 1.68115e-08 1.52868e-09 1.53423e-10 1.65038e-11 1.86036e-12 2.16459e-13 2.57471e-14 3.11153e-15 3.80492e-16 4.69506e-17 5.8346e-18 7.29191e-19 9.15534e-20 1.15388e-20 1.45893e-21 1.84961e-22 2.35032e-23 2.99253e-24 3.81682e-25 4.87553e-26 6.23524e-27 7.98437e-28 1.02347e-28 1.3131e-29 1.68599e-30 2.16612e-31 2.78427e-32 3.57985e-33 4.60185e-34 5.93024e-35
9.42783e-08 2.15779e-09 1.95027e-10 1.94394e-11 2.07785e-12 2.32955e-13 2.69818e-14 3.19702e-15 3.85071e-16 4.69506e-17 5.77834e-18 7.16397e-19 8.93428e-20 1.11957e-20 1.40853e-21 1.77798e-22 2.25068e-23 2.85596e-24 3.63161e-25 4.62631e-26 5.90241e-27 7.54146e-28 9.64758e-29 1.23553e-29 1.58382e-30 2.03194e-31 2.60862e-32 3.35068e-33 4.30524e-34 5.53091e-35 7.12282e-36
1.38441e-08 2.7696e-10 2.49203e-11 2.47066e-12 2.62732e-13 2.93228e-14 3.3831e-15 3.99512e-16 4.79786e-17 5.8346e-18 7.16397e-19 8.86302e-20 1.10318e-20 1.37996e-21 1.73329e-22 2.18464e-23 2.7616e-24 3.49975e-25 4.44486e-26 5.65572e-27 7.2086e-28 9.20135e-29 1.17602e-29 1.50479e-30 1.9274e-31 2.47085e-32 3.16983e-33 4.0688e-34 5.22466e-35 6.70815e-36 8.63356e-37
2.00215e-09 3.55663e-11 3.18928e-12 3.14837e-13 3.33377e-14 3.70644e-15 4.26185e-16 5.01793e-17 6.01036e-18 7.29191e-19 8.93428e-20 1.10318e-20 1.3707e-21 1.71181e-22 2.14688e-23 2.70216e-24 3.41139e-25 4.31802e-26 5.47784e-27 6.96299e-28 8.86612e-29 1.13067e-29 1.44385e-30 1.84599e-31 2.36261e-32 3.02659e-33 3.88014e-34 4.9774e-35 6.38755e-36 8.19669e-37 1.05432e-37
2.86123e-10 4.57044e-12 4.08752e-13 4.02093e-14 4.24241e-15 4.70098e-16 5.38936e-17 6.32869e-18 7.56242e-19 9.15534e-20 1.11957e-20 1.37996e-21 1.71181e-22 2.13459e-23 2.67341e-24 3.36053e-25 4.23748e-26 5.35758e-27 6.78963e-28 8.622e-29 1.09685e-29 1.39756e-30 1.78322e-31 2.27813e-32 2.91359e-33 3.72986e-34 4.77868e-35 6.12633e-36 7.85753e-37 1.00777e-37 1.29555e-38
4.0502e-11 5.87764e-13 5.24559e-14 5.14502e-15 5.41168e-16 5.97916e-17 6.83659e-18 8.00905e-19 9.54982e-20 1.15388e-20 1.40853e-21 1.73329e-22 2.14688e-23 2.67341e-24 3.34392e-25 4.19834e-26 5.28797e-27 6.67884e-28 8.45579e-29 1.0728e-29 1.36358e-30 1.73601e-31 2.21336e-32 2.8256e-33 3.6113e-34 4.62006e-35 5.9156e-36 7.57952e-37 9.71615e-38 1.24552e-38 1.60036e-39
5.6889e-12 7.56434e-14 6.73956e-15 6.59396e-16 6.9171e-17 7.62272e-18 8.69514e-19 1.01644e-19 1.20961e-20 1.45893e-21 1.77798e-22 2.18464e-23 2.70216e-24 3.36053e-25 4.19834e-26 5.26517e-27 6.62481e-28 8.35914e-29 1.05735e-29 1.34031e-30 1.70222e-31 2.16549e-32 2.75894e-33 3.51967e-34 4.49545e-35 5.74767e-36 7.35514e-37 9.41884e-38 1.20678e-38 1.54625e-39 1.98577e-40
7.93934e-13 9.74191e-15 8.66785e-16 8.46258e-17 8.85635e-18 9.73727e-19 1.10833e-19 1.29307e-20 1.53604e-21 1.84961e-22 2.25068e-23 2.7616e-24 3.41139e-25 4.23748e-26 5.28797e-27 6.62481e-28 8.32742e-29 1.04979e-29 1.32673e-30 1.68043e-31 2.13254e-32 2.71096e-33 3.45153e-34 4.40039e-35 5.61688e-36 7.17729e-37 9.17955e-38 1.1749e-38 1.5046e-39 1.92697e-40 2.47354e-41
1.10201e-13 1.25546e-15 1.11579e-16 1.08736e-17 1.13557e-18 1.24593e-19 1.4154e-20 1.64834e-21 1.95484e-22 2.35032e-23 2.85596e-24 3.49975e-25 4.31802e-26 5.35758e-27 6.67884e-28 8.35914e-29 1.04979e-29 1.32227e-30 1.66974e-31 2.11326e-32 2.67989e-33 3.40443e-34 4.33164e-35 5.51905e-36 7.0407e-37 8.99169e-38 1.14941e-38 1.47042e-39 1.88216e-40 2.40948e-41 3.09152e-42
1.52257e-14 1.6189e-16 1.43746e-17 1.39858e-18 1.45786e-19 1.59653e-20 1.81044e-21 2.10491e-22 2.4925e-23 2.99253e-24 3.63161e-25 4.44486e-26 5.47784e-27 6.78963e-28 8.45579e-29 1.05735e-29 1.32673e-30 1.66974e-31 2.1069e-32 2.66462e-33 3.37679e-34 4.28697e-35 5.45118e-36 6.94144e-37 8.85034e-38 1.12968e-38 1.44336e-39 1.84559e-40 2.36133e-41 3.02165e-42 3.8753e-43
2.09523e-15 2.0887e-17 1.85317e-18 1.80048e-19 1.87363e-20 2.04833e-21 2.31898e-22 2.69204e-23 3.18322e-24 3.81682e-25 4.62631e-26 5.65572e-27 6.96299e-28 8.622e-29 1.0728e-29 1.34031e-30 1.68043e-31 2.11326e-32 2.66462e-33 3.36767e-34 4.26497e-35 5.41123e-36 6.87675e-37 8.75188e-38 1.11528e-38 1.42286e-39 1.81707e-40 2.3224e-41 2.97012e-42 3.79918e-43 4.87048e-44
2.87326e-16 2.69617e-18 2.39059e-19 2.31969e-20 2.41025e-21 2.63085e-22 2.97396e-23 3.4475e-24 4.07117e-25 4.87553e-26 5.90241e-27 7.2086e-28 8.86612e-29 1.09685e-29 1.36358e-30 1.70222e-31 2.13254e-32 2.67989e-33 3.37679e-34 4.26497e-35 5.39805e-36 6.84483e-37 8.69378e-38 1.10585e-38 1.40851e-39 1.7961e-40 2.29268e-41 2.92901e-42 3.7444e-43 4.78777e-44 6.13541e-45
3.92813e-17 3.4819e-19 3.08557e-20 2.99067e-21 3.10311e-22 3.38224e-23 3.81801e-24 4.42013e-25 5.2133e-26 6.23524e-27 7.54146e-28 9.20135e-29 1.13067e-29 1.39756e-30 1.73601e-31 2.16549e-32 2.71096e-33 3.40443e-34 4.28697e-35 5.41123e-36 6.84483e-37 8.67457e-38 1.1012e-38 1.40002e-39 1.78233e-40 2.27175e-41 2.89857e-42 3.70155e-43 4.73014e-44 6.04599e-45 7.74486e-46
5.35569e-18 4.49846e-20 3.98456e-21 3.8581e-22 3.99807e-23 4.35189e-24 4.90622e-25 5.6729e-26 6.68103e-27 7.98437e-28 9.64758e-29 1.17602e-29 1.44385e-30 1.78322e-31 2.21336e-32 2.75894e-33 3.45153e-34 4.33164e-35 5.45118e-36 6.87675e-37 8.69378e-38 1.1012e-38 1.39721e-39 1.77551e-40 2.25932e-41 2.87846e-42 3.67115e-43 4.6863e-44 5.9863e-45 7.64893e-46 9.79465e-47
7.28434e-19 5.814e-21 5.14777e-22 4.97981e-23 5.15446e-24 5.6037e-25 6.30964e-26 7.28221e-27 8.57231e-28 1.02347e-28 1.23553e-29 1.50479e-30 1.84599e-31 2.27813e-32 2.8256e-33 3.51967e-34 4.40039e-35 5.51905e-36 6.94144e-37 8.75188e-38 1.10585e-38 1.40002e-39 1.77551e-40 2.2552e-41 2.86847e-42 3.65301e-43 4.65714e-44 5.94267e-45 7.58847e-46 9.69285e-47 1.24076e-47
9.88591e-20 7.51684e-22 6.65321e-23 6.43078e-24 6.64913e-25 7.21986e-26 8.10827e-27 9.36032e-28 1.10082e-28 1.3131e-29 1.58382e-30 1.9274e-31 2.36261e-32 2.91359e-33 3.6113e-34 4.49545e-35 5.61688e-36 7.0407e-37 8.85034e-38 1.11528e-38 1.40851e-39 1.78233e-40 2.25932e-41 2.86847e-42 3.64697e-43 4.64258e-44 5.91646e-45 7.54686e-46 9.63362e-47 1.23012e-47 1.57412e-48
1.33902e-20 9.72145e-23 8.60203e-24 8.30808e-25 8.58044e-26 9.27815e-27 1.04382e-27 1.20392e-28 1.41462e-29 1.68599e-30 2.03194e-31 2.47085e-32 3.02659e-33 3.72986e-34 4.62006e-35 5.74767e-36 7.17729e-37 8.99169e-38 1.12968e-38 1.42286e-39 1.7961e-40 2.27175e-41 2.87846e-42 3.65301e-43 4.64258e-44 5.90771e-45 7.52598e-46 9.59658e-47 1.2246e-47 1.56322e-48 1.99973e-49
1.81041e-21 1.25763e-23 1.11252e-24 1.07347e-25 1.10059e-26 1.19595e-27 1.34438e-28 1.54928e-29 1.81891e-30 2.16612e-31 2.60862e-32 3.16983e-33 3.88014e-34 4.77868e-35 5.9156e-36 7.35514e-37 9.17955e-38 1.14941e-38 1.44336e-39 1.81707e-40 2.29268e-41 2.89857e-42 3.67115e-43 4.65714e-44 5.91646e-45 7.52598e-46 9.58418e-47 1.2217e-47 1.5585e-48 1.98885e-49 2.54342e-50
2.44375e-22 1.62734e-24 1.43858e-25 1.36976e-26 1.42e-27 1.54198e-28 1.73202e-29 1.99442e-30 2.33972e-31 2.78427e-32 3.35068e-33 4.0688e-34 4.9774e-35 6.12633e-36 7.57952e-37 9.41884e-38 1.1749e-38 1.47042e-39 1.84559e-40 2.3224e-41 2.92901e-42 3.70155e-43 4.6863e-44 5.94267e-45 7.54686e-46 9.59658e-47 1.2217e-47 1.5568e-48 1.98538e-49 2.5329e-50 3.23823e-51
3.29363e-23 2.10452e-25 1.81655e-26 1.76842e-27 1.83233e-28 1.98837e-29 2.23177e-30 2.56796e-31 3.01037e-32 3.57985e-33 4.30524e-34 5.22466e-35 6.38755e-36 7.85753e-37 9.71615e-38 1.20678e-38 1.5046e-39 1.88216e-40 2.36133e-41 2.97012e-42 3.7444e-43 4.73014e-44 5.9863e-45 7.58847e-46 9.63362e-47 1.2246e-47 1.5585e-48 1.98538e-49 2.53123e-50 3.2284e-51 4.12626e-52
4.42786e-24 2.61042e-26 2.34531e-27 2.28245e-28 2.36361e-29 2.56313e-30 2.87482e-31 3.30552e-32 3.87232e-33 4.60185e-34 5.53091e-35 6.70815e-36 8.19669e-37 1.00777e-37 1.24552e-38 1.54625e-39 1.92697e-40 2.40948e-41 3.02165e-42 3.79918e-43 4.78777e-44 6.04599e-45 7.64893e-46 9.69285e-47 1.23012e-47 1.56322e-48 1.98885e-49 2.5329e-50 3.2284e-51 4.11657e-52 5.26006e-53
5.95212e-25 3.38078e-27 3.03731e-28 2.95457e-29 3.05752e-30 3.313e-31 3.71289e-32 4.26583e-33 4.9936e-34 5.93024e-35 7.12282e-36 8.63356e-37 1.05432e-37 1.29555e-38 1.60036e-39 1.98577e-40 2.47354e-41 3.09152e-42 3.8753e-43 4.87048e-44 6.13541e-45 7.74486e-46 9.79465e-47 1.24076e-47 1.57412e-48 1.99973e-49 2.54342e-50 3.23823e-51 4.12626e-52 5.26006e-53 6.71934e-54
