0.317196 0.124772 0.0490799 0.019306 0.00759418 0.00298723 0.00117505 0.000462217 0.000181817 7.15193e-05 2.81327e-05 1.10662e-05 4.353e-06 1.71229e-06 6.73543e-07 2.64944e-07 1.04218e-07 4.0995e-08 1.61257e-08 6.34318e-09 2.49514e-09 9.81486e-10 3.86076e-10 1.51866e-10 5.97378e-11 2.34984e-11 9.24329e-12 3.63592e-12 1.43022e-12 5.6259e-13 2.21299e-13 8.705e-14 3.42418e-14 1.34693e-14 5.29827e-15 2.08412e-15 8.19805e-16 3.22477e-16 1.26849e-16 4.98972e-17 1.96275e-17 7.72063e-18 3.03698e-18 1.19462e-18 4.69914e-19 1.84845e-19 7.27102e-20 2.86012e-20 1.12505e-20 4.42548e-21 1.7408e-21 6.84758e-22 2.69355e-22 1.05953e-22 4.16776e-23 1.63942e-23 6.44881e-24 2.53669e-24 9.9783e-25 3.92505e-25 1.54395e-25 6.07326e-26 2.38897e-26 9.3972e-27 3.69647e-27 1.45404e-27 5.71958e-28 2.24984e-28 8.84995e-29 3.4812e-29 1.36936e-29 5.38649e-30 2.11882e-30 8.33456e-31 3.27847e-31 1.28961e-31 5.07281e-32 1.99543e-32 7.84919e-33 3.08755e-33 1.21451e-33 4.77739e-34 1.87923e-34 7.39209e-35 2.90774e-35 1.14378e-35 4.49917e-36 1.76979e-36 6.96161e-37 2.73841e-37 1.07718e-37 4.23716e-38 1.66672e-38 6.55619e-39 2.57893e-39 1.01444e-39 3.9904e-40 1.56966e-40 6.17439e-41 2.42875e-41 9.55368e-42
0.124772 0.0651993 0.0319874 0.0150767 0.00691164 0.00310468 0.00137306 0.000599818 0.000259433 0.00011129 4.74112e-05 2.00793e-05 8.46072e-06 3.54931e-06 1.48317e-06 6.17644e-07 2.5642e-07 1.06161e-07 4.38426e-08 1.80653e-08 7.42851e-09 3.04887e-09 1.24917e-09 5.10993e-10 2.08721e-10 8.5138e-11 3.46839e-11 1.41129e-11 5.73621e-12 2.32907e-12 9.44749e-13 3.82871e-13 1.55029e-13 6.27222e-14 2.53568e-14 1.02436e-14 4.1353e-15 1.66832e-15 6.72634e-16 2.71033e-16 1.09149e-16 4.3932e-17 1.76734e-17 7.1063e-18 2.85603e-18 1.14732e-18 4.60703e-19 1.84917e-19 7.41919e-20 2.97558e-20 1.19296e-20 4.78106e-21 1.91547e-21 7.67154e-22 3.07151e-22 1.22938e-22 4.9192e-23 1.96778e-23 7.86934e-24 3.14618e-24 1.25752e-24 5.02503e-25 2.0075e-25 8.01808e-26 3.20173e-26 1.27821e-26 5.10185e-27 2.03592e-27 8.12281e-28 3.24015e-28 1.29223e-28 5.15269e-29 2.05423e-29 8.18815e-30 3.26323e-30 1.30028e-30 5.1803e-31 2.06349e-31 8.21833e-32 3.27264e-32 1.30301e-32 5.18722e-33 2.06471e-33 8.21722e-34 3.26988e-34 1.30101e-34 5.17576e-35 2.05879e-35 8.18838e-36 3.25634e-36 1.29483e-36 5.14805e-37 2.04656e-37 8.13502e-38 3.2333e-38 1.28495e-38 5.10601e-39 2.02877e-39 8.06011e-40 3.20189e-40 1.27183e-40
0.0490799 0.0319874 0.01839 0.00984052 0.00502295 0.00247887 0.00119257 0.000562374 0.000260936 0.00011946 5.40758e-05 2.42429e-05 1.07778e-05 4.7565e-06 2.08561e-06 9.09228e-07 3.94336e-07 1.7023e-07 7.31757e-08 3.13346e-08 1.33706e-08 5.68682e-09 2.41152e-09 1.01979e-09 4.30146e-10 1.81003e-10 7.59953e-11 3.18407e-11 1.33147e-11 5.55754e-12 2.31571e-12 9.6334e-13 4.00135e-13 1.65959e-13 6.87382e-14 2.84332e-14 1.17467e-14 4.84719e-15 1.99791e-15 8.22613e-16 3.38353e-16 1.39033e-16 5.70767e-17 2.34104e-17 9.5937e-18 3.9283e-18 1.60723e-18 6.57083e-19 2.68438e-19 1.09588e-19 4.47078e-20 1.82272e-20 7.42649e-21 3.024e-21 1.23062e-21 5.00516e-22 2.03457e-22 8.26605e-23 3.35659e-23 1.36233e-23 5.52656e-24 2.24091e-24 9.08232e-25 3.6794e-25 1.48995e-25 6.03093e-26 2.44018e-26 9.86936e-27 3.99016e-27 1.61261e-27 6.51495e-28 2.63112e-28 1.06223e-28 4.28702e-29 1.72961e-29 6.97596e-30 2.81271e-30 1.13374e-30 4.56852e-31 1.8404e-31 7.41185e-32 2.98416e-32 1.20116e-32 4.83354e-33 1.94455e-33 7.82104e-34 3.14487e-34 1.26426e-34 5.08125e-35 2.04176e-35 8.20238e-36 3.29443e-36 1.3229e-36 5.31107e-37 2.13181e-37 8.55511e-38 3.43255e-38 1.37697e-38 5.52266e-39 2.21458e-39 8.8788e-40
0.019306 0.0150767 0.00984052 0.00583075 0.00324684 0.00173031 0.000892155 0.000448228 0.000220518 0.000106619 5.07972e-05 2.38985e-05 1.11211e-05 5.12563e-06 2.34234e-06 1.06231e-06 4.78505e-07 2.14209e-07 9.53562e-08 4.2231e-08 1.86153e-08 8.17008e-09 3.57143e-09 1.55541e-09 6.75066e-10 2.92044e-10 1.25963e-10 5.41766e-11 2.32396e-11 9.94405e-12 4.24498e-12 1.80811e-12 7.68527e-13 3.26009e-13 1.38032e-13 5.83377e-14 2.46137e-14 1.03681e-14 4.36058e-15 1.83125e-15 7.6795e-16 3.2161e-16 1.34513e-16 5.61893e-17 2.34437e-17 9.77009e-18 4.06717e-18 1.69131e-18 7.02605e-19 2.91589e-19 1.20898e-19 5.00802e-20 2.07267e-20 8.57084e-21 3.54126e-21 1.46199e-21 6.03107e-22 2.48611e-22 1.02407e-22 4.21536e-23 1.73398e-23 7.12795e-24 2.92824e-24 1.2022e-24 4.93272e-25 2.02273e-25 8.28977e-26 3.39551e-26 1.39005e-26 5.6876e-27 2.32596e-27 9.50737e-28 3.88424e-28 1.58615e-28 6.47414e-29 2.64133e-29 1.07714e-29 4.39072e-30 1.78902e-30 7.28649e-31 2.96651e-31 1.20727e-31 4.91129e-32 1.99721e-32 8.11885e-33 3.2992e-33 1.3402e-33 5.44232e-34 2.20929e-34 8.96555e-35 3.63716e-35 1.47506e-35 5.98033e-36 2.42386e-36 9.82114e-37 3.97823e-37 1.61099e-37 6.52194e-38 2.63961e-38 1.06804e-38 4.32036e-39
0.00759418 0.00691164 0.00502295 0.00324684 0.00194846 0.00110969 0.000607641 0.000322629 0.000167075 8.47453e-05 4.22378e-05 2.07368e-05 1.00482e-05 4.81314e-06 2.28205e-06 1.07214e-06 4.9957e-07 2.31049e-07 1.06135e-07 4.84524e-08 2.19933e-08 9.93066e-09 4.46219e-09 1.99596e-09 8.89043e-10 3.94443e-10 1.74359e-10 7.68073e-11 3.37247e-11 1.47626e-11 6.44348e-12 2.80472e-12 1.21768e-12 5.27365e-13 2.27863e-13 9.82363e-14 4.22621e-14 1.81448e-14 7.77533e-15 3.32571e-15 1.41999e-15 6.05272e-16 2.57581e-16 1.09447e-16 4.64348e-17 1.96726e-17 8.323e-18 3.51658e-18 1.48391e-18 6.25396e-19 2.63261e-19 1.10693e-19 4.6491e-20 1.95053e-20 8.17493e-21 3.42278e-21 1.4317e-21 5.98294e-22 2.49793e-22 1.04198e-22 4.34277e-23 1.80847e-23 7.52493e-24 3.12861e-24 1.29977e-24 5.39586e-25 2.2384e-25 9.27919e-26 3.844e-26 1.59135e-26 6.58365e-27 2.72202e-27 1.12472e-27 4.64451e-28 1.9168e-28 7.90614e-29 3.25918e-29 1.34281e-29 5.52954e-30 2.27581e-30 9.36184e-31 3.84919e-31 1.58185e-31 6.49762e-32 2.66772e-32 1.09478e-32 4.49077e-33 1.8413e-33 7.54641e-34 3.09154e-34 1.26599e-34 5.18216e-35 2.12041e-35 8.67283e-36 3.54599e-36 1.44928e-36 5.92116e-37 2.41828e-37 9.87312e-38 4.02951e-38 1.644e-38
0.00298723 0.00310468 0.00247887 0.00173031 0.00110969 0.000670541 0.000387473 0.000216183 0.000117233 6.20886e-05 3.22316e-05 1.64465e-05 8.26712e-06 4.1011e-06 2.01072e-06 9.75535e-07 4.68837e-07 2.23394e-07 1.05614e-07 4.95747e-08 2.31171e-08 1.07142e-08 4.93785e-09 2.2638e-09 1.03279e-09 4.69032e-10 2.12096e-10 9.55244e-11 4.286e-11 1.91619e-11 8.53808e-12 3.79223e-12 1.67925e-12 7.41457e-13 3.2649e-13 1.43392e-13 6.28206e-14 2.74569e-14 1.19734e-14 5.21009e-15 2.26241e-15 9.80474e-16 4.24104e-16 1.83111e-16 7.89209e-17 3.39574e-17 1.45871e-17 6.25639e-18 2.67929e-18 1.14573e-18 4.89253e-19 2.08637e-19 8.88546e-20 3.77933e-20 1.60551e-20 6.81233e-21 2.88719e-21 1.22227e-21 5.16879e-22 2.18349e-22 9.21448e-23 3.8847e-23 1.63616e-23 6.88469e-24 2.89433e-24 1.2157e-24 5.10184e-25 2.13926e-25 8.9628e-26 3.75213e-26 1.56954e-26 6.56054e-27 2.74021e-27 1.14371e-27 4.77024e-28 1.98823e-28 8.28135e-29 3.44707e-29 1.43391e-29 5.96103e-30 2.47659e-30 1.02832e-30 4.26723e-31 1.76977e-31 7.33571e-32 3.039e-32 1.2583e-32 5.20728e-33 2.15384e-33 8.90422e-34 3.67929e-34 1.51957e-34 6.27296e-35 2.58834e-35 1.06751e-35 4.40074e-36 1.81338e-36 7.46907e-37 3.0751e-37 1.26553e-37 5.20602e-38
0.00117505 0.00137306 0.00119257 0.000892155 0.000607641 0.000387473 0.000235154 0.000137274 7.76484e-05 4.27848e-05 2.30565e-05 1.21896e-05 6.33783e-06 3.24718e-06 1.64209e-06 8.20725e-07 4.0589e-07 1.98816e-07 9.65369e-08 4.64996e-08 2.22329e-08 1.05579e-08 4.98203e-09 2.3371e-09 1.09034e-09 5.06072e-10 2.33759e-10 1.07487e-10 4.92141e-11 2.24426e-11 1.01954e-11 4.61492e-12 2.08181e-12 9.36059e-13 4.19588e-13 1.87527e-13 8.3576e-14 3.71479e-14 1.64692e-14 7.28353e-15 3.21358e-15 1.41468e-15 6.21416e-16 2.72398e-16 1.19167e-16 5.20318e-17 2.26765e-17 9.86522e-18 4.28437e-18 1.85757e-18 8.04085e-19 3.47524e-19 1.49973e-19 6.46263e-20 2.78096e-20 1.19505e-20 5.12864e-21 2.19817e-21 9.40978e-22 4.02321e-22 1.71813e-22 7.32899e-23 3.12285e-23 1.3292e-23 5.65161e-24 2.40056e-24 1.01864e-24 4.31825e-25 1.82888e-25 7.73866e-26 3.27157e-26 1.38187e-26 5.83186e-27 2.45916e-27 1.03613e-27 4.36209e-28 1.83502e-28 7.71359e-29 3.24005e-29 1.35998e-29 5.70437e-30 2.39101e-30 1.00152e-30 4.19232e-31 1.75374e-31 7.33162e-32 3.06313e-32 1.27899e-32 5.33713e-33 2.22585e-33 9.27759e-34 3.86483e-34 1.60911e-34 6.69589e-35 2.78484e-35 1.15762e-35 4.80961e-36 1.99727e-36 8.28992e-37 3.43917e-37 1.42611e-37
0.000462217 0.000599818 0.000562374 0.000448228 0.000322629 0.000216183 0.000137274 8.35605e-05 4.91484e-05 2.80941e-05 1.56747e-05 8.56478e-06 4.59542e-06 2.42637e-06 1.26294e-06 6.48994e-07 3.29664e-07 1.65705e-07 8.24957e-08 4.071e-08 1.99272e-08 9.6813e-09 4.67085e-09 2.23894e-09 1.06675e-09 5.05382e-10 2.3816e-10 1.11673e-10 5.2117e-11 2.42147e-11 1.12034e-11 5.16286e-12 2.3702e-12 1.08422e-12 4.94267e-13 2.24589e-13 1.01733e-13 4.59454e-14 2.06912e-14 9.29273e-15 4.16262e-15 1.85994e-15 8.29061e-16 3.68695e-16 1.63599e-16 7.24374e-17 3.20071e-17 1.41145e-17 6.21222e-18 2.72912e-18 1.19679e-18 5.23915e-19 2.28967e-19 9.99035e-20 4.35215e-20 1.89306e-20 8.22211e-21 3.56598e-21 1.54443e-21 6.67992e-22 2.88538e-22 1.24475e-22 5.36314e-23 2.30799e-23 9.92057e-24 4.25935e-24 1.82669e-24 7.82558e-25 3.34894e-25 1.4317e-25 6.11446e-26 2.60879e-26 1.112e-26 4.73546e-27 2.01476e-27 8.56445e-28 3.63744e-28 1.54356e-28 6.54468e-29 2.77268e-29 1.17373e-29 4.96472e-30 2.09842e-30 8.86267e-31 3.74042e-31 1.57749e-31 6.64824e-32 2.79994e-32 1.17842e-32 4.95638e-33 2.08328e-33 8.75097e-34 3.67362e-34 1.54123e-34 6.46222e-35 2.70795e-35 1.13409e-35 4.74692e-36 1.98579e-36 8.30267e-37 3.46952e-37
0.000181817 0.000259433 0.000260936 0.000220518 0.000167075 0.000117233 7.76484e-05 4.91484e-05 2.99829e-05 1.77379e-05 1.02238e-05 5.76186e-06 3.18413e-06 1.72942e-06 9.2494e-07 4.87885e-07 2.54151e-07 1.30898e-07 6.67214e-08 3.36867e-08 1.68592e-08 8.36925e-09 4.12343e-09 2.01733e-09 9.80495e-10 4.73634e-10 2.27475e-10 1.08659e-10 5.16384e-11 2.44218e-11 1.14973e-11 5.38923e-12 2.51575e-12 1.16979e-12 5.41906e-13 2.50147e-13 1.15077e-13 5.27683e-14 2.41216e-14 1.09937e-14 4.99625e-15 2.2644e-15 1.02357e-15 4.61508e-16 2.07579e-16 9.31469e-17 4.17032e-17 1.86304e-17 8.3054e-18 3.69499e-18 1.64064e-18 7.27083e-19 3.21629e-19 1.42021e-19 6.26035e-20 2.75497e-20 1.2104e-20 5.30954e-21 2.32552e-21 1.01704e-21 4.44147e-22 1.93689e-22 8.43512e-23 3.6686e-23 1.59348e-23 6.91266e-24 2.9951e-24 1.29616e-24 5.60271e-25 2.41905e-25 1.0433e-25 4.49472e-26 1.93436e-26 8.31622e-27 3.57171e-27 1.53249e-27 6.56905e-28 2.81319e-28 1.20364e-28 5.14519e-29 2.19748e-29 9.37725e-30 3.99816e-30 1.70328e-30 7.25037e-31 3.08384e-31 1.31065e-31 5.56608e-32 2.36206e-32 1.00165e-32 4.24451e-33 1.79736e-33 7.60579e-34 3.21632e-34 1.35921e-34 5.74026e-35 2.4227e-35 1.02187e-35 4.30746e-36 1.81462e-36 7.63997e-37
7.15193e-05 0.00011129 0.00011946 0.000106619 8.47453e-05 6.20886e-05 4.27848e-05 2.80941e-05 1.77379e-05 1.08391e-05 6.4421e-06 3.73815e-06 2.12421e-06 1.18499e-06 6.5025e-07 3.51582e-07 1.87573e-07 9.88638e-08 5.15324e-08 2.65885e-08 1.35901e-08 6.886e-09 3.46098e-09 1.72647e-09 8.5518e-10 4.20815e-10 2.05794e-10 1.00055e-10 4.83789e-11 2.32709e-11 1.11386e-11 5.30667e-12 2.51701e-12 1.18881e-12 5.59238e-13 2.62068e-13 1.2236e-13 5.69301e-14 2.63991e-14 1.22023e-14 5.62279e-15 2.58332e-15 1.1835e-15 5.40717e-16 2.46392e-16 1.1199e-16 5.07776e-17 2.29688e-17 1.0366e-17 4.66798e-18 2.09759e-18 9.40628e-19 4.20966e-19 1.88035e-19 8.38328e-20 3.7308e-20 1.65739e-20 7.35027e-21 3.25433e-21 1.43853e-21 6.34883e-22 2.79773e-22 1.23105e-22 5.40899e-23 2.37327e-23 1.03988e-23 4.55028e-24 1.98852e-24 8.67901e-25 3.78332e-25 1.64722e-25 7.16341e-26 3.11163e-26 1.35011e-26 5.85156e-27 2.53344e-27 1.0957e-27 4.73402e-28 2.0433e-28 8.81068e-29 3.79551e-29 1.63351e-29 7.02385e-30 3.01743e-30 1.29514e-30 5.55419e-31 2.37989e-31 1.0189e-31 4.3587e-32 1.86309e-32 7.9574e-33 3.39606e-33 1.44828e-33 6.17177e-34 2.62816e-34 1.11837e-34 4.7557e-35 2.0209e-35 8.58193e-36 3.64197e-36 1.54456e-36
2.81327e-05 4.74112e-05 5.40758e-05 5.07972e-05 4.22378e-05 3.22316e-05 2.30565e-05 1.56747e-05 1.02238e-05 6.4421e-06 3.94178e-06 2.35155e-06 1.37214e-06 7.85136e-07 4.41486e-07 2.44391e-07 1.33383e-07 7.18651e-08 3.82663e-08 2.01563e-08 1.05115e-08 5.43129e-09 2.78231e-09 1.41393e-09 7.13171e-10 3.57199e-10 1.7773e-10 8.78847e-11 4.32035e-11 2.11211e-11 1.02715e-11 4.97036e-12 2.39379e-12 1.1477e-12 5.47906e-13 2.60498e-13 1.23368e-13 5.82072e-14 2.73649e-14 1.28209e-14 5.987e-15 2.78693e-15 1.29336e-15 5.98471e-16 2.76147e-16 1.27074e-16 5.83222e-17 2.67001e-17 1.21935e-17 5.55545e-18 2.52533e-18 1.1454e-18 5.184e-19 2.34138e-19 1.05537e-19 4.74782e-20 2.13187e-20 9.55493e-21 4.27485e-21 1.90924e-21 8.51271e-22 3.78934e-22 1.68409e-22 7.47298e-23 3.31104e-23 1.46486e-23 6.47148e-24 2.85498e-24 1.25779e-24 5.53399e-25 2.43166e-25 1.06712e-25 4.67724e-26 2.04757e-26 8.95313e-27 3.91029e-27 1.70589e-27 7.43387e-28 3.236e-28 1.40716e-28 6.11264e-29 2.65261e-29 1.14997e-29 4.98059e-30 2.15506e-30 9.3161e-31 4.02357e-31 1.7362e-31 7.48524e-32 3.22432e-32 1.38773e-32 5.96774e-33 2.56426e-33 1.10095e-33 4.72317e-34 2.02472e-34 8.67298e-35 3.71235e-35 1.58787e-35 6.78683e-36 2.89878e-36
1.10662e-05 2.00793e-05 2.42429e-05 2.38985e-05 2.07368e-05 1.64465e-05 1.21896e-05 8.56478e-06 5.76186e-06 3.73815e-06 2.35155e-06 1.44041e-06 8.61983e-07 5.05326e-07 2.90851e-07 1.64666e-07 9.18449e-08 5.05366e-08 2.74637e-08 1.47554e-08 7.84447e-09 4.12985e-09 2.15458e-09 1.11459e-09 5.72039e-10 2.91416e-10 1.47425e-10 7.40928e-11 3.70072e-11 1.83759e-11 9.07394e-12 4.45711e-12 2.17838e-12 1.0596e-12 5.13064e-13 2.47353e-13 1.18757e-13 5.6791e-14 2.7055e-14 1.2842e-14 6.07428e-15 2.86351e-15 1.34554e-15 6.30298e-16 2.94369e-16 1.37083e-16 6.36598e-17 2.94834e-17 1.36195e-17 6.27557e-18 2.88463e-18 1.32283e-18 6.05243e-19 2.7631e-19 1.25873e-19 5.72225e-20 2.59612e-20 1.17553e-20 5.31272e-21 2.39661e-21 1.07919e-21 4.85107e-22 2.1769e-22 9.7526e-23 4.36216e-23 1.94805e-23 8.68625e-24 3.86738e-24 1.71936e-24 7.63309e-25 3.384e-25 1.49821e-25 6.62429e-26 2.92513e-26 1.29003e-26 5.68226e-27 2.49987e-27 1.0985e-27 4.82147e-28 2.11382e-28 9.25714e-29 4.04962e-29 1.76967e-29 7.72532e-30 3.36899e-30 1.46774e-30 6.38812e-31 2.77767e-31 1.20665e-31 5.23695e-32 2.27083e-32 9.83792e-33 4.25838e-33 1.84168e-33 7.95828e-34 3.4361e-34 1.48238e-34 6.39014e-35 2.75246e-35 1.18467e-35 5.09502e-36
4.353e-06 8.46072e-06 1.07778e-05 1.11211e-05 1.00482e-05 8.26712e-06 6.33783e-06 4.59542e-06 3.18413e-06 2.12421e-06 1.37214e-06 8.61983e-07 5.28461e-07 3.17078e-07 1.86624e-07 1.0796e-07 6.14841e-08 3.45205e-08 1.91306e-08 1.04755e-08 5.67306e-09 3.04092e-09 1.61455e-09 8.49641e-10 4.43411e-10 2.29609e-10 1.18028e-10 6.02529e-11 3.05589e-11 1.54034e-11 7.71889e-12 3.84664e-12 1.90684e-12 9.40513e-13 4.61672e-13 2.25587e-13 1.09748e-13 5.31691e-14 2.56555e-14 1.2332e-14 5.90581e-15 2.81829e-15 1.34033e-15 6.35343e-16 3.00214e-16 1.41426e-16 6.64276e-17 3.11124e-17 1.4532e-17 6.76959e-18 3.14546e-18 1.45789e-18 6.74092e-19 3.10956e-19 1.43118e-19 6.57261e-20 3.01198e-20 1.37743e-20 6.2865e-21 2.86352e-21 1.30186e-21 5.90777e-22 2.67609e-22 1.21008e-22 5.46243e-23 2.46169e-23 1.10758e-23 4.97542e-24 2.23158e-24 9.99403e-25 4.46919e-25 1.99569e-25 8.8991e-26 3.96281e-26 1.76229e-26 7.82679e-27 3.47162e-27 1.53793e-27 6.80466e-28 3.00715e-28 1.32737e-28 5.85235e-29 2.57738e-29 1.13383e-29 4.98246e-30 2.18716e-30 9.59104e-31 4.20153e-31 1.83872e-31 8.0389e-32 3.51123e-32 1.53219e-32 6.67978e-33 2.90949e-33 1.26615e-33 5.50514e-34 2.39155e-34 1.03806e-34 4.50198e-35 1.95088e-35 8.44709e-36
1.71229e-06 3.54931e-06 4.7565e-06 5.12563e-06 4.81314e-06 4.1011e-06 3.24718e-06 2.42637e-06 1.72942e-06 1.18499e-06 7.85136e-07 5.05326e-07 3.17078e-07 1.94537e-07 1.16985e-07 6.90913e-08 4.01446e-08 2.29812e-08 1.29779e-08 7.2377e-09 3.99002e-09 2.17618e-09 1.17513e-09 6.28688e-10 3.33431e-10 1.754e-10 9.15632e-11 4.74536e-11 2.44259e-11 1.24917e-11 6.34941e-12 3.20861e-12 1.61249e-12 8.06102e-13 4.00959e-13 1.98484e-13 9.78042e-14 4.79824e-14 2.34412e-14 1.14057e-14 5.5282e-15 2.66948e-15 1.28443e-15 6.15884e-16 2.94335e-16 1.40214e-16 6.65884e-17 3.15288e-17 1.48854e-17 7.00813e-18 3.29056e-18 1.54099e-18 7.19828e-19 3.35421e-19 1.55925e-19 7.23167e-20 3.34645e-20 1.54519e-20 7.11969e-21 3.27373e-21 1.50229e-21 6.88047e-22 3.14526e-22 1.43513e-22 6.53649e-23 2.9719e-23 1.3489e-23 6.11221e-24 2.76509e-24 1.24891e-24 5.63217e-25 2.53608e-25 1.14026e-25 5.11941e-26 2.29519e-26 1.02758e-26 4.59437e-27 2.05145e-27 9.14811e-28 4.07428e-28 1.81231e-28 8.05163e-29 3.57288e-29 1.5836e-29 7.01094e-30 3.10041e-30 1.36957e-30 6.0434e-31 2.66391e-31 1.17302e-31 5.16001e-32 2.26757e-32 9.9551e-33 4.36628e-33 1.91323e-33 8.37567e-34 3.66332e-34 1.60082e-34 6.98917e-35 3.04883e-35 1.32884e-35
6.73543e-07 1.48317e-06 2.08561e-06 2.34234e-06 2.28205e-06 2.01072e-06 1.64209e-06 1.26294e-06 9.2494e-07 6.5025e-07 4.41486e-07 2.90851e-07 1.86624e-07 1.16985e-07 7.1819e-08 4.32721e-08 2.56332e-08 1.49514e-08 8.59819e-09 4.88061e-09 2.73725e-09 1.51813e-09 8.33282e-10 4.52968e-10 2.44008e-10 1.3033e-10 6.90574e-11 3.6316e-11 1.89623e-11 9.83457e-12 5.06806e-12 2.59592e-12 1.322e-12 6.69549e-13 3.37329e-13 1.69102e-13 8.43648e-14 4.18969e-14 2.07153e-14 1.01993e-14 5.00133e-15 2.44293e-15 1.1888e-15 5.76418e-16 2.7852e-16 1.34128e-16 6.43834e-17 3.08085e-17 1.46979e-17 6.99145e-18 3.31628e-18 1.56872e-18 7.40092e-19 3.48263e-19 1.63472e-19 7.6547e-20 3.57594e-20 1.6667e-20 7.75106e-21 3.59687e-21 1.66562e-21 7.69727e-22 3.55004e-22 1.63413e-22 7.50787e-23 3.44308e-23 1.57615e-23 7.20253e-24 3.28572e-24 1.4964e-24 6.80393e-25 3.08872e-25 1.39998e-25 6.33581e-26 2.86311e-26 1.29194e-26 5.82139e-27 2.61943e-27 1.17705e-27 5.2821e-28 2.36727e-28 1.05958e-28 4.73672e-29 2.11489e-29 9.43133e-30 4.20094e-30 1.86904e-30 8.30609e-31 3.68716e-31 1.63498e-31 7.24215e-32 3.20454e-32 1.4165e-32 6.25496e-33 2.75932e-33 1.21606e-33 5.35412e-34 2.35512e-34 1.03499e-34 4.54423e-35 1.99341e-35
2.64944e-07 6.17644e-07 9.09228e-07 1.06231e-06 1.07214e-06 9.75535e-07 8.20725e-07 6.48994e-07 4.87885e-07 3.51582e-07 2.44391e-07 1.64666e-07 1.0796e-07 6.90913e-08 4.32721e-08 2.658e-08 1.6042e-08 9.52789e-09 5.57642e-09 3.2199e-09 1.83614e-09 1.035e-09 5.7715e-10 3.18617e-10 1.74245e-10 9.44516e-11 5.07747e-11 2.7082e-11 1.43382e-11 7.53815e-12 3.93683e-12 2.04308e-12 1.05393e-12 5.40574e-13 2.75756e-13 1.39936e-13 7.06588e-14 3.55082e-14 1.77624e-14 8.84637e-15 4.38728e-15 2.16702e-15 1.06619e-15 5.22603e-16 2.55231e-16 1.24216e-16 6.02496e-17 2.91283e-17 1.4038e-17 6.74482e-18 3.23112e-18 1.54345e-18 7.35243e-19 3.49302e-19 1.65515e-19 7.82304e-20 3.68846e-20 1.73492e-20 8.14147e-21 3.81195e-21 1.78089e-21 8.30227e-22 3.86236e-22 1.7932e-22 8.30892e-23 3.84259e-23 1.77373e-23 8.17247e-24 3.75874e-24 1.72573e-24 7.90973e-25 3.61932e-25 1.65343e-25 7.54139e-26 3.43433e-26 1.5616e-26 7.09011e-27 3.21442e-27 1.45523e-27 6.57892e-28 2.97019e-28 1.33916e-28 6.02987e-29 2.7116e-29 1.21786e-29 5.463e-30 2.44759e-30 1.09529e-30 4.89568e-31 2.18575e-31 9.74765e-32 4.3423e-32 1.93228e-32 8.58932e-33 3.81411e-33 1.69193e-33 7.49781e-34 3.31937e-34 1.4681e-34 6.48692e-35 2.86361e-35
1.04218e-07 2.5642e-07 3.94336e-07 4.78505e-07 4.9957e-07 4.68837e-07 4.0589e-07 3.29664e-07 2.54151e-07 1.87573e-07 1.33383e-07 9.18449e-08 6.14841e-08 4.01446e-08 2.56332e-08 1.6042e-08 9.85853e-09 5.95885e-09 3.54743e-09 2.08253e-09 1.20685e-09 6.91052e-10 3.91309e-10 2.19283e-10 1.21689e-10 6.69145e-11 3.64794e-11 1.97263e-11 1.05854e-11 5.63913e-12 2.98348e-12 1.56815e-12 8.19118e-13 4.2533e-13 2.19606e-13 1.12774e-13 5.76139e-14 2.9288e-14 1.48179e-14 7.46282e-15 3.74209e-15 1.86851e-15 9.29207e-16 4.60291e-16 2.27152e-16 1.11692e-16 5.47271e-17 2.67245e-17 1.30075e-17 6.31101e-18 3.05261e-18 1.47215e-18 7.07911e-19 3.39463e-19 1.62341e-19 7.74315e-20 3.68381e-20 1.74823e-20 8.27652e-21 3.9091e-21 1.8421e-21 8.66124e-22 4.06356e-22 1.90246e-22 8.8885e-23 4.14448e-23 1.92869e-23 8.95823e-24 4.15311e-24 1.92191e-24 8.87811e-25 4.09405e-25 1.88473e-25 8.66209e-26 3.97458e-26 1.82084e-26 8.32867e-27 3.80382e-27 1.73467e-27 7.8992e-28 3.59193e-28 1.63105e-28 7.39621e-29 3.34941e-29 1.51481e-29 6.84203e-30 3.08648e-30 1.3906e-30 6.25765e-31 2.81256e-31 1.26265e-31 5.66192e-32 2.53602e-32 1.13465e-32 5.071e-33 2.26392e-33 1.00965e-33 4.49815e-34 2.00195e-34 8.90098e-35 3.95363e-35
4.0995e-08 1.06161e-07 1.7023e-07 2.14209e-07 2.31049e-07 2.23394e-07 1.98816e-07 1.65705e-07 1.30898e-07 9.88638e-08 7.18651e-08 5.05366e-08 3.45205e-08 2.29812e-08 1.49514e-08 9.52789e-09 5.95885e-09 3.6635e-09 2.21728e-09 1.32275e-09 7.78639e-10 4.52708e-10 2.60193e-10 1.47944e-10 8.32761e-11 4.64338e-11 2.56613e-11 1.40629e-11 7.64583e-12 4.1258e-12 2.21052e-12 1.17635e-12 6.21984e-13 3.26853e-13 1.70757e-13 8.87098e-14 4.5839e-14 2.35651e-14 1.20549e-14 6.13769e-15 3.11081e-15 1.56981e-15 7.88848e-16 3.94803e-16 1.96821e-16 9.77524e-17 4.83729e-17 2.38534e-17 1.17225e-17 5.74201e-18 2.80364e-18 1.36471e-18 6.62311e-19 3.20495e-19 1.54653e-19 7.44233e-20 3.57195e-20 1.70994e-20 8.16522e-21 3.8895e-21 1.84837e-21 8.76352e-22 4.14563e-22 1.95681e-22 9.21676e-23 4.33213e-23 2.03208e-23 9.51302e-24 4.44482e-24 2.07285e-24 9.64889e-25 4.48336e-25 2.07952e-25 9.6288e-26 4.45091e-26 2.05403e-26 9.46379e-27 4.35348e-27 1.99956e-27 9.17012e-28 4.19924e-28 1.92014e-28 8.76755e-29 3.99775e-29 1.82037e-29 8.27786e-30 3.75929e-30 1.70503e-30 7.72337e-31 3.49415e-31 1.57887e-31 7.12572e-32 3.21218e-32 1.44634e-32 6.50498e-33 2.92238e-33 1.31145e-33 5.87893e-34 2.6326e-34 1.17765e-34 5.26267e-35
1.61257e-08 4.38426e-08 7.31757e-08 9.53562e-08 1.06135e-07 1.05614e-07 9.65369e-08 8.24957e-08 6.67214e-08 5.15324e-08 3.82663e-08 2.74637e-08 1.91306e-08 1.29779e-08 8.59819e-09 5.57642e-09 3.54743e-09 2.21728e-09 1.36369e-09 8.26329e-10 4.93878e-10 2.91438e-10 1.69946e-10 9.80075e-11 5.59363e-11 3.16147e-11 1.7705e-11 9.82964e-12 5.41281e-12 2.9576e-12 1.6042e-12 8.64053e-13 4.62308e-13 2.45791e-13 1.29889e-13 6.82438e-14 3.56574e-14 1.85324e-14 9.58307e-15 4.93124e-15 2.52563e-15 1.28772e-15 6.53714e-16 3.30472e-16 1.6639e-16 8.34506e-17 4.16962e-17 2.07579e-17 1.02978e-17 5.09128e-18 2.50887e-18 1.23237e-18 6.03479e-19 2.94631e-19 1.43426e-19 6.96226e-20 3.37037e-20 1.62721e-20 7.8358e-21 3.76378e-21 1.80342e-21 8.62042e-22 4.11099e-22 1.95604e-22 9.28637e-23 4.39922e-23 2.07964e-23 9.8109e-24 4.61908e-24 2.17046e-24 1.01792e-24 4.765e-25 2.22647e-25 1.03847e-25 4.83516e-26 2.24742e-26 1.04287e-26 4.83128e-27 2.23459e-27 1.03193e-27 4.7581e-28 2.19059e-28 1.00704e-28 4.62277e-29 2.11904e-29 9.70002e-30 4.43416e-30 2.02426e-30 9.22893e-31 4.20218e-31 1.91094e-31 8.67916e-32 3.93711e-32 1.78384e-32 8.07274e-33 3.64908e-33 1.64759e-33 7.43071e-34 3.34759e-34 1.50649e-34 6.77228e-35
6.34318e-09 1.80653e-08 3.13346e-08 4.2231e-08 4.84524e-08 4.95747e-08 4.64996e-08 4.071e-08 3.36867e-08 2.65885e-08 2.01563e-08 1.47554e-08 1.04755e-08 7.2377e-09 4.88061e-09 3.2199e-09 2.08253e-09 1.32275e-09 8.26329e-10 5.08383e-10 3.08382e-10 1.84624e-10 1.09189e-10 6.38431e-11 3.6932e-11 2.1151e-11 1.19991e-11 6.74677e-12 3.76165e-12 2.08062e-12 1.14212e-12 6.2245e-13 3.36913e-13 1.81172e-13 9.68177e-14 5.14313e-14 2.71657e-14 1.42705e-14 7.45725e-15 3.87732e-15 2.00624e-15 1.03326e-15 5.29776e-16 2.70457e-16 1.37497e-16 6.96217e-17 3.51163e-17 1.76459e-17 8.83487e-18 4.4079e-18 2.19172e-18 1.08619e-18 5.36588e-19 2.64258e-19 1.2975e-19 6.35212e-20 3.10096e-20 1.50964e-20 7.32971e-21 3.54948e-21 1.71451e-21 8.26109e-22 3.9709e-22 1.90423e-22 9.11074e-23 4.34929e-23 2.07174e-23 9.84756e-24 4.6711e-24 2.21121e-24 1.04467e-24 4.92589e-25 2.3183e-25 1.08906e-25 5.10675e-26 2.39039e-26 1.11697e-26 5.21044e-27 2.42653e-27 1.12821e-27 5.23726e-28 2.42738e-28 1.12333e-28 5.19068e-29 2.39498e-29 1.10345e-29 5.07677e-30 2.33249e-30 1.07019e-30 4.90363e-31 2.24391e-31 1.02549e-31 4.68068e-32 2.13376e-32 9.71518e-33 4.41808e-33 2.0068e-33 9.1048e-34 4.12611e-34 1.86777e-34 8.44555e-35
2.49514e-09 7.42851e-09 1.33706e-08 1.86153e-08 2.19933e-08 2.31171e-08 2.22329e-08 1.99272e-08 1.68592e-08 1.35901e-08 1.05115e-08 7.84447e-09 5.67306e-09 3.99002e-09 2.73725e-09 1.83614e-09 1.20685e-09 7.78639e-10 4.93878e-10 3.08382e-10 1.89782e-10 1.15231e-10 6.90929e-11 4.09454e-11 2.39996e-11 1.39227e-11 7.99872e-12 4.55341e-12 2.56973e-12 1.43837e-12 7.98856e-13 4.40402e-13 2.41083e-13 1.31088e-13 7.08227e-14 3.80291e-14 2.03006e-14 1.0776e-14 5.68931e-15 2.98821e-15 1.56171e-15 8.1228e-16 4.2054e-16 2.16759e-16 1.11246e-16 5.68582e-17 2.89444e-17 1.46776e-17 7.41522e-18 3.73267e-18 1.87237e-18 9.36031e-19 4.66398e-19 2.31652e-19 1.14701e-19 5.66225e-20 2.78702e-20 1.3679e-20 6.69525e-21 3.2682e-21 1.59116e-21 7.72693e-22 3.74301e-22 1.80876e-22 8.71998e-23 4.19419e-23 2.01281e-23 9.63839e-24 4.60548e-24 2.19601e-24 1.04498e-24 4.96261e-25 2.35215e-25 1.11273e-25 5.25412e-26 2.47638e-26 1.16508e-26 5.47185e-27 2.56547e-27 1.20079e-27 5.61119e-28 2.61782e-28 1.21938e-28 5.67105e-29 2.63346e-29 1.22108e-29 5.65358e-30 2.61385e-30 1.20677e-30 5.56377e-31 2.56167e-31 1.17787e-31 5.40882e-32 2.48056e-32 1.13618e-32 5.19762e-33 2.37483e-33 1.08377e-33 4.94004e-34 2.24916e-34 1.02285e-34
9.81486e-10 3.04887e-09 5.68682e-09 8.17008e-09 9.93066e-09 1.07142e-08 1.05579e-08 9.6813e-09 8.36925e-09 6.886e-09 5.43129e-09 4.12985e-09 3.04092e-09 2.17618e-09 1.51813e-09 1.035e-09 6.91052e-10 4.52708e-10 2.91438e-10 1.84624e-10 1.15231e-10 7.09335e-11 4.31066e-11 2.5883e-11 1.5367e-11 9.02749e-12 5.25066e-12 3.02535e-12 1.72771e-12 9.78379e-13 5.49626e-13 3.06425e-13 1.69604e-13 9.32282e-14 5.09091e-14 2.76252e-14 1.49003e-14 7.9905e-15 4.26131e-15 2.26047e-15 1.19297e-15 6.26503e-16 3.27457e-16 1.70373e-16 8.82532e-17 4.5521e-17 2.33833e-17 1.19639e-17 6.09776e-18 3.09635e-18 1.56662e-18 7.89875e-19 3.96901e-19 1.98782e-19 9.92396e-20 4.93908e-20 2.45075e-20 1.21249e-20 5.98165e-21 2.94279e-21 1.44386e-21 7.06559e-22 3.44873e-22 1.67913e-22 8.15556e-23 3.95176e-23 1.91039e-23 9.21445e-24 4.43464e-24 2.12966e-24 1.02058e-24 4.88075e-25 2.32944e-25 1.10959e-25 5.27515e-26 2.50316e-26 1.18561e-26 5.60542e-27 2.6455e-27 1.24639e-27 5.8622e-28 2.75262e-28 1.29039e-28 6.03954e-29 2.82231e-29 1.31685e-29 6.13498e-30 2.85395e-30 1.32571e-30 6.14935e-31 2.84841e-31 1.31758e-31 6.08647e-32 2.80787e-32 1.29366e-32 5.95263e-33 2.73558e-33 1.2556e-33 5.75604e-34 2.63558e-34 1.20536e-34
3.86076e-10 1.24917e-09 2.41152e-09 3.57143e-09 4.46219e-09 4.93785e-09 4.98203e-09 4.67085e-09 4.12343e-09 3.46098e-09 2.78231e-09 2.15458e-09 1.61455e-09 1.17513e-09 8.33282e-10 5.7715e-10 3.91309e-10 2.60193e-10 1.69946e-10 1.09189e-10 6.90929e-11 4.31066e-11 2.65419e-11 1.61424e-11 9.70494e-12 5.77174e-12 3.39769e-12 1.98095e-12 1.14446e-12 6.55506e-13 3.72383e-13 2.09902e-13 1.1744e-13 6.52444e-14 3.60024e-14 1.97384e-14 1.07548e-14 5.8253e-15 3.13734e-15 1.68047e-15 8.95404e-16 4.7469e-16 2.5043e-16 1.315e-16 6.87377e-17 3.5774e-17 1.85398e-17 9.56909e-18 4.91949e-18 2.51947e-18 1.28555e-18 6.53594e-19 3.31143e-19 1.67207e-19 8.41533e-20 4.22185e-20 2.11149e-20 1.05285e-20 5.23449e-21 2.59504e-21 1.28294e-21 6.32552e-22 3.11058e-22 1.52571e-22 7.46474e-23 3.64331e-23 1.77396e-23 8.61747e-24 4.17666e-24 2.01983e-24 9.74671e-25 4.69333e-25 2.2553e-25 1.08155e-25 5.17639e-26 2.47266e-26 1.1789e-26 5.61026e-27 2.665e-27 1.26368e-27 5.98157e-28 2.82651e-28 1.33339e-28 6.27982e-29 2.95282e-29 1.38624e-29 6.49775e-30 3.04107e-30 1.42115e-30 6.63153e-31 3.09002e-31 1.43778e-31 6.68067e-32 3.09994e-32 1.43649e-32 6.64779e-33 3.07247e-33 1.41822e-33 6.53817e-34 3.01045e-34 1.38445e-34
1.51866e-10 5.10993e-10 1.01979e-09 1.55541e-09 1.99596e-09 2.2638e-09 2.3371e-09 2.23894e-09 2.01733e-09 1.72647e-09 1.41393e-09 1.11459e-09 8.49641e-10 6.28688e-10 4.52968e-10 3.18617e-10 2.19283e-10 1.47944e-10 9.80075e-11 6.38431e-11 4.09454e-11 2.5883e-11 1.61424e-11 9.94149e-12 6.05069e-12 3.64199e-12 2.16936e-12 1.2795e-12 7.4764e-13 4.33016e-13 2.48695e-13 1.41698e-13 8.01228e-14 4.49779e-14 2.50746e-14 1.38865e-14 7.64179e-15 4.17984e-15 2.27295e-15 1.2291e-15 6.61071e-16 3.53718e-16 1.88321e-16 9.97811e-17 5.26239e-17 2.76294e-17 1.44437e-17 7.51911e-18 3.89848e-18 2.01336e-18 1.03585e-18 5.30972e-19 2.71204e-19 1.38043e-19 7.00278e-20 3.54085e-20 1.78469e-20 8.96763e-21 4.49248e-21 2.244e-21 1.1177e-21 5.55162e-22 2.75005e-22 1.35868e-22 6.69539e-23 3.29114e-23 1.61381e-23 7.89446e-24 3.85281e-24 1.87605e-24 9.11469e-25 4.4187e-25 2.13758e-25 1.03192e-25 4.97144e-26 2.39031e-26 1.14704e-26 5.49379e-27 2.62635e-27 1.25325e-27 5.96955e-28 2.83845e-28 1.34732e-28 6.38445e-29 3.02034e-29 1.42653e-29 6.72685e-30 3.1671e-30 1.48882e-30 6.98822e-31 3.27526e-31 1.53282e-31 7.16336e-32 3.34295e-32 1.55791e-32 7.25045e-33 3.36982e-33 1.56415e-33 7.25085e-34 3.35697e-34 1.55226e-34
5.97378e-11 2.08721e-10 4.30146e-10 6.75066e-10 8.89043e-10 1.03279e-09 1.09034e-09 1.06675e-09 9.80495e-10 8.5518e-10 7.13171e-10 5.72039e-10 4.43411e-10 3.33431e-10 2.44008e-10 1.74245e-10 1.21689e-10 8.32761e-11 5.59363e-11 3.6932e-11 2.39996e-11 1.5367e-11 9.70494e-12 6.05069e-12 3.72714e-12 2.26997e-12 1.3678e-12 8.15913e-13 4.82081e-13 2.82272e-13 1.63865e-13 9.43531e-14 5.39074e-14 3.05716e-14 1.72151e-14 9.62852e-15 5.35045e-15 2.95474e-15 1.62202e-15 8.85326e-16 4.80569e-16 2.5948e-16 1.39391e-16 7.45114e-17 3.96412e-17 2.09932e-17 1.10684e-17 5.81066e-18 3.03784e-18 1.58183e-18 8.20474e-19 4.23965e-19 2.18276e-19 1.1198e-19 5.72498e-20 2.91711e-20 1.48156e-20 7.50081e-21 3.78581e-21 1.90506e-21 9.55845e-22 4.78225e-22 2.38601e-22 1.18724e-22 5.89197e-23 2.91652e-23 1.44005e-23 7.09297e-24 3.48529e-24 1.70857e-24 8.3567e-25 4.07818e-25 1.98586e-25 9.64949e-26 4.67898e-26 2.26417e-26 1.09345e-26 5.27027e-27 2.53533e-27 1.21736e-27 5.83448e-28 2.79126e-28 1.33299e-28 6.35479e-29 3.02436e-29 1.43695e-29 6.81607e-30 3.22796e-30 1.52628e-30 7.20558e-31 3.39656e-31 1.59868e-31 7.5135e-32 3.52612e-32 1.65247e-32 7.73329e-33 3.61409e-33 1.68674e-33 7.86177e-34 3.65953e-34 1.70127e-34
2.34984e-11 8.5138e-11 1.81003e-10 2.92044e-10 3.94443e-10 4.69032e-10 5.06072e-10 5.05382e-10 4.73634e-10 4.20815e-10 3.57199e-10 2.91416e-10 2.29609e-10 1.754e-10 1.3033e-10 9.44516e-11 6.69145e-11 4.64338e-11 3.16147e-11 2.1151e-11 1.39227e-11 9.02749e-12 5.77174e-12 3.64199e-12 2.26997e-12 1.39853e-12 8.5228e-13 5.14066e-13 3.07059e-13 1.81724e-13 1.06609e-13 6.20225e-14 3.57976e-14 2.05052e-14 1.16609e-14 6.58549e-15 3.69458e-15 2.05959e-15 1.14116e-15 6.28587e-16 3.443e-16 1.87565e-16 1.01647e-16 5.48092e-17 2.94102e-17 1.57074e-17 8.35101e-18 4.42047e-18 2.32999e-18 1.22308e-18 6.39477e-19 3.33057e-19 1.72816e-19 8.93452e-20 4.60283e-20 2.36314e-20 1.20922e-20 6.16755e-21 3.13581e-21 1.58948e-21 8.03264e-22 4.0476e-22 2.03378e-22 1.01908e-22 5.0926e-23 2.53821e-23 1.26182e-23 6.25716e-24 3.09523e-24 1.52745e-24 7.52011e-25 3.69392e-25 1.81042e-25 8.85358e-26 4.32045e-26 2.10391e-26 1.02243e-26 4.9587e-27 2.40019e-27 1.15954e-27 5.59121e-28 2.69104e-28 1.29284e-28 6.20007e-29 2.96817e-29 1.41852e-29 6.76786e-30 3.22367e-30 1.53301e-30 7.27859e-31 3.45041e-31 1.63316e-31 7.71844e-32 3.64239e-32 1.71637e-32 8.07633e-33 3.79494e-33 1.78072e-33 8.34436e-34 3.9049e-34 1.82496e-34
9.24329e-12 3.46839e-11 7.59953e-11 1.25963e-10 1.74359e-10 2.12096e-10 2.33759e-10 2.3816e-10 2.27475e-10 2.05794e-10 1.7773e-10 1.47425e-10 1.18028e-10 9.15632e-11 6.90574e-11 5.07747e-11 3.64794e-11 2.56613e-11 1.7705e-11 1.19991e-11 7.99872e-12 5.25066e-12 3.39769e-12 2.16936e-12 1.3678e-12 8.5228e-13 5.25179e-13 3.20233e-13 1.93333e-13 1.15625e-13 6.8534e-14 4.02775e-14 2.34799e-14 1.35821e-14 7.79878e-15 4.44647e-15 2.51804e-15 1.41673e-15 7.92152e-16 4.40279e-16 2.43303e-16 1.33708e-16 7.30889e-17 3.97474e-17 2.15084e-17 1.1583e-17 6.20904e-18 3.31343e-18 1.76055e-18 9.3152e-19 4.90872e-19 2.5765e-19 1.34719e-19 7.01797e-20 3.64273e-20 1.88417e-20 9.71251e-21 4.99003e-21 2.55548e-21 1.3046e-21 6.63982e-22 3.3693e-22 1.70475e-22 8.60107e-23 4.32757e-23 2.17153e-23 1.08678e-23 5.42508e-24 2.70134e-24 1.3418e-24 6.64896e-25 3.28703e-25 1.62128e-25 7.97882e-26 3.91802e-26 1.91983e-26 9.38741e-27 4.58073e-27 2.23074e-27 1.08418e-27 5.25918e-28 2.54629e-28 1.23052e-28 5.93579e-29 2.85818e-29 1.37385e-29 6.59232e-30 3.15794e-30 1.51024e-30 7.21078e-31 3.43734e-31 1.63598e-31 7.77433e-32 3.68882e-32 1.74769e-32 8.26805e-33 3.90585e-33 1.84252e-33 8.67964e-34 4.08315e-34 1.91824e-34
3.63592e-12 1.41129e-11 3.18407e-11 5.41766e-11 7.68073e-11 9.55244e-11 1.07487e-10 1.11673e-10 1.08659e-10 1.00055e-10 8.78847e-11 7.40928e-11 6.02529e-11 4.74536e-11 3.6316e-11 2.7082e-11 1.97263e-11 1.40629e-11 9.82964e-12 6.74677e-12 4.55341e-12 3.02535e-12 1.98095e-12 1.2795e-12 8.15913e-13 5.14066e-13 3.20233e-13 1.9736e-13 1.20406e-13 7.27551e-14 4.35624e-14 2.58576e-14 1.5222e-14 8.89048e-15 5.15351e-15 2.96584e-15 1.69509e-15 9.62406e-16 5.42954e-16 3.04449e-16 1.69712e-16 9.40709e-17 5.18597e-17 2.84396e-17 1.55172e-17 8.42513e-18 4.55285e-18 2.44907e-18 1.31158e-18 6.99401e-19 3.71407e-19 1.96437e-19 1.0349e-19 5.43155e-20 2.84019e-20 1.47984e-20 7.68369e-21 3.97607e-21 2.05071e-21 1.0543e-21 5.40335e-22 2.76083e-22 1.40646e-22 7.1443e-23 3.6188e-23 1.82799e-23 9.20901e-24 4.62714e-24 2.31899e-24 1.1593e-24 5.78133e-25 2.8762e-25 1.42756e-25 7.06925e-26 3.49284e-26 1.72199e-26 8.47126e-27 4.15864e-27 2.03732e-27 9.9607e-28 4.86026e-28 2.36694e-28 1.1505e-28 5.58182e-29 2.70314e-29 1.30672e-29 6.30563e-30 3.03755e-30 1.46076e-30 7.01313e-31 3.36149e-31 1.60862e-31 7.68574e-32 3.66643e-32 1.74638e-32 8.30576e-33 3.94439e-33 1.87046e-33 8.85722e-34 4.18828e-34 1.97776e-34
1.43022e-12 5.73621e-12 1.33147e-11 2.32396e-11 3.37247e-11 4.286e-11 4.92141e-11 5.2117e-11 5.16384e-11 4.83789e-11 4.32035e-11 3.70072e-11 3.05589e-11 2.44259e-11 1.89623e-11 1.43382e-11 1.05854e-11 7.64583e-12 5.41281e-12 3.76165e-12 2.56973e-12 1.72771e-12 1.14446e-12 7.4764e-13 4.82081e-13 3.07059e-13 1.93333e-13 1.20406e-13 7.42175e-14 4.53012e-14 2.73951e-14 1.64207e-14 9.76001e-15 5.75457e-15 3.36696e-15 1.95555e-15 1.12782e-15 6.46068e-16 3.67706e-16 2.07978e-16 1.16932e-16 6.53644e-17 3.6336e-17 2.00911e-17 1.10516e-17 6.04891e-18 3.29482e-18 1.78631e-18 9.64094e-19 5.1806e-19 2.77203e-19 1.47717e-19 7.84019e-20 4.14516e-20 2.18334e-20 1.14581e-20 5.99186e-21 3.12254e-21 1.62178e-21 8.39562e-22 4.3324e-22 2.22871e-22 1.14304e-22 5.84503e-23 2.98029e-23 1.51534e-23 7.68365e-24 3.88562e-24 1.95982e-24 9.85959e-25 4.94783e-25 2.4769e-25 1.23698e-25 6.1631e-26 3.06366e-26 1.51953e-26 7.52007e-27 3.71365e-27 1.83006e-27 8.99979e-28 4.41693e-28 2.16345e-28 1.05762e-28 5.16036e-29 2.51316e-29 1.22169e-29 5.92815e-30 2.8715e-30 1.38849e-30 6.70252e-31 3.23001e-31 1.55401e-31 7.46455e-32 3.57982e-32 1.71412e-32 8.19506e-33 3.91208e-33 1.86474e-33 8.87554e-34 4.21839e-34 2.00209e-34
5.6259e-13 2.32907e-12 5.55754e-12 9.94405e-12 1.47626e-11 1.91619e-11 2.24426e-11 2.42147e-11 2.44218e-11 2.32709e-11 2.11211e-11 1.83759e-11 1.54034e-11 1.24917e-11 9.83457e-12 7.53815e-12 5.63913e-12 4.1258e-12 2.9576e-12 2.08062e-12 1.43837e-12 9.78379e-13 6.55506e-13 4.33016e-13 2.82272e-13 1.81724e-13 1.15625e-13 7.27551e-14 4.53012e-14 2.79271e-14 1.70541e-14 1.03209e-14 6.19268e-15 3.68537e-15 2.17612e-15 1.27536e-15 7.42105e-16 4.28855e-16 2.46199e-16 1.40445e-16 7.96299e-17 4.48841e-17 2.51564e-17 1.40228e-17 7.7755e-18 4.28955e-18 2.35482e-18 1.28658e-18 6.997e-19 3.78835e-19 2.04225e-19 1.09634e-19 5.86161e-20 3.12156e-20 1.65599e-20 8.75238e-21 4.60913e-21 2.41869e-21 1.26488e-21 6.59278e-22 3.4251e-22 1.77378e-22 9.15767e-23 4.71368e-23 2.41912e-23 1.23796e-23 6.31744e-24 3.21503e-24 1.63181e-24 8.26071e-25 4.17116e-25 2.10093e-25 1.05561e-25 5.29128e-26 2.64606e-26 1.32022e-26 6.5723e-27 3.26464e-27 1.61815e-27 8.0036e-28 3.95053e-28 1.94601e-28 9.56693e-29 4.69411e-29 2.29881e-29 1.12367e-29 5.48246e-30 2.67009e-30 1.29809e-30 6.29984e-31 3.05217e-31 1.47624e-31 7.12836e-32 3.43649e-32 1.65405e-32 7.94876e-33 3.81399e-33 1.82726e-33 8.74127e-34 4.17551e-34 1.99167e-34
2.21299e-13 9.44749e-13 2.31571e-12 4.24498e-12 6.44348e-12 8.53808e-12 1.01954e-11 1.12034e-11 1.14973e-11 1.11386e-11 1.02715e-11 9.07394e-12 7.71889e-12 6.34941e-12 5.06806e-12 3.93683e-12 2.98348e-12 2.21052e-12 1.6042e-12 1.14212e-12 7.98856e-13 5.49626e-13 3.72383e-13 2.48695e-13 1.63865e-13 1.06609e-13 6.8534e-14 4.35624e-14 2.73951e-14 1.70541e-14 1.05148e-14 6.42377e-15 3.89032e-15 2.33646e-15 1.39211e-15 8.23144e-16 4.83178e-16 2.81642e-16 1.63068e-16 9.38062e-17 5.36285e-17 3.04762e-17 1.72196e-17 9.67537e-18 5.40731e-18 3.00637e-18 1.66313e-18 9.15597e-19 5.017e-19 2.73658e-19 1.48614e-19 8.03626e-20 4.32761e-20 2.3211e-20 1.24005e-20 6.5999e-21 3.49968e-21 1.8491e-21 9.73578e-22 5.10861e-22 2.67173e-22 1.39277e-22 7.23765e-23 3.74956e-23 1.93669e-23 9.97401e-24 5.12198e-24 2.62297e-24 1.33957e-24 6.82309e-25 3.46629e-25 1.75648e-25 8.87847e-26 4.47688e-26 2.25204e-26 1.13022e-26 5.65921e-27 2.82733e-27 1.40943e-27 7.01094e-28 3.48011e-28 1.7239e-28 8.5222e-29 4.20463e-29 2.07041e-29 1.01754e-29 4.99153e-30 2.44407e-30 1.19456e-30 5.8281e-31 2.8385e-31 1.38008e-31 6.69867e-32 3.24603e-32 1.57039e-32 7.58522e-33 3.658e-33 1.76135e-33 8.46814e-34 4.06516e-34 1.94862e-34
8.705e-14 3.82871e-13 9.6334e-13 1.80811e-12 2.80472e-12 3.79223e-12 4.61492e-12 5.16286e-12 5.38923e-12 5.30667e-12 4.97036e-12 4.45711e-12 3.84664e-12 3.20861e-12 2.59592e-12 2.04308e-12 1.56815e-12 1.17635e-12 8.64053e-13 6.2245e-13 4.40402e-13 3.06425e-13 2.09902e-13 1.41698e-13 9.43531e-14 6.20225e-14 4.02775e-14 2.58576e-14 1.64207e-14 1.03209e-14 6.42377e-15 3.96107e-15 2.4209e-15 1.4671e-15 8.81905e-16 5.26038e-16 3.11449e-16 1.83089e-16 1.06898e-16 6.20038e-17 3.57373e-17 2.0473e-17 1.16598e-17 6.60305e-18 3.71899e-18 2.08359e-18 1.16141e-18 6.44187e-19 3.55602e-19 1.95392e-19 1.06881e-19 5.82111e-20 3.15702e-20 1.70517e-20 9.17338e-21 4.91598e-21 2.62456e-21 1.39609e-21 7.39985e-22 3.90864e-22 2.0576e-22 1.07961e-22 5.64645e-23 2.94392e-23 1.5302e-23 7.93008e-24 4.09772e-24 2.1114e-24 1.08491e-24 5.55953e-25 2.84138e-25 1.44842e-25 7.36469e-26 3.7354e-26 1.89001e-26 9.54016e-27 4.80436e-27 2.41393e-27 1.21016e-27 6.05349e-28 3.0216e-28 1.50506e-28 7.4812e-29 3.71116e-29 1.83731e-29 9.07841e-30 4.47717e-30 2.20385e-30 1.08282e-30 5.31061e-31 2.59991e-31 1.27061e-31 6.19895e-32 3.01919e-32 1.46805e-32 7.12656e-33 3.454e-33 1.67139e-33 8.07531e-34 3.89561e-34 1.87646e-34
3.42418e-14 1.55029e-13 4.00135e-13 7.68527e-13 1.21768e-12 1.67925e-12 2.08181e-12 2.3702e-12 2.51575e-12 2.51701e-12 2.39379e-12 2.17838e-12 1.90684e-12 1.61249e-12 1.322e-12 1.05393e-12 8.19118e-13 6.21984e-13 4.62308e-13 3.36913e-13 2.41083e-13 1.69604e-13 1.1744e-13 8.01228e-14 5.39074e-14 3.57976e-14 2.34799e-14 1.5222e-14 9.76001e-15 6.19268e-15 3.89032e-15 2.4209e-15 1.49296e-15 9.12801e-16 5.53513e-16 3.3301e-16 1.98841e-16 1.17872e-16 6.93899e-17 4.05768e-17 2.35759e-17 1.36134e-17 7.81405e-18 4.45949e-18 2.53093e-18 1.42871e-18 8.02334e-19 4.48317e-19 2.49289e-19 1.37968e-19 7.60097e-20 4.16906e-20 2.27689e-20 1.23832e-20 6.70759e-21 3.619e-21 1.94513e-21 1.04157e-21 5.55719e-22 2.95453e-22 1.56541e-22 8.26628e-23 4.35085e-23 2.28272e-23 1.19394e-23 6.22574e-24 3.23679e-24 1.67795e-24 8.67395e-25 4.4715e-25 2.29888e-25 1.17878e-25 6.02869e-26 3.0755e-26 1.56507e-26 7.94509e-27 4.02377e-27 2.03309e-27 1.02492e-27 5.1553e-28 2.58742e-28 1.29583e-28 6.4761e-29 3.22985e-29 1.60758e-29 7.98542e-30 3.95891e-30 1.95894e-30 9.67495e-31 4.76951e-31 2.34698e-31 1.15285e-31 5.65291e-32 2.7671e-32 1.3522e-32 6.5968e-33 3.21303e-33 1.56241e-33 7.5856e-34 3.67711e-34 1.77974e-34
