0.0103258 0.00783767 0.00594907 0.00451556 0.00342747 0.00260158 0.00197469 0.00149886 0.00113769 0.000863548 0.000655464 0.000497521 0.000377636 0.00028664 0.00021757 0.000165143 0.00012535 9.5145e-05 7.22185e-05 5.48165e-05 4.16077e-05 3.15817e-05 2.39717e-05 1.81954e-05 1.38109e-05 1.0483e-05 7.95698e-06 6.03963e-06 4.5843e-06 3.47965e-06 2.64118e-06 2.00475e-06 1.52168e-06 1.15501e-06 8.76694e-07 6.65442e-07 5.05095e-07 3.83385e-07 2.91003e-07 2.20882e-07 1.67657e-07 1.27258e-07 9.65934e-08 7.33179e-08 5.56509e-08 4.22411e-08 3.20625e-08 2.43366e-08 1.84724e-08 1.40212e-08 1.06426e-08 8.07811e-09 6.13158e-09 4.65409e-09 3.53262e-09 2.68139e-09 2.03527e-09 1.54484e-09 1.17259e-09 8.90039e-10 6.75572e-10 5.12784e-10 3.89221e-10 2.95433e-10 2.24244e-10 1.7021e-10 1.29195e-10 9.80638e-11 7.4434e-11 5.64981e-11 4.28841e-11 3.25506e-11 2.47071e-11 1.87536e-11 1.42346e-11 1.08046e-11 8.20108e-12 6.22492e-12 4.72494e-12 3.5864e-12 2.72221e-12 2.06625e-12 1.56836e-12 1.19044e-12 9.03588e-13 6.85856e-13 5.2059e-13 3.95146e-13 2.9993e-13 2.27658e-13 1.72801e-13 1.31162e-13 9.95567e-14 7.55671e-14 5.73582e-14 4.35369e-14 3.30461e-14 2.50832e-14 1.9039e-14 1.44513e-14 1.09691e-14
0.00783767 0.006442 0.00526387 0.00427946 0.00346383 0.00279279 0.00224402 0.00179756 0.00143597 0.00114426 0.000909759 0.000721831 0.000571646 0.000451928 0.000356713 0.000281144 0.000221282 0.000173945 0.000136573 0.000107111 8.3918e-05 6.56831e-05 5.13635e-05 4.01311e-05 3.13296e-05 2.44396e-05 1.90509e-05 1.48402e-05 1.15526e-05 8.98766e-06 6.98807e-06 5.43028e-06 4.21748e-06 3.27386e-06 2.54012e-06 1.96989e-06 1.52699e-06 1.18315e-06 9.16356e-07 7.09439e-07 5.49034e-07 4.2474e-07 3.28468e-07 2.53931e-07 1.96242e-07 1.51612e-07 1.17095e-07 9.04102e-08 6.97864e-08 5.38522e-08 4.15451e-08 3.20423e-08 2.47069e-08 1.90461e-08 1.46789e-08 1.13104e-08 8.71303e-09 6.71067e-09 5.16739e-09 3.97821e-09 3.06209e-09 2.35649e-09 1.81314e-09 1.39482e-09 1.07282e-09 8.25015e-10 6.34342e-10 4.87656e-10 3.7483e-10 2.88063e-10 2.21347e-10 1.70058e-10 1.30634e-10 1.00335e-10 7.70533e-11 5.91658e-11 4.54248e-11 3.48705e-11 2.67652e-11 2.05413e-11 1.57628e-11 1.20945e-11 9.27878e-12 7.1178e-12 5.4595e-12 4.18709e-12 3.21089e-12 2.46204e-12 1.88764e-12 1.4471e-12 1.10927e-12 8.50226e-13 6.51614e-13 4.99351e-13 3.82633e-13 2.9317e-13 2.24605e-13 1.72061e-13 1.31798e-13 1.00948e-13 7.73133e-14
0.00594907 0.00526387 0.00458699 0.00394854 0.00336499 0.0028437 0.00238606 0.00198978 0.00165044 0.00136252 0.00112011 0.000917388 0.000748817 0.000609351 0.00049448 0.000400241 0.000323202 0.000260428 0.000209425 0.000168098 0.000134692 0.00010775 8.60658e-05 6.86477e-05 5.46811e-05 4.3501e-05 3.45654e-05 2.74341e-05 2.17508e-05 1.72272e-05 1.36312e-05 1.07759e-05 8.51116e-06 6.71675e-06 5.29639e-06 4.17318e-06 3.28575e-06 2.5852e-06 2.03263e-06 1.59713e-06 1.25415e-06 9.84229e-07 7.71953e-07 6.05121e-07 4.74087e-07 3.71234e-07 2.90548e-07 2.27288e-07 1.77718e-07 1.38895e-07 1.08505e-07 8.47282e-08 6.61341e-08 5.15998e-08 4.0244e-08 3.13754e-08 2.44521e-08 1.90497e-08 1.48358e-08 1.15501e-08 8.98907e-09 6.99369e-09 5.43954e-09 4.22946e-09 3.28761e-09 2.55475e-09 1.9847e-09 1.54142e-09 1.19683e-09 9.29027e-10 7.20964e-10 5.59358e-10 4.3387e-10 3.36455e-10 2.60851e-10 2.02189e-10 1.56685e-10 1.21395e-10 9.40335e-11 7.28237e-11 5.63864e-11 4.36504e-11 3.37845e-11 2.61434e-11 2.02267e-11 1.56462e-11 1.21008e-11 9.35705e-12 7.23419e-12 5.59199e-12 4.32185e-12 3.33966e-12 2.58026e-12 1.99323e-12 1.53951e-12 1.18889e-12 9.1798e-13 7.087e-13 5.47051e-13 4.22213e-13 3.25818e-13
0.00451556 0.00427946 0.00394854 0.00357041 0.00317782 0.0027925 0.00242811 0.00209255 0.00178967 0.00152053 0.00128439 0.00107937 0.00090291 0.000752188 0.000624286 0.00051637 0.00042578 0.000350077 0.000287073 0.000234831 0.000191659 0.000156091 0.000126871 0.000102929 8.33582e-05 6.73973e-05 5.44075e-05 4.38565e-05 3.53021e-05 2.83786e-05 2.27842e-05 1.82706e-05 1.46343e-05 1.1709e-05 9.35857e-06 7.47248e-06 5.96078e-06 4.75053e-06 3.78265e-06 3.00941e-06 2.39227e-06 1.9002e-06 1.50819e-06 1.19618e-06 9.48051e-07 7.50879e-07 5.94321e-07 4.70106e-07 3.71623e-07 2.93596e-07 2.31817e-07 1.82936e-07 1.44283e-07 1.13737e-07 8.96117e-08 7.05688e-08 5.55456e-08 4.37001e-08 3.4365e-08 2.7012e-08 2.12231e-08 1.66677e-08 1.30848e-08 1.02679e-08 8.05427e-09 6.31546e-09 4.9502e-09 3.87866e-09 3.038e-09 2.37871e-09 1.86187e-09 1.45684e-09 1.13956e-09 8.9109e-10 6.96583e-10 5.44367e-10 4.25287e-10 3.3216e-10 2.59351e-10 2.02446e-10 1.57983e-10 1.23253e-10 9.6132e-11 7.49598e-11 5.84359e-11 4.55432e-11 3.54864e-11 2.76438e-11 2.15294e-11 1.67636e-11 1.30498e-11 1.01565e-11 7.90303e-12 6.14821e-12 4.78204e-12 3.71867e-12 2.89118e-12 2.24738e-12 1.7466e-12 1.35715e-12 1.05433e-12
0.00342747 0.00346383 0.00336499 0.00317782 0.00293757 0.00267017 0.00239423 0.00212262 0.00186387 0.00162322 0.00140354 0.00120594 0.00103036 0.000875924 0.000741259 0.000624715 0.000524514 0.000438865 0.000366033 0.000304389 0.000252434 0.000208813 0.000172318 0.000141884 0.00011658 9.55987e-05 7.82476e-05 6.39326e-05 5.2149e-05 4.24698e-05 3.45349e-05 2.80422e-05 2.27389e-05 1.84144e-05 1.48937e-05 1.20317e-05 9.70849e-06 7.82525e-06 6.30064e-06 5.06792e-06 4.07239e-06 3.26934e-06 2.62226e-06 2.10141e-06 1.68259e-06 1.34614e-06 1.07612e-06 8.59602e-07 6.86142e-07 5.47291e-07 4.36236e-07 3.47482e-07 2.76604e-07 2.20044e-07 1.74942e-07 1.39001e-07 1.10379e-07 8.76016e-08 6.9486e-08 5.50871e-08 4.36491e-08 3.45684e-08 2.73633e-08 2.16495e-08 1.71207e-08 1.3533e-08 1.06923e-08 8.44425e-09 6.66596e-09 5.25996e-09 4.14882e-09 3.27109e-09 2.57805e-09 2.03106e-09 1.59953e-09 1.25922e-09 9.90962e-10 7.79576e-10 6.13071e-10 4.81966e-10 3.78772e-10 2.97577e-10 2.33713e-10 1.83498e-10 1.44028e-10 1.13014e-10 8.86521e-11 6.95219e-11 5.45043e-11 4.27188e-11 3.34725e-11 2.62206e-11 2.05343e-11 1.60771e-11 1.25841e-11 9.84759e-12 7.70425e-12 6.02595e-12 4.71213e-12 3.6839e-12 2.87938e-12
0.00260158 0.00279279 0.0028437 0.0027925 0.00267017 0.00250131 0.00230497 0.0020956 0.00188379 0.00167709 0.0014806 0.00129755 0.00112975 0.000977941 0.000842098 0.000721684 0.000615811 0.000523385 0.000443205 0.00037404 0.000314677 0.000263963 0.000220816 0.00018425 0.000153369 0.000127375 0.000105561 8.73059e-05 7.20695e-05 5.93841e-05 4.88469e-05 4.01134e-05 3.28897e-05 2.69265e-05 2.20129e-05 1.79713e-05 1.46524e-05 1.19314e-05 9.70395e-06 7.88314e-06 6.3968e-06 5.1851e-06 4.19856e-06 3.39631e-06 2.74468e-06 2.21601e-06 1.78754e-06 1.44066e-06 1.16011e-06 9.33422e-07 7.50432e-07 6.0285e-07 4.83929e-07 3.88184e-07 3.11162e-07 2.49251e-07 1.99524e-07 1.59615e-07 1.27607e-07 1.01955e-07 8.14111e-08 6.49686e-08 5.18173e-08 4.13052e-08 3.29078e-08 2.62038e-08 2.08547e-08 1.65891e-08 1.31895e-08 1.04815e-08 8.32562e-09 6.61009e-09 5.24569e-09 4.16108e-09 3.29931e-09 2.6149e-09 2.07161e-09 1.64053e-09 1.29864e-09 1.0276e-09 8.12815e-10 6.42685e-10 5.07979e-10 4.01362e-10 3.17011e-10 2.503e-10 1.97561e-10 1.55882e-10 1.22955e-10 9.69528e-11 7.6425e-11 6.02248e-11 4.74442e-11 3.73647e-11 2.94178e-11 2.31545e-11 1.82194e-11 1.43322e-11 1.12712e-11 8.86161e-12 6.96527e-12
0.00197469 0.00224402 0.00238606 0.00242811 0.00239423 0.00230497 0.00217743 0.00202544 0.00185993 0.00168934 0.00151993 0.00135622 0.00120132 0.00105718 0.000924878 0.000804837 0.000696987 0.000600913 0.000515968 0.000441359 0.000376217 0.000319645 0.000270752 0.000228684 0.000192635 0.000161859 0.000135677 0.000113474 9.47018e-05 7.88753e-05 6.55674e-05 5.44049e-05 4.50639e-05 3.72645e-05 3.07658e-05 2.53616e-05 2.08761e-05 1.71598e-05 1.4086e-05 1.15478e-05 9.45518e-06 7.73245e-06 6.31627e-06 5.15368e-06 4.20055e-06 3.42011e-06 2.78186e-06 2.26051e-06 1.83513e-06 1.48843e-06 1.20616e-06 9.76579e-07 7.90033e-07 6.38602e-07 5.1579e-07 4.16276e-07 3.35711e-07 2.70542e-07 2.1787e-07 1.75331e-07 1.41004e-07 1.13323e-07 9.10181e-08 7.3058e-08 5.86063e-08 4.69855e-08 3.76471e-08 3.01477e-08 2.41288e-08 1.93012e-08 1.54313e-08 1.2331e-08 9.84859e-09 7.86203e-09 6.27315e-09 5.003e-09 3.98818e-09 3.17776e-09 2.53089e-09 2.01483e-09 1.6033e-09 1.2753e-09 1.01398e-09 8.05878e-10 6.40234e-10 5.0844e-10 4.03622e-10 3.20293e-10 2.54074e-10 2.01472e-10 1.59704e-10 1.26551e-10 1.00246e-10 7.93823e-11 6.28398e-11 4.97284e-11 3.93401e-11 3.11121e-11 2.45974e-11 1.94409e-11 1.53608e-11
0.00149886 0.00179756 0.00198978 0.00209255 0.00212262 0.0020956 0.00202544 0.00192421 0.00180207 0.00166731 0.00152659 0.00138503 0.00124651 0.00111381 0.000988825 0.000872751 0.000766213 0.000669412 0.000582224 0.000504301 0.000435131 0.00037411 0.000320574 0.000273842 0.000233237 0.000198104 0.000167826 0.000141825 0.000119573 0.000100589 8.44413e-05 7.07436e-05 5.91547e-05 4.93739e-05 4.11384e-05 3.42194e-05 2.84184e-05 2.35646e-05 1.9511e-05 1.61317e-05 1.33196e-05 1.09831e-05 9.04505e-06 7.43985e-06 6.11229e-06 5.01587e-06 4.11158e-06 3.36672e-06 2.75394e-06 2.25044e-06 1.8372e-06 1.49842e-06 1.221e-06 9.94053e-07 8.08589e-07 6.57175e-07 5.33677e-07 4.33042e-07 3.51111e-07 2.84467e-07 2.30303e-07 1.86318e-07 1.50629e-07 1.21693e-07 9.82497e-08 7.92713e-08 6.39182e-08 5.15068e-08 4.14802e-08 3.33857e-08 2.68551e-08 2.15898e-08 1.73472e-08 1.39307e-08 1.11812e-08 8.96968e-09 7.1919e-09 5.7636e-09 4.6167e-09 3.69625e-09 2.95792e-09 2.36598e-09 1.89165e-09 1.51174e-09 1.2076e-09 9.64236e-10 7.69595e-10 6.13991e-10 4.89651e-10 3.90335e-10 3.11042e-10 2.47762e-10 1.97281e-10 1.57028e-10 1.24942e-10 9.93767e-11 7.90147e-11 6.2803e-11 4.99005e-11 3.96354e-11 3.14715e-11
0.00113769 0.00143597 0.00165044 0.00178967 0.00186387 0.00188379 0.00185993 0.00180207 0.00171892 0.00161806 0.0015059 0.00138768 0.00126759 0.00114892 0.00103409 0.000924867 0.000822431 0.000727497 0.00064041 0.00056123 0.000489803 0.000425819 0.00036886 0.000318443 0.000274047 0.000235138 0.000201186 0.000171679 0.000146131 0.000124087 0.00010513 8.88756e-05 7.49795e-05 6.31315e-05 5.30556e-05 4.45074e-05 3.72719e-05 3.11608e-05 2.60103e-05 2.16777e-05 1.80402e-05 1.49917e-05 1.24413e-05 1.03112e-05 8.53478e-06 7.05571e-06 5.826e-06 4.80506e-06 3.95859e-06 3.25769e-06 2.67808e-06 2.19935e-06 1.8044e-06 1.47895e-06 1.21107e-06 9.9081e-07 8.09891e-07 6.61437e-07 5.39742e-07 4.40078e-07 3.58532e-07 2.91869e-07 2.37422e-07 1.92989e-07 1.56758e-07 1.2724e-07 1.03209e-07 8.36608e-08 6.77705e-08 5.48631e-08 4.43862e-08 3.5888e-08 2.89994e-08 2.34193e-08 1.89021e-08 1.52475e-08 1.22928e-08 9.90526e-09 7.97721e-09 6.42112e-09 5.16594e-09 4.15404e-09 3.33872e-09 2.68213e-09 2.15364e-09 1.72849e-09 1.38664e-09 1.1119e-09 8.912e-10 7.14001e-10 5.71793e-10 4.57718e-10 3.66251e-10 2.92944e-10 2.34218e-10 1.87191e-10 1.49549e-10 1.19432e-10 9.53444e-11 7.60872e-11 6.06977e-11
0.000863548 0.00114426 0.00136252 0.00152053 0.00162322 0.00167709 0.00168934 0.00166731 0.00161806 0.00154807 0.00146309 0.00136812 0.00126736 0.00116424 0.00106153 0.000961335 0.000865245 0.000774378 0.000689467 0.000610933 0.000538946 0.00047348 0.000414365 0.000361323 0.000314004 0.000272013 0.000234929 0.000202324 0.000173775 0.000148873 0.000127229 0.000108481 9.22916e-05 7.83528e-05 6.63851e-05 5.61369e-05 4.7383e-05 3.99233e-05 3.35806e-05 2.81993e-05 2.3643e-05 1.97927e-05 1.65452e-05 1.3811e-05 1.15128e-05 9.58445e-06 7.96886e-06 6.61742e-06 5.48859e-06 4.54703e-06 3.76276e-06 3.11036e-06 2.56835e-06 2.11861e-06 1.74587e-06 1.43731e-06 1.18217e-06 9.71417e-07 7.97523e-07 6.54185e-07 5.36152e-07 4.39051e-07 3.59244e-07 2.93711e-07 2.39948e-07 1.95878e-07 1.59785e-07 1.30248e-07 1.06097e-07 8.63649e-08 7.02553e-08 5.7113e-08 4.63993e-08 3.76716e-08 3.05667e-08 2.47869e-08 2.0088e-08 1.62705e-08 1.3171e-08 1.0656e-08 8.61649e-09 6.96362e-09 5.62486e-09 4.54113e-09 3.66435e-09 2.95538e-09 2.38241e-09 1.91961e-09 1.54598e-09 1.2445e-09 1.00136e-09 8.05356e-10 6.47435e-10 5.20255e-10 4.17881e-10 3.35511e-10 2.69267e-10 2.16015e-10 1.73225e-10 1.38858e-10 1.11265e-10
0.000655464 0.000909759 0.00112011 0.00128439 0.00140354 0.0014806 0.00151993 0.00152659 0.0015059 0.00146309 0.00140308 0.00133035 0.00124884 0.00116195 0.00107251 0.000982856 0.000894808 0.000809778 0.000728802 0.000652594 0.000581606 0.00051607 0.000456048 0.000401464 0.000352144 0.000307839 0.000268249 0.000233046 0.000201884 0.000174415 0.000150295 0.000129193 0.000110793 9.48019e-05 8.09453e-05 6.89726e-05 5.86555e-05 4.97877e-05 4.21842e-05 3.56797e-05 3.01276e-05 2.53984e-05 2.13783e-05 1.79675e-05 1.50789e-05 1.2637e-05 1.05762e-05 8.83986e-06 7.37918e-06 6.15227e-06 5.12322e-06 4.26135e-06 3.54048e-06 2.93834e-06 2.43602e-06 2.01748e-06 1.66918e-06 1.37965e-06 1.13926e-06 9.39879e-07 7.74691e-07 6.37972e-07 5.24929e-07 4.31554e-07 3.54498e-07 2.90967e-07 2.38635e-07 1.95566e-07 1.6015e-07 1.31053e-07 1.07165e-07 8.757e-08 7.15091e-08 5.83548e-08 4.75891e-08 3.87846e-08 3.15891e-08 2.57127e-08 2.09168e-08 1.70054e-08 1.38173e-08 1.12205e-08 9.10671e-09 7.38704e-09 5.98887e-09 4.85278e-09 3.93015e-09 3.18132e-09 2.57388e-09 2.08139e-09 1.68233e-09 1.35912e-09 1.0975e-09 8.85834e-10 7.14665e-10 5.76314e-10 4.64543e-10 3.74288e-10 3.01441e-10 2.4267e-10 1.95278e-10
0.000497521 0.000721831 0.000917388 0.00107937 0.00120594 0.00129755 0.00135622 0.00138503 0.00138768 0.00136812 0.00133035 0.00127818 0.00121514 0.00114441 0.00106876 0.000990535 0.000911704 0.000833852 0.000758226 0.000685766 0.000617151 0.000552837 0.000493089 0.000438024 0.000387633 0.000341816 0.0003004 0.000263162 0.000229846 0.000200173 0.000173858 0.000150611 0.00013015 0.000112204 9.65138e-05 8.28388e-05 7.09543e-05 6.06541e-05 5.17503e-05 4.40724e-05 3.74674e-05 3.17981e-05 2.69423e-05 2.27919e-05 1.92514e-05 1.62368e-05 1.36746e-05 1.15009e-05 9.65967e-06 8.10269e-06 6.7881e-06 5.67983e-06 4.74686e-06 3.96256e-06 3.30414e-06 2.75212e-06 2.28989e-06 1.90332e-06 1.58042e-06 1.31102e-06 1.0865e-06 8.99591e-07 7.44159e-07 6.15037e-07 5.0788e-07 4.19038e-07 3.45451e-07 2.84557e-07 2.34212e-07 1.92626e-07 1.58304e-07 1.30002e-07 1.06682e-07 8.74838e-08 7.16906e-08 5.87087e-08 4.80456e-08 3.92936e-08 3.21153e-08 2.6232e-08 2.14133e-08 1.74692e-08 1.42431e-08 1.16061e-08 9.45194e-09 7.69329e-09 6.25842e-09 5.08842e-09 4.13495e-09 3.3584e-09 2.72629e-09 2.21204e-09 1.7939e-09 1.4541e-09 1.1781e-09 9.54034e-10 7.72228e-10 6.24783e-10 5.05264e-10 4.08429e-10 3.30009e-10
0.000377636 0.000571646 0.000748817 0.00090291 0.00103036 0.00112975 0.00120132 0.00124651 0.00126759 0.00126736 0.00124884 0.00121514 0.00116929 0.00111411 0.00105217 0.000985754 0.000916842 0.000847098 0.000777893 0.000710325 0.000645245 0.000583286 0.00052489 0.000470339 0.000419781 0.000373255 0.000330713 0.000292042 0.000257078 0.00022562 0.000197447 0.000172322 0.000150005 0.000130255 0.000112837 9.75275e-05 8.41119e-05 7.23905e-05 6.21778e-05 5.33031e-05 4.56103e-05 3.8958e-05 3.32187e-05 2.82778e-05 2.40332e-05 2.03939e-05 1.72798e-05 1.46199e-05 1.2352e-05 1.04217e-05 8.78144e-06 7.38981e-06 6.21096e-06 5.21384e-06 4.37164e-06 3.66129e-06 3.06295e-06 2.5596e-06 2.13672e-06 1.78187e-06 1.48445e-06 1.23547e-06 1.02727e-06 8.53357e-07 7.08243e-07 5.87284e-07 4.86561e-07 4.02771e-07 3.33134e-07 2.75313e-07 2.27348e-07 1.87594e-07 1.54674e-07 1.27435e-07 1.04918e-07 8.63171e-08 7.09646e-08 5.83027e-08 4.78679e-08 3.92748e-08 3.22035e-08 2.63887e-08 2.16103e-08 1.76864e-08 1.44664e-08 1.18256e-08 9.66129e-09 7.88862e-09 6.43762e-09 5.25063e-09 4.2802e-09 3.48728e-09 2.83977e-09 2.31131e-09 1.88024e-09 1.52881e-09 1.24246e-09 1.00926e-09 8.19447e-10 6.65021e-10 5.39451e-10
0.00028664 0.000451928 0.000609351 0.000752188 0.000875924 0.000977941 0.00105718 0.00111381 0.00114892 0.00116424 0.00116195 0.00114441 0.00111411 0.00107344 0.00102472 0.000970061 0.000911358 0.000850274 0.000788232 0.000726422 0.00066581 0.000607163 0.000551062 0.000497929 0.000448049 0.000401588 0.000358616 0.000319125 0.000283044 0.000250255 0.000220604 0.000193915 0.000169993 0.000148636 0.000129642 0.000112807 9.7935e-05 8.48386e-05 7.33398e-05 6.32718e-05 5.44802e-05 4.68226e-05 4.01689e-05 3.44008e-05 2.94116e-05 2.51051e-05 2.13956e-05 1.82064e-05 1.54699e-05 1.31259e-05 1.11216e-05 9.41073e-06 7.95267e-06 6.712e-06 5.6579e-06 4.76363e-06 4.00604e-06 3.36511e-06 2.82359e-06 2.36667e-06 1.98161e-06 1.6575e-06 1.38501e-06 1.1562e-06 9.64266e-07 8.03448e-07 6.68844e-07 5.56296e-07 4.62286e-07 3.83838e-07 3.18437e-07 2.63965e-07 2.18638e-07 1.80953e-07 1.49649e-07 1.23669e-07 1.02124e-07 8.42721e-08 6.9492e-08 5.72647e-08 4.71568e-08 3.88074e-08 3.19155e-08 2.62308e-08 2.15452e-08 1.76856e-08 1.45087e-08 1.18953e-08 9.74705e-09 7.98215e-09 6.53315e-09 5.34421e-09 4.36927e-09 3.57027e-09 2.91584e-09 2.38014e-09 1.94186e-09 1.5835e-09 1.29063e-09 1.05142e-09 8.56129e-10
0.00021757 0.000356713 0.00049448 0.000624286 0.000741259 0.000842098 0.000924878 0.000988825 0.00103409 0.00106153 0.00107251 0.00106876 0.00105217 0.00102472 0.000988398 0.00094508 0.000896525 0.000844323 0.000789886 0.000734432 0.000678995 0.000624427 0.000571415 0.000520491 0.000472052 0.000426376 0.000383639 0.000343931 0.000307272 0.000273623 0.000242902 0.000214993 0.000189754 0.000167027 0.000146643 0.000128429 0.000112212 9.78196e-05 8.50876e-05 7.38576e-05 6.39803e-05 5.53162e-05 4.77357e-05 4.11194e-05 3.53582e-05 3.03528e-05 2.60134e-05 2.22591e-05 1.90174e-05 1.62236e-05 1.38203e-05 1.17566e-05 9.98743e-06 8.4733e-06 7.17948e-06 6.07563e-06 5.13526e-06 4.3353e-06 3.65574e-06 3.07925e-06 2.59083e-06 2.17756e-06 1.8283e-06 1.5335e-06 1.28496e-06 1.07566e-06 8.99604e-07 7.51665e-07 6.27487e-07 5.23361e-07 4.36136e-07 3.63141e-07 3.02112e-07 2.51136e-07 2.08595e-07 1.73126e-07 1.43578e-07 1.18985e-07 9.85314e-08 8.15354e-08 6.74235e-08 5.57155e-08 4.60094e-08 3.79688e-08 3.13129e-08 2.58072e-08 2.12562e-08 1.74969e-08 1.43936e-08 1.18337e-08 9.72335e-09 7.98473e-09 6.55326e-09 5.37541e-09 4.40684e-09 3.61083e-09 2.95704e-09 2.42035e-09 1.98005e-09 1.61903e-09 1.32317e-09
0.000165143 0.000281144 0.000400241 0.00051637 0.000624715 0.000721684 0.000804837 0.000872751 0.000924867 0.000961335 0.000982856 0.000990535 0.000985754 0.000970061 0.00094508 0.000912432 0.000873685 0.000830309 0.000783647 0.000734903 0.000685127 0.000635219 0.000585933 0.000537881 0.000491549 0.000447307 0.000405422 0.000366072 0.000329359 0.000295324 0.000263951 0.000235187 0.000208943 0.000185109 0.000163555 0.000144141 0.000126719 0.000111141 9.72566e-05 8.49217e-05 7.39959e-05 6.43454e-05 5.58446e-05 4.83758e-05 4.18297e-05 3.61059e-05 3.11125e-05 2.67655e-05 2.29892e-05 1.97152e-05 1.68822e-05 1.44352e-05 1.23255e-05 1.05097e-05 8.94946e-06 7.61096e-06 6.46449e-06 5.48397e-06 4.64661e-06 3.93252e-06 3.32439e-06 2.80718e-06 2.36788e-06 1.99522e-06 1.67948e-06 1.41228e-06 1.18643e-06 9.95732e-07 8.34904e-07 6.99409e-07 5.85377e-07 4.89506e-07 4.08984e-07 3.41419e-07 2.84781e-07 2.37347e-07 1.97656e-07 1.64476e-07 1.3676e-07 1.13631e-07 9.43435e-08 7.82738e-08 6.48954e-08 5.37664e-08 4.45156e-08 3.68319e-08 3.04545e-08 2.51651e-08 2.07812e-08 1.71503e-08 1.41452e-08 1.16596e-08 9.6051e-09 7.90802e-09 6.50706e-09 5.35128e-09 4.39836e-09 3.61316e-09 2.96654e-09 2.43435e-09 1.9966e-09
0.00012535 0.000221282 0.000323202 0.00042578 0.000524514 0.000615811 0.000696987 0.000766213 0.000822431 0.000865245 0.000894808 0.000911704 0.000916842 0.000911358 0.000896525 0.000873685 0.00084419 0.000809351 0.00077041 0.000728509 0.000684679 0.000639831 0.00059475 0.000550102 0.000506436 0.000464192 0.000423712 0.00038525 0.000348983 0.000315019 0.000283411 0.000254163 0.000227242 0.000202584 0.000180102 0.00015969 0.000141231 0.000124601 0.000109671 9.6313e-05 8.43981e-05 7.38025e-05 6.44068e-05 5.60979e-05 4.87689e-05 4.23203e-05 3.66598e-05 3.17024e-05 2.737e-05 2.35919e-05 2.03038e-05 1.74477e-05 1.49714e-05 1.28283e-05 1.09768e-05 9.3799e-06 8.00485e-06 6.82268e-06 5.80788e-06 4.93806e-06 4.19356e-06 3.55722e-06 3.01405e-06 2.55104e-06 2.15684e-06 1.82166e-06 1.537e-06 1.29553e-06 1.09093e-06 9.17773e-07 7.71378e-07 6.47745e-07 5.43441e-07 4.55535e-07 3.81521e-07 3.19265e-07 2.66949e-07 2.23025e-07 1.86182e-07 1.55305e-07 1.2945e-07 1.07819e-07 8.97365e-08 7.46333e-08 6.20283e-08 5.15165e-08 4.2757e-08 3.54632e-08 2.93944e-08 2.43484e-08 2.01558e-08 1.66747e-08 1.37864e-08 1.13916e-08 9.40712e-09 7.76384e-09 6.40394e-09 5.27926e-09 4.34967e-09 3.58181e-09 2.94791e-09
9.5145e-05 0.000173945 0.000260428 0.000350077 0.000438865 0.000523385 0.000600913 0.000669412 0.000727497 0.000774378 0.000809778 0.000833852 0.000847098 0.000850274 0.000844323 0.000830309 0.000809351 0.000782586 0.00075112 0.000716009 0.00067823 0.000638673 0.000598127 0.000557283 0.000516728 0.000476954 0.00043836 0.000401261 0.000365897 0.000332438 0.000300996 0.000271632 0.000244364 0.000219176 0.000196021 0.000174832 0.000155523 0.000137998 0.000122151 0.000107872 9.50485e-05 8.35682e-05 7.33213e-05 6.42014e-05 5.61065e-05 4.89401e-05 4.26115e-05 3.70359e-05 3.2135e-05 2.78365e-05 2.40743e-05 2.07882e-05 1.79235e-05 1.54309e-05 1.32659e-05 1.13889e-05 9.76421e-06 8.3603e-06 7.14908e-06 6.1057e-06 5.20825e-06 4.43743e-06 3.77632e-06 3.21007e-06 2.72572e-06 2.31196e-06 1.95893e-06 1.65811e-06 1.40207e-06 1.18439e-06 9.99553e-07 8.42764e-07 7.09912e-07 5.97463e-07 5.02381e-07 4.22064e-07 3.54287e-07 2.97145e-07 2.49017e-07 2.08516e-07 1.74466e-07 1.45863e-07 1.21857e-07 1.01727e-07 8.48601e-08 7.07391e-08 5.89264e-08 4.90525e-08 4.08053e-08 3.3922e-08 2.81814e-08 2.33971e-08 1.94128e-08 1.60969e-08 1.33392e-08 1.10473e-08 9.14369e-09 7.5637e-09 6.25313e-09 5.16672e-09 4.26667e-09
7.22185e-05 0.000136573 0.000209425 0.000287073 0.000366033 0.000443205 0.000515968 0.000582224 0.00064041 0.000689467 0.000728802 0.000758226 0.000777893 0.000788232 0.000789886 0.000783647 0.00077041 0.00075112 0.000726738 0.000698206 0.000666427 0.000632243 0.000596422 0.000559654 0.000522546 0.000485618 0.000449311 0.000413987 0.000379934 0.000347377 0.000316479 0.000287352 0.000260062 0.000234637 0.000211073 0.000189339 0.000169382 0.000151134 0.000134516 0.000119437 0.000105803 9.35158e-05 8.24781e-05 7.25922e-05 6.37631e-05 5.58992e-05 4.89133e-05 4.27227e-05 3.725e-05 3.24229e-05 2.81747e-05 2.44438e-05 2.11738e-05 1.83136e-05 1.58163e-05 1.364e-05 1.17468e-05 1.01026e-05 8.67711e-06 7.44313e-06 6.37661e-06 5.45622e-06 4.6631e-06 3.98063e-06 3.39416e-06 2.89088e-06 2.45955e-06 2.09036e-06 1.77473e-06 1.50524e-06 1.27539e-06 1.0796e-06 9.12987e-07 7.7137e-07 6.51125e-07 5.49132e-07 4.62709e-07 3.89553e-07 3.27686e-07 2.75417e-07 2.31298e-07 1.94091e-07 1.62743e-07 1.36353e-07 1.14156e-07 9.55024e-08 7.98387e-08 6.66964e-08 5.56784e-08 4.64486e-08 3.87225e-08 3.22601e-08 2.68585e-08 2.2347e-08 1.85816e-08 1.5441e-08 1.28233e-08 1.0643e-08 8.82809e-09 7.31842e-09 6.06342e-09
5.48165e-05 0.000107111 0.000168098 0.000234831 0.000304389 0.00037404 0.000441359 0.000504301 0.00056123 0.000610933 0.000652594 0.000685766 0.000710325 0.000726422 0.000734432 0.000734903 0.000728509 0.000716009 0.000698206 0.000675921 0.00064996 0.000621099 0.000590067 0.000557531 0.000524097 0.000490298 0.000456598 0.00042339 0.000391002 0.0003597 0.000329691 0.000301131 0.00027413 0.000248756 0.000225045 0.000203002 0.000182606 0.00016382 0.000146589 0.000130845 0.000116514 0.000103514 9.17614e-05 8.1169e-05 7.16511e-05 6.3123e-05 5.55026e-05 4.87109e-05 4.26728e-05 3.73175e-05 3.25788e-05 2.83947e-05 2.47083e-05 2.14669e-05 1.86225e-05 1.61311e-05 1.3953e-05 1.20521e-05 1.0396e-05 8.95557e-06 7.70474e-06 6.62026e-06 5.68142e-06 4.86987e-06 4.16934e-06 3.5655e-06 3.0457e-06 2.59883e-06 2.21515e-06 1.88614e-06 1.60436e-06 1.3633e-06 1.15733e-06 9.81531e-07 8.31654e-07 7.04014e-07 5.95425e-07 5.03139e-07 4.24787e-07 3.58332e-07 3.0202e-07 2.54349e-07 2.1403e-07 1.79961e-07 1.51197e-07 1.26934e-07 1.06484e-07 8.92638e-08 7.47742e-08 6.25921e-08 5.23581e-08 4.37673e-08 3.65614e-08 3.05217e-08 2.5463e-08 2.12291e-08 1.7688e-08 1.47284e-08 1.22565e-08 1.01934e-08 8.47244e-09
4.16077e-05 8.3918e-05 0.000134692 0.000191659 0.000252434 0.000314677 0.000376217 0.000435131 0.000489803 0.000538946 0.000581606 0.000617151 0.000645245 0.00066581 0.000678995 0.000685127 0.000684679 0.00067823 0.000666427 0.00064996 0.000629531 0.000605836 0.000579546 0.000551292 0.000521661 0.000491182 0.000460326 0.000429507 0.000399078 0.000369335 0.000340521 0.000312829 0.000286406 0.000261358 0.000237755 0.000215637 0.000195015 0.00017588 0.000158203 0.000141941 0.000127038 0.000113432 0.000101052 8.98261e-05 7.96775e-05 7.05305e-05 6.23096e-05 5.49411e-05 4.83537e-05 4.24794e-05 3.72533e-05 3.26147e-05 2.85065e-05 2.48758e-05 2.16737e-05 1.88551e-05 1.63789e-05 1.42074e-05 1.23066e-05 1.06455e-05 9.1964e-06 7.93425e-06 6.83665e-06 5.88362e-06 5.05733e-06 4.34197e-06 3.7235e-06 3.18953e-06 2.72914e-06 2.33268e-06 1.99172e-06 1.69884e-06 1.44757e-06 1.23225e-06 1.04794e-06 8.90349e-07 7.55756e-07 6.40926e-07 5.43057e-07 4.5973e-07 3.88854e-07 3.28628e-07 2.77499e-07 2.34135e-07 1.9739e-07 1.66281e-07 1.39968e-07 1.17729e-07 9.89499e-08 8.31056e-08 6.97483e-08 5.84966e-08 4.90259e-08 4.10605e-08 3.43661e-08 2.87442e-08 2.40263e-08 2.00699e-08 1.67545e-08 1.39781e-08 1.16546e-08
3.15817e-05 6.56831e-05 0.00010775 0.000156091 0.000208813 0.000263963 0.000319645 0.00037411 0.000425819 0.00047348 0.00051607 0.000552837 0.000583286 0.000607163 0.000624427 0.000635219 0.000639831 0.000638673 0.000632243 0.000621099 0.000605836 0.00058706 0.000565373 0.000541359 0.000515569 0.000488515 0.000460665 0.000432438 0.0004042 0.000376269 0.000348914 0.000322356 0.000296774 0.000272306 0.000249054 0.000227087 0.000206449 0.000187156 0.000169206 0.000152577 0.000137237 0.00012314 0.000110233 9.84561e-05 8.77459e-05 7.8036e-05 6.92592e-05 6.13482e-05 5.4237e-05 4.78612e-05 4.2159e-05 3.70713e-05 3.25424e-05 2.85197e-05 2.49543e-05 2.18006e-05 1.90166e-05 1.65636e-05 1.44064e-05 1.25125e-05 1.08528e-05 9.40067e-06 8.13228e-06 7.0261e-06 6.06287e-06 5.22536e-06 4.49822e-06 3.86779e-06 3.32196e-06 2.85001e-06 2.44246e-06 2.09098e-06 1.78822e-06 1.52775e-06 1.30392e-06 1.1118e-06 9.47088e-07 8.06019e-07 6.85334e-07 5.82194e-07 4.9414e-07 4.19041e-07 3.55053e-07 3.00585e-07 2.54265e-07 2.14909e-07 1.81501e-07 1.53168e-07 1.29159e-07 1.08832e-07 9.16357e-08 7.71009e-08 6.48253e-08 5.4466e-08 4.57305e-08 3.837e-08 3.21727e-08 2.69586e-08 2.25749e-08 1.8892e-08 1.58e-08
2.39717e-05 5.13635e-05 8.60658e-05 0.000126871 0.000172318 0.000220816 0.000270752 0.000320574 0.00036886 0.000414365 0.000456048 0.000493089 0.00052489 0.000551062 0.000571415 0.000585933 0.00059475 0.000598127 0.000596422 0.000590067 0.000579546 0.000565373 0.000548076 0.000528178 0.000506189 0.000482591 0.000457835 0.000432334 0.00040646 0.000380541 0.000354863 0.000329668 0.00030516 0.000281503 0.000258825 0.000237226 0.000216773 0.000197509 0.000179457 0.000162618 0.000146979 0.000132514 0.000119187 0.000106952 9.57589e-05 8.55519e-05 7.62731e-05 6.78631e-05 6.02621e-05 5.34108e-05 4.72511e-05 4.17271e-05 3.67848e-05 3.23731e-05 2.84438e-05 2.49515e-05 2.1854e-05 1.91121e-05 1.66895e-05 1.45531e-05 1.26724e-05 1.10197e-05 9.56971e-06 8.29974e-06 7.18916e-06 6.21946e-06 5.37404e-06 4.63803e-06 3.99819e-06 3.44271e-06 2.96112e-06 2.54414e-06 2.18355e-06 1.87212e-06 1.60347e-06 1.372e-06 1.1728e-06 1.00155e-06 8.54508e-07 7.2838e-07 6.20307e-07 5.278e-07 4.48697e-07 3.81123e-07 3.23453e-07 2.74284e-07 2.324e-07 1.96755e-07 1.66447e-07 1.40699e-07 1.18844e-07 1.00309e-07 8.4603e-08 7.13048e-08 6.00543e-08 5.05437e-08 4.25101e-08 3.57292e-08 3.00101e-08 2.51899e-08 2.11303e-08
1.81954e-05 4.01311e-05 6.86477e-05 0.000102929 0.000141884 0.00018425 0.000228684 0.000273842 0.000318443 0.000361323 0.000401464 0.000438024 0.000470339 0.000497929 0.000520491 0.000537881 0.000550102 0.000557283 0.000559654 0.000557531 0.000551292 0.000541359 0.000528178 0.00051221 0.000493913 0.000473733 0.000452094 0.000429394 0.000405999 0.000382239 0.00035841 0.000334767 0.000311532 0.000288889 0.000266989 0.000245955 0.000225877 0.000206823 0.000188837 0.000171942 0.000156146 0.00014144 0.000127805 0.000115211 0.00010362 9.29898e-05 8.32713e-05 7.44139e-05 6.63652e-05 5.90719e-05 5.24809e-05 4.65398e-05 4.11979e-05 3.64061e-05 3.21175e-05 2.82878e-05 2.48751e-05 2.18402e-05 1.91467e-05 1.67606e-05 1.46509e-05 1.27888e-05 1.11482e-05 9.70505e-06 8.43775e-06 7.32661e-06 6.3539e-06 5.50364e-06 4.76151e-06 4.11466e-06 3.55165e-06 3.06227e-06 2.63745e-06 2.26914e-06 1.95023e-06 1.67442e-06 1.43618e-06 1.23062e-06 1.05347e-06 9.0097e-07 7.69829e-07 6.57178e-07 5.60511e-07 4.77643e-07 4.06677e-07 3.45961e-07 2.94066e-07 2.49751e-07 2.11944e-07 1.79719e-07 1.52275e-07 1.28923e-07 1.09071e-07 9.22078e-08 7.78951e-08 6.57571e-08 5.54715e-08 4.67624e-08 3.93938e-08 3.31641e-08 2.79011e-08
1.38109e-05 3.13296e-05 5.46811e-05 8.33582e-05 0.00011658 0.000153369 0.000192635 0.000233237 0.000274047 0.000314004 0.000352144 0.000387633 0.000419781 0.000448049 0.000472052 0.000491549 0.000506436 0.000516728 0.000522546 0.000524097 0.000521661 0.000515569 0.000506189 0.000493913 0.000479145 0.000462286 0.000443728 0.000423845 0.000402991 0.000381489 0.000359636 0.000337694 0.000315895 0.00029444 0.000273497 0.000253206 0.00023368 0.000215005 0.000197245 0.000180446 0.000164631 0.000149812 0.000135985 0.000123135 0.000111238 0.000100263 9.01739e-05 8.09277e-05 7.24805e-05 6.47858e-05 5.77961e-05 5.1464e-05 4.57421e-05 4.05846e-05 3.59466e-05 3.17854e-05 2.80601e-05 2.47322e-05 2.17653e-05 1.91255e-05 1.67813e-05 1.47032e-05 1.28646e-05 1.12405e-05 9.80836e-06 8.54758e-06 7.43939e-06 6.46684e-06 5.61461e-06 4.8689e-06 4.21732e-06 3.64879e-06 3.15338e-06 2.72227e-06 2.34758e-06 2.02235e-06 1.74039e-06 1.49623e-06 1.28506e-06 1.10262e-06 9.45187e-07 8.09477e-07 6.92618e-07 5.92098e-07 5.0572e-07 4.3157e-07 3.67979e-07 3.13495e-07 2.6686e-07 2.26978e-07 1.92904e-07 1.63817e-07 1.39009e-07 1.17869e-07 9.98695e-08 8.45569e-08 7.15407e-08 6.04853e-08 5.11027e-08 4.31459e-08 3.64034e-08
1.0483e-05 2.44396e-05 4.3501e-05 6.73973e-05 9.55987e-05 0.000127375 0.000161859 0.000198104 0.000235138 0.000272013 0.000307839 0.000341816 0.000373255 0.000401588 0.000426376 0.000447307 0.000464192 0.000476954 0.000485618 0.000490298 0.000491182 0.000488515 0.000482591 0.000473733 0.000462286 0.000448604 0.000433041 0.000415943 0.000397641 0.000378448 0.000358654 0.000338523 0.00031829 0.000298166 0.000278331 0.000258941 0.000240123 0.000221982 0.000204601 0.00018804 0.000172343 0.000157537 0.000143633 0.000130632 0.000118524 0.00010729 9.6903e-05 8.73322e-05 7.85416e-05 7.04921e-05 6.31427e-05 5.64512e-05 5.0375e-05 4.48715e-05 3.98991e-05 3.5417e-05 3.13861e-05 2.77689e-05 2.45298e-05 2.16352e-05 1.90536e-05 1.67555e-05 1.47135e-05 1.29024e-05 1.12989e-05 9.88144e-06 8.63061e-06 7.52855e-06 6.55907e-06 5.70749e-06 4.96058e-06 4.30639e-06 3.73423e-06 3.23447e-06 2.79854e-06 2.41877e-06 2.08835e-06 1.80121e-06 1.55198e-06 1.33592e-06 1.14882e-06 9.8698e-07 8.4715e-07 7.26463e-07 6.22408e-07 5.32786e-07 4.55672e-07 3.89387e-07 3.32464e-07 2.83629e-07 2.41771e-07 2.05926e-07 1.75257e-07 1.49041e-07 1.26651e-07 1.07543e-07 9.12515e-08 7.73718e-08 6.55564e-08 5.55065e-08 4.69647e-08
7.95698e-06 1.90509e-05 3.45654e-05 5.44075e-05 7.82476e-05 0.000105561 0.000135677 0.000167826 0.000201186 0.000234929 0.000268249 0.0003004 0.000330713 0.000358616 0.000383639 0.000405422 0.000423712 0.00043836 0.000449311 0.000456598 0.000460326 0.000460665 0.000457835 0.000452094 0.000443728 0.000433041 0.000420346 0.000405955 0.000390175 0.0003733 0.000355609 0.000337359 0.000318786 0.000300105 0.000281504 0.000263147 0.000245176 0.00022771 0.000210845 0.000194657 0.000179207 0.000164534 0.000150668 0.000137622 0.000125398 0.000113991 0.000103384 9.35572e-05 8.4483e-05 7.61305e-05 6.84655e-05 6.14519e-05 5.50519e-05 4.92275e-05 4.39402e-05 3.91524e-05 3.4827e-05 3.09282e-05 2.74216e-05 2.42744e-05 2.14555e-05 1.89356e-05 1.66874e-05 1.46851e-05 1.29052e-05 1.13256e-05 9.92612e-06 8.68833e-06 7.59525e-06 6.63146e-06 5.78295e-06 5.03702e-06 4.3822e-06 3.80817e-06 3.30564e-06 2.8663e-06 2.48268e-06 2.14814e-06 1.85677e-06 1.6033e-06 1.38306e-06 1.19192e-06 1.02621e-06 8.82707e-07 7.58575e-07 6.51311e-07 5.58717e-07 4.78869e-07 4.1008e-07 3.50876e-07 2.99972e-07 2.56243e-07 2.18714e-07 1.86534e-07 1.58965e-07 1.35368e-07 1.15186e-07 9.79415e-08 8.32177e-08 7.06568e-08 5.99494e-08
6.03963e-06 1.48402e-05 2.74341e-05 4.38565e-05 6.39326e-05 8.73059e-05 0.000113474 0.000141825 0.000171679 0.000202324 0.000233046 0.000263162 0.000292042 0.000319125 0.000343931 0.000366072 0.00038525 0.000401261 0.000413987 0.00042339 0.000429507 0.000432438 0.000432334 0.000429394 0.000423845 0.000415943 0.000405955 0.00039416 0.000380833 0.000366246 0.000350663 0.00033433 0.000317479 0.000300323 0.000283052 0.000265839 0.000248833 0.000232162 0.000215937 0.000200246 0.000185162 0.000170739 0.00015702 0.000144031 0.000131788 0.000120294 0.000109548 9.9536e-05 9.02416e-05 8.16418e-05 7.37097e-05 6.64154e-05 5.9727e-05 5.36111e-05 4.80333e-05 4.29591e-05 3.83544e-05 3.41855e-05 3.04196e-05 2.70252e-05 2.39721e-05 2.12315e-05 1.87762e-05 1.65808e-05 1.46213e-05 1.28755e-05 1.13229e-05 9.94429e-06 8.72225e-06 7.64071e-06 6.68499e-06 5.84173e-06 5.09878e-06 4.44515e-06 3.8709e-06 3.36708e-06 2.92563e-06 2.53934e-06 2.20173e-06 1.90704e-06 1.65013e-06 1.42641e-06 1.23182e-06 1.06275e-06 9.16034e-07 7.88841e-07 6.78694e-07 5.83407e-07 5.01059e-07 4.29965e-07 3.68645e-07 3.15809e-07 2.70323e-07 2.31203e-07 1.97588e-07 1.68728e-07 1.43973e-07 1.22758e-07 1.04591e-07 8.90472e-08 7.57589e-08
4.5843e-06 1.15526e-05 2.17508e-05 3.53021e-05 5.2149e-05 7.20695e-05 9.47018e-05 0.000119573 0.000146131 0.000173775 0.000201884 0.000229846 0.000257078 0.000283044 0.000307272 0.000329359 0.000348983 0.000365897 0.000379934 0.000391002 0.000399078 0.0004042 0.00040646 0.000405999 0.000402991 0.000397641 0.000390175 0.000380833 0.000369858 0.000357499 0.000343996 0.000329585 0.000314486 0.000298906 0.000283038 0.000267053 0.000251107 0.000235336 0.000219858 0.000204774 0.000190165 0.000176101 0.000162633 0.0001498 0.000137629 0.000126137 0.00011533 0.000105206 9.57573e-05 8.69688e-05 7.88214e-05 7.12919e-05 6.43544e-05 5.79804e-05 5.21402e-05 4.68032e-05 4.19382e-05 3.75142e-05 3.35007e-05 2.98677e-05 2.65862e-05 2.36286e-05 2.09681e-05 1.85796e-05 1.64395e-05 1.45253e-05 1.28163e-05 1.12931e-05 9.93783e-06 8.73393e-06 7.66618e-06 6.72065e-06 5.88462e-06 5.14648e-06 4.49571e-06 3.92277e-06 3.41902e-06 2.97671e-06 2.58885e-06 2.24915e-06 1.95202e-06 1.69242e-06 1.46589e-06 1.26844e-06 1.09654e-06 9.47042e-07 8.1717e-07 7.04468e-07 6.06767e-07 5.22158e-07 4.4896e-07 3.85695e-07 3.31069e-07 2.83947e-07 2.43335e-07 2.08366e-07 1.78283e-07 1.52425e-07 1.30219e-07 1.11166e-07 9.48302e-08
3.47965e-06 8.98766e-06 1.72272e-05 2.83786e-05 4.24698e-05 5.93841e-05 7.88753e-05 0.000100589 0.000124087 0.000148873 0.000174415 0.000200173 0.00022562 0.000250255 0.000273623 0.000295324 0.000315019 0.000332438 0.000347377 0.0003597 0.000369335 0.000376269 0.000380541 0.000382239 0.000381489 0.000378448 0.0003733 0.000366246 0.000357499 0.000347277 0.000335799 0.000323284 0.000309938 0.000295961 0.00028154 0.000266845 0.000252034 0.000237247 0.000222608 0.000208226 0.000194191 0.000180582 0.000167461 0.000154878 0.000142869 0.000131462 0.000120674 0.000110511 0.000100974 9.20576e-05 8.37492e-05 7.60328e-05 6.88884e-05 6.22933e-05 5.62224e-05 5.06493e-05 4.55466e-05 4.08861e-05 3.66398e-05 3.27799e-05 2.9279e-05 2.61106e-05 2.32492e-05 2.06701e-05 1.835e-05 1.6267e-05 1.44001e-05 1.273e-05 1.12384e-05 9.90861e-06 8.72491e-06 7.67295e-06 6.7395e-06 5.91247e-06 5.1808e-06 4.53441e-06 3.96416e-06 3.46177e-06 3.01974e-06 2.63134e-06 2.29049e-06 1.99173e-06 1.73019e-06 1.50149e-06 1.30176e-06 1.12751e-06 9.75668e-07 8.43493e-07 7.28561e-07 6.28726e-07 5.42095e-07 4.66997e-07 4.0196e-07 3.45692e-07 2.97056e-07 2.55055e-07 2.18819e-07 1.87584e-07 1.60683e-07 1.37535e-07 1.17634e-07
2.64118e-06 6.98807e-06 1.36312e-05 2.27842e-05 3.45349e-05 4.88469e-05 6.55674e-05 8.44413e-05 0.00010513 0.000127229 0.000150295 0.000173858 0.000197447 0.000220604 0.000242902 0.000263951 0.000283411 0.000300996 0.000316479 0.000329691 0.000340521 0.000348914 0.000354863 0.00035841 0.000359636 0.000358654 0.000355609 0.000350663 0.000343996 0.000335799 0.000326268 0.000315597 0.000303981 0.000291607 0.000278654 0.000265288 0.000251666 0.000237929 0.000224203 0.000210603 0.000197228 0.000184161 0.000171474 0.000159227 0.000147465 0.000136224 0.00012553 0.0001154 0.000105842 9.68585e-05 8.84447e-05 8.05914e-05 7.3285e-05 6.65083e-05 6.02414e-05 5.44623e-05 4.91473e-05 4.42719e-05 3.98108e-05 3.57385e-05 3.20298e-05 2.86597e-05 2.56039e-05 2.28388e-05 2.03418e-05 1.80913e-05 1.60667e-05 1.42487e-05 1.26192e-05 1.1161e-05 9.85846e-06 8.69675e-06 7.6623e-06 6.7426e-06 5.92615e-06 5.20242e-06 4.56179e-06 3.99552e-06 3.49565e-06 3.05498e-06 2.667e-06 2.32586e-06 2.02626e-06 1.76346e-06 1.53323e-06 1.33175e-06 1.15564e-06 1.00187e-06 8.67762e-07 7.50918e-07 6.49226e-07 5.60812e-07 4.84018e-07 4.17385e-07 3.59623e-07 3.096e-07 2.66318e-07 2.28904e-07 1.96592e-07 1.6871e-07 1.44672e-07
2.00475e-06 5.43028e-06 1.07759e-05 1.82706e-05 2.80422e-05 4.01134e-05 5.44049e-05 7.07436e-05 8.88756e-05 0.000108481 0.000129193 0.000150611 0.000172322 0.000193915 0.000214993 0.000235187 0.000254163 0.000271632 0.000287352 0.000301131 0.000312829 0.000322356 0.000329668 0.000334767 0.000337694 0.000338523 0.000337359 0.00033433 0.000329585 0.000323284 0.000315597 0.0003067 0.000296768 0.000285975 0.000274489 0.00026247 0.00025007 0.000237429 0.000224674 0.000211923 0.000199278 0.000186829 0.000174655 0.000162822 0.000151384 0.000140384 0.000129858 0.00011983 0.000110316 0.000101326 9.28632e-05 8.49243e-05 7.75022e-05 7.05855e-05 6.41595e-05 5.82068e-05 5.27079e-05 4.76418e-05 4.29865e-05 3.87192e-05 3.48169e-05 3.12566e-05 2.80154e-05 2.50711e-05 2.24021e-05 1.99873e-05 1.78069e-05 1.58418e-05 1.40739e-05 1.24863e-05 1.1063e-05 9.78916e-06 8.65095e-06 7.63552e-06 6.73102e-06 5.92654e-06 5.21208e-06 4.57845e-06 4.01731e-06 3.52103e-06 3.0827e-06 2.69605e-06 2.35542e-06 2.05571e-06 1.79233e-06 1.56113e-06 1.35843e-06 1.18092e-06 1.02564e-06 8.89945e-07 7.71503e-07 6.68225e-07 5.78263e-07 4.99978e-07 4.31923e-07 3.72818e-07 3.21536e-07 2.77082e-07 2.38583e-07 2.05271e-07 1.76474e-07
1.52168e-06 4.21748e-06 8.51116e-06 1.46343e-05 2.27389e-05 3.28897e-05 4.50639e-05 5.91547e-05 7.49795e-05 9.22916e-05 0.000110793 0.00013015 0.000150005 0.000169993 0.000189754 0.000208943 0.000227242 0.000244364 0.000260062 0.00027413 0.000286406 0.000296774 0.00030516 0.000311532 0.000315895 0.00031829 0.000318786 0.000317479 0.000314486 0.000309938 0.000303981 0.000296768 0.000288456 0.000279202 0.000269163 0.00025849 0.000247326 0.00023581 0.000224067 0.000212215 0.000200358 0.000188591 0.000176997 0.000165647 0.000154603 0.000143915 0.000133625 0.000123765 0.000114358 0.000105421 9.69645e-05 8.89914e-05 8.15008e-05 7.4487e-05 6.79405e-05 6.18486e-05 5.61961e-05 5.0966e-05 4.61395e-05 4.16968e-05 3.76175e-05 3.38807e-05 3.04655e-05 2.7351e-05 2.45169e-05 2.19431e-05 1.96104e-05 1.75004e-05 1.55952e-05 1.38783e-05 1.23336e-05 1.09463e-05 9.70245e-06 8.589e-06 7.59385e-06 6.70581e-06 5.91453e-06 5.21051e-06 4.585e-06 4.03003e-06 3.53831e-06 3.10321e-06 2.71872e-06 2.37936e-06 2.08023e-06 1.81686e-06 1.58526e-06 1.38184e-06 1.20337e-06 1.04695e-06 9.10029e-07 7.90291e-07 6.85693e-07 5.94415e-07 5.1484e-07 4.45537e-07 3.8524e-07 3.32827e-07 2.87311e-07 2.47821e-07 2.1359e-07
