0.381053 0.0717132 0.0364293 0.0201151 0.0113036 0.00628509 0.00342935 0.00183601 0.000966919 0.000502362 0.000258149 0.000131477 6.64746e-05 3.34068e-05 1.67035e-05 8.3158e-06 4.12464e-06 2.03922e-06 1.00533e-06 4.94379e-07 2.4257e-07 1.18778e-07 5.80554e-08 2.83288e-08 1.38023e-08 6.71519e-09 3.26248e-09 1.58222e-09 7.6456e-10 3.65081e-10 1.76662e-10
0.0717132 0.018683 0.00922305 0.00438679 0.00202712 0.000922692 0.00041755 0.000188829 8.55511e-05 3.88704e-05 1.77156e-05 8.09814e-06 3.71189e-06 1.70552e-06 7.85304e-07 3.62266e-07 1.67388e-07 7.74532e-08 3.58839e-08 1.66434e-08 7.72698e-09 3.59053e-09 1.66973e-09 7.77026e-10 3.61815e-10 1.6855e-10 7.85176e-11 3.6515e-11 1.68422e-11 7.50621e-12 3.50679e-12
0.0364293 0.00922305 0.00377326 0.00161903 0.00070651 0.000310994 0.00013786 6.15196e-05 2.7624e-05 1.24735e-05 5.65995e-06 2.57901e-06 1.17934e-06 5.40922e-07 2.48737e-07 1.14629e-07 5.2925e-08 2.44753e-08 1.13345e-08 5.25542e-09 2.43937e-09 1.13334e-09 5.26991e-10 2.45225e-10 1.14178e-10 5.31772e-11 2.47491e-11 1.14677e-11 5.21783e-12 2.41707e-12 1.12942e-12
0.0201151 0.00438679 0.00161903 0.000646942 0.000269796 0.000115394 5.02054e-05 2.21234e-05 9.84681e-06 4.41793e-06 1.99508e-06 9.05723e-07 4.12964e-07 1.88966e-07 8.67261e-08 3.99028e-08 1.83983e-08 8.49847e-09 3.9317e-09 1.82141e-09 8.44786e-10 3.92225e-10 1.82271e-10 8.47683e-11 3.94446e-11 1.83535e-11 8.52208e-12 3.92061e-12 1.82303e-12 8.44407e-13 3.94469e-13
0.0113036 0.00202712 0.00070651 0.000269796 0.000109004 4.56361e-05 1.95687e-05 8.53576e-06 3.77113e-06 1.68255e-06 7.56499e-07 3.42226e-07 1.55584e-07 7.10177e-08 3.25249e-08 1.49373e-08 6.87614e-09 3.17163e-09 1.46543e-09 6.7809e-10 3.14174e-10 1.45727e-10 6.76602e-11 3.1439e-11 1.46146e-11 6.78895e-12 3.14014e-12 1.46071e-12 6.79019e-13 3.1442e-13 1.46809e-13
0.00628509 0.000922692 0.000310994 0.000115394 4.56361e-05 1.88199e-05 7.98433e-06 3.45583e-06 1.51789e-06 6.74127e-07 3.01968e-07 1.36178e-07 6.1744e-08 2.8118e-08 1.2851e-08 5.89106e-09 2.70736e-09 1.2469e-09 5.75327e-10 2.65883e-10 1.23046e-10 5.70122e-11 2.64432e-11 1.22741e-11 5.6981e-12 2.6409e-12 1.22773e-12 5.70841e-13 2.65237e-13 1.22767e-13 5.72863e-14
0.00342935 0.00041755 0.00013786 5.02054e-05 1.95687e-05 7.98433e-06 3.36096e-06 1.44617e-06 6.32269e-07 2.79749e-07 1.24914e-07 5.61783e-08 2.54104e-08 1.1547e-08 5.26722e-09 2.41032e-09 1.10593e-09 5.08596e-10 2.34351e-10 1.08167e-10 4.99989e-11 2.31409e-11 1.07215e-11 4.97074e-12 2.30399e-12 1.06993e-12 4.97096e-13 2.30994e-13 1.0727e-13 4.96281e-14 2.3142e-14
0.00183601 0.000188829 6.15196e-05 2.21234e-05 8.53576e-06 3.45583e-06 1.44617e-06 6.19402e-07 2.69791e-07 1.18993e-07 5.29879e-08 2.3773e-08 1.07296e-08 4.86617e-09 2.21575e-09 1.01228e-09 4.63761e-10 2.12974e-10 9.8006e-11 4.51805e-11 2.08603e-11 9.64417e-12 4.46336e-12 2.06676e-12 9.58381e-13 4.44736e-13 2.06489e-13 9.58925e-14 4.45053e-14 2.05804e-14 9.5903e-15
0.000966919 8.55511e-05 2.7624e-05 9.84681e-06 3.77113e-06 1.51789e-06 6.32269e-07 2.69791e-07 1.17142e-07 5.15257e-08 2.28892e-08 1.0247e-08 4.6157e-09 2.08957e-09 9.49879e-10 4.33289e-10 1.98223e-10 9.091e-11 4.1783e-11 1.92396e-11 8.87337e-12 4.09798e-12 1.89449e-12 8.76991e-13 4.06355e-13 1.88431e-13 8.74284e-14 4.05755e-14 1.88208e-14 8.69915e-15 4.05108e-15
0.000502362 3.88704e-05 1.24735e-05 4.41793e-06 1.68255e-06 6.74127e-07 2.79749e-07 1.18993e-07 5.15257e-08 2.26093e-08 1.00219e-08 4.47773e-09 2.01333e-09 9.09932e-10 4.13e-10 1.88121e-10 8.59478e-11 3.93687e-11 1.80732e-11 8.3129e-12 3.82993e-12 1.76696e-12 8.16356e-13 3.77597e-13 1.74826e-13 8.10109e-14 3.75622e-14 1.74217e-14 8.07641e-15 3.73131e-15 1.73654e-15
0.000258149 1.77156e-05 5.65995e-06 1.99508e-06 7.56499e-07 3.01968e-07 1.24914e-07 5.29879e-08 2.28892e-08 1.00219e-08 4.43361e-09 1.97732e-09 8.87584e-10 4.00527e-10 1.8153e-10 8.25764e-11 3.768e-11 1.72394e-11 7.90547e-12 3.63242e-12 1.67187e-12 7.7073e-13 3.55789e-13 1.64437e-13 7.60778e-14 3.52284e-14 1.63238e-14 7.56656e-15 3.5058e-15 1.61898e-15 7.53023e-16
0.000131477 8.09814e-06 2.57901e-06 9.05723e-07 3.42226e-07 1.36178e-07 5.61783e-08 2.3773e-08 1.0247e-08 4.47773e-09 1.97732e-09 8.80385e-10 3.94577e-10 1.77799e-10 8.0476e-11 3.65621e-11 1.6664e-11 7.61576e-12 3.48876e-12 1.60145e-12 7.3647e-13 3.39225e-13 1.56471e-13 7.22628e-14 3.34092e-14 1.54601e-14 7.1593e-15 3.31663e-15 1.53588e-15 7.0898e-16 3.29576e-16
6.64746e-05 3.71189e-06 1.17934e-06 4.12964e-07 1.55584e-07 6.1744e-08 2.54104e-08 1.07296e-08 4.6157e-09 2.01333e-09 8.87584e-10 3.94577e-10 1.7659e-10 7.94665e-11 3.59234e-11 1.63018e-11 7.42179e-12 3.38841e-12 1.55072e-12 7.11207e-13 3.26789e-13 1.50402e-13 6.93217e-14 3.19921e-14 1.47809e-14 6.83556e-15 3.16354e-15 1.46474e-15 6.77959e-16 3.12829e-16 1.45344e-16
3.34068e-05 1.70552e-06 5.40922e-07 1.88966e-07 7.10177e-08 2.8118e-08 1.1547e-08 4.86617e-09 2.08957e-09 9.09932e-10 4.00527e-10 1.77799e-10 7.94665e-11 3.57156e-11 1.61267e-11 7.31018e-12 3.32472e-12 1.51643e-12 6.93383e-13 3.17737e-13 1.45878e-13 6.70884e-14 3.08996e-14 1.42505e-14 6.5798e-15 3.04105e-15 1.40662e-15 6.5093e-16 3.01141e-16 1.38903e-16 6.45032e-17
1.67035e-05 7.85304e-07 2.48737e-07 8.67261e-08 3.25249e-08 1.2851e-08 5.26722e-09 2.21575e-09 9.49879e-10 4.13e-10 1.8153e-10 8.0476e-11 3.59234e-11 1.61267e-11 7.27373e-12 3.29378e-12 1.49659e-12 6.81996e-13 3.11575e-13 1.42662e-13 6.5449e-14 3.00779e-14 1.38439e-14 6.38054e-15 2.94425e-15 1.35999e-15 6.28717e-16 2.908e-16 1.34472e-16 6.20035e-17 2.87791e-17
8.3158e-06 3.62266e-07 1.14629e-07 3.99028e-08 1.49373e-08 5.89106e-09 2.41032e-09 1.01228e-09 4.33289e-10 1.88121e-10 8.25764e-11 3.65621e-11 1.63018e-11 7.31018e-12 3.29378e-12 1.49009e-12 6.76443e-13 3.07993e-13 1.40596e-13 6.43265e-14 2.94899e-14 1.35432e-14 6.2295e-15 2.86938e-15 1.32329e-15 6.10912e-16 2.82275e-16 1.30498e-16 6.03184e-17 2.78027e-17 1.28988e-17
4.12464e-06 1.67388e-07 5.2925e-08 1.83983e-08 6.87614e-09 2.70736e-09 1.10593e-09 4.63761e-10 1.98223e-10 8.59478e-11 3.768e-11 1.6664e-11 7.42179e-12 3.32472e-12 1.49659e-12 6.76443e-13 3.06818e-13 1.39586e-13 6.36715e-14 2.91105e-14 1.33364e-14 6.12079e-15 2.81367e-15 1.29526e-15 5.97011e-16 2.75474e-16 1.27222e-16 5.87884e-17 2.71617e-17 1.25156e-17 5.80394e-18
2.03922e-06 7.74532e-08 2.44753e-08 8.49847e-09 3.17163e-09 1.2469e-09 5.08596e-10 2.12974e-10 9.091e-11 3.93687e-11 1.72394e-11 7.61576e-12 3.38841e-12 1.51643e-12 6.81996e-13 3.07993e-13 1.39586e-13 6.34562e-14 2.89245e-14 1.32153e-14 6.05039e-15 2.77516e-15 1.27497e-15 5.86602e-16 2.70236e-16 1.24631e-16 5.7531e-17 2.6573e-17 1.22725e-17 5.65315e-18 2.62047e-18
1.00533e-06 3.58839e-08 1.13345e-08 3.9317e-09 1.46543e-09 5.75327e-10 2.34351e-10 9.8006e-11 4.1783e-11 1.80732e-11 7.90547e-12 3.48876e-12 1.55072e-12 6.93383e-13 3.11575e-13 1.40596e-13 6.36715e-14 2.89245e-14 1.31754e-14 6.01579e-15 2.75255e-15 1.26179e-15 5.79375e-16 2.66425e-16 1.22675e-16 5.65499e-17 2.60924e-17 1.20467e-17 5.56153e-18 2.56108e-18 1.18669e-18
4.94379e-07 1.66434e-08 5.25542e-09 1.82141e-09 6.7809e-10 2.65883e-10 1.08167e-10 4.51805e-11 1.92396e-11 8.3129e-12 3.63242e-12 1.60145e-12 7.11207e-13 3.17737e-13 1.42662e-13 6.43265e-14 2.91105e-14 1.32153e-14 6.01579e-15 2.74509e-15 1.2553e-15 5.7512e-16 2.63938e-16 1.21311e-16 5.58308e-17 2.57248e-17 1.18644e-17 5.47555e-18 2.52693e-18 1.16331e-18 5.38821e-19
2.4257e-07 7.72698e-09 2.43937e-09 8.44786e-10 3.14174e-10 1.23046e-10 4.99989e-11 2.08603e-11 8.87337e-12 3.82993e-12 1.67187e-12 7.3647e-13 3.26789e-13 1.45878e-13 6.5449e-14 2.94899e-14 1.33364e-14 6.05039e-15 2.75255e-15 1.2553e-15 5.73716e-16 2.62712e-16 1.20505e-16 5.53597e-17 2.54665e-17 1.1729e-17 5.40723e-18 2.49452e-18 1.1508e-18 5.29643e-19 2.45229e-19
1.18778e-07 3.59053e-09 1.13334e-09 3.92225e-10 1.45727e-10 5.70122e-11 2.31409e-11 9.64417e-12 4.09798e-12 1.76696e-12 7.7073e-13 3.39225e-13 1.50402e-13 6.70884e-14 3.00779e-14 1.35432e-14 6.12079e-15 2.77516e-15 1.26179e-15 5.7512e-16 2.62712e-16 1.20239e-16 5.51266e-17 2.53134e-17 1.16396e-17 5.35854e-18 2.4694e-18 1.13879e-18 5.25179e-19 2.41644e-19 1.11843e-19
5.80554e-08 1.66973e-09 5.26991e-10 1.82271e-10 6.76602e-11 2.64432e-11 1.07215e-11 4.46336e-12 1.89449e-12 8.16356e-13 3.55789e-13 1.56471e-13 6.93217e-14 3.08996e-14 1.38439e-14 6.2295e-15 2.81367e-15 1.27497e-15 5.79375e-16 2.63938e-16 1.20505e-16 5.51266e-17 2.52627e-17 1.15952e-17 5.32947e-18 2.45256e-18 1.1298e-18 5.2083e-19 2.40116e-19 1.10453e-19 5.11052e-20
2.83288e-08 7.77026e-10 2.45225e-10 8.47683e-11 3.1439e-11 1.22741e-11 4.97074e-12 2.06676e-12 8.76991e-13 3.77597e-13 1.64437e-13 7.22628e-14 3.19921e-14 1.42505e-14 6.38054e-15 2.86938e-15 1.29526e-15 5.86602e-16 2.66425e-16 1.21311e-16 5.53597e-17 2.53134e-17 1.15952e-17 5.31982e-18 2.44415e-18 1.12434e-18 5.17749e-19 2.38598e-19 1.09965e-19 5.05716e-20 2.33912e-20
1.38023e-08 3.61815e-10 1.14178e-10 3.94446e-11 1.46146e-11 5.6981e-12 2.30399e-12 9.58381e-13 4.06355e-13 1.74826e-13 7.60778e-14 3.34092e-14 1.47809e-14 6.5798e-15 2.94425e-15 1.32329e-15 5.97011e-16 2.70236e-16 1.22675e-16 5.58308e-17 2.54665e-17 1.16396e-17 5.32947e-18 2.44415e-18 1.12252e-18 5.16183e-19 2.37615e-19 1.09466e-19 5.04357e-20 2.31892e-20 1.07225e-20
6.71519e-09 1.6855e-10 5.31772e-11 1.83535e-11 6.78895e-12 2.6409e-12 1.06993e-12 4.44736e-13 1.88431e-13 8.10109e-14 3.52284e-14 1.54601e-14 6.83556e-15 3.04105e-15 1.35999e-15 6.10912e-16 2.75474e-16 1.24631e-16 5.65499e-17 2.57248e-17 1.1729e-17 5.35854e-18 2.45256e-18 1.12434e-18 5.16183e-19 2.3728e-19 1.09191e-19 5.02871e-20 2.31627e-20 1.06473e-20 4.92174e-21
3.26248e-09 7.85176e-11 2.47491e-11 8.52208e-12 3.14014e-12 1.22773e-12 4.97096e-13 2.06489e-13 8.74284e-14 3.75622e-14 1.63238e-14 7.1593e-15 3.16354e-15 1.40662e-15 6.28717e-16 2.82275e-16 1.27222e-16 5.7531e-17 2.60924e-17 1.18644e-17 5.40723e-18 2.4694e-18 1.1298e-18 5.17749e-19 2.37615e-19 1.09191e-19 5.02314e-20 2.31267e-20 1.06495e-20 4.89423e-21 2.26172e-21
1.58222e-09 3.6515e-11 1.14677e-11 3.92061e-12 1.46071e-12 5.70841e-13 2.30994e-13 9.58925e-14 4.05755e-14 1.74217e-14 7.56656e-15 3.31663e-15 1.46474e-15 6.5093e-16 2.908e-16 1.30498e-16 5.87884e-17 2.6573e-17 1.20467e-17 5.47555e-18 2.49452e-18 1.13879e-18 5.2083e-19 2.38598e-19 1.09466e-19 5.02871e-20 2.31267e-20 1.06446e-20 4.90038e-21 2.25164e-21 1.04024e-21
7.6456e-10 1.68422e-11 5.21783e-12 1.82303e-12 6.79019e-13 2.65237e-13 1.0727e-13 4.45053e-14 1.88208e-14 8.07641e-15 3.5058e-15 1.53588e-15 6.77959e-16 3.01141e-16 1.34472e-16 6.03184e-17 2.71617e-17 1.22725e-17 5.56153e-18 2.52693e-18 1.1508e-18 5.25179e-19 2.40116e-19 1.09965e-19 5.04357e-20 2.31627e-20 1.06495e-20 4.90038e-21 2.25543e-21 1.03613e-21 4.78567e-22
3.65081e-10 7.50621e-12 2.41707e-12 8.44407e-13 3.1442e-13 1.22767e-13 4.96281e-14 2.05804e-14 8.69915e-15 3.73131e-15 1.61898e-15 7.0898e-16 3.12829e-16 1.38903e-16 6.20035e-17 2.78027e-17 1.25156e-17 5.65315e-18 2.56108e-18 1.16331e-18 5.29643e-19 2.41644e-19 1.10453e-19 5.05716e-20 2.31892e-20 1.06473e-20 4.89423e-21 2.25164e-21 1.03613e-21 4.75925e-22 2.19776e-22
1.76662e-10 3.50679e-12 1.12942e-12 3.94469e-13 1.46809e-13 5.72863e-14 2.3142e-14 9.5903e-15 4.05108e-15 1.73654e-15 7.53023e-16 3.29576e-16 1.45344e-16 6.45032e-17 2.87791e-17 1.28988e-17 5.80394e-18 2.62047e-18 1.18669e-18 5.38821e-19 2.45229e-19 1.11843e-19 5.11052e-20 2.33912e-20 1.07225e-20 4.92174e-21 2.26172e-21 1.04024e-21 4.78567e-22 2.19776e-22 1.01463e-22
