0.470372 0.0762851 0.0400259 0.0210011 0.011019 0.00578153 0.0030335 0.00159164 0.000835113 0.000438173 0.000229904 0.000120628 6.32919e-05 3.32084e-05 1.74241e-05 9.14219e-06 4.79679e-06 2.51682e-06 1.32054e-06 6.92872e-07 3.63541e-07 1.90746e-07 1.00082e-07 5.25117e-08 2.75522e-08 1.44563e-08 7.58504e-09 3.97978e-09 2.08814e-09 1.09562e-09 5.74858e-10 3.01621e-10 1.58257e-10 8.30353e-11 4.35676e-11 2.28594e-11 1.1994e-11 6.29312e-12 3.30192e-12 1.73248e-12 9.09009e-13 4.76945e-13 2.50247e-13 1.31302e-13 6.88923e-14 3.61469e-14 1.89658e-14 9.95114e-15 5.22124e-15 2.73952e-15 1.43739e-15 7.54181e-16 3.9571e-16 2.07624e-16 1.08938e-16 5.71582e-17 2.99902e-17 1.57355e-17 8.25621e-18 4.33193e-18 2.27291e-18 1.19257e-18 6.25725e-19 3.2831e-19 1.7226e-19 9.03828e-20 4.74227e-20 2.48821e-20 1.30553e-20 6.84997e-21 3.59409e-21 1.88578e-21 9.89443e-22 5.19149e-22 2.72391e-22 1.4292e-22 7.49884e-23 3.93455e-23 2.06441e-23 1.08317e-23 5.68325e-24 2.98193e-24 1.56458e-24 8.20916e-25 4.30724e-25 2.25996e-25 1.18577e-25 6.22159e-26 3.26439e-26 1.71279e-26 8.98677e-27 4.71525e-27 2.47403e-27 1.29809e-27 6.81093e-28 3.57361e-28 1.87503e-28 9.83805e-29 5.1619e-29 2.70838e-29 1.42106e-29
0.0762851 0.0309125 0.0185562 0.0109623 0.00639507 0.00369295 0.00211474 0.0012025 0.000679692 0.000382207 0.000213962 0.000119305 6.62931e-05 3.67219e-05 2.02848e-05 1.11769e-05 6.14442e-06 3.37084e-06 1.84573e-06 1.00888e-06 5.50572e-07 3.00014e-07 1.63257e-07 8.87245e-08 4.81612e-08 2.61135e-08 1.41443e-08 7.65367e-09 4.13769e-09 2.23496e-09 1.20622e-09 6.50496e-10 3.50546e-10 1.88775e-10 1.01591e-10 5.46383e-11 2.93683e-11 1.57766e-11 8.47053e-12 4.54553e-12 2.43805e-12 1.30706e-12 7.00408e-13 3.75161e-13 2.00864e-13 1.07501e-13 5.75118e-14 3.07567e-14 1.64425e-14 8.7871e-15 4.6944e-15 2.50712e-15 1.33856e-15 7.14446e-16 3.81221e-16 2.03359e-16 1.08451e-16 5.78213e-17 3.08201e-17 1.64239e-17 8.75009e-18 4.66068e-18 2.48193e-18 1.32141e-18 7.03382e-19 3.74333e-19 1.99176e-19 1.05958e-19 5.6357e-20 2.99697e-20 1.59346e-20 8.47076e-21 4.50227e-21 2.39259e-21 1.27127e-21 6.75361e-22 3.58732e-22 1.90519e-22 1.01168e-22 5.3714e-23 2.85149e-23 1.51355e-23 8.03275e-24 4.26261e-24 2.26168e-24 1.19987e-24 6.3648e-25 3.37585e-25 1.79033e-25 9.49361e-26 5.03365e-26 2.66862e-26 1.41463e-26 7.4982e-27 3.97397e-27 2.10596e-27 1.11592e-27 5.91251e-28 3.13236e-28 1.65932e-28 8.78921e-29
0.0400259 0.0185562 0.0119092 0.00746032 0.00458766 0.00278008 0.00166472 0.000986991 0.000580278 0.000338707 0.000196466 0.000113332 6.50573e-05 3.71827e-05 2.11679e-05 1.20079e-05 6.78972e-06 3.82779e-06 2.1521e-06 1.20694e-06 6.75308e-07 3.77034e-07 2.10081e-07 1.16836e-07 6.48642e-08 3.59515e-08 1.98956e-08 1.09941e-08 6.0669e-09 3.34353e-09 1.84038e-09 1.01181e-09 5.55659e-10 3.04829e-10 1.67057e-10 9.14649e-11 5.00316e-11 2.73433e-11 1.49311e-11 8.1467e-12 4.44156e-12 2.41972e-12 1.3173e-12 7.16648e-13 3.89619e-13 2.11688e-13 1.14944e-13 6.23762e-14 3.38301e-14 1.83378e-14 9.93482e-15 5.37958e-15 2.91152e-15 1.575e-15 8.51604e-16 4.60254e-16 2.48638e-16 1.34261e-16 7.24692e-17 3.91005e-17 2.10883e-17 1.13693e-17 6.12727e-18 3.30098e-18 1.77774e-18 9.57072e-19 5.15083e-19 2.77121e-19 1.49048e-19 8.01395e-20 4.30763e-20 2.31475e-20 1.2435e-20 6.6783e-21 3.58565e-21 1.92467e-21 1.03283e-21 5.54108e-22 2.97202e-22 1.59369e-22 8.54384e-23 4.57933e-23 2.45387e-23 1.31464e-23 7.0415e-24 3.77079e-24 2.01887e-24 1.08068e-24 5.7836e-25 3.09467e-25 1.65557e-25 8.85519e-26 4.73553e-26 2.53198e-26 1.35356e-26 7.23461e-27 3.86616e-27 2.06572e-27 1.10355e-27 5.89445e-28 3.14792e-28
0.0210011 0.0109623 0.00746032 0.00491491 0.0031606 0.00199456 0.00123979 0.000761066 0.000462305 0.000278307 0.000166238 9.86185e-05 5.81502e-05 3.41027e-05 1.99025e-05 1.1564e-05 6.69203e-06 3.85841e-06 2.21711e-06 1.27002e-06 7.25391e-07 4.13204e-07 2.34783e-07 1.33091e-07 7.52788e-08 4.24911e-08 2.39375e-08 1.34604e-08 7.55586e-09 4.23442e-09 2.36932e-09 1.32376e-09 7.38555e-10 4.115e-10 2.28981e-10 1.27261e-10 7.06448e-11 3.91722e-11 2.16974e-11 1.20057e-11 6.63645e-12 3.66497e-12 2.02211e-12 1.1147e-12 6.13957e-13 3.37879e-13 1.85798e-13 1.02091e-13 5.60549e-14 3.07559e-14 1.68633e-14 9.23986e-15 5.05948e-15 2.76868e-15 1.51417e-15 8.27599e-16 4.5208e-16 2.46813e-16 1.34674e-16 7.34468e-17 4.00348e-17 2.18116e-17 1.18775e-17 6.46482e-18 3.51713e-18 1.91261e-18 1.03962e-18 5.64854e-19 3.06773e-19 1.66542e-19 9.03765e-20 4.90254e-20 2.65841e-20 1.441e-20 7.80813e-21 4.22939e-21 2.29012e-21 1.23964e-21 6.70789e-22 3.62858e-22 1.96224e-22 1.06079e-22 5.73297e-23 3.09742e-23 1.67299e-23 9.03364e-24 4.87654e-24 2.63173e-24 1.41989e-24 7.65867e-25 4.12991e-25 2.22647e-25 1.20001e-25 6.46621e-26 3.48344e-26 1.87614e-26 1.01024e-26 5.43852e-27 2.92714e-27 1.57511e-27 8.47389e-28
0.011019 0.00639507 0.00458766 0.0031606 0.00211415 0.0013825 0.000887885 0.000561851 0.000351155 0.000217161 0.000133073 8.08929e-05 4.88257e-05 2.92842e-05 1.74639e-05 1.03611e-05 6.11827e-06 3.59734e-06 2.10675e-06 1.2293e-06 7.14872e-07 4.1441e-07 2.39527e-07 1.38065e-07 7.93759e-08 4.55241e-08 2.60495e-08 1.48737e-08 8.47522e-09 4.81993e-09 2.7361e-09 1.55047e-09 8.77143e-10 4.95437e-10 2.79413e-10 1.57353e-10 8.84914e-11 4.96992e-11 2.78768e-11 1.56173e-11 8.73888e-12 4.88443e-12 2.72709e-12 1.521e-12 8.47456e-13 4.71717e-13 2.62323e-13 1.45745e-13 8.09039e-14 4.48718e-14 2.48667e-14 1.37694e-14 7.61863e-15 4.21222e-15 2.32717e-15 1.2848e-15 7.08835e-16 3.90808e-16 2.15328e-16 1.18566e-16 6.52462e-17 3.5883e-17 1.97228e-17 1.08343e-17 5.94831e-18 3.26401e-18 1.79011e-18 9.81261e-19 5.37616e-19 2.94406e-19 1.61144e-19 8.81611e-20 4.82106e-20 2.6352e-20 1.43978e-20 7.86307e-21 4.29247e-21 2.34231e-21 1.27764e-21 6.96631e-22 3.79691e-22 2.06869e-22 1.12668e-22 6.13405e-23 3.33843e-23 1.81629e-23 9.8783e-24 5.37074e-24 2.91907e-24 1.58604e-24 8.61486e-25 4.67787e-25 2.53931e-25 1.37802e-25 7.47595e-26 4.05465e-26 2.19846e-26 1.19169e-26 6.45784e-27 3.49862e-27 1.89492e-27
0.00578153 0.00369295 0.00278008 0.00199456 0.0013825 0.000933505 0.000617411 0.000401509 0.000257448 0.000163106 0.00010227 6.35449e-05 3.91678e-05 2.397e-05 1.4575e-05 8.81087e-06 5.29813e-06 3.17041e-06 1.88872e-06 1.12054e-06 6.6225e-07 3.90006e-07 2.28916e-07 1.33946e-07 7.8148e-08 4.54687e-08 2.63866e-08 1.52753e-08 8.82255e-09 5.08445e-09 2.92408e-09 1.67831e-09 9.61469e-10 5.49814e-10 3.13869e-10 1.78882e-10 1.01789e-10 5.7833e-11 3.28112e-11 1.85893e-11 1.05178e-11 5.94325e-12 3.35417e-12 1.89072e-12 1.06455e-12 5.98717e-13 3.36364e-13 1.88776e-13 1.05839e-13 5.92816e-14 3.3173e-14 1.85461e-14 1.03594e-14 5.78154e-15 3.22395e-15 1.79631e-15 1.00007e-15 5.56351e-16 3.09273e-16 1.71799e-16 9.53655e-17 5.2901e-17 2.93255e-17 1.62459e-17 8.99423e-18 4.9764e-18 2.75171e-18 1.52067e-18 8.39876e-19 4.63608e-19 2.55768e-19 1.41029e-19 7.77219e-20 4.28108e-20 2.35692e-20 1.29695e-20 7.13332e-21 3.92153e-21 2.15486e-21 1.18355e-21 6.4977e-22 3.56571e-22 1.9559e-22 1.07242e-22 5.87772e-23 3.22015e-23 1.76349e-23 9.65392e-24 5.28286e-24 2.88983e-24 1.58022e-24 8.63788e-25 4.72002e-25 2.57829e-25 1.4079e-25 7.68537e-26 4.19389e-26 2.28786e-26 1.24768e-26 6.80211e-27 3.70723e-27
0.0030335 0.00211474 0.00166472 0.00123979 0.000887885 0.000617411 0.000419499 0.000279714 0.000183607 0.000118928 7.61531e-05 4.8276e-05 3.03334e-05 1.89093e-05 1.17042e-05 7.19801e-06 4.40086e-06 2.67628e-06 1.61951e-06 9.75566e-07 5.85185e-07 3.49641e-07 2.08141e-07 1.23481e-07 7.30204e-08 4.30496e-08 2.53077e-08 1.48376e-08 8.67682e-09 5.0618e-09 2.9461e-09 1.71095e-09 9.91562e-10 5.73503e-10 3.31073e-10 1.90774e-10 1.09738e-10 6.30182e-11 3.61308e-11 2.06832e-11 1.18226e-11 6.74819e-12 3.84648e-12 2.18959e-12 1.24481e-12 7.06819e-13 4.0086e-13 2.27078e-13 1.2849e-13 7.26266e-14 4.10076e-14 2.31308e-14 1.30343e-14 7.33786e-15 4.12711e-15 2.31916e-15 1.30206e-15 7.30404e-16 4.09386e-16 2.29272e-16 1.283e-16 7.17414e-17 4.00855e-17 2.23815e-17 1.24876e-17 6.96259e-18 3.87942e-18 2.16011e-18 1.202e-18 6.68436e-19 3.7149e-19 2.06335e-19 1.14536e-19 6.35422e-20 3.52319e-20 1.95241e-20 1.08137e-20 5.98609e-21 3.31199e-21 1.83154e-21 1.01234e-21 5.59273e-22 3.08827e-22 1.70452e-22 9.40354e-23 5.18542e-23 2.85815e-23 1.5747e-23 8.67213e-24 4.77388e-24 2.62688e-24 1.44488e-24 7.94428e-25 4.36623e-25 2.3988e-25 1.3174e-25 7.23236e-26 3.96904e-26 2.17739e-26 1.19408e-26 6.54611e-27
0.00159164 0.0012025 0.000986991 0.000761066 0.000561851 0.000401509 0.000279714 0.000190888 0.000128057 8.46675e-05 5.52831e-05 3.57042e-05 2.28377e-05 1.44826e-05 9.11344e-06 5.6948e-06 3.53597e-06 2.18275e-06 1.34021e-06 8.1882e-07 4.97977e-07 3.0156e-07 1.81889e-07 1.09299e-07 6.54492e-08 3.90625e-08 2.32415e-08 1.37877e-08 8.15662e-09 4.81262e-09 2.83246e-09 1.66306e-09 9.74239e-10 5.69481e-10 3.32193e-10 1.93392e-10 1.12373e-10 6.51765e-11 3.77363e-11 2.18121e-11 1.25872e-11 7.25248e-12 4.17244e-12 2.39698e-12 1.37509e-12 7.87787e-13 4.50735e-13 2.57563e-13 1.47e-13 8.3798e-14 4.77148e-14 2.71387e-14 1.5419e-14 8.75118e-15 4.96176e-15 2.81045e-15 1.59037e-15 8.9911e-16 5.07847e-16 2.86595e-16 1.61595e-16 9.10383e-17 5.12464e-17 2.88241e-17 1.61998e-17 9.09773e-18 5.10545e-18 2.86299e-18 1.60435e-18 8.98413e-19 5.02759e-19 2.81162e-19 1.57135e-19 8.77636e-20 4.89877e-20 2.73273e-20 1.52352e-20 8.48882e-21 4.72715e-21 2.63093e-21 1.46347e-21 8.13622e-22 4.52101e-22 2.51087e-22 1.39377e-22 7.73297e-23 4.28834e-23 2.37697e-23 1.31691e-23 7.29269e-24 4.03667e-24 2.2334e-24 1.23515e-24 6.8279e-25 3.77287e-25 2.0839e-25 1.15055e-25 6.34978e-26 3.50301e-26 1.93178e-26 1.0649e-26
0.000835113 0.000679692 0.000580278 0.000462305 0.000351155 0.000257448 0.000183607 0.000128057 8.7676e-05 5.90954e-05 3.92978e-05 2.58268e-05 1.67981e-05 1.0825e-05 6.91806e-06 4.38807e-06 2.76433e-06 1.73054e-06 1.07714e-06 6.66885e-07 4.10852e-07 2.51956e-07 1.53852e-07 9.35703e-08 5.66939e-08 3.4229e-08 2.05968e-08 1.23548e-08 7.3887e-09 4.40624e-09 2.62058e-09 1.55457e-09 9.1994e-10 5.43118e-10 3.19933e-10 1.88059e-10 1.10317e-10 6.45854e-11 3.77405e-11 2.20137e-11 1.28181e-11 7.4511e-12 4.3243e-12 2.50572e-12 1.44975e-12 8.37575e-13 4.83216e-13 2.78399e-13 1.60184e-13 9.20488e-14 5.28298e-14 3.02843e-14 1.73401e-14 9.91726e-15 5.66573e-15 3.23338e-15 1.84334e-15 1.04982e-15 5.97309e-16 3.39521e-16 1.9281e-16 1.09395e-16 6.20125e-17 3.51226e-17 1.9876e-17 1.12386e-17 6.34964e-18 3.58463e-18 2.02212e-18 1.13984e-18 6.4204e-19 3.61385e-19 2.0327e-19 1.14256e-19 6.41795e-20 3.60269e-20 2.02105e-20 1.13307e-20 6.34843e-21 3.55479e-21 1.98932e-21 1.11261e-21 6.21919e-22 3.47442e-22 1.93996e-22 1.0826e-22 6.03834e-23 3.3662e-23 1.87561e-23 1.04455e-23 5.81432e-24 3.23491e-24 1.79895e-24 9.99939e-25 5.55559e-25 3.08525e-25 1.71261e-25 9.50254e-26 5.27028e-26 2.92177e-26 1.61911e-26
0.000438173 0.000382207 0.000338707 0.000278307 0.000217161 0.000163106 0.000118928 8.46675e-05 5.90954e-05 4.0562e-05 2.74429e-05 1.83351e-05 1.2115e-05 7.92645e-06 5.14023e-06 3.30677e-06 2.11182e-06 1.33971e-06 8.44688e-07 5.29565e-07 3.30261e-07 2.04961e-07 1.2662e-07 7.78889e-08 4.77205e-08 2.91269e-08 1.77148e-08 1.07378e-08 6.48796e-09 3.9083e-09 2.34757e-09 1.40624e-09 8.40168e-10 5.00716e-10 2.97702e-10 1.76597e-10 1.04528e-10 6.17412e-11 3.6395e-11 2.14126e-11 1.25744e-11 7.371e-12 4.31335e-12 2.51988e-12 1.46975e-12 8.55922e-13 4.97704e-13 2.88985e-13 1.67559e-13 9.70217e-14 5.6104e-14 3.24013e-14 1.86892e-14 1.07669e-14 6.1956e-15 3.56106e-15 2.04453e-15 1.17257e-15 6.71777e-16 3.84475e-16 2.19825e-16 1.25564e-16 7.16538e-17 4.0852e-17 2.32699e-17 1.32433e-17 7.53044e-18 4.2784e-18 2.42877e-18 1.37766e-18 7.80835e-19 4.42224e-19 2.50265e-19 1.41526e-19 7.99768e-20 4.51632e-20 2.54863e-20 1.43726e-20 8.09983e-21 4.5618e-21 2.56756e-21 1.44422e-21 8.11861e-22 4.5611e-22 2.56096e-22 1.43709e-22 8.05972e-23 4.51767e-23 2.53088e-23 1.41709e-23 7.93034e-24 4.4357e-24 2.47978e-24 1.38562e-24 7.73864e-25 4.3199e-25 2.41033e-25 1.34424e-25 7.49338e-26 4.17524e-26 2.32537e-26
0.000229904 0.000213962 0.000196466 0.000166238 0.000133073 0.00010227 7.61531e-05 5.52831e-05 3.92978e-05 2.74429e-05 1.88738e-05 1.28087e-05 8.59122e-06 5.70249e-06 3.74972e-06 2.44482e-06 1.58176e-06 1.01617e-06 6.48589e-07 4.11497e-07 2.59625e-07 1.62959e-07 1.01792e-07 6.32967e-08 3.91927e-08 2.41709e-08 1.48506e-08 9.0917e-09 5.54729e-09 3.37385e-09 2.04573e-09 1.23684e-09 7.45723e-10 4.48431e-10 2.68979e-10 1.60951e-10 9.60865e-11 5.72358e-11 3.4021e-11 2.01807e-11 1.19473e-11 7.05955e-12 4.1638e-12 2.45151e-12 1.44091e-12 8.45524e-13 4.95361e-13 2.89766e-13 1.69248e-13 9.87126e-14 5.74926e-14 3.34395e-14 1.94238e-14 1.12681e-14 6.5287e-15 3.77812e-15 2.18381e-15 1.26082e-15 7.27125e-16 4.18882e-16 2.41054e-16 1.38576e-16 7.95841e-17 4.56601e-17 2.61717e-17 1.49872e-17 8.57456e-18 4.90135e-18 2.79925e-18 1.59734e-18 9.10732e-19 5.18836e-19 2.95341e-19 1.67988e-19 9.54774e-20 5.42248e-20 3.07736e-20 1.7452e-20 9.89027e-21 5.60107e-21 3.16987e-21 1.79276e-21 1.01326e-21 5.72328e-22 3.23069e-22 1.82255e-22 1.02755e-22 5.78985e-23 3.26047e-23 1.83504e-23 1.0322e-23 5.80293e-24 3.26057e-24 1.83108e-24 1.02777e-24 5.76581e-25 3.23299e-25 1.81189e-25 1.01496e-25 5.68268e-26 3.18019e-26
0.000120628 0.000119305 0.000113332 9.86185e-05 8.08929e-05 6.35449e-05 4.8276e-05 3.57042e-05 2.58268e-05 1.83351e-05 1.28087e-05 8.8234e-06 6.00339e-06 4.03996e-06 2.69195e-06 1.77777e-06 1.16454e-06 7.57191e-07 4.88974e-07 3.13779e-07 2.00179e-07 1.27013e-07 8.01806e-08 5.03759e-08 3.1509e-08 1.96255e-08 1.21754e-08 7.52515e-09 4.63453e-09 2.84467e-09 1.74047e-09 1.06164e-09 6.45688e-10 3.91618e-10 2.36892e-10 1.42933e-10 8.60317e-11 5.16617e-11 3.0953e-11 1.85055e-11 1.10407e-11 6.57388e-12 3.9067e-12 2.31734e-12 1.37211e-12 8.11024e-13 4.78573e-13 2.81941e-13 1.65838e-13 9.7397e-14 5.71171e-14 3.34475e-14 1.95594e-14 1.14225e-14 6.66186e-15 3.88039e-15 2.25743e-15 1.31168e-15 7.61258e-16 4.41303e-16 2.55538e-16 1.4781e-16 8.54058e-17 4.92972e-17 2.84262e-17 1.63751e-17 9.42396e-18 5.41842e-18 3.11252e-18 1.78632e-18 1.0243e-18 5.8684e-19 3.35928e-19 1.92139e-19 1.09808e-19 6.27059e-20 3.57806e-20 2.04013e-20 1.16237e-20 6.61782e-21 3.76509e-21 2.14058e-21 1.21616e-21 6.90485e-22 3.91771e-22 2.22141e-22 1.25877e-22 7.12842e-23 4.03435e-23 2.28187e-23 1.28988e-23 7.28714e-24 4.11448e-24 2.32182e-24 1.30948e-24 7.38135e-25 4.15852e-25 2.3416e-25 1.31784e-25 7.41292e-26 4.16772e-26
6.32919e-05 6.62931e-05 6.50573e-05 5.81502e-05 4.88257e-05 3.91678e-05 3.03334e-05 2.28377e-05 1.67981e-05 1.2115e-05 8.59122e-06 6.00339e-06 4.14103e-06 2.82364e-06 1.90552e-06 1.27395e-06 8.44491e-07 5.5546e-07 3.62743e-07 2.35328e-07 1.51734e-07 9.72785e-08 6.20349e-08 3.93631e-08 2.48605e-08 1.56321e-08 9.78856e-09 6.1054e-09 3.79397e-09 2.3493e-09 1.44986e-09 8.9192e-10 5.47018e-10 3.34514e-10 2.03994e-10 1.24069e-10 7.52666e-11 4.55487e-11 2.74997e-11 1.65652e-11 9.95683e-12 5.97219e-12 3.57493e-12 2.13577e-12 1.27357e-12 7.58052e-13 4.50413e-13 2.67167e-13 1.58211e-13 9.35396e-14 5.52181e-14 3.25472e-14 1.91562e-14 1.12588e-14 6.60805e-15 3.87323e-15 2.26729e-15 1.32553e-15 7.73986e-16 4.51394e-16 2.62947e-16 1.52998e-16 8.89235e-17 5.16269e-17 2.99415e-17 1.73469e-17 1.00399e-17 5.80508e-18 3.35325e-18 1.93515e-18 1.11573e-18 6.42709e-19 3.69899e-19 2.12705e-19 1.22209e-19 7.01562e-20 4.02418e-20 2.30644e-20 1.32089e-20 7.55894e-21 4.32243e-21 2.46987e-21 1.41029e-21 8.04699e-22 4.58835e-22 2.61447e-22 1.48874e-22 8.47166e-23 4.81767e-23 2.73798e-23 1.55507e-23 8.82686e-24 5.00725e-24 2.8388e-24 1.60849e-24 9.10858e-25 5.15512e-25 2.91599e-25 1.64853e-25 9.31481e-26 5.26043e-26
3.32084e-05 3.67219e-05 3.71827e-05 3.41027e-05 2.92842e-05 2.397e-05 1.89093e-05 1.44826e-05 1.0825e-05 7.92645e-06 5.70249e-06 4.03996e-06 2.82364e-06 1.9499e-06 1.33204e-06 9.0112e-07 6.04208e-07 4.01846e-07 2.65269e-07 1.73906e-07 1.13283e-07 7.33549e-08 4.72367e-08 3.02601e-08 1.92903e-08 1.22409e-08 7.73393e-09 4.86641e-09 3.05021e-09 1.90481e-09 1.18536e-09 7.35193e-10 4.54539e-10 2.8017e-10 1.72191e-10 1.05534e-10 6.45083e-11 3.93304e-11 2.39208e-11 1.45143e-11 8.78676e-12 5.30775e-12 3.19945e-12 1.92466e-12 1.15552e-12 6.92431e-13 4.14167e-13 2.47287e-13 1.47393e-13 8.77059e-14 5.21045e-14 3.09058e-14 1.83038e-14 1.08242e-14 6.39187e-15 3.76921e-15 2.21963e-15 1.30537e-15 7.66705e-16 4.49754e-16 2.63505e-16 1.542e-16 9.01306e-17 5.26219e-17 3.06887e-17 1.7878e-17 1.0404e-17 6.0483e-18 3.51258e-18 2.03793e-18 1.18122e-18 6.84014e-19 3.95727e-19 2.28735e-19 1.32094e-19 7.62182e-20 4.39403e-20 2.53108e-20 1.45678e-20 8.37784e-21 4.81426e-21 2.76435e-21 1.58609e-21 9.09368e-22 5.20998e-22 2.98278e-22 1.70648e-22 9.75624e-23 5.57403e-23 3.18249e-23 1.81585e-23 1.03542e-23 5.90033e-24 3.36021e-24 1.91246e-24 1.08782e-24 6.18393e-25 3.51334e-25 1.99493e-25 1.13211e-25 6.42112e-26
1.74241e-05 2.02848e-05 2.11679e-05 1.99025e-05 1.74639e-05 1.4575e-05 1.17042e-05 9.11344e-06 6.91806e-06 5.14023e-06 3.74972e-06 2.69195e-06 1.90552e-06 1.33204e-06 9.20742e-07 6.30004e-07 4.27103e-07 2.87111e-07 1.91509e-07 1.26827e-07 8.34339e-08 5.45487e-08 3.54582e-08 2.29244e-08 1.47459e-08 9.43997e-09 6.01602e-09 3.81765e-09 2.41284e-09 1.51914e-09 9.52977e-10 5.95745e-10 3.71195e-10 2.30553e-10 1.42767e-10 8.81513e-11 5.42781e-11 3.33323e-11 2.04172e-11 1.24755e-11 7.60493e-12 4.62531e-12 2.80693e-12 1.69981e-12 1.02726e-12 6.19586e-13 3.72984e-13 2.24116e-13 1.34424e-13 8.04867e-14 4.81104e-14 2.87106e-14 1.71063e-14 1.01765e-14 6.04492e-15 3.58548e-15 2.12368e-15 1.25611e-15 7.41968e-16 4.37696e-16 2.57872e-16 1.51739e-16 8.91785e-17 5.23491e-17 3.06942e-17 1.79768e-17 1.05169e-17 6.14606e-18 3.58796e-18 2.09243e-18 1.21904e-18 7.09502e-19 4.12546e-19 2.39651e-19 1.39087e-19 8.0649e-20 4.67226e-20 2.70443e-20 1.56407e-20 9.038e-21 5.21835e-21 3.01054e-21 1.73545e-21 9.99644e-22 5.75371e-22 3.30923e-22 1.9019e-22 1.09228e-22 6.26869e-23 3.59515e-23 2.06044e-23 1.18008e-23 6.75427e-24 3.86334e-24 2.20836e-24 1.26155e-24 7.20233e-25 4.10939e-25 2.34327e-25 1.3354e-25 7.60587e-26
9.14219e-06 1.11769e-05 1.20079e-05 1.1564e-05 1.03611e-05 8.81087e-06 7.19801e-06 5.6948e-06 4.38807e-06 3.30677e-06 2.44482e-06 1.77777e-06 1.27395e-06 9.0112e-07 6.30004e-07 4.35837e-07 2.98634e-07 2.02836e-07 1.36662e-07 9.13936e-08 6.06997e-08 4.00561e-08 2.62752e-08 1.7139e-08 1.11209e-08 7.18019e-09 4.61426e-09 2.95221e-09 1.88093e-09 1.19363e-09 7.54621e-10 4.7536e-10 2.98419e-10 1.86727e-10 1.16473e-10 7.24337e-11 4.49166e-11 2.77763e-11 1.71313e-11 1.05389e-11 6.46753e-12 3.95962e-12 2.41867e-12 1.47416e-12 8.9658e-13 5.44178e-13 3.29632e-13 1.99289e-13 1.20262e-13 7.24413e-14 4.35597e-14 2.61484e-14 1.56707e-14 9.37641e-15 5.60154e-15 3.34134e-15 1.99018e-15 1.1837e-15 7.03048e-16 4.17e-16 2.47008e-16 1.46125e-16 8.63358e-17 5.09474e-17 3.00283e-17 1.76779e-17 1.03952e-17 6.10586e-18 3.5825e-18 2.09972e-18 1.22936e-18 7.19043e-19 4.2014e-19 2.45249e-19 1.43022e-19 8.33276e-20 4.85037e-20 2.82077e-20 1.63899e-20 9.51498e-21 5.51911e-21 3.19865e-21 1.85229e-21 1.07177e-21 6.19657e-22 3.57984e-22 2.06655e-22 1.19207e-22 6.87132e-23 3.9579e-23 2.27814e-23 1.31037e-23 7.53197e-24 4.32644e-24 2.48351e-24 1.42468e-24 8.1675e-25 4.67937e-25 2.67927e-25 1.53313e-25 8.76759e-26
4.79679e-06 6.14442e-06 6.78972e-06 6.69203e-06 6.11827e-06 5.29813e-06 4.40086e-06 3.53597e-06 2.76433e-06 2.11182e-06 1.58176e-06 1.16454e-06 8.44491e-07 6.04208e-07 4.27103e-07 2.98634e-07 2.06745e-07 1.41837e-07 9.64978e-08 6.51479e-08 4.36699e-08 2.90789e-08 1.92433e-08 1.26607e-08 8.28458e-09 5.39329e-09 3.49409e-09 2.25335e-09 1.4469e-09 9.25258e-10 5.89371e-10 3.74022e-10 2.36517e-10 1.49058e-10 9.36354e-11 5.86375e-11 3.66115e-11 2.2794e-11 1.41524e-11 8.76381e-12 5.41319e-12 3.33541e-12 2.05032e-12 1.25748e-12 7.69536e-13 4.69928e-13 2.86378e-13 1.74174e-13 1.05727e-13 6.40591e-14 3.87424e-14 2.33899e-14 1.4097e-14 8.48213e-15 5.09545e-15 3.05617e-15 1.83025e-15 1.09446e-15 6.53518e-16 3.89676e-16 2.32035e-16 1.37982e-16 8.19448e-17 4.86035e-17 2.87921e-17 1.70353e-17 1.00673e-17 5.94251e-18 3.50377e-18 2.06357e-18 1.21403e-18 7.13478e-19 4.18871e-19 2.45662e-19 1.43934e-19 8.42487e-20 4.92662e-20 2.87824e-20 1.67999e-20 9.79706e-21 5.70822e-21 3.32299e-21 1.93281e-21 1.12327e-21 6.52269e-22 3.78459e-22 2.19416e-22 1.2711e-22 7.35802e-23 4.25615e-23 2.4601e-23 1.42094e-23 8.20139e-24 4.73039e-24 2.72651e-24 1.57045e-24 9.03966e-25 5.1999e-25 2.98922e-25 1.7173e-25 9.85967e-26
2.51682e-06 3.37084e-06 3.82779e-06 3.85841e-06 3.59734e-06 3.17041e-06 2.67628e-06 2.18275e-06 1.73054e-06 1.33971e-06 1.01617e-06 7.57191e-07 5.5546e-07 4.01846e-07 2.87111e-07 2.02836e-07 1.41837e-07 9.82565e-08 6.74827e-08 4.598e-08 3.10988e-08 2.089e-08 1.39428e-08 9.2504e-09 6.10274e-09 4.00488e-09 2.61507e-09 1.69951e-09 1.09957e-09 7.08396e-10 4.54544e-10 2.9054e-10 1.8503e-10 1.17424e-10 7.42711e-11 4.68262e-11 2.94322e-11 1.84449e-11 1.15265e-11 7.18347e-12 4.46511e-12 2.76842e-12 1.71227e-12 1.05655e-12 6.50464e-13 3.99577e-13 2.44937e-13 1.49836e-13 9.14765e-14 5.57398e-14 3.39006e-14 2.05807e-14 1.24723e-14 7.54547e-15 4.55725e-15 2.74799e-15 1.65441e-15 9.94496e-16 5.96917e-16 3.5776e-16 2.14118e-16 1.27972e-16 7.63812e-17 4.55289e-17 2.71037e-17 1.61148e-17 9.56946e-18 5.67583e-18 3.36249e-18 1.98974e-18 1.17609e-18 6.94404e-19 4.09558e-19 2.41303e-19 1.42024e-19 8.35069e-20 4.90516e-20 2.87849e-20 1.68757e-20 9.88452e-21 5.78432e-21 3.38189e-21 1.97554e-21 1.15302e-21 6.72385e-22 3.91777e-22 2.2809e-22 1.32686e-22 7.71257e-23 4.47958e-23 2.59984e-23 1.50775e-23 8.7376e-24 5.05989e-24 2.92807e-24 1.69324e-24 9.78485e-25 5.65062e-25 3.26098e-25 1.88069e-25 1.08393e-25
1.32054e-06 1.84573e-06 2.1521e-06 2.21711e-06 2.10675e-06 1.88872e-06 1.61951e-06 1.34021e-06 1.07714e-06 8.44688e-07 6.48589e-07 4.88974e-07 3.62743e-07 2.65269e-07 1.91509e-07 1.36662e-07 9.64978e-08 6.74827e-08 4.67748e-08 3.21566e-08 2.19396e-08 1.48634e-08 1.00032e-08 6.6908e-09 4.44937e-09 2.94271e-09 1.93624e-09 1.26782e-09 8.26329e-10 5.36225e-10 3.46524e-10 2.23048e-10 1.43029e-10 9.13862e-11 5.81887e-11 3.69284e-11 2.33619e-11 1.47344e-11 9.26597e-12 5.81069e-12 3.63404e-12 2.26683e-12 1.41045e-12 8.75474e-13 5.42139e-13 3.34961e-13 2.06503e-13 1.27039e-13 7.79927e-14 4.77867e-14 2.92227e-14 1.78369e-14 1.08675e-14 6.60952e-15 4.01295e-15 2.43238e-15 1.47195e-15 8.89338e-16 5.36501e-16 3.23163e-16 1.94373e-16 1.16743e-16 7.00198e-17 4.19391e-17 2.50866e-17 1.49865e-17 8.94149e-18 5.32821e-18 3.17123e-18 1.88521e-18 1.11941e-18 6.63936e-19 3.93353e-19 2.32791e-19 1.37622e-19 8.12755e-20 4.79498e-20 2.82605e-20 1.66398e-20 9.78807e-21 5.75224e-21 3.37734e-21 1.98116e-21 1.16112e-21 6.79914e-22 3.97794e-22 2.32539e-22 1.35823e-22 7.92681e-23 4.62249e-23 2.69346e-23 1.56824e-23 9.12391e-24 5.30428e-24 3.08143e-24 1.78881e-24 1.03769e-24 6.01544e-25 3.48471e-25 2.01731e-25 1.16705e-25
6.92872e-07 1.00888e-06 1.20694e-06 1.27002e-06 1.2293e-06 1.12054e-06 9.75566e-07 8.1882e-07 6.66885e-07 5.29565e-07 4.11497e-07 3.13779e-07 2.35328e-07 1.73906e-07 1.26827e-07 9.13936e-08 6.51479e-08 4.598e-08 3.21566e-08 2.23002e-08 1.53445e-08 1.04818e-08 7.11169e-09 4.79456e-09 3.21317e-09 2.14131e-09 1.41946e-09 9.36253e-10 6.14613e-10 4.01657e-10 2.61366e-10 1.69384e-10 1.09347e-10 7.03279e-11 4.50721e-11 2.87879e-11 1.83272e-11 1.16312e-11 7.35949e-12 4.64317e-12 2.92128e-12 1.83302e-12 1.14719e-12 7.16179e-13 4.46026e-13 2.77132e-13 1.71804e-13 1.06275e-13 6.5601e-14 4.0411e-14 2.48442e-14 1.52445e-14 9.33656e-15 5.70781e-15 3.48325e-15 2.12203e-15 1.2906e-15 7.8365e-16 4.75077e-16 2.87564e-16 1.738e-16 1.04888e-16 6.32088e-17 3.80385e-17 2.28599e-17 1.37197e-17 8.22338e-18 4.92268e-18 2.94315e-18 1.75749e-18 1.04823e-18 6.24471e-19 3.71597e-19 2.20876e-19 1.31144e-19 7.77822e-20 4.60848e-20 2.72764e-20 1.61279e-20 9.52662e-21 5.62183e-21 3.31438e-21 1.95219e-21 1.14879e-21 6.75414e-22 3.96748e-22 2.32853e-22 1.36545e-22 8.00035e-23 4.68363e-23 2.73971e-23 1.60133e-23 9.35225e-24 5.4578e-24 3.18266e-24 1.85455e-24 1.07986e-24 6.28326e-25 3.65337e-25 2.12274e-25 1.23255e-25
3.63541e-07 5.50572e-07 6.75308e-07 7.25391e-07 7.14872e-07 6.6225e-07 5.85185e-07 4.97977e-07 4.10852e-07 3.30261e-07 2.59625e-07 2.00179e-07 1.51734e-07 1.13283e-07 8.34339e-08 6.06997e-08 4.36699e-08 3.10988e-08 2.19396e-08 1.53445e-08 1.0646e-08 7.33126e-09 5.01351e-09 3.40619e-09 2.30003e-09 1.54417e-09 1.03108e-09 6.8494e-10 4.52791e-10 2.97944e-10 1.95191e-10 1.27341e-10 8.27448e-11 5.3562e-11 3.45453e-11 2.22026e-11 1.42221e-11 9.08088e-12 5.78031e-12 3.66846e-12 2.32153e-12 1.4651e-12 9.22164e-13 5.78941e-13 3.62563e-13 2.26513e-13 1.41187e-13 8.7806e-14 5.4489e-14 3.37426e-14 2.08526e-14 1.28612e-14 7.91708e-15 4.86448e-15 2.98345e-15 1.82655e-15 1.11634e-15 6.81139e-16 4.1492e-16 2.5235e-16 1.53238e-16 9.29129e-17 5.62528e-17 3.40084e-17 2.05314e-17 1.23781e-17 7.45262e-18 4.48119e-18 2.69105e-18 1.61401e-18 9.66846e-19 5.7848e-19 3.45707e-19 2.06362e-19 1.23044e-19 7.3285e-20 4.36013e-20 2.59133e-20 1.53849e-20 9.12484e-21 5.40656e-21 3.2003e-21 1.89253e-21 1.11811e-21 6.59973e-22 3.89198e-22 2.29312e-22 1.3499e-22 7.93964e-23 4.66587e-23 2.73969e-23 1.60737e-23 9.42279e-24 5.51949e-24 3.23057e-24 1.88942e-24 1.1042e-24 6.4483e-25 3.76293e-25 2.19429e-25 1.27866e-25
1.90746e-07 3.00014e-07 3.77034e-07 4.13204e-07 4.1441e-07 3.90006e-07 3.49641e-07 3.0156e-07 2.51956e-07 2.04961e-07 1.62959e-07 1.27013e-07 9.72785e-08 7.33549e-08 5.45487e-08 4.00561e-08 2.90789e-08 2.089e-08 1.48634e-08 1.04818e-08 7.33126e-09 5.08853e-09 3.50671e-09 2.40048e-09 1.63293e-09 1.10424e-09 7.42572e-10 4.9673e-10 3.30621e-10 2.19018e-10 1.44434e-10 9.48404e-11 6.20209e-11 4.04002e-11 2.62182e-11 1.69538e-11 1.09254e-11 7.01739e-12 4.49302e-12 2.86799e-12 1.82533e-12 1.15845e-12 7.33214e-13 4.6285e-13 2.91437e-13 1.83056e-13 1.14706e-13 7.17121e-14 4.47331e-14 2.78437e-14 1.72947e-14 1.07205e-14 6.63223e-15 4.09515e-15 2.52388e-15 1.55267e-15 9.53506e-16 5.84548e-16 3.57758e-16 2.18599e-16 1.33357e-16 8.12292e-17 4.94025e-17 3.00016e-17 1.81934e-17 1.10172e-17 6.66237e-18 4.02349e-18 2.42665e-18 1.46168e-18 8.79324e-19 5.28338e-19 3.17067e-19 1.90054e-19 1.13789e-19 6.80509e-20 4.06522e-20 2.42584e-20 1.44603e-20 8.61066e-21 5.12213e-21 3.04388e-21 1.80707e-21 1.07177e-21 6.35062e-22 3.75944e-22 2.22347e-22 1.31386e-22 7.75675e-23 4.57544e-23 2.69658e-23 1.58792e-23 9.34298e-24 5.49273e-24 3.22658e-24 1.89389e-24 1.11079e-24 6.50992e-25 3.81236e-25 2.23096e-25 1.30458e-25
1.00082e-07 1.63257e-07 2.10081e-07 2.34783e-07 2.39527e-07 2.28916e-07 2.08141e-07 1.81889e-07 1.53852e-07 1.2662e-07 1.01792e-07 8.01806e-08 6.20349e-08 4.72367e-08 3.54582e-08 2.62752e-08 1.92433e-08 1.39428e-08 1.00032e-08 7.11169e-09 5.01351e-09 3.50671e-09 2.43487e-09 1.67908e-09 1.15045e-09 7.83491e-10 5.30537e-10 3.57312e-10 2.39418e-10 1.59644e-10 1.0596e-10 7.00195e-11 4.60758e-11 3.01985e-11 1.97166e-11 1.28258e-11 8.31397e-12 5.37111e-12 3.45868e-12 2.22024e-12 1.42096e-12 9.06793e-13 5.77058e-13 3.66235e-13 2.31829e-13 1.4638e-13 9.22017e-14 5.79389e-14 3.63253e-14 2.2724e-14 1.41849e-14 8.83618e-15 5.49315e-15 3.40819e-15 2.11054e-15 1.30454e-15 8.04883e-16 4.95727e-16 3.04794e-16 1.87087e-16 1.1465e-16 7.01474e-17 4.28524e-17 2.61385e-17 1.592e-17 9.68234e-18 5.88035e-18 3.56637e-18 2.16006e-18 1.30656e-18 7.89286e-19 4.76201e-19 2.86952e-19 1.72704e-19 1.0382e-19 6.23382e-20 3.73881e-20 2.2399e-20 1.34044e-20 8.01311e-21 4.78517e-21 2.8546e-21 1.70119e-21 1.01281e-21 6.02393e-22 3.57944e-22 2.12491e-22 1.26027e-22 7.46782e-23 4.42114e-23 2.61513e-23 1.54553e-23 9.12626e-24 5.3845e-24 3.17425e-24 1.86976e-24 1.10049e-24 6.47208e-25 3.80337e-25 2.23338e-25 1.31049e-25
5.25117e-08 8.87245e-08 1.16836e-07 1.33091e-07 1.38065e-07 1.33946e-07 1.23481e-07 1.09299e-07 9.35703e-08 7.78889e-08 6.32967e-08 5.03759e-08 3.93631e-08 3.02601e-08 2.29244e-08 1.7139e-08 1.26607e-08 9.2504e-09 6.6908e-09 4.79456e-09 3.40619e-09 2.40048e-09 1.67908e-09 1.16626e-09 8.04737e-10 5.51848e-10 3.76221e-10 2.55072e-10 1.72031e-10 1.15448e-10 7.71109e-11 5.12728e-11 3.39463e-11 2.23828e-11 1.47006e-11 9.61877e-12 6.27106e-12 4.07436e-12 2.63837e-12 1.70303e-12 1.09591e-12 7.03132e-13 4.49839e-13 2.86998e-13 1.82617e-13 1.15901e-13 7.33745e-14 4.634e-14 2.91978e-14 1.83552e-14 1.15136e-14 7.20673e-15 4.50157e-15 2.80617e-15 1.74587e-15 1.08414e-15 6.7197e-16 4.15749e-16 2.56773e-16 1.58316e-16 9.74478e-17 5.98843e-17 3.67421e-17 2.25082e-17 1.37676e-17 8.40883e-18 5.12842e-18 3.12334e-18 1.89956e-18 1.15372e-18 6.99803e-19 4.23924e-19 2.56478e-19 1.54979e-19 9.35341e-20 5.63831e-20 3.39486e-20 2.04173e-20 1.22656e-20 7.36039e-21 4.4121e-21 2.64198e-21 1.58039e-21 9.44398e-22 5.63782e-22 3.36234e-22 2.00333e-22 1.19248e-22 7.09161e-23 4.21348e-23 2.50119e-23 1.48343e-23 8.79045e-24 5.20454e-24 3.07885e-24 1.81985e-24 1.0748e-24 6.34264e-25 3.73999e-25 2.2036e-25 1.29737e-25
2.75522e-08 4.81612e-08 6.48642e-08 7.52788e-08 7.93759e-08 7.8148e-08 7.30204e-08 6.54492e-08 5.66939e-08 4.77205e-08 3.91927e-08 3.1509e-08 2.48605e-08 1.92903e-08 1.47459e-08 1.11209e-08 8.28458e-09 6.10274e-09 4.44937e-09 3.21317e-09 2.30003e-09 1.63293e-09 1.15045e-09 8.04737e-10 5.59129e-10 3.86025e-10 2.64923e-10 1.80787e-10 1.22712e-10 8.28698e-11 5.56937e-11 3.72576e-11 2.48151e-11 1.64587e-11 1.08726e-11 7.15485e-12 4.69103e-12 3.06478e-12 1.99552e-12 1.29507e-12 8.37842e-13 5.404e-13 3.47534e-13 2.22871e-13 1.42536e-13 9.09186e-14 5.78457e-14 3.67128e-14 2.32447e-14 1.46833e-14 9.25431e-15 5.81992e-15 3.65232e-15 2.28731e-15 1.42959e-15 8.91767e-16 5.55223e-16 3.4505e-16 2.1405e-16 1.32552e-16 8.19437e-17 5.05733e-17 3.11617e-17 1.91704e-17 1.17752e-17 7.22186e-18 4.42269e-18 2.70456e-18 1.65156e-18 1.00714e-18 6.13335e-19 3.7302e-19 2.2657e-19 1.37443e-19 8.32728e-20 5.03912e-20 3.04571e-20 1.83871e-20 1.10877e-20 6.67852e-21 4.01828e-21 2.41507e-21 1.44997e-21 8.69627e-22 5.21031e-22 3.11858e-22 1.86476e-22 1.11395e-22 6.64805e-23 3.96384e-23 2.36123e-23 1.40529e-23 8.3562e-24 4.96444e-24 2.94684e-24 1.74773e-24 1.03569e-24 6.13241e-25 3.6281e-25 2.14478e-25 1.26691e-25
1.44563e-08 2.61135e-08 3.59515e-08 4.24911e-08 4.55241e-08 4.54687e-08 4.30496e-08 3.90625e-08 3.4229e-08 2.91269e-08 2.41709e-08 1.96255e-08 1.56321e-08 1.22409e-08 9.43997e-09 7.18019e-09 5.39329e-09 4.00488e-09 2.94271e-09 2.14131e-09 1.54417e-09 1.10424e-09 7.83491e-10 5.51848e-10 3.86025e-10 2.68285e-10 1.85321e-10 1.27275e-10 8.69326e-11 5.90699e-11 3.99397e-11 2.68782e-11 1.80072e-11 1.20124e-11 7.98062e-12 5.28125e-12 3.48179e-12 2.28717e-12 1.49723e-12 9.7685e-13 6.35289e-13 4.11878e-13 2.66237e-13 1.716e-13 1.10295e-13 7.07003e-14 4.52019e-14 2.88268e-14 1.83389e-14 1.16392e-14 7.37007e-15 4.65642e-15 2.93556e-15 1.84678e-15 1.15945e-15 7.26475e-16 4.54307e-16 2.83569e-16 1.76673e-16 1.09876e-16 6.82145e-17 4.22777e-17 2.61592e-17 1.61597e-17 9.96678e-18 6.13768e-18 3.77396e-18 2.31712e-18 1.4206e-18 8.69728e-19 5.31733e-19 3.24651e-19 1.97954e-19 1.20545e-19 7.33131e-20 4.45322e-20 2.7017e-20 1.63712e-20 9.90864e-21 5.9903e-21 3.61738e-21 2.18202e-21 1.31477e-21 7.91372e-22 4.75834e-22 2.85814e-22 1.71504e-22 1.02809e-22 6.15699e-23 3.68373e-23 2.2019e-23 1.31494e-23 7.84545e-24 4.67672e-24 2.78536e-24 1.65747e-24 9.85461e-25 5.85421e-25 3.47486e-25 2.06089e-25 1.2213e-25
7.58504e-09 1.41443e-08 1.98956e-08 2.39375e-08 2.60495e-08 2.63866e-08 2.53077e-08 2.32415e-08 2.05968e-08 1.77148e-08 1.48506e-08 1.21754e-08 9.78856e-09 7.73393e-09 6.01602e-09 4.61426e-09 3.49409e-09 2.61507e-09 1.93624e-09 1.41946e-09 1.03108e-09 7.42572e-10 5.30537e-10 3.76221e-10 2.64923e-10 1.85321e-10 1.28831e-10 8.9034e-11 6.11878e-11 4.18284e-11 2.84503e-11 1.92583e-11 1.29766e-11 8.70572e-12 5.81609e-12 3.87006e-12 2.56528e-12 1.69415e-12 1.11489e-12 7.31189e-13 4.77973e-13 3.11461e-13 2.02339e-13 1.31062e-13 8.46523e-14 5.45264e-14 3.50283e-14 2.24446e-14 1.43457e-14 9.14705e-15 5.81863e-15 3.69293e-15 2.33862e-15 1.4778e-15 9.31887e-16 5.86446e-16 3.68327e-16 2.30889e-16 1.44463e-16 9.02228e-17 5.62473e-17 3.50051e-17 2.17483e-17 1.34896e-17 8.35356e-18 5.16485e-18 3.18841e-18 1.96533e-18 1.20964e-18 7.43445e-19 4.56278e-19 2.79647e-19 1.71161e-19 1.04622e-19 6.38671e-20 3.89386e-20 2.37106e-20 1.44203e-20 8.75964e-21 5.31481e-21 3.22099e-21 1.94985e-21 1.17904e-21 7.12172e-22 4.29711e-22 2.59007e-22 1.55955e-22 9.38095e-23 5.63718e-23 3.38416e-23 2.02966e-23 1.21614e-23 7.28015e-24 4.35411e-24 2.60177e-24 1.55329e-24 9.26524e-25 5.52191e-25 3.28818e-25 1.95641e-25 1.16308e-25
3.97978e-09 7.65367e-09 1.09941e-08 1.34604e-08 1.48737e-08 1.52753e-08 1.48376e-08 1.37877e-08 1.23548e-08 1.07378e-08 9.0917e-09 7.52515e-09 6.1054e-09 4.86641e-09 3.81765e-09 2.95221e-09 2.25335e-09 1.69951e-09 1.26782e-09 9.36253e-10 6.8494e-10 4.9673e-10 3.57312e-10 2.55072e-10 1.80787e-10 1.27275e-10 8.9034e-11 6.19096e-11 4.28042e-11 2.94351e-11 2.01378e-11 1.37099e-11 9.29023e-12 6.26733e-12 4.21003e-12 2.81653e-12 1.8769e-12 1.24605e-12 8.24256e-13 5.43349e-13 3.56978e-13 2.33778e-13 1.52622e-13 9.93401e-14 6.44722e-14 4.17256e-14 2.69311e-14 1.73366e-14 1.11319e-14 7.13023e-15 4.55614e-15 2.90457e-15 1.84751e-15 1.17257e-15 7.42616e-16 4.69342e-16 2.96032e-16 1.86352e-16 1.17084e-16 7.34262e-17 4.59637e-17 2.87216e-17 1.79164e-17 1.11573e-17 6.93667e-18 4.30569e-18 2.6684e-18 1.65117e-18 1.02018e-18 6.29397e-19 3.87745e-19 2.38537e-19 1.46543e-19 8.99063e-20 5.50857e-20 3.37073e-20 2.05996e-20 1.25733e-20 7.665e-21 4.66717e-21 2.83847e-21 1.72431e-21 1.04629e-21 6.34174e-22 3.83963e-22 2.32223e-22 1.40302e-22 8.46788e-23 5.10556e-23 3.07523e-23 1.85049e-23 1.11243e-23 6.68114e-24 4.00886e-24 2.40321e-24 1.43937e-24 8.61318e-25 5.14962e-25 3.07619e-25 1.83604e-25 1.09493e-25
2.08814e-09 4.13769e-09 6.0669e-09 7.55586e-09 8.47522e-09 8.82255e-09 8.67682e-09 8.15662e-09 7.3887e-09 6.48796e-09 5.54729e-09 4.63453e-09 3.79397e-09 3.05021e-09 2.41284e-09 1.88093e-09 1.4469e-09 1.09957e-09 8.26329e-10 6.14613e-10 4.52791e-10 3.30621e-10 2.39418e-10 1.72031e-10 1.22712e-10 8.69326e-11 6.11878e-11 4.28042e-11 2.97705e-11 2.05918e-11 1.41686e-11 9.70046e-12 6.60985e-12 4.4835e-12 3.02799e-12 2.0365e-12 1.36421e-12 9.10359e-13 6.05265e-13 4.00997e-13 2.64762e-13 1.74238e-13 1.14302e-13 7.47539e-14 4.87452e-14 3.16948e-14 2.05515e-14 1.32903e-14 8.57238e-15 5.51537e-15 3.53988e-15 2.26659e-15 1.44797e-15 9.22944e-16 5.87012e-16 3.72564e-16 2.35972e-16 1.49159e-16 9.41008e-17 5.9253e-17 3.72411e-17 2.33641e-17 1.46322e-17 9.1479e-18 5.70957e-18 3.55773e-18 2.21332e-18 1.37478e-18 8.52626e-19 5.27996e-19 3.26487e-19 2.01593e-19 1.24301e-19 7.6538e-20 4.70644e-20 2.89024e-20 1.7726e-20 1.08577e-20 6.64238e-21 4.05862e-21 2.47693e-21 1.50986e-21 9.19303e-22 5.59099e-22 3.39653e-22 2.06114e-22 1.24943e-22 7.56591e-23 4.57677e-23 2.76576e-23 1.66968e-23 1.00699e-23 6.06734e-24 3.65222e-24 2.19638e-24 1.31965e-24 7.92163e-25 4.75098e-25 2.84689e-25 1.70444e-25 1.01958e-25
1.09562e-09 2.23496e-09 3.34353e-09 4.23442e-09 4.81993e-09 5.08445e-09 5.0618e-09 4.81262e-09 4.40624e-09 3.9083e-09 3.37385e-09 2.84467e-09 2.3493e-09 1.90481e-09 1.51914e-09 1.19363e-09 9.25258e-10 7.08396e-10 5.36225e-10 4.01657e-10 2.97944e-10 2.19018e-10 1.59644e-10 1.15448e-10 8.28698e-11 5.90699e-11 4.18284e-11 2.94351e-11 2.05918e-11 1.43247e-11 9.91198e-12 6.82384e-12 4.67513e-12 3.18822e-12 2.16461e-12 1.46343e-12 9.85365e-13 6.60888e-13 4.41602e-13 2.94014e-13 1.95073e-13 1.28995e-13 8.50247e-14 5.58682e-14 3.65997e-14 2.3907e-14 1.55722e-14 1.01156e-14 6.55367e-15 4.23511e-15 2.73002e-15 1.75558e-15 1.12631e-15 7.20948e-16 4.60458e-16 2.93455e-16 1.8663e-16 1.18451e-16 7.5029e-17 4.74329e-17 2.99303e-17 1.88513e-17 1.1852e-17 7.4384e-18 4.6604e-18 2.91502e-18 1.82032e-18 1.13491e-18 7.06474e-19 4.39103e-19 2.72513e-19 1.68878e-19 1.04505e-19 6.45787e-20 3.98515e-20 2.45593e-20 1.51152e-20 9.29072e-21 5.7034e-21 3.49685e-21 2.14136e-21 1.30973e-21 8.00138e-22 4.88253e-22 2.976e-22 1.81191e-22 1.10196e-22 6.69467e-23 4.06287e-23 2.46312e-23 1.49175e-23 9.02544e-24 5.45523e-24 3.2941e-24 1.98722e-24 1.19769e-24 7.21181e-25 4.33858e-25 2.60773e-25 1.56601e-25 9.39609e-26
5.74858e-10 1.20622e-09 1.84038e-09 2.36932e-09 2.7361e-09 2.92408e-09 2.9461e-09 2.83246e-09 2.62058e-09 2.34757e-09 2.04573e-09 1.74047e-09 1.44986e-09 1.18536e-09 9.52977e-10 7.54621e-10 5.89371e-10 4.54544e-10 3.46524e-10 2.61366e-10 1.95191e-10 1.44434e-10 1.0596e-10 7.71109e-11 5.56937e-11 3.99397e-11 2.84503e-11 2.01378e-11 1.41686e-11 9.91198e-12 6.89663e-12 4.77385e-12 3.2882e-12 2.25426e-12 1.53848e-12 1.04546e-12 7.07498e-13 4.76891e-13 3.20226e-13 2.14239e-13 1.42826e-13 9.48934e-14 6.28403e-14 4.14823e-14 2.72997e-14 1.79128e-14 1.172e-14 7.64688e-15 4.97592e-15 3.22946e-15 2.09068e-15 1.35014e-15 8.69834e-16 5.59096e-16 3.58556e-16 2.29444e-16 1.46511e-16 9.33601e-17 5.9371e-17 3.76817e-17 2.387e-17 1.50924e-17 9.52515e-18 6.00079e-18 3.77388e-18 2.36934e-18 1.48506e-18 9.29298e-19 5.80596e-19 3.62174e-19 2.25579e-19 1.40292e-19 8.71235e-20 5.40276e-20 3.34571e-20 2.06902e-20 1.27778e-20 7.88093e-21 4.85442e-21 2.98638e-21 1.83491e-21 1.12604e-21 6.90194e-22 4.22551e-22 2.58396e-22 1.57834e-22 9.63007e-23 5.86927e-23 3.57332e-23 2.1732e-23 1.32031e-23 8.01328e-24 4.85855e-24 2.94289e-24 1.78081e-24 1.07658e-24 6.50231e-25 3.9236e-25 2.36541e-25 1.42474e-25 8.574e-26
3.01621e-10 6.50496e-10 1.01181e-09 1.32376e-09 1.55047e-09 1.67831e-09 1.71095e-09 1.66306e-09 1.55457e-09 1.40624e-09 1.23684e-09 1.06164e-09 8.9192e-10 7.35193e-10 5.95745e-10 4.7536e-10 3.74022e-10 2.9054e-10 2.23048e-10 1.69384e-10 1.27341e-10 9.48404e-11 7.00195e-11 5.12728e-11 3.72576e-11 2.68782e-11 1.92583e-11 1.37099e-11 9.70046e-12 6.82384e-12 4.77385e-12 3.32219e-12 2.3004e-12 1.58526e-12 1.08745e-12 7.42699e-13 5.05113e-13 3.42145e-13 2.30859e-13 1.5519e-13 1.03948e-13 6.93852e-14 4.616e-14 3.061e-14 2.02352e-14 1.33365e-14 8.76419e-15 5.74321e-15 3.75327e-15 2.44632e-15 1.59037e-15 1.03134e-15 6.67187e-16 4.30597e-16 2.77268e-16 1.78139e-16 1.14203e-16 7.30597e-17 4.66427e-17 2.9718e-17 1.88975e-17 1.1994e-17 7.59822e-18 4.80476e-18 3.03292e-18 1.91117e-18 1.20226e-18 7.55061e-19 4.73436e-19 2.96383e-19 1.85256e-19 1.1562e-19 7.20521e-20 4.48364e-20 2.78609e-20 1.72884e-20 1.07132e-20 6.62983e-21 4.09745e-21 2.52909e-21 1.55907e-21 9.59907e-22 5.90285e-22 3.62556e-22 2.22422e-22 1.36295e-22 8.34238e-23 5.10053e-23 3.11506e-23 1.90042e-23 1.15817e-23 7.0509e-24 4.28817e-24 2.60533e-24 1.58133e-24 9.58873e-25 5.80874e-25 3.51555e-25 2.1257e-25 1.28414e-25 7.75054e-26
1.58257e-10 3.50546e-10 5.55659e-10 7.38555e-10 8.77143e-10 9.61469e-10 9.91562e-10 9.74239e-10 9.1994e-10 8.40168e-10 7.45723e-10 6.45688e-10 5.47018e-10 4.54539e-10 3.71195e-10 2.98419e-10 2.36517e-10 1.8503e-10 1.43029e-10 1.09347e-10 8.27448e-11 6.20209e-11 4.60758e-11 3.39463e-11 2.48151e-11 1.80072e-11 1.29766e-11 9.29023e-12 6.60985e-12 4.67513e-12 3.2882e-12 2.3004e-12 1.60116e-12 1.10905e-12 7.64617e-13 5.24809e-13 3.58675e-13 2.44128e-13 1.65509e-13 1.11783e-13 7.52222e-14 5.04412e-14 3.37093e-14 2.24538e-14 1.49092e-14 9.86933e-15 6.5138e-15 4.28681e-15 2.81337e-15 1.8414e-15 1.20208e-15 7.82736e-16 5.08424e-16 3.29456e-16 2.12988e-16 1.37382e-16 8.84191e-17 5.67844e-17 3.63918e-17 2.32751e-17 1.48565e-17 9.46455e-18 6.01812e-18 3.81961e-18 2.41988e-18 1.5304e-18 9.66197e-19 6.08971e-19 3.83188e-19 2.40729e-19 1.50994e-19 9.45635e-20 5.91331e-20 3.69228e-20 2.30213e-20 1.43334e-20 8.91179e-21 5.53335e-21 3.43107e-21 2.12472e-21 1.31406e-21 8.11671e-22 5.00734e-22 3.08535e-22 1.89882e-22 1.16722e-22 7.16674e-23 4.3954e-23 2.69272e-23 1.64782e-23 1.0073e-23 6.15106e-24 3.75223e-24 2.28657e-24 1.392e-24 8.46579e-25 5.14364e-25 3.12218e-25 1.89336e-25 1.14711e-25 6.94352e-26
