0.915698 0.0196484 0.00989788 0.00508825 0.00266412 0.00141754 0.000764676 0.000417192 0.000229664 0.000127292 7.08938e-05 3.96073e-05 2.21654e-05 1.24106e-05 6.94569e-06 3.88255e-06 2.16645e-06 1.20622e-06 6.69904e-07 3.71038e-07 2.0492e-07 1.12843e-07 6.19558e-08 3.39157e-08 1.85113e-08 1.00736e-08 5.46461e-09 2.95247e-09 1.58347e-09 8.32473e-10 4.47028e-10
0.0196484 0.000760813 0.000388476 0.00020175 0.000106091 5.6261e-05 2.99877e-05 1.60234e-05 8.56651e-06 4.5761e-06 2.44021e-06 1.29818e-06 6.8875e-07 3.64355e-07 1.92173e-07 1.01057e-07 5.29875e-08 2.77049e-08 1.44466e-08 7.51374e-09 3.8984e-09 2.01796e-09 1.04228e-09 5.37178e-10 2.76219e-10 1.41583e-10 7.21002e-11 3.60359e-11 1.68892e-11 5.98804e-12 3.00077e-12
0.00989788 0.000388476 0.000197347 0.000101906 5.32751e-05 2.80925e-05 1.48948e-05 7.92075e-06 4.2166e-06 2.24398e-06 1.19267e-06 6.3267e-07 3.34822e-07 1.76737e-07 9.30383e-08 4.88435e-08 2.55725e-08 1.33534e-08 6.95505e-09 3.61365e-09 1.87317e-09 9.68804e-10 4.99965e-10 2.57404e-10 1.32093e-10 6.73381e-11 3.36869e-11 1.5808e-11 5.64631e-12 2.80933e-12 1.40873e-12
0.00508825 0.00020175 0.000101906 5.22819e-05 2.71479e-05 1.42205e-05 7.49253e-06 3.96143e-06 2.0979e-06 1.11129e-06 5.8823e-07 3.10913e-07 1.64021e-07 8.63382e-08 4.53395e-08 2.37513e-08 1.24116e-08 6.47018e-09 3.36493e-09 1.74599e-09 9.03949e-10 4.66972e-10 2.40658e-10 1.23617e-10 6.30699e-11 3.15725e-11 1.48257e-11 5.32036e-12 2.65232e-12 1.32018e-12 6.62427e-13
0.00266412 0.000106091 5.32751e-05 2.71479e-05 1.39962e-05 7.27909e-06 3.80898e-06 2.00103e-06 1.05354e-06 5.55147e-07 2.92473e-07 1.53945e-07 8.09138e-08 4.2453e-08 2.22295e-08 1.16153e-08 6.05604e-09 3.15066e-09 1.63561e-09 8.47298e-10 4.3799e-10 2.25875e-10 1.16101e-10 5.92704e-11 2.96831e-11 1.39438e-11 5.02372e-12 2.50241e-12 1.24808e-12 6.21466e-13 3.12036e-13
0.00141754 5.6261e-05 2.80925e-05 1.42205e-05 7.27909e-06 3.75827e-06 1.95275e-06 1.01903e-06 5.33208e-07 2.79385e-07 1.46443e-07 7.67303e-08 4.01657e-08 2.09974e-08 1.09593e-08 5.70998e-09 2.96947e-09 1.54133e-09 7.98491e-10 4.12835e-10 2.12961e-10 1.09498e-10 5.5916e-11 2.80076e-11 1.31585e-11 4.75816e-12 2.36624e-12 1.17918e-12 5.8839e-13 2.93095e-13 1.47257e-13
0.000764676 2.99877e-05 1.48948e-05 7.49253e-06 3.80898e-06 1.95275e-06 1.00755e-06 5.22273e-07 2.71566e-07 1.41469e-07 7.3761e-08 3.84628e-08 2.00471e-08 1.04394e-08 5.4298e-09 2.82021e-09 1.46254e-09 7.57217e-10 3.91348e-10 2.01835e-10 1.03767e-10 5.29855e-11 2.65356e-11 1.24652e-11 4.52278e-12 2.24473e-12 1.11673e-12 5.56747e-13 2.77934e-13 1.385e-13 6.96295e-14
0.000417192 1.60234e-05 7.92075e-06 3.96143e-06 2.00103e-06 1.01903e-06 5.22273e-07 2.68965e-07 1.3899e-07 7.1987e-08 3.73336e-08 1.93727e-08 1.00524e-08 5.21371e-09 2.70192e-09 1.39875e-09 7.23215e-10 3.73391e-10 1.92426e-10 9.88711e-11 5.04605e-11 2.52579e-11 1.18597e-11 4.3162e-12 2.13748e-12 1.0612e-12 5.28138e-13 2.63416e-13 1.31559e-13 6.55834e-14 3.29918e-14
0.000229664 8.56651e-06 4.2166e-06 2.0979e-06 1.05354e-06 5.33208e-07 2.71566e-07 1.3899e-07 7.1397e-08 3.67708e-08 1.89698e-08 9.79578e-09 5.06034e-09 2.61386e-09 1.34956e-09 6.96269e-10 3.58853e-10 1.84674e-10 9.47797e-11 4.83251e-11 2.41664e-11 1.1338e-11 4.13707e-12 2.04387e-12 1.01243e-12 5.02802e-13 2.50327e-13 1.24906e-13 6.24094e-14 3.11232e-14 1.56659e-14
0.000127292 4.5761e-06 2.24398e-06 1.11129e-06 5.55147e-07 2.79385e-07 1.41469e-07 7.1987e-08 3.67708e-08 1.88357e-08 9.66787e-09 4.9687e-09 2.55546e-09 1.31464e-09 6.76208e-10 3.47639e-10 1.7853e-10 9.14668e-11 4.65658e-11 2.32543e-11 1.08968e-11 3.98419e-12 1.9633e-12 9.70129e-13 4.8067e-13 2.38788e-13 1.18926e-13 5.93646e-14 2.96741e-14 1.48035e-14 7.45566e-15
7.08938e-05 2.44021e-06 1.19267e-06 5.8823e-07 2.92473e-07 1.46443e-07 7.3761e-08 3.73336e-08 1.89698e-08 9.66787e-09 4.93822e-09 2.52636e-09 1.29377e-09 6.62904e-10 3.3968e-10 1.73956e-10 8.89116e-11 4.51715e-11 2.25157e-11 1.05334e-11 3.85654e-12 1.89523e-12 9.3403e-13 4.61617e-13 2.28772e-13 1.13683e-13 5.66382e-14 2.8283e-14 1.41432e-14 7.05799e-15 3.55662e-15
3.96073e-05 1.29818e-06 6.3267e-07 3.10913e-07 1.53945e-07 7.67303e-08 3.84628e-08 1.93727e-08 9.79578e-09 4.9687e-09 2.52636e-09 1.28683e-09 6.56273e-10 3.34924e-10 1.70923e-10 8.70978e-11 4.41333e-11 2.1946e-11 1.02454e-11 3.75326e-12 1.83919e-12 9.03888e-13 4.45518e-13 2.20222e-13 1.09164e-13 5.42617e-14 2.70425e-14 1.35088e-14 6.75774e-15 3.37343e-15 1.70077e-15
2.21654e-05 6.8875e-07 3.34822e-07 1.64021e-07 8.09138e-08 4.01657e-08 2.00471e-08 1.00524e-08 5.06034e-09 2.55546e-09 1.29377e-09 6.56273e-10 3.33342e-10 1.69411e-10 8.60142e-11 4.34449e-11 2.15417e-11 1.0031e-11 3.67364e-12 1.7948e-12 8.79501e-13 4.32266e-13 2.13083e-13 1.05346e-13 5.2231e-14 2.59688e-14 1.29459e-14 6.46914e-15 3.23727e-15 1.61649e-15 8.15352e-16
1.24106e-05 3.64355e-07 1.76737e-07 8.63382e-08 4.2453e-08 2.09974e-08 1.04394e-08 5.21371e-09 2.61386e-09 1.31464e-09 6.62904e-10 3.34924e-10 1.69411e-10 8.56537e-11 4.31017e-11 2.13001e-11 9.88882e-12 3.61715e-12 1.76178e-12 8.60703e-13 4.2177e-13 2.07308e-13 1.02202e-13 5.05349e-14 2.50603e-14 1.24626e-14 6.21452e-15 3.10634e-15 1.55494e-15 7.76635e-16 3.91893e-16
6.94569e-06 1.92173e-07 9.30383e-08 4.53395e-08 2.22295e-08 1.09593e-08 5.4298e-09 2.70192e-09 1.34956e-09 6.76208e-10 3.3968e-10 1.70923e-10 8.60142e-11 4.31017e-11 2.12197e-11 9.81796e-12 3.58341e-12 1.73988e-12 8.47365e-13 4.13961e-13 2.02855e-13 9.97124e-14 4.91625e-14 2.43122e-14 1.20585e-14 5.99797e-15 2.9916e-15 1.49574e-15 7.48918e-16 3.7414e-16 1.88859e-16
3.88255e-06 1.01057e-07 4.88435e-08 2.37513e-08 1.16153e-08 5.70998e-09 2.82021e-09 1.39875e-09 6.96269e-10 3.47639e-10 1.73956e-10 8.70978e-11 4.34449e-11 2.13001e-11 9.81796e-12 3.57219e-12 1.72897e-12 8.39399e-13 4.08783e-13 1.99697e-13 9.78598e-14 4.81047e-14 2.37197e-14 1.17313e-14 5.81941e-15 2.89511e-15 1.44427e-15 7.2226e-16 3.61717e-16 1.80737e-16 9.12592e-17
2.16645e-06 5.29875e-08 2.55725e-08 1.24116e-08 6.05604e-09 2.96947e-09 1.46254e-09 7.23215e-10 3.58853e-10 1.7853e-10 8.89116e-11 4.41333e-11 2.15417e-11 9.88882e-12 3.58341e-12 1.72897e-12 8.3675e-13 4.06204e-13 1.9781e-13 9.66318e-14 4.73543e-14 2.32788e-14 1.14792e-14 5.67793e-15 2.8169e-15 1.40158e-15 6.99306e-16 3.49772e-16 1.752e-16 8.75536e-17 4.42184e-17
1.20622e-06 2.77049e-08 1.33534e-08 6.47018e-09 3.15066e-09 1.54133e-09 7.57217e-10 3.73391e-10 1.84674e-10 9.14668e-11 4.51715e-11 2.1946e-11 1.0031e-11 3.61715e-12 1.73988e-12 8.39399e-13 4.06204e-13 1.97183e-13 9.60199e-14 4.69061e-14 2.29865e-14 1.13003e-14 5.57265e-15 2.75658e-15 1.36769e-15 6.80577e-16 3.39606e-16 1.69881e-16 8.51033e-17 4.25332e-17 2.14846e-17
6.69904e-07 1.44466e-08 6.95505e-09 3.36493e-09 1.63561e-09 7.98491e-10 3.91348e-10 1.92426e-10 9.47797e-11 4.65658e-11 2.25157e-11 1.02454e-11 3.67364e-12 1.76178e-12 8.47365e-13 4.08783e-13 1.9781e-13 9.60199e-14 4.6757e-14 2.28409e-14 1.11934e-14 5.50286e-15 2.71378e-15 1.34247e-15 6.66106e-16 3.3148e-16 1.65418e-16 8.27527e-17 4.14585e-17 2.07213e-17 1.04678e-17
3.71038e-07 7.51374e-09 3.61365e-09 1.74599e-09 8.47298e-10 4.12835e-10 2.01835e-10 9.88711e-11 4.83251e-11 2.32543e-11 1.05334e-11 3.75326e-12 1.7948e-12 8.60703e-13 4.13961e-13 1.99697e-13 9.66318e-14 4.69061e-14 2.28409e-14 1.11579e-14 5.46808e-15 2.68822e-15 1.32574e-15 6.55833e-16 3.25417e-16 1.61943e-16 8.08155e-17 4.04297e-17 2.02552e-17 1.01238e-17 5.11431e-18
2.0492e-07 3.8984e-09 1.87317e-09 9.03949e-10 4.3799e-10 2.12961e-10 1.03767e-10 5.04605e-11 2.41664e-11 1.08968e-11 3.85654e-12 1.83919e-12 8.79501e-13 4.2177e-13 2.02855e-13 9.78598e-14 4.73543e-14 2.29865e-14 1.11934e-14 5.46808e-15 2.67972e-15 1.31741e-15 6.49696e-16 3.21395e-16 1.5947e-16 7.93575e-17 3.96011e-17 1.98106e-17 9.92464e-18 4.96023e-18 2.50566e-18
1.12843e-07 2.01796e-09 9.68804e-10 4.66972e-10 2.25875e-10 1.09498e-10 5.29855e-11 2.52579e-11 1.1338e-11 3.98419e-12 1.89523e-12 9.03888e-13 4.32266e-13 2.07308e-13 9.97124e-14 4.81047e-14 2.32788e-14 1.13003e-14 5.50286e-15 2.68822e-15 1.31741e-15 6.47654e-16 3.1939e-16 1.57991e-16 7.83877e-17 3.90057e-17 1.94631e-17 9.73558e-18 4.87683e-18 2.43716e-18 1.23097e-18
6.19558e-08 1.04228e-09 4.99965e-10 2.40658e-10 1.16101e-10 5.5916e-11 2.65356e-11 1.18597e-11 4.13707e-12 1.9633e-12 9.3403e-13 4.45518e-13 2.13083e-13 1.02202e-13 4.91625e-14 2.37197e-14 1.14792e-14 5.57265e-15 2.71378e-15 1.32574e-15 6.49696e-16 3.1939e-16 1.57499e-16 7.7904e-17 3.86487e-17 1.92295e-17 9.5939e-18 4.79824e-18 2.4032e-18 1.20082e-18 6.06395e-19
3.39157e-08 5.37178e-10 2.57404e-10 1.23617e-10 5.92704e-11 2.80076e-11 1.24652e-11 4.3162e-12 2.04387e-12 9.70129e-13 4.61617e-13 2.20222e-13 1.05346e-13 5.05349e-14 2.43122e-14 1.17313e-14 5.67793e-15 2.75658e-15 1.34247e-15 6.55833e-16 3.21395e-16 1.57991e-16 7.7904e-17 3.85299e-17 1.91125e-17 9.50789e-18 4.74281e-18 2.37158e-18 1.18756e-18 5.93284e-19 2.99519e-19
1.85113e-08 2.76219e-10 1.32093e-10 6.30699e-11 2.96831e-11 1.31585e-11 4.52278e-12 2.13748e-12 1.01243e-12 4.8067e-13 2.28772e-13 1.09164e-13 5.2231e-14 2.50603e-14 1.20585e-14 5.81941e-15 2.8169e-15 1.36769e-15 6.66106e-16 3.25417e-16 1.5947e-16 7.83877e-17 3.86487e-17 1.91125e-17 9.47915e-18 4.71467e-18 2.35129e-18 1.17544e-18 5.88448e-19 2.93911e-19 1.48331e-19
1.00736e-08 1.41583e-10 6.73381e-11 3.15725e-11 1.39438e-11 4.75816e-12 2.24473e-12 1.0612e-12 5.02802e-13 2.38788e-13 1.13683e-13 5.42617e-14 2.59688e-14 1.24626e-14 5.99797e-15 2.89511e-15 1.40158e-15 6.80577e-16 3.3148e-16 1.61943e-16 7.93575e-17 3.90057e-17 1.92295e-17 9.50789e-18 4.71467e-18 2.34441e-18 1.16889e-18 5.84174e-19 2.92359e-19 1.45985e-19 7.36462e-20
5.46461e-09 7.21002e-11 3.36869e-11 1.48257e-11 5.02372e-12 2.36624e-12 1.11673e-12 5.28138e-13 2.50327e-13 1.18926e-13 5.66382e-14 2.70425e-14 1.29459e-14 6.21452e-15 2.9916e-15 1.44427e-15 6.99306e-16 3.39606e-16 1.65418e-16 8.08155e-17 3.96011e-17 1.94631e-17 9.5939e-18 4.74281e-18 2.35129e-18 1.16889e-18 5.82618e-19 2.91076e-19 1.45622e-19 7.26917e-20 3.66548e-20
2.95247e-09 3.60359e-11 1.5808e-11 5.32036e-12 2.50241e-12 1.17918e-12 5.56747e-13 2.63416e-13 1.24906e-13 5.93646e-14 2.8283e-14 1.35088e-14 6.46914e-15 3.10634e-15 1.49574e-15 7.2226e-16 3.49772e-16 1.69881e-16 8.27527e-17 4.04297e-17 1.98106e-17 9.73558e-18 4.79824e-18 2.37158e-18 1.17544e-18 5.84174e-19 2.91076e-19 1.45367e-19 7.26978e-20 3.6277e-20 1.82835e-20
1.58347e-09 1.68892e-11 5.64631e-12 2.65232e-12 1.24808e-12 5.8839e-13 2.77934e-13 1.31559e-13 6.24094e-14 2.96741e-14 1.41432e-14 6.75774e-15 3.23727e-15 1.55494e-15 7.48918e-16 3.61717e-16 1.752e-16 8.51033e-17 4.14585e-17 2.02552e-17 9.92464e-18 4.87683e-18 2.4032e-18 1.18756e-18 5.88448e-19 2.92359e-19 1.45622e-19 7.26978e-20 3.63413e-20 1.81283e-20 9.13181e-21
8.32473e-10 5.98804e-12 2.80933e-12 1.32018e-12 6.21466e-13 2.93095e-13 1.385e-13 6.55834e-14 3.11232e-14 1.48035e-14 7.05799e-15 3.37343e-15 1.61649e-15 7.76635e-16 3.7414e-16 1.80737e-16 8.75536e-17 4.25332e-17 2.07213e-17 1.01238e-17 4.96023e-18 2.43716e-18 1.20082e-18 5.93284e-19 2.93911e-19 1.45985e-19 7.26917e-20 3.6277e-20 1.81283e-20 9.04021e-21 4.55177e-21
4.47028e-10 3.00077e-12 1.40873e-12 6.62427e-13 3.12036e-13 1.47257e-13 6.96295e-14 3.29918e-14 1.56659e-14 7.45566e-15 3.55662e-15 1.70077e-15 8.15352e-16 3.91893e-16 1.88859e-16 9.12592e-17 4.42184e-17 2.14846e-17 1.04678e-17 5.11431e-18 2.50566e-18 1.23097e-18 6.06395e-19 2.99519e-19 1.48331e-19 7.36462e-20 3.66548e-20 1.82835e-20 9.13181e-21 4.55177e-21 2.29025e-21
