0.371707 0.0294005 0.0185594 0.012663 0.00908375 0.0067277 0.00508688 0.00389952 0.00301761 0.00235069 0.00183995 0.00144524 0.00113817 0.000898104 0.000709713 0.000561458 0.000444533 0.000352163 0.000279096 0.000221236 0.00017538 0.000139011 0.000110144 8.72135e-05 6.89809e-05 5.44633e-05 4.28801e-05 3.36094e-05 2.6154e-05 2.01149e-05 1.59487e-05
0.0294005 0.00453659 0.00267882 0.00168099 0.00110007 0.000742189 0.000512486 0.000360381 0.000257142 0.000185657 0.000135343 9.94503e-05 7.35599e-05 5.47109e-05 4.08819e-05 3.06695e-05 2.30861e-05 1.74281e-05 1.31892e-05 1.0002e-05 7.59783e-06 5.77891e-06 4.39897e-06 3.34921e-06 2.54837e-06 1.93555e-06 1.46496e-06 1.10208e-06 8.20904e-07 6.01919e-07 4.63833e-07
0.0185594 0.00267882 0.0015001 0.000905293 0.000576699 0.000382126 0.000260723 0.000181898 0.000129115 9.29045e-05 6.75793e-05 4.95911e-05 3.66532e-05 2.72519e-05 2.03627e-05 1.52786e-05 1.15044e-05 8.68857e-06 6.57861e-06 4.99162e-06 3.79398e-06 2.88742e-06 2.19925e-06 1.67543e-06 1.2756e-06 9.69492e-07 7.34382e-07 5.53166e-07 4.13025e-07 3.13499e-07 2.4173e-07
0.012663 0.00168099 0.000905293 0.000530098 0.000330582 0.000215947 0.000145974 0.000101231 7.15791e-05 5.13782e-05 3.73153e-05 2.73572e-05 2.02094e-05 1.50221e-05 1.1224e-05 8.42229e-06 6.34292e-06 4.7916e-06 3.62908e-06 2.75456e-06 2.09445e-06 1.59466e-06 1.21519e-06 9.26296e-07 7.05765e-07 5.36961e-07 4.07397e-07 3.07707e-07 2.34427e-07 1.77953e-07 1.37249e-07
0.00908375 0.00110007 0.000576699 0.000330582 0.000203083 0.000131351 8.82317e-05 6.09469e-05 4.29897e-05 3.08103e-05 2.23559e-05 1.63802e-05 1.2096e-05 8.98931e-06 6.71565e-06 5.03904e-06 3.79493e-06 2.86687e-06 2.17146e-06 1.64835e-06 1.25352e-06 9.54595e-07 7.27658e-07 5.5492e-07 4.23107e-07 3.22281e-07 2.44995e-07 1.87055e-07 1.42528e-07 1.08195e-07 8.34424e-08
0.0067277 0.000742189 0.000382126 0.000215947 0.000131351 8.44175e-05 5.64857e-05 3.89271e-05 2.74189e-05 1.96334e-05 1.42375e-05 1.04274e-05 7.69759e-06 5.71898e-06 4.27145e-06 3.20436e-06 2.41274e-06 1.82238e-06 1.38012e-06 1.04752e-06 7.96547e-07 6.06597e-07 4.6244e-07 3.52762e-07 2.69122e-07 2.05208e-07 1.56835e-07 1.1975e-07 9.12442e-08 6.9262e-08 5.3403e-08
0.00508688 0.000512486 0.000260723 0.000145974 8.82317e-05 5.64857e-05 3.77099e-05 2.59531e-05 1.82653e-05 1.30714e-05 9.47461e-06 6.93631e-06 5.11846e-06 3.80137e-06 2.83814e-06 2.12834e-06 1.60198e-06 1.20958e-06 9.15743e-07 6.94857e-07 5.28252e-07 4.02215e-07 3.06611e-07 2.33918e-07 1.78526e-07 1.36458e-07 1.04281e-07 7.96147e-08 6.06568e-08 4.60398e-08 3.54853e-08
0.00389952 0.000360381 0.000181898 0.000101231 6.09469e-05 3.89271e-05 2.59531e-05 1.78473e-05 1.25535e-05 8.97957e-06 6.50578e-06 4.76066e-06 3.51135e-06 2.60655e-06 1.94514e-06 1.45797e-06 1.09688e-06 8.27827e-07 6.26455e-07 4.75158e-07 3.61103e-07 2.74868e-07 2.09495e-07 1.59823e-07 1.22089e-07 9.32985e-08 7.12837e-08 5.44118e-08 4.14485e-08 3.14569e-08 2.42356e-08
0.00301761 0.000257142 0.000129115 7.15791e-05 4.29897e-05 2.74189e-05 1.82653e-05 1.25535e-05 8.82574e-06 6.31008e-06 4.56943e-06 3.34196e-06 2.4636e-06 1.82776e-06 1.3632e-06 1.02121e-06 7.67867e-07 5.79211e-07 4.38096e-07 3.32135e-07 2.52303e-07 1.91981e-07 1.46282e-07 1.11618e-07 8.52367e-08 6.51163e-08 4.97376e-08 3.79562e-08 2.89077e-08 2.19365e-08 1.68934e-08
0.00235069 0.000185657 9.29045e-05 5.13782e-05 3.08103e-05 1.96334e-05 1.30714e-05 8.97957e-06 6.31008e-06 4.50917e-06 3.26349e-06 2.38543e-06 1.7574e-06 1.30302e-06 9.71238e-07 7.2714e-07 5.46431e-07 4.11946e-07 3.11414e-07 2.35974e-07 1.79172e-07 1.36279e-07 1.0382e-07 7.91853e-08 6.04468e-08 4.61622e-08 3.5249e-08 2.68923e-08 2.0477e-08 1.55369e-08 1.19599e-08
0.00183995 0.000135343 6.75793e-05 3.73153e-05 2.23559e-05 1.42375e-05 9.47461e-06 6.50578e-06 4.56943e-06 3.26349e-06 2.36052e-06 1.72432e-06 1.26953e-06 9.40683e-07 7.00712e-07 5.24276e-07 3.93745e-07 2.96665e-07 2.24142e-07 1.69755e-07 1.28831e-07 9.79533e-08 7.45886e-08 5.68656e-08 4.33916e-08 3.31254e-08 2.5286e-08 1.9286e-08 1.4682e-08 1.11384e-08 8.57052e-09
0.00144524 9.94503e-05 4.95911e-05 2.73572e-05 1.63802e-05 1.04274e-05 6.93631e-06 4.76066e-06 3.34196e-06 2.38543e-06 1.72432e-06 1.25877e-06 9.26152e-07 6.858e-07 5.1052e-07 3.81734e-07 2.86517e-07 2.1575e-07 1.62917e-07 1.23321e-07 9.35482e-08 7.10924e-08 5.41098e-08 4.1235e-08 3.14519e-08 2.40017e-08 1.83155e-08 1.39656e-08 1.06294e-08 8.06284e-09 6.20149e-09
0.00113817 7.35599e-05 3.66532e-05 2.02094e-05 1.2096e-05 7.69759e-06 5.11846e-06 3.51135e-06 2.4636e-06 1.7574e-06 1.26953e-06 9.26152e-07 6.80976e-07 5.0392e-07 3.74886e-07 2.80141e-07 2.10139e-07 1.58145e-07 1.19353e-07 9.02999e-08 6.84647e-08 5.2005e-08 3.9564e-08 3.01373e-08 2.2978e-08 1.75287e-08 1.33717e-08 1.01931e-08 7.75642e-09 5.88279e-09 4.52294e-09
0.000898104 5.47109e-05 2.72519e-05 1.50221e-05 8.98931e-06 5.71898e-06 3.80137e-06 2.60655e-06 1.82776e-06 1.30302e-06 9.40683e-07 6.858e-07 5.0392e-07 3.72659e-07 2.77061e-07 2.06914e-07 1.5512e-07 1.16674e-07 8.80083e-08 6.65505e-08 5.04331e-08 3.82905e-08 2.91174e-08 2.21705e-08 1.68972e-08 1.28854e-08 9.82641e-09 7.48853e-09 5.69717e-09 4.32041e-09 3.32047e-09
0.000709713 4.08819e-05 2.03627e-05 1.1224e-05 6.71565e-06 4.27145e-06 2.83814e-06 1.94514e-06 1.3632e-06 9.71238e-07 7.00712e-07 5.1052e-07 3.74886e-07 2.77061e-07 2.05862e-07 1.5365e-07 1.15124e-07 8.65442e-08 6.5247e-08 4.93141e-08 3.73532e-08 2.83468e-08 2.15466e-08 1.63993e-08 1.2494e-08 9.52428e-09 7.26098e-09 5.53199e-09 4.2078e-09 3.19056e-09 2.45123e-09
0.000561458 3.06695e-05 1.52786e-05 8.42229e-06 5.03904e-06 3.20436e-06 2.12834e-06 1.45797e-06 1.02121e-06 7.2714e-07 5.24276e-07 3.81734e-07 2.80141e-07 2.06914e-07 1.5365e-07 1.14616e-07 8.58304e-08 6.4489e-08 4.85947e-08 3.67104e-08 2.77937e-08 2.1083e-08 1.60186e-08 1.21871e-08 9.28146e-09 7.07297e-09 5.39056e-09 4.1059e-09 3.12244e-09 2.3673e-09 1.81811e-09
0.000444533 2.30861e-05 1.15044e-05 6.34292e-06 3.79493e-06 2.41274e-06 1.60198e-06 1.09688e-06 7.67867e-07 5.46431e-07 3.93745e-07 2.86517e-07 2.10139e-07 1.5512e-07 1.15124e-07 8.58304e-08 6.42403e-08 4.82427e-08 3.63349e-08 2.74361e-08 2.07628e-08 1.5743e-08 1.19566e-08 9.0932e-09 6.92275e-09 5.27379e-09 4.01817e-09 3.05981e-09 2.32646e-09 1.76361e-09 1.35401e-09
0.000352163 1.74281e-05 8.68857e-06 4.7916e-06 2.86687e-06 1.82238e-06 1.20958e-06 8.27827e-07 5.79211e-07 4.11946e-07 2.96665e-07 2.1575e-07 1.58145e-07 1.16674e-07 8.65442e-08 6.4489e-08 4.82427e-08 3.62114e-08 2.72605e-08 2.05749e-08 1.55638e-08 1.17962e-08 8.95554e-09 6.80837e-09 5.18151e-09 3.94606e-09 3.00571e-09 2.28827e-09 1.73951e-09 1.31852e-09 1.01197e-09
0.000279096 1.31892e-05 6.57861e-06 3.62908e-06 2.17146e-06 1.38012e-06 9.15743e-07 6.26455e-07 4.38096e-07 3.11414e-07 2.24142e-07 1.62917e-07 1.19353e-07 8.80083e-08 6.5247e-08 4.85947e-08 3.63349e-08 2.72605e-08 2.0513e-08 1.54756e-08 1.17016e-08 8.86546e-09 6.72806e-09 5.11315e-09 3.89008e-09 2.96165e-09 2.25527e-09 1.71655e-09 1.30466e-09 9.888e-10 7.58672e-10
0.000221236 1.0002e-05 4.99162e-06 2.75456e-06 1.64835e-06 1.04752e-06 6.94857e-07 4.75158e-07 3.32135e-07 2.35974e-07 1.69755e-07 1.23321e-07 9.02999e-08 6.65505e-08 4.93141e-08 3.67104e-08 2.74361e-08 2.05749e-08 1.54756e-08 1.16704e-08 8.82093e-09 6.68045e-09 5.06803e-09 3.85026e-09 2.92835e-09 2.2288e-09 1.69676e-09 1.29117e-09 9.81173e-10 7.4355e-10 5.7033e-10
0.00017538 7.59783e-06 3.79398e-06 2.09445e-06 1.25352e-06 7.96547e-07 5.28252e-07 3.61103e-07 2.52303e-07 1.79172e-07 1.28831e-07 9.35482e-08 6.84647e-08 5.04331e-08 3.73532e-08 2.77937e-08 2.07628e-08 1.55638e-08 1.17016e-08 8.82093e-09 6.66468e-09 5.04562e-09 3.82647e-09 2.90608e-09 2.20957e-09 1.68125e-09 1.2796e-09 9.73508e-10 7.39656e-10 5.60467e-10 4.29775e-10
0.000139011 5.77891e-06 2.88742e-06 1.59466e-06 9.54595e-07 6.06597e-07 4.02215e-07 2.74868e-07 1.91981e-07 1.36279e-07 9.79533e-08 7.10924e-08 5.2005e-08 3.82905e-08 2.83468e-08 2.1083e-08 1.5743e-08 1.17962e-08 8.86546e-09 6.68045e-09 5.04562e-09 3.81856e-09 2.89494e-09 2.19793e-09 1.67066e-09 1.27085e-09 9.67004e-10 7.35537e-10 5.58758e-10 4.23351e-10 3.24543e-10
0.000110144 4.39897e-06 2.19925e-06 1.21519e-06 7.27658e-07 4.6244e-07 3.06611e-07 2.09495e-07 1.46282e-07 1.0382e-07 7.45886e-08 5.41098e-08 3.9564e-08 2.91174e-08 2.15466e-08 1.60186e-08 1.19566e-08 8.95554e-09 6.72806e-09 5.06803e-09 3.82647e-09 2.89494e-09 2.19404e-09 1.66529e-09 1.26544e-09 9.62355e-10 7.32095e-10 5.56745e-10 4.22871e-10 3.20365e-10 2.45528e-10
8.72135e-05 3.34921e-06 1.67543e-06 9.26296e-07 5.5492e-07 3.52762e-07 2.33918e-07 1.59823e-07 1.11618e-07 7.91853e-08 5.68656e-08 4.1235e-08 3.01373e-08 2.21705e-08 1.63993e-08 1.21871e-08 9.0932e-09 6.80837e-09 5.11315e-09 3.85026e-09 2.90608e-09 2.19793e-09 1.66529e-09 1.26361e-09 9.59945e-10 7.29852e-10 5.55099e-10 4.22062e-10 3.20526e-10 2.42807e-10 1.86041e-10
6.89809e-05 2.54837e-06 1.2756e-06 7.05765e-07 4.23107e-07 2.69122e-07 1.78526e-07 1.22089e-07 8.52367e-08 6.04468e-08 4.33916e-08 3.14519e-08 2.2978e-08 1.68972e-08 1.2494e-08 9.28146e-09 6.92275e-09 5.18151e-09 3.89008e-09 2.92835e-09 2.20957e-09 1.67066e-09 1.26544e-09 9.59945e-10 7.29076e-10 5.54191e-10 4.2141e-10 3.20356e-10 2.43253e-10 1.84255e-10 1.41145e-10
5.44633e-05 1.93555e-06 9.69492e-07 5.36961e-07 3.22281e-07 2.05208e-07 1.36458e-07 9.32985e-08 6.51163e-08 4.61622e-08 3.31254e-08 2.40017e-08 1.75287e-08 1.28854e-08 9.52428e-09 7.07297e-09 5.27379e-09 3.94606e-09 2.96165e-09 2.2288e-09 1.68125e-09 1.27085e-09 9.62355e-10 7.29852e-10 5.54191e-10 4.21166e-10 3.20194e-10 2.43371e-10 1.84773e-10 1.39947e-10 1.0718e-10
4.28801e-05 1.46496e-06 7.34382e-07 4.07397e-07 2.44995e-07 1.56835e-07 1.04281e-07 7.12837e-08 4.97376e-08 3.5249e-08 2.5286e-08 1.83155e-08 1.33717e-08 9.82641e-09 7.26098e-09 5.39056e-09 4.01817e-09 3.00571e-09 2.25527e-09 1.69676e-09 1.2796e-09 9.67004e-10 7.32095e-10 5.55099e-10 4.2141e-10 3.20194e-10 2.43387e-10 1.84964e-10 1.40412e-10 1.06341e-10 8.14264e-11
3.36094e-05 1.10208e-06 5.53166e-07 3.07707e-07 1.87055e-07 1.1975e-07 7.96147e-08 5.44118e-08 3.79562e-08 2.68923e-08 1.9286e-08 1.39656e-08 1.01931e-08 7.48853e-09 5.53199e-09 4.1059e-09 3.05981e-09 2.28827e-09 1.71655e-09 1.29117e-09 9.73508e-10 7.35537e-10 5.56745e-10 4.22062e-10 3.20356e-10 2.43371e-10 1.84964e-10 1.40547e-10 1.06683e-10 8.07914e-11 6.1852e-11
2.6154e-05 8.20904e-07 4.13025e-07 2.34427e-07 1.42528e-07 9.12442e-08 6.06568e-08 4.14485e-08 2.89077e-08 2.0477e-08 1.4682e-08 1.06294e-08 7.75642e-09 5.69717e-09 4.2078e-09 3.12244e-09 2.32646e-09 1.73951e-09 1.30466e-09 9.81173e-10 7.39656e-10 5.58758e-10 4.22871e-10 3.20526e-10 2.43253e-10 1.84773e-10 1.40412e-10 1.06683e-10 8.09721e-11 6.13176e-11 4.6937e-11
2.01149e-05 6.01919e-07 3.13499e-07 1.77953e-07 1.08195e-07 6.9262e-08 4.60398e-08 3.14569e-08 2.19365e-08 1.55369e-08 1.11384e-08 8.06284e-09 5.88279e-09 4.32041e-09 3.19056e-09 2.3673e-09 1.76361e-09 1.31852e-09 9.888e-10 7.4355e-10 5.60467e-10 4.23351e-10 3.20365e-10 2.42807e-10 1.84255e-10 1.39947e-10 1.06341e-10 8.07914e-11 6.13176e-11 4.64325e-11 3.554e-11
1.59487e-05 4.63833e-07 2.4173e-07 1.37249e-07 8.34424e-08 5.3403e-08 3.54853e-08 2.42356e-08 1.68934e-08 1.19599e-08 8.57052e-09 6.20149e-09 4.52294e-09 3.32047e-09 2.45123e-09 1.81811e-09 1.35401e-09 1.01197e-09 7.58672e-10 5.7033e-10 4.29775e-10 3.24543e-10 2.45528e-10 1.86041e-10 1.41145e-10 1.0718e-10 8.14264e-11 6.1852e-11 4.6937e-11 3.554e-11 2.71967e-11
