0.00758483 0.00586101 0.00452896 0.00349965 0.00270428 0.00208967 0.00161474 0.00124776 0.000964175 0.000745045 0.000575716 0.000444872 0.000343764 0.000265636 0.000205264 0.000158613 0.000122565 9.47092e-05 7.31844e-05 5.65516e-05 4.36989e-05 3.37674e-05 2.6093e-05 2.01627e-05 1.55803e-05 1.20393e-05 9.30311e-06 7.18877e-06 5.55496e-06 4.29247e-06 3.31691e-06 2.56306e-06 1.98055e-06 1.53042e-06 1.1826e-06 9.13828e-07 7.0614e-07 5.45654e-07 4.21641e-07 3.25814e-07 2.51765e-07 1.94546e-07 1.50331e-07 1.16165e-07 8.97637e-08 6.93628e-08 5.35986e-08 4.14171e-08 3.20041e-08 2.47304e-08 1.91099e-08 1.47667e-08 1.14107e-08 8.81732e-09 6.81339e-09 5.26489e-09 4.06832e-09 3.14371e-09 2.42923e-09 1.87713e-09 1.45051e-09 1.12085e-09 8.6611e-10 6.69267e-10 5.17161e-10 3.99624e-10 3.088e-10 2.38619e-10 1.84387e-10 1.42481e-10 1.10099e-10 8.50764e-11 6.57409e-11 5.07998e-11 3.92544e-11 3.03329e-11 2.34391e-11 1.8112e-11 1.39956e-11 1.08148e-11 8.3569e-12 6.45761e-12 4.98997e-12 3.85588e-12 2.97955e-12 2.30238e-12 1.77911e-12 1.37477e-12 1.06232e-12 8.20883e-13 6.34319e-13 4.90156e-13 3.78757e-13 2.92676e-13 2.26158e-13 1.74759e-13 1.35041e-13 1.0435e-13 8.06339e-14 6.2308e-14 4.81471e-14
0.00586101 0.00486321 0.00401622 0.00330302 0.00270656 0.0022106 0.00180028 0.00146229 0.00118493 0.00095812 0.000773198 0.000622842 0.000500892 0.000402202 0.000322498 0.000258249 0.000206546 0.000165005 0.000131677 0.000104976 8.36097e-05 6.65332e-05 5.29001e-05 4.20272e-05 3.33641e-05 2.6468e-05 2.09831e-05 1.66242e-05 1.31627e-05 1.0416e-05 8.23789e-06 6.51181e-06 5.1448e-06 4.06281e-06 3.20689e-06 2.53016e-06 1.9954e-06 1.57302e-06 1.23956e-06 9.76421e-07 7.68865e-07 6.05218e-07 4.76242e-07 3.7463e-07 2.94606e-07 2.31606e-07 1.82025e-07 1.43017e-07 1.12339e-07 8.82175e-08 6.92579e-08 5.43596e-08 4.26559e-08 3.34642e-08 2.62473e-08 2.05822e-08 1.61365e-08 1.26484e-08 9.91227e-09 7.76654e-09 6.08414e-09 4.7653e-09 3.73167e-09 2.92173e-09 2.28719e-09 1.79017e-09 1.40092e-09 1.09614e-09 8.57532e-10 6.70764e-10 5.24596e-10 4.10222e-10 3.20739e-10 2.50741e-10 1.95993e-10 1.53179e-10 1.19702e-10 9.353e-11 7.30714e-11 5.7081e-11 4.45846e-11 3.482e-11 2.7191e-11 2.12311e-11 1.65758e-11 1.29399e-11 1.01004e-11 7.88329e-12 6.15221e-12 4.8008e-12 3.74588e-12 2.9225e-12 2.27989e-12 1.77843e-12 1.38714e-12 1.08185e-12 8.43673e-13 6.5788e-13 5.1296e-13 3.99932e-13 3.11784e-13
0.00452896 0.00401622 0.00351734 0.00304915 0.00262089 0.0022366 0.00189685 0.00160007 0.00134335 0.00112309 0.000935437 0.000776516 0.000642632 0.000530358 0.000436592 0.000358568 0.000293857 0.000240347 0.000196219 0.000159919 0.000130126 0.000105724 8.57778e-05 6.95026e-05 5.62452e-05 4.5463e-05 3.67069e-05 2.96059e-05 2.38547e-05 1.92024e-05 1.54434e-05 1.24095e-05 9.9634e-06 7.99315e-06 6.40768e-06 5.13298e-06 4.10901e-06 3.28713e-06 2.62795e-06 2.09967e-06 1.6766e-06 1.33801e-06 1.06721e-06 8.5077e-07 6.77878e-07 5.39854e-07 4.29728e-07 3.4191e-07 2.71916e-07 2.16157e-07 1.7176e-07 1.36427e-07 1.08319e-07 8.59693e-08 6.82058e-08 5.40931e-08 4.28855e-08 3.39885e-08 2.69283e-08 2.13277e-08 1.68867e-08 1.33663e-08 1.05767e-08 8.36683e-09 6.61683e-09 5.23141e-09 4.13495e-09 3.26744e-09 2.58127e-09 2.03869e-09 1.60976e-09 1.27077e-09 1.00293e-09 7.91368e-10 6.24291e-10 4.9238e-10 3.88259e-10 3.06092e-10 2.41264e-10 1.90128e-10 1.49801e-10 1.18004e-10 9.29395e-11 7.31851e-11 5.7619e-11 4.53557e-11 3.56962e-11 2.80891e-11 2.20995e-11 1.73842e-11 1.36727e-11 1.0752e-11 8.45381e-12 6.64586e-12 5.22378e-12 4.10538e-12 3.22597e-12 2.53457e-12 1.99108e-12 1.56391e-12 1.22822e-12
0.00349965 0.00330302 0.00304915 0.0027671 0.00247715 0.00219298 0.0019234 0.00167365 0.00144641 0.0012426 0.00106192 0.000903273 0.000765119 0.00064565 0.000542969 0.00045519 0.000380507 0.000317236 0.00026384 0.000218933 0.000181285 0.000149816 0.00012358 0.000101762 8.36584e-05 6.86699e-05 5.62846e-05 4.60696e-05 3.76592e-05 3.07459e-05 2.5072e-05 2.04222e-05 1.66168e-05 1.35067e-05 1.09678e-05 8.89784e-06 7.21201e-06 5.84052e-06 4.72591e-06 3.82095e-06 3.08691e-06 2.49203e-06 2.01035e-06 1.62065e-06 1.30563e-06 1.05116e-06 8.45764e-07 6.80091e-07 5.46552e-07 4.38986e-07 3.52397e-07 2.82737e-07 2.2673e-07 1.81727e-07 1.45585e-07 1.16577e-07 9.33051e-08 7.46458e-08 5.96921e-08 4.77139e-08 3.81235e-08 3.04486e-08 2.43093e-08 1.94004e-08 1.5477e-08 1.23426e-08 9.83948e-09 7.84128e-09 6.24677e-09 4.97485e-09 3.96063e-09 3.15219e-09 2.50799e-09 1.99484e-09 1.58622e-09 1.26093e-09 1.00207e-09 7.96129e-10 6.32341e-10 5.02116e-10 3.98605e-10 3.16353e-10 2.5101e-10 1.99115e-10 1.57911e-10 1.25205e-10 9.92489e-11 7.86562e-11 6.23222e-11 4.93694e-11 3.91003e-11 3.09606e-11 2.45103e-11 1.94e-11 1.5352e-11 1.21463e-11 9.60813e-12 7.59891e-12 6.00873e-12 4.75044e-12 3.75497e-12
0.00270428 0.00270656 0.00262089 0.00247715 0.002298 0.00210035 0.00189645 0.001695 0.00150186 0.0013208 0.00115398 0.00100241 0.000866276 0.000745166 0.000638307 0.000544691 0.000463188 0.00039262 0.00033182 0.000279668 0.000235113 0.000197187 0.000165011 0.000137798 0.000114847 9.55423e-05 7.93437e-05 6.57826e-05 5.4454e-05 4.50093e-05 3.71501e-05 3.06218e-05 2.52083e-05 2.07264e-05 1.70213e-05 1.39627e-05 1.14415e-05 9.36573e-06 7.65896e-06 6.25722e-06 5.10733e-06 4.16505e-06 3.39371e-06 2.76293e-06 2.2476e-06 1.82698e-06 1.48397e-06 1.20449e-06 9.76959e-07 7.91875e-07 6.41433e-07 5.19242e-07 4.20069e-07 3.39633e-07 2.74439e-07 2.21634e-07 1.78891e-07 1.44313e-07 1.16358e-07 9.3771e-08 7.55309e-08 6.08094e-08 4.89343e-08 3.93601e-08 3.16449e-08 2.5431e-08 2.04285e-08 1.64032e-08 1.31657e-08 1.0563e-08 8.47152e-09 6.79157e-09 5.44274e-09 4.36021e-09 3.49174e-09 2.79528e-09 2.23697e-09 1.78957e-09 1.43119e-09 1.14421e-09 9.14483e-10 7.30656e-10 5.83605e-10 4.66011e-10 3.72003e-10 2.96875e-10 2.36852e-10 1.88914e-10 1.50637e-10 1.20084e-10 9.57025e-11 7.6252e-11 6.07394e-11 4.83707e-11 3.85113e-11 3.06543e-11 2.43945e-11 1.94085e-11 1.54381e-11 1.22772e-11 9.76128e-12
0.00208967 0.0022106 0.0022366 0.00219298 0.00210035 0.0019751 0.00183008 0.00167511 0.00151753 0.00136267 0.00121423 0.00107467 0.000945443 0.000827295 0.000720405 0.000624565 0.000539301 0.000463959 0.000397786 0.000339978 0.000289721 0.00024622 0.000208717 0.000176504 0.000148928 0.000125394 0.000105367 8.83721e-05 7.39852e-05 6.18351e-05 5.15966e-05 4.2987e-05 3.57613e-05 2.97084e-05 2.46468e-05 2.04212e-05 1.68992e-05 1.3968e-05 1.15322e-05 9.51063e-06 7.83521e-06 6.44837e-06 5.30181e-06 4.35499e-06 3.57399e-06 2.93047e-06 2.40076e-06 1.96518e-06 1.60734e-06 1.31364e-06 1.0728e-06 8.7548e-07 7.13944e-07 5.81813e-07 4.73819e-07 3.8562e-07 3.13641e-07 2.5494e-07 2.07101e-07 1.68141e-07 1.36433e-07 1.10643e-07 8.96798e-08 7.26501e-08 5.88239e-08 4.76052e-08 3.85071e-08 3.1133e-08 2.51592e-08 2.03223e-08 1.6408e-08 1.32419e-08 1.06821e-08 8.61356e-09 6.94273e-09 5.59376e-09 4.50512e-09 3.62695e-09 2.91885e-09 2.34813e-09 1.88832e-09 1.51801e-09 1.21989e-09 9.79988e-10 7.86998e-10 6.31806e-10 5.07053e-10 4.06803e-10 3.26272e-10 2.61603e-10 2.09689e-10 1.68027e-10 1.34604e-10 1.07798e-10 8.63064e-11 6.90804e-11 5.52776e-11 4.42209e-11 3.53664e-11 2.82776e-11 2.2604e-11
0.00161474 0.00180028 0.00189685 0.0019234 0.00189645 0.00183008 0.001736 0.00162375 0.00150096 0.00137354 0.00124603 0.00112175 0.00100304 0.000891486 0.000788025 0.000693135 0.000606928 0.000529249 0.000459758 0.000397986 0.000343389 0.00029538 0.00025336 0.000216739 0.000184947 0.000157446 0.000133735 0.000113356 9.58905e-05 8.09621e-05 6.82345e-05 5.74089e-05 4.82217e-05 4.04413e-05 3.38654e-05 2.83181e-05 2.36469e-05 1.97202e-05 1.64246e-05 1.36632e-05 1.13526e-05 9.42214e-06 7.81139e-06 6.46919e-06 5.35216e-06 4.42365e-06 3.65275e-06 3.01341e-06 2.48376e-06 2.04543e-06 1.68305e-06 1.38374e-06 1.13677e-06 9.33153e-07 7.6544e-07 6.27415e-07 5.13916e-07 4.2066e-07 3.44097e-07 2.81285e-07 2.29794e-07 1.87612e-07 1.53081e-07 1.24832e-07 1.01738e-07 8.28693e-08 6.74633e-08 5.48921e-08 4.464e-08 3.62842e-08 2.94777e-08 2.39363e-08 1.94273e-08 1.57603e-08 1.27796e-08 1.0358e-08 8.39157e-09 6.79553e-09 5.50072e-09 4.45078e-09 3.59979e-09 2.91035e-09 2.35203e-09 1.90009e-09 1.53442e-09 1.23866e-09 9.99544e-10 8.06303e-10 6.50194e-10 5.24129e-10 4.22364e-10 3.40245e-10 2.74003e-10 2.20587e-10 1.77528e-10 1.42831e-10 1.14879e-10 9.23704e-11 7.42498e-11 5.96667e-11 4.79342e-11
0.00124776 0.00146229 0.00160007 0.00167365 0.001695 0.00167511 0.00162375 0.00154936 0.00145906 0.00135875 0.00125316 0.00114605 0.00104029 0.000938016 0.000840732 0.000749452 0.00066478 0.000587004 0.000516166 0.000452126 0.000394614 0.000343269 0.000297675 0.000257384 0.000221936 0.000190875 0.000163762 0.000140176 0.000119724 0.000102045 8.68042e-05 7.3701e-05 6.24636e-05 5.28489e-05 4.46409e-05 3.76485e-05 3.17036e-05 2.66589e-05 2.23858e-05 1.87725e-05 1.57223e-05 1.31513e-05 1.09876e-05 9.16936e-06 7.64346e-06 6.36463e-06 5.29425e-06 4.39944e-06 3.6523e-06 3.02918e-06 2.51006e-06 2.07806e-06 1.71892e-06 1.42065e-06 1.17318e-06 9.68052e-07 7.98172e-07 6.57609e-07 5.41404e-07 4.45415e-07 3.6619e-07 3.00853e-07 2.4701e-07 2.02673e-07 1.66189e-07 1.3619e-07 1.11538e-07 9.12953e-08 7.46834e-08 6.106e-08 4.98944e-08 4.07486e-08 3.32619e-08 2.71367e-08 2.21284e-08 1.80355e-08 1.46925e-08 1.19635e-08 9.73691e-09 7.9211e-09 6.44105e-09 5.23525e-09 4.25336e-09 3.45418e-09 2.804e-09 2.27528e-09 1.84552e-09 1.49635e-09 1.21277e-09 9.82569e-10 7.95766e-10 6.44243e-10 5.21385e-10 4.21807e-10 3.4113e-10 2.75789e-10 2.22889e-10 1.80077e-10 1.45441e-10 1.17429e-10 9.47826e-11
0.000964175 0.00118493 0.00134335 0.00144641 0.00150186 0.00151753 0.00150096 0.00145906 0.00139806 0.00132334 0.00123949 0.00115033 0.00105894 0.000967779 0.000878726 0.00079318 0.000712129 0.000636226 0.000565848 0.000501156 0.000442143 0.000388672 0.000340518 0.000297389 0.000258953 0.000224855 0.000194734 0.000168227 0.000144985 0.000124674 0.00010698 9.16114e-05 7.82984e-05 6.67963e-05 5.6883e-05 4.83589e-05 4.10454e-05 3.47836e-05 2.94329e-05 2.48695e-05 2.09844e-05 1.76825e-05 1.4881e-05 1.25078e-05 1.05004e-05 8.80495e-06 7.37494e-06 6.17046e-06 5.15725e-06 4.30601e-06 3.59171e-06 2.99302e-06 2.49179e-06 2.07262e-06 1.72245e-06 1.43021e-06 1.18656e-06 9.83617e-07 8.14742e-07 6.7434e-07 5.57714e-07 4.60921e-07 3.80654e-07 3.14146e-07 2.59082e-07 2.13528e-07 1.75869e-07 1.4476e-07 1.1908e-07 9.78965e-08 8.04334e-08 6.60471e-08 5.42032e-08 4.44584e-08 3.64458e-08 2.98613e-08 2.44536e-08 2.0015e-08 1.63738e-08 1.33884e-08 1.09421e-08 8.93852e-09 7.29843e-09 5.95656e-09 4.85922e-09 3.9623e-09 3.22954e-09 2.63118e-09 2.14279e-09 1.74434e-09 1.41941e-09 1.15455e-09 9.38748e-10 7.62992e-10 6.19909e-10 5.03472e-10 4.08757e-10 3.31741e-10 2.69142e-10 2.1828e-10 1.76969e-10
0.000745045 0.00095812 0.00112309 0.0012426 0.0013208 0.00136267 0.00137354 0.00135875 0.00132334 0.00127198 0.00120882 0.00113749 0.00106107 0.000982109 0.000902698 0.000824481 0.000748721 0.000676351 0.000608023 0.000544157 0.000484981 0.000430574 0.000380892 0.000335807 0.000295119 0.000258587 0.00022594 0.000196888 0.000171138 0.0001484 0.00012839 0.000110836 9.54849e-05 8.2097e-05 7.04527e-05 6.03504e-05 5.16069e-05 4.40566e-05 3.75507e-05 3.19562e-05 2.71548e-05 2.30419e-05 1.95249e-05 1.65228e-05 1.39642e-05 1.17872e-05 9.93764e-06 8.36854e-06 7.03924e-06 5.91462e-06 4.96441e-06 4.16256e-06 3.48675e-06 2.91782e-06 2.43942e-06 2.03758e-06 1.70042e-06 1.41782e-06 1.18118e-06 9.83226e-07 8.1779e-07 6.79656e-07 5.64424e-07 4.68378e-07 3.88393e-07 3.21838e-07 2.66503e-07 2.20532e-07 1.82369e-07 1.50713e-07 1.24472e-07 1.02737e-07 8.47451e-08 6.98626e-08 5.75601e-08 4.7397e-08 3.90064e-08 3.20836e-08 2.63753e-08 2.16712e-08 1.77968e-08 1.46077e-08 1.19841e-08 9.82694e-09 8.05419e-09 6.59813e-09 5.4028e-09 4.42201e-09 3.61765e-09 2.95831e-09 2.4181e-09 1.97569e-09 1.61356e-09 1.31726e-09 1.07494e-09 8.76846e-10 7.14981e-10 5.82772e-10 4.74831e-10 3.86739e-10 3.14876e-10
0.000575716 0.000773198 0.000935437 0.00106192 0.00115398 0.00121423 0.00124603 0.00125316 0.00123949 0.00120882 0.00116473 0.00111046 0.00104892 0.00098262 0.000913692 0.000843906 0.000774696 0.000707191 0.000642253 0.000580511 0.000522394 0.000468171 0.00041797 0.000371815 0.000329644 0.00029133 0.000256699 0.000225546 0.000197642 0.00017275 0.000150628 0.000131036 0.000113742 9.85231e-05 8.51693e-05 7.3484e-05 6.3285e-05 5.44051e-05 4.66917e-05 4.00063e-05 3.42242e-05 2.92334e-05 2.49338e-05 2.12366e-05 1.80629e-05 1.53432e-05 1.30164e-05 1.10288e-05 9.33356e-06 7.88971e-06 6.66171e-06 5.6187e-06 4.73396e-06 3.98443e-06 3.35021e-06 2.8142e-06 2.36171e-06 1.98014e-06 1.65873e-06 1.38827e-06 1.16092e-06 9.69996e-07 8.09811e-07 6.75543e-07 5.63101e-07 4.6902e-07 3.90369e-07 3.24673e-07 2.69843e-07 2.24118e-07 1.86015e-07 1.54288e-07 1.2789e-07 1.05941e-07 8.77054e-08 7.25642e-08 6.00013e-08 4.95845e-08 4.09527e-08 3.38046e-08 2.78888e-08 2.29959e-08 1.89514e-08 1.56101e-08 1.28513e-08 1.05749e-08 8.69734e-09 7.14972e-09 5.8747e-09 4.8248e-09 3.96072e-09 3.24993e-09 2.66551e-09 2.18523e-09 1.79073e-09 1.46682e-09 1.20101e-09 9.82964e-10 8.04182e-10 6.57657e-10 5.37621e-10
0.000444872 0.000622842 0.000776516 0.000903273 0.00100241 0.00107467 0.00112175 0.00114605 0.00115033 0.00113749 0.00111046 0.00107203 0.00102479 0.000971082 0.000912989 0.000852293 0.000790505 0.000728873 0.000668402 0.000609878 0.000553893 0.000500871 0.000451097 0.000404733 0.000361845 0.00032242 0.000286384 0.000253617 0.000223965 0.000197248 0.000173276 0.000151847 0.00013276 0.000115815 0.000100819 8.75865e-05 7.5943e-05 6.57244e-05 5.67788e-05 4.89662e-05 4.21584e-05 3.62391e-05 3.11027e-05 2.66546e-05 2.28098e-05 1.94924e-05 1.6635e-05 1.4178e-05 1.20687e-05 1.02606e-05 8.71298e-06 7.39029e-06 6.26138e-06 5.29915e-06 4.48005e-06 3.78367e-06 3.19234e-06 2.6908e-06 2.2659e-06 1.90634e-06 1.60239e-06 1.34571e-06 1.12919e-06 9.46707e-07 7.93068e-07 6.63833e-07 5.55224e-07 4.64031e-07 3.87527e-07 3.23401e-07 2.69694e-07 2.24749e-07 1.87166e-07 1.55764e-07 1.29546e-07 1.07671e-07 8.94343e-08 7.42405e-08 6.15908e-08 5.10661e-08 4.23154e-08 3.50442e-08 2.90062e-08 2.39954e-08 1.98395e-08 1.63947e-08 1.3541e-08 1.11783e-08 9.22323e-09 7.60636e-09 6.26989e-09 5.16579e-09 4.25412e-09 3.50173e-09 2.88111e-09 2.36942e-09 1.94776e-09 1.60044e-09 1.3145e-09 1.0792e-09 8.85649e-10
0.000343764 0.000500892 0.000642632 0.000765119 0.000866276 0.000945443 0.00100304 0.00104029 0.00105894 0.00106107 0.00104892 0.00102479 0.000990886 0.00094932 0.00090201 0.000850679 0.000796836 0.000741777 0.000686588 0.000632162 0.00057921 0.000528284 0.000479793 0.000434023 0.000391155 0.000351285 0.000314433 0.000280566 0.000249604 0.000221434 0.000195917 0.000172898 0.000152213 0.000133691 0.000117162 0.000102458 8.94165e-05 7.78822e-05 6.7708e-05 5.87564e-05 5.08994e-05 4.4019e-05 3.8007e-05 3.27648e-05 2.82029e-05 2.42407e-05 2.08058e-05 1.78331e-05 1.52649e-05 1.30498e-05 1.11422e-05 9.50192e-06 8.09361e-06 6.88616e-06 5.85235e-06 4.96837e-06 4.21348e-06 3.56964e-06 3.02116e-06 2.55448e-06 2.15784e-06 1.82111e-06 1.53554e-06 1.29362e-06 1.08887e-06 9.15766e-07 7.69548e-07 6.4616e-07 5.42131e-07 4.54502e-07 3.80752e-07 3.18736e-07 2.66629e-07 2.22885e-07 1.86189e-07 1.5543e-07 1.29667e-07 1.08104e-07 9.00699e-08 7.49975e-08 6.24093e-08 5.19029e-08 4.31399e-08 3.58356e-08 2.97513e-08 2.46862e-08 2.04723e-08 1.69686e-08 1.40571e-08 1.16391e-08 9.63218e-09 7.9673e-09 6.58694e-09 5.4431e-09 4.49574e-09 3.71153e-09 3.06271e-09 2.52616e-09 2.08267e-09 1.71629e-09 1.41375e-09
0.000265636 0.000402202 0.000530358 0.00064565 0.000745166 0.000827295 0.000891486 0.000938016 0.000967779 0.000982109 0.00098262 0.000971082 0.00094932 0.000919132 0.000882235 0.000840222 0.000794541 0.000746473 0.000697134 0.000647473 0.000598281 0.000550201 0.000503743 0.000459293 0.000417133 0.000377453 0.000340365 0.000305916 0.000274102 0.000244873 0.000218149 0.000193823 0.000171772 0.00015186 0.000133944 0.000117879 0.00010352 9.07233e-05 7.93523e-05 6.92752e-05 6.03676e-05 5.2513e-05 4.5603e-05 3.95375e-05 3.42247e-05 2.95805e-05 2.55288e-05 2.20005e-05 1.89336e-05 1.62723e-05 1.39669e-05 1.19729e-05 1.0251e-05 8.76629e-06 7.4879e-06 6.38872e-06 5.4449e-06 4.63556e-06 3.94241e-06 3.3495e-06 2.84295e-06 2.41067e-06 2.0422e-06 1.72846e-06 1.46161e-06 1.23487e-06 1.04242e-06 8.79219e-07 7.40964e-07 6.2395e-07 5.25003e-07 4.41409e-07 3.70847e-07 3.11336e-07 2.61187e-07 2.18962e-07 1.83436e-07 1.5357e-07 1.28481e-07 1.07422e-07 8.97563e-08 7.49491e-08 6.25462e-08 5.21643e-08 4.34799e-08 3.62202e-08 3.01554e-08 2.5092e-08 2.08673e-08 1.73445e-08 1.44087e-08 1.19636e-08 9.92824e-09 8.23502e-09 6.82716e-09 5.65721e-09 4.68549e-09 3.87884e-09 3.20956e-09 2.65454e-09 2.1945e-09
0.000205264 0.000322498 0.000436592 0.000542969 0.000638307 0.000720405 0.000788025 0.000840732 0.000878726 0.000902698 0.000913692 0.000912989 0.00090201 0.000882235 0.000855137 0.00082214 0.000784578 0.000743672 0.000700521 0.000656089 0.000611208 0.00056658 0.000522784 0.000480288 0.000439455 0.000400556 0.000363783 0.00032926 0.000297051 0.00026717 0.000239595 0.000214269 0.000191112 0.000170027 0.000150902 0.000133618 0.000118051 0.000104075 9.1566e-05 8.04014e-05 7.04642e-05 6.16421e-05 5.38295e-05 4.6927e-05 4.08423e-05 3.549e-05 3.07917e-05 2.66756e-05 2.30763e-05 1.99347e-05 1.71975e-05 1.48165e-05 1.27489e-05 1.09561e-05 9.4041e-06 8.06244e-06 6.90428e-06 5.9059e-06 5.04641e-06 4.30745e-06 3.6729e-06 3.12868e-06 2.66248e-06 2.26359e-06 1.92265e-06 1.63158e-06 1.38334e-06 1.17184e-06 9.91833e-07 8.38777e-07 7.08761e-07 5.98421e-07 5.04863e-07 4.25606e-07 3.58523e-07 3.01791e-07 2.53854e-07 2.1338e-07 1.79236e-07 1.50452e-07 1.26208e-07 1.058e-07 8.86363e-08 7.42099e-08 6.20932e-08 5.19234e-08 4.33933e-08 3.62433e-08 3.02541e-08 2.52403e-08 2.10456e-08 1.75385e-08 1.4608e-08 1.21607e-08 1.01182e-08 8.41438e-09 6.99397e-09 5.81045e-09 4.82486e-09 4.00452e-09 3.32209e-09
0.000158613 0.000258249 0.000358568 0.00045519 0.000544691 0.000624565 0.000693135 0.000749452 0.00079318 0.000824481 0.000843906 0.000852293 0.000850679 0.000840222 0.00082214 0.000797656 0.000767959 0.000734176 0.00069735 0.000658423 0.000618236 0.000577517 0.000536892 0.000496883 0.000457915 0.000420328 0.000384381 0.000350264 0.000318103 0.000287976 0.000259913 0.000233908 0.000209925 0.000187907 0.000167776 0.000149441 0.000132802 0.000117755 0.00010419 9.19992e-05 8.10747e-05 7.13117e-05 6.26095e-05 5.4872e-05 4.80086e-05 4.19343e-05 3.657e-05 3.18425e-05 2.76846e-05 2.40347e-05 2.08365e-05 1.80392e-05 1.55967e-05 1.34674e-05 1.16143e-05 1.00039e-05 8.60657e-06 7.39585e-06 6.34828e-06 5.4431e-06 4.66199e-06 3.98881e-06 3.40935e-06 2.91118e-06 2.48338e-06 2.11644e-06 1.80204e-06 1.53296e-06 1.3029e-06 1.10641e-06 9.38758e-07 7.95847e-07 6.74144e-07 5.70598e-07 4.8258e-07 4.07828e-07 3.44397e-07 2.90618e-07 2.45061e-07 2.065e-07 1.73886e-07 1.46324e-07 1.23048e-07 1.03407e-07 8.68458e-08 7.28907e-08 6.11401e-08 5.12527e-08 4.29385e-08 3.59519e-08 3.00847e-08 2.51607e-08 2.10309e-08 1.75692e-08 1.46695e-08 1.22418e-08 1.02105e-08 8.51188e-09 7.09225e-09 5.90644e-09 4.91648e-09
0.000122565 0.000206546 0.000293857 0.000380507 0.000463188 0.000539301 0.000606928 0.00066478 0.000712129 0.000748721 0.000774696 0.000790505 0.000796836 0.000794541 0.000784578 0.000767959 0.000745711 0.000718837 0.000688298 0.000654986 0.000619719 0.000583229 0.000546158 0.000509064 0.000472415 0.000436602 0.000401938 0.000368669 0.000336978 0.000306995 0.000278803 0.000252444 0.000227925 0.000205228 0.00018431 0.000165112 0.000147559 0.000131571 0.000117056 0.000103921 9.20723e-05 8.14138e-05 7.18525e-05 6.3298e-05 5.56632e-05 4.88656e-05 4.28271e-05 3.74746e-05 3.27402e-05 2.85608e-05 2.48785e-05 2.16403e-05 1.87976e-05 1.63065e-05 1.41271e-05 1.22236e-05 1.05635e-05 9.11787e-06 7.86092e-06 6.76953e-06 5.8232e-06 5.00374e-06 4.29506e-06 3.68295e-06 3.15489e-06 2.6999e-06 2.3083e-06 1.97164e-06 1.68255e-06 1.43455e-06 1.22203e-06 1.0401e-06 8.84505e-07 7.5157e-07 6.38098e-07 5.4133e-07 4.5888e-07 3.88693e-07 3.28996e-07 2.78264e-07 2.35186e-07 1.98637e-07 1.67652e-07 1.41405e-07 1.19187e-07 1.00394e-07 8.45108e-08 7.10952e-08 5.97722e-08 5.02219e-08 4.21723e-08 3.5392e-08 2.96847e-08 2.48835e-08 2.08471e-08 1.74559e-08 1.46084e-08 1.22189e-08 1.02148e-08 8.53505e-09 7.12787e-09
9.47092e-05 0.000165005 0.000240347 0.000317236 0.00039262 0.000463959 0.000529249 0.000587004 0.000636226 0.000676351 0.000707191 0.000728873 0.000741777 0.000746473 0.000743672 0.000734176 0.000718837 0.000698523 0.000674089 0.000646357 0.000616098 0.000584024 0.000550774 0.000516918 0.000482953 0.000449301 0.000416317 0.000384293 0.000353457 0.000323988 0.000296012 0.000269618 0.000244854 0.000221739 0.000200266 0.000180406 0.000162115 0.000145333 0.000129991 0.000116014 0.000103321 9.18302e-05 8.14571e-05 7.21189e-05 6.37345e-05 5.62252e-05 4.95158e-05 4.35348e-05 3.82148e-05 3.34927e-05 2.93098e-05 2.56117e-05 2.23484e-05 1.94739e-05 1.69463e-05 1.47275e-05 1.27829e-05 1.10813e-05 9.59462e-06 8.29763e-06 7.16773e-06 6.18477e-06 5.33079e-06 4.58982e-06 3.94774e-06 3.39203e-06 2.91165e-06 2.49687e-06 2.13915e-06 1.83098e-06 1.56578e-06 1.3378e-06 1.14203e-06 9.74066e-07 8.30116e-07 7.0686e-07 6.01423e-07 5.1131e-07 4.34365e-07 3.6872e-07 3.12764e-07 2.65106e-07 2.2455e-07 1.90065e-07 1.60765e-07 1.3589e-07 1.14788e-07 9.68989e-08 8.17456e-08 6.89185e-08 5.80682e-08 4.88963e-08 4.11485e-08 3.46079e-08 2.90901e-08 2.44381e-08 2.05185e-08 1.7218e-08 1.44406e-08 1.21047e-08 1.01413e-08
7.31844e-05 0.000131677 0.000196219 0.00026384 0.00033182 0.000397786 0.000459758 0.000516166 0.000565848 0.000608023 0.000642253 0.000668402 0.000686588 0.000697134 0.000700521 0.00069735 0.000688298 0.000674089 0.000655463 0.000633154 0.000607871 0.000580283 0.00055101 0.000520618 0.00048961 0.00045843 0.00042746 0.000397024 0.000367388 0.000338769 0.000311335 0.000285212 0.000260487 0.000237215 0.000215423 0.000195113 0.000176268 0.000158854 0.000142824 0.000128121 0.000114681 0.000102436 9.13137e-05 8.12399e-05 7.2141e-05 6.39444e-05 5.65791e-05 4.99765e-05 4.40714e-05 3.88016e-05 3.41087e-05 2.99382e-05 2.62389e-05 2.2964e-05 2.00699e-05 1.75169e-05 1.52686e-05 1.32919e-05 1.15566e-05 1.00357e-05 8.70466e-06 7.54143e-06 6.52629e-06 5.64159e-06 4.87158e-06 4.20226e-06 3.62119e-06 3.11734e-06 2.68096e-06 2.30347e-06 1.97727e-06 1.69571e-06 1.45294e-06 1.24383e-06 1.06389e-06 9.09223e-07 7.76396e-07 6.62436e-07 5.64753e-07 4.81099e-07 4.09523e-07 3.48333e-07 2.96069e-07 2.51464e-07 2.13427e-07 1.81017e-07 1.53424e-07 1.29949e-07 1.09993e-07 9.30417e-08 7.86521e-08 6.64461e-08 5.60997e-08 4.73355e-08 3.99166e-08 3.36407e-08 2.8335e-08 2.38526e-08 2.00679e-08 1.68744e-08 1.41814e-08
5.65516e-05 0.000104976 0.000159919 0.000218933 0.000279668 0.000339978 0.000397986 0.000452126 0.000501156 0.000544157 0.000580511 0.000609878 0.000632162 0.000647473 0.000656089 0.000658423 0.000654986 0.000646357 0.000633154 0.000616014 0.00059557 0.000572437 0.000547199 0.000520401 0.000492541 0.000464068 0.000435378 0.000406817 0.00037868 0.000351212 0.000324616 0.00029905 0.000274636 0.000251462 0.000229585 0.000209039 0.000189832 0.000171956 0.000155386 0.000140086 0.00012601 0.000113104 0.000101307 9.05592e-05 8.07941e-05 7.19466e-05 6.39515e-05 5.67448e-05 5.02644e-05 4.44505e-05 3.92461e-05 3.45971e-05 3.04527e-05 2.67654e-05 2.34909e-05 2.05884e-05 1.80202e-05 1.57515e-05 1.37508e-05 1.19892e-05 1.04406e-05 9.08118e-06 7.88961e-06 6.84663e-06 5.93496e-06 5.13913e-06 4.44532e-06 3.84121e-06 3.31585e-06 2.85952e-06 2.46361e-06 2.12051e-06 1.82351e-06 1.56668e-06 1.34483e-06 1.1534e-06 9.88366e-07 8.46242e-07 7.23961e-07 6.18852e-07 5.28587e-07 4.51138e-07 3.84745e-07 3.27878e-07 2.79212e-07 2.37598e-07 2.02044e-07 1.71691e-07 1.45798e-07 1.23727e-07 1.04928e-07 8.89279e-08 7.53195e-08 6.37535e-08 5.39303e-08 4.5593e-08 3.85216e-08 3.25278e-08 2.74508e-08 2.3153e-08 1.95171e-08
4.36989e-05 8.36097e-05 0.000130126 0.000181285 0.000235113 0.000289721 0.000343389 0.000394614 0.000442143 0.000484981 0.000522394 0.000553893 0.00057921 0.000598281 0.000611208 0.000618236 0.000619719 0.000616098 0.000607871 0.00059557 0.000579746 0.00056095 0.000539717 0.000516559 0.000491957 0.000466352 0.000440143 0.000413688 0.000387299 0.000361243 0.000335747 0.000311 0.00028715 0.000264316 0.000242583 0.00022201 0.000202635 0.000184472 0.000167519 0.000151761 0.000137168 0.000123703 0.000111321 9.99713e-05 8.95995e-05 8.01488e-05 7.15609e-05 6.37776e-05 5.67413e-05 5.03955e-05 4.46856e-05 3.95592e-05 3.49666e-05 3.08604e-05 2.71965e-05 2.39333e-05 2.10324e-05 1.8458e-05 1.61775e-05 1.41604e-05 1.23794e-05 1.08091e-05 9.42674e-06 8.21161e-06 7.14499e-06 6.21001e-06 5.39152e-06 4.67595e-06 4.05114e-06 3.50626e-06 3.03166e-06 2.61875e-06 2.25992e-06 1.94845e-06 1.67837e-06 1.44444e-06 1.24202e-06 1.06705e-06 9.15961e-07 7.85613e-07 6.73268e-07 5.7653e-07 4.93306e-07 4.21772e-07 3.6034e-07 3.07628e-07 2.62436e-07 2.23723e-07 1.90588e-07 1.62248e-07 1.38028e-07 1.17346e-07 9.96969e-08 8.4648e-08 7.1825e-08 6.09065e-08 5.16161e-08 4.37164e-08 3.70036e-08 3.13033e-08 2.64658e-08
3.37674e-05 6.65332e-05 0.000105724 0.000149816 0.000197187 0.00024622 0.00029538 0.000343269 0.000388672 0.000430574 0.000468171 0.000500871 0.000528284 0.000550201 0.00056658 0.000577517 0.000583229 0.000584024 0.000580283 0.000572437 0.00056095 0.0005463 0.000528967 0.000509422 0.000488115 0.000465471 0.000441882 0.000417706 0.000393263 0.000368836 0.000344669 0.000320972 0.000297917 0.000275647 0.000254273 0.00023388 0.000214526 0.000196252 0.000179076 0.000163001 0.000148019 0.000134108 0.000121237 0.000109369 9.84602e-05 8.8464e-05 7.93302e-05 7.10073e-05 6.34433e-05 5.65862e-05 5.03848e-05 4.47893e-05 3.97517e-05 3.5226e-05 3.11685e-05 2.7538e-05 2.42956e-05 2.14052e-05 1.88331e-05 1.65482e-05 1.45219e-05 1.27276e-05 1.11414e-05 9.74127e-06 8.50713e-06 7.42087e-06 6.46611e-06 5.62805e-06 4.89339e-06 4.2502e-06 3.68779e-06 3.19661e-06 2.76814e-06 2.39481e-06 2.06989e-06 1.78741e-06 1.54209e-06 1.32927e-06 1.14483e-06 9.85144e-07 8.47025e-07 7.27676e-07 6.24643e-07 5.35776e-07 4.59196e-07 3.93264e-07 3.36547e-07 2.87799e-07 2.45934e-07 2.10011e-07 1.7921e-07 1.52821e-07 1.30231e-07 1.10907e-07 9.43881e-08 8.02783e-08 6.82347e-08 5.79619e-08 4.92056e-08 4.17469e-08 3.53978e-08
2.6093e-05 5.29001e-05 8.57778e-05 0.00012358 0.000165011 0.000208717 0.00025336 0.000297675 0.000340518 0.000380892 0.00041797 0.000451097 0.000479793 0.000503743 0.000522784 0.000536892 0.000546158 0.000550774 0.00055101 0.000547199 0.000539717 0.000528967 0.000515369 0.000499345 0.000481307 0.000461654 0.000440763 0.000418984 0.000396638 0.000374012 0.000351364 0.000328917 0.000306862 0.000285361 0.000264546 0.000244524 0.000225376 0.000207162 0.000189921 0.000173677 0.000158437 0.000144197 0.000130941 0.000118645 0.000107278 9.68029e-05 8.71787e-05 7.8362e-05 7.0307e-05 6.29671e-05 5.62957e-05 5.02464e-05 4.47737e-05 3.98337e-05 3.5384e-05 3.13841e-05 2.77956e-05 2.45824e-05 2.17104e-05 1.9148e-05 1.68658e-05 1.48365e-05 1.3035e-05 1.14382e-05 1.0025e-05 8.77611e-06 7.67404e-06 6.70288e-06 5.84822e-06 5.09709e-06 4.43778e-06 3.85981e-06 3.35375e-06 2.91118e-06 2.52458e-06 2.18727e-06 1.89327e-06 1.63731e-06 1.41469e-06 1.22128e-06 1.05341e-06 9.07859e-07 7.81772e-07 6.72653e-07 5.78306e-07 4.96805e-07 4.26463e-07 3.65806e-07 3.13544e-07 2.68554e-07 2.29855e-07 1.96595e-07 1.68031e-07 1.4352e-07 1.22502e-07 1.04494e-07 8.90748e-08 7.58828e-08 6.4604e-08 5.49676e-08 4.67402e-08
2.01627e-05 4.20272e-05 6.95026e-05 0.000101762 0.000137798 0.000176504 0.000216739 0.000257384 0.000297389 0.000335807 0.000371815 0.000404733 0.000434023 0.000459293 0.000480288 0.000496883 0.000509064 0.000516918 0.000520618 0.000520401 0.000516559 0.000509422 0.000499345 0.000486695 0.000471844 0.000455158 0.00043699 0.000417675 0.000397527 0.000376833 0.000355854 0.000334823 0.000313943 0.000293392 0.000273318 0.000253847 0.000235077 0.000217088 0.000199939 0.000183669 0.000168305 0.000153857 0.000140324 0.000127697 0.000115956 0.000105076 9.50246e-05 8.57672e-05 7.72655e-05 6.94791e-05 6.23663e-05 5.58852e-05 4.99936e-05 4.46504e-05 3.98152e-05 3.54489e-05 3.15141e-05 2.79752e-05 2.47984e-05 2.19519e-05 1.94059e-05 1.71326e-05 1.51061e-05 1.33027e-05 1.17001e-05 1.02783e-05 9.01876e-06 7.90449e-06 6.92014e-06 6.05174e-06 5.28665e-06 4.61345e-06 4.02185e-06 3.50258e-06 3.04736e-06 2.64874e-06 2.30009e-06 1.99548e-06 1.72964e-06 1.49788e-06 1.29604e-06 1.12043e-06 9.67802e-07 8.35274e-07 7.20308e-07 6.2067e-07 5.34396e-07 4.5976e-07 3.95248e-07 3.39535e-07 2.91463e-07 2.50016e-07 2.14312e-07 1.83578e-07 1.57145e-07 1.34427e-07 1.14917e-07 9.8174e-08 8.38168e-08 7.1514e-08 6.09789e-08
1.55803e-05 3.33641e-05 5.62452e-05 8.36584e-05 0.000114847 0.000148928 0.000184947 0.000221936 0.000258953 0.000295119 0.000329644 0.000361845 0.000391155 0.000417133 0.000439455 0.000457915 0.000472415 0.000482953 0.00048961 0.000492541 0.000491957 0.000488115 0.000481307 0.000471844 0.000460052 0.000446259 0.000430791 0.00041396 0.000396067 0.000377393 0.000358197 0.000338714 0.000319156 0.000299709 0.000280537 0.000261777 0.000243545 0.000225937 0.000209027 0.000192873 0.000177516 0.000162982 0.000149284 0.000136426 0.000124401 0.000113195 0.000102786 9.31476e-05 8.42502e-05 7.60599e-05 6.85411e-05 6.16565e-05 5.53684e-05 4.96388e-05 4.44301e-05 3.97053e-05 3.54286e-05 3.15653e-05 2.80824e-05 2.49484e-05 2.21335e-05 1.96097e-05 1.73509e-05 1.53326e-05 1.3532e-05 1.19283e-05 1.0502e-05 9.23548e-06 8.11239e-06 7.1179e-06 6.23849e-06 5.46186e-06 4.7769e-06 4.17354e-06 3.64272e-06 3.17628e-06 2.76688e-06 2.40797e-06 2.09366e-06 1.81872e-06 1.57847e-06 1.36876e-06 1.18588e-06 1.02657e-06 8.8792e-07 7.6737e-07 6.62655e-07 5.71778e-07 4.92982e-07 4.24722e-07 3.65639e-07 3.14543e-07 2.70392e-07 2.32272e-07 1.99387e-07 1.7104e-07 1.46623e-07 1.25608e-07 1.07534e-07 9.20013e-08 7.8662e-08
1.20393e-05 2.6468e-05 4.5463e-05 6.86699e-05 9.55423e-05 0.000125394 0.000157446 0.000190875 0.000224855 0.000258587 0.00029133 0.00032242 0.000351285 0.000377453 0.000400556 0.000420328 0.000436602 0.000449301 0.00045843 0.000464068 0.000466352 0.000465471 0.000461654 0.000455158 0.000446259 0.000435247 0.000422412 0.000408043 0.000392422 0.000375816 0.000358479 0.000340643 0.000322522 0.000304309 0.000286176 0.00026827 0.000250721 0.000233636 0.000217106 0.000201202 0.000185979 0.000171478 0.000157726 0.00014474 0.000132524 0.000121074 0.000110382 0.000100428 9.11917e-05 8.26462e-05 7.47624e-05 6.75087e-05 6.0852e-05 5.47584e-05 4.91934e-05 4.41229e-05 3.9513e-05 3.53307e-05 3.15442e-05 2.81227e-05 2.50369e-05 2.2259e-05 1.97627e-05 1.75233e-05 1.55178e-05 1.37246e-05 1.21237e-05 1.06968e-05 9.42681e-06 8.29808e-06 7.29632e-06 6.40847e-06 5.62261e-06 4.92794e-06 4.31465e-06 3.77388e-06 3.29762e-06 2.87867e-06 2.51055e-06 2.18747e-06 1.90422e-06 1.65616e-06 1.43915e-06 1.24949e-06 1.0839e-06 9.39472e-07 8.13622e-07 7.04062e-07 6.08773e-07 5.25971e-07 4.54083e-07 3.91726e-07 3.37682e-07 2.90882e-07 2.50388e-07 2.1538e-07 1.85138e-07 1.59033e-07 1.36518e-07 1.17112e-07 1.004e-07
9.30311e-06 2.09831e-05 3.67069e-05 5.62846e-05 7.93437e-05 0.000105367 0.000133735 0.000163762 0.000194734 0.00022594 0.000256699 0.000286384 0.000314433 0.000340365 0.000363783 0.000384381 0.000401938 0.000416317 0.00042746 0.000435378 0.000440143 0.000441882 0.000440763 0.00043699 0.000430791 0.000422412 0.000412109 0.000400144 0.000386773 0.000372249 0.000356812 0.000340689 0.000324093 0.000307216 0.000290235 0.000273305 0.000256565 0.000240134 0.000224112 0.000208583 0.000193617 0.000179265 0.000165568 0.000152554 0.000140241 0.000128635 0.000117735 0.000107536 9.80213e-05 8.91741e-05 8.09716e-05 7.33882e-05 6.63961e-05 5.99658e-05 5.40668e-05 4.86679e-05 4.37381e-05 3.92464e-05 3.51625e-05 3.1457e-05 2.81014e-05 2.50685e-05 2.23322e-05 1.98679e-05 1.76524e-05 1.56639e-05 1.3882e-05 1.22878e-05 1.08637e-05 9.59346e-06 8.46203e-06 7.45569e-06 6.56182e-06 5.76893e-06 5.06651e-06 4.44504e-06 3.89586e-06 3.41115e-06 2.98384e-06 2.60758e-06 2.27664e-06 1.98587e-06 1.73068e-06 1.50695e-06 1.31101e-06 1.13957e-06 9.89717e-07 8.58865e-07 7.4471e-07 6.45214e-07 5.58574e-07 4.83197e-07 4.17675e-07 3.6077e-07 3.1139e-07 2.68575e-07 2.31483e-07 1.99374e-07 1.71601e-07 1.47597e-07 1.26866e-07
7.18877e-06 1.66242e-05 2.96059e-05 4.60696e-05 6.57826e-05 8.83721e-05 0.000113356 0.000140176 0.000168227 0.000196888 0.000225546 0.000253617 0.000280566 0.000305916 0.00032926 0.000350264 0.000368669 0.000384293 0.000397024 0.000406817 0.000413688 0.000417706 0.000418984 0.000417675 0.00041396 0.000408043 0.000400144 0.000390491 0.000379318 0.000366856 0.000353329 0.000338956 0.000323941 0.000308477 0.000292738 0.000276886 0.000261064 0.000245398 0.00023 0.000214963 0.000200365 0.000186273 0.000172737 0.000159796 0.000147478 0.000135801 0.000124774 0.0001144 0.000104672 9.55807e-05 8.711e-05 7.92409e-05 7.19511e-05 6.52161e-05 5.90097e-05 5.33044e-05 4.80721e-05 4.32845e-05 3.89133e-05 3.49308e-05 3.13098e-05 2.80238e-05 2.50476e-05 2.23568e-05 1.99285e-05 1.77407e-05 1.5773e-05 1.40061e-05 1.24219e-05 1.10038e-05 9.73624e-06 8.60483e-06 7.5964e-06 6.69881e-06 5.90094e-06 5.19264e-06 4.56465e-06 4.00855e-06 3.51671e-06 3.08223e-06 2.69884e-06 2.36094e-06 2.06344e-06 1.80181e-06 1.57195e-06 1.37023e-06 1.19337e-06 1.03846e-06 9.0292e-07 7.84431e-07 6.80948e-07 5.90653e-07 5.11936e-07 4.43373e-07 3.83706e-07 3.31824e-07 2.8675e-07 2.47622e-07 2.13684e-07 1.84269e-07 1.58796e-07
5.55496e-06 1.31627e-05 2.38547e-05 3.76592e-05 5.4454e-05 7.39852e-05 9.58905e-05 0.000119724 0.000144985 0.000171138 0.000197642 0.000223965 0.000249604 0.000274102 0.000297051 0.000318103 0.000336978 0.000353457 0.000367388 0.00037868 0.000387299 0.000393263 0.000396638 0.000397527 0.000396067 0.000392422 0.000386773 0.000379318 0.000370262 0.000359813 0.000348179 0.000335563 0.000322161 0.000308158 0.000293729 0.000279034 0.00026422 0.000249417 0.000234744 0.000220301 0.000206178 0.000192448 0.000179172 0.000166399 0.000154168 0.000142506 0.000131431 0.000120955 0.000111081 0.000101805 9.31201e-05 8.50128e-05 7.74669e-05 7.04633e-05 6.39802e-05 5.79943e-05 5.2481e-05 4.74148e-05 4.27701e-05 3.8521e-05 3.4642e-05 3.11081e-05 2.78947e-05 2.49785e-05 2.23366e-05 1.99476e-05 1.7791e-05 1.58474e-05 1.40985e-05 1.25275e-05 1.11182e-05 9.85602e-06 8.72715e-06 7.71895e-06 6.81975e-06 6.01885e-06 5.30642e-06 4.67351e-06 4.11192e-06 3.61423e-06 3.17369e-06 2.78419e-06 2.44021e-06 2.13676e-06 1.86935e-06 1.63396e-06 1.42696e-06 1.24512e-06 1.08554e-06 9.45627e-07 8.23078e-07 7.15837e-07 6.2208e-07 5.40183e-07 4.68712e-07 4.06391e-07 3.52097e-07 3.04836e-07 2.63729e-07 2.28005e-07 1.96983e-07
4.29247e-06 1.0416e-05 1.92024e-05 3.07459e-05 4.50093e-05 6.18351e-05 8.09621e-05 0.000102045 0.000124674 0.0001484 0.00017275 0.000197248 0.000221434 0.000244873 0.00026717 0.000287976 0.000306995 0.000323988 0.000338769 0.000351212 0.000361243 0.000368836 0.000374012 0.000376833 0.000377393 0.000375816 0.000372249 0.000366856 0.000359813 0.000351305 0.00034152 0.000330644 0.00031886 0.000306347 0.000293271 0.000279792 0.000266056 0.000252196 0.000238334 0.000224578 0.000211021 0.000197747 0.000184824 0.000172311 0.000160254 0.00014869 0.000137646 0.000127142 0.000117188 0.00010779 9.89463e-05 9.06511e-05 8.2894e-05 7.56611e-05 6.89357e-05 6.26987e-05 5.69293e-05 5.16055e-05 4.67044e-05 4.22024e-05 3.80762e-05 3.43021e-05 3.08572e-05 2.77189e-05 2.48652e-05 2.2275e-05 1.99283e-05 1.78057e-05 1.58891e-05 1.41612e-05 1.26059e-05 1.12081e-05 9.95376e-06 8.82973e-06 7.8239e-06 6.92508e-06 6.12295e-06 5.40806e-06 4.77171e-06 4.206e-06 3.70367e-06 3.25818e-06 2.86353e-06 2.51432e-06 2.20567e-06 1.93316e-06 1.69282e-06 1.48106e-06 1.29468e-06 1.1308e-06 9.86846e-07 8.60515e-07 7.49755e-07 6.52736e-07 5.67831e-07 4.93592e-07 4.28737e-07 3.72128e-07 3.22758e-07 2.79737e-07 2.42279e-07
3.31691e-06 8.23789e-06 1.54434e-05 2.5072e-05 3.71501e-05 5.15966e-05 6.82345e-05 8.68042e-05 0.00010698 0.00012839 0.000150628 0.000173276 0.000195917 0.000218149 0.000239595 0.000259913 0.000278803 0.000296012 0.000311335 0.000324616 0.000335747 0.000344669 0.000351364 0.000355854 0.000358197 0.000358479 0.000356812 0.000353329 0.000348179 0.00034152 0.000333518 0.000324342 0.000314161 0.000303141 0.000291442 0.000279218 0.000266612 0.000253758 0.000240778 0.000227785 0.000214877 0.000202143 0.000189658 0.000177488 0.000165688 0.000154301 0.000143364 0.000132904 0.000122938 0.00011348 0.000104536 9.61051e-05 8.81838e-05 8.07638e-05 7.38333e-05 6.73779e-05 6.13807e-05 5.58234e-05 5.06861e-05 4.59481e-05 4.15883e-05 3.7585e-05 3.39167e-05 3.05622e-05 2.75006e-05 2.47116e-05 2.21755e-05 1.98734e-05 1.77874e-05 1.59003e-05 1.41958e-05 1.26587e-05 1.12748e-05 1.00305e-05 8.91337e-06 7.91188e-06 7.01526e-06 6.2136e-06 5.49778e-06 4.85943e-06 4.29086e-06 3.78507e-06 3.33565e-06 2.93679e-06 2.5832e-06 2.2701e-06 1.99314e-06 1.74841e-06 1.53239e-06 1.34191e-06 1.17412e-06 1.02645e-06 8.96626e-07 7.8259e-07 6.82518e-07 5.9478e-07 5.17923e-07 4.50658e-07 3.91838e-07 3.40447e-07 2.95583e-07
2.56306e-06 6.51181e-06 1.24095e-05 2.04222e-05 3.06218e-05 4.2987e-05 5.74089e-05 7.3701e-05 9.16114e-05 0.000110836 0.000131036 0.000151847 0.000172898 0.000193823 0.000214269 0.000233908 0.000252444 0.000269618 0.000285212 0.00029905 0.000311 0.000320972 0.000328917 0.000334823 0.000338714 0.000340643 0.000340689 0.000338956 0.000335563 0.000330644 0.000324342 0.000316807 0.000308192 0.00029865 0.000288332 0.000277382 0.00026594 0.000254138 0.000242097 0.000229931 0.000217742 0.000205621 0.00019365 0.0001819 0.000170433 0.000159299 0.000148541 0.000138194 0.000128283 0.000118828 0.00010984 0.000101327 9.32902e-05 8.57271e-05 7.86312e-05 7.19924e-05 6.57984e-05 6.00346e-05 5.46843e-05 4.97301e-05 4.5153e-05 4.0934e-05 3.70532e-05 3.3491e-05 3.02278e-05 2.72442e-05 2.45215e-05 2.20412e-05 1.97859e-05 1.77385e-05 1.58831e-05 1.42042e-05 1.26875e-05 1.13194e-05 1.00872e-05 8.97891e-06 7.98355e-06 7.09081e-06 6.29118e-06 5.57589e-06 4.93685e-06 4.36665e-06 3.85849e-06 3.40615e-06 3.00398e-06 2.64681e-06 2.32996e-06 2.04918e-06 1.80064e-06 1.58087e-06 1.38672e-06 1.21539e-06 1.06434e-06 9.31307e-07 8.14244e-07 7.11331e-07 6.20942e-07 5.41623e-07 4.72079e-07 4.11159e-07 3.57838e-07
1.98055e-06 5.1448e-06 9.9634e-06 1.66168e-05 2.52083e-05 3.57613e-05 4.82217e-05 6.24636e-05 7.82984e-05 9.54849e-05 0.000113742 0.00013276 0.000152213 0.000171772 0.000191112 0.000209925 0.000227925 0.000244854 0.000260487 0.000274636 0.00028715 0.000297917 0.000306862 0.000313943 0.000319156 0.000322522 0.000324093 0.000323941 0.000322161 0.00031886 0.000314161 0.000308192 0.00030109 0.000292994 0.000284041 0.000274368 0.000264108 0.000253387 0.000242326 0.000231037 0.000219622 0.000208177 0.000196786 0.000185525 0.00017446 0.000163649 0.000153139 0.000142972 0.00013318 0.000123787 0.000114814 0.000106272 9.81693e-05 9.05087e-05 8.32885e-05 7.65037e-05 7.01461e-05 6.4205e-05 5.86676e-05 5.35192e-05 4.8744e-05 4.43252e-05 4.02452e-05 3.64861e-05 3.30298e-05 2.98583e-05 2.69536e-05 2.42983e-05 2.18754e-05 1.96684e-05 1.76614e-05 1.58395e-05 1.41881e-05 1.26937e-05 1.13433e-05 1.01249e-05 9.02722e-06 8.03962e-06 7.15231e-06 6.35615e-06 5.64273e-06 5.00425e-06 4.43355e-06 3.92405e-06 3.46974e-06 3.06511e-06 2.70512e-06 2.38523e-06 2.10126e-06 1.84945e-06 1.6264e-06 1.42901e-06 1.25453e-06 1.10043e-06 9.64471e-07 8.44629e-07 7.39093e-07 6.46238e-07 5.64616e-07 4.92929e-07 4.30024e-07
