0.804691 0.000670082 0.000631791 0.000595689 0.00056165 0.000529555 0.000499295 0.000470764 0.000443863 0.000418499 0.000394585 0.000372037 0.000350778 0.000330734 0.000311835 0.000294016 0.000277215 0.000261374 0.000246438 0.000232356 0.000219078 0.00020656 0.000194756 0.000183627 0.000173134 0.000163241 0.000153913 0.000145118 0.000136825 0.000129007 0.000121635 0.000114684 0.000108131 0.000101952 9.61263e-05 9.06334e-05 8.54543e-05 8.05712e-05 7.59672e-05 7.16262e-05 6.75332e-05 6.36742e-05 6.00357e-05 5.66051e-05 5.33705e-05 5.03208e-05 4.74453e-05 4.47341e-05 4.21779e-05 3.97677e-05 3.74953e-05 3.53527e-05 3.33325e-05 3.14278e-05 2.96319e-05 2.79387e-05 2.63422e-05 2.48369e-05 2.34177e-05 2.20795e-05 2.08178e-05 1.96282e-05 1.85066e-05 1.74491e-05 1.6452e-05 1.55119e-05 1.46255e-05 1.37898e-05 1.30018e-05 1.22588e-05 1.15583e-05 1.08978e-05 1.02751e-05 9.68796e-06 9.13436e-06 8.6124e-06 8.12026e-06 7.65624e-06 7.21874e-06 6.80624e-06 6.41732e-06 6.05061e-06 5.70486e-06 5.37887e-06 5.07151e-06 4.78171e-06 4.50847e-06 4.25084e-06 4.00793e-06 3.77891e-06 3.56297e-06 3.35937e-06 3.16741e-06 2.98641e-06 2.81576e-06 2.65486e-06 2.50316e-06 2.36012e-06 2.22525e-06 2.0981e-06 1.97821e-06
0.000670082 0.000106642 0.000102107 9.7743e-05 9.3544e-05 8.95057e-05 8.56234e-05 8.18926e-05 7.83086e-05 7.48668e-05 7.15626e-05 6.83916e-05 6.53493e-05 6.24314e-05 5.96335e-05 5.69516e-05 5.43815e-05 5.19191e-05 4.95605e-05 4.7302e-05 4.51398e-05 4.30702e-05 4.10898e-05 3.9195e-05 3.73826e-05 3.56494e-05 3.39922e-05 3.2408e-05 3.08938e-05 2.94469e-05 2.80644e-05 2.67438e-05 2.54825e-05 2.4278e-05 2.31279e-05 2.203e-05 2.09821e-05 1.9982e-05 1.90277e-05 1.81172e-05 1.72486e-05 1.64201e-05 1.563e-05 1.48766e-05 1.41582e-05 1.34734e-05 1.28206e-05 1.21984e-05 1.16054e-05 1.10404e-05 1.05021e-05 9.98923e-06 9.50069e-06 9.03536e-06 8.59219e-06 8.17017e-06 7.76832e-06 7.38572e-06 7.02148e-06 6.67475e-06 6.34472e-06 6.03061e-06 5.73168e-06 5.44723e-06 5.17656e-06 4.91905e-06 4.67406e-06 4.44101e-06 4.21933e-06 4.00848e-06 3.80795e-06 3.61725e-06 3.43591e-06 3.26349e-06 3.09955e-06 2.94369e-06 2.79552e-06 2.65467e-06 2.5208e-06 2.39355e-06 2.27262e-06 2.15769e-06 2.04847e-06 1.94469e-06 1.84608e-06 1.7524e-06 1.66339e-06 1.57883e-06 1.4985e-06 1.4222e-06 1.34973e-06 1.28089e-06 1.21551e-06 1.15343e-06 1.09447e-06 1.03848e-06 9.85316e-07 9.34838e-07 8.86911e-07 8.41409e-07 7.98211e-07
0.000631791 0.000102107 9.79912e-05 9.40156e-05 9.01778e-05 8.64748e-05 8.29037e-05 7.94611e-05 7.6144e-05 7.29491e-05 6.98731e-05 6.69127e-05 6.40646e-05 6.13255e-05 5.86922e-05 5.61614e-05 5.37298e-05 5.13944e-05 4.91519e-05 4.69993e-05 4.49335e-05 4.29516e-05 4.10507e-05 3.92279e-05 3.74805e-05 3.58056e-05 3.42007e-05 3.26632e-05 3.11906e-05 2.97804e-05 2.84303e-05 2.71379e-05 2.5901e-05 2.47175e-05 2.35853e-05 2.25023e-05 2.14666e-05 2.04763e-05 1.95295e-05 1.86245e-05 1.77596e-05 1.6933e-05 1.61434e-05 1.5389e-05 1.46685e-05 1.39803e-05 1.33232e-05 1.26958e-05 1.20969e-05 1.15252e-05 1.09796e-05 1.04589e-05 9.96204e-06 9.48803e-06 9.03584e-06 8.60452e-06 8.19315e-06 7.80085e-06 7.42677e-06 7.07011e-06 6.73008e-06 6.40595e-06 6.097e-06 5.80255e-06 5.52194e-06 5.25454e-06 4.99977e-06 4.75704e-06 4.5258e-06 4.30553e-06 4.09572e-06 3.89591e-06 3.70561e-06 3.52441e-06 3.35186e-06 3.18758e-06 3.03118e-06 2.8823e-06 2.74057e-06 2.60567e-06 2.47728e-06 2.35509e-06 2.23881e-06 2.12817e-06 2.02289e-06 1.92272e-06 1.82742e-06 1.73676e-06 1.65051e-06 1.56848e-06 1.49046e-06 1.41625e-06 1.34567e-06 1.27855e-06 1.21473e-06 1.15404e-06 1.09634e-06 1.04148e-06 9.89317e-07 9.39731e-07 8.92594e-07
0.000595689 9.7743e-05 9.40156e-05 9.04024e-05 8.69022e-05 8.35134e-05 8.02344e-05 7.70634e-05 7.39983e-05 7.10371e-05 6.81777e-05 6.54178e-05 6.27551e-05 6.01873e-05 5.77119e-05 5.53267e-05 5.30291e-05 5.08167e-05 4.86872e-05 4.6638e-05 4.46669e-05 4.27713e-05 4.0949e-05 3.91977e-05 3.7515e-05 3.58987e-05 3.43466e-05 3.28566e-05 3.14264e-05 3.00541e-05 2.87375e-05 2.74747e-05 2.62638e-05 2.51029e-05 2.39902e-05 2.29238e-05 2.19021e-05 2.09234e-05 1.99859e-05 1.90882e-05 1.82288e-05 1.7406e-05 1.66185e-05 1.5865e-05 1.5144e-05 1.44542e-05 1.37945e-05 1.31635e-05 1.25602e-05 1.19833e-05 1.14319e-05 1.09048e-05 1.04011e-05 9.91969e-06 9.45978e-06 9.02041e-06 8.60071e-06 8.19985e-06 7.81703e-06 7.45148e-06 7.10246e-06 6.76925e-06 6.45119e-06 6.1476e-06 5.85786e-06 5.58137e-06 5.31755e-06 5.06584e-06 4.82571e-06 4.59664e-06 4.37815e-06 4.16977e-06 3.97105e-06 3.78155e-06 3.60087e-06 3.4286e-06 3.26438e-06 3.10783e-06 2.95861e-06 2.81639e-06 2.68085e-06 2.55169e-06 2.42861e-06 2.31134e-06 2.19961e-06 2.09317e-06 1.99177e-06 1.89519e-06 1.80319e-06 1.71557e-06 1.63213e-06 1.55266e-06 1.477e-06 1.40495e-06 1.33635e-06 1.27104e-06 1.20887e-06 1.14968e-06 1.09334e-06 1.03972e-06 9.88679e-07
0.00056165 9.3544e-05 9.01778e-05 8.69022e-05 8.37172e-05 8.06225e-05 7.76178e-05 7.47022e-05 7.18749e-05 6.91348e-05 6.64809e-05 6.39117e-05 6.14258e-05 5.90218e-05 5.66981e-05 5.44529e-05 5.22846e-05 5.01915e-05 4.81717e-05 4.62234e-05 4.43448e-05 4.25341e-05 4.07894e-05 3.91088e-05 3.74906e-05 3.59329e-05 3.44338e-05 3.29917e-05 3.16047e-05 3.02711e-05 2.89892e-05 2.77573e-05 2.65736e-05 2.54367e-05 2.4345e-05 2.32968e-05 2.22906e-05 2.1325e-05 2.03986e-05 1.95099e-05 1.86575e-05 1.78401e-05 1.70565e-05 1.63054e-05 1.55856e-05 1.48958e-05 1.42349e-05 1.36019e-05 1.29957e-05 1.24151e-05 1.18593e-05 1.13271e-05 1.08178e-05 1.03304e-05 9.864e-06 9.41776e-06 8.99087e-06 8.58256e-06 8.19205e-06 7.81863e-06 7.46158e-06 7.12023e-06 6.79394e-06 6.48206e-06 6.184e-06 5.89918e-06 5.62704e-06 5.36703e-06 5.11866e-06 4.88142e-06 4.65483e-06 4.43844e-06 4.23181e-06 4.03451e-06 3.84615e-06 3.66633e-06 3.49469e-06 3.33087e-06 3.17451e-06 3.02531e-06 2.88293e-06 2.74709e-06 2.61748e-06 2.49384e-06 2.3759e-06 2.26341e-06 2.15611e-06 2.05378e-06 1.95621e-06 1.86316e-06 1.77444e-06 1.68985e-06 1.60921e-06 1.53234e-06 1.45907e-06 1.38922e-06 1.32266e-06 1.25922e-06 1.19876e-06 1.14115e-06 1.08626e-06
0.000529555 8.95057e-05 8.64748e-05 8.35134e-05 8.06225e-05 7.7803e-05 7.50554e-05 7.238e-05 6.97769e-05 6.72459e-05 6.47867e-05 6.23987e-05 6.00814e-05 5.7834e-05 5.56555e-05 5.35451e-05 5.15015e-05 4.95236e-05 4.76103e-05 4.57603e-05 4.39721e-05 4.22446e-05 4.05762e-05 3.89656e-05 3.74113e-05 3.5912e-05 3.44661e-05 3.30722e-05 3.1729e-05 3.04348e-05 2.91884e-05 2.79883e-05 2.6833e-05 2.57214e-05 2.46518e-05 2.36232e-05 2.2634e-05 2.16831e-05 2.07691e-05 1.98908e-05 1.90471e-05 1.82367e-05 1.74585e-05 1.67113e-05 1.59941e-05 1.53058e-05 1.46453e-05 1.40116e-05 1.34038e-05 1.28209e-05 1.2262e-05 1.17262e-05 1.12125e-05 1.07203e-05 1.02485e-05 9.79657e-06 9.3636e-06 8.94888e-06 8.55171e-06 8.17138e-06 7.80725e-06 7.45865e-06 7.12498e-06 6.80564e-06 6.50004e-06 6.20763e-06 5.92788e-06 5.66027e-06 5.40429e-06 5.15948e-06 4.92537e-06 4.70152e-06 4.4875e-06 4.2829e-06 4.08732e-06 3.90039e-06 3.72175e-06 3.55103e-06 3.38791e-06 3.23205e-06 3.08316e-06 2.94093e-06 2.80508e-06 2.67533e-06 2.55142e-06 2.43309e-06 2.32011e-06 2.21224e-06 2.10925e-06 2.01094e-06 1.9171e-06 1.82753e-06 1.74205e-06 1.66047e-06 1.58262e-06 1.50834e-06 1.43746e-06 1.36985e-06 1.30534e-06 1.24381e-06 1.18512e-06
0.000499295 8.56234e-05 8.29037e-05 8.02344e-05 7.76178e-05 7.50554e-05 7.25489e-05 7.00992e-05 6.77072e-05 6.53737e-05 6.30989e-05 6.0883e-05 5.87262e-05 5.66283e-05 5.4589e-05 5.26078e-05 5.06843e-05 4.88179e-05 4.70078e-05 4.52532e-05 4.35533e-05 4.19071e-05 4.03138e-05 3.87721e-05 3.72812e-05 3.58398e-05 3.4447e-05 3.31016e-05 3.18023e-05 3.05482e-05 2.93379e-05 2.81705e-05 2.70446e-05 2.59592e-05 2.49131e-05 2.39051e-05 2.29342e-05 2.19992e-05 2.1099e-05 2.02326e-05 1.93989e-05 1.85969e-05 1.78254e-05 1.70836e-05 1.63704e-05 1.56849e-05 1.50262e-05 1.43932e-05 1.37852e-05 1.32013e-05 1.26405e-05 1.21022e-05 1.15854e-05 1.10894e-05 1.06135e-05 1.01569e-05 9.71887e-06 9.29877e-06 8.8959e-06 8.50962e-06 8.13929e-06 7.78432e-06 7.44411e-06 7.1181e-06 6.80572e-06 6.50646e-06 6.21979e-06 5.94523e-06 5.68229e-06 5.43051e-06 5.18945e-06 4.95868e-06 4.73778e-06 4.52636e-06 4.32403e-06 4.13042e-06 3.94518e-06 3.76796e-06 3.59843e-06 3.43628e-06 3.28119e-06 3.13288e-06 2.99106e-06 2.85547e-06 2.72583e-06 2.60191e-06 2.48345e-06 2.37023e-06 2.26203e-06 2.15863e-06 2.05982e-06 1.96542e-06 1.87523e-06 1.78906e-06 1.70676e-06 1.62814e-06 1.55306e-06 1.48135e-06 1.41288e-06 1.34749e-06 1.28506e-06
0.000470764 8.18926e-05 7.94611e-05 7.70634e-05 7.47022e-05 7.238e-05 7.00992e-05 6.78614e-05 6.56682e-05 6.3521e-05 6.14207e-05 5.93682e-05 5.73641e-05 5.54088e-05 5.35026e-05 5.16455e-05 4.98376e-05 4.80786e-05 4.63684e-05 4.47065e-05 4.30925e-05 4.15259e-05 4.0006e-05 3.85323e-05 3.71039e-05 3.572e-05 3.438e-05 3.3083e-05 3.1828e-05 3.06142e-05 2.94407e-05 2.83065e-05 2.72108e-05 2.61525e-05 2.51308e-05 2.41446e-05 2.31931e-05 2.22752e-05 2.13901e-05 2.05368e-05 1.97143e-05 1.89219e-05 1.81585e-05 1.74233e-05 1.67155e-05 1.60341e-05 1.53783e-05 1.47473e-05 1.41403e-05 1.35565e-05 1.29951e-05 1.24554e-05 1.19366e-05 1.1438e-05 1.0959e-05 1.04988e-05 1.00567e-05 9.63219e-06 9.22457e-06 8.83323e-06 8.4576e-06 8.09709e-06 7.75114e-06 7.41923e-06 7.10082e-06 6.79541e-06 6.50251e-06 6.22164e-06 5.95236e-06 5.6942e-06 5.44676e-06 5.2096e-06 4.98234e-06 4.76458e-06 4.55595e-06 4.3561e-06 4.16467e-06 3.98133e-06 3.80576e-06 3.63765e-06 3.4767e-06 3.32261e-06 3.17512e-06 3.03395e-06 2.89884e-06 2.76956e-06 2.64585e-06 2.52749e-06 2.41426e-06 2.30594e-06 2.20234e-06 2.10326e-06 2.0085e-06 1.91788e-06 1.83124e-06 1.7484e-06 1.66921e-06 1.59351e-06 1.52115e-06 1.45198e-06 1.38589e-06
0.000443863 7.83086e-05 7.6144e-05 7.39983e-05 7.18749e-05 6.97769e-05 6.77072e-05 6.56682e-05 6.36621e-05 6.16906e-05 5.97553e-05 5.78577e-05 5.59987e-05 5.41793e-05 5.24003e-05 5.06621e-05 4.89652e-05 4.73099e-05 4.56962e-05 4.41242e-05 4.25938e-05 4.11048e-05 3.96569e-05 3.82497e-05 3.68829e-05 3.5556e-05 3.42684e-05 3.30196e-05 3.18089e-05 3.06357e-05 2.94993e-05 2.8399e-05 2.73341e-05 2.63037e-05 2.53072e-05 2.43437e-05 2.34125e-05 2.25128e-05 2.16438e-05 2.08046e-05 1.99946e-05 1.9213e-05 1.84588e-05 1.77315e-05 1.70301e-05 1.6354e-05 1.57023e-05 1.50744e-05 1.44696e-05 1.38871e-05 1.33262e-05 1.27862e-05 1.22664e-05 1.17663e-05 1.12852e-05 1.08223e-05 1.03772e-05 9.94919e-06 9.53771e-06 9.14219e-06 8.76207e-06 8.39683e-06 8.04593e-06 7.70886e-06 7.38514e-06 7.07427e-06 6.7758e-06 6.48927e-06 6.21424e-06 5.95029e-06 5.69701e-06 5.45399e-06 5.22086e-06 4.99724e-06 4.78277e-06 4.5771e-06 4.3799e-06 4.19083e-06 4.00959e-06 3.83587e-06 3.66937e-06 3.50982e-06 3.35694e-06 3.21047e-06 3.07015e-06 2.93574e-06 2.80701e-06 2.68372e-06 2.56566e-06 2.45262e-06 2.3444e-06 2.24079e-06 2.14161e-06 2.04668e-06 1.95583e-06 1.86889e-06 1.7857e-06 1.7061e-06 1.62995e-06 1.55709e-06 1.4874e-06
0.000418499 7.48668e-05 7.29491e-05 7.10371e-05 6.91348e-05 6.72459e-05 6.53737e-05 6.3521e-05 6.16906e-05 5.98847e-05 5.81053e-05 5.63543e-05 5.46332e-05 5.29433e-05 5.12857e-05 4.96614e-05 4.80712e-05 4.65156e-05 4.49951e-05 4.35101e-05 4.20609e-05 4.06474e-05 3.92698e-05 3.7928e-05 3.66218e-05 3.5351e-05 3.41154e-05 3.29145e-05 3.17481e-05 3.06155e-05 2.95165e-05 2.84504e-05 2.74167e-05 2.64149e-05 2.54443e-05 2.45043e-05 2.35943e-05 2.27136e-05 2.18617e-05 2.10377e-05 2.02412e-05 1.94713e-05 1.87275e-05 1.8009e-05 1.73152e-05 1.66455e-05 1.59991e-05 1.53754e-05 1.47738e-05 1.41936e-05 1.36342e-05 1.30949e-05 1.25753e-05 1.20746e-05 1.15922e-05 1.11277e-05 1.06804e-05 1.02498e-05 9.83533e-06 9.43646e-06 9.05268e-06 8.68348e-06 8.32837e-06 7.98688e-06 7.65853e-06 7.34288e-06 7.03948e-06 6.7479e-06 6.46772e-06 6.19854e-06 5.93996e-06 5.69161e-06 5.4531e-06 5.22409e-06 5.00423e-06 4.79317e-06 4.59059e-06 4.39618e-06 4.20963e-06 4.03064e-06 3.85893e-06 3.69422e-06 3.53625e-06 3.38475e-06 3.23948e-06 3.1002e-06 2.96667e-06 2.83867e-06 2.71599e-06 2.59841e-06 2.48573e-06 2.37777e-06 2.27433e-06 2.17524e-06 2.08031e-06 1.98939e-06 1.90231e-06 1.81892e-06 1.73907e-06 1.66262e-06 1.58942e-06
0.000394585 7.15626e-05 6.98731e-05 6.81777e-05 6.64809e-05 6.47867e-05 6.30989e-05 6.14207e-05 5.97553e-05 5.81053e-05 5.64732e-05 5.4861e-05 5.32707e-05 5.17039e-05 5.01622e-05 4.86468e-05 4.71588e-05 4.56992e-05 4.42686e-05 4.28678e-05 4.14972e-05 4.01573e-05 3.88483e-05 3.75704e-05 3.63237e-05 3.51082e-05 3.39239e-05 3.27706e-05 3.16481e-05 3.05563e-05 2.94947e-05 2.84631e-05 2.7461e-05 2.64882e-05 2.55441e-05 2.46282e-05 2.37401e-05 2.28793e-05 2.20453e-05 2.12374e-05 2.04553e-05 1.96982e-05 1.89656e-05 1.8257e-05 1.75718e-05 1.69094e-05 1.62693e-05 1.56508e-05 1.50534e-05 1.44765e-05 1.39196e-05 1.3382e-05 1.28634e-05 1.2363e-05 1.18805e-05 1.14151e-05 1.09665e-05 1.05342e-05 1.01175e-05 9.71608e-06 9.32939e-06 8.95699e-06 8.5984e-06 8.25317e-06 7.92088e-06 7.60109e-06 7.29338e-06 6.99735e-06 6.7126e-06 6.43874e-06 6.17539e-06 5.92221e-06 5.67882e-06 5.44488e-06 5.22006e-06 5.00403e-06 4.79649e-06 4.59711e-06 4.40561e-06 4.22171e-06 4.04511e-06 3.87555e-06 3.71278e-06 3.55653e-06 3.40657e-06 3.26266e-06 3.12457e-06 2.99208e-06 2.86498e-06 2.74306e-06 2.62612e-06 2.51397e-06 2.40643e-06 2.30331e-06 2.20445e-06 2.10968e-06 2.01884e-06 1.93177e-06 1.84833e-06 1.76837e-06 1.69175e-06
0.000372037 6.83916e-05 6.69127e-05 6.54178e-05 6.39117e-05 6.23987e-05 6.0883e-05 5.93682e-05 5.78577e-05 5.63543e-05 5.4861e-05 5.33801e-05 5.19138e-05 5.04641e-05 4.90329e-05 4.76216e-05 4.62315e-05 4.4864e-05 4.35201e-05 4.22005e-05 4.09062e-05 3.96377e-05 3.83955e-05 3.71801e-05 3.59917e-05 3.48305e-05 3.36968e-05 3.25906e-05 3.15118e-05 3.04604e-05 2.94363e-05 2.84393e-05 2.74692e-05 2.65257e-05 2.56085e-05 2.47174e-05 2.38518e-05 2.30116e-05 2.21962e-05 2.14052e-05 2.06382e-05 1.98947e-05 1.91743e-05 1.84765e-05 1.78008e-05 1.71467e-05 1.65137e-05 1.59013e-05 1.5309e-05 1.47364e-05 1.41828e-05 1.36479e-05 1.31312e-05 1.2632e-05 1.21501e-05 1.16848e-05 1.12357e-05 1.08024e-05 1.03843e-05 9.98109e-06 9.59224e-06 9.21734e-06 8.85596e-06 8.50768e-06 8.17209e-06 7.84879e-06 7.53738e-06 7.23748e-06 6.94871e-06 6.67071e-06 6.40312e-06 6.14559e-06 5.89779e-06 5.65938e-06 5.43004e-06 5.20947e-06 4.99735e-06 4.79339e-06 4.5973e-06 4.40882e-06 4.22766e-06 4.05357e-06 3.88629e-06 3.72557e-06 3.57118e-06 3.42289e-06 3.28048e-06 3.14372e-06 3.01241e-06 2.88634e-06 2.76532e-06 2.64916e-06 2.53768e-06 2.4307e-06 2.32805e-06 2.22957e-06 2.13509e-06 2.04446e-06 1.95753e-06 1.87416e-06 1.79422e-06
0.000350778 6.53493e-05 6.40646e-05 6.27551e-05 6.14258e-05 6.00814e-05 5.87262e-05 5.73641e-05 5.59987e-05 5.46332e-05 5.32707e-05 5.19138e-05 5.0565e-05 4.92266e-05 4.79005e-05 4.65885e-05 4.52923e-05 4.40132e-05 4.27526e-05 4.15115e-05 4.02909e-05 3.90917e-05 3.79145e-05 3.676e-05 3.56286e-05 3.45208e-05 3.34369e-05 3.23771e-05 3.13416e-05 3.03304e-05 2.93437e-05 2.83814e-05 2.74433e-05 2.65294e-05 2.56396e-05 2.47736e-05 2.39311e-05 2.31119e-05 2.23158e-05 2.15424e-05 2.07913e-05 2.00622e-05 1.93547e-05 1.86685e-05 1.8003e-05 1.73581e-05 1.67331e-05 1.61276e-05 1.55414e-05 1.49738e-05 1.44245e-05 1.38931e-05 1.3379e-05 1.28819e-05 1.24014e-05 1.19369e-05 1.14881e-05 1.10546e-05 1.06359e-05 1.02316e-05 9.84127e-06 9.46457e-06 9.10106e-06 8.75037e-06 8.41211e-06 8.0859e-06 7.77137e-06 7.46817e-06 7.17593e-06 6.89431e-06 6.62298e-06 6.3616e-06 6.10984e-06 5.86741e-06 5.63398e-06 5.40926e-06 5.19296e-06 4.98479e-06 4.78447e-06 4.59175e-06 4.40635e-06 4.22803e-06 4.05654e-06 3.89163e-06 3.73308e-06 3.58067e-06 3.43416e-06 3.29336e-06 3.15805e-06 3.02804e-06 2.90313e-06 2.78314e-06 2.66789e-06 2.5572e-06 2.45091e-06 2.34885e-06 2.25086e-06 2.15679e-06 2.06649e-06 1.97983e-06 1.89665e-06
0.000330734 6.24314e-05 6.13255e-05 6.01873e-05 5.90218e-05 5.7834e-05 5.66283e-05 5.54088e-05 5.41793e-05 5.29433e-05 5.17039e-05 5.04641e-05 4.92266e-05 4.79937e-05 4.67676e-05 4.55504e-05 4.43439e-05 4.31496e-05 4.19691e-05 4.08036e-05 3.96542e-05 3.85221e-05 3.74081e-05 3.63129e-05 3.52372e-05 3.41817e-05 3.31467e-05 3.21327e-05 3.11399e-05 3.01687e-05 2.92191e-05 2.82914e-05 2.73854e-05 2.65014e-05 2.56391e-05 2.47985e-05 2.39795e-05 2.31819e-05 2.24056e-05 2.16503e-05 2.09158e-05 2.02017e-05 1.95079e-05 1.88339e-05 1.81796e-05 1.75445e-05 1.69282e-05 1.63306e-05 1.57511e-05 1.51894e-05 1.46451e-05 1.41179e-05 1.36073e-05 1.31131e-05 1.26347e-05 1.21718e-05 1.1724e-05 1.1291e-05 1.08723e-05 1.04676e-05 1.00766e-05 9.6987e-06 9.33371e-06 8.98123e-06 8.6409e-06 8.31236e-06 7.99528e-06 7.68932e-06 7.39413e-06 7.10941e-06 6.83482e-06 6.57006e-06 6.31481e-06 6.06878e-06 5.83168e-06 5.60322e-06 5.38312e-06 5.17111e-06 4.96692e-06 4.77029e-06 4.58098e-06 4.39874e-06 4.22332e-06 4.0545e-06 3.89206e-06 3.73576e-06 3.58541e-06 3.44078e-06 3.30169e-06 3.16794e-06 3.03934e-06 2.9157e-06 2.79685e-06 2.68261e-06 2.57283e-06 2.46733e-06 2.36597e-06 2.26858e-06 2.17504e-06 2.08518e-06 1.99889e-06
0.000311835 5.96335e-05 5.86922e-05 5.77119e-05 5.66981e-05 5.56555e-05 5.4589e-05 5.35026e-05 5.24003e-05 5.12857e-05 5.01622e-05 4.90329e-05 4.79005e-05 4.67676e-05 4.56367e-05 4.45098e-05 4.33889e-05 4.22758e-05 4.11722e-05 4.00795e-05 3.89989e-05 3.79317e-05 3.68789e-05 3.58415e-05 3.48202e-05 3.38157e-05 3.28287e-05 3.18597e-05 3.09092e-05 2.99774e-05 2.90647e-05 2.81714e-05 2.72975e-05 2.64433e-05 2.56087e-05 2.47939e-05 2.39987e-05 2.32231e-05 2.24671e-05 2.17304e-05 2.10129e-05 2.03145e-05 1.96349e-05 1.89739e-05 1.83313e-05 1.77067e-05 1.71e-05 1.65108e-05 1.59388e-05 1.53837e-05 1.48452e-05 1.43229e-05 1.38166e-05 1.33258e-05 1.28503e-05 1.23897e-05 1.19437e-05 1.15118e-05 1.10939e-05 1.06894e-05 1.02982e-05 9.91983e-06 9.55396e-06 9.20028e-06 8.85845e-06 8.52815e-06 8.20906e-06 7.90086e-06 7.60325e-06 7.3159e-06 7.03854e-06 6.77085e-06 6.51255e-06 6.26336e-06 6.023e-06 5.79119e-06 5.56767e-06 5.35217e-06 5.14445e-06 4.94426e-06 4.75135e-06 4.56549e-06 4.38644e-06 4.21399e-06 4.0479e-06 3.88798e-06 3.73402e-06 3.5858e-06 3.44315e-06 3.30586e-06 3.17375e-06 3.04664e-06 2.92437e-06 2.80675e-06 2.69363e-06 2.58484e-06 2.48024e-06 2.37967e-06 2.28299e-06 2.19007e-06 2.10075e-06
0.000294016 5.69516e-05 5.61614e-05 5.53267e-05 5.44529e-05 5.35451e-05 5.26078e-05 5.16455e-05 5.06621e-05 4.96614e-05 4.86468e-05 4.76216e-05 4.65885e-05 4.55504e-05 4.45098e-05 4.34689e-05 4.24298e-05 4.13944e-05 4.03646e-05 3.93418e-05 3.83275e-05 3.73231e-05 3.63297e-05 3.53483e-05 3.43799e-05 3.34253e-05 3.24853e-05 3.15605e-05 3.06515e-05 2.97587e-05 2.88825e-05 2.80234e-05 2.71815e-05 2.63571e-05 2.55504e-05 2.47614e-05 2.39902e-05 2.32369e-05 2.25015e-05 2.17839e-05 2.1084e-05 2.04017e-05 1.97369e-05 1.90894e-05 1.84591e-05 1.78458e-05 1.72491e-05 1.6669e-05 1.61052e-05 1.55573e-05 1.50252e-05 1.45086e-05 1.40072e-05 1.35206e-05 1.30486e-05 1.25909e-05 1.21473e-05 1.17173e-05 1.13007e-05 1.08971e-05 1.05064e-05 1.0128e-05 9.76187e-06 9.40756e-06 9.06479e-06 8.73326e-06 8.41268e-06 8.10276e-06 7.8032e-06 7.51372e-06 7.23404e-06 6.96387e-06 6.70295e-06 6.45101e-06 6.20778e-06 5.97301e-06 5.74644e-06 5.52782e-06 5.31691e-06 5.11348e-06 4.91728e-06 4.7281e-06 4.54571e-06 4.3699e-06 4.20044e-06 4.03715e-06 3.87981e-06 3.72823e-06 3.58222e-06 3.4416e-06 3.30618e-06 3.17579e-06 3.05027e-06 2.92943e-06 2.81313e-06 2.70121e-06 2.59351e-06 2.48989e-06 2.3902e-06 2.29432e-06 2.20209e-06
0.000277215 5.43815e-05 5.37298e-05 5.30291e-05 5.22846e-05 5.15015e-05 5.06843e-05 4.98376e-05 4.89652e-05 4.80712e-05 4.71588e-05 4.62315e-05 4.52923e-05 4.43439e-05 4.33889e-05 4.24298e-05 4.14686e-05 4.05076e-05 3.95484e-05 3.85929e-05 3.76424e-05 3.66986e-05 3.57626e-05 3.48356e-05 3.39187e-05 3.30128e-05 3.21187e-05 3.12372e-05 3.0369e-05 2.95146e-05 2.86746e-05 2.78493e-05 2.70392e-05 2.62445e-05 2.54656e-05 2.47026e-05 2.39556e-05 2.32248e-05 2.25103e-05 2.18121e-05 2.11301e-05 2.04644e-05 1.98149e-05 1.91814e-05 1.8564e-05 1.79624e-05 1.73764e-05 1.6806e-05 1.62509e-05 1.5711e-05 1.51859e-05 1.46755e-05 1.41796e-05 1.36978e-05 1.323e-05 1.27759e-05 1.23352e-05 1.19076e-05 1.14929e-05 1.10909e-05 1.07011e-05 1.03234e-05 9.95754e-06 9.60313e-06 9.25995e-06 8.92771e-06 8.60614e-06 8.29498e-06 7.99396e-06 7.7028e-06 7.42124e-06 7.14903e-06 6.88591e-06 6.63162e-06 6.38592e-06 6.14856e-06 5.9193e-06 5.69791e-06 5.48415e-06 5.27779e-06 5.07862e-06 4.88642e-06 4.70097e-06 4.52206e-06 4.3495e-06 4.18308e-06 4.0226e-06 3.86788e-06 3.71874e-06 3.57499e-06 3.43646e-06 3.30298e-06 3.17438e-06 3.0505e-06 2.93117e-06 2.81626e-06 2.70561e-06 2.59907e-06 2.49651e-06 2.39778e-06 2.30277e-06
0.000261374 5.19191e-05 5.13944e-05 5.08167e-05 5.01915e-05 4.95236e-05 4.88179e-05 4.80786e-05 4.73099e-05 4.65156e-05 4.56992e-05 4.4864e-05 4.40132e-05 4.31496e-05 4.22758e-05 4.13944e-05 4.05076e-05 3.96174e-05 3.8726e-05 3.78349e-05 3.69459e-05 3.60605e-05 3.518e-05 3.43057e-05 3.34388e-05 3.25803e-05 3.1731e-05 3.08919e-05 3.00638e-05 2.92471e-05 2.84427e-05 2.76509e-05 2.68723e-05 2.61072e-05 2.5356e-05 2.4619e-05 2.38963e-05 2.31882e-05 2.24948e-05 2.18163e-05 2.11526e-05 2.05038e-05 1.98699e-05 1.9251e-05 1.86468e-05 1.80574e-05 1.74827e-05 1.69225e-05 1.63767e-05 1.58452e-05 1.53277e-05 1.48241e-05 1.43342e-05 1.38579e-05 1.33948e-05 1.29448e-05 1.25076e-05 1.20831e-05 1.16709e-05 1.12709e-05 1.08827e-05 1.05062e-05 1.01411e-05 9.78709e-06 9.44399e-06 9.11154e-06 8.78947e-06 8.47754e-06 8.1755e-06 7.88311e-06 7.60011e-06 7.32627e-06 7.06135e-06 6.80511e-06 6.55731e-06 6.31773e-06 6.08614e-06 5.86231e-06 5.64602e-06 5.43706e-06 5.23522e-06 5.04029e-06 4.85206e-06 4.67033e-06 4.49491e-06 4.32561e-06 4.16224e-06 4.00461e-06 3.85255e-06 3.70588e-06 3.56443e-06 3.42804e-06 3.29654e-06 3.16978e-06 3.0476e-06 2.92985e-06 2.81639e-06 2.70707e-06 2.60176e-06 2.50032e-06 2.40262e-06
0.000246438 4.95605e-05 4.91519e-05 4.86872e-05 4.81717e-05 4.76103e-05 4.70078e-05 4.63684e-05 4.56962e-05 4.49951e-05 4.42686e-05 4.35201e-05 4.27526e-05 4.19691e-05 4.11722e-05 4.03646e-05 3.95484e-05 3.8726e-05 3.78992e-05 3.707e-05 3.624e-05 3.54108e-05 3.4584e-05 3.37607e-05 3.29423e-05 3.21298e-05 3.13243e-05 3.05266e-05 2.97376e-05 2.89581e-05 2.81887e-05 2.743e-05 2.66826e-05 2.59469e-05 2.52233e-05 2.45121e-05 2.38138e-05 2.31284e-05 2.24563e-05 2.17976e-05 2.11525e-05 2.05209e-05 1.99031e-05 1.92989e-05 1.87085e-05 1.81318e-05 1.75687e-05 1.70192e-05 1.64832e-05 1.59606e-05 1.54512e-05 1.4955e-05 1.44717e-05 1.40013e-05 1.35435e-05 1.30981e-05 1.2665e-05 1.2244e-05 1.18349e-05 1.14374e-05 1.10513e-05 1.06765e-05 1.03126e-05 9.95953e-06 9.61701e-06 9.2848e-06 8.96269e-06 8.65044e-06 8.34783e-06 8.05463e-06 7.7706e-06 7.49554e-06 7.22921e-06 6.9714e-06 6.72187e-06 6.48043e-06 6.24684e-06 6.02091e-06 5.80242e-06 5.59117e-06 5.38696e-06 5.18958e-06 4.99885e-06 4.81457e-06 4.63655e-06 4.46461e-06 4.29857e-06 4.13826e-06 3.98349e-06 3.83411e-06 3.68994e-06 3.55082e-06 3.41661e-06 3.28714e-06 3.16226e-06 3.04183e-06 2.9257e-06 2.81374e-06 2.70581e-06 2.60178e-06 2.50152e-06
0.000232356 4.7302e-05 4.69993e-05 4.6638e-05 4.62234e-05 4.57603e-05 4.52532e-05 4.47065e-05 4.41242e-05 4.35101e-05 4.28678e-05 4.22005e-05 4.15115e-05 4.08036e-05 4.00795e-05 3.93418e-05 3.85929e-05 3.78349e-05 3.707e-05 3.62999e-05 3.55266e-05 3.47516e-05 3.39765e-05 3.32025e-05 3.24311e-05 3.16633e-05 3.09003e-05 3.01431e-05 2.93925e-05 2.86493e-05 2.79144e-05 2.71883e-05 2.64716e-05 2.5765e-05 2.50688e-05 2.43834e-05 2.37093e-05 2.30468e-05 2.23961e-05 2.17574e-05 2.11309e-05 2.05169e-05 1.99153e-05 1.93263e-05 1.875e-05 1.81863e-05 1.76352e-05 1.70969e-05 1.65711e-05 1.60578e-05 1.55571e-05 1.50686e-05 1.45925e-05 1.41284e-05 1.36764e-05 1.32362e-05 1.28077e-05 1.23907e-05 1.1985e-05 1.15906e-05 1.12071e-05 1.08344e-05 1.04723e-05 1.01206e-05 9.77909e-06 9.44758e-06 9.12587e-06 8.81373e-06 8.51096e-06 8.21736e-06 7.93271e-06 7.65682e-06 7.38946e-06 7.13043e-06 6.87954e-06 6.63658e-06 6.40134e-06 6.17363e-06 5.95325e-06 5.74001e-06 5.53372e-06 5.33418e-06 5.14121e-06 4.95464e-06 4.77427e-06 4.59994e-06 4.43147e-06 4.26868e-06 4.11143e-06 3.95953e-06 3.81284e-06 3.67119e-06 3.53443e-06 3.40242e-06 3.27501e-06 3.15205e-06 3.03341e-06 2.91894e-06 2.80853e-06 2.70204e-06 2.59934e-06
0.000219078 4.51398e-05 4.49335e-05 4.46669e-05 4.43448e-05 4.39721e-05 4.35533e-05 4.30925e-05 4.25938e-05 4.20609e-05 4.14972e-05 4.09062e-05 4.02909e-05 3.96542e-05 3.89989e-05 3.83275e-05 3.76424e-05 3.69459e-05 3.624e-05 3.55266e-05 3.48076e-05 3.40847e-05 3.33593e-05 3.2633e-05 3.1907e-05 3.11827e-05 3.0461e-05 2.97432e-05 2.903e-05 2.83225e-05 2.76213e-05 2.69273e-05 2.6241e-05 2.55631e-05 2.4894e-05 2.42343e-05 2.35844e-05 2.29446e-05 2.23153e-05 2.16967e-05 2.10891e-05 2.04927e-05 1.99076e-05 1.93341e-05 1.87721e-05 1.82217e-05 1.76831e-05 1.71562e-05 1.6641e-05 1.61376e-05 1.56458e-05 1.51656e-05 1.4697e-05 1.42398e-05 1.3794e-05 1.33594e-05 1.29359e-05 1.25234e-05 1.21217e-05 1.17307e-05 1.13503e-05 1.09802e-05 1.06203e-05 1.02704e-05 9.93036e-06 9.59998e-06 9.27907e-06 8.96745e-06 8.66494e-06 8.37133e-06 8.08644e-06 7.81008e-06 7.54206e-06 7.28219e-06 7.03027e-06 6.78612e-06 6.54956e-06 6.32038e-06 6.09842e-06 5.88348e-06 5.67539e-06 5.47397e-06 5.27904e-06 5.09043e-06 4.90796e-06 4.73147e-06 4.5608e-06 4.39577e-06 4.23623e-06 4.08203e-06 3.933e-06 3.789e-06 3.64989e-06 3.5155e-06 3.38572e-06 3.26039e-06 3.13937e-06 3.02255e-06 2.90979e-06 2.80096e-06 2.69594e-06
0.00020656 4.30702e-05 4.29516e-05 4.27713e-05 4.25341e-05 4.22446e-05 4.19071e-05 4.15259e-05 4.11048e-05 4.06474e-05 4.01573e-05 3.96377e-05 3.90917e-05 3.85221e-05 3.79317e-05 3.73231e-05 3.66986e-05 3.60605e-05 3.54108e-05 3.47516e-05 3.40847e-05 3.34117e-05 3.27343e-05 3.20539e-05 3.13719e-05 3.06896e-05 3.00081e-05 2.93286e-05 2.8652e-05 2.79792e-05 2.73112e-05 2.66486e-05 2.59922e-05 2.53426e-05 2.47004e-05 2.40661e-05 2.34402e-05 2.28231e-05 2.22151e-05 2.16167e-05 2.1028e-05 2.04494e-05 1.9881e-05 1.93231e-05 1.87757e-05 1.8239e-05 1.77131e-05 1.7198e-05 1.66938e-05 1.62004e-05 1.5718e-05 1.52465e-05 1.47858e-05 1.43359e-05 1.38966e-05 1.34681e-05 1.305e-05 1.26425e-05 1.22452e-05 1.18581e-05 1.14811e-05 1.1114e-05 1.07568e-05 1.04091e-05 1.00709e-05 9.74209e-06 9.4224e-06 9.11169e-06 8.80981e-06 8.51657e-06 8.23181e-06 7.95535e-06 7.68702e-06 7.42663e-06 7.17403e-06 6.92902e-06 6.69144e-06 6.46111e-06 6.23786e-06 6.02152e-06 5.81191e-06 5.60887e-06 5.41224e-06 5.22184e-06 5.03751e-06 4.8591e-06 4.68645e-06 4.51939e-06 4.35778e-06 4.20147e-06 4.05031e-06 3.90414e-06 3.76284e-06 3.62626e-06 3.49426e-06 3.36671e-06 3.24348e-06 3.12444e-06 3.00947e-06 2.89843e-06 2.79122e-06
0.000194756 4.10898e-05 4.10507e-05 4.0949e-05 4.07894e-05 4.05762e-05 4.03138e-05 4.0006e-05 3.96569e-05 3.92698e-05 3.88483e-05 3.83955e-05 3.79145e-05 3.74081e-05 3.68789e-05 3.63297e-05 3.57626e-05 3.518e-05 3.4584e-05 3.39765e-05 3.33593e-05 3.27343e-05 3.21029e-05 3.14668e-05 3.08272e-05 3.01856e-05 2.95431e-05 2.89008e-05 2.82598e-05 2.7621e-05 2.69854e-05 2.63536e-05 2.57266e-05 2.51049e-05 2.44892e-05 2.38801e-05 2.3278e-05 2.26834e-05 2.20968e-05 2.15184e-05 2.09488e-05 2.0388e-05 1.98364e-05 1.92943e-05 1.87617e-05 1.82388e-05 1.77258e-05 1.72228e-05 1.67299e-05 1.6247e-05 1.57743e-05 1.53118e-05 1.48594e-05 1.44171e-05 1.39849e-05 1.35627e-05 1.31505e-05 1.27482e-05 1.23558e-05 1.1973e-05 1.15999e-05 1.12362e-05 1.08819e-05 1.05369e-05 1.0201e-05 9.87406e-06 9.55595e-06 9.24653e-06 8.94564e-06 8.65314e-06 8.36885e-06 8.09264e-06 7.82433e-06 7.56377e-06 7.31079e-06 7.06524e-06 6.82695e-06 6.59577e-06 6.37152e-06 6.15405e-06 5.9432e-06 5.73881e-06 5.54072e-06 5.34878e-06 5.16284e-06 4.98273e-06 4.80832e-06 4.63945e-06 4.47598e-06 4.31775e-06 4.16464e-06 4.0165e-06 3.87319e-06 3.73458e-06 3.60053e-06 3.47092e-06 3.34562e-06 3.2245e-06 3.10745e-06 2.99433e-06 2.88505e-06
0.000183627 3.9195e-05 3.92279e-05 3.91977e-05 3.91088e-05 3.89656e-05 3.87721e-05 3.85323e-05 3.82497e-05 3.7928e-05 3.75704e-05 3.71801e-05 3.676e-05 3.63129e-05 3.58415e-05 3.53483e-05 3.48356e-05 3.43057e-05 3.37607e-05 3.32025e-05 3.2633e-05 3.20539e-05 3.14668e-05 3.08732e-05 3.02746e-05 2.96723e-05 2.90675e-05 2.84614e-05 2.7855e-05 2.72494e-05 2.66454e-05 2.60438e-05 2.54456e-05 2.48514e-05 2.42618e-05 2.36775e-05 2.3099e-05 2.25268e-05 2.19613e-05 2.14031e-05 2.08523e-05 2.03095e-05 1.97748e-05 1.92485e-05 1.87309e-05 1.82221e-05 1.77222e-05 1.72316e-05 1.67501e-05 1.6278e-05 1.58153e-05 1.5362e-05 1.49182e-05 1.44839e-05 1.40591e-05 1.36437e-05 1.32377e-05 1.28411e-05 1.24538e-05 1.20757e-05 1.17068e-05 1.13469e-05 1.0996e-05 1.0654e-05 1.03207e-05 9.99601e-06 9.67985e-06 9.37207e-06 9.07253e-06 8.78109e-06 8.49762e-06 8.22198e-06 7.95402e-06 7.6936e-06 7.44057e-06 7.19477e-06 6.95607e-06 6.72431e-06 6.49934e-06 6.28102e-06 6.06919e-06 5.8637e-06 5.66441e-06 5.47118e-06 5.28385e-06 5.10228e-06 4.92633e-06 4.75585e-06 4.59071e-06 4.43078e-06 4.2759e-06 4.12596e-06 3.98082e-06 3.84034e-06 3.70441e-06 3.57289e-06 3.44567e-06 3.32262e-06 3.20362e-06 3.08856e-06 2.97732e-06
0.000173134 3.73826e-05 3.74805e-05 3.7515e-05 3.74906e-05 3.74113e-05 3.72812e-05 3.71039e-05 3.68829e-05 3.66218e-05 3.63237e-05 3.59917e-05 3.56286e-05 3.52372e-05 3.48202e-05 3.43799e-05 3.39187e-05 3.34388e-05 3.29423e-05 3.24311e-05 3.1907e-05 3.13719e-05 3.08272e-05 3.02746e-05 2.97154e-05 2.91511e-05 2.85828e-05 2.80118e-05 2.7439e-05 2.68656e-05 2.62925e-05 2.57205e-05 2.51505e-05 2.45832e-05 2.40194e-05 2.34595e-05 2.29043e-05 2.23543e-05 2.18098e-05 2.12715e-05 2.07397e-05 2.02148e-05 1.9697e-05 1.91867e-05 1.86841e-05 1.81895e-05 1.7703e-05 1.72248e-05 1.67551e-05 1.6294e-05 1.58415e-05 1.53978e-05 1.49629e-05 1.45369e-05 1.41197e-05 1.37114e-05 1.33119e-05 1.29213e-05 1.25395e-05 1.21665e-05 1.18021e-05 1.14464e-05 1.10992e-05 1.07605e-05 1.04302e-05 1.01081e-05 9.79423e-06 9.48842e-06 9.19055e-06 8.90051e-06 8.61818e-06 8.34343e-06 8.07613e-06 7.81615e-06 7.56336e-06 7.31761e-06 7.07878e-06 6.84673e-06 6.62131e-06 6.40239e-06 6.18984e-06 5.98351e-06 5.78326e-06 5.58896e-06 5.40047e-06 5.21766e-06 5.04038e-06 4.86851e-06 4.70191e-06 4.54045e-06 4.384e-06 4.23244e-06 4.08564e-06 3.94346e-06 3.8058e-06 3.67253e-06 3.54353e-06 3.41869e-06 3.29788e-06 3.18101e-06 3.06795e-06
0.000163241 3.56494e-05 3.58056e-05 3.58987e-05 3.59329e-05 3.5912e-05 3.58398e-05 3.572e-05 3.5556e-05 3.5351e-05 3.51082e-05 3.48305e-05 3.45208e-05 3.41817e-05 3.38157e-05 3.34253e-05 3.30128e-05 3.25803e-05 3.21298e-05 3.16633e-05 3.11827e-05 3.06896e-05 3.01856e-05 2.96723e-05 2.91511e-05 2.86234e-05 2.80904e-05 2.75533e-05 2.70132e-05 2.64712e-05 2.59281e-05 2.5385e-05 2.48426e-05 2.43017e-05 2.37631e-05 2.32274e-05 2.26951e-05 2.2167e-05 2.16434e-05 2.11249e-05 2.06119e-05 2.01048e-05 1.96039e-05 1.91096e-05 1.86221e-05 1.81418e-05 1.76688e-05 1.72033e-05 1.67455e-05 1.62955e-05 1.58536e-05 1.54197e-05 1.49939e-05 1.45764e-05 1.41672e-05 1.37662e-05 1.33736e-05 1.29893e-05 1.26133e-05 1.22456e-05 1.18861e-05 1.15348e-05 1.11917e-05 1.08567e-05 1.05296e-05 1.02105e-05 9.89923e-06 9.5957e-06 9.29983e-06 9.0115e-06 8.73061e-06 8.45705e-06 8.1907e-06 7.93145e-06 7.67918e-06 7.43377e-06 7.19508e-06 6.963e-06 6.7374e-06 6.51815e-06 6.30512e-06 6.09818e-06 5.89721e-06 5.70208e-06 5.51265e-06 5.32881e-06 5.15042e-06 4.97735e-06 4.80948e-06 4.64669e-06 4.48886e-06 4.33585e-06 4.18755e-06 4.04385e-06 3.90462e-06 3.76975e-06 3.63912e-06 3.51262e-06 3.39014e-06 3.27158e-06 3.15682e-06
0.000153913 3.39922e-05 3.42007e-05 3.43466e-05 3.44338e-05 3.44661e-05 3.4447e-05 3.438e-05 3.42684e-05 3.41154e-05 3.39239e-05 3.36968e-05 3.34369e-05 3.31467e-05 3.28287e-05 3.24853e-05 3.21187e-05 3.1731e-05 3.13243e-05 3.09003e-05 3.0461e-05 3.00081e-05 2.95431e-05 2.90675e-05 2.85828e-05 2.80904e-05 2.75914e-05 2.70872e-05 2.65788e-05 2.60672e-05 2.55534e-05 2.50384e-05 2.4523e-05 2.4008e-05 2.34941e-05 2.29821e-05 2.24725e-05 2.19659e-05 2.1463e-05 2.09641e-05 2.04698e-05 1.99805e-05 1.94964e-05 1.90181e-05 1.85458e-05 1.80798e-05 1.76203e-05 1.71676e-05 1.67219e-05 1.62833e-05 1.5852e-05 1.54281e-05 1.50118e-05 1.4603e-05 1.4202e-05 1.38087e-05 1.34231e-05 1.30454e-05 1.26755e-05 1.23134e-05 1.19591e-05 1.16126e-05 1.12738e-05 1.09427e-05 1.06193e-05 1.03034e-05 9.99501e-06 9.69406e-06 9.40047e-06 9.11414e-06 8.83499e-06 8.5629e-06 8.29779e-06 8.03956e-06 7.78808e-06 7.54326e-06 7.30499e-06 7.07314e-06 6.8476e-06 6.62826e-06 6.415e-06 6.20769e-06 6.00623e-06 5.81049e-06 5.62034e-06 5.43568e-06 5.25637e-06 5.08231e-06 4.91337e-06 4.74943e-06 4.59038e-06 4.43611e-06 4.28649e-06 4.14141e-06 4.00077e-06 3.86445e-06 3.73233e-06 3.60433e-06 3.48031e-06 3.36019e-06 3.24386e-06
0.000145118 3.2408e-05 3.26632e-05 3.28566e-05 3.29917e-05 3.30722e-05 3.31016e-05 3.3083e-05 3.30196e-05 3.29145e-05 3.27706e-05 3.25906e-05 3.23771e-05 3.21327e-05 3.18597e-05 3.15605e-05 3.12372e-05 3.08919e-05 3.05266e-05 3.01431e-05 2.97432e-05 2.93286e-05 2.89008e-05 2.84614e-05 2.80118e-05 2.75533e-05 2.70872e-05 2.66147e-05 2.61369e-05 2.56549e-05 2.51696e-05 2.4682e-05 2.41929e-05 2.37032e-05 2.32136e-05 2.27248e-05 2.22374e-05 2.17522e-05 2.12696e-05 2.07901e-05 2.03143e-05 1.98426e-05 1.93754e-05 1.89131e-05 1.84559e-05 1.80043e-05 1.75584e-05 1.71186e-05 1.6685e-05 1.62579e-05 1.58374e-05 1.54237e-05 1.50169e-05 1.46172e-05 1.42245e-05 1.38391e-05 1.34609e-05 1.309e-05 1.27264e-05 1.23702e-05 1.20214e-05 1.16799e-05 1.13457e-05 1.10189e-05 1.06993e-05 1.03869e-05 1.00817e-05 9.78365e-06 9.49262e-06 9.20857e-06 8.93142e-06 8.66108e-06 8.39748e-06 8.14052e-06 7.8901e-06 7.64614e-06 7.40852e-06 7.17715e-06 6.95192e-06 6.73273e-06 6.51947e-06 6.31202e-06 6.11028e-06 5.91414e-06 5.72349e-06 5.53821e-06 5.35819e-06 5.18333e-06 5.0135e-06 4.8486e-06 4.68852e-06 4.53314e-06 4.38237e-06 4.23608e-06 4.09418e-06 3.95656e-06 3.82311e-06 3.69372e-06 3.56831e-06 3.44676e-06 3.32897e-06
0.000136825 3.08938e-05 3.11906e-05 3.14264e-05 3.16047e-05 3.1729e-05 3.18023e-05 3.1828e-05 3.18089e-05 3.17481e-05 3.16481e-05 3.15118e-05 3.13416e-05 3.11399e-05 3.09092e-05 3.06515e-05 3.0369e-05 3.00638e-05 2.97376e-05 2.93925e-05 2.903e-05 2.8652e-05 2.82598e-05 2.7855e-05 2.7439e-05 2.70132e-05 2.65788e-05 2.61369e-05 2.56887e-05 2.52353e-05 2.47777e-05 2.43167e-05 2.38533e-05 2.33883e-05 2.29224e-05 2.24564e-05 2.19909e-05 2.15266e-05 2.10641e-05 2.06038e-05 2.01464e-05 1.96922e-05 1.92416e-05 1.87952e-05 1.83531e-05 1.79158e-05 1.74836e-05 1.70567e-05 1.66354e-05 1.62199e-05 1.58103e-05 1.5407e-05 1.50099e-05 1.46193e-05 1.42353e-05 1.38579e-05 1.34873e-05 1.31234e-05 1.27665e-05 1.24164e-05 1.20732e-05 1.1737e-05 1.14077e-05 1.10854e-05 1.07699e-05 1.04613e-05 1.01596e-05 9.86461e-06 9.5764e-06 9.29489e-06 9.02e-06 8.75168e-06 8.48984e-06 8.2344e-06 7.9853e-06 7.74243e-06 7.50572e-06 7.27506e-06 7.05038e-06 6.83156e-06 6.61852e-06 6.41115e-06 6.20936e-06 6.01303e-06 5.82208e-06 5.63638e-06 5.45584e-06 5.28036e-06 5.10983e-06 4.94415e-06 4.78321e-06 4.6269e-06 4.47513e-06 4.32779e-06 4.18479e-06 4.04601e-06 3.91136e-06 3.78074e-06 3.65405e-06 3.5312e-06 3.41209e-06
0.000129007 2.94469e-05 2.97804e-05 3.00541e-05 3.02711e-05 3.04348e-05 3.05482e-05 3.06142e-05 3.06357e-05 3.06155e-05 3.05563e-05 3.04604e-05 3.03304e-05 3.01687e-05 2.99774e-05 2.97587e-05 2.95146e-05 2.92471e-05 2.89581e-05 2.86493e-05 2.83225e-05 2.79792e-05 2.7621e-05 2.72494e-05 2.68656e-05 2.64712e-05 2.60672e-05 2.56549e-05 2.52353e-05 2.48096e-05 2.43788e-05 2.39437e-05 2.35053e-05 2.30643e-05 2.26217e-05 2.2178e-05 2.1734e-05 2.12902e-05 2.08474e-05 2.04061e-05 1.99668e-05 1.95299e-05 1.90959e-05 1.86652e-05 1.82382e-05 1.78153e-05 1.73967e-05 1.69828e-05 1.65737e-05 1.61699e-05 1.57714e-05 1.53785e-05 1.49913e-05 1.461e-05 1.42347e-05 1.38656e-05 1.35027e-05 1.31461e-05 1.27959e-05 1.24522e-05 1.21149e-05 1.17842e-05 1.146e-05 1.11424e-05 1.08313e-05 1.05267e-05 1.02287e-05 9.93711e-06 9.65197e-06 9.37325e-06 9.10087e-06 8.83479e-06 8.57496e-06 8.32129e-06 8.07373e-06 7.8322e-06 7.59662e-06 7.36691e-06 7.14299e-06 6.92477e-06 6.71217e-06 6.50509e-06 6.30344e-06 6.10714e-06 5.91607e-06 5.73015e-06 5.54929e-06 5.37338e-06 5.20232e-06 5.03603e-06 4.87439e-06 4.71732e-06 4.56472e-06 4.41648e-06 4.27252e-06 4.13273e-06 3.99703e-06 3.86531e-06 3.73748e-06 3.61345e-06 3.49313e-06
0.000121635 2.80644e-05 2.84303e-05 2.87375e-05 2.89892e-05 2.91884e-05 2.93379e-05 2.94407e-05 2.94993e-05 2.95165e-05 2.94947e-05 2.94363e-05 2.93437e-05 2.92191e-05 2.90647e-05 2.88825e-05 2.86746e-05 2.84427e-05 2.81887e-05 2.79144e-05 2.76213e-05 2.73112e-05 2.69854e-05 2.66454e-05 2.62925e-05 2.59281e-05 2.55534e-05 2.51696e-05 2.47777e-05 2.43788e-05 2.39739e-05 2.3564e-05 2.31498e-05 2.27323e-05 2.23123e-05 2.18904e-05 2.14674e-05 2.10439e-05 2.06205e-05 2.01978e-05 1.97763e-05 1.93565e-05 1.89389e-05 1.85239e-05 1.81119e-05 1.77032e-05 1.72982e-05 1.68973e-05 1.65006e-05 1.61084e-05 1.5721e-05 1.53386e-05 1.49614e-05 1.45896e-05 1.42232e-05 1.38625e-05 1.35075e-05 1.31583e-05 1.28151e-05 1.24779e-05 1.21468e-05 1.18218e-05 1.1503e-05 1.11903e-05 1.08838e-05 1.05834e-05 1.02893e-05 1.00013e-05 9.71949e-06 9.44377e-06 9.17414e-06 8.91054e-06 8.65294e-06 8.40127e-06 8.15547e-06 7.9155e-06 7.68127e-06 7.45273e-06 7.22979e-06 7.01238e-06 6.80042e-06 6.59384e-06 6.39254e-06 6.19644e-06 6.00547e-06 5.81951e-06 5.6385e-06 5.46234e-06 5.29093e-06 5.1242e-06 4.96204e-06 4.80436e-06 4.65108e-06 4.5021e-06 4.35732e-06 4.21667e-06 4.08005e-06 3.94736e-06 3.81852e-06 3.69344e-06 3.57204e-06
0.000114684 2.67438e-05 2.71379e-05 2.74747e-05 2.77573e-05 2.79883e-05 2.81705e-05 2.83065e-05 2.8399e-05 2.84504e-05 2.84631e-05 2.84393e-05 2.83814e-05 2.82914e-05 2.81714e-05 2.80234e-05 2.78493e-05 2.76509e-05 2.743e-05 2.71883e-05 2.69273e-05 2.66486e-05 2.63536e-05 2.60438e-05 2.57205e-05 2.5385e-05 2.50384e-05 2.4682e-05 2.43167e-05 2.39437e-05 2.3564e-05 2.31784e-05 2.27878e-05 2.23932e-05 2.19952e-05 2.15946e-05 2.11921e-05 2.07884e-05 2.03841e-05 1.99797e-05 1.95758e-05 1.91729e-05 1.87715e-05 1.8372e-05 1.79748e-05 1.75803e-05 1.71889e-05 1.68009e-05 1.64165e-05 1.60361e-05 1.56599e-05 1.52881e-05 1.49209e-05 1.45586e-05 1.42012e-05 1.3849e-05 1.35021e-05 1.31605e-05 1.28245e-05 1.2494e-05 1.21692e-05 1.18501e-05 1.15367e-05 1.12292e-05 1.09275e-05 1.06316e-05 1.03416e-05 1.00574e-05 9.77911e-06 9.50662e-06 9.23995e-06 8.97905e-06 8.72388e-06 8.47442e-06 8.23061e-06 7.99241e-06 7.75975e-06 7.53257e-06 7.31082e-06 7.09442e-06 6.88331e-06 6.67741e-06 6.47666e-06 6.28096e-06 6.09025e-06 5.90445e-06 5.72347e-06 5.54723e-06 5.37564e-06 5.20863e-06 5.0461e-06 4.88798e-06 4.73417e-06 4.58459e-06 4.43915e-06 4.29777e-06 4.16036e-06 4.02684e-06 3.89712e-06 3.77112e-06 3.64875e-06
0.000108131 2.54825e-05 2.5901e-05 2.62638e-05 2.65736e-05 2.6833e-05 2.70446e-05 2.72108e-05 2.73341e-05 2.74167e-05 2.7461e-05 2.74692e-05 2.74433e-05 2.73854e-05 2.72975e-05 2.71815e-05 2.70392e-05 2.68723e-05 2.66826e-05 2.64716e-05 2.6241e-05 2.59922e-05 2.57266e-05 2.54456e-05 2.51505e-05 2.48426e-05 2.4523e-05 2.41929e-05 2.38533e-05 2.35053e-05 2.31498e-05 2.27878e-05 2.24202e-05 2.20477e-05 2.16712e-05 2.12914e-05 2.0909e-05 2.05246e-05 2.01389e-05 1.97525e-05 1.9366e-05 1.89797e-05 1.85943e-05 1.82102e-05 1.78277e-05 1.74473e-05 1.70694e-05 1.66942e-05 1.63221e-05 1.59534e-05 1.55884e-05 1.52272e-05 1.48702e-05 1.45175e-05 1.41692e-05 1.38257e-05 1.34869e-05 1.31531e-05 1.28243e-05 1.25007e-05 1.21823e-05 1.18693e-05 1.15616e-05 1.12594e-05 1.09627e-05 1.06714e-05 1.03857e-05 1.01056e-05 9.831e-06 9.56195e-06 9.29843e-06 9.04043e-06 8.78792e-06 8.54087e-06 8.29924e-06 8.063e-06 7.83211e-06 7.6065e-06 7.38612e-06 7.17093e-06 6.96086e-06 6.75584e-06 6.55581e-06 6.3607e-06 6.17044e-06 5.98496e-06 5.80418e-06 5.62802e-06 5.45642e-06 5.2893e-06 5.12656e-06 4.96814e-06 4.81395e-06 4.66392e-06 4.51796e-06 4.37599e-06 4.23793e-06 4.10371e-06 3.97323e-06 3.84642e-06 3.7232e-06
