0.370077 0.0196711 0.0129086 0.00911603 0.00677971 0.00522686 0.0041327 0.00332724 0.00271459 0.00223699 0.00185762 0.00155187 0.00130263 0.00109758 0.000927647 0.000785969 0.000667258 0.000567372 0.000483028 0.000411585 0.000350905 0.000299234 0.000255131 0.000217397 0.00018503 0.000157193 0.000133176 0.00011238 9.42909e-05 7.84715e-05 6.73695e-05
0.0196711 0.00242206 0.00147247 0.000956826 0.000654276 0.000465126 0.000340675 0.000255372 0.000194946 0.000150989 0.000118316 9.35965e-05 7.4622e-05 5.98806e-05 4.83119e-05 3.91553e-05 3.18549e-05 2.59977e-05 2.12725e-05 1.74418e-05 1.43226e-05 1.17725e-05 9.67986e-06 7.95638e-06 6.53198e-06 5.3507e-06 4.36771e-06 3.54704e-06 2.85991e-06 2.28358e-06 1.91349e-06
0.0129086 0.00147247 0.000858449 0.000540116 0.000360882 0.00025251 0.000182999 0.00013623 0.000103535 7.99704e-05 6.25651e-05 4.94536e-05 3.94177e-05 3.16346e-05 2.55331e-05 2.07062e-05 1.68583e-05 1.37706e-05 1.12788e-05 9.25776e-06 7.61126e-06 6.26443e-06 5.15859e-06 4.24743e-06 3.49416e-06 2.86943e-06 2.34975e-06 1.91633e-06 1.55432e-06 1.28262e-06 1.0755e-06
0.00911603 0.000956826 0.000540116 0.000331359 0.000217458 0.000150351 0.000108144 8.01398e-05 6.07487e-05 4.68594e-05 3.66411e-05 2.89619e-05 2.30919e-05 1.85425e-05 1.49764e-05 1.2155e-05 9.90492e-06 8.09857e-06 6.64004e-06 5.45642e-06 4.49163e-06 3.70204e-06 3.05349e-06 2.51897e-06 2.07706e-06 1.71063e-06 1.40602e-06 1.15237e-06 9.53024e-07 7.86474e-07 6.59733e-07
0.00677971 0.000654276 0.000360882 0.000217458 0.000140955 9.67053e-05 6.925e-05 5.12004e-05 3.87736e-05 2.99022e-05 2.33869e-05 1.84943e-05 1.47548e-05 1.18559e-05 9.58269e-06 7.78316e-06 6.34729e-06 5.19393e-06 4.26216e-06 3.50566e-06 2.88877e-06 2.38375e-06 1.96886e-06 1.6269e-06 1.34422e-06 1.10992e-06 9.15313e-07 7.58192e-07 6.27152e-07 5.17578e-07 4.34214e-07
0.00522686 0.000465126 0.00025251 0.000150351 9.67053e-05 6.60589e-05 4.72068e-05 3.48783e-05 2.6414e-05 2.03787e-05 1.59473e-05 1.26186e-05 1.00731e-05 8.0987e-06 6.54946e-06 5.32233e-06 4.34269e-06 3.55545e-06 2.91923e-06 2.40254e-06 1.98112e-06 1.63609e-06 1.35263e-06 1.11903e-06 9.25967e-07 7.6603e-07 6.35155e-07 5.26213e-07 4.35306e-07 3.59259e-07 3.01364e-07
0.0041327 0.000340675 0.000182999 0.000108144 6.925e-05 4.72068e-05 3.37147e-05 2.4914e-05 1.88773e-05 1.45725e-05 1.14101e-05 9.03301e-06 7.21391e-06 5.80197e-06 4.6935e-06 3.81512e-06 3.11367e-06 2.54983e-06 2.0941e-06 1.72395e-06 1.42206e-06 1.17491e-06 9.71896e-07 8.04627e-07 6.6644e-07 5.52761e-07 4.58354e-07 3.79752e-07 3.1415e-07 2.59268e-07 2.17438e-07
0.00332724 0.000255372 0.00013623 8.01398e-05 5.12004e-05 3.48783e-05 2.4914e-05 1.84203e-05 1.39653e-05 1.07864e-05 8.44918e-06 6.69098e-06 5.34464e-06 4.29914e-06 3.47805e-06 2.82724e-06 2.30746e-06 1.88964e-06 1.55193e-06 1.27768e-06 1.05404e-06 8.70986e-07 7.20662e-07 5.96848e-07 4.94901e-07 4.10463e-07 3.40343e-07 2.81966e-07 2.33247e-07 1.92492e-07 1.61389e-07
0.00271459 0.000194946 0.000103535 6.07487e-05 3.87736e-05 2.6414e-05 1.88773e-05 1.39653e-05 1.05932e-05 8.18499e-06 6.41296e-06 5.07905e-06 4.05713e-06 3.26331e-06 2.63979e-06 2.14555e-06 1.75084e-06 1.43359e-06 1.17722e-06 9.69076e-07 7.99381e-07 6.60529e-07 5.46542e-07 4.52816e-07 3.75415e-07 3.11322e-07 2.58108e-07 2.13815e-07 1.76857e-07 1.45949e-07 1.22327e-07
0.00223699 0.000150989 7.99704e-05 4.68594e-05 2.99022e-05 2.03787e-05 1.45725e-05 1.07864e-05 8.18499e-06 6.32557e-06 4.95642e-06 3.92529e-06 3.1351e-06 2.52121e-06 2.03902e-06 1.65685e-06 1.3517e-06 1.10649e-06 9.08396e-07 7.47611e-07 6.16574e-07 5.09393e-07 4.21491e-07 3.49131e-07 2.89394e-07 2.39943e-07 1.98898e-07 1.64744e-07 1.36255e-07 1.12436e-07 9.42075e-08
0.00185762 0.000118316 6.25651e-05 3.66411e-05 2.33869e-05 1.59473e-05 1.14101e-05 8.44918e-06 6.41296e-06 4.95642e-06 3.88335e-06 3.07495e-06 2.45536e-06 1.97402e-06 1.59599e-06 1.29644e-06 1.05732e-06 8.65242e-07 7.10118e-07 5.84259e-07 4.81725e-07 3.97913e-07 3.29156e-07 2.72576e-07 2.25884e-07 1.87246e-07 1.55188e-07 1.28521e-07 1.06284e-07 8.76988e-08 7.34564e-08
0.00155187 9.35965e-05 4.94536e-05 2.89619e-05 1.84943e-05 1.26186e-05 9.03301e-06 6.69098e-06 5.07905e-06 3.92529e-06 3.07495e-06 2.43422e-06 1.94314e-06 1.56169e-06 1.26217e-06 1.0249e-06 8.35563e-07 6.83526e-07 5.60789e-07 4.61245e-07 3.80194e-07 3.13946e-07 2.5962e-07 2.14934e-07 1.78071e-07 1.47578e-07 1.22288e-07 1.01258e-07 8.37288e-08 6.90832e-08 5.78453e-08
0.00130263 7.4622e-05 3.94177e-05 2.30919e-05 1.47548e-05 1.00731e-05 7.21391e-06 5.34464e-06 4.05713e-06 3.1351e-06 2.45536e-06 1.94314e-06 1.5506e-06 1.24573e-06 1.00643e-06 8.1692e-07 6.65749e-07 5.44407e-07 4.4649e-07 3.67114e-07 3.025e-07 2.49709e-07 2.06436e-07 1.70855e-07 1.41515e-07 1.17256e-07 9.71422e-08 8.04239e-08 6.64933e-08 5.48587e-08 4.59203e-08
0.00109758 5.98806e-05 3.16346e-05 1.85425e-05 1.18559e-05 8.0987e-06 5.80197e-06 4.29914e-06 3.26331e-06 2.52121e-06 1.97402e-06 1.56169e-06 1.24573e-06 1.00042e-06 8.07917e-07 6.5553e-07 5.34016e-07 4.36519e-07 3.57879e-07 2.9415e-07 2.42294e-07 1.99945e-07 1.65245e-07 1.36725e-07 1.13217e-07 9.37868e-08 7.76837e-08 6.43038e-08 5.31591e-08 4.38548e-08 3.6698e-08
0.000927647 4.83119e-05 2.55331e-05 1.49764e-05 9.58269e-06 6.54946e-06 4.6935e-06 3.47805e-06 2.63979e-06 2.03902e-06 1.59599e-06 1.26217e-06 1.00643e-06 8.07917e-07 6.52194e-07 5.28969e-07 4.30748e-07 3.51975e-07 2.88459e-07 2.37008e-07 1.95159e-07 1.60997e-07 1.33016e-07 1.10028e-07 9.10867e-08 7.54371e-08 6.24724e-08 5.17041e-08 4.2738e-08 3.52553e-08 2.94932e-08
0.000785969 3.91553e-05 2.07062e-05 1.2155e-05 7.78316e-06 5.32233e-06 3.81512e-06 2.82724e-06 2.14555e-06 1.65685e-06 1.29644e-06 1.0249e-06 8.1692e-07 6.5553e-07 5.28969e-07 4.28859e-07 3.49094e-07 2.85146e-07 2.33606e-07 1.91872e-07 1.57941e-07 1.30253e-07 1.07583e-07 8.8966e-08 7.36321e-08 6.09677e-08 5.04799e-08 4.17721e-08 3.45244e-08 2.84779e-08 2.38167e-08
0.000667258 3.18549e-05 1.68583e-05 9.90492e-06 6.34729e-06 4.34269e-06 3.11367e-06 2.30746e-06 1.75084e-06 1.3517e-06 1.05732e-06 8.35563e-07 6.65749e-07 5.34016e-07 4.30748e-07 3.49094e-07 2.84059e-07 2.3194e-07 1.89949e-07 1.55962e-07 1.2834e-07 1.05809e-07 8.73687e-08 7.22302e-08 5.97662e-08 4.94758e-08 4.09571e-08 3.38868e-08 2.8004e-08 2.3098e-08 1.9312e-08
0.000567372 2.59977e-05 1.37706e-05 8.09857e-06 5.19393e-06 3.55545e-06 2.54983e-06 1.88964e-06 1.43359e-06 1.10649e-06 8.65242e-07 6.83526e-07 5.44407e-07 4.36519e-07 3.51975e-07 2.85146e-07 2.3194e-07 1.89316e-07 1.5499e-07 1.27217e-07 1.04653e-07 8.62547e-08 7.12025e-08 5.88498e-08 4.86832e-08 4.02924e-08 3.33488e-08 2.75877e-08 2.27959e-08 1.88012e-08 1.57153e-08
0.000483028 2.12725e-05 1.12788e-05 6.64004e-06 4.26216e-06 2.91923e-06 2.0941e-06 1.55193e-06 1.17722e-06 9.08396e-07 7.10118e-07 5.60789e-07 4.4649e-07 3.57879e-07 2.88459e-07 2.33606e-07 1.89949e-07 1.5499e-07 1.26846e-07 1.04083e-07 8.55968e-08 7.05285e-08 5.8205e-08 4.80952e-08 3.97773e-08 3.29147e-08 2.72376e-08 2.2529e-08 1.86139e-08 1.5351e-08 1.28282e-08
0.000411585 1.74418e-05 9.25776e-06 5.45642e-06 3.50566e-06 2.40254e-06 1.72395e-06 1.27768e-06 9.69076e-07 7.47611e-07 5.84259e-07 4.61245e-07 3.67114e-07 2.9415e-07 2.37008e-07 1.91872e-07 1.55962e-07 1.27217e-07 1.04083e-07 8.53793e-08 7.01948e-08 5.78219e-08 4.77063e-08 3.94105e-08 3.25874e-08 2.69599e-08 2.2306e-08 1.84473e-08 1.52399e-08 1.25678e-08 1.04998e-08
0.000350905 1.43226e-05 7.61126e-06 4.49163e-06 2.88877e-06 1.98112e-06 1.42206e-06 1.05404e-06 7.99381e-07 6.16574e-07 4.81725e-07 3.80194e-07 3.025e-07 2.42294e-07 1.95159e-07 1.57941e-07 1.2834e-07 1.04653e-07 8.55968e-08 7.01948e-08 5.76949e-08 4.75129e-08 3.9191e-08 3.23685e-08 2.67588e-08 2.21336e-08 1.83098e-08 1.51404e-08 1.25067e-08 1.03133e-08 8.61419e-09
0.000299234 1.17725e-05 6.26443e-06 3.70204e-06 2.38375e-06 1.63609e-06 1.17491e-06 8.70986e-07 6.60529e-07 5.09393e-07 3.97913e-07 3.13946e-07 2.49709e-07 1.99945e-07 1.60997e-07 1.30253e-07 1.05809e-07 8.62547e-08 7.05285e-08 5.78219e-08 4.75129e-08 3.9118e-08 3.22589e-08 2.66372e-08 2.20164e-08 1.82076e-08 1.50596e-08 1.24512e-08 1.02843e-08 8.48018e-09 7.08152e-09
0.000255131 9.67986e-06 5.15859e-06 3.05349e-06 1.96886e-06 1.35263e-06 9.71896e-07 7.20662e-07 5.46542e-07 4.21491e-07 3.29156e-07 2.5962e-07 2.06436e-07 1.65245e-07 1.33016e-07 1.07583e-07 8.73687e-08 7.12025e-08 5.8205e-08 4.77063e-08 3.9191e-08 3.22589e-08 2.65965e-08 2.19571e-08 1.81446e-08 1.5003e-08 1.24073e-08 1.02569e-08 8.47119e-09 6.98476e-09 5.83151e-09
0.000217397 7.95638e-06 4.24743e-06 2.51897e-06 1.6269e-06 1.11903e-06 8.04627e-07 5.96848e-07 4.52816e-07 3.49131e-07 2.72576e-07 2.14934e-07 1.70855e-07 1.36725e-07 1.10028e-07 8.8966e-08 7.22302e-08 5.88498e-08 4.80952e-08 3.94105e-08 3.23685e-08 2.66372e-08 2.19571e-08 1.81233e-08 1.49738e-08 1.23792e-08 1.0236e-08 8.461e-09 6.98734e-09 5.76101e-09 4.80886e-09
0.00018503 6.53198e-06 3.49416e-06 2.07706e-06 1.34422e-06 9.25967e-07 6.6644e-07 4.94901e-07 3.75415e-07 2.89394e-07 2.25884e-07 1.78071e-07 1.41515e-07 1.13217e-07 9.10867e-08 7.36321e-08 5.97662e-08 4.86832e-08 3.97773e-08 3.25874e-08 2.67588e-08 2.20164e-08 1.81446e-08 1.49738e-08 1.23696e-08 1.02247e-08 8.4534e-09 6.98677e-09 5.76943e-09 4.75665e-09 3.96976e-09
0.000157193 5.3507e-06 2.86943e-06 1.71063e-06 1.10992e-06 7.6603e-07 5.52761e-07 4.10463e-07 3.11322e-07 2.39943e-07 1.87246e-07 1.47578e-07 1.17256e-07 9.37868e-08 7.54371e-08 6.09677e-08 4.94758e-08 4.02924e-08 3.29147e-08 2.69599e-08 2.21336e-08 1.82076e-08 1.5003e-08 1.23792e-08 1.02247e-08 8.45061e-09 6.98581e-09 5.77326e-09 4.76701e-09 3.93005e-09 3.27937e-09
0.000133176 4.36771e-06 2.34975e-06 1.40602e-06 9.15313e-07 6.35155e-07 4.58354e-07 3.40343e-07 2.58108e-07 1.98898e-07 1.55188e-07 1.22288e-07 9.71422e-08 7.76837e-08 6.24724e-08 5.04799e-08 4.09571e-08 3.33488e-08 2.72376e-08 2.2306e-08 1.83098e-08 1.50596e-08 1.24073e-08 1.0236e-08 8.4534e-09 6.98581e-09 5.77433e-09 4.77166e-09 3.93975e-09 3.24792e-09 2.70978e-09
0.00011238 3.54704e-06 1.91633e-06 1.15237e-06 7.58192e-07 5.26213e-07 3.79752e-07 2.81966e-07 2.13815e-07 1.64744e-07 1.28521e-07 1.01258e-07 8.04239e-08 6.43038e-08 5.17041e-08 4.17721e-08 3.38868e-08 2.75877e-08 2.2529e-08 1.84473e-08 1.51404e-08 1.24512e-08 1.02569e-08 8.461e-09 6.98677e-09 5.77326e-09 4.77166e-09 3.94283e-09 3.25525e-09 2.68355e-09 2.23866e-09
9.42909e-05 2.85991e-06 1.55432e-06 9.53024e-07 6.27152e-07 4.35306e-07 3.1415e-07 2.33247e-07 1.76857e-07 1.36255e-07 1.06284e-07 8.37288e-08 6.64933e-08 5.31591e-08 4.2738e-08 3.45244e-08 2.8004e-08 2.27959e-08 1.86139e-08 1.52399e-08 1.25067e-08 1.02843e-08 8.47119e-09 6.98734e-09 5.76943e-09 4.76701e-09 3.93975e-09 3.25525e-09 2.68749e-09 2.21546e-09 1.848e-09
7.84715e-05 2.28358e-06 1.28262e-06 7.86474e-07 5.17578e-07 3.59259e-07 2.59268e-07 1.92492e-07 1.45949e-07 1.12436e-07 8.76988e-08 6.90832e-08 5.48587e-08 4.38548e-08 3.52553e-08 2.84779e-08 2.3098e-08 1.88012e-08 1.5351e-08 1.25678e-08 1.03133e-08 8.48018e-09 6.98476e-09 5.76101e-09 4.75665e-09 3.93005e-09 3.24792e-09 2.68355e-09 2.21546e-09 1.82631e-09 1.52333e-09
6.73695e-05 1.91349e-06 1.0755e-06 6.59733e-07 4.34214e-07 3.01364e-07 2.17438e-07 1.61389e-07 1.22327e-07 9.42075e-08 7.34564e-08 5.78453e-08 4.59203e-08 3.6698e-08 2.94932e-08 2.38167e-08 1.9312e-08 1.57153e-08 1.28282e-08 1.04998e-08 8.61419e-09 7.08152e-09 5.83151e-09 4.80886e-09 3.96976e-09 3.27937e-09 2.70978e-09 2.23866e-09 1.848e-09 1.52333e-09 1.27036e-09
