0.378656 0.0622824 0.0334637 0.0195722 0.0118021 0.0071475 0.0043016 0.00256459 0.00151455 0.00088688 0.000515565 0.000297872 0.000171205 9.79673e-05 5.58463e-05 3.17304e-05 1.79764e-05 1.01584e-05 5.7274e-06 3.2226e-06 1.80991e-06 1.01481e-06 5.68127e-07 3.17612e-07 1.77327e-07 9.88753e-08 5.50509e-08 3.05833e-08 1.69092e-08 9.22354e-09 5.11962e-09
0.0622824 0.0148815 0.00768237 0.00397366 0.00204038 0.001044 0.000534565 0.000274607 0.00014168 7.34302e-05 3.82217e-05 1.99722e-05 1.04719e-05 5.50688e-06 2.90336e-06 1.53413e-06 8.12195e-07 4.30714e-07 2.28749e-07 1.21645e-07 6.47626e-08 3.45142e-08 1.84104e-08 9.82806e-09 5.2498e-09 2.80514e-09 1.49814e-09 7.97856e-10 4.20743e-10 2.15037e-10 1.15327e-10
0.0334637 0.00768237 0.00345036 0.00164191 0.000802772 0.000398773 0.000200426 0.000101721 5.2056e-05 2.68288e-05 1.39097e-05 7.24777e-06 3.79237e-06 1.99134e-06 1.04874e-06 5.53716e-07 2.92982e-07 1.5531e-07 8.24627e-08 4.38452e-08 2.3341e-08 1.2439e-08 6.63525e-09 3.54219e-09 1.89203e-09 1.01065e-09 5.39129e-10 2.86076e-10 1.49311e-10 7.927e-11 4.25243e-11
0.0195722 0.00397366 0.00164191 0.000736024 0.00034604 0.000167601 8.28512e-05 4.15804e-05 2.11133e-05 1.08203e-05 5.5865e-06 2.90163e-06 1.51449e-06 7.93666e-07 4.17313e-07 2.20042e-07 1.163e-07 6.15938e-08 3.26777e-08 1.73629e-08 9.23771e-09 4.92046e-09 2.62346e-09 1.39987e-09 7.473e-10 3.98789e-10 2.12273e-10 1.12059e-10 5.97574e-11 3.17244e-11 1.70158e-11
0.0118021 0.00204038 0.000802772 0.00034604 0.000158246 7.52166e-05 3.67092e-05 1.82593e-05 9.21188e-06 4.69818e-06 2.41655e-06 1.25138e-06 6.51535e-07 3.40726e-07 1.78836e-07 9.41516e-08 4.96951e-08 2.62873e-08 1.39313e-08 7.39504e-09 3.93097e-09 2.09212e-09 1.11461e-09 5.9428e-10 3.16945e-10 1.68886e-10 8.96531e-11 4.78533e-11 2.55138e-11 1.3542e-11 7.26028e-12
0.0071475 0.001044 0.000398773 0.000167601 7.52166e-05 3.52807e-05 1.70588e-05 8.42825e-06 4.2307e-06 2.14923e-06 1.10195e-06 5.6911e-07 2.95631e-07 1.54295e-07 8.08414e-08 4.2493e-08 2.23966e-08 1.18318e-08 6.26293e-09 3.32085e-09 1.76346e-09 9.37643e-10 4.99078e-10 2.65838e-10 1.41612e-10 7.53341e-11 4.01965e-11 2.14472e-11 1.14306e-11 6.06504e-12 3.24979e-12
0.0043016 0.000534565 0.000200426 8.28512e-05 3.67092e-05 1.70588e-05 8.19257e-06 4.02725e-06 2.01357e-06 1.01962e-06 5.21365e-07 2.6863e-07 1.39254e-07 7.25436e-08 3.79446e-08 1.99143e-08 1.04813e-08 5.52988e-09 2.9236e-09 1.54846e-09 8.21408e-10 4.36309e-10 2.32003e-10 1.23448e-10 6.56815e-11 3.5012e-11 1.86717e-11 9.95742e-12 5.30445e-12 2.81344e-12 1.50655e-12
0.00256459 0.000274607 0.000101721 4.15804e-05 1.82593e-05 8.42825e-06 4.02725e-06 1.9719e-06 9.82767e-07 4.96305e-07 2.53179e-07 1.30176e-07 6.73533e-08 3.50267e-08 1.82919e-08 9.58602e-09 5.03846e-09 2.65491e-09 1.40197e-09 7.41722e-10 3.93047e-10 2.08565e-10 1.10792e-10 5.88914e-11 3.13494e-11 1.67003e-11 8.90079e-12 4.74403e-12 2.52591e-12 1.33919e-12 7.16656e-13
0.00151455 0.00014168 5.2056e-05 2.11133e-05 9.21188e-06 4.2307e-06 2.01357e-06 9.82767e-07 4.88478e-07 2.46105e-07 1.25282e-07 6.42926e-08 3.32072e-08 1.72414e-08 8.99055e-09 4.70503e-09 2.46979e-09 1.29983e-09 6.85622e-10 3.62346e-10 1.91817e-10 1.01686e-10 5.39646e-11 2.86785e-11 1.52554e-11 8.12136e-12 4.32574e-12 2.30424e-12 1.22623e-12 6.49864e-13 3.47553e-13
0.00088688 7.34302e-05 2.68288e-05 1.08203e-05 4.69818e-06 2.14923e-06 1.01962e-06 4.96305e-07 2.46105e-07 1.23733e-07 6.2867e-08 3.22059e-08 1.66074e-08 8.60975e-09 4.48327e-09 2.34317e-09 1.22849e-09 6.45803e-10 3.40275e-10 1.7965e-10 9.50097e-11 5.03196e-11 2.66897e-11 1.4173e-11 7.53392e-12 4.00808e-12 2.13353e-12 1.13584e-12 6.04139e-13 3.20051e-13 1.71064e-13
0.000515565 3.82217e-05 1.39097e-05 5.5865e-06 2.41655e-06 1.10195e-06 5.21365e-07 2.53179e-07 1.25282e-07 6.2867e-08 3.18858e-08 1.63082e-08 8.39686e-09 4.34704e-09 2.26062e-09 1.18005e-09 6.17972e-10 3.24509e-10 1.7081e-10 9.0093e-11 4.7603e-11 2.51938e-11 1.33524e-11 7.08532e-12 3.76372e-12 2.00101e-12 1.06451e-12 5.66401e-13 3.01113e-13 1.59459e-13 8.51807e-14
0.000297872 1.99722e-05 7.24777e-06 2.90163e-06 1.25138e-06 5.6911e-07 2.6863e-07 1.30176e-07 6.42926e-08 3.22059e-08 1.63082e-08 8.3283e-09 4.28208e-09 2.21391e-09 1.14989e-09 5.99557e-10 3.13636e-10 1.64528e-10 8.65185e-11 4.55921e-11 2.40708e-11 1.27293e-11 6.74134e-12 3.57469e-12 1.89761e-12 1.00825e-12 5.36061e-13 2.85072e-13 1.51479e-13 8.01893e-14 4.28128e-14
0.000171205 1.04719e-05 3.79237e-06 1.51449e-06 6.51535e-07 2.95631e-07 1.39254e-07 6.73533e-08 3.32072e-08 1.66074e-08 8.39686e-09 4.28208e-09 2.19878e-09 1.1354e-09 5.8904e-10 3.06793e-10 1.60323e-10 8.4022e-11 4.41435e-11 2.32429e-11 1.22615e-11 6.47933e-12 3.42895e-12 1.81702e-12 9.63946e-13 5.11864e-13 2.71993e-13 1.44568e-13 7.67841e-14 4.06337e-14 2.16831e-14
9.79673e-05 5.50688e-06 1.99134e-06 7.93666e-07 3.40726e-07 1.54295e-07 7.25436e-08 3.50267e-08 1.72414e-08 8.60975e-09 4.34704e-09 2.21391e-09 1.1354e-09 5.85618e-10 3.03485e-10 1.57904e-10 8.24379e-11 4.31648e-11 2.2659e-11 1.19211e-11 6.28405e-12 3.31828e-12 1.75489e-12 9.29329e-13 4.92717e-13 2.61488e-13 1.38874e-13 7.37772e-14 3.91678e-14 2.07206e-14 1.10516e-14
5.58463e-05 2.90336e-06 1.04874e-06 4.17313e-07 1.78836e-07 8.08414e-08 3.79446e-08 1.82919e-08 8.99055e-09 4.48327e-09 2.26062e-09 1.14989e-09 5.8904e-10 3.03485e-10 1.57114e-10 8.16685e-11 4.25984e-11 2.22859e-11 1.16894e-11 6.14521e-12 3.23704e-12 1.70815e-12 9.0278e-13 4.77789e-13 2.53171e-13 1.34286e-13 7.12816e-14 3.78506e-14 2.00862e-14 1.06227e-14 5.66309e-15
3.17304e-05 1.53413e-06 5.53716e-07 2.20042e-07 9.41516e-08 4.2493e-08 1.99143e-08 9.58602e-09 4.70503e-09 2.34317e-09 1.18005e-09 5.99557e-10 3.06793e-10 1.57904e-10 8.16685e-11 4.2413e-11 2.2104e-11 1.15547e-11 6.05605e-12 3.18143e-12 1.6747e-12 8.83149e-13 4.66469e-13 2.46732e-13 1.30666e-13 6.92711e-14 3.67525e-14 1.95068e-14 1.03475e-14 5.47069e-15 2.9152e-15
1.79764e-05 8.12195e-07 2.92982e-07 1.163e-07 4.96951e-08 2.23966e-08 1.04813e-08 5.03846e-09 2.46979e-09 1.22849e-09 6.17972e-10 3.13636e-10 1.60323e-10 8.24379e-11 4.25984e-11 2.2104e-11 1.15105e-11 6.01244e-12 3.14897e-12 1.65312e-12 8.69639e-13 4.5832e-13 2.41938e-13 1.27898e-13 6.76978e-14 3.58714e-14 1.9023e-14 1.00923e-14 5.35145e-15 2.82849e-15 1.50659e-15
1.01584e-05 4.30714e-07 1.5531e-07 6.15938e-08 2.62873e-08 1.18318e-08 5.52988e-09 2.65491e-09 1.29983e-09 6.45803e-10 3.24509e-10 1.64528e-10 8.4022e-11 4.31648e-11 2.22859e-11 1.15547e-11 6.01244e-12 3.1383e-12 1.64254e-12 8.6173e-13 4.53042e-13 2.38624e-13 1.25895e-13 6.65181e-14 3.51909e-14 1.86379e-14 9.8795e-15 5.23919e-15 2.77706e-15 1.4674e-15 7.81292e-16
5.7274e-06 2.28749e-07 8.24627e-08 3.26777e-08 1.39313e-08 6.26293e-09 2.9236e-09 1.40197e-09 6.85622e-10 3.40275e-10 1.7081e-10 8.65185e-11 4.41435e-11 2.2659e-11 1.16894e-11 6.05605e-12 3.14897e-12 1.64254e-12 8.59125e-13 4.50448e-13 2.36678e-13 1.24592e-13 6.56986e-14 3.46951e-14 1.83464e-14 9.71228e-15 5.14602e-15 2.7279e-15 1.44542e-15 7.63562e-16 4.06387e-16
3.2226e-06 1.21645e-07 4.38452e-08 1.73629e-08 7.39504e-09 3.32085e-09 1.54846e-09 7.41722e-10 3.62346e-10 1.7965e-10 9.0093e-11 4.55921e-11 2.32429e-11 1.19211e-11 6.14521e-12 3.18143e-12 1.65312e-12 8.6173e-13 4.50448e-13 2.36036e-13 1.23951e-13 6.52159e-14 3.43715e-14 1.81427e-14 9.58927e-15 5.07419e-15 2.68744e-15 1.42406e-15 7.54308e-16 3.98371e-16 2.11944e-16
1.80991e-06 6.47626e-08 2.3341e-08 9.23771e-09 3.93097e-09 1.76346e-09 8.21408e-10 3.93047e-10 1.91817e-10 9.50097e-11 4.7603e-11 2.40708e-11 1.22615e-11 6.28405e-12 3.23704e-12 1.6747e-12 8.69639e-13 4.53042e-13 2.36678e-13 1.23951e-13 6.50566e-14 3.42118e-14 1.80223e-14 9.50855e-15 5.02351e-15 2.65709e-15 1.40672e-15 7.45141e-16 3.94563e-16 2.08329e-16 1.10797e-16
1.01481e-06 3.45142e-08 1.2439e-08 4.92046e-09 2.09212e-09 9.37643e-10 4.36309e-10 2.08565e-10 1.01686e-10 5.03196e-11 2.51938e-11 1.27293e-11 6.47933e-12 3.31828e-12 1.70815e-12 8.83149e-13 4.5832e-13 2.38624e-13 1.24592e-13 6.52159e-14 3.42118e-14 1.79825e-14 9.46859e-15 4.99341e-15 2.63699e-15 1.39423e-15 7.37855e-16 3.90705e-16 2.06819e-16 1.09175e-16 5.80431e-17
5.68127e-07 1.84104e-08 6.63525e-09 2.62346e-09 1.11461e-09 4.99078e-10 2.32003e-10 1.10792e-10 5.39646e-11 2.66897e-11 1.33524e-11 6.74134e-12 3.42895e-12 1.75489e-12 9.0278e-13 4.66469e-13 2.41938e-13 1.25895e-13 6.56986e-14 3.43715e-14 1.80223e-14 9.46859e-15 4.98344e-15 2.62699e-15 1.38674e-15 7.32915e-16 3.87733e-16 2.05241e-16 1.08611e-16 5.73203e-17 3.04644e-17
3.17612e-07 9.82806e-09 3.54219e-09 1.39987e-09 5.9428e-10 2.65838e-10 1.23448e-10 5.88914e-11 2.86785e-11 1.4173e-11 7.08532e-12 3.57469e-12 1.81702e-12 9.29329e-13 4.77789e-13 2.46732e-13 1.27898e-13 6.65181e-14 3.46951e-14 1.81427e-14 9.50855e-15 4.99341e-15 2.62699e-15 1.38424e-15 7.30435e-16 3.85906e-16 2.04084e-16 1.07994e-16 5.71325e-17 3.01456e-17 1.60166e-17
1.77327e-07 5.2498e-09 1.89203e-09 7.473e-10 3.16945e-10 1.41612e-10 6.56815e-11 3.13494e-11 1.52554e-11 7.53392e-12 3.76372e-12 1.89761e-12 9.63946e-13 4.92717e-13 2.53171e-13 1.30666e-13 6.76978e-14 3.51909e-14 1.83464e-14 9.58927e-15 5.02351e-15 2.63699e-15 1.38674e-15 7.30435e-16 3.85292e-16 2.03487e-16 1.07577e-16 5.69081e-17 3.0098e-17 1.58777e-17 8.43338e-18
9.88753e-08 2.80514e-09 1.01065e-09 3.98789e-10 1.68886e-10 7.53341e-11 3.5012e-11 1.67003e-11 8.12136e-12 4.00808e-12 2.00101e-12 1.00825e-12 5.11864e-13 2.61488e-13 1.34286e-13 6.92711e-14 3.58714e-14 1.86379e-14 9.71228e-15 5.07419e-15 2.65709e-15 1.39423e-15 7.32915e-16 3.85906e-16 2.03487e-16 1.07433e-16 5.67783e-17 3.00266e-17 1.58765e-17 8.37373e-18 4.44637e-18
5.50509e-08 1.49814e-09 5.39129e-10 2.12273e-10 8.96531e-11 4.01965e-11 1.86717e-11 8.90079e-12 4.32574e-12 2.13353e-12 1.06451e-12 5.36061e-13 2.71993e-13 1.38874e-13 7.12816e-14 3.67525e-14 1.9023e-14 9.8795e-15 5.14602e-15 2.68744e-15 1.40672e-15 7.37855e-16 3.87733e-16 2.04084e-16 1.07577e-16 5.67783e-17 2.99982e-17 1.58597e-17 8.38366e-18 4.42095e-18 2.34683e-18
3.05833e-08 7.97856e-10 2.86076e-10 1.12059e-10 4.78533e-11 2.14472e-11 9.95742e-12 4.74403e-12 2.30424e-12 1.13584e-12 5.66401e-13 2.85072e-13 1.44568e-13 7.37772e-14 3.78506e-14 1.95068e-14 1.00923e-14 5.23919e-15 2.7279e-15 1.42406e-15 7.45141e-16 3.90705e-16 2.05241e-16 1.07994e-16 5.69081e-17 3.00266e-17 1.58597e-17 8.38265e-18 4.43013e-18 2.33572e-18 1.23958e-18
1.69092e-08 4.20743e-10 1.49311e-10 5.97574e-11 2.55138e-11 1.14306e-11 5.30445e-12 2.52591e-12 1.22623e-12 6.04139e-13 3.01113e-13 1.51479e-13 7.67841e-14 3.91678e-14 2.00862e-14 1.03475e-14 5.35145e-15 2.77706e-15 1.44542e-15 7.54308e-16 3.94563e-16 2.06819e-16 1.08611e-16 5.71325e-17 3.0098e-17 1.58765e-17 8.38366e-18 4.43013e-18 2.34077e-18 1.23394e-18 6.54705e-19
9.22354e-09 2.15037e-10 7.927e-11 3.17244e-11 1.3542e-11 6.06504e-12 2.81344e-12 1.33919e-12 6.49864e-13 3.20051e-13 1.59459e-13 8.01893e-14 4.06337e-14 2.07206e-14 1.06227e-14 5.47069e-15 2.82849e-15 1.4674e-15 7.63562e-16 3.98371e-16 2.08329e-16 1.09175e-16 5.73203e-17 3.01456e-17 1.58777e-17 8.37373e-18 4.42095e-18 2.33572e-18 1.23394e-18 6.504e-19 3.45029e-19
5.11962e-09 1.15327e-10 4.25243e-11 1.70158e-11 7.26028e-12 3.24979e-12 1.50655e-12 7.16656e-13 3.47553e-13 1.71064e-13 8.51807e-14 4.28128e-14 2.16831e-14 1.10516e-14 5.66309e-15 2.9152e-15 1.50659e-15 7.81292e-16 4.06387e-16 2.11944e-16 1.10797e-16 5.80431e-17 3.04644e-17 1.60166e-17 8.43338e-18 4.44637e-18 2.34683e-18 1.23958e-18 6.54705e-19 3.45029e-19 1.82986e-19
