0.688187 0.00673772 0.00578941 0.00497458 0.00427442 0.00367282 0.00315588 0.0027117 0.00233004 0.0020021 0.00172031 0.00147818 0.00127014 0.00109137 0.000937764 0.000805777 0.000692367 0.00059492 0.000511187 0.000439239 0.000377418 0.000324298 0.000278655 0.000239435 0.000205736 0.000176779 0.000151898 0.000130519 0.000112149 9.63645e-05 8.28016e-05 7.11476e-05 6.11339e-05 5.25295e-05 4.51362e-05 3.87835e-05 3.33249e-05 2.86345e-05 2.46043e-05 2.11414e-05 1.81658e-05 1.5609e-05 1.34121e-05 1.15244e-05 9.90241e-06 8.50869e-06 7.31113e-06 6.28211e-06 5.39793e-06 4.63819e-06 3.98539e-06 3.42446e-06 2.94248e-06 2.52834e-06 2.17249e-06 1.86672e-06 1.60398e-06 1.37823e-06 1.18425e-06 1.01757e-06 8.74352e-07 7.51291e-07 6.4555e-07 5.54691e-07 4.76621e-07 4.09538e-07 3.51897e-07 3.02369e-07 2.59812e-07 2.23244e-07 1.91824e-07 1.64825e-07 1.41627e-07 1.21693e-07 1.04566e-07 8.98484e-08 7.72026e-08 6.63366e-08 5.7e-08 4.89775e-08 4.20841e-08 3.61609e-08 3.10714e-08 2.66983e-08 2.29406e-08 1.97118e-08 1.69374e-08 1.45536e-08 1.25052e-08 1.07451e-08 9.23281e-09 7.93333e-09 6.81675e-09 5.85732e-09 5.03292e-09 4.32456e-09 3.7159e-09 3.1929e-09 2.74351e-09 2.35737e-09 2.02558e-09
0.00673772 0.00165319 0.00147728 0.00131813 0.00117452 0.00104523 0.000929058 0.000824885 0.000731632 0.000648288 0.000573912 0.00050763 0.000448637 0.000396194 0.000349626 0.000308318 0.000271712 0.000239303 0.000210634 0.000185295 0.000162916 0.000143166 0.000125748 0.000110397 9.68767e-05 8.4975e-05 7.45045e-05 6.5298e-05 5.72072e-05 5.01004e-05 4.38608e-05 3.83852e-05 3.35821e-05 2.93706e-05 2.56793e-05 2.24454e-05 1.9613e-05 1.71333e-05 1.49631e-05 1.30644e-05 1.14038e-05 9.95178e-06 8.68261e-06 7.57357e-06 6.60471e-06 5.75855e-06 5.01975e-06 4.37483e-06 3.81202e-06 3.32097e-06 2.89263e-06 2.51908e-06 2.19338e-06 1.90947e-06 1.66202e-06 1.4464e-06 1.25855e-06 1.09493e-06 9.52433e-07 8.28359e-07 7.20344e-07 6.26325e-07 5.44502e-07 4.73304e-07 4.11362e-07 3.5748e-07 3.10616e-07 2.69863e-07 2.34428e-07 2.03623e-07 1.76844e-07 1.5357e-07 1.33345e-07 1.1577e-07 1.00501e-07 8.7237e-08 7.57157e-08 6.57095e-08 5.702e-08 4.94749e-08 4.29241e-08 3.72373e-08 3.2301e-08 2.80165e-08 2.42982e-08 2.10716e-08 1.8272e-08 1.58429e-08 1.37357e-08 1.19078e-08 1.03224e-08 8.94734e-09 7.75487e-09 6.72084e-09 5.82426e-09 5.04692e-09 4.37302e-09 3.78884e-09 3.28248e-09 2.8436e-09 2.46323e-09
0.00578941 0.00147728 0.00133206 0.00119894 0.00107731 0.000966521 0.000865881 0.000774685 0.000692232 0.000617835 0.000550832 0.000490594 0.000436522 0.000388058 0.000344679 0.000305901 0.000271278 0.000240398 0.000212886 0.000188398 0.000166623 0.000147276 0.000130101 0.000114867 0.000101363 8.94022e-05 7.88149e-05 6.94493e-05 6.11696e-05 5.38541e-05 4.7394e-05 4.16925e-05 3.66629e-05 3.22282e-05 2.83199e-05 2.48771e-05 2.18456e-05 1.91774e-05 1.68299e-05 1.47654e-05 1.29503e-05 1.13552e-05 9.95384e-06 8.72312e-06 7.64261e-06 6.69427e-06 5.86219e-06 5.13233e-06 4.49231e-06 3.93123e-06 3.43948e-06 3.00861e-06 2.63117e-06 2.30063e-06 2.01121e-06 1.75787e-06 1.53616e-06 1.34217e-06 1.17246e-06 1.02404e-06 8.94257e-07 7.80793e-07 6.81615e-07 5.94941e-07 5.19209e-07 4.53048e-07 3.9526e-07 3.44793e-07 3.00727e-07 2.62257e-07 2.28677e-07 1.9937e-07 1.73797e-07 1.51484e-07 1.3202e-07 1.15042e-07 1.00236e-07 8.73249e-08 7.60681e-08 6.62549e-08 5.77011e-08 5.02462e-08 4.37498e-08 3.80892e-08 3.31577e-08 2.88616e-08 2.51197e-08 2.18608e-08 1.90228e-08 1.65517e-08 1.44002e-08 1.25272e-08 1.08969e-08 9.47787e-09 8.24292e-09 7.16827e-09 6.23319e-09 5.41964e-09 4.71188e-09 4.09622e-09 3.56071e-09
0.00497458 0.00131813 0.00119894 0.00108812 0.000985559 0.000891012 0.000804162 0.000724631 0.000652008 0.000585862 0.000525757 0.000471255 0.000421931 0.000377372 0.000337184 0.000300995 0.000268453 0.000239228 0.000213016 0.000189533 0.000168518 0.000149731 0.000132951 0.000117979 0.00010463 9.27386e-05 8.2154e-05 7.27394e-05 6.43713e-05 5.69384e-05 5.03404e-05 4.44871e-05 3.92974e-05 3.46987e-05 3.06259e-05 2.70207e-05 2.38309e-05 2.10102e-05 1.85168e-05 1.63138e-05 1.43682e-05 1.26506e-05 1.11349e-05 9.79781e-06 8.61881e-06 7.57955e-06 6.66377e-06 5.85708e-06 5.1467e-06 4.52135e-06 3.971e-06 3.48681e-06 3.06094e-06 2.68647e-06 2.35729e-06 2.068e-06 1.81383e-06 1.59057e-06 1.39451e-06 1.22238e-06 1.07129e-06 9.38698e-07 8.22366e-07 7.20321e-07 6.30828e-07 5.52358e-07 4.83568e-07 4.23276e-07 3.70441e-07 3.24149e-07 2.83599e-07 2.48084e-07 2.16984e-07 1.89754e-07 1.65919e-07 1.45057e-07 1.268e-07 1.10826e-07 9.6852e-08 8.46287e-08 7.39385e-08 6.45906e-08 5.64176e-08 4.92727e-08 4.30276e-08 3.75696e-08 3.28001e-08 2.86329e-08 2.49923e-08 2.18123e-08 1.90348e-08 1.66092e-08 1.44912e-08 1.26419e-08 1.10276e-08 9.6184e-09 8.38848e-09 7.31512e-09 6.3785e-09 5.56128e-09 4.84831e-09
0.00427442 0.00117452 0.00107731 0.000985559 0.000899479 0.000819136 0.000744482 0.000675389 0.000611668 0.000553088 0.000499385 0.00045028 0.000405485 0.000364709 0.000327664 0.00029407 0.000263655 0.000236163 0.000211348 0.00018898 0.000168843 0.000150736 0.000134472 0.000119879 0.000106798 9.50844e-05 8.46036e-05 7.5234e-05 6.68645e-05 5.9394e-05 5.27308e-05 4.67918e-05 4.15017e-05 3.67926e-05 3.26033e-05 2.88785e-05 2.55686e-05 2.2629e-05 2.00195e-05 1.77043e-05 1.56511e-05 1.38311e-05 1.22185e-05 1.07904e-05 9.52608e-06 8.40727e-06 7.4176e-06 6.54248e-06 5.76894e-06 5.08543e-06 4.48168e-06 3.94855e-06 3.47794e-06 3.06264e-06 2.69626e-06 2.37314e-06 2.08826e-06 1.83715e-06 1.61587e-06 1.42093e-06 1.24925e-06 1.09807e-06 9.64996e-07 8.47877e-07 7.44826e-07 6.54175e-07 5.74448e-07 5.04345e-07 4.42718e-07 3.88552e-07 3.40954e-07 2.99136e-07 2.62404e-07 2.30144e-07 2.01818e-07 1.76951e-07 1.55123e-07 1.35968e-07 1.1916e-07 1.04415e-07 9.1481e-08 8.0138e-08 7.01917e-08 6.14715e-08 5.38275e-08 4.71278e-08 4.12566e-08 3.61123e-08 3.16055e-08 2.76577e-08 2.42001e-08 2.11722e-08 1.85209e-08 1.61998e-08 1.4168e-08 1.23896e-08 1.08333e-08 9.4714e-09 8.27983e-09 7.23741e-09 6.32557e-09
0.00367282 0.00104523 0.000966521 0.000891012 0.000819136 0.000751168 0.000687262 0.000627472 0.000571775 0.00052009 0.000472294 0.000428228 0.000387715 0.000350563 0.000316571 0.000285536 0.000257256 0.000231532 0.000208173 0.000186994 0.000167819 0.000150482 0.000134827 0.000120707 0.000107986 9.6538e-05 8.62453e-05 7.70002e-05 6.87036e-05 6.12645e-05 5.45997e-05 4.86332e-05 4.32958e-05 3.85245e-05 3.42622e-05 3.0457e-05 2.70621e-05 2.40349e-05 2.13372e-05 1.89344e-05 1.67955e-05 1.48924e-05 1.32e-05 1.16956e-05 1.0359e-05 9.17199e-06 8.11827e-06 7.18326e-06 6.35392e-06 5.61861e-06 4.96689e-06 4.38948e-06 3.8781e-06 3.42533e-06 3.02461e-06 2.67006e-06 2.35646e-06 2.07917e-06 1.83406e-06 1.61746e-06 1.4261e-06 1.25709e-06 1.10786e-06 9.76131e-07 8.5988e-07 7.57315e-07 6.66845e-07 5.87065e-07 5.16727e-07 4.54728e-07 4.00092e-07 3.51955e-07 3.09553e-07 2.7221e-07 2.3933e-07 2.10386e-07 1.8491e-07 1.62492e-07 1.42769e-07 1.2542e-07 1.10161e-07 9.6744e-08 8.49481e-08 7.45793e-08 6.54664e-08 5.74587e-08 5.04234e-08 4.42432e-08 3.88152e-08 3.40485e-08 2.98632e-08 2.61889e-08 2.29637e-08 2.01331e-08 1.76492e-08 1.54699e-08 1.3558e-08 1.1881e-08 1.04102e-08 9.12036e-09 7.98945e-09
0.00315588 0.000929058 0.000865881 0.000804162 0.000744482 0.000687262 0.000632793 0.00058126 0.000532763 0.000487335 0.000444954 0.000405562 0.000369066 0.000335354 0.000304296 0.000275752 0.000249579 0.000225628 0.000203751 0.000183805 0.000165649 0.000149147 0.00013417 0.000120595 0.000108306 9.7195e-05 8.71595e-05 7.81051e-05 6.99441e-05 6.25952e-05 5.59837e-05 5.00406e-05 4.47027e-05 3.9912e-05 3.56158e-05 3.17656e-05 2.83175e-05 2.52316e-05 2.24716e-05 2.00044e-05 1.78004e-05 1.58325e-05 1.40764e-05 1.25102e-05 1.11139e-05 9.86975e-06 8.76171e-06 7.77532e-06 6.8976e-06 6.11692e-06 5.42283e-06 4.80598e-06 4.25797e-06 3.77132e-06 3.3393e-06 2.95593e-06 2.61584e-06 2.31424e-06 2.04687e-06 1.80992e-06 1.59999e-06 1.41406e-06 1.24943e-06 1.10371e-06 9.74748e-07 8.60662e-07 7.59759e-07 6.70538e-07 5.91668e-07 5.21965e-07 4.60379e-07 4.05977e-07 3.57932e-07 3.15512e-07 2.78067e-07 2.45019e-07 2.15859e-07 1.90136e-07 1.67448e-07 1.47442e-07 1.29803e-07 1.14256e-07 1.00554e-07 8.84811e-08 7.78452e-08 6.8477e-08 6.02269e-08 5.29627e-08 4.65678e-08 4.09389e-08 3.59852e-08 3.16265e-08 2.77917e-08 2.44186e-08 2.1452e-08 1.88432e-08 1.65495e-08 1.45331e-08 1.27608e-08 1.12032e-08 9.83444e-09
0.0027117 0.000824885 0.000774685 0.000724631 0.000675389 0.000627472 0.00058126 0.00053703 0.000494966 0.000455186 0.000417748 0.000382663 0.00034991 0.000319437 0.000291173 0.000265029 0.00024091 0.000218708 0.000198316 0.000179623 0.000162518 0.000146894 0.000132644 0.000119667 0.000107865 9.7147e-05 8.74242e-05 7.86146e-05 7.06413e-05 6.34324e-05 5.6921e-05 5.10451e-05 4.57474e-05 4.09751e-05 3.66795e-05 3.2816e-05 2.93438e-05 2.62254e-05 2.34267e-05 2.09165e-05 1.86666e-05 1.66511e-05 1.48467e-05 1.32322e-05 1.17884e-05 1.04979e-05 9.34508e-06 8.31567e-06 7.39692e-06 6.57731e-06 5.84648e-06 5.19508e-06 4.61473e-06 4.09788e-06 3.63777e-06 3.22833e-06 2.86412e-06 2.54025e-06 2.25235e-06 1.99653e-06 1.76928e-06 1.56747e-06 1.38832e-06 1.22934e-06 1.08828e-06 9.63176e-07 8.52248e-07 7.53918e-07 6.6678e-07 5.8958e-07 5.21202e-07 4.60655e-07 4.07056e-07 3.59617e-07 3.17642e-07 2.8051e-07 2.4767e-07 2.18632e-07 1.92962e-07 1.70274e-07 1.50227e-07 1.32515e-07 1.16871e-07 1.03056e-07 9.08585e-08 8.0091e-08 7.05879e-08 6.22022e-08 5.48039e-08 4.8278e-08 4.25225e-08 3.74474e-08 3.29731e-08 2.90291e-08 2.55531e-08 2.24901e-08 1.97914e-08 1.74141e-08 1.53203e-08 1.34764e-08 1.18528e-08
0.00233004 0.000731632 0.000692232 0.000652008 0.000611668 0.000571775 0.000532763 0.000494966 0.00045863 0.000423928 0.000390976 0.000359842 0.000330554 0.000303111 0.000277486 0.000253634 0.000231495 0.000211001 0.000192074 0.000174633 0.000158593 0.00014387 0.000130379 0.000118037 0.000106764 9.64808e-05 8.71142e-05 7.8593e-05 7.08499e-05 6.38221e-05 5.74501e-05 5.16787e-05 4.64564e-05 4.17351e-05 3.74707e-05 3.36221e-05 3.01515e-05 2.70243e-05 2.42085e-05 2.16749e-05 1.93967e-05 1.73497e-05 1.55114e-05 1.38615e-05 1.23817e-05 1.10552e-05 9.86662e-06 8.8023e-06 7.8497e-06 6.99751e-06 6.23552e-06 5.55449e-06 4.94609e-06 4.40281e-06 3.91789e-06 3.48524e-06 3.09938e-06 2.75537e-06 2.4488e-06 2.17569e-06 1.93248e-06 1.71597e-06 1.52329e-06 1.35187e-06 1.19943e-06 1.0639e-06 9.43443e-07 8.36415e-07 7.41347e-07 6.56926e-07 5.81982e-07 5.15469e-07 4.56454e-07 4.04106e-07 3.57683e-07 3.16525e-07 2.80045e-07 2.47718e-07 2.19078e-07 1.93711e-07 1.71248e-07 1.5136e-07 1.33757e-07 1.18179e-07 1.04397e-07 9.22049e-08 8.14225e-08 7.18886e-08 6.34601e-08 5.60104e-08 4.94271e-08 4.36104e-08 3.84721e-08 3.39339e-08 2.99263e-08 2.63879e-08 2.32645e-08 2.05076e-08 1.80749e-08 1.59284e-08 1.40348e-08
0.0020021 0.000648288 0.000617835 0.000585862 0.000553088 0.00052009 0.000487335 0.000455186 0.000423928 0.000393773 0.000364877 0.000337347 0.000311251 0.000286624 0.000263475 0.000241793 0.00022155 0.000202704 0.000185207 0.000169 0.000154023 0.000140209 0.000127495 0.000115811 0.000105094 9.52782e-05 8.63008e-05 7.81016e-05 7.06228e-05 6.38095e-05 5.76095e-05 5.1974e-05 4.68568e-05 4.22148e-05 3.80079e-05 3.41988e-05 3.07527e-05 2.76378e-05 2.48243e-05 2.2285e-05 1.99949e-05 1.79309e-05 1.6072e-05 1.43989e-05 1.28939e-05 1.1541e-05 1.03255e-05 9.23409e-06 8.25458e-06 7.37599e-06 6.58831e-06 5.88249e-06 5.25032e-06 4.68438e-06 4.17796e-06 3.725e-06 3.32002e-06 2.95809e-06 2.63477e-06 2.34605e-06 2.08832e-06 1.85834e-06 1.65321e-06 1.4703e-06 1.30725e-06 1.16197e-06 1.03255e-06 9.17302e-07 8.14707e-07 7.23404e-07 6.42173e-07 5.69924e-07 5.05682e-07 4.48577e-07 3.97828e-07 3.52741e-07 3.12694e-07 2.77134e-07 2.45565e-07 2.17546e-07 1.92684e-07 1.70629e-07 1.51069e-07 1.33724e-07 1.18348e-07 1.0472e-07 9.26441e-08 8.19456e-08 7.24695e-08 6.40779e-08 5.6648e-08 5.0071e-08 4.42501e-08 3.90994e-08 3.45425e-08 3.05118e-08 2.69471e-08 2.37951e-08 2.10086e-08 1.85455e-08 1.63687e-08
0.00172031 0.000573912 0.000550832 0.000525757 0.000499385 0.000472294 0.000444954 0.000417748 0.000390976 0.000364877 0.000339632 0.000315376 0.000292205 0.000270181 0.000249342 0.000229701 0.000211256 0.00019399 0.000177874 0.000162872 0.000148941 0.000136034 0.0001241 0.000113087 0.000102943 9.36153e-05 8.50508e-05 7.7199e-05 7.00108e-05 6.34385e-05 5.7437e-05 5.1963e-05 4.69759e-05 4.2437e-05 3.83104e-05 3.45621e-05 3.11606e-05 2.80766e-05 2.52826e-05 2.27536e-05 2.04662e-05 1.83988e-05 1.65315e-05 1.48462e-05 1.33262e-05 1.19561e-05 1.07219e-05 9.6107e-06 8.61092e-06 7.71186e-06 6.9038e-06 6.17791e-06 5.52617e-06 4.94129e-06 4.41666e-06 3.94629e-06 3.52475e-06 3.14715e-06 2.80905e-06 2.50644e-06 2.2357e-06 1.99358e-06 1.77713e-06 1.5837e-06 1.4109e-06 1.25659e-06 1.11884e-06 9.95917e-07 8.86254e-07 7.88457e-07 7.01267e-07 6.23559e-07 5.54322e-07 4.92651e-07 4.37735e-07 3.88848e-07 3.4534e-07 3.0663e-07 2.72198e-07 2.41578e-07 2.14357e-07 1.90162e-07 1.68663e-07 1.49563e-07 1.32599e-07 1.17536e-07 1.04164e-07 9.22954e-08 8.17634e-08 7.24197e-08 6.4132e-08 5.67825e-08 5.02662e-08 4.44899e-08 3.93706e-08 3.48344e-08 3.08156e-08 2.7256e-08 2.41037e-08 2.13125e-08 1.88415e-08
0.00147818 0.00050763 0.000490594 0.000471255 0.00045028 0.000428228 0.000405562 0.000382663 0.000359842 0.000337347 0.000315376 0.000294081 0.000273578 0.000253949 0.000235252 0.00021752 0.00020077 0.000185005 0.000170213 0.000156376 0.000143466 0.00013145 0.000120292 0.000109953 0.000100391 9.15627e-05 8.34267e-05 7.59404e-05 6.90621e-05 6.27514e-05 5.6969e-05 5.16775e-05 4.68409e-05 4.24251e-05 3.83978e-05 3.47286e-05 3.1389e-05 2.83521e-05 2.5593e-05 2.30884e-05 2.08168e-05 1.8758e-05 1.68935e-05 1.52063e-05 1.36805e-05 1.23017e-05 1.10564e-05 9.93247e-06 8.91871e-06 8.00484e-06 7.18148e-06 6.44008e-06 5.77284e-06 5.17264e-06 4.63304e-06 4.14813e-06 3.71259e-06 3.32157e-06 2.97068e-06 2.65593e-06 2.37373e-06 2.1208e-06 1.89421e-06 1.6913e-06 1.50965e-06 1.3471e-06 1.20169e-06 1.07167e-06 9.55441e-07 8.5158e-07 7.58802e-07 6.75949e-07 6.01985e-07 5.35975e-07 4.77082e-07 4.24554e-07 3.77717e-07 3.35967e-07 2.98761e-07 2.65614e-07 2.3609e-07 2.09802e-07 1.86399e-07 1.65571e-07 1.4704e-07 1.30555e-07 1.15894e-07 1.02859e-07 9.12719e-08 8.09742e-08 7.18245e-08 6.36965e-08 5.64778e-08 5.0068e-08 4.43776e-08 3.93269e-08 3.4845e-08 3.08684e-08 2.7341e-08 2.42126e-08 2.14386e-08
0.00127014 0.000448637 0.000436522 0.000421931 0.000405485 0.000387715 0.000369066 0.00034991 0.000330554 0.000311251 0.000292205 0.000273578 0.000255498 0.000238062 0.000221341 0.000205385 0.000190224 0.000175876 0.000162345 0.000149625 0.000137702 0.000126555 0.000116161 0.000106488 9.75078e-05 8.91852e-05 8.14866e-05 7.43772e-05 6.78225e-05 6.17882e-05 5.62409e-05 5.1148e-05 4.64784e-05 4.22018e-05 3.82898e-05 3.47151e-05 3.1452e-05 2.84764e-05 2.57654e-05 2.32977e-05 2.10534e-05 1.90141e-05 1.71625e-05 1.54825e-05 1.39595e-05 1.25797e-05 1.13305e-05 1.02003e-05 9.17849e-06 8.25514e-06 7.42131e-06 6.66874e-06 5.98991e-06 5.37792e-06 4.82648e-06 4.32986e-06 3.88282e-06 3.48061e-06 3.1189e-06 2.79377e-06 2.50165e-06 2.2393e-06 2.00378e-06 1.79243e-06 1.60286e-06 1.43288e-06 1.28053e-06 1.14403e-06 1.02178e-06 9.12323e-07 8.14358e-07 7.26709e-07 6.48315e-07 5.78222e-07 5.1557e-07 4.59587e-07 4.09578e-07 3.6492e-07 3.25051e-07 2.89467e-07 2.57718e-07 2.29398e-07 2.04142e-07 1.81627e-07 1.61559e-07 1.43676e-07 1.27746e-07 1.13558e-07 1.00925e-07 8.96789e-08 7.967e-08 7.07641e-08 6.28416e-08 5.57953e-08 4.95297e-08 4.39595e-08 3.90086e-08 3.46091e-08 3.07002e-08 2.72281e-08 2.41445e-08
0.00109137 0.000396194 0.000388058 0.000377372 0.000364709 0.000350563 0.000335354 0.000319437 0.000303111 0.000286624 0.000270181 0.000253949 0.000238062 0.000222626 0.00020772 0.000193407 0.000179728 0.000166711 0.000154372 0.000142716 0.00013174 0.000121434 0.000111782 0.000102765 9.43603e-05 8.6542e-05 7.92837e-05 7.25573e-05 6.63345e-05 6.05868e-05 5.52859e-05 5.0404e-05 4.5914e-05 4.17897e-05 3.80058e-05 3.45383e-05 3.13642e-05 2.84616e-05 2.58101e-05 2.33901e-05 2.11835e-05 1.91732e-05 1.73433e-05 1.5679e-05 1.41664e-05 1.27928e-05 1.15462e-05 1.04157e-05 9.39126e-06 8.46344e-06 7.62366e-06 6.86405e-06 6.17736e-06 5.55693e-06 4.99668e-06 4.49105e-06 4.03495e-06 3.62374e-06 3.25317e-06 2.9194e-06 2.6189e-06 2.34849e-06 2.10526e-06 1.88657e-06 1.69002e-06 1.51345e-06 1.35489e-06 1.21256e-06 1.08484e-06 9.70284e-07 8.67564e-07 7.75491e-07 6.92992e-07 6.19095e-07 5.52926e-07 4.93695e-07 4.40692e-07 3.93277e-07 3.50874e-07 3.12964e-07 2.79081e-07 2.48806e-07 2.21762e-07 1.97611e-07 1.7605e-07 1.56806e-07 1.39634e-07 1.24316e-07 1.10654e-07 9.84721e-08 8.76134e-08 7.7936e-08 6.93134e-08 6.16326e-08 5.47921e-08 4.87014e-08 4.32794e-08 3.84539e-08 3.41601e-08 3.03402e-08 2.69426e-08
0.000937764 0.000349626 0.000344679 0.000337184 0.000327664 0.000316571 0.000304296 0.000291173 0.000277486 0.000263475 0.000249342 0.000235252 0.000221341 0.00020772 0.000194476 0.000181677 0.000169372 0.000157599 0.000146381 0.000135733 0.00012566 0.00011616 0.000107227 9.88475e-05 9.1007e-05 8.36868e-05 7.68667e-05 7.05246e-05 6.46377e-05 5.91826e-05 5.41357e-05 4.94734e-05 4.51725e-05 4.12103e-05 3.75648e-05 3.42147e-05 3.11397e-05 2.83202e-05 2.57377e-05 2.33747e-05 2.12145e-05 1.92417e-05 1.74414e-05 1.58001e-05 1.43049e-05 1.29438e-05 1.17058e-05 1.05805e-05 9.55846e-06 8.63077e-06 7.78929e-06 7.02649e-06 6.33544e-06 5.70976e-06 5.14359e-06 4.63157e-06 4.16875e-06 3.75065e-06 3.37312e-06 3.03241e-06 2.72507e-06 2.44796e-06 2.19822e-06 1.97326e-06 1.7707e-06 1.58838e-06 1.42437e-06 1.27686e-06 1.14427e-06 1.02512e-06 9.18091e-07 8.21989e-07 7.35729e-07 6.58328e-07 5.88902e-07 5.26649e-07 4.70848e-07 4.20845e-07 3.76053e-07 3.3594e-07 3.00029e-07 2.67889e-07 2.39133e-07 2.13412e-07 1.90412e-07 1.69851e-07 1.51475e-07 1.35056e-07 1.2039e-07 1.07293e-07 9.56e-08 8.51631e-08 7.58498e-08 6.75409e-08 6.01299e-08 5.35214e-08 4.76298e-08 4.23784e-08 3.76988e-08 3.35296e-08 2.98159e-08
0.000805777 0.000308318 0.000305901 0.000300995 0.00029407 0.000285536 0.000275752 0.000265029 0.000253634 0.000241793 0.000229701 0.00021752 0.000205385 0.000193407 0.000181677 0.000170266 0.000159231 0.000148614 0.000138446 0.000128747 0.000119529 0.000110799 0.000102555 9.47918e-05 8.75003e-05 8.06679e-05 7.42799e-05 6.83194e-05 6.27686e-05 5.76085e-05 5.28197e-05 4.83825e-05 4.42773e-05 4.04845e-05 3.69851e-05 3.37604e-05 3.07926e-05 2.80643e-05 2.55589e-05 2.32606e-05 2.11544e-05 1.92262e-05 1.74624e-05 1.58506e-05 1.43788e-05 1.30361e-05 1.1812e-05 1.06969e-05 9.68183e-06 8.75853e-06 7.91925e-06 7.15684e-06 6.46471e-06 5.83677e-06 5.26741e-06 4.75147e-06 4.28419e-06 3.86123e-06 3.47857e-06 3.13257e-06 2.81987e-06 2.53739e-06 2.28235e-06 2.05218e-06 1.84456e-06 1.65735e-06 1.48863e-06 1.33663e-06 1.19974e-06 1.07653e-06 9.65661e-07 8.65938e-07 7.76274e-07 6.95685e-07 6.23278e-07 5.58245e-07 4.99854e-07 4.47446e-07 4.00423e-07 3.58245e-07 3.20424e-07 2.86522e-07 2.56141e-07 2.28924e-07 2.04548e-07 1.82724e-07 1.63188e-07 1.45707e-07 1.30069e-07 1.16082e-07 1.03577e-07 9.23977e-08 8.24074e-08 7.34815e-08 6.55086e-08 5.83886e-08 5.20318e-08 4.63578e-08 4.12943e-08 3.67766e-08 3.27469e-08
0.000692367 0.000271712 0.000271278 0.000268453 0.000263655 0.000257256 0.000249579 0.00024091 0.000231495 0.00022155 0.000211256 0.00020077 0.000190224 0.000179728 0.000169372 0.000159231 0.000149364 0.000139817 0.000130626 0.000121817 0.000113406 0.000105406 9.78197e-05 9.06482e-05 8.3887e-05 7.75287e-05 7.15632e-05 6.59783e-05 6.07605e-05 5.58947e-05 5.13653e-05 4.7156e-05 4.32504e-05 3.96319e-05 3.62841e-05 3.31909e-05 3.03366e-05 2.77059e-05 2.52841e-05 2.3057e-05 2.10111e-05 1.91336e-05 1.74122e-05 1.58355e-05 1.43926e-05 1.30732e-05 1.18677e-05 1.07672e-05 9.76339e-06 8.84834e-06 8.01483e-06 7.25612e-06 6.56596e-06 5.93855e-06 5.36855e-06 4.85102e-06 4.38141e-06 3.95552e-06 3.56949e-06 3.21979e-06 2.90316e-06 2.61662e-06 2.35743e-06 2.12311e-06 1.91136e-06 1.7201e-06 1.54743e-06 1.3916e-06 1.25103e-06 1.12428e-06 1.01004e-06 9.0711e-07 8.14413e-07 7.30961e-07 6.5586e-07 5.88299e-07 5.27541e-07 4.72922e-07 4.23838e-07 3.79742e-07 3.4014e-07 3.04587e-07 2.72678e-07 2.44048e-07 2.18368e-07 1.95341e-07 1.747e-07 1.56201e-07 1.39628e-07 1.24784e-07 1.11492e-07 9.95931e-08 8.89443e-08 7.94164e-08 7.08938e-08 6.32722e-08 5.64581e-08 5.03673e-08 4.49244e-08 4.00615e-08 3.57179e-08
0.00059492 0.000239303 0.000240398 0.000239228 0.000236163 0.000231532 0.000225628 0.000218708 0.000211001 0.000202704 0.00019399 0.000185005 0.000175876 0.000166711 0.000157599 0.000148614 0.000139817 0.000131257 0.000122973 0.000114993 0.00010734 0.000100028 9.3067e-05 8.64601e-05 8.0208e-05 7.43074e-05 6.87523e-05 6.35344e-05 5.86438e-05 5.40691e-05 4.97978e-05 4.58168e-05 4.21125e-05 3.8671e-05 3.54785e-05 3.2521e-05 2.97849e-05 2.72567e-05 2.49236e-05 2.27728e-05 2.07924e-05 1.89707e-05 1.72967e-05 1.576e-05 1.43504e-05 1.30588e-05 1.18762e-05 1.07943e-05 9.80538e-06 8.90206e-06 8.07757e-06 7.32557e-06 6.64016e-06 6.01587e-06 5.4476e-06 4.93067e-06 4.46072e-06 4.03373e-06 3.64599e-06 3.29411e-06 2.97493e-06 2.68556e-06 2.42337e-06 2.1859e-06 1.97095e-06 1.77646e-06 1.60058e-06 1.44158e-06 1.29792e-06 1.16817e-06 1.05103e-06 9.4532e-07 8.49965e-07 7.63983e-07 6.86483e-07 6.16654e-07 5.5376e-07 4.97132e-07 4.46164e-07 4.00307e-07 3.59062e-07 3.21977e-07 2.88644e-07 2.58692e-07 2.31787e-07 2.07627e-07 1.85937e-07 1.66472e-07 1.49007e-07 1.33343e-07 1.19296e-07 1.06705e-07 9.54199e-08 8.53091e-08 7.62525e-08 6.81423e-08 6.08815e-08 5.43826e-08 4.85672e-08 4.33646e-08 3.87114e-08
0.000511187 0.000210634 0.000212886 0.000213016 0.000211348 0.000208173 0.000203751 0.000198316 0.000192074 0.000185207 0.000177874 0.000170213 0.000162345 0.000154372 0.000146381 0.000138446 0.000130626 0.000122973 0.000115526 0.000108318 0.000101372 9.47076e-05 8.83361e-05 8.22654e-05 7.64994e-05 7.10381e-05 6.5879e-05 6.10173e-05 5.6446e-05 5.21568e-05 4.81403e-05 4.43859e-05 4.08828e-05 3.76194e-05 3.45839e-05 3.17647e-05 2.91499e-05 2.67278e-05 2.44872e-05 2.24168e-05 2.0506e-05 1.87443e-05 1.71218e-05 1.56291e-05 1.42569e-05 1.29969e-05 1.18408e-05 1.0781e-05 9.81019e-06 8.9217e-06 8.10914e-06 7.36658e-06 6.68847e-06 6.06965e-06 5.50531e-06 4.991e-06 4.52256e-06 4.09618e-06 3.70831e-06 3.35567e-06 3.03525e-06 2.74425e-06 2.48012e-06 2.24051e-06 2.02324e-06 1.82633e-06 1.64795e-06 1.48644e-06 1.34028e-06 1.20805e-06 1.08849e-06 9.80418e-07 8.82782e-07 7.94606e-07 7.15006e-07 6.43176e-07 5.7838e-07 5.19953e-07 4.67288e-07 4.19833e-07 3.77087e-07 3.38597e-07 3.0395e-07 2.72774e-07 2.44729e-07 2.19508e-07 1.96836e-07 1.76459e-07 1.58152e-07 1.41709e-07 1.26944e-07 1.1369e-07 1.01795e-07 9.1124e-08 8.15525e-08 7.29698e-08 6.52756e-08 5.83799e-08 5.22013e-08 4.66666e-08 4.17099e-08
0.000439239 0.000185295 0.000188398 0.000189533 0.00018898 0.000186994 0.000183805 0.000179623 0.000174633 0.000169 0.000162872 0.000156376 0.000149625 0.000142716 0.000135733 0.000128747 0.000121817 0.000114993 0.000108318 0.000101823 9.55364e-05 8.9477e-05 8.36602e-05 7.80965e-05 7.27922e-05 6.77504e-05 6.29715e-05 5.84532e-05 5.41915e-05 5.01808e-05 4.64139e-05 4.28829e-05 3.9579e-05 3.6493e-05 3.36151e-05 3.09353e-05 2.84436e-05 2.613e-05 2.39846e-05 2.19976e-05 2.01595e-05 1.84611e-05 1.68934e-05 1.5448e-05 1.41165e-05 1.28913e-05 1.17648e-05 1.073e-05 9.78033e-06 8.90941e-06 8.11138e-06 7.3807e-06 6.71218e-06 6.10097e-06 5.54256e-06 5.03271e-06 4.56752e-06 4.14333e-06 3.75678e-06 3.40474e-06 3.0843e-06 2.79281e-06 2.52778e-06 2.28694e-06 2.06821e-06 1.86965e-06 1.68949e-06 1.52611e-06 1.37801e-06 1.24382e-06 1.1223e-06 1.01229e-06 9.12749e-07 8.22717e-07 7.41317e-07 6.67753e-07 6.01296e-07 5.41283e-07 4.87108e-07 4.38223e-07 3.94126e-07 3.54362e-07 3.18518e-07 2.86219e-07 2.57123e-07 2.30922e-07 2.07335e-07 1.86108e-07 1.6701e-07 1.49834e-07 1.34391e-07 1.20509e-07 1.08034e-07 9.68279e-08 8.67634e-08 7.77268e-08 6.96153e-08 6.23362e-08 5.58058e-08 4.99484e-08 4.46962e-08
0.000377418 0.000162916 0.000166623 0.000168518 0.000168843 0.000167819 0.000165649 0.000162518 0.000158593 0.000154023 0.000148941 0.000143466 0.000137702 0.00013174 0.00012566 0.000119529 0.000113406 0.00010734 0.000101372 9.55364e-05 8.98599e-05 8.43647e-05 7.90675e-05 7.39808e-05 6.91132e-05 6.44702e-05 6.00542e-05 5.58656e-05 5.19025e-05 4.81614e-05 4.46377e-05 4.13252e-05 3.82174e-05 3.53068e-05 3.25854e-05 3.0045e-05 2.76771e-05 2.54732e-05 2.34247e-05 2.15232e-05 1.97601e-05 1.81274e-05 1.66172e-05 1.52218e-05 1.39337e-05 1.27459e-05 1.16517e-05 1.06445e-05 9.71838e-06 8.86742e-06 8.08619e-06 7.36955e-06 6.71267e-06 6.111e-06 5.56031e-06 5.05663e-06 4.59625e-06 4.17572e-06 3.79185e-06 3.44165e-06 3.12236e-06 2.83142e-06 2.56646e-06 2.3253e-06 2.10592e-06 1.90646e-06 1.72519e-06 1.56054e-06 1.41107e-06 1.27543e-06 1.1524e-06 1.04086e-06 9.39784e-07 8.48226e-07 7.65327e-07 6.90298e-07 6.2242e-07 5.61035e-07 5.05543e-07 4.55398e-07 4.10101e-07 3.69198e-07 3.32277e-07 2.98961e-07 2.68909e-07 2.41809e-07 2.17381e-07 1.95367e-07 1.75535e-07 1.57676e-07 1.41596e-07 1.27124e-07 1.14102e-07 1.02389e-07 9.18562e-08 8.23869e-08 7.38763e-08 6.62295e-08 5.93605e-08 5.3192e-08 4.76538e-08
0.000324298 0.000143166 0.000147276 0.000149731 0.000150736 0.000150482 0.000149147 0.000146894 0.00014387 0.000140209 0.000136034 0.00013145 0.000126555 0.000121434 0.00011616 0.000110799 0.000105406 0.000100028 9.47076e-05 8.9477e-05 8.43647e-05 7.93933e-05 7.45809e-05 6.99415e-05 6.54853e-05 6.12195e-05 5.71487e-05 5.32748e-05 4.95982e-05 4.61171e-05 4.28287e-05 3.97289e-05 3.68128e-05 3.40744e-05 3.15075e-05 2.91054e-05 2.6861e-05 2.47671e-05 2.28163e-05 2.10013e-05 1.93148e-05 1.77497e-05 1.62988e-05 1.49554e-05 1.37128e-05 1.25647e-05 1.15049e-05 1.05275e-05 9.62696e-06 8.798e-06 8.03554e-06 7.33484e-06 6.6914e-06 6.10099e-06 5.55965e-06 5.06365e-06 4.60951e-06 4.19398e-06 3.81403e-06 3.46683e-06 3.14975e-06 2.86036e-06 2.59639e-06 2.35574e-06 2.13648e-06 1.93681e-06 1.75508e-06 1.58976e-06 1.43944e-06 1.30284e-06 1.17875e-06 1.06608e-06 9.63829e-07 8.71075e-07 7.86971e-07 7.10743e-07 6.41682e-07 5.7914e-07 5.22523e-07 4.7129e-07 4.24948e-07 3.83044e-07 3.45167e-07 3.10943e-07 2.80031e-07 2.52119e-07 2.26924e-07 2.04191e-07 1.83685e-07 1.65193e-07 1.48524e-07 1.33501e-07 1.19968e-07 1.07779e-07 9.68039e-08 8.69253e-08 7.80358e-08 7.00388e-08 6.28465e-08 5.63797e-08 5.05668e-08
0.000278655 0.000125748 0.000130101 0.000132951 0.000134472 0.000134827 0.00013417 0.000132644 0.000130379 0.000127495 0.0001241 0.000120292 0.000116161 0.000111782 0.000107227 0.000102555 9.78197e-05 9.3067e-05 8.83361e-05 8.36602e-05 7.90675e-05 7.45809e-05 7.02194e-05 6.59977e-05 6.19275e-05 5.80174e-05 5.42732e-05 5.06987e-05 4.72956e-05 4.40639e-05 4.10023e-05 3.81083e-05 3.53784e-05 3.28082e-05 3.03929e-05 2.81271e-05 2.60049e-05 2.40204e-05 2.21673e-05 2.04394e-05 1.88302e-05 1.73337e-05 1.59435e-05 1.46536e-05 1.34582e-05 1.23513e-05 1.13277e-05 1.03818e-05 9.5087e-06 8.70345e-06 7.96146e-06 7.27832e-06 6.6499e-06 6.07225e-06 5.54168e-06 5.05473e-06 4.60812e-06 4.19879e-06 3.82389e-06 3.48075e-06 3.16687e-06 2.87994e-06 2.61781e-06 2.37846e-06 2.16004e-06 1.96084e-06 1.77925e-06 1.61382e-06 1.46317e-06 1.32607e-06 1.20134e-06 1.08793e-06 9.84859e-07 8.91228e-07 8.06208e-07 7.29042e-07 6.59034e-07 5.95547e-07 5.37996e-07 4.85848e-07 4.38613e-07 3.95846e-07 3.57138e-07 3.22116e-07 2.90442e-07 2.61805e-07 2.35924e-07 2.1254e-07 1.9142e-07 1.72351e-07 1.5514e-07 1.3961e-07 1.25601e-07 1.12969e-07 1.01582e-07 9.13188e-08 8.20725e-08 7.37445e-08 6.62456e-08 5.94951e-08 5.342e-08
0.000239435 0.000110397 0.000114867 0.000117979 0.000119879 0.000120707 0.000120595 0.000119667 0.000118037 0.000115811 0.000113087 0.000109953 0.000106488 0.000102765 9.88475e-05 9.47918e-05 9.06482e-05 8.64601e-05 8.22654e-05 7.80965e-05 7.39808e-05 6.99415e-05 6.59977e-05 6.2165e-05 5.84558e-05 5.48796e-05 5.14436e-05 4.81525e-05 4.50096e-05 4.20161e-05 3.9172e-05 3.64761e-05 3.39263e-05 3.15195e-05 2.9252e-05 2.71197e-05 2.51178e-05 2.32414e-05 2.14853e-05 1.98442e-05 1.83126e-05 1.68852e-05 1.55564e-05 1.43211e-05 1.31738e-05 1.21096e-05 1.11234e-05 1.02105e-05 9.36618e-06 8.58608e-06 7.86595e-06 7.20177e-06 6.58971e-06 6.02613e-06 5.5076e-06 5.03089e-06 4.59295e-06 4.19091e-06 3.82208e-06 3.48396e-06 3.17418e-06 2.89055e-06 2.63103e-06 2.3937e-06 2.17681e-06 1.97869e-06 1.79783e-06 1.63281e-06 1.48232e-06 1.34516e-06 1.2202e-06 1.10642e-06 1.00287e-06 9.0867e-07 8.23016e-07 7.45167e-07 6.74443e-07 6.1022e-07 5.51924e-07 4.9903e-07 4.51057e-07 4.07565e-07 3.68149e-07 3.32441e-07 3.00104e-07 2.70832e-07 2.44342e-07 2.20378e-07 1.98708e-07 1.79118e-07 1.61415e-07 1.45421e-07 1.30977e-07 1.17936e-07 1.06166e-07 9.55462e-08 8.59667e-08 7.73284e-08 6.9541e-08 6.25226e-08 5.61991e-08
0.000205736 9.68767e-05 0.000101363 0.00010463 0.000106798 0.000107986 0.000108306 0.000107865 0.000106764 0.000105094 0.000102943 0.000100391 9.75078e-05 9.43603e-05 9.1007e-05 8.75003e-05 8.3887e-05 8.0208e-05 7.64994e-05 7.27922e-05 6.91132e-05 6.54853e-05 6.19275e-05 5.84558e-05 5.5083e-05 5.18194e-05 4.86729e-05 4.56493e-05 4.27529e-05 3.99859e-05 3.73495e-05 3.48436e-05 3.24672e-05 3.02183e-05 2.80942e-05 2.60919e-05 2.42077e-05 2.24375e-05 2.07772e-05 1.92221e-05 1.77677e-05 1.64094e-05 1.51424e-05 1.39621e-05 1.28638e-05 1.1843e-05 1.08953e-05 1.00163e-05 9.20195e-06 8.44813e-06 7.75103e-06 7.10695e-06 6.51239e-06 5.964e-06 5.45859e-06 4.99317e-06 4.5649e-06 4.17111e-06 3.80927e-06 3.47703e-06 3.17216e-06 2.8926e-06 2.63641e-06 2.40178e-06 2.18702e-06 1.99057e-06 1.81096e-06 1.64685e-06 1.49698e-06 1.36018e-06 1.23539e-06 1.12159e-06 1.01788e-06 9.23412e-07 8.37394e-07 7.59108e-07 6.87893e-07 6.23138e-07 5.64282e-07 5.1081e-07 4.6225e-07 4.18168e-07 3.78168e-07 3.41884e-07 3.08985e-07 2.79166e-07 2.52148e-07 2.27677e-07 2.05521e-07 1.85467e-07 1.67323e-07 1.50911e-07 1.36072e-07 1.22658e-07 1.10537e-07 9.95882e-08 8.97004e-08 8.07737e-08 7.2717e-08 6.54478e-08 5.88908e-08
0.000176779 8.4975e-05 8.94022e-05 9.27386e-05 9.50844e-05 9.6538e-05 9.7195e-05 9.7147e-05 9.64808e-05 9.52782e-05 9.36153e-05 9.15627e-05 8.91852e-05 8.6542e-05 8.36868e-05 8.06679e-05 7.75287e-05 7.43074e-05 7.10381e-05 6.77504e-05 6.44702e-05 6.12195e-05 5.80174e-05 5.48796e-05 5.18194e-05 4.88473e-05 4.59721e-05 4.32001e-05 4.05363e-05 3.7984e-05 3.55452e-05 3.32208e-05 3.10106e-05 2.89136e-05 2.69281e-05 2.50519e-05 2.32822e-05 2.16159e-05 2.00494e-05 1.85791e-05 1.72011e-05 1.59114e-05 1.4706e-05 1.35809e-05 1.25319e-05 1.1555e-05 1.06464e-05 9.80214e-06 9.01849e-06 8.29183e-06 7.61867e-06 6.99563e-06 6.41951e-06 5.88723e-06 5.39587e-06 4.94264e-06 4.52492e-06 4.14021e-06 3.78616e-06 3.46056e-06 3.16134e-06 2.88654e-06 2.63433e-06 2.403e-06 2.19095e-06 1.9967e-06 1.81885e-06 1.65611e-06 1.50728e-06 1.37124e-06 1.24697e-06 1.1335e-06 1.02994e-06 9.35481e-07 8.49358e-07 7.70874e-07 6.99384e-07 6.34294e-07 5.75058e-07 5.21171e-07 4.72172e-07 4.27636e-07 3.87172e-07 3.50423e-07 3.1706e-07 2.86784e-07 2.59318e-07 2.34412e-07 2.11834e-07 1.91374e-07 1.72841e-07 1.56058e-07 1.40864e-07 1.27115e-07 1.14677e-07 1.03428e-07 9.32573e-08 8.40652e-08 7.57596e-08 6.82574e-08 6.14828e-08
0.000151898 7.45045e-05 7.88149e-05 8.2154e-05 8.46036e-05 8.62453e-05 8.71595e-05 8.74242e-05 8.71142e-05 8.63008e-05 8.50508e-05 8.34267e-05 8.14866e-05 7.92837e-05 7.68667e-05 7.42799e-05 7.15632e-05 6.87523e-05 6.5879e-05 6.29715e-05 6.00542e-05 5.71487e-05 5.42732e-05 5.14436e-05 4.86729e-05 4.59721e-05 4.33501e-05 4.08139e-05 3.83691e-05 3.60196e-05 3.37681e-05 3.16163e-05 2.95647e-05 2.76133e-05 2.57612e-05 2.40067e-05 2.2348e-05 2.07826e-05 1.93078e-05 1.79206e-05 1.66177e-05 1.53958e-05 1.42515e-05 1.31813e-05 1.21816e-05 1.12488e-05 1.03796e-05 9.57055e-06 8.8182e-06 8.11933e-06 7.47079e-06 6.86952e-06 6.3126e-06 5.7972e-06 5.32064e-06 4.88036e-06 4.47393e-06 4.09903e-06 3.75347e-06 3.4352e-06 3.14226e-06 2.87283e-06 2.62519e-06 2.39771e-06 2.1889e-06 1.99733e-06 1.82169e-06 1.66075e-06 1.51336e-06 1.37846e-06 1.25505e-06 1.14221e-06 1.0391e-06 9.44922e-07 8.58942e-07 7.80486e-07 7.08929e-07 6.43695e-07 5.84251e-07 5.30108e-07 4.80815e-07 4.35955e-07 3.95147e-07 3.5804e-07 3.24312e-07 2.93666e-07 2.65833e-07 2.40563e-07 2.17628e-07 1.96821e-07 1.77951e-07 1.60843e-07 1.45338e-07 1.31291e-07 1.18568e-07 1.07049e-07 9.66229e-08 8.71891e-08 7.86559e-08 7.09394e-08 6.39637e-08
0.000130519 6.5298e-05 6.94493e-05 7.27394e-05 7.5234e-05 7.70002e-05 7.81051e-05 7.86146e-05 7.8593e-05 7.81016e-05 7.7199e-05 7.59404e-05 7.43772e-05 7.25573e-05 7.05246e-05 6.83194e-05 6.59783e-05 6.35344e-05 6.10173e-05 5.84532e-05 5.58656e-05 5.32748e-05 5.06987e-05 4.81525e-05 4.56493e-05 4.32001e-05 4.08139e-05 3.84982e-05 3.62587e-05 3.41001e-05 3.20256e-05 3.00375e-05 2.8137e-05 2.63246e-05 2.46001e-05 2.29627e-05 2.14111e-05 1.99435e-05 1.85578e-05 1.72515e-05 1.60222e-05 1.48669e-05 1.37828e-05 1.27669e-05 1.18162e-05 1.09275e-05 1.00978e-05 9.32408e-06 8.60335e-06 7.9327e-06 7.30927e-06 6.73031e-06 6.19316e-06 5.69525e-06 5.23412e-06 4.80741e-06 4.41289e-06 4.04841e-06 3.71195e-06 3.40159e-06 3.1155e-06 2.85199e-06 2.60942e-06 2.3863e-06 2.18118e-06 1.99275e-06 1.81973e-06 1.66098e-06 1.5154e-06 1.38197e-06 1.25974e-06 1.14784e-06 1.04544e-06 9.51796e-07 8.66192e-07 7.8798e-07 7.16554e-07 6.51357e-07 5.91874e-07 5.37627e-07 4.88178e-07 4.43122e-07 4.02086e-07 3.64726e-07 3.30728e-07 2.99801e-07 2.71678e-07 2.46116e-07 2.22889e-07 2.01792e-07 1.82637e-07 1.65252e-07 1.49478e-07 1.3517e-07 1.22197e-07 1.10439e-07 9.97845e-08 9.01336e-08 8.13943e-08 7.34831e-08 6.63236e-08
0.000112149 5.72072e-05 6.11696e-05 6.43713e-05 6.68645e-05 6.87036e-05 6.99441e-05 7.06413e-05 7.08499e-05 7.06228e-05 7.00108e-05 6.90621e-05 6.78225e-05 6.63345e-05 6.46377e-05 6.27686e-05 6.07605e-05 5.86438e-05 5.6446e-05 5.41915e-05 5.19025e-05 4.95982e-05 4.72956e-05 4.50096e-05 4.27529e-05 4.05363e-05 3.83691e-05 3.62587e-05 3.42114e-05 3.2232e-05 3.03242e-05 2.84907e-05 2.67334e-05 2.50534e-05 2.34508e-05 2.19256e-05 2.04769e-05 1.91036e-05 1.78041e-05 1.65765e-05 1.54188e-05 1.43286e-05 1.33037e-05 1.23413e-05 1.14389e-05 1.05939e-05 9.8035e-06 9.06514e-06 8.37615e-06 7.73392e-06 7.13591e-06 6.57962e-06 6.06266e-06 5.58269e-06 5.13747e-06 4.72483e-06 4.34273e-06 3.98919e-06 3.66233e-06 3.36037e-06 3.08163e-06 2.8245e-06 2.58748e-06 2.36914e-06 2.16814e-06 1.98323e-06 1.81322e-06 1.65701e-06 1.51357e-06 1.38192e-06 1.26117e-06 1.15048e-06 1.04906e-06 9.56179e-07 8.71171e-07 7.93404e-07 7.22297e-07 6.57311e-07 5.97946e-07 5.43742e-07 4.94271e-07 4.49141e-07 4.07989e-07 3.70479e-07 3.36304e-07 3.0518e-07 2.76845e-07 2.5106e-07 2.27605e-07 2.06276e-07 1.86889e-07 1.69273e-07 1.53271e-07 1.38742e-07 1.25554e-07 1.13587e-07 1.02731e-07 9.28881e-08 8.3965e-08 7.58788e-08 6.85532e-08
9.63645e-05 5.01004e-05 5.38541e-05 5.69384e-05 5.9394e-05 6.12645e-05 6.25952e-05 6.34324e-05 6.38221e-05 6.38095e-05 6.34385e-05 6.27514e-05 6.17882e-05 6.05868e-05 5.91826e-05 5.76085e-05 5.58947e-05 5.40691e-05 5.21568e-05 5.01808e-05 4.81614e-05 4.61171e-05 4.40639e-05 4.20161e-05 3.99859e-05 3.7984e-05 3.60196e-05 3.41001e-05 3.2232e-05 3.04202e-05 2.8669e-05 2.69814e-05 2.53595e-05 2.38049e-05 2.23184e-05 2.09003e-05 1.95502e-05 1.82675e-05 1.7051e-05 1.58995e-05 1.48113e-05 1.37846e-05 1.28173e-05 1.19074e-05 1.10526e-05 1.02506e-05 9.49921e-06 8.796e-06 8.13866e-06 7.52489e-06 6.95242e-06 6.41901e-06 5.92251e-06 5.4608e-06 5.03184e-06 4.63366e-06 4.26438e-06 3.92219e-06 3.60535e-06 3.31222e-06 3.04123e-06 2.79089e-06 2.55981e-06 2.34663e-06 2.15012e-06 1.96909e-06 1.80242e-06 1.64908e-06 1.50807e-06 1.3785e-06 1.25949e-06 1.15026e-06 1.05004e-06 9.58156e-07 8.73949e-07 7.96819e-07 7.26207e-07 6.61594e-07 6.02499e-07 5.48475e-07 4.99111e-07 4.54025e-07 4.12864e-07 3.75303e-07 3.41041e-07 3.09802e-07 2.81331e-07 2.55392e-07 2.3177e-07 2.10266e-07 1.90697e-07 1.72897e-07 1.56711e-07 1.41997e-07 1.28627e-07 1.16483e-07 1.05455e-07 9.54438e-08 8.63594e-08 7.81184e-08 7.06448e-08
8.28016e-05 4.38608e-05 4.7394e-05 5.03404e-05 5.27308e-05 5.45997e-05 5.59837e-05 5.6921e-05 5.74501e-05 5.76095e-05 5.7437e-05 5.6969e-05 5.62409e-05 5.52859e-05 5.41357e-05 5.28197e-05 5.13653e-05 4.97978e-05 4.81403e-05 4.64139e-05 4.46377e-05 4.28287e-05 4.10023e-05 3.9172e-05 3.73495e-05 3.55452e-05 3.37681e-05 3.20256e-05 3.03242e-05 2.8669e-05 2.70644e-05 2.55137e-05 2.40196e-05 2.25837e-05 2.12073e-05 1.9891e-05 1.86351e-05 1.74391e-05 1.63025e-05 1.52243e-05 1.42033e-05 1.3238e-05 1.23269e-05 1.14681e-05 1.06599e-05 9.90027e-06 9.18722e-06 8.51875e-06 7.89281e-06 7.30738e-06 6.76043e-06 6.24997e-06 5.77407e-06 5.33081e-06 4.91835e-06 4.5349e-06 4.17874e-06 3.84822e-06 3.54173e-06 3.25777e-06 2.99487e-06 2.75168e-06 2.52686e-06 2.31919e-06 2.12748e-06 1.95064e-06 1.78761e-06 1.63741e-06 1.49912e-06 1.37187e-06 1.25486e-06 1.14731e-06 1.04852e-06 9.57826e-07 8.74609e-07 7.98293e-07 7.2834e-07 6.64254e-07 6.0557e-07 5.51858e-07 5.02722e-07 4.57791e-07 4.16724e-07 3.79206e-07 3.44945e-07 3.13671e-07 2.85135e-07 2.59109e-07 2.35381e-07 2.13757e-07 1.94057e-07 1.76118e-07 1.59788e-07 1.44928e-07 1.31411e-07 1.1912e-07 1.07947e-07 9.77935e-08 8.85705e-08 8.0195e-08 7.25917e-08
7.11476e-05 3.83852e-05 4.16925e-05 4.44871e-05 4.67918e-05 4.86332e-05 5.00406e-05 5.10451e-05 5.16787e-05 5.1974e-05 5.1963e-05 5.16775e-05 5.1148e-05 5.0404e-05 4.94734e-05 4.83825e-05 4.7156e-05 4.58168e-05 4.43859e-05 4.28829e-05 4.13252e-05 3.97289e-05 3.81083e-05 3.64761e-05 3.48436e-05 3.32208e-05 3.16163e-05 3.00375e-05 2.84907e-05 2.69814e-05 2.55137e-05 2.40915e-05 2.27173e-05 2.13933e-05 2.01211e-05 1.89016e-05 1.77352e-05 1.66221e-05 1.55619e-05 1.45541e-05 1.35978e-05 1.26919e-05 1.18352e-05 1.10262e-05 1.02633e-05 9.54506e-06 8.86966e-06 8.23538e-06 7.64044e-06 7.08307e-06 6.56148e-06 6.07391e-06 5.61861e-06 5.19388e-06 4.79806e-06 4.42952e-06 4.08669e-06 3.76807e-06 3.47219e-06 3.19766e-06 2.94314e-06 2.70736e-06 2.4891e-06 2.2872e-06 2.10058e-06 1.92819e-06 1.76906e-06 1.62226e-06 1.48693e-06 1.36224e-06 1.24743e-06 1.14178e-06 1.04461e-06 9.55294e-07 8.73242e-07 7.97902e-07 7.28762e-07 6.65344e-07 6.07204e-07 5.53928e-07 5.05134e-07 4.60464e-07 4.1959e-07 3.82204e-07 3.48026e-07 3.16793e-07 2.88263e-07 2.62214e-07 2.38439e-07 2.16748e-07 1.96967e-07 1.78934e-07 1.62501e-07 1.47532e-07 1.33901e-07 1.21493e-07 1.10202e-07 9.99316e-08 9.05924e-08 8.21028e-08 7.43882e-08
6.11339e-05 3.35821e-05 3.66629e-05 3.92974e-05 4.15017e-05 4.32958e-05 4.47027e-05 4.57474e-05 4.64564e-05 4.68568e-05 4.69759e-05 4.68409e-05 4.64784e-05 4.5914e-05 4.51725e-05 4.42773e-05 4.32504e-05 4.21125e-05 4.08828e-05 3.9579e-05 3.82174e-05 3.68128e-05 3.53784e-05 3.39263e-05 3.24672e-05 3.10106e-05 2.95647e-05 2.8137e-05 2.67334e-05 2.53595e-05 2.40196e-05 2.27173e-05 2.14557e-05 2.0237e-05 1.9063e-05 1.7935e-05 1.68536e-05 1.58194e-05 1.48321e-05 1.38917e-05 1.29976e-05 1.21489e-05 1.13446e-05 1.05838e-05 9.86506e-06 9.1871e-06 8.54848e-06 7.9477e-06 7.38323e-06 6.85353e-06 6.35702e-06 5.89215e-06 5.45737e-06 5.05115e-06 4.67199e-06 4.31845e-06 3.98908e-06 3.68251e-06 3.39742e-06 3.13253e-06 2.88659e-06 2.65845e-06 2.44697e-06 2.25108e-06 2.06977e-06 1.90206e-06 1.74706e-06 1.60388e-06 1.47171e-06 1.34978e-06 1.23738e-06 1.13381e-06 1.03844e-06 9.50673e-07 8.69944e-07 7.95731e-07 7.27544e-07 6.64927e-07 6.07454e-07 5.54729e-07 5.06383e-07 4.62074e-07 4.21484e-07 3.84317e-07 3.50301e-07 3.19181e-07 2.90724e-07 2.64713e-07 2.40947e-07 2.19242e-07 1.99426e-07 1.81343e-07 1.64847e-07 1.49804e-07 1.36092e-07 1.23598e-07 1.12217e-07 1.01854e-07 9.24208e-08 8.38375e-08 7.60298e-08
