0.257029 0.112732 0.0494439 0.0216859 0.00951137 0.00417165 0.00182967 0.000802488 0.000351968 0.000154372 6.77071e-05 2.96961e-05 1.30246e-05 5.71254e-06 2.5055e-06 1.0989e-06 4.81976e-07 2.11393e-07 9.27161e-08 4.0665e-08 1.78355e-08 7.82259e-09 3.43096e-09 1.50481e-09 6.60003e-10 2.89475e-10 1.26963e-10 5.56854e-11 2.44234e-11 1.0712e-11 4.69826e-12 2.06064e-12 9.0379e-13 3.96399e-13 1.73859e-13 7.6254e-14 3.34448e-14 1.46688e-14 6.43366e-15 2.82178e-15 1.23762e-15 5.42817e-16 2.38078e-16 1.0442e-16 4.57983e-17 2.0087e-17 8.81007e-18 3.86407e-18 1.69477e-18 7.43319e-19 3.26017e-19 1.4299e-19 6.27149e-20 2.75065e-20 1.20643e-20 5.29134e-21 2.32076e-21 1.01788e-21 4.46438e-22 1.95806e-22 8.58799e-23 3.76666e-23 1.65205e-23 7.24581e-24 3.17799e-24 1.39385e-24 6.1134e-25 2.68131e-25 1.17602e-25 5.15796e-26 2.26226e-26 9.92221e-27 4.35185e-27 1.9087e-27 8.37151e-28 3.67172e-28 1.6104e-28 7.06316e-29 3.09788e-29 1.35872e-29 5.95929e-30 2.61373e-30 1.14637e-30 5.02794e-31 2.20524e-31 9.6721e-32 4.24215e-32 1.86059e-32 8.16049e-33 3.57916e-33 1.56981e-33 6.88512e-34 3.01979e-34 1.32447e-34 5.80907e-35 2.54784e-35 1.11747e-35 4.9012e-36 2.14965e-36 9.42829e-37 4.13521e-37
0.112732 0.0643888 0.0347955 0.0181361 0.00921534 0.00459485 0.00225784 0.00109667 0.000527655 0.000251893 0.000119455 5.63294e-05 2.64326e-05 1.23505e-05 5.74906e-06 2.6672e-06 1.23372e-06 5.69129e-07 2.61909e-07 1.20263e-07 5.51116e-08 2.52088e-08 1.15113e-08 5.24832e-09 2.38939e-09 1.08635e-09 4.93303e-10 2.23743e-10 1.01371e-10 4.58809e-11 2.07461e-11 9.37233e-12 4.23049e-12 1.90803e-12 8.59902e-13 3.87259e-13 1.74284e-13 7.83851e-14 3.52323e-14 1.58269e-14 7.10568e-15 3.18849e-15 1.43002e-15 6.41045e-16 2.87232e-16 1.28642e-16 5.75898e-17 2.57709e-17 1.15277e-17 5.15456e-18 2.30399e-18 1.02948e-18 4.5984e-19 2.05331e-19 9.16566e-20 4.09017e-20 1.8247e-20 8.13802e-21 3.62849e-21 1.6174e-21 7.20772e-22 3.21121e-22 1.43033e-22 6.36943e-23 2.83574e-23 1.26222e-23 5.61711e-24 2.49919e-24 1.11173e-24 4.94438e-25 2.19858e-25 9.77442e-26 4.34472e-26 1.93088e-26 8.57976e-27 3.81173e-27 1.69316e-27 7.51978e-28 3.33922e-28 1.48258e-28 6.58155e-29 2.9213e-29 1.29647e-29 5.75292e-30 2.55244e-30 1.13231e-30 5.02253e-31 2.22753e-31 9.87805e-32 4.37993e-32 1.94183e-32 8.60808e-33 3.81551e-33 1.69103e-33 7.4938e-34 3.32053e-34 1.47119e-34 6.51755e-35 2.88707e-35 1.27876e-35 5.66341e-36
0.0494439 0.0347955 0.0218799 0.0128806 0.00725692 0.00396124 0.00211094 0.00110379 0.00056835 0.000288932 0.000145308 7.24038e-05 3.57886e-05 1.75658e-05 8.56811e-06 4.15612e-06 2.00597e-06 9.63835e-07 4.61217e-07 2.19881e-07 1.04469e-07 4.9479e-08 2.33666e-08 1.10053e-08 5.17043e-09 2.42349e-09 1.13348e-09 5.29063e-10 2.46475e-10 1.1462e-10 5.32128e-11 2.4665e-11 1.14155e-11 5.27583e-12 2.43501e-12 1.12242e-12 5.16751e-13 2.37632e-13 1.09156e-13 5.00882e-14 2.29607e-14 1.05152e-14 4.81117e-15 2.19938e-15 1.00458e-15 4.58473e-16 2.09077e-16 9.52735e-17 4.33836e-17 1.97414e-17 8.97717e-18 4.07963e-18 1.85282e-18 8.40976e-19 3.8149e-19 1.72957e-19 7.83715e-20 3.54936e-20 1.60665e-20 7.26908e-21 3.28723e-21 1.48587e-21 6.71328e-22 3.0318e-22 1.36862e-22 6.1757e-23 2.78559e-23 1.25597e-23 5.66079e-24 2.55044e-24 1.14868e-24 5.17167e-25 2.32764e-25 1.04727e-25 4.71041e-26 2.11799e-26 9.52043e-27 4.27818e-27 1.92192e-27 8.63154e-28 3.87543e-28 1.73954e-28 7.80608e-29 3.50202e-29 1.57071e-29 7.0431e-30 3.15739e-30 1.4151e-30 6.34086e-31 2.84059e-31 1.27225e-31 5.69697e-32 2.55048e-32 1.14159e-32 5.10866e-33 2.2857e-33 1.02245e-33 4.57284e-34 2.04478e-34 9.14168e-35 4.08626e-35
0.0216859 0.0181361 0.0128806 0.00836196 0.00512153 0.00300963 0.00171418 0.000952616 0.000518937 0.000278043 0.000146899 7.6682e-05 3.9611e-05 2.02739e-05 1.02923e-05 5.18699e-06 2.59696e-06 1.29251e-06 6.3981e-07 3.15152e-07 1.54531e-07 7.54561e-08 3.67021e-08 1.7788e-08 8.59232e-09 4.13751e-09 1.98655e-09 9.51202e-10 4.54285e-10 2.16437e-10 1.02883e-10 4.87998e-11 2.30996e-11 1.09132e-11 5.14632e-12 2.42262e-12 1.13854e-12 5.34226e-13 2.5029e-13 1.17093e-13 5.47043e-14 2.55232e-14 1.18932e-14 5.53518e-15 2.57311e-15 1.1948e-15 5.542e-16 2.56794e-16 1.18869e-16 5.4971e-17 2.53977e-17 1.17237e-17 5.40705e-18 2.49167e-18 1.14728e-18 5.27847e-19 2.42671e-19 1.11483e-19 5.11786e-20 2.34785e-20 1.07637e-20 4.93138e-21 2.25789e-21 1.03317e-21 4.72479e-22 2.15944e-22 9.86406e-23 4.50332e-23 2.05484e-23 9.37127e-24 4.27169e-24 1.9462e-24 8.86269e-25 4.03405e-25 1.83535e-25 8.34649e-26 3.79402e-26 1.7239e-26 7.82968e-27 3.55468e-27 1.61319e-27 7.31819e-28 3.31862e-28 1.50436e-28 6.81692e-29 3.08796e-29 1.39832e-29 6.32983e-30 2.86441e-30 1.2958e-30 5.86007e-31 2.64931e-31 1.19737e-31 5.41001e-32 2.44365e-32 1.10346e-32 4.98137e-33 2.24814e-33 1.01433e-33 4.57532e-34 2.06324e-34
0.00951137 0.00921534 0.00725692 0.00512153 0.00337021 0.00211075 0.00127364 0.000746348 0.000427087 0.000239615 0.000132204 7.18996e-05 3.86157e-05 2.05121e-05 1.07895e-05 5.62578e-06 2.91025e-06 1.49475e-06 7.62726e-07 3.86877e-07 1.95159e-07 9.79494e-08 4.89298e-08 2.43359e-08 1.20547e-08 5.94856e-09 2.92497e-09 1.43343e-09 7.00274e-10 3.41091e-10 1.65675e-10 8.02587e-11 3.87826e-11 1.86959e-11 8.99232e-12 4.3158e-12 2.06709e-12 9.88109e-13 4.71452e-13 2.2454e-13 1.06759e-13 5.06759e-14 2.40168e-14 1.13651e-14 5.37029e-15 2.53406e-15 1.19413e-15 5.61984e-16 2.64153e-16 1.24012e-16 5.81521e-17 2.72383e-17 1.27446e-17 5.95681e-18 2.78139e-18 1.29743e-18 6.04634e-19 2.81515e-19 1.30955e-19 6.08645e-20 2.82645e-20 1.31149e-20 6.08055e-21 2.81699e-21 1.30408e-21 6.03258e-22 2.78866e-22 1.28821e-22 5.94685e-23 2.74348e-23 1.26485e-23 5.82785e-24 2.68356e-24 1.23498e-24 5.68008e-25 2.61099e-25 1.19955e-25 5.50803e-26 2.52783e-26 1.15951e-26 5.316e-27 2.43602e-27 1.11576e-27 5.10805e-28 2.33744e-28 1.06913e-28 4.888e-29 2.2338e-29 1.02041e-29 4.65934e-30 2.12667e-30 9.70291e-31 4.42523e-31 2.01746e-31 9.19413e-32 4.18849e-32 1.90743e-32 8.68334e-33 3.95161e-33 1.79769e-33 8.17543e-34
0.00417165 0.00459485 0.00396124 0.00300963 0.00211075 0.00139918 0.00088898 0.000546298 0.000326747 0.00019108 0.000109629 6.18733e-05 3.44236e-05 1.89115e-05 1.02736e-05 5.52521e-06 2.94466e-06 1.55649e-06 8.16571e-07 4.25453e-07 2.20271e-07 1.13376e-07 5.80396e-08 2.95622e-08 1.49866e-08 7.56407e-09 3.80203e-09 1.90366e-09 9.49677e-10 4.72134e-10 2.33959e-10 1.15577e-10 5.69292e-11 2.79634e-11 1.36993e-11 6.69437e-12 3.26347e-12 1.58728e-12 7.70326e-13 3.73065e-13 1.80311e-13 8.69806e-14 4.18812e-14 2.01301e-14 9.65892e-15 4.62698e-15 2.21299e-15 1.05682e-15 5.03942e-16 2.39963e-16 1.14107e-16 5.41883e-17 2.57005e-17 1.21742e-17 5.75993e-18 2.72201e-18 1.28491e-18 6.05873e-19 2.85385e-19 1.34287e-19 6.3125e-20 2.96448e-20 1.39087e-20 6.51969e-21 3.05337e-21 1.42875e-21 6.67983e-22 3.12046e-22 1.45654e-22 6.79342e-23 3.1661e-23 1.47447e-23 6.86177e-24 3.19101e-24 1.48293e-24 6.88686e-25 3.19622e-25 1.48242e-25 6.87126e-26 3.18298e-26 1.47357e-26 6.81792e-27 3.15272e-27 1.45705e-27 6.73014e-28 3.107e-28 1.4336e-28 6.61139e-29 3.04745e-29 1.404e-29 6.46525e-30 2.97576e-30 1.36901e-30 6.29532e-31 2.89357e-31 1.32941e-31 6.10514e-32 2.80252e-32 1.28594e-32 5.89817e-33 2.7042e-33
0.00182967 0.00225784 0.00211094 0.00171418 0.00127364 0.00088898 0.000592006 0.000379935 0.000236623 0.000143732 8.54764e-05 4.99123e-05 2.86847e-05 1.62551e-05 9.09705e-06 5.03433e-06 2.75795e-06 1.49706e-06 8.05834e-07 4.30436e-07 2.28293e-07 1.20289e-07 6.29969e-08 3.28059e-08 1.69937e-08 8.75942e-09 4.49414e-09 2.29574e-09 1.16791e-09 5.91851e-10 2.98826e-10 1.50354e-10 7.54005e-11 3.76939e-11 1.87875e-11 9.33753e-12 4.62822e-12 2.28807e-12 1.12835e-12 5.55121e-13 2.72484e-13 1.33458e-13 6.52286e-14 3.18166e-14 1.54891e-14 7.52641e-15 3.65062e-15 1.76763e-15 8.54457e-16 4.12368e-16 1.98702e-16 9.56011e-17 4.59292e-17 2.20344e-17 1.05564e-17 5.05077e-18 2.41345e-18 1.1518e-18 5.49023e-19 2.61392e-19 1.24308e-19 5.90503e-20 2.80206e-20 1.32824e-20 6.28972e-21 2.97546e-21 1.40623e-21 6.63973e-22 3.13216e-22 1.47621e-22 6.95142e-23 3.27061e-23 1.53752e-23 7.22209e-24 3.38969e-24 1.58972e-24 7.44993e-25 3.4887e-25 1.63253e-25 7.63397e-26 3.56731e-26 1.66585e-26 7.77403e-27 3.62556e-27 1.68977e-27 7.87065e-28 3.66379e-28 1.70448e-28 7.92498e-29 3.68262e-29 1.7103e-29 7.93869e-30 3.68291e-30 1.70767e-30 7.91392e-31 3.66571e-31 1.6971e-31 7.85316e-32 3.63222e-32 1.67917e-32 7.75915e-33
0.000802488 0.00109667 0.00110379 0.000952616 0.000746348 0.000546298 0.000379935 0.000253816 0.000164109 0.000103258 6.34862e-05 3.82634e-05 2.26638e-05 1.32196e-05 7.6062e-06 4.32307e-06 2.42999e-06 1.35221e-06 7.45573e-07 4.07633e-07 2.2114e-07 1.19108e-07 6.3725e-08 3.38825e-08 1.79109e-08 9.41656e-09 4.92547e-09 2.56398e-09 1.32866e-09 6.85569e-10 3.52313e-10 1.80359e-10 9.19942e-11 4.67603e-11 2.36897e-11 1.19639e-11 6.02395e-12 3.02441e-12 1.51428e-12 7.56181e-13 3.7666e-13 1.87162e-13 9.27848e-14 4.58946e-14 2.26522e-14 1.11572e-14 5.48447e-15 2.69075e-15 1.31766e-15 6.44097e-16 3.143e-16 1.53111e-16 7.44665e-17 3.61602e-17 1.75323e-17 8.48792e-18 4.10338e-18 1.98097e-18 9.55047e-19 4.59835e-19 2.21118e-19 1.06196e-19 5.09411e-20 2.44072e-20 1.16808e-20 5.58395e-21 2.6665e-21 1.27198e-21 6.06144e-22 2.88558e-22 1.37235e-22 6.52053e-23 3.09525e-23 1.46795e-23 6.95573e-24 3.29303e-24 1.55769e-24 7.36215e-25 3.47677e-25 1.6406e-25 7.73558e-26 3.64462e-26 1.71589e-26 8.07255e-27 3.79509e-27 1.78291e-27 8.37029e-28 3.927e-28 1.84118e-28 8.62681e-29 4.03953e-29 1.89035e-29 8.84078e-30 4.13218e-30 1.93026e-30 9.01158e-31 4.20477e-31 1.96085e-31 9.13921e-32 4.25738e-32 1.9822e-32
0.000351968 0.000527655 0.00056835 0.000518937 0.000427087 0.000326747 0.000236623 0.000164109 0.000109888 7.14578e-05 4.53265e-05 2.81409e-05 1.7147e-05 1.02767e-05 6.06901e-06 3.53701e-06 2.03685e-06 1.16027e-06 6.544e-07 3.65731e-07 2.02687e-07 1.11456e-07 6.08469e-08 3.29947e-08 1.77792e-08 9.52393e-09 5.07354e-09 2.68868e-09 1.41785e-09 7.44216e-10 3.88915e-10 2.02393e-10 1.04909e-10 5.4174e-11 2.78745e-11 1.42933e-11 7.30525e-12 3.72201e-12 1.89067e-12 9.57651e-13 4.83728e-13 2.43694e-13 1.22457e-13 6.13846e-14 3.06982e-14 1.53172e-14 7.62599e-15 3.78875e-15 1.8785e-15 9.29541e-16 4.59092e-16 2.26324e-16 1.11375e-16 5.47133e-17 2.68331e-17 1.31385e-17 6.42295e-18 3.13516e-18 1.52806e-18 7.43696e-19 3.61444e-19 1.75426e-19 8.50301e-20 4.11614e-20 1.99004e-20 9.60953e-21 4.63473e-21 2.23276e-21 1.0744e-21 5.16433e-22 2.47966e-22 1.18936e-22 5.69884e-23 2.72788e-23 1.30448e-23 6.23211e-24 2.97458e-24 1.41847e-24 6.75808e-25 3.21697e-25 1.53003e-25 7.27088e-26 3.45237e-26 1.63795e-26 7.76498e-27 3.67829e-27 1.74109e-27 8.23527e-28 3.8924e-28 1.83844e-28 8.67713e-29 4.09267e-29 1.92906e-29 9.0865e-30 4.27728e-30 2.01216e-30 9.45991e-31 4.44473e-31 2.0871e-31 9.79452e-32 4.59379e-32
0.000154372 0.000251893 0.000288932 0.000278043 0.000239615 0.00019108 0.000143732 0.000103258 7.14578e-05 4.79329e-05 3.1312e-05 1.9992e-05 1.25119e-05 7.69349e-06 4.65683e-06 2.77919e-06 1.63755e-06 9.53726e-07 5.49584e-07 3.13619e-07 1.77361e-07 9.94689e-08 5.53541e-08 3.05824e-08 1.67826e-08 9.1516e-09 4.96077e-09 2.67404e-09 1.43381e-09 7.64967e-10 4.06198e-10 2.14725e-10 1.13025e-10 5.92517e-11 3.09419e-11 1.60986e-11 8.34637e-12 4.31262e-12 2.22117e-12 1.14045e-12 5.8382e-13 2.98018e-13 1.5171e-13 7.70259e-14 3.90082e-14 1.97066e-14 9.93205e-15 4.99432e-15 2.50586e-15 1.25462e-15 6.26862e-16 3.12584e-16 1.55569e-16 7.72802e-17 3.832e-17 1.89679e-17 9.37286e-18 4.62387e-18 2.27741e-18 1.11995e-18 5.49912e-19 2.69617e-19 1.32001e-19 6.45354e-20 3.15085e-20 1.53631e-20 7.48118e-21 3.63842e-21 1.76734e-21 8.57446e-22 4.15513e-22 2.01125e-22 9.72437e-23 4.6966e-23 2.26591e-23 1.09207e-23 5.25793e-24 2.52899e-24 1.21522e-24 5.83379e-25 2.79796e-25 1.34071e-25 6.41858e-26 3.07018e-26 1.46729e-26 7.00654e-27 3.34297e-27 1.59372e-27 7.59183e-28 3.61364e-28 1.71874e-28 8.16872e-29 3.87952e-29 1.84115e-29 8.73162e-30 4.13808e-30 1.95978e-30 9.27523e-31 4.3869e-31 2.07353e-31 9.7946e-32
6.77071e-05 0.000119455 0.000145308 0.000146899 0.000132204 0.000109629 8.54764e-05 6.34862e-05 4.53265e-05 3.1312e-05 2.1033e-05 1.37907e-05 8.85285e-06 5.57779e-06 3.45623e-06 2.10978e-06 1.27054e-06 7.55759e-07 4.44508e-07 2.58745e-07 1.4918e-07 8.52508e-08 4.83178e-08 2.71756e-08 1.51751e-08 8.417e-09 4.6391e-09 2.54167e-09 1.38472e-09 7.50394e-10 4.04602e-10 2.17114e-10 1.15977e-10 6.16841e-11 3.26725e-11 1.72378e-11 9.06032e-12 4.74506e-12 2.47651e-12 1.28826e-12 6.68012e-13 3.45336e-13 1.78002e-13 9.14914e-14 4.68981e-14 2.39768e-14 1.22272e-14 6.22022e-15 3.15688e-15 1.59852e-15 8.07649e-16 4.07191e-16 2.04869e-16 1.02869e-16 5.15522e-17 2.57865e-17 1.28748e-17 6.41683e-18 3.19264e-18 1.5858e-18 7.86396e-19 3.89353e-19 1.92475e-19 9.50066e-20 4.6827e-20 2.30472e-20 1.13276e-20 5.55989e-21 2.72534e-21 1.33418e-21 6.52322e-22 3.18548e-22 1.55369e-22 7.56912e-23 3.68322e-23 1.79029e-23 8.69246e-24 4.21596e-24 2.04265e-24 9.88657e-25 4.78037e-25 2.30913e-25 1.11434e-25 5.37252e-26 2.58783e-26 1.24537e-26 5.98795e-27 2.87659e-27 1.38073e-27 6.62175e-28 3.17308e-28 1.51929e-28 7.26866e-29 3.47481e-29 1.65988e-29 7.92316e-30 3.7792e-30 1.80131e-30 8.5796e-31 4.0836e-31 1.94233e-31
2.96961e-05 5.63294e-05 7.24038e-05 7.6682e-05 7.18996e-05 6.18733e-05 4.99123e-05 3.82634e-05 2.81409e-05 1.9992e-05 1.37907e-05 9.27399e-06 6.09935e-06 3.9333e-06 2.49236e-06 1.55458e-06 9.55908e-07 5.80197e-07 3.47992e-07 2.0645e-07 1.21249e-07 7.05467e-08 4.0691e-08 2.32807e-08 1.3219e-08 7.45265e-09 4.17365e-09 2.32265e-09 1.28489e-09 7.06808e-10 3.86741e-10 2.10542e-10 1.14068e-10 6.15178e-11 3.30322e-11 1.76628e-11 9.40699e-12 4.99094e-12 2.63831e-12 1.38977e-12 7.29625e-13 3.81812e-13 1.99181e-13 1.03596e-13 5.3726e-14 2.77854e-14 1.43312e-14 7.3726e-15 3.7833e-15 1.93673e-15 9.89116e-16 5.04011e-16 2.56258e-16 1.30014e-16 6.5827e-17 3.32619e-17 1.67743e-17 8.44345e-18 4.24227e-18 2.12765e-18 1.06524e-18 5.32427e-19 2.6568e-19 1.32361e-19 6.58394e-20 3.27001e-20 1.6217e-20 8.03083e-21 3.97136e-21 1.96119e-21 9.67201e-22 4.76369e-22 2.34322e-22 1.15117e-22 5.64848e-23 2.76825e-23 1.3551e-23 6.62578e-24 3.23607e-24 1.57878e-24 7.69413e-25 3.74577e-25 1.82169e-25 8.85054e-26 4.29572e-26 2.08296e-26 1.00905e-26 4.88361e-27 2.36141e-27 1.14081e-27 5.50647e-28 2.65557e-28 1.2796e-28 6.16073e-29 2.96369e-29 1.42458e-29 6.84224e-30 3.28377e-30 1.57477e-30 7.54639e-31 3.61361e-31
1.30246e-05 2.64326e-05 3.57886e-05 3.9611e-05 3.86157e-05 3.44236e-05 2.86847e-05 2.26638e-05 1.7147e-05 1.25119e-05 8.85285e-06 6.09935e-06 4.10553e-06 2.70714e-06 1.75254e-06 1.11596e-06 7.00056e-07 4.3321e-07 2.64757e-07 1.59962e-07 9.56277e-08 5.66092e-08 3.32066e-08 1.93135e-08 1.11439e-08 6.38208e-09 3.62939e-09 2.05035e-09 1.15107e-09 6.42399e-10 3.56508e-10 1.96797e-10 1.08085e-10 5.90767e-11 3.21415e-11 1.74104e-11 9.39126e-12 5.04536e-12 2.70013e-12 1.4397e-12 7.64919e-13 4.0502e-13 2.13753e-13 1.12454e-13 5.89809e-14 3.08442e-14 1.60843e-14 8.36457e-15 4.33844e-15 2.24447e-15 1.15829e-15 5.96316e-16 3.06287e-16 1.56964e-16 8.02647e-17 4.09569e-17 2.08562e-17 1.05993e-17 5.37614e-18 2.72173e-18 1.37537e-18 6.93776e-19 3.4935e-19 1.75617e-19 8.8136e-20 4.41612e-20 2.20926e-20 1.10353e-20 5.50397e-21 2.74115e-21 1.36323e-21 6.77023e-22 3.35773e-22 1.66308e-22 8.22648e-23 4.0641e-23 2.00528e-23 9.88228e-24 4.86434e-24 2.39158e-24 1.17449e-24 5.76143e-25 2.82317e-25 1.3819e-25 6.75712e-26 3.30065e-26 1.61064e-26 7.85177e-27 3.82398e-27 1.86058e-27 9.04435e-28 4.39246e-28 2.13131e-28 1.03324e-28 5.00472e-29 2.42207e-29 1.1712e-29 5.65872e-30 2.73183e-30 1.31778e-30 6.35177e-31
5.71254e-06 1.23505e-05 1.75658e-05 2.02739e-05 2.05121e-05 1.89115e-05 1.62551e-05 1.32196e-05 1.02767e-05 7.69349e-06 5.57779e-06 3.9333e-06 2.70714e-06 1.82363e-06 1.20514e-06 7.82797e-07 5.00587e-07 3.15597e-07 1.96395e-07 1.2076e-07 7.34367e-08 4.42023e-08 2.63531e-08 1.55721e-08 9.12524e-09 5.3057e-09 3.06228e-09 1.75524e-09 9.99494e-10 5.65629e-10 3.18222e-10 1.78034e-10 9.90763e-11 5.48579e-11 3.02283e-11 1.658e-11 9.05406e-12 4.92344e-12 2.66647e-12 1.43853e-12 7.73187e-13 4.14089e-13 2.21006e-13 1.17564e-13 6.23382e-14 3.29529e-14 1.73676e-14 9.12716e-15 4.78325e-15 2.50002e-15 1.30326e-15 6.77681e-16 3.51526e-16 1.81911e-16 9.39214e-17 4.83839e-17 2.48711e-17 1.27578e-17 6.53083e-18 3.33654e-18 1.70131e-18 8.65872e-19 4.39872e-19 2.23061e-19 1.12918e-19 5.70646e-20 2.87907e-20 1.45022e-20 7.29346e-21 3.66239e-21 1.8363e-21 9.19357e-22 4.59624e-22 2.29463e-22 1.14401e-22 5.69589e-23 2.83222e-23 1.40648e-23 6.97583e-24 3.45561e-24 1.70974e-24 8.44939e-25 4.17079e-25 2.05646e-25 1.01284e-25 4.98297e-26 2.44891e-26 1.20228e-26 5.89645e-27 2.88894e-27 1.41403e-27 6.91445e-28 3.37787e-28 1.64863e-28 8.03905e-29 3.91647e-29 1.90634e-29 9.27101e-30 4.50488e-30 2.18713e-30 1.06098e-30
2.5055e-06 5.74906e-06 8.56811e-06 1.02923e-05 1.07895e-05 1.02736e-05 9.09705e-06 7.6062e-06 6.06901e-06 4.65683e-06 3.45623e-06 2.49236e-06 1.75254e-06 1.20514e-06 8.12368e-07 5.37877e-07 3.50398e-07 2.24913e-07 1.42424e-07 8.90713e-08 5.50667e-08 3.36822e-08 2.03983e-08 1.22393e-08 7.28031e-09 4.29537e-09 2.5149e-09 1.46184e-09 8.4394e-10 4.84078e-10 2.75966e-10 1.5641e-10 8.81594e-11 4.94287e-11 2.75741e-11 1.53085e-11 8.45994e-12 4.65465e-12 2.55018e-12 1.39154e-12 7.56357e-13 4.09575e-13 2.20991e-13 1.18825e-13 6.36778e-14 3.40147e-14 1.81131e-14 9.61636e-15 5.09055e-15 2.68718e-15 1.41463e-15 7.42756e-16 3.88988e-16 2.03212e-16 1.05905e-16 5.50643e-17 2.85652e-17 1.47859e-17 7.63705e-18 3.9364e-18 2.02484e-18 1.0395e-18 5.32629e-19 2.72402e-19 1.39061e-19 7.08637e-20 3.60487e-20 1.83071e-20 9.2818e-21 4.69833e-21 2.37449e-21 1.1982e-21 6.03717e-22 3.03738e-22 1.52595e-22 7.65546e-23 3.83534e-23 1.9189e-23 9.58799e-24 4.78456e-24 2.38456e-24 1.18696e-24 5.90117e-25 2.93038e-25 1.45346e-25 7.20087e-26 3.56354e-26 1.76157e-26 8.69863e-27 4.29083e-27 2.11437e-27 1.04083e-27 5.11848e-28 2.51465e-28 1.23422e-28 6.05198e-29 2.96481e-29 1.45111e-29 7.09596e-30 3.46687e-30 1.69234e-30
1.0989e-06 2.6672e-06 4.15612e-06 5.18699e-06 5.62578e-06 5.52521e-06 5.03433e-06 4.32307e-06 3.53701e-06 2.77919e-06 2.10978e-06 1.55458e-06 1.11596e-06 7.82797e-07 5.37877e-07 3.62784e-07 2.40604e-07 1.57143e-07 1.01201e-07 6.43362e-08 4.04143e-08 2.51073e-08 1.54377e-08 9.40115e-09 5.67363e-09 3.39519e-09 2.01561e-09 1.18764e-09 6.94834e-10 4.03791e-10 2.33165e-10 1.33826e-10 7.63681e-11 4.33411e-11 2.44687e-11 1.37451e-11 7.68431e-12 4.27631e-12 2.36932e-12 1.30721e-12 7.18297e-13 3.9316e-13 2.1439e-13 1.16485e-13 6.30699e-14 3.4034e-14 1.8306e-14 9.81547e-15 5.247e-15 2.79664e-15 1.48637e-15 7.87811e-16 4.16446e-16 2.19569e-16 1.15476e-16 6.05836e-17 3.17095e-17 1.65586e-17 8.62754e-18 4.48544e-18 2.32703e-18 1.20477e-18 6.22494e-19 3.21008e-19 1.65222e-19 8.48813e-20 4.3528e-20 2.22821e-20 1.13866e-20 5.80897e-21 2.95862e-21 1.50446e-21 7.63812e-22 3.87192e-22 1.9598e-22 9.90511e-23 4.99898e-23 2.51937e-23 1.26795e-23 6.37277e-24 3.19874e-24 1.60349e-24 8.02793e-25 4.01421e-25 2.00478e-25 1.00003e-25 4.98253e-26 2.47963e-26 1.23264e-26 6.12069e-27 3.03594e-27 1.50426e-27 7.44557e-28 3.6815e-28 1.8185e-28 8.97364e-29 4.42386e-29 2.17879e-29 1.07207e-29 5.27017e-30 2.5884e-30
4.81976e-07 1.23372e-06 2.00597e-06 2.59696e-06 2.91025e-06 2.94466e-06 2.75795e-06 2.42999e-06 2.03685e-06 1.63755e-06 1.27054e-06 9.55908e-07 7.00056e-07 5.00587e-07 3.50398e-07 2.40604e-07 1.62363e-07 1.0784e-07 7.05923e-08 4.55957e-08 2.90884e-08 1.83455e-08 1.14472e-08 7.07195e-09 4.32833e-09 2.62598e-09 1.58007e-09 9.43371e-10 5.59103e-10 3.2906e-10 1.92392e-10 1.11782e-10 6.45596e-11 3.70745e-11 2.11753e-11 1.20317e-11 6.80249e-12 3.82772e-12 2.14402e-12 1.19568e-12 6.64008e-13 3.67259e-13 2.02339e-13 1.11059e-13 6.07374e-14 3.3101e-14 1.79788e-14 9.73341e-15 5.2529e-15 2.82623e-15 1.51612e-15 8.10993e-16 4.32609e-16 2.30146e-16 1.22118e-16 6.46328e-17 3.41237e-17 1.7973e-17 9.44436e-18 4.95155e-18 2.59032e-18 1.35217e-18 7.04375e-19 3.66177e-19 1.89983e-19 9.83781e-20 5.08466e-20 2.62316e-20 1.35084e-20 6.94421e-21 3.56365e-21 1.82574e-21 9.33838e-22 4.76878e-22 2.43144e-22 1.23781e-22 6.29202e-23 3.19367e-23 1.6187e-23 8.19275e-24 4.1409e-24 2.09013e-24 1.0536e-24 5.30415e-25 2.66687e-25 1.3392e-25 6.71676e-26 3.36474e-26 1.68357e-26 8.41413e-27 4.20043e-27 2.09457e-27 1.04332e-27 5.19131e-28 2.58034e-28 1.28123e-28 6.35524e-29 3.14922e-29 1.559e-29 7.71023e-30 3.80957e-30
2.11393e-07 5.69129e-07 9.63835e-07 1.29251e-06 1.49475e-06 1.55649e-06 1.49706e-06 1.35221e-06 1.16027e-06 9.53726e-07 7.55759e-07 5.80197e-07 4.3321e-07 3.15597e-07 2.24913e-07 1.57143e-07 1.0784e-07 7.28035e-08 4.84184e-08 3.17592e-08 2.05676e-08 1.31628e-08 8.33152e-09 5.21943e-09 3.2384e-09 1.99114e-09 1.21386e-09 7.34072e-10 4.4056e-10 2.62509e-10 1.55351e-10 9.13402e-11 5.33735e-11 3.10048e-11 1.79098e-11 1.02901e-11 5.8818e-12 3.34552e-12 1.89393e-12 1.06732e-12 5.98866e-13 3.34614e-13 1.86211e-13 1.03223e-13 5.7006e-14 3.13683e-14 1.72006e-14 9.4e-15 5.12027e-15 2.78025e-15 1.50503e-15 8.12303e-16 4.37161e-16 2.34613e-16 1.2557e-16 6.70314e-17 3.56911e-17 1.89567e-17 1.00442e-17 5.30946e-18 2.80021e-18 1.47354e-18 7.73734e-19 4.05418e-19 2.11992e-19 1.10627e-19 5.76173e-20 2.99511e-20 1.55403e-20 8.04851e-21 4.16099e-21 2.14744e-21 1.10638e-21 5.6907e-22 2.92226e-22 1.49824e-22 7.66947e-23 3.92001e-23 2.00059e-23 1.01952e-23 5.18811e-24 2.63641e-24 1.33788e-24 6.78013e-25 3.43149e-25 1.73445e-25 8.75569e-26 4.41444e-26 2.22294e-26 1.11804e-26 5.61663e-27 2.81831e-27 1.41256e-27 7.07197e-28 3.53668e-28 1.76678e-28 8.81672e-29 4.3952e-29 2.1888e-29 1.08891e-29 5.41192e-30
9.27161e-08 2.61909e-07 4.61217e-07 6.3981e-07 7.62726e-07 8.16571e-07 8.05834e-07 7.45573e-07 6.544e-07 5.49584e-07 4.44508e-07 3.47992e-07 2.64757e-07 1.96395e-07 1.42424e-07 1.01201e-07 7.05923e-08 4.84184e-08 3.27004e-08 2.1773e-08 1.43076e-08 9.28782e-09 5.96104e-09 3.78544e-09 2.38007e-09 1.48253e-09 9.15371e-10 5.60513e-10 3.40539e-10 2.05361e-10 1.22973e-10 7.31453e-11 4.32308e-11 2.53956e-11 1.48321e-11 8.61458e-12 4.97691e-12 2.86072e-12 1.63633e-12 9.31602e-13 5.28e-13 2.97958e-13 1.67442e-13 9.37194e-14 5.22528e-14 2.90244e-14 1.60638e-14 8.85964e-15 4.86985e-15 2.66805e-15 1.45713e-15 7.93356e-16 4.30671e-16 2.33115e-16 1.25828e-16 6.7733e-17 3.63643e-17 1.94731e-17 1.04018e-17 5.54273e-18 2.94654e-18 1.56278e-18 8.27005e-19 4.36684e-19 2.30091e-19 1.20984e-19 6.34852e-20 3.32473e-20 1.7378e-20 9.06611e-21 4.72107e-21 2.45401e-21 1.27334e-21 6.59573e-22 3.41074e-22 1.76083e-22 9.07577e-23 4.67049e-23 2.39976e-23 1.23116e-23 6.30689e-24 3.22614e-24 1.6479e-24 8.40564e-25 4.28168e-25 2.17807e-25 1.10651e-25 5.61408e-26 2.84478e-26 1.43971e-26 7.27729e-27 3.67402e-27 1.85268e-27 9.33154e-28 4.69474e-28 2.3593e-28 1.18434e-28 5.93878e-29 2.97479e-29 1.48854e-29 7.44078e-30
4.0665e-08 1.20263e-07 2.19881e-07 3.15152e-07 3.86877e-07 4.25453e-07 4.30436e-07 4.07633e-07 3.65731e-07 3.13619e-07 2.58745e-07 2.0645e-07 1.59962e-07 1.2076e-07 8.90713e-08 6.43362e-08 4.55957e-08 3.17592e-08 2.1773e-08 1.471e-08 9.80459e-09 6.45346e-09 4.19832e-09 2.70155e-09 1.72069e-09 1.08546e-09 6.7857e-10 4.20594e-10 2.58597e-10 1.57783e-10 9.55742e-11 5.74941e-11 3.43599e-11 2.0406e-11 1.20466e-11 7.07114e-12 4.12796e-12 2.3972e-12 1.38512e-12 7.96474e-13 4.55868e-13 2.59756e-13 1.47375e-13 8.32688e-14 4.686e-14 2.62692e-14 1.46714e-14 8.1645e-15 4.52766e-15 2.50237e-15 1.37851e-15 7.56994e-16 4.1442e-16 2.26201e-16 1.23109e-16 6.68138e-17 3.61623e-17 1.95206e-17 1.05101e-17 5.64458e-18 3.02407e-18 1.61629e-18 8.6186e-19 4.58534e-19 2.43416e-19 1.28941e-19 6.81588e-20 3.59552e-20 1.89292e-20 9.94615e-21 5.21612e-21 2.73042e-21 1.42665e-21 7.441e-22 3.87424e-22 2.01373e-22 1.04493e-22 5.41332e-23 2.79991e-23 1.44591e-23 7.4554e-24 3.83836e-24 1.97324e-24 1.01294e-24 5.19241e-25 2.65797e-25 1.35874e-25 6.93654e-26 3.53651e-26 1.80072e-26 9.15729e-27 4.65099e-27 2.35935e-27 1.19541e-27 6.04963e-28 3.05799e-28 1.544e-28 7.78701e-29 3.92297e-29 1.97419e-29 9.92426e-30
1.78355e-08 5.51116e-08 1.04469e-07 1.54531e-07 1.95159e-07 2.20271e-07 2.28293e-07 2.2114e-07 2.02687e-07 1.77361e-07 1.4918e-07 1.21249e-07 9.56277e-08 7.34367e-08 5.50667e-08 4.04143e-08 2.90884e-08 2.05676e-08 1.43076e-08 9.80459e-09 6.62611e-09 4.42066e-09 2.91406e-09 1.89948e-09 1.22518e-09 7.82487e-10 4.95121e-10 3.1055e-10 1.93173e-10 1.19218e-10 7.30293e-11 4.44189e-11 2.68351e-11 1.61079e-11 9.60956e-12 5.69917e-12 3.36104e-12 1.97148e-12 1.15043e-12 6.67994e-13 3.86017e-13 2.22046e-13 1.27162e-13 7.25131e-14 4.11801e-14 2.32934e-14 1.31253e-14 7.36841e-15 4.12172e-15 2.29759e-15 1.27645e-15 7.06835e-16 3.90173e-16 2.14715e-16 1.17807e-16 6.44502e-17 3.51604e-17 1.91291e-17 1.03796e-17 5.61744e-18 3.03251e-18 1.63305e-18 8.77316e-19 4.70219e-19 2.51452e-19 1.34167e-19 7.14327e-20 3.79516e-20 2.01217e-20 1.06469e-20 5.62249e-21 2.96343e-21 1.55899e-21 8.18641e-22 4.29101e-22 2.24523e-22 1.17276e-22 6.11543e-23 3.18365e-23 1.6547e-23 8.58663e-24 4.44888e-24 2.30152e-24 1.18886e-24 6.13208e-25 3.15835e-25 1.62442e-25 8.34326e-26 4.27939e-26 2.19204e-26 1.12136e-26 5.72904e-27 2.92327e-27 1.48976e-27 7.58288e-28 3.85505e-28 1.95756e-28 9.92873e-29 5.03012e-29 2.54551e-29 1.28675e-29
7.82259e-09 2.52088e-08 4.9479e-08 7.54561e-08 9.79494e-08 1.13376e-07 1.20289e-07 1.19108e-07 1.11456e-07 9.94689e-08 8.52508e-08 7.05467e-08 5.66092e-08 4.42023e-08 3.36822e-08 2.51073e-08 1.83455e-08 1.31628e-08 9.28782e-09 6.45346e-09 4.42066e-09 2.9884e-09 1.99545e-09 1.31717e-09 8.60115e-10 5.55992e-10 3.55988e-10 2.25885e-10 1.42115e-10 8.86916e-11 5.49285e-11 3.37713e-11 2.06197e-11 1.25068e-11 7.5381e-12 4.516e-12 2.68989e-12 1.59333e-12 9.38791e-13 5.50316e-13 3.21013e-13 1.86372e-13 1.07711e-13 6.19778e-14 3.55118e-14 2.02645e-14 1.15181e-14 6.52187e-15 3.67923e-15 2.06819e-15 1.15856e-15 6.46827e-16 3.59952e-16 1.99677e-16 1.10428e-16 6.08886e-17 3.34761e-17 1.83531e-17 1.00345e-17 5.47172e-18 2.97594e-18 1.61446e-18 8.73691e-19 4.71679e-19 2.54049e-19 1.3652e-19 7.3199e-20 3.91624e-20 2.09079e-20 1.1139e-20 5.92249e-21 3.14267e-21 1.66438e-21 8.79791e-22 4.64195e-22 2.44474e-22 1.28527e-22 6.74523e-23 3.53395e-23 1.84841e-23 9.65213e-24 5.03214e-24 2.61938e-24 1.36136e-24 7.06469e-25 3.66073e-25 1.89413e-25 9.78657e-26 5.04943e-26 2.60169e-26 1.3387e-26 6.8791e-27 3.53032e-27 1.80942e-27 9.2623e-28 4.73543e-28 2.41809e-28 1.23329e-28 6.28269e-29 3.19687e-29 1.62483e-29
3.43096e-09 1.15113e-08 2.33666e-08 3.67021e-08 4.89298e-08 5.80396e-08 6.29969e-08 6.3725e-08 6.08469e-08 5.53541e-08 4.83178e-08 4.0691e-08 3.32066e-08 2.63531e-08 2.03983e-08 1.54377e-08 1.14472e-08 8.33152e-09 5.96104e-09 4.19832e-09 2.91406e-09 1.99545e-09 1.34928e-09 9.01663e-10 5.95916e-10 3.89777e-10 2.52463e-10 1.6202e-10 1.03074e-10 6.50327e-11 4.07101e-11 2.52947e-11 1.5605e-11 9.56211e-12 5.8214e-12 3.52217e-12 2.11844e-12 1.26693e-12 7.53559e-13 4.45869e-13 2.62487e-13 1.53781e-13 8.96742e-14 5.20568e-14 3.00885e-14 1.73182e-14 9.92756e-15 5.66867e-15 3.22458e-15 1.82755e-15 1.0321e-15 5.80868e-16 3.25822e-16 1.82168e-16 1.01531e-16 5.64146e-17 3.12531e-17 1.72639e-17 9.50959e-18 5.2239e-18 2.86199e-18 1.56392e-18 8.52431e-19 4.63481e-19 2.51396e-19 1.3604e-19 7.34473e-20 3.95653e-20 2.12669e-20 1.14068e-20 6.10546e-21 3.26127e-21 1.73855e-21 9.25001e-22 4.91209e-22 2.60363e-22 1.37752e-22 7.27506e-23 3.83543e-23 2.01858e-23 1.06058e-23 5.56323e-24 2.91344e-24 1.52333e-24 7.95258e-25 4.14532e-25 2.15753e-25 1.12129e-25 5.81901e-26 3.01554e-26 1.56055e-26 8.06484e-27 4.16227e-27 2.14531e-27 1.1043e-27 5.67718e-28 2.91495e-28 1.49484e-28 7.65655e-29 3.91699e-29 2.00154e-29
1.50481e-09 5.24832e-09 1.10053e-08 1.7788e-08 2.43359e-08 2.95622e-08 3.28059e-08 3.38825e-08 3.29947e-08 3.05824e-08 2.71756e-08 2.32807e-08 1.93135e-08 1.55721e-08 1.22393e-08 9.40115e-09 7.07195e-09 5.21943e-09 3.78544e-09 2.70155e-09 1.89948e-09 1.31717e-09 9.01663e-10 6.09829e-10 4.07812e-10 2.69834e-10 1.76761e-10 1.14702e-10 7.3769e-11 4.70431e-11 2.97595e-11 1.86823e-11 1.16432e-11 7.20604e-12 4.43034e-12 2.70658e-12 1.64348e-12 9.92155e-13 5.95614e-13 3.55646e-13 2.11266e-13 1.24876e-13 7.34604e-14 4.30151e-14 2.50758e-14 1.45553e-14 8.41362e-15 4.84394e-15 2.77796e-15 1.58715e-15 9.03498e-16 5.12507e-16 2.89722e-16 1.63237e-16 9.16752e-17 5.1324e-17 2.86459e-17 1.5941e-17 8.84535e-18 4.89433e-18 2.70073e-18 1.48632e-18 8.15854e-19 4.46697e-19 2.43972e-19 1.32929e-19 7.22562e-20 3.91863e-20 2.1204e-20 1.14485e-20 6.16806e-21 3.31618e-21 1.77925e-21 9.52724e-22 5.09148e-22 2.71574e-22 1.44582e-22 7.68321e-23 4.07556e-23 2.15807e-23 1.14075e-23 6.01977e-24 3.17136e-24 1.66803e-24 8.75924e-25 4.59248e-25 2.40414e-25 1.25665e-25 6.5588e-26 3.41823e-26 1.77892e-26 9.2449e-27 4.79786e-27 2.48658e-27 1.287e-27 6.65251e-28 3.43425e-28 1.77063e-28 9.11766e-29 4.68927e-29 2.40882e-29
6.60003e-10 2.38939e-09 5.17043e-09 8.59232e-09 1.20547e-08 1.49866e-08 1.69937e-08 1.79109e-08 1.77792e-08 1.67826e-08 1.51751e-08 1.3219e-08 1.11439e-08 9.12524e-09 7.28031e-09 5.67363e-09 4.32833e-09 3.2384e-09 2.38007e-09 1.72069e-09 1.22518e-09 8.60115e-10 5.95916e-10 4.07812e-10 2.75877e-10 1.8461e-10 1.22278e-10 8.02135e-11 5.21406e-11 3.36002e-11 2.14751e-11 1.36185e-11 8.57213e-12 5.35747e-12 3.32569e-12 2.05108e-12 1.25714e-12 7.65941e-13 4.64004e-13 2.79551e-13 1.67535e-13 9.9894e-14 5.92714e-14 3.50025e-14 2.05766e-14 1.2043e-14 7.01854e-15 4.07355e-15 2.35489e-15 1.3561e-15 7.7802e-16 4.44751e-16 2.53348e-16 1.43825e-16 8.13797e-17 4.58985e-17 2.58061e-17 1.44652e-17 8.0843e-18 4.50514e-18 2.50354e-18 1.38744e-18 7.6686e-19 4.22756e-19 2.32468e-19 1.27515e-19 6.97771e-20 3.80925e-20 2.07476e-20 1.1275e-20 6.11384e-21 3.30808e-21 1.78618e-21 9.6246e-22 5.17565e-22 2.77775e-22 1.48793e-22 7.95522e-23 4.2454e-23 2.26151e-23 1.20256e-23 6.38348e-24 3.38274e-24 1.78958e-24 9.45194e-25 4.98415e-25 2.62406e-25 1.37938e-25 7.23987e-26 3.79427e-26 1.98558e-26 1.03758e-26 5.41422e-27 2.82129e-27 1.46813e-27 7.62947e-28 3.9596e-28 2.05231e-28 1.06237e-28 5.49244e-29 2.83606e-29
2.89475e-10 1.08635e-09 2.42349e-09 4.13751e-09 5.94856e-09 7.56407e-09 8.75942e-09 9.41656e-09 9.52393e-09 9.1516e-09 8.417e-09 7.45265e-09 6.38208e-09 5.3057e-09 4.29537e-09 3.39519e-09 2.62598e-09 1.99114e-09 1.48253e-09 1.08546e-09 7.82487e-10 5.55992e-10 3.89777e-10 2.69834e-10 1.8461e-10 1.2491e-10 8.3637e-11 5.54518e-11 3.64232e-11 2.37136e-11 1.53097e-11 9.80539e-12 6.2324e-12 3.93271e-12 2.46442e-12 1.5341e-12 9.48928e-13 5.83399e-13 3.56581e-13 2.16726e-13 1.31013e-13 7.87883e-14 4.71445e-14 2.80738e-14 1.66398e-14 9.81833e-15 5.76816e-15 3.37449e-15 1.96612e-15 1.14104e-15 6.59673e-16 3.79969e-16 2.18075e-16 1.24723e-16 7.10915e-17 4.03885e-17 2.28721e-17 1.29123e-17 7.26747e-18 4.07833e-18 2.2821e-18 1.27341e-18 7.08632e-19 3.93293e-19 2.17713e-19 1.20214e-19 6.62139e-20 3.63828e-20 1.99443e-20 1.09079e-20 5.95232e-21 3.24097e-21 1.76087e-21 9.54698e-22 5.16546e-22 2.78918e-22 1.50309e-22 8.08449e-23 4.34008e-23 2.32561e-23 1.2439e-23 6.64136e-24 3.53973e-24 1.88338e-24 1.0004e-24 5.30509e-25 2.80871e-25 1.48468e-25 7.83568e-26 4.12911e-26 2.1726e-26 1.14146e-26 5.98843e-27 3.1372e-27 1.6412e-27 8.57396e-28 4.47313e-28 2.33057e-28 1.21267e-28 6.30173e-29 3.2706e-29
1.26963e-10 4.93303e-10 1.13348e-09 1.98655e-09 2.92497e-09 3.80203e-09 4.49414e-09 4.92547e-09 5.07354e-09 4.96077e-09 4.6391e-09 4.17365e-09 3.62939e-09 3.06228e-09 2.5149e-09 2.01561e-09 1.58007e-09 1.21386e-09 9.15371e-10 6.7857e-10 4.95121e-10 3.55988e-10 2.52463e-10 1.76761e-10 1.22278e-10 8.3637e-11 5.66001e-11 3.79196e-11 2.51636e-11 1.65486e-11 1.079e-11 6.97818e-12 4.47801e-12 2.85239e-12 1.80407e-12 1.13333e-12 7.07361e-13 4.38756e-13 2.70527e-13 1.65846e-13 1.01112e-13 6.13188e-14 3.69965e-14 2.22118e-14 1.3272e-14 7.89392e-15 4.6743e-15 2.75596e-15 1.61816e-15 9.46275e-16 5.51211e-16 3.19869e-16 1.8494e-16 1.06547e-16 6.11709e-17 3.50015e-17 1.99621e-17 1.13487e-17 6.43185e-18 3.63427e-18 2.0475e-18 1.15023e-18 6.44371e-19 3.60001e-19 2.00595e-19 1.11484e-19 6.18021e-20 3.41762e-20 1.88537e-20 1.03764e-20 5.69762e-21 3.1215e-21 1.70638e-21 9.30792e-22 5.06656e-22 2.75218e-22 1.49197e-22 8.0721e-23 4.35882e-23 2.34923e-23 1.26378e-23 6.78621e-24 3.6375e-24 1.94633e-24 1.03963e-24 5.54383e-25 2.95134e-25 1.56863e-25 8.32388e-26 4.41011e-26 2.33294e-26 1.23225e-26 6.49901e-27 3.42263e-27 1.79989e-27 9.45192e-28 4.95666e-28 2.59576e-28 1.35755e-28 7.09041e-29 3.69847e-29
5.56854e-11 2.23743e-10 5.29063e-10 9.51202e-10 1.43343e-09 1.90366e-09 2.29574e-09 2.56398e-09 2.68868e-09 2.67404e-09 2.54167e-09 2.32265e-09 2.05035e-09 1.75524e-09 1.46184e-09 1.18764e-09 9.43371e-10 7.34072e-10 5.60513e-10 4.20594e-10 3.1055e-10 2.25885e-10 1.6202e-10 1.14702e-10 8.02135e-11 5.54518e-11 3.79196e-11 2.56658e-11 1.7204e-11 1.14262e-11 7.52279e-12 4.91181e-12 3.18172e-12 2.04549e-12 1.30555e-12 8.27539e-13 5.21083e-13 3.26038e-13 2.02761e-13 1.25359e-13 7.70692e-14 4.7125e-14 2.8665e-14 1.73486e-14 1.04488e-14 6.26365e-15 3.73781e-15 2.22075e-15 1.31382e-15 7.74077e-16 4.54255e-16 2.65544e-16 1.54647e-16 8.97357e-17 5.18861e-17 2.98981e-17 1.71706e-17 9.82906e-18 5.60874e-18 3.19065e-18 1.80963e-18 1.02337e-18 5.77077e-19 3.24511e-19 1.81989e-19 1.01792e-19 5.67882e-20 3.16014e-20 1.75422e-20 9.71441e-21 5.36692e-21 2.95825e-21 1.62691e-21 8.92767e-22 4.88849e-22 2.67112e-22 1.45652e-22 7.92607e-23 4.30465e-23 2.33332e-23 1.26236e-23 6.81678e-24 3.67435e-24 1.97698e-24 1.06183e-24 5.69325e-25 3.04738e-25 1.62843e-25 8.68761e-26 4.62737e-26 2.46083e-26 1.30664e-26 6.92736e-27 3.66716e-27 1.93844e-27 1.02316e-27 5.39288e-28 2.83849e-28 1.49196e-28 7.83139e-29 4.10526e-29
2.44234e-11 1.01371e-10 2.46475e-10 4.54285e-10 7.00274e-10 9.49677e-10 1.16791e-09 1.32866e-09 1.41785e-09 1.43381e-09 1.38472e-09 1.28489e-09 1.15107e-09 9.99494e-10 8.4394e-10 6.94834e-10 5.59103e-10 4.4056e-10 3.40539e-10 2.58597e-10 1.93173e-10 1.42115e-10 1.03074e-10 7.3769e-11 5.21406e-11 3.64232e-11 2.51636e-11 1.7204e-11 1.16463e-11 7.81037e-12 5.19142e-12 3.42151e-12 2.23688e-12 1.45117e-12 9.3454e-13 5.97607e-13 3.7958e-13 2.39541e-13 1.5023e-13 9.36574e-14 5.80541e-14 3.57868e-14 2.19431e-14 1.33857e-14 8.12517e-15 4.90843e-15 2.95149e-15 1.76683e-15 1.05309e-15 6.25044e-16 3.69479e-16 2.17547e-16 1.27601e-16 7.45661e-17 4.3417e-17 2.51915e-17 1.45668e-17 8.39529e-18 4.82284e-18 2.76187e-18 1.57679e-18 8.97527e-19 5.09398e-19 2.88293e-19 1.62707e-19 9.15815e-20 5.14117e-20 2.8787e-20 1.60782e-20 8.95801e-21 4.97897e-21 2.76088e-21 1.52741e-21 8.43112e-22 4.64364e-22 2.55209e-22 1.39963e-22 7.66012e-23 4.18385e-23 2.28063e-23 1.24076e-23 6.73738e-24 3.65158e-24 1.97549e-24 1.0668e-24 5.75079e-25 3.09469e-25 1.66252e-25 8.91638e-26 4.77417e-26 2.55215e-26 1.36215e-26 7.25887e-27 3.86231e-27 2.05197e-27 1.08856e-27 5.76639e-28 3.05023e-28 1.6112e-28 8.49893e-29 4.47701e-29
1.0712e-11 4.58809e-11 1.1462e-10 2.16437e-10 3.41091e-10 4.72134e-10 5.91851e-10 6.85569e-10 7.44216e-10 7.64967e-10 7.50394e-10 7.06808e-10 6.42399e-10 5.65629e-10 4.84078e-10 4.03791e-10 3.2906e-10 2.62509e-10 2.05361e-10 1.57783e-10 1.19218e-10 8.86916e-11 6.50327e-11 4.70431e-11 3.36002e-11 2.37136e-11 1.65486e-11 1.14262e-11 7.81037e-12 5.28801e-12 3.54791e-12 2.35996e-12 1.55692e-12 1.0191e-12 6.62079e-13 4.27058e-13 2.73576e-13 1.74103e-13 1.101e-13 6.9203e-14 4.32436e-14 2.68703e-14 1.6606e-14 1.0209e-14 6.24465e-15 3.80112e-15 2.30285e-15 1.38879e-15 8.33852e-16 4.98519e-16 2.96806e-16 1.76001e-16 1.03959e-16 6.11737e-17 3.58647e-17 2.09515e-17 1.2197e-17 7.0765e-18 4.09217e-18 2.35883e-18 1.35544e-18 7.76505e-19 4.43524e-19 2.526e-19 1.43457e-19 8.12481e-20 4.58918e-20 2.58533e-20 1.45272e-20 8.14246e-21 4.55265e-21 2.5394e-21 1.41312e-21 7.84561e-22 4.3461e-22 2.40224e-22 1.32494e-22 7.29223e-23 4.00521e-23 2.19538e-23 1.20097e-23 6.55702e-24 3.57315e-24 1.94349e-24 1.05515e-24 5.71824e-25 3.09343e-25 1.67057e-25 9.00627e-26 4.84728e-26 2.60456e-26 1.39723e-26 7.48362e-27 4.00198e-27 2.13684e-27 1.13923e-27 6.06464e-28 3.22377e-28 1.71119e-28 9.07024e-29 4.80103e-29
4.69826e-12 2.07461e-11 5.32128e-11 1.02883e-10 1.65675e-10 2.33959e-10 2.98826e-10 3.52313e-10 3.88915e-10 4.06198e-10 4.04602e-10 3.86741e-10 3.56508e-10 3.18222e-10 2.75966e-10 2.33165e-10 1.92392e-10 1.55351e-10 1.22973e-10 9.55742e-11 7.30293e-11 5.49285e-11 4.07101e-11 2.97595e-11 2.14751e-11 1.53097e-11 1.079e-11 7.52279e-12 5.19142e-12 3.54791e-12 2.40244e-12 1.61256e-12 1.07336e-12 7.08774e-13 4.64465e-13 3.02153e-13 1.95192e-13 1.25252e-13 7.98558e-14 5.05988e-14 3.18704e-14 1.99592e-14 1.24308e-14 7.70084e-15 4.74617e-15 2.91064e-15 1.77642e-15 1.07916e-15 6.52633e-16 3.9297e-16 2.35621e-16 1.40698e-16 8.36826e-17 4.95798e-17 2.92648e-17 1.72108e-17 1.0086e-17 5.89031e-18 3.42846e-18 1.98902e-18 1.15026e-18 6.63143e-19 3.81156e-19 2.18432e-19 1.24819e-19 7.11251e-20 4.04179e-20 2.29066e-20 1.29482e-20 7.30044e-21 4.10582e-21 2.3035e-21 1.28925e-21 7.19896e-22 4.01057e-22 2.22929e-22 1.23644e-22 6.84296e-23 3.77919e-23 2.08284e-23 1.1456e-23 6.28847e-24 3.44517e-24 1.88385e-24 1.02818e-24 5.6013e-25 3.04596e-25 1.65345e-25 8.95981e-26 4.8469e-26 2.61757e-26 1.41129e-26 7.59675e-27 4.0827e-27 2.19071e-27 1.17369e-27 6.27859e-28 3.35369e-28 1.78874e-28 9.52672e-29 5.06667e-29
2.06064e-12 9.37233e-12 2.4665e-11 4.87998e-11 8.02587e-11 1.15577e-10 1.50354e-10 1.80359e-10 2.02393e-10 2.14725e-10 2.17114e-10 2.10542e-10 1.96797e-10 1.78034e-10 1.5641e-10 1.33826e-10 1.11782e-10 9.13402e-11 7.31453e-11 5.74941e-11 4.44189e-11 3.37713e-11 2.52947e-11 1.86823e-11 1.36185e-11 9.80539e-12 6.97818e-12 4.91181e-12 3.42151e-12 2.35996e-12 1.61256e-12 1.09207e-12 7.33309e-13 4.88423e-13 3.228e-13 2.11761e-13 1.37933e-13 8.92326e-14 5.735e-14 3.66276e-14 2.32515e-14 1.46743e-14 9.20924e-15 5.74822e-15 3.56918e-15 2.20498e-15 1.35556e-15 8.29423e-16 5.05177e-16 3.06326e-16 1.84951e-16 1.11203e-16 6.65913e-17 3.97202e-17 2.36018e-17 1.39723e-17 8.24182e-18 4.84453e-18 2.8379e-18 1.65689e-18 9.64239e-19 5.59373e-19 3.23504e-19 1.86532e-19 1.07239e-19 6.14764e-20 3.51439e-20 2.00358e-20 1.13921e-20 6.46054e-21 3.65449e-21 2.06206e-21 1.16069e-21 6.51773e-22 3.65141e-22 2.04095e-22 1.13823e-22 6.33397e-23 3.51712e-23 1.94887e-23 1.07766e-23 5.94703e-24 3.27533e-24 1.80038e-24 9.87741e-25 5.40887e-25 2.95644e-25 1.61304e-25 8.7852e-26 4.77639e-26 2.5924e-26 1.40467e-26 7.59847e-27 4.10367e-27 2.2127e-27 1.19122e-27 6.40305e-28 3.43655e-28 1.84165e-28 9.85492e-29 5.26586e-29
9.0379e-13 4.23049e-12 1.14155e-11 2.30996e-11 3.87826e-11 5.69292e-11 7.54005e-11 9.19942e-11 1.04909e-10 1.13025e-10 1.15977e-10 1.14068e-10 1.08085e-10 9.90763e-11 8.81594e-11 7.63681e-11 6.45596e-11 5.33735e-11 4.32308e-11 3.43599e-11 2.68351e-11 2.06197e-11 1.5605e-11 1.16432e-11 8.57213e-12 6.2324e-12 4.47801e-12 3.18172e-12 2.23688e-12 1.55692e-12 1.07336e-12 7.33309e-13 4.96673e-13 3.33634e-13 2.22352e-13 1.47074e-13 9.65797e-14 6.2983e-14 4.08006e-14 2.62621e-14 1.68002e-14 1.06838e-14 6.75538e-15 4.24795e-15 2.65703e-15 1.6534e-15 1.02376e-15 6.30853e-16 3.86932e-16 2.36255e-16 1.43623e-16 8.69414e-17 5.2413e-17 3.14712e-17 1.88235e-17 1.12163e-17 6.65885e-18 3.93911e-18 2.32213e-18 1.36428e-18 7.98886e-19 4.66305e-19 2.71327e-19 1.57394e-19 9.10303e-20 5.24951e-20 3.01866e-20 1.73103e-20 9.89951e-21 5.64639e-21 3.21218e-21 1.82275e-21 1.03175e-21 5.82598e-22 3.28193e-22 1.84449e-22 1.03427e-22 5.78658e-23 3.23041e-23 1.79954e-23 1.00035e-23 5.54937e-24 3.07226e-24 1.6975e-24 9.36087e-25 5.15219e-25 2.83043e-25 1.55207e-25 8.49542e-26 4.6418e-26 2.5318e-26 1.37856e-26 7.49361e-27 4.06664e-27 2.2033e-27 1.19183e-27 6.43679e-28 3.47098e-28 1.86884e-28 1.00471e-28 5.39346e-29
