0.630569 0.0284235 0.0203993 0.0146404 0.0105073 0.00754096 0.00541208 0.0038842 0.00278765 0.00200067 0.00143586 0.0010305 0.000739583 0.000530792 0.000380944 0.0002734 0.000196216 0.000140823 0.000101067 7.25349e-05 5.20576e-05 3.73612e-05 2.68138e-05 1.9244e-05 1.38112e-05 9.9122e-06 7.11389e-06 5.10557e-06 3.66422e-06 2.62977e-06 1.88736e-06 1.35454e-06 9.72143e-07 6.97697e-07 5.00731e-07 3.5937e-07 2.57916e-07 1.85104e-07 1.32847e-07 9.53433e-08 6.8427e-08 4.91094e-08 3.52453e-08 2.52952e-08 1.81541e-08 1.30291e-08 9.35083e-09 6.711e-09 4.81642e-09 3.4567e-09 2.48084e-09 1.78048e-09 1.27783e-09 9.17087e-10 6.58184e-10 4.72373e-10 3.39017e-10 2.43309e-10 1.74621e-10 1.25324e-10 8.99436e-11 6.45517e-11 4.63281e-11 3.32493e-11 2.38627e-11 1.7126e-11 1.22912e-11 8.82126e-12 6.33093e-12 4.54365e-12 3.26093e-12 2.34034e-12 1.67964e-12 1.20546e-12 8.65148e-13 6.20909e-13 4.4562e-13 3.19817e-13 2.2953e-13 1.64731e-13 1.18226e-13 8.48498e-14 6.08959e-14 4.37044e-14 3.13662e-14 2.25112e-14 1.61561e-14 1.15951e-14 8.32168e-15 5.97239e-15 4.28633e-15 3.07625e-15 2.2078e-15 1.58452e-15 1.13719e-15 8.16152e-16 5.85744e-16 4.20383e-16 3.01705e-16 2.16531e-16 1.55402e-16
0.0284235 0.0080696 0.00620118 0.00474457 0.00361617 0.00274674 0.00208001 0.00157082 0.00118335 0.000889459 0.000667195 0.000499536 0.000373367 0.000278622 0.000207616 0.000154495 0.00011482 8.52338e-05 6.32013e-05 4.68158e-05 3.46448e-05 2.56146e-05 1.89219e-05 1.39666e-05 1.03011e-05 7.59206e-06 5.59163e-06 4.1156e-06 3.02732e-06 2.2255e-06 1.63512e-06 1.20072e-06 8.81269e-07 6.46491e-07 4.74037e-07 3.4743e-07 2.54527e-07 1.86389e-07 1.36438e-07 9.98352e-08 7.30251e-08 5.33957e-08 3.90295e-08 2.85191e-08 2.08325e-08 1.5213e-08 1.1106e-08 8.10547e-09 5.91395e-09 4.31381e-09 3.14581e-09 2.29348e-09 1.67167e-09 1.21816e-09 8.87482e-10 6.46425e-10 4.70742e-10 3.42734e-10 2.49484e-10 1.81569e-10 1.32117e-10 9.61155e-11 6.99117e-11 5.08427e-11 3.69686e-11 2.6876e-11 1.95355e-11 1.41976e-11 1.03166e-11 7.49541e-12 5.44488e-12 3.95474e-12 2.87201e-12 2.08543e-12 1.51407e-12 1.0991e-12 7.97766e-13 5.78972e-13 4.20133e-13 3.04834e-13 2.21151e-13 1.60422e-13 1.16356e-13 8.43856e-14 6.11927e-14 4.43696e-14 3.21681e-14 2.33196e-14 1.69034e-14 1.22514e-14 8.87877e-15 6.43399e-15 4.66196e-15 3.37767e-15 2.44696e-15 1.77255e-15 1.28391e-15 9.29891e-16 6.73434e-16 4.87666e-16 3.53114e-16
0.0203993 0.00620118 0.00486089 0.00378903 0.0029392 0.00227026 0.00174695 0.00133974 0.00102434 0.000781056 0.000594074 0.000450833 0.000341419 0.000258066 0.000194719 0.000146682 0.000110327 8.28657e-05 6.21573e-05 4.65663e-05 3.48454e-05 2.60461e-05 1.94488e-05 1.45083e-05 1.08129e-05 8.05167e-06 5.99059e-06 4.45358e-06 3.30843e-06 2.45597e-06 1.82191e-06 1.35066e-06 1.00068e-06 7.40938e-07 5.483e-07 4.05523e-07 2.99766e-07 2.21476e-07 1.63553e-07 1.20721e-07 8.90659e-08 6.56822e-08 4.84172e-08 3.56758e-08 2.62769e-08 1.93468e-08 1.42391e-08 1.04761e-08 7.70484e-09 5.66476e-09 4.16349e-09 3.0591e-09 2.24697e-09 1.64994e-09 1.21119e-09 8.88864e-10 6.52134e-10 4.78323e-10 3.50745e-10 2.57129e-10 1.88453e-10 1.38086e-10 1.01156e-10 7.40856e-11 5.42474e-11 3.97126e-11 2.90659e-11 2.12691e-11 1.55605e-11 1.13818e-11 8.32368e-12 6.08604e-12 4.44911e-12 3.25186e-12 2.37636e-12 1.73626e-12 1.26837e-12 9.26404e-13 6.76525e-13 4.93966e-13 3.60613e-13 2.63219e-13 1.921e-13 1.40176e-13 1.02271e-13 7.46056e-14 5.44161e-14 3.96848e-14 2.89375e-14 2.10979e-14 1.53801e-14 1.12105e-14 8.17023e-15 5.95374e-15 4.33802e-15 3.16039e-15 2.30218e-15 1.67682e-15 1.22119e-15 8.89263e-16 6.47485e-16
0.0146404 0.00474457 0.00378903 0.00300503 0.00236908 0.00185805 0.00145063 0.00112799 0.000873946 0.000674927 0.000519702 0.000399112 0.000305756 0.000233713 0.000178277 0.00013573 0.000103155 7.82682e-05 5.92941e-05 4.4855e-05 3.3886e-05 2.55669e-05 1.92669e-05 1.45029e-05 1.09051e-05 8.19142e-06 6.1471e-06 4.60873e-06 3.45232e-06 2.58391e-06 1.93239e-06 1.44405e-06 1.07833e-06 8.04665e-07 6.00049e-07 4.47174e-07 3.3304e-07 2.47889e-07 1.84402e-07 1.37099e-07 1.01876e-07 7.56625e-08 5.6166e-08 4.16731e-08 3.09055e-08 2.29096e-08 1.6975e-08 1.25724e-08 9.30776e-09 6.88809e-09 5.09546e-09 3.76794e-09 2.78526e-09 2.05812e-09 1.52029e-09 1.12262e-09 8.28702e-10 6.11539e-10 4.51142e-10 3.32714e-10 2.45301e-10 1.80801e-10 1.33223e-10 9.81382e-11 7.22736e-11 5.32116e-11 3.91671e-11 2.88222e-11 2.12043e-11 1.55962e-11 1.14686e-11 8.4314e-12 6.19715e-12 4.55395e-12 3.34572e-12 2.45753e-12 1.80476e-12 1.3251e-12 9.72729e-13 7.1392e-13 5.23871e-13 3.84341e-13 2.81921e-13 2.06757e-13 1.51606e-13 1.11146e-13 8.14699e-14 5.97073e-14 4.37507e-14 3.20532e-14 2.34795e-14 1.71964e-14 1.25927e-14 9.22003e-15 6.74965e-15 4.94045e-15 3.61566e-15 2.64574e-15 1.93574e-15 1.41607e-15 1.03577e-15
0.0105073 0.00361617 0.0029392 0.00236908 0.00189602 0.00150814 0.00119322 0.00093963 0.000736842 0.000575659 0.000448218 0.000347923 0.000269318 0.000207939 0.000160171 0.000123109 9.44319e-05 7.22992e-05 5.52571e-05 4.2163e-05 3.21223e-05 2.44374e-05 1.85657e-05 1.40867e-05 1.06753e-05 8.08068e-06 6.10998e-06 4.61508e-06 3.48246e-06 2.62532e-06 1.97736e-06 1.48803e-06 1.11886e-06 8.40617e-07 6.31084e-07 4.73432e-07 3.54913e-07 2.65884e-07 1.99057e-07 1.48932e-07 1.11361e-07 8.32197e-08 6.21542e-08 4.63955e-08 3.46139e-08 2.58108e-08 1.92369e-08 1.43304e-08 1.06703e-08 7.94145e-09 5.90784e-09 4.39309e-09 3.26536e-09 2.42613e-09 1.80188e-09 1.33773e-09 9.92769e-10 7.36494e-10 5.46179e-10 4.04902e-10 3.00066e-10 2.223e-10 1.64635e-10 1.2189e-10 9.02146e-11 6.67508e-11 4.9375e-11 3.65118e-11 2.69921e-11 1.99489e-11 1.47395e-11 1.08877e-11 8.04029e-12 5.93607e-12 4.38145e-12 3.23319e-12 2.38528e-12 1.75933e-12 1.29734e-12 9.5645e-13 7.04977e-13 5.19509e-13 3.82753e-13 2.81937e-13 2.07634e-13 1.52881e-13 1.12545e-13 8.28345e-14 6.09557e-14 4.48471e-14 3.29894e-14 2.42625e-14 1.7841e-14 1.31167e-14 9.64176e-15 7.08619e-15 5.20711e-15 3.82568e-15 2.81028e-15 2.06406e-15 1.51574e-15
0.00754096 0.00274674 0.00227026 0.00185805 0.00150814 0.00121549 0.000973638 0.000775728 0.000615117 0.000485697 0.00038205 0.000299487 0.000234033 0.000182361 0.000141725 0.000109876 8.49936e-05 6.56088e-05 5.05466e-05 3.88714e-05 2.9842e-05 2.28733e-05 1.75054e-05 1.33782e-05 1.02102e-05 7.78246e-06 5.92475e-06 4.50528e-06 3.42212e-06 2.59664e-06 1.96831e-06 1.49059e-06 1.12777e-06 8.52519e-07 6.439e-07 4.85937e-07 3.66439e-07 2.76119e-07 2.0791e-07 1.56442e-07 1.17635e-07 8.83964e-08 6.63836e-08 4.9822e-08 3.73702e-08 2.80145e-08 2.09893e-08 1.57174e-08 1.17635e-08 8.79976e-09 6.57949e-09 4.91707e-09 3.67298e-09 2.74242e-09 2.04672e-09 1.52685e-09 1.13855e-09 8.48658e-10 6.32325e-10 4.70955e-10 3.50634e-10 2.60957e-10 1.94145e-10 1.44388e-10 1.07346e-10 7.97804e-11 5.92739e-11 4.40241e-11 3.26874e-11 2.42626e-11 1.80038e-11 1.33555e-11 9.90449e-12 7.34312e-12 5.44263e-12 4.03291e-12 2.98753e-12 2.21255e-12 1.63818e-12 1.21261e-12 8.97371e-13 6.63924e-13 4.9109e-13 3.63163e-13 2.68499e-13 1.98466e-13 1.46667e-13 1.08364e-13 8.00466e-14 5.91167e-14 4.36503e-14 3.22237e-14 2.37835e-14 1.75506e-14 1.29486e-14 9.5515e-15 7.0443e-15 5.19426e-15 3.8294e-15 2.82267e-15 2.08023e-15
0.00541208 0.00208001 0.00174695 0.00145063 0.00119322 0.000973638 0.000788987 0.000635514 0.000509186 0.00040605 0.00032244 0.000255073 0.000201084 0.000158022 0.000123824 9.67676e-05 7.54371e-05 5.86739e-05 4.55385e-05 3.52733e-05 2.72711e-05 2.10473e-05 1.6217e-05 1.24759e-05 9.58358e-06 7.35154e-06 5.63186e-06 4.30901e-06 3.29292e-06 2.51355e-06 1.91654e-06 1.4598e-06 1.11079e-06 8.44411e-07 6.4132e-07 4.86643e-07 3.68957e-07 2.79502e-07 2.11568e-07 1.60023e-07 1.20948e-07 9.13487e-08 6.89459e-08 5.20027e-08 3.91979e-08 2.95277e-08 2.22297e-08 1.67256e-08 1.25772e-08 9.4525e-09 7.10027e-09 5.33061e-09 3.99999e-09 3.00003e-09 2.24897e-09 1.68515e-09 1.2621e-09 9.44838e-10 7.07021e-10 5.28839e-10 3.95399e-10 2.9551e-10 2.20769e-10 1.64868e-10 1.23075e-10 9.18432e-11 6.85119e-11 5.10897e-11 3.80847e-11 2.83806e-11 2.11422e-11 1.57448e-11 1.17216e-11 8.72375e-12 6.49063e-12 4.82771e-12 3.58978e-12 2.66853e-12 1.98313e-12 1.47337e-12 1.09435e-12 8.12615e-13 6.03253e-13 4.47716e-13 3.32198e-13 2.46424e-13 1.82753e-13 1.355e-13 1.00442e-13 7.44372e-14 5.51526e-14 4.0855e-14 3.02572e-14 2.24036e-14 1.6585e-14 1.2275e-14 9.08315e-15 6.71992e-15 4.97056e-15 3.67588e-15 2.71789e-15
0.0038842 0.00157082 0.00133974 0.00112799 0.00093963 0.000775728 0.000635514 0.000517187 0.000418438 0.000336796 0.000269832 0.000215285 0.000171117 0.000135545 0.00010703 8.42694e-05 6.61717e-05 5.18318e-05 4.05057e-05 3.15863e-05 2.45813e-05 1.90935e-05 1.48044e-05 1.14595e-05 8.85617e-06 6.83395e-06 5.26594e-06 4.05217e-06 3.11413e-06 2.39028e-06 1.83252e-06 1.40332e-06 1.07348e-06 8.20319e-07 6.26237e-07 4.77617e-07 3.63933e-07 2.77063e-07 2.10749e-07 1.60175e-07 1.21641e-07 9.23064e-08 6.99941e-08 5.30371e-08 4.01603e-08 3.03894e-08 2.29807e-08 1.73672e-08 1.31169e-08 9.90086e-09 7.46902e-09 5.63131e-09 4.24344e-09 3.19591e-09 2.40573e-09 1.81e-09 1.36113e-09 1.02308e-09 7.68628e-10 5.77199e-10 4.33253e-10 3.25063e-10 2.43787e-10 1.82756e-10 1.36949e-10 1.02582e-10 7.68101e-11 5.74909e-11 4.30149e-11 3.21722e-11 2.4054e-11 1.79781e-11 1.34323e-11 1.00326e-11 7.49088e-12 5.5913e-12 4.17211e-12 3.11218e-12 2.32082e-12 1.73017e-12 1.28947e-12 9.60739e-13 7.15614e-13 5.32883e-13 3.96704e-13 2.95247e-13 2.1968e-13 1.63412e-13 1.21525e-13 9.03524e-14 6.71594e-14 4.99079e-14 3.7079e-14 2.75414e-14 2.04524e-14 1.51846e-14 1.12711e-14 8.36435e-15 6.20591e-15 4.60348e-15 3.41409e-15
0.00278765 0.00118335 0.00102434 0.000873946 0.000736842 0.000615117 0.000509186 0.000418438 0.000341681 0.000277439 0.000224149 0.000180282 0.00014441 0.000115249 9.16647e-05 7.268e-05 5.74618e-05 4.53091e-05 3.56381e-05 2.79665e-05 2.18989e-05 1.71129e-05 1.33473e-05 1.03915e-05 8.07651e-06 6.26712e-06 4.85565e-06 3.75658e-06 2.90227e-06 2.23927e-06 1.72555e-06 1.32808e-06 1.02099e-06 7.84034e-07 6.01433e-07 4.60889e-07 3.5284e-07 2.69867e-07 2.06218e-07 1.57442e-07 1.20101e-07 9.15414e-08 6.97179e-08 5.30565e-08 4.03469e-08 3.06599e-08 2.32825e-08 1.76683e-08 1.3399e-08 1.01549e-08 7.69153e-09 5.8222e-09 4.40461e-09 3.33028e-09 2.5166e-09 1.9007e-09 1.43477e-09 1.08251e-09 8.16323e-10 6.15292e-10 4.63547e-10 3.49064e-10 2.62735e-10 1.9767e-10 1.48653e-10 1.11743e-10 8.39636e-11 6.30644e-11 4.73484e-11 3.55351e-11 2.66591e-11 1.99926e-11 1.49878e-11 1.12318e-11 8.4141e-12 6.30112e-12 4.71717e-12 3.53022e-12 2.64108e-12 1.97525e-12 1.47682e-12 1.10382e-12 8.24782e-13 6.161e-13 4.60084e-13 3.43478e-13 2.56353e-13 1.91275e-13 1.42679e-13 1.06401e-13 7.93264e-14 5.91259e-14 4.40582e-14 3.28222e-14 2.44456e-14 1.82024e-14 1.35505e-14 1.0085e-14 7.5041e-15 5.58241e-15 4.1519e-15
0.00200067 0.000889459 0.000781056 0.000674927 0.000575659 0.000485697 0.00040605 0.000336796 0.000277439 0.000227163 0.000184998 0.000149934 0.000120988 9.72433e-05 7.78764e-05 6.21596e-05 4.94628e-05 3.92477e-05 3.10602e-05 2.45201e-05 1.93126e-05 1.51782e-05 1.19046e-05 9.31922e-06 7.28209e-06 5.68051e-06 4.42397e-06 3.44005e-06 2.67103e-06 2.07101e-06 1.60363e-06 1.24014e-06 9.57866e-07 7.38972e-07 5.69457e-07 4.38353e-07 3.37081e-07 2.58946e-07 1.9873e-07 1.52375e-07 1.16728e-07 8.93426e-08 6.83246e-08 5.22087e-08 3.98628e-08 3.04132e-08 2.31865e-08 1.76643e-08 1.3448e-08 1.02312e-08 7.77873e-09 5.91038e-09 4.48799e-09 3.40587e-09 2.58314e-09 1.95803e-09 1.48337e-09 1.12317e-09 8.49979e-10 6.42906e-10 4.86036e-10 3.67261e-10 2.77378e-10 2.09395e-10 1.58001e-10 1.19168e-10 8.98395e-11 6.77e-11 5.0995e-11 3.83961e-11 2.88983e-11 2.17413e-11 1.63505e-11 1.22917e-11 9.23697e-12 6.93889e-12 5.21069e-12 3.91155e-12 2.9353e-12 2.20196e-12 1.65128e-12 1.23792e-12 9.27737e-13 6.95058e-13 5.20574e-13 3.89774e-13 2.91752e-13 2.18317e-13 1.63318e-13 1.22141e-13 9.13197e-14 6.82574e-14 5.10055e-14 3.81039e-14 2.84583e-14 2.12489e-14 1.58618e-14 1.18376e-14 8.83211e-15 6.58812e-15 4.91309e-15
0.00143586 0.000667195 0.000594074 0.000519702 0.000448218 0.00038205 0.00032244 0.000269832 0.000224149 0.000184998 0.00015181 0.000123937 0.000100713 8.14972e-05 6.56946e-05 5.27698e-05 4.22501e-05 3.3726e-05 2.68464e-05 2.13145e-05 1.68813e-05 1.33397e-05 1.05184e-05 8.27704e-06 6.50083e-06 5.09654e-06 3.98874e-06 3.11665e-06 2.43145e-06 1.89408e-06 1.47339e-06 1.14459e-06 8.8802e-07 6.88106e-07 5.32564e-07 4.1171e-07 3.17932e-07 2.45255e-07 1.88999e-07 1.45504e-07 1.11912e-07 8.5997e-08 6.60244e-08 5.0647e-08 3.88189e-08 2.97293e-08 2.27503e-08 1.73966e-08 1.32929e-08 1.01501e-08 7.74494e-09 5.90575e-09 4.50037e-09 3.42725e-09 2.6084e-09 1.984e-09 1.50818e-09 1.14582e-09 8.70035e-10 6.60269e-10 5.00811e-10 3.79666e-10 2.87679e-10 2.17872e-10 1.64924e-10 1.24784e-10 9.43701e-11 7.13367e-11 5.39012e-11 4.07095e-11 3.07332e-11 2.31921e-11 1.74942e-11 1.31909e-11 9.94229e-12 7.49083e-12 5.6417e-12 4.24746e-12 3.19662e-12 2.40491e-12 1.80865e-12 1.35975e-12 1.02193e-12 7.67776e-13 5.76646e-13 4.32957e-13 3.2497e-13 2.43842e-13 1.82911e-13 1.37165e-13 1.0283e-13 7.7067e-14 5.77424e-14 4.32513e-14 3.2388e-14 2.42466e-14 1.81468e-14 1.35781e-14 1.01569e-14 7.59582e-15 5.67908e-15
0.0010305 0.000499536 0.000450833 0.000399112 0.000347923 0.000299487 0.000255073 0.000215285 0.000180282 0.000149934 0.000123937 0.000101891 8.3356e-05 6.789e-05 5.50696e-05 4.45042e-05 3.58428e-05 2.87757e-05 2.3034e-05 1.83875e-05 1.46406e-05 1.16293e-05 9.21649e-06 7.28874e-06 5.75262e-06 4.5316e-06 3.56331e-06 2.79712e-06 2.19209e-06 1.71527e-06 1.34017e-06 1.04561e-06 8.14692e-07 6.33944e-07 4.9268e-07 3.82436e-07 2.96519e-07 2.29648e-07 1.77669e-07 1.37312e-07 1.06018e-07 8.17764e-08 6.30195e-08 4.85213e-08 3.7326e-08 2.86897e-08 2.20336e-08 1.69083e-08 1.29653e-08 9.93439e-09 7.6065e-09 5.81999e-09 4.45002e-09 3.40026e-09 2.59645e-09 1.98141e-09 1.51113e-09 1.15177e-09 8.7736e-10 6.67945e-10 5.08231e-10 3.86497e-10 2.93764e-10 2.23165e-10 1.69447e-10 1.28595e-10 9.75451e-11 7.3957e-11 5.60468e-11 4.24546e-11 3.21444e-11 2.43274e-11 1.84035e-11 1.39163e-11 1.05188e-11 7.9476e-12 6.00251e-12 4.53171e-12 3.41999e-12 2.58004e-12 1.94566e-12 1.46674e-12 1.10531e-12 8.32653e-13 6.27042e-13 4.72044e-13 3.55243e-13 2.67256e-13 2.00998e-13 1.51119e-13 1.13583e-13 8.53443e-14 6.41072e-14 4.81405e-14 3.61401e-14 2.71234e-14 2.03506e-14 1.52648e-14 1.14469e-14 8.58153e-15 6.43175e-15
0.000739583 0.000373367 0.000341419 0.000305756 0.000269318 0.000234033 0.000201084 0.000171117 0.00014441 0.000120988 0.000100713 8.3356e-05 6.86344e-05 5.62488e-05 4.5902e-05 3.73123e-05 3.0221e-05 2.43961e-05 1.96331e-05 1.57547e-05 1.26085e-05 1.00652e-05 8.01588e-06 6.3696e-06 5.05078e-06 3.99705e-06 3.15718e-06 2.48932e-06 1.95938e-06 1.53976e-06 1.20812e-06 9.46509e-07 7.40495e-07 5.78533e-07 4.51406e-07 3.51773e-07 2.738e-07 2.12864e-07 1.65304e-07 1.28233e-07 9.93715e-08 7.69289e-08 5.9497e-08 4.5972e-08 3.54893e-08 2.73728e-08 2.10946e-08 1.62429e-08 1.2497e-08 9.60753e-09 7.38054e-09 5.66558e-09 4.34601e-09 3.33145e-09 2.55201e-09 1.95364e-09 1.49461e-09 1.14271e-09 8.73133e-10 6.66754e-10 5.08859e-10 3.88134e-10 2.95887e-10 2.25441e-10 1.71676e-10 1.30666e-10 9.94016e-11 7.55804e-11 5.74399e-11 4.36326e-11 3.31289e-11 2.51423e-11 1.90725e-11 1.44617e-11 1.09609e-11 8.30405e-12 6.2886e-12 4.76038e-12 3.60211e-12 2.72459e-12 2.06006e-12 1.55703e-12 1.17639e-12 8.8848e-13 6.70795e-13 5.06267e-13 3.81961e-13 2.8808e-13 2.172e-13 1.63707e-13 1.23348e-13 9.29094e-14 6.99604e-14 5.26637e-14 3.96314e-14 2.98152e-14 2.24238e-14 1.68599e-14 1.26729e-14 9.52307e-15 7.15414e-15
0.000530792 0.000278622 0.000258066 0.000233713 0.000207939 0.000182361 0.000158022 0.000135545 0.000115249 9.72433e-05 8.14972e-05 6.789e-05 5.62488e-05 4.63756e-05 3.80649e-05 3.1116e-05 2.534e-05 2.05645e-05 1.66352e-05 1.34163e-05 1.07899e-05 8.65486e-06 6.92515e-06 5.52824e-06 4.40343e-06 3.50019e-06 2.77675e-06 2.19872e-06 1.73791e-06 1.37136e-06 1.08037e-06 8.49803e-07 6.67458e-07 5.23496e-07 4.10026e-07 3.20733e-07 2.5057e-07 1.9552e-07 1.52387e-07 1.18636e-07 9.226e-08 7.16734e-08 5.56241e-08 4.31265e-08 3.34052e-08 2.58516e-08 1.99882e-08 1.54414e-08 1.19189e-08 9.19246e-09 7.08413e-09 5.45517e-09 4.19765e-09 3.22767e-09 2.48008e-09 1.90433e-09 1.46127e-09 1.12055e-09 8.58735e-10 6.57681e-10 5.03394e-10 3.85073e-10 2.94393e-10 2.2494e-10 1.71777e-10 1.31108e-10 1.00015e-10 7.62561e-11 5.81118e-11 4.42629e-11 3.3698e-11 2.56426e-11 1.95038e-11 1.48278e-11 1.12678e-11 8.55879e-12 6.49828e-12 4.93175e-12 3.74131e-12 2.83707e-12 2.15051e-12 1.62946e-12 1.23419e-12 9.3444e-13 7.07231e-13 5.35072e-13 4.04676e-13 3.05949e-13 2.31228e-13 1.74696e-13 1.31941e-13 9.96171e-14 7.51876e-14 5.67309e-14 4.27914e-14 3.2267e-14 2.43236e-14 1.83302e-14 1.38095e-14 1.04007e-14 7.83105e-15
0.000380944 0.000207616 0.000194719 0.000178277 0.000160171 0.000141725 0.000123824 0.00010703 9.16647e-05 7.78764e-05 6.56946e-05 5.50696e-05 4.5902e-05 3.80649e-05 3.1419e-05 2.5823e-05 2.11405e-05 1.72444e-05 1.40192e-05 1.13615e-05 9.18077e-06 7.39833e-06 5.94664e-06 4.76823e-06 3.81461e-06 3.04512e-06 2.42588e-06 1.9288e-06 1.53075e-06 1.2127e-06 9.59121e-07 7.57346e-07 5.97101e-07 4.70069e-07 3.6954e-07 2.90116e-07 2.27466e-07 1.78121e-07 1.39312e-07 1.08832e-07 8.49251e-08 6.61978e-08 5.15461e-08 4.00966e-08 3.11596e-08 2.41915e-08 1.87644e-08 1.45417e-08 1.12596e-08 8.71087e-09 6.73357e-09 5.20097e-09 4.01408e-09 3.09572e-09 2.38572e-09 1.83724e-09 1.41387e-09 1.08733e-09 8.35648e-10 6.41809e-10 4.92624e-10 3.77883e-10 2.89693e-10 2.21955e-10 1.69958e-10 1.3007e-10 9.94881e-11 7.6056e-11 5.81122e-11 4.4379e-11 3.38743e-11 2.58433e-11 1.97068e-11 1.50203e-11 1.14429e-11 8.71365e-12 6.63237e-12 5.04599e-12 3.83741e-12 2.91707e-12 2.21653e-12 1.68355e-12 1.27821e-12 9.70086e-13 7.35953e-13 5.58116e-13 4.23095e-13 3.20621e-13 2.42879e-13 1.83922e-13 1.39227e-13 1.05358e-13 7.97011e-14 6.02721e-14 4.55645e-14 3.44348e-14 2.60154e-14 1.96484e-14 1.48351e-14 1.11976e-14 8.4494e-15
0.0002734 0.000154495 0.000146682 0.00013573 0.000123109 0.000109876 9.67676e-05 8.42694e-05 7.268e-05 6.21596e-05 5.27698e-05 4.45042e-05 3.73123e-05 3.1116e-05 2.5823e-05 2.13354e-05 1.75559e-05 1.43915e-05 1.17564e-05 9.57259e-06 7.7708e-06 6.29025e-06 5.07821e-06 4.08942e-06 3.28536e-06 2.63348e-06 2.10647e-06 1.68153e-06 1.33973e-06 1.06547e-06 8.45868e-07 6.70414e-07 5.30506e-07 4.19155e-07 3.30692e-07 2.60532e-07 2.0498e-07 1.61064e-07 1.26398e-07 9.90737e-08 7.75658e-08 6.06587e-08 4.73854e-08 3.69776e-08 2.88265e-08 2.245e-08 1.74673e-08 1.35779e-08 1.05451e-08 8.18254e-09 6.34392e-09 4.91439e-09 3.80394e-09 2.94211e-09 2.27381e-09 1.75601e-09 1.35516e-09 1.04507e-09 8.05386e-10 6.20259e-10 4.77373e-10 3.6717e-10 2.82232e-10 2.1681e-10 1.66455e-10 1.27721e-10 9.79443e-11 7.50681e-11 5.75037e-11 4.40255e-11 3.36889e-11 2.5766e-11 1.96965e-11 1.50494e-11 1.14932e-11 8.77317e-12 6.69379e-12 5.10493e-12 3.89148e-12 2.96517e-12 2.25839e-12 1.71935e-12 1.30843e-12 9.9531e-13 7.56823e-13 5.75253e-13 4.37076e-13 3.31963e-13 2.52034e-13 1.9128e-13 1.45119e-13 1.10059e-13 8.34398e-14 6.32371e-14 4.79097e-14 3.62853e-14 2.74723e-14 2.07931e-14 1.57328e-14 1.19002e-14 8.99848e-15
0.000196216 0.00011482 0.000110327 0.000103155 9.44319e-05 8.49936e-05 7.54371e-05 6.61717e-05 5.74618e-05 4.94628e-05 4.22501e-05 3.58428e-05 3.0221e-05 2.534e-05 2.11405e-05 1.75559e-05 1.45175e-05 1.19581e-05 9.81433e-06 8.02779e-06 6.54584e-06 5.32177e-06 4.31465e-06 3.48904e-06 2.81449e-06 2.2651e-06 1.81894e-06 1.45761e-06 1.16575e-06 9.30562e-07 7.41486e-07 5.8981e-07 4.68387e-07 3.71375e-07 2.9401e-07 2.32424e-07 1.83481e-07 1.4465e-07 1.1389e-07 8.95587e-08 7.03409e-08 5.51827e-08 4.32424e-08 3.38489e-08 2.64681e-08 2.06757e-08 1.61349e-08 1.25793e-08 9.79819e-09 7.62504e-09 5.92868e-09 4.60579e-09 3.57511e-09 2.77285e-09 2.14893e-09 1.66412e-09 1.28773e-09 9.9575e-10 7.69428e-10 5.94136e-10 4.5847e-10 3.5355e-10 2.72465e-10 2.09845e-10 1.61517e-10 1.24245e-10 9.55179e-11 7.33907e-11 5.63576e-11 4.32539e-11 3.31791e-11 2.54375e-11 1.94921e-11 1.49287e-11 1.14281e-11 8.74399e-12 6.68712e-12 5.1117e-12 3.90563e-12 2.98278e-12 2.27698e-12 1.73743e-12 1.32516e-12 1.0103e-12 7.69929e-13 5.8651e-13 4.46608e-13 3.39944e-13 2.58655e-13 1.9673e-13 1.49574e-13 1.1368e-13 8.63684e-14 6.5595e-14 4.98007e-14 3.77963e-14 2.86759e-14 2.1749e-14 1.64899e-14 1.24985e-14 9.47014e-15
0.000140823 8.52338e-05 8.28657e-05 7.82682e-05 7.22992e-05 6.56088e-05 5.86739e-05 5.18318e-05 4.53091e-05 3.92477e-05 3.3726e-05 2.87757e-05 2.43961e-05 2.05645e-05 1.72444e-05 1.43915e-05 1.19581e-05 9.89604e-06 8.15894e-06 6.70336e-06 5.48959e-06 4.48194e-06 3.64881e-06 2.96257e-06 2.3993e-06 1.93847e-06 1.5626e-06 1.2569e-06 1.00894e-06 8.0831e-07 6.46373e-07 5.15961e-07 4.1116e-07 3.27113e-07 2.59839e-07 2.06092e-07 1.63227e-07 1.29098e-07 1.01968e-07 8.04365e-08 6.33725e-08 4.98687e-08 3.91969e-08 3.07743e-08 2.41354e-08 1.89088e-08 1.47989e-08 1.15709e-08 9.03839e-09 7.05357e-09 5.49964e-09 4.28429e-09 3.33466e-09 2.59337e-09 2.01523e-09 1.56474e-09 1.21403e-09 9.41213e-10 7.29173e-10 5.645e-10 4.36713e-10 3.37624e-10 2.60845e-10 2.01396e-10 1.55397e-10 1.19831e-10 9.23484e-11 7.11268e-11 5.47502e-11 4.21203e-11 3.23859e-11 2.48877e-11 1.91153e-11 1.46741e-11 1.12589e-11 8.63428e-12 6.61822e-12 5.07044e-12 3.88279e-12 2.97194e-12 2.27372e-12 1.73876e-12 1.32908e-12 1.01549e-12 7.75554e-13 5.92064e-13 4.518e-13 3.44626e-13 2.62771e-13 2.0028e-13 1.52591e-13 1.16214e-13 8.84755e-14 6.73333e-14 5.12248e-14 3.89562e-14 2.96156e-14 2.25068e-14 1.70986e-14 1.29856e-14 9.85874e-15
0.000101067 6.32013e-05 6.21573e-05 5.92941e-05 5.52571e-05 5.05466e-05 4.55385e-05 4.05057e-05 3.56381e-05 3.10602e-05 2.68464e-05 2.3034e-05 1.96331e-05 1.66352e-05 1.40192e-05 1.17564e-05 9.81433e-06 8.15894e-06 6.75658e-06 5.57518e-06 4.58494e-06 3.75876e-06 3.07239e-06 2.5044e-06 2.03609e-06 1.65126e-06 1.33603e-06 1.07858e-06 8.68904e-07 6.98582e-07 5.60569e-07 4.48998e-07 3.59004e-07 2.86566e-07 2.28376e-07 1.81721e-07 1.44382e-07 1.14552e-07 9.076e-08 7.18141e-08 5.67504e-08 4.47911e-08 3.53099e-08 2.78035e-08 2.18684e-08 1.71816e-08 1.34852e-08 1.05732e-08 8.2819e-09 6.48091e-09 5.06685e-09 3.95775e-09 3.0887e-09 2.40841e-09 1.8764e-09 1.46072e-09 1.13623e-09 8.83138e-10 6.85908e-10 5.32334e-10 4.1285e-10 3.19961e-10 2.47802e-10 1.91789e-10 1.48341e-10 1.14662e-10 8.85743e-11 6.83803e-11 5.27589e-11 4.06824e-11 3.13523e-11 2.41484e-11 1.85895e-11 1.43026e-11 1.09985e-11 8.45328e-12 6.49379e-12 4.98602e-12 3.82647e-12 2.93518e-12 2.25043e-12 1.72463e-12 1.32108e-12 1.01151e-12 7.74139e-13 5.92218e-13 4.52856e-13 3.46145e-13 2.64471e-13 2.01987e-13 1.54204e-13 1.17679e-13 8.97711e-14 6.84557e-14 5.21821e-14 3.97626e-14 3.0288e-14 2.30629e-14 1.75552e-14 1.33581e-14 1.01611e-14
7.25349e-05 4.68158e-05 4.65663e-05 4.4855e-05 4.2163e-05 3.88714e-05 3.52733e-05 3.15863e-05 2.79665e-05 2.45201e-05 2.13145e-05 1.83875e-05 1.57547e-05 1.34163e-05 1.13615e-05 9.57259e-06 8.02779e-06 6.70336e-06 5.57518e-06 4.61972e-06 3.8148e-06 3.13995e-06 2.57666e-06 2.10839e-06 1.72058e-06 1.40054e-06 1.13728e-06 9.21401e-07 7.44877e-07 6.00926e-07 4.83838e-07 3.88831e-07 3.11916e-07 2.49784e-07 1.99697e-07 1.594e-07 1.27041e-07 1.01102e-07 8.03449e-08 6.37627e-08 5.05363e-08 4.00026e-08 3.16257e-08 2.49733e-08 1.96976e-08 1.55191e-08 1.22139e-08 9.60253e-09 7.54184e-09 5.91754e-09 4.63862e-09 3.63273e-09 2.8424e-09 2.22206e-09 1.73561e-09 1.35453e-09 1.05626e-09 8.23019e-10 6.40786e-10 4.98527e-10 3.87565e-10 3.01085e-10 2.33738e-10 1.81331e-10 1.4058e-10 1.08916e-10 8.43294e-11 6.52523e-11 5.04598e-11 3.89973e-11 3.0121e-11 2.32516e-11 1.79387e-11 1.38322e-11 1.06599e-11 8.2108e-12 6.32107e-12 4.86378e-12 3.74058e-12 2.87535e-12 2.20918e-12 1.69655e-12 1.30226e-12 9.99151e-13 7.66246e-13 5.87372e-13 4.50059e-13 3.44698e-13 2.63892e-13 2.01946e-13 1.54477e-13 1.1812e-13 9.02833e-14 6.89802e-14 5.26837e-14 4.0222e-14 3.06967e-14 2.34185e-14 1.78596e-14 1.36155e-14 1.03762e-14
5.20576e-05 3.46448e-05 3.48454e-05 3.3886e-05 3.21223e-05 2.9842e-05 2.72711e-05 2.45813e-05 2.18989e-05 1.93126e-05 1.68813e-05 1.46406e-05 1.26085e-05 1.07899e-05 9.18077e-06 7.7708e-06 6.54584e-06 5.48959e-06 4.58494e-06 3.8148e-06 3.16275e-06 2.61346e-06 2.15283e-06 1.76819e-06 1.44826e-06 1.18312e-06 9.64132e-07 7.83831e-07 6.35826e-07 5.14671e-07 4.15758e-07 3.35205e-07 2.69758e-07 2.16705e-07 1.7379e-07 1.39146e-07 1.11233e-07 8.87859e-08 7.07655e-08 5.63237e-08 4.47686e-08 3.55378e-08 2.81747e-08 2.23099e-08 1.76451e-08 1.39398e-08 1.10003e-08 8.67141e-09 6.82844e-09 5.37173e-09 4.22163e-09 3.31461e-09 2.60004e-09 2.03768e-09 1.59555e-09 1.24828e-09 9.75784e-10 7.62151e-10 5.94817e-10 4.63864e-10 3.61467e-10 2.81467e-10 2.19015e-10 1.703e-10 1.32329e-10 1.02756e-10 7.9739e-11 6.1838e-11 4.79256e-11 3.71203e-11 2.87338e-11 2.22289e-11 1.71866e-11 1.32806e-11 1.02566e-11 7.91683e-12 6.10754e-12 4.70928e-12 3.62926e-12 2.79551e-12 2.15224e-12 1.65617e-12 1.27384e-12 9.79306e-13 7.52526e-13 5.77999e-13 4.43751e-13 3.40534e-13 2.61212e-13 2.00282e-13 1.535e-13 1.17598e-13 9.00558e-14 6.89369e-14 5.27499e-14 4.03482e-14 3.08505e-14 2.35796e-14 1.80157e-14 1.37597e-14 1.05053e-14
3.73612e-05 2.56146e-05 2.60461e-05 2.55669e-05 2.44374e-05 2.28733e-05 2.10473e-05 1.90935e-05 1.71129e-05 1.51782e-05 1.33397e-05 1.16293e-05 1.00652e-05 8.65486e-06 7.39833e-06 6.29025e-06 5.32177e-06 4.48194e-06 3.75876e-06 3.13995e-06 2.61346e-06 2.16782e-06 1.79243e-06 1.47758e-06 1.21457e-06 9.95709e-07 8.14211e-07 6.64192e-07 5.40573e-07 4.39003e-07 3.55776e-07 2.87755e-07 2.32296e-07 1.87185e-07 1.50572e-07 1.20917e-07 9.69466e-08 7.76078e-08 6.20341e-08 4.95144e-08 3.94667e-08 3.14159e-08 2.49751e-08 1.98299e-08 1.57257e-08 1.24563e-08 9.85545e-09 7.78907e-09 6.14937e-09 4.84982e-09 3.82106e-09 3.00757e-09 2.36502e-09 1.85803e-09 1.45841e-09 1.14373e-09 8.96181e-10 7.01628e-10 5.48864e-10 4.29021e-10 3.35085e-10 2.6152e-10 2.03954e-10 1.58946e-10 1.23782e-10 9.63313e-11 7.49177e-11 5.82257e-11 4.52236e-11 3.51028e-11 2.72301e-11 2.11102e-11 1.63561e-11 1.26652e-11 9.80161e-12 7.58123e-12 5.86063e-12 4.52808e-12 3.49667e-12 2.6988e-12 2.08193e-12 1.60525e-12 1.23711e-12 9.5293e-13 7.33685e-13 5.6462e-13 4.34314e-13 3.3393e-13 2.56635e-13 1.97145e-13 1.51381e-13 1.16191e-13 8.91441e-14 6.83655e-14 5.2409e-14 4.01609e-14 3.07633e-14 2.35556e-14 1.80298e-14 1.37952e-14 1.05513e-14
2.68138e-05 1.89219e-05 1.94488e-05 1.92669e-05 1.85657e-05 1.75054e-05 1.6217e-05 1.48044e-05 1.33473e-05 1.19046e-05 1.05184e-05 9.21649e-06 8.01588e-06 6.92515e-06 5.94664e-06 5.07821e-06 4.31465e-06 3.64881e-06 3.07239e-06 2.57666e-06 2.15283e-06 1.79243e-06 1.48746e-06 1.23057e-06 1.01509e-06 8.35035e-07 6.85131e-07 5.60749e-07 4.57871e-07 3.73031e-07 3.03265e-07 2.46044e-07 1.99232e-07 1.61025e-07 1.29913e-07 1.04632e-07 8.41323e-08 6.75415e-08 5.41397e-08 4.33332e-08 3.46346e-08 2.76442e-08 2.20355e-08 1.75422e-08 1.39479e-08 1.10768e-08 8.78641e-09 6.96178e-09 5.51004e-09 4.3564e-09 3.44074e-09 2.71482e-09 2.13997e-09 1.68524e-09 1.32592e-09 1.04227e-09 8.1858e-10 6.42352e-10 5.03644e-10 3.94567e-10 3.08869e-10 2.41597e-10 1.88834e-10 1.47485e-10 1.15107e-10 8.97742e-11 6.99681e-11 5.44948e-11 4.24154e-11 3.29921e-11 2.56462e-11 1.99235e-11 1.54683e-11 1.20022e-11 9.30739e-12 7.21348e-12 5.5875e-12 4.32565e-12 3.34695e-12 2.58832e-12 2.00059e-12 1.54553e-12 1.19338e-12 9.2101e-13 7.1046e-13 5.47782e-13 4.22155e-13 3.25189e-13 2.50382e-13 1.92698e-13 1.48238e-13 1.13987e-13 8.76128e-14 6.73127e-14 5.1695e-14 3.96847e-14 3.04527e-14 2.33591e-14 1.7911e-14 1.37283e-14 1.05184e-14
1.9244e-05 1.39666e-05 1.45083e-05 1.45029e-05 1.40867e-05 1.33782e-05 1.24759e-05 1.14595e-05 1.03915e-05 9.31922e-06 8.27704e-06 7.28874e-06 6.3696e-06 5.52824e-06 4.76823e-06 4.08942e-06 3.48904e-06 2.96257e-06 2.5044e-06 2.10839e-06 1.76819e-06 1.47758e-06 1.23057e-06 1.02162e-06 8.45621e-07 6.97972e-07 5.74567e-07 4.71784e-07 3.86457e-07 3.15838e-07 2.5756e-07 2.09598e-07 1.70227e-07 1.37988e-07 1.1165e-07 9.01812e-08 7.27173e-08 5.85403e-08 4.70537e-08 3.7764e-08 3.02643e-08 2.42201e-08 1.93567e-08 1.54496e-08 1.23155e-08 9.80519e-09 7.79726e-09 6.19338e-09 4.9139e-09 3.89452e-09 3.08335e-09 2.43864e-09 1.92681e-09 1.52092e-09 1.19941e-09 9.44988e-10 7.43869e-10 5.85043e-10 4.59737e-10 3.60969e-10 2.8319e-10 2.21995e-10 1.73889e-10 1.36104e-10 1.06452e-10 8.31991e-11 6.49798e-11 5.07152e-11 3.95553e-11 3.08307e-11 2.40149e-11 1.8694e-11 1.4543e-11 1.13068e-11 8.7855e-12 6.82243e-12 5.29495e-12 4.10714e-12 3.18403e-12 2.46706e-12 1.91051e-12 1.47874e-12 1.14396e-12 8.84526e-13 6.83589e-13 5.2804e-13 4.07691e-13 3.14623e-13 2.42688e-13 1.87115e-13 1.44202e-13 1.11082e-13 8.55322e-14 6.58307e-14 5.06459e-14 3.89475e-14 2.99391e-14 2.3005e-14 1.76699e-14 1.35668e-14 1.04125e-14
1.38112e-05 1.03011e-05 1.08129e-05 1.09051e-05 1.06753e-05 1.02102e-05 9.58358e-06 8.85617e-06 8.07651e-06 7.28209e-06 6.50083e-06 5.75262e-06 5.05078e-06 4.40343e-06 3.81461e-06 3.28536e-06 2.81449e-06 2.3993e-06 2.03609e-06 1.72058e-06 1.44826e-06 1.21457e-06 1.01509e-06 8.45621e-07 7.02299e-07 5.81588e-07 4.80311e-07 3.95644e-07 3.251e-07 2.6651e-07 2.17991e-07 1.77925e-07 1.44927e-07 1.17819e-07 9.5602e-08 7.74353e-08 6.26126e-08 5.05432e-08 4.07353e-08 3.278e-08 2.63392e-08 2.11336e-08 1.69334e-08 1.35497e-08 1.08282e-08 8.64241e-09 6.88948e-09 5.48562e-09 4.36283e-09 3.466e-09 2.75056e-09 2.18051e-09 1.72684e-09 1.3662e-09 1.07984e-09 8.52699e-10 6.72719e-10 5.30255e-10 4.17597e-10 3.28595e-10 2.58348e-10 2.02954e-10 1.59311e-10 1.24957e-10 9.7937e-11 7.6703e-11 6.00295e-11 4.69473e-11 3.66907e-11 2.86555e-11 2.23652e-11 1.74444e-11 1.35976e-11 1.05925e-11 8.24647e-12 6.41621e-12 4.98923e-12 3.87739e-12 3.01161e-12 2.33785e-12 1.81384e-12 1.40653e-12 1.09011e-12 8.44434e-13 6.53796e-13 5.05943e-13 3.91335e-13 3.02543e-13 2.33786e-13 1.80571e-13 1.39405e-13 1.07575e-13 8.29763e-14 6.39744e-14 4.93027e-14 3.79797e-14 2.9245e-14 2.25099e-14 1.73189e-14 1.33196e-14 1.02399e-14
9.9122e-06 7.59206e-06 8.05167e-06 8.19142e-06 8.08068e-06 7.78246e-06 7.35154e-06 6.83395e-06 6.26712e-06 5.68051e-06 5.09654e-06 4.5316e-06 3.99705e-06 3.50019e-06 3.04512e-06 2.63348e-06 2.2651e-06 1.93847e-06 1.65126e-06 1.40054e-06 1.18312e-06 9.95709e-07 8.35035e-07 6.97972e-07 5.81588e-07 4.83183e-07 4.0031e-07 3.30773e-07 2.72629e-07 2.24168e-07 1.83901e-07 1.50539e-07 1.22972e-07 1.00254e-07 8.15758e-08 6.62562e-08 5.37187e-08 4.34799e-08 3.51352e-08 2.83473e-08 2.28362e-08 1.83696e-08 1.47557e-08 1.18366e-08 9.48242e-09 7.58673e-09 6.06248e-09 4.83864e-09 3.85735e-09 3.07158e-09 2.44319e-09 1.94127e-09 1.54086e-09 1.22181e-09 9.6786e-10 7.65959e-10 6.05609e-10 4.78391e-10 3.77562e-10 2.97726e-10 2.34573e-10 1.84663e-10 1.45255e-10 1.14167e-10 8.96634e-11 7.03659e-11 5.5181e-11 4.32418e-11 3.3862e-11 2.64984e-11 2.07221e-11 1.61943e-11 1.26475e-11 9.8713e-12 7.69966e-12 6.00211e-12 4.67601e-12 3.64075e-12 2.83306e-12 2.20331e-12 1.71259e-12 1.33043e-12 1.033e-12 8.01637e-13 6.21772e-13 4.82018e-13 3.73489e-13 2.89253e-13 2.23908e-13 1.73242e-13 1.33978e-13 1.03565e-13 8.002e-14 6.18e-14 4.77076e-14 3.68129e-14 2.8394e-14 2.18913e-14 1.68708e-14 1.29964e-14 1.00078e-14
7.11389e-06 5.59163e-06 5.99059e-06 6.1471e-06 6.10998e-06 5.92475e-06 5.63186e-06 5.26594e-06 4.85565e-06 4.42397e-06 3.98874e-06 3.56331e-06 3.15718e-06 2.77675e-06 2.42588e-06 2.10647e-06 1.81894e-06 1.5626e-06 1.33603e-06 1.13728e-06 9.64132e-07 8.14211e-07 6.85131e-07 5.74567e-07 4.80311e-07 4.0031e-07 3.32684e-07 2.75736e-07 2.2795e-07 1.87985e-07 1.54666e-07 1.26969e-07 1.04011e-07 8.50309e-08 6.93786e-08 5.65016e-08 4.59319e-08 3.72749e-08 3.01992e-08 2.44273e-08 1.9728e-08 1.5909e-08 1.28108e-08 1.03015e-08 8.27256e-09 6.63454e-09 5.31412e-09 4.25127e-09 3.39694e-09 2.71115e-09 2.16139e-09 1.72122e-09 1.36924e-09 1.08811e-09 8.63836e-10 6.85114e-10 5.42851e-10 4.29728e-10 3.39871e-10 2.68565e-10 2.12036e-10 1.67265e-10 1.31838e-10 1.03831e-10 8.17099e-11 6.4252e-11 5.04862e-11 3.96405e-11 3.11023e-11 2.4386e-11 1.91068e-11 1.49604e-11 1.17061e-11 9.15368e-12 7.15327e-12 5.58653e-12 4.36028e-12 3.40115e-12 2.65144e-12 2.06579e-12 1.60859e-12 1.25187e-12 9.73729e-13 7.56977e-13 5.88163e-13 4.56759e-13 3.54531e-13 2.75045e-13 2.13275e-13 1.65297e-13 1.2805e-13 9.91502e-14 7.67371e-14 5.93636e-14 4.59029e-14 3.54787e-14 2.74099e-14 2.11671e-14 1.63393e-14 1.26073e-14 9.7238e-15
5.10557e-06 4.1156e-06 4.45358e-06 4.60873e-06 4.61508e-06 4.50528e-06 4.30901e-06 4.05217e-06 3.75658e-06 3.44005e-06 3.11665e-06 2.79712e-06 2.48932e-06 2.19872e-06 1.9288e-06 1.68153e-06 1.45761e-06 1.2569e-06 1.07858e-06 9.21401e-07 7.83831e-07 6.64192e-07 5.60749e-07 4.71784e-07 3.95644e-07 3.30773e-07 2.75736e-07 2.29223e-07 1.90057e-07 1.5719e-07 1.29699e-07 1.06773e-07 8.77084e-08 7.18985e-08 5.88212e-08 4.80307e-08 3.91476e-08 3.18512e-08 2.58707e-08 2.09787e-08 1.6985e-08 1.37306e-08 1.10834e-08 8.93382e-09 7.19124e-09 5.78085e-09 4.64107e-09 3.72135e-09 2.98027e-09 2.38395e-09 1.90477e-09 1.5202e-09 1.21197e-09 9.65217e-10 7.67913e-10 6.10332e-10 4.84615e-10 3.84429e-10 3.04673e-10 2.41246e-10 1.90855e-10 1.5086e-10 1.19146e-10 9.40221e-11 7.41364e-11 5.84108e-11 4.59856e-11 3.61763e-11 2.84386e-11 2.23399e-11 1.75367e-11 1.37567e-11 1.07842e-11 8.44844e-12 6.61427e-12 5.17501e-12 4.0464e-12 3.162e-12 2.46941e-12 1.92739e-12 1.50346e-12 1.17212e-12 9.13283e-13 7.11217e-13 5.53561e-13 4.30624e-13 3.34815e-13 2.6019e-13 2.02095e-13 1.56894e-13 1.21744e-13 9.44232e-14 7.31991e-14 5.67193e-14 4.39297e-14 3.40087e-14 2.63166e-14 2.03554e-14 1.57378e-14 1.21625e-14 9.39555e-15
3.66422e-06 3.02732e-06 3.30843e-06 3.45232e-06 3.48246e-06 3.42212e-06 3.29292e-06 3.11413e-06 2.90227e-06 2.67103e-06 2.43145e-06 2.19209e-06 1.95938e-06 1.73791e-06 1.53075e-06 1.33973e-06 1.16575e-06 1.00894e-06 8.68904e-07 7.44877e-07 6.35826e-07 5.40573e-07 4.57871e-07 3.86457e-07 3.251e-07 2.72629e-07 2.2795e-07 1.90057e-07 1.5804e-07 1.31083e-07 1.08461e-07 8.95353e-08 7.37488e-08 6.06172e-08 4.97227e-08 4.07069e-08 3.32636e-08 2.71324e-08 2.2093e-08 1.79596e-08 1.45761e-08 1.18116e-08 9.5571e-09 7.7217e-09 6.23003e-09 5.01969e-09 4.03916e-09 3.24602e-09 2.6054e-09 2.08869e-09 1.67251e-09 1.33773e-09 1.06878e-09 8.52989e-10 6.80056e-10 5.41631e-10 4.30955e-10 3.42564e-10 2.72045e-10 2.15845e-10 1.71101e-10 1.35514e-10 1.07237e-10 8.47893e-11 6.69859e-11 5.28785e-11 4.17095e-11 3.28746e-11 2.58917e-11 2.03771e-11 1.60256e-11 1.25944e-11 9.89115e-12 7.76285e-12 6.08848e-12 4.77217e-12 3.73806e-12 2.92621e-12 2.28928e-12 1.78992e-12 1.39865e-12 1.09228e-12 8.52538e-13 6.65043e-13 5.18499e-13 4.04028e-13 3.14662e-13 2.44935e-13 1.90562e-13 1.48184e-13 1.15173e-13 8.94722e-14 6.94733e-14 5.3919e-14 4.18277e-14 3.2433e-14 2.5137e-14 1.94737e-14 1.50797e-14 1.16721e-14 9.03071e-15
2.62977e-06 2.2255e-06 2.45597e-06 2.58391e-06 2.62532e-06 2.59664e-06 2.51355e-06 2.39028e-06 2.23927e-06 2.07101e-06 1.89408e-06 1.71527e-06 1.53976e-06 1.37136e-06 1.2127e-06 1.06547e-06 9.30562e-07 8.0831e-07 6.98582e-07 6.00926e-07 5.14671e-07 4.39003e-07 3.73031e-07 3.15838e-07 2.6651e-07 2.24168e-07 1.87985e-07 1.5719e-07 1.31083e-07 1.09029e-07 9.04617e-08 7.48795e-08 6.18419e-08 5.09643e-08 4.19132e-08 3.44012e-08 2.81818e-08 2.30446e-08 1.88106e-08 1.53284e-08 1.24704e-08 1.01292e-08 8.21504e-09 6.65274e-09 5.37985e-09 4.34449e-09 3.50369e-09 2.82193e-09 2.26997e-09 1.82374e-09 1.46349e-09 1.17304e-09 9.39179e-10 7.51121e-10 6.0008e-10 4.78915e-10 3.81829e-10 3.04126e-10 2.42003e-10 1.92389e-10 1.52808e-10 1.21261e-10 9.61438e-11 7.61641e-11 6.02864e-11 4.76798e-11 3.76795e-11 2.97534e-11 2.34768e-11 1.85105e-11 1.45841e-11 1.14823e-11 9.03394e-12 7.10274e-12 5.58063e-12 4.38181e-12 3.43829e-12 2.69623e-12 2.113e-12 1.65492e-12 1.29537e-12 1.01334e-12 7.92256e-13 6.19054e-13 4.83446e-13 3.77337e-13 2.94359e-13 2.29506e-13 1.78848e-13 1.393e-13 1.08442e-13 8.43783e-14 6.56221e-14 5.10107e-14 3.96338e-14 3.078e-14 2.38931e-14 1.85387e-14 1.43778e-14 1.11459e-14 8.63672e-15
1.88736e-06 1.63512e-06 1.82191e-06 1.93239e-06 1.97736e-06 1.96831e-06 1.91654e-06 1.83252e-06 1.72555e-06 1.60363e-06 1.47339e-06 1.34017e-06 1.20812e-06 1.08037e-06 9.59121e-07 8.45868e-07 7.41486e-07 6.46373e-07 5.60569e-07 4.83838e-07 4.15758e-07 3.55776e-07 3.03265e-07 2.5756e-07 2.17991e-07 1.83901e-07 1.54666e-07 1.29699e-07 1.08461e-07 9.04617e-08 7.52599e-08 6.24627e-08 5.17226e-08 4.27353e-08 3.52354e-08 2.8993e-08 2.38104e-08 1.95177e-08 1.59702e-08 1.30449e-08 1.06377e-08 8.66075e-09 7.04023e-09 5.71433e-09 4.63139e-09 3.7484e-09 3.02962e-09 2.44543e-09 1.97136e-09 1.58721e-09 1.27637e-09 1.0252e-09 8.22517e-10 6.59171e-10 5.27692e-10 4.21993e-10 3.3712e-10 2.69047e-10 2.1451e-10 1.70866e-10 1.35975e-10 1.0811e-10 8.58799e-11 6.81616e-11 5.40531e-11 4.28295e-11 3.39089e-11 2.6825e-11 2.12046e-11 1.67491e-11 1.322e-11 1.04269e-11 8.21805e-12 6.47261e-12 5.09439e-12 4.00695e-12 3.14956e-12 2.47403e-12 1.94216e-12 1.52369e-12 1.19465e-12 9.36107e-13 7.33085e-13 5.73762e-13 4.4881e-13 3.50873e-13 2.74157e-13 2.14099e-13 1.67109e-13 1.30364e-13 1.01646e-13 7.92146e-14 6.17027e-14 4.80386e-14 3.73824e-14 2.90762e-14 2.26051e-14 1.7566e-14 1.36441e-14 1.05931e-14 8.22069e-15
1.35454e-06 1.20072e-06 1.35066e-06 1.44405e-06 1.48803e-06 1.49059e-06 1.4598e-06 1.40332e-06 1.32808e-06 1.24014e-06 1.14459e-06 1.04561e-06 9.46509e-07 8.49803e-07 7.57346e-07 6.70414e-07 5.8981e-07 5.15961e-07 4.48998e-07 3.88831e-07 3.35205e-07 2.87755e-07 2.46044e-07 2.09598e-07 1.77925e-07 1.50539e-07 1.26969e-07 1.06773e-07 8.95353e-08 7.48795e-08 6.24627e-08 5.19777e-08 4.31518e-08 3.57447e-08 2.95456e-08 2.43715e-08 2.00639e-08 1.64863e-08 1.35219e-08 1.1071e-08 9.04901e-09 7.38419e-09 6.01613e-09 4.89404e-09 3.97535e-09 3.22448e-09 2.61182e-09 2.11271e-09 1.70675e-09 1.37706e-09 1.10968e-09 8.93149e-10 7.18035e-10 5.76601e-10 4.62517e-10 3.70607e-10 2.96652e-10 2.37212e-10 1.89495e-10 1.51229e-10 1.20577e-10 9.60489e-11 7.64415e-11 6.07832e-11 4.82908e-11 3.83336e-11 3.04045e-11 2.40961e-11 1.90816e-11 1.50989e-11 1.19385e-11 9.43264e-12 7.44735e-12 5.87573e-12 4.63254e-12 3.6499e-12 2.87377e-12 2.26119e-12 1.77804e-12 1.39725e-12 1.09732e-12 8.61253e-13 6.75565e-13 5.296e-13 4.14933e-13 3.24908e-13 2.54273e-13 1.98885e-13 1.55478e-13 1.21481e-13 9.48674e-14 7.40464e-14 5.77658e-14 4.50424e-14 3.51042e-14 2.73456e-14 2.12917e-14 1.65703e-14 1.28898e-14 1.00223e-14 7.78927e-15
9.72143e-07 8.81269e-07 1.00068e-06 1.07833e-06 1.11886e-06 1.12777e-06 1.11079e-06 1.07348e-06 1.02099e-06 9.57866e-07 8.8802e-07 8.14692e-07 7.40495e-07 6.67458e-07 5.97101e-07 5.30506e-07 4.68387e-07 4.1116e-07 3.59004e-07 3.11916e-07 2.69758e-07 2.32296e-07 1.99232e-07 1.70227e-07 1.44927e-07 1.22972e-07 1.04011e-07 8.77084e-08 7.37488e-08 6.18419e-08 5.17226e-08 4.31518e-08 3.59159e-08 2.98255e-08 2.4714e-08 2.04357e-08 1.68642e-08 1.389e-08 1.14192e-08 9.37106e-09 7.67703e-09 6.27877e-09 5.12693e-09 4.17989e-09 3.40266e-09 2.76592e-09 2.24516e-09 1.81996e-09 1.47333e-09 1.19118e-09 9.61861e-10 7.75745e-10 6.24903e-10 5.02813e-10 4.04124e-10 3.24451e-10 2.60209e-10 2.08472e-10 1.66853e-10 1.33411e-10 1.0657e-10 8.50486e-11 6.78116e-11 5.40196e-11 4.29952e-11 3.41914e-11 2.71676e-11 2.1569e-11 1.71104e-11 1.35629e-11 1.07426e-11 8.50237e-12 6.72436e-12 5.31434e-12 4.19701e-12 3.3123e-12 2.6123e-12 2.05886e-12 1.62161e-12 1.2764e-12 1.00405e-12 7.89317e-13 6.20132e-13 4.8692e-13 3.82099e-13 2.9967e-13 2.34889e-13 1.8401e-13 1.44073e-13 1.12743e-13 8.81785e-14 6.89304e-14 5.38562e-14 4.20573e-14 3.28269e-14 2.56098e-14 1.99697e-14 1.55644e-14 1.21252e-14 9.44158e-15 7.34858e-15
