0.0422082 0.0283694 0.019068 0.0128162 0.00861415 0.00578984 0.00389153 0.00261562 0.00175804 0.00118163 0.000794212 0.000533815 0.000358794 0.000241156 0.000162089 0.000108945 7.32252e-05 4.9217e-05 3.30803e-05 2.22343e-05 1.49443e-05 1.00446e-05 6.75126e-06 4.53773e-06 3.04995e-06 2.04997e-06 1.37785e-06 9.26094e-07 6.22457e-07 4.18372e-07 2.81201e-07 1.89004e-07 1.27036e-07 8.53845e-08 5.73896e-08 3.85733e-08 2.59263e-08 1.74259e-08 1.17125e-08 7.87233e-09 5.29124e-09 3.55641e-09 2.39037e-09 1.60664e-09 1.07987e-09 7.25818e-10 4.87845e-10 3.27896e-10 2.20389e-10 1.4813e-10 9.95629e-11 6.69193e-11 4.49786e-11 3.02315e-11 2.03195e-11 1.36574e-11 9.17956e-12 6.16987e-12 4.14696e-12 2.7873e-12 1.87343e-12 1.25919e-12 8.46342e-13 5.68853e-13 3.82344e-13 2.56985e-13 1.72728e-13 1.16096e-13 7.80315e-14 5.24474e-14 3.52515e-14 2.36937e-14 1.59252e-14 1.07039e-14 7.19439e-15 4.83557e-15 3.25014e-15 2.18452e-15 1.46828e-15 9.8688e-16 6.63313e-16 4.45833e-16 2.99658e-16 2.0141e-16 1.35374e-16 9.09889e-17 6.11565e-17 4.11052e-17 2.76281e-17 1.85697e-17 1.24813e-17 8.38904e-18 5.63854e-18 3.78984e-18 2.54727e-18 1.7121e-18 1.15075e-18 7.73458e-19 5.19865e-19 3.49417e-19 2.34854e-19
0.0283694 0.0218237 0.0165206 0.012349 0.0091369 0.00670361 0.00488373 0.00353658 0.00254782 0.00182725 0.0013053 0.000929187 0.000659389 0.000466621 0.000329376 0.000231966 0.000163025 0.000114355 8.00749e-05 5.59806e-05 3.9078e-05 2.72412e-05 1.89655e-05 1.31881e-05 9.16039e-06 6.35612e-06 4.40599e-06 3.05136e-06 2.11138e-06 1.45976e-06 1.00847e-06 6.96182e-07 4.80266e-07 3.31096e-07 2.28115e-07 1.5707e-07 1.0809e-07 7.43434e-08 5.11062e-08 3.51148e-08 2.41157e-08 1.65544e-08 1.13589e-08 7.79075e-09 5.3413e-09 3.66056e-09 2.50777e-09 1.7174e-09 1.17573e-09 8.04631e-10 5.50489e-10 3.76501e-10 2.57427e-10 1.75962e-10 1.20243e-10 8.21458e-11 5.61044e-11 3.83089e-11 2.61514e-11 1.78479e-11 1.21781e-11 8.30762e-12 5.66602e-12 3.86357e-12 2.63396e-12 1.79533e-12 1.22348e-12 8.33614e-13 5.67878e-13 3.86783e-13 2.63393e-13 1.79336e-13 1.22085e-13 8.30966e-14 5.65507e-14 3.84792e-14 2.61788e-14 1.78078e-14 1.21118e-14 8.23657e-15 5.60049e-15 3.80757e-15 2.58829e-15 1.75924e-15 1.19559e-15 8.12431e-16 5.52001e-16 3.7501e-16 2.5474e-16 1.73022e-16 1.17506e-16 7.97944e-17 5.418e-17 3.67842e-17 2.49712e-17 1.69503e-17 1.15046e-17 7.80772e-18 5.29831e-18 3.5951e-18 2.43919e-18
0.019068 0.0165206 0.0137739 0.0111732 0.00887856 0.00694212 0.00535777 0.00409075 0.00309521 0.00232388 0.00173311 0.00128495 0.000947748 0.000695807 0.000508722 0.000370546 0.000268981 0.000194648 0.000140455 0.000101084 7.25723e-05 5.19853e-05 3.71603e-05 2.65111e-05 1.88791e-05 1.34212e-05 9.52574e-06 6.75068e-06 4.7772e-06 3.37607e-06 2.38283e-06 1.67976e-06 1.18277e-06 8.31905e-07 5.84513e-07 4.10282e-07 2.87711e-07 2.01574e-07 1.41103e-07 9.86904e-08 6.8971e-08 4.81643e-08 3.36096e-08 2.34366e-08 1.63316e-08 1.13731e-08 7.91507e-09 5.5051e-09 3.82667e-09 2.65846e-09 1.84587e-09 1.28098e-09 8.88502e-10 6.15971e-10 4.26828e-10 2.95627e-10 2.04663e-10 1.41626e-10 9.79632e-11 6.77335e-11 4.68134e-11 3.23421e-11 2.23358e-11 1.54196e-11 1.06412e-11 7.34106e-12 5.06265e-12 3.49022e-12 2.40541e-12 1.65725e-12 1.14144e-12 7.85945e-13 5.41006e-13 3.72297e-13 2.56127e-13 1.76159e-13 1.21127e-13 8.32648e-14 5.72234e-14 3.93168e-14 2.70071e-14 1.85471e-14 1.27342e-14 8.74122e-15 5.99895e-15 4.11608e-15 2.82358e-15 1.93654e-15 1.3279e-15 9.10365e-16 6.23996e-16 4.27627e-16 2.92999e-16 2.00719e-16 1.37477e-16 9.4145e-17 6.44596e-17 4.41269e-17 3.02028e-17 2.0669e-17 1.41423e-17
0.0128162 0.012349 0.0111732 0.00969657 0.0081668 0.00672387 0.00543752 0.00433363 0.0034122 0.00265919 0.00205409 0.00157448 0.00119867 0.000907062 0.000682683 0.000511302 0.000381248 0.000283124 0.000209475 0.000154455 0.000113526 8.31982e-05 6.08059e-05 4.43271e-05 3.22371e-05 2.33921e-05 1.69383e-05 1.22406e-05 8.82929e-06 6.35736e-06 4.5698e-06 3.27963e-06 2.35014e-06 1.68165e-06 1.20165e-06 8.57532e-07 6.11192e-07 4.35094e-07 3.09377e-07 2.19743e-07 1.55913e-07 1.10511e-07 7.8254e-08 5.53603e-08 3.91288e-08 2.76322e-08 1.94971e-08 1.37458e-08 9.68344e-09 6.81648e-09 4.79482e-09 3.37036e-09 2.36745e-09 1.66187e-09 1.16583e-09 8.17332e-10 5.72663e-10 4.01e-10 2.80634e-10 1.96289e-10 1.3722e-10 9.58758e-11 6.69544e-11 4.67341e-11 3.26045e-11 2.27361e-11 1.58473e-11 1.10408e-11 7.68875e-12 5.35212e-12 3.72405e-12 2.59017e-12 1.80082e-12 1.25153e-12 8.69465e-13 6.03811e-13 4.19173e-13 2.90892e-13 2.018e-13 1.39947e-13 9.70202e-14 6.72389e-14 4.65845e-14 3.22648e-14 2.234e-14 1.54635e-14 1.07006e-14 7.40259e-15 5.11961e-15 3.53974e-15 2.44675e-15 1.6908e-15 1.16811e-15 8.06797e-16 5.57104e-16 3.84594e-16 2.65439e-16 1.83157e-16 1.26352e-16 8.71448e-17 6.00903e-17
0.00861415 0.0091369 0.00887856 0.0081668 0.00723088 0.0062232 0.00523896 0.00433259 0.0035307 0.0028417 0.00226292 0.00178539 0.00139719 0.00108551 0.000837904 0.000643006 0.00049083 0.000372858 0.000281985 0.000212389 0.000159365 0.00011916 8.8807e-05 6.59839e-05 4.88863e-05 3.61219e-05 2.6623e-05 1.95753e-05 1.4361e-05 1.05132e-05 7.68081e-06 5.60076e-06 4.07657e-06 2.96202e-06 2.14862e-06 1.55613e-06 1.12531e-06 8.1259e-07 5.85958e-07 4.21972e-07 3.0349e-07 2.18007e-07 1.56417e-07 1.12099e-07 8.02501e-08 5.73889e-08 4.09984e-08 2.92603e-08 2.08629e-08 1.48618e-08 1.05775e-08 7.52172e-09 5.34428e-09 3.7941e-09 2.69146e-09 1.90781e-09 1.35133e-09 9.56477e-10 6.76526e-10 4.78189e-10 3.37776e-10 2.38439e-10 1.68211e-10 1.18596e-10 8.3565e-11 5.88476e-11 4.1418e-11 2.91346e-11 2.04832e-11 1.43933e-11 1.01088e-11 7.09612e-12 4.97888e-12 3.49169e-12 2.44759e-12 1.71492e-12 1.20103e-12 8.40772e-13 5.88324e-13 4.11504e-13 2.8771e-13 2.01076e-13 1.40475e-13 9.81001e-14 6.84822e-14 4.77888e-14 3.33363e-14 2.32464e-14 1.62048e-14 1.12924e-14 7.86648e-15 5.47815e-15 3.81371e-15 2.65415e-15 1.84658e-15 1.28434e-15 8.93018e-16 6.20747e-16 4.31363e-16 2.99674e-16 2.0813e-16
0.00578984 0.00670361 0.00694212 0.00672387 0.0062232 0.00557109 0.00486069 0.00415439 0.00349096 0.00289187 0.00236646 0.00191604 0.00153692 0.00122264 0.000965442 0.000757263 0.000590379 0.00045773 0.000353087 0.000271095 0.000207244 0.000157796 0.000119698 9.04812e-05 6.81724e-05 5.12064e-05 3.83515e-05 2.86454e-05 2.13407e-05 1.58599e-05 1.17594e-05 8.69989e-06 6.42293e-06 4.73244e-06 3.48024e-06 2.55472e-06 1.87207e-06 1.36954e-06 1.00031e-06 7.29505e-07 5.31228e-07 3.86295e-07 2.8052e-07 2.03441e-07 1.47355e-07 1.066e-07 7.70266e-08 5.5594e-08 4.00809e-08 2.88658e-08 2.07674e-08 1.49261e-08 1.07174e-08 7.68825e-09 5.51022e-09 3.94572e-09 2.823e-09 2.01805e-09 1.44146e-09 1.0288e-09 7.33712e-10 5.22873e-10 3.72349e-10 2.64971e-10 1.88428e-10 1.33906e-10 9.5098e-11 6.74938e-11 4.78724e-11 3.39345e-11 2.40403e-11 1.7021e-11 1.20444e-11 8.51809e-12 6.02094e-12 4.25359e-12 3.00346e-12 2.11966e-12 1.49519e-12 1.05418e-12 7.4289e-13 5.23278e-13 3.68419e-13 2.59272e-13 1.82381e-13 1.28238e-13 9.01303e-14 6.33205e-14 4.44674e-14 3.12152e-14 2.19038e-14 1.53641e-14 1.07729e-14 7.55084e-15 5.29055e-15 3.70554e-15 2.59447e-15 1.81592e-15 1.27057e-15 8.88702e-16 6.214e-16
0.00389153 0.00488373 0.00535777 0.00543752 0.00523896 0.00486069 0.00438098 0.00385837 0.00333417 0.00283556 0.00237882 0.00197214 0.00161806 0.00131535 0.00106047 0.000848643 0.000674552 0.000532878 0.000418586 0.000327098 0.000254378 0.000196941 0.000151839 0.000116612 8.92308e-05 6.80455e-05 5.1723e-05 3.91964e-05 2.96182e-05 2.23197e-05 1.67763e-05 1.25787e-05 9.4093e-06 7.02283e-06 5.2305e-06 3.88768e-06 2.88398e-06 2.13543e-06 1.57834e-06 1.16458e-06 8.57876e-07 6.30942e-07 4.6333e-07 3.39745e-07 2.48771e-07 1.81908e-07 1.3284e-07 9.68839e-08 7.05728e-08 5.13457e-08 3.73137e-08 2.7086e-08 1.96404e-08 1.42264e-08 1.02943e-08 7.44165e-09 5.37429e-09 3.87762e-09 2.7952e-09 2.01315e-09 1.44865e-09 1.04156e-09 7.4826e-10 5.37122e-10 3.85261e-10 2.76127e-10 1.97761e-10 1.41533e-10 1.01221e-10 7.23411e-11 5.16663e-11 3.6876e-11 2.63028e-11 1.87494e-11 1.33569e-11 9.50966e-12 6.76657e-12 4.81196e-12 3.42005e-12 2.42942e-12 1.7248e-12 1.2239e-12 8.68014e-13 6.15301e-13 4.35946e-13 3.08721e-13 2.1852e-13 1.54601e-13 1.09329e-13 7.72786e-14 5.45998e-14 3.85598e-14 2.72202e-14 1.92073e-14 1.35476e-14 9.55173e-15 6.73176e-15 4.74248e-15 3.33976e-15 2.35104e-15 1.65441e-15
0.00261562 0.00353658 0.00409075 0.00433363 0.00433259 0.00415439 0.00385837 0.00349355 0.00309797 0.00269956 0.00231747 0.00196384 0.00164533 0.00136463 0.00112165 0.000914451 0.000740043 0.000594876 0.000475237 0.000377504 0.000298293 0.000234553 0.000183595 0.000143096 0.000111087 8.59158e-05 6.62137e-05 5.086e-05 3.89437e-05 2.97305e-05 2.26327e-05 1.71831e-05 1.30123e-05 9.82983e-06 7.4084e-06 5.57101e-06 4.18039e-06 3.13048e-06 2.33967e-06 1.74533e-06 1.29962e-06 9.66048e-07 7.1689e-07 5.31134e-07 3.92897e-07 2.90201e-07 2.14037e-07 1.57641e-07 1.15947e-07 8.51683e-08 6.24803e-08 4.57797e-08 3.35029e-08 2.449e-08 1.78815e-08 1.3042e-08 9.50221e-09 6.91599e-09 5.02861e-09 3.65272e-09 2.65077e-09 1.92187e-09 1.39214e-09 1.00754e-09 7.28563e-10 5.26391e-10 3.80011e-10 2.74117e-10 1.97578e-10 1.42302e-10 1.02414e-10 7.3654e-11 5.29326e-11 3.80144e-11 2.72822e-11 1.95669e-11 1.40243e-11 1.00454e-11 7.19086e-12 5.14434e-12 3.67806e-12 2.62818e-12 1.8769e-12 1.33962e-12 9.5562e-13 6.81323e-13 4.85501e-13 3.45781e-13 2.46145e-13 1.7513e-13 1.24543e-13 8.85252e-14 6.28939e-14 4.4663e-14 3.17021e-14 2.24922e-14 1.59509e-14 1.1307e-14 8.01173e-15 5.67443e-15 4.01733e-15
0.00175804 0.00254782 0.00309521 0.0034122 0.0035307 0.00349096 0.00333417 0.00309797 0.00281434 0.00250878 0.00220058 0.0019034 0.00162625 0.00137439 0.00115028 0.000954284 0.000785401 0.000641722 0.000520841 0.00042014 0.000336988 0.000268869 0.000213467 0.000168703 0.000132754 0.000104042 8.12306e-05 6.31926e-05 4.89931e-05 3.7862e-05 2.91704e-05 2.24088e-05 1.71669e-05 1.31164e-05 9.99644e-06 7.60024e-06 5.7651e-06 4.3634e-06 3.2955e-06 2.48389e-06 1.8685e-06 1.40292e-06 1.05144e-06 7.86641e-07 5.87537e-07 4.38112e-07 3.26176e-07 2.42469e-07 1.79979e-07 1.33404e-07 9.87448e-08 7.29926e-08 5.38864e-08 3.97313e-08 2.92587e-08 2.1521e-08 1.58113e-08 1.16034e-08 8.50606e-09 6.22889e-09 4.55663e-09 3.32996e-09 2.43112e-09 1.77321e-09 1.29214e-09 9.40721e-10 6.8427e-10 4.97299e-10 3.6111e-10 2.62001e-10 1.89939e-10 1.37589e-10 9.95905e-11 7.20317e-11 5.20605e-11 3.75993e-11 2.71358e-11 1.95706e-11 1.4105e-11 1.0159e-11 7.3122e-12 5.25977e-12 3.78107e-12 2.71641e-12 1.95036e-12 1.39952e-12 1.00367e-12 7.19375e-13 5.15322e-13 3.68947e-13 2.64007e-13 1.88816e-13 1.3497e-13 9.643e-14 6.88606e-14 4.91492e-14 3.50632e-14 2.50023e-14 1.78199e-14 1.2695e-14 9.03988e-15
0.00118163 0.00182725 0.00232388 0.00265919 0.0028417 0.00289187 0.00283556 0.00269956 0.00250878 0.00228481 0.0020452 0.00180351 0.00156964 0.00135028 0.00114954 0.000969498 0.00081072 0.000672697 0.000554208 0.0004536 0.000369007 0.0002985 0.000240199 0.000192338 0.000153305 0.000121666 9.61637e-05 7.57151e-05 5.93982e-05 4.64372e-05 3.61857e-05 2.81097e-05 2.17714e-05 1.68147e-05 1.29515e-05 9.95015e-06 7.62544e-06 5.83003e-06 4.44723e-06 3.38501e-06 2.57109e-06 1.94894e-06 1.47446e-06 1.11341e-06 8.39244e-07 6.31485e-07 4.74356e-07 3.55743e-07 2.66369e-07 1.99143e-07 1.48663e-07 1.1082e-07 8.24946e-08 6.13264e-08 4.55301e-08 3.37595e-08 2.50008e-08 1.84922e-08 1.3662e-08 1.0082e-08 7.43177e-09 5.47229e-09 4.0252e-09 2.95774e-09 2.17118e-09 1.59223e-09 1.16655e-09 8.53872e-10 6.24436e-10 4.56244e-10 3.33064e-10 2.42935e-10 1.77048e-10 1.28925e-10 9.38081e-11 6.82031e-11 4.95492e-11 3.59704e-11 2.60938e-11 1.89155e-11 1.37023e-11 9.91904e-12 7.17552e-12 5.1874e-12 3.7477e-12 2.70585e-12 1.95241e-12 1.4079e-12 1.01464e-12 7.30796e-13 5.26051e-13 3.78453e-13 2.72116e-13 1.95549e-13 1.40451e-13 1.00823e-13 7.2339e-14 5.18752e-14 3.71816e-14 2.66368e-14 1.90731e-14
0.000794212 0.0013053 0.00173311 0.00205409 0.00226292 0.00236646 0.00237882 0.00231747 0.00220058 0.0020452 0.00186627 0.00167617 0.0014846 0.00129879 0.00112376 0.000962679 0.000817275 0.000688137 0.000575041 0.000477197 0.000393457 0.000322476 0.00026283 0.000213102 0.000171941 0.000138094 0.000110432 8.79508e-05 6.97762e-05 5.5155e-05 4.34463e-05 3.41103e-05 2.66963e-05 2.08311e-05 1.6208e-05 1.25763e-05 9.73278e-06 7.51324e-06 5.78587e-06 4.44531e-06 3.40774e-06 2.60674e-06 1.98989e-06 1.51599e-06 1.15273e-06 8.74881e-07 6.62814e-07 5.0128e-07 3.78476e-07 2.85292e-07 2.14712e-07 1.61346e-07 1.21064e-07 9.07087e-08 6.78695e-08 5.0712e-08 3.78419e-08 2.82019e-08 2.09913e-08 1.56053e-08 1.15876e-08 8.59431e-09 6.36709e-09 4.71188e-09 3.48324e-09 2.57229e-09 1.89764e-09 1.39854e-09 1.02971e-09 7.57429e-10 5.56629e-10 4.08693e-10 2.99807e-10 2.19741e-10 1.6092e-10 1.17747e-10 8.60864e-11 6.28889e-11 4.59065e-11 3.34844e-11 2.44054e-11 1.7775e-11 1.29366e-11 9.40857e-12 6.83796e-12 4.96632e-12 3.60456e-12 2.61448e-12 1.89514e-12 1.37284e-12 9.93874e-13 7.19081e-13 5.19953e-13 3.75747e-13 2.71378e-13 1.95888e-13 1.41319e-13 1.01895e-13 7.34293e-14 5.28879e-14 3.8073e-14
0.000533815 0.000929187 0.00128495 0.00157448 0.00178539 0.00191604 0.00197214 0.00196384 0.0019034 0.00180351 0.00167617 0.00153195 0.00137973 0.00122657 0.00107778 0.000937157 0.000807161 0.000689184 0.00058378 0.000490879 0.000409967 0.000340238 0.000280714 0.000230333 0.000188023 0.000152744 0.000123519 9.94568e-05 7.97564e-05 6.37117e-05 5.07085e-05 4.02186e-05 3.1793e-05 2.5053e-05 1.96821e-05 1.5418e-05 1.20443e-05 9.38377e-06 7.29234e-06 5.65317e-06 4.37214e-06 3.37373e-06 2.59763e-06 1.99586e-06 1.53038e-06 1.17115e-06 8.94551e-07 6.82023e-07 5.19065e-07 3.94364e-07 2.99122e-07 2.26515e-07 1.71263e-07 1.29292e-07 9.7462e-08 7.33628e-08 5.51455e-08 4.13955e-08 3.1033e-08 2.32345e-08 1.7374e-08 1.29759e-08 9.67956e-09 7.21225e-09 5.36777e-09 3.99059e-09 2.96355e-09 2.19851e-09 1.62929e-09 1.20624e-09 8.92155e-10 6.59219e-10 4.86644e-10 3.58916e-10 2.64475e-10 1.94712e-10 1.43228e-10 1.05268e-10 7.73042e-11 5.67229e-11 4.15881e-11 3.04678e-11 2.2304e-11 1.63154e-11 1.19259e-11 8.71114e-12 6.35843e-12 4.63792e-12 3.38065e-12 2.46256e-12 1.79261e-12 1.30408e-12 9.48088e-13 6.88844e-13 5.00181e-13 3.6297e-13 2.63243e-13 1.90805e-13 1.38221e-13 1.00072e-13 7.24118e-14
0.000358794 0.000659389 0.000947748 0.00119867 0.00139719 0.00153692 0.00161806 0.00164533 0.00162625 0.00156964 0.0014846 0.00137973 0.00126267 0.00113987 0.00101652 0.000896595 0.000782964 0.000677533 0.000581419 0.000495111 0.000418621 0.000351613 0.000293514 0.000243606 0.000201095 0.00016516 0.000135 0.000109849 8.90026e-05 7.18205e-05 5.77329e-05 4.62389e-05 3.69044e-05 2.93564e-05 2.32781e-05 1.84023e-05 1.45055e-05 1.1402e-05 8.93847e-06 6.98922e-06 5.45154e-06 4.24204e-06 3.29331e-06 2.5511e-06 1.97195e-06 1.52113e-06 1.17104e-06 8.99784e-07 6.90071e-07 5.28279e-07 4.03712e-07 3.07993e-07 2.34582e-07 1.78383e-07 1.35436e-07 1.02674e-07 7.7723e-08 5.87512e-08 4.43486e-08 3.34314e-08 2.51684e-08 1.89234e-08 1.42102e-08 1.06578e-08 7.98397e-09 5.97399e-09 4.46495e-09 3.3334e-09 2.48592e-09 1.85194e-09 1.37822e-09 1.02463e-09 7.61007e-10 5.64662e-10 4.18578e-10 3.1e-10 2.29378e-10 1.69572e-10 1.25251e-10 9.24343e-11 6.81589e-11 5.02175e-11 3.6969e-11 2.71943e-11 1.99885e-11 1.46809e-11 1.07746e-11 7.90189e-12 5.79093e-12 4.2409e-12 3.10361e-12 2.26975e-12 1.65882e-12 1.21153e-12 8.84277e-13 6.45009e-13 4.70187e-13 3.42538e-13 2.49392e-13 1.81467e-13 1.31965e-13
0.000241156 0.000466621 0.000695807 0.000907062 0.00108551 0.00122264 0.00131535 0.00136463 0.00137439 0.00135028 0.00129879 0.00122657 0.00113987 0.00104429 0.000944611 0.000844678 0.000747482 0.000655204 0.000569326 0.00049074 0.000419864 0.000356749 0.000301174 0.00025273 0.000210883 0.000175033 0.000144553 0.000118818 9.72294e-05 7.92269e-05 6.42984e-05 5.19835e-05 4.18743e-05 3.36139e-05 2.68935e-05 2.14484e-05 1.70538e-05 1.35201e-05 1.06886e-05 8.42733e-06 6.6273e-06 5.19876e-06 4.06836e-06 3.17638e-06 2.47443e-06 1.92344e-06 1.49202e-06 1.15504e-06 8.92414e-07 6.882e-07 5.29744e-07 4.07046e-07 3.12228e-07 2.39096e-07 1.82795e-07 1.39531e-07 1.06342e-07 8.09269e-08 6.14959e-08 4.66642e-08 3.53607e-08 2.67592e-08 2.02234e-08 1.52644e-08 1.15071e-08 8.66398e-09 6.5156e-09 4.89424e-09 3.67218e-09 2.7522e-09 2.06046e-09 1.54095e-09 1.15122e-09 8.59194e-10 6.40605e-10 4.77163e-10 3.55083e-10 2.63989e-10 1.96085e-10 1.45517e-10 1.07895e-10 7.99312e-11 5.91647e-11 4.37571e-11 3.23356e-11 2.38763e-11 1.76162e-11 1.29875e-11 9.56769e-12 7.04316e-12 5.18098e-12 3.80842e-12 2.79751e-12 2.05351e-12 1.50636e-12 1.10425e-12 8.08955e-13 5.9224e-13 4.33307e-13 3.16826e-13 2.31515e-13
0.000162089 0.000329376 0.000508722 0.000682683 0.000837904 0.000965442 0.00106047 0.00112165 0.00115028 0.00114954 0.00112376 0.00107778 0.00101652 0.000944611 0.000866216 0.000784881 0.000703506 0.000624352 0.000549091 0.000478875 0.000414414 0.000356058 0.000303873 0.000257715 0.000217287 0.00018219 0.000151969 0.000126139 0.000104213 8.57195e-05 7.02129e-05 5.72826e-05 4.65564e-05 3.77018e-05 3.04257e-05 2.44727e-05 1.9622e-05 1.56851e-05 1.25014e-05 9.93606e-06 7.87583e-06 6.22658e-06 4.91039e-06 3.86307e-06 3.03205e-06 2.37445e-06 1.85542e-06 1.4468e-06 1.12587e-06 8.74402e-07 6.77801e-07 5.24429e-07 4.05032e-07 3.12272e-07 2.40346e-07 1.84682e-07 1.41682e-07 1.08524e-07 8.30001e-08 6.3385e-08 4.83357e-08 3.68078e-08 2.79908e-08 2.12574e-08 1.61228e-08 1.22128e-08 9.23958e-09 6.9817e-09 5.26932e-09 3.97232e-09 2.99118e-09 2.24988e-09 1.69046e-09 1.26878e-09 9.51307e-10 7.12545e-10 5.33176e-10 3.98571e-10 2.97663e-10 2.22094e-10 1.65558e-10 1.23303e-10 9.17509e-11 6.82137e-11 5.06715e-11 3.76092e-11 2.78912e-11 2.06677e-11 1.53029e-11 1.13218e-11 8.37007e-12 6.18325e-12 4.56441e-12 3.36696e-12 2.48189e-12 1.82819e-12 1.34575e-12 9.89945e-13 7.27728e-13 5.34617e-13 3.92497e-13
0.000108945 0.000231966 0.000370546 0.000511302 0.000643006 0.000757263 0.000848643 0.000914451 0.000954284 0.000969498 0.000962679 0.000937157 0.000896595 0.000844678 0.000784881 0.000720319 0.000653664 0.00058711 0.000522382 0.000460769 0.000403167 0.00035014 0.000301976 0.000258748 0.000220359 0.000186591 0.000157146 0.000131673 0.000109797 9.11377e-05 7.53206e-05 6.19916e-05 5.08204e-05 4.15059e-05 3.37768e-05 2.73927e-05 2.21421e-05 1.78415e-05 1.43326e-05 1.14803e-05 9.16985e-06 7.30465e-06 5.80371e-06 4.59963e-06 3.63653e-06 2.86836e-06 2.25735e-06 1.77261e-06 1.38901e-06 1.0862e-06 8.47707e-07 6.60305e-07 5.1337e-07 3.98406e-07 3.08642e-07 2.38692e-07 1.84287e-07 1.42052e-07 1.09323e-07 8.40052e-08 6.44541e-08 4.93809e-08 3.77788e-08 2.88625e-08 2.20206e-08 1.67784e-08 1.27676e-08 9.70329e-09 7.36534e-09 5.58396e-09 4.22843e-09 3.19827e-09 2.41635e-09 1.82359e-09 1.37474e-09 1.03528e-09 7.7883e-10 5.85311e-10 4.39438e-10 3.29599e-10 2.46977e-10 1.84893e-10 1.38288e-10 1.03338e-10 7.71517e-11 5.75513e-11 4.28938e-11 3.19425e-11 2.37676e-11 1.76706e-11 1.31272e-11 9.74437e-12 7.22773e-12 5.35701e-12 3.96754e-12 2.93632e-12 2.17156e-12 1.60486e-12 1.18522e-12 8.7471e-13 6.45116e-13
7.32252e-05 0.000163025 0.000268981 0.000381248 0.00049083 0.000590379 0.000674552 0.000740043 0.000785401 0.00081072 0.000817275 0.000807161 0.000782964 0.000747482 0.000703506 0.000653664 0.000600313 0.000545482 0.000490845 0.000437724 0.000387115 0.00033972 0.000295985 0.000256149 0.000220277 0.000188306 0.000160077 0.000135362 0.000113892 9.53732e-05 7.95066e-05 6.59961e-05 5.45581e-05 4.4927e-05 3.68585e-05 3.01315e-05 2.45482e-05 1.99342e-05 1.61366e-05 1.3023e-05 1.04797e-05 8.40956e-06 6.73015e-06 5.37213e-06 4.27738e-06 3.39747e-06 2.69224e-06 2.12857e-06 1.67921e-06 1.32191e-06 1.03848e-06 8.14194e-07 6.37108e-07 4.97599e-07 3.87928e-07 3.01889e-07 2.34527e-07 1.81889e-07 1.40834e-07 1.08871e-07 8.40317e-08 6.47612e-08 4.98361e-08 3.82954e-08 2.93858e-08 2.2518e-08 1.72322e-08 1.31699e-08 1.00523e-08 7.66315e-09 5.83467e-09 4.43716e-09 3.37042e-09 2.5572e-09 1.93802e-09 1.46715e-09 1.10949e-09 8.38133e-10 6.3249e-10 4.7682e-10 3.59107e-10 2.7019e-10 2.03095e-10 1.52519e-10 1.14432e-10 8.57782e-11 6.42426e-11 4.80718e-11 3.59407e-11 2.68483e-11 2.00396e-11 1.49455e-11 1.11374e-11 8.2931e-12 6.17043e-12 4.58759e-12 3.40824e-12 2.53021e-12 1.87703e-12 1.39148e-12 1.03081e-12
4.9217e-05 0.000114355 0.000194648 0.000283124 0.000372858 0.00045773 0.000532878 0.000594876 0.000641722 0.000672697 0.000688137 0.000689184 0.000677533 0.000655204 0.000624352 0.00058711 0.000545482 0.000501268 0.000456017 0.000411014 0.00036728 0.000325588 0.000286487 0.000250333 0.000217318 0.000187502 0.000160844 0.000137224 0.000116469 9.83702e-05 8.26976e-05 6.92147e-05 5.76861e-05 4.78843e-05 3.95953e-05 3.26208e-05 2.67802e-05 2.1911e-05 1.7869e-05 1.45272e-05 1.17749e-05 9.5165e-06 7.66984e-06 6.16491e-06 4.94242e-06 3.95241e-06 3.15306e-06 2.50947e-06 1.99272e-06 1.5789e-06 1.24834e-06 9.84953e-07 7.75576e-07 6.09517e-07 4.78106e-07 3.74337e-07 2.92565e-07 2.28257e-07 1.77783e-07 1.38241e-07 1.07321e-07 8.3186e-08 6.438e-08 4.97511e-08 3.83903e-08 2.95817e-08 2.27625e-08 1.74916e-08 1.34233e-08 1.0288e-08 7.87494e-09 6.02041e-09 4.59704e-09 3.50602e-09 2.67083e-09 2.03228e-09 1.54467e-09 1.17277e-09 8.89458e-10 6.73879e-10 5.10025e-10 3.85623e-10 2.91275e-10 2.19797e-10 1.65702e-10 1.24803e-10 9.39127e-11 7.06044e-11 5.30339e-11 3.98013e-11 2.98449e-11 2.23603e-11 1.67388e-11 1.25205e-11 9.3577e-12 6.98838e-12 5.21492e-12 3.88856e-12 2.89738e-12 2.15726e-12 1.60503e-12
3.30803e-05 8.00749e-05 0.000140455 0.000209475 0.000281985 0.000353087 0.000418586 0.000475237 0.000520841 0.000554208 0.000575041 0.00058378 0.000581419 0.000569326 0.000549091 0.000522382 0.000490845 0.000456017 0.000419281 0.00038183 0.000344656 0.000308549 0.000274112 0.000241777 0.000211825 0.000184414 0.000159594 0.00013734 0.00011756 0.000100121 8.48611e-05 7.1599e-05 6.01471e-05 5.03173e-05 4.19272e-05 3.48036e-05 2.87854e-05 2.37249e-05 1.94886e-05 1.59572e-05 1.30253e-05 1.06004e-05 8.60214e-06 6.96123e-06 5.61826e-06 4.52265e-06 3.63159e-06 2.90904e-06 2.32478e-06 1.85366e-06 1.47476e-06 1.1708e-06 9.27564e-07 7.33383e-07 5.78719e-07 4.55805e-07 3.58332e-07 2.81198e-07 2.2028e-07 1.72266e-07 1.34493e-07 1.04832e-07 8.15839e-08 6.33934e-08 4.91847e-08 3.81046e-08 2.94782e-08 2.27728e-08 1.75686e-08 1.35355e-08 1.04147e-08 8.00309e-09 6.14223e-09 4.70827e-09 3.60475e-09 2.75662e-09 2.10562e-09 1.60654e-09 1.2244e-09 9.3214e-10 7.0889e-10 5.38546e-10 4.08717e-10 3.09875e-10 2.34705e-10 1.77598e-10 1.34258e-10 1.014e-10 7.65132e-11 5.76826e-11 4.34479e-11 3.26976e-11 2.45862e-11 1.84715e-11 1.3866e-11 1.04004e-11 7.79477e-12 5.83732e-12 4.36805e-12 3.26611e-12 2.44033e-12
2.22343e-05 5.59806e-05 0.000101084 0.000154455 0.000212389 0.000271095 0.000327098 0.000377504 0.00042014 0.0004536 0.000477197 0.000490879 0.000495111 0.00049074 0.000478875 0.000460769 0.000437724 0.000411014 0.00038183 0.00035124 0.000320167 0.00028938 0.000259496 0.000230985 0.000204187 0.000179326 0.000156529 0.00013584 0.00011724 0.000100662 8.60018e-05 7.31321e-05 6.19102e-05 5.21865e-05 4.38106e-05 3.66355e-05 3.05208e-05 2.53355e-05 2.09587e-05 1.72806e-05 1.42025e-05 1.16369e-05 9.50657e-06 7.74405e-06 6.29091e-06 5.09684e-06 4.11878e-06 3.32011e-06 2.66985e-06 2.14193e-06 1.7145e-06 1.36935e-06 1.09135e-06 8.67984e-07 6.88943e-07 5.45763e-07 4.31516e-07 3.40552e-07 2.68278e-07 2.10971e-07 1.65622e-07 1.29803e-07 1.01565e-07 7.9344e-08 6.18885e-08 4.82e-08 3.74837e-08 2.91078e-08 2.25716e-08 1.7479e-08 1.35171e-08 1.04394e-08 8.0521e-09 6.20285e-09 4.77239e-09 3.66735e-09 2.81484e-09 2.15799e-09 1.65253e-09 1.26404e-09 9.65824e-10 7.37169e-10 5.62054e-10 4.28093e-10 3.2573e-10 2.47595e-10 1.88019e-10 1.42641e-10 1.08112e-10 8.18658e-11 6.19346e-11 4.68139e-11 3.53536e-11 2.66756e-11 2.01107e-11 1.51486e-11 1.14015e-11 8.57431e-12 6.44301e-12 4.83768e-12 3.62952e-12
1.49443e-05 3.9078e-05 7.25723e-05 0.000113526 0.000159365 0.000207244 0.000254378 0.000298293 0.000336988 0.000369007 0.000393457 0.000409967 0.000418621 0.000419864 0.000414414 0.000403167 0.000387115 0.00036728 0.000344656 0.000320167 0.000294645 0.000268806 0.000243251 0.000218461 0.000194806 0.000172554 0.000151882 0.000132893 0.000115624 0.000100063 8.6157e-05 7.3826e-05 6.29691e-05 5.34733e-05 4.5219e-05 3.80854e-05 3.19539e-05 2.67106e-05 2.22486e-05 1.84689e-05 1.5281e-05 1.26035e-05 1.03636e-05 8.49668e-06 6.94636e-06 5.66336e-06 4.6051e-06 3.73499e-06 3.02177e-06 2.43887e-06 1.96382e-06 1.57772e-06 1.26475e-06 1.0117e-06 8.07608e-07 6.43386e-07 5.11554e-07 4.05959e-07 3.21562e-07 2.54251e-07 2.00675e-07 1.58117e-07 1.24375e-07 9.76742e-08 7.65829e-08 5.99524e-08 4.6862e-08 3.65753e-08 2.85052e-08 2.21842e-08 1.72408e-08 1.33808e-08 1.03712e-08 8.02803e-09 6.20634e-09 4.79203e-09 3.69549e-09 2.84645e-09 2.1899e-09 1.68285e-09 1.29174e-09 9.90433e-10 7.5858e-10 5.80383e-10 4.43581e-10 3.38676e-10 2.5832e-10 1.96835e-10 1.49838e-10 1.13953e-10 8.65808e-11 6.57229e-11 4.98444e-11 3.77684e-11 2.8593e-11 2.16279e-11 1.63456e-11 1.23431e-11 9.31302e-12 7.02109e-12 5.28899e-12
1.00446e-05 2.72412e-05 5.19853e-05 8.31982e-05 0.00011916 0.000157796 0.000196941 0.000234553 0.000268869 0.0002985 0.000322476 0.000340238 0.000351613 0.000356749 0.000356058 0.00035014 0.00033972 0.000325588 0.000308549 0.00028938 0.000268806 0.000247475 0.000225946 0.000204691 0.000184086 0.000164422 0.000145911 0.000128695 0.000112855 9.84235e-05 8.5391e-05 7.37176e-05 6.33398e-05 5.4178e-05 4.6142e-05 3.9136e-05 3.30629e-05 2.78264e-05 2.33341e-05 1.94986e-05 1.62388e-05 1.34802e-05 1.11552e-05 9.20345e-06 7.57107e-06 6.21071e-06 5.08092e-06 4.14572e-06 3.37403e-06 2.7392e-06 2.2185e-06 1.7926e-06 1.4452e-06 1.16257e-06 9.33225e-07 7.47573e-07 5.97649e-07 4.76855e-07 3.7975e-07 3.01858e-07 2.39508e-07 1.89701e-07 1.49993e-07 1.18397e-07 9.33041e-08 7.34114e-08 5.76697e-08 4.52342e-08 3.54273e-08 2.7706e-08 2.16366e-08 1.68733e-08 1.31405e-08 1.02199e-08 7.93799e-09 6.15768e-09 4.77064e-09 3.69149e-09 2.853e-09 2.20235e-09 1.69812e-09 1.30784e-09 1.00613e-09 7.73177e-10 5.9352e-10 4.55127e-10 3.48642e-10 2.66799e-10 2.03964e-10 1.55774e-10 1.18855e-10 9.05993e-11 6.89967e-11 5.24967e-11 3.99065e-11 3.03089e-11 2.29994e-11 1.74377e-11 1.32097e-11 9.99857e-12 7.5618e-12
6.75126e-06 1.89655e-05 3.71603e-05 6.08059e-05 8.8807e-05 0.000119698 0.000151839 0.000183595 0.000213467 0.000240199 0.00026283 0.000280714 0.000293514 0.000301174 0.000303873 0.000301976 0.000295985 0.000286487 0.000274112 0.000259496 0.000243251 0.000225946 0.00020809 0.000190121 0.000172409 0.000155251 0.000138876 0.000123452 0.000109093 9.5863e-05 8.37887e-05 7.28638e-05 6.3057e-05 5.43183e-05 4.65843e-05 3.97828e-05 3.38369e-05 2.8668e-05 2.41981e-05 2.0352e-05 1.70582e-05 1.425e-05 1.18659e-05 9.85023e-06 8.15254e-06 6.72799e-06 5.53688e-06 4.54435e-06 3.71999e-06 3.03746e-06 2.47407e-06 2.01038e-06 1.62982e-06 1.31832e-06 1.06404e-06 8.56975e-07 6.88783e-07 5.52488e-07 4.42296e-07 3.53407e-07 2.81857e-07 2.24386e-07 1.78318e-07 1.41464e-07 1.12038e-07 8.85869e-08 6.99322e-08 5.51193e-08 4.33775e-08 3.40859e-08 2.67453e-08 2.09554e-08 1.6396e-08 1.28109e-08 9.9963e-09 7.78979e-09 6.0625e-09 4.71225e-09 3.65819e-09 2.83645e-09 2.19668e-09 1.69922e-09 1.31291e-09 1.01329e-09 7.81174e-10 6.01579e-10 4.6278e-10 3.55632e-10 2.73012e-10 2.09374e-10 1.60411e-10 1.22778e-10 9.38838e-11 7.17218e-11 5.47404e-11 4.17416e-11 3.18009e-11 2.42062e-11 1.84093e-11 1.39886e-11 1.06206e-11
4.53773e-06 1.31881e-05 2.65111e-05 4.43271e-05 6.59839e-05 9.04812e-05 0.000116612 0.000143096 0.000168703 0.000192338 0.000213102 0.000230333 0.000243606 0.00025273 0.000257715 0.000258748 0.000256149 0.000250333 0.000241777 0.000230985 0.000218461 0.000204691 0.000190121 0.000175152 0.00016013 0.000145347 0.000131035 0.000117377 0.000104507 9.25138e-05 8.14502e-05 7.13374e-05 6.21709e-05 5.39264e-05 4.65639e-05 4.00329e-05 3.42753e-05 2.92292e-05 2.48308e-05 2.1017e-05 1.7726e-05 1.48996e-05 1.24827e-05 1.04249e-05 8.67962e-06 7.20522e-06 5.96419e-06 4.92328e-06 4.05315e-06 3.32816e-06 2.72597e-06 2.22729e-06 1.81553e-06 1.47648e-06 1.19807e-06 9.70041e-07 7.83752e-07 6.31934e-07 5.08503e-07 4.08382e-07 3.2735e-07 2.6191e-07 2.09172e-07 1.66759e-07 1.32716e-07 1.05445e-07 8.36406e-08 6.62381e-08 5.23741e-08 4.13483e-08 3.25946e-08 2.56564e-08 2.01661e-08 1.58283e-08 1.24065e-08 9.71126e-09 7.59151e-09 5.92676e-09 4.6212e-09 3.59874e-09 2.79908e-09 2.1745e-09 1.6873e-09 1.30774e-09 1.01242e-09 7.82919e-10 6.0478e-10 4.66673e-10 3.59724e-10 2.76998e-10 2.13079e-10 1.63746e-10 1.25711e-10 9.64172e-11 7.38794e-11 5.65569e-11 4.32562e-11 3.30535e-11 2.52347e-11 1.92486e-11 1.46698e-11
3.04995e-06 9.16039e-06 1.88791e-05 3.22371e-05 4.88863e-05 6.81724e-05 8.92308e-05 0.000111087 0.000132754 0.000153305 0.000171941 0.000188023 0.000201095 0.000210883 0.000217287 0.000220359 0.000220277 0.000217318 0.000211825 0.000204187 0.000194806 0.000184086 0.000172409 0.00016013 0.000147566 0.00013499 0.000122632 0.000110676 9.92686e-05 8.8514e-05 7.84844e-05 6.92218e-05 6.07434e-05 5.30459e-05 4.61099e-05 3.99037e-05 3.43865e-05 2.95117e-05 2.52291e-05 2.1487e-05 1.82339e-05 1.54194e-05 1.29957e-05 1.09175e-05 9.14291e-06 7.63367e-06 6.35494e-06 5.27546e-06 4.36735e-06 3.60597e-06 2.96966e-06 2.43952e-06 1.99917e-06 1.63445e-06 1.33321e-06 1.08507e-06 8.81198e-07 7.14127e-07 5.77544e-07 4.6615e-07 3.75508e-07 3.01917e-07 2.42299e-07 1.94101e-07 1.55217e-07 1.23908e-07 9.87486e-08 7.85681e-08 6.24113e-08 4.9499e-08 3.91978e-08 3.09937e-08 2.44706e-08 1.92926e-08 1.51887e-08 1.19413e-08 9.37552e-09 7.35124e-09 5.75653e-09 4.50201e-09 3.51648e-09 2.74332e-09 2.13758e-09 1.66362e-09 1.29325e-09 1.00418e-09 7.7886e-10 6.03432e-10 4.67011e-10 3.61049e-10 2.78838e-10 2.15126e-10 1.65804e-10 1.27663e-10 9.82008e-11 7.54653e-11 5.79388e-11 4.44415e-11 3.40574e-11 2.60761e-11 1.99476e-11
2.04997e-06 6.35612e-06 1.34212e-05 2.33921e-05 3.61219e-05 5.12064e-05 6.80455e-05 8.59158e-05 0.000104042 0.000121666 0.000138094 0.000152744 0.00016516 0.000175033 0.00018219 0.000186591 0.000188306 0.000187502 0.000184414 0.000179326 0.000172554 0.000164422 0.000155251 0.000145347 0.00013499 0.000124432 0.00011389 0.000103544 9.35437e-05 8.40023e-05 7.50043e-05 6.66069e-05 5.88439e-05 5.17291e-05 4.526e-05 3.9421e-05 3.41867e-05 2.95243e-05 2.53961e-05 2.17613e-05 1.85779e-05 1.58038e-05 1.33979e-05 1.13207e-05 9.53492e-06 8.00608e-06 6.7023e-06 5.59463e-06 4.65695e-06 3.86591e-06 3.2008e-06 2.64335e-06 2.17758e-06 1.78956e-06 1.46724e-06 1.20024e-06 9.79655e-07 7.97886e-07 6.48481e-07 5.25974e-07 4.25761e-07 3.43973e-07 2.77369e-07 2.23249e-07 1.79364e-07 1.43852e-07 1.15173e-07 9.20557e-08 7.34578e-08 5.8523e-08 4.65513e-08 3.69716e-08 2.93191e-08 2.32162e-08 1.83572e-08 1.44946e-08 1.14289e-08 8.99933e-09 7.07683e-09 5.55777e-09 4.3592e-09 3.41481e-09 2.67172e-09 2.0878e-09 1.62957e-09 1.27043e-09 9.89302e-10 7.69519e-10 5.97902e-10 4.64055e-10 3.59787e-10 2.78654e-10 2.15594e-10 1.66636e-10 1.28667e-10 9.92518e-11 7.64876e-11 5.88886e-11 4.52966e-11 3.48096e-11 2.67264e-11
1.37785e-06 4.40599e-06 9.52574e-06 1.69383e-05 2.6623e-05 3.83515e-05 5.1723e-05 6.62137e-05 8.12306e-05 9.61637e-05 0.000110432 0.000123519 0.000135 0.000144553 0.000151969 0.000157146 0.000160077 0.000160844 0.000159594 0.000156529 0.000151882 0.000145911 0.000138876 0.000131035 0.000122632 0.00011389 0.000105008 9.61596e-05 8.74887e-05 7.91125e-05 7.11223e-05 6.35852e-05 5.65468e-05 5.00342e-05 4.40584e-05 3.86175e-05 3.36989e-05 2.92821e-05 2.53407e-05 2.18439e-05 1.87586e-05 1.60507e-05 1.36856e-05 1.16296e-05 9.85023e-06 8.31682e-06 7.0007e-06 5.87547e-06 4.91701e-06 4.1035e-06 3.41539e-06 2.83525e-06 2.3477e-06 1.93922e-06 1.59797e-06 1.31372e-06 1.07759e-06 8.8196e-07 7.20297e-07 5.87039e-07 4.77461e-07 3.87567e-07 3.13989e-07 2.53899e-07 2.04931e-07 1.65109e-07 1.32791e-07 1.06616e-07 8.54564e-08 6.83837e-08 5.4634e-08 4.35803e-08 3.47095e-08 2.76027e-08 2.19187e-08 1.738e-08 1.37616e-08 1.08814e-08 8.59232e-09 6.77573e-09 5.33622e-09 4.19714e-09 3.29705e-09 2.58679e-09 2.02707e-09 1.58657e-09 1.24034e-09 9.68554e-10 7.55467e-10 5.88607e-10 4.58102e-10 3.56149e-10 2.76595e-10 2.14589e-10 1.66313e-10 1.28768e-10 9.9601e-11 7.69656e-11 5.94175e-11 4.58272e-11 3.53126e-11
9.26094e-07 3.05136e-06 6.75068e-06 1.22406e-05 1.95753e-05 2.86454e-05 3.91964e-05 5.086e-05 6.31926e-05 7.57151e-05 8.79508e-05 9.94568e-05 0.000109849 0.000118818 0.000126139 0.000131673 0.000135362 0.000137224 0.00013734 0.00013584 0.000132893 0.000128695 0.000123452 0.000117377 0.000110676 0.000103544 9.61596e-05 8.86812e-05 8.12464e-05 7.39704e-05 6.69467e-05 6.02479e-05 5.39275e-05 4.80222e-05 4.25535e-05 3.75303e-05 3.29509e-05 2.88051e-05 2.50764e-05 2.17431e-05 1.87805e-05 1.61615e-05 1.3858e-05 1.18419e-05 1.00855e-05 8.56194e-06 7.24593e-06 6.11374e-06 5.14341e-06 4.31486e-06 3.60986e-06 3.01201e-06 2.50669e-06 2.08091e-06 1.72325e-06 1.42367e-06 1.17346e-06 9.65056e-07 7.91927e-07 6.48472e-07 5.29902e-07 4.32135e-07 3.5171e-07 2.85701e-07 2.31645e-07 1.87471e-07 1.51448e-07 1.22133e-07 9.83234e-08 7.90227e-08 6.34065e-08 5.07947e-08 4.06276e-08 3.24455e-08 2.58722e-08 2.06002e-08 1.63788e-08 1.3004e-08 1.03102e-08 8.16332e-09 6.45484e-09 5.09723e-09 4.01999e-09 3.16641e-09 2.49098e-09 1.95725e-09 1.53604e-09 1.20406e-09 9.4274e-10 7.37301e-10 5.75988e-10 4.49476e-10 3.50374e-10 2.72833e-10 2.12231e-10 1.64921e-10 1.28029e-10 9.92902e-11 7.69274e-11 5.95441e-11 4.60453e-11
6.22457e-07 2.11138e-06 4.7772e-06 8.82929e-06 1.4361e-05 2.13407e-05 2.96182e-05 3.89437e-05 4.89931e-05 5.93982e-05 6.97762e-05 7.97564e-05 8.90026e-05 9.72294e-05 0.000104213 0.000109797 0.000113892 0.000116469 0.00011756 0.00011724 0.000115624 0.000112855 0.000109093 0.000104507 9.92686e-05 9.35437e-05 8.74887e-05 8.12464e-05 7.49438e-05 6.86906e-05 6.25787e-05 5.66826e-05 5.10605e-05 4.57552e-05 4.07959e-05 3.61998e-05 3.19739e-05 2.8117e-05 2.46206e-05 2.14712e-05 1.86513e-05 1.61407e-05 1.39171e-05 1.19578e-05 1.02394e-05 8.73921e-06 7.43518e-06 6.30631e-06 5.33294e-06 4.49681e-06 3.78118e-06 3.17081e-06 2.65197e-06 2.21236e-06 1.84103e-06 1.52832e-06 1.26575e-06 1.04588e-06 8.62284e-07 7.0937e-07 5.82338e-07 4.77067e-07 3.9004e-07 3.18261e-07 2.59194e-07 2.10693e-07 1.70955e-07 1.38463e-07 1.11951e-07 9.03601e-08 7.28114e-08 5.85748e-08 4.70463e-08 3.77276e-08 3.02082e-08 2.41511e-08 1.928e-08 1.53692e-08 1.22342e-08 9.72524e-09 7.72026e-09 6.12043e-09 4.84576e-09 3.83162e-09 3.02589e-09 2.38663e-09 1.88013e-09 1.47935e-09 1.16263e-09 9.12659e-10 7.15621e-10 5.60496e-10 4.38515e-10 3.4271e-10 2.67551e-10 2.08657e-10 1.6256e-10 1.26518e-10 9.83695e-11 7.64085e-11 5.9293e-11
4.18372e-07 1.45976e-06 3.37607e-06 6.35736e-06 1.05132e-05 1.58599e-05 2.23197e-05 2.97305e-05 3.7862e-05 4.64372e-05 5.5155e-05 6.37117e-05 7.18205e-05 7.92269e-05 8.57195e-05 9.11377e-05 9.53732e-05 9.83702e-05 0.000100121 0.000100662 0.000100063 9.84235e-05 9.5863e-05 9.25138e-05 8.8514e-05 8.40023e-05 7.91125e-05 7.39704e-05 6.86906e-05 6.33746e-05 5.81102e-05 5.2971e-05 4.80167e-05 4.32936e-05 3.88361e-05 3.46676e-05 3.08017e-05 2.72441e-05 2.39935e-05 2.10431e-05 1.83819e-05 1.59955e-05 1.38673e-05 1.19793e-05 1.03125e-05 8.84805e-06 7.56702e-06 6.45122e-06 5.4833e-06 4.64692e-06 3.9269e-06 3.30928e-06 2.78132e-06 2.3315e-06 1.94947e-06 1.62603e-06 1.353e-06 1.12319e-06 9.30298e-07 7.68825e-07 6.34008e-07 5.21732e-07 4.28458e-07 3.51154e-07 2.87235e-07 2.34502e-07 1.91094e-07 1.55436e-07 1.26207e-07 1.02296e-07 8.27737e-08 6.68653e-08 5.39261e-08 4.34213e-08 3.49081e-08 2.80209e-08 2.24588e-08 1.79742e-08 1.43643e-08 1.14631e-08 9.13524e-09 7.27016e-09 5.77812e-09 4.58627e-09 3.63556e-09 2.87829e-09 2.27592e-09 1.79741e-09 1.41781e-09 1.11706e-09 8.79087e-10 6.91022e-10 5.42582e-10 4.25559e-10 3.33414e-10 2.60942e-10 2.04009e-10 1.59333e-10 1.24314e-10 9.68952e-11 7.54493e-11
2.81201e-07 1.00847e-06 2.38283e-06 4.5698e-06 7.68081e-06 1.17594e-05 1.67763e-05 2.26327e-05 2.91704e-05 3.61857e-05 4.34463e-05 5.07085e-05 5.77329e-05 6.42984e-05 7.02129e-05 7.53206e-05 7.95066e-05 8.26976e-05 8.48611e-05 8.60018e-05 8.6157e-05 8.5391e-05 8.37887e-05 8.14502e-05 7.84844e-05 7.50043e-05 7.11223e-05 6.69467e-05 6.25787e-05 5.81102e-05 5.3623e-05 4.91873e-05 4.48621e-05 4.06952e-05 3.67238e-05 3.29753e-05 2.94685e-05 2.62144e-05 2.32172e-05 2.0476e-05 1.7985e-05 1.57353e-05 1.37151e-05 1.19107e-05 1.03073e-05 8.88939e-06 7.64136e-06 6.54763e-06 5.59316e-06 4.76354e-06 4.04522e-06 3.42556e-06 2.8929e-06 2.43658e-06 2.04695e-06 1.71531e-06 1.4339e-06 1.1958e-06 9.94938e-07 8.25947e-07 6.84153e-07 5.65488e-07 4.66428e-07 3.83936e-07 3.15404e-07 2.58602e-07 2.11626e-07 1.72862e-07 1.40942e-07 1.14713e-07 9.32023e-08 7.55968e-08 6.12149e-08 4.94884e-08 3.99445e-08 3.21907e-08 2.59023e-08 2.08111e-08 1.6696e-08 1.33753e-08 1.06999e-08 8.5477e-09 6.81913e-09 5.43285e-09 4.32271e-09 3.43497e-09 2.72609e-09 2.16082e-09 1.71066e-09 1.35266e-09 1.06831e-09 8.42763e-10 6.64074e-10 5.22684e-10 4.10944e-10 3.22741e-10 2.53199e-10 1.98432e-10 1.5535e-10 1.21498e-10 9.49275e-11
1.89004e-07 6.96182e-07 1.67976e-06 3.27963e-06 5.60076e-06 8.69989e-06 1.25787e-05 1.71831e-05 2.24088e-05 2.81097e-05 3.41103e-05 4.02186e-05 4.62389e-05 5.19835e-05 5.72826e-05 6.19916e-05 6.59961e-05 6.92147e-05 7.1599e-05 7.31321e-05 7.3826e-05 7.37176e-05 7.28638e-05 7.13374e-05 6.92218e-05 6.66069e-05 6.35852e-05 6.02479e-05 5.66826e-05 5.2971e-05 4.91873e-05 4.53969e-05 4.16564e-05 3.80132e-05 3.45056e-05 3.11634e-05 2.80086e-05 2.50562e-05 2.2315e-05 1.97884e-05 1.74753e-05 1.53712e-05 1.34686e-05 1.17577e-05 1.02274e-05 8.86556e-06 7.65933e-06 6.59578e-06 5.6621e-06 4.84581e-06 4.13497e-06 3.51831e-06 2.98529e-06 2.52619e-06 2.13208e-06 1.79487e-06 1.50724e-06 1.26264e-06 1.05524e-06 8.79893e-07 7.3204e-07 6.07704e-07 5.03413e-07 4.16154e-07 3.43323e-07 2.82678e-07 2.32295e-07 1.90532e-07 1.55988e-07 1.27476e-07 1.03992e-07 8.46872e-08 6.88494e-08 5.58808e-08 4.52813e-08 3.6634e-08 2.95919e-08 2.38669e-08 1.92207e-08 1.54563e-08 1.24112e-08 9.95196e-09 7.96894e-09 6.37236e-09 5.08885e-09 4.05853e-09 3.23264e-09 2.57156e-09 2.04312e-09 1.62129e-09 1.285e-09 1.01727e-09 8.04378e-10 6.35315e-10 5.01221e-10 3.94993e-10 3.1094e-10 2.44511e-10 1.92071e-10 1.50721e-10 1.18153e-10
1.27036e-07 4.80266e-07 1.18277e-06 2.35014e-06 4.07657e-06 6.42293e-06 9.4093e-06 1.30123e-05 1.71669e-05 2.17714e-05 2.66963e-05 3.1793e-05 3.69044e-05 4.18743e-05 4.65564e-05 5.08204e-05 5.45581e-05 5.76861e-05 6.01471e-05 6.19102e-05 6.29691e-05 6.33398e-05 6.3057e-05 6.21709e-05 6.07434e-05 5.88439e-05 5.65468e-05 5.39275e-05 5.10605e-05 4.80167e-05 4.48621e-05 4.16564e-05 3.84526e-05 3.52961e-05 3.22249e-05 2.92698e-05 2.64549e-05 2.37977e-05 2.13103e-05 1.89996e-05 1.68683e-05 1.49155e-05 1.31373e-05 1.15275e-05 1.00782e-05 8.78007e-06 7.62315e-06 6.59688e-06 5.69057e-06 4.89359e-06 4.19561e-06 3.58672e-06 3.05753e-06 2.59927e-06 2.20379e-06 1.86364e-06 1.572e-06 1.32275e-06 1.11035e-06 9.29885e-07 7.76979e-07 6.47776e-07 5.38891e-07 4.47361e-07 3.70612e-07 3.06413e-07 2.52836e-07 2.08226e-07 1.71164e-07 1.40441e-07 1.15025e-07 9.40431e-08 7.6756e-08 6.25411e-08 5.08745e-08 4.13173e-08 3.35023e-08 2.71233e-08 2.19254e-08 1.76971e-08 1.42634e-08 1.14793e-08 9.22563e-09 7.40414e-09 5.9342e-09 4.74973e-09 3.7967e-09 3.03098e-09 2.41663e-09 1.92441e-09 1.53056e-09 1.21586e-09 9.64722e-10 7.64566e-10 6.05245e-10 4.78584e-10 3.7801e-10 2.98247e-10 2.35062e-10 1.85067e-10 1.45554e-10
