0.396158 0.118753 0.0402447 0.0146501 0.0033775 0.000609044 9.546e-05 1.37208e-05 1.86329e-06 2.43363e-07 3.09138e-08 3.84717e-09 4.71372e-10 5.70569e-11 6.83979e-12 8.13482e-13 9.61198e-14 1.1295e-14 1.32106e-15 1.53886e-16 1.78626e-17 2.06701e-18 2.38531e-19 2.74587e-20 3.15396e-21 3.61549e-22 4.13706e-23 4.72606e-24 5.39069e-25 6.13512e-26 6.9793e-27
0.118753 0.0418827 0.0168633 0.00260251 0.000327152 3.79567e-05 4.24749e-06 4.67326e-07 5.1016e-08 5.55046e-09 6.03175e-10 6.55414e-11 7.1247e-12 7.74978e-13 8.43563e-14 9.18863e-15 1.00156e-15 1.09238e-16 1.19214e-17 1.30168e-18 1.42198e-19 1.55409e-20 1.69914e-21 1.85841e-22 2.03329e-23 2.22531e-24 2.43614e-25 2.66761e-26 2.92002e-27 3.06527e-28 3.35933e-29
0.0402447 0.0168633 0.00212578 0.000252047 2.84806e-05 3.13297e-06 3.40166e-07 3.67348e-08 3.96123e-09 4.27329e-10 4.61554e-11 4.99259e-12 5.40851e-13 5.86726e-14 6.37296e-15 6.93002e-16 7.54326e-17 8.21795e-18 8.95991e-19 9.77555e-20 1.06719e-20 1.16568e-21 1.27388e-22 1.39272e-23 1.52325e-24 1.6666e-25 1.82402e-26 1.99619e-27 2.13303e-28 2.3307e-29 2.55418e-30
0.0146501 0.00260251 0.000252047 2.59093e-05 2.70899e-06 2.84921e-07 3.00894e-08 3.19067e-09 3.39732e-10 3.6314e-11 3.89507e-12 4.19048e-13 4.5199e-14 4.88588e-15 5.29129e-16 5.73939e-17 6.23385e-18 6.77878e-19 7.37877e-20 8.03891e-21 8.76484e-22 9.56279e-23 1.04397e-23 1.1403e-24 1.24612e-25 1.36234e-26 1.48968e-27 1.60854e-28 1.75733e-29 1.91958e-30 2.10268e-31
0.0033775 0.000327152 2.84806e-05 2.70899e-06 2.69336e-07 2.74257e-08 2.83482e-09 2.96162e-10 3.11954e-11 3.3073e-12 3.52472e-13 3.77239e-14 4.05146e-15 4.36361e-16 4.71096e-17 5.09607e-18 5.52192e-19 5.99193e-20 6.50995e-21 7.0803e-22 7.70778e-23 8.39772e-24 9.15601e-25 9.98914e-26 1.09043e-26 1.19081e-27 1.29253e-28 1.41119e-29 1.54093e-30 1.68223e-31 1.84141e-32
0.000609044 3.79567e-05 3.13297e-06 2.84921e-07 2.74257e-08 2.73079e-09 2.77864e-10 2.87002e-11 2.99713e-12 3.1561e-13 3.34518e-14 3.56391e-15 3.81272e-16 4.09269e-17 4.40548e-18 4.75321e-19 5.13842e-20 5.56411e-21 6.03368e-22 6.55096e-23 7.12025e-24 7.74632e-25 8.43446e-26 9.19051e-27 1.00204e-27 1.08968e-28 1.18858e-29 1.2968e-30 1.41505e-31 1.54374e-32 1.68848e-33
9.546e-05 4.24749e-06 3.40166e-07 3.00894e-08 2.83482e-09 2.77864e-10 2.79491e-11 2.86181e-12 2.96826e-13 3.1085e-14 3.2796e-15 3.48034e-16 3.71064e-17 3.97118e-18 4.26329e-19 4.58878e-20 4.94994e-21 5.34947e-22 5.79049e-23 6.27656e-24 6.81163e-25 7.40014e-26 8.04701e-27 8.75747e-28 9.5232e-29 1.03743e-29 1.13066e-30 1.23265e-31 1.34404e-32 1.46521e-33 1.60129e-34
1.37208e-05 4.67326e-07 3.67348e-08 3.19067e-09 2.96162e-10 2.87002e-11 2.86181e-12 2.91043e-13 3.00215e-14 3.12964e-15 3.28905e-16 3.47855e-17 3.69765e-18 3.94674e-19 4.22689e-20 4.53971e-21 4.88732e-22 5.27223e-23 5.69738e-24 6.16613e-25 6.68226e-26 7.24999e-27 7.87393e-28 8.55322e-29 9.30325e-30 1.01256e-30 1.10262e-31 1.20112e-32 1.30868e-33 1.42563e-34 1.55682e-35
1.86329e-06 5.1016e-08 3.96123e-09 3.39732e-10 3.11954e-11 2.99713e-12 2.96826e-13 3.00215e-14 3.08268e-15 3.20116e-16 3.35291e-17 3.53558e-18 3.74832e-19 3.99128e-20 4.26535e-21 4.572e-22 4.91318e-23 5.29132e-24 5.70923e-25 6.17016e-26 6.67779e-27 7.23617e-28 7.84727e-29 8.52021e-30 9.25855e-31 1.0068e-31 1.09544e-32 1.19237e-33 1.2982e-34 1.41323e-35 1.54213e-36
2.43363e-07 5.55046e-09 4.27329e-10 3.6314e-11 3.3073e-12 3.1561e-13 3.1085e-14 3.12964e-15 3.20116e-16 3.31306e-17 3.45987e-18 3.63877e-19 3.84858e-20 4.08923e-21 4.36146e-22 4.66661e-23 5.00657e-24 5.38365e-25 5.80063e-26 6.2607e-27 6.76745e-28 7.32377e-29 7.93595e-30 8.60813e-31 9.34558e-32 1.0154e-32 1.10391e-33 1.2007e-34 1.30635e-35 1.42117e-36 1.54971e-37
3.09138e-08 6.03175e-10 4.61554e-11 3.89507e-12 3.52472e-13 3.34518e-14 3.2796e-15 3.28905e-16 3.35291e-17 3.45987e-18 3.60369e-19 3.78108e-20 3.99054e-21 4.23179e-22 4.50544e-23 4.81274e-24 5.15549e-25 5.53598e-26 5.95696e-27 6.42158e-28 6.93291e-29 7.49581e-30 8.11441e-31 8.79359e-32 9.53869e-33 1.03554e-33 1.12496e-34 1.22272e-35 1.32943e-36 1.44537e-37 1.57506e-38
3.84717e-09 6.55414e-11 4.99259e-12 4.19048e-13 3.77239e-14 3.56391e-15 3.48034e-16 3.47855e-17 3.53558e-18 3.63877e-19 3.78108e-20 3.95872e-21 4.16988e-22 4.4141e-23 4.69183e-24 5.00425e-25 5.35313e-26 5.74072e-27 6.16977e-28 6.6432e-29 7.16503e-30 7.73915e-31 8.37009e-32 9.0628e-33 9.8227e-34 1.06555e-34 1.15673e-35 1.25641e-36 1.36519e-37 1.48338e-38 1.61548e-39
4.71372e-10 7.1247e-12 5.40851e-13 4.5199e-14 4.05146e-15 3.81272e-16 3.71064e-17 3.69765e-18 3.74832e-19 3.84858e-20 3.99054e-21 4.16988e-22 4.38449e-23 4.63367e-24 4.91778e-25 5.23792e-26 5.59582e-27 5.99374e-28 6.4343e-29 6.92094e-30 7.45724e-31 8.04734e-32 8.69584e-33 9.40781e-34 1.01888e-34 1.10447e-35 1.19816e-36 1.30058e-37 1.41234e-38 1.53374e-39 1.66935e-40
5.70569e-11 7.74978e-13 5.86726e-14 4.88588e-15 4.36361e-16 4.09269e-17 3.97118e-18 3.94674e-19 3.99128e-20 4.08923e-21 4.23179e-22 4.4141e-23 4.63367e-24 4.88964e-25 5.1822e-26 5.51241e-27 5.88196e-28 6.29307e-29 6.74865e-30 7.25193e-31 7.80667e-32 8.41711e-33 9.08798e-34 9.82448e-35 1.06323e-35 1.15176e-36 1.24866e-37 1.35457e-38 1.47013e-39 1.59566e-40 1.73578e-41
6.83979e-12 8.43563e-14 6.37296e-15 5.29129e-16 4.71096e-17 4.40548e-18 4.26329e-19 4.22689e-20 4.26535e-21 4.36146e-22 4.50544e-23 4.69183e-24 4.91778e-25 5.1822e-26 5.48516e-27 5.82765e-28 6.21132e-29 6.63855e-30 7.11216e-31 7.63551e-32 8.21247e-33 8.84741e-34 9.54522e-35 1.03113e-35 1.11515e-36 1.20721e-37 1.30798e-38 1.41811e-39 1.53826e-40 1.66876e-41 1.81435e-42
8.13482e-13 9.18863e-15 6.93002e-16 5.73939e-17 5.09607e-18 4.75321e-19 4.58878e-20 4.53971e-21 4.572e-22 4.66661e-23 4.81274e-24 5.00425e-25 5.23792e-26 5.51241e-27 5.82765e-28 6.18454e-29 6.58485e-30 7.03088e-31 7.52556e-32 8.07234e-33 8.67523e-34 9.33877e-35 1.0068e-35 1.08686e-36 1.17465e-37 1.27085e-38 1.37613e-39 1.49118e-40 1.61669e-41 1.75301e-42 1.905e-43
9.61198e-14 1.00156e-15 7.54326e-17 6.23385e-18 5.52192e-19 5.13842e-20 4.94994e-21 4.88732e-22 4.91318e-23 5.00657e-24 5.15549e-25 5.35313e-26 5.59582e-27 5.88196e-28 6.21132e-29 6.58485e-30 7.00421e-31 7.47177e-32 7.99056e-33 8.56415e-34 9.19671e-35 9.89295e-36 1.06581e-36 1.14981e-37 1.24193e-38 1.34285e-39 1.45329e-40 1.57398e-41 1.70562e-42 1.84859e-43 2.00792e-44
1.1295e-14 1.09238e-16 8.21795e-18 6.77878e-19 5.99193e-20 5.56411e-21 5.34947e-22 5.27223e-23 5.29132e-24 5.38365e-25 5.53598e-26 5.74072e-27 5.99374e-28 6.29307e-29 6.63855e-30 7.03088e-31 7.47177e-32 7.96366e-33 8.50968e-34 9.11354e-35 9.77958e-36 1.05127e-36 1.13185e-37 1.2203e-38 1.3173e-39 1.42355e-40 1.53982e-41 1.66687e-42 1.80543e-43 1.95592e-44 2.12353e-45
1.32106e-15 1.19214e-17 8.95991e-19 7.37877e-20 6.50995e-21 6.03368e-22 5.79049e-23 5.69738e-24 5.70923e-25 5.80063e-26 5.95696e-27 6.16977e-28 6.4343e-29 6.74865e-30 7.11216e-31 7.52556e-32 7.99056e-33 8.50968e-34 9.08615e-35 9.72387e-36 1.04274e-36 1.12018e-37 1.2053e-38 1.29873e-39 1.40117e-40 1.5134e-41 1.63618e-42 1.77034e-43 1.91665e-44 2.07554e-45 2.25244e-46
1.53886e-16 1.30168e-18 9.77555e-20 8.03891e-21 7.0803e-22 6.55096e-23 6.27656e-24 6.16613e-25 6.17016e-26 6.2607e-27 6.42158e-28 6.6432e-29 6.92094e-30 7.25193e-31 7.63551e-32 8.07234e-33 8.56415e-34 9.11354e-35 9.72387e-36 1.03992e-36 1.11443e-37 1.19646e-38 1.28662e-39 1.38559e-40 1.49409e-41 1.61295e-42 1.74298e-43 1.88504e-44 2.03996e-45 2.20819e-46 2.3954e-47
1.78626e-17 1.42198e-19 1.06719e-20 8.76484e-22 7.70778e-23 7.12025e-24 6.81163e-25 6.68226e-26 6.67779e-27 6.76745e-28 6.93291e-29 7.16503e-30 7.45724e-31 7.80667e-32 8.21247e-33 8.67523e-34 9.19671e-35 9.77958e-36 1.04274e-36 1.11443e-37 1.19355e-38 1.28065e-39 1.37639e-40 1.48147e-41 1.59668e-42 1.72287e-43 1.86091e-44 2.01172e-45 2.17616e-46 2.35473e-47 2.55334e-48
2.06701e-18 1.55409e-20 1.16568e-21 9.56279e-23 8.39772e-24 7.74632e-25 7.40014e-26 7.24999e-27 7.23617e-28 7.32377e-29 7.49581e-30 7.73915e-31 8.04734e-32 8.41711e-33 8.84741e-34 9.33877e-35 9.89295e-36 1.05127e-36 1.12018e-37 1.19646e-38 1.28065e-39 1.37335e-40 1.47523e-41 1.58706e-42 1.70966e-43 1.84393e-44 1.9908e-45 2.15124e-46 2.32618e-47 2.51613e-48 2.72733e-49
2.38531e-19 1.69914e-21 1.27388e-22 1.04397e-23 9.15601e-25 8.43446e-26 8.04701e-27 7.87393e-28 7.84727e-29 7.93595e-30 8.11441e-31 8.37009e-32 8.69584e-33 9.08798e-34 9.54522e-35 1.0068e-35 1.06581e-36 1.13185e-37 1.2053e-38 1.28662e-39 1.37639e-40 1.47523e-41 1.58387e-42 1.70311e-43 1.83384e-44 1.97699e-45 2.13357e-46 2.3046e-47 2.49108e-48 2.69355e-49 2.91858e-50
2.74587e-20 1.85841e-22 1.39272e-23 1.1403e-24 9.98914e-26 9.19051e-27 8.75747e-28 8.55322e-29 8.52021e-30 8.60813e-31 8.79359e-32 9.0628e-33 9.40781e-34 9.82448e-35 1.03113e-35 1.08686e-36 1.14981e-37 1.2203e-38 1.29873e-39 1.38559e-40 1.48147e-41 1.58706e-42 1.70311e-43 1.83049e-44 1.97012e-45 2.12302e-46 2.29026e-47 2.4729e-48 2.67203e-49 2.88825e-50 3.12844e-51
3.15396e-21 2.03329e-23 1.52325e-24 1.24612e-25 1.09043e-26 1.00204e-27 9.5232e-29 9.30325e-30 9.25855e-31 9.34558e-32 9.53869e-33 9.8227e-34 1.01888e-34 1.06323e-35 1.11515e-36 1.17465e-37 1.24193e-38 1.3173e-39 1.40117e-40 1.49409e-41 1.59668e-42 1.70966e-43 1.83384e-44 1.97012e-45 2.11952e-46 2.28309e-47 2.46199e-48 2.65737e-49 2.87036e-50 3.10162e-51 3.35843e-52
3.61549e-22 2.22531e-24 1.6666e-25 1.36234e-26 1.19081e-27 1.08968e-28 1.03743e-29 1.01256e-30 1.0068e-31 1.0154e-32 1.03554e-33 1.06555e-34 1.10447e-35 1.15176e-36 1.20721e-37 1.27085e-38 1.34285e-39 1.42355e-40 1.5134e-41 1.61295e-42 1.72287e-43 1.84393e-44 1.97699e-45 2.12302e-46 2.28309e-47 2.45835e-48 2.65001e-49 2.85931e-50 3.08746e-51 3.33517e-52 3.61016e-53
4.13706e-23 2.43614e-25 1.82402e-26 1.48968e-27 1.29253e-28 1.18858e-29 1.13066e-30 1.10262e-31 1.09544e-32 1.10391e-33 1.12496e-34 1.15673e-35 1.19816e-36 1.24866e-37 1.30798e-38 1.37613e-39 1.45329e-40 1.53982e-41 1.63618e-42 1.74298e-43 1.86091e-44 1.9908e-45 2.13357e-46 2.29026e-47 2.46199e-48 2.65001e-49 2.85561e-50 3.08011e-51 3.32483e-52 3.59052e-53 3.88537e-54
4.72606e-24 2.66761e-26 1.99619e-27 1.60854e-28 1.41119e-29 1.2968e-30 1.23265e-31 1.20112e-32 1.19237e-33 1.2007e-34 1.22272e-35 1.25641e-36 1.30058e-37 1.35457e-38 1.41811e-39 1.49118e-40 1.57398e-41 1.66687e-42 1.77034e-43 1.88504e-44 2.01172e-45 2.15124e-46 2.3046e-47 2.4729e-48 2.65737e-49 2.85931e-50 3.08011e-51 3.32121e-52 3.58399e-53 3.8693e-54 4.1858e-55
5.39069e-25 2.92002e-27 2.13303e-28 1.75733e-29 1.54093e-30 1.41505e-31 1.34404e-32 1.30868e-33 1.2982e-34 1.30635e-35 1.32943e-36 1.36519e-37 1.41234e-38 1.47013e-39 1.53826e-40 1.61669e-41 1.70562e-42 1.80543e-43 1.91665e-44 2.03996e-45 2.17616e-46 2.32618e-47 2.49108e-48 2.67203e-49 2.87036e-50 3.08746e-51 3.32483e-52 3.58399e-53 3.86646e-54 4.17312e-55 4.51321e-56
6.13512e-26 3.06527e-28 2.3307e-29 1.91958e-30 1.68223e-31 1.54374e-32 1.46521e-33 1.42563e-34 1.41323e-35 1.42117e-36 1.44537e-37 1.48338e-38 1.53374e-39 1.59566e-40 1.66876e-41 1.75301e-42 1.84859e-43 1.95592e-44 2.07554e-45 2.20819e-46 2.35473e-47 2.51613e-48 2.69355e-49 2.88825e-50 3.10162e-51 3.33517e-52 3.59052e-53 3.8693e-54 4.17312e-55 4.50297e-56 4.86865e-57
6.9793e-27 3.35933e-29 2.55418e-30 2.10268e-31 1.84141e-32 1.68848e-33 1.60129e-34 1.55682e-35 1.54213e-36 1.54971e-37 1.57506e-38 1.61548e-39 1.66935e-40 1.73578e-41 1.81435e-42 1.905e-43 2.00792e-44 2.12353e-45 2.25244e-46 2.3954e-47 2.55334e-48 2.72733e-49 2.91858e-50 3.12844e-51 3.35843e-52 3.61016e-53 3.88537e-54 4.1858e-55 4.51321e-56 4.86865e-57 5.26259e-58
