0.801023 0.0007398 0.000696038 0.000654864 0.000616126 0.00057968 0.000545389 0.000513127 0.000482774 0.000454216 0.000427347 0.000402068 0.000378284 0.000355907 0.000334853 0.000315045 0.000296409 0.000278875 0.000262379 0.000246858 0.000232255 0.000218516 0.00020559 0.000193429 0.000181987 0.000171221 0.000161093 0.000151564 0.000142598 0.000134163 0.000126227 0.00011876 0.000111735 0.000105125 9.89065e-05 9.30557e-05 8.75511e-05 8.23721e-05 7.74995e-05 7.29151e-05 6.86018e-05 6.45437e-05 6.07257e-05 5.71335e-05 5.37539e-05 5.05741e-05 4.75824e-05 4.47677e-05 4.21195e-05 3.9628e-05 3.72838e-05 3.50784e-05 3.30033e-05 3.1051e-05 2.92142e-05 2.74861e-05 2.58602e-05 2.43305e-05 2.28912e-05 2.15371e-05 2.02631e-05 1.90644e-05 1.79367e-05 1.68757e-05 1.58774e-05 1.49382e-05 1.40545e-05 1.32232e-05 1.2441e-05 1.1705e-05 1.10126e-05 1.03612e-05 9.74827e-06 9.17162e-06 8.62908e-06 8.11864e-06 7.63839e-06 7.18654e-06 6.76143e-06 6.36146e-06 5.98516e-06 5.63111e-06 5.29801e-06 4.98461e-06 4.68975e-06 4.41233e-06 4.15132e-06 3.90576e-06 3.67471e-06 3.45734e-06 3.25282e-06 3.06041e-06 2.87937e-06 2.70904e-06 2.54879e-06 2.39802e-06 2.25617e-06 2.12271e-06 1.99714e-06 1.879e-06 1.76785e-06
0.0007398 0.000119762 0.000114495 0.000109433 0.000104569 9.98973e-05 9.54125e-05 9.11087e-05 8.69802e-05 8.30214e-05 7.92265e-05 7.55901e-05 7.21067e-05 6.87709e-05 6.55775e-05 6.25212e-05 5.9597e-05 5.68e-05 5.41254e-05 5.15684e-05 4.91246e-05 4.67894e-05 4.45586e-05 4.2428e-05 4.03936e-05 3.84514e-05 3.65976e-05 3.48285e-05 3.31408e-05 3.15308e-05 2.99953e-05 2.85311e-05 2.71353e-05 2.58047e-05 2.45366e-05 2.33282e-05 2.21769e-05 2.10802e-05 2.00356e-05 1.90409e-05 1.80937e-05 1.7192e-05 1.63336e-05 1.55167e-05 1.47392e-05 1.39994e-05 1.32956e-05 1.2626e-05 1.19892e-05 1.13835e-05 1.08075e-05 1.02598e-05 9.73907e-06 9.24407e-06 8.77355e-06 8.32635e-06 7.90136e-06 7.49751e-06 7.1138e-06 6.74924e-06 6.40292e-06 6.07396e-06 5.76151e-06 5.46477e-06 5.18298e-06 4.9154e-06 4.66134e-06 4.42014e-06 4.19117e-06 3.97382e-06 3.76752e-06 3.57171e-06 3.38589e-06 3.20956e-06 3.04224e-06 2.88349e-06 2.73287e-06 2.58998e-06 2.45443e-06 2.32586e-06 2.20391e-06 2.08824e-06 1.97855e-06 1.87453e-06 1.7759e-06 1.68237e-06 1.59369e-06 1.50962e-06 1.42992e-06 1.35436e-06 1.28274e-06 1.21486e-06 1.15052e-06 1.08953e-06 1.03174e-06 9.76973e-07 9.25074e-07 8.75896e-07 8.293e-07 7.85151e-07 7.43324e-07
0.000696038 0.000114495 0.000109727 0.000105127 0.000100691 9.64166e-05 9.22989e-05 8.83345e-05 8.45195e-05 8.08498e-05 7.73214e-05 7.39302e-05 7.06723e-05 6.75436e-05 6.454e-05 6.16576e-05 5.88923e-05 5.62404e-05 5.36979e-05 5.12611e-05 4.89263e-05 4.66898e-05 4.45481e-05 4.24978e-05 4.05353e-05 3.86575e-05 3.68611e-05 3.51431e-05 3.35002e-05 3.19297e-05 3.04286e-05 2.89942e-05 2.76237e-05 2.63147e-05 2.50646e-05 2.38709e-05 2.27313e-05 2.16436e-05 2.06055e-05 1.9615e-05 1.86701e-05 1.77688e-05 1.69091e-05 1.60894e-05 1.53079e-05 1.45629e-05 1.38528e-05 1.3176e-05 1.25311e-05 1.19167e-05 1.13314e-05 1.07738e-05 1.02428e-05 9.73718e-06 9.2557e-06 8.79729e-06 8.36091e-06 7.94553e-06 7.5502e-06 7.17398e-06 6.81599e-06 6.47539e-06 6.15134e-06 5.8431e-06 5.5499e-06 5.27105e-06 5.00586e-06 4.75369e-06 4.51393e-06 4.28598e-06 4.06927e-06 3.86328e-06 3.66748e-06 3.4814e-06 3.30455e-06 3.1365e-06 2.97682e-06 2.8251e-06 2.68097e-06 2.54404e-06 2.41398e-06 2.29043e-06 2.1731e-06 2.06166e-06 1.95584e-06 1.85535e-06 1.75993e-06 1.66934e-06 1.58333e-06 1.50168e-06 1.42417e-06 1.3506e-06 1.28077e-06 1.21449e-06 1.15159e-06 1.0919e-06 1.03525e-06 9.81502e-07 9.30502e-07 8.82115e-07 8.36208e-07
0.000654864 0.000109433 0.000105127 0.000100957 9.69207e-05 9.3017e-05 8.92435e-05 8.55982e-05 8.20787e-05 7.86824e-05 7.54067e-05 7.22489e-05 6.92061e-05 6.62756e-05 6.34543e-05 6.07394e-05 5.81278e-05 5.56166e-05 5.32028e-05 5.08835e-05 4.86557e-05 4.65166e-05 4.44632e-05 4.24927e-05 4.06024e-05 3.87895e-05 3.70513e-05 3.53852e-05 3.37886e-05 3.2259e-05 3.0794e-05 2.93911e-05 2.8048e-05 2.67626e-05 2.55325e-05 2.43556e-05 2.32299e-05 2.21533e-05 2.1124e-05 2.014e-05 1.91994e-05 1.83007e-05 1.74419e-05 1.66216e-05 1.5838e-05 1.50898e-05 1.43753e-05 1.36933e-05 1.30422e-05 1.24208e-05 1.18279e-05 1.12622e-05 1.07225e-05 1.02077e-05 9.71669e-06 9.24849e-06 8.80207e-06 8.37646e-06 7.97074e-06 7.58404e-06 7.2155e-06 6.8643e-06 6.52968e-06 6.21088e-06 5.90718e-06 5.61791e-06 5.3424e-06 5.08003e-06 4.83019e-06 4.59231e-06 4.36584e-06 4.15025e-06 3.94503e-06 3.74972e-06 3.56383e-06 3.38694e-06 3.21863e-06 3.05848e-06 2.90612e-06 2.76118e-06 2.62332e-06 2.49218e-06 2.36747e-06 2.24886e-06 2.13608e-06 2.02883e-06 1.92687e-06 1.82992e-06 1.73777e-06 1.65016e-06 1.56689e-06 1.48774e-06 1.41252e-06 1.34104e-06 1.27311e-06 1.20856e-06 1.14722e-06 1.08895e-06 1.03359e-06 9.80997e-07 9.31038e-07
0.000616126 0.000104569 0.000100691 9.69207e-05 9.3257e-05 8.96999e-05 8.6249e-05 8.29035e-05 7.96623e-05 7.65244e-05 7.34881e-05 7.05521e-05 6.77144e-05 6.49734e-05 6.2327e-05 5.97732e-05 5.731e-05 5.49352e-05 5.26465e-05 5.04419e-05 4.8319e-05 4.62757e-05 4.43095e-05 4.24184e-05 4.06e-05 3.88522e-05 3.71727e-05 3.55594e-05 3.40101e-05 3.25227e-05 3.10951e-05 2.97253e-05 2.84113e-05 2.71512e-05 2.5943e-05 2.47848e-05 2.36749e-05 2.26115e-05 2.15929e-05 2.06173e-05 1.96832e-05 1.8789e-05 1.79331e-05 1.71141e-05 1.63304e-05 1.55808e-05 1.48638e-05 1.41783e-05 1.35228e-05 1.28961e-05 1.22972e-05 1.17249e-05 1.1178e-05 1.06555e-05 1.01565e-05 9.67983e-06 9.22466e-06 8.79006e-06 8.37515e-06 7.97909e-06 7.60108e-06 7.24034e-06 6.89611e-06 6.56769e-06 6.25438e-06 5.95553e-06 5.67049e-06 5.39867e-06 5.13947e-06 4.89233e-06 4.65673e-06 4.43213e-06 4.21806e-06 4.01404e-06 3.81961e-06 3.63434e-06 3.45782e-06 3.28964e-06 3.12944e-06 2.97683e-06 2.83149e-06 2.69307e-06 2.56125e-06 2.43573e-06 2.31622e-06 2.20244e-06 2.09412e-06 1.99101e-06 1.89287e-06 1.79946e-06 1.71056e-06 1.62597e-06 1.54547e-06 1.46888e-06 1.39601e-06 1.32668e-06 1.26073e-06 1.19799e-06 1.13832e-06 1.08157e-06 1.02759e-06
0.00057968 9.98973e-05 9.64166e-05 9.3017e-05 8.96999e-05 8.64665e-05 8.33175e-05 8.02535e-05 7.72745e-05 7.43804e-05 7.15709e-05 6.88453e-05 6.6203e-05 6.3643e-05 6.11641e-05 5.87653e-05 5.64451e-05 5.42022e-05 5.20351e-05 4.99422e-05 4.79219e-05 4.59726e-05 4.40925e-05 4.22799e-05 4.05331e-05 3.88503e-05 3.72298e-05 3.56698e-05 3.41686e-05 3.27243e-05 3.13354e-05 3e-05 2.87166e-05 2.74833e-05 2.62986e-05 2.51609e-05 2.40686e-05 2.30202e-05 2.20141e-05 2.10488e-05 2.0123e-05 1.92351e-05 1.83839e-05 1.75679e-05 1.6786e-05 1.60367e-05 1.5319e-05 1.46316e-05 1.39732e-05 1.3343e-05 1.27396e-05 1.21621e-05 1.16095e-05 1.10808e-05 1.0575e-05 1.00912e-05 9.62855e-06 9.18616e-06 8.76321e-06 8.3589e-06 7.97247e-06 7.60318e-06 7.25031e-06 6.91318e-06 6.59112e-06 6.28351e-06 5.98973e-06 5.70919e-06 5.44133e-06 5.18561e-06 4.94149e-06 4.70849e-06 4.48612e-06 4.27391e-06 4.07143e-06 3.87824e-06 3.69395e-06 3.51815e-06 3.35048e-06 3.19057e-06 3.03808e-06 2.89267e-06 2.75404e-06 2.62187e-06 2.49588e-06 2.37579e-06 2.26133e-06 2.15225e-06 2.0483e-06 1.94925e-06 1.85488e-06 1.76497e-06 1.67932e-06 1.59773e-06 1.52001e-06 1.446e-06 1.37551e-06 1.30838e-06 1.24446e-06 1.1836e-06 1.12565e-06
0.000545389 9.54125e-05 9.22989e-05 8.92435e-05 8.6249e-05 8.33175e-05 8.0451e-05 7.7651e-05 7.49186e-05 7.22545e-05 6.96595e-05 6.71337e-05 6.46772e-05 6.22899e-05 5.99714e-05 5.77213e-05 5.55389e-05 5.34235e-05 5.13742e-05 4.939e-05 4.74699e-05 4.56126e-05 4.38171e-05 4.20821e-05 4.04063e-05 3.87884e-05 3.72269e-05 3.57206e-05 3.4268e-05 3.28677e-05 3.15184e-05 3.02185e-05 2.89668e-05 2.77618e-05 2.66021e-05 2.54863e-05 2.44132e-05 2.33813e-05 2.23894e-05 2.14361e-05 2.05201e-05 1.96404e-05 1.87955e-05 1.79843e-05 1.72057e-05 1.64584e-05 1.57415e-05 1.50538e-05 1.43942e-05 1.37617e-05 1.31554e-05 1.25742e-05 1.20172e-05 1.14836e-05 1.09723e-05 1.04826e-05 1.00137e-05 9.56464e-06 9.13475e-06 8.72325e-06 8.32942e-06 7.95255e-06 7.59197e-06 7.24702e-06 6.91707e-06 6.6015e-06 6.29975e-06 6.01122e-06 5.7354e-06 5.47173e-06 5.21973e-06 4.9789e-06 4.74878e-06 4.52892e-06 4.31888e-06 4.11824e-06 3.92661e-06 3.7436e-06 3.56885e-06 3.40199e-06 3.24269e-06 3.09061e-06 2.94546e-06 2.80692e-06 2.6747e-06 2.54854e-06 2.42816e-06 2.3133e-06 2.20373e-06 2.09921e-06 1.99952e-06 1.90444e-06 1.81377e-06 1.7273e-06 1.64486e-06 1.56625e-06 1.49131e-06 1.41987e-06 1.35177e-06 1.28687e-06 1.22501e-06
0.000513127 9.11087e-05 8.83345e-05 8.55982e-05 8.29035e-05 8.02535e-05 7.7651e-05 7.50984e-05 7.25977e-05 7.01505e-05 6.77582e-05 6.54217e-05 6.31418e-05 6.09192e-05 5.87541e-05 5.66466e-05 5.45968e-05 5.26044e-05 5.06691e-05 4.87904e-05 4.69679e-05 4.52008e-05 4.34883e-05 4.18298e-05 4.02242e-05 3.86706e-05 3.71681e-05 3.57155e-05 3.4312e-05 3.29562e-05 3.16472e-05 3.03838e-05 2.91649e-05 2.79892e-05 2.68558e-05 2.57633e-05 2.47107e-05 2.36968e-05 2.27205e-05 2.17807e-05 2.08763e-05 2.00061e-05 1.91691e-05 1.83642e-05 1.75904e-05 1.68467e-05 1.61321e-05 1.54455e-05 1.47861e-05 1.41529e-05 1.35449e-05 1.29614e-05 1.24014e-05 1.1864e-05 1.13485e-05 1.08541e-05 1.038e-05 9.92545e-06 9.48968e-06 9.07201e-06 8.67176e-06 8.28825e-06 7.92086e-06 7.56895e-06 7.23192e-06 6.90919e-06 6.60021e-06 6.30442e-06 6.0213e-06 5.75035e-06 5.49107e-06 5.243e-06 5.00568e-06 4.77868e-06 4.56157e-06 4.35395e-06 4.15542e-06 3.96561e-06 3.78416e-06 3.61072e-06 3.44495e-06 3.28653e-06 3.13515e-06 2.99052e-06 2.85234e-06 2.72034e-06 2.59426e-06 2.47385e-06 2.35885e-06 2.24905e-06 2.1442e-06 2.0441e-06 1.94855e-06 1.85733e-06 1.77027e-06 1.68718e-06 1.60789e-06 1.53223e-06 1.46004e-06 1.39116e-06 1.32545e-06
0.000482774 8.69802e-05 8.45195e-05 8.20787e-05 7.96623e-05 7.72745e-05 7.49186e-05 7.25977e-05 7.03147e-05 6.80716e-05 6.58707e-05 6.37135e-05 6.16014e-05 5.95356e-05 5.75169e-05 5.55461e-05 5.36236e-05 5.17497e-05 4.99247e-05 4.81484e-05 4.64208e-05 4.47417e-05 4.31106e-05 4.15272e-05 3.99909e-05 3.85011e-05 3.70572e-05 3.56584e-05 3.43041e-05 3.29932e-05 3.17251e-05 3.04989e-05 2.93136e-05 2.81683e-05 2.70621e-05 2.59941e-05 2.49633e-05 2.39687e-05 2.30094e-05 2.20844e-05 2.11928e-05 2.03336e-05 1.95059e-05 1.87088e-05 1.79412e-05 1.72024e-05 1.64915e-05 1.58075e-05 1.51496e-05 1.45169e-05 1.39086e-05 1.3324e-05 1.27621e-05 1.22223e-05 1.17038e-05 1.12058e-05 1.07276e-05 1.02685e-05 9.82792e-06 9.40507e-06 8.99934e-06 8.61011e-06 8.23677e-06 7.87874e-06 7.53544e-06 7.20632e-06 6.89083e-06 6.58847e-06 6.29873e-06 6.02112e-06 5.75517e-06 5.50044e-06 5.25647e-06 5.02284e-06 4.79915e-06 4.58501e-06 4.38002e-06 4.18382e-06 3.99607e-06 3.81641e-06 3.64451e-06 3.48007e-06 3.32278e-06 3.17233e-06 3.02846e-06 2.89088e-06 2.75934e-06 2.63358e-06 2.51336e-06 2.39845e-06 2.28863e-06 2.18367e-06 2.08338e-06 1.98756e-06 1.89601e-06 1.80856e-06 1.72502e-06 1.64523e-06 1.56902e-06 1.49625e-06 1.42676e-06
0.000454216 8.30214e-05 8.08498e-05 7.86824e-05 7.65244e-05 7.43804e-05 7.22545e-05 7.01505e-05 6.80716e-05 6.60208e-05 6.40004e-05 6.20128e-05 6.00599e-05 5.81433e-05 5.62644e-05 5.44243e-05 5.2624e-05 5.08643e-05 4.91456e-05 4.74685e-05 4.58332e-05 4.42398e-05 4.26883e-05 4.11786e-05 3.97105e-05 3.82838e-05 3.68981e-05 3.55528e-05 3.42477e-05 3.2982e-05 3.17552e-05 3.05667e-05 2.94157e-05 2.83016e-05 2.72236e-05 2.6181e-05 2.51731e-05 2.41989e-05 2.32577e-05 2.23488e-05 2.14713e-05 2.06244e-05 1.98073e-05 1.90191e-05 1.82592e-05 1.75266e-05 1.68206e-05 1.61404e-05 1.54852e-05 1.48543e-05 1.4247e-05 1.36624e-05 1.30999e-05 1.25587e-05 1.20382e-05 1.15377e-05 1.10565e-05 1.0594e-05 1.01495e-05 9.72237e-06 9.31207e-06 8.918e-06 8.53956e-06 8.17622e-06 7.82742e-06 7.49264e-06 7.17138e-06 6.86313e-06 6.56741e-06 6.28377e-06 6.01175e-06 5.7509e-06 5.50082e-06 5.26109e-06 5.0313e-06 4.81109e-06 4.60008e-06 4.39791e-06 4.20424e-06 4.01873e-06 3.84106e-06 3.67092e-06 3.50802e-06 3.35205e-06 3.20275e-06 3.05985e-06 2.92308e-06 2.7922e-06 2.66696e-06 2.54715e-06 2.43253e-06 2.32289e-06 2.21802e-06 2.11773e-06 2.02182e-06 1.93012e-06 1.84245e-06 1.75864e-06 1.67852e-06 1.60194e-06 1.52875e-06
0.000427347 7.92265e-05 7.73214e-05 7.54067e-05 7.34881e-05 7.15709e-05 6.96595e-05 6.77582e-05 6.58707e-05 6.40004e-05 6.21503e-05 6.0323e-05 5.8521e-05 5.67462e-05 5.50005e-05 5.32855e-05 5.16023e-05 4.99523e-05 4.83363e-05 4.67551e-05 4.52092e-05 4.36992e-05 4.22254e-05 4.07879e-05 3.93869e-05 3.80224e-05 3.66942e-05 3.54022e-05 3.41461e-05 3.29256e-05 3.17403e-05 3.05899e-05 2.94738e-05 2.83915e-05 2.73425e-05 2.63262e-05 2.5342e-05 2.43892e-05 2.34673e-05 2.25755e-05 2.17132e-05 2.08797e-05 2.00743e-05 1.92964e-05 1.85452e-05 1.782e-05 1.71201e-05 1.64449e-05 1.57937e-05 1.51657e-05 1.45604e-05 1.3977e-05 1.3415e-05 1.28735e-05 1.23521e-05 1.18501e-05 1.13669e-05 1.09018e-05 1.04544e-05 1.00239e-05 9.60992e-06 9.21183e-06 8.82911e-06 8.46123e-06 8.10769e-06 7.76798e-06 7.44163e-06 7.12816e-06 6.82711e-06 6.53804e-06 6.26052e-06 5.99413e-06 5.73846e-06 5.49312e-06 5.25772e-06 5.0319e-06 4.8153e-06 4.60757e-06 4.40837e-06 4.21737e-06 4.03428e-06 3.85877e-06 3.69057e-06 3.52938e-06 3.37493e-06 3.22695e-06 3.0852e-06 2.94943e-06 2.8194e-06 2.69487e-06 2.57564e-06 2.46148e-06 2.3522e-06 2.24759e-06 2.14748e-06 2.05166e-06 1.95997e-06 1.87225e-06 1.78831e-06 1.70802e-06 1.63122e-06
0.000402068 7.55901e-05 7.39302e-05 7.22489e-05 7.05521e-05 6.88453e-05 6.71337e-05 6.54217e-05 6.37135e-05 6.20128e-05 6.0323e-05 5.86472e-05 5.69881e-05 5.5348e-05 5.37292e-05 5.21334e-05 5.05625e-05 4.90179e-05 4.75007e-05 4.60121e-05 4.45529e-05 4.3124e-05 4.17258e-05 4.03589e-05 3.90237e-05 3.77203e-05 3.64489e-05 3.52096e-05 3.40024e-05 3.2827e-05 3.16834e-05 3.05713e-05 2.94905e-05 2.84405e-05 2.74211e-05 2.64318e-05 2.54721e-05 2.45416e-05 2.36398e-05 2.27661e-05 2.192e-05 2.1101e-05 2.03084e-05 1.95417e-05 1.88003e-05 1.80836e-05 1.7391e-05 1.67219e-05 1.60756e-05 1.54517e-05 1.48495e-05 1.42683e-05 1.37077e-05 1.3167e-05 1.26457e-05 1.21431e-05 1.16588e-05 1.11922e-05 1.07426e-05 1.03097e-05 9.89285e-06 9.49157e-06 9.10534e-06 8.73369e-06 8.37613e-06 8.03219e-06 7.70142e-06 7.38337e-06 7.07761e-06 6.78371e-06 6.50126e-06 6.22987e-06 5.96913e-06 5.71868e-06 5.47814e-06 5.24717e-06 5.0254e-06 4.81251e-06 4.60817e-06 4.41206e-06 4.22389e-06 4.04335e-06 3.87015e-06 3.70403e-06 3.54471e-06 3.39193e-06 3.24544e-06 3.10501e-06 2.97039e-06 2.84136e-06 2.71771e-06 2.59922e-06 2.48569e-06 2.37693e-06 2.27274e-06 2.17294e-06 2.07737e-06 1.98584e-06 1.89821e-06 1.8143e-06 1.73397e-06
0.000378284 7.21067e-05 7.06723e-05 6.92061e-05 6.77144e-05 6.6203e-05 6.46772e-05 6.31418e-05 6.16014e-05 6.00599e-05 5.8521e-05 5.69881e-05 5.54641e-05 5.39518e-05 5.24537e-05 5.09718e-05 4.95083e-05 4.80646e-05 4.66425e-05 4.52433e-05 4.3868e-05 4.25176e-05 4.11931e-05 3.98952e-05 3.86243e-05 3.7381e-05 3.61656e-05 3.49784e-05 3.38195e-05 3.26891e-05 3.15871e-05 3.05135e-05 2.94682e-05 2.84509e-05 2.74616e-05 2.64998e-05 2.55653e-05 2.46578e-05 2.37769e-05 2.29222e-05 2.20932e-05 2.12895e-05 2.05107e-05 1.97562e-05 1.90256e-05 1.83184e-05 1.7634e-05 1.6972e-05 1.63318e-05 1.57129e-05 1.51147e-05 1.45368e-05 1.39786e-05 1.34396e-05 1.29192e-05 1.24171e-05 1.19325e-05 1.14651e-05 1.10144e-05 1.05798e-05 1.01609e-05 9.75719e-06 9.36822e-06 8.99351e-06 8.63263e-06 8.28514e-06 7.95061e-06 7.62861e-06 7.31874e-06 7.02059e-06 6.73377e-06 6.4579e-06 6.19261e-06 5.93753e-06 5.69232e-06 5.45663e-06 5.23013e-06 5.01248e-06 4.80339e-06 4.60254e-06 4.40963e-06 4.22438e-06 4.04651e-06 3.87575e-06 3.71183e-06 3.55451e-06 3.40354e-06 3.25868e-06 3.1197e-06 2.98638e-06 2.8585e-06 2.73586e-06 2.61826e-06 2.5055e-06 2.39739e-06 2.29376e-06 2.19443e-06 2.09923e-06 2.008e-06 1.92058e-06 1.83683e-06
0.000355907 6.87709e-05 6.75436e-05 6.62756e-05 6.49734e-05 6.3643e-05 6.22899e-05 6.09192e-05 5.95356e-05 5.81433e-05 5.67462e-05 5.5348e-05 5.39518e-05 5.25607e-05 5.11772e-05 4.98039e-05 4.84429e-05 4.70961e-05 4.57654e-05 4.44522e-05 4.31579e-05 4.18837e-05 4.06308e-05 3.94e-05 3.8192e-05 3.70076e-05 3.58472e-05 3.47114e-05 3.36005e-05 3.25146e-05 3.14541e-05 3.04189e-05 2.94092e-05 2.8425e-05 2.7466e-05 2.65323e-05 2.56236e-05 2.47397e-05 2.38803e-05 2.30453e-05 2.22342e-05 2.14467e-05 2.06824e-05 1.99411e-05 1.92222e-05 1.85254e-05 1.78501e-05 1.71961e-05 1.65628e-05 1.59498e-05 1.53567e-05 1.47829e-05 1.4228e-05 1.36916e-05 1.31731e-05 1.26721e-05 1.21883e-05 1.1721e-05 1.12698e-05 1.08343e-05 1.04141e-05 1.00087e-05 9.61773e-06 9.24067e-06 8.87715e-06 8.52676e-06 8.18909e-06 7.86375e-06 7.55035e-06 7.24851e-06 6.95786e-06 6.67804e-06 6.40869e-06 6.14947e-06 5.90004e-06 5.66008e-06 5.42925e-06 5.20726e-06 4.99379e-06 4.78855e-06 4.59125e-06 4.40163e-06 4.21939e-06 4.04429e-06 3.87606e-06 3.71447e-06 3.55926e-06 3.41021e-06 3.2671e-06 3.12969e-06 2.99779e-06 2.87119e-06 2.74969e-06 2.63309e-06 2.52122e-06 2.4139e-06 2.31095e-06 2.2122e-06 2.1175e-06 2.02668e-06 1.93961e-06
0.000334853 6.55775e-05 6.454e-05 6.34543e-05 6.2327e-05 6.11641e-05 5.99714e-05 5.87541e-05 5.75169e-05 5.62644e-05 5.50005e-05 5.37292e-05 5.24537e-05 5.11772e-05 4.99027e-05 4.86327e-05 4.73696e-05 4.61155e-05 4.48724e-05 4.3642e-05 4.24259e-05 4.12255e-05 4.0042e-05 3.88765e-05 3.77299e-05 3.66031e-05 3.54967e-05 3.44115e-05 3.33478e-05 3.23062e-05 3.12868e-05 3.029e-05 2.9316e-05 2.83648e-05 2.74366e-05 2.65312e-05 2.56487e-05 2.47889e-05 2.39517e-05 2.31369e-05 2.23444e-05 2.15738e-05 2.08249e-05 2.00974e-05 1.9391e-05 1.87054e-05 1.80402e-05 1.7395e-05 1.67695e-05 1.61633e-05 1.5576e-05 1.50072e-05 1.44564e-05 1.39234e-05 1.34076e-05 1.29087e-05 1.24262e-05 1.19598e-05 1.1509e-05 1.10734e-05 1.06526e-05 1.02463e-05 9.8539e-06 9.47516e-06 9.10964e-06 8.75698e-06 8.41678e-06 8.08868e-06 7.77233e-06 7.46735e-06 7.17339e-06 6.89013e-06 6.61721e-06 6.35431e-06 6.10112e-06 5.8573e-06 5.62257e-06 5.39661e-06 5.17915e-06 4.96988e-06 4.76854e-06 4.57486e-06 4.38857e-06 4.20943e-06 4.03717e-06 3.87157e-06 3.71238e-06 3.55938e-06 3.41235e-06 3.27108e-06 3.13536e-06 3.00498e-06 2.87976e-06 2.75951e-06 2.64403e-06 2.53317e-06 2.42673e-06 2.32457e-06 2.22652e-06 2.13242e-06 2.04213e-06
0.000315045 6.25212e-05 6.16576e-05 6.07394e-05 5.97732e-05 5.87653e-05 5.77213e-05 5.66466e-05 5.55461e-05 5.44243e-05 5.32855e-05 5.21334e-05 5.09718e-05 4.98039e-05 4.86327e-05 4.7461e-05 4.62912e-05 4.51258e-05 4.39667e-05 4.2816e-05 4.16752e-05 4.0546e-05 3.94297e-05 3.83276e-05 3.72408e-05 3.61703e-05 3.51169e-05 3.40813e-05 3.30643e-05 3.20663e-05 3.10878e-05 3.01291e-05 2.91907e-05 2.82726e-05 2.73752e-05 2.64984e-05 2.56424e-05 2.48071e-05 2.39925e-05 2.31986e-05 2.24252e-05 2.16721e-05 2.09392e-05 2.02263e-05 1.95332e-05 1.88595e-05 1.8205e-05 1.75695e-05 1.69525e-05 1.63539e-05 1.57732e-05 1.52101e-05 1.46643e-05 1.41355e-05 1.36232e-05 1.3127e-05 1.26467e-05 1.21819e-05 1.17322e-05 1.12972e-05 1.08765e-05 1.04698e-05 1.00768e-05 9.697e-06 9.33011e-06 8.97577e-06 8.63364e-06 8.30335e-06 7.98458e-06 7.67699e-06 7.38025e-06 7.09403e-06 6.81802e-06 6.5519e-06 6.29537e-06 6.04813e-06 5.8099e-06 5.58037e-06 5.35927e-06 5.14634e-06 4.94129e-06 4.74388e-06 4.55385e-06 4.37095e-06 4.19494e-06 4.0256e-06 3.86268e-06 3.70598e-06 3.55527e-06 3.41034e-06 3.271e-06 3.13705e-06 3.00829e-06 2.88455e-06 2.76563e-06 2.65138e-06 2.54161e-06 2.43617e-06 2.33489e-06 2.23763e-06 2.14424e-06
0.000296409 5.9597e-05 5.88923e-05 5.81278e-05 5.731e-05 5.64451e-05 5.55389e-05 5.45968e-05 5.36236e-05 5.2624e-05 5.16023e-05 5.05625e-05 4.95083e-05 4.84429e-05 4.73696e-05 4.62912e-05 4.52104e-05 4.41296e-05 4.30511e-05 4.19767e-05 4.09085e-05 3.9848e-05 3.87968e-05 3.77563e-05 3.67277e-05 3.5712e-05 3.47103e-05 3.37235e-05 3.27523e-05 3.17973e-05 3.08592e-05 2.99384e-05 2.90354e-05 2.81504e-05 2.72838e-05 2.64358e-05 2.56065e-05 2.4796e-05 2.40045e-05 2.32318e-05 2.2478e-05 2.1743e-05 2.10267e-05 2.0329e-05 1.96497e-05 1.89886e-05 1.83456e-05 1.77203e-05 1.71127e-05 1.65223e-05 1.5949e-05 1.53924e-05 1.48522e-05 1.43283e-05 1.38201e-05 1.33275e-05 1.28501e-05 1.23876e-05 1.19396e-05 1.15058e-05 1.10859e-05 1.06796e-05 1.02865e-05 9.90624e-06 9.53858e-06 9.18315e-06 8.83964e-06 8.50771e-06 8.18706e-06 7.87737e-06 7.57833e-06 7.28963e-06 7.01099e-06 6.74209e-06 6.48266e-06 6.23241e-06 5.99107e-06 5.75835e-06 5.53399e-06 5.31773e-06 5.10932e-06 4.90849e-06 4.71502e-06 4.52867e-06 4.34919e-06 4.17637e-06 4.00997e-06 3.8498e-06 3.69564e-06 3.54728e-06 3.40453e-06 3.26719e-06 3.13509e-06 3.00803e-06 2.88584e-06 2.76835e-06 2.65539e-06 2.54681e-06 2.44244e-06 2.34214e-06 2.24576e-06
0.000278875 5.68e-05 5.62404e-05 5.56166e-05 5.49352e-05 5.42022e-05 5.34235e-05 5.26044e-05 5.17497e-05 5.08643e-05 4.99523e-05 4.90179e-05 4.80646e-05 4.70961e-05 4.61155e-05 4.51258e-05 4.41296e-05 4.31296e-05 4.2128e-05 4.1127e-05 4.01285e-05 3.91342e-05 3.8146e-05 3.71651e-05 3.61929e-05 3.52307e-05 3.42796e-05 3.33404e-05 3.24142e-05 3.15016e-05 3.06033e-05 2.972e-05 2.88521e-05 2.80001e-05 2.71643e-05 2.63451e-05 2.55427e-05 2.47573e-05 2.3989e-05 2.32379e-05 2.25042e-05 2.17877e-05 2.10885e-05 2.04065e-05 1.97416e-05 1.90937e-05 1.84627e-05 1.78484e-05 1.72506e-05 1.66692e-05 1.61039e-05 1.55544e-05 1.50206e-05 1.45022e-05 1.39989e-05 1.35105e-05 1.30366e-05 1.2577e-05 1.21314e-05 1.16995e-05 1.1281e-05 1.08756e-05 1.0483e-05 1.0103e-05 9.7351e-06 9.37914e-06 9.03478e-06 8.70174e-06 8.37971e-06 8.06841e-06 7.76756e-06 7.47685e-06 7.19602e-06 6.92478e-06 6.66287e-06 6.41001e-06 6.16594e-06 5.9304e-06 5.70314e-06 5.4839e-06 5.27245e-06 5.06853e-06 4.87193e-06 4.6824e-06 4.49973e-06 4.32369e-06 4.15408e-06 3.99068e-06 3.83329e-06 3.68171e-06 3.53576e-06 3.39524e-06 3.25997e-06 3.12977e-06 3.00448e-06 2.88391e-06 2.76792e-06 2.65634e-06 2.54901e-06 2.44579e-06 2.34654e-06
0.000262379 5.41254e-05 5.36979e-05 5.32028e-05 5.26465e-05 5.20351e-05 5.13742e-05 5.06691e-05 4.99247e-05 4.91456e-05 4.83363e-05 4.75007e-05 4.66425e-05 4.57654e-05 4.48724e-05 4.39667e-05 4.30511e-05 4.2128e-05 4.12e-05 4.02692e-05 3.93376e-05 3.84072e-05 3.74796e-05 3.65564e-05 3.56391e-05 3.47288e-05 3.38269e-05 3.29344e-05 3.20522e-05 3.11813e-05 3.03223e-05 2.94759e-05 2.86429e-05 2.78236e-05 2.70185e-05 2.62281e-05 2.54526e-05 2.46924e-05 2.39476e-05 2.32184e-05 2.2505e-05 2.18074e-05 2.11257e-05 2.04599e-05 1.98099e-05 1.91757e-05 1.85573e-05 1.79545e-05 1.73673e-05 1.67953e-05 1.62386e-05 1.56969e-05 1.51701e-05 1.46579e-05 1.416e-05 1.36763e-05 1.32066e-05 1.27506e-05 1.2308e-05 1.18785e-05 1.1462e-05 1.10581e-05 1.06667e-05 1.02873e-05 9.91975e-06 9.56377e-06 9.2191e-06 8.88544e-06 8.56253e-06 8.2501e-06 7.94789e-06 7.65562e-06 7.37304e-06 7.09988e-06 6.83589e-06 6.58081e-06 6.3344e-06 6.0964e-06 5.86658e-06 5.64471e-06 5.43053e-06 5.22384e-06 5.0244e-06 4.83199e-06 4.64639e-06 4.46741e-06 4.29482e-06 4.12843e-06 3.96805e-06 3.81348e-06 3.66453e-06 3.52102e-06 3.38277e-06 3.24962e-06 3.12138e-06 2.9979e-06 2.87902e-06 2.76459e-06 2.65444e-06 2.54844e-06 2.44644e-06
0.000246858 5.15684e-05 5.12611e-05 5.08835e-05 5.04419e-05 4.99422e-05 4.939e-05 4.87904e-05 4.81484e-05 4.74685e-05 4.67551e-05 4.60121e-05 4.52433e-05 4.44522e-05 4.3642e-05 4.2816e-05 4.19767e-05 4.1127e-05 4.02692e-05 3.94056e-05 3.85383e-05 3.76692e-05 3.68001e-05 3.59327e-05 3.50684e-05 3.42087e-05 3.33547e-05 3.25077e-05 3.16686e-05 3.08385e-05 3.00181e-05 2.92082e-05 2.84095e-05 2.76227e-05 2.68481e-05 2.60864e-05 2.53379e-05 2.46029e-05 2.38817e-05 2.31746e-05 2.24818e-05 2.18034e-05 2.11395e-05 2.04903e-05 1.98556e-05 1.92356e-05 1.86303e-05 1.80395e-05 1.74632e-05 1.69014e-05 1.63538e-05 1.58205e-05 1.53011e-05 1.47956e-05 1.43038e-05 1.38255e-05 1.33605e-05 1.29086e-05 1.24695e-05 1.20431e-05 1.16291e-05 1.12273e-05 1.08375e-05 1.04593e-05 1.00926e-05 9.73714e-06 9.39263e-06 9.05884e-06 8.73552e-06 8.42242e-06 8.1193e-06 7.8259e-06 7.54198e-06 7.26731e-06 7.00163e-06 6.74472e-06 6.49633e-06 6.25624e-06 6.02421e-06 5.80002e-06 5.58345e-06 5.37428e-06 5.17229e-06 4.97728e-06 4.78904e-06 4.60736e-06 4.43205e-06 4.26291e-06 4.09976e-06 3.94241e-06 3.79067e-06 3.64437e-06 3.50334e-06 3.3674e-06 3.2364e-06 3.11017e-06 2.98856e-06 2.87141e-06 2.75858e-06 2.64992e-06 2.5453e-06
0.000232255 4.91246e-05 4.89263e-05 4.86557e-05 4.8319e-05 4.79219e-05 4.74699e-05 4.69679e-05 4.64208e-05 4.58332e-05 4.52092e-05 4.45529e-05 4.3868e-05 4.31579e-05 4.24259e-05 4.16752e-05 4.09085e-05 4.01285e-05 3.93376e-05 3.85383e-05 3.77325e-05 3.69224e-05 3.61096e-05 3.5296e-05 3.44831e-05 3.36723e-05 3.28649e-05 3.20622e-05 3.12653e-05 3.04751e-05 2.96926e-05 2.89187e-05 2.81539e-05 2.73991e-05 2.66549e-05 2.59217e-05 2.52e-05 2.44902e-05 2.37928e-05 2.31079e-05 2.24358e-05 2.17769e-05 2.11311e-05 2.04987e-05 1.98798e-05 1.92744e-05 1.86825e-05 1.81042e-05 1.75394e-05 1.69881e-05 1.64502e-05 1.59256e-05 1.54143e-05 1.49161e-05 1.44308e-05 1.39584e-05 1.34986e-05 1.30513e-05 1.26163e-05 1.21935e-05 1.17825e-05 1.13833e-05 1.09956e-05 1.06192e-05 1.02538e-05 9.89932e-06 9.55546e-06 9.222e-06 8.89871e-06 8.58538e-06 8.28177e-06 7.98766e-06 7.70282e-06 7.42702e-06 7.16004e-06 6.90166e-06 6.65166e-06 6.40981e-06 6.1759e-06 5.94973e-06 5.73107e-06 5.51972e-06 5.31548e-06 5.11815e-06 4.92752e-06 4.74341e-06 4.56562e-06 4.39397e-06 4.22828e-06 4.06836e-06 3.91404e-06 3.76515e-06 3.62152e-06 3.48298e-06 3.34938e-06 3.22057e-06 3.09638e-06 2.97667e-06 2.8613e-06 2.75012e-06 2.64299e-06
0.000218516 4.67894e-05 4.66898e-05 4.65166e-05 4.62757e-05 4.59726e-05 4.56126e-05 4.52008e-05 4.47417e-05 4.42398e-05 4.36992e-05 4.3124e-05 4.25176e-05 4.18837e-05 4.12255e-05 4.0546e-05 3.9848e-05 3.91342e-05 3.84072e-05 3.76692e-05 3.69224e-05 3.61687e-05 3.54102e-05 3.46485e-05 3.38852e-05 3.31218e-05 3.23597e-05 3.16001e-05 3.08443e-05 3.00932e-05 2.93478e-05 2.86091e-05 2.78778e-05 2.71546e-05 2.64403e-05 2.57354e-05 2.50404e-05 2.43558e-05 2.36821e-05 2.30195e-05 2.23683e-05 2.1729e-05 2.11016e-05 2.04863e-05 1.98834e-05 1.92928e-05 1.87148e-05 1.81493e-05 1.75964e-05 1.7056e-05 1.65283e-05 1.6013e-05 1.55101e-05 1.50197e-05 1.45414e-05 1.40754e-05 1.36213e-05 1.31792e-05 1.27488e-05 1.233e-05 1.19226e-05 1.15264e-05 1.11413e-05 1.07671e-05 1.04035e-05 1.00504e-05 9.70766e-06 9.37497e-06 9.05215e-06 8.73901e-06 8.43533e-06 8.1409e-06 7.85552e-06 7.57898e-06 7.31107e-06 7.05158e-06 6.80031e-06 6.55704e-06 6.32159e-06 6.09374e-06 5.8733e-06 5.66007e-06 5.45386e-06 5.25447e-06 5.06173e-06 4.87544e-06 4.69541e-06 4.52148e-06 4.35347e-06 4.1912e-06 4.0345e-06 3.88322e-06 3.73718e-06 3.59622e-06 3.4602e-06 3.32896e-06 3.20235e-06 3.08023e-06 2.96245e-06 2.84888e-06 2.73939e-06
0.00020559 4.45586e-05 4.45481e-05 4.44632e-05 4.43095e-05 4.40925e-05 4.38171e-05 4.34883e-05 4.31106e-05 4.26883e-05 4.22254e-05 4.17258e-05 4.11931e-05 4.06308e-05 4.0042e-05 3.94297e-05 3.87968e-05 3.8146e-05 3.74796e-05 3.68001e-05 3.61096e-05 3.54102e-05 3.47037e-05 3.3992e-05 3.32766e-05 3.2559e-05 3.18408e-05 3.11231e-05 3.04073e-05 2.96943e-05 2.89853e-05 2.82811e-05 2.75827e-05 2.68908e-05 2.6206e-05 2.55291e-05 2.48606e-05 2.42011e-05 2.3551e-05 2.29106e-05 2.22805e-05 2.16608e-05 2.10519e-05 2.0454e-05 1.98673e-05 1.9292e-05 1.87281e-05 1.81757e-05 1.76351e-05 1.71061e-05 1.65888e-05 1.60832e-05 1.55892e-05 1.51069e-05 1.46362e-05 1.41769e-05 1.37291e-05 1.32925e-05 1.28672e-05 1.24528e-05 1.20494e-05 1.16568e-05 1.12747e-05 1.09031e-05 1.05418e-05 1.01906e-05 9.84935e-06 9.51784e-06 9.1959e-06 8.88335e-06 8.57999e-06 8.28564e-06 8.0001e-06 7.72318e-06 7.45469e-06 7.19444e-06 6.94223e-06 6.69788e-06 6.46119e-06 6.23197e-06 6.01005e-06 5.79522e-06 5.58732e-06 5.38615e-06 5.19155e-06 5.00332e-06 4.82131e-06 4.64533e-06 4.47521e-06 4.31081e-06 4.15194e-06 3.99845e-06 3.85019e-06 3.70699e-06 3.56872e-06 3.43522e-06 3.30634e-06 3.18196e-06 3.06192e-06 2.9461e-06 2.83437e-06
0.000193429 4.2428e-05 4.24978e-05 4.24927e-05 4.24184e-05 4.22799e-05 4.20821e-05 4.18298e-05 4.15272e-05 4.11786e-05 4.07879e-05 4.03589e-05 3.98952e-05 3.94e-05 3.88765e-05 3.83276e-05 3.77563e-05 3.71651e-05 3.65564e-05 3.59327e-05 3.5296e-05 3.46485e-05 3.3992e-05 3.33283e-05 3.2659e-05 3.19858e-05 3.131e-05 3.06331e-05 2.99561e-05 2.92804e-05 2.86068e-05 2.79365e-05 2.72703e-05 2.6609e-05 2.59534e-05 2.53042e-05 2.4662e-05 2.40273e-05 2.34007e-05 2.27826e-05 2.21735e-05 2.15736e-05 2.09833e-05 2.04029e-05 1.98326e-05 1.92726e-05 1.87231e-05 1.81843e-05 1.76561e-05 1.71388e-05 1.66324e-05 1.61368e-05 1.56522e-05 1.51784e-05 1.47156e-05 1.42635e-05 1.38223e-05 1.33917e-05 1.29718e-05 1.25624e-05 1.21634e-05 1.17747e-05 1.13961e-05 1.10276e-05 1.06689e-05 1.032e-05 9.98064e-06 9.65072e-06 9.33005e-06 9.01847e-06 8.71581e-06 8.42189e-06 8.13655e-06 7.85961e-06 7.59089e-06 7.33021e-06 7.07739e-06 6.83227e-06 6.59465e-06 6.36437e-06 6.14125e-06 5.92511e-06 5.71578e-06 5.5131e-06 5.31688e-06 5.12697e-06 4.94319e-06 4.76539e-06 4.5934e-06 4.42706e-06 4.26622e-06 4.11073e-06 3.96043e-06 3.81517e-06 3.67482e-06 3.53922e-06 3.40824e-06 3.28174e-06 3.15959e-06 3.04165e-06 2.9278e-06
0.000181987 4.03936e-05 4.05353e-05 4.06024e-05 4.06e-05 4.05331e-05 4.04063e-05 4.02242e-05 3.99909e-05 3.97105e-05 3.93869e-05 3.90237e-05 3.86243e-05 3.8192e-05 3.77299e-05 3.72408e-05 3.67277e-05 3.61929e-05 3.56391e-05 3.50684e-05 3.44831e-05 3.38852e-05 3.32766e-05 3.2659e-05 3.20342e-05 3.14038e-05 3.07691e-05 3.01315e-05 2.94924e-05 2.88528e-05 2.82139e-05 2.75767e-05 2.69421e-05 2.6311e-05 2.56841e-05 2.50621e-05 2.44459e-05 2.38358e-05 2.32326e-05 2.26366e-05 2.20484e-05 2.14683e-05 2.08967e-05 2.03339e-05 1.97801e-05 1.92357e-05 1.87009e-05 1.81757e-05 1.76604e-05 1.7155e-05 1.66597e-05 1.61745e-05 1.56995e-05 1.52347e-05 1.47801e-05 1.43356e-05 1.39014e-05 1.34772e-05 1.30631e-05 1.2659e-05 1.22648e-05 1.18804e-05 1.15057e-05 1.11406e-05 1.0785e-05 1.04387e-05 1.01017e-05 9.77371e-06 9.45468e-06 9.14444e-06 8.84284e-06 8.54971e-06 8.26492e-06 7.98829e-06 7.71966e-06 7.45888e-06 7.20577e-06 6.96018e-06 6.72193e-06 6.49087e-06 6.26684e-06 6.04966e-06 5.83917e-06 5.63522e-06 5.43765e-06 5.24629e-06 5.06098e-06 4.88158e-06 4.70793e-06 4.53987e-06 4.37726e-06 4.21995e-06 4.0678e-06 3.92066e-06 3.77839e-06 3.64086e-06 3.50793e-06 3.37946e-06 3.25534e-06 3.13542e-06 3.01959e-06
0.000171221 3.84514e-05 3.86575e-05 3.87895e-05 3.88522e-05 3.88503e-05 3.87884e-05 3.86706e-05 3.85011e-05 3.82838e-05 3.80224e-05 3.77203e-05 3.7381e-05 3.70076e-05 3.66031e-05 3.61703e-05 3.5712e-05 3.52307e-05 3.47288e-05 3.42087e-05 3.36723e-05 3.31218e-05 3.2559e-05 3.19858e-05 3.14038e-05 3.08145e-05 3.02195e-05 2.96202e-05 2.90177e-05 2.84133e-05 2.78081e-05 2.72032e-05 2.65995e-05 2.59979e-05 2.53992e-05 2.48042e-05 2.42135e-05 2.36278e-05 2.30477e-05 2.24738e-05 2.19064e-05 2.1346e-05 2.07931e-05 2.02479e-05 1.97109e-05 1.91822e-05 1.8662e-05 1.81508e-05 1.76484e-05 1.71553e-05 1.66714e-05 1.61969e-05 1.57318e-05 1.52762e-05 1.48301e-05 1.43936e-05 1.39667e-05 1.35493e-05 1.31414e-05 1.27429e-05 1.23539e-05 1.19742e-05 1.16037e-05 1.12424e-05 1.08902e-05 1.0547e-05 1.02126e-05 9.88696e-06 9.56992e-06 9.26136e-06 8.96116e-06 8.66916e-06 8.38524e-06 8.10925e-06 7.84103e-06 7.58045e-06 7.32736e-06 7.08159e-06 6.84301e-06 6.61145e-06 6.38677e-06 6.16882e-06 5.95744e-06 5.75247e-06 5.55378e-06 5.3612e-06 5.17459e-06 4.99381e-06 4.81871e-06 4.64913e-06 4.48495e-06 4.32602e-06 4.17219e-06 4.02334e-06 3.87933e-06 3.74003e-06 3.6053e-06 3.47502e-06 3.34906e-06 3.22731e-06 3.10963e-06
0.000161093 3.65976e-05 3.68611e-05 3.70513e-05 3.71727e-05 3.72298e-05 3.72269e-05 3.71681e-05 3.70572e-05 3.68981e-05 3.66942e-05 3.64489e-05 3.61656e-05 3.58472e-05 3.54967e-05 3.51169e-05 3.47103e-05 3.42796e-05 3.38269e-05 3.33547e-05 3.28649e-05 3.23597e-05 3.18408e-05 3.131e-05 3.07691e-05 3.02195e-05 2.96628e-05 2.91004e-05 2.85334e-05 2.79632e-05 2.73909e-05 2.68174e-05 2.62439e-05 2.56712e-05 2.51002e-05 2.45316e-05 2.39661e-05 2.34045e-05 2.28473e-05 2.22951e-05 2.17485e-05 2.12078e-05 2.06735e-05 2.0146e-05 1.96257e-05 1.91127e-05 1.86075e-05 1.81102e-05 1.76211e-05 1.71404e-05 1.66681e-05 1.62045e-05 1.57496e-05 1.53035e-05 1.48663e-05 1.4438e-05 1.40187e-05 1.36084e-05 1.3207e-05 1.28145e-05 1.2431e-05 1.20563e-05 1.16905e-05 1.13333e-05 1.09849e-05 1.0645e-05 1.03136e-05 9.99059e-06 9.67588e-06 9.36934e-06 9.07086e-06 8.78031e-06 8.49758e-06 8.22253e-06 7.95503e-06 7.69495e-06 7.44216e-06 7.19651e-06 6.95786e-06 6.72608e-06 6.50103e-06 6.28255e-06 6.07052e-06 5.86478e-06 5.66521e-06 5.47164e-06 5.28396e-06 5.10201e-06 4.92566e-06 4.75477e-06 4.58921e-06 4.42884e-06 4.27352e-06 4.12314e-06 3.97755e-06 3.83664e-06 3.70027e-06 3.56832e-06 3.44068e-06 3.31721e-06 3.19782e-06
0.000151564 3.48285e-05 3.51431e-05 3.53852e-05 3.55594e-05 3.56698e-05 3.57206e-05 3.57155e-05 3.56584e-05 3.55528e-05 3.54022e-05 3.52096e-05 3.49784e-05 3.47114e-05 3.44115e-05 3.40813e-05 3.37235e-05 3.33404e-05 3.29344e-05 3.25077e-05 3.20622e-05 3.16001e-05 3.11231e-05 3.06331e-05 3.01315e-05 2.96202e-05 2.91004e-05 2.85735e-05 2.8041e-05 2.75039e-05 2.69635e-05 2.64207e-05 2.58766e-05 2.53322e-05 2.47882e-05 2.42456e-05 2.37049e-05 2.3167e-05 2.26325e-05 2.21019e-05 2.15757e-05 2.10546e-05 2.05389e-05 2.0029e-05 1.95254e-05 1.90283e-05 1.8538e-05 1.80549e-05 1.75791e-05 1.7111e-05 1.66505e-05 1.6198e-05 1.57535e-05 1.53172e-05 1.48891e-05 1.44693e-05 1.40579e-05 1.36549e-05 1.32603e-05 1.28742e-05 1.24965e-05 1.21271e-05 1.17662e-05 1.14135e-05 1.10691e-05 1.07329e-05 1.04048e-05 1.00848e-05 9.7727e-06 9.46849e-06 9.17204e-06 8.88324e-06 8.602e-06 8.32819e-06 8.0617e-06 7.80241e-06 7.5502e-06 7.30493e-06 7.0665e-06 6.83475e-06 6.60957e-06 6.39083e-06 6.17839e-06 5.97212e-06 5.77189e-06 5.57756e-06 5.38901e-06 5.20611e-06 5.02872e-06 4.85671e-06 4.68996e-06 4.52833e-06 4.37171e-06 4.21996e-06 4.07296e-06 3.93059e-06 3.79274e-06 3.65927e-06 3.53008e-06 3.40505e-06 3.28406e-06
0.000142598 3.31408e-05 3.35002e-05 3.37886e-05 3.40101e-05 3.41686e-05 3.4268e-05 3.4312e-05 3.43041e-05 3.42477e-05 3.41461e-05 3.40024e-05 3.38195e-05 3.36005e-05 3.33478e-05 3.30643e-05 3.27523e-05 3.24142e-05 3.20522e-05 3.16686e-05 3.12653e-05 3.08443e-05 3.04073e-05 2.99561e-05 2.94924e-05 2.90177e-05 2.85334e-05 2.8041e-05 2.75416e-05 2.70367e-05 2.65272e-05 2.60143e-05 2.54989e-05 2.49821e-05 2.44646e-05 2.39474e-05 2.34311e-05 2.29165e-05 2.24042e-05 2.18949e-05 2.13892e-05 2.08874e-05 2.03902e-05 1.98979e-05 1.94109e-05 1.89296e-05 1.84544e-05 1.79855e-05 1.75232e-05 1.70677e-05 1.66192e-05 1.61779e-05 1.57441e-05 1.53177e-05 1.48989e-05 1.44879e-05 1.40847e-05 1.36893e-05 1.33018e-05 1.29222e-05 1.25506e-05 1.21869e-05 1.18311e-05 1.14832e-05 1.11431e-05 1.08109e-05 1.04865e-05 1.01697e-05 9.86054e-06 9.55894e-06 9.26481e-06 8.97806e-06 8.69859e-06 8.4263e-06 8.1611e-06 7.90287e-06 7.6515e-06 7.40689e-06 7.16891e-06 6.93746e-06 6.71241e-06 6.49363e-06 6.28102e-06 6.07444e-06 5.87378e-06 5.67891e-06 5.48971e-06 5.30606e-06 5.12782e-06 4.95489e-06 4.78713e-06 4.62443e-06 4.46667e-06 4.31373e-06 4.16548e-06 4.02182e-06 3.88263e-06 3.74779e-06 3.61719e-06 3.49072e-06 3.36828e-06
0.000134163 3.15308e-05 3.19297e-05 3.2259e-05 3.25227e-05 3.27243e-05 3.28677e-05 3.29562e-05 3.29932e-05 3.2982e-05 3.29256e-05 3.2827e-05 3.26891e-05 3.25146e-05 3.23062e-05 3.20663e-05 3.17973e-05 3.15016e-05 3.11813e-05 3.08385e-05 3.04751e-05 3.00932e-05 2.96943e-05 2.92804e-05 2.88528e-05 2.84133e-05 2.79632e-05 2.75039e-05 2.70367e-05 2.65627e-05 2.60833e-05 2.55993e-05 2.51119e-05 2.46219e-05 2.41304e-05 2.3638e-05 2.31456e-05 2.26539e-05 2.21637e-05 2.16754e-05 2.11897e-05 2.07071e-05 2.02282e-05 1.97534e-05 1.9283e-05 1.88176e-05 1.83574e-05 1.79027e-05 1.74539e-05 1.70112e-05 1.65748e-05 1.6145e-05 1.57218e-05 1.53056e-05 1.48964e-05 1.44943e-05 1.40994e-05 1.37119e-05 1.33317e-05 1.2959e-05 1.25937e-05 1.22359e-05 1.18855e-05 1.15427e-05 1.12073e-05 1.08793e-05 1.05587e-05 1.02455e-05 9.93955e-06 9.64084e-06 9.34931e-06 9.06487e-06 8.78744e-06 8.51695e-06 8.25329e-06 7.99638e-06 7.74612e-06 7.50241e-06 7.26514e-06 7.03422e-06 6.80953e-06 6.59096e-06 6.3784e-06 6.17174e-06 5.97086e-06 5.77566e-06 5.58601e-06 5.4018e-06 5.22292e-06 5.04925e-06 4.88067e-06 4.71708e-06 4.55835e-06 4.40438e-06 4.25505e-06 4.11025e-06 3.96987e-06 3.8338e-06 3.70193e-06 3.57417e-06 3.45039e-06
0.000126227 2.99953e-05 3.04286e-05 3.0794e-05 3.10951e-05 3.13354e-05 3.15184e-05 3.16472e-05 3.17251e-05 3.17552e-05 3.17403e-05 3.16834e-05 3.15871e-05 3.14541e-05 3.12868e-05 3.10878e-05 3.08592e-05 3.06033e-05 3.03223e-05 3.00181e-05 2.96926e-05 2.93478e-05 2.89853e-05 2.86068e-05 2.82139e-05 2.78081e-05 2.73909e-05 2.69635e-05 2.65272e-05 2.60833e-05 2.56328e-05 2.5177e-05 2.47167e-05 2.4253e-05 2.37866e-05 2.33186e-05 2.28496e-05 2.23804e-05 2.19117e-05 2.14441e-05 2.09783e-05 2.05147e-05 2.00539e-05 1.95964e-05 1.91426e-05 1.86929e-05 1.82477e-05 1.78073e-05 1.7372e-05 1.69421e-05 1.65179e-05 1.60996e-05 1.56874e-05 1.52814e-05 1.48819e-05 1.44889e-05 1.41027e-05 1.37232e-05 1.33505e-05 1.29848e-05 1.26261e-05 1.22744e-05 1.19298e-05 1.15922e-05 1.12617e-05 1.09382e-05 1.06218e-05 1.03124e-05 1.00099e-05 9.71434e-06 9.42566e-06 9.14379e-06 8.86866e-06 8.60021e-06 8.33835e-06 8.08301e-06 7.83409e-06 7.59153e-06 7.35521e-06 7.12505e-06 6.90095e-06 6.6828e-06 6.47052e-06 6.26399e-06 6.06311e-06 5.86778e-06 5.67788e-06 5.49332e-06 5.31398e-06 5.13975e-06 4.97053e-06 4.80622e-06 4.64669e-06 4.49185e-06 4.34159e-06 4.1958e-06 4.05438e-06 3.91723e-06 3.78424e-06 3.6553e-06 3.53033e-06
0.00011876 2.85311e-05 2.89942e-05 2.93911e-05 2.97253e-05 3e-05 3.02185e-05 3.03838e-05 3.04989e-05 3.05667e-05 3.05899e-05 3.05713e-05 3.05135e-05 3.04189e-05 3.029e-05 3.01291e-05 2.99384e-05 2.972e-05 2.94759e-05 2.92082e-05 2.89187e-05 2.86091e-05 2.82811e-05 2.79365e-05 2.75767e-05 2.72032e-05 2.68174e-05 2.64207e-05 2.60143e-05 2.55993e-05 2.5177e-05 2.47483e-05 2.43144e-05 2.38762e-05 2.34345e-05 2.29901e-05 2.2544e-05 2.20969e-05 2.16494e-05 2.12021e-05 2.07558e-05 2.0311e-05 1.98681e-05 1.94278e-05 1.89904e-05 1.85563e-05 1.8126e-05 1.76999e-05 1.72782e-05 1.68612e-05 1.64492e-05 1.60425e-05 1.56413e-05 1.52457e-05 1.4856e-05 1.44723e-05 1.40948e-05 1.37235e-05 1.33586e-05 1.30001e-05 1.26482e-05 1.23029e-05 1.19641e-05 1.16321e-05 1.13067e-05 1.09879e-05 1.06759e-05 1.03705e-05 1.00717e-05 9.77959e-06 9.49401e-06 9.21495e-06 8.94236e-06 8.67619e-06 8.41636e-06 8.16282e-06 7.9155e-06 7.6743e-06 7.43916e-06 7.20998e-06 6.98669e-06 6.76919e-06 6.55739e-06 6.3512e-06 6.15052e-06 5.95526e-06 5.76531e-06 5.58057e-06 5.40096e-06 5.22635e-06 5.05667e-06 4.8918e-06 4.73164e-06 4.57609e-06 4.42506e-06 4.27844e-06 4.13612e-06 3.99802e-06 3.86404e-06 3.73407e-06 3.60802e-06
0.000111735 2.71353e-05 2.76237e-05 2.8048e-05 2.84113e-05 2.87166e-05 2.89668e-05 2.91649e-05 2.93136e-05 2.94157e-05 2.94738e-05 2.94905e-05 2.94682e-05 2.94092e-05 2.9316e-05 2.91907e-05 2.90354e-05 2.88521e-05 2.86429e-05 2.84095e-05 2.81539e-05 2.78778e-05 2.75827e-05 2.72703e-05 2.69421e-05 2.65995e-05 2.62439e-05 2.58766e-05 2.54989e-05 2.51119e-05 2.47167e-05 2.43144e-05 2.39061e-05 2.34925e-05 2.30748e-05 2.26536e-05 2.22299e-05 2.18043e-05 2.13775e-05 2.09502e-05 2.05231e-05 2.00967e-05 1.96716e-05 1.92482e-05 1.88271e-05 1.84086e-05 1.79932e-05 1.75812e-05 1.7173e-05 1.67689e-05 1.63692e-05 1.59741e-05 1.5584e-05 1.51989e-05 1.48192e-05 1.44449e-05 1.40762e-05 1.37133e-05 1.33563e-05 1.30053e-05 1.26603e-05 1.23215e-05 1.19889e-05 1.16625e-05 1.13425e-05 1.10287e-05 1.07212e-05 1.04201e-05 1.01253e-05 9.83676e-06 9.5545e-06 9.27848e-06 9.00866e-06 8.74499e-06 8.48743e-06 8.23592e-06 7.99039e-06 7.75079e-06 7.51704e-06 7.28906e-06 7.06679e-06 6.85014e-06 6.63903e-06 6.43337e-06 6.23309e-06 6.03808e-06 5.84826e-06 5.66355e-06 5.48383e-06 5.30903e-06 5.13905e-06 4.97379e-06 4.81316e-06 4.65706e-06 4.50541e-06 4.35809e-06 4.21503e-06 4.07612e-06 3.94128e-06 3.8104e-06 3.6834e-06
