0.371042 0.0255855 0.0164071 0.0113532 0.00826606 0.00622454 0.00479443 0.00375087 0.00296702 0.0023659 0.00189788 0.00152936 0.00123669 0.00100275 0.00081478 0.000663146 0.000540428 0.000440857 0.000359893 0.000293945 0.000240144 0.000196194 0.000160243 0.000130795 0.000106635 8.67761e-05 7.0411e-05 5.68788e-05 4.56356e-05 3.62317e-05 2.96748e-05
0.0255855 0.00365098 0.00218246 0.00139007 0.000926809 0.000639209 0.000452373 0.000326656 0.000239671 0.000178118 0.000133758 0.000101306 7.72711e-05 5.9287e-05 4.57146e-05 3.53975e-05 2.75067e-05 2.14396e-05 1.67533e-05 1.31187e-05 1.02897e-05 8.08021e-06 6.3492e-06 4.98887e-06 3.91648e-06 3.06831e-06 2.39507e-06 1.85858e-06 1.42929e-06 1.0845e-06 8.64464e-07
0.0164071 0.00218246 0.0012434 0.000763949 0.000496667 0.00033675 0.000235631 0.000168879 0.000123305 9.13498e-05 6.84653e-05 5.17954e-05 3.94842e-05 3.02892e-05 2.33577e-05 1.80918e-05 1.40652e-05 1.0969e-05 8.57677e-06 6.72074e-06 5.27532e-06 4.14582e-06 3.26039e-06 2.56417e-06 2.01507e-06 1.58063e-06 1.23582e-06 9.61261e-07 7.42072e-07 5.82508e-07 4.64631e-07
0.0113532 0.00139007 0.000763949 0.000456437 0.000290931 0.000194663 0.000135049 9.62676e-05 7.00522e-05 5.17926e-05 3.87724e-05 2.93145e-05 2.23418e-05 1.71394e-05 1.32198e-05 1.02427e-05 7.96621e-06 6.2155e-06 4.86252e-06 3.81245e-06 2.9944e-06 2.35494e-06 1.85352e-06 1.45917e-06 1.14814e-06 9.02126e-07 7.07015e-07 5.51939e-07 4.34645e-07 3.41212e-07 2.72247e-07
0.00826606 0.000926809 0.000496667 0.000290931 0.000182884 0.000121272 8.36675e-05 5.9445e-05 4.31752e-05 3.18881e-05 2.38592e-05 1.80353e-05 1.37451e-05 1.05454e-05 8.13509e-06 6.3044e-06 4.90442e-06 3.82764e-06 2.99537e-06 2.34934e-06 1.84601e-06 1.45253e-06 1.14399e-06 9.01371e-07 7.10073e-07 5.58863e-07 4.39091e-07 3.46482e-07 2.72895e-07 2.14241e-07 1.7094e-07
0.00622454 0.000639209 0.00033675 0.000194663 0.000121272 7.99716e-05 5.49985e-05 3.90088e-05 2.83073e-05 2.08982e-05 1.56335e-05 1.18167e-05 9.00571e-06 6.90942e-06 5.33029e-06 4.13091e-06 3.21371e-06 2.50825e-06 1.96301e-06 1.53981e-06 1.21012e-06 9.52429e-07 7.50419e-07 5.91625e-07 4.6649e-07 3.67665e-07 2.90429e-07 2.29197e-07 1.80526e-07 1.41724e-07 1.13058e-07
0.00479443 0.000452373 0.000235631 0.000135049 8.36675e-05 5.49985e-05 3.77616e-05 2.67622e-05 1.94136e-05 1.43301e-05 1.07191e-05 8.10138e-06 6.17357e-06 4.73594e-06 3.65305e-06 2.83063e-06 2.2018e-06 1.71822e-06 1.34454e-06 1.05457e-06 8.28742e-07 6.52293e-07 5.14024e-07 4.05391e-07 3.19841e-07 2.52712e-07 1.99618e-07 1.57524e-07 1.24067e-07 9.73948e-08 7.7671e-08
0.00375087 0.000326656 0.000168879 9.62676e-05 5.9445e-05 3.90088e-05 2.67622e-05 1.89606e-05 1.37522e-05 1.015e-05 7.59125e-06 5.73635e-06 4.37032e-06 3.35173e-06 2.58459e-06 2.00212e-06 1.55686e-06 1.21457e-06 9.50162e-07 7.45065e-07 5.85398e-07 4.60701e-07 3.63035e-07 2.86346e-07 2.26144e-07 1.78651e-07 1.41096e-07 1.11328e-07 8.76726e-08 6.88193e-08 5.48623e-08
0.00296702 0.000239671 0.000123305 7.00522e-05 4.31752e-05 2.83073e-05 1.94136e-05 1.37522e-05 9.97338e-06 7.35973e-06 5.5031e-06 4.15719e-06 3.16612e-06 2.42727e-06 1.87097e-06 1.44873e-06 1.12608e-06 8.78155e-07 6.86724e-07 5.38305e-07 4.22819e-07 3.32672e-07 2.62105e-07 2.06789e-07 1.6327e-07 1.2895e-07 1.01821e-07 8.03241e-08 6.32469e-08 4.96416e-08 3.95585e-08
0.0023659 0.000178118 9.13498e-05 5.17926e-05 3.18881e-05 2.08982e-05 1.43301e-05 1.015e-05 7.35973e-06 5.42965e-06 4.05857e-06 3.06475e-06 2.3331e-06 1.78781e-06 1.37742e-06 1.06605e-06 8.28242e-07 6.45594e-07 5.0464e-07 3.95414e-07 3.10468e-07 2.44197e-07 1.92376e-07 1.51724e-07 1.19755e-07 9.4555e-08 7.46431e-08 5.88716e-08 4.63475e-08 3.63738e-08 2.89742e-08
0.00189788 0.000133758 6.84653e-05 3.87724e-05 2.38592e-05 1.56335e-05 1.07191e-05 7.59125e-06 5.5031e-06 4.05857e-06 3.03247e-06 2.28886e-06 1.74157e-06 1.33385e-06 1.02712e-06 7.94533e-07 6.16981e-07 4.80686e-07 3.75562e-07 2.94144e-07 2.30861e-07 1.81528e-07 1.42949e-07 1.127e-07 8.89236e-08 7.01897e-08 5.53938e-08 4.36795e-08 3.43812e-08 2.69797e-08 2.14829e-08
0.00152936 0.000101306 5.17954e-05 2.93145e-05 1.80353e-05 1.18167e-05 8.10138e-06 5.73635e-06 4.15719e-06 3.06475e-06 2.28886e-06 1.72671e-06 1.31314e-06 1.00517e-06 7.73609e-07 5.98106e-07 4.64208e-07 3.61481e-07 2.8229e-07 2.20993e-07 1.73379e-07 1.36271e-07 1.07267e-07 8.45367e-08 6.66786e-08 5.26146e-08 4.15119e-08 3.27256e-08 2.57545e-08 2.0208e-08 1.60848e-08
0.00123669 7.72711e-05 3.94842e-05 2.23418e-05 1.37451e-05 9.00571e-06 6.17357e-06 4.37032e-06 3.16612e-06 2.3331e-06 1.74157e-06 1.31314e-06 9.98071e-07 7.63574e-07 5.87347e-07 4.53856e-07 3.52067e-07 2.74018e-07 2.13886e-07 1.67368e-07 1.31249e-07 1.03114e-07 8.11343e-08 6.39175e-08 5.03976e-08 3.97551e-08 3.13573e-08 2.47145e-08 1.94464e-08 1.52568e-08 1.21394e-08
0.00100275 5.9287e-05 3.02892e-05 1.71394e-05 1.05454e-05 6.90942e-06 4.73594e-06 3.35173e-06 2.42727e-06 1.78781e-06 1.33385e-06 1.00517e-06 7.63574e-07 5.83849e-07 4.48856e-07 3.46657e-07 2.68772e-07 2.09085e-07 1.63126e-07 1.27589e-07 1.0001e-07 7.85386e-08 6.17729e-08 4.86466e-08 3.83436e-08 3.02371e-08 2.38433e-08 1.87879e-08 1.47805e-08 1.15949e-08 9.22249e-09
0.00081478 4.57146e-05 2.33577e-05 1.32198e-05 8.13509e-06 5.33029e-06 3.65305e-06 2.58459e-06 1.87097e-06 1.37742e-06 1.02712e-06 7.73609e-07 5.87347e-07 4.48856e-07 3.44891e-07 2.66225e-07 2.06307e-07 1.60415e-07 1.25095e-07 9.77991e-08 7.66267e-08 6.01508e-08 4.72921e-08 3.72293e-08 2.93346e-08 2.31257e-08 1.82307e-08 1.43621e-08 1.12968e-08 8.86111e-09 7.04563e-09
0.000663146 3.53975e-05 1.80918e-05 1.02427e-05 6.3044e-06 4.13091e-06 2.83063e-06 2.00212e-06 1.44873e-06 1.06605e-06 7.94533e-07 5.98106e-07 4.53856e-07 3.46657e-07 2.66225e-07 2.05398e-07 1.59093e-07 1.23645e-07 9.63772e-08 7.53145e-08 5.89852e-08 4.62841e-08 3.63761e-08 2.86259e-08 2.25482e-08 1.77704e-08 1.40053e-08 1.10309e-08 8.67509e-09 6.80401e-09 5.40823e-09
0.000540428 2.75067e-05 1.40652e-05 7.96621e-06 4.90442e-06 3.21371e-06 2.2018e-06 1.55686e-06 1.12608e-06 8.28242e-07 6.16981e-07 4.64208e-07 3.52067e-07 2.68772e-07 2.06307e-07 1.59093e-07 1.23169e-07 9.56812e-08 7.45476e-08 5.82312e-08 4.55874e-08 3.57575e-08 2.80927e-08 2.20998e-08 1.74022e-08 1.37108e-08 1.08031e-08 8.50693e-09 6.68906e-09 5.24583e-09 4.16838e-09
0.000440857 2.14396e-05 1.0969e-05 6.2155e-06 3.82764e-06 2.50825e-06 1.71822e-06 1.21457e-06 8.78155e-07 6.45594e-07 4.80686e-07 3.61481e-07 2.74018e-07 2.09085e-07 1.60415e-07 1.23645e-07 9.56812e-08 7.42953e-08 5.78609e-08 4.51783e-08 3.5355e-08 2.77213e-08 2.17714e-08 1.71214e-08 1.34779e-08 1.0616e-08 8.36251e-09 6.58371e-09 5.17599e-09 4.05885e-09 3.22421e-09
0.000359893 1.67533e-05 8.57677e-06 4.86252e-06 2.99537e-06 1.96301e-06 1.34454e-06 9.50162e-07 6.86724e-07 5.0464e-07 3.75562e-07 2.8229e-07 2.13886e-07 1.63126e-07 1.25095e-07 9.63772e-08 7.45476e-08 5.78609e-08 4.50434e-08 3.51566e-08 2.75021e-08 2.15563e-08 1.69239e-08 1.3305e-08 1.04705e-08 8.24499e-09 6.49325e-09 5.11104e-09 4.01758e-09 3.15017e-09 2.50166e-09
0.000293945 1.31187e-05 6.72074e-06 3.81245e-06 2.34934e-06 1.53981e-06 1.05457e-06 7.45065e-07 5.38305e-07 3.95414e-07 2.94144e-07 2.20993e-07 1.67368e-07 1.27589e-07 9.77991e-08 7.53145e-08 5.82312e-08 4.51783e-08 3.51566e-08 2.74297e-08 2.14498e-08 1.68067e-08 1.31907e-08 1.03669e-08 8.15606e-09 6.42078e-09 5.05545e-09 3.97852e-09 3.12689e-09 2.45157e-09 1.94633e-09
0.000240144 1.02897e-05 5.27532e-06 2.9944e-06 1.84601e-06 1.21012e-06 8.28742e-07 5.85398e-07 4.22819e-07 3.10468e-07 2.30861e-07 1.73379e-07 1.31249e-07 1.0001e-07 7.66267e-08 5.89852e-08 4.55874e-08 3.5355e-08 2.75021e-08 2.14498e-08 1.67679e-08 1.31339e-08 1.03049e-08 8.09652e-09 6.3681e-09 5.01197e-09 3.94533e-09 3.1043e-09 2.43946e-09 1.91244e-09 1.5179e-09
0.000196194 8.08021e-06 4.14582e-06 2.35494e-06 1.45253e-06 9.52429e-07 6.52293e-07 4.60701e-07 3.32672e-07 2.44197e-07 1.81528e-07 1.36271e-07 1.03114e-07 7.85386e-08 6.01508e-08 4.62841e-08 3.57575e-08 2.77213e-08 2.15563e-08 1.68067e-08 1.31339e-08 1.02843e-08 8.0667e-09 6.33617e-09 4.98224e-09 3.92029e-09 3.08532e-09 2.42718e-09 1.90709e-09 1.49497e-09 1.18624e-09
0.000160243 6.3492e-06 3.26039e-06 1.85352e-06 1.14399e-06 7.50419e-07 5.14024e-07 3.63035e-07 2.62105e-07 1.92376e-07 1.42949e-07 1.07267e-07 8.11343e-08 6.17729e-08 4.72921e-08 3.63761e-08 2.80927e-08 2.17714e-08 1.69239e-08 1.31907e-08 1.03049e-08 8.0667e-09 6.32549e-09 4.96717e-09 3.90478e-09 3.07179e-09 2.41705e-09 1.90113e-09 1.49357e-09 1.17071e-09 9.28723e-10
0.000130795 4.98887e-06 2.56417e-06 1.45917e-06 9.01371e-07 5.91625e-07 4.05391e-07 2.86346e-07 2.06789e-07 1.51724e-07 1.127e-07 8.45367e-08 6.39175e-08 4.86466e-08 3.72293e-08 2.86259e-08 2.20998e-08 1.71214e-08 1.3305e-08 1.03669e-08 8.09652e-09 6.33617e-09 4.96717e-09 3.89954e-09 3.06478e-09 2.41045e-09 1.8963e-09 1.4913e-09 1.17145e-09 9.18158e-10 7.282e-10
0.000106635 3.91648e-06 2.01507e-06 1.14814e-06 7.10073e-07 4.6649e-07 3.19841e-07 2.26144e-07 1.6327e-07 1.19755e-07 8.89236e-08 6.66786e-08 5.03976e-08 3.83436e-08 2.93346e-08 2.25482e-08 1.74022e-08 1.34779e-08 1.04705e-08 8.15606e-09 6.3681e-09 4.98224e-09 3.90478e-09 3.06478e-09 2.40817e-09 1.89365e-09 1.48946e-09 1.17117e-09 9.19871e-10 7.20929e-10 5.71651e-10
8.67761e-05 3.06831e-06 1.58063e-06 9.02126e-07 5.58863e-07 3.67665e-07 2.52712e-07 1.78651e-07 1.2895e-07 9.4555e-08 7.01897e-08 5.26146e-08 3.97551e-08 3.02371e-08 2.31257e-08 1.77704e-08 1.37108e-08 1.0616e-08 8.24499e-09 6.42078e-09 5.01197e-09 3.92029e-09 3.07179e-09 2.41045e-09 1.89365e-09 1.48878e-09 1.17081e-09 9.20485e-10 7.22898e-10 5.66521e-10 4.49124e-10
7.0411e-05 2.39507e-06 1.23582e-06 7.07015e-07 4.39091e-07 2.90429e-07 1.99618e-07 1.41096e-07 1.01821e-07 7.46431e-08 5.53938e-08 4.15119e-08 3.13573e-08 2.38433e-08 1.82307e-08 1.40053e-08 1.08031e-08 8.36251e-09 6.49325e-09 5.05545e-09 3.94533e-09 3.08532e-09 2.41705e-09 1.8963e-09 1.48946e-09 1.17081e-09 9.20623e-10 7.23696e-10 5.68297e-10 4.45338e-10 3.5299e-10
5.68788e-05 1.85858e-06 9.61261e-07 5.51939e-07 3.46482e-07 2.29197e-07 1.57524e-07 1.11328e-07 8.03241e-08 5.88716e-08 4.36795e-08 3.27256e-08 2.47145e-08 1.87879e-08 1.43621e-08 1.10309e-08 8.50693e-09 6.58371e-09 5.11104e-09 3.97852e-09 3.1043e-09 2.42718e-09 1.90113e-09 1.4913e-09 1.17117e-09 9.20485e-10 7.23696e-10 5.68832e-10 4.46651e-10 3.49995e-10 2.77376e-10
4.56356e-05 1.42929e-06 7.42072e-07 4.34645e-07 2.72895e-07 1.80526e-07 1.24067e-07 8.76726e-08 6.32469e-08 4.63475e-08 3.43812e-08 2.57545e-08 1.94464e-08 1.47805e-08 1.12968e-08 8.67509e-09 6.68906e-09 5.17599e-09 4.01758e-09 3.12689e-09 2.43946e-09 1.90709e-09 1.49357e-09 1.17145e-09 9.19871e-10 7.22898e-10 5.68297e-10 4.46651e-10 3.50692e-10 2.74792e-10 2.17751e-10
3.62317e-05 1.0845e-06 5.82508e-07 3.41212e-07 2.14241e-07 1.41724e-07 9.73948e-08 6.88193e-08 4.96416e-08 3.63738e-08 2.69797e-08 2.0208e-08 1.52568e-08 1.15949e-08 8.86111e-09 6.80401e-09 5.24583e-09 4.05885e-09 3.15017e-09 2.45157e-09 1.91244e-09 1.49497e-09 1.17071e-09 9.18158e-10 7.20929e-10 5.66521e-10 4.45338e-10 3.49995e-10 2.74792e-10 2.15315e-10 1.70608e-10
2.96748e-05 8.64464e-07 4.64631e-07 2.72247e-07 1.7094e-07 1.13058e-07 7.7671e-08 5.48623e-08 3.95585e-08 2.89742e-08 2.14829e-08 1.60848e-08 1.21394e-08 9.22249e-09 7.04563e-09 5.40823e-09 4.16838e-09 3.22421e-09 2.50166e-09 1.94633e-09 1.5179e-09 1.18624e-09 9.28723e-10 7.282e-10 5.71651e-10 4.49124e-10 3.5299e-10 2.77376e-10 2.17751e-10 1.70608e-10 1.35155e-10
