0.285566 0.118986 0.0495774 0.0206573 0.00860719 0.00358633 0.0014943 0.000622627 0.000259428 0.000108095 4.50395e-05 1.87665e-05 7.81937e-06 3.25807e-06 1.35753e-06 5.65637e-07 2.35682e-07 9.82009e-08 4.0917e-08 1.70488e-08 7.10365e-09 2.95985e-09 1.23327e-09 5.13864e-10 2.1411e-10 8.92124e-11 3.71718e-11 1.54883e-11 6.45345e-12 2.68894e-12 1.12039e-12 4.66829e-13 1.94512e-13 8.10467e-14 3.37695e-14 1.40706e-14 5.86276e-15 2.44281e-15 1.01784e-15 4.241e-16 1.76708e-16 7.36284e-17 3.06785e-17 1.27827e-17 5.32613e-18 2.21922e-18 9.24675e-19 3.85281e-19 1.60534e-19 6.68891e-20 2.78705e-20 1.16127e-20 4.83862e-21 2.01609e-21 8.40039e-22 3.50016e-22 1.4584e-22 6.07667e-23 2.53195e-23 1.05498e-23 4.39574e-24 1.83156e-24 7.63149e-25 3.17979e-25 1.32491e-25 5.52047e-26 2.30019e-26 9.58414e-27 3.99339e-27 1.66391e-27 6.93297e-28 2.88874e-28 1.20364e-28 5.01517e-29 2.08965e-29 8.7069e-30 3.62787e-30 1.51161e-30 6.29839e-31 2.62433e-31 1.09347e-31 4.55613e-32 1.89839e-32 7.90994e-33 3.29581e-33 1.37325e-33 5.72189e-34 2.38412e-34 9.93384e-35 4.1391e-35 1.72463e-35 7.18594e-36 2.99414e-36 1.24756e-36 5.19816e-37 2.1659e-37 9.02459e-38 3.76024e-38 1.56677e-38 6.5282e-39 2.72008e-39
0.118986 0.0652013 0.0336771 0.0167446 0.00810711 0.00384888 0.00179991 0.00083172 0.000380615 0.000172783 7.79072e-05 3.49255e-05 1.5579e-05 6.91908e-06 3.06121e-06 1.34977e-06 5.93353e-07 2.60125e-07 1.13758e-07 4.96379e-08 2.16152e-08 9.395e-09 4.07652e-09 1.76603e-09 7.63958e-10 3.3003e-10 1.42394e-10 6.13644e-11 2.64159e-11 1.13597e-11 4.88033e-12 2.09477e-12 8.98361e-13 3.84959e-13 1.64834e-13 7.05284e-14 3.01566e-14 1.2886e-14 5.50283e-15 2.34853e-15 1.00176e-15 4.27068e-16 1.81973e-16 7.75006e-17 3.29913e-17 1.40378e-17 5.97049e-18 2.5383e-18 1.0787e-18 4.58242e-19 1.94594e-19 8.26057e-20 3.50544e-20 1.48707e-20 6.30644e-21 2.67364e-21 1.13317e-21 4.80132e-22 2.0338e-22 8.61269e-23 3.64634e-23 1.54336e-23 6.53087e-24 2.76295e-24 1.16863e-24 4.94176e-25 2.08927e-25 8.83114e-26 3.73208e-26 1.57688e-26 6.66137e-27 2.8135e-27 1.1881e-27 5.01626e-28 2.11755e-28 8.93745e-29 3.77157e-29 1.59134e-29 6.71328e-30 2.83166e-30 1.19422e-30 5.03572e-31 2.12315e-31 8.95031e-32 3.77257e-32 1.58994e-32 6.69987e-33 2.82292e-33 1.18926e-33 5.0096e-34 2.10998e-34 8.88593e-35 3.74179e-35 1.57546e-35 6.63267e-36 2.79205e-36 1.17521e-36 4.94607e-37 2.08143e-37 8.75836e-38 3.68503e-38
0.0495774 0.0336771 0.0203119 0.011436 0.00615205 0.00320312 0.00162697 0.000810446 0.000397384 0.000192315 9.20488e-05 4.36428e-05 2.05232e-05 9.58193e-06 4.4453e-06 2.05064e-06 9.41176e-07 4.29993e-07 1.95634e-07 8.8671e-08 4.00507e-08 1.80323e-08 8.09496e-09 3.62405e-09 1.61836e-09 7.20994e-10 3.20504e-10 1.42182e-10 6.29527e-11 2.78227e-11 1.22756e-11 5.40738e-12 2.37833e-12 1.04455e-12 4.58141e-13 2.0068e-13 8.77962e-14 3.83653e-14 1.67463e-14 7.30188e-15 3.18061e-15 1.38409e-15 6.01749e-16 2.61384e-16 1.13442e-16 4.91938e-17 2.1316e-17 9.22941e-18 3.99325e-18 1.72653e-18 7.45984e-19 3.22109e-19 1.38996e-19 5.99432e-20 2.58359e-20 1.11292e-20 4.79141e-21 2.06174e-21 8.86713e-22 3.81168e-22 1.63773e-22 7.03338e-23 3.01919e-23 1.29547e-23 5.5562e-24 2.38204e-24 1.02081e-24 4.37294e-25 1.87256e-25 8.01562e-26 3.42991e-26 1.46715e-26 6.27366e-27 2.68177e-27 1.14599e-27 4.89559e-28 2.09071e-28 8.92592e-29 3.80965e-29 1.62552e-29 6.9339e-30 2.95695e-30 1.26065e-30 5.37322e-31 2.28961e-31 9.75397e-32 4.15427e-32 1.76891e-32 7.53033e-33 3.20497e-33 1.36376e-33 5.80169e-34 2.46762e-34 1.04933e-34 4.46125e-35 1.89633e-35 8.05907e-36 3.4243e-36 1.45471e-36 6.17874e-37 2.62388e-37
0.0206573 0.0167446 0.011436 0.00711495 0.00416818 0.0023399 0.00127201 0.000674246 0.000350151 0.000178779 8.99787e-05 4.47311e-05 2.20002e-05 1.0719e-05 5.17918e-06 2.48388e-06 1.18329e-06 5.60295e-07 2.63845e-07 1.23621e-07 5.76535e-08 2.67738e-08 1.23846e-08 5.70779e-09 2.62166e-09 1.20035e-09 5.47965e-10 2.49453e-10 1.13264e-10 5.1301e-11 2.31822e-11 1.04528e-11 4.70335e-12 2.11218e-12 9.46769e-13 4.23631e-13 1.89234e-13 8.43942e-14 3.75802e-14 1.67098e-14 7.41947e-15 3.28998e-15 1.45698e-15 6.4444e-16 2.84705e-16 1.25637e-16 5.53811e-17 2.43866e-17 1.07276e-17 4.71441e-18 2.06988e-18 9.07966e-19 3.97936e-19 1.74256e-19 7.62446e-20 3.33338e-20 1.45623e-20 6.35698e-21 2.77306e-21 1.20883e-21 5.26599e-22 2.29249e-22 9.97379e-23 4.33655e-23 1.88437e-23 8.18344e-24 3.55188e-24 1.54078e-24 6.68022e-25 2.89476e-25 1.25376e-25 5.4275e-26 2.34842e-26 1.01565e-26 4.39053e-27 1.89711e-27 8.19368e-28 3.53736e-28 1.52651e-28 6.58478e-29 2.8393e-29 1.2238e-29 5.27288e-30 2.27103e-30 9.77774e-31 4.20824e-31 1.81055e-31 7.78708e-32 3.34806e-32 1.43903e-32 6.18312e-33 2.65589e-33 1.14046e-33 4.89572e-34 2.101e-34 9.01388e-35 3.86611e-35 1.65774e-35 7.10621e-36 3.04541e-36 1.30478e-36
0.00860719 0.00810711 0.00615205 0.00416818 0.00262752 0.00157417 0.000907696 0.000507901 0.000277354 0.000148423 7.80773e-05 4.04718e-05 2.07115e-05 1.04802e-05 5.25027e-06 2.60676e-06 1.28386e-06 6.27704e-07 3.0486e-07 1.47163e-07 7.06417e-08 3.37348e-08 1.6033e-08 7.58616e-09 3.57461e-09 1.67785e-09 7.84703e-10 3.65746e-10 1.69928e-10 7.87116e-11 3.63561e-11 1.67473e-11 7.69496e-12 3.52708e-12 1.61297e-12 7.36013e-13 3.3515e-13 1.5231e-13 6.90867e-14 3.12802e-14 1.41381e-14 6.37953e-15 2.87404e-15 1.2928e-15 5.8067e-16 2.60443e-16 1.16655e-16 5.21827e-17 2.33131e-17 1.04026e-17 4.63633e-18 2.06402e-18 9.17857e-19 4.07733e-19 1.80938e-19 8.02146e-20 3.5527e-20 1.57202e-20 6.94969e-21 3.06967e-21 1.35472e-21 5.97373e-22 2.63205e-22 1.15879e-22 5.09784e-23 2.24103e-23 9.84455e-24 4.32157e-24 1.8958e-24 8.31105e-25 3.64115e-25 1.59422e-25 6.97577e-26 3.05053e-26 1.33323e-26 5.82357e-27 2.54233e-27 1.10927e-27 4.83742e-28 2.10846e-28 9.18535e-29 3.99956e-29 1.74068e-29 7.57213e-30 3.29244e-30 1.43094e-30 6.21627e-31 2.6993e-31 1.17162e-31 5.08328e-32 2.20456e-32 9.55713e-33 4.14154e-33 1.79403e-33 7.76846e-34 3.36263e-34 1.45501e-34 6.29358e-35 2.72131e-35 1.17628e-35 5.08273e-36
0.00358633 0.00384888 0.00320312 0.0023399 0.00157417 0.000999395 0.000607454 0.000356807 0.000203845 0.000113801 6.23019e-05 3.3539e-05 1.77923e-05 9.31765e-06 4.82387e-06 2.47185e-06 1.25493e-06 6.31783e-07 3.15634e-07 1.56584e-07 7.718e-08 3.78153e-08 1.84257e-08 8.93198e-09 4.30909e-09 2.06954e-09 9.89772e-10 4.71499e-10 2.23774e-10 1.05831e-10 4.9886e-11 2.34412e-11 1.09821e-11 5.13059e-12 2.39045e-12 1.11091e-12 5.15014e-13 2.38203e-13 1.09928e-13 5.06223e-14 2.32643e-14 1.06706e-14 4.88507e-15 2.23239e-15 1.0184e-15 4.63808e-16 2.10893e-16 9.57447e-17 4.34029e-17 1.96471e-17 8.88122e-18 4.00926e-18 1.80755e-18 8.13904e-19 3.66038e-19 1.64425e-19 7.3776e-20 3.3066e-20 1.48041e-20 6.62108e-21 2.95827e-21 1.32044e-21 5.88826e-22 2.62332e-22 1.16768e-22 5.19297e-23 2.30747e-23 1.02446e-23 4.54467e-24 2.0145e-24 8.9227e-25 3.94912e-25 1.74657e-25 7.71903e-26 3.40907e-26 1.50457e-26 6.63594e-27 2.92489e-27 1.28837e-27 5.67157e-28 2.49518e-28 1.0971e-28 4.82097e-29 2.11728e-29 9.29352e-30 4.07705e-30 1.78765e-30 7.83412e-31 3.43145e-31 1.50227e-31 6.57362e-32 2.8751e-32 1.25689e-32 5.49213e-33 2.39876e-33 1.04723e-33 4.56989e-34 1.99335e-34 8.69122e-35 3.78789e-35 1.65021e-35
0.0014943 0.00179991 0.00162697 0.00127201 0.000907696 0.000607454 0.000387384 0.000237854 0.000141617 8.21871e-05 4.66729e-05 2.6014e-05 1.42649e-05 7.71055e-06 4.11481e-06 2.17089e-06 1.13352e-06 5.86334e-07 3.00702e-07 1.53007e-07 7.72935e-08 3.87853e-08 1.93417e-08 9.58991e-09 4.72924e-09 2.32048e-09 1.1332e-09 5.50943e-10 2.66738e-10 1.28631e-10 6.17987e-11 2.95852e-11 1.41159e-11 6.71361e-12 3.18333e-12 1.50505e-12 7.09605e-13 3.33685e-13 1.56516e-13 7.32375e-14 3.41901e-14 1.59259e-14 7.40249e-15 3.4337e-15 1.58961e-15 7.34505e-16 3.38769e-16 1.55973e-16 7.16891e-17 3.28962e-17 1.50712e-17 6.89423e-18 3.14905e-18 1.43631e-18 6.54207e-19 2.97575e-19 1.3518e-19 6.13304e-20 2.77912e-20 1.25782e-20 5.6863e-21 2.56774e-21 1.15824e-21 5.21893e-22 2.34918e-22 1.05636e-22 4.74551e-23 2.1298e-23 9.54969e-24 4.27805e-24 1.91478e-24 8.56281e-25 3.82603e-25 1.70814e-25 7.6199e-26 3.39653e-26 1.51282e-26 6.73313e-27 2.99453e-27 1.33085e-27 5.91052e-28 2.62316e-28 1.16341e-28 5.15655e-29 2.28405e-29 1.01106e-29 4.47286e-30 1.97757e-30 8.73815e-31 3.85885e-31 1.70313e-31 7.51275e-32 3.31217e-32 1.45947e-32 6.42759e-33 2.82929e-33 1.24477e-33 5.47375e-34 2.40585e-34 1.05693e-34 4.64109e-35
0.000622627 0.00083172 0.000810446 0.000674246 0.000507901 0.000356807 0.000237854 0.000152152 9.4123e-05 5.66244e-05 3.32685e-05 1.91517e-05 1.08305e-05 6.02936e-06 3.30996e-06 1.79444e-06 9.61867e-07 5.10309e-07 2.68206e-07 1.39752e-07 7.22433e-08 3.70718e-08 1.88941e-08 9.56862e-09 4.81721e-09 2.41173e-09 1.20115e-09 5.95303e-10 2.93677e-10 1.44247e-10 7.05581e-11 3.43785e-11 1.66884e-11 8.07245e-12 3.89167e-12 1.87013e-12 8.95942e-13 4.27973e-13 2.03862e-13 9.68486e-14 4.58916e-14 2.16921e-14 1.02292e-14 4.81271e-15 2.25937e-15 1.05844e-15 4.9484e-16 2.30893e-16 1.07531e-16 4.99874e-17 2.31964e-17 1.07458e-17 4.96981e-18 2.2948e-18 1.05797e-18 4.87028e-19 2.23872e-19 1.02761e-19 4.71048e-20 2.15636e-20 9.85857e-21 4.50153e-21 2.05293e-21 9.35131e-22 4.25468e-22 1.93362e-22 8.77802e-23 3.98069e-23 1.80329e-23 8.16079e-24 3.6895e-24 1.66641e-24 7.51943e-25 3.38991e-25 1.52686e-25 6.87114e-26 3.08947e-26 1.38795e-26 6.2303e-27 2.79443e-27 1.25238e-27 5.60848e-28 2.50973e-28 1.12225e-28 5.01461e-29 2.23913e-29 9.99124e-30 4.45518e-30 1.98528e-30 8.84091e-31 3.93454e-31 1.74992e-31 7.77814e-32 3.45519e-32 1.53395e-32 6.80609e-33 3.01812e-33 1.33762e-33 5.92504e-34 2.6231e-34 1.16067e-34
0.000259428 0.000380615 0.000397384 0.000350151 0.000277354 0.000203845 0.000141617 9.4123e-05 6.03451e-05 3.75461e-05 2.27735e-05 1.35132e-05 7.8661e-06 4.50203e-06 2.53811e-06 1.41168e-06 7.75619e-07 4.21438e-07 2.26676e-07 1.20789e-07 6.38137e-08 3.3446e-08 1.74005e-08 8.99065e-09 4.61557e-09 2.35528e-09 1.19509e-09 6.03183e-10 3.0291e-10 1.51397e-10 7.53307e-11 3.73229e-11 1.84171e-11 9.05307e-12 4.43383e-12 2.16394e-12 1.05259e-12 5.10375e-13 2.46713e-13 1.18912e-13 5.71528e-14 2.73956e-14 1.30978e-14 6.24647e-15 2.97187e-15 1.41066e-15 6.68111e-16 3.15748e-16 1.48913e-16 7.009e-17 3.29259e-17 1.54385e-17 7.22579e-18 3.376e-18 1.57464e-18 7.33236e-19 3.40888e-19 1.58236e-19 7.33402e-20 3.39425e-20 1.56866e-20 7.23953e-21 3.33663e-21 1.53581e-21 7.06012e-22 3.24151e-22 1.48648e-22 6.80857e-23 3.11497e-23 1.42353e-23 6.49834e-24 2.9633e-24 1.34988e-24 6.14292e-25 2.79269e-25 1.26837e-25 5.7552e-26 2.60898e-26 1.18164e-26 5.34708e-27 2.41752e-27 1.09208e-27 4.92921e-28 2.22303e-28 1.00177e-28 4.51078e-29 2.02956e-29 9.12489e-30 4.09952e-30 1.84046e-30 8.25678e-31 3.70165e-31 1.65838e-31 7.42475e-32 3.32197e-32 1.48536e-32 6.6373e-33 2.96403e-33 1.32285e-33 5.90034e-34 2.6302e-34
0.000108095 0.000172783 0.000192315 0.000178779 0.000148423 0.000113801 8.21871e-05 5.66244e-05 3.75461e-05 2.41134e-05 1.5072e-05 9.20276e-06 5.50531e-06 3.23445e-06 1.86995e-06 1.06556e-06 5.99312e-07 3.33092e-07 1.83128e-07 9.96805e-08 5.37609e-08 2.87488e-08 1.52522e-08 8.03227e-09 4.20095e-09 2.18298e-09 1.12749e-09 5.79017e-10 2.95752e-10 1.50296e-10 7.60102e-11 3.82653e-11 1.918e-11 9.57401e-12 4.7602e-12 2.35788e-12 1.16374e-12 5.72395e-13 2.80612e-13 1.37134e-13 6.68143e-14 3.24587e-14 1.57246e-14 7.59728e-15 3.66111e-15 1.75988e-15 8.43938e-16 4.03765e-16 1.9274e-16 9.18069e-17 4.36384e-17 2.07005e-17 9.80032e-18 4.631e-18 2.18428e-18 1.02841e-18 4.83358e-19 2.26799e-19 1.06244e-19 4.9691e-20 2.32049e-20 1.08201e-20 5.03785e-21 2.3423e-21 1.08752e-21 5.04253e-22 2.33501e-22 1.07987e-22 4.98783e-23 2.30103e-23 1.06027e-23 4.87985e-24 2.24339e-24 1.0302e-24 4.72573e-25 2.1655e-25 9.91281e-26 4.53312e-26 2.07095e-26 9.45193e-27 4.30984e-27 1.96336e-27 8.93602e-28 4.06353e-28 1.84622e-28 8.38099e-29 3.8014e-29 1.72281e-29 7.80156e-30 3.53008e-30 1.59607e-30 7.21091e-31 3.25541e-31 1.46861e-31 6.62055e-32 2.98248e-32 1.34265e-32 6.04021e-33 2.71552e-33 1.22003e-33 5.47782e-34
4.50395e-05 7.79072e-05 9.20488e-05 8.99787e-05 7.80773e-05 6.23019e-05 4.66729e-05 3.32685e-05 2.27735e-05 1.5072e-05 9.69295e-06 6.08116e-06 3.73349e-06 2.24873e-06 1.33154e-06 7.76459e-07 4.46543e-07 2.5359e-07 1.42362e-07 7.90771e-08 4.34972e-08 2.37104e-08 1.28162e-08 6.87338e-09 3.65927e-09 1.93478e-09 1.01639e-09 5.30696e-10 2.75508e-10 1.42254e-10 7.30733e-11 3.73535e-11 1.90059e-11 9.62781e-12 4.85666e-12 2.44007e-12 1.22124e-12 6.08979e-13 3.02606e-13 1.4986e-13 7.3976e-14 3.64036e-14 1.78607e-14 8.73787e-15 4.26293e-15 2.0742e-15 1.00664e-15 4.87326e-16 2.35354e-16 1.134e-16 5.4517e-17 2.6152e-17 1.25189e-17 5.98053e-18 2.85138e-18 1.35687e-18 6.44485e-19 3.05564e-19 1.4462e-19 6.83307e-20 3.22316e-20 1.51792e-20 7.13725e-21 3.35082e-21 1.57081e-21 7.35304e-22 3.43713e-22 1.60445e-22 7.47953e-23 3.48218e-23 1.6191e-23 7.51886e-24 3.48739e-24 1.61559e-24 7.47579e-25 3.45532e-25 1.59527e-25 7.35715e-26 3.38939e-26 1.55984e-26 7.17127e-27 3.29366e-27 1.51125e-27 6.92753e-28 3.17258e-28 1.4516e-28 6.63576e-29 3.03075e-29 1.38304e-29 6.30592e-30 2.87277e-30 1.30767e-30 5.94768e-31 2.70306e-31 1.22751e-31 5.57016e-32 2.52572e-32 1.14442e-32 5.1817e-33 2.34451e-33 1.06006e-33
1.87665e-05 3.49255e-05 4.36428e-05 4.47311e-05 4.04718e-05 3.3539e-05 2.6014e-05 1.91517e-05 1.35132e-05 9.20276e-06 6.08116e-06 3.91515e-06 2.46389e-06 1.51968e-06 9.20638e-07 5.48804e-07 3.22408e-07 1.86905e-07 1.07043e-07 6.06233e-08 3.39813e-08 1.88664e-08 1.03819e-08 5.66588e-09 3.06824e-09 1.64951e-09 8.80747e-10 4.67253e-10 2.46384e-10 1.29175e-10 6.73562e-11 3.49407e-11 1.80364e-11 9.26698e-12 4.74011e-12 2.41429e-12 1.22468e-12 6.18821e-13 3.1152e-13 1.56262e-13 7.81143e-14 3.89201e-14 1.93303e-14 9.57145e-15 4.7254e-15 2.32631e-15 1.14211e-15 5.59242e-16 2.73139e-16 1.33075e-16 6.46799e-17 3.13646e-17 1.51753e-17 7.32646e-18 3.52968e-18 1.69704e-18 8.14303e-19 3.89983e-19 1.8642e-19 8.89508e-20 4.23682e-20 2.01458e-20 9.56313e-21 4.5322e-21 2.14451e-21 1.01315e-21 4.77934e-22 2.25124e-22 1.0589e-22 4.97367e-23 2.33296e-23 1.09284e-23 5.1126e-24 2.38876e-24 1.11472e-24 5.1955e-25 2.41866e-25 1.12464e-25 5.2235e-26 2.4234e-26 1.12309e-26 5.19923e-27 2.40442e-27 1.1108e-27 5.12657e-28 2.36369e-28 1.08877e-28 5.01035e-29 2.30356e-29 1.05812e-29 4.85605e-30 2.22665e-30 1.02011e-30 4.66955e-31 2.13572e-31 9.76022e-32 4.45686e-32 2.03356e-32 9.27149e-33 4.2239e-33 1.92289e-33
7.81937e-06 1.5579e-05 2.05232e-05 2.20002e-05 2.07115e-05 1.77923e-05 1.42649e-05 1.08305e-05 7.8661e-06 5.50531e-06 3.73349e-06 2.46389e-06 1.58773e-06 1.0018e-06 6.20327e-07 3.77675e-07 2.26449e-07 1.33897e-07 7.81686e-08 4.51026e-08 2.57436e-08 1.45471e-08 8.14391e-09 4.51968e-09 2.48796e-09 1.35913e-09 7.37158e-10 3.97118e-10 2.1257e-10 1.13099e-10 5.98307e-11 3.14795e-11 1.64772e-11 8.58223e-12 4.44914e-12 2.29617e-12 1.17996e-12 6.03879e-13 3.07839e-13 1.56336e-13 7.91082e-14 3.98907e-14 2.00479e-14 1.0043e-14 5.01547e-15 2.49723e-15 1.23979e-15 6.13802e-16 3.03065e-16 1.49249e-16 7.33145e-17 3.59259e-17 1.7563e-17 8.56625e-18 4.16886e-18 2.02445e-18 9.81037e-19 4.74438e-19 2.28989e-19 1.1031e-19 5.30396e-20 2.54563e-20 1.21961e-20 5.83309e-21 2.78512e-21 1.32763e-21 6.31857e-22 3.0025e-22 1.42458e-22 6.74907e-23 3.19281e-23 1.5083e-23 7.11546e-24 3.35221e-24 1.5772e-24 7.41106e-25 3.47797e-25 1.63018e-25 7.63168e-26 3.56855e-26 1.66671e-26 7.77562e-27 3.6235e-27 1.68674e-27 7.84342e-28 3.64342e-28 1.6907e-28 7.8377e-29 3.6298e-29 1.67941e-29 7.76279e-30 3.58488e-30 1.654e-30 7.62441e-31 3.51151e-31 1.61587e-31 7.42934e-32 3.41296e-32 1.56659e-32 7.18504e-33 3.29275e-33
3.25807e-06 6.91908e-06 9.58193e-06 1.0719e-05 1.04802e-05 9.31765e-06 7.71055e-06 6.02936e-06 4.50203e-06 3.23445e-06 2.24873e-06 1.51968e-06 1.0018e-06 6.46055e-07 4.08546e-07 2.53835e-07 1.55213e-07 9.35379e-08 5.56241e-08 3.26753e-08 1.89785e-08 1.09081e-08 6.20871e-09 3.50185e-09 1.95837e-09 1.08648e-09 5.98248e-10 3.27088e-10 1.7764e-10 9.58669e-11 5.14267e-11 2.74304e-11 1.4552e-11 7.68011e-12 4.03343e-12 2.10833e-12 1.09711e-12 5.68449e-13 2.93319e-13 1.50755e-13 7.71879e-14 3.93768e-14 2.00173e-14 1.01415e-14 5.12128e-15 2.57804e-15 1.29385e-15 6.47443e-16 3.23064e-16 1.60763e-16 7.97867e-17 3.94965e-17 1.95032e-17 9.60739e-18 4.72159e-18 2.31517e-18 1.13271e-18 5.53002e-19 2.69419e-19 1.30994e-19 6.35648e-20 3.07858e-20 1.48824e-20 7.18134e-21 3.45914e-21 1.66334e-21 7.98478e-22 3.82676e-22 1.83106e-22 8.74772e-23 4.17276e-23 1.98749e-23 9.45261e-24 4.48932e-24 2.12914e-24 1.00841e-24 4.76968e-25 2.25308e-25 1.06294e-25 5.00842e-26 2.35701e-26 1.1079e-26 5.20152e-27 2.43928e-27 1.14262e-27 5.34644e-28 2.49894e-28 1.16677e-28 5.44208e-29 2.53571e-29 1.18031e-29 5.48868e-30 2.54988e-30 1.18347e-30 5.48773e-31 2.54232e-31 1.17673e-31 5.44176e-32 2.51435e-32 1.16076e-32 5.35416e-33
1.35753e-06 3.06121e-06 4.4453e-06 5.17918e-06 5.25027e-06 4.82387e-06 4.11481e-06 3.30996e-06 2.53811e-06 1.86995e-06 1.33154e-06 9.20638e-07 6.20327e-07 4.08546e-07 2.63639e-07 1.67039e-07 1.04091e-07 6.38905e-08 3.86762e-08 2.31161e-08 1.36544e-08 7.97784e-09 4.61409e-09 2.64343e-09 1.50105e-09 8.45287e-10 4.72292e-10 2.61944e-10 1.44269e-10 7.89355e-11 4.29191e-11 2.31977e-11 1.24676e-11 6.66465e-12 3.54437e-12 1.87572e-12 9.88001e-13 5.18075e-13 2.70493e-13 1.40644e-13 7.28388e-14 3.75789e-14 1.93166e-14 9.89413e-15 5.05061e-15 2.56969e-15 1.30328e-15 6.58963e-16 3.32198e-16 1.66988e-16 8.37082e-17 4.18487e-17 2.08672e-17 1.03788e-17 5.14953e-18 2.5489e-18 1.25873e-18 6.20211e-19 3.04928e-19 1.496e-19 7.32437e-20 3.57878e-20 1.74522e-20 8.49446e-21 4.12681e-21 2.00127e-21 9.68793e-22 4.68173e-22 2.25867e-22 1.08789e-22 5.23142e-23 2.51174e-23 1.20411e-23 5.76375e-24 2.75493e-24 1.3149e-24 6.26714e-25 2.98298e-25 1.41791e-25 6.73098e-26 3.19116e-26 1.51103e-26 7.14597e-27 3.3754e-27 1.59248e-27 7.50445e-28 3.53239e-28 1.66086e-28 7.80051e-29 3.6597e-29 1.71518e-29 8.03014e-30 3.75574e-30 1.75483e-30 8.19119e-31 3.81981e-31 1.77961e-31 8.28332e-32 3.85201e-32 1.7897e-32 8.30784e-33
5.65637e-07 1.34977e-06 2.05064e-06 2.48388e-06 2.60676e-06 2.47185e-06 2.17089e-06 1.79444e-06 1.41168e-06 1.06556e-06 7.76459e-07 5.48804e-07 3.77675e-07 2.53835e-07 1.67039e-07 1.07852e-07 6.84488e-08 4.27651e-08 2.63373e-08 1.6007e-08 9.61042e-09 5.70495e-09 3.35104e-09 1.94908e-09 1.12325e-09 6.41752e-10 3.63681e-10 2.04522e-10 1.14185e-10 6.33132e-11 3.48781e-11 1.90952e-11 1.0393e-11 5.62495e-12 3.02813e-12 1.62185e-12 8.64415e-13 4.58565e-13 2.42175e-13 1.27347e-13 6.66881e-14 3.47841e-14 1.80738e-14 9.3566e-15 4.8266e-15 2.48127e-15 1.27136e-15 6.49343e-16 3.30625e-16 1.67841e-16 8.49573e-17 4.2883e-17 2.15868e-17 1.08379e-17 5.4274e-18 2.71118e-18 1.35107e-18 6.71704e-19 3.33187e-19 1.64906e-19 8.14416e-20 4.01369e-20 1.97403e-20 9.68944e-21 4.74679e-21 2.32102e-21 1.1328e-21 5.51885e-22 2.68398e-22 1.30306e-22 6.31567e-23 3.05607e-23 1.47643e-23 7.12168e-24 3.42995e-24 1.64946e-24 7.92066e-25 3.79802e-25 1.81863e-25 8.69632e-26 4.15281e-26 1.98051e-26 9.43299e-27 4.48718e-27 2.13186e-27 1.01161e-27 4.79462e-28 2.26978e-28 1.07329e-28 5.06944e-29 2.39179e-29 1.12723e-29 5.30692e-30 2.49584e-30 1.17259e-30 5.50343e-31 2.58043e-31 1.20872e-31 5.65647e-32 2.64457e-32 1.23527e-32
2.35682e-07 5.93353e-07 9.41176e-07 1.18329e-06 1.28386e-06 1.25493e-06 1.13352e-06 9.61867e-07 7.75619e-07 5.99312e-07 4.46543e-07 3.22408e-07 2.26449e-07 1.55213e-07 1.04091e-07 6.84488e-08 4.42171e-08 2.81041e-08 1.75992e-08 1.08711e-08 6.63074e-09 3.9972e-09 2.38345e-09 1.40679e-09 8.22439e-10 4.76525e-10 2.73782e-10 1.56052e-10 8.82811e-11 4.95878e-11 2.76662e-11 1.53369e-11 8.45039e-12 4.62901e-12 2.52167e-12 1.36642e-12 7.3668e-13 3.9524e-13 2.11067e-13 1.12211e-13 5.93999e-14 3.13142e-14 1.64425e-14 8.60067e-15 4.4822e-15 2.32757e-15 1.20453e-15 6.21284e-16 3.19422e-16 1.63715e-16 8.36574e-17 4.26238e-17 2.16557e-17 1.09723e-17 5.5446e-18 2.7946e-18 1.405e-18 7.04653e-19 3.52568e-19 1.75999e-19 8.76595e-20 4.35652e-20 2.1605e-20 1.06923e-20 5.28087e-21 2.60306e-21 1.28064e-21 6.28864e-22 3.0824e-22 1.50815e-22 7.36617e-23 3.59167e-23 1.74834e-23 8.49667e-24 4.12266e-24 1.99723e-24 9.66088e-25 4.66612e-25 2.2504e-25 1.08378e-25 5.21209e-26 2.50315e-26 1.20054e-26 5.75033e-27 2.75072e-27 1.31416e-27 6.27064e-28 2.98843e-28 1.42251e-28 6.76325e-29 3.21185e-29 1.52357e-29 7.21915e-30 3.41692e-30 1.61554e-30 7.63032e-31 3.60012e-31 1.69688e-31 7.99001e-32 3.75852e-32 1.76631e-32
9.82009e-08 2.60125e-07 4.29993e-07 5.60295e-07 6.27704e-07 6.31783e-07 5.86334e-07 5.10309e-07 4.21438e-07 3.33092e-07 2.5359e-07 1.86905e-07 1.33897e-07 9.35379e-08 6.38905e-08 4.27651e-08 2.81041e-08 1.81627e-08 1.15592e-08 7.25343e-09 4.49251e-09 2.74899e-09 1.66325e-09 9.95792e-10 5.9033e-10 3.46736e-10 2.01891e-10 1.1659e-10 6.68086e-11 3.80019e-11 2.14658e-11 1.2045e-11 6.71618e-12 3.72242e-12 2.05132e-12 1.12423e-12 6.12914e-13 3.32473e-13 1.79481e-13 9.64428e-14 5.15927e-14 2.74819e-14 1.45786e-14 7.70303e-15 4.05457e-15 2.12629e-15 1.1111e-15 5.78608e-16 3.00309e-16 1.55364e-16 8.01267e-17 4.11993e-17 2.11216e-17 1.07976e-17 5.50466e-18 2.79877e-18 1.4193e-18 7.17926e-19 3.62257e-19 1.82353e-19 9.1579e-20 4.58874e-20 2.2942e-20 1.14454e-20 5.698e-21 2.83088e-21 1.40363e-21 6.94606e-22 3.43081e-22 1.69141e-22 8.32358e-23 4.08886e-23 2.00512e-23 9.81618e-24 4.7976e-24 2.341e-24 1.14048e-24 5.54756e-25 2.69435e-25 1.30665e-25 6.32747e-26 3.05971e-26 1.47748e-26 7.12471e-27 3.43105e-27 1.65012e-27 7.92571e-28 3.80199e-28 1.82155e-28 8.71646e-29 4.16598e-29 1.98876e-29 9.48297e-30 4.5166e-30 2.14879e-30 1.02117e-30 4.8477e-31 2.29885e-31 1.08902e-31 5.15361e-32 2.43641e-32
4.0917e-08 1.13758e-07 1.95634e-07 2.63845e-07 3.0486e-07 3.15634e-07 3.00702e-07 2.68206e-07 2.26676e-07 1.83128e-07 1.42362e-07 1.07043e-07 7.81686e-08 5.56241e-08 3.86762e-08 2.63373e-08 1.75992e-08 1.15592e-08 7.47315e-09 4.76169e-09 2.99349e-09 1.85854e-09 1.14056e-09 6.92388e-10 4.16067e-10 2.47645e-10 1.4608e-10 8.54411e-11 4.95749e-11 2.85468e-11 1.63202e-11 9.26655e-12 5.22733e-12 2.93051e-12 1.63317e-12 9.05018e-13 4.98801e-13 2.73489e-13 1.49207e-13 8.10139e-14 4.37857e-14 2.35605e-14 1.26237e-14 6.73609e-15 3.58022e-15 1.89563e-15 9.99988e-16 5.2564e-16 2.75349e-16 1.43757e-16 7.48124e-17 3.88112e-17 2.00734e-17 1.03516e-17 5.32294e-18 2.72955e-18 1.39591e-18 7.12013e-19 3.62251e-19 1.83846e-19 9.3079e-20 4.7014e-20 2.36923e-20 1.1913e-20 5.97704e-21 2.99248e-21 1.49512e-21 7.45497e-22 3.70986e-22 1.84261e-22 9.13461e-23 4.52011e-23 2.23268e-23 1.10089e-23 5.41889e-24 2.66285e-24 1.30638e-24 6.39871e-25 3.12917e-25 1.5279e-25 7.44911e-26 3.62634e-26 1.7628e-26 8.5569e-27 4.14786e-27 2.00787e-27 9.70654e-28 4.68619e-28 2.25951e-28 1.08807e-28 5.23305e-29 2.51376e-29 1.20606e-29 5.77965e-30 2.76649e-30 1.3227e-30 6.31698e-31 3.01354e-31 1.43607e-31 6.83612e-32 3.25079e-32
1.70488e-08 4.96379e-08 8.8671e-08 1.23621e-07 1.47163e-07 1.56584e-07 1.53007e-07 1.39752e-07 1.20789e-07 9.96805e-08 7.90771e-08 6.06233e-08 4.51026e-08 3.26753e-08 2.31161e-08 1.6007e-08 1.08711e-08 7.25343e-09 4.76169e-09 3.07952e-09 1.96426e-09 1.23691e-09 7.69634e-10 4.73564e-10 2.88355e-10 1.73863e-10 1.03865e-10 6.15087e-11 3.61259e-11 2.10526e-11 1.21778e-11 6.99468e-12 3.99072e-12 2.26232e-12 1.27468e-12 7.14027e-13 3.97739e-13 2.20371e-13 1.21473e-13 6.6629e-14 3.63737e-14 1.97665e-14 1.06946e-14 5.76183e-15 3.09161e-15 1.65233e-15 8.79743e-16 4.66678e-16 2.4668e-16 1.29943e-16 6.82222e-17 3.57021e-17 1.86252e-17 9.68694e-18 5.02332e-18 2.59747e-18 1.33937e-18 6.88769e-19 3.53267e-19 1.80726e-19 9.22262e-20 4.69497e-20 2.38443e-20 1.20818e-20 6.10809e-21 3.08124e-21 1.55101e-21 7.7911e-22 3.90568e-22 1.95402e-22 9.75699e-23 4.86269e-23 2.41897e-23 1.20114e-23 5.95368e-24 2.94592e-24 1.45518e-24 7.1761e-25 3.53306e-25 1.73668e-25 8.5233e-26 4.17666e-26 2.0436e-26 9.98443e-27 4.87104e-27 2.37304e-27 1.15447e-27 5.60877e-28 2.72126e-28 1.31857e-28 6.38076e-29 3.08384e-29 1.48858e-29 7.17659e-30 3.45576e-30 1.66209e-30 7.98477e-31 3.83154e-31 1.83653e-31 8.79312e-32 4.20549e-32
7.10365e-09 2.16152e-08 4.00507e-08 5.76535e-08 7.06417e-08 7.718e-08 7.72935e-08 7.22433e-08 6.38137e-08 5.37609e-08 4.34972e-08 3.39813e-08 2.57436e-08 1.89785e-08 1.36544e-08 9.61042e-09 6.63074e-09 4.49251e-09 2.99349e-09 1.96426e-09 1.27073e-09 8.11301e-10 5.11655e-10 3.18999e-10 1.96758e-10 1.2014e-10 7.26632e-11 4.35555e-11 2.58872e-11 1.52629e-11 8.93049e-12 5.18756e-12 2.99262e-12 1.71506e-12 9.7674e-13 5.52927e-13 3.11214e-13 1.74203e-13 9.69964e-14 5.37342e-14 2.96228e-14 1.62541e-14 8.87838e-15 4.82851e-15 2.61497e-15 1.41045e-15 7.57787e-16 4.05593e-16 2.16293e-16 1.14935e-16 6.08653e-17 3.21249e-17 1.69009e-17 8.86374e-18 4.63451e-18 2.41605e-18 1.25592e-18 6.51038e-19 3.36566e-19 1.73535e-19 8.92457e-20 4.57825e-20 2.34288e-20 1.19611e-20 6.09229e-21 3.09606e-21 1.56992e-21 7.94349e-22 4.0108e-22 2.02096e-22 1.01628e-22 5.1005e-23 2.55494e-23 1.27742e-23 6.37514e-24 3.17589e-24 1.57934e-24 7.84044e-25 3.88573e-25 1.92259e-25 9.49727e-26 4.68405e-26 2.30659e-26 1.13411e-26 5.56793e-27 2.72957e-27 1.3362e-27 6.53183e-28 3.18858e-28 1.55442e-28 7.56763e-29 3.67945e-29 1.78668e-29 8.66482e-30 4.19695e-30 2.03038e-30 9.81069e-31 4.73488e-31 2.28252e-31 1.09907e-31 5.28624e-32
2.95985e-09 9.395e-09 1.80323e-08 2.67738e-08 3.37348e-08 3.78153e-08 3.87853e-08 3.70718e-08 3.3446e-08 2.87488e-08 2.37104e-08 1.88664e-08 1.45471e-08 1.09081e-08 7.97784e-09 5.70495e-09 3.9972e-09 2.74899e-09 1.85854e-09 1.23691e-09 8.11301e-10 5.24995e-10 3.35475e-10 2.11862e-10 1.32329e-10 8.18013e-11 5.00756e-11 3.03734e-11 1.82632e-11 1.08912e-11 6.4443e-12 3.78478e-12 2.20712e-12 1.27842e-12 7.35731e-13 4.20807e-13 2.39266e-13 1.35276e-13 7.60674e-14 4.25512e-14 2.36835e-14 1.31185e-14 7.23279e-15 3.96991e-15 2.16959e-15 1.18077e-15 6.40029e-16 3.45576e-16 1.85887e-16 9.96254e-17 5.32055e-17 2.83175e-17 1.50214e-17 7.94262e-18 4.18658e-18 2.20006e-18 1.15272e-18 6.02239e-19 3.13761e-19 1.63023e-19 8.44786e-20 4.36642e-20 2.25119e-20 1.15781e-20 5.94049e-21 3.04086e-21 1.55304e-21 7.91416e-22 4.02426e-22 2.04196e-22 1.03397e-22 5.22509e-23 2.63523e-23 1.32649e-23 6.66451e-24 3.34217e-24 1.67302e-24 8.35993e-25 4.17013e-25 2.07663e-25 1.03239e-25 5.12408e-26 2.53918e-26 1.25629e-26 6.20605e-27 3.06115e-27 1.50769e-27 7.41489e-28 3.64148e-28 1.78584e-28 8.74598e-29 4.27748e-29 2.08925e-29 1.01912e-29 4.96482e-30 2.41565e-30 1.17389e-30 5.69759e-31 2.76207e-31 1.33742e-31 6.46839e-32
1.23327e-09 4.07652e-09 8.09496e-09 1.23846e-08 1.6033e-08 1.84257e-08 1.93417e-08 1.88941e-08 1.74005e-08 1.52522e-08 1.28162e-08 1.03819e-08 8.14391e-09 6.20871e-09 4.61409e-09 3.35104e-09 2.38345e-09 1.66325e-09 1.14056e-09 7.69634e-10 5.11655e-10 3.35475e-10 2.17141e-10 1.38863e-10 8.78067e-11 5.49361e-11 3.40288e-11 2.08803e-11 1.26984e-11 7.65754e-12 4.58081e-12 2.71944e-12 1.60272e-12 9.38053e-13 5.45407e-13 3.15111e-13 1.80957e-13 1.03315e-13 5.86585e-14 3.31263e-14 1.86115e-14 1.04049e-14 5.78924e-15 3.20634e-15 1.76795e-15 9.7067e-16 5.30732e-16 2.89029e-16 1.56793e-16 8.47392e-17 4.56316e-17 2.4486e-17 1.30945e-17 6.97943e-18 3.70813e-18 1.96396e-18 1.03703e-18 5.45973e-19 2.86617e-19 1.50044e-19 7.83343e-20 4.07883e-20 2.11834e-20 1.0974e-20 5.67107e-21 2.92365e-21 1.50373e-21 7.71656e-22 3.95102e-22 2.01859e-22 1.02911e-22 5.23571e-23 2.6583e-23 1.347e-23 6.8122e-24 3.43858e-24 1.73245e-24 8.71265e-25 4.37384e-25 2.19187e-25 1.09653e-25 5.4764e-26 2.73058e-26 1.35929e-26 6.75583e-27 3.35252e-27 1.66111e-27 8.21822e-28 4.05992e-28 2.00276e-28 9.86565e-29 4.85308e-29 2.38405e-29 1.16958e-29 5.73018e-30 2.80378e-30 1.37014e-30 6.68718e-31 3.25975e-31 1.58708e-31 7.71781e-32
5.13864e-10 1.76603e-09 3.62405e-09 5.70779e-09 7.58616e-09 8.93198e-09 9.58991e-09 9.56862e-09 8.99065e-09 8.03227e-09 6.87338e-09 5.66588e-09 4.51968e-09 3.50185e-09 2.64343e-09 1.94908e-09 1.40679e-09 9.95792e-10 6.92388e-10 4.73564e-10 3.18999e-10 2.11862e-10 1.38863e-10 8.99016e-11 5.75344e-11 3.64226e-11 2.28229e-11 1.41636e-11 8.70987e-12 5.30992e-12 3.21066e-12 1.92622e-12 1.14705e-12 6.78232e-13 3.98315e-13 2.32413e-13 1.34771e-13 7.76867e-14 4.45264e-14 2.53809e-14 1.43914e-14 8.11891e-15 4.55793e-15 2.54678e-15 1.41657e-15 7.84476e-16 4.32591e-16 2.37572e-16 1.29953e-16 7.08126e-17 3.8443e-17 2.07948e-17 1.12092e-17 6.02166e-18 3.22423e-18 1.72085e-18 9.15606e-19 4.85688e-19 2.56878e-19 1.35472e-19 7.1246e-20 3.7367e-20 1.95463e-20 1.01981e-20 5.30736e-21 2.7553e-21 1.42698e-21 7.37304e-22 3.80086e-22 1.955e-22 1.00337e-22 5.13865e-23 2.62621e-23 1.33943e-23 6.81782e-24 3.46353e-24 1.75615e-24 8.88768e-25 4.48971e-25 2.26394e-25 1.13958e-25 5.72634e-26 2.87257e-26 1.43861e-26 7.19296e-27 3.59069e-27 1.78964e-27 8.90603e-28 4.42534e-28 2.19565e-28 1.0878e-28 5.38159e-29 2.65865e-29 1.31163e-29 6.4621e-30 3.17947e-30 1.5623e-30 7.66684e-31 3.75764e-31 1.83939e-31 8.99283e-32
2.1411e-10 7.63958e-10 1.61836e-09 2.62166e-09 3.57461e-09 4.30909e-09 4.72924e-09 4.81721e-09 4.61557e-09 4.20095e-09 3.65927e-09 3.06824e-09 2.48796e-09 1.95837e-09 1.50105e-09 1.12325e-09 8.22439e-10 5.9033e-10 4.16067e-10 2.88355e-10 1.96758e-10 1.32329e-10 8.78067e-11 5.75344e-11 3.72561e-11 2.38586e-11 1.512e-11 9.4879e-12 5.89836e-12 3.63452e-12 2.22081e-12 1.34618e-12 8.09823e-13 4.83639e-13 2.8684e-13 1.68996e-13 9.89357e-14 5.75685e-14 3.33027e-14 1.91573e-14 1.09609e-14 6.23878e-15 3.5333e-15 1.99143e-15 1.11719e-15 6.23931e-16 3.46944e-16 1.92113e-16 1.05947e-16 5.81986e-17 3.18478e-17 1.73636e-17 9.43282e-18 5.1066e-18 2.75521e-18 1.48167e-18 7.94256e-19 4.24445e-19 2.26137e-19 1.20128e-19 6.36315e-20 3.36116e-20 1.77062e-20 9.30276e-21 4.875e-21 2.54825e-21 1.32874e-21 6.91186e-22 3.58699e-22 1.85724e-22 9.59474e-23 4.94591e-23 2.54407e-23 1.30587e-23 6.68931e-24 3.41972e-24 1.7448e-24 8.88515e-25 4.51612e-25 2.2912e-25 1.16031e-25 5.86566e-26 2.96007e-26 1.49124e-26 7.50006e-27 3.76591e-27 1.88788e-27 9.44914e-28 4.72211e-28 2.35623e-28 1.17395e-28 5.84041e-29 2.90141e-29 1.43932e-29 7.13019e-30 3.52735e-30 1.74265e-30 8.59801e-31 4.23661e-31 2.08488e-31 1.0247e-31
8.92124e-11 3.3003e-10 7.20994e-10 1.20035e-09 1.67785e-09 2.06954e-09 2.32048e-09 2.41173e-09 2.35528e-09 2.18298e-09 1.93478e-09 1.64951e-09 1.35913e-09 1.08648e-09 8.45287e-10 6.41752e-10 4.76525e-10 3.46736e-10 2.47645e-10 1.73863e-10 1.2014e-10 8.18013e-11 5.49361e-11 3.64226e-11 2.38586e-11 1.54525e-11 9.90176e-12 6.28126e-12 3.94674e-12 2.45755e-12 1.51717e-12 9.29013e-13 5.64455e-13 3.40418e-13 2.03853e-13 1.21249e-13 7.165e-14 4.20777e-14 2.45636e-14 1.42574e-14 8.22982e-15 4.72534e-15 2.69931e-15 1.53437e-15 8.68037e-16 4.8882e-16 2.7405e-16 1.52983e-16 8.50457e-17 4.70881e-17 2.59701e-17 1.4269e-17 7.81126e-18 4.26089e-18 2.3162e-18 1.25485e-18 6.77626e-19 3.6476e-19 1.95741e-19 1.04724e-19 5.58652e-20 2.97163e-20 1.5763e-20 8.3388e-21 4.39966e-21 2.31533e-21 1.21538e-21 6.36415e-22 3.32449e-22 1.73256e-22 9.00858e-23 4.67356e-23 2.41928e-23 1.24966e-23 6.44145e-24 3.31347e-24 1.70101e-24 8.71513e-25 4.45658e-25 2.27461e-25 1.1588e-25 5.89274e-26 2.99125e-26 1.51575e-26 7.66759e-27 3.8722e-27 1.95227e-27 9.82693e-28 4.93861e-28 2.47806e-28 1.24152e-28 6.21067e-29 3.10228e-29 1.54736e-29 7.7069e-30 3.83316e-30 1.90386e-30 9.44324e-31 4.67764e-31 2.31399e-31 1.14323e-31
3.71718e-11 1.42394e-10 3.20504e-10 5.47965e-10 7.84703e-10 9.89772e-10 1.1332e-09 1.20115e-09 1.19509e-09 1.12749e-09 1.01639e-09 8.80747e-10 7.37158e-10 5.98248e-10 4.72292e-10 3.63681e-10 2.73782e-10 2.01891e-10 1.4608e-10 1.03865e-10 7.26632e-11 5.00756e-11 3.40288e-11 2.28229e-11 1.512e-11 9.90176e-12 6.41418e-12 4.11245e-12 2.61116e-12 1.6427e-12 1.02441e-12 6.33536e-13 3.88704e-13 2.36688e-13 1.43083e-13 8.59003e-14 5.12296e-14 3.03589e-14 1.78814e-14 1.04706e-14 6.09663e-15 3.53063e-15 2.03397e-15 1.16586e-15 6.65023e-16 3.77559e-16 2.13383e-16 1.20068e-16 6.72746e-17 3.75392e-17 2.08635e-17 1.15507e-17 6.37092e-18 3.50117e-18 1.91729e-18 1.04633e-18 5.69114e-19 3.08545e-19 1.66749e-19 8.98406e-20 4.82591e-20 2.58474e-20 1.38044e-20 7.35213e-21 3.9051e-21 2.06873e-21 1.09309e-21 5.76118e-22 3.029e-22 1.58871e-22 8.31318e-23 4.34003e-23 2.2607e-23 1.175e-23 6.09392e-24 3.15386e-24 1.62889e-24 8.39587e-25 4.31897e-25 2.21744e-25 1.13632e-25 5.81216e-26 2.96744e-26 1.51234e-26 7.69403e-27 3.90759e-27 1.98121e-27 1.00283e-27 5.06782e-28 2.55692e-28 1.28804e-28 6.47846e-29 3.25353e-29 1.63151e-29 8.16938e-30 4.08471e-30 2.03948e-30 1.01688e-30 5.06323e-31 2.51767e-31 1.25024e-31
1.54883e-11 6.13644e-11 1.42182e-10 2.49453e-10 3.65746e-10 4.71499e-10 5.50943e-10 5.95303e-10 6.03183e-10 5.79017e-10 5.30696e-10 4.67253e-10 3.97118e-10 3.27088e-10 2.61944e-10 2.04522e-10 1.56052e-10 1.1659e-10 8.54411e-11 6.15087e-11 4.35555e-11 3.03734e-11 2.08803e-11 1.41636e-11 9.4879e-12 6.28126e-12 4.11245e-12 2.6644e-12 1.70918e-12 1.08615e-12 6.84086e-13 4.27207e-13 2.64636e-13 1.62668e-13 9.92544e-14 6.01353e-14 3.61885e-14 2.16369e-14 1.28563e-14 7.59344e-15 4.45925e-15 2.60424e-15 1.5128e-15 8.7427e-16 5.02752e-16 2.87725e-16 1.63904e-16 9.29507e-17 5.24845e-17 2.9511e-17 1.6526e-17 9.21797e-18 5.122e-18 2.83549e-18 1.56404e-18 8.59688e-19 4.70926e-19 2.57112e-19 1.39923e-19 7.59086e-20 4.10545e-20 2.21378e-20 1.19027e-20 6.38151e-21 3.41192e-21 1.81929e-21 9.67521e-22 5.13216e-22 2.71548e-22 1.43327e-22 7.5468e-23 3.96442e-23 2.07777e-23 1.08652e-23 5.66926e-24 2.95174e-24 1.5336e-24 7.95155e-25 4.11445e-25 2.12477e-25 1.09513e-25 5.63371e-26 2.89275e-26 1.48263e-26 7.5853e-27 3.87389e-27 1.97501e-27 1.00521e-27 5.10759e-28 2.59098e-28 1.31224e-28 6.63557e-29 3.35018e-29 1.68886e-29 8.50097e-30 4.2727e-30 2.14441e-30 1.07471e-30 5.37858e-31 2.68809e-31 1.34162e-31
6.45345e-12 2.64159e-11 6.29527e-11 1.13264e-10 1.69928e-10 2.23774e-10 2.66738e-10 2.93677e-10 3.0291e-10 2.95752e-10 2.75508e-10 2.46384e-10 2.1257e-10 1.7764e-10 1.44269e-10 1.14185e-10 8.82811e-11 6.68086e-11 4.95749e-11 3.61259e-11 2.58872e-11 1.82632e-11 1.26984e-11 8.70987e-12 5.89836e-12 3.94674e-12 2.61116e-12 1.70918e-12 1.10752e-12 7.10811e-13 4.52064e-13 2.85026e-13 1.78231e-13 1.10576e-13 6.80883e-14 4.16252e-14 2.52724e-14 1.52427e-14 9.13532e-15 5.44171e-15 3.22255e-15 1.89762e-15 1.11137e-15 6.47478e-16 3.75312e-16 2.16489e-16 1.24287e-16 7.10275e-17 4.04115e-17 2.2894e-17 1.29162e-17 7.25763e-18 4.06217e-18 2.26502e-18 1.2583e-18 6.96534e-19 3.84225e-19 2.11231e-19 1.15744e-19 6.32184e-20 3.44216e-20 1.86851e-20 1.01127e-20 5.45738e-21 2.93679e-21 1.57602e-21 8.43497e-22 4.5026e-22 2.39732e-22 1.27321e-22 6.7454e-23 3.56511e-23 1.87984e-23 9.88938e-24 5.19089e-24 2.71869e-24 1.42083e-24 7.40983e-25 3.85635e-25 2.00293e-25 1.03822e-25 5.37121e-26 2.77347e-26 1.42943e-26 7.35366e-27 3.77626e-27 1.93576e-27 9.90576e-28 5.06038e-28 2.58078e-28 1.31403e-28 6.67968e-29 3.39014e-29 1.71792e-29 8.69202e-30 4.39121e-30 2.21515e-30 1.11581e-30 5.61245e-31 2.81905e-31 1.414e-31
2.68894e-12 1.13597e-11 2.78227e-11 5.1301e-11 7.87116e-11 1.05831e-10 1.28631e-10 1.44247e-10 1.51397e-10 1.50296e-10 1.42254e-10 1.29175e-10 1.13099e-10 9.58669e-11 7.89355e-11 6.33132e-11 4.95878e-11 3.80019e-11 2.85468e-11 2.10526e-11 1.52629e-11 1.08912e-11 7.65754e-12 5.30992e-12 3.63452e-12 2.45755e-12 1.6427e-12 1.08615e-12 7.10811e-13 4.60658e-13 2.95786e-13 1.88255e-13 1.18813e-13 7.43874e-14 4.62174e-14 2.85055e-14 1.74582e-14 1.06205e-14 6.41926e-15 3.85589e-15 2.30233e-15 1.36682e-15 8.06953e-16 4.73872e-16 2.76842e-16 1.6093e-16 9.31e-17 5.36089e-17 3.073e-17 1.75385e-17 9.96734e-18 5.64135e-18 3.1802e-18 1.78585e-18 9.9909e-19 5.56898e-19 3.09318e-19 1.71211e-19 9.44494e-20 5.1933e-20 2.84645e-20 1.55529e-20 8.47239e-21 4.60167e-21 2.49215e-21 1.34589e-21 7.24856e-22 3.8934e-22 2.08578e-22 1.11454e-22 5.94066e-23 3.15871e-23 1.67551e-23 8.86674e-24 4.68151e-24 2.46622e-24 1.29635e-24 6.79955e-25 3.55894e-25 1.85893e-25 9.68999e-26 5.04106e-26 2.61742e-26 1.35642e-26 7.01621e-27 3.62252e-27 1.86696e-27 9.60477e-28 4.93269e-28 2.52894e-28 1.29438e-28 6.61409e-29 3.37422e-29 1.71864e-29 8.74008e-30 4.43789e-30 2.24999e-30 1.13904e-30 5.75782e-31 2.90638e-31 1.46497e-31
1.12039e-12 4.88033e-12 1.22756e-11 2.31822e-11 3.63561e-11 4.9886e-11 6.17987e-11 7.05581e-11 7.53307e-11 7.60102e-11 7.30733e-11 6.73562e-11 5.98307e-11 5.14267e-11 4.29191e-11 3.48781e-11 2.76662e-11 2.14658e-11 1.63202e-11 1.21778e-11 8.93049e-12 6.4443e-12 4.58081e-12 3.21066e-12 2.22081e-12 1.51717e-12 1.02441e-12 6.84086e-13 4.52064e-13 2.95786e-13 1.91717e-13 1.23153e-13 7.84357e-14 4.95495e-14 3.10583e-14 1.9323e-14 1.19362e-14 7.32288e-15 4.46312e-15 2.70301e-15 1.6271e-15 9.7372e-16 5.79433e-16 3.42931e-16 2.01896e-16 1.18261e-16 6.89327e-17 3.99894e-17 2.30924e-17 1.32757e-17 7.59931e-18 4.33183e-18 2.45926e-18 1.39067e-18 7.83398e-19 4.39666e-19 2.45862e-19 1.37003e-19 7.60815e-20 4.21094e-20 2.3231e-20 1.27756e-20 7.00408e-21 3.82837e-21 2.08641e-21 1.13381e-21 6.14419e-22 3.32048e-22 1.78969e-22 9.62096e-23 5.15883e-23 2.7593e-23 1.47227e-23 7.83676e-24 4.1617e-24 2.205e-24 1.16567e-24 6.14874e-25 3.2364e-25 1.6999e-25 8.91016e-26 4.66087e-26 2.43324e-26 1.26782e-26 6.59322e-27 3.42234e-27 1.77316e-27 9.17034e-28 4.73426e-28 2.43984e-28 1.25524e-28 6.44701e-29 3.30577e-29 1.69231e-29 8.64955e-30 4.41391e-30 2.24896e-30 1.14414e-30 5.81205e-31 2.94808e-31 1.49321e-31
4.66829e-13 2.09477e-12 5.40738e-12 1.04528e-11 1.67473e-11 2.34412e-11 2.95852e-11 3.43785e-11 3.73229e-11 3.82653e-11 3.73535e-11 3.49407e-11 3.14795e-11 2.74304e-11 2.31977e-11 1.90952e-11 1.53369e-11 1.2045e-11 9.26655e-12 6.99468e-12 5.18756e-12 3.78478e-12 2.71944e-12 1.92622e-12 1.34618e-12 9.29013e-13 6.33536e-13 4.27207e-13 2.85026e-13 1.88255e-13 1.23153e-13 7.98323e-14 5.13022e-14 3.26956e-14 2.06727e-14 1.29721e-14 8.08097e-15 4.99906e-15 3.07189e-15 1.87554e-15 1.13805e-15 6.86443e-16 4.11674e-16 2.45524e-16 1.45651e-16 8.59581e-17 5.04766e-17 2.94981e-17 1.7158e-17 9.93506e-18 5.72751e-18 3.28784e-18 1.87957e-18 1.0702e-18 6.06982e-19 3.42958e-19 1.93065e-19 1.08296e-19 6.05343e-20 3.37222e-20 1.87237e-20 1.03625e-20 5.71709e-21 3.14449e-21 1.72435e-21 9.42829e-22 5.14044e-22 2.79484e-22 1.51542e-22 8.19505e-23 4.42019e-23 2.37808e-23 1.27623e-23 6.83243e-24 3.6491e-24 1.94439e-24 1.03368e-24 5.48301e-25 2.90201e-25 1.53266e-25 8.07746e-26 4.24823e-26 2.22977e-26 1.16802e-26 6.10649e-27 3.18642e-27 1.65958e-27 8.6276e-28 4.4771e-28 2.31916e-28 1.19924e-28 6.1906e-29 3.19028e-29 1.64136e-29 8.43082e-30 4.32355e-30 2.21374e-30 1.13172e-30 5.77679e-31 2.94431e-31 1.49844e-31
1.94512e-13 8.98361e-13 2.37833e-12 4.70335e-12 7.69496e-12 1.09821e-11 1.41159e-11 1.66884e-11 1.84171e-11 1.918e-11 1.90059e-11 1.80364e-11 1.64772e-11 1.4552e-11 1.24676e-11 1.0393e-11 8.45039e-12 6.71618e-12 5.22733e-12 3.99072e-12 2.99262e-12 2.20712e-12 1.60272e-12 1.14705e-12 8.09823e-13 5.64455e-13 3.88704e-13 2.64636e-13 1.78231e-13 1.18813e-13 7.84357e-14 5.13022e-14 3.32598e-14 2.13816e-14 1.36352e-14 8.62838e-15 5.41986e-15 3.38039e-15 2.09407e-15 1.28876e-15 7.88169e-16 4.79108e-16 2.89542e-16 1.73996e-16 1.03994e-16 6.18288e-17 3.65736e-17 2.15282e-17 1.2612e-17 7.35452e-18 4.26957e-18 2.46793e-18 1.42054e-18 8.14326e-19 4.64966e-19 2.64465e-19 1.4986e-19 8.46096e-20 4.76003e-20 2.66869e-20 1.49115e-20 8.30463e-21 4.61028e-21 2.5514e-21 1.40769e-21 7.74357e-22 4.24732e-22 2.32304e-22 1.26705e-22 6.89217e-23 3.7391e-23 2.02326e-23 1.09204e-23 5.87957e-24 3.15791e-24 1.69208e-24 9.04549e-25 4.8245e-25 2.56745e-25 1.36333e-25 7.22384e-26 3.81962e-26 2.01547e-26 1.06134e-26 5.57784e-27 2.92571e-27 1.53167e-27 8.00359e-28 4.17447e-28 2.17335e-28 1.1295e-28 5.85978e-29 3.0348e-29 1.56908e-29 8.0991e-30 4.17368e-30 2.14736e-30 1.10307e-30 5.65752e-31 2.89724e-31 1.48146e-31
