0.341667 0.128446 0.0482881 0.0181534 0.00682459 0.00256564 0.000964525 0.000362603 0.000136317 5.1247e-05 1.92658e-05 7.24278e-06 2.72285e-06 1.02363e-06 3.84822e-07 1.4467e-07 5.43872e-08 2.04463e-08 7.68659e-09 2.8897e-09 1.08635e-09 4.08403e-10 1.53535e-10 5.77199e-11 2.16992e-11 8.1576e-12 3.06677e-12 1.15292e-12 4.33428e-13 1.62943e-13 6.12568e-14 2.30289e-14 8.65747e-15 3.25469e-15 1.22357e-15 4.59987e-16 1.72928e-16 6.50104e-17 2.444e-17 9.18797e-18 3.45412e-18 1.29854e-18 4.88174e-19 1.83524e-19 6.8994e-20 2.59376e-20 9.75097e-21 3.66578e-21 1.37811e-21 5.18087e-22 1.9477e-22 7.32217e-23 2.7527e-23 1.03485e-23 3.89041e-24 1.46256e-24 5.49834e-25 2.06705e-25 7.77085e-26 2.92137e-26 1.09826e-26 4.1288e-27 1.55218e-27 5.83526e-28 2.19371e-28 8.24702e-29 3.10038e-29 1.16556e-29 4.38179e-30 1.64729e-30 6.19282e-31 2.32813e-31 8.75237e-32 3.29036e-32 1.23698e-32 4.6503e-33 1.74823e-33 6.5723e-34 2.47079e-34 9.28868e-35 3.49198e-35 1.31278e-35 4.93525e-36 1.85536e-36 6.97503e-37 2.62219e-37 9.85786e-38 3.70596e-38 1.39322e-38 5.23766e-39 1.96905e-39 7.40243e-40 2.78287e-40 1.04619e-40 3.93305e-41 1.47859e-41 5.55861e-42 2.0897e-42 7.85603e-43 2.95339e-43 1.1103e-43
0.128446 0.0646143 0.0304287 0.0137468 0.0060354 0.00259505 0.00109818 0.000458938 0.00018986 7.78896e-05 3.17306e-05 1.28494e-05 5.17669e-06 2.07623e-06 8.29451e-07 3.30212e-07 1.31053e-07 5.18668e-08 2.04758e-08 8.06496e-09 3.17002e-09 1.24365e-09 4.87052e-10 1.90439e-10 7.43516e-11 2.89886e-11 1.12878e-11 4.39006e-12 1.70549e-12 6.61873e-13 2.5661e-13 9.93972e-14 3.84678e-14 1.48753e-14 5.74772e-15 2.21926e-15 8.5629e-16 3.30177e-16 1.27233e-16 4.89998e-17 1.886e-17 7.25528e-18 2.7896e-18 1.07205e-18 4.11795e-19 1.58107e-19 6.06781e-20 2.32773e-20 8.92602e-21 3.4215e-21 1.31103e-21 5.02177e-22 1.92287e-22 7.36037e-23 2.8165e-23 1.07743e-23 4.12036e-24 1.57528e-24 6.02088e-25 2.30062e-25 8.78855e-26 3.35644e-26 1.28155e-26 4.89203e-27 1.86699e-27 7.12359e-28 2.71745e-28 1.03641e-28 3.95198e-29 1.50664e-29 5.74279e-30 2.18854e-30 8.33882e-31 3.17672e-31 1.20998e-31 4.6079e-32 1.75451e-32 6.67945e-33 2.54248e-33 9.67625e-34 3.68207e-34 1.40092e-34 5.32936e-35 2.0271e-35 7.70934e-36 2.93158e-36 1.11463e-36 4.23743e-37 1.61073e-37 6.12194e-38 2.32651e-38 8.84036e-39 3.35881e-39 1.27601e-39 4.84702e-40 1.84098e-40 6.99164e-41 2.655e-41 1.0081e-41 3.8274e-42 1.45299e-42
0.0482881 0.0304287 0.0168343 0.00865013 0.00423491 0.00200306 0.000923121 0.00041684 0.00018515 8.11264e-05 3.51411e-05 1.50732e-05 6.41073e-06 2.70633e-06 1.13501e-06 4.73244e-07 1.96289e-07 8.10321e-08 3.33089e-08 1.36386e-08 5.56459e-09 2.26294e-09 9.17493e-10 3.70953e-10 1.49593e-10 6.01806e-11 2.4156e-11 9.67567e-12 3.86795e-12 1.5434e-12 6.14779e-13 2.44482e-13 9.70739e-14 3.84876e-14 1.52383e-14 6.02531e-15 2.37946e-15 9.38558e-16 3.69786e-16 1.45536e-16 5.72193e-17 2.24743e-17 8.81898e-18 3.45747e-18 1.35433e-18 5.30062e-19 2.07292e-19 8.1004e-20 3.16308e-20 1.23425e-20 4.81285e-21 1.87549e-21 7.30382e-22 2.84262e-22 1.10569e-22 4.29828e-23 1.67001e-23 6.48499e-24 2.51695e-24 9.76388e-25 3.78581e-25 1.46721e-25 5.68361e-26 2.20072e-26 8.51763e-27 3.29527e-27 1.27434e-27 4.92619e-28 1.90357e-28 7.35298e-29 2.83923e-29 1.09593e-29 4.22881e-30 1.6312e-30 6.29003e-31 2.42471e-31 9.34399e-32 3.59976e-32 1.38639e-32 5.33792e-33 2.05464e-33 7.90644e-34 3.04164e-34 1.16983e-34 4.49804e-35 1.72909e-35 6.64511e-36 2.55319e-36 9.80761e-37 3.76654e-37 1.44619e-37 5.5515e-38 2.1306e-38 8.17528e-39 3.13627e-39 1.20291e-39 4.61286e-40 1.76857e-40 6.77936e-41 2.59822e-41 9.95592e-42
0.0181534 0.0137468 0.00865013 0.00492906 0.00263591 0.00134781 0.000666354 0.00032086 0.000151236 7.00339e-05 3.19503e-05 1.43907e-05 6.41003e-06 2.8275e-06 1.2365e-06 5.36583e-07 2.31245e-07 9.90353e-08 4.21732e-08 1.78659e-08 7.53262e-09 3.16199e-09 1.32195e-09 5.50601e-10 2.28529e-10 9.45436e-11 3.89942e-11 1.60372e-11 6.57802e-12 2.69133e-12 1.09852e-12 4.47377e-13 1.8181e-13 7.37377e-14 2.98492e-14 1.20612e-14 4.86516e-15 1.95926e-15 7.87782e-16 3.16279e-16 1.26798e-16 5.07649e-17 2.02975e-17 8.10547e-18 3.23288e-18 1.28795e-18 5.12534e-19 2.03743e-19 8.09087e-20 3.20979e-20 1.27216e-20 5.03741e-21 1.9929e-21 7.8775e-22 3.11122e-22 1.22779e-22 4.84147e-23 1.90767e-23 7.51128e-24 2.9554e-24 1.16204e-24 4.56599e-25 1.79296e-25 7.03609e-26 2.75949e-26 1.0816e-26 4.237e-27 1.65884e-27 6.49104e-28 2.53859e-28 9.92312e-29 3.8769e-29 1.51394e-29 5.90914e-30 2.30535e-30 8.98988e-31 3.50411e-31 1.36525e-31 5.31698e-32 2.06985e-32 8.05445e-33 3.13302e-33 1.21821e-33 4.73499e-34 1.83974e-34 7.14556e-35 2.77437e-35 1.07682e-35 4.17805e-36 1.62055e-36 6.28361e-37 2.43568e-37 9.43833e-38 3.65628e-38 1.41597e-38 5.48202e-39 2.1218e-39 8.21004e-40 3.1759e-40 1.22821e-40 4.74854e-41
0.00682459 0.0060354 0.00423491 0.00263591 0.00152079 0.000831839 0.000437147 0.00022263 0.000110535 5.37356e-05 2.56613e-05 1.20683e-05 5.60053e-06 2.56879e-06 1.16606e-06 5.2442e-07 2.33889e-07 1.03527e-07 4.55101e-08 1.98804e-08 8.63435e-09 3.73006e-09 1.60346e-09 6.86132e-10 2.92351e-10 1.24071e-10 5.24584e-11 2.21024e-11 9.2819e-12 3.88586e-12 1.62206e-12 6.75221e-13 2.80341e-13 1.16105e-13 4.7972e-14 1.97765e-14 8.13552e-15 3.33991e-15 1.36848e-15 5.59674e-16 2.28485e-16 9.31197e-17 3.78891e-17 1.53924e-17 6.24376e-18 2.52904e-18 1.02297e-18 4.13223e-19 1.66704e-19 6.71689e-20 2.70314e-20 1.08659e-20 4.36289e-21 1.7499e-21 7.01129e-22 2.80635e-22 1.12217e-22 4.48296e-23 1.78925e-23 7.13489e-24 2.84268e-24 1.13162e-24 4.50114e-25 1.78895e-25 7.10456e-26 2.81936e-26 1.11802e-26 4.43033e-27 1.75438e-27 6.94257e-28 2.74556e-28 1.08509e-28 4.28575e-29 1.69171e-29 6.67369e-30 2.63121e-30 1.03681e-30 4.08325e-31 1.60723e-31 6.32296e-32 2.48623e-32 9.77107e-33 3.83822e-33 1.50699e-33 5.91406e-34 2.31986e-34 9.09582e-35 3.56477e-35 1.39647e-35 5.46829e-36 2.14038e-36 8.37439e-37 3.27524e-37 1.28045e-37 5.00402e-38 1.95484e-38 7.63388e-39 2.98004e-39 1.16291e-39 4.53647e-40 1.76906e-40
0.00256564 0.00259505 0.00200306 0.00134781 0.000831839 0.000483178 0.000268171 0.000143618 7.472e-05 3.79513e-05 1.88877e-05 9.23707e-06 4.44909e-06 2.11439e-06 9.92949e-07 4.61358e-07 2.12313e-07 9.68575e-08 4.3837e-08 1.96966e-08 8.79098e-09 3.89944e-09 1.71982e-09 7.54496e-10 3.29366e-10 1.43116e-10 6.19179e-11 2.66793e-11 1.14516e-11 4.89768e-12 2.08752e-12 8.86886e-13 3.75642e-13 1.58642e-13 6.68133e-14 2.80649e-14 1.17592e-14 4.91529e-15 2.04988e-15 8.53019e-16 3.54225e-16 1.468e-16 6.07211e-17 2.50697e-17 1.03321e-17 4.25092e-18 1.74608e-18 7.16073e-19 2.93215e-19 1.19888e-19 4.89494e-20 1.99583e-20 8.12682e-21 3.30492e-21 1.34233e-21 5.44551e-22 2.20653e-22 8.93078e-23 3.61072e-23 1.45826e-23 5.88342e-24 2.37131e-24 9.54827e-25 3.84104e-25 1.54374e-25 6.19883e-26 2.48695e-26 9.96911e-27 3.99289e-27 1.59797e-27 6.3901e-28 2.55338e-28 1.01953e-28 4.06788e-29 1.62192e-29 6.4623e-30 2.57308e-30 1.02384e-30 4.07126e-31 1.6179e-31 6.42551e-32 2.55036e-32 1.01167e-32 4.01076e-33 1.58916e-33 6.29318e-34 2.49079e-34 9.85313e-35 3.8957e-35 1.53949e-35 6.08066e-36 2.40056e-36 9.47257e-37 3.7361e-37 1.47289e-37 5.80397e-38 2.28606e-38 9.0004e-39 3.54202e-39 1.39334e-39 5.47882e-40
0.000964525 0.00109818 0.000923121 0.000666354 0.000437147 0.000268171 0.000156432 8.77143e-05 4.76305e-05 2.51838e-05 1.3018e-05 6.59968e-06 3.28958e-06 1.61537e-06 7.82776e-07 3.74832e-07 1.77573e-07 8.3308e-08 3.87382e-08 1.78671e-08 8.17929e-09 3.71851e-09 1.67971e-09 7.54229e-10 3.36786e-10 1.49603e-10 6.61311e-11 2.90989e-11 1.27488e-11 5.56275e-12 2.41788e-12 1.04711e-12 4.51905e-13 1.94389e-13 8.33557e-14 3.56373e-14 1.51928e-14 6.45941e-15 2.73917e-15 1.15869e-15 4.88967e-16 2.05874e-16 8.64909e-17 3.62598e-17 1.51705e-17 6.33477e-18 2.64025e-18 1.09844e-18 4.56191e-19 1.89142e-19 7.82928e-20 3.23574e-20 1.33526e-20 5.50199e-21 2.26389e-21 9.30233e-22 3.81723e-22 1.56438e-22 6.40309e-23 2.61762e-23 1.06883e-23 4.35927e-24 1.77595e-24 7.2273e-25 2.93807e-25 1.19316e-25 4.84064e-26 1.96192e-26 7.94415e-27 3.21374e-27 1.29892e-27 5.24529e-28 2.11633e-28 8.53169e-29 3.43661e-29 1.38318e-29 5.5627e-30 2.23544e-30 8.97669e-31 3.60207e-31 1.44437e-31 5.78767e-32 2.31757e-32 9.27407e-33 3.70873e-33 1.48218e-33 5.9198e-34 2.3629e-34 9.42591e-35 3.7579e-35 1.49733e-35 5.96268e-36 2.37316e-36 9.44006e-37 3.75311e-37 1.49135e-37 5.92308e-38 2.35123e-38 9.32883e-39 3.69955e-39 1.46643e-39
0.000362603 0.000458938 0.00041684 0.00032086 0.00022263 0.000143618 8.77143e-05 5.13168e-05 2.89929e-05 1.59115e-05 8.51988e-06 4.46625e-06 2.29835e-06 1.16359e-06 5.80604e-07 2.8596e-07 1.39196e-07 6.70368e-08 3.19718e-08 1.51126e-08 7.08494e-09 3.2963e-09 1.52282e-09 6.98904e-10 3.18801e-10 1.44587e-10 6.52223e-11 2.92727e-11 1.30755e-11 5.81423e-12 2.5744e-12 1.13529e-12 4.98734e-13 2.18298e-13 9.52193e-14 4.13965e-14 1.79404e-14 7.75163e-15 3.33965e-15 1.43487e-15 6.14853e-16 2.62803e-16 1.12055e-16 4.76663e-17 2.02309e-17 8.56793e-18 3.62101e-18 1.52724e-18 6.42895e-19 2.70121e-19 1.13289e-19 4.74302e-20 1.98237e-20 8.27185e-21 3.44611e-21 1.43346e-21 5.9538e-22 2.46929e-22 1.02268e-22 4.22974e-23 1.74708e-23 7.20692e-24 2.96922e-24 1.22182e-24 5.02174e-25 2.06158e-25 8.45394e-26 3.46291e-26 1.41697e-26 5.79196e-27 2.36511e-27 9.6482e-28 3.93208e-28 1.60099e-28 6.5126e-29 2.64685e-29 1.07479e-29 4.36058e-30 1.76767e-30 7.15979e-31 2.89768e-31 1.17182e-31 4.73518e-32 1.91199e-32 7.71464e-33 3.11051e-33 1.25326e-33 5.04604e-34 2.03032e-34 8.16377e-35 3.28045e-35 1.31734e-35 5.28679e-36 2.1204e-36 8.4993e-37 3.40479e-37 1.36316e-37 5.45449e-38 2.18132e-38 8.71856e-39 3.48287e-39
0.000136317 0.00018986 0.00018515 0.000151236 0.000110535 7.472e-05 4.76305e-05 2.89929e-05 1.69986e-05 9.66002e-06 5.34608e-06 2.89184e-06 1.53339e-06 7.98901e-07 4.09761e-07 2.07236e-07 1.03487e-07 5.10853e-08 2.49534e-08 1.20715e-08 5.78795e-09 2.75236e-09 1.29885e-09 6.08581e-10 2.8326e-10 1.31022e-10 6.02503e-11 2.75539e-11 1.25358e-11 5.67535e-12 2.55751e-12 1.14744e-12 5.1266e-13 2.28141e-13 1.01143e-13 4.46788e-14 1.96686e-14 8.63008e-15 3.77476e-15 1.64609e-15 7.15752e-16 3.1036e-16 1.34218e-16 5.78952e-17 2.49117e-17 1.06938e-17 4.58e-18 1.95722e-18 8.34618e-19 3.55175e-19 1.50845e-19 6.39418e-20 2.70538e-20 1.14259e-20 4.81717e-21 2.02749e-21 8.51945e-22 3.57415e-22 1.49714e-22 6.26178e-23 2.61517e-23 1.09065e-23 4.54225e-24 1.88918e-24 7.84708e-25 3.25529e-25 1.34876e-25 5.58152e-26 2.30707e-26 9.52508e-27 3.92818e-27 1.61822e-27 6.65921e-28 2.73751e-28 1.1242e-28 4.61216e-29 1.89035e-29 7.74044e-30 3.16656e-30 1.29424e-30 5.28515e-31 2.15636e-31 8.79057e-32 3.58056e-32 1.45724e-32 5.92602e-33 2.408e-33 9.77725e-34 3.96689e-34 1.60829e-34 6.51577e-35 2.6379e-35 1.06721e-35 4.31465e-36 1.74322e-36 7.03835e-37 2.83996e-37 1.14519e-37 4.61502e-38 1.85868e-38 7.48127e-39
5.1247e-05 7.78896e-05 8.11264e-05 7.00339e-05 5.37356e-05 3.79513e-05 2.51838e-05 1.59115e-05 9.66002e-06 5.67301e-06 3.23885e-06 1.80466e-06 9.84385e-07 5.26964e-07 2.77417e-07 1.43869e-07 7.36045e-08 3.7195e-08 1.85852e-08 9.19077e-09 4.50184e-09 2.1857e-09 1.05251e-09 5.02965e-10 2.38642e-10 1.12473e-10 5.2677e-11 2.45258e-11 1.13554e-11 5.22983e-12 2.39666e-12 1.09312e-12 4.96338e-13 2.24403e-13 1.01044e-13 4.53213e-14 2.02527e-14 9.01826e-15 4.00209e-15 1.77026e-15 7.80604e-16 3.4318e-16 1.5044e-16 6.57658e-17 2.86734e-17 1.24693e-17 5.40913e-18 2.34086e-18 1.0107e-18 4.3541e-19 1.87171e-19 8.02922e-20 3.43741e-20 1.46872e-20 6.26363e-21 2.66633e-21 1.13299e-21 4.80608e-22 2.03528e-22 8.60495e-23 3.63232e-23 1.53091e-23 6.44265e-24 2.70735e-24 1.13608e-24 4.7607e-25 1.99226e-25 8.32631e-26 3.47538e-26 1.4488e-26 6.03233e-27 2.50868e-27 1.04208e-27 4.32378e-28 1.79203e-28 7.41919e-29 3.06837e-29 1.26768e-29 5.23206e-30 2.15728e-30 8.88623e-31 3.65694e-31 1.50354e-31 6.17616e-32 2.53475e-32 1.03938e-32 4.25833e-33 1.74318e-33 7.12999e-34 2.91398e-34 1.18998e-34 4.85578e-35 1.97992e-35 8.06702e-36 3.28444e-36 1.33628e-36 5.43284e-37 2.20727e-37 8.9617e-38 3.63609e-38 1.47433e-38
1.92658e-05 3.17306e-05 3.51411e-05 3.19503e-05 2.56613e-05 1.88877e-05 1.3018e-05 8.51988e-06 5.34608e-06 3.23885e-06 1.90453e-06 1.09145e-06 6.11569e-07 3.35934e-07 1.81287e-07 9.62875e-08 5.04107e-08 2.6049e-08 1.33003e-08 6.7167e-09 3.35773e-09 1.66286e-09 8.1635e-10 3.97525e-10 1.9211e-10 9.21807e-11 4.39362e-11 2.08098e-11 9.79787e-12 4.58725e-12 2.1363e-12 9.89867e-13 4.56466e-13 2.09535e-13 9.57667e-14 4.35883e-14 1.97607e-14 8.92458e-15 4.01602e-15 1.80091e-15 8.04892e-16 3.58583e-16 1.59259e-16 7.05224e-17 3.11395e-17 1.3712e-17 6.02192e-18 2.63789e-18 1.15267e-18 5.02475e-19 2.18534e-19 9.48315e-20 4.10624e-20 1.77429e-20 7.65108e-21 3.29278e-21 1.4144e-21 6.0642e-22 2.59532e-22 1.10879e-22 4.72894e-23 2.01353e-23 8.55961e-24 3.63301e-24 1.53963e-24 6.51504e-25 2.75288e-25 1.16157e-25 4.89443e-26 2.05956e-26 8.6552e-27 3.63264e-27 1.52273e-27 6.37522e-28 2.66592e-28 1.1135e-28 4.64558e-29 1.93599e-29 8.05924e-30 3.35135e-30 1.39217e-30 5.77723e-31 2.39504e-31 9.91924e-32 4.10419e-32 1.69655e-32 7.00659e-33 2.89104e-33 1.19183e-33 4.90906e-34 2.02028e-34 8.30733e-35 3.41314e-35 1.40119e-35 5.74775e-36 2.35592e-36 9.64921e-37 3.9491e-37 1.61505e-37 6.60022e-38 2.6954e-38
7.24278e-06 1.28494e-05 1.50732e-05 1.43907e-05 1.20683e-05 9.23707e-06 6.59968e-06 4.46625e-06 2.89184e-06 1.80466e-06 1.09145e-06 6.42476e-07 3.69344e-07 2.07931e-07 1.14897e-07 6.24339e-08 3.34154e-08 1.76393e-08 9.19461e-09 4.7375e-09 2.41499e-09 1.21892e-09 6.09585e-10 3.02245e-10 1.48661e-10 7.25706e-11 3.51763e-11 1.69373e-11 8.10413e-12 3.85464e-12 1.82311e-12 8.57665e-13 4.01435e-13 1.86987e-13 8.66971e-14 4.00208e-14 1.83967e-14 8.4226e-15 3.84131e-15 1.74545e-15 7.90305e-16 3.56618e-16 1.60394e-16 7.19126e-17 3.21442e-17 1.43262e-17 6.36694e-18 2.82195e-18 1.24745e-18 5.50038e-19 2.41932e-19 1.0616e-19 4.64754e-20 2.0301e-20 8.8485e-21 3.84866e-21 1.67056e-21 7.23696e-22 3.12906e-22 1.35039e-22 5.81722e-23 2.50151e-23 1.07385e-23 4.60209e-24 1.96906e-24 8.41147e-25 3.58767e-25 1.5279e-25 6.49739e-26 2.75904e-26 1.16995e-26 4.9543e-27 2.09515e-27 8.84875e-28 3.73244e-28 1.57239e-28 6.61607e-29 2.78048e-29 1.16717e-29 4.89383e-30 2.04965e-30 8.57501e-31 3.58364e-31 1.49609e-31 6.2394e-32 2.59951e-32 1.08196e-32 4.49892e-33 1.86893e-33 7.75665e-34 3.21631e-34 1.33245e-34 5.51524e-35 2.28087e-35 9.42475e-36 3.89114e-36 1.6052e-36 6.61655e-37 2.72516e-37 1.12154e-37 4.6122e-38
2.72285e-06 5.17669e-06 6.41073e-06 6.41003e-06 5.60053e-06 4.44909e-06 3.28958e-06 2.29835e-06 1.53339e-06 9.84385e-07 6.11569e-07 3.69344e-07 2.176e-07 1.25423e-07 7.08948e-08 3.93753e-08 2.15244e-08 1.15973e-08 6.1664e-09 3.23908e-09 1.68241e-09 8.64813e-10 4.40258e-10 2.22112e-10 1.11114e-10 5.51476e-11 2.71676e-11 1.32902e-11 6.45854e-12 3.11902e-12 1.49735e-12 7.14799e-13 3.39405e-13 1.60339e-13 7.53785e-14 3.5273e-14 1.64327e-14 7.62316e-15 3.52204e-15 1.62092e-15 7.43193e-16 3.39532e-16 1.54582e-16 7.01439e-17 3.1727e-17 1.43062e-17 6.4317e-18 2.88321e-18 1.28889e-18 5.74633e-19 2.55525e-19 1.1334e-19 5.01499e-20 2.21377e-20 9.74984e-21 4.28447e-21 1.8787e-21 8.2207e-22 3.58983e-22 1.56451e-22 6.8053e-23 2.95462e-23 1.28045e-23 5.53929e-24 2.39218e-24 1.03134e-24 4.43908e-25 1.90761e-25 8.1848e-26 3.50642e-26 1.49993e-26 6.40691e-27 2.73281e-27 1.16404e-27 4.95147e-28 2.10342e-28 8.92392e-29 3.78124e-29 1.6002e-29 6.76372e-30 2.85549e-30 1.20412e-30 5.07185e-31 2.13391e-31 8.96832e-32 3.76513e-32 1.57904e-32 6.61542e-33 2.76875e-33 1.15765e-33 4.83561e-34 2.01794e-34 8.41318e-35 3.50439e-35 1.45838e-35 6.06383e-36 2.51909e-36 1.04561e-36 4.33639e-37 1.79692e-37 7.44009e-38
1.02363e-06 2.07623e-06 2.70633e-06 2.8275e-06 2.56879e-06 2.11439e-06 1.61537e-06 1.16359e-06 7.98901e-07 5.26964e-07 3.35934e-07 2.07931e-07 1.25423e-07 7.39475e-08 4.2719e-08 2.42305e-08 1.35177e-08 7.42817e-09 4.02585e-09 2.15433e-09 1.13938e-09 5.96071e-10 3.08697e-10 1.58367e-10 8.0531e-11 4.06126e-11 2.03224e-11 1.00949e-11 4.97983e-12 2.4405e-12 1.18862e-12 5.75499e-13 2.77082e-13 1.32694e-13 6.32234e-14 2.99773e-14 1.41477e-14 6.6473e-15 3.10994e-15 1.44904e-15 6.72517e-16 3.10946e-16 1.43248e-16 6.5762e-17 3.00882e-17 1.37217e-17 6.23816e-18 2.82742e-18 1.27777e-18 5.7582e-19 2.58781e-19 1.15991e-19 5.18565e-20 2.3126e-20 1.02884e-20 4.56647e-21 2.0222e-21 8.93527e-22 3.93966e-22 1.73342e-22 7.61145e-23 3.33559e-23 1.45896e-23 6.36943e-24 2.77565e-24 1.20742e-24 5.24321e-25 2.27302e-25 9.83766e-26 4.25091e-26 1.83396e-26 7.90004e-27 3.39797e-27 1.45939e-27 6.25897e-28 2.68056e-28 1.14645e-28 4.89667e-29 2.08871e-29 8.8981e-30 3.78592e-30 1.60883e-30 6.82854e-31 2.89489e-31 1.22584e-31 5.18491e-32 2.19062e-32 9.24528e-33 3.8977e-33 1.6415e-33 6.90601e-34 2.90251e-34 1.21868e-34 5.11193e-35 2.14222e-35 8.96881e-36 3.75151e-36 1.56777e-36 6.54597e-37 2.73077e-37 1.13821e-37
3.84822e-07 8.29451e-07 1.13501e-06 1.2365e-06 1.16606e-06 9.92949e-07 7.82776e-07 5.80604e-07 4.09761e-07 2.77417e-07 1.81287e-07 1.14897e-07 7.08948e-08 4.2719e-08 2.5202e-08 1.45874e-08 8.29914e-09 4.64799e-09 2.56596e-09 1.39794e-09 7.52348e-10 4.00339e-10 2.10794e-10 1.09905e-10 5.67777e-11 2.90795e-11 1.4773e-11 7.44771e-12 3.72766e-12 1.85301e-12 9.1517e-13 4.4921e-13 2.19206e-13 1.06373e-13 5.13449e-14 2.46579e-14 1.17843e-14 5.6057e-15 2.65472e-15 1.25184e-15 5.8789e-16 2.74996e-16 1.28147e-16 5.94976e-17 2.75271e-17 1.26924e-17 5.83313e-18 2.67228e-18 1.22049e-18 5.55772e-19 2.52357e-19 1.14269e-19 5.16024e-20 2.32424e-20 1.04422e-20 4.6799e-21 2.09241e-21 9.33362e-22 4.15409e-22 1.84481e-22 8.17525e-23 3.61536e-23 1.5956e-23 7.02822e-24 3.08983e-24 1.35585e-24 5.93882e-25 2.59667e-25 1.13339e-25 4.93869e-26 2.14845e-26 9.3312e-27 4.04638e-27 1.75197e-27 7.57413e-28 3.26964e-28 1.40943e-28 6.06698e-29 2.60798e-29 1.11957e-29 4.79978e-30 2.05509e-30 8.78802e-31 3.75328e-31 1.60104e-31 6.82144e-32 2.90296e-32 1.23398e-32 5.23945e-33 2.22221e-33 9.41483e-34 3.98455e-34 1.68458e-34 7.11474e-35 3.00186e-35 1.26529e-35 5.32808e-36 2.24148e-36 9.42092e-37 3.95595e-37 1.65964e-37
1.4467e-07 3.30212e-07 4.73244e-07 5.36583e-07 5.2442e-07 4.61358e-07 3.74832e-07 2.8596e-07 2.07236e-07 1.43869e-07 9.62875e-08 6.24339e-08 3.93753e-08 2.42305e-08 1.45874e-08 8.61042e-09 4.99237e-09 2.84784e-09 1.60046e-09 8.87179e-10 4.85591e-10 2.62677e-10 1.40546e-10 7.44354e-11 3.9047e-11 2.03001e-11 1.04651e-11 5.35216e-12 2.71676e-12 1.36925e-12 6.8546e-13 3.40956e-13 1.68565e-13 8.28541e-14 4.04999e-14 1.96923e-14 9.52662e-15 4.58646e-15 2.19785e-15 1.04854e-15 4.98092e-16 2.3564e-16 1.11037e-16 5.21229e-17 2.43778e-17 1.13611e-17 5.27666e-18 2.44265e-18 1.12714e-18 5.18499e-19 2.37805e-19 1.08751e-19 4.95938e-20 2.25548e-20 1.02306e-20 4.62863e-21 2.08892e-21 9.40456e-22 4.22411e-22 1.89294e-22 8.46397e-23 3.77633e-23 1.68132e-23 7.4703e-24 3.3125e-24 1.46598e-24 6.47547e-25 2.85502e-25 1.25649e-25 5.52006e-26 2.4209e-26 1.05993e-26 4.63298e-27 2.02183e-27 8.80938e-28 3.83245e-28 1.66476e-28 7.22086e-29 3.1275e-29 1.35267e-29 5.84235e-30 2.51996e-30 1.08548e-30 4.66968e-31 2.00631e-31 8.60923e-32 3.68977e-32 1.57947e-32 6.75323e-33 2.88409e-33 1.2303e-33 5.24243e-34 2.2314e-34 9.48755e-35 4.0297e-35 1.70979e-35 7.24716e-36 3.06873e-36 1.29815e-36 5.48615e-37 2.31632e-37
5.43872e-08 1.31053e-07 1.96289e-07 2.31245e-07 2.33889e-07 2.12313e-07 1.77573e-07 1.39196e-07 1.03487e-07 7.36045e-08 5.04107e-08 3.34154e-08 2.15244e-08 1.35177e-08 8.29914e-09 4.99237e-09 2.94818e-09 1.71193e-09 9.78853e-10 5.51798e-10 3.07003e-10 1.6874e-10 9.17003e-11 4.93094e-11 2.62535e-11 1.38486e-11 7.24147e-12 3.75547e-12 1.93249e-12 9.8711e-13 5.00697e-13 2.52288e-13 1.2632e-13 6.28682e-14 3.11095e-14 1.53097e-14 7.49483e-15 3.65065e-15 1.76964e-15 8.53862e-16 4.10166e-16 1.96189e-16 9.34551e-17 4.43414e-17 2.09584e-17 9.8697e-18 4.63132e-18 2.16577e-18 1.00943e-18 4.68971e-19 2.17201e-19 1.00293e-19 4.61749e-20 2.11989e-20 9.70568e-21 4.4318e-21 2.0184e-21 9.16941e-22 4.15539e-22 1.87866e-22 8.47378e-23 3.81353e-23 1.71247e-23 7.67341e-24 3.43122e-24 1.53118e-24 6.81932e-25 3.03121e-25 1.34484e-25 5.95559e-26 2.63267e-26 1.16173e-26 5.11759e-27 2.25059e-27 9.88131e-28 4.33146e-28 1.89571e-28 8.28398e-29 3.61454e-29 1.57481e-29 6.85132e-30 2.9765e-30 1.29133e-30 5.5947e-31 2.42069e-31 1.046e-31 4.51411e-32 1.94565e-32 8.37575e-33 3.60128e-33 1.54659e-33 6.63416e-34 2.8425e-34 1.21654e-34 5.20087e-35 2.22103e-35 9.47477e-36 4.03765e-36 1.71887e-36 7.31e-37 3.1057e-37
2.04463e-08 5.18668e-08 8.10321e-08 9.90353e-08 1.03527e-07 9.68575e-08 8.3308e-08 6.70368e-08 5.10853e-08 3.7195e-08 2.6049e-08 1.76393e-08 1.15973e-08 7.42817e-09 4.64799e-09 2.84784e-09 1.71193e-09 1.01137e-09 5.8806e-10 3.36949e-10 1.90468e-10 1.06321e-10 5.86592e-11 3.20114e-11 1.72914e-11 9.25082e-12 4.90461e-12 2.57825e-12 1.34446e-12 6.9575e-13 3.57451e-13 1.82387e-13 9.24544e-14 4.65751e-14 2.33236e-14 1.16136e-14 5.75145e-15 2.83351e-15 1.389e-15 6.77636e-16 3.29072e-16 1.59097e-16 7.65915e-17 3.67211e-17 1.7536e-17 8.3423e-18 3.95402e-18 1.86743e-18 8.78926e-19 4.12299e-19 1.92783e-19 8.98604e-20 4.17591e-20 1.93489e-20 8.93968e-21 4.11893e-21 1.89269e-21 8.67436e-22 3.96545e-22 1.80831e-22 8.22635e-23 3.73357e-23 1.69064e-23 7.63857e-24 3.44375e-24 1.54929e-24 6.9557e-25 3.11655e-25 1.39365e-25 6.22019e-26 2.77102e-26 1.2322e-26 5.46947e-27 2.42354e-27 1.07205e-27 4.73426e-28 2.08727e-28 9.1878e-29 4.03797e-29 1.77194e-29 7.76392e-30 3.39683e-30 1.48402e-30 6.47431e-31 2.82062e-31 1.22717e-31 5.33195e-32 2.31366e-32 1.00266e-32 4.33975e-33 1.87602e-33 8.09998e-34 3.49311e-34 1.50464e-34 6.47371e-35 2.78217e-35 1.19435e-35 5.12163e-36 2.19391e-36 9.38794e-37 4.01303e-37
7.68659e-09 2.04758e-08 3.33089e-08 4.21732e-08 4.55101e-08 4.3837e-08 3.87382e-08 3.19718e-08 2.49534e-08 1.85852e-08 1.33003e-08 9.19461e-09 6.1664e-09 4.02585e-09 2.56596e-09 1.60046e-09 9.78853e-10 5.8806e-10 3.47539e-10 2.02315e-10 1.16143e-10 6.58154e-11 3.68489e-11 2.04e-11 1.11751e-11 6.06136e-12 3.25716e-12 1.73495e-12 9.16485e-13 4.80334e-13 2.49872e-13 1.29065e-13 6.62162e-14 3.37539e-14 1.71008e-14 8.61303e-15 4.31376e-15 2.14891e-15 1.06498e-15 5.25181e-16 2.57757e-16 1.25928e-16 6.12522e-17 2.96672e-17 1.43104e-17 6.87562e-18 3.2909e-18 1.56933e-18 7.45707e-19 3.5312e-19 1.66657e-19 7.8401e-20 3.67668e-20 1.71897e-20 8.01304e-21 3.72461e-21 1.72645e-21 7.98092e-22 3.67965e-22 1.69219e-22 7.76261e-23 3.55232e-23 1.62178e-23 7.387e-24 3.35715e-24 1.52237e-24 6.88882e-25 3.11073e-25 1.40184e-25 6.30475e-26 2.83006e-26 1.26795e-26 5.67022e-27 2.53112e-27 1.12786e-27 5.017e-28 2.2279e-28 9.87706e-29 4.37172e-29 1.93191e-29 8.52398e-30 3.75522e-30 1.65188e-30 7.25576e-31 3.18246e-31 1.3939e-31 6.09672e-32 2.66301e-32 1.16164e-32 5.06058e-33 2.20178e-33 9.5675e-34 4.15227e-34 1.79989e-34 7.79269e-35 3.36992e-35 1.45563e-35 6.28043e-36 2.70673e-36 1.16526e-36 5.01114e-37
2.8897e-09 8.06496e-09 1.36386e-08 1.78659e-08 1.98804e-08 1.96966e-08 1.78671e-08 1.51126e-08 1.20715e-08 9.19077e-09 6.7167e-09 4.7375e-09 3.23908e-09 2.15433e-09 1.39794e-09 8.87179e-10 5.51798e-10 3.36949e-10 2.02315e-10 1.19606e-10 6.97012e-11 4.00813e-11 2.27643e-11 1.27801e-11 7.09735e-12 3.90149e-12 2.1242e-12 1.14611e-12 6.13113e-13 3.25336e-13 1.7131e-13 8.9548e-14 4.64844e-14 2.39704e-14 1.22827e-14 6.25582e-15 3.16781e-15 1.59523e-15 7.99053e-16 3.98207e-16 1.97474e-16 9.74674e-17 4.78888e-17 2.34264e-17 1.14115e-17 5.53617e-18 2.67525e-18 1.28786e-18 6.17691e-19 2.95208e-19 1.406e-19 6.6741e-20 3.15785e-20 1.48945e-20 7.00382e-21 3.28365e-21 1.53507e-21 7.15625e-22 3.32706e-22 1.54271e-22 7.13496e-23 3.29161e-23 1.51483e-23 6.95479e-24 3.18564e-24 1.45588e-24 6.63888e-25 3.02084e-25 1.37166e-25 6.21545e-26 2.81078e-26 1.26861e-26 5.71476e-27 2.56952e-27 1.15321e-27 5.16641e-28 2.31049e-28 1.03151e-28 4.59739e-29 2.04566e-29 9.08773e-30 4.03079e-30 1.78505e-30 7.89316e-31 3.48501e-31 1.53647e-31 6.76425e-32 2.97375e-32 1.30554e-32 5.72385e-33 2.50616e-33 1.09588e-33 4.78583e-34 2.0874e-34 9.09322e-35 3.95641e-35 1.71935e-35 7.46311e-36 3.23573e-36 1.4013e-36 6.06188e-37
1.08635e-09 3.17002e-09 5.56459e-09 7.53262e-09 8.63435e-09 8.79098e-09 8.17929e-09 7.08494e-09 5.78795e-09 4.50184e-09 3.35773e-09 2.41499e-09 1.68241e-09 1.13938e-09 7.52348e-10 4.85591e-10 3.07003e-10 1.90468e-10 1.16143e-10 6.97012e-11 4.12181e-11 2.40434e-11 1.38474e-11 7.88079e-12 4.43534e-12 2.47021e-12 1.36225e-12 7.44282e-13 4.03084e-13 2.16487e-13 1.15354e-13 6.10054e-14 3.20327e-14 1.67054e-14 8.65542e-15 4.45672e-15 2.28115e-15 1.16095e-15 5.87613e-16 2.9586e-16 1.48213e-16 7.3888e-17 3.6663e-17 1.81102e-17 8.9069e-18 4.36221e-18 2.12777e-18 1.03381e-18 5.0039e-19 2.41314e-19 1.15961e-19 5.55322e-20 2.6505e-20 1.26096e-20 5.98015e-21 2.82745e-21 1.33287e-21 6.26509e-22 2.93663e-22 1.37273e-22 6.39978e-23 2.97593e-23 1.38033e-23 6.38673e-24 2.94804e-24 1.3576e-24 6.23765e-25 2.85959e-25 1.30811e-25 5.97118e-26 2.72005e-26 1.23656e-26 5.61037e-27 2.54055e-27 1.14826e-27 5.18024e-28 2.33276e-28 1.04862e-28 4.7056e-29 2.108e-29 9.42758e-30 4.20941e-30 1.87649e-30 8.35196e-31 3.71161e-31 1.64695e-31 7.29717e-32 3.22848e-32 1.42633e-32 6.29268e-33 2.77239e-33 1.21979e-33 5.3597e-34 2.35196e-34 1.03078e-34 4.51183e-35 1.97244e-35 8.61247e-36 3.75606e-36 1.63617e-36 7.11903e-37
4.08403e-10 1.24365e-09 2.26294e-09 3.16199e-09 3.73006e-09 3.89944e-09 3.71851e-09 3.2963e-09 2.75236e-09 2.1857e-09 1.66286e-09 1.21892e-09 8.64813e-10 5.96071e-10 4.00339e-10 2.62677e-10 1.6874e-10 1.06321e-10 6.58154e-11 4.00813e-11 2.40434e-11 1.42219e-11 8.30318e-12 4.78882e-12 2.73051e-12 1.54025e-12 8.60083e-13 4.7571e-13 2.60748e-13 1.41705e-13 7.63869e-14 4.08602e-14 2.16965e-14 1.14402e-14 5.99202e-15 3.11841e-15 1.613e-15 8.29442e-16 4.24124e-16 2.15702e-16 1.09133e-16 5.49401e-17 2.75253e-17 1.37265e-17 6.81463e-18 3.36861e-18 1.65824e-18 8.13001e-19 3.97046e-19 1.93175e-19 9.36424e-20 4.52329e-20 2.17743e-20 1.04468e-20 4.99596e-21 2.38171e-21 1.13196e-21 5.36392e-22 2.53443e-22 1.19414e-22 5.61105e-23 2.62951e-23 1.22907e-23 5.73033e-24 2.66509e-24 1.23651e-24 5.72352e-25 2.64322e-25 1.21795e-25 5.59989e-26 2.56921e-26 1.17629e-26 5.37454e-27 2.45076e-27 1.11536e-27 5.06637e-28 2.29703e-28 1.03954e-28 4.69612e-29 2.11775e-29 9.53369e-30 4.28466e-30 1.92244e-30 8.61167e-31 3.85151e-31 1.71988e-31 7.66835e-32 3.41392e-32 1.51763e-32 6.73676e-33 2.98621e-33 1.32185e-33 5.84322e-34 2.57951e-34 1.13723e-34 5.00723e-35 2.20187e-35 9.67032e-36 4.24184e-36 1.85841e-36 8.13224e-37
1.53535e-10 4.87052e-10 9.17493e-10 1.32195e-09 1.60346e-09 1.71982e-09 1.67971e-09 1.52282e-09 1.29885e-09 1.05251e-09 8.1635e-10 6.09585e-10 4.40258e-10 3.08697e-10 2.10794e-10 1.40546e-10 9.17003e-11 5.86592e-11 3.68489e-11 2.27643e-11 1.38474e-11 8.30318e-12 4.91258e-12 2.87041e-12 1.65763e-12 9.46777e-13 5.35186e-13 2.99578e-13 1.66148e-13 9.13418e-14 4.97999e-14 2.6937e-14 1.44609e-14 7.70763e-15 4.08005e-15 2.14565e-15 1.12131e-15 5.82474e-16 3.00829e-16 1.54509e-16 7.89353e-17 4.012e-17 2.02911e-17 1.02136e-17 5.11754e-18 2.55279e-18 1.26797e-18 6.27198e-19 3.09001e-19 1.51645e-19 7.41425e-20 3.6118e-20 1.75326e-20 8.48168e-21 4.08951e-21 1.96543e-21 9.41631e-22 4.49757e-22 2.14183e-22 1.01704e-22 4.81578e-23 2.27408e-23 1.07099e-23 5.03079e-24 2.35713e-24 1.10168e-24 5.13665e-25 2.38934e-25 1.10886e-25 5.13452e-26 2.37229e-26 1.09371e-26 5.03181e-27 2.31023e-27 1.05855e-27 4.84079e-28 2.20945e-28 1.00654e-28 4.577e-29 2.07751e-29 9.41321e-30 4.25773e-30 1.92256e-30 8.66674e-31 3.90051e-31 1.75263e-31 7.86279e-32 3.52202e-32 1.57524e-32 7.03488e-33 3.13712e-33 1.39696e-33 6.21187e-34 2.75841e-34 1.22322e-34 5.41716e-35 2.39589e-35 1.05828e-35 4.66853e-36 2.05693e-36 9.05156e-37
5.77199e-11 1.90439e-10 3.70953e-10 5.50601e-10 6.86132e-10 7.54496e-10 7.54229e-10 6.98904e-10 6.08581e-10 5.02965e-10 3.97525e-10 3.02245e-10 2.22112e-10 1.58367e-10 1.09905e-10 7.44354e-11 4.93094e-11 3.20114e-11 2.04e-11 1.27801e-11 7.88079e-12 4.78882e-12 2.87041e-12 1.69864e-12 9.93238e-13 5.74263e-13 3.28518e-13 1.86061e-13 1.04385e-13 5.80388e-14 3.19961e-14 1.74967e-14 9.49427e-15 5.11411e-15 2.73542e-15 1.45332e-15 7.67185e-16 4.02496e-16 2.09919e-16 1.08861e-16 5.61464e-17 2.88062e-17 1.47045e-17 7.46957e-18 3.77654e-18 1.90072e-18 9.52432e-19 4.75231e-19 2.36151e-19 1.16882e-19 5.76279e-20 2.8307e-20 1.38542e-20 6.75683e-21 3.28414e-21 1.59096e-21 7.68243e-22 3.69808e-22 1.77472e-22 8.49171e-23 4.05141e-23 1.9275e-23 9.14521e-24 4.32744e-24 2.04238e-24 9.61478e-25 4.51506e-25 2.11512e-25 9.88509e-26 4.60916e-26 2.14429e-26 9.95372e-27 4.61053e-27 2.13108e-27 9.82994e-28 4.52507e-28 2.07893e-28 9.53267e-29 4.3628e-29 1.99301e-29 9.08785e-30 4.13656e-30 1.87957e-30 8.52572e-31 3.86077e-31 1.74542e-31 7.87814e-32 3.55023e-32 1.5974e-32 7.17635e-33 3.21916e-33 1.44191e-33 6.4492e-34 2.88041e-34 1.28468e-34 5.72185e-35 2.54502e-35 1.1305e-35 5.01509e-36 2.22193e-36 9.83175e-37
2.16992e-11 7.43516e-11 1.49593e-10 2.28529e-10 2.92351e-10 3.29366e-10 3.36786e-10 3.18801e-10 2.8326e-10 2.38642e-10 1.9211e-10 1.48661e-10 1.11114e-10 8.0531e-11 5.67777e-11 3.9047e-11 2.62535e-11 1.72914e-11 1.11751e-11 7.09735e-12 4.43534e-12 2.73051e-12 1.65763e-12 9.93238e-13 5.87893e-13 3.43986e-13 1.99101e-13 1.14066e-13 6.47189e-14 3.63847e-14 2.02777e-14 1.12078e-14 6.14596e-15 3.34495e-15 1.80745e-15 9.69959e-16 5.17109e-16 2.73948e-16 1.44253e-16 7.55184e-17 3.93144e-17 2.03569e-17 1.04863e-17 5.37475e-18 2.74158e-18 1.39194e-18 7.03537e-19 3.54049e-19 1.77423e-19 8.855e-20 4.40201e-20 2.17997e-20 1.07557e-20 5.28764e-21 2.59039e-21 1.26472e-21 6.15441e-22 2.98528e-22 1.44353e-22 6.95898e-23 3.34487e-23 1.6031e-23 7.66162e-24 3.65166e-24 1.7358e-24 8.22955e-25 3.89177e-25 1.83586e-25 8.6393e-26 4.05591e-26 1.89973e-26 8.87792e-27 4.1397e-27 1.92614e-27 8.94302e-28 4.14363e-28 1.916e-28 8.84196e-29 4.07244e-29 1.87212e-29 8.59013e-30 3.93433e-30 1.79871e-30 8.20896e-31 3.73994e-31 1.701e-31 7.72366e-32 3.50133e-32 1.5847e-32 7.16109e-33 3.23102e-33 1.4556e-33 6.54783e-34 2.94115e-34 1.3192e-34 5.90871e-35 2.64283e-35 1.18047e-35 5.26567e-36 2.34574e-36 1.04362e-36
8.1576e-12 2.89886e-11 6.01806e-11 9.45436e-11 1.24071e-10 1.43116e-10 1.49603e-10 1.44587e-10 1.31022e-10 1.12473e-10 9.21807e-11 7.25706e-11 5.51476e-11 4.06126e-11 2.90795e-11 2.03001e-11 1.38486e-11 9.25082e-12 6.06136e-12 3.90149e-12 2.47021e-12 1.54025e-12 9.46777e-13 5.74263e-13 3.43986e-13 2.03641e-13 1.19228e-13 6.90791e-14 3.96295e-14 2.25225e-14 1.26866e-14 7.08594e-15 3.92595e-15 2.15848e-15 1.17804e-15 6.38438e-16 3.43679e-16 1.83817e-16 9.77074e-17 5.16281e-17 2.71244e-17 1.41724e-17 7.36585e-18 3.80874e-18 1.95974e-18 1.00356e-18 5.11555e-19 2.59601e-19 1.31175e-19 6.60059e-20 3.30796e-20 1.65134e-20 8.21224e-21 4.06898e-21 2.00888e-21 9.88353e-22 4.8462e-22 2.36844e-22 1.15381e-22 5.6034e-23 2.71302e-23 1.3097e-23 6.30434e-24 3.02614e-24 1.4486e-24 6.91589e-25 3.29318e-25 1.56415e-25 7.41073e-26 3.50259e-26 1.65153e-26 7.76918e-27 3.64652e-27 1.70773e-27 7.98023e-28 3.72125e-28 1.73164e-28 8.04162e-29 3.72702e-29 1.72398e-29 7.95917e-30 3.66766e-30 1.68698e-30 7.74548e-31 3.5499e-31 1.62416e-31 7.41828e-32 3.38259e-32 1.53987e-32 6.99867e-33 3.17585e-33 1.43889e-33 6.5093e-34 2.94027e-34 1.32617e-34 5.97285e-35 2.68624e-35 1.20642e-35 5.41069e-36 2.42337e-36 1.08394e-36
3.06677e-12 1.12878e-11 2.4156e-11 3.89942e-11 5.24584e-11 6.19179e-11 6.61311e-11 6.52223e-11 6.02503e-11 5.2677e-11 4.39362e-11 3.51763e-11 2.71676e-11 2.03224e-11 1.4773e-11 1.04651e-11 7.24147e-12 4.90461e-12 3.25716e-12 2.1242e-12 1.36225e-12 8.60083e-13 5.35186e-13 3.28518e-13 1.99101e-13 1.19228e-13 7.0595e-14 4.13557e-14 2.39834e-14 1.37762e-14 7.84153e-15 4.42503e-15 2.4766e-15 1.37525e-15 7.57965e-16 4.14762e-16 2.25404e-16 1.21692e-16 6.52857e-17 3.48123e-17 1.84548e-17 9.72847e-18 5.10065e-18 2.66034e-18 1.38058e-18 7.12966e-19 3.66466e-19 1.87509e-19 9.55212e-20 4.84535e-20 2.44769e-20 1.23154e-20 6.17238e-21 3.0819e-21 1.53319e-21 7.60024e-22 3.75454e-22 1.84852e-22 9.07136e-23 4.43748e-23 2.16398e-23 1.0521e-23 5.10013e-24 2.46523e-24 1.18828e-24 5.71206e-25 2.73847e-25 1.30946e-25 6.24555e-26 2.97146e-26 1.41031e-26 6.67771e-27 3.15451e-27 1.48679e-27 6.99199e-28 3.28101e-28 1.53634e-28 7.179e-29 3.34774e-29 1.55801e-29 7.23662e-30 3.3548e-30 1.55231e-30 7.16946e-31 3.30527e-31 1.52109e-31 6.98785e-32 3.20471e-32 1.46724e-32 6.70653e-33 3.06048e-33 1.3944e-33 6.34318e-34 2.88109e-34 1.30662e-34 5.91696e-35 2.67554e-35 1.2081e-35 5.44724e-36 2.45272e-36 1.10287e-36
1.15292e-12 4.39006e-12 9.67567e-12 1.60372e-11 2.21024e-11 2.66793e-11 2.90989e-11 2.92727e-11 2.75539e-11 2.45258e-11 2.08098e-11 1.69373e-11 1.32902e-11 1.00949e-11 7.44771e-12 5.35216e-12 3.75547e-12 2.57825e-12 1.73495e-12 1.14611e-12 7.44282e-13 4.7571e-13 2.99578e-13 1.86061e-13 1.14066e-13 6.90791e-14 4.13557e-14 2.44906e-14 1.43546e-14 8.33192e-15 4.79152e-15 2.73132e-15 1.54392e-15 8.65754e-16 4.8177e-16 2.66137e-16 1.4599e-16 7.95467e-17 4.30643e-17 2.31697e-17 1.23917e-17 6.58947e-18 3.48471e-18 1.83302e-18 9.59253e-19 4.99505e-19 2.58857e-19 1.33525e-19 6.85668e-20 3.50569e-20 1.78484e-20 9.05004e-21 4.57065e-21 2.29949e-21 1.15256e-21 5.7559e-22 2.86437e-22 1.42054e-22 7.02142e-23 3.45926e-23 1.69889e-23 8.31772e-24 4.0601e-24 1.97603e-24 9.58976e-25 4.64096e-25 2.23988e-25 1.07816e-25 5.17623e-26 2.47879e-26 1.1841e-26 5.64261e-27 2.68251e-27 1.27231e-27 6.02084e-28 2.84286e-28 1.33939e-28 6.29696e-29 2.95425e-29 1.38317e-29 6.46295e-30 3.01392e-30 1.4028e-30 6.51682e-31 3.02183e-31 1.39867e-31 6.46223e-32 2.98049e-32 1.37229e-32 6.30768e-33 2.89449e-33 1.32607e-33 6.06545e-34 2.76998e-34 1.26304e-34 5.75039e-35 2.61413e-35 1.18664e-35 5.37874e-36 2.43459e-36 1.10043e-36
4.33428e-13 1.70549e-12 3.86795e-12 6.57802e-12 9.2819e-12 1.14516e-11 1.27488e-11 1.30755e-11 1.25358e-11 1.13554e-11 9.79787e-12 8.10413e-12 6.45854e-12 4.97983e-12 3.72766e-12 2.71676e-12 1.93249e-12 1.34446e-12 9.16485e-13 6.13113e-13 4.03084e-13 2.60748e-13 1.66148e-13 1.04385e-13 6.47189e-14 3.96295e-14 2.39834e-14 1.43546e-14 8.50192e-15 4.98568e-15 2.89622e-15 1.66738e-15 9.51749e-16 5.38843e-16 3.02701e-16 1.68781e-16 9.34386e-17 5.13751e-17 2.80622e-17 1.52316e-17 8.21724e-18 4.40723e-18 2.35047e-18 1.24676e-18 6.57854e-19 3.45362e-19 1.80423e-19 9.38104e-20 4.85532e-20 2.50181e-20 1.28358e-20 6.55809e-21 3.33713e-21 1.69146e-21 8.54069e-22 4.29648e-22 2.1536e-22 1.07571e-22 5.35478e-23 2.65672e-23 1.31384e-23 6.47696e-24 3.1832e-24 1.55975e-24 7.62039e-25 3.71244e-25 1.80357e-25 8.73823e-26 4.22241e-26 2.03503e-26 9.78315e-27 4.69147e-27 2.24432e-27 1.0711e-27 5.09997e-28 2.42279e-28 1.14841e-28 5.43167e-29 2.56354e-29 1.20736e-29 5.67473e-30 2.66182e-30 1.24611e-30 5.82228e-31 2.71523e-31 1.26389e-31 5.87248e-32 2.72366e-32 1.26102e-32 5.82824e-33 2.68916e-33 1.23871e-33 5.69656e-34 2.61551e-34 1.19898e-34 5.4877e-35 2.50787e-35 1.14437e-35 5.21416e-36 2.3723e-36 1.07779e-36
1.62943e-13 6.61873e-13 1.5434e-12 2.69133e-12 3.88586e-12 4.89768e-12 5.56275e-12 5.81423e-12 5.67535e-12 5.22983e-12 4.58725e-12 3.85464e-12 3.11902e-12 2.4405e-12 1.85301e-12 1.36925e-12 9.8711e-13 6.9575e-13 4.80334e-13 3.25336e-13 2.16487e-13 1.41705e-13 9.13418e-14 5.80388e-14 3.63847e-14 2.25225e-14 1.37762e-14 8.33192e-15 4.98568e-15 2.95331e-15 1.73267e-15 1.00728e-15 5.805e-16 3.31773e-16 1.88117e-16 1.05855e-16 5.91336e-17 3.28037e-17 1.80759e-17 9.89649e-18 5.38481e-18 2.91252e-18 1.56629e-18 8.37656e-19 4.45591e-19 2.35811e-19 1.24171e-19 6.507e-20 3.39398e-20 1.76226e-20 9.11017e-21 4.68958e-21 2.40407e-21 1.2275e-21 6.24312e-22 3.1633e-22 1.59691e-22 8.03283e-23 4.02664e-23 2.01162e-23 1.00165e-23 4.97147e-24 2.45977e-24 1.21332e-24 5.96706e-25 2.92605e-25 1.43076e-25 6.97667e-26 3.39275e-26 1.64552e-26 7.96035e-27 3.84114e-27 1.8489e-27 8.87794e-28 4.25287e-28 2.03256e-28 9.69211e-29 4.61133e-29 2.1892e-29 1.03709e-29 4.90275e-30 2.31297e-30 1.089e-30 5.1171e-31 2.39983e-31 1.12334e-31 5.24844e-32 2.44768e-32 1.13946e-32 5.2951e-33 2.45639e-33 1.13757e-33 5.25937e-34 2.42759e-34 1.1187e-34 5.14707e-35 2.36444e-35 1.0845e-35 4.96675e-36 2.27127e-36 1.03712e-36
6.12568e-14 2.5661e-13 6.14779e-13 1.09852e-12 1.62206e-12 2.08752e-12 2.41788e-12 2.5744e-12 2.55751e-12 2.39666e-12 2.1363e-12 1.82311e-12 1.49735e-12 1.18862e-12 9.1517e-13 6.8546e-13 5.00697e-13 3.57451e-13 2.49872e-13 1.7131e-13 1.15354e-13 7.63869e-14 4.97999e-14 3.19961e-14 2.02777e-14 1.26866e-14 7.84153e-15 4.79152e-15 2.89622e-15 1.73267e-15 1.02649e-15 6.0249e-16 3.50505e-16 2.02191e-16 1.15696e-16 6.56922e-17 3.70246e-17 2.07195e-17 1.15161e-17 6.35888e-18 3.48914e-18 1.90291e-18 1.03175e-18 5.56263e-19 2.98277e-19 1.59101e-19 8.4434e-20 4.45887e-20 2.34349e-20 1.22602e-20 6.38543e-21 3.31131e-21 1.70994e-21 8.79407e-22 4.5048e-22 2.29872e-22 1.16861e-22 5.91925e-23 2.98761e-23 1.50273e-23 7.53314e-24 3.76398e-24 1.87469e-24 9.30801e-25 4.60749e-25 2.27395e-25 1.11903e-25 5.49125e-26 2.6872e-26 1.31146e-26 6.38359e-27 3.09922e-27 1.50087e-27 7.25034e-28 3.49401e-28 1.67982e-28 8.05735e-29 3.85599e-29 1.84126e-29 8.77293e-30 4.17107e-30 1.97897e-30 9.36999e-31 4.42755e-31 2.088e-31 9.82772e-32 4.61688e-32 2.16487e-32 1.01326e-32 4.73395e-33 2.20779e-33 1.02787e-33 4.77721e-34 2.21657e-34 1.02677e-34 4.74851e-35 2.19255e-35 1.01079e-35 4.65263e-36 2.13835e-36 9.81316e-37
2.30289e-14 9.93972e-14 2.44482e-13 4.47377e-13 6.75221e-13 8.86886e-13 1.04711e-12 1.13529e-12 1.14744e-12 1.09312e-12 9.89867e-13 8.57665e-13 7.14799e-13 5.75499e-13 4.4921e-13 3.40956e-13 2.52288e-13 1.82387e-13 1.29065e-13 8.9548e-14 6.10054e-14 4.08602e-14 2.6937e-14 1.74967e-14 1.12078e-14 7.08594e-15 4.42503e-15 2.73132e-15 1.66738e-15 1.00728e-15 6.0249e-16 3.56975e-16 2.09609e-16 1.22024e-16 7.04539e-17 4.03597e-17 2.29465e-17 1.29523e-17 7.26038e-18 4.04273e-18 2.23667e-18 1.22984e-18 6.72209e-19 3.65315e-19 1.97434e-19 1.06133e-19 5.67583e-20 3.02018e-20 1.5993e-20 8.42926e-21 4.42253e-21 2.31012e-21 1.20154e-21 6.22351e-22 3.21054e-22 1.64974e-22 8.44491e-23 4.30687e-23 2.18856e-23 1.10822e-23 5.59249e-24 2.81277e-24 1.41009e-24 7.04664e-25 3.51052e-25 1.7436e-25 8.63453e-26 4.26363e-26 2.09941e-26 1.0309e-26 5.04859e-27 2.46592e-27 1.20135e-27 5.83803e-28 2.83004e-28 1.36858e-28 6.60271e-29 3.1781e-29 1.52626e-29 7.31348e-30 3.49682e-30 1.66838e-30 7.94338e-31 3.77419e-31 1.78965e-31 8.46937e-32 4.00029e-32 1.88584e-32 8.87368e-33 4.16778e-33 1.95399e-33 9.14466e-34 4.27225e-34 1.99251e-34 9.27714e-35 4.31229e-35 2.00122e-35 9.27227e-36 4.28937e-36 1.9812e-36 9.13691e-37
8.65747e-15 3.84678e-14 9.70739e-14 1.8181e-13 2.80341e-13 3.75642e-13 4.51905e-13 4.98734e-13 5.1266e-13 4.96338e-13 4.56466e-13 4.01435e-13 3.39405e-13 2.77082e-13 2.19206e-13 1.68565e-13 1.2632e-13 9.24544e-14 6.62162e-14 4.64844e-14 3.20327e-14 2.16965e-14 1.44609e-14 9.49427e-15 6.14596e-15 3.92595e-15 2.4766e-15 1.54392e-15 9.51749e-16 5.805e-16 3.50505e-16 2.09609e-16 1.24207e-16 7.29595e-17 4.24999e-17 2.45595e-17 1.40839e-17 8.01739e-18 4.53188e-18 2.54435e-18 1.41919e-18 7.86641e-19 4.33393e-19 2.37383e-19 1.29291e-19 7.00358e-20 3.77386e-20 2.02319e-20 1.07931e-20 5.73036e-21 3.02834e-21 1.59323e-21 8.3456e-22 4.35311e-22 2.26129e-22 1.16997e-22 6.0299e-23 3.09601e-23 1.58378e-23 8.07299e-24 4.10069e-24 2.07589e-24 1.04739e-24 5.26758e-25 2.64085e-25 1.31989e-25 6.57697e-26 3.26768e-26 1.61885e-26 7.99755e-27 3.94019e-27 1.93603e-27 9.48788e-28 4.6378e-28 2.26133e-28 1.09989e-28 5.33686e-29 2.58345e-29 1.2477e-29 6.01227e-30 2.89069e-30 1.38682e-30 6.63913e-31 3.1717e-31 1.51211e-31 7.19442e-32 3.41626e-32 1.61905e-32 7.65849e-33 3.61586e-33 1.70404e-33 8.01613e-34 3.76424e-34 1.76454e-34 8.25731e-35 3.85757e-35 1.79915e-35 8.37746e-36 3.89457e-36 1.80768e-36 8.37736e-37
