0.390587 0.10331 0.0412984 0.0176705 0.0066831 0.00224069 0.000687931 0.000198591 5.48973e-05 1.47104e-05 3.8526e-06 9.91712e-07 2.51898e-07 6.33118e-08 1.5778e-08 3.90466e-09 9.60684e-10 2.35196e-10 5.73375e-11 1.39267e-11 3.37179e-12 8.14021e-13 1.96025e-13 4.70979e-14 1.12928e-14 2.70271e-15 6.45749e-16 1.54046e-16 3.66893e-17 8.69718e-18 2.06666e-18
0.10331 0.0337136 0.0143315 0.00411942 0.0010351 0.000245318 5.65904e-05 1.28941e-05 2.92257e-06 6.61269e-07 1.49607e-07 3.38701e-08 7.67542e-09 1.74119e-09 3.95406e-10 8.98801e-11 2.0449e-11 4.65621e-12 1.06099e-12 2.41924e-13 5.51956e-14 1.25998e-14 2.87761e-15 6.57496e-16 1.50289e-16 3.43653e-17 7.86054e-18 1.79825e-18 4.1047e-19 8.99695e-20 2.06064e-20
0.0412984 0.0143315 0.00342248 0.00080624 0.000185208 4.18778e-05 9.40007e-06 2.10546e-06 4.7184e-07 1.05923e-07 2.38289e-08 5.37212e-09 1.21353e-09 2.74615e-10 6.22415e-11 1.41263e-11 3.20994e-12 7.30158e-13 1.6624e-13 3.78794e-14 8.63733e-15 1.97075e-15 4.49912e-16 1.02764e-16 2.34831e-17 5.36837e-18 1.22758e-18 2.80394e-19 6.26118e-20 1.42814e-20 3.27096e-21
0.0176705 0.00411942 0.00080624 0.000168831 3.6257e-05 7.87627e-06 1.72402e-06 3.79762e-07 8.41209e-08 1.87247e-08 4.18547e-09 9.38888e-10 2.11241e-10 4.76464e-11 1.07696e-11 2.43863e-12 5.53039e-13 1.25584e-13 2.85497e-14 6.49676e-15 1.47967e-15 3.37259e-16 7.69224e-17 1.7555e-17 4.00846e-18 9.15671e-19 2.09091e-19 4.71812e-20 1.07709e-20 2.45612e-21 5.62309e-22
0.0066831 0.0010351 0.000185208 3.6257e-05 7.44545e-06 1.57081e-06 3.37167e-07 7.32634e-08 1.6068e-08 3.54974e-09 7.88771e-10 1.7609e-10 3.94611e-11 8.87071e-12 1.99927e-12 4.51568e-13 1.02181e-13 2.31575e-14 5.25528e-15 1.194e-15 2.71548e-16 6.18125e-17 1.40814e-17 3.21006e-18 7.32215e-19 1.6704e-19 3.7889e-20 8.64487e-21 1.97259e-21 4.49585e-22 1.02861e-22
0.00224069 0.000245318 4.18778e-05 7.87627e-06 1.57081e-06 3.24705e-07 6.87006e-08 1.47724e-08 3.21426e-09 7.05676e-10 1.56011e-10 3.46817e-11 7.74401e-12 1.73539e-12 3.90045e-13 8.78837e-14 1.98429e-14 4.48822e-15 1.01672e-15 2.30622e-16 5.23717e-17 1.1905e-17 2.70861e-18 6.16734e-19 1.40495e-19 3.19285e-20 7.27816e-21 1.65953e-21 3.78428e-22 8.61955e-23 1.97058e-23
0.000687931 5.65904e-05 9.40007e-06 1.72402e-06 3.37167e-07 6.87006e-08 1.43825e-08 3.06792e-09 6.63349e-10 1.44893e-10 3.18965e-11 7.06479e-12 1.57247e-12 3.51392e-13 7.8781e-14 1.77107e-14 3.99067e-15 9.00959e-16 2.03748e-16 4.61435e-17 1.04635e-17 2.37536e-18 5.39762e-19 1.22746e-19 2.78947e-20 6.35071e-21 1.44653e-21 3.29587e-22 7.51034e-23 1.7095e-23 3.90518e-24
0.000198591 1.28941e-05 2.10546e-06 3.79762e-07 7.32634e-08 1.47724e-08 3.06792e-09 6.5032e-10 1.399e-10 3.04283e-11 6.67412e-12 1.47358e-12 3.27067e-13 7.29045e-14 1.6308e-14 3.65864e-15 8.22837e-16 1.85449e-16 4.18718e-17 9.46895e-18 2.14426e-18 4.86156e-19 1.10335e-19 2.50478e-20 5.69382e-21 1.29517e-21 2.94769e-22 6.71111e-23 1.52817e-23 3.47609e-24 7.93474e-25
5.48973e-05 2.92257e-06 4.7184e-07 8.41209e-08 1.6068e-08 3.21426e-09 6.63349e-10 1.399e-10 2.99687e-11 6.49472e-12 1.42006e-12 3.12661e-13 6.92233e-14 1.53954e-14 3.43672e-15 7.69571e-16 1.7278e-16 3.88789e-17 8.76541e-18 1.97952e-18 4.47695e-19 1.01381e-19 2.29766e-20 5.21376e-21 1.1841e-21 2.69118e-22 6.11997e-23 1.39231e-23 3.16817e-24 7.20191e-25 1.64276e-25
1.47104e-05 6.61269e-07 1.05923e-07 1.87247e-08 3.54974e-09 7.05676e-10 1.44893e-10 3.04283e-11 6.49472e-12 1.4031e-12 3.05935e-13 6.71916e-14 1.48428e-14 3.29433e-15 7.34022e-16 1.64084e-16 3.67811e-17 8.26433e-18 1.8607e-18 4.19674e-19 9.48019e-20 2.14412e-20 4.85568e-21 1.1008e-21 2.49784e-22 5.67231e-23 1.28894e-23 2.93026e-24 6.66321e-25 1.51376e-25 3.45054e-26
3.8526e-06 1.49607e-07 2.38289e-08 4.18547e-09 7.88771e-10 1.56011e-10 3.18965e-11 6.67412e-12 1.42006e-12 3.05935e-13 6.65413e-14 1.45816e-14 3.21456e-15 7.12135e-16 1.58402e-16 3.53536e-17 7.91329e-18 1.77563e-18 3.99274e-19 8.99485e-20 2.02951e-20 4.58598e-21 1.03758e-21 2.35013e-22 5.32824e-23 1.20904e-23 2.74531e-24 6.23688e-25 1.41731e-25 3.21798e-26 7.33053e-27
9.91712e-07 3.38701e-08 5.37212e-09 9.38888e-10 1.7609e-10 3.46817e-11 7.06479e-12 1.47358e-12 3.12661e-13 6.71916e-14 1.45816e-14 3.18885e-15 7.01687e-16 1.55182e-16 3.44634e-17 7.68065e-18 1.71686e-18 3.84754e-19 8.64157e-20 1.94458e-20 4.38332e-21 9.89533e-22 2.23681e-22 5.06214e-23 1.14679e-23 2.60025e-24 5.90016e-25 1.33954e-25 3.04219e-26 6.90344e-27 1.57164e-27
2.51898e-07 7.67542e-09 1.21353e-09 2.11241e-10 3.94611e-11 7.74401e-12 1.57247e-12 3.27067e-13 6.92233e-14 1.48428e-14 3.21456e-15 7.01687e-16 1.54139e-16 3.40352e-17 7.54767e-18 1.67984e-18 3.75026e-19 8.39463e-20 1.88334e-20 4.2338e-21 9.53443e-22 2.15046e-22 4.85696e-23 1.09831e-23 2.48626e-24 5.63343e-25 1.27742e-25 2.89838e-26 6.57861e-27 1.49206e-27 3.39489e-28
6.33118e-08 1.74119e-09 2.74615e-10 4.76464e-11 8.87071e-12 1.73539e-12 3.51392e-13 7.29045e-14 1.53954e-14 3.29433e-15 7.12135e-16 1.55182e-16 3.40352e-17 7.50438e-18 1.66194e-18 3.69426e-19 8.23784e-20 1.84194e-20 4.12827e-21 9.27163e-22 2.08608e-22 4.70112e-23 1.06093e-23 2.3973e-24 5.42298e-25 1.22793e-25 2.78267e-26 6.30997e-27 1.43142e-27 3.24491e-28 7.37914e-29
1.5778e-08 3.95406e-10 6.22415e-11 1.07696e-11 1.99927e-12 3.90045e-13 7.8781e-14 1.6308e-14 3.43672e-15 7.34022e-16 1.58402e-16 3.44634e-17 7.54767e-18 1.66194e-18 3.67597e-19 8.16166e-20 1.81798e-20 4.06083e-21 9.09271e-22 2.04029e-22 4.58671e-23 1.03283e-23 2.3291e-24 5.25913e-25 1.18888e-25 2.6903e-26 6.09298e-27 1.38087e-27 3.13084e-28 7.09401e-29 1.6124e-29
3.90466e-09 8.98801e-11 1.41263e-11 2.43863e-12 4.51568e-13 8.78837e-14 1.77107e-14 3.65864e-15 7.69571e-16 1.64084e-16 3.53536e-17 7.68065e-18 1.67984e-18 3.69426e-19 8.16166e-20 1.81013e-20 4.02795e-21 8.98869e-22 2.01088e-22 4.50837e-23 1.01271e-23 2.27868e-24 5.13496e-25 1.1587e-25 2.61771e-26 5.92e-27 1.34e-27 3.03526e-28 6.87841e-29 1.55784e-29 3.53908e-30
9.60684e-10 2.0449e-11 3.20994e-12 5.53039e-13 1.02181e-13 1.98429e-14 3.99067e-15 8.22837e-16 1.7278e-16 3.67811e-17 7.91329e-18 1.71686e-18 3.75026e-19 8.23784e-20 1.81798e-20 4.02795e-21 8.95454e-22 1.99649e-22 4.46265e-23 9.99728e-24 2.24399e-24 5.04561e-25 1.13626e-25 2.56233e-26 5.78526e-27 1.3076e-27 2.95819e-28 6.69722e-29 1.51698e-29 3.43422e-30 7.79817e-31
2.35196e-10 4.65621e-12 7.30158e-13 1.25584e-13 2.31575e-14 4.48822e-15 9.00959e-16 1.85449e-16 3.88789e-17 8.26433e-18 1.77563e-18 3.84754e-19 8.39463e-20 1.84194e-20 4.06083e-21 8.98869e-22 1.99649e-22 4.44762e-23 9.93364e-24 2.22368e-24 4.98775e-25 1.12074e-25 2.52228e-26 5.68447e-27 1.28271e-27 2.89766e-28 6.552e-29 1.48263e-29 3.35675e-30 7.59609e-31 1.7241e-31
5.73375e-11 1.06099e-12 1.6624e-13 2.85497e-14 5.25528e-15 1.01672e-15 2.03748e-16 4.18718e-17 8.76541e-18 1.8607e-18 3.99274e-19 8.64157e-20 1.88334e-20 4.12827e-21 9.09271e-22 2.01088e-22 4.46265e-23 9.93364e-24 2.21699e-24 4.95931e-25 1.11164e-25 2.49625e-26 5.61453e-27 1.26463e-27 2.85211e-28 6.4396e-29 1.45537e-29 3.29177e-30 7.44952e-31 1.68511e-31 3.8231e-32
1.39267e-11 2.41924e-13 3.78794e-14 6.49676e-15 1.194e-15 2.30622e-16 4.61435e-17 9.46895e-18 1.97952e-18 4.19674e-19 8.99485e-20 1.94458e-20 4.2338e-21 9.27163e-22 2.04029e-22 4.50837e-23 9.99728e-24 2.22368e-24 4.95931e-25 1.10863e-25 2.48344e-26 5.57337e-27 1.25284e-27 2.82037e-28 6.35748e-29 1.43471e-29 3.24097e-30 7.32723e-31 1.65751e-31 3.74796e-32 8.49972e-33
3.37179e-12 5.51956e-14 8.63733e-15 1.47967e-15 2.71548e-16 5.23717e-17 1.04635e-17 2.14426e-18 4.47695e-19 9.48019e-20 2.02951e-20 4.38332e-21 9.53443e-22 2.08608e-22 4.58671e-23 1.01271e-23 2.24399e-24 4.98775e-25 1.11164e-25 2.48344e-26 5.55978e-27 1.24702e-27 2.80164e-28 6.30376e-29 1.42025e-29 3.2036e-30 7.23361e-31 1.63469e-31 3.69641e-32 8.35531e-33 1.8941e-33
8.14021e-13 1.25998e-14 1.97075e-15 3.37259e-16 6.18125e-17 1.1905e-17 2.37536e-18 4.86156e-19 1.01381e-19 2.14412e-20 4.58598e-21 9.89533e-22 2.15046e-22 4.70112e-23 1.03283e-23 2.27868e-24 5.04561e-25 1.12074e-25 2.49625e-26 5.57337e-27 1.24702e-27 2.79545e-28 6.27721e-29 1.41169e-29 3.17905e-30 7.16766e-31 1.61774e-31 3.65437e-32 8.26021e-33 1.86648e-33 4.22962e-34
1.96025e-13 2.87761e-15 4.49912e-16 7.69224e-17 1.40814e-17 2.70861e-18 5.39762e-19 1.10335e-19 2.29766e-20 4.85568e-21 1.03758e-21 2.23681e-22 4.85696e-23 1.06093e-23 2.3291e-24 5.13496e-25 1.13626e-25 2.52228e-26 5.61453e-27 1.25284e-27 2.80164e-28 6.27721e-29 1.40885e-29 3.16689e-30 7.12846e-31 1.60653e-31 3.62445e-32 8.18423e-33 1.84925e-33 4.1772e-34 9.46253e-35
4.70979e-14 6.57496e-16 1.02764e-16 1.7555e-17 3.21006e-18 6.16734e-19 1.22746e-19 2.50478e-20 5.21376e-21 1.1008e-21 2.35013e-22 5.06214e-23 1.09831e-23 2.3973e-24 5.25913e-25 1.1587e-25 2.56233e-26 5.68447e-27 1.26463e-27 2.82037e-28 6.30376e-29 1.41169e-29 3.16689e-30 7.11547e-31 1.60096e-31 3.60656e-32 8.13347e-33 1.8359e-33 4.14683e-34 9.36411e-35 2.1205e-35
1.12928e-14 1.50289e-16 2.34831e-17 4.00846e-18 7.32215e-19 1.40495e-19 2.78947e-20 5.69382e-21 1.1841e-21 2.49784e-22 5.32824e-23 1.14679e-23 2.48626e-24 5.42298e-25 1.18888e-25 2.61771e-26 5.78526e-27 1.28271e-27 2.85211e-28 6.35748e-29 1.42025e-29 3.17905e-30 7.12846e-31 1.60096e-31 3.60062e-32 8.10811e-33 1.82784e-33 4.12437e-34 9.31272e-35 2.1023e-35 4.75909e-36
2.70271e-15 3.43653e-17 5.36837e-18 9.15671e-19 1.6704e-19 3.19285e-20 6.35071e-21 1.29517e-21 2.69118e-22 5.67231e-23 1.20904e-23 2.60025e-24 5.63343e-25 1.22793e-25 2.6903e-26 5.92e-27 1.3076e-27 2.89766e-28 6.4396e-29 1.43471e-29 3.2036e-30 7.16766e-31 1.60653e-31 3.60656e-32 8.10811e-33 1.82515e-33 4.11302e-34 9.27751e-35 2.09416e-35 4.72608e-36 1.06953e-36
6.45749e-16 7.86054e-18 1.22758e-18 2.09091e-19 3.7889e-20 7.27816e-21 1.44653e-21 2.94769e-22 6.11997e-23 1.28894e-23 2.74531e-24 5.90016e-25 1.27742e-25 2.78267e-26 6.09298e-27 1.34e-27 2.95819e-28 6.552e-29 1.45537e-29 3.24097e-30 7.23361e-31 1.61774e-31 3.62445e-32 8.13347e-33 1.82784e-33 4.11302e-34 9.26562e-35 2.08931e-35 4.71461e-36 1.06369e-36 2.40643e-37
1.54046e-16 1.79825e-18 2.80394e-19 4.71812e-20 8.64487e-21 1.65953e-21 3.29587e-22 6.71111e-23 1.39231e-23 2.93026e-24 6.23688e-25 1.33954e-25 2.89838e-26 6.30997e-27 1.38087e-27 3.03526e-28 6.69722e-29 1.48263e-29 3.29177e-30 7.32723e-31 1.63469e-31 3.65437e-32 8.18423e-33 1.8359e-33 4.12437e-34 9.27751e-35 2.08931e-35 4.70971e-36 1.06245e-36 2.39642e-37 5.41994e-38
3.66893e-17 4.1047e-19 6.26118e-20 1.07709e-20 1.97259e-21 3.78428e-22 7.51034e-23 1.52817e-23 3.16817e-24 6.66321e-25 1.41731e-25 3.04219e-26 6.57861e-27 1.43142e-27 3.13084e-28 6.87841e-29 1.51698e-29 3.35675e-30 7.44952e-31 1.65751e-31 3.69641e-32 8.26021e-33 1.84925e-33 4.14683e-34 9.31272e-35 2.09416e-35 4.71461e-36 1.06245e-36 2.39608e-37 5.40312e-38 1.22168e-38
8.69718e-18 8.99695e-20 1.42814e-20 2.45612e-21 4.49585e-22 8.61955e-23 1.7095e-23 3.47609e-24 7.20191e-25 1.51376e-25 3.21798e-26 6.90344e-27 1.49206e-27 3.24491e-28 7.09401e-29 1.55784e-29 3.43422e-30 7.59609e-31 1.68511e-31 3.74796e-32 8.35531e-33 1.86648e-33 4.1772e-34 9.36411e-35 2.1023e-35 4.72608e-36 1.06369e-36 2.39642e-37 5.40312e-38 1.21812e-38 2.75355e-39
2.06666e-18 2.06064e-20 3.27096e-21 5.62309e-22 1.02861e-22 1.97058e-23 3.90518e-24 7.93474e-25 1.64276e-25 3.45054e-26 7.33053e-27 1.57164e-27 3.39489e-28 7.37914e-29 1.6124e-29 3.53908e-30 7.79817e-31 1.7241e-31 3.8231e-32 8.49972e-33 1.8941e-33 4.22962e-34 9.46253e-35 2.1205e-35 4.75909e-36 1.06953e-36 2.40643e-37 5.41994e-38 1.22168e-38 2.75355e-39 6.22272e-40
