0.556301 0.0336408 0.023426 0.0163128 0.0113595 0.00791025 0.00550834 0.00383576 0.00267105 0.00186 0.00129522 0.000901934 0.000628066 0.000437357 0.000304556 0.000212079 0.000147682 0.000102839 7.16127e-05 4.98679e-05 3.47258e-05 2.41815e-05 1.68389e-05 1.17258e-05 8.16535e-06 5.68599e-06 3.95947e-06 2.75719e-06 1.91999e-06 1.33699e-06 9.31022e-07 6.48322e-07 4.51462e-07 3.14378e-07 2.18919e-07 1.52445e-07 1.06156e-07 7.39223e-08 5.14761e-08 3.58457e-08 2.49613e-08 1.73819e-08 1.2104e-08 8.42869e-09 5.86936e-09 4.08716e-09 2.84611e-09 1.98191e-09 1.38011e-09 9.61047e-10 6.6923e-10 4.66022e-10 3.24517e-10 2.25979e-10 1.57362e-10 1.0958e-10 7.63063e-11 5.31363e-11 3.70017e-11 2.57663e-11 1.79425e-11 1.24944e-11 8.70051e-12 6.05865e-12 4.21897e-12 2.9379e-12 2.04582e-12 1.42462e-12 9.92041e-13 6.90813e-13 4.81051e-13 3.34982e-13 2.33267e-13 1.62436e-13 1.13113e-13 7.87671e-14 5.48499e-14 3.8195e-14 2.65973e-14 1.85212e-14 1.28973e-14 8.98111e-15 6.25404e-15 4.35503e-15 3.03265e-15 2.1118e-15 1.47056e-15 1.02403e-15 7.13092e-16 4.96565e-16 3.45786e-16 2.4079e-16 1.67675e-16 1.16761e-16 8.13074e-17 5.66188e-17 3.94268e-17 2.74551e-17 1.91185e-17 1.33132e-17 9.27075e-18
0.0336408 0.0115128 0.00869684 0.0065295 0.00487651 0.00362535 0.00268438 0.0019806 0.00145672 0.00106837 0.000781555 0.000570414 0.000415438 0.000301985 0.000219127 0.000158745 0.000114829 8.29461e-05 5.98382e-05 4.31158e-05 3.10317e-05 2.23109e-05 1.6025e-05 1.14994e-05 8.2446e-06 5.90618e-06 4.22771e-06 3.024e-06 2.1615e-06 1.54397e-06 1.10217e-06 7.86317e-07 5.60658e-07 3.99541e-07 2.84575e-07 2.0259e-07 1.44155e-07 1.02528e-07 7.289e-08 5.17976e-08 3.67939e-08 2.61261e-08 1.85443e-08 1.3158e-08 9.33299e-09 6.61769e-09 4.69086e-09 3.32402e-09 2.35475e-09 1.66763e-09 1.18069e-09 8.35701e-10 5.91363e-10 4.18357e-10 2.95891e-10 2.09226e-10 1.4791e-10 1.0454e-10 7.38707e-11 5.2188e-11 3.68621e-11 2.60317e-11 1.83798e-11 1.29747e-11 9.15743e-12 6.46208e-12 4.55928e-12 3.21622e-12 2.26842e-12 1.59967e-12 1.1279e-12 7.95142e-13 5.60471e-13 3.95001e-13 2.78343e-13 1.96112e-13 1.38155e-13 9.73135e-14 6.85367e-14 4.82634e-14 3.39827e-14 2.39247e-14 1.68416e-14 1.18541e-14 8.34268e-15 5.87075e-15 4.1308e-15 2.90623e-15 2.04446e-15 1.43808e-15 1.01145e-15 7.11316e-16 5.00195e-16 3.51702e-16 2.47269e-16 1.7383e-16 1.22192e-16 8.58856e-17 6.03617e-17 4.24195e-17 2.98081e-17
0.023426 0.00869684 0.00676216 0.00521428 0.0039925 0.00303861 0.00230053 0.00173375 0.00130131 0.000973201 0.000725459 0.000539198 0.000399693 0.000295562 0.000218074 0.000160571 0.000118007 8.65736e-05 6.34094e-05 4.63725e-05 3.38648e-05 2.46977e-05 1.79896e-05 1.30879e-05 9.51124e-06 6.90472e-06 5.00751e-06 3.62816e-06 2.6264e-06 1.89961e-06 1.37282e-06 9.91345e-07 7.15342e-07 5.15816e-07 3.71689e-07 2.67659e-07 1.92625e-07 1.38543e-07 9.95872e-08 7.15455e-08 5.13723e-08 3.68682e-08 2.64459e-08 1.89608e-08 1.3588e-08 9.73328e-09 6.96907e-09 4.9878e-09 3.56834e-09 2.55184e-09 1.82421e-09 1.30358e-09 9.312e-10 6.64963e-10 4.74685e-10 3.38744e-10 2.41656e-10 1.72341e-10 1.22871e-10 8.75755e-11 6.24009e-11 4.44506e-11 3.16553e-11 2.25372e-11 1.60414e-11 1.14149e-11 8.12077e-12 5.77587e-12 4.1071e-12 2.9198e-12 2.07527e-12 1.47469e-12 1.04769e-12 7.44173e-13 5.28477e-13 3.75224e-13 2.66361e-13 1.89046e-13 1.34147e-13 9.51733e-14 6.75104e-14 4.78795e-14 3.3951e-14 2.40703e-14 1.70623e-14 1.20927e-14 8.56918e-15 6.07136e-15 4.30097e-15 3.04635e-15 2.15739e-15 1.52762e-15 1.08153e-15 7.65595e-16 5.41877e-16 3.8348e-16 2.71348e-16 1.91979e-16 1.35807e-16 9.6059e-17 6.79358e-17
0.0163128 0.0065295 0.00521428 0.00411959 0.00322582 0.00250694 0.00193566 0.00148615 0.00113539 0.000863605 0.000654305 0.00049398 0.000371748 0.000278947 0.000208754 0.000155842 0.000116079 8.628e-05 6.40061e-05 4.73962e-05 3.50372e-05 2.58597e-05 1.90576e-05 1.40249e-05 1.03075e-05 7.56595e-06 5.54696e-06 4.06214e-06 2.97159e-06 2.17159e-06 1.58542e-06 1.15639e-06 8.4271e-07 6.13596e-07 4.46408e-07 3.2452e-07 2.35735e-07 1.71117e-07 1.24125e-07 8.99779e-08 6.51826e-08 4.71908e-08 3.41446e-08 2.46908e-08 1.78445e-08 1.28896e-08 9.30559e-09 6.71473e-09 4.84283e-09 3.49111e-09 2.5155e-09 1.81172e-09 1.30427e-09 9.38558e-10 6.7511e-10 4.85415e-10 3.48885e-10 2.50661e-10 1.80023e-10 1.29245e-10 9.27574e-11 6.65477e-11 4.77279e-11 3.42192e-11 2.45261e-11 1.75733e-11 1.25877e-11 9.0138e-12 6.45275e-12 4.61805e-12 3.30409e-12 2.36334e-12 1.69e-12 1.20819e-12 8.63516e-13 6.17019e-13 4.40779e-13 3.14803e-13 2.24779e-13 1.60462e-13 1.14523e-13 8.17173e-14 5.82965e-14 4.15795e-14 2.965e-14 2.11389e-14 1.50678e-14 1.07383e-14 7.65129e-15 5.45069e-15 3.88228e-15 2.76467e-15 1.96843e-15 1.40127e-15 9.97344e-16 7.09733e-16 5.04977e-16 3.59233e-16 2.55511e-16 1.81708e-16 1.29202e-16
0.0113595 0.00487651 0.0039925 0.00322582 0.00257825 0.00204205 0.00160492 0.00125298 0.000972535 0.000750989 0.000577265 0.00044191 0.000337042 0.000256195 0.000194143 0.000146705 0.000110571 8.31361e-05 6.23688e-05 4.66917e-05 3.48872e-05 2.60196e-05 1.93727e-05 1.44005e-05 1.06882e-05 7.92141e-06 5.86286e-06 4.33365e-06 3.19935e-06 2.35918e-06 1.7377e-06 1.27857e-06 9.39787e-07 6.90097e-07 5.06272e-07 3.7108e-07 2.71754e-07 1.98849e-07 1.45386e-07 1.06216e-07 7.75413e-08 5.65674e-08 4.12381e-08 3.00429e-08 2.18728e-08 1.59146e-08 1.15724e-08 8.41e-09 6.10833e-09 4.43414e-09 3.2171e-09 2.33289e-09 1.69085e-09 1.2249e-09 8.86932e-10 6.41916e-10 4.64376e-10 3.35792e-10 2.42709e-10 1.75355e-10 1.26641e-10 9.14233e-11 6.59738e-11 4.75907e-11 3.43172e-11 2.47369e-11 1.78248e-11 1.28397e-11 9.24565e-12 6.65546e-12 4.78937e-12 3.44541e-12 2.47782e-12 1.78142e-12 1.28037e-12 9.1998e-13 6.60842e-13 4.74565e-13 3.40702e-13 2.44533e-13 1.75463e-13 1.2587e-13 9.02712e-14 6.47244e-14 4.63961e-14 3.32499e-14 2.3823e-14 1.70649e-14 1.22211e-14 8.75031e-15 6.26382e-15 4.48293e-15 3.20769e-15 2.29474e-15 1.64129e-15 1.17368e-15 8.39126e-16 5.9982e-16 4.28678e-16 3.06309e-16 2.1883e-16
0.00791025 0.00362535 0.00303861 0.00250694 0.00204205 0.00164587 0.00131476 0.00104225 0.000820744 0.000642546 0.000500435 0.000387951 0.000299496 0.000230334 0.000176533 0.00013487 0.00010274 7.80532e-05 5.91501e-05 4.47206e-05 3.37376e-05 2.54e-05 1.90864e-05 1.43162e-05 1.072e-05 8.01424e-06 5.9823e-06 4.45908e-06 3.31914e-06 2.46738e-06 1.83191e-06 1.35849e-06 1.00626e-06 7.44548e-07 5.50326e-07 4.0636e-07 2.99767e-07 2.20929e-07 1.6268e-07 1.19686e-07 8.79815e-08 6.46237e-08 4.74305e-08 3.47856e-08 2.54933e-08 1.86703e-08 1.36641e-08 9.99372e-09 7.30461e-09 5.33579e-09 3.89529e-09 2.84203e-09 2.0724e-09 1.51035e-09 1.10015e-09 8.00936e-10 5.82807e-10 4.23875e-10 3.08136e-10 2.23894e-10 1.62609e-10 1.18047e-10 8.56589e-11 6.21309e-11 4.50467e-11 3.26469e-11 2.36509e-11 1.71272e-11 1.23983e-11 8.97168e-12 6.48978e-12 4.69279e-12 3.3922e-12 2.45123e-12 1.77069e-12 1.27867e-12 9.23075e-13 6.66159e-13 4.80602e-13 3.46627e-13 2.49925e-13 1.80149e-13 1.29816e-13 9.35203e-14 6.73539e-14 4.84956e-14 3.49082e-14 2.51211e-14 1.80734e-14 1.29996e-14 9.34793e-15 6.72038e-15 4.83024e-15 3.4709e-15 2.49353e-15 1.79097e-15 1.28607e-15 9.23305e-16 6.62723e-16 4.75583e-16 3.41216e-16
0.00550834 0.00268438 0.00230053 0.00193566 0.00160492 0.00131476 0.00106624 0.000857288 0.000684171 0.000542465 0.000427637 0.000335386 0.000261822 0.000203539 0.000157628 0.000121648 9.3579e-05 7.17736e-05 5.48979e-05 4.18827e-05 3.18768e-05 2.42071e-05 1.83442e-05 1.38738e-05 1.04732e-05 7.89225e-06 5.93738e-06 4.45965e-06 3.34465e-06 2.50483e-06 1.87332e-06 1.39919e-06 1.04376e-06 7.77685e-07 5.78774e-07 4.30266e-07 3.19526e-07 2.37046e-07 1.75686e-07 1.30086e-07 9.62339e-08 7.11289e-08 5.25287e-08 3.87607e-08 2.85787e-08 2.10553e-08 1.55009e-08 1.14036e-08 8.38345e-09 6.159e-09 4.52181e-09 3.3177e-09 2.43272e-09 1.78273e-09 1.30565e-09 9.55689e-10 6.99144e-10 5.11188e-10 3.73565e-10 2.72852e-10 1.99192e-10 1.45346e-10 1.06005e-10 7.72765e-11 5.6308e-11 4.10109e-11 2.98566e-11 2.17268e-11 1.58041e-11 1.14912e-11 8.35202e-12 6.06801e-12 4.40692e-12 3.19935e-12 2.32182e-12 1.68438e-12 1.22151e-12 8.85535e-13 6.41751e-13 4.64925e-13 3.36712e-13 2.43778e-13 1.76439e-13 1.27662e-13 9.2341e-14 6.67728e-14 4.82701e-14 3.48845e-14 2.52037e-14 1.82043e-14 1.31452e-14 9.4895e-15 6.84865e-15 4.94145e-15 3.56445e-15 2.57053e-15 1.8533e-15 1.33586e-15 9.62663e-16 6.93561e-16 4.99568e-16
0.00383576 0.0019806 0.00173375 0.00148615 0.00125298 0.00104225 0.000857288 0.000698469 0.000564425 0.000452853 0.000361049 0.000286243 0.000225793 0.000177299 0.000138643 0.000108005 8.3844e-05 6.48788e-05 5.00538e-05 3.85093e-05 2.95508e-05 2.26214e-05 1.72775e-05 1.31678e-05 1.00154e-05 7.60314e-06 5.76147e-06 4.35841e-06 3.29166e-06 2.48215e-06 1.86896e-06 1.40526e-06 1.05518e-06 7.91287e-07 5.92658e-07 4.43361e-07 3.31295e-07 2.47283e-07 1.8438e-07 1.37339e-07 1.02199e-07 7.59774e-08 5.64321e-08 4.18779e-08 3.10506e-08 2.30037e-08 1.70284e-08 1.25955e-08 9.30951e-09 6.87577e-09 5.07467e-09 3.74278e-09 2.7586e-09 2.03189e-09 1.49567e-09 1.10028e-09 8.08929e-10 5.94377e-10 4.36481e-10 3.20352e-10 2.34992e-10 1.72285e-10 1.26247e-10 9.24636e-11 6.76873e-11 4.95262e-11 3.62207e-11 2.64776e-11 1.93466e-11 1.41299e-11 1.03154e-11 7.52749e-12 5.49077e-12 4.00351e-12 2.91793e-12 2.12589e-12 1.54825e-12 1.12714e-12 8.20265e-13 5.96726e-13 4.33953e-13 3.15471e-13 2.2926e-13 1.66552e-13 1.20957e-13 8.78158e-14 6.37347e-14 4.62427e-14 3.35412e-14 2.43211e-14 1.76303e-14 1.27764e-14 9.25621e-15 6.70403e-15 4.85421e-15 3.51385e-15 2.54291e-15 1.83977e-15 1.33071e-15 9.62263e-16 6.95655e-16
0.00267105 0.00145672 0.00130131 0.00113539 0.000972535 0.000820744 0.000684171 0.000564425 0.000461501 0.000374426 0.00030171 0.000241644 0.000192485 0.000152574 0.0001204 9.46228e-05 7.40863e-05 5.78066e-05 4.49599e-05 3.48641e-05 2.69603e-05 2.07942e-05 1.59992e-05 1.22817e-05 9.40759e-06 7.19134e-06 5.48657e-06 4.17824e-06 3.17634e-06 2.41068e-06 1.82669e-06 1.38207e-06 1.04417e-06 7.87785e-07 5.93566e-07 4.4666e-07 3.35702e-07 2.52012e-07 1.88971e-07 1.41546e-07 1.05911e-07 7.9167e-08 5.91184e-08 4.41051e-08 3.28744e-08 2.44817e-08 1.82159e-08 1.35425e-08 1.006e-08 7.46718e-09 5.53839e-09 4.10478e-09 3.04008e-09 2.24997e-09 1.66407e-09 1.22993e-09 9.08467e-10 6.70602e-10 4.94715e-10 3.64743e-10 2.6876e-10 1.97923e-10 1.45676e-10 1.07163e-10 7.87898e-11 5.7899e-11 4.25259e-11 3.12191e-11 2.29075e-11 1.68008e-11 1.23163e-11 9.02475e-12 6.60992e-12 4.83914e-12 3.54124e-12 2.59037e-12 1.89404e-12 1.38434e-12 1.01141e-12 7.38652e-13 5.3925e-13 3.9353e-13 2.87083e-13 2.09354e-13 1.52617e-13 1.11218e-13 8.10207e-14 5.9003e-14 4.29545e-14 3.1261e-14 2.27437e-14 1.65418e-14 1.20273e-14 8.74231e-15 6.35263e-15 4.61482e-15 3.35143e-15 2.43322e-15 1.76609e-15 1.28152e-15 9.2965e-16
0.00186 0.00106837 0.000973201 0.000863605 0.000750989 0.000642546 0.000542465 0.000452853 0.000374426 0.000307006 0.000249887 0.000202075 0.000162461 0.000129928 0.000103416 8.19552e-05 6.4689e-05 5.08724e-05 3.98705e-05 3.11489e-05 2.42632e-05 1.88474e-05 1.46026e-05 1.12861e-05 8.70285e-06 6.69628e-06 5.14176e-06 3.94041e-06 3.01415e-06 2.30156e-06 1.75448e-06 1.33529e-06 1.0147e-06 7.6994e-07 5.83399e-07 4.41456e-07 3.33615e-07 2.51802e-07 1.89825e-07 1.42936e-07 1.07509e-07 8.07762e-08 6.06272e-08 4.54585e-08 3.40518e-08 2.54833e-08 1.90535e-08 1.42335e-08 1.06236e-08 7.92272e-09 5.90371e-09 4.39576e-09 3.27049e-09 2.43147e-09 1.80639e-09 1.34106e-09 9.94917e-10 7.37627e-10 5.46518e-10 4.04666e-10 2.99447e-10 2.21453e-10 1.63677e-10 1.20905e-10 8.92596e-11 6.58609e-11 4.85699e-11 3.57997e-11 2.63735e-11 1.94195e-11 1.4292e-11 1.05133e-11 7.73005e-12 5.68098e-12 4.17318e-12 3.06421e-12 2.24896e-12 1.6499e-12 1.20991e-12 8.86889e-13 6.49846e-13 4.7597e-13 3.48482e-13 2.55044e-13 1.8659e-13 1.36458e-13 9.97596e-14 7.29046e-14 5.32603e-14 3.88959e-14 2.83959e-14 2.07236e-14 1.51193e-14 1.1027e-14 8.03985e-15 5.86006e-15 4.26995e-15 3.11038e-15 2.26503e-15 1.64895e-15 1.2001e-15
0.00129522 0.000781555 0.000725459 0.000654305 0.000577265 0.000500435 0.000427637 0.000361049 0.00030171 0.000249887 0.000205353 0.000167592 0.00013593 0.000109636 8.79815e-05 7.02788e-05 5.59008e-05 4.4291e-05 3.49658e-05 2.75114e-05 2.15786e-05 1.68757e-05 1.31616e-05 1.02385e-05 7.94521e-06 6.15145e-06 4.75231e-06 3.66384e-06 2.81914e-06 2.16514e-06 1.65991e-06 1.27041e-06 9.70735e-07 7.40598e-07 5.6418e-07 4.29173e-07 3.26026e-07 2.47342e-07 1.8741e-07 1.41827e-07 1.07204e-07 8.0941e-08 6.10449e-08 4.59906e-08 3.46133e-08 2.60247e-08 1.95483e-08 1.46699e-08 1.0999e-08 8.23939e-09 6.16692e-09 4.61192e-09 3.44623e-09 2.57316e-09 1.91982e-09 1.4313e-09 1.06631e-09 7.93844e-10 5.90591e-10 4.39085e-10 3.26232e-10 2.42229e-10 1.79745e-10 1.33298e-10 9.87947e-11 7.31797e-11 5.41753e-11 4.0084e-11 2.96418e-11 2.19083e-11 1.6184e-11 1.19493e-11 8.81826e-12 6.50445e-12 4.79547e-12 3.53384e-12 2.60294e-12 1.91639e-12 1.4103e-12 1.03742e-12 7.62794e-13 5.60636e-13 4.11885e-13 3.02479e-13 2.22046e-13 1.62938e-13 1.19518e-13 8.76362e-14 6.42351e-14 4.70656e-14 3.44731e-14 2.52408e-14 1.84747e-14 1.35177e-14 9.88744e-15 7.22972e-15 5.28468e-15 3.86169e-15 2.82097e-15 2.06009e-15 1.50398e-15
0.000901934 0.000570414 0.000539198 0.00049398 0.00044191 0.000387951 0.000335386 0.000286243 0.000241644 0.000202075 0.000167592 0.000137979 0.000112857 9.17674e-05 7.42212e-05 5.97382e-05 4.78671e-05 3.81975e-05 3.03656e-05 2.40543e-05 1.89921e-05 1.49491e-05 1.17329e-05 9.18364e-06 7.16993e-06 5.58426e-06 4.33933e-06 3.36464e-06 2.60351e-06 2.01062e-06 1.54985e-06 1.19254e-06 9.16045e-07 7.02509e-07 5.37908e-07 4.11257e-07 3.13973e-07 2.3937e-07 1.8225e-07 1.38583e-07 1.05248e-07 7.98357e-08 6.04895e-08 4.57803e-08 3.46106e-08 2.61388e-08 1.97207e-08 1.4864e-08 1.11927e-08 8.42038e-09 6.32908e-09 4.75304e-09 3.56644e-09 2.67387e-09 2.00309e-09 1.49941e-09 1.12153e-09 8.38261e-10 6.26088e-10 4.6729e-10 3.48529e-10 2.59778e-10 1.935e-10 1.44039e-10 1.07155e-10 7.96668e-11 5.91949e-11 4.3958e-11 3.26245e-11 2.41996e-11 1.79405e-11 1.32932e-11 9.84456e-12 7.28686e-12 5.39096e-12 3.98637e-12 2.94632e-12 2.17658e-12 1.6072e-12 1.18622e-12 8.75116e-13 6.45321e-13 4.75662e-13 3.50459e-13 2.58105e-13 1.9001e-13 1.39824e-13 1.02853e-13 7.56278e-14 5.5588e-14 4.0843e-14 2.99981e-14 2.20249e-14 1.6165e-14 1.18601e-14 8.69856e-15 6.37764e-15 4.67441e-15 3.42491e-15 2.5086e-15 1.83685e-15
0.000628066 0.000415438 0.000399693 0.000371748 0.000337042 0.000299496 0.000261822 0.000225793 0.000192485 0.000162461 0.00013593 0.000112857 9.30585e-05 7.62595e-05 6.21435e-05 5.03823e-05 4.0656e-05 3.26662e-05 2.6142e-05 2.08435e-05 1.65616e-05 1.3117e-05 1.03575e-05 8.15528e-06 6.40413e-06 5.0163e-06 3.91983e-06 3.05608e-06 2.37753e-06 1.84586e-06 1.43028e-06 1.1062e-06 8.54022e-07 6.58211e-07 5.06467e-07 3.89094e-07 2.98473e-07 2.28626e-07 1.7488e-07 1.3359e-07 1.01916e-07 7.76548e-08 5.90977e-08 4.49228e-08 3.41093e-08 2.58705e-08 1.96009e-08 1.48355e-08 1.12176e-08 8.47373e-09 6.39505e-09 4.8219e-09 3.63252e-09 2.73416e-09 2.05625e-09 1.54516e-09 1.16019e-09 8.70453e-10 6.52583e-10 4.88885e-10 3.65987e-10 2.73792e-10 2.04682e-10 1.52914e-10 1.14165e-10 8.51809e-11 6.35155e-11 4.73318e-11 3.52506e-11 2.62378e-11 1.95182e-11 1.45114e-11 1.0783e-11 8.00827e-12 5.94441e-12 4.41016e-12 3.27025e-12 2.42377e-12 1.79552e-12 1.32948e-12 9.83947e-13 7.27881e-13 5.38212e-13 3.9779e-13 2.93876e-13 2.17015e-13 1.60189e-13 1.18194e-13 8.71729e-14 6.42679e-14 4.73627e-14 3.48908e-14 2.56933e-14 1.89133e-14 1.39173e-14 1.02373e-14 7.52763e-15 5.53325e-15 4.06586e-15 2.9866e-15 2.19308e-15
0.000437357 0.000301985 0.000295562 0.000278947 0.000256195 0.000230334 0.000203539 0.000177299 0.000152574 0.000129928 0.000109636 9.17674e-05 7.62595e-05 6.29629e-05 5.16806e-05 4.21938e-05 3.42802e-05 2.77255e-05 2.23309e-05 1.79165e-05 1.4323e-05 1.14118e-05 9.06364e-06 7.17734e-06 5.66775e-06 4.46388e-06 3.50696e-06 2.74866e-06 2.14948e-06 1.67733e-06 1.30623e-06 1.01525e-06 7.87626e-07 6.09951e-07 4.71551e-07 3.63959e-07 2.80475e-07 2.15814e-07 1.65819e-07 1.27228e-07 9.7486e-08 7.45997e-08 5.70146e-08 4.35218e-08 3.31831e-08 2.52716e-08 1.92252e-08 1.46098e-08 1.10909e-08 8.41111e-09 6.37259e-09 4.82355e-09 3.64768e-09 2.75599e-09 2.08046e-09 1.56918e-09 1.18257e-09 8.9049e-10 6.70026e-10 5.03757e-10 3.78465e-10 2.84128e-10 2.13154e-10 1.59797e-10 1.19716e-10 8.9628e-11 6.70586e-11 5.01405e-11 3.74674e-11 2.79804e-11 2.08832e-11 1.5577e-11 1.16125e-11 8.65214e-12 6.44292e-12 4.79522e-12 3.56702e-12 2.65203e-12 1.97075e-12 1.46375e-12 1.08665e-12 8.06318e-13 5.98023e-13 4.43331e-13 3.28505e-13 2.4331e-13 1.80132e-13 1.333e-13 9.86028e-14 7.29065e-14 5.38847e-14 3.98097e-14 2.93996e-14 2.17032e-14 1.60154e-14 1.18138e-14 8.71125e-15 6.42113e-15 4.73136e-15 3.48503e-15 2.5661e-15
0.000304556 0.000219127 0.000218074 0.000208754 0.000194143 0.000176533 0.000157628 0.000138643 0.0001204 0.000103416 8.79815e-05 7.42212e-05 6.21435e-05 5.16806e-05 4.27171e-05 3.51121e-05 2.87141e-05 2.3372e-05 1.89413e-05 1.52889e-05 1.22946e-05 9.85214e-06 7.86902e-06 6.26572e-06 4.97462e-06 3.93873e-06 3.11047e-06 2.45034e-06 1.92581e-06 1.5102e-06 1.18177e-06 9.22902e-07 7.19347e-07 5.59652e-07 4.34638e-07 3.36977e-07 2.60833e-07 2.01579e-07 1.5555e-07 1.19857e-07 9.22253e-08 7.08675e-08 5.43848e-08 4.1683e-08 3.19087e-08 2.43976e-08 1.86332e-08 1.42149e-08 1.08326e-08 8.24653e-09 6.27144e-09 4.7647e-09 3.61649e-09 2.74243e-09 2.07773e-09 1.57275e-09 1.18948e-09 8.98857e-10 6.78687e-10 5.12039e-10 3.8601e-10 2.90781e-10 2.18883e-10 1.64643e-10 1.23756e-10 9.29593e-11 6.9779e-11 5.23443e-11 3.92405e-11 2.93985e-11 2.20113e-11 1.64704e-11 1.2317e-11 9.20561e-12 6.87627e-12 5.13347e-12 3.83028e-12 2.85639e-12 2.129e-12 1.58602e-12 1.18092e-12 8.78856e-13 6.53735e-13 4.86045e-13 3.61199e-13 2.68297e-13 1.99199e-13 1.4783e-13 1.0966e-13 8.13101e-14 6.02638e-14 4.46464e-14 3.30627e-14 2.44744e-14 1.81098e-14 1.33951e-14 9.90396e-15 7.31993e-15 5.40806e-15 3.99408e-15 2.94872e-15
0.000212079 0.000158745 0.000160571 0.000155842 0.000146705 0.00013487 0.000121648 0.000108005 9.46228e-05 8.19552e-05 7.02788e-05 5.97382e-05 5.03823e-05 4.21938e-05 3.51121e-05 2.90503e-05 2.39079e-05 1.95801e-05 1.59636e-05 1.29608e-05 1.04819e-05 8.44641e-06 6.78303e-06 5.42982e-06 4.33349e-06 3.44869e-06 2.73717e-06 2.16691e-06 1.71131e-06 1.34838e-06 1.0601e-06 8.31699e-07 6.51205e-07 5.08905e-07 3.9697e-07 3.0911e-07 2.4029e-07 1.86488e-07 1.44506e-07 1.11806e-07 8.63804e-08 6.66432e-08 5.13462e-08 3.95086e-08 3.03617e-08 2.33039e-08 1.78655e-08 1.36805e-08 1.04641e-08 7.99533e-09 6.10256e-09 4.65312e-09 3.54442e-09 2.69729e-09 2.0507e-09 1.55768e-09 1.18214e-09 8.96361e-10 6.79092e-10 5.14063e-10 3.88826e-10 2.93868e-10 2.2193e-10 1.67477e-10 1.26292e-10 9.51669e-11 7.16626e-11 5.39265e-11 4.05528e-11 3.04758e-11 2.28881e-11 1.71788e-11 1.28857e-11 9.6597e-12 7.23705e-12 5.41886e-12 4.05516e-12 3.03295e-12 2.26718e-12 1.69385e-12 1.26483e-12 9.43993e-13 7.0418e-13 5.25028e-13 3.91263e-13 2.91438e-13 2.16979e-13 1.61469e-13 1.20105e-13 8.92973e-14 6.63627e-14 4.92971e-14 3.66044e-14 2.71683e-14 2.01563e-14 1.4948e-14 1.10811e-14 8.21125e-15 6.0823e-15 4.5036e-15 3.33341e-15
0.000147682 0.000114829 0.000118007 0.000116079 0.000110571 0.00010274 9.3579e-05 8.3844e-05 7.40863e-05 6.4689e-05 5.59008e-05 4.78671e-05 4.0656e-05 3.42802e-05 2.87141e-05 2.39079e-05 1.9797e-05 1.63104e-05 1.33753e-05 1.09209e-05 8.8811e-06 7.19513e-06 5.8087e-06 4.67392e-06 3.74911e-06 2.99844e-06 2.39141e-06 1.90224e-06 1.50935e-06 1.19475e-06 9.43576e-07 7.43594e-07 5.84783e-07 4.58979e-07 3.59556e-07 2.81156e-07 2.19468e-07 1.71026e-07 1.33061e-07 1.03362e-07 8.01719e-08 6.20943e-08 4.80257e-08 3.70943e-08 2.86136e-08 2.20439e-08 1.69617e-08 1.30357e-08 1.00069e-08 7.67325e-09 5.87742e-09 4.49713e-09 3.43746e-09 2.62487e-09 2.00242e-09 1.52613e-09 1.16206e-09 8.8405e-10 6.71962e-10 5.10319e-10 3.87238e-10 2.93604e-10 2.22434e-10 1.68385e-10 1.27373e-10 9.62787e-11 7.27226e-11 5.4891e-11 4.1403e-11 3.12082e-11 2.35081e-11 1.76964e-11 1.3313e-11 1.00091e-11 7.5206e-12 5.64739e-12 4.23826e-12 3.17891e-12 2.383e-12 1.78537e-12 1.33689e-12 1.00053e-12 7.48411e-13 5.59532e-13 4.1811e-13 3.12277e-13 2.33118e-13 1.73942e-13 1.29726e-13 9.67053e-14 7.20566e-14 5.36664e-14 3.99521e-14 2.97295e-14 2.21131e-14 1.6441e-14 1.22188e-14 9.07717e-15 6.74059e-15 5.0035e-15 3.71261e-15
0.000102839 8.29461e-05 8.65736e-05 8.628e-05 8.31361e-05 7.80532e-05 7.17736e-05 6.48788e-05 5.78066e-05 5.08724e-05 4.4291e-05 3.81975e-05 3.26662e-05 2.77255e-05 2.3372e-05 1.95801e-05 1.63104e-05 1.3516e-05 1.11464e-05 9.15117e-06 7.48189e-06 6.09336e-06 4.94447e-06 3.9985e-06 3.22311e-06 2.59019e-06 2.07558e-06 1.65869e-06 1.3221e-06 1.05123e-06 8.33889e-07 6.60007e-07 5.21267e-07 4.10849e-07 3.23187e-07 2.53752e-07 1.98875e-07 1.55595e-07 1.21531e-07 9.47722e-08 7.37905e-08 5.73681e-08 4.45362e-08 3.45262e-08 2.67299e-08 2.06671e-08 1.59592e-08 1.23086e-08 9.48182e-09 7.29579e-09 5.60746e-09 4.30513e-09 3.30177e-09 2.52965e-09 1.93615e-09 1.48045e-09 1.13093e-09 8.6313e-10 6.5815e-10 5.01408e-10 3.81667e-10 2.90278e-10 2.20591e-10 1.675e-10 1.27088e-10 9.63519e-11 7.2995e-11 5.52598e-11 4.18037e-11 3.16022e-11 2.38738e-11 1.80234e-11 1.35977e-11 1.02522e-11 7.72489e-12 5.81702e-12 4.3777e-12 3.29256e-12 2.47495e-12 1.85931e-12 1.39603e-12 1.0476e-12 7.85715e-13 5.88982e-13 4.41278e-13 3.30445e-13 2.47325e-13 1.85021e-13 1.38345e-13 1.03394e-13 7.7237e-14 5.76704e-14 4.30411e-14 3.21084e-14 2.3942e-14 1.7845e-14 1.32949e-14 9.9008e-15 7.37014e-15 5.48408e-15 4.07903e-15
7.16127e-05 5.98382e-05 6.34094e-05 6.40061e-05 6.23688e-05 5.91501e-05 5.48979e-05 5.00538e-05 4.49599e-05 3.98705e-05 3.49658e-05 3.03656e-05 2.6142e-05 2.23309e-05 1.89413e-05 1.59636e-05 1.33753e-05 1.11464e-05 9.24278e-06 7.62898e-06 6.26997e-06 5.13242e-06 4.1855e-06 3.40127e-06 2.75481e-06 2.22424e-06 1.79053e-06 1.43736e-06 1.15077e-06 9.18986e-07 7.32117e-07 5.81903e-07 4.61492e-07 3.65226e-07 2.88457e-07 2.27384e-07 1.78909e-07 1.40516e-07 1.10173e-07 8.62387e-08 6.73964e-08 5.25898e-08 4.09751e-08 3.18797e-08 2.47687e-08 1.9218e-08 1.48918e-08 1.15249e-08 8.9083e-09 6.87758e-09 5.30365e-09 4.08533e-09 3.14345e-09 2.41615e-09 1.85521e-09 1.42308e-09 1.09053e-09 8.34894e-10 6.38591e-10 4.88e-10 3.72592e-10 2.84232e-10 2.16643e-10 1.64991e-10 1.25553e-10 9.54668e-11 7.25344e-11 5.50692e-11 4.17786e-11 3.16729e-11 2.39946e-11 1.81653e-11 1.37428e-11 1.03901e-11 7.8503e-12 5.92754e-12 4.47293e-12 3.37321e-12 2.54234e-12 1.915e-12 1.44163e-12 1.08465e-12 8.15616e-13 6.12976e-13 4.60434e-13 3.4567e-13 2.59377e-13 1.94526e-13 1.45817e-13 1.0925e-13 8.1814e-14 6.12385e-14 4.58161e-14 3.42618e-14 2.56098e-14 1.9134e-14 1.42894e-14 1.06668e-14 7.95923e-15 5.9364e-15 4.42584e-15
4.98679e-05 4.31158e-05 4.63725e-05 4.73962e-05 4.66917e-05 4.47206e-05 4.18827e-05 3.85093e-05 3.48641e-05 3.11489e-05 2.75114e-05 2.40543e-05 2.08435e-05 1.79165e-05 1.52889e-05 1.29608e-05 1.09209e-05 9.15117e-06 7.62898e-06 6.32983e-06 5.22873e-06 4.30137e-06 3.52484e-06 2.87802e-06 2.34187e-06 1.89947e-06 1.53595e-06 1.23841e-06 9.95775e-07 7.9859e-07 6.38861e-07 5.0987e-07 4.06001e-07 3.22592e-07 2.55786e-07 2.02412e-07 1.59869e-07 1.26035e-07 9.91866e-08 7.79244e-08 6.11196e-08 4.78629e-08 3.74242e-08 2.92189e-08 2.278e-08 1.77355e-08 1.37895e-08 1.07076e-08 8.30399e-09 6.43206e-09 4.9762e-09 3.84543e-09 2.96828e-09 2.28871e-09 1.76285e-09 1.35642e-09 1.04264e-09 8.00658e-10 6.14252e-10 4.70805e-10 3.60529e-10 2.75838e-10 2.10859e-10 1.61051e-10 1.22906e-10 9.37206e-11 7.14089e-11 5.43668e-11 4.13606e-11 3.14426e-11 2.38856e-11 1.8132e-11 1.37548e-11 1.04271e-11 7.89925e-12 5.98031e-12 4.52463e-12 3.42112e-12 2.58515e-12 1.95228e-12 1.47346e-12 1.11143e-12 8.37866e-13 6.31283e-13 4.75372e-13 3.57772e-13 2.69121e-13 2.02331e-13 1.52038e-13 1.14188e-13 8.57181e-14 6.43149e-14 4.82326e-14 3.61546e-14 2.70884e-14 2.02863e-14 1.51854e-14 1.1362e-14 8.49755e-15 6.35249e-15 4.74689e-15
3.47258e-05 3.10317e-05 3.38648e-05 3.50372e-05 3.48872e-05 3.37376e-05 3.18768e-05 2.95508e-05 2.69603e-05 2.42632e-05 2.15786e-05 1.89921e-05 1.65616e-05 1.4323e-05 1.22946e-05 1.04819e-05 8.8811e-06 7.48189e-06 6.26997e-06 5.22873e-06 4.34063e-06 3.5881e-06 2.95427e-06 2.42335e-06 1.98087e-06 1.61382e-06 1.31067e-06 1.06131e-06 8.56969e-07 6.90119e-07 5.54336e-07 4.44185e-07 3.55094e-07 2.83241e-07 2.25445e-07 1.79076e-07 1.41965e-07 1.12332e-07 8.87233e-08 6.99538e-08 5.5062e-08 4.32699e-08 3.39498e-08 2.65968e-08 2.08057e-08 1.62524e-08 1.26782e-08 9.87678e-09 7.68443e-09 5.97122e-09 4.6343e-09 3.59245e-09 2.78162e-09 2.15139e-09 1.66214e-09 1.28278e-09 9.88989e-10 7.61715e-10 5.86094e-10 4.50533e-10 3.46004e-10 2.65484e-10 2.03522e-10 1.55885e-10 1.19298e-10 9.12214e-11 6.96963e-11 5.32082e-11 4.05891e-11 3.09393e-11 2.35662e-11 1.79371e-11 1.36428e-11 1.03693e-11 7.87593e-12 5.97807e-12 4.53455e-12 3.43737e-12 2.60401e-12 1.97147e-12 1.49167e-12 1.12796e-12 8.52431e-13 6.43834e-13 4.86006e-13 3.66664e-13 2.76475e-13 2.08357e-13 1.5694e-13 1.18149e-13 8.89005e-14 6.6859e-14 5.02574e-14 3.77597e-14 2.83562e-14 2.12844e-14 1.59689e-14 1.19753e-14 8.97644e-15 6.72555e-15 5.03688e-15
2.41815e-05 2.23109e-05 2.46977e-05 2.58597e-05 2.60196e-05 2.54e-05 2.42071e-05 2.26214e-05 2.07942e-05 1.88474e-05 1.68757e-05 1.49491e-05 1.3117e-05 1.14118e-05 9.85214e-06 8.44641e-06 7.19513e-06 6.09336e-06 5.13242e-06 4.30137e-06 3.5881e-06 2.98009e-06 2.46503e-06 2.03119e-06 1.66768e-06 1.36458e-06 1.11298e-06 9.05005e-07 7.33768e-07 5.93296e-07 4.7846e-07 3.84888e-07 3.08877e-07 2.47311e-07 1.97584e-07 1.57524e-07 1.25334e-07 9.95286e-08 7.88892e-08 6.24177e-08 4.93e-08 3.88741e-08 3.06037e-08 2.40553e-08 1.88796e-08 1.4796e-08 1.15792e-08 9.04943e-09 7.06295e-09 5.50544e-09 4.28603e-09 3.33265e-09 2.58829e-09 2.00787e-09 1.55588e-09 1.20432e-09 9.31209e-10 7.19291e-10 5.55042e-10 4.27878e-10 3.29533e-10 2.53555e-10 1.94917e-10 1.49706e-10 1.14882e-10 8.80832e-11 6.74799e-11 5.16537e-11 3.95079e-11 3.01944e-11 2.30589e-11 1.75965e-11 1.34183e-11 1.02248e-11 7.78589e-12 5.92464e-12 4.50529e-12 3.4237e-12 2.60008e-12 1.97333e-12 1.49672e-12 1.13453e-12 8.59467e-13 6.50705e-13 4.92364e-13 3.7234e-13 2.81417e-13 2.12578e-13 1.60492e-13 1.21103e-13 9.13328e-14 6.88455e-14 5.18684e-14 3.90583e-14 2.93974e-14 2.21154e-14 1.66293e-14 1.24982e-14 9.38902e-15 7.0501e-15 5.29145e-15
1.68389e-05 1.6025e-05 1.79896e-05 1.90576e-05 1.93727e-05 1.90864e-05 1.83442e-05 1.72775e-05 1.59992e-05 1.46026e-05 1.31616e-05 1.17329e-05 1.03575e-05 9.06364e-06 7.86902e-06 6.78303e-06 5.8087e-06 4.94447e-06 4.1855e-06 3.52484e-06 2.95427e-06 2.46503e-06 2.04822e-06 1.69521e-06 1.39787e-06 1.14867e-06 9.4079e-07 7.68126e-07 6.25294e-07 5.07588e-07 4.10934e-07 3.31833e-07 2.67304e-07 2.14819e-07 1.72253e-07 1.37825e-07 1.1005e-07 8.76982e-08 6.97529e-08 5.53778e-08 4.38873e-08 3.47215e-08 2.74247e-08 2.16268e-08 1.70283e-08 1.33876e-08 1.05101e-08 8.23946e-09 6.45063e-09 5.04351e-09 3.93828e-09 3.07143e-09 2.39248e-09 1.86143e-09 1.4466e-09 1.12296e-09 8.70782e-10 6.74521e-10 5.21957e-10 4.03494e-10 3.11611e-10 2.40422e-10 1.85323e-10 1.42721e-10 1.09814e-10 8.44212e-11 6.48447e-11 4.97662e-11 3.81629e-11 2.92416e-11 2.23883e-11 1.71281e-11 1.3094e-11 1.00027e-11 7.63568e-12 5.82469e-12 4.44014e-12 3.38241e-12 2.57494e-12 1.95895e-12 1.48937e-12 1.13163e-12 8.59295e-13 6.521e-13 4.9457e-13 3.74875e-13 2.83985e-13 2.1501e-13 1.62697e-13 1.23044e-13 9.30061e-14 7.02636e-14 5.30547e-14 4.004e-14 3.02026e-14 2.27709e-14 1.71594e-14 1.29246e-14 9.73027e-15 7.322e-15 5.50725e-15
1.17258e-05 1.14994e-05 1.30879e-05 1.40249e-05 1.44005e-05 1.43162e-05 1.38738e-05 1.31678e-05 1.22817e-05 1.12861e-05 1.02385e-05 9.18364e-06 8.15528e-06 7.17734e-06 6.26572e-06 5.42982e-06 4.67392e-06 3.9985e-06 3.40127e-06 2.87802e-06 2.42335e-06 2.03119e-06 1.69521e-06 1.40913e-06 1.1669e-06 9.62869e-07 7.91833e-07 6.49098e-07 5.3048e-07 4.32289e-07 3.51306e-07 2.84746e-07 2.30219e-07 1.85688e-07 1.49427e-07 1.19983e-07 9.61373e-08 7.68745e-08 6.13512e-08 4.88705e-08 3.88582e-08 3.08432e-08 2.444e-08 1.93345e-08 1.52714e-08 1.20438e-08 9.48424e-09 7.45795e-09 5.85642e-09 4.5926e-09 3.5968e-09 2.81333e-09 2.1978e-09 1.71487e-09 1.33649e-09 1.04042e-09 8.09032e-10 6.28426e-10 4.87624e-10 3.7798e-10 2.92696e-10 2.26433e-10 1.75004e-10 1.3513e-10 1.04245e-10 8.0348e-11 6.1875e-11 4.76085e-11 3.66009e-11 2.81154e-11 2.15799e-11 1.65507e-11 1.26837e-11 9.713e-12 7.43258e-12 5.68345e-12 4.34287e-12 3.3162e-12 2.53051e-12 1.92968e-12 1.47054e-12 1.11993e-12 8.52371e-13 6.4833e-13 4.92832e-13 3.74405e-13 2.84268e-13 2.15706e-13 1.63588e-13 1.23992e-13 9.39289e-14 7.11163e-14 5.38154e-14 4.07021e-14 3.07682e-14 2.3247e-14 1.75556e-14 1.3251e-14 9.99705e-15 7.53854e-15 5.68196e-15
8.16535e-06 8.2446e-06 9.51124e-06 1.03075e-05 1.06882e-05 1.072e-05 1.04732e-05 1.00154e-05 9.40759e-06 8.70285e-06 7.94521e-06 7.16993e-06 6.40413e-06 5.66775e-06 4.97462e-06 4.33349e-06 3.74911e-06 3.22311e-06 2.75481e-06 2.34187e-06 1.98087e-06 1.66768e-06 1.39787e-06 1.1669e-06 9.70332e-07 8.03932e-07 6.63772e-07 5.46258e-07 4.48155e-07 3.66587e-07 2.99023e-07 2.43258e-07 1.97386e-07 1.59773e-07 1.29023e-07 1.03958e-07 8.35809e-08 6.70588e-08 5.36953e-08 4.29122e-08 3.4231e-08 2.72573e-08 2.16668e-08 1.71942e-08 1.36228e-08 1.07764e-08 8.51183e-09 6.7133e-09 5.28727e-09 4.15841e-09 3.26619e-09 2.56206e-09 2.00719e-09 1.57056e-09 1.22744e-09 9.58162e-10 7.47111e-10 5.81904e-10 4.5274e-10 3.51877e-10 2.73204e-10 2.11908e-10 1.64205e-10 1.27118e-10 9.83162e-11 7.59708e-11 5.86517e-11 4.52415e-11 3.48676e-11 2.685e-11 2.06592e-11 1.5883e-11 1.22015e-11 9.36612e-12 7.18421e-12 5.50653e-12 4.21757e-12 3.22804e-12 2.46895e-12 1.88708e-12 1.44137e-12 1.10021e-12 8.39257e-13 6.39791e-13 4.87428e-13 3.71122e-13 2.82398e-13 2.14757e-13 1.63223e-13 1.23985e-13 9.41258e-14 7.14182e-14 5.41593e-14 4.10491e-14 3.1096e-14 2.3544e-14 1.7817e-14 1.34762e-14 1.0188e-14 7.69831e-15 5.81424e-15
5.68599e-06 5.90618e-06 6.90472e-06 7.56595e-06 7.92141e-06 8.01424e-06 7.89225e-06 7.60314e-06 7.19134e-06 6.69628e-06 6.15145e-06 5.58426e-06 5.0163e-06 4.46388e-06 3.93873e-06 3.44869e-06 2.99844e-06 2.59019e-06 2.22424e-06 1.89947e-06 1.61382e-06 1.36458e-06 1.14867e-06 9.62869e-07 8.03932e-07 6.6873e-07 5.54306e-07 4.57928e-07 3.77108e-07 3.09618e-07 2.53476e-07 2.06947e-07 1.68517e-07 1.36881e-07 1.10917e-07 8.96718e-08 7.2336e-08 5.82281e-08 4.67761e-08 3.75026e-08 3.00107e-08 2.39716e-08 1.9114e-08 1.52148e-08 1.20911e-08 9.59333e-09 7.59982e-09 6.01155e-09 4.74831e-09 3.74524e-09 2.95002e-09 2.32057e-09 1.82306e-09 1.43042e-09 1.12097e-09 8.77422e-10 6.85993e-10 5.35723e-10 4.1791e-10 3.25655e-10 2.53501e-10 1.97132e-10 1.53144e-10 1.18856e-10 9.2157e-11 7.13889e-11 5.52507e-11 4.27227e-11 3.30066e-11 2.54785e-11 1.96509e-11 1.51439e-11 1.16612e-11 8.97245e-12 6.89832e-12 5.29967e-12 4.06849e-12 3.12106e-12 2.39256e-12 1.83282e-12 1.40307e-12 1.07337e-12 8.20595e-13 6.26943e-13 4.78686e-13 3.6526e-13 2.78538e-13 2.12278e-13 1.61684e-13 1.23077e-13 9.36344e-14 7.11948e-14 5.41028e-14 4.10916e-14 3.11926e-14 2.36658e-14 1.79458e-14 1.36013e-14 1.03034e-14 7.80118e-15 5.90376e-15
3.95947e-06 4.22771e-06 5.00751e-06 5.54696e-06 5.86286e-06 5.9823e-06 5.93738e-06 5.76147e-06 5.48657e-06 5.14176e-06 4.75231e-06 4.33933e-06 3.91983e-06 3.50696e-06 3.11047e-06 2.73717e-06 2.39141e-06 2.07558e-06 1.79053e-06 1.53595e-06 1.31067e-06 1.11298e-06 9.4079e-07 7.91833e-07 6.63772e-07 5.54306e-07 4.61228e-07 3.82472e-07 3.16138e-07 2.60505e-07 2.14034e-07 1.75361e-07 1.43293e-07 1.1679e-07 9.49563e-08 7.70234e-08 6.23366e-08 5.03411e-08 4.05694e-08 3.26289e-08 2.61919e-08 2.09856e-08 1.67839e-08 1.34002e-08 1.06806e-08 8.49912e-09 6.75254e-09 5.35669e-09 4.24309e-09 3.35616e-09 2.65093e-09 2.09105e-09 1.64724e-09 1.29596e-09 1.01833e-09 7.99197e-10 6.2648e-10 4.90524e-10 3.83641e-10 2.99719e-10 2.33905e-10 1.82352e-10 1.42017e-10 1.10494e-10 8.58845e-11 6.66926e-11 5.17414e-11 4.01054e-11 3.10586e-11 2.40317e-11 1.85787e-11 1.43511e-11 1.10764e-11 8.54214e-12 6.58253e-12 5.06857e-12 3.89987e-12 2.99843e-12 2.30368e-12 1.76865e-12 1.35693e-12 1.04034e-12 7.97075e-13 6.10291e-13 4.66973e-13 3.57083e-13 2.72882e-13 2.08406e-13 1.59069e-13 1.21338e-13 9.25034e-14 7.048e-14 5.36695e-14 4.08457e-14 3.1069e-14 2.36195e-14 1.79467e-14 1.36292e-14 1.0345e-14 7.8482e-15 5.95102e-15
2.75719e-06 3.024e-06 3.62816e-06 4.06214e-06 4.33365e-06 4.45908e-06 4.45965e-06 4.35841e-06 4.17824e-06 3.94041e-06 3.66384e-06 3.36464e-06 3.05608e-06 2.74866e-06 2.45034e-06 2.16691e-06 1.90224e-06 1.65869e-06 1.43736e-06 1.23841e-06 1.06131e-06 9.05005e-07 7.68126e-07 6.49098e-07 5.46258e-07 4.57928e-07 3.82472e-07 3.18339e-07 2.64086e-07 2.18392e-07 1.80065e-07 1.48041e-07 1.21381e-07 9.92631e-08 8.09732e-08 6.58954e-08 5.35021e-08 4.33439e-08 3.50398e-08 2.82688e-08 2.27613e-08 1.82919e-08 1.46732e-08 1.17495e-08 9.39225e-09 7.49546e-09 5.97211e-09 4.75095e-09 3.77378e-09 2.99321e-09 2.37071e-09 1.87507e-09 1.48107e-09 1.16832e-09 9.20449e-10 7.24267e-10 5.69211e-10 4.46825e-10 3.50352e-10 2.74402e-10 2.14682e-10 1.67781e-10 1.3099e-10 1.02163e-10 7.96012e-11 6.19618e-11 4.81856e-11 3.74376e-11 2.90606e-11 2.25381e-11 1.74643e-11 1.35213e-11 1.04598e-11 8.08484e-12 6.24415e-12 4.81876e-12 3.71589e-12 2.86327e-12 2.20466e-12 1.69631e-12 1.30424e-12 1.0021e-12 7.69415e-13 5.90363e-13 4.52678e-13 3.46878e-13 2.65636e-13 2.03293e-13 1.55486e-13 1.18848e-13 9.07897e-14 6.93145e-14 5.28884e-14 4.03319e-14 3.07393e-14 2.34153e-14 1.78266e-14 1.35645e-14 1.0316e-14 7.8414e-15 5.95735e-15
1.91999e-06 2.1615e-06 2.6264e-06 2.97159e-06 3.19935e-06 3.31914e-06 3.34465e-06 3.29166e-06 3.17634e-06 3.01415e-06 2.81914e-06 2.60351e-06 2.37753e-06 2.14948e-06 1.92581e-06 1.71131e-06 1.50935e-06 1.3221e-06 1.15077e-06 9.95775e-07 8.56969e-07 7.33768e-07 6.25294e-07 5.3048e-07 4.48155e-07 3.77108e-07 3.16138e-07 2.64086e-07 2.19862e-07 1.82459e-07 1.50958e-07 1.24533e-07 1.02449e-07 8.40572e-08 6.8792e-08 5.61619e-08 4.57434e-08 3.71738e-08 3.01444e-08 2.43933e-08 1.96997e-08 1.58785e-08 1.27746e-08 1.02588e-08 8.22409e-09 6.58179e-09 5.25882e-09 4.19511e-09 3.3414e-09 2.65745e-09 2.11044e-09 1.67366e-09 1.32546e-09 1.04831e-09 8.2803e-10 6.53215e-10 5.14675e-10 4.05032e-10 3.18376e-10 2.49974e-10 1.96051e-10 1.53593e-10 1.20203e-10 9.39744e-11 7.33948e-11 5.72655e-11 4.46376e-11 3.47616e-11 2.70456e-11 2.10233e-11 1.63276e-11 1.26697e-11 9.82297e-12 7.60953e-12 5.89004e-12 4.55546e-12 3.52051e-12 2.7186e-12 2.09777e-12 1.61752e-12 1.24631e-12 9.59601e-13 7.38334e-13 5.67696e-13 4.362e-13 3.34941e-13 2.5702e-13 1.971e-13 1.51054e-13 1.15693e-13 8.85566e-14 6.77442e-14 5.17926e-14 3.9574e-14 3.02207e-14 2.30651e-14 1.7594e-14 1.34134e-14 1.02206e-14 7.78371e-15 5.92475e-15
1.33699e-06 1.54397e-06 1.89961e-06 2.17159e-06 2.35918e-06 2.46738e-06 2.50483e-06 2.48215e-06 2.41068e-06 2.30156e-06 2.16514e-06 2.01062e-06 1.84586e-06 1.67733e-06 1.5102e-06 1.34838e-06 1.19475e-06 1.05123e-06 9.18986e-07 7.9859e-07 6.90119e-07 5.93296e-07 5.07588e-07 4.32289e-07 3.66587e-07 3.09618e-07 2.60505e-07 2.18392e-07 1.82459e-07 1.51943e-07 1.26138e-07 1.04405e-07 8.61731e-08 7.09326e-08 5.82364e-08 4.76941e-08 3.89671e-08 3.17641e-08 2.58356e-08 2.0969e-08 1.69843e-08 1.37297e-08 1.10776e-08 8.92134e-09 7.17202e-09 5.75579e-09 4.61151e-09 3.68875e-09 2.94601e-09 2.34925e-09 1.8706e-09 1.48734e-09 1.18096e-09 9.36413e-10 7.4153e-10 5.86451e-10 4.63225e-10 3.65445e-10 2.87963e-10 2.26645e-10 1.78183e-10 1.39929e-10 1.09769e-10 8.60194e-11 6.73389e-11 5.26622e-11 4.11439e-11 3.2114e-11 2.50423e-11 1.95099e-11 1.51861e-11 1.181e-11 9.17662e-12 7.12437e-12 5.52649e-12 4.28351e-12 3.31744e-12 2.56724e-12 1.98517e-12 1.53391e-12 1.18435e-12 9.13794e-13 7.04539e-13 5.42823e-13 4.17938e-13 3.21568e-13 2.47255e-13 1.89991e-13 1.45896e-13 1.11964e-13 8.58707e-14 6.58181e-14 5.0418e-14 3.85983e-14 2.95324e-14 2.25829e-14 1.7259e-14 1.31829e-14 1.00639e-14 7.67877e-15 5.85577e-15
9.31022e-07 1.10217e-06 1.37282e-06 1.58542e-06 1.7377e-06 1.83191e-06 1.87332e-06 1.86896e-06 1.82669e-06 1.75448e-06 1.65991e-06 1.54985e-06 1.43028e-06 1.30623e-06 1.18177e-06 1.0601e-06 9.43576e-07 8.33889e-07 7.32117e-07 6.38861e-07 5.54336e-07 4.7846e-07 4.10934e-07 3.51306e-07 2.99023e-07 2.53476e-07 2.14034e-07 1.80065e-07 1.50958e-07 1.26138e-07 1.05065e-07 8.72494e-08 7.22463e-08 5.96586e-08 4.91343e-08 4.03644e-08 3.30794e-08 2.7046e-08 2.20635e-08 1.79601e-08 1.45894e-08 1.18275e-08 9.56985e-09 7.72867e-09 6.23041e-09 5.0138e-09 4.02791e-09 3.23056e-09 2.58692e-09 2.06831e-09 1.65118e-09 1.31625e-09 1.04777e-09 8.32908e-10 6.61215e-10 5.24228e-10 4.15093e-10 3.2827e-10 2.59294e-10 2.0457e-10 1.6121e-10 1.26897e-10 9.97787e-11 7.83715e-11 6.14928e-11 4.81999e-11 3.77428e-11 2.95255e-11 2.30752e-11 1.80171e-11 1.40549e-11 1.09542e-11 8.53007e-12 6.63665e-12 5.15916e-12 4.00728e-12 3.11005e-12 2.41179e-12 1.86884e-12 1.44701e-12 1.11956e-12 8.65563e-13 6.68707e-13 5.16255e-13 3.98279e-13 3.07053e-13 2.36562e-13 1.82133e-13 1.40135e-13 1.07753e-13 8.28006e-14 6.35872e-14 4.88023e-14 3.74325e-14 2.86946e-14 2.19836e-14 1.68325e-14 1.28811e-14 9.85178e-15 7.53075e-15 5.75344e-15
6.48322e-07 7.86317e-07 9.91345e-07 1.15639e-06 1.27857e-06 1.35849e-06 1.39919e-06 1.40526e-06 1.38207e-06 1.33529e-06 1.27041e-06 1.19254e-06 1.1062e-06 1.01525e-06 9.22902e-07 8.31699e-07 7.43594e-07 6.60007e-07 5.81903e-07 5.0987e-07 4.44185e-07 3.84888e-07 3.31833e-07 2.84746e-07 2.43258e-07 2.06947e-07 1.75361e-07 1.48041e-07 1.24533e-07 1.04405e-07 8.72494e-08 7.26892e-08 6.03817e-08 5.00177e-08 4.13216e-08 3.40496e-08 2.79882e-08 2.29513e-08 1.8778e-08 1.53298e-08 1.24883e-08 1.01527e-08 8.23765e-09 6.6711e-09 5.39251e-09 4.35121e-09 3.50492e-09 2.81851e-09 2.26285e-09 1.81388e-09 1.45176e-09 1.16022e-09 9.25881e-10 7.37839e-10 5.87185e-10 4.66671e-10 3.70411e-10 2.93636e-10 2.32488e-10 1.83853e-10 1.45222e-10 1.14577e-10 9.02986e-11 7.1087e-11 5.59032e-11 4.39169e-11 3.44656e-11 2.70214e-11 2.11644e-11 1.65612e-11 1.29471e-11 1.01125e-11 7.89138e-12 6.15274e-12 4.79304e-12 3.73067e-12 2.90139e-12 2.25461e-12 1.75063e-12 1.35824e-12 1.053e-12 8.15738e-13 6.31472e-13 4.88476e-13 3.77592e-13 2.91675e-13 2.25153e-13 1.73684e-13 1.33893e-13 1.0315e-13 7.94147e-14 6.11025e-14 4.69837e-14 3.61052e-14 2.77287e-14 2.1283e-14 1.63261e-14 1.25165e-14 9.59039e-15 7.34426e-15 5.6211e-15
4.51462e-07 5.60658e-07 7.15342e-07 8.4271e-07 9.39787e-07 1.00626e-06 1.04376e-06 1.05518e-06 1.04417e-06 1.0147e-06 9.70735e-07 9.16045e-07 8.54022e-07 7.87626e-07 7.19347e-07 6.51205e-07 5.84783e-07 5.21267e-07 4.61492e-07 4.06001e-07 3.55094e-07 3.08877e-07 2.67304e-07 2.30219e-07 1.97386e-07 1.68517e-07 1.43293e-07 1.21381e-07 1.02449e-07 8.61731e-08 7.22463e-08 6.03817e-08 5.03154e-08 4.1808e-08 3.46444e-08 2.86332e-08 2.36057e-08 1.94141e-08 1.59297e-08 1.30415e-08 1.0654e-08 8.68556e-09 7.06659e-09 5.73826e-09 4.6509e-09 3.76275e-09 3.03887e-09 2.45007e-09 1.9721e-09 1.58484e-09 1.27164e-09 1.0188e-09 8.15033e-10 6.51092e-10 5.19405e-10 4.13793e-10 3.29222e-10 2.616e-10 2.07607e-10 1.64558e-10 1.3028e-10 1.03023e-10 8.1376e-11 6.42065e-11 5.06048e-11 3.98424e-11 3.13365e-11 2.46216e-11 1.93264e-11 1.51554e-11 1.18733e-11 9.29336e-12 7.2674e-12 5.67804e-12 4.4324e-12 3.45707e-12 2.69409e-12 2.09778e-12 1.63213e-12 1.26884e-12 9.85647e-13 7.65075e-13 5.93418e-13 4.59936e-13 3.56222e-13 2.75699e-13 2.13228e-13 1.648e-13 1.27285e-13 9.8244e-14 7.57797e-14 5.84145e-14 4.50001e-14 3.46447e-14 2.66559e-14 2.04969e-14 1.57517e-14 1.20979e-14 9.28632e-15 7.12412e-15 5.46231e-15
