0.861936 8.9673e-05 8.69655e-05 8.43397e-05 8.17932e-05 7.93236e-05 7.69286e-05 7.46059e-05 7.23533e-05 7.01687e-05 6.80501e-05 6.59954e-05 6.40028e-05 6.20704e-05 6.01962e-05 5.83787e-05 5.66161e-05 5.49067e-05 5.32489e-05 5.16411e-05 5.00819e-05 4.85698e-05 4.71033e-05 4.56811e-05 4.43018e-05 4.29642e-05 4.1667e-05 4.04089e-05 3.91888e-05 3.80056e-05 3.68581e-05 3.57452e-05 3.4666e-05 3.36193e-05 3.26042e-05 3.16198e-05 3.06651e-05 2.97392e-05 2.88413e-05 2.79705e-05 2.71259e-05 2.63069e-05 2.55126e-05 2.47423e-05 2.39953e-05 2.32708e-05 2.25682e-05 2.18868e-05 2.12259e-05 2.0585e-05 1.99635e-05 1.93607e-05 1.87762e-05 1.82093e-05 1.76595e-05 1.71263e-05 1.66092e-05 1.61077e-05 1.56214e-05 1.51497e-05 1.46923e-05 1.42487e-05 1.38185e-05 1.34012e-05 1.29966e-05 1.26042e-05 1.22236e-05 1.18546e-05 1.14966e-05 1.11495e-05 1.08129e-05 1.04864e-05 1.01698e-05 9.86272e-06 9.56493e-06 9.27614e-06 8.99606e-06 8.72444e-06 8.46102e-06 8.20556e-06 7.9578e-06 7.71753e-06 7.48451e-06 7.25853e-06 7.03937e-06 6.82683e-06 6.62071e-06 6.42081e-06 6.22694e-06 6.03893e-06 5.8566e-06 5.67977e-06 5.50828e-06 5.34196e-06 5.18067e-06 5.02425e-06 4.87255e-06 4.72543e-06 4.58276e-06 4.44439e-06 4.3102e-06
8.9673e-05 1.04046e-05 1.01619e-05 9.92444e-06 9.69201e-06 9.46457e-06 9.24203e-06 9.0243e-06 8.81129e-06 8.60292e-06 8.3991e-06 8.19974e-06 8.00477e-06 7.81409e-06 7.62763e-06 7.44531e-06 7.26704e-06 7.09275e-06 6.92236e-06 6.75579e-06 6.59298e-06 6.43383e-06 6.27828e-06 6.12627e-06 5.9777e-06 5.83253e-06 5.69067e-06 5.55206e-06 5.41664e-06 5.28432e-06 5.15507e-06 5.0288e-06 4.90545e-06 4.78497e-06 4.66729e-06 4.55236e-06 4.44011e-06 4.33049e-06 4.22344e-06 4.11891e-06 4.01684e-06 3.91718e-06 3.81988e-06 3.72488e-06 3.63213e-06 3.54159e-06 3.45321e-06 3.36693e-06 3.28272e-06 3.20052e-06 3.12029e-06 3.04199e-06 2.96558e-06 2.891e-06 2.81823e-06 2.74721e-06 2.67792e-06 2.6103e-06 2.54432e-06 2.47995e-06 2.41715e-06 2.35588e-06 2.2961e-06 2.23779e-06 2.18091e-06 2.12542e-06 2.07129e-06 2.01849e-06 1.967e-06 1.91677e-06 1.86778e-06 1.82001e-06 1.77341e-06 1.72798e-06 1.68366e-06 1.64045e-06 1.59831e-06 1.55723e-06 1.51716e-06 1.4781e-06 1.44001e-06 1.40287e-06 1.36667e-06 1.33137e-06 1.29696e-06 1.26341e-06 1.2307e-06 1.19882e-06 1.16774e-06 1.13745e-06 1.10792e-06 1.07913e-06 1.05108e-06 1.02373e-06 9.97082e-07 9.71106e-07 9.4579e-07 9.21117e-07 8.97072e-07 8.73639e-07 8.50803e-07
8.69655e-05 1.01619e-05 9.93274e-06 9.70816e-06 9.48814e-06 9.27261e-06 9.0615e-06 8.85474e-06 8.65224e-06 8.45396e-06 8.2598e-06 8.06971e-06 7.8836e-06 7.70143e-06 7.5231e-06 7.34857e-06 7.17775e-06 7.01059e-06 6.84701e-06 6.68695e-06 6.53036e-06 6.37715e-06 6.22727e-06 6.08067e-06 5.93727e-06 5.79701e-06 5.65984e-06 5.52569e-06 5.39452e-06 5.26625e-06 5.14083e-06 5.01821e-06 4.89834e-06 4.78115e-06 4.66659e-06 4.55461e-06 4.44516e-06 4.33819e-06 4.23365e-06 4.13148e-06 4.03164e-06 3.93408e-06 3.83876e-06 3.74562e-06 3.65462e-06 3.56572e-06 3.47887e-06 3.39403e-06 3.31115e-06 3.2302e-06 3.15113e-06 3.07391e-06 2.99849e-06 2.92483e-06 2.8529e-06 2.78266e-06 2.71407e-06 2.6471e-06 2.5817e-06 2.51786e-06 2.45552e-06 2.39466e-06 2.33525e-06 2.27726e-06 2.22064e-06 2.16538e-06 2.11143e-06 2.05878e-06 2.00739e-06 1.95724e-06 1.90829e-06 1.86052e-06 1.8139e-06 1.76841e-06 1.72401e-06 1.6807e-06 1.63843e-06 1.59719e-06 1.55695e-06 1.51769e-06 1.47938e-06 1.44202e-06 1.40556e-06 1.37e-06 1.3353e-06 1.30146e-06 1.26845e-06 1.23625e-06 1.20484e-06 1.17421e-06 1.14433e-06 1.11519e-06 1.08677e-06 1.05905e-06 1.03202e-06 1.00566e-06 9.79953e-07 9.54886e-07 9.30442e-07 9.06606e-07 8.83364e-07
8.43397e-05 9.92444e-06 9.70816e-06 9.496e-06 9.28792e-06 9.08386e-06 8.88376e-06 8.68756e-06 8.49522e-06 8.30667e-06 8.12185e-06 7.94072e-06 7.7632e-06 7.58926e-06 7.41882e-06 7.25184e-06 7.08826e-06 6.92803e-06 6.77108e-06 6.61736e-06 6.46683e-06 6.31942e-06 6.17508e-06 6.03376e-06 5.89541e-06 5.75997e-06 5.6274e-06 5.49763e-06 5.37063e-06 5.24634e-06 5.12471e-06 5.00569e-06 4.88923e-06 4.77529e-06 4.66382e-06 4.55478e-06 4.44811e-06 4.34377e-06 4.24171e-06 4.1419e-06 4.04429e-06 3.94883e-06 3.85549e-06 3.76422e-06 3.67498e-06 3.58772e-06 3.50242e-06 3.41903e-06 3.33752e-06 3.25784e-06 3.17995e-06 3.10383e-06 3.02943e-06 2.95672e-06 2.88566e-06 2.81622e-06 2.74837e-06 2.68208e-06 2.6173e-06 2.55401e-06 2.49217e-06 2.43177e-06 2.37276e-06 2.31511e-06 2.2588e-06 2.2038e-06 2.15008e-06 2.09761e-06 2.04636e-06 1.99631e-06 1.94744e-06 1.89971e-06 1.8531e-06 1.80759e-06 1.76315e-06 1.71976e-06 1.6774e-06 1.63604e-06 1.59566e-06 1.55624e-06 1.51775e-06 1.48018e-06 1.44351e-06 1.40771e-06 1.37277e-06 1.33867e-06 1.30538e-06 1.27289e-06 1.24119e-06 1.21024e-06 1.18004e-06 1.15057e-06 1.12181e-06 1.09375e-06 1.06637e-06 1.03965e-06 1.01357e-06 9.88136e-07 9.63317e-07 9.39102e-07 9.15477e-07
8.17932e-05 9.69201e-06 9.48814e-06 9.28792e-06 9.09132e-06 8.89829e-06 8.70879e-06 8.52279e-06 8.34023e-06 8.16108e-06 7.98529e-06 7.81281e-06 7.64361e-06 7.47764e-06 7.31485e-06 7.1552e-06 6.99865e-06 6.84514e-06 6.69464e-06 6.5471e-06 6.40247e-06 6.26071e-06 6.12178e-06 5.98563e-06 5.85222e-06 5.7215e-06 5.59343e-06 5.46796e-06 5.34506e-06 5.22468e-06 5.10677e-06 4.9913e-06 4.87822e-06 4.7675e-06 4.65908e-06 4.55294e-06 4.44902e-06 4.34729e-06 4.24772e-06 4.15025e-06 4.05486e-06 3.9615e-06 3.87014e-06 3.78074e-06 3.69327e-06 3.60768e-06 3.52394e-06 3.44201e-06 3.36187e-06 3.28348e-06 3.2068e-06 3.1318e-06 3.05845e-06 2.98671e-06 2.91655e-06 2.84795e-06 2.78087e-06 2.71527e-06 2.65114e-06 2.58844e-06 2.52714e-06 2.46722e-06 2.40864e-06 2.35138e-06 2.29541e-06 2.2407e-06 2.18724e-06 2.13498e-06 2.08391e-06 2.03401e-06 1.98524e-06 1.93759e-06 1.89103e-06 1.84553e-06 1.80109e-06 1.75766e-06 1.71523e-06 1.67379e-06 1.6333e-06 1.59375e-06 1.55511e-06 1.51738e-06 1.48052e-06 1.44452e-06 1.40936e-06 1.37503e-06 1.34149e-06 1.30875e-06 1.27677e-06 1.24554e-06 1.21505e-06 1.18528e-06 1.15621e-06 1.12782e-06 1.10011e-06 1.07306e-06 1.04665e-06 1.02086e-06 9.95689e-07 9.71117e-07 9.47131e-07
7.93236e-05 9.46457e-06 9.27261e-06 9.08386e-06 8.89829e-06 8.71587e-06 8.53659e-06 8.3604e-06 8.18728e-06 8.0172e-06 7.85013e-06 7.68602e-06 7.52487e-06 7.36661e-06 7.21124e-06 7.0587e-06 6.90896e-06 6.762e-06 6.61777e-06 6.47623e-06 6.33736e-06 6.20112e-06 6.06747e-06 5.93636e-06 5.80778e-06 5.68168e-06 5.55802e-06 5.43677e-06 5.3179e-06 5.20136e-06 5.08712e-06 4.97514e-06 4.86539e-06 4.75784e-06 4.65244e-06 4.54917e-06 4.44798e-06 4.34885e-06 4.25173e-06 4.1566e-06 4.06342e-06 3.97216e-06 3.88278e-06 3.79526e-06 3.70955e-06 3.62563e-06 3.54346e-06 3.46302e-06 3.38427e-06 3.30718e-06 3.23173e-06 3.15787e-06 3.08559e-06 3.01484e-06 2.94561e-06 2.87787e-06 2.81158e-06 2.74673e-06 2.68327e-06 2.62119e-06 2.56046e-06 2.50104e-06 2.44293e-06 2.38609e-06 2.33049e-06 2.27611e-06 2.22293e-06 2.17093e-06 2.12007e-06 2.07035e-06 2.02172e-06 1.97418e-06 1.9277e-06 1.88225e-06 1.83782e-06 1.79439e-06 1.75194e-06 1.71044e-06 1.66987e-06 1.63023e-06 1.59148e-06 1.5536e-06 1.51659e-06 1.48042e-06 1.44507e-06 1.41053e-06 1.37678e-06 1.34381e-06 1.31158e-06 1.2801e-06 1.24935e-06 1.2193e-06 1.18994e-06 1.16126e-06 1.13325e-06 1.10589e-06 1.07916e-06 1.05305e-06 1.02755e-06 1.00264e-06 9.78319e-07
7.69286e-05 9.24203e-06 9.0615e-06 8.88376e-06 8.70879e-06 8.53659e-06 8.36713e-06 8.2004e-06 8.03638e-06 7.87505e-06 7.7164e-06 7.56039e-06 7.40701e-06 7.25623e-06 7.10803e-06 6.96239e-06 6.81928e-06 6.67866e-06 6.54053e-06 6.40484e-06 6.27158e-06 6.14071e-06 6.0122e-06 5.88603e-06 5.76217e-06 5.64059e-06 5.52126e-06 5.40414e-06 5.28922e-06 5.17645e-06 5.06582e-06 4.95728e-06 4.85082e-06 4.74639e-06 4.64398e-06 4.54354e-06 4.44506e-06 4.3485e-06 4.25383e-06 4.16102e-06 4.07005e-06 3.98087e-06 3.89348e-06 3.80782e-06 3.72389e-06 3.64165e-06 3.56106e-06 3.48211e-06 3.40477e-06 3.329e-06 3.25478e-06 3.18209e-06 3.11089e-06 3.04117e-06 2.97289e-06 2.90603e-06 2.84057e-06 2.77647e-06 2.71372e-06 2.65228e-06 2.59214e-06 2.53328e-06 2.47566e-06 2.41926e-06 2.36407e-06 2.31005e-06 2.2572e-06 2.20547e-06 2.15486e-06 2.10534e-06 2.05689e-06 2.00949e-06 1.96312e-06 1.91776e-06 1.87338e-06 1.82998e-06 1.78752e-06 1.746e-06 1.70539e-06 1.66568e-06 1.62684e-06 1.58886e-06 1.55172e-06 1.51541e-06 1.4799e-06 1.44519e-06 1.41125e-06 1.37807e-06 1.34563e-06 1.31392e-06 1.28293e-06 1.25263e-06 1.22301e-06 1.19407e-06 1.16578e-06 1.13813e-06 1.11111e-06 1.0847e-06 1.05889e-06 1.03367e-06 1.00903e-06
7.46059e-05 9.0243e-06 8.85474e-06 8.68756e-06 8.52279e-06 8.3604e-06 8.2004e-06 8.04278e-06 7.88753e-06 7.73465e-06 7.58412e-06 7.43593e-06 7.29007e-06 7.14653e-06 7.00529e-06 6.86633e-06 6.72964e-06 6.5952e-06 6.46299e-06 6.33299e-06 6.20519e-06 6.07955e-06 5.95607e-06 5.83472e-06 5.71547e-06 5.59831e-06 5.48321e-06 5.37015e-06 5.2591e-06 5.15004e-06 5.04295e-06 4.9378e-06 4.83457e-06 4.73324e-06 4.63377e-06 4.53614e-06 4.44034e-06 4.34632e-06 4.25408e-06 4.16358e-06 4.07479e-06 3.98771e-06 3.90228e-06 3.81851e-06 3.73635e-06 3.65578e-06 3.57679e-06 3.49934e-06 3.42341e-06 3.34898e-06 3.27602e-06 3.20451e-06 3.13442e-06 3.06573e-06 2.99843e-06 2.93247e-06 2.86785e-06 2.80454e-06 2.74252e-06 2.68176e-06 2.62224e-06 2.56395e-06 2.50685e-06 2.45093e-06 2.39617e-06 2.34255e-06 2.29004e-06 2.23863e-06 2.18829e-06 2.13901e-06 2.09076e-06 2.04354e-06 1.99731e-06 1.95206e-06 1.90777e-06 1.86442e-06 1.822e-06 1.78048e-06 1.73986e-06 1.70011e-06 1.66121e-06 1.62316e-06 1.58592e-06 1.5495e-06 1.51386e-06 1.479e-06 1.4449e-06 1.41154e-06 1.37892e-06 1.347e-06 1.31579e-06 1.28527e-06 1.25542e-06 1.22623e-06 1.19769e-06 1.16977e-06 1.14248e-06 1.1158e-06 1.08971e-06 1.0642e-06 1.03926e-06
7.23533e-05 8.81129e-06 8.65224e-06 8.49522e-06 8.34023e-06 8.18728e-06 8.03638e-06 7.88753e-06 7.74074e-06 7.596e-06 7.45331e-06 7.31268e-06 7.1741e-06 7.03755e-06 6.90305e-06 6.77057e-06 6.64011e-06 6.51166e-06 6.38521e-06 6.26075e-06 6.13826e-06 6.01773e-06 5.89914e-06 5.78249e-06 5.66775e-06 5.55491e-06 5.44396e-06 5.33486e-06 5.22762e-06 5.1222e-06 5.0186e-06 4.91678e-06 4.81674e-06 4.71844e-06 4.62188e-06 4.52703e-06 4.43387e-06 4.34239e-06 4.25255e-06 4.16434e-06 4.07774e-06 3.99272e-06 3.90927e-06 3.82736e-06 3.74698e-06 3.6681e-06 3.5907e-06 3.51476e-06 3.44026e-06 3.36717e-06 3.29548e-06 3.22516e-06 3.1562e-06 3.08857e-06 3.02226e-06 2.95723e-06 2.89348e-06 2.83098e-06 2.76971e-06 2.70965e-06 2.65078e-06 2.59308e-06 2.53654e-06 2.48112e-06 2.42682e-06 2.37362e-06 2.32149e-06 2.27042e-06 2.22038e-06 2.17137e-06 2.12336e-06 2.07633e-06 2.03028e-06 1.98517e-06 1.94099e-06 1.89773e-06 1.85537e-06 1.8139e-06 1.77328e-06 1.73352e-06 1.6946e-06 1.65649e-06 1.61919e-06 1.58268e-06 1.54694e-06 1.51196e-06 1.47772e-06 1.44422e-06 1.41143e-06 1.37934e-06 1.34794e-06 1.31722e-06 1.28716e-06 1.25775e-06 1.22897e-06 1.20082e-06 1.17328e-06 1.14634e-06 1.11999e-06 1.09421e-06 1.069e-06
7.01687e-05 8.60292e-06 8.45396e-06 8.30667e-06 8.16108e-06 8.0172e-06 7.87505e-06 7.73465e-06 7.596e-06 7.45911e-06 7.324e-06 7.19066e-06 7.05911e-06 6.92934e-06 6.80136e-06 6.67516e-06 6.55074e-06 6.42811e-06 6.30725e-06 6.18817e-06 6.07085e-06 5.95529e-06 5.84148e-06 5.72942e-06 5.61908e-06 5.51047e-06 5.40357e-06 5.29837e-06 5.19485e-06 5.09301e-06 4.99282e-06 4.89429e-06 4.79738e-06 4.70209e-06 4.60839e-06 4.51629e-06 4.42575e-06 4.33676e-06 4.2493e-06 4.16337e-06 4.07893e-06 3.99598e-06 3.91449e-06 3.83446e-06 3.75585e-06 3.67865e-06 3.60285e-06 3.52842e-06 3.45535e-06 3.38362e-06 3.31322e-06 3.24411e-06 3.17629e-06 3.10973e-06 3.04443e-06 2.98035e-06 2.91749e-06 2.85581e-06 2.79532e-06 2.73598e-06 2.67779e-06 2.62071e-06 2.56474e-06 2.50986e-06 2.45605e-06 2.40329e-06 2.35156e-06 2.30086e-06 2.25116e-06 2.20244e-06 2.15469e-06 2.1079e-06 2.06204e-06 2.0171e-06 1.97307e-06 1.92992e-06 1.88765e-06 1.84624e-06 1.80567e-06 1.76593e-06 1.72701e-06 1.68888e-06 1.65153e-06 1.61496e-06 1.57914e-06 1.54407e-06 1.50973e-06 1.4761e-06 1.44317e-06 1.41093e-06 1.37937e-06 1.34847e-06 1.31822e-06 1.28861e-06 1.25963e-06 1.23126e-06 1.2035e-06 1.17632e-06 1.14973e-06 1.12371e-06 1.09824e-06
6.80501e-05 8.3991e-06 8.2598e-06 8.12185e-06 7.98529e-06 7.85013e-06 7.7164e-06 7.58412e-06 7.45331e-06 7.324e-06 7.19619e-06 7.0699e-06 6.94514e-06 6.82192e-06 6.70025e-06 6.58013e-06 6.46158e-06 6.34459e-06 6.22917e-06 6.11532e-06 6.00303e-06 5.89231e-06 5.78316e-06 5.67557e-06 5.56954e-06 5.46506e-06 5.36212e-06 5.26073e-06 5.16087e-06 5.06253e-06 4.96571e-06 4.87039e-06 4.77657e-06 4.68423e-06 4.59337e-06 4.50397e-06 4.41602e-06 4.3295e-06 4.24441e-06 4.16073e-06 4.07845e-06 3.99755e-06 3.91802e-06 3.83984e-06 3.763e-06 3.68749e-06 3.61329e-06 3.54038e-06 3.46875e-06 3.39839e-06 3.32927e-06 3.26139e-06 3.19472e-06 3.12926e-06 3.06498e-06 3.00186e-06 2.93991e-06 2.87909e-06 2.81939e-06 2.7608e-06 2.70329e-06 2.64686e-06 2.59149e-06 2.53717e-06 2.48387e-06 2.43158e-06 2.38029e-06 2.32998e-06 2.28064e-06 2.23224e-06 2.18478e-06 2.13825e-06 2.09261e-06 2.04787e-06 2.00401e-06 1.96101e-06 1.91885e-06 1.87753e-06 1.83703e-06 1.79734e-06 1.75844e-06 1.72031e-06 1.68295e-06 1.64635e-06 1.61048e-06 1.57534e-06 1.54091e-06 1.50718e-06 1.47414e-06 1.44177e-06 1.41007e-06 1.37902e-06 1.34861e-06 1.31883e-06 1.28966e-06 1.2611e-06 1.23313e-06 1.20574e-06 1.17893e-06 1.15268e-06 1.12697e-06
6.59954e-05 8.19974e-06 8.06971e-06 7.94072e-06 7.81281e-06 7.68602e-06 7.56039e-06 7.43593e-06 7.31268e-06 7.19066e-06 7.0699e-06 6.95041e-06 6.83222e-06 6.71533e-06 6.59977e-06 6.48555e-06 6.37267e-06 6.26116e-06 6.15102e-06 6.04225e-06 5.93486e-06 5.82885e-06 5.72424e-06 5.62101e-06 5.51918e-06 5.41873e-06 5.31968e-06 5.22201e-06 5.12573e-06 5.03084e-06 4.93731e-06 4.84516e-06 4.75438e-06 4.66495e-06 4.57688e-06 4.49015e-06 4.40475e-06 4.32068e-06 4.23793e-06 4.15649e-06 4.07634e-06 3.99748e-06 3.91989e-06 3.84357e-06 3.7685e-06 3.69467e-06 3.62207e-06 3.55069e-06 3.4805e-06 3.41151e-06 3.3437e-06 3.27705e-06 3.21155e-06 3.14718e-06 3.08394e-06 3.02181e-06 2.96078e-06 2.90083e-06 2.84195e-06 2.78412e-06 2.72733e-06 2.67157e-06 2.61683e-06 2.56308e-06 2.51031e-06 2.45852e-06 2.40769e-06 2.3578e-06 2.30883e-06 2.26079e-06 2.21365e-06 2.16739e-06 2.12201e-06 2.0775e-06 2.03383e-06 1.99099e-06 1.94898e-06 1.90778e-06 1.86737e-06 1.82775e-06 1.7889e-06 1.75081e-06 1.71346e-06 1.67684e-06 1.64095e-06 1.60576e-06 1.57127e-06 1.53747e-06 1.50434e-06 1.47187e-06 1.44005e-06 1.40887e-06 1.37832e-06 1.34838e-06 1.31905e-06 1.29032e-06 1.26217e-06 1.23459e-06 1.20758e-06 1.18112e-06 1.1552e-06
6.40028e-05 8.00477e-06 7.8836e-06 7.7632e-06 7.64361e-06 7.52487e-06 7.40701e-06 7.29007e-06 7.1741e-06 7.05911e-06 6.94514e-06 6.83222e-06 6.72036e-06 6.6096e-06 6.49995e-06 6.39144e-06 6.28407e-06 6.17787e-06 6.07285e-06 5.96902e-06 5.86639e-06 5.76497e-06 5.66477e-06 5.5658e-06 5.46807e-06 5.37157e-06 5.27631e-06 5.18229e-06 5.08952e-06 4.99799e-06 4.90771e-06 4.81867e-06 4.73087e-06 4.64431e-06 4.55898e-06 4.47489e-06 4.39202e-06 4.31037e-06 4.22993e-06 4.1507e-06 4.07267e-06 3.99584e-06 3.92018e-06 3.84571e-06 3.7724e-06 3.70025e-06 3.62925e-06 3.55939e-06 3.49066e-06 3.42304e-06 3.35653e-06 3.29113e-06 3.2268e-06 3.16355e-06 3.10137e-06 3.04024e-06 2.98014e-06 2.92108e-06 2.86303e-06 2.80599e-06 2.74993e-06 2.69486e-06 2.64076e-06 2.58761e-06 2.53541e-06 2.48413e-06 2.43378e-06 2.38433e-06 2.33578e-06 2.2881e-06 2.2413e-06 2.19535e-06 2.15025e-06 2.10598e-06 2.06253e-06 2.01989e-06 1.97805e-06 1.93699e-06 1.89671e-06 1.85718e-06 1.8184e-06 1.78036e-06 1.74305e-06 1.70645e-06 1.67055e-06 1.63535e-06 1.60082e-06 1.56697e-06 1.53377e-06 1.50122e-06 1.46931e-06 1.43802e-06 1.40735e-06 1.37728e-06 1.34781e-06 1.31893e-06 1.29061e-06 1.26287e-06 1.23567e-06 1.20902e-06 1.18291e-06
6.20704e-05 7.81409e-06 7.70143e-06 7.58926e-06 7.47764e-06 7.36661e-06 7.25623e-06 7.14653e-06 7.03755e-06 6.92934e-06 6.82192e-06 6.71533e-06 6.6096e-06 6.50476e-06 6.40083e-06 6.29784e-06 6.1958e-06 6.09475e-06 5.99471e-06 5.89567e-06 5.79767e-06 5.70072e-06 5.60483e-06 5.51001e-06 5.41627e-06 5.32362e-06 5.23207e-06 5.14162e-06 5.05229e-06 4.96406e-06 4.87696e-06 4.79097e-06 4.70611e-06 4.62237e-06 4.53975e-06 4.45825e-06 4.37787e-06 4.29861e-06 4.22046e-06 4.14343e-06 4.0675e-06 3.99267e-06 3.91894e-06 3.8463e-06 3.77475e-06 3.70428e-06 3.63487e-06 3.56653e-06 3.49925e-06 3.43302e-06 3.36783e-06 3.30367e-06 3.24053e-06 3.17841e-06 3.11729e-06 3.05717e-06 2.99803e-06 2.93987e-06 2.88267e-06 2.82643e-06 2.77113e-06 2.71676e-06 2.66332e-06 2.6108e-06 2.55917e-06 2.50844e-06 2.45859e-06 2.4096e-06 2.36148e-06 2.3142e-06 2.26776e-06 2.22215e-06 2.17735e-06 2.13335e-06 2.09015e-06 2.04772e-06 2.00607e-06 1.96518e-06 1.92504e-06 1.88563e-06 1.84695e-06 1.80899e-06 1.77174e-06 1.73518e-06 1.6993e-06 1.6641e-06 1.62956e-06 1.59568e-06 1.56244e-06 1.52983e-06 1.49784e-06 1.46647e-06 1.4357e-06 1.40553e-06 1.37593e-06 1.34692e-06 1.31846e-06 1.29056e-06 1.26321e-06 1.23639e-06 1.2101e-06
6.01962e-05 7.62763e-06 7.5231e-06 7.41882e-06 7.31485e-06 7.21124e-06 7.10803e-06 7.00529e-06 6.90305e-06 6.80136e-06 6.70025e-06 6.59977e-06 6.49995e-06 6.40083e-06 6.30243e-06 6.20478e-06 6.10792e-06 6.01187e-06 5.91664e-06 5.82227e-06 5.72877e-06 5.63616e-06 5.54446e-06 5.45368e-06 5.36385e-06 5.27496e-06 5.18703e-06 5.10007e-06 5.0141e-06 4.92911e-06 4.84513e-06 4.76214e-06 4.68016e-06 4.59919e-06 4.51923e-06 4.4403e-06 4.36238e-06 4.28547e-06 4.20959e-06 4.13472e-06 4.06088e-06 3.98804e-06 3.91622e-06 3.84541e-06 3.7756e-06 3.7068e-06 3.63899e-06 3.57217e-06 3.50635e-06 3.4415e-06 3.37763e-06 3.31472e-06 3.25278e-06 3.19179e-06 3.13175e-06 3.07265e-06 3.01448e-06 2.95723e-06 2.9009e-06 2.84547e-06 2.79095e-06 2.73731e-06 2.68455e-06 2.63266e-06 2.58164e-06 2.53146e-06 2.48213e-06 2.43364e-06 2.38596e-06 2.3391e-06 2.29305e-06 2.24779e-06 2.20331e-06 2.15961e-06 2.11667e-06 2.07449e-06 2.03305e-06 1.99235e-06 1.95237e-06 1.91311e-06 1.87456e-06 1.8367e-06 1.79952e-06 1.76302e-06 1.72719e-06 1.69202e-06 1.65749e-06 1.6236e-06 1.59033e-06 1.55769e-06 1.52565e-06 1.49422e-06 1.46337e-06 1.43311e-06 1.40341e-06 1.37428e-06 1.34571e-06 1.31768e-06 1.29019e-06 1.26322e-06 1.23677e-06
5.83787e-05 7.44531e-06 7.34857e-06 7.25184e-06 7.1552e-06 7.0587e-06 6.96239e-06 6.86633e-06 6.77057e-06 6.67516e-06 6.58013e-06 6.48555e-06 6.39144e-06 6.29784e-06 6.20478e-06 6.11231e-06 6.02046e-06 5.92924e-06 5.8387e-06 5.74885e-06 5.65973e-06 5.57134e-06 5.48372e-06 5.39688e-06 5.31085e-06 5.22563e-06 5.14124e-06 5.0577e-06 4.97501e-06 4.8932e-06 4.81227e-06 4.73222e-06 4.65308e-06 4.57483e-06 4.4975e-06 4.42108e-06 4.34559e-06 4.27101e-06 4.19737e-06 4.12465e-06 4.05286e-06 3.982e-06 3.91208e-06 3.84308e-06 3.77501e-06 3.70787e-06 3.64165e-06 3.57635e-06 3.51198e-06 3.44852e-06 3.38597e-06 3.32432e-06 3.26358e-06 3.20373e-06 3.14478e-06 3.08671e-06 3.02952e-06 2.9732e-06 2.91775e-06 2.86316e-06 2.80941e-06 2.75652e-06 2.70446e-06 2.65323e-06 2.60282e-06 2.55323e-06 2.50444e-06 2.45645e-06 2.40925e-06 2.36283e-06 2.31718e-06 2.27229e-06 2.22816e-06 2.18478e-06 2.14213e-06 2.10021e-06 2.05901e-06 2.01852e-06 1.97873e-06 1.93964e-06 1.90123e-06 1.86349e-06 1.82642e-06 1.79e-06 1.75424e-06 1.71911e-06 1.68461e-06 1.65073e-06 1.61747e-06 1.58481e-06 1.55274e-06 1.52126e-06 1.49036e-06 1.46003e-06 1.43025e-06 1.40103e-06 1.37236e-06 1.34421e-06 1.3166e-06 1.2895e-06 1.26291e-06
5.66161e-05 7.26704e-06 7.17775e-06 7.08826e-06 6.99865e-06 6.90896e-06 6.81928e-06 6.72964e-06 6.64011e-06 6.55074e-06 6.46158e-06 6.37267e-06 6.28407e-06 6.1958e-06 6.10792e-06 6.02046e-06 5.93345e-06 5.84692e-06 5.76092e-06 5.67547e-06 5.59059e-06 5.50631e-06 5.42266e-06 5.33966e-06 5.25733e-06 5.17569e-06 5.09476e-06 5.01456e-06 4.93509e-06 4.85638e-06 4.77845e-06 4.70129e-06 4.62492e-06 4.54936e-06 4.47461e-06 4.40067e-06 4.32756e-06 4.25529e-06 4.18385e-06 4.11326e-06 4.04351e-06 3.97461e-06 3.90656e-06 3.83936e-06 3.77302e-06 3.70753e-06 3.6429e-06 3.57912e-06 3.51619e-06 3.45412e-06 3.39289e-06 3.33251e-06 3.27298e-06 3.21428e-06 3.15642e-06 3.09939e-06 3.04319e-06 2.98781e-06 2.93325e-06 2.87951e-06 2.82657e-06 2.77443e-06 2.72308e-06 2.67253e-06 2.62276e-06 2.57376e-06 2.52553e-06 2.47807e-06 2.43136e-06 2.38539e-06 2.34017e-06 2.29568e-06 2.25192e-06 2.20887e-06 2.16653e-06 2.1249e-06 2.08395e-06 2.0437e-06 2.00412e-06 1.96521e-06 1.92696e-06 1.88937e-06 1.85242e-06 1.81611e-06 1.78043e-06 1.74538e-06 1.71093e-06 1.67709e-06 1.64384e-06 1.61119e-06 1.57911e-06 1.54761e-06 1.51667e-06 1.48629e-06 1.45645e-06 1.42716e-06 1.3984e-06 1.37016e-06 1.34244e-06 1.31523e-06 1.28852e-06
5.49067e-05 7.09275e-06 7.01059e-06 6.92803e-06 6.84514e-06 6.762e-06 6.67866e-06 6.5952e-06 6.51166e-06 6.42811e-06 6.34459e-06 6.26116e-06 6.17787e-06 6.09475e-06 6.01187e-06 5.92924e-06 5.84692e-06 5.76495e-06 5.68335e-06 5.60215e-06 5.5214e-06 5.44112e-06 5.36133e-06 5.28207e-06 5.20335e-06 5.1252e-06 5.04765e-06 4.9707e-06 4.89439e-06 4.81872e-06 4.74371e-06 4.66939e-06 4.59575e-06 4.52282e-06 4.4506e-06 4.37912e-06 4.30836e-06 4.23835e-06 4.1691e-06 4.1006e-06 4.03287e-06 3.9659e-06 3.89972e-06 3.83431e-06 3.76968e-06 3.70584e-06 3.64279e-06 3.58052e-06 3.51904e-06 3.45835e-06 3.39845e-06 3.33934e-06 3.28101e-06 3.22347e-06 3.16671e-06 3.11073e-06 3.05553e-06 3.0011e-06 2.94745e-06 2.89456e-06 2.84243e-06 2.79106e-06 2.74045e-06 2.69059e-06 2.64146e-06 2.59308e-06 2.54543e-06 2.49851e-06 2.45231e-06 2.40682e-06 2.36204e-06 2.31797e-06 2.27459e-06 2.2319e-06 2.18989e-06 2.14856e-06 2.10789e-06 2.06789e-06 2.02854e-06 1.98984e-06 1.95178e-06 1.91436e-06 1.87755e-06 1.84137e-06 1.8058e-06 1.77082e-06 1.73645e-06 1.70266e-06 1.66946e-06 1.63683e-06 1.60476e-06 1.57325e-06 1.5423e-06 1.51188e-06 1.48201e-06 1.45266e-06 1.42383e-06 1.39552e-06 1.36772e-06 1.34041e-06 1.3136e-06
5.32489e-05 6.92236e-06 6.84701e-06 6.77108e-06 6.69464e-06 6.61777e-06 6.54053e-06 6.46299e-06 6.38521e-06 6.30725e-06 6.22917e-06 6.15102e-06 6.07285e-06 5.99471e-06 5.91664e-06 5.8387e-06 5.76092e-06 5.68335e-06 5.60601e-06 5.52895e-06 5.45221e-06 5.3758e-06 5.29977e-06 5.22415e-06 5.14895e-06 5.07421e-06 4.99995e-06 4.92619e-06 4.85295e-06 4.78026e-06 4.70813e-06 4.63658e-06 4.56562e-06 4.49527e-06 4.42555e-06 4.35647e-06 4.28803e-06 4.22026e-06 4.15315e-06 4.08673e-06 4.02099e-06 3.95594e-06 3.8916e-06 3.82797e-06 3.76504e-06 3.70284e-06 3.64135e-06 3.58059e-06 3.52056e-06 3.46125e-06 3.40267e-06 3.34483e-06 3.28771e-06 3.23133e-06 3.17568e-06 3.12076e-06 3.06656e-06 3.0131e-06 2.96036e-06 2.90834e-06 2.85704e-06 2.80645e-06 2.75658e-06 2.70742e-06 2.65897e-06 2.61122e-06 2.56416e-06 2.5178e-06 2.47212e-06 2.42713e-06 2.38282e-06 2.33917e-06 2.2962e-06 2.25388e-06 2.21222e-06 2.17121e-06 2.13085e-06 2.09112e-06 2.05202e-06 2.01355e-06 1.97569e-06 1.93845e-06 1.90181e-06 1.86577e-06 1.83032e-06 1.79546e-06 1.76118e-06 1.72747e-06 1.69432e-06 1.66173e-06 1.62969e-06 1.5982e-06 1.56725e-06 1.53682e-06 1.50692e-06 1.47754e-06 1.44866e-06 1.42029e-06 1.39242e-06 1.36504e-06 1.33814e-06
5.16411e-05 6.75579e-06 6.68695e-06 6.61736e-06 6.5471e-06 6.47623e-06 6.40484e-06 6.33299e-06 6.26075e-06 6.18817e-06 6.11532e-06 6.04225e-06 5.96902e-06 5.89567e-06 5.82227e-06 5.74885e-06 5.67547e-06 5.60215e-06 5.52895e-06 5.45591e-06 5.38305e-06 5.31042e-06 5.23804e-06 5.16596e-06 5.09419e-06 5.02277e-06 4.95172e-06 4.88107e-06 4.81084e-06 4.74106e-06 4.67174e-06 4.60291e-06 4.53458e-06 4.46677e-06 4.3995e-06 4.33278e-06 4.26663e-06 4.20106e-06 4.13607e-06 4.07169e-06 4.00792e-06 3.94478e-06 3.88226e-06 3.82038e-06 3.75915e-06 3.69857e-06 3.63865e-06 3.57938e-06 3.52079e-06 3.46286e-06 3.40561e-06 3.34903e-06 3.29313e-06 3.23791e-06 3.18337e-06 3.12951e-06 3.07633e-06 3.02383e-06 2.97201e-06 2.92087e-06 2.87041e-06 2.82062e-06 2.77151e-06 2.72307e-06 2.67529e-06 2.62819e-06 2.58174e-06 2.53595e-06 2.49082e-06 2.44634e-06 2.4025e-06 2.35931e-06 2.31676e-06 2.27484e-06 2.23354e-06 2.19288e-06 2.15282e-06 2.11339e-06 2.07456e-06 2.03633e-06 1.9987e-06 1.96166e-06 1.92521e-06 1.88933e-06 1.85403e-06 1.81929e-06 1.78512e-06 1.7515e-06 1.71843e-06 1.6859e-06 1.65391e-06 1.62245e-06 1.59152e-06 1.5611e-06 1.53119e-06 1.50179e-06 1.47289e-06 1.44448e-06 1.41655e-06 1.38911e-06 1.36213e-06
5.00819e-05 6.59298e-06 6.53036e-06 6.46683e-06 6.40247e-06 6.33736e-06 6.27158e-06 6.20519e-06 6.13826e-06 6.07085e-06 6.00303e-06 5.93486e-06 5.86639e-06 5.79767e-06 5.72877e-06 5.65973e-06 5.59059e-06 5.5214e-06 5.45221e-06 5.38305e-06 5.31397e-06 5.245e-06 5.17617e-06 5.10753e-06 5.0391e-06 4.97092e-06 4.903e-06 4.83539e-06 4.76811e-06 4.70117e-06 4.63461e-06 4.56844e-06 4.50268e-06 4.43737e-06 4.3725e-06 4.30811e-06 4.2442e-06 4.1808e-06 4.11791e-06 4.05554e-06 3.99372e-06 3.93245e-06 3.87174e-06 3.81161e-06 3.75205e-06 3.69308e-06 3.63471e-06 3.57694e-06 3.51978e-06 3.46323e-06 3.40729e-06 3.35198e-06 3.2973e-06 3.24324e-06 3.18982e-06 3.13702e-06 3.08486e-06 3.03334e-06 2.98245e-06 2.9322e-06 2.88259e-06 2.83361e-06 2.78526e-06 2.73755e-06 2.69047e-06 2.64402e-06 2.59819e-06 2.55299e-06 2.50842e-06 2.46446e-06 2.42113e-06 2.3784e-06 2.33628e-06 2.29477e-06 2.25387e-06 2.21356e-06 2.17384e-06 2.13471e-06 2.09617e-06 2.0582e-06 2.02082e-06 1.984e-06 1.94774e-06 1.91205e-06 1.87691e-06 1.84232e-06 1.80828e-06 1.77477e-06 1.7418e-06 1.70935e-06 1.67742e-06 1.64601e-06 1.61511e-06 1.58472e-06 1.55482e-06 1.52542e-06 1.4965e-06 1.46807e-06 1.44011e-06 1.41262e-06 1.38559e-06
4.85698e-05 6.43383e-06 6.37715e-06 6.31942e-06 6.26071e-06 6.20112e-06 6.14071e-06 6.07955e-06 6.01773e-06 5.95529e-06 5.89231e-06 5.82885e-06 5.76497e-06 5.70072e-06 5.63616e-06 5.57134e-06 5.50631e-06 5.44112e-06 5.3758e-06 5.31042e-06 5.245e-06 5.17958e-06 5.11421e-06 5.04892e-06 4.98374e-06 4.91871e-06 4.85385e-06 4.7892e-06 4.72479e-06 4.66064e-06 4.59677e-06 4.53321e-06 4.46998e-06 4.40711e-06 4.34461e-06 4.2825e-06 4.2208e-06 4.15953e-06 4.0987e-06 4.03833e-06 3.97843e-06 3.91901e-06 3.86009e-06 3.80168e-06 3.74379e-06 3.68642e-06 3.62959e-06 3.5733e-06 3.51756e-06 3.46238e-06 3.40777e-06 3.35372e-06 3.30025e-06 3.24736e-06 3.19505e-06 3.14333e-06 3.09219e-06 3.04165e-06 2.9917e-06 2.94235e-06 2.89359e-06 2.84542e-06 2.79786e-06 2.75088e-06 2.70451e-06 2.65873e-06 2.61354e-06 2.56895e-06 2.52494e-06 2.48153e-06 2.4387e-06 2.39646e-06 2.3548e-06 2.31371e-06 2.2732e-06 2.23327e-06 2.1939e-06 2.1551e-06 2.11686e-06 2.07918e-06 2.04205e-06 2.00547e-06 1.96944e-06 1.93394e-06 1.89899e-06 1.86456e-06 1.83066e-06 1.79728e-06 1.76442e-06 1.73207e-06 1.70022e-06 1.66888e-06 1.63804e-06 1.60768e-06 1.57782e-06 1.54843e-06 1.51951e-06 1.49107e-06 1.46309e-06 1.43558e-06 1.40851e-06
4.71033e-05 6.27828e-06 6.22727e-06 6.17508e-06 6.12178e-06 6.06747e-06 6.0122e-06 5.95607e-06 5.89914e-06 5.84148e-06 5.78316e-06 5.72424e-06 5.66477e-06 5.60483e-06 5.54446e-06 5.48372e-06 5.42266e-06 5.36133e-06 5.29977e-06 5.23804e-06 5.17617e-06 5.11421e-06 5.05219e-06 4.99016e-06 4.92814e-06 4.86618e-06 4.80431e-06 4.74255e-06 4.68094e-06 4.61951e-06 4.55827e-06 4.49727e-06 4.43652e-06 4.37604e-06 4.31586e-06 4.256e-06 4.19647e-06 4.1373e-06 4.07851e-06 4.0201e-06 3.96209e-06 3.90451e-06 3.84736e-06 3.79065e-06 3.7344e-06 3.67862e-06 3.62332e-06 3.5685e-06 3.51418e-06 3.46037e-06 3.40707e-06 3.35428e-06 3.30203e-06 3.2503e-06 3.19911e-06 3.14846e-06 3.09835e-06 3.0488e-06 2.99979e-06 2.95134e-06 2.90344e-06 2.8561e-06 2.80932e-06 2.7631e-06 2.71744e-06 2.67235e-06 2.62781e-06 2.58383e-06 2.54041e-06 2.49755e-06 2.45525e-06 2.4135e-06 2.37231e-06 2.33167e-06 2.29157e-06 2.25203e-06 2.21303e-06 2.17457e-06 2.13665e-06 2.09927e-06 2.06241e-06 2.02609e-06 1.99029e-06 1.95501e-06 1.92025e-06 1.88601e-06 1.85227e-06 1.81904e-06 1.7863e-06 1.75407e-06 1.72232e-06 1.69107e-06 1.66029e-06 1.62999e-06 1.60017e-06 1.57081e-06 1.54192e-06 1.51349e-06 1.4855e-06 1.45797e-06 1.43088e-06
4.56811e-05 6.12627e-06 6.08067e-06 6.03376e-06 5.98563e-06 5.93636e-06 5.88603e-06 5.83472e-06 5.78249e-06 5.72942e-06 5.67557e-06 5.62101e-06 5.5658e-06 5.51001e-06 5.45368e-06 5.39688e-06 5.33966e-06 5.28207e-06 5.22415e-06 5.16596e-06 5.10753e-06 5.04892e-06 4.99016e-06 4.93129e-06 4.87236e-06 4.81339e-06 4.75442e-06 4.69548e-06 4.63661e-06 4.57783e-06 4.51918e-06 4.46067e-06 4.40234e-06 4.34422e-06 4.28631e-06 4.22865e-06 4.17126e-06 4.11416e-06 4.05736e-06 4.00089e-06 3.94476e-06 3.88898e-06 3.83358e-06 3.77856e-06 3.72394e-06 3.66973e-06 3.61594e-06 3.56259e-06 3.50968e-06 3.45722e-06 3.40523e-06 3.3537e-06 3.30266e-06 3.2521e-06 3.20202e-06 3.15245e-06 3.10338e-06 3.05481e-06 3.00675e-06 2.95921e-06 2.91218e-06 2.86568e-06 2.81969e-06 2.77423e-06 2.7293e-06 2.68489e-06 2.64101e-06 2.59766e-06 2.55484e-06 2.51255e-06 2.47079e-06 2.42955e-06 2.38884e-06 2.34865e-06 2.30899e-06 2.26985e-06 2.23123e-06 2.19313e-06 2.15555e-06 2.11848e-06 2.08192e-06 2.04587e-06 2.01032e-06 1.97527e-06 1.94073e-06 1.90668e-06 1.87312e-06 1.84004e-06 1.80746e-06 1.77535e-06 1.74372e-06 1.71256e-06 1.68188e-06 1.65165e-06 1.62189e-06 1.59258e-06 1.56372e-06 1.53531e-06 1.50734e-06 1.47981e-06 1.45271e-06
4.43018e-05 5.9777e-06 5.93727e-06 5.89541e-06 5.85222e-06 5.80778e-06 5.76217e-06 5.71547e-06 5.66775e-06 5.61908e-06 5.56954e-06 5.51918e-06 5.46807e-06 5.41627e-06 5.36385e-06 5.31085e-06 5.25733e-06 5.20335e-06 5.14895e-06 5.09419e-06 5.0391e-06 4.98374e-06 4.92814e-06 4.87236e-06 4.81641e-06 4.76035e-06 4.70421e-06 4.64803e-06 4.59183e-06 4.53565e-06 4.47951e-06 4.42345e-06 4.3675e-06 4.31167e-06 4.256e-06 4.20051e-06 4.14522e-06 4.09015e-06 4.03532e-06 3.98075e-06 3.92646e-06 3.87247e-06 3.81879e-06 3.76544e-06 3.71243e-06 3.65978e-06 3.6075e-06 3.5556e-06 3.50409e-06 3.45298e-06 3.40229e-06 3.35202e-06 3.30218e-06 3.25278e-06 3.20383e-06 3.15533e-06 3.10729e-06 3.05972e-06 3.01261e-06 2.96598e-06 2.91983e-06 2.87417e-06 2.82899e-06 2.7843e-06 2.7401e-06 2.69639e-06 2.65318e-06 2.61047e-06 2.56826e-06 2.52655e-06 2.48533e-06 2.44462e-06 2.4044e-06 2.36469e-06 2.32547e-06 2.28675e-06 2.24853e-06 2.2108e-06 2.17357e-06 2.13682e-06 2.10057e-06 2.0648e-06 2.02952e-06 1.99473e-06 1.96041e-06 1.92657e-06 1.89321e-06 1.86031e-06 1.82789e-06 1.79592e-06 1.76443e-06 1.73338e-06 1.7028e-06 1.67266e-06 1.64297e-06 1.61372e-06 1.58492e-06 1.55655e-06 1.5286e-06 1.50109e-06 1.474e-06
4.29642e-05 5.83253e-06 5.79701e-06 5.75997e-06 5.7215e-06 5.68168e-06 5.64059e-06 5.59831e-06 5.55491e-06 5.51047e-06 5.46506e-06 5.41873e-06 5.37157e-06 5.32362e-06 5.27496e-06 5.22563e-06 5.17569e-06 5.1252e-06 5.07421e-06 5.02277e-06 4.97092e-06 4.91871e-06 4.86618e-06 4.81339e-06 4.76035e-06 4.70713e-06 4.65375e-06 4.60024e-06 4.54665e-06 4.493e-06 4.43933e-06 4.38566e-06 4.33203e-06 4.27846e-06 4.22498e-06 4.17161e-06 4.11838e-06 4.06531e-06 4.01242e-06 3.95973e-06 3.90726e-06 3.85502e-06 3.80305e-06 3.75135e-06 3.69993e-06 3.64882e-06 3.59803e-06 3.54757e-06 3.49745e-06 3.44769e-06 3.39829e-06 3.34927e-06 3.30063e-06 3.25239e-06 3.20456e-06 3.15713e-06 3.11013e-06 3.06355e-06 3.0174e-06 2.97169e-06 2.92642e-06 2.8816e-06 2.83723e-06 2.79332e-06 2.74986e-06 2.70687e-06 2.66434e-06 2.62227e-06 2.58068e-06 2.53956e-06 2.49891e-06 2.45873e-06 2.41902e-06 2.37979e-06 2.34103e-06 2.30274e-06 2.26493e-06 2.22758e-06 2.19071e-06 2.15431e-06 2.11838e-06 2.08292e-06 2.04792e-06 2.01339e-06 1.97931e-06 1.9457e-06 1.91254e-06 1.87984e-06 1.84759e-06 1.81579e-06 1.78444e-06 1.75353e-06 1.72306e-06 1.69302e-06 1.66342e-06 1.63426e-06 1.60551e-06 1.57719e-06 1.54929e-06 1.52181e-06 1.49474e-06
4.1667e-05 5.69067e-06 5.65984e-06 5.6274e-06 5.59343e-06 5.55802e-06 5.52126e-06 5.48321e-06 5.44396e-06 5.40357e-06 5.36212e-06 5.31968e-06 5.27631e-06 5.23207e-06 5.18703e-06 5.14124e-06 5.09476e-06 5.04765e-06 4.99995e-06 4.95172e-06 4.903e-06 4.85385e-06 4.80431e-06 4.75442e-06 4.70421e-06 4.65375e-06 4.60305e-06 4.55215e-06 4.5011e-06 4.44993e-06 4.39867e-06 4.34734e-06 4.29598e-06 4.24462e-06 4.19329e-06 4.142e-06 4.0908e-06 4.03969e-06 3.9887e-06 3.93786e-06 3.88718e-06 3.83668e-06 3.78639e-06 3.73631e-06 3.68647e-06 3.63689e-06 3.58757e-06 3.53854e-06 3.4898e-06 3.44137e-06 3.39326e-06 3.34548e-06 3.29804e-06 3.25096e-06 3.20424e-06 3.15789e-06 3.11192e-06 3.06634e-06 3.02115e-06 2.97636e-06 2.93197e-06 2.888e-06 2.84445e-06 2.80132e-06 2.75861e-06 2.71634e-06 2.6745e-06 2.63309e-06 2.59213e-06 2.5516e-06 2.51152e-06 2.47189e-06 2.4327e-06 2.39396e-06 2.35567e-06 2.31783e-06 2.28044e-06 2.2435e-06 2.20701e-06 2.17096e-06 2.13537e-06 2.10022e-06 2.06551e-06 2.03126e-06 1.99744e-06 1.96407e-06 1.93114e-06 1.89864e-06 1.86658e-06 1.83496e-06 1.80376e-06 1.773e-06 1.74266e-06 1.71274e-06 1.68325e-06 1.65417e-06 1.62551e-06 1.59726e-06 1.56941e-06 1.54198e-06 1.51494e-06
4.04089e-05 5.55206e-06 5.52569e-06 5.49763e-06 5.46796e-06 5.43677e-06 5.40414e-06 5.37015e-06 5.33486e-06 5.29837e-06 5.26073e-06 5.22201e-06 5.18229e-06 5.14162e-06 5.10007e-06 5.0577e-06 5.01456e-06 4.9707e-06 4.92619e-06 4.88107e-06 4.83539e-06 4.7892e-06 4.74255e-06 4.69548e-06 4.64803e-06 4.60024e-06 4.55215e-06 4.50381e-06 4.45524e-06 4.40648e-06 4.35756e-06 4.30852e-06 4.25939e-06 4.21019e-06 4.16096e-06 4.11172e-06 4.0625e-06 4.01332e-06 3.96421e-06 3.91518e-06 3.86626e-06 3.81748e-06 3.76884e-06 3.72038e-06 3.6721e-06 3.62402e-06 3.57616e-06 3.52854e-06 3.48117e-06 3.43406e-06 3.38723e-06 3.34069e-06 3.29445e-06 3.24852e-06 3.20291e-06 3.15763e-06 3.11269e-06 3.06811e-06 3.02388e-06 2.98001e-06 2.93652e-06 2.8934e-06 2.85067e-06 2.80832e-06 2.76638e-06 2.72483e-06 2.68368e-06 2.64294e-06 2.60262e-06 2.5627e-06 2.52321e-06 2.48413e-06 2.44547e-06 2.40724e-06 2.36943e-06 2.33205e-06 2.29509e-06 2.25856e-06 2.22246e-06 2.18678e-06 2.15153e-06 2.11671e-06 2.08232e-06 2.04835e-06 2.01481e-06 1.98169e-06 1.949e-06 1.91672e-06 1.88487e-06 1.85343e-06 1.82241e-06 1.7918e-06 1.76161e-06 1.73183e-06 1.70245e-06 1.67348e-06 1.64491e-06 1.61674e-06 1.58896e-06 1.56158e-06 1.53459e-06
3.91888e-05 5.41664e-06 5.39452e-06 5.37063e-06 5.34506e-06 5.3179e-06 5.28922e-06 5.2591e-06 5.22762e-06 5.19485e-06 5.16087e-06 5.12573e-06 5.08952e-06 5.05229e-06 5.0141e-06 4.97501e-06 4.93509e-06 4.89439e-06 4.85295e-06 4.81084e-06 4.76811e-06 4.72479e-06 4.68094e-06 4.63661e-06 4.59183e-06 4.54665e-06 4.5011e-06 4.45524e-06 4.40908e-06 4.36268e-06 4.31606e-06 4.26925e-06 4.2223e-06 4.17522e-06 4.12805e-06 4.08081e-06 4.03354e-06 3.98625e-06 3.93898e-06 3.89174e-06 3.84456e-06 3.79746e-06 3.75046e-06 3.70358e-06 3.65684e-06 3.61025e-06 3.56384e-06 3.51762e-06 3.47161e-06 3.42581e-06 3.38025e-06 3.33493e-06 3.28988e-06 3.2451e-06 3.2006e-06 3.15639e-06 3.11248e-06 3.06889e-06 3.02562e-06 2.98268e-06 2.94008e-06 2.89782e-06 2.85591e-06 2.81436e-06 2.77318e-06 2.73236e-06 2.69192e-06 2.65185e-06 2.61217e-06 2.57288e-06 2.53397e-06 2.49546e-06 2.45734e-06 2.41963e-06 2.38231e-06 2.34539e-06 2.30888e-06 2.27277e-06 2.23707e-06 2.20178e-06 2.16689e-06 2.13241e-06 2.09834e-06 2.06468e-06 2.03142e-06 1.99857e-06 1.96612e-06 1.93408e-06 1.90245e-06 1.87121e-06 1.84038e-06 1.80995e-06 1.77991e-06 1.75027e-06 1.72103e-06 1.69217e-06 1.66371e-06 1.63563e-06 1.60794e-06 1.58063e-06 1.55371e-06
3.80056e-05 5.28432e-06 5.26625e-06 5.24634e-06 5.22468e-06 5.20136e-06 5.17645e-06 5.15004e-06 5.1222e-06 5.09301e-06 5.06253e-06 5.03084e-06 4.99799e-06 4.96406e-06 4.92911e-06 4.8932e-06 4.85638e-06 4.81872e-06 4.78026e-06 4.74106e-06 4.70117e-06 4.66064e-06 4.61951e-06 4.57783e-06 4.53565e-06 4.493e-06 4.44993e-06 4.40648e-06 4.36268e-06 4.31857e-06 4.27419e-06 4.22957e-06 4.18474e-06 4.13973e-06 4.09458e-06 4.04931e-06 4.00394e-06 3.95851e-06 3.91305e-06 3.86757e-06 3.8221e-06 3.77666e-06 3.73127e-06 3.68595e-06 3.64073e-06 3.59562e-06 3.55064e-06 3.5058e-06 3.46113e-06 3.41664e-06 3.37234e-06 3.32824e-06 3.28437e-06 3.24073e-06 3.19733e-06 3.15419e-06 3.11131e-06 3.06872e-06 3.02641e-06 2.98439e-06 2.94268e-06 2.90128e-06 2.86021e-06 2.81945e-06 2.77904e-06 2.73896e-06 2.69922e-06 2.65984e-06 2.62081e-06 2.58214e-06 2.54384e-06 2.5059e-06 2.46833e-06 2.43114e-06 2.39432e-06 2.35789e-06 2.32183e-06 2.28616e-06 2.25087e-06 2.21597e-06 2.18146e-06 2.14733e-06 2.11359e-06 2.08025e-06 2.04729e-06 2.01472e-06 1.98253e-06 1.95074e-06 1.91933e-06 1.88832e-06 1.85768e-06 1.82744e-06 1.79757e-06 1.76809e-06 1.73899e-06 1.71027e-06 1.68192e-06 1.65395e-06 1.62636e-06 1.59913e-06 1.57228e-06
3.68581e-05 5.15507e-06 5.14083e-06 5.12471e-06 5.10677e-06 5.08712e-06 5.06582e-06 5.04295e-06 5.0186e-06 4.99282e-06 4.96571e-06 4.93731e-06 4.90771e-06 4.87696e-06 4.84513e-06 4.81227e-06 4.77845e-06 4.74371e-06 4.70813e-06 4.67174e-06 4.63461e-06 4.59677e-06 4.55827e-06 4.51918e-06 4.47951e-06 4.43933e-06 4.39867e-06 4.35756e-06 4.31606e-06 4.27419e-06 4.232e-06 4.1895e-06 4.14675e-06 4.10377e-06 4.06059e-06 4.01724e-06 3.97375e-06 3.93015e-06 3.88646e-06 3.84271e-06 3.79892e-06 3.75511e-06 3.71131e-06 3.66754e-06 3.62382e-06 3.58016e-06 3.53659e-06 3.49313e-06 3.44979e-06 3.40658e-06 3.36353e-06 3.32065e-06 3.27794e-06 3.23544e-06 3.19314e-06 3.15106e-06 3.10921e-06 3.06761e-06 3.02626e-06 2.98517e-06 2.94436e-06 2.90382e-06 2.86357e-06 2.82362e-06 2.78397e-06 2.74464e-06 2.70562e-06 2.66692e-06 2.62855e-06 2.59052e-06 2.55282e-06 2.51547e-06 2.47846e-06 2.4418e-06 2.4055e-06 2.36955e-06 2.33396e-06 2.29873e-06 2.26387e-06 2.22937e-06 2.19524e-06 2.16148e-06 2.12809e-06 2.09506e-06 2.06241e-06 2.03013e-06 1.99823e-06 1.96669e-06 1.93553e-06 1.90474e-06 1.87432e-06 1.84427e-06 1.81459e-06 1.78528e-06 1.75634e-06 1.72776e-06 1.69954e-06 1.6717e-06 1.64421e-06 1.61708e-06 1.59031e-06
3.57452e-05 5.0288e-06 5.01821e-06 5.00569e-06 4.9913e-06 4.97514e-06 4.95728e-06 4.9378e-06 4.91678e-06 4.89429e-06 4.87039e-06 4.84516e-06 4.81867e-06 4.79097e-06 4.76214e-06 4.73222e-06 4.70129e-06 4.66939e-06 4.63658e-06 4.60291e-06 4.56844e-06 4.53321e-06 4.49727e-06 4.46067e-06 4.42345e-06 4.38566e-06 4.34734e-06 4.30852e-06 4.26925e-06 4.22957e-06 4.1895e-06 4.1491e-06 4.10837e-06 4.06737e-06 4.02613e-06 3.98466e-06 3.94301e-06 3.9012e-06 3.85925e-06 3.81719e-06 3.77505e-06 3.73286e-06 3.69062e-06 3.64837e-06 3.60613e-06 3.56391e-06 3.52174e-06 3.47963e-06 3.4376e-06 3.39567e-06 3.35386e-06 3.31218e-06 3.27064e-06 3.22926e-06 3.18806e-06 3.14704e-06 3.10621e-06 3.0656e-06 3.02521e-06 2.98504e-06 2.94512e-06 2.90545e-06 2.86604e-06 2.82689e-06 2.78802e-06 2.74943e-06 2.71113e-06 2.67312e-06 2.63542e-06 2.59802e-06 2.56094e-06 2.52418e-06 2.48773e-06 2.45162e-06 2.41583e-06 2.38038e-06 2.34527e-06 2.3105e-06 2.27607e-06 2.24199e-06 2.20825e-06 2.17486e-06 2.14183e-06 2.10914e-06 2.07681e-06 2.04484e-06 2.01322e-06 1.98195e-06 1.95105e-06 1.9205e-06 1.8903e-06 1.86046e-06 1.83098e-06 1.80185e-06 1.77307e-06 1.74465e-06 1.71658e-06 1.68886e-06 1.6615e-06 1.63448e-06 1.60781e-06
3.4666e-05 4.90545e-06 4.89834e-06 4.88923e-06 4.87822e-06 4.86539e-06 4.85082e-06 4.83457e-06 4.81674e-06 4.79738e-06 4.77657e-06 4.75438e-06 4.73087e-06 4.70611e-06 4.68016e-06 4.65308e-06 4.62492e-06 4.59575e-06 4.56562e-06 4.53458e-06 4.50268e-06 4.46998e-06 4.43652e-06 4.40234e-06 4.3675e-06 4.33203e-06 4.29598e-06 4.25939e-06 4.2223e-06 4.18474e-06 4.14675e-06 4.10837e-06 4.06964e-06 4.03057e-06 3.99122e-06 3.9516e-06 3.91174e-06 3.87169e-06 3.83145e-06 3.79106e-06 3.75055e-06 3.70993e-06 3.66923e-06 3.62848e-06 3.58769e-06 3.54689e-06 3.5061e-06 3.46533e-06 3.42461e-06 3.38394e-06 3.34336e-06 3.30287e-06 3.26249e-06 3.22223e-06 3.18211e-06 3.14214e-06 3.10234e-06 3.06271e-06 3.02328e-06 2.98404e-06 2.94501e-06 2.9062e-06 2.86762e-06 2.82928e-06 2.79119e-06 2.75335e-06 2.71577e-06 2.67846e-06 2.64143e-06 2.60468e-06 2.56822e-06 2.53205e-06 2.49618e-06 2.46062e-06 2.42536e-06 2.39041e-06 2.35579e-06 2.32148e-06 2.28749e-06 2.25383e-06 2.2205e-06 2.1875e-06 2.15483e-06 2.12249e-06 2.09049e-06 2.05883e-06 2.02751e-06 1.99653e-06 1.96589e-06 1.93559e-06 1.90563e-06 1.87601e-06 1.84673e-06 1.8178e-06 1.7892e-06 1.76095e-06 1.73304e-06 1.70546e-06 1.67823e-06 1.65133e-06 1.62477e-06
