0.0132506 0.00989599 0.00739067 0.00551962 0.00412225 0.00307864 0.00229924 0.00171715 0.00128243 0.000957764 0.000715292 0.000534205 0.000398964 0.00029796 0.000222527 0.000166191 0.000124117 9.26953e-05 6.92282e-05 5.1702e-05 3.86129e-05 2.88375e-05 2.15369e-05 1.60845e-05 1.20125e-05 8.97134e-06 6.70011e-06 5.00388e-06 3.73708e-06 2.79098e-06 2.0844e-06 1.55671e-06 1.1626e-06 8.68274e-07 6.48457e-07 4.84291e-07 3.61686e-07 2.7012e-07 2.01735e-07 1.50663e-07 1.1252e-07 8.40342e-08 6.27597e-08 4.68712e-08 3.5005e-08 2.6143e-08 1.95245e-08 1.45816e-08 1.08901e-08 8.13308e-09 6.07408e-09 4.53634e-09 3.3879e-09 2.5302e-09 1.88964e-09 1.41125e-09 1.05397e-09 7.87145e-10 5.87868e-10 4.3904e-10 3.27891e-10 2.44881e-10 1.82885e-10 1.36585e-10 1.02007e-10 7.61823e-11 5.68956e-11 4.24917e-11 3.17343e-11 2.37003e-11 1.77002e-11 1.32191e-11 9.87253e-12 7.37316e-12 5.50653e-12 4.11247e-12 3.07134e-12 2.29379e-12 1.71308e-12 1.27939e-12 9.55494e-13 7.13597e-13 5.32939e-13 3.98018e-13 2.97254e-13 2.22e-13 1.65797e-13 1.23823e-13 9.24756e-14 6.90641e-14 5.15795e-14 3.85214e-14 2.87691e-14 2.14858e-14 1.60464e-14 1.1984e-14 8.95007e-15 6.68423e-15 4.99202e-15 3.72822e-15 2.78437e-15
0.00989599 0.00806435 0.00652588 0.00524951 0.00420115 0.00334715 0.00265629 0.00210071 0.00165619 0.0013021 0.00102115 0.000798997 0.000623879 0.000486219 0.000378275 0.000293822 0.000227886 0.000176504 0.000136532 0.000105487 8.14099e-05 6.2763e-05 4.83398e-05 3.71968e-05 2.85977e-05 2.19685e-05 1.6863e-05 1.29345e-05 9.91435e-06 7.59439e-06 5.81366e-06 4.44782e-06 3.40093e-06 2.59905e-06 1.98521e-06 1.51559e-06 1.15652e-06 8.82118e-07 6.7253e-07 5.12526e-07 3.90433e-07 2.9731e-07 2.26314e-07 1.7221e-07 1.30996e-07 9.96118e-08 7.57228e-08 5.75451e-08 4.37181e-08 3.32039e-08 2.52113e-08 1.91375e-08 1.45232e-08 1.10187e-08 8.3578e-09 6.33798e-09 4.80517e-09 3.64226e-09 2.76019e-09 2.0913e-09 1.58418e-09 1.19979e-09 9.08495e-10 6.87794e-10 5.20613e-10 3.93999e-10 2.98125e-10 2.25543e-10 1.70604e-10 1.29027e-10 9.75666e-11 7.37661e-11 5.57632e-11 4.21479e-11 3.18524e-11 2.40685e-11 1.81843e-11 1.37368e-11 1.03758e-11 7.83608e-12 5.91731e-12 4.46783e-12 3.37302e-12 2.54618e-12 1.92182e-12 1.45039e-12 1.09449e-12 8.25835e-13 6.23058e-13 4.70024e-13 3.54542e-13 2.67407e-13 2.01667e-13 1.52075e-13 1.14667e-13 8.64535e-14 6.51758e-14 4.91306e-14 3.70323e-14 2.79109e-14 2.10344e-14
0.00739067 0.00652588 0.00565952 0.00483914 0.00409052 0.00342506 0.00284503 0.00234712 0.00192492 0.0015705 0.00127547 0.00103164 0.000831374 0.000667767 0.000534746 0.000427049 0.000340184 0.00027036 0.000214408 0.000169698 0.000134063 0.000105728 8.32473e-05 6.54475e-05 5.13804e-05 4.02828e-05 3.15421e-05 2.46685e-05 1.9271e-05 1.50382e-05 1.17231e-05 9.12998e-06 7.10384e-06 5.52245e-06 4.28947e-06 3.32908e-06 2.58172e-06 2.00065e-06 1.54926e-06 1.1989e-06 9.27158e-07 7.16557e-07 5.53457e-07 4.2723e-07 3.29606e-07 2.54151e-07 1.95866e-07 1.50871e-07 1.16155e-07 8.93848e-08 6.87527e-08 5.28594e-08 4.06225e-08 3.12053e-08 2.39615e-08 1.8392e-08 1.41116e-08 1.08234e-08 8.29835e-09 6.36016e-09 4.87299e-09 3.73231e-09 2.85772e-09 2.18738e-09 1.67377e-09 1.28037e-09 9.79151e-10 7.48582e-10 5.72148e-10 4.37179e-10 3.33961e-10 2.55046e-10 1.9473e-10 1.48641e-10 1.13433e-10 8.65446e-11 6.60144e-11 5.0343e-11 3.83835e-11 2.92587e-11 2.22984e-11 1.69904e-11 1.29433e-11 9.85821e-12 7.50703e-12 5.71551e-12 4.35071e-12 3.31121e-12 2.51962e-12 1.91693e-12 1.45815e-12 1.10898e-12 8.43285e-13 6.4114e-13 4.87374e-13 3.70427e-13 2.81499e-13 2.13887e-13 1.6249e-13 1.23426e-13 9.37391e-14
0.00551962 0.00524951 0.00483914 0.00435915 0.00385745 0.00336527 0.00290183 0.0024779 0.00209837 0.00176426 0.00147406 0.00122478 0.00101265 0.000833554 0.000683389 0.00055824 0.000454495 0.000368901 0.000298585 0.000241042 0.000194118 0.000155976 0.000125065 0.000100081 7.99404e-05 6.37411e-05 5.07407e-05 4.03289e-05 3.20063e-05 2.53656e-05 2.0076e-05 1.58694e-05 1.2529e-05 9.88039e-06 7.7831e-06 6.12455e-06 4.81457e-06 3.78112e-06 2.96674e-06 2.32569e-06 1.8216e-06 1.42559e-06 1.11478e-06 8.71071e-07 6.80136e-07 5.30674e-07 4.13771e-07 3.22406e-07 2.51053e-07 1.9537e-07 1.51945e-07 1.18103e-07 9.17462e-08 7.12322e-08 5.52754e-08 4.28708e-08 3.32332e-08 2.57495e-08 1.99416e-08 1.54364e-08 1.19437e-08 9.23718e-09 7.14091e-09 5.51806e-09 4.26228e-09 3.29098e-09 2.54004e-09 1.95971e-09 1.51141e-09 1.16524e-09 8.98039e-10 6.91873e-10 5.32858e-10 4.10255e-10 3.1576e-10 2.42953e-10 1.86877e-10 1.437e-10 1.10466e-10 8.48943e-11 6.52234e-11 5.00966e-11 3.84677e-11 2.95303e-11 2.26634e-11 1.73889e-11 1.33386e-11 1.02292e-11 7.84275e-12 6.01162e-12 4.60696e-12 3.5297e-12 2.70373e-12 2.07059e-12 1.58537e-12 1.2136e-12 9.28815e-13 7.10712e-13 5.43714e-13 4.15874e-13 3.1803e-13
0.00412225 0.00420115 0.00409052 0.00385745 0.00355201 0.00321064 0.00285909 0.00251485 0.00218922 0.00188889 0.00161723 0.00137528 0.00116252 0.000977407 0.000817795 0.000681247 0.000565229 0.000467248 0.000384947 0.000316152 0.000258898 0.00021144 0.000172246 0.000139986 0.000113515 9.18579e-05 7.4186e-05 5.98022e-05 4.81222e-05 3.86587e-05 3.10068e-05 2.48318e-05 1.98579e-05 1.58583e-05 1.26477e-05 1.00744e-05 8.01491e-06 6.36908e-06 5.0556e-06 4.0087e-06 3.17533e-06 2.51272e-06 1.98649e-06 1.56902e-06 1.23818e-06 9.76271e-07 7.69122e-07 6.05443e-07 4.76227e-07 3.74308e-07 2.93987e-07 2.30739e-07 1.80975e-07 1.41849e-07 1.1111e-07 8.69783e-08 6.80461e-08 5.32033e-08 4.15741e-08 3.24687e-08 2.53437e-08 1.97717e-08 1.54168e-08 1.2015e-08 9.35923e-09 7.28698e-09 5.6709e-09 4.41121e-09 3.4298e-09 2.66557e-09 2.07075e-09 1.60799e-09 1.24813e-09 9.68427e-10 7.51109e-10 5.82335e-10 4.51317e-10 3.49648e-10 2.70785e-10 2.09636e-10 1.6224e-10 1.25517e-10 9.70748e-11 7.50531e-11 5.80086e-11 4.4821e-11 3.46208e-11 2.6734e-11 2.06377e-11 1.5927e-11 1.22881e-11 9.47791e-12 7.3084e-12 5.63398e-12 4.34204e-12 3.34549e-12 2.577e-12 1.98455e-12 1.52792e-12 1.17607e-12 9.05034e-13
0.00307864 0.00334715 0.00342506 0.00336527 0.00321064 0.00299505 0.00274454 0.00247856 0.00221123 0.00195235 0.00170837 0.00148317 0.00127874 0.00109566 0.00093357 0.000791445 0.000667873 0.000561222 0.000469775 0.00039182 0.000325715 0.000269926 0.000223046 0.00018381 0.000151091 0.0001239 0.000101373 8.27646e-05 6.74359e-05 5.4841e-05 4.45172e-05 3.60743e-05 2.91844e-05 2.35731e-05 1.9012e-05 1.53114e-05 1.2314e-05 9.89025e-06 7.93346e-06 6.35604e-06 5.08627e-06 4.06555e-06 3.24613e-06 2.58913e-06 2.063e-06 1.64217e-06 1.30595e-06 1.03761e-06 8.23676e-07 6.53287e-07 5.17713e-07 4.09943e-07 3.24351e-07 2.56435e-07 2.0259e-07 1.59935e-07 1.26173e-07 9.94708e-08 7.83675e-08 6.17016e-08 4.85494e-08 3.81774e-08 3.00033e-08 2.35657e-08 1.84988e-08 1.45134e-08 1.13804e-08 8.91902e-09 6.9864e-09 5.4698e-09 4.28031e-09 3.34788e-09 2.61735e-09 2.04528e-09 1.59752e-09 1.24724e-09 9.73346e-10 7.59276e-10 5.92042e-10 4.61455e-10 3.59529e-10 2.80007e-10 2.1799e-10 1.69646e-10 1.31974e-10 1.02631e-10 7.9784e-11 6.20014e-11 4.81658e-11 3.74051e-11 2.90389e-11 2.25366e-11 1.74847e-11 1.35611e-11 1.05147e-11 8.15022e-12 6.31557e-12 4.89248e-12 3.78898e-12 2.93354e-12 2.27061e-12
0.00229924 0.00265629 0.00284503 0.00290183 0.00285909 0.00274454 0.00258118 0.00238753 0.00217808 0.00196383 0.00175284 0.00155076 0.00136132 0.00118674 0.00102811 0.00088566 0.000759033 0.000647454 0.000549891 0.000465164 0.000392035 0.000329263 0.000275653 0.000230076 0.000191492 0.000158954 0.000131614 0.000108718 8.96026e-05 7.36909e-05 6.04819e-05 4.95449e-05 4.0511e-05 3.30661e-05 2.69441e-05 2.19202e-05 1.78057e-05 1.44421e-05 1.16973e-05 9.46121e-06 7.64256e-06 6.16569e-06 4.96816e-06 3.99852e-06 3.21448e-06 2.58134e-06 2.07071e-06 1.65939e-06 1.32846e-06 1.0625e-06 8.48992e-07 6.77777e-07 5.40616e-07 4.30845e-07 3.43079e-07 2.72972e-07 2.17021e-07 1.72408e-07 1.36864e-07 1.0857e-07 8.60642e-08 6.81772e-08 5.39718e-08 4.26984e-08 3.37583e-08 2.66735e-08 2.10629e-08 1.66226e-08 1.31108e-08 1.03351e-08 8.14254e-09 6.41167e-09 5.04608e-09 3.96929e-09 3.1207e-09 2.45231e-09 1.92615e-09 1.51216e-09 1.1866e-09 9.30707e-10 7.29672e-10 5.71811e-10 4.4791e-10 3.50709e-10 2.74488e-10 2.14745e-10 1.67939e-10 1.31283e-10 1.02589e-10 8.01364e-11 6.25745e-11 4.88436e-11 3.81121e-11 2.9728e-11 2.31802e-11 1.80686e-11 1.40794e-11 1.09674e-11 8.54047e-12 6.64848e-12 5.17402e-12
0.00171715 0.00210071 0.00234712 0.0024779 0.00251485 0.00247856 0.00238753 0.00225773 0.00210253 0.00193279 0.00175705 0.00158184 0.00141194 0.00125071 0.00110031 0.000962026 0.000836388 0.000723416 0.000622742 0.000533735 0.000455596 0.00038743 0.000328304 0.000277283 0.000233468 0.000196003 0.000164099 0.000137031 0.000114147 9.48623e-05 7.86611e-05 6.50892e-05 5.37505e-05 4.43019e-05 3.64471e-05 2.99323e-05 2.45405e-05 2.00875e-05 1.6417e-05 1.33972e-05 1.09171e-05 8.88388e-06 7.21968e-06 5.85968e-06 4.74996e-06 3.84579e-06 3.11012e-06 2.51235e-06 2.02727e-06 1.63412e-06 1.31588e-06 1.05856e-06 8.50741e-07 6.83084e-07 5.4797e-07 4.39195e-07 3.5171e-07 2.81417e-07 2.2499e-07 1.79735e-07 1.43472e-07 1.14439e-07 9.12148e-08 7.26517e-08 5.7826e-08 4.59944e-08 3.65594e-08 2.9041e-08 2.30541e-08 1.82901e-08 1.45017e-08 1.14912e-08 9.10044e-09 7.20297e-09 5.69796e-09 4.50497e-09 3.55986e-09 2.81156e-09 2.21942e-09 1.75111e-09 1.38094e-09 1.0885e-09 8.57582e-10 6.75339e-10 5.31582e-10 4.1824e-10 3.2892e-10 2.58565e-10 2.03172e-10 1.5958e-10 1.2529e-10 9.83289e-11 7.71391e-11 6.04922e-11 4.74198e-11 3.71585e-11 2.91069e-11 2.27918e-11 1.78404e-11 1.39598e-11 1.09196e-11
0.00128243 0.00165619 0.00192492 0.00209837 0.00218922 0.00221123 0.00217808 0.00210253 0.001996 0.00186834 0.0017278 0.00158107 0.00143342 0.00128885 0.00115031 0.00101979 0.000898589 0.000787388 0.00068642 0.000595574 0.000514489 0.000442634 0.000379367 0.000323986 0.000275765 0.000233983 0.000197944 0.000166986 0.000140496 0.00011791 9.87187e-05 8.24626e-05 6.87337e-05 5.71716e-05 4.74602e-05 3.93236e-05 3.25227e-05 2.68511e-05 2.21313e-05 1.82118e-05 1.49632e-05 1.22757e-05 1.00564e-05 8.22691e-06 6.72119e-06 5.48394e-06 4.46883e-06 3.63721e-06 2.95687e-06 2.40105e-06 1.94756e-06 1.57803e-06 1.27729e-06 1.03281e-06 8.34316e-07 6.73325e-07 5.42896e-07 4.37336e-07 3.51992e-07 2.8306e-07 2.27438e-07 1.82597e-07 1.46481e-07 1.17417e-07 9.40491e-08 7.52762e-08 6.02072e-08 4.8121e-08 3.84346e-08 3.06774e-08 2.44697e-08 1.95057e-08 1.55389e-08 1.23712e-08 9.84338e-09 7.82743e-09 6.22077e-09 4.94109e-09 3.92248e-09 3.11217e-09 2.46794e-09 1.95605e-09 1.54953e-09 1.22689e-09 9.70943e-10 7.68021e-10 6.0722e-10 4.79862e-10 3.79042e-10 2.9927e-10 2.36182e-10 1.86312e-10 1.4691e-10 1.15792e-10 9.12273e-11 7.18449e-11 5.6558e-11 4.45063e-11 3.50091e-11 2.7528e-11 2.16375e-11
0.000957764 0.0013021 0.0015705 0.00176426 0.00188889 0.00195235 0.00196383 0.00193279 0.00186834 0.00177887 0.0016718 0.0015535 0.00142926 0.00130335 0.00117913 0.00105912 0.000945132 0.000838393 0.000739641 0.000649224 0.000567193 0.000493369 0.00042741 0.000368859 0.000317193 0.000271847 0.000232245 0.000197818 0.000168016 0.000142319 0.000120245 0.000101346 8.52197e-05 7.15003e-05 5.98624e-05 5.00171e-05 4.17096e-05 3.47171e-05 2.8845e-05 2.39249e-05 1.98111e-05 1.63784e-05 1.35196e-05 1.11433e-05 9.1714e-06 7.53801e-06 6.18721e-06 5.07188e-06 4.15237e-06 3.39543e-06 2.77319e-06 2.26238e-06 1.84361e-06 1.50074e-06 1.22034e-06 9.91326e-07 8.04488e-07 6.52233e-07 5.28296e-07 4.27517e-07 3.45654e-07 2.79224e-07 2.25369e-07 1.8175e-07 1.46456e-07 1.17922e-07 9.48739e-08 7.62733e-08 6.12743e-08 4.91895e-08 3.94603e-08 3.16337e-08 2.53423e-08 2.02888e-08 1.62325e-08 1.2979e-08 1.03712e-08 8.28231e-09 6.61023e-09 5.27264e-09 4.20331e-09 3.34898e-09 2.66682e-09 2.12247e-09 1.68833e-09 1.3423e-09 1.06664e-09 8.47172e-10 6.72528e-10 5.33629e-10 4.23215e-10 3.35491e-10 2.65828e-10 2.10536e-10 1.6667e-10 1.31886e-10 1.04317e-10 8.24762e-11 6.5181e-11 5.14915e-11 4.06608e-11
0.000715292 0.00102115 0.00127547 0.00147406 0.00161723 0.00170837 0.00175284 0.00175705 0.0017278 0.0016718 0.00159538 0.00150422 0.00140332 0.00129692 0.00118851 0.00108088 0.000976206 0.000876099 0.000781692 0.00069372 0.000612589 0.000538446 0.000471236 0.00041075 0.000356671 0.000308607 0.000266123 0.000228757 0.000196046 0.000167533 0.000142777 0.000121366 0.000102911 8.70566e-05 7.34793e-05 6.18859e-05 5.20141e-05 4.36304e-05 3.65284e-05 3.05265e-05 2.54658e-05 2.12081e-05 1.76333e-05 1.4638e-05 1.21329e-05 1.00418e-05 8.29921e-06 6.84957e-06 5.6456e-06 4.64723e-06 3.82062e-06 3.13721e-06 2.57301e-06 2.10785e-06 1.72486e-06 1.40992e-06 1.15128e-06 9.39113e-07 7.65282e-07 6.2302e-07 5.06723e-07 4.11753e-07 3.34281e-07 2.71146e-07 2.19747e-07 1.77941e-07 1.43971e-07 1.16393e-07 9.40234e-08 7.58951e-08 6.12163e-08 4.93404e-08 3.97399e-08 3.1985e-08 2.57257e-08 2.06775e-08 1.66089e-08 1.33323e-08 1.06953e-08 8.57454e-09 6.87014e-09 5.50125e-09 4.40253e-09 3.52123e-09 2.81476e-09 2.24879e-09 1.79564e-09 1.43304e-09 1.14307e-09 9.11296e-10 7.26153e-10 5.78336e-10 4.60384e-10 3.66313e-10 2.91325e-10 2.31581e-10 1.84005e-10 1.46137e-10 1.16011e-10 9.20549e-11 7.30146e-11
0.000534205 0.000798997 0.00103164 0.00122478 0.00137528 0.00148317 0.00155076 0.00158184 0.00158107 0.0015535 0.00150422 0.00143808 0.00135954 0.00127256 0.00118058 0.00108646 0.000992549 0.000900713 0.000812366 0.000728542 0.000649942 0.000576996 0.000509907 0.0004487 0.000393261 0.000343376 0.000298756 0.000259062 0.000223929 0.000192977 0.000165828 0.000142109 0.000121467 0.000103565 8.80921e-05 7.47607e-05 6.33086e-05 5.34988e-05 4.51183e-05 3.79772e-05 3.19069e-05 2.6759e-05 2.24029e-05 1.87248e-05 1.56253e-05 1.30187e-05 1.08305e-05 8.99709e-06 7.46348e-06 6.18284e-06 5.11515e-06 4.22641e-06 3.48772e-06 2.87466e-06 2.36657e-06 1.94605e-06 1.59847e-06 1.31155e-06 1.075e-06 8.80201e-07 7.19982e-07 5.88351e-07 4.80328e-07 3.91773e-07 3.19255e-07 2.59929e-07 2.11445e-07 1.71859e-07 1.39568e-07 1.13253e-07 9.18272e-08 7.43971e-08 6.02298e-08 4.87243e-08 3.9388e-08 3.18181e-08 2.56852e-08 2.07202e-08 1.67038e-08 1.34571e-08 1.08345e-08 8.71747e-09 7.00978e-09 5.6332e-09 4.52425e-09 3.63148e-09 2.91321e-09 2.33569e-09 1.87161e-09 1.49893e-09 1.19982e-09 9.59885e-10 7.67536e-10 6.1342e-10 4.90004e-10 3.91226e-10 3.12209e-10 2.49033e-10 1.98548e-10 1.58224e-10 1.26033e-10
0.000398964 0.000623879 0.000831374 0.00101265 0.00116252 0.00127874 0.00136132 0.00141194 0.00143342 0.00142926 0.00140332 0.00135954 0.00130171 0.00123338 0.00115774 0.00107758 0.000995301 0.000912866 0.000831874 0.000753568 0.000678878 0.000608462 0.000542745 0.000481964 0.000426193 0.000375389 0.000329411 0.000288047 0.000251037 0.000218092 0.0001889 0.000163148 0.000140522 0.000120719 0.000103448 8.84368e-05 7.54311e-05 6.41969e-05 5.45208e-05 4.62093e-05 3.90886e-05 3.3003e-05 2.78144e-05 2.34006e-05 1.96539e-05 1.64802e-05 1.37972e-05 1.15334e-05 9.6267e-06 8.02372e-06 6.67837e-06 5.55109e-06 4.60805e-06 3.82035e-06 3.16338e-06 2.61624e-06 2.1612e-06 1.78328e-06 1.46981e-06 1.21013e-06 9.95283e-07 8.1774e-07 6.71195e-07 5.50374e-07 4.50871e-07 3.69014e-07 3.01744e-07 2.46517e-07 2.01223e-07 1.64112e-07 1.33734e-07 1.0889e-07 8.85916e-08 7.20206e-08 5.85045e-08 4.74895e-08 3.85201e-08 3.12224e-08 2.52895e-08 2.04698e-08 1.65574e-08 1.3384e-08 1.08117e-08 8.72823e-09 7.04183e-09 5.67777e-09 4.57517e-09 3.68451e-09 2.9655e-09 2.38543e-09 1.91775e-09 1.54091e-09 1.23744e-09 9.93208e-10 7.9676e-10 6.38837e-10 5.11954e-10 4.10067e-10 3.28295e-10 2.62701e-10 2.10113e-10
0.00029796 0.000486219 0.000667767 0.000833554 0.000977407 0.00109566 0.00118674 0.00125071 0.00128885 0.00130335 0.00129692 0.00127256 0.00123338 0.0011824 0.00112247 0.0010562 0.00098588 0.000913511 0.000840764 0.000769009 0.000699334 0.00063257 0.000569325 0.00051001 0.000454872 0.000404022 0.000357461 0.000315103 0.000276796 0.000242344 0.000211513 0.000184052 0.000159701 0.000138193 0.000119271 0.000102684 8.8192e-05 7.55718e-05 6.4615e-05 5.51298e-05 4.69411e-05 3.98902e-05 3.38343e-05 2.86453e-05 2.42093e-05 2.04254e-05 1.72045e-05 1.44683e-05 1.21485e-05 1.01854e-05 8.52704e-06 7.12864e-06 5.95141e-06 4.96197e-06 4.13169e-06 3.43601e-06 2.85397e-06 2.3677e-06 1.962e-06 1.62398e-06 1.34272e-06 1.10898e-06 9.14967e-07 7.54125e-07 6.20938e-07 5.10775e-07 4.19756e-07 3.44636e-07 2.82702e-07 2.31693e-07 1.89722e-07 1.55221e-07 1.26889e-07 1.03644e-07 8.45895e-08 6.8984e-08 5.62145e-08 4.57743e-08 3.72456e-08 3.02841e-08 2.46064e-08 1.99792e-08 1.62111e-08 1.31449e-08 1.06517e-08 8.62574e-09 6.98072e-09 5.64592e-09 4.56356e-09 3.68648e-09 2.97621e-09 2.40139e-09 1.93649e-09 1.56072e-09 1.25717e-09 1.01211e-09 8.14385e-10 6.54943e-10 5.26445e-10 4.22943e-10 3.3962e-10
0.000222527 0.000378275 0.000534746 0.000683389 0.000817795 0.00093357 0.00102811 0.00110031 0.00115031 0.00117913 0.00118851 0.00118058 0.00115774 0.00112247 0.00107722 0.00102431 0.000965869 0.000903824 0.000839842 0.000775346 0.000711516 0.000649304 0.000589452 0.000532514 0.00047888 0.000428798 0.000382399 0.000339714 0.0003007 0.00026525 0.000233214 0.000204409 0.00017863 0.000155659 0.000135275 0.000117255 0.000101382 8.74491e-05 7.52579e-05 6.46234e-05 5.53739e-05 4.73512e-05 4.0411e-05 3.44223e-05 2.92673e-05 2.484e-05 2.10463e-05 1.78022e-05 1.5034e-05 1.26764e-05 1.06723e-05 8.97181e-06 7.53153e-06 6.31369e-06 5.28565e-06 4.4192e-06 3.69007e-06 3.07742e-06 2.56338e-06 2.13269e-06 1.77233e-06 1.47121e-06 1.21992e-06 1.01047e-06 8.36109e-07 6.91134e-07 5.7073e-07 4.70844e-07 3.88072e-07 3.19554e-07 2.62895e-07 2.1609e-07 1.77464e-07 1.45619e-07 1.19388e-07 9.78029e-08 8.00562e-08 6.54783e-08 5.35139e-08 4.37027e-08 3.5664e-08 2.90828e-08 2.36992e-08 1.92988e-08 1.57046e-08 1.27712e-08 1.03789e-08 8.42919e-09 6.84141e-09 5.54923e-09 4.49835e-09 3.64427e-09 2.95059e-09 2.38756e-09 1.93085e-09 1.56062e-09 1.26068e-09 1.01782e-09 8.21311e-10 6.62386e-10 5.33935e-10
0.000166191 0.000293822 0.000427049 0.00055824 0.000681247 0.000791445 0.00088566 0.000962026 0.00101979 0.00105912 0.00108088 0.00108646 0.00107758 0.0010562 0.00102431 0.00098391 0.000936922 0.000885115 0.000830091 0.000773263 0.000715846 0.000658859 0.000603137 0.000549339 0.000497968 0.000449387 0.00040384 0.000361466 0.000322321 0.000286387 0.000253596 0.000223833 0.000196954 0.000172793 0.000151169 0.000131895 0.00011478 9.96394e-05 8.62897e-05 7.45574e-05 6.42783e-05 5.52986e-05 4.7476e-05 4.06794e-05 3.47892e-05 2.9697e-05 2.5305e-05 2.15252e-05 1.82793e-05 1.54978e-05 1.31188e-05 1.1088e-05 9.35775e-06 7.8861e-06 6.63658e-06 5.57744e-06 4.68112e-06 3.92378e-06 3.28483e-06 2.74656e-06 2.29376e-06 1.91338e-06 1.59427e-06 1.32691e-06 1.10319e-06 9.16224e-07 7.60159e-07 6.30042e-07 5.21682e-07 4.31543e-07 3.56642e-07 2.9447e-07 2.42916e-07 2.00211e-07 1.64871e-07 1.35654e-07 1.11521e-07 9.16075e-08 7.51894e-08 6.16655e-08 5.05353e-08 4.13828e-08 3.38629e-08 2.76893e-08 2.26252e-08 1.84743e-08 1.50745e-08 1.22922e-08 1.00167e-08 8.15712e-09 6.63853e-09 5.39925e-09 4.3886e-09 3.56495e-09 2.89416e-09 2.3482e-09 1.90412e-09 1.54315e-09 1.24991e-09 1.01183e-09 8.18652e-10
0.000124117 0.000227886 0.000340184 0.000454495 0.000565229 0.000667873 0.000759033 0.000836388 0.000898589 0.000945132 0.000976206 0.000992549 0.000995301 0.00098588 0.000965869 0.000936922 0.000900688 0.000858755 0.000812606 0.000763592 0.000712913 0.000661611 0.000610569 0.000560517 0.000512042 0.000465599 0.000421524 0.00038005 0.00034132 0.000305403 0.000272304 0.00024198 0.000214346 0.000189289 0.000166673 0.00014635 0.000128161 0.000111945 9.75394e-05 8.47859e-05 7.35317e-05 6.3631e-05 5.49466e-05 4.73503e-05 4.07234e-05 3.49571e-05 2.99518e-05 2.56172e-05 2.18719e-05 1.86428e-05 1.58645e-05 1.34789e-05 1.14345e-05 9.68565e-06 8.19239e-06 6.91957e-06 5.83648e-06 4.91635e-06 4.13588e-06 3.47491e-06 2.91595e-06 2.44396e-06 2.04596e-06 1.71081e-06 1.42896e-06 1.19223e-06 9.93661e-07 8.27298e-07 6.88085e-07 5.71726e-07 4.7458e-07 3.93564e-07 3.26073e-07 2.69908e-07 2.23217e-07 1.84441e-07 1.52269e-07 1.25603e-07 1.03521e-07 8.52522e-08 7.01514e-08 5.76802e-08 4.73898e-08 3.89059e-08 3.19173e-08 2.6165e-08 2.14342e-08 1.75464e-08 1.43539e-08 1.17344e-08 9.58652e-09 7.82669e-09 6.38582e-09 5.20691e-09 4.24302e-09 3.45544e-09 2.81236e-09 2.28761e-09 1.85969e-09 1.51094e-09 1.22691e-09
9.26953e-05 0.000176504 0.00027036 0.000368901 0.000467248 0.000561222 0.000647454 0.000723416 0.000787388 0.000838393 0.000876099 0.000900713 0.000912866 0.000913511 0.000903824 0.000885115 0.000858755 0.000826119 0.000788537 0.000747258 0.000703426 0.000658067 0.000612077 0.000566225 0.00052115 0.000477374 0.000435306 0.000395257 0.000357447 0.000322017 0.000289045 0.000258551 0.000230512 0.000204865 0.000181524 0.000160378 0.000141303 0.000124167 0.000108831 9.5155e-05 8.30014e-05 7.22355e-05 6.27281e-05 5.43569e-05 4.70065e-05 4.05697e-05 3.49474e-05 3.00486e-05 2.57902e-05 2.20968e-05 1.89004e-05 1.614e-05 1.37608e-05 1.17143e-05 9.95714e-06 8.45123e-06 7.16289e-06 6.06256e-06 5.12436e-06 4.32567e-06 3.6468e-06 3.07063e-06 2.58236e-06 2.16915e-06 1.81995e-06 1.52523e-06 1.27683e-06 1.06773e-06 8.9193e-07 7.44305e-07 6.20486e-07 5.16754e-07 4.29947e-07 3.57383e-07 2.96791e-07 2.46247e-07 2.04129e-07 1.69067e-07 1.39908e-07 1.1568e-07 9.55695e-08 7.88911e-08 6.50717e-08 5.36313e-08 4.41685e-08 3.6348e-08 2.98901e-08 2.45619e-08 2.0169e-08 1.65503e-08 1.35715e-08 1.11213e-08 9.10742e-09 7.45335e-09 6.09576e-09 4.9823e-09 4.06969e-09 3.32221e-09 2.71039e-09 2.20992e-09 1.80082e-09
6.92282e-05 0.000136532 0.000214408 0.000298585 0.000384947 0.000469775 0.000549891 0.000622742 0.00068642 0.000739641 0.000781692 0.000812366 0.000831874 0.000840764 0.000839842 0.000830091 0.000812606 0.000788537 0.000759037 0.000725228 0.000688169 0.000648835 0.000608106 0.000566756 0.000525455 0.000484766 0.000445152 0.000406981 0.000370538 0.000336027 0.000303589 0.000273303 0.000245201 0.000219274 0.00019548 0.000173748 0.000153993 0.00013611 0.000119988 0.000105507 9.2549e-05 8.09917e-05 7.07174e-05 6.16116e-05 5.35652e-05 4.64747e-05 4.02433e-05 3.47809e-05 3.00043e-05 2.58374e-05 2.22104e-05 1.90604e-05 1.63304e-05 1.39691e-05 1.19307e-05 1.01745e-05 8.66405e-06 7.36734e-06 6.256e-06 5.30512e-06 4.49283e-06 3.80002e-06 3.21002e-06 2.7083e-06 2.28227e-06 1.92101e-06 1.61509e-06 1.35637e-06 1.13785e-06 9.53524e-07 7.98223e-07 6.67533e-07 5.57684e-07 4.65455e-07 3.88107e-07 3.23309e-07 2.69081e-07 2.23747e-07 1.85887e-07 1.54299e-07 1.2797e-07 1.06045e-07 8.78042e-08 7.26428e-08 6.00519e-08 4.96049e-08 4.09442e-08 3.37703e-08 2.78329e-08 2.29228e-08 1.88655e-08 1.55155e-08 1.27517e-08 1.04731e-08 8.59594e-09 7.05064e-09 5.77942e-09 4.73441e-09 3.87594e-09 3.17118e-09 2.59301e-09
5.1702e-05 0.000105487 0.000169698 0.000241042 0.000316152 0.00039182 0.000465164 0.000533735 0.000595574 0.000649224 0.00069372 0.000728542 0.000753568 0.000769009 0.000775346 0.000773263 0.000763592 0.000747258 0.000725228 0.00069848 0.000667965 0.000634585 0.000599177 0.000562499 0.000525222 0.00048793 0.00045112 0.000415204 0.000380512 0.000347303 0.00031577 0.000286045 0.00025821 0.000232305 0.00020833 0.000186257 0.000166034 0.000147589 0.000130839 0.000115687 0.000102034 8.97753e-05 7.88052e-05 6.90201e-05 6.03188e-05 5.26038e-05 4.57825e-05 3.97674e-05 3.44768e-05 2.98349e-05 2.57718e-05 2.22233e-05 1.91311e-05 1.64422e-05 1.41087e-05 1.20876e-05 1.03404e-05 8.83277e-06 7.53417e-06 6.41753e-06 5.45897e-06 4.63743e-06 3.93444e-06 3.33381e-06 2.82139e-06 2.38486e-06 2.0135e-06 1.69802e-06 1.43036e-06 1.20356e-06 1.01164e-06 8.49432e-07 7.12497e-07 5.97034e-07 4.99789e-07 4.17979e-07 3.49229e-07 2.91516e-07 2.43119e-07 2.02576e-07 1.68646e-07 1.40278e-07 1.16583e-07 9.6811e-08 8.03266e-08 6.65959e-08 5.51689e-08 4.56675e-08 3.77738e-08 3.12213e-08 2.57865e-08 2.12825e-08 1.75528e-08 1.44666e-08 1.19149e-08 9.80667e-09 8.06613e-09 6.63018e-09 5.44637e-09 4.4711e-09 3.66818e-09
3.86129e-05 8.14099e-05 0.000134063 0.000194118 0.000258898 0.000325715 0.000392035 0.000455596 0.000514489 0.000567193 0.000612589 0.000649942 0.000678878 0.000699334 0.000711516 0.000715846 0.000712913 0.000703426 0.000688169 0.000667965 0.000643645 0.000616022 0.000585869 0.000553906 0.000520788 0.0004871 0.000453354 0.000419987 0.000387366 0.000355787 0.000325487 0.000296643 0.000269382 0.000243785 0.000219895 0.000197722 0.000177248 0.000158434 0.000141223 0.000125545 0.00011132 9.84615e-05 8.688e-05 7.64837e-05 6.71811e-05 5.88828e-05 5.15017e-05 4.49549e-05 3.91635e-05 3.40534e-05 2.95556e-05 2.56061e-05 2.21459e-05 1.91209e-05 1.64822e-05 1.41849e-05 1.21889e-05 1.0458e-05 8.95964e-06 7.66499e-06 6.54825e-06 5.5866e-06 4.75983e-06 4.05017e-06 3.44194e-06 2.92144e-06 2.47665e-06 2.0971e-06 1.77367e-06 1.49843e-06 1.2645e-06 1.06593e-06 8.97599e-07 7.55065e-07 6.3452e-07 5.3269e-07 4.46766e-07 3.74343e-07 3.13367e-07 2.62082e-07 2.18993e-07 1.82826e-07 1.525e-07 1.27095e-07 1.05835e-07 8.80579e-08 7.3208e-08 6.08141e-08 5.04791e-08 4.18684e-08 3.47004e-08 2.87383e-08 2.37832e-08 1.96684e-08 1.62541e-08 1.34232e-08 1.10778e-08 9.13604e-09 7.52968e-09 6.20173e-09 5.1047e-09
2.88375e-05 6.2763e-05 0.000105728 0.000155976 0.00021144 0.000269926 0.000329263 0.00038743 0.000442634 0.000493369 0.000538446 0.000576996 0.000608462 0.00063257 0.000649304 0.000658859 0.000661611 0.000658067 0.000648835 0.000634585 0.000616022 0.000593856 0.000568786 0.000541477 0.00051255 0.000482576 0.000452064 0.000421464 0.000391162 0.000361484 0.000332698 0.000305018 0.000278608 0.000253586 0.000230032 0.000207992 0.000187482 0.000168491 0.000150992 0.000134939 0.000120273 0.000106928 9.48307e-05 8.39023e-05 7.40633e-05 6.52333e-05 5.73329e-05 5.02848e-05 4.40145e-05 3.84511e-05 3.35274e-05 2.91806e-05 2.53522e-05 2.19879e-05 1.9038e-05 1.64569e-05 1.4203e-05 1.22389e-05 1.05305e-05 9.04717e-06 7.76166e-06 6.6495e-06 5.68893e-06 4.86064e-06 4.14755e-06 3.53458e-06 3.00846e-06 2.55755e-06 2.17164e-06 1.84182e-06 1.56033e-06 1.32038e-06 1.11612e-06 9.42458e-07 7.94984e-07 6.69902e-07 5.63935e-07 4.74264e-07 3.98468e-07 3.3447e-07 2.80491e-07 2.35009e-07 1.96727e-07 1.64537e-07 1.37495e-07 1.14801e-07 9.57736e-08 7.98345e-08 6.64949e-08 5.53406e-08 4.60218e-08 3.82431e-08 3.17554e-08 2.63489e-08 2.18471e-08 1.81016e-08 1.49877e-08 1.24009e-08 1.02536e-08 8.47245e-09 6.99611e-09
2.15369e-05 4.83398e-05 8.32473e-05 0.000125065 0.000172246 0.000223046 0.000275653 0.000328304 0.000379367 0.00042741 0.000471236 0.000509907 0.000542745 0.000569325 0.000589452 0.000603137 0.000610569 0.000612077 0.000608106 0.000599177 0.000585869 0.000568786 0.000548541 0.000525734 0.000500941 0.000474703 0.000447514 0.000419823 0.000392023 0.000364457 0.000337416 0.000311141 0.000285825 0.000261619 0.000238634 0.000216948 0.000196607 0.00017763 0.000160015 0.00014374 0.000128771 0.00011506 0.000102549 9.11771e-05 8.08755e-05 7.15749e-05 6.32048e-05 5.56948e-05 4.8976e-05 4.29817e-05 3.76481e-05 3.29143e-05 2.87232e-05 2.50212e-05 2.17589e-05 1.88901e-05 1.63728e-05 1.41684e-05 1.22418e-05 1.05613e-05 9.098e-06 7.82624e-06 6.72284e-06 5.76711e-06 4.94065e-06 4.22712e-06 3.61203e-06 3.08261e-06 2.62758e-06 2.23706e-06 1.90236e-06 1.6159e-06 1.37104e-06 1.16202e-06 9.83805e-07 8.32052e-07 7.02985e-07 5.93341e-07 5.00304e-07 4.21446e-07 3.54681e-07 2.98215e-07 2.50509e-07 2.10246e-07 1.76298e-07 1.47704e-07 1.23643e-07 1.03414e-07 8.64243e-08 7.21674e-08 6.02145e-08 5.02022e-08 4.18226e-08 3.48154e-08 2.89608e-08 2.4073e-08 1.99958e-08 1.65974e-08 1.3767e-08 1.14115e-08 9.45257e-09
1.60845e-05 3.71968e-05 6.54475e-05 0.000100081 0.000139986 0.00018381 0.000230076 0.000277283 0.000323986 0.000368859 0.00041075 0.0004487 0.000481964 0.00051001 0.000532514 0.000549339 0.000560517 0.000566225 0.000566756 0.000562499 0.000553906 0.000541477 0.000525734 0.000507206 0.000486414 0.000463858 0.000440008 0.000415298 0.000390119 0.000364819 0.000339703 0.00031503 0.000291016 0.000267836 0.00024563 0.000224501 0.000204523 0.000185741 0.000168178 0.000151837 0.000136703 0.000122749 0.000109934 9.82125e-05 8.75296e-05 7.78274e-05 6.9045e-05 6.11202e-05 5.39909e-05 4.75956e-05 4.18746e-05 3.67704e-05 3.2228e-05 2.81953e-05 2.46238e-05 2.14677e-05 1.86848e-05 1.62362e-05 1.40861e-05 1.22019e-05 1.05538e-05 9.11489e-06 7.86089e-06 6.76992e-06 5.8224e-06 5.00082e-06 4.28956e-06 3.67478e-06 3.14419e-06 2.68693e-06 2.29343e-06 1.95528e-06 1.66508e-06 1.41636e-06 1.20348e-06 1.0215e-06 8.66119e-07 7.33618e-07 6.20759e-07 5.24742e-07 4.43144e-07 3.73878e-07 3.15142e-07 2.6539e-07 2.2329e-07 1.87703e-07 1.57649e-07 1.32294e-07 1.10924e-07 9.29287e-08 7.77896e-08 6.50648e-08 5.43787e-08 4.54126e-08 3.7896e-08 3.15998e-08 2.63303e-08 2.19237e-08 1.82415e-08 1.51671e-08 1.26021e-08
1.20125e-05 2.85977e-05 5.13804e-05 7.99404e-05 0.000113515 0.000151091 0.000191492 0.000233468 0.000275765 0.000317193 0.000356671 0.000393261 0.000426193 0.000454872 0.00047888 0.000497968 0.000512042 0.00052115 0.000525455 0.000525222 0.000520788 0.00051255 0.000500941 0.000486414 0.000469429 0.000450438 0.000429878 0.000408157 0.000385657 0.000362723 0.000339662 0.000316744 0.000294201 0.000272227 0.000250982 0.000230593 0.000211155 0.000192739 0.00017539 0.000159131 0.00014397 0.000129897 0.000116891 0.000104919 9.39413e-05 8.39123e-05 7.47815e-05 6.64958e-05 5.90006e-05 5.22407e-05 4.61614e-05 4.07093e-05 3.58324e-05 3.14812e-05 2.76083e-05 2.41694e-05 2.11226e-05 1.84292e-05 1.60531e-05 1.39613e-05 1.21233e-05 1.05115e-05 9.10061e-06 7.86783e-06 6.79253e-06 5.85619e-06 5.04219e-06 4.33567e-06 3.7234e-06 3.1936e-06 2.73585e-06 2.34091e-06 2.00064e-06 1.70788e-06 1.45632e-06 1.24045e-06 1.05544e-06 8.9708e-07 7.61689e-07 6.46076e-07 5.47465e-07 4.63452e-07 3.91956e-07 3.31177e-07 2.79564e-07 2.3578e-07 1.98677e-07 1.67265e-07 1.40699e-07 1.18251e-07 9.93029e-08 8.33224e-08 6.98573e-08 5.85219e-08 4.89877e-08 4.09753e-08 3.42476e-08 2.86033e-08 2.38718e-08 1.99086e-08 1.65916e-08
8.97134e-06 2.19685e-05 4.02828e-05 6.37411e-05 9.18579e-05 0.0001239 0.000158954 0.000196003 0.000233983 0.000271847 0.000308607 0.000343376 0.000375389 0.000404022 0.000428798 0.000449387 0.000465599 0.000477374 0.000484766 0.00048793 0.0004871 0.000482576 0.000474703 0.000463858 0.000450438 0.000434843 0.000417467 0.000398691 0.000378876 0.000358354 0.000337431 0.00031638 0.000295439 0.000274816 0.000254687 0.000235196 0.000216458 0.000198564 0.000181578 0.000165545 0.00015049 0.000136422 0.000123335 0.000111214 0.000100031 8.97548e-05 8.03446e-05 7.17573e-05 6.39465e-05 5.6864e-05 5.04611e-05 4.46891e-05 3.94999e-05 3.48469e-05 3.06853e-05 2.69722e-05 2.36669e-05 2.07313e-05 1.81298e-05 1.58291e-05 1.37986e-05 1.20101e-05 1.04377e-05 9.05791e-06 7.8493e-06 6.79247e-06 5.86991e-06 5.0659e-06 4.36631e-06 3.75854e-06 3.23134e-06 2.77469e-06 2.37973e-06 2.0386e-06 1.74437e-06 1.49093e-06 1.27291e-06 1.0856e-06 9.24872e-07 7.87123e-07 6.69208e-07 5.68389e-07 4.82286e-07 4.08832e-07 3.46238e-07 2.92955e-07 2.47646e-07 2.09157e-07 1.76494e-07 1.48803e-07 1.2535e-07 1.05505e-07 8.87291e-08 7.45601e-08 6.26039e-08 5.25237e-08 4.40326e-08 3.68862e-08 3.08766e-08 2.58271e-08 2.15877e-08
6.70011e-06 1.6863e-05 3.15421e-05 5.07407e-05 7.4186e-05 0.000101373 0.000131614 0.000164099 0.000197944 0.000232245 0.000266123 0.000298756 0.000329411 0.000357461 0.000382399 0.00040384 0.000421524 0.000435306 0.000445152 0.00045112 0.000453354 0.000452064 0.000447514 0.000440008 0.000429878 0.000417467 0.000403127 0.000387203 0.00037003 0.000351923 0.000333177 0.00031406 0.000294816 0.000275657 0.00025677 0.000238311 0.000220412 0.000203179 0.000186694 0.000171019 0.000156196 0.00014225 0.000129194 0.000117023 0.000105728 9.52851e-05 8.56679e-05 7.68423e-05 6.87707e-05 6.14127e-05 5.47257e-05 4.86667e-05 4.31921e-05 3.82589e-05 3.38254e-05 2.98507e-05 2.62961e-05 2.31245e-05 2.0301e-05 1.77928e-05 1.55695e-05 1.36026e-05 1.1866e-05 1.03356e-05 8.98949e-06 7.80754e-06 6.77156e-06 5.86505e-06 5.07313e-06 4.38243e-06 3.78095e-06 3.25795e-06 2.80387e-06 2.41019e-06 2.06936e-06 1.7747e-06 1.52028e-06 1.30089e-06 1.11197e-06 9.4947e-07 8.09877e-07 6.90102e-07 5.87452e-07 4.99579e-07 4.2444e-07 3.60261e-07 3.05501e-07 2.58828e-07 2.19088e-07 1.85285e-07 1.56562e-07 1.32179e-07 1.11499e-07 9.39767e-08 7.91438e-08 6.65987e-08 5.5998e-08 4.70481e-08 3.94985e-08 3.31355e-08 2.77769e-08
5.00388e-06 1.29345e-05 2.46685e-05 4.03289e-05 5.98022e-05 8.27646e-05 0.000108718 0.000137031 0.000166986 0.000197818 0.000228757 0.000259062 0.000288047 0.000315103 0.000339714 0.000361466 0.00038005 0.000395257 0.000406981 0.000415204 0.000419987 0.000421464 0.000419823 0.000415298 0.000408157 0.000398691 0.000387203 0.000374001 0.000359387 0.000343655 0.000327085 0.000309936 0.000292446 0.000274831 0.000257282 0.000239964 0.00022302 0.000206569 0.000190707 0.00017551 0.000161037 0.000147327 0.000134405 0.000122285 0.000110966 0.00010044 9.069e-05 8.16922e-05 7.3418e-05 6.5835e-05 5.89076e-05 5.25986e-05 4.68697e-05 4.16821e-05 3.69974e-05 3.27777e-05 2.89864e-05 2.55882e-05 2.25494e-05 1.9838e-05 1.7424e-05 1.52792e-05 1.33776e-05 1.16947e-05 1.02084e-05 8.89795e-06 7.74474e-06 6.73162e-06 5.84309e-06 5.0651e-06 4.38499e-06 3.79138e-06 3.27404e-06 2.82384e-06 2.43264e-06 2.09318e-06 1.79903e-06 1.54447e-06 1.32447e-06 1.13458e-06 9.70883e-07 8.29938e-07 7.0873e-07 6.04616e-07 5.15288e-07 4.38733e-07 3.73197e-07 3.17153e-07 2.69278e-07 2.28424e-07 1.93596e-07 1.63935e-07 1.387e-07 1.1725e-07 9.9035e-08 8.35814e-08 7.04826e-08 5.93895e-08 5.00034e-08 4.20684e-08 3.53659e-08
3.73708e-06 9.91435e-06 1.9271e-05 3.20063e-05 4.81222e-05 6.74359e-05 8.96026e-05 0.000114147 0.000140496 0.000168016 0.000196046 0.000223929 0.000251037 0.000276796 0.0003007 0.000322321 0.00034132 0.000357447 0.000370538 0.000380512 0.000387366 0.000391162 0.000392023 0.000390119 0.000385657 0.000378876 0.00037003 0.000359387 0.000347216 0.000333787 0.000319356 0.000304171 0.000288462 0.00027244 0.000256297 0.000240204 0.000224309 0.000208741 0.000193608 0.000178997 0.00016498 0.000151608 0.000138922 0.000126946 0.000115692 0.000105164 9.53556e-05 8.62528e-05 7.78363e-05 7.00817e-05 6.29606e-05 5.64422e-05 5.04936e-05 4.50808e-05 4.01694e-05 3.57247e-05 3.17129e-05 2.81006e-05 2.4856e-05 2.19483e-05 1.93483e-05 1.70285e-05 1.4963e-05 1.31275e-05 1.14998e-05 1.00589e-05 8.78582e-06 7.663e-06 6.67442e-06 5.80551e-06 5.04302e-06 4.37499e-06 3.79064e-06 3.28025e-06 2.83512e-06 2.44748e-06 2.11036e-06 1.81759e-06 1.56368e-06 1.34375e-06 1.15351e-06 9.89147e-07 8.47321e-07 7.25088e-07 6.19864e-07 5.29387e-07 4.51678e-07 3.85009e-07 3.27873e-07 2.7896e-07 2.37128e-07 2.01391e-07 1.70889e-07 1.44883e-07 1.2273e-07 1.03878e-07 8.78491e-08 7.42339e-08 6.2679e-08 5.28813e-08 4.45807e-08
2.79098e-06 7.59439e-06 1.50382e-05 2.53656e-05 3.86587e-05 5.4841e-05 7.36909e-05 9.48623e-05 0.00011791 0.000142319 0.000167533 0.000192977 0.000218092 0.000242344 0.00026525 0.000286387 0.000305403 0.000322017 0.000336027 0.000347303 0.000355787 0.000361484 0.000364457 0.000364819 0.000362723 0.000358354 0.000351923 0.000343655 0.000333787 0.000322556 0.000310199 0.000296945 0.000283012 0.000268603 0.000253909 0.000239098 0.000224325 0.000209722 0.000195406 0.000181473 0.000168006 0.000155067 0.000142708 0.000130965 0.00011986 0.00010941 9.96159e-05 9.04755e-05 8.19779e-05 7.41065e-05 6.68407e-05 6.0156e-05 5.40253e-05 4.84197e-05 4.3309e-05 3.86624e-05 3.44491e-05 3.06385e-05 2.72004e-05 2.4106e-05 2.13271e-05 1.88373e-05 1.66111e-05 1.46248e-05 1.28561e-05 1.12843e-05 9.88999e-06 8.65548e-06 7.56437e-06 6.60169e-06 5.75375e-06 5.00809e-06 4.35342e-06 3.77954e-06 3.27724e-06 2.83823e-06 2.45511e-06 2.12122e-06 1.83063e-06 1.57808e-06 1.35887e-06 1.16885e-06 1.00432e-06 8.62061e-07 7.39192e-07 6.33197e-07 5.41866e-07 4.63258e-07 3.95675e-07 3.37635e-07 2.87843e-07 2.45172e-07 2.0864e-07 1.77396e-07 1.507e-07 1.27913e-07 1.08481e-07 9.19256e-08 7.78334e-08 6.58491e-08 5.56662e-08
2.0844e-06 5.81366e-06 1.17231e-05 2.0076e-05 3.10068e-05 4.45172e-05 6.04819e-05 7.86611e-05 9.87187e-05 0.000120245 0.000142777 0.000165828 0.0001889 0.000211513 0.000233214 0.000253596 0.000272304 0.000289045 0.000303589 0.00031577 0.000325487 0.000332698 0.000337416 0.000339703 0.000339662 0.000337431 0.000333177 0.000327085 0.000319356 0.000310199 0.000299825 0.000288442 0.000276254 0.000263454 0.000250224 0.000236732 0.000223129 0.000209554 0.000196125 0.000182949 0.000170112 0.00015769 0.000145741 0.000134312 0.000123436 0.000113138 0.00010343 9.43179e-05 8.58e-05 7.78675e-05 7.0507e-05 6.37008e-05 5.74276e-05 5.16639e-05 4.63842e-05 4.15616e-05 3.71687e-05 3.31778e-05 2.95613e-05 2.62921e-05 2.33439e-05 2.06912e-05 1.83097e-05 1.61761e-05 1.42687e-05 1.25668e-05 1.10513e-05 9.70427e-06 8.50919e-06 7.4508e-06 6.51508e-06 5.68921e-06 4.96149e-06 4.32127e-06 3.7589e-06 3.26567e-06 2.83372e-06 2.45598e-06 2.1261e-06 1.83843e-06 1.58789e-06 1.36999e-06 1.18071e-06 1.0165e-06 8.74215e-07 7.51077e-07 6.44634e-07 5.52729e-07 4.73467e-07 4.05184e-07 3.46423e-07 2.9591e-07 2.52533e-07 2.15322e-07 1.83432e-07 1.56131e-07 1.3278e-07 1.12826e-07 9.57925e-08 8.12642e-08 6.88842e-08
1.55671e-06 4.44782e-06 9.12998e-06 1.58694e-05 2.48318e-05 3.60743e-05 4.95449e-05 6.50892e-05 8.24626e-05 0.000101346 0.000121366 0.000142109 0.000163148 0.000184052 0.000204409 0.000223833 0.00024198 0.000258551 0.000273303 0.000286045 0.000296643 0.000305018 0.000311141 0.00031503 0.000316744 0.00031638 0.00031406 0.000309936 0.000304171 0.000296945 0.000288442 0.00027885 0.000268354 0.000257134 0.000245363 0.000233201 0.000220799 0.000208294 0.000195807 0.000183448 0.000171311 0.000159476 0.000148011 0.000136969 0.000126394 0.000116318 0.000106764 9.77443e-05 8.92655e-05 8.1327e-05 7.39223e-05 6.70403e-05 6.06658e-05 5.47805e-05 4.93638e-05 4.43932e-05 3.98448e-05 3.56943e-05 3.19166e-05 2.84871e-05 2.53812e-05 2.2575e-05 2.00453e-05 1.77699e-05 1.57275e-05 1.38981e-05 1.22627e-05 1.08036e-05 9.50415e-06 8.34907e-06 7.3241e-06 6.41617e-06 5.61326e-06 4.90437e-06 4.2795e-06 3.72953e-06 3.24623e-06 2.82214e-06 2.45053e-06 2.12538e-06 1.84127e-06 1.59334e-06 1.37728e-06 1.18923e-06 1.02577e-06 8.83855e-07 7.60793e-07 6.54206e-07 5.61996e-07 4.82314e-07 4.13533e-07 3.54228e-07 3.03147e-07 2.59197e-07 2.2142e-07 1.88983e-07 1.61157e-07 1.37312e-07 1.16897e-07 9.94342e-08 8.45116e-08
1.1626e-06 3.40093e-06 7.10384e-06 1.2529e-05 1.98579e-05 2.91844e-05 4.0511e-05 5.37505e-05 6.87337e-05 8.52197e-05 0.000102911 0.000121467 0.000140522 0.000159701 0.00017863 0.000196954 0.000214346 0.000230512 0.000245201 0.00025821 0.000269382 0.000278608 0.000285825 0.000291016 0.000294201 0.000295439 0.000294816 0.000292446 0.000288462 0.000283012 0.000276254 0.000268354 0.000259477 0.000249789 0.00023945 0.000228613 0.000217423 0.000206012 0.000194504 0.00018301 0.000171625 0.000160437 0.000149518 0.000138929 0.00012872 0.000118931 0.000109593 0.000100726 9.23437e-05 8.44528e-05 7.70538e-05 7.01417e-05 6.37075e-05 5.77383e-05 5.22182e-05 4.71292e-05 4.24515e-05 3.81638e-05 3.42444e-05 3.06709e-05 2.7421e-05 2.44725e-05 2.18037e-05 1.93936e-05 1.72217e-05 1.52688e-05 1.35162e-05 1.19467e-05 1.05437e-05 9.29191e-06 8.17711e-06 7.18603e-06 6.30647e-06 5.52717e-06 4.83784e-06 4.22904e-06 3.69222e-06 3.21957e-06 2.80403e-06 2.43923e-06 2.11943e-06 1.83945e-06 1.59467e-06 1.38095e-06 1.19457e-06 1.03226e-06 8.91069e-07 7.68404e-07 6.61959e-07 5.69695e-07 4.89815e-07 4.20732e-07 3.61053e-07 3.09553e-07 2.65157e-07 2.26925e-07 1.94034e-07 1.65767e-07 1.41497e-07 1.20678e-07 1.02838e-07
