0.864142 0.0597842 0.00413607 0.000286148 1.97966e-05 1.3696e-06 9.47534e-08 6.55536e-09 4.53522e-10 3.13762e-11 2.17071e-12 1.50177e-13 1.03897e-14 7.18797e-16 4.97288e-17 3.44041e-18 2.38019e-19 1.64669e-20 1.13924e-21 7.88164e-23 5.45278e-24 3.77242e-25 2.60989e-26 1.80561e-27 1.24918e-28 8.64224e-30 5.97899e-31 4.13647e-32 2.86175e-33 1.97985e-34 1.36973e-35 9.47625e-37 6.55598e-38 4.53565e-39 3.13792e-40 2.17092e-41 1.50191e-42 1.03907e-43 7.18866e-45 4.97336e-46 3.44073e-47 2.38042e-48 1.64685e-49 1.13935e-50 7.88239e-52 5.4533e-53 3.77278e-54 2.61013e-55 1.80578e-56 1.2493e-57 8.64306e-59 5.97956e-60 4.13686e-61 2.86202e-62 1.98004e-63 1.36986e-64 9.47715e-66 6.55661e-67 4.53608e-68 3.13821e-69 2.17112e-70 1.50206e-71 1.03917e-72 7.18934e-74 4.97383e-75 3.44106e-76 2.38064e-77 1.64701e-78 1.13946e-79 7.88314e-81 5.45382e-82 3.77314e-83 2.61038e-84 1.80595e-85 1.24942e-86 8.64389e-88 5.98013e-89 4.13726e-90 2.86229e-91 1.98023e-92 1.36999e-93 9.47805e-95 6.55723e-96 4.53651e-97 3.13851e-98 2.17133e-99 1.5022e-100 1.03927e-101 7.19003e-103 4.9743e-104 3.44139e-105 2.38087e-106 1.64717e-107 1.13956e-108 7.88389e-110 5.45434e-111 3.7735e-112 2.61063e-113 1.80612e-114 1.24954e-115 8.64471e-117
0.0597842 0.00610444 0.000558504 4.80604e-05 3.97678e-06 3.2022e-07 2.52736e-08 1.96435e-09 1.50832e-10 1.14681e-11 8.64872e-13 6.47792e-14 4.82372e-15 3.57387e-16 2.63626e-17 1.93712e-18 1.41853e-19 1.03561e-20 7.53976e-22 5.47576e-23 3.96784e-24 2.86929e-25 2.071e-26 1.49224e-27 1.07351e-28 7.71143e-30 5.53188e-31 3.96333e-32 2.83619e-33 2.02736e-34 1.44769e-35 1.03276e-36 7.36084e-38 5.24181e-39 3.72978e-40 2.65186e-41 1.8841e-42 1.33769e-43 9.49129e-45 6.73014e-46 4.76942e-47 3.37802e-48 2.39125e-49 1.69186e-50 1.19644e-51 8.4569e-53 5.97498e-54 4.21963e-55 2.97874e-56 2.10192e-57 1.48264e-58 1.04543e-59 7.36881e-61 5.19222e-62 3.65735e-63 2.57538e-64 1.81294e-65 1.27584e-66 8.97602e-68 6.31324e-69 4.43919e-70 3.12064e-71 2.19318e-72 1.54098e-73 1.08248e-74 7.60225e-76 5.33788e-77 3.74715e-78 2.62992e-79 1.84542e-80 1.29468e-81 9.08127e-83 6.36867e-84 4.46552e-85 3.13053e-86 2.19427e-87 1.53776e-88 1.07749e-89 7.54871e-91 5.28765e-92 3.70328e-93 2.59326e-94 1.81569e-95 1.27109e-96 8.89719e-98 6.22686e-99 4.35741e-100 3.04882e-101 2.13295e-102 1.49202e-103 1.04356e-104 7.29811e-106 5.10331e-107 3.56816e-108 2.49453e-109 1.74376e-110 1.21881e-111 8.51812e-113 5.95259e-114 4.15934e-115 2.90603e-116
0.00413607 0.000558504 6.19653e-05 6.21094e-06 5.8426e-07 5.25992e-08 4.58423e-09 3.89653e-10 3.2465e-11 2.66108e-12 2.15169e-13 1.71982e-14 1.36105e-15 1.06787e-16 8.31523e-18 6.43162e-19 4.94507e-20 3.78179e-21 2.87821e-22 2.18094e-23 1.646e-24 1.23773e-25 9.27605e-27 6.93035e-28 5.16301e-29 3.83616e-30 2.84325e-31 2.10249e-32 1.55137e-33 1.1424e-34 8.39652e-36 6.16034e-37 4.51211e-38 3.29963e-39 2.40934e-40 1.75676e-41 1.27921e-42 9.30287e-44 6.75712e-45 4.90232e-46 3.55273e-47 2.57196e-48 1.86006e-49 1.34392e-50 9.70101e-52 6.99644e-53 5.0416e-54 3.62999e-55 2.61158e-56 1.87747e-57 1.34875e-58 9.68242e-60 6.94618e-61 4.97997e-62 3.56809e-63 2.55495e-64 1.82842e-65 1.30775e-66 9.34843e-68 6.67916e-69 4.76962e-70 3.40432e-71 2.42867e-72 1.73183e-73 1.23437e-74 8.79422e-76 6.26273e-77 4.4581e-78 3.17221e-79 2.25635e-80 1.60429e-81 1.14025e-82 8.10146e-84 5.75405e-85 4.08541e-86 2.8997e-87 2.05745e-88 1.45938e-89 1.03485e-90 7.33587e-92 5.19877e-93 3.6832e-94 2.60872e-95 1.84719e-96 1.30762e-97 9.25415e-99 6.54759e-100 4.63147e-101 3.27529e-102 2.31567e-103 1.63683e-104 1.15673e-105 8.17261e-107 5.77293e-108 4.07698e-109 2.87865e-110 2.03213e-111 1.43425e-112 1.01208e-113 7.14033e-115 5.03663e-116
0.000286148 4.80604e-05 6.21094e-06 7.03946e-07 7.35423e-08 7.26127e-09 6.87566e-10 6.3026e-11 5.62894e-12 4.92092e-13 4.22554e-14 3.57345e-15 2.98243e-16 2.46072e-17 2.0098e-18 1.62682e-19 1.30627e-20 1.04131e-21 8.24672e-23 6.4922e-24 5.08319e-25 3.96012e-26 3.07101e-27 2.3714e-28 1.82396e-29 1.39776e-30 1.06749e-31 8.12662e-33 6.16814e-34 4.66852e-35 3.52416e-36 2.6537e-37 1.99355e-38 1.4943e-39 1.11772e-40 8.34376e-42 6.21681e-43 4.62371e-44 3.43296e-45 2.54469e-46 1.88332e-47 1.39176e-48 1.02703e-49 7.56853e-51 5.57019e-52 4.09433e-53 3.00588e-54 2.20424e-55 1.61458e-56 1.1814e-57 8.63548e-59 6.30584e-60 4.60027e-61 3.35291e-62 2.44158e-63 1.77642e-64 1.29139e-65 9.38038e-67 6.80837e-68 4.93784e-69 3.57859e-70 2.59167e-71 1.87563e-72 1.35651e-73 9.80437e-75 7.08176e-76 5.11207e-77 3.68803e-78 2.65913e-79 1.9162e-80 1.38008e-81 9.93432e-83 7.14735e-84 5.13963e-85 3.69407e-86 2.65381e-87 1.9056e-88 1.36771e-89 9.81213e-91 7.03629e-92 5.04359e-93 3.61373e-94 2.58819e-95 1.85295e-96 1.32606e-97 9.48635e-99 6.78382e-100 4.84945e-101 3.46543e-102 2.47554e-103 1.76782e-104 1.262e-105 9.00619e-107 6.42516e-108 4.58239e-109 3.26713e-110 2.32869e-111 1.65932e-112 1.18201e-113 8.41767e-115 5.99296e-116
1.97966e-05 3.97678e-06 5.8426e-07 7.35423e-08 8.40994e-09 8.99706e-10 9.15978e-11 8.97263e-12 8.52084e-13 7.88744e-14 7.14575e-15 6.35592e-16 5.56418e-17 4.80375e-18 4.09657e-19 3.45548e-20 2.88624e-21 2.38954e-22 1.96248e-23 1.59999e-24 1.29574e-25 1.0429e-26 8.34637e-28 6.64455e-29 5.26393e-30 4.15124e-31 3.25987e-32 2.54973e-33 1.98686e-34 1.54283e-35 1.19409e-36 9.21298e-38 7.08737e-39 5.437e-40 4.15993e-41 3.17485e-42 2.41726e-43 1.83628e-44 1.39192e-45 1.05291e-46 7.94898e-48 5.9898e-49 4.50536e-50 3.38294e-51 2.53594e-52 1.89798e-53 1.41834e-54 1.05835e-55 7.88608e-57 5.86817e-58 4.36087e-59 3.23664e-60 2.39929e-61 1.77648e-62 1.31384e-63 9.70608e-65 7.1628e-66 5.28049e-67 3.88894e-68 2.86132e-69 2.10327e-70 1.54465e-71 1.13339e-72 8.30914e-74 6.08656e-75 4.45488e-76 3.25806e-77 2.38095e-78 1.73867e-79 1.26874e-80 9.25166e-82 6.7417e-83 4.90941e-84 3.57278e-85 2.59841e-86 1.8886e-87 1.37186e-88 9.95921e-90 7.22586e-91 5.23975e-92 3.79746e-93 2.7507e-94 1.99144e-95 1.44101e-96 1.0422e-97 7.53394e-99 5.4436e-100 3.93139e-101 2.83797e-102 2.04774e-103 1.4769e-104 1.06473e-105 7.67268e-107 5.52681e-108 3.97948e-109 2.86422e-110 2.06071e-111 1.48205e-112 1.06549e-113 7.65724e-115 5.50099e-116
1.3696e-06 3.2022e-07 5.25992e-08 7.26127e-09 8.99706e-10 1.03393e-10 1.12332e-11 1.16813e-12 1.17257e-13 1.14316e-14 1.08739e-15 1.01276e-16 9.26173e-18 8.33519e-19 7.39568e-20 6.47957e-21 5.61277e-22 4.81225e-23 4.08757e-24 3.44256e-25 2.87676e-26 2.38671e-27 1.96702e-28 1.61118e-29 1.31216e-30 1.06295e-31 8.56778e-33 6.87373e-34 5.49045e-35 4.36746e-36 3.46064e-37 2.73204e-38 2.14933e-39 1.68534e-40 1.31739e-41 1.02671e-42 7.97904e-44 6.18419e-45 4.78077e-46 3.68677e-47 2.83645e-48 2.17734e-49 1.6678e-50 1.27487e-51 9.72579e-53 7.40557e-54 5.62857e-55 4.27044e-56 3.23453e-57 2.44591e-58 1.84666e-59 1.39211e-60 1.04791e-61 7.87695e-63 5.91286e-64 4.43264e-65 3.31872e-66 2.48164e-67 1.85347e-68 1.3827e-69 1.03033e-70 7.6692e-72 5.70245e-73 4.23569e-74 3.14305e-75 2.32999e-76 1.72562e-77 1.27683e-78 9.43916e-80 6.97194e-81 5.14522e-82 3.79397e-83 2.79533e-84 2.05793e-85 1.51389e-86 1.11284e-87 8.17431e-89 6.00014e-90 4.40118e-91 3.22613e-92 2.36322e-93 1.73e-94 1.26565e-95 9.25355e-97 6.76147e-98 4.9376e-99 3.60361e-100 2.62853e-101 1.91623e-102 1.39619e-103 1.01674e-104 7.40029e-106 5.3835e-107 3.91438e-108 2.84477e-109 2.06644e-110 1.50035e-111 1.08883e-112 7.89828e-114 5.72677e-115 4.15047e-116
9.47534e-08 2.52736e-08 4.58423e-09 6.87566e-10 9.15978e-11 1.12332e-11 1.29494e-12 1.42225e-13 1.50216e-14 1.53598e-15 1.52817e-16 1.48513e-17 1.41417e-18 1.32269e-19 1.21765e-20 1.10517e-21 9.90364e-23 8.77298e-24 7.6902e-25 6.67664e-26 5.74579e-27 4.9047e-28 4.15538e-29 3.49607e-30 2.92233e-31 2.42799e-32 2.00587e-33 1.64835e-34 1.34781e-35 1.09688e-36 8.88723e-38 7.17049e-39 5.76243e-40 4.61346e-41 3.68039e-42 2.92606e-43 2.31881e-44 1.83192e-45 1.443e-46 1.13346e-47 8.87914e-49 6.93772e-50 5.4074e-51 4.20465e-52 3.26198e-53 2.52512e-54 1.95059e-55 1.50374e-56 1.15699e-57 8.8852e-59 6.81111e-60 5.21202e-61 3.98162e-62 3.0367e-63 2.31237e-64 1.75812e-65 1.33473e-66 1.01185e-67 7.66009e-69 5.79116e-70 4.37248e-71 3.29715e-72 2.48321e-73 1.86796e-74 1.40351e-75 1.05335e-76 7.89679e-78 5.91375e-79 4.42407e-80 3.30628e-81 2.46847e-82 1.84118e-83 1.37201e-84 1.02145e-85 7.59789e-87 5.64661e-88 4.19289e-89 3.11084e-90 2.30615e-91 1.70827e-92 1.2644e-93 9.35163e-95 6.91141e-96 5.10425e-97 3.76695e-98 2.77809e-99 2.04742e-100 1.50793e-101 1.10987e-102 8.16371e-104 6.00111e-105 4.40869e-106 3.23689e-107 2.37516e-108 1.74183e-109 1.27666e-110 9.35198e-112 6.84694e-113 5.01024e-114 3.66432e-115 2.67859e-116
6.55536e-09 1.96435e-09 3.89653e-10 6.3026e-11 8.97263e-12 1.16813e-12 1.42225e-13 1.64308e-14 1.81921e-15 1.94442e-16 2.01715e-17 2.03965e-18 2.01692e-19 1.95571e-20 1.86364e-21 1.74847e-22 1.61759e-23 1.47761e-24 1.33422e-25 1.19206e-26 1.05474e-27 9.24894e-29 8.04321e-30 6.94088e-31 5.94671e-32 5.06083e-33 4.27992e-34 3.5982e-35 3.00832e-36 2.50202e-37 2.07068e-38 1.70571e-39 1.39886e-40 1.1424e-41 9.29243e-43 7.52993e-44 6.07969e-45 4.89184e-46 3.92312e-47 3.13633e-48 2.49978e-49 1.98667e-50 1.57451e-51 1.24455e-52 9.81221e-54 7.71711e-55 6.05501e-56 4.74009e-57 3.70258e-58 2.88605e-59 2.24499e-60 1.74289e-61 1.35051e-62 1.04454e-63 8.06447e-65 6.21553e-66 4.7825e-67 3.67391e-68 2.81786e-69 2.15799e-70 1.6502e-71 1.26009e-72 9.60859e-74 7.31695e-75 5.56453e-76 4.2264e-77 3.20606e-78 2.4291e-79 1.83826e-80 1.38953e-81 1.04916e-82 7.91302e-84 5.96183e-85 4.4871e-86 3.37374e-87 2.53413e-88 1.90163e-89 1.42565e-90 1.06782e-91 7.99089e-93 5.97461e-94 4.46323e-95 3.33138e-96 2.48452e-97 1.85144e-98 1.37859e-99 1.02572e-100 7.62589e-102 5.66543e-103 4.20591e-104 3.12018e-105 2.31312e-106 1.71364e-107 1.26868e-108 9.38637e-110 6.9401e-111 5.12815e-112 3.78692e-113 2.79479e-114 2.06136e-115 1.51951e-116
4.53522e-10 1.50832e-10 3.2465e-11 5.62894e-12 8.52084e-13 1.17257e-13 1.50216e-14 1.81921e-15 2.10501e-16 2.34518e-17 2.53025e-18 2.65561e-19 2.72096e-20 2.72953e-21 2.68712e-22 2.6012e-23 2.48009e-24 2.3323e-25 2.16596e-26 1.9885e-27 1.80639e-28 1.62501e-29 1.44868e-30 1.28068e-31 1.12332e-32 9.78099e-34 8.45829e-35 7.26747e-36 6.20653e-37 5.27023e-38 4.45105e-39 3.74002e-40 3.12737e-41 2.60306e-42 2.1572e-43 1.78027e-44 1.46337e-45 1.19833e-46 9.7775e-48 7.9501e-49 6.44283e-50 5.20474e-51 4.19176e-52 3.36605e-53 2.69539e-54 2.15252e-55 1.71451e-56 1.3622e-57 1.07967e-58 8.53736e-60 6.73562e-61 5.30256e-62 4.16561e-63 3.26578e-64 2.55528e-65 1.99554e-66 1.55554e-67 1.21038e-68 9.40167e-70 7.2905e-71 5.64414e-72 4.36262e-73 3.36687e-74 2.59449e-75 1.99638e-76 1.53397e-77 1.17704e-78 9.01945e-80 6.90239e-81 5.2755e-82 4.02705e-83 3.07031e-84 2.33811e-85 1.77846e-86 1.35125e-87 1.02553e-88 7.77486e-90 5.88819e-91 4.45478e-92 3.36694e-93 2.54225e-94 1.91772e-95 1.44526e-96 1.0882e-97 8.18618e-99 6.15279e-100 4.62051e-101 3.46691e-102 2.59918e-103 1.94706e-104 1.4574e-105 1.09004e-106 8.14656e-108 6.08391e-109 4.54018e-110 3.38573e-111 2.52305e-112 1.87889e-113 1.39823e-114 1.03985e-115 7.72818e-117
3.13762e-11 1.14681e-11 2.66108e-12 4.92092e-13 7.88744e-14 1.14316e-14 1.53598e-15 1.94442e-16 2.34518e-17 2.7169e-18 3.04186e-19 3.30699e-20 3.50418e-21 3.63013e-22 3.68578e-23 3.67548e-24 3.60612e-25 3.48626e-26 3.32534e-27 3.13296e-28 2.91839e-29 2.69014e-30 2.45574e-31 2.22158e-32 1.99285e-33 1.77362e-34 1.56686e-35 1.37462e-36 1.19809e-37 1.0378e-38 8.93719e-40 7.65397e-41 6.52071e-42 5.52763e-43 4.66364e-44 3.91697e-45 3.27572e-46 2.72821e-47 2.26331e-48 1.87058e-49 1.54044e-50 1.26419e-51 1.03405e-52 8.43112e-54 6.85331e-55 5.5544e-56 4.48891e-57 3.61791e-58 2.90823e-59 2.33182e-60 1.86506e-61 1.4882e-62 1.18476e-63 9.41101e-65 7.45945e-66 5.90029e-67 4.65761e-68 3.66946e-69 2.88547e-70 2.2648e-71 1.77447e-72 1.38787e-73 1.08367e-74 8.44757e-76 6.57465e-77 5.10902e-78 3.96411e-79 3.07124e-80 2.37606e-81 1.83567e-82 1.41625e-83 1.0912e-84 8.3967e-86 6.453e-87 4.95311e-88 3.79726e-89 2.90771e-90 2.22398e-91 1.69912e-92 1.29669e-93 9.88518e-95 7.52792e-96 5.72688e-97 4.35236e-98 3.30448e-99 2.50647e-100 1.89938e-101 1.438e-102 1.08771e-103 8.22017e-105 6.20685e-106 4.68264e-107 3.52978e-108 2.65857e-109 2.00078e-110 1.50455e-111 1.13052e-112 8.48828e-114 6.3685e-115 4.7746e-116 3.57704e-117
2.17071e-12 8.64872e-13 2.15169e-13 4.22554e-14 7.14575e-15 1.08739e-15 1.52817e-16 2.01715e-17 2.53025e-18 3.04186e-19 3.52739e-20 3.9652e-21 4.338e-22 4.6336e-23 4.845e-24 4.97017e-25 5.01137e-26 4.97435e-27 4.86747e-28 4.7008e-29 4.48531e-30 4.23214e-31 3.95207e-32 3.65511e-33 3.35017e-34 3.0449e-35 2.74566e-36 2.4575e-37 2.18423e-38 1.92857e-39 1.69222e-40 1.47607e-41 1.28032e-42 1.10462e-43 9.48195e-45 8.09995e-46 6.8875e-47 5.83075e-48 4.91537e-49 4.12699e-50 3.45168e-51 2.87618e-52 2.3881e-53 1.97607e-54 1.62975e-55 1.33987e-56 1.09819e-57 8.97462e-59 7.3134e-60 5.94335e-61 4.81718e-62 3.89442e-63 3.14063e-64 2.52668e-65 2.02804e-66 1.62415e-67 1.29786e-68 1.03493e-69 8.23578e-71 6.54083e-72 5.18467e-73 4.10198e-74 3.23946e-75 2.55376e-76 2.00972e-77 1.57893e-78 1.23845e-79 9.69837e-81 7.58308e-82 5.92017e-83 4.6151e-84 3.59254e-85 2.79262e-86 2.16784e-87 1.68058e-88 1.30114e-89 1.00608e-90 7.76965e-92 5.99292e-93 4.61698e-94 3.55279e-95 2.73078e-96 2.09661e-97 1.60796e-98 1.23187e-99 9.42765e-101 7.20767e-102 5.5049e-103 4.20027e-104 3.20173e-105 2.43827e-106 1.85514e-107 1.41019e-108 1.071e-109 8.12682e-111 6.16141e-112 4.66738e-113 3.53271e-114 2.67171e-115 2.01895e-116 1.52448e-117
1.50177e-13 6.47792e-14 1.71982e-14 3.57345e-15 6.35592e-16 1.01276e-16 1.48513e-17 2.03965e-18 2.65561e-19 3.30699e-20 3.9652e-21 4.60166e-22 5.19009e-23 5.70816e-24 6.13869e-25 6.47011e-26 6.6965e-27 6.81718e-28 6.83601e-29 6.76055e-30 6.60106e-31 6.36962e-32 6.07926e-33 5.74319e-34 5.3742e-35 4.98422e-36 4.58397e-37 4.18277e-38 3.78844e-39 3.40731e-40 3.04424e-41 2.70281e-42 2.38539e-43 2.09333e-44 1.82714e-45 1.5866e-46 1.37098e-47 1.1791e-48 1.00954e-49 8.60651e-51 7.307e-52 6.17921e-53 5.20566e-54 4.3695e-55 3.65479e-56 3.04665e-57 2.53143e-58 2.09674e-59 1.73143e-60 1.42559e-61 1.17045e-62 9.58345e-64 7.82603e-65 6.37452e-66 5.17935e-67 4.19815e-68 3.39491e-69 2.73914e-70 2.2052e-71 1.77155e-72 1.42023e-73 1.1363e-74 9.07346e-76 7.23148e-77 5.75276e-78 4.56817e-79 3.62113e-80 2.86552e-81 2.2638e-82 1.78553e-83 1.40607e-84 1.10554e-85 8.67934e-87 6.80391e-88 5.32605e-89 4.16334e-90 3.24999e-91 2.5336e-92 1.97254e-93 1.53375e-94 1.19108e-95 9.23831e-97 7.15686e-98 5.53786e-99 4.28017e-100 3.30439e-101 2.54824e-102 1.963e-103 1.51057e-104 1.1612e-105 8.91732e-107 6.84111e-108 5.24316e-109 4.0146e-110 3.07101e-111 2.34704e-112 1.7921e-113 1.36716e-114 1.04207e-115 7.93595e-117 6.03858e-118
1.03897e-14 4.82372e-15 1.36105e-15 2.98243e-16 5.56418e-17 9.26173e-18 1.41417e-18 2.01692e-19 2.72096e-20 3.50418e-21 4.338e-22 5.19009e-23 6.02702e-24 6.81686e-25 7.53119e-26 8.14667e-27 8.64597e-28 9.0181e-29 9.25831e-30 9.36756e-31 9.35174e-32 9.22068e-33 8.98719e-34 8.66598e-35 8.27278e-36 7.82352e-37 7.33362e-38 6.81754e-39 6.28832e-40 5.75742e-41 5.23456e-42 4.72769e-43 4.24306e-44 3.78535e-45 3.3578e-46 2.96236e-47 2.59995e-48 2.27056e-49 1.97351e-50 1.70752e-51 1.47095e-52 1.26185e-53 1.07813e-54 9.176e-56 7.78067e-57 6.5739e-58 5.53512e-59 4.64496e-60 3.88544e-61 3.24001e-62 2.6937e-63 2.233e-64 1.84589e-65 1.52174e-66 1.25121e-67 1.02615e-68 8.39484e-70 6.85125e-71 5.57844e-72 4.53179e-73 3.67342e-74 2.97125e-75 2.3983e-76 1.93192e-77 1.55316e-78 1.24626e-79 9.98133e-81 7.97952e-82 6.36786e-83 5.07291e-84 4.03447e-85 3.20332e-86 2.5393e-87 2.00977e-88 1.58822e-89 1.25322e-90 9.87425e-92 7.7689e-93 6.1039e-94 4.78917e-95 3.7526e-96 2.93653e-97 2.29498e-98 1.79134e-99 1.39651e-100 1.08739e-101 8.45699e-103 6.56967e-104 5.09776e-105 3.95123e-106 3.05924e-107 2.36608e-108 1.82806e-109 1.41094e-110 1.08789e-111 8.37977e-113 6.44849e-114 4.95758e-115 3.8078e-116 2.922e-117 2.24023e-118
7.18797e-16 3.57387e-16 1.06787e-16 2.46072e-17 4.80375e-18 8.33519e-19 1.32269e-19 1.95571e-20 2.72953e-21 3.63013e-22 4.6336e-23 5.70816e-24 6.81686e-25 7.92038e-26 8.97989e-27 9.95953e-28 1.08283e-28 1.15616e-29 1.21417e-30 1.25584e-31 1.28083e-32 1.28945e-33 1.28255e-34 1.26141e-35 1.22763e-36 1.18305e-37 1.12959e-38 1.06918e-39 1.00372e-40 9.34985e-42 8.64573e-43 7.93908e-44 7.24207e-45 6.56477e-46 5.9152e-47 5.29949e-48 4.72198e-49 4.18548e-50 3.69142e-51 3.24011e-52 2.83094e-53 2.46254e-54 2.13302e-55 1.84007e-56 1.58113e-57 1.35351e-58 1.15443e-59 9.81181e-61 8.31102e-62 7.01673e-63 5.90524e-64 4.95459e-65 4.14465e-66 3.45716e-67 2.87568e-68 2.38555e-69 1.97377e-70 1.62893e-71 1.34102e-72 1.10135e-73 9.02411e-75 7.37731e-76 6.01776e-77 4.89823e-78 3.97867e-79 3.22517e-80 2.6092e-81 2.1068e-82 1.69794e-83 1.36591e-84 1.09685e-85 8.79247e-87 7.03615e-88 5.62128e-89 4.48363e-90 3.57053e-91 2.83898e-92 2.25388e-93 1.78672e-94 1.41432e-95 1.11796e-96 8.82465e-98 6.9563e-99 5.47622e-100 4.30542e-101 3.38061e-102 2.65113e-103 2.07651e-104 1.62448e-105 1.26935e-106 9.90711e-108 7.72359e-109 6.01462e-110 4.67868e-111 3.63557e-112 2.82205e-113 2.18831e-114 1.69517e-115 1.31185e-116 1.01422e-117 7.83357e-119
4.97288e-17 2.63626e-17 8.31523e-18 2.0098e-18 4.09657e-19 7.39568e-20 1.21765e-20 1.86364e-21 2.68712e-22 3.68578e-23 4.845e-24 6.13869e-25 7.53119e-26 8.97989e-27 1.04384e-27 1.18593e-28 1.31977e-29 1.4413e-30 1.54712e-31 1.6346e-32 1.70197e-33 1.74826e-34 1.77336e-35 1.77782e-36 1.76285e-37 1.73012e-38 1.68167e-39 1.61978e-40 1.54682e-41 1.46521e-42 1.37728e-43 1.28522e-44 1.19104e-45 1.0965e-46 1.00315e-47 9.12269e-49 8.24883e-50 7.41796e-51 6.63591e-52 5.90657e-53 5.23211e-54 4.61328e-55 4.04958e-56 3.53959e-57 3.08111e-58 2.67139e-59 2.3073e-60 1.98549e-61 1.70248e-62 1.45479e-63 1.239e-64 1.05183e-65 8.90143e-67 7.5104e-68 6.3182e-69 5.30018e-70 4.43395e-71 3.69938e-72 3.0785e-73 2.55536e-74 2.11593e-75 1.74789e-76 1.44052e-77 1.18452e-78 9.71874e-80 7.95698e-81 6.501e-82 5.30064e-83 4.31336e-84 3.50318e-85 2.83981e-86 2.29783e-87 1.85594e-88 1.4964e-89 1.20444e-90 9.67821e-92 7.76414e-93 6.21864e-94 4.97299e-95 3.97076e-96 3.16576e-97 2.52026e-98 2.00349e-99 1.59045e-100 1.26082e-101 9.98156e-103 7.89169e-104 6.23129e-105 4.91399e-106 3.87034e-107 3.04462e-108 2.3922e-109 1.87737e-110 1.47163e-111 1.15228e-112 9.01228e-114 7.04103e-115 5.49505e-116 4.28401e-117 3.33641e-118 2.59578e-119
3.44041e-18 1.93712e-18 6.43162e-19 1.62682e-19 3.45548e-20 6.47957e-21 1.10517e-21 1.74847e-22 2.6012e-23 3.67548e-24 4.97017e-25 6.47011e-26 8.14667e-27 9.95953e-28 1.18593e-28 1.37909e-29 1.56967e-30 1.75202e-31 1.92091e-32 2.07173e-33 2.20072e-34 2.3051e-35 2.38306e-36 2.43379e-37 2.45741e-38 2.45486e-39 2.42779e-40 2.37839e-41 2.30927e-42 2.22329e-43 2.12345e-44 2.01274e-45 1.89408e-46 1.77022e-47 1.64365e-48 1.51663e-49 1.39109e-50 1.26868e-51 1.15073e-52 1.03829e-53 9.32131e-55 8.32794e-56 7.40594e-57 6.55664e-58 5.77981e-59 5.07392e-60 4.43646e-61 3.86413e-62 3.35311e-63 2.8992e-64 2.49801e-65 2.14509e-66 1.83603e-67 1.56653e-68 1.33249e-69 1.13005e-70 9.55609e-72 8.05832e-73 6.77683e-74 5.68408e-75 4.75529e-76 3.96834e-77 3.30357e-78 2.74365e-79 2.27339e-80 1.8795e-81 1.55046e-82 1.2763e-83 1.04843e-84 8.59502e-86 7.03222e-87 5.74247e-88 4.68042e-89 3.80777e-90 3.09224e-91 2.50675e-92 2.02863e-93 1.63893e-94 1.32192e-95 1.06451e-96 8.55877e-98 6.87071e-99 5.50726e-100 4.40785e-101 3.52281e-102 2.81148e-103 2.24066e-104 1.7833e-105 1.4174e-106 1.1251e-107 8.91933e-109 7.06195e-110 5.58443e-111 4.41068e-112 3.47949e-113 2.74167e-114 2.15783e-115 1.6964e-116 1.33217e-117 1.045e-118 8.18854e-120
2.38019e-19 1.41853e-19 4.94507e-20 1.30627e-20 2.88624e-21 5.61277e-22 9.90364e-23 1.61759e-23 2.48009e-24 3.60612e-25 5.01137e-26 6.6965e-27 8.64597e-28 1.08283e-28 1.31977e-29 1.56967e-30 1.82595e-31 2.08161e-32 2.32958e-33 2.56311e-34 2.77609e-35 2.96328e-36 3.12054e-37 3.24488e-38 3.33452e-39 3.38884e-40 3.40834e-41 3.39444e-42 3.3494e-43 3.27609e-44 3.17787e-45 3.05837e-46 2.92137e-47 2.77067e-48 2.60991e-49 2.44257e-50 2.27181e-51 2.10047e-52 1.93104e-53 1.76562e-54 1.60594e-55 1.45337e-56 1.30895e-57 1.17341e-58 1.0472e-59 9.30529e-61 8.23421e-62 7.25715e-63 6.37121e-64 5.57245e-65 4.85615e-66 4.21706e-67 3.64963e-68 3.14814e-69 2.70689e-70 2.32027e-71 1.98289e-72 1.68961e-73 1.43563e-74 1.21646e-75 1.02799e-76 8.66456e-78 7.28449e-79 6.1091e-80 5.11104e-81 4.26601e-82 3.55256e-83 2.95183e-84 2.44735e-85 2.02479e-86 1.67173e-87 1.37744e-88 1.13271e-89 9.29674e-91 7.61593e-92 6.22752e-93 5.08306e-94 4.14162e-95 3.36873e-96 2.73546e-97 2.21758e-98 1.79483e-99 1.45038e-100 1.17022e-101 9.42749e-103 7.58363e-104 6.09151e-105 4.88599e-106 3.91356e-107 3.13036e-108 2.50052e-109 1.99477e-110 1.58925e-111 1.26456e-112 1.00494e-113 7.97648e-115 6.32351e-116 5.00715e-117 3.96021e-118 3.12859e-119 2.46884e-120
1.64669e-20 1.03561e-20 3.78179e-21 1.04131e-21 2.38954e-22 4.81225e-23 8.77298e-24 1.47761e-24 2.3323e-25 3.48626e-26 4.97435e-27 6.81718e-28 9.0181e-29 1.15616e-29 1.4413e-30 1.75202e-31 2.08161e-32 2.42222e-33 2.76528e-34 3.10198e-35 3.42369e-36 3.72234e-37 3.99079e-38 4.22309e-39 4.41463e-40 4.56224e-41 4.66422e-42 4.72026e-43 4.73137e-44 4.69963e-45 4.6281e-46 4.52059e-47 4.3814e-48 4.21521e-49 4.02683e-50 3.82105e-51 3.60252e-52 3.37564e-53 3.14443e-54 2.91254e-55 2.68313e-56 2.45892e-57 2.24216e-58 2.03465e-59 1.83778e-60 1.65252e-61 1.47951e-62 1.31909e-63 1.17133e-64 1.03606e-65 9.12963e-67 8.01552e-68 7.01249e-69 6.11395e-70 5.31284e-71 4.60182e-72 3.97348e-73 3.42051e-74 2.9358e-75 2.51255e-76 2.14431e-77 1.82508e-78 1.54926e-79 1.31175e-80 1.10786e-81 9.33383e-83 7.8451e-84 6.57852e-85 5.50393e-86 4.5947e-87 3.82741e-88 3.18153e-89 2.63921e-90 2.18493e-91 1.80529e-92 1.48876e-93 1.22542e-94 1.00681e-95 8.2571e-97 6.75998e-98 5.52478e-99 4.50767e-100 3.67175e-101 2.98601e-102 2.4245e-103 1.96552e-104 1.59101e-105 1.28594e-106 1.03784e-107 8.3641e-109 6.73125e-110 5.4097e-111 4.34172e-112 3.47994e-113 2.78558e-114 2.22691e-115 1.77804e-116 1.41789e-117 1.12932e-118 8.98407e-120 7.1387e-121
1.13924e-21 7.53976e-22 2.87821e-22 8.24672e-23 1.96248e-23 4.08757e-24 7.6902e-25 1.33422e-25 2.16596e-26 3.32534e-27 4.86747e-28 6.83601e-29 9.25831e-30 1.21417e-30 1.54712e-31 1.92091e-32 2.32958e-33 2.76528e-34 3.21861e-35 3.67912e-36 4.13583e-37 4.57771e-38 4.99422e-39 5.37575e-40 5.71395e-41 6.00199e-42 6.2348e-43 6.40906e-44 6.52324e-45 6.57749e-46 6.5735e-47 6.5143e-48 6.40402e-49 6.24766e-50 6.05085e-51 5.81957e-52 5.56001e-53 5.27828e-54 4.98034e-55 4.67177e-56 4.35775e-57 4.04293e-58 3.73142e-59 3.42671e-60 3.13175e-61 2.84891e-62 2.58001e-63 2.3264e-64 2.08895e-65 1.86816e-66 1.66418e-67 1.47686e-68 1.30582e-69 1.15048e-70 1.01013e-71 8.8394e-73 7.71001e-74 6.70371e-75 5.8109e-76 5.02199e-77 4.32762e-78 3.71874e-79 3.18676e-80 2.72358e-81 2.32167e-82 1.97405e-83 1.67432e-84 1.41668e-85 1.19587e-86 1.00715e-87 8.46315e-89 7.09607e-90 5.9371e-91 4.95705e-92 4.13032e-93 3.43461e-94 2.85051e-95 2.36122e-96 1.95227e-97 1.61119e-98 1.32733e-99 1.09155e-100 8.96123e-102 7.34444e-103 6.00943e-104 4.90915e-105 4.00398e-106 3.26063e-107 2.65125e-108 2.15254e-109 1.74507e-110 1.41271e-111 1.14203e-112 9.21937e-114 7.43248e-115 5.98392e-116 4.81136e-117 3.86359e-118 3.09858e-119 2.48196e-120 1.98562e-121
7.88164e-23 5.47576e-23 2.18094e-23 6.4922e-24 1.59999e-24 3.44256e-25 6.67664e-26 1.19206e-26 1.9885e-27 3.13296e-28 4.7008e-29 6.76055e-30 9.36756e-31 1.25584e-31 1.6346e-32 2.07173e-33 2.56311e-34 3.10198e-35 3.67912e-36 4.28329e-37 4.90172e-38 5.52071e-39 6.12626e-40 6.70467e-41 7.2431e-42 7.73006e-43 8.15575e-44 8.51242e-45 8.79445e-46 8.99846e-47 9.12324e-48 9.1696e-49 9.14024e-50 9.03941e-51 8.87271e-52 8.64676e-53 8.36887e-54 8.04683e-55 7.68857e-56 7.30197e-57 6.89467e-58 6.47386e-59 6.04618e-60 5.61763e-61 5.19353e-62 4.77843e-63 4.37616e-64 3.98986e-65 3.62194e-66 3.27422e-67 2.94792e-68 2.64375e-69 2.36197e-70 2.10247e-71 1.8648e-72 1.64828e-73 1.452e-74 1.27492e-75 1.11589e-76 9.73681e-78 8.47047e-79 7.34731e-80 6.35498e-81 5.48145e-82 4.71525e-83 4.04549e-84 3.46196e-85 2.95521e-86 2.51647e-87 2.13778e-88 1.81185e-89 1.53213e-90 1.29272e-91 1.08836e-92 9.14366e-94 7.66598e-95 6.41408e-96 5.356e-97 4.46379e-98 3.71315e-99 3.083e-100 2.55514e-101 2.11388e-102 1.74577e-103 1.4393e-104 1.18464e-105 9.73436e-107 7.98597e-108 6.54126e-109 5.34959e-110 4.36836e-111 3.56178e-112 2.89988e-113 2.35758e-114 1.91399e-115 1.5517e-116 1.25628e-117 1.01574e-118 8.20174e-120 6.61406e-121 5.32694e-122
5.45278e-24 3.96784e-24 1.646e-24 5.08319e-25 1.29574e-25 2.87676e-26 5.74579e-27 1.05474e-27 1.80639e-28 2.91839e-29 4.48531e-30 6.60106e-31 9.35174e-32 1.28083e-32 1.70197e-33 2.20072e-34 2.77609e-35 3.42369e-36 4.13583e-37 4.90172e-38 5.70788e-39 6.53871e-40 7.37718e-41 8.20552e-42 9.006e-43 9.76163e-44 1.04568e-44 1.10776e-45 1.16128e-46 1.20535e-47 1.23935e-48 1.26295e-49 1.27608e-50 1.27893e-51 1.2719e-52 1.25558e-53 1.23073e-54 1.19824e-55 1.15905e-56 1.11417e-57 1.06465e-58 1.01149e-59 9.5568e-61 8.98149e-62 8.39756e-63 7.81279e-64 7.23405e-65 6.66731e-66 6.11759e-67 5.58901e-68 5.08479e-69 4.60737e-70 4.15844e-71 3.739e-72 3.34949e-73 2.98984e-74 2.65954e-75 2.35776e-76 2.08337e-77 1.83505e-78 1.61132e-79 1.41059e-80 1.23125e-81 1.07163e-82 9.30101e-84 8.05073e-85 6.95006e-86 5.98435e-87 5.13984e-88 4.40364e-89 3.76382e-90 3.20941e-91 2.73039e-92 2.31766e-93 1.96301e-94 1.65906e-95 1.39924e-96 1.17769e-97 9.8923e-99 8.29296e-100 6.93882e-101 5.79487e-102 4.83058e-103 4.01947e-104 3.33863e-105 2.7683e-106 2.29149e-107 1.89364e-108 1.5623e-109 1.28687e-110 1.05832e-111 8.69017e-113 7.12491e-114 5.83287e-115 4.76813e-116 3.89215e-117 3.17261e-118 2.5825e-119 2.09929e-120 1.7042e-121 1.38164e-122
3.77242e-25 2.86929e-25 1.23773e-25 3.96012e-26 1.0429e-26 2.38671e-27 4.9047e-28 9.24894e-29 1.62501e-29 2.69014e-30 4.23214e-31 6.36962e-32 9.22068e-33 1.28945e-33 1.74826e-34 2.3051e-35 2.96328e-36 3.72234e-37 4.57771e-38 5.52071e-39 6.53871e-40 7.61557e-41 8.73225e-42 9.86754e-43 1.0999e-43 1.21037e-44 1.31594e-45 1.41449e-46 1.50412e-47 1.58319e-48 1.65037e-49 1.70464e-50 1.74535e-51 1.77219e-52 1.78518e-53 1.78464e-54 1.77118e-55 1.74561e-56 1.70896e-57 1.66239e-58 1.60716e-59 1.5446e-60 1.47605e-61 1.40282e-62 1.32619e-63 1.24736e-64 1.16746e-65 1.08749e-66 1.00835e-67 9.30813e-69 8.5555e-70 7.83099e-71 7.13893e-72 6.48257e-73 5.86422e-74 5.28531e-75 4.74651e-76 4.24783e-77 3.78869e-78 3.36807e-79 2.98459e-80 2.63653e-81 2.32201e-82 2.03897e-83 1.78529e-84 1.55878e-85 1.35729e-86 1.17869e-87 1.02093e-88 8.82042e-90 7.60154e-91 6.53522e-92 5.60518e-93 4.79637e-94 4.09498e-95 3.48841e-96 2.96527e-97 2.51524e-98 2.12908e-99 1.79856e-100 1.51632e-101 1.27589e-102 1.07153e-103 8.98229e-105 7.51574e-106 6.27735e-107 5.23378e-108 4.35616e-109 3.61957e-110 3.00253e-111 2.48662e-112 2.05606e-113 1.69739e-114 1.39912e-115 1.15151e-116 9.46319e-118 7.76552e-119 6.36326e-120 5.20685e-121 4.25469e-122 3.4719e-123
2.60989e-26 2.071e-26 9.27605e-27 3.07101e-27 8.34637e-28 1.96702e-28 4.15538e-29 8.04321e-30 1.44868e-30 2.45574e-31 3.95207e-32 6.07926e-33 8.98719e-34 1.28255e-34 1.77336e-35 2.38306e-36 3.12054e-37 3.99079e-38 4.99422e-39 6.12626e-40 7.37718e-41 8.73225e-42 1.01721e-42 1.16736e-43 1.32104e-44 1.47541e-45 1.62752e-46 1.77446e-47 1.91341e-48 2.04176e-49 2.15719e-50 2.25775e-51 2.34187e-52 2.40842e-53 2.45672e-54 2.4865e-55 2.49793e-56 2.49152e-57 2.46814e-58 2.42895e-59 2.37531e-60 2.30877e-61 2.231e-62 2.14373e-63 2.0487e-64 1.94765e-65 1.84224e-66 1.73402e-67 1.62447e-68 1.51488e-69 1.40645e-70 1.30019e-71 1.19697e-72 1.09751e-73 1.00238e-74 9.12033e-76 8.26772e-77 7.46801e-78 6.72219e-79 6.03039e-80 5.39198e-81 4.80571e-82 4.26982e-83 3.78215e-84 3.34026e-85 2.94148e-86 2.58301e-87 2.262e-88 1.97557e-89 1.72089e-90 1.49521e-91 1.29588e-92 1.12038e-93 9.66339e-95 8.31533e-96 7.139e-97 6.1154e-98 5.22712e-99 4.45832e-100 3.79463e-101 3.22313e-102 2.7322e-103 2.31149e-104 1.9518e-105 1.64496e-106 1.3838e-107 1.16198e-108 9.7398e-110 8.14971e-111 6.80753e-112 5.67682e-113 4.7261e-114 3.92821e-115 3.25984e-116 2.70095e-117 2.23444e-118 1.84572e-119 1.52237e-120 1.25383e-121 1.03118e-122 8.46873e-124
1.80561e-27 1.49224e-27 6.93035e-28 2.3714e-28 6.64455e-29 1.61118e-29 3.49607e-30 6.94088e-31 1.28068e-31 2.22158e-32 3.65511e-33 5.74319e-34 8.66598e-35 1.26141e-35 1.77782e-36 2.43379e-37 3.24488e-38 4.22309e-39 5.37575e-40 6.70467e-41 8.20552e-42 9.86754e-43 1.16736e-43 1.36007e-44 1.56205e-45 1.77003e-46 1.98043e-47 2.1895e-48 2.3934e-49 2.58841e-50 2.77099e-51 2.93792e-52 3.08637e-53 3.21402e-54 3.31906e-55 3.40021e-56 3.45679e-57 3.48863e-58 3.4961e-59 3.48001e-60 3.4416e-61 3.38245e-62 3.30441e-63 3.20956e-64 3.10009e-65 2.97828e-66 2.84642e-67 2.70678e-68 2.56152e-69 2.41269e-70 2.2622e-71 2.11177e-72 1.96294e-73 1.81706e-74 1.67528e-75 1.53854e-76 1.40762e-77 1.2831e-78 1.16542e-79 1.05485e-80 9.51545e-82 8.55527e-83 7.66731e-84 6.85004e-85 6.10124e-86 5.41815e-87 4.7976e-88 4.23612e-89 3.73003e-90 3.27555e-91 2.86888e-92 2.50625e-93 2.18395e-94 1.89843e-95 1.64627e-96 1.42425e-97 1.22935e-98 1.05873e-99 9.09783e-101 7.80107e-102 6.67502e-103 5.69971e-104 4.85704e-105 4.13074e-106 3.50622e-107 2.97043e-108 2.51182e-109 2.12011e-110 1.78626e-111 1.50233e-112 1.26133e-113 1.0572e-114 8.84617e-116 7.38994e-117 6.16349e-118 5.13243e-119 4.26721e-120 3.54242e-121 2.93632e-122 2.43033e-123 2.0086e-124
1.24918e-28 1.07351e-28 5.16301e-29 1.82396e-29 5.26393e-30 1.31216e-30 2.92233e-31 5.94671e-32 1.12332e-32 1.99285e-33 3.35017e-34 5.3742e-35 8.27278e-36 1.22763e-36 1.76285e-37 2.45741e-38 3.33452e-39 4.41463e-40 5.71395e-41 7.2431e-42 9.006e-43 1.0999e-43 1.32104e-44 1.56205e-45 1.82018e-46 2.09199e-47 2.37342e-48 2.65999e-49 2.94687e-50 3.2291e-51 3.50176e-52 3.76008e-53 3.99963e-54 4.21643e-55 4.40706e-56 4.56874e-57 4.69939e-58 4.79761e-59 4.86274e-60 4.89479e-61 4.89443e-62 4.8629e-63 4.80193e-64 4.7137e-65 4.60072e-66 4.46574e-67 4.3117e-68 4.14159e-69 3.95844e-70 3.7652e-71 3.56473e-72 3.35972e-73 3.15266e-74 2.94581e-75 2.74121e-76 2.54063e-77 2.34559e-78 2.15735e-79 1.97694e-80 1.80515e-81 1.64256e-82 1.48957e-83 1.34637e-84 1.21304e-85 1.08949e-86 9.75542e-88 8.70912e-89 7.75247e-90 6.88134e-91 6.0912e-92 5.37721e-93 4.73438e-94 4.15764e-95 3.64194e-96 3.18234e-97 2.77403e-98 2.4124e-99 2.09306e-100 1.81188e-101 1.56501e-102 1.34883e-103 1.16005e-104 9.9561e-106 8.52736e-107 7.28903e-108 6.2183e-109 5.29465e-110 4.49969e-111 3.817e-112 3.232e-113 2.73178e-114 2.30494e-115 1.94144e-116 1.63251e-117 1.37046e-118 1.1486e-119 9.6111e-121 8.02961e-122 6.69798e-123 5.57869e-124 4.6395e-125
8.64224e-30 7.71143e-30 3.83616e-30 1.39776e-30 4.15124e-31 1.06295e-31 2.42799e-32 5.06083e-33 9.78099e-34 1.77362e-34 3.0449e-35 4.98422e-36 7.82352e-37 1.18305e-37 1.73012e-38 2.45486e-39 3.38884e-40 4.56224e-41 6.00199e-42 7.73006e-43 9.76163e-44 1.21037e-44 1.47541e-45 1.77003e-46 2.09199e-47 2.43802e-48 2.80394e-49 3.18475e-50 3.5748e-51 3.96795e-52 4.35777e-53 4.73778e-54 5.10161e-55 5.44322e-56 5.75706e-57 6.03822e-58 6.28256e-59 6.48679e-60 6.6485e-61 6.76621e-62 6.83936e-63 6.86824e-64 6.85395e-65 6.79832e-66 6.7038e-67 6.57337e-68 6.41042e-69 6.21864e-70 6.00192e-71 5.76425e-72 5.5096e-73 5.24188e-74 4.96483e-75 4.682e-76 4.39667e-77 4.11182e-78 3.83013e-79 3.55395e-80 3.28528e-81 3.02581e-82 2.77691e-83 2.53965e-84 2.31482e-85 2.10296e-86 1.90435e-87 1.71911e-88 1.54715e-89 1.38824e-90 1.24203e-91 1.10807e-92 9.85816e-94 8.74673e-95 7.74005e-96 6.8315e-97 6.01433e-98 5.28179e-99 4.62723e-100 4.04417e-101 3.52637e-102 3.06787e-103 2.66304e-104 2.30659e-105 1.99357e-106 1.71942e-107 1.47992e-108 1.27122e-109 1.08979e-110 9.32437e-112 7.96289e-113 6.78751e-114 5.77501e-115 4.90471e-116 4.1582e-117 3.5192e-118 2.97331e-119 2.50789e-120 2.11185e-121 1.77547e-122 1.49029e-123 1.24897e-124 1.04511e-125
5.97899e-31 5.53188e-31 2.84325e-31 1.06749e-31 3.25987e-32 8.56778e-33 2.00587e-33 4.27992e-34 8.45829e-35 1.56686e-35 2.74566e-36 4.58397e-37 7.33362e-38 1.12959e-38 1.68167e-39 2.42779e-40 3.40834e-41 4.66422e-42 6.2348e-43 8.15575e-44 1.04568e-44 1.31594e-45 1.62752e-46 1.98043e-47 2.37342e-48 2.80394e-49 3.26814e-50 3.76096e-51 4.27623e-52 4.80685e-53 5.34503e-54 5.88248e-55 6.41068e-56 6.92119e-57 7.4058e-58 7.85686e-59 8.26744e-60 8.63148e-61 8.94398e-62 9.20106e-63 9.39999e-64 9.53925e-65 9.61846e-66 9.63836e-67 9.60069e-68 9.50811e-69 9.36404e-70 9.17256e-71 8.93826e-72 8.6661e-73 8.36126e-74 8.02902e-75 7.67465e-76 7.30332e-77 6.91996e-78 6.52925e-79 6.13551e-80 5.7427e-81 5.35435e-82 4.97356e-83 4.60301e-84 4.24494e-85 3.90119e-86 3.5732e-87 3.26202e-88 2.9684e-89 2.69277e-90 2.43528e-91 2.19585e-92 1.97419e-93 1.76987e-94 1.58229e-95 1.41075e-96 1.25447e-97 1.11261e-98 9.84282e-100 8.68592e-101 7.64636e-102 6.71518e-103 5.88365e-104 5.14331e-105 4.48606e-106 3.90422e-107 3.39053e-108 2.93823e-109 2.54099e-110 2.19301e-111 1.88892e-112 1.62381e-113 1.39324e-114 1.19316e-115 1.01993e-116 8.70262e-118 7.41237e-119 6.30237e-120 5.34938e-121 4.53282e-122 3.83452e-123 3.23851e-124 2.73075e-125 2.29896e-126
4.13647e-32 3.96333e-32 2.10249e-32 8.12662e-33 2.54973e-33 6.87373e-34 1.64835e-34 3.5982e-35 7.26747e-36 1.37462e-36 2.4575e-37 4.18277e-38 6.81754e-39 1.06918e-39 1.61978e-40 2.37839e-41 3.39444e-42 4.72026e-43 6.40906e-44 8.51242e-45 1.10776e-45 1.41449e-46 1.77446e-47 2.1895e-48 2.65999e-49 3.18475e-50 3.76096e-51 4.3841e-52 5.04806e-53 5.74527e-54 6.46684e-55 7.20286e-56 7.94268e-57 8.6752e-58 9.38919e-59 1.00736e-59 1.07181e-60 1.13128e-61 1.18491e-62 1.23196e-63 1.27182e-64 1.30405e-65 1.32833e-66 1.34452e-67 1.35261e-68 1.35275e-69 1.3452e-70 1.33035e-71 1.30866e-72 1.28071e-73 1.24711e-74 1.20852e-75 1.16565e-76 1.11918e-77 1.06983e-78 1.01827e-79 9.65163e-81 9.11121e-82 8.5672e-83 8.02481e-84 7.48873e-85 6.96308e-86 6.45142e-87 5.95675e-88 5.48151e-89 5.02765e-90 4.59662e-91 4.18942e-92 3.80665e-93 3.44855e-94 3.11505e-95 2.80581e-96 2.52024e-97 2.25758e-98 2.01693e-99 1.79724e-100 1.5974e-101 1.41625e-102 1.25258e-103 1.10518e-104 9.72837e-106 8.54382e-107 7.48664e-108 6.54582e-109 5.71086e-110 4.97185e-111 4.31948e-112 3.74506e-113 3.24053e-114 2.79846e-115 2.41204e-116 2.07505e-117 1.78181e-118 1.52723e-119 1.30666e-120 1.11599e-121 9.51483e-123 8.09847e-124 6.88141e-125 5.83763e-126 4.94416e-127
2.86175e-33 2.83619e-33 1.55137e-33 6.16814e-34 1.98686e-34 5.49045e-35 1.34781e-35 3.00832e-36 6.20653e-37 1.19809e-37 2.18423e-38 3.78844e-39 6.28832e-40 1.00372e-40 1.54682e-41 2.30927e-42 3.3494e-43 4.73137e-44 6.52324e-45 8.79445e-46 1.16128e-46 1.50412e-47 1.91341e-48 2.3934e-49 2.94687e-50 3.5748e-51 4.27623e-52 5.04806e-53 5.88508e-54 6.77996e-55 7.72337e-56 8.70426e-57 9.71007e-58 1.07271e-58 1.1741e-59 1.27368e-60 1.36999e-61 1.4616e-62 1.54716e-63 1.62545e-64 1.69539e-65 1.75608e-66 1.80677e-67 1.84696e-68 1.87629e-69 1.89466e-70 1.9021e-71 1.89887e-72 1.88536e-73 1.86212e-74 1.8298e-75 1.78917e-76 1.74108e-77 1.68642e-78 1.62612e-79 1.56111e-80 1.49233e-81 1.42067e-82 1.34702e-83 1.27219e-84 1.19694e-85 1.12195e-86 1.04787e-87 9.75223e-89 9.04496e-90 8.36086e-91 7.70323e-92 7.07467e-93 6.47714e-94 5.91203e-95 5.38016e-96 4.88192e-97 4.41722e-98 3.98565e-99 3.58647e-100 3.21868e-101 2.88109e-102 2.57233e-103 2.29094e-104 2.03533e-105 1.80392e-106 1.59506e-107 1.40715e-108 1.23857e-109 1.08778e-110 9.53274e-112 8.33624e-113 7.2747e-114 6.33534e-115 5.50618e-116 4.7761e-117 4.13479e-118 3.57278e-119 3.08138e-120 2.65269e-121 2.27952e-122 1.95537e-123 1.67439e-124 1.43133e-125 1.22149e-126 1.04068e-127
1.97985e-34 2.02736e-34 1.1424e-34 4.66852e-35 1.54283e-35 4.36746e-36 1.09688e-36 2.50202e-37 5.27023e-38 1.0378e-38 1.92857e-39 3.40731e-40 5.75742e-41 9.34985e-42 1.46521e-42 2.22329e-43 3.27609e-44 4.69963e-45 6.57749e-46 8.99846e-47 1.20535e-47 1.58319e-48 2.04176e-49 2.58841e-50 3.2291e-51 3.96795e-52 4.80685e-53 5.74527e-54 6.77996e-55 7.90492e-56 9.11142e-57 1.03881e-57 1.17211e-58 1.30946e-59 1.44912e-60 1.5892e-61 1.72776e-62 1.86284e-63 1.99251e-64 2.11492e-65 2.22836e-66 2.33127e-67 2.42233e-68 2.5004e-69 2.56464e-70 2.61442e-71 2.64941e-72 2.66951e-73 2.67488e-74 2.6659e-75 2.64316e-76 2.60743e-77 2.55963e-78 2.50081e-79 2.43211e-80 2.35473e-81 2.26992e-82 2.17892e-83 2.08299e-84 1.98332e-85 1.88108e-86 1.77735e-87 1.67313e-88 1.56936e-89 1.46686e-90 1.36636e-91 1.2685e-92 1.1738e-93 1.08272e-94 9.95595e-96 9.127e-97 8.34222e-98 7.60278e-99 6.9092e-100 6.26145e-101 5.659e-102 5.10091e-103 4.58589e-104 4.11234e-105 3.67849e-106 3.28235e-107 2.92184e-108 2.59482e-109 2.29908e-110 2.03245e-111 1.79275e-112 1.57789e-113 1.38581e-114 1.21456e-115 1.06229e-116 9.27229e-118 8.07738e-119 7.02275e-120 6.09415e-121 5.27839e-122 4.56339e-123 3.93807e-124 3.39238e-125 2.91718e-126 2.50422e-127 2.14607e-128
1.36973e-35 1.44769e-35 8.39652e-36 3.52416e-36 1.19409e-36 3.46064e-37 8.88723e-38 2.07068e-38 4.45105e-39 8.93719e-40 1.69222e-40 3.04424e-41 5.23456e-42 8.64573e-43 1.37728e-43 2.12345e-44 3.17787e-45 4.6281e-46 6.5735e-47 9.12324e-48 1.23935e-48 1.65037e-49 2.15719e-50 2.77099e-51 3.50176e-52 4.35777e-53 5.34503e-54 6.46684e-55 7.72337e-56 9.11142e-57 1.06242e-57 1.22514e-58 1.39791e-59 1.57903e-60 1.76649e-61 1.95807e-62 2.15133e-63 2.34373e-64 2.53266e-65 2.71553e-66 2.88982e-67 3.05314e-68 3.20331e-69 3.33838e-70 3.45667e-71 3.55684e-72 3.63786e-73 3.69904e-74 3.74004e-75 3.76085e-76 3.76177e-77 3.74339e-78 3.70656e-79 3.65239e-80 3.58213e-81 3.49722e-82 3.39921e-83 3.28973e-84 3.17044e-85 3.04303e-86 2.90915e-87 2.7704e-88 2.62834e-89 2.4844e-90 2.33994e-91 2.19618e-92 2.05423e-93 1.91506e-94 1.77951e-95 1.64831e-96 1.52205e-97 1.40119e-98 1.28611e-99 1.17706e-100 1.0742e-101 9.77608e-103 8.87284e-104 8.03163e-105 7.25123e-106 6.52996e-107 5.86573e-108 5.25616e-109 4.69862e-110 4.19033e-111 3.7284e-112 3.30988e-113 2.93181e-114 2.59126e-115 2.28536e-116 2.01134e-117 1.76653e-118 1.54837e-119 1.35445e-120 1.1825e-121 1.0304e-122 8.96165e-124 7.77973e-125 6.74138e-126 5.83113e-127 5.0349e-128 4.33985e-129
9.47625e-37 1.03276e-36 6.16034e-37 2.6537e-37 9.21298e-38 2.73204e-38 7.17049e-39 1.70571e-39 3.74002e-40 7.65397e-41 1.47607e-41 2.70281e-42 4.72769e-43 7.93908e-44 1.28522e-44 2.01274e-45 3.05837e-46 4.52059e-47 6.5143e-48 9.1696e-49 1.26295e-49 1.70464e-50 2.25775e-51 2.93792e-52 3.76008e-53 4.73778e-54 5.88248e-55 7.20286e-56 8.70426e-57 1.03881e-57 1.22514e-58 1.42868e-59 1.6482e-60 1.88204e-61 2.12808e-62 2.38381e-63 2.64637e-64 2.91266e-65 3.17933e-66 3.44294e-67 3.70002e-68 3.94715e-69 4.18105e-70 4.39864e-71 4.59713e-72 4.77408e-73 4.92743e-74 5.05552e-75 5.15716e-76 5.23159e-77 5.27849e-78 5.29799e-79 5.29062e-80 5.25728e-81 5.19919e-82 5.11789e-83 5.01514e-84 4.89289e-85 4.75325e-86 4.59842e-87 4.43064e-88 4.25216e-89 4.0652e-90 3.87192e-91 3.67436e-92 3.47446e-93 3.27402e-94 3.07467e-95 2.87789e-96 2.68499e-97 2.49709e-98 2.31516e-99 2.13999e-100 1.97222e-101 1.81235e-102 1.66072e-103 1.51756e-104 1.38298e-105 1.25698e-106 1.13949e-107 1.03034e-108 9.29323e-110 8.36152e-111 7.50514e-112 6.72059e-113 6.00414e-114 5.3519e-115 4.7599e-116 4.22413e-117 3.74062e-118 3.30548e-119 2.91492e-120 2.56528e-121 2.25308e-122 1.97499e-123 1.72788e-124 1.50883e-125 1.3151e-126 1.14414e-127 9.93609e-129 8.61357e-130
