0.961441 0.00898607 0.00466803 0.00242492 0.00125968 0.000654372 0.000339929 0.000176584 9.1731e-05 4.76519e-05 2.47539e-05 1.2859e-05 6.67992e-06 3.47004e-06 1.8026e-06 9.36402e-07 4.86436e-07 2.52691e-07 1.31266e-07 6.81895e-08 3.54226e-08 1.84011e-08 9.55891e-09 4.96561e-09 2.5795e-09 1.33998e-09 6.96087e-10 3.61599e-10 1.87841e-10 9.75786e-11 5.06896e-11 2.63319e-11 1.36787e-11 7.10575e-12 3.69125e-12 1.91751e-12 9.96095e-13 5.17446e-13 2.68799e-13 1.39634e-13 7.25364e-14 3.76808e-14 1.95742e-14 1.01683e-14 5.28215e-15 2.74394e-15 1.42541e-15 7.40461e-16 3.8465e-16 1.99816e-16 1.03799e-16 5.39209e-17 2.80105e-17 1.45507e-17 7.55872e-18 3.92656e-18 2.03974e-18 1.05959e-18 5.50431e-19 2.85935e-19 1.48536e-19 7.71604e-20 4.00828e-20 2.0822e-20 1.08165e-20 5.61888e-21 2.91886e-21 1.51627e-21 7.87663e-22 4.09171e-22 2.12553e-22 1.10416e-22 5.73582e-23 2.97961e-23 1.54783e-23 8.04057e-24 4.17687e-24 2.16977e-24 1.12714e-24 5.8552e-25 3.04162e-25 1.58004e-25 8.20792e-26 4.2638e-26 2.21493e-26 1.1506e-26 5.97707e-27 3.10493e-27 1.61293e-27 8.37875e-28 4.35254e-28 2.26103e-28 1.17455e-28 6.10147e-29 3.16955e-29 1.6465e-29 8.55314e-30 4.44313e-30 2.30809e-30 1.19899e-30 6.22846e-31
0.00898607 0.000260163 0.000136806 7.19289e-05 3.78127e-05 1.98752e-05 1.04454e-05 5.48887e-06 2.88392e-06 1.51505e-06 7.95825e-07 4.17979e-07 2.19503e-07 1.15259e-07 6.05144e-08 3.17684e-08 1.66757e-08 8.75236e-09 4.59326e-09 2.41031e-09 1.26468e-09 6.63505e-10 3.4807e-10 1.82578e-10 9.57608e-11 5.02213e-11 2.6336e-11 1.38093e-11 7.24033e-12 3.79583e-12 1.98985e-12 1.04303e-12 5.46686e-13 2.86514e-13 1.50148e-13 7.86793e-14 4.12258e-14 2.15996e-14 1.13159e-14 5.92793e-15 3.10518e-15 1.62645e-15 8.51852e-16 4.46128e-16 2.33628e-16 1.22339e-16 6.40583e-17 3.35397e-17 1.75597e-17 9.19278e-18 4.81229e-18 2.51902e-18 1.31852e-18 6.90105e-19 3.61177e-19 1.89017e-19 9.89142e-20 5.17598e-20 2.70835e-20 1.41707e-20 7.4141e-21 3.87885e-21 2.0292e-21 1.06152e-21 5.55273e-22 2.90446e-22 1.51916e-22 7.94553e-23 4.15548e-23 2.1732e-23 1.13647e-23 5.94292e-24 3.10757e-24 1.62489e-24 8.49586e-25 4.44195e-25 2.32232e-25 1.21409e-25 6.34694e-26 3.31787e-26 1.73436e-26 9.06567e-27 4.73854e-27 2.4767e-27 1.29445e-27 6.76521e-28 3.53559e-28 1.84768e-28 9.65551e-29 5.04555e-29 2.6365e-29 1.37763e-29 7.19814e-30 3.76092e-30 1.96496e-30 1.0266e-30 5.36329e-31 2.80188e-31 1.4637e-31 7.64616e-32 3.99411e-32
0.00466803 0.000136806 7.19769e-05 3.78629e-05 1.99146e-05 1.04729e-05 5.50679e-06 2.89515e-06 1.5219e-06 7.99915e-07 4.20383e-07 2.20898e-07 1.16061e-07 6.09717e-08 3.20272e-08 1.68213e-08 8.83386e-09 4.63868e-09 2.43552e-09 1.27862e-09 6.71193e-10 3.52297e-10 1.84896e-10 9.70293e-11 5.0914e-11 2.67135e-11 1.40147e-11 7.35188e-12 3.85633e-12 2.02261e-12 1.06075e-12 5.56258e-13 2.91679e-13 1.52932e-13 8.01784e-14 4.20322e-14 2.2033e-14 1.15487e-14 6.05284e-15 3.17215e-15 1.66233e-15 8.71067e-16 4.56409e-16 2.39127e-16 1.25277e-16 6.56279e-17 3.43777e-17 1.80068e-17 9.43124e-18 4.9394e-18 2.58675e-18 1.35459e-18 7.09308e-19 3.71396e-19 1.94453e-19 1.01805e-19 5.32962e-20 2.78998e-20 1.46044e-20 7.64437e-21 4.00108e-21 2.09407e-21 1.09593e-21 5.73523e-22 3.00123e-22 1.57045e-22 8.21734e-23 4.29948e-23 2.24947e-23 1.17686e-23 6.15673e-24 3.22074e-24 1.68477e-24 8.81269e-25 4.60953e-25 2.41094e-25 1.26095e-25 6.59464e-26 3.44879e-26 1.80353e-26 9.43114e-27 4.9316e-27 2.57866e-27 1.34829e-27 7.04947e-28 3.68564e-28 1.92688e-28 1.00734e-28 5.26607e-29 2.75283e-29 1.43899e-29 7.52178e-30 3.93159e-30 2.05495e-30 1.07404e-30 5.61335e-31 2.93367e-31 1.53316e-31 8.01212e-32 4.18692e-32 2.1879e-32
0.00242492 7.19289e-05 3.78629e-05 1.99277e-05 1.04866e-05 5.51755e-06 2.90265e-06 1.5268e-06 8.02989e-07 4.22258e-07 2.22018e-07 1.1672e-07 6.13541e-08 3.2247e-08 1.69466e-08 8.90483e-09 4.67862e-09 2.45788e-09 1.29108e-09 6.78112e-10 3.56125e-10 1.87007e-10 9.81904e-11 5.1551e-11 2.70621e-11 1.42051e-11 7.45568e-12 3.91281e-12 2.05329e-12 1.07739e-12 5.65276e-13 2.96557e-13 1.55568e-13 8.16011e-14 4.27992e-14 2.24461e-14 1.1771e-14 6.17235e-15 3.23635e-15 1.69679e-15 8.89547e-16 4.66314e-16 2.44431e-16 1.28117e-16 6.71466e-17 3.51895e-17 1.84405e-17 9.66286e-18 5.06302e-18 2.65269e-18 1.38975e-18 7.28047e-19 3.81379e-19 1.99769e-19 1.04634e-19 5.48017e-20 2.87005e-20 1.50301e-20 7.87062e-21 4.12129e-21 2.15791e-21 1.12983e-21 5.91518e-22 3.09671e-22 1.62111e-22 8.48597e-23 4.44191e-23 2.32497e-23 1.21687e-23 6.36868e-24 3.333e-24 1.74422e-24 9.12739e-25 4.7761e-25 2.49908e-25 1.30758e-25 6.84131e-26 3.57924e-26 1.87251e-26 9.7958e-27 5.12433e-27 2.68051e-27 1.4021e-27 7.33375e-28 3.83579e-28 2.00617e-28 1.04921e-28 5.4871e-29 2.8695e-29 1.50056e-29 7.84668e-30 4.10301e-30 2.14538e-30 1.12173e-30 5.8649e-31 3.06631e-31 1.60309e-31 8.3808e-32 4.38125e-32 2.29032e-32 1.19724e-32
0.00125968 3.78127e-05 1.99146e-05 1.04866e-05 5.52114e-06 2.90641e-06 1.52975e-06 8.05043e-07 4.236e-07 2.2286e-07 1.17233e-07 6.1661e-08 3.24275e-08 1.70515e-08 8.96511e-09 4.71299e-09 2.47734e-09 1.30204e-09 6.84249e-10 3.59547e-10 1.88907e-10 9.92419e-11 5.2131e-11 2.73812e-11 1.43802e-11 7.55154e-12 3.96518e-12 2.08185e-12 1.09294e-12 5.73722e-13 3.0114e-13 1.58051e-13 8.29447e-14 4.35254e-14 2.28382e-14 1.19824e-14 6.28625e-15 3.29765e-15 1.72976e-15 9.07259e-16 4.75823e-16 2.49533e-16 1.30851e-16 6.86115e-17 3.59738e-17 1.88602e-17 9.88723e-18 5.18293e-18 2.71674e-18 1.42394e-18 7.4629e-19 3.91108e-19 2.04955e-19 1.07398e-19 5.62736e-20 2.94842e-20 1.54472e-20 8.0925e-21 4.23929e-21 2.22064e-21 1.16316e-21 6.09227e-22 3.19077e-22 1.67104e-22 8.75101e-23 4.58254e-23 2.39957e-23 1.25643e-23 6.57843e-24 3.44417e-24 1.80313e-24 9.43951e-25 4.94141e-25 2.58662e-25 1.35393e-25 7.08662e-26 3.70905e-26 1.94119e-26 1.01591e-26 5.31648e-27 2.78211e-27 1.45582e-27 7.61766e-28 3.98583e-28 2.08545e-28 1.0911e-28 5.70833e-29 2.98634e-29 1.56226e-29 8.17241e-30 4.27495e-30 2.23613e-30 1.16963e-30 6.1176e-31 3.19964e-31 1.67342e-31 8.75173e-32 4.57687e-32 2.39347e-32 1.25162e-32 6.54493e-33
0.000654372 1.98752e-05 1.04729e-05 5.51755e-06 2.90641e-06 1.53073e-06 8.0607e-07 4.24406e-07 2.23423e-07 1.17601e-07 6.18917e-08 3.25683e-08 1.71356e-08 9.0146e-09 4.74175e-09 2.49388e-09 1.31148e-09 6.89593e-10 3.62555e-10 1.90592e-10 1.00182e-10 5.26531e-11 2.76702e-11 1.45397e-11 7.63927e-12 4.01333e-12 2.10822e-12 1.10735e-12 5.81581e-13 3.05419e-13 1.60377e-13 8.42069e-14 4.42095e-14 2.32084e-14 1.21826e-14 6.39433e-15 3.35596e-15 1.76117e-15 9.24172e-16 4.8492e-16 2.54422e-16 1.33477e-16 7.00203e-17 3.67292e-17 1.92649e-17 1.0104e-17 5.29892e-18 2.77877e-18 1.4571e-18 7.64006e-19 4.00568e-19 2.10004e-19 1.10091e-19 5.77097e-20 3.02496e-20 1.58549e-20 8.30964e-21 4.35488e-21 2.28215e-21 1.19588e-21 6.26624e-22 3.28324e-22 1.72018e-22 9.01204e-23 4.72116e-23 2.47316e-23 1.29549e-23 6.78566e-24 3.5541e-24 1.86143e-24 9.74856e-25 5.10522e-25 2.67343e-25 1.39991e-25 7.33019e-26 3.83803e-26 2.00948e-26 1.05205e-26 5.50775e-27 2.88331e-27 1.50935e-27 7.90081e-28 4.13556e-28 2.16461e-28 1.13294e-28 5.92948e-29 3.1032e-29 1.624e-29 8.49855e-30 4.44721e-30 2.32709e-30 1.21766e-30 6.37116e-31 3.33348e-31 1.74406e-31 9.12448e-32 4.77354e-32 2.49723e-32 1.30635e-32 6.83358e-33 3.57455e-33
0.000339929 1.04454e-05 5.50679e-06 2.90265e-06 1.52975e-06 8.0607e-07 4.24675e-07 2.23704e-07 1.17822e-07 6.20457e-08 3.2669e-08 1.71988e-08 9.05319e-09 4.76482e-09 2.50746e-09 1.31937e-09 6.94132e-10 3.65145e-10 1.9206e-10 1.01008e-10 5.31161e-11 2.79284e-11 1.46832e-11 7.71872e-12 4.05718e-12 2.13235e-12 1.1206e-12 5.88837e-13 3.09385e-13 1.6254e-13 8.53852e-14 4.48501e-14 2.35562e-14 1.23711e-14 6.4964e-15 3.41115e-15 1.79098e-15 9.40255e-16 4.93589e-16 2.5909e-16 1.35988e-16 7.13703e-17 3.74543e-17 1.96541e-17 1.03127e-17 5.41079e-18 2.83869e-18 1.48917e-18 7.81164e-19 4.09742e-19 2.14906e-19 1.12709e-19 5.91074e-20 3.09954e-20 1.62527e-20 8.52169e-21 4.46787e-21 2.34233e-21 1.22793e-21 6.4368e-22 3.37398e-22 1.76845e-22 9.26865e-23 4.85755e-23 2.54563e-23 1.33398e-23 6.99006e-24 3.66261e-24 1.91901e-24 1.00541e-24 5.26728e-25 2.75936e-25 1.44547e-25 7.57167e-26 3.96599e-26 2.07727e-26 1.08796e-26 5.69789e-27 2.98398e-27 1.56264e-27 8.1828e-28 4.28476e-28 2.24354e-28 1.17469e-28 6.15025e-29 3.21992e-29 1.6857e-29 8.82468e-30 4.61955e-30 2.41815e-30 1.26576e-30 6.62525e-31 3.46767e-31 1.81491e-31 9.49858e-32 4.97102e-32 2.60146e-32 1.36136e-32 7.12384e-33 3.72769e-33 1.95052e-33
0.000176584 5.48887e-06 2.89515e-06 1.5268e-06 8.05043e-07 4.24406e-07 2.23704e-07 1.17895e-07 6.21228e-08 3.27295e-08 1.7241e-08 9.08081e-09 4.78216e-09 2.51804e-09 1.3257e-09 6.97857e-10 3.67311e-10 1.93306e-10 1.01719e-10 5.35192e-11 2.81555e-11 1.48104e-11 7.78972e-12 4.09664e-12 2.1542e-12 1.13266e-12 5.95479e-13 3.13032e-13 1.64538e-13 8.64775e-14 4.54462e-14 2.38809e-14 1.25476e-14 6.59227e-15 3.46313e-15 1.81913e-15 9.5548e-16 5.01814e-16 2.63528e-16 1.38381e-16 7.26592e-17 3.81479e-17 2.0027e-17 1.05131e-17 5.51835e-18 2.89639e-18 1.52011e-18 7.97736e-19 4.18614e-19 2.19654e-19 1.15248e-19 6.04645e-20 3.17203e-20 1.66398e-20 8.72828e-21 4.57807e-21 2.4011e-21 1.25925e-21 6.60367e-22 3.46285e-22 1.81576e-22 9.52043e-23 4.99149e-23 2.61686e-23 1.37185e-23 7.19131e-24 3.76953e-24 1.9758e-24 1.03556e-24 5.42734e-25 2.84431e-25 1.49054e-25 7.8107e-26 4.09275e-26 2.14446e-26 1.12358e-26 5.88661e-27 3.08396e-27 1.61559e-27 8.46323e-28 4.43324e-28 2.32213e-28 1.21628e-28 6.37033e-29 3.33635e-29 1.74728e-29 9.15035e-30 4.79175e-30 2.50919e-30 1.31388e-30 6.87954e-31 3.60203e-31 1.8859e-31 9.87356e-32 5.16907e-32 2.70604e-32 1.41658e-32 7.41537e-33 3.88158e-33 2.03174e-33 1.06344e-33
9.1731e-05 2.88392e-06 1.5219e-06 8.02989e-07 4.236e-07 2.23423e-07 1.17822e-07 6.21228e-08 3.27497e-08 1.72622e-08 9.0974e-09 4.79374e-09 2.52562e-09 1.33045e-09 7.00763e-10 3.69048e-10 1.94329e-10 1.02314e-10 5.38616e-11 2.8351e-11 1.49212e-11 7.85214e-12 4.13164e-12 2.17373e-12 1.14351e-12 6.01492e-13 3.16352e-13 1.66367e-13 8.74818e-14 4.59965e-14 2.41818e-14 1.27119e-14 6.68175e-15 3.5118e-15 1.84557e-15 9.69818e-16 5.0958e-16 2.6773e-16 1.40651e-16 7.38846e-17 3.88087e-17 2.0383e-17 1.07047e-17 5.6214e-18 2.95177e-18 1.54984e-18 8.13692e-19 4.2717e-19 2.24239e-19 1.17703e-19 6.17786e-20 3.24232e-20 1.70155e-20 8.92908e-21 4.68532e-21 2.45835e-21 1.28979e-21 6.76658e-22 3.54971e-22 1.86204e-22 9.76697e-23 5.12277e-23 2.68674e-23 1.40903e-23 7.38909e-24 3.8747e-24 2.0317e-24 1.06527e-24 5.58517e-25 2.92813e-25 1.53504e-25 8.04693e-26 4.2181e-26 2.21097e-26 1.15885e-26 6.07365e-27 3.18312e-27 1.66815e-27 8.74171e-28 4.58077e-28 2.40027e-28 1.25766e-28 6.58942e-29 3.45233e-29 1.80866e-29 9.47514e-30 4.96358e-30 2.60008e-30 1.36194e-30 7.13371e-31 3.7364e-31 1.95693e-31 1.0249e-31 5.36744e-32 2.81085e-32 1.47195e-32 7.70781e-33 4.03602e-33 2.11329e-33 1.1065e-33 5.7933e-34
4.76519e-05 1.51505e-06 7.99915e-07 4.22258e-07 2.2286e-07 1.17601e-07 6.20457e-08 3.27295e-08 1.72622e-08 9.10294e-09 4.79953e-09 2.53017e-09 1.33363e-09 7.02842e-10 3.70355e-10 1.95127e-10 1.02791e-10 5.41426e-11 2.85144e-11 1.50153e-11 7.90588e-12 4.1621e-12 2.1909e-12 1.15314e-12 6.06866e-13 3.1934e-13 1.68022e-13 8.83961e-14 4.65001e-14 2.44585e-14 1.28635e-14 6.7647e-15 3.55708e-15 1.87024e-15 9.83243e-16 5.16873e-16 2.71686e-16 1.42795e-16 7.50445e-17 3.94356e-17 2.07215e-17 1.08872e-17 5.71978e-18 3.00473e-18 1.57833e-18 8.29005e-19 4.35395e-19 2.28653e-19 1.20071e-19 6.30475e-20 3.31029e-20 1.73794e-20 9.12375e-21 4.78942e-21 2.51398e-21 1.31951e-21 6.92528e-22 3.6344e-22 1.90722e-22 1.00079e-22 5.25118e-23 2.75515e-23 1.44547e-23 7.58309e-24 3.97795e-24 2.08664e-24 1.09449e-24 5.74051e-25 3.0107e-25 1.57892e-25 8.27999e-26 4.34188e-26 2.27668e-26 1.19373e-26 6.25874e-27 3.2813e-27 1.72022e-27 9.01784e-28 4.72716e-28 2.47786e-28 1.29877e-28 6.80722e-29 3.56769e-29 1.86976e-29 9.79859e-30 5.1348e-30 2.6907e-30 1.4099e-30 7.38741e-31 3.87061e-31 2.02791e-31 1.06243e-31 5.56587e-32 2.91575e-32 1.52739e-32 8.0008e-33 4.19083e-33 2.19508e-33 1.1497e-33 6.02147e-34 3.15359e-34
2.47539e-05 7.95825e-07 4.20383e-07 2.22018e-07 1.17233e-07 6.18917e-08 3.2669e-08 1.7241e-08 9.0974e-09 4.79953e-09 2.53169e-09 1.33522e-09 7.04091e-10 3.71227e-10 1.95698e-10 1.0315e-10 5.43618e-11 2.86456e-11 1.50926e-11 7.95081e-12 4.18798e-12 2.20568e-12 1.16152e-12 6.1159e-13 3.2199e-13 1.69502e-13 8.92189e-14 4.6956e-14 2.47104e-14 1.30023e-14 6.84095e-15 3.59889e-15 1.89311e-15 9.95732e-16 5.2368e-16 2.75391e-16 1.44808e-16 7.61367e-17 4.00275e-17 2.10418e-17 1.10604e-17 5.8133e-18 3.05519e-18 1.60553e-18 8.43649e-19 4.43274e-19 2.32889e-19 1.22346e-19 6.4269e-20 3.37583e-20 1.77307e-20 9.31198e-21 4.8902e-21 2.56792e-21 1.34836e-21 7.07949e-22 3.7168e-22 1.95122e-22 1.02428e-22 5.37652e-23 2.822e-23 1.48111e-23 7.77302e-24 4.07913e-24 2.14052e-24 1.12317e-24 5.89314e-25 3.09189e-25 1.6221e-25 8.50955e-26 4.46388e-26 2.34151e-26 1.22816e-26 6.44159e-27 3.37838e-27 1.77175e-27 9.29123e-28 4.87218e-28 2.55478e-28 1.33956e-28 7.02343e-29 3.68228e-29 1.93048e-29 1.01203e-29 5.30519e-30 2.78093e-30 1.45767e-30 7.64032e-31 4.00446e-31 2.09874e-31 1.0999e-31 5.76412e-32 3.02061e-32 1.58284e-32 8.29398e-33 4.34582e-33 2.277e-33 1.193e-33 6.25025e-34 3.27446e-34 1.7154e-34
1.2859e-05 4.17979e-07 2.20898e-07 1.1672e-07 6.1661e-08 3.25683e-08 1.71988e-08 9.08081e-09 4.79374e-09 2.53017e-09 1.33522e-09 7.04508e-10 3.71663e-10 1.96041e-10 1.0339e-10 5.45186e-11 2.87441e-11 1.51528e-11 7.98686e-12 4.20922e-12 2.21804e-12 1.16864e-12 6.15657e-13 3.24297e-13 1.70802e-13 8.99485e-14 4.73635e-14 2.4937e-14 1.31279e-14 6.91038e-15 3.63714e-15 1.91414e-15 1.00726e-15 5.2999e-16 2.78836e-16 1.46686e-16 7.71593e-17 4.05832e-17 2.13435e-17 1.12239e-17 5.90181e-18 3.10305e-18 1.63138e-18 8.57599e-19 4.50794e-19 2.36939e-19 1.24526e-19 6.54412e-20 3.43881e-20 1.80689e-20 9.49343e-21 4.9875e-21 2.62006e-21 1.37629e-21 7.22896e-22 3.79676e-22 1.99398e-22 1.04713e-22 5.49858e-23 2.88717e-23 1.51589e-23 7.95857e-24 4.17807e-24 2.19326e-24 1.15127e-24 6.04282e-25 3.17159e-25 1.66452e-25 8.73526e-26 4.58394e-26 2.40535e-26 1.2621e-26 6.62194e-27 3.4742e-27 1.82264e-27 9.56148e-28 5.01565e-28 2.63092e-28 1.37996e-28 7.23774e-29 3.79594e-29 1.99074e-29 1.04398e-29 5.47452e-30 2.87065e-30 1.50521e-30 7.8921e-31 4.1378e-31 2.16934e-31 1.13728e-31 5.96194e-32 3.12529e-32 1.63823e-32 8.58698e-33 4.50079e-33 2.35896e-33 1.23633e-33 6.47935e-34 3.39556e-34 1.77941e-34 9.32443e-35
6.67992e-06 2.19503e-07 1.16061e-07 6.13541e-08 3.24275e-08 1.71356e-08 9.05319e-09 4.78216e-09 2.52562e-09 1.33363e-09 7.04091e-10 3.71663e-10 1.96155e-10 1.0351e-10 5.46128e-11 2.88099e-11 1.51959e-11 8.01396e-12 4.22578e-12 2.22795e-12 1.17448e-12 6.19057e-13 3.26256e-13 1.71922e-13 9.05836e-14 4.77217e-14 2.5138e-14 1.32402e-14 6.97284e-15 3.67177e-15 1.93328e-15 1.01781e-15 5.35789e-16 2.82018e-16 1.48427e-16 7.81105e-17 4.11019e-17 2.16259e-17 1.13774e-17 5.98514e-18 3.14822e-18 1.65584e-18 8.70829e-19 4.57942e-19 2.40797e-19 1.26607e-19 6.6562e-20 3.49914e-20 1.83934e-20 9.66782e-21 5.08116e-21 2.67032e-21 1.40324e-21 7.37346e-22 3.87416e-22 2.03542e-22 1.0693e-22 5.61717e-23 2.95056e-23 1.54976e-23 8.13944e-24 4.27462e-24 2.24477e-24 1.17875e-24 6.18931e-25 3.24966e-25 1.70611e-25 8.95676e-26 4.70186e-26 2.46811e-26 1.29549e-26 6.79953e-27 3.56862e-27 1.87283e-27 9.82819e-28 5.15734e-28 2.70617e-28 1.41991e-28 7.44985e-29 3.90851e-29 2.05047e-29 1.07566e-29 5.64254e-30 2.95975e-30 1.55244e-30 8.14241e-31 4.27044e-31 2.23961e-31 1.1745e-31 6.15905e-32 3.22965e-32 1.69348e-32 8.87943e-33 4.65556e-33 2.44085e-33 1.27965e-33 6.7085e-34 3.51675e-34 1.84349e-34 9.66323e-35 5.06509e-35
3.47004e-06 1.15259e-07 6.09717e-08 3.2247e-08 1.70515e-08 9.0146e-09 4.76482e-09 2.51804e-09 1.33045e-09 7.02842e-10 3.71227e-10 1.96041e-10 1.0351e-10 5.46442e-11 2.88429e-11 1.52218e-11 8.03205e-12 4.23763e-12 2.23541e-12 1.17904e-12 6.21785e-13 3.27864e-13 1.72858e-13 9.1123e-14 4.80299e-14 2.53129e-14 1.33389e-14 7.02823e-15 3.70272e-15 1.9505e-15 1.02736e-15 5.41069e-16 2.84928e-16 1.50028e-16 7.89885e-17 4.15826e-17 2.18885e-17 1.15207e-17 6.06315e-18 3.19064e-18 1.67887e-18 8.83318e-19 4.64706e-19 2.44456e-19 1.28584e-19 6.76294e-20 3.55671e-20 1.87036e-20 9.83484e-21 5.17101e-21 2.71862e-21 1.42919e-21 7.51273e-22 3.94888e-22 2.07548e-22 1.09076e-22 5.73209e-23 3.01207e-23 1.58266e-23 8.31535e-24 4.36862e-24 2.29499e-24 1.20556e-24 6.33239e-25 3.32599e-25 1.74681e-25 9.17373e-26 4.81747e-26 2.52969e-26 1.32828e-26 6.97408e-27 3.66151e-27 1.92224e-27 1.0091e-27 5.29705e-28 2.78043e-28 1.45937e-28 7.65946e-29 4.01983e-29 2.10957e-29 1.10703e-29 5.80904e-30 3.04808e-30 1.59929e-30 8.39091e-31 4.40219e-31 2.30945e-31 1.21152e-31 6.35521e-32 3.33358e-32 1.74852e-32 9.17095e-33 4.80992e-33 2.52257e-33 1.32291e-33 6.93741e-34 3.63788e-34 1.90757e-34 1.00022e-34 5.24437e-35 2.74963e-35
1.8026e-06 6.05144e-08 3.20272e-08 1.69466e-08 8.96511e-09 4.74175e-09 2.50746e-09 1.3257e-09 7.00763e-10 3.70355e-10 1.95698e-10 1.0339e-10 5.46128e-11 2.88429e-11 1.52304e-11 8.04111e-12 4.24475e-12 2.24038e-12 1.1823e-12 6.23835e-13 3.29117e-13 1.73609e-13 9.15657e-14 4.82877e-14 2.54615e-14 1.34238e-14 7.07644e-15 3.72992e-15 1.96577e-15 1.0359e-15 5.45819e-16 2.87563e-16 1.51485e-16 7.97918e-17 4.20244e-17 2.2131e-17 1.16534e-17 6.13571e-18 3.23023e-18 1.70043e-18 8.95043e-19 4.71074e-19 2.4791e-19 1.30455e-19 6.86417e-20 3.61142e-20 1.8999e-20 9.99422e-21 5.25691e-21 2.76488e-21 1.45408e-21 7.64656e-22 4.02078e-22 2.11408e-22 1.11148e-22 5.84317e-23 3.0716e-23 1.61454e-23 8.48601e-24 4.45993e-24 2.34382e-24 1.23166e-24 6.47183e-25 3.40045e-25 1.78656e-25 9.38582e-26 4.9306e-26 2.59e-26 1.36043e-26 7.14534e-27 3.75272e-27 1.97081e-27 1.03494e-27 5.43458e-28 2.85358e-28 1.49827e-28 7.86626e-29 4.12974e-29 2.16797e-29 1.13805e-29 5.97377e-30 3.13554e-30 1.64572e-30 8.63726e-31 4.5329e-31 2.37878e-31 1.24828e-31 6.55015e-32 3.43691e-32 1.80329e-32 9.46116e-33 4.96367e-33 2.60401e-33 1.36604e-33 7.1658e-34 3.75879e-34 1.97157e-34 1.03409e-34 5.42361e-35 2.84446e-35 1.49174e-35
9.36402e-07 3.17684e-08 1.68213e-08 8.90483e-09 4.71299e-09 2.49388e-09 1.31937e-09 6.97857e-10 3.69048e-10 1.95127e-10 1.0315e-10 5.45186e-11 2.88099e-11 1.52218e-11 8.04111e-12 4.24712e-12 2.24287e-12 1.18426e-12 6.25204e-13 3.30015e-13 1.74173e-13 9.19109e-14 4.84945e-14 2.55835e-14 1.34948e-14 7.11738e-15 3.75333e-15 1.97906e-15 1.0434e-15 5.50031e-16 2.89917e-16 1.52795e-16 8.0519e-17 4.24266e-17 2.23528e-17 1.17755e-17 6.20268e-18 3.2669e-18 1.72048e-18 9.05984e-19 4.77034e-19 2.51152e-19 1.32216e-19 6.95971e-20 3.66319e-20 1.92792e-20 1.01457e-20 5.33871e-21 2.80902e-21 1.47787e-21 7.77472e-22 4.08975e-22 2.15117e-22 1.13141e-22 5.95021e-23 3.12904e-23 1.64535e-23 8.65117e-24 4.54841e-24 2.39119e-24 1.25701e-24 6.60742e-25 3.47294e-25 1.8253e-25 9.59272e-26 5.04106e-26 2.64896e-26 1.39187e-26 7.31306e-27 3.84212e-27 2.01845e-27 1.06032e-27 5.56972e-28 2.92553e-28 1.53656e-28 8.06996e-29 4.23808e-29 2.22558e-29 1.16867e-29 6.1365e-30 3.222e-30 1.69164e-30 8.88113e-31 4.66237e-31 2.4475e-31 1.28475e-31 6.74361e-32 3.53953e-32 1.85771e-32 9.7497e-33 5.11663e-33 2.68507e-33 1.40899e-33 7.39338e-34 3.87934e-34 2.03542e-34 1.0679e-34 5.60258e-35 2.93919e-35 1.54188e-35 8.08825e-36
4.86436e-07 1.66757e-08 8.83386e-09 4.67862e-09 2.47734e-09 1.31148e-09 6.94132e-10 3.67311e-10 1.94329e-10 1.02791e-10 5.43618e-11 2.87441e-11 1.51959e-11 8.03205e-12 4.24475e-12 2.24287e-12 1.18491e-12 6.2589e-13 3.30554e-13 1.7455e-13 9.21579e-14 4.86499e-14 2.56785e-14 1.35518e-14 7.15098e-15 3.77291e-15 1.99035e-15 1.04985e-15 5.53697e-16 2.91986e-16 1.53958e-16 8.11687e-17 4.27884e-17 2.25535e-17 1.18865e-17 6.26395e-18 3.30062e-18 1.73899e-18 9.16122e-19 4.82577e-19 2.54178e-19 1.33865e-19 7.0494e-20 3.71192e-20 1.95436e-20 1.0289e-20 5.41627e-21 2.85096e-21 1.50053e-21 7.89698e-22 4.15568e-22 2.18669e-22 1.15053e-22 6.05305e-23 3.18432e-23 1.67504e-23 8.81053e-24 4.6339e-24 2.43702e-24 1.28157e-24 6.73894e-25 3.54334e-25 1.86296e-25 9.7941e-26 5.14869e-26 2.70646e-26 1.42258e-26 7.47696e-27 3.92958e-27 2.0651e-27 1.08519e-27 5.70229e-28 2.99616e-28 1.57418e-28 8.27027e-29 4.3447e-29 2.28231e-29 1.19886e-29 6.29701e-30 3.30734e-30 1.737e-30 9.12217e-31 4.79042e-31 2.51552e-31 1.32086e-31 6.93534e-32 3.64129e-32 1.91171e-32 1.00362e-32 5.26858e-33 2.76565e-33 1.45172e-33 7.61985e-34 3.99937e-34 2.09902e-34 1.1016e-34 5.78108e-35 3.03373e-35 1.59194e-35 8.35328e-36 4.38298e-36
2.52691e-07 8.75236e-09 4.63868e-09 2.45788e-09 1.30204e-09 6.89593e-10 3.65145e-10 1.93306e-10 1.02314e-10 5.41426e-11 2.86456e-11 1.51528e-11 8.01396e-12 4.23763e-12 2.24038e-12 1.18426e-12 6.2589e-13 3.30733e-13 1.74739e-13 9.23063e-14 4.87537e-14 2.57466e-14 1.35946e-14 7.17719e-15 3.78861e-15 1.99962e-15 1.05525e-15 5.5681e-16 2.93767e-16 1.54969e-16 8.17398e-17 4.31092e-17 2.27329e-17 1.19864e-17 6.3194e-18 3.3313e-18 1.75592e-18 9.2544e-19 4.87693e-19 2.56981e-19 1.35397e-19 7.13309e-20 3.75753e-20 1.97918e-20 1.04238e-20 5.48947e-21 2.89064e-21 1.52201e-21 8.01316e-22 4.21845e-22 2.22057e-22 1.1688e-22 6.15151e-23 3.23733e-23 1.70356e-23 8.96387e-24 4.71628e-24 2.48125e-24 1.3053e-24 6.86619e-25 3.61153e-25 1.89949e-25 9.98965e-26 5.25333e-26 2.76242e-26 1.4525e-26 7.63682e-27 4.01496e-27 2.11068e-27 1.10952e-27 5.83207e-28 3.06537e-28 1.61108e-28 8.46688e-29 4.44944e-29 2.3381e-29 1.22855e-29 6.45507e-30 3.39144e-30 1.78174e-30 9.36006e-31 4.91689e-31 2.58273e-31 1.35658e-31 7.12507e-32 3.74206e-32 1.96522e-32 1.03202e-32 5.41932e-33 2.84564e-33 1.49415e-33 7.84494e-34 4.11873e-34 2.1623e-34 1.13514e-34 5.95887e-35 3.12794e-35 1.64185e-35 8.61768e-36 4.52301e-36 2.37382e-36
1.31266e-07 4.59326e-09 2.43552e-09 1.29108e-09 6.84249e-10 3.62555e-10 1.9206e-10 1.01719e-10 5.38616e-11 2.85144e-11 1.50926e-11 7.98686e-12 4.22578e-12 2.23541e-12 1.1823e-12 6.25204e-13 3.30554e-13 1.74739e-13 9.23558e-14 4.88057e-14 2.57875e-14 1.36232e-14 7.19593e-15 3.80041e-15 2.00684e-15 1.05958e-15 5.59365e-16 2.95256e-16 1.55828e-16 8.22312e-17 4.33884e-17 2.28906e-17 1.2075e-17 6.36894e-18 3.3589e-18 1.77124e-18 9.33919e-19 4.92373e-19 2.59557e-19 1.36812e-19 7.21062e-20 3.79994e-20 2.00234e-20 1.05501e-20 5.55817e-21 2.92798e-21 1.54228e-21 8.12306e-22 4.27796e-22 2.25277e-22 1.1862e-22 6.24544e-23 3.288e-23 1.73087e-23 9.11091e-24 4.7954e-24 2.5238e-24 1.32816e-24 6.98896e-25 3.67742e-25 1.93482e-25 1.01791e-25 5.35481e-26 2.81675e-26 1.48158e-26 7.79238e-27 4.09814e-27 2.15513e-27 1.13327e-27 5.95888e-28 3.13305e-28 1.64719e-28 8.65952e-29 4.55216e-29 2.39284e-29 1.25772e-29 6.61046e-30 3.47418e-30 1.82578e-30 9.59445e-31 5.04159e-31 2.64906e-31 1.39185e-31 7.31255e-32 3.8417e-32 2.01816e-32 1.06014e-32 5.56867e-33 2.92494e-33 1.53625e-33 8.06834e-34 4.23727e-34 2.22519e-34 1.1685e-34 6.13575e-35 3.22172e-35 1.69156e-35 8.88114e-36 4.66262e-36 2.44778e-36 1.28498e-36
6.81895e-08 2.41031e-09 1.27862e-09 6.78112e-10 3.59547e-10 1.90592e-10 1.01008e-10 5.35192e-11 2.8351e-11 1.50153e-11 7.95081e-12 4.20922e-12 2.22795e-12 1.17904e-12 6.23835e-13 3.30015e-13 1.7455e-13 9.23063e-14 4.88057e-14 2.58011e-14 1.36375e-14 7.2072e-15 3.80829e-15 2.01201e-15 1.06283e-15 5.61357e-16 2.9645e-16 1.56533e-16 8.26421e-17 4.36254e-17 2.30262e-17 1.21521e-17 6.41249e-18 3.38337e-18 1.78493e-18 9.41547e-19 4.96608e-19 2.61901e-19 1.38106e-19 7.28187e-20 3.83907e-20 2.02379e-20 1.06674e-20 5.62227e-21 2.96293e-21 1.56131e-21 8.22649e-22 4.33412e-22 2.28322e-22 1.20269e-22 6.33467e-23 3.33623e-23 1.75691e-23 9.25143e-24 4.87115e-24 2.56459e-24 1.35012e-24 7.10706e-25 3.74089e-25 1.96891e-25 1.0362e-25 5.45296e-26 2.86938e-26 1.50978e-26 7.9434e-27 4.17898e-27 2.19838e-27 1.1564e-27 6.08252e-28 3.19912e-28 1.68248e-28 8.84791e-29 4.65269e-29 2.44648e-29 1.28633e-29 6.76294e-30 3.55544e-30 1.86907e-30 9.82503e-31 5.16436e-31 2.7144e-31 1.42662e-31 7.49753e-32 3.94007e-32 2.07046e-32 1.08795e-32 5.71642e-33 3.00344e-33 1.57794e-33 8.28976e-34 4.35483e-34 2.28759e-34 1.20161e-34 6.31147e-35 3.31494e-35 1.741e-35 9.14332e-36 4.80163e-36 2.52147e-36 1.32403e-36 6.95223e-37
3.54226e-08 1.26468e-09 6.71193e-10 3.56125e-10 1.88907e-10 1.00182e-10 5.31161e-11 2.81555e-11 1.49212e-11 7.90588e-12 4.18798e-12 2.21804e-12 1.17448e-12 6.21785e-13 3.29117e-13 1.74173e-13 9.21579e-14 4.87537e-14 2.57875e-14 1.36375e-14 7.21095e-15 3.81224e-15 2.01511e-15 1.06501e-15 5.62782e-16 2.97348e-16 1.57082e-16 8.29717e-17 4.382e-17 2.31397e-17 1.22176e-17 6.44996e-18 3.40467e-18 1.79696e-18 9.48309e-19 5.00392e-19 2.6401e-19 1.39277e-19 7.34671e-20 3.87487e-20 2.0435e-20 1.07757e-20 5.68165e-21 2.99542e-21 1.57906e-21 8.32328e-22 4.38682e-22 2.31187e-22 1.21826e-22 6.41908e-23 3.38195e-23 1.78166e-23 9.3852e-24 4.9434e-24 2.60358e-24 1.37114e-24 7.22029e-25 3.80184e-25 2.0017e-25 1.05383e-25 5.54765e-26 2.92022e-26 1.53705e-26 8.08966e-27 4.25736e-27 2.24037e-27 1.17888e-27 6.20282e-28 3.26346e-28 1.71688e-28 9.03175e-29 4.7509e-29 2.49892e-29 1.31432e-29 6.9123e-30 3.63511e-30 1.91155e-30 1.00515e-30 5.28501e-31 2.77867e-31 1.46084e-31 7.67973e-32 4.03705e-32 2.12206e-32 1.11539e-32 5.86237e-33 3.08103e-33 1.61919e-33 8.50892e-34 4.47126e-34 2.34943e-34 1.23445e-34 6.48582e-35 3.40748e-35 1.79012e-35 9.40391e-36 4.93986e-36 2.59478e-36 1.36291e-36 7.15836e-37 3.75958e-37
1.84011e-08 6.63505e-10 3.52297e-10 1.87007e-10 9.92419e-11 5.26531e-11 2.79284e-11 1.48104e-11 7.85214e-12 4.1621e-12 2.20568e-12 1.16864e-12 6.19057e-13 3.27864e-13 1.73609e-13 9.19109e-14 4.86499e-14 2.57466e-14 1.36232e-14 7.2072e-15 3.81224e-15 2.01615e-15 1.06609e-15 5.63638e-16 2.97947e-16 1.57476e-16 8.32194e-17 4.39717e-17 2.32307e-17 1.22713e-17 6.48128e-18 3.42275e-18 1.80731e-18 9.54194e-19 5.03717e-19 2.65879e-19 1.40324e-19 7.40503e-20 3.90727e-20 2.06144e-20 1.08748e-20 5.73621e-21 3.0254e-21 1.5955e-21 8.41327e-22 4.43599e-22 2.33869e-22 1.23286e-22 6.4985e-23 3.42509e-23 1.80506e-23 9.512e-24 5.01203e-24 2.64069e-24 1.39118e-24 7.32849e-25 3.86019e-25 2.03314e-25 1.07076e-25 5.63872e-26 2.96918e-26 1.56336e-26 8.23092e-27 4.33317e-27 2.28103e-27 1.20067e-27 6.31958e-28 3.32599e-28 1.75035e-28 9.21079e-29 4.84664e-29 2.55009e-29 1.34166e-29 7.05833e-30 3.71307e-30 1.95316e-30 1.02734e-30 5.40338e-31 2.84178e-31 1.49448e-31 7.85892e-32 4.13248e-32 2.17288e-32 1.14244e-32 6.00632e-33 3.15762e-33 1.65992e-33 8.72552e-34 4.58641e-34 2.41063e-34 1.26697e-34 6.65857e-35 3.49923e-35 1.83884e-35 9.66256e-36 5.07715e-36 2.66764e-36 1.40157e-36 7.36341e-37 3.86834e-37 2.03213e-37
9.55891e-09 3.4807e-10 1.84896e-10 9.81904e-11 5.2131e-11 2.76702e-11 1.46832e-11 7.78972e-12 4.13164e-12 2.1909e-12 1.16152e-12 6.15657e-13 3.26256e-13 1.72858e-13 9.15657e-14 4.84945e-14 2.56785e-14 1.35946e-14 7.19593e-15 3.80829e-15 2.01511e-15 1.06609e-15 5.63924e-16 2.98247e-16 1.57712e-16 8.33848e-17 4.40802e-17 2.3299e-17 1.23132e-17 6.50641e-18 3.43759e-18 1.81597e-18 9.59191e-19 5.06579e-19 2.67506e-19 1.41243e-19 7.45673e-20 3.93621e-20 2.07758e-20 1.09645e-20 5.78587e-21 3.05283e-21 1.6106e-21 8.4963e-22 4.48153e-22 2.36362e-22 1.24648e-22 6.57282e-23 3.46557e-23 1.82708e-23 9.63162e-24 5.07693e-24 2.67587e-24 1.41023e-24 7.43148e-25 3.91583e-25 2.06318e-25 1.08696e-25 5.72603e-26 3.0162e-26 1.58866e-26 8.36697e-27 4.40628e-27 2.3203e-27 1.22175e-27 6.43264e-28 3.38661e-28 1.78283e-28 9.38475e-29 4.93977e-29 2.59992e-29 1.36831e-29 7.20081e-30 3.78921e-30 1.99383e-30 1.04906e-30 5.51931e-31 2.90363e-31 1.52747e-31 8.03484e-32 4.22626e-32 2.22285e-32 1.16906e-32 6.14809e-33 3.2331e-33 1.70009e-33 8.93929e-34 4.70012e-34 2.47111e-34 1.29913e-34 6.82951e-35 3.59008e-35 1.88711e-35 9.91897e-36 5.21333e-36 2.73995e-36 1.43995e-36 7.56715e-37 3.97646e-37 2.08949e-37 1.0979e-37
4.96561e-09 1.82578e-10 9.70293e-11 5.1551e-11 2.73812e-11 1.45397e-11 7.71872e-12 4.09664e-12 2.17373e-12 1.15314e-12 6.1159e-13 3.24297e-13 1.71922e-13 9.1123e-14 4.82877e-14 2.55835e-14 1.35518e-14 7.17719e-15 3.80041e-15 2.01201e-15 1.06501e-15 5.63638e-16 2.98247e-16 1.57791e-16 8.34675e-17 4.41455e-17 2.33447e-17 1.23431e-17 6.5253e-18 3.44916e-18 1.82291e-18 9.63292e-19 5.08971e-19 2.68888e-19 1.42034e-19 7.50172e-20 3.96164e-20 2.09188e-20 1.10445e-20 5.83052e-21 3.07764e-21 1.62435e-21 8.57224e-22 4.52337e-22 2.38662e-22 1.2591e-22 6.6419e-23 3.50333e-23 1.84768e-23 9.74387e-24 5.138e-24 2.70905e-24 1.42823e-24 7.52908e-25 3.96868e-25 2.09177e-25 1.10241e-25 5.80944e-26 3.06119e-26 1.61291e-26 8.49761e-27 4.47659e-27 2.35811e-27 1.24208e-27 6.54182e-28 3.44522e-28 1.81427e-28 9.55338e-29 5.03015e-29 2.64834e-29 1.39423e-29 7.33954e-30 3.86342e-30 2.03351e-30 1.07027e-30 5.63261e-31 2.96415e-31 1.55978e-31 8.20725e-32 4.31824e-32 2.2719e-32 1.19521e-32 6.28747e-33 3.30736e-33 1.73965e-33 9.14992e-34 4.81225e-34 2.53079e-34 1.33088e-34 6.9984e-35 3.67989e-35 1.93486e-35 1.01728e-35 5.34821e-36 2.81161e-36 1.47802e-36 7.76931e-37 4.0838e-37 2.14647e-37 1.12814e-37 5.92903e-38
2.5795e-09 9.57608e-11 5.0914e-11 2.70621e-11 1.43802e-11 7.63927e-12 4.05718e-12 2.1542e-12 1.14351e-12 6.06866e-13 3.2199e-13 1.70802e-13 9.05836e-14 4.80299e-14 2.54615e-14 1.34948e-14 7.15098e-15 3.78861e-15 2.00684e-15 1.06283e-15 5.62782e-16 2.97947e-16 1.57712e-16 8.34675e-17 4.41672e-17 2.33675e-17 1.23612e-17 6.53791e-18 3.45744e-18 1.82813e-18 9.66489e-19 5.10889e-19 2.70021e-19 1.42696e-19 7.53992e-20 3.98352e-20 2.10433e-20 1.11149e-20 5.8701e-21 3.09981e-21 1.63671e-21 8.64095e-22 4.56144e-22 2.40766e-22 1.27069e-22 6.70564e-23 3.53831e-23 1.86683e-23 9.84856e-24 5.19514e-24 2.74018e-24 1.44517e-24 7.62115e-25 4.01866e-25 2.11886e-25 1.11708e-25 5.88882e-26 3.1041e-26 1.63608e-26 8.62262e-27 4.54399e-27 2.39442e-27 1.26162e-27 6.64696e-28 3.50174e-28 1.84464e-28 9.71642e-29 5.11764e-29 2.69526e-29 1.41939e-29 7.4743e-30 3.93559e-30 2.07214e-30 1.09093e-30 5.74314e-31 3.02323e-31 1.59135e-31 8.3759e-32 4.40829e-32 2.31997e-32 1.22086e-32 6.42427e-33 3.38031e-33 1.77853e-33 9.35714e-34 4.92265e-34 2.58958e-34 1.36218e-34 7.16503e-35 3.76857e-35 1.98203e-35 1.04237e-35 5.48164e-36 2.88254e-36 1.51572e-36 7.96966e-37 4.19023e-37 2.203e-37 1.15817e-37 6.08843e-38 3.2005e-38
1.33998e-09 5.02213e-11 2.67135e-11 1.42051e-11 7.55154e-12 4.01333e-12 2.13235e-12 1.13266e-12 6.01492e-13 3.1934e-13 1.69502e-13 8.99485e-14 4.77217e-14 2.53129e-14 1.34238e-14 7.11738e-15 3.77291e-15 1.99962e-15 1.05958e-15 5.61357e-16 2.97348e-16 1.57476e-16 8.33848e-17 4.41455e-17 2.33675e-17 1.23672e-17 6.54422e-18 3.46241e-18 1.83161e-18 9.68776e-19 5.12331e-19 2.70905e-19 1.43226e-19 7.57127e-20 4.00182e-20 2.11489e-20 1.11754e-20 5.90455e-21 3.11928e-21 1.64767e-21 8.70233e-22 4.59568e-22 2.42669e-22 1.28124e-22 6.76393e-23 3.57044e-23 1.8845e-23 9.94553e-24 5.24825e-24 2.76922e-24 1.46102e-24 7.70753e-25 4.06567e-25 2.14441e-25 1.13095e-25 5.96404e-26 3.14484e-26 1.65813e-26 8.74181e-27 4.60836e-27 2.42916e-27 1.28035e-27 6.74789e-28 3.55608e-28 1.87388e-28 9.87363e-29 5.20211e-29 2.74063e-29 1.44374e-29 7.60491e-30 4.00561e-30 2.10966e-30 1.11103e-30 5.85074e-31 3.08081e-31 1.62215e-31 8.54056e-32 4.49629e-32 2.36698e-32 1.24597e-32 6.55831e-33 3.45184e-33 1.8167e-33 9.56066e-34 5.03116e-34 2.64741e-34 1.393e-34 7.32917e-35 3.85598e-35 2.02857e-35 1.06714e-35 5.61343e-36 2.95265e-36 1.55301e-36 8.16792e-37 4.29563e-37 2.25902e-37 1.18793e-37 6.24655e-38 3.28449e-38 1.72693e-38
6.96087e-10 2.6336e-11 1.40147e-11 7.45568e-12 3.96518e-12 2.10822e-12 1.1206e-12 5.95479e-13 3.16352e-13 1.68022e-13 8.92189e-14 4.73635e-14 2.5138e-14 1.33389e-14 7.07644e-15 3.75333e-15 1.99035e-15 1.05525e-15 5.59365e-16 2.9645e-16 1.57082e-16 8.32194e-17 4.40802e-17 2.33447e-17 1.23612e-17 6.54422e-18 3.46407e-18 1.83335e-18 9.70151e-19 5.13294e-19 2.71537e-19 1.43625e-19 7.5957e-20 4.01649e-20 2.12357e-20 1.12261e-20 5.93379e-21 3.13604e-21 1.65721e-21 8.75626e-22 4.62603e-22 2.44369e-22 1.29073e-22 6.81668e-23 3.59967e-23 1.90066e-23 1.00346e-23 5.29724e-24 2.79611e-24 1.47576e-24 7.78809e-25 4.10965e-25 2.16839e-25 1.144e-25 6.03499e-26 3.18336e-26 1.67902e-26 8.85499e-27 4.66962e-27 2.46228e-27 1.29824e-27 6.84446e-28 3.60816e-28 1.90194e-28 1.00248e-28 5.28344e-29 2.78436e-29 1.46724e-29 7.73116e-30 4.07339e-30 2.14602e-30 1.13053e-30 5.95524e-31 3.13679e-31 1.65212e-31 8.70099e-32 4.58212e-32 2.41288e-32 1.2705e-32 6.68941e-33 3.52186e-33 1.85408e-33 9.76022e-34 5.13763e-34 2.70421e-34 1.42329e-34 7.49062e-35 3.94201e-35 2.07441e-35 1.09155e-35 5.74342e-36 3.02185e-36 1.58983e-36 8.36386e-37 4.39986e-37 2.31445e-37 1.2174e-37 6.4032e-38 3.36774e-38 1.77116e-38 9.31442e-39
3.61599e-10 1.38093e-11 7.35188e-12 3.91281e-12 2.08185e-12 1.10735e-12 5.88837e-13 3.13032e-13 1.66367e-13 8.83961e-14 4.6956e-14 2.4937e-14 1.32402e-14 7.02823e-15 3.72992e-15 1.97906e-15 1.04985e-15 5.5681e-16 2.95256e-16 1.56533e-16 8.29717e-17 4.39717e-17 2.3299e-17 1.23431e-17 6.53791e-18 3.46241e-18 1.83335e-18 9.70609e-19 5.13776e-19 2.71917e-19 1.43891e-19 7.61319e-20 4.02751e-20 2.13033e-20 1.12667e-20 5.95779e-21 3.15005e-21 1.6653e-21 8.80266e-22 4.65244e-22 2.45863e-22 1.29913e-22 6.86378e-23 3.62596e-23 1.91528e-23 1.01157e-23 5.34205e-24 2.82082e-24 1.48935e-24 7.8627e-25 4.15053e-25 2.19074e-25 1.15621e-25 6.10155e-26 3.2196e-26 1.69873e-26 8.96199e-27 4.72766e-27 2.49373e-27 1.31527e-27 6.93652e-28 3.6579e-28 1.92879e-28 1.01696e-28 5.36151e-29 2.82641e-29 1.48987e-29 7.85288e-30 4.13881e-30 2.18117e-30 1.1494e-30 6.0565e-31 3.1911e-31 1.68123e-31 8.85696e-32 4.66565e-32 2.45759e-32 1.29443e-32 6.81736e-33 3.59027e-33 1.89064e-33 9.95553e-34 5.24194e-34 2.75989e-34 1.453e-34 7.64915e-35 4.02656e-35 2.11948e-35 1.11558e-35 5.87145e-36 3.09005e-36 1.62615e-36 8.55722e-37 4.50278e-37 2.36922e-37 1.24654e-37 6.55818e-38 3.45015e-38 1.81498e-38 9.54731e-39 5.02191e-39
1.87841e-10 7.24033e-12 3.85633e-12 2.05329e-12 1.09294e-12 5.81581e-13 3.09385e-13 1.64538e-13 8.74818e-14 4.65001e-14 2.47104e-14 1.31279e-14 6.97284e-15 3.70272e-15 1.96577e-15 1.0434e-15 5.53697e-16 2.93767e-16 1.55828e-16 8.26421e-17 4.382e-17 2.32307e-17 1.23132e-17 6.5253e-18 3.45744e-18 1.83161e-18 9.70151e-19 5.13776e-19 2.72044e-19 1.44024e-19 7.62369e-20 4.03488e-20 2.13516e-20 1.12972e-20 5.9765e-21 3.16129e-21 1.67195e-21 8.84145e-22 4.67486e-22 2.47148e-22 1.30645e-22 6.90517e-23 3.64926e-23 1.92834e-23 1.01885e-23 5.38258e-24 2.84329e-24 1.50177e-24 7.93123e-25 4.18824e-25 2.21145e-25 1.16756e-25 6.16362e-26 3.2535e-26 1.71721e-26 9.06264e-27 4.7824e-27 2.52346e-27 1.3314e-27 7.02393e-28 3.70522e-28 1.95439e-28 1.03079e-28 5.43619e-29 2.8667e-29 1.51159e-29 7.96988e-30 4.20179e-30 2.21505e-30 1.16762e-30 6.15437e-31 3.24365e-31 1.70944e-31 9.00826e-32 4.74676e-32 2.50106e-32 1.31771e-32 6.94201e-33 3.65698e-33 1.92633e-33 1.01463e-33 5.34392e-34 2.81438e-34 1.48211e-34 7.80455e-35 4.10951e-35 2.16374e-35 1.13919e-35 5.99733e-36 3.15715e-36 1.66191e-36 8.74776e-37 4.60427e-37 2.42326e-37 1.27531e-37 6.7113e-38 3.53163e-38 1.85832e-38 9.77782e-39 5.14448e-39 2.70657e-39
9.75786e-11 3.79583e-12 2.02261e-12 1.07739e-12 5.73722e-13 3.05419e-13 1.6254e-13 8.64775e-14 4.59965e-14 2.44585e-14 1.30023e-14 6.91038e-15 3.67177e-15 1.9505e-15 1.0359e-15 5.50031e-16 2.91986e-16 1.54969e-16 8.22312e-17 4.36254e-17 2.31397e-17 1.22713e-17 6.50641e-18 3.44916e-18 1.82813e-18 9.68776e-19 5.13294e-19 2.71917e-19 1.44024e-19 7.6272e-20 4.03856e-20 2.13807e-20 1.13175e-20 5.98988e-21 3.16973e-21 1.67713e-21 8.87256e-22 4.69325e-22 2.48223e-22 1.31266e-22 6.94078e-23 3.66953e-23 1.93981e-23 1.02531e-23 5.41878e-24 2.8635e-24 1.51302e-24 7.99358e-25 4.22272e-25 2.23047e-25 1.17802e-25 6.22109e-26 3.285e-26 1.73445e-26 9.15679e-27 4.83374e-27 2.55142e-27 1.34661e-27 7.10656e-28 3.75006e-28 1.97869e-28 1.04395e-28 5.50737e-29 2.90517e-29 1.53237e-29 8.08198e-30 4.26224e-30 2.24762e-30 1.18515e-30 6.2487e-31 3.29438e-31 1.7367e-31 9.15465e-32 4.82534e-32 2.54321e-32 1.34031e-32 7.06317e-33 3.72188e-33 1.96108e-33 1.03324e-33 5.44345e-34 2.86761e-34 1.51056e-34 7.95661e-35 4.19074e-35 2.20712e-35 1.16234e-35 6.12091e-36 3.22308e-36 1.69708e-36 8.93523e-37 4.70419e-37 2.4765e-37 1.30367e-37 6.86236e-38 3.61206e-38 1.90113e-38 1.00057e-38 5.26571e-39 2.77105e-39 1.45817e-39
5.06896e-11 1.98985e-12 1.06075e-12 5.65276e-13 3.0114e-13 1.60377e-13 8.53852e-14 4.54462e-14 2.41818e-14 1.28635e-14 6.84095e-15 3.63714e-15 1.93328e-15 1.02736e-15 5.45819e-16 2.89917e-16 1.53958e-16 8.17398e-17 4.33884e-17 2.30262e-17 1.22176e-17 6.48128e-18 3.43759e-18 1.82291e-18 9.66489e-19 5.12331e-19 2.71537e-19 1.43891e-19 7.62369e-20 4.03856e-20 2.13904e-20 1.13277e-20 5.99792e-21 3.17537e-21 1.68083e-21 8.89594e-22 4.70759e-22 2.49084e-22 1.31776e-22 6.97054e-23 3.68674e-23 1.94968e-23 1.03093e-23 5.45059e-24 2.88141e-24 1.52306e-24 8.04964e-25 4.25391e-25 2.24777e-25 1.18759e-25 6.27388e-26 3.31406e-26 1.7504e-26 9.24428e-27 4.88162e-27 2.57758e-27 1.36087e-27 7.18427e-28 3.79234e-28 2.00166e-28 1.05642e-28 5.57496e-29 2.94177e-29 1.55217e-29 8.18903e-30 4.32005e-30 2.27882e-30 1.20197e-30 6.33937e-31 3.3432e-31 1.76297e-31 9.29594e-32 4.90128e-32 2.584e-32 1.36221e-32 7.18068e-33 3.7849e-33 1.99486e-33 1.05134e-33 5.54038e-34 2.9195e-34 1.53833e-34 8.10513e-35 4.27015e-35 2.24956e-35 1.18502e-35 6.24202e-36 3.28775e-36 1.73159e-36 9.11938e-37 4.80242e-37 2.52888e-37 1.3316e-37 7.01118e-38 3.69135e-38 1.94337e-38 1.02306e-38 5.38545e-39 2.83478e-39 1.49209e-39 7.8532e-40
2.63319e-11 1.04303e-12 5.56258e-13 2.96557e-13 1.58051e-13 8.42069e-14 4.48501e-14 2.38809e-14 1.27119e-14 6.7647e-15 3.59889e-15 1.91414e-15 1.01781e-15 5.41069e-16 2.87563e-16 1.52795e-16 8.11687e-17 4.31092e-17 2.28906e-17 1.21521e-17 6.44996e-18 3.42275e-18 1.81597e-18 9.63292e-19 5.10889e-19 2.70905e-19 1.43625e-19 7.61319e-20 4.03488e-20 2.13807e-20 1.13277e-20 6.0006e-21 3.17819e-21 1.68306e-21 8.91155e-22 4.71785e-22 2.49732e-22 1.32173e-22 6.99442e-23 3.70086e-23 1.95793e-23 1.0357e-23 5.47795e-24 2.89699e-24 1.53188e-24 8.09932e-25 4.28176e-25 2.26332e-25 1.19625e-25 6.3219e-26 3.34062e-26 1.76506e-26 9.32497e-27 4.92594e-27 2.60188e-27 1.37418e-27 7.25695e-28 3.83199e-28 2.02327e-28 1.06817e-28 5.63883e-29 2.97644e-29 1.57097e-29 8.29085e-30 4.37515e-30 2.30861e-30 1.21807e-30 6.42622e-31 3.39004e-31 1.78822e-31 9.43192e-32 4.97446e-32 2.62337e-32 1.38337e-32 7.29436e-33 3.84594e-33 2.02762e-33 1.06891e-33 5.63458e-34 2.96998e-34 1.56537e-34 8.2499e-35 4.34762e-35 2.29101e-35 1.20718e-35 6.3605e-36 3.35106e-36 1.76541e-36 9.29999e-37 4.89883e-37 2.58033e-37 1.35904e-37 7.15757e-38 3.7694e-38 1.98497e-38 1.04523e-38 5.50355e-39 2.89769e-39 1.52558e-39 8.03149e-40 4.22799e-40
1.36787e-11 5.46686e-13 2.91679e-13 1.55568e-13 8.29447e-14 4.42095e-14 2.35562e-14 1.25476e-14 6.68175e-15 3.55708e-15 1.89311e-15 1.00726e-15 5.35789e-16 2.84928e-16 1.51485e-16 8.0519e-17 4.27884e-17 2.27329e-17 1.2075e-17 6.41249e-18 3.40467e-18 1.80731e-18 9.59191e-19 5.08971e-19 2.70021e-19 1.43226e-19 7.5957e-20 4.02751e-20 2.13516e-20 1.13175e-20 5.99792e-21 3.17819e-21 1.6838e-21 8.91936e-22 4.72401e-22 2.50164e-22 1.32457e-22 7.01235e-23 3.71187e-23 1.96454e-23 1.03962e-23 5.50082e-24 2.91022e-24 1.53946e-24 8.14254e-25 4.30623e-25 2.27711e-25 1.20398e-25 6.36508e-26 3.36465e-26 1.7784e-26 9.39874e-27 4.96666e-27 2.6243e-27 1.38649e-27 7.32449e-28 3.86896e-28 2.04347e-28 1.0792e-28 5.6989e-29 3.00913e-29 1.58873e-29 8.3873e-30 4.42746e-30 2.33694e-30 1.2334e-30 6.50915e-31 3.43485e-31 1.8124e-31 9.56238e-32 5.04479e-32 2.66125e-32 1.40376e-32 7.40405e-33 3.90492e-33 2.05931e-33 1.08592e-33 5.72593e-34 3.01898e-34 1.59164e-34 8.39072e-35 4.42307e-35 2.33141e-35 1.22881e-35 6.4762e-36 3.41294e-36 1.79849e-36 9.4768e-37 4.99329e-37 2.63078e-37 1.38598e-37 7.30133e-38 3.84611e-38 2.02589e-38 1.06705e-38 5.61987e-39 2.95968e-39 1.55861e-39 8.20744e-40 4.32169e-40 2.27549e-40
