0.383176 0.0794857 0.0383863 0.0200979 0.0105414 0.00538127 0.00266156 0.00128011 0.000601894 0.000277993 0.000126604 5.70204e-05 2.54523e-05 1.12786e-05 4.96776e-06 2.17699e-06 9.49891e-07 4.12923e-07 1.78917e-07 7.73024e-08 3.33144e-08 1.43247e-08 6.14691e-09 2.63285e-09 1.12581e-09 4.80659e-10 2.04916e-10 8.72215e-11 3.70206e-11 1.55534e-11 6.60092e-12
0.0794857 0.0220736 0.0104931 0.00458714 0.00190783 0.000773729 0.000310301 0.000123977 4.95286e-05 1.98175e-05 7.94681e-06 3.19405e-06 1.28662e-06 5.19323e-07 2.09995e-07 8.50495e-08 3.44943e-08 1.40075e-08 5.69448e-09 2.31723e-09 9.43754e-10 3.84667e-10 1.56896e-10 6.40335e-11 2.61483e-11 1.06826e-11 4.36518e-12 1.78203e-12 7.22626e-13 2.82562e-13 1.15718e-13
0.0383863 0.0104931 0.00391343 0.00151422 0.000590354 0.000230773 9.05069e-05 3.56471e-05 1.41052e-05 5.60638e-06 2.2375e-06 8.96194e-07 3.60069e-07 1.4505e-07 5.85647e-08 2.36916e-08 9.60014e-09 3.89571e-09 1.58285e-09 6.43826e-10 2.62129e-10 1.06815e-10 4.35587e-11 1.77749e-11 7.25757e-12 2.96444e-12 1.21049e-12 4.92518e-13 1.9653e-13 7.99058e-14 3.2728e-14
0.0200979 0.00458714 0.00151422 0.000539985 0.000200128 7.57971e-05 2.91268e-05 1.13158e-05 4.43479e-06 1.75044e-06 6.94935e-07 2.77213e-07 1.11017e-07 4.4605e-08 1.79704e-08 7.25647e-09 2.93587e-09 1.18978e-09 4.82859e-10 1.96206e-10 7.98128e-11 3.24972e-11 1.32429e-11 5.40056e-12 2.20366e-12 8.99324e-13 3.66405e-13 1.47796e-13 6.02772e-14 2.45042e-14 1.00335e-14
0.0105414 0.00190783 0.000590354 0.000200128 7.16202e-05 2.64974e-05 1.00217e-05 3.85031e-06 1.49678e-06 5.87164e-07 2.31986e-07 9.218e-08 3.67968e-08 1.4744e-08 5.92613e-09 2.38809e-09 9.64453e-10 3.90228e-10 1.58143e-10 6.41769e-11 2.60754e-11 1.06057e-11 4.31768e-12 1.75913e-12 7.17072e-13 2.92154e-13 1.1847e-13 4.83191e-14 1.96999e-14 8.00562e-15 3.27618e-15
0.00538127 0.000773729 0.000230773 7.57971e-05 2.64974e-05 9.64251e-06 3.60451e-06 1.3731e-06 5.30348e-07 2.06995e-07 8.14456e-08 3.22509e-08 1.2836e-08 5.13002e-09 2.05725e-09 8.27348e-10 3.33524e-10 1.34725e-10 5.45164e-11 2.20933e-11 8.96527e-12 3.64221e-12 1.48114e-12 6.02791e-13 2.45377e-13 9.96974e-14 4.06322e-14 1.65635e-14 6.74949e-15 2.74155e-15 1.12118e-15
0.00266156 0.000310301 9.05069e-05 2.91268e-05 1.00217e-05 3.60451e-06 1.33587e-06 5.05587e-07 1.94285e-07 7.55143e-08 2.96086e-08 1.16892e-08 4.64009e-09 1.8501e-09 7.40366e-10 2.97179e-10 1.19592e-10 4.82315e-11 1.94882e-11 7.88707e-12 3.19648e-12 1.29706e-12 5.26865e-13 2.14159e-13 8.70179e-14 3.54234e-14 1.44274e-14 5.87756e-15 2.39361e-15 9.71742e-16 3.97121e-16
0.00128011 0.000123977 3.56471e-05 1.13158e-05 3.85031e-06 1.3731e-06 5.05587e-07 1.90376e-07 7.28542e-08 2.82184e-08 1.1031e-08 4.34343e-09 1.72008e-09 6.84369e-10 2.73338e-10 1.09522e-10 4.40025e-11 1.77196e-11 7.14971e-12 2.88981e-12 1.16977e-12 4.74122e-13 1.92365e-13 7.80833e-14 3.17394e-14 1.29107e-14 5.25458e-15 2.13922e-15 8.7064e-16 3.53269e-16 1.44269e-16
0.000601894 4.95286e-05 1.41052e-05 4.43479e-06 1.49678e-06 5.30348e-07 1.94285e-07 7.28542e-08 2.77836e-08 1.07292e-08 4.18318e-09 1.64323e-09 6.49362e-10 2.5786e-10 1.02806e-10 4.11253e-11 1.64978e-11 6.63421e-12 2.67335e-12 1.07921e-12 4.36352e-13 1.76661e-13 7.15915e-14 2.90501e-14 1.17987e-14 4.79568e-15 1.95041e-15 7.93508e-16 3.22748e-16 1.3089e-16 5.34169e-17
0.000277993 1.98175e-05 5.60638e-06 1.75044e-06 5.87164e-07 2.06995e-07 7.55143e-08 2.82184e-08 1.07292e-08 4.13241e-09 1.60738e-09 6.30065e-10 2.48502e-10 9.85037e-11 3.9208e-11 1.56604e-11 6.27344e-12 2.51942e-12 1.01399e-12 4.08871e-13 1.65135e-13 6.67836e-14 2.70459e-14 1.09652e-14 4.44994e-15 1.80736e-15 7.34541e-16 2.98646e-16 1.21397e-16 4.92075e-17 2.0069e-17
0.000126604 7.94681e-06 2.2375e-06 6.94935e-07 2.31986e-07 8.14456e-08 2.96086e-08 1.1031e-08 4.18318e-09 1.60738e-09 6.23893e-10 2.4408e-10 9.60955e-11 3.80287e-11 1.51138e-11 6.02821e-12 2.41169e-12 9.6735e-13 3.88884e-13 1.56639e-13 6.31973e-14 2.55373e-14 1.0333e-14 4.1859e-15 1.69743e-15 6.88921e-16 2.79799e-16 1.13687e-16 4.6186e-17 1.87123e-17 7.62706e-18
5.70204e-05 3.19405e-06 8.96194e-07 2.77213e-07 9.218e-08 3.22509e-08 1.16892e-08 4.34343e-09 1.64323e-09 6.30065e-10 2.4408e-10 9.53195e-11 3.74661e-11 1.48043e-11 5.87537e-12 2.34035e-12 9.35151e-13 3.74668e-13 1.50458e-13 6.0541e-14 2.44043e-14 9.85281e-15 3.9834e-15 1.61241e-15 6.53372e-16 2.64996e-16 1.07556e-16 4.36757e-17 1.77336e-17 7.18153e-18 2.92548e-18
2.54523e-05 1.28662e-06 3.60069e-07 1.11017e-07 3.67968e-08 1.2836e-08 4.64009e-09 1.72008e-09 6.49362e-10 2.48502e-10 9.60955e-11 3.74661e-11 1.4704e-11 5.8019e-12 2.29958e-12 9.14878e-13 3.65147e-13 1.46139e-13 5.86266e-14 2.35686e-14 9.4922e-15 3.82914e-15 1.54687e-15 6.25685e-16 2.5336e-16 1.02691e-16 4.16544e-17 1.6905e-17 6.86028e-18 2.77699e-18 1.13062e-18
1.12786e-05 5.19323e-07 1.4505e-07 4.4605e-08 1.4744e-08 5.13002e-09 1.8501e-09 6.84369e-10 2.5786e-10 9.85037e-11 3.80287e-11 1.48043e-11 5.8019e-12 2.28632e-12 9.05075e-13 3.59669e-13 1.43398e-13 5.73328e-14 2.2979e-14 9.22967e-15 3.71414e-15 1.4971e-15 6.04342e-16 2.44276e-16 9.88497e-17 4.00404e-17 1.6232e-17 6.58398e-18 2.67053e-18 1.08056e-18 4.39711e-19
4.96776e-06 2.09995e-07 5.85647e-08 1.79704e-08 5.92613e-09 2.05725e-09 7.40366e-10 2.73338e-10 1.02806e-10 3.9208e-11 1.51138e-11 5.87537e-12 2.29958e-12 9.05075e-13 3.5788e-13 1.42066e-13 5.6584e-14 2.26022e-14 9.05097e-15 3.63237e-15 1.46056e-15 5.8829e-16 2.37312e-16 9.5858e-17 3.8766e-17 1.56934e-17 6.35841e-18 2.57773e-18 1.04505e-18 4.22687e-19 1.71919e-19
2.17699e-06 8.50495e-08 2.36916e-08 7.25647e-09 2.38809e-09 8.27348e-10 2.97179e-10 1.09522e-10 4.11253e-11 1.56604e-11 6.02821e-12 2.34035e-12 9.14878e-13 3.59669e-13 1.42066e-13 5.63388e-14 2.24185e-14 8.94708e-15 3.57984e-15 1.43555e-15 5.76802e-16 2.32163e-16 9.35907e-17 3.77806e-17 1.52698e-17 6.17807e-18 2.50181e-18 1.01374e-18 4.10795e-19 1.66091e-19 6.75221e-20
9.49891e-07 3.44943e-08 9.60014e-09 2.93587e-09 9.64453e-10 3.33524e-10 1.19592e-10 4.40025e-11 1.64978e-11 6.27344e-12 2.41169e-12 9.35151e-13 3.65147e-13 1.43398e-13 5.6584e-14 2.24185e-14 8.91298e-15 3.55416e-15 1.42095e-15 5.69391e-16 2.28621e-16 9.19589e-17 3.70475e-17 1.49464e-17 6.03744e-18 2.44141e-18 9.88146e-19 4.00209e-19 1.62105e-19 6.5518e-20 2.66236e-20
4.12923e-07 1.40075e-08 3.89571e-09 1.18978e-09 3.90228e-10 1.34725e-10 4.82315e-11 1.77196e-11 6.63421e-12 2.51942e-12 9.6735e-13 3.74668e-13 1.46139e-13 5.73328e-14 2.26022e-14 8.94708e-15 3.55416e-15 1.41615e-15 5.65757e-16 2.26547e-16 9.09021e-17 3.65408e-17 1.47124e-17 5.93218e-18 2.39495e-18 9.67972e-19 3.91591e-19 1.58526e-19 6.41841e-20 2.59325e-20 1.05333e-20
1.78917e-07 5.69448e-09 1.58285e-09 4.82859e-10 1.58143e-10 5.45164e-11 1.94882e-11 7.14971e-12 2.67335e-12 1.01399e-12 3.88884e-13 1.50458e-13 5.86266e-14 2.2979e-14 9.05097e-15 3.57984e-15 1.42095e-15 5.65757e-16 2.25864e-16 9.03828e-17 3.62434e-17 1.45604e-17 5.85912e-18 2.36117e-18 9.52768e-19 3.84893e-19 1.55636e-19 6.29779e-20 2.54883e-20 1.02947e-20 4.17983e-21
7.73024e-08 2.31723e-09 6.43826e-10 1.96206e-10 6.41769e-11 2.20933e-11 7.88707e-12 2.88981e-12 1.07921e-12 4.08871e-13 1.56639e-13 6.0541e-14 2.35686e-14 9.22967e-15 3.63237e-15 1.43555e-15 5.69391e-16 2.26547e-16 9.03828e-17 3.61453e-17 1.44855e-17 5.81611e-18 2.33914e-18 9.42166e-19 3.79992e-19 1.53435e-19 6.20158e-20 2.50842e-20 1.01481e-20 4.09754e-21 1.66302e-21
3.33144e-08 9.43754e-10 2.62129e-10 7.98128e-11 2.60754e-11 8.96527e-12 3.19648e-12 1.16977e-12 4.36352e-13 1.65135e-13 6.31973e-14 2.44043e-14 9.4922e-15 3.71414e-15 1.46056e-15 5.76802e-16 2.28621e-16 9.09021e-17 3.62434e-17 1.44855e-17 5.80191e-18 2.32827e-18 9.35908e-19 3.76783e-19 1.51892e-19 6.13044e-20 2.47676e-20 1.0014e-20 4.04981e-21 1.63471e-21 6.63211e-22
1.43247e-08 3.84667e-10 1.06815e-10 3.24972e-11 1.06057e-11 3.64221e-12 1.29706e-12 4.74122e-13 1.76661e-13 6.67836e-14 2.55373e-14 9.85281e-15 3.82914e-15 1.4971e-15 5.8829e-16 2.32163e-16 9.19589e-17 3.65408e-17 1.45604e-17 5.81611e-18 2.32827e-18 9.33839e-19 3.75196e-19 1.50977e-19 6.0836e-20 2.45433e-20 9.91173e-21 4.00596e-21 1.61949e-21 6.53523e-22 2.65042e-22
6.14691e-09 1.56896e-10 4.35587e-11 1.32429e-11 4.31768e-12 1.48114e-12 5.26865e-13 1.92365e-13 7.15915e-14 2.70459e-14 1.0333e-14 3.9834e-15 1.54687e-15 6.04342e-16 2.37312e-16 9.35907e-17 3.70475e-17 1.47124e-17 5.85912e-18 2.33914e-18 9.35908e-19 3.75196e-19 1.50675e-19 6.06037e-20 2.44096e-20 9.84364e-21 3.97378e-21 1.60547e-21 6.48823e-22 2.6175e-22 1.06118e-22
2.63285e-09 6.40335e-11 1.77749e-11 5.40056e-12 1.75913e-12 6.02791e-13 2.14159e-13 7.80833e-14 2.90501e-14 1.09652e-14 4.1859e-15 1.61241e-15 6.25685e-16 2.44276e-16 9.5858e-17 3.77806e-17 1.49464e-17 5.93218e-18 2.36117e-18 9.42166e-19 3.76783e-19 1.50977e-19 6.06037e-20 2.43653e-20 9.80971e-21 3.9544e-21 1.59576e-21 6.44482e-22 2.60372e-22 1.05012e-22 4.25597e-23
1.12581e-09 2.61483e-11 7.25757e-12 2.20366e-12 7.17072e-13 2.45377e-13 8.70179e-14 3.17394e-14 1.17987e-14 4.44994e-15 1.69743e-15 6.53372e-16 2.5336e-16 9.88497e-17 3.8766e-17 1.52698e-17 6.03744e-18 2.39495e-18 9.52768e-19 3.79992e-19 1.51892e-19 6.0836e-20 2.44096e-20 9.80971e-21 3.94794e-21 1.59086e-21 6.41745e-22 2.59095e-22 1.04642e-22 4.2193e-23 1.70947e-23
4.80659e-10 1.06826e-11 2.96444e-12 8.99324e-13 2.92154e-13 9.96974e-14 3.54234e-14 1.29107e-14 4.79568e-15 1.80736e-15 6.88921e-16 2.64996e-16 1.02691e-16 4.00404e-17 1.56934e-17 6.17807e-18 2.44141e-18 9.67972e-19 3.84893e-19 1.53435e-19 6.13044e-20 2.45433e-20 9.84364e-21 3.9544e-21 1.59086e-21 6.40821e-22 2.58416e-22 1.04298e-22 4.21106e-23 1.69754e-23 6.87554e-24
2.04916e-10 4.36518e-12 1.21049e-12 3.66405e-13 1.1847e-13 4.06322e-14 1.44274e-14 5.25458e-15 1.95041e-15 7.34541e-16 2.79799e-16 1.07556e-16 4.16544e-17 1.6232e-17 6.35841e-18 2.50181e-18 9.88146e-19 3.91591e-19 1.55636e-19 6.20158e-20 2.47676e-20 9.91173e-21 3.97378e-21 1.59576e-21 6.41745e-22 2.58416e-22 1.04174e-22 4.20321e-23 1.69657e-23 6.83751e-24 2.76859e-24
8.72215e-11 1.78203e-12 4.92518e-13 1.47796e-13 4.83191e-14 1.65635e-14 5.87756e-15 2.13922e-15 7.93508e-16 2.98646e-16 1.13687e-16 4.36757e-17 1.6905e-17 6.58398e-18 2.57773e-18 1.01374e-18 4.00209e-19 1.58526e-19 6.29779e-20 2.50842e-20 1.0014e-20 4.00596e-21 1.60547e-21 6.44482e-22 2.59095e-22 1.04298e-22 4.20321e-23 1.69541e-23 6.84145e-24 2.75662e-24 1.11588e-24
3.70206e-11 7.22626e-13 1.9653e-13 6.02772e-14 1.96999e-14 6.74949e-15 2.39361e-15 8.7064e-16 3.22748e-16 1.21397e-16 4.6186e-17 1.77336e-17 6.86028e-18 2.67053e-18 1.04505e-18 4.10795e-19 1.62105e-19 6.41841e-20 2.54883e-20 1.01481e-20 4.04981e-21 1.61949e-21 6.48823e-22 2.60372e-22 1.04642e-22 4.21106e-23 1.69657e-23 6.84145e-24 2.76001e-24 1.11186e-24 4.49962e-25
1.55534e-11 2.82562e-13 7.99058e-14 2.45042e-14 8.00562e-15 2.74155e-15 9.71742e-16 3.53269e-16 1.3089e-16 4.92075e-17 1.87123e-17 7.18153e-18 2.77699e-18 1.08056e-18 4.22687e-19 1.66091e-19 6.5518e-20 2.59325e-20 1.02947e-20 4.09754e-21 1.63471e-21 6.53523e-22 2.6175e-22 1.05012e-22 4.2193e-23 1.69754e-23 6.83751e-24 2.75662e-24 1.11186e-24 4.47831e-25 1.81196e-25
6.60092e-12 1.15718e-13 3.2728e-14 1.00335e-14 3.27618e-15 1.12118e-15 3.97121e-16 1.44269e-16 5.34169e-17 2.0069e-17 7.62706e-18 2.92548e-18 1.13062e-18 4.39711e-19 1.71919e-19 6.75221e-20 2.66236e-20 1.05333e-20 4.17983e-21 1.66302e-21 6.63211e-22 2.65042e-22 1.06118e-22 4.25597e-23 1.70947e-23 6.87554e-24 2.76859e-24 1.11588e-24 4.49962e-25 1.81196e-25 7.32941e-26
