0.496011 0.0604412 0.0352607 0.0205707 0.0120007 0.00700107 0.00408434 0.00238276 0.00139007 0.000810953 0.000473101 0.000276001 0.000161016 9.39349e-05 5.48005e-05 3.197e-05 1.86509e-05 1.08807e-05 6.34769e-06 3.70317e-06 2.16039e-06 1.26034e-06 7.35271e-07 4.28948e-07 2.50243e-07 1.45989e-07 8.51684e-08 4.96863e-08 2.89864e-08 1.69103e-08 9.86529e-09 5.75529e-09 3.35757e-09 1.95877e-09 1.14272e-09 6.66651e-10 3.88917e-10 2.26889e-10 1.32365e-10 7.722e-11 4.50493e-11 2.62812e-11 1.53322e-11 8.94461e-12 5.21818e-12 3.04423e-12 1.77597e-12 1.03608e-12 6.04436e-13 3.52621e-13 2.05715e-13 1.20012e-13 7.00135e-14 4.0845e-14 2.38285e-14 1.39013e-14 8.10985e-15 4.73119e-15 2.76012e-15 1.61022e-15 9.39386e-16 5.48027e-16 3.19713e-16 1.86517e-16 1.08812e-16 6.34794e-17 3.70332e-17 2.16047e-17 1.26039e-17 7.353e-18 4.28965e-18 2.50253e-18 1.45995e-18 8.51717e-19 4.96882e-19 2.89875e-19 1.6911e-19 9.86568e-20 5.75552e-20 3.3577e-20 1.95885e-20 1.14277e-20 6.66678e-21 3.88932e-21 2.26898e-21 1.3237e-21 7.72231e-22 4.50511e-22 2.62823e-22 1.53328e-22 8.94496e-23 5.21839e-23 3.04435e-23 1.77604e-23 1.03612e-23 6.0446e-24 3.52635e-24 2.05723e-24 1.20016e-24 7.00162e-25 4.08467e-25
0.0604412 0.0233563 0.0152757 0.0098742 0.00632202 0.00401578 0.00253387 0.00158972 0.00099247 0.000616941 0.000382053 0.0002358 0.000145097 8.90433e-05 5.4511e-05 3.3297e-05 2.02978e-05 1.23506e-05 7.50222e-06 4.54999e-06 2.7555e-06 1.6665e-06 1.00662e-06 6.07321e-07 3.66014e-07 2.20359e-07 1.3254e-07 7.96472e-08 4.78216e-08 2.86898e-08 1.71989e-08 1.03029e-08 6.16772e-09 3.68983e-09 2.20607e-09 1.31819e-09 7.87216e-10 4.69869e-10 2.8031e-10 1.67143e-10 9.9617e-11 5.93451e-11 3.53387e-11 2.10347e-11 1.25156e-11 7.44388e-12 4.42577e-12 2.63042e-12 1.56284e-12 9.28243e-13 5.51152e-13 3.27151e-13 1.94132e-13 1.15166e-13 6.83013e-14 4.04966e-14 2.40047e-14 1.42255e-14 8.42812e-15 4.99221e-15 2.95636e-15 1.75035e-15 1.03609e-15 6.13171e-16 3.62808e-16 2.14629e-16 1.26945e-16 7.50689e-17 4.43841e-17 2.62372e-17 1.55072e-17 9.16383e-18 5.41438e-18 3.19854e-18 1.88924e-18 1.11573e-18 6.58814e-19 3.88961e-19 2.29608e-19 1.35522e-19 7.99785e-20 4.71932e-20 2.78439e-20 1.64258e-20 9.6888e-21 5.71427e-21 3.36977e-21 1.98697e-21 1.17147e-21 6.90597e-22 4.07072e-22 2.39923e-22 1.41393e-22 8.33179e-23 4.90915e-23 2.89222e-23 1.70379e-23 1.0036e-23 5.91103e-24 3.48119e-24 2.05e-24
0.0352607 0.0152757 0.0105118 0.00711096 0.00474558 0.0031322 0.0020484 0.00132923 0.000856797 0.000549074 0.000350079 0.000222195 0.000140458 8.84667e-05 5.5537e-05 3.47604e-05 2.16968e-05 1.35088e-05 8.39128e-06 5.20126e-06 3.21753e-06 1.98669e-06 1.22457e-06 7.5359e-07 4.63045e-07 2.84112e-07 1.74088e-07 1.06535e-07 6.51167e-08 3.97553e-08 2.42453e-08 1.4771e-08 8.99013e-09 5.46657e-09 3.32105e-09 2.01588e-09 1.22264e-09 7.40957e-10 4.48705e-10 2.71529e-10 1.64199e-10 9.92287e-11 5.99273e-11 3.61697e-11 2.18176e-11 1.31529e-11 7.92493e-12 4.77241e-12 2.87247e-12 1.72805e-12 1.03908e-12 6.24509e-13 3.75173e-13 2.25286e-13 1.35223e-13 8.11316e-14 4.86581e-14 2.9171e-14 1.74817e-14 1.04726e-14 6.27153e-15 3.7544e-15 2.24678e-15 1.34412e-15 8.03852e-16 4.80595e-16 2.87243e-16 1.71629e-16 1.0252e-16 6.12212e-17 3.6549e-17 2.18139e-17 1.3016e-17 7.76442e-18 4.63055e-18 2.76089e-18 1.64575e-18 9.80786e-19 5.84368e-19 3.48098e-19 2.0731e-19 1.23438e-19 7.34823e-20 4.3735e-20 2.60248e-20 1.54832e-20 9.20977e-21 5.47716e-21 3.25673e-21 1.9361e-21 1.15079e-21 6.83895e-22 4.06357e-22 2.41408e-22 1.43392e-22 8.51583e-23 5.05661e-23 3.00209e-23 1.78206e-23 1.05768e-23 6.27656e-24
0.0205707 0.0098742 0.00711096 0.00500625 0.00346306 0.00236202 0.00159247 0.00106324 0.000704022 0.000462826 0.000302355 0.000196426 0.000126977 8.17179e-05 5.23789e-05 3.34505e-05 2.12908e-05 1.35096e-05 8.54786e-06 5.39423e-06 3.39577e-06 2.13284e-06 1.33675e-06 8.36135e-07 5.2202e-07 3.25334e-07 2.02417e-07 1.25742e-07 7.79945e-08 4.83095e-08 2.98824e-08 1.84604e-08 1.13904e-08 7.01982e-09 4.32147e-09 2.6575e-09 1.63257e-09 1.00195e-09 6.1434e-10 3.76341e-10 2.30344e-10 1.40867e-10 8.60783e-11 5.25582e-11 3.20673e-11 1.9551e-11 1.19117e-11 7.25246e-12 4.41279e-12 2.68329e-12 1.63063e-12 9.90343e-13 6.01127e-13 3.64674e-13 2.2111e-13 1.33993e-13 8.11588e-14 4.9133e-14 2.97304e-14 1.79814e-14 1.08705e-14 6.56873e-15 3.96757e-15 2.39544e-15 1.44566e-15 8.72112e-16 5.25907e-16 3.17015e-16 1.91024e-16 1.15064e-16 6.92841e-17 4.1704e-17 2.50943e-17 1.50948e-17 9.07694e-18 5.45649e-18 3.27908e-18 1.96996e-18 1.18314e-18 7.10372e-19 4.26395e-19 2.55869e-19 1.53498e-19 9.20602e-20 5.51984e-20 3.30879e-20 1.98291e-20 1.18803e-20 7.11616e-21 4.26148e-21 2.55137e-21 1.52717e-21 9.13907e-22 5.4679e-22 3.27073e-22 1.95603e-22 1.16954e-22 6.99138e-23 4.17854e-23 2.49688e-23 1.49172e-23
0.0120007 0.00632202 0.00474558 0.00346306 0.00247344 0.00173686 0.00120288 0.000823513 0.000558303 0.000375325 0.000250465 0.000166061 0.000109465 7.17842e-05 4.6854e-05 3.04518e-05 1.97145e-05 1.27176e-05 8.17691e-06 5.24139e-06 3.35019e-06 2.1357e-06 1.35812e-06 8.61639e-07 5.45463e-07 3.44597e-07 2.17278e-07 1.36748e-07 8.59156e-08 5.38896e-08 3.37486e-08 2.11036e-08 1.31777e-08 8.21729e-09 5.11745e-09 3.183e-09 1.97743e-09 1.22707e-09 7.60603e-10 4.70964e-10 2.91324e-10 1.80027e-10 1.11145e-10 6.85563e-11 4.22495e-11 2.60153e-11 1.60058e-11 9.83971e-12 6.0444e-12 3.71023e-12 2.27581e-12 1.39497e-12 8.54481e-13 5.23061e-13 3.19982e-13 1.95626e-13 1.19527e-13 7.29882e-14 4.45441e-14 2.71697e-14 1.65632e-14 1.0092e-14 6.14587e-15 3.74087e-15 2.27588e-15 1.38395e-15 8.41177e-16 5.11043e-16 3.10338e-16 1.88376e-16 1.14296e-16 6.93194e-17 4.20246e-17 2.54672e-17 1.54273e-17 9.34187e-18 5.65479e-18 3.4217e-18 2.06972e-18 1.2515e-18 7.56486e-19 4.57115e-19 2.76126e-19 1.66744e-19 1.0066e-19 6.07473e-20 3.66493e-20 2.21042e-20 1.33278e-20 8.03369e-21 4.84117e-21 2.91652e-21 1.75656e-21 1.05765e-21 6.36663e-22 3.83146e-22 2.3052e-22 1.38658e-22 8.33823e-23 5.01301e-23 3.01315e-23
0.00700107 0.00401578 0.0031322 0.00236202 0.00173686 0.00125223 0.000888566 0.000622253 0.000430927 0.000295584 0.000201065 0.00013577 9.1083e-05 6.07475e-05 4.03018e-05 2.66094e-05 1.74921e-05 1.14525e-05 7.47037e-06 4.85616e-06 3.1467e-06 2.03293e-06 1.30973e-06 8.416e-07 5.39465e-07 3.44997e-07 2.20151e-07 1.40193e-07 8.91008e-08 5.65235e-08 3.57939e-08 2.26285e-08 1.42825e-08 9.00095e-09 5.66413e-09 3.55933e-09 2.23366e-09 1.39992e-09 8.76299e-10 5.47875e-10 3.42146e-10 2.13433e-10 1.32998e-10 8.27912e-11 5.14862e-11 3.19875e-11 1.98548e-11 1.23129e-11 7.62916e-12 4.7231e-12 2.92162e-12 1.80582e-12 1.1153e-12 6.8831e-13 4.24484e-13 2.61597e-13 1.61104e-13 9.91491e-14 6.09804e-14 3.74815e-14 2.30237e-14 1.41343e-14 8.67196e-15 5.31757e-15 3.25888e-15 1.99612e-15 1.22201e-15 7.47716e-16 4.57277e-16 2.79517e-16 1.70776e-16 1.04289e-16 6.36576e-17 3.88388e-17 2.36858e-17 1.44386e-17 8.7978e-18 5.35851e-18 3.2624e-18 1.98544e-18 1.20783e-18 7.34499e-19 4.46489e-19 2.71313e-19 1.64807e-19 1.00075e-19 6.07465e-20 3.68613e-20 2.23601e-20 1.35592e-20 8.21966e-21 4.98122e-21 3.01774e-21 1.82765e-21 1.10656e-21 6.69775e-22 4.0528e-22 2.45164e-22 1.48264e-22 8.96384e-23 5.41794e-23
0.00408434 0.00253387 0.0020484 0.00159247 0.00120288 0.000888566 0.000644754 0.000460997 0.000325545 0.00022746 0.000157466 0.000108128 7.37153e-05 4.9931e-05 3.36241e-05 2.25233e-05 1.50146e-05 9.96475e-06 6.58632e-06 4.33685e-06 2.84562e-06 1.86104e-06 1.21339e-06 7.88853e-07 5.11467e-07 3.30775e-07 2.13404e-07 1.37367e-07 8.82323e-08 5.65564e-08 3.61817e-08 2.31041e-08 1.47272e-08 9.37166e-09 5.95401e-09 3.77684e-09 2.39223e-09 1.51306e-09 9.55688e-10 6.02841e-10 3.79785e-10 2.38969e-10 1.50188e-10 9.42828e-11 5.91226e-11 3.70351e-11 2.31754e-11 1.4488e-11 9.04842e-12 5.64588e-12 3.51964e-12 2.19221e-12 1.36426e-12 8.48309e-13 5.27061e-13 3.27211e-13 2.02986e-13 1.25829e-13 7.79446e-14 4.82486e-14 2.98461e-14 1.84502e-14 1.13981e-14 7.03702e-15 4.34187e-15 2.67733e-15 1.64996e-15 1.01623e-15 6.25559e-16 3.84863e-16 2.36652e-16 1.45441e-16 8.93383e-17 5.48494e-17 3.36583e-17 2.06444e-17 1.26563e-17 7.75555e-18 4.75029e-18 2.90827e-18 1.77976e-18 1.08868e-18 6.6567e-19 4.06854e-19 2.48567e-19 1.51802e-19 9.26704e-20 5.65509e-20 3.44965e-20 2.10355e-20 1.28225e-20 7.81334e-21 4.75938e-21 2.89812e-21 1.76415e-21 1.07352e-21 6.53044e-22 3.97133e-22 2.41431e-22 1.46729e-22 8.91468e-23
0.00238276 0.00158972 0.00132923 0.00106324 0.000823513 0.000622253 0.000460997 0.000336044 0.000241651 0.000171764 0.000120864 8.42973e-05 5.83338e-05 4.00842e-05 2.737e-05 1.85813e-05 1.25486e-05 8.43383e-06 5.64317e-06 3.76042e-06 2.49626e-06 1.65119e-06 1.08857e-06 7.15425e-07 4.68808e-07 3.06356e-07 1.99674e-07 1.29821e-07 8.42078e-08 5.44996e-08 3.51977e-08 2.26861e-08 1.45939e-08 9.37095e-09 6.00666e-09 3.84371e-09 2.45566e-09 1.56643e-09 9.97718e-10 6.34575e-10 4.0305e-10 2.55657e-10 1.61957e-10 1.02472e-10 6.47576e-11 4.08767e-11 2.57736e-11 1.62332e-11 1.02136e-11 6.4197e-12 4.03108e-12 2.52879e-12 1.5849e-12 9.92433e-13 6.20897e-13 3.88122e-13 2.42414e-13 1.51285e-13 9.43397e-14 5.87843e-14 3.6602e-14 2.27736e-14 1.41597e-14 8.79778e-15 5.46262e-15 3.38956e-15 2.10187e-15 1.30255e-15 8.06713e-16 4.99324e-16 3.0888e-16 1.90963e-16 1.17995e-16 7.28686e-17 4.49763e-17 2.77458e-17 1.71075e-17 1.05428e-17 6.494e-18 3.99812e-18 2.46033e-18 1.51331e-18 9.30385e-19 5.71745e-19 3.51197e-19 2.15631e-19 1.32339e-19 8.11862e-20 4.9785e-20 3.05169e-20 1.86986e-20 1.14528e-20 7.01206e-21 4.29158e-21 2.6256e-21 1.60577e-21 9.81706e-22 5.99967e-22 3.66542e-22 2.23857e-22 1.3667e-22
0.00139007 0.00099247 0.000856797 0.000704022 0.000558303 0.000430927 0.000325545 0.000241651 0.000176756 0.000127675 9.12247e-05 6.45618e-05 4.53071e-05 3.15552e-05 2.18281e-05 1.50064e-05 1.02585e-05 6.9766e-06 4.72207e-06 3.18202e-06 2.13546e-06 1.42765e-06 9.5104e-07 6.31424e-07 4.17903e-07 2.75766e-07 1.81463e-07 1.19093e-07 7.79635e-08 5.09166e-08 3.31773e-08 2.15716e-08 1.39968e-08 9.06392e-09 5.85848e-09 3.77979e-09 2.43444e-09 1.56533e-09 1.00489e-09 6.44114e-10 4.12253e-10 2.63478e-10 1.68162e-10 1.07185e-10 6.8231e-11 4.33802e-11 2.75473e-11 1.74728e-11 1.10702e-11 7.00608e-12 4.4293e-12 2.79736e-12 1.76494e-12 1.11247e-12 7.00552e-13 4.40751e-13 2.77051e-13 1.74e-13 1.09187e-13 6.84602e-14 4.28899e-14 2.68493e-14 1.6795e-14 1.04979e-14 6.5571e-15 4.09272e-15 2.55277e-15 1.59117e-15 9.91142e-16 6.16983e-16 3.83827e-16 2.38633e-16 1.48273e-16 9.20735e-17 5.71421e-17 3.54431e-17 2.19717e-17 1.36132e-17 8.42993e-18 5.21747e-18 3.22755e-18 1.99557e-18 1.23323e-18 7.61753e-19 4.703e-19 2.90224e-19 1.79016e-19 1.10371e-19 6.80183e-20 4.18994e-20 2.5799e-20 1.58788e-20 9.76901e-21 6.0077e-21 3.69311e-21 2.26938e-21 1.39397e-21 8.5592e-22 5.25353e-22 3.22337e-22 1.97702e-22
0.000810953 0.000616941 0.000549074 0.000462826 0.000375325 0.000295584 0.00022746 0.000171764 0.000127675 9.36356e-05 6.78774e-05 4.87061e-05 3.46355e-05 2.44318e-05 1.71093e-05 1.19027e-05 8.23094e-06 5.66054e-06 3.8731e-06 2.63766e-06 1.78847e-06 1.20775e-06 8.12496e-07 5.44648e-07 3.63877e-07 2.42338e-07 1.60914e-07 1.06547e-07 7.03597e-08 4.63451e-08 3.04533e-08 1.99648e-08 1.30599e-08 8.52516e-09 5.55384e-09 3.61117e-09 2.34369e-09 1.51839e-09 9.82034e-10 6.34101e-10 4.08794e-10 2.63143e-10 1.69138e-10 1.08561e-10 6.95849e-11 4.45431e-11 2.84768e-11 1.81829e-11 1.15962e-11 7.38687e-12 4.7002e-12 2.98743e-12 1.89677e-12 1.20306e-12 7.62289e-13 4.82536e-13 3.05159e-13 1.92807e-13 1.2171e-13 7.67626e-14 4.83728e-14 3.04573e-14 1.91614e-14 1.20453e-14 7.56612e-15 4.74897e-15 2.97855e-15 1.86679e-15 1.16918e-15 7.31753e-16 4.57674e-16 2.86062e-16 1.78683e-16 1.1154e-16 6.95843e-17 4.33837e-17 2.70323e-17 1.6834e-17 1.04772e-17 6.51712e-18 4.05162e-18 2.5175e-18 1.56343e-18 9.70428e-19 6.02041e-19 3.73312e-19 2.31369e-19 1.43327e-19 8.87454e-20 5.49239e-20 3.39765e-20 2.10087e-20 1.29846e-20 8.02176e-21 4.95364e-21 3.05772e-21 1.88664e-21 1.16361e-21 7.17379e-22 4.42099e-22 2.72347e-22
0.000473101 0.000382053 0.000350079 0.000302355 0.000250465 0.000201065 0.000157466 0.000120864 9.12247e-05 6.78774e-05 4.98857e-05 3.62687e-05 2.61175e-05 1.86474e-05 1.32118e-05 9.29556e-06 6.49867e-06 4.51689e-06 3.12262e-06 2.14803e-06 1.4708e-06 1.00277e-06 6.80923e-07 4.60637e-07 3.10513e-07 2.08617e-07 1.39718e-07 9.32944e-08 6.21201e-08 4.12516e-08 2.73237e-08 1.80543e-08 1.19018e-08 7.82853e-09 5.13836e-09 3.36578e-09 2.20038e-09 1.43581e-09 9.35218e-10 6.08102e-10 3.94744e-10 2.55832e-10 1.65547e-10 1.06964e-10 6.90121e-11 4.44636e-11 2.86086e-11 1.83831e-11 1.17975e-11 7.56183e-12 4.84111e-12 3.0957e-12 1.97736e-12 1.26164e-12 8.04127e-13 5.11994e-13 3.25663e-13 2.06941e-13 1.31374e-13 8.33237e-14 5.28001e-14 3.34285e-14 2.11459e-14 1.3365e-14 8.44025e-15 5.3259e-15 3.35808e-15 2.11571e-15 1.33198e-15 8.37952e-16 5.26782e-16 3.30931e-16 2.07753e-16 1.30336e-16 8.17142e-17 5.11977e-17 3.20575e-17 2.00604e-17 1.25455e-17 7.84107e-18 4.89791e-18 3.05772e-18 1.90784e-18 1.18972e-18 7.41508e-19 4.61908e-19 2.87586e-19 1.78961e-19 1.11309e-19 6.91971e-20 4.29966e-20 2.67038e-20 1.65771e-20 1.02859e-20 6.37943e-21 3.95481e-21 2.45063e-21 1.5179e-21 9.39777e-22 5.81599e-22 3.59785e-22
0.000276001 0.0002358 0.000222195 0.000196426 0.000166061 0.00013577 0.000108128 8.42973e-05 6.45618e-05 4.87061e-05 3.62687e-05 2.6701e-05 1.946e-05 1.40555e-05 1.00699e-05 7.16172e-06 5.05939e-06 3.55232e-06 2.4801e-06 1.72247e-06 1.19049e-06 8.19095e-07 5.61183e-07 3.82958e-07 2.60363e-07 1.76393e-07 1.19109e-07 8.01759e-08 5.38085e-08 3.60106e-08 2.40349e-08 1.60008e-08 1.06263e-08 7.04052e-09 4.65434e-09 3.07031e-09 2.02122e-09 1.32797e-09 8.70847e-10 5.70037e-10 3.72479e-10 2.42977e-10 1.58241e-10 1.02894e-10 6.68036e-11 4.33082e-11 2.80363e-11 1.81248e-11 1.17016e-11 7.54491e-12 4.85867e-12 3.12501e-12 2.00757e-12 1.28822e-12 8.25699e-13 5.28667e-13 3.38129e-13 2.1604e-13 1.37896e-13 8.79311e-14 5.60169e-14 3.56527e-14 2.2671e-14 1.44034e-14 9.14286e-15 5.79874e-15 3.67474e-15 2.32685e-15 1.47221e-15 9.30751e-16 5.87991e-16 3.71183e-16 2.34148e-16 1.476e-16 9.29782e-17 5.85304e-17 3.68207e-17 2.31484e-17 1.45436e-17 9.13165e-18 5.73008e-18 3.59344e-18 2.25218e-18 1.41073e-18 8.83153e-19 5.52568e-19 3.45538e-19 2.1596e-19 1.34902e-19 8.42243e-20 5.25575e-20 3.27803e-20 2.0435e-20 1.27329e-20 7.92994e-21 4.93638e-21 3.07147e-21 1.91023e-21 1.18749e-21 7.37873e-22 4.58295e-22
0.000161016 0.000145097 0.000140458 0.000126977 0.000109465 9.1083e-05 7.37153e-05 5.83338e-05 4.53071e-05 3.46355e-05 2.61175e-05 1.946e-05 1.43468e-05 1.04777e-05 7.58729e-06 5.45207e-06 3.89032e-06 2.75814e-06 1.94389e-06 1.36253e-06 9.50195e-07 6.59506e-07 4.55722e-07 3.13601e-07 2.14961e-07 1.46806e-07 9.9913e-08 6.77753e-08 4.5832e-08 3.09016e-08 2.07764e-08 1.39314e-08 9.31769e-09 6.21669e-09 4.13804e-09 2.74825e-09 1.82131e-09 1.20452e-09 7.95033e-10 5.23752e-10 3.44404e-10 2.26069e-10 1.48139e-10 9.69134e-11 6.33002e-11 4.12816e-11 2.68819e-11 1.74797e-11 1.13502e-11 7.36006e-12 4.76637e-12 3.08276e-12 1.99137e-12 1.28482e-12 8.27981e-13 5.32972e-13 3.42694e-13 2.2011e-13 1.41226e-13 9.052e-14 5.79616e-14 3.70777e-14 2.36958e-14 1.51296e-14 9.65137e-15 6.15129e-15 3.91713e-15 2.49231e-15 1.58444e-15 1.00647e-15 6.38824e-16 4.05158e-16 2.56767e-16 1.62604e-16 1.02899e-16 6.50695e-17 4.11189e-17 2.59663e-17 1.63865e-17 1.03342e-17 6.51311e-18 4.10227e-18 2.58221e-18 1.6244e-18 1.02126e-18 6.41684e-19 4.02956e-19 2.52899e-19 1.58634e-19 9.94503e-20 6.23136e-20 3.90238e-20 2.44259e-20 1.52809e-20 9.555e-21 5.97168e-21 3.73036e-21 2.32915e-21 1.45358e-21 9.0673e-22 5.65353e-22
9.39349e-05 8.90433e-05 8.84667e-05 8.17179e-05 7.17842e-05 6.07475e-05 4.9931e-05 4.00842e-05 3.15552e-05 2.44318e-05 1.86474e-05 1.40555e-05 1.04777e-05 7.73398e-06 5.65825e-06 4.10647e-06 2.9585e-06 2.11717e-06 1.50576e-06 1.0648e-06 7.48993e-07 5.24249e-07 3.65249e-07 2.53372e-07 1.75049e-07 1.20474e-07 8.26144e-08 5.64584e-08 3.84583e-08 2.61163e-08 1.76831e-08 1.19396e-08 8.0401e-09 5.4004e-09 3.61851e-09 2.4189e-09 1.61337e-09 1.07377e-09 7.1317e-10 4.72725e-10 3.12746e-10 2.06525e-10 1.36137e-10 8.95848e-11 5.88531e-11 3.86016e-11 2.52793e-11 1.65299e-11 1.0793e-11 7.03717e-12 4.58202e-12 2.97946e-12 1.93488e-12 1.25495e-12 8.12952e-13 5.26001e-13 3.39943e-13 2.1945e-13 1.4151e-13 9.11535e-14 5.86552e-14 3.77049e-14 2.42135e-14 1.55345e-14 9.95689e-15 6.37602e-15 4.07927e-15 2.60755e-15 1.66536e-15 1.06271e-15 6.77586e-16 4.3168e-16 2.748e-16 1.74797e-16 1.11102e-16 7.05645e-17 4.47852e-17 2.84035e-17 1.80014e-17 1.14009e-17 7.21578e-18 4.56393e-18 2.88478e-18 1.82226e-18 1.15036e-18 7.25761e-19 4.57605e-19 2.88357e-19 1.816e-19 1.14302e-19 7.19032e-20 4.52066e-20 2.84066e-20 1.78404e-20 1.11986e-20 7.02577e-21 4.4056e-21 2.76121e-21 1.72973e-21 1.08305e-21 6.77809e-22
5.48005e-05 5.4511e-05 5.5537e-05 5.23789e-05 4.6854e-05 4.03018e-05 3.36241e-05 2.737e-05 2.18281e-05 1.71093e-05 1.32118e-05 1.00699e-05 7.58729e-06 5.65825e-06 4.18084e-06 3.06344e-06 2.22762e-06 1.60856e-06 1.15409e-06 8.23106e-07 5.83813e-07 4.11962e-07 2.89303e-07 2.02251e-07 1.40796e-07 9.76238e-08 6.74351e-08 4.6416e-08 3.18407e-08 2.17723e-08 1.48422e-08 1.00886e-08 6.83846e-09 4.6231e-09 3.11749e-09 2.09712e-09 1.40743e-09 9.42448e-10 6.2973e-10 4.19905e-10 2.79436e-10 1.856e-10 1.23047e-10 8.14297e-11 5.37954e-11 3.54797e-11 2.33621e-11 1.5359e-11 1.00822e-11 6.60853e-12 4.32549e-12 2.82724e-12 1.84547e-12 1.20304e-12 7.83252e-13 5.09313e-13 3.30784e-13 2.14583e-13 1.39043e-13 8.9995e-14 5.81857e-14 3.75798e-14 2.42462e-14 1.56277e-14 1.00627e-14 6.47323e-15 4.16023e-15 2.67125e-15 1.71365e-15 1.09836e-15 7.03393e-16 4.50074e-16 2.87748e-16 1.83819e-16 1.17334e-16 7.4838e-17 4.76969e-17 3.03764e-17 1.93314e-17 1.22937e-17 7.8126e-18 4.96146e-18 3.14869e-18 1.99693e-18 1.26565e-18 8.01649e-19 5.07438e-19 3.21007e-19 2.02947e-19 1.2823e-19 8.0974e-20 5.11034e-20 3.22335e-20 2.032e-20 1.28027e-20 8.06207e-21 5.07412e-21 3.19189e-21 2.00683e-21 1.26112e-21 7.92106e-22
3.197e-05 3.3297e-05 3.47604e-05 3.34505e-05 3.04518e-05 2.66094e-05 2.25233e-05 1.85813e-05 1.50064e-05 1.19027e-05 9.29556e-06 7.16172e-06 5.45207e-06 4.10647e-06 3.06344e-06 2.26556e-06 1.66227e-06 1.21082e-06 8.7611e-07 6.30022e-07 4.50469e-07 3.20373e-07 2.26715e-07 1.59689e-07 1.11986e-07 7.82085e-08 5.44062e-08 3.77083e-08 2.60438e-08 1.79278e-08 1.2302e-08 8.41612e-09 5.74116e-09 3.90565e-09 2.64998e-09 1.79349e-09 1.21089e-09 8.15643e-10 5.48185e-10 3.6764e-10 2.46047e-10 1.64342e-10 1.09558e-10 7.29011e-11 4.84221e-11 3.2107e-11 2.12533e-11 1.40458e-11 9.26792e-12 6.10597e-12 4.01683e-12 2.63868e-12 1.73095e-12 1.13394e-12 7.41863e-13 4.84729e-13 3.16323e-13 2.06174e-13 1.34222e-13 8.72788e-14 5.66899e-14 3.67811e-14 2.38385e-14 1.54339e-14 9.98232e-15 6.44989e-15 4.16341e-15 2.68493e-15 1.72986e-15 1.1135e-15 7.16119e-16 4.6015e-16 2.95422e-16 1.89505e-16 1.21463e-16 7.7789e-17 4.97794e-17 3.18307e-17 2.03382e-17 1.29855e-17 8.28489e-18 5.28208e-18 3.36525e-18 2.14256e-18 1.36318e-18 8.66731e-19 5.50723e-19 3.49706e-19 2.21922e-19 1.40743e-19 8.92055e-20 5.65061e-20 3.5772e-20 2.26329e-20 1.43117e-20 9.04476e-21 5.713e-21 3.60659e-21 2.2756e-21 1.43505e-21 9.04512e-22
1.86509e-05 2.02978e-05 2.16968e-05 2.12908e-05 1.97145e-05 1.74921e-05 1.50146e-05 1.25486e-05 1.02585e-05 8.23094e-06 6.49867e-06 5.05939e-06 3.89032e-06 2.9585e-06 2.22762e-06 1.66227e-06 1.23028e-06 9.03747e-07 6.59306e-07 4.77918e-07 3.44385e-07 2.46795e-07 1.75949e-07 1.24836e-07 8.81692e-08 6.20062e-08 4.34309e-08 3.03041e-08 2.10684e-08 1.4597e-08 1.00804e-08 6.93957e-09 4.76317e-09 3.26005e-09 2.2252e-09 1.51489e-09 1.02875e-09 6.96935e-10 4.71056e-10 3.17679e-10 2.13784e-10 1.43571e-10 9.62259e-11 6.43701e-11 4.29804e-11 2.86468e-11 1.90602e-11 1.26605e-11 8.3958e-12 5.55889e-12 3.67493e-12 2.42584e-12 1.599e-12 1.0525e-12 6.91837e-13 4.54159e-13 2.97748e-13 1.94959e-13 1.27499e-13 8.32813e-14 5.43354e-14 3.54099e-14 2.30507e-14 1.4989e-14 9.73645e-15 6.31801e-15 4.09564e-15 2.65237e-15 1.71604e-15 1.1092e-15 7.16294e-16 4.62147e-16 2.97909e-16 1.91872e-16 1.23472e-16 7.93902e-17 5.10046e-17 3.2742e-17 2.1002e-17 1.34611e-17 8.62133e-18 5.51755e-18 3.5286e-18 2.25501e-18 1.44009e-18 9.19039e-19 5.86117e-19 3.73547e-19 2.37916e-19 1.51434e-19 9.63275e-20 6.12361e-20 3.89045e-20 2.4702e-20 1.5675e-20 9.94103e-21 6.30097e-21 3.99153e-21 2.52715e-21 1.59914e-21 1.01136e-21
1.08807e-05 1.23506e-05 1.35088e-05 1.35096e-05 1.27176e-05 1.14525e-05 9.96475e-06 8.43383e-06 6.9766e-06 5.66054e-06 4.51689e-06 3.55232e-06 2.75814e-06 2.11717e-06 1.60856e-06 1.21082e-06 9.03747e-07 6.69337e-07 4.92202e-07 3.59565e-07 2.61067e-07 1.88473e-07 1.35342e-07 9.67046e-08 6.8774e-08 4.86948e-08 3.43344e-08 2.41135e-08 1.68721e-08 1.17634e-08 8.17386e-09 5.6614e-09 3.90918e-09 2.69136e-09 1.84772e-09 1.26513e-09 8.63989e-10 5.88581e-10 4.00008e-10 2.71229e-10 1.83503e-10 1.23887e-10 8.34675e-11 5.61237e-11 3.76655e-11 2.52311e-11 1.68713e-11 1.12618e-11 7.50472e-12 4.9929e-12 3.31653e-12 2.19961e-12 1.45667e-12 9.63264e-13 6.36087e-13 4.19461e-13 2.7624e-13 1.81684e-13 1.19342e-13 7.82956e-14 5.13046e-14 3.35788e-14 2.19521e-14 1.43351e-14 9.35086e-15 6.0931e-15 3.96617e-15 2.57906e-15 1.6754e-15 1.08731e-15 7.04971e-16 4.56651e-16 2.95529e-16 1.91085e-16 1.23445e-16 7.96793e-17 5.13868e-17 3.3113e-17 2.13204e-17 1.37166e-17 8.81774e-18 5.66418e-18 3.63572e-18 2.33198e-18 1.49466e-18 9.57313e-19 6.12719e-19 3.91896e-19 2.50488e-19 1.59998e-19 1.02132e-19 6.51522e-20 4.15358e-20 2.64635e-20 1.68503e-20 1.07228e-20 6.81947e-21 4.33453e-21 2.7535e-21 1.74817e-21 1.10928e-21
6.34769e-06 7.50222e-06 8.39128e-06 8.54786e-06 8.17691e-06 7.47037e-06 6.58632e-06 5.64317e-06 4.72207e-06 3.8731e-06 3.12262e-06 2.4801e-06 1.94389e-06 1.50576e-06 1.15409e-06 8.7611e-07 6.59306e-07 4.92202e-07 3.64758e-07 2.6848e-07 1.96372e-07 1.42788e-07 1.03258e-07 7.42876e-08 5.31876e-08 3.79077e-08 2.69015e-08 1.90134e-08 1.33866e-08 9.39047e-09 6.56437e-09 4.57359e-09 3.17648e-09 2.19948e-09 1.51858e-09 1.04556e-09 7.17968e-10 4.91759e-10 3.35994e-10 2.29027e-10 1.55758e-10 1.05697e-10 7.15743e-11 4.83685e-11 3.2622e-11 2.19598e-11 1.47552e-11 9.89653e-12 6.62625e-12 4.42916e-12 2.95575e-12 1.96936e-12 1.31013e-12 8.70267e-13 5.77245e-13 3.82343e-13 2.529e-13 1.67056e-13 1.10206e-13 7.26102e-14 4.77805e-14 3.14034e-14 2.06154e-14 1.35177e-14 8.85373e-15 5.79257e-15 3.78572e-15 2.47155e-15 1.61192e-15 1.05023e-15 6.83586e-16 4.44514e-16 2.8878e-16 1.87434e-16 1.21545e-16 7.87482e-17 5.09761e-17 3.29703e-17 2.13067e-17 1.37579e-17 8.87648e-18 5.72251e-18 3.68634e-18 2.37287e-18 1.52626e-18 9.80994e-19 6.30072e-19 4.04396e-19 2.59371e-19 1.66241e-19 1.06479e-19 6.81559e-20 4.35973e-20 2.78701e-20 1.78051e-20 1.1368e-20 7.25362e-21 4.6256e-21 2.94798e-21 1.87771e-21 1.19532e-21
3.70317e-06 4.54999e-06 5.20126e-06 5.39423e-06 5.24139e-06 4.85616e-06 4.33685e-06 3.76042e-06 3.18202e-06 2.63766e-06 2.14803e-06 1.72247e-06 1.36253e-06 1.0648e-06 8.23106e-07 6.30022e-07 4.77918e-07 3.59565e-07 2.6848e-07 1.99071e-07 1.4665e-07 1.07382e-07 7.81856e-08 5.66269e-08 4.08092e-08 2.92724e-08 2.09044e-08 1.48662e-08 1.05303e-08 7.43096e-09 5.22508e-09 3.66149e-09 2.55745e-09 1.78076e-09 1.23626e-09 8.55805e-10 5.90814e-10 4.06804e-10 2.79398e-10 1.91428e-10 1.30849e-10 8.9239e-11 6.07286e-11 4.12401e-11 2.79488e-11 1.8904e-11 1.2762e-11 8.59966e-12 5.78457e-12 3.88426e-12 2.60386e-12 1.74268e-12 1.16448e-12 7.76917e-13 5.1757e-13 3.44296e-13 2.28706e-13 1.51714e-13 1.00505e-13 6.64942e-14 4.39363e-14 2.89949e-14 1.91114e-14 1.25819e-14 8.27365e-15 5.43446e-15 3.56562e-15 2.33692e-15 1.53e-15 1.00067e-15 6.53808e-16 4.26755e-16 2.78283e-16 1.81293e-16 1.17997e-16 7.67297e-17 4.98504e-17 3.23588e-17 2.09867e-17 1.35997e-17 8.80547e-18 5.69672e-18 3.68257e-18 2.37869e-18 1.53529e-18 9.90181e-19 6.38142e-19 4.10964e-19 2.64472e-19 1.70078e-19 1.09299e-19 7.01927e-20 4.50479e-20 2.88917e-20 1.85178e-20 1.18612e-20 7.59268e-21 4.85729e-21 3.10549e-21 1.98429e-21 1.26714e-21
2.16039e-06 2.7555e-06 3.21753e-06 3.39577e-06 3.35019e-06 3.1467e-06 2.84562e-06 2.49626e-06 2.13546e-06 1.78847e-06 1.4708e-06 1.19049e-06 9.50195e-07 7.48993e-07 5.83813e-07 4.50469e-07 3.44385e-07 2.61067e-07 1.96372e-07 1.4665e-07 1.0879e-07 8.02043e-08 5.87875e-08 4.28558e-08 3.10825e-08 2.24352e-08 1.61203e-08 1.15332e-08 8.21778e-09 5.83284e-09 4.12484e-09 2.90677e-09 2.04156e-09 1.4293e-09 9.97599e-10 6.9425e-10 4.81786e-10 3.33442e-10 2.30176e-10 1.58495e-10 1.08874e-10 7.46154e-11 5.10224e-11 3.48141e-11 2.37052e-11 1.61085e-11 1.09249e-11 7.39533e-12 4.99692e-12 3.37035e-12 2.26934e-12 1.52544e-12 1.02373e-12 6.85944e-13 4.58906e-13 3.06556e-13 2.04486e-13 1.36208e-13 9.06024e-14 6.01857e-14 3.99279e-14 2.64548e-14 1.75061e-14 1.15703e-14 7.63801e-15 5.03631e-15 3.31703e-15 2.18225e-15 1.43413e-15 9.41474e-16 6.17414e-16 4.04485e-16 2.64726e-16 1.73087e-16 1.13062e-16 7.37842e-17 4.81072e-17 3.13375e-17 2.03956e-17 1.32627e-17 8.617e-18 5.59395e-18 3.62849e-18 2.35171e-18 1.52299e-18 9.85543e-19 6.37268e-19 4.1176e-19 2.65855e-19 1.71527e-19 1.10589e-19 7.12503e-20 4.58736e-20 2.95152e-20 1.89775e-20 1.2194e-20 7.83027e-21 5.02493e-21 3.22264e-21 2.06551e-21 1.32306e-21
1.26034e-06 1.6665e-06 1.98669e-06 2.13284e-06 2.1357e-06 2.03293e-06 1.86104e-06 1.65119e-06 1.42765e-06 1.20775e-06 1.00277e-06 8.19095e-07 6.59506e-07 5.24249e-07 4.11962e-07 3.20373e-07 2.46795e-07 1.88473e-07 1.42788e-07 1.07382e-07 8.02043e-08 5.95243e-08 4.39142e-08 3.22175e-08 2.35127e-08 1.70753e-08 1.23427e-08 8.88253e-09 6.36573e-09 4.54397e-09 3.23134e-09 2.28965e-09 1.61682e-09 1.13798e-09 7.98435e-10 5.58522e-10 3.89573e-10 2.70978e-10 1.87985e-10 1.30077e-10 8.97855e-11 6.18271e-11 4.24771e-11 2.91185e-11 1.99184e-11 1.35969e-11 9.26303e-12 6.29832e-12 4.27445e-12 2.89563e-12 1.95811e-12 1.32186e-12 8.90859e-13 5.99415e-13 4.02682e-13 2.70103e-13 1.80904e-13 1.20986e-13 8.07992e-14 5.38864e-14 3.58894e-14 2.38716e-14 1.58577e-14 1.0521e-14 6.97175e-15 4.61432e-15 3.05047e-15 2.01433e-15 1.32865e-15 8.75417e-16 5.76178e-16 3.78829e-16 2.4882e-16 1.63265e-16 1.07022e-16 7.00868e-17 4.58553e-17 2.99737e-17 1.95748e-17 1.27723e-17 8.32645e-18 5.4235e-18 3.52967e-18 2.29525e-18 1.49133e-18 9.68213e-19 6.281e-19 4.07149e-19 2.63724e-19 1.70696e-19 1.10403e-19 7.1355e-20 4.60853e-20 2.97439e-20 1.9184e-20 1.23648e-20 7.96427e-21 5.12652e-21 3.29778e-21 2.12005e-21 1.36207e-21
7.35271e-07 1.00662e-06 1.22457e-06 1.33675e-06 1.35812e-06 1.30973e-06 1.21339e-06 1.08857e-06 9.5104e-07 8.12496e-07 6.80923e-07 5.61183e-07 4.55722e-07 3.65249e-07 2.89303e-07 2.26715e-07 1.75949e-07 1.35342e-07 1.03258e-07 7.81856e-08 5.87875e-08 4.39142e-08 3.26043e-08 2.40692e-08 1.76732e-08 1.29114e-08 9.38759e-09 6.79476e-09 4.89705e-09 3.51503e-09 2.51329e-09 1.79042e-09 1.27099e-09 8.99222e-10 6.34157e-10 4.45849e-10 3.12533e-10 2.1846e-10 1.52287e-10 1.0588e-10 7.34293e-11 5.08001e-11 3.50622e-11 2.41451e-11 1.65907e-11 1.13757e-11 7.784e-12 5.31572e-12 3.62314e-12 2.46488e-12 1.67386e-12 1.13469e-12 7.67882e-13 5.18787e-13 3.4993e-13 2.35663e-13 1.58466e-13 1.06398e-13 7.13347e-14 4.77588e-14 3.19305e-14 2.13194e-14 1.42158e-14 9.46699e-15 6.29663e-15 4.18285e-15 2.77535e-15 1.83931e-15 1.21758e-15 8.05102e-16 5.31778e-16 3.50868e-16 2.31261e-16 1.5227e-16 1.00159e-16 6.58166e-17 4.32078e-17 2.83385e-17 1.8569e-17 1.21563e-17 7.95112e-18 5.19605e-18 3.39269e-18 2.21333e-18 1.44274e-18 9.3967e-19 6.11525e-19 3.97659e-19 2.58388e-19 1.67765e-19 1.08844e-19 7.05653e-20 4.57153e-20 2.95953e-20 1.91461e-20 1.23776e-20 7.9965e-21 5.16265e-21 3.33089e-21 2.14766e-21 1.38387e-21
4.28948e-07 6.07321e-07 7.5359e-07 8.36135e-07 8.61639e-07 8.416e-07 7.88853e-07 7.15425e-07 6.31424e-07 5.44648e-07 4.60637e-07 3.82958e-07 3.13601e-07 2.53372e-07 2.02251e-07 1.59689e-07 1.24836e-07 9.67046e-08 7.42876e-08 5.66269e-08 4.28558e-08 3.22175e-08 2.40692e-08 1.78768e-08 1.32047e-08 9.70332e-09 7.09559e-09 5.16473e-09 3.74286e-09 2.70117e-09 1.9417e-09 1.3905e-09 9.92201e-10 7.05559e-10 5.00078e-10 3.53324e-10 2.48883e-10 1.74805e-10 1.22434e-10 8.55234e-11 5.95859e-11 4.14113e-11 2.87111e-11 1.98596e-11 1.37062e-11 9.43889e-12 6.48652e-12 4.44855e-12 3.04487e-12 2.08012e-12 1.41841e-12 9.65459e-13 6.56002e-13 4.44977e-13 3.01336e-13 2.03735e-13 1.37531e-13 9.26986e-14 6.23878e-14 4.19273e-14 2.81372e-14 1.88567e-14 1.26202e-14 8.43523e-15 5.6308e-15 3.75405e-15 2.49976e-15 1.66255e-15 1.10445e-15 7.32853e-16 4.85738e-16 3.21597e-16 2.12693e-16 1.4052e-16 9.27422e-17 6.11472e-17 4.02759e-17 2.65029e-17 1.74232e-17 1.14434e-17 7.50909e-18 4.92297e-18 3.22467e-18 2.1104e-18 1.37999e-18 9.01622e-19 5.88594e-19 3.83934e-19 2.50238e-19 1.62971e-19 1.06056e-19 6.89657e-20 4.48135e-20 2.90983e-20 1.88806e-20 1.22421e-20 7.93221e-21 5.13613e-21 3.32342e-21 2.14905e-21 1.38875e-21
2.50243e-07 3.66014e-07 4.63045e-07 5.2202e-07 5.45463e-07 5.39465e-07 5.11467e-07 4.68808e-07 4.17903e-07 3.63877e-07 3.10513e-07 2.60363e-07 2.14961e-07 1.75049e-07 1.40796e-07 1.11986e-07 8.81692e-08 6.8774e-08 5.31876e-08 4.08092e-08 3.10825e-08 2.35127e-08 1.76732e-08 1.32047e-08 9.81074e-09 7.25061e-09 5.33183e-09 3.90234e-09 2.84333e-09 2.06292e-09 1.49066e-09 1.073e-09 7.69524e-10 5.49943e-10 3.91699e-10 2.78091e-10 1.96824e-10 1.38893e-10 9.77335e-11 6.85825e-11 4.79993e-11 3.35081e-11 2.33344e-11 1.6211e-11 1.12364e-11 7.77108e-12 5.36293e-12 3.69333e-12 2.5384e-12 1.74121e-12 1.19212e-12 8.14678e-13 5.55746e-13 3.78452e-13 2.57283e-13 1.74621e-13 1.18328e-13 8.0057e-14 5.40818e-14 3.64804e-14 2.45721e-14 1.65276e-14 1.11015e-14 7.44683e-15 4.98874e-15 3.33775e-15 2.23035e-15 1.48854e-15 9.92265e-16 6.60673e-16 4.39387e-16 2.91891e-16 1.93695e-16 1.28395e-16 8.50196e-17 5.62396e-17 3.71642e-17 2.45345e-17 1.6181e-17 1.06616e-17 7.01825e-18 4.61569e-18 3.03286e-18 1.99106e-18 1.30598e-18 8.55891e-19 5.60448e-19 3.66685e-19 2.39717e-19 1.56588e-19 1.02206e-19 6.66596e-20 4.34428e-20 2.8291e-20 1.84103e-20 1.19718e-20 7.77944e-21 5.05166e-21 3.27808e-21 2.12575e-21 1.37757e-21
1.45989e-07 2.20359e-07 2.84112e-07 3.25334e-07 3.44597e-07 3.44997e-07 3.30775e-07 3.06356e-07 2.75766e-07 2.42338e-07 2.08617e-07 1.76393e-07 1.46806e-07 1.20474e-07 9.76238e-08 7.82085e-08 6.20062e-08 4.86948e-08 3.79077e-08 2.92724e-08 2.24352e-08 1.70753e-08 1.29114e-08 9.70332e-09 7.25061e-09 5.38864e-09 3.98444e-09 2.93195e-09 2.14763e-09 1.56629e-09 1.13761e-09 8.22998e-10 5.93163e-10 4.25979e-10 3.04867e-10 2.17472e-10 1.54641e-10 1.09629e-10 7.74934e-11 5.46241e-11 3.83999e-11 2.69244e-11 1.88308e-11 1.31383e-11 9.14517e-12 6.35124e-12 4.40122e-12 3.04343e-12 2.1002e-12 1.4464e-12 9.94204e-13 6.82095e-13 4.67112e-13 3.19319e-13 2.17911e-13 1.48457e-13 1.00975e-13 6.85702e-14 4.64924e-14 3.14754e-14 2.12774e-14 1.43629e-14 9.68175e-15 6.51734e-15 4.38133e-15 2.94152e-15 1.97234e-15 1.32084e-15 8.8346e-16 5.90206e-16 3.93833e-16 2.62496e-16 1.74761e-16 1.16223e-16 7.72091e-17 5.12375e-17 3.39671e-17 2.24951e-17 1.48828e-17 9.8369e-18 6.49555e-18 4.28515e-18 2.82432e-18 1.85982e-18 1.2236e-18 8.04321e-19 5.28258e-19 3.46655e-19 2.27294e-19 1.4891e-19 9.74794e-20 6.37616e-20 4.16744e-20 2.72175e-20 1.77623e-20 1.15833e-20 7.5483e-21 4.91536e-21 3.19857e-21 2.07996e-21 1.35163e-21
8.51684e-08 1.3254e-07 1.74088e-07 2.02417e-07 2.17278e-07 2.20151e-07 2.13404e-07 1.99674e-07 1.81463e-07 1.60914e-07 1.39718e-07 1.19109e-07 9.9913e-08 8.26144e-08 6.74351e-08 5.44062e-08 4.34309e-08 3.43344e-08 2.69015e-08 2.09044e-08 1.61203e-08 1.23427e-08 9.38759e-09 7.09559e-09 5.33183e-09 3.98444e-09 2.96206e-09 2.1912e-09 1.61339e-09 1.18269e-09 8.63311e-10 6.27652e-10 4.54574e-10 3.28018e-10 2.35868e-10 1.69036e-10 1.20751e-10 8.59917e-11 6.10564e-11 4.32278e-11 3.05209e-11 2.1492e-11 1.50954e-11 1.05763e-11 7.3924e-12 5.15504e-12 3.58679e-12 2.49022e-12 1.72526e-12 1.19286e-12 8.23118e-13 5.66894e-13 3.89701e-13 2.67407e-13 1.83168e-13 1.2525e-13 8.55036e-14 5.82752e-14 3.96546e-14 2.69422e-14 1.82776e-14 1.23813e-14 8.3751e-15 5.65726e-15 3.81618e-15 2.57081e-15 1.7296e-15 1.16216e-15 7.79908e-16 5.22747e-16 3.49961e-16 2.34013e-16 1.56301e-16 1.04279e-16 6.94953e-17 4.62642e-17 3.07664e-17 2.04389e-17 1.35643e-17 8.99302e-18 5.95647e-18 3.94144e-18 2.60563e-18 1.72095e-18 1.13561e-18 7.48692e-19 4.9317e-19 3.24575e-19 2.13436e-19 1.40235e-19 9.20645e-20 6.03917e-20 3.9584e-20 2.59252e-20 1.69666e-20 1.10953e-20 7.25034e-21 4.73437e-21 3.08926e-21 2.01437e-21 1.31256e-21
4.96863e-08 7.96472e-08 1.06535e-07 1.25742e-07 1.36748e-07 1.40193e-07 1.37367e-07 1.29821e-07 1.19093e-07 1.06547e-07 9.32944e-08 8.01759e-08 6.77753e-08 5.64584e-08 4.6416e-08 3.77083e-08 3.03041e-08 2.41135e-08 1.90134e-08 1.48662e-08 1.15332e-08 8.88253e-09 6.79476e-09 5.16473e-09 3.90234e-09 2.93195e-09 2.1912e-09 1.62938e-09 1.20585e-09 8.88382e-10 6.51684e-10 4.76095e-10 3.46459e-10 2.5118e-10 1.81454e-10 1.30634e-10 9.37395e-11 6.70527e-11 4.78182e-11 3.40018e-11 2.41095e-11 1.7049e-11 1.20247e-11 8.45965e-12 5.93705e-12 4.15684e-12 2.90379e-12 2.02397e-12 1.40771e-12 9.77058e-13 6.76785e-13 4.67875e-13 3.22837e-13 2.22348e-13 1.52863e-13 1.04908e-13 7.18752e-14 4.91617e-14 3.35717e-14 2.28895e-14 1.55823e-14 1.05919e-14 7.18924e-15 4.87272e-15 3.29803e-15 2.22918e-15 1.50473e-15 1.01439e-15 6.82965e-16 4.59252e-16 3.08442e-16 2.06909e-16 1.38636e-16 9.27847e-17 6.20282e-17 4.14214e-17 2.76308e-17 1.84121e-17 1.22564e-17 8.1504e-18 5.41457e-18 3.59355e-18 2.38268e-18 1.57833e-18 1.04455e-18 6.90659e-19 4.56258e-19 3.01145e-19 1.98594e-19 1.30854e-19 8.61483e-20 5.66695e-20 3.72478e-20 2.44629e-20 1.60537e-20 1.05271e-20 6.89785e-21 4.51642e-21 2.955e-21 1.93199e-21 1.26225e-21
2.89864e-08 4.78216e-08 6.51167e-08 7.79945e-08 8.59156e-08 8.91008e-08 8.82323e-08 8.42078e-08 7.79635e-08 7.03597e-08 6.21201e-08 5.38085e-08 4.5832e-08 3.84583e-08 3.18407e-08 2.60438e-08 2.10684e-08 1.68721e-08 1.33866e-08 1.05303e-08 8.21778e-09 6.36573e-09 4.89705e-09 3.74286e-09 2.84333e-09 2.14763e-09 1.61339e-09 1.20585e-09 8.9689e-10 6.64022e-10 4.89465e-10 3.5929e-10 2.62687e-10 1.91327e-10 1.38845e-10 1.00408e-10 7.23692e-11 5.19925e-11 3.72379e-11 2.65912e-11 1.89341e-11 1.34448e-11 9.52151e-12 6.72573e-12 4.73907e-12 3.33121e-12 2.33615e-12 1.63463e-12 1.14127e-12 7.95134e-13 5.52837e-13 3.83608e-13 2.65666e-13 1.83639e-13 1.26707e-13 8.72686e-14 6.00017e-14 4.11845e-14 2.82221e-14 1.93085e-14 1.31894e-14 8.99581e-15 6.12643e-15 4.16623e-15 2.82918e-15 1.91856e-15 1.29927e-15 8.78717e-16 5.93518e-16 4.00375e-16 2.6975e-16 1.81521e-16 1.22004e-16 8.19061e-17 5.49239e-17 3.67891e-17 2.46151e-17 1.64519e-17 1.09842e-17 7.32615e-18 4.88135e-18 3.24915e-18 2.16061e-18 1.43537e-18 9.52667e-19 6.31707e-19 4.18499e-19 2.77003e-19 1.83186e-19 1.21039e-19 7.99072e-20 5.2709e-20 3.47397e-20 2.28779e-20 1.50543e-20 9.89835e-21 6.50325e-21 4.26942e-21 2.8008e-21 1.83601e-21 1.20269e-21
1.69103e-08 2.86898e-08 3.97553e-08 4.83095e-08 5.38896e-08 5.65235e-08 5.65564e-08 5.44996e-08 5.09166e-08 4.63451e-08 4.12516e-08 3.60106e-08 3.09016e-08 2.61163e-08 2.17723e-08 1.79278e-08 1.4597e-08 1.17634e-08 9.39047e-09 7.43096e-09 5.83284e-09 4.54397e-09 3.51503e-09 2.70117e-09 2.06292e-09 1.56629e-09 1.18269e-09 8.88382e-10 6.64022e-10 4.93999e-10 3.65873e-10 2.69828e-10 1.98189e-10 1.45006e-10 1.05702e-10 7.67775e-11 5.55782e-11 4.01007e-11 2.88425e-11 2.06822e-11 1.47875e-11 1.05432e-11 7.49668e-12 5.31653e-12 3.76087e-12 2.6539e-12 1.86832e-12 1.31226e-12 9.19652e-13 6.43116e-13 4.48793e-13 3.12551e-13 2.17238e-13 1.50702e-13 1.0435e-13 7.21231e-14 4.97611e-14 3.42734e-14 2.35666e-14 1.6178e-14 1.10882e-14 7.58792e-15 5.1847e-15 3.53738e-15 2.40996e-15 1.63955e-15 1.11388e-15 7.55728e-16 5.12057e-16 3.46505e-16 2.3418e-16 1.58072e-16 1.06569e-16 7.17614e-17 4.82664e-17 3.24268e-17 2.17609e-17 1.45873e-17 9.76797e-18 6.53395e-18 4.36614e-18 2.9146e-18 1.94369e-18 1.29493e-18 8.6189e-19 5.7312e-19 3.80747e-19 2.52715e-19 1.67585e-19 1.11034e-19 7.35027e-20 4.86159e-20 3.21284e-20 2.1215e-20 1.39973e-20 9.22776e-21 6.07867e-21 4.00114e-21 2.63166e-21 1.72961e-21 1.13592e-21
9.86529e-09 1.71989e-08 2.42453e-08 2.98824e-08 3.37486e-08 3.57939e-08 3.61817e-08 3.51977e-08 3.31773e-08 3.04533e-08 2.73237e-08 2.40349e-08 2.07764e-08 1.76831e-08 1.48422e-08 1.2302e-08 1.00804e-08 8.17386e-09 6.56437e-09 5.22508e-09 4.12484e-09 3.23134e-09 2.51329e-09 1.9417e-09 1.49066e-09 1.13761e-09 8.63311e-10 6.51684e-10 4.89465e-10 3.65873e-10 2.72248e-10 2.01706e-10 1.48826e-10 1.09376e-10 8.00808e-11 5.84199e-11 4.24704e-11 3.07726e-11 2.22254e-11 1.60028e-11 1.14883e-11 8.22374e-12 5.87063e-12 4.17967e-12 2.96811e-12 2.10249e-12 1.48574e-12 1.04745e-12 7.3679e-13 5.17129e-13 3.62184e-13 2.5314e-13 1.76571e-13 1.22922e-13 8.54112e-14 5.92376e-14 4.10108e-14 2.83425e-14 1.95541e-14 1.34683e-14 9.26155e-15 6.35867e-15 4.35892e-15 2.98356e-15 2.03916e-15 1.39169e-15 9.4847e-16 6.45515e-16 4.38738e-16 2.97805e-16 2.01883e-16 1.36684e-16 9.24275e-17 6.24251e-17 4.21117e-17 2.83753e-17 1.90979e-17 1.28394e-17 8.62241e-18 5.78423e-18 3.87619e-18 2.59487e-18 1.73534e-18 1.15937e-18 7.73807e-19 5.15972e-19 3.43723e-19 2.28764e-19 1.52115e-19 1.01056e-19 6.7077e-20 4.44843e-20 2.9476e-20 1.95149e-20 1.29094e-20 8.53279e-21 5.63545e-21 3.71899e-21 2.45236e-21 1.61588e-21 1.06392e-21
5.75529e-09 1.03029e-08 1.4771e-08 1.84604e-08 2.11036e-08 2.26285e-08 2.31041e-08 2.26861e-08 2.15716e-08 1.99648e-08 1.80543e-08 1.60008e-08 1.39314e-08 1.19396e-08 1.00886e-08 8.41612e-09 6.93957e-09 5.6614e-09 4.57359e-09 3.66149e-09 2.90677e-09 2.28965e-09 1.79042e-09 1.3905e-09 1.073e-09 8.22998e-10 6.27652e-10 4.76095e-10 3.5929e-10 2.69828e-10 2.01706e-10 1.5012e-10 1.11259e-10 8.21269e-11 6.03904e-11 4.42437e-11 3.22999e-11 2.35007e-11 1.70429e-11 1.23209e-11 8.88042e-12 6.38203e-12 4.57366e-12 3.26882e-12 2.33013e-12 1.65679e-12 1.17514e-12 8.31533e-13 5.87042e-13 4.13513e-13 2.90648e-13 2.0386e-13 1.42695e-13 9.96832e-14 6.95019e-14 4.83676e-14 3.35983e-14 2.32974e-14 1.61266e-14 1.1144e-14 7.68818e-15 5.2955e-15 3.64172e-15 2.50058e-15 1.71445e-15 1.17374e-15 8.02409e-16 5.47789e-16 3.73453e-16 2.5426e-16 1.72882e-16 1.17399e-16 7.96221e-17 5.39348e-17 3.64905e-17 2.46592e-17 1.66446e-17 1.12221e-17 7.55778e-18 5.08438e-18 3.41677e-18 2.2937e-18 1.53819e-18 1.03048e-18 6.89668e-19 4.6112e-19 3.08014e-19 2.0555e-19 1.37044e-19 9.12862e-20 6.07521e-20 4.03956e-20 2.68368e-20 1.78137e-20 1.18145e-20 7.82914e-21 5.18394e-21 3.42972e-21 2.26732e-21 1.49772e-21 9.88591e-22
3.35757e-09 6.16772e-09 8.99013e-09 1.13904e-08 1.31777e-08 1.42825e-08 1.47272e-08 1.45939e-08 1.39968e-08 1.30599e-08 1.19018e-08 1.06263e-08 9.31769e-09 8.0401e-09 6.83846e-09 5.74116e-09 4.76317e-09 3.90918e-09 3.17648e-09 2.55745e-09 2.04156e-09 1.61682e-09 1.27099e-09 9.92201e-10 7.69524e-10 5.93163e-10 4.54574e-10 3.46459e-10 2.62687e-10 1.98189e-10 1.48826e-10 1.11259e-10 8.28199e-11 6.13991e-11 4.53412e-11 3.33579e-11 2.44538e-11 1.78647e-11 1.30079e-11 9.4414e-12 6.83173e-12 4.92879e-12 3.54576e-12 2.54379e-12 1.8201e-12 1.29894e-12 9.24702e-13 6.56696e-13 4.65276e-13 3.28905e-13 2.31992e-13 1.63285e-13 1.14688e-13 8.03918e-14 5.6241e-14 3.92702e-14 2.73695e-14 1.90407e-14 1.3223e-14 9.16712e-15 6.34462e-15 4.38396e-15 3.02437e-15 2.08317e-15 1.43269e-15 9.83862e-16 6.74658e-16 4.61971e-16 3.15895e-16 2.15714e-16 1.47108e-16 1.0019e-16 6.81495e-17 4.62972e-17 3.14134e-17 2.1289e-17 1.44106e-17 9.74333e-18 6.58023e-18 4.43908e-18 2.99137e-18 2.01365e-18 1.35407e-18 9.096e-19 6.10407e-19 4.0922e-19 2.74075e-19 1.83385e-19 1.22588e-19 8.18712e-20 5.46281e-20 3.64176e-20 2.42562e-20 1.6142e-20 1.0733e-20 7.13048e-21 4.73323e-21 3.13936e-21 2.08054e-21 1.37775e-21 9.11639e-22
