0.883947 0.0230294 0.012896 0.00722151 0.00404391 0.00226451 0.00126808 0.000710101 0.000397643 0.000222672 0.000124692 6.98252e-05 3.91007e-05 2.18956e-05 1.22611e-05 6.866e-06 3.84483e-06 2.15303e-06 1.20565e-06 6.75143e-07 3.78067e-07 2.1171e-07 1.18554e-07 6.63877e-08 3.71758e-08 2.08177e-08 1.16575e-08 6.52799e-09 3.65555e-09 2.04703e-09 1.1463e-09 6.41906e-10 3.59455e-10 2.01288e-10 1.12717e-10 6.31194e-11 3.53456e-11 1.97929e-11 1.10836e-11 6.20661e-12 3.47558e-12 1.94626e-12 1.08987e-12 6.10305e-13 3.41759e-13 1.91378e-13 1.07168e-13 6.00121e-14 3.36056e-14 1.88185e-14 1.0538e-14 5.90106e-15 3.30448e-15 1.85045e-15 1.03621e-15 5.80259e-16 3.24934e-16 1.81957e-16 1.01892e-16 5.70577e-17 3.19512e-17 1.7892e-17 1.00192e-17 5.61056e-18 3.1418e-18 1.75935e-18 9.85201e-19 5.51693e-19 3.08938e-19 1.72999e-19 9.68761e-20 5.42487e-20 3.03782e-20 1.70112e-20 9.52595e-21 5.33435e-21 2.98713e-21 1.67274e-21 9.36699e-22 5.24533e-22 2.93729e-22 1.64482e-22 9.21069e-23 5.15781e-23 2.88827e-23 1.61738e-23 9.05699e-24 5.07174e-24 2.84008e-24 1.59039e-24 8.90586e-25 4.98711e-25 2.79268e-25 1.56385e-25 8.75725e-26 4.90389e-26 2.74608e-26 1.53775e-26 8.61112e-27 4.82206e-27 2.70026e-27
0.0230294 0.0020123 0.0011647 0.000673402 0.00038896 0.000224456 0.000129413 7.45525e-05 4.29149e-05 2.4685e-05 1.41891e-05 8.15053e-06 4.67889e-06 2.68435e-06 1.53917e-06 8.82054e-07 5.05217e-07 2.8923e-07 1.65502e-07 9.46591e-08 5.41168e-08 3.09257e-08 1.76657e-08 1.00873e-08 5.75779e-09 3.28535e-09 1.87394e-09 1.06853e-09 6.09084e-10 3.47083e-10 1.97724e-10 1.12605e-10 6.41117e-11 3.64921e-11 2.07656e-11 1.18136e-11 6.71912e-12 3.82066e-12 2.17203e-12 1.23451e-12 7.015e-13 3.98538e-13 2.26372e-13 1.28555e-13 7.29914e-14 4.14354e-14 2.35175e-14 1.33455e-14 7.57184e-15 4.29531e-15 2.43622e-15 1.38155e-15 7.83341e-16 4.44086e-16 2.51721e-16 1.42662e-16 8.08414e-17 4.58036e-17 2.59482e-17 1.46979e-17 8.32432e-18 4.71397e-18 2.66913e-18 1.51113e-18 8.55424e-19 4.84184e-19 2.74025e-19 1.55068e-19 8.77416e-20 4.96413e-20 2.80825e-20 1.58848e-20 8.98436e-21 5.08099e-21 2.87321e-21 1.6246e-21 9.1851e-22 5.19257e-22 2.93523e-22 1.65907e-22 9.37665e-23 5.29901e-23 2.99437e-23 1.69193e-23 9.55924e-24 5.40045e-24 3.05073e-24 1.72323e-24 9.73313e-25 5.49704e-25 3.10437e-25 1.75302e-25 9.89855e-26 5.58889e-26 3.15537e-26 1.78134e-26 1.00557e-26 5.67615e-27 3.2038e-27 1.80822e-27 1.02049e-27
0.012896 0.0011647 0.000676709 0.000392726 0.000227672 0.000131852 7.62877e-05 4.40993e-05 2.54708e-05 1.46996e-05 8.47698e-06 4.88502e-06 2.81317e-06 1.61899e-06 9.31166e-07 5.35248e-07 3.07497e-07 1.76561e-07 1.01327e-07 5.81229e-08 3.33246e-08 1.9098e-08 1.09402e-08 6.26441e-09 3.58562e-09 2.05155e-09 1.17339e-09 6.70883e-10 3.83445e-10 2.19087e-10 1.25139e-10 7.14551e-11 4.07892e-11 2.32773e-11 1.32801e-11 7.57444e-12 4.31904e-12 2.46215e-12 1.40325e-12 7.99563e-13 4.5548e-13 2.59412e-13 1.47712e-13 8.40906e-14 4.7862e-14 2.72363e-14 1.5496e-14 8.81474e-15 5.01324e-15 2.85069e-15 1.62071e-15 9.21266e-16 5.23592e-16 2.9753e-16 1.69044e-16 9.60285e-17 5.45426e-17 3.09747e-17 1.75879e-17 9.98532e-18 5.66825e-18 3.21719e-18 1.82578e-18 1.03601e-18 5.87791e-19 3.33449e-19 1.8914e-19 1.07272e-19 6.08325e-20 3.44935e-20 1.95565e-20 1.10866e-20 6.28429e-21 3.5618e-21 2.01855e-21 1.14384e-21 6.48105e-22 3.67184e-22 2.08009e-22 1.17825e-22 6.67353e-23 3.77949e-23 2.14029e-23 1.21192e-23 6.86177e-24 3.88475e-24 2.19914e-24 1.24483e-24 7.04577e-25 3.98763e-25 2.25667e-25 1.27699e-25 7.22558e-26 4.08815e-26 2.31286e-26 1.3084e-26 7.40121e-27 4.18633e-27 2.36774e-27 1.33908e-27 7.57268e-28
0.00722151 0.000673402 0.000392726 0.000228749 0.000133082 7.73392e-05 4.48987e-05 2.60404e-05 1.50891e-05 8.7359e-06 5.05356e-06 2.92114e-06 1.6873e-06 9.73933e-07 5.61798e-07 3.23862e-07 1.86586e-07 1.07436e-07 6.1828e-08 3.55627e-08 2.0445e-08 1.17482e-08 6.74771e-09 3.87392e-09 2.22311e-09 1.27525e-09 7.31237e-10 4.19139e-10 2.4016e-10 1.37559e-10 7.8765e-11 4.50852e-11 2.57987e-11 1.47581e-11 8.43979e-12 4.82514e-12 2.75783e-12 1.57583e-12 9.00197e-13 5.1411e-13 2.9354e-13 1.67562e-13 9.56275e-14 5.45623e-14 3.11248e-14 1.77513e-14 1.01219e-14 5.77039e-15 3.289e-15 1.8743e-15 1.06791e-15 6.08345e-16 3.46488e-16 1.97311e-16 1.12341e-16 6.39525e-17 3.64003e-17 2.07149e-17 1.17868e-17 6.70567e-18 3.81438e-18 2.16942e-18 1.23368e-18 7.01457e-19 3.98787e-19 2.26685e-19 1.2884e-19 7.32185e-20 4.16042e-20 2.36375e-20 1.34281e-20 7.62736e-21 4.33197e-21 2.46007e-21 1.39689e-21 7.931e-22 4.50245e-22 2.55578e-22 1.45062e-22 8.23266e-23 4.6718e-23 2.65085e-23 1.50399e-23 8.53224e-24 4.83996e-24 2.74524e-24 1.55697e-24 8.82962e-25 5.00687e-25 2.83892e-25 1.60955e-25 9.12472e-26 5.17248e-26 2.93187e-26 1.66171e-26 9.41743e-27 5.33674e-27 3.02404e-27 1.71343e-27 9.70767e-28 5.4996e-28
0.00404391 0.00038896 0.000227672 0.000133082 7.76915e-05 4.53014e-05 2.63855e-05 1.5352e-05 8.92355e-06 5.18212e-06 3.00675e-06 1.74312e-06 1.00976e-06 5.84504e-07 3.38104e-07 1.95443e-07 1.12905e-07 6.51843e-08 3.76113e-08 2.16897e-08 1.25014e-08 7.20178e-09 4.14677e-09 2.38659e-09 1.37293e-09 7.89463e-10 4.53768e-10 2.60713e-10 1.49735e-10 8.5965e-11 4.9336e-11 2.83045e-11 1.62331e-11 9.30693e-12 5.33427e-12 3.05641e-12 1.75073e-12 1.00255e-12 5.73943e-13 3.28486e-13 1.87954e-13 1.07516e-13 6.14883e-14 3.51565e-14 2.00964e-14 1.1485e-14 6.56221e-15 3.74865e-15 2.14096e-15 1.22252e-15 6.97934e-16 3.98372e-16 2.27343e-16 1.29716e-16 7.39996e-17 4.22073e-17 2.40697e-17 1.3724e-17 7.82385e-18 4.45954e-18 2.5415e-18 1.44819e-18 8.25076e-19 4.70001e-19 2.67695e-19 1.52448e-19 8.68046e-20 4.94202e-20 2.81325e-20 1.60124e-20 9.11273e-21 5.18545e-21 2.95033e-21 1.67843e-21 9.54734e-22 5.43016e-22 3.08811e-22 1.756e-22 9.98408e-23 5.67603e-23 3.22653e-23 1.83392e-23 1.04227e-23 5.92294e-24 3.36551e-24 1.91215e-24 1.08631e-24 6.17078e-25 3.505e-25 1.99066e-25 1.13049e-25 6.41943e-26 3.64493e-26 2.0694e-26 1.1748e-26 6.66876e-27 3.78523e-27 2.14834e-27 1.21922e-27 6.91868e-28 3.92584e-28
0.00226451 0.000224456 0.000131852 7.73392e-05 4.53014e-05 2.65011e-05 1.54844e-05 9.03723e-06 5.26886e-06 3.06878e-06 1.7857e-06 1.03816e-06 6.03056e-07 3.50031e-07 2.03015e-07 1.17662e-07 6.81478e-08 3.94443e-08 2.28164e-08 1.31903e-08 7.62105e-09 4.40088e-09 2.54004e-09 1.46529e-09 8.44889e-10 4.86941e-10 2.80518e-10 1.61533e-10 9.29783e-11 5.34972e-11 3.07692e-11 1.76905e-11 1.01674e-11 5.84157e-12 3.3551e-12 1.92637e-12 1.10571e-12 6.34467e-13 3.63957e-13 2.08722e-13 1.19664e-13 6.85875e-14 3.93018e-14 2.25149e-14 1.28949e-14 7.38354e-15 4.22677e-15 2.4191e-15 1.38421e-15 7.91877e-16 4.52919e-16 2.58997e-16 1.48075e-16 8.46414e-17 4.83728e-17 2.76401e-17 1.57905e-17 9.0194e-18 5.15089e-18 2.94112e-18 1.67908e-18 9.58426e-19 5.46986e-19 3.12123e-19 1.78077e-19 1.01584e-19 5.79403e-20 3.30424e-20 1.88409e-20 1.07417e-20 6.12324e-21 3.49007e-21 1.98898e-21 1.13336e-21 6.45735e-22 3.67862e-22 2.09538e-22 1.19341e-22 6.79618e-23 3.86982e-23 2.20326e-23 1.25428e-23 7.1396e-24 4.06356e-24 2.31256e-24 1.31594e-24 7.48743e-25 4.25977e-25 2.42324e-25 1.37836e-25 7.83953e-26 4.45835e-26 2.53524e-26 1.44153e-26 8.19573e-27 4.65923e-27 2.64851e-27 1.5054e-27 8.55589e-28 4.8623e-28 2.76301e-28
0.00126808 0.000129413 7.62877e-05 4.48987e-05 2.63855e-05 1.54844e-05 9.07531e-06 5.31255e-06 3.10636e-06 1.81442e-06 1.05873e-06 6.17199e-07 3.59481e-07 2.09198e-07 1.21645e-07 7.06799e-08 4.10378e-08 2.38107e-08 1.38063e-08 8.0003e-09 4.63314e-09 2.68161e-09 1.55123e-09 8.96868e-10 5.18275e-10 2.99351e-10 1.72821e-10 9.97285e-11 5.75244e-11 3.31668e-11 1.91152e-11 1.10125e-11 6.34206e-12 3.65103e-12 2.10111e-12 1.20874e-12 6.95143e-13 3.99647e-13 2.29691e-13 1.31972e-13 7.58037e-14 4.35288e-14 2.49887e-14 1.43415e-14 8.2287e-15 4.72017e-15 2.70693e-15 1.552e-15 8.8962e-16 5.09821e-16 2.92102e-16 1.67324e-16 9.58268e-17 5.4869e-17 3.14108e-17 1.79782e-17 1.02879e-17 5.88611e-18 3.36704e-18 1.92571e-18 1.10117e-18 6.29571e-19 3.59883e-19 2.05686e-19 1.17538e-19 6.71558e-20 3.83637e-20 2.19124e-20 1.2514e-20 7.14558e-21 4.07959e-21 2.32881e-21 1.3292e-21 7.58557e-22 4.32841e-22 2.46951e-22 1.40876e-22 8.03542e-23 4.58275e-23 2.61331e-23 1.49005e-23 8.49499e-24 4.84253e-24 2.76015e-24 1.57306e-24 8.96411e-25 5.10767e-25 2.91e-25 1.65774e-25 9.44266e-26 5.37809e-26 3.0628e-26 1.74407e-26 9.93046e-27 5.65369e-27 3.2185e-27 1.83204e-27 1.04274e-27 5.93439e-28 3.37706e-28 1.9216e-28
0.000710101 7.45525e-05 4.40993e-05 2.60404e-05 1.5352e-05 9.03723e-06 5.31255e-06 3.11894e-06 1.82888e-06 1.07119e-06 6.26738e-07 3.66325e-07 2.13911e-07 1.24798e-07 7.2747e-08 4.23711e-08 2.46599e-08 1.43415e-08 8.33479e-09 4.84068e-09 2.80958e-09 1.62972e-09 9.44785e-10 5.47407e-10 3.16997e-10 1.83475e-10 1.06141e-10 6.13739e-11 3.54719e-11 2.04925e-11 1.18337e-11 6.83072e-12 3.94131e-12 2.27326e-12 1.31068e-12 7.55415e-13 4.35236e-13 2.50679e-13 1.44334e-13 8.30772e-14 4.78037e-14 2.74986e-14 1.58137e-14 9.09148e-15 5.22535e-15 3.00248e-15 1.72478e-15 9.90545e-16 5.68733e-16 3.26466e-16 1.87355e-16 1.07496e-16 6.1663e-17 3.53639e-17 2.0277e-17 1.1624e-17 6.66225e-18 3.81767e-18 2.18722e-18 1.25286e-18 7.17518e-19 4.1085e-19 2.3521e-19 1.34633e-19 7.70505e-20 4.40885e-20 2.52234e-20 1.44282e-20 8.25184e-21 4.7187e-21 2.69792e-21 1.5423e-21 8.8155e-22 5.03804e-22 2.87883e-22 1.64478e-22 9.39599e-23 5.36684e-23 3.06505e-23 1.75025e-23 9.99326e-24 5.70506e-24 3.25656e-24 1.85869e-24 1.06072e-24 6.05266e-25 3.45335e-25 1.97009e-25 1.12378e-25 6.40962e-26 3.65539e-26 2.08444e-26 1.1885e-26 6.77587e-27 3.86266e-27 2.20173e-27 1.25487e-27 7.15138e-28 4.07512e-28 2.32193e-28 1.32287e-28
0.000397643 4.29149e-05 2.54708e-05 1.50891e-05 8.92355e-06 5.26886e-06 3.10636e-06 1.82888e-06 1.07536e-06 6.3154e-07 3.70469e-07 2.17089e-07 1.27082e-07 7.43219e-08 4.34268e-08 2.53528e-08 1.47891e-08 8.62029e-09 5.02091e-09 2.92239e-09 1.69982e-09 9.8807e-10 5.73994e-10 3.33251e-10 1.93371e-10 1.12144e-10 6.50032e-11 3.76596e-11 2.18076e-11 1.26223e-11 7.30255e-12 4.22302e-12 2.44113e-12 1.41053e-12 8.14715e-13 4.70397e-13 2.71497e-13 1.56643e-13 9.03458e-14 5.20907e-14 3.00242e-14 1.73e-14 9.96529e-15 5.73857e-15 3.30364e-15 1.90133e-15 1.09397e-15 6.29271e-16 3.61874e-16 2.08049e-16 1.19583e-16 6.87172e-17 3.94785e-17 2.26755e-17 1.30213e-17 7.47582e-18 4.2911e-18 2.46257e-18 1.41293e-18 8.10519e-19 4.6486e-19 2.66562e-19 1.52824e-19 8.76004e-20 5.02045e-20 2.87675e-20 1.64811e-20 9.44054e-21 5.40674e-21 3.09602e-21 1.77256e-21 1.01469e-21 5.80757e-22 3.32347e-22 1.90163e-22 1.08791e-22 6.22303e-23 3.55916e-23 2.03533e-23 1.16375e-23 6.65319e-24 3.80313e-24 2.17369e-24 1.24222e-24 7.09811e-25 4.05542e-25 2.31673e-25 1.32331e-25 7.55788e-26 4.31605e-26 2.46447e-26 1.40706e-26 8.03253e-27 4.58507e-27 2.61693e-27 1.49346e-27 8.52213e-28 4.86249e-28 2.77412e-28 1.58252e-28 9.02672e-29
0.000222672 2.4685e-05 1.46996e-05 8.7359e-06 5.18212e-06 3.06878e-06 1.81442e-06 1.07119e-06 6.3154e-07 3.71856e-07 2.18688e-07 1.28465e-07 7.53837e-08 4.41909e-08 2.58806e-08 1.51434e-08 8.85319e-09 5.17157e-09 3.01862e-09 1.76065e-09 1.0262e-09 5.97721e-10 3.47924e-10 2.02396e-10 1.17669e-10 6.83719e-11 3.97058e-11 2.30464e-11 1.337e-11 7.75264e-12 4.49328e-12 2.60304e-12 1.50733e-12 8.72473e-13 5.04798e-13 2.91952e-13 1.68787e-13 9.75454e-14 5.6353e-14 3.25444e-14 1.87883e-14 1.08432e-14 6.25585e-15 3.60812e-15 2.08039e-15 1.19917e-15 6.91022e-16 3.98091e-16 2.29274e-16 1.32011e-16 7.59899e-17 4.37312e-17 2.51605e-17 1.44725e-17 8.32274e-18 4.78508e-18 2.75052e-18 1.58068e-18 9.08202e-19 5.2171e-19 2.99631e-19 1.72051e-19 9.87738e-20 5.66948e-20 3.25359e-20 1.86682e-20 1.07093e-20 6.1425e-21 3.52252e-21 2.0197e-21 1.15784e-21 6.63647e-22 3.80327e-22 2.17925e-22 1.2485e-22 7.15166e-23 4.09598e-23 2.34555e-23 1.34298e-23 7.68833e-24 4.40082e-24 2.51869e-24 1.44131e-24 8.24675e-25 4.71792e-25 2.69875e-25 1.54355e-25 8.82717e-26 5.04743e-26 2.8858e-26 1.64972e-26 9.42984e-27 5.38949e-27 3.07993e-27 1.75989e-27 1.0055e-27 5.74421e-28 3.2812e-28 1.87408e-28 1.07028e-28 6.11174e-29
0.000124692 1.41891e-05 8.47698e-06 5.05356e-06 3.00675e-06 1.7857e-06 1.05873e-06 6.26738e-07 3.70469e-07 2.18688e-07 1.28928e-07 7.59181e-08 4.46534e-08 2.62363e-08 1.53998e-08 9.03052e-09 5.29078e-09 3.0971e-09 1.81149e-09 1.05872e-09 6.18305e-10 3.60843e-10 2.10446e-10 1.22654e-10 7.14419e-11 4.15878e-11 2.41953e-11 1.40688e-11 8.17624e-12 4.74929e-12 2.75734e-12 1.6001e-12 9.2812e-13 5.38108e-13 3.11853e-13 1.80655e-13 1.04611e-13 6.05529e-14 3.50372e-14 2.02659e-14 1.17179e-14 6.77303e-15 3.91355e-15 2.26058e-15 1.30536e-15 7.5354e-16 4.34864e-16 2.50885e-16 1.44701e-16 8.34351e-17 4.8096e-17 2.77175e-17 1.59694e-17 9.19845e-18 5.29704e-18 3.04964e-18 1.75534e-18 1.01013e-18 5.81157e-19 3.34284e-19 1.92241e-19 1.10531e-19 6.35379e-20 3.6517e-20 2.09832e-20 1.20549e-20 6.92428e-21 3.97653e-21 2.28326e-21 1.31078e-21 7.52363e-22 4.31768e-22 2.47743e-22 1.42128e-22 8.15242e-23 4.67547e-23 2.68099e-23 1.53709e-23 8.81122e-24 5.0502e-24 2.89413e-24 1.65831e-24 9.50059e-25 5.44221e-25 3.11703e-25 1.78504e-25 1.02211e-25 5.8518e-26 3.34985e-26 1.91738e-26 1.09732e-26 6.27927e-27 3.59278e-27 2.05542e-27 1.17576e-27 6.72493e-28 3.84598e-28 2.19926e-28 1.25747e-28 7.18907e-29 4.10961e-29
6.98252e-05 8.15053e-06 4.88502e-06 2.92114e-06 1.74312e-06 1.03816e-06 6.17199e-07 3.66325e-07 2.17089e-07 1.28465e-07 7.59181e-08 4.48083e-08 2.64154e-08 1.55549e-08 9.15002e-09 5.37703e-09 3.15683e-09 1.8517e-09 1.08522e-09 6.35498e-10 3.71854e-10 2.17426e-10 1.2704e-10 7.41785e-11 4.32845e-11 2.52417e-11 1.4711e-11 8.5688e-12 4.98834e-12 2.90243e-12 1.68789e-12 9.81101e-13 5.70001e-13 3.31007e-13 1.92134e-13 1.11477e-13 6.46523e-14 3.74807e-14 2.17201e-14 1.2582e-14 7.28583e-15 4.21747e-15 2.44047e-15 1.41172e-15 8.16359e-16 4.71927e-16 2.7273e-16 1.57565e-16 9.10033e-17 5.25448e-17 3.03306e-17 1.7503e-17 1.00978e-17 5.82413e-18 3.35832e-18 1.936e-18 1.11579e-18 6.42922e-19 3.70367e-19 2.13308e-19 1.22824e-19 7.07077e-20 4.06965e-20 2.34184e-20 1.34731e-20 7.7498e-21 4.45685e-21 2.56261e-21 1.47318e-21 8.46732e-22 4.86584e-22 2.79571e-22 1.60602e-22 9.22432e-23 5.29718e-23 3.04146e-23 1.74602e-23 1.00218e-23 5.75143e-24 3.30018e-24 1.89336e-24 1.08608e-24 6.22917e-25 3.57218e-25 2.04821e-25 1.17424e-25 6.73095e-26 3.85778e-26 2.21076e-26 1.26674e-26 7.25733e-27 4.15729e-27 2.38117e-27 1.36369e-27 7.80886e-28 4.47103e-28 2.55962e-28 1.46519e-28 8.38611e-29 4.79931e-29 2.7463e-29
3.91007e-05 4.67889e-06 2.81317e-06 1.6873e-06 1.00976e-06 6.03056e-07 3.59481e-07 2.13911e-07 1.27082e-07 7.53837e-08 4.46534e-08 2.64154e-08 1.56069e-08 9.21016e-09 5.42922e-09 3.19708e-09 1.88078e-09 1.10539e-09 6.49092e-10 3.80827e-10 2.23253e-10 1.30777e-10 7.655e-11 4.47768e-11 2.61738e-11 1.52897e-11 8.92607e-12 5.2079e-12 3.03679e-12 1.76981e-12 1.03088e-12 6.00157e-13 3.49226e-13 2.03114e-13 1.18079e-13 6.86134e-14 3.98527e-14 2.31379e-14 1.34281e-14 7.78989e-15 4.51734e-15 2.61862e-15 1.51742e-15 8.78992e-16 5.08999e-16 2.94648e-16 1.7051e-16 9.86418e-17 5.70476e-17 3.29825e-17 1.90636e-17 1.10154e-17 6.36321e-18 3.6748e-18 2.12167e-18 1.22464e-18 7.0669e-19 4.07701e-19 2.35153e-19 1.35599e-19 7.8174e-20 4.50577e-20 2.59645e-20 1.49588e-20 8.61629e-21 4.96197e-21 2.85693e-21 1.64459e-21 9.46519e-22 5.44651e-22 3.13346e-22 1.8024e-22 1.03657e-22 5.96029e-23 3.42657e-23 1.9696e-23 1.13194e-23 6.50422e-24 3.73677e-24 2.14648e-24 1.23279e-24 7.07921e-25 4.06456e-25 2.33333e-25 1.33929e-25 7.68618e-26 4.41046e-26 2.53044e-26 1.4516e-26 8.32605e-27 4.77499e-27 2.73809e-27 1.56988e-27 8.99973e-28 5.15866e-28 2.95659e-28 1.6943e-28 9.70816e-29 5.56201e-29 3.18622e-29 1.82502e-29
2.18956e-05 2.68435e-06 1.61899e-06 9.73933e-07 5.84504e-07 3.50031e-07 2.09198e-07 1.24798e-07 7.43219e-08 4.41909e-08 2.62363e-08 1.55549e-08 9.21016e-09 5.44669e-09 3.21732e-09 1.89838e-09 1.11898e-09 6.58922e-10 3.87652e-10 2.27859e-10 1.33821e-10 7.85292e-11 4.60475e-11 2.69812e-11 1.57983e-11 9.24416e-12 5.4056e-12 3.159e-12 1.845e-12 1.07694e-12 6.28273e-13 3.6633e-13 2.13487e-13 1.24353e-13 7.23987e-14 4.21312e-14 2.45065e-14 1.42485e-14 8.2808e-15 4.8106e-15 2.79352e-15 1.62158e-15 9.40939e-16 5.45791e-16 3.16474e-16 1.83442e-16 1.06295e-16 6.15727e-17 3.56553e-17 2.06407e-17 1.19452e-17 6.91091e-18 3.99716e-18 2.31124e-18 1.33604e-18 7.72111e-19 4.46092e-19 2.57667e-19 1.48793e-19 8.59018e-20 4.95811e-20 2.86107e-20 1.6506e-20 9.52044e-21 5.49005e-21 3.16521e-21 1.82447e-21 1.05143e-21 6.05807e-22 3.48982e-22 2.00996e-22 1.15741e-22 6.66353e-23 3.83567e-23 2.2075e-23 1.27023e-23 7.30778e-24 4.20354e-24 2.41753e-24 1.39013e-24 7.99222e-25 4.5942e-25 2.64048e-25 1.51736e-25 8.71824e-26 5.00844e-26 2.87681e-26 1.65218e-26 9.48724e-27 5.44705e-27 3.12696e-27 1.79483e-27 1.03007e-27 5.91084e-28 3.39138e-28 1.94557e-28 1.11599e-28 6.40063e-29 3.67053e-29 2.10466e-29 1.20665e-29
1.22611e-05 1.53917e-06 9.31166e-07 5.61798e-07 3.38104e-07 2.03015e-07 1.21645e-07 7.2747e-08 4.34268e-08 2.58806e-08 1.53998e-08 9.15002e-09 5.42922e-09 3.21732e-09 1.90427e-09 1.12581e-09 6.64868e-10 3.92249e-10 2.31189e-10 1.36135e-10 8.00931e-11 4.70821e-11 2.76547e-11 1.62313e-11 9.51956e-12 5.57928e-12 3.26774e-12 1.91266e-12 1.11881e-12 6.5406e-13 3.82146e-13 2.23152e-13 1.30238e-13 7.5972e-14 4.42947e-14 2.58131e-14 1.50358e-14 8.75422e-15 5.09469e-15 2.96369e-15 1.72334e-15 1.00169e-15 5.82008e-16 3.38034e-16 1.9626e-16 1.13907e-16 6.6087e-17 3.83297e-17 2.22235e-17 1.2881e-17 7.46364e-18 4.32334e-18 2.50357e-18 1.44935e-18 8.38807e-19 4.85324e-19 2.80727e-19 1.62338e-19 9.38524e-20 5.4245e-20 3.13449e-20 1.81079e-20 1.04584e-20 6.03898e-21 3.48628e-21 2.01216e-21 1.1611e-21 6.69858e-22 3.86371e-22 2.22811e-22 1.28464e-22 7.40523e-23 4.26787e-23 2.45924e-23 1.4168e-23 8.16089e-24 4.69988e-24 2.70619e-24 1.55795e-24 8.96757e-25 5.16086e-25 2.96959e-25 1.70844e-25 9.82729e-26 5.65195e-26 3.25009e-26 1.86864e-26 1.07421e-26 6.17433e-27 3.54835e-27 2.03892e-27 1.17142e-27 6.72918e-28 3.86503e-28 2.21965e-28 1.27455e-28 7.31769e-29 4.20081e-29 2.41122e-29 1.38384e-29 7.94109e-30
6.866e-06 8.82054e-07 5.35248e-07 3.23862e-07 1.95443e-07 1.17662e-07 7.06799e-08 4.23711e-08 2.53528e-08 1.51434e-08 9.03052e-09 5.37703e-09 3.19708e-09 1.89838e-09 1.12581e-09 6.66858e-10 3.94561e-10 2.33203e-10 1.37694e-10 8.12234e-11 4.78687e-11 2.81868e-11 1.65836e-11 9.74922e-12 5.72705e-12 3.36184e-12 1.97207e-12 1.15605e-12 6.77252e-13 3.96513e-13 2.3201e-13 1.35677e-13 7.92986e-14 4.63226e-14 2.70456e-14 1.57828e-14 9.20583e-15 5.36708e-15 3.12764e-15 1.82182e-15 1.06074e-15 6.17352e-16 3.59156e-16 2.08864e-16 1.21417e-16 7.05565e-17 4.09862e-17 2.38005e-17 1.38162e-17 8.01762e-18 4.65118e-18 2.69739e-18 1.56383e-18 9.06372e-19 5.25165e-19 3.04201e-19 1.76159e-19 1.01983e-19 5.90252e-20 3.41533e-20 1.97568e-20 1.14259e-20 6.60633e-21 3.81878e-21 2.20692e-21 1.27512e-21 7.36569e-22 4.25385e-22 2.45615e-22 1.41787e-22 8.18327e-23 4.72202e-23 2.72422e-23 1.57134e-23 9.06179e-24 5.22486e-24 3.012e-24 1.73602e-24 1.0004e-24 5.76394e-25 3.32037e-25 1.91241e-25 1.10129e-25 6.34086e-26 3.65027e-26 2.10102e-26 1.20912e-26 6.95727e-27 4.0026e-27 2.3024e-27 1.3242e-27 7.61486e-28 4.37833e-28 2.51706e-28 1.44683e-28 8.31533e-29 4.77841e-29 2.74555e-29 1.57731e-29 9.06044e-30 5.20385e-30
3.84483e-06 5.05217e-07 3.07497e-07 1.86586e-07 1.12905e-07 6.81478e-08 4.10378e-08 2.46599e-08 1.47891e-08 8.85319e-09 5.29078e-09 3.15683e-09 1.88078e-09 1.11898e-09 6.64868e-10 3.94561e-10 2.33877e-10 1.38478e-10 8.1907e-11 4.83983e-11 2.85712e-11 1.68515e-11 9.93057e-12 5.84729e-12 3.44028e-12 2.02259e-12 1.18825e-12 6.97607e-13 4.09283e-13 2.39972e-13 1.40614e-13 8.23457e-14 4.81953e-14 2.81922e-14 1.64825e-14 9.63148e-15 5.62531e-15 3.28391e-15 1.91616e-15 1.11758e-15 6.51527e-16 3.79666e-16 2.21152e-16 1.28768e-16 7.49467e-17 4.36047e-17 2.53602e-17 1.4744e-17 8.56896e-18 4.97841e-18 2.89141e-18 1.67875e-18 9.74375e-19 5.65368e-19 3.27948e-19 1.90174e-19 1.10248e-19 6.38956e-20 3.70211e-20 2.14443e-20 1.24182e-20 7.18942e-21 4.16121e-21 2.40789e-21 1.393e-21 8.05675e-22 4.65874e-22 2.69326e-22 1.55665e-22 8.99512e-23 5.19673e-23 3.00167e-23 1.73342e-23 1.00082e-23 5.77728e-24 3.3343e-24 1.92399e-24 1.10998e-24 6.40252e-25 3.69237e-25 2.12903e-25 1.22739e-25 7.07465e-26 4.07713e-26 2.34926e-26 1.35343e-26 7.79592e-27 4.48984e-27 2.58539e-27 1.48851e-27 8.56865e-28 4.93182e-28 2.83816e-28 1.63306e-28 9.39522e-29 5.40441e-29 3.10834e-29 1.78751e-29 1.0278e-29 5.90898e-30 3.3967e-30
2.15303e-06 2.8923e-07 1.76561e-07 1.07436e-07 6.51843e-08 3.94443e-08 2.38107e-08 1.43415e-08 8.62029e-09 5.17157e-09 3.0971e-09 1.8517e-09 1.10539e-09 6.58922e-10 3.92249e-10 2.33203e-10 1.38478e-10 8.21357e-11 4.86646e-11 2.88037e-11 1.70317e-11 1.00616e-11 5.93865e-12 3.50221e-12 2.06369e-12 1.21509e-12 7.14911e-13 4.20325e-13 2.46956e-13 1.45001e-13 8.50832e-14 4.98945e-14 2.92419e-14 1.71282e-14 1.00272e-14 5.86701e-15 3.43108e-15 2.00553e-15 1.17171e-15 6.84238e-16 3.99391e-16 2.33023e-16 1.35898e-16 7.92227e-17 4.61647e-17 2.68906e-17 1.56576e-17 9.11362e-18 5.30272e-18 3.08428e-18 1.79333e-18 1.04237e-18 6.05675e-19 3.5182e-19 2.04299e-19 1.18599e-19 6.88281e-20 3.99323e-20 2.31612e-20 1.343e-20 7.78528e-21 4.51187e-21 2.61413e-21 1.51421e-21 8.76872e-22 5.07669e-22 2.93847e-22 1.70044e-22 9.83783e-23 5.69036e-23 3.29067e-23 1.90254e-23 1.09975e-23 6.35563e-24 3.67228e-24 2.12141e-24 1.22526e-24 7.07534e-25 4.08491e-25 2.35796e-25 1.36085e-25 7.85242e-26 4.53022e-26 2.61312e-26 1.50704e-26 8.68988e-27 5.00992e-27 2.88786e-27 1.66438e-27 9.59084e-28 5.52578e-28 3.18319e-28 1.83343e-28 1.05585e-28 6.0796e-29 3.50013e-29 2.01479e-29 1.15962e-29 6.67325e-30 3.83973e-30 2.20904e-30
1.20565e-06 1.65502e-07 1.01327e-07 6.1828e-08 3.76113e-08 2.28164e-08 1.38063e-08 8.33479e-09 5.02091e-09 3.01862e-09 1.81149e-09 1.08522e-09 6.49092e-10 3.87652e-10 2.31189e-10 1.37694e-10 8.1907e-11 4.86646e-11 2.88815e-11 1.71224e-11 1.01408e-11 6.00013e-12 3.54693e-12 2.09491e-12 1.23627e-12 7.28981e-13 4.29522e-13 2.52892e-13 1.48791e-13 8.74835e-14 5.14033e-14 3.01844e-14 1.77137e-14 1.03892e-14 6.08992e-15 3.56782e-15 2.08912e-15 1.22265e-15 7.15202e-16 4.18162e-16 2.44376e-16 1.4275e-16 8.33498e-17 4.8646e-17 2.83799e-17 1.655e-17 9.64754e-18 5.62172e-18 3.27462e-18 1.90676e-18 1.10988e-18 6.45816e-19 3.7566e-19 2.18444e-19 1.26983e-19 7.37929e-20 4.28699e-20 2.48978e-20 1.44558e-20 8.39073e-21 4.86896e-21 2.82459e-21 1.63816e-21 9.49829e-22 5.50583e-22 3.19074e-22 1.84864e-22 1.0708e-22 6.20103e-23 3.59019e-23 2.07812e-23 1.20262e-23 6.95812e-24 4.02495e-24 2.32776e-24 1.34594e-24 7.78078e-25 4.49712e-25 2.59873e-25 1.50142e-25 8.67286e-26 5.00888e-26 2.89227e-26 1.66978e-26 9.6383e-27 5.56246e-27 3.20965e-27 1.85172e-27 1.06812e-27 6.16018e-28 3.55219e-28 2.048e-28 1.18058e-28 6.80446e-29 3.92126e-29 2.25939e-29 1.30165e-29 7.49777e-30 4.31825e-30 2.48669e-30 1.43177e-30
6.75143e-07 9.46591e-08 5.81229e-08 3.55627e-08 2.16897e-08 1.31903e-08 8.0003e-09 4.84068e-09 2.92239e-09 1.76065e-09 1.05872e-09 6.35498e-10 3.80827e-10 2.27859e-10 1.36135e-10 8.12234e-11 4.83983e-11 2.88037e-11 1.71224e-11 1.01673e-11 6.03105e-12 3.57396e-12 2.11591e-12 1.25157e-12 7.39667e-13 4.36778e-13 2.57716e-13 1.51948e-13 8.95224e-14 5.27066e-14 3.10104e-14 1.82334e-14 1.07141e-14 6.29195e-15 3.69284e-15 2.16617e-15 1.26996e-15 7.44143e-16 4.35816e-16 2.55115e-16 1.49266e-16 8.7294e-17 5.10284e-17 2.9816e-17 1.74142e-17 1.01666e-17 5.93303e-18 3.46103e-18 2.01822e-18 1.17644e-18 6.85514e-19 3.99308e-19 2.32515e-19 1.35346e-19 7.87591e-20 4.58158e-20 2.66437e-20 1.54896e-20 9.00236e-21 5.23053e-21 3.03816e-21 1.76422e-21 1.02418e-21 5.94409e-22 3.44888e-22 2.0006e-22 1.1602e-22 6.72661e-23 3.89902e-23 2.25949e-23 1.30908e-23 7.58264e-24 4.39114e-24 2.54237e-24 1.47165e-24 8.51688e-25 4.92793e-25 2.85075e-25 1.64879e-25 9.53425e-26 5.51217e-26 3.18621e-26 1.84139e-26 1.06398e-26 6.14676e-27 3.55041e-27 2.05038e-27 1.1839e-27 6.83471e-28 3.94505e-28 2.27673e-28 1.31371e-28 7.57914e-29 4.37189e-29 2.52146e-29 1.45401e-29 8.38329e-30 4.83279e-30 2.78559e-30 1.60536e-30 9.25052e-31
3.78067e-07 5.41168e-08 3.33246e-08 2.0445e-08 1.25014e-08 7.62105e-09 4.63314e-09 2.80958e-09 1.69982e-09 1.0262e-09 6.18305e-10 3.71854e-10 2.23253e-10 1.33821e-10 8.00931e-11 4.78687e-11 2.85712e-11 1.70317e-11 1.01408e-11 6.03105e-12 3.58301e-12 2.12647e-12 1.26081e-12 7.46855e-13 4.42016e-13 2.6138e-13 1.54437e-13 9.11792e-14 5.37915e-14 3.17117e-14 1.86821e-14 1.09988e-14 6.47117e-15 3.80499e-15 2.23596e-15 1.31318e-15 7.70803e-16 4.52197e-16 2.65146e-16 1.5539e-16 9.1022e-17 5.32923e-17 3.11875e-17 1.82433e-17 1.06668e-17 6.23424e-18 3.6421e-18 2.1269e-18 1.24157e-18 7.24488e-19 4.226e-19 2.46417e-19 1.43634e-19 8.36944e-20 4.87515e-20 2.83882e-20 1.65252e-20 9.61659e-21 5.5945e-21 3.25366e-21 1.89171e-21 1.09954e-21 6.38924e-22 3.71164e-22 2.15559e-22 1.25156e-22 7.26479e-23 4.21585e-23 2.44591e-23 1.41869e-23 8.22683e-24 4.76953e-24 2.76451e-24 1.602e-24 9.28132e-25 5.37604e-25 3.11331e-25 1.80257e-25 1.04345e-25 6.03893e-26 3.49433e-26 2.02154e-26 1.16927e-26 6.76187e-27 3.90964e-27 2.2601e-27 1.30629e-27 7.5487e-28 4.36144e-28 2.51949e-28 1.45519e-28 8.40342e-29 4.85199e-29 2.801e-29 1.61672e-29 9.33019e-30 5.38366e-30 3.10597e-30 1.79164e-30 1.03334e-30 5.95891e-31
2.1171e-07 3.09257e-08 1.9098e-08 1.17482e-08 7.20178e-09 4.40088e-09 2.68161e-09 1.62972e-09 9.8807e-10 5.97721e-10 3.60843e-10 2.17426e-10 1.30777e-10 7.85292e-11 4.70821e-11 2.81868e-11 1.68515e-11 1.00616e-11 6.00013e-12 3.57396e-12 2.12647e-12 1.2639e-12 7.50468e-13 4.45181e-13 2.63843e-13 1.56234e-13 9.24368e-14 5.4647e-14 3.22815e-14 1.90555e-14 1.12404e-14 6.62587e-15 3.90319e-15 2.29785e-15 1.35194e-15 7.9494e-16 4.67159e-16 2.74381e-16 1.61069e-16 9.45023e-17 5.54185e-17 3.2483e-17 1.90305e-17 1.11441e-17 6.523e-18 3.81645e-18 2.23197e-18 1.30478e-18 7.62456e-19 4.4537e-19 2.60053e-19 1.5179e-19 8.85658e-20 5.16578e-20 3.01201e-20 1.75562e-20 1.02297e-20 5.95872e-21 3.46983e-21 2.0199e-21 1.1755e-21 6.8389e-22 3.97764e-22 2.31282e-22 1.34443e-22 7.813e-23 4.53923e-23 2.63653e-23 1.531e-23 8.88806e-24 5.15861e-24 2.99333e-24 1.73649e-24 1.00715e-24 5.83999e-25 3.38559e-25 1.96229e-25 1.13709e-25 6.58776e-26 3.81583e-26 2.20979e-26 1.27946e-26 7.40655e-27 4.28667e-27 2.48051e-27 1.4351e-27 8.30119e-28 4.80087e-28 2.77601e-28 1.60489e-28 9.27672e-29 5.36128e-29 3.09791e-29 1.78977e-29 1.03384e-29 5.97092e-30 3.44793e-30 1.99071e-30 1.14918e-30 6.63292e-31 3.82784e-31
1.18554e-07 1.76657e-08 1.09402e-08 6.74771e-09 4.14677e-09 2.54004e-09 1.55123e-09 9.44785e-10 5.73994e-10 3.47924e-10 2.10446e-10 1.2704e-10 7.655e-11 4.60475e-11 2.76547e-11 1.65836e-11 9.93057e-12 5.93865e-12 3.54693e-12 2.11591e-12 1.26081e-12 7.50468e-13 4.4624e-13 2.65082e-13 1.5732e-13 9.32826e-14 5.52643e-14 3.27139e-14 1.93499e-14 1.14366e-14 6.75455e-15 3.98651e-15 2.35124e-15 1.38586e-15 8.16333e-16 4.80566e-16 2.82738e-16 1.66253e-16 9.77045e-17 5.73892e-17 3.36916e-17 1.97695e-17 1.15947e-17 6.79702e-18 3.98271e-18 2.33263e-18 1.3656e-18 7.99135e-19 4.67453e-19 2.73327e-19 1.59756e-19 9.33399e-20 5.45151e-20 3.1828e-20 1.85759e-20 1.08377e-20 6.32095e-21 3.68539e-21 2.14805e-21 1.25161e-21 7.29058e-22 4.24544e-22 2.47147e-22 1.43835e-22 8.36853e-23 4.86759e-23 2.83049e-23 1.64548e-23 9.56341e-24 5.55675e-24 3.2279e-24 1.87462e-24 1.08843e-24 6.31808e-25 3.66664e-25 2.12742e-25 1.23407e-25 7.15701e-26 4.14981e-26 2.40566e-26 1.39427e-26 8.07926e-27 4.68067e-27 2.71118e-27 1.57008e-27 9.09084e-28 5.26263e-28 3.04593e-28 1.76262e-28 1.01981e-28 5.89928e-29 3.41196e-29 1.97303e-29 1.14075e-29 6.59438e-30 3.81141e-30 2.20255e-30 1.27261e-30 7.35189e-31 4.24651e-31 2.45245e-31
6.63877e-08 1.00873e-08 6.26441e-09 3.87392e-09 2.38659e-09 1.46529e-09 8.96868e-10 5.47407e-10 3.33251e-10 2.02396e-10 1.22654e-10 7.41785e-11 4.47768e-11 2.69812e-11 1.62313e-11 9.74922e-12 5.84729e-12 3.50221e-12 2.09491e-12 1.25157e-12 7.46855e-13 4.45181e-13 2.65082e-13 1.57683e-13 9.37076e-14 5.56372e-14 3.30046e-14 1.95622e-14 1.15854e-14 6.85596e-15 4.05416e-15 2.39564e-15 1.41463e-15 8.34785e-16 4.92297e-16 2.90142e-16 1.70896e-16 1.00601e-16 5.91872e-17 3.48031e-17 2.0454e-17 1.20148e-17 7.05406e-18 4.13955e-18 2.42808e-18 1.42356e-18 8.34247e-19 4.88683e-19 2.8614e-19 1.67476e-19 9.79832e-20 5.73038e-20 3.35004e-20 1.95775e-20 1.14369e-20 6.6789e-21 3.89899e-21 2.27538e-21 1.32744e-21 7.74165e-22 4.51354e-22 2.63067e-22 1.5328e-22 8.92847e-23 5.19928e-23 3.02682e-23 1.76161e-23 1.02498e-23 5.96215e-24 3.4672e-24 2.01578e-24 1.17165e-24 6.80844e-25 3.95541e-25 2.29737e-25 1.33404e-25 7.74478e-26 4.49521e-26 2.60853e-26 1.51337e-26 8.77817e-27 5.09062e-27 2.95153e-27 1.71094e-27 9.916e-28 5.74582e-28 3.32877e-28 1.92811e-28 1.1166e-28 6.46526e-29 3.74277e-29 2.16632e-29 1.25365e-29 7.2536e-30 4.1962e-30 2.42709e-30 1.4036e-30 8.11574e-31 4.69184e-31 2.712e-31 1.56735e-31
3.71758e-08 5.75779e-09 3.58562e-09 2.22311e-09 1.37293e-09 8.44889e-10 5.18275e-10 3.16997e-10 1.93371e-10 1.17669e-10 7.14419e-11 4.32845e-11 2.61738e-11 1.57983e-11 9.51956e-12 5.72705e-12 3.44028e-12 2.06369e-12 1.23627e-12 7.39667e-13 4.42016e-13 2.63843e-13 1.5732e-13 9.37076e-14 5.5762e-14 3.31507e-14 1.96905e-14 1.16855e-14 6.92911e-15 4.10548e-15 2.43063e-15 1.43798e-15 8.50124e-16 5.02244e-16 2.96525e-16 1.74957e-16 1.03166e-16 6.0797e-17 3.58079e-17 2.10782e-17 1.2401e-17 7.29203e-18 4.2857e-18 2.51757e-18 1.4782e-18 8.67523e-19 5.08902e-19 2.98397e-19 1.74892e-19 1.02462e-19 6.00041e-20 3.51258e-20 2.05543e-20 1.20231e-20 7.03021e-21 4.10927e-21 2.40109e-21 1.4025e-21 8.18943e-22 4.78036e-22 2.78951e-22 1.62727e-22 9.48979e-23 5.53253e-23 3.2245e-23 1.87878e-23 1.09438e-23 6.3729e-24 3.71013e-24 2.15936e-24 1.25646e-24 7.30904e-25 4.25072e-25 2.47148e-25 1.43664e-25 8.34896e-26 4.85084e-26 2.81774e-26 1.63639e-26 9.50117e-27 5.51533e-27 3.20091e-27 1.85731e-27 1.07746e-27 6.24933e-28 3.62391e-28 2.10104e-28 1.21789e-28 7.05826e-29 4.08983e-29 2.36937e-29 1.3724e-29 7.94784e-30 4.60194e-30 2.66414e-30 1.54205e-30 8.9241e-31 5.16367e-31 2.98731e-31 1.72795e-31 9.99341e-32
2.08177e-08 3.28535e-09 2.05155e-09 1.27525e-09 7.89463e-10 4.86941e-10 2.99351e-10 1.83475e-10 1.12144e-10 6.83719e-11 4.15878e-11 2.52417e-11 1.52897e-11 9.24416e-12 5.57928e-12 3.36184e-12 2.02259e-12 1.21509e-12 7.28981e-13 4.36778e-13 2.6138e-13 1.56234e-13 9.32826e-14 5.56372e-14 3.31507e-14 1.97334e-14 1.17358e-14 6.9733e-15 4.13997e-15 2.45586e-15 1.45569e-15 8.62206e-16 5.10315e-16 3.0183e-16 1.784e-16 1.05377e-16 6.22045e-17 3.66974e-17 2.16369e-17 1.27499e-17 7.50895e-18 4.41997e-18 2.60037e-18 1.52909e-18 8.98703e-19 5.27951e-19 3.10007e-19 1.8195e-19 1.06744e-19 6.25967e-20 3.66925e-20 2.14995e-20 1.25923e-20 7.37256e-21 4.31485e-21 2.52438e-21 1.47634e-21 8.63115e-22 5.0443e-22 2.94705e-22 1.7212e-22 1.00493e-22 5.86551e-23 3.42248e-23 1.99639e-23 1.16419e-23 6.78695e-24 3.95552e-24 2.30469e-24 1.34246e-24 7.81766e-25 4.55132e-25 2.64903e-25 1.54144e-25 8.96722e-26 5.21536e-26 3.03254e-26 1.7629e-26 1.02459e-26 5.95347e-27 3.45856e-27 2.00875e-27 1.16644e-27 6.77185e-28 3.93063e-28 2.28101e-28 1.32344e-28 7.67707e-29 4.45248e-29 2.58181e-29 1.4968e-29 8.67608e-30 5.02808e-30 2.91342e-30 1.68782e-30 9.77624e-31 5.66165e-31 3.27823e-31 1.89785e-31 1.09853e-31 6.35761e-32
1.16575e-08 1.87394e-09 1.17339e-09 7.31237e-10 4.53768e-10 2.80518e-10 1.72821e-10 1.06141e-10 6.50032e-11 3.97058e-11 2.41953e-11 1.4711e-11 8.92607e-12 5.4056e-12 3.26774e-12 1.97207e-12 1.18825e-12 7.14911e-13 4.29522e-13 2.57716e-13 1.54437e-13 9.24368e-14 5.52643e-14 3.30046e-14 1.96905e-14 1.17358e-14 6.98807e-15 4.1573e-15 2.47109e-15 1.4676e-15 8.70919e-16 5.16435e-16 3.06007e-16 1.81192e-16 1.07213e-16 6.33971e-17 3.74638e-17 2.21251e-17 1.30587e-17 7.70299e-18 4.54126e-18 2.67581e-18 1.57582e-18 9.27538e-19 5.45685e-19 3.20879e-19 1.88597e-19 1.10798e-19 6.50625e-20 3.81894e-20 2.24063e-20 1.31407e-20 7.70359e-21 4.51436e-21 2.64443e-21 1.54848e-21 9.06401e-22 5.30371e-22 3.10233e-22 1.81404e-22 1.06038e-22 6.19632e-23 3.61966e-23 2.11381e-23 1.23404e-23 7.20217e-24 4.20213e-24 2.45104e-24 1.42925e-24 8.33192e-25 4.85584e-25 2.82923e-25 1.648e-25 9.597e-26 5.58732e-26 3.2521e-26 1.89243e-26 1.10096e-26 6.40353e-27 3.72364e-27 2.1648e-27 1.25826e-27 7.31187e-28 4.24807e-28 2.46754e-28 1.43299e-28 8.32023e-29 4.82991e-29 2.80321e-29 1.62662e-29 9.43701e-30 5.47393e-30 3.17455e-30 1.84071e-30 1.06711e-30 6.18523e-31 3.58447e-31 2.07691e-31 1.2032e-31 6.9692e-32 4.03604e-32
6.52799e-09 1.06853e-09 6.70883e-10 4.19139e-10 2.60713e-10 1.61533e-10 9.97285e-11 6.13739e-11 3.76596e-11 2.30464e-11 1.40688e-11 8.5688e-12 5.2079e-12 3.159e-12 1.91266e-12 1.15605e-12 6.97607e-13 4.20325e-13 2.52892e-13 1.51948e-13 9.11792e-14 5.4647e-14 3.27139e-14 1.95622e-14 1.16855e-14 6.9733e-15 4.1573e-15 2.47619e-15 1.47358e-15 8.7618e-16 5.20547e-16 3.09019e-16 1.83309e-16 1.08659e-16 6.43643e-17 3.81003e-17 2.25387e-17 1.33246e-17 7.87252e-18 4.64853e-18 2.74327e-18 1.61801e-18 9.53799e-19 5.61961e-19 3.30928e-19 1.94781e-19 1.14591e-19 6.73833e-20 3.96055e-20 2.32684e-20 1.36643e-20 8.021e-21 4.70641e-21 2.76043e-21 1.61843e-21 9.48521e-22 5.55695e-22 3.25438e-22 1.90522e-22 1.11499e-22 6.52303e-23 3.81489e-23 2.23036e-23 1.30355e-23 7.61631e-24 4.44866e-24 2.59766e-24 1.51639e-24 8.84934e-25 5.16285e-25 3.01126e-25 1.75585e-25 1.02356e-25 5.96516e-26 3.47553e-26 2.02446e-26 1.17894e-26 6.86383e-27 3.99519e-27 2.32491e-27 1.35262e-27 7.86766e-28 4.57529e-28 2.66008e-28 1.54625e-28 8.98605e-29 5.22118e-29 3.03304e-29 1.76157e-29 1.0229e-29 5.93861e-30 3.44707e-30 2.00047e-30 1.16073e-30 6.73368e-31 3.90564e-31 2.26493e-31 1.31323e-31 7.61288e-32 4.41248e-32 2.55707e-32
3.65555e-09 6.09084e-10 3.83445e-10 2.4016e-10 1.49735e-10 9.29783e-11 5.75244e-11 3.54719e-11 2.18076e-11 1.337e-11 8.17624e-12 4.98834e-12 3.03679e-12 1.845e-12 1.11881e-12 6.77252e-13 4.09283e-13 2.46956e-13 1.48791e-13 8.95224e-14 5.37915e-14 3.22815e-14 1.93499e-14 1.15854e-14 6.92911e-15 4.13997e-15 2.47109e-15 1.47358e-15 8.77939e-16 5.22612e-16 3.10838e-16 1.84731e-16 1.09702e-16 6.50974e-17 3.86014e-17 2.2874e-17 1.35454e-17 8.01608e-18 4.7409e-18 2.80219e-18 1.65531e-18 9.77272e-19 5.7665e-19 3.40077e-19 2.00455e-19 1.18096e-19 6.95415e-20 4.09302e-20 2.40792e-20 1.41594e-20 8.32254e-21 4.88968e-21 2.8716e-21 1.68573e-21 9.89195e-22 5.80237e-22 3.40223e-22 1.99417e-22 1.16843e-22 6.84365e-23 4.00703e-23 2.34537e-23 1.37232e-23 8.02708e-24 4.69377e-24 2.74379e-24 1.60342e-24 9.36729e-25 5.47082e-25 3.19423e-25 1.86448e-25 1.088e-25 6.34719e-26 3.70185e-26 2.15845e-26 1.25821e-26 7.33257e-27 4.27219e-27 2.4885e-27 1.44918e-27 8.43732e-28 4.91118e-28 2.85804e-28 1.66285e-28 9.67259e-29 5.6252e-29 3.2707e-29 1.90131e-29 1.10503e-29 6.42106e-30 3.73038e-30 2.16677e-30 1.25831e-30 7.30603e-31 4.24123e-31 2.46162e-31 1.42847e-31 8.28788e-32 4.8077e-32 2.7884e-32 1.61696e-32
2.04703e-09 3.47083e-10 2.19087e-10 1.37559e-10 8.5965e-11 5.34972e-11 3.31668e-11 2.04925e-11 1.26223e-11 7.75264e-12 4.74929e-12 2.90243e-12 1.76981e-12 1.07694e-12 6.5406e-13 3.96513e-13 2.39972e-13 1.45001e-13 8.74835e-14 5.27066e-14 3.17117e-14 1.90555e-14 1.14366e-14 6.85596e-15 4.10548e-15 2.45586e-15 1.4676e-15 8.7618e-16 5.22612e-16 3.11446e-16 1.85446e-16 1.10331e-16 6.55898e-17 3.89625e-17 2.31281e-17 1.37192e-17 8.13245e-18 4.81758e-18 2.85207e-18 1.68742e-18 9.97765e-19 5.89633e-19 3.48251e-19 2.05573e-19 1.21286e-19 7.15205e-20 4.21536e-20 2.48329e-20 1.46223e-20 8.60604e-21 5.06287e-21 2.97714e-21 1.74992e-21 1.02815e-21 6.03834e-22 3.54492e-22 2.08031e-22 1.22035e-22 7.15621e-23 4.19492e-23 2.45816e-23 1.43995e-23 8.43213e-24 4.9361e-24 2.88862e-24 1.68989e-24 9.88305e-25 5.77818e-25 3.37724e-25 1.97336e-25 1.15272e-25 6.73165e-26 3.93005e-26 2.2938e-26 1.33844e-26 7.80779e-27 4.5535e-27 2.65493e-27 1.54758e-27 9.01877e-28 5.25457e-28 3.06073e-28 1.78243e-28 1.03777e-28 6.04075e-29 3.51549e-29 2.04544e-29 1.18985e-29 6.92006e-30 4.0238e-30 2.33924e-30 1.35964e-30 7.90113e-31 4.59059e-31 2.66665e-31 1.54874e-31 8.99317e-32 5.22115e-32 3.03068e-32 1.75889e-32 1.02061e-32
1.1463e-09 1.97724e-10 1.25139e-10 7.8765e-11 4.9336e-11 3.07692e-11 1.91152e-11 1.18337e-11 7.30255e-12 4.49328e-12 2.75734e-12 1.68789e-12 1.03088e-12 6.28273e-13 3.82146e-13 2.3201e-13 1.40614e-13 8.50832e-14 5.14033e-14 3.10104e-14 1.86821e-14 1.12404e-14 6.75455e-15 4.05416e-15 2.43063e-15 1.45569e-15 8.70919e-16 5.20547e-16 3.10838e-16 1.85446e-16 1.10541e-16 6.58372e-17 3.91805e-17 2.32988e-17 1.38444e-17 8.22063e-18 4.87791e-18 2.89249e-18 1.71407e-18 1.01511e-18 6.00805e-19 3.55385e-19 2.10095e-19 1.24134e-19 7.33052e-20 4.32664e-20 2.55238e-20 1.50496e-20 8.86943e-21 5.22472e-21 3.07633e-21 1.81054e-21 1.06511e-21 6.26325e-22 3.6815e-22 2.16309e-22 1.27044e-22 7.45873e-23 4.37737e-23 2.56804e-23 1.50604e-23 8.82909e-24 5.17425e-24 3.03132e-24 1.77531e-24 1.03938e-24 6.08331e-25 3.55934e-25 2.08193e-25 1.21741e-25 7.11666e-26 4.15904e-26 2.4299e-26 1.41926e-26 8.28743e-27 4.83795e-27 2.82351e-27 1.64742e-27 9.60975e-28 5.60417e-28 3.26741e-28 1.90455e-28 1.10989e-28 6.46645e-29 3.76663e-29 2.19352e-29 1.27713e-29 7.43422e-30 4.32655e-30 2.51742e-30 1.46447e-30 8.5176e-31 4.95297e-31 2.87957e-31 1.67381e-31 9.72748e-32 5.65213e-32 3.28354e-32 1.90719e-32 1.10755e-32 6.4307e-33
6.41906e-10 1.12605e-10 7.14551e-11 4.50852e-11 2.83045e-11 1.76905e-11 1.10125e-11 6.83072e-12 4.22302e-12 2.60304e-12 1.6001e-12 9.81101e-13 6.00157e-13 3.6633e-13 2.23152e-13 1.35677e-13 8.23457e-14 4.98945e-14 3.01844e-14 1.82334e-14 1.09988e-14 6.62587e-15 3.98651e-15 2.39564e-15 1.43798e-15 8.62206e-16 5.16435e-16 3.09019e-16 1.84731e-16 1.10331e-16 6.58372e-17 3.92534e-17 2.33845e-17 1.392e-17 8.27984e-18 4.92138e-18 2.92311e-18 1.73503e-18 1.02916e-18 6.10075e-19 3.61421e-19 2.13985e-19 1.2662e-19 7.48816e-20 4.42599e-20 2.61465e-20 1.54381e-20 9.11076e-21 5.37407e-21 3.16843e-21 1.86717e-21 1.09983e-21 6.47558e-22 3.81104e-22 2.24195e-22 1.31835e-22 7.74926e-23 4.55324e-23 2.67433e-23 1.57017e-23 9.21556e-24 5.4068e-24 3.17108e-24 1.8592e-24 1.08968e-24 6.38452e-25 3.73954e-25 2.18964e-25 1.28172e-25 7.50031e-26 4.38771e-26 2.56608e-26 1.5003e-26 8.76929e-27 5.12426e-27 2.9935e-27 1.74829e-27 1.02078e-27 5.95857e-28 3.47729e-28 2.02877e-28 1.18337e-28 6.90082e-29 4.02328e-29 2.34508e-29 1.36659e-29 7.96197e-30 4.63774e-30 2.70084e-30 1.57252e-30 9.15387e-31 5.32748e-31 3.09992e-31 1.8034e-31 1.04893e-31 6.09979e-32 3.54651e-32 2.0616e-32 1.19819e-32 6.96254e-33 4.04511e-33
3.59455e-10 6.41117e-11 4.07892e-11 2.57987e-11 1.62331e-11 1.01674e-11 6.34206e-12 3.94131e-12 2.44113e-12 1.50733e-12 9.2812e-13 5.70001e-13 3.49226e-13 2.13487e-13 1.30238e-13 7.92986e-14 4.81953e-14 2.92419e-14 1.77137e-14 1.07141e-14 6.47117e-15 3.90319e-15 2.35124e-15 1.41463e-15 8.50124e-16 5.10315e-16 3.06007e-16 1.83309e-16 1.09702e-16 6.55898e-17 3.91805e-17 2.33845e-17 1.39453e-17 8.30957e-18 4.94761e-18 2.94367e-18 1.75014e-18 1.03981e-18 6.17366e-19 3.66311e-19 2.17212e-19 1.28722e-19 7.62373e-20 4.51265e-20 2.66965e-20 1.57849e-20 9.32823e-21 5.5098e-21 3.25279e-21 1.9194e-21 1.13206e-21 6.67382e-22 3.93265e-22 2.31635e-22 1.36376e-22 8.02589e-23 4.72139e-23 2.77635e-23 1.63196e-23 9.58918e-24 5.63237e-24 3.30707e-24 1.94107e-24 1.1389e-24 6.68014e-25 3.91687e-25 2.29589e-25 1.34531e-25 7.88061e-26 4.6149e-26 2.70168e-26 1.58116e-26 9.2511e-27 5.41111e-27 3.16415e-27 1.84973e-27 1.08105e-27 6.31631e-28 3.68952e-28 2.15459e-28 1.25791e-28 7.34223e-29 4.2845e-29 2.49959e-29 1.45792e-29 8.50159e-30 4.9564e-30 2.88892e-30 1.68348e-30 9.80815e-31 5.71311e-31 3.32711e-31 1.93718e-31 1.12768e-31 6.56315e-32 3.81903e-32 2.22182e-32 1.29235e-32 7.51572e-33 4.36997e-33 2.54042e-33
