0.348926 0.0656789 0.0341594 0.0193462 0.0111937 0.00644073 0.00365473 0.00204369 0.00112814 0.000616081 0.000333498 0.000179232 9.57514e-05 5.08981e-05 2.6941e-05 1.42082e-05 7.46943e-06 3.91583e-06 2.0478e-06 1.06854e-06 5.56463e-07 2.89268e-07 1.50126e-07 7.77968e-08 4.02593e-08 2.08064e-08 1.07381e-08 5.53147e-09 2.83787e-09 1.43776e-09 7.39403e-10
0.0656789 0.0170227 0.00850212 0.00415085 0.0019895 0.000946428 0.000450039 0.000214656 0.000102832 4.94861e-05 2.3915e-05 1.16007e-05 5.6456e-06 2.75518e-06 1.34782e-06 6.6071e-07 3.24464e-07 1.59587e-07 7.85991e-08 3.87575e-08 1.91316e-08 9.45258e-09 4.67424e-09 2.31307e-09 1.14534e-09 5.67371e-10 2.81028e-10 1.38936e-10 6.81391e-11 3.24412e-11 1.61204e-11
0.0341594 0.00850212 0.00355212 0.00157297 0.000714409 0.000329418 0.000153689 7.24184e-05 3.44123e-05 1.64681e-05 7.92721e-06 3.83441e-06 1.86216e-06 9.07368e-07 4.43366e-07 2.17153e-07 1.06571e-07 5.23913e-08 2.57944e-08 1.27161e-08 6.27583e-09 3.10043e-09 1.53304e-09 7.586e-10 3.75607e-10 1.86024e-10 9.20649e-11 4.53842e-11 2.20495e-11 1.08568e-11 5.39573e-12
0.0193462 0.00415085 0.00157297 0.000651937 0.000284104 0.000127668 5.85849e-05 2.73007e-05 1.28727e-05 6.12556e-06 2.93609e-06 1.41549e-06 6.85602e-07 3.33348e-07 1.62591e-07 7.95134e-08 3.89719e-08 1.91376e-08 9.41305e-09 4.63646e-09 2.28653e-09 1.12884e-09 5.57826e-10 2.75873e-10 1.3651e-10 6.755e-11 3.33718e-11 1.63768e-11 8.09759e-12 3.9867e-12 1.98078e-12
0.0111937 0.0019895 0.000714409 0.000284104 0.000120382 5.31045e-05 2.40679e-05 1.11187e-05 5.20942e-06 2.46691e-06 1.17786e-06 5.66045e-07 2.73437e-07 1.32644e-07 6.45682e-08 3.15209e-08 1.54251e-08 7.56404e-09 3.71574e-09 1.8281e-09 9.00597e-10 4.44186e-10 2.19298e-10 1.08358e-10 5.35676e-11 2.64724e-11 1.30471e-11 6.45513e-12 3.19077e-12 1.57043e-12 7.79839e-13
0.00644073 0.000946428 0.000329418 0.000127668 5.31045e-05 2.31294e-05 1.03895e-05 4.76852e-06 2.22304e-06 1.0485e-06 4.98957e-07 2.39101e-07 1.15214e-07 5.57675e-08 2.70929e-08 1.32027e-08 6.45048e-09 3.15845e-09 1.54944e-09 7.61351e-10 3.74637e-10 1.84575e-10 9.10326e-11 4.49345e-11 2.21885e-11 1.09487e-11 5.41378e-12 2.67713e-12 1.32266e-12 6.50719e-13 3.22919e-13
0.00365473 0.000450039 0.000153689 5.85849e-05 2.40679e-05 1.03895e-05 4.63656e-06 2.11748e-06 9.83212e-07 4.62187e-07 2.1931e-07 1.04827e-07 5.03978e-08 2.43442e-08 1.18048e-08 5.74282e-09 2.80138e-09 1.3697e-09 6.71029e-10 3.29312e-10 1.61855e-10 7.9655e-11 3.92445e-11 1.93508e-11 9.54416e-12 4.71388e-12 2.32934e-12 1.15117e-12 5.68427e-13 2.79526e-13 1.38619e-13
0.00204369 0.000214656 7.24184e-05 2.73007e-05 1.11187e-05 4.76852e-06 2.11748e-06 9.63194e-07 4.45755e-07 2.08938e-07 9.88901e-08 4.716e-08 2.26262e-08 1.09087e-08 5.28054e-09 2.56475e-09 1.24924e-09 6.09954e-10 2.98439e-10 1.46285e-10 7.18173e-11 3.53062e-11 1.73767e-11 8.55926e-12 4.22111e-12 2.08327e-12 1.02873e-12 5.08076e-13 2.50734e-13 1.23243e-13 6.10759e-14
0.00112814 0.000102832 3.44123e-05 1.28727e-05 5.20942e-06 2.22304e-06 9.83212e-07 4.45755e-07 2.05699e-07 9.61724e-08 4.54142e-08 2.16127e-08 1.03494e-08 4.98096e-09 2.40722e-09 1.16743e-09 5.67834e-10 2.76891e-10 1.35313e-10 6.62504e-11 3.24902e-11 1.59562e-11 7.84545e-12 3.86227e-12 1.90322e-12 9.38615e-13 4.63174e-13 2.28609e-13 1.12753e-13 5.53966e-14 2.74354e-14
0.000616081 4.94861e-05 1.64681e-05 6.12556e-06 2.46691e-06 1.0485e-06 4.62187e-07 2.08938e-07 9.61724e-08 4.48615e-08 2.11402e-08 1.00414e-08 4.79998e-09 2.30637e-09 1.11295e-09 5.38987e-10 2.6182e-10 1.27515e-10 6.22435e-11 3.04423e-11 1.49142e-11 7.31748e-12 3.59519e-12 1.76845e-12 8.70776e-13 4.29134e-13 2.1162e-13 1.04385e-13 5.14553e-14 2.52696e-14 1.25072e-14
0.000333498 2.3915e-05 7.92721e-06 2.93609e-06 1.17786e-06 4.98957e-07 2.1931e-07 9.88901e-08 4.54142e-08 2.11402e-08 9.94294e-09 4.71449e-09 2.24993e-09 1.07945e-09 5.20161e-10 2.51578e-10 1.22058e-10 5.93783e-11 2.89532e-11 1.41463e-11 6.92391e-12 3.3943e-12 1.66629e-12 8.19e-13 4.02976e-13 1.98457e-13 9.7803e-14 4.82141e-14 2.37538e-14 1.16607e-14 5.76811e-15
0.000179232 1.16007e-05 3.83441e-06 1.41549e-06 5.66045e-07 2.39101e-07 1.04827e-07 4.716e-08 2.16127e-08 1.00414e-08 4.71449e-09 2.23175e-09 1.06347e-09 5.09501e-10 2.45195e-10 1.18445e-10 5.74004e-11 2.7894e-11 1.35876e-11 6.6325e-12 3.24349e-12 1.58873e-12 7.79311e-13 3.82755e-13 1.88198e-13 9.26224e-14 4.56178e-14 2.24755e-14 1.10674e-14 5.43083e-15 2.68496e-15
9.57514e-05 5.6456e-06 1.86216e-06 6.85602e-07 2.73437e-07 1.15214e-07 5.03978e-08 2.26262e-08 1.03494e-08 4.79998e-09 2.24993e-09 1.06347e-09 5.06047e-10 2.42127e-10 1.1638e-10 5.61551e-11 2.71846e-11 1.31972e-11 6.42252e-12 3.13228e-12 1.5305e-12 7.49084e-13 3.67171e-13 1.80208e-13 8.85481e-14 4.35522e-14 2.14375e-14 1.05563e-14 5.19564e-15 2.54857e-15 1.25934e-15
5.08981e-05 2.75518e-06 9.07368e-07 3.33348e-07 1.32644e-07 5.57675e-08 2.43442e-08 1.09087e-08 4.98096e-09 2.30637e-09 1.07945e-09 5.09501e-10 2.42127e-10 1.15709e-10 5.55529e-11 2.67764e-11 1.29495e-11 6.28063e-12 3.05382e-12 1.48812e-12 7.26556e-13 3.5534e-13 1.74051e-13 8.53678e-14 4.19204e-14 2.06063e-14 1.01373e-14 4.98924e-15 2.45447e-15 1.20354e-15 5.94418e-16
2.6941e-05 1.34782e-06 4.43366e-07 1.62591e-07 6.45682e-08 2.70929e-08 1.18048e-08 5.28054e-09 2.40722e-09 1.11295e-09 5.20161e-10 2.45195e-10 1.1638e-10 5.55529e-11 2.66431e-11 1.28291e-11 6.19851e-12 3.0037e-12 1.45927e-12 7.1054e-13 3.46656e-13 1.69421e-13 8.29301e-14 4.06495e-14 1.99493e-14 9.80069e-15 4.8189e-15 2.37053e-15 1.16567e-15 5.7139e-16 2.82071e-16
1.42082e-05 6.6071e-07 2.17153e-07 7.95134e-08 3.15209e-08 1.32027e-08 5.74282e-09 2.56475e-09 1.16743e-09 5.38987e-10 2.51578e-10 1.18445e-10 5.61551e-11 2.67764e-11 1.28291e-11 6.17162e-12 2.97926e-12 1.4425e-12 7.00254e-13 3.40711e-13 1.66108e-13 8.11283e-14 3.96865e-14 1.94414e-14 9.53571e-15 4.68217e-15 2.30101e-15 1.13139e-15 5.56107e-16 2.72504e-16 1.34463e-16
7.46943e-06 3.24464e-07 1.06571e-07 3.89719e-08 1.54251e-08 6.45048e-09 2.80138e-09 1.24924e-09 5.67834e-10 2.6182e-10 1.22058e-10 5.74004e-11 2.71846e-11 1.29495e-11 6.19851e-12 2.97926e-12 1.437e-12 6.95223e-13 3.37242e-13 1.63971e-13 7.98886e-14 3.89935e-14 1.90635e-14 9.3334e-15 4.57543e-15 2.24545e-15 1.10297e-15 5.42079e-16 2.66338e-16 1.30471e-16 6.43513e-17
3.91583e-06 1.59587e-07 5.23913e-08 1.91376e-08 7.56404e-09 3.15845e-09 1.3697e-09 6.09954e-10 2.76891e-10 1.27515e-10 5.93783e-11 2.7894e-11 1.31972e-11 6.28063e-12 3.0037e-12 1.4425e-12 6.95223e-13 3.36101e-13 1.62924e-13 7.9163e-14 3.85448e-14 1.88024e-14 9.18707e-15 4.49551e-15 2.20266e-15 1.08046e-15 5.30479e-16 2.60602e-16 1.27991e-16 6.26803e-17 3.09028e-17
2.0478e-06 7.85991e-08 2.57944e-08 9.41305e-09 3.71574e-09 1.54944e-09 6.71029e-10 2.98439e-10 1.35313e-10 6.22435e-11 2.89532e-11 1.35876e-11 6.42252e-12 3.05382e-12 1.45927e-12 7.00254e-13 3.37242e-13 1.62924e-13 7.8924e-14 3.83243e-14 1.86491e-14 9.09199e-15 4.44005e-15 2.17153e-15 1.06346e-15 5.21409e-16 2.55887e-16 1.25655e-16 6.16905e-17 3.02027e-17 1.48847e-17
1.06854e-06 3.87575e-08 1.27161e-08 4.63646e-09 1.8281e-09 7.61351e-10 3.29312e-10 1.46285e-10 6.62504e-11 3.04423e-11 1.41463e-11 6.6325e-12 3.13228e-12 1.48812e-12 7.1054e-13 3.40711e-13 1.63971e-13 7.9163e-14 3.83243e-14 1.85986e-14 9.04517e-15 4.4074e-15 2.15123e-15 1.0516e-15 5.14759e-16 2.52271e-16 1.23752e-16 6.07451e-17 2.98124e-17 1.45917e-17 7.18849e-18
5.56463e-07 1.91316e-08 6.27583e-09 2.28653e-09 9.00597e-10 3.74637e-10 1.61855e-10 7.18173e-11 3.24902e-11 1.49142e-11 6.92391e-12 3.24349e-12 1.5305e-12 7.26556e-13 3.46656e-13 1.66108e-13 7.98886e-14 3.85448e-14 1.86491e-14 9.04517e-15 4.39662e-15 2.14122e-15 1.0446e-15 5.10402e-16 2.49729e-16 1.22334e-16 5.99871e-17 2.94341e-17 1.44407e-17 7.06615e-18 3.47983e-18
2.89268e-07 9.45258e-09 3.10043e-09 1.12884e-09 4.44186e-10 1.84575e-10 7.9655e-11 3.53062e-11 1.59562e-11 7.31748e-12 3.3943e-12 1.58873e-12 7.49084e-13 3.5534e-13 1.69421e-13 8.11283e-14 3.89935e-14 1.88024e-14 9.09199e-15 4.4074e-15 2.14122e-15 1.04229e-15 5.08248e-16 2.48223e-16 1.21398e-16 5.94447e-17 2.91376e-17 1.42919e-17 7.00943e-18 3.42901e-18 1.68808e-18
1.50126e-07 4.67424e-09 1.53304e-09 5.57826e-10 2.19298e-10 9.10326e-11 3.92445e-11 1.73767e-11 7.84545e-12 3.59519e-12 1.66629e-12 7.79311e-13 3.67171e-13 1.74051e-13 8.29301e-14 3.96865e-14 1.90635e-14 9.18707e-15 4.44005e-15 2.15123e-15 1.0446e-15 5.08248e-16 2.47724e-16 1.20934e-16 5.91207e-17 2.89381e-17 1.41791e-17 6.95237e-18 3.4087e-18 1.66713e-18 8.20444e-19
7.77968e-08 2.31307e-09 7.586e-10 2.75873e-10 1.08358e-10 4.49345e-11 1.93508e-11 8.55926e-12 3.86227e-12 1.76845e-12 8.19e-13 3.82755e-13 1.80208e-13 8.53678e-14 4.06495e-14 1.94414e-14 9.3334e-15 4.49551e-15 2.17153e-15 1.0516e-15 5.10402e-16 2.48223e-16 1.20934e-16 5.9013e-17 2.88383e-17 1.41103e-17 6.91132e-18 3.38765e-18 1.66044e-18 8.11898e-19 3.99431e-19
4.02593e-08 1.14534e-09 3.75607e-10 1.3651e-10 5.35676e-11 2.21885e-11 9.54416e-12 4.22111e-12 1.90322e-12 8.70776e-13 4.02976e-13 1.88198e-13 8.85481e-14 4.19204e-14 1.99493e-14 9.53571e-15 4.57543e-15 2.20266e-15 1.06346e-15 5.14759e-16 2.49729e-16 1.21398e-16 5.91207e-17 2.88383e-17 1.40873e-17 6.89031e-18 3.37376e-18 1.65314e-18 8.10042e-19 3.95995e-19 1.94759e-19
2.08064e-08 5.67371e-10 1.86024e-10 6.755e-11 2.64724e-11 1.09487e-11 4.71388e-12 2.08327e-12 9.38615e-13 4.29134e-13 1.98457e-13 9.26224e-14 4.35522e-14 2.06063e-14 9.80069e-15 4.68217e-15 2.24545e-15 1.08046e-15 5.21409e-16 2.52271e-16 1.22334e-16 5.94447e-17 2.89381e-17 1.41103e-17 6.89031e-18 3.36899e-18 1.64904e-18 8.07783e-19 3.95704e-19 1.93401e-19 9.50905e-20
1.07381e-08 2.81028e-10 9.20649e-11 3.33718e-11 1.30471e-11 5.41378e-12 2.32934e-12 1.02873e-12 4.63174e-13 2.1162e-13 9.7803e-14 4.56178e-14 2.14375e-14 1.01373e-14 4.8189e-15 2.30101e-15 1.10297e-15 5.30479e-16 2.55887e-16 1.23752e-16 5.99871e-17 2.91376e-17 1.41791e-17 6.91132e-18 3.37376e-18 1.64904e-18 8.06915e-19 3.9515e-19 1.93518e-19 9.45629e-20 4.64811e-20
5.53147e-09 1.38936e-10 4.53842e-11 1.63768e-11 6.45513e-12 2.67713e-12 1.15117e-12 5.08076e-13 2.28609e-13 1.04385e-13 4.82141e-14 2.24755e-14 1.05563e-14 4.98924e-15 2.37053e-15 1.13139e-15 5.42079e-16 2.60602e-16 1.25655e-16 6.07451e-17 2.94341e-17 1.42919e-17 6.95237e-18 3.38765e-18 1.65314e-18 8.07783e-19 3.9515e-19 1.93453e-19 9.47163e-20 4.62743e-20 2.27394e-20
2.83787e-09 6.81391e-11 2.20495e-11 8.09759e-12 3.19077e-12 1.32266e-12 5.68427e-13 2.50734e-13 1.12753e-13 5.14553e-14 2.37538e-14 1.10674e-14 5.19564e-15 2.45447e-15 1.16567e-15 5.56107e-16 2.66338e-16 1.27991e-16 6.16905e-17 2.98124e-17 1.44407e-17 7.00943e-18 3.4087e-18 1.66044e-18 8.10042e-19 3.95704e-19 1.93518e-19 9.47163e-20 4.63632e-20 2.26471e-20 1.11262e-20
1.43776e-09 3.24412e-11 1.08568e-11 3.9867e-12 1.57043e-12 6.50719e-13 2.79526e-13 1.23243e-13 5.53966e-14 2.52696e-14 1.16607e-14 5.43083e-15 2.54857e-15 1.20354e-15 5.7139e-16 2.72504e-16 1.30471e-16 6.26803e-17 3.02027e-17 1.45917e-17 7.06615e-18 3.42901e-18 1.66713e-18 8.11898e-19 3.95995e-19 1.93401e-19 9.45629e-20 4.62743e-20 2.26471e-20 1.1061e-20 5.43309e-21
7.39403e-10 1.61204e-11 5.39573e-12 1.98078e-12 7.79839e-13 3.22919e-13 1.38619e-13 6.10759e-14 2.74354e-14 1.25072e-14 5.76811e-15 2.68496e-15 1.25934e-15 5.94418e-16 2.82071e-16 1.34463e-16 6.43513e-17 3.09028e-17 1.48847e-17 7.18849e-18 3.47983e-18 1.68808e-18 8.20444e-19 3.99431e-19 1.94759e-19 9.50905e-20 4.64811e-20 2.27394e-20 1.11262e-20 5.43309e-21 2.66801e-21
