0.528827 0.0442748 0.0287238 0.0186349 0.0120896 0.00784324 0.00508839 0.00330115 0.00214166 0.00138942 0.000901404 0.000584796 0.000379393 0.000246135 0.000159683 0.000103596 6.72091e-05 4.36027e-05 2.82877e-05 1.8352e-05 1.1906e-05 7.72418e-06 5.01114e-06 3.25104e-06 2.10915e-06 1.36833e-06 8.8772e-07 5.75918e-07 3.73633e-07 2.42399e-07 1.57259e-07 1.02023e-07 6.61888e-08 4.29407e-08 2.78583e-08 1.80734e-08 1.17253e-08 7.60691e-09 4.93507e-09 3.20168e-09 2.07713e-09 1.34756e-09 8.74244e-10 5.67175e-10 3.67961e-10 2.38719e-10 1.54872e-10 1.00475e-10 6.5184e-11 4.22888e-11 2.74354e-11 1.7799e-11 1.15473e-11 7.49143e-12 4.86015e-12 3.15308e-12 2.04559e-12 1.3271e-12 8.60972e-13 5.58565e-13 3.62375e-13 2.35095e-13 1.5252e-13 9.89493e-14 6.41945e-14 4.16469e-14 2.70189e-14 1.75288e-14 1.1372e-14 7.37771e-15 4.78637e-15 3.10521e-15 2.01454e-15 1.30695e-15 8.47901e-16 5.50085e-16 3.56874e-16 2.31526e-16 1.50205e-16 9.74471e-17 6.32199e-17 4.10146e-17 2.66087e-17 1.72627e-17 1.11994e-17 7.26571e-18 4.71371e-18 3.05807e-18 1.98396e-18 1.28711e-18 8.35029e-19 5.41734e-19 3.51456e-19 2.28011e-19 1.47925e-19 9.59678e-20 6.22602e-20 4.0392e-20 2.62047e-20 1.70006e-20 1.10293e-20
0.0442748 0.016044 0.0114407 0.00809174 0.00568394 0.0039693 0.00275794 0.00190784 0.00131468 0.000902827 0.000618104 0.000422011 0.000287415 0.000195306 0.000132444 8.96463e-05 6.05736e-05 4.08643e-05 2.75275e-05 1.85181e-05 1.24415e-05 8.34909e-06 5.5966e-06 3.74765e-06 2.50711e-06 1.67567e-06 1.119e-06 7.46657e-07 4.97825e-07 3.31678e-07 2.2083e-07 1.46931e-07 9.77011e-08 6.49273e-08 4.31232e-08 2.8626e-08 1.89927e-08 1.2595e-08 8.34844e-09 5.53117e-09 3.66303e-09 2.42484e-09 1.60455e-09 1.06135e-09 7.01781e-10 4.63864e-10 3.06501e-10 2.02456e-10 1.33687e-10 8.82504e-11 5.82391e-11 3.84227e-11 2.5342e-11 1.671e-11 1.10154e-11 7.25966e-12 4.78328e-12 3.15088e-12 2.0751e-12 1.36631e-12 8.99429e-13 5.91961e-13 3.89521e-13 2.56261e-13 1.68558e-13 1.1085e-13 7.2886e-14 4.79154e-14 3.14942e-14 2.06973e-14 1.35995e-14 8.93441e-15 5.86867e-15 3.85432e-15 2.53099e-15 1.66177e-15 1.09092e-15 7.16061e-16 4.69949e-16 3.08385e-16 2.0234e-16 1.32744e-16 8.70749e-17 5.7111e-17 3.74537e-17 2.45596e-17 1.61026e-17 1.05566e-17 6.92001e-18 4.53567e-18 2.97257e-18 1.94795e-18 1.27638e-18 8.36257e-19 5.47845e-19 3.58869e-19 2.35057e-19 1.53947e-19 1.00816e-19 6.60164e-20 4.32251e-20
0.0287238 0.0114407 0.00846569 0.0061932 0.00448829 0.00322712 0.00230474 0.00163645 0.00115605 0.000813027 0.000569513 0.000397514 0.000276571 0.000191864 0.000132748 9.16233e-05 6.30976e-05 4.33634e-05 2.97442e-05 2.03663e-05 1.3922e-05 9.50204e-06 6.47595e-06 4.40756e-06 2.99596e-06 2.03399e-06 1.37932e-06 9.34355e-07 6.32285e-07 4.27455e-07 2.88712e-07 1.9483e-07 1.31365e-07 8.85028e-08 5.95798e-08 4.00794e-08 2.69425e-08 1.80992e-08 1.21506e-08 8.15207e-09 5.46608e-09 3.66296e-09 2.45328e-09 1.64221e-09 1.09872e-09 7.34726e-10 4.91083e-10 3.28081e-10 2.19084e-10 1.46235e-10 9.7568e-11 6.50706e-11 4.33799e-11 2.89085e-11 1.92575e-11 1.28237e-11 8.53642e-12 5.68051e-12 3.7788e-12 2.51293e-12 1.67058e-12 1.11025e-12 7.37639e-13 4.89937e-13 3.25321e-13 2.15955e-13 1.43317e-13 9.50856e-14 6.30697e-14 4.18232e-14 2.77272e-14 1.83777e-14 1.21779e-14 8.06781e-15 5.34368e-15 3.53858e-15 2.34275e-15 1.55071e-15 1.02623e-15 6.79001e-16 4.49171e-16 2.97077e-16 1.96446e-16 1.29878e-16 8.58522e-17 5.67399e-17 3.74929e-17 2.47705e-17 1.63624e-17 1.08066e-17 7.13609e-18 4.71152e-18 3.11025e-18 2.05287e-18 1.35476e-18 8.93923e-19 5.89758e-19 3.89032e-19 2.56588e-19 1.6921e-19 1.11573e-19
0.0186349 0.00809174 0.0061932 0.00467 0.00347923 0.00256635 0.00187713 0.00136314 0.00098373 0.00070604 0.000504283 0.000358623 0.000254044 0.000179328 0.000126181 8.85244e-05 6.19385e-05 4.32292e-05 3.01018e-05 2.09159e-05 1.45042e-05 1.00392e-05 6.9365e-06 4.78486e-06 3.29552e-06 2.26644e-06 1.55655e-06 1.0676e-06 7.31338e-07 5.00394e-07 3.41992e-07 2.33482e-07 1.59238e-07 1.08496e-07 7.38537e-08 5.02275e-08 3.41299e-08 2.31724e-08 1.57202e-08 1.06565e-08 7.2186e-09 4.88632e-09 3.30531e-09 2.23438e-09 1.50947e-09 1.01911e-09 6.87642e-10 4.63715e-10 3.12534e-10 2.10527e-10 1.4174e-10 9.5379e-11 6.41504e-11 4.31259e-11 2.89784e-11 1.94631e-11 1.30665e-11 8.7684e-12 5.88166e-12 3.94369e-12 2.64323e-12 1.77091e-12 1.18604e-12 7.94032e-13 5.31402e-13 3.55514e-13 2.37762e-13 1.58958e-13 1.06239e-13 7.09813e-14 4.741e-14 3.16566e-14 2.11315e-14 1.41016e-14 9.40774e-15 6.27451e-15 4.18366e-15 2.7888e-15 1.85851e-15 1.23822e-15 8.24757e-16 5.49219e-16 3.65646e-16 2.43373e-16 1.61951e-16 1.07745e-16 7.16658e-17 4.76576e-17 3.16853e-17 2.10617e-17 1.39971e-17 9.30024e-18 6.17822e-18 4.10343e-18 2.72487e-18 1.8091e-18 1.20088e-18 7.96995e-19 5.28851e-19 3.5086e-19 2.32733e-19
0.0120896 0.00568394 0.00448829 0.00347923 0.00265766 0.00200585 0.00149879 0.0011104 0.000816625 0.000596731 0.000433586 0.000313459 0.000225592 0.000161692 0.000115463 8.21718e-05 5.82974e-05 4.12408e-05 2.90971e-05 2.04785e-05 1.43796e-05 1.00753e-05 7.04521e-06 4.91705e-06 3.42562e-06 2.38254e-06 1.65443e-06 1.14709e-06 7.94191e-07 5.49108e-07 3.79163e-07 2.6149e-07 1.80123e-07 1.23935e-07 8.51812e-08 5.84849e-08 4.01153e-08 2.74891e-08 1.88196e-08 1.28729e-08 8.7977e-09 6.00766e-09 4.09918e-09 2.79483e-09 1.90411e-09 1.29633e-09 8.81943e-10 5.99616e-10 4.07402e-10 2.7663e-10 1.8772e-10 1.2731e-10 8.62912e-11 5.84556e-11 3.95776e-11 2.6782e-11 1.8114e-11 1.22452e-11 8.27384e-12 5.58781e-12 3.77203e-12 2.54514e-12 1.71656e-12 1.15723e-12 7.79822e-13 5.25286e-13 3.53689e-13 2.38055e-13 1.60165e-13 1.0772e-13 7.24216e-14 4.86725e-14 3.26999e-14 2.19615e-14 1.47446e-14 9.89601e-15 6.6397e-15 4.45349e-15 2.9862e-15 2.00173e-15 1.34142e-15 8.98662e-16 6.01873e-16 4.02988e-16 2.6975e-16 1.80515e-16 1.20767e-16 8.07744e-17 5.40117e-17 3.61071e-17 2.41319e-17 1.61244e-17 1.07715e-17 7.19391e-18 4.80347e-18 3.20661e-18 2.14014e-18 1.42805e-18 9.52689e-19 6.3543e-19 4.23734e-19
0.00784324 0.0039693 0.00322712 0.00256635 0.00200585 0.00154599 0.00117784 0.000888629 0.000664827 0.000493773 0.000364384 0.000267372 0.000195189 0.00014184 0.000102642 7.39937e-05 5.31552e-05 3.80624e-05 2.71738e-05 1.93464e-05 1.37382e-05 9.73222e-06 6.87876e-06 4.85161e-06 3.41501e-06 2.39925e-06 1.68261e-06 1.17803e-06 8.23435e-07 5.74696e-07 4.00511e-07 2.78731e-07 1.93723e-07 1.3447e-07 9.32268e-08 6.4558e-08 4.46553e-08 3.08553e-08 2.1298e-08 1.46863e-08 1.01175e-08 6.96356e-09 4.78853e-09 3.29002e-09 2.25857e-09 1.54924e-09 1.06186e-09 7.27254e-10 4.97724e-10 3.40394e-10 2.32637e-10 1.58885e-10 1.08444e-10 7.39704e-11 5.04245e-11 3.43532e-11 2.33906e-11 1.59173e-11 1.08258e-11 7.35896e-12 4.99973e-12 3.39513e-12 2.30436e-12 1.56327e-12 1.06001e-12 7.18434e-13 4.86707e-13 3.29577e-13 2.23079e-13 1.50931e-13 1.02074e-13 6.90051e-14 4.66309e-14 3.14991e-14 2.12696e-14 1.43568e-14 9.68725e-15 6.53413e-15 4.40578e-15 2.96968e-15 2.00102e-15 1.34788e-15 9.07629e-16 6.10983e-16 4.11163e-16 2.7661e-16 1.86033e-16 1.25079e-16 8.40727e-17 5.64939e-17 3.79513e-17 2.54878e-17 1.71128e-17 1.14867e-17 7.70824e-18 5.17135e-18 3.46852e-18 2.32582e-18 1.5592e-18 1.04502e-18 7.00232e-19
0.00508839 0.00275794 0.00230474 0.00187713 0.00149879 0.00117784 0.000913617 0.000700936 0.00053275 0.000401644 0.000300653 0.00022364 0.000165417 0.000121732 8.91722e-05 6.5047e-05 4.72663e-05 3.42243e-05 2.46998e-05 1.77716e-05 1.27505e-05 9.12385e-06 6.51251e-06 4.63772e-06 3.29537e-06 2.3367e-06 1.65367e-06 1.16812e-06 8.23679e-07 5.79827e-07 4.07515e-07 2.85974e-07 2.0039e-07 1.40223e-07 9.79901e-08 6.83895e-08 4.76719e-08 3.31912e-08 2.30829e-08 1.60355e-08 1.1128e-08 7.71455e-09 5.34292e-09 3.69688e-09 2.55561e-09 1.7651e-09 1.21807e-09 8.3987e-10 5.78635e-10 3.98344e-10 2.7402e-10 1.8836e-10 1.29385e-10 8.88134e-11 6.09228e-11 4.17634e-11 2.86111e-11 1.95886e-11 1.34032e-11 9.16554e-12 6.26408e-12 4.27871e-12 2.92099e-12 1.99304e-12 1.35917e-12 9.26427e-13 6.31149e-13 4.29775e-13 2.92512e-13 1.98996e-13 1.35315e-13 9.1972e-14 6.24849e-14 4.24335e-14 2.88046e-14 1.9545e-14 1.32567e-14 8.98804e-15 6.09153e-15 4.1269e-15 2.79486e-15 1.89207e-15 1.28044e-15 8.66226e-16 5.85804e-16 3.96029e-16 2.67644e-16 1.8082e-16 1.22123e-16 8.24535e-17 5.56529e-17 3.75521e-17 2.5331e-17 1.70821e-17 1.15161e-17 7.7615e-18 5.22955e-18 3.52261e-18 2.37217e-18 1.59703e-18 1.07489e-18
0.00330115 0.00190784 0.00163645 0.00136314 0.0011104 0.000888629 0.000700936 0.000546241 0.000421327 0.000322099 0.000244331 0.000184066 0.000137816 0.000102618 7.60271e-05 5.607e-05 4.1179e-05 3.01265e-05 2.19621e-05 1.59575e-05 1.15589e-05 8.34879e-06 6.01394e-06 4.32112e-06 3.09741e-06 2.21525e-06 1.58098e-06 1.12603e-06 8.00472e-07 5.68004e-07 4.02349e-07 2.84536e-07 2.00903e-07 1.41637e-07 9.97107e-08 7.00976e-08 4.92138e-08 3.45076e-08 2.41662e-08 1.69039e-08 1.18106e-08 8.24284e-09 5.74673e-09 4.00239e-09 2.78476e-09 1.9357e-09 1.34427e-09 9.32702e-10 6.46579e-10 4.47849e-10 3.09946e-10 2.14336e-10 1.48104e-10 1.02261e-10 7.05568e-11 4.86471e-11 3.35177e-11 2.3078e-11 1.58795e-11 1.09194e-11 7.50388e-12 5.15359e-12 3.53733e-12 2.42655e-12 1.66363e-12 1.13995e-12 7.80685e-13 5.34365e-13 3.65574e-13 2.49973e-13 1.70843e-13 1.16705e-13 7.96849e-14 5.43827e-14 3.70978e-14 2.52954e-14 1.72404e-14 1.17453e-14 7.99837e-15 5.44451e-15 3.7046e-15 2.51971e-15 1.71314e-15 1.16431e-15 7.91007e-16 5.37197e-16 3.64695e-16 2.47498e-16 1.67905e-16 1.13869e-16 7.71969e-17 5.2318e-17 3.54455e-17 2.40067e-17 1.62543e-17 1.10019e-17 7.44449e-18 5.03584e-18 3.4055e-18 2.30231e-18 1.55605e-18
0.00214166 0.00131468 0.00115605 0.00098373 0.000816625 0.000664827 0.00053275 0.000421327 0.000329505 0.000255223 0.00019603 0.00014945 0.000113185 8.52112e-05 6.3806e-05 4.75438e-05 3.52674e-05 2.60529e-05 1.91725e-05 1.40592e-05 1.02756e-05 7.48716e-06 5.43965e-06 3.94136e-06 2.84848e-06 2.05367e-06 1.47727e-06 1.06035e-06 7.5954e-07 5.43004e-07 3.8748e-07 2.7601e-07 1.96276e-07 1.39349e-07 9.87802e-08 6.99181e-08 4.94185e-08 3.48814e-08 2.45881e-08 1.73104e-08 1.21718e-08 8.54855e-09 5.99701e-09 4.20242e-09 2.94172e-09 2.05711e-09 1.43708e-09 1.00296e-09 6.99332e-10 4.87178e-10 3.39086e-10 2.35809e-10 1.63851e-10 1.1376e-10 7.89202e-11 5.47085e-11 3.78964e-11 2.62318e-11 1.81447e-11 1.25422e-11 8.66378e-12 5.98076e-12 4.12598e-12 2.84465e-12 1.96004e-12 1.34972e-12 9.28899e-13 6.38921e-13 4.39223e-13 3.01778e-13 2.07233e-13 1.42234e-13 9.75723e-14 6.69011e-14 4.58488e-14 3.14062e-14 2.15029e-14 1.47157e-14 1.00663e-14 6.88276e-15 4.70402e-15 3.21359e-15 2.19447e-15 1.49793e-15 1.02207e-15 6.97098e-16 4.75269e-16 3.23907e-16 2.20667e-16 1.50278e-16 1.02304e-16 6.96208e-17 4.73622e-17 3.22088e-17 2.18963e-17 1.48806e-17 1.01095e-17 6.86591e-18 4.66153e-18 3.1639e-18 2.14675e-18
0.00138942 0.000902827 0.000813027 0.00070604 0.000596731 0.000493773 0.000401644 0.000322099 0.000255223 0.000200152 0.000155555 0.000119937 9.18219e-05 6.98516e-05 5.28333e-05 3.97526e-05 2.97674e-05 2.21923e-05 1.64777e-05 1.21885e-05 8.98415e-06 6.60052e-06 4.83443e-06 3.53068e-06 2.57153e-06 1.86814e-06 1.35387e-06 9.78915e-07 7.06263e-07 5.08496e-07 3.65385e-07 2.62057e-07 1.87611e-07 1.34083e-07 9.56699e-08 6.81537e-08 4.8478e-08 3.44324e-08 2.44219e-08 1.72985e-08 1.22369e-08 8.64546e-09 6.1007e-09 4.29995e-09 3.02731e-09 2.12899e-09 1.49566e-09 1.04965e-09 7.35909e-10 5.15449e-10 3.60695e-10 2.52174e-10 1.76147e-10 1.22936e-10 8.57273e-11 5.9732e-11 4.15863e-11 2.89308e-11 2.01114e-11 1.39704e-11 9.69758e-12 6.72692e-12 4.6631e-12 3.23031e-12 2.23631e-12 1.5472e-12 1.06977e-12 7.39218e-13 5.10502e-13 3.52348e-13 2.43052e-13 1.67566e-13 1.15462e-13 7.95169e-14 5.47337e-14 3.76554e-14 2.58931e-14 1.77962e-14 1.22254e-14 8.39443e-15 5.7613e-15 3.95232e-15 2.71013e-15 1.85754e-15 1.27262e-15 8.71523e-16 5.96592e-16 4.08225e-16 2.7922e-16 1.90908e-16 1.30477e-16 8.91412e-17 6.0878e-17 4.15607e-17 2.83627e-17 1.9349e-17 1.31953e-17 8.99553e-18 6.1304e-18 4.17643e-18 2.84432e-18
0.000901404 0.000618104 0.000569513 0.000504283 0.000433586 0.000364384 0.000300653 0.000244331 0.00019603 0.000155555 0.000122259 9.52812e-05 7.37003e-05 5.6624e-05 4.32399e-05 3.28366e-05 2.48101e-05 1.86583e-05 1.39716e-05 1.04204e-05 7.74296e-06 5.73355e-06 4.23184e-06 3.11393e-06 2.28476e-06 1.67185e-06 1.22023e-06 8.88442e-07 6.45382e-07 4.67793e-07 3.38364e-07 2.44259e-07 1.75991e-07 1.26573e-07 9.08733e-08 6.51338e-08 4.66101e-08 3.33032e-08 2.37601e-08 1.69274e-08 1.20431e-08 8.55675e-09 6.07189e-09 4.30331e-09 3.04623e-09 2.15388e-09 1.52122e-09 1.07323e-09 7.56379e-10 5.32527e-10 3.74554e-10 2.6319e-10 1.84765e-10 1.29591e-10 9.08131e-11 6.3584e-11 4.4482e-11 3.10933e-11 2.17173e-11 1.51568e-11 1.05702e-11 7.36608e-12 5.12955e-12 3.56958e-12 2.48232e-12 1.72507e-12 1.19805e-12 8.31499e-13 5.76738e-13 3.99787e-13 2.76962e-13 1.91759e-13 1.32691e-13 9.17668e-14 6.34292e-14 4.38186e-14 3.02551e-14 2.08791e-14 1.44014e-14 9.92847e-15 6.84143e-15 4.71197e-15 3.24379e-15 2.23204e-15 1.53517e-15 1.05539e-15 7.2524e-16 4.98153e-16 3.42026e-16 2.34734e-16 1.61033e-16 1.10428e-16 7.56953e-17 5.18671e-17 3.55262e-17 2.43243e-17 1.66484e-17 1.13906e-17 7.79045e-18 5.3263e-18 3.64031e-18
0.000584796 0.000422011 0.000397514 0.000358623 0.000313459 0.000267372 0.00022364 0.000184066 0.00014945 0.000119937 9.52812e-05 7.50214e-05 5.86026e-05 4.54526e-05 3.50275e-05 2.68361e-05 2.04508e-05 1.55084e-05 1.17072e-05 8.80066e-06 6.58989e-06 4.9165e-06 3.65552e-06 2.70925e-06 2.00187e-06 1.47499e-06 1.08385e-06 7.94404e-07 5.80848e-07 4.23724e-07 3.08426e-07 2.24033e-07 1.62407e-07 1.17508e-07 8.48662e-08 6.11844e-08 4.40368e-08 3.16438e-08 2.27031e-08 1.62641e-08 1.16346e-08 8.3112e-09 5.92918e-09 4.22436e-09 3.00595e-09 2.13637e-09 1.51656e-09 1.07534e-09 7.6165e-10 5.38888e-10 3.80882e-10 2.68932e-10 1.89701e-10 1.33685e-10 9.41223e-11 6.6208e-11 4.65314e-11 3.26746e-11 2.29252e-11 1.60717e-11 1.12581e-11 7.88012e-12 5.51154e-12 3.85205e-12 2.69029e-12 1.87759e-12 1.30949e-12 9.12668e-13 6.35678e-13 4.42469e-13 3.0779e-13 2.13973e-13 1.48662e-13 1.03225e-13 7.16337e-14 4.96826e-14 3.44389e-14 2.38593e-14 1.65209e-14 1.14335e-14 7.90869e-15 5.46776e-15 3.77831e-15 2.60961e-15 1.80155e-15 1.24311e-15 8.57385e-16 5.91077e-16 4.07304e-16 2.80545e-16 1.93152e-16 1.32927e-16 9.14419e-17 6.28781e-17 4.32193e-17 2.96951e-17 2.03949e-17 1.40021e-17 9.60944e-18 6.59237e-18 4.52092e-18
0.000379393 0.000287415 0.000276571 0.000254044 0.000225592 0.000195189 0.000165417 0.000137816 0.000113185 9.18219e-05 7.37003e-05 5.86026e-05 4.6211e-05 3.61683e-05 2.81179e-05 2.17257e-05 1.66929e-05 1.276e-05 9.70752e-06 7.35279e-06 5.54648e-06 4.16794e-06 3.12084e-06 2.32896e-06 1.73253e-06 1.285e-06 9.50385e-07 7.01031e-07 5.15792e-07 3.78586e-07 2.77241e-07 2.02582e-07 1.47719e-07 1.07498e-07 7.80796e-08 5.66077e-08 4.09684e-08 2.95996e-08 2.13509e-08 1.53768e-08 1.10576e-08 7.94001e-09 5.69339e-09 4.07691e-09 2.91555e-09 2.08237e-09 1.48546e-09 1.05839e-09 7.53234e-10 5.3546e-10 3.80234e-10 2.69722e-10 1.91133e-10 1.35307e-10 9.56939e-11 6.76142e-11 4.77301e-11 3.36633e-11 2.37215e-11 1.67016e-11 1.17493e-11 8.2588e-12 5.80066e-12 4.07101e-12 2.85496e-12 2.00068e-12 1.40101e-12 9.80393e-13 6.85583e-13 4.79101e-13 3.34586e-13 2.33511e-13 1.62867e-13 1.13525e-13 7.90831e-14 5.50578e-14 3.8309e-14 2.664e-14 1.85151e-14 1.28611e-14 8.92883e-15 6.19558e-15 4.29679e-15 2.97841e-15 2.06351e-15 1.42894e-15 9.89041e-16 6.84237e-16 4.73147e-16 3.27029e-16 2.25933e-16 1.5602e-16 1.07694e-16 7.4305e-17 5.1246e-17 3.53281e-17 2.43447e-17 1.67692e-17 1.15464e-17 7.94721e-18 5.46782e-18
0.000246135 0.000195306 0.000191864 0.000179328 0.000161692 0.00014184 0.000121732 0.000102618 8.52112e-05 6.98516e-05 5.6624e-05 4.54526e-05 3.61683e-05 2.85565e-05 2.23882e-05 1.74402e-05 1.35064e-05 1.04039e-05 7.9743e-06 6.08408e-06 4.6221e-06 3.49745e-06 2.63659e-06 1.98066e-06 1.48302e-06 1.10696e-06 8.23829e-07 6.11413e-07 4.52568e-07 3.3415e-07 2.46128e-07 1.80879e-07 1.32638e-07 9.70608e-08 7.08847e-08 5.1669e-08 3.75932e-08 2.73038e-08 1.9797e-08 1.43306e-08 1.03573e-08 7.47428e-09 5.38586e-09 3.87548e-09 2.78484e-09 1.99849e-09 1.43233e-09 1.02529e-09 7.33039e-10 5.23479e-10 3.73404e-10 2.6606e-10 1.89372e-10 1.34648e-10 9.56412e-11 6.78674e-11 4.81129e-11 3.40765e-11 2.41132e-11 1.70478e-11 1.20422e-11 8.49913e-12 5.99359e-12 4.22327e-12 2.97352e-12 2.09198e-12 1.47068e-12 1.03314e-12 7.25254e-13 5.08763e-13 3.56649e-13 2.49847e-13 1.74913e-13 1.22374e-13 8.5562e-14 5.97865e-14 4.17505e-14 2.91381e-14 2.03239e-14 1.41678e-14 9.87087e-15 6.87334e-15 4.78348e-15 3.32728e-15 2.31317e-15 1.60732e-15 1.11629e-15 7.74889e-16 5.37636e-16 3.72846e-16 2.58443e-16 1.79061e-16 1.24004e-16 8.58379e-17 5.93923e-17 4.10764e-17 2.83968e-17 1.96229e-17 1.35543e-17 9.35867e-18 6.45917e-18
0.000159683 0.000132444 0.000132748 0.000126181 0.000115463 0.000102642 8.91722e-05 7.60271e-05 6.3806e-05 5.28333e-05 4.32399e-05 3.50275e-05 2.81179e-05 2.23882e-05 1.76956e-05 1.38936e-05 1.08421e-05 8.41363e-06 6.49546e-06 4.99066e-06 3.81746e-06 2.90796e-06 2.20656e-06 1.66824e-06 1.25694e-06 9.43979e-07 7.06778e-07 5.2765e-07 3.9284e-07 2.9171e-07 2.16075e-07 1.59672e-07 1.17725e-07 8.66101e-08 6.35867e-08 4.65909e-08 3.40726e-08 2.48722e-08 1.81241e-08 1.31844e-08 9.57534e-09 6.94324e-09 5.02699e-09 3.63425e-09 2.62363e-09 1.89144e-09 1.36177e-09 9.79162e-10 7.03171e-10 5.04359e-10 3.61332e-10 2.58569e-10 1.84825e-10 1.31971e-10 9.41319e-11 6.70736e-11 4.77455e-11 3.39541e-11 2.41235e-11 1.71233e-11 1.21435e-11 8.6044e-12 6.09149e-12 4.30887e-12 3.04543e-12 2.15073e-12 1.51769e-12 1.07017e-12 7.54038e-13 5.30907e-13 3.73536e-13 2.62629e-13 1.84525e-13 1.29562e-13 9.09102e-14 6.37481e-14 4.46733e-14 3.12867e-14 2.18981e-14 1.53177e-14 1.07085e-14 7.48191e-15 5.22459e-15 3.64629e-15 2.54339e-15 1.77315e-15 1.23551e-15 8.6045e-16 5.98941e-16 4.16702e-16 2.89771e-16 2.01407e-16 1.39923e-16 9.71627e-17 6.7439e-17 4.67872e-17 3.24452e-17 2.24896e-17 1.55822e-17 1.07917e-17 7.47083e-18
0.000103596 8.96463e-05 9.16233e-05 8.85244e-05 8.21718e-05 7.39937e-05 6.5047e-05 5.607e-05 4.75438e-05 3.97526e-05 3.28366e-05 2.68361e-05 2.17257e-05 1.74402e-05 1.38936e-05 1.09917e-05 8.6411e-06 6.7538e-06 5.25049e-06 4.06157e-06 3.12741e-06 2.39775e-06 1.83094e-06 1.39284e-06 1.05581e-06 7.97648e-07 6.00703e-07 4.51029e-07 3.37684e-07 2.5214e-07 1.87781e-07 1.39506e-07 1.03399e-07 7.64647e-08 5.64252e-08 4.15518e-08 3.05385e-08 2.24016e-08 1.64027e-08 1.19891e-08 8.74829e-09 6.37306e-09 4.63539e-09 3.36637e-09 2.44117e-09 1.76772e-09 1.27828e-09 9.23126e-10 6.6578e-10 4.79571e-10 3.45021e-10 2.47926e-10 1.7795e-10 1.27581e-10 9.13692e-11 6.53662e-11 4.67152e-11 3.33523e-11 2.37885e-11 1.69509e-11 1.20674e-11 8.58298e-12 6.09926e-12 4.33052e-12 3.07209e-12 2.17755e-12 1.54224e-12 1.09142e-12 7.71779e-13 5.45339e-13 3.85051e-13 2.71678e-13 1.9155e-13 1.34961e-13 9.50246e-14 6.68612e-14 4.70141e-14 3.30371e-14 2.32008e-14 1.6283e-14 1.1421e-14 8.00593e-15 5.60876e-15 3.92711e-15 2.74811e-15 1.922e-15 1.3435e-15 9.38617e-16 6.55407e-16 4.57414e-16 3.19071e-16 2.22458e-16 1.55022e-16 1.07977e-16 7.51728e-17 5.23102e-17 3.63842e-17 2.52954e-17 1.75783e-17 1.22101e-17 8.47764e-18
6.72091e-05 6.05736e-05 6.30976e-05 6.19385e-05 5.82974e-05 5.31552e-05 4.72663e-05 4.1179e-05 3.52674e-05 2.97674e-05 2.48101e-05 2.04508e-05 1.66929e-05 1.35064e-05 1.08421e-05 8.6411e-06 6.8419e-06 5.3848e-06 4.21456e-06 3.28173e-06 2.54319e-06 1.96208e-06 1.50746e-06 1.15365e-06 8.79642e-07 6.68388e-07 5.06206e-07 3.82187e-07 2.87703e-07 2.15971e-07 1.61692e-07 1.20747e-07 8.99518e-08 6.6855e-08 4.95783e-08 3.6688e-08 2.70936e-08 1.99689e-08 1.469e-08 1.0787e-08 7.90703e-09 5.78619e-09 4.2273e-09 3.08353e-09 2.24579e-09 1.63324e-09 1.18607e-09 8.6014e-10 6.22938e-10 4.50562e-10 3.25474e-10 2.34825e-10 1.69221e-10 1.21804e-10 8.75743e-11 6.2895e-11 4.51223e-11 3.23381e-11 2.31524e-11 1.65596e-11 1.18327e-11 8.44708e-12 6.02465e-12 4.29307e-12 3.05649e-12 2.17423e-12 1.54534e-12 1.09746e-12 7.78759e-13 5.52177e-13 3.91219e-13 2.76972e-13 1.95944e-13 1.38521e-13 9.78573e-14 6.90828e-14 4.87362e-14 3.43594e-14 2.42078e-14 1.70446e-14 1.19935e-14 8.43407e-15 5.92742e-15 4.16328e-15 2.92249e-15 2.05032e-15 1.43762e-15 1.00746e-15 7.05623e-16 4.93955e-16 3.45599e-16 2.41676e-16 1.68917e-16 1.18004e-16 8.23955e-17 5.75044e-17 4.01136e-17 2.79691e-17 1.94923e-17 1.35785e-17 9.45462e-18
4.36027e-05 4.08643e-05 4.33634e-05 4.32292e-05 4.12408e-05 3.80624e-05 3.42243e-05 3.01265e-05 2.60529e-05 2.21923e-05 1.86583e-05 1.55084e-05 1.276e-05 1.04039e-05 8.41363e-06 6.7538e-06 5.3848e-06 4.26668e-06 3.36139e-06 2.63416e-06 2.0541e-06 1.59442e-06 1.23229e-06 9.48563e-07 7.27395e-07 5.55799e-07 4.23247e-07 3.21276e-07 2.43131e-07 1.83461e-07 1.38056e-07 1.03615e-07 7.75717e-08 5.79351e-08 4.31701e-08 3.20973e-08 2.38142e-08 1.76329e-08 1.30305e-08 9.61134e-09 7.07652e-09 5.20113e-09 3.8163e-09 2.79564e-09 2.04472e-09 1.49323e-09 1.08888e-09 7.92885e-10 5.76554e-10 4.18683e-10 3.03644e-10 2.19935e-10 1.59107e-10 1.14964e-10 8.2972e-11 5.98148e-11 4.30731e-11 3.0984e-11 2.22645e-11 1.59825e-11 1.14616e-11 8.21152e-12 5.87746e-12 4.20294e-12 3.00278e-12 2.14343e-12 1.5287e-12 1.08935e-12 7.75623e-13 5.51803e-13 3.9226e-13 2.7863e-13 1.97766e-13 1.40266e-13 9.94112e-14 7.04059e-14 4.98286e-14 3.52412e-14 2.49075e-14 1.75923e-14 1.24174e-14 8.75924e-15 6.17489e-15 4.35036e-15 3.06309e-15 2.15545e-15 1.51587e-15 1.06546e-15 7.48464e-16 5.25489e-16 3.6874e-16 2.5861e-16 1.81276e-16 1.27003e-16 8.89331e-17 6.22439e-17 4.35428e-17 3.04456e-17 2.12778e-17 1.48636e-17 1.03781e-17
2.82877e-05 2.75275e-05 2.97442e-05 3.01018e-05 2.90971e-05 2.71738e-05 2.46998e-05 2.19621e-05 1.91725e-05 1.64777e-05 1.39716e-05 1.17072e-05 9.70752e-06 7.9743e-06 6.49546e-06 5.25049e-06 4.21456e-06 3.36139e-06 2.66512e-06 2.10153e-06 1.64872e-06 1.28734e-06 1.00072e-06 7.74685e-07 5.97358e-07 4.58924e-07 3.51342e-07 2.68092e-07 2.03927e-07 1.54658e-07 1.1696e-07 8.82121e-08 6.63584e-08 4.97956e-08 3.72785e-08 2.78446e-08 2.07529e-08 1.5435e-08 1.14568e-08 8.48749e-09 6.27602e-09 4.63242e-09 3.41332e-09 2.51083e-09 1.84397e-09 1.3521e-09 9.89926e-10 7.23699e-10 5.28316e-10 3.85148e-10 2.804e-10 2.03874e-10 1.48045e-10 1.07372e-10 7.77801e-11 5.62779e-11 4.06737e-11 2.93636e-11 2.11756e-11 1.52547e-11 1.09781e-11 7.89257e-12 5.66869e-12 4.06755e-12 2.91594e-12 2.08847e-12 1.49448e-12 1.0685e-12 7.63292e-13 5.44808e-13 3.88546e-13 2.76881e-13 1.97154e-13 1.40276e-13 9.97327e-14 7.08551e-14 5.03027e-14 3.56865e-14 2.52997e-14 1.79239e-14 1.26899e-14 8.97838e-15 6.34832e-15 4.48586e-15 3.16783e-15 2.2357e-15 1.57691e-15 1.11158e-15 7.83115e-16 5.51394e-16 3.88022e-16 2.72904e-16 1.91836e-16 1.34778e-16 9.46407e-17 6.64223e-17 4.6594e-17 3.26684e-17 2.28935e-17 1.60356e-17 1.12267e-17
1.8352e-05 1.85181e-05 2.03663e-05 2.09159e-05 2.04785e-05 1.93464e-05 1.77716e-05 1.59575e-05 1.40592e-05 1.21885e-05 1.04204e-05 8.80066e-06 7.35279e-06 6.08408e-06 4.99066e-06 4.06157e-06 3.28173e-06 2.63416e-06 2.10153e-06 1.66718e-06 1.31569e-06 1.03324e-06 8.07733e-07 6.28741e-07 4.87444e-07 3.76467e-07 2.89713e-07 2.22195e-07 1.69863e-07 1.29458e-07 9.83773e-08 7.45505e-08 5.63446e-08 4.24766e-08 3.19441e-08 2.39673e-08 1.79422e-08 1.34028e-08 9.99126e-09 7.43326e-09 5.51956e-09 4.09097e-09 3.02672e-09 2.23547e-09 1.64832e-09 1.21342e-09 8.91874e-10 6.54543e-10 4.79662e-10 3.51006e-10 2.56503e-10 1.87192e-10 1.36432e-10 9.93106e-11 7.22001e-11 5.24275e-11 3.80253e-11 2.75481e-11 1.99356e-11 1.4411e-11 1.04065e-11 7.50699e-12 5.40992e-12 3.89484e-12 2.80138e-12 2.01301e-12 1.44519e-12 1.0366e-12 7.42882e-13 5.31931e-13 3.80563e-13 2.72045e-13 1.94315e-13 1.38685e-13 9.89044e-14 7.04813e-14 5.01892e-14 3.57133e-14 2.53945e-14 1.80445e-14 1.2813e-14 9.09215e-15 6.44753e-15 4.56917e-15 3.23596e-15 2.29033e-15 1.62003e-15 1.14521e-15 8.09078e-16 5.71268e-16 4.03125e-16 2.84311e-16 2.00403e-16 1.41182e-16 9.9407e-17 6.9956e-17 4.92047e-17 3.45911e-17 2.43054e-17 1.70696e-17 1.1982e-17
1.1906e-05 1.24415e-05 1.3922e-05 1.45042e-05 1.43796e-05 1.37382e-05 1.27505e-05 1.15589e-05 1.02756e-05 8.98415e-06 7.74296e-06 6.58989e-06 5.54648e-06 4.6221e-06 3.81746e-06 3.12741e-06 2.54319e-06 2.0541e-06 1.64872e-06 1.31569e-06 1.04429e-06 8.24729e-07 6.48278e-07 5.07339e-07 3.95399e-07 3.06957e-07 2.3742e-07 1.82995e-07 1.40579e-07 1.07655e-07 8.21955e-08 6.25776e-08 4.7512e-08 3.59795e-08 2.71782e-08 2.04808e-08 1.53983e-08 1.15516e-08 8.6474e-09 6.46015e-09 4.81663e-09 3.58442e-09 2.66255e-09 1.97427e-09 1.46141e-09 1.07998e-09 7.96828e-10 5.86999e-10 4.31773e-10 3.17131e-10 2.32597e-10 1.70362e-10 1.24612e-10 9.10288e-11 6.64124e-11 4.83931e-11 3.52206e-11 2.56037e-11 1.85914e-11 1.34847e-11 9.77006e-12 7.07123e-12 5.11263e-12 3.6928e-12 2.66465e-12 1.9209e-12 1.38345e-12 9.95453e-13 7.15629e-13 5.14011e-13 3.68878e-13 2.645e-13 1.89501e-13 1.35658e-13 9.70361e-14 6.9356e-14 4.95341e-14 3.53508e-14 2.52102e-14 1.79655e-14 1.27938e-14 9.10447e-15 6.47464e-15 4.60137e-15 3.26793e-15 2.31942e-15 1.64517e-15 1.16619e-15 8.26161e-16 5.84922e-16 4.13879e-16 2.92683e-16 2.06858e-16 1.46117e-16 1.03155e-16 7.27854e-17 5.13291e-17 3.61787e-17 2.54869e-17 1.79456e-17 1.26293e-17
7.72418e-06 8.34909e-06 9.50204e-06 1.00392e-05 1.00753e-05 9.73222e-06 9.12385e-06 8.34879e-06 7.48716e-06 6.60052e-06 5.73355e-06 4.9165e-06 4.16794e-06 3.49745e-06 2.90796e-06 2.39775e-06 1.96208e-06 1.59442e-06 1.28734e-06 1.03324e-06 8.24729e-07 6.54911e-07 5.1756e-07 4.0717e-07 3.18966e-07 2.48871e-07 1.93445e-07 1.49826e-07 1.15648e-07 8.89784e-08 6.8249e-08 5.21956e-08 3.98067e-08 3.02771e-08 2.29699e-08 1.73835e-08 1.31248e-08 9.88693e-09 7.43165e-09 5.57439e-09 4.17285e-09 3.1176e-09 2.32483e-09 1.73051e-09 1.28585e-09 9.5383e-10 7.06376e-10 5.22286e-10 3.85575e-10 2.84223e-10 2.09207e-10 1.53773e-10 1.12872e-10 8.27393e-11 6.05723e-11 4.42881e-11 3.23418e-11 2.35897e-11 1.71859e-11 1.25062e-11 9.0907e-12 6.60082e-12 4.78783e-12 3.46921e-12 2.51121e-12 1.81596e-12 1.31194e-12 9.46908e-13 6.82814e-13 4.91931e-13 3.54097e-13 2.54663e-13 1.82995e-13 1.31387e-13 9.42568e-14 6.75657e-14 4.8395e-14 3.46371e-14 2.47717e-14 1.77031e-14 1.26424e-14 9.02193e-15 6.43379e-15 4.58497e-15 3.26523e-15 2.32383e-15 1.65277e-15 1.17474e-15 8.34449e-16 5.92365e-16 4.20257e-16 2.97976e-16 2.11151e-16 1.49539e-16 1.05844e-16 7.4875e-17 5.29381e-17 3.74079e-17 2.64196e-17 1.86493e-17 1.31575e-17
5.01114e-06 5.5966e-06 6.47595e-06 6.9365e-06 7.04521e-06 6.87876e-06 6.51251e-06 6.01394e-06 5.43965e-06 4.83443e-06 4.23184e-06 3.65552e-06 3.12084e-06 2.63659e-06 2.20656e-06 1.83094e-06 1.50746e-06 1.23229e-06 1.00072e-06 8.07733e-07 6.48278e-07 5.1756e-07 4.11163e-07 3.2513e-07 2.55981e-07 2.00712e-07 1.56767e-07 1.21995e-07 9.46052e-08 7.31223e-08 5.63399e-08 4.3279e-08 3.31506e-08 2.5323e-08 1.92929e-08 1.46618e-08 1.11154e-08 8.40733e-09 6.34483e-09 4.77803e-09 3.5907e-09 2.69303e-09 2.01589e-09 1.5062e-09 1.12335e-09 8.36363e-10 6.21642e-10 4.61293e-10 3.41763e-10 2.52817e-10 1.86741e-10 1.37735e-10 1.01446e-10 7.46166e-11 5.48095e-11 4.02081e-11 2.94594e-11 2.15576e-11 1.57564e-11 1.15029e-11 8.38805e-12 6.10989e-12 4.44564e-12 3.23128e-12 2.34621e-12 1.70184e-12 1.23322e-12 8.92781e-13 6.4571e-13 4.66582e-13 3.36841e-13 2.42961e-13 1.75094e-13 1.26078e-13 9.07071e-14 6.52063e-14 4.68371e-14 3.36163e-14 2.41087e-14 1.72771e-14 1.23721e-14 8.85323e-15 6.33065e-15 4.52367e-15 3.23023e-15 2.30505e-15 1.64376e-15 1.17142e-15 8.34275e-16 5.93785e-16 4.22357e-16 3.00237e-16 2.13298e-16 1.51444e-16 1.07465e-16 7.62131e-17 5.40192e-17 3.82671e-17 2.70935e-17 1.91721e-17 1.35595e-17
3.25104e-06 3.74765e-06 4.40756e-06 4.78486e-06 4.91705e-06 4.85161e-06 4.63772e-06 4.32112e-06 3.94136e-06 3.53068e-06 3.11393e-06 2.70925e-06 2.32896e-06 1.98066e-06 1.66824e-06 1.39284e-06 1.15365e-06 9.48563e-07 7.74685e-07 6.28741e-07 5.07339e-07 4.0717e-07 3.2513e-07 2.58391e-07 2.04438e-07 1.61072e-07 1.26402e-07 9.88223e-08 7.69851e-08 5.97704e-08 4.62556e-08 3.56868e-08 2.7452e-08 2.10582e-08 1.61103e-08 1.22932e-08 9.35731e-09 7.1057e-09 5.38357e-09 4.06985e-09 3.0702e-09 2.31136e-09 1.73664e-09 1.30235e-09 9.74862e-10 7.28426e-10 5.43348e-10 4.04617e-10 3.0082e-10 2.23299e-10 1.65502e-10 1.22483e-10 9.05158e-11 6.67981e-11 4.9228e-11 3.62313e-11 2.66315e-11 1.95507e-11 1.43349e-11 1.04981e-11 7.67923e-12 5.61089e-12 4.0951e-12 2.98556e-12 2.17434e-12 1.5819e-12 1.14972e-12 8.34786e-13 6.05534e-13 4.38823e-13 3.17716e-13 2.29823e-13 1.66097e-13 1.19937e-13 8.65314e-14 6.23779e-14 4.49295e-14 3.23358e-14 2.32537e-14 1.67096e-14 1.1998e-14 8.60853e-15 6.17206e-15 4.42201e-15 3.16594e-15 2.26508e-15 1.61946e-15 1.15708e-15 8.26177e-16 5.89523e-16 4.20389e-16 2.99592e-16 2.13374e-16 1.51876e-16 1.08039e-16 7.68091e-17 5.45753e-17 3.87554e-17 2.75058e-17 1.95109e-17 1.38323e-17
2.10915e-06 2.50711e-06 2.99596e-06 3.29552e-06 3.42562e-06 3.41501e-06 3.29537e-06 3.09741e-06 2.84848e-06 2.57153e-06 2.28476e-06 2.00187e-06 1.73253e-06 1.48302e-06 1.25694e-06 1.05581e-06 8.79642e-07 7.27395e-07 5.97358e-07 4.87444e-07 3.95399e-07 3.18966e-07 2.55981e-07 2.04438e-07 1.62531e-07 1.2866e-07 1.01435e-07 7.96637e-08 6.23375e-08 4.86109e-08 3.7782e-08 2.92732e-08 2.26127e-08 1.74175e-08 1.33791e-08 1.025e-08 7.83291e-09 5.97128e-09 4.54148e-09 3.44628e-09 2.60953e-09 1.97182e-09 1.48695e-09 1.11913e-09 8.40708e-10 6.30404e-10 4.71875e-10 3.52608e-10 2.6305e-10 1.95923e-10 1.45699e-10 1.08185e-10 8.02121e-11 5.93869e-11 4.39073e-11 3.24186e-11 2.39045e-11 1.76038e-11 1.29475e-11 9.51128e-12 6.97868e-12 5.11449e-12 3.74403e-12 2.73775e-12 1.99976e-12 1.45916e-12 1.06361e-12 7.74493e-13 5.63411e-13 4.09461e-13 2.97295e-13 2.15655e-13 1.56292e-13 1.13169e-13 8.18732e-14 5.91811e-14 4.27425e-14 3.08446e-14 2.22408e-14 1.60242e-14 1.15363e-14 8.29894e-15 5.96562e-15 4.28518e-15 3.07588e-15 2.20628e-15 1.58143e-15 1.13277e-15 8.10854e-16 5.80036e-16 4.14652e-16 2.96234e-16 2.11501e-16 1.50911e-16 1.07613e-16 7.66917e-17 5.46229e-17 3.8882e-17 2.76613e-17 1.96677e-17 1.39763e-17
1.36833e-06 1.67567e-06 2.03399e-06 2.26644e-06 2.38254e-06 2.39925e-06 2.3367e-06 2.21525e-06 2.05367e-06 1.86814e-06 1.67185e-06 1.47499e-06 1.285e-06 1.10696e-06 9.43979e-07 7.97648e-07 6.68388e-07 5.55799e-07 4.58924e-07 3.76467e-07 3.06957e-07 2.48871e-07 2.00712e-07 1.61072e-07 1.2866e-07 1.0232e-07 8.10349e-08 6.39262e-08 5.02421e-08 3.93476e-08 3.07118e-08 2.38945e-08 1.85335e-08 1.43332e-08 1.10538e-08 8.50174e-09 6.52205e-09 4.99095e-09 3.81019e-09 2.9021e-09 2.20555e-09 1.67261e-09 1.26584e-09 9.56086e-10 7.20743e-10 5.4232e-10 4.07332e-10 3.0541e-10 2.28604e-10 1.70832e-10 1.27457e-10 9.49482e-11 7.06246e-11 5.24555e-11 3.89052e-11 2.88153e-11 2.13134e-11 1.57439e-11 1.1615e-11 8.55816e-12 6.29817e-12 4.62948e-12 3.39897e-12 2.49271e-12 1.82606e-12 1.33625e-12 9.76794e-13 7.13295e-13 5.20352e-13 3.79223e-13 2.76104e-13 2.00835e-13 1.45949e-13 1.05967e-13 7.68691e-14 5.57126e-14 4.03445e-14 2.9191e-14 2.11036e-14 1.52445e-14 1.10034e-14 7.93597e-15 5.71929e-15 4.11868e-15 2.96384e-15 2.13126e-15 1.53147e-15 1.0997e-15 7.89124e-16 5.65876e-16 4.05516e-16 2.90409e-16 2.07842e-16 1.48656e-16 1.06258e-16 7.59052e-17 5.41902e-17 3.86645e-17 2.75708e-17 1.96488e-17 1.39951e-17
8.8772e-07 1.119e-06 1.37932e-06 1.55655e-06 1.65443e-06 1.68261e-06 1.65367e-06 1.58098e-06 1.47727e-06 1.35387e-06 1.22023e-06 1.08385e-06 9.50385e-07 8.23829e-07 7.06778e-07 6.00703e-07 5.06206e-07 4.23247e-07 3.51342e-07 2.89713e-07 2.3742e-07 1.93445e-07 1.56767e-07 1.26402e-07 1.01435e-07 8.10349e-08 6.4464e-08 5.10764e-08 4.03155e-08 3.17069e-08 2.48509e-08 1.94136e-08 1.51185e-08 1.17385e-08 9.08812e-09 7.01683e-09 5.40335e-09 4.15036e-09 3.18018e-09 2.43108e-09 1.85424e-09 1.41119e-09 1.07175e-09 8.12306e-10 6.14459e-10 4.63918e-10 3.49616e-10 2.63007e-10 1.97512e-10 1.48078e-10 1.10837e-10 8.28304e-11 6.18058e-11 4.60491e-11 3.42596e-11 2.54525e-11 1.88834e-11 1.3991e-11 1.03526e-11 7.65068e-12 5.64689e-12 4.16287e-12 3.06522e-12 2.25439e-12 1.65618e-12 1.21536e-12 8.90915e-13 6.52392e-13 4.77236e-13 3.48755e-13 2.54611e-13 1.85701e-13 1.35313e-13 9.85063e-14 7.16461e-14 5.20635e-14 3.78003e-14 2.74211e-14 1.98751e-14 1.43938e-14 1.04157e-14 7.53111e-15 5.44114e-15 3.92814e-15 2.83373e-15 2.04272e-15 1.47144e-15 1.05917e-15 7.61879e-16 5.47653e-16 3.93396e-16 2.824e-16 2.02588e-16 1.45239e-16 1.04058e-16 7.4507e-17 5.33151e-17 3.81276e-17 2.72502e-17 1.94646e-17 1.38953e-17
5.75918e-07 7.46657e-07 9.34355e-07 1.0676e-06 1.14709e-06 1.17803e-06 1.16812e-06 1.12603e-06 1.06035e-06 9.78915e-07 8.88442e-07 7.94404e-07 7.01031e-07 6.11413e-07 5.2765e-07 4.51029e-07 3.82187e-07 3.21276e-07 2.68092e-07 2.22195e-07 1.82995e-07 1.49826e-07 1.21995e-07 9.88223e-08 7.96637e-08 6.39262e-08 5.10764e-08 4.0643e-08 3.22156e-08 2.54417e-08 2.00217e-08 1.57038e-08 1.22778e-08 9.57e-09 7.43761e-09 5.7642e-09 4.4553e-09 3.43473e-09 2.64138e-09 2.02643e-09 1.55107e-09 1.18459e-09 9.02758e-10 6.86556e-10 5.21089e-10 3.94736e-10 2.9846e-10 2.25257e-10 1.69709e-10 1.2764e-10 9.58412e-11 7.18484e-11 5.37777e-11 4.01908e-11 2.99922e-11 2.23493e-11 1.66307e-11 1.23585e-11 9.17148e-12 6.79752e-12 5.03167e-12 3.71995e-12 2.74687e-12 2.02594e-12 1.49251e-12 1.09829e-12 8.07312e-13 5.92787e-13 4.34809e-13 3.18605e-13 2.33221e-13 1.70551e-13 1.24602e-13 9.09453e-14 6.63185e-14 4.83164e-14 3.51696e-14 2.55776e-14 1.85858e-14 1.34939e-14 9.78888e-15 7.09542e-15 5.13899e-15 3.7191e-15 2.68945e-15 1.94341e-15 1.40327e-15 1.01252e-15 7.30049e-16 5.26013e-16 3.7874e-16 2.72514e-16 1.9595e-16 1.40805e-16 1.01113e-16 7.25636e-17 5.20424e-17 3.73017e-17 2.67198e-17 1.91284e-17 1.36857e-17
3.73633e-07 4.97825e-07 6.32285e-07 7.31338e-07 7.94191e-07 8.23435e-07 8.23679e-07 8.00472e-07 7.5954e-07 7.06263e-07 6.45382e-07 5.80848e-07 5.15792e-07 4.52568e-07 3.9284e-07 3.37684e-07 2.87703e-07 2.43131e-07 2.03927e-07 1.69863e-07 1.40579e-07 1.15648e-07 9.46052e-08 7.69851e-08 6.23375e-08 5.02421e-08 4.03155e-08 3.22156e-08 2.56415e-08 2.03324e-08 1.6065e-08 1.26501e-08 9.92867e-09 7.76852e-09 6.06028e-09 4.71419e-09 3.65706e-09 2.82953e-09 2.18372e-09 1.68121e-09 1.2913e-09 9.89583e-10 7.56705e-10 5.77411e-10 4.397e-10 3.34173e-10 2.53488e-10 1.91928e-10 1.45057e-10 1.09442e-10 8.24324e-11 6.19865e-11 4.65376e-11 3.48849e-11 2.61105e-11 1.95145e-11 1.45639e-11 1.08541e-11 8.07828e-12 6.00442e-12 4.4572e-12 3.30451e-12 2.44691e-12 1.8097e-12 1.33687e-12 9.8644e-13 7.27054e-13 5.35288e-13 3.93679e-13 2.89229e-13 2.12273e-13 1.55637e-13 1.14e-13 8.34208e-14 6.09867e-14 4.45444e-14 3.25056e-14 2.36993e-14 1.72637e-14 1.25649e-14 9.13733e-15 6.63928e-15 4.82026e-15 3.49683e-15 2.53477e-15 1.83598e-15 1.32884e-15 9.61062e-16 6.94568e-16 5.0161e-16 3.62003e-16 2.61069e-16 1.88149e-16 1.35506e-16 9.75276e-17 7.01477e-17 5.04222e-17 3.62206e-17 2.60028e-17 1.8656e-17 1.33769e-17
2.42399e-07 3.31678e-07 4.27455e-07 5.00394e-07 5.49108e-07 5.74696e-07 5.79827e-07 5.68004e-07 5.43004e-07 5.08496e-07 4.67793e-07 4.23724e-07 3.78586e-07 3.3415e-07 2.9171e-07 2.5214e-07 2.15971e-07 1.83461e-07 1.54658e-07 1.29458e-07 1.07655e-07 8.89784e-08 7.31223e-08 5.97704e-08 4.86109e-08 3.93476e-08 3.17069e-08 2.54417e-08 2.03324e-08 1.61871e-08 1.28401e-08 1.01498e-08 7.99671e-09 6.2804e-09 4.91751e-09 3.83921e-09 2.989e-09 2.32085e-09 1.79742e-09 1.38859e-09 1.07019e-09 8.22899e-10 6.31344e-10 4.8334e-10 3.69264e-10 2.81545e-10 2.14247e-10 1.62728e-10 1.23372e-10 9.33685e-11 7.05403e-11 5.32045e-11 4.0064e-11 3.01213e-11 2.26114e-11 1.69485e-11 1.26854e-11 9.48113e-12 7.07647e-12 5.27458e-12 3.92635e-12 2.91899e-12 2.16737e-12 1.60732e-12 1.19057e-12 8.80841e-13 6.50948e-13 4.80519e-13 3.54324e-13 2.60992e-13 1.92044e-13 1.41165e-13 1.03662e-13 7.6048e-14 5.5736e-14 4.08108e-14 2.98547e-14 2.18201e-14 1.59336e-14 1.16249e-14 8.47416e-15 6.17217e-15 4.49179e-15 3.26625e-15 2.3732e-15 1.72297e-15 1.24994e-15 9.06087e-16 6.56341e-16 4.75085e-16 3.43638e-16 2.48384e-16 1.79409e-16 1.295e-16 9.34116e-17 6.73356e-17 4.85071e-17 3.4921e-17 2.51243e-17 1.80647e-17 1.29808e-17
1.57259e-07 2.2083e-07 2.88712e-07 3.41992e-07 3.79163e-07 4.00511e-07 4.07515e-07 4.02349e-07 3.8748e-07 3.65385e-07 3.38364e-07 3.08426e-07 2.77241e-07 2.46128e-07 2.16075e-07 1.87781e-07 1.61692e-07 1.38056e-07 1.1696e-07 9.83773e-08 8.21955e-08 6.8249e-08 5.63399e-08 4.62556e-08 3.7782e-08 3.07118e-08 2.48509e-08 2.00217e-08 1.6065e-08 1.28401e-08 1.02246e-08 8.11313e-09 6.41603e-09 5.05759e-09 3.97448e-09 3.1141e-09 2.43305e-09 1.89577e-09 1.47326e-09 1.14204e-09 8.83126e-10 6.81313e-10 5.2443e-10 4.0279e-10 3.08711e-10 2.36122e-10 1.80244e-10 1.37326e-10 1.04433e-10 7.92751e-11 6.00727e-11 4.54442e-11 3.43212e-11 2.5879e-11 1.9483e-11 1.46454e-11 1.09927e-11 8.23914e-12 6.16663e-12 4.60913e-12 3.4404e-12 2.56467e-12 1.90942e-12 1.41982e-12 1.05447e-12 7.82206e-13 5.79567e-13 4.28937e-13 3.17103e-13 2.34172e-13 1.72746e-13 1.273e-13 9.37146e-14 6.89209e-14 5.06372e-14 3.71682e-14 2.72561e-14 1.9969e-14 1.46169e-14 1.06898e-14 7.81093e-15 5.70251e-15 4.15971e-15 3.03182e-15 2.20796e-15 1.60669e-15 1.16824e-15 8.48791e-16 6.16226e-16 4.4705e-16 3.24082e-16 2.34769e-16 1.69949e-16 1.22941e-16 8.88741e-17 6.42039e-17 4.6351e-17 3.34405e-17 2.41106e-17 1.73727e-17 1.25099e-17
1.02023e-07 1.46931e-07 1.9483e-07 2.33482e-07 2.6149e-07 2.78731e-07 2.85974e-07 2.84536e-07 2.7601e-07 2.62057e-07 2.44259e-07 2.24033e-07 2.02582e-07 1.80879e-07 1.59672e-07 1.39506e-07 1.20747e-07 1.03615e-07 8.82121e-08 7.45505e-08 6.25776e-08 5.21956e-08 4.3279e-08 3.56868e-08 2.92732e-08 2.38945e-08 1.94136e-08 1.57038e-08 1.26501e-08 1.01498e-08 8.11313e-09 6.46184e-09 5.12902e-09 4.05777e-09 3.2002e-09 2.51628e-09 1.97282e-09 1.54245e-09 1.20275e-09 9.35463e-10 7.25775e-10 5.61748e-10 4.33791e-10 3.34237e-10 2.56977e-10 1.97165e-10 1.5097e-10 1.15373e-10 8.80031e-11 6.70029e-11 5.09232e-11 3.86355e-11 2.92636e-11 2.21289e-11 1.67071e-11 1.25942e-11 9.47949e-12 7.12464e-12 5.34712e-12 4.00747e-12 2.99938e-12 2.2419e-12 1.67354e-12 1.2477e-12 9.29062e-13 6.90964e-13 5.13279e-13 3.80847e-13 2.82265e-13 2.08969e-13 1.54539e-13 1.14165e-13 8.42521e-14 6.21133e-14 4.57463e-14 3.36592e-14 2.47421e-14 1.81702e-14 1.33317e-14 9.77274e-15 7.15753e-15 5.23759e-15 3.82939e-15 2.79745e-15 2.04191e-15 1.48922e-15 1.08527e-15 7.90269e-16 5.75014e-16 4.18074e-16 3.03742e-16 2.20516e-16 1.59978e-16 1.15978e-16 8.40208e-17 6.08276e-17 4.40069e-17 3.18165e-17 2.29879e-17 1.65984e-17 1.19773e-17
6.61888e-08 9.77011e-08 1.31365e-07 1.59238e-07 1.80123e-07 1.93723e-07 2.0039e-07 2.00903e-07 1.96276e-07 1.87611e-07 1.75991e-07 1.62407e-07 1.47719e-07 1.32638e-07 1.17725e-07 1.03399e-07 8.99518e-08 7.75717e-08 6.63584e-08 5.63446e-08 4.7512e-08 3.98067e-08 3.31506e-08 2.7452e-08 2.26127e-08 1.85335e-08 1.51185e-08 1.22778e-08 9.92867e-09 7.99671e-09 6.41603e-09 5.12902e-09 4.08589e-09 3.24408e-09 2.5675e-09 2.02581e-09 1.59373e-09 1.25027e-09 9.78173e-10 7.63298e-10 5.94128e-10 4.61332e-10 3.57379e-10 2.76226e-10 2.13034e-10 1.63952e-10 1.25919e-10 9.65182e-11 7.38397e-11 5.63847e-11 4.2978e-11 3.27014e-11 2.48397e-11 1.88367e-11 1.42613e-11 1.07803e-11 8.13656e-12 6.13198e-12 4.61456e-12 3.46771e-12 2.60229e-12 1.95022e-12 1.45962e-12 1.09103e-12 8.14491e-13 6.07302e-13 4.52273e-13 3.36425e-13 2.49963e-13 1.85514e-13 1.37531e-13 1.01848e-13 7.53445e-14 5.56801e-14 4.11063e-14 3.0317e-14 2.23378e-14 1.6443e-14 1.20925e-14 8.88486e-15 6.5222e-15 4.78358e-15 3.50538e-15 2.56653e-15 1.87756e-15 1.37241e-15 1.00235e-15 7.315e-16 5.33418e-16 3.88675e-16 2.82994e-16 2.05895e-16 1.49691e-16 1.08751e-16 7.89519e-17 5.72782e-17 4.15258e-17 3.00852e-17 2.17821e-17 1.57602e-17 1.13957e-17
