0.373254 0.0376703 0.022935 0.0151408 0.0104824 0.00745872 0.00539177 0.0039338 0.0028859 0.00212417 0.00156661 0.00115675 0.000854675 0.000631667 0.000466874 0.000345036 0.000254937 0.000188308 0.000139042 0.000102623 7.57081e-05 5.58234e-05 4.11366e-05 3.02912e-05 2.22825e-05 1.63666e-05 1.19923e-05 8.75109e-06 6.33918e-06 4.53006e-06 3.32909e-06
0.0376703 0.0066917 0.00383651 0.00231936 0.00144873 0.000925797 0.000602117 0.00039722 0.000265144 0.000178716 0.000121441 8.30799e-05 5.71589e-05 3.9513e-05 2.74253e-05 1.91012e-05 1.33431e-05 9.34465e-06 6.55892e-06 4.61246e-06 3.24895e-06 2.29161e-06 1.61801e-06 1.14309e-06 8.07527e-07 5.69858e-07 4.01008e-07 2.8055e-07 1.94111e-07 1.31592e-07 9.37762e-08
0.022935 0.00383651 0.0020577 0.00118674 0.000718385 0.000449749 0.000288594 0.000188699 0.000125211 8.40614e-05 5.69696e-05 3.89059e-05 2.67375e-05 1.84709e-05 1.2816e-05 8.92513e-06 6.23503e-06 4.36745e-06 3.06632e-06 2.15707e-06 1.51997e-06 1.07249e-06 7.57503e-07 5.35305e-07 3.78214e-07 2.66876e-07 1.87723e-07 1.31233e-07 9.0725e-08 6.37412e-08 4.54476e-08
0.0151408 0.00231936 0.00118674 0.00066026 0.000389795 0.000239981 0.000152296 9.88522e-05 6.52717e-05 4.3675e-05 2.95315e-05 2.01358e-05 1.38227e-05 9.54181e-06 6.61709e-06 4.60658e-06 3.21742e-06 2.25342e-06 1.58201e-06 1.11289e-06 7.84214e-07 5.53366e-07 3.90861e-07 2.76219e-07 1.95161e-07 1.37711e-07 9.68807e-08 6.77756e-08 4.78314e-08 3.36078e-08 2.39655e-08
0.0104824 0.00144873 0.000718385 0.000389795 0.000226042 0.000137496 8.65653e-05 5.58917e-05 3.67736e-05 2.45453e-05 1.65672e-05 1.12813e-05 7.73656e-06 5.3363e-06 3.69827e-06 2.57325e-06 1.79646e-06 1.25774e-06 8.82701e-07 6.20775e-07 4.37327e-07 3.08523e-07 2.17879e-07 1.53951e-07 1.08767e-07 7.67616e-08 5.40419e-08 3.8221e-08 2.69756e-08 1.89533e-08 1.35132e-08
0.00745872 0.000925797 0.000449749 0.000239981 0.000137496 8.29591e-05 5.19506e-05 3.34228e-05 2.19361e-05 1.46154e-05 9.85126e-06 6.7007e-06 4.59093e-06 3.16401e-06 2.1912e-06 1.52363e-06 1.06305e-06 7.43848e-07 5.21776e-07 3.66772e-07 2.58272e-07 1.82131e-07 1.28576e-07 9.08271e-08 6.41651e-08 4.52987e-08 3.20606e-08 2.26732e-08 1.60006e-08 1.1241e-08 8.01167e-09
0.00539177 0.000602117 0.000288594 0.000152296 8.65653e-05 5.19506e-05 3.24172e-05 2.08053e-05 1.3631e-05 9.06943e-06 6.10608e-06 4.14909e-06 2.84011e-06 1.95572e-06 1.35333e-06 9.40324e-07 6.5561e-07 4.58442e-07 3.21373e-07 2.25768e-07 1.58892e-07 1.11992e-07 7.9027e-08 5.5808e-08 3.94233e-08 2.78959e-08 1.9739e-08 1.39562e-08 9.84698e-09 6.91679e-09 4.9275e-09
0.0039338 0.00039722 0.000188699 9.88522e-05 5.58917e-05 3.34228e-05 2.08053e-05 1.33296e-05 8.72119e-06 5.79598e-06 3.89814e-06 2.64622e-06 1.80971e-06 1.24509e-06 8.60862e-07 5.97665e-07 4.16382e-07 2.90947e-07 2.03815e-07 1.43088e-07 1.00641e-07 7.08953e-08 5.00033e-08 3.53003e-08 2.49561e-08 1.76524e-08 1.24865e-08 8.82574e-09 6.22546e-09 4.37214e-09 3.11318e-09
0.0028859 0.000265144 0.000125211 6.52717e-05 3.67736e-05 2.19361e-05 1.3631e-05 8.72119e-06 5.69943e-06 3.78377e-06 2.54227e-06 1.72414e-06 1.17802e-06 8.09757e-07 5.59388e-07 3.88041e-07 2.70126e-07 1.88607e-07 1.32028e-07 9.26265e-08 6.51073e-08 4.58376e-08 3.23142e-08 2.28135e-08 1.61209e-08 1.1398e-08 8.05927e-09 5.69447e-09 4.01556e-09 2.81958e-09 2.00668e-09
0.00212417 0.000178716 8.40614e-05 4.3675e-05 2.45453e-05 1.46154e-05 9.06943e-06 5.79598e-06 3.78377e-06 2.50946e-06 1.68442e-06 1.14127e-06 7.79052e-07 5.35026e-07 3.69281e-07 2.55951e-07 1.78032e-07 1.24211e-07 8.68863e-08 6.09149e-08 4.27898e-08 3.01081e-08 2.12186e-08 1.49722e-08 1.05747e-08 7.47328e-09 5.28198e-09 3.73073e-09 2.63e-09 1.84632e-09 1.31338e-09
0.00156661 0.000121441 5.69696e-05 2.95315e-05 1.65672e-05 9.85126e-06 6.10608e-06 3.89814e-06 2.54227e-06 1.68442e-06 1.12955e-06 7.64595e-07 5.21445e-07 3.57791e-07 2.46739e-07 1.70876e-07 1.18763e-07 8.27967e-08 5.78756e-08 4.05485e-08 2.84656e-08 2.00195e-08 1.41007e-08 9.94434e-09 7.02006e-09 4.95885e-09 3.50335e-09 2.47355e-09 1.74321e-09 1.22353e-09 8.69949e-10
0.00115675 8.30799e-05 3.89059e-05 2.01358e-05 1.12813e-05 6.7007e-06 4.14909e-06 2.64622e-06 1.72414e-06 1.14127e-06 7.64595e-07 5.17077e-07 3.52323e-07 2.41537e-07 1.66428e-07 1.15165e-07 7.99811e-08 5.57188e-08 3.8921e-08 2.72508e-08 1.91195e-08 1.34385e-08 9.46009e-09 6.66809e-09 4.7049e-09 3.32194e-09 2.34592e-09 1.65573e-09 1.16651e-09 8.18598e-10 5.81771e-10
0.000854675 5.71589e-05 2.67375e-05 1.38227e-05 7.73656e-06 4.59093e-06 2.84011e-06 1.80971e-06 1.17802e-06 7.79052e-07 5.21445e-07 3.52323e-07 2.39853e-07 1.64294e-07 1.13113e-07 7.82112e-08 5.42767e-08 3.77852e-08 2.63763e-08 1.84563e-08 1.29413e-08 9.09079e-09 6.39599e-09 4.50599e-09 3.17782e-09 2.24272e-09 1.58314e-09 1.11697e-09 7.86706e-10 5.51966e-10 3.92108e-10
0.000631667 3.9513e-05 1.84709e-05 9.54181e-06 5.3363e-06 3.16401e-06 1.95572e-06 1.24509e-06 8.09757e-07 5.35026e-07 3.57791e-07 2.41537e-07 1.64294e-07 1.12446e-07 7.73562e-08 5.34476e-08 3.70649e-08 2.57857e-08 1.79885e-08 1.25794e-08 8.81533e-09 6.189e-09 4.35208e-09 3.06452e-09 2.16022e-09 1.5239e-09 1.07529e-09 7.58396e-10 5.34006e-10 3.746e-10 2.65998e-10
0.000466874 2.74253e-05 1.2816e-05 6.61709e-06 3.69827e-06 2.1912e-06 1.35333e-06 8.60862e-07 5.59388e-07 3.69281e-07 2.46739e-07 1.66428e-07 1.13113e-07 7.73562e-08 5.31769e-08 3.67152e-08 2.5444e-08 1.76898e-08 1.23331e-08 8.61941e-09 6.03688e-09 4.23606e-09 2.97727e-09 2.09544e-09 1.47643e-09 1.04109e-09 7.34334e-10 5.17746e-10 3.64458e-10 2.55618e-10 1.81439e-10
0.000345036 1.91012e-05 8.92513e-06 4.60658e-06 2.57325e-06 1.52363e-06 9.40324e-07 5.97665e-07 3.88041e-07 2.55951e-07 1.70876e-07 1.15165e-07 7.82112e-08 5.34476e-08 3.67152e-08 2.53322e-08 1.75441e-08 1.21899e-08 8.49355e-09 5.93267e-09 4.1529e-09 2.91258e-09 2.04607e-09 1.43939e-09 1.01374e-09 7.1454e-10 5.03815e-10 3.55101e-10 2.49901e-10 1.75242e-10 1.2434e-10
0.000254937 1.33431e-05 6.23503e-06 3.21742e-06 1.79646e-06 1.06305e-06 6.5561e-07 4.16382e-07 2.70126e-07 1.78032e-07 1.18763e-07 7.99811e-08 5.42767e-08 3.70649e-08 2.5444e-08 1.75441e-08 1.21429e-08 8.43199e-09 5.87183e-09 4.09921e-09 2.86798e-09 2.01043e-09 1.41166e-09 9.92643e-10 6.98814e-10 4.92369e-10 3.4704e-10 2.44526e-10 1.7204e-10 1.20623e-10 8.55542e-11
0.000188308 9.34465e-06 4.36745e-06 2.25342e-06 1.25774e-06 7.43848e-07 4.58442e-07 2.90947e-07 1.88607e-07 1.24211e-07 8.27967e-08 5.57188e-08 3.77852e-08 2.57857e-08 1.76898e-08 1.21899e-08 8.43199e-09 5.85183e-09 4.07287e-09 2.84185e-09 1.9873e-09 1.39242e-09 9.77275e-10 6.86902e-10 4.8338e-10 3.40451e-10 2.3988e-10 1.68969e-10 1.18852e-10 8.33179e-11 5.90739e-11
0.000139042 6.55892e-06 3.06632e-06 1.58201e-06 8.82701e-07 5.21776e-07 3.21373e-07 2.03815e-07 1.32028e-07 8.68863e-08 5.78756e-08 3.8921e-08 2.63763e-08 1.79885e-08 1.23331e-08 8.49355e-09 5.87183e-09 4.07287e-09 2.83324e-09 1.97592e-09 1.3811e-09 9.67247e-10 6.78572e-10 4.76757e-10 3.35369e-10 2.3612e-10 1.66314e-10 1.17116e-10 8.23587e-11 5.77266e-11 4.09153e-11
0.000102623 4.61246e-06 2.15707e-06 1.11289e-06 6.20775e-07 3.66772e-07 2.25768e-07 1.43088e-07 9.26265e-08 6.09149e-08 4.05485e-08 2.72508e-08 1.84563e-08 1.25794e-08 8.61941e-09 5.93267e-09 4.09921e-09 2.84185e-09 1.97592e-09 1.37737e-09 9.62298e-10 6.73648e-10 4.72403e-10 3.31774e-10 2.33296e-10 1.64197e-10 1.15617e-10 8.1393e-11 5.72246e-11 4.01038e-11 2.84154e-11
7.57081e-05 3.24895e-06 1.51997e-06 7.84214e-07 4.37327e-07 2.58272e-07 1.58892e-07 1.00641e-07 6.51073e-08 4.27898e-08 2.84656e-08 1.91195e-08 1.29413e-08 8.81533e-09 6.03688e-09 4.1529e-09 2.86798e-09 1.9873e-09 1.3811e-09 9.62298e-10 6.72019e-10 4.70246e-10 3.29634e-10 2.31419e-10 1.6267e-10 1.14452e-10 8.05649e-11 5.67012e-11 3.98558e-11 2.79276e-11 1.97818e-11
5.58234e-05 2.29161e-06 1.07249e-06 5.53366e-07 3.08523e-07 1.82131e-07 1.11992e-07 7.08953e-08 4.58376e-08 3.01081e-08 2.00195e-08 1.34385e-08 9.09079e-09 6.189e-09 4.23606e-09 2.91258e-09 2.01043e-09 1.39242e-09 9.67247e-10 6.73648e-10 4.70246e-10 3.28924e-10 2.30483e-10 1.61751e-10 1.1366e-10 7.99434e-11 5.62573e-11 3.95832e-11 2.78176e-11 1.94896e-11 1.38007e-11
4.11366e-05 1.61801e-06 7.57503e-07 3.90861e-07 2.17879e-07 1.28576e-07 7.9027e-08 5.00033e-08 3.23142e-08 2.12186e-08 1.41007e-08 9.46009e-09 6.39599e-09 4.35208e-09 2.97727e-09 2.04607e-09 1.41166e-09 9.77275e-10 6.78572e-10 4.72403e-10 3.29634e-10 2.30483e-10 1.61445e-10 1.13261e-10 7.95611e-11 5.59424e-11 3.93563e-11 2.76846e-11 1.94517e-11 1.36265e-11 9.64623e-12
3.02912e-05 1.14309e-06 5.35305e-07 2.76219e-07 1.53951e-07 9.08271e-08 5.5808e-08 3.53003e-08 2.28135e-08 1.49722e-08 9.94434e-09 6.66809e-09 4.50599e-09 3.06452e-09 2.09544e-09 1.43939e-09 9.92643e-10 6.86902e-10 4.76757e-10 3.31774e-10 2.31419e-10 1.61751e-10 1.13261e-10 7.94324e-11 5.57802e-11 3.92095e-11 2.7577e-11 1.9394e-11 1.36239e-11 9.54273e-12 6.75346e-12
2.22825e-05 8.07527e-07 3.78214e-07 1.95161e-07 1.08767e-07 6.41651e-08 3.94233e-08 2.49561e-08 1.61209e-08 1.05747e-08 7.02006e-09 4.7049e-09 3.17782e-09 2.16022e-09 1.47643e-09 1.01374e-09 6.98814e-10 4.8338e-10 3.35369e-10 2.33296e-10 1.6267e-10 1.1366e-10 7.95611e-11 5.57802e-11 3.91591e-11 2.75184e-11 1.93493e-11 1.36046e-11 9.55518e-12 6.69206e-12 4.73477e-12
1.63666e-05 5.69858e-07 2.66876e-07 1.37711e-07 7.67616e-08 4.52987e-08 2.78959e-08 1.76524e-08 1.1398e-08 7.47328e-09 4.95885e-09 3.32194e-09 2.24272e-09 1.5239e-09 1.04109e-09 7.1454e-10 4.92369e-10 3.40451e-10 2.3612e-10 1.64197e-10 1.14452e-10 7.99434e-11 5.59424e-11 3.92095e-11 2.75184e-11 1.9333e-11 1.35905e-11 9.5535e-12 6.70872e-12 4.69798e-12 3.32309e-12
1.19923e-05 4.01008e-07 1.87723e-07 9.68807e-08 5.40419e-08 3.20606e-08 1.9739e-08 1.24865e-08 8.05927e-09 5.28198e-09 3.50335e-09 2.34592e-09 1.58314e-09 1.07529e-09 7.34334e-10 5.03815e-10 3.4704e-10 2.3988e-10 1.66314e-10 1.15617e-10 8.05649e-11 5.62573e-11 3.93563e-11 2.7577e-11 1.93493e-11 1.35905e-11 9.5516e-12 6.71299e-12 4.71327e-12 3.30027e-12 2.33389e-12
8.75109e-06 2.8055e-07 1.31233e-07 6.77756e-08 3.8221e-08 2.26732e-08 1.39562e-08 8.82574e-09 5.69447e-09 3.73073e-09 2.47355e-09 1.65573e-09 1.11697e-09 7.58396e-10 5.17746e-10 3.55101e-10 2.44526e-10 1.68969e-10 1.17116e-10 8.1393e-11 5.67012e-11 3.95832e-11 2.76846e-11 1.9394e-11 1.36046e-11 9.5535e-12 6.71299e-12 4.71714e-12 3.31149e-12 2.31852e-12 1.63928e-12
6.33918e-06 1.94111e-07 9.0725e-08 4.78314e-08 2.69756e-08 1.60006e-08 9.84698e-09 6.22546e-09 4.01556e-09 2.63e-09 1.74321e-09 1.16651e-09 7.86706e-10 5.34006e-10 3.64458e-10 2.49901e-10 1.7204e-10 1.18852e-10 8.23587e-11 5.72246e-11 3.98558e-11 2.78176e-11 1.94517e-11 1.36239e-11 9.55518e-12 6.70872e-12 4.71327e-12 3.31149e-12 2.32443e-12 1.62732e-12 1.15038e-12
4.53006e-06 1.31592e-07 6.37412e-08 3.36078e-08 1.89533e-08 1.1241e-08 6.91679e-09 4.37214e-09 2.81958e-09 1.84632e-09 1.22353e-09 8.18598e-10 5.51966e-10 3.746e-10 2.55618e-10 1.75242e-10 1.20623e-10 8.33179e-11 5.77266e-11 4.01038e-11 2.79276e-11 1.94896e-11 1.36265e-11 9.54273e-12 6.69206e-12 4.69798e-12 3.30027e-12 2.31852e-12 1.62732e-12 1.13922e-12 8.05248e-13
3.32909e-06 9.37762e-08 4.54476e-08 2.39655e-08 1.35132e-08 8.01167e-09 4.9275e-09 3.11318e-09 2.00668e-09 1.31338e-09 8.69949e-10 5.81771e-10 3.92108e-10 2.65998e-10 1.81439e-10 1.2434e-10 8.55542e-11 5.90739e-11 4.09153e-11 2.84154e-11 1.97818e-11 1.38007e-11 9.64623e-12 6.75346e-12 4.73477e-12 3.32309e-12 2.33389e-12 1.63928e-12 1.15038e-12 8.05248e-13 5.69049e-13
