0.252106 0.111552 0.0493591 0.0218403 0.00966385 0.00427604 0.00189205 0.000837192 0.000370439 0.000163911 7.2527e-05 3.20916e-05 1.41998e-05 6.2831e-06 2.78013e-06 1.23015e-06 5.44313e-07 2.40847e-07 1.06569e-07 4.71545e-08 2.08648e-08 9.23223e-09 4.08506e-09 1.80755e-09 7.998e-10 3.53894e-10 1.5659e-10 6.92877e-11 3.06583e-11 1.35656e-11 6.00248e-12 2.65596e-12 1.17521e-12 5.20003e-13 2.3009e-13 1.0181e-13 4.50485e-14 1.9933e-14 8.81989e-15 3.90261e-15 1.72682e-15 7.64078e-16 3.38088e-16 1.49596e-16 6.61931e-17 2.9289e-17 1.29597e-17 5.73439e-18 2.53734e-18 1.12272e-18 4.96778e-19 2.19813e-19 9.72624e-20 4.30365e-20 1.90427e-20 8.42597e-21 3.7283e-21 1.64969e-21 7.29952e-22 3.22988e-22 1.42915e-22 6.32367e-23 2.79808e-23 1.23809e-23 5.47828e-24 2.42402e-24 1.07257e-24 4.7459e-25 2.09996e-25 9.29184e-26 4.11143e-26 1.81922e-26 8.04964e-27 3.56179e-27 1.57601e-27 6.9735e-28 3.08562e-28 1.36532e-28 6.04123e-29 2.67311e-29 1.18279e-29 5.2336e-30 2.31575e-30 1.02467e-30 4.53393e-31 2.00616e-31 8.87684e-32 3.9278e-32 1.73797e-32 7.69012e-33 3.40271e-33 1.50562e-33 6.66204e-34 2.94781e-34 1.30434e-34 5.77141e-35 2.55372e-35 1.12997e-35 4.99985e-36 2.21232e-36 9.78904e-37
0.111552 0.0641639 0.0349419 0.0183596 0.00940628 0.00472958 0.00234384 0.00114821 0.00055722 0.000268311 0.000128347 6.105e-05 2.88978e-05 1.36205e-05 6.39576e-06 2.99324e-06 1.39668e-06 6.49966e-07 3.01739e-07 1.39771e-07 6.46148e-08 2.98159e-08 1.3735e-08 6.31734e-09 2.90143e-09 1.33079e-09 6.09626e-10 2.78942e-10 1.27494e-10 5.82138e-11 2.6555e-11 1.21025e-11 5.51105e-12 2.50753e-12 1.14006e-12 5.17965e-13 2.35167e-13 1.06701e-13 4.83836e-14 2.19266e-14 9.93122e-15 4.49575e-15 2.03414e-15 9.19916e-16 4.15828e-16 1.87882e-16 8.48535e-17 3.83068e-17 1.72867e-17 7.79797e-18 3.51636e-18 1.58509e-18 7.14274e-19 3.21762e-19 1.449e-19 6.52333e-20 2.93591e-20 1.32097e-20 5.94187e-21 2.67201e-21 1.20127e-21 5.3993e-22 2.4262e-22 1.08997e-22 4.8956e-23 2.19836e-23 9.86963e-24 4.43008e-24 1.98808e-24 8.92014e-25 4.00153e-25 1.79473e-25 8.04813e-26 3.60839e-26 1.61755e-26 7.24985e-27 3.24885e-27 1.45566e-27 6.52117e-28 2.92095e-28 1.30815e-28 5.85775e-29 2.62266e-29 1.17407e-29 5.25516e-30 2.35192e-30 1.05245e-30 4.709e-31 2.10669e-31 9.42371e-32 4.21494e-32 1.885e-32 8.42913e-33 3.76883e-33 1.68493e-33 7.53205e-34 3.36666e-34 1.50467e-34 6.72418e-35 3.00466e-35 1.34249e-35
0.0493591 0.0349419 0.0221276 0.0131255 0.0074534 0.00410145 0.00220365 0.00116187 0.000603284 0.000309288 0.000156869 7.88326e-05 3.93007e-05 1.94557e-05 9.57182e-06 4.68315e-06 2.27993e-06 1.10498e-06 5.33357e-07 2.56487e-07 1.22923e-07 5.87274e-08 2.79764e-08 1.32917e-08 6.29922e-09 2.97843e-09 1.40524e-09 6.61655e-10 3.10949e-10 1.45872e-10 6.8316e-11 3.19437e-11 1.49141e-11 6.95334e-12 3.23746e-12 1.50543e-12 6.99184e-13 3.24354e-13 1.50303e-13 6.95764e-14 3.21751e-14 1.48648e-14 6.86122e-15 3.16418e-15 1.45799e-15 6.71266e-16 3.08815e-16 1.41963e-16 6.52142e-17 2.99369e-17 1.37335e-17 6.29619e-18 2.88472e-18 1.3209e-18 6.04482e-19 2.76474e-19 1.26383e-19 5.77428e-20 2.63685e-20 1.20354e-20 5.49069e-21 2.50377e-21 1.14121e-21 5.19936e-22 2.36783e-22 1.07788e-22 4.90479e-23 2.23101e-23 1.01442e-23 4.61079e-24 2.09497e-24 9.51545e-25 4.3205e-25 1.96108e-25 8.8985e-26 4.03647e-26 1.83044e-26 8.29808e-27 3.76075e-27 1.70391e-27 7.71791e-28 3.4949e-28 1.58217e-28 7.16081e-29 3.24011e-29 1.46571e-29 6.62879e-30 2.9972e-30 1.35487e-30 6.12323e-31 2.76673e-31 1.24985e-31 5.64494e-32 2.54899e-32 1.15077e-32 5.19424e-33 2.34407e-33 1.05763e-33 4.77109e-34 2.15189e-34 9.70382e-35
0.0218403 0.0183596 0.0131255 0.00858261 0.00529657 0.00313684 0.0018009 0.00100892 0.000554117 0.00029935 0.000159475 8.39451e-05 4.37286e-05 2.2571e-05 1.15558e-05 5.87346e-06 2.96581e-06 1.48874e-06 7.43284e-07 3.69273e-07 1.82631e-07 8.99478e-08 4.41296e-08 2.15731e-08 1.05111e-08 5.10544e-09 2.4726e-09 1.19423e-09 5.75322e-10 2.76493e-10 1.32577e-10 6.34331e-11 3.02886e-11 1.44346e-11 6.86645e-12 3.26064e-12 1.5458e-12 7.31669e-13 3.45796e-13 1.63192e-13 7.69095e-14 3.61981e-14 1.70154e-14 7.9886e-15 3.74622e-15 1.7548e-15 8.211e-16 3.83808e-16 1.79224e-16 8.36109e-17 3.89695e-17 1.81467e-17 8.44298e-18 3.92491e-18 1.82311e-18 8.46169e-19 3.92439e-19 1.81873e-19 8.42279e-20 3.89802e-20 1.80278e-20 8.3322e-21 3.8486e-21 1.77657e-21 8.19598e-22 3.77894e-22 1.74139e-22 8.02016e-23 3.69182e-23 1.69853e-23 7.81061e-24 3.58992e-24 1.64921e-24 7.57295e-25 3.47581e-25 1.59461e-25 7.31248e-26 3.3519e-26 1.53581e-26 7.03411e-27 3.2204e-27 1.47381e-27 6.74235e-28 3.08333e-28 1.40953e-28 6.4413e-29 2.94255e-29 1.34378e-29 6.13461e-30 2.79967e-30 1.27729e-30 5.82553e-31 2.65613e-31 1.2107e-31 5.51689e-32 2.51321e-32 1.14456e-32 5.21114e-33 2.37196e-33 1.07936e-33 4.91038e-34
0.00966385 0.00940628 0.0074534 0.00529657 0.00351088 0.00221551 0.00134723 0.000795709 0.000458983 0.000259597 0.000144401 7.91799e-05 4.28786e-05 2.29665e-05 1.21817e-05 6.40515e-06 3.34141e-06 1.73074e-06 8.90649e-07 4.55612e-07 2.31795e-07 1.17332e-07 5.91148e-08 2.96541e-08 1.48154e-08 7.37384e-09 3.65707e-09 1.80769e-09 8.90748e-10 4.37623e-10 2.14404e-10 1.04766e-10 5.10642e-11 2.48304e-11 1.20467e-11 5.83203e-12 2.81761e-12 1.35861e-12 6.53877e-13 3.1414e-13 1.50663e-13 7.21406e-14 3.44882e-14 1.64629e-14 7.84713e-15 3.73518e-15 1.77554e-15 8.4292e-16 3.99671e-16 1.89277e-16 8.95339e-17 4.23051e-17 1.99677e-17 9.41472e-18 4.43453e-18 2.08671e-18 9.80993e-19 4.60754e-19 2.16214e-19 1.01374e-19 4.74897e-20 2.2229e-20 1.03968e-20 4.85893e-21 2.26912e-21 1.05891e-21 4.93802e-22 2.30116e-22 1.07164e-22 4.98732e-23 2.31958e-23 1.07815e-23 5.00829e-24 2.3251e-24 1.07881e-24 5.00266e-25 2.31856e-25 1.074e-25 4.97236e-26 2.3009e-26 1.06418e-26 4.91951e-27 2.2731e-27 1.04982e-27 4.84628e-28 2.23619e-28 1.03138e-28 4.75491e-29 2.19121e-29 1.00936e-29 4.64762e-30 2.13917e-30 9.84217e-31 4.52659e-31 2.08109e-31 9.56423e-32 4.39394e-32 2.01793e-32 9.26417e-33 4.25168e-33 1.95061e-33
0.00427604 0.00472958 0.00410145 0.00313684 0.00221551 0.00147942 0.000947066 0.000586485 0.000353535 0.000208388 0.00012052 6.85711e-05 3.84614e-05 2.13034e-05 1.16686e-05 6.32759e-06 3.40041e-06 1.81244e-06 9.58838e-07 5.03789e-07 2.63032e-07 1.36533e-07 7.04878e-08 3.62082e-08 1.85123e-08 9.42343e-09 4.77716e-09 2.41241e-09 1.21381e-09 6.08633e-10 3.04194e-10 1.51569e-10 7.53013e-11 3.73071e-11 1.84346e-11 9.08632e-12 4.46788e-12 2.1919e-12 1.07298e-12 5.24148e-13 2.55532e-13 1.24338e-13 6.03892e-14 2.92783e-14 1.41708e-14 6.84744e-15 3.30352e-15 1.59135e-15 7.6545e-16 3.67666e-16 1.76358e-16 8.44819e-17 4.04182e-17 1.93131e-17 9.21742e-18 4.39402e-18 2.09232e-18 9.9522e-19 4.72881e-19 2.2446e-19 1.06437e-19 5.0423e-20 2.38646e-20 1.12845e-20 5.33122e-21 2.51648e-21 1.18685e-21 5.59293e-22 2.63352e-22 1.23907e-22 5.82541e-23 2.73675e-23 1.28478e-23 6.02723e-24 2.82558e-24 1.32375e-24 6.19754e-25 2.89971e-25 1.35587e-25 6.33599e-26 2.95905e-26 1.38113e-26 6.44272e-27 3.00372e-27 1.39963e-27 6.51827e-28 3.03406e-28 1.41153e-28 6.56357e-29 3.05052e-29 1.41709e-29 6.57983e-30 3.05372e-30 1.4166e-30 6.56854e-31 3.04439e-31 1.41041e-31 6.53139e-32 3.02333e-32 1.39891e-32 6.47022e-33
0.00189205 0.00234384 0.00220365 0.0018009 0.00134723 0.000947066 0.000635339 0.000410823 0.000257827 0.000157833 9.46032e-05 5.56822e-05 3.2258e-05 1.84281e-05 1.03973e-05 5.80105e-06 3.20417e-06 1.75367e-06 9.51808e-07 5.12649e-07 2.74171e-07 1.45676e-07 7.69341e-08 4.04017e-08 2.11054e-08 1.0971e-08 5.67661e-09 2.92444e-09 1.50043e-09 7.66849e-10 3.90492e-10 1.98157e-10 1.00225e-10 5.05338e-11 2.54036e-11 1.27343e-11 6.36621e-12 3.1744e-12 1.57894e-12 7.83507e-13 3.87911e-13 1.91635e-13 9.44731e-14 4.64802e-14 2.28237e-14 1.11866e-14 5.47302e-15 2.67304e-15 1.30334e-15 6.34469e-16 3.0838e-16 1.49661e-16 7.25265e-17 3.50972e-17 1.69611e-17 8.18582e-18 3.94559e-18 1.89942e-18 9.13285e-19 4.38613e-19 2.10408e-19 1.00823e-19 4.82606e-20 2.30764e-20 1.10231e-20 5.26025e-21 2.50778e-21 1.19444e-21 5.68383e-22 2.70228e-22 1.28363e-22 6.09228e-23 2.88908e-23 1.36895e-23 6.48146e-24 3.06635e-24 1.44958e-24 6.8477e-25 3.23246e-25 1.52481e-25 7.18782e-26 3.386e-26 1.594e-26 7.49914e-27 3.52581e-27 1.65668e-27 7.77952e-28 3.65098e-28 1.71244e-28 8.02732e-29 3.76083e-29 1.761e-29 8.24138e-30 3.85489e-30 1.80219e-30 8.42105e-31 3.93293e-31 1.83592e-31 8.5661e-32 3.99491e-32 1.86222e-32
0.000837192 0.00114821 0.00116187 0.00100892 0.000795709 0.000586485 0.000410823 0.00027648 0.00018011 0.000114194 7.07553e-05 4.29793e-05 2.56589e-05 1.50862e-05 8.75006e-06 5.01347e-06 2.84102e-06 1.59388e-06 8.86048e-07 4.88436e-07 2.67172e-07 1.45097e-07 7.82774e-08 4.19681e-08 2.23711e-08 1.18604e-08 6.25602e-09 3.2841e-09 1.71622e-09 8.93051e-10 4.62834e-10 2.38952e-10 1.22918e-10 6.30117e-11 3.21955e-11 1.63986e-11 8.32753e-12 4.21678e-12 2.12939e-12 1.07248e-12 5.38801e-13 2.70034e-13 1.3502e-13 6.73613e-14 3.35342e-14 1.66597e-14 8.25997e-15 4.08747e-15 2.01894e-15 9.95438e-16 4.89949e-16 2.40746e-16 1.18103e-16 5.78472e-17 2.82905e-17 1.38152e-17 6.73681e-18 3.28055e-18 1.59534e-18 7.74803e-19 3.75816e-19 1.82064e-19 8.80943e-20 4.25759e-20 2.05535e-20 9.91114e-21 4.77412e-21 2.29723e-21 1.10426e-21 5.30276e-22 2.54395e-22 1.21928e-22 5.83836e-23 2.79309e-23 1.33504e-23 6.37569e-24 3.04223e-24 1.45043e-24 6.90957e-25 3.28897e-25 1.56435e-25 7.43495e-26 3.53102e-26 1.67574e-26 7.94703e-27 3.76617e-27 1.78361e-27 8.44127e-28 3.99238e-28 1.88702e-28 8.91349e-29 4.20776e-29 1.98514e-29 9.35991e-30 4.41062e-30 2.0772e-30 9.77719e-31 4.59949e-31 2.16257e-31 1.01625e-31 4.7731e-32
0.000370439 0.00055722 0.000603284 0.000554117 0.000458983 0.000353535 0.000257827 0.00018011 0.000121495 7.96009e-05 5.08776e-05 3.18317e-05 1.95475e-05 1.18078e-05 7.02864e-06 4.12906e-06 2.39695e-06 1.37646e-06 7.82648e-07 4.40983e-07 2.46397e-07 1.36608e-07 7.51948e-08 4.11131e-08 2.23381e-08 1.20659e-08 6.48141e-09 3.46356e-09 1.84181e-09 9.74888e-10 5.13756e-10 2.6962e-10 1.40938e-10 7.33958e-11 3.80853e-11 1.96951e-11 1.01518e-11 5.21638e-12 2.67238e-12 1.36516e-12 6.95464e-13 3.53362e-13 1.79087e-13 9.05417e-14 4.56682e-14 2.29824e-14 1.15407e-14 5.78297e-15 2.89194e-15 1.44336e-15 7.19008e-16 3.57516e-16 1.77454e-16 8.79281e-17 4.34955e-17 2.14812e-17 1.05923e-17 5.21506e-18 2.56381e-18 1.2586e-18 6.16998e-19 3.02057e-19 1.47679e-19 7.21093e-20 3.51657e-20 1.71284e-20 8.33293e-21 4.04926e-21 1.96546e-21 9.52954e-22 4.61544e-22 2.23305e-22 1.0793e-22 5.2113e-23 2.51379e-23 1.21142e-23 5.83252e-24 2.80557e-24 1.34834e-24 6.47435e-25 3.10615e-25 1.48897e-25 7.13172e-26 3.41314e-26 1.63219e-26 7.79931e-27 3.72403e-27 1.77684e-27 8.4717e-28 4.0363e-28 1.92174e-28 9.14339e-29 4.3474e-29 2.0657e-29 9.80897e-30 4.65484e-30 2.20758e-30 1.04631e-30 4.95617e-31 2.34626e-31 1.11008e-31
0.000163911 0.000268311 0.000309288 0.00029935 0.000259597 0.000208388 0.000157833 0.000114194 7.96009e-05 5.3791e-05 3.54032e-05 2.27766e-05 1.43645e-05 8.90145e-06 5.43031e-06 3.26645e-06 1.93999e-06 1.13892e-06 6.61593e-07 3.80594e-07 2.16987e-07 1.22687e-07 6.88343e-08 3.83429e-08 2.1215e-08 1.16643e-08 6.37531e-09 3.46513e-09 1.87348e-09 1.0079e-09 5.39678e-10 2.8768e-10 1.52699e-10 8.07248e-11 4.2511e-11 2.23048e-11 1.16619e-11 6.07682e-12 3.15636e-12 1.63439e-12 8.43797e-13 4.34395e-13 2.23019e-13 1.14198e-13 5.83273e-14 2.97184e-14 1.51062e-14 7.6612e-15 3.8769e-15 1.95772e-15 9.86564e-16 4.96177e-16 2.49065e-16 1.2479e-16 6.24109e-17 3.11588e-17 1.55297e-17 7.72728e-18 3.83879e-18 1.90408e-18 9.43016e-19 4.6635e-19 2.30294e-19 1.13565e-19 5.59268e-20 2.75054e-20 1.351e-20 6.62746e-21 3.24717e-21 1.58907e-21 7.7674e-22 3.79237e-22 1.84954e-22 9.01038e-23 4.38492e-23 2.13171e-23 1.03527e-23 5.02283e-24 2.43456e-24 1.17891e-24 5.70343e-25 2.75674e-25 1.33128e-25 6.42336e-26 3.09659e-26 1.49156e-26 7.17865e-27 3.45218e-27 1.65883e-27 7.96478e-28 3.82134e-28 1.83204e-28 8.77677e-29 4.20169e-29 2.01005e-29 9.60925e-30 4.59068e-30 2.19167e-30 1.04566e-30 4.98566e-31 2.37564e-31
7.2527e-05 0.000128347 0.000156869 0.000159475 0.000144401 0.00012052 9.46032e-05 7.07553e-05 5.08776e-05 3.54032e-05 2.39576e-05 1.58264e-05 1.0237e-05 6.49951e-06 4.05863e-06 2.4969e-06 1.51552e-06 9.08632e-07 5.38686e-07 3.16082e-07 1.83706e-07 1.05831e-07 6.047e-08 3.42879e-08 1.93034e-08 1.07948e-08 5.99865e-09 3.3137e-09 1.82027e-09 9.94619e-10 5.40748e-10 2.92591e-10 1.57601e-10 8.45247e-11 4.51462e-11 2.40189e-11 1.27308e-11 6.72356e-12 3.53874e-12 1.85638e-12 9.70755e-13 5.06095e-13 2.63078e-13 1.36369e-13 7.04965e-14 3.63484e-14 1.86942e-14 9.59121e-15 4.90928e-15 2.50712e-15 1.27755e-15 6.49614e-16 3.29638e-16 1.66937e-16 8.43774e-17 4.2568e-17 2.14363e-17 1.07757e-17 5.40747e-18 2.70905e-18 1.35498e-18 6.76646e-19 3.37382e-19 1.6797e-19 8.35036e-20 4.14536e-20 2.05502e-20 1.01738e-20 5.03012e-21 2.48378e-21 1.22491e-21 6.03336e-22 2.96822e-22 1.45856e-22 7.15905e-23 3.50995e-23 1.71898e-23 8.40964e-24 4.10988e-24 2.00649e-24 9.78606e-25 4.76819e-25 2.32103e-25 1.12876e-25 5.48428e-26 2.66223e-26 1.29118e-26 6.25678e-27 3.02932e-27 1.46547e-27 7.08356e-28 3.42119e-28 1.65105e-28 7.96173e-29 3.8364e-29 1.84721e-29 8.8877e-30 4.27317e-30 2.05307e-30 9.85721e-31 4.72942e-31
3.20916e-05 6.105e-05 7.88326e-05 8.39451e-05 7.91799e-05 6.85711e-05 5.56822e-05 4.29793e-05 3.18317e-05 2.27766e-05 1.58264e-05 1.0722e-05 7.10469e-06 4.61645e-06 2.94769e-06 1.85283e-06 1.14819e-06 7.02377e-07 4.24604e-07 2.53904e-07 1.5031e-07 8.81576e-08 5.12589e-08 2.95645e-08 1.69234e-08 9.6189e-09 5.43086e-09 3.04709e-09 1.69952e-09 9.42605e-10 5.20026e-10 2.85449e-10 1.55937e-10 8.47977e-11 4.59122e-11 2.47551e-11 1.32946e-11 7.11268e-12 3.79148e-12 2.01402e-12 1.06626e-12 5.62678e-13 2.96012e-13 1.55261e-13 8.12017e-14 4.23509e-14 2.20291e-14 1.1429e-14 5.91475e-15 3.05361e-15 1.57281e-15 8.08271e-16 4.14462e-16 2.12075e-16 1.08293e-16 5.51877e-17 2.80699e-17 1.42502e-17 7.22116e-18 3.65274e-18 1.8445e-18 9.29833e-19 4.67972e-19 2.35148e-19 1.17974e-19 5.9098e-20 2.95608e-20 1.4765e-20 7.36448e-21 3.6682e-21 1.82466e-21 9.06445e-22 4.49724e-22 2.22848e-22 1.10291e-22 5.45198e-23 2.69191e-23 1.32761e-23 6.54028e-24 3.21844e-24 1.58209e-24 7.76891e-25 3.81104e-25 1.86762e-25 9.1434e-26 4.47204e-26 2.18521e-26 1.06678e-26 5.20311e-27 2.53549e-27 1.23447e-27 6.00518e-28 2.9188e-28 1.41749e-28 6.87837e-29 3.33505e-29 1.61576e-29 7.82202e-30 3.78382e-30 1.82902e-30 8.83461e-31
1.41998e-05 2.88978e-05 3.93007e-05 4.37286e-05 4.28786e-05 3.84614e-05 3.2258e-05 2.56589e-05 1.95475e-05 1.43645e-05 1.0237e-05 7.10469e-06 4.81776e-06 3.20064e-06 2.08776e-06 1.33961e-06 8.46841e-07 5.28122e-07 3.25291e-07 1.98083e-07 1.19356e-07 7.12183e-08 4.21104e-08 2.46889e-08 1.43603e-08 8.29072e-09 4.75311e-09 2.70705e-09 1.53217e-09 8.62093e-10 4.82361e-10 2.68463e-10 1.48663e-10 8.19283e-11 4.4944e-11 2.45475e-11 1.33513e-11 7.23268e-12 3.90306e-12 2.09851e-12 1.12429e-12 6.00304e-13 3.19478e-13 1.6949e-13 8.96449e-14 4.72755e-14 2.48611e-14 1.30382e-14 6.81978e-15 3.55807e-15 1.85177e-15 9.61434e-16 4.9802e-16 2.57395e-16 1.32741e-16 6.83115e-17 3.50825e-17 1.79813e-17 9.19837e-18 4.69658e-18 2.39363e-18 1.21775e-18 6.18449e-19 3.13556e-19 1.58713e-19 8.02066e-20 4.04696e-20 2.03884e-20 1.02563e-20 5.1519e-21 2.5842e-21 1.29444e-21 6.47516e-22 3.23476e-22 1.61389e-22 8.04179e-23 4.00217e-23 1.98935e-23 9.8767e-24 4.89789e-24 2.42612e-24 1.20042e-24 5.93305e-25 2.92928e-25 1.44474e-25 7.1182e-26 3.5036e-26 1.72279e-26 8.46305e-27 4.15346e-27 2.03652e-27 9.97632e-28 4.88272e-28 2.38765e-28 1.16655e-28 5.69465e-29 2.77759e-29 1.35367e-29 6.59183e-30 3.20742e-30 1.55944e-30
6.2831e-06 1.36205e-05 1.94557e-05 2.2571e-05 2.29665e-05 2.13034e-05 1.84281e-05 1.50862e-05 1.18078e-05 8.90145e-06 6.49951e-06 4.61645e-06 3.20064e-06 2.1721e-06 1.44621e-06 9.46507e-07 6.09907e-07 3.87483e-07 2.43001e-07 1.50585e-07 9.22931e-08 5.5991e-08 3.36464e-08 2.00403e-08 1.18376e-08 6.93808e-09 4.03675e-09 2.33251e-09 1.339e-09 7.63933e-10 4.33297e-10 2.444e-10 1.37126e-10 7.65504e-11 4.25293e-11 2.35199e-11 1.29502e-11 7.1005e-12 3.8775e-12 2.10929e-12 1.14316e-12 6.17348e-13 3.32246e-13 1.78218e-13 9.5293e-14 5.07965e-14 2.69971e-14 1.43072e-14 7.56119e-15 3.98529e-15 2.09509e-15 1.09864e-15 5.7471e-16 2.99928e-16 1.56167e-16 8.11332e-17 4.20599e-17 2.17584e-17 1.12331e-17 5.7878e-18 2.97638e-18 1.52773e-18 7.82731e-19 4.00317e-19 2.04381e-19 1.0417e-19 5.30067e-20 2.69289e-20 1.36591e-20 6.91772e-21 3.49826e-21 1.76647e-21 8.90715e-22 4.48503e-22 2.25527e-22 1.13254e-22 5.67987e-23 2.84491e-23 1.42317e-23 7.11069e-24 3.54851e-24 1.76877e-24 8.80633e-25 4.37955e-25 2.17562e-25 1.07961e-25 5.35167e-26 2.65008e-26 1.31094e-26 6.47849e-27 3.19842e-27 1.57753e-27 7.77334e-28 3.82678e-28 1.88218e-28 9.24909e-29 4.54102e-29 2.22757e-29 1.09179e-29 5.34663e-30 2.61617e-30
2.78013e-06 6.39576e-06 9.57182e-06 1.15558e-05 1.21817e-05 1.16686e-05 1.03973e-05 8.75006e-06 7.02864e-06 5.43031e-06 4.05863e-06 2.94769e-06 2.08776e-06 1.44621e-06 9.82116e-07 6.55153e-07 4.30031e-07 2.78136e-07 1.77483e-07 1.11856e-07 6.96921e-08 4.29621e-08 2.62233e-08 1.5859e-08 9.50836e-09 5.6547e-09 3.3373e-09 1.95548e-09 1.13804e-09 6.58053e-10 3.78192e-10 2.16094e-10 1.22794e-10 6.94108e-11 3.90389e-11 2.18517e-11 1.21754e-11 6.75416e-12 3.73107e-12 2.05277e-12 1.12503e-12 6.14278e-13 3.34201e-13 1.81196e-13 9.79131e-14 5.27397e-14 2.83195e-14 1.51611e-14 8.09313e-15 4.30808e-15 2.28703e-15 1.21092e-15 6.39522e-16 3.36915e-16 1.77069e-16 9.28442e-17 4.85718e-17 2.53548e-17 1.32071e-17 6.86517e-18 3.56138e-18 1.84387e-18 9.52819e-19 4.9145e-19 2.53022e-19 1.30037e-19 6.67148e-20 3.417e-20 1.74724e-20 8.91994e-21 4.54662e-21 2.31392e-21 1.17587e-21 5.96664e-22 3.02328e-22 1.52975e-22 7.72973e-23 3.90055e-23 1.9657e-23 9.89347e-24 4.97317e-24 2.49679e-24 1.25201e-24 6.27068e-25 3.13703e-25 1.56758e-25 7.82444e-26 3.90123e-26 1.94305e-26 9.66733e-27 4.80485e-27 2.38568e-27 1.18334e-27 5.86387e-28 2.90295e-28 1.43577e-28 7.09455e-29 3.50243e-29 1.72752e-29 8.51325e-30 4.1917e-30
1.23015e-06 2.99324e-06 4.68315e-06 5.87346e-06 6.40515e-06 6.32759e-06 5.80105e-06 5.01347e-06 4.12906e-06 3.26645e-06 2.4969e-06 1.85283e-06 1.33961e-06 9.46507e-07 6.55153e-07 4.4517e-07 2.9746e-07 1.95748e-07 1.27024e-07 8.13732e-08 5.15118e-08 3.22505e-08 1.99849e-08 1.22659e-08 7.46095e-09 4.50015e-09 2.69285e-09 1.59937e-09 9.43218e-10 5.52545e-10 3.21636e-10 1.86098e-10 1.0706e-10 6.12538e-11 3.48637e-11 1.97446e-11 1.11288e-11 6.24404e-12 3.48802e-12 1.94029e-12 1.07498e-12 5.9326e-13 3.26186e-13 1.78699e-13 9.75597e-14 5.3084e-14 2.87906e-14 1.55661e-14 8.39068e-15 4.50966e-15 2.41691e-15 1.29177e-15 6.88582e-16 3.66106e-16 1.94165e-16 1.02726e-16 5.42203e-17 2.85528e-17 1.50027e-17 7.86584e-18 4.11534e-18 2.14869e-18 1.11962e-18 5.82268e-19 3.02238e-19 1.56592e-19 8.09854e-20 4.18096e-20 2.15476e-20 1.10864e-20 5.69468e-21 2.92046e-21 1.49538e-21 7.64517e-22 3.90275e-22 1.98938e-22 1.01261e-22 5.14703e-23 2.61261e-23 1.32436e-23 6.70451e-24 3.38974e-24 1.71165e-24 8.6323e-25 4.3482e-25 2.18763e-25 1.09934e-25 5.51809e-26 2.76668e-26 1.38563e-26 6.93214e-27 3.46436e-27 1.72952e-27 8.62547e-28 4.29735e-28 2.13889e-28 1.06354e-28 5.28329e-29 2.62208e-29 1.30013e-29 6.44066e-30
5.44313e-07 1.39668e-06 2.27993e-06 2.96581e-06 3.34141e-06 3.40041e-06 3.20417e-06 2.84102e-06 2.39695e-06 1.93999e-06 1.51552e-06 1.14819e-06 8.46841e-07 6.09907e-07 4.30031e-07 2.9746e-07 2.02223e-07 1.35323e-07 8.92531e-08 5.80882e-08 3.73424e-08 2.3733e-08 1.49239e-08 9.29169e-09 5.73148e-09 3.50466e-09 2.12546e-09 1.27907e-09 7.64098e-10 4.53306e-10 2.67162e-10 1.56473e-10 9.11005e-11 5.27396e-11 3.03669e-11 1.73947e-11 9.91481e-12 5.62459e-12 3.17631e-12 1.78591e-12 9.99937e-13 5.57616e-13 3.09749e-13 1.7142e-13 9.45246e-14 5.19418e-14 2.84465e-14 1.55285e-14 8.45018e-15 4.5844e-15 2.47982e-15 1.33758e-15 7.19478e-16 3.85968e-16 2.06517e-16 1.1022e-16 5.86815e-17 3.11677e-17 1.65159e-17 8.73206e-18 4.60658e-18 2.425e-18 1.27391e-18 6.67861e-19 3.49441e-19 1.82483e-19 9.5116e-20 4.94865e-20 2.57005e-20 1.3324e-20 6.89583e-21 3.56297e-21 1.83792e-21 9.46562e-22 4.86734e-22 2.49903e-22 1.28115e-22 6.55837e-23 3.35249e-23 1.71131e-23 8.72358e-24 4.44094e-24 2.25778e-24 1.14638e-24 5.81328e-25 2.94425e-25 1.48936e-25 7.52493e-26 3.79749e-26 1.91421e-26 9.63809e-27 4.84741e-27 2.43532e-27 1.22218e-27 6.12713e-28 3.06853e-28 1.53519e-28 7.67289e-29 3.83116e-29 1.91109e-29 9.52403e-30
2.40847e-07 6.49966e-07 1.10498e-06 1.48874e-06 1.73074e-06 1.81244e-06 1.75367e-06 1.59388e-06 1.37646e-06 1.13892e-06 9.08632e-07 7.02377e-07 5.28122e-07 3.87483e-07 2.78136e-07 1.95748e-07 1.35323e-07 9.20376e-08 6.16695e-08 4.07569e-08 2.65955e-08 1.7151e-08 1.09395e-08 6.90637e-09 4.31843e-09 2.67597e-09 1.64417e-09 1.00215e-09 6.06213e-10 3.64085e-10 2.17182e-10 1.28716e-10 7.58175e-11 4.43972e-11 2.58529e-11 1.4974e-11 8.62856e-12 4.94776e-12 2.8238e-12 1.60434e-12 9.07556e-13 5.11252e-13 2.86847e-13 1.60318e-13 8.9267e-14 4.9526e-14 2.73819e-14 1.50879e-14 8.28673e-15 4.53699e-15 2.47644e-15 1.34773e-15 7.31361e-16 3.9578e-16 2.13601e-16 1.14978e-16 6.17336e-17 3.30638e-17 1.7666e-17 9.41685e-18 5.00822e-18 2.65765e-18 1.40725e-18 7.43587e-19 3.92102e-19 2.06346e-19 1.08379e-19 5.68151e-20 2.97286e-20 1.55273e-20 8.0955e-21 4.21346e-21 2.18925e-21 1.13562e-21 5.88118e-22 3.04093e-22 1.5699e-22 8.09243e-23 4.16522e-23 2.14074e-23 1.09867e-23 5.63072e-24 2.8818e-24 1.47292e-24 7.51836e-25 3.83269e-25 1.95134e-25 9.92254e-26 5.03942e-26 2.55634e-26 1.29522e-26 6.55492e-27 3.31358e-27 1.67318e-27 8.43945e-28 4.25223e-28 2.14022e-28 1.07609e-28 5.40502e-29 2.71211e-29 1.35953e-29
1.06569e-07 3.01739e-07 5.33357e-07 7.43284e-07 8.90649e-07 9.58838e-07 9.51808e-07 8.86048e-07 7.82648e-07 6.61593e-07 5.38686e-07 4.24604e-07 3.25291e-07 2.43001e-07 1.77483e-07 1.27024e-07 8.92531e-08 6.16695e-08 4.19599e-08 2.81478e-08 1.86365e-08 1.21899e-08 7.88351e-09 5.0448e-09 3.19642e-09 2.00651e-09 1.24857e-09 7.7054e-10 4.71826e-10 2.86783e-10 1.73091e-10 1.03776e-10 6.18239e-11 3.66088e-11 2.15527e-11 1.26188e-11 7.34912e-12 4.25845e-12 2.45559e-12 1.40939e-12 8.05304e-13 4.58155e-13 2.59574e-13 1.46477e-13 8.2338e-14 4.61118e-14 2.57312e-14 1.43085e-14 7.92992e-15 4.38053e-15 2.41221e-15 1.32426e-15 7.24845e-16 3.9561e-16 2.15316e-16 1.16871e-16 6.32695e-17 3.4164e-17 1.84018e-17 9.88781e-18 5.30047e-18 2.83485e-18 1.51278e-18 8.05509e-19 4.27999e-19 2.26941e-19 1.20089e-19 6.34217e-20 3.34297e-20 1.75877e-20 9.23606e-21 4.84153e-21 2.53346e-21 1.32342e-21 6.90164e-22 3.59328e-22 1.8678e-22 9.69356e-23 5.02304e-23 2.59892e-23 1.34269e-23 6.9267e-24 3.56829e-24 1.83564e-24 9.43018e-25 4.83804e-25 2.47884e-25 1.26843e-25 6.48233e-26 3.3087e-26 1.68675e-26 8.58866e-27 4.36805e-27 2.21895e-27 1.12593e-27 5.70678e-28 2.88931e-28 1.46126e-28 7.38243e-29 3.72579e-29 1.87841e-29
4.71545e-08 1.39771e-07 2.56487e-07 3.69273e-07 4.55612e-07 5.03789e-07 5.12649e-07 4.88436e-07 4.40983e-07 3.80594e-07 3.16082e-07 2.53904e-07 1.98083e-07 1.50585e-07 1.11856e-07 8.13732e-08 5.80882e-08 4.07569e-08 2.81478e-08 1.91584e-08 1.28654e-08 8.53208e-09 5.59276e-09 3.62635e-09 2.32747e-09 1.47958e-09 9.32132e-10 5.82263e-10 3.60799e-10 2.21871e-10 1.35455e-10 8.213e-11 4.94727e-11 2.96154e-11 1.76231e-11 1.04273e-11 6.13611e-12 3.59208e-12 2.09229e-12 1.21285e-12 6.99813e-13 4.01999e-13 2.29935e-13 1.30976e-13 7.43104e-14 4.19987e-14 2.36488e-14 1.32685e-14 7.41868e-15 4.134e-15 2.29614e-15 1.27133e-15 7.01756e-16 3.86211e-16 2.11939e-16 1.1598e-16 6.32952e-17 3.44517e-17 1.87039e-17 1.0129e-17 5.47196e-18 2.94909e-18 1.58572e-18 8.50723e-19 4.55401e-19 2.43259e-19 1.29669e-19 6.89785e-20 3.66206e-20 1.94041e-20 1.0262e-20 5.41706e-21 2.85434e-21 1.50133e-21 7.88294e-22 4.13202e-22 2.16228e-22 1.12968e-22 5.89253e-23 3.06881e-23 1.59578e-23 8.28556e-24 4.29567e-24 2.22389e-24 1.14969e-24 5.93534e-25 3.05997e-25 1.57547e-25 8.10084e-26 4.15999e-26 2.13356e-26 1.09289e-26 5.59138e-27 2.8572e-27 1.45831e-27 7.43462e-28 3.78593e-28 1.92575e-28 9.78474e-29 4.96626e-29 2.51795e-29
2.08648e-08 6.46148e-08 1.22923e-07 1.82631e-07 2.31795e-07 2.63032e-07 2.74171e-07 2.67172e-07 2.46397e-07 2.16987e-07 1.83706e-07 1.5031e-07 1.19356e-07 9.22931e-08 6.96921e-08 5.15118e-08 3.73424e-08 2.65955e-08 1.86365e-08 1.28654e-08 8.75942e-09 5.88774e-09 3.91044e-09 2.56831e-09 1.66924e-09 1.07428e-09 6.84996e-10 4.32974e-10 2.71421e-10 1.68819e-10 1.04224e-10 6.38919e-11 3.89044e-11 2.35377e-11 1.41536e-11 8.46103e-12 5.02973e-12 2.97393e-12 1.74935e-12 1.02393e-12 5.96484e-13 3.45889e-13 1.99691e-13 1.14797e-13 6.57241e-14 3.74798e-14 2.12916e-14 1.20507e-14 6.79617e-15 3.81954e-15 2.13944e-15 1.19447e-15 6.64789e-16 3.6886e-16 2.04056e-16 1.1256e-16 6.19155e-17 3.3965e-17 1.85828e-17 1.01407e-17 5.51997e-18 2.99737e-18 1.62371e-18 8.77539e-19 4.73195e-19 2.54597e-19 1.36687e-19 7.32299e-20 3.91521e-20 2.08905e-20 1.11247e-20 5.91284e-21 3.13681e-21 1.66105e-21 8.78006e-22 4.63286e-22 2.44036e-22 1.28329e-22 6.73724e-23 3.53132e-23 1.84801e-23 9.656e-24 5.03767e-24 2.62431e-24 1.3651e-24 7.09072e-25 3.67795e-25 1.90511e-25 9.85478e-26 5.0909e-26 2.62649e-26 1.35331e-26 6.96423e-27 3.5794e-27 1.83746e-27 9.42122e-28 4.82487e-28 2.46809e-28 1.26108e-28 6.43634e-29 3.28139e-29
9.23223e-09 2.98159e-08 5.87274e-08 8.99478e-08 1.17332e-07 1.36533e-07 1.45676e-07 1.45097e-07 1.36608e-07 1.22687e-07 1.05831e-07 8.81576e-08 7.12183e-08 5.5991e-08 4.29621e-08 3.22505e-08 2.3733e-08 1.7151e-08 1.21899e-08 8.53208e-09 5.88774e-09 4.00981e-09 2.69755e-09 1.79405e-09 1.18041e-09 7.6886e-10 4.96057e-10 3.17188e-10 2.01102e-10 1.2648e-10 7.8943e-11 4.89161e-11 3.01015e-11 1.84018e-11 1.11789e-11 6.75032e-12 4.05272e-12 2.41975e-12 1.43712e-12 8.49193e-13 4.99337e-13 2.92238e-13 1.70259e-13 9.87613e-14 5.70468e-14 3.28176e-14 1.88051e-14 1.07347e-14 6.10534e-15 3.46004e-15 1.95413e-15 1.09995e-15 6.17142e-16 3.45167e-16 1.92462e-16 1.06997e-16 5.93124e-17 3.27869e-17 1.80746e-17 9.93768e-18 5.44976e-18 2.98109e-18 1.6267e-18 8.85519e-19 4.80923e-19 2.60594e-19 1.40893e-19 7.60098e-20 4.09196e-20 2.19833e-20 1.17863e-20 6.30669e-21 3.36811e-21 1.79535e-21 9.55236e-22 5.07323e-22 2.68961e-22 1.42344e-22 7.52058e-23 3.9668e-23 2.08891e-23 1.09826e-23 5.76515e-24 3.02168e-24 1.58136e-24 8.26361e-25 4.312e-25 2.24683e-25 1.16911e-25 6.07493e-26 3.15241e-26 1.63369e-26 8.45536e-27 4.37058e-27 2.25632e-27 1.16339e-27 5.99137e-28 3.08182e-28 1.58335e-28 8.12546e-29 4.1651e-29
4.08506e-09 1.3735e-08 2.79764e-08 4.41296e-08 5.91148e-08 7.04878e-08 7.69341e-08 7.82774e-08 7.51948e-08 6.88343e-08 6.047e-08 5.12589e-08 4.21104e-08 3.36464e-08 2.62233e-08 1.99849e-08 1.49239e-08 1.09395e-08 7.88351e-09 5.59276e-09 3.91044e-09 2.69755e-09 1.83762e-09 1.2372e-09 8.23844e-10 5.42946e-10 3.54354e-10 2.29152e-10 1.46903e-10 9.34028e-11 5.89235e-11 3.68965e-11 2.29406e-11 1.41673e-11 8.69295e-12 5.3011e-12 3.21365e-12 1.93718e-12 1.1614e-12 6.92666e-13 4.11043e-13 2.42746e-13 1.42691e-13 8.35012e-14 4.86529e-14 2.823e-14 1.63139e-14 9.39096e-15 5.38544e-15 3.07712e-15 1.75198e-15 9.94078e-16 5.62167e-16 3.16888e-16 1.78067e-16 9.97553e-17 5.57187e-17 3.10323e-17 1.72349e-17 9.54591e-18 5.27317e-18 2.90537e-18 1.59674e-18 8.75388e-19 4.78767e-19 2.61234e-19 1.42215e-19 7.72485e-20 4.18687e-20 2.26446e-20 1.22218e-20 6.58299e-21 3.53874e-21 1.89858e-21 1.01667e-21 5.43408e-22 2.8992e-22 1.54403e-22 8.20868e-23 4.35659e-23 2.3083e-23 1.22102e-23 6.44837e-24 3.4001e-24 1.79003e-24 9.4095e-25 4.93883e-25 2.58848e-25 1.3547e-25 7.07985e-26 3.6949e-26 1.92571e-26 1.0023e-26 5.20992e-27 2.70461e-27 1.40225e-27 7.26111e-28 3.75533e-28 1.93985e-28 1.00086e-28 5.15783e-29
1.80755e-09 6.31734e-09 1.32917e-08 2.15731e-08 2.96541e-08 3.62082e-08 4.04017e-08 4.19681e-08 4.11131e-08 3.83429e-08 3.42879e-08 2.95645e-08 2.46889e-08 2.00403e-08 1.5859e-08 1.22659e-08 9.29169e-09 6.90637e-09 5.0448e-09 3.62635e-09 2.56831e-09 1.79405e-09 1.2372e-09 8.43001e-10 5.67968e-10 3.78637e-10 2.49915e-10 1.63408e-10 1.05898e-10 6.80512e-11 4.33815e-11 2.74451e-11 1.72374e-11 1.07516e-11 6.66199e-12 4.10193e-12 2.5104e-12 1.52749e-12 9.24257e-13 5.56269e-13 3.33076e-13 1.9845e-13 1.17676e-13 6.94589e-14 4.0817e-14 2.38833e-14 1.39171e-14 8.07729e-15 4.66981e-15 2.68971e-15 1.54359e-15 8.82732e-16 5.03085e-16 2.85768e-16 1.61803e-16 9.13277e-17 5.13921e-17 2.8834e-17 1.61311e-17 8.99927e-18 5.00685e-18 2.77823e-18 1.53761e-18 8.48847e-19 4.67457e-19 2.56809e-19 1.40754e-19 7.69689e-20 4.19952e-20 2.2863e-20 1.24206e-20 6.7335e-21 3.64296e-21 1.96698e-21 1.05998e-21 5.70115e-22 3.06066e-22 1.6401e-22 8.77297e-23 4.68444e-23 2.49701e-23 1.32876e-23 7.05919e-24 3.74418e-24 1.98274e-24 1.04832e-24 5.53423e-25 2.9172e-25 1.53543e-25 8.06985e-26 4.23527e-26 2.21966e-26 1.1617e-26 6.07179e-27 3.16928e-27 1.6521e-27 8.6011e-28 4.47222e-28 2.32249e-28 1.20463e-28 6.24063e-29
7.998e-10 2.90143e-09 6.29922e-09 1.05111e-08 1.48154e-08 1.85123e-08 2.11054e-08 2.23711e-08 2.23381e-08 2.1215e-08 1.93034e-08 1.69234e-08 1.43603e-08 1.18376e-08 9.50836e-09 7.46095e-09 5.73148e-09 4.31843e-09 3.19642e-09 2.32747e-09 1.66924e-09 1.18041e-09 8.23844e-10 5.67968e-10 3.87083e-10 2.60967e-10 1.74157e-10 1.15111e-10 7.53946e-11 4.8957e-11 3.15305e-11 2.01494e-11 1.27812e-11 8.05014e-12 5.03615e-12 3.13029e-12 1.93366e-12 1.1874e-12 7.25001e-13 4.40253e-13 2.65937e-13 1.59829e-13 9.55899e-14 5.69015e-14 3.37181e-14 1.98929e-14 1.16867e-14 6.8376e-15 3.98469e-15 2.31322e-15 1.33789e-15 7.7101e-16 4.4277e-16 2.53408e-16 1.44554e-16 8.21953e-17 4.65919e-17 2.63304e-17 1.48362e-17 8.33571e-18 4.67033e-18 2.60957e-18 1.45425e-18 8.0832e-19 4.48158e-19 2.47862e-19 1.36755e-19 7.52761e-20 4.13404e-20 2.26526e-20 1.23855e-20 6.75733e-21 3.67899e-21 1.9989e-21 1.08389e-21 5.86577e-22 3.16834e-22 1.70813e-22 9.19197e-23 4.93756e-23 2.64757e-23 1.4172e-23 7.57308e-24 4.04009e-24 2.15178e-24 1.14422e-24 6.07483e-25 3.22024e-25 1.70444e-25 9.00801e-26 4.75379e-26 2.5051e-26 1.31825e-26 6.92733e-27 3.63531e-27 1.90518e-27 9.97138e-28 5.21209e-28 2.72091e-28 1.41864e-28 7.38741e-29
3.53894e-10 1.33079e-09 2.97843e-09 5.10544e-09 7.37384e-09 9.42343e-09 1.0971e-08 1.18604e-08 1.20659e-08 1.16643e-08 1.07948e-08 9.6189e-09 8.29072e-09 6.93808e-09 5.6547e-09 4.50015e-09 3.50466e-09 2.67597e-09 2.00651e-09 1.47958e-09 1.07428e-09 7.6886e-10 5.42946e-10 3.78637e-10 2.60967e-10 1.7789e-10 1.20004e-10 8.01631e-11 5.30535e-11 3.48036e-11 2.26412e-11 1.46123e-11 9.35927e-12 5.95146e-12 3.75841e-12 2.35783e-12 1.46985e-12 9.10741e-13 5.61032e-13 3.43676e-13 2.09398e-13 1.26925e-13 7.65514e-14 4.59482e-14 2.74515e-14 1.63274e-14 9.66903e-15 5.70202e-15 3.34898e-15 1.95925e-15 1.14186e-15 6.63027e-16 3.83614e-16 2.21181e-16 1.27097e-16 7.27943e-17 4.15599e-17 2.3654e-17 1.34222e-17 7.59389e-18 4.28413e-18 2.41019e-18 1.35225e-18 7.56683e-19 4.22326e-19 2.35118e-19 1.30573e-19 7.23397e-20 3.99834e-20 2.20489e-20 1.21316e-20 6.66036e-21 3.64876e-21 1.99471e-21 1.08824e-21 5.92509e-22 3.21967e-22 1.74618e-22 9.45251e-23 5.10742e-23 2.75466e-23 1.48307e-23 7.97074e-24 4.27654e-24 2.29065e-24 1.22492e-24 6.53971e-25 3.48593e-25 1.85525e-25 9.85878e-26 5.23108e-26 2.77152e-26 1.46628e-26 7.74633e-27 4.08665e-27 2.15299e-27 1.13273e-27 5.95163e-28 3.12303e-28 1.63665e-28 8.56617e-29
1.5659e-10 6.09626e-10 1.40524e-09 2.4726e-09 3.65707e-09 4.77716e-09 5.67661e-09 6.25602e-09 6.48141e-09 6.37531e-09 5.99865e-09 5.43086e-09 4.75311e-09 4.03675e-09 3.3373e-09 2.69285e-09 2.12546e-09 1.64417e-09 1.24857e-09 9.32132e-10 6.84996e-10 4.96057e-10 3.54354e-10 2.49915e-10 1.74157e-10 1.20004e-10 8.18166e-11 5.52244e-11 3.69232e-11 2.44659e-11 1.60736e-11 1.04746e-11 6.77324e-12 4.3476e-12 2.77101e-12 1.75426e-12 1.10343e-12 6.89764e-13 4.28621e-13 2.64828e-13 1.6273e-13 9.94653e-14 6.04869e-14 3.66029e-14 2.20449e-14 1.32163e-14 7.88839e-15 4.6882e-15 2.77474e-15 1.63567e-15 9.60454e-16 5.61849e-16 3.27471e-16 1.90187e-16 1.10076e-16 6.34958e-17 3.65074e-17 2.09238e-17 1.19553e-17 6.8104e-18 3.86825e-18 2.19088e-18 1.23741e-18 6.97e-19 3.91564e-19 2.19408e-19 1.22633e-19 6.83745e-20 3.80309e-20 2.11038e-20 1.16839e-20 6.45412e-21 3.55742e-21 1.95659e-21 1.07387e-21 5.88179e-22 3.21509e-22 1.75396e-22 9.55004e-23 5.19002e-23 2.81531e-23 1.52438e-23 8.23919e-24 4.44545e-24 2.39442e-24 1.28752e-24 6.91175e-25 3.7044e-25 1.98223e-25 1.05904e-25 5.64938e-26 3.00908e-26 1.60038e-26 8.49918e-27 4.50722e-27 2.38687e-27 1.26225e-27 6.66611e-28 3.51573e-28 1.85177e-28 9.74077e-29
6.92877e-11 2.78942e-10 6.61655e-10 1.19423e-09 1.80769e-09 2.41241e-09 2.92444e-09 3.2841e-09 3.46356e-09 3.46513e-09 3.3137e-09 3.04709e-09 2.70705e-09 2.33251e-09 1.95548e-09 1.59937e-09 1.27907e-09 1.00215e-09 7.7054e-10 5.82263e-10 4.32974e-10 3.17188e-10 2.29152e-10 1.63408e-10 1.15111e-10 8.01631e-11 5.52244e-11 3.76572e-11 2.5431e-11 1.70175e-11 1.12887e-11 7.4267e-12 4.84749e-12 3.14027e-12 2.01972e-12 1.2901e-12 8.18641e-13 5.16198e-13 3.23521e-13 2.01584e-13 1.24903e-13 7.69738e-14 4.71904e-14 2.87862e-14 1.74748e-14 1.05586e-14 6.35093e-15 3.80337e-15 2.26809e-15 1.34702e-15 7.96816e-16 4.69537e-16 2.7565e-16 1.61239e-16 9.39832e-17 5.45937e-17 3.16074e-17 1.82401e-17 1.04929e-17 6.01772e-18 3.44087e-18 1.96173e-18 1.11526e-18 6.32285e-19 3.57498e-19 2.016e-19 1.13393e-19 6.36198e-20 3.56067e-20 1.98805e-20 1.1074e-20 6.15439e-21 3.41264e-21 1.88818e-21 1.04247e-21 5.74338e-22 3.15775e-22 1.73266e-22 9.48829e-23 5.18588e-23 2.82899e-23 1.5404e-23 8.37223e-24 4.54226e-24 2.46002e-24 1.33002e-24 7.17864e-25 3.86816e-25 2.08094e-25 1.11768e-25 5.99368e-26 3.2092e-26 1.7157e-26 9.15879e-27 4.88199e-27 2.59854e-27 1.38117e-27 7.33089e-28 3.88572e-28 2.05684e-28 1.0873e-28
3.06583e-11 1.27494e-10 3.10949e-10 5.75322e-10 8.90748e-10 1.21381e-09 1.50043e-09 1.71622e-09 1.84181e-09 1.87348e-09 1.82027e-09 1.69952e-09 1.53217e-09 1.339e-09 1.13804e-09 9.43218e-10 7.64098e-10 6.06213e-10 4.71826e-10 3.60799e-10 2.71421e-10 2.01102e-10 1.46903e-10 1.05898e-10 7.53946e-11 5.30535e-11 3.69232e-11 2.5431e-11 1.73439e-11 1.17185e-11 7.84776e-12 5.21135e-12 3.4329e-12 2.24407e-12 1.45622e-12 9.3836e-13 6.0061e-13 3.81958e-13 2.41408e-13 1.51671e-13 9.47484e-14 5.88638e-14 3.63764e-14 2.2365e-14 1.36827e-14 8.33112e-15 5.0493e-15 3.04664e-15 1.83035e-15 1.09504e-15 6.52482e-16 3.87255e-16 2.28965e-16 1.34875e-16 7.91651e-17 4.63038e-17 2.69912e-17 1.56817e-17 9.08166e-18 5.24296e-18 3.0176e-18 1.73163e-18 9.90809e-19 5.65323e-19 3.21665e-19 1.82534e-19 1.03309e-19 5.83206e-20 3.28409e-20 1.84477e-20 1.03378e-20 5.77962e-21 3.22384e-21 1.79421e-21 9.96369e-22 5.5212e-22 3.05305e-22 1.68476e-22 9.27822e-23 5.09956e-23 2.79742e-23 1.53164e-23 8.3704e-24 4.56605e-24 2.48631e-24 1.35147e-24 7.33337e-25 3.97251e-25 2.14834e-25 1.15992e-25 6.25255e-26 3.36511e-26 1.80829e-26 9.70225e-27 5.19788e-27 2.78061e-27 1.48533e-27 7.92296e-28 4.22029e-28 2.24491e-28 1.19251e-28
1.35656e-11 5.82138e-11 1.45872e-10 2.76493e-10 4.37623e-10 6.08633e-10 7.66849e-10 8.93051e-10 9.74888e-10 1.0079e-09 9.94619e-10 9.42605e-10 8.62093e-10 7.63933e-10 6.58053e-10 5.52545e-10 4.53306e-10 3.64085e-10 2.86783e-10 2.21871e-10 1.68819e-10 1.2648e-10 9.34028e-11 6.80512e-11 4.8957e-11 3.48036e-11 2.44659e-11 1.70175e-11 1.17185e-11 7.9932e-12 5.4031e-12 3.62103e-12 2.40693e-12 1.58744e-12 1.03918e-12 6.75423e-13 4.36003e-13 2.79609e-13 1.78186e-13 1.12867e-13 7.10767e-14 4.45094e-14 2.77222e-14 1.71766e-14 1.05892e-14 6.49643e-15 3.96685e-15 2.41124e-15 1.45923e-15 8.7934e-16 5.27708e-16 3.1542e-16 1.878e-16 1.11394e-16 6.58321e-17 3.87671e-17 2.27501e-17 1.33057e-17 7.75656e-18 4.50725e-18 2.61097e-18 1.50791e-18 8.68285e-19 4.98537e-19 2.85437e-19 1.62979e-19 9.28081e-20 5.27113e-20 2.98614e-20 1.68745e-20 9.51236e-21 5.34943e-21 3.00132e-21 1.68005e-21 9.38337e-22 5.2293e-22 2.90801e-22 1.61374e-22 8.93668e-23 4.93903e-23 2.72425e-23 1.49972e-23 8.24034e-24 4.51928e-24 2.47398e-24 1.3519e-24 7.37435e-25 4.01561e-25 2.18293e-25 1.18468e-25 6.41876e-26 3.47216e-26 1.87525e-26 1.01121e-26 5.44453e-27 2.92701e-27 1.57125e-27 8.42232e-28 4.50814e-28 2.40963e-28 1.28618e-28
6.00248e-12 2.6555e-11 6.8316e-11 1.32577e-10 2.14404e-10 3.04194e-10 3.90492e-10 4.62834e-10 5.13756e-10 5.39678e-10 5.40748e-10 5.20026e-10 4.82361e-10 4.33297e-10 3.78192e-10 3.21636e-10 2.67162e-10 2.17182e-10 1.73091e-10 1.35455e-10 1.04224e-10 7.8943e-11 5.89235e-11 4.33815e-11 3.15305e-11 2.26412e-11 1.60736e-11 1.12887e-11 7.84776e-12 5.4031e-12 3.68594e-12 2.49261e-12 1.67163e-12 1.11217e-12 7.34345e-13 4.81359e-13 3.13337e-13 2.02606e-13 1.30168e-13 8.31151e-14 5.27567e-14 3.32962e-14 2.08987e-14 1.30478e-14 8.10459e-15 5.00925e-15 3.08131e-15 1.88663e-15 1.14998e-15 6.97923e-16 4.2179e-16 2.53871e-16 1.52198e-16 9.08933e-17 5.40795e-17 3.20595e-17 1.89385e-17 1.11492e-17 6.54167e-18 3.82577e-18 2.23034e-18 1.29623e-18 7.51071e-19 4.33915e-19 2.49967e-19 1.43597e-19 8.22656e-20 4.70038e-20 2.67864e-20 1.52261e-20 8.63337e-21 4.8833e-21 2.75556e-21 1.55129e-21 8.71335e-22 4.88321e-22 2.7307e-22 1.52374e-22 8.48467e-23 4.71481e-23 2.61467e-23 1.44713e-23 7.99386e-24 4.40735e-24 2.42541e-24 1.33229e-24 7.30513e-25 3.99843e-25 2.18473e-25 1.19169e-25 6.48938e-26 3.52799e-26 1.91491e-26 1.03772e-26 5.61477e-27 3.03331e-27 1.63623e-27 8.81307e-28 4.73996e-28 2.54564e-28 1.36523e-28
2.65596e-12 1.21025e-11 3.19437e-11 6.34331e-11 1.04766e-10 1.51569e-10 1.98157e-10 2.38952e-10 2.6962e-10 2.8768e-10 2.92591e-10 2.85449e-10 2.68463e-10 2.444e-10 2.16094e-10 1.86098e-10 1.56473e-10 1.28716e-10 1.03776e-10 8.213e-11 6.38919e-11 4.89161e-11 3.68965e-11 2.74451e-11 2.01494e-11 1.46123e-11 1.04746e-11 7.4267e-12 5.21135e-12 3.62103e-12 2.49261e-12 1.70065e-12 1.15052e-12 7.72071e-13 5.14119e-13 3.39826e-13 2.23034e-13 1.4539e-13 9.41587e-14 6.05986e-14 3.87653e-14 2.46546e-14 1.55927e-14 9.80838e-15 6.13773e-15 3.82146e-15 2.36774e-15 1.46013e-15 8.96333e-16 5.47804e-16 3.33365e-16 2.02027e-16 1.21941e-16 7.33138e-17 4.39107e-17 2.62029e-17 1.55799e-17 9.23129e-18 5.45105e-18 3.20817e-18 1.88205e-18 1.10062e-18 6.4167e-19 3.72979e-19 2.16166e-19 1.24926e-19 7.19961e-20 4.13793e-20 2.37194e-20 1.35611e-20 7.73365e-21 4.39941e-21 2.4966e-21 1.41342e-21 7.9833e-22 4.49887e-22 2.52962e-22 1.41925e-22 7.94567e-23 4.43905e-23 2.47489e-23 1.37704e-23 7.64672e-24 4.238e-24 2.34433e-24 1.29439e-24 7.13369e-25 3.92446e-25 2.15515e-25 1.18146e-25 6.46574e-26 3.53256e-26 1.92683e-26 1.04929e-26 5.70495e-27 3.09691e-27 1.67856e-27 9.08419e-28 4.90894e-28 2.64882e-28 1.42721e-28
1.17521e-12 5.51105e-12 1.49141e-11 3.02886e-11 5.10642e-11 7.53013e-11 1.00225e-10 1.22918e-10 1.40938e-10 1.52699e-10 1.57601e-10 1.55937e-10 1.48663e-10 1.37126e-10 1.22794e-10 1.0706e-10 9.11005e-11 7.58175e-11 6.18239e-11 4.94727e-11 3.89044e-11 3.01015e-11 2.29406e-11 1.72374e-11 1.27812e-11 9.35927e-12 6.77324e-12 4.84749e-12 3.4329e-12 2.40693e-12 1.67163e-12 1.15052e-12 7.85061e-13 5.31304e-13 3.56755e-13 2.37756e-13 1.57312e-13 1.03369e-13 6.74743e-14 4.37638e-14 2.82115e-14 1.80789e-14 1.15197e-14 7.30003e-15 4.60156e-15 2.88575e-15 1.80078e-15 1.11835e-15 6.91324e-16 4.25434e-16 2.60668e-16 1.59041e-16 9.66378e-17 5.84864e-17 3.52599e-17 2.11774e-17 1.26729e-17 7.55669e-18 4.49038e-18 2.65931e-18 1.56973e-18 9.23614e-19 5.4175e-19 3.16799e-19 1.84704e-19 1.07376e-19 6.22456e-20 3.59838e-20 2.07458e-20 1.1929e-20 6.84158e-21 3.9139e-21 2.23351e-21 1.2715e-21 7.22126e-22 4.09169e-22 2.31316e-22 1.30479e-22 7.34395e-23 4.12467e-23 2.31173e-23 1.29298e-23 7.21728e-24 4.02063e-24 2.23549e-24 1.24057e-24 6.87164e-25 3.79928e-25 2.0968e-25 1.15517e-25 6.35298e-26 3.48792e-26 1.91173e-26 1.04609e-26 5.71485e-27 3.11708e-27 1.69749e-27 9.22991e-28 5.01103e-28 2.71648e-28 1.47044e-28
