0.382132 0.0757258 0.0374965 0.0201577 0.0109469 0.00583571 0.00303368 0.00154045 0.000767022 0.000375941 0.000181959 8.71869e-05 4.14368e-05 1.95618e-05 9.18343e-06 4.29091e-06 1.99682e-06 9.25999e-07 4.28107e-07 1.97389e-07 9.07925e-08 4.16719e-08 1.90895e-08 8.72936e-09 3.98541e-09 1.81685e-09 8.27072e-10 3.75876e-10 1.70279e-10 7.62913e-11 3.45812e-11
0.0757258 0.0204053 0.00987937 0.00450781 0.00197756 0.00085015 0.000362353 0.00015409 6.55806e-05 2.79717e-05 1.19618e-05 5.12883e-06 2.20446e-06 9.49611e-07 4.09861e-07 1.77205e-07 7.67308e-08 3.32691e-08 1.44418e-08 6.27553e-09 2.72948e-09 1.18814e-09 5.17572e-10 2.25611e-10 9.84013e-11 4.29379e-11 1.87383e-11 8.16702e-12 3.53311e-12 1.47524e-12 6.45419e-13
0.0374965 0.00987937 0.00386116 0.00157434 0.000649776 0.000269681 0.000112498 4.71822e-05 1.98953e-05 8.43138e-06 3.5891e-06 1.53375e-06 6.57598e-07 2.82743e-07 1.21862e-07 5.26299e-08 2.27701e-08 9.86634e-09 4.28077e-09 1.85947e-09 8.08531e-10 3.51878e-10 1.53261e-10 6.67999e-11 2.91322e-11 1.27094e-11 5.54193e-12 2.40694e-12 1.02583e-12 4.45299e-13 1.94847e-13
0.0201577 0.00450781 0.00157434 0.000594656 0.000233914 9.41924e-05 3.85307e-05 1.59485e-05 6.66323e-06 2.80493e-06 1.18801e-06 5.05705e-07 2.16154e-07 9.2706e-08 3.98738e-08 1.71912e-08 7.42681e-09 3.21404e-09 1.39299e-09 6.04511e-10 2.62634e-10 1.14216e-10 4.97145e-11 2.16553e-11 9.43824e-12 4.11383e-12 1.78972e-12 7.71142e-13 3.35894e-13 1.4579e-13 6.37752e-14
0.0109469 0.00197756 0.000649776 0.000233914 8.89906e-05 3.50393e-05 1.41164e-05 5.78092e-06 2.39654e-06 1.00292e-06 4.22826e-07 1.79316e-07 7.64092e-08 3.26859e-08 1.40271e-08 6.03587e-09 2.60311e-09 1.12481e-09 4.86837e-10 2.11012e-10 9.15734e-11 3.97835e-11 1.73001e-11 7.52896e-12 3.2781e-12 1.42643e-12 6.17898e-13 2.692e-13 1.17222e-13 5.08615e-14 2.22374e-14
0.00583571 0.00085015 0.000269681 9.41924e-05 3.50393e-05 1.35795e-05 5.40984e-06 2.19743e-06 9.05367e-07 3.77051e-07 1.58337e-07 6.69278e-08 2.84384e-08 1.21353e-08 5.19654e-09 2.23174e-09 9.60812e-10 4.14514e-10 1.7915e-10 7.7547e-11 3.36123e-11 1.45862e-11 6.33613e-12 2.75449e-12 1.19767e-12 5.19834e-13 2.26321e-13 9.85524e-14 4.2893e-14 1.86026e-14 8.128e-15
0.00303368 0.000362353 0.000112498 3.85307e-05 1.41164e-05 5.40984e-06 2.13752e-06 8.62862e-07 3.53779e-07 1.46751e-07 6.14203e-08 2.58871e-08 1.09719e-08 4.67142e-09 1.99633e-09 8.55782e-10 3.67815e-10 1.58439e-10 6.83789e-11 2.95598e-11 1.27969e-11 5.54691e-12 2.40685e-12 1.04506e-12 4.53626e-13 1.97272e-13 8.58318e-14 3.73531e-14 1.62478e-14 7.04316e-15 3.07521e-15
0.00154045 0.00015409 4.71822e-05 1.59485e-05 5.78092e-06 2.19743e-06 8.62862e-07 3.46624e-07 1.41557e-07 5.85239e-08 2.44238e-08 1.02679e-08 4.34203e-09 1.84487e-09 7.86932e-10 3.36762e-10 1.44512e-10 6.21587e-11 2.67902e-11 1.15667e-11 5.00148e-12 2.16549e-12 9.38563e-13 4.06989e-13 1.76732e-13 7.68003e-14 3.33922e-14 1.45225e-14 6.31312e-15 2.73526e-15 1.19345e-15
0.000767022 6.55806e-05 1.98953e-05 6.66323e-06 2.39654e-06 9.05367e-07 3.53779e-07 1.41557e-07 5.76182e-08 2.37529e-08 9.88773e-09 4.14743e-09 1.75023e-09 7.42254e-10 3.16063e-10 1.35042e-10 5.78639e-11 2.48548e-11 1.06987e-11 4.61365e-12 1.99272e-12 8.61845e-13 3.73112e-13 1.61742e-13 7.01791e-14 3.0474e-14 1.32406e-14 5.75462e-15 2.50011e-15 1.08267e-15 4.7208e-16
0.000375941 2.79717e-05 8.43138e-06 2.80493e-06 1.00292e-06 3.77051e-07 1.46751e-07 5.85239e-08 2.37529e-08 9.76731e-09 4.05667e-09 1.69808e-09 7.1525e-10 3.02805e-10 1.28733e-10 5.49215e-11 2.35009e-11 1.00817e-11 4.33442e-12 1.86705e-12 8.05549e-13 3.48027e-13 1.50572e-13 6.52174e-14 2.82754e-14 1.2269e-14 5.32708e-15 2.31378e-15 1.00463e-15 4.3485e-16 1.89488e-16
0.000181959 1.19618e-05 3.5891e-06 1.18801e-06 4.22826e-07 1.58337e-07 6.14203e-08 2.44238e-08 9.88773e-09 4.05667e-09 1.6814e-09 7.02494e-10 2.95387e-10 1.24854e-10 5.30012e-11 2.25808e-11 9.64995e-12 4.13477e-12 1.77567e-12 7.64058e-13 3.2932e-13 1.42165e-13 6.14543e-14 2.65965e-14 1.15224e-14 4.99615e-15 2.16783e-15 9.41001e-16 4.08348e-16 1.76671e-16 7.69388e-17
8.71869e-05 5.12883e-06 1.53375e-06 5.05705e-07 1.79316e-07 6.69278e-08 2.58871e-08 1.02679e-08 4.14743e-09 1.69808e-09 7.02494e-10 2.92996e-10 1.23003e-10 5.19139e-11 2.20074e-11 9.36409e-12 3.99697e-12 1.71069e-12 7.33877e-13 3.15465e-13 1.35852e-13 5.8596e-14 2.5309e-14 1.09449e-14 4.73825e-15 2.05314e-15 8.90292e-16 3.86224e-16 1.67511e-16 7.24419e-17 3.153e-17
4.14368e-05 2.20446e-06 6.57598e-07 2.16154e-07 7.64092e-08 2.84384e-08 1.09719e-08 4.34203e-09 1.75023e-09 7.1525e-10 2.95387e-10 1.23003e-10 5.15616e-11 2.17318e-11 9.20078e-12 3.91022e-12 1.66717e-12 7.12791e-13 3.0548e-13 1.31196e-13 5.64498e-14 2.43281e-14 1.04998e-14 4.53737e-15 1.96296e-15 8.50022e-16 3.68368e-16 1.59714e-16 6.92348e-17 2.99288e-17 1.30193e-17
1.95618e-05 9.49611e-07 2.82743e-07 9.2706e-08 3.26859e-08 1.21353e-08 4.67142e-09 1.84487e-09 7.42254e-10 3.02805e-10 1.24854e-10 5.19139e-11 2.17318e-11 9.14763e-12 3.86827e-12 1.64213e-12 6.99408e-13 2.98733e-13 1.27912e-13 5.48874e-14 2.3597e-14 1.01617e-14 4.38251e-15 1.89255e-15 8.18221e-16 3.54099e-16 1.53365e-16 6.64587e-17 2.87951e-17 1.24427e-17 5.40991e-18
9.18343e-06 4.09861e-07 1.21862e-07 3.98738e-08 1.40271e-08 5.19654e-09 1.99633e-09 7.86932e-10 3.16063e-10 1.28733e-10 5.30012e-11 2.20074e-11 9.20078e-12 3.86827e-12 1.63395e-12 6.92906e-13 2.94828e-13 1.25813e-13 5.38239e-14 2.30771e-14 9.9136e-15 4.26604e-15 1.83857e-15 7.93451e-16 3.42827e-16 1.48277e-16 6.41855e-17 2.77997e-17 1.20394e-17 5.20036e-18 2.25995e-18
4.29091e-06 1.77205e-07 5.26299e-08 1.71912e-08 6.03587e-09 2.23174e-09 8.55782e-10 3.36762e-10 1.35042e-10 5.49215e-11 2.25808e-11 9.36409e-12 3.91022e-12 1.64213e-12 6.92906e-13 2.93549e-13 1.2479e-13 5.32056e-14 2.27432e-14 9.7437e-15 4.18269e-15 1.79866e-15 7.74676e-16 3.34111e-16 1.44275e-16 6.23662e-17 2.69826e-17 1.16808e-17 5.0564e-18 2.18331e-18 9.48373e-19
1.99682e-06 7.67308e-08 2.27701e-08 7.42681e-09 2.60311e-09 9.60812e-10 3.67815e-10 1.44512e-10 5.78639e-11 2.35009e-11 9.64995e-12 3.99697e-12 1.66717e-12 6.99408e-13 2.94828e-13 1.2479e-13 5.30027e-14 2.25799e-14 9.64456e-15 4.12892e-15 1.7712e-15 7.61164e-16 3.27626e-16 1.41219e-16 6.09467e-17 2.63317e-17 1.13866e-17 4.927e-18 2.13188e-18 9.20213e-19 3.9954e-19
9.25999e-07 3.32691e-08 9.86634e-09 3.21404e-09 1.12481e-09 4.14514e-10 1.58439e-10 6.21587e-11 2.48548e-11 1.00817e-11 4.13477e-12 1.71069e-12 7.12791e-13 2.98733e-13 1.25813e-13 5.32056e-14 2.25799e-14 9.61196e-15 4.10256e-15 1.75513e-15 7.52413e-16 3.23144e-16 1.39008e-16 5.9884e-17 2.58307e-17 1.11544e-17 4.8212e-18 2.0852e-18 9.01884e-19 3.89164e-19 1.68896e-19
4.28107e-07 1.44418e-08 4.28077e-09 1.39299e-09 4.86837e-10 1.7915e-10 6.83789e-11 2.67902e-11 1.06987e-11 4.33442e-12 1.77567e-12 7.33877e-13 3.0548e-13 1.27912e-13 5.38239e-14 2.27432e-14 9.64456e-15 4.10256e-15 1.74983e-15 7.48113e-16 3.20512e-16 1.37571e-16 5.91464e-17 2.54664e-17 1.09793e-17 4.73884e-18 2.04731e-18 8.85093e-19 3.82668e-19 1.6507e-19 7.16108e-20
1.97389e-07 6.27553e-09 1.85947e-09 6.04511e-10 2.11012e-10 7.7547e-11 2.95598e-11 1.15667e-11 4.61365e-12 1.86705e-12 7.64058e-13 3.15465e-13 1.31196e-13 5.48874e-14 2.30771e-14 9.7437e-15 4.12892e-15 1.75513e-15 7.48113e-16 3.19645e-16 1.36864e-16 5.87121e-17 2.52288e-17 1.08571e-17 4.67853e-18 2.0184e-18 8.71625e-19 3.76667e-19 1.62789e-19 7.02006e-20 3.04427e-20
9.07925e-08 2.72948e-09 8.08531e-10 2.62634e-10 9.15734e-11 3.36123e-11 1.27969e-11 5.00148e-12 1.99272e-12 8.05549e-13 3.2932e-13 1.35852e-13 5.64498e-14 2.3597e-14 9.9136e-15 4.18269e-15 1.7712e-15 7.52413e-16 3.20512e-16 1.36864e-16 5.85688e-17 2.51115e-17 1.0785e-17 4.63903e-18 1.99812e-18 8.61645e-19 3.71936e-19 1.60666e-19 6.94123e-20 2.99244e-20 1.2972e-20
4.16719e-08 1.18814e-09 3.51878e-10 1.14216e-10 3.97835e-11 1.45862e-11 5.54691e-12 2.16549e-12 8.61845e-13 3.48027e-13 1.42165e-13 5.8596e-14 2.43281e-14 1.01617e-14 4.26604e-15 1.79866e-15 7.61164e-16 3.23144e-16 1.37571e-16 5.87121e-17 2.51115e-17 1.07611e-17 4.61949e-18 1.98609e-18 8.55069e-19 3.68575e-19 1.59035e-19 6.86727e-20 2.96582e-20 1.27824e-20 5.5391e-21
1.90895e-08 5.17572e-10 1.53261e-10 4.97145e-11 1.73001e-11 6.33613e-12 2.40685e-12 9.38563e-13 3.73112e-13 1.50572e-13 6.14543e-14 2.5309e-14 1.04998e-14 4.38251e-15 1.83857e-15 7.74676e-16 3.27626e-16 1.39008e-16 5.91464e-17 2.52288e-17 1.0785e-17 4.61949e-18 1.98211e-18 8.51807e-19 3.66571e-19 1.57946e-19 6.8125e-20 2.94064e-20 1.26957e-20 5.47029e-21 2.36967e-21
8.72936e-09 2.25611e-10 6.67999e-11 2.16553e-11 7.52896e-12 2.75449e-12 1.04506e-12 4.06989e-13 1.61742e-13 6.52174e-14 2.65965e-14 1.09449e-14 4.53737e-15 1.89255e-15 7.93451e-16 3.34111e-16 1.41219e-16 5.9884e-17 2.54664e-17 1.08571e-17 4.63903e-18 1.98609e-18 8.51807e-19 3.65906e-19 1.57402e-19 6.77941e-20 2.92301e-20 1.26129e-20 5.44367e-21 2.34494e-21 1.01547e-21
3.98541e-09 9.84013e-11 2.91322e-11 9.43824e-12 3.2781e-12 1.19767e-12 4.53626e-13 1.76732e-13 7.01791e-14 2.82754e-14 1.15224e-14 4.73825e-15 1.96296e-15 8.18221e-16 3.42827e-16 1.44275e-16 6.09467e-17 2.58307e-17 1.09793e-17 4.67853e-18 1.99812e-18 8.55069e-19 3.66571e-19 1.57402e-19 6.76836e-20 2.91409e-20 1.256e-20 5.41785e-21 2.33761e-21 1.00671e-21 4.35814e-22
1.81685e-09 4.29379e-11 1.27094e-11 4.11383e-12 1.42643e-12 5.19834e-13 1.97272e-13 7.68003e-14 3.0474e-14 1.2269e-14 4.99615e-15 2.05314e-15 8.50022e-16 3.54099e-16 1.48277e-16 6.23662e-17 2.63317e-17 1.11544e-17 4.73884e-18 2.0184e-18 8.61645e-19 3.68575e-19 1.57946e-19 6.77941e-20 2.91409e-20 1.25421e-20 5.4039e-21 2.33027e-21 1.00513e-21 4.32767e-22 1.87292e-22
8.27072e-10 1.87383e-11 5.54193e-12 1.78972e-12 6.17898e-13 2.26321e-13 8.58318e-14 3.33922e-14 1.32406e-14 5.32708e-15 2.16783e-15 8.90292e-16 3.68368e-16 1.53365e-16 6.41855e-17 2.69826e-17 1.13866e-17 4.8212e-18 2.04731e-18 8.71625e-19 3.71936e-19 1.59035e-19 6.8125e-20 2.92301e-20 1.256e-20 5.4039e-21 2.32758e-21 1.0034e-21 4.32679e-22 1.86251e-22 8.05819e-23
3.75876e-10 8.16702e-12 2.40694e-12 7.71142e-13 2.692e-13 9.85524e-14 3.73531e-14 1.45225e-14 5.75462e-15 2.31378e-15 9.41001e-16 3.86224e-16 1.59714e-16 6.64587e-17 2.77997e-17 1.16808e-17 4.927e-18 2.0852e-18 8.85093e-19 3.76667e-19 1.60666e-19 6.86727e-20 2.94064e-20 1.26129e-20 5.41785e-21 2.33027e-21 1.0034e-21 4.32427e-22 1.86419e-22 8.0229e-23 3.47016e-23
1.70279e-10 3.53311e-12 1.02583e-12 3.35894e-13 1.17222e-13 4.2893e-14 1.62478e-14 6.31312e-15 2.50011e-15 1.00463e-15 4.08348e-16 1.67511e-16 6.92348e-17 2.87951e-17 1.20394e-17 5.0564e-18 2.13188e-18 9.01884e-19 3.82668e-19 1.62789e-19 6.94123e-20 2.96582e-20 1.26957e-20 5.44367e-21 2.33761e-21 1.00513e-21 4.32679e-22 1.86419e-22 8.03456e-23 3.45713e-23 1.49494e-23
7.62913e-11 1.47524e-12 4.45299e-13 1.4579e-13 5.08615e-14 1.86026e-14 7.04316e-15 2.73526e-15 1.08267e-15 4.3485e-16 1.76671e-16 7.24419e-17 2.99288e-17 1.24427e-17 5.20036e-18 2.18331e-18 9.20213e-19 3.89164e-19 1.6507e-19 7.02006e-20 2.99244e-20 1.27824e-20 5.47029e-21 2.34494e-21 1.00671e-21 4.32767e-22 1.86251e-22 8.0229e-23 3.45713e-23 1.48731e-23 6.43015e-24
3.45812e-11 6.45419e-13 1.94847e-13 6.37752e-14 2.22374e-14 8.128e-15 3.07521e-15 1.19345e-15 4.7208e-16 1.89488e-16 7.69388e-17 3.153e-17 1.30193e-17 5.40991e-18 2.25995e-18 9.48373e-19 3.9954e-19 1.68896e-19 7.16108e-20 3.04427e-20 1.2972e-20 5.5391e-21 2.36967e-21 1.01547e-21 4.35814e-22 1.87292e-22 8.05819e-23 3.47016e-23 1.49494e-23 6.43015e-24 2.77924e-24
