0.0631905 0.0402122 0.0255896 0.0162843 0.0103627 0.00659445 0.00419647 0.00267048 0.0016994 0.00108143 0.000688185 0.000437936 0.000278687 0.000177346 0.000112857 7.18178e-05 4.57023e-05 2.90833e-05 1.85075e-05 1.17775e-05 7.49478e-06 4.76941e-06 3.03508e-06 1.93141e-06 1.22908e-06 7.82142e-07 4.97727e-07 3.16735e-07 2.01559e-07 1.28265e-07 8.1623e-08 5.19419e-08 3.30539e-08 2.10343e-08 1.33855e-08 8.51803e-09 5.42057e-09 3.44945e-09 2.19511e-09 1.39689e-09 8.88927e-10 5.65681e-10 3.59979e-10 2.29077e-10 1.45777e-10 9.27669e-11 5.90335e-11 3.75668e-11 2.39061e-11 1.5213e-11 9.68099e-12 6.16063e-12 3.9204e-12 2.4948e-12 1.5876e-12 1.01029e-12 6.42912e-13 4.09126e-13 2.60353e-13 1.65679e-13 1.05432e-13 6.70932e-14 4.26957e-14 2.717e-14 1.729e-14 1.10027e-14 7.00173e-15 4.45565e-15 2.83541e-15 1.80435e-15 1.14822e-15 7.30688e-16 4.64983e-16 2.95899e-16 1.88299e-16 1.19827e-16 7.62534e-17 4.85249e-17 3.08795e-17 1.96506e-17 1.25049e-17 7.95767e-18 5.06397e-18 3.22253e-18 2.0507e-18 1.30499e-18 8.30448e-19 5.28467e-19 3.36297e-19 2.14007e-19 1.36186e-19 8.66641e-20 5.51499e-20 3.50954e-20 2.23334e-20 1.42122e-20 9.04411e-21 5.75535e-21 3.66249e-21 2.33068e-21 1.48316e-21
0.0402122 0.0299523 0.0218368 0.0156629 0.0110916 0.00777372 0.0054022 0.00372749 0.00255641 0.00174414 0.00118457 0.000801329 0.000540172 0.000362987 0.000243236 0.000162578 0.000108417 7.2148e-05 4.79203e-05 3.17725e-05 2.1032e-05 1.39015e-05 9.17566e-06 6.0486e-06 3.98246e-06 2.61915e-06 1.72073e-06 1.12937e-06 7.4056e-07 4.85181e-07 3.17607e-07 2.07749e-07 1.3579e-07 8.86939e-08 5.78938e-08 3.77657e-08 2.46208e-08 1.6042e-08 1.04467e-08 6.79946e-09 4.42337e-09 2.87624e-09 1.86939e-09 1.21447e-09 7.88658e-10 5.11938e-10 3.32183e-10 2.15465e-10 1.39708e-10 9.05554e-11 5.86765e-11 3.8008e-11 2.46122e-11 1.5933e-11 1.03114e-11 6.67142e-12 4.3152e-12 2.79043e-12 1.80397e-12 1.16596e-12 7.53411e-13 4.86723e-13 3.14365e-13 2.02998e-13 1.31056e-13 8.45933e-14 5.45917e-14 3.52236e-14 2.27226e-14 1.46556e-14 9.45088e-15 6.09347e-15 3.92811e-15 2.53181e-15 1.63158e-15 1.05128e-15 6.77268e-16 4.36254e-16 2.80966e-16 1.80929e-16 1.16493e-16 7.49953e-17 4.82737e-17 3.10692e-17 1.99938e-17 1.28649e-17 8.27686e-18 5.32443e-18 3.42476e-18 2.20261e-18 1.41644e-18 9.10771e-19 5.85565e-19 3.7644e-19 2.41976e-19 1.55526e-19 9.99526e-20 6.42306e-20 4.12714e-20 2.65165e-20 1.7035e-20
0.0255896 0.0218368 0.0177308 0.0139152 0.0106519 0.00799956 0.00591706 0.00432275 0.00312552 0.00224013 0.00159346 0.00112604 0.000791137 0.000552989 0.000384755 0.000266596 0.000184032 0.000126604 8.68252e-05 5.9374e-05 4.04945e-05 2.75506e-05 1.87015e-05 1.26678e-05 8.56378e-06 5.77863e-06 3.8925e-06 2.61772e-06 1.75771e-06 1.17853e-06 7.89104e-07 5.27671e-07 3.52416e-07 2.35092e-07 1.56652e-07 1.04273e-07 6.93368e-08 4.60614e-08 3.05709e-08 2.02719e-08 1.34311e-08 8.89153e-09 5.88168e-09 3.88777e-09 2.56795e-09 1.695e-09 1.11806e-09 7.37019e-10 4.85538e-10 3.19675e-10 2.1035e-10 1.38335e-10 9.09264e-11 5.97338e-11 3.9222e-11 2.57411e-11 1.68857e-11 1.10716e-11 7.25621e-12 4.75357e-12 3.11278e-12 2.03751e-12 1.33315e-12 8.71946e-13 5.70084e-13 3.72588e-13 2.43426e-13 1.58984e-13 1.03799e-13 6.77474e-14 4.42031e-14 2.88322e-14 1.88006e-14 1.22556e-14 7.98683e-15 5.20344e-15 3.38913e-15 2.20683e-15 1.4366e-15 9.34952e-16 6.08325e-16 3.95708e-16 2.57341e-16 1.67318e-16 1.08762e-16 7.06825e-17 4.59253e-17 2.98331e-17 1.93755e-17 1.25811e-17 8.16764e-18 5.30136e-18 3.44028e-18 2.23212e-18 1.44797e-18 9.39125e-19 6.08987e-19 3.94835e-19 2.55946e-19 1.65885e-19 1.07496e-19
0.0162843 0.0156629 0.0139152 0.0117541 0.00958404 0.00761139 0.00592182 0.00453162 0.00342064 0.00255239 0.00188577 0.00138134 0.00100423 0.000725197 0.000520574 0.00037168 0.000264081 0.000186798 0.000131595 9.23598e-05 6.45989e-05 4.50377e-05 3.13066e-05 2.17015e-05 1.50044e-05 1.03488e-05 7.12153e-06 4.89014e-06 3.35111e-06 2.29205e-06 1.56485e-06 1.06653e-06 7.25711e-07 4.93037e-07 3.34467e-07 2.26576e-07 1.53281e-07 1.03563e-07 6.98849e-08 4.71032e-08 3.17122e-08 2.1327e-08 1.43278e-08 9.61594e-09 6.44741e-09 4.31892e-09 2.89051e-09 1.93285e-09 1.2914e-09 8.62128e-10 5.75101e-10 3.83345e-10 2.5534e-10 1.69957e-10 1.13049e-10 7.51454e-11 4.99183e-11 3.31396e-11 2.19873e-11 1.45794e-11 9.66185e-12 6.39941e-12 4.23628e-12 2.80286e-12 1.85352e-12 1.22511e-12 8.09365e-13 5.34451e-13 3.52754e-13 2.32724e-13 1.53468e-13 1.01161e-13 6.66539e-14 4.38997e-14 2.89018e-14 1.90204e-14 1.25127e-14 8.2285e-15 5.4092e-15 3.55461e-15 2.33507e-15 1.53342e-15 1.00665e-15 6.60627e-16 4.33406e-16 2.84248e-16 1.86367e-16 1.22155e-16 8.00433e-17 5.24342e-17 3.43386e-17 2.24818e-17 1.4715e-17 9.6289e-18 6.29911e-18 4.11975e-18 2.69373e-18 1.76088e-18 1.1508e-18 7.51915e-19 4.91174e-19
0.0103627 0.0110916 0.0106519 0.00958404 0.00824945 0.00687382 0.00558588 0.00444916 0.0034858 0.00269343 0.00205665 0.00155434 0.00116416 0.000864984 0.000638112 0.000467725 0.00034084 0.000247061 0.000178214 0.000127978 9.15237e-05 6.52028e-05 4.62861e-05 3.27484e-05 2.30982e-05 1.62443e-05 1.13928e-05 7.96961e-06 5.56141e-06 3.87196e-06 2.68984e-06 1.86476e-06 1.29021e-06 8.91018e-07 6.14234e-07 4.22707e-07 2.90427e-07 1.99231e-07 1.36467e-07 9.33419e-08 6.3757e-08 4.34917e-08 2.96301e-08 2.01618e-08 1.3703e-08 9.30267e-09 6.3085e-09 4.27352e-09 2.89203e-09 1.95521e-09 1.32059e-09 8.91137e-10 6.00804e-10 4.04711e-10 2.72392e-10 1.83185e-10 1.23096e-10 8.2654e-11 5.54577e-11 3.71832e-11 2.4913e-11 1.66805e-11 1.1161e-11 7.46305e-12 4.98719e-12 3.33066e-12 2.22302e-12 1.48288e-12 9.88596e-13 6.58707e-13 4.38663e-13 2.91971e-13 1.94234e-13 1.2915e-13 8.58315e-14 5.70153e-14 3.78558e-14 2.51231e-14 1.66656e-14 1.10503e-14 7.32394e-15 4.85211e-15 3.2132e-15 2.12701e-15 1.40744e-15 9.30939e-16 6.15529e-16 4.06831e-16 2.68795e-16 1.77531e-16 1.17212e-16 7.73613e-17 5.1042e-17 3.36657e-17 2.21976e-17 1.46314e-17 9.64122e-18 6.35101e-18 4.18237e-18 2.75342e-18 1.81216e-18
0.00659445 0.00777372 0.00799956 0.00761139 0.00687382 0.00597735 0.00504938 0.00416813 0.00337613 0.00269151 0.00211678 0.0016453 0.00126571 0.000964834 0.000729493 0.000547513 0.000408199 0.000302489 0.00022291 0.000163427 0.000119251 8.66354e-05 6.26836e-05 4.51812e-05 3.24498e-05 2.3228e-05 1.65747e-05 1.1792e-05 8.36597e-06 5.9196e-06 4.17808e-06 2.94187e-06 2.06674e-06 1.4488e-06 1.01353e-06 7.07639e-07 4.93138e-07 3.43039e-07 2.38215e-07 1.65149e-07 1.14312e-07 7.90036e-08 5.45209e-08 3.75721e-08 2.58569e-08 1.77712e-08 1.21985e-08 8.36306e-09 5.72678e-09 3.91705e-09 2.67626e-09 1.82655e-09 1.24533e-09 8.48206e-10 5.77158e-10 3.92353e-10 2.66478e-10 1.80825e-10 1.22597e-10 8.30488e-11 5.62125e-11 3.80177e-11 2.56923e-11 1.73497e-11 1.17074e-11 7.89438e-12 5.31952e-12 3.58204e-12 2.41047e-12 1.62102e-12 1.08944e-12 7.31724e-13 4.91168e-13 3.29501e-13 2.20919e-13 1.48035e-13 9.91415e-14 6.63611e-14 4.43958e-14 2.96857e-14 1.98396e-14 1.32526e-14 8.84835e-15 5.90495e-15 3.93884e-15 2.62616e-15 1.75018e-15 1.16587e-15 7.7631e-16 5.16696e-16 3.43761e-16 2.28613e-16 1.51975e-16 1.00989e-16 6.70827e-17 4.45434e-17 2.95661e-17 1.96177e-17 1.30121e-17 8.62766e-18 5.7186e-18
0.00419647 0.0054022 0.00591706 0.00592182 0.00558588 0.00504938 0.00441859 0.0037681 0.00314618 0.00258079 0.00208524 0.00166292 0.00131099 0.00102307 0.000791165 0.000606836 0.000462012 0.000349379 0.000262573 0.000196211 0.000145851 0.000107887 7.94427e-05 5.82495e-05 4.25406e-05 3.09523e-05 2.24417e-05 1.62174e-05 1.16828e-05 8.39125e-06 6.01016e-06 4.29326e-06 3.05905e-06 2.17438e-06 1.54199e-06 1.09112e-06 7.70455e-07 5.42933e-07 3.81862e-07 2.68077e-07 1.87862e-07 1.31424e-07 9.17899e-08 6.40067e-08 4.45648e-08 3.09826e-08 2.15092e-08 1.49119e-08 1.03244e-08 7.13903e-09 4.93028e-09 3.4008e-09 2.34306e-09 1.61248e-09 1.10848e-09 7.61195e-10 5.22176e-10 3.57849e-10 2.44996e-10 1.67573e-10 1.14512e-10 7.81814e-11 5.33306e-11 3.63478e-11 2.47525e-11 1.68426e-11 1.14513e-11 7.77975e-12 5.28141e-12 3.58274e-12 2.42867e-12 1.6452e-12 1.11371e-12 7.53413e-13 5.09344e-13 3.44122e-13 2.32349e-13 1.56785e-13 1.05732e-13 7.12617e-14 4.80016e-14 3.23155e-14 2.17434e-14 1.46221e-14 9.82791e-15 6.60219e-15 4.43297e-15 2.97498e-15 1.99555e-15 1.33793e-15 8.96596e-16 6.00567e-16 4.02095e-16 2.69094e-16 1.80006e-16 1.20361e-16 8.04452e-17 5.37446e-17 3.58916e-17 2.39595e-17 1.59878e-17
0.00267048 0.00372749 0.00432275 0.00453162 0.00444916 0.00416813 0.0037681 0.00331148 0.00284365 0.00239506 0.00198416 0.0016204 0.00130682 0.00104228 0.000823069 0.000644173 0.000500089 0.000385373 0.000294966 0.000224365 0.000169681 0.00012764 9.55388e-05 7.11791e-05 5.28e-05 3.90068e-05 2.87062e-05 2.10492e-05 1.53817e-05 1.12038e-05 8.13556e-06 5.89033e-06 4.25288e-06 3.06248e-06 2.19971e-06 1.57618e-06 1.12679e-06 8.0374e-07 5.72093e-07 4.06379e-07 2.88102e-07 2.03865e-07 1.43996e-07 1.01532e-07 7.14695e-08 5.02266e-08 3.52425e-08 2.46911e-08 1.72734e-08 1.2067e-08 8.41836e-09 5.86511e-09 4.08099e-09 2.83604e-09 1.96849e-09 1.36471e-09 9.45049e-10 6.53709e-10 4.51695e-10 3.11782e-10 2.14987e-10 1.48095e-10 1.01917e-10 7.00722e-11 4.81332e-11 3.30334e-11 2.26507e-11 1.55181e-11 1.06227e-11 7.26572e-12 4.96565e-12 3.39107e-12 2.31403e-12 1.57789e-12 1.07516e-12 7.32079e-13 4.98131e-13 3.38714e-13 2.30163e-13 1.56298e-13 1.06071e-13 7.19395e-14 4.8761e-14 3.30307e-14 2.23618e-14 1.51303e-14 1.02316e-14 6.91505e-15 4.67103e-15 3.15354e-15 2.12793e-15 1.43513e-15 9.67403e-16 6.51791e-16 4.38932e-16 2.95446e-16 1.98772e-16 1.3367e-16 8.98488e-17 6.03668e-17 4.05409e-17
0.0016994 0.00255641 0.00312552 0.00342064 0.0034858 0.00337613 0.00314618 0.00284365 0.0025068 0.00216413 0.00183528 0.00153256 0.00126256 0.00102773 0.00082766 0.000660137 0.000521937 0.00040939 0.000318773 0.000246549 0.000189505 0.000144821 0.00011008 8.32533e-05 6.2669e-05 4.69663e-05 3.50522e-05 2.60579e-05 1.92999e-05 1.42444e-05 1.04783e-05 7.6835e-06 5.61721e-06 4.09482e-06 2.97687e-06 2.15847e-06 1.56115e-06 1.12642e-06 8.10884e-07 5.82446e-07 4.17475e-07 2.98619e-07 2.13183e-07 1.51902e-07 1.08039e-07 7.67067e-08 5.43684e-08 3.8472e-08 2.71802e-08 1.91731e-08 1.35046e-08 9.49833e-09 6.67119e-09 4.67918e-09 3.27766e-09 2.29299e-09 1.60214e-09 1.11808e-09 7.79355e-10 5.42627e-10 3.77385e-10 2.62178e-10 1.81949e-10 1.26142e-10 8.73636e-11 6.04475e-11 4.17842e-11 2.88563e-11 1.99102e-11 1.37254e-11 9.45363e-12 6.50585e-12 4.47353e-12 3.07358e-12 2.11006e-12 1.44747e-12 9.92192e-13 6.7961e-13 4.65166e-13 3.18161e-13 2.17463e-13 1.48534e-13 1.01386e-13 6.91579e-14 4.71443e-14 3.21175e-14 2.18669e-14 1.48788e-14 1.01179e-14 6.87639e-15 4.67069e-15 3.17071e-15 2.15126e-15 1.45879e-15 9.88695e-16 6.69736e-16 4.53441e-16 3.06845e-16 2.07539e-16 1.40304e-16 9.48048e-17
0.00108143 0.00174414 0.00224013 0.00255239 0.00269343 0.00269151 0.00258079 0.00239506 0.00216413 0.00191227 0.00165784 0.00141375 0.00118829 0.000986077 0.000808964 0.000656857 0.00052839 0.000421441 0.000333524 0.000262056 0.000204537 0.00015866 0.000122368 9.38725e-05 7.16511e-05 5.44322e-05 4.11677e-05 3.10053e-05 2.32591e-05 1.73827e-05 1.29447e-05 9.60723e-06 7.10726e-06 5.24168e-06 3.85446e-06 2.82643e-06 2.06703e-06 1.50778e-06 1.09713e-06 7.96428e-07 5.7683e-07 4.16867e-07 3.00629e-07 2.16362e-07 1.55411e-07 1.11419e-07 7.97338e-08 5.69586e-08 4.06194e-08 2.89194e-08 2.05566e-08 1.45894e-08 1.03388e-08 7.31593e-09 5.16955e-09 3.64786e-09 2.57065e-09 1.80919e-09 1.27167e-09 8.92755e-10 6.25993e-10 4.3843e-10 3.06716e-10 2.14335e-10 1.49617e-10 1.0433e-10 7.26765e-11 5.05758e-11 3.51614e-11 2.44216e-11 1.69463e-11 1.17485e-11 8.13766e-12 5.63169e-12 3.8941e-12 2.69037e-12 1.85722e-12 1.28105e-12 8.82936e-13 6.08077e-13 4.18467e-13 2.87769e-13 1.97749e-13 1.35793e-13 9.3183e-14 6.39001e-14 4.37901e-14 2.99893e-14 2.05247e-14 1.40383e-14 9.59581e-15 6.55518e-15 4.47537e-15 3.05364e-15 2.08236e-15 1.41921e-15 9.66712e-16 6.58126e-16 4.47804e-16 3.04534e-16 2.06994e-16
0.000688185 0.00118457 0.00159346 0.00188577 0.00205665 0.00211678 0.00208524 0.00198416 0.00183528 0.00165784 0.00146761 0.00127669 0.00109372 0.000924341 0.000771771 0.000637382 0.000521205 0.00042237 0.000339454 0.000270742 0.000214421 0.000168708 0.000131934 0.000102589 7.93466e-05 6.10631e-05 4.67712e-05 3.56652e-05 2.7082e-05 2.04826e-05 1.54328e-05 1.15862e-05 8.66859e-06 6.46453e-06 4.80586e-06 3.56213e-06 2.63274e-06 1.94052e-06 1.42656e-06 1.04609e-06 7.6523e-07 5.58476e-07 4.0667e-07 2.95489e-07 2.14256e-07 1.55042e-07 1.11975e-07 8.07195e-08 5.80823e-08 4.17199e-08 2.99159e-08 2.14163e-08 1.53069e-08 1.09234e-08 7.7834e-09 5.5379e-09 3.93461e-09 2.79161e-09 1.97799e-09 1.39966e-09 9.89159e-10 6.98184e-10 4.92205e-10 3.46585e-10 2.43766e-10 1.71257e-10 1.20184e-10 8.42519e-11 5.9001e-11 4.12758e-11 2.88468e-11 2.01408e-11 1.40488e-11 9.79039e-12 6.81653e-12 4.74175e-12 3.2956e-12 2.28854e-12 1.58788e-12 1.10084e-12 7.62566e-13 5.27824e-13 3.65062e-13 2.52298e-13 1.74236e-13 1.2024e-13 8.29174e-14 5.71398e-14 3.93489e-14 2.70791e-14 1.86229e-14 1.2799e-14 8.79076e-15 6.03399e-15 4.13918e-15 2.83766e-15 1.94422e-15 1.3313e-15 9.11084e-16 6.2315e-16 4.25975e-16
0.000437936 0.000801329 0.00112604 0.00138134 0.00155434 0.0016453 0.00166292 0.0016204 0.00153256 0.00141375 0.00127669 0.00113188 0.000987432 0.000849182 0.000721013 0.000605181 0.000502683 0.000413588 0.000337327 0.000272924 0.000219182 0.000174811 0.000138529 0.00010912 8.54718e-05 6.65956e-05 5.16303e-05 3.98404e-05 3.06064e-05 2.34139e-05 1.78401e-05 1.35417e-05 1.02418e-05 7.71937e-06 5.79905e-06 4.34274e-06 3.24236e-06 2.41382e-06 1.79202e-06 1.32686e-06 9.79931e-07 7.21932e-07 5.30599e-07 3.89084e-07 2.84684e-07 2.07854e-07 1.51446e-07 1.10127e-07 7.99272e-08 5.7901e-08 4.1869e-08 3.02232e-08 2.17796e-08 1.56691e-08 1.1255e-08 8.07179e-09 5.78015e-09 4.13306e-09 2.95109e-09 2.10422e-09 1.49834e-09 1.06551e-09 7.56744e-10 5.36778e-10 3.80285e-10 2.69096e-10 1.90195e-10 1.34276e-10 9.4693e-11 6.67061e-11 4.69411e-11 3.29983e-11 2.31735e-11 1.62577e-11 1.13949e-11 7.97896e-12 5.58188e-12 3.9014e-12 2.72442e-12 1.90085e-12 1.32511e-12 9.22983e-13 6.42359e-13 4.46697e-13 3.10388e-13 2.15506e-13 1.49515e-13 1.03654e-13 7.18079e-14 4.97101e-14 3.43882e-14 2.37725e-14 1.64227e-14 1.13376e-14 7.82195e-15 5.39296e-15 3.7159e-15 2.55876e-15 1.76087e-15 1.21106e-15 8.32419e-16
0.000278687 0.000540172 0.000791137 0.00100423 0.00116416 0.00126571 0.00131099 0.00130682 0.00126256 0.00118829 0.00109372 0.000987432 0.000876511 0.000766472 0.000661326 0.000563758 0.000475353 0.00039683 0.000328259 0.000269257 0.000219145 0.000177072 0.000142115 0.000113342 8.98628e-05 7.08529e-05 5.55732e-05 4.33742e-05 3.36955e-05 2.60611e-05 2.0072e-05 1.53977e-05 1.17672e-05 8.96012e-06 6.79912e-06 5.14227e-06 3.87687e-06 2.914e-06 2.18389e-06 1.63214e-06 1.21651e-06 9.0438e-07 6.70659e-07 4.96145e-07 3.66191e-07 2.6967e-07 1.98161e-07 1.4531e-07 1.06339e-07 7.76675e-08 5.66187e-08 4.11985e-08 2.99245e-08 2.16979e-08 1.57065e-08 1.13509e-08 8.19012e-09 5.90036e-09 4.24438e-09 3.04869e-09 2.18672e-09 1.56629e-09 1.12037e-09 8.00342e-10 5.70995e-10 4.06859e-10 2.8955e-10 2.05817e-10 1.46128e-10 1.03631e-10 7.34108e-11 5.19465e-11 3.67189e-11 2.5928e-11 1.82897e-11 1.28887e-11 9.07371e-12 6.38183e-12 4.48434e-12 3.14812e-12 2.20807e-12 1.54736e-12 1.08341e-12 7.57926e-13 5.29783e-13 3.7001e-13 2.58215e-13 1.80055e-13 1.25457e-13 8.73486e-14 6.07704e-14 4.22484e-14 2.93505e-14 2.03758e-14 1.41355e-14 9.79968e-15 6.78923e-15 4.70048e-15 3.25224e-15 2.24877e-15 1.55394e-15
0.000177346 0.000362987 0.000552989 0.000725197 0.000864984 0.000964834 0.00102307 0.00104228 0.00102773 0.000986077 0.000924341 0.000849182 0.000766472 0.000681075 0.000596784 0.000516375 0.000441724 0.000373945 0.000313555 0.000260613 0.000214852 0.000175791 0.000142822 0.000115275 9.24685e-05 7.37453e-05 5.84929e-05 4.61565e-05 3.62447e-05 2.83302e-05 2.2047e-05 1.70859e-05 1.31887e-05 1.01419e-05 7.77079e-06 5.93346e-06 4.51556e-06 3.42559e-06 2.59081e-06 1.95372e-06 1.46916e-06 1.10178e-06 8.24121e-07 6.14883e-07 4.57656e-07 3.39834e-07 2.51774e-07 1.86124e-07 1.37301e-07 1.01077e-07 7.42617e-08 5.44554e-08 3.9857e-08 2.91191e-08 2.12367e-08 1.54615e-08 1.1238e-08 8.15505e-09 5.90851e-09 4.27427e-09 3.08743e-09 2.2269e-09 1.60393e-09 1.15364e-09 8.28648e-10 5.94424e-10 4.25858e-10 3.0471e-10 2.17759e-10 1.55434e-10 1.10817e-10 7.89168e-11 5.61366e-11 3.98884e-11 2.83127e-11 2.00752e-11 1.42198e-11 1.00621e-11 7.11306e-12 5.02348e-12 3.54438e-12 2.49847e-12 1.75959e-12 1.23812e-12 8.70428e-13 6.11407e-13 4.29102e-13 3.00907e-13 2.10839e-13 1.47612e-13 1.03265e-13 7.21857e-14 5.0422e-14 3.51938e-14 2.45468e-14 1.71085e-14 1.19157e-14 8.29333e-15 5.76821e-15 4.00923e-15 2.7848e-15
0.000112857 0.000243236 0.000384755 0.000520574 0.000638112 0.000729493 0.000791165 0.000823069 0.00082766 0.000808964 0.000771771 0.000721013 0.000661326 0.000596784 0.000530758 0.000465887 0.000404111 0.000346744 0.000294575 0.000247973 0.00020698 0.000171409 0.000140914 0.000115053 9.33362e-05 7.52628e-05 6.03449e-05 4.81248e-05 3.81849e-05 3.01526e-05 2.37013e-05 1.85495e-05 1.44576e-05 1.12239e-05 8.68068e-06 6.68956e-06 5.13737e-06 3.9323e-06 3.00035e-06 2.2823e-06 1.731e-06 1.30916e-06 9.87436e-07 7.4282e-07 5.57389e-07 4.17225e-07 3.1157e-07 2.32139e-07 1.72576e-07 1.28021e-07 9.47717e-08 7.00169e-08 5.16272e-08 3.79954e-08 2.79115e-08 2.04672e-08 1.49823e-08 1.09487e-08 7.98788e-09 5.81842e-09 4.23156e-09 3.0728e-09 2.22805e-09 1.6132e-09 1.16637e-09 8.42149e-10 6.07236e-10 4.37276e-10 3.14483e-10 2.25889e-10 1.62054e-10 1.1612e-10 8.31082e-11 5.94133e-11 4.24264e-11 3.0263e-11 2.15636e-11 1.53488e-11 1.09139e-11 7.75254e-12 5.50148e-12 3.90025e-12 2.76244e-12 1.95473e-12 1.38192e-12 9.7609e-13 6.88831e-13 4.8569e-13 3.42166e-13 2.40852e-13 1.69398e-13 1.19047e-13 8.35952e-14 5.86554e-14 4.11246e-14 2.88117e-14 2.01704e-14 1.41106e-14 9.86427e-15 6.89094e-15 4.81052e-15
7.18178e-05 0.000162578 0.000266596 0.00037168 0.000467725 0.000547513 0.000606836 0.000644173 0.000660137 0.000656857 0.000637382 0.000605181 0.000563758 0.000516375 0.000465887 0.000414656 0.000364534 0.000316883 0.000272633 0.000232341 0.00019627 0.000164449 0.000136743 0.000112898 9.25916e-05 7.54631e-05 6.11412e-05 4.9262e-05 3.9482e-05 3.14859e-05 2.49904e-05 1.97455e-05 1.55345e-05 1.21715e-05 9.49927e-06 7.38599e-06 5.72227e-06 4.41808e-06 3.39989e-06 2.60807e-06 1.99456e-06 1.5209e-06 1.15644e-06 8.76923e-07 6.63217e-07 5.00318e-07 3.76503e-07 2.82655e-07 2.11713e-07 1.58223e-07 1.17992e-07 8.78066e-08 6.52107e-08 4.83341e-08 3.57566e-08 2.64028e-08 1.94607e-08 1.43186e-08 1.05172e-08 7.7121e-09 5.646e-09 4.12687e-09 3.01183e-09 2.19476e-09 1.597e-09 1.16038e-09 8.41954e-10 6.10074e-10 4.41466e-10 3.1904e-10 2.30271e-10 1.65993e-10 1.19512e-10 8.59443e-11 6.17325e-11 4.42908e-11 3.17415e-11 2.27229e-11 1.62493e-11 1.16077e-11 8.28347e-12 5.90523e-12 4.20563e-12 2.99228e-12 2.12695e-12 1.51045e-12 1.07166e-12 7.59648e-13 5.38002e-13 3.80695e-13 2.69153e-13 1.90132e-13 1.342e-13 9.46452e-14 6.66956e-14 4.69629e-14 3.30428e-14 2.32311e-14 1.63207e-14 1.14575e-14 8.03756e-15
4.57023e-05 0.000108417 0.000184032 0.000264081 0.00034084 0.000408199 0.000462012 0.000500089 0.000521937 0.00052839 0.000521205 0.000502683 0.000475353 0.000441724 0.000404111 0.000364534 0.000324662 0.000285802 0.000248921 0.000214676 0.000183463 0.000155468 0.000130711 0.00010909 9.04182e-05 7.44577e-05 6.09408e-05 4.95906e-05 4.01346e-05 3.2314e-05 2.58897e-05 2.06459e-05 1.6391e-05 1.29578e-05 1.02023e-05 8.00155e-06 6.25225e-06 4.868e-06 3.77727e-06 2.92131e-06 2.25219e-06 1.73104e-06 1.32659e-06 1.01377e-06 7.72599e-07 5.87252e-07 4.45232e-07 3.36728e-07 2.54059e-07 1.91243e-07 1.43636e-07 1.07646e-07 8.05039e-08 6.00824e-08 4.47521e-08 3.32691e-08 2.46862e-08 1.8284e-08 1.35182e-08 9.97726e-09 7.35144e-09 5.40779e-09 3.97165e-09 2.91235e-09 2.13233e-09 1.5589e-09 1.13802e-09 8.29598e-10 6.03924e-10 4.39045e-10 3.18757e-10 2.31125e-10 1.67373e-10 1.21056e-10 8.74495e-11 6.30977e-11 4.54741e-11 3.27356e-11 2.35392e-11 1.69078e-11 1.21315e-11 8.69539e-12 6.22606e-12 4.45347e-12 3.18238e-12 2.27187e-12 1.62031e-12 1.15453e-12 8.21887e-13 5.84555e-13 4.15386e-13 2.94917e-13 2.09206e-13 1.48279e-13 1.05009e-13 7.43053e-14 5.25368e-14 3.71163e-14 2.62016e-14 1.84824e-14 1.30276e-14
2.90833e-05 7.2148e-05 0.000126604 0.000186798 0.000247061 0.000302489 0.000349379 0.000385373 0.00040939 0.000421441 0.00042237 0.000413588 0.00039683 0.000373945 0.000346744 0.000316883 0.000285802 0.000254689 0.000224473 0.000195841 0.000169262 0.000145018 0.000123239 0.000103938 8.70358e-05 7.23955e-05 5.98387e-05 4.91657e-05 4.01691e-05 3.26437e-05 2.63937e-05 2.12375e-05 1.70101e-05 1.35645e-05 1.07715e-05 8.51937e-06 6.71226e-06 5.26901e-06 4.12148e-06 3.21292e-06 2.49648e-06 1.93369e-06 1.49324e-06 1.14974e-06 8.82765e-07 6.75935e-07 5.16202e-07 3.93212e-07 2.98787e-07 2.26494e-07 1.71295e-07 1.29258e-07 9.73248e-08 7.31255e-08 5.48303e-08 4.10303e-08 3.06438e-08 2.28434e-08 1.69972e-08 1.26246e-08 9.36049e-09 6.92852e-09 5.1199e-09 3.77728e-09 2.78235e-09 2.04633e-09 1.50274e-09 1.10193e-09 8.0687e-10 5.89986e-10 4.30808e-10 3.14154e-10 2.28787e-10 1.66404e-10 1.20878e-10 8.76997e-11 6.35514e-11 4.59979e-11 3.32544e-11 2.40142e-11 1.73222e-11 1.24814e-11 8.98384e-12 6.45957e-12 4.63979e-12 3.32931e-12 2.3866e-12 1.70915e-12 1.22283e-12 8.74071e-13 6.24201e-13 4.45358e-13 3.17472e-13 2.26112e-13 1.60904e-13 1.14404e-13 8.12745e-14 5.76915e-14 4.09185e-14 2.8999e-14 2.05356e-14
1.85075e-05 4.79203e-05 8.68252e-05 0.000131595 0.000178214 0.00022291 0.000262573 0.000294966 0.000318773 0.000333524 0.000339454 0.000337327 0.000328259 0.000313555 0.000294575 0.000272633 0.000248921 0.000224473 0.000200138 0.000176582 0.000154296 0.000133615 0.000114738 9.77592e-05 8.26823e-05 6.9449e-05 5.79551e-05 4.80669e-05 3.96346e-05 3.25017e-05 2.65133e-05 2.15207e-05 1.73856e-05 1.39815e-05 1.11954e-05 8.92739e-06 7.0907e-06 5.6105e-06 4.42313e-06 3.47483e-06 2.72064e-06 2.12324e-06 1.65183e-06 1.28121e-06 9.90859e-07 7.64151e-07 5.87711e-07 4.50822e-07 3.44937e-07 2.6327e-07 2.00458e-07 1.52279e-07 1.15418e-07 8.72893e-08 6.58756e-08 4.96125e-08 3.72894e-08 2.79725e-08 2.09436e-08 1.56519e-08 1.16762e-08 8.69499e-09 6.46388e-09 4.79724e-09 3.55452e-09 2.62953e-09 1.94223e-09 1.4324e-09 1.05483e-09 7.75659e-10 5.69565e-10 4.17651e-10 3.0584e-10 2.23665e-10 1.63357e-10 1.19158e-10 8.68097e-11 6.31659e-11 4.59069e-11 3.33245e-11 2.41629e-11 1.75003e-11 1.26608e-11 9.14968e-12 6.60523e-12 4.76339e-12 3.43162e-12 2.4697e-12 1.77566e-12 1.27542e-12 9.15234e-13 6.56151e-13 4.69975e-13 3.36319e-13 2.4046e-13 1.71772e-13 1.22599e-13 8.7429e-14 6.22961e-14 4.43516e-14 3.15506e-14
1.17775e-05 3.17725e-05 5.9374e-05 9.23598e-05 0.000127978 0.000163427 0.000196211 0.000224365 0.000246549 0.000262056 0.000270742 0.000272924 0.000269257 0.000260613 0.000247973 0.000232341 0.000214676 0.000195841 0.000176582 0.000157511 0.000139106 0.000121719 0.000105589 9.08608e-05 7.75975e-05 6.58006e-05 5.54244e-05 4.639e-05 3.85964e-05 3.19303e-05 2.62735e-05 2.15082e-05 1.75214e-05 1.42072e-05 1.14686e-05 9.21855e-06 7.37974e-06 5.88463e-06 4.67481e-06 3.70033e-06 2.91882e-06 2.29467e-06 1.79818e-06 1.40473e-06 1.09408e-06 8.49666e-07 6.58003e-07 5.08193e-07 3.91462e-07 3.00777e-07 2.30531e-07 1.76269e-07 1.34466e-07 1.02346e-07 7.7728e-08 5.89061e-08 4.45496e-08 3.36243e-08 2.53286e-08 1.90431e-08 1.42909e-08 1.07051e-08 8.00494e-09 5.97551e-09 4.45309e-09 3.3131e-09 2.46099e-09 1.82518e-09 1.35157e-09 9.99353e-10 7.37845e-10 5.43988e-10 4.00503e-10 2.94461e-10 2.16205e-10 1.58539e-10 1.16103e-10 8.49196e-11 6.20347e-11 4.52621e-11 3.29853e-11 2.40104e-11 1.74576e-11 1.26789e-11 9.19818e-12 6.66582e-12 4.82554e-12 3.48968e-12 2.52106e-12 1.81946e-12 1.31183e-12 9.44905e-13 6.79966e-13 4.88854e-13 3.51133e-13 2.51983e-13 1.80669e-13 1.29425e-13 9.26352e-14 6.62471e-14 4.73364e-14
7.49478e-06 2.1032e-05 4.04945e-05 6.45989e-05 9.15237e-05 0.000119251 0.000145851 0.000169681 0.000189505 0.000204537 0.000214421 0.000219182 0.000219145 0.000214852 0.00020698 0.00019627 0.000183463 0.000169262 0.000154296 0.000139106 0.000124133 0.000109723 9.61293e-05 8.35244e-05 7.20103e-05 6.16315e-05 5.23865e-05 4.42397e-05 3.71307e-05 3.09827e-05 2.57098e-05 2.12221e-05 1.74299e-05 1.4247e-05 1.1592e-05 9.39058e-06 7.57535e-06 6.08645e-06 4.87133e-06 3.88434e-06 3.08627e-06 2.44375e-06 1.92859e-06 1.51717e-06 1.18983e-06 9.30338e-07 7.25345e-07 5.63944e-07 4.37274e-07 3.3817e-07 2.60864e-07 2.00736e-07 1.54099e-07 1.18022e-07 9.01886e-08 6.87682e-08 5.23237e-08 3.97292e-08 3.01054e-08 2.2768e-08 1.7186e-08 1.29484e-08 9.73787e-09 7.31042e-09 5.47859e-09 4.09884e-09 3.06151e-09 2.28302e-09 1.69981e-09 1.26363e-09 9.37967e-10 6.95207e-10 5.14535e-10 3.80279e-10 2.80667e-10 2.06867e-10 1.52271e-10 1.11938e-10 8.21839e-11 6.02635e-11 4.41358e-11 3.22854e-11 2.35891e-11 1.72153e-11 1.25495e-11 9.13812e-12 6.64679e-12 4.8295e-12 3.50538e-12 2.54167e-12 1.84103e-12 1.33221e-12 9.63062e-13 6.95534e-13 5.01846e-13 3.61758e-13 2.60535e-13 1.87466e-13 1.3477e-13 9.68023e-14 6.94711e-14
4.76941e-06 1.39015e-05 2.75506e-05 4.50377e-05 6.52028e-05 8.66354e-05 0.000107887 0.00012764 0.000144821 0.00015866 0.000168708 0.000174811 0.000177072 0.000175791 0.000171409 0.000164449 0.000155468 0.000145018 0.000133615 0.000121719 0.000109723 9.79488e-05 8.66464e-05 7.59989e-05 6.61304e-05 5.71135e-05 4.89787e-05 4.17233e-05 3.53188e-05 2.9719e-05 2.48652e-05 2.06919e-05 1.71305e-05 1.41124e-05 1.15716e-05 9.44559e-06 7.67704e-06 6.21389e-06 5.00968e-06 4.02346e-06 3.21956e-06 2.56719e-06 2.04005e-06 1.61584e-06 1.27578e-06 1.00421e-06 7.88108e-07 6.1674e-07 4.81298e-07 3.74591e-07 2.90784e-07 2.25156e-07 1.73913e-07 1.34013e-07 1.03028e-07 7.90288e-08 6.04875e-08 4.61978e-08 3.52108e-08 2.67827e-08 2.03319e-08 1.54053e-08 1.16506e-08 8.79497e-09 6.62747e-09 4.98548e-09 3.74394e-09 2.80692e-09 2.10101e-09 1.57014e-09 1.17159e-09 8.72884e-10 6.4937e-10 4.8239e-10 3.57839e-10 2.65077e-10 1.96095e-10 1.44871e-10 1.06887e-10 7.87616e-11 5.79638e-11 4.26054e-11 3.12785e-11 2.29357e-11 1.67986e-11 1.22896e-11 8.98075e-12 6.55557e-12 4.78011e-12 3.48179e-12 2.53346e-12 1.84153e-12 1.33723e-12 9.70068e-13 7.0303e-13 5.09013e-13 3.68192e-13 2.66082e-13 1.92115e-13 1.38585e-13 9.98814e-14
3.03508e-06 9.17566e-06 1.87015e-05 3.13066e-05 4.62861e-05 6.26836e-05 7.94427e-05 9.55388e-05 0.00011008 0.000122368 0.000131934 0.000138529 0.000142115 0.000142822 0.000140914 0.000136743 0.000130711 0.000123239 0.000114738 0.000105589 9.61293e-05 8.66464e-05 7.73744e-05 6.84952e-05 6.01414e-05 5.24024e-05 4.53298e-05 3.89446e-05 3.3243e-05 2.82025e-05 2.37872e-05 1.99522e-05 1.66473e-05 1.382e-05 1.14176e-05 9.38949e-06 7.68758e-06 6.26754e-06 5.08906e-06 4.11603e-06 3.31655e-06 2.66269e-06 2.13029e-06 1.69861e-06 1.35001e-06 1.06958e-06 8.44833e-07 6.65353e-07 5.22513e-07 4.09208e-07 3.19617e-07 2.48995e-07 1.93489e-07 1.4999e-07 1.15994e-07 8.94965e-08 6.88972e-08 5.29234e-08 4.05668e-08 3.10308e-08 2.36886e-08 1.8048e-08 1.37242e-08 1.04168e-08 7.89194e-09 5.96844e-09 4.50589e-09 3.39595e-09 2.55517e-09 1.91943e-09 1.43958e-09 1.07801e-09 8.06023e-10 6.01764e-10 4.48613e-10 3.33962e-10 2.48265e-10 1.84305e-10 1.3664e-10 1.01168e-10 7.48085e-11 5.52468e-11 4.07497e-11 3.002e-11 2.20892e-11 1.62344e-11 1.19177e-11 8.73895e-12 6.4009e-12 4.68326e-12 3.42287e-12 2.49904e-12 1.82266e-12 1.32799e-12 9.66604e-13 7.02869e-13 5.10597e-13 3.70568e-13 2.68689e-13 1.9464e-13 1.40869e-13
1.93141e-06 6.0486e-06 1.26678e-05 2.17015e-05 3.27484e-05 4.51812e-05 5.82495e-05 7.11791e-05 8.32533e-05 9.38725e-05 0.000102589 0.00010912 0.000113342 0.000115275 0.000115053 0.000112898 0.00010909 0.000103938 9.77592e-05 9.08608e-05 8.35244e-05 7.59989e-05 6.84952e-05 6.11842e-05 5.41985e-05 4.76343e-05 4.15561e-05 3.60006e-05 3.09819e-05 2.64959e-05 2.25246e-05 1.90402e-05 1.60079e-05 1.33892e-05 1.11438e-05 9.23127e-06 7.61244e-06 6.25032e-06 5.11059e-06 4.16198e-06 3.37642e-06 2.72898e-06 2.19782e-06 1.76394e-06 1.41101e-06 1.12507e-06 8.94281e-07 7.087e-07 5.59995e-07 4.41244e-07 3.46724e-07 2.71729e-07 2.12406e-07 1.65619e-07 1.28824e-07 9.99668e-08 7.73954e-08 5.97864e-08 4.60832e-08 3.54454e-08 2.72069e-08 2.08412e-08 1.59335e-08 1.21582e-08 9.25998e-09 7.03976e-09 5.34233e-09 4.04712e-09 3.0607e-09 2.31085e-09 1.74186e-09 1.31088e-09 9.85e-10 7.39001e-10 5.53611e-10 4.14123e-10 3.09335e-10 2.30738e-10 1.71875e-10 1.27855e-10 9.49833e-11 7.04715e-11 5.22187e-11 3.86452e-11 2.85649e-11 2.10885e-11 1.55505e-11 1.14536e-11 8.42637e-12 6.19232e-12 4.54556e-12 3.33312e-12 2.44148e-12 1.78649e-12 1.30587e-12 9.53591e-13 6.9565e-13 5.06984e-13 3.6913e-13 2.68505e-13 1.95128e-13
1.22908e-06 3.98246e-06 8.56378e-06 1.50044e-05 2.30982e-05 3.24498e-05 4.25406e-05 5.28e-05 6.2669e-05 7.16511e-05 7.93466e-05 8.54718e-05 8.98628e-05 9.24685e-05 9.33362e-05 9.25916e-05 9.04182e-05 8.70358e-05 8.26823e-05 7.75975e-05 7.20103e-05 6.61304e-05 6.01414e-05 5.41985e-05 4.8427e-05 4.29237e-05 3.77587e-05 3.29783e-05 2.86087e-05 2.46592e-05 2.11256e-05 1.79936e-05 1.52414e-05 1.28422e-05 1.07661e-05 8.98221e-06 7.45928e-06 6.16714e-06 5.07714e-06 4.16271e-06 3.39954e-06 2.76577e-06 2.24193e-06 1.81091e-06 1.45777e-06 1.16964e-06 9.35475e-07 7.45888e-07 5.92952e-07 4.70012e-07 3.7152e-07 2.92869e-07 2.3026e-07 1.80572e-07 1.41254e-07 1.1023e-07 8.58173e-08 6.66584e-08 5.16613e-08 3.99514e-08 3.08304e-08 2.37426e-08 1.82475e-08 1.39967e-08 1.07156e-08 8.18826e-09 6.24559e-09 4.75532e-09 3.61433e-09 2.74243e-09 2.07738e-09 1.57105e-09 1.18623e-09 8.94266e-10 6.73133e-10 5.05922e-10 3.79689e-10 2.84542e-10 2.12938e-10 1.59133e-10 1.18761e-10 8.85143e-11 6.58848e-11 4.89779e-11 3.63638e-11 2.69651e-11 1.99714e-11 1.4774e-11 1.09164e-11 8.05681e-12 5.93958e-12 4.37388e-12 3.21739e-12 2.36415e-12 1.73536e-12 1.27248e-12 9.3212e-13 6.82112e-13 4.98667e-13 3.64203e-13 2.65742e-13
7.82142e-07 2.61915e-06 5.77863e-06 1.03488e-05 1.62443e-05 2.3228e-05 3.09523e-05 3.90068e-05 4.69663e-05 5.44322e-05 6.10631e-05 6.65956e-05 7.08529e-05 7.37453e-05 7.52628e-05 7.54631e-05 7.44577e-05 7.23955e-05 6.9449e-05 6.58006e-05 6.16315e-05 5.71135e-05 5.24024e-05 4.76343e-05 4.29237e-05 3.83627e-05 3.4022e-05 2.99528e-05 2.61884e-05 2.27474e-05 1.96357e-05 1.68495e-05 1.43771e-05 1.22015e-05 1.03018e-05 8.65513e-06 7.23735e-06 6.02442e-06 4.99298e-06 4.12084e-06 3.38737e-06 2.77367e-06 2.26268e-06 1.83917e-06 1.48974e-06 1.20264e-06 9.67717e-07 7.76233e-07 6.20742e-07 4.94934e-07 3.93494e-07 3.11976e-07 2.4668e-07 1.94539e-07 1.53029e-07 1.20079e-07 9.39966e-08 7.34074e-08 5.71975e-08 4.44681e-08 3.44968e-08 2.6705e-08 2.06306e-08 1.59059e-08 1.22392e-08 9.39973e-09 7.20553e-09 5.51345e-09 4.21119e-09 3.21091e-09 2.44405e-09 1.85723e-09 1.409e-09 1.06724e-09 8.07111e-10 6.09449e-10 4.59503e-10 3.45939e-10 2.60066e-10 1.95233e-10 1.46359e-10 1.09571e-10 8.19201e-11 6.11669e-11 4.56124e-11 3.39704e-11 2.52686e-11 1.87729e-11 1.39303e-11 1.03248e-11 7.64364e-12 5.6523e-12 4.17508e-12 3.08055e-12 2.27051e-12 1.67169e-12 1.22952e-12 9.03379e-13 6.63078e-13 4.86213e-13 3.56175e-13
4.97727e-07 1.72073e-06 3.8925e-06 7.12153e-06 1.13928e-05 1.65747e-05 2.24417e-05 2.87062e-05 3.50522e-05 4.11677e-05 4.67712e-05 5.16303e-05 5.55732e-05 5.84929e-05 6.03449e-05 6.11412e-05 6.09408e-05 5.98387e-05 5.79551e-05 5.54244e-05 5.23865e-05 4.89787e-05 4.53298e-05 4.15561e-05 3.77587e-05 3.4022e-05 3.0414e-05 2.69866e-05 2.3777e-05 2.08093e-05 1.80965e-05 1.56423e-05 1.34432e-05 1.14898e-05 9.76874e-06 8.26371e-06 6.9569e-06 5.82968e-06 4.86344e-06 4.04004e-06 3.34227e-06 2.75408e-06 2.26076e-06 1.84898e-06 1.50683e-06 1.22378e-06 9.90598e-07 7.99274e-07 6.42896e-07 5.15555e-07 4.12229e-07 3.28676e-07 2.61337e-07 2.07239e-07 1.63912e-07 1.29316e-07 1.01772e-07 7.99025e-08 6.25866e-08 4.8912e-08 3.81407e-08 2.96774e-08 2.30435e-08 1.78558e-08 1.38083e-08 1.06574e-08 8.20976e-09 6.31248e-09 4.84482e-09 3.71176e-09 2.83873e-09 2.16734e-09 1.65198e-09 1.2571e-09 9.55085e-10 7.2449e-10 5.48725e-10 4.14977e-10 3.13366e-10 2.36293e-10 1.77924e-10 1.33786e-10 1.00461e-10 7.53357e-11 5.64199e-11 4.21991e-11 3.15227e-11 2.35181e-11 1.75247e-11 1.3043e-11 9.69591e-12 7.19941e-12 5.33961e-12 3.9558e-12 2.92738e-12 2.16398e-12 1.59795e-12 1.17874e-12 8.68603e-13 6.39416e-13 4.7023e-13
3.16735e-07 1.12937e-06 2.61772e-06 4.89014e-06 7.96961e-06 1.1792e-05 1.62174e-05 2.10492e-05 2.60579e-05 3.10053e-05 3.56652e-05 3.98404e-05 4.33742e-05 4.61565e-05 4.81248e-05 4.9262e-05 4.95906e-05 4.91657e-05 4.80669e-05 4.639e-05 4.42397e-05 4.17233e-05 3.89446e-05 3.60006e-05 3.29783e-05 2.99528e-05 2.69866e-05 2.413e-05 2.1421e-05 1.88867e-05 1.65445e-05 1.44036e-05 1.24662e-05 1.07289e-05 9.18433e-06 7.8218e-06 6.6287e-06 5.59112e-06 4.6946e-06 3.92469e-06 3.26731e-06 2.70907e-06 2.23747e-06 1.84104e-06 1.50935e-06 1.2331e-06 1.00399e-06 8.14772e-07 6.59116e-07 5.31558e-07 4.27407e-07 3.42669e-07 2.73959e-07 2.18429e-07 1.73693e-07 1.37763e-07 1.08992e-07 8.60184e-08 6.77261e-08 5.32003e-08 4.16957e-08 3.26071e-08 2.54448e-08 1.98142e-08 1.5398e-08 1.19423e-08 9.24402e-09 7.14179e-09 5.50737e-09 4.23925e-09 3.25733e-09 2.49848e-09 1.91315e-09 1.46251e-09 1.11618e-09 8.50508e-10 6.47052e-10 4.9151e-10 3.72796e-10 2.82337e-10 2.13518e-10 1.61244e-10 1.21598e-10 9.1575e-11 6.8872e-11 5.17292e-11 3.8803e-11 2.90699e-11 2.17509e-11 1.62547e-11 1.21327e-11 9.04521e-12 6.73556e-12 5.00992e-12 3.72219e-12 2.76239e-12 2.04784e-12 1.5165e-12 1.12183e-12 8.29014e-13 6.12001e-13
2.01559e-07 7.4056e-07 1.75771e-06 3.35111e-06 5.56141e-06 8.36597e-06 1.16828e-05 1.53817e-05 1.92999e-05 2.32591e-05 2.7082e-05 3.06064e-05 3.36955e-05 3.62447e-05 3.81849e-05 3.9482e-05 4.01346e-05 4.01691e-05 3.96346e-05 3.85964e-05 3.71307e-05 3.53188e-05 3.3243e-05 3.09819e-05 2.86087e-05 2.61884e-05 2.3777e-05 2.1421e-05 1.91574e-05 1.70142e-05 1.50112e-05 1.31609e-05 1.14697e-05 9.93879e-06 8.56522e-06 7.34293e-06 6.26355e-06 5.31718e-06 4.49298e-06 3.7797e-06 3.16609e-06 2.64119e-06 2.19458e-06 1.81651e-06 1.49802e-06 1.23097e-06 1.00803e-06 8.22704e-07 6.6928e-07 5.42761e-07 4.3882e-07 3.53737e-07 2.84335e-07 2.27913e-07 1.82193e-07 1.45262e-07 1.15521e-07 9.16399e-08 7.25196e-08 5.72532e-08 4.50965e-08 3.54414e-08 2.77925e-08 2.17478e-08 1.69823e-08 1.32341e-08 1.02926e-08 7.9894e-09 6.1898e-09 4.78665e-09 3.69485e-09 2.84702e-09 2.18991e-09 1.68161e-09 1.28913e-09 9.86641e-10 7.53922e-10 5.75192e-10 4.38158e-10 3.33268e-10 2.53113e-10 1.91957e-10 1.45371e-10 1.09936e-10 8.30255e-11 6.26177e-11 4.71637e-11 3.54776e-11 2.66531e-11 1.99984e-11 1.49868e-11 1.12175e-11 8.38625e-12 6.26224e-12 4.67081e-12 3.47986e-12 2.58969e-12 1.92512e-12 1.42955e-12 1.06043e-12 7.85792e-13
1.28265e-07 4.85181e-07 1.17853e-06 2.29205e-06 3.87196e-06 5.9196e-06 8.39125e-06 1.12038e-05 1.42444e-05 1.73827e-05 2.04826e-05 2.34139e-05 2.60611e-05 2.83302e-05 3.01526e-05 3.14859e-05 3.2314e-05 3.26437e-05 3.25017e-05 3.19303e-05 3.09827e-05 2.9719e-05 2.82025e-05 2.64959e-05 2.46592e-05 2.27474e-05 2.08093e-05 1.88867e-05 1.70142e-05 1.52191e-05 1.35221e-05 1.19376e-05 1.04746e-05 9.13743e-06 7.92671e-06 6.83983e-06 5.8719e-06 5.01628e-06 4.26521e-06 3.61022e-06 3.04253e-06 2.55336e-06 2.13419e-06 1.77689e-06 1.47384e-06 1.21802e-06 1.00307e-06 8.23245e-07 6.73428e-07 5.49115e-07 4.46363e-07 3.61747e-07 2.92317e-07 2.35542e-07 1.89271e-07 1.51683e-07 1.21243e-07 9.66652e-08 7.68796e-08 6.09966e-08 4.82815e-08 3.81295e-08 3.00449e-08 2.3623e-08 1.85343e-08 1.45116e-08 1.13389e-08 8.84237e-09 6.88214e-09 5.34633e-09 4.14556e-09 3.20865e-09 2.47909e-09 1.91208e-09 1.47225e-09 1.13171e-09 8.68518e-10 6.65468e-10 5.0909e-10 3.88861e-10 2.96578e-10 2.25861e-10 1.71756e-10 1.30427e-10 9.89035e-11 7.48965e-11 5.66403e-11 4.27774e-11 3.22654e-11 2.43056e-11 1.82864e-11 1.37409e-11 1.03127e-11 7.73063e-12 5.78823e-12 4.32887e-12 3.23377e-12 2.41301e-12 1.79858e-12 1.33916e-12 9.96025e-13
8.1623e-08 3.17607e-07 7.89104e-07 1.56485e-06 2.68984e-06 4.17808e-06 6.01016e-06 8.13556e-06 1.04783e-05 1.29447e-05 1.54328e-05 1.78401e-05 2.0072e-05 2.2047e-05 2.37013e-05 2.49904e-05 2.58897e-05 2.63937e-05 2.65133e-05 2.62735e-05 2.57098e-05 2.48652e-05 2.37872e-05 2.25246e-05 2.11256e-05 1.96357e-05 1.80965e-05 1.65445e-05 1.50112e-05 1.35221e-05 1.20975e-05 1.07528e-05 9.49825e-06 8.34048e-06 7.28242e-06 6.32417e-06 5.46351e-06 4.69648e-06 4.01784e-06 3.42146e-06 2.90071e-06 2.44873e-06 2.05869e-06 1.72391e-06 1.43804e-06 1.19513e-06 9.89704e-07 8.16744e-07 6.71749e-07 5.50697e-07 4.50035e-07 3.66648e-07 2.97823e-07 2.4122e-07 1.94826e-07 1.56926e-07 1.26064e-07 1.01009e-07 8.07302e-08 6.43646e-08 5.1194e-08 4.06236e-08 3.21625e-08 2.54073e-08 2.00274e-08 1.57534e-08 1.23659e-08 9.68719e-09 7.57381e-09 5.91007e-09 4.60311e-09 3.57856e-09 2.77702e-09 2.15121e-09 1.66354e-09 1.28424e-09 9.89773e-10 7.61585e-10 5.85069e-10 4.48761e-10 3.43681e-10 2.6281e-10 2.00672e-10 1.53003e-10 1.16491e-10 8.85688e-11 6.72467e-11 5.09889e-11 3.86103e-11 2.91989e-11 2.20532e-11 1.66354e-11 1.2533e-11 9.43079e-12 7.08797e-12 5.32089e-12 3.98974e-12 2.98819e-12 2.23556e-12 1.67064e-12 1.24712e-12
5.19419e-08 2.07749e-07 5.27671e-07 1.06653e-06 1.86476e-06 2.94187e-06 4.29326e-06 5.89033e-06 7.6835e-06 9.60723e-06 1.15862e-05 1.35417e-05 1.53977e-05 1.70859e-05 1.85495e-05 1.97455e-05 2.06459e-05 2.12375e-05 2.15207e-05 2.15082e-05 2.12221e-05 2.06919e-05 1.99522e-05 1.90402e-05 1.79936e-05 1.68495e-05 1.56423e-05 1.44036e-05 1.31609e-05 1.19376e-05 1.07528e-05 9.62155e-06 8.5551e-06 7.5611e-06 6.64416e-06 5.80628e-06 5.04728e-06 4.36529e-06 3.75709e-06 3.2185e-06 2.74471e-06 2.33052e-06 1.97056e-06 1.65948e-06 1.39205e-06 1.16333e-06 9.68646e-07 8.03698e-07 6.64562e-07 5.47694e-07 4.4993e-07 3.68465e-07 3.00838e-07 2.44902e-07 1.98797e-07 1.60924e-07 1.29914e-07 1.04604e-07 8.40092e-08 6.7301e-08 5.37847e-08 4.2881e-08 3.41088e-08 2.70699e-08 2.14363e-08 1.69386e-08 1.33564e-08 1.05102e-08 8.25391e-09 6.46927e-09 5.06076e-09 3.95148e-09 3.07967e-09 2.39589e-09 1.86064e-09 1.44248e-09 1.1164e-09 8.62597e-10 6.65412e-10 5.12484e-10 3.94086e-10 3.02576e-10 2.31966e-10 1.77571e-10 1.35734e-10 1.03607e-10 7.89731e-11 6.01137e-11 4.56963e-11 3.46907e-11 2.63013e-11 1.99153e-11 1.50608e-11 1.13755e-11 8.58151e-12 6.46601e-12 4.86627e-12 3.65807e-12 2.7467e-12 2.06008e-12 1.54338e-12
3.30539e-08 1.3579e-07 3.52416e-07 7.25711e-07 1.29021e-06 2.06674e-06 3.05905e-06 4.25288e-06 5.61721e-06 7.10726e-06 8.66859e-06 1.02418e-05 1.17672e-05 1.31887e-05 1.44576e-05 1.55345e-05 1.6391e-05 1.70101e-05 1.73856e-05 1.75214e-05 1.74299e-05 1.71305e-05 1.66473e-05 1.60079e-05 1.52414e-05 1.43771e-05 1.34432e-05 1.24662e-05 1.14697e-05 1.04746e-05 9.49825e-06 8.5551e-06 7.65626e-06 6.80997e-06 6.02181e-06 5.29507e-06 4.63107e-06 4.02948e-06 3.48871e-06 3.00615e-06 2.57849e-06 2.20192e-06 1.87235e-06 1.58558e-06 1.33741e-06 1.12376e-06 9.4075e-07 7.84718e-07 6.52293e-07 5.4039e-07 4.46223e-07 3.67299e-07 3.01404e-07 2.46592e-07 2.01163e-07 1.63639e-07 1.32749e-07 1.07403e-07 8.66692e-08 6.97608e-08 5.60123e-08 4.48649e-08 3.58515e-08 2.85831e-08 2.27373e-08 1.80474e-08 1.42943e-08 1.1298e-08 8.91158e-09 7.01518e-09 5.51155e-09 4.32193e-09 3.38274e-09 2.64279e-09 2.061e-09 1.60446e-09 1.2469e-09 9.6739e-10 7.49294e-10 5.79426e-10 4.47355e-10 3.44848e-10 2.65423e-10 2.03984e-10 1.56535e-10 1.19949e-10 9.17835e-11 7.01334e-11 5.35166e-11 4.07817e-11 3.1036e-11 2.35884e-11 1.79051e-11 1.35739e-11 1.02777e-11 7.77238e-12 5.87073e-12 4.42912e-12 3.33762e-12 2.51223e-12 1.88883e-12
