0.0049511 0.00390877 0.00308587 0.00243621 0.00192333 0.00151841 0.00119875 0.00094638 0.000747142 0.000589849 0.00046567 0.000367635 0.000290238 0.000229135 0.000180896 0.000142813 0.000112747 8.90107e-05 7.02716e-05 5.54776e-05 4.37981e-05 3.45774e-05 2.7298e-05 2.1551e-05 1.7014e-05 1.34321e-05 1.06043e-05 8.3718e-06 6.60932e-06 5.21788e-06 4.11938e-06 3.25214e-06 2.56748e-06 2.02696e-06 1.60023e-06 1.26334e-06 9.97373e-07 7.874e-07 6.21632e-07 4.90762e-07 3.87444e-07 3.05876e-07 2.41481e-07 1.90643e-07 1.50508e-07 1.18822e-07 9.38068e-08 7.4058e-08 5.84668e-08 4.6158e-08 3.64406e-08 2.87689e-08 2.27123e-08 1.79307e-08 1.41558e-08 1.11757e-08 8.82289e-09 6.96544e-09 5.49903e-09 4.34134e-09 3.42737e-09 2.70582e-09 2.13618e-09 1.68645e-09 1.33141e-09 1.05111e-09 8.29827e-10 6.55127e-10 5.17205e-10 4.0832e-10 3.22358e-10 2.54493e-10 2.00916e-10 1.58618e-10 1.25224e-10 9.88613e-11 7.80484e-11 6.16172e-11 4.86451e-11 3.84041e-11 3.0319e-11 2.3936e-11 1.88969e-11 1.49186e-11 1.17778e-11 9.29829e-12 7.34075e-12 5.79533e-12 4.57526e-12 3.61205e-12 2.85162e-12 2.25128e-12 1.77732e-12 1.40315e-12 1.10775e-12 8.7454e-13 6.90426e-13 5.45073e-13 4.30321e-13 3.39727e-13 2.68206e-13
0.00390877 0.00328079 0.00274399 0.0022878 0.00190207 0.00157736 0.00130506 0.00107751 0.000887923 0.000730407 0.00059986 0.000491907 0.000402821 0.000329444 0.000269108 0.000219576 0.000178972 0.000145732 0.000118556 9.63637e-05 7.82607e-05 6.35091e-05 5.15001e-05 4.17327e-05 3.37954e-05 2.73504e-05 2.21212e-05 1.78816e-05 1.44467e-05 1.16655e-05 9.41502e-06 7.59509e-06 6.12416e-06 4.93595e-06 3.9766e-06 3.20242e-06 2.57797e-06 2.0745e-06 1.66877e-06 1.34192e-06 1.07873e-06 8.66885e-07 6.96425e-07 5.59316e-07 4.49071e-07 3.60455e-07 2.89248e-07 2.32047e-07 1.86111e-07 1.49231e-07 1.19631e-07 9.58806e-08 7.68278e-08 6.15477e-08 4.92963e-08 3.94754e-08 3.16048e-08 2.52985e-08 2.02467e-08 1.62008e-08 1.2961e-08 1.03673e-08 8.29124e-09 6.62982e-09 5.30046e-09 4.23699e-09 3.38638e-09 2.70613e-09 2.16221e-09 1.72737e-09 1.37979e-09 1.102e-09 8.80018e-10 7.02661e-10 5.60977e-10 4.47807e-10 3.57424e-10 2.85249e-10 2.27623e-10 1.81617e-10 1.44894e-10 1.15584e-10 9.21927e-11 7.35277e-11 5.86355e-11 4.67549e-11 3.72778e-11 2.97189e-11 2.36904e-11 1.88831e-11 1.50499e-11 1.19938e-11 9.55741e-12 7.6153e-12 6.06732e-12 4.8336e-12 3.85043e-12 3.067e-12 2.44277e-12 1.94545e-12 1.54925e-12
0.00308587 0.00274399 0.00241696 0.00211208 0.00183322 0.00158195 0.0013582 0.0011609 0.000988339 0.000838448 0.000709022 0.000597845 0.000502776 0.000421809 0.000353099 0.00029498 0.000245962 0.000204731 0.000170134 0.000141168 0.000116967 9.67847e-05 7.99841e-05 6.60213e-05 5.4435e-05 4.48343e-05 3.68898e-05 3.03241e-05 2.49043e-05 2.04355e-05 1.67547e-05 1.37261e-05 1.12365e-05 9.19184e-06 7.51404e-06 6.13844e-06 5.01148e-06 4.08893e-06 3.33425e-06 2.71732e-06 2.21334e-06 1.80189e-06 1.46618e-06 1.19243e-06 9.69341e-07 7.87627e-07 6.39695e-07 5.19326e-07 4.21432e-07 3.41854e-07 2.77195e-07 2.2468e-07 1.82048e-07 1.47453e-07 1.19391e-07 9.66366e-08 7.81936e-08 6.32503e-08 5.11469e-08 4.13472e-08 3.34153e-08 2.69973e-08 2.18059e-08 1.7608e-08 1.42145e-08 1.1472e-08 9.25636e-09 7.46677e-09 6.02172e-09 4.85519e-09 3.91374e-09 3.15414e-09 2.54141e-09 2.04726e-09 1.64886e-09 1.32771e-09 1.06889e-09 8.6036e-10 6.92377e-10 5.57087e-10 4.48149e-10 3.60449e-10 2.8986e-10 2.33054e-10 1.87348e-10 1.50581e-10 1.21009e-10 9.72296e-11 7.81104e-11 6.2741e-11 5.03881e-11 4.04612e-11 3.24852e-11 2.60778e-11 2.09311e-11 1.67979e-11 1.3479e-11 1.08143e-11 8.67533e-12 6.95849e-12 5.5807e-12
0.00243621 0.0022878 0.00211208 0.00192359 0.00173267 0.00154639 0.0013694 0.00120456 0.00105338 0.000916461 0.000793708 0.000684597 0.000588319 0.000503899 0.000430284 0.000366403 0.000311208 0.000263704 0.000222961 0.000188129 0.000158438 0.000133194 0.000111786 9.3672e-05 7.83768e-05 6.54874e-05 5.46455e-05 4.55413e-05 3.79087e-05 3.15196e-05 2.61791e-05 2.17211e-05 1.80045e-05 1.49098e-05 1.23359e-05 1.01976e-05 8.42294e-06 6.95159e-06 5.73288e-06 4.72435e-06 3.89048e-06 3.20161e-06 2.63298e-06 2.16396e-06 1.7774e-06 1.45903e-06 1.19699e-06 9.81469e-07 8.0432e-07 6.58801e-07 5.39336e-07 4.41317e-07 3.6094e-07 2.95065e-07 2.41104e-07 1.96926e-07 1.60773e-07 1.31204e-07 1.07029e-07 8.72747e-08 7.1139e-08 5.79649e-08 4.72133e-08 3.84423e-08 3.12898e-08 2.54596e-08 2.07088e-08 1.68391e-08 1.36882e-08 1.11234e-08 9.03651e-09 7.33897e-09 5.9586e-09 4.83649e-09 3.92462e-09 3.18381e-09 2.58215e-09 2.09365e-09 1.69713e-09 1.37537e-09 1.11434e-09 9.0263e-10 7.30973e-10 5.91825e-10 4.79057e-10 3.87691e-10 3.13681e-10 2.53746e-10 2.0522e-10 1.65939e-10 1.3415e-10 1.0843e-10 8.76235e-11 7.07961e-11 5.71894e-11 4.61894e-11 3.72983e-11 3.01133e-11 2.43082e-11 1.96187e-11 1.58312e-11
0.00192333 0.00190207 0.00183322 0.00173267 0.00161261 0.00148224 0.00134836 0.00121587 0.00108818 0.000967542 0.00085534 0.000752295 0.000658645 0.000574279 0.00049885 0.000431852 0.000372684 0.000320698 0.000275228 0.000235622 0.000201251 0.000171525 0.000145895 0.00012386 0.000104965 8.88039e-05 7.50115e-05 6.32658e-05 5.32832e-05 4.48147e-05 3.76435e-05 3.15808e-05 2.64634e-05 2.21503e-05 1.85201e-05 1.5469e-05 1.29077e-05 1.07602e-05 8.96184e-06 7.45747e-06 6.20037e-06 5.15097e-06 4.27581e-06 3.54664e-06 2.93965e-06 2.43482e-06 2.01529e-06 1.66695e-06 1.37792e-06 1.1383e-06 9.39774e-07 7.75418e-07 6.3944e-07 5.27015e-07 4.34122e-07 3.57415e-07 2.94112e-07 2.419e-07 1.98861e-07 1.63402e-07 1.34205e-07 1.10175e-07 9.04081e-08 7.41562e-08 6.08005e-08 4.98299e-08 4.08227e-08 3.34306e-08 2.73667e-08 2.23945e-08 1.8319e-08 1.49799e-08 1.22452e-08 1.00063e-08 8.17407e-09 6.67516e-09 5.44938e-09 4.44731e-09 3.6284e-09 2.95939e-09 2.41302e-09 1.96696e-09 1.60291e-09 1.30587e-09 1.06359e-09 8.66023e-10 7.04974e-10 5.73726e-10 4.66795e-10 3.797e-10 3.0878e-10 2.51046e-10 2.04058e-10 1.65827e-10 1.34728e-10 1.09437e-10 8.88735e-11 7.21585e-11 5.85748e-11 4.75382e-11 3.85731e-11
0.00151841 0.00157736 0.00158195 0.00154639 0.00148224 0.00139878 0.00130332 0.00120153 0.00109772 0.000995082 0.000895913 0.000801785 0.000713707 0.00063225 0.000557653 0.00048991 0.000428838 0.000374129 0.000325395 0.000282203 0.000244095 0.000210611 0.000181298 0.000155727 0.000133488 0.000114205 9.75286e-05 8.31439e-05 7.07647e-05 6.0135e-05 5.10263e-05 4.32362e-05 3.6586e-05 3.09188e-05 2.60972e-05 2.20015e-05 1.85276e-05 1.55852e-05 1.30964e-05 1.09939e-05 9.22002e-06 7.72513e-06 6.46678e-06 5.40869e-06 4.51992e-06 3.77413e-06 3.14891e-06 2.62526e-06 2.18708e-06 1.82073e-06 1.5147e-06 1.25925e-06 1.0462e-06 8.68646e-07 7.20778e-07 5.97722e-07 4.95385e-07 4.10336e-07 3.39699e-07 2.81071e-07 2.32439e-07 1.92123e-07 1.5872e-07 1.3106e-07 1.08169e-07 8.92349e-08 7.35814e-08 6.06469e-08 4.99644e-08 4.1146e-08 3.38699e-08 2.78692e-08 2.29225e-08 1.88465e-08 1.54894e-08 1.27255e-08 1.0451e-08 8.57991e-09 7.04136e-09 5.77671e-09 4.7376e-09 3.88411e-09 3.18335e-09 2.60819e-09 2.13627e-09 1.74921e-09 1.43184e-09 1.17171e-09 9.58559e-10 7.83959e-10 6.40982e-10 5.23937e-10 4.28148e-10 3.49778e-10 2.85679e-10 2.33266e-10 1.90421e-10 1.55406e-10 1.26799e-10 1.03433e-10 8.43526e-11
0.00119875 0.00130506 0.0013582 0.0013694 0.00134836 0.00130332 0.00124113 0.0011674 0.00108668 0.00100254 0.000917755 0.00083441 0.000754036 0.000677704 0.000606112 0.000539668 0.000478552 0.000422771 0.000372205 0.00032664 0.000285802 0.000249378 0.000217033 0.000188424 0.000163212 0.00014107 0.000121683 0.000104759 9.00237e-05 7.72269e-05 6.61398e-05 5.65553e-05 4.8287e-05 4.11684e-05 3.5051e-05 2.98033e-05 2.53093e-05 2.14669e-05 1.81866e-05 1.53903e-05 1.30099e-05 1.09862e-05 9.26798e-06 7.8109e-06 6.57673e-06 5.53256e-06 4.65008e-06 3.90505e-06 3.27669e-06 2.74725e-06 2.30157e-06 1.92675e-06 1.61179e-06 1.34736e-06 1.12554e-06 9.3961e-07 7.83882e-07 6.53549e-07 5.44549e-07 4.53455e-07 3.77378e-07 3.13885e-07 2.60929e-07 2.16789e-07 1.8002e-07 1.4941e-07 1.23942e-07 1.02764e-07 8.51632e-08 7.05437e-08 5.84067e-08 4.8336e-08 3.99839e-08 3.30606e-08 2.73245e-08 2.25742e-08 1.86421e-08 1.53888e-08 1.26982e-08 1.0474e-08 8.63615e-09 7.11815e-09 5.86483e-09 4.83047e-09 3.97714e-09 3.27344e-09 2.69334e-09 2.2153e-09 1.82152e-09 1.49726e-09 1.23033e-09 1.01068e-09 8.2999e-10 6.81401e-10 5.59249e-10 4.58862e-10 3.76388e-10 3.08651e-10 2.53035e-10 2.07384e-10 1.69924e-10
0.00094638 0.00107751 0.0011609 0.00120456 0.00121587 0.00120153 0.0011674 0.00111858 0.00105935 0.000993299 0.000923343 0.000851824 0.000780574 0.000710991 0.000644108 0.000580652 0.000521103 0.000465738 0.000414678 0.000367921 0.000325373 0.000286871 0.000252207 0.000221142 0.000193417 0.000168769 0.000146934 0.000127654 0.000110683 9.57849e-05 8.27426e-05 7.13531e-05 6.14302e-05 5.28041e-05 4.53212e-05 3.88426e-05 3.32441e-05 2.84149e-05 2.42561e-05 2.06807e-05 1.76114e-05 1.49806e-05 1.27288e-05 1.0804e-05 9.16086e-06 7.75992e-06 6.56692e-06 5.55217e-06 4.69e-06 3.95826e-06 3.33786e-06 2.81238e-06 2.36774e-06 1.99186e-06 1.67438e-06 1.40647e-06 1.18059e-06 9.90298e-07 8.30115e-07 6.95384e-07 5.82146e-07 4.87042e-07 4.07227e-07 3.40288e-07 2.84187e-07 2.372e-07 1.97871e-07 1.64974e-07 1.37473e-07 1.14497e-07 9.53128e-08 7.93033e-08 6.59508e-08 5.48204e-08 4.55472e-08 3.78253e-08 3.13985e-08 2.60522e-08 2.16069e-08 1.79126e-08 1.48438e-08 1.22957e-08 1.0181e-08 8.42671e-09 6.97201e-09 5.76626e-09 4.76728e-09 3.93993e-09 3.255e-09 2.6882e-09 2.21933e-09 1.83162e-09 1.51114e-09 1.24632e-09 1.02758e-09 8.46963e-10 6.97874e-10 5.74853e-10 4.73375e-10 3.89695e-10 3.20713e-10
0.000747142 0.000887923 0.000988339 0.00105338 0.00108818 0.00109772 0.00108668 0.00105935 0.00101952 0.000970517 0.000915167 0.000855854 0.000794538 0.0007328 0.000671886 0.000612752 0.000556107 0.000502448 0.000452103 0.000405258 0.000361985 0.00032227 0.000286031 0.000253136 0.000223418 0.000196685 0.000172735 0.000151354 0.000132334 0.000115467 0.000100552 8.74015e-05 7.58357e-05 6.56888e-05 5.68072e-05 4.905e-05 4.2289e-05 3.64076e-05 3.1301e-05 2.68751e-05 2.30455e-05 1.97373e-05 1.6884e-05 1.44266e-05 1.23133e-05 1.04982e-05 8.94149e-06 7.60794e-06 6.467e-06 5.49198e-06 4.6597e-06 3.95005e-06 3.34558e-06 2.83125e-06 2.39403e-06 2.02273e-06 1.7077e-06 1.44065e-06 1.21448e-06 1.02308e-06 8.61253e-07 7.24529e-07 6.09108e-07 5.11744e-07 4.29673e-07 3.60542e-07 3.02352e-07 2.53405e-07 2.1226e-07 1.77696e-07 1.48678e-07 1.24333e-07 1.03919e-07 8.68117e-08 7.24843e-08 6.04916e-08 5.04587e-08 4.20698e-08 3.50593e-08 2.92037e-08 2.43151e-08 2.02361e-08 1.6834e-08 1.3998e-08 1.16349e-08 9.66684e-09 8.02844e-09 6.66511e-09 5.53114e-09 4.58837e-09 3.80486e-09 3.15399e-09 2.61351e-09 2.16489e-09 1.79265e-09 1.4839e-09 1.22791e-09 1.01575e-09 8.39967e-10 6.94383e-10 5.7385e-10
0.000589849 0.000730407 0.000838448 0.000916461 0.000967542 0.000995082 0.00100254 0.000993299 0.000970517 0.000937097 0.00089563 0.000848386 0.000797313 0.000744054 0.000689967 0.000636149 0.00058347 0.000532594 0.000484014 0.000438074 0.000394996 0.000354901 0.000317826 0.000283746 0.000252587 0.000224235 0.000198553 0.000175383 0.000154559 0.000135908 0.000119259 0.000104441 9.12898e-05 7.96501e-05 6.93738e-05 6.03229e-05 5.23691e-05 4.53944e-05 3.92907e-05 3.39595e-05 2.93117e-05 2.52667e-05 2.17522e-05 1.87037e-05 1.60634e-05 1.378e-05 1.18081e-05 1.01076e-05 8.64291e-06 7.38305e-06 6.30068e-06 5.37188e-06 4.57578e-06 3.89418e-06 3.31121e-06 2.81314e-06 2.38801e-06 2.02551e-06 1.71669e-06 1.45385e-06 1.23033e-06 1.04043e-06 8.79214e-07 7.42467e-07 6.26567e-07 5.28412e-07 4.45346e-07 3.75103e-07 3.15745e-07 2.6562e-07 2.23321e-07 1.8765e-07 1.57589e-07 1.3227e-07 1.10959e-07 9.3032e-08 7.79611e-08 6.52985e-08 5.46653e-08 4.57413e-08 3.82558e-08 3.19802e-08 2.67217e-08 2.23178e-08 1.86314e-08 1.55471e-08 1.29678e-08 1.08119e-08 9.01063e-09 7.50642e-09 6.25082e-09 5.2032e-09 4.32948e-09 3.6011e-09 2.99415e-09 2.48858e-09 2.06762e-09 1.71727e-09 1.42577e-09 1.18335e-09 9.81816e-10
0.00046567 0.00059986 0.000709022 0.000793708 0.00085534 0.000895913 0.000917755 0.000923343 0.000915167 0.00089563 0.000866983 0.000831282 0.000790362 0.000745831 0.000699073 0.000651252 0.000603334 0.000556098 0.00051016 0.000465991 0.000423936 0.000384233 0.000347031 0.000312404 0.000280366 0.000250885 0.000223889 0.00019928 0.000176941 0.000156739 0.000138536 0.000122189 0.000107553 9.4488e-05 8.28571e-05 7.25295e-05 6.33818e-05 5.52977e-05 4.81693e-05 4.18968e-05 3.63883e-05 3.15599e-05 2.73354e-05 2.36455e-05 2.04281e-05 1.7627e-05 1.51921e-05 1.30787e-05 1.12468e-05 9.66124e-06 8.29056e-06 7.10718e-06 6.08676e-06 5.20789e-06 4.45181e-06 3.80207e-06 3.24432e-06 2.76603e-06 2.3563e-06 2.00564e-06 1.70582e-06 1.4497e-06 1.23111e-06 1.04472e-06 8.85908e-07 7.50717e-07 6.35721e-07 5.37982e-07 4.54973e-07 3.84526e-07 3.24785e-07 2.74157e-07 2.31283e-07 1.94999e-07 1.64314e-07 1.38379e-07 1.16474e-07 9.7983e-08 8.23842e-08 6.92327e-08 5.8151e-08 4.88187e-08 4.0964e-08 3.43566e-08 2.88012e-08 2.4133e-08 2.02122e-08 1.69208e-08 1.41591e-08 1.18431e-08 9.90169e-09 8.27507e-09 6.91282e-09 5.77249e-09 4.81835e-09 4.02035e-09 3.35322e-09 2.79573e-09 2.33006e-09 1.94124e-09 1.61672e-09
0.000367635 0.000491907 0.000597845 0.000684597 0.000752295 0.000801785 0.00083441 0.000851824 0.000855854 0.000848386 0.000831282 0.00080632 0.000775154 0.000739287 0.000700057 0.000658636 0.000616026 0.000573076 0.000530481 0.000488807 0.000448495 0.000409882 0.00037321 0.000338643 0.000306279 0.000276161 0.000248285 0.000222612 0.000199077 0.000177592 0.000158056 0.000140354 0.000124371 0.000109983 9.70708e-05 8.55149e-05 7.52001e-05 6.6016e-05 5.78581e-05 5.06278e-05 4.42335e-05 3.85898e-05 3.36184e-05 2.92473e-05 2.54108e-05 2.20493e-05 1.91088e-05 1.65405e-05 1.43007e-05 1.23503e-05 1.06543e-05 9.18134e-06 7.90389e-06 6.79736e-06 5.84004e-06 5.01279e-06 4.29875e-06 3.68311e-06 3.15287e-06 2.69667e-06 2.30455e-06 1.96786e-06 1.67903e-06 1.43148e-06 1.21951e-06 1.03816e-06 8.83144e-07 7.50745e-07 6.37755e-07 5.41406e-07 4.59311e-07 3.89412e-07 3.29943e-07 2.79382e-07 2.36426e-07 1.99957e-07 1.69014e-07 1.42778e-07 1.20548e-07 1.01723e-07 8.57912e-08 7.23167e-08 6.0927e-08 5.1305e-08 4.3181e-08 3.63257e-08 3.05439e-08 2.56703e-08 2.15643e-08 1.81067e-08 1.51967e-08 1.27488e-08 1.06905e-08 8.96073e-09 7.50767e-09 6.28764e-09 5.26373e-09 4.40479e-09 3.68457e-09 3.08091e-09 2.57516e-09
0.000290238 0.000402821 0.000502776 0.000588319 0.000658645 0.000713707 0.000754036 0.000780574 0.000794538 0.000797313 0.000790362 0.000775154 0.000753118 0.000725603 0.000693853 0.000658992 0.000622017 0.000583797 0.000545076 0.000506476 0.000468511 0.000431592 0.000396041 0.000362097 0.000329932 0.000299659 0.000271337 0.000244987 0.000220594 0.000198117 0.000177493 0.000158644 0.000141479 0.000125903 0.000111813 9.91058e-05 8.76779e-05 7.74281e-05 6.82582e-05 6.00742e-05 5.27866e-05 4.63115e-05 4.057e-05 3.54892e-05 3.10015e-05 2.70449e-05 2.35625e-05 2.05027e-05 1.78184e-05 1.54673e-05 1.34109e-05 1.1615e-05 1.00487e-05 8.68443e-06 7.49772e-06 6.46672e-06 5.5721e-06 4.79671e-06 4.12542e-06 3.5449e-06 3.04341e-06 2.61064e-06 2.23755e-06 1.91622e-06 1.63974e-06 1.40206e-06 1.19793e-06 1.02276e-06 8.72574e-07 7.43916e-07 6.3379e-07 5.396e-07 4.59104e-07 3.90362e-07 3.31702e-07 2.81682e-07 2.39058e-07 2.02763e-07 1.71877e-07 1.45612e-07 1.23291e-07 1.04334e-07 8.82435e-08 7.45947e-08 6.30239e-08 5.32206e-08 4.49193e-08 3.78941e-08 3.1952e-08 2.69287e-08 2.26844e-08 1.91002e-08 1.6075e-08 1.35229e-08 1.13709e-08 9.55725e-09 8.02943e-09 6.74301e-09 5.66034e-09 4.74957e-09 3.98375e-09
0.000229135 0.000329444 0.000421809 0.000503899 0.000574279 0.00063225 0.000677704 0.000710991 0.0007328 0.000744054 0.000745831 0.000739287 0.000725603 0.000705945 0.000681425 0.000653084 0.000621874 0.000588651 0.000554169 0.000519083 0.000483949 0.000449233 0.000415315 0.000382499 0.000351018 0.000321045 0.000292699 0.000266056 0.00024115 0.000217985 0.000196539 0.00017677 0.000158618 0.000142012 0.000126874 0.000113117 0.000100655 8.93968e-05 7.92543e-05 7.01403e-05 6.19704e-05 5.46636e-05 4.81432e-05 4.23368e-05 3.71766e-05 3.25994e-05 2.85469e-05 2.49653e-05 2.18051e-05 1.90214e-05 1.65731e-05 1.44232e-05 1.25379e-05 1.08871e-05 9.44348e-06 8.18278e-06 7.08321e-06 6.12534e-06 5.29192e-06 4.56761e-06 3.93884e-06 3.3936e-06 2.92129e-06 2.51259e-06 2.15927e-06 1.85414e-06 1.59087e-06 1.36392e-06 1.16847e-06 1.00028e-06 8.55684e-07 7.31471e-07 6.24856e-07 5.33418e-07 4.55058e-07 3.87956e-07 3.30538e-07 2.81441e-07 2.3949e-07 2.03669e-07 1.73104e-07 1.4704e-07 1.2483e-07 1.05915e-07 8.98173e-08 7.6125e-08 6.4486e-08 5.4598e-08 4.62026e-08 3.90786e-08 3.30366e-08 2.79153e-08 2.35766e-08 1.99029e-08 1.67938e-08 1.4164e-08 1.19407e-08 1.00619e-08 8.47508e-09 7.13545e-09 6.00505e-09
0.000180896 0.000269108 0.000353099 0.000430284 0.00049885 0.000557653 0.000606112 0.000644108 0.000671886 0.000689967 0.000699073 0.000700057 0.000693853 0.000681425 0.000663734 0.00064171 0.000616232 0.000588112 0.000558089 0.00052682 0.000494883 0.000462778 0.000430925 0.000399675 0.000369312 0.000340059 0.000312089 0.000285523 0.000260445 0.000236901 0.000214908 0.000194461 0.00017553 0.000158075 0.000142039 0.000127358 0.000113961 0.000101773 9.07179e-05 8.07168e-05 7.1693e-05 6.35708e-05 5.62773e-05 4.97425e-05 4.38999e-05 3.86869e-05 3.40446e-05 2.99182e-05 2.6257e-05 2.30141e-05 2.01466e-05 1.76149e-05 1.53831e-05 1.34188e-05 1.16922e-05 1.01767e-05 8.84837e-06 7.68547e-06 6.66873e-06 5.78085e-06 5.00642e-06 4.33171e-06 3.74454e-06 3.2341e-06 2.79083e-06 2.40628e-06 2.07302e-06 1.78447e-06 1.53487e-06 1.31917e-06 1.13293e-06 9.72261e-07 8.33777e-07 7.14512e-07 6.11883e-07 5.23639e-07 4.47823e-07 3.82734e-07 3.26897e-07 2.7903e-07 2.38026e-07 2.02924e-07 1.72897e-07 1.47227e-07 1.25296e-07 1.06573e-07 9.0597e-08 7.69744e-08 6.53653e-08 5.5478e-08 4.70621e-08 3.99026e-08 3.38155e-08 2.86429e-08 2.42499e-08 2.05209e-08 1.73572e-08 1.46745e-08 1.24008e-08 1.04748e-08 8.84403e-09
0.000142813 0.000219576 0.00029498 0.000366403 0.000431852 0.00048991 0.000539668 0.000580652 0.000612752 0.000636149 0.000651252 0.000658636 0.000658992 0.000653084 0.00064171 0.000625673 0.000605758 0.000582712 0.000557234 0.000529965 0.000501482 0.000472296 0.000442854 0.000413538 0.000384669 0.000356514 0.000329284 0.000303146 0.000278224 0.000254604 0.000232342 0.000211464 0.000191977 0.000173865 0.000157098 0.000141634 0.000127421 0.000114402 0.000102511 9.16836e-05 8.18511e-05 7.29453e-05 6.4899e-05 5.76462e-05 5.11234e-05 4.52698e-05 4.00274e-05 3.53416e-05 3.11613e-05 2.74387e-05 2.41294e-05 2.11924e-05 1.85902e-05 1.6288e-05 1.42544e-05 1.24607e-05 1.08808e-05 9.49102e-06 8.27016e-06 7.19904e-06 6.26046e-06 5.439e-06 4.72088e-06 4.09382e-06 3.54686e-06 3.07029e-06 2.65548e-06 2.29479e-06 1.98147e-06 1.70956e-06 1.47381e-06 1.26959e-06 1.09285e-06 9.40026e-07 8.07989e-07 6.94007e-07 5.95693e-07 5.10959e-07 4.37987e-07 3.75192e-07 3.21194e-07 2.74795e-07 2.34953e-07 2.00767e-07 1.71453e-07 1.46334e-07 1.24823e-07 1.06414e-07 9.06702e-08 7.72134e-08 6.57187e-08 5.59058e-08 4.75335e-08 4.03945e-08 3.43104e-08 2.91284e-08 2.4717e-08 2.09638e-08 1.77721e-08 1.50593e-08 1.27548e-08
0.000112747 0.000178972 0.000245962 0.000311208 0.000372684 0.000428838 0.000478552 0.000521103 0.000556107 0.00058347 0.000603334 0.000616026 0.000622017 0.000621874 0.000616232 0.000605758 0.00059113 0.000573017 0.000552059 0.000528861 0.000503983 0.000477932 0.000451163 0.000424077 0.00039702 0.000370287 0.000344125 0.000318735 0.000294277 0.000270872 0.000248611 0.000227554 0.000207735 0.000189168 0.000171848 0.000155757 0.000140862 0.000127123 0.000114491 0.000102913 9.23327e-05 8.26899e-05 7.39249e-05 6.59775e-05 5.87886e-05 5.23004e-05 4.64574e-05 4.12063e-05 3.64964e-05 3.228e-05 2.85123e-05 2.51515e-05 2.21586e-05 1.94979e-05 1.7136e-05 1.50427e-05 1.31901e-05 1.15529e-05 1.0108e-05 8.8345e-06 7.71357e-06 6.72813e-06 5.86287e-06 5.10403e-06 4.43928e-06 3.8576e-06 3.34917e-06 2.90522e-06 2.51799e-06 2.18056e-06 1.88682e-06 1.63135e-06 1.40937e-06 1.21667e-06 1.04954e-06 9.047e-07 7.79291e-07 6.70795e-07 5.77006e-07 4.95995e-07 4.26075e-07 3.65774e-07 3.13806e-07 2.69053e-07 2.3054e-07 1.97421e-07 1.68959e-07 1.44516e-07 1.23538e-07 1.05546e-07 9.01241e-08 7.69137e-08 6.56045e-08 5.59286e-08 4.76551e-08 4.05848e-08 3.4546e-08 2.93913e-08 2.49935e-08 2.12436e-08 1.80477e-08
8.90107e-05 0.000145732 0.000204731 0.000263704 0.000320698 0.000374129 0.000422771 0.000465738 0.000502448 0.000532594 0.000556098 0.000573076 0.000583797 0.000588651 0.000588112 0.000582712 0.000573017 0.000559603 0.000543044 0.000523895 0.000502681 0.000479893 0.000455981 0.000431349 0.000406358 0.000381321 0.000356511 0.000332155 0.000308442 0.000285526 0.000263525 0.00024253 0.000222604 0.000203787 0.000186099 0.000169544 0.000154111 0.000139778 0.000126512 0.000114274 0.00010302 9.26999e-05 8.32634e-05 7.46571e-05 6.68277e-05 5.9722e-05 5.32877e-05 4.74741e-05 4.22322e-05 3.75152e-05 3.32788e-05 2.94808e-05 2.60821e-05 2.30458e-05 2.03377e-05 1.79262e-05 1.57821e-05 1.38786e-05 1.2191e-05 1.06971e-05 9.37626e-06 8.21006e-06 7.18166e-06 6.27591e-06 5.47912e-06 4.77901e-06 4.16453e-06 3.62581e-06 3.15402e-06 2.74126e-06 2.38052e-06 2.06555e-06 1.79082e-06 1.55141e-06 1.34296e-06 1.16165e-06 1.00407e-06 8.67232e-07 7.48512e-07 6.45593e-07 5.56443e-07 4.79281e-07 4.12547e-07 3.54874e-07 3.0507e-07 2.62091e-07 2.25029e-07 1.93091e-07 1.65588e-07 1.41919e-07 1.21564e-07 1.0407e-07 8.90434e-08 7.61453e-08 6.50805e-08 5.55942e-08 4.74659e-08 4.05054e-08 3.45481e-08 2.94524e-08 2.5096e-08
7.02716e-05 0.000118556 0.000170134 0.000222961 0.000275228 0.000325395 0.000372205 0.000414678 0.000452103 0.000484014 0.00051016 0.000530481 0.000545076 0.000554169 0.000558089 0.000557234 0.000552059 0.000543044 0.000530687 0.000515482 0.000497911 0.000478436 0.000457489 0.000435467 0.000412735 0.000389615 0.000366394 0.000343319 0.000320604 0.000298425 0.000276927 0.000256225 0.00023641 0.000217546 0.000199676 0.000182827 0.000167007 0.000152213 0.00013843 0.000125633 0.000113791 0.000102866 9.2817e-05 8.3599e-05 7.51658e-05 6.74697e-05 6.04632e-05 5.40991e-05 4.83309e-05 4.3114e-05 3.8405e-05 3.41626e-05 3.03478e-05 2.69236e-05 2.38551e-05 2.11101e-05 1.86583e-05 1.64719e-05 1.45249e-05 1.27938e-05 1.12567e-05 9.89369e-06 8.6867e-06 7.61922e-06 6.6763e-06 5.84442e-06 5.11135e-06 4.46609e-06 3.89877e-06 3.4005e-06 2.96335e-06 2.5802e-06 2.24474e-06 1.9513e-06 1.69487e-06 1.47099e-06 1.27571e-06 1.10552e-06 9.57335e-07 8.28414e-07 7.16348e-07 6.19011e-07 5.34536e-07 4.61281e-07 3.97803e-07 3.42839e-07 2.95282e-07 2.54164e-07 2.18637e-07 1.87963e-07 1.61497e-07 1.38677e-07 1.19013e-07 1.0208e-07 8.75079e-08 7.49749e-08 6.42025e-08 5.49488e-08 4.70044e-08 4.01881e-08 3.43429e-08
5.54776e-05 9.63637e-05 0.000141168 0.000188129 0.000235622 0.000282203 0.00032664 0.000367921 0.000405258 0.000438074 0.000465991 0.000488807 0.000506476 0.000519083 0.00052682 0.000529965 0.000528861 0.000523895 0.000515482 0.000504051 0.000490034 0.000473852 0.000455911 0.000436593 0.000416253 0.000395216 0.000373775 0.000352191 0.00033069 0.000309469 0.000288695 0.000268503 0.000249006 0.000230291 0.000212423 0.000195449 0.000179397 0.000164283 0.000150107 0.00013686 0.000124525 0.000113077 0.000102485 9.27125e-05 8.37221e-05 7.54728e-05 6.79225e-05 6.10284e-05 5.4748e-05 4.90391e-05 4.38606e-05 3.91727e-05 3.49371e-05 3.11173e-05 2.76787e-05 2.45885e-05 2.18161e-05 1.93328e-05 1.71119e-05 1.51286e-05 1.33602e-05 1.17856e-05 1.03854e-05 9.14205e-06 8.03932e-06 7.06256e-06 6.19843e-06 5.43486e-06 4.76091e-06 4.16673e-06 3.64346e-06 3.18313e-06 2.77858e-06 2.42341e-06 2.11192e-06 1.83898e-06 1.60005e-06 1.3911e-06 1.20851e-06 1.04911e-06 9.10076e-07 7.889e-07 6.83378e-07 5.91563e-07 5.11737e-07 4.42389e-07 3.82189e-07 3.29969e-07 2.84704e-07 2.45497e-07 2.1156e-07 1.82205e-07 1.5683e-07 1.34911e-07 1.1599e-07 9.96658e-08 8.55919e-08 7.34655e-08 6.30233e-08 5.40368e-08 4.63077e-08
4.37981e-05 7.82607e-05 0.000116967 0.000158438 0.000201251 0.000244095 0.000285802 0.000325373 0.000361985 0.000394996 0.000423936 0.000448495 0.000468511 0.000483949 0.000494883 0.000501482 0.000503983 0.000502681 0.000497911 0.000490034 0.000479423 0.000466456 0.000451503 0.000434922 0.000417055 0.000398217 0.000378702 0.000358773 0.00033867 0.000318599 0.000298744 0.000279258 0.000260272 0.000241892 0.000224204 0.000207271 0.000191142 0.000175849 0.000161409 0.000147828 0.000135104 0.000123222 0.000112164 0.000101904 9.24122e-05 8.36556e-05 7.55984e-05 6.82035e-05 6.14325e-05 5.52472e-05 4.96091e-05 4.44808e-05 3.98254e-05 3.56077e-05 3.17936e-05 2.83506e-05 2.52481e-05 2.2457e-05 1.99502e-05 1.77023e-05 1.56894e-05 1.38898e-05 1.22831e-05 1.08505e-05 9.57501e-06 8.44078e-06 7.43345e-06 6.53994e-06 5.74831e-06 5.04778e-06 4.42856e-06 3.88181e-06 3.39958e-06 2.97469e-06 2.60072e-06 2.27188e-06 1.98301e-06 1.7295e-06 1.50723e-06 1.31251e-06 1.1421e-06 9.93081e-07 8.62883e-07 7.49224e-07 6.50083e-07 5.63675e-07 4.88425e-07 4.22941e-07 3.65999e-07 3.16521e-07 2.73561e-07 2.36285e-07 2.03965e-07 1.75961e-07 1.51713e-07 1.30731e-07 1.12586e-07 9.69061e-08 8.33637e-08 7.16749e-08 6.15921e-08
3.45774e-05 6.35091e-05 9.67847e-05 0.000133194 0.000171525 0.000210611 0.000249378 0.000286871 0.00032227 0.000354901 0.000384233 0.000409882 0.000431592 0.000449233 0.000462778 0.000472296 0.000477932 0.000479893 0.000478436 0.000473852 0.000466456 0.000456575 0.00044454 0.000430681 0.000415314 0.000398744 0.000381255 0.000363109 0.000344549 0.000325789 0.000307023 0.000288417 0.000270117 0.000252246 0.000234904 0.000218173 0.000202118 0.000186787 0.000172214 0.000158419 0.000145412 0.000133192 0.000121753 0.000111079 0.000101149 9.19393e-05 8.34203e-05 7.55611e-05 6.8329e-05 6.16898e-05 5.56088e-05 5.00514e-05 4.49832e-05 4.03704e-05 3.61802e-05 3.23812e-05 2.89429e-05 2.58366e-05 2.30349e-05 2.0512e-05 1.82437e-05 1.62075e-05 1.43823e-05 1.27486e-05 1.12883e-05 9.98477e-06 8.82267e-06 7.78799e-06 6.8679e-06 6.05068e-06 5.3257e-06 4.68326e-06 4.1146e-06 3.6118e-06 3.1677e-06 2.77585e-06 2.43045e-06 2.12629e-06 1.85872e-06 1.62354e-06 1.41702e-06 1.23584e-06 1.07703e-06 9.37943e-07 8.16234e-07 7.0982e-07 6.16853e-07 5.35699e-07 4.64913e-07 4.03215e-07 3.49481e-07 3.02715e-07 2.62044e-07 2.26699e-07 1.96003e-07 1.69362e-07 1.46258e-07 1.26232e-07 1.08887e-07 9.38731e-08 8.08849e-08
2.7298e-05 5.15001e-05 7.99841e-05 0.000111786 0.000145895 0.000181298 0.000217033 0.000252207 0.000286031 0.000317826 0.000347031 0.00037321 0.000396041 0.000415315 0.000430925 0.000442854 0.000451163 0.000455981 0.000457489 0.000455911 0.000451503 0.00044454 0.000435313 0.000424113 0.000411232 0.000396953 0.000381548 0.000365274 0.000348367 0.000331047 0.000313512 0.000295937 0.000278479 0.000261272 0.000244432 0.000228054 0.000212219 0.000196989 0.000182411 0.00016852 0.000155341 0.000142884 0.000131153 0.000120144 0.000109847 0.000100244 9.13147e-05 8.30351e-05 7.53779e-05 6.83141e-05 6.18134e-05 5.58444e-05 5.03757e-05 4.53761e-05 4.08144e-05 3.66604e-05 3.28848e-05 2.94592e-05 2.63568e-05 2.35516e-05 2.10194e-05 1.87372e-05 1.66835e-05 1.4838e-05 1.31822e-05 1.16984e-05 1.03708e-05 9.18434e-06 8.12542e-06 7.18151e-06 6.34112e-06 5.59379e-06 4.92998e-06 4.341e-06 3.819e-06 3.35684e-06 2.9481e-06 2.58696e-06 2.26821e-06 1.98713e-06 1.73951e-06 1.52156e-06 1.32991e-06 1.16154e-06 1.01373e-06 8.84103e-07 7.70503e-07 6.71033e-07 5.84005e-07 5.07923e-07 4.4146e-07 3.83446e-07 3.32843e-07 2.88736e-07 2.50319e-07 2.16882e-07 1.87799e-07 1.6252e-07 1.40562e-07 1.21501e-07 1.04966e-07
2.1551e-05 4.17327e-05 6.60213e-05 9.3672e-05 0.00012386 0.000155727 0.000188424 0.000221142 0.000253136 0.000283746 0.000312404 0.000338643 0.000362097 0.000382499 0.000399675 0.000413538 0.000424077 0.000431349 0.000435467 0.000436593 0.000434922 0.000430681 0.000424113 0.000415473 0.000405023 0.000393021 0.000379722 0.000365369 0.000350193 0.00033441 0.000318219 0.000301801 0.000285319 0.000268916 0.000252718 0.000236834 0.000221355 0.000206357 0.0001919 0.000178033 0.000164791 0.000152198 0.000140269 0.000129009 0.000118418 0.000108489 9.92073e-05 9.0557e-05 8.25172e-05 7.50643e-05 6.81728e-05 6.18156e-05 5.59647e-05 5.05915e-05 4.56675e-05 4.11643e-05 3.70538e-05 3.33089e-05 2.99033e-05 2.68116e-05 2.40096e-05 2.14742e-05 1.91839e-05 1.7118e-05 1.52572e-05 1.35838e-05 1.20808e-05 1.07328e-05 9.52532e-06 8.44518e-06 7.48013e-06 6.61894e-06 5.85136e-06 5.16799e-06 4.56029e-06 4.02046e-06 3.54144e-06 3.11682e-06 2.74082e-06 2.40818e-06 2.11421e-06 1.85465e-06 1.62569e-06 1.42391e-06 1.24624e-06 1.08993e-06 9.52536e-07 8.31869e-07 7.2598e-07 6.33134e-07 5.51789e-07 4.80575e-07 4.18279e-07 3.63823e-07 3.16257e-07 2.74738e-07 2.38524e-07 2.06958e-07 1.79462e-07 1.55529e-07 1.3471e-07
1.7014e-05 3.37954e-05 5.4435e-05 7.83768e-05 0.000104965 0.000133488 0.000163212 0.000193417 0.000223418 0.000252587 0.000280366 0.000306279 0.000329932 0.000351018 0.000369312 0.000384669 0.00039702 0.000406358 0.000412735 0.000416253 0.000417055 0.000415314 0.000411232 0.000405023 0.000396916 0.000387142 0.000375935 0.000363521 0.00035012 0.000335941 0.000321181 0.00030602 0.000290625 0.000275146 0.000259715 0.000244451 0.000229454 0.000214812 0.000200598 0.000186869 0.000173673 0.000161045 0.000149011 0.000137587 0.000126781 0.000116595 0.000107024 9.80581e-05 8.96833e-05 8.18823e-05 7.46346e-05 6.79178e-05 6.17079e-05 5.59798e-05 5.07076e-05 4.58652e-05 4.14266e-05 3.73661e-05 3.36584e-05 3.02789e-05 2.72041e-05 2.44111e-05 2.18783e-05 1.95851e-05 1.7512e-05 1.56406e-05 1.39538e-05 1.24354e-05 1.10706e-05 9.84535e-06 8.74688e-06 7.76328e-06 6.88361e-06 6.09782e-06 5.39671e-06 4.77187e-06 4.2156e-06 3.72091e-06 3.28145e-06 2.89146e-06 2.54571e-06 2.23949e-06 1.96853e-06 1.729e-06 1.51745e-06 1.33078e-06 1.16621e-06 1.02125e-06 8.93665e-07 7.81469e-07 6.82886e-07 5.96333e-07 5.20402e-07 4.5384e-07 3.95536e-07 3.44502e-07 2.99864e-07 2.60849e-07 2.26772e-07 1.97029e-07 1.71085e-07
1.34321e-05 2.73504e-05 4.48343e-05 6.54874e-05 8.88039e-05 0.000114205 0.00014107 0.000168769 0.000196685 0.000224235 0.000250885 0.000276161 0.000299659 0.000321045 0.000340059 0.000356514 0.000370287 0.000381321 0.000389615 0.000395216 0.000398217 0.000398744 0.000396953 0.000393021 0.000387142 0.000379519 0.000370359 0.000359871 0.00034826 0.000335724 0.000322454 0.000308627 0.000294409 0.000279953 0.000265396 0.000250863 0.000236464 0.000222293 0.000208432 0.000194951 0.000181907 0.000169344 0.000157299 0.000145797 0.000134857 0.000124487 0.000114692 0.00010547 9.68122e-05 8.87086e-05 8.11442e-05 7.41016e-05 6.75609e-05 6.15009e-05 5.58992e-05 5.07322e-05 4.59764e-05 4.16077e-05 3.76026e-05 3.39376e-05 3.059e-05 2.75375e-05 2.47589e-05 2.22337e-05 1.99424e-05 1.78666e-05 1.59888e-05 1.42926e-05 1.27626e-05 1.13843e-05 1.01443e-05 9.03029e-06 8.03064e-06 7.13472e-06 6.33273e-06 5.61565e-06 4.97523e-06 4.40389e-06 3.89474e-06 3.44149e-06 3.03842e-06 2.68033e-06 2.36252e-06 2.08073e-06 1.83111e-06 1.61019e-06 1.41486e-06 1.24229e-06 1.08998e-06 9.55646e-07 8.3728e-07 7.33063e-07 6.4138e-07 5.60786e-07 4.89994e-07 4.27859e-07 3.73365e-07 3.25605e-07 2.83777e-07 2.47172e-07 2.15159e-07
1.06043e-05 2.21212e-05 3.68898e-05 5.46455e-05 7.50115e-05 9.75286e-05 0.000121683 0.000146934 0.000172735 0.000198553 0.000223889 0.000248285 0.000271337 0.000292699 0.000312089 0.000329284 0.000344125 0.000356511 0.000366394 0.000373775 0.000378702 0.000381255 0.000381548 0.000379722 0.000375935 0.000370359 0.000363177 0.000354575 0.000344742 0.000333862 0.000322115 0.000309674 0.000296701 0.000283348 0.000269755 0.00025605 0.000242348 0.000228751 0.000215348 0.000202217 0.000189424 0.000177023 0.000165059 0.000153566 0.000142571 0.000132093 0.000122143 0.000112725 0.000103841 9.54842e-05 8.76466e-05 8.03159e-05 7.34771e-05 6.71129e-05 6.12045e-05 5.57316e-05 5.06733e-05 4.60079e-05 4.17136e-05 3.77686e-05 3.41511e-05 3.08401e-05 2.78148e-05 2.50553e-05 2.25423e-05 2.02575e-05 1.81832e-05 1.63029e-05 1.4601e-05 1.30626e-05 1.1674e-05 1.04223e-05 9.29531e-06 8.282e-06 7.37199e-06 6.55573e-06 5.82442e-06 5.16995e-06 4.58491e-06 4.0625e-06 3.59651e-06 3.18127e-06 2.81164e-06 2.48292e-06 2.19088e-06 1.93166e-06 1.7018e-06 1.49815e-06 1.31789e-06 1.15846e-06 1.01758e-06 8.93203e-07 7.83478e-07 6.8676e-07 6.01574e-07 5.26604e-07 4.60675e-07 4.0274e-07 3.51868e-07 3.07229e-07 2.68088e-07
8.3718e-06 1.78816e-05 3.03241e-05 4.55413e-05 6.32658e-05 8.31439e-05 0.000104759 0.000127654 0.000151354 0.000175383 0.00019928 0.000222612 0.000244987 0.000266056 0.000285523 0.000303146 0.000318735 0.000332155 0.000343319 0.000352191 0.000358773 0.000363109 0.000365274 0.000365369 0.000363521 0.000359871 0.000354575 0.000347797 0.000339705 0.000330469 0.000320257 0.000309231 0.000297549 0.00028536 0.000272802 0.000260005 0.000247088 0.000234155 0.000221304 0.000208617 0.000196169 0.000184021 0.000172225 0.000160826 0.000149858 0.000139345 0.000129309 0.000119761 0.000110707 0.00010215 9.40867e-05 8.65095e-05 7.94089e-05 7.27719e-05 6.65837e-05 6.08276e-05 5.54854e-05 5.05382e-05 4.59665e-05 4.17501e-05 3.7869e-05 3.43032e-05 3.10331e-05 2.80393e-05 2.53031e-05 2.28064e-05 2.05319e-05 1.8463e-05 1.65839e-05 1.48797e-05 1.33362e-05 1.19402e-05 1.06794e-05 9.54197e-06 8.51728e-06 7.59525e-06 6.76659e-06 6.02272e-06 5.35572e-06 4.75832e-06 4.22383e-06 3.74613e-06 3.31965e-06 2.93927e-06 2.60034e-06 2.29865e-06 2.03035e-06 1.79198e-06 1.58039e-06 1.39274e-06 1.22646e-06 1.07925e-06 9.49039e-07 8.33948e-07 7.32309e-07 6.42621e-07 5.6354e-07 4.93865e-07 4.32524e-07 3.78561e-07 3.31121e-07
6.60932e-06 1.44467e-05 2.49043e-05 3.79087e-05 5.32832e-05 7.07647e-05 9.00237e-05 0.000110683 0.000132334 0.000154559 0.000176941 0.000199077 0.000220594 0.00024115 0.000260445 0.000278224 0.000294277 0.000308442 0.000320604 0.00033069 0.00033867 0.000344549 0.000348367 0.000350193 0.00035012 0.00034826 0.000344742 0.000339705 0.000333299 0.000325674 0.000316985 0.000307383 0.000297019 0.000286034 0.000274565 0.000262741 0.000250679 0.00023849 0.000226272 0.000214115 0.000202097 0.000190287 0.000178745 0.00016752 0.000156655 0.000146183 0.00013613 0.000126516 0.000117353 0.000108651 0.00010041 9.26312e-05 8.53083e-05 7.84335e-05 7.19958e-05 6.59824e-05 6.03785e-05 5.5168e-05 5.03338e-05 4.58581e-05 4.17225e-05 3.79087e-05 3.43981e-05 3.11725e-05 2.82139e-05 2.55048e-05 2.30281e-05 2.07676e-05 1.87075e-05 1.68329e-05 1.51295e-05 1.35838e-05 1.21833e-05 1.09158e-05 9.7704e-06 8.7365e-06 7.80443e-06 6.96517e-06 6.21036e-06 5.53228e-06 4.92382e-06 4.37841e-06 3.89005e-06 3.45323e-06 3.0629e-06 2.71447e-06 2.40373e-06 2.12689e-06 1.88046e-06 1.66132e-06 1.46661e-06 1.29376e-06 1.14046e-06 1.0046e-06 8.84303e-07 7.77872e-07 6.83784e-07 6.00673e-07 5.27315e-07 4.62614e-07 4.05593e-07
5.21788e-06 1.16655e-05 2.04355e-05 3.15196e-05 4.48147e-05 6.0135e-05 7.72269e-05 9.57849e-05 0.000115467 0.000135908 0.000156739 0.000177592 0.000198117 0.000217985 0.000236901 0.000254604 0.000270872 0.000285526 0.000298425 0.000309469 0.000318599 0.000325789 0.000331047 0.00033441 0.000335941 0.000335724 0.000333862 0.000330469 0.000325674 0.000319609 0.000312414 0.000304227 0.000295187 0.00028543 0.000275086 0.000264282 0.000253135 0.000241753 0.00023024 0.000218686 0.000207176 0.000195782 0.000184571 0.000173598 0.000162911 0.000152551 0.00014255 0.000132934 0.000123723 0.000114931 0.000106565 9.86307e-05 9.11278e-05 8.40528e-05 7.73991e-05 7.11577e-05 6.53174e-05 5.98651e-05 5.47866e-05 5.00665e-05 4.56885e-05 4.16361e-05 3.78922e-05 3.44397e-05 3.12618e-05 2.83417e-05 2.56629e-05 2.32096e-05 2.09663e-05 1.89181e-05 1.7051e-05 1.53513e-05 1.38063e-05 1.24037e-05 1.11321e-05 9.9808e-06 8.93974e-06 7.99952e-06 7.15137e-06 6.38719e-06 5.69945e-06 5.0812e-06 4.52602e-06 4.02801e-06 3.58175e-06 3.18228e-06 2.82504e-06 2.50588e-06 2.22101e-06 1.967e-06 1.7407e-06 1.53928e-06 1.36016e-06 1.201e-06 1.05971e-06 9.34378e-07 8.23298e-07 7.24927e-07 6.3788e-07 5.60913e-07 4.92911e-07
4.11938e-06 9.41502e-06 1.67547e-05 2.61791e-05 3.76435e-05 5.10263e-05 6.61398e-05 8.27426e-05 0.000100552 0.000119259 0.000138536 0.000158056 0.000177493 0.000196539 0.000214908 0.000232342 0.000248611 0.000263525 0.000276927 0.000288695 0.000298744 0.000307023 0.000313512 0.000318219 0.000321181 0.000322454 0.000322115 0.000320257 0.000316985 0.000312414 0.000306665 0.000299865 0.00029214 0.000283617 0.00027442 0.000264669 0.000254478 0.000243957 0.000233206 0.000222321 0.000211386 0.000200479 0.00018967 0.00017902 0.000168582 0.000158402 0.00014852 0.000138966 0.000129766 0.00012094 0.000112501 0.00010446 9.6821e-05 8.95857e-05 8.27518e-05 7.63143e-05 7.02656e-05 6.45961e-05 5.92943e-05 5.43477e-05 4.97422e-05 4.54633e-05 4.14957e-05 3.78239e-05 3.4432e-05 3.13044e-05 2.84256e-05 2.57801e-05 2.3353e-05 2.11298e-05 1.90964e-05 1.72395e-05 1.55462e-05 1.40042e-05 1.2602e-05 1.13285e-05 1.01735e-05 9.1272e-06 8.1806e-06 7.32521e-06 6.55316e-06 5.85712e-06 5.23031e-06 4.66647e-06 4.1598e-06 3.705e-06 3.29716e-06 2.93181e-06 2.60484e-06 2.3125e-06 2.05137e-06 1.81833e-06 1.61055e-06 1.42545e-06 1.26071e-06 1.1142e-06 9.84021e-07 8.68447e-07 7.65922e-07 6.75044e-07 5.94553e-07
3.25214e-06 7.59509e-06 1.37261e-05 2.17211e-05 3.15808e-05 4.32362e-05 5.65553e-05 7.13531e-05 8.74015e-05 0.000104441 0.000122189 0.000140354 0.000158644 0.00017677 0.000194461 0.000211464 0.000227554 0.00024253 0.000256225 0.000268503 0.000279258 0.000288417 0.000295937 0.000301801 0.00030602 0.000308627 0.000309674 0.000309231 0.000307383 0.000304227 0.000299865 0.00029441 0.000287975 0.000280677 0.000272631 0.00026395 0.000254746 0.000245123 0.000235183 0.000225018 0.000214717 0.000204358 0.000194015 0.000183753 0.00017363 0.000163696 0.000153995 0.000144565 0.000135435 0.000126631 0.000118172 0.000110073 0.000102343 9.49892e-05 8.80129e-05 8.14133e-05 7.51867e-05 6.93268e-05 6.38255e-05 5.86727e-05 5.38572e-05 4.93665e-05 4.51874e-05 4.13059e-05 3.77078e-05 3.43786e-05 3.13036e-05 2.84684e-05 2.58587e-05 2.34604e-05 2.12598e-05 1.92439e-05 1.73997e-05 1.57152e-05 1.41786e-05 1.27789e-05 1.15056e-05 1.03488e-05 9.2991e-06 8.34782e-06 7.48675e-06 6.70825e-06 6.00522e-06 5.37104e-06 4.79961e-06 4.28526e-06 3.82278e-06 3.40737e-06 3.0346e-06 2.70043e-06 2.40116e-06 2.13338e-06 1.89401e-06 1.68023e-06 1.48948e-06 1.31941e-06 1.16792e-06 1.03309e-06 9.13186e-07 8.06645e-07 7.12052e-07
2.56748e-06 6.12416e-06 1.12365e-05 1.80045e-05 2.64634e-05 3.6586e-05 4.8287e-05 6.14302e-05 7.58357e-05 9.12898e-05 0.000107553 0.000124371 0.000141479 0.000158618 0.00017553 0.000191977 0.000207735 0.000222604 0.00023641 0.000249006 0.000260272 0.000270117 0.000278479 0.000285319 0.000290625 0.000294409 0.000296701 0.000297549 0.000297019 0.000295187 0.00029214 0.000287975 0.000282792 0.000276696 0.000269792 0.000262187 0.000253985 0.000245287 0.000236191 0.00022679 0.00021717 0.000207412 0.000197592 0.000187777 0.000178028 0.0001684 0.000158941 0.000149692 0.000140689 0.000131962 0.000123534 0.000115426 0.000107652 0.000100222 9.31423e-05 8.64165e-05 8.00443e-05 7.40232e-05 6.83481e-05 6.3012e-05 5.80063e-05 5.33208e-05 4.89446e-05 4.48656e-05 4.1071e-05 3.75479e-05 3.42829e-05 3.12624e-05 2.84729e-05 2.59011e-05 2.35338e-05 2.13583e-05 1.9362e-05 1.75328e-05 1.58593e-05 1.43302e-05 1.29351e-05 1.16639e-05 1.05071e-05 9.45575e-06 8.50138e-06 7.6361e-06 6.85252e-06 6.14375e-06 5.50335e-06 4.92536e-06 4.40427e-06 3.93497e-06 3.51273e-06 3.13323e-06 2.79248e-06 2.4868e-06 2.21286e-06 1.96759e-06 1.74817e-06 1.55207e-06 1.37696e-06 1.22072e-06 1.08145e-06 9.57391e-07 8.46983e-07
