0.30805 0.12322 0.049288 0.0197152 0.00788609 0.00315443 0.00126177 0.00050471 0.000201884 8.07535e-05 3.23014e-05 1.29206e-05 5.16823e-06 2.06729e-06 8.26916e-07 3.30766e-07 1.32307e-07 5.29226e-08 2.11691e-08 8.46762e-09 3.38705e-09 1.35482e-09 5.41928e-10 2.16771e-10 8.67084e-11 3.46834e-11 1.38734e-11 5.54934e-12 2.21974e-12 8.87894e-13 3.55158e-13 1.42063e-13 5.68252e-14 2.27301e-14 9.09204e-15 3.63682e-15 1.45473e-15 5.81891e-16 2.32756e-16 9.31025e-17 3.7241e-17 1.48964e-17 5.95856e-18 2.38342e-18 9.53369e-19 3.81348e-19 1.52539e-19 6.10156e-20 2.44063e-20 9.7625e-21 3.905e-21 1.562e-21 6.248e-22 2.4992e-22 9.9968e-23 3.99872e-23 1.59949e-23 6.39795e-24 2.55918e-24 1.02367e-24 4.09469e-25 1.63788e-25 6.5515e-26 2.6206e-26 1.04824e-26 4.19296e-27 1.67719e-27 6.70874e-28 2.6835e-28 1.0734e-28 4.29359e-29 1.71744e-29 6.86975e-30 2.7479e-30 1.09916e-30 4.39664e-31 1.75866e-31 7.03462e-32 2.81385e-32 1.12554e-32 4.50216e-33 1.80086e-33 7.20346e-34 2.88138e-34 1.15255e-34 4.61021e-35 1.84408e-35 7.37634e-36 2.95054e-36 1.18021e-36 4.72086e-37 1.88834e-37 7.55337e-38 3.02135e-38 1.20854e-38 4.83416e-39 1.93366e-39 7.73465e-40 3.09386e-40 1.23754e-40 4.95018e-41
0.12322 0.0652912 0.0325177 0.0155676 0.00725124 0.00331017 0.00148794 0.000660726 0.00029051 0.000126692 5.48718e-05 2.36268e-05 1.01219e-05 4.31726e-06 1.8343e-06 7.76678e-07 3.27854e-07 1.38015e-07 5.79553e-08 2.42819e-08 1.01526e-08 4.23701e-09 1.76519e-09 7.34227e-10 3.04952e-10 1.26485e-10 5.23959e-11 2.16791e-11 8.95992e-12 3.69928e-12 1.52584e-12 6.28786e-13 2.58895e-13 1.0651e-13 4.37848e-14 1.79862e-14 7.38343e-15 3.02894e-15 1.24181e-15 5.08814e-16 2.08362e-16 8.52796e-17 3.48857e-17 1.42638e-17 5.82935e-18 2.38127e-18 9.72318e-19 3.96851e-19 1.6191e-19 6.6032e-20 2.692e-20 1.09709e-20 4.46949e-21 1.82025e-21 7.41084e-22 3.01627e-22 1.22728e-22 4.99222e-23 2.03012e-23 8.25345e-24 3.35456e-24 1.3631e-24 5.53747e-25 2.24902e-25 9.13223e-26 3.70735e-26 1.50472e-26 6.10601e-27 2.47726e-27 1.00484e-27 4.07514e-28 1.65236e-28 6.69866e-29 2.71515e-29 1.10034e-29 4.45845e-30 1.80622e-30 7.31624e-31 2.96304e-31 1.19983e-31 4.85781e-32 1.96651e-32 7.9596e-33 3.22126e-33 1.30347e-33 5.27377e-34 2.13346e-34 8.62963e-35 3.49017e-35 1.4114e-35 5.7069e-36 2.30728e-36 9.32723e-37 3.77013e-37 1.52375e-37 6.15778e-38 2.48822e-38 1.00534e-38 4.06152e-39 1.64068e-39 6.62702e-40
0.049288 0.0325177 0.0189594 0.0102973 0.00533732 0.0026755 0.00130771 0.000626602 0.000295453 0.000137468 6.3247e-05 2.88206e-05 1.30241e-05 5.84288e-06 2.60439e-06 1.15423e-06 5.08914e-07 2.23347e-07 9.76082e-08 4.2494e-08 1.8435e-08 7.9718e-09 3.43698e-09 1.47776e-09 6.3375e-10 2.71144e-10 1.15749e-10 4.93099e-11 2.09655e-11 8.89779e-12 3.76974e-12 1.59454e-12 6.73435e-13 2.84004e-13 1.19607e-13 5.03064e-14 2.11325e-14 8.86681e-15 3.71617e-15 1.55581e-15 6.50693e-16 2.71876e-16 1.1349e-16 4.73321e-17 1.97234e-17 8.212e-18 3.41643e-18 1.42025e-18 5.89985e-19 2.44913e-19 1.01598e-19 4.21189e-20 1.745e-20 7.22516e-21 2.98982e-21 1.2365e-21 5.11102e-22 2.11149e-22 8.71859e-23 3.59822e-23 1.48429e-23 6.11994e-24 2.52219e-24 1.03901e-24 4.2783e-25 1.76094e-25 7.24507e-26 2.97968e-26 1.22499e-26 5.03422e-27 2.06812e-27 8.49311e-28 3.48665e-28 1.43089e-28 5.87031e-29 2.40757e-29 9.87103e-30 4.0459e-30 1.65783e-30 6.79109e-31 2.78111e-31 1.13861e-31 4.66036e-32 1.90699e-32 7.8013e-33 3.19063e-33 1.30461e-33 5.33309e-34 2.1796e-34 8.90584e-35 3.63811e-35 1.48587e-35 6.06728e-36 2.47694e-36 1.01099e-36 4.12562e-37 1.68324e-37 6.86625e-38 2.80033e-38 1.14188e-38 4.65531e-39
0.0197152 0.0155676 0.0102973 0.00618924 0.003498 0.0018927 0.000991077 0.000505773 0.000252786 0.000124178 6.01165e-05 2.8741e-05 1.3592e-05 6.36668e-06 2.9571e-06 1.36313e-06 6.24102e-07 2.83991e-07 1.28507e-07 5.78538e-08 2.5924e-08 1.15664e-08 5.14001e-09 2.27574e-09 1.00412e-09 4.4163e-10 1.93655e-10 8.4679e-11 3.69299e-11 1.60657e-11 6.97278e-12 3.01961e-12 1.30493e-12 5.62808e-13 2.42279e-13 1.04111e-13 4.46616e-14 1.9128e-14 8.17961e-15 3.49264e-15 1.48923e-15 6.34133e-16 2.69673e-16 1.14539e-16 4.85909e-17 2.059e-17 8.71527e-18 3.68506e-18 1.55656e-18 6.56841e-19 2.76913e-19 1.16635e-19 4.9083e-20 2.06378e-20 8.67037e-21 3.6397e-21 1.52672e-21 6.39921e-22 2.68028e-22 1.12184e-22 4.69227e-23 1.96133e-23 8.19293e-24 3.42025e-24 1.42697e-24 5.94998e-25 2.47952e-25 1.03271e-25 4.29889e-26 1.78857e-26 7.43756e-27 3.09129e-27 1.28421e-27 5.33247e-28 2.21319e-28 9.18152e-29 3.80731e-29 1.5781e-29 6.53838e-30 2.70787e-30 1.12101e-30 4.639e-31 1.91899e-31 7.93519e-32 3.28008e-32 1.35536e-32 5.59855e-33 2.31178e-33 9.54271e-34 3.93781e-34 1.62442e-34 6.69894e-35 2.76172e-35 1.13821e-35 4.68959e-36 1.93162e-36 7.95402e-37 3.27438e-37 1.34758e-37 5.54448e-38 2.28062e-38
0.00788609 0.00725124 0.00533732 0.003498 0.00212965 0.00123098 0.000684316 0.00036895 0.000194045 9.99757e-05 5.06194e-05 2.52485e-05 1.24307e-05 6.05035e-06 2.91506e-06 1.39176e-06 6.59058e-07 3.09785e-07 1.44632e-07 6.71089e-08 3.09621e-08 1.42103e-08 6.49037e-09 2.95106e-09 1.33618e-09 6.02628e-10 2.70795e-10 1.21265e-10 5.41284e-11 2.40874e-11 1.06882e-11 4.7297e-12 2.08758e-12 9.19157e-13 4.03763e-13 1.76971e-13 7.74039e-14 3.37871e-14 1.47199e-14 6.4012e-15 2.77879e-15 1.20426e-15 5.21054e-16 2.25099e-16 9.71e-17 4.18258e-17 1.79917e-17 7.729e-18 3.31605e-18 1.42097e-18 6.08182e-19 2.60006e-19 1.11033e-19 4.7365e-20 2.01842e-20 8.59273e-21 3.65451e-21 1.55281e-21 6.59191e-22 2.7959e-22 1.18483e-22 5.01687e-23 2.12254e-23 8.97302e-24 3.79044e-24 1.59999e-24 6.74887e-25 2.84472e-25 1.19826e-25 5.04397e-26 2.12183e-26 8.92022e-27 3.74776e-27 1.57364e-27 6.60367e-28 2.76959e-28 1.16092e-28 4.86355e-29 2.03644e-29 8.52244e-30 3.5648e-30 1.49035e-30 6.22776e-31 2.60116e-31 1.08593e-31 4.53145e-32 1.89007e-32 7.88008e-33 3.28395e-33 1.36798e-33 5.69623e-34 2.37093e-34 9.86458e-35 4.10271e-35 1.70568e-35 7.08867e-36 2.94492e-36 1.223e-36 5.07723e-37 2.10706e-37 8.74143e-38
0.00315443 0.00331017 0.0026755 0.0018927 0.00123098 0.000754676 0.000442589 0.000250675 0.000138023 7.42328e-05 3.91385e-05 2.02854e-05 1.03583e-05 5.22033e-06 2.60041e-06 1.2819e-06 6.26002e-07 3.03103e-07 1.45622e-07 6.94647e-08 3.29196e-08 1.55065e-08 7.26332e-09 3.38447e-09 1.5694e-09 7.24435e-10 3.32978e-10 1.52438e-10 6.95237e-11 3.15959e-11 1.4311e-11 6.4614e-12 2.90855e-12 1.30552e-12 5.84397e-13 2.60921e-13 1.16208e-13 5.16345e-14 2.28911e-14 1.01264e-14 4.47043e-15 1.96963e-15 8.66152e-16 3.802e-16 1.66598e-16 7.28779e-17 3.18285e-17 1.3879e-17 6.0429e-18 2.62725e-18 1.14064e-18 4.94543e-19 2.14137e-19 9.26035e-20 3.99973e-20 1.72551e-20 7.43539e-21 3.20041e-21 1.37606e-21 5.91034e-22 2.53597e-22 1.08704e-22 4.65511e-23 1.99162e-23 8.51313e-24 3.63569e-24 1.55135e-24 6.61408e-25 2.81756e-25 1.19931e-25 5.10098e-26 2.16793e-26 9.20701e-27 3.90731e-27 1.65704e-27 7.02247e-28 2.9741e-28 1.25874e-28 5.32405e-29 2.25048e-29 9.50698e-30 4.01376e-30 1.69358e-30 7.14187e-31 3.01006e-31 1.26795e-31 5.3382e-32 2.24626e-32 9.44718e-33 3.97123e-33 1.66853e-33 7.00702e-34 2.94121e-34 1.23401e-34 5.175e-35 2.16925e-35 9.08902e-36 3.80661e-36 1.59359e-36 6.66858e-37 2.78942e-37
0.00126177 0.00148794 0.00130771 0.000991077 0.000684316 0.000442589 0.000272528 0.000161459 9.27074e-05 5.18627e-05 2.83796e-05 1.52371e-05 8.04632e-06 4.18744e-06 2.15108e-06 1.09222e-06 5.48778e-07 2.73113e-07 1.34743e-07 6.59488e-08 3.20417e-08 1.54623e-08 7.41476e-09 3.53489e-09 1.67602e-09 7.90609e-10 3.71159e-10 1.7346e-10 8.07227e-11 3.74154e-11 1.72766e-11 7.9489e-12 3.64482e-12 1.66587e-12 7.59044e-13 3.44842e-13 1.56227e-13 7.05884e-14 3.18127e-14 1.43022e-14 6.41491e-15 2.87078e-15 1.28196e-15 5.71274e-16 2.54068e-16 1.12777e-16 4.99679e-17 2.20997e-17 9.75741e-18 4.30093e-18 1.89275e-18 8.31671e-19 3.64888e-19 1.59859e-19 6.99366e-20 3.0555e-20 1.33317e-20 5.80946e-21 2.5284e-21 1.09909e-21 4.77214e-22 2.06966e-22 8.96613e-23 3.88012e-23 1.67738e-23 7.24393e-24 3.12528e-24 1.34705e-24 5.80057e-25 2.49551e-25 1.07266e-25 4.60665e-26 1.97669e-26 8.47488e-27 3.63058e-27 1.55409e-27 6.64721e-28 2.84103e-28 1.21337e-28 5.17839e-29 2.20847e-29 9.41216e-30 4.00861e-30 1.70613e-30 7.25685e-31 3.08468e-31 1.3104e-31 5.5633e-32 2.3605e-32 1.00097e-32 4.24221e-33 1.79688e-33 7.60689e-34 3.21856e-34 1.36109e-34 5.75289e-35 2.43033e-35 1.02619e-35 4.33089e-36 1.82691e-36 7.70287e-37
0.00050471 0.000660726 0.000626602 0.000505773 0.00036895 0.000250675 0.000161459 9.97207e-05 5.95255e-05 3.45382e-05 1.95633e-05 1.08537e-05 5.91365e-06 3.17103e-06 1.67639e-06 8.75018e-07 4.51504e-07 2.30551e-07 1.16608e-07 5.84636e-08 2.90763e-08 1.43533e-08 7.03654e-09 3.4274e-09 1.65942e-09 7.98918e-10 3.82606e-10 1.82323e-10 8.64757e-11 4.08343e-11 1.92016e-11 8.99346e-12 4.19643e-12 1.9511e-12 9.04059e-13 4.17545e-13 1.92249e-13 8.82545e-14 4.03998e-14 1.84434e-14 8.39798e-15 3.81437e-15 1.72834e-15 7.81331e-16 3.52433e-16 1.58632e-16 7.12544e-17 3.19426e-17 1.42921e-17 6.38293e-18 2.84556e-18 1.26638e-18 5.62644e-19 2.49575e-19 1.10532e-19 4.88781e-20 2.15824e-20 9.51626e-21 4.19015e-21 1.8425e-21 8.0913e-22 3.54875e-22 1.55452e-22 6.80133e-23 2.97223e-23 1.29741e-23 5.65704e-24 2.46395e-24 1.07205e-24 4.65967e-25 2.02329e-25 8.77681e-26 3.80365e-26 1.64687e-26 7.12401e-27 3.07895e-27 1.32955e-27 5.73638e-28 2.47293e-28 1.0652e-28 4.58467e-29 1.97173e-29 8.47336e-30 3.63867e-30 1.56139e-30 6.69534e-31 2.86899e-31 1.22854e-31 5.25725e-32 2.24823e-32 9.60827e-33 4.10369e-33 1.7516e-33 7.47189e-34 3.18542e-34 1.35722e-34 5.77941e-35 2.45964e-35 1.04621e-35 4.44766e-36 1.88978e-36
0.000201884 0.00029051 0.000295453 0.000252786 0.000194045 0.000138023 9.27074e-05 5.95255e-05 3.68456e-05 2.21218e-05 1.29422e-05 7.40454e-06 4.15453e-06 2.29125e-06 1.24443e-06 6.66643e-07 3.52713e-07 1.84521e-07 9.55403e-08 4.9002e-08 2.49143e-08 1.25654e-08 6.28988e-09 3.12661e-09 1.54408e-09 7.57899e-10 3.69879e-10 1.7954e-10 8.67062e-11 4.16725e-11 1.99375e-11 9.49764e-12 4.50588e-12 2.12937e-12 1.00255e-12 4.70356e-13 2.19926e-13 1.025e-13 4.76238e-14 2.20617e-14 1.01911e-14 4.69477e-15 2.1571e-15 9.88624e-16 4.52e-16 2.06172e-16 9.38305e-17 4.26102e-17 1.93095e-17 8.73271e-18 3.94163e-18 1.77574e-18 7.98521e-19 3.58444e-19 1.60624e-19 7.18578e-20 3.20948e-20 1.43124e-20 6.3728e-21 2.83337e-21 1.25792e-21 5.57691e-22 2.46913e-22 1.09174e-22 4.82096e-23 2.1262e-23 9.36575e-24 4.12064e-24 1.81085e-24 7.94889e-25 3.48539e-25 1.52661e-25 6.67958e-26 2.91959e-26 1.27485e-26 5.56124e-27 2.42364e-27 1.05525e-27 4.59036e-28 1.99502e-28 8.66301e-29 3.75852e-29 1.6293e-29 7.0571e-30 3.05424e-30 1.3208e-30 5.70737e-31 2.46437e-31 1.06329e-31 4.58442e-32 1.97518e-32 8.504e-33 3.65883e-33 1.57315e-33 6.75942e-34 2.90247e-34 1.24552e-34 5.34146e-35 2.2893e-35 9.80584e-36 4.19768e-36
8.07535e-05 0.000126692 0.000137468 0.000124178 9.99757e-05 7.42328e-05 5.18627e-05 3.45382e-05 2.21218e-05 1.37162e-05 8.27311e-06 4.87265e-06 2.81081e-06 1.59193e-06 8.86971e-07 4.86985e-07 2.63848e-07 1.41237e-07 7.47733e-08 3.9187e-08 2.03458e-08 1.04725e-08 5.34725e-09 2.70992e-09 1.36377e-09 6.8183e-10 3.38792e-10 1.67367e-10 8.22301e-11 4.01924e-11 1.95492e-11 9.4645e-12 4.56193e-12 2.18966e-12 1.04681e-12 4.98538e-13 2.36564e-13 1.11862e-13 5.27193e-14 2.47666e-14 1.15993e-14 5.41648e-15 2.52216e-15 1.17124e-15 5.42475e-16 2.5062e-16 1.15503e-16 5.31069e-17 2.43625e-17 1.11517e-17 5.09376e-18 2.32191e-18 1.0563e-18 4.79618e-19 2.17367e-19 9.83344e-20 4.44074e-20 2.00201e-20 9.01069e-21 4.04904e-21 1.81664e-21 8.13813e-22 3.64032e-22 1.62603e-22 7.25289e-23 3.23073e-23 1.43718e-23 6.38502e-24 2.83311e-24 1.25554e-24 5.55743e-25 2.45702e-25 1.08504e-25 4.78627e-26 2.10898e-26 9.28295e-27 4.08174e-27 1.79292e-27 7.86763e-28 3.44907e-28 1.51059e-28 6.60971e-29 2.88949e-29 1.26204e-29 5.50732e-30 2.40124e-30 1.04608e-30 4.55337e-31 1.98039e-31 8.60643e-32 3.7373e-32 1.62166e-32 7.03131e-33 3.04645e-33 1.31898e-33 5.70654e-34 2.46721e-34 1.06596e-34 4.60243e-35 1.98585e-35 8.56293e-36
3.23014e-05 5.48718e-05 6.3247e-05 6.01165e-05 5.06194e-05 3.91385e-05 2.83796e-05 1.95633e-05 1.29422e-05 8.27311e-06 5.13644e-06 3.10973e-06 1.84172e-06 1.06975e-06 6.10681e-07 3.43229e-07 1.90212e-07 1.04071e-07 5.62769e-08 3.01063e-08 1.59467e-08 8.36929e-09 4.35506e-09 2.24822e-09 1.15199e-09 5.86172e-10 2.96314e-10 1.48866e-10 7.43543e-11 3.69337e-11 1.82504e-11 8.97364e-12 4.39159e-12 2.13958e-12 1.03796e-12 5.01492e-13 2.41355e-13 1.15726e-13 5.52914e-14 2.63269e-14 1.24944e-14 5.91106e-15 2.78804e-15 1.31119e-15 6.14913e-16 2.87599e-16 1.34161e-16 6.24271e-17 2.89776e-17 1.34194e-17 6.2003e-18 2.8585e-18 1.31504e-18 6.03729e-19 2.76615e-19 1.26493e-19 5.77353e-20 2.63039e-20 1.19627e-20 5.43108e-21 2.46159e-21 1.11387e-21 5.03228e-22 2.26999e-22 1.02242e-22 4.59829e-23 2.06511e-23 9.26156e-24 4.14796e-24 1.85528e-24 8.28749e-25 3.69732e-25 1.64746e-25 7.33197e-26 3.25922e-26 1.44713e-26 6.4182e-27 2.84341e-27 1.25835e-27 5.56291e-28 2.45673e-28 1.08386e-28 4.77705e-29 2.10343e-29 9.253e-30 4.06663e-30 1.78563e-30 7.83357e-31 3.43359e-31 1.50371e-31 6.57984e-32 2.87678e-32 1.25674e-32 5.48582e-33 2.39275e-33 1.04285e-33 4.54167e-34 1.97647e-34 8.59509e-35 3.73508e-35 1.62198e-35
1.29206e-05 2.36268e-05 2.88206e-05 2.8741e-05 2.52485e-05 2.02854e-05 1.52371e-05 1.08537e-05 7.40454e-06 4.87265e-06 3.10973e-06 1.93279e-06 1.1738e-06 6.98421e-07 4.08054e-07 2.34529e-07 1.3281e-07 7.41999e-08 4.09459e-08 2.23401e-08 1.20617e-08 6.44937e-09 3.41747e-09 1.79571e-09 9.36159e-10 4.8446e-10 2.48973e-10 1.27119e-10 6.45043e-11 3.25412e-11 1.63259e-11 8.14787e-12 4.04618e-12 1.99979e-12 9.83919e-13 4.82012e-13 2.35161e-13 1.14276e-13 5.53228e-14 2.66856e-14 1.28274e-14 6.14536e-15 2.93467e-15 1.39709e-15 6.63128e-16 3.13849e-16 1.48129e-16 6.97263e-17 3.27363e-17 1.53312e-17 7.16265e-18 3.33852e-18 1.55256e-18 7.20425e-19 3.33583e-19 1.54142e-19 7.10834e-20 3.27166e-20 1.50296e-20 6.89169e-21 3.15448e-21 1.44137e-21 6.57483e-22 2.99419e-22 1.36137e-22 6.18007e-23 2.80122e-23 1.26782e-23 5.72974e-24 2.58582e-24 1.16536e-24 5.24492e-25 2.35746e-25 1.05825e-25 4.74448e-26 2.12448e-26 9.50158e-27 4.24451e-27 1.89391e-27 8.44116e-28 3.75808e-28 1.67133e-28 7.42501e-29 3.29521e-29 1.46093e-29 6.47058e-30 2.86308e-30 1.26564e-30 5.58957e-31 2.46631e-31 1.08724e-31 4.78873e-32 2.10735e-32 9.26582e-33 4.07068e-33 1.78687e-33 7.83737e-34 3.43481e-34 1.50417e-34 6.582e-35 2.87802e-35
5.16823e-06 1.01219e-05 1.30241e-05 1.3592e-05 1.24307e-05 1.03583e-05 8.04632e-06 5.91365e-06 4.15453e-06 2.81081e-06 1.84172e-06 1.1738e-06 7.302e-07 4.44619e-07 2.65605e-07 1.55963e-07 9.01685e-08 5.13972e-08 2.89199e-08 1.60798e-08 8.84275e-09 4.81358e-09 2.59556e-09 1.38725e-09 7.35337e-10 3.86766e-10 2.0195e-10 1.04726e-10 5.39568e-11 2.76295e-11 1.40661e-11 7.12156e-12 3.58672e-12 1.79741e-12 8.96454e-13 4.45074e-13 2.20012e-13 1.08306e-13 5.3104e-14 2.59382e-14 1.26229e-14 6.12128e-15 2.95837e-15 1.4251e-15 6.84333e-16 3.27622e-16 1.56389e-16 7.44407e-17 3.53368e-17 1.67301e-17 7.90054e-18 3.7217e-18 1.74898e-18 8.20006e-19 3.83593e-19 1.7905e-19 8.33984e-20 3.87654e-20 1.7983e-20 8.32591e-21 3.84751e-21 1.77471e-21 8.17136e-22 3.75581e-22 1.72335e-22 7.89446e-23 3.61051e-23 1.64866e-23 7.51665e-24 3.42189e-24 1.5555e-24 7.0608e-25 3.20059e-25 1.44881e-25 6.54959e-26 2.95699e-26 1.33331e-26 6.00439e-27 2.7007e-27 1.21329e-27 5.44432e-28 2.4402e-28 1.09249e-28 4.88578e-29 2.18263e-29 9.74023e-30 4.34218e-30 1.93377e-30 8.60338e-31 3.82392e-31 1.69798e-31 7.53264e-32 3.33857e-32 1.47836e-32 6.54055e-33 2.89113e-33 1.27687e-33 5.63459e-34 2.48437e-34 1.0945e-34 4.81803e-35
2.06729e-06 4.31726e-06 5.84288e-06 6.36668e-06 6.05035e-06 5.22033e-06 4.18744e-06 3.17103e-06 2.29125e-06 1.59193e-06 1.06975e-06 6.98421e-07 4.44619e-07 2.76797e-07 1.68919e-07 1.01254e-07 5.97173e-08 3.4703e-08 1.98957e-08 1.12654e-08 6.30583e-09 3.4923e-09 1.91504e-09 1.04046e-09 5.60427e-10 2.99424e-10 1.58759e-10 8.35734e-11 4.36964e-11 2.27003e-11 1.17212e-11 6.01725e-12 3.0721e-12 1.56026e-12 7.88475e-13 3.96557e-13 1.98538e-13 9.89651e-14 4.91251e-14 2.42874e-14 1.19615e-14 5.86921e-15 2.86962e-15 1.39823e-15 6.79045e-16 3.28724e-16 1.58646e-16 7.63367e-17 3.66261e-17 1.75243e-17 8.36225e-18 3.97992e-18 1.88943e-18 8.94797e-19 4.22754e-19 1.99274e-19 9.37227e-20 4.3984e-20 2.05982e-20 9.62657e-21 4.49002e-21 2.09016e-21 9.71163e-22 4.50406e-22 2.08515e-22 9.63628e-23 4.44572e-23 2.04763e-23 9.41582e-24 4.32291e-24 1.98163e-24 9.07011e-25 4.14536e-25 1.89184e-25 8.62176e-26 3.92382e-26 1.78335e-26 8.0945e-27 3.6693e-27 1.66123e-27 7.51167e-28 3.39248e-28 1.53033e-28 6.89518e-29 3.10321e-29 1.39506e-29 6.26468e-30 2.81021e-30 1.25927e-30 5.63706e-31 2.52084e-31 1.12618e-31 5.02623e-32 2.2411e-32 9.98325e-33 4.44305e-33 1.97558e-33 8.77649e-34 3.89553e-34 1.72758e-34 7.6549e-35
8.26916e-07 1.8343e-06 2.60439e-06 2.9571e-06 2.91506e-06 2.60041e-06 2.15108e-06 1.67639e-06 1.24443e-06 8.86971e-07 6.10681e-07 4.08054e-07 2.65605e-07 1.68919e-07 1.05228e-07 6.4341e-08 3.86827e-08 2.29018e-08 1.33693e-08 7.70416e-09 4.38677e-09 2.47028e-09 1.37678e-09 7.59979e-10 4.1574e-10 2.25511e-10 1.21355e-10 6.48175e-11 3.43754e-11 1.81089e-11 9.47926e-12 4.93213e-12 2.55153e-12 1.31277e-12 6.71913e-13 3.42193e-13 1.73444e-13 8.75117e-14 4.39615e-14 2.19916e-14 1.0957e-14 5.43803e-15 2.68889e-15 1.32479e-15 6.50453e-16 3.183e-16 1.5526e-16 7.54968e-17 3.66009e-17 1.76926e-17 8.52845e-18 4.09981e-18 1.96566e-18 9.4003e-19 4.48431e-19 2.13403e-19 1.01319e-19 4.79944e-20 2.26845e-20 1.06988e-20 5.03537e-21 2.36507e-21 1.10865e-21 5.18688e-22 2.42214e-22 1.12901e-22 5.25312e-23 2.43994e-23 1.13136e-23 5.23723e-24 2.42045e-24 1.11687e-24 5.14559e-25 2.36707e-25 1.08728e-25 4.98707e-26 2.2842e-26 1.04477e-26 4.77218e-27 2.17689e-27 9.91728e-28 4.51227e-28 2.05048e-28 9.30647e-29 4.21885e-29 1.91026e-29 8.63954e-30 3.903e-30 1.76127e-30 7.93924e-31 3.57495e-31 1.60807e-31 7.22594e-32 3.24373e-32 1.45467e-32 6.51721e-33 2.91704e-33 1.30442e-33 5.82757e-34 2.60114e-34 1.15999e-34
3.30766e-07 7.76678e-07 1.15423e-06 1.36313e-06 1.39176e-06 1.2819e-06 1.09222e-06 8.75018e-07 6.66643e-07 4.86985e-07 3.43229e-07 2.34529e-07 1.55963e-07 1.01254e-07 6.4341e-08 4.01029e-08 2.45622e-08 1.48059e-08 8.79556e-09 5.15533e-09 2.9844e-09 1.70788e-09 9.66951e-10 5.4201e-10 3.00984e-10 1.65677e-10 9.04466e-11 4.89931e-11 2.63439e-11 1.40668e-11 7.46177e-12 3.93332e-12 2.06102e-12 1.07382e-12 5.56449e-13 2.86857e-13 1.47146e-13 7.51225e-14 3.81779e-14 1.93178e-14 9.73369e-15 4.88479e-15 2.44189e-15 1.21614e-15 6.03492e-16 2.98435e-16 1.47085e-16 7.22571e-17 3.53858e-17 1.72766e-17 8.41033e-18 4.08255e-18 1.9763e-18 9.54142e-19 4.59459e-19 2.20692e-19 1.05746e-19 5.05486e-20 2.41074e-20 1.14714e-20 5.44671e-21 2.58064e-21 1.22017e-21 5.75753e-22 2.71143e-22 1.27446e-22 5.97919e-23 2.80005e-23 1.30893e-23 6.10817e-24 2.84556e-24 1.32344e-24 6.14523e-25 2.84894e-25 1.31873e-25 6.09492e-26 2.81279e-26 1.29622e-26 5.96486e-27 2.74107e-27 1.2579e-27 5.76496e-28 2.63862e-28 1.20615e-28 5.50658e-29 2.51089e-29 1.14353e-29 5.20183e-30 2.36352e-30 1.07267e-30 4.86283e-31 2.20209e-31 9.96119e-32 4.50121e-32 2.03186e-32 9.16257e-33 4.12766e-33 1.85764e-33 8.35217e-34 3.75166e-34 1.6836e-34
1.32307e-07 3.27854e-07 5.08914e-07 6.24102e-07 6.59058e-07 6.26002e-07 5.48778e-07 4.51504e-07 3.52713e-07 2.63848e-07 1.90212e-07 1.3281e-07 9.01685e-08 5.97173e-08 3.86827e-08 2.45622e-08 1.53166e-08 9.39507e-09 5.67647e-09 3.38236e-09 1.98967e-09 1.15655e-09 6.64865e-10 3.78271e-10 2.13138e-10 1.19005e-10 6.5879e-11 3.61761e-11 1.97143e-11 1.0666e-11 5.73117e-12 3.05955e-12 1.62323e-12 8.56129e-13 4.49004e-13 2.3422e-13 1.21552e-13 6.27704e-14 3.22623e-14 1.65069e-14 8.40895e-15 4.26577e-15 2.15526e-15 1.08471e-15 5.43877e-16 2.71718e-16 1.35275e-16 6.71203e-17 3.3195e-17 1.63652e-17 8.04348e-18 3.94167e-18 1.92607e-18 9.38544e-19 4.56106e-19 2.21074e-19 1.06882e-19 5.15465e-20 2.47998e-20 1.19037e-20 5.70066e-21 2.724e-21 1.29883e-21 6.17993e-22 2.93444e-22 1.39059e-22 6.57698e-23 3.10476e-23 1.46293e-23 6.88068e-24 3.23051e-24 1.51412e-24 7.08457e-25 3.30941e-25 1.54343e-25 7.18678e-26 3.34127e-26 1.55107e-26 7.18967e-27 3.32779e-27 1.5381e-27 7.09923e-28 3.27224e-28 1.50625e-28 6.92439e-29 3.17912e-29 1.45776e-29 6.67618e-30 3.05382e-30 1.39522e-30 6.36698e-31 2.9022e-31 1.32139e-31 6.00973e-32 2.73028e-32 1.23907e-32 5.61733e-33 2.544e-33 1.15097e-33 5.20207e-34 2.3489e-34
5.29226e-08 1.38015e-07 2.23347e-07 2.83991e-07 3.09785e-07 3.03103e-07 2.73113e-07 2.30551e-07 1.84521e-07 1.41237e-07 1.04071e-07 7.41999e-08 5.13972e-08 3.4703e-08 2.29018e-08 1.48059e-08 9.39507e-09 5.86109e-09 3.59988e-09 2.17955e-09 1.30222e-09 7.68527e-10 4.48391e-10 2.58826e-10 1.47913e-10 8.37375e-11 4.69881e-11 2.61474e-11 1.44358e-11 7.9106e-12 4.30425e-12 2.32626e-12 1.24921e-12 6.66746e-13 3.53795e-13 1.86691e-13 9.79895e-14 5.11703e-14 2.65907e-14 1.37531e-14 7.08124e-15 3.63021e-15 1.85327e-15 9.42317e-16 4.77274e-16 2.40831e-16 1.21083e-16 6.06649e-17 3.02916e-17 1.5076e-17 7.47952e-18 3.69938e-18 1.82428e-18 8.97017e-19 4.39839e-19 2.15083e-19 1.04899e-19 5.10295e-20 2.47621e-20 1.19867e-20 5.78875e-21 2.78914e-21 1.34086e-21 6.43202e-22 3.07884e-22 1.47071e-22 7.01108e-23 3.33569e-23 1.58398e-23 7.50748e-24 3.55174e-24 1.67728e-24 7.90696e-25 3.72106e-25 1.74821e-25 8.19988e-26 3.83993e-26 1.79537e-26 8.38143e-27 3.90684e-27 1.81841e-27 8.45141e-28 3.92238e-28 1.81789e-28 8.4138e-29 3.88899e-29 1.79519e-29 8.27614e-30 3.81062e-30 1.75237e-30 8.04873e-31 3.69242e-31 1.69194e-31 7.74389e-32 3.54031e-32 1.61675e-32 7.3751e-33 3.36068e-33 1.52978e-33 6.95633e-34 3.16001e-34
2.11691e-08 5.79553e-08 9.76082e-08 1.28507e-07 1.44632e-07 1.45622e-07 1.34743e-07 1.16608e-07 9.55403e-08 7.47733e-08 5.62769e-08 4.09459e-08 2.89199e-08 1.98957e-08 1.33693e-08 8.79556e-09 5.67647e-09 3.59988e-09 2.24661e-09 1.3815e-09 8.37988e-10 5.019e-10 2.97077e-10 1.73912e-10 1.00764e-10 5.78185e-11 3.28748e-11 1.85318e-11 1.03618e-11 5.74917e-12 3.16663e-12 1.73208e-12 9.41164e-13 5.08186e-13 2.7275e-13 1.45549e-13 7.72434e-14 4.07777e-14 2.14184e-14 1.11955e-14 5.82465e-15 3.01682e-15 1.55579e-15 7.98996e-16 4.08691e-16 2.08239e-16 1.05707e-16 5.34657e-17 2.69481e-17 1.35366e-17 6.77748e-18 3.38258e-18 1.68303e-18 8.34903e-19 4.12974e-19 2.03698e-19 1.00199e-19 4.91571e-20 2.40539e-20 1.17407e-20 5.71661e-21 2.77683e-21 1.34571e-21 6.50683e-22 3.13929e-22 1.51133e-22 7.26064e-23 3.48098e-23 1.66556e-23 7.95375e-24 3.79101e-24 1.80355e-24 8.56468e-25 4.05995e-25 1.9212e-25 9.07581e-26 4.2803e-26 2.01536e-26 9.47412e-27 4.44677e-27 2.08394e-27 9.75151e-28 4.55638e-28 2.12589e-28 9.90486e-29 4.60842e-29 2.14124e-29 9.93571e-30 4.60429e-30 2.13093e-30 9.84976e-31 4.5472e-31 2.09669e-31 9.65617e-32 4.44186e-32 2.04091e-32 9.36679e-33 4.29411e-33 1.96643e-33 8.99533e-34 4.1105e-34
8.46762e-09 2.42819e-08 4.2494e-08 5.78538e-08 6.71089e-08 6.94647e-08 6.59488e-08 5.84636e-08 4.9002e-08 3.9187e-08 3.01063e-08 2.23401e-08 1.60798e-08 1.12654e-08 7.70416e-09 5.15533e-09 3.38236e-09 2.17955e-09 1.3815e-09 8.62451e-10 5.30904e-10 3.22577e-10 1.93631e-10 1.14918e-10 6.74816e-11 3.92325e-11 2.25956e-11 1.28988e-11 7.3019e-12 4.10083e-12 2.28578e-12 1.26499e-12 6.9531e-13 3.79705e-13 2.06073e-13 1.11178e-13 5.96419e-14 3.18217e-14 1.689e-14 8.91991e-15 4.68815e-15 2.45263e-15 1.2774e-15 6.62455e-16 3.42127e-16 1.75987e-16 9.01774e-17 4.60355e-17 2.34165e-17 1.18695e-17 5.99615e-18 3.01918e-18 1.51539e-18 7.58268e-19 3.78285e-19 1.88171e-19 9.33385e-20 4.61717e-20 2.27788e-20 1.12088e-20 5.50157e-21 2.69368e-21 1.31572e-21 6.41156e-22 3.11727e-22 1.51224e-22 7.32022e-23 3.53597e-23 1.70449e-23 8.19982e-24 3.93693e-24 1.88657e-24 9.02342e-25 4.30793e-25 2.05297e-25 9.76636e-26 4.63802e-26 2.19886e-26 1.04075e-26 4.91803e-27 2.32031e-27 1.09301e-27 5.14096e-28 2.41442e-28 1.13226e-28 5.30219e-29 2.47943e-29 1.15784e-29 5.39951e-30 2.51468e-30 1.16962e-30 5.43307e-31 2.52058e-31 1.16793e-31 5.40512e-32 2.49847e-32 1.15354e-32 5.31971e-33 2.45048e-33 1.12753e-33 5.18237e-34
3.38705e-09 1.01526e-08 1.8435e-08 2.5924e-08 3.09621e-08 3.29196e-08 3.20417e-08 2.90763e-08 2.49143e-08 2.03458e-08 1.59467e-08 1.20617e-08 8.84275e-09 6.30583e-09 4.38677e-09 2.9844e-09 1.98967e-09 1.30222e-09 8.37988e-10 5.30904e-10 3.31535e-10 2.04281e-10 1.2431e-10 7.47694e-11 4.44835e-11 2.6195e-11 1.52771e-11 8.82893e-12 5.05861e-12 2.8748e-12 1.62114e-12 9.07472e-13 5.0443e-13 2.78526e-13 1.52812e-13 8.33298e-14 4.51759e-14 2.43547e-14 1.30595e-14 6.96681e-15 3.69819e-15 1.95377e-15 1.02746e-15 5.37943e-16 2.80449e-16 1.45608e-16 7.52986e-17 3.879e-17 1.99084e-17 1.0181e-17 5.18836e-18 2.63513e-18 1.33399e-18 6.73163e-19 3.38648e-19 1.69854e-19 8.49451e-20 4.23615e-20 2.10672e-20 1.04491e-20 5.16918e-21 2.55069e-21 1.25551e-21 6.16504e-22 3.02015e-22 1.47613e-22 7.19865e-23 3.50289e-23 1.70089e-23 8.24179e-24 3.98549e-24 1.92344e-24 9.26468e-25 4.45406e-25 2.13734e-25 1.02377e-25 4.89501e-26 2.33641e-26 1.11328e-26 5.29579e-27 2.51504e-27 1.19251e-27 5.64543e-28 2.66846e-28 1.25941e-28 5.9351e-29 2.79291e-29 1.3124e-29 6.15834e-30 2.88579e-30 1.35045e-30 6.31126e-31 2.94569e-31 1.3731e-31 6.39249e-32 2.97236e-32 1.3804e-32 6.40308e-33 2.96663e-33 1.37289e-33 6.3462e-34
1.35482e-09 4.23701e-09 7.9718e-09 1.15664e-08 1.42103e-08 1.55065e-08 1.54623e-08 1.43533e-08 1.25654e-08 1.04725e-08 8.36929e-09 6.44937e-09 4.81358e-09 3.4923e-09 2.47028e-09 1.70788e-09 1.15655e-09 7.68527e-10 5.019e-10 3.22577e-10 2.04281e-10 1.27602e-10 7.86923e-11 4.79529e-11 2.88957e-11 1.72298e-11 1.01724e-11 5.94984e-12 3.44941e-12 1.9831e-12 1.13107e-12 6.40254e-13 3.59821e-13 2.00835e-13 1.11364e-13 6.13661e-14 3.3613e-14 1.83058e-14 9.9146e-15 5.34148e-15 2.8631e-15 1.52716e-15 8.10743e-16 4.28457e-16 2.25438e-16 1.18115e-16 6.16327e-17 3.2033e-17 1.65853e-17 8.55541e-18 4.39745e-18 2.25243e-18 1.14984e-18 5.85064e-19 2.96749e-19 1.5005e-19 7.56454e-20 3.80244e-20 1.90595e-20 9.52713e-21 4.74949e-21 2.36154e-21 1.17122e-21 5.79431e-22 2.85965e-22 1.40799e-22 6.91643e-23 3.38992e-23 1.65783e-23 8.09023e-24 3.93976e-24 1.91465e-24 9.28618e-25 4.49505e-25 2.17169e-25 1.04724e-25 5.0408e-26 2.42198e-26 1.16165e-26 5.56202e-27 2.65861e-27 1.2687e-27 6.04446e-28 2.87518e-28 1.36551e-28 6.47527e-29 3.06598e-29 1.44958e-29 6.8436e-30 3.22634e-30 1.51891e-30 7.14097e-31 3.35273e-31 1.57205e-31 7.36156e-32 3.44286e-32 1.60814e-32 7.50226e-33 3.4957e-33 1.62689e-33 7.56263e-34
5.41928e-10 1.76519e-09 3.43698e-09 5.14001e-09 6.49037e-09 7.26332e-09 7.41476e-09 7.03654e-09 6.28988e-09 5.34725e-09 4.35506e-09 3.41747e-09 2.59556e-09 1.91504e-09 1.37678e-09 9.66951e-10 6.64865e-10 4.48391e-10 2.97077e-10 1.93631e-10 1.2431e-10 7.86923e-11 4.91664e-11 3.0345e-11 1.8515e-11 1.11757e-11 6.67757e-12 3.95183e-12 2.31761e-12 1.34758e-12 7.77185e-13 4.44763e-13 2.52654e-13 1.42517e-13 7.98521e-14 4.44544e-14 2.45963e-14 1.3529e-14 7.39948e-15 4.02511e-15 2.17813e-15 1.17276e-15 6.28391e-16 3.35138e-16 1.77935e-16 9.40617e-17 4.95154e-17 2.59599e-17 1.35569e-17 7.05289e-18 3.65572e-18 1.88811e-18 9.71806e-19 4.98507e-19 2.54886e-19 1.29911e-19 6.60095e-20 3.34401e-20 1.68913e-20 8.50798e-21 4.27358e-21 2.14086e-21 1.06967e-21 5.33089e-22 2.65014e-22 1.31426e-22 6.5023e-23 3.20956e-23 1.58068e-23 7.76751e-24 3.80876e-24 1.86367e-24 9.10037e-25 4.43479e-25 2.1569e-25 1.04701e-25 5.07279e-26 2.45325e-26 1.18426e-26 5.7067e-27 2.74515e-27 1.31828e-27 6.32005e-28 3.02499e-28 1.44553e-28 6.89681e-29 3.28546e-29 1.56274e-29 7.42211e-30 3.51993e-30 1.66693e-30 7.88291e-31 3.72267e-31 1.75563e-31 8.26852e-32 3.88913e-32 1.82691e-32 8.57093e-33 4.01603e-33 1.87946e-33 8.78502e-34
2.16771e-10 7.34227e-10 1.47776e-09 2.27574e-09 2.95106e-09 3.38447e-09 3.53489e-09 3.4274e-09 3.12661e-09 2.70992e-09 2.24822e-09 1.79571e-09 1.38725e-09 1.04046e-09 7.59979e-10 5.4201e-10 3.78271e-10 2.58826e-10 1.73912e-10 1.14918e-10 7.47694e-11 4.79529e-11 3.0345e-11 1.89636e-11 1.17126e-11 7.15479e-12 4.3254e-12 2.58938e-12 1.5358e-12 9.02933e-13 5.26441e-13 3.04506e-13 1.74807e-13 9.96303e-14 5.6394e-14 3.17113e-14 1.77197e-14 9.84184e-15 5.43472e-15 2.98442e-15 1.63011e-15 8.85798e-16 4.78958e-16 2.57741e-16 1.38059e-16 7.36222e-17 3.90916e-17 2.06705e-17 1.0886e-17 5.71072e-18 2.98451e-18 1.55405e-18 8.0633e-19 4.16931e-19 2.14863e-19 1.10369e-19 5.65145e-20 2.88495e-20 1.46831e-20 7.45132e-21 3.77067e-21 1.90285e-21 9.57687e-22 4.80733e-22 2.40698e-22 1.20215e-22 5.98945e-23 2.97703e-23 1.47629e-23 7.30424e-24 3.60592e-24 1.7763e-24 8.73163e-25 4.28327e-25 2.09689e-25 1.0245e-25 4.99584e-26 2.43152e-26 1.18124e-26 5.72804e-27 2.77266e-27 1.33976e-27 6.46267e-28 3.11218e-28 1.49623e-28 7.18176e-29 3.44168e-29 1.64677e-29 7.8674e-30 3.75297e-30 1.78763e-30 8.50256e-31 4.03834e-31 1.91535e-31 9.07186e-32 4.29098e-32 2.02693e-32 9.56213e-33 4.50517e-33 2.11992e-33 9.96292e-34
8.67084e-11 3.04952e-10 6.3375e-10 1.00412e-09 1.33618e-09 1.5694e-09 1.67602e-09 1.65942e-09 1.54408e-09 1.36377e-09 1.15199e-09 9.36159e-10 7.35337e-10 5.60427e-10 4.1574e-10 3.00984e-10 2.13138e-10 1.47913e-10 1.00764e-10 6.74816e-11 4.44835e-11 2.88957e-11 1.8515e-11 1.17126e-11 7.32108e-12 4.5248e-12 2.767e-12 1.67519e-12 1.00461e-12 5.97075e-13 3.51844e-13 2.05658e-13 1.19284e-13 6.86778e-14 3.92636e-14 2.22966e-14 1.25801e-14 7.05416e-15 3.93214e-15 2.1794e-15 1.20134e-15 6.5872e-16 3.59361e-16 1.95089e-16 1.0541e-16 5.66956e-17 3.036e-17 1.61883e-17 8.59627e-18 4.54656e-18 2.39538e-18 1.2573e-18 6.57535e-19 3.42662e-19 1.77961e-19 9.21159e-20 4.75267e-20 2.44441e-20 1.25337e-20 6.40749e-21 3.26615e-21 1.66018e-21 8.41542e-22 4.25432e-22 2.14509e-22 1.07882e-22 5.41213e-23 2.7085e-23 1.35225e-23 6.73555e-24 3.34736e-24 1.65984e-24 8.21273e-25 4.05495e-25 1.99793e-25 9.82403e-26 4.82097e-26 2.36119e-26 1.15425e-26 5.63187e-27 2.7429e-27 1.33348e-27 6.47136e-28 3.13512e-28 1.51627e-28 7.3211e-29 3.52912e-29 1.69848e-29 8.16155e-30 3.91573e-30 1.87584e-30 8.97283e-31 4.28576e-31 2.0441e-31 9.73561e-32 4.63042e-32 2.1993e-32 1.04319e-32 4.94165e-33 2.33784e-33 1.1046e-33
3.46834e-11 1.26485e-10 2.71144e-10 4.4163e-10 6.02628e-10 7.24435e-10 7.90609e-10 7.98918e-10 7.57899e-10 6.8183e-10 5.86172e-10 4.8446e-10 3.86766e-10 2.99424e-10 2.25511e-10 1.65677e-10 1.19005e-10 8.37375e-11 5.78185e-11 3.92325e-11 2.6195e-11 1.72298e-11 1.11757e-11 7.15479e-12 4.5248e-12 2.82879e-12 1.74941e-12 1.07087e-12 6.49187e-13 3.89956e-13 2.32206e-13 1.37129e-13 8.03438e-14 4.672e-14 2.69728e-14 1.54653e-14 8.80902e-15 4.98599e-15 2.80505e-15 1.56891e-15 8.72613e-16 4.82729e-16 2.65661e-16 1.45471e-16 7.9273e-17 4.29979e-17 2.32172e-17 1.24818e-17 6.68207e-18 3.56263e-18 1.89195e-18 1.00087e-18 5.27513e-19 2.77023e-19 1.44969e-19 7.56052e-20 3.92996e-20 2.03622e-20 1.05172e-20 5.41559e-21 2.78036e-21 1.42331e-21 7.26558e-22 3.69867e-22 1.87782e-22 9.50879e-23 4.8027e-23 2.4197e-23 1.21612e-23 6.09761e-24 3.05021e-24 1.52234e-24 7.58098e-25 3.76698e-25 1.86783e-25 9.24215e-26 4.56376e-26 2.24907e-26 1.1062e-26 5.43038e-27 2.66079e-27 1.30133e-27 6.35306e-28 3.09604e-28 1.50617e-28 7.3148e-29 3.54652e-29 1.71668e-29 8.29612e-30 4.00288e-30 1.92839e-30 9.27585e-31 4.45513e-31 2.13662e-31 1.0232e-31 4.89305e-32 2.33662e-32 1.11429e-32 5.30665e-33 2.52385e-33 1.19877e-33
1.38734e-11 5.23959e-11 1.15749e-10 1.93655e-10 2.70795e-10 3.32978e-10 3.71159e-10 3.82606e-10 3.69879e-10 3.38792e-10 2.96314e-10 2.48973e-10 2.0195e-10 1.58759e-10 1.21355e-10 9.04466e-11 6.5879e-11 4.69881e-11 3.28748e-11 2.25956e-11 1.52771e-11 1.01724e-11 6.67757e-12 4.3254e-12 2.767e-12 1.74941e-12 1.09388e-12 6.76874e-13 4.14717e-13 2.51724e-13 1.51437e-13 9.03365e-14 5.34553e-14 3.13889e-14 1.82966e-14 1.05903e-14 6.08871e-15 3.47806e-15 1.97451e-15 1.11428e-15 6.25236e-16 3.489e-16 1.93665e-16 1.0695e-16 5.87709e-17 3.2142e-17 1.74978e-17 9.4832e-18 5.11745e-18 2.75003e-18 1.47185e-18 7.84664e-19 4.16726e-19 2.20502e-19 1.16256e-19 6.10805e-20 3.19829e-20 1.66917e-20 8.6834e-21 4.50322e-21 2.32828e-21 1.20021e-21 6.1692e-22 3.1621e-22 1.61633e-22 8.23983e-23 4.18959e-23 2.12478e-23 1.07491e-23 5.42467e-24 2.7311e-24 1.3718e-24 6.87471e-25 3.43755e-25 1.71513e-25 8.53917e-26 4.24256e-26 2.10354e-26 1.04088e-26 5.14043e-27 2.53373e-27 1.24653e-27 6.12124e-28 3.00046e-28 1.46813e-28 7.171e-29 3.49664e-29 1.70213e-29 8.27208e-30 4.01359e-30 1.94428e-30 9.40382e-31 4.54132e-31 2.1898e-31 1.05434e-31 5.069e-32 2.43355e-32 1.16667e-32 5.58533e-33 2.67029e-33 1.27492e-33
5.54934e-12 2.16791e-11 4.93099e-11 8.4679e-11 1.21265e-10 1.52438e-10 1.7346e-10 1.82323e-10 1.7954e-10 1.67367e-10 1.48866e-10 1.27119e-10 1.04726e-10 8.35734e-11 6.48175e-11 4.89931e-11 3.61761e-11 2.61474e-11 1.85318e-11 1.28988e-11 8.82893e-12 5.94984e-12 3.95183e-12 2.58938e-12 1.67519e-12 1.07087e-12 6.76874e-13 4.23305e-13 2.62072e-13 1.60708e-13 9.76594e-14 5.88355e-14 3.51555e-14 2.08419e-14 1.22638e-14 7.16471e-15 4.15708e-15 2.39617e-15 1.37246e-15 7.81352e-16 4.42237e-16 2.48898e-16 1.39327e-16 7.75849e-17 4.29864e-17 2.37012e-17 1.30066e-17 7.10529e-18 3.86443e-18 2.09284e-18 1.12873e-18 6.06326e-19 3.24438e-19 1.72948e-19 9.18564e-20 4.86133e-20 2.56387e-20 1.34764e-20 7.06038e-21 3.68719e-21 1.91961e-21 9.96361e-22 5.15629e-22 2.66077e-22 1.36917e-22 7.02618e-23 3.59599e-23 1.83562e-23 9.34631e-24 4.74695e-24 2.40508e-24 1.21566e-24 6.13028e-25 3.08432e-25 1.54835e-25 7.75587e-26 3.87671e-26 1.93369e-26 9.62541e-27 4.78166e-27 2.37073e-27 1.17313e-27 5.79415e-28 2.85644e-28 1.40563e-28 6.90459e-29 3.38567e-29 1.6573e-29 8.09889e-30 3.95119e-30 1.92452e-30 9.35881e-31 4.54397e-31 2.20281e-31 1.06625e-31 5.1534e-32 2.48707e-32 1.19855e-32 5.76774e-33 2.77172e-33 1.33013e-33
2.21974e-12 8.95992e-12 2.09655e-11 3.69299e-11 5.41284e-11 6.95237e-11 8.07227e-11 8.64757e-11 8.67062e-11 8.22301e-11 7.43543e-11 6.45043e-11 5.39568e-11 4.36964e-11 3.43754e-11 2.63439e-11 1.97143e-11 1.44358e-11 1.03618e-11 7.3019e-12 5.05861e-12 3.44941e-12 2.31761e-12 1.5358e-12 1.00461e-12 6.49187e-13 4.14717e-13 2.62072e-13 1.6392e-13 1.01534e-13 6.23129e-14 3.79072e-14 2.28679e-14 1.36854e-14 8.12769e-15 4.79185e-15 2.80542e-15 1.63146e-15 9.42665e-16 5.41312e-16 3.08994e-16 1.75373e-16 9.89863e-17 5.55742e-17 3.10412e-17 1.72522e-17 9.54262e-18 5.2538e-18 2.87956e-18 1.57141e-18 8.53925e-19 4.6214e-19 2.49118e-19 1.33771e-19 7.15637e-20 3.81457e-20 2.02611e-20 1.07247e-20 5.65791e-21 2.97517e-21 1.55951e-21 8.14933e-22 4.24568e-22 2.20544e-22 1.14235e-22 5.90047e-23 3.0394e-23 1.56146e-23 8.00098e-24 4.0893e-24 2.08484e-24 1.06033e-24 5.37991e-25 2.72331e-25 1.3754e-25 6.93097e-26 3.48505e-26 1.74861e-26 8.75527e-27 4.37474e-27 2.18153e-27 1.08571e-27 5.39292e-28 2.67368e-28 1.32308e-28 6.53539e-29 3.22238e-29 1.58605e-29 7.79304e-30 3.82261e-30 1.87192e-30 9.15176e-31 4.46707e-31 2.17698e-31 1.05928e-31 5.14638e-32 2.49655e-32 1.20931e-32 5.84931e-33 2.8252e-33 1.36265e-33
8.87894e-13 3.69928e-12 8.89779e-12 1.60657e-11 2.40874e-11 3.15959e-11 3.74154e-11 4.08343e-11 4.16725e-11 4.01924e-11 3.69337e-11 3.25412e-11 2.76295e-11 2.27003e-11 1.81089e-11 1.40668e-11 1.0666e-11 7.9106e-12 5.74917e-12 4.10083e-12 2.8748e-12 1.9831e-12 1.34758e-12 9.02933e-13 5.97075e-13 3.89956e-13 2.51724e-13 1.60708e-13 1.01534e-13 6.35158e-14 3.93607e-14 2.41742e-14 1.4721e-14 8.89165e-15 5.32903e-15 3.17015e-15 1.87247e-15 1.09845e-15 6.40164e-16 3.70735e-16 2.13403e-16 1.22123e-16 6.94948e-17 3.93321e-17 2.21445e-17 1.24047e-17 6.91482e-18 3.83636e-18 2.1187e-18 1.1649e-18 6.37741e-19 3.47686e-19 1.88787e-19 1.02106e-19 5.50139e-20 2.95313e-20 1.57953e-20 8.4188e-21 4.47188e-21 2.36748e-21 1.24933e-21 6.57199e-22 3.44653e-22 1.80204e-22 9.39458e-23 4.88371e-23 2.5317e-23 1.30886e-23 6.74865e-24 3.47067e-24 1.78036e-24 9.11007e-25 4.6503e-25 2.36815e-25 1.20317e-25 6.09892e-26 3.08469e-26 1.55676e-26 7.83978e-27 3.9398e-27 1.97584e-27 9.88904e-28 4.93967e-28 2.46264e-28 1.2254e-28 6.08614e-29 3.01726e-29 1.49315e-29 7.37606e-30 3.63743e-30 1.79071e-30 8.80091e-31 4.31834e-31 2.11546e-31 1.03467e-31 5.05269e-32 2.46363e-32 1.19942e-32 5.83075e-33 2.83036e-33 1.37194e-33
3.55158e-13 1.52584e-12 3.76974e-12 6.97278e-12 1.06882e-11 1.4311e-11 1.72766e-11 1.92016e-11 1.99375e-11 1.95492e-11 1.82504e-11 1.63259e-11 1.40661e-11 1.17212e-11 9.47926e-12 7.46177e-12 5.73117e-12 4.30425e-12 3.16663e-12 2.28578e-12 1.62114e-12 1.13107e-12 7.77185e-13 5.26441e-13 3.51844e-13 2.32206e-13 1.51437e-13 9.76594e-14 6.23129e-14 3.93607e-14 2.46256e-14 1.5267e-14 9.38316e-15 5.71932e-15 3.45859e-15 2.0757e-15 1.23673e-15 7.3175e-16 4.30078e-16 2.51155e-16 1.45765e-16 8.40973e-17 4.82414e-17 2.75205e-17 1.56161e-17 8.81561e-18 4.95184e-18 2.76813e-18 1.54021e-18 8.53121e-19 4.70476e-19 2.58357e-19 1.4129e-19 7.69598e-20 4.17569e-20 2.2571e-20 1.21557e-20 6.5231e-21 3.48834e-21 1.85914e-21 9.8758e-22 5.22921e-22 2.76019e-22 1.45249e-22 7.6207e-23 3.98668e-23 2.07966e-23 1.08186e-23 5.61267e-24 2.90414e-24 1.49879e-24 7.71552e-25 3.96198e-25 2.02958e-25 1.03722e-25 5.28843e-26 2.69026e-26 1.36551e-26 6.91585e-27 3.49517e-27 1.76271e-27 8.87154e-28 4.45597e-28 2.23371e-28 1.11755e-28 5.58063e-29 2.78155e-29 1.38386e-29 6.87252e-30 3.40699e-30 1.68606e-30 8.32972e-31 4.10829e-31 2.0229e-31 9.94453e-32 4.88092e-32 2.39188e-32 1.17032e-32 5.71762e-33 2.78918e-33 1.35863e-33
1.42063e-13 6.28786e-13 1.59454e-12 3.01961e-12 4.7297e-12 6.4614e-12 7.9489e-12 8.99346e-12 9.49764e-12 9.4645e-12 8.97364e-12 8.14787e-12 7.12156e-12 6.01725e-12 4.93213e-12 3.93332e-12 3.05955e-12 2.32626e-12 1.73208e-12 1.26499e-12 9.07472e-13 6.40254e-13 4.44763e-13 3.04506e-13 2.05658e-13 1.37129e-13 9.03365e-14 5.88355e-14 3.79072e-14 2.41742e-14 1.5267e-14 9.55281e-15 5.92478e-15 3.64379e-15 2.22298e-15 1.34577e-15 8.0872e-16 4.82559e-16 2.85989e-16 1.68388e-16 9.85238e-17 5.72984e-17 3.31292e-17 1.90474e-17 1.08918e-17 6.19564e-18 3.50646e-18 1.97479e-18 1.1069e-18 6.17589e-19 3.43046e-19 1.89726e-19 1.04491e-19 5.73139e-20 3.13128e-20 1.70417e-20 9.24014e-21 4.99187e-21 2.68726e-21 1.44164e-21 7.70809e-22 4.10784e-22 2.18219e-22 1.15564e-22 6.1014e-23 3.21181e-23 1.68583e-23 8.82366e-24 4.60558e-24 2.39744e-24 1.2447e-24 6.44556e-25 3.32935e-25 1.71548e-25 8.81784e-26 4.52179e-26 2.3134e-26 1.18088e-26 6.01443e-27 3.05658e-27 1.55006e-27 7.84425e-28 3.96152e-28 1.99662e-28 1.00432e-28 5.042e-29 2.52643e-29 1.26357e-29 6.30802e-30 3.14343e-30 1.56367e-30 7.76477e-31 3.84919e-31 1.90494e-31 9.41181e-32 4.64258e-32 2.2864e-32 1.12425e-32 5.51949e-33 2.70568e-33 1.32435e-33
5.68252e-14 2.58895e-13 6.73435e-13 1.30493e-12 2.08758e-12 2.90855e-12 3.64482e-12 4.19643e-12 4.50588e-12 4.56193e-12 4.39159e-12 4.04618e-12 3.58672e-12 3.0721e-12 2.55153e-12 2.06102e-12 1.62323e-12 1.24921e-12 9.41164e-13 6.9531e-13 5.0443e-13 3.59821e-13 2.52654e-13 1.74807e-13 1.19284e-13 8.03438e-14 5.34553e-14 3.51555e-14 2.28679e-14 1.4721e-14 9.38316e-15 5.92478e-15 3.70764e-15 2.3004e-15 1.41564e-15 8.64369e-16 5.23825e-16 3.15171e-16 1.88323e-16 1.11783e-16 6.59285e-17 3.86453e-17 2.25187e-17 1.30468e-17 7.51737e-18 4.30834e-18 2.45648e-18 1.39363e-18 7.86838e-19 4.4217e-19 2.47356e-19 1.37767e-19 7.6403e-20 4.21965e-20 2.32109e-20 1.27177e-20 6.94177e-21 3.77506e-21 2.04555e-21 1.10452e-21 5.94362e-22 3.18772e-22 1.70411e-22 9.08113e-23 4.82434e-23 2.5552e-23 1.34938e-23 7.10543e-24 3.731e-24 1.95374e-24 1.02033e-24 5.31465e-25 2.76116e-25 1.43092e-25 7.39723e-26 3.81484e-26 1.96271e-26 1.00747e-26 5.15972e-27 2.63666e-27 1.34442e-27 6.84055e-28 3.47325e-28 1.75991e-28 8.89954e-29 4.49145e-29 2.26236e-29 1.13739e-29 5.70748e-30 2.85878e-30 1.42933e-30 7.13369e-31 3.55417e-31 1.76773e-31 8.77737e-32 4.35103e-32 2.15334e-32 1.06399e-32 5.249e-33 2.58549e-33 1.27159e-33
