0.370227 0.02063 0.0134889 0.00949568 0.00703883 0.00540693 0.00425786 0.00341289 0.00277124 0.00227215 0.00187681 0.00155923 0.0013013 0.00109 0.000915676 0.000771042 0.000650478 0.000549584 0.000464872 0.000393541 0.000333326 0.000282376 0.00023917 0.00020245 0.000171168 0.00014445 0.000121561 0.00010188 8.48801e-05 7.01135e-05 5.97523e-05
0.02063 0.00260894 0.00158207 0.00102499 0.000698241 0.000494111 0.000360012 0.000268321 0.000203582 0.000156673 0.000121961 9.58303e-05 7.58789e-05 6.04659e-05 4.84417e-05 3.89829e-05 3.14894e-05 2.55165e-05 2.07301e-05 1.68763e-05 1.37602e-05 1.12306e-05 9.16966e-06 7.48459e-06 6.10209e-06 4.96393e-06 4.02369e-06 3.2443e-06 2.59624e-06 2.05628e-06 1.70947e-06
0.0134889 0.00158207 0.000919215 0.000576333 0.000383519 0.000267081 0.000192527 0.000142491 0.000107626 8.25945e-05 6.41888e-05 5.03923e-05 3.98881e-05 3.17879e-05 2.54753e-05 2.05121e-05 1.65806e-05 1.34465e-05 1.09341e-05 8.91032e-06 7.27304e-06 5.94321e-06 4.85914e-06 3.97238e-06 3.24461e-06 2.64541e-06 2.15056e-06 1.7408e-06 1.40092e-06 1.14688e-06 9.54118e-07
0.00949568 0.00102499 0.000576333 0.000352215 0.000230152 0.000158346 0.00011327 8.34405e-05 6.28528e-05 4.81646e-05 3.74074e-05 2.93637e-05 2.32481e-05 1.85353e-05 1.48633e-05 1.19761e-05 9.68832e-06 7.86378e-06 6.40048e-06 5.22116e-06 4.26657e-06 3.49089e-06 2.85832e-06 2.34077e-06 1.91599e-06 1.56634e-06 1.27779e-06 1.03924e-06 8.52816e-07 6.98215e-07 5.81078e-07
0.00703883 0.000698241 0.000383519 0.000230152 0.00014851 0.00010137 7.21801e-05 5.3041e-05 3.99085e-05 3.05714e-05 2.37457e-05 1.86462e-05 1.47699e-05 1.17825e-05 9.45413e-06 7.62252e-06 6.17055e-06 5.012e-06 4.08242e-06 3.33292e-06 2.72605e-06 2.23278e-06 1.83046e-06 1.50128e-06 1.23116e-06 1.00892e-06 8.25692e-07 6.78725e-07 5.57076e-07 4.5611e-07 3.79624e-07
0.00540693 0.000494111 0.000267081 0.000158346 0.00010137 6.88796e-05 4.89353e-05 3.59284e-05 2.70296e-05 2.07109e-05 1.60936e-05 1.26435e-05 1.002e-05 7.99707e-06 6.41962e-06 5.17814e-06 4.19358e-06 3.4077e-06 2.77694e-06 2.26828e-06 1.85635e-06 1.52151e-06 1.24843e-06 1.02503e-06 8.41775e-07 6.91087e-07 5.68651e-07 4.67509e-07 3.83748e-07 3.14203e-07 2.61483e-07
0.00425786 0.000360012 0.000192527 0.00011327 7.21801e-05 4.89353e-05 3.47391e-05 2.55056e-05 1.9195e-05 1.47145e-05 1.14392e-05 8.99041e-06 7.12726e-06 5.68989e-06 4.56854e-06 3.68574e-06 2.98544e-06 2.42637e-06 1.97763e-06 1.61573e-06 1.32268e-06 1.0845e-06 8.90291e-07 7.31461e-07 6.01224e-07 4.9487e-07 4.07219e-07 3.34798e-07 2.74815e-07 2.25008e-07 1.87209e-07
0.00341289 0.000268321 0.000142491 8.34405e-05 5.3041e-05 3.59284e-05 2.55056e-05 1.87334e-05 1.4105e-05 1.08171e-05 8.41198e-06 6.61269e-06 5.24298e-06 4.18587e-06 3.36097e-06 2.71144e-06 2.19617e-06 1.78483e-06 1.45469e-06 1.18848e-06 9.72961e-07 7.97844e-07 6.55097e-07 5.38399e-07 4.43026e-07 3.64632e-07 3.00029e-07 2.46657e-07 2.02454e-07 1.65756e-07 1.37869e-07
0.00277124 0.000203582 0.000107626 6.28528e-05 3.99085e-05 2.70296e-05 1.9195e-05 1.4105e-05 1.06244e-05 8.1501e-06 6.33894e-06 4.98327e-06 3.95088e-06 3.15394e-06 2.53201e-06 2.04231e-06 1.65388e-06 1.34385e-06 1.09507e-06 8.94536e-07 7.3223e-07 6.00396e-07 4.92973e-07 4.05302e-07 3.33449e-07 2.74404e-07 2.25757e-07 1.85576e-07 1.52306e-07 1.24691e-07 1.03678e-07
0.00227215 0.000156673 8.25945e-05 4.81646e-05 3.05714e-05 2.07109e-05 1.47145e-05 1.08171e-05 8.1501e-06 6.25287e-06 4.86331e-06 3.82281e-06 3.03028e-06 2.41846e-06 1.94103e-06 1.56518e-06 1.26712e-06 1.02929e-06 8.38516e-07 6.84785e-07 5.60408e-07 4.59423e-07 3.77218e-07 3.10056e-07 2.55032e-07 2.0983e-07 1.72601e-07 1.4186e-07 1.16415e-07 9.53013e-08 7.92144e-08
0.00187681 0.000121961 6.41888e-05 3.74074e-05 2.37457e-05 1.60936e-05 1.14392e-05 8.41198e-06 6.33894e-06 4.86331e-06 3.78206e-06 2.97224e-06 2.35538e-06 1.87923e-06 1.50773e-06 1.21535e-06 9.8356e-07 7.98673e-07 6.50423e-07 5.31008e-07 4.34435e-07 3.56079e-07 2.92277e-07 2.40172e-07 1.97499e-07 1.62457e-07 1.33607e-07 1.09793e-07 9.00889e-08 7.37449e-08 6.12759e-08
0.00155923 9.58303e-05 5.03923e-05 2.93637e-05 1.86462e-05 1.26435e-05 8.99041e-06 6.61269e-06 4.98327e-06 3.82281e-06 2.97224e-06 2.33513e-06 1.84986e-06 1.47535e-06 1.18323e-06 9.53404e-07 7.71271e-07 6.26051e-07 5.09656e-07 4.1594e-07 3.40193e-07 2.7874e-07 2.28723e-07 1.87892e-07 1.54467e-07 1.2703e-07 1.04449e-07 8.5818e-08 7.04074e-08 5.76299e-08 4.78697e-08
0.0013013 7.58789e-05 3.98881e-05 2.32481e-05 1.47699e-05 1.002e-05 7.12726e-06 5.24298e-06 3.95088e-06 3.03028e-06 2.35538e-06 1.84986e-06 1.46488e-06 1.16783e-06 9.36217e-07 7.54057e-07 6.09758e-07 4.94753e-07 4.02616e-07 3.28467e-07 2.68552e-07 2.19965e-07 1.80436e-07 1.48181e-07 1.21787e-07 1.0013e-07 8.23136e-08 6.76191e-08 5.54694e-08 4.53995e-08 3.76984e-08
0.00109 6.04659e-05 3.17879e-05 1.85353e-05 1.17825e-05 7.99707e-06 5.68989e-06 4.18587e-06 3.15394e-06 2.41846e-06 1.87923e-06 1.47535e-06 1.16783e-06 9.30631e-07 7.45744e-07 6.00393e-07 4.853e-07 3.93612e-07 3.20189e-07 2.61122e-07 2.13414e-07 1.74743e-07 1.43295e-07 1.17644e-07 9.66622e-08 7.94537e-08 6.53025e-08 5.36356e-08 4.39927e-08 3.60037e-08 2.9887e-08
0.000915676 4.84417e-05 2.54753e-05 1.48633e-05 9.45413e-06 6.41962e-06 4.56854e-06 3.36097e-06 2.53201e-06 1.94103e-06 1.50773e-06 1.18323e-06 9.36217e-07 7.45744e-07 5.97336e-07 4.8071e-07 3.88401e-07 3.14897e-07 2.56058e-07 2.08744e-07 1.70545e-07 1.39595e-07 1.14436e-07 9.39231e-08 7.71513e-08 6.34009e-08 5.20979e-08 4.27827e-08 3.50866e-08 2.87128e-08 2.38275e-08
0.000771042 3.89829e-05 2.05121e-05 1.19761e-05 7.62252e-06 5.17814e-06 3.68574e-06 2.71144e-06 2.04231e-06 1.56518e-06 1.21535e-06 9.53404e-07 7.54057e-07 6.00393e-07 4.8071e-07 3.86695e-07 3.12315e-07 2.53111e-07 2.05739e-07 1.67662e-07 1.36933e-07 1.12046e-07 9.18237e-08 7.53425e-08 6.18722e-08 5.08329e-08 4.17619e-08 3.4289e-08 2.81173e-08 2.3008e-08 1.90877e-08
0.000650478 3.14894e-05 1.65806e-05 9.68832e-06 6.17055e-06 4.19358e-06 2.98544e-06 2.19617e-06 1.65388e-06 1.26712e-06 9.8356e-07 7.71271e-07 6.09758e-07 4.853e-07 3.88401e-07 3.12315e-07 2.52143e-07 2.04267e-07 1.65976e-07 1.3521e-07 1.10392e-07 9.02999e-08 7.39801e-08 6.06845e-08 4.98221e-08 4.09233e-08 3.36139e-08 2.75945e-08 2.2625e-08 1.85124e-08 1.53538e-08
0.000549584 2.55165e-05 1.34465e-05 7.86378e-06 5.012e-06 3.4077e-06 2.42637e-06 1.78483e-06 1.34385e-06 1.02929e-06 7.98673e-07 6.26051e-07 4.94753e-07 3.93612e-07 3.14897e-07 2.53111e-07 2.04267e-07 1.65421e-07 1.34364e-07 1.09421e-07 8.93074e-08 7.303e-08 5.98139e-08 4.90509e-08 4.02608e-08 3.30623e-08 2.71517e-08 2.22859e-08 1.82702e-08 1.49482e-08 1.23944e-08
0.000464872 2.07301e-05 1.09341e-05 6.40048e-06 4.08242e-06 2.77694e-06 1.97763e-06 1.45469e-06 1.09507e-06 8.38516e-07 6.50423e-07 5.09656e-07 4.02616e-07 3.20189e-07 2.56058e-07 2.05739e-07 1.65976e-07 1.34364e-07 1.091e-07 8.8818e-08 7.2469e-08 5.92429e-08 4.85082e-08 3.97691e-08 3.26344e-08 2.67937e-08 2.19995e-08 1.80542e-08 1.47994e-08 1.21077e-08 1.00365e-08
0.000393541 1.68763e-05 8.91032e-06 5.22116e-06 3.33292e-06 2.26828e-06 1.61573e-06 1.18848e-06 8.94536e-07 6.84785e-07 5.31008e-07 4.1594e-07 3.28467e-07 2.61122e-07 2.08744e-07 1.67662e-07 1.3521e-07 1.09421e-07 8.8818e-08 7.22834e-08 5.89602e-08 4.81858e-08 3.94439e-08 3.23296e-08 2.65234e-08 2.17718e-08 1.7873e-08 1.46655e-08 1.20202e-08 9.83337e-09 8.14917e-09
0.000333326 1.37602e-05 7.27304e-06 4.26657e-06 2.72605e-06 1.85635e-06 1.32268e-06 9.72961e-07 7.3223e-07 5.60408e-07 4.34435e-07 3.40193e-07 2.68552e-07 2.13414e-07 1.70545e-07 1.36933e-07 1.10392e-07 8.93074e-08 7.2469e-08 5.89602e-08 4.80789e-08 3.92821e-08 3.21472e-08 2.63426e-08 2.16068e-08 1.77324e-08 1.45543e-08 1.19407e-08 9.78587e-09 8.00503e-09 6.63238e-09
0.000282376 1.12306e-05 5.94321e-06 3.49089e-06 2.23278e-06 1.52151e-06 1.0845e-06 7.97844e-07 6.00396e-07 4.59423e-07 3.56079e-07 2.7874e-07 2.19965e-07 1.74743e-07 1.39595e-07 1.12046e-07 9.02999e-08 7.303e-08 5.92429e-08 4.81858e-08 3.92821e-08 3.20864e-08 2.6252e-08 2.15068e-08 1.76366e-08 1.44713e-08 1.18758e-08 9.74179e-09 7.98296e-09 6.52984e-09 5.4089e-09
0.00023917 9.16966e-06 4.85914e-06 2.85832e-06 1.83046e-06 1.24843e-06 8.90291e-07 6.55097e-07 4.92973e-07 3.77218e-07 2.92277e-07 2.28723e-07 1.80436e-07 1.43295e-07 1.14436e-07 9.18237e-08 7.39801e-08 5.98139e-08 4.85082e-08 3.94439e-08 3.21472e-08 2.6252e-08 2.14734e-08 1.75881e-08 1.44202e-08 1.183e-08 9.70661e-09 7.96137e-09 6.52335e-09 5.33563e-09 4.41873e-09
0.00020245 7.48459e-06 3.97238e-06 2.34077e-06 1.50128e-06 1.02503e-06 7.31461e-07 5.38399e-07 4.05302e-07 3.10056e-07 2.40172e-07 1.87892e-07 1.48181e-07 1.17644e-07 9.39231e-08 7.53425e-08 6.06845e-08 4.90509e-08 3.97691e-08 3.23296e-08 2.63426e-08 2.15068e-08 1.75881e-08 1.44029e-08 1.18064e-08 9.68404e-09 7.94464e-09 6.5154e-09 5.33807e-09 4.36593e-09 3.61493e-09
0.000171168 6.10209e-06 3.24461e-06 1.91599e-06 1.23116e-06 8.41775e-07 6.01224e-07 4.43026e-07 3.33449e-07 2.55032e-07 1.97499e-07 1.54467e-07 1.21787e-07 9.66622e-08 7.71513e-08 6.18722e-08 4.98221e-08 4.02608e-08 3.26344e-08 2.65234e-08 2.16068e-08 1.76366e-08 1.44202e-08 1.18064e-08 9.67628e-09 7.93558e-09 6.50933e-09 5.33769e-09 4.3728e-09 3.57629e-09 2.96055e-09
0.00014445 4.96393e-06 2.64541e-06 1.56634e-06 1.00892e-06 6.91087e-07 4.9487e-07 3.64632e-07 2.74404e-07 2.0983e-07 1.62457e-07 1.2703e-07 1.0013e-07 7.94537e-08 6.34009e-08 5.08329e-08 4.09233e-08 3.30623e-08 2.67937e-08 2.17718e-08 1.77324e-08 1.44713e-08 1.183e-08 9.68404e-09 7.93558e-09 6.50709e-09 5.3369e-09 4.37584e-09 3.58455e-09 2.93149e-09 2.42635e-09
0.000121561 4.02369e-06 2.15056e-06 1.27779e-06 8.25692e-07 5.68651e-07 4.07219e-07 3.00029e-07 2.25757e-07 1.72601e-07 1.33607e-07 1.04449e-07 8.23136e-08 6.53025e-08 5.20979e-08 4.17619e-08 3.36139e-08 2.71517e-08 2.19995e-08 1.7873e-08 1.45543e-08 1.18758e-08 9.70661e-09 7.94464e-09 6.50933e-09 5.3369e-09 4.37668e-09 3.58821e-09 2.93915e-09 2.40359e-09 1.98911e-09
0.00010188 3.2443e-06 1.7408e-06 1.03924e-06 6.78725e-07 4.67509e-07 3.34798e-07 2.46657e-07 1.85576e-07 1.4186e-07 1.09793e-07 8.5818e-08 6.76191e-08 5.36356e-08 4.27827e-08 3.4289e-08 2.75945e-08 2.22859e-08 1.80542e-08 1.46655e-08 1.19407e-08 9.74179e-09 7.96137e-09 6.5154e-09 5.33769e-09 4.37584e-09 3.58821e-09 2.94156e-09 2.40934e-09 1.97026e-09 1.63031e-09
8.48801e-05 2.59624e-06 1.40092e-06 8.52816e-07 5.57076e-07 3.83748e-07 2.74815e-07 2.02454e-07 1.52306e-07 1.16415e-07 9.00889e-08 7.04074e-08 5.54694e-08 4.39927e-08 3.50866e-08 2.81173e-08 2.2625e-08 1.82702e-08 1.47994e-08 1.20202e-08 9.78587e-09 7.98296e-09 6.52335e-09 5.33807e-09 4.3728e-09 3.58455e-09 2.93915e-09 2.40934e-09 1.97334e-09 1.61368e-09 1.33513e-09
7.01135e-05 2.05628e-06 1.14688e-06 6.98215e-07 4.5611e-07 3.14203e-07 2.25008e-07 1.65756e-07 1.24691e-07 9.53013e-08 7.37449e-08 5.76299e-08 4.53995e-08 3.60037e-08 2.87128e-08 2.3008e-08 1.85124e-08 1.49482e-08 1.21077e-08 9.83337e-09 8.00503e-09 6.52984e-09 5.33563e-09 4.36593e-09 3.57629e-09 2.93149e-09 2.40359e-09 1.97026e-09 1.61368e-09 1.31955e-09 1.09172e-09
5.97523e-05 1.70947e-06 9.54118e-07 5.81078e-07 3.79624e-07 2.61483e-07 1.87209e-07 1.37869e-07 1.03678e-07 7.92144e-08 6.12759e-08 4.78697e-08 3.76984e-08 2.9887e-08 2.38275e-08 1.90877e-08 1.53538e-08 1.23944e-08 1.00365e-08 8.14917e-09 6.63238e-09 5.4089e-09 4.41873e-09 3.61493e-09 2.96055e-09 2.42635e-09 1.98911e-09 1.63031e-09 1.33513e-09 1.09172e-09 9.03036e-10
