0.854057 0.000126752 0.000122516 0.000118421 0.000114463 0.000110637 0.000106939 0.000103365 9.99106e-05 9.65713e-05 9.33437e-05 9.02239e-05 8.72084e-05 8.42937e-05 8.14764e-05 7.87532e-05 7.61211e-05 7.35769e-05 7.11178e-05 6.87409e-05 6.64434e-05 6.42227e-05 6.20762e-05 6.00015e-05 5.79961e-05 5.60577e-05 5.41841e-05 5.23731e-05 5.06227e-05 4.89308e-05 4.72954e-05 4.57147e-05 4.41868e-05 4.27099e-05 4.12825e-05 3.99027e-05 3.85691e-05 3.728e-05 3.6034e-05 3.48296e-05 3.36656e-05 3.25404e-05 3.14528e-05 3.04016e-05 2.93855e-05 2.84033e-05 2.7454e-05 2.65364e-05 2.56495e-05 2.47923e-05 2.39636e-05 2.31627e-05 2.23886e-05 2.16403e-05 2.0917e-05 2.02179e-05 1.95422e-05 1.8889e-05 1.82577e-05 1.76475e-05 1.70577e-05 1.64876e-05 1.59365e-05 1.54039e-05 1.4889e-05 1.43914e-05 1.39104e-05 1.34455e-05 1.29961e-05 1.25617e-05 1.21419e-05 1.17361e-05 1.13438e-05 1.09647e-05 1.05982e-05 1.0244e-05 9.90164e-06 9.5707e-06 9.25082e-06 8.94164e-06 8.64279e-06 8.35392e-06 8.07471e-06 7.80484e-06 7.54398e-06 7.29184e-06 7.04813e-06 6.81256e-06 6.58487e-06 6.36479e-06 6.15206e-06 5.94645e-06 5.7477e-06 5.5556e-06 5.36992e-06 5.19044e-06 5.01696e-06 4.84928e-06 4.68721e-06 4.53055e-06 4.37913e-06
0.000126752 1.54667e-05 1.50705e-05 1.46836e-05 1.43057e-05 1.39366e-05 1.35763e-05 1.32244e-05 1.2881e-05 1.25457e-05 1.22184e-05 1.1899e-05 1.15873e-05 1.12831e-05 1.09863e-05 1.06968e-05 1.04143e-05 1.01388e-05 9.87007e-06 9.60796e-06 9.35235e-06 9.1031e-06 8.86005e-06 8.62309e-06 8.39207e-06 8.16686e-06 7.94732e-06 7.73334e-06 7.52479e-06 7.32154e-06 7.12347e-06 6.93046e-06 6.74239e-06 6.55916e-06 6.38064e-06 6.20672e-06 6.03731e-06 5.87228e-06 5.71155e-06 5.55499e-06 5.40253e-06 5.25404e-06 5.10945e-06 4.96866e-06 4.83157e-06 4.69809e-06 4.56814e-06 4.44162e-06 4.31846e-06 4.19857e-06 4.08187e-06 3.96829e-06 3.85773e-06 3.75013e-06 3.64542e-06 3.54351e-06 3.44435e-06 3.34786e-06 3.25396e-06 3.16261e-06 3.07372e-06 2.98725e-06 2.90312e-06 2.82128e-06 2.74167e-06 2.66422e-06 2.58889e-06 2.51562e-06 2.44436e-06 2.37505e-06 2.30764e-06 2.24208e-06 2.17833e-06 2.11634e-06 2.05606e-06 1.99744e-06 1.94044e-06 1.88502e-06 1.83114e-06 1.77876e-06 1.72783e-06 1.67832e-06 1.63018e-06 1.5834e-06 1.53791e-06 1.4937e-06 1.45073e-06 1.40896e-06 1.36836e-06 1.3289e-06 1.29055e-06 1.25328e-06 1.21706e-06 1.18186e-06 1.14766e-06 1.11442e-06 1.08212e-06 1.05073e-06 1.02023e-06 9.90602e-07 9.61811e-07
0.000122516 1.50705e-05 1.46983e-05 1.43343e-05 1.39783e-05 1.36302e-05 1.32898e-05 1.29571e-05 1.26318e-05 1.2314e-05 1.20033e-05 1.16998e-05 1.14032e-05 1.11134e-05 1.08304e-05 1.0554e-05 1.0284e-05 1.00203e-05 9.76282e-06 9.51144e-06 9.26603e-06 9.02645e-06 8.7926e-06 8.56436e-06 8.34161e-06 8.12423e-06 7.91212e-06 7.70517e-06 7.50326e-06 7.30628e-06 7.11414e-06 6.92673e-06 6.74393e-06 6.56566e-06 6.39182e-06 6.2223e-06 6.057e-06 5.89585e-06 5.73873e-06 5.58557e-06 5.43626e-06 5.29073e-06 5.14888e-06 5.01064e-06 4.87591e-06 4.74462e-06 4.61668e-06 4.49203e-06 4.37057e-06 4.25224e-06 4.13696e-06 4.02465e-06 3.91526e-06 3.8087e-06 3.70491e-06 3.60383e-06 3.50538e-06 3.40951e-06 3.31614e-06 3.22523e-06 3.13671e-06 3.05051e-06 2.96659e-06 2.88489e-06 2.80535e-06 2.72791e-06 2.65254e-06 2.57916e-06 2.50774e-06 2.43823e-06 2.37057e-06 2.30473e-06 2.24064e-06 2.17828e-06 2.1176e-06 2.05854e-06 2.00108e-06 1.94517e-06 1.89077e-06 1.83784e-06 1.78635e-06 1.73626e-06 1.68752e-06 1.64011e-06 1.59399e-06 1.54913e-06 1.5055e-06 1.46306e-06 1.42177e-06 1.38163e-06 1.34258e-06 1.3046e-06 1.26767e-06 1.23176e-06 1.19683e-06 1.16287e-06 1.12985e-06 1.09774e-06 1.06652e-06 1.03616e-06 1.00665e-06
0.000118421 1.46836e-05 1.43343e-05 1.39922e-05 1.36572e-05 1.33291e-05 1.3008e-05 1.26936e-05 1.23859e-05 1.20848e-05 1.17902e-05 1.15019e-05 1.12199e-05 1.09441e-05 1.06744e-05 1.04106e-05 1.01527e-05 9.90055e-06 9.65405e-06 9.41311e-06 9.17762e-06 8.94749e-06 8.72261e-06 8.50289e-06 8.28824e-06 8.07854e-06 7.87372e-06 7.67366e-06 7.47829e-06 7.2875e-06 7.10121e-06 6.91933e-06 6.74176e-06 6.56841e-06 6.39921e-06 6.23406e-06 6.07287e-06 5.91558e-06 5.76209e-06 5.61232e-06 5.46619e-06 5.32363e-06 5.18456e-06 5.0489e-06 4.91657e-06 4.78751e-06 4.66164e-06 4.53889e-06 4.41919e-06 4.30247e-06 4.18867e-06 4.07771e-06 3.96954e-06 3.86409e-06 3.76129e-06 3.66109e-06 3.56343e-06 3.46825e-06 3.37548e-06 3.28508e-06 3.19698e-06 3.11114e-06 3.0275e-06 2.946e-06 2.8666e-06 2.78925e-06 2.7139e-06 2.64049e-06 2.56898e-06 2.49934e-06 2.4315e-06 2.36543e-06 2.30108e-06 2.23842e-06 2.17739e-06 2.11796e-06 2.0601e-06 2.00376e-06 1.9489e-06 1.89549e-06 1.84349e-06 1.79286e-06 1.74358e-06 1.6956e-06 1.6489e-06 1.60345e-06 1.5592e-06 1.51614e-06 1.47422e-06 1.43343e-06 1.39373e-06 1.35509e-06 1.31749e-06 1.28091e-06 1.2453e-06 1.21066e-06 1.17695e-06 1.14416e-06 1.11225e-06 1.08121e-06 1.051e-06
0.000114463 1.43057e-05 1.39783e-05 1.36572e-05 1.33422e-05 1.30334e-05 1.27307e-05 1.2434e-05 1.21432e-05 1.18582e-05 1.1579e-05 1.13055e-05 1.10377e-05 1.07753e-05 1.05184e-05 1.02669e-05 1.00207e-05 9.77976e-06 9.54391e-06 9.31312e-06 9.0873e-06 8.86637e-06 8.65026e-06 8.43887e-06 8.23213e-06 8.02996e-06 7.83228e-06 7.63901e-06 7.45006e-06 7.26537e-06 7.08485e-06 6.90842e-06 6.73602e-06 6.56755e-06 6.40295e-06 6.24215e-06 6.08506e-06 5.93162e-06 5.78175e-06 5.63539e-06 5.49245e-06 5.35288e-06 5.21661e-06 5.08356e-06 4.95367e-06 4.82687e-06 4.70311e-06 4.58231e-06 4.46442e-06 4.34936e-06 4.23709e-06 4.12753e-06 4.02064e-06 3.91636e-06 3.81462e-06 3.71537e-06 3.61856e-06 3.52413e-06 3.43202e-06 3.3422e-06 3.2546e-06 3.16918e-06 3.08588e-06 3.00466e-06 2.92547e-06 2.84827e-06 2.773e-06 2.69963e-06 2.6281e-06 2.55838e-06 2.49043e-06 2.4242e-06 2.35965e-06 2.29674e-06 2.23544e-06 2.17571e-06 2.1175e-06 2.06078e-06 2.00552e-06 1.95168e-06 1.89923e-06 1.84813e-06 1.79836e-06 1.74987e-06 1.70264e-06 1.65663e-06 1.61182e-06 1.56818e-06 1.52568e-06 1.48429e-06 1.44398e-06 1.40473e-06 1.36651e-06 1.32929e-06 1.29305e-06 1.25776e-06 1.22341e-06 1.18997e-06 1.1574e-06 1.12571e-06 1.09485e-06
0.000110637 1.39366e-05 1.36302e-05 1.33291e-05 1.30334e-05 1.27431e-05 1.24581e-05 1.21783e-05 1.19037e-05 1.16343e-05 1.137e-05 1.11107e-05 1.08564e-05 1.06071e-05 1.03627e-05 1.01231e-05 9.8882e-06 9.65806e-06 9.43256e-06 9.21164e-06 8.99523e-06 8.78327e-06 8.5757e-06 8.37245e-06 8.17346e-06 7.97866e-06 7.78798e-06 7.60136e-06 7.41874e-06 7.24004e-06 7.06521e-06 6.89418e-06 6.72687e-06 6.56324e-06 6.40321e-06 6.24672e-06 6.09371e-06 5.94411e-06 5.79786e-06 5.6549e-06 5.51517e-06 5.3786e-06 5.24514e-06 5.11473e-06 4.98731e-06 4.86281e-06 4.74119e-06 4.62239e-06 4.50634e-06 4.393e-06 4.2823e-06 4.17421e-06 4.06865e-06 3.96559e-06 3.86496e-06 3.76672e-06 3.67082e-06 3.5772e-06 3.48583e-06 3.39664e-06 3.3096e-06 3.22466e-06 3.14178e-06 3.0609e-06 2.98198e-06 2.90499e-06 2.82987e-06 2.7566e-06 2.68512e-06 2.61539e-06 2.54738e-06 2.48105e-06 2.41637e-06 2.35328e-06 2.29176e-06 2.23177e-06 2.17328e-06 2.11625e-06 2.06064e-06 2.00643e-06 1.95358e-06 1.90206e-06 1.85185e-06 1.80289e-06 1.75518e-06 1.70868e-06 1.66336e-06 1.61919e-06 1.57615e-06 1.5342e-06 1.49333e-06 1.4535e-06 1.41469e-06 1.37689e-06 1.34005e-06 1.30416e-06 1.2692e-06 1.23514e-06 1.20196e-06 1.16964e-06 1.13816e-06
0.000106939 1.35763e-05 1.32898e-05 1.3008e-05 1.27307e-05 1.24581e-05 1.219e-05 1.19265e-05 1.16675e-05 1.1413e-05 1.1163e-05 1.09175e-05 1.06763e-05 1.04396e-05 1.02072e-05 9.97906e-06 9.75522e-06 9.53559e-06 9.32013e-06 9.1088e-06 8.90155e-06 8.69834e-06 8.4991e-06 8.3038e-06 8.11238e-06 7.92479e-06 7.74097e-06 7.56089e-06 7.38447e-06 7.21168e-06 7.04245e-06 6.87673e-06 6.71448e-06 6.55562e-06 6.40012e-06 6.24791e-06 6.09895e-06 5.95317e-06 5.81053e-06 5.67098e-06 5.53445e-06 5.4009e-06 5.27027e-06 5.14252e-06 5.01759e-06 4.89543e-06 4.77598e-06 4.65921e-06 4.54505e-06 4.43346e-06 4.3244e-06 4.2178e-06 4.11363e-06 4.01184e-06 3.91238e-06 3.81521e-06 3.72027e-06 3.62753e-06 3.53694e-06 3.44846e-06 3.36204e-06 3.27764e-06 3.19522e-06 3.11475e-06 3.03617e-06 2.95945e-06 2.88455e-06 2.81143e-06 2.74005e-06 2.67038e-06 2.60238e-06 2.53601e-06 2.47124e-06 2.40803e-06 2.34635e-06 2.28617e-06 2.22744e-06 2.17015e-06 2.11426e-06 2.05973e-06 2.00654e-06 1.95465e-06 1.90404e-06 1.85468e-06 1.80653e-06 1.75958e-06 1.71379e-06 1.66914e-06 1.6256e-06 1.58315e-06 1.54175e-06 1.50139e-06 1.46204e-06 1.42368e-06 1.38629e-06 1.34984e-06 1.3143e-06 1.27966e-06 1.24591e-06 1.213e-06 1.18093e-06
0.000103365 1.32244e-05 1.29571e-05 1.26936e-05 1.2434e-05 1.21783e-05 1.19265e-05 1.16786e-05 1.14346e-05 1.11945e-05 1.09583e-05 1.07259e-05 1.04975e-05 1.02729e-05 1.00521e-05 9.8351e-06 9.62191e-06 9.41247e-06 9.20677e-06 9.00476e-06 8.80642e-06 8.61172e-06 8.42061e-06 8.23306e-06 8.04904e-06 7.86851e-06 7.69142e-06 7.51774e-06 7.34742e-06 7.18043e-06 7.01672e-06 6.85625e-06 6.69897e-06 6.54484e-06 6.39382e-06 6.24586e-06 6.10092e-06 5.95895e-06 5.81991e-06 5.68375e-06 5.55043e-06 5.4199e-06 5.29212e-06 5.16704e-06 5.04462e-06 4.92481e-06 4.80758e-06 4.69287e-06 4.58064e-06 4.47084e-06 4.36344e-06 4.2584e-06 4.15566e-06 4.05519e-06 3.95695e-06 3.86089e-06 3.76698e-06 3.67516e-06 3.58541e-06 3.49769e-06 3.41195e-06 3.32815e-06 3.24626e-06 3.16625e-06 3.08806e-06 3.01167e-06 2.93704e-06 2.86414e-06 2.79293e-06 2.72337e-06 2.65543e-06 2.58908e-06 2.52428e-06 2.46101e-06 2.39923e-06 2.3389e-06 2.28e-06 2.2225e-06 2.16637e-06 2.11158e-06 2.05809e-06 2.00589e-06 1.95494e-06 1.90521e-06 1.85668e-06 1.80933e-06 1.76312e-06 1.71803e-06 1.67404e-06 1.63111e-06 1.58924e-06 1.54839e-06 1.50854e-06 1.46967e-06 1.43175e-06 1.39477e-06 1.3587e-06 1.32352e-06 1.28922e-06 1.25576e-06 1.22313e-06
9.99106e-05 1.2881e-05 1.26318e-05 1.23859e-05 1.21432e-05 1.19037e-05 1.16675e-05 1.14346e-05 1.1205e-05 1.09787e-05 1.07557e-05 1.05361e-05 1.03199e-05 1.0107e-05 9.89747e-06 9.69127e-06 9.48839e-06 9.28885e-06 9.0926e-06 8.89966e-06 8.70998e-06 8.52356e-06 8.34038e-06 8.1604e-06 7.98361e-06 7.80997e-06 7.63947e-06 7.47207e-06 7.30774e-06 7.14645e-06 6.98816e-06 6.83286e-06 6.68049e-06 6.53104e-06 6.38445e-06 6.2407e-06 6.09975e-06 5.96157e-06 5.82611e-06 5.69334e-06 5.56322e-06 5.43572e-06 5.31079e-06 5.1884e-06 5.06851e-06 4.95108e-06 4.83608e-06 4.72346e-06 4.61318e-06 4.50522e-06 4.39953e-06 4.29607e-06 4.19481e-06 4.09571e-06 3.99873e-06 3.90384e-06 3.81099e-06 3.72016e-06 3.63131e-06 3.54439e-06 3.45938e-06 3.37624e-06 3.29493e-06 3.21543e-06 3.1377e-06 3.0617e-06 2.9874e-06 2.91476e-06 2.84377e-06 2.77438e-06 2.70656e-06 2.64028e-06 2.57552e-06 2.51223e-06 2.4504e-06 2.38998e-06 2.33096e-06 2.27331e-06 2.21699e-06 2.16198e-06 2.10825e-06 2.05578e-06 2.00453e-06 1.95449e-06 1.90562e-06 1.85791e-06 1.81133e-06 1.76584e-06 1.72144e-06 1.6781e-06 1.63578e-06 1.59448e-06 1.55417e-06 1.51482e-06 1.47643e-06 1.43895e-06 1.40238e-06 1.3667e-06 1.33188e-06 1.2979e-06 1.26475e-06
9.65713e-05 1.25457e-05 1.2314e-05 1.20848e-05 1.18582e-05 1.16343e-05 1.1413e-05 1.11945e-05 1.09787e-05 1.07657e-05 1.05555e-05 1.03482e-05 1.01437e-05 9.94215e-06 9.74346e-06 9.54767e-06 9.35479e-06 9.16482e-06 8.97776e-06 8.79361e-06 8.61236e-06 8.434e-06 8.25853e-06 8.08594e-06 7.91621e-06 7.74932e-06 7.58526e-06 7.42401e-06 7.26555e-06 7.10987e-06 6.95693e-06 6.80671e-06 6.65919e-06 6.51434e-06 6.37214e-06 6.23256e-06 6.09557e-06 5.96114e-06 5.82925e-06 5.69986e-06 5.57293e-06 5.44845e-06 5.32638e-06 5.20669e-06 5.08935e-06 4.97432e-06 4.86157e-06 4.75107e-06 4.64278e-06 4.53668e-06 4.43273e-06 4.3309e-06 4.23116e-06 4.13347e-06 4.0378e-06 3.94411e-06 3.85238e-06 3.76258e-06 3.67466e-06 3.58861e-06 3.50438e-06 3.42195e-06 3.34128e-06 3.26234e-06 3.18511e-06 3.10955e-06 3.03563e-06 2.96333e-06 2.8926e-06 2.82343e-06 2.75579e-06 2.68963e-06 2.62495e-06 2.56171e-06 2.49987e-06 2.43942e-06 2.38033e-06 2.32257e-06 2.26612e-06 2.21094e-06 2.15701e-06 2.10432e-06 2.05283e-06 2.00251e-06 1.95336e-06 1.90533e-06 1.85841e-06 1.81258e-06 1.76781e-06 1.72408e-06 1.68137e-06 1.63966e-06 1.59892e-06 1.55914e-06 1.52029e-06 1.48236e-06 1.44533e-06 1.40917e-06 1.37387e-06 1.33941e-06 1.30577e-06
9.33437e-05 1.22184e-05 1.20033e-05 1.17902e-05 1.1579e-05 1.137e-05 1.1163e-05 1.09583e-05 1.07557e-05 1.05555e-05 1.03576e-05 1.01621e-05 9.96901e-06 9.77835e-06 9.59014e-06 9.40442e-06 9.22121e-06 9.04052e-06 8.86236e-06 8.68675e-06 8.51368e-06 8.34318e-06 8.17522e-06 8.00983e-06 7.84698e-06 7.68669e-06 7.52894e-06 7.37372e-06 7.22102e-06 7.07083e-06 6.92314e-06 6.77793e-06 6.63519e-06 6.49489e-06 6.35703e-06 6.22157e-06 6.0885e-06 5.9578e-06 5.82945e-06 5.70342e-06 5.57969e-06 5.45823e-06 5.33902e-06 5.22203e-06 5.10724e-06 4.99462e-06 4.88414e-06 4.77579e-06 4.66952e-06 4.56531e-06 4.46313e-06 4.36296e-06 4.26477e-06 4.16852e-06 4.0742e-06 3.98177e-06 3.8912e-06 3.80247e-06 3.71554e-06 3.63039e-06 3.54699e-06 3.46532e-06 3.38533e-06 3.30702e-06 3.23034e-06 3.15527e-06 3.08178e-06 3.00985e-06 2.93945e-06 2.87055e-06 2.80313e-06 2.73715e-06 2.6726e-06 2.60945e-06 2.54767e-06 2.48723e-06 2.42812e-06 2.3703e-06 2.31375e-06 2.25846e-06 2.20438e-06 2.15151e-06 2.09982e-06 2.04928e-06 1.99987e-06 1.95158e-06 1.90437e-06 1.85823e-06 1.81313e-06 1.76906e-06 1.72599e-06 1.6839e-06 1.64278e-06 1.6026e-06 1.56335e-06 1.525e-06 1.48753e-06 1.45093e-06 1.41519e-06 1.38027e-06 1.34617e-06
9.02239e-05 1.1899e-05 1.16998e-05 1.15019e-05 1.13055e-05 1.11107e-05 1.09175e-05 1.07259e-05 1.05361e-05 1.03482e-05 1.01621e-05 9.97798e-06 9.79581e-06 9.61567e-06 9.43759e-06 9.2616e-06 9.08775e-06 8.91604e-06 8.74652e-06 8.57919e-06 8.41408e-06 8.2512e-06 8.09057e-06 7.93219e-06 7.77607e-06 7.62222e-06 7.47063e-06 7.32131e-06 7.17426e-06 7.02947e-06 6.88694e-06 6.74665e-06 6.60862e-06 6.47281e-06 6.33922e-06 6.20785e-06 6.07867e-06 5.95167e-06 5.82683e-06 5.70414e-06 5.58359e-06 5.46514e-06 5.34879e-06 5.23451e-06 5.12228e-06 5.01209e-06 4.9039e-06 4.7977e-06 4.69347e-06 4.59117e-06 4.4908e-06 4.39232e-06 4.29571e-06 4.20095e-06 4.10801e-06 4.01687e-06 3.9275e-06 3.83989e-06 3.75399e-06 3.66979e-06 3.58727e-06 3.50639e-06 3.42714e-06 3.34949e-06 3.27341e-06 3.19888e-06 3.12588e-06 3.05437e-06 2.98434e-06 2.91576e-06 2.84861e-06 2.78286e-06 2.71849e-06 2.65548e-06 2.59379e-06 2.53342e-06 2.47433e-06 2.4165e-06 2.35991e-06 2.30454e-06 2.25036e-06 2.19736e-06 2.14551e-06 2.09479e-06 2.04518e-06 1.99665e-06 1.94919e-06 1.90278e-06 1.8574e-06 1.81302e-06 1.76964e-06 1.72721e-06 1.68574e-06 1.6452e-06 1.60557e-06 1.56683e-06 1.52897e-06 1.49197e-06 1.45581e-06 1.42047e-06 1.38594e-06
8.72084e-05 1.15873e-05 1.14032e-05 1.12199e-05 1.10377e-05 1.08564e-05 1.06763e-05 1.04975e-05 1.03199e-05 1.01437e-05 9.96901e-06 9.79581e-06 9.62419e-06 9.4542e-06 9.28589e-06 9.11931e-06 8.95449e-06 8.79149e-06 8.63033e-06 8.47105e-06 8.31366e-06 8.15821e-06 8.0047e-06 7.85315e-06 7.70359e-06 7.55603e-06 7.41047e-06 7.26693e-06 7.1254e-06 6.98591e-06 6.84844e-06 6.71301e-06 6.5796e-06 6.44822e-06 6.31886e-06 6.19151e-06 6.06618e-06 5.94284e-06 5.8215e-06 5.70213e-06 5.58474e-06 5.4693e-06 5.3558e-06 5.24423e-06 5.13457e-06 5.0268e-06 4.92092e-06 4.81689e-06 4.71472e-06 4.61436e-06 4.51582e-06 4.41906e-06 4.32406e-06 4.23082e-06 4.1393e-06 4.04948e-06 3.96135e-06 3.87489e-06 3.79006e-06 3.70686e-06 3.62525e-06 3.54522e-06 3.46675e-06 3.3898e-06 3.31437e-06 3.24043e-06 3.16795e-06 3.09691e-06 3.0273e-06 2.95909e-06 2.89226e-06 2.82678e-06 2.76263e-06 2.6998e-06 2.63826e-06 2.57799e-06 2.51897e-06 2.46118e-06 2.40459e-06 2.34919e-06 2.29496e-06 2.24187e-06 2.1899e-06 2.13904e-06 2.08926e-06 2.04055e-06 1.99288e-06 1.94625e-06 1.90061e-06 1.85597e-06 1.8123e-06 1.76958e-06 1.7278e-06 1.68693e-06 1.64696e-06 1.60787e-06 1.56964e-06 1.53227e-06 1.49572e-06 1.45999e-06 1.42506e-06
8.42937e-05 1.12831e-05 1.11134e-05 1.09441e-05 1.07753e-05 1.06071e-05 1.04396e-05 1.02729e-05 1.0107e-05 9.94215e-06 9.77835e-06 9.61567e-06 9.4542e-06 9.29399e-06 9.13511e-06 8.97761e-06 8.82155e-06 8.66697e-06 8.51392e-06 8.36243e-06 8.21255e-06 8.0643e-06 7.91772e-06 7.77284e-06 7.62967e-06 7.48824e-06 7.34858e-06 7.21068e-06 7.07458e-06 6.94028e-06 6.80779e-06 6.67711e-06 6.54826e-06 6.42124e-06 6.29605e-06 6.17268e-06 6.05115e-06 5.93145e-06 5.81356e-06 5.6975e-06 5.58324e-06 5.4708e-06 5.36014e-06 5.25128e-06 5.14419e-06 5.03886e-06 4.93529e-06 4.83345e-06 4.73335e-06 4.63495e-06 4.53825e-06 4.44324e-06 4.34988e-06 4.25818e-06 4.16811e-06 4.07966e-06 3.9928e-06 3.90752e-06 3.82381e-06 3.74164e-06 3.66099e-06 3.58184e-06 3.50418e-06 3.42799e-06 3.35325e-06 3.27993e-06 3.20803e-06 3.13751e-06 3.06836e-06 3.00056e-06 2.93408e-06 2.86892e-06 2.80505e-06 2.74245e-06 2.6811e-06 2.62098e-06 2.56207e-06 2.50436e-06 2.44781e-06 2.39242e-06 2.33817e-06 2.28503e-06 2.23299e-06 2.18203e-06 2.13213e-06 2.08327e-06 2.03544e-06 1.98861e-06 1.94277e-06 1.8979e-06 1.85398e-06 1.811e-06 1.76893e-06 1.72777e-06 1.6875e-06 1.64809e-06 1.60954e-06 1.57182e-06 1.53492e-06 1.49883e-06 1.46353e-06
8.14764e-05 1.09863e-05 1.08304e-05 1.06744e-05 1.05184e-05 1.03627e-05 1.02072e-05 1.00521e-05 9.89747e-06 9.74346e-06 9.59014e-06 9.43759e-06 9.28589e-06 9.13511e-06 8.98532e-06 8.8366e-06 8.68899e-06 8.54256e-06 8.39736e-06 8.25344e-06 8.11083e-06 7.96959e-06 7.82976e-06 7.69136e-06 7.55442e-06 7.41899e-06 7.28507e-06 7.15271e-06 7.02191e-06 6.89269e-06 6.76508e-06 6.63909e-06 6.51472e-06 6.39199e-06 6.2709e-06 6.15147e-06 6.0337e-06 5.91758e-06 5.80313e-06 5.69034e-06 5.57921e-06 5.46974e-06 5.36192e-06 5.25576e-06 5.15123e-06 5.04835e-06 4.94709e-06 4.84746e-06 4.74944e-06 4.65302e-06 4.55819e-06 4.46493e-06 4.37325e-06 4.28312e-06 4.19453e-06 4.10746e-06 4.02191e-06 3.93785e-06 3.85528e-06 3.77418e-06 3.69452e-06 3.6163e-06 3.5395e-06 3.4641e-06 3.39008e-06 3.31744e-06 3.24614e-06 3.17618e-06 3.10753e-06 3.04019e-06 2.97412e-06 2.90932e-06 2.84576e-06 2.78343e-06 2.72231e-06 2.66238e-06 2.60363e-06 2.54603e-06 2.48958e-06 2.43424e-06 2.38001e-06 2.32687e-06 2.2748e-06 2.22377e-06 2.17379e-06 2.12482e-06 2.07685e-06 2.02987e-06 1.98386e-06 1.93879e-06 1.89467e-06 1.85146e-06 1.80915e-06 1.76773e-06 1.72718e-06 1.68749e-06 1.64863e-06 1.61061e-06 1.57339e-06 1.53697e-06 1.50132e-06
7.87532e-05 1.06968e-05 1.0554e-05 1.04106e-05 1.02669e-05 1.01231e-05 9.97906e-06 9.8351e-06 9.69127e-06 9.54767e-06 9.40442e-06 9.2616e-06 9.11931e-06 8.97761e-06 8.8366e-06 8.69634e-06 8.55691e-06 8.41836e-06 8.28076e-06 8.14417e-06 8.00863e-06 7.8742e-06 7.74091e-06 7.60882e-06 7.47796e-06 7.34837e-06 7.22008e-06 7.09311e-06 6.9675e-06 6.84327e-06 6.72045e-06 6.59904e-06 6.47908e-06 6.36058e-06 6.24354e-06 6.12799e-06 6.01392e-06 5.90136e-06 5.79031e-06 5.68076e-06 5.57273e-06 5.46622e-06 5.36123e-06 5.25775e-06 5.1558e-06 5.05535e-06 4.95642e-06 4.85899e-06 4.76307e-06 4.66863e-06 4.57569e-06 4.48422e-06 4.39422e-06 4.30568e-06 4.2186e-06 4.13295e-06 4.04873e-06 3.96593e-06 3.88453e-06 3.80453e-06 3.7259e-06 3.64864e-06 3.57273e-06 3.49816e-06 3.42491e-06 3.35297e-06 3.28233e-06 3.21296e-06 3.14486e-06 3.07801e-06 3.01239e-06 2.94798e-06 2.88478e-06 2.82276e-06 2.76191e-06 2.70222e-06 2.64366e-06 2.58622e-06 2.52989e-06 2.47465e-06 2.42049e-06 2.36738e-06 2.31531e-06 2.26426e-06 2.21423e-06 2.16519e-06 2.11713e-06 2.07003e-06 2.02388e-06 1.97866e-06 1.93436e-06 1.89095e-06 1.84844e-06 1.80679e-06 1.766e-06 1.72606e-06 1.68693e-06 1.64863e-06 1.61112e-06 1.57439e-06 1.53844e-06
7.61211e-05 1.04143e-05 1.0284e-05 1.01527e-05 1.00207e-05 9.8882e-06 9.75522e-06 9.62191e-06 9.48839e-06 9.35479e-06 9.22121e-06 9.08775e-06 8.95449e-06 8.82155e-06 8.68899e-06 8.55691e-06 8.42536e-06 8.29444e-06 8.1642e-06 8.03471e-06 7.90603e-06 7.7782e-06 7.65129e-06 7.52534e-06 7.4004e-06 7.2765e-06 7.15369e-06 7.032e-06 6.91147e-06 6.79212e-06 6.67399e-06 6.5571e-06 6.44146e-06 6.32711e-06 6.21406e-06 6.10233e-06 5.99193e-06 5.88288e-06 5.77519e-06 5.66886e-06 5.56391e-06 5.46034e-06 5.35815e-06 5.25736e-06 5.15796e-06 5.05996e-06 4.96335e-06 4.86813e-06 4.77431e-06 4.68188e-06 4.59083e-06 4.50116e-06 4.41287e-06 4.32595e-06 4.24039e-06 4.15618e-06 4.07332e-06 3.9918e-06 3.91161e-06 3.83274e-06 3.75517e-06 3.6789e-06 3.60392e-06 3.53022e-06 3.45777e-06 3.38658e-06 3.31662e-06 3.24789e-06 3.18037e-06 3.11404e-06 3.04891e-06 2.98494e-06 2.92213e-06 2.86046e-06 2.79993e-06 2.7405e-06 2.68218e-06 2.62494e-06 2.56878e-06 2.51367e-06 2.4596e-06 2.40656e-06 2.35454e-06 2.30351e-06 2.25346e-06 2.20439e-06 2.15627e-06 2.10909e-06 2.06283e-06 2.01749e-06 1.97305e-06 1.92948e-06 1.88679e-06 1.84495e-06 1.80395e-06 1.76378e-06 1.72443e-06 1.68587e-06 1.6481e-06 1.6111e-06 1.57486e-06
7.35769e-05 1.01388e-05 1.00203e-05 9.90055e-06 9.77976e-06 9.65806e-06 9.53559e-06 9.41247e-06 9.28885e-06 9.16482e-06 9.04052e-06 8.91604e-06 8.79149e-06 8.66697e-06 8.54256e-06 8.41836e-06 8.29444e-06 8.17089e-06 8.04777e-06 7.92516e-06 7.80312e-06 7.68171e-06 7.56099e-06 7.44101e-06 7.32183e-06 7.20348e-06 7.08603e-06 6.96949e-06 6.85393e-06 6.73936e-06 6.62582e-06 6.51335e-06 6.40197e-06 6.2917e-06 6.18258e-06 6.07461e-06 5.96783e-06 5.86225e-06 5.75788e-06 5.65473e-06 5.55283e-06 5.45218e-06 5.35279e-06 5.25467e-06 5.15782e-06 5.06225e-06 4.96796e-06 4.87496e-06 4.78324e-06 4.69282e-06 4.60368e-06 4.51582e-06 4.42926e-06 4.34397e-06 4.25995e-06 4.17721e-06 4.09574e-06 4.01553e-06 3.93657e-06 3.85886e-06 3.78238e-06 3.70714e-06 3.63311e-06 3.5603e-06 3.4887e-06 3.41828e-06 3.34905e-06 3.28098e-06 3.21408e-06 3.14833e-06 3.08371e-06 3.02022e-06 2.95784e-06 2.89656e-06 2.83637e-06 2.77726e-06 2.71921e-06 2.6622e-06 2.60624e-06 2.5513e-06 2.49737e-06 2.44444e-06 2.39249e-06 2.34151e-06 2.29149e-06 2.24242e-06 2.19427e-06 2.14704e-06 2.10072e-06 2.05529e-06 2.01074e-06 1.96705e-06 1.92421e-06 1.88221e-06 1.84103e-06 1.80067e-06 1.76111e-06 1.72233e-06 1.68433e-06 1.64708e-06 1.61059e-06
7.11178e-05 9.87007e-06 9.76282e-06 9.65405e-06 9.54391e-06 9.43256e-06 9.32013e-06 9.20677e-06 9.0926e-06 8.97776e-06 8.86236e-06 8.74652e-06 8.63033e-06 8.51392e-06 8.39736e-06 8.28076e-06 8.1642e-06 8.04777e-06 7.93154e-06 7.81559e-06 7.69999e-06 7.58481e-06 7.4701e-06 7.35593e-06 7.24236e-06 7.12942e-06 7.01718e-06 6.90568e-06 6.79497e-06 6.68508e-06 6.57604e-06 6.46791e-06 6.3607e-06 6.25445e-06 6.14918e-06 6.04493e-06 5.94171e-06 5.83955e-06 5.73847e-06 5.63847e-06 5.53959e-06 5.44184e-06 5.34522e-06 5.24975e-06 5.15544e-06 5.0623e-06 4.97033e-06 4.87954e-06 4.78994e-06 4.70153e-06 4.61431e-06 4.52828e-06 4.44345e-06 4.35981e-06 4.27736e-06 4.19611e-06 4.11604e-06 4.03716e-06 3.95946e-06 3.88293e-06 3.80757e-06 3.73338e-06 3.66035e-06 3.58846e-06 3.51772e-06 3.44812e-06 3.37964e-06 3.31228e-06 3.24603e-06 3.18088e-06 3.11682e-06 3.05384e-06 2.99192e-06 2.93107e-06 2.87126e-06 2.81249e-06 2.75475e-06 2.69802e-06 2.64229e-06 2.58755e-06 2.53379e-06 2.481e-06 2.42917e-06 2.37828e-06 2.32832e-06 2.27927e-06 2.23114e-06 2.1839e-06 2.13754e-06 2.09205e-06 2.04742e-06 2.00364e-06 1.96068e-06 1.91855e-06 1.87723e-06 1.8367e-06 1.79696e-06 1.75799e-06 1.71979e-06 1.68233e-06 1.64561e-06
6.87409e-05 9.60796e-06 9.51144e-06 9.41311e-06 9.31312e-06 9.21164e-06 9.1088e-06 9.00476e-06 8.89966e-06 8.79361e-06 8.68675e-06 8.57919e-06 8.47105e-06 8.36243e-06 8.25344e-06 8.14417e-06 8.03471e-06 7.92516e-06 7.81559e-06 7.70609e-06 7.59674e-06 7.48759e-06 7.37872e-06 7.2702e-06 7.16207e-06 7.05441e-06 6.94726e-06 6.84067e-06 6.7347e-06 6.62938e-06 6.52476e-06 6.42087e-06 6.31775e-06 6.21545e-06 6.11398e-06 6.01338e-06 5.91367e-06 5.81489e-06 5.71705e-06 5.62017e-06 5.52428e-06 5.4294e-06 5.33553e-06 5.2427e-06 5.15092e-06 5.06019e-06 4.97054e-06 4.88196e-06 4.79448e-06 4.70808e-06 4.62278e-06 4.53859e-06 4.45551e-06 4.37353e-06 4.29267e-06 4.21292e-06 4.13427e-06 4.05674e-06 3.98032e-06 3.90501e-06 3.83079e-06 3.75768e-06 3.68566e-06 3.61474e-06 3.54489e-06 3.47613e-06 3.40844e-06 3.34181e-06 3.27625e-06 3.21173e-06 3.14826e-06 3.08582e-06 3.0244e-06 2.96401e-06 2.90462e-06 2.84623e-06 2.78882e-06 2.7324e-06 2.67694e-06 2.62244e-06 2.56889e-06 2.51628e-06 2.46459e-06 2.41381e-06 2.36395e-06 2.31497e-06 2.26688e-06 2.21965e-06 2.17329e-06 2.12778e-06 2.0831e-06 2.03925e-06 1.99622e-06 1.95398e-06 1.91254e-06 1.87188e-06 1.83199e-06 1.79286e-06 1.75448e-06 1.71683e-06 1.67991e-06
6.64434e-05 9.35235e-06 9.26603e-06 9.17762e-06 9.0873e-06 8.99523e-06 8.90155e-06 8.80642e-06 8.70998e-06 8.61236e-06 8.51368e-06 8.41408e-06 8.31366e-06 8.21255e-06 8.11083e-06 8.00863e-06 7.90603e-06 7.80312e-06 7.69999e-06 7.59674e-06 7.49342e-06 7.39013e-06 7.28693e-06 7.18389e-06 7.08107e-06 6.97854e-06 6.87635e-06 6.77456e-06 6.67321e-06 6.57236e-06 6.47205e-06 6.37233e-06 6.27323e-06 6.17479e-06 6.07706e-06 5.98005e-06 5.8838e-06 5.78835e-06 5.69371e-06 5.59992e-06 5.50699e-06 5.41495e-06 5.32381e-06 5.2336e-06 5.14433e-06 5.05601e-06 4.96866e-06 4.88229e-06 4.79692e-06 4.71254e-06 4.62918e-06 4.54683e-06 4.4655e-06 4.3852e-06 4.30593e-06 4.22769e-06 4.1505e-06 4.07434e-06 3.99922e-06 3.92513e-06 3.85209e-06 3.78008e-06 3.7091e-06 3.63916e-06 3.57024e-06 3.50235e-06 3.43547e-06 3.36961e-06 3.30476e-06 3.24091e-06 3.17805e-06 3.11619e-06 3.05531e-06 2.9954e-06 2.93646e-06 2.87848e-06 2.82145e-06 2.76536e-06 2.71021e-06 2.65598e-06 2.60267e-06 2.55026e-06 2.49875e-06 2.44813e-06 2.39839e-06 2.34951e-06 2.30149e-06 2.25432e-06 2.20798e-06 2.16247e-06 2.11778e-06 2.07389e-06 2.0308e-06 1.9885e-06 1.94697e-06 1.90621e-06 1.8662e-06 1.82693e-06 1.78839e-06 1.75058e-06 1.71348e-06
6.42227e-05 9.1031e-06 9.02645e-06 8.94749e-06 8.86637e-06 8.78327e-06 8.69834e-06 8.61172e-06 8.52356e-06 8.434e-06 8.34318e-06 8.2512e-06 8.15821e-06 8.0643e-06 7.96959e-06 7.8742e-06 7.7782e-06 7.68171e-06 7.58481e-06 7.48759e-06 7.39013e-06 7.29251e-06 7.19481e-06 7.0971e-06 6.99944e-06 6.9019e-06 6.80455e-06 6.70743e-06 6.6106e-06 6.51412e-06 6.41803e-06 6.32239e-06 6.22722e-06 6.13258e-06 6.03851e-06 5.94504e-06 5.8522e-06 5.76002e-06 5.66855e-06 5.5778e-06 5.48779e-06 5.39857e-06 5.31013e-06 5.22252e-06 5.13575e-06 5.04982e-06 4.96477e-06 4.88061e-06 4.79734e-06 4.71498e-06 4.63355e-06 4.55305e-06 4.47348e-06 4.39487e-06 4.3172e-06 4.2405e-06 4.16476e-06 4.08999e-06 4.01619e-06 3.94336e-06 3.8715e-06 3.80062e-06 3.73071e-06 3.66177e-06 3.5938e-06 3.52681e-06 3.46077e-06 3.39571e-06 3.3316e-06 3.26844e-06 3.20624e-06 3.14498e-06 3.08465e-06 3.02527e-06 2.96681e-06 2.90927e-06 2.85264e-06 2.79693e-06 2.74211e-06 2.68818e-06 2.63514e-06 2.58297e-06 2.53167e-06 2.48123e-06 2.43164e-06 2.38289e-06 2.33498e-06 2.28788e-06 2.2416e-06 2.19613e-06 2.15145e-06 2.10756e-06 2.06445e-06 2.0221e-06 1.98051e-06 1.93967e-06 1.89956e-06 1.86019e-06 1.82153e-06 1.78358e-06 1.74633e-06
6.20762e-05 8.86005e-06 8.7926e-06 8.72261e-06 8.65026e-06 8.5757e-06 8.4991e-06 8.42061e-06 8.34038e-06 8.25853e-06 8.17522e-06 8.09057e-06 8.0047e-06 7.91772e-06 7.82976e-06 7.74091e-06 7.65129e-06 7.56099e-06 7.4701e-06 7.37872e-06 7.28693e-06 7.19481e-06 7.10245e-06 7.00991e-06 6.91726e-06 6.82458e-06 6.73193e-06 6.63937e-06 6.54695e-06 6.45474e-06 6.36278e-06 6.27112e-06 6.17982e-06 6.08891e-06 5.99843e-06 5.90843e-06 5.81894e-06 5.73e-06 5.64164e-06 5.55389e-06 5.46678e-06 5.38034e-06 5.29459e-06 5.20955e-06 5.12525e-06 5.04171e-06 4.95894e-06 4.87697e-06 4.79581e-06 4.71547e-06 4.63597e-06 4.55731e-06 4.47952e-06 4.40259e-06 4.32655e-06 4.25139e-06 4.17712e-06 4.10375e-06 4.03129e-06 3.95973e-06 3.88908e-06 3.81934e-06 3.75052e-06 3.68261e-06 3.61562e-06 3.54954e-06 3.48438e-06 3.42013e-06 3.35679e-06 3.29435e-06 3.23283e-06 3.1722e-06 3.11247e-06 3.05363e-06 2.99568e-06 2.93861e-06 2.88242e-06 2.8271e-06 2.77265e-06 2.71906e-06 2.66631e-06 2.61442e-06 2.56336e-06 2.51313e-06 2.46372e-06 2.41513e-06 2.36735e-06 2.32036e-06 2.27417e-06 2.22876e-06 2.18413e-06 2.14026e-06 2.09714e-06 2.05478e-06 2.01316e-06 1.97226e-06 1.93209e-06 1.89263e-06 1.85388e-06 1.81582e-06 1.77844e-06
6.00015e-05 8.62309e-06 8.56436e-06 8.50289e-06 8.43887e-06 8.37245e-06 8.3038e-06 8.23306e-06 8.1604e-06 8.08594e-06 8.00983e-06 7.93219e-06 7.85315e-06 7.77284e-06 7.69136e-06 7.60882e-06 7.52534e-06 7.44101e-06 7.35593e-06 7.2702e-06 7.18389e-06 7.0971e-06 7.00991e-06 6.92239e-06 6.83462e-06 6.74666e-06 6.65859e-06 6.57047e-06 6.48236e-06 6.39431e-06 6.30638e-06 6.21863e-06 6.1311e-06 6.04384e-06 5.9569e-06 5.87031e-06 5.78412e-06 5.69836e-06 5.61307e-06 5.52828e-06 5.44403e-06 5.36034e-06 5.27724e-06 5.19476e-06 5.11291e-06 5.03174e-06 4.95124e-06 4.87145e-06 4.79239e-06 4.71406e-06 4.63649e-06 4.55969e-06 4.48367e-06 4.40844e-06 4.33402e-06 4.26041e-06 4.18763e-06 4.11567e-06 4.04456e-06 3.97429e-06 3.90486e-06 3.83629e-06 3.76858e-06 3.70172e-06 3.63572e-06 3.57059e-06 3.50632e-06 3.44291e-06 3.38036e-06 3.31868e-06 3.25785e-06 3.19789e-06 3.13877e-06 3.08051e-06 3.0231e-06 2.96653e-06 2.9108e-06 2.85591e-06 2.80185e-06 2.74862e-06 2.6962e-06 2.64461e-06 2.59381e-06 2.54383e-06 2.49463e-06 2.44623e-06 2.39861e-06 2.35176e-06 2.30568e-06 2.26036e-06 2.2158e-06 2.17198e-06 2.1289e-06 2.08654e-06 2.04491e-06 2.00399e-06 1.96378e-06 1.92426e-06 1.88544e-06 1.84729e-06 1.80981e-06
5.79961e-05 8.39207e-06 8.34161e-06 8.28824e-06 8.23213e-06 8.17346e-06 8.11238e-06 8.04904e-06 7.98361e-06 7.91621e-06 7.84698e-06 7.77607e-06 7.70359e-06 7.62967e-06 7.55442e-06 7.47796e-06 7.4004e-06 7.32183e-06 7.24236e-06 7.16207e-06 7.08107e-06 6.99944e-06 6.91726e-06 6.83462e-06 6.75157e-06 6.66821e-06 6.5846e-06 6.50081e-06 6.41689e-06 6.33291e-06 6.24893e-06 6.16499e-06 6.08116e-06 5.99748e-06 5.914e-06 5.83077e-06 5.74781e-06 5.66519e-06 5.58292e-06 5.50105e-06 5.41962e-06 5.33865e-06 5.25817e-06 5.17822e-06 5.09881e-06 5.01998e-06 4.94174e-06 4.86413e-06 4.78715e-06 4.71083e-06 4.63519e-06 4.56023e-06 4.48599e-06 4.41246e-06 4.33967e-06 4.26762e-06 4.19633e-06 4.12581e-06 4.05605e-06 3.98708e-06 3.9189e-06 3.85151e-06 3.78492e-06 3.71913e-06 3.65415e-06 3.58999e-06 3.52663e-06 3.46409e-06 3.40236e-06 3.34144e-06 3.28135e-06 3.22206e-06 3.16359e-06 3.10594e-06 3.04909e-06 2.99305e-06 2.93781e-06 2.88337e-06 2.82973e-06 2.77688e-06 2.72483e-06 2.67355e-06 2.62306e-06 2.57334e-06 2.52439e-06 2.4762e-06 2.42876e-06 2.38208e-06 2.33614e-06 2.29094e-06 2.24647e-06 2.20273e-06 2.1597e-06 2.11739e-06 2.07577e-06 2.03486e-06 1.99463e-06 1.95508e-06 1.9162e-06 1.87799e-06 1.84044e-06
5.60577e-05 8.16686e-06 8.12423e-06 8.07854e-06 8.02996e-06 7.97866e-06 7.92479e-06 7.86851e-06 7.80997e-06 7.74932e-06 7.68669e-06 7.62222e-06 7.55603e-06 7.48824e-06 7.41899e-06 7.34837e-06 7.2765e-06 7.20348e-06 7.12942e-06 7.05441e-06 6.97854e-06 6.9019e-06 6.82458e-06 6.74666e-06 6.66821e-06 6.58932e-06 6.51004e-06 6.43046e-06 6.35063e-06 6.27062e-06 6.19049e-06 6.11029e-06 6.03008e-06 5.94991e-06 5.86982e-06 5.78987e-06 5.7101e-06 5.63055e-06 5.55127e-06 5.47228e-06 5.39362e-06 5.31534e-06 5.23746e-06 5.16e-06 5.08301e-06 5.00651e-06 4.93051e-06 4.85505e-06 4.78015e-06 4.70583e-06 4.63211e-06 4.55901e-06 4.48654e-06 4.41471e-06 4.34356e-06 4.27308e-06 4.20328e-06 4.13419e-06 4.06582e-06 3.99816e-06 3.93123e-06 3.86504e-06 3.79959e-06 3.73489e-06 3.67095e-06 3.60776e-06 3.54534e-06 3.48368e-06 3.4228e-06 3.36268e-06 3.30333e-06 3.24476e-06 3.18695e-06 3.12992e-06 3.07366e-06 3.01817e-06 2.96345e-06 2.90949e-06 2.8563e-06 2.80387e-06 2.75219e-06 2.70127e-06 2.6511e-06 2.60167e-06 2.55299e-06 2.50504e-06 2.45782e-06 2.41133e-06 2.36556e-06 2.3205e-06 2.27616e-06 2.23251e-06 2.18957e-06 2.14731e-06 2.10574e-06 2.06485e-06 2.02463e-06 1.98507e-06 1.94617e-06 1.90793e-06 1.87032e-06
5.41841e-05 7.94732e-06 7.91212e-06 7.87372e-06 7.83228e-06 7.78798e-06 7.74097e-06 7.69142e-06 7.63947e-06 7.58526e-06 7.52894e-06 7.47063e-06 7.41047e-06 7.34858e-06 7.28507e-06 7.22008e-06 7.15369e-06 7.08603e-06 7.01718e-06 6.94726e-06 6.87635e-06 6.80455e-06 6.73193e-06 6.65859e-06 6.5846e-06 6.51004e-06 6.43499e-06 6.35951e-06 6.28366e-06 6.20752e-06 6.13115e-06 6.0546e-06 5.97793e-06 5.90119e-06 5.82443e-06 5.74771e-06 5.67106e-06 5.59454e-06 5.51818e-06 5.44203e-06 5.36612e-06 5.29049e-06 5.21516e-06 5.14019e-06 5.06558e-06 4.99138e-06 4.91761e-06 4.8443e-06 4.77147e-06 4.69914e-06 4.62733e-06 4.55607e-06 4.48537e-06 4.41525e-06 4.34573e-06 4.27682e-06 4.20854e-06 4.14089e-06 4.0739e-06 4.00756e-06 3.9419e-06 3.87692e-06 3.81263e-06 3.74903e-06 3.68614e-06 3.62396e-06 3.56249e-06 3.50174e-06 3.44171e-06 3.38241e-06 3.32383e-06 3.26599e-06 3.20888e-06 3.1525e-06 3.09685e-06 3.04193e-06 2.98775e-06 2.9343e-06 2.88158e-06 2.82959e-06 2.77832e-06 2.72777e-06 2.67795e-06 2.62884e-06 2.58045e-06 2.53277e-06 2.48579e-06 2.43951e-06 2.39394e-06 2.34905e-06 2.30485e-06 2.26133e-06 2.21849e-06 2.17633e-06 2.13482e-06 2.09398e-06 2.05379e-06 2.01425e-06 1.97535e-06 1.93709e-06 1.89945e-06
5.23731e-05 7.73334e-06 7.70517e-06 7.67366e-06 7.63901e-06 7.60136e-06 7.56089e-06 7.51774e-06 7.47207e-06 7.42401e-06 7.37372e-06 7.32131e-06 7.26693e-06 7.21068e-06 7.15271e-06 7.09311e-06 7.032e-06 6.96949e-06 6.90568e-06 6.84067e-06 6.77456e-06 6.70743e-06 6.63937e-06 6.57047e-06 6.50081e-06 6.43046e-06 6.35951e-06 6.28801e-06 6.21605e-06 6.14368e-06 6.07098e-06 5.99799e-06 5.92478e-06 5.8514e-06 5.77791e-06 5.70435e-06 5.63077e-06 5.55722e-06 5.48375e-06 5.41039e-06 5.33718e-06 5.26416e-06 5.19137e-06 5.11883e-06 5.0466e-06 4.97468e-06 4.90311e-06 4.83193e-06 4.76115e-06 4.6908e-06 4.6209e-06 4.55148e-06 4.48255e-06 4.41413e-06 4.34625e-06 4.27891e-06 4.21214e-06 4.14594e-06 4.08034e-06 4.01534e-06 3.95095e-06 3.88719e-06 3.82407e-06 3.76159e-06 3.69977e-06 3.6386e-06 3.5781e-06 3.51828e-06 3.45913e-06 3.40066e-06 3.34288e-06 3.28579e-06 3.22939e-06 3.17368e-06 3.11867e-06 3.06435e-06 3.01073e-06 2.95781e-06 2.90558e-06 2.85405e-06 2.80321e-06 2.75307e-06 2.70362e-06 2.65486e-06 2.60678e-06 2.55939e-06 2.51268e-06 2.46664e-06 2.42128e-06 2.37659e-06 2.33256e-06 2.28919e-06 2.24648e-06 2.20442e-06 2.16301e-06 2.12224e-06 2.08211e-06 2.04261e-06 2.00373e-06 1.96547e-06 1.92783e-06
5.06227e-05 7.52479e-06 7.50326e-06 7.47829e-06 7.45006e-06 7.41874e-06 7.38447e-06 7.34742e-06 7.30774e-06 7.26555e-06 7.22102e-06 7.17426e-06 7.1254e-06 7.07458e-06 7.02191e-06 6.9675e-06 6.91147e-06 6.85393e-06 6.79497e-06 6.7347e-06 6.67321e-06 6.6106e-06 6.54695e-06 6.48236e-06 6.41689e-06 6.35063e-06 6.28366e-06 6.21605e-06 6.14787e-06 6.07918e-06 6.01005e-06 5.94054e-06 5.87072e-06 5.80063e-06 5.73033e-06 5.65987e-06 5.5893e-06 5.51867e-06 5.44803e-06 5.37741e-06 5.30687e-06 5.23643e-06 5.16613e-06 5.09601e-06 5.02611e-06 4.95646e-06 4.88708e-06 4.818e-06 4.74926e-06 4.68088e-06 4.61288e-06 4.54528e-06 4.47812e-06 4.4114e-06 4.34515e-06 4.27939e-06 4.21413e-06 4.14939e-06 4.08518e-06 4.02152e-06 3.95843e-06 3.8959e-06 3.83396e-06 3.77261e-06 3.71187e-06 3.65174e-06 3.59222e-06 3.53334e-06 3.47509e-06 3.41747e-06 3.3605e-06 3.30418e-06 3.24851e-06 3.1935e-06 3.13914e-06 3.08544e-06 3.03241e-06 2.98003e-06 2.92833e-06 2.87728e-06 2.8269e-06 2.77718e-06 2.72812e-06 2.67973e-06 2.63199e-06 2.58491e-06 2.53849e-06 2.49272e-06 2.4476e-06 2.40312e-06 2.35929e-06 2.3161e-06 2.27354e-06 2.23161e-06 2.19032e-06 2.14964e-06 2.10958e-06 2.07014e-06 2.03131e-06 1.99308e-06 1.95545e-06
4.89308e-05 7.32154e-06 7.30628e-06 7.2875e-06 7.26537e-06 7.24004e-06 7.21168e-06 7.18043e-06 7.14645e-06 7.10987e-06 7.07083e-06 7.02947e-06 6.98591e-06 6.94028e-06 6.89269e-06 6.84327e-06 6.79212e-06 6.73936e-06 6.68508e-06 6.62938e-06 6.57236e-06 6.51412e-06 6.45474e-06 6.39431e-06 6.33291e-06 6.27062e-06 6.20752e-06 6.14368e-06 6.07918e-06 6.01407e-06 5.94844e-06 5.88232e-06 5.8158e-06 5.74893e-06 5.68175e-06 5.61433e-06 5.54672e-06 5.47896e-06 5.4111e-06 5.34318e-06 5.27525e-06 5.20735e-06 5.13952e-06 5.07179e-06 5.0042e-06 4.93678e-06 4.86956e-06 4.80258e-06 4.73586e-06 4.66943e-06 4.60332e-06 4.53755e-06 4.47214e-06 4.40712e-06 4.3425e-06 4.27832e-06 4.21457e-06 4.15129e-06 4.08848e-06 4.02617e-06 3.96437e-06 3.90308e-06 3.84233e-06 3.78213e-06 3.72248e-06 3.66339e-06 3.60488e-06 3.54695e-06 3.48961e-06 3.43287e-06 3.37673e-06 3.32119e-06 3.26627e-06 3.21197e-06 3.15829e-06 3.10523e-06 3.0528e-06 3.001e-06 2.94983e-06 2.89929e-06 2.84939e-06 2.80012e-06 2.75148e-06 2.70347e-06 2.6561e-06 2.60935e-06 2.56324e-06 2.51776e-06 2.4729e-06 2.42866e-06 2.38504e-06 2.34205e-06 2.29967e-06 2.2579e-06 2.21673e-06 2.17618e-06 2.13622e-06 2.09686e-06 2.05809e-06 2.01991e-06 1.98231e-06
4.72954e-05 7.12347e-06 7.11414e-06 7.10121e-06 7.08485e-06 7.06521e-06 7.04245e-06 7.01672e-06 6.98816e-06 6.95693e-06 6.92314e-06 6.88694e-06 6.84844e-06 6.80779e-06 6.76508e-06 6.72045e-06 6.67399e-06 6.62582e-06 6.57604e-06 6.52476e-06 6.47205e-06 6.41803e-06 6.36278e-06 6.30638e-06 6.24893e-06 6.19049e-06 6.13115e-06 6.07098e-06 6.01005e-06 5.94844e-06 5.8862e-06 5.8234e-06 5.76011e-06 5.69637e-06 5.63226e-06 5.56781e-06 5.50309e-06 5.43815e-06 5.37302e-06 5.30776e-06 5.24241e-06 5.17701e-06 5.1116e-06 5.04623e-06 4.98092e-06 4.91571e-06 4.85063e-06 4.78572e-06 4.72101e-06 4.65652e-06 4.59228e-06 4.52832e-06 4.46467e-06 4.40133e-06 4.33835e-06 4.27573e-06 4.2135e-06 4.15168e-06 4.09028e-06 4.02932e-06 3.96882e-06 3.90878e-06 3.84923e-06 3.79018e-06 3.73163e-06 3.6736e-06 3.6161e-06 3.55914e-06 3.50273e-06 3.44687e-06 3.39158e-06 3.33685e-06 3.2827e-06 3.22913e-06 3.17614e-06 3.12374e-06 3.07193e-06 3.02072e-06 2.97011e-06 2.9201e-06 2.87069e-06 2.82189e-06 2.77369e-06 2.72609e-06 2.6791e-06 2.63272e-06 2.58694e-06 2.54176e-06 2.49718e-06 2.45321e-06 2.40983e-06 2.36705e-06 2.32487e-06 2.28327e-06 2.24227e-06 2.20185e-06 2.16201e-06 2.12276e-06 2.08407e-06 2.04596e-06 2.00842e-06
4.57147e-05 6.93046e-06 6.92673e-06 6.91933e-06 6.90842e-06 6.89418e-06 6.87673e-06 6.85625e-06 6.83286e-06 6.80671e-06 6.77793e-06 6.74665e-06 6.71301e-06 6.67711e-06 6.63909e-06 6.59904e-06 6.5571e-06 6.51335e-06 6.46791e-06 6.42087e-06 6.37233e-06 6.32239e-06 6.27112e-06 6.21863e-06 6.16499e-06 6.11029e-06 6.0546e-06 5.99799e-06 5.94054e-06 5.88232e-06 5.8234e-06 5.76384e-06 5.70369e-06 5.64303e-06 5.58191e-06 5.52037e-06 5.45849e-06 5.3963e-06 5.33386e-06 5.27121e-06 5.20839e-06 5.14546e-06 5.08244e-06 5.01938e-06 4.95633e-06 4.8933e-06 4.83034e-06 4.76749e-06 4.70476e-06 4.6422e-06 4.57982e-06 4.51766e-06 4.45575e-06 4.3941e-06 4.33274e-06 4.27169e-06 4.21097e-06 4.15061e-06 4.09062e-06 4.03101e-06 3.97181e-06 3.91303e-06 3.85469e-06 3.7968e-06 3.73936e-06 3.6824e-06 3.62593e-06 3.56995e-06 3.51448e-06 3.45952e-06 3.40509e-06 3.35118e-06 3.29781e-06 3.24499e-06 3.19271e-06 3.14099e-06 3.08982e-06 3.03922e-06 2.98919e-06 2.93973e-06 2.89083e-06 2.84252e-06 2.79478e-06 2.74761e-06 2.70103e-06 2.65502e-06 2.60959e-06 2.56474e-06 2.52047e-06 2.47678e-06 2.43366e-06 2.39112e-06 2.34915e-06 2.30775e-06 2.26693e-06 2.22667e-06 2.18697e-06 2.14784e-06 2.10926e-06 2.07124e-06 2.03377e-06
4.41868e-05 6.74239e-06 6.74393e-06 6.74176e-06 6.73602e-06 6.72687e-06 6.71448e-06 6.69897e-06 6.68049e-06 6.65919e-06 6.63519e-06 6.60862e-06 6.5796e-06 6.54826e-06 6.51472e-06 6.47908e-06 6.44146e-06 6.40197e-06 6.3607e-06 6.31775e-06 6.27323e-06 6.22722e-06 6.17982e-06 6.1311e-06 6.08116e-06 6.03008e-06 5.97793e-06 5.92478e-06 5.87072e-06 5.8158e-06 5.76011e-06 5.70369e-06 5.64662e-06 5.58896e-06 5.53076e-06 5.47208e-06 5.41297e-06 5.35349e-06 5.29368e-06 5.23359e-06 5.17326e-06 5.11275e-06 5.05209e-06 4.99132e-06 4.93049e-06 4.86962e-06 4.80876e-06 4.74793e-06 4.68717e-06 4.62651e-06 4.56599e-06 4.50562e-06 4.44543e-06 4.38545e-06 4.32571e-06 4.26623e-06 4.20702e-06 4.14812e-06 4.08953e-06 4.03129e-06 3.9734e-06 3.91588e-06 3.85875e-06 3.80202e-06 3.74571e-06 3.68983e-06 3.63439e-06 3.57941e-06 3.52489e-06 3.47084e-06 3.41728e-06 3.36421e-06 3.31164e-06 3.25958e-06 3.20803e-06 3.157e-06 3.10649e-06 3.05652e-06 3.00708e-06 2.95818e-06 2.90983e-06 2.86201e-06 2.81475e-06 2.76804e-06 2.72188e-06 2.67627e-06 2.63121e-06 2.58671e-06 2.54276e-06 2.49937e-06 2.45654e-06 2.41425e-06 2.37252e-06 2.33134e-06 2.29071e-06 2.25063e-06 2.2111e-06 2.1721e-06 2.13365e-06 2.09574e-06 2.05837e-06
