0.566071 0.0303995 0.0216415 0.0154067 0.0109681 0.00780825 0.00555873 0.00395729 0.00281721 0.00200559 0.00142779 0.00101645 0.000723614 0.000515145 0.000366734 0.00026108 0.000185864 0.000132317 9.41973e-05 6.70595e-05 4.774e-05 3.39863e-05 2.4195e-05 1.72246e-05 1.22622e-05 8.72955e-06 6.21461e-06 4.42421e-06 3.14962e-06 2.24223e-06 1.59625e-06 1.13638e-06 8.08994e-07 5.75926e-07 4.10005e-07 2.91884e-07 2.07794e-07 1.47929e-07 1.05312e-07 7.49719e-08 5.33728e-08 3.79964e-08 2.70498e-08 1.92569e-08 1.37091e-08 9.75955e-09 6.94787e-09 4.94622e-09 3.52124e-09 2.50679e-09 1.78459e-09 1.27046e-09 9.04447e-10 6.4388e-10 4.58381e-10 3.26324e-10 2.32311e-10 1.65384e-10 1.17737e-10 8.38178e-11 5.96703e-11 4.24796e-11 3.02414e-11 2.1529e-11 1.53266e-11 1.09111e-11 7.76765e-12 5.52983e-12 3.93671e-12 2.80256e-12 1.99516e-12 1.42036e-12 1.01116e-12 7.19852e-13 5.12466e-13 3.64827e-13 2.59722e-13 1.84897e-13 1.31629e-13 9.37075e-14 6.67108e-14 4.74917e-14 3.38096e-14 2.40692e-14 1.7135e-14 1.21985e-14 8.68416e-15 6.18229e-15 4.4012e-15 3.13324e-15 2.23057e-15 1.58795e-15 1.13047e-15 8.04787e-16 5.72932e-16 4.07873e-16 2.90367e-16 2.06713e-16 1.4716e-16 1.04764e-16 7.4582e-17
0.0303995 0.0101857 0.00783369 0.00599149 0.00456056 0.00345683 0.00261054 0.00196496 0.00147469 0.00110381 0.000824238 0.000614135 0.000456681 0.000338978 0.00025119 0.00018585 0.00013731 0.000101313 7.46601e-05 5.49557e-05 4.04081e-05 2.96814e-05 2.17815e-05 1.59699e-05 1.16991e-05 8.56358e-06 6.26371e-06 4.57824e-06 3.34404e-06 2.44098e-06 1.78071e-06 1.29828e-06 9.46024e-07 6.88979e-07 5.01522e-07 3.64892e-07 2.65361e-07 1.92893e-07 1.40156e-07 1.01795e-07 7.3905e-08 5.36359e-08 3.89117e-08 2.82197e-08 2.04587e-08 1.48273e-08 1.07426e-08 7.78084e-09 5.63399e-09 4.07833e-09 2.95141e-09 2.13532e-09 1.54448e-09 1.11685e-09 8.07431e-10 5.83596e-10 4.21717e-10 3.04674e-10 2.20067e-10 1.58923e-10 1.14744e-10 8.283e-11 5.9781e-11 4.31378e-11 3.11225e-11 2.24499e-11 1.61913e-11 1.16755e-11 8.41776e-12 6.06807e-12 4.37359e-12 3.1518e-12 2.271e-12 1.63611e-12 1.17855e-12 8.48831e-13 6.11277e-13 4.40147e-13 3.16886e-13 2.28114e-13 1.64191e-13 1.18167e-13 8.50333e-14 6.11834e-14 4.40179e-14 3.16649e-14 2.27761e-14 1.63808e-14 1.178e-14 8.47058e-15 6.09028e-15 4.37844e-15 3.14745e-15 2.26235e-15 1.626e-15 1.16853e-15 8.39698e-16 6.03348e-16 4.33487e-16 3.11421e-16 2.2371e-16
0.0216415 0.00783369 0.00618665 0.00484959 0.00377739 0.00292613 0.00225586 0.0017318 0.0013245 0.0010096 0.000767245 0.000581473 0.000439584 0.000331562 0.000249562 0.00018748 0.00014059 0.000105252 7.86757e-05 5.87249e-05 4.37742e-05 3.25884e-05 2.42321e-05 1.79983e-05 1.3354e-05 9.8982e-06 7.32973e-06 5.42285e-06 4.00862e-06 2.96079e-06 2.18515e-06 1.61151e-06 1.18762e-06 8.74631e-07 6.4371e-07 4.73462e-07 3.48032e-07 2.55685e-07 1.87737e-07 1.37772e-07 1.01054e-07 7.40848e-08 5.42872e-08 3.97618e-08 2.911e-08 2.13025e-08 1.55826e-08 1.13939e-08 8.32792e-09 6.08467e-09 4.44404e-09 3.24462e-09 2.3681e-09 1.72779e-09 1.26021e-09 9.18869e-10 6.6978e-10 4.88068e-10 3.55551e-10 2.58941e-10 1.8853e-10 1.37228e-10 9.98594e-11 7.26483e-11 5.28388e-11 3.84216e-11 2.79315e-11 2.03007e-11 1.47513e-11 1.07165e-11 7.78362e-12 5.65221e-12 4.1036e-12 2.97868e-12 2.1617e-12 1.5685e-12 1.13786e-12 8.25302e-13 5.98492e-13 4.33936e-13 3.1457e-13 2.28e-13 1.65226e-13 1.19715e-13 8.67266e-14 6.28182e-14 4.54936e-14 3.2942e-14 2.38497e-14 1.72645e-14 1.24957e-14 9.04286e-15 6.54321e-15 4.73386e-15 3.42438e-15 2.4768e-15 1.7912e-15 1.29521e-15 9.36449e-16 6.76975e-16 4.89338e-16
0.0154067 0.00599149 0.00484959 0.00388798 0.00309212 0.00244238 0.00191778 0.00149808 0.0011649 0.000902149 0.000696119 0.000535378 0.000410526 0.000313934 0.000239469 0.000182248 0.000138406 0.000104903 7.93645e-05 5.99404e-05 4.51978e-05 3.403e-05 2.55854e-05 1.92107e-05 1.44061e-05 1.07903e-05 8.07288e-06 6.03335e-06 4.50448e-06 3.35976e-06 2.50363e-06 1.864e-06 1.38661e-06 1.03065e-06 7.65472e-07 5.68098e-07 4.21315e-07 3.12242e-07 2.31253e-07 1.71161e-07 1.26607e-07 9.35945e-08 6.91504e-08 5.1062e-08 3.76851e-08 2.77981e-08 2.04948e-08 1.51029e-08 1.11243e-08 8.19003e-09 6.02707e-09 4.43344e-09 3.25981e-09 2.3959e-09 1.76024e-09 1.29274e-09 9.49039e-10 6.96466e-10 5.10931e-10 3.74691e-10 2.74687e-10 2.01308e-10 1.47484e-10 1.08017e-10 7.9087e-11 5.78882e-11 4.23592e-11 3.09871e-11 2.26618e-11 1.65687e-11 1.21107e-11 8.84981e-12 6.4653e-12 4.7221e-12 3.44806e-12 2.51716e-12 1.83715e-12 1.34054e-12 9.77947e-13 7.13273e-13 5.20118e-13 3.79189e-13 2.76388e-13 2.01416e-13 1.46751e-13 1.06901e-13 7.78573e-14 5.66937e-14 4.12751e-14 3.00443e-14 2.18655e-14 1.59103e-14 1.1575e-14 8.41957e-15 6.12331e-15 4.45256e-15 3.23716e-15 2.35314e-15 1.71026e-15 1.24283e-15 9.03012e-16
0.0109681 0.00456056 0.00377739 0.00309212 0.00250662 0.00201535 0.00160899 0.00127674 0.00100768 0.000791552 0.000619149 0.000482452 0.000374639 0.000290006 0.000223847 0.000172324 0.000132337 0.000101399 7.75305e-05 5.91642e-05 4.5066e-05 3.42682e-05 2.60153e-05 1.972e-05 1.49264e-05 1.12828e-05 8.5175e-06 6.42209e-06 4.83652e-06 3.63837e-06 2.73413e-06 2.05254e-06 1.53937e-06 1.15343e-06 8.63483e-07 6.45869e-07 4.82701e-07 3.6047e-07 2.68986e-07 2.00573e-07 1.49454e-07 1.11288e-07 8.28137e-08 6.15857e-08 4.5771e-08 3.39971e-08 2.52373e-08 1.87241e-08 1.38843e-08 1.02901e-08 7.62243e-09 5.64353e-09 4.17638e-09 3.08919e-09 2.28398e-09 1.6879e-09 1.24685e-09 9.20658e-10 6.79524e-10 5.01346e-10 3.69745e-10 2.72584e-10 2.00881e-10 1.47985e-10 1.0898e-10 8.02274e-11 5.90409e-11 4.3435e-11 3.19438e-11 2.34853e-11 1.72612e-11 1.26828e-11 9.31604e-12 6.84103e-12 5.02213e-12 3.68581e-12 2.70434e-12 1.98368e-12 1.45469e-12 1.06649e-12 7.81684e-13 5.72796e-13 4.19627e-13 3.07343e-13 2.25052e-13 1.64756e-13 1.20587e-13 8.82403e-14 6.4556e-14 4.72187e-14 3.45303e-14 2.52462e-14 1.84546e-14 1.34873e-14 9.85509e-15 7.19967e-15 5.25874e-15 3.84034e-15 2.804e-15 2.04695e-15 1.49403e-15
0.00780825 0.00345683 0.00292613 0.00244238 0.00201535 0.00164713 0.00133526 0.00107487 0.000859979 0.00068434 0.000541961 0.000427357 0.000335678 0.000262735 0.000204979 0.000159445 0.000123688 9.57063e-05 7.38811e-05 5.6908e-05 4.37444e-05 3.35611e-05 2.5702e-05 1.96497e-05 1.49986e-05 1.14309e-05 8.69936e-06 6.61149e-06 5.01817e-06 3.80411e-06 2.88036e-06 2.17846e-06 1.64583e-06 1.24213e-06 9.36528e-07 7.05439e-07 5.30886e-07 3.99172e-07 2.99882e-07 2.25106e-07 1.68842e-07 1.26545e-07 9.47738e-08 7.09291e-08 5.30472e-08 3.96471e-08 2.96129e-08 2.21044e-08 1.64898e-08 1.22941e-08 9.16068e-09 6.82213e-09 5.07783e-09 3.77754e-09 2.80878e-09 2.08743e-09 1.55059e-09 1.15127e-09 8.54392e-10 6.33788e-10 4.69938e-10 3.483e-10 2.58039e-10 1.91092e-10 1.41457e-10 1.04675e-10 7.74271e-11 5.72511e-11 4.23173e-11 3.12678e-11 2.30955e-11 1.70533e-11 1.25877e-11 9.28847e-12 6.85177e-12 5.05272e-12 3.7249e-12 2.7452e-12 2.02258e-12 1.48975e-12 1.09697e-12 8.07529e-13 5.94295e-13 4.3725e-13 3.21621e-13 2.36508e-13 1.73875e-13 1.27797e-13 9.39065e-14 6.89871e-14 5.06684e-14 3.72053e-14 2.73133e-14 2.00468e-14 1.47102e-14 1.07919e-14 7.91564e-15 5.80472e-15 4.25585e-15 3.11963e-15 2.28629e-15
0.00555873 0.00261054 0.00225586 0.00191778 0.00160899 0.00133526 0.00109794 0.000895699 0.000725715 0.000584457 0.000468185 0.000373254 0.000296292 0.000234281 0.000184589 0.000144962 0.0001135 8.86187e-05 6.90133e-05 5.3616e-05 4.15602e-05 3.21474e-05 2.48172e-05 1.91227e-05 1.47089e-05 1.12951e-05 8.65985e-06 6.6295e-06 5.06795e-06 3.86896e-06 2.94981e-06 2.24624e-06 1.70845e-06 1.29795e-06 9.85013e-07 7.46744e-07 5.65545e-07 4.27901e-07 3.23457e-07 2.44287e-07 1.84336e-07 1.38982e-07 1.04703e-07 7.88167e-08 5.92861e-08 4.45626e-08 3.34721e-08 2.51245e-08 1.88462e-08 1.41277e-08 1.05839e-08 7.92425e-09 5.92944e-09 4.43425e-09 3.31424e-09 2.47578e-09 1.84845e-09 1.37938e-09 1.02882e-09 7.66972e-10 5.71497e-10 4.25643e-10 3.16869e-10 2.35787e-10 1.75377e-10 1.30388e-10 9.69004e-11 7.1984e-11 5.34532e-11 3.96773e-11 2.94406e-11 2.18367e-11 1.61909e-11 1.20005e-11 8.89152e-12 6.58572e-12 4.87623e-12 3.60929e-12 2.67066e-12 1.97551e-12 1.46084e-12 1.07993e-12 7.98095e-13 5.89641e-13 4.35507e-13 3.21573e-13 2.37379e-13 1.7518e-13 1.29244e-13 9.53286e-14 7.02945e-14 5.18213e-14 3.81931e-14 2.8142e-14 2.07309e-14 1.52679e-14 1.12418e-14 8.27543e-15 6.09042e-15 4.48131e-15 3.29661e-15
0.00395729 0.00196496 0.0017318 0.00149808 0.00127674 0.00107487 0.000895699 0.000739895 0.000606589 0.000494018 0.000399987 0.000322164 0.000258265 0.00020616 0.000163929 0.000129887 0.000102577 8.07654e-05 6.34134e-05 4.96595e-05 3.8794e-05 3.02368e-05 2.35165e-05 1.8253e-05 1.41406e-05 1.0935e-05 8.44164e-06 6.50626e-06 5.00687e-06 3.84737e-06 2.95225e-06 2.26236e-06 1.73146e-06 1.32353e-06 1.01052e-06 7.70664e-07 5.87105e-07 4.468e-07 3.39684e-07 2.57999e-07 1.95774e-07 1.48423e-07 1.12427e-07 8.50894e-08 6.43467e-08 4.86223e-08 3.67125e-08 2.76994e-08 2.08841e-08 1.57348e-08 1.18471e-08 8.91406e-09 6.70291e-09 5.03711e-09 3.78301e-09 2.83948e-09 2.13005e-09 1.59698e-09 1.19667e-09 8.96224e-10 6.70865e-10 5.0192e-10 3.75335e-10 2.8054e-10 2.09588e-10 1.56509e-10 1.1682e-10 8.71568e-11 6.4998e-11 4.84525e-11 3.61039e-11 2.68916e-11 2.0022e-11 1.49015e-11 1.10863e-11 8.24487e-12 6.12946e-12 4.55517e-12 3.38404e-12 2.51314e-12 1.86575e-12 1.38466e-12 1.02729e-12 7.61912e-13 5.6491e-13 4.18717e-13 3.10263e-13 2.29832e-13 1.70202e-13 1.26007e-13 9.32609e-14 6.90057e-14 5.10448e-14 3.77486e-14 2.79085e-14 2.0628e-14 1.52429e-14 1.12608e-14 8.3169e-15 6.14113e-15 4.53347e-15
0.00281721 0.00147469 0.0013245 0.0011649 0.00100768 0.000859979 0.000725715 0.000606589 0.000502858 0.000413878 0.000338488 0.000275268 0.000222722 0.000179381 0.00014387 0.000114949 9.15191e-05 7.26284e-05 5.74637e-05 4.53381e-05 3.56777e-05 2.80069e-05 2.19349e-05 1.71422e-05 1.33693e-05 1.04067e-05 8.08579e-06 6.27159e-06 4.85643e-06 3.75468e-06 2.89853e-06 2.2344e-06 1.72008e-06 1.32242e-06 1.01541e-06 7.78738e-07 5.96536e-07 4.56456e-07 3.48894e-07 2.66404e-07 2.03214e-07 1.54863e-07 1.17907e-07 8.96891e-08 6.81651e-08 5.17629e-08 3.92755e-08 2.9777e-08 2.25583e-08 1.70769e-08 1.29181e-08 9.76519e-09 7.37679e-09 5.56886e-09 4.2013e-09 3.16758e-09 2.38675e-09 1.79732e-09 1.35267e-09 1.01744e-09 7.64872e-10 5.74689e-10 4.31566e-10 3.2392e-10 2.43002e-10 1.82208e-10 1.36558e-10 1.02297e-10 7.65962e-11 5.73266e-11 4.28858e-11 3.20688e-11 2.39701e-11 1.79091e-11 1.33753e-11 9.98529e-12 7.45157e-12 5.55864e-12 4.14501e-12 3.08975e-12 2.30231e-12 1.71495e-12 1.27698e-12 9.50542e-13 7.07313e-13 5.26148e-13 3.91259e-13 2.90858e-13 2.16154e-13 1.60587e-13 1.19268e-13 8.85547e-14 6.5731e-14 4.87757e-14 3.61838e-14 2.68351e-14 1.98963e-14 1.47477e-14 1.09285e-14 8.09622e-15 5.99642e-15
0.00200559 0.00110381 0.0010096 0.000902149 0.000791552 0.00068434 0.000584457 0.000494018 0.000413878 0.000344066 0.000284086 0.000233144 0.000190299 0.000154567 0.000124984 0.000100651 8.07523e-05 6.45634e-05 5.14545e-05 4.0885e-05 3.23963e-05 2.56032e-05 2.01851e-05 1.58769e-05 1.24612e-05 9.76022e-06 7.62985e-06 5.95348e-06 4.63729e-06 3.60605e-06 2.79968e-06 2.17032e-06 1.68e-06 1.29864e-06 1.00251e-06 7.72913e-07 5.95167e-07 4.57755e-07 3.51668e-07 2.6987e-07 2.0688e-07 1.58429e-07 1.21206e-07 9.26403e-08 7.07414e-08 5.39708e-08 4.11404e-08 3.13338e-08 2.38453e-08 1.81322e-08 1.37773e-08 1.04605e-08 7.93651e-09 6.01725e-09 4.55899e-09 3.45183e-09 2.61184e-09 1.97501e-09 1.49253e-09 1.12723e-09 8.50845e-10 6.41856e-10 4.83928e-10 3.64659e-10 2.74637e-10 2.06731e-10 1.55536e-10 1.1696e-10 8.79085e-11 6.60415e-11 4.95907e-11 3.72206e-11 2.79236e-11 2.09396e-11 1.56956e-11 1.17599e-11 8.80741e-12 6.59351e-12 4.93415e-12 3.69094e-12 2.75991e-12 2.06295e-12 1.54143e-12 1.15133e-12 8.59643e-13 6.41632e-13 4.78744e-13 3.57087e-13 2.66256e-13 1.98464e-13 1.47886e-13 1.10162e-13 8.20355e-14 6.10715e-14 4.54511e-14 3.38159e-14 2.51519e-14 1.87023e-14 1.39026e-14 1.03318e-14 7.67604e-15
0.00142779 0.000824238 0.000767245 0.000696119 0.000619149 0.000541961 0.000468185 0.000399987 0.000338488 0.000284086 0.000236701 0.000195951 0.000161281 0.000132054 0.000107613 8.73159e-05 7.05661e-05 5.68205e-05 4.55973e-05 3.64755e-05 2.90926e-05 2.31402e-05 1.83581e-05 1.45289e-05 1.1472e-05 9.03863e-06 7.10681e-06 5.577e-06 4.3684e-06 3.41568e-06 2.66626e-06 2.07793e-06 1.61693e-06 1.25636e-06 9.74818e-07 7.55347e-07 5.84528e-07 4.51774e-07 3.4875e-07 2.68909e-07 2.07114e-07 1.59348e-07 1.2247e-07 9.40319e-08 7.2127e-08 5.52727e-08 4.23181e-08 3.23711e-08 2.47409e-08 1.88934e-08 1.44163e-08 1.09915e-08 8.37384e-09 6.37486e-09 4.84956e-09 3.68661e-09 2.80062e-09 2.12613e-09 1.61303e-09 1.22298e-09 9.26672e-10 7.01729e-10 5.31075e-10 4.0169e-10 3.03656e-10 2.2942e-10 1.7324e-10 1.30748e-10 9.86272e-11 7.436e-11 5.6036e-11 4.2207e-11 3.17757e-11 2.39114e-11 1.79852e-11 1.35218e-11 1.01616e-11 7.6331e-12 5.73136e-12 4.30165e-12 3.22728e-12 2.42028e-12 1.81436e-12 1.35961e-12 1.01846e-12 7.6262e-13 5.70842e-13 4.27138e-13 3.19498e-13 2.38901e-13 1.78574e-13 1.33436e-13 9.96751e-14 7.44318e-14 5.55638e-14 4.14657e-14 3.09351e-14 2.30718e-14 1.72021e-14 1.2822e-14 9.55432e-15
0.00101645 0.000614135 0.000581473 0.000535378 0.000482452 0.000427357 0.000373254 0.000322164 0.000275268 0.000233144 0.000195951 0.00016357 0.000135708 0.000111973 9.19277e-05 7.51272e-05 6.11403e-05 4.95654e-05 4.00384e-05 3.22351e-05 2.58723e-05 2.07053e-05 1.65251e-05 1.31552e-05 1.04472e-05 8.27777e-06 6.54468e-06 5.16386e-06 4.06644e-06 3.19632e-06 2.50795e-06 1.96451e-06 1.53634e-06 1.19964e-06 9.35349e-07 7.28246e-07 5.66226e-07 4.39675e-07 3.40977e-07 2.64113e-07 2.04336e-07 1.57909e-07 1.21898e-07 9.39989e-08 7.24113e-08 5.57263e-08 4.28446e-08 3.29101e-08 2.52563e-08 1.93655e-08 1.48361e-08 1.13567e-08 8.68628e-09 6.6386e-09 5.06979e-09 3.86884e-09 2.95025e-09 2.24818e-09 1.71201e-09 1.30284e-09 9.90818e-10 7.53042e-10 5.71972e-10 4.34177e-10 3.29383e-10 2.49737e-10 1.89243e-10 1.43323e-10 1.08486e-10 8.20738e-11 6.20595e-11 4.6902e-11 3.54289e-11 2.67492e-11 2.01863e-11 1.52265e-11 1.148e-11 8.65143e-12 6.51691e-12 4.9069e-12 3.69307e-12 2.77834e-12 2.08932e-12 1.57054e-12 1.18011e-12 8.86388e-13 6.65519e-13 4.99497e-13 3.74753e-13 2.8106e-13 2.10717e-13 1.57923e-13 1.18315e-13 8.8611e-14 6.63422e-14 4.96533e-14 3.71506e-14 2.77872e-14 2.07772e-14 1.55308e-14 1.16056e-14
0.000723614 0.000456681 0.000439584 0.000410526 0.000374639 0.000335678 0.000296292 0.000258265 0.000222722 0.000190299 0.000161281 0.000135708 0.000113457 9.4307e-05 7.79781e-05 6.4168e-05 5.25719e-05 4.28971e-05 3.48716e-05 2.8249e-05 2.28098e-05 1.8362e-05 1.47394e-05 1.17998e-05 9.42267e-06 7.50646e-06 5.96644e-06 4.73221e-06 3.74565e-06 2.95903e-06 2.33328e-06 1.83662e-06 1.44324e-06 1.13229e-06 8.86956e-07 6.93748e-07 5.41854e-07 4.22636e-07 3.29213e-07 2.56114e-07 1.99002e-07 1.54443e-07 1.19724e-07 9.27072e-08 7.17103e-08 5.54114e-08 4.27741e-08 3.29868e-08 2.5415e-08 1.95633e-08 1.50455e-08 1.1561e-08 8.87609e-09 6.80914e-09 5.21936e-09 3.99766e-09 3.05962e-09 2.33996e-09 1.7883e-09 1.36574e-09 1.04231e-09 7.94951e-10 6.05899e-10 4.61514e-10 3.51317e-10 2.67271e-10 2.0321e-10 1.54415e-10 1.17269e-10 8.90101e-11 6.7524e-11 5.11971e-11 3.87978e-11 2.93864e-11 2.22468e-11 1.68336e-11 1.27314e-11 9.62435e-12 7.27218e-12 5.49239e-12 4.14633e-12 3.12878e-12 2.35994e-12 1.77927e-12 1.34093e-12 1.01016e-12 7.60677e-13 5.72585e-13 4.30835e-13 3.24054e-13 2.43647e-13 1.83124e-13 1.37585e-13 1.03334e-13 7.75822e-14 5.82279e-14 4.3687e-14 3.27664e-14 2.45675e-14 1.84142e-14 1.37977e-14
0.000515145 0.000338978 0.000331562 0.000313934 0.000290006 0.000262735 0.000234281 0.00020616 0.000179381 0.000154567 0.000132054 0.000111973 9.4307e-05 7.89479e-05 6.57277e-05 5.44475e-05 4.48962e-05 3.68638e-05 3.01501e-05 2.45695e-05 1.9954e-05 1.61542e-05 1.30391e-05 1.04953e-05 8.42552e-06 6.7471e-06 5.39032e-06 4.29675e-06 3.41777e-06 2.71311e-06 2.14959e-06 1.69998e-06 1.34205e-06 1.0577e-06 8.32249e-07 6.53842e-07 5.12916e-07 4.0179e-07 3.14306e-07 2.45545e-07 1.91582e-07 1.49294e-07 1.16201e-07 9.03395e-08 7.01555e-08 5.44222e-08 4.21733e-08 3.26481e-08 2.52494e-08 1.95088e-08 1.50594e-08 1.16143e-08 8.94947e-09 6.89021e-09 5.3004e-09 4.07412e-09 3.12909e-09 2.40142e-09 1.8416e-09 1.41126e-09 1.08071e-09 8.27011e-10 6.32439e-10 4.83324e-10 3.69129e-10 2.81737e-10 2.14902e-10 1.63823e-10 1.24811e-10 9.50339e-11 7.23201e-11 5.50046e-11 4.18121e-11 3.17669e-11 2.41224e-11 1.83081e-11 1.38883e-11 1.05303e-11 7.9804e-12 6.04507e-12 4.57695e-12 3.4638e-12 2.6202e-12 1.98119e-12 1.49737e-12 1.13122e-12 8.54247e-13 6.44826e-13 4.86548e-13 3.66975e-13 2.7668e-13 2.08523e-13 1.57096e-13 1.18308e-13 8.90645e-14 6.70253e-14 5.04219e-14 3.79182e-14 2.85054e-14 2.1422e-14 1.60934e-14
0.000366734 0.00025119 0.000249562 0.000239469 0.000223847 0.000204979 0.000184589 0.000163929 0.00014387 0.000124984 0.000107613 9.19277e-05 7.79781e-05 6.57277e-05 5.50849e-05 4.59246e-05 3.81045e-05 3.14768e-05 2.58959e-05 2.12239e-05 1.73334e-05 1.41095e-05 1.14496e-05 9.2642e-06 7.47538e-06 6.01637e-06 4.83026e-06 3.86898e-06 3.09217e-06 2.46614e-06 1.96291e-06 1.55939e-06 1.23655e-06 9.78839e-07 7.73538e-07 6.10314e-07 4.80788e-07 3.78188e-07 2.97058e-07 2.33011e-07 1.8253e-07 1.42802e-07 1.11583e-07 8.70842e-08 6.78857e-08 5.28604e-08 4.1116e-08 3.19473e-08 2.47978e-08 1.92292e-08 1.48968e-08 1.15297e-08 8.91552e-09 6.88798e-09 5.31696e-09 4.10082e-09 3.16027e-09 2.4335e-09 1.87242e-09 1.43961e-09 1.10603e-09 8.49134e-10 6.51448e-10 4.99442e-10 3.82648e-10 2.92973e-10 2.2417e-10 1.71418e-10 1.30998e-10 1.0005e-10 7.63678e-11 5.82578e-11 4.44174e-11 3.38463e-11 2.57771e-11 1.96213e-11 1.49277e-11 1.13511e-11 8.62706e-12 6.55353e-12 4.97597e-12 3.77637e-12 2.86463e-12 2.17203e-12 1.64614e-12 1.24702e-12 9.44267e-13 7.14711e-13 5.40734e-13 4.08938e-13 3.0914e-13 2.33604e-13 1.76455e-13 1.33236e-13 1.00564e-13 7.58754e-14 5.72269e-14 4.31461e-14 3.25183e-14 2.44997e-14 1.8452e-14
0.00026108 0.00018585 0.00018748 0.000182248 0.000172324 0.000159445 0.000144962 0.000129887 0.000114949 0.000100651 8.73159e-05 7.51272e-05 6.4168e-05 5.44475e-05 4.59246e-05 3.85258e-05 3.21584e-05 2.67206e-05 2.21083e-05 1.82203e-05 1.49611e-05 1.22428e-05 9.98632e-06 8.12115e-06 6.58557e-06 5.32602e-06 4.29643e-06 3.45753e-06 2.77606e-06 2.22405e-06 1.77811e-06 1.41877e-06 1.1299e-06 8.98221e-07 7.12804e-07 5.64719e-07 4.46683e-07 3.52774e-07 2.78196e-07 2.19071e-07 1.72274e-07 1.35294e-07 1.06115e-07 8.31265e-08 6.50398e-08 5.08294e-08 3.96791e-08 3.0941e-08 2.41017e-08 1.87549e-08 1.45797e-08 1.1323e-08 8.78545e-09 6.81035e-09 5.27458e-09 4.08158e-09 3.15575e-09 2.43792e-09 1.88185e-09 1.45148e-09 1.11868e-09 8.61544e-10 6.63028e-10 5.0989e-10 3.9185e-10 3.00931e-10 2.30954e-10 1.77134e-10 1.35769e-10 1.04e-10 7.96153e-11 6.09119e-11 4.65751e-11 3.55923e-11 2.71841e-11 2.07508e-11 1.58314e-11 1.20719e-11 9.20033e-12 7.00828e-12 5.33583e-12 4.06049e-12 3.08849e-12 2.34805e-12 1.78429e-12 1.35527e-12 1.02895e-12 7.80847e-13 5.92312e-13 4.49106e-13 3.40381e-13 2.57871e-13 1.95282e-13 1.47826e-13 1.11857e-13 8.46081e-14 6.39724e-14 4.83516e-14 3.65315e-14 2.7591e-14 2.0831e-14
0.000185864 0.00013731 0.00014059 0.000138406 0.000132337 0.000123688 0.0001135 0.000102577 9.15191e-05 8.07523e-05 7.05661e-05 6.11403e-05 5.25719e-05 4.48962e-05 3.81045e-05 3.21584e-05 2.70004e-05 2.25623e-05 1.87709e-05 1.55532e-05 1.28381e-05 1.05595e-05 8.65647e-06 7.07425e-06 5.76423e-06 4.68376e-06 3.79581e-06 3.06854e-06 2.47474e-06 1.99135e-06 1.59894e-06 1.28123e-06 1.02464e-06 8.17896e-07 6.51697e-07 5.18375e-07 4.11645e-07 3.26369e-07 2.58363e-07 2.04225e-07 1.61202e-07 1.27068e-07 1.00028e-07 7.86418e-08 6.17512e-08 4.84301e-08 3.79384e-08 2.96861e-08 2.32035e-08 1.81172e-08 1.41313e-08 1.10112e-08 8.57173e-09 6.66637e-09 5.17976e-09 4.02105e-09 3.11882e-09 2.41697e-09 1.87151e-09 1.44797e-09 1.1194e-09 8.64719e-10 6.6748e-10 5.14851e-10 3.96837e-10 3.0566e-10 2.35269e-10 1.80968e-10 1.39107e-10 1.06861e-10 8.20383e-11 6.29427e-11 4.82626e-11 3.69845e-11 2.83254e-11 2.16813e-11 1.65864e-11 1.26818e-11 9.69114e-12 7.40187e-12 5.65045e-12 4.31126e-12 3.28782e-12 2.50611e-12 1.90933e-12 1.45398e-12 1.10671e-12 8.41997e-13 6.40313e-13 4.86723e-13 3.69813e-13 2.80865e-13 2.13221e-13 1.61802e-13 1.22732e-13 9.30595e-14 7.05328e-14 5.34383e-14 4.04714e-14 3.06394e-14 2.31873e-14
0.000132317 0.000101313 0.000105252 0.000104903 0.000101399 9.57063e-05 8.86187e-05 8.07654e-05 7.26284e-05 6.45634e-05 5.68205e-05 4.95654e-05 4.28971e-05 3.68638e-05 3.14768e-05 2.67206e-05 2.25623e-05 1.89576e-05 1.58567e-05 1.32072e-05 1.09573e-05 9.05744e-06 7.46129e-06 6.12661e-06 5.0154e-06 4.09396e-06 3.33274e-06 2.70608e-06 2.19188e-06 1.77126e-06 1.42818e-06 1.14912e-06 9.2272e-07 7.3949e-07 5.91547e-07 4.72359e-07 3.76542e-07 2.99668e-07 2.38111e-07 1.88911e-07 1.49657e-07 1.18392e-07 9.353e-08 7.37913e-08 5.81438e-08 4.57575e-08 3.59667e-08 2.8238e-08 2.2145e-08 1.73477e-08 1.35752e-08 1.06121e-08 8.28746e-09 6.46571e-09 5.03962e-09 3.92444e-09 3.05327e-09 2.3734e-09 1.84334e-09 1.43046e-09 1.10916e-09 8.59339e-10 6.6527e-10 5.14638e-10 3.97817e-10 3.07292e-10 2.37197e-10 1.82965e-10 1.41036e-10 1.08644e-10 8.36369e-11 6.43448e-11 4.94719e-11 3.80135e-11 2.91915e-11 2.24037e-11 1.71844e-11 1.31736e-11 1.00932e-11 7.72899e-12 5.91537e-12 4.52496e-12 3.45957e-12 2.6437e-12 2.01923e-12 1.54151e-12 1.17625e-12 8.97113e-13 6.83902e-13 5.21126e-13 3.96914e-13 3.02175e-13 2.2995e-13 1.74913e-13 1.32993e-13 1.01077e-13 7.67898e-14 5.83148e-14 4.42672e-14 3.35906e-14 2.54792e-14
9.41973e-05 7.46601e-05 7.86757e-05 7.93645e-05 7.75305e-05 7.38811e-05 6.90133e-05 6.34134e-05 5.74637e-05 5.14545e-05 4.55973e-05 4.00384e-05 3.48716e-05 3.01501e-05 2.58959e-05 2.21083e-05 1.87709e-05 1.58567e-05 1.33323e-05 1.11611e-05 9.30573e-06 7.7295e-06 6.39755e-06 5.27752e-06 4.33995e-06 3.55838e-06 2.90941e-06 2.37249e-06 1.92978e-06 1.56592e-06 1.26777e-06 1.02414e-06 8.25613e-07 6.64242e-07 5.3339e-07 4.27531e-07 3.42078e-07 2.73242e-07 2.17902e-07 1.73498e-07 1.37933e-07 1.09499e-07 8.68037e-08 6.87186e-08 5.43297e-08 4.28989e-08 3.38312e-08 2.66482e-08 2.09659e-08 1.64767e-08 1.29345e-08 1.0143e-08 7.94577e-09 6.21823e-09 4.86153e-09 3.79721e-09 2.96314e-09 2.31019e-09 1.79953e-09 1.40054e-09 1.08911e-09 8.46228e-10 6.56988e-10 5.09668e-10 3.95081e-10 3.06027e-10 2.36874e-10 1.83216e-10 1.41614e-10 1.09384e-10 8.44324e-11 6.51298e-11 5.02078e-11 3.86803e-11 2.97811e-11 2.29154e-11 1.76221e-11 1.35436e-11 1.04031e-11 7.98639e-12 6.1277e-12 4.69905e-12 3.60158e-12 2.75899e-12 2.11244e-12 1.61659e-12 1.23652e-12 9.45347e-13 7.22395e-13 5.51764e-13 4.21243e-13 3.2145e-13 2.45189e-13 1.86938e-13 1.42464e-13 1.08525e-13 8.2636e-14 6.28971e-14 4.78537e-14 3.63937e-14 2.76672e-14
6.70595e-05 5.49557e-05 5.87249e-05 5.99404e-05 5.91642e-05 5.6908e-05 5.3616e-05 4.96595e-05 4.53381e-05 4.0885e-05 3.64755e-05 3.22351e-05 2.8249e-05 2.45695e-05 2.12239e-05 1.82203e-05 1.55532e-05 1.32072e-05 1.11611e-05 9.3898e-06 7.86675e-06 6.56512e-06 5.45891e-06 4.52356e-06 3.7364e-06 3.07682e-06 2.52639e-06 2.06876e-06 1.68964e-06 1.3766e-06 1.11891e-06 9.07429e-07 7.34339e-07 5.93047e-07 4.78e-07 3.84545e-07 3.08802e-07 2.47546e-07 1.98109e-07 1.58289e-07 1.26276e-07 1.00586e-07 8.00069e-08 6.35487e-08 5.04076e-08 3.99316e-08 3.15925e-08 2.49641e-08 1.97028e-08 1.55324e-08 1.22309e-08 9.6206e-09 7.55935e-09 5.93358e-09 4.65278e-09 3.64487e-09 2.85257e-09 2.23042e-09 1.74238e-09 1.35993e-09 1.0605e-09 8.26311e-10 6.43306e-10 5.00429e-10 3.88979e-10 3.02117e-10 2.34477e-10 1.81846e-10 1.40928e-10 1.0914e-10 8.44645e-11 6.53235e-11 5.04869e-11 3.89948e-11 3.00994e-11 2.32188e-11 1.79002e-11 1.37916e-11 1.06198e-11 8.17278e-12 6.28604e-12 4.83217e-12 3.71254e-12 2.85081e-12 2.18794e-12 1.67834e-12 1.28677e-12 9.8607e-13 7.55267e-13 5.78207e-13 4.42446e-13 3.38403e-13 2.58707e-13 1.97691e-13 1.50998e-13 1.15283e-13 8.79776e-14 6.71111e-14 5.11723e-14 3.90029e-14 2.97154e-14
4.774e-05 4.04081e-05 4.37742e-05 4.51978e-05 4.5066e-05 4.37444e-05 4.15602e-05 3.8794e-05 3.56777e-05 3.23963e-05 2.90926e-05 2.58723e-05 2.28098e-05 1.9954e-05 1.73334e-05 1.49611e-05 1.28381e-05 1.09573e-05 9.30573e-06 7.86675e-06 6.62183e-06 5.55165e-06 4.63699e-06 3.85941e-06 3.20159e-06 2.64758e-06 2.18296e-06 1.79484e-06 1.47179e-06 1.20383e-06 9.82276e-07 7.99653e-07 6.4955e-07 5.26512e-07 4.25918e-07 3.43876e-07 2.77122e-07 2.22927e-07 1.79022e-07 1.43526e-07 1.14884e-07 9.18159e-08 7.32707e-08 5.83871e-08 4.64621e-08 3.69228e-08 2.93038e-08 2.32276e-08 1.83887e-08 1.45405e-08 1.14843e-08 9.06033e-09 7.14016e-09 5.62095e-09 4.42042e-09 3.47279e-09 2.72564e-09 2.13719e-09 1.67423e-09 1.31036e-09 1.02466e-09 8.00564e-10 6.24948e-10 4.87454e-10 3.79903e-10 2.95849e-10 2.30214e-10 1.79006e-10 1.39085e-10 1.0799e-10 8.37869e-11 6.49635e-11 5.03347e-11 3.89742e-11 3.01582e-11 2.33214e-11 1.80232e-11 1.39201e-11 1.07447e-11 8.28867e-12 6.39035e-12 4.924e-12 3.79199e-12 2.91862e-12 2.2452e-12 1.72624e-12 1.32654e-12 1.01886e-12 7.82156e-13 6.00144e-13 4.60263e-13 3.52816e-13 2.70325e-13 2.07024e-13 1.58474e-13 1.21255e-13 9.27362e-14 7.08939e-14 5.41729e-14 4.13782e-14 3.15922e-14
3.39863e-05 2.96814e-05 3.25884e-05 3.403e-05 3.42682e-05 3.35611e-05 3.21474e-05 3.02368e-05 2.80069e-05 2.56032e-05 2.31402e-05 2.07053e-05 1.8362e-05 1.61542e-05 1.41095e-05 1.22428e-05 1.05595e-05 9.05744e-06 7.7295e-06 6.56512e-06 5.55165e-06 4.67536e-06 3.92226e-06 3.27859e-06 2.73123e-06 2.26795e-06 1.87754e-06 1.54986e-06 1.27588e-06 1.0476e-06 8.58033e-07 7.01109e-07 5.71591e-07 4.64993e-07 3.77491e-07 3.05847e-07 2.47327e-07 1.99638e-07 1.6086e-07 1.29394e-07 1.03912e-07 8.33169e-08 6.67016e-08 5.33209e-08 4.25636e-08 3.39296e-08 2.70108e-08 2.1475e-08 1.70522e-08 1.35238e-08 1.07128e-08 8.47624e-09 6.69913e-09 5.28884e-09 4.17102e-09 3.28606e-09 2.58626e-09 2.03349e-09 1.59734e-09 1.25357e-09 9.82892e-10 7.69975e-10 6.02659e-10 4.71302e-10 3.68271e-10 2.87531e-10 2.24315e-10 1.74862e-10 1.36209e-10 1.06021e-10 8.24644e-11 6.4096e-11 4.97845e-11 3.86421e-11 2.99735e-11 2.32343e-11 1.79988e-11 1.39342e-11 1.07809e-11 8.33609e-12 6.44187e-12 4.97517e-12 3.8402e-12 2.96248e-12 2.28411e-12 1.76012e-12 1.35561e-12 1.04351e-12 8.02856e-13 6.17385e-13 4.74524e-13 3.64541e-13 2.79913e-13 2.1483e-13 1.64802e-13 1.26366e-13 9.68497e-14 7.41948e-14 5.68143e-14 4.34864e-14 3.32708e-14
2.4195e-05 2.17815e-05 2.42321e-05 2.55854e-05 2.60153e-05 2.5702e-05 2.48172e-05 2.35165e-05 2.19349e-05 2.01851e-05 1.83581e-05 1.65251e-05 1.47394e-05 1.30391e-05 1.14496e-05 9.98632e-06 8.65647e-06 7.46129e-06 6.39755e-06 5.45891e-06 4.63699e-06 3.92226e-06 3.30462e-06 2.77393e-06 2.32035e-06 1.93456e-06 1.60789e-06 1.33244e-06 1.10108e-06 9.07477e-07 7.46015e-07 6.11796e-07 5.00564e-07 4.08649e-07 3.32904e-07 2.70647e-07 2.19602e-07 1.77851e-07 1.43776e-07 1.16028e-07 9.34779e-08 7.51884e-08 6.03828e-08 4.84193e-08 3.87693e-08 3.09986e-08 2.47515e-08 1.97371e-08 1.57182e-08 1.2502e-08 9.93187e-09 7.88076e-09 6.24607e-09 4.94494e-09 3.9106e-09 3.08934e-09 2.43804e-09 1.92212e-09 1.5139e-09 1.19123e-09 9.36466e-10 7.35518e-10 5.77178e-10 4.52532e-10 3.54503e-10 2.77481e-10 2.17017e-10 1.69594e-10 1.32431e-10 1.03333e-10 8.05691e-11 6.27742e-11 4.88747e-11 3.80263e-11 2.95656e-11 2.2972e-11 1.78371e-11 1.38411e-11 1.07335e-11 8.31845e-12 6.44286e-12 4.98718e-12 3.85812e-12 2.98295e-12 2.305e-12 1.78013e-12 1.37403e-12 1.06e-12 8.17308e-13 6.29854e-13 4.85145e-13 3.73494e-13 2.87396e-13 2.21038e-13 1.6992e-13 1.30562e-13 1.00273e-13 7.6976e-14 5.90649e-14 4.53014e-14 3.47298e-14
1.72246e-05 1.59699e-05 1.79983e-05 1.92107e-05 1.972e-05 1.96497e-05 1.91227e-05 1.8253e-05 1.71422e-05 1.58769e-05 1.45289e-05 1.31552e-05 1.17998e-05 1.04953e-05 9.2642e-06 8.12115e-06 7.07425e-06 6.12661e-06 5.27752e-06 4.52356e-06 3.85941e-06 3.27859e-06 2.77393e-06 2.33806e-06 1.96364e-06 1.64363e-06 1.37139e-06 1.14078e-06 9.46233e-07 7.82724e-07 6.45787e-07 5.31486e-07 4.3638e-07 3.57481e-07 2.92211e-07 2.38361e-07 1.94046e-07 1.57666e-07 1.2787e-07 1.0352e-07 8.36626e-08 6.75025e-08 5.43766e-08 4.37353e-08 3.51238e-08 2.81671e-08 2.25566e-08 1.8039e-08 1.44072e-08 1.14918e-08 9.15504e-09 7.28461e-09 5.78951e-09 4.59602e-09 3.64451e-09 2.88686e-09 2.28431e-09 1.80567e-09 1.4259e-09 1.1249e-09 8.86593e-10 6.98122e-10 5.49218e-10 4.3169e-10 3.39019e-10 2.66016e-10 2.0856e-10 1.63382e-10 1.27888e-10 1.00028e-10 7.81776e-11 6.10549e-11 4.76477e-11 3.7158e-11 2.89574e-11 2.25512e-11 1.75504e-11 1.36495e-11 1.06088e-11 8.2402e-12 6.39646e-12 4.96222e-12 3.84725e-12 2.98105e-12 2.30853e-12 1.78671e-12 1.38207e-12 1.06848e-12 8.25591e-13 6.37579e-13 4.92125e-13 3.79658e-13 2.92745e-13 2.25616e-13 1.73795e-13 1.33812e-13 1.02978e-13 7.92122e-14 6.09029e-14 4.68044e-14 3.59535e-14
1.22622e-05 1.16991e-05 1.3354e-05 1.44061e-05 1.49264e-05 1.49986e-05 1.47089e-05 1.41406e-05 1.33693e-05 1.24612e-05 1.1472e-05 1.04472e-05 9.42267e-06 8.42552e-06 7.47538e-06 6.58557e-06 5.76423e-06 5.0154e-06 4.33995e-06 3.7364e-06 3.20159e-06 2.73123e-06 2.32035e-06 1.96364e-06 1.6557e-06 1.39124e-06 1.16521e-06 9.72895e-07 8.09937e-07 6.72393e-07 5.56725e-07 4.59785e-07 3.78806e-07 3.11366e-07 2.55365e-07 2.08989e-07 1.70686e-07 1.39129e-07 1.13192e-07 9.19229e-08 7.45189e-08 6.03078e-08 4.87269e-08 3.93076e-08 3.16606e-08 2.54636e-08 2.04501e-08 1.64009e-08 1.31357e-08 1.05069e-08 8.39342e-09 6.69682e-09 5.33675e-09 4.24794e-09 3.37743e-09 2.68234e-09 2.12801e-09 1.68647e-09 1.33517e-09 1.056e-09 8.34386e-10 6.58654e-10 5.19452e-10 4.09297e-10 3.22217e-10 2.53443e-10 1.9918e-10 1.56406e-10 1.22717e-10 9.6209e-11 7.53681e-11 5.8997e-11 4.61475e-11 3.60703e-11 2.81735e-11 2.19901e-11 1.7152e-11 1.33693e-11 1.0414e-11 8.10664e-12 6.30651e-12 4.90303e-12 3.80955e-12 2.95815e-12 2.29567e-12 1.78052e-12 1.38017e-12 1.06924e-12 8.27899e-13 6.40683e-13 4.95537e-13 3.83072e-13 2.95978e-13 2.28568e-13 1.76423e-13 1.36107e-13 1.04953e-13 8.08906e-14 6.23158e-14 4.7984e-14 3.69314e-14
8.72955e-06 8.56358e-06 9.8982e-06 1.07903e-05 1.12828e-05 1.14309e-05 1.12951e-05 1.0935e-05 1.04067e-05 9.76022e-06 9.03863e-06 8.27777e-06 7.50646e-06 6.7471e-06 6.01637e-06 5.32602e-06 4.68376e-06 4.09396e-06 3.55838e-06 3.07682e-06 2.64758e-06 2.26795e-06 1.93456e-06 1.64363e-06 1.39124e-06 1.17346e-06 9.86479e-07 8.26673e-07 6.90679e-07 5.75413e-07 4.78083e-07 3.96187e-07 3.27508e-07 2.70093e-07 2.22239e-07 1.82465e-07 1.49497e-07 1.22239e-07 9.97588e-08 8.1261e-08 6.60744e-08 5.36331e-08 4.34615e-08 3.51622e-08 2.84032e-08 2.29087e-08 1.84501e-08 1.48381e-08 1.19169e-08 9.55792e-09 7.65599e-09 6.1248e-09 4.89384e-09 3.90562e-09 3.11333e-09 2.47897e-09 1.97169e-09 1.56654e-09 1.24334e-09 9.85816e-10 7.80854e-10 6.17906e-10 4.88498e-10 3.85835e-10 3.04472e-10 2.40054e-10 1.89102e-10 1.48839e-10 1.17051e-10 9.19778e-11 7.22182e-11 5.66596e-11 4.44191e-11 3.4797e-11 2.72394e-11 2.13079e-11 1.66564e-11 1.30113e-11 1.0157e-11 7.92363e-12 6.17731e-12 4.81279e-12 3.74733e-12 2.91595e-12 2.26764e-12 1.76242e-12 1.36896e-12 1.06273e-12 8.24532e-13 6.3937e-13 4.95518e-13 3.83824e-13 2.9715e-13 2.29928e-13 1.77822e-13 1.37455e-13 1.06199e-13 8.201e-14 6.33001e-14 4.88354e-14 3.76585e-14
6.21461e-06 6.26371e-06 7.32973e-06 8.07288e-06 8.5175e-06 8.69936e-06 8.65985e-06 8.44164e-06 8.08579e-06 7.62985e-06 7.10681e-06 6.54468e-06 5.96644e-06 5.39032e-06 4.83026e-06 4.29643e-06 3.79581e-06 3.33274e-06 2.90941e-06 2.52639e-06 2.18296e-06 1.87754e-06 1.60789e-06 1.37139e-06 1.16521e-06 9.86479e-07 8.32321e-07 6.9999e-07 5.86899e-07 4.90647e-07 4.09044e-07 3.40111e-07 2.82081e-07 2.33387e-07 1.92651e-07 1.58673e-07 1.30409e-07 1.0696e-07 8.75539e-08 7.15329e-08 5.83365e-08 4.74906e-08 3.85952e-08 3.13142e-08 2.53663e-08 2.05165e-08 1.65691e-08 1.33618e-08 1.07602e-08 8.65333e-09 6.94978e-09 5.57442e-09 4.46565e-09 3.57307e-09 2.85552e-09 2.27944e-09 1.81753e-09 1.44764e-09 1.1518e-09 9.15469e-10 7.26888e-10 5.76583e-10 4.56916e-10 3.61743e-10 2.8613e-10 2.26118e-10 1.78535e-10 1.40843e-10 1.11015e-10 8.7432e-11 6.88029e-11 5.41003e-11 4.25064e-11 3.33718e-11 2.61807e-11 2.05241e-11 1.60782e-11 1.25865e-11 9.84627e-12 7.69743e-12 6.01355e-12 4.69496e-12 3.66316e-12 2.85632e-12 2.22581e-12 1.73343e-12 1.34916e-12 1.04947e-12 8.15871e-13 6.33911e-13 4.92258e-13 3.82049e-13 2.96353e-13 2.29758e-13 1.78034e-13 1.37884e-13 1.06734e-13 8.25798e-14 6.38605e-14 4.93606e-14 3.81348e-14
4.42421e-06 4.57824e-06 5.42285e-06 6.03335e-06 6.42209e-06 6.61149e-06 6.6295e-06 6.50626e-06 6.27159e-06 5.95348e-06 5.577e-06 5.16386e-06 4.73221e-06 4.29675e-06 3.86898e-06 3.45753e-06 3.06854e-06 2.70608e-06 2.37249e-06 2.06876e-06 1.79484e-06 1.54986e-06 1.33244e-06 1.14078e-06 9.72895e-07 8.26673e-07 6.9999e-07 5.90773e-07 4.97041e-07 4.16939e-07 3.48758e-07 2.9094e-07 2.42082e-07 2.00932e-07 1.66383e-07 1.37463e-07 1.13322e-07 9.32261e-08 7.65395e-08 6.27179e-08 5.12963e-08 4.18791e-08 3.41313e-08 2.77701e-08 2.25578e-08 1.82949e-08 1.4815e-08 1.19793e-08 9.67251e-09 7.79906e-09 6.27998e-09 5.05016e-09 4.05599e-09 3.2535e-09 2.60664e-09 2.08593e-09 1.66733e-09 1.33125e-09 1.06175e-09 8.45919e-10 6.73262e-10 5.35305e-10 4.25197e-10 3.37412e-10 2.67499e-10 2.11877e-10 1.6767e-10 1.3257e-10 1.04728e-10 8.26629e-11 6.51931e-11 5.13739e-11 4.04519e-11 3.18273e-11 2.50224e-11 1.96578e-11 1.54321e-11 1.21061e-11 9.49019e-12 7.43442e-12 5.82004e-12 4.55318e-12 3.55976e-12 2.7813e-12 2.17171e-12 1.69467e-12 1.32162e-12 1.03007e-12 8.02363e-13 6.24632e-13 4.85993e-13 3.77914e-13 2.93709e-13 2.28142e-13 1.77118e-13 1.37433e-13 1.06585e-13 8.26186e-14 6.40092e-14 4.9567e-14 3.83647e-14
3.14962e-06 3.34404e-06 4.00862e-06 4.50448e-06 4.83652e-06 5.01817e-06 5.06795e-06 5.00687e-06 4.85643e-06 4.63729e-06 4.3684e-06 4.06644e-06 3.74565e-06 3.41777e-06 3.09217e-06 2.77606e-06 2.47474e-06 2.19188e-06 1.92978e-06 1.68964e-06 1.47179e-06 1.27588e-06 1.10108e-06 9.46233e-07 8.09937e-07 6.90679e-07 5.86899e-07 4.97041e-07 4.19602e-07 3.53156e-07 2.96377e-07 2.48042e-07 2.07045e-07 1.7239e-07 1.4319e-07 1.18662e-07 9.8117e-08 8.09566e-08 6.66606e-08 5.47809e-08 4.49325e-08 3.67871e-08 3.00649e-08 2.45289e-08 1.99792e-08 1.62472e-08 1.31919e-08 1.0695e-08 8.65802e-09 6.99908e-09 5.65023e-09 4.55523e-09 3.66767e-09 2.94932e-09 2.36875e-09 1.90018e-09 1.52253e-09 1.21855e-09 9.74176e-10 7.77972e-10 6.20629e-10 4.946e-10 3.93767e-10 3.13183e-10 2.48852e-10 1.9755e-10 1.5668e-10 1.24155e-10 9.82947e-11 7.77543e-11 6.14546e-11 4.85318e-11 3.82955e-11 3.01944e-11 2.37886e-11 1.87276e-11 1.47323e-11 1.15809e-11 9.09713e-12 7.14102e-12 5.60165e-12 4.39114e-12 3.43993e-12 2.69302e-12 2.10692e-12 1.64734e-12 1.28721e-12 1.0052e-12 7.84501e-13 6.11897e-13 4.76993e-13 3.71619e-13 2.8936e-13 2.25186e-13 1.75149e-13 1.36157e-13 1.0579e-13 8.21532e-14 6.37649e-14 4.94675e-14 3.83569e-14
2.24223e-06 2.44098e-06 2.96079e-06 3.35976e-06 3.63837e-06 3.80411e-06 3.86896e-06 3.84737e-06 3.75468e-06 3.60605e-06 3.41568e-06 3.19632e-06 2.95903e-06 2.71311e-06 2.46614e-06 2.22405e-06 1.99135e-06 1.77126e-06 1.56592e-06 1.3766e-06 1.20383e-06 1.0476e-06 9.07477e-07 7.82724e-07 6.72393e-07 5.75413e-07 4.90647e-07 4.16939e-07 3.53156e-07 2.98209e-07 2.51072e-07 2.10794e-07 1.76504e-07 1.47414e-07 1.22817e-07 1.02083e-07 8.46584e-08 7.00555e-08 5.78505e-08 4.76759e-08 3.92146e-08 3.21947e-08 2.63837e-08 2.15838e-08 1.76274e-08 1.43727e-08 1.17004e-08 9.51039e-09 7.71879e-09 6.25566e-09 5.06277e-09 4.09177e-09 3.30263e-09 2.66226e-09 2.14337e-09 1.72351e-09 1.38425e-09 1.11048e-09 8.89856e-10 7.12279e-10 5.69527e-10 4.54908e-10 3.62985e-10 2.89347e-10 2.30423e-10 1.83324e-10 1.45716e-10 1.15717e-10 9.18122e-11 7.2782e-11 5.76468e-11 4.56208e-11 3.6074e-11 2.85021e-11 2.25017e-11 1.77509e-11 1.39925e-11 1.10216e-11 8.67521e-12 6.82345e-12 5.36318e-12 4.21251e-12 3.30648e-12 2.59359e-12 2.03307e-12 1.59267e-12 1.24688e-12 9.75556e-13 7.62809e-13 5.96099e-13 4.65549e-13 3.63379e-13 2.83469e-13 2.21008e-13 1.72214e-13 1.3412e-13 1.04396e-13 8.1217e-14 6.31515e-14 4.90791e-14 3.81234e-14
1.59625e-06 1.78071e-06 2.18515e-06 2.50363e-06 2.73413e-06 2.88036e-06 2.94981e-06 2.95225e-06 2.89853e-06 2.79968e-06 2.66626e-06 2.50795e-06 2.33328e-06 2.14959e-06 1.96291e-06 1.77811e-06 1.59894e-06 1.42818e-06 1.26777e-06 1.11891e-06 9.82276e-07 8.58033e-07 7.46015e-07 6.45787e-07 5.56725e-07 4.78083e-07 4.09044e-07 3.48758e-07 2.96377e-07 2.51072e-07 2.12058e-07 1.78595e-07 1.50004e-07 1.25661e-07 1.05006e-07 8.75367e-08 7.28058e-08 6.04201e-08 5.00349e-08 4.13501e-08 3.41053e-08 2.80763e-08 2.30707e-08 1.89238e-08 1.54957e-08 1.26675e-08 1.03388e-08 8.42502e-09 6.85513e-09 5.56957e-09 4.51865e-09 3.66095e-09 2.96206e-09 2.39346e-09 1.93154e-09 1.55684e-09 1.2533e-09 1.00777e-09 8.09401e-10 6.49354e-10 5.20386e-10 4.16587e-10 3.33146e-10 2.66147e-10 2.12411e-10 1.6936e-10 1.34906e-10 1.07362e-10 8.53637e-11 6.78126e-11 5.38232e-11 4.26833e-11 3.38208e-11 2.67765e-11 2.11824e-11 1.67438e-11 1.32251e-11 1.0438e-11 8.2321e-12 6.48766e-12 5.10923e-12 4.02084e-12 3.16213e-12 2.48513e-12 1.95177e-12 1.53188e-12 1.20154e-12 9.41851e-13 7.37827e-13 5.77646e-13 4.51968e-13 3.53425e-13 2.76207e-13 2.15736e-13 1.6841e-13 1.31392e-13 1.02456e-13 7.98488e-14 6.21972e-14 4.84224e-14 3.7679e-14
1.13638e-06 1.29828e-06 1.61151e-06 1.864e-06 2.05254e-06 2.17846e-06 2.24624e-06 2.26236e-06 2.2344e-06 2.17032e-06 2.07793e-06 1.96451e-06 1.83662e-06 1.69998e-06 1.55939e-06 1.41877e-06 1.28123e-06 1.14912e-06 1.02414e-06 9.07429e-07 7.99653e-07 7.01109e-07 6.11796e-07 5.31486e-07 4.59785e-07 3.96187e-07 3.40111e-07 2.9094e-07 2.48042e-07 2.10794e-07 1.78595e-07 1.50876e-07 1.27106e-07 1.06797e-07 8.95055e-08 7.48309e-08 6.24161e-08 5.19441e-08 4.31356e-08 3.57463e-08 2.95634e-08 2.44026e-08 2.0105e-08 1.65344e-08 1.35742e-08 1.11251e-08 9.103e-09 7.4366e-09 6.0659e-09 4.94045e-09 4.01799e-09 3.26316e-09 2.64651e-09 2.14353e-09 1.7339e-09 1.40077e-09 1.13026e-09 9.10901e-10 7.33256e-10 5.89584e-10 4.73536e-10 3.79918e-10 3.04485e-10 2.43778e-10 1.94977e-10 1.55791e-10 1.24361e-10 9.91776e-11 7.9021e-11 6.2904e-11 5.00299e-11 3.97562e-11 3.15653e-11 2.50412e-11 1.98493e-11 1.57213e-11 1.2442e-11 9.83913e-12 7.77492e-12 6.13923e-12 4.84413e-12 3.81951e-12 3.00951e-12 2.36965e-12 1.86457e-12 1.46617e-12 1.15214e-12 9.04791e-13 7.10096e-13 5.56949e-13 4.36565e-13 3.41996e-13 2.67754e-13 2.09507e-13 1.63837e-13 1.28051e-13 1.00025e-13 7.80909e-14 6.09336e-14 4.75208e-14 3.7041e-14
8.08994e-07 9.46024e-07 1.18762e-06 1.38661e-06 1.53937e-06 1.64583e-06 1.70845e-06 1.73146e-06 1.72008e-06 1.68e-06 1.61693e-06 1.53634e-06 1.44324e-06 1.34205e-06 1.23655e-06 1.1299e-06 1.02464e-06 9.2272e-07 8.25613e-07 7.34339e-07 6.4955e-07 5.71591e-07 5.00564e-07 4.3638e-07 3.78806e-07 3.27508e-07 2.82081e-07 2.42082e-07 2.07045e-07 1.76504e-07 1.50004e-07 1.27106e-07 1.074e-07 9.05052e-08 7.60709e-08 6.37806e-08 5.33488e-08 4.45214e-08 3.7073e-08 3.08054e-08 2.55452e-08 2.11415e-08 1.74637e-08 1.43993e-08 1.18515e-08 9.73771e-09 7.98764e-09 6.54152e-09 5.34883e-09 4.36697e-09 3.56009e-09 2.89814e-09 2.35598e-09 1.91266e-09 1.55071e-09 1.25565e-09 1.01545e-09 8.2021e-10 6.6172e-10 5.33238e-10 4.29218e-10 3.45108e-10 2.77182e-10 2.22392e-10 1.78249e-10 1.42725e-10 1.14168e-10 9.12375e-11 7.2844e-11 5.81052e-11 4.63069e-11 3.68717e-11 2.93336e-11 2.33169e-11 1.85189e-11 1.46963e-11 1.16534e-11 9.23332e-12 7.31021e-12 5.78329e-12 4.57193e-12 3.61167e-12 2.85107e-12 2.24907e-12 1.77297e-12 1.3967e-12 1.09956e-12 8.65066e-13 6.80145e-13 5.34416e-13 4.19651e-13 3.2933e-13 2.58293e-13 2.02459e-13 1.58603e-13 1.24175e-13 9.71654e-14 7.59886e-14 5.93947e-14 4.63994e-14 3.62282e-14
