0.172832 0.0881798 0.0449897 0.0229539 0.0117112 0.00597509 0.00304852 0.00155537 0.000793554 0.000404875 0.000206569 0.000105392 5.37715e-05 2.74344e-05 1.39972e-05 7.14141e-06 3.64358e-06 1.85897e-06 9.48453e-07 4.83905e-07 2.4689e-07 1.25964e-07 6.42675e-08 3.27895e-08 1.67294e-08 8.53539e-09 4.35479e-09 2.22183e-09 1.13359e-09 5.78361e-10 2.95082e-10 1.50552e-10 7.68123e-11 3.919e-11 1.99949e-11 1.02015e-11 5.20483e-12 2.65553e-12 1.35486e-12 6.91255e-13 3.52681e-13 1.79939e-13 9.18058e-14 4.68397e-14 2.38978e-14 1.21928e-14 6.22079e-15 3.17387e-15 1.61932e-15 8.26186e-16 4.21523e-16 2.15063e-16 1.09726e-16 5.59826e-17 2.85626e-17 1.45727e-17 7.43507e-18 3.7934e-18 1.93541e-18 9.87454e-19 5.03803e-19 2.57042e-19 1.31144e-19 6.69102e-20 3.41379e-20 1.74173e-20 8.88637e-21 4.53386e-21 2.31319e-21 1.1802e-21 6.02144e-22 3.07216e-22 1.56743e-22 7.99709e-23 4.08015e-23 2.08171e-23 1.0621e-23 5.41886e-24 2.76472e-24 1.41057e-24 7.1968e-25 3.67184e-25 1.87339e-25 9.55809e-26 4.87658e-26 2.48805e-26 1.26941e-26 6.4766e-27 3.30439e-27 1.68591e-27 8.60159e-28 4.38857e-28 2.23906e-28 1.14238e-28 5.82847e-29 2.97371e-29 1.5172e-29 7.74081e-30 3.94939e-30 2.015e-30 1.02806e-30
0.0881798 0.0565811 0.0347819 0.0207632 0.012133 0.00697573 0.00395978 0.00222475 0.00123939 0.000685565 0.000376932 0.000206166 0.000112255 6.08795e-05 3.29009e-05 1.77249e-05 9.52229e-06 5.10268e-06 2.72808e-06 1.45549e-06 7.75051e-07 4.11993e-07 2.18649e-07 1.15866e-07 6.13142e-08 3.24048e-08 1.71055e-08 9.01936e-09 4.75073e-09 2.49987e-09 1.31423e-09 6.90317e-10 3.623e-10 1.89998e-10 9.95663e-11 5.21402e-11 2.72863e-11 1.42707e-11 7.45905e-12 3.89651e-12 2.03437e-12 1.0616e-12 5.537e-13 2.88657e-13 1.50416e-13 7.83454e-14 4.07899e-14 2.12284e-14 1.10437e-14 5.74313e-15 2.98558e-15 1.55153e-15 8.06018e-16 4.18593e-16 2.17322e-16 1.12794e-16 5.85255e-17 3.03586e-17 1.57435e-17 8.16221e-18 4.23062e-18 2.19227e-18 1.13574e-18 5.88256e-19 3.04618e-19 1.57707e-19 8.16309e-20 4.22444e-20 2.18573e-20 1.13068e-20 5.84795e-21 3.02403e-21 1.56348e-21 8.08205e-22 4.17713e-22 2.15855e-22 1.11526e-22 5.76136e-23 2.97581e-23 1.53681e-23 7.93549e-24 4.09699e-24 2.11493e-24 1.09161e-24 5.63353e-25 2.90696e-25 1.49983e-25 7.73732e-26 3.99105e-26 2.05841e-26 1.06152e-26 5.47359e-27 2.82208e-27 1.45485e-27 7.49934e-28 3.86529e-28 1.99203e-28 1.02652e-28 5.28925e-29 2.72508e-29 1.40386e-29
0.0449897 0.0347819 0.024558 0.0164018 0.0105463 0.00659521 0.0040372 0.00242969 0.00144207 0.000846025 0.000491479 0.000283103 0.000161874 9.19573e-05 5.19388e-05 2.91849e-05 1.63234e-05 9.09158e-06 5.0444e-06 2.78909e-06 1.53718e-06 8.44705e-07 4.62914e-07 2.53044e-07 1.37997e-07 7.50912e-08 4.07772e-08 2.21009e-08 1.19569e-08 6.45788e-09 3.48229e-09 1.87492e-09 1.00804e-09 5.41233e-10 2.90223e-10 1.55435e-10 8.31495e-11 4.44313e-11 2.3717e-11 1.26471e-11 6.73761e-12 3.58606e-12 1.90698e-12 1.01323e-12 5.37914e-13 2.85352e-13 1.51259e-13 8.01217e-14 4.24108e-14 2.24342e-14 1.18595e-14 6.26542e-15 3.30806e-15 1.7456e-15 9.206e-16 4.85247e-16 2.55638e-16 1.34607e-16 7.08431e-17 3.72665e-17 1.95948e-17 1.02983e-17 5.41006e-18 2.84089e-18 1.49118e-18 7.82403e-19 4.10358e-19 2.15145e-19 1.12756e-19 5.90739e-20 3.09384e-20 1.61977e-20 8.47747e-21 4.43546e-21 2.31993e-21 1.21305e-21 6.34093e-22 3.3136e-22 1.73111e-22 9.04121e-23 4.72076e-23 2.46424e-23 1.286e-23 6.70946e-24 3.49968e-24 1.825e-24 9.51471e-25 4.95938e-25 2.5844e-25 1.34647e-25 7.01357e-26 3.65249e-26 1.90173e-26 9.89962e-27 5.15231e-27 2.68102e-27 1.39481e-27 7.25516e-28 3.77311e-28 1.96188e-28 1.01993e-28
0.0229539 0.0207632 0.0164018 0.0119909 0.00832907 0.00557646 0.00363047 0.00231177 0.00144571 0.000890585 0.000541648 0.000325818 0.000194115 0.000114675 6.72371e-05 3.91582e-05 2.26672e-05 1.30491e-05 7.47453e-06 4.26176e-06 2.41968e-06 1.36846e-06 7.71141e-07 4.3309e-07 2.42472e-07 1.35356e-07 7.5353e-08 4.18416e-08 2.31774e-08 1.28095e-08 7.06421e-09 3.88786e-09 2.1356e-09 1.17094e-09 6.40901e-10 3.50211e-10 1.91066e-10 1.04084e-10 5.66186e-11 3.07566e-11 1.66857e-11 9.04078e-12 4.89262e-12 2.64468e-12 1.42798e-12 7.702e-13 4.14991e-13 2.23379e-13 1.20124e-13 6.45385e-14 3.46433e-14 1.85801e-14 9.95668e-15 5.3313e-15 2.85243e-15 1.525e-15 8.14718e-16 4.3495e-16 2.32046e-16 1.23715e-16 6.59156e-17 3.50982e-17 1.86774e-17 9.93328e-18 5.27983e-18 2.80482e-18 1.48921e-18 7.90269e-19 4.19152e-19 2.22204e-19 1.17739e-19 6.23564e-20 3.30097e-20 1.74665e-20 9.23799e-21 4.88386e-21 2.58087e-21 1.3633e-21 7.19851e-22 3.79947e-22 2.00465e-22 1.05728e-22 5.57423e-23 2.93781e-23 1.54778e-23 8.15169e-24 4.29181e-24 2.25886e-24 1.1885e-24 6.25136e-25 3.28711e-25 1.72792e-25 9.08037e-26 4.77043e-26 2.50547e-26 1.31552e-26 6.9054e-27 3.62379e-27 1.90118e-27 9.97174e-28 5.22888e-28
0.0117112 0.012133 0.0105463 0.00832907 0.00618192 0.00438966 0.00301431 0.00201583 0.00131936 0.000848155 0.000536986 0.000335538 0.00020727 0.000126747 7.68114e-05 4.61753e-05 2.75568e-05 1.63371e-05 9.62716e-06 5.6418e-06 3.28945e-06 1.9089e-06 1.10293e-06 6.34667e-07 3.6383e-07 2.07831e-07 1.18325e-07 6.71566e-08 3.80033e-08 2.14461e-08 1.20708e-08 6.77706e-09 3.79598e-09 2.12146e-09 1.18309e-09 6.58451e-10 3.65752e-10 2.0279e-10 1.12238e-10 6.20156e-11 3.42103e-11 1.88425e-11 1.03627e-11 5.69098e-12 3.12106e-12 1.70939e-12 9.35036e-13 5.10835e-13 2.78752e-13 1.51935e-13 8.27218e-14 4.49901e-14 2.44437e-14 1.32673e-14 7.19411e-15 3.89732e-15 2.10941e-15 1.14071e-15 6.16334e-16 3.32735e-16 1.79487e-16 9.67444e-17 5.21063e-17 2.80436e-17 1.50822e-17 8.10578e-18 4.35339e-18 2.33654e-18 1.25326e-18 6.71788e-19 3.59881e-19 1.92675e-19 1.03096e-19 5.51325e-20 2.94668e-20 1.57407e-20 8.40399e-21 4.48458e-21 2.39188e-21 1.27509e-21 6.79414e-22 3.61845e-22 1.92624e-22 1.02495e-22 5.45129e-23 2.89808e-23 1.54006e-23 8.18057e-24 4.34364e-24 2.30542e-24 1.22314e-24 6.48691e-25 3.43903e-25 1.82253e-25 9.65507e-26 5.11308e-26 2.70682e-26 1.43248e-26 7.57828e-27 4.00785e-27 2.11891e-27
0.00597509 0.00697573 0.00659521 0.00557646 0.00438966 0.00328465 0.00236549 0.00165288 0.00112691 0.000752733 0.000494122 0.000319528 0.000203935 0.000128662 8.03409e-05 4.9706e-05 3.04968e-05 1.85698e-05 1.12292e-05 6.7473e-06 4.03057e-06 2.39469e-06 1.41562e-06 8.32934e-07 4.87951e-07 2.84684e-07 1.65456e-07 9.58145e-08 5.5297e-08 3.18108e-08 1.82443e-08 1.04335e-08 5.95031e-09 3.38471e-09 1.92056e-09 1.0872e-09 6.14063e-10 3.46084e-10 1.94651e-10 1.09263e-10 6.12168e-11 3.42358e-11 1.91132e-11 1.06527e-11 5.9277e-12 3.29336e-12 1.82702e-12 1.0121e-12 5.59882e-13 3.09306e-13 1.70654e-13 9.40374e-14 5.17556e-14 2.84514e-14 1.56227e-14 8.56901e-15 4.69505e-15 2.56981e-15 1.40515e-15 7.67576e-16 4.18897e-16 2.28398e-16 1.2442e-16 6.77183e-17 3.6826e-17 2.00099e-17 1.08639e-17 5.89366e-18 3.19487e-18 1.7306e-18 9.36758e-19 5.06698e-19 2.73886e-19 1.47945e-19 7.98622e-20 4.30828e-20 2.3227e-20 1.25146e-20 6.73873e-21 3.62648e-21 1.95048e-21 1.04847e-21 5.63288e-22 3.02462e-22 1.62324e-22 8.70704e-23 4.66809e-23 2.50145e-23 1.33978e-23 7.17249e-24 3.83799e-24 2.05276e-24 1.09743e-24 5.86446e-25 3.13249e-25 1.6725e-25 8.92616e-26 4.76195e-26 2.5394e-26 1.35365e-26 7.21299e-27
0.00304852 0.00395978 0.0040372 0.00363047 0.00301431 0.00236549 0.00177904 0.00129387 0.000915689 0.000633471 0.000429844 0.000286848 0.000188654 0.000122487 7.86211e-05 4.99479e-05 3.1438e-05 1.9621e-05 1.21514e-05 7.47228e-06 4.56495e-06 2.77196e-06 1.67377e-06 1.00538e-06 6.00945e-07 3.5756e-07 2.11832e-07 1.2499e-07 7.34678e-08 4.3028e-08 2.51142e-08 1.4611e-08 8.47432e-09 4.90068e-09 2.82616e-09 1.62548e-09 9.32535e-10 5.33695e-10 3.04727e-10 1.73605e-10 9.86931e-11 5.59913e-11 3.17029e-11 1.79165e-11 1.01069e-11 5.69139e-12 3.19951e-12 1.79573e-12 1.00626e-12 5.63017e-13 3.14551e-13 1.75486e-13 9.7768e-14 5.43964e-14 3.02261e-14 1.67745e-14 9.29795e-15 5.1477e-15 2.8467e-15 1.57249e-15 8.67686e-16 4.78279e-16 2.63363e-16 1.44876e-16 7.96193e-17 4.3715e-17 2.39796e-17 1.31421e-17 7.19631e-18 3.93717e-18 2.15228e-18 1.1756e-18 6.41619e-19 3.49913e-19 1.90684e-19 1.03836e-19 5.65028e-20 3.07245e-20 1.66956e-20 9.06621e-21 4.91998e-21 2.66821e-21 1.44612e-21 7.83283e-22 4.24005e-22 2.29385e-22 1.24024e-22 6.70196e-23 3.61955e-23 1.95375e-23 1.05403e-23 5.68336e-24 3.06291e-24 1.64985e-24 8.88255e-25 4.77991e-25 2.57095e-25 1.38218e-25 7.42733e-26 3.98938e-26 2.14183e-26
0.00155537 0.00222475 0.00242969 0.00231177 0.00201583 0.00165288 0.00129387 0.000976494 0.000715372 0.000511237 0.000357731 0.000245804 0.000166231 0.00011085 7.29994e-05 4.75354e-05 3.06406e-05 1.95686e-05 1.23921e-05 7.78674e-06 4.85793e-06 3.01067e-06 1.85437e-06 1.13561e-06 6.91719e-07 4.19219e-07 2.5287e-07 1.51851e-07 9.08055e-08 5.40854e-08 3.20932e-08 1.89756e-08 1.11816e-08 6.56768e-09 3.84577e-09 2.24533e-09 1.30725e-09 7.59053e-10 4.39613e-10 2.53981e-10 1.46388e-10 8.41833e-11 4.83058e-11 2.76606e-11 1.58069e-11 9.01548e-12 5.13233e-12 2.91645e-12 1.65438e-12 9.36872e-13 5.29684e-13 2.98997e-13 1.6852e-13 9.484e-14 5.32976e-14 2.99102e-14 1.67626e-14 9.38201e-15 5.24439e-15 2.9279e-15 1.63266e-15 9.09335e-16 5.05893e-16 2.81133e-16 1.56061e-16 8.65409e-17 4.79405e-17 2.65308e-17 1.46681e-17 8.10187e-18 4.47089e-18 2.46495e-18 1.35781e-18 7.47301e-19 4.10947e-19 2.25796e-19 1.23965e-19 6.80045e-20 3.72771e-20 2.04183e-20 1.11757e-20 6.1125e-21 3.34083e-21 1.82469e-21 9.95931e-22 5.43227e-22 2.96108e-22 1.61302e-22 8.78134e-23 4.77764e-23 2.5978e-23 1.41169e-23 7.66697e-24 4.1616e-24 2.25764e-24 1.22408e-24 6.63336e-25 3.59275e-25 1.94489e-25 1.0523e-25 5.69075e-26
0.000793554 0.00123939 0.00144207 0.00144571 0.00131936 0.00112691 0.000915689 0.000715372 0.000541273 0.000398756 0.000287171 0.000202798 0.000140781 9.62604e-05 6.49363e-05 4.32771e-05 2.85274e-05 1.86177e-05 1.20399e-05 7.72098e-06 4.9131e-06 3.10399e-06 1.94799e-06 1.21493e-06 7.53333e-07 4.64573e-07 2.85032e-07 1.74035e-07 1.05779e-07 6.40161e-08 3.85839e-08 2.31654e-08 1.38571e-08 8.26007e-09 4.90731e-09 2.90614e-09 1.7158e-09 1.01007e-09 5.92953e-10 3.47158e-10 2.0273e-10 1.18096e-10 6.86314e-11 3.97939e-11 2.30226e-11 1.32914e-11 7.65773e-12 4.40321e-12 2.52703e-12 1.4476e-12 8.27779e-13 4.72529e-13 2.69288e-13 1.53214e-13 8.70364e-14 4.93674e-14 2.79599e-14 1.58128e-14 8.93048e-15 5.03676e-15 2.83698e-15 1.59589e-15 8.96617e-16 5.03133e-16 2.81998e-16 1.57872e-16 8.82834e-17 4.93146e-17 2.75174e-17 1.53386e-17 8.54129e-18 4.75147e-18 2.64065e-18 1.46616e-18 8.13301e-19 4.5074e-19 2.49584e-19 1.3808e-19 7.63266e-20 4.21562e-20 2.32645e-20 1.28287e-20 7.06856e-21 3.89179e-21 2.14113e-21 1.17712e-21 6.46671e-22 3.55012e-22 1.94761e-22 1.06774e-22 5.84985e-23 3.20287e-23 1.75249e-23 9.58298e-24 5.23694e-24 2.86017e-24 1.56117e-24 8.51634e-25 4.6431e-25 2.52998e-25 1.37781e-25
0.000404875 0.000685565 0.000846025 0.000890585 0.000848155 0.000752733 0.000633471 0.000511237 0.000398756 0.000302298 0.000223694 0.000162105 0.000115345 8.07572e-05 5.5732e-05 3.79665e-05 2.55626e-05 1.70283e-05 1.1233e-05 7.34381e-06 4.76152e-06 3.06361e-06 1.95712e-06 1.24196e-06 7.83234e-07 4.91061e-07 3.06192e-07 1.89934e-07 1.17243e-07 7.20385e-08 4.40695e-08 2.68475e-08 1.62912e-08 9.8484e-09 5.93224e-09 3.56109e-09 2.13071e-09 1.27087e-09 7.55746e-10 4.48124e-10 2.64983e-10 1.56273e-10 9.19262e-11 5.39418e-11 3.15778e-11 1.84435e-11 1.07485e-11 6.2507e-12 3.62755e-12 2.10104e-12 1.21456e-12 7.00799e-13 4.03631e-13 2.32067e-13 1.33201e-13 7.6328e-14 4.36684e-14 2.49445e-14 1.42275e-14 8.10298e-15 4.6083e-15 2.61718e-15 1.48437e-15 8.40767e-16 4.75613e-16 2.68714e-16 1.51634e-16 8.54649e-17 4.81145e-17 2.70565e-17 1.51981e-17 8.52784e-18 4.78003e-18 2.67655e-18 1.49722e-18 8.36692e-19 4.67121e-19 2.60546e-19 1.45191e-19 8.08361e-20 4.49663e-20 2.49916e-20 1.38782e-20 7.70038e-21 4.26913e-21 2.36494e-21 1.30907e-21 7.24059e-22 4.00183e-22 2.21016e-22 1.21976e-22 6.72697e-23 3.70733e-23 2.04177e-23 1.12373e-23 6.18059e-24 3.39718e-24 1.86608e-24 1.0244e-24 5.62012e-25 3.08148e-25
0.000206569 0.000376932 0.000491479 0.000541648 0.000536986 0.000494122 0.000429844 0.000357731 0.000287171 0.000223694 0.000169843 0.000126134 9.18783e-05 6.57901e-05 4.63955e-05 3.22722e-05 2.21708e-05 1.50598e-05 1.01242e-05 6.74156e-06 4.4498e-06 2.91325e-06 1.89287e-06 1.22121e-06 7.82677e-07 4.98514e-07 3.15671e-07 1.98793e-07 1.2454e-07 7.76391e-08 4.81754e-08 2.9761e-08 1.8308e-08 1.12174e-08 6.8467e-09 4.16375e-09 2.52331e-09 1.52407e-09 9.17586e-10 5.5075e-10 3.29595e-10 1.96686e-10 1.17053e-10 6.94783e-11 4.11355e-11 2.42954e-11 1.43155e-11 8.4159e-12 4.93673e-12 2.88971e-12 1.68801e-12 9.84078e-13 5.72592e-13 3.32543e-13 1.92779e-13 1.1156e-13 6.44484e-14 3.71702e-14 2.1403e-14 1.23047e-14 7.06328e-15 4.0485e-15 2.31714e-15 1.32434e-15 7.55873e-16 4.30841e-16 2.45255e-16 1.39433e-16 7.9172e-17 4.49006e-17 2.54342e-17 1.43907e-17 8.13304e-18 4.59141e-18 2.58922e-18 1.45859e-18 8.20824e-19 4.61453e-19 2.59164e-19 1.45413e-19 8.15113e-20 4.56489e-20 2.55416e-20 1.42784e-20 7.97498e-21 4.4505e-21 2.48155e-21 1.38255e-21 7.69641e-22 4.28106e-22 2.37945e-22 1.32151e-22 7.33397e-23 4.06713e-23 2.25385e-23 1.24811e-23 6.90681e-24 3.81949e-24 2.11077e-24 1.16571e-24 6.43364e-25
0.000105392 0.000206166 0.000283103 0.000325818 0.000335538 0.000319528 0.000286848 0.000245804 0.000202798 0.000162105 0.000126134 9.58878e-05 7.14248e-05 5.2253e-05 3.76175e-05 2.66925e-05 1.8694e-05 1.2937e-05 8.85575e-06 6.00141e-06 4.02951e-06 2.68234e-06 1.77133e-06 1.16103e-06 7.55699e-07 4.8866e-07 3.1404e-07 2.00649e-07 1.27498e-07 8.05956e-08 5.06965e-08 3.17403e-08 1.97838e-08 1.22791e-08 7.5904e-09 4.67395e-09 2.86747e-09 1.75297e-09 1.06802e-09 6.48588e-10 3.92646e-10 2.36988e-10 1.42626e-10 8.55969e-11 5.12334e-11 3.0586e-11 1.82141e-11 1.08204e-11 6.41306e-12 3.79233e-12 2.23768e-12 1.31756e-12 7.74202e-13 4.54017e-13 2.65738e-13 1.55246e-13 9.05311e-14 5.26996e-14 3.06247e-14 1.77668e-14 1.02907e-14 5.95098e-15 3.4361e-15 1.98103e-15 1.14046e-15 6.5562e-16 3.76374e-16 2.15774e-16 1.23538e-16 7.0639e-17 4.03403e-17 2.30091e-17 1.3108e-17 7.45866e-18 4.23922e-18 2.40671e-18 1.36484e-18 7.73166e-19 4.37527e-19 2.47337e-19 1.3968e-19 7.88044e-20 4.44165e-20 2.50107e-20 1.40703e-20 7.90829e-21 4.44092e-21 2.49162e-21 1.39675e-21 7.82321e-22 4.37816e-22 2.44819e-22 1.36789e-22 7.63687e-23 4.26035e-23 2.3749e-23 1.32289e-23 7.36348e-24 4.09572e-24 2.27652e-24 1.26447e-24
5.37715e-05 0.000112255 0.000161874 0.000194115 0.00020727 0.000203935 0.000188654 0.000166231 0.000140781 0.000115345 9.18783e-05 7.14248e-05 5.4353e-05 4.05887e-05 2.98037e-05 2.15554e-05 1.53773e-05 1.08337e-05 7.54566e-06 5.20048e-06 3.54946e-06 2.40083e-06 1.61032e-06 1.07166e-06 7.07968e-07 4.64492e-07 3.02782e-07 1.96167e-07 1.26362e-07 8.09527e-08 5.15936e-08 3.27207e-08 2.06545e-08 1.29798e-08 8.12219e-09 5.06187e-09 3.14238e-09 1.94352e-09 1.19775e-09 7.35627e-10 4.50316e-10 2.7479e-10 1.67172e-10 1.01402e-10 6.13346e-11 3.69979e-11 2.22589e-11 1.33575e-11 7.99609e-12 4.77524e-12 2.84519e-12 1.69144e-12 1.00337e-12 5.9396e-13 3.50887e-13 2.0688e-13 1.2174e-13 7.15057e-14 4.19237e-14 2.45364e-14 1.43356e-14 8.36174e-15 4.86934e-15 2.83109e-15 1.64349e-15 9.52631e-16 5.51371e-16 3.1867e-16 1.8392e-16 1.06004e-16 6.10154e-17 3.50742e-17 2.01365e-17 1.15462e-17 6.61245e-18 3.78242e-18 2.16108e-18 1.23332e-18 7.03067e-19 4.00352e-19 2.27731e-19 1.29404e-19 7.34557e-20 4.16549e-20 2.35981e-20 1.33557e-20 7.55173e-21 4.26599e-21 2.40767e-21 1.35764e-21 7.64872e-22 4.30545e-22 2.42147e-22 1.36075e-22 7.64049e-23 4.28662e-23 2.40307e-23 1.34611e-23 7.53462e-24 4.21422e-24 2.35534e-24
2.74344e-05 6.08795e-05 9.19573e-05 0.000114675 0.000126747 0.000128662 0.000122487 0.00011085 9.62604e-05 8.07572e-05 6.57901e-05 5.2253e-05 4.05887e-05 3.09138e-05 2.3135e-05 1.70419e-05 1.2375e-05 8.86966e-06 6.28166e-06 4.40011e-06 3.05096e-06 2.09562e-06 1.42685e-06 9.6357e-07 6.45737e-07 4.29636e-07 2.83924e-07 1.86435e-07 1.21682e-07 7.89671e-08 5.09693e-08 3.2729e-08 2.09135e-08 1.33012e-08 8.42209e-09 5.31003e-09 3.3343e-09 2.08553e-09 1.29958e-09 8.06915e-10 4.99291e-10 3.0792e-10 1.89293e-10 1.1601e-10 7.08868e-11 4.31909e-11 2.62433e-11 1.59031e-11 9.61227e-12 5.7954e-12 3.48569e-12 2.09159e-12 1.25221e-12 7.4803e-13 4.45895e-13 2.65243e-13 1.57463e-13 9.32955e-14 5.51716e-14 3.2566e-14 1.9188e-14 1.12857e-14 6.62656e-15 3.88438e-15 2.27326e-15 1.32827e-15 7.74916e-16 4.51404e-16 2.62565e-16 1.52505e-16 8.84546e-17 5.12343e-17 2.96359e-17 1.71201e-17 9.87724e-18 5.69142e-18 3.27546e-18 1.88279e-18 1.08099e-18 6.19925e-19 3.55113e-19 2.03196e-19 1.16143e-19 6.63143e-20 3.78243e-20 2.15521e-20 1.2268e-20 6.97643e-21 3.96344e-21 2.24958e-21 1.27563e-21 7.22695e-22 4.09068e-22 2.31341e-22 1.30718e-22 7.3799e-23 4.16296e-23 2.34638e-23 1.32143e-23 7.4361e-24 4.18127e-24
1.39972e-05 3.29009e-05 5.19388e-05 6.72371e-05 7.68114e-05 8.03409e-05 7.86211e-05 7.29994e-05 6.49363e-05 5.5732e-05 4.63955e-05 3.76175e-05 2.98037e-05 2.3135e-05 1.76333e-05 1.32208e-05 9.76593e-06 7.11659e-06 5.12187e-06 3.64428e-06 2.56566e-06 1.78864e-06 1.23559e-06 8.46297e-07 5.75042e-07 3.87808e-07 2.59697e-07 1.72753e-07 1.14195e-07 7.50382e-08 4.90299e-08 3.18644e-08 2.06029e-08 1.32567e-08 8.49027e-09 5.41348e-09 3.43704e-09 2.17332e-09 1.36888e-09 8.58966e-10 5.3706e-10 3.34629e-10 2.07805e-10 1.28632e-10 7.93777e-11 4.88368e-11 2.99599e-11 1.83283e-11 1.11822e-11 6.80458e-12 4.13023e-12 2.50082e-12 1.51063e-12 9.10401e-13 5.47438e-13 3.28468e-13 1.96668e-13 1.17512e-13 7.00756e-14 4.17068e-14 2.47757e-14 1.46908e-14 8.69534e-15 5.1377e-15 3.03048e-15 1.78457e-15 1.04918e-15 6.15861e-16 3.60947e-16 2.11227e-16 1.23429e-16 7.20207e-17 4.19651e-17 2.44186e-17 1.41896e-17 8.2347e-18 4.77272e-18 2.76272e-18 1.59724e-18 9.22317e-19 5.31955e-19 3.06455e-19 1.76345e-19 1.01362e-19 5.8199e-20 3.33802e-20 1.91252e-20 1.09465e-20 6.25896e-21 3.57519e-21 2.0402e-21 1.16314e-21 6.62492e-22 3.76989e-22 2.1433e-22 1.21744e-22 6.90931e-23 3.91784e-23 2.21968e-23 1.25653e-23 7.10721e-24
7.14141e-06 1.77249e-05 2.91849e-05 3.91582e-05 4.61753e-05 4.9706e-05 4.99479e-05 4.75354e-05 4.32771e-05 3.79665e-05 3.22722e-05 2.66925e-05 2.15554e-05 1.70419e-05 1.32208e-05 1.00832e-05 7.57229e-06 5.60715e-06 4.09878e-06 2.96079e-06 2.11539e-06 1.49606e-06 1.04807e-06 7.27745e-07 5.01148e-07 3.42428e-07 2.32266e-07 1.56458e-07 1.04706e-07 6.9639e-08 4.60449e-08 3.02751e-08 1.98007e-08 1.28847e-08 8.34386e-09 5.37839e-09 3.45156e-09 2.20566e-09 1.40377e-09 8.89935e-10 5.62072e-10 3.53719e-10 2.21828e-10 1.3865e-10 8.63815e-11 5.36499e-11 3.32208e-11 2.05111e-11 1.26283e-11 7.75388e-12 4.7484e-12 2.90045e-12 1.76729e-12 1.07426e-12 6.51468e-13 3.9418e-13 2.3798e-13 1.43369e-13 8.61924e-14 5.17132e-14 3.09655e-14 1.85064e-14 1.10396e-14 6.57342e-15 3.90714e-15 2.31832e-15 1.37326e-15 8.12114e-16 4.79491e-16 2.82658e-16 1.66369e-16 9.77762e-17 5.73792e-17 3.36242e-17 1.96762e-17 1.14982e-17 6.71022e-18 3.91085e-18 2.27638e-18 1.32334e-18 7.68349e-19 4.45574e-19 2.58086e-19 1.49315e-19 8.62872e-20 4.98084e-20 2.87198e-20 1.65421e-20 9.51791e-21 5.47067e-21 3.1412e-21 1.80184e-21 1.03255e-21 5.91131e-22 3.381e-22 1.93197e-22 1.10296e-22 6.29107e-23 3.58513e-23 2.0413e-23 1.16128e-23
3.64358e-06 9.52229e-06 1.63234e-05 2.26672e-05 2.75568e-05 3.04968e-05 3.1438e-05 3.06406e-05 2.85274e-05 2.55626e-05 2.21708e-05 1.8694e-05 1.53773e-05 1.2375e-05 9.76593e-06 7.57229e-06 5.77835e-06 4.34566e-06 3.22486e-06 2.36389e-06 1.7132e-06 1.2286e-06 8.72465e-07 6.13905e-07 4.28275e-07 2.96373e-07 2.03543e-07 1.38791e-07 9.39989e-08 6.32553e-08 4.23084e-08 2.81346e-08 1.86064e-08 1.22406e-08 8.01243e-09 5.21968e-09 3.38478e-09 2.18528e-09 1.40493e-09 8.99583e-10 5.7377e-10 3.64594e-10 2.30842e-10 1.4565e-10 9.15907e-11 5.74099e-11 3.58729e-11 2.23477e-11 1.38813e-11 8.59807e-12 5.31106e-12 3.27197e-12 2.01057e-12 1.23238e-12 7.53555e-13 4.59689e-13 2.79782e-13 1.69906e-13 1.02958e-13 6.22579e-14 3.75699e-14 2.26265e-14 1.36004e-14 8.15947e-15 4.88618e-15 2.92075e-15 1.74283e-15 1.03817e-15 6.17385e-16 3.66548e-16 2.17276e-16 1.28592e-16 7.59887e-17 4.4837e-17 2.64173e-17 1.55424e-17 9.13147e-18 5.35756e-18 3.13913e-18 1.83688e-18 1.07348e-18 6.2655e-19 3.65242e-19 2.12656e-19 1.23668e-19 7.18344e-20 4.16782e-20 2.41544e-20 1.39831e-20 8.08617e-21 4.6711e-21 2.69551e-21 1.55388e-21 8.94865e-22 5.14833e-22 2.95905e-22 1.69912e-22 9.74734e-23 5.58659e-23 3.19899e-23 1.83017e-23
1.85897e-06 5.10268e-06 9.09158e-06 1.30491e-05 1.63371e-05 1.85698e-05 1.9621e-05 1.95686e-05 1.86177e-05 1.70283e-05 1.50598e-05 1.2937e-05 1.08337e-05 8.86966e-06 7.11659e-06 5.60715e-06 4.34566e-06 3.31773e-06 2.4983e-06 1.85754e-06 1.36501e-06 9.92209e-07 7.13948e-07 5.08881e-07 3.59509e-07 2.51874e-07 1.75084e-07 1.20808e-07 8.27752e-08 5.63409e-08 3.81078e-08 2.56215e-08 1.71285e-08 1.13887e-08 7.53316e-09 4.95822e-09 3.24798e-09 2.118e-09 1.37513e-09 8.89076e-10 5.72515e-10 3.67241e-10 2.3469e-10 1.49443e-10 9.48309e-11 5.99748e-11 3.7808e-11 2.37596e-11 1.48861e-11 9.29926e-12 5.79275e-12 3.59854e-12 2.22951e-12 1.37775e-12 8.49254e-13 5.22211e-13 3.2035e-13 1.96065e-13 1.1973e-13 7.29554e-14 4.43597e-14 2.69166e-14 1.62996e-14 9.85096e-15 5.94221e-15 3.57771e-15 2.15015e-15 1.28991e-15 7.72494e-16 4.6184e-16 2.75656e-16 1.64262e-16 9.77279e-17 5.80531e-17 3.44328e-17 2.03927e-17 1.20599e-17 7.12189e-18 4.19992e-18 2.47339e-18 1.45467e-18 8.54406e-19 5.01195e-19 2.9363e-19 1.71814e-19 1.00412e-19 5.86139e-20 3.41748e-20 1.99028e-20 1.1578e-20 6.72776e-21 3.90515e-21 2.26434e-21 1.31156e-21 7.58911e-22 4.38685e-22 2.53328e-22 1.46146e-22 8.42317e-23 4.85012e-23 2.79013e-23
9.48453e-07 2.72808e-06 5.0444e-06 7.47453e-06 9.62716e-06 1.12292e-05 1.21514e-05 1.23921e-05 1.20399e-05 1.1233e-05 1.01242e-05 8.85575e-06 7.54566e-06 6.28166e-06 5.12187e-06 4.09878e-06 3.22486e-06 2.4983e-06 1.90816e-06 1.4385e-06 1.07141e-06 7.89092e-07 5.75123e-07 4.15099e-07 2.96872e-07 2.10501e-07 1.48055e-07 1.03341e-07 7.16124e-08 4.92868e-08 3.37017e-08 2.2903e-08 1.54731e-08 1.03951e-08 6.94631e-09 4.61803e-09 3.05514e-09 2.01171e-09 1.3187e-09 8.60685e-10 5.59419e-10 3.62152e-10 2.33546e-10 1.50051e-10 9.60611e-11 6.1285e-11 3.89681e-11 2.46979e-11 1.56046e-11 9.82945e-12 6.17352e-12 3.86635e-12 2.41475e-12 1.50412e-12 9.34462e-13 5.7909e-13 3.57985e-13 2.20774e-13 1.35839e-13 8.3391e-14 5.1081e-14 3.12226e-14 1.90446e-14 1.15929e-14 7.04289e-15 4.2704e-15 2.58443e-15 1.56121e-15 9.41402e-16 5.66663e-16 3.40508e-16 2.04268e-16 1.22337e-16 7.3151e-17 4.36715e-17 2.6032e-17 1.54939e-17 9.20823e-18 5.46465e-18 3.23843e-18 1.91648e-18 1.13262e-18 6.68471e-19 3.94017e-19 2.31948e-19 1.3637e-19 8.00779e-20 4.69656e-20 2.75126e-20 1.60981e-20 9.40853e-21 5.49262e-21 3.203e-21 1.86579e-21 1.08568e-21 6.31087e-22 3.6646e-22 2.12581e-22 1.23194e-22 7.13224e-23 4.12519e-23
4.83905e-07 1.45549e-06 2.78909e-06 4.26176e-06 5.6418e-06 6.7473e-06 7.47228e-06 7.78674e-06 7.72098e-06 7.34381e-06 6.74156e-06 6.00141e-06 5.20048e-06 4.40011e-06 3.64428e-06 2.96079e-06 2.36389e-06 1.85754e-06 1.4385e-06 1.09913e-06 8.29439e-07 6.18741e-07 4.5663e-07 3.33623e-07 2.41467e-07 1.73228e-07 1.23243e-07 8.69938e-08 6.09518e-08 4.24058e-08 2.93062e-08 2.01248e-08 1.37364e-08 9.32195e-09 6.29138e-09 4.22372e-09 2.82131e-09 1.87545e-09 1.24092e-09 8.17423e-10 5.36151e-10 3.50216e-10 2.27855e-10 1.47679e-10 9.53611e-11 6.13586e-11 3.93443e-11 2.51444e-11 1.60177e-11 1.01719e-11 6.44003e-12 4.06538e-12 2.55906e-12 1.60642e-12 1.00571e-12 6.27996e-13 3.91148e-13 2.43028e-13 1.50637e-13 9.31525e-14 5.7474e-14 3.53824e-14 2.17354e-14 1.33241e-14 8.15108e-15 4.97652e-15 3.03241e-15 1.84427e-15 1.11957e-15 6.78406e-16 4.10352e-16 2.47782e-16 1.49363e-16 8.98872e-17 5.40064e-17 3.23968e-17 1.94036e-17 1.16038e-17 6.92901e-18 4.13148e-18 2.45989e-18 1.46257e-18 8.68399e-19 5.14914e-19 3.04912e-19 1.80322e-19 1.06505e-19 6.2827e-20 3.7016e-20 2.17825e-20 1.2803e-20 7.51638e-21 4.40767e-21 2.58179e-21 1.51062e-21 8.82908e-22 5.15481e-22 3.00645e-22 1.75165e-22 1.01953e-22 5.92813e-23
2.4689e-07 7.75051e-07 1.53718e-06 2.41968e-06 3.28945e-06 4.03057e-06 4.56495e-06 4.85793e-06 4.9131e-06 4.76152e-06 4.4498e-06 4.02951e-06 3.54946e-06 3.05096e-06 2.56566e-06 2.11539e-06 1.7132e-06 1.36501e-06 1.07141e-06 8.29439e-07 6.33971e-07 4.78858e-07 3.57724e-07 2.64488e-07 1.93671e-07 1.40532e-07 1.01104e-07 7.21529e-08 5.10999e-08 3.59286e-08 2.50885e-08 1.74049e-08 1.19995e-08 8.22385e-09 5.60435e-09 3.79857e-09 2.5613e-09 1.71846e-09 1.14747e-09 7.62702e-10 5.04721e-10 3.32586e-10 2.18263e-10 1.42674e-10 9.29091e-11 6.02804e-11 3.8972e-11 2.51095e-11 1.61243e-11 1.03212e-11 6.58601e-12 4.18991e-12 2.65775e-12 1.68108e-12 1.06039e-12 6.67077e-13 4.18557e-13 2.61958e-13 1.63545e-13 1.01859e-13 6.32913e-14 3.92375e-14 2.42713e-14 1.49811e-14 9.22741e-15 5.67178e-15 3.47925e-15 2.1301e-15 1.30161e-15 7.93864e-16 4.833e-16 2.93704e-16 1.78174e-16 1.07903e-16 6.52368e-17 3.93768e-17 2.37297e-17 1.42777e-17 8.57743e-18 5.14517e-18 3.08177e-18 1.84319e-18 1.10084e-18 6.56552e-19 3.91041e-19 2.3259e-19 1.38162e-19 8.19645e-20 4.85636e-20 2.87379e-20 1.6985e-20 1.00267e-20 5.91199e-21 3.48182e-21 2.04826e-21 1.20358e-21 7.06458e-22 4.14216e-22 2.42608e-22 1.41947e-22 8.29663e-23
1.25964e-07 4.11993e-07 8.44705e-07 1.36846e-06 1.9089e-06 2.39469e-06 2.77196e-06 3.01067e-06 3.10399e-06 3.06361e-06 2.91325e-06 2.68234e-06 2.40083e-06 2.09562e-06 1.78864e-06 1.49606e-06 1.2286e-06 9.92209e-07 7.89092e-07 6.18741e-07 4.78858e-07 3.66121e-07 2.76774e-07 2.07028e-07 1.53328e-07 1.12504e-07 8.18271e-08 5.90238e-08 4.22427e-08 3.00087e-08 2.1168e-08 1.48319e-08 1.03262e-08 7.14551e-09 4.91585e-09 3.36314e-09 2.28864e-09 1.54949e-09 1.04393e-09 7.00011e-10 4.67274e-10 3.10559e-10 2.05538e-10 1.35482e-10 8.89557e-11 5.81871e-11 3.79223e-11 2.46281e-11 1.59399e-11 1.02826e-11 6.61198e-12 4.23849e-12 2.70883e-12 1.72617e-12 1.09686e-12 6.95057e-13 4.39264e-13 2.76884e-13 1.74088e-13 1.09185e-13 6.83151e-14 4.26433e-14 2.65578e-14 1.65032e-14 1.02329e-14 6.33151e-15 3.90947e-15 2.40908e-15 1.48159e-15 9.09421e-16 5.57166e-16 3.40724e-16 2.07988e-16 1.26738e-16 7.70954e-17 4.68182e-17 2.83846e-17 1.7181e-17 1.0383e-17 6.26503e-18 3.77452e-18 2.27065e-18 1.36397e-18 8.18152e-19 4.90063e-19 2.93136e-19 1.75104e-19 1.04459e-19 6.22338e-20 3.70297e-20 2.20052e-20 1.30606e-20 7.74233e-21 4.58417e-21 2.71106e-21 1.60146e-21 9.44929e-22 5.56925e-22 3.27882e-22 1.92827e-22 1.13281e-22
6.42675e-08 2.18649e-07 4.62914e-07 7.71141e-07 1.10293e-06 1.41562e-06 1.67377e-06 1.85437e-06 1.94799e-06 1.95712e-06 1.89287e-06 1.77133e-06 1.61032e-06 1.42685e-06 1.23559e-06 1.04807e-06 8.72465e-07 7.13948e-07 5.75123e-07 4.5663e-07 3.57724e-07 2.76774e-07 2.11673e-07 1.60139e-07 1.19926e-07 8.89573e-08 6.53947e-08 4.76665e-08 3.44662e-08 2.47324e-08 1.76197e-08 1.24664e-08 8.76274e-09 6.12102e-09 4.25025e-09 2.93444e-09 2.01494e-09 1.37633e-09 9.354e-10 6.32664e-10 4.25923e-10 2.8546e-10 1.90497e-10 1.26597e-10 8.37954e-11 5.52502e-11 3.62929e-11 2.3754e-11 1.54929e-11 1.00705e-11 6.52446e-12 4.2136e-12 2.7128e-12 1.74132e-12 1.11449e-12 7.11279e-13 4.52699e-13 2.87352e-13 1.81923e-13 1.14884e-13 7.237e-14 4.5479e-14 2.85131e-14 1.78354e-14 1.11315e-14 6.93228e-15 4.308e-15 2.67161e-15 1.65345e-15 1.02128e-15 6.29594e-16 3.87393e-16 2.37924e-16 1.45861e-16 8.92621e-17 5.45308e-17 3.32566e-17 2.02484e-17 1.23082e-17 7.46972e-18 4.5262e-18 2.73839e-18 1.65426e-18 9.9786e-19 6.01044e-19 3.61514e-19 2.17139e-19 1.30243e-19 7.8017e-20 4.66712e-20 2.78833e-20 1.66375e-20 9.91484e-21 5.90132e-21 3.50823e-21 2.0831e-21 1.23544e-21 7.31875e-22 4.33072e-22 2.55976e-22 1.51134e-22
3.27895e-08 1.15866e-07 2.53044e-07 4.3309e-07 6.34667e-07 8.32934e-07 1.00538e-06 1.13561e-06 1.21493e-06 1.24196e-06 1.22121e-06 1.16103e-06 1.07166e-06 9.6357e-07 8.46297e-07 7.27745e-07 6.13905e-07 5.08881e-07 4.15099e-07 3.33623e-07 2.64488e-07 2.07028e-07 1.60139e-07 1.22503e-07 9.2743e-08 6.95297e-08 5.16488e-08 3.80342e-08 2.77789e-08 2.01312e-08 1.44813e-08 1.0344e-08 7.33933e-09 5.17421e-09 3.62557e-09 2.52563e-09 1.74956e-09 1.20547e-09 8.2632e-10 5.63623e-10 3.82614e-10 2.58548e-10 1.73942e-10 1.16525e-10 7.77405e-11 5.16597e-11 3.41972e-11 2.25537e-11 1.48213e-11 9.70604e-12 6.33484e-12 4.12106e-12 2.67243e-12 1.72769e-12 1.1136e-12 7.15695e-13 4.58671e-13 2.93145e-13 1.86853e-13 1.18793e-13 7.53317e-14 4.76533e-14 3.0072e-14 1.89327e-14 1.18923e-14 7.45334e-15 4.66109e-15 2.90869e-15 1.81136e-15 1.12571e-15 6.98212e-16 4.32217e-16 2.67049e-16 1.64691e-16 1.01382e-16 6.22982e-17 3.82149e-17 2.34017e-17 1.43065e-17 8.73189e-18 5.32088e-18 3.23723e-18 1.96649e-18 1.19275e-18 7.22375e-19 4.36859e-19 2.63813e-19 1.59089e-19 9.58043e-20 5.76155e-20 3.46031e-20 2.0755e-20 1.24328e-20 7.4382e-21 4.44454e-21 2.65249e-21 1.5811e-21 9.41353e-22 5.59809e-22 3.3253e-22 1.97303e-22
1.67294e-08 6.13142e-08 1.37997e-07 2.42472e-07 3.6383e-07 4.87951e-07 6.00945e-07 6.91719e-07 7.53333e-07 7.83234e-07 7.82677e-07 7.55699e-07 7.07968e-07 6.45737e-07 5.75042e-07 5.01148e-07 4.28275e-07 3.59509e-07 2.96872e-07 2.41467e-07 1.93671e-07 1.53328e-07 1.19926e-07 9.2743e-08 7.09632e-08 5.37583e-08 4.03432e-08 3.00078e-08 2.21333e-08 1.61955e-08 1.17613e-08 8.47984e-09 6.07212e-09 4.31967e-09 3.05382e-09 2.14605e-09 1.4995e-09 1.04201e-09 7.20281e-10 4.95374e-10 3.39038e-10 2.30955e-10 1.56618e-10 1.05746e-10 7.10982e-11 4.7609e-11 3.17551e-11 2.11003e-11 1.3969e-11 9.21505e-12 6.05801e-12 3.96926e-12 2.59226e-12 1.68764e-12 1.09534e-12 7.08805e-13 4.5735e-13 2.94272e-13 1.88825e-13 1.2084e-13 7.7132e-14 4.91088e-14 3.11898e-14 1.97616e-14 1.24914e-14 7.87781e-15 4.95711e-15 3.11245e-15 1.95007e-15 1.21925e-15 7.60763e-16 4.73741e-16 2.94432e-16 1.82642e-16 1.13085e-16 6.98902e-17 4.31171e-17 2.65535e-17 1.63248e-17 1.00194e-17 6.13933e-18 3.75575e-18 2.29394e-18 1.39892e-18 8.51806e-19 5.1789e-19 3.14409e-19 1.90602e-19 1.15383e-19 6.97512e-20 4.21084e-20 2.53864e-20 1.52848e-20 9.19085e-21 5.51947e-21 3.3105e-21 1.98315e-21 1.18656e-21 7.09097e-22 4.23265e-22 2.52358e-22
8.53539e-09 3.24048e-08 7.50912e-08 1.35356e-07 2.07831e-07 2.84684e-07 3.5756e-07 4.19219e-07 4.64573e-07 4.91061e-07 4.98514e-07 4.8866e-07 4.64492e-07 4.29636e-07 3.87808e-07 3.42428e-07 2.96373e-07 2.51874e-07 2.10501e-07 1.73228e-07 1.40532e-07 1.12504e-07 8.89573e-08 6.95297e-08 5.37583e-08 4.11425e-08 3.1186e-08 2.34254e-08 1.74455e-08 1.28867e-08 9.44589e-09 6.87302e-09 4.96602e-09 3.56421e-09 2.54182e-09 1.80165e-09 1.26956e-09 8.89603e-10 6.20012e-10 4.29887e-10 2.96582e-10 2.03636e-10 1.39173e-10 9.46937e-11 6.41533e-11 4.32825e-11 2.90845e-11 1.94681e-11 1.29823e-11 8.62582e-12 5.71103e-12 3.76827e-12 2.47815e-12 1.62447e-12 1.06154e-12 6.91572e-13 4.49215e-13 2.90951e-13 1.87918e-13 1.21041e-13 7.77576e-14 4.98228e-14 3.18431e-14 2.03018e-14 1.29125e-14 8.19345e-15 5.18716e-15 3.27658e-15 2.06521e-15 1.29891e-15 8.15245e-16 5.10636e-16 3.19203e-16 1.99147e-16 1.24008e-16 7.70752e-17 4.7817e-17 2.96122e-17 1.8306e-17 1.12971e-17 6.96e-18 4.28085e-18 2.62872e-18 1.61164e-18 9.86531e-19 6.02958e-19 3.67967e-19 2.24228e-19 1.36439e-19 8.29023e-20 5.03022e-20 3.04796e-20 1.84435e-20 1.11455e-20 6.7265e-21 4.05433e-21 2.44062e-21 1.46738e-21 8.81156e-22 5.28494e-22 3.16602e-22
4.35479e-09 1.71055e-08 4.07772e-08 7.5353e-08 1.18325e-07 1.65456e-07 2.11832e-07 2.5287e-07 2.85032e-07 3.06192e-07 3.15671e-07 3.1404e-07 3.02782e-07 2.83924e-07 2.59697e-07 2.32266e-07 2.03543e-07 1.75084e-07 1.48055e-07 1.23243e-07 1.01104e-07 8.18271e-08 6.53947e-08 5.16488e-08 4.03432e-08 3.1186e-08 2.38721e-08 1.8105e-08 1.36113e-08 1.01482e-08 7.50675e-09 5.51129e-09 4.01742e-09 2.90854e-09 2.09204e-09 1.4954e-09 1.06254e-09 7.50661e-10 5.27415e-10 3.68608e-10 2.56311e-10 1.77355e-10 1.22143e-10 8.37373e-11 5.71557e-11 3.8847e-11 2.6295e-11 1.77282e-11 1.19066e-11 7.96702e-12 5.31174e-12 3.52905e-12 2.33672e-12 1.54213e-12 1.01449e-12 6.65308e-13 4.34995e-13 2.83574e-13 1.84334e-13 1.1949e-13 7.72465e-14 4.98053e-14 3.20296e-14 2.05463e-14 1.31477e-14 8.39312e-15 5.3454e-15 3.3966e-15 2.15347e-15 1.36234e-15 8.60009e-16 5.4177e-16 3.40596e-16 2.13696e-16 1.33815e-16 8.36336e-17 5.21726e-17 3.24867e-17 2.01924e-17 1.25286e-17 7.76011e-18 4.79839e-18 2.96211e-18 1.82557e-18 1.12331e-18 6.90112e-19 4.23321e-19 2.59275e-19 1.58565e-19 9.68322e-20 5.90485e-20 3.59572e-20 2.18655e-20 1.32783e-20 8.05279e-21 4.87727e-21 2.95016e-21 1.78222e-21 1.07531e-21 6.47991e-22 3.90013e-22
2.22183e-09 9.01936e-09 2.21009e-08 4.18416e-08 6.71566e-08 9.58145e-08 1.2499e-07 1.51851e-07 1.74035e-07 1.89934e-07 1.98793e-07 2.00649e-07 1.96167e-07 1.86435e-07 1.72753e-07 1.56458e-07 1.38791e-07 1.20808e-07 1.03341e-07 8.69938e-08 7.21529e-08 5.90238e-08 4.76665e-08 3.80342e-08 3.00078e-08 2.34254e-08 1.8105e-08 1.38614e-08 1.0518e-08 7.91376e-09 5.90656e-09 4.37483e-09 3.21675e-09 2.34882e-09 1.7037e-09 1.22792e-09 8.79632e-10 6.26457e-10 4.43652e-10 3.125e-10 2.1898e-10 1.52682e-10 1.05945e-10 7.31735e-11 5.03131e-11 3.4445e-11 2.3483e-11 1.59449e-11 1.07841e-11 7.26607e-12 4.8777e-12 3.26272e-12 2.1749e-12 1.4449e-12 9.56787e-13 6.31559e-13 4.15595e-13 2.7266e-13 1.78362e-13 1.16345e-13 7.56807e-14 4.90963e-14 3.17664e-14 2.05007e-14 1.31972e-14 8.47479e-15 5.42923e-15 3.47003e-15 2.21277e-15 1.4079e-15 8.93836e-16 5.66263e-16 3.57992e-16 2.25861e-16 1.42213e-16 8.93695e-17 5.60539e-17 3.50919e-17 2.19285e-17 1.36782e-17 8.51687e-18 5.29394e-18 3.28503e-18 2.03505e-18 1.25863e-18 7.77188e-19 4.79147e-19 2.94943e-19 1.81279e-19 1.11252e-19 6.81763e-20 4.17188e-20 2.54926e-20 1.55558e-20 9.47927e-21 5.76864e-21 3.50588e-21 2.12792e-21 1.2899e-21 7.80928e-22 4.72201e-22
1.13359e-09 4.75073e-09 1.19569e-08 2.31774e-08 3.80033e-08 5.5297e-08 7.34678e-08 9.08055e-08 1.05779e-07 1.17243e-07 1.2454e-07 1.27498e-07 1.26362e-07 1.21682e-07 1.14195e-07 1.04706e-07 9.39989e-08 8.27752e-08 7.16124e-08 6.09518e-08 5.10999e-08 4.22427e-08 3.44662e-08 2.77789e-08 2.21333e-08 1.74455e-08 1.36113e-08 1.0518e-08 8.05412e-09 6.11436e-09 4.60387e-09 3.43958e-09 2.55069e-09 1.87815e-09 1.37358e-09 9.98076e-10 7.2073e-10 5.1736e-10 3.69255e-10 2.62103e-10 1.85063e-10 1.30003e-10 9.08772e-11 6.32265e-11 4.37883e-11 3.01924e-11 2.07292e-11 1.41734e-11 9.65225e-12 6.54786e-12 4.42527e-12 2.97987e-12 1.9995e-12 1.33706e-12 8.9112e-13 5.91987e-13 3.9203e-13 2.58818e-13 1.70362e-13 1.11812e-13 7.31771e-14 4.77598e-14 3.10872e-14 2.01818e-14 1.30685e-14 8.44126e-15 5.43911e-15 3.49633e-15 2.24226e-15 1.43473e-15 9.15979e-16 5.83521e-16 3.70938e-16 2.35311e-16 1.48969e-16 9.41198e-17 5.93495e-17 3.73525e-17 2.34642e-17 1.47127e-17 9.20866e-18 5.75348e-18 3.58848e-18 2.23435e-18 1.38888e-18 8.61917e-19 5.34032e-19 3.30356e-19 2.04044e-19 1.25835e-19 7.74868e-20 4.76447e-20 2.92532e-20 1.79355e-20 1.09811e-20 6.71402e-21 4.0995e-21 2.49978e-21 1.52231e-21 9.2586e-22 5.62389e-22
5.78361e-10 2.49987e-09 6.45788e-09 1.28095e-08 2.14461e-08 3.18108e-08 4.3028e-08 5.40854e-08 6.40161e-08 7.20385e-08 7.76391e-08 8.05956e-08 8.09527e-08 7.89671e-08 7.50382e-08 6.9639e-08 6.32553e-08 5.63409e-08 4.92868e-08 4.24058e-08 3.59286e-08 3.00087e-08 2.47324e-08 2.01312e-08 1.61955e-08 1.28867e-08 1.01482e-08 7.91376e-09 6.11436e-09 4.68276e-09 3.55653e-09 2.67979e-09 2.00395e-09 1.48776e-09 1.09694e-09 8.03452e-10 5.84775e-10 4.23039e-10 3.04257e-10 2.17604e-10 1.54793e-10 1.09543e-10 7.71332e-11 5.40509e-11 3.77e-11 2.61773e-11 1.80975e-11 1.2459e-11 8.54239e-12 5.8339e-12 3.96896e-12 2.69018e-12 1.81686e-12 1.22276e-12 8.20136e-13 5.4827e-13 3.65349e-13 2.42696e-13 1.6073e-13 1.06131e-13 6.98772e-14 4.58781e-14 3.00389e-14 1.96155e-14 1.27756e-14 8.29955e-15 5.37833e-15 3.47683e-15 2.24227e-15 1.44272e-15 9.26172e-16 5.93247e-16 3.79172e-16 2.41831e-16 1.53916e-16 9.77621e-17 6.19712e-17 3.92066e-17 2.47569e-17 1.56033e-17 9.81609e-18 6.16417e-18 3.86404e-18 2.41798e-18 1.51051e-18 9.42034e-19 5.86537e-19 3.64606e-19 2.26289e-19 1.40226e-19 8.67614e-20 5.36009e-20 3.30656e-20 2.03681e-20 1.25286e-20 7.69568e-21 4.72053e-21 2.89164e-21 1.76896e-21 1.08073e-21 6.59415e-22
2.95082e-10 1.31423e-09 3.48229e-09 7.06421e-09 1.20708e-08 1.82443e-08 2.51142e-08 3.20932e-08 3.85839e-08 4.40695e-08 4.81754e-08 5.06965e-08 5.15936e-08 5.09693e-08 4.90299e-08 4.60449e-08 4.23084e-08 3.81078e-08 3.37017e-08 2.93062e-08 2.50885e-08 2.1168e-08 1.76197e-08 1.44813e-08 1.17613e-08 9.44589e-09 7.50675e-09 5.90656e-09 4.60387e-09 3.55653e-09 2.72422e-09 2.06988e-09 1.56064e-09 1.16806e-09 8.68117e-10 6.40869e-10 4.70069e-10 3.42665e-10 2.48314e-10 1.78919e-10 1.28211e-10 9.13907e-11 6.48135e-11 4.57398e-11 3.21265e-11 2.24617e-11 1.5635e-11 1.08365e-11 7.4796e-12 5.14187e-12 3.52103e-12 2.40202e-12 1.63264e-12 1.10575e-12 7.46306e-13 5.02015e-13 3.36584e-13 2.24951e-13 1.49877e-13 9.95571e-14 6.59372e-14 4.35455e-14 2.86776e-14 1.88346e-14 1.23371e-14 8.06016e-15 5.25256e-15 3.41446e-15 2.21422e-15 1.43249e-15 9.24607e-16 5.95441e-16 3.82612e-16 2.45322e-16 1.56961e-16 1.00218e-16 6.38581e-17 4.06087e-17 2.57735e-17 1.63266e-17 1.03229e-17 6.51491e-18 4.10421e-18 2.58096e-18 1.62023e-18 1.01539e-18 6.35269e-19 3.96798e-19 2.47445e-19 1.54063e-19 9.57722e-20 5.9445e-20 3.68414e-20 2.27989e-20 1.40883e-20 8.69324e-21 5.35664e-21 3.29611e-21 2.02544e-21 1.24295e-21 7.61751e-22
1.50552e-10 6.90317e-10 1.87492e-09 3.88786e-09 6.77706e-09 1.04335e-08 1.4611e-08 1.89756e-08 2.31654e-08 2.68475e-08 2.9761e-08 3.17403e-08 3.27207e-08 3.2729e-08 3.18644e-08 3.02751e-08 2.81346e-08 2.56215e-08 2.2903e-08 2.01248e-08 1.74049e-08 1.48319e-08 1.24664e-08 1.0344e-08 8.47984e-09 6.87302e-09 5.51129e-09 4.37483e-09 3.43958e-09 2.67979e-09 2.06988e-09 1.58569e-09 1.20529e-09 9.09314e-10 6.81135e-10 5.06736e-10 3.74528e-10 2.75079e-10 2.0082e-10 1.4576e-10 1.05207e-10 7.55293e-11 5.39431e-11 3.8334e-11 2.71105e-11 1.90838e-11 1.33731e-11 9.33054e-12 6.48255e-12 4.48546e-12 3.09133e-12 2.12233e-12 1.45163e-12 9.89292e-13 6.71834e-13 4.54686e-13 3.067e-13 2.06209e-13 1.38207e-13 9.23458e-14 6.15182e-14 4.08622e-14 2.70647e-14 1.78763e-14 1.17754e-14 7.73616e-15 5.06935e-15 3.31347e-15 2.16044e-15 1.40525e-15 9.11887e-16 5.90373e-16 3.81358e-16 2.45798e-16 1.58084e-16 1.01455e-16 6.49773e-17 4.15305e-17 2.64915e-17 1.68655e-17 1.07167e-17 6.79682e-18 4.3028e-18 2.71902e-18 1.71516e-18 1.08004e-18 6.78945e-19 4.26089e-19 2.66962e-19 1.66992e-19 1.04292e-19 6.50324e-20 4.04892e-20 2.51706e-20 1.56244e-20 9.68452e-21 5.99418e-21 3.70482e-21 2.28666e-21 1.40942e-21 8.67554e-22
7.68123e-11 3.623e-10 1.00804e-09 2.1356e-09 3.79598e-09 5.95031e-09 8.47432e-09 1.11816e-08 1.38571e-08 1.62912e-08 1.8308e-08 1.97838e-08 2.06545e-08 2.09135e-08 2.06029e-08 1.98007e-08 1.86064e-08 1.71285e-08 1.54731e-08 1.37364e-08 1.19995e-08 1.03262e-08 8.76274e-09 7.33933e-09 6.07212e-09 4.96602e-09 4.01742e-09 3.21675e-09 2.55069e-09 2.00395e-09 1.56064e-09 1.20529e-09 9.23465e-10 7.02181e-10 5.30057e-10 3.97353e-10 2.95895e-10 2.18939e-10 1.61007e-10 1.17707e-10 8.55648e-11 6.18606e-11 4.44882e-11 3.18323e-11 2.26651e-11 1.60616e-11 1.133e-11 7.95685e-12 5.564e-12 3.87459e-12 2.68727e-12 1.8565e-12 1.2777e-12 8.76117e-13 5.98599e-13 4.07565e-13 2.76557e-13 1.87042e-13 1.26096e-13 8.47425e-14 5.67778e-14 3.79285e-14 2.52636e-14 1.67802e-14 1.11147e-14 7.34232e-15 4.83754e-15 3.17908e-15 2.08394e-15 1.36272e-15 8.88961e-16 5.78549e-16 3.75664e-16 2.43379e-16 1.5733e-16 1.01485e-16 6.53245e-17 4.19616e-17 2.68997e-17 1.72099e-17 1.09892e-17 7.00359e-18 4.45515e-18 2.82882e-18 1.79293e-18 1.13436e-18 7.16449e-19 4.51728e-19 2.84341e-19 1.78684e-19 1.12106e-19 7.02232e-20 4.39191e-20 2.74257e-20 1.71003e-20 1.06465e-20 6.61869e-21 4.10878e-21 2.54706e-21 1.57674e-21 9.7473e-22
