0.0892521 0.0535512 0.0321307 0.0192784 0.0115671 0.00694024 0.00416414 0.00249849 0.00149909 0.000899455 0.000539673 0.000323804 0.000194282 0.000116569 6.99416e-05 4.1965e-05 2.5179e-05 1.51074e-05 9.06444e-06 5.43866e-06 3.2632e-06 1.95792e-06 1.17475e-06 7.04851e-07 4.2291e-07 2.53746e-07 1.52248e-07 9.13486e-08 5.48092e-08 3.28855e-08 1.97313e-08 1.18388e-08 7.10327e-09 4.26196e-09 2.55718e-09 1.53431e-09 9.20584e-10 5.5235e-10 3.3141e-10 1.98846e-10 1.19308e-10 7.15846e-11 4.29508e-11 2.57705e-11 1.54623e-11 9.27736e-12 5.56642e-12 3.33985e-12 2.00391e-12 1.20235e-12 7.21408e-13 4.32845e-13 2.59707e-13 1.55824e-13 9.34944e-14 5.60967e-14 3.3658e-14 2.01948e-14 1.21169e-14 7.27013e-15 4.36208e-15 2.61725e-15 1.57035e-15 9.42209e-16 5.65325e-16 3.39195e-16 2.03517e-16 1.2211e-16 7.32661e-17 4.39597e-17 2.63758e-17 1.58255e-17 9.49529e-18 5.69717e-18 3.4183e-18 2.05098e-18 1.23059e-18 7.38354e-19 4.43012e-19 2.65807e-19 1.59484e-19 9.56907e-20 5.74144e-20 3.44486e-20 2.06692e-20 1.24015e-20 7.44091e-21 4.46454e-21 2.67873e-21 1.60724e-21 9.64341e-22 5.78605e-22 3.47163e-22 2.08298e-22 1.24979e-22 7.49872e-23 4.49923e-23 2.69954e-23 1.61972e-23 9.71834e-24 5.831e-24
0.0535512 0.0384451 0.0268557 0.0183866 0.0123959 0.00825588 0.00544453 0.00356132 0.00231356 0.00149419 0.00096015 0.000614271 0.000391471 0.000248628 0.000157424 9.94024e-05 6.26104e-05 3.93476e-05 2.46774e-05 1.54477e-05 9.6534e-06 6.0229e-06 3.75226e-06 2.33447e-06 1.45055e-06 9.00249e-07 5.58101e-07 3.45632e-07 2.13842e-07 1.32183e-07 8.16362e-08 5.03777e-08 3.10642e-08 1.91411e-08 1.17862e-08 7.25261e-09 4.46011e-09 2.7412e-09 1.6838e-09 1.03372e-09 6.34303e-10 3.89022e-10 2.38478e-10 1.46125e-10 8.94984e-11 5.4793e-11 3.35321e-11 2.05131e-11 1.25441e-11 7.66826e-12 4.68602e-12 2.86265e-12 1.74821e-12 1.0673e-12 6.51405e-13 3.97458e-13 2.42443e-13 1.47847e-13 9.01371e-14 5.49395e-14 3.3478e-14 2.03954e-14 1.24224e-14 7.56455e-15 4.60539e-15 2.80323e-15 1.70594e-15 1.03796e-15 6.31415e-16 3.84032e-16 2.33529e-16 1.41984e-16 8.63098e-17 5.24577e-17 3.18777e-17 1.93684e-17 1.17662e-17 7.14676e-18 4.34029e-18 2.63552e-18 1.60012e-18 9.71353e-19 5.89582e-19 3.57811e-19 2.17124e-19 1.31737e-19 7.99193e-20 4.8478e-20 2.94027e-20 1.78311e-20 1.08124e-20 6.55565e-21 3.97433e-21 2.40916e-21 1.46023e-21 8.84981e-22 5.36293e-22 3.24959e-22 1.96885e-22 1.19277e-22 7.22538e-23
0.0321307 0.0268557 0.0211065 0.0159278 0.0116759 0.0083735 0.00590279 0.00410363 0.00282019 0.00191943 0.00129555 0.000868166 0.000578103 0.000382805 0.000252221 0.000165439 0.000108077 7.03447e-05 4.56319e-05 2.95098e-05 1.90296e-05 1.22392e-05 7.85277e-06 5.02699e-06 3.21127e-06 2.04734e-06 1.30287e-06 8.27667e-07 5.2493e-07 3.32414e-07 2.10196e-07 1.32731e-07 8.37051e-08 5.27223e-08 3.31685e-08 2.08435e-08 1.30843e-08 8.20522e-09 5.14051e-09 3.2175e-09 2.01207e-09 1.25718e-09 7.84872e-10 4.89618e-10 3.05203e-10 1.9011e-10 1.18336e-10 7.36104e-11 4.57593e-11 2.84281e-11 1.76504e-11 1.09524e-11 6.79234e-12 4.21011e-12 2.60819e-12 1.61497e-12 9.99481e-13 6.1827e-13 3.82279e-13 2.36259e-13 1.45951e-13 9.01241e-14 5.56285e-14 3.43226e-14 2.11687e-14 1.30511e-14 8.04336e-15 4.95535e-15 3.05182e-15 1.87888e-15 1.15636e-15 7.11458e-16 4.37592e-16 2.69064e-16 1.65392e-16 1.01635e-16 6.24386e-17 3.83478e-17 2.35457e-17 1.44533e-17 8.8697e-18 5.44179e-18 3.33786e-18 2.04686e-18 1.2549e-18 7.69176e-19 4.71352e-19 2.88781e-19 1.76888e-19 1.08327e-19 6.63257e-20 4.06013e-20 2.48492e-20 1.52054e-20 9.30253e-21 5.69013e-21 3.47987e-21 2.12777e-21 1.3008e-21 7.95097e-22 4.8591e-22
0.0192784 0.0183866 0.0159278 0.0130083 0.0102033 0.00776883 0.00578092 0.00422333 0.00303913 0.00215939 0.00151776 0.00105682 0.000729834 0.000500366 0.000340825 0.000230803 0.000155475 0.00010423 6.95698e-05 4.62486e-05 3.06312e-05 2.02179e-05 1.33022e-05 8.72607e-06 5.70834e-06 3.72454e-06 2.42425e-06 1.57429e-06 1.02013e-06 6.59688e-07 4.25779e-07 2.74306e-07 1.76414e-07 1.1327e-07 7.26131e-08 4.64799e-08 2.97095e-08 1.89642e-08 1.20894e-08 7.69725e-09 4.89493e-09 3.10927e-09 1.97284e-09 1.25045e-09 7.91769e-10 5.00847e-10 3.1652e-10 1.99849e-10 1.26073e-10 7.94648e-11 5.00462e-11 3.14938e-11 1.98037e-11 1.24436e-11 7.81327e-12 4.90252e-12 3.07407e-12 1.9263e-12 1.20631e-12 7.54967e-13 4.72212e-13 2.95185e-13 1.8442e-13 1.15155e-13 7.18662e-14 4.48273e-14 2.79473e-14 1.7415e-14 1.08468e-14 6.75265e-15 4.20193e-15 2.61356e-15 1.6249e-15 1.0098e-15 6.27289e-16 3.89515e-16 2.41774e-16 1.50013e-16 9.30427e-17 5.7687e-17 3.57534e-17 2.21515e-17 1.37196e-17 8.49438e-18 5.25751e-18 3.25303e-18 2.01214e-18 1.24421e-18 7.69131e-19 4.75309e-19 2.93647e-19 1.81364e-19 1.11984e-19 6.9126e-20 4.26589e-20 2.63187e-20 1.62332e-20 1.001e-20 6.17105e-21 3.80343e-21 2.34362e-21
0.0115671 0.0123959 0.0116759 0.0102033 0.00848132 0.00679875 0.00530066 0.00404225 0.00302722 0.00223289 0.00162579 0.00117055 0.000834541 0.000589838 0.000413666 0.000288097 0.000199383 0.000137196 9.39109e-05 6.39725e-05 4.33847e-05 2.93014e-05 1.97141e-05 1.32164e-05 8.83082e-06 5.88207e-06 3.90646e-06 2.58723e-06 1.70905e-06 1.12617e-06 7.40352e-07 4.85637e-07 3.17887e-07 2.07666e-07 1.35404e-07 8.81268e-08 5.72574e-08 3.71394e-08 2.40519e-08 1.55526e-08 1.00421e-08 6.47493e-09 4.1693e-09 2.6812e-09 1.72209e-09 1.10474e-09 7.07885e-10 4.53086e-10 2.89689e-10 1.85025e-10 1.18058e-10 7.52548e-11 4.79255e-11 3.04932e-11 1.93845e-11 1.23122e-11 7.81371e-12 4.95483e-12 3.1395e-12 1.98775e-12 1.2576e-12 7.95084e-13 5.02319e-13 3.17141e-13 2.00095e-13 1.26166e-13 7.95017e-14 5.00662e-14 3.15105e-14 1.98204e-14 1.24602e-14 7.82883e-15 4.91626e-15 3.08563e-15 1.93567e-15 1.21366e-15 7.60594e-16 4.76431e-16 2.98293e-16 1.86675e-16 1.16771e-16 7.30117e-17 4.56314e-17 2.85071e-17 1.78017e-17 1.11121e-17 6.9336e-18 4.32467e-18 2.69639e-18 1.68055e-18 1.04703e-18 6.521e-19 4.05991e-19 2.52678e-19 1.57208e-19 9.77765e-20 6.07931e-20 3.77864e-20 2.3479e-20 1.45845e-20 9.05672e-21
0.00694024 0.00825588 0.0083735 0.00776883 0.00679875 0.00570527 0.004637 0.00367432 0.0028517 0.00217512 0.00163468 0.00121287 0.000889865 0.000646429 0.000465445 0.000332472 0.00023578 0.000166114 0.000116331 8.10179e-05 5.61374e-05 3.87142e-05 2.65815e-05 1.81764e-05 1.23814e-05 8.40377e-06 5.68474e-06 3.83323e-06 2.57701e-06 1.72756e-06 1.155e-06 7.70234e-07 5.12401e-07 3.40091e-07 2.25229e-07 1.48848e-07 9.81721e-08 6.46251e-08 4.24635e-08 2.78526e-08 1.82382e-08 1.19232e-08 7.78261e-09 5.07231e-09 3.30109e-09 2.14538e-09 1.39241e-09 9.02542e-10 5.84282e-10 3.77791e-10 2.4399e-10 1.57399e-10 1.01427e-10 6.52895e-11 4.19842e-11 2.69708e-11 1.73094e-11 1.10984e-11 7.10955e-12 4.55027e-12 2.90976e-12 1.85914e-12 1.1869e-12 7.57127e-13 4.826e-13 3.07381e-13 1.95636e-13 1.24425e-13 7.90797e-14 5.02256e-14 3.18784e-14 2.02202e-14 1.28174e-14 8.11976e-15 5.14073e-15 3.25274e-15 2.05695e-15 1.30002e-15 8.21181e-16 5.18432e-16 3.27125e-16 2.06306e-16 1.30044e-16 8.19315e-17 5.15942e-17 3.24746e-17 2.04307e-17 1.28477e-17 8.07552e-18 5.0737e-18 3.18634e-18 2.00021e-18 1.2551e-18 7.87232e-19 4.93576e-19 3.09339e-19 1.93797e-19 1.21366e-19 7.5977e-20 4.75455e-20 2.97428e-20
0.00416414 0.00544453 0.00590279 0.00578092 0.00530066 0.004637 0.00391414 0.00321182 0.0025753 0.0020254 0.00156689 0.00119502 0.000900106 0.000670526 0.000494602 0.000361613 0.000262268 0.000188829 0.000135047 9.59901e-05 6.78419e-05 4.76958e-05 3.33682e-05 2.3238e-05 1.61141e-05 1.11294e-05 7.65766e-06 5.25021e-06 3.58756e-06 2.44367e-06 1.6595e-06 1.12375e-06 7.58902e-07 5.11182e-07 3.43475e-07 2.30246e-07 1.53996e-07 1.02776e-07 6.84509e-08 4.54995e-08 3.01862e-08 1.99902e-08 1.32149e-08 8.72117e-09 5.74618e-09 3.78009e-09 2.48294e-09 1.62853e-09 1.06663e-09 6.97647e-10 4.55705e-10 2.97288e-10 1.93701e-10 1.26056e-10 8.19392e-11 5.3202e-11 3.45055e-11 2.23555e-11 1.44688e-11 9.355e-12 6.04268e-12 3.89944e-12 2.51404e-12 1.61939e-12 1.04219e-12 6.70151e-13 4.30562e-13 2.76404e-13 1.773e-13 1.13641e-13 7.2784e-14 4.65816e-14 2.97907e-14 1.90388e-14 1.21591e-14 7.76012e-15 4.94938e-15 3.15466e-15 2.00947e-15 1.27921e-15 8.13846e-16 5.1747e-16 3.28834e-16 2.08844e-16 1.32564e-16 8.40993e-17 5.33247e-17 3.37938e-17 2.14054e-17 1.35516e-17 8.57517e-18 5.42357e-18 3.42864e-18 2.16648e-18 1.36833e-18 8.63832e-19 5.451e-19 3.43823e-19 2.16775e-19 1.36616e-19 8.60625e-20
0.00249849 0.00356132 0.00410363 0.00422333 0.00404225 0.00367432 0.00321182 0.00272201 0.00224936 0.00181994 0.00144625 0.00113154 0.000873323 0.000665952 0.000502381 0.000375332 0.000277962 0.000204213 0.000148937 0.000107894 7.7676e-05 5.55997e-05 3.95846e-05 2.80417e-05 1.97719e-05 1.38797e-05 9.70323e-06 6.75707e-06 4.68814e-06 3.24138e-06 2.23369e-06 1.53445e-06 1.05096e-06 7.17774e-07 4.88889e-07 3.3213e-07 2.25077e-07 1.52168e-07 1.02643e-07 6.9086e-08 4.64025e-08 3.11042e-08 2.08092e-08 1.38958e-08 9.26258e-09 6.16351e-09 4.09447e-09 2.71561e-09 1.79828e-09 1.18903e-09 7.85048e-10 5.17588e-10 3.40782e-10 2.24075e-10 1.47146e-10 9.65078e-11 6.32192e-11 4.13641e-11 2.70333e-11 1.76479e-11 1.15084e-11 7.49683e-12 4.8786e-12 3.1716e-12 2.05987e-12 1.33655e-12 8.66427e-13 5.61158e-13 3.63124e-13 2.34775e-13 1.51664e-13 9.78947e-14 6.31374e-14 4.06887e-14 2.62016e-14 1.686e-14 1.0841e-14 6.96579e-15 4.47266e-15 2.86988e-15 1.84022e-15 1.17921e-15 7.55146e-16 4.83278e-16 3.09097e-16 1.97573e-16 1.26213e-16 8.05797e-17 5.14161e-17 3.27891e-17 2.08987e-17 1.3313e-17 8.4762e-18 5.39387e-18 3.43066e-18 2.1809e-18 1.38574e-18 8.80064e-19 5.58652e-19 3.54458e-19 2.24796e-19
0.00149909 0.00231356 0.00282019 0.00303913 0.00302722 0.0028517 0.0025753 0.00224936 0.00191189 0.00158847 0.00129441 0.00103723 0.000819035 0.000638382 0.00049183 0.000374982 0.000283201 0.000212048 0.000157522 0.000116169 8.50984e-05 6.19509e-05 4.4839e-05 3.22785e-05 2.31191e-05 1.64802e-05 1.16953e-05 8.26477e-06 5.81725e-06 4.07912e-06 2.85011e-06 1.98464e-06 1.37752e-06 9.53182e-07 6.57625e-07 4.52441e-07 3.10441e-07 2.12462e-07 1.45048e-07 9.87906e-08 6.71326e-08 4.552e-08 3.08006e-08 2.07987e-08 1.40174e-08 9.42932e-09 6.33147e-09 4.24391e-09 2.83982e-09 1.89716e-09 1.26539e-09 8.42711e-10 5.60383e-10 3.72102e-10 2.46735e-10 1.63383e-10 1.08046e-10 7.13601e-11 4.70714e-11 3.10121e-11 2.04076e-11 1.34138e-11 8.80699e-12 5.77601e-12 3.78413e-12 2.47659e-12 1.61921e-12 1.05761e-12 6.90122e-13 4.49904e-13 2.93032e-13 1.90687e-13 1.23978e-13 8.05375e-14 5.22742e-14 3.39016e-14 2.19688e-14 1.4225e-14 9.20371e-15 5.95043e-15 3.84427e-15 2.4818e-15 1.60108e-15 1.03219e-15 6.64981e-16 4.28125e-16 2.75455e-16 1.77113e-16 1.1381e-16 7.30871e-17 4.69072e-17 3.00871e-17 1.92872e-17 1.23569e-17 7.91232e-18 5.06361e-18 3.23878e-18 2.07048e-18 1.32292e-18 8.44834e-19 5.3925e-19
0.000899455 0.00149419 0.00191943 0.00215939 0.00223289 0.00217512 0.0020254 0.00181994 0.00158847 0.00135314 0.00112906 0.000925368 0.00074662 0.000594093 0.000466901 0.000362867 0.000279177 0.000212818 0.000160869 0.000120659 8.98524e-05 6.64671e-05 4.88642e-05 3.57159e-05 2.59644e-05 1.87795e-05 1.3518e-05 9.68674e-06 6.91179e-06 4.9119e-06 3.47731e-06 2.45277e-06 1.72411e-06 1.20793e-06 8.43621e-07 5.87418e-07 4.07846e-07 2.82389e-07 1.95007e-07 1.34323e-07 9.22981e-08 6.32726e-08 4.32772e-08 2.95364e-08 2.01162e-08 1.36728e-08 9.27509e-09 6.28001e-09 4.24434e-09 2.86347e-09 1.92856e-09 1.29675e-09 8.70522e-10 5.83483e-10 3.90499e-10 2.60961e-10 1.74145e-10 1.16051e-10 7.72322e-11 5.13311e-11 3.40729e-11 2.25891e-11 1.49577e-11 9.89277e-12 6.53542e-12 4.31264e-12 2.84275e-12 1.87185e-12 1.23127e-12 8.09085e-13 5.31135e-13 3.48333e-13 2.2823e-13 1.494e-13 9.77086e-14 6.38457e-14 4.16826e-14 2.719e-14 1.77216e-14 1.1541e-14 7.51002e-15 4.88313e-15 3.17266e-15 2.05979e-15 1.3363e-15 8.66309e-16 5.61222e-16 3.63325e-16 2.35051e-16 1.51963e-16 9.81815e-17 6.33931e-17 4.09054e-17 2.63785e-17 1.70003e-17 1.09497e-17 7.04841e-18 4.53451e-18 2.91557e-18 1.87358e-18 1.20333e-18
0.000539673 0.00096015 0.00129555 0.00151776 0.00162579 0.00163468 0.00156689 0.00144625 0.00129441 0.00112906 0.000963474 0.000806722 0.000664341 0.000539099 0.000431757 0.000341722 0.000267579 0.000207486 0.000159455 0.000121537 9.19325e-05 6.90498e-05 5.15227e-05 3.8209e-05 2.81731e-05 2.06613e-05 1.50756e-05 1.09473e-05 7.91354e-06 5.69601e-06 4.08322e-06 2.91577e-06 2.07446e-06 1.47073e-06 1.03922e-06 7.31961e-07 5.13972e-07 3.59846e-07 2.5123e-07 1.74926e-07 1.21481e-07 8.41549e-08 5.81575e-08 4.00983e-08 2.75853e-08 1.89362e-08 1.29719e-08 8.86829e-09 6.05107e-09 4.12104e-09 2.8015e-09 1.90111e-09 1.28789e-09 8.71023e-10 5.8814e-10 3.96508e-10 2.66909e-10 1.79404e-10 1.20414e-10 8.07072e-11 5.40204e-11 3.61101e-11 2.41067e-11 1.60731e-11 1.07036e-11 7.11938e-12 4.72984e-12 3.13874e-12 2.08057e-12 1.37765e-12 9.11239e-13 6.02111e-13 3.97449e-13 2.62093e-13 1.72667e-13 1.13645e-13 7.47291e-14 4.90947e-14 3.2225e-14 2.11336e-14 1.38479e-14 9.06634e-15 5.93094e-15 3.87674e-15 2.53203e-15 1.65247e-15 1.07764e-15 7.02242e-16 4.57283e-16 2.97559e-16 1.93489e-16 1.2573e-16 8.16445e-17 5.29819e-17 3.43592e-17 2.2268e-17 1.44226e-17 9.33551e-18 6.03903e-18 3.90423e-18 2.5226e-18
0.000323804 0.000614271 0.000868166 0.00105682 0.00117055 0.00121287 0.00119502 0.00113154 0.00103723 0.000925368 0.000806722 0.00068938 0.000578886 0.000478629 0.000390296 0.000314325 0.000250298 0.000197273 0.000154021 0.000119212 9.15319e-05 6.97573e-05 5.27952e-05 3.96995e-05 2.96715e-05 2.20506e-05 1.62994e-05 1.19874e-05 8.77401e-06 6.393e-06 4.63815e-06 3.35127e-06 2.41205e-06 1.72962e-06 1.23589e-06 8.80117e-07 6.24732e-07 4.4208e-07 3.119e-07 2.19426e-07 1.53947e-07 1.07722e-07 7.5186e-08 5.23484e-08 3.63617e-08 2.51996e-08 1.74256e-08 1.20242e-08 8.27997e-09 5.69032e-09 3.90307e-09 2.67217e-09 1.82614e-09 1.24577e-09 8.48401e-10 5.76825e-10 3.91549e-10 2.65368e-10 1.79576e-10 1.2134e-10 8.18716e-11 5.51635e-11 3.71172e-11 2.49413e-11 1.67378e-11 1.12182e-11 7.50955e-12 5.02086e-12 3.35297e-12 2.23656e-12 1.49019e-12 9.91805e-13 6.5939e-13 4.37927e-13 2.90545e-13 1.9257e-13 1.27507e-13 8.43457e-14 5.57417e-14 3.6804e-14 2.42782e-14 1.60012e-14 1.05368e-14 6.93261e-15 4.55742e-15 2.99354e-15 1.96473e-15 1.28847e-15 8.44329e-16 5.52862e-16 3.61741e-16 2.36516e-16 1.54528e-16 1.0089e-16 6.58246e-17 4.29171e-17 2.79628e-17 1.82072e-17 1.18474e-17 7.70419e-18 5.00677e-18
0.000194282 0.000391471 0.000578103 0.000729834 0.000834541 0.000889865 0.000900106 0.000873323 0.000819035 0.00074662 0.000664341 0.000578886 0.000495259 0.000416889 0.000345867 0.000283221 0.000229192 0.00018348 0.000145439 0.00011424 8.89806e-05 6.8767e-05 5.27598e-05 4.02045e-05 3.04425e-05 2.29133e-05 1.71494e-05 1.27674e-05 9.4575e-06 6.9724e-06 5.11714e-06 3.73945e-06 2.72154e-06 1.97301e-06 1.42504e-06 1.02561e-06 7.3563e-07 5.25921e-07 3.7482e-07 2.6633e-07 1.88697e-07 1.33322e-07 9.39459e-08 6.60289e-08 4.62924e-08 3.23775e-08 2.25928e-08 1.57298e-08 1.09279e-08 7.57591e-09 5.24145e-09 3.6192e-09 2.49427e-09 1.71581e-09 1.17819e-09 8.07605e-10 5.52645e-10 3.77551e-10 2.57518e-10 1.75372e-10 1.19248e-10 8.09656e-11 5.48935e-11 3.71647e-11 2.51271e-11 1.69658e-11 1.14403e-11 7.70455e-12 5.18222e-12 3.48141e-12 2.33603e-12 1.56566e-12 1.04815e-12 7.00916e-13 4.68205e-13 3.12424e-13 2.08258e-13 1.3868e-13 9.22561e-14 6.13127e-14 4.07089e-14 2.70035e-14 1.78958e-14 1.18493e-14 7.83874e-15 5.18113e-15 3.42162e-15 2.25776e-15 1.48856e-15 9.80628e-16 6.45505e-16 4.24578e-16 2.79051e-16 1.83267e-16 1.20272e-16 7.88738e-17 5.16881e-17 3.38489e-17 2.21513e-17 1.44864e-17 9.46745e-18
0.000116569 0.000248628 0.000382805 0.000500366 0.000589838 0.000646429 0.000670526 0.000665952 0.000638382 0.000594093 0.000539099 0.000478629 0.000416889 0.000357012 0.000301141 0.000250574 0.000205938 0.000167356 0.000134605 0.000107238 8.46873e-05 6.63348e-05 5.15658e-05 3.98013e-05 3.0517e-05 2.32526e-05 1.76135e-05 1.32681e-05 9.94233e-06 7.41324e-06 5.50145e-06 4.0644e-06 2.98992e-06 2.19054e-06 1.59866e-06 1.16236e-06 8.42136e-07 6.08052e-07 4.37599e-07 3.1394e-07 2.24546e-07 1.6014e-07 1.13888e-07 8.07759e-08 5.7142e-08 4.03215e-08 2.83833e-08 1.99329e-08 1.39666e-08 9.76458e-09 6.81227e-09 4.74278e-09 3.29537e-09 2.28524e-09 1.58175e-09 1.09282e-09 7.53678e-10 5.18884e-10 3.56634e-10 2.44716e-10 1.67652e-10 1.14678e-10 7.83232e-11 5.34146e-11 3.63751e-11 2.47365e-11 1.67987e-11 1.13928e-11 7.71645e-12 5.21975e-12 3.52647e-12 2.37957e-12 1.60376e-12 1.07963e-12 7.25959e-13 4.87601e-13 3.27146e-13 2.19257e-13 1.46794e-13 9.81787e-14 6.55978e-14 4.37856e-14 2.91981e-14 1.9452e-14 1.2947e-14 8.60951e-15 5.72003e-15 3.79696e-15 2.51825e-15 1.66876e-15 1.10491e-15 7.30979e-16 4.83208e-16 3.19169e-16 2.10654e-16 1.38928e-16 9.15552e-17 6.02915e-17 3.96749e-17 2.60894e-17 1.71439e-17
6.99416e-05 0.000157424 0.000252221 0.000340825 0.000413666 0.000465445 0.000494602 0.000502381 0.00049183 0.000466901 0.000431757 0.000390296 0.000345867 0.000301141 0.000258103 0.000218101 0.000181944 0.000150012 0.000122362 9.88255e-05 7.90888e-05 6.27582e-05 4.94069e-05 3.86094e-05 2.99632e-05 2.31024e-05 1.77037e-05 1.34883e-05 1.02206e-05 7.70444e-06 5.77924e-06 4.31488e-06 3.20724e-06 2.37383e-06 1.74987e-06 1.28493e-06 9.40022e-07 6.85255e-07 4.97832e-07 3.60487e-07 2.60212e-07 1.8726e-07 1.34368e-07 9.61442e-08 6.86071e-08 4.88288e-08 3.46642e-08 2.45483e-08 1.73433e-08 1.22249e-08 8.59785e-09 6.03392e-09 4.22571e-09 2.95338e-09 2.06007e-09 1.43421e-09 9.96631e-10 6.91306e-10 4.78676e-10 3.30878e-10 2.28333e-10 1.57313e-10 1.08211e-10 7.43202e-11 5.09669e-11 3.49004e-11 2.38644e-11 1.62953e-11 1.11116e-11 7.56683e-12 5.14616e-12 3.4954e-12 2.3712e-12 1.60661e-12 1.08725e-12 7.34928e-13 4.96205e-13 3.34649e-13 2.25445e-13 1.51714e-13 1.01989e-13 6.84903e-14 4.59479e-14 3.07944e-14 2.06183e-14 1.37917e-14 9.21674e-15 6.15369e-15 4.10488e-15 2.73578e-15 1.82172e-15 1.21202e-15 8.05701e-16 5.35153e-16 3.55164e-16 2.35523e-16 1.56062e-16 1.03329e-16 6.83631e-17 4.51955e-17 2.98572e-17
4.1965e-05 9.94024e-05 0.000165439 0.000230803 0.000288097 0.000332472 0.000361613 0.000375332 0.000374982 0.000362867 0.000341722 0.000314325 0.000283221 0.000250574 0.000218101 0.000187064 0.000158319 0.000132371 0.000109449 8.95709e-05 7.26103e-05 5.83445e-05 4.64979e-05 3.67733e-05 2.88741e-05 2.2519e-05 1.74512e-05 1.34429e-05 1.02965e-05 7.84427e-06 5.94558e-06 4.48462e-06 3.36703e-06 2.51681e-06 1.87338e-06 1.38883e-06 1.02564e-06 7.54635e-07 5.53269e-07 4.04254e-07 2.94408e-07 2.13734e-07 1.54696e-07 1.11638e-07 8.03371e-08 5.76548e-08 4.12675e-08 2.94628e-08 2.0983e-08 1.49081e-08 1.05675e-08 7.47392e-09 5.27446e-09 3.71441e-09 2.61041e-09 1.83089e-09 1.28167e-09 8.95506e-10 6.24548e-10 4.34797e-10 3.02171e-10 2.09645e-10 1.4521e-10 1.00418e-10 6.93337e-11 4.77982e-11 3.29025e-11 2.26158e-11 1.55231e-11 1.06399e-11 7.28289e-12 4.97844e-12 3.39873e-12 2.31733e-12 1.57804e-12 1.07329e-12 7.29116e-13 4.94731e-13 3.35308e-13 2.27003e-13 1.53511e-13 1.037e-13 6.99781e-14 4.71729e-14 3.17674e-14 2.13716e-14 1.43637e-14 9.64448e-15 6.46965e-15 4.33591e-15 2.90325e-15 1.94223e-15 1.29818e-15 8.66947e-16 5.78473e-16 3.85665e-16 2.56911e-16 1.71003e-16 1.13731e-16 7.5582e-17 5.01906e-17
2.5179e-05 6.26104e-05 0.000108077 0.000155475 0.000199383 0.00023578 0.000262268 0.000277962 0.000283201 0.000279177 0.000267579 0.000250298 0.000229192 0.000205938 0.000181944 0.000158319 0.000135874 0.000115153 9.64723e-05 7.99677e-05 6.56383e-05 5.3387e-05 4.30547e-05 3.44472e-05 2.7356e-05 2.15731e-05 1.69009e-05 1.31585e-05 1.01846e-05 7.83904e-06 6.0018e-06 4.57208e-06 3.46628e-06 2.61594e-06 1.96559e-06 1.47078e-06 1.09613e-06 8.13789e-07 6.01955e-07 4.43692e-07 3.25928e-07 2.3864e-07 1.74178e-07 1.26744e-07 9.19569e-08 6.65293e-08 4.80013e-08 3.45418e-08 2.47927e-08 1.77511e-08 1.2679e-08 9.03506e-09 6.42386e-09 4.55731e-09 3.22624e-09 2.27921e-09 1.60694e-09 1.13074e-09 7.94146e-10 5.56714e-10 3.89565e-10 2.72122e-10 1.89759e-10 1.32104e-10 9.18165e-11 6.37139e-11 4.41441e-11 3.05389e-11 2.10955e-11 1.45511e-11 1.00228e-11 6.89416e-12 4.73571e-12 3.24873e-12 2.22577e-12 1.52298e-12 1.04081e-12 7.10426e-13 4.84338e-13 3.29816e-13 2.24335e-13 1.52418e-13 1.03442e-13 7.01277e-14 4.74922e-14 3.21295e-14 2.17141e-14 1.46604e-14 9.88837e-15 6.66321e-15 4.4857e-15 3.01699e-15 2.02731e-15 1.36105e-15 9.12948e-16 6.11844e-16 4.09698e-16 2.74109e-16 1.83241e-16 1.22397e-16 8.16902e-17
1.51074e-05 3.93476e-05 7.03447e-05 0.00010423 0.000137196 0.000166114 0.000188829 0.000204213 0.000212048 0.000212818 0.000207486 0.000197273 0.00018348 0.000167356 0.000150012 0.000132371 0.000115153 9.88816e-05 8.39041e-05 7.04183e-05 5.85031e-05 4.8148e-05 3.92793e-05 3.17823e-05 2.5519e-05 2.03425e-05 1.6106e-05 1.267e-05 9.90669e-06 7.70152e-06 5.95453e-06 4.57993e-06 3.50524e-06 2.67008e-06 2.02474e-06 1.52876e-06 1.14951e-06 8.6092e-07 6.42335e-07 4.77499e-07 3.53718e-07 2.61139e-07 1.92163e-07 1.40963e-07 1.03091e-07 7.51734e-08 5.46611e-08 3.96372e-08 2.86667e-08 2.06793e-08 1.48804e-08 1.06819e-08 7.65004e-09 5.4663e-09 3.89731e-09 2.77272e-09 1.96852e-09 1.39475e-09 9.86268e-10 6.96081e-10 4.90357e-10 3.44805e-10 2.42027e-10 1.6959e-10 1.18633e-10 8.28498e-11 5.7767e-11 4.02147e-11 2.79527e-11 1.94004e-11 1.3445e-11 9.30436e-12 6.42989e-12 4.43736e-12 3.05818e-12 2.10489e-12 1.44689e-12 9.93334e-13 6.81111e-13 4.66461e-13 3.19078e-13 2.18008e-13 1.48783e-13 1.01425e-13 6.9066e-14 4.69801e-14 3.1923e-14 2.16692e-14 1.4694e-14 9.95408e-15 6.73653e-15 4.55461e-15 3.07648e-15 2.07612e-15 1.39975e-15 9.42885e-16 6.34573e-16 4.26703e-16 2.8668e-16 1.92443e-16 1.29076e-16
9.06444e-06 2.46774e-05 4.56319e-05 6.95698e-05 9.39109e-05 0.000116331 0.000135047 0.000148937 0.000157522 0.000160869 0.000159455 0.000154021 0.000145439 0.000134605 0.000122362 0.000109449 9.64723e-05 8.39041e-05 7.20832e-05 6.12315e-05 5.14721e-05 4.28499e-05 3.53506e-05 2.89181e-05 2.34692e-05 1.89056e-05 1.51228e-05 1.2017e-05 9.4894e-06 7.44902e-06 5.81445e-06 4.51427e-06 3.48695e-06 2.68032e-06 2.05071e-06 1.56202e-06 1.18472e-06 8.94887e-07 6.7331e-07 5.04689e-07 3.76926e-07 2.80526e-07 2.08078e-07 1.53841e-07 1.13385e-07 8.3316e-08 6.10422e-08 4.45968e-08 3.2493e-08 2.36115e-08 1.71136e-08 1.23731e-08 8.92413e-09 6.42146e-09 4.61013e-09 3.3024e-09 2.36054e-09 1.68377e-09 1.19859e-09 8.51524e-10 6.03786e-10 4.27318e-10 3.01871e-10 2.1287e-10 1.49847e-10 1.05304e-10 7.38778e-11 5.17463e-11 3.61872e-11 2.52672e-11 1.76157e-11 1.2263e-11 8.52446e-12 5.91723e-12 4.10173e-12 2.83939e-12 1.96292e-12 1.35524e-12 9.34486e-13 6.43555e-13 4.42655e-13 3.04104e-13 2.08673e-13 1.43023e-13 9.7916e-14 6.69602e-14 4.57408e-14 3.12122e-14 2.12759e-14 1.44877e-14 9.8553e-15 6.69739e-15 4.54689e-15 3.08393e-15 2.08969e-15 1.41466e-15 9.56809e-16 6.46556e-16 4.36517e-16 2.94453e-16 1.98453e-16
5.43866e-06 1.54477e-05 2.95098e-05 4.62486e-05 6.39725e-05 8.10179e-05 9.59901e-05 0.000107894 0.000116169 0.000120659 0.000121537 0.000119212 0.00011424 0.000107238 9.88255e-05 8.95709e-05 7.99677e-05 7.04183e-05 6.12315e-05 5.26275e-05 4.47485e-05 3.76706e-05 3.14183e-05 2.59766e-05 2.13029e-05 1.73366e-05 1.40072e-05 1.12402e-05 8.96181e-06 7.10167e-06 5.59503e-06 4.38374e-06 3.41665e-06 2.64958e-06 2.04488e-06 1.57097e-06 1.2016e-06 9.15207e-07 6.94262e-07 5.24614e-07 3.94942e-07 2.96254e-07 2.21457e-07 1.64992e-07 1.22527e-07 9.07091e-08 6.69514e-08 4.92724e-08 3.61595e-08 2.64639e-08 1.93169e-08 1.40638e-08 1.02138e-08 7.39985e-09 5.34856e-09 3.85709e-09 2.77535e-09 1.99269e-09 1.42773e-09 1.02086e-09 7.28481e-10 5.18833e-10 3.6882e-10 2.61697e-10 1.85354e-10 1.31051e-10 9.24978e-11 6.51772e-11 4.58509e-11 3.22036e-11 2.2583e-11 1.58123e-11 1.10549e-11 7.71757e-12 5.38001e-12 3.7452e-12 2.60358e-12 1.80751e-12 1.25319e-12 8.67746e-13 6.00091e-13 4.14478e-13 2.85928e-13 1.97012e-13 1.35587e-13 9.32058e-14 6.39996e-14 4.38965e-14 3.00752e-14 2.05836e-14 1.40728e-14 9.61143e-15 6.55776e-15 4.46981e-15 3.04367e-15 2.07055e-15 1.40722e-15 9.55508e-16 6.48197e-16 4.39327e-16 2.97497e-16
3.2632e-06 9.6534e-06 1.90296e-05 3.06312e-05 4.33847e-05 5.61374e-05 6.78419e-05 7.7676e-05 8.50984e-05 8.98524e-05 9.19325e-05 9.15319e-05 8.89806e-05 8.46873e-05 7.90888e-05 7.26103e-05 6.56383e-05 5.85031e-05 5.14721e-05 4.47485e-05 3.84755e-05 3.27441e-05 2.76012e-05 2.30589e-05 1.91032e-05 1.5702e-05 1.28108e-05 1.0379e-05 8.35325e-06 6.68073e-06 5.31128e-06 4.19864e-06 3.30117e-06 2.58217e-06 2.00984e-06 1.557e-06 1.20075e-06 9.2201e-07 7.05038e-07 5.36975e-07 4.07404e-07 3.07957e-07 2.31956e-07 1.74112e-07 1.30259e-07 9.71398e-08 7.22169e-08 5.35278e-08 3.95602e-08 2.91553e-08 2.14285e-08 1.5708e-08 1.14851e-08 8.37659e-09 6.09467e-09 4.42397e-09 3.20393e-09 2.31519e-09 1.66936e-09 1.20116e-09 8.62499e-10 6.18084e-10 4.42069e-10 3.15578e-10 2.24862e-10 1.59934e-10 1.13552e-10 8.04825e-11 5.69474e-11 4.02282e-11 2.83717e-11 1.99782e-11 1.40461e-11 9.86058e-12 6.91203e-12 4.83816e-12 3.38173e-12 2.36046e-12 1.64536e-12 1.14538e-12 7.96284e-13 5.52879e-13 3.83396e-13 2.65539e-13 1.8369e-13 1.26918e-13 8.75909e-14 6.03804e-14 4.15762e-14 2.85966e-14 1.96478e-14 1.34849e-14 9.24549e-15 6.33234e-15 4.3327e-15 2.96156e-15 2.02236e-15 1.37968e-15 9.40343e-16 6.4031e-16 4.35608e-16
1.95792e-06 6.0229e-06 1.22392e-05 2.02179e-05 2.93014e-05 3.87142e-05 4.76958e-05 5.55997e-05 6.19509e-05 6.64671e-05 6.90498e-05 6.97573e-05 6.8767e-05 6.63348e-05 6.27582e-05 5.83445e-05 5.3387e-05 4.8148e-05 4.28499e-05 3.76706e-05 3.27441e-05 2.81638e-05 2.39877e-05 2.02442e-05 1.69387e-05 1.40587e-05 1.15799e-05 9.46981e-06 7.69168e-06 6.20725e-06 4.9787e-06 3.97011e-06 3.1483e-06 2.48341e-06 1.94905e-06 1.52228e-06 1.18345e-06 9.15959e-07 7.05905e-07 5.41794e-07 4.14198e-07 3.1545e-07 2.39367e-07 1.80993e-07 1.36389e-07 1.0244e-07 7.66961e-08 5.72454e-08 4.26004e-08 3.16105e-08 2.33902e-08 1.72607e-08 1.27039e-08 9.3262e-09 6.82958e-09 4.98923e-09 3.63625e-09 2.64412e-09 1.91842e-09 1.38888e-09 1.00339e-09 7.23405e-10 5.20502e-10 3.73778e-10 2.67903e-10 1.9166e-10 1.36866e-10 9.75641e-11 6.94272e-11 4.9321e-11 3.49796e-11 2.47681e-11 1.75098e-11 1.23594e-11 8.71064e-12 6.12996e-12 4.30757e-12 3.02264e-12 2.11804e-12 1.48212e-12 1.03574e-12 7.22846e-13 5.03823e-13 3.5072e-13 2.43838e-13 1.69321e-13 1.17436e-13 8.13538e-14 5.62929e-14 3.89077e-14 2.68616e-14 1.85248e-14 1.27616e-14 8.7821e-15 6.03724e-15 4.14604e-15 2.8444e-15 1.94948e-15 1.33482e-15 9.13079e-16 6.24001e-16
1.17475e-06 3.75226e-06 7.85277e-06 1.33022e-05 1.97141e-05 2.65815e-05 3.33682e-05 3.95846e-05 4.4839e-05 4.88642e-05 5.15227e-05 5.27952e-05 5.27598e-05 5.15658e-05 4.94069e-05 4.64979e-05 4.30547e-05 3.92793e-05 3.53506e-05 3.14183e-05 2.76012e-05 2.39877e-05 2.06388e-05 1.75913e-05 1.48623e-05 1.24531e-05 1.03533e-05 8.54434e-06 7.00245e-06 5.70099e-06 4.61235e-06 3.70938e-06 2.96624e-06 2.35914e-06 1.86658e-06 1.46955e-06 1.15148e-06 8.98147e-07 6.97488e-07 5.39385e-07 4.15435e-07 3.18723e-07 2.43609e-07 1.85524e-07 1.40796e-07 1.0649e-07 8.02809e-08 6.03313e-08 4.52006e-08 3.37644e-08 2.51494e-08 1.86804e-08 1.38379e-08 1.02238e-08 7.53441e-09 5.53872e-09 4.06184e-09 2.97178e-09 2.1693e-09 1.58e-09 1.1483e-09 8.3279e-10 6.02729e-10 4.35348e-10 3.13834e-10 2.25805e-10 1.62165e-10 1.16248e-10 8.31848e-11 5.94215e-11 4.23745e-11 3.01676e-11 2.14422e-11 1.52162e-11 1.07811e-11 7.62709e-12 5.38769e-12 3.80023e-12 2.67665e-12 1.88262e-12 1.32231e-12 9.27502e-13 6.49711e-13 4.54526e-13 3.17572e-13 2.21605e-13 1.54448e-13 1.07513e-13 7.47516e-14 5.19127e-14 3.60105e-14 2.49514e-14 1.72695e-14 1.19396e-14 8.24587e-15 5.68886e-15 3.92071e-15 2.69936e-15 1.85662e-15 1.27572e-15 8.75722e-16
7.04851e-07 2.33447e-06 5.02699e-06 8.72607e-06 1.32164e-05 1.81764e-05 2.3238e-05 2.80417e-05 3.22785e-05 3.57159e-05 3.8209e-05 3.96995e-05 4.02045e-05 3.98013e-05 3.86094e-05 3.67733e-05 3.44472e-05 3.17823e-05 2.89181e-05 2.59766e-05 2.30589e-05 2.02442e-05 1.75913e-05 1.51398e-05 1.29129e-05 1.09206e-05 9.16228e-06 7.62926e-06 6.30756e-06 5.17965e-06 4.22618e-06 3.4272e-06 2.76312e-06 2.21537e-06 1.76678e-06 1.40189e-06 1.10695e-06 8.6999e-07 6.80696e-07 5.30299e-07 4.11422e-07 3.17922e-07 2.44727e-07 1.87686e-07 1.43426e-07 1.09224e-07 8.29006e-08 6.27177e-08 4.73001e-08 3.55643e-08 2.66618e-08 1.99308e-08 1.48579e-08 1.10464e-08 8.19121e-09 6.05861e-09 4.47018e-09 3.29029e-09 2.41616e-09 1.77022e-09 1.29409e-09 9.43982e-10 6.8714e-10 4.99152e-10 3.61867e-10 2.61826e-10 1.8908e-10 1.3629e-10 9.806e-11 7.04276e-11 5.04934e-11 3.61397e-11 2.58231e-11 1.84214e-11 1.31202e-11 9.3299e-12 6.62441e-12 4.69638e-12 3.32459e-12 2.3501e-12 1.65889e-12 1.16936e-12 8.23159e-13 5.78681e-13 4.06279e-13 2.84872e-13 1.99492e-13 1.39529e-13 9.74699e-14 6.80075e-14 4.73949e-14 3.29917e-14 2.29395e-14 1.59322e-14 1.10533e-14 7.66016e-15 5.303e-15 3.66735e-15 2.53358e-15 1.74855e-15 1.20556e-15
4.2291e-07 1.45055e-06 3.21127e-06 5.70834e-06 8.83082e-06 1.23814e-05 1.61141e-05 1.97719e-05 2.31191e-05 2.59644e-05 2.81731e-05 2.96715e-05 3.04425e-05 3.0517e-05 2.99632e-05 2.88741e-05 2.7356e-05 2.5519e-05 2.34692e-05 2.13029e-05 1.91032e-05 1.69387e-05 1.48623e-05 1.29129e-05 1.11163e-05 9.48707e-06 8.03079e-06 6.74582e-06 5.62525e-06 4.65847e-06 3.83256e-06 3.13343e-06 2.54661e-06 2.05794e-06 1.65404e-06 1.32251e-06 1.05218e-06 8.33113e-07 6.56639e-07 5.1527e-07 4.02625e-07 3.13323e-07 2.42871e-07 1.87547e-07 1.44295e-07 1.10625e-07 8.45221e-08 6.43647e-08 4.88577e-08 3.69715e-08 2.78929e-08 2.09823e-08 1.5739e-08 1.17736e-08 8.78369e-09 6.53606e-09 4.85128e-09 3.59193e-09 2.65313e-09 1.95513e-09 1.4375e-09 1.05457e-09 7.71976e-10 5.6392e-10 4.11091e-10 2.9908e-10 2.17162e-10 1.5738e-10 1.13842e-10 8.21974e-11 5.92432e-11 4.26244e-11 3.0615e-11 2.19525e-11 1.57152e-11 1.1232e-11 8.01515e-12 5.71079e-12 4.0628e-12 2.88609e-12 2.04722e-12 1.45011e-12 1.02572e-12 7.24541e-13 5.11107e-13 3.60071e-13 2.53338e-13 1.78016e-13 1.24933e-13 8.75708e-14 6.13081e-14 4.28708e-14 2.99432e-14 2.089e-14 1.45575e-14 1.01334e-14 7.04615e-15 4.89419e-15 3.39588e-15 2.35381e-15 1.62985e-15
2.53746e-07 9.00249e-07 2.04734e-06 3.72454e-06 5.88207e-06 8.40377e-06 1.11294e-05 1.38797e-05 1.64802e-05 1.87795e-05 2.06613e-05 2.20506e-05 2.29133e-05 2.32526e-05 2.31024e-05 2.2519e-05 2.15731e-05 2.03425e-05 1.89056e-05 1.73366e-05 1.5702e-05 1.40587e-05 1.24531e-05 1.09206e-05 9.48707e-06 8.16908e-06 6.97577e-06 5.91003e-06 4.96993e-06 4.14992e-06 3.44202e-06 2.83669e-06 2.32363e-06 1.89233e-06 1.53256e-06 1.23461e-06 9.89531e-07 7.89242e-07 6.26549e-07 4.95157e-07 3.89626e-07 3.0531e-07 2.38279e-07 1.85244e-07 1.43475e-07 1.10723e-07 8.51484e-08 6.52597e-08 4.98528e-08 3.79624e-08 2.88191e-08 2.18127e-08 1.64619e-08 1.23887e-08 9.29793e-09 6.95969e-09 5.19601e-09 3.86952e-09 2.87462e-09 2.13043e-09 1.57523e-09 1.16208e-09 8.55397e-10 6.28295e-10 4.60516e-10 3.36849e-10 2.45897e-10 1.79151e-10 1.30273e-10 9.45536e-11 6.85023e-11 4.95398e-11 3.57637e-11 2.57742e-11 1.85439e-11 1.33199e-11 9.55213e-12 6.83936e-12 4.88943e-12 3.49014e-12 2.48761e-12 1.77047e-12 1.25827e-12 8.92993e-13 6.32885e-13 4.47935e-13 3.16612e-13 2.23499e-13 1.57567e-13 1.10946e-13 7.80223e-14 5.48024e-14 3.84469e-14 2.6941e-14 1.88566e-14 1.31832e-14 9.20652e-15 6.42231e-15 4.47526e-15 3.11518e-15 2.16617e-15
1.52248e-07 5.58101e-07 1.30287e-06 2.42425e-06 3.90646e-06 5.68474e-06 7.65766e-06 9.70323e-06 1.16953e-05 1.3518e-05 1.50756e-05 1.62994e-05 1.71494e-05 1.76135e-05 1.77037e-05 1.74512e-05 1.69009e-05 1.6106e-05 1.51228e-05 1.40072e-05 1.28108e-05 1.15799e-05 1.03533e-05 9.16228e-06 8.03079e-06 6.97577e-06 6.008e-06 5.13306e-06 4.3523e-06 3.66377e-06 3.0631e-06 2.54427e-06 2.10022e-06 1.72342e-06 1.40622e-06 1.1412e-06 9.21327e-07 7.40118e-07 5.9171e-07 4.7089e-07 3.73084e-07 2.94336e-07 2.31258e-07 1.80979e-07 1.4109e-07 1.09587e-07 8.48145e-08 6.54152e-08 5.02843e-08 3.8528e-08 2.94276e-08 2.24082e-08 1.70127e-08 1.28792e-08 9.72281e-09 7.32006e-09 5.49654e-09 4.11668e-09 3.07551e-09 2.29207e-09 1.70415e-09 1.2641e-09 9.35564e-10 6.9089e-10 5.09108e-10 3.74369e-10 2.74725e-10 2.012e-10 1.47064e-10 1.07289e-10 7.81248e-11 5.67843e-11 4.11993e-11 2.98394e-11 2.15747e-11 1.55729e-11 1.12222e-11 8.07397e-12 5.79974e-12 4.15965e-12 2.97883e-12 2.13003e-12 1.52087e-12 1.08436e-12 7.72047e-13 5.48926e-13 3.89757e-13 2.76372e-13 1.95716e-13 1.38421e-13 9.77745e-14 6.8978e-14 4.86032e-14 3.42057e-14 2.40447e-14 1.68824e-14 1.18401e-14 8.29443e-15 5.80415e-15 4.05712e-15 2.8329e-15
9.13486e-08 3.45632e-07 8.27667e-07 1.57429e-06 2.58723e-06 3.83323e-06 5.25021e-06 6.75707e-06 8.26477e-06 9.68674e-06 1.09473e-05 1.19874e-05 1.27674e-05 1.32681e-05 1.34883e-05 1.34429e-05 1.31585e-05 1.267e-05 1.2017e-05 1.12402e-05 1.0379e-05 9.46981e-06 8.54434e-06 7.62926e-06 6.74582e-06 5.91003e-06 5.13306e-06 4.42185e-06 3.77974e-06 3.2072e-06 2.70243e-06 2.26201e-06 1.8814e-06 1.5554e-06 1.27847e-06 1.04505e-06 8.49732e-07 6.87414e-07 5.53394e-07 4.43417e-07 3.53695e-07 2.80903e-07 2.22159e-07 1.74991e-07 1.373e-07 1.07322e-07 8.35835e-08 6.48664e-08 5.01689e-08 3.86733e-08 2.97162e-08 2.27627e-08 1.73836e-08 1.32367e-08 1.00504e-08 7.60992e-09 5.74653e-09 4.32804e-09 3.25137e-09 2.43647e-09 1.82139e-09 1.35836e-09 1.01071e-09 7.50348e-10 5.55832e-10 4.1086e-10 3.03064e-10 2.23094e-10 1.63897e-10 1.20173e-10 8.79451e-11 6.42399e-11 4.68386e-11 3.40898e-11 2.47676e-11 1.79638e-11 1.30071e-11 9.40259e-12 6.78599e-12 4.8898e-12 3.51799e-12 2.52718e-12 1.81271e-12 1.29833e-12 9.28572e-13 6.63182e-13 4.72986e-13 3.36877e-13 2.39615e-13 1.7021e-13 1.20752e-13 8.55566e-14 6.05439e-14 4.27912e-14 3.02074e-14 2.12989e-14 1.50001e-14 1.0552e-14 7.41449e-15 5.2041e-15 3.64867e-15
5.48092e-08 2.13842e-07 5.2493e-07 1.02013e-06 1.70905e-06 2.57701e-06 3.58756e-06 4.68814e-06 5.81725e-06 6.91179e-06 7.91354e-06 8.77401e-06 9.4575e-06 9.94233e-06 1.02206e-05 1.02965e-05 1.01846e-05 9.90669e-06 9.4894e-06 8.96181e-06 8.35325e-06 7.69168e-06 7.00245e-06 6.30756e-06 5.62525e-06 4.96993e-06 4.3523e-06 3.77974e-06 3.25666e-06 2.78502e-06 2.36478e-06 1.99439e-06 1.67118e-06 1.39175e-06 1.15223e-06 9.48568e-07 7.76697e-07 6.3268e-07 5.12808e-07 4.13665e-07 3.32157e-07 2.65529e-07 2.11361e-07 1.67551e-07 1.32294e-07 1.04055e-07 8.15402e-08 6.36673e-08 4.9539e-08 3.84159e-08 2.96929e-08 2.28779e-08 1.75727e-08 1.34574e-08 1.02759e-08 7.82443e-09 5.94139e-09 4.49946e-09 3.39861e-09 2.56058e-09 1.92443e-09 1.44283e-09 1.07922e-09 8.05389e-10 5.99693e-10 4.45556e-10 3.3033e-10 2.44392e-10 1.80443e-10 1.32962e-10 9.77841e-11 7.17761e-11 5.25873e-11 3.84581e-11 2.80749e-11 2.04591e-11 1.48837e-11 1.08094e-11 7.83753e-12 5.67353e-12 4.10053e-12 2.95904e-12 2.13206e-12 1.5339e-12 1.10194e-12 7.90482e-13 5.66254e-13 4.05066e-13 2.89366e-13 2.06437e-13 1.4708e-13 1.04654e-13 7.43713e-14 5.2785e-14 3.7418e-14 2.64926e-14 1.87349e-14 1.32333e-14 9.3365e-15 6.5797e-15 4.63173e-15
3.28855e-08 1.32183e-07 3.32414e-07 6.59688e-07 1.12617e-06 1.72756e-06 2.44367e-06 3.24138e-06 4.07912e-06 4.9119e-06 5.69601e-06 6.393e-06 6.9724e-06 7.41324e-06 7.70444e-06 7.84427e-06 7.83904e-06 7.70152e-06 7.44902e-06 7.10167e-06 6.68073e-06 6.20725e-06 5.70099e-06 5.17965e-06 4.65847e-06 4.14992e-06 3.66377e-06 3.2072e-06 2.78502e-06 2.40002e-06 2.05331e-06 1.7446e-06 1.47259e-06 1.23521e-06 1.0299e-06 8.53795e-07 7.0392e-07 5.77298e-07 4.7106e-07 3.82504e-07 3.09143e-07 2.48726e-07 1.99248e-07 1.58943e-07 1.26278e-07 9.99333e-08 7.87859e-08 6.18862e-08 4.84392e-08 3.77838e-08 2.93742e-08 2.27625e-08 1.75837e-08 1.35417e-08 1.0398e-08 7.96112e-09 6.07827e-09 4.62808e-09 3.51454e-09 2.66202e-09 2.01121e-09 1.51578e-09 1.13966e-09 8.54862e-10 6.39773e-10 4.77735e-10 3.55961e-10 2.64663e-10 1.96373e-10 1.45407e-10 1.07455e-10 7.92546e-11 5.83438e-11 4.28701e-11 3.14429e-11 2.30205e-11 1.68247e-11 1.22753e-11 8.94106e-12 6.50174e-12 4.72028e-12 3.4215e-12 2.47623e-12 1.78938e-12 1.29111e-12 9.30214e-13 6.69232e-13 4.80789e-13 3.44927e-13 2.47118e-13 1.76807e-13 1.26333e-13 9.01513e-14 6.42498e-14 4.57325e-14 3.25118e-14 2.3085e-14 1.63719e-14 1.15973e-14 8.20558e-15 5.79919e-15
1.97313e-08 8.16362e-08 2.10196e-07 4.25779e-07 7.40352e-07 1.155e-06 1.6595e-06 2.23369e-06 2.85011e-06 3.47731e-06 4.08322e-06 4.63815e-06 5.11714e-06 5.50145e-06 5.77924e-06 5.94558e-06 6.0018e-06 5.95453e-06 5.81445e-06 5.59503e-06 5.31128e-06 4.9787e-06 4.61235e-06 4.22618e-06 3.83256e-06 3.44202e-06 3.0631e-06 2.70243e-06 2.36478e-06 2.05331e-06 1.76976e-06 1.51469e-06 1.28774e-06 1.08782e-06 9.13344e-07 7.62383e-07 6.3282e-07 5.22461e-07 4.29128e-07 3.50724e-07 2.8528e-07 2.30984e-07 1.86194e-07 1.49449e-07 1.19462e-07 9.51109e-08 7.54322e-08 5.96021e-08 4.69241e-08 3.68136e-08 2.87836e-08 2.24311e-08 1.74248e-08 1.34938e-08 1.04181e-08 8.01989e-09 6.15613e-09 4.71237e-09 3.59746e-09 2.7391e-09 2.08019e-09 1.57584e-09 1.19085e-09 8.97782e-10 6.75262e-10 5.06742e-10 3.79436e-10 2.83497e-10 2.11368e-10 1.57264e-10 1.16772e-10 8.65344e-11 6.40023e-11 4.72474e-11 3.48139e-11 2.56057e-11 1.87995e-11 1.37783e-11 1.0081e-11 7.3634e-12 5.36957e-12 3.90929e-12 2.84164e-12 2.06235e-12 1.49449e-12 1.08137e-12 7.81295e-13 5.63674e-13 4.06091e-13 2.92155e-13 2.09897e-13 1.50597e-13 1.07907e-13 7.72174e-14 5.51856e-14 3.93902e-14 2.8081e-14 1.99943e-14 1.42194e-14 1.01004e-14 7.1663e-15
1.18388e-08 5.03777e-08 1.32731e-07 2.74306e-07 4.85637e-07 7.70234e-07 1.12375e-06 1.53445e-06 1.98464e-06 2.45277e-06 2.91577e-06 3.35127e-06 3.73945e-06 4.0644e-06 4.31488e-06 4.48462e-06 4.57208e-06 4.57993e-06 4.51427e-06 4.38374e-06 4.19864e-06 3.97011e-06 3.70938e-06 3.4272e-06 3.13343e-06 2.83669e-06 2.54427e-06 2.26201e-06 1.99439e-06 1.7446e-06 1.51469e-06 1.30572e-06 1.11795e-06 9.50981e-07 8.03941e-07 6.75608e-07 5.64536e-07 4.69153e-07 3.87846e-07 3.19016e-07 2.6113e-07 2.1275e-07 1.72554e-07 1.39345e-07 1.12055e-07 8.97453e-08 7.15955e-08 5.68996e-08 4.50542e-08 3.55478e-08 2.79504e-08 2.19032e-08 1.71085e-08 1.33212e-08 1.03405e-08 8.00278e-09 6.17557e-09 4.7521e-09 3.64667e-09 2.79089e-09 2.13036e-09 1.62202e-09 1.23191e-09 9.33357e-10 7.05486e-10 5.32016e-10 4.00295e-10 3.00523e-10 2.25132e-10 1.68299e-10 1.25554e-10 9.34763e-11 6.94569e-11 5.15098e-11 3.81278e-11 2.81701e-11 2.07753e-11 1.52944e-11 1.12398e-11 8.24598e-12 6.03945e-12 4.41609e-12 3.22386e-12 2.34978e-12 1.71002e-12 1.24255e-12 9.01519e-13 6.53125e-13 4.72486e-13 3.41322e-13 2.46225e-13 1.7738e-13 1.27611e-13 9.16851e-14 6.57871e-14 4.71439e-14 3.37412e-14 2.41188e-14 1.72195e-14 1.2279e-14 8.7456e-15
7.10327e-09 3.10642e-08 8.37051e-08 1.76414e-07 3.17887e-07 5.12401e-07 7.58902e-07 1.05096e-06 1.37752e-06 1.72411e-06 2.07446e-06 2.41205e-06 2.72154e-06 2.98992e-06 3.20724e-06 3.36703e-06 3.46628e-06 3.50524e-06 3.48695e-06 3.41665e-06 3.30117e-06 3.1483e-06 2.96624e-06 2.76312e-06 2.54661e-06 2.32363e-06 2.10022e-06 1.8814e-06 1.67118e-06 1.47259e-06 1.28774e-06 1.11795e-06 9.63857e-07 8.25533e-07 7.02611e-07 5.9439e-07 4.99934e-07 4.18159e-07 3.479e-07 2.87964e-07 2.3718e-07 1.94426e-07 1.5865e-07 1.28885e-07 1.04259e-07 8.399e-08 6.73923e-08 5.3866e-08 4.28938e-08 3.40329e-08 2.69077e-08 2.12019e-08 1.66507e-08 1.30345e-08 1.01718e-08 7.91373e-09 6.13876e-09 4.74822e-09 3.66238e-09 2.81715e-09 2.16124e-09 1.65374e-09 1.26222e-09 9.61014e-10 7.29924e-10 5.53101e-10 4.18151e-10 3.15418e-10 2.37403e-10 1.78301e-10 1.33632e-10 9.99485e-11 7.4605e-11 5.55783e-11 4.13244e-11 3.06682e-11 2.27178e-11 1.6798e-11 1.23988e-11 9.1357e-12 6.71992e-12 4.93468e-12 3.61777e-12 2.64802e-12 1.93515e-12 1.41199e-12 1.0287e-12 7.48326e-13 5.43569e-13 3.94267e-13 2.85567e-13 2.06547e-13 1.49188e-13 1.07612e-13 7.75192e-14 5.57688e-14 4.00696e-14 2.87533e-14 2.06073e-14 1.4751e-14 1.05462e-14
