0.572588 0.13122 0.0300715 0.00689147 0.00157931 0.00036193 8.29433e-05 1.90081e-05 4.35607e-06 9.98277e-07 2.28774e-07 5.24281e-08 1.20149e-08 2.75345e-09 6.31006e-10 1.44607e-10 3.31395e-11 7.59456e-12 1.74044e-12 3.98856e-13 9.14055e-14 2.09473e-14 4.80049e-15 1.10012e-15 2.52115e-16 5.7777e-17 1.32407e-17 3.03436e-18 6.95383e-19 1.59361e-19 3.65205e-20 8.36939e-21 1.91801e-21 4.39548e-22 1.00731e-22 2.30845e-23 5.29025e-24 1.21236e-24 2.77836e-25 6.36716e-26 1.45916e-26 3.34394e-27 7.66329e-28 1.75619e-28 4.02465e-29 9.22327e-30 2.11369e-30 4.84393e-31 1.11008e-31 2.54396e-32 5.82998e-33 1.33605e-33 3.06182e-34 7.01676e-35 1.60803e-35 3.6851e-36 8.44513e-37 1.93536e-37 4.43526e-38 1.01643e-38 2.32934e-39 5.33812e-40 1.22333e-40 2.80351e-41 6.42478e-42 1.47236e-42 3.3742e-43 7.73264e-44 1.77208e-44 4.06107e-45 9.30673e-46 2.13282e-46 4.88776e-47 1.12013e-47 2.56698e-48 5.88274e-49 1.34814e-49 3.08953e-50 7.08026e-51 1.62258e-51 3.71845e-52 8.52155e-53 1.95288e-53 4.4754e-54 1.02562e-54 2.35041e-55 5.38643e-56 1.2344e-56 2.82888e-57 6.48292e-58 1.48569e-58 3.40474e-59 7.80261e-60 1.78812e-60 4.09782e-61 9.39095e-62 2.15212e-62 4.93199e-63 1.13026e-63 2.59021e-64 5.93597e-65
0.13122 0.0424346 0.012558 0.00352719 0.000957123 0.000253443 6.58961e-05 1.68922e-05 4.2816e-06 1.07527e-06 2.67972e-07 6.63506e-08 1.63375e-08 4.00348e-09 9.76927e-10 2.37506e-10 5.75514e-11 1.39046e-11 3.35048e-12 8.05406e-13 1.93186e-13 4.6246e-14 1.10504e-14 2.63607e-15 6.2786e-16 1.4933e-16 3.54693e-17 8.41437e-18 1.99383e-18 4.7194e-19 1.11595e-19 2.63627e-20 6.22223e-21 1.46736e-21 3.45764e-22 8.14134e-23 1.91559e-23 4.50417e-24 1.05839e-24 2.4855e-25 5.83349e-26 1.36836e-26 3.20807e-27 7.51737e-28 1.76067e-28 4.12181e-29 9.64508e-30 2.25599e-30 5.27463e-31 1.23275e-31 2.88002e-32 6.726e-33 1.57024e-33 3.66462e-34 8.54969e-35 1.99405e-35 4.64931e-36 1.08371e-36 2.52533e-37 5.88304e-38 1.37016e-38 3.19028e-39 7.4264e-40 1.72832e-40 4.0213e-41 9.35431e-42 2.17551e-42 5.05846e-43 1.17594e-43 2.73316e-44 6.35124e-45 1.4756e-45 3.42768e-46 7.96073e-47 1.84854e-47 4.29172e-48 9.96231e-49 2.31217e-49 5.36548e-50 1.24489e-50 2.88794e-51 6.69857e-52 1.55351e-52 3.60232e-53 8.35205e-54 1.93618e-54 4.48788e-55 1.04011e-55 2.41028e-56 5.58469e-57 1.29384e-57 2.99716e-58 6.94208e-59 1.60776e-59 3.7231e-60 8.62068e-61 1.99587e-61 4.62039e-62 1.0695e-62 2.47537e-63 5.72872e-64
0.0300715 0.012558 0.00444343 0.00143824 0.000439859 0.000129283 3.68907e-05 1.02874e-05 2.81635e-06 7.59423e-07 2.02193e-07 5.32543e-08 1.38963e-08 3.59681e-09 9.24345e-10 2.36047e-10 5.99385e-11 1.51427e-11 3.80804e-12 9.53639e-13 2.37909e-13 5.91448e-14 1.46564e-14 3.62114e-15 8.92214e-16 2.19272e-16 5.37606e-17 1.31516e-17 3.21065e-18 7.82273e-19 1.90251e-19 4.619e-20 1.1196e-20 2.70961e-21 6.54817e-22 1.58028e-22 3.80873e-23 9.16821e-24 2.20432e-24 5.29391e-25 1.27002e-25 3.04367e-26 7.28715e-27 1.74305e-27 4.16554e-28 9.94621e-29 2.37293e-29 5.65673e-30 1.34746e-30 3.20734e-31 7.629e-32 1.8134e-32 4.30759e-33 1.02259e-33 2.42605e-34 5.75233e-35 1.36314e-35 3.22845e-36 7.6422e-37 1.80808e-37 4.27561e-38 1.01058e-38 2.38745e-39 5.63771e-40 1.3307e-40 3.13955e-41 7.40415e-42 1.74545e-42 4.11307e-43 9.68858e-44 2.28135e-44 5.36989e-45 1.26353e-45 2.97205e-46 6.98846e-47 1.64272e-47 3.86019e-48 9.06815e-49 2.12959e-49 4.99973e-50 1.17347e-50 2.75342e-51 6.45885e-52 1.51468e-52 3.55117e-53 8.32361e-54 1.95048e-54 4.56948e-55 1.07025e-55 2.50613e-56 5.86708e-57 1.37323e-57 3.21341e-58 7.5179e-59 1.75847e-59 4.11229e-60 9.6149e-61 2.2476e-61 5.25301e-62 1.22748e-62 2.86774e-63
0.00689147 0.00352719 0.00143824 0.00052178 0.000175898 5.63345e-05 1.7366e-05 5.19641e-06 1.51812e-06 4.34842e-07 1.22502e-07 3.40248e-08 9.33505e-09 2.53382e-09 6.81266e-10 1.81633e-10 4.80605e-11 1.26305e-11 3.2989e-12 8.5678e-13 2.21376e-13 5.6929e-14 1.4576e-14 3.71695e-15 9.44288e-16 2.39059e-16 6.03238e-17 1.51757e-17 3.80684e-18 9.52388e-19 2.37665e-19 5.91669e-20 1.46965e-20 3.64269e-21 9.01056e-22 2.22458e-22 5.48217e-23 1.34866e-23 3.31233e-24 8.12232e-25 1.98871e-25 4.86226e-26 1.18715e-26 2.89466e-27 7.04922e-28 1.71457e-28 4.16547e-29 1.01085e-29 2.4504e-30 5.93386e-31 1.4355e-31 3.46936e-32 8.37704e-33 2.02089e-33 4.87097e-34 1.17307e-34 2.82281e-35 6.7873e-36 1.63073e-36 3.91514e-37 9.39296e-38 2.25194e-38 5.39535e-39 1.29181e-39 3.09103e-40 7.39164e-41 1.76652e-41 4.21934e-42 1.00722e-42 2.40307e-43 5.73027e-44 1.36571e-44 3.25327e-45 7.74584e-46 1.84335e-46 4.38471e-47 1.0425e-47 2.47752e-48 5.88531e-49 1.39745e-49 3.31682e-50 7.86922e-51 1.86625e-51 4.42423e-52 1.04844e-52 2.48362e-53 5.88125e-54 1.3922e-54 3.29444e-55 7.79318e-56 1.84291e-56 4.35663e-57 1.02958e-57 2.43238e-58 5.74476e-59 1.35638e-59 3.20157e-60 7.55473e-61 1.78218e-61 4.20306e-62 9.9097e-63
0.00157931 0.000957123 0.000439859 0.000175898 6.44837e-05 2.22478e-05 7.33603e-06 2.33497e-06 7.22302e-07 2.18231e-07 6.46373e-08 1.88217e-08 5.40038e-09 1.52957e-09 4.28293e-10 1.18707e-10 3.26006e-11 8.87922e-12 2.40023e-12 6.44381e-13 1.71907e-13 4.55958e-14 1.20289e-14 3.15767e-15 8.25089e-16 2.14666e-16 5.56259e-17 1.43599e-17 3.69393e-18 9.47059e-19 2.42048e-19 6.16789e-20 1.56731e-20 3.97206e-21 1.00411e-21 2.53225e-22 6.37149e-23 1.59968e-23 4.00795e-24 1.0022e-24 2.50128e-25 6.23141e-26 1.54973e-26 3.84773e-27 9.53804e-28 2.36074e-28 5.83443e-29 1.4399e-29 3.54875e-30 8.73467e-31 2.14717e-31 5.27178e-32 1.29281e-32 3.16677e-33 7.74855e-34 1.89392e-34 4.62438e-35 1.12801e-35 2.74886e-36 6.69243e-37 1.62787e-37 3.95617e-38 9.60632e-39 2.33065e-39 5.65e-40 1.3686e-40 3.31265e-41 8.01219e-42 1.93648e-42 4.67703e-43 1.12883e-43 2.7227e-44 6.56276e-45 1.58088e-45 3.80578e-46 9.15643e-47 2.20168e-47 5.29092e-48 1.27077e-48 3.05045e-49 7.31862e-50 1.75496e-50 4.20615e-51 1.00759e-51 2.41254e-52 5.77371e-53 1.38113e-53 3.30228e-54 7.89223e-55 1.88537e-55 4.502e-56 1.07457e-56 2.56379e-57 6.11442e-58 1.45766e-58 3.47369e-59 8.27485e-60 1.97046e-60 4.69046e-61 1.11611e-61 2.6549e-62
0.00036193 0.000253443 0.000129283 5.63345e-05 2.22478e-05 8.20276e-06 2.87296e-06 9.66617e-07 3.14835e-07 9.98237e-08 3.09402e-08 9.40487e-09 2.81081e-09 8.27665e-10 2.40522e-10 6.90784e-11 1.96305e-11 5.52531e-12 1.54168e-12 4.26747e-13 1.17265e-13 3.2006e-14 8.68131e-15 2.34111e-15 6.2794e-16 1.67582e-16 4.45134e-17 1.17716e-17 3.10012e-18 8.13248e-19 2.12552e-19 5.53594e-20 1.43709e-20 3.71893e-21 9.59533e-22 2.46873e-22 6.33457e-23 1.62123e-23 4.13914e-24 1.05428e-24 2.67936e-25 6.79475e-26 1.71958e-26 4.34325e-27 1.09492e-27 2.75526e-28 6.92117e-29 1.73566e-29 4.34555e-30 1.08629e-30 2.71136e-31 6.75769e-32 1.68189e-32 4.18027e-33 1.03762e-33 2.57231e-34 6.36897e-35 1.57506e-35 3.89065e-36 9.59974e-37 2.36605e-37 5.82544e-38 1.43281e-38 3.52057e-39 8.64208e-40 2.1194e-40 5.19292e-41 1.27122e-41 3.10924e-42 7.59836e-43 1.85536e-43 4.52676e-44 1.10359e-44 2.68841e-45 6.54426e-46 1.59188e-46 3.86947e-47 9.39925e-48 2.28161e-48 5.53481e-49 1.34179e-49 3.25081e-50 7.87102e-51 1.90462e-51 4.60607e-52 1.11327e-52 2.68923e-53 6.49253e-54 1.56663e-54 3.77821e-55 9.10713e-56 2.1941e-56 5.28341e-57 1.27163e-57 3.05914e-58 7.35586e-59 1.76794e-59 4.24723e-60 1.01989e-60 2.44798e-61 5.87327e-62
8.29433e-05 6.58961e-05 3.68907e-05 1.7366e-05 7.33603e-06 2.87296e-06 1.0631e-06 3.76297e-07 1.28492e-07 4.2586e-08 1.37627e-08 4.35241e-09 1.35073e-09 4.12291e-10 1.24008e-10 3.68108e-11 1.07982e-11 3.13374e-12 9.00583e-13 2.56504e-13 7.24582e-14 2.03134e-14 5.65484e-15 1.56394e-15 4.29908e-16 1.17506e-16 3.19471e-17 8.64233e-18 2.32695e-18 6.2376e-19 1.66506e-19 4.42711e-20 1.17269e-20 3.09525e-21 8.14217e-22 2.13494e-22 5.58081e-23 1.45458e-23 3.78061e-24 9.79999e-25 2.53383e-25 6.53526e-26 1.68162e-26 4.31727e-27 1.10599e-27 2.82737e-28 7.21348e-29 1.83682e-29 4.6685e-30 1.18443e-30 2.99975e-31 7.58462e-32 1.9146e-32 4.82552e-33 1.21437e-33 3.05155e-34 7.65725e-35 1.91879e-35 4.80178e-36 1.20009e-36 2.99557e-37 7.4682e-38 1.85968e-38 4.62549e-39 1.14919e-39 2.85202e-40 7.07054e-41 1.75108e-41 4.33232e-42 1.07081e-42 2.64416e-43 6.52319e-44 1.60782e-44 3.95943e-45 9.74211e-46 2.39501e-46 5.88307e-47 1.44395e-47 3.54128e-48 8.6783e-49 2.12512e-49 5.20014e-50 1.27155e-50 3.10707e-51 7.58697e-52 1.85138e-52 4.51478e-53 1.10027e-53 2.6797e-54 6.5224e-55 1.58659e-55 3.85715e-56 9.37163e-57 2.27571e-57 5.52301e-58 1.33967e-58 3.24777e-59 7.86947e-60 1.90581e-60 4.61312e-61 1.11607e-61
1.90081e-05 1.68922e-05 1.02874e-05 5.19641e-06 2.33497e-06 9.66617e-07 3.76297e-07 1.39593e-07 4.97991e-08 1.7198e-08 5.77818e-09 1.89598e-09 6.0944e-10 1.92375e-10 5.97544e-11 1.82946e-11 5.52873e-12 1.65122e-12 4.87877e-13 1.42737e-13 4.13833e-14 1.18981e-14 3.39436e-15 9.61403e-16 2.70478e-16 7.56183e-17 2.10166e-17 5.80889e-18 1.5972e-18 4.37011e-19 1.19017e-19 3.2271e-20 8.71379e-21 2.34359e-21 6.27947e-22 1.67651e-22 4.46073e-23 1.18301e-23 3.12764e-24 8.24422e-25 2.16691e-25 5.67995e-26 1.48493e-26 3.87232e-27 1.00735e-27 2.61445e-28 6.77019e-29 1.74937e-29 4.51083e-30 1.1608e-30 2.98133e-31 7.64273e-32 1.95568e-32 4.99555e-33 1.27388e-33 3.2431e-34 8.24326e-35 2.09201e-35 5.30125e-36 1.3414e-36 3.38943e-37 8.55257e-38 2.1552e-38 5.42394e-39 1.36331e-39 3.42247e-40 8.58155e-41 2.14925e-41 5.37671e-42 1.34359e-42 3.35388e-43 8.36322e-44 2.08332e-44 5.18445e-45 1.28892e-45 3.20139e-46 7.94411e-47 1.96951e-47 4.87849e-48 1.20736e-48 2.98552e-49 7.37637e-50 1.82101e-50 4.492e-51 1.10721e-51 2.72701e-52 6.71155e-53 1.6506e-53 4.0565e-54 9.96224e-55 2.44492e-55 5.99626e-56 1.46964e-56 3.59965e-57 8.81118e-58 2.15545e-58 5.26961e-59 1.28753e-59 3.14401e-60 7.67288e-61 1.87149e-61
4.35607e-06 4.2816e-06 2.81635e-06 1.51812e-06 7.22302e-07 3.14835e-07 1.28492e-07 4.97991e-08 1.85077e-08 6.6425e-09 2.31456e-09 7.86226e-10 2.61207e-10 8.5099e-11 2.72464e-11 8.58857e-12 2.66946e-12 8.19179e-13 2.4847e-13 7.45641e-14 2.21572e-14 6.52456e-15 1.90514e-15 5.51947e-16 1.58741e-16 4.5343e-17 1.28689e-17 3.6304e-18 1.01836e-18 2.84129e-19 7.88732e-20 2.179e-20 5.99249e-21 1.64088e-21 4.47466e-22 1.21546e-22 3.28922e-23 8.86941e-24 2.38349e-24 6.38426e-25 1.7047e-25 4.53815e-26 1.20464e-26 3.18884e-27 8.41881e-28 2.21694e-28 5.8235e-29 1.52609e-29 3.99004e-30 1.04091e-30 2.70967e-31 7.03918e-32 1.82498e-32 4.72229e-33 1.21964e-33 3.14429e-34 8.09186e-35 2.07889e-35 5.33207e-36 1.3654e-36 3.49099e-37 8.91201e-38 2.27176e-38 5.78264e-39 1.46989e-39 3.73122e-40 9.45898e-41 2.39485e-41 6.05574e-42 1.52941e-42 3.85802e-43 9.72075e-44 2.44648e-44 6.15039e-45 1.54452e-45 3.87461e-46 9.70987e-47 2.43087e-47 6.0797e-48 1.51909e-48 3.79209e-49 9.4574e-50 2.35654e-50 5.86671e-51 1.45928e-51 3.62675e-52 9.00611e-53 2.23462e-53 5.54021e-54 1.3725e-54 3.39754e-55 8.40414e-56 2.07732e-56 5.131e-57 1.26647e-57 3.12381e-58 7.69984e-59 1.89666e-59 4.66887e-60 1.14857e-60 2.82375e-61
9.98277e-07 1.07527e-06 7.59423e-07 4.34842e-07 2.18231e-07 9.98237e-08 4.2586e-08 1.7198e-08 6.6425e-09 2.47213e-09 8.9153e-10 3.12908e-10 1.07254e-10 3.60031e-11 1.1863e-11 3.84422e-12 1.22712e-12 3.8639e-13 1.20156e-13 3.69394e-14 1.12371e-14 3.38517e-15 1.01059e-15 2.99166e-16 8.78682e-17 2.56185e-17 7.41783e-18 2.13392e-18 6.10127e-19 1.73441e-19 4.90355e-20 1.37917e-20 3.86004e-21 1.07531e-21 2.98227e-22 8.23602e-23 2.26533e-23 6.20678e-24 1.69432e-24 4.6088e-25 1.24941e-25 3.37607e-26 9.09408e-27 2.44231e-27 6.54014e-28 1.74649e-28 4.65135e-29 1.23558e-29 3.27398e-30 8.65441e-31 2.28238e-31 6.00566e-32 1.57684e-32 4.13143e-33 1.08026e-33 2.81899e-34 7.34224e-35 1.90878e-35 4.95334e-36 1.28316e-36 3.31835e-37 8.56735e-38 2.20837e-38 5.68353e-39 1.4605e-39 3.74752e-40 9.60191e-41 2.45675e-41 6.27726e-42 1.60176e-42 4.08189e-43 1.0389e-43 2.64086e-44 6.7049e-45 1.7003e-45 4.30684e-46 1.08969e-46 2.75401e-47 6.95283e-48 1.75348e-48 4.41766e-49 1.11185e-49 2.79557e-50 7.02226e-51 1.76227e-51 4.41841e-52 1.10679e-52 2.77e-53 6.92655e-54 1.73054e-54 4.32002e-55 1.07754e-55 2.68553e-56 6.68782e-57 1.66419e-57 4.13802e-58 1.02815e-58 2.55274e-59 6.33347e-60 1.57026e-60 3.89046e-61
2.28774e-07 2.67972e-07 2.02193e-07 1.22502e-07 6.46373e-08 3.09402e-08 1.37627e-08 5.77818e-09 2.31456e-09 8.9153e-10 3.32167e-10 1.20259e-10 4.24617e-11 1.46647e-11 4.96586e-12 1.65211e-12 5.40941e-13 1.74565e-13 5.55911e-14 1.74891e-14 5.44074e-15 1.6751e-15 5.10785e-16 1.54361e-16 4.62593e-17 1.37547e-17 4.05979e-18 1.19e-18 3.46538e-19 1.00294e-19 2.88577e-20 8.25743e-21 2.35041e-21 6.65693e-22 1.87645e-22 5.26536e-23 1.47109e-23 4.09309e-24 1.13434e-24 3.13175e-25 8.61493e-26 2.36156e-26 6.45195e-27 1.75704e-27 4.77006e-28 1.29113e-28 3.48468e-29 9.37885e-30 2.51752e-30 6.74016e-31 1.80003e-31 4.79557e-32 1.27462e-32 3.38018e-33 8.94421e-34 2.36168e-34 6.22302e-35 1.63649e-35 4.29515e-36 1.12519e-36 2.9422e-37 7.67974e-38 2.00109e-38 5.20539e-39 1.35184e-39 3.50514e-40 9.07418e-41 2.34558e-41 6.0541e-42 1.56035e-42 4.01592e-43 1.03217e-43 2.64932e-44 6.79124e-45 1.73864e-45 4.44557e-46 1.13531e-46 2.89592e-47 7.3782e-48 1.87767e-48 4.77314e-49 1.21203e-49 3.07441e-50 7.79031e-51 1.97198e-51 4.98672e-52 1.2598e-52 3.17957e-53 8.01728e-54 2.01969e-54 5.08331e-55 1.27827e-55 3.2116e-56 8.06209e-57 2.02213e-57 5.06773e-58 1.26901e-58 3.17522e-59 7.93859e-60 1.98326e-60 4.95097e-61
5.24281e-08 6.63506e-08 5.32543e-08 3.40248e-08 1.88217e-08 9.40487e-09 4.35241e-09 1.89598e-09 7.86226e-10 3.12908e-10 1.20259e-10 4.48465e-11 1.62891e-11 5.78045e-12 2.00919e-12 6.8548e-13 2.29963e-13 7.59758e-14 2.47523e-14 7.96118e-15 2.53042e-15 7.95511e-16 2.47557e-16 7.63104e-17 2.33153e-17 7.06464e-18 2.12399e-18 6.33907e-19 1.87885e-19 5.53244e-20 1.61902e-20 4.71016e-21 1.36269e-21 3.92152e-22 1.12284e-22 3.19953e-23 9.07521e-24 2.56281e-24 7.20686e-25 2.01848e-25 5.63145e-26 1.56532e-26 4.33546e-27 1.19668e-27 3.29217e-28 9.02827e-29 2.46828e-29 6.72817e-30 1.82877e-30 4.95702e-31 1.34006e-31 3.6133e-32 9.71851e-33 2.60761e-33 6.98021e-34 1.86426e-34 4.96803e-35 1.32109e-35 3.50574e-36 9.28431e-37 2.45396e-37 6.47374e-38 1.70466e-38 4.4806e-39 1.17563e-39 3.07937e-40 8.05246e-41 2.10228e-41 5.47977e-42 1.42614e-42 3.70604e-43 9.61652e-44 2.49174e-44 6.44729e-45 1.66593e-45 4.29888e-46 1.10786e-46 2.85142e-47 7.32982e-48 1.88189e-48 4.82586e-49 1.23608e-49 3.16244e-50 8.08181e-51 2.06309e-51 5.2609e-52 1.34012e-52 3.41019e-53 8.66908e-54 2.20159e-54 5.58567e-55 1.41579e-55 3.58524e-56 9.0706e-57 2.29278e-57 5.79033e-58 1.46105e-58 3.68349e-59 9.2787e-60 2.33538e-60 5.87322e-61
1.20149e-08 1.63375e-08 1.38963e-08 9.33505e-09 5.40038e-09 2.81081e-09 1.35073e-09 6.0944e-10 2.61207e-10 1.07254e-10 4.24617e-11 1.62891e-11 6.07897e-12 2.21404e-12 7.89064e-13 2.75782e-13 9.47015e-14 3.20019e-14 1.06566e-14 3.50112e-15 1.13603e-15 3.64392e-16 1.15637e-16 3.63323e-17 1.13094e-17 3.48969e-18 1.06799e-18 3.24335e-19 9.77803e-20 2.92762e-20 8.70848e-21 2.57443e-21 7.56596e-22 2.21114e-22 6.42764e-23 1.85899e-23 5.35048e-24 1.53282e-24 4.37174e-25 1.24155e-25 3.51156e-26 9.89303e-27 2.77663e-27 7.76476e-28 2.16381e-28 6.00963e-29 1.66366e-29 4.59113e-30 1.26316e-30 3.46519e-31 9.47911e-32 2.58594e-32 7.03588e-33 1.90943e-33 5.16902e-34 1.39593e-34 3.76102e-35 1.01102e-35 2.71178e-36 7.25802e-37 1.93855e-37 5.16722e-38 1.37461e-38 3.6498e-39 9.6727e-40 2.5588e-40 6.757e-41 1.78124e-41 4.68767e-42 1.23163e-42 3.23076e-43 8.46155e-44 2.21275e-44 5.77784e-45 1.50649e-45 3.92236e-46 1.01982e-46 2.64795e-47 6.8662e-48 1.7781e-48 4.5988e-49 1.18793e-49 3.06482e-50 7.89767e-51 2.03276e-51 5.22604e-52 1.34206e-52 3.44264e-53 8.82149e-54 2.25804e-54 5.77392e-55 1.47492e-55 3.76382e-56 9.59541e-57 2.44388e-57 6.21851e-58 1.58084e-58 4.01509e-59 1.01886e-59 2.58314e-60 6.54347e-61
2.75345e-09 4.00348e-09 3.59681e-09 2.53382e-09 1.52957e-09 8.27665e-10 4.12291e-10 1.92375e-10 8.5099e-11 3.60031e-11 1.46647e-11 5.78045e-12 2.21404e-12 8.26777e-13 3.01828e-13 1.07967e-13 3.79163e-14 1.30943e-14 4.45326e-15 1.49332e-15 4.94288e-16 1.61649e-16 5.2276e-17 1.673e-17 5.30211e-18 1.66505e-18 5.18404e-19 1.601e-19 4.90676e-20 1.49299e-20 4.51178e-21 1.35461e-21 4.04205e-22 1.19905e-22 3.53703e-23 1.03782e-23 3.02959e-24 8.8009e-25 2.54471e-25 7.32491e-26 2.09941e-26 5.99237e-27 1.70362e-27 4.8249e-28 1.36146e-28 3.82807e-29 1.07268e-29 2.99587e-30 8.3405e-31 2.31485e-31 6.40556e-32 1.76742e-32 4.86303e-33 1.33444e-33 3.65218e-34 9.97012e-35 2.71504e-35 7.3758e-36 1.99909e-36 5.40594e-37 1.45866e-37 3.92744e-38 1.05526e-38 2.82963e-39 7.57257e-40 2.02265e-40 5.39243e-41 1.43501e-41 3.812e-42 1.01087e-42 2.67609e-43 7.07272e-44 1.86625e-44 4.91665e-45 1.2933e-45 3.39681e-46 8.9085e-47 2.33298e-47 6.10108e-48 1.59332e-48 4.15538e-49 1.0823e-49 2.81526e-50 7.31377e-51 1.89769e-51 4.91789e-52 1.27296e-52 3.29113e-53 8.49917e-54 2.1924e-54 5.64918e-55 1.45405e-55 3.73865e-56 9.60278e-57 2.46397e-57 6.31593e-58 1.61738e-58 4.13777e-59 1.05757e-59 2.70049e-60 6.88937e-61
6.31006e-10 9.76927e-10 9.24345e-10 6.81266e-10 4.28293e-10 2.40522e-10 1.24008e-10 5.97544e-11 2.72464e-11 1.1863e-11 4.96586e-12 2.00919e-12 7.89064e-13 3.01828e-13 1.1277e-13 4.12515e-14 1.48037e-14 5.22074e-15 1.81202e-15 6.19757e-16 2.09121e-16 6.96823e-17 2.29498e-17 7.47665e-18 2.41109e-18 7.70148e-19 2.43802e-19 7.65292e-20 2.38315e-20 7.36543e-21 2.26015e-21 6.88858e-22 2.08603e-22 6.2783e-23 1.87854e-23 5.5895e-24 1.65427e-24 4.87101e-25 1.42727e-25 4.16251e-26 1.2085e-26 3.4935e-27 1.0057e-27 2.88359e-28 8.23615e-29 2.34369e-29 6.64536e-30 1.87773e-30 5.28803e-31 1.4844e-31 4.15384e-32 1.15887e-32 3.22361e-33 8.94168e-34 2.47342e-34 6.82367e-35 1.87763e-35 5.15359e-36 1.41106e-36 3.85434e-37 1.05039e-37 2.8561e-38 7.749e-39 2.09794e-39 5.66811e-40 1.52829e-40 4.11261e-41 1.10457e-41 2.96113e-42 7.92367e-43 2.11651e-43 5.6436e-44 1.50229e-44 3.99236e-45 1.05925e-45 2.80595e-46 7.42141e-47 1.95989e-47 5.16814e-48 1.36083e-48 3.57813e-49 9.39513e-50 2.46353e-50 6.45106e-51 1.68708e-51 4.40641e-52 1.14944e-52 2.99471e-53 7.79286e-54 2.02546e-54 5.25831e-55 1.36356e-55 3.53194e-56 9.13854e-57 2.36195e-57 6.09826e-58 1.57286e-58 4.05255e-59 1.04311e-59 2.68229e-60 6.89064e-61
1.44607e-10 2.37506e-10 2.36047e-10 1.81633e-10 1.18707e-10 6.90784e-11 3.68108e-11 1.82946e-11 8.58857e-12 3.84422e-12 1.65211e-12 6.8548e-13 2.75782e-13 1.07967e-13 4.12515e-14 1.54195e-14 5.65046e-15 2.03351e-15 7.19816e-16 2.50949e-16 8.62667e-17 2.92712e-17 9.8124e-18 3.25235e-18 1.06666e-18 3.46372e-19 1.11431e-19 3.55348e-20 1.12381e-20 3.52633e-21 1.09829e-21 3.39661e-22 1.04341e-22 3.18482e-23 9.66199e-24 2.9142e-24 8.74086e-25 2.60781e-25 7.74071e-26 2.28644e-26 6.72201e-27 1.96733e-27 5.73283e-28 1.66359e-28 4.8081e-29 1.38425e-29 3.97036e-30 1.13468e-30 3.23147e-31 9.17191e-32 2.59477e-32 7.31753e-33 2.05731e-33 5.76691e-34 1.61189e-34 4.49278e-35 1.24887e-35 3.46237e-36 9.57457e-37 2.6411e-37 7.26772e-38 1.99522e-38 5.46495e-39 1.49353e-39 4.07284e-40 1.10831e-40 3.00974e-41 8.15683e-42 2.20628e-42 5.9562e-43 1.60496e-43 4.31685e-44 1.15903e-44 3.10645e-45 8.31181e-46 2.22026e-46 5.92111e-47 1.57656e-47 4.19124e-48 1.11253e-48 2.94871e-49 7.80401e-50 2.06244e-50 5.44297e-51 1.43448e-51 3.77544e-52 9.92355e-53 2.60498e-53 6.82953e-54 1.78828e-54 4.67683e-55 1.22165e-55 3.18735e-56 8.30637e-57 2.16223e-57 5.62221e-58 1.46029e-58 3.78882e-59 9.81997e-60 2.54253e-60 6.57628e-61
3.31395e-11 5.75514e-11 5.99385e-11 4.80605e-11 3.26006e-11 1.96305e-11 1.07982e-11 5.52873e-12 2.66946e-12 1.22712e-12 5.40941e-13 2.29963e-13 9.47015e-14 3.79163e-14 1.48037e-14 5.65046e-15 2.11295e-15 7.75489e-16 2.79788e-16 9.93668e-17 3.47804e-17 1.20107e-17 4.09592e-18 1.38053e-18 4.60235e-19 1.51861e-19 4.96263e-20 1.60701e-20 5.15922e-21 1.6429e-21 5.19139e-22 1.62844e-22 5.07258e-23 1.56965e-23 4.82642e-24 1.4751e-24 4.48233e-25 1.35451e-25 4.07155e-26 1.21766e-26 3.62385e-27 1.07344e-27 3.16534e-28 9.29343e-29 2.71714e-29 7.91214e-30 2.295e-30 6.63186e-31 1.90945e-31 5.4784e-32 1.56646e-32 4.46433e-33 1.26825e-33 3.59177e-34 1.01417e-34 2.85526e-35 8.01592e-36 2.24424e-36 6.26649e-37 1.74523e-37 4.84827e-38 1.34355e-38 3.71434e-39 1.02447e-39 2.81924e-40 7.74113e-41 2.121e-41 5.79916e-42 1.58234e-42 4.30887e-43 1.17106e-43 3.17664e-44 8.60096e-45 2.32453e-45 6.27118e-46 1.68892e-46 4.54076e-47 1.21878e-47 3.26599e-48 8.73801e-49 2.33417e-49 6.22569e-50 1.65803e-50 4.40921e-51 1.17086e-51 3.10482e-52 8.22185e-53 2.17427e-53 5.74224e-54 1.51455e-54 3.98961e-55 1.04962e-55 2.75803e-56 7.23837e-57 1.89744e-57 4.96808e-58 1.29931e-58 3.39427e-59 8.85729e-60 2.30879e-60 6.01179e-61
7.59456e-12 1.39046e-11 1.51427e-11 1.26305e-11 8.87922e-12 5.52531e-12 3.13374e-12 1.65122e-12 8.19179e-13 3.8639e-13 1.74565e-13 7.59758e-14 3.20019e-14 1.30943e-14 5.22074e-15 2.03351e-15 7.75489e-16 2.9009e-16 1.06615e-16 3.85517e-17 1.37324e-17 4.82387e-18 1.67269e-18 5.7303e-19 1.94097e-19 6.50493e-20 2.15835e-20 7.09426e-21 2.31112e-21 7.46582e-22 2.39255e-22 7.60932e-23 2.40268e-23 7.53456e-24 2.34731e-24 7.26712e-25 2.23641e-25 6.84306e-26 2.08238e-26 6.30348e-27 1.89846e-27 5.68992e-28 1.69737e-28 5.04068e-29 1.49044e-29 4.38852e-30 1.28696e-30 3.75936e-31 1.09401e-31 3.17209e-32 9.16501e-33 2.63897e-33 7.57346e-34 2.1665e-34 6.17829e-35 1.75656e-35 4.97946e-36 1.40754e-36 3.96767e-37 1.11542e-37 3.12752e-38 8.7469e-39 2.44022e-39 6.79127e-40 1.8856e-40 5.22333e-41 1.44369e-41 3.98152e-42 1.09571e-42 3.00913e-43 8.24712e-44 2.2558e-44 6.15824e-45 1.67799e-45 4.56369e-46 1.23896e-46 3.35759e-47 9.08331e-48 2.45315e-48 6.61428e-49 1.78047e-49 4.78514e-50 1.28404e-50 3.44029e-51 9.20371e-52 2.45863e-52 6.55839e-53 1.74698e-53 4.64706e-54 1.23446e-54 3.2749e-55 8.6766e-56 2.29585e-56 6.06723e-57 1.6014e-57 4.22162e-58 1.11158e-58 2.92343e-59 7.67967e-60 2.01512e-60 5.28171e-61
1.74044e-12 3.35048e-12 3.80804e-12 3.2989e-12 2.40023e-12 1.54168e-12 9.00583e-13 4.87877e-13 2.4847e-13 1.20156e-13 5.55911e-14 2.47523e-14 1.06566e-14 4.45326e-15 1.81202e-15 7.19816e-16 2.79788e-16 1.06615e-16 3.98941e-17 1.46801e-17 5.31898e-18 1.89973e-18 6.69501e-19 2.33019e-19 8.01598e-20 2.72746e-20 9.18502e-21 3.0632e-21 1.01223e-21 3.31589e-22 1.0773e-22 3.47273e-23 1.11113e-23 3.52998e-24 1.11387e-24 3.49211e-25 1.08805e-25 3.37004e-26 1.03789e-26 3.17908e-27 9.68668e-28 2.93671e-28 8.86018e-29 2.66071e-29 7.95422e-30 2.36763e-30 7.01796e-31 2.07181e-31 6.09245e-32 1.7848e-32 5.20953e-33 1.51519e-33 4.3918e-34 1.26874e-34 3.6534e-35 1.04872e-35 3.00124e-36 8.56357e-37 2.43647e-37 6.91275e-38 1.95596e-38 5.51973e-39 1.55366e-39 4.36218e-40 1.22176e-40 3.41378e-41 9.51641e-42 2.64682e-42 7.34538e-43 2.03407e-43 5.62081e-44 1.55002e-44 4.2658e-45 1.17168e-45 3.21204e-46 8.7889e-47 2.40043e-47 6.54427e-48 1.78101e-48 4.83864e-49 1.31234e-49 3.55344e-50 9.60611e-51 2.59272e-51 6.98695e-52 1.87999e-52 5.05097e-53 1.35505e-53 3.63004e-54 9.71075e-55 2.59413e-55 6.92054e-56 1.84377e-56 4.90575e-57 1.3036e-57 3.45965e-58 9.17023e-59 2.42772e-59 6.4194e-60 1.69542e-60 4.47259e-61
3.98856e-13 8.05406e-13 9.53639e-13 8.5678e-13 6.44381e-13 4.26747e-13 2.56504e-13 1.42737e-13 7.45641e-14 3.69394e-14 1.74891e-14 7.96118e-15 3.50112e-15 1.49332e-15 6.19757e-16 2.50949e-16 9.93668e-17 3.85517e-17 1.46801e-17 5.49466e-18 2.02414e-18 7.34732e-19 2.63054e-19 9.29791e-20 3.24716e-20 1.12129e-20 3.83106e-21 1.29589e-21 4.34213e-22 1.44193e-22 4.74781e-23 1.55072e-23 5.02613e-24 1.61716e-24 5.16698e-25 1.63991e-25 5.17165e-26 1.62099e-26 5.0511e-27 1.56512e-27 4.82347e-28 1.47881e-28 4.51124e-29 1.36957e-29 4.13862e-30 1.24503e-30 3.7293e-31 1.11239e-31 3.30472e-32 9.77942e-33 2.88302e-33 8.4682e-34 2.47852e-34 7.22931e-35 2.1016e-35 6.08969e-36 1.75902e-36 5.06546e-37 1.45437e-37 4.16363e-38 1.18863e-38 3.38401e-39 9.60854e-40 2.72116e-40 7.68689e-41 2.16608e-41 6.08908e-42 1.70769e-42 4.77825e-43 1.334e-43 3.71617e-44 1.03301e-44 2.86557e-45 7.93285e-46 2.1917e-46 6.04347e-47 1.66327e-47 4.56907e-48 1.25285e-48 3.4292e-49 9.36971e-50 2.55572e-50 6.95939e-51 1.89196e-51 5.13514e-52 1.39157e-52 3.76515e-53 1.01718e-53 2.74389e-54 7.3909e-55 1.98794e-55 5.33943e-56 1.43214e-56 3.83605e-57 1.02613e-57 2.74126e-58 7.31369e-59 1.94882e-59 5.18642e-60 1.37857e-60 3.65991e-61
9.14055e-14 1.93186e-13 2.37909e-13 2.21376e-13 1.71907e-13 1.17265e-13 7.24582e-14 4.13833e-14 2.21572e-14 1.12371e-14 5.44074e-15 2.53042e-15 1.13603e-15 4.94288e-16 2.09121e-16 8.62667e-17 3.47804e-17 1.37324e-17 5.31898e-18 2.02414e-18 7.5781e-19 2.79444e-19 1.01601e-19 3.64563e-20 1.29206e-20 4.52641e-21 1.56849e-21 5.37945e-22 1.82711e-22 6.14876e-23 2.05121e-23 6.78617e-24 2.22743e-24 7.25619e-25 2.34687e-25 7.53849e-26 2.4056e-26 7.62828e-27 2.4044e-27 7.53477e-28 2.34808e-28 7.27833e-29 2.24445e-29 6.88705e-30 2.10318e-30 6.39313e-31 1.9347e-31 5.82964e-32 1.74929e-32 5.22792e-33 1.55633e-33 4.61566e-34 1.36387e-34 4.01578e-35 1.17834e-35 3.44599e-36 1.00449e-36 2.91883e-37 8.45543e-38 2.44211e-38 7.03286e-39 2.01962e-39 5.78376e-40 1.6519e-40 4.70569e-41 1.33707e-41 3.78967e-42 1.07151e-42 3.02246e-43 8.50592e-44 2.38836e-44 6.69145e-45 1.87069e-45 5.21879e-46 1.45292e-46 4.0368e-47 1.11937e-47 3.09795e-48 8.55763e-49 2.35955e-49 6.49406e-50 1.78416e-50 4.89321e-51 1.33972e-51 3.66192e-52 9.99291e-53 2.72256e-53 7.40589e-54 2.01143e-54 5.45475e-55 1.47706e-55 3.99379e-56 1.07832e-56 2.90738e-57 7.82802e-58 2.1048e-58 5.65185e-59 1.51565e-59 4.05926e-60 1.08579e-60 2.90067e-61
2.09473e-14 4.6246e-14 5.91448e-14 5.6929e-14 4.55958e-14 3.2006e-14 2.03134e-14 1.18981e-14 6.52456e-15 3.38517e-15 1.6751e-15 7.95511e-16 3.64392e-16 1.61649e-16 6.96823e-17 2.92712e-17 1.20107e-17 4.82387e-18 1.89973e-18 7.34732e-19 2.79444e-19 1.04643e-19 3.86225e-20 1.40636e-20 5.05646e-21 1.7965e-21 6.31166e-22 2.19416e-22 7.55182e-23 2.57468e-23 8.69951e-24 2.91447e-24 9.68488e-25 3.1935e-25 1.04527e-25 3.39722e-26 1.09668e-26 3.51745e-27 1.12119e-27 3.55255e-28 1.11922e-28 3.50668e-29 1.09289e-29 3.38872e-30 1.04558e-30 3.21081e-31 9.81472e-32 2.98687e-32 9.05088e-33 2.73126e-33 8.20901e-34 2.45769e-34 7.33038e-35 2.17839e-35 6.45062e-36 1.90358e-36 5.59867e-37 1.64129e-37 4.79635e-38 1.39733e-38 4.0587e-39 1.17546e-39 3.39465e-40 9.77641e-41 2.80797e-41 8.04382e-42 2.29836e-42 6.55068e-43 1.86249e-43 5.28278e-44 1.49493e-44 4.22075e-45 1.18903e-45 3.34232e-46 9.3752e-47 2.62428e-47 7.33084e-48 2.04377e-48 5.68674e-49 1.5793e-49 4.37778e-50 1.21128e-50 3.34548e-51 9.22372e-52 2.53866e-52 6.97538e-53 1.91342e-53 5.24017e-54 1.4328e-54 3.91153e-55 1.0662e-55 2.90185e-56 7.88618e-57 2.14006e-57 5.79914e-58 1.56924e-58 4.24051e-59 1.14434e-59 3.08399e-60 8.30044e-61 2.23115e-61
4.80049e-15 1.10504e-14 1.46564e-14 1.4576e-14 1.20289e-14 8.68131e-15 5.65484e-15 3.39436e-15 1.90514e-15 1.01059e-15 5.10785e-16 2.47557e-16 1.15637e-16 5.2276e-17 2.29498e-17 9.8124e-18 4.09592e-18 1.67269e-18 6.69501e-19 2.63054e-19 1.01601e-19 3.86225e-20 1.44659e-20 5.3436e-21 1.94843e-21 7.01843e-22 2.49925e-22 8.80384e-23 3.06963e-23 1.05995e-23 3.62647e-24 1.22993e-24 4.13675e-25 1.38034e-25 4.57111e-26 1.50283e-26 4.90663e-27 1.59137e-27 5.12851e-28 1.64268e-28 5.23073e-29 1.65621e-29 5.21557e-30 1.63384e-30 5.09239e-31 1.57947e-31 4.87589e-32 1.49836e-32 4.58423e-33 1.39657e-33 4.23707e-34 1.28035e-34 3.85399e-35 1.15573e-35 3.45315e-36 1.0281e-36 3.05041e-37 9.02045e-38 2.65879e-38 7.81201e-39 2.28825e-39 6.68253e-40 1.94585e-40 5.64988e-41 1.63592e-41 4.72401e-42 1.36054e-42 3.90835e-43 1.11991e-43 3.20112e-44 9.1281e-45 2.59681e-45 7.37063e-46 2.08735e-46 5.8984e-47 1.66319e-47 4.67991e-48 1.31414e-48 3.68276e-49 1.03003e-49 2.87533e-50 8.01136e-51 2.22803e-51 6.18509e-52 1.71396e-52 4.74127e-53 1.30932e-53 3.60969e-54 9.93523e-55 2.73013e-55 7.49031e-56 2.05182e-56 5.61196e-57 1.53263e-57 4.17945e-58 1.13807e-58 3.09459e-59 8.40287e-60 2.27853e-60 6.17011e-61 1.6686e-61
1.10012e-15 2.63607e-15 3.62114e-15 3.71695e-15 3.15767e-15 2.34111e-15 1.56394e-15 9.61403e-16 5.51947e-16 2.99166e-16 1.54361e-16 7.63104e-17 3.63323e-17 1.673e-17 7.47665e-18 3.25235e-18 1.38053e-18 5.7303e-19 2.33019e-19 9.29791e-20 3.64563e-20 1.40636e-20 5.3436e-21 2.00179e-21 7.40008e-22 2.70169e-22 9.74837e-23 3.47866e-23 1.22839e-23 4.29483e-24 1.48751e-24 5.10598e-25 1.73777e-25 5.86639e-26 1.96506e-26 6.53362e-27 2.15698e-27 7.07259e-28 2.30396e-28 7.45839e-29 2.39993e-29 7.67771e-30 2.44253e-30 7.72878e-31 2.43292e-31 7.62025e-32 2.37525e-32 7.36917e-33 2.27595e-33 6.99854e-34 2.14294e-34 6.53474e-35 1.9848e-35 6.00522e-36 1.81014e-36 5.43641e-37 1.62696e-37 4.8523e-38 1.44234e-38 4.27339e-39 1.26212e-39 3.71615e-40 1.09088e-40 3.19296e-41 9.31899e-42 2.71228e-42 7.87267e-43 2.27907e-43 6.58069e-44 1.89534e-44 5.4454e-45 1.56072e-45 4.46271e-46 1.27312e-46 3.62378e-47 1.02919e-47 2.91671e-48 8.24846e-49 2.32785e-49 6.55626e-50 1.84287e-50 5.17001e-51 1.44764e-51 4.04591e-52 1.1287e-52 3.14311e-53 8.73728e-54 2.42461e-54 6.71695e-55 1.85772e-55 5.12952e-56 1.41409e-56 3.89218e-57 1.06964e-57 2.93509e-58 8.04187e-59 2.20016e-59 6.01072e-60 1.63977e-60 4.46716e-61 1.21531e-61
2.52115e-16 6.2786e-16 8.92214e-16 9.44288e-16 8.25089e-16 6.2794e-16 4.29908e-16 2.70478e-16 1.58741e-16 8.78682e-17 4.62593e-17 2.33153e-17 1.13094e-17 5.30211e-18 2.41109e-18 1.06666e-18 4.60235e-19 1.94097e-19 8.01598e-20 3.24716e-20 1.29206e-20 5.05646e-21 1.94843e-21 7.40008e-22 2.77265e-22 1.02569e-22 3.74904e-23 1.35488e-23 4.84422e-24 1.71449e-24 6.00973e-25 2.08734e-25 7.18685e-26 2.45396e-26 8.31274e-27 2.7946e-27 9.32684e-28 3.09116e-28 1.01766e-28 3.32886e-29 1.0822e-29 3.49733e-30 1.12379e-30 3.59117e-31 1.14151e-31 3.60989e-32 1.13594e-32 3.55742e-33 1.10892e-33 3.44128e-34 1.06329e-34 3.27155e-35 1.0025e-35 3.05978e-36 9.30313e-37 2.81803e-37 8.50524e-38 2.55797e-38 7.66681e-39 2.29026e-39 6.81934e-40 2.02407e-40 5.98924e-41 1.7669e-41 5.19734e-42 1.52443e-42 4.45888e-43 1.30066e-43 3.78395e-44 1.098e-44 3.17802e-45 9.17566e-46 2.64281e-46 7.59394e-47 2.17702e-47 6.22693e-48 1.77714e-48 5.06091e-49 1.43818e-49 4.07842e-50 1.15421e-50 3.25997e-51 9.18946e-52 2.58543e-52 7.26037e-53 2.03509e-53 5.69404e-54 1.59033e-54 4.43401e-55 1.23414e-55 3.42925e-56 9.51305e-57 2.63473e-57 7.28556e-58 2.01145e-58 5.54485e-59 1.52621e-59 4.19463e-60 1.15117e-60 3.15474e-61 8.63325e-62
5.7777e-17 1.4933e-16 2.19272e-16 2.39059e-16 2.14666e-16 1.67582e-16 1.17506e-16 7.56183e-17 4.5343e-17 2.56185e-17 1.37547e-17 7.06464e-18 3.48969e-18 1.66505e-18 7.70148e-19 3.46372e-19 1.51861e-19 6.50493e-20 2.72746e-20 1.12129e-20 4.52641e-21 1.7965e-21 7.01843e-22 2.70169e-22 1.02569e-22 3.84364e-23 1.42279e-23 5.20611e-24 1.8842e-24 6.74892e-25 2.39365e-25 8.41043e-26 2.92887e-26 1.01131e-26 3.46371e-27 1.17712e-27 3.97075e-28 1.32992e-28 4.42394e-29 1.46197e-29 4.80094e-30 1.56702e-30 5.08488e-31 1.64073e-31 5.26541e-32 1.68091e-32 5.33893e-33 1.68746e-33 5.30825e-34 1.66217e-34 5.18163e-35 1.60837e-35 4.9715e-36 1.53048e-36 4.69309e-37 1.4336e-37 4.36298e-38 1.32303e-38 3.99787e-39 1.20394e-39 3.61353e-40 1.08106e-40 3.22403e-41 9.5854e-42 2.8413e-42 8.39755e-43 2.47484e-43 7.27328e-44 2.13172e-44 6.23127e-45 1.81674e-45 5.28333e-46 1.53265e-46 4.43533e-47 1.28049e-47 3.68823e-48 1.05992e-48 3.03919e-49 8.69557e-50 2.48262e-50 7.07318e-51 2.01108e-51 5.70651e-52 1.61606e-52 4.56776e-53 1.28863e-53 3.62865e-54 1.01993e-54 2.86167e-55 8.01502e-56 2.241e-56 6.25521e-57 1.74309e-57 4.84942e-58 1.34698e-58 3.7355e-59 1.03434e-59 2.85965e-60 7.89431e-61 2.17608e-61 5.98972e-62
1.32407e-17 3.54693e-17 5.37606e-17 6.03238e-17 5.56259e-17 4.45134e-17 3.19471e-17 2.10166e-17 1.28689e-17 7.41783e-18 4.05979e-18 2.12399e-18 1.06799e-18 5.18404e-19 2.43802e-19 1.11431e-19 4.96263e-20 2.15835e-20 9.18502e-21 3.83106e-21 1.56849e-21 6.31166e-22 2.49925e-22 9.74837e-23 3.74904e-23 1.42279e-23 5.3325e-24 1.9751e-24 7.23425e-25 2.62179e-25 9.40661e-26 3.34284e-26 1.17717e-26 4.10953e-27 1.42279e-27 4.88698e-28 1.66587e-28 5.63741e-29 1.89445e-29 6.32369e-30 2.09728e-30 6.91267e-31 2.26484e-31 7.37778e-32 2.39e-32 7.70085e-33 2.46846e-33 7.87293e-34 2.49884e-34 7.89408e-35 2.48249e-35 7.77248e-36 2.42311e-36 7.52289e-37 2.3262e-37 7.16487e-38 2.19846e-38 6.72084e-39 2.04723e-39 6.21425e-40 1.87988e-40 5.66803e-41 1.70345e-41 5.10336e-42 1.52423e-42 4.53879e-43 1.3476e-43 3.9897e-44 1.1779e-44 3.46813e-45 1.01842e-45 2.98281e-46 8.71409e-47 2.53944e-47 7.3824e-48 2.14103e-48 6.19493e-49 1.78838e-49 5.15124e-50 1.48052e-50 4.24606e-51 1.21519e-51 3.47064e-52 9.89229e-53 2.814e-53 7.98931e-54 2.26395e-54 6.40341e-55 1.80784e-55 5.09478e-56 1.43325e-56 4.02501e-57 1.12842e-57 3.15824e-58 8.82481e-59 2.46186e-59 6.85693e-60 1.90685e-60 5.29465e-61 1.46792e-61 4.06368e-62
3.03436e-18 8.41437e-18 1.31516e-17 1.51757e-17 1.43599e-17 1.17716e-17 8.64233e-18 5.80889e-18 3.6304e-18 2.13392e-18 1.19e-18 6.33907e-19 3.24335e-19 1.601e-19 7.65292e-20 3.55348e-20 1.60701e-20 7.09426e-21 3.0632e-21 1.29589e-21 5.37945e-22 2.19416e-22 8.80384e-23 3.47866e-23 1.35488e-23 5.20611e-24 1.9751e-24 7.40346e-25 2.74368e-25 1.00587e-25 3.65001e-26 1.31163e-26 4.66973e-27 1.64787e-27 5.76606e-28 2.00132e-28 6.89269e-29 2.35631e-29 7.99796e-30 2.69619e-30 9.02944e-31 3.00482e-31 9.93856e-32 3.26793e-32 1.06845e-32 3.47421e-33 1.12371e-33 3.61602e-34 1.15785e-34 3.68971e-35 1.17034e-35 3.69551e-36 1.16182e-36 3.63716e-37 1.13396e-37 3.52123e-38 1.08919e-38 3.35639e-39 1.03049e-39 3.15253e-40 9.61087e-41 2.92007e-41 8.84272e-42 2.66919e-42 8.03171e-43 2.40938e-43 7.20613e-44 2.14897e-44 6.39028e-45 1.89496e-45 5.60397e-46 1.65286e-46 4.86236e-47 1.42677e-47 4.17616e-48 1.21939e-48 3.552e-49 1.03226e-49 2.99304e-50 8.65891e-51 2.49954e-51 7.19985e-52 2.06953e-52 5.93637e-53 1.69938e-53 4.85507e-54 1.38438e-54 3.93986e-55 1.11916e-55 3.17323e-56 8.98098e-57 2.53731e-57 7.15592e-58 2.0147e-58 5.66271e-59 1.58898e-59 4.45147e-60 1.24507e-60 3.47695e-61 9.69465e-62 2.69901e-62
6.95383e-19 1.99383e-18 3.21065e-18 3.80684e-18 3.69393e-18 3.10012e-18 2.32695e-18 1.5972e-18 1.01836e-18 6.10127e-19 3.46538e-19 1.87885e-19 9.77803e-20 4.90676e-20 2.38315e-20 1.12381e-20 5.15922e-21 2.31112e-21 1.01223e-21 4.34213e-22 1.82711e-22 7.55182e-23 3.06963e-23 1.22839e-23 4.84422e-24 1.8842e-24 7.23425e-25 2.74368e-25 1.02857e-25 3.81376e-26 1.39938e-26 5.08397e-27 1.8296e-27 6.5251e-28 2.30712e-28 8.09037e-29 2.81471e-29 9.71869e-30 3.33138e-30 1.13398e-30 3.83416e-31 1.28803e-31 4.30008e-32 1.42699e-32 4.70811e-33 1.5447e-33 5.04071e-34 1.63633e-34 5.28508e-35 1.69866e-35 5.43375e-36 1.7302e-36 5.48471e-37 1.73114e-37 5.44106e-38 1.70318e-38 5.31026e-39 1.64927e-39 5.10316e-40 1.57325e-40 4.83295e-41 1.47952e-41 4.514e-42 1.37269e-42 4.1609e-43 1.25731e-43 3.78765e-44 1.13763e-44 3.40694e-45 1.0174e-45 3.02977e-46 8.99803e-47 2.6652e-47 7.87374e-48 2.32021e-48 6.82013e-49 1.99985e-49 5.85015e-50 1.70734e-50 4.9714e-51 1.44432e-51 4.18689e-52 1.21111e-52 3.49588e-53 1.007e-53 2.8948e-54 8.30504e-55 2.37801e-55 6.79596e-56 1.93851e-56 5.51925e-57 1.56856e-57 4.44987e-58 1.26017e-58 3.56256e-59 1.00544e-59 2.83289e-60 7.96872e-61 2.23794e-61 6.27506e-62 1.75676e-62
1.59361e-19 4.7194e-19 7.82273e-19 9.52388e-19 9.47059e-19 8.13248e-19 6.2376e-19 4.37011e-19 2.84129e-19 1.73441e-19 1.00294e-19 5.53244e-20 2.92762e-20 1.49299e-20 7.36543e-21 3.52633e-21 1.6429e-21 7.46582e-22 3.31589e-22 1.44193e-22 6.14876e-23 2.57468e-23 1.05995e-23 4.29483e-24 1.71449e-24 6.74892e-25 2.62179e-25 1.00587e-25 3.81376e-26 1.42989e-26 5.30434e-27 1.9479e-27 7.08455e-28 2.55307e-28 9.12006e-29 3.23058e-29 1.13518e-29 3.95822e-30 1.36998e-30 4.70802e-31 1.6069e-31 5.4485e-32 1.83573e-32 6.14726e-33 2.04639e-33 6.7736e-34 2.22975e-34 7.30093e-35 2.37826e-35 7.70853e-36 2.48647e-36 7.9828e-37 2.55124e-37 8.11765e-38 2.57185e-38 8.11432e-39 2.54976e-39 7.98059e-40 2.48833e-40 7.72964e-41 2.3924e-41 7.37857e-42 2.26784e-42 6.94693e-43 2.12105e-43 6.45531e-44 1.95852e-44 5.92402e-45 1.78654e-45 5.3721e-46 1.6108e-46 4.81652e-47 1.4363e-47 4.27171e-48 1.26716e-48 3.74932e-49 1.10661e-49 3.25819e-50 9.5702e-51 2.80446e-51 8.1994e-52 2.39187e-52 6.96205e-53 2.02208e-53 5.86055e-54 1.69502e-54 4.89246e-55 1.40932e-55 4.05171e-56 1.1626e-56 3.32964e-57 9.51823e-58 2.71595e-58 7.73585e-59 2.19952e-59 6.24299e-60 1.76896e-60 5.00397e-61 1.41318e-61 3.98449e-62 1.12165e-62
3.65205e-20 1.11595e-19 1.90251e-19 2.37665e-19 2.42048e-19 2.12552e-19 1.66506e-19 1.19017e-19 7.88732e-20 4.90355e-20 2.88577e-20 1.61902e-20 8.70848e-21 4.51178e-21 2.26015e-21 1.09829e-21 5.19139e-22 2.39255e-22 1.0773e-22 4.74781e-23 2.05121e-23 8.69951e-24 3.62647e-24 1.48751e-24 6.00973e-25 2.39365e-25 9.40661e-26 3.65001e-26 1.39938e-26 5.30434e-27 1.98896e-27 7.38161e-28 2.71277e-28 9.87668e-29 3.56388e-29 1.27503e-29 4.52434e-30 1.59286e-30 5.56578e-31 1.93075e-31 6.65115e-32 2.2759e-32 7.73755e-33 2.61424e-33 8.77958e-34 2.93142e-34 9.73296e-35 3.21405e-35 1.05579e-35 3.45059e-36 1.12219e-36 3.63214e-37 1.17016e-37 3.75294e-38 1.19839e-38 3.81051e-39 1.20663e-39 3.80556e-40 1.19555e-40 3.74167e-41 1.16669e-41 3.62473e-42 1.1222e-42 3.46239e-43 1.0647e-43 3.26336e-44 9.97053e-45 3.03683e-45 9.22156e-46 2.7919e-46 8.42821e-47 2.53711e-47 7.61624e-48 2.28015e-48 6.80823e-49 2.02757e-49 6.02304e-50 1.78473e-50 5.2756e-51 1.55572e-51 4.57696e-52 1.34346e-52 3.93455e-53 1.14976e-53 3.35259e-54 9.7551e-55 2.83255e-55 8.20798e-56 2.37369e-56 6.851e-57 1.97353e-57 5.67427e-58 1.62841e-58 4.66468e-59 1.33382e-59 3.80716e-60 1.0848e-60 3.0857e-61 8.76246e-62 2.48416e-62 7.03112e-63
8.36939e-21 2.63627e-20 4.619e-20 5.91669e-20 6.16789e-20 5.53594e-20 4.42711e-20 3.2271e-20 2.179e-20 1.37917e-20 8.25743e-21 4.71016e-21 2.57443e-21 1.35461e-21 6.88858e-22 3.39661e-22 1.62844e-22 7.60932e-23 3.47273e-23 1.55072e-23 6.78617e-24 2.91447e-24 1.22993e-24 5.10598e-25 2.08734e-25 8.41043e-26 3.34284e-26 1.31163e-26 5.08397e-27 1.9479e-27 7.38161e-28 2.76815e-28 1.02777e-28 3.77978e-29 1.37749e-29 4.97655e-30 1.78299e-30 6.33717e-31 2.23517e-31 7.82567e-32 2.72052e-32 9.39328e-33 3.22199e-33 1.09819e-33 3.72021e-34 1.25283e-34 4.19499e-35 1.39691e-35 4.62684e-36 1.52457e-36 4.99841e-37 1.6308e-37 5.29562e-38 1.71176e-38 5.5085e-39 1.76501e-39 5.63159e-40 1.78953e-40 5.66395e-41 1.78573e-41 5.60886e-42 1.75523e-42 5.47318e-43 1.7007e-43 5.26664e-44 1.62553e-44 5.00091e-45 1.53365e-45 4.68874e-46 1.42914e-46 4.34319e-47 1.31609e-47 3.97684e-48 1.19836e-48 3.60134e-49 1.07942e-49 3.22692e-50 9.62243e-51 2.86221e-51 8.49296e-52 2.51409e-52 7.4248e-53 2.18772e-53 6.43166e-54 1.88666e-54 5.52237e-55 1.613e-55 4.70149e-56 1.36757e-56 3.96997e-57 1.15019e-57 3.32589e-58 9.59887e-59 2.76515e-59 7.95093e-60 2.28208e-60 6.53842e-61 1.87006e-61 5.33937e-62 1.52192e-62 4.33081e-63
1.91801e-21 6.22223e-21 1.1196e-20 1.46965e-20 1.56731e-20 1.43709e-20 1.17269e-20 8.71379e-21 5.99249e-21 3.86004e-21 2.35041e-21 1.36269e-21 7.56596e-22 4.04205e-22 2.08603e-22 1.04341e-22 5.07258e-23 2.40268e-23 1.11113e-23 5.02613e-24 2.22743e-24 9.68488e-25 4.13675e-25 1.73777e-25 7.18685e-26 2.92887e-26 1.17717e-26 4.66973e-27 1.8296e-27 7.08455e-28 2.71277e-28 1.02777e-28 3.85456e-29 1.4317e-29 5.26882e-30 1.92191e-30 6.95139e-31 2.49391e-31 8.8777e-32 3.13663e-32 1.10026e-32 3.83273e-33 1.32622e-33 4.55953e-34 1.55783e-34 5.29061e-35 1.78635e-35 5.99767e-36 2.00279e-36 6.65269e-37 2.19857e-37 7.22988e-38 2.3661e-38 7.70744e-39 2.49929e-39 8.06885e-40 2.59386e-40 8.30371e-41 2.64751e-41 8.40795e-42 2.65995e-42 8.3836e-43 2.63271e-43 8.23815e-44 2.56891e-44 7.98357e-45 2.47291e-45 7.63518e-46 2.34996e-46 7.21044e-47 2.20575e-47 6.72777e-48 2.04614e-48 6.20549e-49 1.87681e-49 5.66097e-50 1.703e-50 5.10993e-51 1.52938e-51 4.566e-52 1.35988e-52 4.04043e-53 1.19767e-53 3.54205e-54 1.04518e-54 3.07731e-55 9.04084e-56 2.65047e-56 7.75408e-57 2.26385e-57 6.59613e-58 1.9181e-58 5.56688e-59 1.61258e-59 4.66247e-60 1.34558e-60 3.87629e-61 1.11467e-61 3.19976e-62 9.16932e-63 2.62313e-63
