0.373194 0.0373642 0.0227803 0.015058 0.0104396 0.00744009 0.00538792 0.00393875 0.00289568 0.00213617 0.00157919 0.0011689 0.000865834 0.000641571 0.000475447 0.000352316 0.000261024 0.000193336 0.000143152 0.000105952 7.83853e-05 5.79616e-05 4.28341e-05 3.16312e-05 2.33346e-05 1.71881e-05 1.26299e-05 9.24224e-06 6.71369e-06 4.81135e-06 3.54627e-06
0.0373642 0.00660636 0.00379196 0.00229588 0.00143675 0.00092014 0.000599863 0.000396732 0.000265515 0.00017945 0.000122275 8.38845e-05 5.78758e-05 4.01229e-05 2.79288e-05 1.95082e-05 1.36671e-05 9.59956e-06 6.75761e-06 4.76617e-06 3.36712e-06 2.38195e-06 1.68675e-06 1.19514e-06 8.4676e-07 5.99268e-07 4.22907e-07 2.96709e-07 2.05878e-07 1.39992e-07 1.00064e-07
0.0227803 0.00379196 0.00203734 0.00117716 0.000714049 0.00044805 0.000288206 0.000188928 0.000125696 8.46168e-05 5.7505e-05 3.9382e-05 2.71416e-05 1.88039e-05 1.30847e-05 9.13875e-06 6.40291e-06 4.4982e-06 3.16741e-06 2.23475e-06 1.57936e-06 1.11769e-06 7.91753e-07 5.61152e-07 3.97635e-07 2.81395e-07 1.98508e-07 1.39174e-07 9.65019e-08 6.80023e-08 4.86326e-08
0.015058 0.00229588 0.00117716 0.000656284 0.000388304 0.00023963 0.000152455 9.92138e-05 6.5687e-05 4.40738e-05 2.98846e-05 2.04343e-05 1.40678e-05 9.73903e-06 6.77348e-06 4.72923e-06 3.31278e-06 2.32704e-06 1.63852e-06 1.15606e-06 8.17044e-07 5.7824e-07 4.0964e-07 2.90344e-07 2.05745e-07 1.45606e-07 1.02735e-07 7.2085e-08 5.10236e-08 3.59577e-08 2.5719e-08
0.0104396 0.00143675 0.000714049 0.000388304 0.000225701 0.000137625 8.68691e-05 5.62372e-05 3.71021e-05 2.48336e-05 1.68092e-05 1.14788e-05 7.89472e-06 5.46122e-06 3.79591e-06 2.64894e-06 1.85476e-06 1.30239e-06 9.16753e-07 6.46638e-07 4.56903e-07 3.23292e-07 2.28988e-07 1.6228e-07 1.14992e-07 8.13957e-08 5.74752e-08 4.07701e-08 2.886e-08 2.0338e-08 1.45444e-08
0.00744009 0.00092014 0.00044805 0.00023963 0.000137625 8.3246e-05 5.2267e-05 3.37174e-05 2.21907e-05 1.48267e-05 1.00223e-05 6.83666e-06 4.69769e-06 3.24706e-06 2.25532e-06 1.57285e-06 1.10064e-06 7.72439e-07 5.43445e-07 3.83143e-07 2.70605e-07 1.91398e-07 1.35522e-07 9.60197e-08 6.8036e-08 4.81753e-08 3.41983e-08 2.42569e-08 1.71691e-08 1.2098e-08 8.6487e-09
0.00538792 0.000599863 0.000288206 0.000152455 8.68691e-05 5.2267e-05 3.27017e-05 2.10455e-05 1.3827e-05 9.22603e-06 6.2294e-06 4.24518e-06 2.91438e-06 2.01276e-06 1.39692e-06 9.73486e-07 6.8075e-07 4.77441e-07 3.35691e-07 2.36532e-07 1.66966e-07 1.18036e-07 8.35415e-08 5.91731e-08 4.1926e-08 2.97557e-08 2.11179e-08 1.49757e-08 1.05977e-08 7.46641e-09 5.33525e-09
0.00393875 0.000396732 0.000188928 9.92138e-05 5.62372e-05 3.37174e-05 2.10455e-05 1.35209e-05 8.87142e-06 5.91274e-06 3.98819e-06 2.71527e-06 1.86239e-06 1.28511e-06 8.91171e-07 6.20548e-07 4.33615e-07 3.03894e-07 2.13522e-07 1.50353e-07 1.06068e-07 7.49431e-08 5.30173e-08 3.75407e-08 2.66199e-08 1.88858e-08 1.3399e-08 9.49893e-09 6.72027e-09 4.73378e-09 3.38096e-09
0.00289568 0.000265515 0.000125696 6.5687e-05 3.71021e-05 2.21907e-05 1.3827e-05 8.87142e-06 5.81416e-06 3.87109e-06 2.60852e-06 1.77427e-06 1.21585e-06 8.38238e-07 5.80786e-07 4.04086e-07 2.82137e-07 1.97584e-07 1.38727e-07 9.76193e-08 6.88233e-08 4.85998e-08 3.43648e-08 2.43343e-08 1.72474e-08 1.22311e-08 8.67429e-09 6.14733e-09 4.34784e-09 3.06204e-09 2.18589e-09
0.00213617 0.00017945 8.46168e-05 4.40738e-05 2.48336e-05 1.48267e-05 9.22603e-06 5.91274e-06 3.87109e-06 2.57483e-06 1.73337e-06 1.1779e-06 8.06437e-07 5.5548e-07 3.84543e-07 2.67327e-07 1.86503e-07 1.30511e-07 9.15682e-08 6.43907e-08 4.53678e-08 3.20184e-08 2.26331e-08 1.60185e-08 1.13478e-08 8.04377e-09 5.70226e-09 4.03963e-09 2.85626e-09 2.01118e-09 1.43502e-09
0.00157919 0.000122275 5.7505e-05 2.98846e-05 1.68092e-05 1.00223e-05 6.2294e-06 3.98819e-06 2.60852e-06 1.73337e-06 1.16579e-06 7.91464e-07 5.41374e-07 3.72574e-07 2.57702e-07 1.79003e-07 1.24785e-07 8.72572e-08 6.11774e-08 4.29912e-08 3.02716e-08 2.13539e-08 1.50861e-08 1.06714e-08 7.55608e-09 5.35358e-09 3.79358e-09 2.68648e-09 1.89893e-09 1.33684e-09 9.53413e-10
0.0011689 8.38845e-05 3.9382e-05 2.04343e-05 1.14788e-05 6.83666e-06 4.24518e-06 2.71527e-06 1.77427e-06 1.1779e-06 7.91464e-07 5.36838e-07 3.66877e-07 2.52267e-07 1.74343e-07 1.21004e-07 8.42892e-08 5.88971e-08 4.12653e-08 2.89795e-08 2.03939e-08 1.43776e-08 1.01518e-08 7.17731e-09 5.07951e-09 3.59725e-09 2.54798e-09 1.80373e-09 1.27459e-09 8.97129e-10 6.39531e-10
0.000865834 5.78758e-05 2.71416e-05 1.40678e-05 7.89472e-06 4.69769e-06 2.91438e-06 1.86239e-06 1.21585e-06 8.06437e-07 5.41374e-07 3.66877e-07 2.50508e-07 1.72106e-07 1.18848e-07 8.24236e-08 5.73724e-08 4.00609e-08 2.80494e-08 1.96864e-08 1.38456e-08 9.75552e-09 6.88447e-09 4.86481e-09 3.44126e-09 2.43597e-09 1.72473e-09 1.22052e-09 8.62213e-10 6.06763e-10 4.32352e-10
0.000641571 4.01229e-05 1.88039e-05 9.73903e-06 5.46122e-06 3.24706e-06 2.01276e-06 1.28511e-06 8.38238e-07 5.5548e-07 3.72574e-07 2.52267e-07 1.72106e-07 1.18146e-07 8.15224e-08 5.64958e-08 3.92971e-08 2.74212e-08 1.91874e-08 1.34584e-08 9.45992e-09 6.66168e-09 4.69868e-09 3.31861e-09 2.34641e-09 1.66024e-09 1.17503e-09 8.31231e-10 5.87044e-10 4.13045e-10 2.94195e-10
0.000475447 2.79288e-05 1.30847e-05 6.77348e-06 3.79591e-06 2.25532e-06 1.39692e-06 8.91171e-07 5.80786e-07 3.84543e-07 2.57702e-07 1.74343e-07 1.18848e-07 8.15224e-08 5.62097e-08 3.89263e-08 2.70579e-08 1.88687e-08 1.31948e-08 9.24967e-09 6.49796e-09 4.57343e-09 3.22414e-09 2.27607e-09 1.60857e-09 1.13769e-09 8.04893e-10 5.69199e-10 4.01879e-10 2.82714e-10 2.01285e-10
0.000352316 1.95082e-05 9.13875e-06 4.72923e-06 2.64894e-06 1.57285e-06 9.73486e-07 6.20548e-07 4.04086e-07 2.67327e-07 1.79003e-07 1.21004e-07 8.24236e-08 5.64958e-08 3.89263e-08 2.69389e-08 1.87134e-08 1.30416e-08 9.1146e-09 6.38579e-09 4.48366e-09 3.1541e-09 2.22247e-09 1.56823e-09 1.10783e-09 7.83223e-10 5.53908e-10 3.91583e-10 2.76402e-10 1.9441e-10 1.38362e-10
0.000261024 1.36671e-05 6.40291e-06 3.31278e-06 1.85476e-06 1.10064e-06 6.8075e-07 4.33615e-07 2.82137e-07 1.86503e-07 1.24785e-07 8.42892e-08 5.73724e-08 3.92971e-08 2.70579e-08 1.87134e-08 1.29914e-08 9.04853e-09 6.32031e-09 4.42569e-09 3.10582e-09 2.18377e-09 1.53803e-09 1.08479e-09 7.66001e-10 5.41342e-10 3.82711e-10 2.70471e-10 1.90866e-10 1.34226e-10 9.54937e-11
0.000193336 9.59956e-06 4.4982e-06 2.32704e-06 1.30239e-06 7.72439e-07 4.77441e-07 3.03894e-07 1.97584e-07 1.30511e-07 8.72572e-08 5.88971e-08 4.00609e-08 2.74212e-08 1.88687e-08 1.30416e-08 9.04853e-09 6.29877e-09 4.39725e-09 3.07752e-09 2.15865e-09 1.51708e-09 1.068e-09 7.52954e-10 5.31471e-10 3.75456e-10 2.65344e-10 1.87469e-10 1.3226e-10 9.29973e-11 6.61388e-11
0.000143152 6.75761e-06 3.16741e-06 1.63852e-06 9.16753e-07 5.43445e-07 3.35691e-07 2.13522e-07 1.38727e-07 9.15682e-08 6.11774e-08 4.12653e-08 2.80494e-08 1.91874e-08 1.31948e-08 9.1146e-09 6.32031e-09 4.39725e-09 3.0682e-09 2.14629e-09 1.50475e-09 1.05705e-09 7.4383e-10 5.24195e-10 3.69859e-10 2.61192e-10 1.8453e-10 1.30335e-10 9.19305e-11 6.46301e-11 4.59487e-11
0.000105952 4.76617e-06 2.23475e-06 1.15606e-06 6.46638e-07 3.83143e-07 2.36532e-07 1.50353e-07 9.76193e-08 6.43907e-08 4.29912e-08 2.89795e-08 1.96864e-08 1.34584e-08 9.24967e-09 6.38579e-09 4.42569e-09 3.07752e-09 2.14629e-09 1.50068e-09 1.05164e-09 7.38435e-10 5.19412e-10 3.65899e-10 2.58074e-10 1.82187e-10 1.28673e-10 9.08572e-11 6.40707e-11 4.50373e-11 3.20088e-11
7.83853e-05 3.36712e-06 1.57936e-06 8.17044e-07 4.56903e-07 2.70605e-07 1.66966e-07 1.06068e-07 6.88233e-08 4.53678e-08 3.02716e-08 2.03939e-08 1.38456e-08 9.45992e-09 6.49796e-09 4.48366e-09 3.10582e-09 2.15865e-09 1.50475e-09 1.05164e-09 7.3665e-10 5.17042e-10 3.63542e-10 2.56e-10 1.80497e-10 1.27379e-10 8.99364e-11 6.34878e-11 4.47606e-11 3.14592e-11 2.23516e-11
5.79616e-05 2.38195e-06 1.11769e-06 5.7824e-07 3.23292e-07 1.91398e-07 1.18036e-07 7.49431e-08 4.85998e-08 3.20184e-08 2.13539e-08 1.43776e-08 9.75552e-09 6.66168e-09 4.57343e-09 3.1541e-09 2.18377e-09 1.51708e-09 1.05705e-09 7.38435e-10 5.17042e-10 3.62759e-10 2.54966e-10 1.79479e-10 1.26501e-10 8.92451e-11 6.29932e-11 4.44565e-11 3.13364e-11 2.20213e-11 1.56413e-11
4.28341e-05 1.68675e-06 7.91753e-07 4.0964e-07 2.28988e-07 1.35522e-07 8.35415e-08 5.30173e-08 3.43648e-08 2.26331e-08 1.50861e-08 1.01518e-08 6.88447e-09 4.69868e-09 3.22414e-09 2.22247e-09 1.53803e-09 1.068e-09 7.4383e-10 5.19412e-10 3.63542e-10 2.54966e-10 1.79139e-10 1.26058e-10 8.88197e-11 6.26422e-11 4.42032e-11 3.1188e-11 2.19793e-11 1.54437e-11 1.09662e-11
3.16312e-05 1.19514e-06 5.61152e-07 2.90344e-07 1.6228e-07 9.60197e-08 5.91731e-08 3.75407e-08 2.43343e-08 1.60185e-08 1.06714e-08 7.17731e-09 4.86481e-09 3.31861e-09 2.27607e-09 1.56823e-09 1.08479e-09 7.52954e-10 5.24195e-10 3.65899e-10 2.56e-10 1.79479e-10 1.26058e-10 8.86764e-11 6.24613e-11 4.40394e-11 3.10678e-11 2.1915e-11 1.54413e-11 1.08484e-11 7.70106e-12
2.33346e-05 8.4676e-07 3.97635e-07 2.05745e-07 1.14992e-07 6.8036e-08 4.1926e-08 2.66199e-08 1.72474e-08 1.13478e-08 7.55608e-09 5.07951e-09 3.44126e-09 2.34641e-09 1.60857e-09 1.10783e-09 7.66001e-10 5.31471e-10 3.69859e-10 2.58074e-10 1.80497e-10 1.26501e-10 8.88197e-11 6.24613e-11 4.3983e-11 3.10023e-11 2.18651e-11 1.542e-11 1.08629e-11 7.63094e-12 5.41561e-12
1.71881e-05 5.99268e-07 2.81395e-07 1.45606e-07 8.13957e-08 4.81753e-08 2.97557e-08 1.88858e-08 1.22311e-08 8.04377e-09 5.35358e-09 3.59725e-09 2.43597e-09 1.66024e-09 1.13769e-09 7.83223e-10 5.41342e-10 3.75456e-10 2.61192e-10 1.82187e-10 1.27379e-10 8.92451e-11 6.26422e-11 4.40394e-11 3.10023e-11 2.18469e-11 1.54043e-11 1.08613e-11 7.6501e-12 5.37343e-12 3.81253e-12
1.26299e-05 4.22907e-07 1.98508e-07 1.02735e-07 5.74752e-08 3.41983e-08 2.11179e-08 1.3399e-08 8.67429e-09 5.70226e-09 3.79358e-09 2.54798e-09 1.72473e-09 1.17503e-09 8.04893e-10 5.53908e-10 3.82711e-10 2.65344e-10 1.8453e-10 1.28673e-10 8.99364e-11 6.29932e-11 4.42032e-11 3.10678e-11 2.18651e-11 1.54043e-11 1.08592e-11 7.65511e-12 5.39099e-12 3.78625e-12 2.68578e-12
9.24224e-06 2.96709e-07 1.39174e-07 7.2085e-08 4.07701e-08 2.42569e-08 1.49757e-08 9.49893e-09 6.14733e-09 4.03963e-09 2.68648e-09 1.80373e-09 1.22052e-09 8.31231e-10 5.69199e-10 3.91583e-10 2.70471e-10 1.87469e-10 1.30335e-10 9.08572e-11 6.34878e-11 4.44565e-11 3.1188e-11 2.1915e-11 1.542e-11 1.08613e-11 7.65511e-12 5.39546e-12 3.79912e-12 2.66799e-12 1.89216e-12
6.71369e-06 2.05878e-07 9.65019e-08 5.10236e-08 2.886e-08 1.71691e-08 1.05977e-08 6.72027e-09 4.34784e-09 2.85626e-09 1.89893e-09 1.27459e-09 8.62213e-10 5.87044e-10 4.01879e-10 2.76402e-10 1.90866e-10 1.3226e-10 9.19305e-11 6.40707e-11 4.47606e-11 3.13364e-11 2.19793e-11 1.54413e-11 1.08629e-11 7.6501e-12 5.39099e-12 3.79912e-12 2.67478e-12 1.87827e-12 1.33186e-12
4.81135e-06 1.39992e-07 6.80023e-08 3.59577e-08 2.0338e-08 1.2098e-08 7.46641e-09 4.73378e-09 3.06204e-09 2.01118e-09 1.33684e-09 8.97129e-10 6.06763e-10 4.13045e-10 2.82714e-10 1.9441e-10 1.34226e-10 9.29973e-11 6.46301e-11 4.50373e-11 3.14592e-11 2.20213e-11 1.54437e-11 1.08484e-11 7.63094e-12 5.37343e-12 3.78625e-12 2.66799e-12 1.87827e-12 1.31888e-12 9.35108e-13
3.54627e-06 1.00064e-07 4.86326e-08 2.5719e-08 1.45444e-08 8.6487e-09 5.33525e-09 3.38096e-09 2.18589e-09 1.43502e-09 9.53413e-10 6.39531e-10 4.32352e-10 2.94195e-10 2.01285e-10 1.38362e-10 9.54937e-11 6.61388e-11 4.59487e-11 3.20088e-11 2.23516e-11 1.56413e-11 1.09662e-11 7.70106e-12 5.41561e-12 3.81253e-12 2.68578e-12 1.89216e-12 1.33186e-12 9.35108e-13 6.62849e-13
