0.0193565 0.0140533 0.0102031 0.00740774 0.00537822 0.00390474 0.00283495 0.00205825 0.00149434 0.00108494 0.000787693 0.000571887 0.000415205 0.00030145 0.000218861 0.000158899 0.000115365 8.37583e-05 6.08108e-05 4.41503e-05 3.20543e-05 2.32723e-05 1.68964e-05 1.22672e-05 8.90633e-06 6.46624e-06 4.69467e-06 3.40846e-06 2.47463e-06 1.79665e-06 1.30442e-06 9.47044e-07 6.8758e-07 4.99202e-07 3.62434e-07 2.63137e-07 1.91045e-07 1.38704e-07 1.00703e-07 7.31129e-08 5.3082e-08 3.8539e-08 2.79804e-08 2.03145e-08 1.47489e-08 1.07081e-08 7.77437e-09 5.64441e-09 4.09799e-09 2.97526e-09 2.16012e-09 1.5683e-09 1.13863e-09 8.26678e-10 6.00191e-10 4.35755e-10 3.1637e-10 2.29693e-10 1.66764e-10 1.21075e-10 8.79037e-11 6.38205e-11 4.63354e-11 3.36408e-11 2.44241e-11 1.77326e-11 1.28744e-11 9.34713e-12 6.78627e-12 4.92702e-12 3.57715e-12 2.59711e-12 1.88557e-12 1.36898e-12 9.93915e-13 7.2161e-13 5.23909e-13 3.80372e-13 2.7616e-13 2.005e-13 1.45569e-13 1.05687e-13 7.67315e-14 5.57092e-14 4.04464e-14 2.93652e-14 2.13199e-14 1.54788e-14 1.12381e-14 8.15914e-15 5.92376e-15 4.30081e-15 3.12251e-15 2.26703e-15 1.64592e-15 1.19499e-15 8.67592e-16 6.29896e-16 4.57322e-16 3.32028e-16 2.41061e-16
0.0140533 0.0112814 0.00897341 0.0070833 0.00555531 0.0043329 0.00336332 0.00259978 0.00200216 0.00153687 0.00117624 0.000897864 0.00068373 0.000519536 0.000393989 0.000298239 0.000225381 0.000170059 0.000128133 9.64156e-05 7.24598e-05 5.43933e-05 4.07874e-05 3.0554e-05 2.28664e-05 1.70977e-05 1.27736e-05 9.53552e-06 7.11291e-06 5.30202e-06 3.94949e-06 2.9401e-06 2.18735e-06 1.62638e-06 1.2086e-06 8.97667e-07 6.66389e-07 4.94459e-07 3.66717e-07 2.71856e-07 2.01448e-07 1.49213e-07 1.1048e-07 8.177e-08 6.04989e-08 4.47454e-08 3.30829e-08 2.44522e-08 1.80674e-08 1.33457e-08 9.85506e-09 7.27537e-09 5.36948e-09 3.96182e-09 2.92244e-09 2.1552e-09 1.58901e-09 1.17129e-09 8.63182e-10 6.35983e-10 4.68486e-10 3.4503e-10 2.54056e-10 1.87033e-10 1.37665e-10 1.01309e-10 7.4541e-11 5.48359e-11 4.03331e-11 2.96609e-11 2.18091e-11 1.60333e-11 1.17853e-11 8.66146e-12 6.36472e-12 4.67633e-12 3.43534e-12 2.52333e-12 1.8532e-12 1.36086e-12 9.99187e-13 7.33546e-13 5.38462e-13 3.95212e-13 2.90038e-13 2.12829e-13 1.56155e-13 1.14561e-13 8.40364e-14 6.16387e-14 4.52059e-14 3.31507e-14 2.43079e-14 1.78221e-14 1.30656e-14 9.5777e-15 7.02024e-15 5.14521e-15 3.77065e-15 2.76307e-15 2.02456e-15
0.0102031 0.00897341 0.00771172 0.00651143 0.00542164 0.00446322 0.0036397 0.00294453 0.00236587 0.00188965 0.00150143 0.00118746 0.00093527 0.00073391 0.000573971 0.000447517 0.000347949 0.000269841 0.000208773 0.000161172 0.000124171 9.54845e-05 7.32955e-05 5.61699e-05 4.2979e-05 3.28379e-05 2.50552e-05 1.90921e-05 1.45304e-05 1.10458e-05 8.38756e-06 6.36236e-06 4.82132e-06 3.65007e-06 2.76083e-06 2.08642e-06 1.57545e-06 1.18866e-06 8.96156e-07 6.75135e-07 5.08267e-07 3.82384e-07 2.87492e-07 2.16013e-07 1.62208e-07 1.21734e-07 9.13076e-08 6.84491e-08 5.12863e-08 3.84074e-08 2.87486e-08 2.15086e-08 1.60845e-08 1.2023e-08 8.98312e-09 6.70906e-09 5.00864e-09 3.73772e-09 2.78822e-09 2.07915e-09 1.54985e-09 1.15488e-09 8.60277e-10 6.40611e-10 4.7688e-10 3.54884e-10 2.64016e-10 1.96356e-10 1.45992e-10 1.08516e-10 8.06369e-11 5.99041e-11 4.44902e-11 3.30339e-11 2.45213e-11 1.81979e-11 1.35019e-11 1.00153e-11 7.4273e-12 5.50682e-12 4.08202e-12 3.0252e-12 2.24152e-12 1.6605e-12 1.22984e-12 9.10688e-13 6.74228e-13 4.99068e-13 3.69345e-13 2.7329e-13 2.0218e-13 1.49546e-13 1.10595e-13 8.17753e-14 6.04555e-14 4.46868e-14 3.30257e-14 2.44037e-14 1.80298e-14 1.33187e-14 9.83708e-15
0.00740774 0.0070833 0.00651143 0.00581955 0.00509185 0.00438143 0.00371955 0.0031225 0.00259663 0.00214186 0.00175433 0.00142802 0.00115604 0.000931256 0.000746863 0.000596576 0.000474787 0.000376593 0.000297785 0.000234797 0.000184643 0.000144845 0.000113363 8.85333e-05 6.90024e-05 5.36781e-05 4.16823e-05 3.23127e-05 2.50091e-05 1.9327e-05 1.49144e-05 1.14936e-05 8.84576e-06 6.79949e-06 5.22037e-06 4.00345e-06 3.06686e-06 2.34695e-06 1.79423e-06 1.37037e-06 1.04568e-06 7.97208e-07 6.07261e-07 4.62193e-07 3.51501e-07 2.67115e-07 2.02838e-07 1.53918e-07 1.16716e-07 8.84473e-08 6.69817e-08 5.0694e-08 3.83436e-08 2.89851e-08 2.18982e-08 1.65349e-08 1.24785e-08 9.41228e-09 7.0959e-09 5.34694e-09 4.02712e-09 3.03166e-09 2.28123e-09 1.71579e-09 1.28995e-09 9.69386e-10 7.28188e-10 5.46784e-10 4.1041e-10 3.07932e-10 2.30956e-10 1.73159e-10 1.2978e-10 9.72342e-11 7.28253e-11 5.45257e-11 4.08112e-11 3.05365e-11 2.28414e-11 1.70803e-11 1.27684e-11 9.54231e-12 7.12926e-12 5.32493e-12 3.97616e-12 2.96823e-12 2.21521e-12 1.65281e-12 1.23287e-12 9.194e-13 6.85466e-13 5.10931e-13 3.80748e-13 2.83669e-13 2.11294e-13 1.57349e-13 1.17152e-13 8.72044e-14 6.48988e-14 4.82886e-14 3.59222e-14
0.00537822 0.00555531 0.00542164 0.00509185 0.00465025 0.00415688 0.00365305 0.0031658 0.0027117 0.00229974 0.00193366 0.00161367 0.00133769 0.00110235 0.000903576 0.000737072 0.00059861 0.000484204 0.000390215 0.000313397 0.000250905 0.000200282 0.000159434 0.00012659 0.00010027 7.9242e-05 6.24899e-05 4.91797e-05 3.86306e-05 3.02892e-05 2.37081e-05 1.85265e-05 1.44549e-05 1.12612e-05 8.76075e-06 6.80621e-06 5.28086e-06 4.09224e-06 3.16736e-06 2.4487e-06 1.891e-06 1.45877e-06 1.12418e-06 8.65482e-07 6.6568e-07 5.11533e-07 3.92732e-07 3.01263e-07 2.30906e-07 1.76838e-07 1.35324e-07 1.03479e-07 7.90691e-08 6.03747e-08 4.60685e-08 3.51287e-08 2.67694e-08 2.03864e-08 1.55158e-08 1.18019e-08 8.97166e-09 6.81631e-09 5.1759e-09 3.92816e-09 2.97965e-09 2.25901e-09 1.71181e-09 1.29652e-09 9.81521e-10 7.42706e-10 5.61743e-10 4.24684e-10 3.20927e-10 2.42416e-10 1.83037e-10 1.38146e-10 1.04224e-10 7.86009e-11 5.92547e-11 4.46536e-11 3.36381e-11 2.5331e-11 1.90687e-11 1.43496e-11 1.07948e-11 8.11791e-12 6.10288e-12 4.58656e-12 3.44592e-12 2.58815e-12 1.94332e-12 1.45872e-12 1.09464e-12 8.21203e-13 6.15896e-13 4.61791e-13 3.46152e-13 2.59402e-13 1.94342e-13 1.45563e-13 1.08999e-13
0.00390474 0.0043329 0.00446322 0.00438143 0.00415688 0.00384385 0.00348335 0.00310538 0.00273096 0.0023741 0.00204343 0.0017436 0.00147641 0.00124164 0.00103783 0.00086267 0.000713465 0.000587349 0.000481479 0.00039315 0.000319863 0.00025936 0.00020964 0.000168954 0.000135788 0.000108849 8.70412e-05 6.94417e-05 5.52796e-05 4.39144e-05 3.48171e-05 2.75527e-05 2.1765e-05 1.71638e-05 1.35132e-05 1.06226e-05 8.33779e-06 6.53509e-06 5.11512e-06 3.99841e-06 3.12153e-06 2.43398e-06 1.89564e-06 1.4747e-06 1.14598e-06 8.89589e-07 6.89858e-07 5.34443e-07 4.13645e-07 3.19855e-07 2.4711e-07 1.90743e-07 1.4711e-07 1.13366e-07 8.72921e-08 6.71637e-08 5.16379e-08 3.96722e-08 3.04577e-08 2.33672e-08 1.79154e-08 1.37266e-08 1.05104e-08 8.04282e-09 6.15084e-09 4.70114e-09 3.59105e-09 2.74155e-09 2.09185e-09 1.59527e-09 1.21593e-09 9.26318e-10 7.05333e-10 5.36804e-10 4.08346e-10 3.10483e-10 2.35965e-10 1.79251e-10 1.36108e-10 1.03305e-10 7.83741e-11 5.94353e-11 4.50547e-11 3.414e-11 2.58593e-11 1.95796e-11 1.48193e-11 1.12122e-11 8.48006e-12 6.41138e-12 4.84566e-12 3.66105e-12 2.7651e-12 2.08773e-12 1.57578e-12 1.18899e-12 8.96865e-13 6.76301e-13 5.09826e-13 3.84215e-13 2.89467e-13
0.00283495 0.00336332 0.0036397 0.00371955 0.00365305 0.00348335 0.00324598 0.00296917 0.00267454 0.00237805 0.00209094 0.00182069 0.00157182 0.00134666 0.00114588 0.000969017 0.000814856 0.000681704 0.00056762 0.000470571 0.000388541 0.000319607 0.000261983 0.000214045 0.000174341 0.000141592 0.000114681 9.26462e-05 7.46626e-05 6.00307e-05 4.81604e-05 3.85566e-05 3.08065e-05 2.45674e-05 1.95564e-05 1.55405e-05 1.23287e-05 9.76508e-06 7.72272e-06 6.09853e-06 4.80912e-06 3.78717e-06 2.97847e-06 2.3395e-06 1.83536e-06 1.43816e-06 1.12564e-06 8.80057e-07 6.87321e-07 5.3624e-07 4.1795e-07 3.25438e-07 2.53164e-07 1.96761e-07 1.52789e-07 1.18541e-07 9.18928e-08 7.11771e-08 5.50877e-08 4.26024e-08 3.2922e-08 2.54226e-08 1.96175e-08 1.51274e-08 1.16571e-08 8.97697e-09 6.90856e-09 5.31338e-09 4.08401e-09 3.13719e-09 2.40845e-09 1.84793e-09 1.41706e-09 1.08606e-09 8.31924e-10 6.3692e-10 4.87373e-10 3.72751e-10 2.84945e-10 2.17717e-10 1.66271e-10 1.26923e-10 9.68417e-11 7.3857e-11 5.63028e-11 4.29023e-11 3.26775e-11 2.48791e-11 1.89341e-11 1.44039e-11 1.09533e-11 8.32614e-12 6.32669e-12 4.8056e-12 3.64888e-12 2.76958e-12 2.10144e-12 1.59392e-12 1.20856e-12 9.16063e-13 6.94124e-13
0.00205825 0.00259978 0.00294453 0.0031225 0.0031658 0.00310538 0.00296917 0.00278121 0.00256132 0.00232531 0.00208528 0.00185014 0.00162615 0.00141737 0.00122616 0.00105358 0.000899727 0.00076403 0.000645451 0.00054268 0.000454259 0.000378686 0.000314476 0.000260219 0.0002146 0.000176419 0.000144598 0.000118184 9.63374e-05 7.83308e-05 6.35369e-05 5.14193e-05 4.15222e-05 3.34603e-05 2.69103e-05 2.16013e-05 1.73081e-05 1.3844e-05 1.10547e-05 8.81312e-06 7.0152e-06 5.57574e-06 4.42528e-06 3.50733e-06 2.77607e-06 2.19444e-06 1.7325e-06 1.36615e-06 1.07601e-06 8.46525e-07 6.65254e-07 5.22243e-07 4.09552e-07 3.20856e-07 2.51123e-07 1.9636e-07 1.53398e-07 1.19728e-07 9.33675e-08 7.27489e-08 5.66367e-08 4.40575e-08 3.42453e-08 2.6598e-08 2.06431e-08 1.60097e-08 1.24074e-08 9.609e-09 7.43671e-09 5.75169e-09 4.44558e-09 3.43389e-09 2.65079e-09 2.04504e-09 1.57677e-09 1.21502e-09 9.35734e-10 7.20243e-10 5.54075e-10 4.26016e-10 3.27382e-10 2.51456e-10 1.93041e-10 1.48123e-10 1.13602e-10 8.70843e-11 6.67257e-11 5.11031e-11 3.91206e-11 2.99345e-11 2.28955e-11 1.75043e-11 1.33769e-11 1.02185e-11 7.80269e-12 5.95564e-12 4.54405e-12 3.46569e-12 2.64224e-12 2.0137e-12 1.53411e-12
0.00149434 0.00200216 0.00236587 0.00259663 0.0027117 0.00273096 0.00267454 0.00256132 0.00240809 0.00222914 0.00203621 0.00183857 0.00164331 0.00145555 0.00127883 0.00111536 0.000966344 0.000832157 0.000712612 0.000607103 0.000514753 0.000434518 0.000365274 0.000305877 0.00025521 0.00021221 0.000175887 0.000145338 0.00011975 9.83974e-05 8.06427e-05 6.59286e-05 5.37726e-05 4.37595e-05 3.55346e-05 2.87964e-05 2.32901e-05 1.88011e-05 1.51499e-05 1.21865e-05 9.78636e-06 7.84626e-06 6.28101e-06 5.02047e-06 4.00711e-06 3.19382e-06 2.54216e-06 2.02082e-06 1.60436e-06 1.27217e-06 1.00756e-06 7.97072e-07 6.29851e-07 4.97172e-07 3.92028e-07 3.08803e-07 2.43004e-07 1.9104e-07 1.50047e-07 1.17741e-07 9.23084e-08 7.23062e-08 5.65901e-08 4.42533e-08 3.45779e-08 2.69966e-08 2.10612e-08 1.64184e-08 1.27897e-08 9.95581e-09 7.7444e-09 6.02005e-09 4.67649e-09 3.6304e-09 2.81649e-09 2.18368e-09 1.69201e-09 1.31024e-09 1.01402e-09 7.84306e-10 6.06287e-10 4.68413e-10 3.61695e-10 2.7914e-10 2.15314e-10 1.65997e-10 1.2791e-10 9.85133e-11 7.58354e-11 5.835e-11 4.4875e-11 3.44958e-11 2.65052e-11 2.03564e-11 1.56272e-11 1.19914e-11 9.19765e-12 7.05182e-12 5.40439e-12 4.14015e-12 3.17039e-12
0.00108494 0.00153687 0.00188965 0.00214186 0.00229974 0.0023741 0.00237805 0.00232531 0.00222914 0.00210163 0.00195334 0.00179315 0.00162823 0.00146424 0.00130538 0.00115467 0.00101412 0.000884902 0.000767551 0.000662103 0.000568235 0.000485365 0.000412751 0.000349549 0.000294878 0.000247851 0.000207607 0.000173333 0.000144272 0.000119733 9.90927e-05 8.17941e-05 6.73457e-05 5.53164e-05 4.53316e-05 3.70675e-05 3.02463e-05 2.46306e-05 2.00187e-05 1.624e-05 1.3151e-05 1.06312e-05 8.5799e-06 6.9133e-06 5.56181e-06 4.46783e-06 3.58385e-06 2.87074e-06 2.29641e-06 1.83457e-06 1.46375e-06 1.16644e-06 9.2841e-07 7.38092e-07 5.86126e-07 4.64937e-07 3.68411e-07 2.91622e-07 2.30605e-07 1.82175e-07 1.43778e-07 1.13368e-07 8.93083e-08 7.02921e-08 5.5277e-08 4.34325e-08 3.40977e-08 2.67476e-08 2.09653e-08 1.64204e-08 1.2851e-08 1.00501e-08 7.85399e-09 6.13343e-09 4.78648e-09 3.7328e-09 2.90915e-09 2.26576e-09 1.76355e-09 1.37179e-09 1.06641e-09 8.28512e-10 6.43307e-10 4.99215e-10 3.87178e-10 3.00118e-10 2.32508e-10 1.80032e-10 1.39327e-10 1.07769e-10 8.33168e-11 6.43807e-11 4.97239e-11 3.83854e-11 2.96183e-11 2.2843e-11 1.76095e-11 1.35689e-11 1.04508e-11 8.04576e-12 6.19152e-12
0.000787693 0.00117624 0.00150143 0.00175433 0.00193366 0.00204343 0.00209094 0.00208528 0.00203621 0.00195334 0.00184563 0.00172102 0.00158634 0.00144724 0.00130821 0.00117275 0.0010434 0.000921936 0.000809461 0.000706564 0.000613416 0.000529873 0.000455564 0.000389959 0.000332429 0.00028229 0.000238839 0.00020138 0.000169242 0.000141792 0.000118445 9.8666e-05 8.19703e-05 6.79264e-05 5.61516e-05 4.63098e-05 3.81078e-05 3.12913e-05 2.56413e-05 2.097e-05 1.7117e-05 1.39464e-05 1.13431e-05 9.20997e-06 7.46571e-06 6.04218e-06 4.88257e-06 3.93965e-06 3.17425e-06 2.55399e-06 2.05215e-06 1.64676e-06 1.31977e-06 1.0564e-06 8.44574e-07 6.74435e-07 5.37958e-07 4.28625e-07 3.41145e-07 2.71235e-07 2.15431e-07 1.70939e-07 1.35504e-07 1.07312e-07 8.49078e-08 6.71204e-08 5.30125e-08 4.1834e-08 3.29849e-08 2.59863e-08 2.04562e-08 1.60903e-08 1.26465e-08 9.93227e-09 7.79485e-09 6.11299e-09 4.79063e-09 3.75173e-09 2.93614e-09 2.29632e-09 1.79475e-09 1.40185e-09 1.09427e-09 8.5365e-10 6.65539e-10 5.18574e-10 4.03827e-10 3.14291e-10 2.44469e-10 1.90055e-10 1.47672e-10 1.14679e-10 8.90114e-11 6.90532e-11 5.35429e-11 4.14958e-11 3.21437e-11 2.48873e-11 1.92599e-11 1.4898e-11 1.15187e-11
0.000571887 0.000897864 0.00118746 0.00142802 0.00161367 0.0017436 0.00182069 0.00185014 0.00183857 0.00179315 0.00172102 0.00162897 0.00152309 0.00140872 0.00129033 0.00117156 0.00105527 0.000943636 0.000838185 0.000739941 0.000649492 0.00056708 0.000492679 0.000426062 0.000366854 0.000314586 0.000268727 0.000228719 0.000193997 0.00016401 0.000138228 0.000116155 9.73322e-05 8.13405e-05 6.78018e-05 5.63777e-05 4.67681e-05 3.87088e-05 3.19689e-05 2.63474e-05 2.16709e-05 1.779e-05 1.45769e-05 1.19227e-05 9.73482e-06 7.93511e-06 6.45764e-06 5.24701e-06 4.25687e-06 3.4485e-06 2.78964e-06 2.25354e-06 1.81802e-06 1.46475e-06 1.17864e-06 9.47239e-07 7.60357e-07 6.09634e-07 4.88233e-07 3.90575e-07 3.12114e-07 2.49153e-07 1.98689e-07 1.58287e-07 1.25978e-07 1.00168e-07 7.95721e-08 6.31534e-08 5.00781e-08 3.96753e-08 3.14069e-08 2.4841e-08 1.96318e-08 1.55026e-08 1.22324e-08 9.64469e-09 7.59871e-09 5.98237e-09 4.70647e-09 3.70009e-09 2.9069e-09 2.2822e-09 1.79056e-09 1.40392e-09 1.10006e-09 8.61432e-10 6.74151e-10 5.27267e-10 4.12142e-10 3.21965e-10 2.51375e-10 1.96152e-10 1.52975e-10 1.19238e-10 9.2891e-11 7.23278e-11 5.62875e-11 4.37822e-11 3.40382e-11 2.64497e-11 2.0543e-11
0.000415205 0.00068373 0.00093527 0.00115604 0.00133769 0.00147641 0.00157182 0.00162615 0.00164331 0.00162823 0.00158634 0.00152309 0.0014437 0.00135293 0.00125499 0.00115347 0.00105132 0.000950925 0.000854102 0.000762189 0.000676103 0.000596407 0.000523379 0.000457065 0.000397337 0.000343936 0.000296511 0.00025465 0.00021791 0.000185832 0.00015796 0.000133853 0.00011309 9.52783e-05 8.00558e-05 6.70919e-05 5.60884e-05 4.67784e-05 3.89249e-05 3.2319e-05 2.67777e-05 2.21415e-05 1.82721e-05 1.50505e-05 1.23744e-05 1.01561e-05 8.32135e-06 6.8068e-06 5.55903e-06 4.53297e-06 3.69076e-06 3.00066e-06 2.43615e-06 1.97512e-06 1.59922e-06 1.29317e-06 1.04438e-06 8.42419e-07 6.78701e-07 5.46165e-07 4.39013e-07 3.52493e-07 2.82719e-07 2.26519e-07 1.81304e-07 1.44969e-07 1.15803e-07 9.24158e-08 7.36832e-08 5.86941e-08 4.67124e-08 3.71441e-08 2.95105e-08 2.34261e-08 1.8581e-08 1.47261e-08 1.16618e-08 9.22805e-09 7.29669e-09 5.76528e-09 4.55197e-09 3.59145e-09 2.83163e-09 2.23104e-09 1.75665e-09 1.38221e-09 1.08689e-09 8.54119e-10 6.7078e-10 5.26472e-10 4.12961e-10 3.23731e-10 2.53634e-10 1.98601e-10 1.55421e-10 1.21562e-10 9.50274e-11 7.4245e-11 5.79771e-11 4.52502e-11 3.5299e-11
0.00030145 0.000519536 0.00073391 0.000931256 0.00110235 0.00124164 0.00134666 0.00141737 0.00145555 0.00146424 0.00144724 0.00140872 0.00135293 0.00128396 0.00120556 0.0011211 0.00103348 0.000945127 0.000858013 0.000773678 0.000693276 0.000617622 0.000547245 0.00048243 0.00042327 0.000369703 0.000321554 0.000278562 0.000240407 0.000206736 0.000177176 0.000151351 0.000128892 0.000109442 9.26652e-05 7.82488e-05 6.59046e-05 5.53702e-05 4.6409e-05 3.8809e-05 3.23822e-05 2.69624e-05 2.24038e-05 1.85792e-05 1.53781e-05 1.27051e-05 1.04781e-05 8.62653e-06 7.0903e-06 5.81823e-06 4.76689e-06 3.89958e-06 3.18537e-06 2.59823e-06 2.11637e-06 1.72153e-06 1.39851e-06 1.13464e-06 9.19413e-07 7.44102e-07 6.01506e-07 4.85673e-07 3.91705e-07 3.1557e-07 2.53961e-07 2.04165e-07 1.63965e-07 1.31549e-07 1.05438e-07 8.44296e-08 6.75436e-08 5.39854e-08 4.31102e-08 3.43956e-08 2.74191e-08 2.18393e-08 1.73807e-08 1.38211e-08 1.09819e-08 8.71918e-09 6.91741e-09 5.48387e-09 4.34423e-09 3.43896e-09 2.72042e-09 2.15052e-09 1.69886e-09 1.34116e-09 1.05808e-09 8.34216e-10 6.57299e-10 5.17581e-10 4.07312e-10 3.20343e-10 2.51795e-10 1.978e-10 1.55295e-10 1.21856e-10 9.55636e-11 7.49036e-11 5.86786e-11
0.000218861 0.000393989 0.000573971 0.000746863 0.000903576 0.00103783 0.00114588 0.00122616 0.00127883 0.00130538 0.00130821 0.00129033 0.00125499 0.00120556 0.00114526 0.00107713 0.00100386 0.000927825 0.000851024 0.000775101 0.000701361 0.0006308 0.000564139 0.00050186 0.000444247 0.000391416 0.000343354 0.000299943 0.000260992 0.000226253 0.000195443 0.000168259 0.000144391 0.000123529 0.00010537 8.96292e-05 7.60344e-05 6.43352e-05 5.43012e-05 4.57228e-05 3.84114e-05 3.21978e-05 2.69319e-05 2.24809e-05 1.87282e-05 1.55721e-05 1.29238e-05 1.07066e-05 8.85442e-06 7.31029e-06 6.02559e-06 4.95878e-06 4.07457e-06 3.34302e-06 2.73883e-06 2.24066e-06 1.83059e-06 1.49357e-06 1.21701e-06 9.90397e-07 8.04986e-07 6.53498e-07 5.29894e-07 4.29176e-07 3.47213e-07 2.80596e-07 2.26518e-07 1.82671e-07 1.47162e-07 1.18437e-07 9.52258e-08 7.64906e-08 6.13841e-08 4.92161e-08 3.94248e-08 3.15537e-08 2.52324e-08 2.01605e-08 1.60948e-08 1.28386e-08 1.02331e-08 8.15001e-09 6.486e-09 5.15788e-09 4.09869e-09 3.25466e-09 2.58261e-09 2.0479e-09 1.62279e-09 1.28506e-09 1.01695e-09 8.04254e-10 6.35637e-10 5.02056e-10 3.96303e-10 3.12636e-10 2.46486e-10 1.94218e-10 1.52945e-10 1.20375e-10 9.46873e-11
0.000158899 0.000298239 0.000447517 0.000596576 0.000737072 0.00086267 0.000969017 0.00105358 0.00111536 0.00115467 0.00117275 0.00117156 0.00115347 0.0011211 0.00107713 0.00102416 0.000964627 0.000900741 0.000834442 0.00076739 0.000700962 0.000636266 0.000574161 0.000515279 0.00046006 0.000408772 0.000361546 0.000318398 0.000279257 0.000243979 0.000212374 0.000184216 0.000159259 0.000137244 0.000117912 0.000101008 8.62851e-05 7.3511e-05 6.24668e-05 5.29505e-05 4.47769e-05 3.77782e-05 3.18029e-05 2.67155e-05 2.23957e-05 1.87369e-05 1.56457e-05 1.30401e-05 1.08488e-05 9.00991e-06 7.47003e-06 6.18313e-06 5.10974e-06 4.21614e-06 3.47356e-06 2.85757e-06 2.34746e-06 1.92573e-06 1.57763e-06 1.29075e-06 1.05467e-06 8.607e-07 7.01543e-07 5.71135e-07 4.64427e-07 3.77227e-07 3.06059e-07 2.48049e-07 2.0082e-07 1.62416e-07 1.31222e-07 1.05915e-07 8.54051e-08 6.88015e-08 5.53742e-08 4.45268e-08 3.57723e-08 2.87139e-08 2.30285e-08 1.84532e-08 1.47748e-08 1.182e-08 9.44867e-09 7.54718e-09 6.02374e-09 4.80421e-09 3.82875e-09 3.04914e-09 2.42654e-09 1.92973e-09 1.53357e-09 1.21793e-09 9.66602e-10 7.6664e-10 6.07654e-10 4.81334e-10 3.81037e-10 3.01455e-10 2.3835e-10 1.88344e-10 1.48742e-10
0.000115365 0.000225381 0.000347949 0.000474787 0.00059861 0.000713465 0.000814856 0.000899727 0.000966344 0.00101412 0.0010434 0.00105527 0.00105132 0.00103348 0.00100386 0.000964627 0.000917891 0.00086564 0.000809687 0.000751636 0.000692869 0.000634548 0.000577612 0.000522803 0.000470677 0.000421626 0.000375905 0.000333646 0.000294888 0.000259587 0.000227642 0.000198905 0.000173195 0.000150311 0.000130039 0.000112161 9.64612e-05 8.27287e-05 7.0762e-05 6.03711e-05 5.13789e-05 4.36221e-05 3.69516e-05 3.12318e-05 2.6341e-05 2.21702e-05 1.86226e-05 1.56124e-05 1.30643e-05 1.09123e-05 9.09867e-06 7.57355e-06 6.29362e-06 5.22158e-06 4.32538e-06 3.57754e-06 2.95462e-06 2.43665e-06 2.00666e-06 1.6503e-06 1.35541e-06 1.11177e-06 9.10773e-07 7.45191e-07 6.08976e-07 4.97074e-07 4.05268e-07 3.30046e-07 2.68491e-07 2.18181e-07 1.77112e-07 1.43625e-07 1.16353e-07 9.41662e-08 7.61366e-08 6.15009e-08 4.96326e-08 4.00182e-08 3.22376e-08 2.5947e-08 2.08661e-08 1.6766e-08 1.34605e-08 1.07979e-08 8.65517e-09 6.93222e-09 5.548e-09 4.43684e-09 3.54561e-09 2.83134e-09 2.25935e-09 1.80166e-09 1.43569e-09 1.14328e-09 9.09825e-10 7.23565e-10 5.75065e-10 4.56752e-10 3.62554e-10 2.87606e-10 2.28014e-10
8.37583e-05 0.000170059 0.000269841 0.000376593 0.000484204 0.000587349 0.000681704 0.00076403 0.000832157 0.000884902 0.000921936 0.000943636 0.000950925 0.000945127 0.000927825 0.000900741 0.00086564 0.000824253 0.000778213 0.000729016 0.000677998 0.000626318 0.000574953 0.000524708 0.000476222 0.00042998 0.000386335 0.00034552 0.000307669 0.00027283 0.000240985 0.000212059 0.000185939 0.00016248 0.000141519 0.000122877 0.000106371 9.18189e-05 7.90389e-05 6.78575e-05 5.81093e-05 4.96392e-05 4.23033e-05 3.59691e-05 3.05158e-05 2.58341e-05 2.18255e-05 1.8402e-05 1.54856e-05 1.30069e-05 1.09051e-05 9.12676e-06 7.62537e-06 6.36035e-06 5.29662e-06 4.40385e-06 3.65596e-06 3.03056e-06 2.5085e-06 2.07344e-06 1.71147e-06 1.41079e-06 1.16142e-06 9.54902e-07 7.84127e-07 6.43109e-07 5.26824e-07 4.31063e-07 3.52308e-07 2.87621e-07 2.34556e-07 1.91077e-07 1.55496e-07 1.26412e-07 1.02665e-07 8.3297e-08 6.75183e-08 5.46771e-08 4.42374e-08 3.57587e-08 2.88794e-08 2.33033e-08 1.87878e-08 1.51347e-08 1.21818e-08 9.79715e-09 7.87307e-09 6.32195e-09 5.07254e-09 4.06699e-09 3.25838e-09 2.60864e-09 2.08697e-09 1.66845e-09 1.33294e-09 1.06418e-09 8.4904e-10 6.76949e-10 5.39389e-10 4.29509e-10 3.41799e-10
6.08108e-05 0.000128133 0.000208773 0.000297785 0.000390215 0.000481479 0.00056762 0.000645451 0.000712612 0.000767551 0.000809461 0.000838185 0.000854102 0.000858013 0.000851024 0.000834442 0.000809687 0.000778213 0.000741445 0.000700737 0.000657333 0.00061235 0.000566761 0.000521397 0.000476945 0.000433956 0.000392857 0.000353959 0.000317478 0.000283541 0.000252205 0.000223465 0.000197272 0.000173536 0.000152143 0.000132959 0.000115835 0.000100617 8.7151e-05 7.52806e-05 6.48559e-05 5.57332e-05 4.77767e-05 4.08595e-05 3.48642e-05 2.96831e-05 2.52182e-05 2.13807e-05 1.8091e-05 1.52778e-05 1.28779e-05 1.08352e-05 9.10044e-06 7.63027e-06 6.38693e-06 5.33752e-06 4.45349e-06 3.71016e-06 3.08628e-06 2.56356e-06 2.12635e-06 1.76126e-06 1.45688e-06 1.20351e-06 9.92929e-07 8.18162e-07 6.73328e-07 5.53467e-07 4.5441e-07 3.72653e-07 3.05262e-07 2.49784e-07 2.04168e-07 1.66707e-07 1.3598e-07 1.10804e-07 9.01994e-08 7.33554e-08 5.96002e-08 4.83791e-08 3.92348e-08 3.17903e-08 2.57357e-08 2.08162e-08 1.68228e-08 1.35842e-08 1.09601e-08 8.83575e-09 7.11756e-09 5.72904e-09 4.60788e-09 3.70336e-09 2.97419e-09 2.38687e-09 1.91416e-09 1.53399e-09 1.22848e-09 9.83145e-10 7.86281e-10 6.28423e-10 5.01932e-10
4.41503e-05 9.64156e-05 0.000161172 0.000234797 0.000313397 0.00039315 0.000470571 0.00054268 0.000607103 0.000662103 0.000706564 0.000739941 0.000762189 0.000773678 0.000775101 0.00076739 0.000751636 0.000729016 0.000700737 0.000667983 0.00063188 0.000593471 0.000553692 0.000513367 0.000473201 0.000433784 0.000395591 0.000358997 0.000324279 0.000291632 0.000261176 0.00023297 0.000207023 0.000183301 0.000161735 0.000142233 0.000124686 0.000108971 9.49576e-05 8.25136e-05 7.15062e-05 6.18055e-05 5.32864e-05 4.583e-05 3.93246e-05 3.36661e-05 2.87586e-05 2.45144e-05 2.08536e-05 1.77041e-05 1.50012e-05 1.26872e-05 1.07106e-05 9.0259e-06 7.59314e-06 6.37714e-06 5.34717e-06 4.47645e-06 3.74173e-06 3.12291e-06 2.60261e-06 2.1659e-06 1.79996e-06 1.49382e-06 1.2381e-06 1.02482e-06 8.47212e-07 6.99517e-07 5.76872e-07 4.75167e-07 3.9094e-07 3.21279e-07 2.63738e-07 2.16268e-07 1.77154e-07 1.44963e-07 1.185e-07 9.67713e-08 7.89494e-08 6.43478e-08 5.23973e-08 4.26268e-08 3.46467e-08 2.81355e-08 2.2828e-08 1.85058e-08 1.49893e-08 1.21309e-08 9.80965e-09 7.92622e-09 6.39937e-09 5.16264e-09 4.16176e-09 3.35242e-09 2.69848e-09 2.17053e-09 1.74464e-09 1.40133e-09 1.1248e-09 9.02223e-10 7.2321e-10
3.20543e-05 7.24598e-05 0.000124171 0.000184643 0.000250905 0.000319863 0.000388541 0.000454259 0.000514753 0.000568235 0.000613416 0.000649492 0.000676103 0.000693276 0.000701361 0.000700962 0.000692869 0.000677998 0.000657333 0.00063188 0.00060263 0.000570527 0.000536445 0.000501175 0.000465417 0.000429772 0.000394746 0.000360752 0.000328116 0.000297085 0.000267834 0.000240477 0.000215072 0.000191637 0.000170147 0.000150553 0.000132781 0.00011674 0.000102328 8.94361e-05 7.79507e-05 6.7758e-05 5.87457e-05 5.08051e-05 4.38318e-05 3.77276e-05 3.24002e-05 2.77644e-05 2.37416e-05 2.02601e-05 1.72548e-05 1.4667e-05 1.24439e-05 1.05386e-05 8.90921e-06 7.51882e-06 6.3348e-06 5.32855e-06 4.47502e-06 3.75241e-06 3.14175e-06 2.6266e-06 2.19277e-06 1.82804e-06 1.5219e-06 1.26534e-06 1.05066e-06 8.71288e-07 7.21643e-07 5.96973e-07 4.93253e-07 4.07079e-07 3.35577e-07 2.76326e-07 2.27287e-07 1.86751e-07 1.53284e-07 1.25685e-07 1.02951e-07 8.42458e-08 6.88723e-08 5.62507e-08 4.58993e-08 3.74184e-08 3.04771e-08 2.48016e-08 2.01654e-08 1.63819e-08 1.32971e-08 1.07844e-08 8.73934e-09 7.07649e-09 5.72555e-09 4.62895e-09 3.73955e-09 3.01879e-09 2.43516e-09 1.96295e-09 1.58119e-09 1.27279e-09 1.02383e-09
2.32723e-05 5.43933e-05 9.54845e-05 0.000144845 0.000200282 0.00025936 0.000319607 0.000378686 0.000434518 0.000485365 0.000529873 0.00056708 0.000596407 0.000617622 0.0006308 0.000636266 0.000634548 0.000626318 0.00061235 0.000593471 0.000570527 0.000544349 0.000515733 0.000485417 0.000454072 0.000422292 0.000390593 0.000359409 0.0003291 0.00029995 0.000272177 0.000245941 0.000221345 0.000198448 0.000177271 0.0001578 0.000139997 0.000123804 0.000109145 9.5937e-05 8.4086e-05 7.34961e-05 6.40693e-05 5.57085e-05 4.83189e-05 4.18093e-05 3.60929e-05 3.10884e-05 2.67196e-05 2.29165e-05 1.96146e-05 1.67553e-05 1.42852e-05 1.21566e-05 1.03263e-05 8.75616e-06 7.41199e-06 6.26368e-06 5.28466e-06 4.45158e-06 3.74404e-06 3.1442e-06 2.63658e-06 2.20774e-06 1.84606e-06 1.54152e-06 1.2855e-06 1.07059e-06 8.90478e-07 7.3974e-07 6.13767e-07 5.08637e-07 4.21021e-07 3.48098e-07 2.87482e-07 2.37161e-07 1.95437e-07 1.60883e-07 1.32302e-07 1.08687e-07 8.91986e-08 7.3133e-08 5.99035e-08 4.90209e-08 4.00783e-08 3.27373e-08 2.67171e-08 2.17848e-08 1.77479e-08 1.44468e-08 1.17499e-08 9.54863e-09 7.75354e-09 6.29094e-09 5.10027e-09 4.13179e-09 3.3447e-09 2.70554e-09 2.18692e-09 1.76645e-09 1.42581e-09
1.68964e-05 4.07874e-05 7.32955e-05 0.000113363 0.000159434 0.00020964 0.000261983 0.000314476 0.000365274 0.000412751 0.000455564 0.000492679 0.000523379 0.000547245 0.000564139 0.000574161 0.000577612 0.000574953 0.000566761 0.000553692 0.000536445 0.000515733 0.00049226 0.000466698 0.000439673 0.000411756 0.000383454 0.000355209 0.000327397 0.00030033 0.000274256 0.00024937 0.000225812 0.00020368 0.00018303 0.000163885 0.000146238 0.000130061 0.000115308 0.000101917 8.98178e-05 7.89312e-05 6.91754e-05 6.04662e-05 5.27193e-05 4.58523e-05 3.97851e-05 3.44415e-05 2.97492e-05 2.56408e-05 2.20536e-05 1.89297e-05 1.62163e-05 1.38653e-05 1.1833e-05 1.00804e-05 8.57219e-06 7.27715e-06 6.16745e-06 5.21846e-06 4.40849e-06 3.71848e-06 3.13174e-06 2.63369e-06 2.21167e-06 1.85466e-06 1.55315e-06 1.29891e-06 1.08487e-06 9.04935e-07 7.53897e-07 6.27298e-07 5.21331e-07 4.32755e-07 3.58815e-07 2.97172e-07 2.45847e-07 2.03166e-07 1.67717e-07 1.38308e-07 1.1394e-07 9.37709e-08 7.70961e-08 6.33252e-08 5.19648e-08 4.26027e-08 3.48953e-08 2.85566e-08 2.33487e-08 1.9074e-08 1.55686e-08 1.26968e-08 1.03462e-08 8.42388e-09 6.85328e-09 5.57114e-09 4.52537e-09 3.67311e-09 2.97912e-09 2.41448e-09 1.95543e-09
1.22672e-05 3.0554e-05 5.61699e-05 8.85333e-05 0.00012659 0.000168954 0.000214045 0.000260219 0.000305877 0.000349549 0.000389959 0.000426062 0.000457065 0.00048243 0.00050186 0.000515279 0.000522803 0.000524708 0.000521397 0.000513367 0.000501175 0.000485417 0.000466698 0.000445614 0.000422736 0.000398597 0.000373684 0.000348432 0.000323221 0.000298376 0.000274168 0.000250815 0.000228489 0.000207316 0.000187385 0.000168749 0.000151432 0.000135434 0.000120733 0.000107293 9.50626e-05 8.39832e-05 7.39883e-05 6.50075e-05 5.69685e-05 4.97982e-05 4.34247e-05 3.77778e-05 3.27904e-05 2.83985e-05 2.45422e-05 2.11655e-05 1.82166e-05 1.56478e-05 1.34155e-05 1.14805e-05 9.80677e-06 8.36237e-06 7.11851e-06 6.04958e-06 5.1328e-06 4.34806e-06 3.6776e-06 3.10584e-06 2.6191e-06 2.20547e-06 1.85456e-06 1.55733e-06 1.30599e-06 1.09377e-06 9.14861e-07 7.64254e-07 6.37654e-07 5.31385e-07 4.42304e-07 3.67731e-07 3.05384e-07 2.53326e-07 2.09914e-07 1.73755e-07 1.43675e-07 1.18679e-07 9.79336e-08 8.07344e-08 6.6491e-08 5.47082e-08 4.49712e-08 3.69332e-08 3.03044e-08 2.48432e-08 2.03484e-08 1.66525e-08 1.36163e-08 1.11245e-08 9.08126e-09 7.40733e-09 6.03717e-09 4.91662e-09 4.00098e-09 3.2534e-09 2.64355e-09
8.90633e-06 2.28664e-05 4.2979e-05 6.90024e-05 0.00010027 0.000135788 0.000174341 0.0002146 0.00025521 0.000294878 0.000332429 0.000366854 0.000397337 0.00042327 0.000444247 0.00046006 0.000470677 0.000476222 0.000476945 0.000473201 0.000465417 0.000454072 0.000439673 0.000422736 0.000403769 0.000383257 0.000361657 0.000339385 0.000316815 0.000294276 0.000272048 0.000250367 0.000229425 0.000209374 0.000190327 0.000172363 0.000155534 0.000139864 0.000125356 0.000111994 9.97498e-05 8.85816e-05 7.84396e-05 6.92676e-05 6.10056e-05 5.3591e-05 4.69606e-05 4.10515e-05 3.58024e-05 3.11538e-05 2.70495e-05 2.34359e-05 2.02632e-05 1.74848e-05 1.5058e-05 1.29434e-05 1.11052e-05 9.51099e-06 8.13136e-06 6.94e-06 5.91335e-06 5.0304e-06 4.27253e-06 3.62323e-06 3.06798e-06 2.594e-06 2.19008e-06 1.84647e-06 1.55463e-06 1.30715e-06 1.09763e-06 9.205e-07 7.70985e-07 6.44959e-07 5.38882e-07 4.49718e-07 3.74873e-07 3.12128e-07 2.59596e-07 2.15669e-07 1.78983e-07 1.48381e-07 1.22885e-07 1.01666e-07 8.40275e-08 6.93813e-08 5.7233e-08 4.71673e-08 3.88358e-08 3.19469e-08 2.62564e-08 2.15606e-08 1.76893e-08 1.45007e-08 1.18769e-08 9.71988e-09 7.94815e-09 6.49419e-09 5.30203e-09 4.32537e-09 3.52593e-09
6.46624e-06 1.70977e-05 3.28379e-05 5.36781e-05 7.9242e-05 0.000108849 0.000141592 0.000176419 0.00021221 0.000247851 0.00028229 0.000314586 0.000343936 0.000369703 0.000391416 0.000408772 0.000421626 0.00042998 0.000433956 0.000433784 0.000429772 0.000422292 0.000411756 0.000398597 0.000383257 0.000366169 0.00034775 0.000328389 0.000308446 0.000288243 0.000268061 0.000248147 0.000228705 0.000209903 0.000191877 0.000174726 0.000158524 0.000143317 0.00012913 0.000115969 0.000103822 9.26674e-05 8.247e-05 7.31884e-05 6.4775e-05 5.71782e-05 5.03442e-05 4.42181e-05 3.87449e-05 3.38707e-05 2.95435e-05 2.57131e-05 2.23321e-05 1.93559e-05 1.67429e-05 1.44545e-05 1.24554e-05 1.07131e-05 9.19799e-06 7.88341e-06 6.74523e-06 5.76181e-06 4.91382e-06 4.18401e-06 3.55711e-06 3.01959e-06 2.55953e-06 2.16645e-06 1.83115e-06 1.54563e-06 1.30287e-06 1.09679e-06 9.22124e-07 7.74294e-07 6.49361e-07 5.43926e-07 4.55071e-07 3.80288e-07 3.17433e-07 2.6467e-07 2.20436e-07 1.83396e-07 1.5242e-07 1.26544e-07 1.04954e-07 8.69609e-08 7.19816e-08 5.9525e-08 4.91775e-08 4.05909e-08 3.34729e-08 2.75782e-08 2.27015e-08 1.86709e-08 1.53428e-08 1.25973e-08 1.03345e-08 8.47122e-09 6.93832e-09 5.67831e-09 4.64351e-09
4.69467e-06 1.27736e-05 2.50552e-05 4.16823e-05 6.24899e-05 8.70412e-05 0.000114681 0.000144598 0.000175887 0.000207607 0.000238839 0.000268727 0.000296511 0.000321554 0.000343354 0.000361546 0.000375905 0.000386335 0.000392857 0.000395591 0.000394746 0.000390593 0.000383454 0.000373684 0.000361657 0.00034775 0.000332335 0.000315771 0.000298393 0.000280508 0.000262396 0.000244301 0.000226436 0.00020898 0.000192082 0.00017586 0.000160404 0.00014578 0.000132031 0.000119181 0.000107238 9.61936e-05 8.60302e-05 7.67197e-05 6.82272e-05 6.05121e-05 5.35303e-05 4.72351e-05 4.15789e-05 3.65138e-05 3.19923e-05 2.79686e-05 2.43982e-05 2.12391e-05 1.84513e-05 1.59978e-05 1.38438e-05 1.19573e-05 1.03091e-05 8.87221e-06 7.62236e-06 6.5375e-06 5.59778e-06 4.78542e-06 4.08452e-06 3.48092e-06 2.96206e-06 2.51684e-06 2.13548e-06 1.80936e-06 1.53093e-06 1.29362e-06 1.09165e-06 9.20025e-07 7.74406e-07 6.51029e-07 5.46646e-07 4.58454e-07 3.84043e-07 3.21342e-07 2.68577e-07 2.24229e-07 1.87002e-07 1.55791e-07 1.29654e-07 1.07792e-07 8.95259e-08 7.42821e-08 6.15743e-08 5.09919e-08 4.21887e-08 3.48732e-08 2.88002e-08 2.37635e-08 1.95906e-08 1.61365e-08 1.32802e-08 1.09203e-08 8.97243e-09 7.36603e-09 6.04243e-09
3.40846e-06 9.53552e-06 1.90921e-05 3.23127e-05 4.91797e-05 6.94417e-05 9.26462e-05 0.000118184 0.000145338 0.000173333 0.00020138 0.000228719 0.00025465 0.000278562 0.000299943 0.000318398 0.000333646 0.00034552 0.000353959 0.000358997 0.000360752 0.000359409 0.000355209 0.000348432 0.000339385 0.000328389 0.000315771 0.00030185 0.000286935 0.000271313 0.000255253 0.000238993 0.000222748 0.000206702 0.000191013 0.00017581 0.000161198 0.000147258 0.000134049 0.000121611 0.000109967 9.91254e-05 8.90813e-05 7.98205e-05 7.13201e-05 6.35508e-05 5.6478e-05 5.00638e-05 4.42679e-05 3.9049e-05 3.43649e-05 3.01743e-05 2.64364e-05 2.31121e-05 2.01639e-05 1.75562e-05 1.52557e-05 1.32313e-05 1.14541e-05 9.89766e-06 8.53756e-06 7.35164e-06 6.31978e-06 5.42383e-06 4.64742e-06 3.97591e-06 3.39621e-06 2.89669e-06 2.46702e-06 2.09808e-06 1.78181e-06 1.51115e-06 1.27987e-06 1.08257e-06 9.14507e-07 7.71558e-07 6.5015e-07 5.47182e-07 4.59974e-07 3.86215e-07 3.23913e-07 2.71356e-07 2.27076e-07 1.89817e-07 1.58503e-07 1.32217e-07 1.10177e-07 9.1719e-08 7.62777e-08 6.33744e-08 5.26036e-08 4.36223e-08 3.61411e-08 2.99157e-08 2.47405e-08 2.04426e-08 1.68767e-08 1.3921e-08 1.14733e-08 9.44816e-09 7.77416e-09
2.47463e-06 7.11291e-06 1.45304e-05 2.50091e-05 3.86306e-05 5.52796e-05 7.46626e-05 9.63374e-05 0.00011975 0.000144272 0.000169242 0.000193997 0.00021791 0.000240407 0.000260992 0.000279257 0.000294888 0.000307669 0.000317478 0.000324279 0.000328116 0.0003291 0.000327397 0.000323221 0.000316815 0.000308446 0.000298393 0.000286935 0.000274349 0.000260902 0.000246842 0.000232401 0.000217786 0.000203184 0.000188756 0.000174639 0.000160949 0.000147776 0.000135194 0.000123255 0.000111997 0.000101441 9.15954e-05 8.24587e-05 7.40194e-05 6.62586e-05 5.91515e-05 5.2669e-05 4.67782e-05 4.14445e-05 3.66316e-05 3.23029e-05 2.84218e-05 2.49526e-05 2.18605e-05 1.91121e-05 1.66758e-05 1.45217e-05 1.26218e-05 1.09501e-05 9.48271e-06 8.1975e-06 7.0743e-06 6.09476e-06 5.24226e-06 4.5018e-06 3.85988e-06 3.30445e-06 2.82471e-06 2.4111e-06 2.05511e-06 1.74923e-06 1.48684e-06 1.26212e-06 1.06995e-06 9.05879e-07 7.65998e-07 6.46917e-07 5.45686e-07 4.59748e-07 3.86893e-07 3.25211e-07 2.73055e-07 2.29012e-07 1.91864e-07 1.60572e-07 1.34243e-07 1.12116e-07 9.35413e-08 7.79669e-08 6.49223e-08 5.40085e-08 4.4887e-08 3.72715e-08 3.09198e-08 2.56276e-08 2.12224e-08 1.75592e-08 1.45159e-08 1.19899e-08 9.89528e-09
1.79665e-06 5.30202e-06 1.10458e-05 1.9327e-05 3.02892e-05 4.39144e-05 6.00307e-05 7.83308e-05 9.83974e-05 0.000119733 0.000141792 0.00016401 0.000185832 0.000206736 0.000226253 0.000243979 0.000259587 0.00027283 0.000283541 0.000291632 0.000297085 0.00029995 0.00030033 0.000298376 0.000294276 0.000288243 0.000280508 0.000271313 0.000260902 0.000249512 0.000237375 0.000224706 0.000211705 0.000198554 0.000185415 0.000172427 0.000159713 0.000147372 0.000135487 0.000124122 0.000113325 0.000103129 9.35552e-05 8.46118e-05 7.62986e-05 6.86069e-05 6.15211e-05 5.50204e-05 4.90798e-05 4.36713e-05 3.87647e-05 3.43285e-05 3.03305e-05 2.67387e-05 2.35214e-05 2.06478e-05 1.80883e-05 1.58146e-05 1.37999e-05 1.20191e-05 1.04489e-05 9.06755e-06 7.85503e-06 6.79303e-06 5.86481e-06 5.05518e-06 4.35038e-06 3.73802e-06 3.20697e-06 2.74727e-06 2.35004e-06 2.00738e-06 1.7123e-06 1.45859e-06 1.24082e-06 1.05417e-06 8.94452e-07 7.57975e-07 6.4153e-07 5.42316e-07 4.579e-07 3.86174e-07 3.25311e-07 2.73732e-07 2.30077e-07 1.93175e-07 1.62019e-07 1.35745e-07 1.13616e-07 9.4998e-08 7.9352e-08 6.62183e-08 5.52052e-08 4.59804e-08 3.82615e-08 3.18092e-08 2.64213e-08 2.19266e-08 1.81806e-08 1.50617e-08 1.24673e-08
1.30442e-06 3.94949e-06 8.38756e-06 1.49144e-05 2.37081e-05 3.48171e-05 4.81604e-05 6.35369e-05 8.06427e-05 9.90927e-05 0.000118445 0.000138228 0.00015796 0.000177176 0.000195443 0.000212374 0.000227642 0.000240985 0.000252205 0.000261176 0.000267834 0.000272177 0.000274256 0.000274168 0.000272048 0.000268061 0.000262396 0.000255253 0.000246842 0.000237375 0.000227058 0.000216092 0.000204664 0.000192947 0.0001811 0.000169264 0.000157562 0.0001461 0.000134967 0.000124236 0.000113963 0.000104192 9.49539e-05 8.62666e-05 7.81399e-05 7.05741e-05 6.35627e-05 5.70928e-05 5.1147e-05 4.57039e-05 4.07394e-05 3.62272e-05 3.21399e-05 2.84493e-05 2.51273e-05 2.21457e-05 1.94774e-05 1.70959e-05 1.4976e-05 1.30938e-05 1.14267e-05 9.95365e-06 8.65504e-06 7.51277e-06 6.51018e-06 5.63203e-06 4.86444e-06 4.1948e-06 3.61175e-06 3.10502e-06 2.66543e-06 2.28475e-06 1.95566e-06 1.67165e-06 1.42693e-06 1.21641e-06 1.0356e-06 8.80529e-07 7.47738e-07 6.3419e-07 5.37234e-07 4.5456e-07 3.84161e-07 3.24293e-07 2.73447e-07 2.3032e-07 1.93784e-07 1.6287e-07 1.36744e-07 1.14691e-07 9.60977e-08 8.04384e-08 6.72649e-08 5.61948e-08 4.69022e-08 3.91098e-08 3.25821e-08 2.71195e-08 2.25527e-08 1.87385e-08 1.5556e-08
9.47044e-07 2.9401e-06 6.36236e-06 1.14936e-05 1.85265e-05 2.75527e-05 3.85566e-05 5.14193e-05 6.59286e-05 8.17941e-05 9.8666e-05 0.000116155 0.000133853 0.000151351 0.000168259 0.000184216 0.000198905 0.000212059 0.000223465 0.00023297 0.000240477 0.000245941 0.00024937 0.000250815 0.000250367 0.000248147 0.000244301 0.000238993 0.000232401 0.000224706 0.000216092 0.000206739 0.000196822 0.000186502 0.000175932 0.000165249 0.000154577 0.000144023 0.000133682 0.00012363 0.000113933 0.000104641 9.57942e-05 8.74188e-05 7.95331e-05 7.21459e-05 6.52587e-05 5.88664e-05 5.29586e-05 4.75204e-05 4.25337e-05 3.79776e-05 3.38293e-05 3.00649e-05 2.66597e-05 2.35888e-05 2.08275e-05 1.83515e-05 1.61375e-05 1.41629e-05 1.24062e-05 1.08472e-05 9.46687e-06 8.2476e-06 7.17295e-06 6.22779e-06 5.39826e-06 4.67168e-06 4.03651e-06 3.48233e-06 2.9997e-06 2.58015e-06 2.21606e-06 1.90066e-06 1.62789e-06 1.39237e-06 1.18934e-06 1.01459e-06 8.64407e-07 7.3553e-07 6.25097e-07 5.30603e-07 4.49859e-07 3.80958e-07 3.22241e-07 2.72268e-07 2.29791e-07 1.9373e-07 1.63155e-07 1.37261e-07 1.15358e-07 9.68522e-08 8.1234e-08 6.80676e-08 5.69803e-08 4.76538e-08 3.98167e-08 3.32379e-08 2.77211e-08 2.30993e-08 1.92313e-08
6.8758e-07 2.18735e-06 4.82132e-06 8.84576e-06 1.44549e-05 2.1765e-05 3.08065e-05 4.15222e-05 5.37726e-05 6.73457e-05 8.19703e-05 9.73322e-05 0.00011309 0.000128892 0.000144391 0.000159259 0.000173195 0.000185939 0.000197272 0.000207023 0.000215072 0.000221345 0.000225812 0.000228489 0.000229425 0.000228705 0.000226436 0.000222748 0.000217786 0.000211705 0.000204664 0.000196822 0.000188337 0.000179359 0.000170032 0.000160487 0.000150845 0.000141213 0.000131687 0.000122348 0.000113266 0.000104497 9.6088e-05 8.80725e-05 8.0476e-05 7.33149e-05 6.65979e-05 6.03268e-05 5.4498e-05 4.91029e-05 4.4129e-05 3.95607e-05 3.53801e-05 3.15673e-05 2.81015e-05 2.49609e-05 2.21236e-05 1.95677e-05 1.72719e-05 1.52151e-05 1.33772e-05 1.17392e-05 1.02827e-05 8.99071e-06 7.84725e-06 6.83746e-06 5.94761e-06 5.16509e-06 4.47834e-06 3.87681e-06 3.35092e-06 2.89202e-06 2.4923e-06 2.14474e-06 1.84304e-06 1.58159e-06 1.35539e-06 1.16e-06 9.91488e-07 8.46371e-07 7.21589e-07 6.14448e-07 5.22583e-07 4.43927e-07 3.76671e-07 3.19239e-07 2.70261e-07 2.28544e-07 1.93058e-07 1.62908e-07 1.37322e-07 1.15636e-07 9.72756e-08 8.17491e-08 6.86335e-08 5.75666e-08 4.82384e-08 4.0384e-08 3.37774e-08 2.82261e-08 2.35661e-08
