0.660958 0.00990736 0.00825061 0.00687091 0.00572193 0.00476509 0.00396825 0.00330466 0.00275204 0.00229184 0.00190859 0.00158942 0.00132363 0.00110229 0.000917961 0.000764456 0.00063662 0.000530162 0.000441506 0.000367676 0.000306192 0.000254989 0.000212349 0.000176839 0.000147267 0.000122641 0.000102132 8.50531e-05 7.08302e-05 5.89857e-05 4.91219e-05 4.09075e-05 3.40668e-05 2.837e-05 2.36258e-05 1.9675e-05 1.63849e-05 1.36449e-05 1.13632e-05 9.46299e-06 7.88055e-06 6.56273e-06 5.46528e-06 4.55136e-06 3.79026e-06 3.15644e-06 2.6286e-06 2.18904e-06 1.82298e-06 1.51813e-06 1.26426e-06 1.05285e-06 8.76787e-07 7.30167e-07 6.08066e-07 5.06383e-07 4.21703e-07 3.51184e-07 2.92458e-07 2.43552e-07 2.02824e-07 1.68907e-07 1.40662e-07 1.1714e-07 9.75511e-08 8.12382e-08 6.76532e-08 5.634e-08 4.69186e-08 3.90727e-08 3.25388e-08 2.70975e-08 2.25661e-08 1.87925e-08 1.565e-08 1.30329e-08 1.08535e-08 9.03854e-09 7.52708e-09 6.26837e-09 5.22015e-09 4.34721e-09 3.62025e-09 3.01486e-09 2.5107e-09 2.09085e-09 1.74121e-09 1.45004e-09 1.20756e-09 1.00563e-09 8.3746e-10 6.97417e-10 5.80792e-10 4.8367e-10 4.02788e-10 3.35432e-10 2.7934e-10 2.32628e-10 1.93727e-10 1.61331e-10 1.34353e-10
0.00990736 0.00262936 0.00229306 0.0019957 0.00173367 0.00150347 0.00130178 0.0011255 0.000971777 0.000837992 0.000721776 0.000620994 0.000533736 0.000458295 0.00039316 0.000336993 0.000288617 0.000246997 0.000211226 0.000180511 0.000154162 0.000131578 0.000112236 9.56832e-05 8.1528e-05 6.94314e-05 5.91006e-05 5.02834e-05 4.27623e-05 3.63506e-05 3.08874e-05 2.62349e-05 2.22747e-05 1.89053e-05 1.604e-05 1.36042e-05 1.15346e-05 9.77673e-06 8.28421e-06 7.01747e-06 5.94273e-06 5.0312e-06 4.25835e-06 3.60328e-06 3.04822e-06 2.57804e-06 2.17987e-06 1.84277e-06 1.55746e-06 1.31604e-06 1.11181e-06 9.39081e-07 7.93031e-07 6.69567e-07 5.65219e-07 4.77046e-07 4.02557e-07 3.3964e-07 2.86509e-07 2.4165e-07 2.03782e-07 1.71821e-07 1.44851e-07 1.22096e-07 1.02901e-07 8.67117e-08 7.30592e-08 6.15479e-08 5.18435e-08 4.36637e-08 3.67698e-08 3.09606e-08 2.6066e-08 2.19426e-08 1.84694e-08 1.55442e-08 1.30808e-08 1.10067e-08 9.2604e-09 7.79039e-09 6.55306e-09 5.5117e-09 4.63538e-09 3.89801e-09 3.27763e-09 2.75573e-09 2.31673e-09 1.94749e-09 1.63695e-09 1.37581e-09 1.15624e-09 9.71628e-10 8.16426e-10 6.85961e-10 5.76299e-10 4.84131e-10 4.06673e-10 3.41583e-10 2.86889e-10 2.40936e-10 2.02329e-10
0.00825061 0.00229306 0.00202314 0.00178045 0.00156325 0.00136966 0.00119772 0.0010455 0.000911133 0.000792827 0.000688909 0.000597825 0.000518148 0.000448574 0.000387923 0.000335133 0.000289251 0.000249426 0.000214901 0.000185005 0.000159147 0.000136803 0.000117516 0.000100881 8.65464e-05 7.42043e-05 6.35859e-05 5.44571e-05 4.66145e-05 3.98812e-05 3.4104e-05 2.91502e-05 2.49049e-05 2.12687e-05 1.81559e-05 1.54925e-05 1.32147e-05 1.12677e-05 9.60405e-06 8.18322e-06 6.97026e-06 5.93516e-06 5.0522e-06 4.29928e-06 3.65749e-06 3.11062e-06 2.64478e-06 2.2481e-06 1.91042e-06 1.62305e-06 1.37856e-06 1.17062e-06 9.93815e-07 8.43521e-07 7.15797e-07 6.07281e-07 5.15108e-07 4.36835e-07 3.70382e-07 3.13977e-07 2.6611e-07 2.25499e-07 1.91051e-07 1.61837e-07 1.37066e-07 1.16067e-07 9.82686e-08 8.31861e-08 7.04073e-08 5.95822e-08 5.04139e-08 4.26499e-08 3.60764e-08 3.05117e-08 2.58017e-08 2.18158e-08 1.84431e-08 1.55898e-08 1.31762e-08 1.11349e-08 9.40865e-09 7.94904e-09 6.71507e-09 5.67198e-09 4.79037e-09 4.04533e-09 3.41578e-09 2.88389e-09 2.43455e-09 2.05501e-09 1.73446e-09 1.46376e-09 1.23519e-09 1.0422e-09 8.79282e-10 7.41759e-10 6.25686e-10 5.27728e-10 4.45065e-10 3.75317e-10 3.16471e-10
0.00687091 0.0019957 0.00178045 0.00158347 0.00140432 0.00124228 0.00109638 0.000965572 0.000848713 0.000744658 0.000652276 0.000570474 0.000498215 0.000434526 0.000378505 0.000329318 0.000286206 0.00024848 0.000215514 0.000186749 0.00016168 0.00013986 0.000120888 0.000104411 9.01153e-05 7.77233e-05 6.69914e-05 5.77051e-05 4.96763e-05 4.27399e-05 3.67517e-05 3.15858e-05 2.71321e-05 2.3295e-05 1.99911e-05 1.71479e-05 1.47027e-05 1.26007e-05 1.07949e-05 9.24418e-06 7.9132e-06 6.77134e-06 5.79216e-06 4.95285e-06 4.23374e-06 3.61784e-06 3.09056e-06 2.63931e-06 2.25327e-06 1.92313e-06 1.6409e-06 1.3997e-06 1.19363e-06 1.01764e-06 8.6737e-07 7.39107e-07 6.29658e-07 5.3629e-07 4.56661e-07 3.88768e-07 3.30896e-07 2.81578e-07 2.3956e-07 2.0377e-07 1.73293e-07 1.47345e-07 1.25258e-07 1.06462e-07 9.04694e-08 7.68656e-08 6.52958e-08 5.54579e-08 4.70942e-08 3.99853e-08 3.39439e-08 2.88107e-08 2.44499e-08 2.0746e-08 1.76005e-08 1.49297e-08 1.26624e-08 1.07378e-08 9.10452e-09 7.71858e-09 6.54274e-09 5.54528e-09 4.69927e-09 3.98182e-09 3.37348e-09 2.85772e-09 2.42052e-09 2.04996e-09 1.73592e-09 1.46982e-09 1.24437e-09 1.05338e-09 8.91606e-10 7.54593e-10 6.38566e-10 5.40322e-10 4.57145e-10
0.00572193 0.00173367 0.00156325 0.00140432 0.00125734 0.00112235 0.000999136 0.000887244 0.0007861 0.000695039 0.00061335 0.000540303 0.000475174 0.000417256 0.000365873 0.000320389 0.000280208 0.000244776 0.000213587 0.000186177 0.000162122 0.000141043 0.000122595 0.000106469 9.23891e-05 8.01095e-05 6.94109e-05 6.00986e-05 5.20007e-05 4.49648e-05 3.88567e-05 3.35584e-05 2.8966e-05 2.49883e-05 2.15454e-05 1.85674e-05 1.59931e-05 1.37691e-05 1.1849e-05 1.01921e-05 8.76316e-06 7.53141e-06 6.47018e-06 5.55632e-06 4.76972e-06 4.09298e-06 3.511e-06 3.01073e-06 2.58088e-06 2.21167e-06 1.89467e-06 1.62261e-06 1.38919e-06 1.189e-06 1.01737e-06 8.70265e-07 7.44231e-07 6.3628e-07 5.43846e-07 4.64722e-07 3.97012e-07 3.39085e-07 2.89541e-07 2.47179e-07 2.10967e-07 1.80021e-07 1.5358e-07 1.30996e-07 1.11709e-07 9.52424e-08 8.1187e-08 6.91923e-08 5.89585e-08 5.02288e-08 4.27838e-08 3.64358e-08 3.10241e-08 2.64116e-08 2.24811e-08 1.91323e-08 1.62796e-08 1.38501e-08 1.17812e-08 1.00199e-08 8.52051e-09 7.24444e-09 6.15856e-09 5.23469e-09 4.44877e-09 3.78031e-09 3.21185e-09 2.7285e-09 2.31758e-09 1.96828e-09 1.67141e-09 1.41914e-09 1.20479e-09 1.02269e-09 8.68004e-10 7.36628e-10 6.25062e-10
0.00476509 0.00150347 0.00136966 0.00124228 0.00112235 0.00101048 0.000906898 0.000811628 0.000724491 0.000645181 0.000573307 0.000508421 0.000450043 0.000397684 0.000350853 0.000309074 0.000271888 0.000238861 0.000209586 0.000183684 0.000160806 0.00014063 0.000122863 0.00010724 9.35199e-05 8.14852e-05 7.09414e-05 6.17138e-05 5.36464e-05 4.66004e-05 4.04521e-05 3.5092e-05 3.04228e-05 2.63589e-05 2.28245e-05 1.9753e-05 1.70854e-05 1.47704e-05 1.27626e-05 1.10223e-05 9.51481e-06 8.20974e-06 7.08053e-06 6.10401e-06 5.25997e-06 4.53081e-06 3.90119e-06 3.35779e-06 2.889e-06 2.48477e-06 2.13635e-06 1.83615e-06 1.57762e-06 1.35504e-06 1.1635e-06 9.98732e-07 8.57036e-07 7.35228e-07 6.30552e-07 5.40627e-07 4.63401e-07 3.971e-07 3.40196e-07 2.91372e-07 2.49493e-07 2.13581e-07 1.82795e-07 1.56409e-07 1.33802e-07 1.14436e-07 9.78522e-08 8.36534e-08 7.14998e-08 6.10993e-08 5.22011e-08 4.45898e-08 3.80809e-08 3.25159e-08 2.77589e-08 2.36934e-08 2.02197e-08 1.72522e-08 1.47176e-08 1.25533e-08 1.07054e-08 9.12798e-09 7.78173e-09 6.63297e-09 5.65289e-09 4.81688e-09 4.10388e-09 3.49589e-09 2.97753e-09 2.53566e-09 2.15905e-09 1.83812e-09 1.56468e-09 1.33173e-09 1.13331e-09 9.6432e-10 8.20423e-10
0.00396825 0.00130178 0.00119772 0.00109638 0.000999136 0.000906898 0.00082025 0.000739505 0.000664773 0.000596013 0.000533071 0.000475714 0.000423656 0.000376577 0.000334136 0.000295989 0.000261792 0.00023121 0.000203924 0.000179626 0.000158033 0.000138876 0.000121908 0.000106904 9.36544e-05 8.19705e-05 7.16804e-05 6.26288e-05 5.46758e-05 4.76955e-05 4.15754e-05 3.62147e-05 3.15235e-05 2.74219e-05 2.38387e-05 2.07111e-05 1.79832e-05 1.56057e-05 1.3535e-05 1.17329e-05 1.01655e-05 8.80305e-06 7.61955e-06 6.59208e-06 5.70057e-06 4.92747e-06 4.25739e-06 3.67691e-06 3.1743e-06 2.73931e-06 2.36303e-06 2.03769e-06 1.7565e-06 1.51358e-06 1.30381e-06 1.12273e-06 9.66488e-07 8.31724e-07 7.15528e-07 6.15379e-07 5.2909e-07 4.54768e-07 3.90776e-07 3.35695e-07 2.883e-07 2.47531e-07 2.12472e-07 1.82332e-07 1.56428e-07 1.34172e-07 1.15055e-07 9.86388e-08 8.45454e-08 7.24493e-08 6.20701e-08 5.31663e-08 4.553e-08 3.89824e-08 3.33696e-08 2.85592e-08 2.44374e-08 2.09064e-08 1.78822e-08 1.52926e-08 1.30756e-08 1.1178e-08 9.55404e-09 8.1646e-09 6.97603e-09 5.95947e-09 5.0902e-09 4.34701e-09 3.71173e-09 3.16878e-09 2.70483e-09 2.30846e-09 1.96987e-09 1.68069e-09 1.43375e-09 1.22292e-09 1.04294e-09
0.00330466 0.0011255 0.0010455 0.000965572 0.000887244 0.000811628 0.000739505 0.000671387 0.00060758 0.00054823 0.000493357 0.000442889 0.000396687 0.000354564 0.000316301 0.000281658 0.000250388 0.000222239 0.000196962 0.000174318 0.000154074 0.000136013 0.000119927 0.000105626 9.29323e-05 8.16814e-05 7.17235e-05 6.29219e-05 5.5152e-05 4.8301e-05 4.22671e-05 3.69584e-05 3.22925e-05 2.81956e-05 2.46016e-05 2.14516e-05 1.8693e-05 1.62791e-05 1.41686e-05 1.23246e-05 1.07147e-05 9.31007e-06 8.08539e-06 7.01828e-06 6.08904e-06 5.28033e-06 4.57693e-06 3.96546e-06 3.43419e-06 2.97285e-06 2.57242e-06 2.22505e-06 1.92383e-06 1.66276e-06 1.43659e-06 1.24074e-06 1.07121e-06 9.24528e-07 7.97665e-07 6.87986e-07 5.93198e-07 5.1131e-07 4.40593e-07 3.79542e-07 3.26856e-07 2.81404e-07 2.42204e-07 2.08408e-07 1.7928e-07 1.54182e-07 1.32564e-07 1.13948e-07 9.79224e-08 8.41302e-08 7.22634e-08 6.2056e-08 5.32782e-08 4.57318e-08 3.92456e-08 3.36721e-08 2.88839e-08 2.47715e-08 2.12402e-08 1.82087e-08 1.56067e-08 1.3374e-08 1.14584e-08 9.81541e-09 8.40643e-09 7.19839e-09 6.16284e-09 5.27534e-09 4.51485e-09 3.86334e-09 3.30529e-09 2.82737e-09 2.41816e-09 2.06785e-09 1.768e-09 1.5114e-09 1.29184e-09
0.00275204 0.000971777 0.000911133 0.000848713 0.0007861 0.000724491 0.000664773 0.00060758 0.000553346 0.00050234 0.000454707 0.000410494 0.000369672 0.000332157 0.000297825 0.000266521 0.000238074 0.000212302 0.000189019 0.000168037 0.000149173 0.000132251 0.0001171 0.000103562 9.1484e-05 8.07277e-05 7.11628e-05 6.26696e-05 5.51383e-05 4.84685e-05 4.25689e-05 3.73566e-05 3.27566e-05 2.87012e-05 2.51294e-05 2.19866e-05 1.92239e-05 1.67972e-05 1.46676e-05 1.28002e-05 1.11639e-05 9.73127e-06 8.47776e-06 7.38176e-06 6.42411e-06 5.58787e-06 4.85811e-06 4.22165e-06 3.66687e-06 3.18357e-06 2.76276e-06 2.39655e-06 2.07803e-06 1.80111e-06 1.56048e-06 1.35148e-06 1.17003e-06 1.01258e-06 8.75999e-07 7.5758e-07 6.54946e-07 5.66028e-07 4.89023e-07 4.22361e-07 3.64672e-07 3.14767e-07 2.71611e-07 2.34303e-07 2.02063e-07 1.7421e-07 1.50155e-07 1.29387e-07 1.11462e-07 9.59955e-08 8.26543e-08 7.11495e-08 6.12312e-08 5.26829e-08 4.53174e-08 3.89726e-08 3.35086e-08 2.88042e-08 2.47549e-08 2.12702e-08 1.82722e-08 1.56936e-08 1.3476e-08 1.15695e-08 9.93078e-09 8.5225e-09 7.31252e-09 6.27315e-09 5.38051e-09 4.61405e-09 3.95606e-09 3.3913e-09 2.90666e-09 2.49085e-09 2.13416e-09 1.82825e-09 1.56593e-09
0.00229184 0.000837992 0.000792827 0.000744658 0.000695039 0.000645181 0.000596013 0.00054823 0.00050234 0.000458693 0.000417519 0.000378948 0.000343033 0.000309766 0.000279097 0.000250939 0.000225183 0.000201704 0.000180365 0.000161026 0.000143544 0.000127778 0.000113591 0.00010085 8.94303e-05 7.92126e-05 7.00855e-05 6.19454e-05 5.46961e-05 4.82491e-05 4.25232e-05 3.7444e-05 3.29438e-05 2.8961e-05 2.544e-05 2.23304e-05 1.95867e-05 1.71683e-05 1.50383e-05 1.31641e-05 1.15162e-05 1.00685e-05 8.79766e-06 7.68284e-06 6.70559e-06 5.84952e-06 5.10009e-06 4.44444e-06 3.87118e-06 3.37026e-06 2.9328e-06 2.55097e-06 2.21788e-06 1.92745e-06 1.67436e-06 1.45392e-06 1.26199e-06 1.09498e-06 9.49715e-07 8.23416e-07 7.13656e-07 6.1831e-07 5.35518e-07 4.63656e-07 4.01305e-07 3.47228e-07 3.00343e-07 2.59708e-07 2.24504e-07 1.94014e-07 1.67616e-07 1.44769e-07 1.25002e-07 1.07904e-07 9.31194e-08 8.03397e-08 6.9296e-08 5.97552e-08 5.15153e-08 4.44007e-08 3.82596e-08 3.29601e-08 2.8388e-08 2.44446e-08 2.10443e-08 1.8113e-08 1.55866e-08 1.34098e-08 1.15345e-08 9.9195e-09 8.52886e-09 7.33172e-09 6.30137e-09 5.41478e-09 4.65204e-09 3.996e-09 3.43184e-09 2.94679e-09 2.52985e-09 2.17151e-09 1.86361e-09
0.00190859 0.000721776 0.000688909 0.000652276 0.00061335 0.000573307 0.000533071 0.000493357 0.000454707 0.000417519 0.000382076 0.000348563 0.000317093 0.000287714 0.000260431 0.000235211 0.000211994 0.000190699 0.000171233 0.000153494 0.000137372 0.000122758 0.000109543 9.76191e-05 8.68816e-05 7.72312e-05 6.85732e-05 6.08187e-05 5.38843e-05 4.76924e-05 4.21714e-05 3.7255e-05 3.28826e-05 2.89987e-05 2.55525e-05 2.24981e-05 1.97938e-05 1.74018e-05 1.52881e-05 1.34219e-05 1.17757e-05 1.03249e-05 9.04717e-06 7.92284e-06 6.93421e-06 6.06553e-06 5.30277e-06 4.63347e-06 4.04656e-06 3.53222e-06 3.08175e-06 2.68746e-06 2.34253e-06 2.04095e-06 1.77742e-06 1.54725e-06 1.34633e-06 1.17102e-06 1.01814e-06 8.84872e-07 7.68756e-07 6.67631e-07 5.79598e-07 5.02995e-07 4.36365e-07 3.78434e-07 3.28084e-07 2.84341e-07 2.46352e-07 2.13372e-07 1.84751e-07 1.59921e-07 1.38388e-07 1.19719e-07 1.0354e-07 8.95227e-08 7.7382e-08 6.68699e-08 5.77707e-08 4.98968e-08 4.30853e-08 3.71943e-08 3.2101e-08 2.76986e-08 2.38943e-08 2.06077e-08 1.77691e-08 1.53181e-08 1.32023e-08 1.13763e-08 9.80069e-09 8.44156e-09 7.26941e-09 6.25874e-09 5.38751e-09 4.63664e-09 3.98965e-09 3.43228e-09 2.95222e-09 2.53883e-09 2.18293e-09
0.00158942 0.000620994 0.000597825 0.000570474 0.000540303 0.000508421 0.000475714 0.000442889 0.000410494 0.000378948 0.000348563 0.000319562 0.000292094 0.00026625 0.000242076 0.000219578 0.000198734 0.000179502 0.000161821 0.00014562 0.000130821 0.000117339 0.000105088 9.39827e-05 8.39377e-05 7.48705e-05 6.67014e-05 5.93546e-05 5.27586e-05 4.68459e-05 4.15537e-05 3.68235e-05 3.26014e-05 2.88376e-05 2.54864e-05 2.25059e-05 1.98582e-05 1.75085e-05 1.54253e-05 1.35803e-05 1.19476e-05 1.05043e-05 9.22924e-06 8.1039e-06 7.11144e-06 6.23684e-06 5.46666e-06 4.78893e-06 4.19295e-06 3.66921e-06 3.20925e-06 2.80555e-06 2.45145e-06 2.14103e-06 1.86905e-06 1.6309e-06 1.42247e-06 1.24015e-06 1.08074e-06 9.41444e-07 8.19776e-07 7.13554e-07 6.2086e-07 5.40008e-07 4.69514e-07 4.08078e-07 3.54558e-07 3.07952e-07 2.67383e-07 2.32083e-07 2.01379e-07 1.74682e-07 1.51478e-07 1.31317e-07 1.13805e-07 9.86005e-08 8.54028e-08 7.39509e-08 6.40171e-08 5.54027e-08 4.79349e-08 4.14629e-08 3.58555e-08 3.09988e-08 2.67932e-08 2.31526e-08 2.0002e-08 1.7276e-08 1.49181e-08 1.2879e-08 1.11162e-08 9.59261e-09 8.27602e-09 7.13861e-09 6.15623e-09 5.30794e-09 4.57561e-09 3.94353e-09 3.39809e-09 2.92752e-09 2.52163e-09
0.00132363 0.000533736 0.000518148 0.000498215 0.000475174 0.000450043 0.000423656 0.000396687 0.000369672 0.000343033 0.000317093 0.000292094 0.000268211 0.000245563 0.000224224 0.00020423 0.00018559 0.000168288 0.000152293 0.000137558 0.000124029 0.000111644 0.000100337 9.00416e-05 8.06881e-05 7.22092e-05 6.45389e-05 5.76131e-05 5.13709e-05 4.57543e-05 4.07084e-05 3.61823e-05 3.2128e-05 2.85013e-05 2.52612e-05 2.23701e-05 1.97933e-05 1.74993e-05 1.54591e-05 1.36466e-05 1.20379e-05 1.06113e-05 9.3475e-06 8.22879e-06 7.23936e-06 6.36497e-06 5.59284e-06 4.91152e-06 4.31076e-06 3.7814e-06 3.31528e-06 2.90511e-06 2.54439e-06 2.22737e-06 1.94891e-06 1.70447e-06 1.49e-06 1.30194e-06 1.13712e-06 9.92745e-07 8.66342e-07 7.55727e-07 6.58974e-07 5.74386e-07 5.00466e-07 4.35898e-07 3.79522e-07 3.3032e-07 2.87397e-07 2.49967e-07 2.17338e-07 1.88907e-07 1.64143e-07 1.4258e-07 1.23812e-07 1.07481e-07 9.32771e-08 8.09265e-08 7.01911e-08 6.08627e-08 5.27595e-08 4.57228e-08 3.9614e-08 3.43124e-08 2.97126e-08 2.5723e-08 2.22635e-08 1.92646e-08 1.66656e-08 1.44139e-08 1.24634e-08 1.07745e-08 9.31225e-09 8.0467e-09 6.95161e-09 6.00426e-09 5.18491e-09 4.47644e-09 3.86397e-09 3.33462e-09 2.87722e-09
0.00110229 0.000458295 0.000448574 0.000434526 0.000417256 0.000397684 0.000376577 0.000354564 0.000332157 0.000309766 0.000287714 0.00026625 0.000245563 0.000225788 0.00020702 0.000189316 0.000172707 0.0001572 0.000142784 0.000129434 0.000117115 0.000105783 9.53902e-05 8.58846e-05 7.72121e-05 6.9318e-05 6.21481e-05 5.5649e-05 4.97693e-05 4.44592e-05 3.96718e-05 3.53623e-05 3.14889e-05 2.80124e-05 2.48963e-05 2.21069e-05 1.96129e-05 1.73857e-05 1.5399e-05 1.36286e-05 1.20527e-05 1.06512e-05 9.40608e-06 8.3008e-06 7.32055e-06 6.4519e-06 5.68279e-06 5.00232e-06 4.40075e-06 3.86931e-06 3.40015e-06 2.98626e-06 2.62138e-06 2.29989e-06 2.01683e-06 1.76774e-06 1.54868e-06 1.35614e-06 1.187e-06 1.03849e-06 9.08176e-07 7.93877e-07 6.93678e-07 6.0588e-07 5.28987e-07 4.61674e-07 4.02775e-07 3.5126e-07 3.06223e-07 2.66866e-07 2.32487e-07 2.02467e-07 1.76265e-07 1.53404e-07 1.33465e-07 1.16081e-07 1.0093e-07 8.77298e-08 7.62335e-08 6.62243e-08 5.75127e-08 4.9933e-08 4.33403e-08 3.76077e-08 3.26247e-08 2.82944e-08 2.45326e-08 2.12655e-08 1.84288e-08 1.59666e-08 1.38301e-08 1.19765e-08 1.0369e-08 8.9751e-09 7.76684e-09 6.71973e-09 5.81251e-09 5.02667e-09 4.34615e-09 3.75696e-09 3.24697e-09
0.000917961 0.00039316 0.000387923 0.000378505 0.000365873 0.000350853 0.000334136 0.000316301 0.000297825 0.000279097 0.000260431 0.000242076 0.000224224 0.00020702 0.000190571 0.000174949 0.000160202 0.000146352 0.000133405 0.000121353 0.000110176 9.9847e-05 9.03307e-05 8.15887e-05 7.35794e-05 6.62595e-05 5.9585e-05 5.3512e-05 4.79973e-05 4.29992e-05 3.84772e-05 3.43927e-05 3.07093e-05 2.73926e-05 2.44102e-05 2.17321e-05 1.93304e-05 1.71791e-05 1.52544e-05 1.35344e-05 1.19988e-05 1.06295e-05 9.40948e-06 8.32359e-06 7.35795e-06 6.49999e-06 5.73835e-06 5.06278e-06 4.46401e-06 3.93372e-06 3.46442e-06 3.0494e-06 2.68263e-06 2.35872e-06 2.07284e-06 1.82069e-06 1.59842e-06 1.40261e-06 1.23021e-06 1.07851e-06 9.45088e-07 8.27811e-07 7.24777e-07 6.34302e-07 5.54894e-07 4.85233e-07 4.24151e-07 3.70616e-07 3.23717e-07 2.82648e-07 2.46701e-07 2.15249e-07 1.87743e-07 1.63695e-07 1.42681e-07 1.24323e-07 1.08293e-07 9.42997e-08 8.20894e-08 7.14385e-08 6.21509e-08 5.4055e-08 4.70002e-08 4.08546e-08 3.55026e-08 3.08434e-08 2.67884e-08 2.32604e-08 2.01918e-08 1.75235e-08 1.5204e-08 1.31882e-08 1.14369e-08 9.91581e-09 8.59497e-09 7.44834e-09 6.4532e-09 5.58975e-09 4.84076e-09 4.1912e-09 3.62803e-09
0.000764456 0.000336993 0.000335133 0.000329318 0.000320389 0.000309074 0.000295989 0.000281658 0.000266521 0.000250939 0.000235211 0.000219578 0.00020423 0.000189316 0.000174949 0.000161212 0.000148161 0.000135833 0.000124245 0.000113402 0.000103296 9.39137e-05 8.52308e-05 7.72201e-05 6.98506e-05 6.30885e-05 5.6899e-05 5.12463e-05 4.60947e-05 4.14093e-05 3.71556e-05 3.33007e-05 2.9813e-05 2.66625e-05 2.38208e-05 2.12613e-05 1.8959e-05 1.68907e-05 1.5035e-05 1.33719e-05 1.18831e-05 1.05517e-05 9.36242e-06 8.30106e-06 7.35476e-06 6.51183e-06 5.76165e-06 5.09457e-06 4.50187e-06 3.97568e-06 3.50889e-06 3.09511e-06 2.72858e-06 2.40412e-06 2.11711e-06 1.86339e-06 1.63923e-06 1.44133e-06 1.2667e-06 1.1127e-06 9.76967e-07 8.57405e-07 7.52142e-07 6.59516e-07 5.78053e-07 5.06441e-07 4.43522e-07 3.88265e-07 3.39761e-07 2.97203e-07 2.59878e-07 2.27159e-07 1.98487e-07 1.73373e-07 1.51385e-07 1.32141e-07 1.15305e-07 1.00581e-07 8.77091e-08 7.64606e-08 6.66342e-08 5.8053e-08 5.05618e-08 4.40245e-08 3.83213e-08 3.33476e-08 2.90113e-08 2.52319e-08 2.19391e-08 1.90708e-08 1.65733e-08 1.43991e-08 1.2507e-08 1.08609e-08 9.42907e-09 8.18405e-09 7.10173e-09 6.16111e-09 5.34384e-09 4.63393e-09 4.01743e-09
0.00063662 0.000288617 0.000289251 0.000286206 0.000280208 0.000271888 0.000261792 0.000250388 0.000238074 0.000225183 0.000211994 0.000198734 0.00018559 0.000172707 0.000160202 0.000148161 0.00013665 0.000125711 0.000115372 0.000105648 9.65417e-05 8.80469e-05 8.01508e-05 7.28353e-05 6.60778e-05 5.98531e-05 5.41338e-05 4.88914e-05 4.40968e-05 3.9721e-05 3.57351e-05 3.21111e-05 2.88219e-05 2.58414e-05 2.31449e-05 2.07088e-05 1.85112e-05 1.65314e-05 1.475e-05 1.31491e-05 1.17121e-05 1.04237e-05 9.26975e-06 8.23726e-06 7.31437e-06 6.49024e-06 5.75497e-06 5.09956e-06 4.51584e-06 3.9964e-06 3.53452e-06 3.12414e-06 2.75979e-06 2.43655e-06 2.14997e-06 1.89607e-06 1.67127e-06 1.47237e-06 1.29649e-06 1.14105e-06 1.00378e-06 8.826e-07 7.75697e-07 6.81438e-07 5.98371e-07 5.25205e-07 4.60792e-07 4.04113e-07 3.54264e-07 3.10442e-07 2.71936e-07 2.38116e-07 2.08425e-07 1.8237e-07 1.59515e-07 1.39476e-07 1.21912e-07 1.06525e-07 9.30484e-08 8.12507e-08 7.09262e-08 6.18943e-08 5.39959e-08 4.70912e-08 4.10572e-08 3.5786e-08 3.11825e-08 2.71636e-08 2.36561e-08 2.05958e-08 1.79266e-08 1.55992e-08 1.35705e-08 1.18025e-08 1.02623e-08 8.92086e-09 7.75287e-09 6.73617e-09 5.85141e-09 5.08167e-09 4.41216e-09
0.000530162 0.000246997 0.000249426 0.00024848 0.000244776 0.000238861 0.00023121 0.000222239 0.000212302 0.000201704 0.000190699 0.000179502 0.000168288 0.0001572 0.000146352 0.000135833 0.000125711 0.000116035 0.00010684 9.81464e-05 8.99654e-05 8.22986e-05 7.51409e-05 6.84816e-05 6.23055e-05 5.65942e-05 5.13272e-05 4.64819e-05 4.2035e-05 3.79628e-05 3.42412e-05 3.08467e-05 2.77561e-05 2.4947e-05 2.2398e-05 2.00885e-05 1.79992e-05 1.61116e-05 1.44085e-05 1.28739e-05 1.14927e-05 1.02512e-05 9.13632e-06 8.13631e-06 7.24025e-06 6.43812e-06 5.72076e-06 5.07979e-06 4.50761e-06 3.99725e-06 3.54241e-06 3.13738e-06 2.77699e-06 2.45655e-06 2.17184e-06 1.91905e-06 1.69477e-06 1.4959e-06 1.31969e-06 1.16364e-06 1.02554e-06 9.03396e-07 7.95422e-07 7.0003e-07 6.158e-07 5.41466e-07 4.75899e-07 4.18096e-07 3.67161e-07 3.223e-07 2.82809e-07 2.4806e-07 2.17497e-07 1.90629e-07 1.67018e-07 1.46279e-07 1.2807e-07 1.12089e-07 9.80686e-08 8.57732e-08 7.49948e-08 6.55496e-08 5.72759e-08 5.00309e-08 4.36889e-08 3.81394e-08 3.32849e-08 2.90399e-08 2.5329e-08 2.20861e-08 1.9253e-08 1.67788e-08 1.46186e-08 1.27332e-08 1.1088e-08 9.65293e-09 8.40146e-09 7.31043e-09 6.35952e-09 5.53096e-09 4.8092e-09
0.000441506 0.000211226 0.000214901 0.000215514 0.000213587 0.000209586 0.000203924 0.000196962 0.000189019 0.000180365 0.000171233 0.000161821 0.000152293 0.000142784 0.000133405 0.000124245 0.000115372 0.00010684 9.8686e-05 9.09371e-05 8.36094e-05 7.67106e-05 7.02417e-05 6.41981e-05 5.85707e-05 5.3347e-05 4.85117e-05 4.40478e-05 3.99369e-05 3.61597e-05 3.26965e-05 2.95277e-05 2.66338e-05 2.39957e-05 2.15947e-05 1.94132e-05 1.7434e-05 1.56411e-05 1.40191e-05 1.25536e-05 1.12314e-05 1.00397e-05 8.96692e-06 8.00232e-06 7.13589e-06 6.35844e-06 5.66151e-06 5.03737e-06 4.47891e-06 3.97969e-06 3.53378e-06 3.13583e-06 2.78097e-06 2.46477e-06 2.18324e-06 1.93275e-06 1.71005e-06 1.51217e-06 1.33648e-06 1.18059e-06 1.04235e-06 9.19846e-07 8.11342e-07 7.15297e-07 6.30329e-07 5.55202e-07 4.88811e-07 4.30173e-07 3.78407e-07 3.32732e-07 2.92451e-07 2.56943e-07 2.25658e-07 1.98105e-07 1.73851e-07 1.5251e-07 1.3374e-07 1.17238e-07 1.02737e-07 8.99978e-08 7.88118e-08 6.89933e-08 6.03783e-08 5.2822e-08 4.61969e-08 4.03902e-08 3.53026e-08 3.08466e-08 2.69451e-08 2.35303e-08 2.05423e-08 1.79288e-08 1.56434e-08 1.36456e-08 1.18998e-08 1.03746e-08 9.04253e-09 7.87948e-09 6.86428e-09 5.9784e-09 5.20557e-09
0.000367676 0.000180511 0.000185005 0.000186749 0.000186177 0.000183684 0.000179626 0.000174318 0.000168037 0.000161026 0.000153494 0.00014562 0.000137558 0.000129434 0.000121353 0.000113402 0.000105648 9.81464e-05 9.09371e-05 8.405e-05 7.75054e-05 7.13154e-05 6.54859e-05 6.0017e-05 5.49045e-05 5.01408e-05 4.57151e-05 4.1615e-05 3.78263e-05 3.43336e-05 3.11211e-05 2.81726e-05 2.54716e-05 2.30021e-05 2.07482e-05 1.86945e-05 1.68262e-05 1.51291e-05 1.35898e-05 1.21955e-05 1.09342e-05 9.79459e-06 8.76624e-06 7.83933e-06 7.00477e-06 6.25417e-06 5.57977e-06 4.97443e-06 4.43159e-06 3.94525e-06 3.50991e-06 3.12056e-06 2.77263e-06 2.46196e-06 2.18477e-06 1.93764e-06 1.71748e-06 1.52148e-06 1.34711e-06 1.19208e-06 1.05435e-06 9.32048e-07 8.23525e-07 7.27282e-07 6.41981e-07 5.66419e-07 4.99524e-07 4.40331e-07 3.87983e-07 3.41712e-07 3.00833e-07 2.64735e-07 2.32874e-07 2.04767e-07 1.79982e-07 1.58137e-07 1.38892e-07 1.21944e-07 1.07025e-07 9.38987e-08 8.23535e-08 7.22032e-08 6.32827e-08 5.5446e-08 4.85641e-08 4.25228e-08 3.72214e-08 3.25709e-08 2.84928e-08 2.49178e-08 2.17851e-08 1.90407e-08 1.66373e-08 1.45332e-08 1.26917e-08 1.10805e-08 9.67132e-09 8.4391e-09 7.36198e-09 6.42069e-09 5.59834e-09
0.000306192 0.000154162 0.000159147 0.00016168 0.000162122 0.000160806 0.000158033 0.000154074 0.000149173 0.000143544 0.000137372 0.000130821 0.000124029 0.000117115 0.000110176 0.000103296 9.65417e-05 8.99654e-05 8.36094e-05 7.75054e-05 7.16763e-05 6.61377e-05 6.08988e-05 5.59636e-05 5.13319e-05 4.69998e-05 4.29606e-05 3.92054e-05 3.57237e-05 3.25037e-05 2.95326e-05 2.67973e-05 2.42841e-05 2.19797e-05 1.98705e-05 1.79433e-05 1.61854e-05 1.45843e-05 1.31283e-05 1.18061e-05 1.06071e-05 9.52109e-06 8.53876e-06 7.65123e-06 6.85028e-06 6.12825e-06 5.47806e-06 4.89315e-06 4.36748e-06 3.89551e-06 3.47214e-06 3.09269e-06 2.7529e-06 2.44888e-06 2.17708e-06 1.93427e-06 1.71752e-06 1.52419e-06 1.35185e-06 1.19835e-06 1.0617e-06 9.40141e-07 8.32075e-07 7.36061e-07 6.50808e-07 5.75153e-07 5.08055e-07 4.48579e-07 3.95887e-07 3.49231e-07 3.07941e-07 2.71417e-07 2.39127e-07 2.10592e-07 1.85389e-07 1.63138e-07 1.43503e-07 1.26183e-07 1.10913e-07 9.74554e-08 8.56002e-08 7.51607e-08 6.59718e-08 5.78867e-08 5.07755e-08 4.45234e-08 3.90286e-08 3.42012e-08 2.99615e-08 2.62393e-08 2.29727e-08 2.01068e-08 1.75932e-08 1.53895e-08 1.3458e-08 1.17657e-08 1.02833e-08 8.9853e-09 7.84903e-09 6.85466e-09 5.98471e-09
0.000254989 0.000131578 0.000136803 0.00013986 0.000141043 0.00014063 0.000138876 0.000136013 0.000132251 0.000127778 0.000122758 0.000117339 0.000111644 0.000105783 9.9847e-05 9.39137e-05 8.80469e-05 8.22986e-05 7.67106e-05 7.13154e-05 6.61377e-05 6.11951e-05 5.64995e-05 5.20578e-05 4.78728e-05 4.39438e-05 4.02673e-05 3.68374e-05 3.36467e-05 3.06863e-05 2.79462e-05 2.54159e-05 2.30843e-05 2.09402e-05 1.89723e-05 1.71693e-05 1.55202e-05 1.40144e-05 1.26416e-05 1.13918e-05 1.02556e-05 9.22404e-06 8.28876e-06 7.44178e-06 6.67568e-06 5.98351e-06 5.35883e-06 4.79565e-06 4.28842e-06 3.83204e-06 3.4218e-06 3.05336e-06 2.72276e-06 2.42636e-06 2.16085e-06 1.9232e-06 1.71065e-06 1.52069e-06 1.35104e-06 1.19964e-06 1.06462e-06 9.44295e-07 8.37126e-07 7.41738e-07 6.5689e-07 5.81462e-07 5.14448e-07 4.54943e-07 4.02135e-07 3.55297e-07 3.13776e-07 2.76987e-07 2.44407e-07 2.1557e-07 1.90057e-07 1.67497e-07 1.47557e-07 1.2994e-07 1.14383e-07 1.00652e-07 8.85363e-08 7.78512e-08 6.84315e-08 6.01307e-08 5.28188e-08 4.63805e-08 4.07136e-08 3.57275e-08 3.13421e-08 2.74863e-08 2.40975e-08 2.112e-08 1.85049e-08 1.62089e-08 1.41936e-08 1.24254e-08 1.08743e-08 9.5143e-09 8.32208e-09 7.27731e-09 6.36201e-09
0.000212349 0.000112236 0.000117516 0.000120888 0.000122595 0.000122863 0.000121908 0.000119927 0.0001171 0.000113591 0.000109543 0.000105088 0.000100337 9.53902e-05 9.03307e-05 8.52308e-05 8.01508e-05 7.51409e-05 7.02417e-05 6.54859e-05 6.08988e-05 5.64995e-05 5.23017e-05 4.83144e-05 4.45427e-05 4.09885e-05 3.76507e-05 3.45261e-05 3.16098e-05 2.88953e-05 2.6375e-05 2.40407e-05 2.18835e-05 1.98941e-05 1.80631e-05 1.63811e-05 1.48387e-05 1.34266e-05 1.2136e-05 1.09581e-05 9.88476e-06 8.90798e-06 8.02027e-06 7.21454e-06 6.4841e-06 5.82271e-06 5.2245e-06 4.68402e-06 4.19623e-06 3.75641e-06 3.36025e-06 3.00373e-06 2.6832e-06 2.39525e-06 2.13682e-06 1.90505e-06 1.69736e-06 1.5114e-06 1.34502e-06 1.19627e-06 1.06336e-06 9.44707e-07 8.38838e-07 7.44442e-07 6.60329e-07 5.85425e-07 5.18762e-07 4.59469e-07 4.06761e-07 3.59933e-07 3.18352e-07 2.81449e-07 2.48717e-07 2.19697e-07 1.93982e-07 1.71207e-07 1.51044e-07 1.33204e-07 1.17425e-07 1.03476e-07 9.11503e-08 8.0263e-08 7.06505e-08 6.21673e-08 5.46835e-08 4.80842e-08 4.22671e-08 3.71414e-08 3.26266e-08 2.86514e-08 2.51527e-08 2.20743e-08 1.93667e-08 1.69862e-08 1.48938e-08 1.30554e-08 1.14406e-08 1.00226e-08 8.77802e-09 7.68584e-09 6.72772e-09
0.000176839 9.56832e-05 0.000100881 0.000104411 0.000106469 0.00010724 0.000106904 0.000105626 0.000103562 0.00010085 9.76191e-05 9.39827e-05 9.00416e-05 8.58846e-05 8.15887e-05 7.72201e-05 7.28353e-05 6.84816e-05 6.41981e-05 6.0017e-05 5.59636e-05 5.20578e-05 4.83144e-05 4.47439e-05 4.13531e-05 3.81458e-05 3.51231e-05 3.22838e-05 2.96249e-05 2.71422e-05 2.483e-05 2.26821e-05 2.06914e-05 1.88505e-05 1.71515e-05 1.55866e-05 1.41478e-05 1.28273e-05 1.16174e-05 1.05105e-05 9.49939e-06 8.57713e-06 7.73705e-06 6.97283e-06 6.2785e-06 5.64843e-06 5.07734e-06 4.56028e-06 4.09264e-06 3.67014e-06 3.28881e-06 2.94496e-06 2.6352e-06 2.3564e-06 2.10569e-06 1.88043e-06 1.6782e-06 1.49679e-06 1.33419e-06 1.18854e-06 1.05819e-06 9.41597e-07 8.37393e-07 7.44321e-07 6.61245e-07 5.87139e-07 5.21076e-07 4.62218e-07 4.0981e-07 3.63173e-07 3.21695e-07 2.84824e-07 2.52067e-07 2.2298e-07 1.97165e-07 1.74266e-07 1.53963e-07 1.3597e-07 1.20033e-07 1.05922e-07 9.34345e-08 8.23881e-08 7.26208e-08 6.39883e-08 5.63618e-08 4.96269e-08 4.36817e-08 3.84357e-08 3.38084e-08 2.97285e-08 2.61325e-08 2.29641e-08 2.01736e-08 1.77167e-08 1.55544e-08 1.36518e-08 1.19785e-08 1.05072e-08 9.21398e-09 8.07767e-09 7.07953e-09
0.000147267 8.1528e-05 8.65464e-05 9.01153e-05 9.23891e-05 9.35199e-05 9.36544e-05 9.29323e-05 9.1484e-05 8.94303e-05 8.68816e-05 8.39377e-05 8.06881e-05 7.72121e-05 7.35794e-05 6.98506e-05 6.60778e-05 6.23055e-05 5.85707e-05 5.49045e-05 5.13319e-05 4.78728e-05 4.45427e-05 4.13531e-05 3.83121e-05 3.54249e-05 3.2694e-05 3.012e-05 2.77017e-05 2.54365e-05 2.33205e-05 2.13489e-05 1.95165e-05 1.78172e-05 1.62447e-05 1.47925e-05 1.34539e-05 1.22222e-05 1.1091e-05 1.00536e-05 9.10374e-06 8.23535e-06 7.44257e-06 6.71977e-06 6.06165e-06 5.46315e-06 4.91953e-06 4.42633e-06 3.97936e-06 3.57472e-06 3.20878e-06 2.87816e-06 2.57975e-06 2.31066e-06 2.06822e-06 1.84998e-06 1.6537e-06 1.47731e-06 1.31892e-06 1.17679e-06 1.04937e-06 9.35203e-07 8.32989e-07 7.41538e-07 6.59773e-07 5.86715e-07 5.21478e-07 4.63262e-07 4.11342e-07 3.65064e-07 3.2384e-07 2.87137e-07 2.54479e-07 2.25434e-07 1.99618e-07 1.76681e-07 1.56315e-07 1.38239e-07 1.22204e-07 1.07986e-07 9.53847e-08 8.42216e-08 7.4337e-08 6.55881e-08 5.78478e-08 5.10027e-08 4.49517e-08 3.96049e-08 3.48822e-08 3.07124e-08 2.70321e-08 2.37851e-08 2.09214e-08 1.83967e-08 1.61717e-08 1.42114e-08 1.2485e-08 1.09651e-08 9.6274e-09 8.45047e-09 7.41531e-09
0.000122641 6.94314e-05 7.42043e-05 7.77233e-05 8.01095e-05 8.14852e-05 8.19705e-05 8.16814e-05 8.07277e-05 7.92126e-05 7.72312e-05 7.48705e-05 7.22092e-05 6.9318e-05 6.62595e-05 6.30885e-05 5.98531e-05 5.65942e-05 5.3347e-05 5.01408e-05 4.69998e-05 4.39438e-05 4.09885e-05 3.81458e-05 3.54249e-05 3.28317e-05 3.03702e-05 2.80421e-05 2.58478e-05 2.37858e-05 2.18538e-05 2.00485e-05 1.83657e-05 1.68009e-05 1.5349e-05 1.40047e-05 1.27624e-05 1.16165e-05 1.05615e-05 9.59169e-06 8.7017e-06 7.88619e-06 7.14001e-06 6.45822e-06 5.8361e-06 5.26915e-06 4.75312e-06 4.28399e-06 3.85798e-06 3.47155e-06 3.1214e-06 2.80444e-06 2.51781e-06 2.25885e-06 2.02512e-06 1.81433e-06 1.62441e-06 1.45342e-06 1.29962e-06 1.16137e-06 1.0372e-06 9.2577e-07 8.25833e-07 7.36271e-07 6.56062e-07 5.84277e-07 5.20073e-07 4.62686e-07 4.11424e-07 3.65661e-07 3.24832e-07 2.88425e-07 2.55979e-07 2.2708e-07 2.01354e-07 1.78464e-07 1.58108e-07 1.40015e-07 1.23941e-07 1.09668e-07 9.70002e-08 8.57618e-08 7.57962e-08 6.69633e-08 5.91378e-08 5.22077e-08 4.60731e-08 4.06449e-08 3.58438e-08 3.15991e-08 2.78476e-08 2.45333e-08 2.16065e-08 1.90227e-08 1.67426e-08 1.47312e-08 1.29575e-08 1.13939e-08 1.0016e-08 8.80212e-09 7.73314e-09
0.000102132 5.91006e-05 6.35859e-05 6.69914e-05 6.94109e-05 7.09414e-05 7.16804e-05 7.17235e-05 7.11628e-05 7.00855e-05 6.85732e-05 6.67014e-05 6.45389e-05 6.21481e-05 5.9585e-05 5.6899e-05 5.41338e-05 5.13272e-05 4.85117e-05 4.57151e-05 4.29606e-05 4.02673e-05 3.76507e-05 3.51231e-05 3.2694e-05 3.03702e-05 2.81564e-05 2.60555e-05 2.40688e-05 2.2196e-05 2.0436e-05 1.87866e-05 1.72449e-05 1.58072e-05 1.44698e-05 1.32282e-05 1.2078e-05 1.10145e-05 1.0033e-05 9.12861e-06 8.29676e-06 7.53281e-06 6.83227e-06 6.1908e-06 5.60423e-06 5.06857e-06 4.58001e-06 4.13496e-06 3.73002e-06 3.36199e-06 3.02786e-06 2.72483e-06 2.45029e-06 2.20179e-06 1.97709e-06 1.77409e-06 1.59085e-06 1.4256e-06 1.27669e-06 1.14261e-06 1.02199e-06 9.13555e-07 8.16145e-07 7.28705e-07 6.50268e-07 5.79956e-07 5.1697e-07 4.60582e-07 4.10134e-07 3.65028e-07 3.24723e-07 2.88728e-07 2.56602e-07 2.27944e-07 2.02395e-07 1.7963e-07 1.59355e-07 1.41307e-07 1.25251e-07 1.10973e-07 9.82832e-08 8.70093e-08 7.69983e-08 6.81129e-08 6.023e-08 5.32395e-08 4.70431e-08 4.15529e-08 3.66904e-08 3.23856e-08 2.8576e-08 2.52061e-08 2.22261e-08 1.95921e-08 1.72646e-08 1.52088e-08 1.33936e-08 1.17914e-08 1.03777e-08 9.13081e-09 8.03134e-09
8.50531e-05 5.02834e-05 5.44571e-05 5.77051e-05 6.00986e-05 6.17138e-05 6.26288e-05 6.29219e-05 6.26696e-05 6.19454e-05 6.08187e-05 5.93546e-05 5.76131e-05 5.5649e-05 5.3512e-05 5.12463e-05 4.88914e-05 4.64819e-05 4.40478e-05 4.1615e-05 3.92054e-05 3.68374e-05 3.45261e-05 3.22838e-05 3.012e-05 2.80421e-05 2.60555e-05 2.41638e-05 2.23689e-05 2.06717e-05 1.90718e-05 1.75682e-05 1.61587e-05 1.48408e-05 1.36116e-05 1.24675e-05 1.1405e-05 1.04202e-05 9.50907e-06 8.66769e-06 7.89201e-06 7.17807e-06 6.52196e-06 5.91989e-06 5.3682e-06 4.86335e-06 4.40197e-06 3.98083e-06 3.5969e-06 3.24729e-06 2.92929e-06 2.64034e-06 2.37807e-06 2.14026e-06 1.92483e-06 1.72986e-06 1.55356e-06 1.39429e-06 1.25053e-06 1.12087e-06 1.00403e-06 8.98816e-07 8.04147e-07 7.19029e-07 6.42554e-07 5.73892e-07 5.12287e-07 4.5705e-07 4.07556e-07 3.63234e-07 3.23571e-07 2.88096e-07 2.56387e-07 2.2806e-07 2.02768e-07 1.80199e-07 1.60071e-07 1.42129e-07 1.26143e-07 1.11908e-07 9.92387e-08 8.79676e-08 7.79453e-08 6.90377e-08 6.11245e-08 5.40976e-08 4.78607e-08 4.23273e-08 3.74201e-08 3.307e-08 2.92154e-08 2.58011e-08 2.27782e-08 2.01027e-08 1.77356e-08 1.56422e-08 1.37915e-08 1.21559e-08 1.0711e-08 9.43497e-09 8.30844e-09
7.08302e-05 4.27623e-05 4.66145e-05 4.96763e-05 5.20007e-05 5.36464e-05 5.46758e-05 5.5152e-05 5.51383e-05 5.46961e-05 5.38843e-05 5.27586e-05 5.13709e-05 4.97693e-05 4.79973e-05 4.60947e-05 4.40968e-05 4.2035e-05 3.99369e-05 3.78263e-05 3.57237e-05 3.36467e-05 3.16098e-05 2.96249e-05 2.77017e-05 2.58478e-05 2.40688e-05 2.23689e-05 2.07507e-05 1.92158e-05 1.77647e-05 1.63967e-05 1.51109e-05 1.39054e-05 1.2778e-05 1.17261e-05 1.07467e-05 9.83671e-06 8.99288e-06 8.21184e-06 7.49017e-06 6.82448e-06 6.2114e-06 5.64763e-06 5.12995e-06 4.65527e-06 4.22059e-06 3.82305e-06 3.45993e-06 3.12864e-06 2.82673e-06 2.55191e-06 2.30201e-06 2.075e-06 1.86899e-06 1.68222e-06 1.51305e-06 1.35996e-06 1.22154e-06 1.09649e-06 9.83617e-07 8.81812e-07 7.90063e-07 7.07438e-07 6.33087e-07 5.66227e-07 5.06146e-07 4.52193e-07 4.03776e-07 3.60355e-07 3.21438e-07 2.86581e-07 2.55378e-07 2.27462e-07 2.02502e-07 1.80198e-07 1.60277e-07 1.42495e-07 1.2663e-07 1.12483e-07 9.98745e-08 8.86423e-08 7.86413e-08 6.97406e-08 6.1823e-08 5.4783e-08 4.85262e-08 4.29679e-08 3.80322e-08 3.36513e-08 2.97644e-08 2.63172e-08 2.32612e-08 2.05531e-08 1.81542e-08 1.603e-08 1.41497e-08 1.2486e-08 1.10144e-08 9.71328e-09 8.56322e-09
5.89857e-05 3.63506e-05 3.98812e-05 4.27399e-05 4.49648e-05 4.66004e-05 4.76955e-05 4.8301e-05 4.84685e-05 4.82491e-05 4.76924e-05 4.68459e-05 4.57543e-05 4.44592e-05 4.29992e-05 4.14093e-05 3.9721e-05 3.79628e-05 3.61597e-05 3.43336e-05 3.25037e-05 3.06863e-05 2.88953e-05 2.71422e-05 2.54365e-05 2.37858e-05 2.2196e-05 2.06717e-05 1.92158e-05 1.78306e-05 1.65169e-05 1.5275e-05 1.41043e-05 1.30039e-05 1.1972e-05 1.10068e-05 1.01059e-05 9.2669e-06 8.48705e-06 7.76358e-06 7.09361e-06 6.47426e-06 5.90264e-06 5.3759e-06 4.89124e-06 4.44593e-06 4.03735e-06 3.66295e-06 3.32031e-06 3.00712e-06 2.72118e-06 2.46042e-06 2.22288e-06 2.00671e-06 1.8102e-06 1.63173e-06 1.46981e-06 1.32303e-06 1.19009e-06 1.0698e-06 9.61046e-07 8.62799e-07 7.74115e-07 6.94126e-07 6.22033e-07 5.57105e-07 4.98672e-07 4.46119e-07 3.98888e-07 3.56468e-07 3.18393e-07 2.84239e-07 2.53622e-07 2.26192e-07 2.01632e-07 1.79653e-07 1.59996e-07 1.42425e-07 1.26727e-07 1.1271e-07 1.002e-07 8.90413e-08 7.90921e-08 7.0226e-08 6.23288e-08 5.52978e-08 4.90409e-08 4.34754e-08 3.85271e-08 3.41294e-08 3.02226e-08 2.67536e-08 2.36743e-08 2.09423e-08 1.85192e-08 1.63709e-08 1.44671e-08 1.27805e-08 1.12869e-08 9.96472e-09 8.79466e-09
4.91219e-05 3.08874e-05 3.4104e-05 3.67517e-05 3.88567e-05 4.04521e-05 4.15754e-05 4.22671e-05 4.25689e-05 4.25232e-05 4.21714e-05 4.15537e-05 4.07084e-05 3.96718e-05 3.84772e-05 3.71556e-05 3.57351e-05 3.42412e-05 3.26965e-05 3.11211e-05 2.95326e-05 2.79462e-05 2.6375e-05 2.483e-05 2.33205e-05 2.18538e-05 2.0436e-05 1.90718e-05 1.77647e-05 1.65169e-05 1.533e-05 1.42047e-05 1.31411e-05 1.21385e-05 1.1196e-05 1.03121e-05 9.48509e-06 8.71305e-06 7.9938e-06 7.32502e-06 6.70434e-06 6.12932e-06 5.59749e-06 5.1064e-06 4.65362e-06 4.23678e-06 3.85356e-06 3.50174e-06 3.17915e-06 2.88374e-06 2.61354e-06 2.36668e-06 2.14141e-06 1.93605e-06 1.74905e-06 1.57892e-06 1.4243e-06 1.28391e-06 1.15656e-06 1.04113e-06 9.36604e-07 8.42027e-07 7.56524e-07 6.79283e-07 6.09561e-07 5.46673e-07 4.8999e-07 4.38937e-07 3.92985e-07 3.51654e-07 3.14502e-07 2.8113e-07 2.5117e-07 2.24292e-07 2.00191e-07 1.78595e-07 1.59253e-07 1.4194e-07 1.26452e-07 1.12603e-07 1.00228e-07 8.91738e-08 7.93055e-08 7.05e-08 6.26466e-08 5.56457e-08 4.94077e-08 4.38519e-08 3.8906e-08 3.4505e-08 3.05906e-08 2.71103e-08 2.40174e-08 2.12698e-08 1.88301e-08 1.66645e-08 1.4743e-08 1.30387e-08 1.15277e-08 1.01885e-08 9.002e-09
4.09075e-05 2.62349e-05 2.91502e-05 3.15858e-05 3.35584e-05 3.5092e-05 3.62147e-05 3.69584e-05 3.73566e-05 3.7444e-05 3.7255e-05 3.68235e-05 3.61823e-05 3.53623e-05 3.43927e-05 3.33007e-05 3.21111e-05 3.08467e-05 2.95277e-05 2.81726e-05 2.67973e-05 2.54159e-05 2.40407e-05 2.26821e-05 2.13489e-05 2.00485e-05 1.87866e-05 1.75682e-05 1.63967e-05 1.5275e-05 1.42047e-05 1.31871e-05 1.22225e-05 1.13108e-05 1.04516e-05 9.6437e-06 8.88603e-06 8.17701e-06 7.51495e-06 6.89796e-06 6.3241e-06 5.7913e-06 5.29749e-06 4.84057e-06 4.41846e-06 4.02908e-06 3.67041e-06 3.3405e-06 3.03744e-06 2.7594e-06 2.50463e-06 2.27146e-06 2.05829e-06 1.86364e-06 1.68608e-06 1.52427e-06 1.37697e-06 1.24301e-06 1.12129e-06 1.01079e-06 9.10564e-07 8.19741e-07 7.37503e-07 6.63099e-07 5.95836e-07 5.35075e-07 4.80228e-07 4.30755e-07 3.86162e-07 3.45995e-07 3.09839e-07 2.77314e-07 2.48075e-07 2.21806e-07 1.9822e-07 1.77055e-07 1.58075e-07 1.41063e-07 1.25823e-07 1.12179e-07 9.99702e-08 8.9051e-08 7.92904e-08 7.05698e-08 6.27822e-08 5.58313e-08 4.963e-08 4.41001e-08 3.91711e-08 3.47798e-08 3.08691e-08 2.73881e-08 2.42907e-08 2.15359e-08 1.90868e-08 1.69104e-08 1.4977e-08 1.32601e-08 1.17362e-08 1.0384e-08 9.18468e-09
3.40668e-05 2.22747e-05 2.49049e-05 2.71321e-05 2.8966e-05 3.04228e-05 3.15235e-05 3.22925e-05 3.27566e-05 3.29438e-05 3.28826e-05 3.26014e-05 3.2128e-05 3.14889e-05 3.07093e-05 2.9813e-05 2.88219e-05 2.77561e-05 2.66338e-05 2.54716e-05 2.42841e-05 2.30843e-05 2.18835e-05 2.06914e-05 1.95165e-05 1.83657e-05 1.72449e-05 1.61587e-05 1.51109e-05 1.41043e-05 1.31411e-05 1.22225e-05 1.13494e-05 1.05219e-05 9.73999e-06 9.00303e-06 8.31015e-06 7.66024e-06 7.05197e-06 6.48386e-06 5.9543e-06 5.46158e-06 5.00398e-06 4.57969e-06 4.18694e-06 3.82394e-06 3.48894e-06 3.1802e-06 2.89607e-06 2.63493e-06 2.39521e-06 2.17542e-06 1.97415e-06 1.79004e-06 1.62181e-06 1.46826e-06 1.32824e-06 1.20069e-06 1.08461e-06 9.79068e-07 8.83192e-07 7.96173e-07 7.17259e-07 6.45755e-07 5.81018e-07 5.22451e-07 4.69508e-07 4.21683e-07 3.78514e-07 3.39574e-07 3.04473e-07 2.72853e-07 2.44389e-07 2.18781e-07 1.95757e-07 1.75069e-07 1.56491e-07 1.39818e-07 1.24862e-07 1.11455e-07 9.94425e-08 8.86852e-08 7.9057e-08 7.04439e-08 6.27427e-08 5.58602e-08 4.97125e-08 4.42236e-08 3.93252e-08 3.49558e-08 3.10601e-08 2.75881e-08 2.44952e-08 2.17411e-08 1.92897e-08 1.71087e-08 1.51691e-08 1.34447e-08 1.19123e-08 1.05511e-08 9.34233e-09
