0.0150245 0.011122 0.00823319 0.0060947 0.00451166 0.0033398 0.00247232 0.00183016 0.00135479 0.0010029 0.000742406 0.000549573 0.000406827 0.000301158 0.000222935 0.00016503 0.000122165 9.04337e-05 6.69444e-05 4.95563e-05 3.66845e-05 2.71561e-05 2.01025e-05 1.48811e-05 1.10159e-05 8.15461e-06 6.03653e-06 4.4686e-06 3.30792e-06 2.44872e-06 1.81269e-06 1.34186e-06 9.93327e-07 7.3532e-07 5.44328e-07 4.02944e-07 2.98283e-07 2.20807e-07 1.63455e-07 1.20999e-07 8.95705e-08 6.63055e-08 4.90833e-08 3.63344e-08 2.68969e-08 1.99107e-08 1.47391e-08 1.09107e-08 8.07678e-09 5.97892e-09 4.42595e-09 3.27635e-09 2.42535e-09 1.79539e-09 1.32906e-09 9.83846e-10 7.28302e-10 5.39132e-10 3.99098e-10 2.95436e-10 2.187e-10 1.61894e-10 1.19844e-10 8.87156e-11 6.56726e-11 4.86148e-11 3.59876e-11 2.66402e-11 1.97206e-11 1.45984e-11 1.08066e-11 7.99969e-12 5.92185e-12 4.38371e-12 3.24508e-12 2.4022e-12 1.77825e-12 1.31637e-12 9.74456e-13 7.2135e-13 5.33987e-13 3.95289e-13 2.92616e-13 2.16612e-13 1.60349e-13 1.187e-13 8.78689e-14 6.50458e-14 4.81508e-14 3.56441e-14 2.63859e-14 1.95324e-14 1.44591e-14 1.07035e-14 7.92334e-15 5.86533e-15 4.34187e-15 3.21411e-15 2.37928e-15 1.76128e-15 1.30381e-15
0.011122 0.00902108 0.00726119 0.00580692 0.00461824 0.00365529 0.002881 0.00226234 0.00177069 0.00138182 0.0010755 0.00083508 0.000646996 0.000500279 0.00038613 0.000297527 0.000228901 0.000175853 0.000134919 0.000103386 7.91312e-05 6.05014e-05 4.62108e-05 3.52622e-05 2.68835e-05 2.04785e-05 1.5587e-05 1.1855e-05 9.01012e-06 6.8433e-06 5.19423e-06 3.94014e-06 2.98709e-06 2.26332e-06 1.714e-06 1.29735e-06 9.81508e-07 7.42213e-07 5.6101e-07 4.23864e-07 3.20115e-07 2.41665e-07 1.82372e-07 1.37577e-07 1.03748e-07 7.82109e-08 5.89405e-08 4.44042e-08 3.34428e-08 2.51799e-08 1.89532e-08 1.42624e-08 1.07297e-08 8.06995e-09 6.06801e-09 4.5616e-09 3.42836e-09 2.57607e-09 1.93523e-09 1.4535e-09 1.09146e-09 8.19435e-10 6.15085e-10 4.61607e-10 3.46362e-10 2.59841e-10 1.949e-10 1.46163e-10 1.09596e-10 8.21636e-11 6.1588e-11 4.61578e-11 3.45883e-11 2.59149e-11 1.94136e-11 1.45413e-11 1.08903e-11 8.1549e-12 6.10578e-12 4.57096e-12 3.42153e-12 2.56082e-12 1.9164e-12 1.43398e-12 1.07288e-12 8.02617e-13 6.00369e-13 4.49037e-13 3.35815e-13 2.51116e-13 1.8776e-13 1.40375e-13 1.04938e-13 7.84397e-14 5.8627e-14 4.38147e-14 3.27419e-14 2.44652e-14 1.82791e-14 1.36561e-14 1.02014e-14
0.00823319 0.00726119 0.00627999 0.00534921 0.00450092 0.00374917 0.0030967 0.00253942 0.00206951 0.00167742 0.00135313 0.00108688 0.000869703 0.000693527 0.000551316 0.00043702 0.000345517 0.000272519 0.000214467 0.000168435 0.000132031 0.000103311 8.0704e-05 6.29456e-05 4.90229e-05 3.81271e-05 2.96144e-05 2.29741e-05 1.7802e-05 1.3779e-05 1.06539e-05 8.22945e-06 6.35064e-06 4.89633e-06 3.77179e-06 2.90312e-06 2.23274e-06 1.71586e-06 1.31767e-06 1.01118e-06 7.75464e-07 5.94309e-07 4.5519e-07 3.48428e-07 2.66552e-07 2.03803e-07 1.55741e-07 1.18952e-07 9.08075e-08 6.92884e-08 5.2844e-08 4.0284e-08 3.06957e-08 2.33796e-08 1.77999e-08 1.35463e-08 1.03052e-08 7.8366e-09 5.95714e-09 4.52681e-09 3.4387e-09 2.61126e-09 1.98227e-09 1.5043e-09 1.14122e-09 8.65515e-10 6.56219e-10 4.9739e-10 3.76897e-10 2.85515e-10 2.1623e-10 1.63716e-10 1.23923e-10 9.37791e-11 7.09501e-11 5.36655e-11 4.05822e-11 3.06815e-11 2.3191e-11 1.75254e-11 1.32411e-11 1.0002e-11 7.5537e-12 5.70356e-12 4.30572e-12 3.24984e-12 2.45242e-12 1.85032e-12 1.39579e-12 1.05273e-12 7.93845e-13 5.98522e-13 4.51181e-13 3.40056e-13 2.56259e-13 1.9308e-13 1.45455e-13 1.0956e-13 8.25104e-14 6.21301e-14 4.67769e-14
0.0060947 0.00580692 0.00534921 0.0048076 0.00423995 0.00368363 0.00316132 0.00268548 0.00226153 0.00189032 0.00156975 0.00129607 0.00106463 0.00087052 0.000708855 0.000575044 0.000464892 0.000374656 0.000301059 0.00024127 0.000192873 0.000153826 0.000122418 9.72246e-05 7.70689e-05 6.09819e-05 4.81712e-05 3.79907e-05 2.99164e-05 2.35243e-05 1.84727e-05 1.4487e-05 1.13472e-05 8.87742e-06 6.93736e-06 5.41542e-06 4.223e-06 3.28988e-06 2.5605e-06 1.99101e-06 1.54682e-06 1.20072e-06 9.31295e-07 7.21761e-07 5.58947e-07 4.32544e-07 3.34491e-07 2.58489e-07 1.99624e-07 1.54066e-07 1.18832e-07 9.16004e-08 7.05684e-08 5.43349e-08 4.18128e-08 3.21596e-08 2.47222e-08 1.89952e-08 1.45879e-08 1.11978e-08 8.59158e-09 6.58898e-09 5.05096e-09 3.87029e-09 2.96438e-09 2.26959e-09 1.73696e-09 1.32881e-09 1.01619e-09 7.76829e-10 5.93637e-10 4.53486e-10 3.46305e-10 2.64367e-10 2.0175e-10 1.53915e-10 1.17385e-10 8.94972e-11 6.82146e-11 5.19777e-11 3.95942e-11 3.01525e-11 2.2956e-11 1.74723e-11 1.3295e-11 1.01138e-11 7.69185e-12 5.8484e-12 4.44567e-12 3.37857e-12 2.567e-12 1.94992e-12 1.48084e-12 1.12436e-12 8.53503e-13 6.47756e-13 4.91502e-13 3.72863e-13 2.82803e-13 2.14452e-13 1.62589e-13
0.00451166 0.00461824 0.00450092 0.00423995 0.00389496 0.00350903 0.0031124 0.00272536 0.00236082 0.00202626 0.00172525 0.00145868 0.00122565 0.00102414 0.000851482 0.000704731 0.000580865 0.000476959 0.000390277 0.000318321 0.000258856 0.000209915 0.000169785 0.000136993 0.000110282 8.85891e-05 7.10189e-05 5.68245e-05 4.53847e-05 3.61857e-05 2.88041e-05 2.28926e-05 1.81674e-05 1.43972e-05 1.13939e-05 9.00552e-06 7.10896e-06 5.60516e-06 4.41443e-06 3.47285e-06 2.72923e-06 2.14266e-06 1.68052e-06 1.31681e-06 1.03089e-06 8.06335e-07 6.30163e-07 4.92078e-07 3.83947e-07 2.99347e-07 2.33214e-07 1.81561e-07 1.41249e-07 1.09813e-07 8.53173e-08 6.62433e-08 5.14016e-08 3.9861e-08 3.08933e-08 2.39294e-08 1.8525e-08 1.43334e-08 1.10843e-08 8.56731e-09 6.61855e-09 5.11055e-09 3.94425e-09 3.0427e-09 2.34615e-09 1.80825e-09 1.39306e-09 1.07275e-09 8.2575e-10 6.3536e-10 4.88674e-10 3.75706e-10 2.88744e-10 2.21827e-10 1.70357e-10 1.30782e-10 1.00365e-10 7.69964e-11 5.90488e-11 4.52698e-11 3.46949e-11 2.65818e-11 2.03596e-11 1.55891e-11 1.19328e-11 9.13134e-12 6.98558e-12 5.34253e-12 4.0848e-12 3.1223e-12 2.38596e-12 1.82279e-12 1.39219e-12 1.06303e-12 8.11499e-13 6.19329e-13 4.72552e-13
0.0033398 0.00365529 0.00374917 0.00368363 0.00350903 0.00326507 0.0029821 0.00268267 0.00238296 0.00209408 0.00182319 0.0015745 0.00135 0.00115011 0.000974196 0.000820895 0.000688441 0.000574855 0.000478094 0.000396155 0.000327136 0.000269283 0.000221002 0.000180873 0.000147645 0.000120225 9.76701e-05 7.91732e-05 6.40462e-05 5.17075e-05 4.16678e-05 3.35178e-05 2.69162e-05 2.15799e-05 1.72747e-05 1.3808e-05 1.10214e-05 8.78515e-06 6.99352e-06 5.56028e-06 4.41544e-06 3.50225e-06 2.77481e-06 2.19609e-06 1.73626e-06 1.37133e-06 1.08205e-06 8.52993e-07 6.7181e-07 5.28646e-07 4.15635e-07 3.26512e-07 2.56293e-07 2.01019e-07 1.57546e-07 1.23384e-07 9.656e-08 7.55152e-08 5.90171e-08 4.6093e-08 3.5976e-08 2.8062e-08 2.18756e-08 1.70429e-08 1.32702e-08 1.03267e-08 8.03172e-09 6.2434e-09 4.8507e-09 3.76673e-09 2.92353e-09 2.26796e-09 1.75855e-09 1.36292e-09 1.05581e-09 8.17537e-10 6.32756e-10 4.89528e-10 3.78561e-10 2.92627e-10 2.26108e-10 1.74641e-10 1.34836e-10 1.04064e-10 8.02842e-11 6.19157e-11 4.77326e-11 3.67854e-11 2.83391e-11 2.18246e-11 1.6802e-11 1.29311e-11 9.94871e-12 7.65175e-12 5.88327e-12 4.52214e-12 3.47486e-12 2.66933e-12 2.04994e-12 1.57382e-12 1.20794e-12
0.00247232 0.002881 0.0030967 0.00316132 0.0031124 0.0029821 0.00279707 0.00257867 0.00234352 0.00210411 0.00186952 0.00164599 0.00143758 0.00124658 0.00107402 0.000919972 0.000783854 0.000664645 0.000561058 0.000471669 0.000395011 0.00032964 0.000274177 0.000227339 0.000187955 0.000154968 0.000127441 0.000104549 8.55701e-05 6.98834e-05 5.69536e-05 4.63241e-05 3.76073e-05 3.04757e-05 2.4654e-05 1.99115e-05 1.60558e-05 1.29272e-05 1.03931e-05 8.34404e-06 6.68997e-06 5.35684e-06 4.28402e-06 3.42192e-06 2.73014e-06 2.17576e-06 1.73207e-06 1.37741e-06 1.09426e-06 8.68462e-07 6.88598e-07 5.4548e-07 4.31719e-07 3.41386e-07 2.69725e-07 2.12932e-07 1.67962e-07 1.32387e-07 1.04268e-07 8.20603e-08 6.45364e-08 5.07192e-08 3.98331e-08 3.12627e-08 2.45204e-08 1.92199e-08 1.5056e-08 1.1787e-08 9.22233e-09 7.21155e-09 5.636e-09 4.40225e-09 3.43672e-09 2.68154e-09 2.09123e-09 1.63004e-09 1.26993e-09 9.88898e-10 7.69692e-10 5.98798e-10 4.65635e-10 3.61924e-10 2.81189e-10 2.1837e-10 1.69514e-10 1.31533e-10 1.02022e-10 7.90996e-11 6.13037e-11 4.74933e-11 3.67802e-11 2.84731e-11 2.20342e-11 1.70453e-11 1.31813e-11 1.01897e-11 7.87443e-12 6.08318e-12 4.69785e-12 3.62683e-12 2.79909e-12
0.00183016 0.00226234 0.00253942 0.00268548 0.00272536 0.00268267 0.00257867 0.0024317 0.00225706 0.00206708 0.00187143 0.00167738 0.00149021 0.00131355 0.00114969 0.000999863 0.000864528 0.000743551 0.000636388 0.000542221 0.000460063 0.00038884 0.000327453 0.000274824 0.00022992 0.000191777 0.000159511 0.00013232 0.000109487 9.03768e-05 7.44324e-05 6.11682e-05 5.01639e-05 4.10582e-05 3.3542e-05 2.73523e-05 2.22663e-05 1.8096e-05 1.46833e-05 1.1896e-05 9.62359e-06 7.77424e-06 6.27169e-06 5.05287e-06 4.06574e-06 3.26743e-06 2.62274e-06 2.10284e-06 1.68411e-06 1.34731e-06 1.07674e-06 8.59636e-07 6.85629e-07 5.46322e-07 4.34915e-07 3.45914e-07 2.74885e-07 2.18254e-07 1.73146e-07 1.3725e-07 1.0871e-07 8.60384e-08 6.8044e-08 5.37737e-08 4.24659e-08 3.35126e-08 2.6429e-08 2.08289e-08 1.64047e-08 1.29121e-08 1.01568e-08 7.98458e-09 6.27322e-09 4.9258e-09 3.8656e-09 3.03191e-09 2.37672e-09 1.86213e-09 1.45819e-09 1.14129e-09 8.92809e-10 6.98086e-10 5.45568e-10 4.26171e-10 3.3275e-10 2.59689e-10 2.02579e-10 1.57959e-10 1.23114e-10 9.59151e-11 7.46939e-11 5.81442e-11 4.52432e-11 3.51907e-11 2.73612e-11 2.12655e-11 1.65217e-11 1.28313e-11 9.96166e-12 7.73102e-12 5.99776e-12
0.00135479 0.00177069 0.00206951 0.00226153 0.00236082 0.00238296 0.00234352 0.00225706 0.0021366 0.00199335 0.0018366 0.00167389 0.00151104 0.00135247 0.00120132 0.00105973 0.000928972 0.00080969 0.000702012 0.000605697 0.000520245 0.000444977 0.000379112 0.000321815 0.00027224 0.000229558 0.000192978 0.00016176 0.000135223 0.000112747 9.37756e-05 7.78141e-05 6.44254e-05 5.32268e-05 4.38854e-05 3.61128e-05 2.96615e-05 2.4319e-05 1.99045e-05 1.62644e-05 1.32688e-05 1.08084e-05 8.79124e-06 7.14035e-06 5.79149e-06 4.6912e-06 3.79506e-06 3.06629e-06 2.47449e-06 1.99457e-06 1.60592e-06 1.29158e-06 1.03766e-06 8.32798e-07 6.6771e-07 5.34826e-07 4.27981e-07 3.42164e-07 2.73309e-07 2.18119e-07 1.73925e-07 1.3857e-07 1.10312e-07 8.77472e-08 6.97443e-08 5.53932e-08 4.39627e-08 3.48659e-08 2.76319e-08 2.18839e-08 1.73199e-08 1.36987e-08 1.08277e-08 8.55305e-09 6.75208e-09 5.32711e-09 4.20039e-09 3.31007e-09 2.60698e-09 2.0521e-09 1.61444e-09 1.26944e-09 9.97647e-10 7.83642e-10 6.15233e-10 4.82777e-10 3.78655e-10 2.96847e-10 2.32604e-10 1.82181e-10 1.42624e-10 1.11607e-10 8.72966e-11 6.82525e-11 5.33404e-11 4.16691e-11 3.25383e-11 2.53981e-11 1.98169e-11 1.54562e-11 1.20504e-11
0.0010029 0.00138182 0.00167742 0.00189032 0.00202626 0.00209408 0.00210411 0.00206708 0.00199335 0.00189241 0.00177265 0.00164121 0.001504 0.00136574 0.00123009 0.00109975 0.00097664 0.000862001 0.000756539 0.000660531 0.000573931 0.000496452 0.000427639 0.000366924 0.000313674 0.000267226 0.000226914 0.000192091 0.000162138 0.000136477 0.000114576 9.59487e-05 8.01582e-05 6.68139e-05 5.557e-05 4.6122e-05 3.82039e-05 3.15846e-05 2.60642e-05 2.14706e-05 1.76565e-05 1.44961e-05 1.18827e-05 9.72552e-06 7.94826e-06 6.48654e-06 5.28636e-06 4.30252e-06 3.49726e-06 2.83917e-06 2.30212e-06 1.86446e-06 1.50829e-06 1.21881e-06 9.83826e-07 7.93317e-07 6.39048e-07 5.14268e-07 4.13455e-07 3.32092e-07 2.66496e-07 2.13666e-07 1.71161e-07 1.36995e-07 1.09558e-07 8.75454e-08 6.99004e-08 5.57688e-08 4.44606e-08 3.54193e-08 2.81963e-08 2.24304e-08 1.78314e-08 1.41657e-08 1.12462e-08 8.92258e-09 7.07459e-09 5.60587e-09 4.43936e-09 3.51349e-09 2.77909e-09 2.19694e-09 1.73576e-09 1.37064e-09 1.08173e-09 8.53266e-10 6.72704e-10 5.30079e-10 4.17483e-10 3.28642e-10 2.58581e-10 2.03358e-10 1.59854e-10 1.25599e-10 9.86393e-11 7.74321e-11 6.07578e-11 4.76536e-11 3.73598e-11 2.92774e-11 2.29341e-11
0.000742406 0.0010755 0.00135313 0.00156975 0.00172525 0.00182319 0.00186952 0.00187143 0.0018366 0.00177265 0.00168667 0.00158507 0.00147342 0.00135642 0.0012379 0.00112091 0.00100776 0.000900138 0.000799211 0.00070569 0.00061993 0.000542005 0.000471775 0.000408941 0.000353095 0.00030376 0.000260414 0.000222526 0.000189561 0.000161007 0.000136372 0.0001152 9.70693e-05 8.15943e-05 6.84279e-05 5.72593e-05 4.78121e-05 3.98425e-05 3.31365e-05 2.75075e-05 2.27934e-05 1.88544e-05 1.55699e-05 1.28368e-05 1.05669e-05 8.6853e-06 7.12829e-06 5.84214e-06 4.7815e-06 3.90822e-06 3.19033e-06 2.60106e-06 2.11807e-06 1.72273e-06 1.39958e-06 1.13578e-06 9.20713e-07 7.45583e-07 6.03146e-07 4.87434e-07 3.93538e-07 3.17429e-07 2.55802e-07 2.05954e-07 1.65674e-07 1.33157e-07 1.06933e-07 8.58027e-08 6.87928e-08 5.51118e-08 4.41178e-08 3.52905e-08 2.82087e-08 2.25318e-08 1.79848e-08 1.43455e-08 1.14349e-08 9.1088e-09 7.2512e-09 5.76877e-09 4.58655e-09 3.64438e-09 2.89402e-09 2.29681e-09 1.82179e-09 1.44419e-09 1.14422e-09 9.06062e-10 7.1709e-10 5.67232e-10 4.48459e-10 3.54376e-10 2.79891e-10 2.20953e-10 1.74342e-10 1.37498e-10 1.0839e-10 8.54043e-11 6.72629e-11 5.29515e-11 4.16668e-11
0.000549573 0.00083508 0.00108688 0.00129607 0.00145868 0.0015745 0.00164599 0.00167738 0.00167389 0.00164121 0.00158507 0.00151091 0.00142371 0.00132787 0.00122717 0.00112475 0.00102315 0.000924347 0.000829823 0.000740634 0.00065747 0.000580721 0.000510533 0.000446864 0.00038953 0.00033824 0.000292633 0.000252305 0.000216824 0.000185757 0.000158674 0.000135159 0.000114823 9.72975e-05 8.22463e-05 6.93613e-05 5.83643e-05 4.90055e-05 4.10627e-05 3.43392e-05 2.86618e-05 2.38792e-05 1.98594e-05 1.64881e-05 1.36666e-05 1.13098e-05 9.34503e-06 7.71007e-06 6.35196e-06 5.22576e-06 4.2934e-06 3.52274e-06 2.88672e-06 2.3626e-06 1.9313e-06 1.57689e-06 1.28604e-06 1.04768e-06 8.52568e-07 6.93064e-07 5.62823e-07 4.56599e-07 3.70062e-07 2.9964e-07 2.42394e-07 1.95907e-07 1.58195e-07 1.27632e-07 1.02886e-07 8.28696e-08 6.66933e-08 5.36322e-08 4.30955e-08 3.46026e-08 2.77628e-08 2.22588e-08 1.78333e-08 1.42777e-08 1.14231e-08 9.13319e-09 7.29749e-09 5.82699e-09 4.64986e-09 3.70823e-09 2.95548e-09 2.35412e-09 1.87402e-09 1.49097e-09 1.18555e-09 9.42161e-10 7.48332e-10 5.94059e-10 4.71341e-10 3.73779e-10 2.9626e-10 2.34699e-10 1.85839e-10 1.47078e-10 1.16347e-10 9.19929e-11 7.27031e-11
0.000406827 0.000646996 0.000869703 0.00106463 0.00122565 0.00135 0.00143758 0.00149021 0.00151104 0.001504 0.00147342 0.00142371 0.00135911 0.00128355 0.00120057 0.00111323 0.00102411 0.000935347 0.000848629 0.000765254 0.000686169 0.000612022 0.000543209 0.00047992 0.000422178 0.000369877 0.000322817 0.000280727 0.000243289 0.00021016 0.000180982 0.000155397 0.000133055 0.000113621 9.67775e-05 8.22293e-05 6.97042e-05 5.89539e-05 4.97539e-05 4.19023e-05 3.52192e-05 2.9545e-05 2.47389e-05 2.06775e-05 1.72529e-05 1.43715e-05 1.19519e-05 9.92406e-06 8.2278e-06 6.81146e-06 5.63088e-06 4.64849e-06 3.83234e-06 3.15537e-06 2.59468e-06 2.131e-06 1.74808e-06 1.4323e-06 1.17222e-06 9.58313e-07 7.82592e-07 6.3842e-07 5.20273e-07 4.23567e-07 3.44499e-07 2.79924e-07 2.27241e-07 1.84306e-07 1.49349e-07 1.20918e-07 9.78154e-08 7.90611e-08 6.38505e-08 5.15252e-08 4.15466e-08 3.34749e-08 2.69511e-08 2.16828e-08 1.74318e-08 1.40043e-08 1.1243e-08 9.01999e-09 7.23171e-09 5.79418e-09 4.63943e-09 3.71248e-09 2.96889e-09 2.3728e-09 1.89525e-09 1.51293e-09 1.20704e-09 9.62451e-10 7.66996e-10 6.109e-10 4.8631e-10 3.86924e-10 3.0769e-10 2.44555e-10 1.94277e-10 1.54259e-10 1.22425e-10
0.000301158 0.000500279 0.000693527 0.00087052 0.00102414 0.00115011 0.00124658 0.00131355 0.00135247 0.00136574 0.00135642 0.00132787 0.00128355 0.00122683 0.00116085 0.00108847 0.0010122 0.000934203 0.000856253 0.000779804 0.000705983 0.000635639 0.00056937 0.000507563 0.000450428 0.000398032 0.000350325 0.000307172 0.000268372 0.000233677 0.000202812 0.000175483 0.000151392 0.000130244 0.000111751 9.56381e-05 8.1648e-05 6.95405e-05 5.90946e-05 5.01087e-05 4.24004e-05 3.58056e-05 3.01778e-05 2.53869e-05 2.13179e-05 1.78698e-05 1.49541e-05 1.24936e-05 1.04214e-05 8.67958e-06 7.21809e-06 5.994e-06 4.97051e-06 4.11617e-06 3.40415e-06 2.81167e-06 2.3194e-06 1.91098e-06 1.5726e-06 1.29265e-06 1.06133e-06 8.70447e-07 7.13129e-07 5.83632e-07 4.77162e-07 3.89726e-07 3.18001e-07 2.59229e-07 2.11123e-07 1.71787e-07 1.39656e-07 1.13436e-07 9.20595e-08 7.46492e-08 6.04821e-08 4.89644e-08 3.96089e-08 3.20164e-08 2.58597e-08 2.08715e-08 1.68333e-08 1.35668e-08 1.09265e-08 8.79399e-09 7.07295e-09 5.68497e-09 4.56641e-09 3.6656e-09 2.94065e-09 2.35763e-09 1.88906e-09 1.51271e-09 1.21064e-09 9.68333e-10 7.74086e-10 6.18461e-10 4.93854e-10 3.94141e-10 3.14395e-10 2.50653e-10 1.99732e-10
0.000222935 0.00038613 0.000551316 0.000708855 0.000851482 0.000974196 0.00107402 0.00114969 0.00120132 0.00123009 0.0012379 0.00122717 0.00120057 0.00116085 0.00111071 0.00105271 0.000989191 0.000922219 0.000853593 0.000784827 0.00071716 0.000651577 0.000588831 0.000529468 0.000473858 0.000422218 0.00037464 0.000331117 0.00029156 0.000255822 0.000223711 0.000195005 0.000169464 0.000146841 0.000126883 0.000109346 9.39923e-05 8.05966e-05 6.89474e-05 5.88484e-05 5.01194e-05 4.25955e-05 3.61279e-05 3.05825e-05 2.58395e-05 2.17923e-05 1.83466e-05 1.54194e-05 1.29378e-05 1.08382e-05 9.0652e-06 7.57084e-06 6.31357e-06 5.2576e-06 4.37221e-06 3.63103e-06 3.01155e-06 2.49459e-06 2.0638e-06 1.70535e-06 1.4075e-06 1.16034e-06 9.55506e-07 7.85975e-07 6.45835e-07 5.30129e-07 4.3471e-07 3.56112e-07 2.91442e-07 2.38289e-07 1.94649e-07 1.58857e-07 1.29531e-07 1.05527e-07 8.58979e-08 6.98616e-08 5.67726e-08 4.60989e-08 3.74025e-08 3.03233e-08 2.45654e-08 1.98861e-08 1.60863e-08 1.30034e-08 1.05039e-08 8.479e-09 6.83984e-09 5.5139e-09 4.4421e-09 3.57634e-09 2.8775e-09 2.31379e-09 1.85938e-09 1.49332e-09 1.19861e-09 9.61514e-10 7.70876e-10 6.17689e-10 4.94669e-10 3.95936e-10 3.16739e-10
0.00016503 0.000297527 0.00043702 0.000575044 0.000704731 0.000820895 0.000919972 0.000999863 0.00105973 0.00109975 0.00112091 0.00112475 0.00111323 0.00108847 0.00105271 0.00100816 0.000956891 0.000900842 0.000841737 0.000781087 0.000720175 0.000660069 0.000601625 0.000545511 0.000492223 0.000442107 0.000395377 0.000352144 0.000312425 0.000276169 0.00024327 0.000213579 0.000186918 0.000163091 0.00014189 0.000123104 0.000106522 9.19389e-05 7.91585e-05 6.79945e-05 5.82729e-05 4.98325e-05 4.25251e-05 3.62157e-05 3.0782e-05 2.6114e-05 2.21133e-05 1.86924e-05 1.57736e-05 1.32884e-05 1.11767e-05 9.38581e-06 7.86993e-06 6.58914e-06 5.50887e-06 4.59928e-06 3.83466e-06 3.19293e-06 2.65517e-06 2.20521e-06 1.82927e-06 1.51561e-06 1.25427e-06 1.03681e-06 8.56112e-07 7.06139e-07 5.81822e-07 4.78897e-07 3.93781e-07 3.23474e-07 2.65463e-07 2.1765e-07 1.78284e-07 1.45905e-07 1.19301e-07 9.74634e-08 7.95552e-08 6.48834e-08 5.28741e-08 4.30531e-08 3.50287e-08 2.8478e-08 2.31347e-08 1.87801e-08 1.5234e-08 1.23487e-08 1.00027e-08 8.09691e-09 6.54974e-09 5.29468e-09 4.2773e-09 3.45319e-09 2.7861e-09 2.24647e-09 1.81026e-09 1.45786e-09 1.17337e-09 9.43848e-10 7.58785e-10 6.09663e-10 4.89574e-10
0.000122165 0.000228901 0.000345517 0.000464892 0.000580865 0.000688441 0.000783854 0.000864528 0.000928972 0.00097664 0.00100776 0.00102315 0.00102411 0.0010122 0.000989191 0.000956891 0.000917109 0.000871574 0.000821889 0.000769501 0.000715684 0.000661536 0.000607974 0.000555747 0.000505446 0.000457516 0.00041228 0.000369945 0.000330628 0.000294368 0.000261137 0.000230862 0.000203428 0.000178693 0.000156496 0.000136664 0.000119017 0.000103376 8.95632e-05 7.74071e-05 6.67442e-05 5.74203e-05 4.92913e-05 4.22243e-05 3.60972e-05 3.07986e-05 2.62279e-05 2.22946e-05 1.89174e-05 1.60241e-05 1.35507e-05 1.14404e-05 9.64361e-06 8.11655e-06 6.82114e-06 5.72419e-06 4.79689e-06 4.0143e-06 3.3549e-06 2.80017e-06 2.33421e-06 1.94338e-06 1.61604e-06 1.34226e-06 1.11358e-06 9.22821e-07 7.63904e-07 6.31677e-07 5.21791e-07 4.3058e-07 3.54957e-07 2.92329e-07 2.40521e-07 1.97708e-07 1.62367e-07 1.33223e-07 1.09214e-07 8.94539e-08 7.32071e-08 5.98613e-08 4.89086e-08 3.99279e-08 3.25706e-08 2.65486e-08 2.16236e-08 1.75992e-08 1.43133e-08 1.16326e-08 9.44726e-09 7.66718e-09 6.21827e-09 5.0398e-09 4.08199e-09 3.30407e-09 2.67271e-09 2.16063e-09 1.74559e-09 1.40943e-09 1.13732e-09 9.17212e-10 7.39272e-10
9.04337e-05 0.000175853 0.000272519 0.000374656 0.000476959 0.000574855 0.000664645 0.000743551 0.00080969 0.000862001 0.000900138 0.000924347 0.000935347 0.000934203 0.000922219 0.000900842 0.000871574 0.000835915 0.000795302 0.000751078 0.000704464 0.000656542 0.00060825 0.000560382 0.000513592 0.000468402 0.000425214 0.000384321 0.000345924 0.000310142 0.000277023 0.000246562 0.000218707 0.000193372 0.000170443 0.000149788 0.000131263 0.000114715 9.99918e-05 8.69388e-05 7.54067e-05 6.52518e-05 5.63374e-05 4.85352e-05 4.17259e-05 3.57993e-05 3.06542e-05 2.61987e-05 2.23497e-05 1.90322e-05 1.61791e-05 1.37307e-05 1.16338e-05 9.84158e-06 8.31263e-06 7.01072e-06 5.90411e-06 4.96513e-06 4.16972e-06 3.49703e-06 2.92902e-06 2.45014e-06 2.047e-06 1.70811e-06 1.42364e-06 1.18516e-06 9.85516e-07 8.18595e-07 6.7921e-07 5.62962e-07 4.66127e-07 3.85558e-07 3.18599e-07 2.63013e-07 2.16918e-07 1.78735e-07 1.47139e-07 1.2102e-07 9.94504e-08 8.16547e-08 6.69868e-08 5.49083e-08 4.49711e-08 3.6803e-08 3.00949e-08 2.45905e-08 2.00778e-08 1.6381e-08 1.33552e-08 1.08805e-08 8.85809e-09 7.20662e-09 5.85906e-09 4.76029e-09 3.86504e-09 3.13612e-09 2.54305e-09 2.06084e-09 1.66904e-09 1.3509e-09 1.09275e-09
6.69444e-05 0.000134919 0.000214467 0.000301059 0.000390277 0.000478094 0.000561058 0.000636388 0.000702012 0.000756539 0.000799211 0.000829823 0.000848629 0.000856253 0.000853593 0.000841737 0.000821889 0.000795302 0.000763228 0.000726873 0.000687368 0.00064575 0.00060294 0.000559746 0.000516855 0.000474839 0.000434159 0.000395176 0.000358158 0.000323295 0.000290702 0.000260438 0.00023251 0.000206884 0.000183496 0.000162255 0.000143052 0.000125769 0.000110275 9.6439e-05 8.41285e-05 7.32128e-05 6.35657e-05 5.50662e-05 4.75999e-05 4.106e-05 3.5347e-05 3.03694e-05 2.60432e-05 2.22922e-05 1.90475e-05 1.62469e-05 1.38348e-05 1.17616e-05 9.98322e-06 8.46066e-06 7.15954e-06 6.04965e-06 5.10455e-06 4.30113e-06 3.61926e-06 3.04147e-06 2.55264e-06 2.13968e-06 1.79134e-06 1.49791e-06 1.25108e-06 1.04373e-06 8.69773e-07 7.24018e-07 6.02044e-07 5.00095e-07 4.14985e-07 3.44015e-07 2.84902e-07 2.3572e-07 1.94844e-07 1.60907e-07 1.32762e-07 1.09442e-07 9.01394e-08 7.4178e-08 6.09918e-08 5.01084e-08 4.11338e-08 3.37397e-08 2.76532e-08 2.26474e-08 1.85337e-08 1.51561e-08 1.2385e-08 1.01133e-08 8.25249e-09 6.72941e-09 5.48371e-09 4.46562e-09 3.63415e-09 2.95558e-09 2.40218e-09 1.95117e-09 1.58387e-09
4.95563e-05 0.000103386 0.000168435 0.00024127 0.000318321 0.000396155 0.000471669 0.000542221 0.000605697 0.000660531 0.00070569 0.000740634 0.000765254 0.000779804 0.000784827 0.000781087 0.000769501 0.000751078 0.000726873 0.000697936 0.000665288 0.000629887 0.000592615 0.000554263 0.000515527 0.000477003 0.000439193 0.000402505 0.000367262 0.000333708 0.000302019 0.000272308 0.000244638 0.000219025 0.00019545 0.000173864 0.000154196 0.000136358 0.000120248 0.000105759 9.27762e-05 8.11856e-05 7.08734e-05 6.17284e-05 5.36437e-05 4.65175e-05 4.02539e-05 3.47636e-05 2.99635e-05 2.57772e-05 2.21352e-05 1.89738e-05 1.62359e-05 1.38696e-05 1.18289e-05 1.00724e-05 8.5635e-06 7.26967e-06 6.16227e-06 5.2161e-06 4.40906e-06 3.72183e-06 3.13755e-06 2.64158e-06 2.2212e-06 1.86542e-06 1.56474e-06 1.31098e-06 1.09711e-06 9.17097e-07 7.65776e-07 6.38735e-07 5.32207e-07 4.42989e-07 3.68353e-07 3.05989e-07 2.53937e-07 2.10539e-07 1.74395e-07 1.44324e-07 1.1933e-07 9.85785e-08 8.1365e-08 6.71003e-08 5.52904e-08 4.55218e-08 3.7449e-08 3.07836e-08 2.52848e-08 2.07525e-08 1.70198e-08 1.39483e-08 1.14227e-08 9.34784e-09 7.64448e-09 6.2472e-09 5.10185e-09 4.16371e-09 3.39584e-09 2.7678e-09 2.25447e-09
3.66845e-05 7.91312e-05 0.000132031 0.000192873 0.000258856 0.000327136 0.000395011 0.000460063 0.000520245 0.000573931 0.00061993 0.00065747 0.000686169 0.000705983 0.00071716 0.000720175 0.000715684 0.000704464 0.000687368 0.000665288 0.000639114 0.000609711 0.000577897 0.000544426 0.000509978 0.000475157 0.00044048 0.000406388 0.000373243 0.000341333 0.000310881 0.000282048 0.000254943 0.000229631 0.000206133 0.000184443 0.000164524 0.000146319 0.000129758 0.000114755 0.000101219 8.90522e-05 7.81554e-05 6.84295e-05 5.97767e-05 5.21025e-05 4.53163e-05 3.93323e-05 3.407e-05 2.94543e-05 2.54158e-05 2.18909e-05 1.88214e-05 1.61543e-05 1.38418e-05 1.1841e-05 1.01133e-05 8.62431e-06 7.34347e-06 6.24367e-06 5.30098e-06 4.49434e-06 3.80525e-06 3.21754e-06 2.71706e-06 2.29152e-06 1.93024e-06 1.62395e-06 1.36464e-06 1.14541e-06 9.60314e-07 8.04235e-07 6.72793e-07 5.62236e-07 4.69358e-07 3.91423e-07 3.26103e-07 2.71418e-07 2.25686e-07 1.87483e-07 1.55603e-07 1.29027e-07 1.06894e-07 8.84814e-08 7.31773e-08 6.04694e-08 4.9927e-08 4.11891e-08 3.39534e-08 2.79668e-08 2.3018e-08 1.89306e-08 1.55574e-08 1.27758e-08 1.04841e-08 8.59731e-09 7.04518e-09 5.7693e-09 4.72129e-09 3.86108e-09 3.15553e-09
2.71561e-05 6.05014e-05 0.000103311 0.000153826 0.000209915 0.000269283 0.00032964 0.00038884 0.000444977 0.000496452 0.000542005 0.000580721 0.000612022 0.000635639 0.000651577 0.000660069 0.000661536 0.000656542 0.00064575 0.000629887 0.000609711 0.00058598 0.000559432 0.000530768 0.000500636 0.000469623 0.000438252 0.000406976 0.000376181 0.000346189 0.000317256 0.000289586 0.000263326 0.00023858 0.000215411 0.000193848 0.000173888 0.000155508 0.000138664 0.000123295 0.000109332 9.66976e-05 8.53074e-05 7.50758e-05 6.5916e-05 5.77424e-05 5.04711e-05 4.40216e-05 3.83172e-05 3.32853e-05 2.88582e-05 2.49729e-05 2.15712e-05 1.85998e-05 1.60101e-05 1.37578e-05 1.18031e-05 1.011e-05 8.64637e-06 7.38349e-06 6.29579e-06 5.36063e-06 4.55799e-06 3.87024e-06 3.28188e-06 2.77934e-06 2.35076e-06 1.9858e-06 1.67546e-06 1.41194e-06 1.18848e-06 9.99249e-07 8.39212e-07 7.04037e-07 5.90004e-07 4.93924e-07 4.13065e-07 3.45097e-07 2.88028e-07 2.40164e-07 2.00064e-07 1.66505e-07 1.38448e-07 1.15016e-07 9.54654e-08 7.91697e-08 6.55998e-08 5.43105e-08 4.49272e-08 3.71351e-08 3.06702e-08 2.5311e-08 2.08723e-08 1.7199e-08 1.41617e-08 1.16522e-08 9.58059e-09 7.87171e-09 6.46315e-09 5.303e-09 4.34817e-09
2.01025e-05 4.62108e-05 8.0704e-05 0.000122418 0.000169785 0.000221002 0.000274177 0.000327453 0.000379112 0.000427639 0.000471775 0.000510533 0.000543209 0.00056937 0.000588831 0.000601625 0.000607974 0.00060825 0.00060294 0.000592615 0.000577897 0.000559432 0.000537872 0.000513848 0.000487963 0.000460775 0.000432795 0.000404475 0.000376214 0.000348351 0.000321171 0.000294904 0.000269733 0.000245794 0.000223185 0.000201967 0.00018217 0.0001638 0.000146841 0.000131257 0.000117 0.000104013 9.22283e-05 8.15749e-05 7.19783e-05 6.33627e-05 5.56527e-05 4.87742e-05 4.26556e-05 3.72282e-05 3.24268e-05 2.81901e-05 2.44611e-05 2.11868e-05 1.83183e-05 1.5811e-05 1.3624e-05 1.17204e-05 1.00667e-05 8.63303e-06 7.39236e-06 6.32068e-06 5.39662e-06 4.6012e-06 3.91765e-06 3.3312e-06 2.82884e-06 2.39918e-06 2.03224e-06 1.71932e-06 1.45285e-06 1.22625e-06 1.0338e-06 8.70588e-07 7.32336e-07 6.15378e-07 5.16554e-07 4.33153e-07 3.62851e-07 3.03657e-07 2.53873e-07 2.12048e-07 1.76948e-07 1.47522e-07 1.22878e-07 1.02261e-07 8.50282e-08 7.06393e-08 5.8636e-08 4.86321e-08 4.03022e-08 3.33724e-08 2.76124e-08 2.28289e-08 1.88598e-08 1.55691e-08 1.28431e-08 1.05867e-08 8.72057e-09 7.17831e-09 5.90472e-09
1.48811e-05 3.52622e-05 6.29456e-05 9.72246e-05 0.000136993 0.000180873 0.000227339 0.000274824 0.000321815 0.000366924 0.000408941 0.000446864 0.00047992 0.000507563 0.000529468 0.000545511 0.000555747 0.000560382 0.000559746 0.000554263 0.000544426 0.000530768 0.000513848 0.000494223 0.000472438 0.000449013 0.000424432 0.000399138 0.000373527 0.000347947 0.000322697 0.000298031 0.000274155 0.000251233 0.000229391 0.000208718 0.000189276 0.000171095 0.000154185 0.000138535 0.000124119 0.000110898 9.88232e-05 8.78383e-05 7.78818e-05 6.88892e-05 6.07943e-05 5.35309e-05 4.70332e-05 4.12376e-05 3.60825e-05 3.15096e-05 2.74634e-05 2.38922e-05 2.07478e-05 1.79854e-05 1.55642e-05 1.34463e-05 1.15978e-05 9.98758e-06 8.58763e-06 7.37278e-06 6.3205e-06 5.41063e-06 4.62525e-06 3.94847e-06 3.36622e-06 2.86608e-06 2.43713e-06 2.06979e-06 1.75567e-06 1.48744e-06 1.25872e-06 1.06394e-06 8.98298e-07 7.57609e-07 6.38265e-07 5.37152e-07 4.5159e-07 3.7927e-07 3.18215e-07 2.66727e-07 2.23355e-07 1.8686e-07 1.56183e-07 1.30424e-07 1.08816e-07 9.07083e-08 7.55487e-08 6.28693e-08 5.22744e-08 4.34293e-08 3.60519e-08 2.99039e-08 2.47851e-08 2.05267e-08 1.69872e-08 1.40475e-08 1.16081e-08 9.58541e-09 7.90955e-09
1.10159e-05 2.68835e-05 4.90229e-05 7.70689e-05 0.000110282 0.000147645 0.000187955 0.00022992 0.00027224 0.000313674 0.000353095 0.00038953 0.000422178 0.000450428 0.000473858 0.000492223 0.000505446 0.000513592 0.000516855 0.000515527 0.000509978 0.000500636 0.000487963 0.000472438 0.000454545 0.000434754 0.000413515 0.00039125 0.000368343 0.000345141 0.000321951 0.000299037 0.000276623 0.000254895 0.000234 0.000214054 0.000195139 0.000177314 0.00016061 0.000145039 0.000130597 0.000117263 0.000105005 9.37828e-05 8.35486e-05 7.42497e-05 6.58301e-05 5.82318e-05 5.13966e-05 4.52663e-05 3.97842e-05 3.48955e-05 3.05474e-05 2.66901e-05 2.32767e-05 2.02633e-05 1.7609e-05 1.52763e-05 1.32306e-05 1.14402e-05 9.87654e-06 8.51343e-06 7.32742e-06 6.29738e-06 5.40438e-06 4.63153e-06 3.96377e-06 3.38775e-06 2.89165e-06 2.46505e-06 2.09876e-06 1.78471e-06 1.51583e-06 1.28595e-06 1.08968e-06 9.2233e-07 7.79817e-07 6.58611e-07 5.55654e-07 4.68304e-07 3.94283e-07 3.3163e-07 2.78658e-07 2.33922e-07 1.96182e-07 1.64378e-07 1.37603e-07 1.15087e-07 9.61698e-08 8.02926e-08 6.69795e-08 5.58269e-08 4.6493e-08 3.86883e-08 3.21681e-08 2.67257e-08 2.2187e-08 1.84051e-08 1.52564e-08 1.26371e-08 1.04598e-08
8.15461e-06 2.04785e-05 3.81271e-05 6.09819e-05 8.85891e-05 0.000120225 0.000154968 0.000191777 0.000229558 0.000267226 0.00030376 0.00033824 0.000369877 0.000398032 0.000422218 0.000442107 0.000457516 0.000468402 0.000474839 0.000477003 0.000475157 0.000469623 0.000460775 0.000449013 0.000434754 0.000418414 0.000400404 0.000381115 0.000360912 0.000340133 0.000319081 0.000298027 0.000277205 0.000256813 0.000237017 0.000217952 0.000199722 0.000182405 0.000166053 0.0001507 0.000136359 0.00012303 0.000110696 9.93328e-05 8.89063e-05 7.93758e-05 7.06961e-05 6.28184e-05 5.56923e-05 4.92663e-05 4.34891e-05 3.83101e-05 3.36802e-05 2.95522e-05 2.5881e-05 2.26241e-05 1.97416e-05 1.71963e-05 1.49537e-05 1.29821e-05 1.12522e-05 9.73741e-06 8.41363e-06 7.25891e-06 6.25349e-06 5.37963e-06 4.62142e-06 3.96464e-06 3.39666e-06 2.90625e-06 2.48346e-06 2.11953e-06 1.80671e-06 1.53821e-06 1.30808e-06 1.1111e-06 9.42712e-07 7.98961e-07 6.76397e-07 5.72025e-07 4.83254e-07 4.07841e-07 3.43851e-07 2.89614e-07 2.43697e-07 2.04864e-07 1.72059e-07 1.44374e-07 1.21034e-07 1.01378e-07 8.48395e-08 7.09384e-08 5.92651e-08 4.94716e-08 4.12628e-08 3.43885e-08 2.86368e-08 2.38286e-08 1.98125e-08 1.64609e-08 1.36661e-08
6.03653e-06 1.5587e-05 2.96144e-05 4.81712e-05 7.10189e-05 9.76701e-05 0.000127441 0.000159511 0.000192978 0.000226914 0.000260414 0.000292633 0.000322817 0.000350325 0.00037464 0.000395377 0.00041228 0.000425214 0.000434159 0.000439193 0.00044048 0.000438252 0.000432795 0.000424432 0.000413515 0.000400404 0.000385464 0.000369049 0.000351502 0.000333141 0.000314263 0.000295135 0.000275995 0.000257049 0.000238475 0.000220422 0.000203011 0.000186337 0.00017047 0.000155463 0.000141346 0.000128134 0.00011583 0.000104422 9.38891e-05 8.42041e-05 7.53321e-05 6.72343e-05 5.98683e-05 5.319e-05 4.7154e-05 4.17149e-05 3.68276e-05 3.24482e-05 2.85344e-05 2.50454e-05 2.19428e-05 1.91903e-05 1.67539e-05 1.46021e-05 1.27057e-05 1.10378e-05 9.57378e-06 8.29124e-06 7.16977e-06 6.19094e-06 5.33811e-06 4.59633e-06 3.95224e-06 3.39387e-06 2.91058e-06 2.49292e-06 2.13252e-06 1.82199e-06 1.55481e-06 1.32526e-06 1.12829e-06 9.5951e-07 8.15075e-07 6.9163e-07 5.86256e-07 4.96416e-07 4.19913e-07 3.54841e-07 2.99557e-07 2.5264e-07 2.12868e-07 1.79189e-07 1.507e-07 1.26625e-07 1.06302e-07 8.91619e-08 7.47214e-08 6.25666e-08 5.23454e-08 4.37581e-08 3.655e-08 3.0505e-08 2.54399e-08 2.11995e-08 1.76525e-08
4.4686e-06 1.1855e-05 2.29741e-05 3.79907e-05 5.68245e-05 7.91732e-05 0.000104549 0.00013232 0.00016176 0.000192091 0.000222526 0.000252305 0.000280727 0.000307172 0.000331117 0.000352144 0.000369945 0.000384321 0.000395176 0.000402505 0.000406388 0.000406976 0.000404475 0.000399138 0.00039125 0.000381115 0.000369049 0.00035537 0.000340389 0.000324403 0.000307693 0.000290518 0.000273114 0.000255691 0.000238432 0.000221497 0.000205017 0.000189102 0.000173839 0.000159294 0.000145512 0.000132527 0.000120352 0.000108992 9.84393e-05 8.86774e-05 7.96828e-05 7.14264e-05 6.38747e-05 5.69909e-05 5.07363e-05 4.5071e-05 3.99547e-05 3.53473e-05 3.12095e-05 2.75032e-05 2.41918e-05 2.12403e-05 1.8616e-05 1.62877e-05 1.42267e-05 1.2406e-05 1.08011e-05 9.38903e-06 8.14914e-06 7.06245e-06 6.11175e-06 5.2815e-06 4.55768e-06 3.9277e-06 3.38029e-06 2.90538e-06 2.49401e-06 2.1382e-06 1.83091e-06 1.56591e-06 1.33768e-06 1.1414e-06 9.72822e-07 8.28221e-07 7.04347e-07 5.98361e-07 5.07791e-07 4.30487e-07 3.64582e-07 3.08461e-07 2.60725e-07 2.20165e-07 1.8574e-07 1.56553e-07 1.31832e-07 1.10916e-07 9.32364e-08 7.8307e-08 6.57122e-08 5.5097e-08 4.61585e-08 3.86388e-08 3.23183e-08 2.70105e-08 2.25569e-08
3.30792e-06 9.01012e-06 1.7802e-05 2.99164e-05 4.53847e-05 6.40462e-05 8.55701e-05 0.000109487 0.000135223 0.000162138 0.000189561 0.000216824 0.000243289 0.000268372 0.00029156 0.000312425 0.000330628 0.000345924 0.000358158 0.000367262 0.000373243 0.000376181 0.000376214 0.000373527 0.000368343 0.000360912 0.000351502 0.000340389 0.00032785 0.000314159 0.000299576 0.000284348 0.000268702 0.000252847 0.000236968 0.000221229 0.000205772 0.000190714 0.000176156 0.000162175 0.000148831 0.00013617 0.00012422 0.000112998 0.000102508 9.2746e-05 8.36985e-05 7.53464e-05 6.76648e-05 6.06249e-05 5.41947e-05 4.83404e-05 4.30266e-05 3.82177e-05 3.3878e-05 2.99724e-05 2.64665e-05 2.33274e-05 2.05235e-05 1.80248e-05 1.58032e-05 1.38322e-05 1.20873e-05 1.05456e-05 9.18632e-06 7.99005e-06 6.93924e-06 6.01788e-06 5.21144e-06 4.50681e-06 3.89216e-06 3.35686e-06 2.89142e-06 2.48733e-06 2.13705e-06 1.83385e-06 1.57178e-06 1.34558e-06 1.15061e-06 9.8277e-07 8.38485e-07 7.14604e-07 6.08376e-07 5.17395e-07 4.39568e-07 3.73069e-07 3.16316e-07 2.67935e-07 2.26736e-07 1.91691e-07 1.61912e-07 1.36635e-07 1.15201e-07 9.70433e-08 8.16768e-08 6.86848e-08 5.77109e-08 4.84502e-08 4.06425e-08 3.40656e-08 2.85305e-08
2.44872e-06 6.8433e-06 1.3779e-05 2.35243e-05 3.61857e-05 5.17075e-05 6.98834e-05 9.03768e-05 0.000112747 0.000136477 0.000161007 0.000185757 0.00021016 0.000233677 0.000255822 0.000276169 0.000294368 0.000310142 0.000323295 0.000333708 0.000341333 0.000346189 0.000348351 0.000347947 0.000345141 0.000340133 0.000333141 0.000324403 0.000314159 0.000302654 0.000290127 0.000276807 0.000262912 0.000248642 0.000234181 0.000219694 0.000205326 0.000191204 0.000177434 0.000164106 0.00015129 0.000139043 0.000127405 0.000116404 0.000106056 9.6368e-05 8.73363e-05 7.89512e-05 7.11965e-05 6.40512e-05 5.74904e-05 5.14863e-05 4.60093e-05 4.10283e-05 3.65116e-05 3.24274e-05 2.87441e-05 2.54311e-05 2.24586e-05 1.97979e-05 1.7422e-05 1.5305e-05 1.3423e-05 1.17532e-05 1.02749e-05 8.96856e-06 7.81648e-06 6.80232e-06 5.91118e-06 5.12952e-06 4.44506e-06 3.84672e-06 3.3245e-06 2.86944e-06 2.47352e-06 2.12957e-06 1.83121e-06 1.57276e-06 1.34921e-06 1.15609e-06 9.89499e-07 8.45973e-07 7.22478e-07 6.16351e-07 5.25262e-07 4.47173e-07 3.80308e-07 3.2312e-07 2.74262e-07 2.32569e-07 1.97027e-07 1.66762e-07 1.41017e-07 1.1914e-07 1.00567e-07 8.48159e-08 7.14705e-08 6.01742e-08 5.06213e-08 4.25502e-08 3.57372e-08
1.81269e-06 5.19423e-06 1.06539e-05 1.84727e-05 2.88041e-05 4.16678e-05 5.69536e-05 7.44324e-05 9.37756e-05 0.000114576 0.000136372 0.000158674 0.000180982 0.000202812 0.000223711 0.00024327 0.000261137 0.000277023 0.000290702 0.000302019 0.000310881 0.000317256 0.000321171 0.000322697 0.000321951 0.000319081 0.000314263 0.000307693 0.000299576 0.000290127 0.00027956 0.000268086 0.000255906 0.000243212 0.000230182 0.000216978 0.000203747 0.000190618 0.000177704 0.000165102 0.000152891 0.000141136 0.000129888 0.000119185 0.000109054 9.951e-05 9.05602e-05 8.22035e-05 7.4432e-05 6.72325e-05 6.05872e-05 5.44745e-05 4.88704e-05 4.37488e-05 3.90822e-05 3.48425e-05 3.10014e-05 2.75308e-05 2.44029e-05 2.15909e-05 1.90689e-05 1.68123e-05 1.47976e-05 1.30028e-05 1.14073e-05 9.99179e-06 8.73843e-06 7.63079e-06 6.65372e-06 5.79341e-06 5.03723e-06 4.3737e-06 3.79245e-06 3.28409e-06 2.8402e-06 2.45318e-06 2.11627e-06 1.82339e-06 1.56917e-06 1.34881e-06 1.15807e-06 9.93168e-07 8.50807e-07 7.28059e-07 6.22354e-07 5.31437e-07 4.53335e-07 3.86318e-07 3.28881e-07 2.7971e-07 2.37661e-07 2.01743e-07 1.71093e-07 1.44967e-07 1.2272e-07 1.03795e-07 8.77123e-08 7.40576e-08 6.24758e-08 5.26615e-08 4.43525e-08
1.34186e-06 3.94014e-06 8.22945e-06 1.4487e-05 2.28926e-05 3.35178e-05 4.63241e-05 6.11682e-05 7.78141e-05 9.59487e-05 0.0001152 0.000135159 0.000155397 0.000175483 0.000195005 0.000213579 0.000230862 0.000246562 0.000260438 0.000272308 0.000282048 0.000289586 0.000294904 0.000298031 0.000299037 0.000298027 0.000295135 0.000290518 0.000284348 0.000276807 0.000268086 0.000258372 0.000247851 0.000236701 0.000225093 0.000213182 0.000201113 0.000189017 0.00017701 0.000165191 0.000153648 0.000142452 0.000131664 0.000121328 0.000111481 0.000102147 9.33419e-05 8.50726e-05 7.73394e-05 7.01365e-05 6.34528e-05 5.72732e-05 5.15793e-05 4.63501e-05 4.15627e-05 3.71927e-05 3.32154e-05 2.96054e-05 2.63374e-05 2.33867e-05 2.07289e-05 1.83408e-05 1.61998e-05 1.42847e-05 1.25753e-05 1.10527e-05 9.69917e-06 8.49839e-06 7.43511e-06 6.49533e-06 5.6662e-06 4.93596e-06 4.29393e-06 3.73038e-06 3.23652e-06 2.80442e-06 2.42692e-06 2.09764e-06 1.81082e-06 1.56136e-06 1.34468e-06 1.15674e-06 9.9395e-07 8.53121e-07 7.3145e-07 6.26461e-07 5.35979e-07 4.58092e-07 3.91127e-07 3.33618e-07 2.84287e-07 2.42016e-07 2.05836e-07 1.74902e-07 1.4848e-07 1.25936e-07 1.0672e-07 9.0357e-08 7.64372e-08 6.4607e-08 5.45622e-08
9.93327e-07 2.98709e-06 6.35064e-06 1.13472e-05 1.81674e-05 2.69162e-05 3.76073e-05 5.01639e-05 6.44254e-05 8.01582e-05 9.70693e-05 0.000114823 0.000133055 0.000151392 0.000169464 0.000186918 0.000203428 0.000218707 0.00023251 0.000244638 0.000254943 0.000263326 0.000269733 0.000274155 0.000276623 0.000277205 0.000275995 0.000273114 0.000268702 0.000262912 0.000255906 0.000247851 0.000238913 0.000229258 0.000219041 0.000208414 0.000197515 0.000186474 0.000175406 0.000164414 0.000153589 0.000143008 0.000132737 0.000122829 0.000113327 0.000104263 9.56607e-05 8.75345e-05 7.98923e-05 7.27352e-05 6.60588e-05 5.98541e-05 5.41083e-05 4.88055e-05 4.39274e-05 3.94538e-05 3.53635e-05 3.16341e-05 2.82432e-05 2.51682e-05 2.23867e-05 1.98768e-05 1.76174e-05 1.55881e-05 1.37695e-05 1.21433e-05 1.0692e-05 9.3995e-06 8.25066e-06 7.23144e-06 6.32888e-06 5.53106e-06 4.82706e-06 4.2069e-06 3.6615e-06 3.18261e-06 2.7628e-06 2.39534e-06 2.07418e-06 1.7939e-06 1.54964e-06 1.33708e-06 1.15235e-06 9.92025e-07 8.5306e-07 7.32764e-07 6.2876e-07 5.38952e-07 4.61495e-07 3.9477e-07 3.37356e-07 2.88009e-07 2.45644e-07 2.09312e-07 1.78188e-07 1.51552e-07 1.28782e-07 1.09335e-07 9.27439e-08 7.86025e-08 6.65609e-08
