0.0841424 0.0510443 0.0309656 0.018785 0.0113958 0.00691315 0.0041938 0.00254413 0.00154338 0.000936277 0.000567985 0.000344563 0.000209026 0.000126804 7.69246e-05 4.66657e-05 2.83093e-05 1.71736e-05 1.04182e-05 6.32013e-06 3.83406e-06 2.3259e-06 1.41099e-06 8.55963e-07 5.19263e-07 3.15006e-07 1.91096e-07 1.15927e-07 7.0326e-08 4.26627e-08 2.5881e-08 1.57005e-08 9.52455e-09 5.77799e-09 3.50517e-09 2.12638e-09 1.28995e-09 7.82538e-10 4.7472e-10 2.87985e-10 1.74704e-10 1.05983e-10 6.42934e-11 3.90031e-11 2.36609e-11 1.43537e-11 8.70753e-12 5.28235e-12 3.20449e-12 1.94398e-12 1.1793e-12 7.15412e-13 4.33999e-13 2.63282e-13 1.59718e-13 9.68913e-14 5.87783e-14 3.56574e-14 2.16312e-14 1.31224e-14 7.9606e-15 4.82923e-15 2.92961e-15 1.77722e-15 1.07814e-15 6.54044e-16 3.9677e-16 2.40697e-16 1.46017e-16 8.858e-17 5.37363e-17 3.25987e-17 1.97757e-17 1.19968e-17 7.27774e-18 4.41498e-18 2.67831e-18 1.62477e-18 9.85655e-19 5.9794e-19 3.62735e-19 2.2005e-19 1.33492e-19 8.09815e-20 4.91268e-20 2.98023e-20 1.80793e-20 1.09677e-20 6.65345e-21 4.03626e-21 2.44856e-21 1.4854e-21 9.01106e-22 5.46648e-22 3.31619e-22 2.01174e-22 1.22041e-22 7.40349e-23 4.49127e-23 2.72459e-23 1.65285e-23
0.0510443 0.0369051 0.0259913 0.0179532 0.0122172 0.00821585 0.00547206 0.00361562 0.00237297 0.00154849 0.00100547 0.000650051 0.00041867 0.000268738 0.000171978 0.000109759 6.98785e-05 4.43895e-05 2.81408e-05 1.78068e-05 1.12485e-05 7.09443e-06 4.46796e-06 2.81005e-06 1.76511e-06 1.10744e-06 6.94058e-07 4.34534e-07 2.71789e-07 1.69843e-07 1.06045e-07 6.61584e-08 4.12427e-08 2.56918e-08 1.59936e-08 9.94981e-09 6.18607e-09 3.84378e-09 2.38704e-09 1.48158e-09 9.19119e-10 5.69908e-10 3.53211e-10 2.18811e-10 1.35493e-10 8.38659e-11 5.18897e-11 3.20931e-11 1.98419e-11 1.22631e-11 7.57654e-12 4.67949e-12 2.88927e-12 1.78339e-12 1.10046e-12 6.7886e-13 4.18664e-13 2.58128e-13 1.59108e-13 9.80486e-14 6.04067e-14 3.72071e-14 2.29123e-14 1.41063e-14 8.68294e-15 5.34354e-15 3.28778e-15 2.02251e-15 1.24393e-15 7.64927e-16 4.70289e-16 2.8909e-16 1.77675e-16 1.09181e-16 6.70806e-17 4.12076e-17 2.53099e-17 1.55431e-17 9.54378e-18 5.85923e-18 3.59666e-18 2.20749e-18 1.35469e-18 8.31233e-19 5.09977e-19 3.12841e-19 1.91886e-19 1.17682e-19 7.21651e-20 4.4248e-20 2.71276e-20 1.66296e-20 1.0193e-20 6.24713e-21 3.82836e-21 2.34585e-21 1.43729e-21 8.80535e-22 5.39395e-22 3.3039e-22 2.02351e-22
0.0309656 0.0259913 0.0205583 0.0156322 0.0115548 0.00836002 0.00594752 0.00417386 0.0028962 0.00199055 0.00135695 0.000918479 0.000617828 0.000413305 0.000275128 0.000182338 0.00012036 7.916e-05 5.18906e-05 3.39115e-05 2.20997e-05 1.43648e-05 9.31467e-06 6.02648e-06 3.89092e-06 2.50723e-06 1.61265e-06 1.03548e-06 6.638e-07 4.24886e-07 2.71569e-07 1.73339e-07 1.10497e-07 7.03512e-08 4.47389e-08 2.84195e-08 1.80339e-08 1.1432e-08 7.23997e-09 4.58089e-09 2.89587e-09 1.82912e-09 1.15439e-09 7.27984e-10 4.58741e-10 2.88869e-10 1.81775e-10 1.14308e-10 7.18354e-11 4.51162e-11 2.83182e-11 1.77643e-11 1.11375e-11 6.97903e-12 4.37093e-12 2.73611e-12 1.7119e-12 1.07058e-12 6.69208e-13 4.18127e-13 2.61136e-13 1.63021e-13 1.01728e-13 6.34555e-14 3.95666e-14 2.46618e-14 1.53661e-14 9.57078e-15 5.95911e-15 3.7091e-15 2.30788e-15 1.43556e-15 8.9267e-16 5.5492e-16 3.44858e-16 2.14252e-16 1.33072e-16 8.26283e-17 5.12925e-17 3.1832e-17 1.97498e-17 1.22505e-17 7.5969e-18 4.70994e-18 2.91939e-18 1.80912e-18 1.12085e-18 6.94273e-19 4.29952e-19 2.66205e-19 1.64788e-19 1.01987e-19 6.31068e-20 3.90413e-20 2.41485e-20 1.49339e-20 9.23374e-21 5.70825e-21 3.52819e-21 2.18034e-21 1.34718e-21
0.018785 0.0179532 0.0156322 0.0128517 0.0101566 0.00779626 0.00585106 0.00431259 0.00313174 0.00224599 0.00159365 0.00112037 0.000781286 0.00054093 0.000372127 0.000254531 0.000173193 0.00011729 7.90875e-05 5.31163e-05 3.5543e-05 2.37031e-05 1.57575e-05 1.04447e-05 6.90413e-06 4.55206e-06 2.99406e-06 1.96484e-06 1.28667e-06 8.40867e-07 5.48478e-07 3.57113e-07 2.32116e-07 1.50625e-07 9.75913e-08 6.3137e-08 4.07889e-08 2.63156e-08 1.69561e-08 1.09119e-08 7.01387e-09 4.50322e-09 2.88811e-09 1.85033e-09 1.18426e-09 7.57218e-10 4.83715e-10 3.08721e-10 1.96863e-10 1.25429e-10 7.98509e-11 5.07949e-11 3.22872e-11 2.05079e-11 1.30168e-11 8.25635e-12 5.23337e-12 3.31508e-12 2.09861e-12 1.32772e-12 8.39505e-13 5.30505e-13 3.35053e-13 2.11495e-13 1.33431e-13 8.41376e-14 5.3028e-14 3.34048e-14 2.10332e-14 1.32373e-14 8.32717e-15 5.23606e-15 3.29097e-15 2.06757e-15 1.29843e-15 8.15088e-16 5.1147e-16 3.20825e-16 2.01166e-16 1.26091e-16 7.90054e-17 4.94855e-17 3.0985e-17 1.93945e-17 1.21357e-17 7.59119e-18 4.74701e-18 2.96754e-18 1.85456e-18 1.15867e-18 7.23687e-19 4.51876e-19 2.82077e-19 1.76034e-19 1.09827e-19 6.85028e-20 4.27165e-20 2.66301e-20 1.65975e-20 1.0342e-20 6.44268e-21
0.0113958 0.0122172 0.0115548 0.0101566 0.00850042 0.00686541 0.00539553 0.0041491 0.00313419 0.00233238 0.00171368 0.00124526 0.00089616 0.000639424 0.000452763 0.000318394 0.000222513 0.000154626 0.000106896 7.35472e-05 5.03805e-05 3.43708e-05 2.336e-05 1.58206e-05 1.06793e-05 7.1865e-06 4.82205e-06 3.2267e-06 2.1536e-06 1.43388e-06 9.52487e-07 6.31326e-07 4.17585e-07 2.75663e-07 1.81632e-07 1.19461e-07 7.84355e-08 5.14148e-08 3.36496e-08 2.19897e-08 1.43493e-08 9.35062e-09 6.08515e-09 3.95499e-09 2.56735e-09 1.66459e-09 1.07804e-09 6.97395e-10 4.50673e-10 2.90935e-10 1.87629e-10 1.20888e-10 7.78147e-11 5.00435e-11 3.21555e-11 2.06439e-11 1.32426e-11 8.48804e-12 5.43632e-12 3.47916e-12 2.22499e-12 1.42191e-12 9.08058e-13 5.79514e-13 3.69598e-13 2.35569e-13 1.5005e-13 9.55197e-14 6.07704e-14 3.86403e-14 2.45553e-14 1.5596e-14 9.90027e-15 6.28137e-15 3.98328e-15 2.5247e-15 1.59944e-15 1.01279e-15 6.41014e-16 4.05526e-16 2.56434e-16 1.62085e-16 1.02406e-16 6.46736e-17 4.08273e-17 2.57632e-17 1.6251e-17 1.02469e-17 6.4586e-18 4.06936e-18 2.56304e-18 1.61373e-18 1.01568e-18 6.39045e-19 4.0194e-19 2.52725e-19 1.58852e-19 9.98164e-20 6.27011e-20 3.93745e-20 2.47186e-20
0.00691315 0.00821585 0.00836002 0.00779626 0.00686541 0.00580144 0.0047506 0.00379416 0.00296897 0.00228383 0.00173135 0.00129604 0.000959509 0.000703439 0.000511219 0.000368614 0.000263904 0.000187717 0.000132734 9.33455e-05 6.53153e-05 4.54893e-05 3.15441e-05 2.17856e-05 1.49891e-05 1.02763e-05 7.02185e-06 4.783e-06 3.24833e-06 2.19989e-06 1.48589e-06 1.0011e-06 6.72859e-07 4.51212e-07 3.0192e-07 2.01605e-07 1.34354e-07 8.93661e-08 5.93344e-08 3.93263e-08 2.60216e-08 1.71904e-08 1.13388e-08 7.46797e-09 4.91153e-09 3.22575e-09 2.11576e-09 1.38594e-09 9.06745e-10 5.92521e-10 3.8674e-10 2.52142e-10 1.64211e-10 1.06831e-10 6.9431e-11 4.50793e-11 2.92405e-11 1.8949e-11 1.22686e-11 7.93634e-12 5.12949e-12 3.31258e-12 2.13751e-12 1.37818e-12 8.87911e-13 5.71622e-13 3.67732e-13 2.36399e-13 1.51865e-13 9.7494e-14 6.25476e-14 4.01017e-14 2.56947e-14 1.64534e-14 1.05295e-14 6.73449e-15 4.3048e-15 2.75015e-15 1.75599e-15 1.12061e-15 7.14761e-16 4.55661e-16 2.90339e-16 1.84907e-16 1.17704e-16 7.48902e-17 4.76274e-17 3.02755e-17 1.92367e-17 1.22175e-17 7.75616e-18 4.92185e-18 3.12199e-18 1.97951e-18 1.25462e-18 7.9487e-19 5.03401e-19 3.1869e-19 2.0168e-19 1.27585e-19 8.06824e-20
0.0041938 0.00547206 0.00594752 0.00585106 0.00539553 0.0047506 0.00403833 0.00333856 0.00269793 0.0021391 0.0016687 0.00128359 0.000975282 0.000732999 0.000545574 0.000402535 0.000294654 0.000214134 0.000154593 0.000110931 7.91553e-05 5.61881e-05 3.96923e-05 2.7913e-05 1.95466e-05 1.36337e-05 9.47408e-06 6.56046e-06 4.52783e-06 3.11518e-06 2.13689e-06 1.46169e-06 9.97157e-07 6.78516e-07 4.60571e-07 3.11905e-07 2.10757e-07 1.42107e-07 9.56228e-08 6.42182e-08 4.30465e-08 2.88027e-08 1.92387e-08 1.28289e-08 8.54092e-09 5.67734e-09 3.7682e-09 2.49744e-09 1.6529e-09 1.09248e-09 7.21124e-10 4.75398e-10 3.13019e-10 2.05859e-10 1.35228e-10 8.87312e-11 5.81588e-11 3.80799e-11 2.49076e-11 1.62755e-11 1.06247e-11 6.92928e-12 4.51504e-12 2.93933e-12 1.91186e-12 1.24249e-12 8.06815e-13 5.23484e-13 3.39384e-13 2.1986e-13 1.42323e-13 9.2063e-14 5.95094e-14 3.844e-14 2.48132e-14 1.60064e-14 1.03186e-14 6.64771e-15 4.28007e-15 2.754e-15 1.771e-15 1.1382e-15 7.31083e-16 4.69323e-16 3.01119e-16 1.93095e-16 1.23758e-16 7.92774e-17 5.07581e-17 3.24821e-17 2.07764e-17 1.32828e-17 8.48791e-18 5.42141e-18 3.4612e-18 2.20875e-18 1.40889e-18 8.98299e-19 5.72506e-19 3.64719e-19 2.32252e-19
0.00254413 0.00361562 0.00417386 0.00431259 0.0041491 0.00379416 0.00333856 0.00284952 0.00237234 0.00193439 0.00154957 0.0012224 0.00095143 0.000731771 0.000556878 0.000419752 0.000313664 0.000232547 0.000171166 0.000125152 9.09476e-05 6.57159e-05 4.72332e-05 3.37813e-05 2.40489e-05 1.70462e-05 1.20333e-05 8.4619e-06 5.92886e-06 4.1398e-06 2.88117e-06 1.99899e-06 1.38285e-06 9.53927e-07 6.56286e-07 4.50359e-07 3.08292e-07 2.10546e-07 1.43469e-07 9.75507e-08 6.6192e-08 4.48246e-08 3.02968e-08 2.04398e-08 1.37652e-08 9.25439e-09 6.21146e-09 4.16242e-09 2.78502e-09 1.86063e-09 1.24127e-09 8.26922e-10 5.5014e-10 3.6552e-10 2.42547e-10 1.60747e-10 1.06406e-10 7.03535e-11 4.64634e-11 3.06519e-11 2.01993e-11 1.32973e-11 8.74476e-12 5.74516e-12 3.77083e-12 2.47266e-12 1.61992e-12 1.06031e-12 6.93414e-13 4.53088e-13 2.95809e-13 1.92969e-13 1.25782e-13 8.19242e-14 5.33184e-14 3.46752e-14 2.25344e-14 1.46341e-14 9.4969e-15 6.15891e-15 3.9915e-15 2.58515e-15 1.67323e-15 1.08232e-15 6.99664e-16 4.52024e-16 2.91862e-16 1.8834e-16 1.21468e-16 7.82955e-17 5.04401e-17 3.24775e-17 2.09007e-17 1.34436e-17 8.64267e-18 5.55348e-18 3.56672e-18 2.28963e-18 1.46911e-18 9.422e-19 6.03995e-19
0.00154338 0.00237297 0.0028962 0.00313174 0.00313419 0.00296897 0.00269793 0.00237234 0.0020308 0.00169986 0.0013959 0.00112749 0.000897584 0.000705455 0.000548136 0.000421532 0.000321155 0.000242607 0.000181847 0.000135329 0.000100045 7.35075e-05 5.37008e-05 3.90219e-05 2.82139e-05 2.03039e-05 1.45471e-05 1.03792e-05 7.37638e-06 5.22279e-06 3.68492e-06 2.59117e-06 1.81625e-06 1.26921e-06 8.84363e-07 6.14502e-07 4.25857e-07 2.94375e-07 2.02992e-07 1.39651e-07 9.58586e-08 6.56571e-08 4.48776e-08 3.06132e-08 2.08425e-08 1.41639e-08 9.60805e-09 6.50629e-09 4.39848e-09 2.96871e-09 2.00055e-09 1.34607e-09 9.04375e-10 6.06745e-10 4.06501e-10 2.71977e-10 1.81733e-10 1.21278e-10 8.08339e-11 5.38125e-11 3.5782e-11 2.37658e-11 1.57673e-11 1.04494e-11 6.91784e-12 4.57512e-12 3.02274e-12 1.99514e-12 1.31563e-12 8.66737e-13 5.70489e-13 3.75164e-13 2.46501e-13 1.61825e-13 1.06149e-13 6.95715e-14 4.5562e-14 2.98151e-14 1.94958e-14 1.27386e-14 8.31734e-15 5.42673e-15 3.53824e-15 2.30536e-15 1.50106e-15 9.76727e-16 6.35135e-16 4.12747e-16 2.6806e-16 1.73986e-16 1.12859e-16 7.31651e-17 4.74046e-17 3.06966e-17 1.98664e-17 1.28502e-17 8.30744e-18 5.36778e-18 3.46655e-18 2.23758e-18 1.44358e-18
0.000936277 0.00154849 0.00199055 0.00224599 0.00233238 0.00228383 0.0021391 0.00193439 0.00169986 0.0014584 0.00122595 0.00101252 0.000823404 0.000660505 0.000523392 0.0004102 0.000318296 0.000244748 0.000186632 0.000141229 0.000106117 7.92116e-05 5.87672e-05 4.33509e-05 3.18081e-05 2.32218e-05 1.68733e-05 1.22058e-05 8.79233e-06 6.30823e-06 4.50887e-06 3.21119e-06 2.27917e-06 1.6124e-06 1.13714e-06 7.99589e-07 5.60638e-07 3.92025e-07 2.73408e-07 1.90203e-07 1.32001e-07 9.13971e-08 6.31418e-08 4.35279e-08 2.99446e-08 2.0559e-08 1.40879e-08 9.63559e-09 6.57852e-09 4.48352e-09 3.05054e-09 2.07215e-09 1.40533e-09 9.51624e-10 6.43433e-10 4.34422e-10 2.92892e-10 1.97201e-10 1.32596e-10 8.90413e-11 5.97178e-11 4.00021e-11 2.67635e-11 1.78853e-11 1.19387e-11 7.96043e-12 5.30208e-12 3.52776e-12 2.34479e-12 1.55695e-12 1.0328e-12 6.84453e-13 4.53172e-13 2.99767e-13 1.98115e-13 1.30818e-13 8.63071e-14 5.68933e-14 3.7473e-14 2.46619e-14 1.62178e-14 1.06567e-14 6.99718e-15 4.59095e-15 3.00999e-15 1.97206e-15 1.29113e-15 8.44735e-16 5.52306e-16 3.60871e-16 2.35637e-16 1.53765e-16 1.00277e-16 6.53544e-17 4.25685e-17 2.77105e-17 1.8028e-17 1.1722e-17 7.61751e-18 4.94746e-18 3.21156e-18
0.000567985 0.00100547 0.00135695 0.00159365 0.00171368 0.00173135 0.0016687 0.00154957 0.0013959 0.00122595 0.00105366 0.000888801 0.000737547 0.000603215 0.000486995 0.000388606 0.000306832 0.000239942 0.000185983 0.000142992 0.000109114 8.26845e-05 6.22509e-05 4.65836e-05 3.4662e-05 2.56542e-05 1.88922e-05 1.38468e-05 1.01035e-05 7.34098e-06 5.31238e-06 3.8297e-06 2.75081e-06 1.96902e-06 1.40476e-06 9.99033e-07 7.08343e-07 5.00781e-07 3.53057e-07 2.48246e-07 1.74102e-07 1.21802e-07 8.5011e-08 5.91971e-08 4.11308e-08 2.85173e-08 1.97313e-08 1.36251e-08 9.39047e-09 6.45992e-09 4.43592e-09 3.04076e-09 2.08087e-09 1.42166e-09 9.69733e-10 6.60445e-10 4.49126e-10 3.04975e-10 2.06796e-10 1.4003e-10 9.46921e-11 6.39495e-11 4.31326e-11 2.90559e-11 1.95495e-11 1.31378e-11 8.81875e-12 5.91293e-12 3.96023e-12 2.64955e-12 1.77079e-12 1.18227e-12 7.88554e-13 5.25436e-13 3.49778e-13 2.32625e-13 1.54569e-13 1.02612e-13 6.80597e-14 4.51034e-14 2.98649e-14 1.97585e-14 1.30615e-14 8.62759e-15 5.69437e-15 3.75553e-15 2.47497e-15 1.62986e-15 1.07255e-15 7.053e-16 4.63479e-16 3.04361e-16 1.99737e-16 1.3099e-16 8.585e-17 5.62296e-17 3.68059e-17 2.40771e-17 1.57408e-17 1.02847e-17 6.71591e-18
0.000344563 0.000650051 0.000918479 0.00112037 0.00124526 0.00129604 0.00128359 0.0012224 0.00112749 0.00101252 0.000888801 0.000764981 0.000647144 0.000539154 0.000443094 0.000359699 0.000288764 0.000229475 0.00018067 0.00014103 0.000109219 8.39631e-05 6.4107e-05 4.86345e-05 3.6676e-05 2.75027e-05 2.05148e-05 1.52262e-05 1.12477e-05 8.2716e-06 6.05721e-06 4.41777e-06 3.20971e-06 2.32347e-06 1.67606e-06 1.20501e-06 8.63583e-07 6.17001e-07 4.39532e-07 3.12227e-07 2.21193e-07 1.56293e-07 1.10158e-07 7.74532e-08 5.43312e-08 3.8026e-08 2.65562e-08 1.85071e-08 1.28713e-08 8.93419e-09 6.18952e-09 4.28012e-09 2.95444e-09 2.03582e-09 1.40045e-09 9.61804e-10 6.59496e-10 4.51507e-10 3.08647e-10 2.10679e-10 1.43603e-10 9.77458e-11 6.64425e-11 4.51046e-11 3.05799e-11 2.07064e-11 1.40037e-11 9.45933e-12 6.38221e-12 4.30116e-12 2.89546e-12 1.94704e-12 1.30789e-12 8.77635e-13 5.88321e-13 3.93987e-13 2.63588e-13 1.76179e-13 1.17646e-13 7.8488e-14 5.23165e-14 3.48411e-14 2.3183e-14 1.54128e-14 1.02384e-14 6.79567e-15 4.50696e-15 2.98673e-15 1.97777e-15 1.30866e-15 8.65277e-16 5.71701e-16 3.77461e-16 2.49041e-16 1.64199e-16 1.08187e-16 7.12347e-17 4.68731e-17 3.08231e-17 2.0256e-17 1.33033e-17
0.000209026 0.00041867 0.000617828 0.000781286 0.00089616 0.000959509 0.000975282 0.00095143 0.000897584 0.000823404 0.000737547 0.000647144 0.000557644 0.000472886 0.000395313 0.000326234 0.0002661 0.000214751 0.000171627 0.000135935 0.000106774 8.32248e-05 6.44049e-05 4.95073e-05 3.78172e-05 2.87174e-05 2.16863e-05 1.6291e-05 1.21775e-05 9.0599e-06 6.71049e-06 4.9493e-06 3.63563e-06 2.66039e-06 1.93961e-06 1.40916e-06 1.02034e-06 7.36426e-07 5.29873e-07 3.80125e-07 2.7192e-07 1.93983e-07 1.38019e-07 9.79507e-08 6.9344e-08 4.89756e-08 3.45108e-08 2.42644e-08 1.70236e-08 1.19188e-08 8.32801e-09 5.80769e-09 4.04246e-09 2.80861e-09 1.94789e-09 1.34861e-09 9.32135e-10 6.43224e-10 4.43154e-10 3.04843e-10 2.09385e-10 1.43607e-10 9.83527e-11 6.72654e-11 4.59418e-11 3.13363e-11 2.13465e-11 1.45231e-11 9.86855e-12 6.69771e-12 4.54034e-12 3.07433e-12 2.07934e-12 1.40482e-12 9.48093e-13 6.3918e-13 4.30475e-13 2.89624e-13 1.94667e-13 1.30716e-13 8.76908e-14 5.87727e-14 3.93551e-14 2.63293e-14 1.75993e-14 1.17538e-14 7.84328e-15 5.22945e-15 3.48387e-15 2.31911e-15 1.54255e-15 1.02524e-15 6.80897e-16 4.51872e-16 2.99663e-16 1.98582e-16 1.31504e-16 8.70242e-17 5.75498e-17 3.80327e-17 2.51179e-17
0.000126804 0.000268738 0.000413305 0.00054093 0.000639424 0.000703439 0.000732999 0.000731771 0.000705455 0.000660505 0.000603215 0.000539154 0.000472886 0.000407887 0.000346606 0.000290597 0.000240685 0.000197141 0.000159838 0.000128382 0.000102225 8.07441e-05 6.33002e-05 4.92781e-05 3.81109e-05 2.9293e-05 2.23849e-05 1.70124e-05 1.28624e-05 9.67709e-06 7.24674e-06 5.40275e-06 4.01101e-06 2.96582e-06 2.18457e-06 1.60321e-06 1.17244e-06 8.54521e-07 6.20799e-07 4.49604e-07 3.24648e-07 2.33747e-07 1.67833e-07 1.20185e-07 8.58433e-08 6.11621e-08 4.34726e-08 3.08276e-08 2.18117e-08 1.53991e-08 1.08489e-08 7.62761e-09 5.35219e-09 3.74835e-09 2.62022e-09 1.82831e-09 1.27349e-09 8.85516e-10 6.14716e-10 4.26037e-10 2.94805e-10 2.03683e-10 1.40515e-10 9.67955e-11 6.65839e-11 4.57382e-11 3.13762e-11 2.14954e-11 1.47071e-11 1.00499e-11 6.85898e-12 4.67555e-12 3.18341e-12 2.16496e-12 1.47068e-12 9.97942e-13 6.76428e-13 4.58013e-13 3.09801e-13 2.09337e-13 1.41311e-13 9.52978e-14 6.42055e-14 4.3217e-14 2.90627e-14 1.95265e-14 1.31078e-14 8.79133e-15 5.89127e-15 3.94456e-15 2.63895e-15 1.76405e-15 1.17828e-15 7.86401e-16 5.24453e-16 3.49496e-16 2.32731e-16 1.54864e-16 1.02976e-16 6.84249e-17 4.54351e-17
7.69246e-05 0.000171978 0.000275128 0.000372127 0.000452763 0.000511219 0.000545574 0.000556878 0.000548136 0.000523392 0.000486995 0.000443094 0.000395313 0.000346606 0.000299216 0.000254715 0.000214099 0.00017789 0.000146245 0.00011906 9.60567e-05 7.68504e-05 6.10058e-05 4.80757e-05 3.76278e-05 2.92618e-05 2.26186e-05 1.73839e-05 1.32888e-05 1.01064e-05 7.64894e-06 5.76233e-06 4.322e-06 3.22812e-06 2.40145e-06 1.77965e-06 1.31402e-06 9.66815e-07 7.08957e-07 5.1819e-07 3.77576e-07 2.74296e-07 1.98692e-07 1.43526e-07 1.03399e-07 7.42975e-08 5.3253e-08 3.8077e-08 2.7162e-08 1.9332e-08 1.37289e-08 9.729e-09 6.88023e-09 4.85586e-09 3.42045e-09 2.40479e-09 1.68761e-09 1.1822e-09 8.26708e-10 5.77135e-10 4.02241e-10 2.79896e-10 1.94458e-10 1.34894e-10 9.34354e-11 6.46248e-11 4.46344e-11 3.0785e-11 2.12042e-11 1.45857e-11 1.00202e-11 6.87499e-12 4.71122e-12 3.22455e-12 2.20441e-12 1.50526e-12 1.02669e-12 6.99495e-13 4.76056e-13 3.23645e-13 2.198e-13 1.49122e-13 1.01069e-13 6.84336e-14 4.62915e-14 3.1284e-14 2.11222e-14 1.42482e-14 9.60267e-15 6.4661e-15 4.35029e-15 2.92432e-15 1.96413e-15 1.31814e-15 8.83897e-16 5.92242e-16 3.96514e-16 2.65269e-16 1.77332e-16 1.18459e-16 7.90734e-17
4.66657e-05 0.000109759 0.000182338 0.000254531 0.000318394 0.000368614 0.000402535 0.000419752 0.000421532 0.0004102 0.000388606 0.000359699 0.000326234 0.000290597 0.000254715 0.000220047 0.000187613 0.00015805 0.000131689 0.000108618 8.87526e-05 7.1892e-05 5.77641e-05 4.60621e-05 3.64709e-05 2.86847e-05 2.24195e-05 1.74191e-05 1.34582e-05 1.03429e-05 7.90867e-06 6.01841e-06 4.55906e-06 3.43855e-06 2.58266e-06 1.93211e-06 1.43992e-06 1.0692e-06 7.91151e-07 5.83439e-07 4.28869e-07 3.14268e-07 2.296e-07 1.67258e-07 1.21503e-07 8.80274e-08 6.36086e-08 4.58479e-08 3.29658e-08 2.36473e-08 1.69241e-08 1.20856e-08 8.6118e-09 6.12369e-09 4.34561e-09 3.07775e-09 2.17562e-09 1.53505e-09 1.08113e-09 7.60086e-10 5.33461e-10 3.7378e-10 2.61468e-10 1.82613e-10 1.27342e-10 8.86647e-11 6.16437e-11 4.27957e-11 2.96687e-11 2.05399e-11 1.42009e-11 9.80524e-12 6.76149e-12 4.65671e-12 3.20317e-12 2.20068e-12 1.51016e-12 1.0351e-12 7.08684e-13 4.84663e-13 3.31096e-13 2.25946e-13 1.54028e-13 1.04894e-13 7.13616e-14 4.85008e-14 3.29315e-14 2.23389e-14 1.51393e-14 1.02507e-14 6.93436e-15 4.6868e-15 3.16497e-15 2.13545e-15 1.43962e-15 9.69716e-16 6.52664e-16 4.38923e-16 2.94948e-16 1.98047e-16 1.3288e-16
2.83093e-05 6.98785e-05 0.00012036 0.000173193 0.000222513 0.000263904 0.000294654 0.000313664 0.000321155 0.000318296 0.000306832 0.000288764 0.0002661 0.000240685 0.000214099 0.000187613 0.00016218 0.000138464 0.000116878 9.76274e-05 8.07601e-05 6.62078e-05 5.3824e-05 4.34146e-05 3.47618e-05 2.76419e-05 2.18377e-05 1.71467e-05 1.33853e-05 1.03917e-05 8.02553e-06 6.1674e-06 4.71709e-06 3.59157e-06 2.72283e-06 2.05573e-06 1.54595e-06 1.15819e-06 8.64544e-07 6.43098e-07 4.7677e-07 3.5232e-07 2.59546e-07 1.90628e-07 1.39605e-07 1.01953e-07 7.4255e-08 5.39406e-08 3.90847e-08 2.8251e-08 2.03718e-08 1.46563e-08 1.05208e-08 7.5359e-09 5.38648e-09 3.84225e-09 2.73529e-09 1.94348e-09 1.37829e-09 9.75674e-10 6.89435e-10 4.86325e-10 3.42471e-10 2.4077e-10 1.68998e-10 1.18434e-10 8.28718e-11 5.79007e-11 4.03947e-11 2.81413e-11 1.95774e-11 1.3601e-11 9.43642e-12 6.53844e-12 4.52464e-12 3.12716e-12 2.15865e-12 1.4883e-12 1.02492e-12 7.04994e-13 4.84384e-13 3.32439e-13 2.27909e-13 1.5608e-13 1.06778e-13 7.29736e-14 4.98211e-14 3.39806e-14 2.3154e-14 1.57618e-14 1.07196e-14 7.28374e-15 4.94464e-15 3.35374e-15 2.27271e-15 1.53881e-15 1.04102e-15 7.03677e-16 4.75261e-16 3.20731e-16 2.16275e-16
1.71736e-05 4.43895e-05 7.916e-05 0.00011729 0.000154626 0.000187717 0.000214134 0.000232547 0.000242607 0.000244748 0.000239942 0.000229475 0.000214751 0.000197141 0.00017789 0.00015805 0.000138464 0.00011976 0.000102371 8.65652e-05 7.24696e-05 6.01074e-05 4.94236e-05 4.03109e-05 3.26296e-05 2.62241e-05 2.09349e-05 1.66068e-05 1.30946e-05 1.02666e-05 8.00603e-06 6.21119e-06 4.79521e-06 3.68478e-06 2.8189e-06 2.14732e-06 1.62906e-06 1.23106e-06 9.26804e-07 6.9523e-07 5.1971e-07 3.87206e-07 2.87558e-07 2.12892e-07 1.57141e-07 1.15655e-07 8.48841e-08 6.21315e-08 4.53587e-08 3.30299e-08 2.39931e-08 1.73873e-08 1.25711e-08 9.06854e-09 6.52765e-09 4.68874e-09 3.36094e-09 2.40434e-09 1.71666e-09 1.22334e-09 8.7018e-10 6.17857e-10 4.37929e-10 3.09868e-10 2.18889e-10 1.5437e-10 1.08695e-10 7.64158e-11 5.3641e-11 3.75981e-11 2.63151e-11 1.8392e-11 1.28366e-11 8.94705e-12 6.22779e-12 4.32936e-12 3.0058e-12 2.08427e-12 1.4435e-12 9.98531e-13 6.89915e-13 4.76134e-13 3.28226e-13 2.26015e-13 1.55463e-13 1.06821e-13 7.33213e-14 5.02757e-14 3.44388e-14 2.35672e-14 1.61119e-14 1.10045e-14 7.50901e-15 5.11913e-15 3.48671e-15 2.37273e-15 1.61324e-15 1.09591e-15 7.43848e-16 5.04463e-16 3.41836e-16
1.04182e-05 2.81408e-05 5.18906e-05 7.90875e-05 0.000106896 0.000132734 0.000154593 0.000171166 0.000181847 0.000186632 0.000185983 0.00018067 0.000171627 0.000159838 0.000146245 0.000131689 0.000116878 0.000102371 8.8586e-05 7.58061e-05 6.42035e-05 5.38578e-05 4.47773e-05 3.69182e-05 3.02011e-05 2.4525e-05 1.97782e-05 1.5846e-05 1.26173e-05 9.98769e-06 7.86218e-06 6.15629e-06 4.79627e-06 3.71874e-06 2.87006e-06 2.20533e-06 1.68744e-06 1.28596e-06 9.76204e-07 7.38306e-07 5.56386e-07 4.17847e-07 3.12763e-07 2.33357e-07 1.73573e-07 1.2872e-07 9.51824e-08 7.01865e-08 5.1615e-08 3.78583e-08 2.76977e-08 2.02142e-08 1.47175e-08 1.06907e-08 7.74812e-09 5.60323e-09 4.04349e-09 2.91189e-09 2.09276e-09 1.50111e-09 1.07467e-09 7.67942e-10 5.47765e-10 3.90024e-10 2.7723e-10 1.96723e-10 1.39366e-10 9.85734e-11 6.96116e-11 4.90836e-11 3.45574e-11 2.42945e-11 1.7055e-11 1.1956e-11 8.36996e-12 5.85163e-12 4.08562e-12 2.84891e-12 1.98404e-12 1.38002e-12 9.58719e-13 6.65243e-13 4.61065e-13 3.19188e-13 2.20721e-13 1.52462e-13 1.05198e-13 7.25093e-14 4.99259e-14 3.4341e-14 2.35973e-14 1.61988e-14 1.11091e-14 7.61137e-15 5.21e-15 3.56296e-15 2.43439e-15 1.66181e-15 1.13342e-15 7.72368e-16 5.25882e-16
6.32013e-06 1.78068e-05 3.39115e-05 5.31163e-05 7.35472e-05 9.33455e-05 0.000110931 0.000125152 0.000135329 0.000141229 0.000142992 0.00014103 0.000135935 0.000128382 0.00011906 0.000108618 9.76274e-05 8.65652e-05 7.58061e-05 6.56265e-05 5.62136e-05 4.76782e-05 4.00687e-05 3.33855e-05 2.75939e-05 2.26349e-05 1.84352e-05 1.49139e-05 1.19885e-05 9.57898e-06 7.60994e-06 6.01276e-06 4.72617e-06 3.6965e-06 2.8775e-06 2.22983e-06 1.72045e-06 1.32193e-06 1.01167e-06 7.71258e-07 5.85813e-07 4.43378e-07 3.34428e-07 2.51418e-07 1.88411e-07 1.4076e-07 1.04848e-07 7.78734e-08 5.76778e-08 4.26045e-08 3.13882e-08 2.30662e-08 1.69089e-08 1.23657e-08 9.02221e-09 6.56791e-09 4.77077e-09 3.45798e-09 2.50124e-09 1.80555e-09 1.30079e-09 9.35347e-10 6.71312e-10 4.80931e-10 3.43929e-10 2.45527e-10 1.74981e-10 1.24499e-10 8.84371e-11 6.27216e-11 4.44147e-11 3.14036e-11 2.21712e-11 1.56304e-11 1.10036e-11 7.73564e-12 5.43084e-12 3.80768e-12 2.66616e-12 1.86447e-12 1.30221e-12 9.08394e-13 6.32911e-13 4.4045e-13 3.06159e-13 2.1257e-13 1.47426e-13 1.02133e-13 7.06792e-14 4.88604e-14 3.37419e-14 2.32777e-14 1.60425e-14 1.10453e-14 7.59732e-15 5.22071e-15 3.58418e-15 2.45839e-15 1.68467e-15 1.15344e-15 7.89023e-16
3.83406e-06 1.12485e-05 2.20997e-05 3.5543e-05 5.03805e-05 6.53153e-05 7.91553e-05 9.09476e-05 0.000100045 0.000106117 0.000109114 0.000109219 0.000106774 0.000102225 9.60567e-05 8.87526e-05 8.07601e-05 7.24696e-05 6.42035e-05 5.62136e-05 4.8684e-05 4.17379e-05 3.54466e-05 2.9839e-05 2.49114e-05 2.06365e-05 1.69703e-05 1.38592e-05 1.12445e-05 9.06671e-06 7.26772e-06 5.7931e-06 4.59307e-06 3.62312e-06 2.84411e-06 2.22222e-06 1.72858e-06 1.33886e-06 1.03275e-06 7.93492e-07 6.07352e-07 4.63181e-07 3.51991e-07 2.66586e-07 2.01242e-07 1.51434e-07 1.13606e-07 8.49748e-08 6.33774e-08 4.71382e-08 3.49657e-08 2.58689e-08 1.90904e-08 1.40534e-08 1.03207e-08 7.56192e-09 5.52806e-09 4.03236e-09 2.93506e-09 2.13192e-09 1.54541e-09 1.11804e-09 8.073e-10 5.81829e-10 4.18562e-10 3.00571e-10 2.15464e-10 1.54191e-10 1.10159e-10 7.85734e-11 5.59547e-11 3.97851e-11 2.8245e-11 2.00224e-11 1.41728e-11 1.00178e-11 7.07101e-12 4.98419e-12 3.50852e-12 2.4665e-12 1.73172e-12 1.21429e-12 8.50408e-13 5.94845e-13 4.15585e-13 2.90006e-13 2.0214e-13 1.40737e-13 9.78766e-14 6.7995e-14 4.71855e-14 3.27102e-14 2.26521e-14 1.56708e-14 1.08302e-14 7.47753e-15 5.15772e-15 3.55422e-15 2.44695e-15 1.68308e-15 1.15662e-15
2.3259e-06 7.09443e-06 1.43648e-05 2.37031e-05 3.43708e-05 4.54893e-05 5.61881e-05 6.57159e-05 7.35075e-05 7.92116e-05 8.26845e-05 8.39631e-05 8.32248e-05 8.07441e-05 7.68504e-05 7.1892e-05 6.62078e-05 6.01074e-05 5.38578e-05 4.76782e-05 4.17379e-05 3.61601e-05 3.10256e-05 2.63803e-05 2.22408e-05 1.86018e-05 1.54417e-05 1.27277e-05 1.04205e-05 8.47734e-06 6.85494e-06 5.51122e-06 4.40667e-06 3.50511e-06 2.77409e-06 2.18506e-06 1.71323e-06 1.3374e-06 1.03962e-06 8.04876e-07 6.20711e-07 4.76892e-07 3.65073e-07 2.78499e-07 2.11742e-07 1.60463e-07 1.21221e-07 9.12978e-08 6.85587e-08 5.13365e-08 3.83344e-08 2.85487e-08 2.12058e-08 1.57117e-08 1.16125e-08 8.56237e-09 6.29873e-09 4.62308e-09 3.38576e-09 2.47429e-09 1.80443e-09 1.31325e-09 9.53878e-10 6.91513e-10 5.00366e-10 3.61391e-10 2.60546e-10 1.87513e-10 1.3472e-10 9.66283e-11 6.91935e-11 4.94686e-11 3.53112e-11 2.51669e-11 1.79099e-11 1.27268e-11 9.0306e-12 6.39886e-12 4.5278e-12 3.19951e-12 2.25789e-12 1.59131e-12 1.12009e-12 7.87416e-13 5.52868e-13 3.87717e-13 2.71577e-13 1.90005e-13 1.32782e-13 9.26887e-14 6.46301e-14 4.50165e-14 3.13217e-14 2.17703e-14 1.51159e-14 1.0485e-14 7.26549e-15 5.02965e-15 3.4785e-15 2.40344e-15 1.65909e-15
1.41099e-06 4.46796e-06 9.31467e-06 1.57575e-05 2.336e-05 3.15441e-05 3.96923e-05 4.72332e-05 5.37008e-05 5.87672e-05 6.22509e-05 6.4107e-05 6.44049e-05 6.33002e-05 6.10058e-05 5.77641e-05 5.3824e-05 4.94236e-05 4.47773e-05 4.00687e-05 3.54466e-05 3.10256e-05 2.6888e-05 2.30869e-05 1.96515e-05 1.65911e-05 1.38998e-05 1.15606e-05 9.54909e-06 7.83626e-06 6.39091e-06 5.1815e-06 4.1774e-06 3.34987e-06 2.67254e-06 2.12174e-06 1.67656e-06 1.31884e-06 1.03296e-06 8.05698e-07 6.25929e-07 4.84402e-07 3.73487e-07 2.8694e-07 2.19688e-07 1.67638e-07 1.27508e-07 9.66825e-08 7.30879e-08 5.50899e-08 4.14063e-08 3.1036e-08 2.32009e-08 1.72989e-08 1.28658e-08 9.54535e-09 7.06501e-09 5.21708e-09 3.84382e-09 2.82582e-09 2.07298e-09 1.51754e-09 1.10867e-09 8.0836e-10 5.88255e-10 4.27273e-10 3.09773e-10 2.24181e-10 1.61953e-10 1.16797e-10 8.40899e-11 6.04422e-11 4.33748e-11 3.10778e-11 2.22327e-11 1.5881e-11 1.13271e-11 8.0674e-12 5.73759e-12 4.07493e-12 2.89013e-12 2.04708e-12 1.44804e-12 1.02298e-12 7.21775e-13 5.08627e-13 3.57987e-13 2.51661e-13 1.76707e-13 1.23934e-13 8.68227e-14 6.07565e-14 4.24694e-14 2.96546e-14 2.06846e-14 1.44129e-14 1.00325e-14 6.97639e-15 4.84643e-15 3.36348e-15 2.33205e-15
8.55963e-07 2.81005e-06 6.02648e-06 1.04447e-05 1.58206e-05 2.17856e-05 2.7913e-05 3.37813e-05 3.90219e-05 4.33509e-05 4.65836e-05 4.86345e-05 4.95073e-05 4.92781e-05 4.80757e-05 4.60621e-05 4.34146e-05 4.03109e-05 3.69182e-05 3.33855e-05 2.9839e-05 2.63803e-05 2.30869e-05 2.00138e-05 1.7196e-05 1.46518e-05 1.23859e-05 1.03928e-05 8.65918e-06 7.16668e-06 5.89389e-06 4.81797e-06 3.91586e-06 3.16523e-06 2.5451e-06 2.03621e-06 1.62126e-06 1.28493e-06 1.01388e-06 7.96601e-07 6.2333e-07 4.85829e-07 3.77223e-07 2.91824e-07 2.24962e-07 1.72826e-07 1.32336e-07 1.01008e-07 7.68578e-08 5.83068e-08 4.41049e-08 3.32683e-08 2.50257e-08 1.87753e-08 1.40497e-08 1.04871e-08 7.80882e-09 5.80074e-09 4.29909e-09 3.17902e-09 2.34561e-09 1.72699e-09 1.26888e-09 9.30391e-10 6.80846e-10 4.97269e-10 3.62503e-10 2.63773e-10 1.91586e-10 1.38909e-10 1.00542e-10 7.26492e-11 5.24079e-11 3.77451e-11 2.71417e-11 1.94868e-11 1.39696e-11 9.99958e-12 7.14737e-12 5.10141e-12 3.63601e-12 2.588e-12 1.83957e-12 1.30586e-12 9.25788e-13 6.55501e-13 4.63546e-13 3.27399e-13 2.30961e-13 1.62737e-13 1.14532e-13 8.05141e-14 5.65364e-14 3.96556e-14 2.77848e-14 1.94468e-14 1.35966e-14 9.4965e-15 6.62606e-15 4.61862e-15 3.21618e-15
5.19263e-07 1.76511e-06 3.89092e-06 6.90413e-06 1.06793e-05 1.49891e-05 1.95466e-05 2.40489e-05 2.82139e-05 3.18081e-05 3.4662e-05 3.6676e-05 3.78172e-05 3.81109e-05 3.76278e-05 3.64709e-05 3.47618e-05 3.26296e-05 3.02011e-05 2.75939e-05 2.49114e-05 2.22408e-05 1.96515e-05 1.7196e-05 1.4911e-05 1.28195e-05 1.09328e-05 9.25314e-06 7.77527e-06 6.48894e-06 5.38039e-06 4.43376e-06 3.63224e-06 2.95895e-06 2.39756e-06 1.93274e-06 1.55038e-06 1.23782e-06 9.83798e-07 7.78511e-07 6.13486e-07 4.81496e-07 3.76437e-07 2.93199e-07 2.27542e-07 1.75971e-07 1.35628e-07 1.04193e-07 7.97909e-08 6.09163e-08 4.63683e-08 3.5193e-08 2.66363e-08 2.01053e-08 1.51356e-08 1.1365e-08 8.51253e-09 6.36048e-09 4.74125e-09 3.5261e-09 2.61651e-09 1.9373e-09 1.43135e-09 1.05533e-09 7.76517e-10 5.70231e-10 4.17935e-10 3.05734e-10 2.23242e-10 1.62714e-10 1.18387e-10 8.59865e-11 6.23481e-11 4.51333e-11 3.26186e-11 2.35367e-11 1.6957e-11 1.21981e-11 8.76161e-12 6.28408e-12 4.50065e-12 3.21883e-12 2.2989e-12 1.63966e-12 1.16791e-12 8.30805e-13 5.90244e-13 4.1881e-13 2.96802e-13 2.10081e-13 1.48522e-13 1.04878e-13 7.39738e-14 5.21169e-14 3.66771e-14 2.57832e-14 1.81054e-14 1.27005e-14 8.8998e-15 6.23007e-15 4.3568e-15
3.15006e-07 1.10744e-06 2.50723e-06 4.55206e-06 7.1865e-06 1.02763e-05 1.36337e-05 1.70462e-05 2.03039e-05 2.32218e-05 2.56542e-05 2.75027e-05 2.87174e-05 2.9293e-05 2.92618e-05 2.86847e-05 2.76419e-05 2.62241e-05 2.4525e-05 2.26349e-05 2.06365e-05 1.86018e-05 1.65911e-05 1.46518e-05 1.28195e-05 1.11188e-05 9.56458e-06 8.1639e-06 6.91724e-06 5.82019e-06 4.86476e-06 4.0406e-06 3.33595e-06 2.73843e-06 2.23564e-06 1.81561e-06 1.46711e-06 1.1798e-06 9.44368e-07 7.52563e-07 5.97153e-07 4.71887e-07 3.71419e-07 2.91223e-07 2.275e-07 1.77085e-07 1.37367e-07 1.06201e-07 8.18407e-08 6.28705e-08 4.81507e-08 3.67686e-08 2.79968e-08 2.12584e-08 1.60983e-08 1.21587e-08 9.15976e-09 6.88338e-09 5.16022e-09 3.85931e-09 2.87975e-09 2.14401e-09 1.59276e-09 1.18072e-09 8.73459e-10 6.44846e-10 4.75126e-10 3.49398e-10 2.56454e-10 1.87887e-10 1.37403e-10 1.00306e-10 7.30982e-11 5.31802e-11 3.86254e-11 2.80085e-11 2.02775e-11 1.46576e-11 1.0579e-11 7.62394e-12 5.48624e-12 3.94225e-12 2.82878e-12 2.02699e-12 1.45048e-12 1.03656e-12 7.39782e-13 5.27297e-13 3.75368e-13 2.66881e-13 1.89517e-13 1.34418e-13 9.52258e-14 6.73825e-14 4.7626e-14 3.36244e-14 2.37129e-14 1.67049e-14 1.17554e-14 8.2637e-15 5.80314e-15
1.91096e-07 6.94058e-07 1.61265e-06 2.99406e-06 4.82205e-06 7.02185e-06 9.47408e-06 1.20333e-05 1.45471e-05 1.68733e-05 1.88922e-05 2.05148e-05 2.16863e-05 2.23849e-05 2.26186e-05 2.24195e-05 2.18377e-05 2.09349e-05 1.97782e-05 1.84352e-05 1.69703e-05 1.54417e-05 1.38998e-05 1.23859e-05 1.09328e-05 9.56458e-06 8.29754e-06 7.14144e-06 6.10043e-06 5.17418e-06 4.35896e-06 3.64862e-06 3.03535e-06 2.51042e-06 2.06468e-06 1.68901e-06 1.37462e-06 1.11326e-06 8.97342e-07 7.20022e-07 5.75222e-07 4.57611e-07 3.62573e-07 2.8615e-07 2.24984e-07 1.76248e-07 1.37582e-07 1.07033e-07 8.29915e-08 6.41444e-08 4.94236e-08 3.79665e-08 2.90802e-08 2.22105e-08 1.69169e-08 1.28504e-08 9.73599e-09 7.35765e-09 5.54657e-09 4.17122e-09 3.12955e-09 2.34265e-09 1.7497e-09 1.30399e-09 9.69754e-10 7.19694e-10 5.33034e-10 3.94005e-10 2.90676e-10 2.1404e-10 1.57318e-10 1.15418e-10 8.45282e-11 6.17984e-11 4.51041e-11 3.28649e-11 2.3908e-11 1.73644e-11 1.25921e-11 9.11743e-12 6.59164e-12 4.75855e-12 3.43026e-12 2.46924e-12 1.77499e-12 1.27419e-12 9.13462e-13 6.53994e-13 4.67622e-13 3.33936e-13 2.38171e-13 1.69661e-13 1.20712e-13 8.57834e-14 6.08904e-14 4.31714e-14 3.0574e-14 2.16285e-14 1.52836e-14 1.07884e-14 7.6073e-15
1.15927e-07 4.34534e-07 1.03548e-06 1.96484e-06 3.2267e-06 4.783e-06 6.56046e-06 8.4619e-06 1.03792e-05 1.22058e-05 1.38468e-05 1.52262e-05 1.6291e-05 1.70124e-05 1.73839e-05 1.74191e-05 1.71467e-05 1.66068e-05 1.5846e-05 1.49139e-05 1.38592e-05 1.27277e-05 1.15606e-05 1.03928e-05 9.25314e-06 8.1639e-06 7.14144e-06 6.19669e-06 5.3359e-06 4.56143e-06 3.87255e-06 3.26619e-06 2.73758e-06 2.28086e-06 1.88952e-06 1.5568e-06 1.27597e-06 1.04056e-06 8.44498e-07 6.8221e-07 5.48658e-07 4.39359e-07 3.5038e-07 2.78307e-07 2.20209e-07 1.73591e-07 1.3635e-07 1.06726e-07 8.3256e-08 6.47355e-08 5.01755e-08 3.87708e-08 2.9869e-08 2.29444e-08 1.75755e-08 1.34261e-08 1.02291e-08 7.7731e-09 5.89191e-09 4.45502e-09 3.36049e-09 2.52895e-09 1.89884e-09 1.42257e-09 1.06344e-09 7.93295e-10 5.90551e-10 4.38735e-10 3.25304e-10 2.40734e-10 1.77814e-10 1.31096e-10 9.64785e-11 7.08765e-11 5.19782e-11 3.80543e-11 2.7814e-11 2.02963e-11 1.47869e-11 1.07561e-11 7.81211e-12 5.66536e-12 4.10247e-12 2.96643e-12 2.14192e-12 1.54443e-12 1.11208e-12 7.99689e-13 5.74289e-13 4.11884e-13 2.9503e-13 2.11062e-13 1.50807e-13 1.07623e-13 7.67128e-14 5.46164e-14 3.88398e-14 2.75891e-14 1.95755e-14 1.38743e-14 9.82286e-15
7.0326e-08 2.71789e-07 6.638e-07 1.28667e-06 2.1536e-06 3.24833e-06 4.52783e-06 5.92886e-06 7.37638e-06 8.79233e-06 1.01035e-05 1.12477e-05 1.21775e-05 1.28624e-05 1.32888e-05 1.34582e-05 1.33853e-05 1.30946e-05 1.26173e-05 1.19885e-05 1.12445e-05 1.04205e-05 9.54909e-06 8.65918e-06 7.77527e-06 6.91724e-06 6.10043e-06 5.3359e-06 4.6309e-06 3.98942e-06 3.41271e-06 2.8999e-06 2.44848e-06 2.05479e-06 1.7144e-06 1.42245e-06 1.17394e-06 9.63902e-07 7.87562e-07 6.4045e-07 5.18455e-07 4.17865e-07 3.35373e-07 2.68072e-07 2.13436e-07 1.69291e-07 1.33784e-07 1.05349e-07 8.26728e-08 6.46615e-08 5.04109e-08 3.91778e-08 3.03553e-08 2.345e-08 1.80635e-08 1.38755e-08 1.06296e-08 8.12145e-09 6.18917e-09 4.7048e-09 3.56771e-09 2.69899e-09 2.03706e-09 1.53399e-09 1.1526e-09 8.64167e-10 6.46546e-10 4.82732e-10 3.59697e-10 2.67493e-10 1.98541e-10 1.47085e-10 1.08765e-10 8.02825e-11 5.91544e-11 4.35112e-11 3.19505e-11 2.34225e-11 1.71427e-11 1.25266e-11 9.13917e-12 6.65752e-12 4.84244e-12 3.517e-12 2.55065e-12 1.84718e-12 1.33586e-12 9.64751e-13 6.95798e-13 5.01158e-13 3.60496e-13 2.58981e-13 1.85819e-13 1.3316e-13 9.5308e-14 6.8134e-14 4.86504e-14 3.46981e-14 2.47189e-14 1.759e-14 1.25032e-14
4.26627e-08 1.69843e-07 4.24886e-07 8.40867e-07 1.43388e-06 2.19989e-06 3.11518e-06 4.1398e-06 5.22279e-06 6.30823e-06 7.34098e-06 8.2716e-06 9.0599e-06 9.67709e-06 1.01064e-05 1.03429e-05 1.03917e-05 1.02666e-05 9.98769e-06 9.57898e-06 9.06671e-06 8.47734e-06 7.83626e-06 7.16668e-06 6.48894e-06 5.82019e-06 5.17418e-06 4.56143e-06 3.98942e-06 3.46294e-06 2.9845e-06 2.5547e-06 2.17263e-06 1.83629e-06 1.54285e-06 1.28897e-06 1.07103e-06 8.85314e-07 7.28147e-07 5.96007e-07 4.85593e-07 3.93873e-07 3.18107e-07 2.55852e-07 2.04958e-07 1.63554e-07 1.30026e-07 1.02998e-07 8.13019e-08 6.39585e-08 5.01492e-08 3.9196e-08 3.05402e-08 2.37243e-08 1.83756e-08 1.41923e-08 1.09311e-08 8.39653e-09 6.43277e-09 4.9157e-09 3.74706e-09 2.84931e-09 2.16153e-09 1.63598e-09 1.23542e-09 9.30886e-10 6.9991e-10 5.2514e-10 3.93202e-10 2.93822e-10 2.19129e-10 1.63109e-10 1.21183e-10 8.98681e-11 6.65252e-11 4.91586e-11 3.62628e-11 2.67047e-11 1.96332e-11 1.44108e-11 1.05607e-11 7.72704e-12 5.64505e-12 4.11782e-12 2.99932e-12 2.18146e-12 1.58436e-12 1.14908e-12 8.32235e-13 6.01944e-13 4.34798e-13 3.13655e-13 2.25974e-13 1.62598e-13 1.16852e-13 8.38729e-14 6.01294e-14 4.30564e-14 3.07952e-14 2.20004e-14 1.56996e-14
2.5881e-08 1.06045e-07 2.71569e-07 5.48478e-07 9.52487e-07 1.48589e-06 2.13689e-06 2.88117e-06 3.68492e-06 4.50887e-06 5.31238e-06 6.05721e-06 6.71049e-06 7.24674e-06 7.64894e-06 7.90867e-06 8.02553e-06 8.00603e-06 7.86218e-06 7.60994e-06 7.26772e-06 6.85494e-06 6.39091e-06 5.89389e-06 5.38039e-06 4.86476e-06 4.35896e-06 3.87255e-06 3.41271e-06 2.9845e-06 2.59108e-06 2.23397e-06 1.9134e-06 1.62852e-06 1.37772e-06 1.15884e-06 9.69362e-07 8.06572e-07 6.6771e-07 5.50053e-07 4.50998e-07 3.68107e-07 2.99138e-07 2.42067e-07 1.95087e-07 1.56607e-07 1.25238e-07 9.97843e-08 7.92203e-08 6.26769e-08 4.94222e-08 3.88438e-08 3.04333e-08 2.37708e-08 1.85116e-08 1.43742e-08 1.113e-08 8.59446e-09 6.61879e-09 5.08403e-09 3.89525e-09 2.97706e-09 2.26983e-09 1.72653e-09 1.31026e-09 9.92127e-10 7.49591e-10 5.65134e-10 4.25176e-10 3.19226e-10 2.39198e-10 1.78882e-10 1.33519e-10 9.9473e-11 7.39723e-11 5.49101e-11 4.06882e-11 3.00979e-11 2.22263e-11 1.63862e-11 1.20609e-11 8.86319e-12 6.50308e-12 4.7641e-12 3.48487e-12 2.54536e-12 1.85643e-12 1.35204e-12 9.83307e-13 7.14151e-13 5.17967e-13 3.75176e-13 2.71394e-13 1.96067e-13 1.41469e-13 1.01947e-13 7.33763e-14 5.27489e-14 3.78753e-14 2.71638e-14 1.94593e-14
1.57005e-08 6.61584e-08 1.73339e-07 3.57113e-07 6.31326e-07 1.0011e-06 1.46169e-06 1.99899e-06 2.59117e-06 3.21119e-06 3.8297e-06 4.41777e-06 4.9493e-06 5.40275e-06 5.76233e-06 6.01841e-06 6.1674e-06 6.21119e-06 6.15629e-06 6.01276e-06 5.7931e-06 5.51122e-06 5.1815e-06 4.81797e-06 4.43376e-06 4.0406e-06 3.64862e-06 3.26619e-06 2.8999e-06 2.5547e-06 2.23397e-06 1.93979e-06 1.67306e-06 1.43378e-06 1.22121e-06 1.03407e-06 8.70697e-07 7.29188e-07 6.07521e-07 5.03639e-07 4.15523e-07 3.41244e-07 2.78998e-07 2.27128e-07 1.84136e-07 1.48685e-07 1.19594e-07 9.58352e-08 7.65175e-08 6.0879e-08 4.82716e-08 3.81484e-08 3.00514e-08 2.35991e-08 1.84761e-08 1.44225e-08 1.1226e-08 8.71355e-09 6.74502e-09 5.2074e-09 4.00993e-09 3.08005e-09 2.36e-09 1.80396e-09 1.3757e-09 1.04672e-09 7.94631e-10 6.01943e-10 4.55008e-10 3.43224e-10 2.58376e-10 1.94115e-10 1.45552e-10 1.08931e-10 8.13707e-11 6.06723e-11 4.51579e-11 3.35515e-11 2.48853e-11 1.84263e-11 1.36212e-11 1.00527e-11 7.4073e-12 5.44949e-12 4.00299e-12 2.93601e-12 2.15024e-12 1.57248e-12 1.14831e-12 8.37388e-13 6.09808e-13 4.43476e-13 3.22083e-13 2.33612e-13 1.69224e-13 1.22427e-13 8.84609e-14 6.38398e-14 4.60157e-14 3.31287e-14 2.38228e-14
9.52455e-09 4.12427e-08 1.10497e-07 2.32116e-07 4.17585e-07 6.72859e-07 9.97157e-07 1.38285e-06 1.81625e-06 2.27917e-06 2.75081e-06 3.20971e-06 3.63563e-06 4.01101e-06 4.322e-06 4.55906e-06 4.71709e-06 4.79521e-06 4.79627e-06 4.72617e-06 4.59307e-06 4.40667e-06 4.1774e-06 3.91586e-06 3.63224e-06 3.33595e-06 3.03535e-06 2.73758e-06 2.44848e-06 2.17263e-06 1.9134e-06 1.67306e-06 1.45296e-06 1.25361e-06 1.07488e-06 9.16161e-07 7.76423e-07 6.54398e-07 5.48654e-07 4.57672e-07 3.79921e-07 3.13902e-07 2.58183e-07 2.11429e-07 1.72413e-07 1.40024e-07 1.13273e-07 9.12832e-08 7.3291e-08 5.86349e-08 4.67469e-08 3.71438e-08 2.94171e-08 2.32238e-08 1.82779e-08 1.43422e-08 1.12211e-08 8.75428e-09 6.81089e-09 5.28465e-09 4.08966e-09 3.15679e-09 2.43063e-09 1.86695e-09 1.43059e-09 1.09367e-09 8.34199e-10 6.3488e-10 4.82138e-10 3.65368e-10 2.76305e-10 2.08529e-10 1.57066e-10 1.18073e-10 8.85924e-11 6.63484e-11 4.95989e-11 3.70114e-11 2.757e-11 2.05018e-11 1.52199e-11 1.12802e-11 8.34665e-12 6.16619e-12 4.54823e-12 3.34966e-12 2.46323e-12 1.80869e-12 1.32615e-12 9.70952e-13 7.09894e-13 5.1831e-13 3.77916e-13 2.75183e-13 2.00113e-13 1.45335e-13 1.05417e-13 7.63679e-14 5.52554e-14 3.99312e-14 2.88225e-14
