0.390148 0.102015 0.0412723 0.0178831 0.00693817 0.00240437 0.000765915 0.000229876 6.61426e-05 1.84611e-05 5.03831e-06 1.3519e-06 3.58018e-07 9.38323e-08 2.43869e-08 6.29453e-09 1.61534e-09 4.12519e-10 1.04906e-10 2.65811e-11 6.71368e-12 1.69092e-12 4.24811e-13 1.06486e-13 2.66382e-14 6.65151e-15 1.65809e-15 4.12688e-16 1.02548e-16 2.5355e-17 6.28631e-18
0.102015 0.0330419 0.014124 0.00419644 0.00109586 0.000270419 6.5004e-05 1.54405e-05 3.64936e-06 8.61149e-07 2.03211e-07 4.79885e-08 1.13442e-08 2.68465e-09 6.36016e-10 1.50829e-10 3.58012e-11 8.50496e-12 2.02196e-12 4.81022e-13 1.14504e-13 2.72719e-14 6.49867e-15 1.54927e-15 3.69495e-16 8.81554e-17 2.10393e-17 5.02192e-18 1.19578e-18 2.73452e-19 6.53507e-20
0.0412723 0.014124 0.00349156 0.000854404 0.00020427 4.81173e-05 1.12577e-05 2.62907e-06 6.14423e-07 1.43858e-07 3.37569e-08 7.93862e-09 1.87073e-09 4.41637e-10 1.04427e-10 2.47266e-11 5.86198e-12 1.39118e-12 3.30467e-13 7.85645e-14 1.86913e-14 4.44969e-15 1.05991e-15 2.52599e-16 6.02271e-17 1.43658e-17 3.42756e-18 8.16767e-19 1.90301e-19 4.52855e-20 1.08225e-20
0.0178831 0.00419644 0.000854404 0.000186241 4.16633e-05 9.43286e-06 2.15263e-06 4.94467e-07 1.14233e-07 2.65219e-08 6.18401e-09 1.4471e-09 3.39656e-10 7.9925e-11 1.88475e-11 4.4526e-12 1.05352e-12 2.49601e-13 5.92034e-14 1.40566e-14 3.34032e-15 7.94384e-16 1.89046e-16 4.50157e-17 1.07249e-17 2.55627e-18 6.09012e-19 1.43389e-19 3.41548e-20 8.12563e-21 1.9411e-21
0.00693817 0.00109586 0.00020427 4.16633e-05 8.9168e-06 1.96123e-06 4.38967e-07 9.9477e-08 2.27559e-08 5.24399e-09 1.21555e-09 2.83095e-10 6.61847e-11 1.55221e-11 3.64986e-12 8.601e-13 2.03059e-13 4.80152e-14 1.13689e-14 2.69506e-15 6.39526e-16 1.51892e-16 3.6104e-17 8.58772e-18 2.04389e-18 4.86495e-19 1.15141e-19 2.74115e-20 6.52627e-21 1.55185e-21 3.70474e-22
0.00240437 0.000270419 4.81173e-05 9.43286e-06 1.96123e-06 4.22728e-07 9.32759e-08 2.09194e-08 4.74794e-09 1.08739e-09 2.50789e-10 5.81626e-11 1.35492e-11 3.16779e-12 7.42843e-13 1.7463e-13 4.11387e-14 9.70862e-15 2.29471e-15 5.43092e-16 1.28682e-16 3.05213e-17 7.24561e-18 1.7214e-18 4.09163e-19 9.70224e-20 2.30768e-20 5.49034e-21 1.30633e-21 3.10433e-22 7.40536e-23
0.000765915 6.5004e-05 1.12577e-05 2.15263e-06 4.38967e-07 9.32759e-08 2.03666e-08 4.53156e-09 1.0221e-09 2.32902e-10 5.34882e-11 1.236e-11 2.87021e-12 6.69183e-13 1.56532e-13 3.67157e-14 8.63182e-15 2.03332e-15 4.79778e-16 1.13373e-16 2.68243e-17 6.35382e-18 1.50648e-18 3.57458e-19 8.47618e-20 2.01354e-20 4.78551e-21 1.13771e-21 2.70509e-22 6.42401e-23 1.53125e-23
0.000229876 1.54405e-05 2.62907e-06 4.94467e-07 9.9477e-08 2.09194e-08 4.53156e-09 1.00201e-09 2.24868e-10 5.10243e-11 1.1676e-11 2.68959e-12 6.22832e-13 1.4485e-13 3.38064e-14 7.91331e-15 1.85693e-15 4.36671e-16 1.02873e-16 2.42737e-17 5.73545e-18 1.35682e-18 3.21307e-19 7.61089e-20 1.80523e-20 4.28469e-21 1.01751e-21 2.41721e-22 5.74315e-23 1.36297e-23 3.24639e-24
6.61426e-05 3.64936e-06 6.14423e-07 1.14233e-07 2.27559e-08 4.74794e-09 1.0221e-09 2.24868e-10 5.02529e-11 1.13619e-11 2.59185e-12 5.95385e-13 1.37532e-13 3.19137e-14 7.43312e-15 1.73668e-15 4.0683e-16 9.55176e-17 2.24696e-17 5.29467e-18 1.24945e-18 2.95225e-19 6.98142e-20 1.653e-20 3.91718e-21 9.28949e-22 2.20426e-22 5.23259e-23 1.24236e-23 2.94651e-24 7.01307e-25
1.84611e-05 8.61149e-07 1.43858e-07 2.65219e-08 5.24399e-09 1.08739e-09 2.32902e-10 5.10243e-11 1.13619e-11 2.56087e-12 5.82568e-13 1.33494e-13 3.07678e-14 7.12503e-15 1.65643e-15 3.86348e-16 9.03623e-17 2.11848e-17 4.97677e-18 1.17123e-18 2.76062e-19 6.5148e-20 1.53945e-20 3.64156e-21 8.62201e-22 2.04301e-22 4.84405e-23 1.14908e-23 2.72639e-24 6.46225e-25 1.53705e-25
5.03831e-06 2.03211e-07 3.37569e-08 6.18401e-09 1.21555e-09 2.50789e-10 5.34882e-11 1.1676e-11 2.59185e-12 5.82568e-13 1.32201e-13 3.0226e-14 6.95244e-15 1.60702e-15 3.72965e-16 8.68543e-17 2.02847e-17 4.74918e-18 1.11429e-18 2.61927e-19 6.1665e-20 1.45393e-20 3.43238e-21 8.11208e-22 1.91907e-22 4.54374e-23 1.07655e-23 2.55197e-24 6.05113e-25 1.43344e-25 3.40726e-26
1.3519e-06 4.79885e-08 7.93862e-09 1.4471e-09 2.83095e-10 5.81626e-11 1.236e-11 2.68959e-12 5.95385e-13 1.33494e-13 3.0226e-14 6.8968e-15 1.58343e-15 3.65381e-16 8.46666e-17 1.96882e-17 4.59197e-18 1.07376e-18 2.51637e-19 5.90839e-20 1.38967e-20 3.27342e-21 7.72089e-22 1.82322e-22 4.30978e-23 1.01966e-23 2.41419e-24 5.71915e-25 1.35527e-25 3.20873e-26 7.62245e-27
3.58018e-07 1.13442e-08 1.87073e-09 3.39656e-10 6.61847e-11 1.35492e-11 2.87021e-12 6.22832e-13 1.37532e-13 3.07678e-14 6.95244e-15 1.58343e-15 3.62923e-16 8.36145e-17 1.93472e-17 4.49294e-18 1.0466e-18 2.44445e-19 5.7223e-20 1.34226e-20 3.15402e-21 7.42279e-22 1.74931e-22 4.12756e-23 9.74958e-24 2.30505e-24 5.45395e-25 1.29122e-25 3.05805e-26 7.23644e-27 1.71806e-27
9.38323e-08 2.68465e-09 4.41637e-10 7.9925e-11 1.55221e-11 3.16779e-12 6.69183e-13 1.4485e-13 3.19137e-14 7.12503e-15 1.60702e-15 3.65381e-16 8.36145e-17 1.92363e-17 4.44504e-18 1.03097e-18 2.39879e-19 5.5965e-20 1.3088e-20 3.06707e-21 7.20054e-22 1.69318e-22 3.9871e-23 9.40068e-24 2.21894e-24 5.24264e-25 1.23968e-25 2.93321e-26 6.94301e-27 1.64215e-27 3.89665e-28
2.43869e-08 6.36016e-10 1.04427e-10 1.88475e-11 3.64986e-12 7.42843e-13 1.56532e-13 3.38064e-14 7.43312e-15 1.65643e-15 3.72965e-16 8.46666e-17 1.93472e-17 4.44504e-18 1.02587e-18 2.3766e-19 5.52368e-20 1.28741e-20 3.00788e-21 7.04247e-22 1.65197e-22 3.88145e-23 9.13323e-24 2.15189e-24 5.07592e-25 1.19852e-25 2.83235e-26 6.6979e-27 1.58458e-27 3.74608e-28 8.88447e-29
6.29453e-09 1.50829e-10 2.47266e-11 4.4526e-12 8.601e-13 1.7463e-13 3.67157e-14 7.91331e-15 1.73668e-15 3.86348e-16 8.68543e-17 1.96882e-17 4.49294e-18 1.03097e-18 2.3766e-19 5.49984e-20 1.27698e-20 2.97346e-21 6.94094e-22 1.62375e-22 3.80584e-23 8.93551e-24 2.10108e-24 4.94706e-25 1.16618e-25 2.75194e-26 6.49971e-27 1.53622e-27 3.63257e-28 8.58384e-29 2.03481e-29
1.61534e-09 3.58012e-11 5.86198e-12 1.05352e-12 2.03059e-13 4.11387e-14 8.63182e-15 1.85693e-15 4.0683e-16 9.03623e-17 2.02847e-17 4.59197e-18 1.0466e-18 2.39879e-19 5.52368e-20 1.27698e-20 2.96217e-21 6.89128e-22 1.60728e-22 3.75706e-23 8.79946e-24 2.06451e-24 4.85121e-25 1.14151e-25 2.6893e-26 6.34256e-27 1.49722e-27 3.53693e-28 8.35948e-29 1.97452e-29 4.67845e-30
4.12519e-10 8.50496e-12 1.39118e-12 2.49601e-13 4.80152e-14 9.70862e-15 2.03332e-15 4.36671e-16 9.55176e-17 2.11848e-17 4.74918e-18 1.07376e-18 2.44445e-19 5.5965e-20 1.28741e-20 2.97346e-21 6.89128e-22 1.60186e-22 3.73314e-23 8.71981e-24 2.04084e-24 4.78498e-25 1.12367e-25 2.64245e-26 6.22183e-27 1.46659e-27 3.46024e-28 8.17029e-29 1.93016e-29 4.5572e-30 1.07931e-30
1.04906e-10 2.02196e-12 3.30467e-13 5.92034e-14 1.13689e-14 2.29471e-15 4.79778e-16 1.02873e-16 2.24696e-17 4.97677e-18 1.11429e-18 2.51637e-19 5.7223e-20 1.3088e-20 3.00788e-21 6.94094e-22 1.60728e-22 3.73314e-23 8.69358e-24 2.0292e-24 4.7461e-25 1.11207e-25 2.60994e-26 6.1341e-27 1.44353e-27 3.40089e-28 8.02009e-29 1.89282e-29 4.46967e-30 1.0549e-30 2.49733e-31
2.65811e-11 4.81022e-13 7.85645e-14 1.40566e-14 2.69506e-15 5.43092e-16 1.13373e-16 2.42737e-17 5.29467e-18 1.17123e-18 2.61927e-19 5.90839e-20 1.34226e-20 3.06707e-21 7.04247e-22 1.62375e-22 3.75706e-23 8.71981e-24 2.0292e-24 4.73328e-25 1.10636e-25 2.5908e-26 6.07691e-27 1.42747e-27 3.35752e-28 7.90626e-29 1.86361e-29 4.39636e-30 1.03772e-30 2.44824e-31 5.7935e-32
6.71368e-12 1.14504e-13 1.86913e-14 3.34032e-15 6.39526e-16 1.28682e-16 2.68243e-17 5.73545e-18 1.24945e-18 2.76062e-19 6.1665e-20 1.38967e-20 3.15402e-21 7.20054e-22 1.65197e-22 3.80584e-23 8.79946e-24 2.04084e-24 4.7461e-25 1.10636e-25 2.58448e-26 6.04869e-27 1.41799e-27 3.32915e-28 7.82657e-29 1.84213e-29 4.3402e-30 1.02344e-30 2.41478e-31 5.69506e-32 1.34715e-32
1.69092e-12 2.72719e-14 4.44969e-15 7.94384e-16 1.51892e-16 3.05213e-17 6.35382e-18 1.35682e-18 2.95225e-19 6.5148e-20 1.45393e-20 3.27342e-21 7.42279e-22 1.69318e-22 3.88145e-23 8.93551e-24 2.06451e-24 4.78498e-25 1.11207e-25 2.5908e-26 6.04869e-27 1.41486e-27 3.31513e-28 7.77939e-29 1.82801e-29 4.30063e-30 1.01283e-30 2.38735e-31 5.63072e-32 1.3275e-32 3.139e-33
4.24811e-13 6.49867e-15 1.05991e-15 1.89046e-16 3.6104e-17 7.24561e-18 1.50648e-18 3.21307e-19 6.98142e-20 1.53945e-20 3.43238e-21 7.72089e-22 1.74931e-22 3.9871e-23 9.13323e-24 2.10108e-24 4.85121e-25 1.12367e-25 2.60994e-26 6.07691e-27 1.41799e-27 3.31513e-28 7.76378e-29 1.82102e-29 4.27712e-30 1.00582e-30 2.36781e-31 5.579e-32 1.31536e-32 3.10009e-33 7.32781e-34
1.06486e-13 1.54927e-15 2.52599e-16 4.50157e-17 8.58772e-18 1.7214e-18 3.57458e-19 7.61089e-20 1.653e-20 3.64156e-21 8.11208e-22 1.82322e-22 4.12756e-23 9.40068e-24 2.15189e-24 4.94706e-25 1.14151e-25 2.64245e-26 6.1341e-27 1.42747e-27 3.32915e-28 7.77939e-29 1.82102e-29 4.26932e-30 1.00233e-30 2.35613e-31 5.54442e-32 1.30588e-32 3.0778e-33 7.25159e-34 1.7135e-34
2.66382e-14 3.69495e-16 6.02271e-17 1.07249e-17 2.04389e-18 4.09163e-19 8.47618e-20 1.80523e-20 3.91718e-21 8.62201e-22 1.91907e-22 4.30978e-23 9.74958e-24 2.21894e-24 5.07592e-25 1.16618e-25 2.6893e-26 6.22183e-27 1.44353e-27 3.35752e-28 7.82657e-29 1.82801e-29 4.27712e-30 1.00233e-30 2.35224e-31 5.52714e-32 1.30015e-32 3.06117e-33 7.21237e-34 1.69879e-34 4.01278e-35
6.65151e-15 8.81554e-17 1.43658e-17 2.55627e-18 4.86495e-19 9.70224e-20 2.01354e-20 4.28469e-21 9.28949e-22 2.04301e-22 4.54374e-23 1.01966e-23 2.30505e-24 5.24264e-25 1.19852e-25 2.75194e-26 6.34256e-27 1.46659e-27 3.40089e-28 7.90626e-29 1.84213e-29 4.30063e-30 1.00582e-30 2.35613e-31 5.52714e-32 1.29824e-32 3.05276e-33 7.18519e-34 1.69234e-34 3.98494e-35 9.41003e-36
1.65809e-15 2.10393e-17 3.42756e-18 6.09012e-19 1.15141e-19 2.30768e-20 4.78551e-21 1.01751e-21 2.20426e-22 4.84405e-23 1.07655e-23 2.41419e-24 5.45395e-25 1.23968e-25 2.83235e-26 6.49971e-27 1.49722e-27 3.46024e-28 8.02009e-29 1.86361e-29 4.3402e-30 1.01283e-30 2.36781e-31 5.54442e-32 1.30015e-32 3.05276e-33 7.17599e-34 1.68844e-34 3.97557e-35 9.35865e-36 2.20928e-36
4.12688e-16 5.02192e-18 8.16767e-19 1.43389e-19 2.74115e-20 5.49034e-21 1.13771e-21 2.41721e-22 5.23259e-23 1.14908e-23 2.55197e-24 5.71915e-25 1.29122e-25 2.93321e-26 6.6979e-27 1.53622e-27 3.53693e-28 8.17029e-29 1.89282e-29 4.39636e-30 1.02344e-30 2.38735e-31 5.579e-32 1.30588e-32 3.06117e-33 7.18519e-34 1.68844e-34 3.97148e-35 9.34844e-36 2.20007e-36 5.19216e-37
1.02548e-16 1.19578e-18 1.90301e-19 3.41548e-20 6.52627e-21 1.30633e-21 2.70509e-22 5.74315e-23 1.24236e-23 2.72639e-24 6.05113e-25 1.35527e-25 3.05805e-26 6.94301e-27 1.58458e-27 3.63257e-28 8.35948e-29 1.93016e-29 4.46967e-30 1.03772e-30 2.41478e-31 5.63072e-32 1.31536e-32 3.0778e-33 7.21237e-34 1.69234e-34 3.97557e-35 9.34844e-36 2.19991e-36 5.17598e-37 1.22119e-37
2.5355e-17 2.73452e-19 4.52855e-20 8.12563e-21 1.55185e-21 3.10433e-22 6.42401e-23 1.36297e-23 2.94651e-24 6.46225e-25 1.43344e-25 3.20873e-26 7.23644e-27 1.64215e-27 3.74608e-28 8.58384e-29 1.97452e-29 4.5572e-30 1.0549e-30 2.44824e-31 5.69506e-32 1.3275e-32 3.10009e-33 7.25159e-34 1.69879e-34 3.98494e-35 9.35865e-36 2.20007e-36 5.17598e-37 1.21754e-37 2.87189e-38
6.28631e-18 6.53507e-20 1.08225e-20 1.9411e-21 3.70474e-22 7.40536e-23 1.53125e-23 3.24639e-24 7.01307e-25 1.53705e-25 3.40726e-26 7.62245e-27 1.71806e-27 3.89665e-28 8.88447e-29 2.03481e-29 4.67845e-30 1.07931e-30 2.49733e-31 5.7935e-32 1.34715e-32 3.139e-33 7.32781e-34 1.7135e-34 4.01278e-35 9.41003e-36 2.20928e-36 5.19216e-37 1.22119e-37 2.87189e-38 6.77227e-39
