0.189439 0.0937818 0.0464266 0.0229835 0.011378 0.00563265 0.00278844 0.00138042 0.000683375 0.000338304 0.000167477 8.29096e-05 4.10444e-05 2.0319e-05 1.00589e-05 4.97966e-06 2.46518e-06 1.22038e-06 6.04151e-07 2.99084e-07 1.48062e-07 7.32978e-08 3.62861e-08 1.79634e-08 8.89277e-09 4.40236e-09 2.17939e-09 1.0789e-09 5.34111e-10 2.64411e-10 1.30897e-10 6.48004e-11 3.20794e-11 1.58809e-11 7.86182e-12 3.89199e-12 1.92673e-12 9.53826e-13 4.72191e-13 2.33758e-13 1.15722e-13 5.7288e-14 2.83604e-14 1.40398e-14 6.9504e-15 3.44079e-15 1.70336e-15 8.43248e-16 4.1745e-16 2.06658e-16 1.02306e-16 5.06466e-17 2.50726e-17 1.24122e-17 6.14463e-18 3.0419e-18 1.50589e-18 7.4549e-19 3.69054e-19 1.827e-19 9.04457e-20 4.47751e-20 2.21659e-20 1.09732e-20 5.43228e-21 2.68925e-21 1.33131e-21 6.59065e-22 3.2627e-22 1.6152e-22 7.99602e-23 3.95843e-23 1.95962e-23 9.70108e-24 4.80251e-24 2.37748e-24 1.17697e-24 5.82659e-25 2.88445e-25 1.42795e-25 7.06904e-26 3.49952e-26 1.73244e-26 8.57642e-27 4.24575e-27 2.10186e-27 1.04052e-27 5.15111e-28 2.55005e-28 1.2624e-28 6.24952e-29 3.09382e-29 1.53159e-29 7.58215e-30 3.75354e-30 1.85819e-30 9.19895e-31 4.55394e-31 2.25442e-31 1.11605e-31 5.52501e-32
0.0937818 0.0588417 0.0352756 0.0205058 0.0116576 0.00651676 0.00359526 0.00196257 0.00106204 0.000570547 0.00030462 0.000161778 8.55215e-05 4.50273e-05 2.36223e-05 1.23534e-05 6.44191e-06 3.35062e-06 1.7387e-06 9.00338e-07 4.65313e-07 2.40056e-07 1.23643e-07 6.35876e-08 3.26562e-08 1.67493e-08 8.58022e-09 4.39046e-09 2.2442e-09 1.14599e-09 5.84653e-10 2.9801e-10 1.51777e-10 7.72393e-11 3.9278e-11 1.99598e-11 1.01362e-11 5.14417e-12 2.60913e-12 1.32259e-12 6.70069e-13 3.39301e-13 1.71725e-13 8.68711e-14 4.39256e-14 2.22008e-14 1.1216e-14 5.66411e-15 2.85928e-15 1.44284e-15 7.27822e-16 3.67013e-16 1.85009e-16 9.32316e-17 4.69677e-17 2.3654e-17 1.19093e-17 5.99437e-18 3.01636e-18 1.51744e-18 7.63179e-19 3.83739e-19 1.92904e-19 9.69498e-20 4.87141e-20 2.44719e-20 1.2291e-20 6.17192e-21 3.0986e-21 1.55534e-21 7.80557e-22 3.91654e-22 1.96482e-22 9.85528e-23 4.94243e-23 2.47822e-23 1.24242e-23 6.22774e-24 3.12123e-24 1.56406e-24 7.83648e-25 3.92577e-25 1.96639e-25 9.84812e-26 4.93151e-26 2.46917e-26 1.23613e-26 6.18767e-27 3.09696e-27 1.54986e-27 7.75531e-28 3.88022e-28 1.94118e-28 9.71016e-29 4.8567e-29 2.42891e-29 1.21461e-29 6.07319e-30 3.03637e-30 1.51793e-30 7.58765e-31
0.0464266 0.0352756 0.024362 0.0158785 0.00995015 0.00605895 0.0036093 0.00211287 0.00121938 0.000695425 0.000392637 0.000219772 0.00012209 6.73769e-05 3.6965e-05 2.0174e-05 1.09583e-05 5.92704e-06 3.19336e-06 1.71442e-06 9.1743e-07 4.89471e-07 2.60423e-07 1.38202e-07 7.31671e-08 3.865e-08 2.03742e-08 1.07192e-08 5.62929e-09 2.95118e-09 1.54466e-09 8.07247e-10 4.2126e-10 2.19532e-10 1.14256e-10 5.93918e-11 3.08362e-11 1.59922e-11 8.28503e-12 4.28781e-12 2.21694e-12 1.14516e-12 5.91007e-13 3.04752e-13 1.57016e-13 8.08349e-14 4.15838e-14 2.13764e-14 1.09809e-14 5.63703e-15 2.89187e-15 1.48264e-15 7.59674e-16 3.89015e-16 1.99094e-16 1.01839e-16 5.20642e-17 2.66037e-17 1.35872e-17 6.93597e-18 3.53902e-18 1.80494e-18 9.20137e-19 4.68875e-19 2.38826e-19 1.21599e-19 6.18887e-20 3.14867e-20 1.60133e-20 8.14105e-21 4.13739e-21 2.10196e-21 1.06753e-21 5.41991e-22 2.75086e-22 1.39576e-22 7.07983e-23 3.59011e-23 1.81999e-23 9.22374e-24 4.67334e-24 2.36719e-24 1.19874e-24 6.06883e-25 3.0717e-25 1.55434e-25 7.86338e-26 3.97715e-26 2.01111e-26 1.01672e-26 5.13894e-27 2.59688e-27 1.31202e-27 6.62733e-28 3.34695e-28 1.68995e-28 8.53132e-29 4.30601e-29 2.17297e-29 1.09636e-29 5.53061e-30
0.0229835 0.0205058 0.0158785 0.0113473 0.00769252 0.00502122 0.00318472 0.00197456 0.00120182 0.000720305 0.000426106 0.000249248 0.000144373 8.2907e-05 4.72459e-05 2.67395e-05 1.50403e-05 8.41243e-06 4.68131e-06 2.59287e-06 1.42997e-06 7.85504e-07 4.29907e-07 2.34486e-07 1.27491e-07 6.91118e-08 3.73608e-08 2.01441e-08 1.08346e-08 5.81396e-09 3.11303e-09 1.66341e-09 8.87081e-10 4.72196e-10 2.50909e-10 1.33101e-10 7.04938e-11 3.72786e-11 1.9685e-11 1.03803e-11 5.46641e-12 2.87503e-12 1.51026e-12 7.92413e-13 4.15299e-13 2.17421e-13 1.13707e-13 5.94071e-14 3.10077e-14 1.61695e-14 8.42424e-15 4.38519e-15 2.28077e-15 1.18529e-15 6.15494e-16 3.1937e-16 1.65594e-16 8.58001e-17 4.44252e-17 2.29869e-17 1.18864e-17 6.1425e-18 3.1723e-18 1.63736e-18 8.44624e-19 4.3545e-19 2.24376e-19 1.15553e-19 5.94788e-20 3.06002e-20 1.57352e-20 8.08745e-21 4.15479e-21 2.13348e-21 1.09505e-21 5.61812e-22 2.88114e-22 1.47693e-22 7.56794e-23 3.87637e-23 1.98475e-23 1.01583e-23 5.1973e-24 2.65814e-24 1.35902e-24 6.94579e-25 3.54872e-25 1.8125e-25 9.25434e-26 4.72361e-26 2.41028e-26 1.2295e-26 6.26993e-27 3.19646e-27 1.62911e-27 8.3006e-28 4.22814e-28 2.15314e-28 1.09617e-28 5.57922e-29 2.83894e-29
0.011378 0.0116576 0.00995015 0.00769252 0.00557907 0.00386657 0.00258924 0.00168753 0.00107586 0.000673418 0.000414996 0.000252332 0.000151639 9.01914e-05 5.31533e-05 3.10684e-05 1.80253e-05 1.03877e-05 5.94955e-06 3.38845e-06 1.91984e-06 1.08254e-06 6.0771e-07 3.39744e-07 1.89205e-07 1.0499e-07 5.80626e-08 3.20085e-08 1.75928e-08 9.64228e-09 5.27068e-09 2.87381e-09 1.56318e-09 8.48348e-10 4.59409e-10 2.48274e-10 1.33909e-10 7.20901e-11 3.87403e-11 2.07829e-11 1.11311e-11 5.95228e-12 3.17815e-12 1.69447e-12 9.02174e-13 4.79693e-13 2.54727e-13 1.35097e-13 7.15643e-14 3.78655e-14 2.00127e-14 1.05657e-14 5.57232e-15 2.93586e-15 1.54529e-15 8.12596e-16 4.26913e-16 2.24088e-16 1.17523e-16 6.15833e-17 3.22441e-17 1.68692e-17 8.81873e-18 4.60673e-18 2.40472e-18 1.25438e-18 6.53879e-19 3.40623e-19 1.77324e-19 9.22541e-20 4.79661e-20 2.49242e-20 1.29435e-20 6.71793e-21 3.48477e-21 1.80666e-21 9.36148e-22 4.84827e-22 2.50962e-22 1.29841e-22 6.71437e-23 3.4705e-23 1.79298e-23 9.25893e-24 4.77917e-24 2.46578e-24 1.27166e-24 6.55549e-25 3.37802e-25 1.73998e-25 8.95889e-26 4.61102e-26 2.37233e-26 1.22009e-26 6.27267e-27 3.22371e-27 1.65618e-27 8.50573e-28 4.36685e-28 2.2412e-28 1.14988e-28
0.00563265 0.00651676 0.00605895 0.00502122 0.00386657 0.00282663 0.00198693 0.00135417 0.000900009 0.000585766 0.000374523 0.000235816 0.000146506 8.99521e-05 5.46514e-05 3.28925e-05 1.96289e-05 1.16235e-05 6.83452e-06 3.9927e-06 2.31864e-06 1.33907e-06 7.69395e-07 4.39972e-07 2.50477e-07 1.42004e-07 8.01932e-08 4.51209e-08 2.52997e-08 1.41394e-08 7.8778e-09 4.37629e-09 2.42437e-09 1.33951e-09 7.38242e-10 4.05893e-10 2.22654e-10 1.21871e-10 6.65677e-11 3.62875e-11 1.97432e-11 1.07221e-11 5.81264e-12 3.1458e-12 1.69972e-12 9.16944e-13 4.93912e-13 2.65657e-13 1.42686e-13 7.65335e-14 4.09968e-14 2.1933e-14 1.17195e-14 6.2547e-15 3.33428e-15 1.77547e-15 9.44398e-16 5.01811e-16 2.66369e-16 1.41253e-16 7.48329e-17 3.9608e-17 2.0945e-17 1.10661e-17 5.84162e-18 3.08113e-18 1.62381e-18 8.55093e-19 4.49943e-19 2.36578e-19 1.243e-19 6.52617e-20 3.42406e-20 1.79527e-20 9.40646e-21 4.9254e-21 2.57739e-21 1.34788e-21 7.04459e-22 3.67963e-22 1.92088e-22 1.00219e-22 5.22585e-23 2.72351e-23 1.41863e-23 7.38557e-24 3.84305e-24 1.99872e-24 1.039e-24 5.39844e-25 2.80361e-25 1.45535e-25 7.55127e-26 3.91633e-26 2.03025e-26 1.05205e-26 5.44927e-27 2.82139e-27 1.4602e-27 7.55418e-28 3.90656e-28
0.00278844 0.00359526 0.0036093 0.00318472 0.00258924 0.00198693 0.00145977 0.00103631 0.000715448 0.000482579 0.000319141 0.00020749 0.000132908 8.40231e-05 5.25009e-05 3.2462e-05 1.98821e-05 1.20727e-05 7.27314e-06 4.35009e-06 2.58451e-06 1.52608e-06 8.95961e-07 5.23217e-07 3.04025e-07 1.75836e-07 1.01252e-07 5.80642e-08 3.31683e-08 1.88774e-08 1.07066e-08 6.0524e-09 3.41071e-09 1.91633e-09 1.07365e-09 5.99904e-10 3.34334e-10 1.85869e-10 1.03088e-10 5.70464e-11 3.14997e-11 1.73572e-11 9.54519e-12 5.23908e-12 2.87026e-12 1.56969e-12 8.56957e-13 4.67074e-13 2.54166e-13 1.38095e-13 7.49186e-14 4.05858e-14 2.19559e-14 1.18616e-14 6.39973e-15 3.4485e-15 1.85594e-15 9.97646e-16 5.35656e-16 2.8728e-16 1.53903e-16 8.23624e-17 4.40311e-17 2.35154e-17 1.25464e-17 6.68761e-18 3.56138e-18 1.89484e-18 1.00726e-18 5.3498e-19 2.83901e-19 1.50536e-19 7.97568e-20 4.22235e-20 2.23362e-20 1.1807e-20 6.2367e-21 3.292e-21 1.73645e-21 9.15311e-22 4.82154e-22 2.53816e-22 1.33529e-22 7.02038e-23 3.68875e-23 1.93704e-23 1.01658e-23 5.33207e-24 2.79515e-24 1.46445e-24 7.66844e-25 4.01337e-25 2.09935e-25 1.09759e-25 5.73554e-26 2.99568e-26 1.5639e-26 8.16043e-27 4.25614e-27 2.21881e-27 1.15619e-27
0.00138042 0.00196257 0.00211287 0.00197456 0.00168753 0.00135417 0.00103631 0.000763964 0.000546325 0.000380908 0.000259917 0.000174092 0.000114728 7.45294e-05 4.7801e-05 3.03082e-05 1.90185e-05 1.18221e-05 7.28557e-06 4.45442e-06 2.70361e-06 1.62989e-06 9.76431e-07 5.81541e-07 3.44461e-07 2.02989e-07 1.19045e-07 6.94992e-08 4.04008e-08 2.33906e-08 1.34906e-08 7.75251e-09 4.43971e-09 2.5342e-09 1.44201e-09 8.18088e-10 4.628e-10 2.61098e-10 1.46919e-10 8.24649e-11 4.61761e-11 2.57967e-11 1.43797e-11 7.99855e-12 4.43998e-12 2.45976e-12 1.36012e-12 7.50696e-13 4.13599e-13 2.27483e-13 1.2491e-13 6.84781e-14 3.74826e-14 2.04859e-14 1.11801e-14 6.09289e-15 3.31592e-15 1.80222e-15 9.78248e-16 5.30328e-16 2.87151e-16 1.55296e-16 8.38895e-17 4.52655e-17 2.43978e-17 1.31363e-17 7.06548e-18 3.7964e-18 2.03785e-18 1.09284e-18 5.85505e-19 3.13406e-19 1.67608e-19 8.95575e-20 4.78122e-20 2.55043e-20 1.35935e-20 7.23945e-21 3.85247e-21 2.04853e-21 1.08848e-21 5.77938e-22 3.06642e-22 1.62584e-22 8.61439e-23 4.56121e-23 2.41351e-23 1.27626e-23 6.74452e-24 3.56201e-24 1.88007e-24 9.91733e-25 5.2283e-25 2.75471e-25 1.4506e-25 7.63444e-26 4.01579e-26 2.11122e-26 1.10935e-26 5.82609e-27 3.05821e-27
0.000683375 0.00106204 0.00121938 0.00120182 0.00107586 0.000900009 0.000715448 0.000546325 0.000403755 0.000290361 0.000204027 0.000140523 9.51054e-05 6.33796e-05 4.1659e-05 2.70452e-05 1.73624e-05 1.10332e-05 6.94618e-06 4.33582e-06 2.68513e-06 1.65075e-06 1.00796e-06 6.11573e-07 3.68875e-07 2.21257e-07 1.32022e-07 7.83899e-08 4.63295e-08 2.72614e-08 1.59748e-08 9.3241e-09 5.4219e-09 3.14156e-09 1.81411e-09 1.04417e-09 5.99148e-10 3.42774e-10 1.95545e-10 1.11251e-10 6.31287e-11 3.57321e-11 2.01763e-11 1.13663e-11 6.38883e-12 3.58334e-12 2.00564e-12 1.12033e-12 6.24591e-13 3.47562e-13 1.93055e-13 1.07046e-13 5.92543e-14 3.27458e-14 1.80675e-14 9.95332e-15 5.47503e-15 3.00726e-15 1.64946e-15 9.03469e-16 4.94202e-16 2.69979e-16 1.47301e-16 8.02685e-17 4.36881e-17 2.37505e-17 1.2897e-17 6.99553e-18 3.79037e-18 2.05156e-18 1.10927e-18 5.99175e-19 3.23327e-19 1.74306e-19 9.38807e-20 5.05173e-20 2.71591e-20 1.45884e-20 7.82939e-21 4.19839e-21 2.24948e-21 1.20429e-21 6.44222e-22 3.44355e-22 1.83928e-22 9.81677e-23 5.23568e-23 2.79041e-23 1.48614e-23 7.90962e-24 4.20686e-24 2.23602e-24 1.18771e-24 6.3048e-25 3.34473e-25 1.77331e-25 9.39612e-26 4.97571e-26 2.63336e-26 1.39289e-26 7.36348e-27
0.000338304 0.000570547 0.000695425 0.000720305 0.000673418 0.000585766 0.000482579 0.000380908 0.000290361 0.000214997 0.000155307 0.000109819 7.62188e-05 5.20331e-05 3.50032e-05 2.32376e-05 1.52434e-05 9.89098e-06 6.35435e-06 4.04506e-06 2.55333e-06 1.59914e-06 9.94271e-07 6.14006e-07 3.76774e-07 2.29828e-07 1.3941e-07 8.41185e-08 5.05042e-08 3.01799e-08 1.79544e-08 1.06361e-08 6.27548e-09 3.68847e-09 2.16002e-09 1.26053e-09 7.33164e-10 4.25072e-10 2.45696e-10 1.41598e-10 8.13762e-11 4.66404e-11 2.66623e-11 1.52036e-11 8.64864e-12 4.9084e-12 2.77944e-12 1.57049e-12 8.85533e-13 4.98305e-13 2.79857e-13 1.56875e-13 8.7776e-14 4.90258e-14 2.73354e-14 1.5216e-14 8.45606e-15 4.69194e-15 2.59938e-15 1.43795e-15 7.94301e-16 4.38143e-16 2.41352e-16 1.32772e-16 7.29453e-17 4.00255e-17 2.19351e-17 1.20066e-17 6.56432e-18 3.58477e-18 1.95545e-18 1.06551e-18 5.79968e-19 3.15354e-19 1.71297e-19 9.29537e-20 5.0392e-20 2.72924e-20 1.47679e-20 7.98356e-21 4.31208e-21 2.32701e-21 1.25469e-21 6.75945e-22 3.63855e-22 1.95702e-22 1.05176e-22 5.64814e-23 3.03084e-23 1.62516e-23 8.70788e-24 4.66248e-24 2.49468e-24 1.33387e-24 7.12717e-25 3.80567e-25 2.03077e-25 1.08296e-25 5.7715e-26 3.07394e-26 1.6362e-26
0.000167477 0.00030462 0.000392637 0.000426106 0.000414996 0.000374523 0.000319141 0.000259917 0.000204027 0.000155307 0.000115169 8.34969e-05 5.93504e-05 4.14561e-05 2.85092e-05 1.93328e-05 1.29449e-05 8.56812e-06 5.61155e-06 3.63965e-06 2.33959e-06 1.49145e-06 9.43446e-07 5.92506e-07 3.69604e-07 2.29103e-07 1.41169e-07 8.64992e-08 5.2721e-08 3.19726e-08 1.92979e-08 1.15953e-08 6.93734e-09 4.13361e-09 2.45344e-09 1.45079e-09 8.54853e-10 5.01995e-10 2.93827e-10 1.71446e-10 9.9737e-11 5.78539e-11 3.3466e-11 1.93069e-11 1.11098e-11 6.37703e-12 3.65166e-12 2.08621e-12 1.1892e-12 6.76409e-13 3.83934e-13 2.17482e-13 1.22953e-13 6.93789e-14 3.90763e-14 2.19696e-14 1.23304e-14 6.9087e-15 3.86459e-15 2.15833e-15 1.20353e-15 6.70103e-16 3.72552e-16 2.06828e-16 1.14664e-16 6.34826e-17 3.50999e-17 1.93819e-17 1.0689e-17 5.88768e-18 3.23913e-18 1.77993e-18 9.76968e-19 5.35637e-19 2.93349e-19 1.60485e-19 8.77056e-20 4.78824e-20 2.6115e-20 1.42291e-20 7.74543e-21 4.21217e-21 2.28858e-21 1.24232e-21 6.73779e-22 3.6511e-22 1.97679e-22 1.06939e-22 5.78036e-23 3.12195e-23 1.68482e-23 9.08547e-24 4.89566e-24 2.63603e-24 1.41832e-24 7.62577e-25 4.0972e-25 2.19984e-25 1.18031e-25 6.32868e-26 3.39112e-26
8.29096e-05 0.000161778 0.000219772 0.000249248 0.000252332 0.000235816 0.00020749 0.000174092 0.000140523 0.000109819 8.34969e-05 6.1993e-05 4.50801e-05 3.2184e-05 2.26032e-05 1.56419e-05 1.06809e-05 7.20512e-06 4.80658e-06 3.17382e-06 2.07595e-06 1.34599e-06 8.65614e-07 5.52457e-07 3.50089e-07 2.2037e-07 1.37847e-07 8.57173e-08 5.30039e-08 3.26022e-08 1.99528e-08 1.21532e-08 7.36894e-09 4.44882e-09 2.67482e-09 1.60189e-09 9.55739e-10 5.68172e-10 3.36605e-10 1.98757e-10 1.16988e-10 6.86489e-11 4.01649e-11 2.34331e-11 1.36341e-11 7.91187e-12 4.5796e-12 2.64429e-12 1.52321e-12 8.75415e-13 5.01999e-13 2.87248e-13 1.64023e-13 9.34709e-14 5.31613e-14 3.01778e-14 1.70993e-14 9.67136e-15 5.46059e-15 3.0779e-15 1.73202e-15 9.73089e-16 5.4585e-16 3.05726e-16 1.7098e-16 9.54841e-17 5.3248e-17 2.96536e-17 1.64918e-17 9.15986e-18 5.08105e-18 2.81498e-18 1.55764e-18 8.6087e-19 4.75228e-19 2.62042e-19 1.44329e-19 7.94078e-20 4.36423e-20 2.39605e-20 1.31414e-20 7.20026e-21 3.9412e-21 2.15521e-21 1.17745e-21 6.42673e-22 3.50465e-22 1.90946e-22 1.03944e-22 5.65346e-23 3.07231e-23 1.66823e-23 9.05096e-24 4.90669e-24 2.65792e-24 1.43867e-24 7.78135e-25 4.20557e-25 2.27133e-25 1.22581e-25 6.61089e-26
4.10444e-05 8.55215e-05 0.00012209 0.000144373 0.000151639 0.000146506 0.000132908 0.000114728 9.51054e-05 7.62188e-05 5.93504e-05 4.50801e-05 3.35036e-05 2.44251e-05 1.75031e-05 1.23503e-05 8.59324e-06 5.90334e-06 4.00835e-06 2.69256e-06 1.79083e-06 1.18017e-06 7.71107e-07 4.99819e-07 3.21559e-07 2.05428e-07 1.30373e-07 8.22266e-08 5.15563e-08 3.21464e-08 1.99383e-08 1.23046e-08 7.55741e-09 4.62067e-09 2.81289e-09 1.70531e-09 1.02975e-09 6.19458e-10 3.7129e-10 2.21768e-10 1.32017e-10 7.83355e-11 4.63385e-11 2.73292e-11 1.60717e-11 9.42523e-12 5.5126e-12 3.21585e-12 1.87132e-12 1.0863e-12 6.29114e-13 3.63517e-13 2.09586e-13 1.2058e-13 6.92289e-14 3.96668e-14 2.26839e-14 1.29475e-14 7.37653e-15 4.19508e-15 2.38161e-15 1.34978e-15 7.63722e-16 4.31429e-16 2.43333e-16 1.37034e-16 7.70558e-17 4.32664e-17 2.42593e-17 1.35832e-17 7.5952e-18 4.24131e-18 2.36537e-18 1.31749e-18 7.32927e-19 4.07237e-19 2.26006e-19 1.25282e-19 6.93693e-20 3.83675e-20 2.11976e-20 1.1699e-20 6.44993e-21 3.55238e-21 1.95455e-21 1.07436e-21 5.89974e-22 3.23672e-22 1.77409e-22 9.71518e-23 5.31543e-23 2.90566e-23 1.587e-23 8.6605e-24 4.72224e-24 2.57276e-24 1.40056e-24 7.61839e-25 4.14084e-25 2.24897e-25 1.22054e-25
2.0319e-05 4.50273e-05 6.73769e-05 8.2907e-05 9.01914e-05 8.99521e-05 8.40231e-05 7.45294e-05 6.33796e-05 5.20331e-05 4.14561e-05 3.2184e-05 2.44251e-05 1.8168e-05 1.32737e-05 9.54268e-06 6.76083e-06 4.72658e-06 3.26434e-06 2.22931e-06 1.50675e-06 1.00864e-06 6.69176e-07 4.40267e-07 2.87405e-07 1.86244e-07 1.19859e-07 7.66356e-08 4.86985e-08 3.07659e-08 1.93296e-08 1.20808e-08 7.51274e-09 4.64979e-09 2.86481e-09 1.75741e-09 1.07362e-09 6.53276e-10 3.95994e-10 2.39162e-10 1.43936e-10 8.63334e-11 5.16149e-11 3.07617e-11 1.82783e-11 1.08291e-11 6.39776e-12 3.76949e-12 2.21511e-12 1.29839e-12 7.59177e-13 4.42839e-13 2.57718e-13 1.49647e-13 8.67058e-14 5.01315e-14 2.89255e-14 1.66566e-14 9.57301e-15 5.49152e-15 3.14441e-15 1.79725e-15 1.02547e-15 5.84122e-16 3.32173e-16 1.88593e-16 1.06906e-16 6.05085e-17 3.41963e-17 1.92978e-17 1.08746e-17 6.11952e-18 3.43896e-18 1.93001e-18 1.08174e-18 6.05531e-19 3.38537e-19 1.89037e-19 1.05431e-19 5.87329e-20 3.26811e-20 1.81645e-20 1.0085e-20 5.59316e-21 3.0987e-21 1.71495e-21 9.48165e-22 5.237e-22 2.88972e-22 1.59299e-22 8.77323e-23 4.8273e-23 2.65372e-23 1.45753e-23 7.99837e-24 4.38541e-24 2.40243e-24 1.31502e-24 7.19211e-25 3.93036e-25 2.14618e-25
1.00589e-05 2.36223e-05 3.6965e-05 4.72459e-05 5.31533e-05 5.46514e-05 5.25009e-05 4.7801e-05 4.1659e-05 3.50032e-05 2.85092e-05 2.26032e-05 1.75031e-05 1.32737e-05 9.88044e-06 7.23227e-06 5.214e-06 3.70725e-06 2.60268e-06 1.806e-06 1.23973e-06 8.42533e-07 5.67282e-07 3.78644e-07 2.50682e-07 1.647e-07 1.07433e-07 6.96038e-08 4.48065e-08 2.86688e-08 1.82379e-08 1.15389e-08 7.26253e-09 4.54836e-09 2.83507e-09 1.75917e-09 1.08684e-09 6.6869e-10 4.09784e-10 2.50164e-10 1.5216e-10 9.22242e-11 5.57073e-11 3.35396e-11 2.01295e-11 1.20444e-11 7.18555e-12 4.27464e-12 2.53598e-12 1.50051e-12 8.85545e-13 5.21314e-13 3.06153e-13 1.79373e-13 1.04855e-13 6.1159e-14 3.55958e-14 2.06743e-14 1.19834e-14 6.93223e-15 4.0025e-15 2.30662e-15 1.32688e-15 7.61927e-16 4.36761e-16 2.49944e-16 1.42799e-16 8.14534e-17 4.63887e-17 2.63785e-17 1.49775e-17 8.49164e-18 4.80755e-18 2.718e-18 1.53455e-18 8.65232e-19 4.87209e-19 2.73995e-19 1.53895e-19 8.63326e-20 4.83729e-20 2.70718e-20 1.51332e-20 8.44994e-21 4.71297e-21 2.6258e-21 1.46139e-21 8.12486e-22 4.51252e-22 2.50371e-22 1.38778e-22 7.68482e-23 4.2514e-23 2.34976e-23 1.29752e-23 7.15837e-24 3.94572e-24 2.173e-24 1.19569e-24 6.57373e-25 3.61113e-25
4.97966e-06 1.23534e-05 2.0174e-05 2.67395e-05 3.10684e-05 3.28925e-05 3.2462e-05 3.03082e-05 2.70452e-05 2.32376e-05 1.93328e-05 1.56419e-05 1.23503e-05 9.54268e-06 7.23227e-06 5.38674e-06 3.94942e-06 2.85432e-06 2.03589e-06 1.43465e-06 9.99703e-07 6.89419e-07 4.70862e-07 3.18699e-07 2.13891e-07 1.42414e-07 9.41168e-08 6.17614e-08 4.02598e-08 2.60786e-08 1.67917e-08 1.07506e-08 6.84574e-09 4.33675e-09 2.7338e-09 1.71524e-09 1.07133e-09 6.66267e-10 4.12643e-10 2.5455e-10 1.56428e-10 9.57765e-11 5.84342e-11 3.553e-11 2.15326e-11 1.30082e-11 7.8345e-12 4.70454e-12 2.81696e-12 1.68205e-12 1.00169e-12 5.94973e-13 3.52506e-13 2.08341e-13 1.22843e-13 7.22646e-14 4.24158e-14 2.48419e-14 1.45185e-14 8.46771e-15 4.92877e-15 2.86328e-15 1.66021e-15 9.60851e-16 5.55092e-16 3.20117e-16 1.84292e-16 1.05919e-16 6.0776e-17 3.48173e-17 1.99149e-17 1.13736e-17 6.4859e-18 3.69325e-18 2.10003e-18 1.19244e-18 6.76169e-19 3.82906e-19 2.1655e-19 1.22312e-19 6.89975e-20 3.88743e-20 2.1876e-20 1.22958e-20 6.90311e-21 3.87112e-21 2.16843e-21 1.21332e-21 6.78175e-22 3.7866e-22 2.11206e-22 1.17685e-22 6.55093e-23 3.64299e-23 2.02393e-23 1.12336e-23 6.22934e-24 3.45116e-24 1.91029e-24 1.05645e-24 5.83739e-25
2.46518e-06 6.44191e-06 1.09583e-05 1.50403e-05 1.80253e-05 1.96289e-05 1.98821e-05 1.90185e-05 1.73624e-05 1.52434e-05 1.29449e-05 1.06809e-05 8.59324e-06 6.76083e-06 5.214e-06 3.94942e-06 2.9432e-06 2.16098e-06 1.5652e-06 1.11955e-06 7.91563e-07 5.53675e-07 3.83419e-07 2.63046e-07 1.78888e-07 1.20659e-07 8.07559e-08 5.36556e-08 3.54043e-08 2.32089e-08 1.51202e-08 9.79258e-09 6.30664e-09 4.03993e-09 2.57472e-09 1.63292e-09 1.03079e-09 6.47781e-10 4.05342e-10 2.52594e-10 1.56785e-10 9.69455e-11 5.97251e-11 3.66648e-11 2.24316e-11 1.36786e-11 8.31455e-12 5.0385e-12 3.0442e-12 1.83398e-12 1.1018e-12 6.60146e-13 3.94493e-13 2.35144e-13 1.39816e-13 8.29354e-14 4.90808e-14 2.89802e-14 1.70739e-14 1.00377e-14 5.88889e-15 3.44785e-15 2.01467e-15 1.17496e-15 6.83953e-16 3.97404e-16 2.30495e-16 1.33454e-16 7.71371e-17 4.45113e-17 2.56431e-17 1.47496e-17 8.47065e-18 4.85726e-18 2.78113e-18 1.59008e-18 9.07815e-19 5.17572e-19 2.94681e-19 1.67553e-19 9.51445e-20 5.39583e-20 3.05623e-20 1.72893e-20 9.76887e-21 5.5131e-21 3.10772e-21 1.74982e-21 9.84138e-22 5.52894e-22 3.10283e-22 1.73946e-22 9.74133e-23 5.44976e-23 3.04579e-23 1.70056e-23 9.4856e-24 5.28593e-24 2.94287e-24 1.63689e-24 9.09649e-25
1.22038e-06 3.35062e-06 5.92704e-06 8.41243e-06 1.03877e-05 1.16235e-05 1.20727e-05 1.18221e-05 1.10332e-05 9.89098e-06 8.56812e-06 7.20512e-06 5.90334e-06 4.72658e-06 3.70725e-06 2.85432e-06 2.16098e-06 1.61117e-06 1.18448e-06 8.59599e-07 6.16404e-07 4.37131e-07 3.06807e-07 2.13267e-07 1.4691e-07 1.00342e-07 6.79897e-08 4.57217e-08 3.05281e-08 2.02461e-08 1.33412e-08 8.7377e-09 5.68955e-09 3.68429e-09 2.3732e-09 1.52097e-09 9.70073e-10 6.15852e-10 3.8924e-10 2.44965e-10 1.53536e-10 9.58518e-11 5.96129e-11 3.69393e-11 2.28088e-11 1.40357e-11 8.60866e-12 5.26324e-12 3.20799e-12 1.94947e-12 1.18126e-12 7.13773e-13 4.30125e-13 2.58515e-13 1.54976e-13 9.26756e-14 5.52864e-14 3.29042e-14 1.95386e-14 1.15763e-14 6.84399e-15 4.03769e-15 2.3772e-15 1.39678e-15 8.19118e-16 4.79443e-16 2.80105e-16 1.6335e-16 9.50927e-17 5.52619e-17 3.20605e-17 1.85694e-17 1.0738e-17 6.19964e-18 3.57386e-18 2.05709e-18 1.18229e-18 6.7853e-19 3.88864e-19 2.22547e-19 1.27191e-19 7.25958e-20 4.13808e-20 2.35575e-20 1.33941e-20 7.60612e-21 4.31407e-21 2.44397e-21 1.38292e-21 7.81635e-22 4.41288e-22 2.48864e-22 1.40194e-22 7.88927e-23 4.43496e-23 2.49055e-23 1.39721e-23 7.83067e-24 4.38441e-24 2.45248e-24 1.37054e-24
6.04151e-07 1.7387e-06 3.19336e-06 4.68131e-06 5.94955e-06 6.83452e-06 7.27314e-06 7.28557e-06 6.94618e-06 6.35435e-06 5.61155e-06 4.80658e-06 4.00835e-06 3.26434e-06 2.60268e-06 2.03589e-06 1.5652e-06 1.18448e-06 8.83489e-07 6.50255e-07 4.72728e-07 3.39757e-07 2.416e-07 1.70098e-07 1.18645e-07 8.20337e-08 5.62537e-08 3.82761e-08 2.58527e-08 1.73402e-08 1.15539e-08 7.65007e-09 5.03502e-09 3.295e-09 2.14457e-09 1.38854e-09 8.94559e-10 5.73563e-10 3.66066e-10 2.32607e-10 1.47179e-10 9.27469e-11 5.82166e-11 3.64041e-11 2.26813e-11 1.40817e-11 8.7129e-12 5.3733e-12 3.30321e-12 2.02438e-12 1.23695e-12 7.53621e-13 4.57863e-13 2.77419e-13 1.67644e-13 1.01047e-13 6.07538e-14 3.64394e-14 2.18043e-14 1.30171e-14 7.75385e-15 4.60864e-15 2.73342e-15 1.61786e-15 9.55646e-16 5.63377e-16 3.31487e-16 1.94679e-16 1.14124e-16 6.67816e-17 3.90101e-17 2.27486e-17 1.32436e-17 7.6975e-18 4.46681e-18 2.58801e-18 1.49716e-18 8.64807e-19 4.98807e-19 2.8729e-19 1.65233e-19 9.49014e-20 5.44327e-20 3.11796e-20 1.78367e-20 1.01907e-20 5.81499e-21 3.31405e-21 1.88645e-21 1.07255e-21 6.0909e-22 3.45501e-22 1.95763e-22 1.10798e-22 6.26414e-23 3.53776e-23 1.99591e-23 1.12488e-23 6.33329e-24 3.56222e-24 2.00165e-24
2.99084e-07 9.00338e-07 1.71442e-06 2.59287e-06 3.38845e-06 3.9927e-06 4.35009e-06 4.45442e-06 4.33582e-06 4.04506e-06 3.63965e-06 3.17382e-06 2.69256e-06 2.22931e-06 1.806e-06 1.43465e-06 1.11955e-06 8.59599e-07 6.50255e-07 4.85197e-07 3.57474e-07 2.60291e-07 1.87462e-07 1.33633e-07 9.43511e-08 6.60179e-08 4.58023e-08 3.15233e-08 2.15319e-08 1.46021e-08 9.83526e-09 6.58175e-09 4.37739e-09 2.89424e-09 1.90288e-09 1.24438e-09 8.09587e-10 5.2412e-10 3.3771e-10 2.16612e-10 1.38333e-10 8.79717e-11 5.57188e-11 3.51533e-11 2.20951e-11 1.38371e-11 8.63517e-12 5.37059e-12 3.32925e-12 2.05726e-12 1.26734e-12 7.78397e-13 4.76706e-13 2.91125e-13 1.77306e-13 1.077e-13 6.52512e-14 3.94342e-14 2.37738e-14 1.42987e-14 8.58001e-15 5.13692e-15 3.06878e-15 1.82936e-15 1.08825e-15 6.46062e-16 3.82788e-16 2.2636e-16 1.33604e-16 7.87112e-17 4.6288e-17 2.71728e-17 1.59239e-17 9.31601e-18 5.44118e-18 3.17288e-18 1.84726e-18 1.07381e-18 6.23256e-19 3.61211e-19 2.09036e-19 1.20798e-19 6.97097e-20 4.01724e-20 2.31195e-20 1.32878e-20 7.62721e-21 4.37246e-21 2.50347e-21 1.43161e-21 8.17687e-22 4.66481e-22 2.65813e-22 1.51294e-22 8.60161e-23 4.88494e-23 2.7712e-23 1.57041e-23 8.89e-24 5.0274e-24 2.84017e-24
1.48062e-07 4.65313e-07 9.1743e-07 1.42997e-06 1.91984e-06 2.31864e-06 2.58451e-06 2.70361e-06 2.68513e-06 2.55333e-06 2.33959e-06 2.07595e-06 1.79083e-06 1.50675e-06 1.23973e-06 9.99703e-07 7.91563e-07 6.16404e-07 4.72728e-07 3.57474e-07 2.66824e-07 1.96768e-07 1.4348e-07 1.03528e-07 7.39679e-08 5.23602e-08 3.67426e-08 2.55717e-08 1.7659e-08 1.2105e-08 8.2399e-09 5.57164e-09 3.74359e-09 2.50014e-09 1.66009e-09 1.09622e-09 7.20053e-10 4.70576e-10 3.06042e-10 1.98108e-10 1.27665e-10 8.19146e-11 5.23411e-11 3.33104e-11 2.11171e-11 1.33371e-11 8.39309e-12 5.26336e-12 3.28954e-12 2.0492e-12 1.2725e-12 7.87758e-13 4.8622e-13 2.99238e-13 1.83645e-13 1.12397e-13 6.86083e-14 4.17713e-14 2.53681e-14 1.53687e-14 9.28865e-15 5.60093e-15 3.36966e-15 2.02281e-15 1.21169e-15 7.24296e-16 4.32069e-16 2.5723e-16 1.52842e-16 9.06432e-17 5.3656e-17 3.17038e-17 1.86995e-17 1.10101e-17 6.47163e-18 3.79761e-18 2.22483e-18 1.30134e-18 7.5998e-19 4.43147e-19 2.58012e-19 1.5e-19 8.70791e-20 5.04802e-20 2.9223e-20 1.68941e-20 9.75361e-21 5.62373e-21 3.23834e-21 1.86239e-21 1.06974e-21 6.137e-22 3.51651e-22 2.01259e-22 1.15052e-22 6.56964e-23 3.74714e-23 2.13491e-23 1.21504e-23 6.90776e-24 3.9231e-24
7.32978e-08 2.40056e-07 4.89471e-07 7.85504e-07 1.08254e-06 1.33907e-06 1.52608e-06 1.62989e-06 1.65075e-06 1.59914e-06 1.49145e-06 1.34599e-06 1.18017e-06 1.00864e-06 8.42533e-07 6.89419e-07 5.53675e-07 4.37131e-07 3.39757e-07 2.60291e-07 1.96768e-07 1.46915e-07 1.08432e-07 7.91709e-08 5.7224e-08 4.09696e-08 2.90707e-08 2.0454e-08 1.42767e-08 9.88981e-09 6.80179e-09 4.64608e-09 3.15298e-09 2.12646e-09 1.42566e-09 9.50404e-10 6.30146e-10 4.15634e-10 2.72779e-10 1.78166e-10 1.15833e-10 7.49744e-11 4.83207e-11 3.10142e-11 1.98271e-11 1.26266e-11 8.01126e-12 5.06471e-12 3.1908e-12 2.00346e-12 1.25385e-12 7.82236e-13 4.86516e-13 3.01692e-13 1.86541e-13 1.15018e-13 7.07244e-14 4.33731e-14 2.65308e-14 1.61878e-14 9.85282e-15 5.9827e-15 3.6243e-15 2.19062e-15 1.32114e-15 7.95047e-16 4.77444e-16 2.86127e-16 1.71129e-16 1.02149e-16 6.08574e-17 3.6189e-17 2.14805e-17 1.27272e-17 7.52763e-18 4.44465e-18 2.61991e-18 1.54177e-18 9.05839e-19 5.31369e-19 3.11221e-19 1.82004e-19 1.06279e-19 6.19695e-20 3.60817e-20 2.0979e-20 1.2181e-20 7.06308e-21 4.09004e-21 2.36534e-21 1.36617e-21 7.88072e-22 4.54037e-22 2.61269e-22 1.50164e-22 8.62053e-23 4.94311e-23 2.83122e-23 1.6198e-23 9.25703e-24 5.28461e-24
3.62861e-08 1.23643e-07 2.60423e-07 4.29907e-07 6.0771e-07 7.69395e-07 8.95961e-07 9.76431e-07 1.00796e-06 9.94271e-07 9.43446e-07 8.65614e-07 7.71107e-07 6.69176e-07 5.67282e-07 4.70862e-07 3.83419e-07 3.06807e-07 2.416e-07 1.87462e-07 1.4348e-07 1.08432e-07 8.09821e-08 5.98159e-08 4.37263e-08 3.16548e-08 2.27065e-08 1.61473e-08 1.13891e-08 7.9709e-09 5.53761e-09 3.82025e-09 2.61795e-09 1.78264e-09 1.20648e-09 8.11806e-10 5.43203e-10 3.61537e-10 2.39396e-10 1.57739e-10 1.03445e-10 6.75297e-11 4.38909e-11 2.84063e-11 1.83097e-11 1.17553e-11 7.51846e-12 4.79096e-12 3.04206e-12 1.92491e-12 1.21395e-12 7.63095e-13 4.78178e-13 2.98726e-13 1.86066e-13 1.1556e-13 7.157e-14 4.42048e-14 2.72305e-14 1.67309e-14 1.02539e-14 6.26898e-15 3.82354e-15 2.32661e-15 1.41251e-15 8.55657e-16 5.1721e-16 3.11972e-16 1.87788e-16 1.12809e-16 6.76338e-17 4.04712e-17 2.41719e-17 1.44103e-17 8.57534e-18 5.09404e-18 3.0208e-18 1.78832e-18 1.05694e-18 6.23658e-19 3.6741e-19 2.16111e-19 1.26922e-19 7.44297e-20 4.35827e-20 2.54832e-20 1.48791e-20 8.67552e-21 5.05149e-21 2.93738e-21 1.7058e-21 9.89311e-22 5.7304e-22 3.31507e-22 1.91543e-22 1.10539e-22 6.3716e-23 3.66837e-23 2.1096e-23 1.21181e-23 6.9532e-24
1.79634e-08 6.35876e-08 1.38202e-07 2.34486e-07 3.39744e-07 4.39972e-07 5.23217e-07 5.81541e-07 6.11573e-07 6.14006e-07 5.92506e-07 5.52457e-07 4.99819e-07 4.40267e-07 3.78644e-07 3.18699e-07 2.63046e-07 2.13267e-07 1.70098e-07 1.33633e-07 1.03528e-07 7.91709e-08 5.98159e-08 4.46843e-08 3.30284e-08 2.41708e-08 1.75234e-08 1.25919e-08 8.97276e-09 6.34317e-09 4.45049e-09 3.10022e-09 2.14489e-09 1.4743e-09 1.00707e-09 6.83823e-10 4.61689e-10 3.10012e-10 2.07074e-10 1.3762e-10 9.10186e-11 5.9917e-11 3.92659e-11 2.5621e-11 1.66478e-11 1.07737e-11 6.94498e-12 4.46002e-12 2.85374e-12 1.8195e-12 1.15611e-12 7.32153e-13 4.62169e-13 2.90829e-13 1.82454e-13 1.14126e-13 7.11812e-14 4.42722e-14 2.74609e-14 1.69882e-14 1.04824e-14 6.45178e-15 3.96127e-15 2.42634e-15 1.48271e-15 9.04006e-16 5.49949e-16 3.33835e-16 2.02218e-16 1.22239e-16 7.37429e-17 4.43988e-17 2.66797e-17 1.60018e-17 9.57971e-18 5.72463e-18 3.41485e-18 2.03348e-18 1.20884e-18 7.17415e-19 4.25072e-19 2.51453e-19 1.48514e-19 8.75809e-20 5.15695e-20 3.03201e-20 1.78007e-20 1.04357e-20 6.10931e-21 3.57163e-21 2.08521e-21 1.21579e-21 7.07938e-22 4.11694e-22 2.39114e-22 1.38706e-22 8.03631e-23 4.65045e-23 2.68795e-23 1.55182e-23 8.94878e-24
8.89277e-09 3.26562e-08 7.31671e-08 1.27491e-07 1.89205e-07 2.50477e-07 3.04025e-07 3.44461e-07 3.68875e-07 3.76774e-07 3.69604e-07 3.50089e-07 3.21559e-07 2.87405e-07 2.50682e-07 2.13891e-07 1.78888e-07 1.4691e-07 1.18645e-07 9.43511e-08 7.39679e-08 5.7224e-08 4.37263e-08 3.30284e-08 2.46788e-08 1.82531e-08 1.33715e-08 9.7071e-09 6.98672e-09 4.988e-09 3.53368e-09 2.48507e-09 1.73546e-09 1.2039e-09 8.29844e-10 5.68533e-10 3.87238e-10 2.62283e-10 1.76696e-10 1.18424e-10 7.89765e-11 5.24178e-11 3.46306e-11 2.27778e-11 1.49177e-11 9.72957e-12 6.32044e-12 4.08998e-12 2.63674e-12 1.6937e-12 1.08413e-12 6.91584e-13 4.39715e-13 2.78679e-13 1.76069e-13 1.10903e-13 6.96508e-14 4.36178e-14 2.72389e-14 1.69643e-14 1.05375e-14 6.52852e-15 4.03463e-15 2.4873e-15 1.52973e-15 9.38616e-16 5.7461e-16 3.50988e-16 2.13928e-16 1.30114e-16 7.89725e-17 4.78352e-17 2.89173e-17 1.74472e-17 1.05067e-17 6.31539e-18 3.78916e-18 2.2694e-18 1.35681e-18 8.09812e-19 4.82525e-19 2.87039e-19 1.70475e-19 1.01086e-19 5.98481e-20 3.53791e-20 2.0883e-20 1.23084e-20 7.24407e-21 4.25745e-21 2.49869e-21 1.46447e-21 8.57171e-22 5.01049e-22 2.92503e-22 1.7054e-22 9.93062e-23 5.77553e-23 3.3549e-23 1.94648e-23 1.128e-23
4.40236e-09 1.67493e-08 3.865e-08 6.91118e-08 1.0499e-07 1.42004e-07 1.75836e-07 2.02989e-07 2.21257e-07 2.29828e-07 2.29103e-07 2.2037e-07 2.05428e-07 1.86244e-07 1.647e-07 1.42414e-07 1.20659e-07 1.00342e-07 8.20337e-08 6.60179e-08 5.23602e-08 4.09696e-08 3.16548e-08 2.41708e-08 1.82531e-08 1.36416e-08 1.00957e-08 7.40267e-09 5.38067e-09 3.87862e-09 2.77392e-09 1.96903e-09 1.38774e-09 9.71407e-10 6.75563e-10 4.669e-10 3.20768e-10 2.19115e-10 1.48856e-10 1.00593e-10 6.76343e-11 4.52524e-11 3.0135e-11 1.9977e-11 1.31851e-11 8.6656e-12 5.672e-12 3.6979e-12 2.40165e-12 1.55401e-12 1.00192e-12 6.43728e-13 4.12192e-13 2.6307e-13 1.67362e-13 1.06144e-13 6.71157e-14 4.23136e-14 2.66009e-14 1.66765e-14 1.04265e-14 6.5017e-15 4.04389e-15 2.50889e-15 1.55275e-15 9.58705e-16 5.90549e-16 3.62943e-16 2.22564e-16 1.36185e-16 8.31531e-17 5.06671e-17 3.081e-17 1.86979e-17 1.13253e-17 6.84666e-18 4.1314e-18 2.48841e-18 1.49613e-18 8.97958e-19 5.38015e-19 3.21811e-19 1.92171e-19 1.1457e-19 6.81969e-20 4.05302e-20 2.40507e-20 1.42502e-20 8.43092e-21 4.98078e-21 2.93833e-21 1.731e-21 1.01834e-21 5.98279e-22 3.51024e-22 2.05684e-22 1.20367e-22 7.03501e-23 4.10659e-23 2.39424e-23 1.39422e-23
2.17939e-09 8.58022e-09 2.03742e-08 3.73608e-08 5.80626e-08 8.01932e-08 1.01252e-07 1.19045e-07 1.32022e-07 1.3941e-07 1.41169e-07 1.37847e-07 1.30373e-07 1.19859e-07 1.07433e-07 9.41168e-08 8.07559e-08 6.79897e-08 5.62537e-08 4.58023e-08 3.67426e-08 2.90707e-08 2.27065e-08 1.75234e-08 1.33715e-08 1.00957e-08 7.54657e-09 5.58805e-09 4.10099e-09 2.98427e-09 2.15423e-09 1.54319e-09 1.09744e-09 7.7503e-10 5.4371e-10 3.79013e-10 2.626e-10 1.80882e-10 1.23897e-10 8.44086e-11 5.72084e-11 3.85803e-11 2.58929e-11 1.72975e-11 1.15038e-11 7.6176e-12 5.0232e-12 3.29904e-12 2.15821e-12 1.40654e-12 9.13307e-13 5.90925e-13 3.81019e-13 2.44852e-13 1.56835e-13 1.0014e-13 6.37428e-14 4.04533e-14 2.55982e-14 1.61522e-14 1.01637e-14 6.37825e-15 3.99217e-15 2.49231e-15 1.55207e-15 9.64178e-16 5.97543e-16 3.69462e-16 2.2792e-16 1.40291e-16 8.61656e-17 5.28098e-17 3.22992e-17 1.97145e-17 1.20093e-17 7.30129e-18 4.43051e-18 2.68347e-18 1.62234e-18 9.79061e-19 5.8981e-19 3.54703e-19 2.12953e-19 1.27638e-19 7.63782e-20 4.56315e-20 2.72194e-20 1.62115e-20 9.64076e-21 5.72472e-21 3.3944e-21 2.00978e-21 1.18829e-21 7.01609e-22 4.13691e-22 2.43599e-22 1.43253e-22 8.41337e-23 4.93495e-23 2.89102e-23 1.69155e-23
1.0789e-09 4.39046e-09 1.07192e-08 2.01441e-08 3.20085e-08 4.51209e-08 5.80642e-08 6.94992e-08 7.83899e-08 8.41185e-08 8.64992e-08 8.57173e-08 8.22266e-08 7.66356e-08 6.96038e-08 6.17614e-08 5.36556e-08 4.57217e-08 3.82761e-08 3.15233e-08 2.55717e-08 2.0454e-08 1.61473e-08 1.25919e-08 9.7071e-09 7.40267e-09 5.58805e-09 4.17782e-09 3.09516e-09 2.27333e-09 1.65607e-09 1.19703e-09 8.58813e-10 6.118e-10 4.32888e-10 3.04314e-10 2.12603e-10 1.47648e-10 1.01953e-10 7.0014e-11 4.78268e-11 3.25047e-11 2.19831e-11 1.4797e-11 9.91464e-12 6.61396e-12 4.39332e-12 2.90624e-12 1.91485e-12 1.25677e-12 8.21769e-13 5.3538e-13 3.47569e-13 2.2487e-13 1.45003e-13 9.31997e-14 5.97154e-14 3.81442e-14 2.42928e-14 1.54264e-14 9.76843e-15 6.16863e-15 3.88496e-15 2.44032e-15 1.52896e-15 9.55573e-16 5.95762e-16 3.70552e-16 2.29941e-16 1.42363e-16 8.79452e-17 5.42107e-17 3.33453e-17 2.04683e-17 1.25385e-17 7.66555e-18 4.67729e-18 2.84849e-18 1.7315e-18 1.05059e-18 6.363e-19 3.84702e-19 2.32186e-19 1.39898e-19 8.41513e-20 5.05361e-20 3.03002e-20 1.81387e-20 1.08416e-20 6.47027e-21 3.85569e-21 2.29428e-21 1.36321e-21 8.08844e-22 4.7925e-22 2.83573e-22 1.67565e-22 9.88837e-23 5.82776e-23 3.43021e-23 2.01648e-23
5.34111e-10 2.2442e-09 5.62929e-09 1.08346e-08 1.75928e-08 2.52997e-08 3.31683e-08 4.04008e-08 4.63295e-08 5.05042e-08 5.2721e-08 5.30039e-08 5.15563e-08 4.86985e-08 4.48065e-08 4.02598e-08 3.54043e-08 3.05281e-08 2.58527e-08 2.15319e-08 1.7659e-08 1.42767e-08 1.13891e-08 8.97276e-09 6.98672e-09 5.38067e-09 4.10099e-09 3.09516e-09 2.31443e-09 1.71547e-09 1.26093e-09 9.19483e-10 6.65432e-10 4.78104e-10 3.41144e-10 2.41814e-10 1.70323e-10 1.19241e-10 8.29936e-11 5.74418e-11 3.9543e-11 2.70804e-11 1.8453e-11 1.25136e-11 8.44647e-12 5.6756e-12 3.79716e-12 2.52975e-12 1.67851e-12 1.10932e-12 7.30347e-13 4.79059e-13 3.13101e-13 2.0392e-13 1.32361e-13 8.56304e-14 5.52204e-14 3.54989e-14 2.27515e-14 1.45385e-14 9.26349e-15 5.88586e-15 3.72953e-15 2.35688e-15 1.48556e-15 9.33972e-16 5.85732e-16 3.66446e-16 2.28713e-16 1.42418e-16 8.84814e-17 5.48501e-17 3.39282e-17 2.09422e-17 1.28998e-17 7.92971e-18 4.86483e-18 2.97872e-18 1.82038e-18 1.1104e-18 6.76083e-19 4.10901e-19 2.49291e-19 1.50981e-19 9.12854e-20 5.51003e-20 3.32043e-20 1.99773e-20 1.20003e-20 7.19736e-21 4.31015e-21 2.57727e-21 1.53882e-21 9.17463e-22 5.46224e-22 3.24747e-22 1.92806e-22 1.14317e-22 6.76893e-23 4.00278e-23 2.36397e-23
2.64411e-10 1.14599e-09 2.95118e-09 5.81396e-09 9.64228e-09 1.41394e-08 1.88774e-08 2.33906e-08 2.72614e-08 3.01799e-08 3.19726e-08 3.26022e-08 3.21464e-08 3.07659e-08 2.86688e-08 2.60786e-08 2.32089e-08 2.02461e-08 1.73402e-08 1.46021e-08 1.2105e-08 9.88981e-09 7.9709e-09 6.34317e-09 4.988e-09 3.87862e-09 2.98427e-09 2.27333e-09 1.71547e-09 1.28296e-09 9.51357e-10 6.99773e-10 5.10762e-10 3.70067e-10 2.66247e-10 1.90267e-10 1.35095e-10 9.53294e-11 6.68704e-11 4.66402e-11 3.23519e-11 2.23225e-11 1.53239e-11 1.04679e-11 7.1169e-12 4.81646e-12 3.24518e-12 2.17714e-12 1.45455e-12 9.67888e-13 6.41545e-13 4.23629e-13 2.78708e-13 1.82711e-13 1.19365e-13 7.7719e-14 5.04377e-14 3.26287e-14 2.10425e-14 1.35296e-14 8.67349e-15 5.54445e-15 3.53434e-15 2.24686e-15 1.42458e-15 9.00885e-16 5.68265e-16 3.57567e-16 2.24446e-16 1.40553e-16 8.78141e-17 5.474e-17 3.40475e-17 2.11312e-17 1.30871e-17 8.08836e-18 4.98878e-18 3.07089e-18 1.88663e-18 1.15685e-18 7.08032e-19 4.32545e-19 2.6377e-19 1.60565e-19 9.75716e-20 5.91909e-20 3.58476e-20 2.16746e-20 1.30841e-20 7.8858e-21 4.7454e-21 2.85125e-21 1.71058e-21 1.02474e-21 6.12983e-22 3.66155e-22 2.18409e-22 1.301e-22 7.7391e-23 4.59753e-23 2.72764e-23
1.30897e-10 5.84653e-10 1.54466e-09 3.11303e-09 5.27068e-09 7.8778e-09 1.07066e-08 1.34906e-08 1.59748e-08 1.79544e-08 1.92979e-08 1.99528e-08 1.99383e-08 1.93296e-08 1.82379e-08 1.67917e-08 1.51202e-08 1.33412e-08 1.15539e-08 9.83526e-09 8.2399e-09 6.80179e-09 5.53761e-09 4.45049e-09 3.53368e-09 2.77392e-09 2.15423e-09 1.65607e-09 1.26093e-09 9.51357e-10 7.11598e-10 5.27894e-10 3.8855e-10 2.83852e-10 2.05885e-10 1.48313e-10 1.06141e-10 7.5483e-11 5.33567e-11 3.74976e-11 2.62053e-11 1.82152e-11 1.25958e-11 8.66647e-12 5.93415e-12 4.04433e-12 2.74393e-12 1.85354e-12 1.24679e-12 8.35227e-13 5.57302e-13 3.70428e-13 2.45297e-13 1.61846e-13 1.0641e-13 6.97224e-14 4.55316e-14 2.96377e-14 1.92311e-14 1.24402e-14 8.02327e-15 5.15947e-15 3.30843e-15 2.11559e-15 1.34916e-15 8.58118e-16 5.44387e-16 3.44487e-16 2.17453e-16 1.36934e-16 8.60268e-17 5.39206e-17 3.37206e-17 2.10415e-17 1.31015e-17 8.1404e-18 5.04742e-18 3.12329e-18 1.92881e-18 1.18883e-18 7.31344e-19 4.49064e-19 2.7523e-19 1.68383e-19 1.02833e-19 6.26921e-20 3.8155e-20 2.31826e-20 1.40624e-20 8.51635e-21 5.14942e-21 3.10874e-21 1.8739e-21 1.12785e-21 6.7782e-22 4.06765e-22 2.43753e-22 1.45863e-22 8.7164e-23 5.20159e-23 3.09993e-23
6.48004e-11 2.9801e-10 8.07247e-10 1.66341e-09 2.87381e-09 4.37629e-09 6.0524e-09 7.75251e-09 9.3241e-09 1.06361e-08 1.15953e-08 1.21532e-08 1.23046e-08 1.20808e-08 1.15389e-08 1.07506e-08 9.79258e-09 8.7377e-09 7.65007e-09 6.58175e-09 5.57164e-09 4.64608e-09 3.82025e-09 3.10022e-09 2.48507e-09 1.96903e-09 1.54319e-09 1.19703e-09 9.19483e-10 6.99773e-10 5.27894e-10 3.94908e-10 2.93073e-10 2.15847e-10 1.57816e-10 1.14585e-10 8.26423e-11 5.92235e-11 4.21807e-11 2.98651e-11 2.10254e-11 1.47212e-11 1.02529e-11 7.10461e-12 4.89887e-12 3.36192e-12 2.29659e-12 1.56188e-12 1.05765e-12 7.1322e-13 4.79016e-13 3.2046e-13 2.13572e-13 1.4181e-13 9.38237e-14 6.18588e-14 4.06457e-14 2.66191e-14 1.7377e-14 1.13083e-14 7.33659e-15 4.74568e-15 3.06086e-15 1.96861e-15 1.26263e-15 8.0765e-16 5.15261e-16 3.27879e-16 2.08118e-16 1.31777e-16 8.32386e-17 5.24555e-17 3.29806e-17 2.06895e-17 1.29505e-17 8.0888e-18 5.04157e-18 3.1358e-18 1.94649e-18 1.20584e-18 7.45562e-19 4.60095e-19 2.83398e-19 1.7424e-19 1.06934e-19 6.55107e-20 4.0064e-20 2.44599e-20 1.49083e-20 9.07162e-21 5.51111e-21 3.34274e-21 2.02435e-21 1.22406e-21 7.39033e-22 4.45532e-22 2.68201e-22 1.61219e-22 9.67738e-23 5.8009e-23 3.47247e-23
3.20794e-11 1.51777e-10 4.2126e-10 8.87081e-10 1.56318e-09 2.42437e-09 3.41071e-09 4.43971e-09 5.4219e-09 6.27548e-09 6.93734e-09 7.36894e-09 7.55741e-09 7.51274e-09 7.26253e-09 6.84574e-09 6.30664e-09 5.68955e-09 5.03502e-09 4.37739e-09 3.74359e-09 3.15298e-09 2.61795e-09 2.14489e-09 1.73546e-09 1.38774e-09 1.09744e-09 8.58813e-10 6.65432e-10 5.10762e-10 3.8855e-10 2.93073e-10 2.19271e-10 1.62787e-10 1.19961e-10 8.7778e-11 6.37941e-11 4.60624e-11 3.30518e-11 2.3574e-11 1.67169e-11 1.17886e-11 8.26862e-12 5.76972e-12 4.00593e-12 2.76792e-12 1.90359e-12 1.30325e-12 8.88345e-13 6.02966e-13 4.07584e-13 2.74416e-13 1.84043e-13 1.22969e-13 8.1863e-14 5.43044e-14 3.5899e-14 2.36521e-14 1.55323e-14 1.01676e-14 6.63516e-15 4.31688e-15 2.80032e-15 1.81131e-15 1.16831e-15 7.5151e-16 4.8211e-16 3.08476e-16 1.96873e-16 1.25333e-16 7.95941e-17 5.04266e-17 3.18729e-17 2.00997e-17 1.26469e-17 7.9401e-18 4.97432e-18 3.10976e-18 1.9401e-18 1.20793e-18 7.50579e-19 4.65486e-19 2.8813e-19 1.78015e-19 1.09781e-19 6.75794e-20 4.15272e-20 2.54739e-20 1.55997e-20 9.5369e-21 5.82081e-21 3.54695e-21 2.15792e-21 1.3108e-21 7.95003e-22 4.81442e-22 2.9112e-22 1.75778e-22 1.05982e-22 6.38089e-23 3.83642e-23
