0.395673 0.11747 0.0404346 0.0149256 0.00366788 0.000714436 0.00012153 1.89974e-05 2.80876e-06 3.99642e-07 5.53239e-08 7.50502e-09 1.00253e-09 1.32316e-10 1.72965e-11 2.24337e-12 2.89086e-13 3.70493e-14 4.72616e-15 6.00467e-16 7.60234e-17 9.59545e-18 1.2078e-18 1.51658e-19 1.90012e-20 2.37594e-21 2.96556e-22 3.69542e-23 4.5979e-24 5.70723e-25 7.08226e-26
0.11747 0.0412009 0.0166455 0.00277538 0.00037928 4.79221e-05 5.84416e-06 7.00973e-07 8.34378e-08 9.89946e-09 1.17324e-09 1.3904e-10 1.64851e-11 1.95582e-12 2.32209e-13 2.75895e-14 3.28026e-15 3.90257e-16 4.64567e-17 5.53325e-18 6.59363e-19 7.86074e-20 9.37515e-21 1.11855e-21 1.33499e-22 1.5938e-23 1.90333e-24 2.27353e-25 2.71447e-26 3.10828e-27 3.71603e-28
0.0404346 0.0166455 0.00227006 0.000292454 3.59753e-05 4.31183e-06 5.10311e-07 6.00849e-08 7.06517e-09 8.31191e-10 9.79117e-11 1.15513e-11 1.36487e-12 1.61499e-13 1.91339e-14 2.26951e-15 2.69463e-16 3.20222e-17 3.80839e-18 4.53246e-19 5.39751e-20 6.43118e-21 7.66657e-22 9.14329e-23 1.09088e-23 1.30198e-24 1.55443e-25 1.8556e-26 2.16299e-27 2.57804e-28 3.08198e-29
0.0149256 0.00277538 0.000292454 3.27325e-05 3.72872e-06 4.27454e-07 4.92155e-08 5.69066e-09 6.60777e-10 7.70301e-11 9.0114e-12 1.05742e-12 1.24403e-13 1.4668e-14 1.73271e-15 2.05009e-16 2.4289e-17 2.88108e-18 3.42092e-19 4.06551e-20 4.83529e-21 5.75475e-22 6.85319e-23 8.16569e-24 9.73424e-25 1.16091e-25 1.38471e-26 1.63106e-27 1.94386e-28 2.31614e-29 2.76762e-30
0.00366788 0.00037928 3.59753e-05 3.72872e-06 4.04076e-07 4.4858e-08 5.05581e-09 5.76005e-10 6.61687e-11 7.65109e-12 8.89364e-13 1.03822e-13 1.21622e-14 1.42884e-15 1.68263e-16 1.98546e-17 2.34675e-18 2.77779e-19 3.29207e-20 3.90575e-21 4.63816e-22 5.51244e-23 6.55625e-24 7.80274e-25 9.2915e-26 1.10687e-26 1.31059e-27 1.56093e-28 1.85931e-29 2.21414e-30 2.64391e-31
0.000714436 4.79221e-05 4.31183e-06 4.27454e-07 4.4858e-08 4.87022e-09 5.40402e-10 6.08737e-11 6.93323e-12 7.96314e-13 9.206e-14 1.06981e-14 1.24839e-15 1.46173e-16 1.71632e-17 2.01997e-18 2.38201e-19 2.81364e-20 3.32825e-21 3.94188e-22 4.67369e-23 5.54662e-24 6.58809e-25 7.83092e-26 9.3138e-27 1.10488e-27 1.31467e-28 1.56472e-29 1.86255e-30 2.21647e-31 2.6446e-32
0.00012153 5.84416e-06 5.10311e-07 4.92155e-08 5.05581e-09 5.40402e-10 5.92799e-11 6.62006e-12 7.48901e-13 8.55438e-14 9.84431e-15 1.13952e-15 1.32523e-16 1.54708e-17 1.81171e-18 2.12715e-19 2.50299e-20 2.95075e-21 3.48419e-22 4.11978e-23 4.87722e-24 5.78004e-25 6.85641e-26 8.13976e-27 9.65581e-28 1.14747e-28 1.36423e-29 1.62244e-30 1.92983e-31 2.29486e-32 2.73594e-33
1.89974e-05 7.00973e-07 6.00849e-08 5.69066e-09 5.76005e-10 6.08737e-11 6.62006e-12 7.34304e-13 8.2616e-14 9.39403e-15 1.07687e-15 1.24232e-16 1.44048e-17 1.67715e-18 1.95935e-19 2.29551e-20 2.69578e-21 3.17229e-22 3.73956e-23 4.41495e-24 5.21923e-25 6.17721e-26 7.31843e-27 8.67221e-28 1.02899e-28 1.22171e-29 1.45128e-30 1.7246e-31 2.0498e-32 2.43578e-33 2.90168e-34
2.80876e-06 8.34378e-08 7.06517e-09 6.60777e-10 6.61687e-11 6.93323e-12 7.48901e-13 8.2616e-14 9.25302e-15 1.04808e-15 1.19743e-16 1.37733e-17 1.59282e-18 1.85011e-19 2.15675e-20 2.52182e-21 2.95621e-22 3.47299e-23 4.08776e-24 4.8192e-25 5.68961e-26 6.7256e-27 7.95636e-28 9.42369e-29 1.11709e-29 1.32515e-30 1.57285e-31 1.86762e-32 2.21817e-33 2.63403e-34 3.13552e-35
3.99642e-07 9.89946e-09 8.31191e-10 7.70301e-11 7.65109e-12 7.96314e-13 8.55438e-14 9.39403e-15 1.04808e-15 1.1832e-16 1.34783e-17 1.54625e-18 1.78395e-19 2.06768e-20 2.40567e-21 2.80783e-22 3.28606e-23 3.85462e-24 4.53054e-25 5.3342e-26 6.2899e-27 7.42553e-28 8.77742e-29 1.03861e-29 1.23006e-30 1.45792e-31 1.72906e-32 2.05158e-33 2.43495e-34 2.88956e-35 3.4373e-36
5.53239e-08 1.17324e-09 9.79117e-11 9.0114e-12 8.89364e-13 9.206e-14 9.84431e-15 1.07687e-15 1.19743e-16 1.34783e-17 1.53134e-18 1.75265e-19 2.01777e-20 2.33413e-21 2.71084e-22 3.15882e-23 3.69123e-24 4.32381e-25 5.07538e-26 5.96841e-27 7.02921e-28 8.29057e-29 9.79035e-30 1.1574e-30 1.36957e-31 1.62196e-32 1.92215e-33 2.27907e-34 2.70316e-35 3.20585e-36 3.81104e-37
7.50502e-09 1.3904e-10 1.15513e-11 1.05742e-12 1.03822e-13 1.06981e-14 1.13952e-15 1.24232e-16 1.37733e-17 1.54625e-18 1.75265e-19 2.00167e-20 2.29998e-21 2.65587e-22 3.07945e-23 3.58294e-24 4.18098e-25 4.89112e-26 5.73435e-27 6.73545e-28 7.92468e-29 9.33756e-30 1.10166e-30 1.30124e-31 1.53852e-32 1.82065e-33 2.15607e-34 2.55471e-35 3.02817e-36 3.58919e-37 4.26411e-38
1.00253e-09 1.64851e-11 1.36487e-12 1.24403e-13 1.21622e-14 1.24839e-15 1.32523e-16 1.44048e-17 1.59282e-18 1.78395e-19 2.01777e-20 2.29998e-21 2.63805e-22 3.04128e-23 3.52102e-24 4.09099e-25 4.76765e-26 5.57073e-27 6.52363e-28 7.6547e-29 8.99739e-30 1.05917e-30 1.24855e-31 1.47353e-32 1.74089e-33 2.05864e-34 2.43625e-35 2.88486e-36 3.41747e-37 4.04835e-38 4.8068e-39
1.32316e-10 1.95582e-12 1.61499e-13 1.4668e-14 1.42884e-15 1.46173e-16 1.54708e-17 1.67715e-18 1.85011e-19 2.06768e-20 2.33413e-21 2.65587e-22 3.04128e-23 3.50086e-24 4.04746e-25 4.69658e-26 5.46683e-27 6.38043e-28 7.46413e-29 8.74967e-30 1.0275e-30 1.20852e-31 1.42343e-32 1.67864e-33 1.98178e-34 2.3419e-35 2.76968e-36 3.2777e-37 3.88063e-38 4.59459e-39 5.45236e-40
1.72965e-11 2.32209e-13 1.91339e-14 1.73271e-15 1.68263e-16 1.71632e-17 1.81171e-18 1.95935e-19 2.15675e-20 2.40567e-21 2.71084e-22 3.07945e-23 3.52102e-24 4.04746e-25 4.67336e-26 5.41634e-27 6.29753e-28 7.34234e-29 8.58101e-30 1.00497e-30 1.17914e-31 1.38575e-32 1.63093e-33 1.92194e-34 2.26746e-35 2.67775e-36 3.16496e-37 3.74332e-38 4.42952e-39 5.24182e-40 6.21717e-41
2.24337e-12 2.75895e-14 2.26951e-15 2.05009e-16 1.98546e-17 2.01997e-18 2.12715e-19 2.29551e-20 2.52182e-21 2.80783e-22 3.15882e-23 3.58294e-24 4.09099e-25 4.69658e-26 5.41634e-27 6.27038e-28 7.28295e-29 8.48295e-30 9.90494e-31 1.15902e-31 1.35878e-32 1.59565e-33 1.8766e-34 2.20993e-35 2.60553e-36 3.07511e-37 3.63251e-38 4.29397e-39 5.0785e-40 6.00694e-41 7.12111e-42
2.89086e-13 3.28026e-15 2.69463e-16 2.4289e-17 2.34675e-18 2.38201e-19 2.50299e-20 2.69578e-21 2.95621e-22 3.28606e-23 3.69123e-24 4.18098e-25 4.76765e-26 5.46683e-27 6.29753e-28 7.28295e-29 8.45076e-30 9.83415e-31 1.14728e-31 1.34138e-32 1.57137e-33 1.84396e-34 2.16714e-35 2.55043e-36 3.00514e-37 3.54467e-38 4.18487e-39 4.94435e-40 5.84485e-41 6.91025e-42 8.18808e-43
3.70493e-14 3.90257e-16 3.20222e-17 2.88108e-18 2.77779e-19 2.81364e-20 2.95075e-21 3.17229e-22 3.47299e-23 3.85462e-24 4.32381e-25 4.89112e-26 5.57073e-27 6.38043e-28 7.34234e-29 8.48295e-30 9.83415e-31 1.14341e-31 1.33285e-32 1.55716e-33 1.82283e-34 2.13758e-35 2.51059e-36 2.9528e-37 3.47721e-38 4.09923e-39 4.83705e-40 5.71205e-41 6.74922e-42 7.97601e-43 9.44665e-44
4.72616e-15 4.64567e-17 3.80839e-18 3.42092e-19 3.29207e-20 3.32825e-21 3.48419e-22 3.73956e-23 4.08776e-24 4.53054e-25 5.07538e-26 5.73435e-27 6.52363e-28 7.46413e-29 8.58101e-30 9.90494e-31 1.14728e-31 1.33285e-32 1.55248e-33 1.81245e-34 2.12022e-35 2.4847e-36 2.91649e-37 3.42819e-38 4.03479e-39 4.75404e-40 5.60692e-41 6.61806e-42 7.81626e-43 9.23317e-44 1.09309e-44
6.00467e-16 5.53325e-18 4.53246e-19 4.06551e-20 3.90575e-21 3.94188e-22 4.11978e-23 4.41495e-24 4.8192e-25 5.3342e-26 5.96841e-27 6.73545e-28 7.6547e-29 8.74967e-30 1.00497e-30 1.15902e-31 1.34138e-32 1.55716e-33 1.81245e-34 2.11449e-35 2.47195e-36 2.89512e-37 3.39624e-38 3.9899e-39 4.69341e-40 5.52729e-41 6.51578e-42 7.68736e-43 9.07528e-44 1.07162e-44 1.26813e-45
7.60234e-17 6.59363e-19 5.39751e-20 4.83529e-21 4.63816e-22 4.67369e-23 4.87722e-24 5.21923e-25 5.68961e-26 6.2899e-27 7.02921e-28 7.92468e-29 8.99739e-30 1.0275e-30 1.17914e-31 1.35878e-32 1.57137e-33 1.82283e-34 2.12022e-35 2.47195e-36 2.88806e-37 3.38048e-38 3.96342e-39 4.65375e-40 5.47156e-41 6.4406e-42 7.58897e-43 8.94964e-44 1.05612e-44 1.2466e-45 1.47462e-46
9.59545e-18 7.86074e-20 6.43118e-21 5.75475e-22 5.51244e-23 5.54662e-24 5.78004e-25 6.17721e-26 6.7256e-27 7.42553e-28 8.29057e-29 9.33756e-30 1.05917e-30 1.20852e-31 1.38575e-32 1.59565e-33 1.84396e-34 2.13758e-35 2.4847e-36 2.89512e-37 3.38048e-38 3.95466e-39 4.63415e-40 5.43857e-41 6.39122e-42 7.5197e-43 8.85661e-44 1.04403e-44 1.23154e-45 1.45313e-46 1.71827e-47
1.2078e-18 9.37515e-21 7.66657e-22 6.85319e-23 6.55625e-24 6.58809e-25 6.85641e-26 7.31843e-27 7.95636e-28 8.77742e-29 9.79035e-30 1.10166e-30 1.24855e-31 1.42343e-32 1.63093e-33 1.8766e-34 2.16714e-35 2.51059e-36 2.91649e-37 3.39624e-38 3.96342e-39 4.63415e-40 5.42766e-41 6.36676e-42 7.47855e-43 8.79516e-44 1.03545e-44 1.22012e-45 1.43871e-46 1.69699e-47 2.0059e-48
1.51658e-19 1.11855e-21 9.14329e-23 8.16569e-24 7.80274e-25 7.83092e-26 8.13976e-27 8.67221e-28 9.42369e-29 1.03861e-29 1.1574e-30 1.30124e-31 1.47353e-32 1.67864e-33 1.92194e-34 2.20993e-35 2.55043e-36 2.9528e-37 3.42819e-38 3.9899e-39 4.65375e-40 5.43857e-41 6.36676e-42 7.46491e-43 8.76462e-44 1.03033e-44 1.21252e-45 1.42822e-46 1.6835e-47 1.98505e-48 2.34558e-49
1.90012e-20 1.33499e-22 1.09088e-23 9.73424e-25 9.2915e-26 9.3138e-27 9.65581e-28 1.02899e-28 1.11709e-29 1.23006e-30 1.36957e-31 1.53852e-32 1.74089e-33 1.98178e-34 2.26746e-35 2.60553e-36 3.00514e-37 3.47721e-38 4.03479e-39 4.69341e-40 5.47156e-41 6.39122e-42 7.47855e-43 8.76462e-44 1.02863e-44 1.20873e-45 1.42192e-46 1.67426e-47 1.97284e-48 2.32547e-49 2.7469e-50
2.37594e-21 1.5938e-23 1.30198e-24 1.16091e-25 1.10687e-26 1.10488e-27 1.14747e-28 1.22171e-29 1.32515e-30 1.45792e-31 1.62196e-32 1.82065e-33 2.05864e-34 2.3419e-35 2.67775e-36 3.07511e-37 3.54467e-38 4.09923e-39 4.75404e-40 5.52729e-41 6.4406e-42 7.5197e-43 8.79516e-44 1.03033e-44 1.20873e-45 1.41982e-46 1.66963e-47 1.96525e-48 2.31494e-49 2.72788e-50 3.2212e-51
2.96556e-22 1.90333e-24 1.55443e-25 1.38471e-26 1.31059e-27 1.31467e-28 1.36423e-29 1.45128e-30 1.57285e-31 1.72906e-32 1.92215e-33 2.15607e-34 2.43625e-35 2.76968e-36 3.16496e-37 3.63251e-38 4.18487e-39 4.83705e-40 5.60692e-41 6.51578e-42 7.58897e-43 8.85661e-44 1.03545e-44 1.21252e-45 1.42192e-46 1.66963e-47 1.9627e-48 2.30944e-49 2.71952e-50 3.20367e-51 3.78188e-52
3.69542e-23 2.27353e-25 1.8556e-26 1.63106e-27 1.56093e-28 1.56472e-29 1.62244e-30 1.7246e-31 1.86762e-32 2.05158e-33 2.27907e-34 2.55471e-35 2.88486e-36 3.2777e-37 3.74332e-38 4.29397e-39 4.94435e-40 5.71205e-41 6.61806e-42 7.68736e-43 8.94964e-44 1.04403e-44 1.22012e-45 1.42822e-46 1.67426e-47 1.96525e-48 2.30944e-49 2.71656e-50 3.19797e-51 3.76623e-52 4.44466e-53
4.5979e-24 2.71447e-26 2.16299e-27 1.94386e-28 1.85931e-29 1.86255e-30 1.92983e-31 2.0498e-32 2.21817e-33 2.43495e-34 2.70316e-35 3.02817e-36 3.41747e-37 3.88063e-38 4.42952e-39 5.0785e-40 5.84485e-41 6.74922e-42 7.81626e-43 9.07528e-44 1.05612e-44 1.23154e-45 1.43871e-46 1.6835e-47 1.97284e-48 2.31494e-49 2.71952e-50 3.19797e-51 3.7636e-52 4.43119e-53 5.22793e-54
5.70723e-25 3.10828e-27 2.57804e-28 2.31614e-29 2.21414e-30 2.21647e-31 2.29486e-32 2.43578e-33 2.63403e-34 2.88956e-35 3.20585e-36 3.58919e-37 4.04835e-38 4.59459e-39 5.24182e-40 6.00694e-41 6.91025e-42 7.97601e-43 9.23317e-44 1.07162e-44 1.2466e-45 1.45313e-46 1.69699e-47 1.98505e-48 2.32547e-49 2.72788e-50 3.20367e-51 3.76623e-52 4.43119e-53 5.21587e-54 6.15209e-55
7.08226e-26 3.71603e-28 3.08198e-29 2.76762e-30 2.64391e-31 2.6446e-32 2.73594e-33 2.90168e-34 3.13552e-35 3.4373e-36 3.81104e-37 4.26411e-38 4.8068e-39 5.45236e-40 6.21717e-41 7.12111e-42 8.18808e-43 9.44665e-44 1.09309e-44 1.26813e-45 1.47462e-46 1.71827e-47 2.0059e-48 2.34558e-49 2.7469e-50 3.2212e-51 3.78188e-52 4.44466e-53 5.22793e-54 6.15209e-55 7.25436e-56
