0.456847 0.0859904 0.0421874 0.0206974 0.0101543 0.00498175 0.00244408 0.00119908 0.000588275 0.000288611 0.000141594 6.94671e-05 3.4081e-05 1.67203e-05 8.2031e-06 4.02449e-06 1.97444e-06 9.68672e-07 4.75236e-07 2.33154e-07 1.14387e-07 5.61188e-08 2.75322e-08 1.35075e-08 6.62685e-09 3.25117e-09 1.59504e-09 7.82538e-10 3.83918e-10 1.88353e-10 9.24069e-11 4.53354e-11 2.22418e-11 1.0912e-11 5.35348e-12 2.62645e-12 1.28855e-12 6.32171e-13 3.10147e-13 1.5216e-13 7.46506e-14 3.6624e-14 1.7968e-14 8.8152e-15 4.32479e-15 2.12177e-15 1.04095e-15 5.10698e-16 2.50551e-16 1.22922e-16 6.03063e-17 2.95866e-17 1.45154e-17 7.12133e-18 3.49377e-18 1.71406e-18 8.4093e-19 4.12565e-19 2.02407e-19 9.93022e-20 4.87182e-20 2.39015e-20 1.17262e-20 5.75295e-21 2.82243e-21 1.3847e-21 6.79343e-22 3.3329e-22 1.63514e-22 8.02209e-23 3.93569e-23 1.93087e-23 9.47298e-24 4.6475e-24 2.28009e-24 1.11863e-24 5.48805e-25 2.69247e-25 1.32094e-25 6.48062e-26 3.17943e-26 1.55985e-26 7.65272e-27 3.75447e-27 1.84197e-27 9.03679e-28 4.43351e-28 2.1751e-28 1.06712e-28 5.23535e-29 2.5685e-29 1.26012e-29 6.18222e-30 3.03304e-30 1.48803e-30 7.30035e-31 3.58159e-31 1.75715e-31 8.62069e-32 4.22936e-32 2.07495e-32
0.0859904 0.0356977 0.0203054 0.0113317 0.00623138 0.00338684 0.00182335 0.000973898 0.000516732 0.000272611 0.000143115 7.48105e-05 3.89579e-05 2.02195e-05 1.04627e-05 5.39939e-06 2.77964e-06 1.42781e-06 7.31944e-07 3.74526e-07 1.91314e-07 9.75739e-08 4.96924e-08 2.52733e-08 1.28378e-08 6.51345e-09 3.3011e-09 1.67132e-09 8.45369e-10 4.27208e-10 2.15706e-10 1.08827e-10 5.48631e-11 2.76383e-11 1.39138e-11 7.00001e-12 3.51952e-12 1.76854e-12 8.88179e-13 4.45816e-13 2.2366e-13 1.12153e-13 5.62119e-14 2.81613e-14 1.41023e-14 7.05909e-15 3.53212e-15 1.76668e-15 8.83324e-16 4.41499e-16 2.20593e-16 1.10182e-16 5.50167e-17 2.74628e-17 1.37046e-17 6.83701e-18 3.40993e-18 1.70023e-18 8.4754e-19 4.2238e-19 2.10446e-19 1.04828e-19 5.22053e-20 2.59929e-20 1.29391e-20 6.43963e-21 3.20428e-21 1.59409e-21 7.92894e-22 3.94307e-22 1.96054e-22 9.74632e-23 4.84429e-23 2.4074e-23 1.19617e-23 5.94252e-24 2.95176e-24 1.46597e-24 7.27955e-25 3.61428e-25 1.79423e-25 8.90582e-26 4.41989e-26 2.19327e-26 1.08822e-26 5.39869e-27 2.67797e-27 1.32822e-27 6.58696e-28 3.26625e-28 1.61944e-28 8.02846e-29 3.97973e-29 1.97255e-29 9.77592e-30 4.84444e-30 2.40041e-30 1.18929e-30 5.89176e-31 2.91852e-31 1.44558e-31
0.0421874 0.0203054 0.0124907 0.00745926 0.00435716 0.00250171 0.00141667 0.000793157 0.000439848 0.000241939 0.000132145 7.17332e-05 3.87282e-05 2.0808e-05 1.11314e-05 5.93147e-06 3.14943e-06 1.66683e-06 8.79542e-07 4.62843e-07 2.42947e-07 1.27225e-07 6.64792e-08 3.46671e-08 1.80436e-08 9.37466e-09 4.86253e-09 2.51817e-09 1.30216e-09 6.72409e-10 3.46759e-10 1.78597e-10 9.18764e-11 4.72107e-11 2.4233e-11 1.24259e-11 6.36532e-12 3.25766e-12 1.66572e-12 8.50988e-13 4.34398e-13 2.21569e-13 1.12928e-13 5.75144e-14 2.92716e-14 1.48876e-14 7.56694e-15 3.84364e-15 1.95121e-15 9.89946e-16 5.01966e-16 2.5439e-16 1.28854e-16 6.5234e-17 3.30093e-17 1.66952e-17 8.44003e-18 4.26484e-18 2.15413e-18 1.08757e-18 5.48864e-19 2.76885e-19 1.39626e-19 7.03829e-20 3.54658e-20 1.78648e-20 8.99572e-21 4.52821e-21 2.27863e-21 1.14626e-21 5.76442e-22 2.89798e-22 1.45649e-22 7.31798e-23 3.67581e-23 1.84584e-23 9.26658e-24 4.65082e-24 2.3336e-24 1.17062e-24 5.8708e-25 2.94357e-25 1.47553e-25 7.39474e-26 3.7051e-26 1.85601e-26 9.29537e-27 4.65437e-27 2.33005e-27 1.16622e-27 5.83595e-28 2.91982e-28 1.46056e-28 7.30464e-29 3.65257e-29 1.82609e-29 9.1278e-30 4.5618e-30 2.27946e-30 1.13882e-30 5.6886e-31
0.0206974 0.0113317 0.00745926 0.00471823 0.00289922 0.00174245 0.00102896 0.000598954 0.000344486 0.000196116 0.000110668 6.19712e-05 3.4467e-05 1.9054e-05 1.04763e-05 5.73192e-06 3.12215e-06 1.69371e-06 9.15373e-07 4.93017e-07 2.64692e-07 1.41689e-07 7.56369e-08 4.0273e-08 2.13919e-08 1.13371e-08 5.99557e-09 3.16439e-09 1.66696e-09 8.76566e-10 4.60157e-10 2.41172e-10 1.26207e-10 6.59486e-11 3.44131e-11 1.79335e-11 9.33376e-12 4.852e-12 2.5193e-12 1.30664e-12 6.76964e-13 3.50372e-13 1.81161e-13 9.35811e-14 4.82963e-14 2.49032e-14 1.28301e-14 6.60459e-15 3.39718e-15 1.74605e-15 8.96759e-16 4.60238e-16 2.36041e-16 1.20977e-16 6.1963e-17 3.17167e-17 1.62248e-17 8.29488e-18 4.2383e-18 2.16436e-18 1.10466e-18 5.63506e-19 2.87306e-19 1.46411e-19 7.4574e-20 3.79661e-20 1.93198e-20 9.82684e-21 4.99613e-21 2.53902e-21 1.28978e-21 6.54921e-22 3.32421e-22 1.68662e-22 8.55424e-23 4.33694e-23 2.198e-23 1.11357e-23 5.63969e-24 2.85526e-24 1.44508e-24 7.31132e-25 3.69795e-25 1.86978e-25 9.45123e-26 4.7759e-26 2.41265e-26 1.21845e-26 6.15178e-27 3.10508e-27 1.56685e-27 7.90432e-28 3.98648e-28 2.01003e-28 1.01323e-28 5.10629e-29 2.57275e-29 1.29595e-29 6.52643e-30 3.28597e-30 1.65407e-30
0.0101543 0.00623138 0.00435716 0.00289922 0.00186229 0.00116481 0.000713453 0.000429617 0.000255061 0.000149619 8.68621e-05 4.99744e-05 2.85234e-05 1.61648e-05 9.10275e-06 5.09652e-06 2.83859e-06 1.57346e-06 8.68361e-07 4.77295e-07 2.61364e-07 1.42624e-07 7.75768e-08 4.20682e-08 2.2748e-08 1.2268e-08 6.59952e-09 3.54179e-09 1.89654e-09 1.0134e-09 5.40409e-10 2.87632e-10 1.52813e-10 8.10462e-11 4.29128e-11 2.26858e-11 1.19748e-11 6.31177e-12 3.32226e-12 1.74638e-12 9.1683e-13 4.80735e-13 2.51774e-13 1.3171e-13 6.88263e-14 3.59277e-14 1.87353e-14 9.76036e-15 5.07991e-15 2.64148e-15 1.37231e-15 7.12328e-16 3.69442e-16 1.91452e-16 9.91364e-17 5.1295e-17 2.65213e-17 1.37026e-17 7.0747e-18 3.65021e-18 1.88209e-18 9.69805e-19 4.99409e-19 2.57018e-19 1.32195e-19 6.79536e-20 3.49113e-20 1.79259e-20 9.19947e-21 4.71865e-21 2.41908e-21 1.23956e-21 6.34849e-22 3.24989e-22 1.66289e-22 8.50475e-23 4.34777e-23 2.22168e-23 1.13478e-23 5.79378e-24 2.95689e-24 1.50846e-24 7.69243e-25 3.92127e-25 1.99814e-25 1.01781e-25 5.18262e-26 2.63803e-26 1.34233e-26 6.82794e-27 3.47197e-27 1.7649e-27 8.96862e-28 4.5561e-28 2.31381e-28 1.1747e-28 5.96211e-29 3.02513e-29 1.53449e-29 7.78142e-30 3.94488e-30
0.00498175 0.00338684 0.00250171 0.00174245 0.00116481 0.000755149 0.00047796 0.000296703 0.000181241 0.000109211 6.50402e-05 3.83398e-05 2.23975e-05 1.29796e-05 7.46777e-06 4.26868e-06 2.42564e-06 1.37091e-06 7.70964e-07 4.31587e-07 2.40581e-07 1.3358e-07 7.38964e-08 4.07394e-08 2.23876e-08 1.22655e-08 6.70076e-09 3.65086e-09 1.98409e-09 1.07568e-09 5.81845e-10 3.14043e-10 1.6915e-10 9.09278e-11 4.8787e-11 2.61294e-11 1.39703e-11 7.45706e-12 3.97412e-12 2.11473e-12 1.12366e-12 5.96217e-13 3.15927e-13 1.67188e-13 8.83643e-14 4.66469e-14 2.45958e-14 1.29541e-14 6.81525e-15 3.58176e-15 1.88047e-15 9.86289e-16 5.16804e-16 2.70547e-16 1.41504e-16 7.39453e-17 3.86085e-17 2.01417e-17 1.04993e-17 5.46869e-18 2.84626e-18 1.48029e-18 7.69311e-19 3.99533e-19 2.07351e-19 1.07539e-19 5.57374e-20 2.88702e-20 1.49446e-20 7.73131e-21 3.9973e-21 2.06551e-21 1.06671e-21 5.50581e-22 2.8403e-22 1.46446e-22 7.54683e-23 3.88717e-23 2.00119e-23 1.02975e-23 5.29626e-24 2.72273e-24 1.39908e-24 7.18601e-25 3.68929e-25 1.89326e-25 9.71174e-26 4.97971e-26 2.55232e-26 1.30766e-26 6.69707e-27 3.42854e-27 1.75457e-27 8.97575e-28 4.59002e-28 2.34641e-28 1.19906e-28 6.12536e-29 3.12805e-29 1.59688e-29 8.14948e-30
0.00244408 0.00182335 0.00141667 0.00102896 0.000713453 0.00047796 0.000311738 0.000198981 0.000124758 7.70474e-05 4.69683e-05 2.83096e-05 1.68938e-05 9.9923e-06 5.86332e-06 3.41583e-06 1.97701e-06 1.13743e-06 6.50807e-07 3.70494e-07 2.09929e-07 1.18432e-07 6.65426e-08 3.7246e-08 2.07735e-08 1.15475e-08 6.39869e-09 3.53509e-09 1.94754e-09 1.07007e-09 5.86453e-10 3.20633e-10 1.74898e-10 9.51944e-11 5.17045e-11 2.8027e-11 1.51633e-11 8.1887e-12 4.41439e-12 2.37571e-12 1.27647e-12 6.84774e-13 3.66802e-13 1.96194e-13 1.04793e-13 5.58976e-14 2.97774e-14 1.58429e-14 8.4188e-15 4.46843e-15 2.36899e-15 1.25456e-15 6.63668e-16 3.50719e-16 1.85152e-16 9.765e-17 5.14519e-17 2.70849e-17 1.4245e-17 7.48542e-18 3.93006e-18 2.06168e-18 1.08067e-18 5.66003e-19 2.96219e-19 1.5491e-19 8.09524e-20 4.22736e-20 2.206e-20 1.1504e-20 5.99514e-21 3.12226e-21 1.62504e-21 8.45255e-22 4.39388e-22 2.28271e-22 1.18523e-22 6.1504e-23 3.18981e-23 1.65344e-23 8.56603e-24 4.43551e-24 2.29554e-24 1.18743e-24 6.13927e-25 3.1726e-25 1.63873e-25 8.46056e-26 4.36608e-26 2.25211e-26 1.16117e-26 5.98432e-27 3.08283e-27 1.58746e-27 8.1711e-28 4.20419e-28 2.16228e-28 1.11167e-28 5.71308e-29 2.93497e-29 1.50722e-29
0.00119908 0.000973898 0.000793157 0.000598954 0.000429617 0.000296703 0.000198981 0.00013033 8.37145e-05 5.28929e-05 3.29491e-05 2.02738e-05 1.23399e-05 7.43855e-06 4.44531e-06 2.63583e-06 1.55182e-06 9.07693e-07 5.27767e-07 3.05177e-07 1.75567e-07 1.00525e-07 5.73037e-08 3.25307e-08 1.83958e-08 1.03647e-08 5.81974e-09 3.25716e-09 1.81735e-09 1.01106e-09 5.60931e-10 3.10385e-10 1.71319e-10 9.43345e-11 5.18256e-11 2.84099e-11 1.55413e-11 8.48468e-12 4.62326e-12 2.51454e-12 1.36521e-12 7.39938e-13 4.00385e-13 2.16307e-13 1.16681e-13 6.28473e-14 3.38029e-14 1.8156e-14 9.73887e-15 5.21717e-15 2.79137e-15 1.49167e-15 7.96189e-16 4.24487e-16 2.26063e-16 1.20262e-16 6.39106e-17 3.39293e-17 1.79948e-17 9.53455e-18 5.04716e-18 2.66929e-18 1.41046e-18 7.44639e-19 3.92794e-19 2.07026e-19 1.09028e-19 5.73729e-20 3.01678e-20 1.58509e-20 8.32238e-21 4.36646e-21 2.28933e-21 1.19947e-21 6.28028e-22 3.28613e-22 1.71835e-22 8.97982e-23 4.68981e-23 2.44783e-23 1.27689e-23 6.6569e-24 3.46853e-24 1.80625e-24 9.40098e-25 4.89031e-25 2.54257e-25 1.32125e-25 6.86245e-26 3.56252e-26 1.84852e-26 9.58705e-27 4.96982e-27 2.57512e-27 1.33369e-27 6.90434e-28 3.57272e-28 1.84794e-28 9.5542e-29 4.93764e-29 2.55075e-29
0.000588275 0.000516732 0.000439848 0.000344486 0.000255061 0.000181241 0.000124758 8.37145e-05 5.50034e-05 3.5503e-05 2.25693e-05 1.41582e-05 8.77856e-06 5.38672e-06 3.27475e-06 1.97413e-06 1.181e-06 7.01596e-07 4.14127e-07 2.43e-07 1.41805e-07 8.2331e-08 4.75736e-08 2.73675e-08 1.5678e-08 8.94621e-09 5.08605e-09 2.8814e-09 1.62701e-09 9.1583e-10 5.13979e-10 2.87637e-10 1.60536e-10 8.93679e-11 4.96274e-11 2.74941e-11 1.51977e-11 8.38262e-12 4.61402e-12 2.53463e-12 1.38969e-12 7.60535e-13 4.1548e-13 2.26588e-13 1.23369e-13 6.70626e-14 3.63987e-14 1.97262e-14 1.06752e-14 5.76899e-15 3.11341e-15 1.67804e-15 9.03267e-16 4.85616e-16 2.60765e-16 1.39862e-16 7.49301e-17 4.00992e-17 2.14363e-17 1.14475e-17 6.10702e-18 3.25476e-18 1.73296e-18 9.21832e-19 4.8991e-19 2.60131e-19 1.38003e-19 7.31501e-20 3.87418e-20 2.05018e-20 1.08407e-20 5.72779e-21 3.02403e-21 1.59538e-21 8.41055e-22 4.43074e-22 2.33252e-22 1.2271e-22 6.45122e-23 3.38939e-23 1.7796e-23 9.33791e-24 4.89677e-24 2.5663e-24 1.34415e-24 7.03617e-25 3.68109e-25 1.92475e-25 1.00585e-25 5.25361e-26 2.74254e-26 1.43094e-26 7.46222e-27 3.88953e-27 2.02634e-27 1.05515e-27 5.49177e-28 2.85697e-28 1.48559e-28 7.7214e-29 4.01143e-29
0.000288611 0.000272611 0.000241939 0.000196116 0.000149619 0.000109211 7.70474e-05 5.28929e-05 3.5503e-05 2.33828e-05 1.51517e-05 9.68009e-06 6.1078e-06 3.81135e-06 2.35483e-06 1.44192e-06 8.75755e-07 5.27942e-07 3.16094e-07 1.88062e-07 1.11236e-07 6.54375e-08 3.83004e-08 2.2311e-08 1.2939e-08 7.47242e-09 4.29842e-09 2.46341e-09 1.4068e-09 8.0071e-10 4.54294e-10 2.56972e-10 1.44938e-10 8.1524e-11 4.57349e-11 2.55928e-11 1.42871e-11 7.95732e-12 4.42209e-12 2.45225e-12 1.3571e-12 7.49554e-13 4.13209e-13 2.27374e-13 1.24895e-13 6.84868e-14 3.74932e-14 2.0493e-14 1.11838e-14 6.09428e-15 3.31609e-15 1.80185e-15 9.77736e-16 5.29845e-16 2.8676e-16 1.55005e-16 8.36845e-17 4.51266e-17 2.43064e-17 1.30775e-17 7.02835e-18 3.77331e-18 2.02368e-18 1.08424e-18 5.80337e-19 3.10326e-19 1.65787e-19 8.8488e-20 4.71879e-20 2.51419e-20 1.33843e-20 7.11916e-21 3.78363e-21 2.00929e-21 1.0662e-21 5.65327e-22 2.99528e-22 1.58583e-22 8.39004e-23 4.43574e-23 2.34352e-23 1.23731e-23 6.5283e-24 3.44223e-24 1.81385e-24 9.55198e-25 5.02711e-25 2.64412e-25 1.38991e-25 7.302e-26 3.83397e-26 2.01193e-26 1.0552e-26 5.53129e-27 2.89791e-27 1.51746e-27 7.94194e-28 4.15448e-28 2.17215e-28 1.13515e-28 5.92934e-29
0.000141594 0.000143115 0.000132145 0.000110668 8.68621e-05 6.50402e-05 4.69683e-05 3.29491e-05 2.25693e-05 1.51517e-05 9.99811e-06 6.49925e-06 4.16945e-06 2.64362e-06 1.65864e-06 1.03082e-06 6.35129e-07 3.88254e-07 2.35626e-07 1.42045e-07 8.51015e-08 5.0693e-08 3.00349e-08 1.7706e-08 1.03889e-08 6.06862e-09 3.53017e-09 2.04544e-09 1.18074e-09 6.7918e-10 3.8936e-10 2.22498e-10 1.26758e-10 7.20044e-11 4.07881e-11 2.30437e-11 1.29856e-11 7.29976e-12 4.09389e-12 2.29077e-12 1.27905e-12 7.12659e-13 3.9628e-13 2.19927e-13 1.21827e-13 6.73624e-14 3.7182e-14 2.04886e-14 1.12715e-14 6.19098e-15 3.39524e-15 1.85923e-15 1.01664e-15 5.55122e-16 3.02704e-16 1.64844e-16 8.96534e-17 4.86985e-17 2.64201e-17 1.43165e-17 7.74883e-18 4.18934e-18 2.26244e-18 1.22052e-18 6.57743e-19 3.54099e-19 1.90441e-19 1.02323e-19 5.49253e-20 2.94557e-20 1.57823e-20 8.44864e-21 4.51883e-21 2.41488e-21 1.28945e-21 6.87954e-22 3.66748e-22 1.95361e-22 1.03986e-22 5.53079e-23 2.93955e-23 1.56121e-23 8.28579e-24 4.39447e-24 2.32908e-24 1.23359e-24 6.52943e-25 3.45382e-25 1.82579e-25 9.64566e-26 5.09272e-26 2.68725e-26 1.41713e-26 7.469e-27 3.93431e-27 2.07125e-27 1.08983e-27 5.73125e-28 3.01238e-28 1.5825e-28 8.30914e-29
6.94671e-05 7.48105e-05 7.17332e-05 6.19712e-05 4.99744e-05 3.83398e-05 2.83096e-05 2.02738e-05 1.41582e-05 9.68009e-06 6.49925e-06 4.29527e-06 2.79952e-06 1.80225e-06 1.14746e-06 7.23303e-07 4.51811e-07 2.7989e-07 1.7207e-07 1.05043e-07 6.37086e-08 3.84057e-08 2.30217e-08 1.37272e-08 8.14463e-09 4.80986e-09 2.82802e-09 1.65588e-09 9.65747e-10 5.61148e-10 3.24902e-10 1.87482e-10 1.07838e-10 6.18375e-11 3.53555e-11 2.01578e-11 1.1462e-11 6.50071e-12 3.67777e-12 2.07575e-12 1.16888e-12 6.56763e-13 3.68235e-13 2.0604e-13 1.15058e-13 6.41292e-14 3.56772e-14 1.9813e-14 1.0984e-14 6.07911e-15 3.35904e-15 1.85314e-15 1.02079e-15 5.6146e-16 3.08373e-16 1.69132e-16 9.26367e-17 5.06717e-17 2.76813e-17 1.5103e-17 8.23018e-18 4.47958e-18 2.43534e-18 1.32249e-18 7.17368e-19 3.88708e-19 2.10401e-19 1.13769e-19 6.14563e-20 3.31651e-20 1.78804e-20 9.6309e-21 5.18271e-21 2.78648e-21 1.49683e-21 8.03372e-22 4.30818e-22 2.3084e-22 1.23588e-22 6.61149e-23 3.53414e-23 1.88772e-23 1.00755e-23 5.37371e-24 2.86399e-24 1.52532e-24 8.11802e-25 4.31762e-25 2.29481e-25 1.21889e-25 6.47e-26 3.43216e-26 1.81953e-26 9.64024e-27 5.10451e-27 2.70124e-27 1.42863e-27 7.55143e-28 3.98927e-28 2.10629e-28 1.11149e-28
3.4081e-05 3.89579e-05 3.87282e-05 3.4467e-05 2.85234e-05 2.23975e-05 1.68938e-05 1.23399e-05 8.77856e-06 6.1078e-06 4.16945e-06 2.79952e-06 1.85254e-06 1.21012e-06 7.81369e-07 4.99269e-07 3.15995e-07 1.98266e-07 1.23408e-07 7.62501e-08 4.67918e-08 2.85326e-08 1.72957e-08 1.04263e-08 6.25264e-09 3.7314e-09 2.21655e-09 1.31097e-09 7.72172e-10 4.5304e-10 2.64817e-10 1.54248e-10 8.9542e-11 5.18129e-11 2.98891e-11 1.71914e-11 9.86014e-12 5.64003e-12 3.21774e-12 1.83121e-12 1.03964e-12 5.88871e-13 3.32806e-13 1.87685e-13 1.05625e-13 5.9324e-14 3.32548e-14 1.86064e-14 1.03916e-14 5.79349e-15 3.22445e-15 1.79165e-15 9.93928e-16 5.50527e-16 3.04471e-16 1.68141e-16 9.27212e-17 5.106e-17 2.80798e-17 1.54217e-17 8.45892e-18 4.63396e-18 2.53548e-18 1.38564e-18 7.5637e-19 4.12407e-19 2.24614e-19 1.22202e-19 6.64139e-20 3.60572e-20 1.95563e-20 1.05962e-20 5.73583e-21 3.10192e-21 1.67595e-21 9.04692e-22 4.87926e-22 2.62923e-22 1.41558e-22 7.61511e-23 4.0932e-23 2.19837e-23 1.17977e-23 6.32641e-24 3.38991e-24 1.81509e-24 9.71154e-25 5.1924e-25 2.77423e-25 1.48121e-25 7.90306e-26 4.2139e-26 2.24537e-26 1.19567e-26 6.36299e-27 3.38407e-27 1.79867e-27 9.55437e-28 5.07218e-28 2.69113e-28 1.427e-28
1.67203e-05 2.02195e-05 2.0808e-05 1.9054e-05 1.61648e-05 1.29796e-05 9.9923e-06 7.43855e-06 5.38672e-06 3.81135e-06 2.64362e-06 1.80225e-06 1.21012e-06 8.0164e-07 5.24654e-07 3.39641e-07 2.17698e-07 1.38275e-07 8.70995e-08 5.44433e-08 3.37893e-08 2.08322e-08 1.27645e-08 7.77613e-09 4.71156e-09 2.8402e-09 1.7039e-09 1.01756e-09 6.05077e-10 3.58332e-10 2.11386e-10 1.2424e-10 7.27642e-11 4.24732e-11 2.47126e-11 1.43346e-11 8.29039e-12 4.7812e-12 2.74993e-12 1.57751e-12 9.02682e-13 5.15285e-13 2.9346e-13 1.66753e-13 9.45493e-14 5.34973e-14 3.02083e-14 1.70242e-14 9.57603e-15 5.37657e-15 3.01335e-15 1.68595e-15 9.41693e-16 5.2513e-16 2.92372e-16 1.62532e-16 9.02172e-17 5.00044e-17 2.76765e-17 1.52973e-17 8.44373e-18 4.65462e-18 2.56259e-18 1.40907e-18 7.73851e-19 4.24489e-19 2.3258e-19 1.27287e-19 6.95853e-20 3.79997e-20 2.07292e-20 1.12963e-20 6.14966e-21 3.34452e-21 1.81718e-21 9.86386e-22 5.34925e-22 2.8983e-22 1.56894e-22 8.48571e-23 4.58562e-23 2.47595e-23 1.33576e-23 7.2005e-24 3.87839e-24 2.08738e-24 1.12259e-24 6.0327e-25 3.23954e-25 1.73836e-25 9.3215e-26 4.99492e-26 2.67469e-26 1.43127e-26 7.65393e-27 4.09037e-27 2.18454e-27 1.16596e-27 6.21925e-28 3.31532e-28 1.76625e-28
8.2031e-06 1.04627e-05 1.11314e-05 1.04763e-05 9.10275e-06 7.46777e-06 5.86332e-06 4.44531e-06 3.27475e-06 2.35483e-06 1.65864e-06 1.14746e-06 7.81369e-07 5.24654e-07 3.47874e-07 2.28052e-07 1.47965e-07 9.51009e-08 6.05959e-08 3.83025e-08 2.40321e-08 1.49749e-08 9.2713e-09 5.70565e-09 3.49155e-09 2.12532e-09 1.28723e-09 7.7595e-10 4.65656e-10 2.7826e-10 1.65609e-10 9.81854e-11 5.79989e-11 3.41408e-11 2.00297e-11 1.17135e-11 6.8292e-12 3.96985e-12 2.30119e-12 1.33031e-12 7.67037e-13 4.41153e-13 2.53109e-13 1.44881e-13 8.27434e-14 4.71528e-14 2.68142e-14 1.52173e-14 8.61883e-15 4.87224e-15 2.74918e-15 1.54844e-15 8.70613e-16 4.88674e-16 2.7384e-16 1.53207e-16 8.55819e-17 4.77338e-17 2.65845e-17 1.47845e-17 8.21059e-18 4.55354e-18 2.522e-18 1.39501e-18 7.70649e-19 4.25205e-19 2.34323e-19 1.28979e-19 7.09122e-20 3.89433e-20 2.13632e-20 1.17066e-20 6.40817e-21 3.50421e-21 1.91428e-21 1.0447e-21 5.69582e-22 3.10247e-22 1.68832e-22 9.17918e-23 4.98614e-23 2.7061e-23 1.4674e-23 7.95036e-24 4.30392e-24 2.32803e-24 1.25824e-24 6.79517e-25 3.66692e-25 1.9773e-25 1.06542e-25 5.73658e-26 3.08654e-26 1.65953e-26 8.91651e-27 4.7875e-27 2.5688e-27 1.37742e-27 7.38105e-28 3.95269e-28 2.11541e-28
4.02449e-06 5.39939e-06 5.93147e-06 5.73192e-06 5.09652e-06 4.26868e-06 3.41583e-06 2.63583e-06 1.97413e-06 1.44192e-06 1.03082e-06 7.23303e-07 4.99269e-07 3.39641e-07 2.28052e-07 1.51331e-07 9.93498e-08 6.45884e-08 4.16136e-08 2.65897e-08 1.68597e-08 1.06141e-08 6.63774e-09 4.12521e-09 2.54876e-09 1.5661e-09 9.57312e-10 5.82313e-10 3.52566e-10 2.12525e-10 1.27574e-10 7.62746e-11 4.54305e-11 2.69612e-11 1.5945e-11 9.39874e-12 5.52245e-12 3.23496e-12 1.88944e-12 1.10046e-12 6.39199e-13 3.70309e-13 2.13993e-13 1.23362e-13 7.09483e-14 4.07117e-14 2.33102e-14 1.33183e-14 7.59387e-15 4.32128e-15 2.45428e-15 1.3913e-15 7.87284e-16 4.44708e-16 2.50769e-16 1.41172e-16 7.93451e-17 4.45253e-17 2.49474e-17 1.39571e-17 7.79708e-18 4.34963e-18 2.42309e-18 1.34803e-18 7.48961e-19 4.15583e-19 2.30309e-19 1.27477e-19 7.04738e-20 3.89149e-20 2.14637e-20 1.18252e-20 6.50777e-21 3.57758e-21 1.96467e-21 1.07781e-21 5.90687e-22 3.23401e-22 1.76891e-22 9.6662e-23 5.27718e-23 2.8784e-23 1.56859e-23 8.54058e-24 4.64611e-24 2.52536e-24 1.3715e-24 7.44243e-25 4.03538e-25 2.18631e-25 1.18359e-25 6.40267e-26 3.46096e-26 1.86944e-26 1.00905e-26 5.44258e-27 2.93355e-27 1.58009e-27 8.50506e-28 4.57491e-28 2.45926e-28
1.97444e-06 2.77964e-06 3.14943e-06 3.12215e-06 2.83859e-06 2.42564e-06 1.97701e-06 1.55182e-06 1.181e-06 8.75755e-07 6.35129e-07 4.51811e-07 3.15995e-07 2.17698e-07 1.47965e-07 9.93498e-08 6.59721e-08 4.33665e-08 2.82427e-08 1.8236e-08 1.16815e-08 7.42772e-09 4.69046e-09 2.94286e-09 1.83524e-09 1.138e-09 7.01869e-10 4.30689e-10 2.63017e-10 1.5989e-10 9.6778e-11 5.83364e-11 3.50263e-11 2.09516e-11 1.24877e-11 7.41742e-12 4.39131e-12 2.59157e-12 1.52481e-12 8.94538e-13 5.23316e-13 3.05319e-13 1.7767e-13 1.03129e-13 5.9716e-14 3.44971e-14 1.98833e-14 1.14351e-14 6.56251e-15 3.75841e-15 2.14817e-15 1.22544e-15 6.9775e-16 3.96563e-16 2.24985e-16 1.27422e-16 7.20454e-17 4.06685e-17 2.29202e-17 1.28975e-17 7.24665e-18 4.06564e-18 2.2777e-18 1.27426e-18 7.11906e-19 3.97199e-19 2.21324e-19 1.23167e-19 6.84574e-20 3.80029e-20 2.10716e-20 1.167e-20 6.45582e-21 3.56736e-21 1.9691e-21 1.08574e-21 5.98033e-22 3.29065e-22 1.80884e-22 9.93324e-23 5.44956e-23 2.9869e-23 1.63559e-23 8.94814e-24 4.89104e-24 2.67109e-24 1.45747e-24 7.94591e-25 4.32838e-25 2.35587e-25 1.28123e-25 6.96245e-26 3.78058e-26 2.05127e-26 1.11214e-26 6.02529e-27 3.26197e-27 1.7647e-27 9.54019e-28 5.15398e-28 2.78248e-28
9.68672e-07 1.42781e-06 1.66683e-06 1.69371e-06 1.57346e-06 1.37091e-06 1.13743e-06 9.07693e-07 7.01596e-07 5.27942e-07 3.88254e-07 2.7989e-07 1.98266e-07 1.38275e-07 9.51009e-08 6.45884e-08 4.33665e-08 2.88146e-08 1.89626e-08 1.2369e-08 8.00208e-09 5.13755e-09 3.27503e-09 2.07386e-09 1.30505e-09 8.16426e-10 5.07923e-10 3.14341e-10 1.93574e-10 1.18645e-10 7.23942e-11 4.39855e-11 2.66164e-11 1.60438e-11 9.635e-12 5.76575e-12 3.43861e-12 2.04406e-12 1.21127e-12 7.15617e-13 4.21561e-13 2.47644e-13 1.45086e-13 8.47798e-14 4.94164e-14 2.8734e-14 1.66687e-14 9.64769e-15 5.57172e-15 3.21093e-15 1.84661e-15 1.05986e-15 6.07123e-16 3.47124e-16 1.98105e-16 1.12858e-16 6.41819e-17 3.64385e-17 2.06535e-17 1.16877e-17 6.6037e-18 3.7255e-18 2.09863e-18 1.18048e-18 6.63082e-19 3.71943e-19 2.08353e-19 1.1656e-19 6.51239e-20 3.634e-20 2.02533e-20 1.12741e-20 6.26838e-21 3.4812e-21 1.93113e-21 1.07007e-21 5.92304e-22 3.27503e-22 1.80897e-22 9.98175e-23 5.50233e-23 3.03012e-23 1.66707e-23 9.16304e-24 5.03178e-24 2.76063e-24 1.51323e-24 8.28748e-25 4.53486e-25 2.47935e-25 1.35441e-25 7.39277e-26 4.03194e-26 2.19724e-26 1.19648e-26 6.51025e-27 3.53968e-27 1.92313e-27 1.04409e-27 5.66442e-28 3.0709e-28
4.75236e-07 7.31944e-07 8.79542e-07 9.15373e-07 8.68361e-07 7.70964e-07 6.50807e-07 5.27767e-07 4.14127e-07 3.16094e-07 2.35626e-07 1.7207e-07 1.23408e-07 8.70995e-08 6.05959e-08 4.16136e-08 2.82427e-08 1.89626e-08 1.26064e-08 8.30453e-09 5.42457e-09 3.51559e-09 2.26175e-09 1.44512e-09 9.17418e-10 5.78889e-10 3.63194e-10 2.2664e-10 1.40705e-10 8.69313e-11 5.34611e-11 3.27334e-11 1.99585e-11 1.21207e-11 7.33272e-12 4.41992e-12 2.65486e-12 1.58931e-12 9.48352e-13 5.64135e-13 3.34578e-13 1.97861e-13 1.16686e-13 6.86295e-14 4.02606e-14 2.35593e-14 1.3753e-14 8.00962e-15 4.65418e-15 2.69849e-15 1.56125e-15 9.01419e-16 5.19409e-16 2.98707e-16 1.71459e-16 9.82365e-17 5.61835e-17 3.20765e-17 1.82822e-17 1.04028e-17 5.9098e-18 3.35207e-18 1.8984e-18 1.07352e-18 6.06182e-19 3.41802e-19 1.92461e-19 1.08223e-19 6.07741e-20 3.40842e-20 1.90913e-20 1.06802e-20 5.96751e-21 3.33035e-21 1.85643e-21 1.03365e-21 5.74885e-22 3.19383e-22 1.77246e-22 9.82613e-23 5.44177e-23 3.01063e-23 1.66396e-23 9.18762e-24 5.06813e-24 2.79309e-24 1.53787e-24 8.45981e-25 4.64959e-25 2.55322e-25 1.40084e-25 7.6793e-26 4.20623e-26 2.30203e-26 1.25886e-26 6.87863e-27 3.75568e-27 2.049e-27 1.11704e-27 6.0852e-28 3.31256e-28
2.33154e-07 3.74526e-07 4.62843e-07 4.93017e-07 4.77295e-07 4.31587e-07 3.70494e-07 3.05177e-07 2.43e-07 1.88062e-07 1.42045e-07 1.05043e-07 7.62501e-08 5.44433e-08 3.83025e-08 2.65897e-08 1.8236e-08 1.2369e-08 8.30453e-09 5.52352e-09 3.64198e-09 2.38201e-09 1.54621e-09 9.96612e-10 6.38121e-10 4.06041e-10 2.56852e-10 1.61577e-10 1.01109e-10 6.29551e-11 3.90131e-11 2.40672e-11 1.47833e-11 9.04335e-12 5.51036e-12 3.34499e-12 2.02321e-12 1.21951e-12 7.32631e-13 4.38729e-13 2.61921e-13 1.55904e-13 9.2534e-14 5.47707e-14 3.23324e-14 1.90375e-14 1.11815e-14 6.55155e-15 3.82978e-15 2.23368e-15 1.29992e-15 7.54896e-16 4.37482e-16 2.53024e-16 1.46055e-16 8.41486e-17 4.83923e-17 2.77796e-17 1.5919e-17 9.10679e-18 5.20109e-18 2.96565e-18 1.68834e-18 9.59691e-19 5.4469e-19 3.08695e-19 1.74698e-19 9.87272e-20 5.57174e-20 3.14024e-20 1.76753e-20 9.93604e-21 5.57848e-21 3.12813e-21 1.75199e-21 9.80092e-22 5.47647e-22 3.05664e-22 1.70414e-22 9.49066e-23 5.27987e-23 2.93425e-23 1.62901e-23 9.03474e-24 5.00585e-24 2.77088e-24 1.5323e-24 8.46576e-25 4.67291e-25 2.57701e-25 1.41991e-25 7.81675e-26 4.29951e-26 2.36291e-26 1.29752e-26 7.11911e-27 3.90292e-27 2.13802e-27 1.1703e-27 6.40099e-28 3.49842e-28
1.14387e-07 1.91314e-07 2.42947e-07 2.64692e-07 2.61364e-07 2.40581e-07 2.09929e-07 1.75567e-07 1.41805e-07 1.11236e-07 8.51015e-08 6.37086e-08 4.67918e-08 3.37893e-08 2.40321e-08 1.68597e-08 1.16815e-08 8.00208e-09 5.42457e-09 3.64198e-09 2.42341e-09 1.59921e-09 1.04716e-09 6.80726e-10 4.39513e-10 2.8196e-10 1.79796e-10 1.13996e-10 7.18872e-11 4.51009e-11 2.81579e-11 1.74984e-11 1.08261e-11 6.66982e-12 4.0926e-12 2.50152e-12 1.52335e-12 9.24375e-13 5.59003e-13 3.3694e-13 2.02449e-13 1.21271e-13 7.24309e-14 4.31378e-14 2.56214e-14 1.51775e-14 8.96776e-15 5.28558e-15 3.10784e-15 1.82312e-15 1.06707e-15 6.2319e-16 3.63182e-16 2.11219e-16 1.22594e-16 7.10168e-17 4.10608e-17 2.3697e-17 1.36514e-17 7.85053e-18 4.50693e-18 2.58309e-18 1.47806e-18 8.44418e-19 4.81671e-19 2.7434e-19 1.56022e-19 8.86046e-20 5.02476e-20 2.84561e-20 1.60935e-20 9.0898e-21 5.1274e-21 2.88862e-21 1.62535e-21 9.13435e-22 5.12735e-22 2.87476e-22 1.60997e-22 9.00628e-23 5.03266e-23 2.8092e-23 1.56643e-23 8.72544e-24 4.85538e-24 2.69914e-24 1.499e-24 8.31687e-25 4.61007e-25 2.553e-25 1.41253e-25 7.80827e-26 4.3125e-26 2.37972e-26 1.31205e-26 7.22792e-27 3.97847e-27 2.18809e-27 1.20245e-27 6.6028e-28 3.62287e-28
5.61188e-08 9.75739e-08 1.27225e-07 1.41689e-07 1.42624e-07 1.3358e-07 1.18432e-07 1.00525e-07 8.2331e-08 6.54375e-08 5.0693e-08 3.84057e-08 2.85326e-08 2.08322e-08 1.49749e-08 1.06141e-08 7.42772e-09 5.13755e-09 3.51559e-09 2.38201e-09 1.59921e-09 1.06454e-09 7.03019e-10 4.60826e-10 2.99966e-10 1.93978e-10 1.24664e-10 7.96499e-11 5.0608e-11 3.19865e-11 2.0116e-11 1.25906e-11 7.84477e-12 4.86665e-12 3.00663e-12 1.85014e-12 1.13417e-12 6.92734e-13 4.2163e-13 2.55759e-13 1.5464e-13 9.32084e-14 5.60117e-14 3.35613e-14 2.0053e-14 1.19492e-14 7.10163e-15 4.20991e-15 2.48954e-15 1.46868e-15 8.64432e-16 5.07643e-16 2.97468e-16 1.73941e-16 1.015e-16 5.91105e-17 3.43571e-17 1.99317e-17 1.15417e-17 6.67137e-18 3.84945e-18 2.21738e-18 1.27514e-18 7.32094e-19 4.1965e-19 2.40179e-19 1.37254e-19 7.83195e-20 4.46259e-20 2.53916e-20 1.44275e-20 8.18664e-21 4.63921e-21 2.62554e-21 1.48402e-21 8.37766e-22 4.72362e-22 2.66016e-22 1.49635e-22 8.40733e-23 4.71839e-23 2.64515e-23 1.48127e-23 8.28625e-24 4.63049e-24 2.58494e-24 1.44157e-24 8.03143e-25 4.4702e-25 2.48569e-25 1.38089e-25 7.66423e-26 4.24996e-26 2.35458e-26 1.30335e-26 7.20835e-27 3.98327e-27 2.19929e-27 1.21329e-27 6.68804e-28 3.68371e-28
2.75322e-08 4.96924e-08 6.64792e-08 7.56369e-08 7.75768e-08 7.38964e-08 6.65426e-08 5.73037e-08 4.75736e-08 3.83004e-08 3.00349e-08 2.30217e-08 1.72957e-08 1.27645e-08 9.2713e-09 6.63774e-09 4.69046e-09 3.27503e-09 2.26175e-09 1.54621e-09 1.04716e-09 7.03019e-10 4.68144e-10 3.09371e-10 2.02988e-10 1.32293e-10 8.56733e-11 5.51502e-11 3.53003e-11 2.24734e-11 1.42342e-11 8.97171e-12 5.62857e-12 3.51553e-12 2.18644e-12 1.35431e-12 8.35615e-13 5.13653e-13 3.14609e-13 1.92032e-13 1.16823e-13 7.08427e-14 4.2827e-14 2.58134e-14 1.5514e-14 9.29803e-15 5.55763e-15 3.31327e-15 1.97027e-15 1.16878e-15 6.91689e-16 4.08402e-16 2.40599e-16 1.41435e-16 8.29664e-17 4.85687e-17 2.83755e-17 1.65457e-17 9.62956e-18 5.59404e-18 3.24388e-18 1.87777e-18 1.08512e-18 6.26017e-19 3.60569e-19 2.07348e-19 1.19052e-19 6.82518e-20 3.90703e-20 2.23331e-20 1.27478e-20 7.26635e-21 4.13626e-21 2.35137e-21 1.33496e-21 7.56939e-22 4.28657e-22 2.42453e-22 1.36969e-22 7.72866e-23 4.35597e-23 2.4523e-23 1.37904e-23 7.74654e-24 4.34683e-24 2.43658e-24 1.36439e-24 7.6323e-25 4.2652e-25 2.38121e-25 1.32812e-25 7.40059e-26 4.11993e-26 2.29148e-26 1.27336e-26 7.06971e-27 3.92169e-27 2.17356e-27 1.20366e-27 6.66003e-28 3.68207e-28
1.35075e-08 2.52733e-08 3.46671e-08 4.0273e-08 4.20682e-08 4.07394e-08 3.7246e-08 3.25307e-08 2.73675e-08 2.2311e-08 1.7706e-08 1.37272e-08 1.04263e-08 7.77613e-09 5.70565e-09 4.12521e-09 2.94286e-09 2.07386e-09 1.44512e-09 9.96612e-10 6.80726e-10 4.60826e-10 3.09371e-10 2.06078e-10 1.36271e-10 8.94918e-11 5.83901e-11 3.7864e-11 2.44112e-11 1.56514e-11 9.98246e-12 6.3351e-12 4.00129e-12 2.51578e-12 1.57491e-12 9.81819e-13 6.0964e-13 3.77097e-13 2.32399e-13 1.42718e-13 8.73465e-14 5.32828e-14 3.24007e-14 1.96425e-14 1.18729e-14 7.15618e-15 4.30137e-15 2.57854e-15 1.54176e-15 9.19547e-16 5.4711e-16 3.24752e-16 1.92324e-16 1.13645e-16 6.70083e-17 3.94269e-17 2.3151e-17 1.35669e-17 7.93506e-18 4.63233e-18 2.69928e-18 1.57007e-18 9.11647e-19 5.28437e-19 3.05798e-19 1.76673e-19 1.01909e-19 5.8692e-20 3.37509e-20 1.93797e-20 1.11116e-20 6.36189e-21 3.63741e-21 2.07685e-21 1.18424e-21 6.74379e-22 3.83541e-22 2.17858e-22 1.23595e-22 7.00333e-23 3.96363e-23 2.24066e-23 1.26521e-23 7.13618e-24 4.0206e-24 2.2628e-24 1.27216e-24 7.14473e-25 4.00853e-25 2.24672e-25 1.25801e-25 7.03712e-26 3.93272e-26 2.19575e-26 1.22482e-26 6.826e-27 3.80078e-27 2.11445e-27 1.17529e-27 6.52715e-28 3.62191e-28
6.62685e-09 1.28378e-08 1.80436e-08 2.13919e-08 2.2748e-08 2.23876e-08 2.07735e-08 1.83958e-08 1.5678e-08 1.2939e-08 1.03889e-08 8.14463e-09 6.25264e-09 4.71156e-09 3.49155e-09 2.54876e-09 1.83524e-09 1.30505e-09 9.17418e-10 6.38121e-10 4.39513e-10 2.99966e-10 2.02988e-10 1.36271e-10 9.08e-11 6.00769e-11 3.9486e-11 2.579e-11 1.67447e-11 1.08106e-11 6.94219e-12 4.4353e-12 2.81991e-12 1.78454e-12 1.12432e-12 7.05344e-13 4.40698e-13 2.74272e-13 1.70054e-13 1.05056e-13 6.46762e-14 3.96835e-14 2.42701e-14 1.47971e-14 8.99437e-15 5.45129e-15 3.29461e-15 1.98574e-15 1.19369e-15 7.15733e-16 4.28084e-16 2.55423e-16 1.52045e-16 9.03023e-17 5.35136e-17 3.16443e-17 1.86731e-17 1.09965e-17 6.46295e-18 3.79112e-18 2.21966e-18 1.2972e-18 7.56743e-19 4.40688e-19 2.56196e-19 1.48692e-19 8.61586e-20 4.98444e-20 2.87911e-20 1.6605e-20 9.56257e-21 5.49891e-21 3.15762e-21 1.81066e-21 1.03686e-21 5.92953e-22 3.3865e-22 1.93163e-22 1.10039e-22 6.2609e-23 3.55793e-23 2.01949e-23 1.14493e-23 6.48364e-24 3.6675e-24 2.07225e-24 1.16961e-24 6.59445e-25 3.71416e-25 2.08976e-25 1.17461e-25 6.59564e-26 3.69996e-26 2.07357e-26 1.161e-26 6.4944e-27 3.62952e-27 2.0266e-27 1.13058e-27 6.3017e-28 3.50946e-28
3.25117e-09 6.51345e-09 9.37466e-09 1.13371e-08 1.2268e-08 1.22655e-08 1.15475e-08 1.03647e-08 8.94621e-09 7.47242e-09 6.06862e-09 4.80986e-09 3.7314e-09 2.8402e-09 2.12532e-09 1.5661e-09 1.138e-09 8.16426e-10 5.78889e-10 4.06041e-10 2.8196e-10 1.93978e-10 1.32293e-10 8.94918e-11 6.00769e-11 4.00412e-11 2.65069e-11 1.74352e-11 1.13987e-11 7.40933e-12 4.78988e-12 3.08038e-12 1.97117e-12 1.25539e-12 7.95911e-13 5.02412e-13 3.15824e-13 1.97739e-13 1.23331e-13 7.66384e-14 4.74543e-14 2.9283e-14 1.80103e-14 1.10418e-14 6.74872e-15 4.11253e-15 2.49888e-15 1.51416e-15 9.15005e-16 5.5149e-16 3.3155e-16 1.98834e-16 1.18958e-16 7.10043e-17 4.22859e-17 2.51276e-17 1.48997e-17 8.8166e-18 5.20647e-18 3.06851e-18 1.805e-18 1.05976e-18 6.21077e-19 3.63334e-19 2.12182e-19 1.237e-19 7.19964e-20 4.18353e-20 2.42708e-20 1.40589e-20 8.1312e-21 4.69583e-21 2.70793e-21 1.55935e-21 8.96685e-22 5.14924e-22 2.953e-22 1.69127e-22 9.6739e-23 5.52639e-23 3.15314e-23 1.79687e-23 1.02275e-23 5.81454e-24 3.30188e-24 1.87291e-24 1.06118e-24 6.00605e-25 3.39565e-25 1.91779e-25 1.082e-25 6.09839e-26 3.43374e-26 1.93149e-26 1.08542e-26 6.09382e-27 3.41802e-27 1.9154e-27 1.07239e-27 5.99867e-28 3.35256e-28
1.59504e-09 3.3011e-09 4.86253e-09 5.99557e-09 6.59952e-09 6.70076e-09 6.39869e-09 5.81974e-09 5.08605e-09 4.29842e-09 3.53017e-09 2.82802e-09 2.21655e-09 1.7039e-09 1.28723e-09 9.57312e-10 7.01869e-10 5.07923e-10 3.63194e-10 2.56852e-10 1.79796e-10 1.24664e-10 8.56733e-11 5.83901e-11 3.9486e-11 2.65069e-11 1.76713e-11 1.1704e-11 7.70383e-12 5.0411e-12 3.28031e-12 2.12321e-12 1.36731e-12 8.76265e-13 5.58973e-13 3.54992e-13 2.24491e-13 1.41386e-13 8.86969e-14 5.54337e-14 3.45193e-14 2.14205e-14 1.32475e-14 8.16626e-15 5.01818e-15 3.07432e-15 1.87791e-15 1.14383e-15 6.9479e-16 4.20904e-16 2.54324e-16 1.53284e-16 9.2161e-17 5.52797e-17 3.30813e-17 1.97526e-17 1.17684e-17 6.9966e-18 4.15105e-18 2.45783e-18 1.45242e-18 8.56645e-19 5.04309e-19 2.96346e-19 1.73831e-19 1.01789e-19 5.95023e-20 3.47253e-20 2.02326e-20 1.17698e-20 6.8361e-21 3.9645e-21 2.29574e-21 1.32746e-21 7.66484e-22 4.41952e-22 2.5448e-22 1.46334e-22 8.40366e-23 4.8198e-23 2.76083e-23 1.57947e-23 9.02508e-24 5.15076e-24 2.93617e-24 1.67182e-24 9.50839e-25 5.40182e-25 3.06547e-25 1.73775e-25 9.84055e-26 5.56672e-26 3.14583e-26 1.77597e-26 1.00163e-26 5.64357e-27 3.17678e-27 1.78653e-27 1.00376e-27 5.63451e-28 3.16003e-28
7.82538e-10 1.67132e-09 2.51817e-09 3.16439e-09 3.54179e-09 3.65086e-09 3.53509e-09 3.25716e-09 2.8814e-09 2.46341e-09 2.04544e-09 1.65588e-09 1.31097e-09 1.01756e-09 7.7595e-10 5.82313e-10 4.30689e-10 3.14341e-10 2.2664e-10 1.61577e-10 1.13996e-10 7.96499e-11 5.51502e-11 3.7864e-11 2.579e-11 1.74352e-11 1.1704e-11 7.80445e-12 5.17137e-12 3.40616e-12 2.23073e-12 1.45302e-12 9.41563e-13 6.07127e-13 3.89634e-13 2.48925e-13 1.58342e-13 1.00303e-13 6.32843e-14 3.97747e-14 2.49063e-14 1.55404e-14 9.66318e-15 5.98875e-15 3.69963e-15 2.27842e-15 1.39896e-15 8.56481e-16 5.22886e-16 3.18356e-16 1.93316e-16 1.17087e-16 7.07406e-17 4.2636e-17 2.56366e-17 1.53798e-17 9.20605e-18 5.49863e-18 3.27731e-18 1.94934e-18 1.15714e-18 6.8554e-19 4.05371e-19 2.39256e-19 1.40956e-19 8.28957e-20 4.86661e-20 2.85224e-20 1.66888e-20 9.74895e-21 5.68595e-21 3.31111e-21 1.92524e-21 1.11776e-21 6.48008e-22 3.75139e-22 2.16868e-22 1.252e-22 7.2182e-23 4.15605e-23 2.38985e-23 1.37249e-23 7.87242e-24 4.50999e-24 2.58061e-24 1.47488e-24 8.41953e-25 4.80093e-25 2.7345e-25 1.5558e-25 8.84223e-26 5.02005e-26 2.84709e-26 1.61305e-26 9.12974e-27 5.16222e-27 2.91602e-27 1.64561e-27 9.27795e-28 5.22604e-28 2.941e-28
3.83918e-10 8.45369e-10 1.30216e-09 1.66696e-09 1.89654e-09 1.98409e-09 1.94754e-09 1.81735e-09 1.62701e-09 1.4068e-09 1.18074e-09 9.65747e-10 7.72172e-10 6.05077e-10 4.65656e-10 3.52566e-10 2.63017e-10 1.93574e-10 1.40705e-10 1.01109e-10 7.18872e-11 5.0608e-11 3.53003e-11 2.44112e-11 1.67447e-11 1.13987e-11 7.70383e-12 5.17137e-12 3.44912e-12 2.28642e-12 1.50689e-12 9.87653e-13 6.43927e-13 4.17716e-13 2.6967e-13 1.73294e-13 1.1087e-13 7.06316e-14 4.48141e-14 2.83223e-14 1.78321e-14 1.11866e-14 6.9931e-15 4.35684e-15 2.70554e-15 1.6748e-15 1.03358e-15 6.35973e-16 3.90201e-16 2.38743e-16 1.45681e-16 8.86621e-17 5.38232e-17 3.25933e-17 1.969e-17 1.18672e-17 7.1362e-18 4.28177e-18 2.56357e-18 1.53164e-18 9.13224e-19 5.43417e-19 3.22733e-19 1.91306e-19 1.1319e-19 6.68502e-20 3.94119e-20 2.31954e-20 1.36283e-20 7.99396e-21 4.68145e-21 2.73723e-21 1.59797e-21 9.3147e-22 5.42154e-22 3.15097e-22 1.82871e-22 1.05984e-22 6.13393e-23 3.5453e-23 2.04642e-23 1.17971e-23 6.79208e-24 3.90562e-24 2.24308e-24 1.2867e-24 7.37221e-25 4.21905e-25 2.41177e-25 1.37712e-25 7.85468e-26 4.47523e-26 2.54707e-26 1.44814e-26 8.22496e-27 4.66678e-27 2.64525e-27 1.49793e-27 8.47415e-28 4.78948e-28 2.70442e-28
1.88353e-10 4.27208e-10 6.72409e-10 8.76566e-10 1.0134e-09 1.07568e-09 1.07007e-09 1.01106e-09 9.1583e-10 8.0071e-10 6.7918e-10 5.61148e-10 4.5304e-10 3.58332e-10 2.7826e-10 2.12525e-10 1.5989e-10 1.18645e-10 8.69313e-11 6.29551e-11 4.51009e-11 3.19865e-11 2.24734e-11 1.56514e-11 1.08106e-11 7.40933e-12 5.0411e-12 3.40616e-12 2.28642e-12 1.52527e-12 1.0115e-12 6.67022e-13 4.37503e-13 2.85493e-13 1.85387e-13 1.19818e-13 7.70925e-14 4.93883e-14 3.15089e-14 2.0022e-14 1.2674e-14 7.99304e-15 5.02294e-15 3.14563e-15 1.96341e-15 1.22156e-15 7.57646e-16 4.68499e-16 2.88857e-16 1.77594e-16 1.08888e-16 6.65844e-17 4.06109e-17 2.4707e-17 1.49946e-17 9.07862e-18 5.48401e-18 3.3052e-18 1.98768e-18 1.19279e-18 7.14297e-19 4.26884e-19 2.54613e-19 1.51569e-19 9.00573e-20 5.34105e-20 3.16193e-20 1.86858e-20 1.10236e-20 6.49234e-21 3.81738e-21 2.24093e-21 1.31342e-21 7.68617e-22 4.49115e-22 2.62036e-22 1.52663e-22 8.88149e-23 5.15978e-23 2.99352e-23 1.7344e-23 1.00356e-23 5.79929e-24 3.34699e-24 1.92927e-24 1.1107e-24 6.38678e-25 3.66819e-25 2.10435e-25 1.20583e-25 6.90192e-26 3.94614e-26 2.25375e-26 1.2858e-26 7.32801e-27 4.17206e-27 2.37287e-27 1.34822e-27 7.65285e-28 4.33973e-28 2.45861e-28
9.24069e-11 2.15706e-10 3.46759e-10 4.60157e-10 5.40409e-10 5.81845e-10 5.86453e-10 5.60931e-10 5.13979e-10 4.54294e-10 3.8936e-10 3.24902e-10 2.64817e-10 2.11386e-10 1.65609e-10 1.27574e-10 9.6778e-11 7.23942e-11 5.34611e-11 3.90131e-11 2.81579e-11 2.0116e-11 1.42342e-11 9.98246e-12 6.94219e-12 4.78988e-12 3.28031e-12 2.23073e-12 1.50689e-12 1.0115e-12 6.74894e-13 4.47731e-13 2.9541e-13 1.93894e-13 1.2663e-13 8.23067e-14 5.32528e-14 3.43036e-14 2.20041e-14 1.40573e-14 8.94541e-15 5.67103e-15 3.58216e-15 2.25478e-15 1.41447e-15 8.84416e-16 5.51244e-16 3.4253e-16 2.12208e-16 1.31091e-16 8.07554e-17 4.96125e-17 3.03995e-17 1.85793e-17 1.13269e-17 6.88879e-18 4.17976e-18 2.53025e-18 1.52829e-18 9.21092e-19 5.53961e-19 3.32473e-19 1.99139e-19 1.19042e-19 7.10248e-20 4.22964e-20 2.5142e-20 1.49182e-20 8.8363e-21 5.22492e-21 3.08433e-21 1.81772e-21 1.06954e-21 6.2832e-22 3.6855e-22 2.15851e-22 1.26232e-22 7.3715e-23 4.29856e-23 2.50313e-23 1.45563e-23 8.45344e-24 4.90279e-24 2.83983e-24 1.64281e-24 9.49168e-25 5.47728e-25 3.15693e-25 1.8174e-25 1.04503e-25 6.00225e-26 3.44358e-26 1.97345e-26 1.12972e-26 6.46025e-27 3.69039e-27 2.10593e-27 1.20054e-27 6.83707e-28 3.88988e-28 2.21096e-28
4.53354e-11 1.08827e-10 1.78597e-10 2.41172e-10 2.87632e-10 3.14043e-10 3.20633e-10 3.10385e-10 2.87637e-10 2.56972e-10 2.22498e-10 1.87482e-10 1.54248e-10 1.2424e-10 9.81854e-11 7.62746e-11 5.83364e-11 4.39855e-11 3.27334e-11 2.40672e-11 1.74984e-11 1.25906e-11 8.97171e-12 6.3351e-12 4.4353e-12 3.08038e-12 2.12321e-12 1.45302e-12 9.87653e-13 6.67022e-13 4.47731e-13 2.98788e-13 1.98287e-13 1.30894e-13 8.59693e-14 5.61894e-14 3.65545e-14 2.36748e-14 1.52674e-14 9.80502e-15 6.27197e-15 3.99664e-15 2.53734e-15 1.60514e-15 1.01193e-15 6.35831e-16 3.98227e-16 2.48636e-16 1.54769e-16 9.60574e-17 5.94487e-17 3.66907e-17 2.25842e-17 1.38651e-17 8.49063e-18 5.18667e-18 3.1608e-18 1.92172e-18 1.16573e-18 7.05578e-19 4.26141e-19 2.56831e-19 1.54472e-19 9.27216e-20 5.55472e-20 3.32134e-20 1.98222e-20 1.18086e-20 7.02216e-21 4.16854e-21 2.47033e-21 1.46151e-21 8.63247e-22 5.09065e-22 2.9973e-22 1.76205e-22 1.03432e-22 6.06243e-23 3.54822e-23 2.07376e-23 1.21032e-23 7.05419e-24 4.10594e-24 2.38674e-24 1.3856e-24 8.03372e-25 4.65216e-25 2.69067e-25 1.55433e-25 8.96831e-26 5.16861e-26 2.97536e-26 1.71087e-26 9.82685e-27 5.63818e-27 3.23145e-27 1.85012e-27 1.05816e-27 6.04585e-28 3.45087e-28 1.96775e-28
2.22418e-11 5.48631e-11 9.18764e-11 1.26207e-10 1.52813e-10 1.6915e-10 1.74898e-10 1.71319e-10 1.60536e-10 1.44938e-10 1.26758e-10 1.07838e-10 8.9542e-11 7.27642e-11 5.79989e-11 4.54305e-11 3.50263e-11 2.66164e-11 1.99585e-11 1.47833e-11 1.08261e-11 7.84477e-12 5.62857e-12 4.00129e-12 2.81991e-12 1.97117e-12 1.36731e-12 9.41563e-13 6.43927e-13 4.37503e-13 2.9541e-13 1.98287e-13 1.32346e-13 8.78588e-14 5.80254e-14 3.81333e-14 2.49422e-14 1.62401e-14 1.05281e-14 6.79645e-15 4.36978e-15 2.79862e-15 1.78565e-15 1.1352e-15 7.19163e-16 4.54057e-16 2.85739e-16 1.79246e-16 1.12097e-16 6.98948e-17 4.3455e-17 2.69411e-17 1.66574e-17 1.02719e-17 6.31793e-18 3.87625e-18 2.37241e-18 1.44857e-18 8.82437e-19 5.36353e-19 3.25285e-19 1.96856e-19 1.18884e-19 7.165e-20 4.30966e-20 2.58717e-20 1.55018e-20 9.27115e-21 5.53473e-21 3.29828e-21 1.96211e-21 1.16526e-21 6.90873e-22 4.08946e-22 2.4168e-22 1.42605e-22 8.40165e-23 4.94244e-23 2.90321e-23 1.70289e-23 9.97428e-24 5.83407e-24 3.40775e-24 1.98785e-24 1.15805e-24 6.73767e-25 3.91508e-25 2.27212e-25 1.31701e-25 7.6247e-26 4.40903e-26 2.54659e-26 1.46918e-26 8.46653e-27 4.87364e-27 2.80239e-27 1.60967e-27 9.23609e-28 5.29405e-28 3.0314e-28 1.73405e-28
