0.954567 0.0104501 0.00546528 0.00285828 0.00149485 0.000781791 0.000408868 0.000213834 0.000111833 5.84872e-05 3.05882e-05 1.59973e-05 8.36641e-06 4.37554e-06 2.28836e-06 1.19679e-06 6.25907e-07 3.27342e-07 1.71196e-07 8.95339e-08 4.68253e-08 2.44891e-08 1.28075e-08 6.6982e-09 3.50309e-09 1.83208e-09 9.58155e-10 5.01105e-10 2.62072e-10 1.37061e-10 7.16814e-11 3.74886e-11 1.96061e-11 1.02538e-11 5.36262e-12 2.80459e-12 1.46677e-12 7.67105e-13 4.01188e-13 2.09817e-13 1.09732e-13 5.73886e-14 3.00136e-14 1.56968e-14 8.20925e-15 4.29335e-15 2.24537e-15 1.17431e-15 6.1415e-16 3.21193e-16 1.67981e-16 8.78521e-17 4.59457e-17 2.40291e-17 1.2567e-17 6.57238e-18 3.43728e-18 1.79766e-18 9.40157e-19 4.91692e-19 2.5715e-19 1.34486e-19 7.03349e-20 3.67844e-20 1.92378e-20 1.00612e-20 5.26189e-21 2.75191e-21 1.43922e-21 7.52696e-22 3.93652e-22 2.05876e-22 1.07671e-22 5.63106e-23 2.94498e-23 1.54019e-23 8.05505e-24 4.2127e-24 2.2032e-24 1.15225e-24 6.02613e-25 3.1516e-25 1.64825e-25 8.62018e-26 4.50826e-26 2.35777e-26 1.23309e-26 6.44892e-27 3.37272e-27 1.76389e-27 9.22497e-28 4.82456e-28 2.52319e-28 1.3196e-28 6.90138e-29 3.60934e-29 1.88765e-29 9.87219e-30 5.16305e-30 2.70022e-30 1.41218e-30
0.0104501 0.000356567 0.000189155 0.000100325 5.32001e-05 2.82056e-05 1.49513e-05 7.924e-06 4.19889e-06 2.22459e-06 1.17841e-06 6.24121e-07 3.30502e-07 1.7499e-07 9.26377e-08 4.90341e-08 2.59506e-08 1.3732e-08 7.26548e-09 3.84358e-09 2.03306e-09 1.07525e-09 5.68612e-10 3.00656e-10 1.58954e-10 8.40276e-11 4.44144e-11 2.34734e-11 1.24046e-11 6.55453e-12 3.46302e-12 1.82947e-12 9.66385e-13 5.10426e-13 2.69571e-13 1.42355e-13 7.5168e-14 3.96874e-14 2.09524e-14 1.10605e-14 5.83824e-15 3.08142e-15 1.62623e-15 8.58183e-16 4.52837e-16 2.3893e-16 1.26056e-16 6.65008e-17 3.50797e-17 1.85035e-17 9.75931e-18 5.147e-18 2.71431e-18 1.43131e-18 7.54709e-19 3.97921e-19 2.0979e-19 1.10598e-19 5.83014e-20 3.07316e-20 1.61981e-20 8.53724e-21 4.4993e-21 2.37109e-21 1.24947e-21 6.5838e-22 3.469e-22 1.82772e-22 9.62918e-23 5.07279e-23 2.67228e-23 1.40764e-23 7.41452e-24 3.90526e-24 2.05682e-24 1.08323e-24 5.7046e-25 3.00406e-25 1.58187e-25 8.32939e-26 4.38567e-26 2.30908e-26 1.21569e-26 6.40009e-27 3.36924e-27 1.77361e-27 9.33614e-28 4.91426e-28 2.58661e-28 1.3614e-28 7.1651e-29 3.77088e-29 1.98447e-29 1.04432e-29 5.49543e-30 2.89171e-30 1.52157e-30 8.00595e-31 4.21229e-31 2.21619e-31 1.16596e-31
0.00546528 0.000189155 0.000100416 5.32962e-05 2.82816e-05 1.50046e-05 7.95911e-06 4.22108e-06 2.23822e-06 1.18661e-06 6.28981e-07 3.33346e-07 1.76637e-07 9.35835e-08 4.95735e-08 2.62564e-08 1.39045e-08 7.36233e-09 3.89775e-09 2.06325e-09 1.09202e-09 5.77904e-10 3.0579e-10 1.61785e-10 8.5585e-11 4.52696e-11 2.39422e-11 1.26611e-11 6.6947e-12 3.5395e-12 1.87114e-12 9.89067e-13 5.22757e-13 2.76268e-13 1.45988e-13 7.71368e-14 4.07535e-14 2.15292e-14 1.13724e-14 6.00667e-15 3.17234e-15 1.67528e-15 8.84622e-16 4.67081e-16 2.46599e-16 1.30183e-16 6.872e-17 3.62726e-17 1.91444e-17 1.01035e-17 5.33173e-18 2.81341e-18 1.48446e-18 7.832e-19 4.13188e-19 2.17968e-19 1.14976e-19 6.0645e-20 3.19856e-20 1.68689e-20 8.8959e-21 4.69102e-21 2.47354e-21 1.3042e-21 6.87611e-22 3.62508e-22 1.91103e-22 1.00738e-22 5.30998e-23 2.79879e-23 1.47511e-23 7.77417e-24 4.09697e-24 2.15898e-24 1.13766e-24 5.9945e-25 3.15844e-25 1.66407e-25 8.76699e-26 4.61857e-26 2.43302e-26 1.28163e-26 6.75087e-27 3.5558e-27 1.87282e-27 9.86361e-28 5.19466e-28 2.73564e-28 1.4406e-28 7.58594e-29 3.99445e-29 2.10324e-29 1.10739e-29 5.83039e-30 3.06956e-30 1.61599e-30 8.50716e-31 4.47831e-31 2.35737e-31 1.24087e-31 6.53141e-32
0.00285828 0.000100325 5.32962e-05 2.83069e-05 1.50313e-05 7.98022e-06 4.2359e-06 2.24799e-06 1.19278e-06 6.32775e-07 3.3563e-07 1.7799e-07 9.43756e-08 5.00325e-08 2.65201e-08 1.4055e-08 7.44765e-09 3.94588e-09 2.09029e-09 1.10715e-09 5.86337e-10 3.10477e-10 1.64382e-10 8.70209e-11 4.60615e-11 2.4378e-11 1.29005e-11 6.82596e-12 3.61136e-12 1.91042e-12 1.01051e-12 5.34443e-13 2.8263e-13 1.49448e-13 7.90164e-14 4.17735e-14 2.20822e-14 1.16719e-14 6.16879e-15 3.26001e-15 1.72265e-15 9.10202e-16 4.80884e-16 2.54042e-16 1.34194e-16 7.08805e-17 3.74355e-17 1.977e-17 1.04399e-17 5.51252e-18 2.91053e-18 1.53661e-18 8.11186e-19 4.28201e-19 2.26018e-19 1.19292e-19 6.29572e-20 3.3224e-20 1.7532e-20 9.25082e-21 4.88093e-21 2.57512e-21 1.35851e-21 7.16646e-22 3.78024e-22 1.99392e-22 1.05165e-22 5.54638e-23 2.92499e-23 1.54246e-23 8.13352e-24 4.28865e-24 2.2612e-24 1.19216e-24 6.28504e-25 3.31328e-25 1.74658e-25 9.2065e-26 4.85267e-26 2.55767e-26 1.348e-26 7.10416e-27 3.74383e-27 1.97287e-27 1.03959e-27 5.47781e-28 2.88623e-28 1.52068e-28 8.0117e-29 4.22079e-29 2.22354e-29 1.17132e-29 6.1701e-30 3.25004e-30 1.71186e-30 9.01638e-31 4.74874e-31 2.50096e-31 1.31711e-31 6.93613e-32 3.65256e-32
0.00149485 5.32001e-05 2.82816e-05 1.50313e-05 7.98726e-06 4.24333e-06 2.25386e-06 1.19691e-06 6.35492e-07 3.37348e-07 1.79047e-07 9.50118e-08 5.04096e-08 2.67409e-08 1.41829e-08 7.5212e-09 3.98786e-09 2.1141e-09 1.12059e-09 5.9389e-10 3.14704e-10 1.66739e-10 8.83314e-11 4.6788e-11 2.47798e-11 1.31222e-11 6.948e-12 3.67842e-12 1.9472e-12 1.03065e-12 5.45456e-13 2.88643e-13 1.52727e-13 8.08021e-14 4.27449e-14 2.26101e-14 1.19585e-14 6.32421e-15 3.34422e-15 1.76824e-15 9.34865e-16 4.94216e-16 2.61243e-16 1.38081e-16 7.29772e-17 3.85658e-17 2.0379e-17 1.07678e-17 5.68899e-18 3.00545e-18 1.58763e-18 8.38606e-19 4.42928e-19 2.33925e-19 1.23534e-19 6.52331e-20 3.44443e-20 1.8186e-20 9.60126e-21 5.06862e-21 2.67561e-21 1.4123e-21 7.45426e-22 3.93418e-22 2.07624e-22 1.09565e-22 5.78155e-23 3.05063e-23 1.60957e-23 8.49187e-24 4.47995e-24 2.3633e-24 1.24664e-24 6.57568e-25 3.46829e-25 1.82923e-25 9.64715e-26 5.08753e-26 2.68283e-26 1.41468e-26 7.45935e-27 3.933e-27 2.0736e-27 1.09322e-27 5.76325e-28 3.03815e-28 1.60151e-28 8.44175e-29 4.44954e-29 2.3452e-29 1.23602e-29 6.51406e-30 3.4329e-30 1.80905e-30 9.53289e-31 5.0232e-31 2.64679e-31 1.39457e-31 7.34758e-32 3.87108e-32 2.0394e-32
0.000781791 2.82056e-05 1.50046e-05 7.98022e-06 4.24333e-06 2.25582e-06 1.19897e-06 6.37125e-07 3.38496e-07 1.79803e-07 9.54905e-08 5.0704e-08 2.69182e-08 1.42881e-08 7.5828e-09 4.02357e-09 2.13463e-09 1.13231e-09 6.00542e-10 3.1846e-10 1.68851e-10 8.95133e-11 4.74474e-11 2.51465e-11 1.33255e-11 7.06049e-12 3.7405e-12 1.98139e-12 1.04944e-12 5.55768e-13 2.94292e-13 1.55816e-13 8.24895e-14 4.36654e-14 2.31115e-14 1.22313e-14 6.47254e-15 3.42477e-15 1.81194e-15 9.58552e-16 5.07044e-16 2.68185e-16 1.41835e-16 7.50053e-17 3.96609e-17 2.09699e-17 1.10864e-17 5.86072e-18 3.09795e-18 1.63743e-18 8.65398e-19 4.57336e-19 2.41669e-19 1.27695e-19 6.74677e-20 3.56439e-20 1.88297e-20 9.94649e-21 5.25372e-21 2.77481e-21 1.46545e-21 7.73892e-22 4.08659e-22 2.15781e-22 1.1393e-22 6.01501e-23 3.17547e-23 1.6763e-23 8.84854e-24 4.67052e-24 2.46509e-24 1.301e-24 6.86589e-25 3.6232e-25 1.91189e-25 1.00881e-25 5.32276e-26 2.80827e-26 1.48156e-26 7.81586e-27 4.12299e-27 2.17484e-27 1.14715e-27 6.05052e-28 3.19113e-28 1.68297e-28 8.87539e-29 4.68035e-29 2.46803e-29 1.30138e-29 6.86177e-30 3.61785e-30 1.90742e-30 1.0056e-30 5.30131e-31 2.79463e-31 1.47315e-31 7.76522e-32 4.09301e-32 2.15732e-32 1.13702e-32
0.000408868 1.49513e-05 7.95911e-06 4.2359e-06 2.25386e-06 1.19897e-06 6.3767e-07 3.39071e-07 1.80258e-07 9.58104e-08 5.09149e-08 2.70517e-08 1.43702e-08 7.63227e-09 4.05292e-09 2.15183e-09 1.14229e-09 6.06277e-10 3.21735e-10 1.7071e-10 9.05635e-11 4.80379e-11 2.54772e-11 1.35101e-11 7.16315e-12 3.79745e-12 2.01291e-12 1.06684e-12 5.65353e-13 2.99562e-13 1.58709e-13 8.40746e-14 4.45326e-14 2.35853e-14 1.24899e-14 6.61344e-15 3.50147e-15 1.85365e-15 9.81207e-16 5.19338e-16 2.74851e-16 1.45446e-16 7.69601e-17 4.07183e-17 2.15414e-17 1.13951e-17 6.02733e-18 3.18782e-18 1.68588e-18 8.91504e-19 4.71394e-19 2.49236e-19 1.31766e-19 6.96562e-20 3.68201e-20 1.94615e-20 1.02858e-20 5.43582e-21 2.87252e-21 1.51785e-21 8.01985e-22 4.23715e-22 2.23847e-22 1.1825e-22 6.2463e-23 3.29926e-23 1.74254e-23 9.20284e-24 4.85998e-24 2.56638e-24 1.35513e-24 7.15513e-25 3.7777e-25 1.99441e-25 1.05287e-25 5.55792e-26 2.93377e-26 1.54852e-26 8.17305e-27 4.31349e-27 2.27642e-27 1.2013e-27 6.33915e-28 3.34494e-28 1.76492e-28 9.31193e-29 4.91286e-29 2.59184e-29 1.3673e-29 7.21269e-30 3.80463e-30 2.00682e-30 1.05848e-30 5.58266e-31 2.94429e-31 1.55275e-31 8.18847e-32 4.31805e-32 2.27695e-32 1.20061e-32 6.33046e-33
0.000213834 7.924e-06 4.22108e-06 2.24799e-06 1.19691e-06 6.37125e-07 3.39071e-07 1.8041e-07 9.59705e-08 5.10416e-08 2.71408e-08 1.4429e-08 7.66949e-09 4.07583e-09 2.16564e-09 1.15048e-09 6.11079e-10 3.24521e-10 1.72313e-10 9.14792e-11 4.85579e-11 2.5771e-11 1.36753e-11 7.25573e-12 3.84913e-12 2.04167e-12 1.0828e-12 5.74187e-13 3.04441e-13 1.61397e-13 8.55533e-14 4.53445e-14 2.40304e-14 1.27335e-14 6.74656e-15 3.57413e-15 1.89326e-15 1.00278e-15 5.3107e-16 2.81226e-16 1.48907e-16 7.88371e-17 4.17354e-17 2.20921e-17 1.16931e-17 6.18844e-18 3.27487e-18 1.73288e-18 9.16865e-19 4.85071e-19 2.56607e-19 1.35736e-19 7.17939e-20 3.79704e-20 2.00802e-20 1.06184e-20 5.61456e-21 2.96852e-21 1.5694e-21 8.29649e-22 4.38556e-22 2.31807e-22 1.22517e-22 6.47497e-23 3.42176e-23 1.80815e-23 9.55408e-24 5.04797e-24 2.66697e-24 1.40894e-24 7.44286e-25 3.93153e-25 2.07662e-25 1.0968e-25 5.7926e-26 3.05911e-26 1.61544e-26 8.53031e-27 4.50417e-27 2.37816e-27 1.25558e-27 6.62865e-28 3.49932e-28 1.84723e-28 9.75068e-29 5.14669e-29 2.71644e-29 1.43368e-29 7.56628e-30 3.99294e-30 2.10709e-30 1.11187e-30 5.86685e-31 3.09554e-31 1.63324e-31 8.61674e-32 4.54588e-32 2.39814e-32 1.26507e-32 6.6732e-33 3.51995e-33
0.000111833 4.19889e-06 2.23822e-06 1.19278e-06 6.35492e-07 3.38496e-07 1.80258e-07 9.59705e-08 5.10839e-08 2.71855e-08 1.44643e-08 7.69436e-09 4.09223e-09 2.17603e-09 1.15688e-09 6.14936e-10 3.26811e-10 1.73655e-10 9.22581e-11 4.90062e-11 2.60272e-11 1.38209e-11 7.33798e-12 3.89541e-12 2.0676e-12 1.09728e-12 5.82248e-13 3.08915e-13 1.63875e-13 8.69221e-14 4.60991e-14 2.44455e-14 1.29615e-14 6.87158e-15 3.64257e-15 1.93068e-15 1.02321e-15 5.42211e-16 2.87294e-16 1.52209e-16 8.06318e-17 4.271e-17 2.26209e-17 1.19797e-17 6.34369e-18 3.3589e-18 1.77832e-18 9.41425e-19 4.98336e-19 2.63767e-19 1.39598e-19 7.38761e-20 3.90924e-20 2.06845e-20 1.09436e-20 5.78954e-21 3.06262e-21 1.61998e-21 8.56826e-22 4.53152e-22 2.39642e-22 1.26722e-22 6.70054e-23 3.54273e-23 1.87299e-23 9.90158e-24 5.23413e-24 2.76666e-24 1.46231e-24 7.72853e-25 4.08438e-25 2.15838e-25 1.14053e-25 6.02637e-26 3.18405e-26 1.68221e-26 8.887e-27 4.69467e-27 2.47989e-27 1.30989e-27 6.91852e-28 3.654e-28 1.92975e-28 1.01909e-28 5.38147e-29 2.84162e-29 1.50041e-29 7.92199e-30 4.18251e-30 2.2081e-30 1.16568e-30 6.15345e-31 3.24817e-31 1.71451e-31 9.04941e-32 4.77619e-32 2.52072e-32 1.3303e-32 7.02026e-33 3.70458e-33 1.95482e-33
5.84872e-05 2.22459e-06 1.18661e-06 6.32775e-07 3.37348e-07 1.79803e-07 9.58104e-08 5.10416e-08 2.71855e-08 1.44761e-08 7.70681e-09 4.10209e-09 2.18297e-09 1.16146e-09 6.17838e-10 3.28598e-10 1.74733e-10 9.28982e-11 4.93815e-11 2.62451e-11 1.39463e-11 7.40969e-12 3.93616e-12 2.09064e-12 1.11025e-12 5.89516e-13 3.12976e-13 1.66136e-13 8.81776e-14 4.67944e-14 2.48298e-14 1.31733e-14 6.98819e-15 3.70664e-15 1.96582e-15 1.04245e-15 5.52735e-16 2.93042e-16 1.55344e-16 8.23401e-17 4.36397e-17 2.31264e-17 1.22543e-17 6.49272e-18 3.4397e-18 1.82211e-18 9.65128e-19 5.11159e-19 2.70699e-19 1.43344e-19 7.58983e-20 4.01835e-20 2.12729e-20 1.12608e-20 5.9604e-21 3.15462e-21 1.66949e-21 8.83459e-22 4.67472e-22 2.47339e-22 1.30857e-22 6.92257e-23 3.66191e-23 1.93695e-23 1.02446e-23 5.41809e-24 2.86527e-24 1.51515e-24 8.0116e-25 4.23597e-25 2.23954e-25 1.18396e-25 6.25879e-26 3.30838e-26 1.7487e-26 9.24247e-27 4.88468e-27 2.58142e-27 1.36413e-27 7.20827e-28 3.80873e-28 2.01236e-28 1.06319e-28 5.61679e-29 2.96719e-29 1.5674e-29 8.27925e-30 4.37302e-30 2.30967e-30 1.21982e-30 6.44202e-31 3.40195e-31 1.79644e-31 9.48585e-32 5.00865e-32 2.64451e-32 1.39621e-32 7.37115e-33 3.89136e-33 2.05423e-33 1.08437e-33
3.05882e-05 1.17841e-06 6.28981e-07 3.3563e-07 1.79047e-07 9.54905e-08 5.09149e-08 2.71408e-08 1.44643e-08 7.70681e-09 4.10538e-09 2.18644e-09 1.16421e-09 6.19777e-10 3.29877e-10 1.75544e-10 9.33978e-11 4.9683e-11 2.64241e-11 1.40513e-11 7.47068e-12 3.97128e-12 2.11072e-12 1.12166e-12 5.95973e-13 3.16611e-13 1.68174e-13 8.93165e-14 4.74289e-14 2.51822e-14 1.33686e-14 7.09612e-15 3.76617e-15 1.99859e-15 1.06046e-15 5.62617e-16 2.98455e-16 1.58305e-16 8.39579e-17 4.45225e-17 2.36075e-17 1.25163e-17 6.63518e-18 3.51711e-18 1.86413e-18 9.87921e-19 5.23512e-19 2.77389e-19 1.46964e-19 7.7856e-20 4.12415e-20 2.18443e-20 1.15692e-20 6.12678e-21 3.24432e-21 1.71782e-21 9.09492e-22 4.81486e-22 2.54879e-22 1.34912e-22 7.14061e-23 3.77908e-23 1.99988e-23 1.05826e-23 5.59949e-24 2.9626e-24 1.56736e-24 8.29152e-25 4.38601e-25 2.31994e-25 1.22703e-25 6.48943e-26 3.43186e-26 1.81479e-26 9.5961e-27 5.07385e-27 2.68259e-27 1.41822e-27 7.49739e-28 3.96324e-28 2.09491e-28 1.10728e-28 5.85228e-29 3.09292e-29 1.63452e-29 8.63748e-30 4.56417e-30 2.41165e-30 1.27422e-30 6.73213e-31 3.55663e-31 1.8789e-31 9.9254e-32 5.2429e-32 2.76933e-32 1.46271e-32 7.72537e-33 4.08002e-33 2.15469e-33 1.13786e-33 6.0086e-34
1.59973e-05 6.24121e-07 3.33346e-07 1.7799e-07 9.50118e-08 5.0704e-08 2.70517e-08 1.4429e-08 7.69436e-09 4.10209e-09 2.18644e-09 1.16513e-09 6.20747e-10 3.30647e-10 1.76086e-10 9.37555e-11 4.99097e-11 2.65639e-11 1.41357e-11 7.5208e-12 4.00069e-12 2.12781e-12 1.1315e-12 6.01603e-13 3.19812e-13 1.69985e-13 9.03362e-14 4.80008e-14 2.55019e-14 1.35467e-14 7.19509e-15 3.82102e-15 2.02892e-15 1.0772e-15 5.71833e-16 3.03521e-16 1.61086e-16 8.54815e-17 4.53562e-17 2.40631e-17 1.27649e-17 6.77075e-18 3.59094e-18 1.9043e-18 1.00975e-18 5.35367e-19 2.83821e-19 1.50451e-19 7.97449e-20 4.2264e-20 2.23974e-20 1.18682e-20 6.2883e-21 3.33153e-21 1.76488e-21 9.3487e-22 4.95165e-22 2.62249e-22 1.38881e-22 7.3542e-23 3.89399e-23 2.06168e-23 1.09147e-23 5.77796e-24 3.05846e-24 1.61883e-24 8.56774e-25 4.53422e-25 2.39943e-25 1.26965e-25 6.71786e-26 3.55426e-26 1.88035e-26 9.94722e-27 5.26182e-27 2.7832e-27 1.47206e-27 7.78537e-28 4.11726e-28 2.17726e-28 1.1513e-28 6.08754e-29 3.21862e-29 1.70166e-29 8.99609e-30 4.75566e-30 2.51387e-30 1.32878e-30 7.0233e-31 3.71199e-31 1.96178e-31 1.03674e-31 5.4786e-32 2.895e-32 1.5297e-32 8.08242e-33 4.27029e-33 2.25607e-33 1.19187e-33 6.29628e-34 3.32598e-34
8.36641e-06 3.30502e-07 1.76637e-07 9.43756e-08 5.04096e-08 2.69182e-08 1.43702e-08 7.66949e-09 4.09223e-09 2.18297e-09 1.16421e-09 6.20747e-10 3.30903e-10 1.76357e-10 9.39706e-11 5.00612e-11 2.66639e-11 1.41991e-11 7.55992e-12 4.02431e-12 2.14184e-12 1.13974e-12 6.0639e-13 3.2257e-13 1.71564e-13 9.12341e-14 4.85089e-14 2.57881e-14 1.37073e-14 7.28488e-15 3.87107e-15 2.05673e-15 1.09261e-15 5.80361e-16 3.08228e-16 1.63678e-16 8.69072e-17 4.61389e-17 2.44921e-17 1.29998e-17 6.89912e-18 3.66103e-18 1.94252e-18 1.03057e-18 5.46697e-19 2.89981e-19 1.53797e-19 8.15608e-20 4.32487e-20 2.2931e-20 1.21571e-20 6.44463e-21 3.41606e-21 1.81056e-21 9.59539e-22 5.08481e-22 2.69432e-22 1.42753e-22 7.5629e-23 4.0064e-23 2.1222e-23 1.12404e-23 5.95315e-24 3.15266e-24 1.66945e-24 8.83974e-25 4.68029e-25 2.47785e-25 1.31174e-25 6.94365e-26 3.67536e-26 1.94528e-26 1.02952e-26 5.44827e-27 2.88307e-27 1.52554e-27 8.07171e-28 4.27051e-28 2.25927e-28 1.19517e-28 6.32215e-29 3.34407e-29 1.76872e-29 9.35449e-30 4.94716e-30 2.61618e-30 1.38342e-30 7.31509e-31 3.86777e-31 2.04493e-31 1.08112e-31 5.7154e-32 3.02132e-32 1.59708e-32 8.44178e-33 4.4619e-33 2.35823e-33 1.24632e-33 6.58648e-34 3.48063e-34 1.83925e-34
4.37554e-06 1.7499e-07 9.35835e-08 5.00325e-08 2.67409e-08 1.42881e-08 7.63227e-09 4.07583e-09 2.17603e-09 1.16146e-09 6.19777e-10 3.30647e-10 1.76357e-10 9.40423e-11 5.01371e-11 2.67241e-11 1.42415e-11 7.58793e-12 4.04208e-12 2.1528e-12 1.14636e-12 6.10324e-13 3.2488e-13 1.72906e-13 9.20079e-14 4.89518e-14 2.60401e-14 1.38499e-14 7.36525e-15 3.91617e-15 2.08196e-15 1.10668e-15 5.8818e-16 3.12564e-16 1.66077e-16 8.82317e-17 4.68687e-17 2.48936e-17 1.32202e-17 7.01998e-18 3.7272e-18 1.9787e-18 1.05033e-18 5.57477e-19 2.95855e-19 1.56994e-19 8.32997e-20 4.41935e-20 2.34439e-20 1.24353e-20 6.59542e-21 3.49773e-21 1.85476e-21 9.83448e-22 5.21404e-22 2.76413e-22 1.46523e-22 7.76629e-23 4.11609e-23 2.18133e-23 1.1559e-23 6.1247e-24 3.245e-24 1.71914e-24 9.10696e-25 4.82395e-25 2.55505e-25 1.35321e-25 7.16637e-26 3.79491e-26 2.00943e-26 1.06394e-26 5.63285e-27 2.98203e-27 1.57858e-27 8.35588e-28 4.42273e-28 2.34078e-28 1.23881e-28 6.55572e-29 3.46905e-29 1.83558e-29 9.71208e-30 5.13836e-30 2.71839e-30 1.43805e-30 7.60701e-31 4.02373e-31 2.12823e-31 1.12561e-31 5.95292e-32 3.14812e-32 1.66475e-32 8.8029e-33 4.65457e-33 2.461e-33 1.30114e-33 6.8788e-34 3.63648e-34 1.92233e-34 1.01615e-34
2.28836e-06 9.26377e-08 4.95735e-08 2.65201e-08 1.41829e-08 7.5828e-09 4.05292e-09 2.16564e-09 1.15688e-09 6.17838e-10 3.29877e-10 1.76086e-10 9.39706e-11 5.01371e-11 2.67441e-11 1.42628e-11 7.60476e-12 4.05395e-12 2.16064e-12 1.15134e-12 6.13394e-13 3.26735e-13 1.74009e-13 9.26557e-14 4.93284e-14 2.62572e-14 1.39743e-14 7.43601e-15 3.95624e-15 2.10454e-15 1.11936e-15 5.95273e-16 3.1652e-16 1.68277e-16 8.94519e-17 4.7544e-17 2.52665e-17 1.34257e-17 7.13307e-18 3.78932e-18 2.01277e-18 1.06899e-18 5.67681e-19 3.01429e-19 1.60036e-19 8.49576e-20 4.50962e-20 2.39349e-20 1.27022e-20 6.74034e-21 3.57636e-21 1.8974e-21 1.00654e-21 5.33908e-22 2.83178e-22 1.5018e-22 7.96394e-23 4.22283e-23 2.23894e-23 1.18698e-23 6.29228e-24 3.33531e-24 1.76779e-24 9.36889e-25 4.96492e-25 2.63089e-25 1.39399e-25 7.38558e-26 3.9127e-26 2.07271e-26 1.09791e-26 5.81521e-27 3.07988e-27 1.63107e-27 8.63737e-28 4.57363e-28 2.42166e-28 1.28214e-28 6.78783e-29 3.59334e-29 1.90213e-29 1.00682e-29 5.32894e-30 2.82035e-30 1.49258e-30 7.8986e-31 4.17961e-31 2.21155e-31 1.17013e-31 6.1908e-32 3.27518e-32 1.73261e-32 9.16524e-33 4.84801e-33 2.56425e-33 1.35624e-33 7.1728e-34 3.79333e-34 2.00599e-34 1.06076e-34 5.609e-35
1.19679e-06 4.90341e-08 2.62564e-08 1.4055e-08 7.5212e-09 4.02357e-09 2.15183e-09 1.15048e-09 6.14936e-10 3.28598e-10 1.75544e-10 9.37555e-11 5.00612e-11 2.67241e-11 1.42628e-11 7.61038e-12 4.05989e-12 2.16536e-12 1.15466e-12 6.15592e-13 3.2813e-13 1.7487e-13 9.31759e-14 4.96378e-14 2.6439e-14 1.408e-14 7.49699e-15 3.99116e-15 2.12443e-15 1.13062e-15 6.01621e-16 3.20085e-16 1.70272e-16 9.05648e-17 4.81631e-17 2.561e-17 1.36159e-17 7.23811e-18 3.84723e-18 2.04464e-18 1.0865e-18 5.77288e-19 3.06692e-19 1.62915e-19 8.65309e-20 4.59549e-20 2.44031e-20 1.29572e-20 6.87908e-21 3.65179e-21 1.93836e-21 1.02878e-21 5.45966e-22 2.89712e-22 1.53719e-22 8.15543e-23 4.3264e-23 2.29491e-23 1.21722e-23 6.45553e-24 3.4234e-24 1.8153e-24 9.625e-25 5.10291e-25 2.70521e-25 1.434e-25 7.60087e-26 4.0285e-26 2.13497e-26 1.13138e-26 5.99502e-27 3.17645e-27 1.68292e-27 8.91566e-28 4.72296e-28 2.50175e-28 1.32509e-28 7.01808e-29 3.71674e-29 1.96824e-29 1.04224e-29 5.51858e-30 2.92187e-30 1.54692e-30 8.18936e-31 4.33516e-31 2.29475e-31 1.21462e-31 6.42865e-32 3.40232e-32 1.80055e-32 9.52825e-33 5.04193e-33 2.66782e-33 1.41154e-33 7.46807e-34 3.95094e-34 2.09011e-34 1.10565e-34 5.84848e-35 3.09348e-35
6.25907e-07 2.59506e-08 1.39045e-08 7.44765e-09 3.98786e-09 2.13463e-09 1.14229e-09 6.11079e-10 3.26811e-10 1.74733e-10 9.33978e-11 4.99097e-11 2.66639e-11 1.42415e-11 7.60476e-12 4.05989e-12 2.16693e-12 1.15633e-12 6.16913e-13 3.29062e-13 1.75486e-13 9.35671e-14 4.98793e-14 2.6585e-14 1.41669e-14 7.54803e-15 4.02086e-15 2.14156e-15 1.14043e-15 6.0721e-16 3.23251e-16 1.72058e-16 9.15678e-17 4.87245e-17 2.59233e-17 1.37902e-17 7.33486e-18 3.9008e-18 2.07424e-18 1.10283e-18 5.86275e-19 3.11631e-19 1.65625e-19 8.8016e-20 4.67677e-20 2.48473e-20 1.31997e-20 7.01134e-21 3.72384e-21 1.97758e-21 1.0501e-21 5.57552e-22 2.96002e-22 1.57131e-22 8.34036e-23 4.42657e-23 2.34914e-23 1.24655e-23 6.61412e-24 3.5091e-24 1.86157e-24 9.87477e-25 5.23766e-25 2.77786e-25 1.47316e-25 7.81181e-26 4.14209e-26 2.19611e-26 1.16427e-26 6.17192e-27 3.27156e-27 1.73403e-27 9.19025e-28 4.87042e-28 2.58092e-28 1.36758e-28 7.24605e-29 3.83902e-29 2.03381e-29 1.07738e-29 5.70694e-30 3.02279e-30 1.60098e-30 8.47882e-31 4.49013e-31 2.37769e-31 1.259e-31 6.6661e-32 3.52932e-32 1.86847e-32 9.89136e-33 5.23602e-33 2.77155e-33 1.46697e-33 7.76415e-34 4.10908e-34 2.17456e-34 1.15074e-34 6.08919e-35 3.22196e-35 1.70474e-35
3.27342e-07 1.3732e-08 7.36233e-09 3.94588e-09 2.1141e-09 1.13231e-09 6.06277e-10 3.24521e-10 1.73655e-10 9.28982e-11 4.9683e-11 2.65639e-11 1.41991e-11 7.58793e-12 4.05395e-12 2.16536e-12 1.15633e-12 6.17354e-13 3.29528e-13 1.75857e-13 9.38285e-14 5.00522e-14 2.66948e-14 1.42347e-14 7.58902e-15 4.04525e-15 2.1559e-15 1.14878e-15 6.12026e-16 3.2601e-16 1.73629e-16 9.24585e-17 4.9227e-17 2.62056e-17 1.39483e-17 7.42309e-18 3.94991e-18 2.1015e-18 1.11793e-18 5.9462e-19 3.16235e-19 1.68161e-19 8.94096e-20 4.75326e-20 2.52666e-20 1.34292e-20 7.13682e-21 3.79236e-21 2.01496e-21 1.07047e-21 5.68641e-22 3.02034e-22 1.60409e-22 8.51835e-23 4.52315e-23 2.4015e-23 1.27492e-23 6.76773e-24 3.59222e-24 1.90652e-24 1.01177e-24 5.36889e-25 2.84871e-25 1.51139e-25 8.01799e-26 4.25324e-26 2.256e-26 1.19653e-26 6.3456e-27 3.36502e-27 1.78431e-27 9.46063e-28 5.01576e-28 2.65902e-28 1.40953e-28 7.47134e-29 3.95996e-29 2.09871e-29 1.11221e-29 5.8937e-30 3.12293e-30 1.65466e-30 8.76649e-31 4.64425e-31 2.46024e-31 1.30321e-31 6.90276e-32 3.65599e-32 1.93625e-32 1.0254e-32 5.42999e-33 2.87528e-33 1.52242e-33 8.0606e-34 4.26752e-34 2.25922e-34 1.19597e-34 6.33078e-35 3.35098e-35 1.77363e-35 9.38713e-36
1.71196e-07 7.26548e-09 3.89775e-09 2.09029e-09 1.12059e-09 6.00542e-10 3.21735e-10 1.72313e-10 9.22581e-11 4.93815e-11 2.64241e-11 1.41357e-11 7.55992e-12 4.04208e-12 2.16064e-12 1.15466e-12 6.16913e-13 3.29528e-13 1.7598e-13 9.39594e-14 5.01562e-14 2.67682e-14 1.42832e-14 7.61985e-15 4.06429e-15 2.16741e-15 1.15563e-15 6.16057e-16 3.28357e-16 1.74984e-16 9.32348e-17 4.96693e-17 2.64563e-17 1.40897e-17 7.5026e-18 3.99444e-18 2.12636e-18 1.13177e-18 6.02306e-19 3.20493e-19 1.70515e-19 9.07086e-20 4.8248e-20 2.566e-20 1.36452e-20 7.25524e-21 3.8572e-21 2.05042e-21 1.08984e-21 5.79209e-22 3.07794e-22 1.63545e-22 8.68902e-23 4.61592e-23 2.45189e-23 1.30227e-23 6.91604e-24 3.67259e-24 1.95005e-24 1.03533e-24 5.49633e-25 2.91761e-25 1.54861e-25 8.21901e-26 4.36174e-26 2.31453e-26 1.22809e-26 6.5157e-27 3.45667e-27 1.83366e-27 9.72628e-28 5.1587e-28 2.73591e-28 1.45087e-28 7.69354e-29 4.07935e-29 2.16284e-29 1.14664e-29 6.07854e-30 3.22212e-30 1.70787e-30 9.05188e-31 4.79727e-31 2.54226e-31 1.34716e-31 7.13824e-32 3.78212e-32 2.00379e-32 1.06156e-32 5.62352e-33 2.97884e-33 1.57783e-33 8.35698e-34 4.42601e-34 2.34397e-34 1.24127e-34 6.5729e-35 3.48036e-35 1.84276e-35 9.75637e-36 5.16518e-36
8.95339e-08 3.84358e-09 2.06325e-09 1.10715e-09 5.9389e-10 3.1846e-10 1.7071e-10 9.14792e-11 4.90062e-11 2.62451e-11 1.40513e-11 7.5208e-12 4.02431e-12 2.1528e-12 1.15134e-12 6.15592e-13 3.29062e-13 1.75857e-13 9.39594e-14 5.01908e-14 2.68049e-14 1.43124e-14 7.64045e-15 4.07792e-15 2.17607e-15 1.16098e-15 6.19293e-16 3.30284e-16 1.76117e-16 9.38948e-17 5.00504e-17 2.66748e-17 1.42143e-17 7.5732e-18 4.03429e-18 2.14877e-18 1.14432e-18 6.09315e-19 3.24396e-19 1.72683e-19 9.191e-20 4.89124e-20 2.60267e-20 1.38472e-20 7.36635e-21 3.91822e-21 2.08388e-21 1.10817e-21 5.89234e-22 3.13271e-22 1.66535e-22 8.85199e-23 4.70469e-23 2.5002e-23 1.32854e-23 7.05875e-24 3.75006e-24 1.99208e-24 1.05811e-24 5.61974e-25 2.98442e-25 1.58476e-25 8.41447e-26 4.46737e-26 2.37159e-26 1.25889e-26 6.68192e-27 3.54631e-27 1.88199e-27 9.98671e-28 5.29898e-28 2.81144e-28 1.49152e-28 7.91224e-29 4.19697e-29 2.22607e-29 1.18062e-29 6.26112e-30 3.32018e-30 1.76052e-30 9.33449e-31 4.94891e-31 2.62361e-31 1.39079e-31 7.37215e-32 3.9075e-32 2.07098e-32 1.09755e-32 5.81632e-33 3.08208e-33 1.6331e-33 8.65281e-34 4.58432e-34 2.42867e-34 1.28658e-34 6.81519e-35 3.60991e-35 1.91201e-35 1.01265e-35 5.363e-36 2.84008e-36
4.68253e-08 2.03306e-09 1.09202e-09 5.86337e-10 3.14704e-10 1.68851e-10 9.05635e-11 4.85579e-11 2.60272e-11 1.39463e-11 7.47068e-12 4.00069e-12 2.14184e-12 1.14636e-12 6.13394e-13 3.2813e-13 1.75486e-13 9.38285e-14 5.01562e-14 2.68049e-14 1.43221e-14 7.65076e-15 4.08611e-15 2.18186e-15 1.16481e-15 6.21727e-16 3.31788e-16 1.77028e-16 9.4437e-17 5.03693e-17 2.68606e-17 1.43216e-17 7.63473e-18 4.06936e-18 2.16866e-18 1.15555e-18 6.1563e-19 3.27935e-19 1.74659e-19 9.3011e-20 4.95241e-20 2.63657e-20 1.40348e-20 7.46989e-21 3.97528e-21 2.11527e-21 1.12541e-21 5.98693e-22 3.18453e-22 1.6937e-22 9.00693e-23 4.78927e-23 2.54633e-23 1.35367e-23 7.19554e-24 3.82446e-24 2.03251e-24 1.08006e-24 5.73885e-25 3.049e-25 1.61975e-25 8.60398e-26 4.56993e-26 2.42706e-26 1.28888e-26 6.84391e-27 3.63379e-27 1.9292e-27 1.02414e-27 5.43633e-28 2.88547e-28 1.53141e-28 8.12704e-29 4.3126e-29 2.2883e-29 1.2141e-29 6.44113e-30 3.41695e-30 1.81252e-30 9.61383e-31 5.09893e-31 2.70416e-31 1.43402e-31 7.6041e-32 4.03192e-32 2.1377e-32 1.13333e-32 6.00806e-33 3.18483e-33 1.68815e-33 8.94764e-34 4.7422e-34 2.51319e-34 1.33182e-34 7.05728e-35 3.73943e-35 1.9813e-35 1.04971e-35 5.56113e-36 2.946e-36 1.56056e-36
2.44891e-08 1.07525e-09 5.77904e-10 3.10477e-10 1.66739e-10 8.95133e-11 4.80379e-11 2.5771e-11 1.38209e-11 7.40969e-12 3.97128e-12 2.12781e-12 1.13974e-12 6.10324e-13 3.26735e-13 1.7487e-13 9.35671e-14 5.00522e-14 2.67682e-14 1.43124e-14 7.65076e-15 4.08885e-15 2.18476e-15 1.16711e-15 6.23354e-16 3.32865e-16 1.77712e-16 9.48601e-17 5.06254e-17 2.70132e-17 1.44113e-17 7.68703e-18 4.09958e-18 2.18599e-18 1.16543e-18 6.21237e-19 3.31101e-19 1.7644e-19 9.40092e-20 5.00819e-20 2.66765e-20 1.42075e-20 7.56564e-21 4.02825e-21 2.14452e-21 1.14154e-21 6.07566e-22 3.23328e-22 1.72045e-22 9.15351e-23 4.86949e-23 2.59018e-23 1.37761e-23 7.32615e-24 3.89563e-24 2.07126e-24 1.10115e-24 5.85343e-25 3.11123e-25 1.65353e-25 8.78715e-26 4.6692e-26 2.48083e-26 1.31798e-26 7.00138e-27 3.71893e-27 1.97522e-27 1.04899e-27 5.57049e-28 2.95786e-28 1.57046e-28 8.33755e-29 4.42604e-29 2.34941e-29 1.247e-29 6.61823e-30 3.51224e-30 1.86378e-30 9.88942e-31 5.24706e-31 2.78375e-31 1.47677e-31 7.8337e-32 4.15518e-32 2.20385e-32 1.16882e-32 6.19844e-33 3.28692e-33 1.74288e-33 9.24099e-34 4.89939e-34 2.5974e-34 1.37692e-34 7.29881e-35 3.86874e-35 2.05051e-35 1.08675e-35 5.75929e-36 3.05201e-36 1.61725e-36 8.5693e-37
1.28075e-08 5.68612e-10 3.0579e-10 1.64382e-10 8.83314e-11 4.74474e-11 2.54772e-11 1.36753e-11 7.33798e-12 3.93616e-12 2.11072e-12 1.1315e-12 6.0639e-13 3.2488e-13 1.74009e-13 9.31759e-14 4.98793e-14 2.66948e-14 1.42832e-14 7.64045e-15 4.08611e-15 2.18476e-15 1.16788e-15 6.24168e-16 3.33512e-16 1.7817e-16 9.5163e-17 5.0818e-17 2.71322e-17 1.44834e-17 7.73e-18 4.12487e-18 2.20073e-18 1.17395e-18 6.26123e-19 3.33887e-19 1.78021e-19 9.49023e-20 5.05843e-20 2.69582e-20 1.43649e-20 7.65338e-21 4.07703e-21 2.17157e-21 1.1565e-21 6.15833e-22 3.27886e-22 1.74554e-22 9.2914e-23 4.94516e-23 2.63165e-23 1.40031e-23 7.45029e-24 3.96343e-24 2.10825e-24 1.12131e-24 5.96324e-25 3.17098e-25 1.68601e-25 8.96363e-26 4.76501e-26 2.5328e-26 1.34616e-26 7.15401e-27 3.80157e-27 2.01993e-27 1.07318e-27 5.70121e-28 3.02848e-28 1.60859e-28 8.54336e-29 4.53708e-29 2.40928e-29 1.27927e-29 6.79212e-30 3.60589e-30 1.91419e-30 1.01608e-30 5.39304e-31 2.86226e-31 1.51898e-31 8.06054e-32 4.27706e-32 2.26932e-32 1.20397e-32 6.38714e-33 3.38818e-33 1.79721e-33 9.5324e-34 5.05566e-34 2.68117e-34 1.42182e-34 7.53941e-35 3.99763e-35 2.11954e-35 1.12371e-35 5.9572e-36 3.15794e-36 1.67394e-36 8.87261e-37 4.7026e-37
6.6982e-09 3.00656e-10 1.61785e-10 8.70209e-11 4.6788e-11 2.51465e-11 1.35101e-11 7.25573e-12 3.89541e-12 2.09064e-12 1.12166e-12 6.01603e-13 3.2257e-13 1.72906e-13 9.26557e-14 4.96378e-14 2.6585e-14 1.42347e-14 7.61985e-15 4.07792e-15 2.18186e-15 1.16711e-15 6.24168e-16 3.33728e-16 1.78398e-16 9.5345e-17 5.09467e-17 2.72175e-17 1.45377e-17 7.76353e-18 4.14518e-18 2.21283e-18 1.18107e-18 6.30276e-19 3.36288e-19 1.79399e-19 9.56883e-20 5.10304e-20 2.72102e-20 1.45067e-20 7.73292e-21 4.12149e-21 2.19636e-21 1.17028e-21 6.23477e-22 3.32118e-22 1.76891e-22 9.42032e-23 5.01614e-23 2.67067e-23 1.42173e-23 7.5677e-24 4.02772e-24 2.14341e-24 1.14052e-24 6.06806e-25 3.22813e-25 1.71714e-25 9.13305e-26 4.85714e-26 2.58286e-26 1.37334e-26 7.3015e-27 3.88155e-27 2.06327e-27 1.09665e-27 5.82824e-28 3.09719e-28 1.64574e-28 8.74411e-29 4.6455e-29 2.46781e-29 1.31086e-29 6.96247e-30 3.69773e-30 1.96369e-30 1.04274e-30 5.53662e-31 2.93955e-31 1.56057e-31 8.28426e-32 4.39736e-32 2.33399e-32 1.23872e-32 6.57384e-33 3.48846e-33 1.85105e-33 9.8214e-34 5.21074e-34 2.76437e-34 1.46644e-34 7.77868e-35 4.1259e-35 2.18829e-35 1.16055e-35 6.15454e-36 3.26363e-36 1.73054e-36 9.17562e-37 4.86479e-37 2.5791e-37
3.50309e-09 1.58954e-10 8.5585e-11 4.60615e-11 2.47798e-11 1.33255e-11 7.16315e-12 3.84913e-12 2.0676e-12 1.11025e-12 5.95973e-13 3.19812e-13 1.71564e-13 9.20079e-14 4.93284e-14 2.6439e-14 1.41669e-14 7.58902e-15 4.06429e-15 2.17607e-15 1.16481e-15 6.23354e-16 3.33512e-16 1.78398e-16 9.54058e-17 5.10111e-17 2.72687e-17 1.45739e-17 7.78753e-18 4.16045e-18 2.22228e-18 1.1868e-18 6.33688e-19 3.38297e-19 1.8057e-19 9.63654e-20 5.14191e-20 2.7432e-20 1.46327e-20 7.80408e-21 4.16154e-21 2.21882e-21 1.18285e-21 6.30481e-22 3.36013e-22 1.79053e-22 9.53998e-23 5.08226e-23 2.70714e-23 1.44182e-23 7.67814e-24 4.08836e-24 2.17666e-24 1.15873e-24 6.16767e-25 3.28256e-25 1.74685e-25 9.29508e-26 4.94541e-26 2.63091e-26 1.39948e-26 7.44357e-27 3.9587e-27 2.10514e-27 1.11936e-27 5.95133e-28 3.16387e-28 1.68183e-28 8.9394e-29 4.75111e-29 2.52489e-29 1.34169e-29 7.12897e-30 3.7876e-30 2.01217e-30 1.06888e-30 5.67754e-31 3.01548e-31 1.60147e-31 8.50445e-32 4.51587e-32 2.39775e-32 1.27302e-32 6.75824e-33 3.58758e-33 1.90431e-33 1.01075e-33 5.36439e-34 2.84686e-34 1.51072e-34 8.01627e-35 4.25336e-35 2.25665e-35 1.1972e-35 6.35103e-36 3.36894e-36 1.78696e-36 9.47789e-37 5.02668e-37 2.66579e-37 1.41366e-37
1.83208e-09 8.40276e-11 4.52696e-11 2.4378e-11 1.31222e-11 7.06049e-12 3.79745e-12 2.04167e-12 1.09728e-12 5.89516e-13 3.16611e-13 1.69985e-13 9.12341e-14 4.89518e-14 2.62572e-14 1.408e-14 7.54803e-15 4.04525e-15 2.16741e-15 1.16098e-15 6.21727e-16 3.32865e-16 1.7817e-16 9.5345e-17 5.10111e-17 2.72858e-17 1.4592e-17 7.80195e-18 4.17065e-18 2.22904e-18 1.1911e-18 6.36349e-19 3.3991e-19 1.81532e-19 9.6932e-20 5.17495e-20 2.76231e-20 1.47424e-20 7.86669e-21 4.19709e-21 2.23892e-21 1.19416e-21 6.3683e-22 3.39563e-22 1.81033e-22 9.65012e-23 5.14339e-23 2.74099e-23 1.46053e-23 7.78137e-24 4.14522e-24 2.20793e-24 1.1759e-24 6.26187e-25 3.33416e-25 1.77509e-25 9.44937e-26 5.02966e-26 2.67687e-26 1.42452e-26 7.57992e-27 4.03288e-27 2.14547e-27 1.14126e-27 6.07024e-28 3.22838e-28 1.71681e-28 9.12887e-29 4.8537e-29 2.58041e-29 1.37172e-29 7.29132e-30 3.87532e-30 2.05955e-30 1.09446e-30 5.81554e-31 3.08991e-31 1.6416e-31 8.72073e-32 4.63239e-32 2.4605e-32 1.3068e-32 6.94002e-33 3.68537e-33 1.9569e-33 1.03903e-33 5.51636e-34 2.92852e-34 1.55458e-34 8.25179e-35 4.3798e-35 2.32451e-35 1.23362e-35 6.54636e-36 3.4737e-36 1.84313e-36 9.77898e-37 5.18804e-37 2.75225e-37 1.45997e-37 7.74419e-38
9.58155e-10 4.44144e-11 2.39422e-11 1.29005e-11 6.948e-12 3.7405e-12 2.01291e-12 1.0828e-12 5.82248e-13 3.12976e-13 1.68174e-13 9.03362e-14 4.85089e-14 2.60401e-14 1.39743e-14 7.49699e-15 4.02086e-15 2.1559e-15 1.15563e-15 6.19293e-16 3.31788e-16 1.77712e-16 9.5163e-17 5.09467e-17 2.72687e-17 1.4592e-17 7.80676e-18 4.17575e-18 2.2331e-18 1.19397e-18 6.38255e-19 3.41123e-19 1.82283e-19 9.73869e-20 5.20209e-20 2.7783e-20 1.48356e-20 7.92063e-21 4.22807e-21 2.2566e-21 1.20421e-21 6.42508e-22 3.42761e-22 1.82827e-22 9.75051e-23 5.19939e-23 2.77215e-23 1.47782e-23 7.87718e-24 4.19819e-24 2.23716e-24 1.192e-24 6.35045e-25 3.38282e-25 1.80178e-25 9.59563e-26 5.1097e-26 2.72062e-26 1.44842e-26 7.71029e-27 4.10394e-27 2.18417e-27 1.16232e-27 6.18475e-28 3.29059e-28 1.75059e-28 9.31216e-29 4.95309e-29 2.63427e-29 1.40089e-29 7.44921e-30 3.96074e-30 2.10573e-30 1.11942e-30 5.95039e-31 3.16272e-31 1.68089e-31 8.93272e-32 4.7467e-32 2.52212e-32 1.34e-32 7.11887e-33 3.78167e-33 2.00874e-33 1.06692e-33 5.66639e-34 3.00919e-34 1.59795e-34 8.48486e-35 4.50502e-35 2.39177e-35 1.26973e-35 6.74022e-36 3.57774e-36 1.89895e-36 1.00784e-36 5.34863e-37 2.83835e-37 1.50613e-37 7.99153e-38 4.24007e-38
5.01105e-10 2.34734e-11 1.26611e-11 6.82596e-12 3.67842e-12 1.98139e-12 1.06684e-12 5.74187e-13 3.08915e-13 1.66136e-13 8.93165e-14 4.80008e-14 2.57881e-14 1.38499e-14 7.43601e-15 3.99116e-15 2.14156e-15 1.14878e-15 6.16057e-16 3.30284e-16 1.77028e-16 9.48601e-17 5.0818e-17 2.72175e-17 1.45739e-17 7.80195e-18 4.17575e-18 2.23446e-18 1.19541e-18 6.394e-19 3.41933e-19 1.8282e-19 9.77289e-20 5.22326e-20 2.79113e-20 1.49122e-20 7.96576e-21 4.2544e-21 2.27184e-21 1.21296e-21 6.47505e-22 3.456e-22 1.84433e-22 9.84093e-23 5.25014e-23 2.80055e-23 1.49367e-23 7.96535e-24 4.24714e-24 2.26428e-24 1.207e-24 6.43324e-25 3.42844e-25 1.82688e-25 9.73355e-26 5.18538e-26 2.7621e-26 1.47112e-26 7.83441e-27 4.17174e-27 2.22117e-27 1.18249e-27 6.29463e-28 3.3504e-28 1.78311e-28 9.48892e-29 5.04908e-29 2.68637e-29 1.42915e-29 7.60235e-30 4.0437e-30 2.15065e-30 1.14372e-30 6.08183e-31 3.23377e-31 1.71928e-31 9.14005e-32 4.85862e-32 2.58251e-32 1.37257e-32 7.29449e-33 3.87632e-33 2.05973e-33 1.09438e-33 5.81423e-34 3.08876e-34 1.64076e-34 8.71511e-35 4.62882e-35 2.45831e-35 1.30549e-35 6.93232e-36 3.68091e-36 1.95435e-36 1.03758e-36 5.5082e-37 2.92396e-37 1.55205e-37 8.23779e-38 4.3721e-38 2.32029e-38
2.62072e-10 1.24046e-11 6.6947e-12 3.61136e-12 1.9472e-12 1.04944e-12 5.65353e-13 3.04441e-13 1.63875e-13 8.81776e-14 4.74289e-14 2.55019e-14 1.37073e-14 7.36525e-15 3.95624e-15 2.12443e-15 1.14043e-15 6.12026e-16 3.28357e-16 1.76117e-16 9.4437e-17 5.06254e-17 2.71322e-17 1.45377e-17 7.78753e-18 4.17065e-18 2.2331e-18 1.19541e-18 6.39782e-19 3.42338e-19 1.83143e-19 9.79574e-20 5.23841e-20 2.80078e-20 1.49719e-20 8.00198e-21 4.27602e-21 2.28458e-21 1.22039e-21 6.51809e-22 3.48073e-22 1.85845e-22 9.92118e-23 5.29554e-23 2.82612e-23 1.50803e-23 8.04571e-24 4.29199e-24 2.28925e-24 1.22087e-24 6.51007e-25 3.47093e-25 1.85034e-25 9.86285e-26 5.25653e-26 2.8012e-26 1.49258e-26 7.95205e-27 4.23615e-27 2.25639e-27 1.20174e-27 6.39966e-28 3.40767e-28 1.81432e-28 9.65881e-29 5.14149e-29 2.7366e-29 1.45643e-29 7.75046e-30 4.12404e-30 2.19421e-30 1.16732e-30 6.20963e-31 3.30294e-31 1.7567e-31 9.34234e-32 4.96795e-32 2.64156e-32 1.40446e-32 7.46657e-33 3.96915e-33 2.10979e-33 1.12137e-33 5.95965e-34 3.16709e-34 1.68294e-34 8.94215e-35 4.75099e-35 2.52403e-35 1.34083e-35 7.12234e-36 3.78304e-36 2.00923e-36 1.06706e-36 5.66651e-37 3.00895e-37 1.59767e-37 8.4826e-38 4.50344e-38 2.39073e-38 1.26909e-38
1.37061e-10 6.55453e-12 3.5395e-12 1.91042e-12 1.03065e-12 5.55768e-13 2.99562e-13 1.61397e-13 8.69221e-14 4.67944e-14 2.51822e-14 1.35467e-14 7.28488e-15 3.91617e-15 2.10454e-15 1.13062e-15 6.0721e-16 3.2601e-16 1.74984e-16 9.38948e-17 5.03693e-17 2.70132e-17 1.44834e-17 7.76353e-18 4.16045e-18 2.22904e-18 1.19397e-18 6.394e-19 3.42338e-19 1.83251e-19 9.80718e-20 5.24752e-20 2.80723e-20 1.50147e-20 8.02923e-21 4.29289e-21 2.29481e-21 1.2265e-21 6.5541e-22 3.50174e-22 1.87061e-22 9.99109e-23 5.33547e-23 2.84882e-23 1.52087e-23 8.11808e-24 4.33263e-24 2.31199e-24 1.23356e-24 6.58076e-25 3.5102e-25 1.87211e-25 9.98326e-26 5.32303e-26 2.83786e-26 1.51276e-26 8.06296e-27 4.29703e-27 2.28977e-27 1.22002e-27 6.49965e-28 3.46231e-28 1.84415e-28 9.82149e-29 5.23015e-29 2.78487e-29 1.4827e-29 7.89326e-30 4.20162e-30 2.23633e-30 1.19018e-30 6.33355e-31 3.3701e-31 1.79307e-31 9.53924e-32 5.07448e-32 2.69918e-32 1.4356e-32 7.63481e-33 4.06001e-33 2.15884e-33 1.14783e-33 6.10238e-34 3.24405e-34 1.72441e-34 9.16562e-35 4.87135e-35 2.58883e-35 1.37571e-35 7.31e-36 3.88398e-36 2.0635e-36 1.09623e-36 5.82331e-37 3.0932e-37 1.64292e-37 8.7256e-38 4.63389e-38 2.46075e-38 1.30666e-38 6.9379e-39
7.16814e-11 3.46302e-12 1.87114e-12 1.01051e-12 5.45456e-13 2.94292e-13 1.58709e-13 8.55533e-14 4.60991e-14 2.48298e-14 1.33686e-14 7.19509e-15 3.87107e-15 2.08196e-15 1.11936e-15 6.01621e-16 3.23251e-16 1.73629e-16 9.32348e-17 5.00504e-17 2.68606e-17 1.44113e-17 7.73e-18 4.14518e-18 2.22228e-18 1.1911e-18 6.38255e-19 3.41933e-19 1.83143e-19 9.80718e-20 5.25056e-20 2.81046e-20 1.50404e-20 8.04742e-21 4.30497e-21 2.30251e-21 1.23126e-21 6.583e-22 3.519e-22 1.88079e-22 1.00505e-22 5.36987e-23 2.86859e-23 1.53217e-23 8.1823e-24 4.36897e-24 2.33248e-24 1.24507e-24 6.64518e-25 3.54617e-25 1.89213e-25 1.00945e-25 5.38471e-26 2.87199e-26 1.53161e-26 8.16691e-27 4.35427e-27 2.32124e-27 1.23729e-27 6.59439e-28 3.5142e-28 1.87254e-28 9.97667e-29 5.31488e-29 2.8311e-29 1.50789e-29 8.03047e-30 4.27629e-30 2.27693e-30 1.21224e-30 6.45337e-31 3.43512e-31 1.82834e-31 9.73039e-32 5.17803e-32 2.75524e-32 1.46594e-32 7.79892e-33 4.14873e-33 2.20678e-33 1.17373e-33 6.2422e-34 3.31951e-34 1.76512e-34 9.38514e-35 4.98968e-35 2.6526e-35 1.41006e-35 7.49497e-36 3.98355e-36 2.11709e-36 1.12506e-36 5.97837e-37 3.17657e-37 1.68773e-37 8.96641e-38 4.76326e-38 2.53023e-38 1.34397e-38 7.13818e-39 3.79104e-39
3.74886e-11 1.82947e-12 9.89067e-13 5.34443e-13 2.88643e-13 1.55816e-13 8.40746e-14 4.53445e-14 2.44455e-14 1.31733e-14 7.09612e-15 3.82102e-15 2.05673e-15 1.10668e-15 5.95273e-16 3.20085e-16 1.72058e-16 9.24585e-17 4.96693e-17 2.66748e-17 1.43216e-17 7.68703e-18 4.12487e-18 2.21283e-18 1.1868e-18 6.36349e-19 3.41123e-19 1.8282e-19 9.79574e-20 5.24752e-20 2.81046e-20 1.5049e-20 8.05653e-21 4.31222e-21 2.30764e-21 1.23468e-21 6.60473e-22 3.53247e-22 1.88896e-22 1.00993e-22 5.39865e-23 2.8854e-23 1.5419e-23 8.23824e-24 4.40094e-24 2.35066e-24 1.25536e-24 6.70319e-25 3.57875e-25 1.91038e-25 1.01964e-25 5.44147e-26 2.90353e-26 1.5491e-26 8.26371e-27 4.40774e-27 2.35073e-27 1.25353e-27 6.68369e-28 3.56325e-28 1.89944e-28 1.0124e-28 5.39552e-29 2.87518e-29 1.53197e-29 8.16184e-30 4.34791e-30 2.31594e-30 1.23348e-30 6.56886e-31 3.49789e-31 1.86243e-31 9.91545e-32 5.27842e-32 2.80966e-32 1.49543e-32 7.95861e-33 4.23516e-33 2.25354e-33 1.19901e-33 6.37886e-34 3.39333e-34 1.80499e-34 9.60034e-35 5.1058e-35 2.71523e-35 1.44383e-35 7.67697e-36 4.08161e-36 2.1699e-36 1.1535e-36 6.13143e-37 3.25893e-37 1.73203e-37 9.20466e-38 4.89135e-38 2.59908e-38 1.38096e-38 7.3369e-39 3.89777e-39 2.07057e-39
1.96061e-11 9.66385e-13 5.22757e-13 2.8263e-13 1.52727e-13 8.24895e-14 4.45326e-14 2.40304e-14 1.29615e-14 6.98819e-15 3.76617e-15 2.02892e-15 1.09261e-15 5.8818e-16 3.1652e-16 1.70272e-16 9.15678e-17 4.9227e-17 2.64563e-17 1.42143e-17 7.63473e-18 4.09958e-18 2.20073e-18 1.18107e-18 6.33688e-19 3.3991e-19 1.82283e-19 9.77289e-20 5.23841e-20 2.80723e-20 1.50404e-20 8.05653e-21 4.31464e-21 2.31022e-21 1.23673e-21 6.61925e-22 3.5421e-22 1.8951e-22 1.01374e-22 5.42174e-23 2.8992e-23 1.55004e-23 8.28578e-24 4.42847e-24 2.36649e-24 1.26441e-24 6.75466e-25 3.60789e-25 1.92681e-25 1.02888e-25 5.49319e-26 2.93242e-26 1.56519e-26 8.35315e-27 4.45734e-27 2.37819e-27 1.2687e-27 6.76739e-28 3.60934e-28 1.92479e-28 1.02633e-28 5.47192e-29 2.91704e-29 1.55488e-29 8.28712e-30 4.41634e-30 2.35329e-30 1.25384e-30 6.67981e-31 3.55829e-31 1.89529e-31 1.00941e-31 5.37545e-32 2.86234e-32 1.52401e-32 8.11359e-33 4.31915e-33 2.29903e-33 1.22364e-33 6.51212e-34 3.46541e-34 1.84395e-34 9.81087e-35 5.21951e-35 2.77662e-35 1.47696e-35 7.8557e-36 4.17799e-36 2.22186e-36 1.1815e-36 6.28225e-37 3.34015e-37 1.77576e-37 9.43999e-38 5.01796e-38 2.66718e-38 1.41758e-38 7.53376e-39 4.00356e-39 2.12741e-39 1.13039e-39
