0.0219948 0.0157991 0.0113487 0.00815185 0.00585555 0.0042061 0.00302128 0.00217022 0.00155889 0.00111977 0.000804339 0.000577764 0.000415014 0.000298109 0.000214134 0.000153815 0.000110487 7.93637e-05 5.70077e-05 4.09492e-05 2.94142e-05 2.11285e-05 1.51768e-05 1.09017e-05 7.83077e-06 5.62492e-06 4.04044e-06 2.90229e-06 2.08474e-06 1.49749e-06 1.07566e-06 7.72658e-07 5.55008e-07 3.98668e-07 2.86367e-07 2.057e-07 1.47756e-07 1.06135e-07 7.62378e-08 5.47623e-08 3.93363e-08 2.82557e-08 2.02963e-08 1.45791e-08 1.04723e-08 7.52234e-09 5.40337e-09 3.88129e-09 2.78797e-09 2.00263e-09 1.43851e-09 1.03329e-09 7.42225e-10 5.33148e-10 3.82965e-10 2.75088e-10 1.97598e-10 1.41937e-10 1.01955e-10 7.3235e-11 5.26054e-11 3.7787e-11 2.71428e-11 1.94969e-11 1.40048e-11 1.00598e-11 7.22606e-12 5.19055e-12 3.72842e-12 2.67816e-12 1.92375e-12 1.38185e-12 9.92595e-13 7.12991e-13 5.12149e-13 3.67881e-13 2.64253e-13 1.89815e-13 1.36346e-13 9.79389e-14 7.03505e-14 5.05334e-14 3.62987e-14 2.60737e-14 1.8729e-14 1.34532e-14 9.66358e-15 6.94144e-15 4.98611e-15 3.58157e-15 2.57268e-15 1.84798e-15 1.32742e-15 9.535e-16 6.84908e-16 4.91976e-16 3.53392e-16 2.53845e-16 1.82339e-16 1.30976e-16 9.40813e-17
0.0157991 0.0126102 0.00996415 0.00780824 0.00607628 0.0047005 0.00361765 0.00277188 0.00211554 0.00160902 0.00122 0.000922471 0.000695757 0.000523572 0.000393185 0.00029471 0.000220515 0.000164735 0.000122883 9.15375e-05 6.81009e-05 5.06046e-05 3.75616e-05 2.78513e-05 2.06311e-05 1.52687e-05 1.12903e-05 8.34164e-06 6.15834e-06 4.54317e-06 3.34929e-06 2.46752e-06 1.81676e-06 1.33683e-06 9.83123e-07 7.22612e-07 5.30857e-07 3.89794e-07 2.8608e-07 2.09867e-07 1.5389e-07 1.12797e-07 8.26438e-08 6.0528e-08 4.4314e-08 3.24318e-08 2.37275e-08 1.73536e-08 1.26879e-08 9.27374e-09 6.77628e-09 4.94997e-09 3.61488e-09 2.63917e-09 1.92632e-09 1.40566e-09 1.02548e-09 7.47944e-10 5.45396e-10 3.97611e-10 2.89808e-10 2.11189e-10 1.53867e-10 1.12081e-10 8.16269e-11 5.94366e-11 4.32709e-11 3.14964e-11 2.29218e-11 1.66788e-11 1.21342e-11 8.82643e-12 6.41937e-12 4.66803e-12 3.39398e-12 2.4673e-12 1.79339e-12 1.30336e-12 9.47107e-13 6.88136e-13 4.99912e-13 3.63127e-13 2.63736e-13 1.91526e-13 1.3907e-13 1.0097e-13 7.32992e-14 5.32058e-14 3.86164e-14 2.80245e-14 2.03357e-14 1.47549e-14 1.07046e-14 7.76533e-15 5.6326e-15 4.08524e-15 2.96268e-15 2.14839e-15 1.55777e-15 1.12942e-15 8.18786e-16
0.0113487 0.00996415 0.00853149 0.00716729 0.00593202 0.00485077 0.00392723 0.00315293 0.00251317 0.00199079 0.00156842 0.00122972 0.000960034 0.000746605 0.000578604 0.00044699 0.000344317 0.000264526 0.000202729 0.000155019 0.000118289 9.00858e-05 6.84824e-05 5.19711e-05 3.93779e-05 2.97914e-05 2.2507e-05 1.6981e-05 1.27956e-05 9.6303e-06 7.23981e-06 5.43684e-06 4.07869e-06 3.05683e-06 2.28885e-06 1.71229e-06 1.27987e-06 9.55878e-07 7.13346e-07 5.31952e-07 3.96399e-07 2.95185e-07 2.19667e-07 1.63365e-07 1.21419e-07 9.01897e-08 6.69541e-08 4.96773e-08 3.68389e-08 2.73043e-08 2.02274e-08 1.49774e-08 1.10849e-08 8.20031e-09 6.06369e-09 4.48187e-09 3.31133e-09 2.44552e-09 1.80538e-09 1.33231e-09 9.8283e-10 7.24766e-10 5.34276e-10 3.93719e-10 2.90044e-10 2.136e-10 1.57254e-10 1.15737e-10 8.51552e-11 6.26361e-11 4.60591e-11 3.38599e-11 2.4885e-11 1.82842e-11 1.34309e-11 9.86328e-12 7.24156e-12 5.31543e-12 3.9007e-12 2.86185e-12 2.0992e-12 1.53944e-12 1.12871e-12 8.27383e-13 6.06376e-13 4.44314e-13 3.25501e-13 2.38412e-13 1.74592e-13 1.27831e-13 9.35772e-14 6.84898e-14 5.01193e-14 3.66698e-14 2.68249e-14 1.96199e-14 1.43477e-14 1.04906e-14 7.66918e-15 5.60571e-15 4.09681e-15
0.00815185 0.00780824 0.00716729 0.006384 0.00555969 0.00475743 0.00401364 0.00334674 0.00276325 0.0022623 0.00183864 0.00148473 0.00119213 0.000952327 0.00075728 0.000599682 0.000473088 0.000371926 0.000291466 0.00022774 0.000177462 0.000137933 0.000106956 8.27516e-05 6.38921e-05 4.92345e-05 3.78698e-05 2.90779e-05 2.22904e-05 1.70607e-05 1.30387e-05 9.95088e-06 7.58416e-06 5.77298e-06 4.38899e-06 3.33291e-06 2.52812e-06 1.91563e-06 1.45004e-06 1.09653e-06 8.28426e-07 6.25306e-07 4.71577e-07 3.55343e-07 2.67541e-07 2.01277e-07 1.51311e-07 1.13665e-07 8.5326e-08 6.40086e-08 4.79854e-08 3.59502e-08 2.69169e-08 2.01414e-08 1.50626e-08 1.12581e-08 8.40989e-09 6.27892e-09 4.68549e-09 3.49467e-09 2.60521e-09 1.94122e-09 1.44578e-09 1.07631e-09 8.00897e-10 5.95705e-10 4.42898e-10 3.29154e-10 2.44524e-10 1.81582e-10 1.34791e-10 1.0002e-10 7.41922e-11 5.50141e-11 4.07793e-11 3.02175e-11 2.23837e-11 1.65755e-11 1.22705e-11 9.08081e-12 6.71823e-12 4.96884e-12 3.67392e-12 2.71569e-12 2.00682e-12 1.48258e-12 1.09499e-12 8.0852e-13 5.9684e-13 4.40468e-13 3.24985e-13 2.39721e-13 1.76784e-13 1.30341e-13 9.60765e-14 7.08035e-14 5.2167e-14 3.84275e-14 2.83006e-14 2.0838e-14 1.53401e-14
0.00585555 0.00607628 0.00593202 0.00555969 0.00505937 0.00450175 0.00393486 0.00338973 0.00288488 0.00243001 0.00202869 0.0016805 0.00138252 0.00113041 0.000919197 0.000743727 0.000599027 0.00048048 0.000383925 0.000305695 0.000242611 0.000191962 0.000151457 0.000119183 9.35538e-05 7.32644e-05 5.72491e-05 4.46419e-05 3.47426e-05 2.69881e-05 2.09274e-05 1.62004e-05 1.25211e-05 9.6626e-06 7.44582e-06 5.72961e-06 4.40309e-06 3.37936e-06 2.59047e-06 1.9834e-06 1.51688e-06 1.15882e-06 8.84359e-07 6.74218e-07 5.13509e-07 3.9074e-07 2.97052e-07 2.25629e-07 1.71233e-07 1.29845e-07 9.83819e-08 7.44853e-08 5.6351e-08 4.26007e-08 3.2183e-08 2.42962e-08 1.833e-08 1.38199e-08 1.0413e-08 7.84119e-09 5.90105e-09 4.43839e-09 3.33639e-09 2.50663e-09 1.88222e-09 1.41261e-09 1.05963e-09 7.94459e-10 5.95357e-10 4.45941e-10 3.3387e-10 2.4985e-10 1.86892e-10 1.39738e-10 1.04437e-10 7.80217e-11 5.8264e-11 4.34925e-11 3.24533e-11 2.4207e-11 1.80493e-11 1.34531e-11 1.00237e-11 7.46591e-12 5.5589e-12 4.13761e-12 3.0787e-12 2.29005e-12 1.70288e-12 1.26587e-12 9.4072e-13 6.9888e-13 5.19059e-13 3.85394e-13 2.86069e-13 2.12283e-13 1.57486e-13 1.16802e-13 8.6605e-14 6.41983e-14 4.75766e-14
0.0042061 0.0047005 0.00485077 0.00475743 0.00450175 0.004147 0.00374071 0.00331728 0.0029005 0.0025059 0.0021428 0.00181593 0.00152678 0.00127464 0.00105743 0.000872233 0.000715737 0.000584532 0.000475297 0.000384921 0.000310566 0.000249706 0.000200123 0.0001599 0.000127399 0.000101234 8.02396e-05 6.34483e-05 5.00581e-05 3.94096e-05 3.09635e-05 2.42807e-05 1.90053e-05 1.48501e-05 1.1584e-05 9.02176e-06 7.01552e-06 5.44743e-06 4.22388e-06 3.27072e-06 2.52936e-06 1.9536e-06 1.50708e-06 1.16127e-06 8.93802e-07 6.87196e-07 5.27796e-07 4.0496e-07 3.10409e-07 2.37709e-07 1.81868e-07 1.39022e-07 1.06178e-07 8.1026e-08 6.17818e-08 4.70711e-08 3.58357e-08 2.72617e-08 2.07241e-08 1.57432e-08 1.19512e-08 9.06648e-09 6.87359e-09 5.20779e-09 3.94324e-09 2.98395e-09 2.2567e-09 1.70572e-09 1.28853e-09 9.72851e-10 7.34115e-10 5.53674e-10 4.17371e-10 3.14466e-10 2.36816e-10 1.78255e-10 1.34112e-10 1.00854e-10 7.58099e-11 5.69595e-11 4.27779e-11 3.21136e-11 2.40978e-11 1.80755e-11 1.35529e-11 1.01579e-11 7.61038e-12 5.69964e-12 4.26705e-12 3.19339e-12 2.38902e-12 1.78664e-12 1.33569e-12 9.98226e-13 7.45774e-13 5.56987e-13 4.15856e-13 3.10388e-13 2.31597e-13 1.72755e-13 1.28824e-13
0.00302128 0.00361765 0.00392723 0.00401364 0.00393486 0.00374071 0.00347211 0.00316134 0.00283292 0.00250472 0.00218912 0.00189415 0.00162447 0.00138226 0.00116789 0.000980483 0.000818393 0.000679487 0.000561418 0.000461786 0.000378258 0.000308643 0.000250933 0.000203326 0.000164231 0.000132258 0.000106212 8.50698e-05 6.79654e-05 5.41711e-05 4.30792e-05 3.4185e-05 2.70717e-05 2.13967e-05 1.68799e-05 1.32928e-05 1.04502e-05 8.20198e-06 6.42734e-06 5.02908e-06 3.92931e-06 3.06575e-06 2.38876e-06 1.85885e-06 1.44468e-06 1.12144e-06 8.69503e-07 6.73405e-07 5.20962e-07 4.02603e-07 3.10815e-07 2.39715e-07 1.84701e-07 1.42179e-07 1.09348e-07 8.40231e-08 6.45082e-08 4.94845e-08 3.79289e-08 2.90488e-08 2.22306e-08 1.7e-08 1.29907e-08 9.91979e-09 7.56959e-09 5.77228e-09 4.39881e-09 3.34999e-09 2.54963e-09 1.93929e-09 1.47417e-09 1.11995e-09 8.50347e-10 6.45284e-10 4.89402e-10 3.70977e-10 2.8106e-10 2.12827e-10 1.61078e-10 1.21851e-10 9.21319e-11 6.96282e-11 5.25966e-11 3.97129e-11 2.99716e-11 2.26098e-11 1.70489e-11 1.28503e-11 9.68163e-12 7.29132e-12 5.48895e-12 4.13049e-12 3.10703e-12 2.33628e-12 1.75607e-12 1.31947e-12 9.91058e-13 7.44124e-13 5.58522e-13 4.19069e-13 3.14329e-13
0.00217022 0.00277188 0.00315293 0.00334674 0.00338973 0.00331728 0.00316134 0.00294928 0.00270358 0.00244195 0.00217784 0.00192099 0.00167805 0.00145325 0.00124886 0.00106575 0.000903735 0.000761918 0.000638943 0.00053319 0.00044292 0.00036638 0.000301874 0.000247809 0.000202724 0.000165302 0.000134376 0.00010892 8.8044e-05 7.09846e-05 5.70895e-05 4.58066e-05 3.66714e-05 2.92955e-05 2.33554e-05 1.85834e-05 1.47588e-05 1.17004e-05 9.25976e-06 7.31615e-06 5.77131e-06 4.54571e-06 3.5751e-06 2.80774e-06 2.20206e-06 1.72475e-06 1.34917e-06 1.05407e-06 8.22527e-07 6.41102e-07 4.99132e-07 3.88176e-07 3.01567e-07 2.34041e-07 1.81454e-07 1.40546e-07 1.08758e-07 8.4083e-08 6.4948e-08 5.01241e-08 3.86509e-08 2.97794e-08 2.29256e-08 1.76355e-08 1.35557e-08 1.0412e-08 7.99147e-09 6.12932e-09 4.69782e-09 3.59821e-09 2.75415e-09 2.10673e-09 1.61047e-09 1.23035e-09 9.39378e-10 7.16794e-10 5.46633e-10 4.1663e-10 3.17367e-10 2.41622e-10 1.83856e-10 1.39827e-10 1.06288e-10 8.07519e-11 6.13209e-11 4.65429e-11 3.53094e-11 2.67747e-11 2.02936e-11 1.53744e-11 1.16424e-11 8.81254e-12 6.66764e-12 5.04268e-12 3.81215e-12 2.88074e-12 2.17602e-12 1.64305e-12 1.24015e-12 9.35686e-13 7.05707e-13
0.00155889 0.00211554 0.00251317 0.00276325 0.00288488 0.0029005 0.00283292 0.00270358 0.00253143 0.00233253 0.00211993 0.00190384 0.00169192 0.00148962 0.0013006 0.00112703 0.000969948 0.00082955 0.000705406 0.000596667 0.000502217 0.000420793 0.000351071 0.000291738 0.000241528 0.000199258 0.000163843 0.000134301 0.00010976 8.94527e-05 7.27081e-05 5.89482e-05 4.7677e-05 3.8472e-05 3.09759e-05 2.48878e-05 1.99559e-05 1.59704e-05 1.27571e-05 1.01722e-05 8.09707e-06 6.43463e-06 5.10536e-06 4.04446e-06 3.19927e-06 2.52707e-06 1.99335e-06 1.57024e-06 1.23534e-06 9.70642e-07 7.61734e-07 5.97083e-07 4.67486e-07 3.6561e-07 2.85627e-07 2.22907e-07 1.73782e-07 1.35349e-07 1.05314e-07 8.18663e-08 6.35811e-08 4.93358e-08 3.82489e-08 2.96283e-08 2.29316e-08 1.77341e-08 1.37039e-08 1.05814e-08 8.16421e-09 6.29457e-09 4.8496e-09 3.7337e-09 2.8726e-09 2.2086e-09 1.69697e-09 1.30302e-09 9.9989e-10 7.66806e-10 5.877e-10 4.50161e-10 3.44609e-10 2.63656e-10 2.01608e-10 1.54077e-10 1.17688e-10 8.98461e-11 6.85552e-11 5.2283e-11 3.98532e-11 3.03636e-11 2.31224e-11 1.75998e-11 1.339e-11 1.01825e-11 7.73985e-12 5.88056e-12 4.46597e-12 3.39022e-12 2.57251e-12 1.95122e-12 1.47938e-12
0.00111977 0.00160902 0.00199079 0.0022623 0.00243001 0.0025059 0.00250472 0.00244195 0.00233253 0.00219001 0.00202614 0.00185071 0.00167158 0.00149478 0.00132479 0.00116469 0.00101646 0.000881175 0.000759213 0.000650433 0.00055432 0.000470109 0.00039688 0.000333634 0.000279349 0.00023302 0.000193688 0.000160457 0.000132508 0.000109098 8.95692e-05 7.33365e-05 5.98907e-05 4.87895e-05 3.96524e-05 3.21539e-05 2.60171e-05 2.1008e-05 1.69295e-05 1.36168e-05 1.09322e-05 8.76133e-06 7.00956e-06 5.59882e-06 4.46491e-06 3.55518e-06 2.82661e-06 2.24412e-06 1.77919e-06 1.40869e-06 1.11389e-06 8.79665e-07 6.9384e-07 5.46618e-07 4.30136e-07 3.38094e-07 2.65457e-07 2.08204e-07 1.6313e-07 1.27685e-07 9.98431e-08 7.79975e-08 6.08748e-08 4.74677e-08 3.69806e-08 2.87854e-08 2.23873e-08 1.73969e-08 1.3508e-08 1.04802e-08 8.12476e-09 6.29395e-09 4.87209e-09 3.76872e-09 2.91316e-09 2.25027e-09 1.73704e-09 1.33997e-09 1.033e-09 7.95839e-10 6.12745e-10 4.71485e-10 3.62572e-10 2.78654e-10 2.14035e-10 1.64307e-10 1.26062e-10 9.66669e-11 7.4086e-11 5.67499e-11 4.34479e-11 3.32469e-11 2.54282e-11 1.94387e-11 1.48528e-11 1.13433e-11 8.65907e-12 6.60697e-12 5.0389e-12 3.84129e-12 2.92703e-12
0.000804339 0.00122 0.00156842 0.00183864 0.00202869 0.0021428 0.00218912 0.00217784 0.00211993 0.00202614 0.00190642 0.00176957 0.00162305 0.00147296 0.00132412 0.00118017 0.00104372 0.000916505 0.000799565 0.000693362 0.000597924 0.000512959 0.000437948 0.00037222 0.000315019 0.000265549 0.000223008 0.000186618 0.000155643 0.000129397 0.000107251 8.86402e-05 7.3058e-05 6.00575e-05 4.92471e-05 4.0286e-05 3.28799e-05 2.67764e-05 2.17598e-05 1.76473e-05 1.4284e-05 1.154e-05 9.30629e-06 7.4918e-06 6.02092e-06 4.83094e-06 3.87003e-06 3.09553e-06 2.47238e-06 1.97185e-06 1.57047e-06 1.24911e-06 9.92212e-07 7.87152e-07 6.23702e-07 4.93602e-07 3.90185e-07 3.08086e-07 2.42994e-07 1.91448e-07 1.50679e-07 1.18471e-07 9.30553e-08 7.3021e-08 5.72458e-08 4.48372e-08 3.50867e-08 2.74323e-08 2.14294e-08 1.6726e-08 1.30442e-08 1.01646e-08 7.91452e-09 6.15778e-09 4.78735e-09 3.71917e-09 2.88725e-09 2.23982e-09 1.73637e-09 1.34516e-09 1.0414e-09 8.05706e-10 6.22956e-10 4.81354e-10 3.7171e-10 2.86867e-10 2.21258e-10 1.70554e-10 1.31395e-10 1.01169e-10 7.78536e-11 5.98787e-11 4.60293e-11 3.53645e-11 2.71567e-11 2.08433e-11 1.59896e-11 1.22602e-11 9.39604e-12 7.19759e-12 5.51094e-12
0.000577764 0.000922471 0.00122972 0.00148473 0.0016805 0.00181593 0.00189415 0.00192099 0.00190384 0.00185071 0.00176957 0.00166789 0.00155236 0.00142876 0.0013019 0.00117564 0.00105294 0.000936008 0.000826357 0.000724937 0.000632238 0.00054839 0.000473245 0.000406457 0.000347538 0.000295914 0.000250962 0.000212044 0.000178527 0.000149805 0.000125302 0.00010449 8.68829e-05 7.20433e-05 5.95808e-05 4.91499e-05 4.04471e-05 3.3208e-05 2.72039e-05 2.22377e-05 1.81406e-05 1.4769e-05 1.20011e-05 9.73396e-06 7.88104e-06 6.36985e-06 5.13987e-06 4.14072e-06 3.3306e-06 2.67493e-06 2.14519e-06 1.71792e-06 1.37386e-06 1.09723e-06 8.75164e-07 6.97159e-07 5.54676e-07 4.40786e-07 3.49873e-07 2.77396e-07 2.1969e-07 1.73801e-07 1.37353e-07 1.08437e-07 8.55231e-08 6.73853e-08 5.30436e-08 4.17154e-08 3.27767e-08 2.57304e-08 2.01814e-08 1.58156e-08 1.23839e-08 9.68898e-09 7.57445e-09 5.91677e-09 4.61834e-09 3.60215e-09 2.8075e-09 2.18657e-09 1.70177e-09 1.32355e-09 1.02868e-09 7.98978e-10 6.20161e-10 4.81055e-10 3.72917e-10 2.88909e-10 2.23689e-10 1.7309e-10 1.33857e-10 1.03458e-10 7.99168e-11 6.1698e-11 4.76065e-11 3.67137e-11 2.82983e-11 2.18005e-11 1.67861e-11 1.29185e-11 9.93716e-12
0.000415014 0.000695757 0.000960034 0.00119213 0.00138252 0.00152678 0.00162447 0.00167805 0.00169192 0.00167158 0.00162305 0.00155236 0.00146523 0.00136685 0.00126174 0.00115372 0.0010459 0.000940732 0.00084005 0.000745166 0.000656937 0.000575844 0.000502072 0.000435568 0.000376106 0.000323332 0.000276811 0.000236054 0.000200552 0.000169789 0.000143265 0.000120499 0.000101044 8.44845e-05 7.04434e-05 5.85804e-05 4.85916e-05 4.02079e-05 3.31929e-05 2.73402e-05 2.24708e-05 1.84302e-05 1.50858e-05 1.23244e-05 1.00496e-05 8.17991e-06 6.64643e-06 5.39129e-06 4.36603e-06 3.53013e-06 2.84988e-06 2.29728e-06 1.84915e-06 1.48634e-06 1.19309e-06 9.56419e-07 7.65708e-07 6.12254e-07 4.88954e-07 3.9002e-07 3.10743e-07 2.47299e-07 1.96592e-07 1.56113e-07 1.23839e-07 9.81362e-08 7.76901e-08 6.14436e-08 4.8548e-08 3.83231e-08 3.0224e-08 2.38152e-08 1.87489e-08 1.47478e-08 1.15908e-08 9.10209e-09 7.142e-09 5.5996e-09 4.3869e-09 3.43423e-09 2.68645e-09 2.09996e-09 1.64034e-09 1.28042e-09 9.9878e-10 7.78565e-10 6.06502e-10 4.72157e-10 3.67336e-10 2.85606e-10 2.21923e-10 1.72335e-10 1.33748e-10 1.0374e-10 8.04179e-11 6.23037e-11 4.82429e-11 3.73348e-11 2.88776e-11 2.23242e-11 1.7249e-11
0.000298109 0.000523572 0.000746605 0.000952327 0.00113041 0.00127464 0.00138226 0.00145325 0.00148962 0.00149478 0.00147296 0.00142876 0.00136685 0.00129167 0.00120728 0.00111728 0.00102472 0.000932138 0.000841547 0.000754492 0.000672099 0.000595129 0.00052404 0.000459038 0.000400134 0.000347186 0.000299938 0.000258059 0.000221167 0.000188851 0.000160695 0.000136281 0.00011521 9.71024e-05 8.1604e-05 6.83895e-05 5.71628e-05 4.76575e-05 3.96357e-05 3.28867e-05 2.72252e-05 2.24893e-05 1.85382e-05 1.52504e-05 1.25211e-05 1.02608e-05 8.39322e-06 6.8534e-06 5.5865e-06 4.54624e-06 3.69373e-06 2.99641e-06 2.42705e-06 1.96298e-06 1.58538e-06 1.27863e-06 1.02984e-06 8.28367e-07 6.65456e-07 5.33918e-07 4.27859e-07 3.42462e-07 2.73792e-07 2.18646e-07 1.74414e-07 1.38981e-07 1.10631e-07 8.79727e-08 6.98853e-08 5.54623e-08 4.39738e-08 3.48323e-08 2.7566e-08 2.17958e-08 1.72184e-08 1.35906e-08 1.07181e-08 8.4457e-09 6.64973e-09 5.23151e-09 4.11256e-09 3.23047e-09 2.53568e-09 1.98885e-09 1.55883e-09 1.22092e-09 9.55593e-10 7.47417e-10 5.84199e-10 4.56324e-10 3.56209e-10 2.77881e-10 2.16642e-10 1.68794e-10 1.31435e-10 1.02284e-10 7.95513e-11 6.18356e-11 4.80379e-11 3.72981e-11 2.89435e-11
0.000214134 0.000393185 0.000578604 0.00075728 0.000919197 0.00105743 0.00116789 0.00124886 0.0013006 0.00132479 0.00132412 0.0013019 0.00126174 0.00120728 0.00114203 0.0010692 0.000991686 0.00091195 0.000832062 0.000753692 0.000678139 0.000606367 0.000539047 0.000476602 0.000419247 0.000367029 0.000319864 0.000277572 0.000239899 0.000206546 0.000177182 0.000151467 0.000129056 0.000109615 9.28219e-05 7.83749e-05 6.59937e-05 5.54211e-05 4.64238e-05 3.8792e-05 3.23385e-05 2.68975e-05 2.2323e-05 1.84874e-05 1.52797e-05 1.26036e-05 1.03765e-05 8.52714e-06 6.9949e-06 5.72806e-06 4.6828e-06 3.82205e-06 3.11459e-06 2.53419e-06 2.05887e-06 1.67028e-06 1.35313e-06 1.09469e-06 8.84429e-07 7.13625e-07 5.75077e-07 4.62855e-07 3.72083e-07 2.98761e-07 2.39612e-07 1.91959e-07 1.53614e-07 1.22797e-07 9.80602e-08 7.82263e-08 6.23417e-08 4.96341e-08 3.94789e-08 3.13721e-08 2.49071e-08 1.97567e-08 1.56575e-08 1.23981e-08 9.80892e-09 7.75402e-09 6.12464e-09 4.83379e-09 3.81202e-09 3.00393e-09 2.36535e-09 1.86115e-09 1.46337e-09 1.14978e-09 9.02757e-10 7.08319e-10 5.55384e-10 4.3518e-10 3.4077e-10 2.6667e-10 2.08551e-10 1.62998e-10 1.27317e-10 9.93864e-11 7.75376e-11 6.04568e-11 4.71117e-11
0.000153815 0.00029471 0.00044699 0.000599682 0.000743727 0.000872233 0.000980483 0.00106575 0.00112703 0.00116469 0.00118017 0.00117564 0.00115372 0.00111728 0.0010692 0.00101229 0.000949123 0.000882025 0.000813012 0.000743784 0.000675727 0.000609936 0.000547237 0.000488219 0.000433265 0.000382586 0.000336252 0.000294222 0.000256366 0.000222493 0.000192366 0.00016572 0.000142276 0.000121748 0.000103857 8.83295e-05 7.4908e-05 6.3351e-05 5.34354e-05 4.49572e-05 3.77317e-05 3.15929e-05 2.63927e-05 2.20002e-05 1.82999e-05 1.51908e-05 1.2585e-05 1.04063e-05 8.58877e-06 7.07596e-06 5.81946e-06 4.77799e-06 3.91647e-06 3.20518e-06 2.619e-06 2.13681e-06 1.74084e-06 1.41622e-06 1.15054e-06 9.33437e-07 7.56301e-07 6.11993e-07 4.946e-07 3.99236e-07 3.21875e-07 2.59202e-07 2.08495e-07 1.67521e-07 1.34453e-07 1.07798e-07 8.63371e-08 6.90786e-08 5.5215e-08 4.40908e-08 3.51742e-08 2.80346e-08 2.23238e-08 1.77603e-08 1.41173e-08 1.12119e-08 8.89688e-09 7.05402e-09 5.58834e-09 4.42366e-09 3.49897e-09 2.76545e-09 2.18404e-09 1.7236e-09 1.35923e-09 1.07112e-09 8.43491e-10 6.63775e-10 5.21994e-10 4.10223e-10 3.22173e-10 2.52858e-10 1.9833e-10 1.55464e-10 1.21787e-10 9.53477e-11 7.46036e-11
0.000110487 0.000220515 0.000344317 0.000473088 0.000599027 0.000715737 0.000818393 0.000903735 0.000969948 0.00101646 0.00104372 0.00105294 0.0010459 0.00102472 0.000991686 0.000949123 0.000899278 0.000844246 0.000785916 0.000725939 0.00066572 0.000606418 0.000548957 0.000494043 0.00044219 0.000393743 0.000348903 0.000307753 0.000270278 0.000236389 0.00020594 0.000178745 0.000154591 0.000133248 0.000114479 9.8049e-05 8.37275e-05 7.1294e-05 6.05407e-05 5.12739e-05 4.33156e-05 3.65032e-05 3.06898e-05 2.57436e-05 2.15473e-05 1.79968e-05 1.50005e-05 1.24782e-05 1.03602e-05 8.58561e-06 7.10217e-06 5.86474e-06 4.83469e-06 3.97896e-06 3.26944e-06 2.68225e-06 2.19718e-06 1.79717e-06 1.46787e-06 1.19723e-06 9.7515e-07 7.9321e-07 6.44377e-07 5.22807e-07 4.23648e-07 3.42881e-07 2.77185e-07 2.23818e-07 1.80522e-07 1.45441e-07 1.17051e-07 9.41031e-08 7.55762e-08 6.06356e-08 4.86004e-08 3.89163e-08 3.11323e-08 2.4882e-08 1.98685e-08 1.58509e-08 1.26346e-08 1.00623e-08 8.00695e-09 6.36614e-09 5.05745e-09 4.01458e-09 3.18426e-09 2.52373e-09 1.9987e-09 1.58172e-09 1.25082e-09 9.88437e-10 7.80541e-10 6.15943e-10 4.85724e-10 3.82778e-10 3.01451e-10 2.37249e-10 1.86601e-10 1.46673e-10 1.15218e-10
7.93637e-05 0.000164735 0.000264526 0.000371926 0.00048048 0.000584532 0.000679487 0.000761918 0.00082955 0.000881175 0.000916505 0.000936008 0.000940732 0.000932138 0.00091195 0.000882025 0.000844246 0.000800439 0.00075231 0.000701409 0.000649096 0.000596539 0.000544709 0.000494386 0.000446177 0.000400528 0.000357747 0.000318023 0.000281442 0.00024801 0.000217665 0.000190299 0.000165762 0.000143884 0.000124476 0.00010734 9.22789e-05 7.90974e-05 6.76069e-05 5.76284e-05 4.89941e-05 4.15484e-05 3.51485e-05 2.96647e-05 2.49796e-05 2.09885e-05 1.75976e-05 1.47244e-05 1.22958e-05 1.0248e-05 8.52529e-06 7.07935e-06 5.86831e-06 4.85614e-06 4.01187e-06 3.30904e-06 2.72505e-06 2.2407e-06 1.83969e-06 1.50826e-06 1.23479e-06 1.00952e-06 8.24231e-07 6.7207e-07 5.47298e-07 4.45134e-07 3.61598e-07 2.93389e-07 2.37769e-07 1.92473e-07 1.55633e-07 1.25707e-07 1.01426e-07 8.17504e-08 6.58239e-08 5.29471e-08 4.25474e-08 3.41575e-08 2.73961e-08 2.19528e-08 1.75751e-08 1.40578e-08 1.12346e-08 8.97067e-09 7.15693e-09 5.70519e-09 4.54423e-09 3.61664e-09 2.87614e-09 2.28549e-09 1.81477e-09 1.43992e-09 1.14167e-09 9.04543e-10 7.16162e-10 5.66619e-10 4.47996e-10 3.53969e-10 2.79491e-10 2.2054e-10 1.73911e-10
5.70077e-05 0.000122883 0.000202729 0.000291466 0.000383925 0.000475297 0.000561418 0.000638943 0.000705406 0.000759213 0.000799565 0.000826357 0.00084005 0.000841547 0.000832062 0.000813012 0.000785916 0.00075231 0.000713691 0.00067146 0.000626892 0.000581118 0.000535111 0.000489686 0.000445507 0.000403092 0.000362831 0.000324996 0.000289761 0.000257212 0.000227368 0.00020019 0.000175593 0.000153463 0.000133658 0.000116025 0.000100399 8.66137e-05 7.4503e-05 6.39058e-05 5.46679e-05 4.66437e-05 3.96974e-05 3.37039e-05 2.85483e-05 2.41267e-05 2.03454e-05 1.71204e-05 1.43771e-05 1.20494e-05 1.00792e-05 8.4153e-06 7.01337e-06 5.83469e-06 4.84579e-06 4.01779e-06 3.32588e-06 2.74878e-06 2.26833e-06 1.86905e-06 1.53781e-06 1.26348e-06 1.03664e-06 8.4938e-07 6.95027e-07 5.6799e-07 4.63587e-07 3.77909e-07 3.07695e-07 2.50232e-07 2.03265e-07 1.64928e-07 1.33674e-07 1.08226e-07 8.75299e-08 7.07182e-08 5.70775e-08 4.60222e-08 3.7072e-08 2.98338e-08 2.39864e-08 1.92673e-08 1.54627e-08 1.23984e-08 9.9327e-09 7.95058e-09 6.35866e-09 5.08131e-09 4.05727e-09 3.23703e-09 2.58059e-09 2.0557e-09 1.63633e-09 1.30155e-09 1.03451e-09 8.21661e-10 6.52147e-10 5.17246e-10 4.09968e-10 3.24722e-10 2.5703e-10
4.09492e-05 9.15375e-05 0.000155019 0.00022774 0.000305695 0.000384921 0.000461786 0.00053319 0.000596667 0.000650433 0.000693362 0.000724937 0.000745166 0.000754492 0.000753692 0.000743784 0.000725939 0.000701409 0.00067146 0.000637323 0.000600157 0.000561019 0.000520852 0.00048047 0.000440561 0.000401688 0.000364298 0.000328727 0.000295218 0.000263928 0.000234941 0.000208285 0.000183933 0.000161825 0.000141869 0.00012395 0.000107941 9.37063e-05 8.11041e-05 6.99939e-05 6.02377e-05 5.17024e-05 4.4262e-05 3.77978e-05 3.22e-05 2.73674e-05 2.32077e-05 1.96374e-05 1.65813e-05 1.39722e-05 1.17503e-05 9.86267e-06 8.26285e-06 6.90997e-06 5.7684e-06 4.80717e-06 3.99943e-06 3.32201e-06 2.75496e-06 2.28119e-06 1.88605e-06 1.55707e-06 1.28364e-06 1.05675e-06 8.68782e-07 7.13298e-07 5.8488e-07 4.78973e-07 3.91757e-07 3.20033e-07 2.61131e-07 2.12822e-07 1.73253e-07 1.40884e-07 1.14438e-07 9.28571e-08 7.52671e-08 6.09467e-08 4.93013e-08 3.98418e-08 3.21662e-08 2.59447e-08 2.09071e-08 1.68322e-08 1.35394e-08 1.08812e-08 8.73732e-09 7.00988e-09 5.61928e-09 4.50085e-09 3.60212e-09 2.88057e-09 2.30176e-09 1.83785e-09 1.46633e-09 1.16905e-09 9.31357e-10 7.41461e-10 5.89867e-10 4.68941e-10 3.7255e-10
2.94142e-05 6.81009e-05 0.000118289 0.000177462 0.000242611 0.000310566 0.000378258 0.00044292 0.000502217 0.00055432 0.000597924 0.000632238 0.000656937 0.000672099 0.000678139 0.000675727 0.00066572 0.000649096 0.000626892 0.000600157 0.000569912 0.000537118 0.000502659 0.000467321 0.00043179 0.000396648 0.000362375 0.000329353 0.000297876 0.000268158 0.00024034 0.000214504 0.000190679 0.000168853 0.000148979 0.000130984 0.000114778 0.000100253 8.72952e-05 7.57868e-05 6.56075e-05 5.6639e-05 4.87667e-05 4.18809e-05 3.58784e-05 3.06627e-05 2.61445e-05 2.22422e-05 1.88813e-05 1.59946e-05 1.35215e-05 1.14083e-05 9.60679e-06 8.07469e-06 6.77462e-06 5.67384e-06 4.74377e-06 3.95953e-06 3.29956e-06 2.74524e-06 2.28052e-06 1.89161e-06 1.56672e-06 1.29577e-06 1.07018e-06 8.8265e-07 7.27013e-07 5.98037e-07 4.91315e-07 4.03134e-07 3.30376e-07 2.70426e-07 2.21096e-07 1.80558e-07 1.47287e-07 1.20015e-07 9.76872e-08 7.94297e-08 6.45177e-08 5.23522e-08 4.24384e-08 3.43683e-08 2.78063e-08 2.2476e-08 1.81507e-08 1.46445e-08 1.18051e-08 9.50795e-09 7.6512e-09 6.15186e-09 4.94222e-09 3.96721e-09 3.18199e-09 2.55018e-09 2.04223e-09 1.63421e-09 1.30673e-09 1.0441e-09 8.33653e-10 6.65144e-10 5.30323e-10
2.11285e-05 5.06046e-05 9.00858e-05 0.000137933 0.000191962 0.000249706 0.000308643 0.00036638 0.000420793 0.000470109 0.000512959 0.00054839 0.000575844 0.000595129 0.000606367 0.000609936 0.000606418 0.000596539 0.000581118 0.000561019 0.000537118 0.000510265 0.000481263 0.00045085 0.000419689 0.000388358 0.00035735 0.000327075 0.000297863 0.000269968 0.000243578 0.000218822 0.000195774 0.000174467 0.000154896 0.000137027 0.000120802 0.000106147 9.29742e-05 8.11878e-05 7.06876e-05 6.13714e-05 5.31378e-05 4.58878e-05 3.95263e-05 3.3963e-05 2.91135e-05 2.48991e-05 2.12473e-05 1.80919e-05 1.53729e-05 1.3036e-05 1.10326e-05 9.31911e-06 7.85711e-06 6.61248e-06 5.5552e-06 4.65896e-06 3.90079e-06 3.26068e-06 2.72129e-06 2.26761e-06 1.88672e-06 1.56749e-06 1.3004e-06 1.07731e-06 8.91268e-07 7.36364e-07 6.07585e-07 5.00685e-07 4.12076e-07 3.38733e-07 2.78109e-07 2.28067e-07 1.86814e-07 1.5285e-07 1.24923e-07 1.01988e-07 8.3175e-08 6.77617e-08 5.51483e-08 4.48379e-08 3.64192e-08 2.95526e-08 2.3958e-08 1.94044e-08 1.57019e-08 1.26945e-08 1.0254e-08 8.27555e-09 6.67312e-09 5.37648e-09 4.32821e-09 3.48151e-09 2.79821e-09 2.24726e-09 1.80339e-09 1.4461e-09 1.15873e-09 9.27778e-10 7.42323e-10
1.51768e-05 3.75616e-05 6.84824e-05 0.000106956 0.000151457 0.000200123 0.000250933 0.000301874 0.000351071 0.00039688 0.000437948 0.000473245 0.000502072 0.00052404 0.000539047 0.000547237 0.000548957 0.000544709 0.000535111 0.000520852 0.000502659 0.000481263 0.000457377 0.000431674 0.000404776 0.00037724 0.000349557 0.000322146 0.000295357 0.000269474 0.000244719 0.000221257 0.000199203 0.000178626 0.000159559 0.000142003 0.000125933 0.000111304 9.80543e-05 8.61121e-05 7.53968e-05 6.58236e-05 5.73053e-05 4.97549e-05 4.30867e-05 3.72183e-05 3.20708e-05 2.75702e-05 2.3647e-05 2.02372e-05 1.72819e-05 1.47274e-05 1.25251e-05 1.06312e-05 9.00648e-06 7.61586e-06 6.42832e-06 5.41641e-06 4.55597e-06 3.82582e-06 3.20746e-06 2.68477e-06 2.24379e-06 1.8724e-06 1.56018e-06 1.29815e-06 1.07861e-06 8.94967e-07 7.41591e-07 6.13692e-07 5.07198e-07 4.18656e-07 3.45146e-07 2.84199e-07 2.33739e-07 1.92015e-07 1.5756e-07 1.29145e-07 1.05738e-07 8.64814e-08 7.06575e-08 5.76696e-08 4.70216e-08 3.83017e-08 3.11684e-08 2.53395e-08 2.05813e-08 1.67012e-08 1.35403e-08 1.09679e-08 8.87645e-09 7.17762e-09 5.79903e-09 4.68132e-09 3.77595e-09 3.04323e-09 2.45075e-09 1.97208e-09 1.58569e-09 1.27404e-09 1.02288e-09
1.09017e-05 2.78513e-05 5.19711e-05 8.27516e-05 0.000119183 0.0001599 0.000203326 0.000247809 0.000291738 0.000333634 0.00037222 0.000406457 0.000435568 0.000459038 0.000476602 0.000488219 0.000494043 0.000494386 0.000489686 0.00048047 0.000467321 0.00045085 0.000431674 0.000410392 0.000387571 0.000363736 0.000339357 0.000314852 0.000290578 0.000266836 0.000243871 0.000221874 0.000200992 0.000181326 0.00016294 0.000145868 0.000130113 0.000115657 0.000102465 9.0488e-05 7.96644e-05 6.99274e-05 6.12049e-05 5.34224e-05 4.65051e-05 4.03792e-05 3.49727e-05 3.0217e-05 2.6047e-05 2.24015e-05 1.92239e-05 1.64618e-05 1.40674e-05 1.19971e-05 1.02114e-05 8.67501e-06 7.35613e-06 6.22652e-06 5.26112e-06 4.43781e-06 3.73709e-06 3.1419e-06 2.63732e-06 2.21034e-06 1.8497e-06 1.54561e-06 1.28965e-06 1.07457e-06 8.94118e-07 7.42971e-07 6.1656e-07 5.10998e-07 4.22975e-07 3.49681e-07 2.88738e-07 2.38134e-07 1.9617e-07 1.61417e-07 1.32673e-07 1.08928e-07 8.93361e-08 7.31911e-08 5.99019e-08 4.89758e-08 4.00027e-08 3.26416e-08 2.66095e-08 2.16716e-08 1.76337e-08 1.4335e-08 1.1643e-08 9.44815e-09 7.66043e-09 6.20568e-09 5.02298e-09 4.06233e-09 3.28274e-09 2.65064e-09 2.13857e-09 1.72409e-09 1.38889e-09
7.83077e-06 2.06311e-05 3.93779e-05 6.38921e-05 9.35538e-05 0.000127399 0.000164231 0.000202724 0.000241528 0.000279349 0.000315019 0.000347538 0.000376106 0.000400134 0.000419247 0.000433265 0.00044219 0.000446177 0.000445507 0.000440561 0.00043179 0.000419689 0.000404776 0.000387571 0.000368581 0.000348284 0.000327125 0.000305504 0.000283776 0.000262247 0.000241174 0.00022077 0.000201201 0.000182595 0.000165043 0.000148603 0.000133307 0.000119162 0.000106155 9.42585e-05 8.34315e-05 7.36239e-05 6.47791e-05 5.68359e-05 4.97306e-05 4.33988e-05 3.77765e-05 3.28014e-05 2.84134e-05 2.45553e-05 2.11734e-05 1.82174e-05 1.56409e-05 1.34011e-05 1.14591e-05 9.7794e-06 8.33013e-06 7.08256e-06 6.01102e-06 5.09266e-06 4.30726e-06 3.63692e-06 3.06593e-06 2.58048e-06 2.16855e-06 1.81962e-06 1.52458e-06 1.27554e-06 1.06567e-06 8.89112e-07 7.40802e-07 6.16417e-07 5.12254e-07 4.25154e-07 3.52427e-07 2.91786e-07 2.41292e-07 1.99304e-07 1.64434e-07 1.35512e-07 1.11555e-07 9.17342e-08 7.53552e-08 6.18363e-08 5.06909e-08 4.15128e-08 3.3963e-08 2.77594e-08 2.26673e-08 1.84921e-08 1.50721e-08 1.22735e-08 9.98567e-09 8.11722e-09 6.59272e-09 5.35002e-09 4.33795e-09 3.51446e-09 2.84501e-09 2.30125e-09 1.85997e-09
5.62492e-06 1.52687e-05 2.97914e-05 4.92345e-05 7.32644e-05 0.000101234 0.000132258 0.000165302 0.000199258 0.00023302 0.000265549 0.000295914 0.000323332 0.000347186 0.000367029 0.000382586 0.000393743 0.000400528 0.000403092 0.000401688 0.000396648 0.000388358 0.00037724 0.000363736 0.000348284 0.000331316 0.000313236 0.000294423 0.000275218 0.000255922 0.000236799 0.00021807 0.000199918 0.000182489 0.000165895 0.000150216 0.000135506 0.000121794 0.000109089 9.7382e-05 8.66518e-05 7.68647e-05 6.79792e-05 5.99472e-05 5.27169e-05 4.62337e-05 4.04421e-05 3.52867e-05 3.07132e-05 2.66691e-05 2.31043e-05 1.99714e-05 1.72258e-05 1.48265e-05 1.27352e-05 1.09172e-05 9.34057e-06 7.97658e-06 6.79926e-06 5.78535e-06 4.91405e-06 4.16687e-06 3.52745e-06 2.98131e-06 2.51574e-06 2.11961e-06 1.78315e-06 1.49789e-06 1.25645e-06 1.05245e-06 8.8035e-07 7.35399e-07 6.13504e-07 5.11151e-07 4.25335e-07 3.53487e-07 2.93418e-07 2.43267e-07 2.01452e-07 1.66633e-07 1.37677e-07 1.13628e-07 9.36777e-08 7.71482e-08 6.34691e-08 5.21619e-08 4.2826e-08 3.51263e-08 2.87829e-08 2.35625e-08 1.92708e-08 1.57463e-08 1.28548e-08 1.04848e-08 8.54428e-09 6.95689e-09 5.6596e-09 4.60037e-09 3.73631e-09 3.03208e-09 2.45862e-09
4.04044e-06 1.12903e-05 2.2507e-05 3.78698e-05 5.72491e-05 8.02396e-05 0.000106212 0.000134376 0.000163843 0.000193688 0.000223008 0.000250962 0.000276811 0.000299938 0.000319864 0.000336252 0.000348903 0.000357747 0.000362831 0.000364298 0.000362375 0.00035735 0.000349557 0.000339357 0.000327125 0.000313236 0.000298055 0.000281928 0.000265177 0.000248092 0.000230932 0.000213923 0.000197256 0.00018109 0.00016555 0.000150736 0.000136719 0.000123548 0.000111248 9.98317e-05 8.92921e-05 7.96123e-05 7.07651e-05 6.27157e-05 5.54237e-05 4.88448e-05 4.29322e-05 3.7638e-05 3.29144e-05 2.87139e-05 2.49907e-05 2.17007e-05 1.88022e-05 1.62558e-05 1.40249e-05 1.20756e-05 1.03766e-05 8.89958e-06 7.61846e-06 6.50985e-06 5.55265e-06 4.72798e-06 4.01896e-06 3.41063e-06 2.8897e-06 2.44448e-06 2.06466e-06 1.74124e-06 1.46632e-06 1.23303e-06 1.03539e-06 8.68235e-07 7.27083e-07 6.08074e-07 5.07886e-07 4.23668e-07 3.52976e-07 2.93721e-07 2.44122e-07 2.02661e-07 1.68048e-07 1.3919e-07 1.15159e-07 9.51745e-08 7.8574e-08 6.4801e-08 5.33874e-08 4.39396e-08 3.61278e-08 2.96759e-08 2.43528e-08 1.99657e-08 1.63538e-08 1.3383e-08 1.09421e-08 8.93851e-09 7.29544e-09 5.9493e-09 4.84747e-09 3.94643e-09 3.21025e-09
2.90229e-06 8.34164e-06 1.6981e-05 2.90779e-05 4.46419e-05 6.34483e-05 8.50698e-05 0.00010892 0.000134301 0.000160457 0.000186618 0.000212044 0.000236054 0.000258059 0.000277572 0.000294222 0.000307753 0.000318023 0.000324996 0.000328727 0.000329353 0.000327075 0.000322146 0.000314852 0.000305504 0.000294423 0.000281928 0.000268331 0.000253928 0.000238992 0.000223772 0.000208492 0.000193345 0.000178495 0.000164081 0.000150213 0.000136976 0.000124435 0.000112633 0.000101595 9.13322e-05 8.18405e-05 7.31067e-05 6.51087e-05 5.78173e-05 5.11983e-05 4.52139e-05 3.98241e-05 3.49874e-05 3.06622e-05 2.68074e-05 2.33828e-05 2.03496e-05 1.76711e-05 1.53124e-05 1.3241e-05 1.14268e-05 9.84173e-06 8.46035e-06 7.2593e-06 6.21744e-06 5.31568e-06 4.53685e-06 3.86559e-06 3.28823e-06 2.7926e-06 2.36795e-06 2.00479e-06 1.69477e-06 1.43059e-06 1.20585e-06 1.01499e-06 8.53166e-07 7.16172e-07 6.00382e-07 5.02661e-07 4.20312e-07 3.51017e-07 2.9279e-07 2.43929e-07 2.02984e-07 1.68717e-07 1.40077e-07 1.1617e-07 9.6238e-08 7.96407e-08 6.58367e-08 5.43691e-08 4.48535e-08 3.69665e-08 3.04365e-08 2.50358e-08 2.0574e-08 1.68916e-08 1.38556e-08 1.1355e-08 9.29746e-09 7.60611e-09 6.21709e-09 5.07744e-09 4.14324e-09
2.08474e-06 6.15834e-06 1.27956e-05 2.22904e-05 3.47426e-05 5.00581e-05 6.79654e-05 8.8044e-05 0.00010976 0.000132508 0.000155643 0.000178527 0.000200552 0.000221167 0.000239899 0.000256366 0.000270278 0.000281442 0.000289761 0.000295218 0.000297876 0.000297863 0.000295357 0.000290578 0.000283776 0.000275218 0.000265177 0.000253928 0.000241737 0.000228857 0.000215523 0.000201949 0.000188326 0.000174821 0.000161576 0.000148711 0.000136322 0.000124485 0.000113257 0.000102675 9.27643e-05 8.3534e-05 7.49834e-05 6.71017e-05 5.98708e-05 5.32661e-05 4.72589e-05 4.18168e-05 3.69053e-05 3.24887e-05 2.85309e-05 2.49958e-05 2.18484e-05 1.90546e-05 1.65819e-05 1.43996e-05 1.24788e-05 1.07926e-05 9.31602e-06 8.02618e-06 6.90211e-06 5.92475e-06 5.07682e-06 4.34276e-06 3.7086e-06 3.16184e-06 2.69138e-06 2.28733e-06 1.94095e-06 1.64457e-06 1.3914e-06 1.17551e-06 9.91728e-07 8.35527e-07 7.02981e-07 5.9068e-07 4.95678e-07 4.15429e-07 3.47738e-07 2.90723e-07 2.42765e-07 2.0248e-07 1.68686e-07 1.40374e-07 1.16683e-07 9.68853e-08 8.03604e-08 6.65839e-08 5.51121e-08 4.55705e-08 3.76432e-08 3.10644e-08 2.56105e-08 2.10942e-08 1.7358e-08 1.42705e-08 1.17215e-08 9.61927e-09 7.88714e-09 6.46134e-09 5.28878e-09
1.49749e-06 4.54317e-06 9.6303e-06 1.70607e-05 2.69881e-05 3.94096e-05 5.41711e-05 7.09846e-05 8.94527e-05 0.000109098 0.000129397 0.000149805 0.000169789 0.000188851 0.000206546 0.000222493 0.000236389 0.00024801 0.000257212 0.000263928 0.000268158 0.000269968 0.000269474 0.000266836 0.000262247 0.000255922 0.000248092 0.000238992 0.000228857 0.000217916 0.000206387 0.00019447 0.000182349 0.00017019 0.000158135 0.000146309 0.000134816 0.000123739 0.000113146 0.000103085 9.35923e-05 8.46885e-05 7.6384e-05 6.86787e-05 6.15645e-05 5.50264e-05 4.90439e-05 4.35925e-05 3.86446e-05 3.41704e-05 3.01392e-05 2.65193e-05 2.32796e-05 2.0389e-05 1.78179e-05 1.55375e-05 1.35205e-05 1.17414e-05 1.01761e-05 8.8024e-06 7.59979e-06 6.5494e-06 5.63405e-06 4.83814e-06 4.14755e-06 3.54959e-06 3.03288e-06 2.58725e-06 2.20366e-06 1.87407e-06 1.59139e-06 1.34938e-06 1.14253e-06 9.6604e-07 8.15689e-07 6.87812e-07 5.79218e-07 4.87139e-07 4.09179e-07 3.43269e-07 2.87624e-07 2.40711e-07 2.01214e-07 1.68004e-07 1.40116e-07 1.16728e-07 9.71374e-08 8.07481e-08 6.70534e-08 5.56236e-08 4.60952e-08 3.81607e-08 3.1561e-08 2.60773e-08 2.1526e-08 1.77523e-08 1.46267e-08 1.20404e-08 9.90264e-09 8.13725e-09 6.68079e-09
1.07566e-06 3.34929e-06 7.23981e-06 1.30387e-05 2.09274e-05 3.09635e-05 4.30792e-05 5.70895e-05 7.27081e-05 8.95692e-05 0.000107251 0.000125302 0.000143265 0.000160695 0.000177182 0.000192366 0.00020594 0.000217665 0.000227368 0.000234941 0.00024034 0.000243578 0.000244719 0.000243871 0.000241174 0.000236799 0.000230932 0.000223772 0.000215523 0.000206387 0.00019656 0.000186228 0.000175566 0.000164732 0.000153867 0.000143097 0.000132528 0.000122251 0.000112339 0.000102851 9.38307e-05 8.53094e-05 7.73065e-05 6.98319e-05 6.28863e-05 5.64634e-05 5.05511e-05 4.5132e-05 4.01854e-05 3.56876e-05 3.16129e-05 2.79347e-05 2.46256e-05 2.16581e-05 1.90053e-05 1.66408e-05 1.45395e-05 1.26771e-05 1.10309e-05 9.57956e-06 8.30318e-06 7.18338e-06 6.20324e-06 5.34727e-06 4.60138e-06 3.9528e-06 3.38999e-06 2.90259e-06 2.48131e-06 2.11788e-06 1.80494e-06 1.53594e-06 1.30513e-06 1.10742e-06 9.38348e-07 7.94e-07 6.70956e-07 5.66233e-07 4.77239e-07 4.01723e-07 3.37737e-07 2.83597e-07 2.3785e-07 1.99249e-07 1.66721e-07 1.39344e-07 1.16334e-07 9.70176e-08 8.08215e-08 6.72583e-08 5.59131e-08 4.64342e-08 3.85237e-08 3.19292e-08 2.64379e-08 2.18701e-08 1.80746e-08 1.49239e-08 1.23112e-08 1.01469e-08 8.3556e-09
7.72658e-07 2.46752e-06 5.43684e-06 9.95088e-06 1.62004e-05 2.42807e-05 3.4185e-05 4.58066e-05 5.89482e-05 7.33365e-05 8.86402e-05 0.00010449 0.000120499 0.000136281 0.000151467 0.00016572 0.000178745 0.000190299 0.00020019 0.000208285 0.000214504 0.000218822 0.000221257 0.000221874 0.00022077 0.00021807 0.000213923 0.000208492 0.000201949 0.00019447 0.000186228 0.000177394 0.000168128 0.000158579 0.000148885 0.000139167 0.000129535 0.000120081 0.000110884 0.000102007 9.35035e-05 8.54109e-05 7.77574e-05 7.05609e-05 6.38305e-05 5.75678e-05 5.17679e-05 4.64207e-05 4.15118e-05 3.70235e-05 3.29354e-05 2.92254e-05 2.58704e-05 2.28466e-05 2.01299e-05 1.76967e-05 1.55238e-05 1.3589e-05 1.18708e-05 1.03491e-05 9.00477e-06 7.82015e-06 6.77874e-06 5.86533e-06 5.06601e-06 4.36804e-06 3.75986e-06 3.231e-06 2.77204e-06 2.37452e-06 2.03085e-06 1.73429e-06 1.47884e-06 1.25919e-06 1.07063e-06 9.09043e-07 7.70788e-07 6.52686e-07 5.51953e-07 4.66167e-07 3.93216e-07 3.3127e-07 2.78743e-07 2.34265e-07 1.96653e-07 1.6489e-07 1.38101e-07 1.15535e-07 9.65513e-08 8.06001e-08 6.72132e-08 5.59915e-08 4.65957e-08 3.87377e-08 3.21731e-08 2.6695e-08 2.21285e-08 1.83258e-08 1.51626e-08 1.25339e-08 1.03516e-08
5.55008e-07 1.81676e-06 4.07869e-06 7.58416e-06 1.25211e-05 1.90053e-05 2.70717e-05 3.66714e-05 4.7677e-05 5.98907e-05 7.3058e-05 8.68829e-05 0.000101044 0.00011521 0.000129056 0.000142276 0.000154591 0.000165762 0.000175593 0.000183933 0.000190679 0.000195774 0.000199203 0.000200992 0.000201201 0.000199918 0.000197256 0.000193345 0.000188326 0.000182349 0.000175566 0.000168128 0.00016018 0.000151862 0.000143303 0.00013462 0.000125921 0.000117299 0.000108835 0.000100597 9.26425e-05 8.50155e-05 7.77507e-05 7.0873e-05 6.43986e-05 5.83361e-05 5.26873e-05 4.74488e-05 4.26121e-05 3.81651e-05 3.40926e-05 3.03773e-05 2.70001e-05 2.39408e-05 2.11786e-05 1.86927e-05 1.64621e-05 1.44665e-05 1.26863e-05 1.11024e-05 9.69693e-06 8.45297e-06 7.35465e-06 6.38722e-06 5.53704e-06 4.79157e-06 4.13933e-06 3.56986e-06 3.07366e-06 2.64218e-06 2.2677e-06 1.94329e-06 1.66278e-06 1.42066e-06 1.21204e-06 1.03259e-06 8.78481e-07 7.46357e-07 6.33258e-07 5.36594e-07 4.54101e-07 3.83805e-07 3.2399e-07 2.73164e-07 2.30037e-07 1.93492e-07 1.62565e-07 1.36427e-07 1.14365e-07 9.57654e-08 8.01047e-08 6.69343e-08 5.58712e-08 4.65891e-08 3.881e-08 3.22978e-08 2.68522e-08 2.23034e-08 1.85077e-08 1.53437e-08 1.2709e-08
