0.396646 0.120035 0.0400348 0.0143724 0.00308463 0.000510681 7.3138e-05 9.58559e-06 1.18571e-06 1.40978e-07 1.62962e-08 1.84507e-09 2.05638e-10 2.26394e-11 2.46819e-12 2.66955e-13 2.86836e-14 3.06494e-15 3.25955e-16 3.45243e-17 3.64376e-18 3.83371e-19 4.02242e-20 4.21001e-21 4.39659e-22 4.58225e-23 4.76706e-24 4.95111e-25 5.13441e-26 5.3134e-27 5.49537e-28
0.120035 0.0425632 0.0170834 0.00242011 0.000277514 2.932e-05 2.98572e-06 2.98835e-07 2.96709e-08 2.93574e-09 2.90111e-10 2.86646e-11 2.83327e-12 2.80215e-13 2.77325e-14 2.74653e-15 2.72186e-16 2.69908e-17 2.67801e-18 2.65848e-19 2.64035e-20 2.62349e-21 2.60775e-22 2.59305e-23 2.57928e-24 2.56636e-25 2.55421e-26 2.54275e-27 2.53068e-28 2.41525e-29 2.4064e-30
0.0400348 0.0170834 0.00197414 0.000213626 2.19898e-05 2.2017e-06 2.1749e-07 2.13634e-08 2.09511e-09 2.05534e-10 2.01865e-11 1.98547e-12 1.95569e-13 1.92899e-14 1.90503e-15 1.88344e-16 1.86393e-17 1.84621e-18 1.83005e-19 1.81527e-20 1.80169e-21 1.78917e-22 1.77759e-23 1.76684e-24 1.75684e-25 1.74751e-26 1.73878e-27 1.73008e-28 1.68068e-29 1.66964e-30 1.66344e-31
0.0143724 0.00242011 0.000213626 2.00013e-05 1.90354e-06 1.82159e-07 1.74986e-08 1.68759e-09 1.63408e-10 1.58831e-11 1.5491e-12 1.51535e-13 1.48612e-14 1.4606e-15 1.43817e-16 1.41829e-17 1.40057e-18 1.38466e-19 1.3703e-20 1.35726e-21 1.34538e-22 1.3345e-23 1.32449e-24 1.31525e-25 1.3067e-26 1.29876e-27 1.29115e-28 1.26746e-29 1.25887e-30 1.2502e-31 1.24498e-32
0.00308463 0.000277514 2.19898e-05 1.90354e-06 1.72194e-07 1.59497e-08 1.49942e-09 1.42458e-10 1.3645e-11 1.31541e-12 1.27467e-13 1.24041e-14 1.21123e-15 1.1861e-16 1.16422e-17 1.14501e-18 1.12799e-19 1.11281e-20 1.09918e-21 1.08687e-22 1.07568e-23 1.06548e-24 1.05613e-25 1.04753e-26 1.03958e-27 1.03214e-28 1.01849e-29 1.01094e-30 1.00356e-31 9.96074e-33 9.91228e-34
0.000510681 2.932e-05 2.2017e-06 1.82159e-07 1.59497e-08 1.44442e-09 1.3366e-10 1.2554e-11 1.19209e-12 1.14141e-13 1.09999e-14 1.06552e-15 1.0364e-16 1.01147e-17 9.89884e-19 9.71001e-20 9.54336e-21 9.39513e-22 9.26238e-23 9.14273e-24 9.03432e-25 8.93558e-26 8.84525e-27 8.76228e-28 8.6854e-29 8.5867e-30 8.51487e-31 8.44584e-32 8.37841e-33 8.31012e-34 8.26313e-35
7.3138e-05 2.98572e-06 2.1749e-07 1.74986e-08 1.49942e-09 1.3366e-10 1.22256e-11 1.13829e-12 1.07351e-13 1.02219e-14 9.80546e-16 9.4608e-17 9.17078e-18 8.92326e-19 8.70944e-20 8.52278e-21 8.35832e-22 8.21226e-23 8.08161e-24 7.96402e-25 7.85758e-26 7.76074e-27 7.67224e-28 7.59085e-29 7.50441e-30 7.43216e-31 7.36391e-32 7.29851e-33 7.23482e-34 7.1706e-35 7.1243e-36
9.58559e-06 2.98835e-07 2.13634e-08 1.68759e-09 1.42458e-10 1.2554e-11 1.13829e-12 1.05261e-13 9.87234e-15 9.35728e-16 8.94096e-17 8.59735e-18 8.3088e-19 8.06292e-20 7.85078e-21 7.66577e-22 7.50293e-23 7.35842e-24 7.22926e-25 7.11308e-26 7.00799e-27 6.91244e-28 6.8251e-29 6.74014e-30 6.66492e-31 6.59477e-32 6.52867e-33 6.46555e-34 6.4043e-35 6.34285e-36 6.29696e-37
1.18571e-06 2.96709e-08 2.09511e-09 1.63408e-10 1.3645e-11 1.19209e-12 1.07351e-13 9.87234e-15 9.21693e-16 8.70213e-17 8.28689e-18 7.9447e-19 7.65766e-20 7.41328e-21 7.20257e-22 7.01893e-23 6.85738e-24 6.71409e-25 6.58608e-26 6.471e-27 6.36695e-28 6.27235e-29 6.18389e-30 6.10399e-31 6.03013e-32 5.96135e-33 5.8967e-34 5.83515e-35 5.77563e-36 5.71623e-37 5.67066e-38
1.40978e-07 2.93574e-09 2.05534e-10 1.58831e-11 1.31541e-12 1.14141e-13 1.02219e-14 9.35728e-16 8.70213e-17 8.18844e-18 7.77462e-19 7.4339e-20 7.14828e-21 6.90523e-22 6.69577e-23 6.5133e-24 6.35283e-25 6.21056e-26 6.0835e-27 5.96932e-28 5.8661e-29 5.77139e-30 5.68546e-31 5.60654e-32 5.53364e-33 5.46586e-34 5.40227e-35 5.34188e-36 5.28368e-37 5.22588e-38 5.18059e-39
1.62962e-08 2.90111e-10 2.01865e-11 1.5491e-12 1.27467e-13 1.09999e-14 9.80546e-16 8.94096e-17 8.28689e-18 7.77462e-19 7.36226e-20 7.02293e-21 6.7386e-22 6.49674e-23 6.28838e-24 6.10691e-25 5.94738e-26 5.80598e-27 5.67975e-28 5.56633e-29 5.46341e-30 5.37016e-31 5.285e-32 5.20683e-33 5.13469e-34 5.06768e-35 5.00491e-36 4.94545e-37 4.88831e-38 4.8318e-39 4.78677e-40
1.84507e-09 2.86646e-11 1.98547e-12 1.51535e-13 1.24041e-14 1.06552e-15 9.4608e-17 8.59735e-18 7.9447e-19 7.4339e-20 7.02293e-21 6.68488e-22 6.4017e-23 6.1609e-24 5.9535e-25 5.77293e-26 5.61422e-27 5.47359e-28 5.34808e-29 5.23513e-30 5.1332e-31 5.04061e-32 4.95608e-33 4.87853e-34 4.807e-35 4.74063e-36 4.67855e-37 4.61984e-38 4.56357e-39 4.50814e-40 4.46336e-41
2.05638e-10 2.83327e-12 1.95569e-13 1.48612e-14 1.21123e-15 1.0364e-16 9.17078e-18 8.3088e-19 7.65766e-20 7.14828e-21 6.7386e-22 6.4017e-23 6.11958e-24 5.87972e-25 5.67319e-26 5.49341e-27 5.33545e-28 5.1955e-29 5.07052e-30 4.95834e-31 4.85701e-32 4.76498e-33 4.681e-34 4.60398e-35 4.53298e-36 4.46715e-37 4.40564e-38 4.34758e-39 4.29205e-40 4.23754e-41 4.19299e-42
2.26394e-11 2.80215e-13 1.92899e-14 1.4606e-15 1.1861e-16 1.01147e-17 8.92326e-19 8.06292e-20 7.41328e-21 6.90523e-22 6.49674e-23 6.1609e-24 5.87972e-25 5.64073e-26 5.43498e-27 5.25592e-28 5.09862e-29 4.95923e-30 4.83492e-31 4.7233e-32 4.62249e-33 4.53097e-34 4.44747e-35 4.37091e-36 4.30038e-37 4.23502e-38 4.17401e-39 4.1165e-40 4.06161e-41 4.00789e-42 3.96356e-43
2.46819e-12 2.77325e-14 1.90503e-15 1.43817e-16 1.16422e-17 9.89884e-19 8.70944e-20 7.85078e-21 7.20257e-22 6.69577e-23 6.28838e-24 5.9535e-25 5.67319e-26 5.43498e-27 5.22995e-28 5.05154e-29 4.89481e-30 4.75604e-31 4.63226e-32 4.52115e-33 4.42082e-34 4.32975e-35 4.24667e-36 4.17054e-37 4.10042e-38 4.03547e-39 3.9749e-40 3.91788e-41 3.86354e-42 3.81052e-43 3.76639e-44
2.66955e-13 2.74653e-15 1.88344e-16 1.41829e-17 1.14501e-18 9.71001e-20 8.52278e-21 7.66577e-22 7.01893e-23 6.5133e-24 6.10691e-25 5.77293e-26 5.49341e-27 5.25592e-28 5.05154e-29 4.87371e-30 4.71757e-31 4.57933e-32 4.45605e-33 4.34539e-34 4.24549e-35 4.15483e-36 4.07215e-37 3.99639e-38 3.92664e-39 3.86207e-40 3.80189e-41 3.7453e-42 3.69145e-43 3.63904e-44 3.5951e-45
2.86836e-14 2.72186e-16 1.86393e-17 1.40057e-18 1.12799e-19 9.54336e-21 8.35832e-22 7.50293e-23 6.85738e-24 6.35283e-25 5.94738e-26 5.61422e-27 5.33545e-28 5.09862e-29 4.89481e-30 4.71757e-31 4.56196e-32 4.4242e-33 4.30137e-34 4.19113e-35 4.09163e-36 4.00134e-37 3.91902e-38 3.84361e-39 3.77419e-40 3.70996e-41 3.65014e-42 3.59393e-43 3.54052e-44 3.48865e-45 3.44489e-46
3.06494e-15 2.69908e-17 1.84621e-18 1.38466e-19 1.11281e-20 9.39513e-22 8.21226e-23 7.35842e-24 6.71409e-25 6.21056e-26 5.80598e-27 5.47359e-28 5.1955e-29 4.95923e-30 4.75604e-31 4.57933e-32 4.4242e-33 4.28689e-34 4.16447e-35 4.05463e-36 3.95549e-37 3.86556e-38 3.78356e-39 3.70846e-40 3.63936e-41 3.57543e-42 3.51593e-43 3.46007e-44 3.40706e-45 3.35567e-46 3.31208e-47
3.25955e-16 2.67801e-18 1.83005e-19 1.3703e-20 1.09918e-21 9.26238e-23 8.08161e-24 7.22926e-25 6.58608e-26 6.0835e-27 5.67975e-28 5.34808e-29 5.07052e-30 4.83492e-31 4.63226e-32 4.45605e-33 4.30137e-34 4.16447e-35 4.04245e-36 3.93296e-37 3.83417e-38 3.74455e-39 3.66286e-40 3.58805e-41 3.51923e-42 3.45559e-43 3.39638e-44 3.34083e-45 3.28818e-46 3.23724e-47 3.1938e-48
3.45243e-17 2.65848e-19 1.81527e-20 1.35726e-21 1.08687e-22 9.14273e-24 7.96402e-25 7.11308e-26 6.471e-27 5.96932e-28 5.56633e-29 5.23513e-30 4.95834e-31 4.7233e-32 4.52115e-33 4.34539e-34 4.19113e-35 4.05463e-36 3.93296e-37 3.82382e-38 3.72534e-39 3.63602e-40 3.55462e-41 3.48008e-42 3.41152e-43 3.34814e-44 3.28919e-45 3.23394e-46 3.18161e-47 3.13106e-48 3.08777e-49
3.64376e-18 2.64035e-20 1.80169e-21 1.34538e-22 1.07568e-23 9.03432e-25 7.85758e-26 7.00799e-27 6.36695e-28 5.8661e-29 5.46341e-30 5.1332e-31 4.85701e-32 4.62249e-33 4.42082e-34 4.24549e-35 4.09163e-36 3.95549e-37 3.83417e-38 3.72534e-39 3.62716e-40 3.53812e-41 3.45698e-42 3.3827e-43 3.31438e-44 3.25124e-45 3.19254e-46 3.13755e-47 3.08552e-48 3.03534e-49 2.99218e-50
3.83371e-19 2.62349e-21 1.78917e-22 1.3345e-23 1.06548e-24 8.93558e-26 7.76074e-27 6.91244e-28 6.27235e-29 5.77139e-30 5.37016e-31 5.04061e-32 4.76498e-33 4.53097e-34 4.32975e-35 4.15483e-36 4.00134e-37 3.86556e-38 3.74455e-39 3.63602e-40 3.53812e-41 3.44934e-42 3.36845e-43 3.2944e-44 3.22631e-45 3.1634e-46 3.10493e-47 3.05018e-48 2.99842e-49 2.94858e-50 2.90555e-51
4.02242e-20 2.60775e-22 1.77759e-23 1.32449e-24 1.05613e-25 8.84525e-27 7.67224e-28 6.8251e-29 6.18389e-30 5.68546e-31 5.285e-32 4.95608e-33 4.681e-34 4.44747e-35 4.24667e-36 4.07215e-37 3.91902e-38 3.78356e-39 3.66286e-40 3.55462e-41 3.45698e-42 3.36845e-43 3.28779e-44 3.21396e-45 3.14609e-46 3.08338e-47 3.02513e-48 2.9706e-49 2.9191e-50 2.86956e-51 2.82666e-52
4.21001e-21 2.59305e-23 1.76684e-24 1.31525e-25 1.04753e-26 8.76228e-28 7.59085e-29 6.74014e-30 6.10399e-31 5.60654e-32 5.20683e-33 4.87853e-34 4.60398e-35 4.37091e-36 4.17054e-37 3.99639e-38 3.84361e-39 3.70846e-40 3.58805e-41 3.48008e-42 3.3827e-43 3.2944e-44 3.21396e-45 3.14035e-46 3.07267e-47 3.01017e-48 2.95211e-49 2.8978e-50 2.84653e-51 2.79728e-52 2.75449e-53
4.39659e-22 2.57928e-24 1.75684e-25 1.3067e-26 1.03958e-27 8.6854e-29 7.50441e-30 6.66492e-31 6.03013e-32 5.53364e-33 5.13469e-34 4.807e-35 4.53298e-36 4.30038e-37 4.10042e-38 3.92664e-39 3.77419e-40 3.63936e-41 3.51923e-42 3.41152e-43 3.31438e-44 3.22631e-45 3.14609e-46 3.07267e-47 3.00519e-48 2.94288e-49 2.88501e-50 2.8309e-51 2.77986e-52 2.73087e-53 2.6882e-54
4.58225e-23 2.56636e-25 1.74751e-26 1.29876e-27 1.03214e-28 8.5867e-30 7.43216e-31 6.59477e-32 5.96135e-33 5.46586e-34 5.06768e-35 4.74063e-36 4.46715e-37 4.23502e-38 4.03547e-39 3.86207e-40 3.70996e-41 3.57543e-42 3.45559e-43 3.34814e-44 3.25124e-45 3.1634e-46 3.08338e-47 3.01017e-48 2.94288e-49 2.88074e-50 2.82306e-51 2.76915e-52 2.71831e-53 2.66958e-54 2.62702e-55
4.76706e-24 2.55421e-26 1.73878e-27 1.29115e-28 1.01849e-29 8.51487e-31 7.36391e-32 6.52867e-33 5.8967e-34 5.40227e-35 5.00491e-36 4.67855e-37 4.40564e-38 4.17401e-39 3.9749e-40 3.80189e-41 3.65014e-42 3.51593e-43 3.39638e-44 3.28919e-45 3.19254e-46 3.10493e-47 3.02513e-48 2.95211e-49 2.88501e-50 2.82306e-51 2.76556e-52 2.71184e-53 2.66121e-54 2.61272e-55 2.57027e-56
4.95111e-25 2.54275e-27 1.73008e-28 1.26746e-29 1.01094e-30 8.44584e-32 7.29851e-33 6.46555e-34 5.83515e-35 5.34188e-36 4.94545e-37 4.61984e-38 4.34758e-39 4.1165e-40 3.91788e-41 3.7453e-42 3.59393e-43 3.46007e-44 3.34083e-45 3.23394e-46 3.13755e-47 3.05018e-48 2.9706e-49 2.8978e-50 2.8309e-51 2.76915e-52 2.71184e-53 2.65831e-54 2.60789e-55 2.55964e-56 2.51731e-57
5.13441e-26 2.53068e-28 1.68068e-29 1.25887e-30 1.00356e-31 8.37841e-33 7.23482e-34 6.4043e-35 5.77563e-36 5.28368e-37 4.88831e-38 4.56357e-39 4.29205e-40 4.06161e-41 3.86354e-42 3.69145e-43 3.54052e-44 3.40706e-45 3.28818e-46 3.18161e-47 3.08552e-48 2.99842e-49 2.9191e-50 2.84653e-51 2.77986e-52 2.71831e-53 2.66121e-54 2.60789e-55 2.55769e-56 2.50969e-57 2.46749e-58
5.3134e-27 2.41525e-29 1.66964e-30 1.2502e-31 9.96074e-33 8.31012e-34 7.1706e-35 6.34285e-36 5.71623e-37 5.22588e-38 4.8318e-39 4.50814e-40 4.23754e-41 4.00789e-42 3.81052e-43 3.63904e-44 3.48865e-45 3.35567e-46 3.23724e-47 3.13106e-48 3.03534e-49 2.94858e-50 2.86956e-51 2.79728e-52 2.73087e-53 2.66958e-54 2.61272e-55 2.55964e-56 2.50969e-57 2.46197e-58 2.41993e-59
5.49537e-28 2.4064e-30 1.66344e-31 1.24498e-32 9.91228e-34 8.26313e-35 7.1243e-36 6.29696e-37 5.67066e-38 5.18059e-39 4.78677e-40 4.46336e-41 4.19299e-42 3.96356e-43 3.76639e-44 3.5951e-45 3.44489e-46 3.31208e-47 3.1938e-48 3.08777e-49 2.99218e-50 2.90555e-51 2.82666e-52 2.75449e-53 2.6882e-54 2.62702e-55 2.57027e-56 2.51731e-57 2.46749e-58 2.41993e-59 2.37796e-60
