0.477431 0.071606 0.0387809 0.0210033 0.0113751 0.00616061 0.00333651 0.00180701 0.000978653 0.000530026 0.000287056 0.000155466 8.41982e-05 4.56007e-05 2.46967e-05 1.33754e-05 7.24397e-06 3.92324e-06 2.12478e-06 1.15075e-06 6.23233e-07 3.37535e-07 1.82805e-07 9.90048e-08 5.36197e-08 2.90398e-08 1.57276e-08 8.51785e-09 4.61316e-09 2.49843e-09 1.35312e-09 7.32831e-10 3.96892e-10 2.14952e-10 1.16415e-10 6.30489e-11 3.41465e-11 1.84933e-11 1.00157e-11 5.4244e-12 2.93779e-12 1.59107e-12 8.61702e-13 4.66687e-13 2.52752e-13 1.36887e-13 7.41363e-14 4.01513e-14 2.17454e-14 1.1777e-14 6.3783e-15 3.45441e-15 1.87086e-15 1.01324e-15 5.48755e-16 2.97199e-16 1.60959e-16 8.71734e-17 4.7212e-17 2.55694e-17 1.38481e-17 7.49994e-18 4.06187e-18 2.19986e-18 1.19142e-18 6.45256e-19 3.49462e-19 1.89264e-19 1.02503e-19 5.55144e-20 3.00659e-20 1.62833e-20 8.81884e-21 4.77617e-21 2.58671e-21 1.40093e-21 7.58726e-22 4.10917e-22 2.22547e-22 1.20529e-22 6.52768e-23 3.53531e-23 1.91468e-23 1.03697e-23 5.61608e-24 3.04159e-24 1.64729e-24 8.92151e-25 4.83178e-25 2.61683e-25 1.41724e-25 7.6756e-26 4.15701e-26 2.25138e-26 1.21932e-26 6.60368e-27 3.57647e-27 1.93697e-27 1.04904e-27 5.68146e-28 3.07701e-28
0.071606 0.028646 0.0176406 0.0107055 0.00642168 0.00381568 0.00224946 0.00131736 0.000767124 0.000444526 0.000256489 0.000147435 8.44655e-05 4.82457e-05 2.74834e-05 1.5618e-05 8.8557e-06 5.01125e-06 2.83053e-06 1.59607e-06 8.98585e-07 5.05169e-07 2.83616e-07 1.59031e-07 8.90693e-08 4.9831e-08 2.78502e-08 1.55503e-08 8.6748e-09 4.83515e-09 2.69285e-09 1.49859e-09 8.3338e-10 4.63134e-10 2.5721e-10 1.42759e-10 7.91886e-11 4.39015e-11 2.43257e-11 1.34719e-11 7.45728e-12 4.12601e-12 2.28184e-12 1.2614e-12 6.97018e-13 3.85002e-13 2.12577e-13 1.1733e-13 6.4737e-14 3.57064e-14 1.96879e-14 1.08521e-14 5.97994e-15 3.29422e-15 1.81419e-15 9.9884e-16 5.49784e-16 3.02536e-16 1.66438e-16 9.15428e-17 5.03377e-17 2.76735e-17 1.52103e-17 8.35833e-18 4.59209e-18 2.5224e-18 1.38526e-18 7.60616e-19 4.1756e-19 2.29189e-19 1.25774e-19 6.90106e-20 3.78588e-20 2.07657e-20 1.13883e-20 6.24456e-21 3.42357e-21 1.87669e-21 1.0286e-21 5.63683e-22 3.08863e-22 1.69215e-22 9.26943e-23 5.07706e-23 2.78046e-23 1.52254e-23 8.33621e-24 4.5637e-24 2.49813e-24 1.36731e-24 7.48286e-25 4.09471e-25 2.24043e-25 1.22574e-25 6.70528e-26 3.6677e-26 2.00599e-26 1.09704e-26 5.99895e-27 3.2801e-27 1.79333e-27
0.0387809 0.0176406 0.0115562 0.00740621 0.00466679 0.00290111 0.00178359 0.00108643 0.000656574 0.000394111 0.00023517 0.000139598 8.24828e-05 4.8534e-05 2.84514e-05 1.66222e-05 9.68127e-06 5.62272e-06 3.2571e-06 1.88223e-06 1.08529e-06 6.24488e-07 3.58644e-07 2.05599e-07 1.17664e-07 6.72328e-08 3.83592e-08 2.18548e-08 1.2435e-08 7.06645e-09 4.01086e-09 2.27396e-09 1.28783e-09 7.28604e-10 4.11812e-10 2.32542e-10 1.31195e-10 7.39543e-11 4.16538e-11 2.34426e-11 1.31835e-11 7.4087e-12 4.16057e-12 2.33493e-12 1.30953e-12 7.33988e-13 4.11153e-13 2.3018e-13 1.28792e-13 7.20244e-14 4.02572e-14 2.249e-14 1.25581e-14 7.00897e-15 3.91009e-15 2.18035e-15 1.21529e-15 6.77101e-16 3.77095e-16 2.09931e-16 1.16826e-16 6.49888e-17 3.61395e-17 2.00897e-17 1.11639e-17 6.20175e-18 3.44407e-18 1.91202e-18 1.06116e-18 5.88757e-19 3.26562e-19 1.8108e-19 1.00382e-19 5.56315e-20 3.08228e-20 1.7073e-20 9.45449e-21 5.2343e-21 2.89716e-21 1.60319e-21 8.86945e-22 4.9058e-22 2.71285e-22 1.49985e-22 8.29044e-23 4.58159e-23 2.53144e-23 1.3984e-23 7.72341e-24 4.26485e-24 2.3546e-24 1.29972e-24 7.17306e-25 3.95806e-25 2.18365e-25 1.20451e-25 6.64301e-26 3.66309e-26 2.01957e-26 1.11328e-26 6.1359e-27
0.0210033 0.0107055 0.00740621 0.00497576 0.00326985 0.00211184 0.00134492 0.000846593 0.000527691 0.000326149 0.000200107 0.000121984 7.39355e-05 4.45836e-05 2.67602e-05 1.5995e-05 9.52395e-06 5.65105e-06 3.34227e-06 1.97088e-06 1.15899e-06 6.79801e-07 3.9778e-07 2.32236e-07 1.35301e-07 7.86709e-08 4.5658e-08 2.64518e-08 1.52992e-08 8.8348e-09 5.09418e-09 2.93314e-09 1.68656e-09 9.68521e-10 5.55495e-10 3.18228e-10 1.82099e-10 1.04089e-10 5.94366e-11 3.39055e-11 1.93228e-11 1.1002e-11 6.25875e-12 3.55741e-12 2.02034e-12 1.14649e-12 6.50102e-13 3.68361e-13 2.08571e-13 1.18015e-13 6.67308e-14 3.77082e-14 2.12947e-14 1.20183e-14 6.77891e-15 3.82144e-15 2.15304e-15 1.21239e-15 6.82347e-16 3.83836e-16 2.1581e-16 1.21279e-16 6.81235e-17 3.8248e-17 2.14648e-17 1.20408e-17 6.75148e-18 3.78411e-18 2.12008e-18 1.18733e-18 6.64695e-19 3.71972e-19 2.08084e-19 1.16362e-19 6.50479e-20 3.63501e-20 2.03064e-20 1.13401e-20 6.33084e-21 3.53322e-21 1.97127e-21 1.09949e-21 6.13065e-22 3.41742e-22 1.90444e-22 1.061e-22 5.90941e-23 3.29047e-23 1.83172e-23 1.01941e-23 5.67191e-24 3.15502e-24 1.75457e-24 9.75518e-25 5.42249e-25 3.01344e-25 1.67428e-25 9.30035e-26 5.16505e-26 2.86786e-26 1.59203e-26
0.0113751 0.00642168 0.00466679 0.00326985 0.0022301 0.00148953 0.000978377 0.00063383 0.000405885 0.000257349 0.000161772 0.000100926 6.25453e-05 3.85287e-05 2.36064e-05 1.4393e-05 8.73651e-06 5.2814e-06 3.18073e-06 1.90895e-06 1.14199e-06 6.81124e-07 4.0511e-07 2.40315e-07 1.42207e-07 8.39561e-08 4.9458e-08 2.90753e-08 1.70594e-08 9.99077e-09 5.84077e-09 3.4089e-09 1.9864e-09 1.15573e-09 6.71456e-10 3.8956e-10 2.25711e-10 1.3061e-10 7.54869e-11 4.35767e-11 2.51274e-11 1.44733e-11 8.32784e-12 4.78696e-12 2.74893e-12 1.57711e-12 9.03989e-13 5.17707e-13 2.96235e-13 1.69369e-13 9.67572e-14 5.5233e-14 3.15058e-14 1.79583e-14 1.02291e-14 5.82252e-15 3.31205e-15 1.88279e-15 1.06963e-15 6.07299e-16 3.44597e-16 1.95421e-16 1.1076e-16 6.27422e-17 3.55224e-17 2.0101e-17 1.13688e-17 6.42677e-18 3.63129e-18 2.05081e-18 1.15767e-18 6.53209e-19 3.68406e-19 2.07689e-19 1.17035e-19 6.59234e-20 3.71182e-20 2.08912e-20 1.17536e-20 6.61021e-21 3.71619e-21 2.08844e-21 1.17325e-21 6.58884e-22 3.69894e-22 2.07587e-22 1.16461e-22 6.53161e-23 3.66203e-23 2.05253e-23 1.15007e-23 6.44211e-24 3.60748e-24 2.01955e-24 1.13027e-24 6.32396e-25 3.53734e-25 1.97809e-25 1.10587e-25 6.18081e-26 3.45364e-26
0.00616061 0.00381568 0.00290111 0.00211184 0.00148953 0.00102552 0.000692614 0.000460464 0.000302112 0.000195997 0.000125921 8.02106e-05 5.07084e-05 3.18414e-05 1.98728e-05 1.23348e-05 7.61763e-06 4.68282e-06 2.8665e-06 1.74782e-06 1.06184e-06 6.42914e-07 3.88038e-07 2.33512e-07 1.40132e-07 8.38746e-08 5.00786e-08 2.98305e-08 1.77301e-08 1.0516e-08 6.22486e-09 3.67777e-09 2.16898e-09 1.27696e-09 7.50563e-10 4.40466e-10 2.58096e-10 1.51016e-10 8.82395e-11 5.149e-11 3.00072e-11 1.7466e-11 1.01541e-11 5.8965e-12 3.42031e-12 1.98186e-12 1.14718e-12 6.6337e-13 3.83231e-13 2.21187e-13 1.27545e-13 7.3483e-14 4.23e-14 2.43295e-14 1.39823e-14 8.02943e-15 4.60745e-15 2.64191e-15 1.51378e-15 8.6677e-16 4.95964e-16 2.83602e-16 1.62064e-16 9.25535e-17 5.28241e-17 3.01308e-17 1.71766e-17 9.78622e-18 5.57252e-18 3.17141e-18 1.80394e-18 1.02557e-18 5.8276e-19 3.30977e-19 1.87887e-19 1.06607e-19 6.04611e-20 3.42742e-20 1.94207e-20 1.09995e-20 6.22723e-21 3.52399e-21 1.99341e-21 1.12715e-21 6.37086e-22 3.59952e-22 2.03295e-22 1.14775e-22 6.47748e-23 3.65435e-23 2.06092e-23 1.16188e-23 6.5481e-24 3.68912e-24 2.07772e-24 1.1698e-24 6.58414e-25 3.70468e-25 2.08386e-25 1.17181e-25 6.58741e-26
0.00333651 0.00224946 0.00178359 0.00134492 0.000978377 0.000692614 0.000479871 0.000326685 0.00021916 0.000145201 9.51667e-05 6.17867e-05 3.97807e-05 2.54217e-05 1.61369e-05 1.0181e-05 6.38778e-06 3.98752e-06 2.47756e-06 1.53274e-06 9.44428e-07 5.7976e-07 3.54661e-07 2.16252e-07 1.31454e-07 7.96774e-08 4.8163e-08 2.90385e-08 1.74653e-08 1.04803e-08 6.27504e-09 3.74931e-09 2.23573e-09 1.33064e-09 7.90518e-10 4.6882e-10 2.77572e-10 1.64078e-10 9.68409e-11 5.70723e-11 3.35873e-11 1.97392e-11 1.15854e-11 6.79115e-12 3.97595e-12 2.32501e-12 1.35803e-12 7.92343e-13 4.61797e-13 2.68867e-13 1.56382e-13 9.08685e-14 5.27506e-14 3.05944e-14 1.77284e-14 1.02641e-14 5.9375e-15 3.43187e-15 1.98204e-15 1.14381e-15 6.59583e-16 3.8007e-16 2.18849e-16 1.25928e-16 7.24108e-17 4.16097e-17 2.38947e-17 1.37131e-17 7.86496e-18 4.50812e-18 2.58248e-18 1.47852e-18 8.45999e-19 4.83807e-19 2.76528e-19 1.5797e-19 9.01955e-20 5.14724e-20 2.93594e-20 1.67381e-20 9.53804e-21 5.4326e-21 3.09283e-21 1.75998e-21 1.00108e-21 5.69168e-22 3.23465e-22 1.83752e-22 1.04342e-22 5.92257e-23 3.36039e-23 1.9059e-23 1.08055e-23 6.12388e-24 3.46935e-24 1.96477e-24 1.1123e-24 6.29476e-25 3.56112e-25 2.01394e-25 1.13858e-25
0.00180701 0.00131736 0.00108643 0.000846593 0.00063383 0.000460464 0.000326685 0.000227353 0.000155704 0.000105191 7.02331e-05 4.64122e-05 3.03927e-05 1.97413e-05 1.27295e-05 8.15397e-06 5.1917e-06 3.28739e-06 2.07103e-06 1.29861e-06 8.1074e-07 5.04105e-07 3.12259e-07 1.92739e-07 1.1857e-07 7.27141e-08 4.44608e-08 2.71095e-08 1.6486e-08 1.00003e-08 6.05171e-09 3.65387e-09 2.20133e-09 1.32348e-09 7.94131e-10 4.756e-10 2.84318e-10 1.69671e-10 1.01085e-10 6.01266e-11 3.57088e-11 2.11756e-11 1.25393e-11 7.41493e-12 4.37886e-12 2.58258e-12 1.52126e-12 8.95014e-13 5.25953e-13 3.08725e-13 1.81017e-13 1.06024e-13 6.20353e-14 3.62609e-14 2.11745e-14 1.23532e-14 7.20016e-15 4.19292e-15 2.43956e-15 1.4182e-15 8.23767e-16 4.78102e-16 2.77266e-16 1.60671e-16 9.30368e-17 5.38338e-17 3.11276e-17 1.79859e-17 1.03855e-17 5.9928e-18 3.45582e-18 1.99158e-18 1.14703e-18 6.60214e-19 3.79786e-19 2.18343e-19 1.25456e-19 7.20447e-20 4.13499e-20 2.372e-20 1.35996e-20 7.79315e-21 4.46356e-21 2.55525e-21 1.4621e-21 8.362e-22 4.78015e-22 2.73132e-22 1.55994e-22 8.90535e-23 5.08165e-23 2.8985e-23 1.65256e-23 9.41813e-24 5.36531e-24 3.05528e-24 1.73915e-24 9.89592e-25 5.62873e-25 3.20038e-25 1.81901e-25
0.000978653 0.000767124 0.000656574 0.000527691 0.000405885 0.000302112 0.00021916 0.000155704 0.00010872 7.48043e-05 5.08198e-05 3.41447e-05 2.27173e-05 1.49829e-05 9.80441e-06 6.37027e-06 4.11225e-06 2.63891e-06 1.68421e-06 1.06949e-06 6.75967e-07 4.25384e-07 2.66605e-07 1.66456e-07 1.03556e-07 6.42083e-08 3.96848e-08 2.44541e-08 1.5026e-08 9.20787e-09 5.62808e-09 3.43162e-09 2.0875e-09 1.26703e-09 7.67397e-10 4.63841e-10 2.79815e-10 1.68484e-10 1.01266e-10 6.07599e-11 3.63955e-11 2.17662e-11 1.2997e-11 7.74924e-12 4.61369e-12 2.74305e-12 1.62867e-12 9.65757e-13 5.71946e-13 3.38307e-13 1.99873e-13 1.1795e-13 6.95274e-14 4.09397e-14 2.40812e-14 1.41503e-14 8.30657e-15 4.87144e-15 2.8542e-15 1.67076e-15 9.77135e-16 5.70975e-16 3.33358e-16 1.94467e-16 1.13352e-16 6.60191e-17 3.84216e-17 2.23437e-17 1.29842e-17 7.53988e-18 4.3753e-18 2.53719e-18 1.4703e-18 8.51479e-19 4.9279e-19 2.85021e-19 1.64749e-19 9.51716e-20 5.49458e-20 3.17036e-20 1.82825e-20 1.05371e-20 6.06973e-21 3.49449e-21 2.0108e-21 1.15646e-21 6.64771e-22 3.81941e-22 2.19335e-22 1.25896e-22 7.22288e-23 4.14197e-23 2.37414e-23 1.36023e-23 7.78977e-24 4.45913e-24 2.55147e-24 1.45932e-24 8.34315e-25 4.76797e-25 2.72373e-25
0.000530026 0.000444526 0.000394111 0.000326149 0.000257349 0.000195997 0.000145201 0.000105191 7.48043e-05 5.23652e-05 3.61636e-05 2.46809e-05 1.6669e-05 1.11535e-05 7.4007e-06 4.87353e-06 3.18724e-06 2.07129e-06 1.33826e-06 8.60012e-07 5.49925e-07 3.50015e-07 2.21813e-07 1.39999e-07 8.8025e-08 5.51479e-08 3.44335e-08 2.1431e-08 1.3298e-08 8.22771e-09 5.07673e-09 3.12433e-09 1.91801e-09 1.17466e-09 7.1778e-10 4.37649e-10 2.6629e-10 1.61703e-10 9.80045e-11 5.92889e-11 3.58038e-11 2.15845e-11 1.29909e-11 7.8063e-12 4.68364e-12 2.80593e-12 1.6786e-12 1.00279e-12 5.98265e-13 3.56458e-13 2.12117e-13 1.26069e-13 7.48384e-14 4.4375e-14 2.62824e-14 1.55495e-14 9.18982e-15 5.42561e-15 3.20002e-15 1.88552e-15 1.10993e-15 6.52763e-16 3.83549e-16 2.25166e-16 1.32071e-16 7.74011e-17 4.5324e-17 2.65192e-17 1.55043e-17 9.05749e-18 5.28735e-18 3.08425e-18 1.79783e-18 1.04723e-18 6.09586e-19 3.54597e-19 2.06134e-19 1.19752e-19 6.95246e-20 4.0339e-20 2.33909e-20 1.35553e-20 7.85087e-21 4.54439e-21 2.62898e-21 1.52006e-21 8.78407e-22 5.0734e-22 2.9287e-22 1.68977e-22 9.7445e-23 5.61663e-23 3.23579e-23 1.86327e-23 1.07242e-23 6.16955e-24 3.54767e-24 2.0391e-24 1.1715e-24 6.72751e-25 3.86173e-25
0.000287056 0.000256489 0.00023517 0.000200107 0.000161772 0.000125921 9.51667e-05 7.02331e-05 5.08198e-05 3.61636e-05 2.53669e-05 1.75717e-05 1.20379e-05 8.16585e-06 5.49035e-06 3.66196e-06 2.42467e-06 1.59473e-06 1.04243e-06 6.77545e-07 4.38065e-07 2.81842e-07 1.80501e-07 1.15104e-07 7.31054e-08 4.6255e-08 2.91617e-08 1.83229e-08 1.14758e-08 7.16554e-09 4.46125e-09 2.76992e-09 1.71528e-09 1.05953e-09 6.529e-10 4.01405e-10 2.46242e-10 1.50738e-10 9.20872e-11 5.61472e-11 3.41697e-11 2.07571e-11 1.25873e-11 7.62025e-12 4.60572e-12 2.77934e-12 1.67466e-12 1.00756e-12 6.05336e-13 3.6318e-13 2.17603e-13 1.3021e-13 7.7817e-14 4.64486e-14 2.7692e-14 1.64904e-14 9.80891e-15 5.82818e-15 3.45925e-15 2.05107e-15 1.21489e-15 7.18896e-16 4.24988e-16 2.51003e-16 1.48109e-16 8.73168e-17 5.1432e-17 3.0269e-17 1.77992e-17 1.0458e-17 6.13971e-18 3.60172e-18 2.11125e-18 1.23664e-18 7.23823e-19 4.23359e-19 2.47445e-19 1.44528e-19 8.4359e-20 4.92067e-20 2.86837e-20 1.67097e-20 9.72824e-21 5.66021e-21 3.29132e-21 1.91273e-21 1.11092e-21 6.44863e-22 3.74118e-22 2.16927e-22 1.25714e-22 7.28152e-23 4.21538e-23 2.43909e-23 1.41059e-23 8.1538e-24 4.71094e-24 2.72049e-24 1.5703e-24 9.05977e-25 5.2246e-25
0.000155466 0.000147435 0.000139598 0.000121984 0.000100926 8.02106e-05 6.17867e-05 4.64122e-05 3.41447e-05 2.46809e-05 1.75717e-05 1.2346e-05 8.57371e-06 5.89248e-06 4.0121e-06 2.7088e-06 1.81485e-06 1.20739e-06 7.98068e-07 5.24366e-07 3.42624e-07 2.22719e-07 1.4408e-07 9.27866e-08 5.9501e-08 3.8004e-08 2.41822e-08 1.53326e-08 9.68877e-09 6.1028e-09 3.83237e-09 2.39963e-09 1.49837e-09 9.33141e-10 5.79665e-10 3.59216e-10 2.22089e-10 1.37004e-10 8.4335e-11 5.18072e-11 3.17623e-11 1.9436e-11 1.18714e-11 7.23813e-12 4.40562e-12 2.67712e-12 1.62417e-12 9.83836e-13 5.9506e-13 3.59391e-13 2.16751e-13 1.30544e-13 7.85197e-14 4.7167e-14 2.82978e-14 1.69565e-14 1.01486e-14 6.06697e-15 3.62285e-15 2.16098e-15 1.28763e-15 7.66435e-16 4.55743e-16 2.70728e-16 1.60667e-16 9.52602e-17 5.6428e-17 3.33954e-17 1.97468e-17 1.16662e-17 6.88653e-18 4.06174e-18 2.39372e-18 1.40959e-18 8.29422e-19 4.87675e-19 2.86525e-19 1.68221e-19 9.86933e-20 5.78619e-20 3.39e-20 1.9848e-20 1.1613e-20 6.7904e-21 3.96798e-21 2.31725e-21 1.35242e-21 7.88839e-22 4.59843e-22 2.67904e-22 1.55992e-22 9.07781e-23 5.27985e-23 3.06922e-23 1.78321e-23 1.0355e-23 6.01001e-24 3.48642e-24 2.02147e-24 1.1715e-24 6.78595e-25
8.41982e-05 8.44655e-05 8.24828e-05 7.39355e-05 6.25453e-05 5.07084e-05 3.97807e-05 3.03927e-05 2.27173e-05 1.6669e-05 1.20379e-05 8.57371e-06 6.03216e-06 4.19801e-06 2.89311e-06 1.97624e-06 1.33911e-06 9.00717e-07 6.01747e-07 3.995e-07 2.63691e-07 1.7311e-07 1.13072e-07 7.35081e-08 4.75755e-08 3.0663e-08 1.96848e-08 1.259e-08 8.02389e-09 5.09667e-09 3.22702e-09 2.03703e-09 1.28213e-09 8.04761e-10 5.03791e-10 3.14581e-10 1.95957e-10 1.2178e-10 7.55119e-11 4.67218e-11 2.88485e-11 1.7777e-11 1.09335e-11 6.71195e-12 4.113e-12 2.51602e-12 1.53653e-12 9.36832e-13 5.70293e-13 3.46634e-13 2.10379e-13 1.27499e-13 7.7163e-14 4.6636e-14 2.8149e-14 1.69686e-14 1.02162e-14 6.14339e-15 3.68988e-15 2.21369e-15 1.32659e-15 7.94108e-16 4.74854e-16 2.83654e-16 1.69269e-16 1.0091e-16 6.00998e-17 3.57601e-17 2.12581e-17 1.26257e-17 7.49211e-18 4.44198e-18 2.63137e-18 1.55749e-18 9.21124e-19 5.44334e-19 3.21421e-19 1.8965e-19 1.11816e-19 6.58778e-20 3.87847e-20 2.28179e-20 1.3415e-20 7.88155e-21 4.62746e-21 2.71512e-21 1.59205e-21 9.32932e-22 5.46354e-22 3.19767e-22 1.8704e-22 1.0934e-22 6.38809e-23 3.73007e-23 2.17681e-23 1.26965e-23 7.40143e-24 4.31235e-24 2.51122e-24 1.46161e-24 8.50275e-25
4.56007e-05 4.82457e-05 4.8534e-05 4.45836e-05 3.85287e-05 3.18414e-05 2.54217e-05 1.97413e-05 1.49829e-05 1.11535e-05 8.16585e-06 5.89248e-06 4.19801e-06 2.95697e-06 2.06164e-06 1.42418e-06 9.75582e-07 6.63161e-07 4.47609e-07 3.0015e-07 2.00052e-07 1.32585e-07 8.74095e-08 5.73426e-08 3.74439e-08 2.43439e-08 1.5762e-08 1.01657e-08 6.53226e-09 4.18281e-09 2.66948e-09 1.69827e-09 1.07714e-09 6.81217e-10 4.29633e-10 2.70247e-10 1.69559e-10 1.06127e-10 6.62695e-11 4.12881e-11 2.56682e-11 1.59243e-11 9.85941e-12 6.09254e-12 3.75777e-12 2.31353e-12 1.42187e-12 8.72378e-13 5.34363e-13 3.26795e-13 1.99546e-13 1.21663e-13 7.40702e-14 4.50311e-14 2.73391e-14 1.65758e-14 1.00369e-14 6.06984e-15 3.66621e-15 2.21175e-15 1.33274e-15 8.02156e-16 4.82269e-16 2.89632e-16 1.73758e-16 1.04134e-16 6.23446e-17 3.72887e-17 2.2281e-17 1.3301e-17 7.93284e-18 4.72696e-18 2.81417e-18 1.67395e-18 9.94872e-19 5.90786e-19 3.50542e-19 2.07827e-19 1.23119e-19 7.2881e-20 4.31099e-20 2.54812e-20 1.50504e-20 8.88316e-21 5.23943e-21 3.08818e-21 1.81899e-21 1.07071e-21 6.29838e-22 3.70263e-22 2.17531e-22 1.27721e-22 7.49449e-23 4.39504e-23 2.5759e-23 1.50885e-23 8.83317e-24 5.16827e-24 3.02229e-24 1.76641e-24 1.03185e-24
2.46967e-05 2.74834e-05 2.84514e-05 2.67602e-05 2.36064e-05 1.98728e-05 1.61369e-05 1.27295e-05 9.80441e-06 7.4007e-06 5.49035e-06 4.0121e-06 2.89311e-06 2.06164e-06 1.4536e-06 1.01507e-06 7.02668e-07 4.82531e-07 3.28929e-07 2.22701e-07 1.49832e-07 1.00216e-07 6.66629e-08 4.41167e-08 2.90555e-08 1.90494e-08 1.24358e-08 8.0855e-09 5.23689e-09 3.37954e-09 2.17339e-09 1.39311e-09 8.90157e-10 5.67078e-10 3.60222e-10 2.28193e-10 1.44175e-10 9.08608e-11 5.71224e-11 3.58278e-11 2.2421e-11 1.40006e-11 8.7243e-12 5.42546e-12 3.3674e-12 2.08609e-12 1.28997e-12 7.96263e-13 4.90672e-13 3.0186e-13 1.85405e-13 1.137e-13 6.96206e-14 4.25674e-14 2.59893e-14 1.58456e-14 9.64788e-15 5.86656e-15 3.56269e-15 2.16087e-15 1.30903e-15 7.92051e-16 4.7869e-16 2.88977e-16 1.74258e-16 1.04967e-16 6.31619e-17 3.79673e-17 2.27996e-17 1.36779e-17 8.19766e-18 4.90854e-18 2.9364e-18 1.75503e-18 1.04802e-18 6.25287e-19 3.72752e-19 2.22024e-19 1.32137e-19 7.85785e-20 4.66919e-20 2.77233e-20 1.64483e-20 9.75158e-21 5.77714e-21 3.42012e-21 2.02332e-21 1.19616e-21 7.06677e-22 4.17218e-22 2.46162e-22 1.45145e-22 8.55277e-23 5.03666e-23 2.96424e-23 1.7435e-23 1.02489e-23 6.02111e-24 3.53532e-24 2.07461e-24 1.21675e-24
1.33754e-05 1.5618e-05 1.66222e-05 1.5995e-05 1.4393e-05 1.23348e-05 1.0181e-05 8.15397e-06 6.37027e-06 4.87353e-06 3.66196e-06 2.7088e-06 1.97624e-06 1.42418e-06 1.01507e-06 7.16302e-07 5.00901e-07 3.47376e-07 2.39072e-07 1.63378e-07 1.10921e-07 7.48502e-08 5.02227e-08 3.35192e-08 2.22595e-08 1.47127e-08 9.68146e-09 6.34401e-09 4.14056e-09 2.69223e-09 1.74424e-09 1.1262e-09 7.24776e-10 4.64987e-10 2.97429e-10 1.89708e-10 1.2067e-10 7.65547e-11 4.84449e-11 3.05823e-11 1.92609e-11 1.21034e-11 7.58914e-12 4.74862e-12 2.96526e-12 1.84803e-12 1.14956e-12 7.1377e-13 4.42398e-13 2.73729e-13 1.69084e-13 1.04275e-13 6.42061e-14 3.94737e-14 2.42322e-14 1.48543e-14 9.09282e-15 5.55842e-15 3.39332e-15 2.06888e-15 1.25978e-15 7.66156e-16 4.65391e-16 2.82363e-16 1.71119e-16 1.03587e-16 6.26373e-17 3.78354e-17 2.28301e-17 1.37618e-17 8.28717e-18 4.98555e-18 2.99643e-18 1.79923e-18 1.07937e-18 6.4694e-19 3.87413e-19 2.31798e-19 1.38572e-19 8.27718e-20 4.94009e-20 2.94605e-20 1.75551e-20 1.04528e-20 6.21923e-21 3.69757e-21 2.19674e-21 1.30416e-21 7.7371e-22 4.58696e-22 2.71755e-22 1.60894e-22 9.51954e-23 5.62875e-23 3.32608e-23 1.96419e-23 1.15922e-23 6.83731e-24 4.03039e-24 2.3744e-24 1.39801e-24
7.24397e-06 8.8557e-06 9.68127e-06 9.52395e-06 8.73651e-06 7.61763e-06 6.38778e-06 5.1917e-06 4.11225e-06 3.18724e-06 2.42467e-06 1.81485e-06 1.33911e-06 9.75582e-07 7.02668e-07 5.00901e-07 3.5373e-07 2.47662e-07 1.72033e-07 1.1863e-07 8.1252e-08 5.53016e-08 3.74185e-08 2.51792e-08 1.68558e-08 1.1229e-08 7.44625e-09 4.91639e-09 3.23271e-09 2.11733e-09 1.38165e-09 8.98395e-10 5.822e-10 3.76076e-10 2.42181e-10 1.55497e-10 9.95572e-11 6.35688e-11 4.04837e-11 2.57173e-11 1.62975e-11 1.03039e-11 6.49995e-12 4.09142e-12 2.56997e-12 1.61102e-12 1.00792e-12 6.29394e-13 3.92304e-13 2.44089e-13 1.51609e-13 9.40091e-14 5.81981e-14 3.59717e-14 2.21995e-14 1.36797e-14 8.41741e-15 5.17207e-15 3.17359e-15 1.9447e-15 1.1901e-15 7.2738e-16 4.44014e-16 2.70709e-16 1.64852e-16 1.00272e-16 6.09219e-17 3.69731e-17 2.24145e-17 1.35741e-17 8.21187e-18 4.96287e-18 2.99636e-18 1.80731e-18 1.08907e-18 6.55656e-19 3.94365e-19 2.36991e-19 1.42294e-19 8.53619e-20 5.11653e-20 3.06428e-20 1.83369e-20 1.09643e-20 6.55076e-21 3.91084e-21 2.33303e-21 1.39075e-21 8.28438e-22 4.93129e-22 2.93329e-22 1.74361e-22 1.03573e-22 6.14829e-23 3.64734e-23 2.1623e-23 1.28109e-23 7.58527e-24 4.48843e-24 2.65432e-24 1.56875e-24
3.92324e-06 5.01125e-06 5.62272e-06 5.65105e-06 5.2814e-06 4.68282e-06 3.98752e-06 3.28739e-06 2.63891e-06 2.07129e-06 1.59473e-06 1.20739e-06 9.00717e-07 6.63161e-07 4.82531e-07 3.47376e-07 2.47662e-07 1.7501e-07 1.22665e-07 8.53305e-08 5.89456e-08 4.0455e-08 2.75966e-08 1.87184e-08 1.26287e-08 8.4775e-09 5.66389e-09 3.76715e-09 2.49497e-09 1.64575e-09 1.08142e-09 7.08013e-10 4.61926e-10 3.00371e-10 1.94697e-10 1.25816e-10 8.10672e-11 5.20875e-11 3.33773e-11 2.13325e-11 1.36003e-11 8.64985e-12 5.4886e-12 3.47489e-12 2.19523e-12 1.38392e-12 8.70686e-13 5.46716e-13 3.42639e-13 2.14345e-13 1.33848e-13 8.34374e-14 5.19252e-14 3.22615e-14 2.00125e-14 1.2395e-14 7.66546e-15 4.73363e-15 2.91898e-15 1.79748e-15 1.10537e-15 6.78858e-16 4.1638e-16 2.55067e-16 1.56058e-16 9.53665e-17 5.82099e-17 3.54896e-17 2.16132e-17 1.3148e-17 7.98982e-18 4.85019e-18 2.94127e-18 1.78186e-18 1.07842e-18 6.52048e-19 3.93879e-19 2.37708e-19 1.43328e-19 8.63438e-20 5.197e-20 3.12537e-20 1.87796e-20 1.12749e-20 6.76371e-21 4.05428e-21 2.4283e-21 1.45331e-21 8.69135e-22 5.1939e-22 3.10159e-22 1.85082e-22 1.10367e-22 6.57673e-23 3.9164e-23 2.33063e-23 1.38603e-23 8.23743e-24 4.89252e-24 2.90403e-24 1.72266e-24
2.12478e-06 2.83053e-06 3.2571e-06 3.34227e-06 3.18073e-06 2.8665e-06 2.47756e-06 2.07103e-06 1.68421e-06 1.33826e-06 1.04243e-06 7.98068e-07 6.01747e-07 4.47609e-07 3.28929e-07 2.39072e-07 1.72033e-07 1.22665e-07 8.67312e-08 6.08492e-08 4.23844e-08 2.93254e-08 2.01634e-08 1.37828e-08 9.36959e-09 6.33655e-09 4.26443e-09 2.85668e-09 1.90528e-09 1.26546e-09 8.3719e-10 5.51775e-10 3.6236e-10 2.37153e-10 1.547e-10 1.00598e-10 6.52195e-11 4.21609e-11 2.71791e-11 1.74743e-11 1.12059e-11 7.16828e-12 4.57452e-12 2.91254e-12 1.85025e-12 1.17287e-12 7.41935e-13 4.68385e-13 2.95114e-13 1.85589e-13 1.16497e-13 7.29968e-14 4.56602e-14 2.85128e-14 1.77759e-14 1.10644e-14 6.87628e-15 4.26699e-15 2.64394e-15 1.63591e-15 1.01079e-15 6.23691e-16 3.84328e-16 2.36521e-16 1.45375e-16 8.92421e-17 5.47174e-17 3.35096e-17 2.04979e-17 1.25245e-17 7.64421e-18 4.66051e-18 2.83841e-18 1.7269e-18 1.04959e-18 6.37289e-19 3.86574e-19 2.34268e-19 1.41836e-19 8.5795e-20 5.18496e-20 3.13073e-20 1.88872e-20 1.13847e-20 6.85666e-21 4.12616e-21 2.48102e-21 1.49063e-21 8.94894e-22 5.36836e-22 3.21799e-22 1.92755e-22 1.15375e-22 6.90096e-23 4.12478e-23 2.46372e-23 1.47057e-23 8.77183e-24 5.22887e-24 3.1149e-24 1.8544e-24
1.15075e-06 1.59607e-06 1.88223e-06 1.97088e-06 1.90895e-06 1.74782e-06 1.53274e-06 1.29861e-06 1.06949e-06 8.60012e-07 6.77545e-07 5.24366e-07 3.995e-07 3.0015e-07 2.22701e-07 1.63378e-07 1.1863e-07 8.53305e-08 6.08492e-08 4.30461e-08 3.02269e-08 2.10793e-08 1.46057e-08 1.00594e-08 6.88902e-09 4.69277e-09 3.18065e-09 2.14555e-09 1.44079e-09 9.63401e-10 6.41573e-10 4.25601e-10 2.8129e-10 1.85256e-10 1.21597e-10 7.95557e-11 5.18886e-11 3.37428e-11 2.188e-11 1.41488e-11 9.12515e-12 5.8702e-12 3.76701e-12 2.41162e-12 1.54036e-12 9.81689e-13 6.24298e-13 3.96193e-13 2.50927e-13 1.58613e-13 1.00071e-13 6.302e-14 3.96163e-14 2.48608e-14 1.55749e-14 9.74141e-15 6.0831e-15 3.79275e-15 2.36116e-15 1.46776e-15 9.11089e-16 5.64751e-16 3.4959e-16 2.16113e-16 1.33425e-16 8.22698e-17 5.06644e-17 3.11629e-17 1.9145e-17 1.17481e-17 7.20089e-18 4.4088e-18 2.69639e-18 1.64733e-18 1.00537e-18 6.12948e-19 3.73325e-19 2.27155e-19 1.38083e-19 8.38583e-20 5.08803e-20 3.0843e-20 1.868e-20 1.13036e-20 6.8341e-21 4.12837e-21 2.49182e-21 1.50279e-21 9.05593e-22 5.45288e-22 3.28081e-22 1.97245e-22 1.18497e-22 7.11357e-23 4.2673e-23 2.55805e-23 1.53236e-23 9.17304e-24 5.48745e-24 3.28048e-24 1.95983e-24
6.23233e-07 8.98585e-07 1.08529e-06 1.15899e-06 1.14199e-06 1.06184e-06 9.44428e-07 8.1074e-07 6.75967e-07 5.49925e-07 4.38065e-07 3.42624e-07 2.63691e-07 2.00052e-07 1.49832e-07 1.10921e-07 8.1252e-08 5.89456e-08 4.23844e-08 3.02269e-08 2.13931e-08 1.50341e-08 1.04956e-08 7.2819e-09 5.02292e-09 3.4458e-09 2.35169e-09 1.59715e-09 1.0797e-09 7.26694e-10 4.87062e-10 3.25154e-10 2.16245e-10 1.43293e-10 9.4624e-11 6.22778e-11 4.08585e-11 2.67241e-11 1.7428e-11 1.13336e-11 7.35025e-12 4.75444e-12 3.0676e-12 1.97441e-12 1.2678e-12 8.12221e-13 5.19206e-13 3.3119e-13 2.10822e-13 1.33931e-13 8.49188e-14 5.37409e-14 3.39476e-14 2.14062e-14 1.34746e-14 8.46763e-15 5.31245e-15 3.32762e-15 2.08112e-15 1.29957e-15 8.10333e-16 5.04546e-16 3.13708e-16 1.94785e-16 1.20782e-16 7.47967e-17 4.626e-17 2.8575e-17 1.76293e-17 1.08634e-17 6.68634e-18 4.11068e-18 2.52436e-18 1.54851e-18 9.48874e-19 5.80826e-19 3.5517e-19 2.16963e-19 1.32405e-19 8.0724e-20 4.91683e-20 2.992e-20 1.81902e-20 1.1049e-20 6.7054e-21 4.06582e-21 2.4632e-21 1.49103e-21 9.01815e-22 5.44998e-22 3.29099e-22 1.98572e-22 1.19722e-22 7.21279e-23 4.34218e-23 2.61213e-23 1.57024e-23 9.4326e-24 5.66229e-24 3.39668e-24 2.03621e-24
3.37535e-07 5.05169e-07 6.24488e-07 6.79801e-07 6.81124e-07 6.42914e-07 5.7976e-07 5.04105e-07 4.25384e-07 3.50015e-07 2.81842e-07 2.22719e-07 1.7311e-07 1.32585e-07 1.00216e-07 7.48502e-08 5.53016e-08 4.0455e-08 2.93254e-08 2.10793e-08 1.50341e-08 1.06448e-08 7.48606e-09 5.23128e-09 3.63388e-09 2.51011e-09 1.7247e-09 1.17912e-09 8.02303e-10 5.43452e-10 3.66541e-10 2.46213e-10 1.64744e-10 1.09822e-10 7.29501e-11 4.82928e-11 3.18654e-11 2.09601e-11 1.37455e-11 8.98808e-12 5.86086e-12 3.81143e-12 2.47222e-12 1.59955e-12 1.03242e-12 6.64816e-13 4.27132e-13 2.73823e-13 1.75169e-13 1.11828e-13 7.12481e-14 4.5306e-14 2.87555e-14 1.82176e-14 1.1521e-14 7.27336e-15 4.58406e-15 2.88439e-15 1.81202e-15 1.13657e-15 7.11824e-16 4.45149e-16 2.77978e-16 1.73342e-16 1.07945e-16 6.71295e-17 4.16923e-17 2.58607e-17 1.60207e-17 9.91259e-18 6.12594e-18 3.78136e-18 2.33143e-18 1.43585e-18 8.83316e-19 5.42817e-19 3.3322e-19 2.04342e-19 1.25182e-19 7.66109e-20 4.68398e-20 2.86103e-20 1.7459e-20 1.06443e-20 6.48359e-21 3.94573e-21 2.39916e-21 1.45753e-21 8.8472e-22 5.36579e-22 3.25167e-22 1.96893e-22 1.19127e-22 7.20197e-23 4.35071e-23 2.62629e-23 1.58418e-23 9.54877e-24 5.75148e-24 3.46182e-24 2.08223e-24
1.82805e-07 2.83616e-07 3.58644e-07 3.9778e-07 4.0511e-07 3.88038e-07 3.54661e-07 3.12259e-07 2.66605e-07 2.21813e-07 1.80501e-07 1.4408e-07 1.13072e-07 8.74095e-08 6.66629e-08 5.02227e-08 3.74185e-08 2.75966e-08 2.01634e-08 1.46057e-08 1.04956e-08 7.48606e-09 5.3025e-09 3.73147e-09 2.6099e-09 1.81496e-09 1.25532e-09 8.63791e-10 5.91494e-10 4.03168e-10 2.73599e-10 1.84895e-10 1.24453e-10 8.34504e-11 5.5753e-11 3.71186e-11 2.46298e-11 1.62905e-11 1.07416e-11 7.06173e-12 4.62925e-12 3.02631e-12 1.97316e-12 1.2832e-12 8.32438e-13 5.38725e-13 3.47836e-13 2.24081e-13 1.44043e-13 9.23979e-14 5.91484e-14 3.77886e-14 2.40958e-14 1.53358e-14 9.74274e-15 6.17853e-15 3.91147e-15 2.47209e-15 1.55983e-15 9.82651e-16 6.1808e-16 3.88179e-16 2.43431e-16 1.52438e-16 9.53232e-17 5.95258e-17 3.71216e-17 2.31194e-17 1.43803e-17 8.93334e-18 5.54274e-18 3.43488e-18 2.12611e-18 1.3145e-18 8.11787e-19 5.00775e-19 3.08582e-19 1.89949e-19 1.16802e-19 7.17493e-20 4.40301e-20 2.69931e-20 1.65324e-20 1.0116e-20 6.18404e-21 3.77694e-21 2.30472e-21 1.40511e-21 8.55909e-22 5.20922e-22 3.16777e-22 1.92476e-22 1.16855e-22 7.08876e-23 4.29688e-23 2.60256e-23 1.57514e-23 9.52599e-24 5.75682e-24 3.47648e-24 2.09792e-24
9.90048e-08 1.59031e-07 2.05599e-07 2.32236e-07 2.40315e-07 2.33512e-07 2.16252e-07 1.92739e-07 1.66456e-07 1.39999e-07 1.15104e-07 9.27866e-08 7.35081e-08 5.73426e-08 4.41167e-08 3.35192e-08 2.51792e-08 1.87184e-08 1.37828e-08 1.00594e-08 7.2819e-09 5.23128e-09 3.73147e-09 2.64398e-09 1.86174e-09 1.30323e-09 9.07212e-10 6.28223e-10 4.32869e-10 2.96857e-10 2.02668e-10 1.37773e-10 9.32755e-11 6.2904e-11 4.22638e-11 2.82948e-11 1.8878e-11 1.25539e-11 8.32199e-12 5.49991e-12 3.6242e-12 2.38146e-12 1.56061e-12 1.02e-12 6.64978e-13 4.32461e-13 2.80579e-13 1.81621e-13 1.17303e-13 7.55983e-14 4.8619e-14 3.12045e-14 1.9988e-14 1.27788e-14 8.1545e-15 5.19419e-15 3.30271e-15 2.09641e-15 1.32848e-15 8.40472e-16 5.30885e-16 3.34814e-16 2.10838e-16 1.32572e-16 8.32391e-17 5.21903e-17 3.26779e-17 2.04331e-17 1.27597e-17 7.95771e-18 4.95665e-18 3.08356e-18 1.91598e-18 1.1891e-18 7.37123e-19 4.56425e-19 2.82303e-19 1.74417e-19 1.07646e-19 6.63665e-20 4.08747e-20 2.51491e-20 1.54582e-20 9.49232e-21 5.82333e-21 3.56914e-21 2.18552e-21 1.33707e-21 8.1727e-22 4.99112e-22 3.04549e-22 1.85673e-22 1.13104e-22 6.88422e-23 4.18679e-23 2.54427e-23 1.54493e-23 9.37389e-24 5.68334e-24 3.44322e-24 2.08453e-24
5.36197e-08 8.90693e-08 1.17664e-07 1.35301e-07 1.42207e-07 1.40132e-07 1.31454e-07 1.1857e-07 1.03556e-07 8.8025e-08 7.31054e-08 5.9501e-08 4.75755e-08 3.74439e-08 2.90555e-08 2.22595e-08 1.68558e-08 1.26287e-08 9.36959e-09 6.88902e-09 5.02292e-09 3.63388e-09 2.6099e-09 1.86174e-09 1.31958e-09 9.29683e-10 6.5128e-10 4.53802e-10 3.14596e-10 2.17041e-10 1.49051e-10 1.01912e-10 6.93915e-11 4.70601e-11 3.17938e-11 2.14016e-11 1.43558e-11 9.59728e-12 6.39537e-12 4.24848e-12 2.81385e-12 1.85829e-12 1.22383e-12 8.0382e-13 5.26588e-13 3.44106e-13 2.24315e-13 1.45883e-13 9.46588e-14 6.12855e-14 3.95935e-14 2.55263e-14 1.64238e-14 1.05465e-14 6.75944e-15 4.32423e-15 2.76135e-15 1.76024e-15 1.12015e-15 7.11632e-16 4.51365e-16 2.85831e-16 1.80726e-16 1.14096e-16 7.19256e-17 4.5276e-17 2.84603e-17 1.78654e-17 1.11996e-17 7.01161e-18 4.38403e-18 2.73767e-18 1.70747e-18 1.06365e-18 6.61802e-19 4.11296e-19 2.55321e-19 1.58319e-19 9.80631e-20 6.06753e-20 3.75025e-20 2.31558e-20 1.4283e-20 8.80131e-21 5.41814e-21 3.33224e-21 2.04745e-21 1.25686e-21 7.70841e-22 4.7234e-22 2.89176e-22 1.76887e-22 1.08108e-22 6.60172e-23 4.02809e-23 2.45578e-23 1.49601e-23 9.10619e-24 5.53866e-24 3.36622e-24 2.04435e-24
2.90398e-08 4.9831e-08 6.72328e-08 7.86709e-08 8.39561e-08 8.38746e-08 7.96774e-08 7.27141e-08 6.42083e-08 5.51479e-08 4.6255e-08 3.8004e-08 3.0663e-08 2.43439e-08 1.90494e-08 1.47127e-08 1.1229e-08 8.4775e-09 6.33655e-09 4.69277e-09 3.4458e-09 2.51011e-09 1.81496e-09 1.30323e-09 9.29683e-10 6.5914e-10 4.64622e-10 3.25715e-10 2.27153e-10 1.57635e-10 1.08881e-10 7.48697e-11 5.12637e-11 3.49578e-11 2.37458e-11 1.60697e-11 1.08361e-11 7.28198e-12 4.87742e-12 3.25651e-12 2.16764e-12 1.4386e-12 9.52051e-13 6.2833e-13 4.13584e-13 2.71535e-13 1.77833e-13 1.16186e-13 7.57329e-14 4.92533e-14 3.19621e-14 2.06973e-14 1.3375e-14 8.62589e-15 5.55222e-15 3.56703e-15 2.28741e-15 1.4642e-15 9.35614e-16 5.96832e-16 3.80088e-16 2.41664e-16 1.53409e-16 9.72346e-17 6.15367e-17 3.88872e-17 2.45388e-17 1.54629e-17 9.73032e-18 6.11476e-18 3.8376e-18 2.40536e-18 1.50574e-18 9.41424e-19 5.87886e-19 3.66679e-19 2.28441e-19 1.42156e-19 8.83633e-20 5.48658e-20 3.40302e-20 2.10847e-20 1.30503e-20 8.06926e-21 4.98439e-21 3.07584e-21 1.89626e-21 1.16794e-21 7.18681e-22 4.41832e-22 2.71385e-22 1.66545e-22 1.02118e-22 6.256e-23 3.82938e-23 2.34207e-23 1.43126e-23 8.7395e-24 5.33228e-24 3.25089e-24 1.98042e-24
1.57276e-08 2.78502e-08 3.83592e-08 4.5658e-08 4.9458e-08 5.00786e-08 4.8163e-08 4.44608e-08 3.96848e-08 3.44335e-08 2.91617e-08 2.41822e-08 1.96848e-08 1.5762e-08 1.24358e-08 9.68146e-09 7.44625e-09 5.66389e-09 4.26443e-09 3.18065e-09 2.35169e-09 1.7247e-09 1.25532e-09 9.07212e-10 6.5128e-10 4.64622e-10 3.29503e-10 2.32373e-10 1.63008e-10 1.13774e-10 7.90307e-11 5.46472e-11 3.76227e-11 2.57945e-11 1.76147e-11 1.19831e-11 8.12231e-12 5.48612e-12 3.69308e-12 2.47801e-12 1.65754e-12 1.10539e-12 7.35039e-13 4.87402e-13 3.22321e-13 2.12595e-13 1.39868e-13 9.17951e-14 6.01019e-14 3.92605e-14 2.5589e-14 1.66422e-14 1.08007e-14 6.99523e-15 4.52157e-15 2.91699e-15 1.87829e-15 1.20724e-15 7.74548e-16 4.96073e-16 3.1718e-16 2.02463e-16 1.29028e-16 8.2099e-17 5.21581e-17 3.30866e-17 2.09577e-17 1.32559e-17 8.37271e-18 5.28111e-18 3.32659e-18 2.09268e-18 1.31475e-18 8.2497e-19 5.17005e-19 3.23613e-19 2.0232e-19 1.26342e-19 7.88063e-20 4.91006e-20 3.05588e-20 1.89984e-20 1.17988e-20 7.31992e-21 4.53662e-21 2.80882e-21 1.73735e-21 1.07357e-21 6.62768e-22 4.08777e-22 2.51891e-22 1.55077e-22 9.53881e-23 5.86223e-23 3.59963e-23 2.20844e-23 1.35379e-23 8.29208e-24 5.07486e-24 3.10341e-24 1.89634e-24
8.51785e-09 1.55503e-08 2.18548e-08 2.64518e-08 2.90753e-08 2.98305e-08 2.90385e-08 2.71095e-08 2.44541e-08 2.1431e-08 1.83229e-08 1.53326e-08 1.259e-08 1.01657e-08 8.0855e-09 6.34401e-09 4.91639e-09 3.76715e-09 2.85668e-09 2.14555e-09 1.59715e-09 1.17912e-09 8.63791e-10 6.28223e-10 4.53802e-10 3.25715e-10 2.32373e-10 1.64837e-10 1.16298e-10 8.16314e-11 5.70193e-11 3.9643e-11 2.74399e-11 1.89129e-11 1.29829e-11 8.87767e-12 6.04795e-12 4.10549e-12 2.77735e-12 1.87266e-12 1.25865e-12 8.43374e-13 5.63443e-13 3.75352e-13 2.49361e-13 1.65219e-13 1.09186e-13 7.19767e-14 4.73329e-14 3.10537e-14 2.03271e-14 1.32762e-14 8.65251e-15 5.62733e-15 3.65242e-15 2.36593e-15 1.52963e-15 9.87096e-16 6.35829e-16 4.08836e-16 2.62426e-16 1.68162e-16 1.07581e-16 6.87136e-17 4.38195e-17 2.79013e-17 1.77391e-17 1.12616e-17 7.13914e-18 4.51942e-18 2.85708e-18 1.80377e-18 1.13728e-18 7.16129e-19 4.5037e-19 2.82885e-19 1.7747e-19 1.11205e-19 6.9601e-20 4.35122e-20 2.71719e-20 1.69493e-20 1.05612e-20 6.57377e-21 4.08756e-21 2.53904e-21 1.57557e-21 9.76739e-22 6.04919e-22 3.74285e-22 2.31366e-22 1.42889e-22 8.81661e-23 5.43524e-23 3.34776e-23 2.06023e-23 1.2668e-23 7.78279e-24 4.77757e-24 2.93039e-24 1.79597e-24
4.61316e-09 8.6748e-09 1.2435e-08 1.52992e-08 1.70594e-08 1.77301e-08 1.74653e-08 1.6486e-08 1.5026e-08 1.3298e-08 1.14758e-08 9.68877e-09 8.02389e-09 6.53226e-09 5.23689e-09 4.14056e-09 3.23271e-09 2.49497e-09 1.90528e-09 1.44079e-09 1.0797e-09 8.02303e-10 5.91494e-10 4.32869e-10 3.14596e-10 2.27153e-10 1.63008e-10 1.16298e-10 8.25162e-11 5.82416e-11 4.0904e-11 2.85917e-11 1.98953e-11 1.37842e-11 9.51089e-12 6.53644e-12 4.4752e-12 3.05282e-12 2.07525e-12 1.40597e-12 9.4945e-13 6.39163e-13 4.28984e-13 2.87082e-13 1.9158e-13 1.27501e-13 8.46315e-14 5.60331e-14 3.70071e-14 2.43829e-14 1.60279e-14 1.05121e-14 6.8794e-15 4.49249e-15 2.92769e-15 1.9041e-15 1.23596e-15 8.00733e-16 5.17803e-16 3.34238e-16 2.15367e-16 1.38534e-16 8.89612e-17 5.7034e-17 3.65066e-17 2.33307e-17 1.48875e-17 9.4856e-18 6.03495e-18 3.83408e-18 2.43243e-18 1.54108e-18 9.75051e-19 6.16112e-19 3.88806e-19 2.45052e-19 1.54258e-19 9.69861e-20 6.09055e-20 3.8203e-20 2.39354e-20 1.49795e-20 9.36433e-21 5.84771e-21 3.64783e-21 2.27316e-21 1.41508e-21 8.80022e-22 5.46736e-22 3.39343e-22 2.10419e-22 1.30354e-22 8.06791e-23 4.98888e-23 3.08217e-23 1.90252e-23 1.17334e-23 7.23016e-24 4.45152e-24 2.73848e-24 1.68328e-24
2.49843e-09 4.83515e-09 7.06645e-09 8.8348e-09 9.99077e-09 1.0516e-08 1.04803e-08 1.00003e-08 9.20787e-09 8.22771e-09 7.16554e-09 6.1028e-09 5.09667e-09 4.18281e-09 3.37954e-09 2.69223e-09 2.11733e-09 1.64575e-09 1.26546e-09 9.63401e-10 7.26694e-10 5.43452e-10 4.03168e-10 2.96857e-10 2.17041e-10 1.57635e-10 1.13774e-10 8.16314e-11 5.82416e-11 4.13328e-11 2.91847e-11 2.05077e-11 1.43444e-11 9.98927e-12 6.92721e-12 4.78446e-12 3.29177e-12 2.25639e-12 1.54117e-12 1.04905e-12 7.11719e-13 4.81325e-13 3.24514e-13 2.18143e-13 1.4622e-13 9.77389e-14 6.51575e-14 4.33246e-14 2.87351e-14 1.90121e-14 1.25494e-14 8.2645e-15 5.43052e-15 3.56062e-15 2.32967e-15 1.52115e-15 9.91252e-16 6.44691e-16 4.18502e-16 2.7117e-16 1.7539e-16 1.13242e-16 7.299e-17 4.69672e-17 3.01729e-17 1.9353e-17 1.23937e-17 7.92489e-18 5.05986e-18 3.2259e-18 2.05373e-18 1.30566e-18 8.28944e-19 5.25579e-19 3.32799e-19 2.10459e-19 1.32925e-19 8.38511e-20 5.28307e-20 3.32467e-20 2.0898e-20 1.31209e-20 8.22878e-21 5.15501e-21 3.22592e-21 2.01658e-21 1.25929e-21 7.85579e-22 4.89572e-22 3.04798e-22 1.89577e-22 1.17799e-22 7.31293e-23 4.53563e-23 2.81053e-23 1.74e-23 1.07628e-23 6.65158e-24 4.10727e-24 2.53405e-24 1.56213e-24
1.35312e-09 2.69285e-09 4.01086e-09 5.09418e-09 5.84077e-09 6.22486e-09 6.27504e-09 6.05171e-09 5.62808e-09 5.07673e-09 4.46125e-09 3.83237e-09 3.22702e-09 2.66948e-09 2.17339e-09 1.74424e-09 1.38165e-09 1.08142e-09 8.3719e-10 6.41573e-10 4.87062e-10 3.66541e-10 2.73599e-10 2.02668e-10 1.49051e-10 1.08881e-10 7.90307e-11 5.70193e-11 4.0904e-11 2.91847e-11 2.07159e-11 1.46325e-11 1.02872e-11 7.19999e-12 5.01772e-12 3.48257e-12 2.40761e-12 1.65818e-12 1.13789e-12 7.78136e-13 5.30334e-13 3.60277e-13 2.43986e-13 1.64735e-13 1.10902e-13 7.44503e-14 4.98437e-14 3.32818e-14 2.21663e-14 1.47265e-14 9.76026e-15 6.45369e-15 4.25764e-15 2.80266e-15 1.84095e-15 1.20672e-15 7.89385e-16 5.15362e-16 3.35814e-16 2.18409e-16 1.4179e-16 9.18852e-17 5.94414e-17 3.83878e-17 2.475e-17 1.59314e-17 1.02386e-17 6.56989e-18 4.20935e-18 2.69295e-18 1.72032e-18 1.09743e-18 6.99097e-19 4.44741e-19 2.82552e-19 1.79275e-19 1.13602e-19 7.18963e-20 4.54455e-20 2.86914e-20 1.80924e-20 1.13956e-20 7.16935e-21 4.50543e-21 2.82823e-21 1.77346e-21 1.11089e-21 6.95125e-22 4.34521e-22 2.71344e-22 1.69278e-22 1.05501e-22 6.56892e-23 4.08623e-23 2.53951e-23 1.57681e-23 9.78178e-24 6.06279e-24 3.75448e-24 2.32302e-24 1.43612e-24
7.32831e-10 1.49859e-09 2.27396e-09 2.93314e-09 3.4089e-09 3.67777e-09 3.74931e-09 3.65387e-09 3.43162e-09 3.12433e-09 2.76992e-09 2.39963e-09 2.03703e-09 1.69827e-09 1.39311e-09 1.1262e-09 8.98395e-10 7.08013e-10 5.51775e-10 4.25601e-10 3.25154e-10 2.46213e-10 1.84895e-10 1.37773e-10 1.01912e-10 7.48697e-11 5.46472e-11 3.9643e-11 2.85917e-11 2.05077e-11 1.46325e-11 1.03884e-11 7.34018e-12 5.16284e-12 3.61559e-12 2.5215e-12 1.75146e-12 1.21192e-12 8.35496e-13 5.73949e-13 3.92932e-13 2.68121e-13 1.82374e-13 1.23669e-13 8.3613e-14 5.6369e-14 3.78967e-14 2.54095e-14 1.69926e-14 1.13352e-14 7.54279e-15 5.0073e-15 3.31644e-15 2.19162e-15 1.44515e-15 9.50902e-16 6.244e-16 4.09181e-16 2.67619e-16 1.74699e-16 1.13829e-16 7.40333e-17 4.80652e-17 3.11518e-17 2.01559e-17 1.30197e-17 8.39659e-18 5.40652e-18 3.47587e-18 2.23128e-18 1.43022e-18 9.15425e-19 5.85099e-19 3.73451e-19 2.38039e-19 1.51525e-19 9.63288e-20 6.11606e-20 3.87831e-20 2.45629e-20 1.55379e-20 9.81727e-21 6.19561e-21 3.90555e-21 2.4592e-21 1.54678e-21 9.71832e-22 6.09949e-22 3.82421e-22 2.39522e-22 1.49868e-22 9.36794e-23 5.84997e-23 3.64961e-23 2.27473e-23 1.41647e-23 8.81232e-24 5.47748e-24 3.40163e-24 2.11063e-24 1.30848e-24
3.96892e-10 8.3338e-10 1.28783e-09 1.68656e-09 1.9864e-09 2.16898e-09 2.23573e-09 2.20133e-09 2.0875e-09 1.91801e-09 1.71528e-09 1.49837e-09 1.28213e-09 1.07714e-09 8.90157e-10 7.24776e-10 5.822e-10 4.61926e-10 3.6236e-10 2.8129e-10 2.16245e-10 1.64744e-10 1.24453e-10 9.32755e-11 6.93915e-11 5.12637e-11 3.76227e-11 2.74399e-11 1.98953e-11 1.43444e-11 1.02872e-11 7.34018e-12 5.2121e-12 3.6839e-12 2.59228e-12 1.8164e-12 1.26759e-12 8.81147e-13 6.10224e-13 4.21078e-13 2.89552e-13 1.98443e-13 1.35563e-13 9.23193e-14 6.26808e-14 4.24336e-14 2.86458e-14 1.92853e-14 1.29491e-14 8.67245e-15 5.79377e-15 3.86128e-15 2.56733e-15 1.7031e-15 1.12729e-15 7.44551e-16 4.90728e-16 3.22774e-16 2.1188e-16 1.38816e-16 9.07749e-17 5.92502e-17 3.86039e-17 2.51078e-17 1.63019e-17 1.05667e-17 6.83799e-18 4.41795e-18 2.84992e-18 1.83559e-18 1.18051e-18 7.58095e-19 4.86131e-19 3.11294e-19 1.99062e-19 1.27121e-19 8.10723e-20 5.16372e-20 3.28472e-20 2.08685e-20 1.32419e-20 8.39244e-21 5.31266e-21 3.35917e-21 2.12157e-21 1.33843e-21 8.43443e-22 5.30943e-22 3.33871e-22 2.09728e-22 1.31609e-22 8.25049e-23 5.16704e-23 3.23281e-23 2.02069e-23 1.26186e-23 7.87257e-24 4.9071e-24 3.05592e-24 1.9014e-24 1.18202e-24
