0.213984 0.101361 0.048013 0.022743 0.010773 0.005103 0.00241721 0.001145 0.000542366 0.00025691 0.000121694 5.76447e-05 2.73054e-05 1.29341e-05 6.12669e-06 2.90212e-06 1.37469e-06 6.51168e-07 3.08448e-07 1.46107e-07 6.92085e-08 3.2783e-08 1.55288e-08 7.35574e-09 3.4843e-09 1.65046e-09 7.81795e-10 3.70324e-10 1.75417e-10 8.30921e-11 3.93594e-11 1.86439e-11 8.83134e-12 4.18326e-12 1.98155e-12 9.38627e-13 4.44613e-13 2.10606e-13 9.97608e-14 4.72551e-14 2.2384e-14 1.06029e-14 5.02245e-15 2.37905e-15 1.12692e-15 5.33805e-16 2.52855e-16 1.19773e-16 5.67347e-17 2.68743e-17 1.273e-17 6.02998e-18 2.85631e-18 1.35299e-18 6.40888e-19 3.03579e-19 1.438e-19 6.8116e-20 3.22655e-20 1.52836e-20 7.23962e-21 3.42929e-21 1.6244e-21 7.69454e-22 3.64478e-22 1.72648e-22 8.17804e-23 3.87381e-23 1.83496e-23 8.69193e-24 4.11723e-24 1.95027e-24 9.2381e-25 4.37594e-25 2.07282e-25 9.8186e-26 4.65092e-26 2.20307e-26 1.04356e-26 4.94317e-27 2.3415e-27 1.10913e-27 5.25378e-28 2.48863e-28 1.17883e-28 5.58391e-29 2.64501e-29 1.2529e-29 5.93479e-30 2.81122e-30 1.33163e-30 6.30771e-31 2.98786e-31 1.4153e-31 6.70407e-32 3.17561e-32 1.50424e-32 7.12534e-33 3.37516e-33 1.59876e-33 7.57307e-34
0.101361 0.0614992 0.0355194 0.019851 0.0108365 0.00581202 0.00307467 0.00160877 0.00083421 0.000429335 0.000219561 0.000111672 5.65303e-05 2.84984e-05 1.43144e-05 7.16664e-06 3.57763e-06 1.78131e-06 8.84816e-07 4.38563e-07 2.16949e-07 1.07127e-07 5.28105e-08 2.59942e-08 1.27766e-08 6.27168e-09 3.07481e-09 1.50576e-09 7.36595e-10 3.59969e-10 1.75749e-10 8.57299e-11 4.17839e-11 2.0349e-11 9.90263e-12 4.81561e-12 2.34023e-12 1.13655e-12 5.5164e-13 2.67591e-13 1.29732e-13 6.28626e-14 3.04453e-14 1.4738e-14 7.13109e-15 3.44891e-15 1.66733e-15 8.05726e-16 3.89208e-16 1.87938e-16 9.07168e-17 4.37734e-17 2.11148e-17 1.01818e-17 4.90821e-18 2.36533e-18 1.13955e-18 5.48852e-19 2.64275e-19 1.27217e-19 6.12237e-20 2.9457e-20 1.41694e-20 6.81422e-21 3.27628e-21 1.57489e-21 7.56883e-22 3.63678e-22 1.7471e-22 8.39138e-23 4.02964e-23 1.93473e-23 9.28741e-24 4.45752e-24 2.13904e-24 1.02629e-24 4.92326e-25 2.36138e-25 1.13244e-25 5.42994e-26 2.60323e-26 1.24787e-26 5.98084e-27 2.86614e-27 1.37333e-27 6.57955e-28 3.15182e-28 1.50964e-28 7.22988e-29 3.46208e-29 1.65765e-29 7.93596e-30 3.79889e-30 1.81831e-30 8.70222e-31 4.16436e-31 1.9926e-31 9.53346e-32 4.56076e-32 2.18163e-32 1.04348e-32
0.048013 0.0355194 0.0237269 0.014911 0.00899317 0.00526449 0.00301235 0.00169284 0.000937447 0.000512821 0.000277643 0.000148986 7.93312e-05 4.19559e-05 2.20561e-05 1.15327e-05 6.00116e-06 3.10917e-06 1.60447e-06 8.24985e-07 4.22784e-07 2.16005e-07 1.10049e-07 5.59202e-08 2.83464e-08 1.43365e-08 7.23551e-09 3.64447e-09 1.83229e-09 9.19585e-10 4.6076e-10 2.30506e-10 1.15147e-10 5.74403e-11 2.86159e-11 1.42382e-11 7.07592e-12 3.51252e-12 1.74174e-12 8.6278e-13 4.26961e-13 2.11089e-13 1.04268e-13 5.14588e-14 2.53751e-14 1.25029e-14 6.15571e-15 3.02849e-15 1.48891e-15 7.31494e-16 3.59144e-16 1.76218e-16 8.64107e-17 4.23474e-17 2.07414e-17 1.01533e-17 4.96761e-18 2.42919e-18 1.18729e-18 5.80021e-19 2.83221e-19 1.38232e-19 6.74372e-20 3.28854e-20 1.60297e-20 7.81041e-21 3.80408e-21 1.85207e-21 9.01375e-22 4.38526e-22 2.13271e-22 1.03686e-22 5.03918e-23 2.44827e-23 1.18911e-23 5.77361e-24 2.80248e-24 1.35991e-24 6.59707e-25 3.19942e-25 1.55121e-25 7.5189e-26 3.64354e-26 1.76515e-26 8.5493e-27 4.13974e-27 2.00406e-27 9.69947e-28 4.69337e-28 2.27051e-28 1.09816e-28 5.31028e-29 2.5673e-29 1.24092e-29 5.99687e-30 2.89747e-30 1.39968e-30 6.76013e-31 3.26438e-31 1.57604e-31 7.6077e-32
0.022743 0.019851 0.014911 0.0102978 0.00673191 0.00423144 0.00258183 0.00153879 0.000899812 0.000517883 0.000294083 0.000165076 9.17328e-05 5.05259e-05 2.76113e-05 1.49831e-05 8.07907e-06 4.33139e-06 2.31005e-06 1.22613e-06 6.47952e-07 3.41026e-07 1.78814e-07 9.34332e-08 4.86622e-08 2.52677e-08 1.3083e-08 6.75609e-09 3.48013e-09 1.78843e-09 9.17031e-10 4.69225e-10 2.39615e-10 1.22131e-10 6.21384e-11 3.15611e-11 1.60044e-11 8.10314e-12 4.09661e-12 2.06815e-12 1.04268e-12 5.25001e-13 2.64015e-13 1.32611e-13 6.65326e-14 3.33435e-14 1.66928e-14 8.34842e-15 4.17113e-15 2.08206e-15 1.03833e-15 5.17364e-16 2.57565e-16 1.28121e-16 6.3681e-17 3.16275e-17 1.56963e-17 7.7842e-18 3.8577e-18 1.91051e-18 9.45546e-19 4.6767e-19 2.31168e-19 1.14197e-19 5.63801e-20 2.78196e-20 1.37194e-20 6.76216e-21 3.33126e-21 1.64025e-21 8.07226e-22 3.97073e-22 1.95227e-22 9.59421e-23 4.71285e-23 2.31403e-23 1.13571e-23 5.57165e-24 2.73227e-24 1.33934e-24 6.56279e-25 3.21456e-25 1.57395e-25 7.7038e-26 3.76932e-26 1.84362e-26 9.01426e-27 4.406e-27 2.15287e-27 1.0516e-27 5.1351e-28 2.50676e-28 1.22334e-28 5.96834e-29 2.91094e-29 1.41936e-29 6.91875e-30 3.37168e-30 1.64266e-30 8.00087e-31 3.89595e-31
0.010773 0.0108365 0.00899317 0.00673191 0.00471602 0.00315206 0.0020333 0.00127546 0.000782104 0.000470596 0.000278655 0.000162737 9.39031e-05 5.36124e-05 3.03219e-05 1.70051e-05 9.46442e-06 5.23128e-06 2.87333e-06 1.56912e-06 8.52352e-07 4.60735e-07 2.47919e-07 1.32841e-07 7.08996e-08 3.77012e-08 1.99787e-08 1.05529e-08 5.55709e-09 2.91793e-09 1.52799e-09 7.98086e-10 4.15832e-10 2.16162e-10 1.1212e-10 5.80335e-11 2.99781e-11 1.54561e-11 7.95437e-12 4.08651e-12 2.09592e-12 1.07325e-12 5.4873e-13 2.80141e-13 1.42817e-13 7.27091e-14 3.69682e-14 1.87723e-14 9.52093e-15 4.82313e-15 2.44054e-15 1.23357e-15 6.22851e-16 3.14165e-16 1.58307e-16 7.96938e-17 4.00816e-17 2.01406e-17 1.01116e-17 5.07225e-18 2.54227e-18 1.2732e-18 6.37133e-19 3.18594e-19 1.59193e-19 7.94879e-20 3.96621e-20 1.97768e-20 9.85482e-21 4.90753e-21 2.44233e-21 1.21473e-21 6.03807e-22 2.9996e-22 1.4893e-22 7.39025e-23 3.66524e-23 1.81684e-23 9.0013e-24 4.45734e-24 2.20613e-24 1.09139e-24 5.39661e-25 2.66724e-25 1.31768e-25 6.50673e-26 3.21165e-26 1.58457e-26 7.8147e-27 3.85246e-27 1.89841e-27 9.35133e-28 4.60458e-28 2.26644e-28 1.11516e-28 5.48499e-29 2.69687e-29 1.32554e-29 6.51294e-30 3.19902e-30 1.57077e-30
0.005103 0.00581202 0.00526449 0.00423144 0.00315206 0.00222522 0.0015086 0.000990688 0.000633945 0.000397009 0.00024412 0.00014776 8.82139e-05 5.20294e-05 3.0358e-05 1.75426e-05 1.0049e-05 5.71092e-06 3.22215e-06 1.80593e-06 1.006e-06 5.57242e-07 3.07051e-07 1.68368e-07 9.19029e-08 4.99516e-08 2.70417e-08 1.45843e-08 7.83795e-09 4.19824e-09 2.24161e-09 1.19331e-09 6.33452e-10 3.35353e-10 1.77083e-10 9.32801e-11 4.90216e-11 2.5705e-11 1.345e-11 7.02333e-12 3.66028e-12 1.90401e-12 9.88655e-13 5.1247e-13 2.65197e-13 1.37017e-13 7.06823e-14 3.64084e-14 1.8727e-14 9.6191e-15 4.93424e-15 2.52781e-15 1.29338e-15 6.60969e-16 3.37387e-16 1.72021e-16 8.7611e-17 4.4573e-17 2.26535e-17 1.15017e-17 5.83399e-18 2.95636e-18 1.49675e-18 7.57096e-19 3.82626e-19 1.9321e-19 9.74821e-20 4.91441e-20 2.47558e-20 1.2461e-20 6.26761e-21 3.15019e-21 1.58221e-21 7.94129e-22 3.98313e-22 1.99651e-22 1.00009e-22 5.00646e-23 2.50471e-23 1.25234e-23 6.25795e-24 3.1253e-24 1.55994e-24 7.78184e-25 3.87993e-25 1.93347e-25 9.62995e-26 4.79393e-26 2.38531e-26 1.18628e-26 5.89684e-27 2.92989e-27 1.45507e-27 7.22303e-28 3.58398e-28 1.77755e-28 8.81244e-29 4.36705e-29 2.16323e-29 1.07113e-29 5.30167e-30
0.00241721 0.00307467 0.00301235 0.00258183 0.0020333 0.0015086 0.00107016 0.000732773 0.000487543 0.00031671 0.000201598 0.000126096 7.76737e-05 4.72048e-05 2.83452e-05 1.6838e-05 9.90541e-06 5.77578e-06 3.3407e-06 1.91798e-06 1.09365e-06 6.19681e-07 3.49066e-07 1.95557e-07 1.08999e-07 6.04634e-08 3.339e-08 1.83614e-08 1.0057e-08 5.48782e-09 2.98391e-09 1.61699e-09 8.73458e-10 4.70386e-10 2.52586e-10 1.35258e-10 7.22395e-11 3.8485e-11 2.04533e-11 1.0845e-11 5.7377e-12 3.02917e-12 1.59596e-12 8.39208e-13 4.40451e-13 2.30747e-13 1.20674e-13 6.30029e-14 3.28396e-14 1.70904e-14 8.88064e-15 4.60785e-15 2.38745e-15 1.2353e-15 6.38307e-16 3.29402e-16 1.69776e-16 8.73976e-17 4.49375e-17 2.30792e-17 1.18399e-17 6.06742e-18 3.10601e-18 1.58839e-18 8.11479e-19 4.14167e-19 2.11185e-19 1.07585e-19 5.47583e-20 2.78463e-20 1.41486e-20 7.18287e-21 3.64359e-21 1.84678e-21 9.35332e-22 4.73355e-22 2.39379e-22 1.20968e-22 6.10871e-23 3.08267e-23 1.55457e-23 7.83444e-24 3.94569e-24 1.98593e-24 9.98927e-25 5.02157e-25 2.52283e-25 1.26672e-25 6.35663e-26 3.18808e-26 1.59806e-26 8.00613e-27 4.00887e-27 2.00631e-27 1.00358e-27 5.0175e-28 2.50733e-28 1.25235e-28 6.25225e-29 3.11993e-29 1.55616e-29
0.001145 0.00160877 0.00169284 0.00153879 0.00127546 0.000990688 0.000732773 0.000521533 0.000359749 0.000241761 0.00015891 0.000102475 6.49876e-05 4.06109e-05 2.50468e-05 1.52666e-05 9.20673e-06 5.49872e-06 3.25516e-06 1.9114e-06 1.11398e-06 6.44743e-07 3.70765e-07 2.11935e-07 1.20468e-07 6.81169e-08 3.83263e-08 2.14645e-08 1.19686e-08 6.6461e-09 3.67611e-09 2.0258e-09 1.11243e-09 6.08819e-10 3.32136e-10 1.80642e-10 9.79616e-11 5.29766e-11 2.85729e-11 1.53715e-11 8.24921e-12 4.4166e-12 2.35929e-12 1.25757e-12 6.68916e-13 3.55088e-13 1.8813e-13 9.94864e-14 5.25151e-14 2.76722e-14 1.4557e-14 7.64515e-15 4.0088e-15 2.09882e-15 1.09722e-15 5.72774e-16 2.98585e-16 1.5544e-16 8.08138e-17 4.19617e-17 2.17611e-17 1.12715e-17 5.83142e-18 3.01348e-18 1.55553e-18 8.02082e-19 4.13142e-19 2.12585e-19 1.09277e-19 5.61178e-20 2.8791e-20 1.47574e-20 7.55726e-21 3.86665e-21 1.97664e-21 1.0096e-21 5.15247e-22 2.62741e-22 1.33874e-22 6.81594e-23 3.46758e-23 1.76281e-23 8.95506e-24 4.54592e-24 2.30607e-24 1.16904e-24 5.92232e-25 2.99827e-25 1.51695e-25 7.67003e-26 3.87574e-26 1.95726e-26 9.87839e-27 4.98275e-27 2.51191e-27 1.26559e-27 6.373e-28 3.20745e-28 1.61341e-28 8.1115e-29 4.07601e-29
0.000542366 0.00083421 0.000937447 0.000899812 0.000782104 0.000633945 0.000487543 0.000359749 0.000256664 0.00017805 0.000120604 8.00282e-05 5.21572e-05 3.34569e-05 2.11596e-05 1.32132e-05 8.15664e-06 4.9828e-06 3.01496e-06 1.80831e-06 1.07583e-06 6.35266e-07 3.7251e-07 2.17019e-07 1.25666e-07 7.2354e-08 4.14367e-08 2.36113e-08 1.33903e-08 7.55975e-09 4.24989e-09 2.37954e-09 1.32722e-09 7.3758e-10 4.08473e-10 2.25463e-10 1.24054e-10 6.80504e-11 3.7221e-11 2.03019e-11 1.1044e-11 5.99241e-12 3.24344e-12 1.75138e-12 9.43544e-13 5.0721e-13 2.72077e-13 1.45649e-13 7.78146e-14 4.1494e-14 2.20855e-14 1.17341e-14 6.22361e-15 3.29538e-15 1.74205e-15 9.19458e-16 4.84549e-16 2.54975e-16 1.33977e-16 7.03001e-17 3.68373e-17 1.92772e-17 1.00749e-17 5.25883e-18 2.74162e-18 1.42761e-18 7.42516e-19 3.85755e-19 2.00188e-19 1.03776e-19 5.374e-20 2.78006e-20 1.43673e-20 7.41777e-21 3.82609e-21 1.97166e-21 1.0151e-21 5.22159e-22 2.68358e-22 1.37802e-22 7.07025e-23 3.62458e-23 1.85666e-23 9.50311e-24 4.86033e-24 2.48392e-24 1.2685e-24 6.47333e-25 3.30109e-25 1.68223e-25 8.56675e-26 4.3597e-26 2.21724e-26 1.1269e-26 5.72384e-27 2.90548e-27 1.47395e-27 7.4729e-28 3.78651e-28 1.91751e-28 9.70488e-29
0.00025691 0.000429335 0.000512821 0.000517883 0.000470596 0.000397009 0.00031671 0.000241761 0.00017805 0.000127265 8.8683e-05 6.04561e-05 4.04304e-05 2.65835e-05 1.72168e-05 1.1e-05 6.94225e-06 4.33261e-06 2.67644e-06 1.63789e-06 9.9367e-07 5.98013e-07 3.5722e-07 2.11902e-07 1.24884e-07 7.31521e-08 4.26044e-08 2.46794e-08 1.42233e-08 8.15772e-09 4.6575e-09 2.64761e-09 1.49887e-09 8.4522e-10 4.74844e-10 2.65817e-10 1.48297e-10 8.24637e-11 4.57127e-11 2.52644e-11 1.39229e-11 7.65161e-12 4.19392e-12 2.29286e-12 1.25044e-12 6.8033e-13 3.693e-13 2.00023e-13 1.08107e-13 5.83078e-14 3.13859e-14 1.68617e-14 9.04183e-15 4.83974e-15 2.58598e-15 1.37938e-15 7.34559e-16 3.90544e-16 2.07316e-16 1.09885e-16 5.81569e-17 3.07355e-17 1.62208e-17 8.54896e-18 4.49965e-18 2.36528e-18 1.24177e-18 6.51124e-19 3.4101e-19 1.78387e-19 9.32106e-20 4.865e-20 2.53646e-20 1.32103e-20 6.87299e-21 3.57222e-21 1.85481e-21 9.62144e-22 4.98618e-22 2.58162e-22 1.33543e-22 6.90183e-23 3.56392e-23 1.83875e-23 9.47876e-24 4.88231e-24 2.51275e-24 1.29221e-24 6.64017e-25 3.40955e-25 1.74941e-25 8.96954e-26 4.59555e-26 2.35288e-26 1.20382e-26 6.15504e-27 3.14493e-27 1.60586e-27 8.19453e-28 4.17895e-28 2.12981e-28
0.000121694 0.000219561 0.000277643 0.000294083 0.000278655 0.00024412 0.000201598 0.00015891 0.000120604 8.8683e-05 6.34809e-05 4.43978e-05 3.0427e-05 2.04815e-05 1.35678e-05 8.85941e-06 5.71011e-06 3.63693e-06 2.29147e-06 1.42942e-06 8.83503e-07 5.4144e-07 3.2919e-07 1.98669e-07 1.19071e-07 7.09026e-08 4.19632e-08 2.46932e-08 1.4452e-08 8.41493e-09 4.87594e-09 2.81228e-09 1.61493e-09 9.23487e-10 5.25989e-10 2.98449e-10 1.68726e-10 9.50566e-11 5.33744e-11 2.98741e-11 1.66695e-11 9.27403e-12 5.14495e-12 2.84647e-12 1.57069e-12 8.64508e-13 4.74663e-13 2.6e-13 1.42092e-13 7.74831e-14 4.21614e-14 2.28941e-14 1.24069e-14 6.71053e-15 3.62271e-15 1.95216e-15 1.05009e-15 5.63882e-16 3.02289e-16 1.61789e-16 8.64549e-17 4.61275e-17 2.45742e-17 1.30726e-17 6.94431e-18 3.68378e-18 1.95151e-18 1.03246e-18 5.45533e-19 2.87887e-19 1.51737e-19 7.98802e-20 4.2003e-20 2.2061e-20 1.15741e-20 6.06559e-21 3.17538e-21 1.6606e-21 8.67544e-22 4.52776e-22 2.36075e-22 1.2297e-22 6.39946e-23 3.32726e-23 1.72838e-23 8.97031e-24 4.65157e-24 2.41004e-24 1.24763e-24 6.45347e-25 3.33543e-25 1.72254e-25 8.889e-26 4.5836e-26 2.36177e-26 1.21605e-26 6.25679e-27 3.21697e-27 1.65288e-27 8.48673e-28 4.35461e-28
5.76447e-05 0.000111672 0.000148986 0.000165076 0.000162737 0.00014776 0.000126096 0.000102475 8.00282e-05 6.04561e-05 4.43978e-05 3.18183e-05 2.23209e-05 1.53653e-05 1.04004e-05 6.93388e-06 4.55977e-06 2.96131e-06 1.90133e-06 1.20799e-06 7.60067e-07 4.73948e-07 2.93071e-07 1.79814e-07 1.09521e-07 6.62515e-08 3.98193e-08 2.37877e-08 1.41293e-08 8.34695e-09 4.9057e-09 2.86914e-09 1.67027e-09 9.68047e-10 5.58694e-10 3.21145e-10 1.83889e-10 1.04908e-10 5.96382e-11 3.37885e-11 1.90809e-11 1.07416e-11 6.02882e-12 3.37394e-12 1.8829e-12 1.04797e-12 5.81758e-13 3.22139e-13 1.77948e-13 9.80665e-14 5.39217e-14 2.95836e-14 1.61962e-14 8.84868e-15 4.82474e-15 2.62557e-15 1.42612e-15 7.73197e-16 4.18457e-16 2.26079e-16 1.21937e-16 6.56598e-17 3.52996e-17 1.89481e-17 1.01555e-17 5.43497e-18 2.90447e-18 1.54998e-18 8.26023e-19 4.39618e-19 2.33664e-19 1.24038e-19 6.57621e-20 3.48231e-20 1.8418e-20 9.73e-21 5.13438e-21 2.70632e-21 1.42494e-21 7.49464e-22 3.93778e-22 2.06684e-22 1.08375e-22 5.67704e-23 2.97097e-23 1.55333e-23 8.11388e-24 4.23447e-24 2.20792e-24 1.15024e-24 5.98716e-25 3.11378e-25 1.61807e-25 8.40147e-26 4.3588e-26 2.25964e-26 1.17052e-26 6.05884e-27 3.13385e-27 1.61976e-27 8.36592e-28
2.73054e-05 5.65303e-05 7.93312e-05 9.17328e-05 9.39031e-05 8.82139e-05 7.76737e-05 6.49876e-05 5.21572e-05 4.04304e-05 3.0427e-05 2.23209e-05 1.60122e-05 1.12615e-05 7.78167e-06 5.29239e-06 3.54802e-06 2.34763e-06 1.53485e-06 9.92457e-07 6.35231e-07 4.02762e-07 2.53132e-07 1.57792e-07 9.76086e-08 5.99465e-08 3.65676e-08 2.21644e-08 1.33535e-08 7.99939e-09 4.76614e-09 2.82517e-09 1.66647e-09 9.78428e-10 5.71914e-10 3.32881e-10 1.92968e-10 1.11428e-10 6.41043e-11 3.67475e-11 2.09932e-11 1.19535e-11 6.78477e-12 3.83925e-12 2.1661e-12 1.21864e-12 6.83729e-13 3.82596e-13 2.13543e-13 1.18892e-13 6.60359e-14 3.6593e-14 2.0232e-14 1.11618e-14 6.14481e-15 3.37591e-15 1.851e-15 1.01293e-15 5.5327e-16 3.01646e-16 1.64166e-16 8.91901e-17 4.83745e-17 2.61939e-17 1.41608e-17 7.64361e-18 4.11951e-18 2.21691e-18 1.19129e-18 6.39257e-19 3.42555e-19 1.83316e-19 9.79704e-20 5.22913e-20 2.78751e-20 1.48411e-20 7.89213e-21 4.19187e-21 2.22392e-21 1.17853e-21 6.23849e-22 3.29874e-22 1.74242e-22 9.19406e-23 4.84638e-23 2.55207e-23 1.34258e-23 7.05621e-24 3.70503e-24 1.94361e-24 1.01867e-24 5.33417e-25 2.79075e-25 1.45882e-25 7.61929e-26 3.97619e-26 2.07332e-26 1.08023e-26 5.62372e-27 2.92547e-27 1.52068e-27
1.29341e-05 2.84984e-05 4.19559e-05 5.05259e-05 5.36124e-05 5.20294e-05 4.72048e-05 4.06109e-05 3.34569e-05 2.65835e-05 2.04815e-05 1.53653e-05 1.12615e-05 8.08518e-06 5.69881e-06 3.95077e-06 2.69811e-06 1.81761e-06 1.20921e-06 7.95244e-07 5.17458e-07 3.33397e-07 2.12843e-07 1.34721e-07 8.45905e-08 5.27155e-08 3.26195e-08 2.005e-08 1.22464e-08 7.43551e-09 4.489e-09 2.69558e-09 1.61039e-09 9.57392e-10 5.66536e-10 3.3376e-10 1.95792e-10 1.14389e-10 6.65704e-11 3.85967e-11 2.22975e-11 1.28369e-11 7.36572e-12 4.21288e-12 2.40215e-12 1.36561e-12 7.74107e-13 4.37591e-13 2.46699e-13 1.38719e-13 7.78056e-14 4.35338e-14 2.43005e-14 1.35334e-14 7.52029e-15 4.16988e-15 2.30728e-15 1.27407e-15 7.02143e-16 3.86208e-16 2.12032e-16 1.16196e-16 6.35632e-17 3.47112e-17 1.89235e-17 1.02995e-17 5.59675e-18 3.03651e-18 1.64494e-18 8.89771e-19 4.80588e-19 2.59208e-19 1.39612e-19 7.50936e-20 4.03373e-20 2.16394e-20 1.1594e-20 6.2041e-21 3.31585e-21 1.77008e-21 9.43809e-22 5.02664e-22 2.67414e-22 1.42106e-22 7.54351e-23 4.00014e-23 2.11898e-23 1.12134e-23 5.92809e-24 3.13088e-24 1.65197e-24 8.70819e-25 4.58618e-25 2.41313e-25 1.26859e-25 6.66318e-26 3.49677e-26 1.83352e-26 9.60598e-27 5.02855e-27 2.63023e-27
6.12669e-06 1.43144e-05 2.20561e-05 2.76113e-05 3.03219e-05 3.0358e-05 2.83452e-05 2.50468e-05 2.11596e-05 1.72168e-05 1.35678e-05 1.04004e-05 7.78167e-06 5.69881e-06 4.09431e-06 2.89131e-06 2.01016e-06 1.3778e-06 9.32153e-07 6.23131e-07 4.11964e-07 2.69573e-07 1.74719e-07 1.12234e-07 7.1495e-08 4.51877e-08 2.83502e-08 1.76632e-08 1.09326e-08 6.72469e-09 4.11201e-09 2.50034e-09 1.51225e-09 9.09989e-10 5.44929e-10 3.24809e-10 1.92747e-10 1.13894e-10 6.70263e-11 3.92906e-11 2.29457e-11 1.33519e-11 7.74233e-12 4.47452e-12 2.57761e-12 1.48025e-12 8.47508e-13 4.83827e-13 2.75432e-13 1.56371e-13 8.85433e-14 5.00087e-14 2.81748e-14 1.58356e-14 8.87966e-15 4.96794e-15 2.77334e-15 1.54491e-15 8.58818e-16 4.76457e-16 2.63811e-16 1.45791e-16 8.04194e-17 4.42795e-17 2.43375e-17 1.33537e-17 7.31466e-18 4.00014e-18 2.18404e-18 1.1906e-18 6.48048e-19 3.52209e-19 1.91144e-19 1.03586e-19 5.60575e-20 3.02953e-20 1.63507e-20 8.81314e-21 4.74427e-21 2.55072e-21 1.3697e-21 7.34622e-22 3.93543e-22 2.1058e-22 1.12552e-22 6.00904e-23 3.20468e-23 1.70727e-23 9.08578e-24 4.83033e-24 2.56539e-24 1.36113e-24 7.21476e-25 3.82059e-25 2.0213e-25 1.06839e-25 5.64205e-26 2.97684e-26 1.56926e-26 8.26534e-27 4.34969e-27
2.90212e-06 7.16664e-06 1.15327e-05 1.49831e-05 1.70051e-05 1.75426e-05 1.6838e-05 1.52666e-05 1.32132e-05 1.1e-05 8.85941e-06 6.93388e-06 5.29239e-06 3.95077e-06 2.89131e-06 2.07851e-06 1.47022e-06 1.02472e-06 7.04627e-07 4.78533e-07 3.21271e-07 2.13402e-07 1.4035e-07 9.14537e-08 5.90771e-08 3.78527e-08 2.40681e-08 1.51931e-08 9.52533e-09 5.93338e-09 3.6733e-09 2.26087e-09 1.38383e-09 8.42541e-10 5.10394e-10 3.07697e-10 1.84644e-10 1.10313e-10 6.56255e-11 3.88823e-11 2.29473e-11 1.3492e-11 7.904e-12 4.61427e-12 2.6847e-12 1.55697e-12 9.00121e-13 5.18807e-13 2.98152e-13 1.70859e-13 9.76438e-14 5.5654e-14 3.16393e-14 1.79421e-14 1.01499e-14 5.72833e-15 3.22552e-15 1.81219e-15 1.01594e-15 5.68352e-16 3.17305e-16 1.76795e-16 9.83145e-17 5.45687e-17 3.0232e-17 1.67189e-17 9.22968e-18 5.08652e-18 2.79851e-18 1.53718e-18 8.43002e-19 4.61588e-19 2.52359e-19 1.37764e-19 7.50964e-20 4.08773e-20 2.22198e-20 1.20616e-20 6.53865e-21 3.53999e-21 1.91408e-21 1.03364e-21 5.57502e-22 3.0033e-22 1.61598e-22 8.68497e-23 4.66237e-23 2.50011e-23 1.33917e-23 7.16548e-24 3.82997e-24 2.04501e-24 1.09082e-24 5.81267e-25 3.09437e-25 1.64569e-25 8.74405e-26 4.64165e-26 2.46169e-26 1.30437e-26 6.90536e-27
1.37469e-06 3.57763e-06 6.00116e-06 8.07907e-06 9.46442e-06 1.0049e-05 9.90541e-06 9.20673e-06 8.15664e-06 6.94225e-06 5.71011e-06 4.55977e-06 3.54802e-06 2.69811e-06 2.01016e-06 1.47022e-06 1.05746e-06 7.49074e-07 5.23254e-07 3.60838e-07 2.45891e-07 1.65722e-07 1.10549e-07 7.30395e-08 4.78253e-08 3.10521e-08 2.00019e-08 1.27879e-08 8.11797e-09 5.11897e-09 3.20739e-09 1.99753e-09 1.2369e-09 7.61715e-10 4.66632e-10 2.84434e-10 1.72547e-10 1.04193e-10 6.26413e-11 3.75013e-11 2.23598e-11 1.32798e-11 7.85748e-12 4.63234e-12 2.72144e-12 1.59343e-12 9.29936e-13 5.4101e-13 3.13787e-13 1.81461e-13 1.04639e-13 6.01733e-14 3.45103e-14 1.97408e-14 1.12637e-14 6.41117e-15 3.64047e-15 2.06239e-15 1.16576e-15 6.57495e-16 3.70042e-16 2.0783e-16 1.1649e-16 6.51643e-17 3.6383e-17 2.02755e-17 1.12785e-17 6.26262e-18 3.47139e-18 1.92094e-18 1.06121e-18 5.85303e-19 3.22309e-19 1.77211e-19 9.72852e-20 5.33284e-20 2.91904e-20 1.59552e-20 8.7088e-21 4.74703e-21 2.58408e-21 1.40482e-21 7.62738e-22 4.13604e-22 2.24005e-22 1.21173e-22 6.54691e-23 3.53315e-23 1.90454e-23 1.02549e-23 5.51561e-24 2.96337e-24 1.59044e-24 8.52697e-25 4.56695e-25 2.44355e-25 1.30613e-25 6.97471e-26 3.72093e-26 1.98321e-26 1.05605e-26
6.51168e-07 1.78131e-06 3.10917e-06 4.33139e-06 5.23128e-06 5.71092e-06 5.77578e-06 5.49872e-06 4.9828e-06 4.33261e-06 3.63693e-06 2.96131e-06 2.34763e-06 1.81761e-06 1.3778e-06 1.02472e-06 7.49074e-07 5.39025e-07 3.8232e-07 2.67594e-07 1.85008e-07 1.2646e-07 8.55276e-08 5.72735e-08 3.79985e-08 2.49914e-08 1.63023e-08 1.05522e-08 6.78041e-09 4.32669e-09 2.74282e-09 1.72791e-09 1.08208e-09 6.73798e-10 4.17299e-10 2.57108e-10 1.57627e-10 9.61791e-11 5.84189e-11 3.53285e-11 2.12751e-11 1.27603e-11 7.62359e-12 4.53762e-12 2.69106e-12 1.59039e-12 9.36733e-13 5.49936e-13 3.21839e-13 1.87775e-13 1.09233e-13 6.33612e-14 3.66511e-14 2.11436e-14 1.21656e-14 6.9821e-15 3.99728e-15 2.28297e-15 1.30084e-15 7.39534e-16 4.195e-16 2.37449e-16 1.34121e-16 7.56026e-17 4.25314e-17 2.38801e-17 1.33826e-17 7.48581e-18 4.17977e-18 2.32969e-18 1.29627e-18 7.20041e-19 3.99305e-19 2.21081e-19 1.22212e-19 6.74533e-20 3.71739e-20 2.04565e-20 1.12407e-20 6.16796e-21 3.37976e-21 1.84943e-21 1.01067e-21 5.51587e-22 3.0065e-22 1.63667e-22 8.89866e-23 4.83239e-23 2.6211e-23 1.42003e-23 7.68446e-24 4.15375e-24 2.24278e-24 1.20966e-24 6.51741e-25 3.50778e-25 1.886e-25 1.013e-25 5.43559e-26 2.91379e-26 1.56045e-26
3.08448e-07 8.84816e-07 1.60447e-06 2.31005e-06 2.87333e-06 3.22215e-06 3.3407e-06 3.25516e-06 3.01496e-06 2.67644e-06 2.29147e-06 1.90133e-06 1.53485e-06 1.20921e-06 9.32153e-07 7.04627e-07 5.23254e-07 3.8232e-07 2.75225e-07 1.95436e-07 1.37033e-07 9.49612e-08 6.50901e-08 4.41616e-08 2.96767e-08 1.97643e-08 1.30518e-08 8.55041e-09 5.55934e-09 3.58882e-09 2.30108e-09 1.46591e-09 9.28137e-10 5.84216e-10 3.65683e-10 2.27674e-10 1.41026e-10 8.69267e-11 5.33292e-11 3.25697e-11 1.98051e-11 1.19929e-11 7.23313e-12 4.34553e-12 2.60097e-12 1.55117e-12 9.21867e-13 5.46026e-13 3.2236e-13 1.89714e-13 1.11308e-13 6.51131e-14 3.79806e-14 2.20925e-14 1.28159e-14 7.41507e-15 4.27927e-15 2.46346e-15 1.41473e-15 8.10545e-16 4.63327e-16 2.64259e-16 1.50394e-16 8.54101e-17 4.84052e-17 2.73779e-17 1.54545e-17 8.70714e-18 4.89647e-18 2.7485e-18 1.54004e-18 8.6141e-19 4.81e-19 2.68136e-19 1.49229e-19 8.29201e-20 4.60029e-20 2.54826e-20 1.40946e-20 7.78433e-21 4.29303e-21 2.36426e-21 1.30024e-21 7.14107e-22 3.91674e-22 2.14546e-22 1.1737e-22 6.41286e-23 3.49952e-23 1.90739e-23 1.03838e-23 5.64629e-24 3.06671e-24 1.66377e-24 9.0164e-25 4.88091e-25 2.63939e-25 1.42577e-25 7.69389e-26 4.14764e-26 2.23369e-26
1.46107e-07 4.38563e-07 8.24985e-07 1.22613e-06 1.56912e-06 1.80593e-06 1.91798e-06 1.9114e-06 1.80831e-06 1.63789e-06 1.42942e-06 1.20799e-06 9.92457e-07 7.95244e-07 6.23131e-07 4.78533e-07 3.60838e-07 2.67594e-07 1.95436e-07 1.40742e-07 1.00044e-07 7.02601e-08 4.8791e-08 3.35277e-08 2.28134e-08 1.538e-08 1.02786e-08 6.81309e-09 4.481e-09 2.92553e-09 1.8967e-09 1.22153e-09 7.81735e-10 4.97272e-10 3.14503e-10 1.97817e-10 1.23769e-10 7.70483e-11 4.77319e-11 2.94328e-11 1.8068e-11 1.10438e-11 6.7224e-12 4.07562e-12 2.46143e-12 1.48103e-12 8.87931e-13 5.30497e-13 3.15883e-13 1.87479e-13 1.1092e-13 6.54243e-14 3.84751e-14 2.25616e-14 1.31931e-14 7.6939e-15 4.47506e-15 2.5962e-15 1.50243e-15 8.67348e-16 4.99537e-16 2.87039e-16 1.64566e-16 9.41434e-17 5.37419e-17 3.06148e-17 1.74048e-17 9.87521e-18 5.59219e-18 3.1608e-18 1.78324e-18 1.00424e-18 5.64543e-19 3.16816e-19 1.77494e-19 9.92756e-20 5.54367e-20 3.09076e-20 1.72051e-20 9.56291e-21 5.30732e-21 2.94121e-21 1.62763e-21 8.99447e-22 4.96361e-22 2.73548e-22 1.50554e-22 8.27539e-23 4.54286e-23 2.49073e-23 1.36392e-23 7.45978e-24 4.07519e-24 2.22363e-24 1.21194e-24 6.59795e-25 3.58804e-25 1.94909e-25 1.05765e-25 5.73316e-26 3.10454e-26
6.92085e-08 2.16949e-07 4.22784e-07 6.47952e-07 8.52352e-07 1.006e-06 1.09365e-06 1.11398e-06 1.07583e-06 9.9367e-07 8.83503e-07 7.60067e-07 6.35231e-07 5.17458e-07 4.11964e-07 3.21271e-07 2.45891e-07 1.85008e-07 1.37033e-07 1.00044e-07 7.20692e-08 5.12768e-08 3.60639e-08 2.50919e-08 1.72822e-08 1.17906e-08 7.97223e-09 5.34509e-09 3.55515e-09 2.34678e-09 1.53803e-09 1.00112e-09 6.47414e-10 4.16085e-10 2.65832e-10 1.68877e-10 1.06704e-10 6.70699e-11 4.19479e-11 2.61103e-11 1.61775e-11 9.97898e-12 6.12924e-12 3.7492e-12 2.28427e-12 1.38641e-12 8.38349e-13 5.05131e-13 3.03304e-13 1.81508e-13 1.08268e-13 6.43782e-14 3.81636e-14 2.25566e-14 1.32937e-14 7.81274e-15 4.57911e-15 2.67677e-15 1.56071e-15 9.07715e-16 5.26644e-16 3.04827e-16 1.7603e-16 1.01424e-16 5.83092e-17 3.34505e-17 1.91496e-17 1.09403e-17 6.23778e-18 3.54964e-18 2.0161e-18 1.14296e-18 6.46779e-19 3.65349e-19 2.06017e-19 1.15973e-19 6.51759e-20 3.65684e-20 2.04846e-20 1.1457e-20 6.39798e-21 3.56748e-21 1.98627e-21 1.1043e-21 6.13078e-22 3.39891e-22 1.88179e-22 1.04044e-22 5.74504e-23 3.16815e-23 1.74488e-23 9.59811e-24 5.27317e-24 2.89358e-24 1.58593e-24 8.68215e-25 4.7476e-25 2.59318e-25 1.41485e-25 7.71107e-26 4.19813e-26
3.2783e-08 1.07127e-07 2.16005e-07 3.41026e-07 4.60735e-07 5.57242e-07 6.19681e-07 6.44743e-07 6.35266e-07 5.98013e-07 5.4144e-07 4.73948e-07 4.02762e-07 3.33397e-07 2.69573e-07 2.13402e-07 1.65722e-07 1.2646e-07 9.49612e-08 7.02601e-08 5.12768e-08 3.69495e-08 2.63117e-08 1.85301e-08 1.29151e-08 8.91413e-09 6.09637e-09 4.1333e-09 2.77946e-09 1.85458e-09 1.22837e-09 8.07909e-10 5.2783e-10 3.42656e-10 2.21095e-10 1.41831e-10 9.04781e-11 5.74111e-11 3.62429e-11 2.27673e-11 1.42346e-11 8.8593e-12 5.4897e-12 3.38736e-12 2.08162e-12 1.27418e-12 7.7697e-13 4.72041e-13 2.85765e-13 1.72401e-13 1.03662e-13 6.21285e-14 3.71192e-14 2.21097e-14 1.31305e-14 7.7755e-15 4.59158e-15 2.70405e-15 1.58825e-15 9.30473e-16 5.43751e-16 3.16983e-16 1.84348e-16 1.06963e-16 6.19217e-17 3.5768e-17 2.06163e-17 1.1858e-17 6.80645e-18 3.89903e-18 2.22916e-18 1.27202e-18 7.24484e-19 4.11878e-19 2.33737e-19 1.32411e-19 7.48812e-20 4.22756e-20 2.38281e-20 1.34087e-20 7.53352e-21 4.22604e-21 2.36705e-21 1.32383e-21 7.39303e-22 4.12276e-22 2.29584e-22 1.27671e-22 7.09013e-23 3.93221e-23 2.17796e-23 1.20477e-23 6.65595e-24 3.67262e-24 2.02401e-24 1.11411e-24 6.12532e-25 3.36378e-25 1.84514e-25 1.01099e-25 5.53328e-26
1.55288e-08 5.28105e-08 1.10049e-07 1.78814e-07 2.47919e-07 3.07051e-07 3.49066e-07 3.70765e-07 3.7251e-07 3.5722e-07 3.2919e-07 2.93071e-07 2.53132e-07 2.12843e-07 1.74719e-07 1.4035e-07 1.10549e-07 8.55276e-08 6.50901e-08 4.8791e-08 3.60639e-08 2.63117e-08 1.89649e-08 1.35153e-08 9.52979e-09 6.65272e-09 4.60073e-09 3.15351e-09 2.14343e-09 1.44532e-09 9.67244e-10 6.42662e-10 4.24085e-10 2.78026e-10 1.81137e-10 1.17311e-10 7.55416e-11 4.83787e-11 3.08205e-11 1.95358e-11 1.23229e-11 7.73691e-12 4.83577e-12 3.00939e-12 1.86497e-12 1.15109e-12 7.077e-13 4.33459e-13 2.6452e-13 1.60854e-13 9.74794e-14 5.88777e-14 3.54476e-14 2.12747e-14 1.27297e-14 7.59437e-15 4.5177e-15 2.67996e-15 1.58548e-15 9.355e-16 5.50564e-16 3.23208e-16 1.89275e-16 1.10578e-16 6.44517e-17 3.74813e-17 2.17486e-17 1.25924e-17 7.27563e-18 4.19503e-18 2.41392e-18 1.38629e-18 7.94597e-19 4.54591e-19 2.59592e-19 1.47972e-19 8.41971e-20 4.78258e-20 2.71201e-20 1.53531e-20 8.67752e-21 4.89666e-21 2.75882e-21 1.55196e-21 8.71732e-22 4.88926e-22 2.73825e-22 1.53138e-22 8.5524e-23 4.76975e-23 2.65655e-23 1.47763e-23 8.20818e-24 4.5538e-24 2.52321e-24 1.39636e-24 7.71818e-25 4.26101e-25 2.34964e-25 1.29416e-25 7.11999e-26
7.35574e-09 2.59942e-08 5.59202e-08 9.34332e-08 1.32841e-07 1.68368e-07 1.95557e-07 2.11935e-07 2.17019e-07 2.11902e-07 1.98669e-07 1.79814e-07 1.57792e-07 1.34721e-07 1.12234e-07 9.14537e-08 7.30395e-08 5.72735e-08 4.41616e-08 3.35277e-08 2.50919e-08 1.85301e-08 1.35153e-08 9.74397e-09 6.94894e-09 4.90524e-09 3.42939e-09 2.37588e-09 1.6319e-09 1.11178e-09 7.51596e-10 5.04371e-10 3.361e-10 2.22475e-10 1.46325e-10 9.56529e-11 6.21637e-11 4.01734e-11 2.58227e-11 1.65126e-11 1.05068e-11 6.65343e-12 4.19388e-12 2.63181e-12 1.64448e-12 1.0233e-12 6.34217e-13 3.91552e-13 2.40831e-13 1.47591e-13 9.01318e-14 5.48549e-14 3.32748e-14 2.01197e-14 1.21275e-14 7.28798e-15 4.36679e-15 2.609e-15 1.55444e-15 9.23623e-16 5.47354e-16 3.23536e-16 1.9076e-16 1.12199e-16 6.58347e-17 3.85397e-17 2.25099e-17 1.31183e-17 7.62844e-18 4.42665e-18 2.56339e-18 1.48141e-18 8.54427e-19 4.91851e-19 2.82597e-19 1.62068e-19 9.27763e-20 5.30156e-20 3.02422e-20 1.72219e-20 9.79088e-21 5.55711e-21 3.14904e-21 1.78165e-21 1.00645e-21 5.6768e-22 3.19718e-22 1.79802e-22 1.00972e-22 5.66228e-23 3.17089e-23 1.77329e-23 9.90368e-24 5.52387e-24 3.07701e-24 1.71184e-24 9.51162e-25 5.27853e-25 2.92582e-25 1.61982e-25 8.95728e-26
3.4843e-09 1.27766e-08 2.83464e-08 4.86622e-08 7.08996e-08 9.19029e-08 1.08999e-07 1.20468e-07 1.25666e-07 1.24884e-07 1.19071e-07 1.09521e-07 9.76086e-08 8.45905e-08 7.1495e-08 5.90771e-08 4.78253e-08 3.79985e-08 2.96767e-08 2.28134e-08 1.72822e-08 1.29151e-08 9.52979e-09 6.94894e-09 5.011e-09 3.57593e-09 2.52684e-09 1.769e-09 1.2276e-09 8.44818e-10 5.76807e-10 3.90865e-10 2.6297e-10 1.75717e-10 1.16649e-10 7.69543e-11 5.04642e-11 3.29033e-11 2.13355e-11 1.37615e-11 8.83117e-12 5.63951e-12 3.58437e-12 2.26782e-12 1.42854e-12 8.96059e-13 5.59755e-13 3.48287e-13 2.15878e-13 1.33311e-13 8.20271e-14 5.02958e-14 3.07351e-14 1.87202e-14 1.13657e-14 6.87915e-15 4.15109e-15 2.49755e-15 1.4984e-15 8.9646e-16 5.34883e-16 3.18303e-16 1.88932e-16 1.11861e-16 6.60682e-17 3.89285e-17 2.2884e-17 1.34216e-17 7.85443e-18 4.58649e-18 2.67253e-18 1.55405e-18 9.01827e-19 5.22299e-19 3.01906e-19 1.74179e-19 1.00303e-19 5.76547e-20 3.30812e-20 1.89481e-20 1.08344e-20 6.18462e-21 3.52456e-21 2.00536e-21 1.13917e-21 6.46116e-22 3.65904e-22 2.06905e-22 1.16825e-22 6.58674e-23 3.70841e-23 2.08496e-23 1.17061e-23 6.56359e-24 3.67531e-24 2.05532e-24 1.14792e-24 6.40313e-25 3.56727e-25 1.98495e-25 1.10317e-25
1.65046e-09 6.27168e-09 1.43365e-08 2.52677e-08 3.77012e-08 4.99516e-08 6.04634e-08 6.81169e-08 7.2354e-08 7.31521e-08 7.09026e-08 6.62515e-08 5.99465e-08 5.27155e-08 4.51877e-08 3.78527e-08 3.10521e-08 2.49914e-08 1.97643e-08 1.538e-08 1.17906e-08 8.91413e-09 6.65272e-09 4.90524e-09 3.57593e-09 2.57919e-09 1.84166e-09 1.3026e-09 9.13083e-10 6.34614e-10 4.37517e-10 2.99322e-10 2.03282e-10 1.37095e-10 9.18423e-11 6.11347e-11 4.04458e-11 2.66018e-11 1.73981e-11 1.13173e-11 7.32355e-12 4.71547e-12 3.02156e-12 1.92714e-12 1.22362e-12 7.73559e-13 4.86989e-13 3.05339e-13 1.90695e-13 1.18644e-13 7.35447e-14 4.54261e-14 2.7961e-14 1.71529e-14 1.04883e-14 6.39279e-15 3.8845e-15 2.35329e-15 1.4215e-15 8.5621e-16 5.14293e-16 3.08083e-16 1.84069e-16 1.09693e-16 6.52062e-17 3.86667e-17 2.28744e-17 1.35005e-17 7.94986e-18 4.67094e-18 2.73845e-18 1.60207e-18 9.35305e-19 5.44932e-19 3.16859e-19 1.83884e-19 1.0651e-19 6.15784e-20 3.5536e-20 2.04705e-20 1.17713e-20 6.7573e-21 3.87245e-21 2.21553e-21 1.2655e-21 7.21694e-22 4.10925e-22 2.33617e-22 1.32614e-22 7.51676e-23 4.2544e-23 2.40449e-23 1.35706e-23 7.64842e-24 4.30482e-24 2.41968e-24 1.35828e-24 7.61484e-25 4.26363e-25 2.38427e-25 1.33167e-25
7.81795e-10 3.07481e-09 7.23551e-09 1.3083e-08 1.99787e-08 2.70417e-08 3.339e-08 3.83263e-08 4.14367e-08 4.26044e-08 4.19632e-08 3.98193e-08 3.65676e-08 3.26195e-08 2.83502e-08 2.40681e-08 2.00019e-08 1.63023e-08 1.30518e-08 1.02786e-08 7.97223e-09 6.09637e-09 4.60073e-09 3.42939e-09 2.52684e-09 1.84166e-09 1.32857e-09 9.49188e-10 6.71951e-10 4.71571e-10 3.28224e-10 2.26664e-10 1.55363e-10 1.05732e-10 7.14674e-11 4.79925e-11 3.20276e-11 2.12458e-11 1.40128e-11 9.19121e-12 5.99671e-12 3.89252e-12 2.51423e-12 1.61628e-12 1.03426e-12 6.58903e-13 4.17975e-13 2.64046e-13 1.66136e-13 1.04127e-13 6.50167e-14 4.04484e-14 2.50748e-14 1.54911e-14 9.53833e-15 5.85401e-15 3.58149e-15 2.18444e-15 1.32836e-15 8.05436e-16 4.86983e-16 2.93628e-16 1.76568e-16 1.05897e-16 6.33497e-17 3.78024e-17 2.25026e-17 1.33633e-17 7.91736e-18 4.68015e-18 2.7604e-18 1.62458e-18 9.54079e-19 5.59144e-19 3.27023e-19 1.90883e-19 1.112e-19 6.46568e-20 3.75239e-20 2.17372e-20 1.25695e-20 7.25547e-21 4.18081e-21 2.40502e-21 1.38118e-21 7.91909e-22 4.53317e-22 2.59086e-22 1.47847e-22 8.42411e-23 4.79276e-23 2.72277e-23 1.54458e-23 8.74971e-24 4.94964e-24 2.79614e-24 1.57746e-24 8.88759e-25 5.00085e-25 2.81027e-25 1.57726e-25
3.70324e-10 1.50576e-09 3.64447e-09 6.75609e-09 1.05529e-08 1.45843e-08 1.83614e-08 2.14645e-08 2.36113e-08 2.46794e-08 2.46932e-08 2.37877e-08 2.21644e-08 2.005e-08 1.76632e-08 1.51931e-08 1.27879e-08 1.05522e-08 8.55041e-09 6.81309e-09 5.34509e-09 4.1333e-09 3.15351e-09 2.37588e-09 1.769e-09 1.3026e-09 9.49188e-10 6.84863e-10 4.89547e-10 3.46846e-10 2.43681e-10 1.69835e-10 1.17468e-10 8.06585e-11 5.49995e-11 3.72542e-11 2.5074e-11 1.67732e-11 1.11548e-11 7.37658e-12 4.85169e-12 3.17441e-12 2.06655e-12 1.33882e-12 8.63302e-13 5.54164e-13 3.54171e-13 2.25398e-13 1.42859e-13 9.0187e-14 5.67164e-14 3.55348e-14 2.21834e-14 1.37999e-14 8.55543e-15 5.28649e-15 3.25606e-15 1.9992e-15 1.22375e-15 7.46858e-16 4.54492e-16 2.75797e-16 1.669e-16 1.0073e-16 6.06353e-17 3.64067e-17 2.18049e-17 1.30278e-17 7.76518e-18 4.61767e-18 2.73972e-18 1.6219e-18 9.58072e-19 5.64738e-19 3.32194e-19 1.95007e-19 1.14246e-19 6.68011e-20 3.89846e-20 2.27084e-20 1.32032e-20 7.66284e-21 4.43946e-21 2.56754e-21 1.48239e-21 8.54443e-22 4.91689e-22 2.82486e-22 1.62038e-22 9.2803e-23 5.30694e-23 3.03022e-23 1.72768e-23 9.83616e-24 5.59201e-24 3.1747e-24 1.79986e-24 1.01903e-24 5.76177e-25 3.25354e-25 1.83483e-25
1.75417e-10 7.36595e-10 1.83229e-09 3.48013e-09 5.55709e-09 7.83795e-09 1.0057e-08 1.19686e-08 1.33903e-08 1.42233e-08 1.4452e-08 1.41293e-08 1.33535e-08 1.22464e-08 1.09326e-08 9.52533e-09 8.11797e-09 6.78041e-09 5.55934e-09 4.481e-09 3.55515e-09 2.77946e-09 2.14343e-09 1.6319e-09 1.2276e-09 9.13083e-10 6.71951e-10 4.89547e-10 3.53277e-10 2.52647e-10 1.79138e-10 1.25985e-10 8.79165e-11 6.08976e-11 4.18841e-11 2.86123e-11 1.94193e-11 1.30981e-11 8.78179e-12 5.85411e-12 3.88094e-12 2.55918e-12 1.67894e-12 1.09602e-12 7.12078e-13 4.60503e-13 2.96483e-13 1.9006e-13 1.2133e-13 7.71416e-14 4.88546e-14 3.08226e-14 1.93745e-14 1.21348e-14 7.574e-15 4.71137e-15 2.92106e-15 1.80527e-15 1.11223e-15 6.83164e-16 4.18382e-16 2.55488e-16 1.55578e-16 9.44795e-17 5.72224e-17 3.4567e-17 2.08282e-17 1.25187e-17 7.50611e-18 4.48991e-18 2.67949e-18 1.59544e-18 9.47861e-19 5.61907e-19 3.324e-19 1.96224e-19 1.156e-19 6.79666e-20 3.98826e-20 2.33581e-20 1.36545e-20 7.9673e-21 4.64047e-21 2.698e-21 1.56591e-21 9.07294e-22 5.2481e-22 3.03068e-22 1.74734e-22 1.00583e-22 5.78085e-23 3.31738e-23 1.90083e-23 1.08755e-23 6.21332e-24 3.54467e-24 2.01937e-24 1.14883e-24 6.52686e-25 3.70315e-25 2.09829e-25
8.30921e-11 3.59969e-10 9.19585e-10 1.78843e-09 2.91793e-09 4.19824e-09 5.48782e-09 6.6461e-09 7.55975e-09 8.15772e-09 8.41493e-09 8.34695e-09 7.99939e-09 7.43551e-09 6.72469e-09 5.93338e-09 5.11897e-09 4.32669e-09 3.58882e-09 2.92553e-09 2.34678e-09 1.85458e-09 1.44532e-09 1.11178e-09 8.44818e-10 6.34614e-10 4.71571e-10 3.46846e-10 2.52647e-10 1.82348e-10 1.30465e-10 9.25719e-11 6.51666e-11 4.5529e-11 3.15803e-11 2.17542e-11 1.48866e-11 1.01225e-11 6.84127e-12 4.59664e-12 3.07112e-12 2.04078e-12 1.34904e-12 8.87287e-13 5.80749e-13 3.78329e-13 2.45344e-13 1.58406e-13 1.0184e-13 6.52038e-14 4.15807e-14 2.64135e-14 1.67157e-14 1.05399e-14 6.6223e-15 4.1465e-15 2.5876e-15 1.60951e-15 9.9796e-16 6.16861e-16 3.80148e-16 2.33584e-16 1.43116e-16 8.74425e-17 5.32809e-17 3.23792e-17 1.9626e-17 1.18658e-17 7.15624e-18 4.30547e-18 2.58421e-18 1.54749e-18 9.2458e-19 5.51186e-19 3.27876e-19 1.94624e-19 1.15287e-19 6.8152e-20 4.02077e-20 2.3675e-20 1.39135e-20 8.16139e-21 4.7785e-21 2.79275e-21 1.6293e-21 9.4888e-22 5.51669e-22 3.20196e-22 1.8554e-22 1.07338e-22 6.1998e-23 3.57538e-23 2.05873e-23 1.18364e-23 6.79508e-24 3.89524e-24 2.22972e-24 1.27453e-24 7.27527e-25 4.14718e-25 2.36087e-25
3.93594e-11 1.75749e-10 4.6076e-10 9.17031e-10 1.52799e-09 2.24161e-09 2.98391e-09 3.67611e-09 4.24989e-09 4.6575e-09 4.87594e-09 4.9057e-09 4.76614e-09 4.489e-09 4.11201e-09 3.6733e-09 3.20739e-09 2.74282e-09 2.30108e-09 1.8967e-09 1.53803e-09 1.22837e-09 9.67244e-10 7.51596e-10 5.76807e-10 4.37517e-10 3.28224e-10 2.43681e-10 1.79138e-10 1.30465e-10 9.41763e-11 6.74088e-11 4.78622e-11 3.37231e-11 2.3587e-11 1.63818e-11 1.13013e-11 7.74612e-12 5.27652e-12 3.57291e-12 2.40549e-12 1.6106e-12 1.07265e-12 7.1072e-13 4.68582e-13 3.07463e-13 2.00812e-13 1.30569e-13 8.45292e-14 5.44941e-14 3.49883e-14 2.23759e-14 1.42552e-14 9.04794e-15 5.7221e-15 3.60608e-15 2.2648e-15 1.41769e-15 8.84554e-16 5.50174e-16 3.41147e-16 2.10903e-16 1.30004e-16 7.99088e-17 4.89808e-17 2.99419e-17 1.82551e-17 1.11011e-17 6.73363e-18 4.07437e-18 2.45936e-18 1.48102e-18 8.89802e-19 5.3339e-19 3.19033e-19 1.90408e-19 1.134e-19 6.73963e-20 3.99738e-20 2.36618e-20 1.39788e-20 8.24249e-21 4.85098e-21 2.84969e-21 1.67101e-21 9.78109e-22 5.71528e-22 3.33382e-22 1.94141e-22 1.12868e-22 6.55122e-23 3.79646e-23 2.19661e-23 1.26899e-23 7.3199e-24 4.21603e-24 2.42474e-24 1.39252e-24 7.98584e-25 4.57333e-25 2.61546e-25
1.86439e-11 8.57299e-11 2.30506e-10 4.69225e-10 7.98086e-10 1.19331e-09 1.61699e-09 2.0258e-09 2.37954e-09 2.64761e-09 2.81228e-09 2.86914e-09 2.82517e-09 2.69558e-09 2.50034e-09 2.26087e-09 1.99753e-09 1.72791e-09 1.46591e-09 1.22153e-09 1.00112e-09 8.07909e-10 6.42662e-10 5.04371e-10 3.90865e-10 2.99322e-10 2.26664e-10 1.69835e-10 1.25985e-10 9.25719e-11 6.74088e-11 4.86654e-11 3.4847e-11 2.47579e-11 1.74589e-11 1.2224e-11 8.50029e-12 5.87219e-12 4.03111e-12 2.75052e-12 1.86583e-12 1.25859e-12 8.444e-13 5.63561e-13 3.74234e-13 2.47302e-13 1.62655e-13 1.06494e-13 6.9417e-14 4.50557e-14 2.91228e-14 1.87487e-14 1.2023e-14 7.68087e-15 4.88887e-15 3.10065e-15 1.95968e-15 1.23437e-15 7.74955e-16 4.84968e-16 3.02545e-16 1.88168e-16 1.16683e-16 7.2146e-17 4.44824e-17 2.73505e-17 1.67714e-17 1.02573e-17 6.25713e-18 3.80738e-18 2.31105e-18 1.39942e-18 8.45401e-19 5.0954e-19 3.06418e-19 1.83862e-19 1.10085e-19 6.57729e-20 3.9216e-20 2.33343e-20 1.38568e-20 8.21255e-21 4.85804e-21 2.86831e-21 1.6904e-21 9.94409e-22 5.83939e-22 3.42303e-22 2.00313e-22 1.17024e-22 6.8253e-23 3.9743e-23 2.3105e-23 1.34112e-23 7.77244e-24 4.49767e-24 2.59877e-24 1.49937e-24 8.63819e-25 4.96956e-25 2.85499e-25
8.83134e-12 4.17839e-11 1.15147e-10 2.39615e-10 4.15832e-10 6.33452e-10 8.73458e-10 1.11243e-09 1.32722e-09 1.49887e-09 1.61493e-09 1.67027e-09 1.66647e-09 1.61039e-09 1.51225e-09 1.38383e-09 1.2369e-09 1.08208e-09 9.28137e-10 7.81735e-10 6.47414e-10 5.2783e-10 4.24085e-10 3.361e-10 2.6297e-10 2.03282e-10 1.55363e-10 1.17468e-10 8.79165e-11 6.51666e-11 4.78622e-11 3.4847e-11 2.51607e-11 1.8023e-11 1.28125e-11 9.04234e-12 6.3373e-12 4.4119e-12 3.05183e-12 2.09805e-12 1.43382e-12 9.743e-13 6.58412e-13 4.42583e-13 2.95981e-13 1.96961e-13 1.30442e-13 8.59878e-14 5.64298e-14 3.68715e-14 2.39906e-14 1.55459e-14 1.00338e-14 6.45122e-15 4.13229e-15 2.6373e-15 1.67722e-15 1.06298e-15 6.7143e-16 4.22726e-16 2.65299e-16 1.65984e-16 1.03533e-16 6.43895e-17 3.99299e-17 2.46923e-17 1.52277e-17 9.3657e-18 5.74525e-18 3.51533e-18 2.14553e-18 1.30629e-18 7.93424e-19 4.80786e-19 2.90671e-19 1.75337e-19 1.05534e-19 6.33826e-20 3.79867e-20 2.27192e-20 1.35604e-20 8.07769e-21 4.80234e-21 2.84961e-21 1.68772e-21 9.97733e-22 5.88763e-22 3.46811e-22 2.03933e-22 1.19711e-22 7.01535e-23 4.10435e-23 2.39735e-23 1.39805e-23 8.14008e-24 4.7322e-24 2.74686e-24 1.59205e-24 9.2138e-25 5.32464e-25 3.07271e-25
