0.893112 0.0484121 0.00262423 0.000142249 7.71076e-06 4.1797e-07 2.26565e-08 1.22812e-09 6.65715e-11 3.60858e-12 1.95607e-13 1.06031e-14 5.74751e-16 3.1155e-17 1.68879e-18 9.15425e-20 4.96216e-21 2.68979e-22 1.45803e-23 7.9034e-25 4.28412e-26 2.32225e-27 1.2588e-28 6.82347e-30 3.69873e-31 2.00494e-32 1.0868e-33 5.8911e-35 3.19333e-36 1.73098e-37 9.38296e-39 5.08613e-40 2.75699e-41 1.49446e-42 8.10086e-44 4.39116e-45 2.38027e-46 1.29025e-47 6.99395e-49 3.79114e-50 2.05503e-51 1.11395e-52 6.03828e-54 3.27311e-55 1.77423e-56 9.61738e-58 5.2132e-59 2.82587e-60 1.53179e-61 8.30325e-63 4.50086e-64 2.43974e-65 1.32249e-66 7.16868e-68 3.88586e-69 2.10637e-70 1.14178e-71 6.18914e-73 3.35489e-74 1.81855e-75 9.85766e-77 5.34345e-78 2.89647e-79 1.57006e-80 8.51069e-82 4.61331e-83 2.50069e-84 1.35553e-85 7.34778e-87 3.98294e-88 2.159e-89 1.17031e-90 6.34377e-92 3.43871e-93 1.86399e-94 1.01039e-95 5.47695e-97 2.96884e-98 1.60929e-99 8.72332e-101 4.72857e-102 2.56317e-103 1.38939e-104 7.53135e-106 4.08245e-107 2.21294e-108 1.19954e-109 6.50226e-111 3.52462e-112 1.91056e-113 1.03564e-114 5.61378e-116 3.04301e-117 1.6495e-118 8.94126e-120 4.84671e-121 2.62721e-122 1.42411e-123 7.71952e-125 4.18444e-126 2.26822e-127
0.0484121 0.00388727 0.000279178 1.88443e-05 1.22265e-06 7.71794e-08 4.77468e-09 2.90858e-10 1.75031e-11 1.04292e-12 6.16357e-14 3.61765e-15 2.11094e-16 1.22554e-17 7.08375e-19 4.07865e-20 2.34033e-21 1.33878e-22 7.63738e-24 4.34611e-25 2.46763e-26 1.39819e-27 7.90745e-29 4.46434e-30 2.51644e-31 1.41637e-32 7.96112e-34 4.4691e-35 2.50584e-36 1.40348e-37 7.85248e-39 4.38921e-40 2.45115e-41 1.36766e-42 7.62489e-44 4.24772e-45 2.36462e-46 1.31543e-47 7.31289e-49 4.06294e-50 2.25597e-51 1.25194e-52 6.94378e-54 3.84934e-55 2.13287e-56 1.18123e-57 6.53901e-59 3.61827e-60 2.00128e-61 1.10648e-62 6.11521e-64 3.37847e-65 1.86584e-66 1.0301e-67 5.68514e-69 3.13664e-70 1.73004e-71 9.53933e-73 5.25842e-74 2.89783e-75 1.59652e-76 8.79349e-78 4.84217e-79 2.66571e-80 1.46718e-81 8.07337e-83 4.4415e-84 2.44292e-85 1.34338e-86 7.38586e-88 4.05991e-89 2.23125e-90 1.22602e-91 6.7355e-93 3.69968e-94 2.03181e-95 1.11565e-96 6.12497e-98 3.36209e-99 1.84522e-100 1.01256e-101 5.55553e-103 3.04768e-104 1.67168e-105 9.16802e-107 5.02735e-108 2.75643e-109 1.51111e-110 8.28311e-112 4.53979e-113 2.48786e-114 1.36322e-115 7.46885e-117 4.0916e-118 2.24122e-119 1.22752e-120 6.72247e-122 3.68114e-123 2.01554e-124 1.10346e-125 6.0406e-127
0.00262423 0.000279178 2.43417e-05 1.91545e-06 1.41383e-07 9.98399e-09 6.82381e-10 4.54784e-11 2.97068e-12 1.90885e-13 1.20986e-14 7.5798e-16 4.7016e-17 2.89114e-18 1.76437e-19 1.06952e-20 6.44443e-22 3.86228e-23 2.30354e-24 1.36784e-25 8.08975e-27 4.76695e-28 2.79951e-29 1.63898e-30 9.56792e-32 5.57062e-33 3.23529e-34 1.87464e-35 1.08389e-36 6.25417e-38 3.60189e-39 2.07069e-40 1.18841e-41 6.80967e-43 3.89612e-44 2.22598e-45 1.27005e-46 7.2371e-48 4.11887e-49 2.34145e-50 1.32957e-51 7.54189e-53 4.27375e-54 2.41946e-55 1.36844e-56 7.73301e-58 4.36618e-59 2.46321e-60 1.38854e-61 7.8215e-63 4.40257e-64 2.47639e-65 1.392e-66 7.81951e-68 4.38982e-69 2.46293e-70 1.38103e-71 7.73942e-73 4.33489e-74 2.42671e-75 1.3578e-76 7.59342e-78 4.24455e-79 2.3715e-80 1.3244e-81 7.39306e-83 4.12519e-84 2.30083e-85 1.28278e-86 7.14905e-88 3.98272e-89 2.21795e-90 1.23471e-91 6.87114e-93 3.82246e-94 2.12576e-95 1.1818e-96 6.56803e-98 3.64917e-99 2.02685e-100 1.12544e-101 6.24738e-103 3.46699e-104 1.92348e-105 1.06686e-106 5.91583e-108 3.27953e-109 1.8176e-110 1.00712e-111 5.57904e-113 3.08985e-114 1.71086e-115 9.47099e-117 5.24181e-118 2.90051e-119 1.60463e-120 8.87538e-122 4.90808e-123 2.71363e-124 1.50004e-125 8.29041e-127
0.000142249 1.88443e-05 1.91545e-06 1.70559e-07 1.39898e-08 1.08405e-09 8.05345e-11 5.79065e-12 4.05604e-13 2.78057e-14 1.87213e-15 1.24128e-16 8.12183e-18 5.25313e-19 3.36327e-20 2.13394e-21 1.34304e-22 8.39151e-24 5.20872e-25 3.21381e-26 1.97212e-27 1.20411e-28 7.31799e-30 4.42855e-31 2.66939e-32 1.60311e-33 9.59451e-35 5.72389e-36 3.40451e-37 2.01927e-38 1.19449e-39 7.04835e-41 4.14923e-42 2.43713e-43 1.42848e-44 8.35604e-46 4.87867e-47 2.84326e-48 1.65419e-49 9.60815e-51 5.57205e-52 3.22656e-53 1.86571e-54 1.07734e-55 6.21287e-57 3.57837e-58 2.05851e-59 1.18281e-60 6.78881e-62 3.89229e-63 2.2293e-64 1.27555e-65 7.29138e-67 4.16408e-68 2.37596e-69 1.35451e-70 7.71552e-72 4.39132e-73 2.49738e-74 1.41921e-75 8.05912e-77 4.5732e-78 2.5933e-79 1.46958e-80 8.3225e-82 4.7102e-83 2.66415e-84 1.50598e-85 8.50797e-87 4.80385e-88 2.71091e-89 1.529e-90 8.61937e-92 4.85649e-93 2.73499e-94 1.5395e-95 8.66165e-97 4.87105e-98 2.73811e-99 1.53847e-100 8.64059e-102 4.85084e-103 2.72217e-104 1.527e-105 8.56243e-107 4.79943e-108 2.68919e-109 1.50624e-110 8.43366e-112 4.72048e-113 2.64124e-114 1.47736e-115 8.26082e-117 4.61766e-118 2.58038e-119 1.4415e-120 8.05034e-122 4.49455e-123 2.50861e-124 1.39977e-125 7.80837e-127
7.71076e-06 1.22265e-06 1.41383e-07 1.39898e-08 1.25672e-09 1.05562e-10 8.43536e-12 6.48393e-13 4.83075e-14 3.50762e-15 2.49237e-16 1.73853e-17 1.19346e-18 8.07894e-20 5.40175e-21 3.5722e-22 2.33913e-23 1.51813e-24 9.77367e-26 6.24614e-27 3.96498e-28 2.50139e-29 1.56907e-30 9.79051e-32 6.07906e-33 3.75736e-34 2.31247e-35 1.41754e-36 8.65699e-38 5.2683e-39 3.19547e-40 1.93215e-41 1.16483e-42 7.00279e-44 4.19882e-45 2.51125e-46 1.49835e-47 8.91961e-49 5.2983e-50 3.14071e-51 1.85805e-52 1.09715e-53 6.46681e-55 3.80503e-56 2.23514e-57 1.31086e-58 7.6761e-60 4.48833e-61 2.62067e-62 1.52808e-63 8.89831e-65 5.17508e-66 3.00604e-67 1.74405e-68 1.01071e-69 5.85075e-71 3.38325e-72 1.95437e-73 1.12783e-74 6.5022e-76 3.74514e-77 2.15516e-78 1.2391e-79 7.11803e-81 4.08555e-82 2.3431e-83 1.34272e-84 7.68867e-86 4.39938e-87 2.51546e-88 1.43726e-89 8.20649e-91 4.6826e-92 2.67014e-93 1.52161e-94 8.66572e-96 4.93222e-97 2.80559e-98 1.59498e-99 9.06241e-101 5.14627e-102 2.92084e-103 1.6569e-104 9.39425e-106 5.32366e-107 3.0154e-108 1.70715e-109 9.66043e-111 5.46413e-112 3.08923e-113 1.74578e-114 9.86143e-116 5.56812e-117 3.14266e-118 1.77301e-119 9.99887e-121 5.63667e-122 3.17635e-123 1.78926e-124 1.00753e-125 5.67134e-127
4.1797e-07 7.71794e-08 9.98399e-09 1.08405e-09 1.05562e-10 9.52882e-12 8.12881e-13 6.63537e-14 5.22712e-15 3.9985e-16 2.98385e-17 2.17996e-18 1.56363e-19 1.10361e-20 7.67903e-22 5.27557e-23 3.58319e-24 2.40872e-25 1.60409e-26 1.05913e-27 6.93842e-29 4.51265e-30 2.91542e-31 1.8719e-32 1.19499e-33 7.58777e-35 4.79387e-36 3.01452e-37 1.88727e-38 1.17665e-39 7.30734e-41 4.52134e-42 2.78777e-43 1.7132e-44 1.04953e-45 6.41041e-47 3.90429e-48 2.37149e-49 1.43675e-50 8.683e-52 5.23522e-53 3.14934e-54 1.89046e-55 1.13244e-56 6.77016e-58 4.03974e-59 2.40609e-60 1.43055e-61 8.49095e-63 5.0315e-64 2.97683e-65 1.75852e-66 1.0373e-67 6.11002e-69 3.59405e-70 2.1113e-71 1.23867e-72 7.25811e-74 4.24782e-75 2.48314e-76 1.44992e-77 8.4569e-79 4.92735e-80 2.86791e-81 1.66756e-82 9.6866e-84 5.62145e-85 3.2593e-86 1.88803e-87 1.09273e-88 6.31895e-90 3.65104e-91 2.10784e-92 1.21595e-93 7.00901e-95 4.03713e-96 2.32365e-97 1.33647e-98 7.68145e-100 4.41196e-101 2.53239e-102 1.4526e-103 8.32696e-105 4.77041e-106 2.73125e-107 1.56282e-108 8.93723e-110 5.10798e-111 2.91779e-112 1.6658e-113 9.50511e-115 5.42082e-116 3.08994e-117 1.76042e-118 1.00247e-119 5.70575e-121 3.24601e-122 1.84581e-123 1.04912e-124 5.96029e-126 3.3847e-127
2.26565e-08 4.77468e-09 6.82381e-10 8.05345e-11 8.43536e-12 8.12881e-13 7.36033e-14 6.34761e-15 5.26291e-16 4.22359e-17 3.29746e-18 2.51432e-19 1.87825e-20 1.37804e-21 9.95029e-23 7.08298e-24 4.97767e-25 3.45776e-26 2.37671e-27 1.61796e-28 1.09171e-29 7.3064e-31 4.85308e-32 3.20101e-33 2.0976e-34 1.3662e-35 8.84777e-37 5.69945e-38 3.65302e-39 2.33033e-40 1.47995e-41 9.35937e-43 5.89539e-44 3.69944e-45 2.31312e-46 1.44138e-47 8.95248e-49 5.54323e-50 3.42213e-51 2.1067e-52 1.2934e-53 7.92026e-55 4.83802e-56 2.94822e-57 1.79251e-58 1.08744e-59 6.58314e-61 3.9772e-62 2.39811e-63 1.44325e-64 8.67006e-66 5.19923e-67 3.11256e-68 1.8603e-69 1.11009e-70 6.61406e-72 3.93488e-73 2.33759e-74 1.38675e-75 8.21564e-77 4.86087e-78 2.87232e-79 1.69517e-80 9.99246e-82 5.88334e-83 3.46005e-84 2.03264e-85 1.19281e-86 6.99243e-88 4.09489e-89 2.39566e-90 1.4002e-91 8.17604e-93 4.76977e-94 2.78011e-95 1.619e-96 9.42024e-98 5.47664e-99 3.18136e-100 1.84657e-101 1.07098e-102 6.20681e-104 3.59445e-105 2.08008e-106 1.20288e-107 6.95119e-109 4.01423e-110 2.31663e-111 1.33606e-112 7.70054e-114 4.43551e-115 2.55329e-116 1.46891e-117 8.44572e-119 4.85318e-120 2.78722e-121 1.59983e-122 9.17789e-124 5.26234e-125 3.01569e-126 1.72732e-127
1.22812e-09 2.90858e-10 4.54784e-11 5.79065e-12 6.48393e-13 6.63537e-14 6.34761e-15 5.75979e-16 5.00754e-17 4.20171e-18 3.42129e-19 2.7149e-20 2.10656e-21 1.6026e-22 1.19805e-23 8.81702e-25 6.39804e-26 4.5838e-27 3.24602e-28 2.27434e-29 1.57801e-30 1.08504e-31 7.39868e-33 5.00602e-34 3.36273e-35 2.24367e-36 1.48759e-37 9.80458e-39 6.42619e-40 4.18981e-41 2.71819e-42 1.7552e-43 1.12834e-44 7.22311e-46 4.60539e-47 2.92517e-48 1.85122e-49 1.16751e-50 7.33875e-52 4.59844e-53 2.87265e-54 1.78935e-55 1.11147e-56 6.88562e-58 4.25473e-59 2.62259e-60 1.61271e-61 9.89442e-63 6.05713e-64 3.70017e-65 2.25572e-66 1.37243e-67 8.33417e-69 5.05164e-70 3.0565e-71 1.84614e-72 1.11321e-73 6.70168e-75 4.02815e-76 2.41748e-77 1.4487e-78 8.66895e-80 5.18021e-81 3.09128e-82 1.84228e-83 1.09651e-84 6.51824e-86 3.87006e-87 2.29505e-88 1.35945e-89 8.04354e-91 4.75396e-92 2.80672e-93 1.65535e-94 9.75304e-96 5.74062e-97 3.37565e-98 1.9831e-99 1.16394e-100 6.82534e-102 3.99885e-103 2.34084e-104 1.36912e-105 8.00116e-107 4.67212e-108 2.72604e-109 1.58933e-110 9.25908e-112 5.39013e-113 3.13557e-114 1.82274e-115 1.05884e-116 6.14662e-118 3.56577e-119 2.06722e-120 1.19767e-121 6.93453e-123 4.0126e-124 2.32044e-125 1.34109e-126 7.74619e-128
6.65715e-11 1.75031e-11 2.97068e-12 4.05604e-13 4.83075e-14 5.22712e-15 5.26291e-16 5.00754e-17 4.55093e-18 3.98127e-19 3.37225e-20 2.77817e-21 2.23404e-22 1.75863e-23 1.35845e-24 1.0317e-25 7.71679e-27 5.69254e-28 4.14663e-29 2.98583e-30 2.12725e-31 1.50075e-32 1.04918e-33 7.27313e-35 5.00232e-36 3.41525e-37 2.31568e-38 1.55998e-39 1.04451e-40 6.95361e-42 4.60413e-43 3.03287e-44 1.98812e-45 1.29725e-46 8.42739e-48 5.45187e-49 3.51289e-50 2.25492e-51 1.44217e-52 9.19156e-54 5.83869e-55 3.69704e-56 2.33379e-57 1.4689e-58 9.21922e-60 5.77051e-61 3.60245e-62 2.24329e-63 1.39353e-64 8.63634e-66 5.34021e-67 3.29487e-68 2.02861e-69 1.24644e-70 7.64334e-72 4.67803e-73 2.85784e-74 1.74273e-75 1.06087e-76 6.44707e-78 3.91154e-79 2.36941e-80 1.43304e-81 8.65408e-83 5.21852e-84 3.14235e-85 1.88955e-86 1.13469e-87 6.80492e-89 4.0758e-90 2.43814e-91 1.45672e-92 8.69319e-94 5.18177e-95 3.08521e-96 1.8349e-97 1.09012e-98 6.46957e-100 3.83558e-101 2.2717e-102 1.34413e-103 7.94544e-105 4.69229e-106 2.76855e-107 1.63203e-108 9.61221e-110 5.65644e-111 3.3258e-112 1.95385e-113 1.14692e-114 6.72714e-116 3.94267e-117 2.30897e-118 1.35121e-119 7.90147e-121 4.61722e-122 2.69617e-123 1.57331e-124 9.17454e-126 5.34645e-127 3.11359e-128
3.60858e-12 1.04292e-12 1.90885e-13 2.78057e-14 3.50762e-15 3.9985e-16 4.22359e-17 4.20171e-18 3.98127e-19 3.62257e-20 3.18483e-21 2.71835e-22 2.26107e-23 1.83844e-24 1.46487e-25 1.14626e-26 8.82395e-28 6.69271e-29 5.00798e-30 3.70114e-31 2.70427e-32 1.95516e-33 1.39981e-34 9.93124e-36 6.9864e-37 4.87592e-38 3.37777e-39 2.32363e-40 1.58798e-41 1.07852e-42 7.28213e-44 4.88964e-45 3.26593e-46 2.17051e-47 1.43565e-48 9.45292e-50 6.19734e-51 4.04624e-52 2.63138e-53 1.7048e-54 1.10051e-55 7.07959e-57 4.53916e-58 2.90104e-59 1.8484e-60 1.17423e-61 7.43832e-63 4.69897e-64 2.96061e-65 1.86058e-66 1.16639e-67 7.29468e-69 4.55162e-70 2.83372e-71 1.76039e-72 1.09133e-73 6.75179e-75 4.16898e-76 2.56929e-77 1.58049e-78 9.70493e-80 5.94887e-81 3.64032e-82 2.22397e-83 1.3565e-84 8.26107e-86 5.02333e-87 3.05003e-88 1.84923e-89 1.11962e-90 6.76943e-92 4.08748e-93 2.46486e-94 1.4845e-95 8.92949e-97 5.36474e-98 3.21927e-99 1.92958e-100 1.15526e-101 6.90903e-103 4.12749e-104 2.46318e-105 1.46845e-106 8.74544e-108 5.20327e-109 3.09279e-110 1.83659e-111 1.08961e-112 6.45859e-114 3.82486e-115 2.26316e-116 1.33796e-117 7.90324e-119 4.66456e-120 2.75085e-121 1.62098e-122 9.54447e-124 5.61559e-125 3.30152e-126 1.9396e-127 1.13867e-128
1.95607e-13 6.16357e-14 1.20986e-14 1.87213e-15 2.49237e-16 2.98385e-17 3.29746e-18 3.42129e-19 3.37225e-20 3.18483e-21 2.90063e-22 2.56043e-23 2.19924e-24 1.84406e-25 1.51345e-26 1.21846e-27 9.6409e-29 7.50895e-30 5.7649e-31 4.36791e-32 3.26946e-33 2.41991e-34 1.77253e-35 1.28581e-36 9.2433e-38 6.58868e-39 4.65928e-40 3.27036e-41 2.27937e-42 1.57815e-43 1.08582e-44 7.42639e-46 5.05066e-47 3.41655e-48 2.29938e-49 1.54e-50 1.02664e-51 6.81376e-53 4.50315e-54 2.96404e-55 1.94341e-56 1.26947e-57 8.26281e-59 5.35967e-60 3.46507e-61 2.23307e-62 1.4347e-63 9.19038e-65 5.8704e-66 3.73944e-67 2.37569e-68 1.50541e-69 9.51572e-71 6.00044e-72 3.77495e-73 2.36952e-74 1.48408e-75 9.27543e-77 5.78516e-78 3.60105e-79 2.23717e-80 1.38723e-81 8.58626e-83 5.30498e-84 3.27197e-85 2.01466e-86 1.23846e-87 7.60089e-89 4.65769e-90 2.84981e-91 1.74107e-92 1.06216e-93 6.47069e-95 3.93652e-96 2.39161e-97 1.45111e-98 8.79328e-100 5.3218e-101 3.21687e-102 1.94218e-103 1.17121e-104 7.0548e-106 4.24471e-107 2.55114e-108 1.53163e-109 9.18582e-111 5.50345e-112 3.29392e-113 1.96953e-114 1.1765e-115 7.02118e-117 4.18623e-118 2.49368e-119 1.48412e-120 8.82502e-122 5.24311e-123 3.1124e-124 1.84604e-125 1.09404e-126 6.47857e-128 3.83339e-129
1.06031e-14 3.61765e-15 7.5798e-16 1.24128e-16 1.73853e-17 2.17996e-18 2.51432e-19 2.7149e-20 2.77817e-21 2.71835e-22 2.56043e-23 2.33373e-24 2.06691e-25 1.7848e-26 1.5068e-27 1.24659e-28 1.01262e-29 8.08994e-31 6.36573e-32 4.93966e-33 3.78413e-34 2.86467e-35 2.14483e-36 1.58946e-37 1.16666e-38 8.48669e-40 6.12173e-41 4.38096e-42 3.11187e-43 2.19488e-44 1.53781e-45 1.07065e-46 7.4095e-48 5.09861e-49 3.48944e-50 2.37582e-51 1.60962e-52 1.08539e-53 7.28598e-55 4.86981e-56 3.24143e-57 2.14899e-58 1.4193e-59 9.33938e-61 6.12392e-62 4.00189e-63 2.60662e-64 1.69246e-65 1.09556e-66 7.07087e-68 4.55068e-69 2.92069e-70 1.86956e-71 1.19365e-72 7.60202e-74 4.82984e-75 3.06139e-76 1.93606e-77 1.22168e-78 7.69254e-80 4.83367e-81 3.03114e-82 1.89706e-83 1.18502e-84 7.38861e-86 4.59847e-87 2.85691e-88 1.77188e-89 1.0971e-90 6.78182e-92 4.18559e-93 2.57924e-94 1.58697e-95 9.74999e-97 5.98152e-98 3.66443e-99 2.24183e-100 1.36966e-101 8.35705e-103 5.09252e-104 3.09932e-105 1.88393e-106 1.14377e-107 6.93586e-109 4.20108e-110 2.54173e-111 1.53609e-112 9.27327e-114 5.59226e-115 3.3689e-116 2.02743e-117 1.2189e-118 7.32087e-120 4.39278e-121 2.63333e-122 1.57713e-123 9.43701e-125 5.64174e-126 3.36985e-127 2.0111e-128 1.19919e-129
5.74751e-16 2.11094e-16 4.7016e-17 8.12183e-18 1.19346e-18 1.56363e-19 1.87825e-20 2.10656e-21 2.23404e-22 2.26107e-23 2.19924e-24 2.06691e-25 1.8851e-26 1.67429e-27 1.45232e-28 1.23332e-29 1.02744e-30 8.41128e-32 6.77705e-33 5.38097e-34 4.21519e-35 3.26097e-36 2.49367e-37 1.88641e-38 1.4127e-39 1.04799e-40 7.70563e-42 5.61866e-43 4.06478e-44 2.91883e-45 2.08125e-46 1.47415e-47 1.03754e-48 7.25856e-50 5.04899e-51 3.49287e-52 2.40377e-53 1.64601e-54 1.12176e-55 7.60989e-57 5.13987e-58 3.45698e-59 2.31571e-60 1.54519e-61 1.0272e-62 6.80397e-64 4.49118e-65 2.95463e-66 1.9375e-67 1.26655e-68 8.25457e-70 5.3641e-71 3.47594e-72 2.24626e-73 1.44776e-74 9.3072e-76 5.96841e-77 3.81811e-78 2.4368e-79 1.55168e-80 9.85878e-82 6.25042e-83 3.95445e-84 2.49678e-85 1.5733e-86 9.89481e-88 6.21136e-89 3.89198e-90 2.43433e-91 1.51996e-92 9.47434e-94 5.89585e-95 3.66304e-96 2.27223e-97 1.40732e-98 8.70324e-100 5.3744e-101 3.31401e-102 2.04065e-103 1.25483e-104 7.70582e-106 4.72586e-107 2.89456e-108 1.77067e-109 1.08183e-110 6.60165e-112 4.02376e-113 2.44968e-114 1.48967e-115 9.04877e-117 5.49052e-118 3.32791e-119 2.01499e-120 1.21879e-121 7.36448e-123 4.44555e-124 2.68093e-125 1.61521e-126 9.72225e-128 5.84659e-129 3.51273e-130
3.1155e-17 1.22554e-17 2.89114e-18 5.25313e-19 8.07894e-20 1.10361e-20 1.37804e-21 1.6026e-22 1.75863e-23 1.83844e-24 1.84406e-25 1.7848e-26 1.67429e-27 1.52783e-28 1.36024e-29 1.18452e-30 1.01105e-31 8.47401e-33 6.98504e-34 5.67024e-35 4.53839e-36 3.58529e-37 2.79816e-38 2.15926e-39 1.64871e-40 1.24647e-41 9.33629e-43 6.93208e-44 5.10462e-45 3.72969e-46 2.70502e-47 1.94816e-48 1.39376e-49 9.90828e-51 7.00147e-52 4.91906e-53 3.43707e-54 2.38898e-55 1.65217e-56 1.13711e-57 7.79012e-59 5.31325e-60 3.60848e-61 2.44067e-62 1.64429e-63 1.10357e-64 7.37951e-66 4.91723e-67 3.26537e-68 2.16128e-69 1.42596e-70 9.37915e-72 6.1507e-73 4.0219e-74 2.62253e-75 1.70543e-76 1.10612e-77 7.15584e-79 4.61787e-80 2.97288e-81 1.9094e-82 1.22356e-83 7.82338e-85 4.99145e-86 3.17796e-87 2.01922e-88 1.28043e-89 8.10371e-91 5.11908e-92 3.22775e-93 2.03154e-94 1.27641e-95 8.00594e-97 5.01311e-98 3.13395e-99 1.95607e-100 1.21899e-101 7.58494e-103 4.71257e-104 2.92368e-105 1.81126e-106 1.12054e-107 6.92277e-109 4.27122e-110 2.63181e-111 1.61957e-112 9.954e-114 6.11029e-115 3.74628e-116 2.29417e-117 1.40329e-118 8.57379e-120 5.23256e-121 3.18991e-122 1.94257e-123 1.18173e-124 7.18135e-126 4.35967e-127 2.64404e-128 1.60197e-129 9.6967e-131
1.68879e-18 7.08375e-19 1.76437e-19 3.36327e-20 5.40175e-21 7.67903e-22 9.95029e-23 1.19805e-23 1.35845e-24 1.46487e-25 1.51345e-26 1.5068e-27 1.45232e-28 1.36024e-29 1.24181e-30 1.10791e-31 9.68071e-33 8.30002e-34 6.99391e-35 5.80015e-36 4.73992e-37 3.82107e-38 3.04159e-39 2.39271e-40 1.86161e-41 1.43348e-42 1.09315e-43 8.26018e-45 6.18802e-46 4.59801e-47 3.39024e-48 2.48147e-49 1.80369e-50 1.30238e-51 9.34477e-53 6.66477e-54 4.7261e-55 3.33296e-56 2.33814e-57 1.63199e-58 1.1336e-59 7.83762e-61 5.39469e-62 3.69727e-63 2.52347e-64 1.71547e-65 1.16171e-66 7.83789e-68 5.2692e-69 3.5301e-70 2.35708e-71 1.56876e-72 1.04082e-73 6.88457e-75 4.54045e-76 2.98594e-77 1.95822e-78 1.28078e-79 8.35516e-81 5.43668e-82 3.52892e-83 2.28512e-84 1.47627e-85 9.51558e-87 6.11992e-88 3.92756e-89 2.51529e-90 1.60756e-91 1.02537e-92 6.52758e-94 4.14763e-95 2.63053e-96 1.66534e-97 1.05244e-98 6.6396e-100 4.18173e-101 2.62939e-102 1.65065e-103 1.0346e-104 6.47474e-106 4.04592e-107 2.52448e-108 1.5729e-109 9.78622e-111 6.08035e-112 3.77271e-113 2.33777e-114 1.44672e-115 8.94153e-117 5.51946e-118 3.4029e-119 2.09545e-120 1.28883e-121 7.91785e-123 4.85877e-124 2.97825e-125 1.82356e-126 1.11535e-127 6.81464e-129 4.15934e-130 2.53608e-131
9.15425e-20 4.07865e-20 1.06952e-20 2.13394e-21 3.5722e-22 5.27557e-23 7.08298e-24 8.81702e-25 1.0317e-25 1.14626e-26 1.21846e-27 1.24659e-28 1.23332e-29 1.18452e-30 1.10791e-31 1.01184e-32 9.04377e-34 7.92595e-35 6.82247e-36 5.77628e-37 4.81642e-38 3.95964e-39 3.21272e-40 2.57492e-41 2.04019e-42 1.59922e-43 1.24095e-44 9.53815e-46 7.2656e-47 5.48768e-48 4.1116e-49 3.05713e-50 2.25666e-51 1.65431e-52 1.20479e-53 8.71915e-55 6.27237e-56 4.48637e-57 3.19132e-58 2.25817e-59 1.58982e-60 1.11385e-61 7.76747e-63 5.39238e-64 3.72737e-65 2.56575e-66 1.75905e-67 1.20132e-68 8.17354e-70 5.54101e-71 3.74322e-72 2.52017e-73 1.69118e-74 1.13128e-75 7.54413e-77 5.01593e-78 3.32533e-79 2.19834e-80 1.44933e-81 9.52985e-83 6.25004e-84 4.08874e-85 2.6683e-86 1.73718e-87 1.12837e-88 7.31268e-90 4.72876e-91 3.05132e-92 1.96481e-93 1.2626e-94 8.09746e-96 5.18309e-97 3.31134e-98 2.11162e-99 1.34413e-100 8.54082e-102 5.4176e-103 3.43068e-104 2.16888e-105 1.36895e-106 8.62686e-108 5.42806e-109 3.41019e-110 2.13928e-111 1.34006e-112 8.38226e-114 5.23591e-115 3.26609e-116 2.03461e-117 1.26579e-118 7.86472e-120 4.88038e-121 3.02472e-122 1.87235e-123 1.15762e-124 7.1489e-126 4.4097e-127 2.71698e-128 1.67217e-129 1.02802e-130 6.31328e-132
4.96216e-21 2.34033e-21 6.44443e-22 1.34304e-22 2.33913e-23 3.58319e-24 4.97767e-25 6.39804e-26 7.71679e-27 8.82395e-28 9.6409e-29 1.01262e-29 1.02744e-30 1.01105e-31 9.68071e-33 9.04377e-34 8.2624e-35 7.39671e-36 6.49967e-37 5.6145e-38 4.77383e-39 4e-40 3.30625e-41 2.6983e-42 2.17611e-43 1.73551e-44 1.36968e-45 1.07035e-46 8.28661e-48 6.35916e-49 4.83941e-50 3.65376e-51 2.73787e-52 2.03689e-53 1.50505e-54 1.10484e-55 8.06002e-57 5.84494e-58 4.21443e-59 3.02216e-60 2.1558e-61 1.53005e-62 1.08066e-63 7.597e-65 5.31665e-66 3.70465e-67 2.57061e-68 1.77652e-69 1.22294e-70 8.38693e-72 5.73078e-73 3.90201e-74 2.64775e-75 1.79071e-76 1.20719e-77 8.11286e-79 5.43572e-80 3.63131e-81 2.41897e-82 1.60691e-83 1.06459e-84 7.0345e-86 4.63634e-87 3.04816e-88 1.99917e-89 1.30809e-90 8.53938e-92 5.56215e-93 3.61502e-94 2.34451e-95 1.51737e-96 9.80046e-98 6.31744e-99 4.06438e-100 2.60991e-101 1.67284e-102 1.07027e-103 6.83548e-105 4.35804e-106 2.77382e-107 1.76256e-108 1.11817e-109 7.08239e-111 4.47896e-112 2.82821e-113 1.78319e-114 1.12266e-115 7.05793e-117 4.43093e-118 2.77787e-119 1.73917e-120 1.08742e-121 6.79022e-123 4.23464e-124 2.63757e-125 1.6408e-126 1.01949e-127 6.32695e-129 3.92192e-130 2.42831e-131 1.50183e-132
2.68979e-22 1.33878e-22 3.86228e-23 8.39151e-24 1.51813e-24 2.40872e-25 3.45776e-26 4.5838e-27 5.69254e-28 6.69271e-29 7.50895e-30 8.08994e-31 8.41128e-32 8.47401e-33 8.30002e-34 7.92595e-35 7.39671e-36 6.75966e-37 6.06003e-38 5.33769e-39 4.62536e-40 3.94789e-41 3.32254e-42 2.75976e-43 2.26429e-44 1.83648e-45 1.47342e-46 1.17012e-47 9.20332e-49 7.17285e-50 5.54217e-51 4.24718e-52 3.22945e-53 2.4374e-54 1.82661e-55 1.35964e-56 1.00552e-57 7.39041e-59 5.39971e-60 3.92284e-61 2.83439e-62 2.03722e-63 1.45689e-64 1.03682e-65 7.34429e-67 5.17889e-68 3.63608e-69 2.54217e-70 1.77016e-71 1.22777e-72 8.48343e-74 5.84024e-75 4.0063e-76 2.73879e-77 1.86604e-78 1.26729e-79 8.57947e-81 5.79053e-82 3.8966e-83 2.61456e-84 1.74941e-85 1.16735e-86 7.76878e-88 5.15682e-89 3.41441e-90 2.25519e-91 1.48597e-92 9.76839e-94 6.4069e-95 4.19283e-96 2.73795e-97 1.78412e-98 1.16017e-99 7.52915e-101 4.87653e-102 3.15238e-103 2.03398e-104 1.30994e-105 8.42122e-107 5.40418e-108 3.46205e-109 2.21413e-110 1.41368e-111 9.01144e-113 5.73518e-114 3.64437e-115 2.31224e-116 1.46485e-117 9.26653e-119 5.85348e-120 3.6923e-121 2.32583e-122 1.46308e-123 9.19132e-125 5.76658e-126 3.61326e-127 2.26116e-128 1.41326e-129 8.82237e-131 5.50081e-132 3.42576e-133
1.45803e-23 7.63738e-24 2.30354e-24 5.20872e-25 9.77367e-26 1.60409e-26 2.37671e-27 3.24602e-28 4.14663e-29 5.00798e-30 5.7649e-31 6.36573e-32 6.77705e-33 6.98504e-34 6.99391e-35 6.82247e-36 6.49967e-37 6.06003e-38 5.53957e-39 4.97253e-40 4.38912e-41 3.81422e-42 3.26686e-43 2.76041e-44 2.30308e-45 1.89879e-46 1.54805e-47 1.24885e-48 9.9749e-50 7.89245e-51 6.18917e-52 4.81245e-53 3.71189e-54 2.84109e-55 2.15869e-56 1.62876e-57 1.22072e-58 9.09056e-60 6.72823e-61 4.95056e-62 3.62204e-63 2.63567e-64 1.90792e-65 1.37419e-66 9.84977e-68 7.0271e-69 4.99078e-70 3.52914e-71 2.48509e-72 1.74281e-73 1.21744e-74 8.47205e-76 5.87391e-77 4.05801e-78 2.79378e-79 1.91694e-80 1.31101e-81 8.93769e-83 6.07443e-84 4.11608e-85 2.78097e-86 1.8736e-87 1.2588e-88 8.43476e-90 5.63702e-91 3.75766e-92 2.49866e-93 1.65745e-94 1.09685e-95 7.2419e-97 4.77066e-98 3.13579e-99 2.05676e-100 1.34619e-101 8.79304e-103 5.73191e-104 3.72913e-105 2.42149e-106 1.56943e-107 1.01532e-108 6.55662e-110 4.22663e-111 2.71993e-112 1.74739e-113 1.12073e-114 7.17639e-116 4.58798e-117 2.92859e-118 1.86652e-119 1.18783e-120 7.54809e-122 4.78952e-123 3.03481e-124 1.92029e-125 1.21341e-126 7.65715e-128 4.82563e-129 3.03724e-130 1.9092e-131 1.19862e-132 7.51582e-134
7.9034e-25 4.34611e-25 1.36784e-25 3.21381e-26 6.24614e-27 1.05913e-27 1.61796e-28 2.27434e-29 2.98583e-30 3.70114e-31 4.36791e-32 4.93966e-33 5.38097e-34 5.67024e-35 5.80015e-36 5.77628e-37 5.6145e-38 5.33769e-39 4.97253e-40 4.54654e-41 4.08581e-42 3.61335e-43 3.14817e-44 2.7049e-45 2.29392e-46 1.92169e-47 1.59141e-48 1.30366e-49 1.05703e-50 8.48763e-52 6.75283e-53 5.3258e-54 4.16551e-55 3.23227e-56 2.48922e-57 1.90319e-58 1.44511e-59 1.09005e-60 8.17036e-62 6.08689e-63 4.50831e-64 3.32044e-65 2.43239e-66 1.77261e-67 1.28534e-68 9.27524e-70 6.66205e-71 4.7636e-72 3.39136e-73 2.40428e-74 1.69757e-75 1.19387e-76 8.3643e-78 5.83841e-79 4.06069e-80 2.81444e-81 1.94408e-82 1.33848e-83 9.18588e-85 6.28467e-86 4.28679e-87 2.91546e-88 1.97715e-89 1.3371e-90 9.01794e-92 6.06602e-93 4.06987e-94 2.72374e-95 1.81838e-96 1.21106e-97 8.04691e-99 5.33461e-100 3.52864e-101 2.32899e-102 1.53392e-103 1.00817e-104 6.61268e-106 4.32871e-107 2.82809e-108 1.84416e-109 1.20031e-110 7.79822e-112 5.0573e-113 3.27401e-114 2.11589e-115 1.36514e-116 8.79308e-118 5.65461e-119 3.63056e-120 2.32738e-121 1.4897e-122 9.52088e-124 6.07598e-125 3.87193e-126 2.46389e-127 1.56571e-128 9.93584e-130 6.29672e-131 3.9852e-132 2.51896e-133 1.59015e-134
4.28412e-26 2.46763e-26 8.08975e-27 1.97212e-27 3.96498e-28 6.93842e-29 1.09171e-29 1.57801e-30 2.12725e-31 2.70427e-32 3.26946e-33 3.78413e-34 4.21519e-35 4.53839e-36 4.73992e-37 4.81642e-38 4.77383e-39 4.62536e-40 4.38912e-41 4.08581e-42 3.73658e-43 3.36139e-44 2.97787e-45 2.60059e-46 2.24087e-47 1.90674e-48 1.60333e-49 1.33322e-50 1.09697e-51 8.93603e-53 7.21072e-54 5.76636e-55 4.57197e-56 3.59551e-57 2.80566e-58 2.1731e-59 1.67122e-60 1.27653e-61 9.68706e-63 7.30519e-64 5.47594e-65 4.08106e-66 3.02462e-67 2.22967e-68 1.63518e-69 1.19325e-70 8.66571e-72 6.26414e-73 4.50785e-74 3.22991e-75 2.30456e-76 1.63764e-77 1.15914e-78 8.17319e-80 5.74168e-81 4.01904e-82 2.80343e-83 1.94887e-84 1.35034e-85 9.32631e-87 6.42128e-88 4.40773e-89 3.01665e-90 2.05866e-91 1.40096e-92 9.50777e-94 6.43538e-95 4.34451e-96 2.92554e-97 1.96515e-98 1.31684e-99 8.80334e-101 5.87164e-102 3.90744e-103 2.59458e-104 1.71912e-105 1.13666e-106 7.49999e-108 4.93871e-109 3.2457e-110 2.12894e-111 1.39379e-112 9.10801e-114 5.94102e-115 3.86835e-116 2.51438e-117 1.63153e-118 1.05689e-119 6.83513e-121 4.4133e-122 2.84507e-123 1.83125e-124 1.17689e-125 7.55226e-127 4.83924e-128 3.09635e-129 1.97836e-130 1.26228e-131 8.04287e-133 5.11777e-134 3.25219e-135
2.32225e-27 1.39819e-27 4.76695e-28 1.20411e-28 2.50139e-29 4.51265e-30 7.3064e-31 1.08504e-31 1.50075e-32 1.95516e-33 2.41991e-34 2.86467e-35 3.26097e-36 3.58529e-37 3.82107e-38 3.95964e-39 4e-40 3.94789e-41 3.81422e-42 3.61335e-43 3.36139e-44 3.07466e-45 2.76853e-46 2.45654e-47 2.14992e-48 1.85743e-49 1.58534e-50 1.33767e-51 1.11653e-52 9.22423e-54 7.5468e-55 6.11756e-56 4.91552e-57 3.91669e-58 3.09593e-59 2.42853e-60 1.89111e-61 1.46234e-62 1.12322e-63 8.57199e-65 6.50145e-66 4.90178e-67 3.67459e-68 2.73949e-69 2.03151e-70 1.4988e-71 1.10031e-72 8.03916e-74 5.84652e-75 4.23294e-76 3.05145e-77 2.19053e-78 1.56613e-79 1.11531e-80 7.91233e-82 5.59244e-83 3.93853e-84 2.76406e-85 1.93323e-86 1.34766e-87 9.36446e-89 6.4867e-90 4.47961e-91 3.08437e-92 2.11756e-93 1.44971e-94 9.89758e-96 6.73926e-97 4.57676e-98 3.10023e-99 2.09481e-100 1.41201e-101 9.49503e-103 6.37005e-104 4.26385e-105 2.84769e-106 1.89775e-107 1.262e-108 8.37483e-110 5.54633e-111 3.66578e-112 2.41812e-113 1.59205e-114 1.04621e-115 6.86252e-117 4.49328e-118 2.9368e-119 1.91616e-120 1.2481e-121 8.116e-123 5.26893e-124 3.41511e-125 2.21005e-126 1.42799e-127 9.21268e-129 5.93469e-130 3.81744e-131 2.452e-132 1.57272e-133 1.00734e-134 6.44329e-136
1.2588e-28 7.90745e-29 2.79951e-29 7.31799e-30 1.56907e-30 2.91542e-31 4.85308e-32 7.39868e-33 1.04918e-33 1.39981e-34 1.77253e-35 2.14483e-36 2.49367e-37 2.79816e-38 3.04159e-39 3.21272e-40 3.30625e-41 3.32254e-42 3.26686e-43 3.14817e-44 2.97787e-45 2.76853e-46 2.53281e-47 2.28258e-48 2.02829e-49 1.77862e-50 1.54038e-51 1.31846e-52 1.11603e-53 9.34799e-55 7.75214e-56 6.36801e-57 5.18399e-58 4.18394e-59 3.34919e-60 2.66002e-61 2.09686e-62 1.64108e-63 1.27554e-64 9.84887e-66 7.55641e-67 5.76221e-68 4.36824e-69 3.29278e-70 2.46856e-71 1.84093e-72 1.3659e-73 1.00847e-74 7.41046e-76 5.42036e-77 3.9471e-78 2.8619e-79 2.0664e-80 1.48599e-81 1.06441e-82 7.59526e-84 5.39967e-85 3.82497e-86 2.70002e-87 1.89945e-88 1.33183e-89 9.30828e-91 6.48524e-92 4.50457e-93 3.11951e-94 2.15406e-95 1.48319e-96 1.01844e-97 6.97431e-99 4.76347e-100 3.2451e-101 2.20517e-102 1.49482e-103 1.01086e-104 6.8199e-106 4.59057e-107 3.08305e-108 2.06605e-109 1.38155e-110 9.21887e-112 6.13895e-113 4.07975e-114 2.70592e-115 1.79124e-116 1.1835e-117 7.80498e-119 5.13788e-120 3.37612e-121 2.21457e-122 1.45014e-123 9.47978e-125 6.18678e-126 4.03109e-127 2.62232e-128 1.7032e-129 1.10452e-130 7.15197e-132 4.62412e-133 2.98535e-134 1.92459e-135 1.23898e-136
6.82347e-30 4.46434e-30 1.63898e-30 4.42855e-31 9.79051e-32 1.8719e-32 3.20101e-33 5.00602e-34 7.27313e-35 9.93124e-36 1.28581e-36 1.58946e-37 1.88641e-38 2.15926e-39 2.39271e-40 2.57492e-41 2.6983e-42 2.75976e-43 2.76041e-44 2.7049e-45 2.60059e-46 2.45654e-47 2.28258e-48 2.08857e-49 1.8837e-50 1.67607e-51 1.47243e-52 1.27806e-53 1.0968e-54 9.31156e-56 7.82484e-57 6.51188e-58 5.36933e-59 4.38836e-60 3.55655e-61 2.85931e-62 2.28113e-63 1.8065e-64 1.42054e-65 1.10948e-66 8.60902e-68 6.63841e-69 5.08806e-70 3.87716e-71 2.93792e-72 2.21419e-73 1.66005e-74 1.23833e-75 9.19239e-77 6.79157e-78 4.99489e-79 3.65728e-80 2.6664e-81 1.93591e-82 1.39987e-83 1.0083e-84 7.23496e-86 5.17219e-87 3.68425e-88 2.6152e-89 1.85003e-90 1.30441e-91 9.16742e-93 6.42264e-94 4.48588e-95 3.12381e-96 2.16897e-97 1.50172e-98 1.03685e-99 7.1395e-101 4.90309e-102 3.35852e-103 2.29471e-104 1.564e-105 1.0634e-106 7.21321e-108 4.88155e-109 3.29613e-110 2.2207e-111 1.49291e-112 1.00151e-113 6.70464e-115 4.4793e-116 2.9866e-117 1.98745e-118 1.32002e-119 8.75078e-121 5.79045e-122 3.82465e-123 2.52174e-124 1.65978e-125 1.09058e-126 7.15379e-128 4.68487e-129 3.06305e-130 1.99949e-131 1.30319e-132 8.48059e-134 5.51048e-135 3.57526e-136 2.31628e-137
3.69873e-31 2.51644e-31 9.56792e-32 2.66939e-32 6.07906e-33 1.19499e-33 2.0976e-34 3.36273e-35 5.00232e-36 6.9864e-37 9.2433e-38 1.16666e-38 1.4127e-39 1.64871e-40 1.86161e-41 2.04019e-42 2.17611e-43 2.26429e-44 2.30308e-45 2.29392e-46 2.24087e-47 2.14992e-48 2.02829e-49 1.8837e-50 1.72384e-51 1.55586e-52 1.38607e-53 1.21971e-54 1.0609e-55 9.12652e-57 7.76949e-58 6.54879e-59 5.46787e-60 4.52434e-61 3.7115e-62 3.01973e-63 2.4376e-64 1.95289e-65 1.55328e-66 1.22687e-67 9.62605e-69 7.50422e-70 5.81402e-71 4.47774e-72 3.42882e-73 2.61109e-74 1.97775e-75 1.4903e-76 1.11738e-77 8.33734e-79 6.19178e-80 4.57752e-81 3.36924e-82 2.46933e-83 1.80229e-84 1.31016e-85 9.48688e-87 6.84343e-88 4.91835e-89 3.52212e-90 2.51345e-91 1.78755e-92 1.26709e-93 8.95263e-95 6.30562e-96 4.42763e-97 3.09966e-98 2.16365e-99 1.50599e-100 1.04532e-101 7.23589e-103 4.99554e-104 3.43989e-105 2.36267e-106 1.61877e-107 1.1064e-108 7.54409e-110 5.13206e-111 3.48328e-112 2.35894e-113 1.59404e-114 1.07486e-115 7.23257e-117 4.85673e-118 3.25477e-119 2.17691e-120 1.45318e-121 9.68217e-123 6.439e-124 4.27435e-125 2.83232e-126 1.87348e-127 1.23711e-128 8.15504e-130 5.36687e-131 3.52618e-132 2.31307e-133 1.5149e-134 9.90618e-136 6.46791e-137 4.21666e-138
2.00494e-32 1.41637e-32 5.57062e-33 1.60311e-33 3.75736e-34 7.58777e-35 1.3662e-35 2.24367e-36 3.41525e-37 4.87592e-38 6.58868e-39 8.48669e-40 1.04799e-40 1.24647e-41 1.43348e-42 1.59922e-43 1.73551e-44 1.83648e-45 1.89879e-46 1.92169e-47 1.90674e-48 1.85743e-49 1.77862e-50 1.67607e-51 1.55586e-52 1.42402e-53 1.28611e-54 1.14705e-55 1.01095e-56 8.81018e-58 7.59622e-59 6.48331e-60 5.48016e-61 4.58969e-62 3.8102e-63 3.13657e-64 2.5613e-65 2.07545e-66 1.66935e-67 1.33319e-68 1.05748e-69 8.3328e-71 6.52472e-72 5.07789e-73 3.9287e-74 3.02238e-75 2.31242e-76 1.75988e-77 1.33251e-78 1.00394e-79 7.52758e-81 5.61801e-82 4.17398e-83 3.08757e-84 2.27425e-85 1.66828e-86 1.21888e-87 8.8707e-89 6.4315e-90 4.64586e-91 3.34398e-92 2.39853e-93 1.71454e-94 1.22156e-95 8.67515e-97 6.14146e-98 4.33443e-99 3.04994e-100 2.13983e-101 1.49701e-102 1.04439e-103 7.26627e-105 5.04202e-106 3.48952e-107 2.40891e-108 1.65879e-109 1.13948e-110 7.80875e-112 5.33879e-113 3.64175e-114 2.47859e-115 1.68324e-116 1.14065e-117 7.71333e-119 5.20516e-120 3.50547e-121 2.35611e-122 1.58051e-123 1.0582e-124 7.07166e-126 4.71711e-127 3.14083e-128 2.08757e-129 1.38509e-130 9.17431e-132 6.06647e-133 4.0048e-134 2.63948e-135 1.73685e-136 1.1411e-137 7.48535e-139
1.0868e-33 7.96112e-34 3.23529e-34 9.59451e-35 2.31247e-35 4.79387e-36 8.84777e-37 1.48759e-37 2.31568e-38 3.37777e-39 4.65928e-40 6.12173e-41 7.70563e-42 9.33629e-43 1.09315e-43 1.24095e-44 1.36968e-45 1.47342e-46 1.54805e-47 1.59141e-48 1.60333e-49 1.58534e-50 1.54038e-51 1.47243e-52 1.38607e-53 1.28611e-54 1.17726e-55 1.06391e-56 9.49876e-58 8.38377e-59 7.31937e-60 6.32415e-61 5.41054e-62 4.5855e-63 3.85146e-64 3.20723e-65 2.64885e-66 2.17049e-67 1.76511e-68 1.42504e-69 1.14248e-70 9.09815e-72 7.19854e-73 5.66014e-74 4.42381e-75 3.43752e-76 2.65617e-77 2.04133e-78 1.56061e-79 1.18705e-80 8.98484e-82 6.76836e-83 5.07517e-84 3.78854e-85 2.81583e-86 2.08404e-87 1.53612e-88 1.12775e-89 8.24736e-91 6.00869e-92 4.36164e-93 3.15476e-94 2.2739e-95 1.63344e-96 1.16949e-97 8.34622e-99 5.93767e-100 4.21122e-101 2.97781e-102 2.0995e-103 1.47602e-104 1.03479e-105 7.23483e-107 5.0448e-108 3.50852e-109 2.43386e-110 1.68415e-111 1.16252e-112 8.00541e-114 5.49978e-115 3.76972e-116 2.57807e-117 1.75923e-118 1.19787e-119 8.13913e-121 5.51876e-122 3.73439e-123 2.5219e-124 1.69975e-125 1.14341e-126 7.67716e-128 5.14508e-129 3.44184e-130 2.29833e-131 1.53203e-132 1.01947e-133 6.77239e-135 4.49144e-136 2.97383e-137 1.96582e-138 1.29743e-139
5.8911e-35 4.4691e-35 1.87464e-35 5.72389e-36 1.41754e-36 3.01452e-37 5.69945e-38 9.80458e-39 1.55998e-39 2.32363e-40 3.27036e-41 4.38096e-42 5.61866e-43 6.93208e-44 8.26018e-45 9.53815e-46 1.07035e-46 1.17012e-47 1.24885e-48 1.30366e-49 1.33322e-50 1.33767e-51 1.31846e-52 1.27806e-53 1.21971e-54 1.14705e-55 1.06391e-56 9.73977e-58 8.80696e-59 7.87071e-60 6.95618e-61 6.0832e-62 5.26644e-63 4.51573e-64 3.83665e-65 3.23121e-66 2.69854e-67 2.2356e-68 1.83782e-69 1.49965e-70 1.21501e-71 9.77657e-73 7.81489e-74 6.20716e-75 4.89997e-76 3.84519e-77 3.00022e-78 2.328e-79 1.79674e-80 1.37955e-81 1.05391e-82 8.01233e-84 6.06266e-85 4.56644e-86 3.42423e-87 2.55666e-88 1.9009e-89 1.40759e-90 1.03818e-91 7.62765e-93 5.58314e-94 4.07172e-95 2.9589e-96 2.14276e-97 1.54649e-98 1.11246e-99 7.97676e-101 5.70167e-102 4.06298e-103 2.88659e-104 2.04481e-105 1.44437e-106 1.0174e-107 7.14684e-109 5.00698e-110 3.49865e-111 2.43845e-112 1.69527e-113 1.1757e-114 8.13411e-116 5.61438e-117 3.86627e-118 2.65644e-119 1.82115e-120 1.24579e-121 8.50398e-123 5.79283e-124 3.93793e-125 2.6716e-126 1.80891e-127 1.22242e-128 8.24513e-130 5.55089e-131 3.73018e-132 2.50215e-133 1.67544e-134 1.11992e-135 7.47308e-137 4.97832e-138 3.31091e-139 2.19839e-140
3.19333e-36 2.50584e-36 1.08389e-36 3.40451e-37 8.65699e-38 1.88727e-38 3.65302e-39 6.42619e-40 1.04451e-40 1.58798e-41 2.27937e-42 3.11187e-43 4.06478e-44 5.10462e-45 6.18802e-46 7.2656e-47 8.28661e-48 9.20332e-49 9.9749e-50 1.05703e-50 1.09697e-51 1.11653e-52 1.11603e-53 1.0968e-54 1.0609e-55 1.01095e-56 9.49876e-58 8.80696e-59 8.06337e-60 7.29498e-61 6.52542e-62 5.77445e-63 5.05769e-64 4.38672e-65 3.76933e-66 3.20997e-67 2.7103e-68 2.2697e-69 1.8858e-70 1.55502e-71 1.27296e-72 1.03479e-73 8.3553e-75 6.70267e-76 5.34331e-77 4.23392e-78 3.3353e-79 2.61259e-80 2.03532e-81 1.57722e-82 1.21598e-83 9.32825e-85 7.12165e-86 5.41165e-87 4.09361e-88 3.08296e-89 2.3119e-90 1.72647e-91 1.28408e-92 9.51285e-94 7.02042e-95 5.16169e-96 3.78128e-97 2.76022e-98 2.00792e-99 1.45574e-100 1.05194e-101 7.57705e-103 5.44061e-104 3.89461e-105 2.77958e-106 1.97799e-107 1.40355e-108 9.93148e-110 7.0083e-111 4.93229e-112 3.46216e-113 2.424e-114 1.69288e-115 1.17937e-116 8.19653e-118 5.68308e-119 3.93127e-120 2.71329e-121 1.8685e-122 1.28394e-123 8.80371e-125 6.02386e-126 4.11329e-127 2.80301e-128 1.90633e-129 1.29398e-130 8.76642e-132 5.92791e-133 4.00109e-134 2.69567e-135 1.81293e-136 1.21712e-137 8.15708e-139 5.4576e-140 3.6454e-141
1.73098e-37 1.40348e-37 6.25417e-38 2.01927e-38 5.2683e-39 1.17665e-39 2.33033e-40 4.18981e-41 6.95361e-42 1.07852e-42 1.57815e-43 2.19488e-44 2.91883e-45 3.72969e-46 4.59801e-47 5.48768e-48 6.35916e-49 7.17285e-50 7.89245e-51 8.48763e-52 8.93603e-53 9.22423e-54 9.34799e-55 9.31156e-56 9.12652e-57 8.81018e-58 8.38377e-59 7.87071e-60 7.29498e-61 6.6797e-62 6.04615e-63 5.41295e-64 4.79564e-65 4.20656e-66 3.65483e-67 3.14666e-68 2.6856e-69 2.27299e-70 1.90839e-71 1.58996e-72 1.31488e-73 1.07965e-74 8.80433e-76 7.13231e-77 5.74099e-78 4.59264e-79 3.65213e-80 2.88753e-81 2.2703e-82 1.77539e-83 1.38112e-84 1.06897e-85 8.23312e-87 6.31088e-88 4.81508e-89 3.65731e-90 2.7658e-91 2.08273e-92 1.56188e-93 1.16658e-94 8.67924e-96 6.43264e-97 4.74987e-98 3.49462e-99 2.56203e-100 1.87185e-101 1.363e-102 9.89226e-104 7.15653e-105 5.16119e-106 3.7108e-107 2.66004e-108 1.90124e-109 1.35502e-110 9.63031e-112 6.82568e-113 4.82491e-114 3.40168e-115 2.39212e-116 1.67795e-117 1.17411e-118 8.19572e-120 5.70741e-121 3.96537e-122 2.74878e-123 1.9012e-124 1.3121e-125 9.03588e-127 6.20955e-128 4.25845e-129 2.91448e-130 1.9907e-131 1.35706e-132 9.23327e-134 6.27035e-135 4.25032e-136 2.8758e-137 1.9423e-138 1.30951e-139 8.81347e-141 5.92167e-142
9.38296e-39 7.85248e-39 3.60189e-39 1.19449e-39 3.19547e-40 7.30734e-41 1.47995e-41 2.71819e-42 4.60413e-43 7.28213e-44 1.08582e-44 1.53781e-45 2.08125e-46 2.70502e-47 3.39024e-48 4.1116e-49 4.83941e-50 5.54217e-51 6.18917e-52 6.75283e-53 7.21072e-54 7.5468e-55 7.75214e-56 7.82484e-57 7.76949e-58 7.59622e-59 7.31937e-60 6.95618e-61 6.52542e-62 6.04615e-63 5.53671e-64 5.01389e-65 4.49237e-66 3.98445e-67 3.49983e-68 3.04577e-69 2.62717e-70 2.24687e-71 1.90598e-72 1.60416e-73 1.33997e-74 1.11118e-75 9.15027e-77 7.48428e-78 6.08187e-79 4.91125e-80 3.94191e-81 3.14535e-82 2.49552e-83 1.96908e-84 1.54542e-85 1.20666e-86 9.37449e-88 7.24761e-89 5.57687e-90 4.27162e-91 3.2573e-92 2.47309e-93 1.86977e-94 1.40784e-95 1.0558e-96 7.88718e-98 5.86965e-99 4.35208e-100 3.21525e-101 2.36704e-102 1.73662e-103 1.26984e-104 9.2549e-106 6.72367e-107 4.8695e-108 3.5159e-109 2.53101e-110 1.8167e-111 1.30026e-112 9.28039e-114 6.60563e-115 4.6892e-116 3.32006e-117 2.34464e-118 1.65164e-119 1.1606e-120 8.13582e-122 5.68971e-123 3.96981e-124 2.76351e-125 1.91946e-126 1.33029e-127 9.19977e-129 6.34878e-130 4.37222e-131 3.00489e-132 2.06104e-133 1.41088e-134 9.63949e-136 6.57346e-137 4.47428e-138 3.03988e-139 2.06161e-140 1.39568e-141 9.43206e-143
5.08613e-40 4.38921e-40 2.07069e-40 7.04835e-41 1.93215e-41 4.52134e-42 9.35937e-43 1.7552e-43 3.03287e-44 4.88964e-45 7.42639e-46 1.07065e-46 1.47415e-47 1.94816e-48 2.48147e-49 3.05713e-50 3.65376e-51 4.24718e-52 4.81245e-53 5.3258e-54 5.76636e-55 6.11756e-56 6.36801e-57 6.51188e-58 6.54879e-59 6.48331e-60 6.32415e-61 6.0832e-62 5.77445e-63 5.41295e-64 5.01389e-65 4.59181e-66 4.16002e-67 3.73011e-68 3.3118e-69 2.91278e-70 2.53878e-71 2.19371e-72 1.87984e-73 1.59805e-74 1.34809e-75 1.12885e-76 9.38552e-78 7.74986e-79 6.35696e-80 5.18112e-81 4.19671e-82 3.37906e-83 2.705e-84 2.15329e-85 1.70482e-86 1.34266e-87 1.05205e-88 8.20264e-90 6.36473e-91 4.91558e-92 3.77916e-93 2.89265e-94 2.2046e-95 1.67319e-96 1.26471e-97 9.5217e-99 7.14096e-100 5.33534e-101 3.97164e-102 2.94591e-103 2.17746e-104 1.60397e-105 1.17758e-106 8.61731e-108 6.28592e-109 4.57102e-110 3.31387e-111 2.39533e-112 1.72635e-113 1.24067e-114 8.89141e-116 6.35476e-117 4.52966e-118 3.22028e-119 2.28353e-120 1.6152e-121 1.13966e-122 8.02185e-124 5.63304e-125 3.9464e-126 2.75847e-127 1.92381e-128 1.33876e-129 9.29616e-131 6.44147e-132 4.45413e-133 3.07364e-134 2.11676e-135 1.4549e-136 9.98051e-138 6.83351e-139 4.67005e-140 3.18566e-141 2.16915e-142 1.47437e-143
