0.842909 0.000197472 0.000189919 0.000182655 0.000175669 0.00016895 0.000162488 0.000156273 0.000150296 0.000144547 0.000139018 0.000133701 0.000128587 0.000123669 0.000118939 0.00011439 0.000110015 0.000105807 0.00010176 9.78677e-05 9.41245e-05 9.05244e-05 8.7062e-05 8.3732e-05 8.05294e-05 7.74493e-05 7.4487e-05 7.1638e-05 6.8898e-05 6.62628e-05 6.37283e-05 6.12908e-05 5.89466e-05 5.6692e-05 5.45236e-05 5.24382e-05 5.04325e-05 4.85035e-05 4.66484e-05 4.48641e-05 4.31482e-05 4.14978e-05 3.99106e-05 3.83841e-05 3.6916e-05 3.5504e-05 3.4146e-05 3.284e-05 3.15839e-05 3.03759e-05 2.92141e-05 2.80967e-05 2.70221e-05 2.59885e-05 2.49945e-05 2.40385e-05 2.31191e-05 2.22348e-05 2.13844e-05 2.05664e-05 1.97798e-05 1.90233e-05 1.82957e-05 1.75959e-05 1.69229e-05 1.62756e-05 1.56531e-05 1.50544e-05 1.44786e-05 1.39248e-05 1.33922e-05 1.288e-05 1.23873e-05 1.19136e-05 1.14579e-05 1.10196e-05 1.05982e-05 1.01928e-05 9.80294e-06 9.42799e-06 9.06739e-06 8.72058e-06 8.38703e-06 8.06624e-06 7.75772e-06 7.461e-06 7.17563e-06 6.90118e-06 6.63722e-06 6.38336e-06 6.1392e-06 5.90439e-06 5.67856e-06 5.46136e-06 5.25248e-06 5.05158e-06 4.85836e-06 4.67254e-06 4.49382e-06 4.32194e-06 4.15664e-06
0.000197472 2.57632e-05 2.50153e-05 2.42869e-05 2.35777e-05 2.28872e-05 2.2215e-05 2.15607e-05 2.0924e-05 2.03045e-05 1.97017e-05 1.91154e-05 1.85451e-05 1.79904e-05 1.74511e-05 1.69266e-05 1.64168e-05 1.59212e-05 1.54395e-05 1.49714e-05 1.45165e-05 1.40744e-05 1.3645e-05 1.32278e-05 1.28226e-05 1.2429e-05 1.20468e-05 1.16756e-05 1.13152e-05 1.09653e-05 1.06256e-05 1.02958e-05 9.97573e-06 9.66507e-06 9.36359e-06 9.07103e-06 8.78715e-06 8.51171e-06 8.24449e-06 7.98526e-06 7.7338e-06 7.4899e-06 7.25333e-06 7.02391e-06 6.80142e-06 6.58568e-06 6.37649e-06 6.17367e-06 5.97704e-06 5.78642e-06 5.60163e-06 5.42252e-06 5.24891e-06 5.08065e-06 4.91758e-06 4.75956e-06 4.60642e-06 4.45804e-06 4.31427e-06 4.17498e-06 4.04003e-06 3.9093e-06 3.78266e-06 3.65998e-06 3.54116e-06 3.42607e-06 3.3146e-06 3.20665e-06 3.10211e-06 3.00087e-06 2.90284e-06 2.80792e-06 2.71602e-06 2.62703e-06 2.54088e-06 2.45748e-06 2.37674e-06 2.29858e-06 2.22292e-06 2.14969e-06 2.07881e-06 2.0102e-06 1.94381e-06 1.87955e-06 1.81736e-06 1.75718e-06 1.69894e-06 1.64259e-06 1.58807e-06 1.53531e-06 1.48426e-06 1.43488e-06 1.3871e-06 1.34087e-06 1.29616e-06 1.2529e-06 1.21105e-06 1.17058e-06 1.13142e-06 1.09355e-06 1.05693e-06
0.000189919 2.50153e-05 2.43179e-05 2.36376e-05 2.2974e-05 2.23268e-05 2.16958e-05 2.10807e-05 2.04811e-05 1.98967e-05 1.93274e-05 1.87726e-05 1.82323e-05 1.7706e-05 1.71934e-05 1.66944e-05 1.62085e-05 1.57356e-05 1.52753e-05 1.48273e-05 1.43914e-05 1.39673e-05 1.35547e-05 1.31534e-05 1.27631e-05 1.23835e-05 1.20144e-05 1.16555e-05 1.13066e-05 1.09675e-05 1.06378e-05 1.03174e-05 1.00061e-05 9.70356e-06 9.40962e-06 9.12405e-06 8.84664e-06 8.57718e-06 8.31546e-06 8.06129e-06 7.81446e-06 7.57479e-06 7.34208e-06 7.11615e-06 6.89681e-06 6.68391e-06 6.47725e-06 6.27668e-06 6.08202e-06 5.89311e-06 5.70981e-06 5.53195e-06 5.35939e-06 5.19197e-06 5.02956e-06 4.87202e-06 4.7192e-06 4.57099e-06 4.42724e-06 4.28783e-06 4.15264e-06 4.02155e-06 3.89444e-06 3.77119e-06 3.65171e-06 3.53587e-06 3.42358e-06 3.31473e-06 3.20922e-06 3.10695e-06 3.00783e-06 2.91177e-06 2.81868e-06 2.72846e-06 2.64104e-06 2.55634e-06 2.47427e-06 2.39475e-06 2.31771e-06 2.24307e-06 2.17077e-06 2.10073e-06 2.03289e-06 1.96717e-06 1.90352e-06 1.84188e-06 1.78217e-06 1.72435e-06 1.66836e-06 1.61413e-06 1.56163e-06 1.51078e-06 1.46155e-06 1.41389e-06 1.36774e-06 1.32306e-06 1.27981e-06 1.23793e-06 1.1974e-06 1.15816e-06 1.12018e-06
0.000182655 2.42869e-05 2.36376e-05 2.3003e-05 2.23829e-05 2.17771e-05 2.11854e-05 2.06077e-05 2.00436e-05 1.94931e-05 1.89557e-05 1.84314e-05 1.79199e-05 1.74209e-05 1.69343e-05 1.64597e-05 1.59971e-05 1.55461e-05 1.51066e-05 1.46782e-05 1.42608e-05 1.38542e-05 1.34581e-05 1.30723e-05 1.26966e-05 1.23307e-05 1.19745e-05 1.16278e-05 1.12903e-05 1.09618e-05 1.06421e-05 1.0331e-05 1.00284e-05 9.73398e-06 9.4476e-06 9.16905e-06 8.89816e-06 8.63473e-06 8.37859e-06 8.12956e-06 7.88746e-06 7.65213e-06 7.42339e-06 7.20108e-06 6.98504e-06 6.77511e-06 6.57113e-06 6.37295e-06 6.18042e-06 5.9934e-06 5.81174e-06 5.6353e-06 5.46394e-06 5.29753e-06 5.13595e-06 4.97905e-06 4.82672e-06 4.67883e-06 4.53527e-06 4.39591e-06 4.26064e-06 4.12935e-06 4.00193e-06 3.87828e-06 3.75829e-06 3.64185e-06 3.52888e-06 3.41928e-06 3.31294e-06 3.20978e-06 3.10971e-06 3.01265e-06 2.9185e-06 2.82718e-06 2.73862e-06 2.65274e-06 2.56945e-06 2.48869e-06 2.41038e-06 2.33445e-06 2.26084e-06 2.18947e-06 2.12028e-06 2.05321e-06 1.98819e-06 1.92517e-06 1.86408e-06 1.80488e-06 1.74749e-06 1.69188e-06 1.63799e-06 1.58577e-06 1.53516e-06 1.48612e-06 1.43861e-06 1.39257e-06 1.34797e-06 1.30476e-06 1.26289e-06 1.22234e-06 1.18305e-06
0.000175669 2.35777e-05 2.2974e-05 2.23829e-05 2.18042e-05 2.12379e-05 2.06839e-05 2.01419e-05 1.96119e-05 1.90936e-05 1.85871e-05 1.8092e-05 1.76082e-05 1.71356e-05 1.66739e-05 1.62231e-05 1.57829e-05 1.53532e-05 1.49338e-05 1.45245e-05 1.41252e-05 1.37356e-05 1.33555e-05 1.29849e-05 1.26235e-05 1.22711e-05 1.19276e-05 1.15928e-05 1.12665e-05 1.09486e-05 1.06388e-05 1.0337e-05 1.0043e-05 9.75668e-06 9.47785e-06 9.20634e-06 8.942e-06 8.68465e-06 8.43415e-06 8.19034e-06 7.95307e-06 7.72217e-06 7.49751e-06 7.27894e-06 7.06631e-06 6.85948e-06 6.65832e-06 6.46267e-06 6.27242e-06 6.08742e-06 5.90755e-06 5.73268e-06 5.56269e-06 5.39745e-06 5.23685e-06 5.08075e-06 4.92906e-06 4.78166e-06 4.63844e-06 4.49928e-06 4.36409e-06 4.23276e-06 4.10518e-06 3.98127e-06 3.86092e-06 3.74404e-06 3.63053e-06 3.52031e-06 3.41329e-06 3.30937e-06 3.20849e-06 3.11055e-06 3.01547e-06 2.92318e-06 2.8336e-06 2.74666e-06 2.66227e-06 2.58038e-06 2.50091e-06 2.4238e-06 2.34898e-06 2.27638e-06 2.20594e-06 2.13761e-06 2.07131e-06 2.007e-06 1.94462e-06 1.88412e-06 1.82543e-06 1.76851e-06 1.71331e-06 1.65977e-06 1.60786e-06 1.55752e-06 1.5087e-06 1.46137e-06 1.41548e-06 1.37099e-06 1.32785e-06 1.28604e-06 1.2455e-06
0.00016895 2.28872e-05 2.23268e-05 2.17771e-05 2.12379e-05 2.07093e-05 2.01911e-05 1.96833e-05 1.91859e-05 1.86987e-05 1.82216e-05 1.77546e-05 1.72975e-05 1.68503e-05 1.64127e-05 1.59848e-05 1.55664e-05 1.51573e-05 1.47574e-05 1.43666e-05 1.39848e-05 1.36118e-05 1.32475e-05 1.28917e-05 1.25443e-05 1.22051e-05 1.18741e-05 1.15511e-05 1.12358e-05 1.09283e-05 1.06282e-05 1.03356e-05 1.00503e-05 9.77199e-06 9.5007e-06 9.23624e-06 8.97847e-06 8.72725e-06 8.48244e-06 8.24391e-06 8.01153e-06 7.78517e-06 7.56468e-06 7.34995e-06 7.14084e-06 6.93723e-06 6.739e-06 6.54602e-06 6.35818e-06 6.17534e-06 5.99741e-06 5.82425e-06 5.65577e-06 5.49184e-06 5.33237e-06 5.17723e-06 5.02633e-06 4.87956e-06 4.73683e-06 4.59802e-06 4.46306e-06 4.33183e-06 4.20424e-06 4.08021e-06 3.95964e-06 3.84245e-06 3.72855e-06 3.61785e-06 3.51027e-06 3.40574e-06 3.30416e-06 3.20547e-06 3.10959e-06 3.01645e-06 2.92597e-06 2.83808e-06 2.75271e-06 2.6698e-06 2.58928e-06 2.51109e-06 2.43516e-06 2.36143e-06 2.28984e-06 2.22033e-06 2.15286e-06 2.08735e-06 2.02376e-06 1.96203e-06 1.90212e-06 1.84397e-06 1.78753e-06 1.73276e-06 1.67961e-06 1.62803e-06 1.57798e-06 1.52942e-06 1.4823e-06 1.43659e-06 1.39224e-06 1.34921e-06 1.30747e-06
0.000162488 2.2215e-05 2.16958e-05 2.11854e-05 2.06839e-05 2.01911e-05 1.97072e-05 1.92321e-05 1.87658e-05 1.83083e-05 1.78595e-05 1.74195e-05 1.69881e-05 1.65653e-05 1.6151e-05 1.57452e-05 1.53478e-05 1.49586e-05 1.45777e-05 1.42049e-05 1.38401e-05 1.34833e-05 1.31343e-05 1.2793e-05 1.24593e-05 1.21331e-05 1.18143e-05 1.15028e-05 1.11985e-05 1.09012e-05 1.06108e-05 1.03273e-05 1.00505e-05 9.78025e-06 9.51647e-06 9.25905e-06 9.00786e-06 8.76279e-06 8.52372e-06 8.29053e-06 8.06311e-06 7.84134e-06 7.62512e-06 7.41432e-06 7.20883e-06 7.00856e-06 6.81337e-06 6.62318e-06 6.43786e-06 6.25732e-06 6.08145e-06 5.91014e-06 5.7433e-06 5.58083e-06 5.42262e-06 5.26857e-06 5.11861e-06 4.97261e-06 4.83051e-06 4.6922e-06 4.5576e-06 4.42661e-06 4.29915e-06 4.17514e-06 4.05449e-06 3.93712e-06 3.82296e-06 3.71191e-06 3.60391e-06 3.49888e-06 3.39674e-06 3.29743e-06 3.20086e-06 3.10698e-06 3.01571e-06 2.92699e-06 2.84075e-06 2.75693e-06 2.67546e-06 2.59629e-06 2.51935e-06 2.44458e-06 2.37194e-06 2.30136e-06 2.23278e-06 2.16617e-06 2.10145e-06 2.03859e-06 1.97753e-06 1.91822e-06 1.86062e-06 1.80469e-06 1.75037e-06 1.69762e-06 1.6464e-06 1.59666e-06 1.54838e-06 1.5015e-06 1.45599e-06 1.41181e-06 1.36892e-06
0.000156273 2.15607e-05 2.10807e-05 2.06077e-05 2.01419e-05 1.96833e-05 1.92321e-05 1.87882e-05 1.83517e-05 1.79227e-05 1.75011e-05 1.70869e-05 1.66802e-05 1.62809e-05 1.58891e-05 1.55046e-05 1.51275e-05 1.47577e-05 1.43951e-05 1.40398e-05 1.36916e-05 1.33504e-05 1.30163e-05 1.26892e-05 1.23689e-05 1.20554e-05 1.17486e-05 1.14485e-05 1.11549e-05 1.08677e-05 1.05869e-05 1.03124e-05 1.0044e-05 9.78176e-06 9.52547e-06 9.27507e-06 9.03047e-06 8.79156e-06 8.55825e-06 8.33045e-06 8.10804e-06 7.89094e-06 7.67905e-06 7.47226e-06 7.2705e-06 7.07364e-06 6.88161e-06 6.69431e-06 6.51164e-06 6.33351e-06 6.15982e-06 5.99049e-06 5.82542e-06 5.66452e-06 5.50771e-06 5.35489e-06 5.20599e-06 5.06091e-06 4.91957e-06 4.78188e-06 4.64778e-06 4.51716e-06 4.38997e-06 4.26611e-06 4.14551e-06 4.02809e-06 3.91379e-06 3.80252e-06 3.69422e-06 3.58881e-06 3.48623e-06 3.38641e-06 3.28928e-06 3.19477e-06 3.10283e-06 3.01339e-06 2.92638e-06 2.84175e-06 2.75943e-06 2.67938e-06 2.60153e-06 2.52583e-06 2.45222e-06 2.38065e-06 2.31107e-06 2.24342e-06 2.17766e-06 2.11374e-06 2.05161e-06 1.99123e-06 1.93254e-06 1.87551e-06 1.82009e-06 1.76623e-06 1.71391e-06 1.66307e-06 1.61367e-06 1.56568e-06 1.51907e-06 1.47379e-06 1.4298e-06
0.000150296 2.0924e-05 2.04811e-05 2.00436e-05 1.96119e-05 1.91859e-05 1.87658e-05 1.83517e-05 1.79438e-05 1.75419e-05 1.71464e-05 1.67571e-05 1.63741e-05 1.59974e-05 1.56272e-05 1.52633e-05 1.49058e-05 1.45547e-05 1.42099e-05 1.38715e-05 1.35394e-05 1.32136e-05 1.2894e-05 1.25807e-05 1.22735e-05 1.19724e-05 1.16774e-05 1.13884e-05 1.11053e-05 1.08282e-05 1.05568e-05 1.02912e-05 1.00312e-05 9.77683e-06 9.52799e-06 9.28459e-06 9.04657e-06 8.81383e-06 8.58631e-06 8.36392e-06 8.14657e-06 7.93419e-06 7.72669e-06 7.524e-06 7.32603e-06 7.13269e-06 6.9439e-06 6.75959e-06 6.57967e-06 6.40405e-06 6.23266e-06 6.06542e-06 5.90224e-06 5.74304e-06 5.58775e-06 5.43628e-06 5.28857e-06 5.14452e-06 5.00408e-06 4.86715e-06 4.73366e-06 4.60355e-06 4.47674e-06 4.35316e-06 4.23273e-06 4.11539e-06 4.00107e-06 3.88971e-06 3.78122e-06 3.67556e-06 3.57265e-06 3.47243e-06 3.37485e-06 3.27983e-06 3.18732e-06 3.09725e-06 3.00958e-06 2.92424e-06 2.84118e-06 2.76035e-06 2.68168e-06 2.60513e-06 2.53065e-06 2.45818e-06 2.38767e-06 2.31908e-06 2.25236e-06 2.18746e-06 2.12434e-06 2.06295e-06 2.00325e-06 1.94519e-06 1.88873e-06 1.83384e-06 1.78047e-06 1.72858e-06 1.67814e-06 1.6291e-06 1.58144e-06 1.5351e-06 1.49007e-06
0.000144547 2.03045e-05 1.98967e-05 1.94931e-05 1.90936e-05 1.86987e-05 1.83083e-05 1.79227e-05 1.75419e-05 1.71662e-05 1.67956e-05 1.64301e-05 1.60699e-05 1.57151e-05 1.53656e-05 1.50216e-05 1.4683e-05 1.435e-05 1.40224e-05 1.37004e-05 1.3384e-05 1.3073e-05 1.27676e-05 1.24678e-05 1.21734e-05 1.18845e-05 1.1601e-05 1.13229e-05 1.10502e-05 1.07829e-05 1.05208e-05 1.02639e-05 1.00123e-05 9.76576e-06 9.52432e-06 9.28789e-06 9.05643e-06 8.82987e-06 8.60814e-06 8.39118e-06 8.17893e-06 7.97132e-06 7.76827e-06 7.56973e-06 7.37562e-06 7.18588e-06 7.00042e-06 6.81919e-06 6.64211e-06 6.46911e-06 6.30012e-06 6.13507e-06 5.97389e-06 5.81651e-06 5.66285e-06 5.51286e-06 5.36645e-06 5.22356e-06 5.08412e-06 4.94806e-06 4.81533e-06 4.68584e-06 4.55953e-06 4.43634e-06 4.31621e-06 4.19906e-06 4.08485e-06 3.97349e-06 3.86494e-06 3.75913e-06 3.65601e-06 3.55551e-06 3.45757e-06 3.36214e-06 3.26917e-06 3.17859e-06 3.09036e-06 3.00441e-06 2.9207e-06 2.83918e-06 2.75979e-06 2.68248e-06 2.60721e-06 2.53392e-06 2.46258e-06 2.39312e-06 2.32552e-06 2.25972e-06 2.19568e-06 2.13335e-06 2.07271e-06 2.01369e-06 1.95627e-06 1.9004e-06 1.84605e-06 1.79317e-06 1.74174e-06 1.69171e-06 1.64305e-06 1.59572e-06 1.54969e-06
0.000139018 1.97017e-05 1.93274e-05 1.89557e-05 1.85871e-05 1.82216e-05 1.78595e-05 1.75011e-05 1.71464e-05 1.67956e-05 1.64488e-05 1.61062e-05 1.57679e-05 1.5434e-05 1.51046e-05 1.47797e-05 1.44594e-05 1.41438e-05 1.3833e-05 1.35269e-05 1.32256e-05 1.29291e-05 1.26375e-05 1.23508e-05 1.20689e-05 1.17918e-05 1.15197e-05 1.12523e-05 1.09898e-05 1.07321e-05 1.04792e-05 1.0231e-05 9.98759e-06 9.74884e-06 9.51474e-06 9.28525e-06 9.06032e-06 8.83992e-06 8.62399e-06 8.41248e-06 8.20535e-06 8.00254e-06 7.804e-06 7.60966e-06 7.41948e-06 7.2334e-06 7.05135e-06 6.87328e-06 6.69913e-06 6.52884e-06 6.36235e-06 6.19959e-06 6.04051e-06 5.88504e-06 5.73313e-06 5.58471e-06 5.43972e-06 5.29809e-06 5.15978e-06 5.02471e-06 4.89283e-06 4.76408e-06 4.63839e-06 4.51571e-06 4.39598e-06 4.27914e-06 4.16514e-06 4.05391e-06 3.9454e-06 3.83956e-06 3.73632e-06 3.63564e-06 3.53746e-06 3.44173e-06 3.34839e-06 3.2574e-06 3.1687e-06 3.08224e-06 2.99797e-06 2.91585e-06 2.83583e-06 2.75785e-06 2.68188e-06 2.60786e-06 2.53576e-06 2.46552e-06 2.39711e-06 2.33048e-06 2.2656e-06 2.20241e-06 2.14089e-06 2.08098e-06 2.02266e-06 1.96588e-06 1.91061e-06 1.8568e-06 1.80444e-06 1.75347e-06 1.70387e-06 1.6556e-06 1.60862e-06
0.000133701 1.91154e-05 1.87726e-05 1.84314e-05 1.8092e-05 1.77546e-05 1.74195e-05 1.70869e-05 1.67571e-05 1.64301e-05 1.61062e-05 1.57856e-05 1.54683e-05 1.51545e-05 1.48443e-05 1.45379e-05 1.42353e-05 1.39366e-05 1.36419e-05 1.33512e-05 1.30646e-05 1.27822e-05 1.2504e-05 1.22301e-05 1.19603e-05 1.16949e-05 1.14338e-05 1.1177e-05 1.09244e-05 1.06762e-05 1.04323e-05 1.01927e-05 9.95741e-06 9.72634e-06 9.49952e-06 9.27691e-06 9.0585e-06 8.84424e-06 8.6341e-06 8.42806e-06 8.22606e-06 8.02808e-06 7.83407e-06 7.64399e-06 7.45779e-06 7.27543e-06 7.09685e-06 6.92202e-06 6.75088e-06 6.58338e-06 6.41947e-06 6.2591e-06 6.10221e-06 5.94876e-06 5.79869e-06 5.65195e-06 5.50848e-06 5.36822e-06 5.23114e-06 5.09717e-06 4.96625e-06 4.83834e-06 4.71338e-06 4.59132e-06 4.4721e-06 4.35568e-06 4.242e-06 4.131e-06 4.02264e-06 3.91686e-06 3.81362e-06 3.71286e-06 3.61454e-06 3.5186e-06 3.42499e-06 3.33368e-06 3.24461e-06 3.15773e-06 3.07299e-06 2.99036e-06 2.90979e-06 2.83123e-06 2.75464e-06 2.67997e-06 2.60719e-06 2.53625e-06 2.46711e-06 2.39973e-06 2.33407e-06 2.27009e-06 2.20776e-06 2.14703e-06 2.08787e-06 2.03024e-06 1.97411e-06 1.91944e-06 1.8662e-06 1.81435e-06 1.76386e-06 1.71469e-06 1.66683e-06
0.000128587 1.85451e-05 1.82323e-05 1.79199e-05 1.76082e-05 1.72975e-05 1.69881e-05 1.66802e-05 1.63741e-05 1.60699e-05 1.57679e-05 1.54683e-05 1.51712e-05 1.48767e-05 1.45851e-05 1.42964e-05 1.40109e-05 1.37285e-05 1.34493e-05 1.31736e-05 1.29013e-05 1.26326e-05 1.23674e-05 1.21059e-05 1.18481e-05 1.1594e-05 1.13436e-05 1.10971e-05 1.08544e-05 1.06155e-05 1.03805e-05 1.01493e-05 9.92201e-06 9.69855e-06 9.47893e-06 9.26316e-06 9.05121e-06 8.84306e-06 8.63871e-06 8.43812e-06 8.24128e-06 8.04815e-06 7.8587e-06 7.67291e-06 7.49074e-06 7.31215e-06 7.13711e-06 6.96558e-06 6.79751e-06 6.63288e-06 6.47163e-06 6.31373e-06 6.15913e-06 6.00778e-06 5.85965e-06 5.71467e-06 5.57282e-06 5.43404e-06 5.29828e-06 5.16551e-06 5.03566e-06 4.90869e-06 4.78456e-06 4.66322e-06 4.54462e-06 4.42871e-06 4.31545e-06 4.20479e-06 4.09667e-06 3.99106e-06 3.88791e-06 3.78718e-06 3.6888e-06 3.59275e-06 3.49898e-06 3.40744e-06 3.31808e-06 3.23087e-06 3.14576e-06 3.06271e-06 2.98167e-06 2.90261e-06 2.82548e-06 2.75024e-06 2.67686e-06 2.60529e-06 2.53549e-06 2.46743e-06 2.40107e-06 2.33637e-06 2.27329e-06 2.21181e-06 2.15187e-06 2.09346e-06 2.03653e-06 1.98105e-06 1.92699e-06 1.87431e-06 1.82298e-06 1.77298e-06 1.72427e-06
0.000123669 1.79904e-05 1.7706e-05 1.74209e-05 1.71356e-05 1.68503e-05 1.65653e-05 1.62809e-05 1.59974e-05 1.57151e-05 1.5434e-05 1.51545e-05 1.48767e-05 1.46008e-05 1.43271e-05 1.40555e-05 1.37864e-05 1.35197e-05 1.32557e-05 1.29944e-05 1.2736e-05 1.24805e-05 1.2228e-05 1.19786e-05 1.17323e-05 1.14893e-05 1.12495e-05 1.10131e-05 1.078e-05 1.05503e-05 1.0324e-05 1.01011e-05 9.88167e-06 9.66571e-06 9.45323e-06 9.24422e-06 9.03869e-06 8.83664e-06 8.63804e-06 8.44291e-06 8.25121e-06 8.06294e-06 7.87808e-06 7.69661e-06 7.5185e-06 7.34374e-06 7.17228e-06 7.00411e-06 6.83919e-06 6.67749e-06 6.51898e-06 6.36362e-06 6.21138e-06 6.06222e-06 5.91611e-06 5.773e-06 5.63285e-06 5.49563e-06 5.3613e-06 5.22981e-06 5.10113e-06 4.9752e-06 4.852e-06 4.73148e-06 4.61359e-06 4.49829e-06 4.38555e-06 4.27531e-06 4.16754e-06 4.0622e-06 3.95923e-06 3.85861e-06 3.76028e-06 3.66421e-06 3.57036e-06 3.47867e-06 3.38913e-06 3.30167e-06 3.21627e-06 3.13287e-06 3.05146e-06 2.97197e-06 2.89439e-06 2.81866e-06 2.74475e-06 2.67262e-06 2.60224e-06 2.53357e-06 2.46658e-06 2.40122e-06 2.33747e-06 2.27529e-06 2.21464e-06 2.1555e-06 2.09783e-06 2.0416e-06 1.98677e-06 1.93332e-06 1.88122e-06 1.83043e-06 1.78092e-06
0.000118939 1.74511e-05 1.71934e-05 1.69343e-05 1.66739e-05 1.64127e-05 1.6151e-05 1.58891e-05 1.56272e-05 1.53656e-05 1.51046e-05 1.48443e-05 1.45851e-05 1.43271e-05 1.40704e-05 1.38154e-05 1.3562e-05 1.33106e-05 1.30611e-05 1.28138e-05 1.25688e-05 1.23261e-05 1.2086e-05 1.18483e-05 1.16134e-05 1.13811e-05 1.11517e-05 1.09251e-05 1.07014e-05 1.04807e-05 1.0263e-05 1.00483e-05 9.83663e-06 9.62809e-06 9.42266e-06 9.22036e-06 9.0212e-06 8.82518e-06 8.63233e-06 8.44263e-06 8.25608e-06 8.07268e-06 7.89242e-06 7.71529e-06 7.54128e-06 7.37037e-06 7.20254e-06 7.03778e-06 6.87605e-06 6.71735e-06 6.56164e-06 6.4089e-06 6.25909e-06 6.1122e-06 5.96818e-06 5.82701e-06 5.68866e-06 5.55309e-06 5.42027e-06 5.29016e-06 5.16273e-06 5.03794e-06 4.91576e-06 4.79614e-06 4.67906e-06 4.56447e-06 4.45233e-06 4.34262e-06 4.23528e-06 4.13029e-06 4.0276e-06 3.92718e-06 3.82899e-06 3.73299e-06 3.63914e-06 3.5474e-06 3.45775e-06 3.37013e-06 3.28451e-06 3.20087e-06 3.11915e-06 3.03932e-06 2.96135e-06 2.8852e-06 2.81084e-06 2.73823e-06 2.66734e-06 2.59813e-06 2.53057e-06 2.46463e-06 2.40026e-06 2.33745e-06 2.27616e-06 2.21635e-06 2.15799e-06 2.10106e-06 2.04553e-06 1.99136e-06 1.93852e-06 1.88699e-06 1.83674e-06
0.00011439 1.69266e-05 1.66944e-05 1.64597e-05 1.62231e-05 1.59848e-05 1.57452e-05 1.55046e-05 1.52633e-05 1.50216e-05 1.47797e-05 1.45379e-05 1.42964e-05 1.40555e-05 1.38154e-05 1.35761e-05 1.3338e-05 1.31012e-05 1.28659e-05 1.26321e-05 1.24001e-05 1.21699e-05 1.19417e-05 1.17155e-05 1.14915e-05 1.12698e-05 1.10504e-05 1.08335e-05 1.0619e-05 1.04071e-05 1.01978e-05 9.99113e-06 9.78716e-06 9.58593e-06 9.38746e-06 9.19179e-06 8.99894e-06 8.80893e-06 8.62178e-06 8.43749e-06 8.25608e-06 8.07754e-06 7.90189e-06 7.72912e-06 7.55923e-06 7.39221e-06 7.22805e-06 7.06673e-06 6.90826e-06 6.75261e-06 6.59976e-06 6.44969e-06 6.30239e-06 6.15783e-06 6.01598e-06 5.87684e-06 5.74035e-06 5.60651e-06 5.47528e-06 5.34663e-06 5.22054e-06 5.09697e-06 4.97589e-06 4.85727e-06 4.74108e-06 4.62728e-06 4.51585e-06 4.40674e-06 4.29993e-06 4.19538e-06 4.09306e-06 3.99292e-06 3.89495e-06 3.7991e-06 3.70534e-06 3.61364e-06 3.52395e-06 3.43625e-06 3.35051e-06 3.26668e-06 3.18474e-06 3.10464e-06 3.02637e-06 2.94988e-06 2.87514e-06 2.80211e-06 2.73078e-06 2.66109e-06 2.59303e-06 2.52656e-06 2.46165e-06 2.39827e-06 2.33638e-06 2.27597e-06 2.21699e-06 2.15942e-06 2.10323e-06 2.04839e-06 1.99488e-06 1.94266e-06 1.89171e-06
0.000110015 1.64168e-05 1.62085e-05 1.59971e-05 1.57829e-05 1.55664e-05 1.53478e-05 1.51275e-05 1.49058e-05 1.4683e-05 1.44594e-05 1.42353e-05 1.40109e-05 1.37864e-05 1.3562e-05 1.3338e-05 1.31146e-05 1.2892e-05 1.26702e-05 1.24495e-05 1.223e-05 1.20119e-05 1.17953e-05 1.15803e-05 1.1367e-05 1.11556e-05 1.0946e-05 1.07385e-05 1.0533e-05 1.03297e-05 1.01287e-05 9.92992e-06 9.73349e-06 9.53946e-06 9.34787e-06 9.15876e-06 8.97216e-06 8.7881e-06 8.6066e-06 8.4277e-06 8.25141e-06 8.07773e-06 7.90669e-06 7.73829e-06 7.57254e-06 7.40943e-06 7.24896e-06 7.09114e-06 6.93595e-06 6.7834e-06 6.63346e-06 6.48613e-06 6.34139e-06 6.19922e-06 6.05962e-06 5.92256e-06 5.78802e-06 5.65598e-06 5.52642e-06 5.39931e-06 5.27464e-06 5.15236e-06 5.03247e-06 4.91493e-06 4.79971e-06 4.68679e-06 4.57614e-06 4.46773e-06 4.36152e-06 4.2575e-06 4.15562e-06 4.05586e-06 3.95819e-06 3.86257e-06 3.76898e-06 3.67739e-06 3.58775e-06 3.50005e-06 3.41425e-06 3.33032e-06 3.24823e-06 3.16794e-06 3.08943e-06 3.01267e-06 2.93761e-06 2.86425e-06 2.79253e-06 2.72244e-06 2.65395e-06 2.58701e-06 2.52162e-06 2.45772e-06 2.39531e-06 2.33434e-06 2.27479e-06 2.21664e-06 2.15985e-06 2.10439e-06 2.05025e-06 1.99739e-06 1.94579e-06
0.000105807 1.59212e-05 1.57356e-05 1.55461e-05 1.53532e-05 1.51573e-05 1.49586e-05 1.47577e-05 1.45547e-05 1.435e-05 1.41438e-05 1.39366e-05 1.37285e-05 1.35197e-05 1.33106e-05 1.31012e-05 1.2892e-05 1.26829e-05 1.24743e-05 1.22662e-05 1.20589e-05 1.18525e-05 1.16472e-05 1.1443e-05 1.12401e-05 1.10386e-05 1.08386e-05 1.06403e-05 1.04437e-05 1.02488e-05 1.00559e-05 9.86487e-06 9.67586e-06 9.48892e-06 9.30411e-06 9.12147e-06 8.94105e-06 8.76289e-06 8.58702e-06 8.41347e-06 8.24227e-06 8.07344e-06 7.907e-06 7.74297e-06 7.58136e-06 7.42218e-06 7.26544e-06 7.11114e-06 6.95928e-06 6.80986e-06 6.66288e-06 6.51833e-06 6.37621e-06 6.2365e-06 6.0992e-06 5.96429e-06 5.83176e-06 5.70159e-06 5.57377e-06 5.44828e-06 5.32509e-06 5.20419e-06 5.08556e-06 4.96918e-06 4.85502e-06 4.74305e-06 4.63326e-06 4.52562e-06 4.4201e-06 4.31668e-06 4.21532e-06 4.11601e-06 4.01872e-06 3.92342e-06 3.83008e-06 3.73867e-06 3.64916e-06 3.56153e-06 3.47575e-06 3.39179e-06 3.30962e-06 3.22921e-06 3.15054e-06 3.07357e-06 2.99827e-06 2.92463e-06 2.8526e-06 2.78217e-06 2.7133e-06 2.64597e-06 2.58014e-06 2.5158e-06 2.45291e-06 2.39145e-06 2.33139e-06 2.2727e-06 2.21536e-06 2.15934e-06 2.10462e-06 2.05117e-06 1.99897e-06
0.00010176 1.54395e-05 1.52753e-05 1.51066e-05 1.49338e-05 1.47574e-05 1.45777e-05 1.43951e-05 1.42099e-05 1.40224e-05 1.3833e-05 1.36419e-05 1.34493e-05 1.32557e-05 1.30611e-05 1.28659e-05 1.26702e-05 1.24743e-05 1.22783e-05 1.20825e-05 1.18869e-05 1.16919e-05 1.14974e-05 1.13037e-05 1.11109e-05 1.09192e-05 1.07286e-05 1.05392e-05 1.03512e-05 1.01646e-05 9.97962e-06 9.79621e-06 9.61449e-06 9.43453e-06 9.2564e-06 9.08015e-06 8.90584e-06 8.73351e-06 8.56321e-06 8.39497e-06 8.22884e-06 8.06484e-06 7.903e-06 7.74334e-06 7.58588e-06 7.43065e-06 7.27764e-06 7.12689e-06 6.97838e-06 6.83214e-06 6.68816e-06 6.54644e-06 6.40698e-06 6.26978e-06 6.13483e-06 6.00214e-06 5.87167e-06 5.74344e-06 5.61742e-06 5.49361e-06 5.37199e-06 5.25253e-06 5.13524e-06 5.02008e-06 4.90704e-06 4.79611e-06 4.68725e-06 4.58046e-06 4.4757e-06 4.37296e-06 4.2722e-06 4.17342e-06 4.07659e-06 3.98167e-06 3.88865e-06 3.7975e-06 3.70819e-06 3.62071e-06 3.53502e-06 3.4511e-06 3.36892e-06 3.28846e-06 3.20968e-06 3.13258e-06 3.05711e-06 2.98325e-06 2.91097e-06 2.84026e-06 2.77108e-06 2.7034e-06 2.63721e-06 2.57248e-06 2.50917e-06 2.44727e-06 2.38675e-06 2.32758e-06 2.26974e-06 2.21321e-06 2.15796e-06 2.10397e-06 2.05121e-06
9.78677e-05 1.49714e-05 1.48273e-05 1.46782e-05 1.45245e-05 1.43666e-05 1.42049e-05 1.40398e-05 1.38715e-05 1.37004e-05 1.35269e-05 1.33512e-05 1.31736e-05 1.29944e-05 1.28138e-05 1.26321e-05 1.24495e-05 1.22662e-05 1.20825e-05 1.18984e-05 1.17142e-05 1.15301e-05 1.13463e-05 1.11628e-05 1.09798e-05 1.07975e-05 1.0616e-05 1.04354e-05 1.02558e-05 1.00774e-05 9.90011e-06 9.72416e-06 9.5496e-06 9.37651e-06 9.20495e-06 9.035e-06 8.86672e-06 8.70016e-06 8.53538e-06 8.37242e-06 8.21131e-06 8.05212e-06 7.89485e-06 7.73956e-06 7.58625e-06 7.43497e-06 7.28572e-06 7.13853e-06 6.9934e-06 6.85036e-06 6.70941e-06 6.57056e-06 6.43381e-06 6.29917e-06 6.16663e-06 6.03619e-06 5.90786e-06 5.78162e-06 5.65746e-06 5.53539e-06 5.41539e-06 5.29745e-06 5.18156e-06 5.0677e-06 4.95586e-06 4.84602e-06 4.73817e-06 4.63229e-06 4.52837e-06 4.42638e-06 4.3263e-06 4.22811e-06 4.1318e-06 4.03734e-06 3.94472e-06 3.8539e-06 3.76486e-06 3.67759e-06 3.59206e-06 3.50825e-06 3.42613e-06 3.34568e-06 3.26688e-06 3.18969e-06 3.11411e-06 3.0401e-06 2.96764e-06 2.89671e-06 2.82727e-06 2.75932e-06 2.69282e-06 2.62774e-06 2.56408e-06 2.50179e-06 2.44086e-06 2.38127e-06 2.32298e-06 2.26599e-06 2.21026e-06 2.15577e-06 2.1025e-06
9.41245e-05 1.45165e-05 1.43914e-05 1.42608e-05 1.41252e-05 1.39848e-05 1.38401e-05 1.36916e-05 1.35394e-05 1.3384e-05 1.32256e-05 1.30646e-05 1.29013e-05 1.2736e-05 1.25688e-05 1.24001e-05 1.223e-05 1.20589e-05 1.18869e-05 1.17142e-05 1.15411e-05 1.13676e-05 1.1194e-05 1.10204e-05 1.0847e-05 1.06739e-05 1.05012e-05 1.03292e-05 1.01578e-05 9.98722e-06 9.81757e-06 9.64893e-06 9.4814e-06 9.31505e-06 9.14997e-06 8.98623e-06 8.8239e-06 8.66304e-06 8.50372e-06 8.34598e-06 8.18987e-06 8.03544e-06 7.88274e-06 7.73179e-06 7.58263e-06 7.4353e-06 7.28981e-06 7.1462e-06 7.00448e-06 6.86466e-06 6.72677e-06 6.59082e-06 6.45682e-06 6.32477e-06 6.19468e-06 6.06656e-06 5.9404e-06 5.81621e-06 5.69398e-06 5.57371e-06 5.45539e-06 5.33902e-06 5.22459e-06 5.11209e-06 5.00151e-06 4.89284e-06 4.78607e-06 4.68117e-06 4.57815e-06 4.47698e-06 4.37764e-06 4.28012e-06 4.1844e-06 4.09047e-06 3.9983e-06 3.90788e-06 3.81919e-06 3.7322e-06 3.64689e-06 3.56325e-06 3.48126e-06 3.40089e-06 3.32211e-06 3.24492e-06 3.16929e-06 3.09519e-06 3.0226e-06 2.95151e-06 2.88188e-06 2.8137e-06 2.74694e-06 2.68159e-06 2.61761e-06 2.55499e-06 2.49371e-06 2.43374e-06 2.37506e-06 2.31765e-06 2.26148e-06 2.20654e-06 2.15281e-06
9.05244e-05 1.40744e-05 1.39673e-05 1.38542e-05 1.37356e-05 1.36118e-05 1.34833e-05 1.33504e-05 1.32136e-05 1.3073e-05 1.29291e-05 1.27822e-05 1.26326e-05 1.24805e-05 1.23261e-05 1.21699e-05 1.20119e-05 1.18525e-05 1.16919e-05 1.15301e-05 1.13676e-05 1.12044e-05 1.10407e-05 1.08767e-05 1.07125e-05 1.05484e-05 1.03844e-05 1.02206e-05 1.00573e-05 9.89442e-06 9.73221e-06 9.57073e-06 9.41009e-06 9.25036e-06 9.09165e-06 8.93402e-06 8.77756e-06 8.62233e-06 8.4684e-06 8.31583e-06 8.16468e-06 8.01499e-06 7.86682e-06 7.7202e-06 7.57518e-06 7.4318e-06 7.29007e-06 7.15005e-06 7.01174e-06 6.87517e-06 6.74037e-06 6.60735e-06 6.47612e-06 6.34671e-06 6.21911e-06 6.09334e-06 5.96941e-06 5.84731e-06 5.72705e-06 5.60863e-06 5.49206e-06 5.37732e-06 5.26441e-06 5.15333e-06 5.04408e-06 4.93663e-06 4.83099e-06 4.72715e-06 4.62509e-06 4.5248e-06 4.42626e-06 4.32948e-06 4.23442e-06 4.14108e-06 4.04944e-06 3.95948e-06 3.87118e-06 3.78454e-06 3.69952e-06 3.61612e-06 3.53431e-06 3.45408e-06 3.3754e-06 3.29826e-06 3.22263e-06 3.1485e-06 3.07585e-06 3.00465e-06 2.93489e-06 2.86654e-06 2.79958e-06 2.734e-06 2.66977e-06 2.60687e-06 2.54528e-06 2.48498e-06 2.42595e-06 2.36817e-06 2.31162e-06 2.25627e-06 2.20212e-06
8.7062e-05 1.3645e-05 1.35547e-05 1.34581e-05 1.33555e-05 1.32475e-05 1.31343e-05 1.30163e-05 1.2894e-05 1.27676e-05 1.26375e-05 1.2504e-05 1.23674e-05 1.2228e-05 1.2086e-05 1.19417e-05 1.17953e-05 1.16472e-05 1.14974e-05 1.13463e-05 1.1194e-05 1.10407e-05 1.08866e-05 1.07319e-05 1.05767e-05 1.04213e-05 1.02656e-05 1.011e-05 9.95446e-06 9.79916e-06 9.64423e-06 9.48976e-06 9.33586e-06 9.18264e-06 9.03018e-06 8.87856e-06 8.72788e-06 8.57821e-06 8.42961e-06 8.28216e-06 8.13591e-06 7.99093e-06 7.84726e-06 7.70495e-06 7.56405e-06 7.4246e-06 7.28664e-06 7.15021e-06 7.01532e-06 6.88202e-06 6.75032e-06 6.62025e-06 6.49184e-06 6.36508e-06 6.24001e-06 6.11664e-06 5.99497e-06 5.87501e-06 5.75677e-06 5.64025e-06 5.52547e-06 5.41241e-06 5.30108e-06 5.19148e-06 5.0836e-06 4.97744e-06 4.873e-06 4.77026e-06 4.66923e-06 4.56988e-06 4.47222e-06 4.37622e-06 4.28189e-06 4.1892e-06 4.09814e-06 4.00871e-06 3.92088e-06 3.83464e-06 3.74998e-06 3.66687e-06 3.58531e-06 3.50528e-06 3.42675e-06 3.34972e-06 3.27416e-06 3.20005e-06 3.12739e-06 3.05614e-06 2.98629e-06 2.91783e-06 2.85072e-06 2.78497e-06 2.72053e-06 2.6574e-06 2.59556e-06 2.53498e-06 2.47565e-06 2.41755e-06 2.36065e-06 2.30495e-06 2.25042e-06
8.3732e-05 1.32278e-05 1.31534e-05 1.30723e-05 1.29849e-05 1.28917e-05 1.2793e-05 1.26892e-05 1.25807e-05 1.24678e-05 1.23508e-05 1.22301e-05 1.21059e-05 1.19786e-05 1.18483e-05 1.17155e-05 1.15803e-05 1.1443e-05 1.13037e-05 1.11628e-05 1.10204e-05 1.08767e-05 1.07319e-05 1.05862e-05 1.04398e-05 1.02927e-05 1.01452e-05 9.99748e-06 9.84957e-06 9.70164e-06 9.55381e-06 9.4062e-06 9.25892e-06 9.11207e-06 8.96575e-06 8.82005e-06 8.67506e-06 8.53086e-06 8.38753e-06 8.24513e-06 8.10374e-06 7.96341e-06 7.82421e-06 7.68619e-06 7.54939e-06 7.41387e-06 7.27966e-06 7.14682e-06 7.01536e-06 6.88533e-06 6.75675e-06 6.62966e-06 6.50407e-06 6.38001e-06 6.25749e-06 6.13655e-06 6.01717e-06 5.89939e-06 5.78322e-06 5.66865e-06 5.5557e-06 5.44437e-06 5.33467e-06 5.2266e-06 5.12015e-06 5.01533e-06 4.91214e-06 4.81057e-06 4.71061e-06 4.61227e-06 4.51553e-06 4.42039e-06 4.32683e-06 4.23486e-06 4.14445e-06 4.0556e-06 3.96829e-06 3.88252e-06 3.79826e-06 3.71551e-06 3.63426e-06 3.55448e-06 3.47616e-06 3.3993e-06 3.32386e-06 3.24984e-06 3.17721e-06 3.10597e-06 3.03609e-06 2.96757e-06 2.90037e-06 2.83448e-06 2.76989e-06 2.70658e-06 2.64453e-06 2.58372e-06 2.52414e-06 2.46576e-06 2.40857e-06 2.35255e-06 2.29768e-06
8.05294e-05 1.28226e-05 1.27631e-05 1.26966e-05 1.26235e-05 1.25443e-05 1.24593e-05 1.23689e-05 1.22735e-05 1.21734e-05 1.20689e-05 1.19603e-05 1.18481e-05 1.17323e-05 1.16134e-05 1.14915e-05 1.1367e-05 1.12401e-05 1.11109e-05 1.09798e-05 1.0847e-05 1.07125e-05 1.05767e-05 1.04398e-05 1.03018e-05 1.01629e-05 1.00234e-05 9.88327e-06 9.74278e-06 9.60203e-06 9.46114e-06 9.32023e-06 9.17943e-06 9.03882e-06 8.89853e-06 8.75864e-06 8.61925e-06 8.48045e-06 8.3423e-06 8.2049e-06 8.06831e-06 7.9326e-06 7.79783e-06 7.66406e-06 7.53134e-06 7.39973e-06 7.26927e-06 7.14001e-06 7.01198e-06 6.88523e-06 6.75978e-06 6.63567e-06 6.51293e-06 6.39159e-06 6.27166e-06 6.15316e-06 6.03613e-06 5.92056e-06 5.80648e-06 5.6939e-06 5.58283e-06 5.47328e-06 5.36525e-06 5.25875e-06 5.15379e-06 5.05036e-06 4.94847e-06 4.84812e-06 4.7493e-06 4.65201e-06 4.55625e-06 4.46202e-06 4.3693e-06 4.27809e-06 4.18838e-06 4.10017e-06 4.01344e-06 3.92819e-06 3.8444e-06 3.76207e-06 3.68117e-06 3.6017e-06 3.52365e-06 3.447e-06 3.37174e-06 3.29786e-06 3.22533e-06 3.15414e-06 3.08429e-06 3.01575e-06 2.94851e-06 2.88255e-06 2.81785e-06 2.75441e-06 2.6922e-06 2.6312e-06 2.57141e-06 2.5128e-06 2.45535e-06 2.39906e-06 2.3439e-06
7.74493e-05 1.2429e-05 1.23835e-05 1.23307e-05 1.22711e-05 1.22051e-05 1.21331e-05 1.20554e-05 1.19724e-05 1.18845e-05 1.17918e-05 1.16949e-05 1.1594e-05 1.14893e-05 1.13811e-05 1.12698e-05 1.11556e-05 1.10386e-05 1.09192e-05 1.07975e-05 1.06739e-05 1.05484e-05 1.04213e-05 1.02927e-05 1.01629e-05 1.0032e-05 9.90014e-06 9.76752e-06 9.63426e-06 9.50051e-06 9.36639e-06 9.23204e-06 9.09757e-06 8.96308e-06 8.8287e-06 8.69452e-06 8.56064e-06 8.42714e-06 8.29411e-06 8.16164e-06 8.02979e-06 7.89865e-06 7.76827e-06 7.63871e-06 7.51005e-06 7.38233e-06 7.2556e-06 7.12991e-06 7.00531e-06 6.88183e-06 6.75952e-06 6.63841e-06 6.51854e-06 6.39992e-06 6.2826e-06 6.16659e-06 6.05191e-06 5.93859e-06 5.82665e-06 5.71609e-06 5.60694e-06 5.4992e-06 5.39289e-06 5.28802e-06 5.18458e-06 5.08259e-06 4.98205e-06 4.88296e-06 4.78533e-06 4.68915e-06 4.59442e-06 4.50114e-06 4.40931e-06 4.31893e-06 4.22998e-06 4.14246e-06 4.05636e-06 3.97169e-06 3.88842e-06 3.80655e-06 3.72607e-06 3.64696e-06 3.56923e-06 3.49285e-06 3.41782e-06 3.34412e-06 3.27174e-06 3.20066e-06 3.13088e-06 3.06238e-06 2.99514e-06 2.92915e-06 2.8644e-06 2.80087e-06 2.73854e-06 2.67741e-06 2.61745e-06 2.55865e-06 2.50099e-06 2.44447e-06 2.38906e-06
7.4487e-05 1.20468e-05 1.20144e-05 1.19745e-05 1.19276e-05 1.18741e-05 1.18143e-05 1.17486e-05 1.16774e-05 1.1601e-05 1.15197e-05 1.14338e-05 1.13436e-05 1.12495e-05 1.11517e-05 1.10504e-05 1.0946e-05 1.08386e-05 1.07286e-05 1.0616e-05 1.05012e-05 1.03844e-05 1.02656e-05 1.01452e-05 1.00234e-05 9.90014e-06 9.77578e-06 9.65041e-06 9.52418e-06 9.39725e-06 9.26974e-06 9.14179e-06 9.01351e-06 8.88502e-06 8.75643e-06 8.62785e-06 8.49937e-06 8.3711e-06 8.24311e-06 8.1155e-06 7.98833e-06 7.8617e-06 7.73566e-06 7.61029e-06 7.48565e-06 7.36179e-06 7.23877e-06 7.11665e-06 6.99547e-06 6.87527e-06 6.7561e-06 6.63799e-06 6.52099e-06 6.40512e-06 6.29042e-06 6.17691e-06 6.06463e-06 5.95358e-06 5.8438e-06 5.7353e-06 5.6281e-06 5.52222e-06 5.41766e-06 5.31444e-06 5.21258e-06 5.11207e-06 5.01292e-06 4.91515e-06 4.81875e-06 4.72372e-06 4.63008e-06 4.53781e-06 4.44692e-06 4.3574e-06 4.26926e-06 4.18249e-06 4.09708e-06 4.01302e-06 3.93033e-06 3.84897e-06 3.76896e-06 3.69027e-06 3.6129e-06 3.53685e-06 3.46209e-06 3.38863e-06 3.31644e-06 3.24553e-06 3.17586e-06 3.10745e-06 3.04026e-06 2.97429e-06 2.90952e-06 2.84595e-06 2.78356e-06 2.72233e-06 2.66225e-06 2.6033e-06 2.54548e-06 2.48877e-06 2.43314e-06
7.1638e-05 1.16756e-05 1.16555e-05 1.16278e-05 1.15928e-05 1.15511e-05 1.15028e-05 1.14485e-05 1.13884e-05 1.13229e-05 1.12523e-05 1.1177e-05 1.10971e-05 1.10131e-05 1.09251e-05 1.08335e-05 1.07385e-05 1.06403e-05 1.05392e-05 1.04354e-05 1.03292e-05 1.02206e-05 1.011e-05 9.99748e-06 9.88327e-06 9.76752e-06 9.65041e-06 9.53208e-06 9.4127e-06 9.29241e-06 9.17135e-06 9.04964e-06 8.92741e-06 8.80478e-06 8.68187e-06 8.55878e-06 8.43562e-06 8.31247e-06 8.18945e-06 8.06662e-06 7.94408e-06 7.82191e-06 7.70017e-06 7.57894e-06 7.45828e-06 7.33826e-06 7.21893e-06 7.10035e-06 6.98258e-06 6.86565e-06 6.74961e-06 6.63452e-06 6.5204e-06 6.40729e-06 6.29522e-06 6.18424e-06 6.07436e-06 5.96561e-06 5.85802e-06 5.7516e-06 5.64639e-06 5.54239e-06 5.43963e-06 5.33811e-06 5.23785e-06 5.13886e-06 5.04116e-06 4.94474e-06 4.84961e-06 4.75579e-06 4.66327e-06 4.57206e-06 4.48215e-06 4.39355e-06 4.30627e-06 4.22028e-06 4.13561e-06 4.05223e-06 3.97015e-06 3.88936e-06 3.80986e-06 3.73164e-06 3.65469e-06 3.57901e-06 3.50458e-06 3.4314e-06 3.35946e-06 3.28874e-06 3.21925e-06 3.15096e-06 3.08387e-06 3.01797e-06 2.95323e-06 2.88966e-06 2.82724e-06 2.76596e-06 2.7058e-06 2.64675e-06 2.5888e-06 2.53194e-06 2.47614e-06
6.8898e-05 1.13152e-05 1.13066e-05 1.12903e-05 1.12665e-05 1.12358e-05 1.11985e-05 1.11549e-05 1.11053e-05 1.10502e-05 1.09898e-05 1.09244e-05 1.08544e-05 1.078e-05 1.07014e-05 1.0619e-05 1.0533e-05 1.04437e-05 1.03512e-05 1.02558e-05 1.01578e-05 1.00573e-05 9.95446e-06 9.84957e-06 9.74278e-06 9.63426e-06 9.52418e-06 9.4127e-06 9.29998e-06 9.18615e-06 9.07136e-06 8.95574e-06 8.83943e-06 8.72253e-06 8.60518e-06 8.48747e-06 8.36952e-06 8.25142e-06 8.13327e-06 8.01516e-06 7.89718e-06 7.7794e-06 7.66191e-06 7.54478e-06 7.42807e-06 7.31185e-06 7.19619e-06 7.08114e-06 6.96676e-06 6.85309e-06 6.74019e-06 6.6281e-06 6.51686e-06 6.40652e-06 6.2971e-06 6.18865e-06 6.0812e-06 5.97477e-06 5.86939e-06 5.76509e-06 5.66188e-06 5.5598e-06 5.45886e-06 5.35907e-06 5.26046e-06 5.16303e-06 5.0668e-06 4.97177e-06 4.87797e-06 4.78539e-06 4.69404e-06 4.60392e-06 4.51505e-06 4.42742e-06 4.34103e-06 4.25589e-06 4.17199e-06 4.08933e-06 4.00792e-06 3.92774e-06 3.8488e-06 3.77109e-06 3.69461e-06 3.61934e-06 3.54528e-06 3.47243e-06 3.40078e-06 3.33032e-06 3.26104e-06 3.19292e-06 3.12598e-06 3.06018e-06 2.99552e-06 2.932e-06 2.8696e-06 2.8083e-06 2.7481e-06 2.68899e-06 2.63095e-06 2.57398e-06 2.51805e-06
6.62628e-05 1.09653e-05 1.09675e-05 1.09618e-05 1.09486e-05 1.09283e-05 1.09012e-05 1.08677e-05 1.08282e-05 1.07829e-05 1.07321e-05 1.06762e-05 1.06155e-05 1.05503e-05 1.04807e-05 1.04071e-05 1.03297e-05 1.02488e-05 1.01646e-05 1.00774e-05 9.98722e-06 9.89442e-06 9.79916e-06 9.70164e-06 9.60203e-06 9.50051e-06 9.39725e-06 9.29241e-06 9.18615e-06 9.07861e-06 8.96993e-06 8.86026e-06 8.74971e-06 8.63842e-06 8.5265e-06 8.41407e-06 8.30123e-06 8.18808e-06 8.07473e-06 7.96126e-06 7.84776e-06 7.73433e-06 7.62103e-06 7.50795e-06 7.39515e-06 7.2827e-06 7.17068e-06 7.05913e-06 6.94812e-06 6.8377e-06 6.72793e-06 6.61884e-06 6.51049e-06 6.40291e-06 6.29615e-06 6.19025e-06 6.08523e-06 5.98114e-06 5.87799e-06 5.77582e-06 5.67466e-06 5.57452e-06 5.47543e-06 5.3774e-06 5.28046e-06 5.18463e-06 5.08991e-06 4.99632e-06 4.90387e-06 4.81257e-06 4.72243e-06 4.63345e-06 4.54565e-06 4.45902e-06 4.37358e-06 4.28932e-06 4.20624e-06 4.12435e-06 4.04365e-06 3.96413e-06 3.8858e-06 3.80864e-06 3.73267e-06 3.65786e-06 3.58422e-06 3.51175e-06 3.44043e-06 3.37026e-06 3.30123e-06 3.23334e-06 3.16658e-06 3.10093e-06 3.03639e-06 2.97296e-06 2.91061e-06 2.84934e-06 2.78915e-06 2.73001e-06 2.67193e-06 2.61488e-06 2.55886e-06
6.37283e-05 1.06256e-05 1.06378e-05 1.06421e-05 1.06388e-05 1.06282e-05 1.06108e-05 1.05869e-05 1.05568e-05 1.05208e-05 1.04792e-05 1.04323e-05 1.03805e-05 1.0324e-05 1.0263e-05 1.01978e-05 1.01287e-05 1.00559e-05 9.97962e-06 9.90011e-06 9.81757e-06 9.73221e-06 9.64423e-06 9.55381e-06 9.46114e-06 9.36639e-06 9.26974e-06 9.17135e-06 9.07136e-06 8.96993e-06 8.86721e-06 8.76333e-06 8.65841e-06 8.55259e-06 8.44599e-06 8.33872e-06 8.23088e-06 8.1226e-06 8.01395e-06 7.90505e-06 7.79597e-06 7.68681e-06 7.57766e-06 7.46857e-06 7.35964e-06 7.25093e-06 7.14251e-06 7.03444e-06 6.92679e-06 6.8196e-06 6.71294e-06 6.60684e-06 6.50137e-06 6.39657e-06 6.29247e-06 6.18912e-06 6.08655e-06 5.9848e-06 5.8839e-06 5.78389e-06 5.68478e-06 5.58661e-06 5.4894e-06 5.39316e-06 5.29793e-06 5.20372e-06 5.11054e-06 5.01842e-06 4.92736e-06 4.83738e-06 4.74848e-06 4.66068e-06 4.57399e-06 4.48841e-06 4.40395e-06 4.32062e-06 4.23841e-06 4.15732e-06 4.07737e-06 3.99856e-06 3.92087e-06 3.84431e-06 3.76889e-06 3.69459e-06 3.62141e-06 3.54935e-06 3.47841e-06 3.40857e-06 3.33985e-06 3.27221e-06 3.20568e-06 3.14022e-06 3.07584e-06 3.01253e-06 2.95028e-06 2.88909e-06 2.82893e-06 2.76981e-06 2.71171e-06 2.65463e-06 2.59855e-06
6.12908e-05 1.02958e-05 1.03174e-05 1.0331e-05 1.0337e-05 1.03356e-05 1.03273e-05 1.03124e-05 1.02912e-05 1.02639e-05 1.0231e-05 1.01927e-05 1.01493e-05 1.01011e-05 1.00483e-05 9.99113e-06 9.92992e-06 9.86487e-06 9.79621e-06 9.72416e-06 9.64893e-06 9.57073e-06 9.48976e-06 9.4062e-06 9.32023e-06 9.23204e-06 9.14179e-06 9.04964e-06 8.95574e-06 8.86026e-06 8.76333e-06 8.66508e-06 8.56566e-06 8.46518e-06 8.36377e-06 8.26155e-06 8.15862e-06 8.0551e-06 7.95108e-06 7.84666e-06 7.74193e-06 7.63699e-06 7.53191e-06 7.42678e-06 7.32167e-06 7.21666e-06 7.11181e-06 7.00719e-06 6.90286e-06 6.79889e-06 6.69532e-06 6.59222e-06 6.48962e-06 6.38758e-06 6.28614e-06 6.18535e-06 6.08524e-06 5.98585e-06 5.88721e-06 5.78937e-06 5.69234e-06 5.59615e-06 5.50084e-06 5.40642e-06 5.31292e-06 5.22036e-06 5.12876e-06 5.03813e-06 4.94849e-06 4.85986e-06 4.77225e-06 4.68566e-06 4.60012e-06 4.51563e-06 4.43219e-06 4.34981e-06 4.26851e-06 4.18827e-06 4.10911e-06 4.03104e-06 3.95404e-06 3.87812e-06 3.80329e-06 3.72953e-06 3.65685e-06 3.58526e-06 3.51473e-06 3.44527e-06 3.37688e-06 3.30955e-06 3.24328e-06 3.17805e-06 3.11387e-06 3.05073e-06 2.98862e-06 2.92753e-06 2.86745e-06 2.80838e-06 2.75031e-06 2.69323e-06 2.63713e-06
5.89466e-05 9.97573e-06 1.00061e-05 1.00284e-05 1.0043e-05 1.00503e-05 1.00505e-05 1.0044e-05 1.00312e-05 1.00123e-05 9.98759e-06 9.95741e-06 9.92201e-06 9.88167e-06 9.83663e-06 9.78716e-06 9.73349e-06 9.67586e-06 9.61449e-06 9.5496e-06 9.4814e-06 9.41009e-06 9.33586e-06 9.25892e-06 9.17943e-06 9.09757e-06 9.01351e-06 8.92741e-06 8.83943e-06 8.74971e-06 8.65841e-06 8.56566e-06 8.47158e-06 8.37632e-06 8.27999e-06 8.18271e-06 8.08458e-06 7.98573e-06 7.88624e-06 7.78623e-06 7.68578e-06 7.58498e-06 7.48392e-06 7.38269e-06 7.28136e-06 7.18e-06 7.07868e-06 6.97748e-06 6.87646e-06 6.77568e-06 6.67519e-06 6.57505e-06 6.47532e-06 6.37604e-06 6.27727e-06 6.17903e-06 6.08138e-06 5.98436e-06 5.888e-06 5.79233e-06 5.69739e-06 5.60321e-06 5.50982e-06 5.41723e-06 5.32549e-06 5.23461e-06 5.14461e-06 5.0555e-06 4.96732e-06 4.88007e-06 4.79377e-06 4.70844e-06 4.62407e-06 4.5407e-06 4.45832e-06 4.37694e-06 4.29657e-06 4.21723e-06 4.1389e-06 4.0616e-06 3.98533e-06 3.91009e-06 3.83588e-06 3.76271e-06 3.69058e-06 3.61948e-06 3.54941e-06 3.48036e-06 3.41235e-06 3.34536e-06 3.27939e-06 3.21444e-06 3.15049e-06 3.08756e-06 3.02562e-06 2.96467e-06 2.90471e-06 2.84573e-06 2.78772e-06 2.73068e-06 2.67459e-06
