0.119031 0.067207 0.0379464 0.0214252 0.0120971 0.00683026 0.00385649 0.00217745 0.00122943 0.00069416 0.000391936 0.000221294 0.000124947 7.05475e-05 3.98325e-05 2.24902e-05 1.26984e-05 7.16975e-06 4.04818e-06 2.28568e-06 1.29054e-06 7.28663e-07 4.11417e-07 2.32294e-07 1.31158e-07 7.40541e-08 4.18123e-08 2.3608e-08 1.33296e-08 7.52612e-09 4.24939e-09 2.39929e-09 1.35468e-09 7.6488e-10 4.31866e-10 2.4384e-10 1.37677e-10 7.77349e-11 4.38906e-11 2.47815e-11 1.39921e-11 7.9002e-12 4.46061e-12 2.51854e-12 1.42202e-12 8.02898e-13 4.53332e-13 2.5596e-13 1.4452e-13 8.15986e-14 4.60722e-14 2.60132e-14 1.46876e-14 8.29288e-15 4.68232e-15 2.64373e-15 1.4927e-15 8.42806e-16 4.75864e-16 2.68682e-16 1.51703e-16 8.56545e-17 4.83622e-17 2.73062e-17 1.54176e-17 8.70507e-18 4.91505e-18 2.77513e-18 1.56689e-18 8.84697e-19 4.99517e-19 2.82037e-19 1.59243e-19 8.99119e-20 5.0766e-20 2.86634e-20 1.61839e-20 9.13775e-21 5.15935e-21 2.91307e-21 1.64477e-21 9.28671e-22 5.24345e-22 2.96055e-22 1.67159e-22 9.43809e-23 5.32893e-23 3.00881e-23 1.69883e-23 9.59194e-24 5.41579e-24 3.05786e-24 1.72653e-24 9.7483e-25 5.50408e-25 3.10771e-25 1.75467e-25 9.90721e-26 5.5938e-26 3.15837e-26 1.78327e-26
0.067207 0.0463411 0.0309049 0.0201257 0.0128744 0.00812228 0.0050677 0.00313331 0.00192269 0.00117229 0.000710856 0.000429004 0.000257831 0.000154388 9.2146e-05 5.48366e-05 3.25479e-05 1.92728e-05 1.13874e-05 6.71506e-06 3.95265e-06 2.32276e-06 1.36286e-06 7.98514e-07 4.67239e-07 2.73062e-07 1.59399e-07 9.29484e-08 5.41454e-08 3.15116e-08 1.83229e-08 1.06451e-08 6.17965e-09 3.58469e-09 2.07793e-09 1.2037e-09 6.96827e-10 4.03151e-10 2.33109e-10 1.34713e-10 7.78095e-11 4.49195e-11 2.59196e-11 1.49493e-11 8.61828e-12 4.96633e-12 2.86071e-12 1.64718e-12 9.48083e-13 5.45498e-13 3.13754e-13 1.80401e-13 1.03692e-13 5.95825e-14 3.42263e-14 1.9655e-14 1.12841e-14 6.47647e-15 3.71618e-15 2.13179e-15 1.2226e-15 7.01e-16 4.01839e-16 2.30297e-16 1.31956e-16 7.5592e-17 4.32946e-17 2.47916e-17 1.41935e-17 8.12445e-18 4.64961e-18 2.66049e-18 1.52205e-18 8.70612e-19 4.97905e-19 2.84707e-19 1.62773e-19 9.30459e-20 5.318e-20 3.03903e-20 1.73644e-20 9.92026e-21 5.66666e-21 3.23649e-21 1.84826e-21 1.05535e-21 6.02529e-22 3.43958e-22 1.96327e-22 1.12048e-22 6.3941e-23 3.64843e-23 2.08154e-23 1.18745e-23 6.77333e-24 3.86317e-24 2.20314e-24 1.25631e-24 7.16323e-25 4.08395e-25 2.32815e-25
0.0379464 0.0309049 0.0233939 0.0168993 0.0118142 0.00806021 0.00539576 0.00355752 0.00231633 0.0014924 0.000952956 0.000603798 0.000379984 0.000237705 0.00014791 9.15979e-05 5.64809e-05 3.46913e-05 2.12321e-05 1.29524e-05 7.87775e-06 4.77808e-06 2.89063e-06 1.7446e-06 1.0506e-06 6.31365e-07 3.78687e-07 2.26721e-07 1.35506e-07 8.08589e-08 4.81765e-08 2.86628e-08 1.70299e-08 1.01052e-08 5.98884e-09 3.54516e-09 2.09627e-09 1.23822e-09 7.3065e-10 4.30727e-10 2.53684e-10 1.4928e-10 8.77687e-11 5.15615e-11 3.02672e-11 1.77539e-11 1.04064e-11 6.09546e-12 3.56798e-12 2.08717e-12 1.22018e-12 7.12897e-13 4.16274e-13 2.42934e-13 1.41698e-13 8.26054e-14 4.81321e-14 2.80315e-14 1.63175e-14 9.49419e-15 5.52164e-15 3.20989e-15 1.86522e-15 1.0834e-15 6.29039e-16 3.65087e-16 2.11813e-16 1.22843e-16 7.12184e-17 4.12747e-17 2.39127e-17 1.38494e-17 8.01848e-18 4.64107e-18 2.68542e-18 1.55338e-18 8.98286e-19 5.19314e-19 3.00141e-19 1.73421e-19 1.00176e-19 5.78515e-20 3.34007e-20 1.92792e-20 1.11254e-20 6.41864e-21 3.70228e-21 2.13499e-21 1.23091e-21 7.0952e-22 4.08893e-22 2.35594e-22 1.35716e-22 7.81644e-23 4.50094e-23 2.59128e-23 1.49157e-23 8.58404e-24 4.93926e-24 2.84155e-24 1.63445e-24
0.0214252 0.0201257 0.0168993 0.0132753 0.00997046 0.00724736 0.00513745 0.00356975 0.00244017 0.00164533 0.00109653 0.000723446 0.000473113 0.000307003 0.000197838 0.0001267 8.06863e-05 5.11219e-05 3.22397e-05 2.0245e-05 1.2663e-05 7.89176e-06 4.90169e-06 3.03497e-06 1.87366e-06 1.15355e-06 7.08385e-07 4.33962e-07 2.65245e-07 1.61775e-07 9.84678e-08 5.98197e-08 3.62746e-08 2.19589e-08 1.3271e-08 8.00791e-09 4.82486e-09 2.90289e-09 1.74416e-09 1.04658e-09 6.27219e-10 3.75444e-10 2.24477e-10 1.34067e-10 7.99849e-11 4.76708e-11 2.83837e-11 1.6884e-11 1.00343e-11 5.95818e-12 3.53486e-12 2.09543e-12 1.24117e-12 7.34604e-13 4.34464e-13 2.56768e-13 1.51644e-13 8.94986e-14 5.27864e-14 3.11137e-14 1.83279e-14 1.07898e-14 6.34835e-15 3.73303e-15 2.19393e-15 1.2887e-15 7.56579e-16 4.43952e-16 2.60377e-16 1.52637e-16 8.94361e-17 5.23802e-17 3.06639e-17 1.79431e-17 1.0495e-17 6.13605e-18 3.58607e-18 2.09496e-18 1.22339e-18 7.14151e-19 4.16729e-19 2.43087e-19 1.41747e-19 8.26263e-20 4.81476e-20 2.80471e-20 1.63327e-20 9.50807e-21 5.53338e-21 3.21926e-21 1.87238e-21 1.08868e-21 6.32829e-22 3.67746e-22 2.13644e-22 1.24084e-22 7.20485e-23 4.18236e-23 2.4272e-23 1.40826e-23 8.16867e-24
0.0120971 0.0128744 0.0118142 0.00997046 0.00796317 0.0061128 0.00455281 0.00331068 0.00236078 0.00165611 0.00114571 0.000783126 0.000529687 0.000354952 0.000235897 0.000155612 0.000101963 6.64027e-05 4.30034e-05 2.77071e-05 1.77675e-05 1.13439e-05 7.21329e-06 4.56943e-06 2.8844e-06 1.81474e-06 1.13821e-06 7.11809e-07 4.43924e-07 2.76137e-07 1.71345e-07 1.06074e-07 6.55212e-08 4.03871e-08 2.48447e-08 1.52544e-08 9.34903e-09 5.71981e-09 3.4936e-09 2.13045e-09 1.2972e-09 7.88688e-10 4.78841e-10 2.90329e-10 1.75802e-10 1.06319e-10 6.42206e-11 3.87464e-11 2.33507e-11 1.40572e-11 8.45357e-12 5.07857e-12 3.04801e-12 1.8276e-12 1.09482e-12 6.5527e-13 3.91852e-13 2.34131e-13 1.39779e-13 8.33842e-14 4.97041e-14 2.96057e-14 1.76216e-14 1.04811e-14 6.22979e-15 3.7004e-15 2.19655e-15 1.30304e-15 7.72517e-16 4.57716e-16 2.71038e-16 1.60404e-16 9.4876e-17 5.60869e-17 3.31387e-17 1.95697e-17 1.15508e-17 6.81435e-18 4.01815e-18 2.36822e-18 1.39513e-18 8.21509e-19 4.83522e-19 2.84467e-19 1.67287e-19 9.83357e-20 5.77808e-20 3.39377e-20 1.99255e-20 1.16942e-20 6.86072e-21 4.02354e-21 2.35879e-21 1.38234e-21 8.09823e-22 4.74261e-22 2.7765e-22 1.62494e-22 9.5068e-23 5.56025e-23 3.25102e-23
0.00683026 0.00812228 0.00806021 0.00724736 0.0061128 0.0049258 0.00383419 0.00290381 0.00215055 0.0015632 0.00111834 0.000789161 0.000550221 0.000379573 0.000259383 0.000175748 0.000118167 7.88975e-05 5.23418e-05 3.45208e-05 2.26442e-05 1.47792e-05 9.60103e-06 6.21008e-06 4.00047e-06 2.56727e-06 1.64164e-06 1.04622e-06 6.64644e-07 4.20971e-07 2.65877e-07 1.67471e-07 1.05217e-07 6.59439e-08 4.12341e-08 2.57263e-08 1.6017e-08 9.95195e-09 6.17156e-09 3.82013e-09 2.36041e-09 1.45599e-09 8.96636e-10 5.51301e-10 3.38457e-10 2.07483e-10 1.27013e-10 7.76471e-11 4.74058e-11 2.89059e-11 1.76039e-11 1.07082e-11 6.50617e-12 3.94868e-12 2.39392e-12 1.44982e-12 8.7716e-13 5.30172e-13 3.2014e-13 1.93134e-13 1.1641e-13 7.0103e-14 4.21808e-14 2.53591e-14 1.52335e-14 9.14379e-15 5.48428e-15 3.28692e-15 1.96853e-15 1.17811e-15 7.04581e-16 4.21097e-16 2.51505e-16 1.50117e-16 8.95453e-17 5.33811e-17 3.18032e-17 1.89365e-17 1.12689e-17 6.70217e-18 3.98394e-18 2.36688e-18 1.40544e-18 8.34107e-19 4.94782e-19 2.93354e-19 1.73843e-19 1.02972e-19 6.09646e-20 3.60777e-20 2.13405e-20 1.26177e-20 7.45711e-21 4.40531e-21 2.60137e-21 1.53551e-21 9.05999e-22 5.3436e-22 3.15045e-22 1.85672e-22 1.09385e-22
0.00385649 0.0050677 0.00539576 0.00513745 0.00455281 0.00383419 0.00310679 0.00244179 0.001872 0.00140566 0.00103701 0.00075344 0.000540148 0.000382689 0.00026829 0.000186316 0.000128284 8.76414e-05 5.94494e-05 4.00625e-05 2.68349e-05 1.78743e-05 1.18439e-05 7.80997e-06 5.12663e-06 3.35093e-06 2.18153e-06 1.41488e-06 9.14395e-07 5.88962e-07 3.78145e-07 2.42056e-07 1.54499e-07 9.83442e-08 6.24368e-08 3.95414e-08 2.49823e-08 1.5748e-08 9.90546e-09 6.21752e-09 3.89485e-09 2.43517e-09 1.51972e-09 9.46733e-10 5.88771e-10 3.65552e-10 2.266e-10 1.4025e-10 8.66769e-11 5.34909e-11 3.2965e-11 2.02882e-11 1.24701e-11 7.65509e-12 4.69353e-12 2.87432e-12 1.75821e-12 1.07429e-12 6.55698e-13 3.99786e-13 2.43505e-13 1.48168e-13 9.00702e-14 5.47014e-14 3.31907e-14 2.01209e-14 1.2187e-14 7.37531e-15 4.45967e-15 2.69448e-15 1.62668e-15 9.8129e-16 5.91514e-16 3.56299e-16 2.14463e-16 1.28998e-16 7.75388e-17 4.6576e-17 2.7959e-17 1.67726e-17 1.00556e-17 6.02489e-18 3.60768e-18 2.15899e-18 1.29129e-18 7.71881e-19 4.61143e-19 2.7535e-19 1.64325e-19 9.80157e-20 5.84338e-20 3.48189e-20 2.07372e-20 1.23446e-20 7.34508e-21 4.36831e-21 2.59676e-21 1.54296e-21 9.16398e-22 5.44034e-22 3.22836e-22
0.00217745 0.00313331 0.00355752 0.00356975 0.00331068 0.00290381 0.00244179 0.00198604 0.0015721 0.00121654 0.000923416 0.000689328 0.00050713 0.000368307 0.000264425 0.000187889 0.000132261 9.2312e-05 6.39288e-05 4.3956e-05 3.00236e-05 2.03818e-05 1.37576e-05 9.237e-06 6.17101e-06 4.10348e-06 2.71671e-06 1.79117e-06 1.17634e-06 7.69708e-07 5.01879e-07 3.26158e-07 2.11293e-07 1.3647e-07 8.78907e-08 5.64495e-08 3.6161e-08 2.31065e-08 1.47294e-08 9.36784e-09 5.94475e-09 3.76449e-09 2.37899e-09 1.50047e-09 9.4458e-10 5.93552e-10 3.72318e-10 2.33148e-10 1.4576e-10 9.09814e-11 5.67024e-11 3.52862e-11 2.19272e-11 1.36068e-11 8.43218e-12 5.21861e-12 3.22564e-12 1.99132e-12 1.22784e-12 7.562e-13 4.65198e-13 2.85863e-13 1.75474e-13 1.076e-13 6.59123e-14 4.03357e-14 2.466e-14 1.50621e-14 9.19129e-15 5.60373e-15 3.41348e-15 2.07751e-15 1.26336e-15 7.67636e-16 4.66054e-16 2.82733e-16 1.7139e-16 1.03817e-16 6.28401e-17 3.80095e-17 2.29744e-17 1.3877e-17 8.37642e-18 5.05282e-18 3.04599e-18 1.83506e-18 1.10485e-18 6.64797e-19 3.99777e-19 2.40267e-19 1.44318e-19 8.66367e-20 5.19809e-20 3.1171e-20 1.86821e-20 1.11912e-20 6.70041e-21 4.00967e-21 2.39828e-21 1.43378e-21 8.5675e-22
0.00122943 0.00192269 0.00231633 0.00244017 0.00236078 0.00215055 0.001872 0.0015721 0.0012822 0.00102054 0.000795563 0.000609142 0.00045913 0.000341282 0.000250555 0.000181905 0.000130737 9.31015e-05 6.57441e-05 4.60672e-05 3.20495e-05 2.21498e-05 1.52138e-05 1.03898e-05 7.05729e-06 4.76952e-06 3.2081e-06 2.14821e-06 1.43241e-06 9.5131e-07 6.29404e-07 4.14927e-07 2.72601e-07 1.78512e-07 1.16535e-07 7.58497e-08 4.92287e-08 3.18642e-08 2.0571e-08 1.32472e-08 8.51039e-09 5.45474e-09 3.48847e-09 2.22622e-09 1.41777e-09 9.01123e-10 5.71649e-10 3.61969e-10 2.2879e-10 1.44361e-10 9.09366e-11 5.71903e-11 3.59108e-11 2.25147e-11 1.40951e-11 8.81143e-12 5.50074e-12 3.42933e-12 2.13515e-12 1.32767e-12 8.24549e-13 5.11466e-13 3.16888e-13 1.96109e-13 1.21229e-13 7.48584e-14 4.61759e-14 2.84538e-14 1.75157e-14 1.07718e-14 6.61802e-15 4.06221e-15 2.49114e-15 1.52631e-15 9.34347e-16 5.7148e-16 3.49245e-16 2.13257e-16 1.30115e-16 7.93251e-17 4.83236e-17 2.94159e-17 1.7893e-17 1.0876e-17 6.60619e-18 4.00987e-18 2.43228e-18 1.47437e-18 8.9313e-19 5.40685e-19 3.27115e-19 1.97782e-19 1.19512e-19 7.21732e-20 4.35599e-20 2.62753e-20 1.58403e-20 9.54416e-21 5.74746e-21 3.45924e-21 2.08093e-21
0.00069416 0.00117229 0.0014924 0.00164533 0.00165611 0.0015632 0.00140566 0.00121654 0.00102054 0.000834099 0.00066677 0.000522891 0.000403237 0.000306382 0.000229727 0.00017021 0.000124759 9.05504e-05 6.51327e-05 4.64634e-05 3.28928e-05 2.31212e-05 1.61456e-05 1.12053e-05 7.73192e-06 5.30645e-06 3.62335e-06 2.46226e-06 1.66567e-06 1.12198e-06 7.52681e-07 5.02993e-07 3.34902e-07 2.22205e-07 1.4694e-07 9.68592e-08 6.36529e-08 4.17088e-08 2.72535e-08 1.77603e-08 1.15441e-08 7.48499e-09 4.84158e-09 3.12454e-09 2.01198e-09 1.2928e-09 8.28984e-10 5.30512e-10 3.3885e-10 2.16029e-10 1.37478e-10 8.73369e-11 5.53894e-11 3.50706e-11 2.21702e-11 1.39934e-11 8.81919e-12 5.55009e-12 3.48783e-12 2.18884e-12 1.37179e-12 8.58615e-13 5.36731e-13 3.35102e-13 2.08965e-13 1.30155e-13 8.09747e-14 5.03214e-14 3.12379e-14 1.93709e-14 1.19995e-14 7.42571e-15 4.59072e-15 2.83532e-15 1.74949e-15 1.0785e-15 6.64249e-16 4.0875e-16 2.51308e-16 1.54378e-16 9.47555e-17 5.81123e-17 3.5611e-17 2.18052e-17 1.33414e-17 8.15676e-18 4.98325e-18 3.04223e-18 1.85594e-18 1.13144e-18 6.89295e-19 4.19649e-19 2.55317e-19 1.55236e-19 9.43257e-20 5.72791e-20 3.47612e-20 2.1083e-20 1.27795e-20 7.74178e-21 4.68727e-21
0.000391936 0.000710856 0.000952956 0.00109653 0.00114571 0.00111834 0.00103701 0.000923416 0.000795563 0.00066677 0.000545862 0.0004379 0.000345104 0.00026773 0.000204809 0.000154709 0.000115535 8.5386e-05 6.25048e-05 4.53551e-05 3.26448e-05 2.33203e-05 1.65429e-05 1.16587e-05 8.1664e-06 5.68743e-06 3.93962e-06 2.71506e-06 1.86214e-06 1.27136e-06 8.64258e-07 5.85109e-07 3.94578e-07 2.65101e-07 1.7748e-07 1.18417e-07 7.87527e-08 5.22119e-08 3.45127e-08 2.27481e-08 1.49527e-08 9.80271e-09 6.41016e-09 4.18146e-09 2.7212e-09 1.76687e-09 1.14471e-09 7.4005e-10 4.77458e-10 3.0743e-10 1.97571e-10 1.26733e-10 8.11465e-11 5.1867e-11 3.30958e-11 2.10833e-11 1.34094e-11 8.51536e-12 5.39932e-12 3.4185e-12 2.16127e-12 1.36451e-12 8.6031e-13 5.41699e-13 3.40644e-13 2.13942e-13 1.34202e-13 8.40822e-14 5.26187e-14 3.28913e-14 2.0537e-14 1.28092e-14 7.98074e-15 4.96722e-15 3.08846e-15 1.9184e-15 1.19046e-15 7.3803e-16 4.57119e-16 2.82871e-16 1.74888e-16 1.08032e-16 6.66758e-17 4.1117e-17 2.53347e-17 1.55977e-17 9.5953e-18 5.89821e-18 3.62285e-18 2.22359e-18 1.36377e-18 8.35822e-19 5.11892e-19 3.13286e-19 1.91605e-19 1.17107e-19 7.15269e-20 4.36592e-20 2.66321e-20 1.62354e-20 9.89129e-21
0.000221294 0.000429004 0.000603798 0.000723446 0.000783126 0.000789161 0.00075344 0.000689328 0.000609142 0.000522891 0.0004379 0.000358973 0.000288818 0.000228559 0.000178219 0.00013713 0.00010425 7.83883e-05 5.83523e-05 4.30372e-05 3.14712e-05 2.28317e-05 1.64419e-05 1.17591e-05 8.3558e-06 5.90162e-06 4.14454e-06 2.89497e-06 2.01189e-06 1.39147e-06 9.57991e-07 6.56695e-07 4.48304e-07 3.04841e-07 2.06511e-07 1.39398e-07 9.37727e-08 6.28738e-08 4.20237e-08 2.8003e-08 1.86059e-08 1.23278e-08 8.14609e-09 5.36892e-09 3.52972e-09 2.31496e-09 1.51474e-09 9.88901e-10 6.44203e-10 4.18772e-10 2.71674e-10 1.75897e-10 1.13668e-10 7.3318e-11 4.72063e-11 3.0341e-11 1.9468e-11 1.24708e-11 7.9757e-12 5.0929e-12 3.24714e-12 2.06725e-12 1.31419e-12 8.34282e-13 5.28898e-13 3.34851e-13 2.11721e-13 1.33698e-13 8.43229e-14 5.31178e-14 3.3421e-14 2.10038e-14 1.31851e-14 8.26777e-15 5.17874e-15 3.24041e-15 2.02547e-15 1.26477e-15 7.88984e-16 4.91701e-16 3.06141e-16 1.9043e-16 1.18346e-16 7.34824e-17 4.5586e-17 2.82556e-17 1.74989e-17 1.08283e-17 6.69503e-18 4.13619e-18 2.55333e-18 1.575e-18 9.7079e-19 5.97927e-19 3.68006e-19 2.26334e-19 1.39104e-19 8.54337e-20 5.24353e-20 3.21608e-20 1.97127e-20
0.000124947 0.000257831 0.000379984 0.000473113 0.000529687 0.000550221 0.000540148 0.00050713 0.00045913 0.000403237 0.000345104 0.000288818 0.000237023 0.000191172 0.000151821 0.000118901 9.19502e-05 7.02943e-05 5.3175e-05 3.98361e-05 2.95767e-05 2.17774e-05 1.5911e-05 1.1541e-05 8.31472e-06 5.95233e-06 4.23569e-06 2.99715e-06 2.10947e-06 1.47721e-06 1.0295e-06 7.14219e-07 4.93346e-07 3.39372e-07 2.32533e-07 1.58729e-07 1.07959e-07 7.31747e-08 4.94336e-08 3.3289e-08 2.23486e-08 1.49597e-08 9.98535e-09 6.6469e-09 4.41297e-09 2.9224e-09 1.93056e-09 1.27232e-09 8.36593e-10 5.48868e-10 3.59325e-10 2.34749e-10 1.53053e-10 9.95931e-11 6.46832e-11 4.19326e-11 2.71352e-11 1.7529e-11 1.13043e-11 7.27807e-12 4.67833e-12 3.00252e-12 1.92406e-12 1.23114e-12 7.86625e-13 5.01898e-13 3.1979e-13 2.03484e-13 1.29308e-13 8.20665e-14 5.2019e-14 3.29326e-14 2.08244e-14 1.31525e-14 8.29755e-15 5.22883e-15 3.29143e-15 2.06966e-15 1.30004e-15 8.1577e-16 5.11378e-16 3.20249e-16 2.00361e-16 1.25236e-16 7.82058e-17 4.87926e-17 3.04145e-17 1.8942e-17 1.17868e-17 7.32827e-18 4.55246e-18 2.82577e-18 1.75258e-18 1.08613e-18 6.72584e-19 4.16182e-19 2.57333e-19 1.58998e-19 9.81685e-20 6.05684e-20 3.73437e-20
7.05475e-05 0.000154388 0.000237705 0.000307003 0.000354952 0.000379573 0.000382689 0.000368307 0.000341282 0.000306382 0.00026773 0.000228559 0.000191172 0.000157033 0.000126923 0.000101104 7.94829e-05 6.17387e-05 4.74306e-05 3.60708e-05 2.71757e-05 2.02969e-05 1.5037e-05 1.10563e-05 8.07195e-06 5.85409e-06 4.21911e-06 3.02285e-06 2.1537e-06 1.52637e-06 1.07635e-06 7.55394e-07 5.27744e-07 3.67108e-07 2.54313e-07 1.75481e-07 1.20628e-07 8.26219e-08 5.63941e-08 3.83639e-08 2.60148e-08 1.75865e-08 1.18536e-08 7.96667e-09 5.33957e-09 3.56926e-09 2.37976e-09 1.58274e-09 1.05012e-09 6.9512e-10 4.59093e-10 3.02547e-10 1.9896e-10 1.3057e-10 8.5518e-11 5.59022e-11 3.6474e-11 2.37543e-11 1.54429e-11 1.00222e-11 6.49325e-12 4.20001e-12 2.71234e-12 1.74888e-12 1.12594e-12 7.23813e-13 4.64633e-13 2.97838e-13 1.90656e-13 1.21881e-13 7.78127e-14 4.96142e-14 3.15948e-14 2.00952e-14 1.27657e-14 8.10004e-15 5.13368e-15 3.24998e-15 2.0552e-15 1.29824e-15 8.19217e-16 5.16405e-16 3.25192e-16 2.04577e-16 1.28572e-16 8.07275e-17 5.06392e-17 3.17359e-17 1.98711e-17 1.2431e-17 7.76978e-18 4.85221e-18 3.02764e-18 1.8876e-18 1.17588e-18 7.31926e-19 4.5523e-19 2.82917e-19 1.75694e-19 1.09026e-19 6.76058e-20
3.98325e-05 9.2146e-05 0.00014791 0.000197838 0.000235897 0.000259383 0.00026829 0.000264425 0.000250555 0.000229727 0.000204809 0.000178219 0.000151821 0.000126923 0.00010434 8.44867e-05 6.74793e-05 5.32258e-05 4.15047e-05 3.2025e-05 2.44706e-05 1.85297e-05 1.39133e-05 1.03651e-05 7.66498e-06 5.62911e-06 4.1071e-06 2.97823e-06 2.14711e-06 1.53942e-06 1.09796e-06 7.79216e-07 5.50394e-07 3.87016e-07 2.70966e-07 1.88934e-07 1.31218e-07 9.07901e-08 6.25905e-08 4.29999e-08 2.94425e-08 2.00948e-08 1.36725e-08 9.275e-09 6.27379e-09 4.23192e-09 2.84695e-09 1.91026e-09 1.27855e-09 8.53657e-10 5.68627e-10 3.77903e-10 2.50595e-10 1.65818e-10 1.09492e-10 7.21534e-11 4.74543e-11 3.11504e-11 2.041e-11 1.33486e-11 8.71489e-12 5.67993e-12 3.6957e-12 2.40072e-12 1.55703e-12 1.00827e-12 6.5193e-13 4.20903e-13 2.71354e-13 1.74694e-13 1.12311e-13 7.21075e-14 4.62347e-14 2.96071e-14 1.89355e-14 1.20954e-14 7.7169e-15 4.91758e-15 3.13009e-15 1.99008e-15 1.26387e-15 8.01791e-16 5.08109e-16 3.21661e-16 2.0342e-16 1.28515e-16 8.11116e-17 5.11437e-17 3.22173e-17 2.02759e-17 1.27489e-17 8.00892e-18 5.0268e-18 3.15234e-18 1.97516e-18 1.23654e-18 7.7349e-19 4.83448e-19 3.01925e-19 1.88411e-19 1.17484e-19
2.24902e-05 5.48366e-05 9.15979e-05 0.0001267 0.000155612 0.000175748 0.000186316 0.000187889 0.000181905 0.00017021 0.000154709 0.00013713 0.000118901 0.000101104 8.44867e-05 6.95012e-05 5.63664e-05 4.51248e-05 3.56984e-05 2.79336e-05 2.16376e-05 1.6604e-05 1.26303e-05 9.52938e-06 7.13493e-06 5.30385e-06 3.91607e-06 2.87299e-06 2.09504e-06 1.51902e-06 1.09541e-06 7.8586e-07 5.61019e-07 3.98633e-07 2.81984e-07 1.98617e-07 1.39325e-07 9.73499e-08 6.77651e-08 4.70007e-08 3.24858e-08 2.23783e-08 1.53661e-08 1.05184e-08 7.17847e-09 4.88494e-09 3.31492e-09 2.24343e-09 1.51432e-09 1.01958e-09 6.84795e-10 4.58847e-10 3.06743e-10 2.04602e-10 1.36176e-10 9.04433e-11 5.99462e-11 3.96534e-11 2.61793e-11 1.7251e-11 1.13468e-11 7.44998e-12 4.88292e-12 3.19496e-12 2.08704e-12 1.36111e-12 8.86277e-13 5.76205e-13 3.74051e-13 2.42463e-13 1.56941e-13 1.01442e-13 6.54789e-14 4.22088e-14 2.71727e-14 1.74704e-14 1.12183e-14 7.19478e-15 4.60874e-15 2.94871e-15 1.88443e-15 1.20291e-15 7.67016e-16 4.8854e-16 3.10835e-16 1.97563e-16 1.25439e-16 7.95642e-17 5.04166e-17 3.19158e-17 2.01846e-17 1.27535e-17 8.05072e-18 5.07746e-18 3.19942e-18 2.01425e-18 1.26702e-18 7.96314e-19 5.00061e-19 3.13766e-19 1.96716e-19
1.26984e-05 3.25479e-05 5.64809e-05 8.06863e-05 0.000101963 0.000118167 0.000128284 0.000132261 0.000130737 0.000124759 0.000115535 0.00010425 9.19502e-05 7.94829e-05 6.74793e-05 5.63664e-05 4.63961e-05 3.76804e-05 3.0228e-05 2.39764e-05 1.88195e-05 1.46288e-05 1.12688e-05 8.60731e-06 6.52252e-06 4.90601e-06 3.66433e-06 2.71886e-06 2.00475e-06 1.46945e-06 1.07104e-06 7.76488e-07 5.60077e-07 4.02023e-07 2.87235e-07 2.04314e-07 1.44714e-07 1.02084e-07 7.17311e-08 5.02143e-08 3.50252e-08 2.43459e-08 1.68663e-08 1.1647e-08 8.01783e-09 5.50296e-09 3.76596e-09 2.57003e-09 1.74912e-09 1.18731e-09 8.03894e-10 5.42954e-10 3.65838e-10 2.45926e-10 1.64946e-10 1.10389e-10 7.37205e-11 4.91303e-11 3.26765e-11 2.16905e-11 1.43706e-11 9.50327e-12 6.27312e-12 4.13358e-12 2.71907e-12 1.7856e-12 1.17067e-12 7.66285e-13 5.00802e-13 3.26796e-13 2.12931e-13 1.38537e-13 9.00067e-14 5.8395e-14 3.7834e-14 2.44798e-14 1.58185e-14 1.02086e-14 6.57989e-15 4.23583e-15 2.72354e-15 1.7491e-15 1.122e-15 7.18918e-16 4.60129e-16 2.94174e-16 1.87873e-16 1.19858e-16 7.63867e-17 4.86328e-17 3.09319e-17 1.96544e-17 1.24765e-17 7.91258e-18 5.01347e-18 3.17367e-18 2.00722e-18 1.26837e-18 8.0079e-19 5.0515e-19 3.18388e-19
7.16975e-06 1.92728e-05 3.46913e-05 5.11219e-05 6.64027e-05 7.88975e-05 8.76414e-05 9.2312e-05 9.31015e-05 9.05504e-05 8.5386e-05 7.83883e-05 7.02943e-05 6.17387e-05 5.32258e-05 4.51248e-05 3.76804e-05 3.10315e-05 2.52334e-05 2.02801e-05 1.61238e-05 1.26912e-05 9.89637e-06 7.64985e-06 5.86507e-06 4.46222e-06 3.3704e-06 2.52837e-06 1.88447e-06 1.39598e-06 1.02811e-06 7.53002e-07 5.48612e-07 3.97697e-07 2.86916e-07 2.06046e-07 1.47321e-07 1.04891e-07 7.43799e-08 5.25396e-08 3.69741e-08 2.59268e-08 1.81175e-08 1.26182e-08 8.75992e-09 6.06251e-09 4.18313e-09 2.87799e-09 1.9745e-09 1.35096e-09 9.21902e-10 6.27504e-10 4.26061e-10 2.88591e-10 1.9502e-10 1.31489e-10 8.84588e-11 5.93829e-11 3.9781e-11 2.65954e-11 1.77451e-11 1.18172e-11 7.85477e-12 5.21143e-12 3.45147e-12 2.28189e-12 1.50607e-12 9.92376e-13 6.52832e-13 4.28783e-13 2.81191e-13 1.84122e-13 1.20384e-13 7.85962e-14 5.1241e-14 3.33604e-14 2.16898e-14 1.40832e-14 9.13229e-15 5.91431e-15 3.82547e-15 2.47134e-15 1.59462e-15 1.02771e-15 6.61578e-16 4.254e-16 2.73231e-16 1.75303e-16 1.12352e-16 7.19304e-17 4.60041e-17 2.93926e-17 1.87605e-17 1.19626e-17 7.62057e-18 4.84995e-18 3.08377e-18 1.95897e-18 1.24331e-18 7.88405e-19 4.99504e-19
4.04818e-06 1.13874e-05 2.12321e-05 3.22397e-05 4.30034e-05 5.23418e-05 5.94494e-05 6.39288e-05 6.57441e-05 6.51327e-05 6.25048e-05 5.83523e-05 5.3175e-05 4.74306e-05 4.15047e-05 3.56984e-05 3.0228e-05 2.52334e-05 2.07903e-05 1.69245e-05 1.36248e-05 1.08555e-05 8.56605e-06 6.69885e-06 5.1946e-06 3.99631e-06 3.05155e-06 2.31377e-06 1.74269e-06 1.3043e-06 9.70342e-07 7.17785e-07 5.28085e-07 3.86511e-07 2.81494e-07 2.04042e-07 1.47232e-07 1.05778e-07 7.56793e-08 5.39287e-08 3.82815e-08 2.70737e-08 1.9079e-08 1.33988e-08 9.37854e-09 6.5435e-09 4.55133e-09 3.15619e-09 2.18237e-09 1.50478e-09 1.03475e-09 7.0966e-10 4.8546e-10 3.31266e-10 2.25503e-10 1.53147e-10 1.03771e-10 7.01581e-11 4.73308e-11 3.18638e-11 2.14073e-11 1.43536e-11 9.60544e-12 6.41579e-12 4.27741e-12 2.84661e-12 1.89109e-12 1.25415e-12 8.30341e-13 5.48847e-13 3.62202e-13 2.38654e-13 1.57008e-13 1.03139e-13 6.76529e-14 4.43125e-14 2.89838e-14 1.89315e-14 1.2349e-14 8.04453e-15 5.23369e-15 3.40066e-15 2.20688e-15 1.43041e-15 9.2603e-16 5.98794e-16 3.86749e-16 2.4951e-16 1.60792e-16 1.03506e-16 6.65581e-17 4.27542e-17 2.74351e-17 1.75871e-17 1.12628e-17 7.2056e-18 4.60548e-18 2.94081e-18 1.87609e-18 1.19575e-18 7.61434e-19
2.28568e-06 6.71506e-06 1.29524e-05 2.0245e-05 2.77071e-05 3.45208e-05 4.00625e-05 4.3956e-05 4.60672e-05 4.64634e-05 4.53551e-05 4.30372e-05 3.98361e-05 3.60708e-05 3.2025e-05 2.79336e-05 2.39764e-05 2.02801e-05 1.69245e-05 1.39502e-05 1.13675e-05 9.16491e-06 7.31617e-06 5.78646e-06 4.537e-06 3.52841e-06 2.72302e-06 2.08626e-06 1.58746e-06 1.20008e-06 9.01648e-07 6.73458e-07 5.0021e-07 3.69552e-07 2.71635e-07 1.9869e-07 1.44657e-07 1.04847e-07 7.56673e-08 5.43835e-08 3.89316e-08 2.77638e-08 1.97268e-08 1.39666e-08 9.85461e-09 6.93029e-09 4.85819e-09 3.39512e-09 2.36557e-09 1.64346e-09 1.13858e-09 7.86655e-10 5.42074e-10 3.7258e-10 2.55446e-10 1.74714e-10 1.19216e-10 8.11613e-11 5.5131e-11 3.73681e-11 2.5275e-11 1.70603e-11 1.14924e-11 7.72659e-12 5.18484e-12 3.47277e-12 2.32181e-12 1.54955e-12 1.03237e-12 6.86637e-13 4.55933e-13 3.02254e-13 2.00057e-13 1.3221e-13 8.72404e-14 5.74812e-14 3.78183e-14 2.48463e-14 1.6301e-14 1.06801e-14 6.98803e-15 4.56629e-15 2.97998e-15 1.94229e-15 1.26438e-15 8.22081e-16 5.33866e-16 3.46292e-16 2.24363e-16 1.45202e-16 9.38663e-17 6.06143e-17 3.90998e-17 2.51952e-17 1.62186e-17 1.04295e-17 6.70013e-18 4.30006e-18 2.75706e-18 1.76605e-18 1.1302e-18
1.29054e-06 3.95265e-06 7.87775e-06 1.2663e-05 1.77675e-05 2.26442e-05 2.68349e-05 3.00236e-05 3.20495e-05 3.28928e-05 3.26448e-05 3.14712e-05 2.95767e-05 2.71757e-05 2.44706e-05 2.16376e-05 1.88195e-05 1.61238e-05 1.36248e-05 1.13675e-05 9.37324e-06 7.64479e-06 6.17188e-06 4.93553e-06 3.91177e-06 3.07448e-06 2.39738e-06 1.85551e-06 1.42601e-06 1.08863e-06 8.25804e-07 6.2266e-07 4.66796e-07 3.48031e-07 2.58127e-07 1.90489e-07 1.39901e-07 1.02276e-07 7.44398e-08 5.39503e-08 3.89411e-08 2.79974e-08 2.00531e-08 1.43106e-08 1.01767e-08 7.21232e-09 5.09467e-09 3.58736e-09 2.51824e-09 1.76248e-09 1.22997e-09 8.55951e-10 5.9405e-10 4.11197e-10 2.839e-10 1.95523e-10 1.34331e-10 9.20737e-11 6.29647e-11 4.29625e-11 2.92509e-11 1.98732e-11 1.34741e-11 9.11708e-12 6.15687e-12 4.14984e-12 2.79184e-12 1.8748e-12 1.25674e-12 8.40961e-13 5.6178e-13 3.74656e-13 2.49454e-13 1.65827e-13 1.10063e-13 7.29395e-14 4.82652e-14 3.1891e-14 2.10416e-14 1.38636e-14 9.12171e-15 5.9936e-15 3.93299e-15 2.57746e-15 1.68697e-15 1.10275e-15 7.19967e-16 4.69488e-16 3.05788e-16 1.98935e-16 1.29272e-16 8.39094e-17 5.44047e-17 3.52364e-17 2.27972e-17 1.47339e-17 9.51274e-18 6.13553e-18 3.95336e-18 2.5448e-18 1.63652e-18
7.28663e-07 2.32276e-06 4.77808e-06 7.89176e-06 1.13439e-05 1.47792e-05 1.78743e-05 2.03818e-05 2.21498e-05 2.31212e-05 2.33203e-05 2.28317e-05 2.17774e-05 2.02969e-05 1.85297e-05 1.6604e-05 1.46288e-05 1.26912e-05 1.08555e-05 9.16491e-06 7.64479e-06 6.30571e-06 5.14712e-06 4.16057e-06 3.33246e-06 2.64631e-06 2.08446e-06 1.62939e-06 1.26447e-06 9.74571e-07 7.46254e-07 5.67893e-07 4.29618e-07 3.23185e-07 2.41814e-07 1.80002e-07 1.33331e-07 9.82948e-08 7.21374e-08 5.27104e-08 3.8354e-08 2.77954e-08 2.00653e-08 1.44307e-08 1.03409e-08 7.38435e-09 5.2553e-09 3.72788e-09 2.63605e-09 1.85829e-09 1.30612e-09 9.15385e-10 6.3975e-10 4.45901e-10 3.09972e-10 2.14928e-10 1.48657e-10 1.02571e-10 7.06054e-11 4.84904e-11 3.32279e-11 2.27198e-11 1.55019e-11 1.05551e-11 7.17243e-12 4.86421e-12 3.29247e-12 2.22442e-12 1.50007e-12 1.00978e-12 6.7855e-13 4.55188e-13 3.04839e-13 2.03815e-13 1.36052e-13 9.06753e-14 6.03399e-14 4.00926e-14 2.66e-14 1.76226e-14 1.16584e-14 7.70202e-15 5.08132e-15 3.34786e-15 2.20285e-15 1.44759e-15 9.50063e-16 6.2276e-16 4.07717e-16 2.6661e-16 1.74133e-16 1.13601e-16 7.40274e-17 4.81854e-17 3.13301e-17 2.03487e-17 1.32024e-17 8.55685e-18 5.54024e-18 3.58347e-18 2.31551e-18
4.11417e-07 1.36286e-06 2.89063e-06 4.90169e-06 7.21329e-06 9.60103e-06 1.18439e-05 1.37576e-05 1.52138e-05 1.61456e-05 1.65429e-05 1.64419e-05 1.5911e-05 1.5037e-05 1.39133e-05 1.26303e-05 1.12688e-05 9.89637e-06 8.56605e-06 7.31617e-06 6.17188e-06 5.14712e-06 4.24681e-06 3.4691e-06 2.80735e-06 2.25189e-06 1.79139e-06 1.41393e-06 1.10775e-06 8.6179e-07 6.65976e-07 5.11395e-07 3.90323e-07 2.962e-07 2.23536e-07 1.6781e-07 1.25341e-07 9.31673e-08 6.89306e-08 5.07714e-08 3.72356e-08 2.71956e-08 1.97837e-08 1.43365e-08 1.03507e-08 7.44619e-09 5.3382e-09 3.81416e-09 2.71639e-09 1.9285e-09 1.36498e-09 9.63266e-10 6.77832e-10 4.75651e-10 3.32874e-10 2.32343e-10 1.6176e-10 1.12339e-10 7.78289e-11 5.37932e-11 3.70951e-11 2.55232e-11 1.75229e-11 1.20048e-11 8.2073e-12 5.59973e-12 3.81308e-12 2.59146e-12 1.75791e-12 1.19027e-12 8.04473e-13 5.42766e-13 3.65565e-13 2.45801e-13 1.65e-13 1.10582e-13 7.39938e-14 4.94348e-14 3.2977e-14 2.19655e-14 1.46096e-14 9.70313e-15 6.43541e-15 4.26229e-15 2.81917e-15 1.86219e-15 1.22846e-15 8.09365e-16 5.32576e-16 3.50012e-16 2.29751e-16 1.50632e-16 9.86431e-17 6.45235e-17 4.21578e-17 2.75141e-17 1.79374e-17 1.16814e-17 7.59926e-18 4.93851e-18 3.2061e-18
2.32294e-07 7.98514e-07 1.7446e-06 3.03497e-06 4.56943e-06 6.21008e-06 7.80997e-06 9.237e-06 1.03898e-05 1.12053e-05 1.16587e-05 1.17591e-05 1.1541e-05 1.10563e-05 1.03651e-05 9.52938e-06 8.60731e-06 7.64985e-06 6.69885e-06 5.78646e-06 4.93553e-06 4.16057e-06 3.4691e-06 2.86309e-06 2.34037e-06 1.8959e-06 1.52284e-06 1.21341e-06 9.59537e-07 7.53336e-07 5.87415e-07 4.55068e-07 3.50361e-07 2.68155e-07 2.04081e-07 1.5448e-07 1.1633e-07 8.7168e-08 6.50057e-08 4.82566e-08 3.56656e-08 2.62482e-08 1.92386e-08 1.40455e-08 1.02152e-08 7.40223e-09 5.34483e-09 3.84603e-09 2.75833e-09 1.97188e-09 1.40527e-09 9.98437e-10 7.07304e-10 4.99635e-10 3.51961e-10 2.47267e-10 1.73261e-10 1.21095e-10 8.4426e-11 5.87187e-11 4.07431e-11 2.82057e-11 1.94826e-11 1.3428e-11 9.23528e-12 6.33852e-12 4.34154e-12 2.96784e-12 2.02487e-12 1.37889e-12 9.37264e-13 6.35927e-13 4.30709e-13 2.91212e-13 1.96562e-13 1.32455e-13 8.91107e-14 5.98551e-14 4.01416e-14 2.68797e-14 1.79723e-14 1.1999e-14 7.99942e-15 5.32548e-15 3.54043e-15 2.35051e-15 1.55843e-15 1.03191e-15 6.82401e-16 4.50698e-16 2.97298e-16 1.95869e-16 1.2889e-16 8.4715e-17 5.56156e-17 3.64702e-17 2.38886e-17 1.56302e-17 1.02157e-17 6.66969e-18 4.34998e-18
1.31158e-07 4.67239e-07 1.0506e-06 1.87366e-06 2.8844e-06 4.00047e-06 5.12663e-06 6.17101e-06 7.05729e-06 7.73192e-06 8.1664e-06 8.3558e-06 8.31472e-06 8.07195e-06 7.66498e-06 7.13493e-06 6.52252e-06 5.86507e-06 5.1946e-06 4.537e-06 3.91177e-06 3.33246e-06 2.80735e-06 2.34037e-06 1.93202e-06 1.58027e-06 1.28139e-06 1.03054e-06 8.22381e-07 6.51456e-07 5.12461e-07 4.00448e-07 3.10942e-07 2.39985e-07 1.84154e-07 1.40532e-07 1.06677e-07 8.05673e-08 6.05522e-08 4.52966e-08 3.37322e-08 2.50114e-08 1.84678e-08 1.35813e-08 9.9489e-09 7.26065e-09 5.27955e-09 3.82552e-09 2.76252e-09 1.98833e-09 1.42653e-09 1.0203e-09 7.27557e-10 5.17294e-10 3.66754e-10 2.59307e-10 1.82847e-10 1.28597e-10 9.02124e-11 6.3129e-11 4.40702e-11 3.06931e-11 2.13276e-11 1.47867e-11 1.02295e-11 7.0618e-12 4.86489e-12 3.34464e-12 2.2949e-12 1.57158e-12 1.07421e-12 7.32881e-13 4.99104e-13 3.39296e-13 2.30257e-13 1.55994e-13 1.05506e-13 7.12427e-14 4.80296e-14 3.23293e-14 2.17278e-14 1.45808e-14 9.77027e-15 6.53734e-15 4.36795e-15 2.91439e-15 1.94188e-15 1.29215e-15 8.58679e-16 5.6988e-16 3.77731e-16 2.50056e-16 1.65332e-16 1.09182e-16 7.20157e-17 4.74456e-17 3.12222e-17 2.0523e-17 1.34751e-17 8.83792e-18 5.79026e-18
7.40541e-08 2.73062e-07 6.31365e-07 1.15355e-06 1.81474e-06 2.56727e-06 3.35093e-06 4.10348e-06 4.76952e-06 5.30645e-06 5.68743e-06 5.90162e-06 5.95233e-06 5.85409e-06 5.62911e-06 5.30385e-06 4.90601e-06 4.46222e-06 3.99631e-06 3.52841e-06 3.07448e-06 2.64631e-06 2.25189e-06 1.8959e-06 1.58027e-06 1.30485e-06 1.0679e-06 8.6669e-07 6.97832e-07 5.57662e-07 4.42475e-07 3.48703e-07 2.73029e-07 2.12461e-07 1.64355e-07 1.26426e-07 9.67243e-08 7.36177e-08 5.57525e-08 4.2021e-08 3.1526e-08 2.35474e-08 1.75131e-08 1.29715e-08 9.56947e-09 7.03261e-09 5.14909e-09 3.75649e-09 2.731e-09 1.97877e-09 1.42906e-09 1.02879e-09 7.38359e-10 5.28336e-10 3.76957e-10 2.68193e-10 1.90288e-10 1.34653e-10 9.50369e-11 6.69065e-11 4.69866e-11 3.29182e-11 2.3008e-11 1.60447e-11 1.11638e-11 7.75087e-12 5.36987e-12 3.71258e-12 2.56157e-12 1.7639e-12 1.21228e-12 8.3158e-13 5.69379e-13 3.89143e-13 2.65488e-13 1.80811e-13 1.22932e-13 8.34407e-14 5.65433e-14 3.82549e-14 2.5841e-14 1.74286e-14 1.1737e-14 7.89241e-15 5.29942e-15 3.55325e-15 2.3791e-15 1.59075e-15 1.06219e-15 7.08317e-16 4.7172e-16 3.13749e-16 2.08417e-16 1.38276e-16 9.16282e-17 6.06444e-17 4.00904e-17 2.6472e-17 1.74597e-17 1.15027e-17 7.56974e-18
4.18123e-08 1.59399e-07 3.78687e-07 7.08385e-07 1.13821e-06 1.64164e-06 2.18153e-06 2.71671e-06 3.2081e-06 3.62335e-06 3.93962e-06 4.14454e-06 4.23569e-06 4.21911e-06 4.1071e-06 3.91607e-06 3.66433e-06 3.3704e-06 3.05155e-06 2.72302e-06 2.39738e-06 2.08446e-06 1.79139e-06 1.52284e-06 1.28139e-06 1.0679e-06 8.81964e-07 7.22196e-07 5.86603e-07 4.72824e-07 3.78345e-07 3.00652e-07 2.37339e-07 1.86181e-07 1.45172e-07 1.12545e-07 8.67698e-08 6.65442e-08 5.07741e-08 3.85523e-08 2.9135e-08 2.19186e-08 1.64178e-08 1.22458e-08 9.09689e-09 6.73122e-09 4.96187e-09 3.64419e-09 2.66694e-09 1.94503e-09 1.41381e-09 1.02435e-09 7.39841e-10 5.32725e-10 3.82455e-10 2.73781e-10 1.95439e-10 1.39133e-10 9.87868e-11 6.99589e-11 4.94189e-11 3.48237e-11 2.44804e-11 1.7169e-11 1.20139e-11 8.38792e-12 5.84361e-12 4.06244e-12 2.81832e-12 1.95125e-12 1.34827e-12 9.29813e-13 6.40017e-13 4.39724e-13 3.01564e-13 2.06446e-13 1.41083e-13 9.62503e-14 6.55544e-14 4.45748e-14 3.02606e-14 2.05107e-14 1.38807e-14 9.37959e-15 6.3286e-15 4.2638e-15 2.86855e-15 1.92715e-15 1.29291e-15 8.66219e-16 5.79573e-16 3.87273e-16 2.58444e-16 1.72252e-16 1.14662e-16 7.62331e-17 5.06223e-17 3.35757e-17 2.22434e-17 1.4719e-17 9.72888e-18
2.3608e-08 9.29484e-08 2.26721e-07 4.33962e-07 7.11809e-07 1.04622e-06 1.41488e-06 1.79117e-06 2.14821e-06 2.46226e-06 2.71506e-06 2.89497e-06 2.99715e-06 3.02285e-06 2.97823e-06 2.87299e-06 2.71886e-06 2.52837e-06 2.31377e-06 2.08626e-06 1.85551e-06 1.62939e-06 1.41393e-06 1.21341e-06 1.03054e-06 8.6669e-07 7.22196e-07 5.96568e-07 4.88742e-07 3.97283e-07 3.20547e-07 2.5681e-07 2.04363e-07 1.61585e-07 1.26978e-07 9.91974e-08 7.70593e-08 5.9539e-08 4.5764e-08 3.5001e-08 2.66411e-08 2.01844e-08 1.52246e-08 1.14343e-08 8.55203e-09 6.37074e-09 4.72746e-09 3.49491e-09 2.57436e-09 1.88962e-09 1.38229e-09 1.00783e-09 7.32453e-10 5.30664e-10 3.83305e-10 2.76052e-10 1.98241e-10 1.41967e-10 1.01392e-10 7.22221e-11 5.13122e-11 3.63648e-11 2.57087e-11 1.81319e-11 1.27583e-11 8.9569e-12 6.27419e-12 4.38547e-12 3.05882e-12 2.12908e-12 1.47894e-12 1.0253e-12 7.09424e-13 4.89935e-13 3.37726e-13 2.32381e-13 1.59611e-13 1.09437e-13 7.49078e-14 5.1187e-14 3.49204e-14 2.37847e-14 1.61744e-14 1.09821e-14 7.44531e-15 5.03999e-15 3.40675e-15 2.29945e-15 1.54986e-15 1.04318e-15 7.0118e-16 4.70672e-16 3.15525e-16 2.11244e-16 1.41248e-16 9.43271e-17 6.29149e-17 4.19125e-17 2.78878e-17 1.85343e-17 1.23036e-17
1.33296e-08 5.41454e-08 1.35506e-07 2.65245e-07 4.43924e-07 6.64644e-07 9.14395e-07 1.17634e-06 1.43241e-06 1.66567e-06 1.86214e-06 2.01189e-06 2.10947e-06 2.1537e-06 2.14711e-06 2.09504e-06 2.00475e-06 1.88447e-06 1.74269e-06 1.58746e-06 1.42601e-06 1.26447e-06 1.10775e-06 9.59537e-07 8.22381e-07 6.97832e-07 5.86603e-07 4.88742e-07 4.03797e-07 3.30965e-07 2.69223e-07 2.17426e-07 1.74393e-07 1.38962e-07 1.10038e-07 8.66139e-08 6.77853e-08 5.27583e-08 4.08459e-08 3.14628e-08 2.41169e-08 1.83992e-08 1.39735e-08 1.05659e-08 7.95558e-09 5.96571e-09 4.45591e-09 3.31551e-09 2.45785e-09 1.81553e-09 1.33642e-09 9.80425e-10 7.16912e-10 5.2256e-10 3.79721e-10 2.75099e-10 1.98722e-10 1.43142e-10 1.02823e-10 7.36612e-11 5.26318e-11 3.751e-11 2.66662e-11 1.89112e-11 1.33796e-11 9.44414e-12 6.65115e-12 4.6738e-12 3.27721e-12 2.29309e-12 1.60117e-12 1.11578e-12 7.75996e-13 5.38641e-13 3.73177e-13 2.58063e-13 1.78134e-13 1.22742e-13 8.44268e-14 5.79729e-14 3.97411e-14 2.71982e-14 1.8584e-14 1.2678e-14 8.6355e-15 5.873e-15 3.98825e-15 2.70436e-15 1.83114e-15 1.23811e-15 8.35971e-16 5.63674e-16 3.79559e-16 2.55244e-16 1.71422e-16 1.14979e-16 7.7024e-17 5.1534e-17 3.44375e-17 2.29852e-17 1.53233e-17
7.52612e-09 3.15116e-08 8.08589e-08 1.61775e-07 2.76137e-07 4.20971e-07 5.88962e-07 7.69708e-07 9.5131e-07 1.12198e-06 1.27136e-06 1.39147e-06 1.47721e-06 1.52637e-06 1.53942e-06 1.51902e-06 1.46945e-06 1.39598e-06 1.3043e-06 1.20008e-06 1.08863e-06 9.74571e-07 8.6179e-07 7.53336e-07 6.51456e-07 5.57662e-07 4.72824e-07 3.97283e-07 3.30965e-07 2.73489e-07 2.24257e-07 1.82543e-07 1.47553e-07 1.18475e-07 9.45233e-08 7.49544e-08 5.909e-08 4.63227e-08 3.61188e-08 2.80171e-08 2.16246e-08 1.66107e-08 1.27005e-08 9.66746e-09 7.32712e-09 5.53026e-09 4.15728e-09 3.11302e-09 2.32228e-09 1.72608e-09 1.2784e-09 9.43587e-10 6.9414e-10 5.08985e-10 3.72045e-10 2.71117e-10 1.96982e-10 1.42704e-10 1.03091e-10 7.42701e-11 5.33635e-11 3.8242e-11 2.73359e-11 1.94916e-11 1.38647e-11 9.83884e-12 6.96588e-12 4.92071e-12 3.46834e-12 2.43938e-12 1.71207e-12 1.19914e-12 8.38185e-13 5.84726e-13 4.07123e-13 2.82928e-13 1.96255e-13 1.35887e-13 9.39203e-14 6.48012e-14 4.46338e-14 3.06912e-14 2.10693e-14 1.44405e-14 9.88161e-15 6.75143e-15 4.60574e-15 3.13727e-15 2.13385e-15 1.44926e-15 9.82899e-16 6.65679e-16 4.50219e-16 3.04085e-16 2.05111e-16 1.3817e-16 9.29571e-17 6.24598e-17 4.19158e-17 2.80946e-17 1.8808e-17
4.24939e-09 1.83229e-08 4.81765e-08 9.84678e-08 1.71345e-07 2.65877e-07 3.78145e-07 5.01879e-07 6.29404e-07 7.52681e-07 8.64258e-07 9.57991e-07 1.0295e-06 1.07635e-06 1.09796e-06 1.09541e-06 1.07104e-06 1.02811e-06 9.70342e-07 9.01648e-07 8.25804e-07 7.46254e-07 6.65976e-07 5.87415e-07 5.12461e-07 4.42475e-07 3.78345e-07 3.20547e-07 2.69223e-07 2.24257e-07 1.85341e-07 1.52038e-07 1.23835e-07 1.0018e-07 8.05196e-08 6.43164e-08 5.10688e-08 4.03189e-08 3.16577e-08 2.47264e-08 1.92149e-08 1.48591e-08 1.14367e-08 8.7627e-09 6.68449e-09 5.07759e-09 3.84119e-09 2.89435e-09 2.17255e-09 1.62469e-09 1.21061e-09 8.98913e-10 6.65205e-10 4.90637e-10 3.60721e-10 2.64381e-10 1.93184e-10 1.40744e-10 1.02245e-10 7.40696e-11 5.35122e-11 3.85577e-11 2.77105e-11 1.98645e-11 1.4205e-11 1.01334e-11 7.21192e-12 5.12091e-12 3.62799e-12 2.56468e-12 1.80911e-12 1.27346e-12 8.94567e-13 6.27142e-13 4.38796e-13 3.06424e-13 2.1358e-13 1.48591e-13 1.0319e-13 7.15337e-14 4.95022e-14 3.41976e-14 2.35851e-14 1.62391e-14 1.11631e-14 7.6616e-15 5.25021e-15 3.59227e-15 2.45419e-15 1.67419e-15 1.14044e-15 7.75745e-16 5.26935e-16 3.57435e-16 2.42129e-16 1.63802e-16 1.10667e-16 7.46726e-17 5.03212e-17 3.38686e-17 2.27673e-17
2.39929e-09 1.06451e-08 2.86628e-08 5.98197e-08 1.06074e-07 1.67471e-07 2.42056e-07 3.26158e-07 4.14927e-07 5.02993e-07 5.85109e-07 6.56695e-07 7.14219e-07 7.55394e-07 7.79216e-07 7.8586e-07 7.76488e-07 7.53002e-07 7.17785e-07 6.73458e-07 6.2266e-07 5.67893e-07 5.11395e-07 4.55068e-07 4.00448e-07 3.48703e-07 3.00652e-07 2.5681e-07 2.17426e-07 1.82543e-07 1.52038e-07 1.25673e-07 1.03131e-07 8.40489e-08 6.80469e-08 5.47443e-08 4.37763e-08 3.4803e-08 2.7515e-08 2.16369e-08 1.69269e-08 1.31765e-08 1.02081e-08 7.87187e-09 6.04329e-09 4.61951e-09 3.51647e-09 2.66602e-09 2.01337e-09 1.51474e-09 1.13543e-09 8.48069e-10 6.31251e-10 4.6829e-10 3.46266e-10 2.55227e-10 1.87544e-10 1.37396e-10 1.00364e-10 7.3104e-11 5.31008e-11 3.84667e-11 2.77922e-11 2.00283e-11 1.4397e-11 1.03237e-11 7.38513e-12 5.27065e-12 3.75298e-12 2.66635e-12 1.8902e-12 1.33712e-12 9.43891e-13 6.64942e-13 4.67492e-13 3.28028e-13 2.29727e-13 1.6058e-13 1.12039e-13 7.80299e-14 5.42475e-14 3.76479e-14 2.60831e-14 1.80405e-14 1.24573e-14 8.58804e-15 5.9112e-15 4.06237e-15 2.78753e-15 1.90987e-15 1.30661e-15 8.92604e-16 6.08906e-16 4.14793e-16 2.82171e-16 1.91691e-16 1.30051e-16 8.81154e-17 5.96251e-17 4.02951e-17 2.71977e-17
1.35468e-09 6.17965e-09 1.70299e-08 3.62746e-08 6.55212e-08 1.05217e-07 1.54499e-07 2.11293e-07 2.72601e-07 3.34902e-07 3.94578e-07 4.48304e-07 4.93346e-07 5.27744e-07 5.50394e-07 5.61019e-07 5.60077e-07 5.48612e-07 5.28085e-07 5.0021e-07 4.66796e-07 4.29618e-07 3.90323e-07 3.50361e-07 3.10942e-07 2.73029e-07 2.37339e-07 2.04363e-07 1.74393e-07 1.47553e-07 1.23835e-07 1.03131e-07 8.52583e-08 6.999e-08 5.70715e-08 4.62394e-08 3.72333e-08 2.98047e-08 2.37233e-08 1.87801e-08 1.47891e-08 1.15875e-08 9.03487e-09 7.01152e-09 5.41666e-09 4.16625e-09 3.19093e-09 2.43392e-09 1.84913e-09 1.39945e-09 1.05518e-09 7.92718e-10 5.93451e-10 4.42759e-10 3.29237e-10 2.44032e-10 1.80311e-10 1.32822e-10 9.75501e-11 7.14374e-11 5.21672e-11 3.79903e-11 2.7592e-11 1.99874e-11 1.44417e-11 1.04087e-11 7.48367e-12 5.36783e-12 3.84125e-12 2.74257e-12 1.95378e-12 1.38882e-12 9.85131e-13 6.97324e-13 4.92593e-13 3.47274e-13 2.44347e-13 1.71596e-13 1.20279e-13 8.41529e-14 5.87711e-14 4.0972e-14 2.85138e-14 1.98098e-14 1.37397e-14 9.51393e-15 6.57718e-15 4.53973e-15 3.12855e-15 2.15273e-15 1.47905e-15 1.01469e-15 6.95107e-16 4.75498e-16 3.24814e-16 2.21575e-16 1.50943e-16 1.0269e-16 6.97696e-17 4.73416e-17 3.20823e-17
