0.0206315 0.0149006 0.0107615 0.00777221 0.00561326 0.00405402 0.0029279 0.0021146 0.00152721 0.00110298 0.0007966 0.000575322 0.000415511 0.000300091 0.000216732 0.000156529 0.000113049 8.16463e-05 5.89667e-05 4.25871e-05 3.07573e-05 2.22136e-05 1.60432e-05 1.15867e-05 8.3682e-06 6.0437e-06 4.3649e-06 3.15242e-06 2.27675e-06 1.64432e-06 1.18756e-06 8.57686e-07 6.1944e-07 4.47373e-07 3.23103e-07 2.33352e-07 1.68532e-07 1.21718e-07 8.79071e-08 6.34885e-08 4.58528e-08 3.31159e-08 2.3917e-08 1.72734e-08 1.24752e-08 9.0099e-09 6.50715e-09 4.69961e-09 3.39416e-09 2.45134e-09 1.77041e-09 1.27863e-09 9.23455e-10 6.6694e-10 4.81679e-10 3.47879e-10 2.51246e-10 1.81456e-10 1.31051e-10 9.46481e-11 6.8357e-11 4.93689e-11 3.56553e-11 2.57511e-11 1.8598e-11 1.34319e-11 9.7008e-12 7.00614e-12 5.05999e-12 3.65444e-12 2.63931e-12 1.90617e-12 1.37668e-12 9.94269e-13 7.18083e-13 5.18615e-13 3.74556e-13 2.70512e-13 1.9537e-13 1.41101e-13 1.01906e-13 7.35988e-14 5.31547e-14 3.83895e-14 2.77257e-14 2.00241e-14 1.44619e-14 1.04447e-14 7.54339e-15 5.448e-15 3.93467e-15 2.8417e-15 2.05234e-15 1.48225e-15 1.07051e-15 7.73147e-16 5.58384e-16 4.03278e-16 2.91256e-16 2.10352e-16 1.51921e-16
0.0149006 0.0119278 0.00945683 0.00743827 0.00581144 0.00451446 0.00348962 0.00268579 0.00205927 0.00157358 0.00119883 0.000910851 0.000690359 0.000522081 0.000394022 0.000296823 0.000223221 0.000167606 0.000125664 9.40906e-05 7.03617e-05 5.25555e-05 3.92124e-05 2.9227e-05 2.17634e-05 1.6191e-05 1.20352e-05 8.93881e-06 6.63401e-06 4.91993e-06 3.64624e-06 2.70052e-06 1.99886e-06 1.47864e-06 1.0932e-06 8.07795e-07 5.96599e-07 4.40404e-07 3.2495e-07 2.39655e-07 1.76673e-07 1.30189e-07 9.58977e-08 7.06115e-08 5.19736e-08 3.82417e-08 2.81283e-08 2.06828e-08 1.52032e-08 1.1172e-08 8.20721e-09 6.02751e-09 4.42548e-09 3.24838e-09 2.38376e-09 1.74883e-09 1.28271e-09 9.40604e-10 6.89582e-10 5.0544e-10 3.7039e-10 2.71368e-10 1.98779e-10 1.45578e-10 1.06595e-10 7.80369e-11 5.71193e-11 4.18012e-11 3.05858e-11 2.23758e-11 1.63669e-11 1.19697e-11 8.75255e-12 6.39911e-12 4.67778e-12 3.41899e-12 2.49859e-12 1.82571e-12 1.33386e-12 9.74387e-13 7.117e-13 5.19766e-13 3.79547e-13 2.77122e-13 2.02314e-13 1.47683e-13 1.07792e-13 7.86672e-14 5.74056e-14 4.1886e-14 3.0559e-14 2.22928e-14 1.6261e-14 1.18601e-14 8.6494e-15 6.3073e-15 4.59898e-15 3.35305e-15 2.44444e-15 1.7819e-15 1.29882e-15
0.0107615 0.00945683 0.00811254 0.006833 0.00567273 0.00465466 0.00378241 0.00304854 0.00243988 0.00194089 0.00153574 0.00120944 0.00094846 0.000740988 0.000576922 0.000447788 0.000346572 0.000267536 0.000206028 0.000158309 0.000121392 9.29052e-05 7.0976e-05 5.41321e-05 4.12206e-05 3.13423e-05 2.37981e-05 1.80461e-05 1.36673e-05 1.03388e-05 7.81215e-06 5.89671e-06 4.44641e-06 3.34958e-06 2.52099e-06 1.8957e-06 1.42431e-06 1.06927e-06 8.02118e-07 6.01266e-07 4.50387e-07 3.37139e-07 2.522e-07 1.88542e-07 1.40866e-07 1.05184e-07 7.84958e-08 5.85472e-08 4.36451e-08 3.25195e-08 2.42179e-08 1.80269e-08 1.34124e-08 9.97459e-09 7.41472e-09 5.5095e-09 4.09214e-09 3.0382e-09 2.25484e-09 1.67283e-09 1.24059e-09 9.19709e-10 6.8159e-10 5.04952e-10 3.73968e-10 2.76873e-10 2.04924e-10 1.51625e-10 1.12156e-10 8.29373e-11 6.13132e-11 4.53147e-11 3.34818e-11 2.47322e-11 1.82645e-11 1.34848e-11 9.95345e-12 7.34514e-12 5.41907e-12 3.99715e-12 2.94767e-12 2.17327e-12 1.60197e-12 1.1806e-12 8.6989e-13 6.40823e-13 4.71982e-13 3.4756e-13 2.55889e-13 1.88362e-13 1.38629e-13 1.02009e-13 7.50495e-14 5.52054e-14 4.06015e-14 2.9856e-14 2.19508e-14 1.61361e-14 1.18599e-14 8.71553e-15 6.40386e-15
0.00777221 0.00743827 0.006833 0.00609693 0.00532245 0.00456744 0.00386567 0.00323449 0.00268035 0.00220284 0.00179742 0.00145738 0.00117507 0.000942716 0.000752901 0.000598852 0.000474551 0.000374769 0.00029504 0.0002316 0.000181313 0.00014159 0.000110312 8.57558e-05 6.65297e-05 5.15146e-05 3.9816e-05 3.07213e-05 2.36656e-05 1.82024e-05 1.398e-05 1.07221e-05 8.21265e-06 6.28258e-06 4.80033e-06 3.66357e-06 2.79293e-06 2.12696e-06 1.61815e-06 1.22987e-06 9.33882e-07 7.08495e-07 5.37041e-07 4.0674e-07 3.07807e-07 2.32758e-07 1.75876e-07 1.32799e-07 1.00203e-07 7.55567e-08 5.69354e-08 4.28763e-08 3.2269e-08 2.42715e-08 1.82456e-08 1.3708e-08 1.02933e-08 7.72518e-09 5.79479e-09 4.34461e-09 3.25576e-09 2.43865e-09 1.82577e-09 1.36631e-09 1.02203e-09 7.64171e-10 5.71134e-10 4.26688e-10 3.18648e-10 2.37873e-10 1.77507e-10 1.32411e-10 9.87368e-11 7.36005e-11 5.48446e-11 4.08546e-11 3.04233e-11 2.26481e-11 1.68547e-11 1.25394e-11 9.3261e-12 6.93421e-12 5.15428e-12 3.83016e-12 2.84541e-12 2.11327e-12 1.56909e-12 1.16474e-12 8.6437e-13 6.41298e-13 4.75679e-13 3.52746e-13 2.61521e-13 1.93843e-13 1.43647e-13 1.06425e-13 7.88302e-14 5.8378e-14 4.32228e-14 3.19953e-14 2.36794e-14
0.00561326 0.00581144 0.00567273 0.00532245 0.00485245 0.00432791 0.00379338 0.00327785 0.00279886 0.00236577 0.00198226 0.00164825 0.00136128 0.0011175 0.000912407 0.000741308 0.000599609 0.000483015 0.000387633 0.000310008 0.000247131 0.000196419 0.000155678 0.000123065 9.70466e-05 7.63529e-05 5.99415e-05 4.69613e-05 3.67206e-05 2.86603e-05 2.23302e-05 1.73694e-05 1.34893e-05 1.04602e-05 8.09961e-06 6.26312e-06 4.83664e-06 3.73034e-06 2.8736e-06 2.21105e-06 1.69936e-06 1.30468e-06 1.00063e-06 7.66668e-07 5.86844e-07 4.48781e-07 3.42891e-07 2.61758e-07 1.99655e-07 1.52162e-07 1.15875e-07 8.81745e-08 6.70463e-08 5.09442e-08 3.86823e-08 2.93519e-08 2.22574e-08 1.68669e-08 1.2774e-08 9.6684e-09 7.31354e-09 5.52907e-09 4.17768e-09 3.15487e-09 2.38121e-09 1.79634e-09 1.35445e-09 1.02075e-09 7.68904e-10 5.78921e-10 4.3568e-10 3.27734e-10 2.46425e-10 1.8521e-10 1.39143e-10 1.04491e-10 7.84377e-11 5.88572e-11 4.41477e-11 3.3102e-11 2.48108e-11 1.85896e-11 1.39234e-11 1.04249e-11 7.80279e-12 5.83826e-12 4.36693e-12 3.26535e-12 2.44088e-12 1.82402e-12 1.36264e-12 1.01766e-12 7.59802e-13 5.67117e-13 4.23177e-13 3.15684e-13 2.35431e-13 1.75533e-13 1.3084e-13 9.75017e-14 7.26394e-14
0.00405402 0.00451446 0.00465466 0.00456744 0.00432791 0.00399466 0.00361189 0.00321172 0.00281653 0.00244109 0.00209438 0.00178111 0.00150294 0.00125944 0.00104883 0.000868542 0.000715566 0.000586779 0.000479103 0.000389635 0.000315709 0.000254935 0.000205204 0.000164681 0.000131791 0.000105192 8.37534e-05 6.65276e-05 5.27276e-05 4.17023e-05 3.29165e-05 2.59323e-05 2.03931e-05 1.60094e-05 1.25473e-05 9.81834e-06 7.67133e-06 5.98513e-06 4.66308e-06 3.62821e-06 2.81938e-06 2.18816e-06 1.69624e-06 1.3134e-06 1.01584e-06 7.84853e-07 6.05764e-07 4.67074e-07 3.59789e-07 2.76887e-07 2.12895e-07 1.63548e-07 1.25533e-07 9.62739e-08 7.37755e-08 5.64906e-08 4.32227e-08 3.30467e-08 2.52483e-08 1.92768e-08 1.47076e-08 1.1214e-08 8.54477e-09 6.5068e-09 4.95186e-09 3.76626e-09 2.86285e-09 2.17491e-09 1.65136e-09 1.25316e-09 9.50474e-10 7.20526e-10 5.45932e-10 4.13441e-10 3.12951e-10 2.36774e-10 1.79057e-10 1.35347e-10 1.02262e-10 7.7231e-11 5.83019e-11 4.39938e-11 3.31835e-11 2.50195e-11 1.88566e-11 1.42063e-11 1.06988e-11 8.05425e-12 6.06118e-12 4.55967e-12 3.42892e-12 2.57769e-12 1.93712e-12 1.45525e-12 1.09289e-12 8.20493e-13 6.15795e-13 4.62022e-13 3.46542e-13 2.59847e-13 1.94784e-13
0.0029279 0.00348962 0.00378241 0.00386567 0.00379338 0.00361189 0.00335936 0.00306597 0.00275478 0.00244267 0.00214147 0.00185892 0.00159966 0.00136592 0.00115826 0.000976012 0.000817758 0.000681595 0.000565385 0.000466917 0.00038402 0.000314639 0.000256878 0.000209024 0.000169555 0.000137136 0.000110609 8.898e-05 7.1404e-05 5.71655e-05 4.56645e-05 3.64002e-05 2.89569e-05 2.29913e-05 1.82211e-05 1.44153e-05 1.13852e-05 8.97748e-06 7.06797e-06 5.55633e-06 4.36174e-06 3.41925e-06 2.67686e-06 2.09297e-06 1.63442e-06 1.27481e-06 9.93178e-07 7.729e-07 6.00828e-07 4.66577e-07 3.61956e-07 2.80518e-07 2.17197e-07 1.68013e-07 1.2985e-07 1.00269e-07 7.73601e-08 5.96364e-08 4.59364e-08 3.5356e-08 2.71919e-08 2.08974e-08 1.60485e-08 1.23159e-08 9.44503e-09 7.2385e-09 5.54382e-09 4.24319e-09 3.24568e-09 2.48115e-09 1.89558e-09 1.44737e-09 1.10451e-09 8.42396e-10 6.42136e-10 4.89223e-10 3.72528e-10 2.83524e-10 2.15677e-10 1.63985e-10 1.24622e-10 9.46633e-11 7.18733e-11 5.45453e-11 4.13765e-11 3.13734e-11 2.37784e-11 1.80145e-11 1.36422e-11 1.03269e-11 7.81414e-12 5.9105e-12 4.46891e-12 3.37765e-12 2.55192e-12 1.92736e-12 1.45513e-12 1.09822e-12 8.28562e-13 6.24905e-13 4.71148e-13
0.0021146 0.00268579 0.00304854 0.00323449 0.00327785 0.00321172 0.00306597 0.00286627 0.00263373 0.00238511 0.00213317 0.00188723 0.00165377 0.00143693 0.00123904 0.00106108 0.000903021 0.000764125 0.000643208 0.00053881 0.000449337 0.000373162 0.000308698 0.000254442 0.000209008 0.000171137 0.000139704 0.00011372 9.23178e-05 7.47519e-05 6.03811e-05 4.86601e-05 3.91279e-05 3.13967e-05 2.51424e-05 2.00952e-05 1.60317e-05 1.27672e-05 1.01502e-05 8.05644e-06 6.38457e-06 5.052e-06 3.99174e-06 3.14957e-06 2.48172e-06 1.95292e-06 1.53485e-06 1.20481e-06 9.44612e-07 7.39761e-07 5.78691e-07 4.52203e-07 3.52993e-07 2.75269e-07 2.14448e-07 1.66905e-07 1.29781e-07 1.00823e-07 7.82575e-08 6.06903e-08 4.70272e-08 3.64104e-08 2.81681e-08 2.17747e-08 1.68197e-08 1.29827e-08 1.00138e-08 7.71844e-09 5.94513e-09 4.57616e-09 3.52011e-09 2.70603e-09 2.07892e-09 1.59616e-09 1.22477e-09 9.39241e-10 7.19863e-10 5.51415e-10 4.2215e-10 3.23013e-10 2.47027e-10 1.88818e-10 1.44251e-10 1.10149e-10 8.40672e-11 6.41305e-11 4.88988e-11 3.72675e-11 2.839e-11 2.16175e-11 1.64534e-11 1.25176e-11 9.51916e-12 7.23598e-12 5.49818e-12 4.17605e-12 3.17059e-12 2.40629e-12 1.82552e-12 1.38441e-12 1.0495e-12
0.00152721 0.00205927 0.00243988 0.00268035 0.00279886 0.00281653 0.00275478 0.00263373 0.00247125 0.00228249 0.00207982 0.00187301 0.00166941 0.00147434 0.00129138 0.00112276 0.000969577 0.000832145 0.000710156 0.000602891 0.000509354 0.000428397 0.000358798 0.000299328 0.000248796 0.00020608 0.000170142 0.000140038 0.000114924 9.40535e-05 7.67708e-05 6.25072e-05 5.07724e-05 4.11469e-05 3.32738e-05 2.68512e-05 2.16251e-05 1.73829e-05 1.39473e-05 1.1171e-05 8.93217e-06 7.13036e-06 5.68307e-06 4.52267e-06 3.59393e-06 2.85187e-06 2.25993e-06 1.78849e-06 1.41358e-06 1.11587e-06 8.79807e-07 6.92872e-07 5.45038e-07 4.28276e-07 3.36168e-07 2.63596e-07 2.06482e-07 1.61585e-07 1.26329e-07 9.86737e-08 7.70029e-08 6.00384e-08 4.6771e-08 3.6405e-08 2.83132e-08 2.20024e-08 1.70849e-08 1.32563e-08 1.0278e-08 7.96309e-09 6.16516e-09 4.76986e-09 3.68783e-09 2.84936e-09 2.20009e-09 1.69768e-09 1.30919e-09 1.00898e-09 7.77142e-10 5.98225e-10 4.60234e-10 3.53873e-10 2.71942e-10 2.08867e-10 1.60336e-10 1.23017e-10 9.43357e-11 7.23051e-11 5.5392e-11 4.24145e-11 3.24619e-11 2.48331e-11 1.89884e-11 1.45127e-11 1.1087e-11 8.46624e-12 6.4622e-12 4.93045e-12 3.76021e-12 2.86655e-12 2.1844e-12
0.00110298 0.00157358 0.00194089 0.00220284 0.00236577 0.00244109 0.00244267 0.00238511 0.00228249 0.0021476 0.00199161 0.00182384 0.00165181 0.00148137 0.00131687 0.00116136 0.00101684 0.000884452 0.000764651 0.000657393 0.000562261 0.000478586 0.00040554 0.000342203 0.000287623 0.000240854 0.000200987 0.000167167 0.000138604 0.000114582 9.44574e-05 7.7659e-05 6.36855e-05 5.20993e-05 4.25219e-05 3.46279e-05 2.81393e-05 2.28199e-05 1.84697e-05 1.49206e-05 1.20316e-05 9.68509e-06 7.78306e-06 6.24441e-06 5.00209e-06 4.00085e-06 3.19534e-06 2.54839e-06 2.02964e-06 1.61434e-06 1.28236e-06 1.01738e-06 8.06175e-07 6.38064e-07 5.04431e-07 3.98342e-07 3.14226e-07 2.47611e-07 1.94918e-07 1.53286e-07 1.20429e-07 9.45255e-08 7.41251e-08 5.80752e-08 4.54605e-08 3.55554e-08 2.77852e-08 2.16953e-08 1.69267e-08 1.31959e-08 1.02795e-08 8.00173e-09 6.22412e-09 4.83794e-09 3.75786e-09 2.9169e-09 2.26262e-09 1.75395e-09 1.35876e-09 1.05195e-09 8.13912e-10 6.29356e-10 4.8636e-10 3.75634e-10 2.89951e-10 2.23686e-10 1.7247e-10 1.32909e-10 1.02368e-10 7.88034e-11 6.06324e-11 4.66278e-11 3.58402e-11 2.75349e-11 2.11441e-11 1.62289e-11 1.24506e-11 9.54757e-12 7.31814e-12 5.60683e-12 4.29383e-12
0.0007966 0.00119883 0.00153574 0.00179742 0.00198226 0.00209438 0.00214147 0.00213317 0.00207982 0.00199161 0.00187798 0.00174728 0.00160668 0.00146204 0.00131804 0.00117823 0.00104521 0.000920737 0.000805887 0.000701192 0.000606756 0.000522365 0.000447574 0.000381788 0.000324313 0.00027441 0.000231327 0.000194327 0.000162705 0.000135801 0.000113009 9.37745e-05 7.76037e-05 6.40558e-05 5.27426e-05 4.3325e-05 3.55086e-05 2.90392e-05 2.3699e-05 1.93021e-05 1.56907e-05 1.27313e-05 1.03117e-05 8.33745e-06 6.72998e-06 5.4237e-06 4.36416e-06 3.50632e-06 2.813e-06 2.25358e-06 1.80295e-06 1.44051e-06 1.14945e-06 9.16047e-07 7.29152e-07 5.79703e-07 4.60356e-07 3.6517e-07 2.89351e-07 2.2903e-07 1.81098e-07 1.43052e-07 1.12889e-07 8.90003e-08 7.01012e-08 5.51649e-08 4.33725e-08 3.40712e-08 2.67418e-08 2.09717e-08 1.64332e-08 1.28667e-08 1.00664e-08 7.86957e-09 6.14757e-09 4.79888e-09 3.74339e-09 2.91801e-09 2.27306e-09 1.76947e-09 1.37654e-09 1.07017e-09 8.31462e-10 6.45598e-10 5.00975e-10 3.88517e-10 3.01127e-10 2.33258e-10 1.80584e-10 1.39727e-10 1.08054e-10 8.3516e-11 6.45162e-11 4.9813e-11 3.84409e-11 2.96502e-11 2.28584e-11 1.76139e-11 1.35661e-11 1.04436e-11 8.03612e-12
0.000575322 0.000910851 0.00120944 0.00145738 0.00164825 0.00178111 0.00185892 0.00188723 0.00187301 0.00182384 0.00174728 0.00165045 0.00153975 0.00142073 0.00129804 0.00117543 0.00105583 0.000941419 0.00083373 0.000733756 0.00064204 0.000558771 0.000483866 0.000417038 0.00035786 0.000305809 0.00026031 0.000220764 0.000186573 0.000157156 0.000131961 0.000110474 9.22213e-05 7.67752e-05 6.37498e-05 5.28025e-05 4.36308e-05 3.59697e-05 2.95886e-05 2.42881e-05 1.98967e-05 1.62673e-05 1.32749e-05 1.08132e-05 8.79252e-06 7.13732e-06 5.78419e-06 4.68015e-06 3.78101e-06 3.05006e-06 2.45686e-06 1.97626e-06 1.58751e-06 1.27354e-06 1.02036e-06 8.1649e-07 6.5256e-07 5.20927e-07 4.15369e-07 3.30829e-07 2.63209e-07 2.09187e-07 1.6608e-07 1.31723e-07 1.0437e-07 8.26171e-08 6.53366e-08 5.1623e-08 4.07511e-08 3.21406e-08 2.53277e-08 1.99421e-08 1.56888e-08 1.23328e-08 9.68696e-09 7.60291e-09 5.96271e-09 4.67289e-09 3.65942e-09 2.86372e-09 2.23947e-09 1.7501e-09 1.36675e-09 1.06667e-09 8.31937e-10 6.48448e-10 5.05114e-10 3.93222e-10 3.05932e-10 2.3788e-10 1.84857e-10 1.43572e-10 1.11445e-10 8.64589e-11 6.70386e-11 5.19528e-11 4.02408e-11 3.1153e-11 2.41053e-11 1.86428e-11 1.4411e-11
0.000415511 0.000690359 0.00094846 0.00117507 0.00136128 0.00150294 0.00159966 0.00165377 0.00166941 0.00165181 0.00160668 0.00153975 0.0014565 0.0013619 0.00126032 0.00115547 0.00105038 0.000947482 0.0008486 0.000755065 0.000667768 0.000587236 0.000513703 0.000447168 0.000387454 0.000334258 0.000287186 0.000245789 0.000209589 0.000178101 0.000150844 0.000127358 0.000107206 8.99855e-05 7.53248e-05 6.28879e-05 5.23729e-05 4.35114e-05 3.60658e-05 2.9828e-05 2.46164e-05 2.02737e-05 1.6664e-05 1.36708e-05 1.11946e-05 9.15049e-06 7.46677e-06 6.08268e-06 4.94716e-06 4.01731e-06 3.25728e-06 2.63715e-06 2.13203e-06 1.72127e-06 1.38777e-06 1.11742e-06 8.98591e-07 7.21717e-07 5.78958e-07 4.63891e-07 3.71266e-07 2.96804e-07 2.37017e-07 1.89072e-07 1.50669e-07 1.19945e-07 9.53911e-08 7.57904e-08 6.01603e-08 4.77094e-08 3.78012e-08 2.99242e-08 2.36681e-08 1.87041e-08 1.4769e-08 1.16523e-08 9.18604e-09 7.23612e-09 5.69575e-09 4.47993e-09 3.52105e-09 2.76542e-09 2.17042e-09 1.70225e-09 1.33417e-09 1.04497e-09 8.1793e-10 6.39804e-10 5.00154e-10 3.90742e-10 3.05079e-10 2.38053e-10 1.85643e-10 1.44688e-10 1.12704e-10 8.77405e-11 6.82689e-11 5.30897e-11 4.12634e-11 3.20548e-11 2.48883e-11
0.000300091 0.000522081 0.000740988 0.000942716 0.0011175 0.00125944 0.00136592 0.00143693 0.00147434 0.00148137 0.00146204 0.00142073 0.0013619 0.00128981 0.00120837 0.00112107 0.00103089 0.000940318 0.000851345 0.000765522 0.000683991 0.000607546 0.000536681 0.000471647 0.000412495 0.000359126 0.000311325 0.000268797 0.000231191 0.000198125 0.000169202 0.000144028 0.000122216 0.000103398 8.72273e-05 7.33847e-05 6.15774e-05 5.154e-05 4.30348e-05 3.58498e-05 2.97978e-05 2.47142e-05 2.04554e-05 1.68967e-05 1.39302e-05 1.1463e-05 9.41586e-06 7.72078e-06 6.32015e-06 5.16514e-06 4.21451e-06 3.43354e-06 2.7931e-06 2.26882e-06 1.84035e-06 1.49075e-06 1.20595e-06 9.74291e-07 7.86138e-07 6.33539e-07 5.09948e-07 4.09987e-07 3.29245e-07 2.64109e-07 2.11629e-07 1.69397e-07 1.35453e-07 1.082e-07 8.63455e-08 6.88383e-08 5.48289e-08 4.36302e-08 3.46873e-08 2.7553e-08 2.18671e-08 1.73397e-08 1.37383e-08 1.0876e-08 8.60312e-09 6.79991e-09 5.37052e-09 4.2384e-09 3.34246e-09 2.634e-09 2.07422e-09 1.63226e-09 1.28359e-09 1.00872e-09 7.92184e-10 6.21726e-10 4.87634e-10 3.82222e-10 2.99412e-10 2.34401e-10 1.83396e-10 1.43405e-10 1.12069e-10 8.75314e-11 6.83278e-11 5.33079e-11 4.15671e-11
0.000216732 0.000394022 0.000576922 0.000752901 0.000912407 0.00104883 0.00115826 0.00123904 0.00129138 0.00131687 0.00131804 0.00129804 0.00126032 0.00120837 0.00114557 0.00107503 0.000999563 0.000921582 0.000843128 0.000765862 0.00069109 0.000619796 0.000552679 0.000490193 0.00043259 0.000379953 0.000332236 0.000289289 0.000250891 0.000216768 0.000186613 0.000160105 0.000136914 0.000116719 9.92067e-05 8.4082e-05 7.1069e-05 5.99128e-05 5.0381e-05 4.22633e-05 3.53712e-05 2.95368e-05 2.46115e-05 2.04648e-05 1.69826e-05 1.40655e-05 1.16276e-05 9.59471e-06 7.90332e-06 6.49898e-06 5.33534e-06 4.37301e-06 3.57867e-06 2.92418e-06 2.38588e-06 1.94388e-06 1.58157e-06 1.28504e-06 1.04273e-06 8.45025e-07 6.83948e-07 5.529e-07 4.46429e-07 3.60043e-07 2.90043e-07 2.33395e-07 1.87607e-07 1.50643e-07 1.20837e-07 9.68304e-08 7.75167e-08 6.19954e-08 4.9535e-08 3.95425e-08 3.15371e-08 2.51301e-08 2.00073e-08 1.59152e-08 1.26495e-08 1.00457e-08 7.97148e-09 6.32055e-09 5.00766e-09 3.96448e-09 3.13627e-09 2.47927e-09 1.9585e-09 1.54602e-09 1.21957e-09 9.61401e-10 7.57376e-10 5.96256e-10 4.69109e-10 3.68841e-10 2.89824e-10 2.27594e-10 1.78619e-10 1.40099e-10 1.09821e-10 8.6038e-11 6.7367e-11
0.000156529 0.000296823 0.000447788 0.000598852 0.000741308 0.000868542 0.000976012 0.00106108 0.00112276 0.00116136 0.00117823 0.00117543 0.00115547 0.00112107 0.00107503 0.00102005 0.000958636 0.000893063 0.00082531 0.000757061 0.000689703 0.00062434 0.000561817 0.000502747 0.000447544 0.00039645 0.000349566 0.000306881 0.000268294 0.000233639 0.000202702 0.000175238 0.000150982 0.000129664 0.000111012 9.47629e-05 8.06629e-05 6.84744e-05 5.7976e-05 4.89641e-05 4.12532e-05 3.46758e-05 2.90818e-05 2.43374e-05 2.03245e-05 1.6939e-05 1.40899e-05 1.16979e-05 9.69414e-06 8.01939e-06 6.62256e-06 5.45991e-06 4.49408e-06 3.69328e-06 3.03054e-06 2.48302e-06 2.03148e-06 1.65972e-06 1.35413e-06 1.10333e-06 8.9781e-07 7.29647e-07 5.92248e-07 4.80142e-07 3.88798e-07 3.14469e-07 2.54064e-07 2.05037e-07 1.65293e-07 1.33113e-07 1.07088e-07 8.60645e-08 6.91005e-08 5.54268e-08 4.4417e-08 3.55613e-08 2.84455e-08 2.27334e-08 1.81525e-08 1.44824e-08 1.15447e-08 9.19532e-09 7.31817e-09 5.81964e-09 4.62437e-09 3.6718e-09 2.91328e-09 2.30976e-09 1.82994e-09 1.44878e-09 1.14621e-09 9.06209e-10 7.15981e-10 5.65311e-10 4.46058e-10 3.51737e-10 2.77186e-10 2.18301e-10 1.71821e-10 1.35156e-10 1.06252e-10
0.000113049 0.000223221 0.000346572 0.000474551 0.000599609 0.000715566 0.000817758 0.000903021 0.000969577 0.00101684 0.00104521 0.00105583 0.00105038 0.00103089 0.000999563 0.000958636 0.000910297 0.000856588 0.000799362 0.000740251 0.000680654 0.000621731 0.000564419 0.000509444 0.000457342 0.000408486 0.000363102 0.000321302 0.000283096 0.000248421 0.000217151 0.00018912 0.00016413 0.000141967 0.000122404 0.000105213 9.01719e-05 7.70635e-05 6.56828e-05 5.58373e-05 4.73489e-05 4.00542e-05 3.38046e-05 2.84663e-05 2.3919e-05 2.00562e-05 1.67831e-05 1.40167e-05 1.16841e-05 9.72179e-06 8.07463e-06 6.69495e-06 5.54169e-06 4.57961e-06 3.77856e-06 3.11283e-06 2.56054e-06 2.10317e-06 1.72504e-06 1.41294e-06 1.15574e-06 9.44121e-07 7.70258e-07 6.27627e-07 5.10782e-07 4.15194e-07 3.37101e-07 2.73385e-07 2.21465e-07 1.7921e-07 1.44863e-07 1.16977e-07 9.43629e-08 7.60445e-08 6.12223e-08 4.9242e-08 3.95689e-08 3.17668e-08 2.54801e-08 2.04195e-08 1.63498e-08 1.30801e-08 1.04556e-08 8.35081e-09 6.66439e-09 5.31435e-09 4.23451e-09 3.37152e-09 2.6824e-09 2.13256e-09 1.69421e-09 1.34501e-09 1.06703e-09 8.45931e-10 6.70191e-10 5.30608e-10 4.19822e-10 3.31954e-10 2.62311e-10 2.0715e-10 1.63488e-10
8.16463e-05 0.000167606 0.000267536 0.000374769 0.000483015 0.000586779 0.000681595 0.000764125 0.000832145 0.000884452 0.000920737 0.000941419 0.000947482 0.000940318 0.000921582 0.000893063 0.000856588 0.000813936 0.000766781 0.000716648 0.00066489 0.00061267 0.000560968 0.000510577 0.000462123 0.000416074 0.000372762 0.000332398 0.000295094 0.000260877 0.000229708 0.000201495 0.000176108 0.000153387 0.000133157 0.000115229 9.94132e-05 8.55186e-05 7.33606e-05 6.27621e-05 5.3556e-05 4.55865e-05 3.87098e-05 3.27943e-05 2.77207e-05 2.33813e-05 1.968e-05 1.65311e-05 1.38588e-05 1.15964e-05 9.68551e-06 8.07502e-06 6.72063e-06 5.58398e-06 4.63197e-06 3.83614e-06 3.17213e-06 2.61909e-06 2.1593e-06 1.77767e-06 1.46145e-06 1.19985e-06 9.83768e-07 8.05557e-07 6.58795e-07 5.38106e-07 4.38997e-07 3.57721e-07 2.91156e-07 2.36711e-07 1.92235e-07 1.55948e-07 1.26376e-07 1.02307e-07 8.2738e-08 6.68459e-08 5.39538e-08 4.35068e-08 3.50499e-08 2.82111e-08 2.26862e-08 1.82273e-08 1.46322e-08 1.17362e-08 9.40555e-09 7.53159e-09 6.02616e-09 4.81784e-09 3.84883e-09 3.07238e-09 2.45073e-09 1.95343e-09 1.55592e-09 1.23841e-09 9.85015e-10 7.82927e-10 6.21879e-10 4.9363e-10 3.91574e-10 3.10417e-10 2.45924e-10
5.89667e-05 0.000125664 0.000206028 0.00029504 0.000387633 0.000479103 0.000565385 0.000643208 0.000710156 0.000764651 0.000805887 0.00083373 0.0008486 0.000851345 0.000843128 0.00082531 0.000799362 0.000766781 0.000729031 0.00068749 0.000643423 0.000597954 0.000552061 0.000506568 0.000462153 0.000419353 0.000378577 0.000340119 0.000304175 0.000270852 0.000240188 0.000212161 0.000186706 0.00016372 0.000143074 0.000124624 0.000108214 9.36837e-05 8.08704e-05 6.96163e-05 5.97687e-05 5.11822e-05 4.37208e-05 3.7258e-05 3.16772e-05 2.68722e-05 2.2747e-05 1.92148e-05 1.61983e-05 1.36286e-05 1.14447e-05 9.59309e-06 8.02663e-06 6.70428e-06 5.59032e-06 4.65378e-06 3.86795e-06 3.2098e-06 2.65961e-06 2.20046e-06 1.81797e-06 1.49985e-06 1.2357e-06 1.01671e-06 8.35445e-07 6.85619e-07 5.61963e-07 4.60049e-07 3.7617e-07 3.07226e-07 2.50634e-07 2.04238e-07 1.6625e-07 1.35183e-07 1.09807e-07 8.9103e-08 7.22304e-08 5.84954e-08 4.73265e-08 3.8254e-08 3.08921e-08 2.49244e-08 2.00915e-08 1.61816e-08 1.30214e-08 1.04695e-08 8.41079e-09 6.75139e-09 5.41505e-09 4.33981e-09 3.47539e-09 2.78104e-09 2.22375e-09 1.77683e-09 1.41871e-09 1.13197e-09 9.02545e-10 7.19128e-10 5.72598e-10 4.55621e-10 3.62304e-10
4.25871e-05 9.40906e-05 0.000158309 0.0002316 0.000310008 0.000389635 0.000466917 0.00053881 0.000602891 0.000657393 0.000701192 0.000733756 0.000755065 0.000765522 0.000765862 0.000757061 0.000740251 0.000716648 0.00068749 0.000653987 0.000617283 0.000578431 0.000538372 0.000497929 0.0004578 0.000418563 0.000380681 0.000344511 0.000310314 0.000278266 0.000248472 0.000220974 0.000195765 0.000172795 0.000151986 0.000133234 0.000116419 0.000101413 8.80792e-05 7.62803e-05 6.58807e-05 5.67485e-05 4.87576e-05 4.17888e-05 3.5731e-05 3.04811e-05 2.59449e-05 2.20363e-05 1.86775e-05 1.57987e-05 1.33375e-05 1.12383e-05 9.45206e-06 7.93547e-06 6.65063e-06 5.56437e-06 4.64787e-06 3.8761e-06 3.22743e-06 2.68322e-06 2.22748e-06 1.84646e-06 1.52846e-06 1.26349e-06 1.04305e-06 8.59937e-07 7.08062e-07 5.8228e-07 4.78256e-07 3.92346e-07 3.2149e-07 2.63129e-07 2.15121e-07 1.75678e-07 1.43313e-07 1.16788e-07 9.50734e-08 7.73182e-08 6.28164e-08 5.09849e-08 4.13423e-08 3.34921e-08 2.71076e-08 2.19203e-08 1.771e-08 1.42959e-08 1.15302e-08 9.2917e-09 7.48163e-09 6.0193e-09 4.83893e-09 3.88699e-09 3.11992e-09 2.50233e-09 2.0055e-09 1.60614e-09 1.28538e-09 1.02795e-09 8.215e-10 6.56064e-10 5.2359e-10
3.07573e-05 7.03617e-05 0.000121392 0.000181313 0.000247131 0.000315709 0.00038402 0.000449337 0.000509354 0.000562261 0.000606756 0.00064204 0.000667768 0.000683991 0.00069109 0.000689703 0.000680654 0.00066489 0.000643423 0.000617283 0.000587477 0.000554961 0.000520615 0.000485231 0.000449503 0.000414025 0.000379291 0.0003457 0.000313564 0.000283113 0.000254508 0.000227846 0.000203171 0.000180485 0.000159755 0.000140918 0.000123891 0.000108576 9.48638e-05 8.26406e-05 7.17892e-05 6.21933e-05 5.37388e-05 4.63162e-05 3.98213e-05 3.41564e-05 2.92304e-05 2.49596e-05 2.12671e-05 1.80833e-05 1.53452e-05 1.29963e-05 1.0986e-05 9.26959e-06 7.80734e-06 6.5643e-06 5.50982e-06 4.6171e-06 3.86282e-06 3.2267e-06 2.69122e-06 2.24127e-06 1.86384e-06 1.54778e-06 1.28353e-06 1.06296e-06 8.79139e-07 7.26167e-07 5.99056e-07 4.93587e-07 4.06196e-07 3.33884e-07 2.74128e-07 2.24813e-07 1.84165e-07 1.50703e-07 1.2319e-07 1.00595e-07 8.20607e-08 6.68741e-08 5.44445e-08 4.42824e-08 3.59831e-08 2.9212e-08 2.36935e-08 1.92003e-08 1.55456e-08 1.25756e-08 1.01644e-08 8.20873e-09 6.62388e-09 5.34071e-09 4.30271e-09 3.46375e-09 2.78624e-09 2.23957e-09 1.79882e-09 1.44375e-09 1.15794e-09 9.28055e-10 7.43291e-10
2.22136e-05 5.25555e-05 9.29052e-05 0.00014159 0.000196419 0.000254935 0.000314639 0.000373162 0.000428397 0.000478586 0.000522365 0.000558771 0.000587236 0.000607546 0.000619796 0.00062434 0.000621731 0.00061267 0.000597954 0.000578431 0.000554961 0.000528389 0.000499515 0.00046908 0.000437752 0.000406119 0.000374687 0.000343881 0.000314044 0.00028545 0.0002583 0.00023274 0.000208859 0.000186703 0.00016628 0.000147567 0.000130516 0.000115058 0.000101115 8.85931e-05 7.73976e-05 6.74281e-05 5.85849e-05 5.07692e-05 4.3886e-05 3.7844e-05 3.25573e-05 2.79456e-05 2.39344e-05 2.04553e-05 1.74458e-05 1.48493e-05 1.26146e-05 1.06959e-05 9.05238e-06 7.64771e-06 6.44976e-06 5.43025e-06 4.56435e-06 3.83037e-06 3.20938e-06 2.68496e-06 2.24288e-06 1.87087e-06 1.55835e-06 1.29623e-06 1.07674e-06 8.93232e-07 7.40041e-07 6.12347e-07 5.06059e-07 4.17714e-07 3.44382e-07 2.83595e-07 2.33272e-07 1.91664e-07 1.57307e-07 1.2897e-07 1.05626e-07 8.64192e-08 7.06333e-08 5.76739e-08 4.70464e-08 3.83407e-08 3.12167e-08 2.5393e-08 2.06371e-08 1.67571e-08 1.35947e-08 1.10197e-08 8.9249e-09 7.22234e-09 5.83981e-09 4.71815e-09 3.80893e-09 3.07255e-09 2.47664e-09 1.99481e-09 1.60553e-09 1.29128e-09 1.0378e-09
1.60432e-05 3.92124e-05 7.0976e-05 0.000110312 0.000155678 0.000205204 0.000256878 0.000308698 0.000358798 0.00040554 0.000447574 0.000483866 0.000513703 0.000536681 0.000552679 0.000561817 0.000564419 0.000560968 0.000552061 0.000538372 0.000520615 0.000499515 0.000475781 0.000450087 0.000423059 0.000395263 0.000367199 0.000339299 0.000311929 0.000285385 0.000259906 0.00023567 0.000212807 0.0001914 0.000171494 0.0001531 0.000136203 0.000120767 0.000106737 9.40458e-05 8.26177e-05 7.23707e-05 6.32198e-05 5.5079e-05 4.78631e-05 4.14893e-05 3.58778e-05 3.0953e-05 2.66441e-05 2.28849e-05 1.96145e-05 1.67769e-05 1.43211e-05 1.22011e-05 1.03753e-05 8.80659e-06 7.46171e-06 6.31123e-06 5.32911e-06 4.49241e-06 3.78099e-06 3.17725e-06 2.66583e-06 2.23339e-06 1.86838e-06 1.5608e-06 1.30205e-06 1.08471e-06 9.02458e-07 7.4985e-07 6.22258e-07 5.15734e-07 4.26927e-07 3.52991e-07 2.91518e-07 2.40476e-07 1.98149e-07 1.63093e-07 1.34094e-07 1.10135e-07 9.03638e-08 7.40662e-08 6.06475e-08 4.96113e-08 4.05444e-08 3.31034e-08 2.70029e-08 2.20066e-08 1.79187e-08 1.45774e-08 1.18489e-08 9.62291e-09 7.80858e-09 6.33113e-09 5.12908e-09 4.15195e-09 3.35835e-09 2.71434e-09 2.19217e-09 1.76913e-09 1.42668e-09
1.15867e-05 2.9227e-05 5.41321e-05 8.57558e-05 0.000123065 0.000164681 0.000209024 0.000254442 0.000299328 0.000342203 0.000381788 0.000417038 0.000447168 0.000471647 0.000490193 0.000502747 0.000509444 0.000510577 0.000506568 0.000497929 0.000485231 0.00046908 0.000450087 0.000428851 0.000405944 0.000381895 0.000357185 0.000332241 0.000307434 0.000283077 0.000259428 0.000236695 0.000215036 0.000194566 0.000175361 0.000157464 0.00014089 0.00012563 0.000111654 9.89205e-05 8.73725e-05 7.69465e-05 6.75734e-05 5.91803e-05 5.16932e-05 4.50385e-05 3.91438e-05 3.39396e-05 2.93594e-05 2.53405e-05 2.18243e-05 1.87564e-05 1.60868e-05 1.37697e-05 1.17636e-05 1.0031e-05 8.53787e-06 7.25409e-06 6.15266e-06 5.20967e-06 4.40394e-06 3.71685e-06 3.13205e-06 2.63523e-06 2.21391e-06 1.85724e-06 1.55582e-06 1.3015e-06 1.08727e-06 9.07099e-07 7.55798e-07 6.28932e-07 5.22709e-07 4.33896e-07 3.59743e-07 2.97914e-07 2.46428e-07 2.03611e-07 1.68047e-07 1.38546e-07 1.14102e-07 9.38734e-08 7.7152e-08 6.33456e-08 5.19587e-08 4.25774e-08 3.48569e-08 2.85097e-08 2.32969e-08 1.90201e-08 1.55147e-08 1.26443e-08 1.02961e-08 8.37699e-09 6.80993e-09 5.5315e-09 4.48947e-09 3.64087e-09 2.95038e-09 2.38901e-09 1.933e-09
8.3682e-06 2.17634e-05 4.12206e-05 6.65297e-05 9.70466e-05 0.000131791 0.000169555 0.000209008 0.000248796 0.000287623 0.000324313 0.00035786 0.000387454 0.000412495 0.00043259 0.000447544 0.000457342 0.000462123 0.000462153 0.0004578 0.000449503 0.000437752 0.000423059 0.000405944 0.000386915 0.000366457 0.00034502 0.000323015 0.000300807 0.000278713 0.000257006 0.000235908 0.0002156 0.000196223 0.000177878 0.000160635 0.000144536 0.000129595 0.000115808 0.000103154 9.1597e-05 8.1091e-05 7.15827e-05 6.30132e-05 5.53202e-05 4.844e-05 4.23087e-05 3.68634e-05 3.20431e-05 2.77893e-05 2.40468e-05 2.07634e-05 1.78909e-05 1.53844e-05 1.3203e-05 1.13091e-05 9.66875e-06 8.25129e-06 7.02915e-06 5.97769e-06 5.07495e-06 4.30147e-06 3.64004e-06 3.0755e-06 2.59455e-06 2.18554e-06 1.83833e-06 1.54408e-06 1.29513e-06 1.08483e-06 9.07475e-07 7.58124e-07 6.32545e-07 5.27108e-07 4.38709e-07 3.64697e-07 3.02816e-07 2.51145e-07 2.08055e-07 1.72168e-07 1.42317e-07 1.17515e-07 9.69349e-08 7.98766e-08 6.57538e-08 5.40745e-08 4.44265e-08 3.6465e-08 2.99022e-08 2.44979e-08 2.00522e-08 1.63986e-08 1.3399e-08 1.09386e-08 8.92246e-09 7.27184e-09 5.92171e-09 4.81836e-09 3.91747e-09 3.18253e-09 2.58348e-09
6.0437e-06 1.6191e-05 3.13423e-05 5.15146e-05 7.63529e-05 0.000105192 0.000137136 0.000171137 0.00020608 0.000240854 0.00027441 0.000305809 0.000334258 0.000359126 0.000379953 0.00039645 0.000408486 0.000416074 0.000419353 0.000418563 0.000414025 0.000406119 0.000395263 0.000381895 0.000366457 0.000349382 0.000331082 0.000311943 0.000292315 0.000272511 0.000252806 0.000233433 0.000214587 0.000196425 0.000179072 0.000162617 0.000147125 0.000132633 0.000119158 0.000106699 9.52395e-05 8.47503e-05 7.51937e-05 6.65247e-05 5.86932e-05 5.16458e-05 4.53278e-05 3.96835e-05 3.46583e-05 3.01986e-05 2.6253e-05 2.27728e-05 1.97116e-05 1.70265e-05 1.46775e-05 1.26277e-05 1.08434e-05 9.29391e-06 7.9514e-06 6.79081e-06 5.78964e-06 4.92778e-06 4.18736e-06 3.5525e-06 3.00919e-06 2.54509e-06 2.14937e-06 1.81253e-06 1.5263e-06 1.28349e-06 1.07783e-06 9.03922e-07 7.57086e-07 6.33292e-07 5.29077e-07 4.41471e-07 3.67928e-07 3.06276e-07 2.5466e-07 2.11503e-07 1.75465e-07 1.45409e-07 1.20373e-07 9.95424e-08 8.22319e-08 6.7863e-08 5.59492e-08 4.60819e-08 3.79184e-08 3.11717e-08 2.56016e-08 2.10077e-08 1.72227e-08 1.41072e-08 1.15452e-08 9.44048e-09 7.71296e-09 6.29635e-09 5.13575e-09 4.18572e-09 3.40875e-09
4.3649e-06 1.20352e-05 2.37981e-05 3.9816e-05 5.99415e-05 8.37534e-05 0.000110609 0.000139704 0.000170142 0.000200987 0.000231327 0.00026031 0.000287186 0.000311325 0.000332236 0.000349566 0.000363102 0.000372762 0.000378577 0.000380681 0.000379291 0.000374687 0.000367199 0.000357185 0.00034502 0.000331082 0.000315741 0.000299349 0.000282235 0.000264702 0.000247017 0.000229418 0.000212106 0.000195251 0.000178992 0.000163435 0.000148664 0.000134735 0.000121683 0.000109525 9.82622e-05 8.78821e-05 7.83617e-05 6.96693e-05 6.17672e-05 5.46126e-05 4.81599e-05 4.23616e-05 3.71696e-05 3.25361e-05 2.84142e-05 2.47587e-05 2.15264e-05 1.86764e-05 1.61703e-05 1.39724e-05 1.20497e-05 1.03718e-05 8.91105e-06 7.64223e-06 6.54255e-06 5.59151e-06 4.77072e-06 4.06378e-06 3.45607e-06 2.93467e-06 2.48814e-06 2.10642e-06 1.78067e-06 1.50316e-06 1.26713e-06 1.06671e-06 8.96791e-07 7.52957e-07 6.31385e-07 5.28779e-07 4.42305e-07 3.69527e-07 3.0836e-07 2.57021e-07 2.13986e-07 1.77958e-07 1.47835e-07 1.22679e-07 1.01696e-07 8.42155e-08 6.96686e-08 5.7577e-08 4.75373e-08 3.92104e-08 3.23115e-08 2.66016e-08 2.18807e-08 1.79814e-08 1.47639e-08 1.21115e-08 9.92713e-09 8.12985e-09 6.65243e-09 5.43904e-09 4.44339e-09
3.15242e-06 8.93881e-06 1.80461e-05 3.07213e-05 4.69613e-05 6.65276e-05 8.898e-05 0.00011372 0.000140038 0.000167167 0.000194327 0.000220764 0.000245789 0.000268797 0.000289289 0.000306881 0.000321302 0.000332398 0.000340119 0.000344511 0.0003457 0.000343881 0.000339299 0.000332241 0.000323015 0.000311943 0.000299349 0.000285549 0.000270847 0.000255524 0.00023984 0.000224027 0.000208288 0.0001928 0.000177709 0.000163138 0.00014918 0.00013591 0.000123377 0.000111615 0.000100641 9.0456e-05 8.1052e-05 7.24102e-05 6.45044e-05 5.73025e-05 5.07683e-05 4.48625e-05 3.9544e-05 3.47712e-05 3.05021e-05 2.66958e-05 2.33125e-05 2.03139e-05 1.76637e-05 1.53279e-05 1.32745e-05 1.14738e-05 9.89875e-06 8.52417e-06 7.3273e-06 6.28747e-06 5.38599e-06 4.60609e-06 3.93271e-06 3.35244e-06 2.85335e-06 2.42488e-06 2.0577e-06 1.74358e-06 1.47532e-06 1.2466e-06 1.0519e-06 8.86434e-07 7.4602e-07 6.27047e-07 5.26387e-07 4.41343e-07 3.69595e-07 3.09145e-07 2.58282e-07 2.15543e-07 1.79675e-07 1.49613e-07 1.24446e-07 1.03403e-07 8.58298e-08 7.11704e-08 5.89557e-08 4.87893e-08 4.0337e-08 3.33172e-08 2.74934e-08 2.26667e-08 1.86705e-08 1.53651e-08 1.26339e-08 1.03791e-08 8.51957e-09 6.98734e-09 5.72596e-09
2.27675e-06 6.63401e-06 1.36673e-05 2.36656e-05 3.67206e-05 5.27276e-05 7.1404e-05 9.23178e-05 0.000114924 0.000138604 0.000162705 0.000186573 0.000209589 0.000231191 0.000250891 0.000268294 0.000283096 0.000295094 0.000304175 0.000310314 0.000313564 0.000314044 0.000311929 0.000307434 0.000300807 0.000292315 0.000282235 0.000270847 0.000258421 0.000245218 0.000231482 0.000217434 0.000203277 0.000189185 0.000175313 0.000161788 0.000148717 0.000136184 0.000124252 0.000112969 0.000102364 9.24534e-05 8.32405e-05 7.47191e-05 6.6874e-05 5.96836e-05 5.31208e-05 4.71546e-05 4.17512e-05 3.68752e-05 3.24901e-05 2.85596e-05 2.50476e-05 2.1919e-05 1.914e-05 1.66785e-05 1.45041e-05 1.25882e-05 1.09044e-05 9.42805e-06 8.1367e-06 7.0097e-06 6.0283e-06 5.17549e-06 4.43596e-06 3.79595e-06 3.24313e-06 2.76654e-06 2.35642e-06 2.00412e-06 1.70203e-06 1.44343e-06 1.22242e-06 1.03385e-06 8.73202e-07 7.36557e-07 6.20501e-07 5.22078e-07 4.38728e-07 3.6824e-07 3.08713e-07 2.58508e-07 2.16222e-07 1.80651e-07 1.50767e-07 1.2569e-07 1.04674e-07 8.70815e-08 7.23716e-08 6.00863e-08 4.98372e-08 4.12962e-08 3.41863e-08 2.8274e-08 2.33626e-08 1.92868e-08 1.59079e-08 1.31094e-08 1.07938e-08 8.87969e-09 7.29888e-09
1.64432e-06 4.91993e-06 1.03388e-05 1.82024e-05 2.86603e-05 4.17023e-05 5.71655e-05 7.47519e-05 9.40535e-05 0.000114582 0.000135801 0.000157156 0.000178101 0.000198125 0.000216768 0.000233639 0.000248421 0.000260877 0.000270852 0.000278266 0.000283113 0.00028545 0.000285385 0.000283077 0.000278713 0.000272511 0.000264702 0.000255524 0.000245218 0.000234019 0.00022215 0.000209821 0.000197225 0.000184535 0.000171904 0.000159466 0.000147333 0.000135597 0.000124333 0.000113598 0.000103434 9.38669e-05 8.49131e-05 7.65767e-05 6.88533e-05 6.17307e-05 5.51909e-05 4.9211e-05 4.37644e-05 3.88222e-05 3.43536e-05 3.0327e-05 2.67103e-05 2.34721e-05 2.05815e-05 1.80084e-05 1.57245e-05 1.37025e-05 1.19172e-05 1.03446e-05 8.96288e-06 7.75157e-06 6.69208e-06 5.76741e-06 4.9621e-06 4.2622e-06 3.65511e-06 3.12956e-06 2.67544e-06 2.28377e-06 1.94657e-06 1.65676e-06 1.4081e-06 1.19511e-06 1.01296e-06 8.57438e-07 7.24846e-07 6.11976e-07 5.16035e-07 4.34602e-07 3.65579e-07 3.07155e-07 2.57768e-07 2.16077e-07 1.80926e-07 1.51327e-07 1.26434e-07 1.05524e-07 8.79809e-08 7.32791e-08 6.09726e-08 5.06827e-08 4.20885e-08 3.49181e-08 2.89421e-08 2.39666e-08 1.98284e-08 1.639e-08 1.35359e-08 1.11691e-08 9.20826e-09
1.18756e-06 3.64624e-06 7.81215e-06 1.398e-05 2.23302e-05 3.29165e-05 4.56645e-05 6.03811e-05 7.67708e-05 9.44574e-05 0.000113009 0.000131961 0.000150844 0.000169202 0.000186613 0.000202702 0.000217151 0.000229708 0.000240188 0.000248472 0.000254508 0.0002583 0.000259906 0.000259428 0.000257006 0.000252806 0.000247017 0.00023984 0.000231482 0.00022215 0.000212046 0.000201365 0.000190288 0.000178981 0.000167594 0.000156262 0.000145099 0.000134204 0.000123658 0.000113528 0.000103862 9.47e-05 8.60653e-05 7.79727e-05 7.04269e-05 6.34252e-05 5.69577e-05 5.10094e-05 4.55609e-05 4.05896e-05 3.60704e-05 3.19766e-05 2.82807e-05 2.49547e-05 2.19709e-05 1.9302e-05 1.69216e-05 1.48044e-05 1.29262e-05 1.12643e-05 9.79748e-06 8.50589e-06 7.37124e-06 6.3767e-06 5.50685e-06 4.74767e-06 4.08643e-06 3.51164e-06 3.01297e-06 2.58114e-06 2.20788e-06 1.88583e-06 1.60843e-06 1.36991e-06 1.16514e-06 9.89648e-07 8.39472e-07 7.1116e-07 6.01692e-07 5.08439e-07 4.29112e-07 3.61726e-07 3.04563e-07 2.56135e-07 2.15163e-07 1.80543e-07 1.51327e-07 1.26702e-07 1.05972e-07 8.85415e-08 7.39021e-08 6.1621e-08 5.133e-08 4.27159e-08 3.55134e-08 2.94975e-08 2.4478e-08 2.02941e-08 1.68102e-08 1.3912e-08 1.15035e-08
8.57686e-07 2.70052e-06 5.89671e-06 1.07221e-05 1.73694e-05 2.59323e-05 3.64002e-05 4.86601e-05 6.25072e-05 7.7659e-05 9.37745e-05 0.000110474 0.000127358 0.000144028 0.000160105 0.000175238 0.00018912 0.000201495 0.000212161 0.000220974 0.000227846 0.00023274 0.00023567 0.000236695 0.000235908 0.000233433 0.000229418 0.000224027 0.000217434 0.000209821 0.000201365 0.000192243 0.000182622 0.00017266 0.000162499 0.000152272 0.000142095 0.000132067 0.000122275 0.000112792 0.000103673 9.49658e-05 8.6702e-05 7.89048e-05 7.15875e-05 6.47553e-05 5.84063e-05 5.25328e-05 4.71222e-05 4.21581e-05 3.76211e-05 3.34895e-05 2.97403e-05 2.63493e-05 2.32921e-05 2.05442e-05 1.80818e-05 1.58813e-05 1.39202e-05 1.21772e-05 1.06318e-05 9.26511e-06 8.05926e-06 6.99778e-06 6.06547e-06 5.24839e-06 4.53379e-06 3.91009e-06 3.3668e-06 2.89448e-06 2.48461e-06 2.1296e-06 1.82263e-06 1.55768e-06 1.32937e-06 1.13297e-06 9.64279e-07 8.19621e-07 6.9576e-07 5.89867e-07 4.99466e-07 4.22403e-07 3.568e-07 3.01031e-07 2.53685e-07 2.13542e-07 1.7955e-07 1.50804e-07 1.26523e-07 1.06039e-07 8.87791e-08 7.42522e-08 6.20398e-08 5.17846e-08 4.31824e-08 3.59746e-08 2.99416e-08 2.48972e-08 2.06837e-08 1.71678e-08 1.42369e-08
6.1944e-07 1.99886e-06 4.44641e-06 8.21265e-06 1.34893e-05 2.03931e-05 2.89569e-05 3.91279e-05 5.07724e-05 6.36855e-05 7.76037e-05 9.22213e-05 0.000107206 0.000122216 0.000136914 0.000150982 0.00016413 0.000176108 0.000186706 0.000195765 0.000203171 0.000208859 0.000212807 0.000215036 0.0002156 0.000214587 0.000212106 0.000208288 0.000203277 0.000197225 0.000190288 0.000182622 0.00017438 0.000165707 0.000156738 0.000147599 0.000138405 0.000129256 0.000120241 0.000111434 0.000102898 9.46859e-05 8.68361e-05 7.93787e-05 7.23344e-05 6.57156e-05 5.95275e-05 5.3769e-05 4.84342e-05 4.35124e-05 3.89897e-05 3.48494e-05 3.10729e-05 2.76401e-05 2.45299e-05 2.1721e-05 1.91918e-05 1.69212e-05 1.48883e-05 1.30733e-05 1.14571e-05 1.00214e-05 8.74929e-06 7.62472e-06 6.63286e-06 5.76e-06 4.9935e-06 4.32181e-06 3.7344e-06 3.22171e-06 2.77508e-06 2.38673e-06 2.04967e-06 1.75765e-06 1.50508e-06 1.28699e-06 1.099e-06 9.37209e-07 7.98181e-07 6.78898e-07 5.76708e-07 4.8929e-07 4.14616e-07 3.50917e-07 2.96654e-07 2.50492e-07 2.11273e-07 1.77995e-07 1.49795e-07 1.25926e-07 1.05749e-07 8.87116e-08 7.43431e-08 6.2239e-08 5.20539e-08 4.34931e-08 3.63052e-08 3.02766e-08 2.52256e-08 2.0998e-08 1.74631e-08
