0.377834 0.0588629 0.0322359 0.019219 0.0118555 0.00737696 0.00457944 0.00282494 0.00173028 0.00105271 0.000636676 0.000383089 0.000229489 0.000136953 8.14598e-05 4.83121e-05 2.85796e-05 1.68682e-05 9.93553e-06 5.84135e-06 3.42853e-06 2.00927e-06 1.17587e-06 6.87243e-07 4.01162e-07 2.33872e-07 1.36137e-07 7.90537e-08 4.56659e-08 2.60148e-08 1.51035e-08
0.0588629 0.0135912 0.00712761 0.00378561 0.00200971 0.00106743 0.000568692 0.000304413 0.000163812 8.86102e-05 4.81607e-05 2.62868e-05 1.44005e-05 7.91403e-06 4.36121e-06 2.40904e-06 1.33343e-06 7.39392e-07 4.10636e-07 2.28368e-07 1.27158e-07 7.08785e-08 3.95455e-08 2.20816e-08 1.23375e-08 6.8948e-09 3.85034e-09 2.14313e-09 1.18062e-09 6.31132e-10 3.54164e-10
0.0322359 0.00712761 0.00329787 0.00162156 0.000821999 0.000424434 0.000222126 0.000117523 6.27484e-05 3.37596e-05 1.82794e-05 9.95032e-06 5.4405e-06 2.98577e-06 1.64374e-06 9.0733e-07 5.01975e-07 2.78257e-07 1.54506e-07 8.59176e-08 4.78386e-08 2.66664e-08 1.4879e-08 8.30865e-09 4.64206e-09 2.5933e-09 1.44643e-09 8.02277e-10 4.37977e-10 2.4315e-10 1.36485e-10
0.019219 0.00378561 0.00162156 0.000753979 0.00036832 0.000185661 9.56398e-05 5.00637e-05 2.65322e-05 1.41987e-05 7.65774e-06 4.156e-06 2.26709e-06 1.2419e-06 6.82688e-07 3.76382e-07 2.08023e-07 1.15216e-07 6.39302e-08 3.5529e-08 1.97722e-08 1.10165e-08 6.14432e-09 3.4296e-09 1.91506e-09 1.06883e-09 5.94944e-10 3.28548e-10 1.83242e-10 1.01728e-10 5.70947e-11
0.0118555 0.00200971 0.000821999 0.00036832 0.00017526 8.67797e-05 4.41628e-05 2.29227e-05 1.20746e-05 6.43238e-06 3.45696e-06 1.87089e-06 1.01822e-06 5.567e-07 3.0552e-07 1.682e-07 9.28462e-08 5.13669e-08 2.84738e-08 1.581e-08 8.79127e-09 4.89456e-09 2.7279e-09 1.5215e-09 8.48823e-10 4.73101e-10 2.62746e-10 1.46707e-10 8.18102e-11 4.54087e-11 2.54753e-11
0.00737696 0.00106743 0.000424434 0.000185661 8.67797e-05 4.2432e-05 2.14045e-05 1.10399e-05 5.78787e-06 3.072e-06 1.64608e-06 8.88636e-07 4.82604e-07 2.63368e-07 1.44299e-07 7.93247e-08 4.37287e-08 2.41633e-08 1.33793e-08 7.42117e-09 4.12263e-09 2.2932e-09 1.27695e-09 7.1157e-10 3.96542e-10 2.20707e-10 1.23206e-10 6.87699e-11 3.8336e-11 2.1272e-11 1.19275e-11
0.00457944 0.000568692 0.000222126 9.56398e-05 4.41628e-05 2.14045e-05 1.07288e-05 5.50748e-06 2.87675e-06 1.52231e-06 8.13641e-07 4.38282e-07 2.37562e-07 1.29417e-07 7.07951e-08 3.88613e-08 2.13942e-08 1.18073e-08 6.5302e-09 3.61828e-09 2.00801e-09 1.11588e-09 6.20778e-10 3.45582e-10 1.92379e-10 1.07295e-10 5.98659e-11 3.33995e-11 1.86104e-11 1.0323e-11 5.78467e-12
0.00282494 0.000304413 0.000117523 5.00637e-05 2.29227e-05 1.10399e-05 5.50748e-06 2.8168e-06 1.46693e-06 7.74304e-07 4.12938e-07 2.21999e-07 1.20115e-07 6.53285e-08 3.56831e-08 1.95601e-08 1.07544e-08 5.92812e-09 3.27494e-09 1.81267e-09 1.00495e-09 5.57927e-10 3.10087e-10 1.72459e-10 9.60564e-11 5.35405e-11 2.9856e-11 1.66479e-11 9.27182e-12 5.14107e-12 2.8791e-12
0.00173028 0.000163812 6.27484e-05 2.65322e-05 1.20746e-05 5.78787e-06 2.87675e-06 1.46693e-06 7.62021e-07 4.01341e-07 2.13614e-07 1.14634e-07 6.19218e-08 3.36266e-08 1.83411e-08 1.00406e-08 5.51362e-09 3.03573e-09 1.67524e-09 9.26284e-10 5.13036e-10 2.84558e-10 1.5801e-10 8.78625e-11 4.8904e-11 2.72408e-11 1.51813e-11 8.46048e-12 4.70962e-12 2.61043e-12 1.461e-12
0.00105271 8.86102e-05 3.37596e-05 1.41987e-05 6.43238e-06 3.072e-06 1.52231e-06 7.74304e-07 4.01341e-07 2.10961e-07 1.12082e-07 6.00478e-08 3.2386e-08 1.75619e-08 9.56605e-09 5.23023e-09 2.86872e-09 1.57773e-09 8.69753e-10 4.80437e-10 2.65848e-10 1.47323e-10 8.1762e-11 4.54309e-11 2.52693e-11 1.40666e-11 7.8346e-12 4.36378e-12 2.42795e-12 1.34527e-12 7.52477e-13
0.000636676 4.81607e-05 1.82794e-05 7.65774e-06 3.45696e-06 1.64608e-06 8.13641e-07 4.12938e-07 2.13614e-07 1.12082e-07 5.9449e-08 3.18006e-08 1.71265e-08 9.27463e-09 5.04554e-09 2.75538e-09 1.50961e-09 8.29384e-10 4.5676e-10 2.52071e-10 1.39359e-10 7.7174e-11 4.27979e-11 2.37636e-11 1.32088e-11 7.34825e-12 4.09031e-12 2.27703e-12 1.26631e-12 7.01384e-13 3.921e-13
0.000383089 2.62868e-05 9.95032e-06 4.156e-06 1.87089e-06 8.88636e-07 4.38282e-07 2.21999e-07 1.14634e-07 6.00478e-08 3.18006e-08 1.69862e-08 9.1357e-09 4.94106e-09 2.68481e-09 1.46454e-09 8.01547e-10 4.39936e-10 2.42056e-10 1.33465e-10 7.37303e-11 4.07987e-11 2.2609e-11 1.25451e-11 6.96852e-12 3.87434e-12 2.15538e-12 1.19925e-12 6.66623e-13 3.69106e-13 2.06234e-13
0.000229489 1.44005e-05 5.4405e-06 2.26709e-06 1.01822e-06 4.82604e-07 2.37562e-07 1.20115e-07 6.19218e-08 3.2386e-08 1.71265e-08 9.1357e-09 4.90722e-09 2.65091e-09 1.43881e-09 7.84031e-10 4.28676e-10 2.35063e-10 1.29219e-10 7.11917e-11 3.92981e-11 2.17296e-11 1.20333e-11 6.6725e-12 3.70413e-12 2.05821e-12 1.14441e-12 6.36425e-13 3.53612e-13 1.9573e-13 1.09307e-13
0.000136953 7.91403e-06 2.98577e-06 1.2419e-06 5.567e-07 2.63368e-07 1.29417e-07 6.53285e-08 3.36266e-08 1.75619e-08 9.27463e-09 4.94106e-09 2.65091e-09 1.43044e-09 7.75565e-10 4.22199e-10 2.30625e-10 1.26351e-10 6.94011e-11 3.82058e-11 2.10741e-11 1.16446e-11 6.4442e-12 3.57109e-12 1.98126e-12 1.10028e-12 6.11457e-13 3.39879e-13 1.88765e-13 1.04452e-13 5.83039e-14
8.14598e-05 4.36121e-06 1.64374e-06 6.82688e-07 3.0552e-07 1.44299e-07 7.07951e-08 3.56831e-08 1.83411e-08 9.56605e-09 5.04554e-09 2.68481e-09 1.43881e-09 7.75565e-10 4.20085e-10 2.2847e-10 1.24691e-10 6.82573e-11 3.74626e-11 2.06081e-11 1.13593e-11 6.27248e-12 3.46903e-12 1.92123e-12 1.06531e-12 5.91296e-13 3.28436e-13 1.82477e-13 1.01305e-13 5.60399e-14 3.12664e-14
4.83121e-05 2.40904e-06 9.0733e-07 3.76382e-07 1.682e-07 7.93247e-08 3.88613e-08 1.95601e-08 1.00406e-08 5.23023e-09 2.75538e-09 1.46454e-09 7.84031e-10 4.22199e-10 2.2847e-10 1.24148e-10 6.76997e-11 3.70305e-11 2.03088e-11 1.1164e-11 6.14957e-12 3.39356e-12 1.8757e-12 1.03822e-12 5.75372e-13 3.19196e-13 1.77213e-13 9.8415e-14 5.46152e-14 3.02036e-14 1.68442e-14
2.85796e-05 1.33343e-06 5.01975e-07 2.08023e-07 9.28462e-08 4.37287e-08 2.13942e-08 1.07544e-08 5.51362e-09 2.86872e-09 1.50961e-09 8.01547e-10 4.28676e-10 2.30625e-10 1.24691e-10 6.76997e-11 3.68887e-11 2.01625e-11 1.105e-11 6.07028e-12 3.34162e-12 1.84292e-12 1.01805e-12 5.63191e-13 3.11955e-13 1.72977e-13 9.59903e-14 5.32857e-14 2.95598e-14 1.63429e-14 9.11039e-15
1.68682e-05 7.39392e-07 2.78257e-07 1.15216e-07 5.13669e-08 2.41633e-08 1.18073e-08 5.92812e-09 3.03573e-09 1.57773e-09 8.29384e-10 4.39936e-10 2.35063e-10 1.26351e-10 6.82573e-11 3.70305e-11 2.01625e-11 1.10126e-11 6.03139e-12 3.31121e-12 1.82169e-12 1.0041e-12 5.54369e-13 3.06522e-13 1.69701e-13 9.40542e-14 5.21707e-14 2.8949e-14 1.60535e-14 8.87329e-15 4.94446e-15
9.93553e-06 4.10636e-07 1.54506e-07 6.39302e-08 2.84738e-08 1.33793e-08 6.5302e-09 3.27494e-09 1.67524e-09 8.69753e-10 4.5676e-10 2.42056e-10 1.29219e-10 6.94011e-11 3.74626e-11 2.03088e-11 1.105e-11 6.03139e-12 3.3012e-12 1.81125e-12 9.95905e-13 5.48633e-13 3.02747e-13 1.67312e-13 9.2586e-14 5.12915e-14 2.84389e-14 1.57743e-14 8.74457e-15 4.83219e-15 2.69161e-15
5.84135e-06 2.28368e-07 8.59176e-08 3.5529e-08 1.581e-08 7.42117e-09 3.61828e-09 1.81267e-09 9.26284e-10 4.80437e-10 2.52071e-10 1.33465e-10 7.11917e-11 3.82058e-11 2.06081e-11 1.1164e-11 6.07028e-12 3.31121e-12 1.81125e-12 9.93203e-13 5.45807e-13 3.00523e-13 1.65752e-13 9.15593e-14 5.06436e-14 2.8044e-14 1.55429e-14 8.61803e-15 4.77587e-15 2.63848e-15 1.46913e-15
3.42853e-06 1.27158e-07 4.78386e-08 1.97722e-08 8.79127e-09 4.12263e-09 2.00801e-09 1.00495e-09 5.13036e-10 2.65848e-10 1.39359e-10 7.37303e-11 3.92981e-11 2.10741e-11 1.13593e-11 6.14957e-12 3.34162e-12 1.82169e-12 9.95905e-13 5.45807e-13 2.99788e-13 1.64982e-13 9.09522e-14 5.0218e-14 2.77648e-14 1.53685e-14 8.51444e-15 4.71929e-15 2.61448e-15 1.44407e-15 8.03785e-16
2.00927e-06 7.08785e-08 2.66664e-08 1.10165e-08 4.89456e-09 2.2932e-09 1.11588e-09 5.57927e-10 2.84558e-10 1.47323e-10 7.7174e-11 4.07987e-11 2.17296e-11 1.16446e-11 6.27248e-12 3.39356e-12 1.84292e-12 1.0041e-12 5.48633e-13 3.00523e-13 1.64982e-13 9.07514e-14 5.00072e-14 2.75989e-14 1.52527e-14 8.43944e-15 4.67387e-15 2.5897e-15 1.43425e-15 7.9201e-16 4.40693e-16
1.17587e-06 3.95455e-08 1.4879e-08 6.14432e-09 2.7279e-09 1.27695e-09 6.20778e-10 3.10087e-10 1.5801e-10 8.1762e-11 4.27979e-11 2.2609e-11 1.20333e-11 6.4442e-12 3.46903e-12 1.8757e-12 1.01805e-12 5.54369e-13 3.02747e-13 1.65752e-13 9.09522e-14 5.00072e-14 2.75438e-14 1.51951e-14 8.39436e-15 4.64291e-15 2.57039e-15 1.42373e-15 7.88273e-16 4.35201e-16 2.42077e-16
6.87243e-07 2.20816e-08 8.30865e-09 3.4296e-09 1.5215e-09 7.1157e-10 3.45582e-10 1.72459e-10 8.78625e-11 4.54309e-11 2.37636e-11 1.25451e-11 6.6725e-12 3.57109e-12 1.92123e-12 1.03822e-12 5.63191e-13 3.06522e-13 1.67312e-13 9.15593e-14 5.0218e-14 2.75989e-14 1.51951e-14 8.37933e-15 4.62732e-15 2.55844e-15 1.41591e-15 7.84019e-16 4.33964e-16 2.3954e-16 1.332e-16
4.01162e-07 1.23375e-08 4.64206e-09 1.91506e-09 8.48823e-10 3.96542e-10 1.92379e-10 9.60564e-11 4.8904e-11 2.52693e-11 1.32088e-11 6.96852e-12 3.70413e-12 1.98126e-12 1.06531e-12 5.75372e-13 3.11955e-13 1.69701e-13 9.2586e-14 5.06436e-14 2.77648e-14 1.52527e-14 8.39436e-15 4.62732e-15 2.55442e-15 1.41185e-15 7.81099e-16 4.32379e-16 2.39263e-16 1.32043e-16 7.34025e-17
2.33872e-07 6.8948e-09 2.5933e-09 1.06883e-09 4.73101e-10 2.20707e-10 1.07295e-10 5.35405e-11 2.72408e-11 1.40666e-11 7.34825e-12 3.87434e-12 2.05821e-12 1.10028e-12 5.91296e-13 3.19196e-13 1.72977e-13 9.40542e-14 5.12915e-14 2.8044e-14 1.53685e-14 8.43944e-15 4.64291e-15 2.55844e-15 1.41185e-15 7.80082e-16 4.31442e-16 2.38756e-16 1.32085e-16 7.28806e-17 4.05025e-17
1.36137e-07 3.85034e-09 1.44643e-09 5.94944e-10 2.62746e-10 1.23206e-10 5.98659e-11 2.9856e-11 1.51813e-11 7.8346e-12 4.09031e-12 2.15538e-12 1.14441e-12 6.11457e-13 3.28436e-13 1.77213e-13 9.59903e-14 5.21707e-14 2.84389e-14 1.55429e-14 8.51444e-15 4.67387e-15 2.57039e-15 1.41591e-15 7.81099e-16 4.31442e-16 2.38548e-16 1.31974e-16 7.2993e-17 4.02682e-17 2.23724e-17
7.90537e-08 2.14313e-09 8.02277e-10 3.28548e-10 1.46707e-10 6.87699e-11 3.33995e-11 1.66479e-11 8.46048e-12 4.36378e-12 2.27703e-12 1.19925e-12 6.36425e-13 3.39879e-13 1.82477e-13 9.8415e-14 5.32857e-14 2.8949e-14 1.57743e-14 8.61803e-15 4.71929e-15 2.5897e-15 1.42373e-15 7.84019e-16 4.32379e-16 2.38756e-16 1.31974e-16 7.29942e-17 4.03629e-17 2.22634e-17 1.2366e-17
4.56659e-08 1.18062e-09 4.37977e-10 1.83242e-10 8.18102e-11 3.8336e-11 1.86104e-11 9.27182e-12 4.70962e-12 2.42795e-12 1.26631e-12 6.66623e-13 3.53612e-13 1.88765e-13 1.01305e-13 5.46152e-14 2.95598e-14 1.60535e-14 8.74457e-15 4.77587e-15 2.61448e-15 1.43425e-15 7.88273e-16 4.33964e-16 2.39263e-16 1.32085e-16 7.2993e-17 4.03629e-17 2.23146e-17 1.23065e-17 6.83399e-18
2.60148e-08 6.31132e-10 2.4315e-10 1.01728e-10 4.54087e-11 2.1272e-11 1.0323e-11 5.14107e-12 2.61043e-12 1.34527e-12 7.01384e-13 3.69106e-13 1.9573e-13 1.04452e-13 5.60399e-14 3.02036e-14 1.63429e-14 8.87329e-15 4.83219e-15 2.63848e-15 1.44407e-15 7.9201e-16 4.35201e-16 2.3954e-16 1.32043e-16 7.28806e-17 4.02682e-17 2.22634e-17 1.23065e-17 6.78626e-18 3.76791e-18
1.51035e-08 3.54164e-10 1.36485e-10 5.70947e-11 2.54753e-11 1.19275e-11 5.78467e-12 2.8791e-12 1.461e-12 7.52477e-13 3.921e-13 2.06234e-13 1.09307e-13 5.83039e-14 3.12664e-14 1.68442e-14 9.11039e-15 4.94446e-15 2.69161e-15 1.46913e-15 8.03785e-16 4.40693e-16 2.42077e-16 1.332e-16 7.34025e-17 4.05025e-17 2.23724e-17 1.2366e-17 6.83399e-18 3.76791e-18 2.09151e-18
