0.375829 0.0500812 0.0287274 0.0179253 0.0116554 0.00771561 0.00513994 0.00342713 0.00228178 0.00151566 0.0010042 0.000663671 0.000437588 0.000287899 0.000189041 0.000123904 8.10769e-05 5.2972e-05 3.45609e-05 2.25195e-05 1.46557e-05 9.52714e-06 6.18659e-06 4.01314e-06 2.60044e-06 1.6829e-06 1.08717e-06 7.00149e-07 4.48052e-07 2.82612e-07 1.82387e-07
0.0500812 0.0104994 0.00572457 0.00322916 0.00184926 0.00106991 0.000624684 0.000367865 0.000218335 0.000130492 7.84645e-05 4.74262e-05 2.8793e-05 1.75467e-05 1.07277e-05 6.57692e-06 4.04183e-06 2.48907e-06 1.53562e-06 9.48899e-07 5.87168e-07 3.63776e-07 2.2561e-07 1.40035e-07 8.69613e-08 5.39941e-08 3.34743e-08 2.066e-08 1.26093e-08 7.49478e-09 4.68003e-09
0.0287274 0.00572457 0.00283577 0.00150203 0.000826864 0.000466644 0.000268138 0.000156252 9.20863e-05 5.47724e-05 3.28249e-05 1.97944e-05 1.19981e-05 7.30366e-06 4.46201e-06 2.73427e-06 1.67989e-06 1.03439e-06 6.38156e-07 3.94363e-07 2.4406e-07 1.51231e-07 9.38078e-08 5.82333e-08 3.61616e-08 2.24438e-08 1.38978e-08 8.55363e-09 5.19078e-09 3.20181e-09 2.0001e-09
0.0179253 0.00322916 0.00150203 0.00075921 0.000404888 0.00022377 0.000126814 7.32129e-05 4.28714e-05 2.5384e-05 1.51624e-05 9.12099e-06 5.5183e-06 3.35439e-06 2.047e-06 1.25327e-06 7.69443e-07 4.73516e-07 2.91995e-07 1.80376e-07 1.11594e-07 6.913e-08 4.28694e-08 2.66039e-08 1.65129e-08 1.02408e-08 6.33245e-09 3.88839e-09 2.41009e-09 1.48665e-09 9.2865e-10
0.0116554 0.00184926 0.000826864 0.000404888 0.000211087 0.000114874 6.44241e-05 3.69271e-05 2.15134e-05 1.26903e-05 7.55863e-06 4.53672e-06 2.73979e-06 1.66292e-06 1.0135e-06 6.19832e-07 3.80181e-07 2.33767e-07 1.44045e-07 8.89218e-08 5.49796e-08 3.40388e-08 2.10964e-08 1.30841e-08 8.11552e-09 5.02846e-09 3.10606e-09 1.92834e-09 1.19514e-09 7.37128e-10 4.60306e-10
0.00771561 0.00106991 0.000466644 0.00022377 0.000114874 6.18453e-05 3.44274e-05 1.963e-05 1.13922e-05 6.70015e-06 3.98128e-06 2.38487e-06 1.43783e-06 8.71407e-07 5.304e-07 3.23999e-07 1.98516e-07 1.21945e-07 7.50734e-08 4.63055e-08 2.86078e-08 1.76983e-08 1.0961e-08 6.79302e-09 4.21016e-09 2.60677e-09 1.61859e-09 1.00463e-09 6.22493e-10 3.83851e-10 2.39584e-10
0.00513994 0.000624684 0.000268138 0.000126814 6.44241e-05 3.44274e-05 1.90639e-05 1.08282e-05 6.26554e-06 3.67619e-06 2.18003e-06 1.3036e-06 7.84704e-07 4.74903e-07 2.88686e-07 1.76135e-07 1.078e-07 6.61509e-08 4.06855e-08 2.50722e-08 1.54765e-08 9.56671e-09 5.92016e-09 3.66617e-09 2.27066e-09 1.40893e-09 8.74479e-10 5.42566e-10 3.36068e-10 2.07175e-10 1.29238e-10
0.00342713 0.000367865 0.000156252 7.32129e-05 3.69271e-05 1.963e-05 1.08282e-05 6.13223e-06 3.5399e-06 2.07279e-06 1.22701e-06 7.32546e-07 4.40313e-07 2.66116e-07 1.61564e-07 9.84584e-08 6.01927e-08 3.68988e-08 2.26721e-08 1.39586e-08 8.60875e-09 5.31701e-09 3.28771e-09 2.03452e-09 1.26088e-09 7.81956e-10 4.85097e-10 3.0084e-10 1.86267e-10 1.14794e-10 7.15684e-11
0.00228178 0.000218335 9.20863e-05 4.28714e-05 2.15134e-05 1.13922e-05 6.26554e-06 3.5399e-06 2.03934e-06 1.19202e-06 7.04491e-07 4.19966e-07 2.5208e-07 1.52154e-07 9.22629e-08 5.61614e-08 3.42973e-08 2.10032e-08 1.28928e-08 7.93053e-09 4.88681e-09 3.01576e-09 1.86336e-09 1.15297e-09 7.1411e-10 4.42615e-10 2.74438e-10 1.70114e-10 1.05283e-10 6.48649e-11 4.04171e-11
0.00151566 0.000130492 5.47724e-05 2.5384e-05 1.26903e-05 6.70015e-06 3.67619e-06 2.07279e-06 1.19202e-06 6.95622e-07 4.10502e-07 2.44368e-07 1.46486e-07 8.83086e-08 5.34856e-08 3.25214e-08 1.98398e-08 1.21377e-08 7.44377e-09 4.57472e-09 2.8166e-09 1.73684e-09 1.07266e-09 6.6328e-10 4.10556e-10 2.54321e-10 1.57603e-10 9.76449e-11 6.04065e-11 3.72055e-11 2.31698e-11
0.0010042 7.84645e-05 3.28249e-05 1.51624e-05 7.55863e-06 3.98128e-06 2.18003e-06 1.22701e-06 7.04491e-07 4.10502e-07 2.41906e-07 1.43813e-07 8.61004e-08 5.18439e-08 3.13651e-08 1.90511e-08 1.16106e-08 7.09648e-09 4.34823e-09 2.67004e-09 1.64261e-09 1.01228e-09 6.24743e-10 3.86057e-10 2.38815e-10 1.4785e-10 9.15743e-11 5.67086e-11 3.50674e-11 2.15924e-11 1.34396e-11
0.000663671 4.74262e-05 1.97944e-05 9.12099e-06 4.53672e-06 2.38487e-06 1.3036e-06 7.32546e-07 4.19966e-07 2.44368e-07 1.43813e-07 8.53897e-08 5.10617e-08 3.07113e-08 1.85603e-08 1.12621e-08 6.85715e-09 4.18737e-09 2.56354e-09 1.57289e-09 9.66968e-10 5.95483e-10 3.67265e-10 2.26806e-10 1.40218e-10 8.67604e-11 5.37094e-11 3.32446e-11 2.05495e-11 1.26497e-11 7.86947e-12
0.000437588 2.8793e-05 1.19981e-05 5.5183e-06 2.73979e-06 1.43783e-06 7.84704e-07 4.40313e-07 2.5208e-07 1.46486e-07 8.61004e-08 5.10617e-08 3.04997e-08 1.83246e-08 1.10632e-08 6.70661e-09 4.07975e-09 2.4892e-09 1.52268e-09 9.33572e-10 5.73522e-10 3.52948e-10 2.17541e-10 1.34261e-10 8.29567e-11 5.13021e-11 3.17429e-11 1.96391e-11 1.21348e-11 7.46781e-12 4.64355e-12
0.000287899 1.75467e-05 7.30366e-06 3.35439e-06 1.66292e-06 8.71407e-07 4.74903e-07 2.66116e-07 1.52154e-07 8.83086e-08 5.18439e-08 3.07113e-08 1.83246e-08 1.09985e-08 6.63387e-09 4.01786e-09 2.44204e-09 1.48877e-09 9.1002e-10 5.57539e-10 3.42278e-10 2.10503e-10 1.29664e-10 7.99788e-11 4.93897e-11 3.05277e-11 1.88798e-11 1.16757e-11 7.21163e-12 4.43692e-12 2.75765e-12
0.000189041 1.07277e-05 4.46201e-06 2.047e-06 1.0135e-06 5.304e-07 2.88686e-07 1.61564e-07 9.22629e-08 5.34856e-08 3.13651e-08 1.85603e-08 1.10632e-08 6.63387e-09 3.99765e-09 2.41914e-09 1.46915e-09 8.94977e-10 5.46663e-10 3.34691e-10 2.05335e-10 1.26204e-10 7.76922e-11 4.78951e-11 2.95613e-11 1.82628e-11 1.12893e-11 6.97867e-12 4.30891e-12 2.65038e-12 1.64655e-12
0.000123904 6.57692e-06 2.73427e-06 1.25327e-06 6.19832e-07 3.23999e-07 1.76135e-07 9.84584e-08 5.61614e-08 3.25214e-08 1.90511e-08 1.12621e-08 6.70661e-09 4.01786e-09 2.41914e-09 1.46273e-09 8.87644e-10 5.40341e-10 3.29819e-10 2.01797e-10 1.23727e-10 7.60004e-11 4.67602e-11 2.8811e-11 1.77734e-11 1.09751e-11 6.78137e-12 4.19031e-12 2.58638e-12 1.59048e-12 9.87674e-13
8.10769e-05 4.04183e-06 1.67989e-06 7.69443e-07 3.80181e-07 1.98516e-07 1.078e-07 6.01927e-08 3.42973e-08 1.98398e-08 1.16106e-08 6.85715e-09 4.07975e-09 2.44204e-09 1.46915e-09 8.87644e-10 5.38267e-10 3.27436e-10 1.99733e-10 1.22129e-10 7.48357e-11 4.59426e-11 2.82516e-11 1.73981e-11 1.07277e-11 6.62132e-12 4.0895e-12 2.52599e-12 1.5586e-12 9.58234e-13 5.94814e-13
5.2972e-05 2.48907e-06 1.03439e-06 4.73516e-07 2.33767e-07 1.21945e-07 6.61509e-08 3.68988e-08 2.10032e-08 1.21377e-08 7.09648e-09 4.18737e-09 2.4892e-09 1.48877e-09 8.94977e-10 5.40341e-10 3.27436e-10 1.99054e-10 1.21345e-10 7.41537e-11 4.54128e-11 2.78645e-11 1.7126e-11 1.05415e-11 6.49689e-12 4.00825e-12 2.47459e-12 1.52793e-12 9.42473e-13 5.7931e-13 3.59462e-13
3.45609e-05 1.53562e-06 6.38156e-07 2.91995e-07 1.44045e-07 7.50734e-08 4.06855e-08 2.26721e-08 1.28928e-08 7.44377e-09 4.34823e-09 2.56354e-09 1.52268e-09 9.1002e-10 5.46663e-10 3.29819e-10 1.99733e-10 1.21345e-10 7.39291e-11 4.51523e-11 2.7637e-11 1.69489e-11 1.0412e-11 6.40588e-12 3.94628e-12 2.43364e-12 1.50188e-12 9.27001e-13 5.71627e-13 3.51288e-13 2.17894e-13
2.25195e-05 9.48899e-07 3.94363e-07 1.80376e-07 8.89218e-08 4.63055e-08 2.50722e-08 1.39586e-08 7.93053e-09 4.57472e-09 2.67004e-09 1.57289e-09 9.33572e-10 5.57539e-10 3.34691e-10 2.01797e-10 1.22129e-10 7.41537e-11 4.51523e-11 2.7562e-11 1.68616e-11 1.03356e-11 6.34635e-12 3.9028e-12 2.40326e-12 1.48147e-12 9.13924e-13 5.63906e-13 3.47626e-13 2.13587e-13 1.32435e-13
1.46557e-05 5.87168e-07 2.4406e-07 1.11594e-07 5.49796e-08 2.86078e-08 1.54765e-08 8.60875e-09 4.88681e-09 2.8166e-09 1.64261e-09 9.66968e-10 5.73522e-10 3.42278e-10 2.05335e-10 1.23727e-10 7.48357e-11 4.54128e-11 2.7637e-11 1.68616e-11 1.03103e-11 6.31692e-12 3.87704e-12 2.38323e-12 1.46695e-12 9.03943e-13 5.57443e-13 3.43838e-13 2.11903e-13 1.30171e-13 8.06852e-14
9.52714e-06 3.63776e-07 1.51231e-07 6.913e-08 3.40388e-08 1.76983e-08 9.56671e-09 5.31701e-09 3.01576e-09 1.73684e-09 1.01228e-09 5.95483e-10 3.52948e-10 2.10503e-10 1.26204e-10 7.60004e-11 4.59426e-11 2.78645e-11 1.69489e-11 1.03356e-11 6.31692e-12 3.86851e-12 2.37329e-12 1.45828e-12 8.97263e-13 5.52694e-13 3.40717e-13 2.10092e-13 1.29442e-13 7.95008e-14 4.92616e-14
6.18659e-06 2.2561e-07 9.38078e-08 4.28694e-08 2.10964e-08 1.0961e-08 5.92016e-09 3.28771e-09 1.86336e-09 1.07266e-09 6.24743e-10 3.67265e-10 2.17541e-10 1.29664e-10 7.76922e-11 4.67602e-11 2.82516e-11 1.7126e-11 1.0412e-11 6.34635e-12 3.87704e-12 2.37329e-12 1.4554e-12 8.93923e-13 5.49815e-13 3.38554e-13 2.08637e-13 1.2861e-13 7.92187e-14 4.86459e-14 3.01333e-14
4.01314e-06 1.40035e-07 5.82333e-08 2.66039e-08 1.30841e-08 6.79302e-09 3.66617e-09 2.03452e-09 1.15297e-09 6.6328e-10 3.86057e-10 2.26806e-10 1.34261e-10 7.99788e-11 4.78951e-11 2.8811e-11 1.73981e-11 1.05415e-11 6.40588e-12 3.9028e-12 2.38323e-12 1.45828e-12 8.93923e-13 5.48853e-13 3.37456e-13 2.07721e-13 1.27969e-13 7.88611e-14 4.8563e-14 2.9816e-14 1.84637e-14
2.60044e-06 8.69613e-08 3.61616e-08 1.65129e-08 8.11552e-09 4.21016e-09 2.27066e-09 1.26088e-09 7.1411e-10 4.10556e-10 2.38815e-10 1.40218e-10 8.29567e-11 4.93897e-11 2.95613e-11 1.77734e-11 1.07277e-11 6.49689e-12 3.94628e-12 2.40326e-12 1.46695e-12 8.97263e-13 5.49815e-13 3.37456e-13 2.0741e-13 1.2763e-13 7.86039e-14 4.84261e-14 2.98138e-14 1.83016e-14 1.133e-14
1.6829e-06 5.39941e-08 2.24438e-08 1.02408e-08 5.02846e-09 2.60677e-09 1.40893e-09 7.81956e-10 4.42615e-10 2.54321e-10 1.4785e-10 8.67604e-11 5.13021e-11 3.05277e-11 1.82628e-11 1.09751e-11 6.62132e-12 4.00825e-12 2.43364e-12 1.48147e-12 9.03943e-13 5.52694e-13 3.38554e-13 2.07721e-13 1.2763e-13 7.85126e-14 4.83399e-14 2.97732e-14 1.83258e-14 1.12478e-14 6.96127e-15
1.08717e-06 3.34743e-08 1.38978e-08 6.33245e-09 3.10606e-09 1.61859e-09 8.74479e-10 4.85097e-10 2.74438e-10 1.57603e-10 9.15743e-11 5.37094e-11 3.17429e-11 1.88798e-11 1.12893e-11 6.78137e-12 4.0895e-12 2.47459e-12 1.50188e-12 9.13924e-13 5.57443e-13 3.40717e-13 2.08637e-13 1.27969e-13 7.86039e-14 4.83399e-14 2.97545e-14 1.83216e-14 1.12748e-14 6.91904e-15 4.2811e-15
7.00149e-07 2.066e-08 8.55363e-09 3.88839e-09 1.92834e-09 1.00463e-09 5.42566e-10 3.0084e-10 1.70114e-10 9.76449e-11 5.67086e-11 3.32446e-11 1.96391e-11 1.16757e-11 6.97867e-12 4.19031e-12 2.52599e-12 1.52793e-12 9.27001e-13 5.63906e-13 3.43838e-13 2.10092e-13 1.2861e-13 7.88611e-14 4.84261e-14 2.97732e-14 1.83216e-14 1.12791e-14 6.93956e-15 4.25805e-15 2.634e-15
4.48052e-07 1.26093e-08 5.19078e-09 2.41009e-09 1.19514e-09 6.22493e-10 3.36068e-10 1.86267e-10 1.05283e-10 6.04065e-11 3.50674e-11 2.05495e-11 1.21348e-11 7.21163e-12 4.30891e-12 2.58638e-12 1.5586e-12 9.42473e-13 5.71627e-13 3.47626e-13 2.11903e-13 1.29442e-13 7.92187e-14 4.8563e-14 2.98138e-14 1.83258e-14 1.12748e-14 6.93956e-15 4.26892e-15 2.61906e-15 1.6198e-15
2.82612e-07 7.49478e-09 3.20181e-09 1.48665e-09 7.37128e-10 3.83851e-10 2.07175e-10 1.14794e-10 6.48649e-11 3.72055e-11 2.15924e-11 1.26497e-11 7.46781e-12 4.43692e-12 2.65038e-12 1.59048e-12 9.58234e-13 5.7931e-13 3.51288e-13 2.13587e-13 1.30171e-13 7.95008e-14 4.86459e-14 2.9816e-14 1.83016e-14 1.12478e-14 6.91904e-15 4.25805e-15 2.61906e-15 1.60671e-15 9.93551e-16
1.82387e-07 4.68003e-09 2.0001e-09 9.2865e-10 4.60306e-10 2.39584e-10 1.29238e-10 7.15684e-11 4.04171e-11 2.31698e-11 1.34396e-11 7.86947e-12 4.64355e-12 2.75765e-12 1.64655e-12 9.87674e-13 5.94814e-13 3.59462e-13 2.17894e-13 1.32435e-13 8.06852e-14 4.92616e-14 3.01333e-14 1.84637e-14 1.133e-14 6.96127e-15 4.2811e-15 2.634e-15 1.6198e-15 9.93551e-16 6.14237e-16
