0.0303815 0.021175 0.0147583 0.0102861 0.0071691 0.00499664 0.00348251 0.0024272 0.00169169 0.00117905 0.000821765 0.000572745 0.000399186 0.000278221 0.000193911 0.00013515 9.41957e-05 6.56516e-05 4.57571e-05 3.18913e-05 2.22273e-05 1.54918e-05 1.07973e-05 7.52538e-06 5.24496e-06 3.65558e-06 2.54783e-06 1.77576e-06 1.23765e-06 8.62605e-07 6.01209e-07 4.19025e-07 2.92047e-07 2.03548e-07 1.41867e-07 9.8877e-08 6.89142e-08 4.80311e-08 3.34763e-08 2.33319e-08 1.62616e-08 1.13339e-08 7.89937e-09 5.50562e-09 3.83725e-09 2.67445e-09 1.86401e-09 1.29916e-09 9.05474e-10 6.31088e-10 4.39849e-10 3.06561e-10 2.13664e-10 1.48917e-10 1.03791e-10 7.23391e-11 5.04182e-11 3.51399e-11 2.44915e-11 1.70698e-11 1.18971e-11 8.29195e-12 5.77923e-12 4.02795e-12 2.80736e-12 1.95664e-12 1.36372e-12 9.50473e-13 6.62451e-13 4.61708e-13 3.21797e-13 2.24282e-13 1.56318e-13 1.08949e-13 7.59341e-14 5.29238e-14 3.68863e-14 2.57086e-14 1.79181e-14 1.24884e-14 8.70403e-15 6.06645e-15 4.22813e-15 2.94688e-15 2.05388e-15 1.4315e-15 9.97709e-16 6.95373e-16 4.84654e-16 3.37789e-16 2.35429e-16 1.64087e-16 1.14363e-16 7.97078e-17 5.5554e-17 3.87194e-17 2.69863e-17 1.88086e-17 1.3109e-17 9.1366e-18 6.36793e-18
0.021175 0.0166251 0.0128883 0.00988961 0.00752479 0.00568507 0.00426934 0.00318959 0.00237219 0.00175729 0.00129723 0.000954621 0.000700535 0.00051278 0.000374488 0.000272922 0.000198523 0.000144152 0.000104504 7.56475e-05 5.46836e-05 3.94786e-05 2.84673e-05 2.05043e-05 1.47533e-05 1.06049e-05 7.61589e-06 5.4646e-06 3.91777e-06 2.80662e-06 2.00913e-06 1.43724e-06 1.02746e-06 7.34056e-07 5.24122e-07 3.74014e-07 2.66752e-07 1.90153e-07 1.35482e-07 9.64838e-08 6.86799e-08 4.8867e-08 3.47553e-08 2.47088e-08 1.75596e-08 1.24743e-08 8.85851e-09 6.28865e-09 4.46283e-09 3.16609e-09 2.24545e-09 1.59204e-09 1.12844e-09 7.99616e-10 5.66458e-10 4.01182e-10 2.84057e-10 2.01077e-10 1.42304e-10 1.00686e-10 7.12241e-11 5.03721e-11 3.56173e-11 2.51793e-11 1.77967e-11 1.25763e-11 8.88551e-12 6.27672e-12 4.43309e-12 3.13043e-12 2.21019e-12 1.56021e-12 1.1012e-12 7.77107e-13 5.48314e-13 3.86824e-13 2.72857e-13 1.92439e-13 1.35704e-13 9.56827e-14 6.74553e-14 4.75491e-14 3.35131e-14 2.36174e-14 1.66417e-14 1.17249e-14 8.25989e-15 5.8182e-15 4.09784e-15 2.88585e-15 2.0321e-15 1.43078e-15 1.00729e-15 7.0908e-16 4.99105e-16 3.51275e-16 2.47207e-16 1.73954e-16 1.22396e-16 8.6112e-17 6.05789e-17
0.0147583 0.0128883 0.0109112 0.00902872 0.00734093 0.0058858 0.00466553 0.00366321 0.00285308 0.00220672 0.00169649 0.0012973 0.000987367 0.000748305 0.00056497 0.000425082 0.000318827 0.000238445 0.000177858 0.000132343 9.82528e-05 7.27912e-05 5.38225e-05 3.97243e-05 2.92688e-05 2.15306e-05 1.58144e-05 1.15992e-05 8.49612e-06 6.21528e-06 4.54126e-06 3.31432e-06 2.41624e-06 1.75968e-06 1.28027e-06 9.30589e-07 6.75809e-07 4.9036e-07 3.55507e-07 2.57536e-07 1.86423e-07 1.34848e-07 9.74727e-08 7.04094e-08 5.08272e-08 3.66683e-08 2.64378e-08 1.90505e-08 1.37196e-08 9.87518e-09 7.10427e-09 5.10827e-09 3.67126e-09 2.63725e-09 1.89359e-09 1.35903e-09 9.7495e-10 6.99124e-10 5.01128e-10 3.59064e-10 2.57175e-10 1.84129e-10 1.31783e-10 9.42845e-11 6.74331e-11 4.82126e-11 3.44593e-11 2.46214e-11 1.75868e-11 1.25582e-11 8.96482e-12 6.3978e-12 4.56454e-12 3.25571e-12 2.32155e-12 1.65499e-12 1.17951e-12 8.40431e-13 5.9868e-13 4.26368e-13 3.0358e-13 2.16103e-13 1.53799e-13 1.09434e-13 7.78493e-14 5.53691e-14 3.93724e-14 2.79916e-14 1.98966e-14 1.41399e-14 1.00468e-14 7.1373e-15 5.06942e-15 3.60002e-15 2.55609e-15 1.81457e-15 1.28794e-15 9.14001e-16 6.48525e-16 4.60084e-16 3.26347e-16
0.0102861 0.00988961 0.00902872 0.00795565 0.00683018 0.00574774 0.00476027 0.00389123 0.0031462 0.0025202 0.00200255 0.00158004 0.00123893 0.000966085 0.000749577 0.000578973 0.000445368 0.000341312 0.000260669 0.000198448 0.000150636 0.000114031 8.61021e-05 6.48592e-05 4.87485e-05 3.65631e-05 2.73696e-05 2.04497e-05 1.52526e-05 1.13574e-05 8.44358e-06 6.26795e-06 4.64628e-06 3.4395e-06 2.54287e-06 1.87765e-06 1.38481e-06 1.02018e-06 7.50743e-07 5.51891e-07 4.05304e-07 2.97366e-07 2.17972e-07 1.59633e-07 1.16809e-07 8.54017e-08 6.23896e-08 4.55431e-08 3.32209e-08 2.42151e-08 1.76384e-08 1.28393e-08 9.33978e-09 6.78983e-09 4.93305e-09 3.58189e-09 2.59932e-09 1.88522e-09 1.36656e-09 9.9007e-10 7.16933e-10 5.18888e-10 3.75368e-10 2.71416e-10 1.9616e-10 1.41707e-10 1.02325e-10 7.38561e-11 5.32855e-11 3.84287e-11 2.77031e-11 1.99633e-11 1.43805e-11 1.03551e-11 7.45374e-12 5.36343e-12 3.85799e-12 2.77416e-12 1.99416e-12 1.433e-12 1.02943e-12 7.39281e-13 5.30753e-13 3.8093e-13 2.73321e-13 1.96054e-13 1.40591e-13 1.0079e-13 7.22376e-14 5.17599e-14 3.70776e-14 2.65534e-14 1.90116e-14 1.36086e-14 9.73871e-15 6.96768e-15 4.98396e-15 3.5642e-15 2.54831e-15 1.82158e-15 1.30182e-15
0.0071691 0.00752479 0.00734093 0.00683018 0.00614511 0.00539077 0.00463608 0.00392339 0.00327616 0.00270489 0.00221157 0.00179291 0.00144266 0.00115312 0.000916191 0.000724023 0.00056936 0.000445732 0.000347514 0.000269912 0.000208903 0.000161158 0.000123947 9.50571e-05 7.2707e-05 5.54729e-05 4.22242e-05 3.20684e-05 2.4304e-05 1.83829e-05 1.38781e-05 1.04584e-05 7.86788e-06 5.90939e-06 4.43151e-06 3.3183e-06 2.48121e-06 1.85275e-06 1.38167e-06 1.02908e-06 7.65544e-07 5.68837e-07 4.22204e-07 3.13033e-07 2.3185e-07 1.71551e-07 1.26812e-07 9.36529e-08 6.91022e-08 5.09431e-08 3.75242e-08 2.76175e-08 2.03101e-08 1.49248e-08 1.09592e-08 8.04154e-09 5.89648e-09 4.32067e-09 3.16389e-09 2.31532e-09 1.69328e-09 1.23761e-09 9.04019e-10 6.59966e-10 4.81527e-10 3.5114e-10 2.55922e-10 1.86427e-10 1.35734e-10 9.87756e-11 7.18458e-11 5.22332e-11 3.79568e-11 2.757e-11 2.00166e-11 1.45263e-11 1.05375e-11 7.6408e-12 5.53814e-12 4.01251e-12 2.90603e-12 2.10386e-12 1.52255e-12 1.10146e-12 7.96545e-13 5.75835e-13 4.16137e-13 3.00627e-13 2.17108e-13 1.56741e-13 1.13123e-13 8.16173e-14 5.88682e-14 4.24471e-14 3.05975e-14 2.20495e-14 1.58849e-14 1.14407e-14 8.23753e-15 5.92959e-15 4.26714e-15
0.00499664 0.00568507 0.0058858 0.00574774 0.00539077 0.00490691 0.00436376 0.00380871 0.00327316 0.00277638 0.00232871 0.00193423 0.00159282 0.00130168 0.0010565 0.000852211 0.000683574 0.000545501 0.000433271 0.00034264 0.000269879 0.000211778 0.000165607 0.000129082 0.000100306 7.77221e-05 6.00607e-05 4.62945e-05 3.55978e-05 2.73102e-05 2.09067e-05 1.59718e-05 1.21778e-05 9.26772e-06 7.04048e-06 5.33937e-06 4.04268e-06 3.05611e-06 2.30684e-06 1.73876e-06 1.30877e-06 9.83796e-07 7.38569e-07 5.53785e-07 4.14738e-07 3.10246e-07 2.31824e-07 1.73038e-07 1.29026e-07 9.61113e-08 7.15237e-08 5.31761e-08 3.9499e-08 2.93137e-08 2.17361e-08 1.61039e-08 1.19214e-08 8.81823e-09 6.51783e-09 4.81393e-09 3.55289e-09 2.62034e-09 1.93123e-09 1.42239e-09 1.04693e-09 7.70094e-10 5.66106e-10 4.15899e-10 3.05367e-10 2.2408e-10 1.64339e-10 1.20459e-10 8.82471e-11 6.46151e-11 4.72872e-11 3.45887e-11 2.52878e-11 1.84789e-11 1.3497e-11 9.85367e-12 7.19053e-12 5.24482e-12 3.82394e-12 2.78681e-12 2.03011e-12 1.47828e-12 1.07601e-12 7.82899e-13 5.69412e-13 4.13983e-13 3.00869e-13 2.18581e-13 1.58742e-13 1.15243e-13 8.36355e-14 6.0676e-14 4.40046e-14 3.19034e-14 2.31225e-14 1.67531e-14 1.21344e-14
0.00348251 0.00426934 0.00466553 0.00476027 0.00463608 0.00436376 0.00400071 0.00359129 0.0031682 0.00275432 0.00236464 0.00200806 0.00168897 0.00140853 0.00116572 0.000958142 0.000782615 0.000635602 0.000513505 0.000412861 0.00033046 0.000263408 0.000209149 0.000165466 0.000130463 0.000102537 8.03463e-05 6.27798e-05 4.89225e-05 3.8027e-05 2.94867e-05 2.2812e-05 1.76097e-05 1.35655e-05 1.04292e-05 8.00281e-06 6.12973e-06 4.68686e-06 3.57763e-06 2.72652e-06 2.07468e-06 1.57633e-06 1.19597e-06 9.06135e-07 6.85626e-07 5.18111e-07 3.91038e-07 2.94776e-07 2.21953e-07 1.66933e-07 1.25415e-07 9.41237e-08 7.05672e-08 5.28538e-08 3.95485e-08 2.95649e-08 2.20815e-08 1.64777e-08 1.22854e-08 9.15207e-09 6.81232e-09 5.06671e-09 3.76549e-09 2.79633e-09 2.07509e-09 1.53877e-09 1.14027e-09 8.44392e-10 6.24872e-10 4.62121e-10 3.41541e-10 2.52267e-10 1.86215e-10 1.37376e-10 1.01287e-10 7.46364e-11 5.49674e-11 4.04598e-11 2.97653e-11 2.18861e-11 1.60844e-11 1.18147e-11 8.67421e-12 6.3654e-12 4.66892e-12 3.42299e-12 2.5084e-12 1.83736e-12 1.34525e-12 9.84519e-13 7.20214e-13 5.26647e-13 3.84946e-13 2.8126e-13 2.05421e-13 1.49973e-13 1.09451e-13 7.98473e-14 5.82296e-14 4.24493e-14 3.09345e-14
0.0024272 0.00318959 0.00366321 0.00389123 0.00392339 0.00380871 0.00359129 0.00330846 0.00299018 0.00265941 0.00233289 0.00202215 0.00173448 0.00147391 0.00124208 0.00103885 0.000862944 0.000712361 0.000584692 0.000477373 0.00038785 0.000313686 0.00025263 0.000202654 0.000161962 0.000128989 0.000102392 8.10273e-05 6.39323e-05 5.03037e-05 3.94759e-05 3.09009e-05 2.41308e-05 1.8801e-05 1.46165e-05 1.13396e-05 8.77985e-06 6.78492e-06 5.23365e-06 4.02993e-06 3.09781e-06 2.3774e-06 1.82166e-06 1.39372e-06 1.06475e-06 8.12279e-07 6.1883e-07 4.7083e-07 3.5777e-07 2.71522e-07 2.0582e-07 1.55836e-07 1.17857e-07 8.90373e-08 6.71934e-08 5.06564e-08 3.81511e-08 2.87049e-08 2.15772e-08 1.62044e-08 1.21586e-08 9.11488e-09 6.82732e-09 5.10962e-09 3.82098e-09 2.85508e-09 2.13171e-09 1.59041e-09 1.18569e-09 8.83328e-10 6.5761e-10 4.89234e-10 3.63725e-10 2.70237e-10 2.0065e-10 1.48888e-10 1.10411e-10 8.18287e-11 6.06096e-11 4.4867e-11 3.31946e-11 2.45452e-11 1.81397e-11 1.33986e-11 9.89157e-12 7.29872e-12 5.38282e-12 3.96788e-12 2.92346e-12 2.15293e-12 1.58474e-12 1.16597e-12 8.57475e-13 6.30323e-13 4.63144e-13 3.40159e-13 2.49728e-13 1.83262e-13 1.34431e-13 9.85723e-14 7.22502e-14
0.00169169 0.00237219 0.00285308 0.0031462 0.00327616 0.00327316 0.0031682 0.00299018 0.00276428 0.00251135 0.00224785 0.00198616 0.00173513 0.00150063 0.00128617 0.00109343 0.000922729 0.000773443 0.000644309 0.000533682 0.00043972 0.000360528 0.00029425 0.000239131 0.000193559 0.000156083 0.000125416 0.000100438 8.01793e-05 6.38149e-05 5.06456e-05 4.00851e-05 3.16446e-05 2.49198e-05 1.9578e-05 1.53465e-05 1.20037e-05 9.36964e-06 7.29907e-06 5.67523e-06 4.40456e-06 3.41235e-06 2.63917e-06 2.03783e-06 1.57102e-06 1.20929e-06 9.29479e-07 7.13391e-07 5.46783e-07 4.18525e-07 3.19937e-07 2.44265e-07 1.86264e-07 1.41867e-07 1.07929e-07 8.20174e-08 6.22593e-08 4.7211e-08 3.57632e-08 2.70642e-08 2.04612e-08 1.54545e-08 1.16621e-08 8.79242e-09 6.62304e-09 4.98464e-09 3.74841e-09 2.81647e-09 2.11454e-09 1.58631e-09 1.18913e-09 8.9073e-10 6.66725e-10 4.98698e-10 3.72757e-10 2.78431e-10 2.07835e-10 1.55037e-10 1.15578e-10 8.61071e-11 6.41116e-11 4.77059e-11 3.54774e-11 2.63681e-11 1.95865e-11 1.4541e-11 1.07893e-11 8.00127e-12 5.93055e-12 4.39345e-12 3.25309e-12 2.40751e-12 1.78085e-12 1.31667e-12 9.73018e-13 7.18723e-13 5.30644e-13 3.91606e-13 2.8887e-13 2.12994e-13 1.5698e-13
0.00117905 0.00175729 0.00220672 0.0025202 0.00270489 0.00277638 0.00275432 0.00265941 0.00251135 0.00232773 0.00212342 0.00191045 0.00169809 0.00149316 0.00130036 0.00112265 0.000961601 0.00081774 0.000690816 0.000580044 0.000484292 0.000402232 0.000332447 0.000273516 0.000224069 0.000182823 0.000148604 0.000120358 9.71506e-05 7.81663e-05 6.27e-05 5.01481e-05 3.99981e-05 3.18184e-05 2.52477e-05 1.99856e-05 1.57837e-05 1.24377e-05 9.7802e-06 7.67482e-06 6.01084e-06 4.69874e-06 3.66637e-06 2.8558e-06 2.22066e-06 1.72396e-06 1.33624e-06 1.03413e-06 7.99143e-07 6.16666e-07 4.75195e-07 3.65686e-07 2.81046e-07 2.15722e-07 1.65377e-07 1.2663e-07 9.68486e-08 7.39873e-08 5.64601e-08 4.30389e-08 3.27737e-08 2.49315e-08 1.8947e-08 1.4385e-08 1.09112e-08 8.26861e-09 6.26041e-09 4.73578e-09 3.57938e-09 2.70309e-09 2.03965e-09 1.53782e-09 1.15854e-09 8.72141e-10 6.56048e-10 4.93135e-10 3.70411e-10 2.78032e-10 2.08549e-10 1.56324e-10 1.171e-10 8.76609e-11 6.5581e-11 4.90319e-11 3.66365e-11 2.73582e-11 2.04176e-11 1.5229e-11 1.13524e-11 8.45795e-12 6.298e-12 4.68713e-12 3.48643e-12 2.59196e-12 1.92599e-12 1.43041e-12 1.06183e-12 7.87837e-13 5.84266e-13 4.33092e-13 3.20885e-13
0.000821765 0.00129723 0.00169649 0.00200255 0.00221157 0.00232871 0.00236464 0.00233289 0.00224785 0.00212342 0.00197222 0.00180509 0.00163096 0.00145689 0.00128814 0.00112848 0.000980357 0.000845191 0.000723567 0.000615449 0.000520362 0.000437525 0.000365971 0.000304639 0.000252435 0.000208285 0.000171165 0.000140127 0.000114305 9.29235e-05 7.52973e-05 6.08267e-05 4.8993e-05 3.9351e-05 3.15221e-05 2.51862e-05 2.00745e-05 1.59627e-05 1.26644e-05 1.00259e-05 7.92053e-06 6.24472e-06 4.91395e-06 3.85957e-06 3.02596e-06 2.36828e-06 1.85042e-06 1.44345e-06 1.12422e-06 8.7425e-07 6.78858e-07 5.26381e-07 4.07584e-07 3.15171e-07 2.43393e-07 1.87722e-07 1.44605e-07 1.11257e-07 8.54996e-08 6.56302e-08 5.03223e-08 3.8543e-08 2.94898e-08 2.25399e-08 1.72105e-08 1.31283e-08 1.00048e-08 7.61732e-09 5.79427e-09 4.4036e-09 3.34377e-09 2.53685e-09 1.92305e-09 1.45657e-09 1.10236e-09 8.33639e-10 6.29939e-10 4.75655e-10 3.58895e-10 2.706e-10 2.03884e-10 1.5351e-10 1.15503e-10 8.68487e-11 6.52602e-11 4.90066e-11 3.67779e-11 2.75836e-11 2.06753e-11 1.54879e-11 1.15952e-11 8.67593e-12 6.48795e-12 4.84906e-12 3.62218e-12 2.70427e-12 2.0179e-12 1.50496e-12 1.12183e-12 8.35817e-13 6.22416e-13
0.000572745 0.000954621 0.0012973 0.00158004 0.00179291 0.00193423 0.00200806 0.00202215 0.00198616 0.00191045 0.00180509 0.00167933 0.00154124 0.00139755 0.00125366 0.00111369 0.000980651 0.000856571 0.000742676 0.000639548 0.000547274 0.000465574 0.000393911 0.000331579 0.000277775 0.000231656 0.000192374 0.000159114 0.000131106 0.00010764 8.80723e-05 7.18279e-05 5.83984e-05 4.73397e-05 3.82668e-05 3.08494e-05 2.48054e-05 1.9896e-05 1.59204e-05 1.271e-05 1.01246e-05 8.0481e-06 6.3844e-06 5.05464e-06 3.99424e-06 3.1505e-06 2.48058e-06 1.94976e-06 1.52998e-06 1.19865e-06 9.37603e-07 7.32299e-07 5.71109e-07 4.44764e-07 3.45891e-07 2.68635e-07 2.08362e-07 1.61406e-07 1.24877e-07 9.64983e-08 7.44812e-08 5.74217e-08 4.42201e-08 3.40165e-08 2.61395e-08 2.00657e-08 1.53876e-08 1.17885e-08 9.02248e-09 6.89894e-09 5.27032e-09 4.02253e-09 3.06745e-09 2.33712e-09 1.77916e-09 1.35329e-09 1.02852e-09 7.81066e-10 5.92688e-10 4.49399e-10 3.40497e-10 2.57796e-10 1.95041e-10 1.47458e-10 1.11406e-10 8.41117e-11 6.34618e-11 4.78503e-11 3.60559e-11 2.71515e-11 2.04335e-11 1.53683e-11 1.15518e-11 8.6779e-12 6.51523e-12 4.88874e-12 3.66624e-12 2.74793e-12 2.05852e-12 1.54125e-12 1.15336e-12
0.000399186 0.000700535 0.000987367 0.00123893 0.00144266 0.00159282 0.00168897 0.00173448 0.00173513 0.00169809 0.00163096 0.00154124 0.00143582 0.00132079 0.0012013 0.00108153 0.000964714 0.00085327 0.000748865 0.000652548 0.000564866 0.000485966 0.000415695 0.000353683 0.000299411 0.000252272 0.000211608 0.000176754 0.000147054 0.000121883 0.000100658 8.28468e-05 6.79656e-05 5.55846e-05 4.53244e-05 3.68534e-05 2.98842e-05 2.41699e-05 1.94994e-05 1.56936e-05 1.26014e-05 1.0096e-05 8.07136e-06 6.43939e-06 5.12714e-06 4.07442e-06 3.23182e-06 2.55884e-06 2.02246e-06 1.59581e-06 1.2571e-06 9.88708e-07 7.76415e-07 6.08792e-07 4.76662e-07 3.72681e-07 2.90982e-07 2.26888e-07 1.76682e-07 1.3741e-07 1.06736e-07 8.28088e-08 6.41701e-08 4.96696e-08 3.84027e-08 2.96592e-08 2.2882e-08 1.7635e-08 1.35773e-08 1.04429e-08 8.02428e-09 6.15996e-09 4.72438e-09 3.62006e-09 2.77141e-09 2.11985e-09 1.62009e-09 1.23711e-09 9.43893e-10 7.19592e-10 5.48161e-10 4.17247e-10 3.17358e-10 2.41203e-10 1.83188e-10 1.39028e-10 1.05439e-10 7.99098e-11 6.05207e-11 4.58056e-11 3.46457e-11 2.61879e-11 1.97823e-11 1.49342e-11 1.12674e-11 8.4958e-12 6.40218e-12 4.82169e-12 3.62929e-12 2.73024e-12 2.05276e-12
0.000278221 0.00051278 0.000748305 0.000966085 0.00115312 0.00130168 0.00140853 0.00147391 0.00150063 0.00149316 0.00145689 0.00139755 0.00132079 0.00123186 0.0011354 0.00103539 0.000935099 0.00083709 0.000743302 0.000655107 0.000573394 0.000498658 0.000431071 0.000370561 0.000316876 0.000269632 0.000228366 0.000192566 0.000161704 0.000135254 0.000112706 9.35831e-05 7.74409e-05 6.38755e-05 5.25233e-05 4.30608e-05 3.52028e-05 2.87005e-05 2.33381e-05 1.89299e-05 1.53173e-05 1.23652e-05 9.95973e-06 8.00485e-06 6.42022e-06 5.1389e-06 4.10527e-06 3.27336e-06 2.60526e-06 2.06985e-06 1.64165e-06 1.29986e-06 1.02757e-06 8.11047e-07 6.39171e-07 5.02973e-07 3.95226e-07 3.10125e-07 2.43016e-07 1.90176e-07 1.48632e-07 1.16017e-07 9.04476e-08 7.04287e-08 5.47764e-08 4.2554e-08 3.30219e-08 2.5597e-08 1.98204e-08 1.53315e-08 1.18471e-08 9.14551e-09 7.0531e-09 5.43422e-09 4.183e-09 3.21693e-09 2.47176e-09 1.89753e-09 1.45546e-09 1.11543e-09 8.54134e-10 6.53518e-10 4.99624e-10 3.81673e-10 2.91344e-10 2.22225e-10 1.6938e-10 1.29007e-10 9.81878e-11 7.46789e-11 5.67596e-11 4.3111e-11 3.27227e-11 2.48214e-11 1.88159e-11 1.42544e-11 1.07921e-11 8.16574e-12 6.17484e-12 4.66658e-12 3.52468e-12
0.000193911 0.000374488 0.00056497 0.000749577 0.000916191 0.0010565 0.00116572 0.00124208 0.00128617 0.00130036 0.00128814 0.00125366 0.0012013 0.0011354 0.00105997 0.000978634 0.000894475 0.000810067 0.000727456 0.000648206 0.000573443 0.000503918 0.000440068 0.000382072 0.000329908 0.000283404 0.000242278 0.000206173 0.000174689 0.000147406 0.0001239 0.000103755 8.6579e-05 7.20025e-05 5.9687e-05 4.93253e-05 4.0642e-05 3.33923e-05 2.73611e-05 2.23606e-05 1.8228e-05 1.48231e-05 1.20261e-05 9.73482e-06 7.86295e-06 6.33766e-06 5.09787e-06 4.09254e-06 3.2792e-06 2.62266e-06 2.09381e-06 1.6687e-06 1.32767e-06 1.0546e-06 8.36361e-07 6.62261e-07 5.23615e-07 4.13389e-07 3.25902e-07 2.56574e-07 2.01721e-07 1.58386e-07 1.24201e-07 9.72722e-08 7.60889e-08 5.94477e-08 4.63919e-08 3.61622e-08 2.81569e-08 2.18998e-08 1.70151e-08 1.32062e-08 1.02395e-08 7.93132e-09 6.13747e-09 4.7448e-09 3.66471e-09 2.8279e-09 2.1802e-09 1.67938e-09 1.29248e-09 9.93875e-10 7.63622e-10 5.86235e-10 4.49694e-10 3.44684e-10 2.63992e-10 2.02037e-10 1.54507e-10 1.18073e-10 9.0165e-11 6.8805e-11 5.24688e-11 3.9984e-11 3.04495e-11 2.31733e-11 1.76244e-11 1.33957e-11 1.01751e-11 7.72412e-12 5.85995e-12
0.00013515 0.000272922 0.000425082 0.000578973 0.000724023 0.000852211 0.000958142 0.00103885 0.00109343 0.00112265 0.00112848 0.00111369 0.00108153 0.00103539 0.000978634 0.000914387 0.000845467 0.000774313 0.000702959 0.000633046 0.000565839 0.000502265 0.000442954 0.000388288 0.00033844 0.00029342 0.000253111 0.000217303 0.000185724 0.000158057 0.000133968 0.000113113 9.51534e-05 7.97653e-05 6.66419e-05 5.54992e-05 4.60777e-05 3.81429e-05 3.14853e-05 2.59191e-05 2.12811e-05 1.7429e-05 1.42395e-05 1.16065e-05 9.43893e-06 7.65939e-06 6.20222e-06 5.012e-06 4.04217e-06 3.25375e-06 2.61424e-06 2.09663e-06 1.67857e-06 1.34158e-06 1.07047e-06 8.52775e-07 6.78291e-07 5.38687e-07 4.27183e-07 3.3827e-07 2.67488e-07 2.11227e-07 1.66577e-07 1.31194e-07 1.03195e-07 8.10709e-08 6.36128e-08 4.98551e-08 3.90276e-08 3.0517e-08 2.38359e-08 1.85974e-08 1.44947e-08 1.12855e-08 8.77783e-09 6.8206e-09 5.29463e-09 4.10614e-09 3.18146e-09 2.46275e-09 1.90469e-09 1.47178e-09 1.13629e-09 8.76525e-10 6.75583e-10 5.20281e-10 4.00358e-10 3.07834e-10 2.36509e-10 1.81572e-10 1.39292e-10 1.06778e-10 8.1795e-11 6.26127e-11 4.78955e-11 3.66124e-11 2.79685e-11 2.13512e-11 1.62888e-11 1.24188e-11 9.46221e-12
9.41957e-05 0.000198523 0.000318827 0.000445368 0.00056936 0.000683574 0.000782615 0.000862944 0.000922729 0.000961601 0.000980357 0.000980651 0.000964714 0.000935099 0.000894475 0.000845467 0.000790537 0.000731903 0.000671499 0.000610948 0.00055157 0.000494394 0.000440182 0.000389464 0.000342568 0.000299657 0.000260758 0.000225794 0.000194609 0.000166991 0.000142692 0.000121443 0.000102965 8.6982e-05 7.32251e-05 6.14394e-05 5.13867e-05 4.28477e-05 3.5623e-05 2.95331e-05 2.44179e-05 2.01361e-05 1.65633e-05 1.35913e-05 1.11265e-05 9.08807e-06 7.40683e-06 6.02382e-06 4.88899e-06 3.96007e-06 3.20146e-06 2.58333e-06 2.08077e-06 1.67302e-06 1.34287e-06 1.07608e-06 8.6089e-07 6.8765e-07 5.48428e-07 4.3674e-07 3.4729e-07 2.75769e-07 2.18673e-07 1.73165e-07 1.36946e-07 1.08163e-07 8.53228e-08 6.72227e-08 5.28987e-08 4.1578e-08 3.26425e-08 2.55986e-08 2.00526e-08 1.56912e-08 1.22655e-08 9.57785e-09 7.47154e-09 5.82267e-09 4.53328e-09 3.52606e-09 2.74007e-09 2.12734e-09 1.65014e-09 1.27886e-09 9.90258e-10 7.66136e-10 5.92245e-10 4.57447e-10 3.53046e-10 2.72257e-10 2.09792e-10 1.61536e-10 1.24286e-10 9.55553e-11 7.3413e-11 5.63613e-11 4.32399e-11 3.31504e-11 2.53979e-11 1.94454e-11 1.48782e-11
6.56516e-05 0.000144152 0.000238445 0.000341312 0.000445732 0.000545501 0.000635602 0.000712361 0.000773443 0.00081774 0.000845191 0.000856571 0.00085327 0.00083709 0.000810067 0.000774313 0.000731903 0.000684787 0.000634728 0.000583268 0.00053171 0.00048112 0.000432338 0.000385993 0.000342527 0.000302224 0.000265231 0.000231584 0.000201235 0.000174066 0.000149913 0.000128579 0.000109849 9.34948e-05 7.92905e-05 6.70135e-05 5.64513e-05 4.7404e-05 3.96861e-05 3.31281e-05 2.75763e-05 2.28931e-05 1.89557e-05 1.56562e-05 1.28996e-05 1.06035e-05 8.69643e-06 7.11669e-06 5.81157e-06 4.73603e-06 3.85185e-06 3.12668e-06 2.53327e-06 2.04875e-06 1.65396e-06 1.33294e-06 1.07243e-06 8.61431e-07 6.90845e-07 5.53183e-07 4.42285e-07 3.53099e-07 2.81493e-07 2.24095e-07 1.78158e-07 1.41448e-07 1.12156e-07 8.88175e-08 7.02479e-08 5.54932e-08 4.37855e-08 3.45077e-08 2.71649e-08 2.13607e-08 1.67783e-08 1.31649e-08 1.03189e-08 8.07987e-09 6.3203e-09 4.93905e-09 3.85593e-09 3.00749e-09 2.34355e-09 1.82452e-09 1.41917e-09 1.1029e-09 8.5638e-10 6.64396e-10 5.15022e-10 3.98905e-10 3.08719e-10 2.38734e-10 1.84471e-10 1.42433e-10 1.09892e-10 8.47227e-11 6.52708e-11 5.0249e-11 3.86572e-11 2.97189e-11 2.28317e-11
4.57571e-05 0.000104504 0.000177858 0.000260669 0.000347514 0.000433271 0.000513505 0.000584692 0.000644309 0.000690816 0.000723567 0.000742676 0.000748865 0.000743302 0.000727456 0.000702959 0.000671499 0.000634728 0.000594203 0.000551333 0.000507355 0.000463322 0.000420099 0.000378371 0.00033866 0.000301335 0.000266639 0.000234704 0.00020557 0.000179206 0.000155526 0.000134402 0.000115676 9.91749e-05 8.47132e-05 7.21043e-05 6.11641e-05 5.17152e-05 4.35895e-05 3.66302e-05 3.06931e-05 2.56467e-05 2.13725e-05 1.77646e-05 1.47288e-05 1.21823e-05 1.00525e-05 8.27635e-06 6.79909e-06 5.57366e-06 4.5597e-06 3.72275e-06 3.03355e-06 2.46728e-06 2.00305e-06 1.62328e-06 1.31323e-06 1.06062e-06 8.55195e-07 6.88457e-07 5.53365e-07 4.44108e-07 3.55895e-07 2.84792e-07 2.27573e-07 1.81601e-07 1.4472e-07 1.15179e-07 9.15495e-08 7.26767e-08 5.76237e-08 4.56337e-08 3.6096e-08 2.8519e-08 2.25071e-08 1.77429e-08 1.39721e-08 1.0991e-08 8.63701e-09 6.78026e-09 5.31737e-09 4.16602e-09 3.26083e-09 2.54992e-09 1.99215e-09 1.55498e-09 1.21266e-09 9.4487e-10 7.35583e-10 5.72169e-10 4.44689e-10 3.45329e-10 2.67955e-10 2.07753e-10 1.60951e-10 1.24598e-10 9.63832e-11 7.45025e-11 5.75471e-11 4.44187e-11 3.42612e-11
3.18913e-05 7.56475e-05 0.000132343 0.000198448 0.000269912 0.00034264 0.000412861 0.000477373 0.000533682 0.000580044 0.000615449 0.000639548 0.000652548 0.000655107 0.000648206 0.000633046 0.000610948 0.000583268 0.000551333 0.000516392 0.000479579 0.000441892 0.000404184 0.000367161 0.000331385 0.000297286 0.000265176 0.000235261 0.000207656 0.000182404 0.000159486 0.000138838 0.000120359 0.000103925 8.93929e-05 7.66131e-05 6.54312e-05 5.56943e-05 4.72539e-05 3.99688e-05 3.37062e-05 2.83434e-05 2.37681e-05 1.98782e-05 1.65821e-05 1.37982e-05 1.1454e-05 9.48598e-06 7.83837e-06 6.46279e-06 5.31732e-06 4.36588e-06 3.57753e-06 2.92586e-06 2.38838e-06 1.94607e-06 1.58284e-06 1.28518e-06 1.04173e-06 8.43014e-07 6.81107e-07 5.49436e-07 4.42544e-07 3.55918e-07 2.85832e-07 2.29223e-07 1.8357e-07 1.46811e-07 1.17257e-07 9.35318e-08 7.45126e-08 5.92874e-08 4.7116e-08 3.7399e-08 2.96515e-08 2.34823e-08 1.85759e-08 1.46786e-08 1.15865e-08 9.13624e-09 7.19672e-09 5.66321e-09 4.45206e-09 3.49653e-09 2.74346e-09 2.15057e-09 1.68426e-09 1.31787e-09 1.03026e-09 8.04724e-10 6.2802e-10 4.89704e-10 3.81535e-10 2.97017e-10 2.31036e-10 1.79571e-10 1.39462e-10 1.0823e-10 8.39284e-11 6.50356e-11 5.0359e-11
2.22273e-05 5.46836e-05 9.82528e-05 0.000150636 0.000208903 0.000269879 0.00033046 0.00038785 0.00043972 0.000484292 0.000520362 0.000547274 0.000564866 0.000573394 0.000573443 0.000565839 0.00055157 0.00053171 0.000507355 0.000479579 0.000449388 0.0004177 0.000385324 0.000352955 0.00032117 0.000290432 0.000261097 0.000233427 0.000207595 0.000183705 0.000161796 0.000141859 0.000123847 0.000107679 9.32556e-05 8.0462e-05 6.91746e-05 5.9266e-05 5.06089e-05 4.30791e-05 3.65574e-05 3.09317e-05 2.60974e-05 2.19583e-05 1.84268e-05 1.54237e-05 1.28781e-05 1.07269e-05 8.91433e-06 7.3914e-06 6.1153e-06 5.04881e-06 4.15977e-06 3.42044e-06 2.80707e-06 2.29936e-06 1.88002e-06 1.53441e-06 1.25017e-06 1.01685e-06 8.2572e-07 6.69434e-07 5.41878e-07 4.37956e-07 3.53435e-07 2.8481e-07 2.29183e-07 1.84164e-07 1.47786e-07 1.18437e-07 9.47923e-08 7.57716e-08 6.04921e-08 4.82348e-08 3.84152e-08 3.05589e-08 2.42814e-08 1.92718e-08 1.52789e-08 1.21002e-08 9.57268e-09 7.56524e-09 5.97267e-09 4.71065e-09 3.71164e-09 2.92167e-09 2.29766e-09 1.80525e-09 1.41707e-09 1.11136e-09 8.70833e-10 6.81771e-10 5.333e-10 4.16813e-10 3.25501e-10 2.53986e-10 1.98026e-10 1.54274e-10 1.20096e-10 9.34184e-11 7.26126e-11
1.54918e-05 3.94786e-05 7.27912e-05 0.000114031 0.000161158 0.000211778 0.000263408 0.000313686 0.000360528 0.000402232 0.000437525 0.000465574 0.000485966 0.000498658 0.000503918 0.000502265 0.000494394 0.00048112 0.000463322 0.000441892 0.0004177 0.000391563 0.000364228 0.000336354 0.000308508 0.000281164 0.000254703 0.000229423 0.00020554 0.000183205 0.000162505 0.00014348 0.000126124 0.000110403 9.62535e-05 8.35951e-05 7.23342e-05 6.23691e-05 5.35945e-05 4.59041e-05 3.91938e-05 3.33633e-05 2.83173e-05 2.39669e-05 2.02298e-05 1.70305e-05 1.43008e-05 1.19791e-05 1.00104e-05 8.34602e-06 6.94277e-06 5.76292e-06 4.7735e-06 3.94585e-06 3.25522e-06 2.68027e-06 2.20272e-06 1.80694e-06 1.47963e-06 1.2095e-06 9.87013e-07 8.04123e-07 6.54067e-07 5.31177e-07 4.30714e-07 3.48729e-07 2.81936e-07 2.2761e-07 1.83496e-07 1.47729e-07 1.18775e-07 9.53705e-08 7.64801e-08 6.12544e-08 4.89997e-08 3.91496e-08 3.12427e-08 2.4904e-08 1.98288e-08 1.57704e-08 1.2529e-08 9.94318e-09 7.88278e-09 6.24291e-09 4.93919e-09 3.90386e-09 3.08254e-09 2.4317e-09 1.91647e-09 1.50901e-09 1.18711e-09 9.33039e-10 7.32704e-10 5.74888e-10 4.50681e-10 3.53015e-10 2.76287e-10 2.16062e-10 1.6883e-10 1.3182e-10 1.02844e-10
1.07973e-05 2.84673e-05 5.38225e-05 8.61021e-05 0.000123947 0.000165607 0.000209149 0.00025263 0.00029425 0.000332447 0.000365971 0.000393911 0.000415695 0.000431071 0.000440068 0.000442954 0.000440182 0.000432338 0.000420099 0.000404184 0.000385324 0.000364228 0.000341564 0.000317939 0.000293892 0.00026989 0.000246322 0.000223504 0.000201682 0.00018104 0.000161703 0.000143748 0.000127212 0.000112093 9.8365e-05 8.59783e-05 7.48678e-05 6.49571e-05 5.61623e-05 4.8396e-05 4.15694e-05 3.5595e-05 3.03882e-05 2.58683e-05 2.19593e-05 1.85908e-05 1.5698e-05 1.3222e-05 1.11093e-05 9.31214e-06 7.78779e-06 6.49848e-06 5.4109e-06 4.49588e-06 3.72797e-06 3.08509e-06 2.54815e-06 2.1007e-06 1.72866e-06 1.41997e-06 1.16438e-06 9.53177e-07 7.78994e-07 6.35615e-07 5.1781e-07 4.2119e-07 3.42085e-07 2.77429e-07 2.2467e-07 1.8169e-07 1.4673e-07 1.18338e-07 9.53149e-08 7.6672e-08 6.15978e-08 4.94263e-08 3.96119e-08 3.17086e-08 2.53528e-08 2.02478e-08 1.61527e-08 1.28718e-08 1.02462e-08 8.14757e-09 6.47208e-09 5.13591e-09 4.07153e-09 3.22456e-09 2.55132e-09 2.01673e-09 1.59267e-09 1.25663e-09 9.90599e-10 7.80195e-10 6.13947e-10 4.8271e-10 3.79206e-10 2.97649e-10 2.33442e-10 1.82939e-10 1.43248e-10
7.52538e-06 2.05043e-05 3.97243e-05 6.48592e-05 9.50571e-05 0.000129082 0.000165466 0.000202654 0.000239131 0.000273516 0.000304639 0.000331579 0.000353683 0.000370561 0.000382072 0.000388288 0.000389464 0.000385993 0.000378371 0.000367161 0.000352955 0.000336354 0.000317939 0.000298255 0.0002778 0.000257019 0.000236294 0.000215945 0.000196236 0.000177372 0.000159506 0.000142745 0.000127156 0.000112771 9.9592e-05 8.75985e-05 7.67518e-05 6.69988e-05 5.82769e-05 5.05169e-05 4.36459e-05 3.75898e-05 3.22749e-05 2.76297e-05 2.35855e-05 2.00778e-05 1.70462e-05 1.4435e-05 1.21933e-05 1.02747e-05 8.63768e-06 7.24492e-06 6.06328e-06 5.06346e-06 4.21966e-06 3.50934e-06 2.91282e-06 2.41304e-06 1.99527e-06 1.64681e-06 1.35679e-06 1.11591e-06 9.16236e-07 7.5105e-07 6.14652e-07 5.02233e-07 4.09744e-07 3.33785e-07 2.71508e-07 2.20533e-07 1.78876e-07 1.44889e-07 1.17201e-07 9.46797e-08 7.63872e-08 6.15509e-08 4.95348e-08 3.98161e-08 3.19661e-08 2.56338e-08 2.05324e-08 1.64277e-08 1.31291e-08 1.04816e-08 8.35899e-09 6.6593e-09 5.29978e-09 4.21358e-09 3.34668e-09 2.65556e-09 2.10515e-09 1.66725e-09 1.31923e-09 1.0429e-09 8.2372e-10 6.50032e-10 5.12524e-10 4.03761e-10 3.17813e-10 2.49954e-10 1.96425e-10
5.24496e-06 1.47533e-05 2.92688e-05 4.87485e-05 7.2707e-05 0.000100306 0.000130463 0.000161962 0.000193559 0.000224069 0.000252435 0.000277775 0.000299411 0.000316876 0.000329908 0.00033844 0.000342568 0.000342527 0.00033866 0.000331385 0.00032117 0.000308508 0.000293892 0.0002778 0.000260681 0.000242945 0.000224956 0.000207031 0.000189435 0.000172386 0.000156056 0.000140574 0.00012603 0.000112482 9.9958e-05 8.84623e-05 7.79793e-05 6.8478e-05 5.99153e-05 5.22398e-05 4.53941e-05 3.93174e-05 3.39475e-05 2.92225e-05 2.50818e-05 2.1467e-05 1.83231e-05 1.55984e-05 1.32449e-05 1.12186e-05 9.47943e-06 7.99122e-06 6.72139e-06 5.6409e-06 4.72399e-06 3.94789e-06 3.29262e-06 2.7407e-06 2.27692e-06 1.88809e-06 1.56281e-06 1.29127e-06 1.06506e-06 8.76996e-07 7.20947e-07 5.9171e-07 4.84875e-07 3.96718e-07 3.24101e-07 2.64387e-07 2.15365e-07 1.75185e-07 1.42305e-07 1.1544e-07 9.35232e-08 7.56693e-08 6.11461e-08 4.9349e-08 3.97793e-08 3.20271e-08 2.57554e-08 2.0688e-08 1.65989e-08 1.33033e-08 1.06504e-08 8.51746e-09 6.80452e-09 5.43047e-09 4.3295e-09 3.44831e-09 2.74378e-09 2.1811e-09 1.73217e-09 1.37437e-09 1.08947e-09 8.62861e-10 6.8278e-10 5.39811e-10 4.26414e-10 3.36553e-10 2.65409e-10
3.65558e-06 1.06049e-05 2.15306e-05 3.65631e-05 5.54729e-05 7.77221e-05 0.000102537 0.000128989 0.000156083 0.000182823 0.000208285 0.000231656 0.000252272 0.000269632 0.000283404 0.00029342 0.000299657 0.000302224 0.000301335 0.000297286 0.000290432 0.000281164 0.00026989 0.000257019 0.000242945 0.000228038 0.000212637 0.000197042 0.000181515 0.000166277 0.000151509 0.000137355 0.000123923 0.00011129 9.95051e-05 8.85933e-05 7.85596e-05 6.93925e-05 6.1067e-05 5.35481e-05 4.67933e-05 4.07548e-05 3.53821e-05 3.06228e-05 2.64247e-05 2.27364e-05 1.95083e-05 1.66934e-05 1.42474e-05 1.21289e-05 1.03001e-05 8.72616e-06 7.37563e-06 6.22011e-06 5.23415e-06 4.39511e-06 3.68294e-06 3.07996e-06 2.57065e-06 2.14146e-06 1.78061e-06 1.47787e-06 1.22443e-06 1.01271e-06 8.36176e-07 6.8928e-07 5.67276e-07 4.66132e-07 3.82433e-07 3.13291e-07 2.56272e-07 2.09329e-07 1.70743e-07 1.39078e-07 1.13133e-07 9.19053e-08 7.45642e-08 6.04181e-08 4.88948e-08 3.95209e-08 3.19058e-08 2.57278e-08 2.07221e-08 1.66714e-08 1.33976e-08 1.07549e-08 8.62427e-09 6.90843e-09 5.52823e-09 4.41928e-09 3.52925e-09 2.8157e-09 2.24424e-09 1.78706e-09 1.42169e-09 1.12997e-09 8.97304e-10 7.11908e-10 5.64323e-10 4.46947e-10 3.53684e-10
2.54783e-06 7.61589e-06 1.58144e-05 2.73696e-05 4.22242e-05 6.00607e-05 8.03463e-05 0.000102392 0.000125416 0.000148604 0.000171165 0.000192374 0.000211608 0.000228366 0.000242278 0.000253111 0.000260758 0.000265231 0.000266639 0.000265176 0.000261097 0.000254703 0.000246322 0.000236294 0.000224956 0.000212637 0.000199641 0.00018625 0.000172712 0.000159245 0.000146031 0.000133223 0.000120941 0.000109275 9.82904e-05 8.80302e-05 7.85161e-05 6.97533e-05 6.17331e-05 5.44355e-05 4.78318e-05 4.18869e-05 3.6561e-05 3.18117e-05 2.75951e-05 2.3867e-05 2.05837e-05 1.77033e-05 1.51852e-05 1.29917e-05 1.10871e-05 9.43871e-06 8.0164e-06 6.79278e-06 5.74308e-06 4.84506e-06 4.07882e-06 3.4267e-06 2.87308e-06 2.4042e-06 2.00802e-06 1.67401e-06 1.39304e-06 1.15718e-06 9.59594e-07 7.94409e-07 6.56577e-07 5.41787e-07 4.46364e-07 3.67182e-07 3.01593e-07 2.47355e-07 2.02579e-07 1.65675e-07 1.35307e-07 1.10355e-07 8.9886e-08 7.31183e-08 5.94027e-08 4.81997e-08 3.90616e-08 3.16179e-08 2.55625e-08 2.0643e-08 1.66512e-08 1.34164e-08 1.07981e-08 8.68147e-09 6.97235e-09 5.59387e-09 4.48335e-09 3.58968e-09 2.8713e-09 2.29446e-09 1.83176e-09 1.46098e-09 1.16418e-09 9.26835e-10 7.37214e-10 5.85871e-10 4.65192e-10
1.77576e-06 5.4646e-06 1.15992e-05 2.04497e-05 3.20684e-05 4.62945e-05 6.27798e-05 8.10273e-05 0.000100438 0.000120358 0.000140127 0.000159114 0.000176754 0.000192566 0.000206173 0.000217303 0.000225794 0.000231584 0.000234704 0.000235261 0.000233427 0.000229423 0.000223504 0.000215945 0.000207031 0.000197042 0.00018625 0.000174909 0.000163252 0.000151485 0.000139789 0.000128317 0.000117196 0.000106525 9.63828e-05 8.68236e-05 7.78837e-05 6.95825e-05 6.19252e-05 5.49053e-05 4.85065e-05 4.27054e-05 3.74728e-05 3.27756e-05 2.85782e-05 2.48435e-05 2.15342e-05 1.86132e-05 1.60446e-05 1.3794e-05 1.18287e-05 1.01183e-05 8.63428e-06 7.35066e-06 6.24363e-06 5.29157e-06 4.47502e-06 3.77653e-06 3.18056e-06 2.6733e-06 2.24258e-06 1.8777e-06 1.56929e-06 1.30917e-06 1.09025e-06 9.06371e-07 7.52243e-07 6.23301e-07 5.15632e-07 4.25893e-07 3.51233e-07 2.89225e-07 2.37815e-07 1.95262e-07 1.60097e-07 1.31084e-07 1.07183e-07 8.7524e-08 7.13779e-08 5.81361e-08 4.72917e-08 3.8423e-08 3.11798e-08 2.52722e-08 2.04601e-08 1.65454e-08 1.33648e-08 1.07837e-08 8.69169e-09 6.9981e-09 5.62862e-09 4.5225e-09 3.63008e-09 2.91087e-09 2.33188e-09 1.86626e-09 1.4922e-09 1.19201e-09 9.51333e-10 7.58569e-10 6.04328e-10
1.23765e-06 3.91777e-06 8.49612e-06 1.52526e-05 2.4304e-05 3.55978e-05 4.89225e-05 6.39323e-05 8.01793e-05 9.71506e-05 0.000114305 0.000131106 0.000147054 0.000161704 0.000174689 0.000185724 0.000194609 0.000201235 0.00020557 0.000207656 0.000207595 0.00020554 0.000201682 0.000196236 0.000189435 0.000181515 0.000172712 0.000163252 0.000153345 0.000143186 0.000132947 0.000122778 0.000112807 0.000103139 9.38598e-05 8.50336e-05 7.67074e-05 6.89119e-05 6.16642e-05 5.49692e-05 4.8822e-05 4.32095e-05 3.81123e-05 3.35063e-05 2.93636e-05 2.56544e-05 2.23474e-05 1.94109e-05 1.68134e-05 1.45244e-05 1.25143e-05 1.0755e-05 9.22035e-06 7.88579e-06 6.72873e-06 5.72848e-06 4.86621e-06 4.12488e-06 3.48921e-06 2.94551e-06 2.4816e-06 2.08673e-06 1.75139e-06 1.46723e-06 1.22698e-06 1.02426e-06 8.5358e-07 7.10149e-07 5.89853e-07 4.89151e-07 4.05006e-07 3.34823e-07 2.76387e-07 2.27815e-07 1.87509e-07 1.54117e-07 1.26497e-07 1.03686e-07 8.48759e-08 6.9388e-08 5.66538e-08 4.61988e-08 3.76269e-08 3.06085e-08 2.48698e-08 2.01835e-08 1.63615e-08 1.32485e-08 1.07159e-08 8.65803e-09 6.98793e-09 5.63407e-09 4.53785e-09 3.65121e-09 2.93489e-09 2.35679e-09 1.89074e-09 1.51541e-09 1.21345e-09 9.70767e-10 7.75917e-10
8.62605e-07 2.80662e-06 6.21528e-06 1.13574e-05 1.83829e-05 2.73102e-05 3.8027e-05 5.03037e-05 6.38149e-05 7.81663e-05 9.29235e-05 0.00010764 0.000121883 0.000135254 0.000147406 0.000158057 0.000166991 0.000174066 0.000179206 0.000182404 0.000183705 0.000183205 0.00018104 0.000177372 0.000172386 0.000166277 0.000159245 0.000151485 0.000143186 0.000134525 0.000125663 0.000116744 0.000107892 9.92164e-05 9.08042e-05 8.2727e-05 7.50394e-05 6.77812e-05 6.09787e-05 5.46468e-05 4.879e-05 4.34047e-05 3.84802e-05 3.40005e-05 2.99455e-05 2.62918e-05 2.30144e-05 2.00866e-05 1.74818e-05 1.51731e-05 1.31342e-05 1.134e-05 9.76637e-06 8.39063e-06 7.19164e-06 6.14979e-06 5.2471e-06 4.46716e-06 3.79507e-06 3.21743e-06 2.72222e-06 2.29869e-06 1.93734e-06 1.62973e-06 1.36846e-06 1.14703e-06 9.59746e-07 8.01674e-07 6.68521e-07 5.56575e-07 4.62636e-07 3.83953e-07 3.18164e-07 2.63254e-07 2.17502e-07 1.79443e-07 1.47836e-07 1.21628e-07 9.99307e-08 8.19953e-08 6.71915e-08 5.49902e-08 4.49482e-08 3.66949e-08 2.99208e-08 2.43684e-08 1.98233e-08 1.61075e-08 1.30735e-08 1.05992e-08 8.58392e-09 6.94439e-09 5.61212e-09 4.53076e-09 3.65404e-09 2.94403e-09 2.36965e-09 1.90549e-09 1.53079e-09 1.22862e-09 9.85182e-10
6.01209e-07 2.00913e-06 4.54126e-06 8.44358e-06 1.38781e-05 2.09067e-05 2.94867e-05 3.94759e-05 5.06456e-05 6.27e-05 7.52973e-05 8.80723e-05 0.000100658 0.000112706 0.0001239 0.000133968 0.000142692 0.000149913 0.000155526 0.000159486 0.000161796 0.000162505 0.000161703 0.000159506 0.000156056 0.000151509 0.000146031 0.000139789 0.000132947 0.000125663 0.000118085 0.000110347 0.000102569 9.48576e-05 8.73011e-05 7.99743e-05 7.2937e-05 6.62355e-05 5.99035e-05 5.39636e-05 4.84284e-05 4.33022e-05 3.85824e-05 3.42601e-05 3.03222e-05 2.67518e-05 2.35293e-05 2.06335e-05 1.80421e-05 1.5732e-05 1.36807e-05 1.18655e-05 1.0265e-05 8.85832e-06 7.62601e-06 6.54975e-06 5.61257e-06 4.79881e-06 4.09417e-06 3.48564e-06 2.96146e-06 2.51108e-06 2.12503e-06 1.7949e-06 1.51324e-06 1.27346e-06 1.06977e-06 8.97098e-07 7.51022e-07 6.27688e-07 5.23757e-07 4.3634e-07 3.62947e-07 3.0144e-07 2.49982e-07 2.07006e-07 1.71172e-07 1.41343e-07 1.16551e-07 9.59783e-08 7.89321e-08 6.4829e-08 5.31779e-08 4.35661e-08 3.56478e-08 2.91335e-08 2.37813e-08 1.93898e-08 1.57912e-08 1.2846e-08 1.04385e-08 8.47303e-09 6.87027e-09 5.56483e-09 4.50278e-09 3.63972e-09 2.93914e-09 2.37106e-09 1.91093e-09 1.53863e-09 1.23769e-09
4.19025e-07 1.43724e-06 3.31432e-06 6.26795e-06 1.04584e-05 1.59718e-05 2.2812e-05 3.09009e-05 4.00851e-05 5.01481e-05 6.08267e-05 7.18279e-05 8.28468e-05 9.35831e-05 0.000103755 0.000113113 0.000121443 0.000128579 0.000134402 0.000138838 0.000141859 0.00014348 0.000143748 0.000142745 0.000140574 0.000137355 0.000133223 0.000128317 0.000122778 0.000116744 0.000110347 0.000103711 9.69487e-05 9.01608e-05 8.34355e-05 7.6848e-05 7.04609e-05 6.43246e-05 5.84781e-05 5.29501e-05 4.77599e-05 4.29183e-05 3.84295e-05 3.42912e-05 3.04963e-05 2.70338e-05 2.38896e-05 2.10473e-05 1.84889e-05 1.61953e-05 1.41472e-05 1.23251e-05 1.07098e-05 9.28275e-06 8.02612e-06 6.92307e-06 5.95776e-06 5.11547e-06 4.3826e-06 3.74669e-06 3.19635e-06 2.72129e-06 2.31223e-06 1.96086e-06 1.65972e-06 1.40224e-06 1.18256e-06 9.95534e-07 8.36639e-07 7.01917e-07 5.87917e-07 4.91635e-07 4.1047e-07 3.42173e-07 2.84807e-07 2.36706e-07 1.96442e-07 1.62794e-07 1.3472e-07 1.11335e-07 9.18847e-08 7.57322e-08 6.23381e-08 5.12476e-08 4.20774e-08 3.45057e-08 2.82624e-08 2.31212e-08 1.88933e-08 1.54208e-08 1.25723e-08 1.02387e-08 8.32914e-09 6.76848e-09 5.49445e-09 4.45562e-09 3.60951e-09 2.92114e-09 2.36172e-09 1.90757e-09 1.53928e-09
2.92047e-07 1.02746e-06 2.41624e-06 4.64628e-06 7.86788e-06 1.21778e-05 1.76097e-05 2.41308e-05 3.16446e-05 3.99981e-05 4.8993e-05 5.83984e-05 6.79656e-05 7.74409e-05 8.6579e-05 9.51534e-05 0.000102965 0.000109849 0.000115676 0.000120359 0.000123847 0.000126124 0.000127212 0.000127156 0.00012603 0.000123923 0.000120941 0.000117196 0.000112807 0.000107892 0.000102569 9.69487e-05 9.11339e-05 8.52196e-05 7.92903e-05 7.34203e-05 6.76726e-05 6.21e-05 5.6745e-05 5.16407e-05 4.68113e-05 4.22734e-05 3.80363e-05 3.41036e-05 3.04737e-05 2.71408e-05 2.40957e-05 2.13264e-05 1.88192e-05 1.65589e-05 1.45292e-05 1.27137e-05 1.10957e-05 9.65874e-06 8.38695e-06 7.26497e-06 6.27824e-06 5.41307e-06 4.65669e-06 3.99726e-06 3.42393e-06 2.92676e-06 2.49672e-06 2.12566e-06 1.80627e-06 1.53198e-06 1.29695e-06 1.09601e-06 9.2457e-07 7.78609e-07 6.54589e-07 5.49418e-07 4.60402e-07 3.852e-07 3.21783e-07 2.684e-07 2.23542e-07 1.8591e-07 1.54393e-07 1.28039e-07 1.06039e-07 8.77002e-08 7.24374e-08 5.97533e-08 4.92275e-08 4.05052e-08 3.32874e-08 2.73228e-08 2.24004e-08 1.83434e-08 1.5004e-08 1.22587e-08 1.00046e-08 8.15609e-09 6.64201e-09 5.4033e-09 4.39104e-09 3.56478e-09 2.89109e-09 2.3424e-09 1.89599e-09
