0.271512 0.116031 0.0495857 0.0211905 0.00905577 0.00386999 0.00165384 0.000706769 0.000302038 0.000129076 5.51607e-05 2.3573e-05 1.00739e-05 4.30509e-06 1.83978e-06 7.86232e-07 3.35997e-07 1.43588e-07 6.13625e-08 2.62233e-08 1.12065e-08 4.78912e-09 2.04663e-09 8.74629e-10 3.73773e-10 1.59732e-10 6.82616e-11 2.91716e-11 1.24665e-11 5.32756e-12 2.27674e-12 9.72965e-13 4.15797e-13 1.77691e-13 7.59363e-14 3.24514e-14 1.38681e-14 5.92655e-15 2.53271e-15 1.08236e-15 4.62545e-16 1.97669e-16 8.44739e-17 3.61e-17 1.54273e-17 6.59288e-18 2.81747e-18 1.20405e-18 5.1455e-19 2.19893e-19 9.39714e-20 4.01587e-20 1.71618e-20 7.33412e-21 3.13424e-21 1.33942e-21 5.72401e-22 2.44616e-22 1.04537e-22 4.46738e-23 1.90914e-23 8.15871e-24 3.48663e-24 1.49001e-24 6.36757e-25 2.72118e-25 1.1629e-25 4.96965e-26 2.12378e-26 9.076e-27 3.87863e-27 1.65753e-27 7.08348e-28 3.02713e-28 1.29365e-28 5.5284e-29 2.36256e-29 1.00964e-29 4.31471e-30 1.84389e-30 7.87989e-31 3.36747e-31 1.43909e-31 6.14996e-32 2.62819e-32 1.12316e-32 4.79982e-33 2.0512e-33 8.76583e-34 3.74608e-34 1.60089e-34 6.84141e-35 2.92368e-35 1.24944e-35 5.33947e-36 2.28182e-36 9.75138e-37 4.16726e-37 1.78088e-37 7.6106e-38 3.25239e-38
0.116031 0.0649033 0.0342824 0.017448 0.0086519 0.00420828 0.00201674 0.000955157 0.00044806 0.000208518 9.63923e-05 4.43052e-05 2.02637e-05 9.22805e-06 4.18649e-06 1.89289e-06 8.53283e-07 3.83606e-07 1.72035e-07 7.6981e-08 3.43773e-08 1.53234e-08 6.81863e-09 3.02941e-09 1.34396e-09 5.95429e-10 2.63468e-10 1.16444e-10 5.14083e-11 2.26727e-11 9.98973e-12 4.39756e-12 1.93419e-12 8.50034e-13 3.73287e-13 1.63808e-13 7.18344e-14 3.14808e-14 1.37877e-14 6.03506e-15 2.64015e-15 1.15436e-15 5.04469e-16 2.20351e-16 9.62037e-17 4.1983e-17 1.83134e-17 7.98519e-18 3.4804e-18 1.51638e-18 6.60431e-19 2.87537e-19 1.25145e-19 5.44488e-20 2.36825e-20 1.02975e-20 4.47622e-21 1.94521e-21 8.45086e-22 3.67045e-22 1.59377e-22 6.9187e-23 3.00274e-23 1.30289e-23 5.65197e-24 2.4513e-24 1.06291e-24 4.60797e-25 1.99726e-25 8.6551e-26 3.74996e-26 1.62443e-26 7.03552e-27 3.04659e-27 1.31904e-27 5.70991e-28 2.47132e-28 1.06945e-28 4.62725e-29 2.0018e-29 8.65873e-30 3.74477e-30 1.61933e-30 7.00138e-31 3.02674e-31 1.30831e-31 5.65441e-32 2.44349e-32 1.0558e-32 4.56142e-33 1.97046e-33 8.51108e-34 3.67581e-34 1.58735e-34 6.85405e-35 2.9592e-35 1.27749e-35 5.51437e-36 2.38008e-36 1.02717e-36 4.43257e-37
0.0495857 0.0342824 0.0211096 0.0121507 0.00668786 0.00356449 0.001854 0.000945958 0.000475181 0.000235629 0.000115572 5.61575e-05 2.70668e-05 1.29531e-05 6.1599e-06 2.91298e-06 1.37061e-06 6.41968e-07 2.99449e-07 1.39154e-07 6.44429e-08 2.97493e-08 1.36933e-08 6.28587e-09 2.87826e-09 1.31486e-09 5.99348e-10 2.72641e-10 1.23786e-10 5.61008e-11 2.53822e-11 1.14656e-11 5.17137e-12 2.32913e-12 1.04759e-12 4.7058e-13 2.11126e-13 9.46118e-14 4.23513e-14 1.89378e-14 8.45963e-15 3.77532e-15 1.68328e-15 7.49845e-16 3.33748e-16 1.48427e-16 6.59577e-17 2.92882e-17 1.29958e-17 5.76253e-18 2.55347e-18 1.13075e-18 5.00416e-19 2.21327e-19 9.78328e-20 4.32205e-20 1.90835e-20 8.42169e-21 3.71465e-21 1.63765e-21 7.21636e-22 3.17843e-22 1.3993e-22 6.15774e-23 2.70861e-23 1.19095e-23 5.23437e-24 2.29968e-24 1.00996e-24 4.43388e-25 1.94584e-25 8.53645e-26 3.74369e-26 1.64127e-26 7.19314e-27 3.15153e-27 1.38035e-27 6.04406e-28 2.6457e-28 1.15779e-28 5.06518e-29 2.21536e-29 9.68671e-30 4.23445e-30 1.85057e-30 8.08553e-31 3.53187e-31 1.5424e-31 6.73426e-32 2.93957e-32 1.28286e-32 5.59734e-33 2.44169e-33 1.0649e-33 4.64342e-34 2.02432e-34 8.8234e-35 3.84511e-35 1.67532e-35 7.29806e-36 3.17861e-36
0.0211905 0.017448 0.0121507 0.00772096 0.00462404 0.00265528 0.00147716 0.000801522 0.000426208 0.000222862 0.000114891 5.85109e-05 2.94839e-05 1.47193e-05 7.28788e-06 3.58189e-06 1.7488e-06 8.48706e-07 4.0964e-07 1.96733e-07 9.40507e-08 4.47725e-08 2.12307e-08 1.00309e-08 4.72339e-09 2.21718e-09 1.03769e-09 4.84326e-10 2.25466e-10 1.04704e-10 4.85119e-11 2.24279e-11 1.03474e-11 4.76465e-12 2.1899e-12 1.00474e-12 4.60206e-13 2.10455e-13 9.60957e-14 4.38143e-14 1.99491e-14 9.07094e-15 4.11932e-15 1.86839e-15 8.46445e-16 3.83036e-16 1.73144e-16 7.81849e-17 3.52696e-17 1.58949e-17 7.15659e-18 3.21932e-18 1.44692e-18 6.49766e-19 2.91552e-19 1.30718e-19 5.85626e-20 2.62172e-20 1.17285e-20 5.24318e-21 2.34237e-21 1.04576e-21 4.66592e-22 2.08052e-22 9.27146e-23 4.12925e-23 1.83802e-23 8.1769e-24 3.63576e-24 1.61576e-24 7.17688e-25 3.18626e-25 1.4139e-25 6.27119e-26 2.78024e-26 1.23203e-26 5.45723e-27 2.41622e-27 1.06936e-27 4.73075e-28 2.09202e-28 9.24771e-29 4.08637e-29 1.80501e-29 7.97013e-30 3.51801e-30 1.55231e-30 6.84718e-31 3.01926e-31 1.33091e-31 5.86487e-32 2.58365e-32 1.13782e-32 5.0094e-33 2.2048e-33 9.70127e-34 4.26742e-34 1.87664e-34 8.25048e-35 3.62628e-35 1.59342e-35
0.00905577 0.0086519 0.00668786 0.00462404 0.00297769 0.00182364 0.00107547 0.000615696 0.000344096 0.000188497 0.000101525 5.38907e-05 2.82453e-05 1.46397e-05 7.51301e-06 3.82159e-06 1.92843e-06 9.66089e-07 4.80801e-07 2.37843e-07 1.17005e-07 5.72651e-08 2.78944e-08 1.35278e-08 6.53363e-09 3.14351e-09 1.507e-09 7.20025e-10 3.42928e-10 1.62839e-10 7.7106e-11 3.6413e-11 1.71524e-11 8.06029e-12 3.77907e-12 1.76797e-12 8.25401e-13 3.8459e-13 1.78859e-13 8.3031e-14 3.84787e-14 1.78025e-14 8.22345e-15 3.79284e-15 1.74679e-15 8.03348e-16 3.68961e-16 1.69235e-16 7.75271e-17 3.54725e-17 1.62114e-17 7.40048e-18 3.37462e-18 1.5372e-18 6.99511e-19 3.18001e-19 1.44426e-19 6.55333e-20 2.97089e-20 1.34565e-20 6.0899e-21 2.75379e-21 1.24424e-21 5.6175e-22 2.53427e-22 1.14247e-22 5.14665e-23 2.31688e-23 1.04229e-23 4.68586e-24 2.10528e-24 9.45276e-25 4.24172e-25 1.90225e-25 8.52591e-26 3.81916e-26 1.70984e-26 7.65079e-27 3.4216e-27 1.52943e-27 6.83295e-28 3.05123e-28 1.36186e-28 6.07552e-29 2.70917e-29 1.20751e-29 5.37967e-30 2.3957e-30 1.06641e-30 4.74501e-31 2.11044e-31 9.38287e-32 4.16994e-32 1.85249e-32 8.22661e-33 3.65196e-33 1.62059e-33 7.18898e-34 3.18794e-34 1.41321e-34 6.26261e-35
0.00386999 0.00420828 0.00356449 0.00265528 0.00182364 0.00118284 0.000734925 0.000441451 0.000257995 0.000147379 8.25786e-05 4.55065e-05 2.47162e-05 1.32539e-05 7.02701e-06 3.68792e-06 1.91781e-06 9.89045e-07 5.06207e-07 2.57287e-07 1.29935e-07 6.52325e-08 3.25702e-08 1.61794e-08 7.99904e-09 3.93715e-09 1.92981e-09 9.42206e-10 4.58326e-10 2.22173e-10 1.07345e-10 5.17032e-11 2.48297e-11 1.18907e-11 5.67917e-12 2.70557e-12 1.28582e-12 6.09676e-13 2.88441e-13 1.36174e-13 6.41585e-14 3.01696e-14 1.41604e-14 6.63441e-15 3.103e-15 1.44892e-15 6.75477e-16 3.14421e-16 1.46139e-16 6.7827e-17 3.14368e-17 1.4551e-17 6.72651e-18 3.10558e-18 1.43209e-18 6.59616e-19 3.03472e-19 1.39466e-19 6.4026e-20 2.93625e-20 1.34522e-20 6.15703e-21 2.81537e-21 1.28618e-21 5.8705e-22 2.67714e-22 1.21982e-22 5.55348e-23 2.52628e-23 1.14831e-23 5.21558e-24 2.36713e-24 1.07356e-24 4.86543e-25 2.20351e-25 9.97275e-26 4.51053e-26 2.03873e-26 9.20913e-27 4.15728e-27 1.87559e-27 8.45687e-28 3.81093e-28 1.71636e-28 7.72582e-29 3.47573e-29 1.56285e-29 7.02368e-30 3.15494e-30 1.41645e-30 6.35621e-31 2.85094e-31 1.27813e-31 5.72746e-32 2.56539e-32 1.14856e-32 5.14e-33 2.29926e-33 1.02809e-33 4.59514e-34 2.053e-34
0.00165384 0.00201674 0.001854 0.00147716 0.00107547 0.000734925 0.000478851 0.000300535 0.000182971 0.000108613 6.31048e-05 3.59926e-05 2.02005e-05 1.11772e-05 6.10678e-06 3.29887e-06 1.76389e-06 9.34416e-07 4.90821e-07 2.55815e-07 1.32377e-07 6.80492e-08 3.47666e-08 1.7661e-08 8.9238e-09 4.48655e-09 2.24512e-09 1.11854e-09 5.54955e-10 2.7426e-10 1.35038e-10 6.62556e-11 3.23997e-11 1.57937e-11 7.67569e-12 3.71966e-12 1.79762e-12 8.6647e-13 4.16603e-13 1.99825e-13 9.56264e-14 4.56614e-14 2.17571e-14 1.03459e-14 4.91005e-15 2.32587e-15 1.09975e-15 5.19095e-16 2.44604e-16 1.15073e-16 5.40504e-17 2.53491e-17 1.1871e-17 5.55128e-18 2.59239e-18 1.209e-18 5.63102e-19 2.61941e-19 1.217e-19 5.64756e-20 2.61778e-20 1.21205e-20 5.60574e-21 2.58993e-21 1.19535e-21 5.51148e-22 2.53874e-22 1.1683e-22 5.37143e-23 2.46737e-23 1.13239e-23 5.19258e-24 2.37908e-24 1.08913e-24 4.98198e-25 2.27713e-25 1.04002e-25 4.7465e-26 2.16466e-26 9.86498e-27 4.49263e-27 2.04461e-27 9.2989e-28 4.22639e-28 1.91969e-28 8.71404e-29 3.95315e-29 1.79229e-29 8.12114e-30 3.6777e-30 1.66453e-30 7.52947e-31 3.40411e-31 1.53819e-31 6.94692e-32 3.13582e-32 1.41479e-32 6.37997e-33 2.87564e-33 1.29552e-33 5.83381e-34
0.000706769 0.000955157 0.000945958 0.000801522 0.000615696 0.000441451 0.000300535 0.00019643 0.000124206 7.64022e-05 4.591e-05 2.70365e-05 1.5644e-05 8.91251e-06 5.0078e-06 2.77911e-06 1.52509e-06 8.28447e-07 4.45855e-07 2.37911e-07 1.25956e-07 6.62005e-08 3.45596e-08 1.79285e-08 9.24632e-09 4.74245e-09 2.41988e-09 1.22878e-09 6.21108e-10 3.12593e-10 1.5668e-10 7.82283e-11 3.89146e-11 1.92904e-11 9.5306e-12 4.69373e-12 2.30461e-12 1.12828e-12 5.50848e-13 2.6822e-13 1.30269e-13 6.31149e-14 3.0507e-14 1.47125e-14 7.07992e-15 3.39986e-15 1.62936e-15 7.79339e-16 3.72066e-16 1.77307e-16 8.4347e-17 4.00569e-17 1.8992e-17 8.99032e-18 4.24923e-18 2.00539e-18 9.45054e-19 4.44739e-19 2.09008e-19 9.80943e-20 4.59798e-20 2.15252e-20 1.00647e-20 4.70043e-21 2.19268e-21 1.02171e-21 4.75559e-22 2.21116e-22 1.02703e-22 4.76552e-23 2.20906e-23 1.02303e-23 4.73324e-24 2.18792e-24 1.01045e-24 4.66252e-25 2.14958e-25 9.90202e-26 4.55763e-26 2.09608e-26 9.63245e-27 4.42317e-27 2.02958e-27 9.30591e-28 4.26384e-28 1.95226e-28 8.93256e-29 4.08433e-29 1.86629e-29 8.52226e-30 3.88916e-30 1.77372e-30 8.08444e-31 3.68259e-31 1.6765e-31 7.62782e-32 3.46858e-32 1.57638e-32 7.16036e-33 3.25068e-33 1.47498e-33
0.000302038 0.00044806 0.000475181 0.000426208 0.000344096 0.000257995 0.000182971 0.000124206 8.13671e-05 5.17464e-05 3.20906e-05 1.94736e-05 1.15952e-05 6.78949e-06 3.91671e-06 2.22941e-06 1.25373e-06 6.97334e-07 3.83982e-07 2.09494e-07 1.13327e-07 6.0824e-08 3.24069e-08 1.7149e-08 9.01725e-09 4.71321e-09 2.44977e-09 1.26661e-09 6.5163e-10 3.3367e-10 1.70098e-10 8.63474e-11 4.36574e-11 2.19892e-11 1.10353e-11 5.51894e-12 2.75099e-12 1.36694e-12 6.77163e-13 3.34486e-13 1.64761e-13 8.09411e-14 3.96615e-14 1.93864e-14 9.45348e-15 4.5993e-15 2.23272e-15 1.08156e-15 5.22845e-16 2.52251e-16 1.21467e-16 5.83815e-17 2.80099e-17 1.3415e-17 6.41415e-18 3.06178e-18 1.45922e-18 6.9438e-19 3.29931e-19 1.56538e-19 7.41651e-20 3.50901e-20 1.65801e-20 7.82398e-21 3.68737e-21 1.73568e-21 8.16023e-22 3.832e-22 1.79743e-22 8.42164e-23 3.94157e-23 1.84281e-23 8.60682e-24 4.01574e-24 1.8718e-24 8.71637e-25 4.0551e-25 1.88481e-25 8.75268e-26 4.06099e-26 1.88256e-26 8.71963e-27 4.03542e-27 1.86607e-27 8.62228e-28 3.98088e-28 1.83657e-28 8.46661e-29 3.90027e-29 1.79543e-29 8.25921e-30 3.79672e-30 1.74415e-30 8.00704e-31 3.67347e-31 1.68424e-31 7.71719e-32 3.53383e-32 1.61722e-32 7.39666e-33 3.38102e-33
0.000129076 0.000208518 0.000235629 0.000222862 0.000188497 0.000147379 0.000108613 7.64022e-05 5.17464e-05 3.39581e-05 2.16949e-05 1.35431e-05 8.28505e-06 4.97866e-06 2.94452e-06 1.71674e-06 9.88054e-07 5.62014e-07 3.1626e-07 1.76217e-07 9.72963e-08 5.32694e-08 2.89371e-08 1.56047e-08 8.3578e-09 4.44781e-09 2.35282e-09 1.23757e-09 6.4749e-10 3.37055e-10 1.74619e-10 9.00555e-11 4.62441e-11 2.36494e-11 1.20472e-11 6.11411e-12 3.09195e-12 1.5583e-12 7.828e-13 3.92006e-13 1.95718e-13 9.74356e-14 4.83727e-14 2.39511e-14 1.18287e-14 5.82735e-15 2.86398e-15 1.40433e-15 6.87073e-16 3.35431e-16 1.63418e-16 7.94556e-17 3.8557e-17 1.8675e-17 9.02873e-18 4.35734e-18 2.09927e-18 1.0097e-18 4.84851e-19 2.32456e-19 1.11278e-19 5.31898e-20 2.53874e-20 1.21003e-20 5.75937e-21 2.73762e-21 1.29959e-21 6.16147e-22 2.9176e-22 1.37988e-22 6.51842e-23 3.0757e-23 1.44963e-23 6.82484e-24 3.20968e-24 1.50791e-24 7.07687e-25 3.31797e-25 1.5541e-25 7.27221e-26 3.39975e-26 1.58791e-26 7.40997e-27 3.4548e-27 1.60936e-27 7.49061e-28 3.48353e-28 1.61871e-28 7.51577e-29 3.48688e-29 1.61647e-29 7.48811e-30 3.46622e-30 1.60334e-30 7.41114e-31 3.42328e-31 1.58016e-31 7.289e-32 3.36007e-32 1.54791e-32 7.12632e-33
5.51607e-05 9.63923e-05 0.000115572 0.000114891 0.000101525 8.25786e-05 6.31048e-05 4.591e-05 3.20906e-05 2.16949e-05 1.42567e-05 9.14211e-06 5.73819e-06 3.53417e-06 2.1403e-06 1.27667e-06 7.51158e-07 4.3648e-07 2.5075e-07 1.42549e-07 8.02571e-08 4.47826e-08 2.47809e-08 1.36066e-08 7.41697e-09 4.01556e-09 2.16016e-09 1.15507e-09 6.14126e-10 3.24766e-10 1.70872e-10 8.94683e-11 4.66306e-11 2.41976e-11 1.25044e-11 6.43612e-12 3.30015e-12 1.68601e-12 8.58372e-13 4.35551e-13 2.20297e-13 1.11081e-13 5.5845e-14 2.79957e-14 1.3996e-14 6.97859e-15 3.47074e-15 1.7219e-15 8.52229e-16 4.2083e-16 2.07343e-16 1.01938e-16 5.00123e-17 2.44872e-17 1.1966e-17 5.83626e-18 2.8413e-18 1.38077e-18 6.69838e-19 3.24402e-19 1.56849e-19 7.57155e-20 3.64931e-20 1.75622e-20 8.43928e-21 4.04955e-21 1.94043e-21 9.28531e-22 4.43726e-22 2.11772e-22 1.00942e-22 4.80544e-23 2.28491e-23 1.08516e-23 5.1477e-24 2.43917e-24 1.1545e-24 5.45849e-25 2.57806e-25 1.21637e-25 5.73319e-26 2.69959e-26 1.26992e-26 5.96819e-27 2.80223e-27 1.31452e-27 6.1609e-28 2.88496e-28 1.34977e-28 6.30979e-29 2.9472e-29 1.37547e-29 6.41429e-30 2.98886e-30 1.39164e-30 6.47475e-31 3.01021e-31 1.39847e-31 6.49235e-32 3.01192e-32 1.39633e-32
2.3573e-05 4.43052e-05 5.61575e-05 5.85109e-05 5.38907e-05 4.55065e-05 3.59926e-05 2.70365e-05 1.94736e-05 1.35431e-05 9.14211e-06 6.01439e-06 3.86862e-06 2.43936e-06 1.51106e-06 9.21207e-07 5.53554e-07 3.28286e-07 1.92362e-07 1.11476e-07 6.3946e-08 3.63357e-08 2.04661e-08 1.14333e-08 6.33836e-09 3.48864e-09 1.9072e-09 1.03602e-09 5.59408e-10 3.00342e-10 1.60384e-10 8.52082e-11 4.50494e-11 2.37074e-11 1.24211e-11 6.48041e-12 3.36741e-12 1.74306e-12 8.98928e-13 4.61953e-13 2.36588e-13 1.20772e-13 6.14576e-14 3.11795e-14 1.57724e-14 7.95617e-15 4.00251e-15 2.00828e-15 1.00511e-15 5.01815e-16 2.49945e-16 1.24208e-16 6.15873e-17 3.04718e-17 1.50452e-17 7.41345e-18 3.64576e-18 1.78948e-18 8.76721e-19 4.28758e-19 2.09316e-19 1.02012e-19 4.9634e-20 2.41104e-20 1.16936e-20 5.66268e-21 2.73809e-21 1.32203e-21 6.37402e-22 3.06891e-22 1.47559e-22 7.08555e-23 3.39796e-23 1.62748e-23 7.7853e-24 3.71973e-24 1.77515e-24 8.46167e-25 4.02891e-25 1.91619e-25 9.1037e-26 4.32054e-26 2.04836e-26 9.7014e-27 4.59017e-27 2.1697e-27 1.0246e-27 4.83393e-28 2.27849e-28 1.073e-28 5.0486e-29 2.37336e-29 1.11477e-29 5.23169e-30 2.45325e-30 1.14946e-30 5.38142e-31 2.51746e-31 1.17679e-31 5.49673e-32 2.56561e-32
1.00739e-05 2.02637e-05 2.70668e-05 2.94839e-05 2.82453e-05 2.47162e-05 2.02005e-05 1.5644e-05 1.15952e-05 8.28505e-06 5.73819e-06 3.86862e-06 2.54742e-06 1.64283e-06 1.03994e-06 6.47382e-07 3.96953e-07 2.40065e-07 1.43364e-07 8.46278e-08 4.94233e-08 2.85784e-08 1.63731e-08 9.30003e-09 5.24004e-09 2.93022e-09 1.62697e-09 8.97316e-10 4.91773e-10 2.67906e-10 1.45123e-10 7.81897e-11 4.19119e-11 2.23566e-11 1.18701e-11 6.2744e-12 3.30252e-12 1.73122e-12 9.04e-13 4.70284e-13 2.43778e-13 1.2593e-13 6.48373e-14 3.32761e-14 1.70256e-14 8.68532e-15 4.41798e-15 2.2411e-15 1.1338e-15 5.72123e-16 2.87976e-16 1.44601e-16 7.24379e-17 3.62054e-17 1.80561e-17 8.98551e-18 4.46231e-18 2.21156e-18 1.09393e-18 5.40066e-19 2.66134e-19 1.30909e-19 6.428e-20 3.15092e-20 1.54197e-20 7.53369e-21 3.67495e-21 1.78988e-21 8.70443e-22 4.22686e-22 2.04961e-22 9.92464e-23 4.79914e-23 2.31755e-23 1.1177e-23 5.38354e-24 2.58979e-24 1.24431e-24 5.97136e-25 2.86225e-25 1.37038e-25 6.55372e-26 3.1308e-26 1.49401e-26 7.12182e-27 3.3914e-27 1.61333e-27 7.6672e-28 3.64019e-28 1.72661e-28 8.18194e-29 3.87361e-29 1.83224e-29 8.65887e-30 4.08847e-30 1.9288e-30 9.09172e-31 4.28199e-31 2.01507e-31 9.4752e-32 4.45189e-32
4.30509e-06 9.22805e-06 1.29531e-05 1.47193e-05 1.46397e-05 1.32539e-05 1.11772e-05 8.91251e-06 6.78949e-06 4.97866e-06 3.53417e-06 2.43936e-06 1.64283e-06 1.08261e-06 6.99728e-07 4.44435e-07 2.77859e-07 1.71235e-07 1.04145e-07 6.25777e-08 3.71826e-08 2.18651e-08 1.27342e-08 7.34984e-09 4.20651e-09 2.38853e-09 1.34619e-09 7.53421e-10 4.18881e-10 2.31431e-10 1.27107e-10 6.94174e-11 3.77081e-11 2.03789e-11 1.09599e-11 5.86694e-12 3.12667e-12 1.6592e-12 8.76883e-13 4.61616e-13 2.42095e-13 1.26508e-13 6.58774e-14 3.419e-14 1.76872e-14 9.12145e-15 4.68988e-15 2.40435e-15 1.22918e-15 6.26686e-16 3.18672e-16 1.61634e-16 8.17801e-17 4.12786e-17 2.07871e-17 1.04444e-17 5.23632e-18 2.61966e-18 1.30787e-18 6.51651e-19 3.24053e-19 1.60839e-19 7.96822e-20 3.94047e-20 1.94524e-20 9.58635e-21 4.71638e-21 2.31663e-21 1.13609e-21 5.56283e-22 2.7197e-22 1.32771e-22 6.47226e-23 3.15062e-23 1.53156e-23 7.43512e-24 3.60468e-24 1.74535e-24 8.44016e-25 4.07643e-25 1.96645e-25 9.47475e-26 4.55983e-26 2.19196e-26 1.05252e-26 5.04842e-27 2.41887e-27 1.15774e-27 5.53554e-28 2.64405e-28 1.26167e-28 6.01448e-29 2.8644e-29 1.36289e-29 6.47866e-30 3.07691e-30 1.46002e-30 6.92181e-31 3.27874e-31 1.55177e-31 7.33811e-32
1.83978e-06 4.18649e-06 6.1599e-06 7.28788e-06 7.51301e-06 7.02701e-06 6.10678e-06 5.0078e-06 3.91671e-06 2.94452e-06 2.1403e-06 1.51106e-06 1.03994e-06 6.99728e-07 4.61419e-07 2.98803e-07 1.90343e-07 1.19451e-07 7.39419e-08 4.51973e-08 2.7307e-08 1.63208e-08 9.65702e-09 5.66067e-09 3.2891e-09 1.89542e-09 1.08384e-09 6.15249e-10 3.46845e-10 1.94258e-10 1.08126e-10 5.98308e-11 3.2922e-11 1.80189e-11 9.81204e-12 5.31714e-12 2.86798e-12 1.54007e-12 8.23474e-13 4.3851e-13 2.32595e-13 1.22907e-13 6.47104e-14 3.39506e-14 1.77522e-14 9.25212e-15 4.80688e-15 2.4898e-15 1.28585e-15 6.62184e-16 3.40074e-16 1.74184e-16 8.89864e-17 4.53471e-17 2.30526e-17 1.16914e-17 5.91584e-18 2.98676e-18 1.50468e-18 7.56439e-19 3.79502e-19 1.90015e-19 9.49554e-20 4.7362e-20 2.35798e-20 1.17184e-20 5.8135e-21 2.87915e-21 1.42353e-21 7.02683e-22 3.46308e-22 1.70409e-22 8.37261e-23 4.10758e-23 2.01224e-23 9.8437e-24 4.80876e-24 2.34595e-24 1.14295e-24 5.5612e-25 2.70245e-25 1.31161e-25 6.35796e-26 3.07831e-26 1.48866e-26 7.19082e-27 3.46953e-27 1.67217e-27 8.05045e-28 3.87164e-28 1.86001e-28 8.92667e-29 4.27981e-29 2.04989e-29 9.80873e-30 4.689e-30 2.23944e-30 1.06856e-30 5.09403e-31 2.42627e-31 1.15461e-31
7.86232e-07 1.89289e-06 2.91298e-06 3.58189e-06 3.82159e-06 3.68792e-06 3.29887e-06 2.77911e-06 2.22941e-06 1.71674e-06 1.27667e-06 9.21207e-07 6.47382e-07 4.44435e-07 2.98803e-07 1.9715e-07 1.27883e-07 8.16746e-08 5.14265e-08 3.19599e-08 1.96232e-08 1.19142e-08 7.15859e-09 4.25948e-09 2.51144e-09 1.46815e-09 8.51369e-10 4.89965e-10 2.79959e-10 1.58881e-10 8.95877e-11 5.02072e-11 2.79739e-11 1.54999e-11 8.54284e-12 4.68467e-12 2.55654e-12 1.38871e-12 7.51002e-13 4.04406e-13 2.16877e-13 1.15851e-13 6.16504e-14 3.26878e-14 1.72706e-14 9.09394e-15 4.77279e-15 2.49698e-15 1.30235e-15 6.77254e-16 3.51179e-16 1.81593e-16 9.36479e-17 4.81684e-17 2.47129e-17 1.26479e-17 6.45761e-18 3.2894e-18 1.67179e-18 8.47794e-19 4.29013e-19 2.16644e-19 1.0918e-19 5.49137e-20 2.75665e-20 1.38124e-20 6.90812e-21 3.44885e-21 1.71883e-21 8.55167e-22 4.24764e-22 2.10639e-22 1.04289e-22 5.15545e-23 2.54469e-23 1.25417e-23 6.17235e-24 3.03337e-24 1.48866e-24 7.29585e-25 3.57088e-25 1.74545e-25 8.52086e-26 4.15445e-26 2.02307e-26 9.8397e-27 4.78013e-27 2.3195e-27 1.12423e-27 5.44286e-28 2.63224e-28 1.27161e-28 6.13656e-29 2.95832e-29 1.42469e-29 6.85429e-30 3.2944e-30 1.58187e-30 7.58839e-31 3.63684e-31 1.7414e-31
3.35997e-07 8.53283e-07 1.37061e-06 1.7488e-06 1.92843e-06 1.91781e-06 1.76389e-06 1.52509e-06 1.25373e-06 9.88054e-07 7.51158e-07 5.53554e-07 3.96953e-07 2.77859e-07 1.90343e-07 1.27883e-07 8.44188e-08 5.48397e-08 3.51045e-08 2.21693e-08 1.38263e-08 8.52354e-09 5.19804e-09 3.13817e-09 1.87676e-09 1.11247e-09 6.53951e-10 3.81399e-10 2.20792e-10 1.26919e-10 7.24715e-11 4.11197e-11 2.31904e-11 1.30036e-11 7.25162e-12 4.02276e-12 2.2204e-12 1.21969e-12 6.66903e-13 3.63038e-13 1.96786e-13 1.06233e-13 5.71231e-14 3.05997e-14 1.63318e-14 8.68592e-15 4.60382e-15 2.43214e-15 1.28079e-15 6.72397e-16 3.51948e-16 1.83686e-16 9.55993e-17 4.96196e-17 2.56866e-17 1.32632e-17 6.83136e-18 3.51008e-18 1.79931e-18 9.2024e-19 4.69602e-19 2.39121e-19 1.21503e-19 6.16119e-20 3.11797e-20 1.57481e-20 7.93886e-21 3.99465e-21 2.00637e-21 1.00594e-21 5.0348e-22 2.51568e-22 1.25491e-22 6.24977e-23 3.10763e-23 1.54285e-23 7.6482e-24 3.78575e-24 1.87117e-24 9.23546e-25 4.55197e-25 2.24051e-25 1.10133e-25 5.40649e-26 2.65068e-26 1.29793e-26 6.34762e-27 3.10058e-27 1.51272e-27 7.37173e-28 3.58824e-28 1.74464e-28 8.47325e-29 4.11077e-29 1.99221e-29 9.64475e-30 4.66445e-30 2.25357e-30 1.0877e-30 5.24476e-31 2.52652e-31
1.43588e-07 3.83606e-07 6.41968e-07 8.48706e-07 9.66089e-07 9.89045e-07 9.34416e-07 8.28447e-07 6.97334e-07 5.62014e-07 4.3648e-07 3.28286e-07 2.40065e-07 1.71235e-07 1.19451e-07 8.16746e-08 5.48397e-08 3.62168e-08 2.35577e-08 1.51108e-08 9.56827e-09 5.98649e-09 3.70393e-09 2.26792e-09 1.37516e-09 8.26219e-10 4.92143e-10 2.90772e-10 1.7048e-10 9.92267e-11 5.73565e-11 3.2937e-11 1.87963e-11 1.06628e-11 6.0145e-12 3.37419e-12 1.88313e-12 1.04575e-12 5.77962e-13 3.17965e-13 1.74159e-13 9.49887e-14 5.15972e-14 2.79172e-14 1.50478e-14 8.08132e-15 4.32473e-15 2.30649e-15 1.22606e-15 6.49654e-16 3.4317e-16 1.80732e-16 9.49067e-17 4.96976e-17 2.59528e-17 1.3517e-17 7.0219e-18 3.63865e-18 1.8809e-18 9.69971e-19 4.99056e-19 2.56191e-19 1.31228e-19 6.70748e-20 3.42129e-20 1.74156e-20 8.84763e-21 4.48617e-21 2.27041e-21 1.14692e-21 5.78338e-22 2.91115e-22 1.46286e-22 7.33851e-23 3.67537e-23 1.83778e-23 9.17497e-24 4.57347e-24 2.27631e-24 1.13129e-24 5.61425e-25 2.78222e-25 1.37685e-25 6.80445e-26 3.35828e-26 1.65529e-26 8.14838e-27 4.0061e-27 1.96714e-27 9.64764e-28 4.72596e-28 2.31233e-28 1.13008e-28 5.51673e-29 2.69012e-29 1.31035e-29 6.37585e-30 3.09908e-30 1.50479e-30 7.29927e-31 3.5371e-31
6.13625e-08 1.72035e-07 2.99449e-07 4.0964e-07 4.80801e-07 5.06207e-07 4.90821e-07 4.45855e-07 3.83982e-07 3.1626e-07 2.5075e-07 1.92362e-07 1.43364e-07 1.04145e-07 7.39419e-08 5.14265e-08 3.51045e-08 2.35577e-08 1.55638e-08 1.01355e-08 6.51326e-09 4.13413e-09 2.59403e-09 1.61027e-09 9.89584e-10 6.02422e-10 3.63484e-10 2.17482e-10 1.29096e-10 7.60573e-11 4.44908e-11 2.58497e-11 1.49224e-11 8.56151e-12 4.88329e-12 2.76973e-12 1.56254e-12 8.76976e-13 4.89782e-13 2.72245e-13 1.5064e-13 8.29884e-14 4.55264e-14 2.4874e-14 1.35371e-14 7.33941e-15 3.96471e-15 2.13416e-15 1.14488e-15 6.12153e-16 3.26263e-16 1.73352e-16 9.18299e-17 4.85034e-17 2.55464e-17 1.34182e-17 7.02908e-18 3.6726e-18 1.91405e-18 9.95094e-19 5.16103e-19 2.67053e-19 1.37871e-19 7.1021e-20 3.65061e-20 1.87254e-20 9.58526e-21 4.89675e-21 2.49668e-21 1.27054e-21 6.45363e-22 3.27211e-22 1.65606e-22 8.36701e-23 4.2201e-23 2.12496e-23 1.06824e-23 5.36162e-24 2.68685e-24 1.34439e-24 6.71665e-25 3.35076e-25 1.6692e-25 8.30343e-26 4.12483e-26 2.04628e-26 1.01378e-26 5.01598e-27 2.47862e-27 1.22325e-27 6.02957e-28 2.96844e-28 1.45966e-28 7.16913e-29 3.51707e-29 1.72347e-29 8.43617e-30 4.12488e-30 2.0147e-30 9.82994e-31 4.79115e-31
2.62233e-08 7.6981e-08 1.39154e-07 1.96733e-07 2.37843e-07 2.57287e-07 2.55815e-07 2.37911e-07 2.09494e-07 1.76217e-07 1.42549e-07 1.11476e-07 8.46278e-08 6.25777e-08 4.51973e-08 3.19599e-08 2.21693e-08 1.51108e-08 1.01355e-08 6.69851e-09 4.36682e-09 2.81083e-09 1.78799e-09 1.12485e-09 7.00368e-10 4.3185e-10 2.63853e-10 1.59822e-10 9.60206e-11 5.7244e-11 3.3877e-11 1.99089e-11 1.16226e-11 6.74231e-12 3.88763e-12 2.22869e-12 1.27061e-12 7.2056e-13 4.06555e-13 2.28269e-13 1.27566e-13 7.09679e-14 3.93097e-14 2.16829e-14 1.19119e-14 6.51849e-15 3.55367e-15 1.9303e-15 1.04482e-15 5.63611e-16 3.03027e-16 1.62402e-16 8.6767e-17 4.62178e-17 2.45467e-17 1.3e-17 6.86591e-18 3.61648e-18 1.89994e-18 9.95619e-19 5.20442e-19 2.71397e-19 1.41196e-19 7.32898e-20 3.79576e-20 1.96159e-20 1.01158e-20 5.20583e-21 2.67364e-21 1.37043e-21 7.01093e-22 3.57993e-22 1.82462e-22 9.28302e-23 4.71454e-23 2.39024e-23 1.20979e-23 6.11306e-24 3.08394e-24 1.55333e-24 7.81175e-25 3.92258e-25 1.96674e-25 9.84661e-26 4.9227e-26 2.45759e-26 1.22523e-26 6.10007e-27 3.03303e-27 1.50609e-27 7.46912e-28 3.69949e-28 1.83011e-28 9.04244e-29 4.46248e-29 2.19967e-29 1.08303e-29 5.32634e-30 2.61658e-30 1.284e-30 6.29402e-31
1.12065e-08 3.43773e-08 6.44429e-08 9.40507e-08 1.17005e-07 1.29935e-07 1.32377e-07 1.25956e-07 1.13327e-07 9.72963e-08 8.02571e-08 6.3946e-08 4.94233e-08 3.71826e-08 2.7307e-08 1.96232e-08 1.38263e-08 9.56827e-09 6.51326e-09 4.36682e-09 2.88689e-09 1.88378e-09 1.21437e-09 7.73999e-10 4.88101e-10 3.04746e-10 1.88486e-10 1.15548e-10 7.02425e-11 4.23624e-11 2.5356e-11 1.50683e-11 8.89362e-12 5.2151e-12 3.03909e-12 1.76052e-12 1.01407e-12 5.80926e-13 3.31057e-13 1.87716e-13 1.05925e-13 5.9495e-14 3.32672e-14 1.85216e-14 1.02691e-14 5.67075e-15 3.11935e-15 1.70945e-15 9.33413e-16 5.07884e-16 2.75408e-16 1.48853e-16 8.0195e-17 4.30714e-17 2.30634e-17 1.23136e-17 6.55561e-18 3.48048e-18 1.84288e-18 9.73238e-19 5.12665e-19 2.69383e-19 1.41207e-19 7.38447e-20 3.85287e-20 2.00574e-20 1.04187e-20 5.40043e-21 2.79341e-21 1.44198e-21 7.42875e-22 3.8197e-22 1.96027e-22 1.00414e-22 5.13434e-23 2.62059e-23 1.33524e-23 6.79166e-24 3.4488e-24 1.74843e-24 8.84978e-25 4.47233e-25 2.25666e-25 1.13695e-25 5.71973e-26 2.87327e-26 1.44132e-26 7.21995e-27 3.61171e-27 1.80429e-27 9.00169e-28 4.48516e-28 2.23191e-28 1.10925e-28 5.50617e-29 2.72988e-29 1.35182e-29 6.6863e-30 3.30334e-30 1.63016e-30 8.03566e-31
4.78912e-09 1.53234e-08 2.97493e-08 4.47725e-08 5.72651e-08 6.52325e-08 6.80492e-08 6.62005e-08 6.0824e-08 5.32694e-08 4.47826e-08 3.63357e-08 2.85784e-08 2.18651e-08 1.63208e-08 1.19142e-08 8.52354e-09 5.98649e-09 4.13413e-09 2.81083e-09 1.88378e-09 1.2457e-09 8.13557e-10 5.25174e-10 3.35335e-10 2.11935e-10 1.32657e-10 8.22814e-11 5.05975e-11 3.0861e-11 1.86777e-11 1.12211e-11 6.69423e-12 3.96697e-12 2.33583e-12 1.36701e-12 7.95353e-13 4.60166e-13 2.64809e-13 1.51603e-13 8.63628e-14 4.89633e-14 2.76322e-14 1.55251e-14 8.6855e-15 4.83906e-15 2.68531e-15 1.4844e-15 8.175e-16 4.48595e-16 2.45302e-16 1.33682e-16 7.26134e-17 3.93163e-17 2.12218e-17 1.14205e-17 6.12797e-18 3.27877e-18 1.74946e-18 9.30952e-19 4.94095e-19 2.61568e-19 1.38127e-19 7.27639e-20 3.82408e-20 2.0051e-20 1.04897e-20 5.4757e-21 2.85221e-21 1.48256e-21 7.69044e-22 3.98126e-22 2.05702e-22 1.06078e-22 5.46005e-23 2.80525e-23 1.43869e-23 7.36541e-24 3.76426e-24 1.92057e-24 9.78279e-25 4.97498e-25 2.52598e-25 1.28054e-25 6.48173e-26 3.27596e-26 1.65329e-26 8.33166e-27 4.19276e-27 2.107e-27 1.05739e-27 5.29937e-28 2.65241e-28 1.32585e-28 6.61909e-29 3.30034e-29 1.64356e-29 8.17497e-30 4.06137e-30 2.01535e-30 9.9892e-31
2.04663e-09 6.81863e-09 1.36933e-08 2.12307e-08 2.78944e-08 3.25702e-08 3.47666e-08 3.45596e-08 3.24069e-08 2.89371e-08 2.47809e-08 2.04661e-08 1.63731e-08 1.27342e-08 9.65702e-09 7.15859e-09 5.19804e-09 3.70393e-09 2.59403e-09 1.78799e-09 1.21437e-09 8.13557e-10 5.38124e-10 3.5172e-10 2.2733e-10 1.45396e-10 9.20774e-11 5.77693e-11 3.59256e-11 2.21552e-11 1.35549e-11 8.23069e-12 4.96193e-12 2.97087e-12 1.76714e-12 1.04457e-12 6.13758e-13 3.58558e-13 2.08317e-13 1.2039e-13 6.92217e-14 3.96063e-14 2.25546e-14 1.27859e-14 7.21633e-15 4.05566e-15 2.27e-15 1.26553e-15 7.02832e-16 3.88884e-16 2.14401e-16 1.17793e-16 6.44981e-17 3.52004e-17 1.91499e-17 1.03858e-17 5.61575e-18 3.02765e-18 1.62768e-18 8.72628e-19 4.66572e-19 2.4881e-19 1.32344e-19 7.02198e-20 3.7167e-20 1.96256e-20 1.03391e-20 5.43454e-21 2.85024e-21 1.49164e-21 7.78986e-22 4.05977e-22 2.11153e-22 1.09606e-22 5.67855e-23 2.93643e-23 1.51565e-23 7.80895e-24 4.01621e-24 2.06199e-24 1.05686e-24 5.40784e-25 2.76262e-25 1.40903e-25 7.17528e-26 3.64827e-26 1.85215e-26 9.38907e-27 4.75264e-27 2.40229e-27 1.21257e-27 6.11203e-28 3.07664e-28 1.54664e-28 7.76485e-29 3.8933e-29 1.94963e-29 9.75097e-30 4.87093e-30 2.43026e-30 1.2111e-30
8.74629e-10 3.02941e-09 6.28587e-09 1.00309e-08 1.35278e-08 1.61794e-08 1.7661e-08 1.79285e-08 1.7149e-08 1.56047e-08 1.36066e-08 1.14333e-08 9.30003e-09 7.34984e-09 5.66067e-09 4.25948e-09 3.13817e-09 2.26792e-09 1.61027e-09 1.12485e-09 7.73999e-10 5.25174e-10 3.5172e-10 2.32697e-10 1.52201e-10 9.84865e-11 6.30868e-11 4.00266e-11 2.5167e-11 1.56889e-11 9.7011e-12 5.95236e-12 3.62541e-12 2.19266e-12 1.31726e-12 7.86294e-13 4.66475e-13 2.75114e-13 1.6134e-13 9.41052e-14 5.46031e-14 3.15238e-14 1.81116e-14 1.03574e-14 5.89639e-15 3.34222e-15 1.88651e-15 1.06052e-15 5.93845e-16 3.31263e-16 1.84108e-16 1.01958e-16 5.62679e-17 3.09485e-17 1.69668e-17 9.27221e-18 5.05156e-18 2.74388e-18 1.48606e-18 8.02552e-19 4.32224e-19 2.32153e-19 1.24365e-19 6.64524e-20 3.54192e-20 1.88325e-20 9.9895e-21 5.28654e-21 2.79135e-21 1.4706e-21 7.73099e-22 4.0556e-22 2.12313e-22 1.10922e-22 5.78363e-23 3.00982e-23 1.56335e-23 8.10518e-24 4.19449e-24 2.16681e-24 1.11739e-24 5.75232e-25 2.95633e-25 1.51686e-25 7.77029e-26 3.97412e-26 2.0294e-26 1.03474e-26 5.268e-27 2.67806e-27 1.35946e-27 6.89123e-28 3.48836e-28 1.7634e-28 8.90215e-29 4.48812e-29 2.25979e-29 1.13636e-29 5.70715e-30 2.86275e-30 1.43423e-30
3.73773e-10 1.34396e-09 2.87826e-09 4.72339e-09 6.53363e-09 7.99904e-09 8.9238e-09 9.24632e-09 9.01725e-09 8.3578e-09 7.41697e-09 6.33836e-09 5.24004e-09 4.20651e-09 3.2891e-09 2.51144e-09 1.87676e-09 1.37516e-09 9.89584e-10 7.00368e-10 4.88101e-10 3.35335e-10 2.2733e-10 1.52201e-10 1.00717e-10 6.59201e-11 4.27009e-11 2.73913e-11 1.74089e-11 1.0968e-11 6.85281e-12 4.24789e-12 2.61339e-12 1.5963e-12 9.68371e-13 5.83602e-13 3.4951e-13 2.08059e-13 1.2314e-13 7.24766e-14 4.24303e-14 2.47127e-14 1.43223e-14 8.26095e-15 4.74292e-15 2.71099e-15 1.54291e-15 8.74478e-16 4.93637e-16 2.77571e-16 1.55489e-16 8.67832e-17 4.82646e-17 2.67501e-17 1.47763e-17 8.13573e-18 4.46532e-18 2.44328e-18 1.33289e-18 7.25025e-19 3.93259e-19 2.12718e-19 1.14752e-19 6.17413e-20 3.31344e-20 1.77377e-20 9.47235e-21 5.04642e-21 2.68225e-21 1.42242e-21 7.52646e-22 3.97385e-22 2.09368e-22 1.1008e-22 5.77592e-23 3.02462e-23 1.58079e-23 8.24614e-24 4.29353e-24 2.23143e-24 1.15764e-24 5.99516e-25 3.09941e-25 1.59964e-25 8.24223e-26 4.23995e-26 2.17763e-26 1.11667e-26 5.71741e-27 2.92292e-27 1.49207e-27 7.60554e-28 3.87122e-28 1.96768e-28 9.98761e-29 5.06264e-29 2.56279e-29 1.29562e-29 6.54156e-30 3.29862e-30 1.66127e-30
1.59732e-10 5.95429e-10 1.31486e-09 2.21718e-09 3.14351e-09 3.93715e-09 4.48655e-09 4.74245e-09 4.71321e-09 4.44781e-09 4.01556e-09 3.48864e-09 2.93022e-09 2.38853e-09 1.89542e-09 1.46815e-09 1.11247e-09 8.26219e-10 6.02422e-10 4.3185e-10 3.04746e-10 2.11935e-10 1.45396e-10 9.84865e-11 6.59201e-11 4.36302e-11 2.85737e-11 1.85273e-11 1.19002e-11 7.57552e-12 4.78165e-12 2.99387e-12 1.86013e-12 1.14726e-12 7.02644e-13 4.27457e-13 2.5838e-13 1.5522e-13 9.26976e-14 5.50455e-14 3.25089e-14 1.90984e-14 1.11633e-14 6.49331e-15 3.75917e-15 2.16641e-15 1.24302e-15 7.10179e-16 4.04081e-16 2.29001e-16 1.29279e-16 7.27096e-17 4.07453e-17 2.27526e-17 1.26618e-17 7.02287e-18 3.88265e-18 2.13981e-18 1.17569e-18 6.44043e-19 3.51784e-19 1.91606e-19 1.04074e-19 5.63783e-20 3.04608e-20 1.64157e-20 8.82453e-21 4.73223e-21 2.53166e-21 1.35124e-21 7.19571e-22 3.82338e-22 2.02711e-22 1.07246e-22 5.66217e-23 2.98331e-23 1.56873e-23 8.23279e-24 4.31236e-24 2.2546e-24 1.17659e-24 6.12909e-25 3.18714e-25 1.65445e-25 8.57366e-26 4.43563e-26 2.29104e-26 1.18144e-26 6.08287e-27 3.12702e-27 1.60506e-27 8.22628e-28 4.20996e-28 2.15142e-28 1.09788e-28 5.59478e-29 2.84717e-29 1.44697e-29 7.34392e-30 3.72247e-30 1.88442e-30
6.82616e-11 2.63468e-10 5.99348e-10 1.03769e-09 1.507e-09 1.92981e-09 2.24512e-09 2.41988e-09 2.44977e-09 2.35282e-09 2.16016e-09 1.9072e-09 1.62697e-09 1.34619e-09 1.08384e-09 8.51369e-10 6.53951e-10 4.92143e-10 3.63484e-10 2.63853e-10 1.88486e-10 1.32657e-10 9.20774e-11 6.30868e-11 4.27009e-11 2.85737e-11 1.89153e-11 1.23947e-11 8.04408e-12 5.17308e-12 3.29803e-12 2.08534e-12 1.30824e-12 8.14587e-13 5.0359e-13 3.09201e-13 1.88605e-13 1.14323e-13 6.88797e-14 4.12599e-14 2.45777e-14 1.4562e-14 8.58325e-15 5.03402e-15 2.93824e-15 1.70702e-15 9.87272e-16 5.68522e-16 3.26009e-16 1.86184e-16 1.0591e-16 6.00166e-17 3.38838e-17 1.9061e-17 1.06851e-17 5.96943e-18 3.32392e-18 1.84489e-18 1.02077e-18 5.63073e-19 3.09678e-19 1.69824e-19 9.28677e-20 5.06449e-20 2.75449e-20 1.4942e-20 8.08479e-21 4.36359e-21 2.34942e-21 1.26195e-21 6.76261e-22 3.61574e-22 1.92892e-22 1.02679e-22 5.45416e-23 2.89112e-23 1.52939e-23 8.07419e-24 4.25432e-24 2.23731e-24 1.17437e-24 6.15296e-25 3.21793e-25 1.67995e-25 8.75513e-26 4.55497e-26 2.36582e-26 1.22676e-26 6.35097e-27 3.28269e-27 1.69411e-27 8.72951e-28 4.49143e-28 2.30747e-28 1.18375e-28 6.064e-29 3.10206e-29 1.58468e-29 8.08431e-30 4.11874e-30 2.09563e-30
2.91716e-11 1.16444e-10 2.72641e-10 4.84326e-10 7.20025e-10 9.42206e-10 1.11854e-09 1.22878e-09 1.26661e-09 1.23757e-09 1.15507e-09 1.03602e-09 8.97316e-10 7.53421e-10 6.15249e-10 4.89965e-10 3.81399e-10 2.90772e-10 2.17482e-10 1.59822e-10 1.15548e-10 8.22814e-11 5.77693e-11 4.00266e-11 2.73913e-11 1.85273e-11 1.23947e-11 8.20643e-12 5.3803e-12 3.49473e-12 2.24998e-12 1.43645e-12 9.09746e-13 5.71778e-13 3.56748e-13 2.21034e-13 1.36035e-13 8.31861e-14 5.05564e-14 3.05442e-14 1.83488e-14 1.09624e-14 6.51495e-15 3.85215e-15 2.26652e-15 1.32725e-15 7.73665e-16 4.48978e-16 2.59436e-16 1.49289e-16 8.5561e-17 4.88454e-17 2.77795e-17 1.57408e-17 8.88736e-18 5.00046e-18 2.80401e-18 1.56719e-18 8.73118e-19 4.84923e-19 2.68506e-19 1.48235e-19 8.16016e-20 4.47945e-20 2.45222e-20 1.33886e-20 7.29077e-21 3.96009e-21 2.14563e-21 1.15971e-21 6.25328e-22 3.364e-22 1.80558e-22 9.66962e-23 5.16721e-23 2.75535e-23 1.46619e-23 7.78599e-24 4.12636e-24 2.18257e-24 1.15221e-24 6.07126e-25 3.19316e-25 1.67638e-25 8.78522e-26 4.59593e-26 2.40021e-26 1.25139e-26 6.51359e-27 3.38487e-27 1.75619e-27 9.09746e-28 4.70544e-28 2.4301e-28 1.25315e-28 6.45274e-29 3.3179e-29 1.7036e-29 8.73511e-30 4.47275e-30 2.28716e-30
1.24665e-11 5.14083e-11 1.23786e-10 2.25466e-10 3.42928e-10 4.58326e-10 5.54955e-10 6.21108e-10 6.5163e-10 6.4749e-10 6.14126e-10 5.59408e-10 4.91773e-10 4.18881e-10 3.46845e-10 2.79959e-10 2.20792e-10 1.7048e-10 1.29096e-10 9.60206e-11 7.02425e-11 5.05975e-11 3.59256e-11 2.5167e-11 1.74089e-11 1.19002e-11 8.04408e-12 5.3803e-12 3.56279e-12 2.33697e-12 1.51916e-12 9.79104e-13 6.25903e-13 3.97008e-13 2.49952e-13 1.5625e-13 9.70107e-14 5.98379e-14 3.66779e-14 2.23466e-14 1.35361e-14 8.15362e-15 4.88502e-15 2.91156e-15 1.72667e-15 1.01903e-15 5.98593e-16 3.50033e-16 2.0379e-16 1.18145e-16 6.82115e-17 3.92255e-17 2.24697e-17 1.28231e-17 7.2913e-18 4.13119e-18 2.33264e-18 1.31269e-18 7.36308e-19 4.11695e-19 2.29481e-19 1.27528e-19 7.06626e-20 3.90415e-20 2.15104e-20 1.18191e-20 6.47679e-21 3.54002e-21 1.92995e-21 1.04956e-21 5.69395e-22 3.08168e-22 1.66399e-22 8.96452e-23 4.81877e-23 2.58464e-23 1.38336e-23 7.38864e-24 3.93825e-24 2.09494e-24 1.1122e-24 5.89332e-25 3.11684e-25 1.64537e-25 8.67006e-26 4.56042e-26 2.39456e-26 1.25516e-26 6.56812e-27 3.43132e-27 1.78967e-27 9.31944e-28 4.84533e-28 2.51527e-28 1.30372e-28 6.74743e-29 3.487e-29 1.79945e-29 9.27274e-30 4.77166e-30 2.45207e-30
5.32756e-12 2.26727e-11 5.61008e-11 1.04704e-10 1.62839e-10 2.22173e-10 2.7426e-10 3.12593e-10 3.3367e-10 3.37055e-10 3.24766e-10 3.00342e-10 2.67906e-10 2.31431e-10 1.94258e-10 1.58881e-10 1.26919e-10 9.92267e-11 7.60573e-11 5.7244e-11 4.23624e-11 3.0861e-11 2.21552e-11 1.56889e-11 1.0968e-11 7.57552e-12 5.17308e-12 3.49473e-12 2.33697e-12 1.54774e-12 1.01569e-12 6.60738e-13 4.26271e-13 2.72832e-13 1.73305e-13 1.09288e-13 6.84412e-14 4.25762e-14 2.6317e-14 1.61672e-14 9.8733e-15 5.99538e-15 3.62066e-15 2.175e-15 1.2999e-15 7.73069e-16 4.57566e-16 2.69578e-16 1.58116e-16 9.2339e-17 5.37e-17 3.11026e-17 1.79434e-17 1.03121e-17 5.90439e-18 3.36846e-18 1.91496e-18 1.08493e-18 6.12628e-19 3.44814e-19 1.93464e-19 1.08213e-19 6.03468e-20 3.35551e-20 1.86047e-20 1.02867e-20 5.67219e-21 3.11939e-21 1.71104e-21 9.36161e-22 5.10932e-22 2.78178e-22 1.51096e-22 8.1879e-23 4.42697e-23 2.38822e-23 1.28558e-23 6.90547e-24 3.70153e-24 1.98007e-24 1.05708e-24 5.63219e-25 2.99509e-25 1.58972e-25 8.42216e-26 4.45384e-26 2.35109e-26 1.23891e-26 6.5172e-27 3.42252e-27 1.79436e-27 9.39207e-28 4.90813e-28 2.56085e-28 1.33407e-28 6.9392e-29 3.60403e-29 1.86908e-29 9.67908e-30 5.0052e-30 2.58462e-30
2.27674e-12 9.98973e-12 2.53822e-11 4.85119e-11 7.7106e-11 1.07345e-10 1.35038e-10 1.5668e-10 1.70098e-10 1.74619e-10 1.70872e-10 1.60384e-10 1.45123e-10 1.27107e-10 1.08126e-10 8.95877e-11 7.24715e-11 5.73565e-11 4.44908e-11 3.3877e-11 2.5356e-11 1.86777e-11 1.35549e-11 9.7011e-12 6.85281e-12 4.78165e-12 3.29803e-12 2.24998e-12 1.51916e-12 1.01569e-12 6.72763e-13 4.4168e-13 2.87526e-13 1.85668e-13 1.18972e-13 7.56741e-14 4.77942e-14 2.99817e-14 1.86856e-14 1.15728e-14 7.12451e-15 4.36066e-15 2.65412e-15 1.60675e-15 9.67648e-16 5.79832e-16 3.45762e-16 2.05215e-16 1.21245e-16 7.13192e-17 4.17727e-17 2.43657e-17 1.41553e-17 8.19146e-18 4.72235e-18 2.7124e-18 1.55236e-18 8.85356e-19 5.03233e-19 2.85092e-19 1.60991e-19 9.06268e-20 5.08608e-20 2.84587e-20 1.58775e-20 8.83314e-21 4.90054e-21 2.71142e-21 1.49624e-21 8.23531e-22 4.52128e-22 2.4761e-22 1.35278e-22 7.37318e-23 4.00939e-23 2.17528e-23 1.17757e-23 6.36087e-24 3.42861e-24 1.84422e-24 9.89961e-25 5.30336e-25 2.83549e-25 1.5131e-25 8.05902e-26 4.28439e-26 2.27354e-26 1.20431e-26 6.3681e-27 3.36147e-27 1.77138e-27 9.31901e-28 4.89457e-28 2.56661e-28 1.34375e-28 7.02421e-29 3.66617e-29 1.91062e-29 9.94238e-30 5.16623e-30 2.68061e-30
9.72965e-13 4.39756e-12 1.14656e-11 2.24279e-11 3.6413e-11 5.17032e-11 6.62556e-11 7.82283e-11 8.63474e-11 9.00555e-11 8.94683e-11 8.52082e-11 7.81897e-11 6.94174e-11 5.98308e-11 5.02072e-11 4.11197e-11 3.2937e-11 2.58497e-11 1.99089e-11 1.50683e-11 1.12211e-11 8.23069e-12 5.95236e-12 4.24789e-12 2.99387e-12 2.08534e-12 1.43645e-12 9.79104e-13 6.60738e-13 4.4168e-13 2.92593e-13 1.92168e-13 1.25179e-13 8.09047e-14 5.18982e-14 3.30526e-14 2.09055e-14 1.31352e-14 8.20062e-15 5.08857e-15 3.13893e-15 1.92529e-15 1.17444e-15 7.12629e-16 4.30205e-16 2.58427e-16 1.54498e-16 9.19385e-17 5.44655e-17 3.21261e-17 1.88695e-17 1.10379e-17 6.43111e-18 3.73257e-18 2.15824e-18 1.24339e-18 7.13792e-19 4.08353e-19 2.3283e-19 1.32317e-19 7.49562e-20 4.23297e-20 2.38322e-20 1.33781e-20 7.48804e-21 4.17941e-21 2.32629e-21 1.29134e-21 7.14948e-22 3.94811e-22 2.17475e-22 1.19497e-22 6.55028e-23 3.58209e-23 1.95438e-23 1.06389e-23 5.77863e-24 3.1319e-24 1.69381e-24 9.14148e-25 4.92355e-25 2.64648e-25 1.41972e-25 7.6015e-26 4.06229e-26 2.16688e-26 1.15373e-26 6.13188e-27 3.25326e-27 1.72302e-27 9.11011e-28 4.80873e-28 2.5341e-28 1.33326e-28 7.00352e-29 3.67315e-29 1.92351e-29 1.00576e-29 5.25104e-30 2.73755e-30
4.15797e-13 1.93419e-12 5.17137e-12 1.03474e-11 1.71524e-11 2.48297e-11 3.23997e-11 3.89146e-11 4.36574e-11 4.62441e-11 4.66306e-11 4.50494e-11 4.19119e-11 3.77081e-11 3.2922e-11 2.79739e-11 2.31904e-11 1.87963e-11 1.49224e-11 1.16226e-11 8.89362e-12 6.69423e-12 4.96193e-12 3.62541e-12 2.61339e-12 1.86013e-12 1.30824e-12 9.09746e-13 6.25903e-13 4.26271e-13 2.87526e-13 1.92168e-13 1.27318e-13 8.36506e-14 5.45236e-14 3.52682e-14 2.26467e-14 1.44404e-14 9.14591e-15 5.75522e-15 3.59907e-15 2.23725e-15 1.38269e-15 8.49794e-16 5.19473e-16 3.15902e-16 1.91143e-16 1.15093e-16 6.89754e-17 4.11488e-17 2.44398e-17 1.44535e-17 8.51221e-18 4.99291e-18 2.91715e-18 1.69787e-18 9.84553e-19 5.68857e-19 3.27522e-19 1.87927e-19 1.07471e-19 6.126e-20 3.48087e-20 1.97177e-20 1.11356e-20 6.27032e-21 3.52061e-21 1.97118e-21 1.10063e-21 6.12906e-22 3.40413e-22 1.88583e-22 1.0421e-22 5.74449e-23 3.15899e-23 1.7331e-23 9.48628e-24 5.1807e-24 2.82306e-24 1.535e-24 8.32864e-25 4.50956e-25 2.43672e-25 1.31403e-25 7.07217e-26 3.79891e-26 2.03677e-26 1.08997e-26 5.82232e-27 3.10453e-27 1.65245e-27 8.78031e-28 4.65747e-28 2.4664e-28 1.30395e-28 6.88265e-29 3.6271e-29 1.90846e-29 1.00262e-29 5.25934e-30 2.75473e-30
