0.369677 0.0170384 0.0112894 0.00804027 0.0060321 0.00469547 0.00375237 0.00305649 0.00252522 0.0021089 0.00177599 0.00150552 0.00128298 0.00109798 0.000942913 0.000812019 0.000700886 0.000606064 0.000524811 0.000454924 0.000394611 0.000342399 0.000297069 0.000257601 0.000223137 0.000192952 0.000166427 0.000143034 0.000122315 0.000103876 9.09494e-05
0.0170384 0.00193483 0.0011839 0.000775154 0.000535217 0.000385032 0.000285899 0.000217569 0.000168789 0.000132958 0.000106023 8.53883e-05 6.93311e-05 5.66731e-05 4.65857e-05 3.84726e-05 3.18958e-05 2.65278e-05 2.21202e-05 1.8482e-05 1.54645e-05 1.29508e-05 1.08485e-05 9.08351e-06 7.59641e-06 6.33916e-06 5.2728e-06 4.3657e-06 3.59232e-06 2.93228e-06 2.50997e-06
0.0112894 0.0011839 0.00069615 0.000441865 0.0002983 0.000211286 0.000155268 0.000117365 9.06642e-05 7.12347e-05 5.6723e-05 4.56541e-05 3.70656e-05 3.03076e-05 2.49277e-05 2.06028e-05 1.70973e-05 1.42357e-05 1.18853e-05 9.94423e-06 8.33349e-06 6.99102e-06 5.86767e-06 4.92419e-06 4.12906e-06 3.45681e-06 2.88684e-06 2.40249e-06 1.99044e-06 1.67824e-06 1.43756e-06
0.00804027 0.000775154 0.000441865 0.0002737 0.000181584 0.000127142 9.27656e-05 6.98267e-05 5.38197e-05 4.22438e-05 3.36311e-05 2.70765e-05 2.19967e-05 1.80013e-05 1.48206e-05 1.22628e-05 1.01886e-05 8.49429e-06 7.10171e-06 5.95091e-06 4.99533e-06 4.19844e-06 3.53131e-06 2.9708e-06 2.49835e-06 2.09895e-06 1.76048e-06 1.47318e-06 1.24421e-06 1.0491e-06 8.99014e-07
0.0060321 0.000535217 0.0002983 0.000181584 0.000119046 8.27501e-05 6.01371e-05 4.51838e-05 3.48073e-05 2.73264e-05 2.17687e-05 1.75409e-05 1.42637e-05 1.16848e-05 9.63028e-06 7.97684e-06 6.63486e-06 5.53784e-06 4.63551e-06 3.88936e-06 3.26942e-06 2.7522e-06 2.31903e-06 1.95502e-06 1.64817e-06 1.38881e-06 1.16912e-06 9.88713e-07 8.35197e-07 7.04261e-07 6.03597e-07
0.00469547 0.000385032 0.000211286 0.000127142 8.27501e-05 5.72997e-05 4.1577e-05 3.12325e-05 2.40721e-05 1.89142e-05 1.50817e-05 1.21643e-05 9.90091e-06 8.118e-06 6.69629e-06 5.55112e-06 4.62094e-06 3.86003e-06 3.23379e-06 2.71569e-06 2.28507e-06 1.92569e-06 1.62466e-06 1.37166e-06 1.15841e-06 9.78195e-07 8.27949e-07 7.00318e-07 5.91644e-07 4.98908e-07 4.27572e-07
0.00375237 0.000285899 0.000155268 9.27656e-05 6.01371e-05 4.1577e-05 3.01661e-05 2.26755e-05 1.74933e-05 1.37586e-05 1.09808e-05 8.86388e-06 7.2197e-06 5.92329e-06 4.88863e-06 4.05462e-06 3.3768e-06 2.82205e-06 2.36534e-06 1.98738e-06 1.67319e-06 1.41095e-06 1.19129e-06 1.00669e-06 8.51105e-07 7.20598e-07 6.09983e-07 5.1599e-07 4.35936e-07 3.6761e-07 3.1499e-07
0.00305649 0.000217569 0.000117365 6.98267e-05 4.51838e-05 3.12325e-05 2.26755e-05 1.70615e-05 1.31752e-05 1.03714e-05 8.28337e-06 6.69029e-06 5.45171e-06 4.47432e-06 3.69376e-06 3.06428e-06 2.5525e-06 2.13356e-06 1.7886e-06 1.50311e-06 1.26578e-06 1.06771e-06 9.01821e-07 7.62434e-07 6.45366e-07 5.46408e-07 4.62531e-07 3.91256e-07 3.30549e-07 2.78738e-07 2.3878e-07
0.00252522 0.000168789 9.06642e-05 5.38197e-05 3.48073e-05 2.40721e-05 1.74933e-05 1.31752e-05 1.01829e-05 8.02112e-06 6.40935e-06 5.17839e-06 4.22058e-06 3.46432e-06 2.86012e-06 2.37274e-06 1.97643e-06 1.652e-06 1.38488e-06 1.16382e-06 9.8009e-07 8.26778e-07 6.984e-07 5.90717e-07 4.99969e-07 4.23271e-07 3.5827e-07 3.03043e-07 2.56011e-07 2.15877e-07 1.84879e-07
0.0021089 0.000132958 7.12347e-05 4.22438e-05 2.73264e-05 1.89142e-05 1.37586e-05 1.03714e-05 8.02112e-06 6.32113e-06 5.05233e-06 4.08252e-06 3.32749e-06 2.73112e-06 2.25457e-06 1.87014e-06 1.55755e-06 1.30168e-06 1.09104e-06 9.16764e-07 7.71946e-07 6.51137e-07 5.50071e-07 4.6518e-07 3.93657e-07 3.33223e-07 2.82019e-07 2.38524e-07 2.01492e-07 1.69898e-07 1.45459e-07
0.00177599 0.000106023 5.6723e-05 3.36311e-05 2.17687e-05 1.50817e-05 1.09808e-05 8.28337e-06 6.40935e-06 5.05233e-06 4.03863e-06 3.26334e-06 2.65954e-06 2.18253e-06 1.80134e-06 1.49386e-06 1.24387e-06 1.03929e-06 8.70912e-07 7.3164e-07 6.15943e-07 5.19486e-07 4.38756e-07 3.70968e-07 3.13872e-07 2.65643e-07 2.24793e-07 1.90102e-07 1.60575e-07 1.35391e-07 1.1588e-07
0.00150552 8.53883e-05 4.56541e-05 2.70765e-05 1.75409e-05 1.21643e-05 8.86388e-06 6.69029e-06 5.17839e-06 4.08252e-06 3.26334e-06 2.63656e-06 2.14832e-06 1.76258e-06 1.45436e-06 1.20577e-06 1.00371e-06 8.38392e-07 7.02367e-07 5.89894e-07 4.96503e-07 4.18641e-07 3.53496e-07 2.98812e-07 2.5277e-07 2.13892e-07 1.80972e-07 1.53026e-07 1.29246e-07 1.0897e-07 9.32395e-08
0.00128298 6.93311e-05 3.70656e-05 2.19967e-05 1.42637e-05 9.90091e-06 7.2197e-06 5.45171e-06 4.22058e-06 3.32749e-06 2.65954e-06 2.14832e-06 1.75005e-06 1.43542e-06 1.18405e-06 9.81358e-07 8.16652e-07 6.81935e-07 5.71125e-07 4.79537e-07 4.03501e-07 3.40131e-07 2.87129e-07 2.42655e-07 2.05222e-07 1.73625e-07 1.46879e-07 1.24182e-07 1.04874e-07 8.84175e-08 7.56321e-08
0.00109798 5.66731e-05 3.03076e-05 1.80013e-05 1.16848e-05 8.118e-06 5.92329e-06 4.47432e-06 3.46432e-06 2.73112e-06 2.18253e-06 1.76258e-06 1.43542e-06 1.17699e-06 9.70564e-07 8.04155e-07 6.68972e-07 5.58439e-07 4.67555e-07 3.92456e-07 3.30132e-07 2.78207e-07 2.34794e-07 1.98379e-07 1.67741e-07 1.41887e-07 1.20011e-07 1.01452e-07 8.56709e-08 7.22238e-08 6.17628e-08
0.000942913 4.65857e-05 2.49277e-05 1.48206e-05 9.63028e-06 6.69629e-06 4.88863e-06 3.69376e-06 2.86012e-06 2.25457e-06 1.80134e-06 1.45436e-06 1.18405e-06 9.70564e-07 8.00076e-07 6.62677e-07 5.51097e-07 4.59894e-07 3.84926e-07 3.23001e-07 2.71628e-07 2.28842e-07 1.93083e-07 1.63098e-07 1.37879e-07 1.16606e-07 9.86117e-08 8.33515e-08 7.03792e-08 5.93293e-08 5.07221e-08
0.000812019 3.84726e-05 2.06028e-05 1.22628e-05 7.97684e-06 5.55112e-06 4.05462e-06 3.06428e-06 2.37274e-06 1.87014e-06 1.49386e-06 1.20577e-06 9.81358e-07 8.04155e-07 6.62677e-07 5.48692e-07 4.56157e-07 3.80544e-07 3.18412e-07 2.67107e-07 2.2456e-07 1.89137e-07 1.59542e-07 1.34735e-07 1.13877e-07 9.6289e-08 8.14171e-08 6.88089e-08 5.80946e-08 4.8971e-08 4.18556e-08
0.000700886 3.18958e-05 1.70973e-05 1.01886e-05 6.63486e-06 4.62094e-06 3.3768e-06 2.5525e-06 1.97643e-06 1.55755e-06 1.24387e-06 1.00371e-06 8.16652e-07 6.68972e-07 5.51097e-07 4.56157e-07 3.79104e-07 3.16164e-07 2.64463e-07 2.21786e-07 1.86406e-07 1.56961e-07 1.32368e-07 1.1176e-07 9.44395e-08 7.9839e-08 6.74972e-08 5.70375e-08 4.81518e-08 4.05876e-08 3.46816e-08
0.000606064 2.65278e-05 1.42357e-05 8.49429e-06 5.53784e-06 3.86003e-06 2.82205e-06 2.13356e-06 1.652e-06 1.30168e-06 1.03929e-06 8.38392e-07 6.81935e-07 5.58439e-07 4.59894e-07 3.80544e-07 3.16164e-07 2.63593e-07 2.20423e-07 1.84801e-07 1.55279e-07 1.30717e-07 1.1021e-07 9.30313e-08 7.85974e-08 6.64342e-08 5.6156e-08 4.7448e-08 4.00526e-08 3.37592e-08 2.88397e-08
0.000524811 2.21202e-05 1.18853e-05 7.10171e-06 4.63551e-06 3.23379e-06 2.36534e-06 1.7886e-06 1.38488e-06 1.09104e-06 8.70912e-07 7.02367e-07 5.71125e-07 4.67555e-07 3.84926e-07 3.18412e-07 2.64463e-07 2.20423e-07 1.84272e-07 1.5445e-07 1.29743e-07 1.09193e-07 9.20411e-08 7.76779e-08 6.56133e-08 5.54498e-08 4.68641e-08 3.95923e-08 3.34185e-08 2.81661e-08 2.40561e-08
0.000454924 1.8482e-05 9.94423e-06 5.95091e-06 3.88936e-06 2.71569e-06 1.98738e-06 1.50311e-06 1.16382e-06 9.16764e-07 7.3164e-07 5.89894e-07 4.79537e-07 3.92456e-07 3.23001e-07 2.67107e-07 2.21786e-07 1.84801e-07 1.5445e-07 1.2942e-07 1.0869e-07 9.14531e-08 7.70705e-08 6.50302e-08 5.49196e-08 4.64048e-08 3.9214e-08 3.31254e-08 2.79577e-08 2.35625e-08 2.01197e-08
0.000394611 1.54645e-05 8.33349e-06 4.99533e-06 3.26942e-06 2.28507e-06 1.67319e-06 1.26578e-06 9.8009e-07 7.71946e-07 6.15943e-07 4.96503e-07 4.03501e-07 3.30132e-07 2.71628e-07 2.2456e-07 1.86406e-07 1.55279e-07 1.29743e-07 1.0869e-07 9.12582e-08 7.67685e-08 6.46815e-08 5.45659e-08 4.60739e-08 3.89244e-08 3.28882e-08 2.77787e-08 2.34433e-08 1.9757e-08 1.68666e-08
0.000342399 1.29508e-05 6.99102e-06 4.19844e-06 2.7522e-06 1.92569e-06 1.41095e-06 1.06771e-06 8.26778e-07 6.51137e-07 5.19486e-07 4.18641e-07 3.40131e-07 2.78207e-07 2.28842e-07 1.89137e-07 1.56961e-07 1.30717e-07 1.09193e-07 9.14531e-08 7.67685e-08 6.45656e-08 5.43889e-08 4.58743e-08 3.87284e-08 3.27137e-08 2.7637e-08 2.33409e-08 1.96966e-08 1.65987e-08 1.41675e-08
0.000297069 1.08485e-05 5.86767e-06 3.53131e-06 2.31903e-06 1.62466e-06 1.19129e-06 9.01821e-07 6.984e-07 5.50071e-07 4.38756e-07 3.53496e-07 2.87129e-07 2.34794e-07 1.93083e-07 1.59542e-07 1.32368e-07 1.1021e-07 9.20411e-08 7.70705e-08 6.46815e-08 5.43889e-08 4.58076e-08 3.86296e-08 3.26069e-08 2.75389e-08 2.32625e-08 1.96444e-08 1.6576e-08 1.39684e-08 1.19202e-08
0.000257601 9.08351e-06 4.92419e-06 2.9708e-06 1.95502e-06 1.37166e-06 1.00669e-06 7.62434e-07 5.90717e-07 4.6518e-07 3.70968e-07 2.98812e-07 2.42655e-07 1.98379e-07 1.63098e-07 1.34735e-07 1.1176e-07 9.30313e-08 7.76779e-08 6.50302e-08 5.45659e-08 4.58743e-08 3.86296e-08 3.2571e-08 2.74888e-08 2.32132e-08 1.96062e-08 1.65553e-08 1.39685e-08 1.17707e-08 1.00429e-08
0.000223137 7.59641e-06 4.12906e-06 2.49835e-06 1.64817e-06 1.15841e-06 8.51105e-07 6.45366e-07 4.99969e-07 3.93657e-07 3.13872e-07 2.5277e-07 2.05222e-07 1.67741e-07 1.37879e-07 1.13877e-07 9.44395e-08 7.85974e-08 6.56133e-08 5.49196e-08 4.60739e-08 3.87284e-08 3.26069e-08 2.74888e-08 2.31964e-08 1.9586e-08 1.65409e-08 1.39658e-08 1.17829e-08 9.92864e-09 8.46989e-09
0.000192952 6.33916e-06 3.45681e-06 2.09895e-06 1.38881e-06 9.78195e-07 7.20598e-07 5.46408e-07 4.23271e-07 3.33223e-07 2.65643e-07 2.13892e-07 1.73625e-07 1.41887e-07 1.16606e-07 9.6289e-08 7.9839e-08 6.64342e-08 5.54498e-08 4.64048e-08 3.89244e-08 3.27137e-08 2.75389e-08 2.32132e-08 1.9586e-08 1.65358e-08 1.39636e-08 1.17888e-08 9.94567e-09 8.3803e-09 7.14799e-09
0.000166427 5.2728e-06 2.88684e-06 1.76048e-06 1.16912e-06 8.27949e-07 6.09983e-07 4.62531e-07 3.5827e-07 2.82019e-07 2.24793e-07 1.80972e-07 1.46879e-07 1.20011e-07 9.86117e-08 8.14171e-08 6.74972e-08 5.6156e-08 4.68641e-08 3.9214e-08 3.28882e-08 2.7637e-08 2.32625e-08 1.96062e-08 1.65409e-08 1.39636e-08 1.17906e-08 9.9536e-09 8.39699e-09 7.07519e-09 6.03404e-09
0.000143034 4.3657e-06 2.40249e-06 1.47318e-06 9.88713e-07 7.00318e-07 5.1599e-07 3.91256e-07 3.03043e-07 2.38524e-07 1.90102e-07 1.53026e-07 1.24182e-07 1.01452e-07 8.33515e-08 6.88089e-08 5.70375e-08 4.7448e-08 3.95923e-08 3.31254e-08 2.77787e-08 2.33409e-08 1.96444e-08 1.65553e-08 1.39658e-08 1.17888e-08 9.9536e-09 8.4024e-09 7.08811e-09 5.97223e-09 5.09287e-09
0.000122315 3.59232e-06 1.99044e-06 1.24421e-06 8.35197e-07 5.91644e-07 4.35936e-07 3.30549e-07 2.56011e-07 2.01492e-07 1.60575e-07 1.29246e-07 1.04874e-07 8.56709e-08 7.03792e-08 5.80946e-08 4.81518e-08 4.00526e-08 3.34185e-08 2.79577e-08 2.34433e-08 1.96966e-08 1.6576e-08 1.39685e-08 1.17829e-08 9.94567e-09 8.39699e-09 7.08811e-09 5.97924e-09 5.03787e-09 4.29576e-09
0.000103876 2.93228e-06 1.67824e-06 1.0491e-06 7.04261e-07 4.98908e-07 3.6761e-07 2.78738e-07 2.15877e-07 1.69898e-07 1.35391e-07 1.0897e-07 8.84175e-08 7.22238e-08 5.93293e-08 4.8971e-08 4.05876e-08 3.37592e-08 2.81661e-08 2.35625e-08 1.9757e-08 1.65987e-08 1.39684e-08 1.17707e-08 9.92864e-09 8.3803e-09 7.07519e-09 5.97223e-09 5.03787e-09 4.24467e-09 3.61926e-09
9.09494e-05 2.50997e-06 1.43756e-06 8.99014e-07 6.03597e-07 4.27572e-07 3.1499e-07 2.3878e-07 1.84879e-07 1.45459e-07 1.1588e-07 9.32395e-08 7.56321e-08 6.17628e-08 5.07221e-08 4.18556e-08 3.46816e-08 2.88397e-08 2.40561e-08 2.01197e-08 1.68666e-08 1.41675e-08 1.19202e-08 1.00429e-08 8.46989e-09 7.14799e-09 6.03404e-09 5.09287e-09 4.29576e-09 3.61926e-09 3.08542e-09
