0.369819 0.0179925 0.0118806 0.00843578 0.00630917 0.00489434 0.00389648 0.00316073 0.0025997 0.00216083 0.00181068 0.00152698 0.00129429 0.00110156 0.000940645 0.000805398 0.000691097 0.000594046 0.000511312 0.000440533 0.000379792 0.000327516 0.000282401 0.000243362 0.000209488 0.000180009 0.000154272 0.00013172 0.000111873 9.43173e-05 8.20024e-05
0.0179925 0.00210696 0.00128631 0.000839992 0.000578019 0.000414089 0.00030599 0.000231617 0.000178661 0.000139891 0.00011086 8.87165e-05 7.15671e-05 5.8117e-05 4.74561e-05 3.89301e-05 3.20591e-05 2.64849e-05 2.19365e-05 1.8206e-05 1.51321e-05 1.25886e-05 1.04755e-05 8.71354e-06 7.23911e-06 6.00104e-06 4.95802e-06 4.07663e-06 3.32997e-06 2.69664e-06 2.29066e-06
0.0118806 0.00128631 0.000754129 0.000477214 0.000321007 0.000226397 0.000165558 0.000124468 9.55964e-05 7.46552e-05 5.90744e-05 4.72413e-05 3.81033e-05 3.09495e-05 2.52851e-05 2.07572e-05 1.71087e-05 1.41483e-05 1.17319e-05 9.74916e-06 8.1145e-06 6.76112e-06 5.63624e-06 4.69789e-06 3.91245e-06 3.25291e-06 2.69749e-06 2.22862e-06 1.83233e-06 1.533e-06 1.30313e-06
0.00843578 0.000839992 0.000477214 0.00029462 0.000194726 0.000135744 9.85439e-05 7.37667e-05 5.65212e-05 4.40901e-05 3.48769e-05 2.78958e-05 2.25113e-05 1.82981e-05 1.49623e-05 1.22951e-05 1.01449e-05 8.39924e-06 6.97349e-06 5.80283e-06 4.83715e-06 4.0372e-06 3.37201e-06 2.81696e-06 2.35231e-06 1.96219e-06 1.63385e-06 1.35703e-06 1.13747e-06 9.51697e-07 8.0932e-07
0.00630917 0.000578019 0.000321007 0.000194726 0.000127161 8.79876e-05 6.36117e-05 4.75227e-05 3.63871e-05 2.83857e-05 2.24647e-05 1.79807e-05 1.4522e-05 1.18146e-05 9.66962e-06 7.95341e-06 6.56887e-06 5.44406e-06 4.52476e-06 3.76951e-06 3.14618e-06 2.62961e-06 2.19995e-06 1.84136e-06 1.54119e-06 1.28923e-06 1.0773e-06 9.04292e-07 7.58127e-07 6.3434e-07 5.39509e-07
0.00489434 0.000414089 0.000226397 0.000135744 8.79876e-05 6.06371e-05 4.37623e-05 3.2681e-05 2.50315e-05 1.95402e-05 1.54767e-05 1.23978e-05 1.0021e-05 8.15899e-06 6.68259e-06 5.50041e-06 4.54603e-06 3.77024e-06 3.13587e-06 2.61449e-06 2.18405e-06 1.82726e-06 1.53045e-06 1.28275e-06 1.07542e-06 9.01452e-07 7.57368e-07 6.35856e-07 5.33134e-07 4.46098e-07 3.79381e-07
0.00389648 0.00030599 0.000165558 9.85439e-05 6.36117e-05 4.37623e-05 3.15749e-05 2.35909e-05 1.8083e-05 1.41278e-05 1.11986e-05 8.97698e-06 7.26041e-06 5.9144e-06 4.84637e-06 3.99066e-06 3.29951e-06 2.73747e-06 2.27777e-06 1.89987e-06 1.58784e-06 1.32921e-06 1.11406e-06 9.34533e-07 7.84302e-07 6.59153e-07 5.53849e-07 4.65018e-07 3.89906e-07 3.26253e-07 2.77406e-07
0.00316073 0.000231617 0.000124468 7.37667e-05 4.75227e-05 3.2681e-05 2.35909e-05 1.76399e-05 1.35327e-05 1.05806e-05 8.39192e-06 6.73026e-06 5.44524e-06 4.43692e-06 3.63642e-06 2.9948e-06 2.47644e-06 2.05484e-06 1.70998e-06 1.42649e-06 1.19243e-06 9.98448e-07 8.37113e-07 7.02516e-07 5.90269e-07 4.96074e-07 4.16815e-07 3.49955e-07 2.93422e-07 2.45516e-07 2.08701e-07
0.0025997 0.000178661 9.55964e-05 5.65212e-05 3.63871e-05 2.50315e-05 1.8083e-05 1.35327e-05 1.03894e-05 8.12746e-06 6.44874e-06 5.17312e-06 4.18598e-06 3.41102e-06 2.7956e-06 2.30225e-06 1.90364e-06 1.57944e-06 1.31429e-06 1.09635e-06 9.16444e-07 7.67375e-07 6.43431e-07 5.40204e-07 4.53839e-07 3.81377e-07 3.20415e-07 2.68999e-07 2.2553e-07 1.88702e-07 1.60359e-07
0.00216083 0.000139891 7.46552e-05 4.40901e-05 2.83857e-05 1.95402e-05 1.41278e-05 1.05806e-05 8.12746e-06 6.3603e-06 5.04756e-06 4.04937e-06 3.27655e-06 2.66969e-06 2.1877e-06 1.80131e-06 1.48916e-06 1.23531e-06 1.02774e-06 8.5717e-07 7.16411e-07 5.99811e-07 5.02955e-07 4.22185e-07 3.54627e-07 2.97961e-07 2.503e-07 2.10113e-07 1.76146e-07 1.47376e-07 1.25201e-07
0.00181068 0.00011086 5.90744e-05 3.48769e-05 2.24647e-05 1.54767e-05 1.11986e-05 8.39192e-06 6.44874e-06 5.04756e-06 4.00593e-06 3.21349e-06 2.5998e-06 2.11785e-06 1.73507e-06 1.42826e-06 1.18043e-06 9.78956e-07 8.14248e-07 6.78945e-07 5.67326e-07 4.74923e-07 3.98136e-07 3.34124e-07 2.806e-07 2.3572e-07 1.97985e-07 1.66176e-07 1.39299e-07 1.16541e-07 9.89755e-08
0.00152698 8.87165e-05 4.72413e-05 2.78958e-05 1.79807e-05 1.23978e-05 8.97698e-06 6.73026e-06 5.17312e-06 4.04937e-06 3.21349e-06 2.57736e-06 2.08467e-06 1.69775e-06 1.39049e-06 1.14425e-06 9.45409e-07 7.83805e-07 6.51735e-07 5.43282e-07 4.53857e-07 3.79827e-07 3.18331e-07 2.67084e-07 2.2425e-07 1.88345e-07 1.58168e-07 1.32738e-07 1.11259e-07 9.30769e-08 7.90236e-08
0.00129429 7.15671e-05 3.81033e-05 2.25113e-05 1.4522e-05 1.0021e-05 7.26041e-06 5.44524e-06 4.18598e-06 3.27655e-06 2.5998e-06 2.08467e-06 1.68568e-06 1.37238e-06 1.12363e-06 9.24337e-07 7.63453e-07 6.32742e-07 5.25957e-07 4.38306e-07 3.66046e-07 3.0625e-07 2.56596e-07 2.15233e-07 1.80673e-07 1.51715e-07 1.27384e-07 1.06889e-07 8.95834e-08 7.49395e-08 6.36057e-08
0.00110156 5.8117e-05 3.09495e-05 1.82981e-05 1.18146e-05 8.15899e-06 5.9144e-06 4.43692e-06 3.41102e-06 2.66969e-06 2.11785e-06 1.69775e-06 1.37238e-06 1.11693e-06 9.14161e-07 7.51755e-07 6.20693e-07 5.14249e-07 4.27324e-07 3.55993e-07 2.97212e-07 2.48587e-07 2.08225e-07 1.74614e-07 1.46543e-07 1.2303e-07 1.03281e-07 8.66518e-08 7.26151e-08 6.07415e-08 5.154e-08
0.000940645 4.74561e-05 2.52851e-05 1.49623e-05 9.66962e-06 6.68259e-06 4.84637e-06 3.63642e-06 2.7956e-06 2.1877e-06 1.73507e-06 1.39049e-06 1.12363e-06 9.14161e-07 7.47936e-07 6.14842e-07 5.07472e-07 4.20302e-07 3.4914e-07 2.90766e-07 2.4268e-07 2.02917e-07 1.69924e-07 1.4246e-07 1.1953e-07 1.00331e-07 8.42112e-08 7.06423e-08 5.91929e-08 4.95112e-08 4.19992e-08
0.000805398 3.89301e-05 2.07572e-05 1.22951e-05 7.95341e-06 5.50041e-06 3.99066e-06 2.9948e-06 2.30225e-06 1.80131e-06 1.42826e-06 1.14425e-06 9.24337e-07 7.51755e-07 6.14842e-07 5.05253e-07 4.16877e-07 3.45151e-07 2.86618e-07 2.38622e-07 1.99099e-07 1.66429e-07 1.39331e-07 1.16783e-07 9.79634e-08 8.22117e-08 6.89914e-08 5.78669e-08 4.84831e-08 4.05509e-08 3.43891e-08
0.000691097 3.20591e-05 1.71087e-05 1.01449e-05 6.56887e-06 4.54603e-06 3.29951e-06 2.47644e-06 1.90364e-06 1.48916e-06 1.18043e-06 9.45409e-07 7.63453e-07 6.20693e-07 5.07472e-07 4.16877e-07 3.43841e-07 2.84586e-07 2.36248e-07 1.96626e-07 1.64011e-07 1.3706e-07 1.14714e-07 9.61261e-08 8.06177e-08 6.76418e-08 5.67549e-08 4.75969e-08 3.98746e-08 3.3349e-08 2.82741e-08
0.000594046 2.64849e-05 1.41483e-05 8.39924e-06 5.44406e-06 3.77024e-06 2.73747e-06 2.05484e-06 1.57944e-06 1.23531e-06 9.78956e-07 7.83805e-07 6.32742e-07 5.14249e-07 4.20302e-07 3.45151e-07 2.84586e-07 2.35467e-07 1.95411e-07 1.62589e-07 1.35581e-07 1.13272e-07 9.47797e-08 7.94031e-08 6.65784e-08 5.58515e-08 4.68545e-08 3.92888e-08 3.29113e-08 2.75238e-08 2.33295e-08
0.000511312 2.19365e-05 1.17319e-05 6.97349e-06 4.52476e-06 3.13587e-06 2.27777e-06 1.70998e-06 1.31429e-06 1.02774e-06 8.14248e-07 6.51735e-07 5.25957e-07 4.27324e-07 3.4914e-07 2.86618e-07 2.36248e-07 1.95411e-07 1.6212e-07 1.34851e-07 1.1242e-07 9.38969e-08 7.85487e-08 6.57903e-08 5.51528e-08 4.62581e-08 3.88004e-08 3.2531e-08 2.72479e-08 2.27863e-08 1.93092e-08
0.000440533 1.8206e-05 9.74916e-06 5.80283e-06 3.76951e-06 2.61449e-06 1.89987e-06 1.42649e-06 1.09635e-06 8.5717e-07 6.78945e-07 5.43282e-07 4.38306e-07 3.55993e-07 2.90766e-07 2.38622e-07 1.96626e-07 1.62589e-07 1.34851e-07 1.12138e-07 9.34598e-08 7.80413e-08 6.52694e-08 5.46559e-08 4.58095e-08 3.84148e-08 3.22166e-08 2.70077e-08 2.26195e-08 1.89148e-08 1.60248e-08
0.000379792 1.51321e-05 8.1145e-06 4.83715e-06 3.14618e-06 2.18405e-06 1.58784e-06 1.19243e-06 9.16444e-07 7.16411e-07 5.67326e-07 4.53857e-07 3.66046e-07 2.97212e-07 2.4268e-07 1.99099e-07 1.64011e-07 1.35581e-07 1.1242e-07 9.34598e-08 7.7873e-08 6.50103e-08 5.43588e-08 4.55099e-08 3.81365e-08 3.19749e-08 2.68118e-08 2.2474e-08 1.88209e-08 1.57376e-08 1.33301e-08
0.000327516 1.25886e-05 6.76112e-06 4.0372e-06 2.62961e-06 1.82726e-06 1.32921e-06 9.98448e-07 7.67375e-07 5.99811e-07 4.74923e-07 3.79827e-07 3.0625e-07 2.48587e-07 2.02917e-07 1.66429e-07 1.3706e-07 1.13272e-07 9.38969e-08 7.80413e-08 6.50103e-08 5.42599e-08 4.536e-08 3.79684e-08 3.1811e-08 2.6667e-08 2.23578e-08 1.87385e-08 1.56913e-08 1.31201e-08 1.11107e-08
0.000282401 1.04755e-05 5.63624e-06 3.37201e-06 2.19995e-06 1.53045e-06 1.11406e-06 8.37113e-07 6.43431e-07 5.02955e-07 3.98136e-07 3.18331e-07 2.56596e-07 2.08225e-07 1.69924e-07 1.39331e-07 1.14714e-07 9.47797e-08 7.85487e-08 6.52694e-08 5.43588e-08 4.536e-08 3.79121e-08 3.17282e-08 2.65782e-08 2.22769e-08 1.86747e-08 1.56499e-08 1.31039e-08 1.09562e-08 9.27636e-09
0.000243362 8.71354e-06 4.69789e-06 2.81696e-06 1.84136e-06 1.28275e-06 9.34533e-07 7.02516e-07 5.40204e-07 4.22185e-07 3.34124e-07 2.67084e-07 2.15233e-07 1.74614e-07 1.4246e-07 1.16783e-07 9.61261e-08 7.94031e-08 6.57903e-08 5.46559e-08 4.55099e-08 3.79684e-08 3.17282e-08 2.65483e-08 2.22354e-08 1.86343e-08 1.56191e-08 1.3088e-08 1.09579e-08 9.16161e-09 7.75546e-09
0.000209488 7.23911e-06 3.91245e-06 2.35231e-06 1.54119e-06 1.07542e-06 7.84302e-07 5.90269e-07 4.53839e-07 3.54627e-07 2.806e-07 2.2425e-07 1.80673e-07 1.46543e-07 1.1953e-07 9.79634e-08 8.06177e-08 6.65784e-08 5.51528e-08 4.58095e-08 3.81365e-08 3.1811e-08 2.65782e-08 2.22354e-08 1.86205e-08 1.56027e-08 1.30766e-08 1.09565e-08 9.17272e-09 7.66876e-09 6.49063e-09
0.000180009 6.00104e-06 3.25291e-06 1.96219e-06 1.28923e-06 9.01452e-07 6.59153e-07 4.96074e-07 3.81377e-07 2.97961e-07 2.3572e-07 1.88345e-07 1.51715e-07 1.2303e-07 1.00331e-07 8.22117e-08 6.76418e-08 5.58515e-08 4.62581e-08 3.84148e-08 3.19749e-08 2.6667e-08 2.22769e-08 1.86343e-08 1.56027e-08 1.30725e-08 1.09549e-08 9.178e-09 7.68334e-09 6.42337e-09 5.43573e-09
0.000154272 4.95802e-06 2.69749e-06 1.63385e-06 1.0773e-06 7.57368e-07 5.53849e-07 4.16815e-07 3.20415e-07 2.503e-07 1.97985e-07 1.58168e-07 1.27384e-07 1.03281e-07 8.42112e-08 6.89914e-08 5.67549e-08 4.68545e-08 3.88004e-08 3.22166e-08 2.68118e-08 2.23578e-08 1.86747e-08 1.56191e-08 1.30766e-08 1.09549e-08 9.17953e-09 7.69004e-09 6.43737e-09 5.38157e-09 4.55351e-09
0.00013172 4.07663e-06 2.22862e-06 1.35703e-06 9.04292e-07 6.35856e-07 4.65018e-07 3.49955e-07 2.68999e-07 2.10113e-07 1.66176e-07 1.32738e-07 1.06889e-07 8.66518e-08 7.06423e-08 5.78669e-08 4.75969e-08 3.92888e-08 3.2531e-08 2.70077e-08 2.2474e-08 1.87385e-08 1.56499e-08 1.3088e-08 1.09565e-08 9.178e-09 7.69004e-09 6.44187e-09 5.39229e-09 4.5078e-09 3.81378e-09
0.000111873 3.32997e-06 1.83233e-06 1.13747e-06 7.58127e-07 5.33134e-07 3.89906e-07 2.93422e-07 2.2553e-07 1.76146e-07 1.39299e-07 1.11259e-07 8.95834e-08 7.26151e-08 5.91929e-08 4.84831e-08 3.98746e-08 3.29113e-08 2.72479e-08 2.26195e-08 1.88209e-08 1.56913e-08 1.31039e-08 1.09579e-08 9.17272e-09 7.68334e-09 6.43737e-09 5.39229e-09 4.51359e-09 3.77317e-09 3.192e-09
9.43173e-05 2.69664e-06 1.533e-06 9.51697e-07 6.3434e-07 4.46098e-07 3.26253e-07 2.45516e-07 1.88702e-07 1.47376e-07 1.16541e-07 9.30769e-08 7.49395e-08 6.07415e-08 4.95112e-08 4.05509e-08 3.3349e-08 2.75238e-08 2.27863e-08 1.89148e-08 1.57376e-08 1.31201e-08 1.09562e-08 9.16161e-09 7.66876e-09 6.42337e-09 5.38157e-09 4.5078e-09 3.77317e-09 3.15419e-09 2.66824e-09
8.20024e-05 2.29066e-06 1.30313e-06 8.0932e-07 5.39509e-07 3.79381e-07 2.77406e-07 2.08701e-07 1.60359e-07 1.25201e-07 9.89755e-08 7.90236e-08 6.36057e-08 5.154e-08 4.19992e-08 3.43891e-08 2.82741e-08 2.33295e-08 1.93092e-08 1.60248e-08 1.33301e-08 1.11107e-08 9.27636e-09 7.75546e-09 6.49063e-09 5.43573e-09 4.55351e-09 3.81378e-09 3.192e-09 2.66824e-09 2.25672e-09
