0.14939 0.0378615 0.0191656 0.0106802 0.0060046 0.00333923 0.00183453 0.000997714 0.000538234 0.000288464 0.000153769 8.15965e-05 4.31311e-05 2.27222e-05 1.19352e-05 6.25283e-06 3.26824e-06 1.70468e-06 8.87466e-07 4.61226e-07 2.39328e-07 1.24007e-07 6.41684e-08 3.31636e-08 1.71199e-08 8.82785e-09 4.54663e-09 2.33766e-09 1.19731e-09 6.05833e-10 3.11082e-10
0.0378615 0.0106001 0.00494832 0.00221998 0.00100386 0.00046204 0.000216079 0.000102314 4.89024e-05 2.35412e-05 1.13955e-05 5.54031e-06 2.70311e-06 1.32263e-06 6.487e-07 3.18797e-07 1.56933e-07 7.73646e-08 3.81864e-08 1.88688e-08 9.33229e-09 4.61949e-09 2.28833e-09 1.13429e-09 5.62572e-10 2.79143e-10 1.38535e-10 6.87128e-11 3.3968e-11 1.65741e-11 8.24434e-12
0.0191656 0.00494832 0.0017801 0.000724715 0.000314018 0.000141322 6.51935e-05 3.05843e-05 1.45196e-05 6.95341e-06 3.352e-06 1.62419e-06 7.90197e-07 3.85714e-07 1.88787e-07 9.26102e-08 4.55168e-08 2.24072e-08 1.10461e-08 5.452e-09 2.69376e-09 1.33219e-09 6.59363e-10 3.26586e-10 1.61861e-10 8.02618e-11 3.98091e-11 1.97347e-11 9.75339e-12 4.80856e-12 2.39072e-12
0.0106802 0.00221998 0.000724715 0.000281732 0.000119228 5.28902e-05 2.41512e-05 1.12411e-05 5.30246e-06 2.5257e-06 1.21195e-06 5.84893e-07 2.83561e-07 1.37981e-07 6.73459e-08 3.29537e-08 1.61595e-08 7.9386e-09 3.90609e-09 1.92456e-09 9.49376e-10 4.68813e-10 2.31719e-10 1.14625e-10 5.67424e-11 2.81057e-11 1.39263e-11 6.89855e-12 3.41563e-12 1.68309e-12 8.36081e-13
0.0060046 0.00100386 0.000314018 0.000119228 4.97576e-05 2.18577e-05 9.90452e-06 4.58074e-06 2.14904e-06 1.01883e-06 4.86869e-07 2.34107e-07 1.13127e-07 5.48866e-08 2.67182e-08 1.30424e-08 6.38154e-09 3.12872e-09 1.5366e-09 7.55802e-10 3.72243e-10 1.83547e-10 9.05973e-11 4.47586e-11 2.21303e-11 1.09494e-11 5.42007e-12 2.68377e-12 1.32775e-12 6.53876e-13 3.24531e-13
0.00333923 0.00046204 0.000141322 5.28902e-05 2.18577e-05 9.52959e-06 4.29132e-06 1.97413e-06 9.21883e-07 4.3528e-07 2.0726e-07 9.93404e-08 4.78661e-08 2.31632e-08 1.1249e-08 5.47933e-09 2.67571e-09 1.30946e-09 6.42036e-10 3.15306e-10 1.55069e-10 7.63596e-11 3.76431e-11 1.85754e-11 9.17427e-12 4.53454e-12 2.2427e-12 1.10951e-12 5.4849e-13 2.69959e-13 1.33878e-13
0.00183453 0.000216079 6.51935e-05 2.41512e-05 9.90452e-06 4.29132e-06 1.92225e-06 8.8025e-07 4.09417e-07 1.9263e-07 9.14339e-08 4.37013e-08 2.10036e-08 1.01406e-08 4.9144e-09 2.38919e-09 1.16465e-09 5.6904e-10 2.78583e-10 1.36622e-10 6.71039e-11 3.30034e-11 1.62512e-11 8.01079e-12 3.95252e-12 1.9518e-12 9.64476e-13 4.7676e-13 2.35517e-13 1.15855e-13 5.74126e-14
0.000997714 0.000102314 3.05843e-05 1.12411e-05 4.58074e-06 1.97413e-06 8.8025e-07 4.01489e-07 1.86086e-07 8.72818e-08 4.13144e-08 1.96973e-08 9.44551e-09 4.55098e-09 2.20138e-09 1.06838e-09 5.19977e-10 2.53684e-10 1.24026e-10 6.07474e-11 2.98017e-11 1.4641e-11 7.2019e-12 3.5466e-12 1.74829e-12 8.62579e-13 4.25895e-13 2.10369e-13 1.03851e-13 5.10607e-14 2.52861e-14
0.000538234 4.89024e-05 1.45196e-05 5.30246e-06 2.14904e-06 9.21883e-07 4.09417e-07 1.86086e-07 8.59826e-08 4.02185e-08 1.89903e-08 9.03378e-09 4.32325e-09 2.07916e-09 1.00402e-09 4.86517e-10 2.36444e-10 1.15201e-10 5.62518e-11 2.75199e-11 1.34862e-11 6.61876e-12 3.25266e-12 1.60034e-12 7.88216e-13 3.88583e-13 1.91716e-13 9.46312e-14 4.66865e-14 2.29434e-14 1.13548e-14
0.000288464 2.35412e-05 6.95341e-06 2.5257e-06 1.01883e-06 4.3528e-07 1.9263e-07 8.72818e-08 4.02185e-08 1.87661e-08 8.84137e-09 4.19744e-09 2.00508e-09 9.62681e-10 4.64162e-10 2.24598e-10 1.09009e-10 5.30469e-11 2.58728e-11 1.26442e-11 6.19009e-12 3.03512e-12 1.49023e-12 7.32597e-13 3.60541e-13 1.77611e-13 8.75669e-14 4.31946e-14 2.12976e-14 1.04617e-14 5.17449e-15
0.000153769 1.13955e-05 3.352e-06 1.21195e-06 4.86869e-07 2.0726e-07 9.14339e-08 4.13144e-08 1.89903e-08 8.84137e-09 4.15715e-09 1.97002e-09 9.39499e-10 4.50384e-10 2.16849e-10 1.04792e-10 5.07995e-11 2.46925e-11 1.20307e-11 5.87363e-12 2.87283e-12 1.40737e-12 6.90443e-13 3.39158e-13 1.66791e-13 8.21076e-14 4.04546e-14 1.9943e-14 9.82761e-15 4.82546e-15 2.3854e-15
8.15965e-05 5.54031e-06 1.62419e-06 5.84893e-07 2.34107e-07 9.93404e-08 4.37013e-08 1.96973e-08 9.03378e-09 4.19744e-09 1.97002e-09 9.32022e-10 4.43803e-10 2.12455e-10 1.0216e-10 4.9309e-11 2.38765e-11 1.15937e-11 5.64314e-12 2.75257e-12 1.34513e-12 6.5843e-13 3.22771e-13 1.58435e-13 7.78612e-14 3.83044e-14 1.88609e-14 9.2925e-15 4.57681e-15 2.24637e-15 1.10988e-15
4.31311e-05 2.70311e-06 7.90197e-07 2.83561e-07 1.13127e-07 4.78661e-08 2.10036e-08 9.44551e-09 4.32325e-09 2.00508e-09 9.39499e-10 4.43803e-10 2.11031e-10 1.00893e-10 4.84566e-11 2.33623e-11 1.13008e-11 5.48195e-12 2.66586e-12 1.29922e-12 6.3439e-13 3.10291e-13 1.51999e-13 7.45588e-14 3.66173e-14 1.8003e-14 8.85944e-15 4.36251e-15 2.14759e-15 1.05367e-15 5.20337e-16
2.27222e-05 1.32263e-06 3.85714e-07 1.37981e-07 5.48866e-08 2.31632e-08 1.01406e-08 4.55098e-09 2.07916e-09 9.62681e-10 4.50384e-10 2.12455e-10 1.00893e-10 4.81791e-11 2.31135e-11 1.11321e-11 5.37959e-12 2.60724e-12 1.26681e-12 6.16887e-13 3.00989e-13 1.47113e-13 7.20155e-14 3.53024e-14 1.73271e-14 8.51396e-15 4.18747e-15 2.0609e-15 1.01407e-15 4.97353e-16 2.45493e-16
1.19352e-05 6.487e-07 1.88787e-07 6.73459e-08 2.67182e-08 1.1249e-08 4.9144e-09 2.20138e-09 1.00402e-09 4.64162e-10 2.16849e-10 1.0216e-10 4.84566e-11 2.31135e-11 1.1077e-11 5.32984e-12 2.57331e-12 1.2461e-12 6.04972e-13 2.94375e-13 1.43528e-13 7.01038e-14 3.42955e-14 1.68016e-14 8.24175e-15 4.04748e-15 1.98965e-15 9.78739e-16 4.81373e-16 2.36011e-16 1.16442e-16
6.25283e-06 3.18797e-07 9.26102e-08 3.29537e-08 1.30424e-08 5.47933e-09 2.38919e-09 1.06838e-09 4.86517e-10 2.24598e-10 1.04792e-10 4.9309e-11 2.33623e-11 1.11321e-11 5.32984e-12 2.56219e-12 1.236e-12 5.98045e-13 2.90127e-13 1.41073e-13 6.8736e-14 3.35515e-14 1.64038e-14 8.03167e-15 3.93764e-15 1.93274e-15 9.49619e-16 4.66911e-16 2.29543e-16 1.12505e-16 5.54837e-17
3.26824e-06 1.56933e-07 4.55168e-08 1.61595e-08 6.38154e-09 2.67571e-09 1.16465e-09 5.19977e-10 2.36444e-10 1.09009e-10 5.07995e-11 2.38765e-11 1.13008e-11 5.37959e-12 2.57331e-12 1.236e-12 5.95771e-13 2.88049e-13 1.3964e-13 6.78538e-14 3.30398e-14 1.61177e-14 7.8756e-15 3.85396e-15 1.88847e-15 9.2647e-16 4.54988e-16 2.2361e-16 1.09886e-16 5.38415e-17 2.65419e-17
1.70468e-06 7.73646e-08 2.24072e-08 7.9386e-09 3.12872e-09 1.30946e-09 5.6904e-10 2.53684e-10 1.15201e-10 5.30469e-11 2.46925e-11 1.15937e-11 5.48195e-12 2.60724e-12 1.2461e-12 5.98045e-13 2.88049e-13 1.39169e-13 6.74212e-14 3.27403e-14 1.59325e-14 7.76781e-15 3.79351e-15 1.85541e-15 9.08711e-16 4.45595e-16 2.18732e-16 1.07453e-16 5.27837e-17 2.5855e-17 1.27406e-17
8.87466e-07 3.81864e-08 1.10461e-08 3.90609e-09 1.5366e-09 6.42036e-10 2.78583e-10 1.24026e-10 5.62518e-11 2.58728e-11 1.20307e-11 5.64314e-12 2.66586e-12 1.26681e-12 6.04972e-13 2.90127e-13 1.3964e-13 6.74212e-14 3.26417e-14 1.58415e-14 7.70455e-15 3.75427e-15 1.83249e-15 8.95826e-16 4.38535e-16 2.14942e-16 1.05464e-16 5.17883e-17 2.54304e-17 1.2453e-17 6.13418e-18
4.61226e-07 1.88688e-08 5.452e-09 1.92456e-09 7.55802e-10 3.15306e-10 1.36622e-10 6.07474e-11 2.75199e-11 1.26442e-11 5.87363e-12 2.75257e-12 1.29922e-12 6.16887e-13 2.94375e-13 1.41073e-13 6.78538e-14 3.27403e-14 1.58415e-14 7.6837e-15 3.73495e-15 1.81901e-15 8.87437e-16 4.33624e-16 2.12176e-16 1.0395e-16 5.09836e-17 2.50257e-17 1.22844e-17 6.01388e-18 2.96129e-18
2.39328e-07 9.33229e-09 2.69376e-09 9.49376e-10 3.72243e-10 1.55069e-10 6.71039e-11 2.98017e-11 1.34862e-11 6.19009e-12 2.87283e-12 1.34513e-12 6.3439e-13 3.00989e-13 1.43528e-13 6.8736e-14 3.30398e-14 1.59325e-14 7.70455e-15 3.73495e-15 1.81457e-15 8.83302e-16 4.3073e-16 2.1037e-16 1.02891e-16 5.03881e-17 2.47036e-17 1.21214e-17 5.948e-18 2.91111e-18 1.43296e-18
1.24007e-07 4.61949e-09 1.33219e-09 4.68813e-10 1.83547e-10 7.63596e-11 3.30034e-11 1.4641e-11 6.61876e-12 3.03512e-12 1.40737e-12 6.5843e-13 3.10291e-13 1.47113e-13 7.01038e-14 3.35515e-14 1.61177e-14 7.76781e-15 3.75427e-15 1.81901e-15 8.83302e-16 4.29774e-16 2.09478e-16 1.02266e-16 4.99971e-17 2.44749e-17 1.19947e-17 5.88335e-18 2.88602e-18 1.41214e-18 6.9488e-19
6.41684e-08 2.28833e-09 6.59363e-10 2.31719e-10 9.05973e-11 3.76431e-11 1.62512e-11 7.2019e-12 3.25266e-12 1.49023e-12 6.90443e-13 3.22771e-13 1.51999e-13 7.20155e-14 3.42955e-14 1.64038e-14 7.8756e-15 3.79351e-15 1.83249e-15 8.87437e-16 4.3073e-16 2.09478e-16 1.02059e-16 4.98036e-17 2.4339e-17 1.19101e-17 5.83476e-18 2.86094e-18 1.40296e-18 6.86308e-19 3.37608e-19
3.31636e-08 1.13429e-09 3.26586e-10 1.14625e-10 4.47586e-11 1.85754e-11 8.01079e-12 3.5466e-12 1.60034e-12 7.32597e-13 3.39158e-13 1.58435e-13 7.45588e-14 3.53024e-14 1.68016e-14 8.03167e-15 3.85396e-15 1.85541e-15 8.95826e-16 4.33624e-16 2.1037e-16 1.02266e-16 4.98036e-17 2.4294e-17 1.1868e-17 5.80534e-18 2.84305e-18 1.39356e-18 6.83173e-19 3.3412e-19 1.64309e-19
1.71199e-08 5.62572e-10 1.61861e-10 5.67424e-11 2.21303e-11 9.17427e-12 3.95252e-12 1.74829e-12 7.88216e-13 3.60541e-13 1.66791e-13 7.78612e-14 3.66173e-14 1.73271e-14 8.24175e-15 3.93764e-15 1.88847e-15 9.08711e-16 4.38535e-16 2.12176e-16 1.02891e-16 4.99971e-17 2.4339e-17 1.1868e-17 5.79554e-18 2.83396e-18 1.3874e-18 6.79838e-19 3.33183e-19 1.62913e-19 8.00918e-20
8.82785e-09 2.79143e-10 8.02618e-11 2.81057e-11 1.09494e-11 4.53454e-12 1.9518e-12 8.62579e-13 3.88583e-13 1.77611e-13 8.21076e-14 3.83044e-14 1.8003e-14 8.51396e-15 4.04748e-15 1.93274e-15 9.2647e-16 4.45595e-16 2.14942e-16 1.0395e-16 5.03881e-17 2.44749e-17 1.19101e-17 5.80534e-18 2.83396e-18 1.38531e-18 6.77977e-19 3.32111e-19 1.62719e-19 7.95459e-20 3.90953e-20
4.54663e-09 1.38535e-10 3.98091e-11 1.39263e-11 5.42007e-12 2.2427e-12 9.64476e-13 4.25895e-13 1.91716e-13 8.75669e-14 4.04546e-14 1.88609e-14 8.85944e-15 4.18747e-15 1.98965e-15 9.49619e-16 4.54988e-16 2.18732e-16 1.05464e-16 5.09836e-17 2.47036e-17 1.19947e-17 5.83476e-18 2.84305e-18 1.3874e-18 6.77977e-19 3.31703e-19 1.62438e-19 7.95657e-20 3.88879e-20 1.91074e-20
2.33766e-09 6.87128e-11 1.97347e-11 6.89855e-12 2.68377e-12 1.10951e-12 4.7676e-13 2.10369e-13 9.46312e-14 4.31946e-14 1.9943e-14 9.2925e-15 4.36251e-15 2.0609e-15 9.78739e-16 4.66911e-16 2.2361e-16 1.07453e-16 5.17883e-17 2.50257e-17 1.21214e-17 5.88335e-18 2.86094e-18 1.39356e-18 6.79838e-19 3.32111e-19 1.62438e-19 7.95254e-20 3.89431e-20 1.90298e-20 9.34775e-21
1.19731e-09 3.3968e-11 9.75339e-12 3.41563e-12 1.32775e-12 5.4849e-13 2.35517e-13 1.03851e-13 4.66865e-14 2.12976e-14 9.82761e-15 4.57681e-15 2.14759e-15 1.01407e-15 4.81373e-16 2.29543e-16 1.09886e-16 5.27837e-17 2.54304e-17 1.22844e-17 5.948e-18 2.88602e-18 1.40296e-18 6.83173e-19 3.33183e-19 1.62719e-19 7.95657e-20 3.89431e-20 1.90657e-20 9.31485e-21 4.57452e-21
6.05833e-10 1.65741e-11 4.80856e-12 1.68309e-12 6.53876e-13 2.69959e-13 1.15855e-13 5.10607e-14 2.29434e-14 1.04617e-14 4.82546e-15 2.24637e-15 1.05367e-15 4.97353e-16 2.36011e-16 1.12505e-16 5.38415e-17 2.5855e-17 1.2453e-17 6.01388e-18 2.91111e-18 1.41214e-18 6.86308e-19 3.3412e-19 1.62913e-19 7.95459e-20 3.88879e-20 1.90298e-20 9.31485e-21 4.55028e-21 2.23422e-21
3.11082e-10 8.24434e-12 2.39072e-12 8.36081e-13 3.24531e-13 1.33878e-13 5.74126e-14 2.52861e-14 1.13548e-14 5.17449e-15 2.3854e-15 1.10988e-15 5.20337e-16 2.45493e-16 1.16442e-16 5.54837e-17 2.65419e-17 1.27406e-17 6.13418e-18 2.96129e-18 1.43296e-18 6.9488e-19 3.37608e-19 1.64309e-19 8.00918e-20 3.90953e-20 1.91074e-20 9.34775e-21 4.57452e-21 2.23422e-21 1.09675e-21
