0.744641 0.00261598 0.0023679 0.00214335 0.00194009 0.00175611 0.00158957 0.00143883 0.00130238 0.00117888 0.00106708 0.000965889 0.000874292 0.000791382 0.000716334 0.000648402 0.000586913 0.000531255 0.000480876 0.000435273 0.000393996 0.000356632 0.000322812 0.000292199 0.00026449 0.000239408 0.000216704 0.000196154 0.000177552 0.000160715 0.000145474 0.000131678 0.000119191 0.000107888 9.76568e-05 8.83958e-05 8.00131e-05 7.24253e-05 6.55571e-05 5.93402e-05 5.37129e-05 4.86192e-05 4.40086e-05 3.98351e-05 3.60575e-05 3.26381e-05 2.9543e-05 2.67414e-05 2.42054e-05 2.191e-05 1.98322e-05 1.79515e-05 1.62491e-05 1.47082e-05 1.33134e-05 1.20509e-05 1.09081e-05 9.87364e-06 8.93731e-06 8.08977e-06 7.3226e-06 6.62819e-06 5.99962e-06 5.43067e-06 4.91567e-06 4.44951e-06 4.02755e-06 3.64561e-06 3.2999e-06 2.98696e-06 2.7037e-06 2.44731e-06 2.21522e-06 2.00515e-06 1.815e-06 1.64288e-06 1.48708e-06 1.34606e-06 1.21841e-06 1.10287e-06 9.9828e-07 9.03611e-07 8.1792e-07 7.40356e-07 6.70146e-07 6.06595e-07 5.49071e-07 4.97002e-07 4.4987e-07 4.07208e-07 3.68592e-07 3.33638e-07 3.01998e-07 2.73359e-07 2.47436e-07 2.23971e-07 2.02732e-07 1.83506e-07 1.66104e-07 1.50352e-07 1.36094e-07
0.00261598 0.000532947 0.00049539 0.000460163 0.000427163 0.000396283 0.000367418 0.000340465 0.000315319 0.00029188 0.000270052 0.000249738 0.000230849 0.000213296 0.000196997 0.00018187 0.000167841 0.000154837 0.000142791 0.000131636 0.000121313 0.000111764 0.000102935 9.4776e-05 8.72384e-05 8.02781e-05 7.38534e-05 6.79253e-05 6.24573e-05 5.74156e-05 5.27684e-05 4.84863e-05 4.45418e-05 4.09093e-05 3.75653e-05 3.44876e-05 3.16558e-05 2.90509e-05 2.66554e-05 2.4453e-05 2.24286e-05 2.05682e-05 1.8859e-05 1.7289e-05 1.58471e-05 1.45233e-05 1.3308e-05 1.21926e-05 1.11691e-05 1.023e-05 9.36864e-06 8.57862e-06 7.85419e-06 7.19001e-06 6.58117e-06 6.02314e-06 5.51176e-06 5.04321e-06 4.61396e-06 4.22077e-06 3.86065e-06 3.53088e-06 3.22894e-06 2.95251e-06 2.69947e-06 2.46787e-06 2.25592e-06 2.06198e-06 1.88453e-06 1.7222e-06 1.5737e-06 1.43788e-06 1.31367e-06 1.20009e-06 1.09623e-06 1.00128e-06 9.14484e-07 8.35143e-07 7.62625e-07 6.96351e-07 6.35789e-07 5.8045e-07 5.2989e-07 4.83699e-07 4.41503e-07 4.02961e-07 3.67758e-07 3.35608e-07 3.06248e-07 2.79439e-07 2.5496e-07 2.32611e-07 2.12208e-07 1.93583e-07 1.76582e-07 1.61064e-07 1.46902e-07 1.33977e-07 1.22183e-07 1.1142e-07 1.016e-07
0.0023679 0.00049539 0.000462808 0.000432016 0.000402959 0.000375582 0.000349821 0.000325611 0.000302886 0.000281579 0.000261621 0.000242945 0.000225485 0.000209175 0.000193952 0.000179755 0.000166524 0.000154202 0.000142734 0.000132067 0.000122152 0.00011294 0.000104386 9.64484e-05 8.9085e-05 8.22581e-05 7.59314e-05 7.00707e-05 6.46441e-05 5.96214e-05 5.49744e-05 5.06765e-05 4.67029e-05 4.30305e-05 3.96376e-05 3.65038e-05 3.36104e-05 3.09396e-05 2.84751e-05 2.62015e-05 2.41048e-05 2.21715e-05 2.03894e-05 1.87471e-05 1.72341e-05 1.58404e-05 1.45569e-05 1.33752e-05 1.22875e-05 1.12864e-05 1.03653e-05 9.51793e-06 8.73855e-06 8.02183e-06 7.36287e-06 6.75711e-06 6.20035e-06 5.68872e-06 5.21863e-06 4.78679e-06 4.39014e-06 4.02587e-06 3.69139e-06 3.38431e-06 3.10242e-06 2.84369e-06 2.60626e-06 2.38839e-06 2.18851e-06 2.00515e-06 1.83696e-06 1.68271e-06 1.54127e-06 1.41158e-06 1.29268e-06 1.18369e-06 1.08379e-06 9.92229e-07 9.08326e-07 8.31447e-07 7.6101e-07 6.96482e-07 6.37374e-07 5.83235e-07 5.33652e-07 4.88247e-07 4.4667e-07 4.08604e-07 3.73754e-07 3.41851e-07 3.12649e-07 2.85921e-07 2.6146e-07 2.39075e-07 2.18592e-07 1.9985e-07 1.82704e-07 1.67018e-07 1.52668e-07 1.39543e-07 1.27538e-07
0.00214335 0.000460163 0.000432016 0.000405198 0.000379699 0.0003555 0.000332572 0.000310885 0.000290399 0.000271076 0.000252872 0.000235742 0.000219642 0.000204524 0.000190343 0.000177053 0.000164609 0.000152965 0.000142081 0.000131912 0.00012242 0.000113564 0.000105307 9.76137e-05 9.04495e-05 8.37816e-05 7.75788e-05 7.18117e-05 6.64522e-05 6.14739e-05 5.68516e-05 5.25617e-05 4.85819e-05 4.48914e-05 4.14703e-05 3.83002e-05 3.53637e-05 3.26445e-05 3.01273e-05 2.77979e-05 2.5643e-05 2.365e-05 2.18074e-05 2.01042e-05 1.85304e-05 1.70765e-05 1.57337e-05 1.44938e-05 1.33492e-05 1.22929e-05 1.13182e-05 1.0419e-05 9.58976e-06 8.82507e-06 8.1201e-06 7.4703e-06 6.87148e-06 6.31973e-06 5.81146e-06 5.34332e-06 4.91222e-06 4.51529e-06 4.1499e-06 3.81358e-06 3.50407e-06 3.21929e-06 2.95729e-06 2.71629e-06 2.49464e-06 2.29082e-06 2.10341e-06 1.93112e-06 1.77275e-06 1.6272e-06 1.49344e-06 1.37053e-06 1.25762e-06 1.15389e-06 1.05861e-06 9.71113e-07 8.9076e-07 8.1698e-07 7.49243e-07 6.87061e-07 6.29984e-07 5.77598e-07 5.29524e-07 4.8541e-07 4.44934e-07 4.078e-07 3.73736e-07 3.4249e-07 3.13832e-07 2.87549e-07 2.63448e-07 2.41349e-07 2.21088e-07 2.02513e-07 1.85485e-07 1.69877e-07 1.55572e-07
0.00194009 0.000427163 0.000402959 0.000379699 0.000357404 0.000336083 0.000315739 0.000296364 0.000277945 0.000260465 0.000243901 0.000228228 0.000213416 0.000199438 0.00018626 0.00017385 0.000162176 0.000151204 0.000140902 0.000131237 0.000122177 0.000113691 0.000105747 9.83175e-05 9.13726e-05 8.48849e-05 7.88281e-05 7.31768e-05 6.79067e-05 6.29947e-05 5.84188e-05 5.4158e-05 5.01924e-05 4.65034e-05 4.30729e-05 3.98843e-05 3.69217e-05 3.41701e-05 3.16154e-05 2.92444e-05 2.70446e-05 2.50044e-05 2.31128e-05 2.13594e-05 1.97348e-05 1.82299e-05 1.68362e-05 1.55459e-05 1.43517e-05 1.32467e-05 1.22244e-05 1.1279e-05 1.04048e-05 9.59671e-06 8.84985e-06 8.15975e-06 7.52222e-06 6.9334e-06 6.38966e-06 5.88767e-06 5.42429e-06 4.99665e-06 4.60206e-06 4.23803e-06 3.90226e-06 3.5926e-06 3.30707e-06 3.04384e-06 2.8012e-06 2.57758e-06 2.37152e-06 2.18166e-06 2.00677e-06 1.84568e-06 1.69733e-06 1.56073e-06 1.43496e-06 1.31918e-06 1.21262e-06 1.11454e-06 1.0243e-06 9.41259e-07 8.64868e-07 7.94598e-07 7.29967e-07 6.70529e-07 6.15873e-07 5.6562e-07 5.1942e-07 4.76951e-07 4.37915e-07 4.0204e-07 3.69072e-07 3.38779e-07 3.10946e-07 2.85377e-07 2.61889e-07 2.40316e-07 2.20502e-07 2.02306e-07 1.85597e-07
0.00175611 0.000396283 0.000375582 0.0003555 0.000336083 0.000317366 0.000299372 0.000282114 0.000265599 0.000249827 0.000234793 0.000220487 0.000206894 0.000194 0.000181783 0.000170224 0.0001593 0.000148988 0.000139264 0.000130103 0.000121481 0.000113373 0.000105755 9.86027e-05 9.18931e-05 8.56031e-05 7.97104e-05 7.41937e-05 6.9032e-05 6.42055e-05 5.96948e-05 5.54816e-05 5.15484e-05 4.78783e-05 4.44554e-05 4.12645e-05 3.82912e-05 3.55218e-05 3.29435e-05 3.0544e-05 2.83117e-05 2.62358e-05 2.4306e-05 2.25127e-05 2.08467e-05 1.92995e-05 1.78631e-05 1.65299e-05 1.5293e-05 1.41457e-05 1.30817e-05 1.20954e-05 1.11812e-05 1.03342e-05 9.54954e-06 8.82287e-06 8.15003e-06 7.52719e-06 6.95077e-06 6.41742e-06 5.92402e-06 5.46768e-06 5.04571e-06 4.65558e-06 4.29497e-06 3.96171e-06 3.65378e-06 3.3693e-06 3.10654e-06 2.86388e-06 2.63982e-06 2.43297e-06 2.24204e-06 2.06583e-06 1.90323e-06 1.75322e-06 1.61483e-06 1.4872e-06 1.36949e-06 1.26095e-06 1.16088e-06 1.06864e-06 9.83621e-07 9.05268e-07 8.33069e-07 7.66548e-07 7.05268e-07 6.48821e-07 5.96832e-07 5.48956e-07 5.04872e-07 4.64285e-07 4.2692e-07 3.92526e-07 3.60871e-07 3.31739e-07 3.04932e-07 2.80267e-07 2.57575e-07 2.367e-07 2.17499e-07
0.00158957 0.000367418 0.000349821 0.000332572 0.000315739 0.000299372 0.000283511 0.000268187 0.000253422 0.00023923 0.00022562 0.000212594 0.000200151 0.000188285 0.000176987 0.000166246 0.00015605 0.000146382 0.000137226 0.000128566 0.000120383 0.000112659 0.000105374 9.85098e-05 9.20479e-05 8.59693e-05 8.02558e-05 7.48893e-05 6.98522e-05 6.51273e-05 6.06982e-05 5.65489e-05 5.26638e-05 4.90282e-05 4.56279e-05 4.24493e-05 3.94793e-05 3.67056e-05 3.41164e-05 3.17004e-05 2.94471e-05 2.73463e-05 2.53884e-05 2.35646e-05 2.18661e-05 2.02849e-05 1.88135e-05 1.74447e-05 1.61717e-05 1.49882e-05 1.38882e-05 1.28662e-05 1.19169e-05 1.10354e-05 1.0217e-05 9.45745e-06 8.75269e-06 8.09892e-06 7.4926e-06 6.93043e-06 6.40932e-06 5.92636e-06 5.47887e-06 5.06433e-06 4.68039e-06 4.32487e-06 3.99574e-06 3.69109e-06 3.40915e-06 3.14829e-06 2.90696e-06 2.68376e-06 2.47735e-06 2.2865e-06 2.11007e-06 1.94699e-06 1.79629e-06 1.65704e-06 1.52839e-06 1.40956e-06 1.29981e-06 1.19846e-06 1.10489e-06 1.0185e-06 9.38761e-07 8.65169e-07 7.97258e-07 7.34598e-07 6.76791e-07 6.23467e-07 5.74285e-07 5.28929e-07 4.87107e-07 4.48547e-07 4.12999e-07 3.80232e-07 3.50031e-07 3.22199e-07 2.96553e-07 2.72924e-07 2.51155e-07
0.00143883 0.000340465 0.000325611 0.000310885 0.000296364 0.000282114 0.000268187 0.000254627 0.000241467 0.000228734 0.000216446 0.000204616 0.000193252 0.000182359 0.000171936 0.000161979 0.000152484 0.000143443 0.000134844 0.000126678 0.000118932 0.000111592 0.000104646 9.80769e-05 9.18719e-05 8.60155e-05 8.0493e-05 7.52894e-05 7.03902e-05 6.57809e-05 6.14474e-05 5.73759e-05 5.35529e-05 4.99656e-05 4.66012e-05 4.34478e-05 4.04937e-05 3.77278e-05 3.51392e-05 3.27179e-05 3.0454e-05 2.83383e-05 2.63618e-05 2.45163e-05 2.27936e-05 2.11863e-05 1.96872e-05 1.82895e-05 1.69868e-05 1.57731e-05 1.46426e-05 1.359e-05 1.26102e-05 1.16985e-05 1.08504e-05 1.00616e-05 9.3283e-06 8.64667e-06 8.01327e-06 7.42484e-06 6.87833e-06 6.37086e-06 5.89977e-06 5.46255e-06 5.05685e-06 4.68048e-06 4.33141e-06 4.00771e-06 3.70761e-06 3.42944e-06 3.17165e-06 2.9328e-06 2.71153e-06 2.50659e-06 2.3168e-06 2.14108e-06 1.97842e-06 1.82786e-06 1.68854e-06 1.55963e-06 1.44038e-06 1.33007e-06 1.22806e-06 1.13373e-06 1.04652e-06 9.65906e-07 8.91395e-07 8.22537e-07 7.58912e-07 7.0013e-07 6.45829e-07 5.95676e-07 5.49358e-07 5.06588e-07 4.671e-07 4.30645e-07 3.96995e-07 3.65939e-07 3.37278e-07 3.10832e-07 2.86433e-07
0.00130238 0.000315319 0.000302886 0.000290399 0.000277945 0.000265599 0.000253422 0.000241467 0.000229777 0.000218387 0.000207323 0.000196608 0.000186257 0.000176281 0.000166688 0.000157481 0.00014866 0.000140224 0.000132168 0.000124487 0.000117172 0.000110216 0.000103609 9.73399e-05 9.13979e-05 8.57716e-05 8.04493e-05 7.5419e-05 7.06687e-05 6.61864e-05 6.19603e-05 5.79786e-05 5.42298e-05 5.07026e-05 4.73861e-05 4.42695e-05 4.13425e-05 3.85952e-05 3.60178e-05 3.36012e-05 3.13363e-05 2.92148e-05 2.72285e-05 2.53695e-05 2.36305e-05 2.20044e-05 2.04845e-05 1.90644e-05 1.77381e-05 1.64997e-05 1.5344e-05 1.42657e-05 1.326e-05 1.23223e-05 1.14483e-05 1.06339e-05 9.8753e-06 9.16884e-06 8.51115e-06 7.89901e-06 7.32943e-06 6.79959e-06 6.30684e-06 5.8487e-06 5.42284e-06 5.02708e-06 4.65938e-06 4.31782e-06 4.00062e-06 3.7061e-06 3.43271e-06 3.17896e-06 2.94351e-06 2.72508e-06 2.52247e-06 2.33458e-06 2.16036e-06 1.99885e-06 1.84916e-06 1.71044e-06 1.58191e-06 1.46284e-06 1.35255e-06 1.25041e-06 1.15584e-06 1.06828e-06 9.87236e-07 9.12227e-07 8.42815e-07 7.78593e-07 7.19179e-07 6.64223e-07 6.13397e-07 5.66396e-07 5.22939e-07 4.82764e-07 4.45627e-07 4.11304e-07 3.79584e-07 3.50275e-07 3.23196e-07
0.00117888 0.00029188 0.000281579 0.000271076 0.000260465 0.000249827 0.00023923 0.000228734 0.000218387 0.000208231 0.000198299 0.000188621 0.000179216 0.000170104 0.000161295 0.000152801 0.000144626 0.000136773 0.000129243 0.000122035 0.000115145 0.000108569 0.0001023 9.63322e-05 9.0657e-05 8.52662e-05 8.01509e-05 7.53017e-05 7.0709e-05 6.63632e-05 6.22543e-05 5.83727e-05 5.47083e-05 5.12517e-05 4.79933e-05 4.49237e-05 4.20339e-05 3.93149e-05 3.67581e-05 3.43553e-05 3.20983e-05 2.99795e-05 2.79912e-05 2.61265e-05 2.43784e-05 2.27404e-05 2.12061e-05 1.97697e-05 1.84254e-05 1.71678e-05 1.59918e-05 1.48925e-05 1.38653e-05 1.29057e-05 1.20096e-05 1.1173e-05 1.03924e-05 9.66409e-06 8.98485e-06 8.35154e-06 7.76123e-06 7.21115e-06 6.6987e-06 6.22143e-06 5.77704e-06 5.36336e-06 4.97838e-06 4.62019e-06 4.28699e-06 3.97712e-06 3.68902e-06 3.4212e-06 3.17229e-06 2.94101e-06 2.72616e-06 2.5266e-06 2.34129e-06 2.16923e-06 2.00952e-06 1.8613e-06 1.72375e-06 1.59615e-06 1.47778e-06 1.368e-06 1.26621e-06 1.17183e-06 1.08435e-06 1.00326e-06 9.28124e-07 8.58505e-07 7.9401e-07 7.34271e-07 6.78945e-07 6.27713e-07 5.8028e-07 5.36369e-07 4.95725e-07 4.5811e-07 4.23303e-07 3.91097e-07 3.61303e-07
0.00106708 0.000270052 0.000261621 0.000252872 0.000243901 0.000234793 0.00022562 0.000216446 0.000207323 0.000198299 0.000189412 0.000180695 0.000172174 0.000163871 0.000155804 0.000147986 0.000140427 0.000133134 0.000126112 0.000119364 0.000112889 0.000106686 0.000100753 9.50852e-05 8.96782e-05 8.45261e-05 7.96224e-05 7.49602e-05 7.0532e-05 6.63301e-05 6.23466e-05 5.85734e-05 5.50023e-05 5.16251e-05 4.84337e-05 4.542e-05 4.25761e-05 3.98942e-05 3.73665e-05 3.49857e-05 3.27445e-05 3.0636e-05 2.86532e-05 2.67897e-05 2.50392e-05 2.33956e-05 2.18531e-05 2.04061e-05 1.90492e-05 1.77775e-05 1.6586e-05 1.54702e-05 1.44255e-05 1.34479e-05 1.25334e-05 1.16781e-05 1.08786e-05 1.01313e-05 9.43326e-06 8.78127e-06 8.17253e-06 7.60434e-06 7.07413e-06 6.57952e-06 6.11824e-06 5.68816e-06 5.28727e-06 4.91369e-06 4.56564e-06 4.24146e-06 3.93957e-06 3.65852e-06 3.39693e-06 3.1535e-06 2.92702e-06 2.71635e-06 2.52043e-06 2.33827e-06 2.16893e-06 2.01155e-06 1.8653e-06 1.72942e-06 1.60321e-06 1.48599e-06 1.37715e-06 1.2761e-06 1.1823e-06 1.09525e-06 1.01447e-06 9.39522e-07 8.7e-07 8.0552e-07 7.45725e-07 6.90283e-07 6.38884e-07 5.91242e-07 5.47087e-07 5.0617e-07 4.6826e-07 4.33139e-07 4.00608e-07
0.000965889 0.000249738 0.000242945 0.000235742 0.000228228 0.000220487 0.000212594 0.000204616 0.000196608 0.000188621 0.000180695 0.000172868 0.000165169 0.000157624 0.000150253 0.000143075 0.000136102 0.000129345 0.000122812 0.000116508 0.000110437 0.0001046 9.89975e-05 9.36278e-05 8.84886e-05 8.35765e-05 7.88872e-05 7.44159e-05 7.01572e-05 6.61051e-05 6.22534e-05 5.85956e-05 5.5125e-05 5.18348e-05 4.87181e-05 4.5768e-05 4.29778e-05 4.03405e-05 3.78494e-05 3.5498e-05 3.32798e-05 3.11885e-05 2.92179e-05 2.73621e-05 2.56154e-05 2.39721e-05 2.24269e-05 2.09746e-05 1.96103e-05 1.83292e-05 1.71267e-05 1.59986e-05 1.49405e-05 1.39487e-05 1.30192e-05 1.21484e-05 1.1333e-05 1.05697e-05 9.85545e-06 9.18725e-06 8.56235e-06 7.97813e-06 7.43211e-06 6.92195e-06 6.44543e-06 6.00045e-06 5.58504e-06 5.19733e-06 4.83559e-06 4.49815e-06 4.18346e-06 3.89006e-06 3.61657e-06 3.36171e-06 3.12425e-06 2.90306e-06 2.69707e-06 2.50527e-06 2.32673e-06 2.16057e-06 2.00595e-06 1.86211e-06 1.72831e-06 1.60388e-06 1.48819e-06 1.38064e-06 1.28068e-06 1.18779e-06 1.10148e-06 1.0213e-06 9.46833e-07 8.77676e-07 8.13462e-07 7.53849e-07 6.98514e-07 6.4716e-07 5.99507e-07 5.55295e-07 5.14281e-07 4.7624e-07 4.40961e-07
0.000874292 0.000230849 0.000225485 0.000219642 0.000213416 0.000206894 0.000200151 0.000193252 0.000186257 0.000179216 0.000172174 0.000165169 0.000158233 0.000151396 0.00014468 0.000138105 0.000131688 0.000125442 0.000119378 0.000113502 0.000107822 0.000102342 9.70632e-05 9.19871e-05 8.71135e-05 8.2441e-05 7.79673e-05 7.36894e-05 6.96035e-05 6.57054e-05 6.19905e-05 5.84536e-05 5.50894e-05 5.18925e-05 4.8857e-05 4.59772e-05 4.32473e-05 4.06613e-05 3.82135e-05 3.5898e-05 3.37092e-05 3.16413e-05 2.9689e-05 2.78468e-05 2.61094e-05 2.44719e-05 2.29292e-05 2.14766e-05 2.01096e-05 1.88236e-05 1.76144e-05 1.6478e-05 1.54103e-05 1.44078e-05 1.34667e-05 1.25836e-05 1.17553e-05 1.09787e-05 1.02507e-05 9.5687e-06 8.92986e-06 8.33169e-06 7.77177e-06 7.24783e-06 6.75769e-06 6.29932e-06 5.87078e-06 5.47024e-06 5.09598e-06 4.74636e-06 4.41984e-06 4.11499e-06 3.83043e-06 3.56488e-06 3.31712e-06 3.08603e-06 2.87052e-06 2.6696e-06 2.48231e-06 2.30777e-06 2.14515e-06 1.99366e-06 1.85257e-06 1.7212e-06 1.59889e-06 1.48505e-06 1.3791e-06 1.28052e-06 1.18882e-06 1.10352e-06 1.0242e-06 9.50448e-07 8.81886e-07 8.18159e-07 7.58935e-07 7.03906e-07 6.52783e-07 6.05295e-07 5.61191e-07 5.20236e-07 4.82211e-07
0.000791382 0.000213296 0.000209175 0.000204524 0.000199438 0.000194 0.000188285 0.000182359 0.000176281 0.000170104 0.000163871 0.000157624 0.000151396 0.000145218 0.000139114 0.000133108 0.000127217 0.000121456 0.000115839 0.000110376 0.000105073 9.99388e-05 9.49761e-05 9.01882e-05 8.55767e-05 8.11419e-05 7.68834e-05 7.27998e-05 6.88888e-05 6.51476e-05 6.15731e-05 5.81613e-05 5.49084e-05 5.18097e-05 4.88608e-05 4.60569e-05 4.3393e-05 4.08641e-05 3.84654e-05 3.61916e-05 3.40378e-05 3.1999e-05 3.00704e-05 2.82471e-05 2.65243e-05 2.48975e-05 2.33621e-05 2.19138e-05 2.05484e-05 1.92617e-05 1.80498e-05 1.69089e-05 1.58352e-05 1.48253e-05 1.38758e-05 1.29834e-05 1.2145e-05 1.13577e-05 1.06186e-05 9.92506e-06 9.27445e-06 8.66434e-06 8.0924e-06 7.55641e-06 7.05429e-06 6.58402e-06 6.14374e-06 5.73164e-06 5.34603e-06 4.98531e-06 4.64798e-06 4.33259e-06 4.03779e-06 3.76232e-06 3.50497e-06 3.26461e-06 3.04017e-06 2.83064e-06 2.63509e-06 2.45261e-06 2.28237e-06 2.12359e-06 1.97553e-06 1.83748e-06 1.70881e-06 1.58889e-06 1.47716e-06 1.37308e-06 1.27613e-06 1.18585e-06 1.1018e-06 1.02355e-06 9.50731e-07 8.82964e-07 8.19914e-07 7.61262e-07 7.06711e-07 6.55982e-07 6.08814e-07 5.64965e-07 5.24208e-07
0.000716334 0.000196997 0.000193952 0.000190343 0.00018626 0.000181783 0.000176987 0.000171936 0.000166688 0.000161295 0.000155804 0.000150253 0.00014468 0.000139114 0.000133583 0.00012811 0.000122715 0.000117416 0.000112225 0.000107155 0.000102216 9.74162e-05 9.27606e-05 8.82541e-05 8.38998e-05 7.96998e-05 7.56549e-05 7.17651e-05 6.80297e-05 6.44472e-05 6.10155e-05 5.77321e-05 5.45939e-05 5.15977e-05 4.87397e-05 4.60162e-05 4.34232e-05 4.09565e-05 3.86117e-05 3.63847e-05 3.4271e-05 3.22663e-05 3.03662e-05 2.85666e-05 2.6863e-05 2.52515e-05 2.37278e-05 2.2288e-05 2.09283e-05 1.96448e-05 1.84338e-05 1.72919e-05 1.62156e-05 1.52016e-05 1.42467e-05 1.33478e-05 1.25021e-05 1.17066e-05 1.09588e-05 1.02559e-05 9.59565e-06 8.97556e-06 8.39342e-06 7.84711e-06 7.33458e-06 6.8539e-06 6.40324e-06 5.98085e-06 5.58508e-06 5.21436e-06 4.8672e-06 4.5422e-06 4.23802e-06 3.95342e-06 3.68719e-06 3.43821e-06 3.20544e-06 2.98786e-06 2.78453e-06 2.59456e-06 2.41712e-06 2.25142e-06 2.09672e-06 1.95231e-06 1.81755e-06 1.69181e-06 1.57451e-06 1.46511e-06 1.36309e-06 1.26799e-06 1.17934e-06 1.09672e-06 1.01974e-06 9.48022e-07 8.81224e-07 8.19016e-07 7.61093e-07 7.07169e-07 6.56977e-07 6.10265e-07 5.668e-07
0.000648402 0.00018187 0.000179755 0.000177053 0.00017385 0.000170224 0.000166246 0.000161979 0.000157481 0.000152801 0.000147986 0.000143075 0.000138105 0.000133108 0.00012811 0.000123137 0.000118209 0.000113345 0.000108559 0.000103866 9.92753e-05 9.47973e-05 9.04389e-05 8.62061e-05 8.21033e-05 7.81338e-05 7.42998e-05 7.06025e-05 6.70424e-05 6.36191e-05 6.03316e-05 5.71785e-05 5.41578e-05 5.1267e-05 4.85035e-05 4.58643e-05 4.33461e-05 4.09456e-05 3.86592e-05 3.64832e-05 3.4414e-05 3.24477e-05 3.05806e-05 2.88089e-05 2.71288e-05 2.55366e-05 2.40287e-05 2.26013e-05 2.12509e-05 1.99742e-05 1.87677e-05 1.76281e-05 1.65523e-05 1.55372e-05 1.45797e-05 1.36771e-05 1.28266e-05 1.20254e-05 1.1271e-05 1.05611e-05 9.89314e-06 9.26497e-06 8.67442e-06 8.11944e-06 7.59807e-06 7.10843e-06 6.64875e-06 6.21733e-06 5.81256e-06 5.43291e-06 5.07694e-06 4.74325e-06 4.43055e-06 4.13759e-06 3.86321e-06 3.6063e-06 3.3658e-06 3.14073e-06 2.93014e-06 2.73316e-06 2.54895e-06 2.37672e-06 2.21573e-06 2.06529e-06 1.92472e-06 1.79341e-06 1.67078e-06 1.55628e-06 1.44939e-06 1.34963e-06 1.25653e-06 1.16968e-06 1.08866e-06 1.0131e-06 9.42641e-07 8.76957e-07 8.15732e-07 7.58673e-07 7.05506e-07 6.55975e-07 6.09838e-07
0.000586913 0.000167841 0.000166524 0.000164609 0.000162176 0.0001593 0.00015605 0.000152484 0.00014866 0.000144626 0.000140427 0.000136102 0.000131688 0.000127217 0.000122715 0.000118209 0.00011372 0.000109266 0.000104864 0.000100529 9.62714e-05 9.21028e-05 8.80313e-05 8.40637e-05 8.02057e-05 7.64618e-05 7.2835e-05 6.93279e-05 6.59417e-05 6.26772e-05 5.95345e-05 5.65128e-05 5.36112e-05 5.08282e-05 4.81618e-05 4.56098e-05 4.31697e-05 4.08389e-05 3.86144e-05 3.64932e-05 3.44722e-05 3.25482e-05 3.07179e-05 2.89779e-05 2.73251e-05 2.57559e-05 2.42672e-05 2.28557e-05 2.15183e-05 2.02516e-05 1.90527e-05 1.79185e-05 1.68462e-05 1.58327e-05 1.48754e-05 1.39716e-05 1.31187e-05 1.23141e-05 1.15554e-05 1.08404e-05 1.01668e-05 9.53234e-06 8.93511e-06 8.37308e-06 7.84437e-06 7.34719e-06 6.87981e-06 6.44059e-06 6.02798e-06 5.64049e-06 5.27669e-06 4.93524e-06 4.61487e-06 4.31436e-06 4.03257e-06 3.76839e-06 3.52079e-06 3.2888e-06 3.07149e-06 2.86797e-06 2.67743e-06 2.49908e-06 2.33218e-06 2.17602e-06 2.02996e-06 1.89337e-06 1.76566e-06 1.64629e-06 1.53473e-06 1.43049e-06 1.33312e-06 1.24217e-06 1.15725e-06 1.07796e-06 1.00395e-06 9.34884e-07 8.70437e-07 8.10314e-07 7.54235e-07 7.01936e-07 6.53172e-07
0.000531255 0.000154837 0.000154202 0.000152965 0.000151204 0.000148988 0.000146382 0.000143443 0.000140224 0.000136773 0.000133134 0.000129345 0.000125442 0.000121456 0.000117416 0.000113345 0.000109266 0.000105198 0.000101159 9.71638e-05 9.32243e-05 8.9352e-05 8.55563e-05 8.18449e-05 7.82244e-05 7.47002e-05 7.12763e-05 6.7956e-05 6.47416e-05 6.16348e-05 5.86363e-05 5.57465e-05 5.2965e-05 5.02911e-05 4.77236e-05 4.52611e-05 4.29017e-05 4.06433e-05 3.84838e-05 3.64205e-05 3.4451e-05 3.25726e-05 3.07823e-05 2.90775e-05 2.74551e-05 2.59123e-05 2.44462e-05 2.30538e-05 2.17322e-05 2.04787e-05 1.92903e-05 1.81644e-05 1.70982e-05 1.60891e-05 1.51345e-05 1.42318e-05 1.33788e-05 1.2573e-05 1.18121e-05 1.1094e-05 1.04165e-05 9.77756e-06 9.17529e-06 8.60777e-06 8.0732e-06 7.56985e-06 7.09607e-06 6.65028e-06 6.23095e-06 5.83666e-06 5.46603e-06 5.11774e-06 4.79056e-06 4.48329e-06 4.19481e-06 3.92404e-06 3.66998e-06 3.43165e-06 3.20814e-06 2.99859e-06 2.80218e-06 2.61812e-06 2.44568e-06 2.28418e-06 2.13294e-06 1.99136e-06 1.85884e-06 1.73483e-06 1.61882e-06 1.51031e-06 1.40883e-06 1.31396e-06 1.22527e-06 1.14239e-06 1.06495e-06 9.92599e-07 9.25023e-07 8.61917e-07 8.02997e-07 7.47994e-07 6.96658e-07
0.000480876 0.000142791 0.000142734 0.000142081 0.000140902 0.000139264 0.000137226 0.000134844 0.000132168 0.000129243 0.000126112 0.000122812 0.000119378 0.000115839 0.000112225 0.000108559 0.000104864 0.000101159 9.74626e-05 9.37888e-05 9.01514e-05 8.6562e-05 8.30307e-05 7.9566e-05 7.61751e-05 7.28642e-05 6.9638e-05 6.65007e-05 6.34554e-05 6.05042e-05 5.76489e-05 5.48905e-05 5.22292e-05 4.96652e-05 4.71979e-05 4.48264e-05 4.25496e-05 4.03659e-05 3.82736e-05 3.62709e-05 3.43556e-05 3.25255e-05 3.07782e-05 2.91114e-05 2.75224e-05 2.60089e-05 2.45682e-05 2.31978e-05 2.1895e-05 2.06573e-05 1.94822e-05 1.83671e-05 1.73096e-05 1.63072e-05 1.53576e-05 1.44584e-05 1.36074e-05 1.28024e-05 1.20413e-05 1.13219e-05 1.06423e-05 1.00006e-05 9.3949e-06 8.8234e-06 8.28439e-06 7.77621e-06 7.29728e-06 6.84608e-06 6.42116e-06 6.02111e-06 5.64461e-06 5.29039e-06 4.95723e-06 4.64399e-06 4.34956e-06 4.07289e-06 3.81299e-06 3.56891e-06 3.33976e-06 3.12467e-06 2.92284e-06 2.7335e-06 2.55592e-06 2.38942e-06 2.23334e-06 2.08707e-06 1.95001e-06 1.82163e-06 1.7014e-06 1.58882e-06 1.48344e-06 1.38481e-06 1.29252e-06 1.20618e-06 1.12543e-06 1.04991e-06 9.7931e-07 9.13313e-07 8.51633e-07 7.93998e-07 7.40152e-07
0.000435273 0.000131636 0.000132067 0.000131912 0.000131237 0.000130103 0.000128566 0.000126678 0.000124487 0.000122035 0.000119364 0.000116508 0.000113502 0.000110376 0.000107155 0.000103866 0.000100529 9.71638e-05 9.37888e-05 9.0419e-05 8.70681e-05 8.37482e-05 8.04698e-05 7.72419e-05 7.40723e-05 7.09678e-05 6.79338e-05 6.4975e-05 6.20951e-05 5.92971e-05 5.65832e-05 5.3955e-05 5.14137e-05 4.89597e-05 4.65931e-05 4.43137e-05 4.21207e-05 4.00133e-05 3.79902e-05 3.605e-05 3.41911e-05 3.24117e-05 3.07098e-05 2.90835e-05 2.75306e-05 2.60489e-05 2.46363e-05 2.32903e-05 2.20088e-05 2.07895e-05 1.963e-05 1.85281e-05 1.74816e-05 1.64882e-05 1.55458e-05 1.46521e-05 1.38052e-05 1.30029e-05 1.22434e-05 1.15245e-05 1.08445e-05 1.02016e-05 9.59399e-06 9.01994e-06 8.47785e-06 7.96613e-06 7.48327e-06 7.02781e-06 6.59836e-06 6.19357e-06 5.81215e-06 5.45289e-06 5.1146e-06 4.79616e-06 4.4965e-06 4.21461e-06 3.9495e-06 3.70026e-06 3.46599e-06 3.24587e-06 3.03909e-06 2.84491e-06 2.66259e-06 2.49146e-06 2.33088e-06 2.18022e-06 2.03892e-06 1.90642e-06 1.78221e-06 1.66579e-06 1.5567e-06 1.4545e-06 1.35877e-06 1.26913e-06 1.1852e-06 1.10664e-06 1.03313e-06 9.64337e-07 8.99987e-07 8.398e-07 7.83518e-07
0.000393996 0.000121313 0.000122152 0.00012242 0.000122177 0.000121481 0.000120383 0.000118932 0.000117172 0.000115145 0.000112889 0.000110437 0.000107822 0.000105073 0.000102216 9.92753e-05 9.62714e-05 9.32243e-05 9.01514e-05 8.70681e-05 8.39884e-05 8.09245e-05 7.78872e-05 7.48861e-05 7.19292e-05 6.90238e-05 6.61758e-05 6.33906e-05 6.06722e-05 5.80242e-05 5.54494e-05 5.295e-05 5.05275e-05 4.81831e-05 4.59173e-05 4.37303e-05 4.16221e-05 3.9592e-05 3.76395e-05 3.57635e-05 3.39627e-05 3.22359e-05 3.05815e-05 2.89978e-05 2.74831e-05 2.60355e-05 2.46531e-05 2.33339e-05 2.20759e-05 2.08771e-05 1.97355e-05 1.8649e-05 1.76156e-05 1.66333e-05 1.57e-05 1.48138e-05 1.39728e-05 1.31751e-05 1.24188e-05 1.17022e-05 1.10234e-05 1.03808e-05 9.77267e-06 9.19745e-06 8.65358e-06 8.13956e-06 7.65394e-06 7.19533e-06 6.7624e-06 6.35384e-06 5.96844e-06 5.605e-06 5.26239e-06 4.93952e-06 4.63536e-06 4.34891e-06 4.07922e-06 3.8254e-06 3.58657e-06 3.36192e-06 3.15066e-06 2.95206e-06 2.76541e-06 2.59003e-06 2.42528e-06 2.27057e-06 2.12532e-06 1.98897e-06 1.86103e-06 1.74099e-06 1.6284e-06 1.52282e-06 1.42383e-06 1.33104e-06 1.24409e-06 1.16262e-06 1.08631e-06 1.01483e-06 9.4791e-07 8.85259e-07 8.26619e-07
0.000356632 0.000111764 0.00011294 0.000113564 0.000113691 0.000113373 0.000112659 0.000111592 0.000110216 0.000108569 0.000106686 0.0001046 0.000102342 9.99388e-05 9.74162e-05 9.47973e-05 9.21028e-05 8.9352e-05 8.6562e-05 8.37482e-05 8.09245e-05 7.81032e-05 7.52954e-05 7.25107e-05 6.97578e-05 6.70439e-05 6.43756e-05 6.17585e-05 5.91972e-05 5.66957e-05 5.42573e-05 5.18845e-05 4.95794e-05 4.73435e-05 4.5178e-05 4.30835e-05 4.10603e-05 3.91083e-05 3.72273e-05 3.54165e-05 3.36753e-05 3.20027e-05 3.03974e-05 2.88581e-05 2.73834e-05 2.59717e-05 2.46215e-05 2.33311e-05 2.20987e-05 2.09224e-05 1.98007e-05 1.87315e-05 1.77131e-05 1.67437e-05 1.58214e-05 1.49445e-05 1.41112e-05 1.33197e-05 1.25683e-05 1.18554e-05 1.11793e-05 1.05384e-05 9.93117e-06 9.35609e-06 8.81168e-06 8.29654e-06 7.80928e-06 7.34859e-06 6.91318e-06 6.50182e-06 6.11332e-06 5.74656e-06 5.40042e-06 5.07388e-06 4.76591e-06 4.47556e-06 4.20191e-06 3.94408e-06 3.70123e-06 3.47256e-06 3.2573e-06 3.05472e-06 2.86414e-06 2.68488e-06 2.51633e-06 2.35788e-06 2.20897e-06 2.06906e-06 1.93763e-06 1.81422e-06 1.69834e-06 1.58958e-06 1.48751e-06 1.39174e-06 1.30192e-06 1.21767e-06 1.13869e-06 1.06465e-06 9.9526e-07 9.3024e-07 8.69328e-07
0.000322812 0.000102935 0.000104386 0.000105307 0.000105747 0.000105755 0.000105374 0.000104646 0.000103609 0.0001023 0.000100753 9.89975e-05 9.70632e-05 9.49761e-05 9.27606e-05 9.04389e-05 8.80313e-05 8.55563e-05 8.30307e-05 8.04698e-05 7.78872e-05 7.52954e-05 7.27054e-05 7.0127e-05 6.75689e-05 6.50388e-05 6.25436e-05 6.00889e-05 5.768e-05 5.5321e-05 5.30157e-05 5.0767e-05 4.85774e-05 4.64488e-05 4.43827e-05 4.23801e-05 4.04419e-05 3.85682e-05 3.67591e-05 3.50145e-05 3.33338e-05 3.17164e-05 3.01615e-05 2.86681e-05 2.72349e-05 2.58609e-05 2.45446e-05 2.32846e-05 2.20794e-05 2.09275e-05 1.98273e-05 1.87772e-05 1.77756e-05 1.68208e-05 1.59112e-05 1.50451e-05 1.42211e-05 1.34373e-05 1.26924e-05 1.19847e-05 1.13126e-05 1.06748e-05 1.00698e-05 9.49606e-06 8.95231e-06 8.43717e-06 7.94935e-06 7.48759e-06 7.05067e-06 6.63742e-06 6.24671e-06 5.87744e-06 5.52856e-06 5.19906e-06 4.88798e-06 4.59439e-06 4.31738e-06 4.05612e-06 3.80978e-06 3.57758e-06 3.35878e-06 3.15266e-06 2.95855e-06 2.7758e-06 2.60379e-06 2.44193e-06 2.28967e-06 2.14647e-06 2.01183e-06 1.88527e-06 1.76634e-06 1.65459e-06 1.54963e-06 1.45106e-06 1.35852e-06 1.27165e-06 1.19013e-06 1.11365e-06 1.0419e-06 9.74612e-07 9.11519e-07
0.000292199 9.4776e-05 9.64484e-05 9.76137e-05 9.83175e-05 9.86027e-05 9.85098e-05 9.80769e-05 9.73399e-05 9.63322e-05 9.50852e-05 9.36278e-05 9.19871e-05 9.01882e-05 8.82541e-05 8.62061e-05 8.40637e-05 8.18449e-05 7.9566e-05 7.72419e-05 7.48861e-05 7.25107e-05 7.0127e-05 6.77446e-05 6.53724e-05 6.30183e-05 6.06891e-05 5.83911e-05 5.61294e-05 5.39087e-05 5.1733e-05 4.96055e-05 4.75291e-05 4.5506e-05 4.35381e-05 4.16267e-05 3.97729e-05 3.79773e-05 3.62404e-05 3.45623e-05 3.29428e-05 3.13815e-05 2.9878e-05 2.84315e-05 2.70412e-05 2.57061e-05 2.4425e-05 2.3197e-05 2.20205e-05 2.08945e-05 1.98174e-05 1.87879e-05 1.78046e-05 1.68659e-05 1.59705e-05 1.51169e-05 1.43035e-05 1.3529e-05 1.27918e-05 1.20906e-05 1.1424e-05 1.07905e-05 1.01889e-05 9.61767e-06 9.07568e-06 8.56162e-06 8.07425e-06 7.6124e-06 7.17491e-06 6.76065e-06 6.36855e-06 5.99757e-06 5.6467e-06 5.31497e-06 5.00144e-06 4.70523e-06 4.42547e-06 4.16133e-06 3.91203e-06 3.6768e-06 3.45492e-06 3.2457e-06 3.04847e-06 2.8626e-06 2.68748e-06 2.52254e-06 2.36723e-06 2.22103e-06 2.08344e-06 1.95398e-06 1.83221e-06 1.7177e-06 1.61004e-06 1.50885e-06 1.41375e-06 1.32441e-06 1.24049e-06 1.16169e-06 1.0877e-06 1.01825e-06 9.53076e-07
0.00026449 8.72384e-05 8.9085e-05 9.04495e-05 9.13726e-05 9.18931e-05 9.20479e-05 9.18719e-05 9.13979e-05 9.0657e-05 8.96782e-05 8.84886e-05 8.71135e-05 8.55767e-05 8.38998e-05 8.21033e-05 8.02057e-05 7.82244e-05 7.61751e-05 7.40723e-05 7.19292e-05 6.97578e-05 6.75689e-05 6.53724e-05 6.31771e-05 6.0991e-05 5.8821e-05 5.66734e-05 5.45538e-05 5.2467e-05 5.0417e-05 4.84076e-05 4.64418e-05 4.45221e-05 4.26507e-05 4.08293e-05 3.90591e-05 3.73413e-05 3.56763e-05 3.40648e-05 3.25067e-05 3.10021e-05 2.95507e-05 2.8152e-05 2.68055e-05 2.55103e-05 2.42658e-05 2.30708e-05 2.19244e-05 2.08255e-05 1.97729e-05 1.87654e-05 1.78018e-05 1.68806e-05 1.60008e-05 1.51608e-05 1.43595e-05 1.35955e-05 1.28674e-05 1.2174e-05 1.15139e-05 1.0886e-05 1.02888e-05 9.72127e-06 9.18209e-06 8.67011e-06 8.18417e-06 7.72316e-06 7.28597e-06 6.87155e-06 6.47887e-06 6.10695e-06 5.7548e-06 5.42152e-06 5.10621e-06 4.80799e-06 4.52606e-06 4.25959e-06 4.00784e-06 3.77007e-06 3.54557e-06 3.33367e-06 3.13372e-06 2.9451e-06 2.76723e-06 2.59954e-06 2.44149e-06 2.29257e-06 2.1523e-06 2.02019e-06 1.89581e-06 1.77875e-06 1.66858e-06 1.56494e-06 1.46747e-06 1.37581e-06 1.28964e-06 1.20865e-06 1.13254e-06 1.06104e-06 9.93885e-07
0.000239408 8.02781e-05 8.22581e-05 8.37816e-05 8.48849e-05 8.56031e-05 8.59693e-05 8.60155e-05 8.57716e-05 8.52662e-05 8.45261e-05 8.35765e-05 8.2441e-05 8.11419e-05 7.96998e-05 7.81338e-05 7.64618e-05 7.47002e-05 7.28642e-05 7.09678e-05 6.90238e-05 6.70439e-05 6.50388e-05 6.30183e-05 6.0991e-05 5.89648e-05 5.6947e-05 5.49438e-05 5.29608e-05 5.1003e-05 4.90749e-05 4.71801e-05 4.53221e-05 4.35035e-05 4.17267e-05 3.99937e-05 3.83061e-05 3.66652e-05 3.50718e-05 3.35266e-05 3.20301e-05 3.05823e-05 2.91834e-05 2.78331e-05 2.65311e-05 2.52767e-05 2.40695e-05 2.29087e-05 2.17934e-05 2.07228e-05 1.96959e-05 1.87115e-05 1.77687e-05 1.68663e-05 1.60032e-05 1.51782e-05 1.43902e-05 1.36378e-05 1.292e-05 1.22355e-05 1.15831e-05 1.09618e-05 1.03702e-05 9.80726e-06 9.27188e-06 8.76294e-06 8.27934e-06 7.82003e-06 7.38399e-06 6.97022e-06 6.57773e-06 6.20559e-06 5.85287e-06 5.51871e-06 5.20223e-06 4.90261e-06 4.61906e-06 4.35081e-06 4.09711e-06 3.85727e-06 3.6306e-06 3.41644e-06 3.21417e-06 3.02318e-06 2.8429e-06 2.67279e-06 2.51231e-06 2.36095e-06 2.21825e-06 2.08375e-06 1.957e-06 1.83759e-06 1.72513e-06 1.61923e-06 1.51954e-06 1.42572e-06 1.33744e-06 1.2544e-06 1.1763e-06 1.10287e-06 1.03384e-06
0.000216704 7.38534e-05 7.59314e-05 7.75788e-05 7.88281e-05 7.97104e-05 8.02558e-05 8.0493e-05 8.04493e-05 8.01509e-05 7.96224e-05 7.88872e-05 7.79673e-05 7.68834e-05 7.56549e-05 7.42998e-05 7.2835e-05 7.12763e-05 6.9638e-05 6.79338e-05 6.61758e-05 6.43756e-05 6.25436e-05 6.06891e-05 5.8821e-05 5.6947e-05 5.50742e-05 5.32091e-05 5.13572e-05 4.95238e-05 4.77132e-05 4.59295e-05 4.41761e-05 4.2456e-05 4.07717e-05 3.91255e-05 3.75191e-05 3.5954e-05 3.44314e-05 3.29521e-05 3.15169e-05 3.0126e-05 2.87798e-05 2.74782e-05 2.62211e-05 2.50082e-05 2.38391e-05 2.27132e-05 2.16299e-05 2.05885e-05 1.95882e-05 1.8628e-05 1.77071e-05 1.68246e-05 1.59793e-05 1.51703e-05 1.43966e-05 1.36569e-05 1.29504e-05 1.22759e-05 1.16322e-05 1.10185e-05 1.04334e-05 9.8761e-06 9.34545e-06 8.84042e-06 8.36002e-06 7.90325e-06 7.46916e-06 7.05679e-06 6.66522e-06 6.29356e-06 5.94095e-06 5.60653e-06 5.28949e-06 4.98905e-06 4.70443e-06 4.43491e-06 4.17977e-06 3.93832e-06 3.70991e-06 3.49391e-06 3.2897e-06 3.09671e-06 2.91437e-06 2.74216e-06 2.57954e-06 2.42604e-06 2.28119e-06 2.14453e-06 2.01564e-06 1.89411e-06 1.77954e-06 1.67157e-06 1.56985e-06 1.47403e-06 1.3838e-06 1.29885e-06 1.21889e-06 1.14364e-06 1.07284e-06
0.000196154 6.79253e-05 7.00707e-05 7.18117e-05 7.31768e-05 7.41937e-05 7.48893e-05 7.52894e-05 7.5419e-05 7.53017e-05 7.49602e-05 7.44159e-05 7.36894e-05 7.27998e-05 7.17651e-05 7.06025e-05 6.93279e-05 6.7956e-05 6.65007e-05 6.4975e-05 6.33906e-05 6.17585e-05 6.00889e-05 5.83911e-05 5.66734e-05 5.49438e-05 5.32091e-05 5.14757e-05 4.97494e-05 4.80353e-05 4.6338e-05 4.46616e-05 4.30096e-05 4.13852e-05 3.97911e-05 3.82297e-05 3.67029e-05 3.52124e-05 3.37596e-05 3.23456e-05 3.09712e-05 2.9637e-05 2.83434e-05 2.70906e-05 2.58788e-05 2.47077e-05 2.35771e-05 2.24868e-05 2.14362e-05 2.04247e-05 1.94518e-05 1.85167e-05 1.76186e-05 1.67568e-05 1.59303e-05 1.51383e-05 1.43798e-05 1.36539e-05 1.29596e-05 1.2296e-05 1.1662e-05 1.10567e-05 1.04791e-05 9.9283e-06 9.40321e-06 8.90294e-06 8.42654e-06 7.97309e-06 7.54168e-06 7.13144e-06 6.74149e-06 6.37098e-06 6.0191e-06 5.68504e-06 5.36803e-06 5.06732e-06 4.78216e-06 4.51187e-06 4.25575e-06 4.01315e-06 3.78343e-06 3.56599e-06 3.36023e-06 3.1656e-06 2.98154e-06 2.80754e-06 2.6431e-06 2.48773e-06 2.34099e-06 2.20242e-06 2.07162e-06 1.94818e-06 1.83172e-06 1.72187e-06 1.61829e-06 1.52064e-06 1.4286e-06 1.34188e-06 1.26019e-06 1.18325e-06 1.1108e-06
0.000177552 6.24573e-05 6.46441e-05 6.64522e-05 6.79067e-05 6.9032e-05 6.98522e-05 7.03902e-05 7.06687e-05 7.0709e-05 7.0532e-05 7.01572e-05 6.96035e-05 6.88888e-05 6.80297e-05 6.70424e-05 6.59417e-05 6.47416e-05 6.34554e-05 6.20951e-05 6.06722e-05 5.91972e-05 5.768e-05 5.61294e-05 5.45538e-05 5.29608e-05 5.13572e-05 4.97494e-05 4.81431e-05 4.65434e-05 4.4955e-05 4.33819e-05 4.1828e-05 4.02963e-05 3.87899e-05 3.73111e-05 3.58622e-05 3.44449e-05 3.30607e-05 3.1711e-05 3.03968e-05 2.91187e-05 2.78775e-05 2.66735e-05 2.5507e-05 2.43779e-05 2.32863e-05 2.22319e-05 2.12145e-05 2.02336e-05 1.92887e-05 1.83794e-05 1.75049e-05 1.66645e-05 1.58576e-05 1.50834e-05 1.43411e-05 1.36297e-05 1.29486e-05 1.22967e-05 1.16732e-05 1.10773e-05 1.05079e-05 9.96437e-06 9.44565e-06 8.95089e-06 8.47925e-06 8.02984e-06 7.60184e-06 7.1944e-06 6.80671e-06 6.43799e-06 6.08745e-06 5.75433e-06 5.4379e-06 5.13744e-06 4.85226e-06 4.58168e-06 4.32504e-06 4.08173e-06 3.85112e-06 3.63263e-06 3.4257e-06 3.22977e-06 3.04432e-06 2.86885e-06 2.70288e-06 2.54592e-06 2.39755e-06 2.25733e-06 2.12485e-06 1.99972e-06 1.88156e-06 1.77002e-06 1.66476e-06 1.56544e-06 1.47175e-06 1.38341e-06 1.30011e-06 1.2216e-06 1.14762e-06
0.000160715 5.74156e-05 5.96214e-05 6.14739e-05 6.29947e-05 6.42055e-05 6.51273e-05 6.57809e-05 6.61864e-05 6.63632e-05 6.63301e-05 6.61051e-05 6.57054e-05 6.51476e-05 6.44472e-05 6.36191e-05 6.26772e-05 6.16348e-05 6.05042e-05 5.92971e-05 5.80242e-05 5.66957e-05 5.5321e-05 5.39087e-05 5.2467e-05 5.1003e-05 4.95238e-05 4.80353e-05 4.65434e-05 4.50531e-05 4.35691e-05 4.20954e-05 4.0636e-05 3.91941e-05 3.77726e-05 3.63743e-05 3.50012e-05 3.36554e-05 3.23386e-05 3.10521e-05 2.97972e-05 2.85747e-05 2.73854e-05 2.62299e-05 2.51086e-05 2.40216e-05 2.2969e-05 2.19509e-05 2.0967e-05 2.00171e-05 1.91008e-05 1.82178e-05 1.73675e-05 1.65493e-05 1.57627e-05 1.5007e-05 1.42815e-05 1.35855e-05 1.29182e-05 1.22788e-05 1.16666e-05 1.10808e-05 1.05205e-05 9.9849e-06 9.47326e-06 8.98474e-06 8.51854e-06 8.07385e-06 7.6499e-06 7.24591e-06 6.86111e-06 6.49477e-06 6.14614e-06 5.81451e-06 5.49919e-06 5.1995e-06 4.91477e-06 4.64437e-06 4.38766e-06 4.14405e-06 3.91295e-06 3.6938e-06 3.48605e-06 3.28917e-06 3.10266e-06 2.92603e-06 2.75881e-06 2.60054e-06 2.4508e-06 2.30917e-06 2.17524e-06 2.04863e-06 1.92898e-06 1.81594e-06 1.70917e-06 1.60835e-06 1.51317e-06 1.42334e-06 1.33859e-06 1.25863e-06 1.18323e-06
0.000145474 5.27684e-05 5.49744e-05 5.68516e-05 5.84188e-05 5.96948e-05 6.06982e-05 6.14474e-05 6.19603e-05 6.22543e-05 6.23466e-05 6.22534e-05 6.19905e-05 6.15731e-05 6.10155e-05 6.03316e-05 5.95345e-05 5.86363e-05 5.76489e-05 5.65832e-05 5.54494e-05 5.42573e-05 5.30157e-05 5.1733e-05 5.0417e-05 4.90749e-05 4.77132e-05 4.6338e-05 4.4955e-05 4.35691e-05 4.21849e-05 4.08067e-05 3.94383e-05 3.80829e-05 3.67437e-05 3.54233e-05 3.4124e-05 3.2848e-05 3.1597e-05 3.03725e-05 2.91759e-05 2.80082e-05 2.68702e-05 2.57628e-05 2.46864e-05 2.36413e-05 2.26278e-05 2.1646e-05 2.06959e-05 1.97773e-05 1.889e-05 1.80337e-05 1.7208e-05 1.64126e-05 1.56469e-05 1.49103e-05 1.42023e-05 1.35222e-05 1.28695e-05 1.22433e-05 1.1643e-05 1.10679e-05 1.05173e-05 9.99046e-06 9.48658e-06 9.00495e-06 8.54483e-06 8.10549e-06 7.68621e-06 7.28625e-06 6.90492e-06 6.54151e-06 6.19534e-06 5.86573e-06 5.55202e-06 5.25357e-06 4.96977e-06 4.69998e-06 4.44363e-06 4.20013e-06 3.96893e-06 3.74948e-06 3.54127e-06 3.34377e-06 3.15652e-06 2.97903e-06 2.81084e-06 2.65154e-06 2.50068e-06 2.35787e-06 2.22271e-06 2.09485e-06 1.97391e-06 1.85955e-06 1.75145e-06 1.64929e-06 1.55278e-06 1.46161e-06 1.37553e-06 1.29426e-06 1.21756e-06
0.000131678 4.84863e-05 5.06765e-05 5.25617e-05 5.4158e-05 5.54816e-05 5.65489e-05 5.73759e-05 5.79786e-05 5.83727e-05 5.85734e-05 5.85956e-05 5.84536e-05 5.81613e-05 5.77321e-05 5.71785e-05 5.65128e-05 5.57465e-05 5.48905e-05 5.3955e-05 5.295e-05 5.18845e-05 5.0767e-05 4.96055e-05 4.84076e-05 4.71801e-05 4.59295e-05 4.46616e-05 4.33819e-05 4.20954e-05 4.08067e-05 3.95199e-05 3.82388e-05 3.69668e-05 3.57069e-05 3.4462e-05 3.32343e-05 3.20262e-05 3.08393e-05 2.96755e-05 2.8536e-05 2.74222e-05 2.63349e-05 2.52749e-05 2.4243e-05 2.32396e-05 2.22651e-05 2.13196e-05 2.04033e-05 1.95161e-05 1.8658e-05 1.78288e-05 1.70282e-05 1.62559e-05 1.55115e-05 1.47946e-05 1.41046e-05 1.3441e-05 1.28034e-05 1.2191e-05 1.16033e-05 1.10396e-05 1.04993e-05 9.98169e-06 9.48616e-06 9.01201e-06 8.55857e-06 8.12516e-06 7.7111e-06 7.31574e-06 6.93841e-06 6.57846e-06 6.23525e-06 5.90814e-06 5.59652e-06 5.29979e-06 5.01734e-06 4.7486e-06 4.493e-06 4.25001e-06 4.01907e-06 3.79969e-06 3.59134e-06 3.39356e-06 3.20587e-06 3.02781e-06 2.85894e-06 2.69885e-06 2.54713e-06 2.40338e-06 2.26722e-06 2.1383e-06 2.01627e-06 1.90078e-06 1.79153e-06 1.6882e-06 1.5905e-06 1.49815e-06 1.41087e-06 1.32842e-06 1.25053e-06
0.000119191 4.45418e-05 4.67029e-05 4.85819e-05 5.01924e-05 5.15484e-05 5.26638e-05 5.35529e-05 5.42298e-05 5.47083e-05 5.50023e-05 5.5125e-05 5.50894e-05 5.49084e-05 5.45939e-05 5.41578e-05 5.36112e-05 5.2965e-05 5.22292e-05 5.14137e-05 5.05275e-05 4.95794e-05 4.85774e-05 4.75291e-05 4.64418e-05 4.53221e-05 4.41761e-05 4.30096e-05 4.1828e-05 4.0636e-05 3.94383e-05 3.82388e-05 3.70414e-05 3.58495e-05 3.46661e-05 3.3494e-05 3.23357e-05 3.11933e-05 3.0069e-05 2.89643e-05 2.78807e-05 2.68196e-05 2.57821e-05 2.4769e-05 2.3781e-05 2.28189e-05 2.1883e-05 2.09737e-05 2.00911e-05 1.92355e-05 1.84067e-05 1.76048e-05 1.68295e-05 1.60807e-05 1.5358e-05 1.46611e-05 1.39896e-05 1.3343e-05 1.27209e-05 1.21228e-05 1.15482e-05 1.09964e-05 1.0467e-05 9.95921e-06 9.47258e-06 9.00645e-06 8.56022e-06 8.13326e-06 7.72496e-06 7.3347e-06 6.96187e-06 6.60587e-06 6.26609e-06 5.94195e-06 5.63287e-06 5.33827e-06 5.0576e-06 4.79031e-06 4.53586e-06 4.29373e-06 4.06343e-06 3.84444e-06 3.6363e-06 3.43854e-06 3.2507e-06 3.07235e-06 2.90308e-06 2.74246e-06 2.59011e-06 2.44565e-06 2.30872e-06 2.17895e-06 2.05602e-06 1.93959e-06 1.82936e-06 1.72502e-06 1.62629e-06 1.53289e-06 1.44456e-06 1.36104e-06 1.2821e-06
