0.36964 0.0167936 0.0111369 0.00793773 0.00595987 0.00464327 0.00371422 0.00302859 0.002505 0.00209453 0.00176611 0.00149911 0.00127925 0.00109633 0.000942838 0.000813141 0.000702898 0.00060872 0.000527914 0.000458319 0.000398172 0.000346028 0.000300688 0.00026115 0.000226571 0.000196235 0.000169535 0.000145949 0.000125026 0.000106376 9.33046e-05
0.0167936 0.00189148 0.00115803 0.000758712 0.000524309 0.000377581 0.000280708 0.000213907 0.000166188 0.000131109 0.000104713 8.44695e-05 6.86979e-05 5.62492e-05 4.63152e-05 3.8314e-05 3.18183e-05 2.65084e-05 2.21417e-05 1.85313e-05 1.5532e-05 1.30293e-05 1.09325e-05 9.16919e-06 7.68092e-06 6.4205e-06 5.34963e-06 4.43719e-06 3.65798e-06 2.99194e-06 2.56605e-06
0.0111369 0.00115803 0.000681437 0.000432852 0.000292477 0.000207384 0.000152589 0.000115497 8.93519e-05 7.03115e-05 5.6077e-05 4.52079e-05 3.67645e-05 3.01121e-05 2.48091e-05 2.054e-05 1.70746e-05 1.42414e-05 1.19106e-05 9.9827e-06 8.38021e-06 7.04236e-06 5.92097e-06 4.97752e-06 4.18105e-06 3.5065e-06 2.93361e-06 2.44595e-06 2.03041e-06 1.71534e-06 1.47221e-06
0.00793773 0.000758712 0.000432852 0.000268336 0.000178191 0.000124905 9.12485e-05 6.87807e-05 5.30928e-05 4.17387e-05 3.3283e-05 2.68409e-05 2.18422e-05 1.79056e-05 1.47674e-05 1.22402e-05 1.01877e-05 8.50857e-06 7.12624e-06 5.98205e-06 5.03038e-06 4.23542e-06 3.56875e-06 3.00766e-06 2.5339e-06 2.1327e-06 1.7921e-06 1.50251e-06 1.27143e-06 1.07418e-06 9.2231e-07
0.00595987 0.000524309 0.000292477 0.000178191 0.000116935 8.13762e-05 5.9216e-05 4.45558e-05 3.43764e-05 2.70316e-05 2.15697e-05 1.74102e-05 1.4182e-05 1.16382e-05 9.60888e-06 7.97332e-06 6.64384e-06 5.55532e-06 4.65855e-06 3.91576e-06 3.29759e-06 2.78096e-06 2.34754e-06 1.98267e-06 1.67456e-06 1.41367e-06 1.1923e-06 1.01023e-06 8.55024e-07 7.2241e-07 6.20367e-07
0.00464327 0.000377581 0.000207384 0.000124905 8.13762e-05 5.64153e-05 4.09908e-05 3.0838e-05 2.38058e-05 1.87359e-05 1.4965e-05 1.20912e-05 9.8588e-06 8.09793e-06 6.69177e-06 5.55745e-06 4.63465e-06 3.87857e-06 3.25529e-06 2.73878e-06 2.30875e-06 1.94924e-06 1.64757e-06 1.39359e-06 1.17912e-06 9.97559e-07 8.45934e-07 7.16894e-07 6.0682e-07 5.12721e-07 4.40273e-07
0.00371422 0.000280708 0.000152589 9.12485e-05 5.9216e-05 4.09908e-05 2.97826e-05 2.24217e-05 1.73257e-05 1.36498e-05 1.0913e-05 8.82476e-06 7.20075e-06 5.91846e-06 4.89358e-06 4.06619e-06 3.39269e-06 2.84059e-06 2.3853e-06 2.00789e-06 1.6936e-06 1.43083e-06 1.21033e-06 1.0247e-06 8.67962e-07 7.36255e-07 6.24416e-07 5.29207e-07 4.47969e-07 3.78507e-07 3.24967e-07
0.00302859 0.000213907 0.000115497 6.87807e-05 4.45558e-05 3.0838e-05 2.24217e-05 1.68971e-05 1.30701e-05 1.03064e-05 8.24607e-06 6.67215e-06 5.44683e-06 4.47852e-06 3.70406e-06 3.07853e-06 2.56916e-06 2.1515e-06 1.80702e-06 1.52144e-06 1.28363e-06 1.0848e-06 9.1798e-07 7.77558e-07 6.59408e-07 5.59352e-07 4.74386e-07 4.02051e-07 3.40329e-07 2.87555e-07 2.46819e-07
0.002505 0.000166188 8.93519e-05 5.30928e-05 3.43764e-05 2.38058e-05 1.73257e-05 1.30701e-05 1.01188e-05 7.98469e-06 6.3917e-06 5.17352e-06 4.22437e-06 3.47385e-06 2.87333e-06 2.38816e-06 1.99302e-06 1.669e-06 1.40177e-06 1.18024e-06 9.95797e-07 8.41616e-07 7.12278e-07 6.03595e-07 5.11834e-07 4.34136e-07 3.68166e-07 3.1201e-07 2.64099e-07 2.2314e-07 1.91476e-07
0.00209453 0.000131109 7.03115e-05 4.17387e-05 2.70316e-05 1.87359e-05 1.36498e-05 1.03064e-05 7.98469e-06 6.30363e-06 5.04749e-06 4.0861e-06 3.33659e-06 2.7437e-06 2.26921e-06 1.88582e-06 1.57358e-06 1.31757e-06 1.10645e-06 9.31475e-07 7.85822e-07 6.641e-07 5.62086e-07 4.76242e-07 4.03782e-07 3.42443e-07 2.90374e-07 2.46062e-07 2.08264e-07 1.75958e-07 1.50945e-07
0.00176611 0.000104713 5.6077e-05 3.3283e-05 2.15697e-05 1.4965e-05 1.0913e-05 8.24607e-06 6.3917e-06 5.04749e-06 4.04214e-06 3.27223e-06 2.67176e-06 2.19668e-06 1.81644e-06 1.50923e-06 1.25906e-06 1.05398e-06 8.84903e-07 7.4481e-07 6.28225e-07 5.30854e-07 4.4921e-07 3.80528e-07 3.22573e-07 2.73527e-07 2.31906e-07 1.96495e-07 1.66298e-07 1.40496e-07 1.20488e-07
0.00149911 8.44695e-05 4.52079e-05 2.68409e-05 1.74102e-05 1.20912e-05 8.82476e-06 6.67215e-06 5.17352e-06 4.0861e-06 3.27223e-06 2.64868e-06 2.16224e-06 1.77736e-06 1.46933e-06 1.2205e-06 1.01791e-06 8.51873e-07 7.15025e-07 6.01672e-07 5.07384e-07 4.28633e-07 3.62623e-07 3.07112e-07 2.60286e-07 2.20672e-07 1.87066e-07 1.58483e-07 1.34116e-07 1.13302e-07 9.71385e-08
0.00127925 6.86979e-05 3.67645e-05 2.18422e-05 1.4182e-05 9.8588e-06 7.20075e-06 5.44683e-06 4.22437e-06 3.33659e-06 2.67176e-06 2.16224e-06 1.76472e-06 1.4502e-06 1.19852e-06 9.95245e-07 8.29792e-07 6.94234e-07 5.8254e-07 4.90059e-07 4.13145e-07 3.48927e-07 2.95118e-07 2.49883e-07 2.11739e-07 1.7948e-07 1.52124e-07 1.28864e-07 1.09041e-07 9.2114e-08 7.89508e-08
0.00109633 5.62492e-05 3.01121e-05 1.79056e-05 1.16382e-05 8.09793e-06 5.91846e-06 4.47852e-06 3.47385e-06 2.7437e-06 2.19668e-06 1.77736e-06 1.4502e-06 1.19137e-06 9.84302e-07 8.17099e-07 6.81045e-07 5.69609e-07 4.77824e-07 4.01847e-07 3.3868e-07 2.85959e-07 2.41799e-07 2.04689e-07 1.73407e-07 1.46961e-07 1.24541e-07 1.05486e-07 8.92511e-08 7.53922e-08 6.46007e-08
0.000942838 4.63152e-05 2.48091e-05 1.47674e-05 9.60888e-06 6.69177e-06 4.89358e-06 3.70406e-06 2.87333e-06 2.26921e-06 1.81644e-06 1.46933e-06 1.19852e-06 9.84302e-07 8.12956e-07 6.7464e-07 5.62125e-07 4.70001e-07 3.94144e-07 3.31373e-07 2.79205e-07 2.35678e-07 1.99233e-07 1.68616e-07 1.42817e-07 1.21014e-07 1.02536e-07 8.68366e-08 7.34655e-08 6.20547e-08 5.3158e-08
0.000813141 3.8314e-05 2.054e-05 1.22402e-05 7.97332e-06 5.55745e-06 4.06619e-06 3.07853e-06 2.38816e-06 1.88582e-06 1.50923e-06 1.2205e-06 9.95245e-07 8.17099e-07 6.7464e-07 5.59674e-07 4.66184e-07 3.8966e-07 3.2667e-07 2.74564e-07 2.31274e-07 1.95168e-07 1.64946e-07 1.39567e-07 1.18188e-07 1.00126e-07 8.48247e-08 7.18278e-08 6.07623e-08 5.13221e-08 4.39527e-08
0.000702898 3.18183e-05 1.70746e-05 1.01877e-05 6.64384e-06 4.63465e-06 3.39269e-06 2.56916e-06 1.99302e-06 1.57358e-06 1.25906e-06 1.01791e-06 8.29792e-07 6.81045e-07 5.62125e-07 4.66184e-07 3.88188e-07 3.24367e-07 2.7185e-07 2.28423e-07 1.92355e-07 1.62283e-07 1.3712e-07 1.15996e-07 9.82076e-08 8.31844e-08 7.04613e-08 5.96578e-08 5.04627e-08 4.26206e-08 3.64916e-08
0.00060872 2.65084e-05 1.42414e-05 8.50857e-06 5.55532e-06 3.87857e-06 2.84059e-06 2.1515e-06 1.669e-06 1.31757e-06 1.05398e-06 8.51873e-07 6.94234e-07 5.69609e-07 4.70001e-07 3.8966e-07 3.24367e-07 2.70956e-07 2.27021e-07 1.90702e-07 1.60548e-07 1.35414e-07 1.14391e-07 9.67471e-08 8.18943e-08 6.93545e-08 5.87379e-08 4.97259e-08 4.2058e-08 3.55204e-08 3.0405e-08
0.000527914 2.21417e-05 1.19106e-05 7.12624e-06 4.65855e-06 3.25529e-06 2.3853e-06 1.80702e-06 1.40177e-06 1.10645e-06 8.84903e-07 7.15025e-07 5.8254e-07 4.77824e-07 3.94144e-07 3.2667e-07 2.7185e-07 2.27021e-07 1.90157e-07 1.59692e-07 1.34407e-07 1.13338e-07 9.57202e-08 8.09393e-08 6.85002e-08 5.80015e-08 4.91156e-08 4.15751e-08 3.51611e-08 2.96942e-08 2.5412e-08
0.000458319 1.85313e-05 9.9827e-06 5.98205e-06 3.91576e-06 2.73878e-06 2.00789e-06 1.52144e-06 1.18024e-06 9.31475e-07 7.4481e-07 6.01672e-07 4.90059e-07 4.01847e-07 3.31373e-07 2.74564e-07 2.28423e-07 1.90702e-07 1.59692e-07 1.34074e-07 1.12817e-07 9.51106e-08 8.03084e-08 6.78935e-08 5.74488e-08 4.86359e-08 4.1179e-08 3.48531e-08 2.94738e-08 2.48901e-08 2.12959e-08
0.000398172 1.5532e-05 8.38021e-06 5.03038e-06 3.29759e-06 2.30875e-06 1.6936e-06 1.28363e-06 9.95797e-07 7.85822e-07 6.28225e-07 5.07384e-07 4.13145e-07 3.3868e-07 2.79205e-07 2.31274e-07 1.92355e-07 1.60548e-07 1.34407e-07 1.12817e-07 9.49084e-08 7.99947e-08 6.75309e-08 5.70802e-08 4.82904e-08 4.0876e-08 3.46043e-08 2.92852e-08 2.47633e-08 2.09113e-08 1.78879e-08
0.000346028 1.30293e-05 7.04236e-06 4.23542e-06 2.78096e-06 1.94924e-06 1.43083e-06 1.0848e-06 8.41616e-07 6.641e-07 5.30854e-07 4.28633e-07 3.48927e-07 2.85959e-07 2.35678e-07 1.95168e-07 1.62283e-07 1.35414e-07 1.13338e-07 9.51106e-08 7.99947e-08 6.74102e-08 5.68959e-08 4.80821e-08 4.06711e-08 3.44214e-08 2.91363e-08 2.46552e-08 2.08467e-08 1.76032e-08 1.50551e-08
0.000300688 1.09325e-05 5.92097e-06 3.56875e-06 2.34754e-06 1.64757e-06 1.21033e-06 9.1798e-07 7.12278e-07 5.62086e-07 4.4921e-07 3.62623e-07 2.95118e-07 2.41799e-07 1.99233e-07 1.64946e-07 1.3712e-07 1.14391e-07 9.57202e-08 8.03084e-08 6.75309e-08 5.68959e-08 4.80125e-08 4.05678e-08 3.43096e-08 2.90333e-08 2.45725e-08 2.07913e-08 1.75784e-08 1.48429e-08 1.26919e-08
0.00026115 9.16919e-06 4.97752e-06 3.00766e-06 1.98267e-06 1.39359e-06 1.0247e-06 7.77558e-07 6.03595e-07 4.76242e-07 3.80528e-07 3.07112e-07 2.49883e-07 2.04689e-07 1.68616e-07 1.39567e-07 1.15996e-07 9.67471e-08 8.09393e-08 6.78935e-08 5.70802e-08 4.80821e-08 4.05678e-08 3.4272e-08 2.89807e-08 2.45207e-08 2.07509e-08 1.75562e-08 1.48423e-08 1.25321e-08 1.07141e-08
0.000226571 7.68092e-06 4.18105e-06 2.5339e-06 1.67456e-06 1.17912e-06 8.67962e-07 6.59408e-07 5.11834e-07 4.03782e-07 3.22573e-07 2.60286e-07 2.11739e-07 1.73407e-07 1.42817e-07 1.18188e-07 9.82076e-08 8.18943e-08 6.85002e-08 5.74488e-08 4.82904e-08 4.06711e-08 3.43096e-08 2.89807e-08 2.45031e-08 2.07297e-08 1.75409e-08 1.48391e-08 1.25445e-08 1.05916e-08 9.0537e-09
0.000196235 6.4205e-06 3.5065e-06 2.1327e-06 1.41367e-06 9.97559e-07 7.36255e-07 5.59352e-07 4.34136e-07 3.42443e-07 2.73527e-07 2.20672e-07 1.7948e-07 1.46961e-07 1.21014e-07 1.00126e-07 8.31844e-08 6.93545e-08 5.80015e-08 4.86359e-08 4.0876e-08 3.44214e-08 2.90333e-08 2.45207e-08 2.07297e-08 1.75355e-08 1.48367e-08 1.25506e-08 1.06093e-08 8.95742e-09 7.65566e-09
0.000169535 5.34963e-06 2.93361e-06 1.7921e-06 1.1923e-06 8.45934e-07 6.24416e-07 4.74386e-07 3.68166e-07 2.90374e-07 2.31906e-07 1.87066e-07 1.52124e-07 1.24541e-07 1.02536e-07 8.48247e-08 7.04613e-08 5.87379e-08 4.91156e-08 4.1179e-08 3.46043e-08 2.91363e-08 2.45725e-08 2.07509e-08 1.75409e-08 1.48367e-08 1.25523e-08 1.06175e-08 8.9748e-09 7.57726e-09 6.47528e-09
0.000145949 4.43719e-06 2.44595e-06 1.50251e-06 1.01023e-06 7.16894e-07 5.29207e-07 4.02051e-07 3.1201e-07 2.46062e-07 1.96495e-07 1.58483e-07 1.28864e-07 1.05486e-07 8.68366e-08 7.18278e-08 5.96578e-08 4.97259e-08 4.15751e-08 3.48531e-08 2.92852e-08 2.46552e-08 2.07913e-08 1.75562e-08 1.48391e-08 1.25506e-08 1.06175e-08 8.98045e-09 7.59076e-09 6.40862e-09 5.47604e-09
0.000125026 3.65798e-06 2.03041e-06 1.27143e-06 8.55024e-07 6.0682e-07 4.47969e-07 3.40329e-07 2.64099e-07 2.08264e-07 1.66298e-07 1.34116e-07 1.09041e-07 8.92511e-08 7.34655e-08 6.07623e-08 5.04627e-08 4.2058e-08 3.51611e-08 2.94738e-08 2.47633e-08 2.08467e-08 1.75784e-08 1.48423e-08 1.25445e-08 1.06093e-08 8.9748e-09 7.59076e-09 6.41595e-09 5.41669e-09 4.62813e-09
0.000106376 2.99194e-06 1.71534e-06 1.07418e-06 7.2241e-07 5.12721e-07 3.78507e-07 2.87555e-07 2.2314e-07 1.75958e-07 1.40496e-07 1.13302e-07 9.2114e-08 7.53922e-08 6.20547e-08 5.13221e-08 4.26206e-08 3.55204e-08 2.96942e-08 2.48901e-08 2.09113e-08 1.76032e-08 1.48429e-08 1.25321e-08 1.05916e-08 8.95742e-09 7.57726e-09 6.40862e-09 5.41669e-09 4.57304e-09 3.90713e-09
9.33046e-05 2.56605e-06 1.47221e-06 9.2231e-07 6.20367e-07 4.40273e-07 3.24967e-07 2.46819e-07 1.91476e-07 1.50945e-07 1.20488e-07 9.71385e-08 7.89508e-08 6.46007e-08 5.3158e-08 4.39527e-08 3.64916e-08 3.0405e-08 2.5412e-08 2.12959e-08 1.78879e-08 1.50551e-08 1.26919e-08 1.07141e-08 9.0537e-09 7.65566e-09 6.47528e-09 5.47604e-09 4.62813e-09 3.90713e-09 3.33758e-09
