0.370798 0.024142 0.0155713 0.0108302 0.00792791 0.00600575 0.00465685 0.00366999 0.00292604 0.0023529 0.00190419 0.00154863 0.00126426 0.0010352 0.000849634 0.000698636 0.000575318 0.000474308 0.000391367 0.000323122 0.000266868 0.000220423 0.000182015 0.000150202 0.000123806 0.000101856 8.35553e-05 6.82427e-05 5.53699e-05 4.44786e-05 3.68638e-05
0.024142 0.00333454 0.00200204 0.00128186 0.000860307 0.000598008 0.000426962 0.000311264 0.000230693 0.000173252 0.000131514 0.00010071 7.76808e-05 6.02807e-05 4.7016e-05 3.68276e-05 2.89518e-05 2.28302e-05 1.80492e-05 1.42993e-05 1.13469e-05 9.01423e-06 7.16517e-06 5.69472e-06 4.52158e-06 3.58249e-06 2.82807e-06 2.2197e-06 1.72722e-06 1.32726e-06 1.07124e-06
0.0155713 0.00200204 0.00114754 0.000709486 0.000464575 0.000317572 0.000224227 0.000162272 0.000119695 8.96191e-05 6.7902e-05 5.1942e-05 4.00445e-05 3.10712e-05 2.42381e-05 1.89927e-05 1.49387e-05 1.17873e-05 9.32536e-06 7.39356e-06 5.87183e-06 4.66885e-06 3.7147e-06 2.95551e-06 2.34955e-06 1.86437e-06 1.47466e-06 1.16068e-06 9.07111e-07 7.20958e-07 5.82283e-07
0.0108302 0.00128186 0.000709486 0.000426884 0.000274188 0.00018503 0.000129564 9.32784e-05 6.85859e-05 5.12563e-05 3.87959e-05 2.96633e-05 2.28664e-05 1.7745e-05 1.38467e-05 1.08547e-05 8.54203e-06 6.74389e-06 5.33866e-06 4.23562e-06 3.36639e-06 2.67898e-06 2.13359e-06 1.69955e-06 1.3531e-06 1.07579e-06 8.5322e-07 6.74217e-07 5.37454e-07 4.27192e-07 3.45136e-07
0.00792791 0.000860307 0.000464575 0.000274188 0.000173757 0.000116244 8.09698e-05 5.81158e-05 4.26598e-05 3.18539e-05 2.41017e-05 1.8427e-05 1.42064e-05 1.10269e-05 8.60695e-06 6.74931e-06 5.31321e-06 4.19636e-06 3.32336e-06 2.63794e-06 2.09772e-06 1.67045e-06 1.33144e-06 1.06168e-06 8.46419e-07 6.74222e-07 5.36182e-07 4.28255e-07 3.41444e-07 2.71407e-07 2.19281e-07
0.00600575 0.000598008 0.000317572 0.00018503 0.000116244 7.736e-05 5.37287e-05 3.85065e-05 2.82467e-05 2.10868e-05 1.59547e-05 1.21992e-05 9.40623e-06 7.30209e-06 5.70035e-06 4.47065e-06 3.51989e-06 2.78041e-06 2.20236e-06 1.74852e-06 1.39083e-06 1.10796e-06 8.83566e-07 7.05064e-07 5.62702e-07 4.48908e-07 3.58931e-07 2.86716e-07 2.28608e-07 1.81715e-07 1.4679e-07
0.00465685 0.000426962 0.000224227 0.000129564 8.09698e-05 5.37287e-05 3.72639e-05 2.66914e-05 1.95766e-05 1.46145e-05 1.10582e-05 8.45571e-06 6.51989e-06 5.06133e-06 3.95094e-06 3.09844e-06 2.43933e-06 1.92674e-06 1.5261e-06 1.2116e-06 9.6379e-07 7.6787e-07 6.1251e-07 4.88978e-07 3.90516e-07 3.12328e-07 2.49724e-07 1.99476e-07 1.59043e-07 1.26415e-07 1.02088e-07
0.00366999 0.000311264 0.000162272 9.32784e-05 5.81158e-05 3.85065e-05 2.66914e-05 1.91161e-05 1.40209e-05 1.04673e-05 7.92011e-06 6.05568e-06 4.6687e-06 3.62364e-06 2.82807e-06 2.21735e-06 1.74526e-06 1.3782e-06 1.09139e-06 8.66322e-07 6.8904e-07 5.48937e-07 4.37889e-07 3.49637e-07 2.79521e-07 2.23526e-07 1.78699e-07 1.42726e-07 1.13785e-07 9.04359e-08 7.30076e-08
0.00292604 0.000230693 0.000119695 6.85859e-05 4.26598e-05 2.82467e-05 1.95766e-05 1.40209e-05 1.0284e-05 7.67718e-06 5.80821e-06 4.44002e-06 3.42219e-06 2.65533e-06 2.07167e-06 1.62373e-06 1.27758e-06 1.00854e-06 7.98399e-07 6.33564e-07 5.03785e-07 4.01271e-07 3.20058e-07 2.55626e-07 2.04314e-07 1.63349e-07 1.30566e-07 1.04265e-07 8.31117e-08 6.60514e-08 5.33024e-08
0.0023529 0.000173252 8.96191e-05 5.12563e-05 3.18539e-05 2.10868e-05 1.46145e-05 1.04673e-05 7.67718e-06 5.73032e-06 4.33426e-06 3.31224e-06 2.552e-06 1.97935e-06 1.54362e-06 1.20934e-06 9.51131e-07 7.50529e-07 5.93915e-07 4.71125e-07 3.74497e-07 2.98207e-07 2.37832e-07 1.89893e-07 1.51732e-07 1.21278e-07 9.69153e-08 7.73779e-08 6.16702e-08 4.90068e-08 3.95327e-08
0.00190419 0.000131514 6.7902e-05 3.87959e-05 2.41017e-05 1.59547e-05 1.10582e-05 7.92011e-06 5.80821e-06 4.33426e-06 3.27723e-06 2.50347e-06 1.92802e-06 1.4947e-06 1.16511e-06 9.12368e-07 7.17233e-07 5.65707e-07 4.47467e-07 3.54811e-07 2.81934e-07 2.24439e-07 1.78933e-07 1.42817e-07 1.1408e-07 9.11569e-08 7.2827e-08 5.81335e-08 4.6325e-08 3.68091e-08 2.96819e-08
0.00154863 0.00010071 5.1942e-05 2.96633e-05 1.8427e-05 1.21992e-05 8.45571e-06 6.05568e-06 4.44002e-06 3.31224e-06 2.50347e-06 1.91153e-06 1.47144e-06 1.14017e-06 8.88313e-07 6.95271e-07 5.46304e-07 4.30687e-07 3.40516e-07 2.69891e-07 2.14377e-07 1.7059e-07 1.35951e-07 1.08472e-07 8.66171e-08 6.91921e-08 5.52646e-08 4.41049e-08 3.51402e-08 2.79192e-08 2.25051e-08
0.00126426 7.76808e-05 4.00445e-05 2.28664e-05 1.42064e-05 9.40623e-06 6.51989e-06 4.6687e-06 3.42219e-06 2.552e-06 1.92802e-06 1.47144e-06 1.1321e-06 8.76776e-07 6.82753e-07 5.34114e-07 4.1947e-07 3.30539e-07 2.61217e-07 2.06953e-07 1.64315e-07 1.30701e-07 1.04121e-07 8.30462e-08 6.62924e-08 5.29405e-08 4.22732e-08 3.37296e-08 2.68694e-08 2.13458e-08 1.72004e-08
0.0010352 6.02807e-05 3.10712e-05 1.7745e-05 1.10269e-05 7.30209e-06 5.06133e-06 3.62364e-06 2.65533e-06 1.97935e-06 1.4947e-06 1.14017e-06 8.76776e-07 6.78684e-07 5.28227e-07 4.13022e-07 3.24212e-07 2.55357e-07 2.01713e-07 1.5974e-07 1.26776e-07 1.00801e-07 8.02716e-08 6.40015e-08 5.10732e-08 4.07746e-08 3.25503e-08 2.59662e-08 2.06816e-08 1.64285e-08 1.32335e-08
0.000849634 4.7016e-05 2.42381e-05 1.38467e-05 8.60695e-06 5.70035e-06 3.95094e-06 2.82807e-06 2.07167e-06 1.54362e-06 1.16511e-06 8.88313e-07 6.82753e-07 5.28227e-07 4.10918e-07 3.2114e-07 2.51966e-07 1.98364e-07 1.56623e-07 1.23979e-07 9.83543e-08 7.81721e-08 6.22286e-08 4.95985e-08 3.9567e-08 3.15795e-08 2.52035e-08 2.01012e-08 1.60077e-08 1.27146e-08 1.02384e-08
0.000698636 3.68276e-05 1.89927e-05 1.08547e-05 6.74931e-06 4.47065e-06 3.09844e-06 2.21735e-06 1.62373e-06 1.20934e-06 9.12368e-07 6.95271e-07 5.34114e-07 4.13022e-07 3.2114e-07 2.50856e-07 1.96731e-07 1.5481e-07 1.2218e-07 9.66749e-08 7.6663e-08 6.09088e-08 4.84688e-08 3.86185e-08 3.07982e-08 2.4574e-08 1.96076e-08 1.56349e-08 1.2449e-08 9.88708e-09 7.95907e-09
0.000575318 2.89518e-05 1.49387e-05 8.54203e-06 5.31321e-06 3.51989e-06 2.43933e-06 1.74526e-06 1.27758e-06 9.51131e-07 7.17233e-07 5.46304e-07 4.1947e-07 3.24212e-07 2.51966e-07 1.96731e-07 1.54214e-07 1.213e-07 9.56932e-08 7.56865e-08 5.99962e-08 4.76495e-08 3.79045e-08 3.01913e-08 2.40703e-08 1.92005e-08 1.53164e-08 1.22107e-08 9.72106e-09 7.71987e-09 6.21256e-09
0.000474308 2.28302e-05 1.17873e-05 6.74389e-06 4.19636e-06 2.78041e-06 1.92674e-06 1.3782e-06 1.00854e-06 7.50529e-07 5.65707e-07 4.30687e-07 3.30539e-07 2.55357e-07 1.98364e-07 1.5481e-07 1.213e-07 9.53702e-08 7.52069e-08 5.94602e-08 4.71162e-08 3.74069e-08 2.97467e-08 2.36861e-08 1.88785e-08 1.50551e-08 1.20068e-08 9.57029e-09 7.61786e-09 6.04912e-09 4.86659e-09
0.000391367 1.80492e-05 9.32536e-06 5.33866e-06 3.32336e-06 2.20236e-06 1.5261e-06 1.09139e-06 7.98399e-07 5.93915e-07 4.47467e-07 3.40516e-07 2.61217e-07 2.01713e-07 1.56623e-07 1.2218e-07 9.56932e-08 7.52069e-08 5.92835e-08 4.68533e-08 3.71132e-08 2.94552e-08 2.34158e-08 1.86394e-08 1.4852e-08 1.1841e-08 9.44133e-09 7.52403e-09 5.9882e-09 4.75466e-09 3.82409e-09
0.000323122 1.42993e-05 7.39356e-06 4.23562e-06 2.63794e-06 1.74852e-06 1.2116e-06 8.66322e-07 6.33564e-07 4.71125e-07 3.54811e-07 2.69891e-07 2.06953e-07 1.5974e-07 1.23979e-07 9.66749e-08 7.56865e-08 5.94602e-08 4.68533e-08 3.70161e-08 2.9311e-08 2.32553e-08 1.84813e-08 1.47072e-08 1.17156e-08 9.33815e-09 7.44408e-09 5.93129e-09 4.71993e-09 3.74734e-09 3.0131e-09
0.000266868 1.13469e-05 5.87183e-06 3.36639e-06 2.09772e-06 1.39083e-06 9.6379e-07 6.8904e-07 5.03785e-07 3.74497e-07 2.81934e-07 2.14377e-07 1.64315e-07 1.26776e-07 9.83543e-08 7.6663e-08 5.99962e-08 4.71162e-08 3.71132e-08 2.9311e-08 2.32021e-08 1.84027e-08 1.46206e-08 1.16316e-08 9.26316e-09 7.38165e-09 5.88318e-09 4.68677e-09 3.72909e-09 2.96045e-09 2.37976e-09
0.000220423 9.01423e-06 4.66885e-06 2.67898e-06 1.67045e-06 1.10796e-06 7.6787e-07 5.48937e-07 4.01271e-07 2.98207e-07 2.24439e-07 1.7059e-07 1.30701e-07 1.00801e-07 7.81721e-08 6.09088e-08 4.76495e-08 3.74069e-08 2.94552e-08 2.32553e-08 1.84027e-08 1.45917e-08 1.15895e-08 9.21772e-09 7.33898e-09 5.84697e-09 4.6591e-09 3.711e-09 2.95232e-09 2.34361e-09 1.88345e-09
0.000182015 7.16517e-06 3.7147e-06 2.13359e-06 1.33144e-06 8.83566e-07 6.1251e-07 4.37889e-07 3.20058e-07 2.37832e-07 1.78933e-07 1.35951e-07 1.04121e-07 8.02716e-08 6.22286e-08 4.84688e-08 3.79045e-08 2.97467e-08 2.34158e-08 1.84813e-08 1.46206e-08 1.15895e-08 9.20251e-09 7.31735e-09 5.82455e-09 4.63942e-09 3.69617e-09 2.94354e-09 2.34148e-09 1.85858e-09 1.49329e-09
0.000150202 5.69472e-06 2.95551e-06 1.69955e-06 1.06168e-06 7.05064e-07 4.88978e-07 3.49637e-07 2.55626e-07 1.89893e-07 1.42817e-07 1.08472e-07 8.30462e-08 6.40015e-08 4.95985e-08 3.86185e-08 3.01913e-08 2.36861e-08 1.86394e-08 1.47072e-08 1.16316e-08 9.21772e-09 7.31735e-09 5.81697e-09 4.62922e-09 3.68655e-09 2.93649e-09 2.3382e-09 1.85974e-09 1.4761e-09 1.18571e-09
0.000123806 4.52158e-06 2.34955e-06 1.3531e-06 8.46419e-07 5.62702e-07 3.90516e-07 2.79521e-07 2.04314e-07 1.51732e-07 1.1408e-07 8.66171e-08 6.62924e-08 5.10732e-08 3.9567e-08 3.07982e-08 2.40703e-08 1.88785e-08 1.4852e-08 1.17156e-08 9.26316e-09 7.33898e-09 5.82455e-09 4.62922e-09 3.68322e-09 2.93263e-09 2.33557e-09 1.85944e-09 1.47879e-09 1.17366e-09 9.42574e-10
0.000101856 3.58249e-06 1.86437e-06 1.07579e-06 6.74222e-07 4.48908e-07 3.12328e-07 2.23526e-07 1.63349e-07 1.21278e-07 9.11569e-08 6.91921e-08 5.29405e-08 4.07746e-08 3.15795e-08 2.4574e-08 1.92005e-08 1.50551e-08 1.1841e-08 9.33815e-09 7.38165e-09 5.84697e-09 4.63942e-09 3.68655e-09 2.93263e-09 2.33458e-09 1.85899e-09 1.47983e-09 1.17677e-09 9.33908e-10 7.49881e-10
8.35553e-05 2.82807e-06 1.47466e-06 8.5322e-07 5.36182e-07 3.58931e-07 2.49724e-07 1.78699e-07 1.30566e-07 9.69153e-08 7.2827e-08 5.52646e-08 4.22732e-08 3.25503e-08 2.52035e-08 1.96076e-08 1.53164e-08 1.20068e-08 9.44133e-09 7.44408e-09 5.88318e-09 4.6591e-09 3.69617e-09 2.93649e-09 2.33557e-09 1.85899e-09 1.48008e-09 1.17807e-09 9.36727e-10 7.43366e-10 5.96784e-10
6.82427e-05 2.2197e-06 1.16068e-06 6.74217e-07 4.28255e-07 2.86716e-07 1.99476e-07 1.42726e-07 1.04265e-07 7.73779e-08 5.81335e-08 4.41049e-08 3.37296e-08 2.59662e-08 2.01012e-08 1.56349e-08 1.22107e-08 9.57029e-09 7.52403e-09 5.93129e-09 4.68677e-09 3.711e-09 2.94354e-09 2.3382e-09 1.85944e-09 1.47983e-09 1.17807e-09 9.37587e-10 7.45457e-10 5.91554e-10 4.74838e-10
5.53699e-05 1.72722e-06 9.07111e-07 5.37454e-07 3.41444e-07 2.28608e-07 1.59043e-07 1.13785e-07 8.31117e-08 6.16702e-08 4.6325e-08 3.51402e-08 2.68694e-08 2.06816e-08 1.60077e-08 1.2449e-08 9.72106e-09 7.61786e-09 5.9882e-09 4.71993e-09 3.72909e-09 2.95232e-09 2.34148e-09 1.85974e-09 1.47879e-09 1.17677e-09 9.36727e-10 7.45457e-10 5.92666e-10 4.70293e-10 3.7746e-10
4.44786e-05 1.32726e-06 7.20958e-07 4.27192e-07 2.71407e-07 1.81715e-07 1.26415e-07 9.04359e-08 6.60514e-08 4.90068e-08 3.68091e-08 2.79192e-08 2.13458e-08 1.64285e-08 1.27146e-08 9.88708e-09 7.71987e-09 6.04912e-09 4.75466e-09 3.74734e-09 2.96045e-09 2.34361e-09 1.85858e-09 1.4761e-09 1.17366e-09 9.33908e-10 7.43366e-10 5.91554e-10 4.70293e-10 3.7318e-10 2.99498e-10
3.68638e-05 1.07124e-06 5.82283e-07 3.45136e-07 2.19281e-07 1.4679e-07 1.02088e-07 7.30076e-08 5.33024e-08 3.95327e-08 2.96819e-08 2.25051e-08 1.72004e-08 1.32335e-08 1.02384e-08 7.95907e-09 6.21256e-09 4.86659e-09 3.82409e-09 3.0131e-09 2.37976e-09 1.88345e-09 1.49329e-09 1.18571e-09 9.42574e-10 7.49881e-10 5.96784e-10 4.74838e-10 3.7746e-10 2.99498e-10 2.40313e-10
