0.429296 0.109157 0.0451353 0.018663 0.00771696 0.00319088 0.0013194 0.000545557 0.000225582 9.3276e-05 3.85687e-05 1.59477e-05 6.59423e-06 2.72665e-06 1.12744e-06 4.66185e-07 1.92763e-07 7.97054e-08 3.29574e-08 1.36275e-08 5.63484e-09 2.32995e-09 9.6341e-10 3.9836e-10 1.64718e-10 6.81092e-11 2.81624e-11 1.16449e-11 4.81504e-12 1.99097e-12 8.23245e-13 3.40403e-13 1.40753e-13 5.82001e-14 2.40651e-14 9.95068e-15 4.11451e-15 1.70131e-15 7.03472e-16 2.90879e-16 1.20275e-16 4.97326e-17 2.05639e-17 8.50297e-18 3.51589e-18 1.45379e-18 6.01125e-19 2.48559e-19 1.02777e-19 4.24971e-20 1.75721e-20 7.26589e-21 3.00437e-21 1.24228e-21 5.13668e-22 2.12397e-22 8.78238e-23 3.63142e-23 1.50156e-23 6.20878e-24 2.56727e-24 1.06154e-24 4.38936e-25 1.81495e-25 7.50465e-26 3.10309e-26 1.2831e-26 5.30548e-27 2.19376e-27 9.07097e-28 3.75075e-28 1.5509e-28 6.41281e-29 2.65163e-29 1.09642e-29 4.53359e-30 1.87459e-30 7.75125e-31 3.20506e-31 1.32526e-31 5.47982e-32 2.26585e-32 9.36905e-33 3.874e-33 1.60186e-33 6.62353e-34 2.73876e-34 1.13245e-34 4.68256e-35 1.93619e-35 8.00596e-36 3.31038e-36 1.36881e-36 5.65988e-37 2.3403e-37 9.67691e-38 4.0013e-38 1.6545e-38 6.84118e-39 2.82876e-39 1.16966e-39
0.109157 0.047519 0.0236186 0.0114076 0.00539571 0.00251173 0.00115463 0.000525413 0.000237095 0.000106241 4.73218e-05 2.09698e-05 9.25082e-06 4.06495e-06 1.77998e-06 7.77009e-07 3.3824e-07 1.4687e-07 6.36279e-08 2.75082e-08 1.187e-08 5.11305e-09 2.19893e-09 9.44275e-10 4.04936e-10 1.73428e-10 7.41877e-11 3.17001e-11 1.35312e-11 5.77013e-12 2.4583e-12 1.04642e-12 4.45066e-13 1.89149e-13 8.0328e-14 3.40901e-14 1.44578e-14 6.12779e-15 2.59566e-15 1.09886e-15 4.64947e-16 1.96625e-16 8.31113e-17 3.51136e-17 1.48284e-17 6.25925e-18 2.64101e-18 1.11389e-18 4.69623e-19 1.97922e-19 8.33844e-20 3.51177e-20 1.47851e-20 6.22274e-21 2.61822e-21 1.10129e-21 4.63097e-22 1.9468e-22 8.18189e-23 3.43774e-23 1.44405e-23 6.06437e-24 2.54616e-24 1.06878e-24 4.48529e-25 1.88192e-25 7.89439e-26 3.31091e-26 1.38832e-26 5.82037e-27 2.43965e-27 1.02241e-27 4.28398e-28 1.7947e-28 7.51736e-29 3.14823e-29 1.31825e-29 5.519e-30 2.31024e-30 9.66917e-31 4.0463e-31 1.69303e-31 7.08293e-32 2.9628e-32 1.23918e-32 5.18212e-33 2.16684e-33 9.05928e-34 3.78711e-34 1.58296e-34 6.6158e-35 2.76468e-35 1.15521e-35 4.82645e-36 2.01627e-36 8.42219e-37 3.51768e-37 1.46908e-37 6.13466e-38 2.5615e-38 1.06944e-38
0.0451353 0.0236186 0.0131359 0.00696933 0.0035773 0.00179147 0.000880092 0.000425744 0.000203354 9.61004e-05 4.50032e-05 2.09095e-05 9.64835e-06 4.42511e-06 2.01858e-06 9.16356e-07 4.14174e-07 1.86457e-07 8.36385e-08 3.73934e-08 1.66672e-08 7.40816e-09 3.2842e-09 1.45245e-09 6.40905e-10 2.82212e-10 1.24024e-10 5.44042e-11 2.38236e-11 1.04154e-11 4.54645e-12 1.9817e-12 8.62589e-13 3.74975e-13 1.62803e-13 7.06008e-14 3.05822e-14 1.32331e-14 5.72021e-15 2.47023e-15 1.06575e-15 4.59397e-16 1.97855e-16 8.51431e-17 3.66107e-17 1.57303e-17 6.75385e-18 2.89774e-18 1.24244e-18 5.3236e-19 2.27963e-19 9.75572e-20 4.17254e-20 1.78359e-20 7.61998e-21 3.25373e-21 1.38863e-21 5.92349e-22 2.52557e-22 1.07631e-22 4.5848e-23 1.95215e-23 8.30846e-24 3.53467e-24 1.50315e-24 6.38978e-25 2.71522e-25 1.15336e-25 4.89741e-26 2.07882e-26 8.82104e-27 3.74178e-27 1.5867e-27 6.72631e-28 2.85052e-28 1.20765e-28 5.11483e-29 2.16569e-29 9.1673e-30 3.87943e-30 1.64126e-30 6.94186e-31 2.93537e-31 1.24091e-31 5.24464e-32 2.21608e-32 9.3617e-33 3.95389e-33 1.66955e-33 7.04818e-34 2.97483e-34 1.25533e-34 5.29618e-35 2.23399e-35 9.42137e-36 3.97249e-36 1.67467e-36 7.05855e-37 2.97455e-37 1.25329e-37 5.27963e-38
0.018663 0.0114076 0.00696933 0.00399535 0.00219311 0.00116606 0.000604926 0.000307708 0.000154012 7.60466e-05 3.71174e-05 1.79359e-05 8.5913e-06 4.08344e-06 1.92749e-06 9.04191e-07 4.21785e-07 1.95753e-07 9.04274e-08 4.15945e-08 1.90573e-08 8.69974e-09 3.95807e-09 1.79512e-09 8.11768e-10 3.66081e-10 1.64666e-10 7.38894e-11 3.30803e-11 1.47783e-11 6.58862e-12 2.93177e-12 1.30218e-12 5.7738e-13 2.55585e-13 1.1296e-13 4.98503e-14 2.19678e-14 9.6675e-15 4.24886e-15 1.86504e-15 8.17675e-16 3.58075e-16 1.56634e-16 6.8444e-17 2.98773e-17 1.30292e-17 5.67654e-18 2.47088e-18 1.07457e-18 4.66927e-19 2.02724e-19 8.79456e-20 3.81232e-20 1.65135e-20 7.14788e-21 3.0918e-21 1.33644e-21 5.77302e-22 2.49218e-22 1.07519e-22 4.63586e-23 1.99766e-23 8.60332e-24 3.70314e-24 1.59309e-24 6.84989e-25 2.94378e-25 1.26448e-25 5.42886e-26 2.3297e-26 9.99291e-27 4.28439e-27 1.8361e-27 7.86537e-28 3.36791e-28 1.44153e-28 6.16761e-29 2.63779e-29 1.12771e-29 4.81944e-30 2.05891e-30 8.79271e-31 3.75369e-31 1.60194e-31 6.83424e-32 2.91469e-32 1.24267e-32 5.29645e-33 2.25674e-33 9.61272e-34 4.0934e-34 1.7426e-34 7.41631e-35 3.15543e-35 1.34218e-35 5.70752e-36 2.42645e-36 1.0313e-36 4.38214e-37 1.86158e-37
0.00771696 0.00539571 0.0035773 0.00219311 0.00127587 0.000714513 0.000388617 0.000206498 0.000107648 5.52254e-05 2.79466e-05 1.39758e-05 6.91702e-06 3.39216e-06 1.64997e-06 7.96672e-07 3.82112e-07 1.82167e-07 8.63659e-08 4.07384e-08 1.91261e-08 8.94052e-09 4.16241e-09 1.93061e-09 8.92314e-10 4.11066e-10 1.88784e-10 8.64478e-11 3.94778e-11 1.79816e-11 8.17032e-12 3.70374e-12 1.67527e-12 7.56169e-13 3.40632e-13 1.53153e-13 6.87349e-14 3.07946e-14 1.37737e-14 6.15087e-15 2.74258e-15 1.22109e-15 5.42905e-16 2.41054e-16 1.06891e-16 4.73393e-17 2.09402e-17 9.25195e-18 4.08318e-18 1.80009e-18 7.92746e-19 3.48766e-19 1.53288e-19 6.73089e-20 2.95282e-20 1.29424e-20 5.66784e-21 2.48003e-21 1.08428e-21 4.73682e-22 2.06775e-22 9.01957e-23 3.93151e-23 1.71248e-23 7.45411e-24 3.24247e-24 1.40953e-24 6.12345e-25 2.65859e-25 1.15357e-25 5.00246e-26 2.16808e-26 9.39124e-27 4.0657e-27 1.7592e-27 7.608e-28 3.28856e-28 1.42077e-28 6.13526e-29 2.64811e-29 1.14245e-29 4.92654e-30 2.1235e-30 9.14905e-31 3.94016e-31 1.69618e-31 7.2988e-32 3.13948e-32 1.34988e-32 5.80182e-33 2.4927e-33 1.07057e-33 4.59627e-34 1.97261e-34 8.463e-35 3.62961e-35 1.55614e-35 6.66955e-36 2.85761e-36 1.22397e-36 5.24089e-37
0.00319088 0.00251173 0.00179147 0.00116606 0.000714513 0.000419151 0.000237827 0.000131414 7.10546e-05 3.77256e-05 1.97212e-05 1.01716e-05 5.18479e-06 2.61542e-06 1.3071e-06 6.47794e-07 3.1862e-07 1.55637e-07 7.55452e-08 3.64569e-08 1.74995e-08 8.3582e-09 3.97372e-09 1.8811e-09 8.86911e-10 4.16591e-10 1.94985e-10 9.09586e-11 4.22979e-11 1.96111e-11 9.06693e-12 4.18078e-12 1.92288e-12 8.82261e-13 4.03871e-13 1.84473e-13 8.40839e-14 3.82491e-14 1.73658e-14 7.86991e-15 3.56022e-15 1.60786e-15 7.24956e-16 3.26358e-16 1.46697e-16 6.58441e-17 2.95124e-17 1.321e-17 5.90521e-18 2.63645e-18 1.17564e-18 5.23619e-19 2.32949e-19 1.0352e-19 4.59541e-20 2.03785e-20 9.02779e-21 3.99545e-21 1.7666e-21 7.80384e-22 3.4442e-22 1.51877e-22 6.69151e-23 2.94577e-23 1.29576e-23 5.6952e-24 2.50128e-24 1.09772e-24 4.81404e-25 2.10969e-25 9.23906e-26 4.04338e-26 1.76838e-26 7.72911e-27 3.37606e-27 1.47375e-27 6.42954e-28 2.80337e-28 1.22161e-28 5.32037e-29 2.31586e-29 1.00751e-29 4.38088e-30 1.90392e-30 8.27024e-31 3.59065e-31 1.55818e-31 6.75862e-32 2.93019e-32 1.26981e-32 5.50027e-33 2.38145e-33 1.03065e-33 4.45862e-34 1.92801e-34 8.33377e-35 3.60082e-35 1.55522e-35 6.71451e-36 2.89784e-36 1.25018e-36
0.0013194 0.00115463 0.000880092 0.000604926 0.000388617 0.000237827 0.000140259 8.03217e-05 4.49036e-05 2.46021e-05 1.32492e-05 7.02973e-06 3.68143e-06 1.90579e-06 9.7645e-07 4.95668e-07 2.49504e-07 1.24634e-07 6.18227e-08 3.04689e-08 1.49272e-08 7.27277e-09 3.52526e-09 1.7006e-09 8.16704e-10 3.90573e-10 1.86048e-10 8.82934e-11 4.17548e-11 1.96807e-11 9.24711e-12 4.33185e-12 2.02352e-12 9.42682e-13 4.3803e-13 2.03036e-13 9.38903e-14 4.33203e-14 1.99446e-14 9.1635e-15 4.20181e-15 1.92302e-15 8.78486e-16 4.00609e-16 1.82376e-16 8.28905e-17 3.76146e-17 1.7043e-17 7.71071e-18 3.48358e-18 1.57166e-18 7.08131e-19 3.18646e-19 1.43206e-19 6.42813e-20 2.88204e-20 1.29068e-20 5.77373e-21 2.58004e-21 1.15171e-21 5.13592e-22 2.28804e-22 1.01834e-22 4.52806e-23 2.01158e-23 8.92842e-24 3.95947e-24 1.75442e-24 7.7673e-25 3.43605e-25 1.51882e-25 6.70846e-26 2.96083e-26 1.30583e-26 5.75508e-27 2.53462e-27 1.11552e-27 4.90628e-28 2.15648e-28 9.47239e-29 4.15818e-29 1.82424e-29 7.99833e-30 3.50479e-30 1.53489e-30 6.71809e-31 2.93884e-31 1.2849e-31 5.61481e-32 2.4523e-32 1.07051e-32 4.6708e-33 2.03694e-33 8.87883e-34 3.86837e-34 1.68461e-34 7.33282e-35 3.19043e-35 1.38751e-35 6.03163e-36 2.62089e-36
0.000545557 0.000525413 0.000425744 0.000307708 0.000206498 0.000131414 8.03217e-05 4.7545e-05 2.74149e-05 1.54643e-05 8.5612e-06 4.66329e-06 2.50423e-06 1.32796e-06 6.96324e-07 3.61442e-07 1.85901e-07 9.48189e-08 4.79934e-08 2.41218e-08 1.20451e-08 5.97849e-09 2.95076e-09 1.44877e-09 7.07845e-10 3.44253e-10 1.66701e-10 8.03948e-11 3.8623e-11 1.84876e-11 8.81892e-12 4.19301e-12 1.98739e-12 9.3918e-13 4.42573e-13 2.07992e-13 9.74959e-14 4.5588e-14 2.1266e-14 9.89766e-15 4.59654e-15 2.13019e-15 9.85211e-16 4.54774e-16 2.09532e-16 9.6365e-17 4.42418e-17 2.02775e-17 9.2788e-18 4.23922e-18 1.93384e-18 8.80875e-19 4.00672e-19 1.81997e-19 8.25575e-20 3.74011e-20 1.69224e-20 7.64733e-21 3.45175e-21 1.5562e-21 7.00812e-22 3.15255e-22 1.41664e-22 6.35925e-23 2.85175e-23 1.27759e-23 5.71809e-24 2.55684e-24 1.14225e-24 5.09833e-25 2.27362e-25 1.01307e-25 4.51022e-26 2.00634e-26 8.91796e-27 3.96087e-27 1.75786e-27 7.79575e-28 3.45474e-28 1.5299e-28 6.77033e-29 2.99406e-29 1.32319e-29 5.84382e-30 2.57926e-30 1.13768e-30 5.0151e-31 2.20941e-31 9.7278e-32 4.28057e-32 1.88253e-32 8.27444e-33 3.63494e-33 1.59596e-33 7.00354e-34 3.07176e-34 1.34659e-34 5.9002e-35 2.58395e-35 1.13107e-35 4.9487e-36
0.000225582 0.000237095 0.000203354 0.000154012 0.000107648 7.10546e-05 4.49036e-05 2.74149e-05 1.62718e-05 9.43241e-06 5.35862e-06 2.99158e-06 1.64476e-06 8.92113e-07 4.78053e-07 2.53395e-07 1.32993e-07 6.91747e-08 3.56848e-08 1.82693e-08 9.28782e-09 4.69114e-09 2.35512e-09 1.17569e-09 5.8381e-10 2.88466e-10 1.41869e-10 6.94652e-11 3.38719e-11 1.64513e-11 7.96047e-12 3.83828e-12 1.84446e-12 8.83495e-13 4.21898e-13 2.00881e-13 9.53792e-14 4.51652e-14 2.13323e-14 1.00508e-14 4.72425e-15 2.21553e-15 1.03674e-15 4.84113e-16 2.256e-16 1.04926e-16 4.8708e-17 2.25697e-17 1.04396e-17 4.82058e-18 2.22226e-18 1.02281e-18 4.70028e-19 2.15673e-19 9.88179e-20 4.52126e-20 2.06579e-20 9.42608e-21 4.29549e-21 1.95499e-21 8.88677e-22 4.03482e-22 1.82978e-22 8.28856e-23 3.75043e-23 1.69517e-23 7.65406e-24 3.45243e-24 1.55569e-24 7.00321e-25 3.14962e-25 1.41519e-25 6.35296e-26 2.84939e-26 1.27688e-26 5.71716e-27 2.5577e-27 1.14331e-27 5.10664e-28 2.27912e-28 1.01641e-28 4.52944e-29 2.01699e-29 8.97534e-30 3.99111e-30 1.77352e-30 7.87566e-31 3.49502e-31 1.54999e-31 6.86964e-32 3.04275e-32 1.34689e-32 5.95849e-33 2.63441e-33 1.16407e-33 5.14074e-34 2.26897e-34 1.00091e-34 4.4129e-35 1.94456e-35 8.56434e-36
9.3276e-05 0.000106241 9.61004e-05 7.60466e-05 5.52254e-05 3.77256e-05 2.46021e-05 1.54643e-05 9.43241e-06 5.61015e-06 3.26583e-06 1.86609e-06 1.04902e-06 5.81247e-07 3.17928e-07 1.71888e-07 9.19572e-08 4.8725e-08 2.55914e-08 1.33326e-08 6.89421e-09 3.54024e-09 1.80623e-09 9.15982e-10 4.61896e-10 2.31684e-10 1.15632e-10 5.74395e-11 2.8406e-11 1.39888e-11 6.86137e-12 3.35268e-12 1.63232e-12 7.91991e-13 3.83009e-13 1.84643e-13 8.8747e-14 4.25329e-14 2.03282e-14 9.68997e-15 4.60726e-15 2.18525e-15 1.03404e-15 4.88191e-16 2.29982e-16 1.08114e-16 5.0721e-17 2.37486e-17 1.10985e-17 5.17717e-18 2.41072e-18 1.12061e-18 5.20036e-19 2.40941e-19 1.11456e-19 5.14796e-20 2.37423e-20 1.09342e-20 5.02851e-21 2.30942e-21 1.05923e-21 4.85197e-22 2.21973e-22 1.01426e-22 4.62897e-23 2.11014e-23 9.60833e-24 4.37022e-24 1.98559e-24 9.01196e-25 4.08603e-25 1.85075e-25 8.37463e-26 3.78588e-26 1.70986e-26 7.71535e-27 3.47825e-27 1.56669e-27 7.05071e-28 3.17041e-28 1.42443e-28 6.39462e-29 2.86843e-29 1.28569e-29 5.75838e-30 2.57714e-30 1.15255e-30 5.15073e-31 2.30024e-31 1.02654e-31 4.57811e-32 2.04036e-32 9.08749e-33 4.04485e-33 1.79923e-33 7.9984e-34 3.55349e-34 1.57778e-34 7.0014e-35 3.10507e-35 1.3763e-35
3.85687e-05 4.73218e-05 4.50032e-05 3.71174e-05 2.79466e-05 1.97212e-05 1.32492e-05 8.5612e-06 5.35862e-06 3.26583e-06 1.94563e-06 1.13651e-06 6.52513e-07 3.68945e-07 2.05777e-07 1.13366e-07 6.17622e-08 3.33076e-08 1.77955e-08 9.42648e-09 4.95381e-09 2.58422e-09 1.33887e-09 6.89233e-10 3.52686e-10 1.79458e-10 9.08308e-11 4.57438e-11 2.29286e-11 1.14414e-11 5.68506e-12 2.81344e-12 1.38699e-12 6.81271e-13 3.33463e-13 1.62677e-13 7.91077e-14 3.83514e-14 1.85383e-14 8.93585e-15 4.29563e-15 2.05962e-15 9.85054e-16 4.69986e-16 2.23717e-16 1.06252e-16 5.03542e-17 2.38135e-17 1.12391e-17 5.29406e-18 2.48898e-18 1.16803e-18 5.47161e-19 2.55873e-19 1.19455e-19 5.56774e-20 2.59099e-20 1.20388e-20 5.58539e-21 2.58756e-21 1.19705e-21 5.53017e-22 2.55141e-22 1.17558e-22 5.40971e-23 2.48631e-23 1.14132e-23 5.23298e-24 2.39655e-24 1.09632e-24 5.00964e-25 2.2867e-25 1.04269e-25 4.7496e-26 2.16132e-26 9.82553e-27 4.46246e-27 2.02481e-27 9.17893e-28 4.15727e-28 1.88123e-28 8.50545e-29 3.84224e-29 1.73425e-29 7.82136e-30 3.52458e-30 1.58705e-30 7.14068e-31 3.21042e-31 1.44232e-31 6.47507e-32 2.90481e-32 1.30223e-32 5.83387e-33 2.61175e-33 1.16848e-33 5.22424e-34 2.33425e-34 1.04231e-34 4.65136e-35 2.07442e-35
1.59477e-05 2.09698e-05 2.09095e-05 1.79359e-05 1.39758e-05 1.01716e-05 7.02973e-06 4.66329e-06 2.99158e-06 1.86609e-06 1.13651e-06 6.77982e-07 3.97167e-07 2.28948e-07 1.30093e-07 7.29694e-08 4.04506e-08 2.21848e-08 1.20481e-08 6.48418e-09 3.46065e-09 1.83269e-09 9.63561e-10 5.03196e-10 2.61125e-10 1.34703e-10 6.91004e-11 3.52607e-11 1.79034e-11 9.04747e-12 4.55169e-12 2.28018e-12 1.13764e-12 5.65405e-13 2.79971e-13 1.38145e-13 6.79347e-14 3.33e-14 1.62724e-14 7.92801e-15 3.85155e-15 1.866e-15 9.01648e-16 4.34564e-16 2.08931e-16 1.00212e-16 4.79555e-17 2.28979e-17 1.09099e-17 5.18734e-18 2.46148e-18 1.16574e-18 5.51045e-19 2.60002e-19 1.2246e-19 5.75789e-20 2.70274e-20 1.26659e-20 5.92624e-21 2.76855e-21 1.29144e-21 6.01537e-22 2.79789e-22 1.29956e-22 6.02803e-23 2.79242e-23 1.2919e-23 5.96937e-24 2.75485e-24 1.26983e-24 5.84637e-25 2.68862e-25 1.23506e-25 5.66726e-26 2.59772e-26 1.18948e-26 5.44102e-27 2.48638e-27 1.13508e-27 5.17693e-28 2.35889e-28 1.07385e-28 4.88411e-29 2.21944e-29 1.00768e-29 4.57126e-30 2.07198e-30 9.38378e-31 4.2464e-31 1.92009e-31 8.67535e-32 3.91671e-32 1.76698e-32 7.96566e-33 3.58839e-33 1.61536e-33 7.26671e-34 3.2667e-34 1.46753e-34 6.58839e-35 2.95589e-35
6.59423e-06 9.25082e-06 9.64835e-06 8.5913e-06 6.91702e-06 5.18479e-06 3.68143e-06 2.50423e-06 1.64476e-06 1.04902e-06 6.52513e-07 3.97167e-07 2.3719e-07 1.39283e-07 8.05668e-08 4.59747e-08 2.5914e-08 1.44435e-08 7.96787e-09 4.35405e-09 2.3585e-09 1.2672e-09 6.75708e-10 3.57766e-10 1.88173e-10 9.83575e-11 5.11105e-11 2.64124e-11 1.35779e-11 6.94549e-12 3.53614e-12 1.79231e-12 9.04582e-13 4.54694e-13 2.27671e-13 1.13576e-13 5.64579e-14 2.79697e-14 1.38113e-14 6.79866e-15 3.33661e-15 1.63279e-15 7.96794e-16 3.87788e-16 1.88243e-16 9.11502e-17 4.40299e-17 2.12189e-17 1.02028e-17 4.89515e-18 2.34365e-18 1.11977e-18 5.33953e-19 2.54119e-19 1.20714e-19 5.72388e-20 2.70929e-20 1.28018e-20 6.03899e-21 2.84413e-21 1.33736e-21 6.2788e-22 2.94343e-22 1.37783e-22 6.44043e-23 3.00629e-23 1.40139e-23 6.52392e-24 3.03317e-24 1.40843e-24 6.5319e-25 3.02565e-25 1.39986e-25 6.46919e-26 2.98624e-26 1.37696e-26 6.34228e-27 2.91818e-27 1.34131e-27 6.1589e-28 2.82518e-28 1.29469e-28 5.92751e-29 2.71126e-29 1.239e-29 5.65692e-30 2.58051e-30 1.17613e-30 5.35592e-31 2.43697e-31 1.10793e-31 5.03295e-32 2.28449e-32 1.03614e-32 4.69591e-33 2.12663e-33 9.62378e-34 4.35195e-34 1.96659e-34 8.8805e-35 4.0074e-35
2.72665e-06 4.06495e-06 4.42511e-06 4.08344e-06 3.39216e-06 2.61542e-06 1.90579e-06 1.32796e-06 8.92113e-07 5.81247e-07 3.68945e-07 2.28948e-07 1.39283e-07 8.32576e-08 4.89916e-08 2.8423e-08 1.62794e-08 9.2155e-09 5.16099e-09 2.86186e-09 1.57249e-09 8.56719e-10 4.63073e-10 2.48455e-10 1.32385e-10 7.00807e-11 3.6872e-11 1.92878e-11 1.00344e-11 5.19337e-12 2.67467e-12 1.37107e-12 6.99708e-13 3.55573e-13 1.79962e-13 9.07294e-14 4.55727e-14 2.28095e-14 1.13775e-14 5.65661e-15 2.80348e-15 1.38523e-15 6.82464e-16 3.35287e-16 1.64276e-16 8.0278e-17 3.91308e-17 1.90274e-17 9.23024e-18 4.46736e-18 2.15738e-18 1.0396e-18 4.99923e-19 2.39917e-19 1.14912e-19 5.49339e-20 2.62126e-20 1.24853e-20 5.93642e-21 2.8178e-21 1.33528e-21 6.31734e-22 2.98408e-22 1.40741e-22 6.62792e-23 3.11674e-23 1.46354e-23 6.86284e-24 3.21375e-24 1.50295e-24 7.01961e-25 3.27439e-25 1.52549e-25 7.09842e-26 3.29913e-26 1.53155e-26 7.10184e-27 3.28948e-27 1.52198e-27 7.03443e-28 3.24784e-28 1.49801e-28 6.90237e-29 3.17727e-29 1.46114e-29 6.71298e-30 3.08132e-30 1.41306e-30 6.47437e-31 2.96382e-31 1.3556e-31 6.19503e-32 2.82874e-32 1.29059e-32 5.88347e-33 2.68001e-33 1.21983e-33 5.54798e-34 2.52141e-34 1.14506e-34 5.19639e-35
1.12744e-06 1.77998e-06 2.01858e-06 1.92749e-06 1.64997e-06 1.3071e-06 9.7645e-07 6.96324e-07 4.78053e-07 3.17928e-07 2.05777e-07 1.30093e-07 8.05668e-08 4.89916e-08 2.93083e-08 1.72768e-08 1.00493e-08 5.77452e-09 3.28128e-09 1.84544e-09 1.02806e-09 5.67673e-10 3.10885e-10 1.6895e-10 9.11557e-11 4.88501e-11 2.60121e-11 1.37679e-11 7.24579e-12 3.7928e-12 1.97518e-12 1.02362e-12 5.28027e-13 2.71176e-13 1.38679e-13 7.06345e-14 3.58379e-14 1.81159e-14 9.12496e-15 4.58057e-15 2.29182e-15 1.14306e-15 5.6838e-16 2.81795e-16 1.39315e-16 6.86871e-17 3.37759e-17 1.65665e-17 8.1055e-18 3.95632e-18 1.92663e-18 9.36114e-19 4.53852e-19 2.19575e-19 1.06013e-19 5.10823e-20 2.45663e-20 1.17921e-20 5.65001e-21 2.70228e-21 1.29021e-21 6.14968e-22 2.92638e-22 1.3903e-22 6.59492e-23 3.12353e-23 1.47718e-23 6.97572e-24 3.28948e-24 1.54903e-24 7.28461e-25 3.42117e-25 1.60465e-25 7.5168e-26 3.5168e-26 1.64337e-26 7.67016e-27 3.57576e-27 1.66509e-27 7.74498e-28 3.59856e-28 1.67021e-28 7.7438e-29 3.58667e-29 1.65954e-29 7.67103e-30 3.54239e-30 1.63427e-30 7.5326e-31 3.46868e-31 1.59585e-31 7.33556e-32 3.36896e-32 1.54592e-32 7.08777e-33 3.24694e-33 1.48623e-33 6.79747e-34 3.10648e-34 1.41858e-34 6.47303e-35
4.66185e-07 7.77009e-07 9.16356e-07 9.04191e-07 7.96672e-07 6.47794e-07 4.95668e-07 3.61442e-07 2.53395e-07 1.71888e-07 1.13366e-07 7.29694e-08 4.59747e-08 2.8423e-08 1.72768e-08 1.03426e-08 6.1063e-09 3.55992e-09 2.05149e-09 1.16967e-09 6.60335e-10 3.69387e-10 2.04875e-10 1.12726e-10 6.15618e-11 3.33842e-11 1.79843e-11 9.6279e-12 5.12388e-12 2.71164e-12 1.42743e-12 7.47617e-13 3.89682e-13 2.02183e-13 1.04442e-13 5.37255e-14 2.75259e-14 1.40485e-14 7.1435e-15 3.61953e-15 1.82772e-15 9.199e-16 4.61528e-16 2.3085e-16 1.15129e-16 5.72536e-17 2.83942e-17 1.40444e-17 6.92884e-18 3.40987e-18 1.67405e-18 8.19945e-19 4.00697e-19 1.95386e-19 9.50696e-20 4.61625e-20 2.23698e-20 1.08189e-20 5.22245e-21 2.51628e-21 1.2102e-21 5.81023e-22 2.78473e-22 1.33243e-22 6.36499e-23 3.0357e-23 1.44559e-23 6.87342e-24 3.26329e-24 1.54707e-24 7.32403e-25 3.46249e-25 1.63471e-25 7.70755e-26 3.62936e-26 1.70684e-26 8.01711e-27 3.7611e-27 1.76236e-27 8.24838e-28 3.85608e-28 1.80068e-28 8.39946e-29 3.91379e-29 1.82174e-29 8.47078e-30 3.93477e-30 1.82592e-30 8.46486e-31 3.92048e-31 1.81405e-31 8.386e-32 3.87316e-32 1.78726e-32 8.23998e-33 3.79568e-33 1.74696e-33 8.03368e-34 3.69137e-34 1.69477e-34 7.77476e-35
1.92763e-07 3.3824e-07 4.14174e-07 4.21785e-07 3.82112e-07 3.1862e-07 2.49504e-07 1.85901e-07 1.32993e-07 9.19572e-08 6.17622e-08 4.04506e-08 2.5914e-08 1.62794e-08 1.00493e-08 6.1063e-09 3.65763e-09 2.16245e-09 1.26324e-09 7.29844e-10 4.17383e-10 2.36438e-10 1.32757e-10 7.39279e-11 4.08502e-11 2.24087e-11 1.22085e-11 6.60835e-12 3.5552e-12 1.90158e-12 1.01151e-12 5.35245e-13 2.81815e-13 1.47676e-13 7.70334e-14 4.00092e-14 2.06934e-14 1.06603e-14 5.47071e-15 2.79718e-15 1.42514e-15 7.23633e-16 3.6623e-16 1.84763e-16 9.29287e-17 4.66021e-17 2.33036e-17 1.1621e-17 5.77976e-18 2.86717e-18 1.41876e-18 7.00349e-19 3.44904e-19 1.69469e-19 8.30842e-20 4.06454e-20 1.98425e-20 9.6671e-21 4.70041e-21 2.28106e-21 1.1049e-21 5.34215e-22 2.5783e-22 1.24221e-22 5.97477e-23 2.86898e-23 1.37541e-23 6.58346e-24 3.14634e-24 1.50143e-24 7.15423e-25 3.40406e-25 1.61741e-25 7.67445e-26 3.63654e-26 1.72091e-26 8.1333e-27 3.83908e-27 1.80988e-27 8.52207e-28 4.00797e-28 1.88278e-28 8.83438e-29 4.14064e-29 1.93857e-29 9.06623e-30 4.23558e-30 1.97673e-30 9.21596e-31 4.29238e-31 1.99723e-31 9.28409e-32 4.3116e-32 2.00047e-32 9.27317e-33 4.2947e-33 1.98725e-33 9.18745e-34 4.24389e-34 1.9587e-34 9.03259e-35
7.97054e-08 1.4687e-07 1.86457e-07 1.95753e-07 1.82167e-07 1.55637e-07 1.24634e-07 9.48189e-08 6.91747e-08 4.8725e-08 3.33076e-08 2.21848e-08 1.44435e-08 9.2155e-09 5.77452e-09 3.55992e-09 2.16245e-09 1.29597e-09 7.67134e-10 4.48948e-10 2.59979e-10 1.49082e-10 8.4712e-11 4.77264e-11 2.66745e-11 1.47968e-11 8.1501e-12 4.45916e-12 2.42435e-12 1.31018e-12 7.04037e-13 3.76276e-13 2.00068e-13 1.05855e-13 5.57447e-14 2.92243e-14 1.5255e-14 7.93031e-15 4.10627e-15 2.11812e-15 1.08859e-15 5.57507e-16 2.84552e-16 1.44761e-16 7.34123e-17 3.71161e-17 1.87101e-17 9.40487e-18 4.71445e-18 2.35694e-18 1.17528e-18 5.84584e-19 2.90064e-19 1.43586e-19 7.09148e-20 3.49456e-20 1.71833e-20 8.43147e-21 4.12867e-21 2.01766e-21 9.84109e-22 4.79087e-22 2.328e-22 1.1292e-22 5.46755e-23 2.64284e-23 1.27533e-23 6.1442e-24 2.95538e-24 1.41933e-24 6.80602e-25 3.25878e-25 1.55805e-25 7.4386e-26 3.54645e-26 1.6885e-26 8.02841e-27 3.81231e-27 1.80796e-27 8.56336e-28 4.05101e-28 1.91407e-28 9.03312e-29 4.25807e-29 2.0049e-29 9.42946e-30 4.43e-30 2.07899e-30 9.74637e-31 4.56437e-31 2.13538e-31 9.98012e-32 4.6598e-32 2.1736e-32 1.01292e-32 4.71595e-33 2.19362e-33 1.01944e-33 4.73342e-34 2.19588e-34 1.01781e-34
3.29574e-08 6.36279e-08 8.36385e-08 9.04274e-08 8.63659e-08 7.55452e-08 6.18227e-08 4.79934e-08 3.56848e-08 2.55914e-08 1.77955e-08 1.20481e-08 7.96787e-09 5.16099e-09 3.28128e-09 2.05149e-09 1.26324e-09 7.67134e-10 4.59961e-10 2.72565e-10 1.59771e-10 9.27134e-11 5.32966e-11 3.03694e-11 1.71629e-11 9.62451e-12 5.35791e-12 2.96222e-12 1.62707e-12 8.88197e-13 4.82016e-13 2.60129e-13 1.39639e-13 7.45791e-14 3.96391e-14 2.09708e-14 1.10453e-14 5.79284e-15 3.02573e-15 1.57421e-15 8.15934e-16 4.21375e-16 2.16851e-16 1.11221e-16 5.68585e-17 2.8976e-17 1.47217e-17 7.45764e-18 3.7671e-18 1.89765e-18 9.53371e-19 4.77731e-19 2.38788e-19 1.19064e-19 5.9227e-20 2.9394e-20 1.45554e-20 7.1919e-21 3.54603e-21 1.74479e-21 8.56788e-22 4.19905e-22 2.054e-22 1.00286e-22 4.88756e-23 2.37779e-23 1.15479e-23 5.59886e-24 2.71006e-24 1.30965e-24 6.31903e-25 3.04421e-25 1.46434e-25 7.03349e-26 3.37343e-26 1.61569e-26 7.72759e-27 3.69097e-27 1.7606e-27 8.38718e-28 3.9904e-28 1.89616e-28 8.9991e-29 4.26581e-29 2.01972e-29 9.55165e-30 4.51203e-30 2.12902e-30 1.00349e-30 4.72475e-31 2.22221e-31 1.0441e-31 4.90066e-32 2.2979e-32 1.07642e-32 5.03744e-33 2.35518e-33 1.1001e-33 5.13382e-34 2.39362e-34 1.11502e-34
1.36275e-08 2.75082e-08 3.73934e-08 4.15945e-08 4.07384e-08 3.64569e-08 3.04689e-08 2.41218e-08 1.82693e-08 1.33326e-08 9.42648e-09 6.48418e-09 4.35405e-09 2.86186e-09 1.84544e-09 1.16967e-09 7.29844e-10 4.48948e-10 2.72565e-10 1.63493e-10 9.69782e-11 5.69297e-11 3.30978e-11 1.90691e-11 1.08937e-11 6.17388e-12 3.47278e-12 1.93961e-12 1.07606e-12 5.93189e-13 3.25032e-13 1.77077e-13 9.59441e-14 5.17137e-14 2.77348e-14 1.48037e-14 7.86554e-15 4.16086e-15 2.19184e-15 1.14995e-15 6.00977e-16 3.12904e-16 1.62329e-16 8.39212e-17 4.32402e-17 2.22073e-17 1.13695e-17 5.80322e-18 2.9534e-18 1.49879e-18 7.58513e-19 3.82846e-19 1.92735e-19 9.67839e-20 4.84824e-20 2.42289e-20 1.20804e-20 6.00966e-21 2.98312e-21 1.47764e-21 7.30404e-22 3.60314e-22 1.77396e-22 8.7171e-23 4.2755e-23 2.09318e-23 1.02294e-23 4.99044e-24 2.43045e-24 1.18171e-24 5.73625e-25 2.78006e-25 1.34526e-25 6.49971e-26 3.1357e-26 1.51058e-26 7.26657e-27 3.49067e-27 1.67453e-27 8.02217e-28 3.83813e-28 1.83394e-28 8.7519e-29 4.17137e-29 1.98576e-29 9.44179e-30 4.48407e-30 2.12711e-30 1.0079e-30 4.77044e-31 2.25542e-31 1.0652e-31 5.02546e-32 2.36849e-32 1.11513e-32 5.24496e-33 2.46452e-33 1.15692e-33 5.42574e-34 2.54219e-34 1.19003e-34
5.63484e-09 1.187e-08 1.66672e-08 1.90573e-08 1.91261e-08 1.74995e-08 1.49272e-08 1.20451e-08 9.28782e-09 6.89421e-09 4.95381e-09 3.46065e-09 2.3585e-09 1.57249e-09 1.02806e-09 6.60335e-10 4.17383e-10 2.59979e-10 1.59771e-10 9.69782e-11 5.81921e-11 3.4548e-11 2.03079e-11 1.18269e-11 6.82796e-12 3.90979e-12 2.22159e-12 1.25316e-12 7.0203e-13 3.90718e-13 2.1611e-13 1.18828e-13 6.49708e-14 3.53334e-14 1.91172e-14 1.02927e-14 5.51561e-15 2.94239e-15 1.56288e-15 8.26697e-16 4.35541e-16 2.2858e-16 1.19519e-16 6.22703e-17 3.23314e-17 1.67309e-17 8.63001e-18 4.43762e-18 2.27497e-18 1.16287e-18 5.9273e-19 3.01292e-19 1.52742e-19 7.72337e-20 3.89548e-20 1.95999e-20 9.83815e-21 4.92684e-21 2.46176e-21 1.22736e-21 6.1062e-22 3.03156e-22 1.50204e-22 7.42738e-23 3.66566e-23 1.80572e-23 8.87874e-24 4.35784e-24 2.13515e-24 1.04434e-24 5.0995e-25 2.48599e-25 1.20998e-25 5.87992e-26 2.85298e-26 1.38221e-26 6.68664e-27 3.2301e-27 1.55816e-27 7.50592e-28 3.61083e-28 1.73473e-28 8.32319e-29 3.98834e-29 1.90874e-29 9.12363e-30 4.35574e-30 2.07702e-30 9.89263e-31 4.70636e-31 2.23651e-31 1.06163e-31 5.03392e-32 2.38437e-32 1.1282e-32 5.33272e-33 2.51809e-33 1.18784e-33 5.59783e-34 2.63549e-34 1.23962e-34
2.32995e-09 5.11305e-09 7.40816e-09 8.69974e-09 8.94052e-09 8.3582e-09 7.27277e-09 5.97849e-09 4.69114e-09 3.54024e-09 2.58422e-09 1.83269e-09 1.2672e-09 8.56719e-10 5.67673e-10 3.69387e-10 2.36438e-10 1.49082e-10 9.27134e-11 5.69297e-11 3.4548e-11 2.07376e-11 1.23216e-11 7.25163e-12 4.22982e-12 2.44657e-12 1.40396e-12 7.9966e-13 4.52253e-13 2.54064e-13 1.4182e-13 7.86858e-14 4.34058e-14 2.38125e-14 1.2995e-14 7.05597e-15 3.81278e-15 2.05077e-15 1.09815e-15 5.85534e-16 3.10927e-16 1.64455e-16 8.66527e-17 4.54904e-17 2.37967e-17 1.24058e-17 6.44605e-18 3.33865e-18 1.72385e-18 8.87411e-19 4.55496e-19 2.3314e-19 1.19003e-19 6.05823e-20 3.07616e-20 1.55805e-20 7.87212e-21 3.96799e-21 1.99546e-21 1.00124e-21 5.0128e-22 2.50434e-22 1.24854e-22 6.21191e-23 3.08452e-23 1.52865e-23 7.56152e-24 3.73342e-24 1.84001e-24 9.0525e-25 4.44598e-25 2.17989e-25 1.06705e-25 5.21475e-26 2.54446e-26 1.23961e-26 6.03003e-27 2.92892e-27 1.42058e-27 6.88022e-28 3.32761e-28 1.6072e-28 7.75213e-29 3.73422e-29 1.79646e-29 8.63147e-30 4.142e-30 1.9852e-30 9.50336e-31 4.54398e-31 2.17017e-31 1.03527e-31 4.93322e-32 2.34816e-32 1.11649e-32 5.30301e-33 2.51614e-33 1.19261e-33 5.6471e-34 2.67127e-34 1.26237e-34
9.6341e-10 2.19893e-09 3.2842e-09 3.95807e-09 4.16241e-09 3.97372e-09 3.52526e-09 2.95076e-09 2.35512e-09 1.80623e-09 1.33887e-09 9.63561e-10 6.75708e-10 4.63073e-10 3.10885e-10 2.04875e-10 1.32757e-10 8.4712e-11 5.32966e-11 3.30978e-11 2.03079e-11 1.23216e-11 7.39834e-12 4.39908e-12 2.59186e-12 1.51399e-12 8.77226e-13 5.04396e-13 2.87927e-13 1.63233e-13 9.19379e-14 5.14617e-14 2.86353e-14 1.5844e-14 8.71938e-15 4.77377e-15 2.60069e-15 1.41011e-15 7.611e-16 4.09004e-16 2.18869e-16 1.16649e-16 6.19267e-17 3.2752e-17 1.72591e-17 9.06301e-18 4.74297e-18 2.474e-18 1.28637e-18 6.66801e-19 3.44609e-19 1.77582e-19 9.12533e-20 4.67641e-20 2.39015e-20 1.21847e-20 6.19611e-21 3.14313e-21 1.59065e-21 8.03123e-22 4.04586e-22 2.0337e-22 1.02008e-22 5.10589e-23 2.5505e-23 1.2715e-23 6.32651e-24 3.14186e-24 1.55742e-24 7.70617e-25 3.80628e-25 1.87677e-25 9.23819e-26 4.53985e-26 2.22736e-26 1.09107e-26 5.33623e-27 2.60589e-27 1.27066e-27 6.18678e-28 3.008e-28 1.46043e-28 7.08079e-29 3.42843e-29 1.6578e-29 8.00574e-30 3.86114e-30 1.85987e-30 8.94775e-31 4.2995e-31 2.0635e-31 9.892e-32 4.73656e-32 2.26543e-32 1.08232e-32 5.16517e-33 2.46234e-33 1.1726e-33 5.5783e-34 2.65099e-34 1.25857e-34
3.9836e-10 9.44275e-10 1.45245e-09 1.79512e-09 1.93061e-09 1.8811e-09 1.7006e-09 1.44877e-09 1.17569e-09 9.15982e-10 6.89233e-10 5.03196e-10 3.57766e-10 2.48455e-10 1.6895e-10 1.12726e-10 7.39279e-11 4.77264e-11 3.03694e-11 1.90691e-11 1.18269e-11 7.25163e-12 4.39908e-12 2.6421e-12 1.57206e-12 9.27174e-13 5.42311e-13 3.14725e-13 1.81296e-13 1.03703e-13 5.89238e-14 3.32681e-14 1.86695e-14 1.04166e-14 5.77984e-15 3.19014e-15 1.75188e-15 9.5739e-16 5.20771e-16 2.82005e-16 1.52053e-16 8.16446e-17 4.36639e-17 2.32616e-17 1.23464e-17 6.52941e-18 3.44109e-18 1.80741e-18 9.46237e-19 4.93823e-19 2.56929e-19 1.3328e-19 6.8939e-20 3.5559e-20 1.82917e-20 9.38445e-21 4.80229e-21 2.45133e-21 1.24824e-21 6.34109e-22 3.21386e-22 1.62522e-22 8.2006e-23 4.12904e-23 2.07465e-23 1.04029e-23 5.20595e-24 2.60016e-24 1.29621e-24 6.44976e-25 3.20349e-25 1.5883e-25 7.86112e-26 3.88418e-26 1.91598e-26 9.4357e-27 4.63942e-27 2.27758e-27 1.1164e-27 5.46401e-28 2.67032e-28 1.30313e-28 6.35036e-29 3.09033e-29 1.50182e-29 7.2887e-30 3.53274e-30 1.71006e-30 8.26729e-31 3.99184e-31 1.92509e-31 9.27273e-32 4.46119e-32 2.14383e-32 1.02904e-32 4.93389e-33 2.36301e-33 1.1305e-33 5.4027e-34 2.57926e-34 1.23007e-34
1.64718e-10 4.04936e-10 6.40905e-10 8.11768e-10 8.92314e-10 8.86911e-10 8.16704e-10 7.07845e-10 5.8381e-10 4.61896e-10 3.52686e-10 2.61125e-10 1.88173e-10 1.32385e-10 9.11557e-11 6.15618e-11 4.08502e-11 2.66745e-11 1.71629e-11 1.08937e-11 6.82796e-12 4.22982e-12 2.59186e-12 1.57206e-12 9.4442e-13 5.6228e-13 3.31936e-13 1.9439e-13 1.12979e-13 6.51928e-14 3.73621e-14 2.12735e-14 1.2038e-14 6.77173e-15 3.78784e-15 2.10733e-15 1.16634e-15 6.4233e-16 3.52062e-16 1.92082e-16 1.04337e-16 5.64347e-17 3.04e-17 1.63112e-17 8.71851e-18 4.64299e-18 2.4638e-18 1.30292e-18 6.86717e-19 3.60774e-19 1.88943e-19 9.86524e-20 5.13573e-20 2.66595e-20 1.38005e-20 7.12459e-21 3.66846e-21 1.88406e-21 9.65215e-22 4.93286e-22 2.51505e-22 1.27936e-22 6.49328e-23 3.28839e-23 1.66177e-23 8.3802e-24 4.21746e-24 2.11828e-24 1.06186e-24 5.31285e-25 2.65326e-25 1.32264e-25 6.58155e-26 3.26933e-26 1.62125e-26 8.02627e-27 3.96705e-27 1.95761e-27 9.64498e-28 4.74469e-28 2.33056e-28 1.14306e-28 5.59816e-29 2.73782e-29 1.33708e-29 6.52097e-30 3.17602e-30 1.54482e-30 7.50431e-31 3.64073e-31 1.76409e-31 8.53727e-32 4.12658e-32 1.99226e-32 9.60709e-33 4.62741e-33 2.22635e-33 1.06995e-33 5.1364e-34 2.46312e-34 1.17992e-34
6.81092e-11 1.73428e-10 2.82212e-10 3.66081e-10 4.11066e-10 4.16591e-10 3.90573e-10 3.44253e-10 2.88466e-10 2.31684e-10 1.79458e-10 1.34703e-10 9.83575e-11 7.00807e-11 4.88501e-11 3.33842e-11 2.24087e-11 1.47968e-11 9.62451e-12 6.17388e-12 3.90979e-12 2.44657e-12 1.51399e-12 9.27174e-13 5.6228e-13 3.37871e-13 2.01273e-13 1.18923e-13 6.97235e-14 4.0579e-14 2.34526e-14 1.34647e-14 7.6816e-15 4.35594e-15 2.45587e-15 1.37698e-15 7.67981e-16 4.26155e-16 2.35324e-16 1.29339e-16 7.07679e-17 3.85527e-17 2.09149e-17 1.13007e-17 6.08217e-18 3.26119e-18 1.74226e-18 9.27512e-19 4.9209e-19 2.60216e-19 1.37161e-19 7.20739e-20 3.77585e-20 1.97233e-20 1.02733e-20 5.33623e-21 2.76435e-21 1.42828e-21 7.36084e-22 3.7841e-22 1.94065e-22 9.92907e-23 5.0684e-23 2.58142e-23 1.31189e-23 6.65284e-24 3.36675e-24 1.70031e-24 8.57003e-25 4.31112e-25 2.16457e-25 1.08478e-25 5.42655e-26 2.70976e-26 1.35076e-26 6.72177e-27 3.33935e-27 1.65626e-27 8.20153e-28 4.05488e-28 2.00166e-28 9.86605e-29 4.85569e-29 2.3863e-29 1.17106e-29 5.7388e-30 2.80844e-30 1.37252e-30 6.69881e-31 3.26518e-31 1.5895e-31 7.72794e-32 3.75257e-32 1.81997e-32 8.81618e-33 4.26563e-33 2.0615e-33 9.95147e-34 4.79848e-34 2.31122e-34 1.112e-34
2.81624e-11 7.41877e-11 1.24024e-10 1.64666e-10 1.88784e-10 1.94985e-10 1.86048e-10 1.66701e-10 1.41869e-10 1.15632e-10 9.08308e-11 6.91004e-11 5.11105e-11 3.6872e-11 2.60121e-11 1.79843e-11 1.22085e-11 8.1501e-12 5.35791e-12 3.47278e-12 2.22159e-12 1.40396e-12 8.77226e-13 5.42311e-13 3.31936e-13 2.01273e-13 1.2097e-13 7.21011e-14 4.26355e-14 2.50233e-14 1.45822e-14 8.44028e-15 4.85383e-15 2.77417e-15 1.57624e-15 8.90556e-16 5.00441e-16 2.79765e-16 1.55622e-16 8.6153e-17 4.74756e-17 2.60462e-17 1.42286e-17 7.74085e-18 4.19456e-18 2.26419e-18 1.21766e-18 6.52491e-19 3.48425e-19 1.8543e-19 9.83618e-20 5.2011e-20 2.74173e-20 1.44097e-20 7.55132e-21 3.94605e-21 2.0564e-21 1.06879e-21 5.54044e-22 2.8648e-22 1.47765e-22 7.60331e-23 3.90313e-23 1.99907e-23 1.02158e-23 5.20914e-24 2.65054e-24 1.34586e-24 6.81991e-25 3.44901e-25 1.74086e-25 8.77016e-26 4.41003e-26 2.21352e-26 1.10905e-26 5.54702e-27 2.76964e-27 1.38057e-27 6.8704e-28 3.41353e-28 1.69332e-28 8.38691e-29 4.14767e-29 2.04814e-29 1.0099e-29 4.97247e-30 2.44486e-30 1.20042e-30 5.88603e-31 2.88225e-31 1.40951e-31 6.88409e-32 3.35794e-32 1.6359e-32 7.95993e-33 3.86845e-33 1.8778e-33 9.10449e-34 4.40923e-34 2.13294e-34 1.03065e-34
1.16449e-11 3.17001e-11 5.44042e-11 7.38894e-11 8.64478e-11 9.09586e-11 8.82934e-11 8.03948e-11 6.94652e-11 5.74395e-11 4.57438e-11 3.52607e-11 2.64124e-11 1.92878e-11 1.37679e-11 9.6279e-12 6.60835e-12 4.45916e-12 2.96222e-12 1.93961e-12 1.25316e-12 7.9966e-13 5.04396e-13 3.14725e-13 1.9439e-13 1.18923e-13 7.21011e-14 4.3343e-14 2.58462e-14 1.52951e-14 8.98571e-15 5.24265e-15 3.03869e-15 1.75022e-15 1.00204e-15 5.70401e-16 3.2291e-16 1.81838e-16 1.01879e-16 5.68019e-17 3.15211e-17 1.74131e-17 9.57759e-18 5.24577e-18 2.86153e-18 1.55483e-18 8.41626e-19 4.539e-19 2.43926e-19 1.30634e-19 6.9728e-20 3.70979e-20 1.96755e-20 1.04034e-20 5.48449e-21 2.88299e-21 1.51124e-21 7.90014e-22 4.11891e-22 2.14193e-22 1.11104e-22 5.74897e-23 2.96761e-23 1.52829e-23 7.85262e-24 4.02582e-24 2.05944e-24 1.05128e-24 5.35532e-25 2.72251e-25 1.38131e-25 6.99467e-26 3.53523e-26 1.78344e-26 8.98067e-27 4.51422e-27 2.26515e-27 1.13467e-27 5.67426e-28 2.83292e-28 1.41208e-28 7.02743e-29 3.49188e-29 1.73245e-29 8.58244e-30 4.24545e-30 2.09706e-30 1.03439e-30 5.09508e-31 2.50626e-31 1.23117e-31 6.04e-32 2.95933e-32 1.44809e-32 7.07705e-33 3.45442e-33 1.68411e-33 8.20063e-34 3.98855e-34 1.93767e-34 9.40269e-35
4.81504e-12 1.35312e-11 2.38236e-11 3.30803e-11 3.94778e-11 4.22979e-11 4.17548e-11 3.8623e-11 3.38719e-11 2.8406e-11 2.29286e-11 1.79034e-11 1.35779e-11 1.00344e-11 7.24579e-12 5.12388e-12 3.5552e-12 2.42435e-12 1.62707e-12 1.07606e-12 7.0203e-13 4.52253e-13 2.87927e-13 1.81296e-13 1.12979e-13 6.97235e-14 4.26355e-14 2.58462e-14 1.55401e-14 9.27103e-15 5.4902e-15 3.22841e-15 1.8857e-15 1.09439e-15 6.31268e-16 3.61999e-16 2.06425e-16 1.17078e-16 6.60602e-17 3.70889e-17 2.07238e-17 1.15263e-17 6.38238e-18 3.51894e-18 1.93216e-18 1.05666e-18 5.75635e-19 3.12416e-19 1.68945e-19 9.10396e-20 4.88918e-20 2.61702e-20 1.39632e-20 7.42695e-21 3.93841e-21 2.08234e-21 1.09785e-21 5.77192e-22 3.02637e-22 1.58262e-22 8.25489e-23 4.29494e-23 2.22915e-23 1.15421e-23 5.96239e-24 3.07303e-24 1.58033e-24 8.10936e-25 4.15244e-25 2.12187e-25 1.08207e-25 5.50717e-26 2.79743e-26 1.41829e-26 7.1773e-27 3.62549e-27 1.82809e-27 9.2017e-28 4.62375e-28 2.31948e-28 1.16164e-28 5.80831e-29 2.89961e-29 1.44529e-29 7.19293e-30 3.57442e-30 1.77364e-30 8.7882e-31 4.34827e-31 2.14846e-31 1.06009e-31 5.22363e-32 2.57056e-32 1.26333e-32 6.20086e-33 3.03976e-33 1.48829e-33 7.27793e-34 3.55474e-34 1.73418e-34 8.45039e-35
1.99097e-12 5.77013e-12 1.04154e-11 1.47783e-11 1.79816e-11 1.96111e-11 1.96807e-11 1.84876e-11 1.64513e-11 1.39888e-11 1.14414e-11 9.04747e-12 6.94549e-12 5.19337e-12 3.7928e-12 2.71164e-12 1.90158e-12 1.31018e-12 8.88197e-13 5.93189e-13 3.90718e-13 2.54064e-13 1.63233e-13 1.03703e-13 6.51928e-14 4.0579e-14 2.50233e-14 1.52951e-14 9.27103e-15 5.57519e-15 3.32751e-15 1.9718e-15 1.16048e-15 6.78545e-16 3.94284e-16 2.27744e-16 1.30798e-16 7.47085e-17 4.24472e-17 2.39954e-17 1.34986e-17 7.55806e-18 4.21274e-18 2.33788e-18 1.29195e-18 7.11051e-19 3.89801e-19 2.12877e-19 1.15827e-19 6.27965e-20 3.39277e-20 1.82688e-20 9.805e-21 5.24573e-21 2.79785e-21 1.48778e-21 7.8884e-22 4.17066e-22 2.19897e-22 1.15629e-22 6.06417e-23 3.17225e-23 1.65531e-23 8.61655e-24 4.47463e-24 2.31832e-24 1.19841e-24 6.18124e-25 3.18132e-25 1.63388e-25 8.37405e-26 4.28324e-26 2.18649e-26 1.114e-26 5.66493e-27 2.8754e-27 1.45684e-27 7.368e-28 3.71988e-28 1.87484e-28 9.43341e-29 4.73868e-29 2.37654e-29 1.18999e-29 5.94925e-30 2.96974e-30 1.48021e-30 7.36695e-31 3.6612e-31 1.81694e-31 9.0043e-32 4.45618e-32 2.20237e-32 1.08702e-32 5.35822e-33 2.63782e-33 1.29694e-33 6.36877e-34 3.12363e-34 1.53017e-34 7.48698e-35
8.23245e-13 2.4583e-12 4.54645e-12 6.58862e-12 8.17032e-12 9.06693e-12 9.24711e-12 8.81892e-12 7.96047e-12 6.86137e-12 5.68506e-12 4.55169e-12 3.53614e-12 2.67467e-12 1.97518e-12 1.42743e-12 1.01151e-12 7.04037e-13 4.82016e-13 3.25032e-13 2.1611e-13 1.4182e-13 9.19379e-14 5.89238e-14 3.73621e-14 2.34526e-14 1.45822e-14 8.98571e-15 5.4902e-15 3.32751e-15 2.00134e-15 1.19496e-15 7.08537e-16 4.17339e-16 2.44263e-16 1.42098e-16 8.21843e-17 4.72676e-17 2.70401e-17 1.53891e-17 8.7149e-18 4.91173e-18 2.75553e-18 1.53902e-18 8.5589e-19 4.74012e-19 2.61467e-19 1.43668e-19 7.86443e-20 4.28935e-20 2.33121e-20 1.26265e-20 6.81614e-21 3.66767e-21 1.96733e-21 1.05205e-21 5.60928e-22 2.98209e-22 1.58093e-22 8.35821e-23 4.4071e-23 2.31772e-23 1.21581e-23 6.36199e-24 3.32101e-24 1.7295e-24 8.98605e-25 4.65842e-25 2.40963e-25 1.24373e-25 6.40602e-26 3.29272e-26 1.68906e-26 8.64722e-27 4.41844e-27 2.25341e-27 1.14711e-27 5.82881e-28 2.95652e-28 1.49701e-28 7.56698e-29 3.81849e-29 1.92373e-29 9.676e-30 4.85911e-30 2.43636e-30 1.21972e-30 6.09716e-31 3.04336e-31 1.51687e-31 7.54962e-32 3.75226e-32 1.86236e-32 9.23091e-33 4.56928e-33 2.25882e-33 1.11521e-33 5.49897e-34 2.70809e-34 1.33203e-34 6.54391e-35
3.40403e-13 1.04642e-12 1.9817e-12 2.93177e-12 3.70374e-12 4.18078e-12 4.33185e-12 4.19301e-12 3.83828e-12 3.35268e-12 2.81344e-12 2.28018e-12 1.79231e-12 1.37107e-12 1.02362e-12 7.47617e-13 5.35245e-13 3.76276e-13 2.60129e-13 1.77077e-13 1.18828e-13 7.86858e-14 5.14617e-14 3.32681e-14 2.12735e-14 1.34647e-14 8.44028e-15 5.24265e-15 3.22841e-15 1.9718e-15 1.19496e-15 7.18816e-16 4.2935e-16 2.54725e-16 1.50151e-16 8.79632e-17 5.12273e-17 2.96643e-17 1.70843e-17 9.7877e-18 5.5792e-18 3.16483e-18 1.78687e-18 1.00432e-18 5.62018e-19 3.13181e-19 1.73808e-19 9.60782e-20 5.29077e-20 2.9027e-20 1.5868e-20 8.6443e-21 4.69315e-21 2.53963e-21 1.3699e-21 7.36642e-22 3.94921e-22 2.11099e-22 1.12517e-22 5.9805e-23 3.17012e-23 1.67595e-23 8.83739e-24 4.64826e-24 2.43886e-24 1.27655e-24 6.66608e-25 3.473e-25 1.80537e-25 9.36426e-26 4.84673e-26 2.5033e-26 1.29029e-26 6.6372e-27 3.40744e-27 1.74596e-27 8.92938e-28 4.5583e-28 2.32272e-28 1.18146e-28 5.99905e-29 3.04091e-29 1.53884e-29 7.77446e-30 3.92143e-30 1.97482e-30 9.92968e-31 4.98514e-31 2.499e-31 1.25087e-31 6.25215e-32 3.12051e-32 1.5553e-32 7.74107e-33 3.84769e-33 1.90994e-33 9.4682e-34 4.68765e-34 2.31788e-34 1.14468e-34 5.64601e-35
1.40753e-13 4.45066e-13 8.62589e-13 1.30218e-12 1.67527e-12 1.92288e-12 2.02352e-12 1.98739e-12 1.84446e-12 1.63232e-12 1.38699e-12 1.13764e-12 9.04582e-13 6.99708e-13 5.28027e-13 3.89682e-13 2.81815e-13 2.00068e-13 1.39639e-13 9.59441e-14 6.49708e-14 4.34058e-14 2.86353e-14 1.86695e-14 1.2038e-14 7.6816e-15 4.85383e-15 3.03869e-15 1.8857e-15 1.16048e-15 7.08537e-16 4.2935e-16 2.58308e-16 1.54342e-16 9.16176e-17 5.40439e-17 3.16883e-17 1.84733e-17 1.07098e-17 6.17588e-18 3.54314e-18 2.02269e-18 1.14922e-18 6.49944e-19 3.65949e-19 2.05164e-19 1.14545e-19 6.36954e-20 3.52817e-20 1.94694e-20 1.07045e-20 5.86463e-21 3.20198e-21 1.74238e-21 9.45051e-22 5.10969e-22 2.75421e-22 1.48013e-22 7.93118e-23 4.23781e-23 2.2581e-23 1.19998e-23 6.36007e-24 3.36228e-24 1.77304e-24 9.32695e-25 4.89466e-25 2.56266e-25 1.33866e-25 6.97713e-26 3.62858e-26 1.88308e-26 9.752e-27 5.03999e-27 2.59953e-27 1.33816e-27 6.87523e-28 3.52572e-28 1.80471e-28 9.22101e-29 4.70305e-29 2.39455e-29 1.2171e-29 6.1759e-30 3.12867e-30 1.5824e-30 7.99069e-31 4.0288e-31 2.02816e-31 1.01947e-31 5.11688e-32 2.56451e-32 1.28347e-32 6.41436e-33 3.20127e-33 1.59552e-33 7.94146e-34 3.94755e-34 1.95971e-34 9.71639e-35 4.81141e-35
