0.766392 0.00168765 0.00155269 0.00142853 0.00131429 0.00120919 0.00111249 0.00102353 0.00094168 0.000866376 0.000797093 0.000733351 0.000674707 0.000620752 0.000571111 0.000525441 0.000483422 0.000444764 0.000409197 0.000376474 0.000346369 0.00031867 0.000293187 0.000269741 0.00024817 0.000228325 0.000210066 0.000193268 0.000177812 0.000163593 0.000150511 0.000138475 0.000127401 0.000117213 0.00010784 9.92161e-05 9.1282e-05 8.39824e-05 7.72665e-05 7.10876e-05 6.54029e-05 6.01727e-05 5.53609e-05 5.09338e-05 4.68607e-05 4.31133e-05 3.96656e-05 3.64937e-05 3.35753e-05 3.08904e-05 2.84201e-05 2.61474e-05 2.40565e-05 2.21327e-05 2.03628e-05 1.87344e-05 1.72363e-05 1.58579e-05 1.45898e-05 1.34231e-05 1.23497e-05 1.13621e-05 1.04535e-05 9.61755e-06 8.84845e-06 8.14086e-06 7.48985e-06 6.8909e-06 6.33985e-06 5.83286e-06 5.36642e-06 4.93728e-06 4.54245e-06 4.1792e-06 3.845e-06 3.53752e-06 3.25464e-06 2.99437e-06 2.75491e-06 2.53461e-06 2.33192e-06 2.14544e-06 1.97388e-06 1.81603e-06 1.6708e-06 1.53719e-06 1.41427e-06 1.30117e-06 1.19712e-06 1.10139e-06 1.01331e-06 9.3228e-07 8.57727e-07 7.89136e-07 7.26031e-07 6.67971e-07 6.14555e-07 5.6541e-07 5.20196e-07 4.78597e-07 4.40324e-07
0.00168765 0.000316649 0.000297882 0.000280091 0.000263241 0.000247295 0.000232216 0.000217967 0.000204512 0.000191815 0.000179841 0.000168555 0.000157925 0.000147916 0.000138499 0.000129641 0.000121315 0.000113491 0.000106143 9.92444e-05 9.27702e-05 8.66968e-05 8.10016e-05 7.56628e-05 7.06599e-05 6.59732e-05 6.15843e-05 5.74754e-05 5.36299e-05 5.00318e-05 4.66663e-05 4.3519e-05 4.05767e-05 3.78267e-05 3.5257e-05 3.28565e-05 3.06143e-05 2.85207e-05 2.65662e-05 2.47418e-05 2.30394e-05 2.1451e-05 1.99693e-05 1.85874e-05 1.72988e-05 1.60975e-05 1.49777e-05 1.3934e-05 1.29615e-05 1.20554e-05 1.12113e-05 1.04251e-05 9.69301e-06 9.01131e-06 8.37666e-06 7.78588e-06 7.23603e-06 6.72432e-06 6.24818e-06 5.8052e-06 5.3931e-06 5.00979e-06 4.6533e-06 4.32178e-06 4.01353e-06 3.72695e-06 3.46053e-06 3.21289e-06 2.98272e-06 2.76883e-06 2.57006e-06 2.38538e-06 2.21381e-06 2.05441e-06 1.90636e-06 1.76885e-06 1.64113e-06 1.52254e-06 1.41241e-06 1.31016e-06 1.21524e-06 1.12711e-06 1.04531e-06 9.69389e-07 8.98923e-07 8.33527e-07 7.72842e-07 7.16532e-07 6.64286e-07 6.15814e-07 5.70847e-07 5.29133e-07 4.9044e-07 4.54552e-07 4.21267e-07 3.90399e-07 3.61774e-07 3.35231e-07 3.10619e-07 2.878e-07 2.66644e-07
0.00155269 0.000297882 0.000281321 0.00026553 0.000250488 0.000236176 0.000222571 0.00020965 0.000197389 0.000185763 0.000174749 0.000164321 0.000154456 0.000145129 0.000136316 0.000127994 0.00012014 0.000112731 0.000105746 9.91643e-05 9.29651e-05 8.71289e-05 8.16368e-05 7.64708e-05 7.16133e-05 6.70478e-05 6.27583e-05 5.87294e-05 5.49468e-05 5.13965e-05 4.80653e-05 4.49407e-05 4.20108e-05 3.92641e-05 3.669e-05 3.42783e-05 3.20193e-05 2.99038e-05 2.79234e-05 2.60697e-05 2.43351e-05 2.27122e-05 2.11943e-05 1.97748e-05 1.84477e-05 1.72071e-05 1.60477e-05 1.49643e-05 1.39521e-05 1.30067e-05 1.21238e-05 1.12994e-05 1.05297e-05 9.8113e-06 9.1408e-06 8.51513e-06 7.93137e-06 7.38681e-06 6.87889e-06 6.4052e-06 5.9635e-06 5.55169e-06 5.16779e-06 4.80996e-06 4.47647e-06 4.16571e-06 3.87615e-06 3.60638e-06 3.35509e-06 3.12103e-06 2.90305e-06 2.70005e-06 2.51104e-06 2.33507e-06 2.17125e-06 2.01877e-06 1.87684e-06 1.74476e-06 1.62185e-06 1.50748e-06 1.40108e-06 1.30209e-06 1.21001e-06 1.12436e-06 1.0447e-06 9.70619e-07 9.01731e-07 8.37677e-07 7.78122e-07 7.22755e-07 6.71285e-07 6.23442e-07 5.78973e-07 5.37644e-07 4.99235e-07 4.63543e-07 4.30377e-07 3.99562e-07 3.70932e-07 3.44335e-07 3.19627e-07
0.00142853 0.000280091 0.00026553 0.000251558 0.00023817 0.000225358 0.000213113 0.000201423 0.000190273 0.000179651 0.00016954 0.000159924 0.000150787 0.000142111 0.00013388 0.000126076 0.000118682 0.00011168 0.000105055 9.87893e-05 9.28668e-05 8.72717e-05 8.19886e-05 7.70026e-05 7.2299e-05 6.7864e-05 6.36838e-05 5.97456e-05 5.60367e-05 5.25452e-05 4.92595e-05 4.61686e-05 4.32619e-05 4.05294e-05 3.79613e-05 3.55487e-05 3.32826e-05 3.1155e-05 2.91577e-05 2.72834e-05 2.5525e-05 2.38757e-05 2.23291e-05 2.08792e-05 1.95202e-05 1.82467e-05 1.70537e-05 1.59362e-05 1.48897e-05 1.39099e-05 1.29927e-05 1.21343e-05 1.1331e-05 1.05795e-05 9.87657e-06 9.21914e-06 8.60439e-06 8.02964e-06 7.49238e-06 6.99024e-06 6.521e-06 6.08256e-06 5.67297e-06 5.29038e-06 4.93306e-06 4.5994e-06 4.28785e-06 3.99701e-06 3.72552e-06 3.47213e-06 3.23566e-06 3.01501e-06 2.80915e-06 2.61711e-06 2.43797e-06 2.2709e-06 2.11509e-06 1.96981e-06 1.83435e-06 1.70806e-06 1.59034e-06 1.48061e-06 1.37835e-06 1.28305e-06 1.19425e-06 1.11151e-06 1.03443e-06 9.6262e-07 8.95733e-07 8.33435e-07 7.75415e-07 7.21385e-07 6.71075e-07 6.24231e-07 5.8062e-07 5.4002e-07 5.02227e-07 4.6705e-07 4.34309e-07 4.0384e-07 3.75485e-07
0.00131429 0.000263241 0.000250488 0.00023817 0.000226291 0.000214856 0.000203864 0.000193313 0.000183198 0.000173513 0.000164251 0.000155401 0.000146955 0.000138901 0.000131227 0.000123923 0.000116976 0.000110373 0.000104102 9.81494e-05 9.25037e-05 8.71519e-05 8.20817e-05 7.72811e-05 7.27381e-05 6.8441e-05 6.43786e-05 6.05399e-05 5.69141e-05 5.34909e-05 5.02604e-05 4.72129e-05 4.43392e-05 4.16304e-05 3.90779e-05 3.66736e-05 3.44096e-05 3.22783e-05 3.02728e-05 2.8386e-05 2.66115e-05 2.49431e-05 2.33749e-05 2.19012e-05 2.05167e-05 1.92164e-05 1.79954e-05 1.68491e-05 1.57733e-05 1.47638e-05 1.38167e-05 1.29285e-05 1.20955e-05 1.13145e-05 1.05824e-05 9.8963e-06 9.25341e-06 8.65112e-06 8.08697e-06 7.55862e-06 7.0639e-06 6.60073e-06 6.16719e-06 5.76143e-06 5.38173e-06 5.02648e-06 4.69415e-06 4.3833e-06 4.0926e-06 3.82076e-06 3.56661e-06 3.32902e-06 3.10694e-06 2.89938e-06 2.70543e-06 2.52421e-06 2.3549e-06 2.19674e-06 2.04902e-06 1.91106e-06 1.78223e-06 1.66194e-06 1.54964e-06 1.4448e-06 1.34695e-06 1.25561e-06 1.17038e-06 1.09085e-06 1.01664e-06 9.47403e-07 8.82817e-07 8.22572e-07 7.66381e-07 7.13978e-07 6.65109e-07 6.19542e-07 5.77056e-07 5.37447e-07 5.00522e-07 4.66104e-07 4.34023e-07
0.00120919 0.000247295 0.000236176 0.000225358 0.000214856 0.000204682 0.000194843 0.000185345 0.000176191 0.000167381 0.000158914 0.000150786 0.000142994 0.000135532 0.000128393 0.00012157 0.000115055 0.00010884 0.000102916 9.7273e-05 9.19023e-05 8.67944e-05 8.19394e-05 7.7328e-05 7.29504e-05 6.87974e-05 6.48595e-05 6.11276e-05 5.75928e-05 5.42462e-05 5.10793e-05 4.80838e-05 4.52517e-05 4.25752e-05 4.00468e-05 3.76591e-05 3.54053e-05 3.32784e-05 3.12722e-05 2.93804e-05 2.7597e-05 2.59164e-05 2.43331e-05 2.2842e-05 2.1438e-05 2.01165e-05 1.88729e-05 1.77029e-05 1.66025e-05 1.55678e-05 1.45952e-05 1.3681e-05 1.28219e-05 1.20149e-05 1.1257e-05 1.05452e-05 9.87702e-06 9.24979e-06 8.66115e-06 8.10883e-06 7.59069e-06 7.1047e-06 6.64895e-06 6.22163e-06 5.82103e-06 5.44554e-06 5.09366e-06 4.76393e-06 4.45503e-06 4.16567e-06 3.89467e-06 3.64089e-06 3.40327e-06 3.18081e-06 2.97258e-06 2.7777e-06 2.59532e-06 2.42467e-06 2.26502e-06 2.11568e-06 1.97599e-06 1.84535e-06 1.72319e-06 1.60896e-06 1.50218e-06 1.40235e-06 1.30905e-06 1.22185e-06 1.14036e-06 1.06421e-06 9.93072e-07 9.26611e-07 8.64529e-07 8.06543e-07 7.52387e-07 7.01814e-07 6.54591e-07 6.105e-07 5.69337e-07 5.30911e-07 4.95043e-07
0.00111249 0.000232216 0.000222571 0.000213113 0.000203864 0.000194843 0.000186064 0.000177539 0.000169275 0.00016128 0.000153558 0.000146109 0.000138936 0.000132036 0.000125407 0.000119046 0.000112949 0.00010711 0.000101525 9.61861e-05 9.10876e-05 8.62225e-05 8.15836e-05 7.71636e-05 7.29551e-05 6.89507e-05 6.51427e-05 6.15237e-05 5.80864e-05 5.48233e-05 5.17273e-05 4.87913e-05 4.60084e-05 4.33718e-05 4.0875e-05 3.85115e-05 3.62751e-05 3.41599e-05 3.21601e-05 3.027e-05 2.84843e-05 2.67979e-05 2.52056e-05 2.37029e-05 2.2285e-05 2.09475e-05 1.96864e-05 1.84976e-05 1.73772e-05 1.63216e-05 1.53273e-05 1.43911e-05 1.35096e-05 1.26799e-05 1.18993e-05 1.11648e-05 1.0474e-05 9.82438e-06 9.21364e-06 8.63956e-06 8.10006e-06 7.59314e-06 7.11693e-06 6.66966e-06 6.24965e-06 5.8553e-06 5.48511e-06 5.13766e-06 4.81161e-06 4.50569e-06 4.21871e-06 3.94953e-06 3.69709e-06 3.46038e-06 3.23846e-06 3.03043e-06 2.83546e-06 2.65274e-06 2.48153e-06 2.32112e-06 2.17086e-06 2.03013e-06 1.89832e-06 1.7749e-06 1.65935e-06 1.55116e-06 1.4499e-06 1.35512e-06 1.26642e-06 1.18342e-06 1.10577e-06 1.03311e-06 9.65153e-07 9.01586e-07 8.42136e-07 7.86541e-07 7.34557e-07 6.85953e-07 6.40515e-07 5.9804e-07 5.58339e-07
0.00102353 0.000217967 0.00020965 0.000201423 0.000193313 0.000185345 0.000177539 0.000169909 0.000162471 0.000155235 0.000148208 0.000141398 0.000134808 0.000128441 0.000122298 0.000116379 0.000110684 0.00010521 9.99542e-05 9.49131e-05 9.00826e-05 8.54582e-05 8.10349e-05 7.68074e-05 7.27702e-05 6.89175e-05 6.52436e-05 6.17424e-05 5.8408e-05 5.52343e-05 5.22154e-05 4.93452e-05 4.66181e-05 4.4028e-05 4.15695e-05 3.92368e-05 3.70246e-05 3.49275e-05 3.29404e-05 3.10584e-05 2.92764e-05 2.759e-05 2.59944e-05 2.44855e-05 2.30588e-05 2.17105e-05 2.04367e-05 1.92335e-05 1.80974e-05 1.7025e-05 1.6013e-05 1.50583e-05 1.41578e-05 1.33087e-05 1.25084e-05 1.17541e-05 1.10433e-05 1.03738e-05 9.74333e-06 9.14967e-06 8.59082e-06 8.06486e-06 7.56995e-06 7.10435e-06 6.66641e-06 6.25458e-06 5.86736e-06 5.50336e-06 5.16124e-06 4.83974e-06 4.53768e-06 4.25393e-06 3.98741e-06 3.73714e-06 3.50214e-06 3.28153e-06 3.07446e-06 2.88012e-06 2.69776e-06 2.52666e-06 2.36615e-06 2.2156e-06 2.07441e-06 1.94201e-06 1.81787e-06 1.7015e-06 1.59241e-06 1.49018e-06 1.39437e-06 1.3046e-06 1.22049e-06 1.14169e-06 1.06789e-06 9.98769e-07 9.34038e-07 8.73425e-07 8.16675e-07 7.63547e-07 7.13815e-07 6.67267e-07 6.23703e-07
0.00094168 0.000204512 0.000197389 0.000190273 0.000183198 0.000176191 0.000169275 0.000162471 0.000155796 0.000149264 0.000142887 0.000136675 0.000130634 0.000124772 0.000119091 0.000113595 0.000108286 0.000103163 9.82273e-05 9.34764e-05 8.89088e-05 8.45219e-05 8.03126e-05 7.62774e-05 7.24126e-05 6.87139e-05 6.5177e-05 6.17973e-05 5.85701e-05 5.54906e-05 5.25539e-05 4.97551e-05 4.70894e-05 4.45517e-05 4.21373e-05 3.98414e-05 3.76592e-05 3.55861e-05 3.36176e-05 3.17492e-05 2.99765e-05 2.82954e-05 2.67018e-05 2.51916e-05 2.37612e-05 2.24066e-05 2.11244e-05 1.99111e-05 1.87634e-05 1.76781e-05 1.6652e-05 1.56823e-05 1.47662e-05 1.39008e-05 1.30837e-05 1.23123e-05 1.15842e-05 1.08973e-05 1.02493e-05 9.63819e-06 9.06199e-06 8.51884e-06 8.00695e-06 7.52463e-06 7.07027e-06 6.64233e-06 6.23937e-06 5.85999e-06 5.50289e-06 5.16683e-06 4.85061e-06 4.55313e-06 4.27332e-06 4.01018e-06 3.76276e-06 3.53016e-06 3.31152e-06 3.10605e-06 2.91297e-06 2.73157e-06 2.56117e-06 2.40112e-06 2.25082e-06 2.10969e-06 1.9772e-06 1.85282e-06 1.73609e-06 1.62654e-06 1.52375e-06 1.42731e-06 1.33683e-06 1.25197e-06 1.17239e-06 1.09776e-06 1.02778e-06 9.6217e-07 9.00668e-07 8.43021e-07 7.88994e-07 7.38364e-07 6.90923e-07
0.000866376 0.000191815 0.000185763 0.000179651 0.000173513 0.000167381 0.00016128 0.000155235 0.000149264 0.000143386 0.000137614 0.000131961 0.000126437 0.000121051 0.000115809 0.000110716 0.000105777 0.000100992 9.63656e-05 9.18969e-05 8.75862e-05 8.34326e-05 7.94348e-05 7.55909e-05 7.18985e-05 6.83549e-05 6.4957e-05 6.17015e-05 5.85849e-05 5.56034e-05 5.27532e-05 5.00303e-05 4.74308e-05 4.49505e-05 4.25854e-05 4.03315e-05 3.81846e-05 3.61407e-05 3.41959e-05 3.23462e-05 3.05879e-05 2.8917e-05 2.73301e-05 2.58234e-05 2.43936e-05 2.30371e-05 2.17508e-05 2.05314e-05 1.93758e-05 1.82812e-05 1.72446e-05 1.62633e-05 1.53345e-05 1.44558e-05 1.36248e-05 1.28389e-05 1.20961e-05 1.1394e-05 1.07308e-05 1.01043e-05 9.5127e-06 8.95419e-06 8.42703e-06 7.92959e-06 7.46028e-06 7.01763e-06 6.6002e-06 6.20664e-06 5.83566e-06 5.48604e-06 5.15661e-06 4.84627e-06 4.55396e-06 4.2787e-06 4.01952e-06 3.77554e-06 3.5459e-06 3.32979e-06 3.12647e-06 2.93518e-06 2.75527e-06 2.58607e-06 2.42697e-06 2.27739e-06 2.13678e-06 2.00463e-06 1.88044e-06 1.76375e-06 1.65412e-06 1.55114e-06 1.45441e-06 1.36358e-06 1.27829e-06 1.19821e-06 1.12304e-06 1.05248e-06 9.86259e-07 9.24116e-07 8.65808e-07 8.11103e-07 7.59785e-07
0.000797093 0.000179841 0.000174749 0.00016954 0.000164251 0.000158914 0.000153558 0.000148208 0.000142887 0.000137614 0.000132405 0.000127275 0.000122237 0.0001173 0.000112473 0.000107763 0.000103177 9.87176e-05 9.43891e-05 9.01939e-05 8.61333e-05 8.22081e-05 7.84184e-05 7.47637e-05 7.1243e-05 6.78546e-05 6.45968e-05 6.14674e-05 5.84638e-05 5.55833e-05 5.2823e-05 5.01798e-05 4.76506e-05 4.5232e-05 4.29207e-05 4.07132e-05 3.86062e-05 3.65962e-05 3.46797e-05 3.28534e-05 3.11139e-05 2.94578e-05 2.78819e-05 2.6383e-05 2.49579e-05 2.36035e-05 2.23169e-05 2.10951e-05 1.99354e-05 1.88349e-05 1.7791e-05 1.68011e-05 1.58628e-05 1.49737e-05 1.41313e-05 1.33336e-05 1.25784e-05 1.18635e-05 1.11872e-05 1.05473e-05 9.94226e-06 9.37017e-06 8.82942e-06 8.31841e-06 7.83564e-06 7.37963e-06 6.94901e-06 6.54246e-06 6.15871e-06 5.79656e-06 5.45487e-06 5.13255e-06 4.82855e-06 4.54191e-06 4.27166e-06 4.01694e-06 3.77688e-06 3.55068e-06 3.33759e-06 3.13687e-06 2.94784e-06 2.76985e-06 2.60228e-06 2.44455e-06 2.2961e-06 2.15641e-06 2.02498e-06 1.90134e-06 1.78505e-06 1.67568e-06 1.57284e-06 1.47615e-06 1.38525e-06 1.29981e-06 1.21952e-06 1.14407e-06 1.07317e-06 1.00657e-06 9.44014e-07 8.85256e-07 8.30075e-07
0.000733351 0.000168555 0.000164321 0.000159924 0.000155401 0.000150786 0.000146109 0.000141398 0.000136675 0.000131961 0.000127275 0.000122634 0.00011805 0.000113535 0.000109101 0.000104755 0.000100505 9.63574e-05 9.23159e-05 8.83849e-05 8.45672e-05 8.08649e-05 7.72793e-05 7.38111e-05 7.04603e-05 6.72266e-05 6.41092e-05 6.11068e-05 5.82179e-05 5.54406e-05 5.27729e-05 5.02125e-05 4.77569e-05 4.54036e-05 4.31498e-05 4.09928e-05 3.89297e-05 3.69576e-05 3.50736e-05 3.32747e-05 3.15581e-05 2.99208e-05 2.836e-05 2.68727e-05 2.54561e-05 2.41076e-05 2.28243e-05 2.16036e-05 2.0443e-05 1.93398e-05 1.82917e-05 1.72963e-05 1.63512e-05 1.54543e-05 1.46033e-05 1.37961e-05 1.30308e-05 1.23054e-05 1.1618e-05 1.09668e-05 1.03501e-05 9.76615e-06 9.21345e-06 8.69043e-06 8.19562e-06 7.72762e-06 7.28508e-06 6.86672e-06 6.4713e-06 6.09765e-06 5.74465e-06 5.41123e-06 5.09638e-06 4.79911e-06 4.51851e-06 4.25368e-06 4.0038e-06 3.76806e-06 3.54571e-06 3.33602e-06 3.13831e-06 2.95192e-06 2.77624e-06 2.61068e-06 2.45467e-06 2.30771e-06 2.16927e-06 2.0389e-06 1.91613e-06 1.80054e-06 1.69173e-06 1.58932e-06 1.49293e-06 1.40224e-06 1.31691e-06 1.23664e-06 1.16114e-06 1.09014e-06 1.02337e-06 9.60596e-07 9.01581e-07
0.000674707 0.000157925 0.000154456 0.000150787 0.000146955 0.000142994 0.000138936 0.000134808 0.000130634 0.000126437 0.000122237 0.00011805 0.000113891 0.000109774 0.00010571 0.000101709 9.77794e-05 9.39286e-05 9.01627e-05 8.64864e-05 8.29039e-05 7.94184e-05 7.60321e-05 7.27469e-05 6.95639e-05 6.64835e-05 6.3506e-05 6.0631e-05 5.78577e-05 5.51851e-05 5.2612e-05 5.01367e-05 4.77575e-05 4.54724e-05 4.32793e-05 4.11761e-05 3.91604e-05 3.72298e-05 3.53819e-05 3.36142e-05 3.19242e-05 3.03093e-05 2.8767e-05 2.72949e-05 2.58904e-05 2.4551e-05 2.32744e-05 2.2058e-05 2.08996e-05 1.97968e-05 1.87475e-05 1.77493e-05 1.68001e-05 1.58979e-05 1.50407e-05 1.42265e-05 1.34533e-05 1.27194e-05 1.20229e-05 1.13623e-05 1.07357e-05 1.01416e-05 9.57859e-06 9.04507e-06 8.53965e-06 8.06098e-06 7.60777e-06 7.17876e-06 6.77277e-06 6.38864e-06 6.02529e-06 5.68167e-06 5.35678e-06 5.04966e-06 4.75941e-06 4.48516e-06 4.22607e-06 3.98135e-06 3.75026e-06 3.53208e-06 3.32612e-06 3.13174e-06 2.94832e-06 2.77526e-06 2.61202e-06 2.45806e-06 2.31288e-06 2.176e-06 2.04696e-06 1.92535e-06 1.81074e-06 1.70275e-06 1.60101e-06 1.50518e-06 1.41492e-06 1.32993e-06 1.2499e-06 1.17456e-06 1.10364e-06 1.0369e-06 9.7409e-07
0.000620752 0.000147916 0.000145129 0.000142111 0.000138901 0.000135532 0.000132036 0.000128441 0.000124772 0.000121051 0.0001173 0.000113535 0.000109774 0.000106029 0.000102314 9.86391e-05 9.5014e-05 9.14468e-05 8.79446e-05 8.45133e-05 8.11579e-05 7.78826e-05 7.46905e-05 7.15844e-05 6.85662e-05 6.56373e-05 6.27986e-05 6.00506e-05 5.73933e-05 5.48263e-05 5.23491e-05 4.99606e-05 4.76599e-05 4.54454e-05 4.33157e-05 4.12691e-05 3.93037e-05 3.74177e-05 3.56091e-05 3.38757e-05 3.22155e-05 3.06264e-05 2.9106e-05 2.76522e-05 2.62629e-05 2.49359e-05 2.36689e-05 2.24598e-05 2.13065e-05 2.02069e-05 1.9159e-05 1.81606e-05 1.72099e-05 1.63049e-05 1.54438e-05 1.46246e-05 1.38457e-05 1.31054e-05 1.24018e-05 1.17335e-05 1.10988e-05 1.04963e-05 9.92441e-06 9.38184e-06 8.8672e-06 8.37917e-06 7.91652e-06 7.47803e-06 7.06254e-06 6.66896e-06 6.29621e-06 5.94327e-06 5.60917e-06 5.29298e-06 4.99381e-06 4.71079e-06 4.44311e-06 4.19e-06 3.95071e-06 3.72453e-06 3.51078e-06 3.30883e-06 3.11804e-06 2.93785e-06 2.7677e-06 2.60704e-06 2.45538e-06 2.31225e-06 2.17717e-06 2.04973e-06 1.9295e-06 1.8161e-06 1.70916e-06 1.60832e-06 1.51326e-06 1.42364e-06 1.33918e-06 1.25959e-06 1.1846e-06 1.11394e-06 1.04739e-06
0.000571111 0.000138499 0.000136316 0.00013388 0.000131227 0.000128393 0.000125407 0.000122298 0.000119091 0.000115809 0.000112473 0.000109101 0.00010571 0.000102314 9.89267e-05 9.55597e-05 9.2223e-05 8.89258e-05 8.56756e-05 8.24794e-05 7.93427e-05 7.62707e-05 7.32672e-05 7.03358e-05 6.7479e-05 6.46992e-05 6.19977e-05 5.93758e-05 5.68342e-05 5.43731e-05 5.19925e-05 4.96921e-05 4.74714e-05 4.53294e-05 4.32652e-05 4.12775e-05 3.9365e-05 3.75263e-05 3.57596e-05 3.40634e-05 3.24359e-05 3.08753e-05 2.93797e-05 2.79473e-05 2.6576e-05 2.52641e-05 2.40096e-05 2.28105e-05 2.1665e-05 2.05712e-05 1.95271e-05 1.85311e-05 1.75812e-05 1.66757e-05 1.58128e-05 1.49909e-05 1.42083e-05 1.34633e-05 1.27545e-05 1.20803e-05 1.14392e-05 1.08297e-05 1.02506e-05 9.70039e-06 9.17787e-06 8.68177e-06 8.21087e-06 7.76403e-06 7.34012e-06 6.93808e-06 6.55687e-06 6.19551e-06 5.85303e-06 5.52854e-06 5.22116e-06 4.93006e-06 4.65442e-06 4.3935e-06 4.14655e-06 3.91287e-06 3.69181e-06 3.48271e-06 3.28497e-06 3.09801e-06 2.92128e-06 2.75424e-06 2.59639e-06 2.44726e-06 2.30638e-06 2.17333e-06 2.04769e-06 1.92906e-06 1.81708e-06 1.71138e-06 1.61164e-06 1.51752e-06 1.42874e-06 1.34498e-06 1.266e-06 1.19151e-06 1.12128e-06
0.000525441 0.000129641 0.000127994 0.000126076 0.000123923 0.00012157 0.000119046 0.000116379 0.000113595 0.000110716 0.000107763 0.000104755 0.000101709 9.86391e-05 9.55597e-05 9.24828e-05 8.94191e-05 8.63781e-05 8.33683e-05 8.03971e-05 7.74707e-05 7.45948e-05 7.1774e-05 6.90124e-05 6.63134e-05 6.36796e-05 6.11132e-05 5.8616e-05 5.61893e-05 5.38339e-05 5.15503e-05 4.93387e-05 4.7199e-05 4.51309e-05 4.31338e-05 4.1207e-05 3.93494e-05 3.75601e-05 3.58378e-05 3.41812e-05 3.25889e-05 3.10594e-05 2.95912e-05 2.81826e-05 2.6832e-05 2.55378e-05 2.42983e-05 2.31117e-05 2.19765e-05 2.08908e-05 1.9853e-05 1.88615e-05 1.79147e-05 1.70107e-05 1.61482e-05 1.53255e-05 1.45411e-05 1.37934e-05 1.30811e-05 1.24026e-05 1.17567e-05 1.11418e-05 1.05569e-05 1.00004e-05 9.47136e-06 8.96841e-06 8.49045e-06 8.03637e-06 7.60508e-06 7.19557e-06 6.80684e-06 6.43792e-06 6.08789e-06 5.75587e-06 5.44101e-06 5.14249e-06 4.85953e-06 4.59139e-06 4.33733e-06 4.09667e-06 3.86876e-06 3.65296e-06 3.44868e-06 3.25533e-06 3.07237e-06 2.89927e-06 2.73553e-06 2.58068e-06 2.43426e-06 2.29583e-06 2.16498e-06 2.04132e-06 1.92447e-06 1.81408e-06 1.7098e-06 1.61131e-06 1.51831e-06 1.43051e-06 1.34762e-06 1.26939e-06 1.19555e-06
0.000483422 0.000121315 0.00012014 0.000118682 0.000116976 0.000115055 0.000112949 0.000110684 0.000108286 0.000105777 0.000103177 0.000100505 9.77794e-05 9.5014e-05 9.2223e-05 8.94191e-05 8.66131e-05 8.38152e-05 8.10342e-05 7.82779e-05 7.55531e-05 7.2866e-05 7.02218e-05 6.76249e-05 6.50794e-05 6.25884e-05 6.01546e-05 5.77803e-05 5.54673e-05 5.32169e-05 5.10301e-05 4.89075e-05 4.68495e-05 4.48562e-05 4.29275e-05 4.10629e-05 3.9262e-05 3.7524e-05 3.5848e-05 3.42331e-05 3.26781e-05 3.1182e-05 2.97433e-05 2.83609e-05 2.70333e-05 2.57592e-05 2.45369e-05 2.33652e-05 2.22424e-05 2.11671e-05 2.01378e-05 1.9153e-05 1.82111e-05 1.73108e-05 1.64505e-05 1.56289e-05 1.48444e-05 1.40958e-05 1.33816e-05 1.27005e-05 1.20513e-05 1.14325e-05 1.08431e-05 1.02818e-05 9.74741e-06 9.23882e-06 8.75494e-06 8.2947e-06 7.85707e-06 7.44106e-06 7.04571e-06 6.6701e-06 6.31333e-06 5.97455e-06 5.65293e-06 5.34767e-06 5.05802e-06 4.78324e-06 4.52263e-06 4.27551e-06 4.04124e-06 3.81919e-06 3.60878e-06 3.40943e-06 3.2206e-06 3.04178e-06 2.87246e-06 2.71217e-06 2.56046e-06 2.4169e-06 2.28107e-06 2.15257e-06 2.03105e-06 1.91613e-06 1.80747e-06 1.70476e-06 1.60768e-06 1.51594e-06 1.42925e-06 1.34736e-06 1.27001e-06
0.000444764 0.000113491 0.000112731 0.00011168 0.000110373 0.00010884 0.00010711 0.00010521 0.000103163 0.000100992 9.87176e-05 9.63574e-05 9.39286e-05 9.14468e-05 8.89258e-05 8.63781e-05 8.38152e-05 8.12473e-05 7.86836e-05 7.61322e-05 7.36004e-05 7.10946e-05 6.86205e-05 6.61831e-05 6.37866e-05 6.14347e-05 5.91307e-05 5.68771e-05 5.46762e-05 5.25298e-05 5.04392e-05 4.84054e-05 4.64294e-05 4.45115e-05 4.26519e-05 4.08507e-05 3.91076e-05 3.74223e-05 3.57943e-05 3.42228e-05 3.27071e-05 3.12462e-05 2.98392e-05 2.8485e-05 2.71824e-05 2.59303e-05 2.47275e-05 2.35726e-05 2.24643e-05 2.14014e-05 2.03825e-05 1.94063e-05 1.84715e-05 1.75766e-05 1.67204e-05 1.59016e-05 1.51188e-05 1.43708e-05 1.36564e-05 1.29742e-05 1.2323e-05 1.17018e-05 1.11093e-05 1.05443e-05 1.00059e-05 9.49282e-06 9.00412e-06 8.53877e-06 8.0958e-06 7.67424e-06 7.27317e-06 6.89172e-06 6.52901e-06 6.18422e-06 5.85655e-06 5.54523e-06 5.24951e-06 4.96869e-06 4.70208e-06 4.44902e-06 4.20887e-06 3.98103e-06 3.76491e-06 3.55995e-06 3.36563e-06 3.18142e-06 3.00684e-06 2.84141e-06 2.68469e-06 2.53624e-06 2.39566e-06 2.26255e-06 2.13654e-06 2.01728e-06 1.90441e-06 1.79762e-06 1.6966e-06 1.60104e-06 1.51068e-06 1.42524e-06 1.34446e-06
0.000409197 0.000106143 0.000105746 0.000105055 0.000104102 0.000102916 0.000101525 9.99542e-05 9.82273e-05 9.63656e-05 9.43891e-05 9.23159e-05 9.01627e-05 8.79446e-05 8.56756e-05 8.33683e-05 8.10342e-05 7.86836e-05 7.63259e-05 7.39695e-05 7.16219e-05 6.92899e-05 6.69795e-05 6.46959e-05 6.24438e-05 6.02273e-05 5.80498e-05 5.59144e-05 5.38237e-05 5.17797e-05 4.97844e-05 4.7839e-05 4.59447e-05 4.41024e-05 4.23125e-05 4.05753e-05 3.88911e-05 3.72597e-05 3.56809e-05 3.41543e-05 3.26793e-05 3.12553e-05 2.98817e-05 2.85574e-05 2.72817e-05 2.60536e-05 2.48719e-05 2.37357e-05 2.26439e-05 2.15952e-05 2.05886e-05 1.96228e-05 1.86966e-05 1.78089e-05 1.69585e-05 1.61441e-05 1.53646e-05 1.46188e-05 1.39056e-05 1.32237e-05 1.25722e-05 1.19497e-05 1.13554e-05 1.0788e-05 1.02467e-05 9.73026e-06 9.23782e-06 8.76839e-06 8.32104e-06 7.89485e-06 7.48895e-06 7.10248e-06 6.73461e-06 6.38456e-06 6.05155e-06 5.73482e-06 5.43367e-06 5.1474e-06 4.87534e-06 4.61685e-06 4.37132e-06 4.13813e-06 3.91674e-06 3.70658e-06 3.50713e-06 3.31789e-06 3.13836e-06 2.9681e-06 2.80664e-06 2.65357e-06 2.50848e-06 2.37098e-06 2.2407e-06 2.11727e-06 2.00037e-06 1.88967e-06 1.78485e-06 1.68562e-06 1.5917e-06 1.50282e-06 1.41872e-06
0.000376474 9.92444e-05 9.91643e-05 9.87893e-05 9.81494e-05 9.7273e-05 9.61861e-05 9.49131e-05 9.34764e-05 9.18969e-05 9.01939e-05 8.83849e-05 8.64864e-05 8.45133e-05 8.24794e-05 8.03971e-05 7.82779e-05 7.61322e-05 7.39695e-05 7.17983e-05 6.96264e-05 6.74606e-05 6.53072e-05 6.31718e-05 6.10592e-05 5.89739e-05 5.69195e-05 5.48995e-05 5.29168e-05 5.09737e-05 4.90723e-05 4.72145e-05 4.54015e-05 4.36345e-05 4.19144e-05 4.02418e-05 3.86171e-05 3.70404e-05 3.55118e-05 3.40312e-05 3.25983e-05 3.12126e-05 2.98737e-05 2.8581e-05 2.73337e-05 2.61311e-05 2.49723e-05 2.38565e-05 2.27827e-05 2.175e-05 2.07572e-05 1.98035e-05 1.88877e-05 1.80087e-05 1.71656e-05 1.63572e-05 1.55825e-05 1.48403e-05 1.41297e-05 1.34495e-05 1.27988e-05 1.21765e-05 1.15815e-05 1.10129e-05 1.04698e-05 9.9511e-06 9.45595e-06 8.98342e-06 8.53263e-06 8.10271e-06 7.69282e-06 7.30215e-06 6.9299e-06 6.57532e-06 6.23764e-06 5.91617e-06 5.6102e-06 5.31906e-06 5.04211e-06 4.77871e-06 4.52828e-06 4.29021e-06 4.06397e-06 3.84901e-06 3.64481e-06 3.45089e-06 3.26675e-06 3.09195e-06 2.92605e-06 2.76863e-06 2.61928e-06 2.47761e-06 2.34327e-06 2.21589e-06 2.09513e-06 1.98068e-06 1.87222e-06 1.76946e-06 1.67211e-06 1.57991e-06 1.4926e-06
0.000346369 9.27702e-05 9.29651e-05 9.28668e-05 9.25037e-05 9.19023e-05 9.10876e-05 9.00826e-05 8.89088e-05 8.75862e-05 8.61333e-05 8.45672e-05 8.29039e-05 8.11579e-05 7.93427e-05 7.74707e-05 7.55531e-05 7.36004e-05 7.16219e-05 6.96264e-05 6.76215e-05 6.56144e-05 6.36115e-05 6.16185e-05 5.96404e-05 5.7682e-05 5.57472e-05 5.38395e-05 5.19622e-05 5.0118e-05 4.83091e-05 4.65377e-05 4.48052e-05 4.31133e-05 4.14628e-05 3.98548e-05 3.82899e-05 3.67685e-05 3.52909e-05 3.38572e-05 3.24673e-05 3.11211e-05 2.98182e-05 2.85583e-05 2.73408e-05 2.61652e-05 2.50307e-05 2.39368e-05 2.28825e-05 2.18672e-05 2.08898e-05 1.99496e-05 1.90456e-05 1.81769e-05 1.73426e-05 1.65416e-05 1.5773e-05 1.50358e-05 1.43291e-05 1.36519e-05 1.30033e-05 1.23822e-05 1.17878e-05 1.12191e-05 1.06753e-05 1.01553e-05 9.65847e-06 9.18379e-06 8.73046e-06 8.29768e-06 7.88463e-06 7.49055e-06 7.11467e-06 6.75626e-06 6.41461e-06 6.08903e-06 5.77885e-06 5.48342e-06 5.20212e-06 4.93433e-06 4.67948e-06 4.43699e-06 4.20633e-06 3.98697e-06 3.77841e-06 3.58015e-06 3.39174e-06 3.21272e-06 3.04267e-06 2.88116e-06 2.7278e-06 2.58221e-06 2.44402e-06 2.31289e-06 2.18847e-06 2.07044e-06 1.9585e-06 1.85236e-06 1.75172e-06 1.65633e-06 1.56592e-06
0.00031867 8.66968e-05 8.71289e-05 8.72717e-05 8.71519e-05 8.67944e-05 8.62225e-05 8.54582e-05 8.45219e-05 8.34326e-05 8.22081e-05 8.08649e-05 7.94184e-05 7.78826e-05 7.62707e-05 7.45948e-05 7.2866e-05 7.10946e-05 6.92899e-05 6.74606e-05 6.56144e-05 6.37586e-05 6.18995e-05 6.0043e-05 5.81944e-05 5.63585e-05 5.45394e-05 5.27409e-05 5.09664e-05 4.92188e-05 4.75007e-05 4.58142e-05 4.41613e-05 4.25436e-05 4.09625e-05 3.9419e-05 3.7914e-05 3.64482e-05 3.5022e-05 3.36359e-05 3.22898e-05 3.09839e-05 2.97181e-05 2.8492e-05 2.73055e-05 2.6158e-05 2.50492e-05 2.39784e-05 2.2945e-05 2.19484e-05 2.09878e-05 2.00625e-05 1.91717e-05 1.83146e-05 1.74903e-05 1.6698e-05 1.59368e-05 1.52059e-05 1.45043e-05 1.38313e-05 1.31859e-05 1.25672e-05 1.19745e-05 1.14068e-05 1.08632e-05 1.0343e-05 9.84539e-06 9.36947e-06 8.91449e-06 8.47968e-06 8.06427e-06 7.66754e-06 7.28875e-06 6.92722e-06 6.58226e-06 6.25321e-06 5.93941e-06 5.64026e-06 5.35514e-06 5.08346e-06 4.82467e-06 4.57822e-06 4.34357e-06 4.12021e-06 3.90766e-06 3.70544e-06 3.51309e-06 3.33016e-06 3.15625e-06 2.99093e-06 2.83383e-06 2.68455e-06 2.54275e-06 2.40807e-06 2.28018e-06 2.15876e-06 2.04351e-06 1.93414e-06 1.83036e-06 1.73191e-06 1.63853e-06
0.000293187 8.10016e-05 8.16368e-05 8.19886e-05 8.20817e-05 8.19394e-05 8.15836e-05 8.10349e-05 8.03126e-05 7.94348e-05 7.84184e-05 7.72793e-05 7.60321e-05 7.46905e-05 7.32672e-05 7.1774e-05 7.02218e-05 6.86205e-05 6.69795e-05 6.53072e-05 6.36115e-05 6.18995e-05 6.01776e-05 5.84519e-05 5.67276e-05 5.50097e-05 5.33024e-05 5.16097e-05 4.99351e-05 4.82818e-05 4.66524e-05 4.50494e-05 4.34748e-05 4.19305e-05 4.0418e-05 3.89386e-05 3.74934e-05 3.60832e-05 3.47088e-05 3.33706e-05 3.20689e-05 3.08041e-05 2.9576e-05 2.83848e-05 2.72301e-05 2.61119e-05 2.50298e-05 2.39833e-05 2.29719e-05 2.19952e-05 2.10526e-05 2.01434e-05 1.9267e-05 1.84226e-05 1.76096e-05 1.68272e-05 1.60747e-05 1.53512e-05 1.46559e-05 1.39882e-05 1.33471e-05 1.27319e-05 1.21418e-05 1.15761e-05 1.10338e-05 1.05143e-05 1.00168e-05 9.5405e-06 9.0847e-06 8.64866e-06 8.23167e-06 7.83303e-06 7.45205e-06 7.08807e-06 6.74044e-06 6.40852e-06 6.0917e-06 5.78938e-06 5.50097e-06 5.22591e-06 4.96366e-06 4.71369e-06 4.47547e-06 4.24853e-06 4.03237e-06 3.82653e-06 3.63057e-06 3.44406e-06 3.26658e-06 3.09774e-06 2.93715e-06 2.78443e-06 2.63924e-06 2.50123e-06 2.37007e-06 2.24545e-06 2.12706e-06 2.01462e-06 1.90785e-06 1.80648e-06 1.71026e-06
0.000269741 7.56628e-05 7.64708e-05 7.70026e-05 7.72811e-05 7.7328e-05 7.71636e-05 7.68074e-05 7.62774e-05 7.55909e-05 7.47637e-05 7.38111e-05 7.27469e-05 7.15844e-05 7.03358e-05 6.90124e-05 6.76249e-05 6.61831e-05 6.46959e-05 6.31718e-05 6.16185e-05 6.0043e-05 5.84519e-05 5.68511e-05 5.52459e-05 5.36414e-05 5.20419e-05 5.04516e-05 4.8874e-05 4.73123e-05 4.57695e-05 4.42481e-05 4.27504e-05 4.12784e-05 3.98337e-05 3.84179e-05 3.70321e-05 3.56775e-05 3.43548e-05 3.30647e-05 3.18078e-05 3.05845e-05 2.93948e-05 2.82391e-05 2.71172e-05 2.6029e-05 2.49745e-05 2.39532e-05 2.2965e-05 2.20092e-05 2.10857e-05 2.01937e-05 1.93327e-05 1.85023e-05 1.77017e-05 1.69302e-05 1.61874e-05 1.54723e-05 1.47845e-05 1.4123e-05 1.34873e-05 1.28766e-05 1.22902e-05 1.17273e-05 1.11872e-05 1.06693e-05 1.01728e-05 9.69696e-06 9.24114e-06 8.80465e-06 8.38682e-06 7.98698e-06 7.60449e-06 7.23871e-06 6.88903e-06 6.55485e-06 6.23557e-06 5.93062e-06 5.63945e-06 5.3615e-06 5.09626e-06 4.84321e-06 4.60185e-06 4.37171e-06 4.15231e-06 3.94322e-06 3.74399e-06 3.55421e-06 3.37347e-06 3.20138e-06 3.03756e-06 2.88165e-06 2.73331e-06 2.59218e-06 2.45796e-06 2.33032e-06 2.20898e-06 2.09364e-06 1.98403e-06 1.87988e-06 1.78095e-06
0.00024817 7.06599e-05 7.16133e-05 7.2299e-05 7.27381e-05 7.29504e-05 7.29551e-05 7.27702e-05 7.24126e-05 7.18985e-05 7.1243e-05 7.04603e-05 6.95639e-05 6.85662e-05 6.7479e-05 6.63134e-05 6.50794e-05 6.37866e-05 6.24438e-05 6.10592e-05 5.96404e-05 5.81944e-05 5.67276e-05 5.52459e-05 5.37547e-05 5.22591e-05 5.07634e-05 4.92718e-05 4.7788e-05 4.63153e-05 4.48568e-05 4.34152e-05 4.19927e-05 4.05917e-05 3.92138e-05 3.78607e-05 3.65339e-05 3.52344e-05 3.39633e-05 3.27215e-05 3.15096e-05 3.0328e-05 2.91772e-05 2.80575e-05 2.69689e-05 2.59116e-05 2.48854e-05 2.38902e-05 2.29258e-05 2.1992e-05 2.10884e-05 2.02146e-05 1.93701e-05 1.85545e-05 1.77673e-05 1.70079e-05 1.62757e-05 1.55701e-05 1.48906e-05 1.42365e-05 1.36071e-05 1.30017e-05 1.24199e-05 1.18608e-05 1.13238e-05 1.08083e-05 1.03135e-05 9.83896e-06 9.38389e-06 8.94769e-06 8.52972e-06 8.12937e-06 7.74602e-06 7.37909e-06 7.02797e-06 6.6921e-06 6.37092e-06 6.06388e-06 5.77044e-06 5.49009e-06 5.22231e-06 4.96662e-06 4.72253e-06 4.48959e-06 4.26734e-06 4.05534e-06 3.85318e-06 3.66044e-06 3.47673e-06 3.30168e-06 3.1349e-06 2.97605e-06 2.82478e-06 2.68076e-06 2.54368e-06 2.41323e-06 2.28911e-06 2.17104e-06 2.05875e-06 1.95197e-06 1.85046e-06
0.000228325 6.59732e-05 6.70478e-05 6.7864e-05 6.8441e-05 6.87974e-05 6.89507e-05 6.89175e-05 6.87139e-05 6.83549e-05 6.78546e-05 6.72266e-05 6.64835e-05 6.56373e-05 6.46992e-05 6.36796e-05 6.25884e-05 6.14347e-05 6.02273e-05 5.89739e-05 5.7682e-05 5.63585e-05 5.50097e-05 5.36414e-05 5.22591e-05 5.08676e-05 4.94716e-05 4.80751e-05 4.66819e-05 4.52955e-05 4.39189e-05 4.25549e-05 4.1206e-05 3.98744e-05 3.85622e-05 3.7271e-05 3.60023e-05 3.47576e-05 3.35378e-05 3.2344e-05 3.1177e-05 3.00374e-05 2.89258e-05 2.78424e-05 2.67876e-05 2.57616e-05 2.47644e-05 2.3796e-05 2.28563e-05 2.19452e-05 2.10623e-05 2.02075e-05 1.93804e-05 1.85806e-05 1.78076e-05 1.70611e-05 1.63405e-05 1.56453e-05 1.4975e-05 1.43291e-05 1.37068e-05 1.31078e-05 1.25313e-05 1.19768e-05 1.14437e-05 1.09314e-05 1.04392e-05 9.96668e-06 9.51308e-06 9.07786e-06 8.66044e-06 8.26024e-06 7.87667e-06 7.50918e-06 7.15721e-06 6.82022e-06 6.49768e-06 6.18905e-06 5.89385e-06 5.61155e-06 5.34169e-06 5.08379e-06 4.83738e-06 4.60202e-06 4.37728e-06 4.16273e-06 3.95796e-06 3.76258e-06 3.57621e-06 3.39847e-06 3.22899e-06 3.06745e-06 2.9135e-06 2.76681e-06 2.62708e-06 2.494e-06 2.36729e-06 2.24666e-06 2.13185e-06 2.0226e-06 1.91866e-06
0.000210066 6.15843e-05 6.27583e-05 6.36838e-05 6.43786e-05 6.48595e-05 6.51427e-05 6.52436e-05 6.5177e-05 6.4957e-05 6.45968e-05 6.41092e-05 6.3506e-05 6.27986e-05 6.19977e-05 6.11132e-05 6.01546e-05 5.91307e-05 5.80498e-05 5.69195e-05 5.57472e-05 5.45394e-05 5.33024e-05 5.20419e-05 5.07634e-05 4.94716e-05 4.81711e-05 4.68661e-05 4.55603e-05 4.42572e-05 4.296e-05 4.16715e-05 4.03942e-05 3.91306e-05 3.78827e-05 3.66522e-05 3.54409e-05 3.42502e-05 3.30813e-05 3.19353e-05 3.0813e-05 2.97154e-05 2.8643e-05 2.75962e-05 2.65756e-05 2.55813e-05 2.46136e-05 2.36725e-05 2.27581e-05 2.18703e-05 2.10089e-05 2.01739e-05 1.93648e-05 1.85816e-05 1.78237e-05 1.70909e-05 1.63827e-05 1.56987e-05 1.50384e-05 1.44014e-05 1.37872e-05 1.31952e-05 1.26249e-05 1.20758e-05 1.15474e-05 1.1039e-05 1.05502e-05 1.00803e-05 9.62886e-06 9.19531e-06 8.77908e-06 8.37964e-06 7.99646e-06 7.629e-06 7.27674e-06 6.93917e-06 6.61578e-06 6.30608e-06 6.00958e-06 5.72581e-06 5.4543e-06 5.1946e-06 4.94627e-06 4.70888e-06 4.48201e-06 4.26525e-06 4.05821e-06 3.8605e-06 3.67175e-06 3.4916e-06 3.3197e-06 3.15572e-06 2.99931e-06 2.85018e-06 2.70801e-06 2.5725e-06 2.44338e-06 2.32037e-06 2.20321e-06 2.09163e-06 1.9854e-06
0.000193268 5.74754e-05 5.87294e-05 5.97456e-05 6.05399e-05 6.11276e-05 6.15237e-05 6.17424e-05 6.17973e-05 6.17015e-05 6.14674e-05 6.11068e-05 6.0631e-05 6.00506e-05 5.93758e-05 5.8616e-05 5.77803e-05 5.68771e-05 5.59144e-05 5.48995e-05 5.38395e-05 5.27409e-05 5.16097e-05 5.04516e-05 4.92718e-05 4.80751e-05 4.68661e-05 4.56488e-05 4.44271e-05 4.32045e-05 4.1984e-05 4.07687e-05 3.95612e-05 3.83638e-05 3.71787e-05 3.60078e-05 3.48529e-05 3.37154e-05 3.25968e-05 3.14981e-05 3.04204e-05 2.93645e-05 2.83313e-05 2.73213e-05 2.6335e-05 2.53727e-05 2.44348e-05 2.35215e-05 2.26328e-05 2.17689e-05 2.09296e-05 2.01149e-05 1.93247e-05 1.85586e-05 1.78165e-05 1.70981e-05 1.64031e-05 1.5731e-05 1.50815e-05 1.44543e-05 1.38488e-05 1.32646e-05 1.27012e-05 1.21583e-05 1.16351e-05 1.11314e-05 1.06465e-05 1.01801e-05 9.73143e-06 9.30017e-06 8.88575e-06 8.48769e-06 8.10547e-06 7.7386e-06 7.38659e-06 7.04895e-06 6.72522e-06 6.41492e-06 6.1176e-06 5.83279e-06 5.56006e-06 5.29898e-06 5.04912e-06 4.81007e-06 4.58142e-06 4.36279e-06 4.1538e-06 3.95407e-06 3.76324e-06 3.58096e-06 3.40689e-06 3.24071e-06 3.08209e-06 2.93073e-06 2.78633e-06 2.6486e-06 2.51726e-06 2.39205e-06 2.27269e-06 2.15895e-06 2.05058e-06
0.000177812 5.36299e-05 5.49468e-05 5.60367e-05 5.69141e-05 5.75928e-05 5.80864e-05 5.8408e-05 5.85701e-05 5.85849e-05 5.84638e-05 5.82179e-05 5.78577e-05 5.73933e-05 5.68342e-05 5.61893e-05 5.54673e-05 5.46762e-05 5.38237e-05 5.29168e-05 5.19622e-05 5.09664e-05 4.99351e-05 4.8874e-05 4.7788e-05 4.66819e-05 4.55603e-05 4.44271e-05 4.32862e-05 4.2141e-05 4.09947e-05 3.98503e-05 3.87104e-05 3.75775e-05 3.64537e-05 3.53411e-05 3.42414e-05 3.31563e-05 3.20871e-05 3.10352e-05 3.00016e-05 2.89873e-05 2.79932e-05 2.70198e-05 2.60679e-05 2.51378e-05 2.423e-05 2.33447e-05 2.24822e-05 2.16426e-05 2.08259e-05 2.00321e-05 1.92611e-05 1.85129e-05 1.77872e-05 1.70838e-05 1.64026e-05 1.57431e-05 1.51051e-05 1.44883e-05 1.38922e-05 1.33165e-05 1.27607e-05 1.22245e-05 1.17074e-05 1.12089e-05 1.07287e-05 1.02662e-05 9.82102e-06 9.39265e-06 8.98062e-06 8.58449e-06 8.20378e-06 7.83804e-06 7.48679e-06 7.1496e-06 6.82601e-06 6.51558e-06 6.21787e-06 5.93246e-06 5.65893e-06 5.39686e-06 5.14584e-06 4.9055e-06 4.67543e-06 4.45526e-06 4.24463e-06 4.04318e-06 3.85055e-06 3.66642e-06 3.49045e-06 3.32232e-06 3.16172e-06 3.00836e-06 2.86194e-06 2.72218e-06 2.58881e-06 2.46157e-06 2.34019e-06 2.22444e-06 2.11408e-06
0.000163593 5.00318e-05 5.13965e-05 5.25452e-05 5.34909e-05 5.42462e-05 5.48233e-05 5.52343e-05 5.54906e-05 5.56034e-05 5.55833e-05 5.54406e-05 5.51851e-05 5.48263e-05 5.43731e-05 5.38339e-05 5.32169e-05 5.25298e-05 5.17797e-05 5.09737e-05 5.0118e-05 4.92188e-05 4.82818e-05 4.73123e-05 4.63153e-05 4.52955e-05 4.42572e-05 4.32045e-05 4.2141e-05 4.10703e-05 3.99955e-05 3.89196e-05 3.78452e-05 3.67748e-05 3.57108e-05 3.4655e-05 3.36094e-05 3.25756e-05 3.15551e-05 3.05493e-05 2.95593e-05 2.85862e-05 2.76308e-05 2.6694e-05 2.57764e-05 2.48785e-05 2.40009e-05 2.31439e-05 2.23078e-05 2.14928e-05 2.06991e-05 1.99266e-05 1.91754e-05 1.84455e-05 1.77368e-05 1.7049e-05 1.63821e-05 1.57359e-05 1.51099e-05 1.45041e-05 1.3918e-05 1.33514e-05 1.28039e-05 1.2275e-05 1.17645e-05 1.1272e-05 1.0797e-05 1.03391e-05 9.89788e-06 9.47295e-06 9.06387e-06 8.67021e-06 8.29154e-06 7.92742e-06 7.57744e-06 7.24116e-06 6.91818e-06 6.60806e-06 6.3104e-06 6.02481e-06 5.75086e-06 5.48819e-06 5.2364e-06 4.99511e-06 4.76395e-06 4.54257e-06 4.33062e-06 4.12774e-06 3.9336e-06 3.74789e-06 3.57027e-06 3.40044e-06 3.23809e-06 3.08295e-06 2.93472e-06 2.79313e-06 2.65792e-06 2.52882e-06 2.40559e-06 2.28799e-06 2.17579e-06
0.000150511 4.66663e-05 4.80653e-05 4.92595e-05 5.02604e-05 5.10793e-05 5.17273e-05 5.22154e-05 5.25539e-05 5.27532e-05 5.2823e-05 5.27729e-05 5.2612e-05 5.23491e-05 5.19925e-05 5.15503e-05 5.10301e-05 5.04392e-05 4.97844e-05 4.90723e-05 4.83091e-05 4.75007e-05 4.66524e-05 4.57695e-05 4.48568e-05 4.39189e-05 4.296e-05 4.1984e-05 4.09947e-05 3.99955e-05 3.89895e-05 3.79796e-05 3.69686e-05 3.59589e-05 3.49528e-05 3.39525e-05 3.29596e-05 3.19761e-05 3.10034e-05 3.00429e-05 2.90958e-05 2.81633e-05 2.72464e-05 2.63459e-05 2.54624e-05 2.45968e-05 2.37494e-05 2.29208e-05 2.21113e-05 2.13212e-05 2.05506e-05 1.97998e-05 1.90688e-05 1.83577e-05 1.76663e-05 1.69947e-05 1.63427e-05 1.57101e-05 1.50968e-05 1.45025e-05 1.3927e-05 1.337e-05 1.28313e-05 1.23104e-05 1.18071e-05 1.1321e-05 1.08517e-05 1.03989e-05 9.96227e-06 9.54132e-06 9.13571e-06 8.74502e-06 8.36888e-06 8.00688e-06 7.65862e-06 7.32372e-06 7.00178e-06 6.6924e-06 6.39522e-06 6.10983e-06 5.83587e-06 5.57296e-06 5.32074e-06 5.07886e-06 4.84695e-06 4.62467e-06 4.41169e-06 4.20768e-06 4.01232e-06 3.82528e-06 3.64626e-06 3.47497e-06 3.31111e-06 3.1544e-06 3.00457e-06 2.86135e-06 2.72448e-06 2.59371e-06 2.4688e-06 2.34951e-06 2.23562e-06
0.000138475 4.3519e-05 4.49407e-05 4.61686e-05 4.72129e-05 4.80838e-05 4.87913e-05 4.93452e-05 4.97551e-05 5.00303e-05 5.01798e-05 5.02125e-05 5.01367e-05 4.99606e-05 4.96921e-05 4.93387e-05 4.89075e-05 4.84054e-05 4.7839e-05 4.72145e-05 4.65377e-05 4.58142e-05 4.50494e-05 4.42481e-05 4.34152e-05 4.25549e-05 4.16715e-05 4.07687e-05 3.98503e-05 3.89196e-05 3.79796e-05 3.70334e-05 3.60835e-05 3.51325e-05 3.41827e-05 3.32361e-05 3.22947e-05 3.13602e-05 3.04343e-05 2.95182e-05 2.86135e-05 2.77211e-05 2.68421e-05 2.59775e-05 2.5128e-05 2.42944e-05 2.34772e-05 2.2677e-05 2.18942e-05 2.11291e-05 2.0382e-05 1.96531e-05 1.89426e-05 1.82505e-05 1.75769e-05 1.69218e-05 1.62851e-05 1.56666e-05 1.50664e-05 1.44842e-05 1.39198e-05 1.33729e-05 1.28434e-05 1.2331e-05 1.18354e-05 1.13562e-05 1.08933e-05 1.04461e-05 1.00145e-05 9.59803e-06 9.19636e-06 8.80913e-06 8.43598e-06 8.07655e-06 7.73047e-06 7.39737e-06 7.07689e-06 6.76867e-06 6.47235e-06 6.18756e-06 5.91395e-06 5.65117e-06 5.39887e-06 5.15672e-06 4.92438e-06 4.70152e-06 4.48781e-06 4.28295e-06 4.08662e-06 3.89852e-06 3.71836e-06 3.54585e-06 3.3807e-06 3.22264e-06 3.07142e-06 2.92676e-06 2.78842e-06 2.65615e-06 2.52973e-06 2.4089e-06 2.29347e-06
0.000127401 4.05767e-05 4.20108e-05 4.32619e-05 4.43392e-05 4.52517e-05 4.60084e-05 4.66181e-05 4.70894e-05 4.74308e-05 4.76506e-05 4.77569e-05 4.77575e-05 4.76599e-05 4.74714e-05 4.7199e-05 4.68495e-05 4.64294e-05 4.59447e-05 4.54015e-05 4.48052e-05 4.41613e-05 4.34748e-05 4.27504e-05 4.19927e-05 4.1206e-05 4.03942e-05 3.95612e-05 3.87104e-05 3.78452e-05 3.69686e-05 3.60835e-05 3.51926e-05 3.42983e-05 3.34029e-05 3.25086e-05 3.16172e-05 3.07305e-05 2.98502e-05 2.89777e-05 2.81144e-05 2.72614e-05 2.64199e-05 2.55908e-05 2.4775e-05 2.39731e-05 2.3186e-05 2.24141e-05 2.1658e-05 2.0918e-05 2.01945e-05 1.94877e-05 1.87979e-05 1.81251e-05 1.74696e-05 1.68313e-05 1.62103e-05 1.56064e-05 1.50196e-05 1.44499e-05 1.3897e-05 1.33607e-05 1.2841e-05 1.23375e-05 1.185e-05 1.13783e-05 1.09221e-05 1.0481e-05 1.00549e-05 9.64336e-06 9.24608e-06 8.86275e-06 8.49303e-06 8.1366e-06 7.79311e-06 7.46223e-06 7.14362e-06 6.83695e-06 6.54186e-06 6.25803e-06 5.98513e-06 5.72282e-06 5.47078e-06 5.22869e-06 4.99622e-06 4.77307e-06 4.55893e-06 4.3535e-06 4.15647e-06 3.96757e-06 3.78651e-06 3.613e-06 3.44679e-06 3.2876e-06 3.13518e-06 2.98928e-06 2.84965e-06 2.71607e-06 2.58829e-06 2.46609e-06 2.34927e-06
