0.247136 0.110329 0.0492538 0.0219883 0.00981622 0.00438224 0.00195636 0.000873374 0.000389899 0.000174062 7.77063e-05 3.46903e-05 1.54867e-05 6.91372e-06 3.08648e-06 1.37789e-06 6.15131e-07 2.74612e-07 1.22595e-07 5.47298e-08 2.44329e-08 1.09076e-08 4.86945e-09 2.17386e-09 9.70474e-10 4.33247e-10 1.93414e-10 8.63455e-11 3.85471e-11 1.72085e-11 7.68238e-12 3.42963e-12 1.53109e-12 6.83521e-13 3.05143e-13 1.36225e-13 6.08146e-14 2.71494e-14 1.21202e-14 5.41082e-15 2.41555e-15 1.07837e-15 4.81415e-16 2.14917e-16 9.59452e-17 4.28327e-17 1.91217e-17 8.53649e-18 3.81093e-18 1.70131e-18 7.59513e-19 3.39068e-19 1.5137e-19 6.75758e-20 3.01678e-20 1.34678e-20 6.01239e-21 2.6841e-21 1.19826e-21 5.34938e-22 2.38811e-22 1.06612e-22 4.75947e-23 2.12477e-23 9.48556e-24 4.23463e-24 1.89046e-24 8.43954e-25 3.76765e-25 1.68199e-25 7.50888e-26 3.35218e-26 1.49651e-26 6.68084e-27 2.98252e-27 1.33148e-27 5.94411e-28 2.65362e-28 1.18465e-28 5.28862e-29 2.36099e-29 1.05401e-29 4.70542e-30 2.10064e-30 9.37784e-31 4.18653e-31 1.86899e-31 8.3437e-32 3.72487e-32 1.66289e-32 7.4236e-33 3.31411e-33 1.47951e-33 6.60496e-34 2.94864e-34 1.31636e-34 5.8766e-35 2.62348e-35 1.1712e-35 5.22856e-36 2.33418e-36
0.110329 0.0639103 0.0350745 0.0185792 0.00959833 0.00486712 0.00243271 0.00120205 0.000588427 0.000285814 0.000137918 6.6179e-05 3.16015e-05 1.50263e-05 7.11817e-06 3.3608e-06 1.58207e-06 7.42763e-07 3.47877e-07 1.62573e-07 7.58228e-08 3.52985e-08 1.64051e-08 7.6125e-09 3.52736e-09 1.63227e-09 7.54385e-10 3.48249e-10 1.60589e-10 7.39777e-11 3.40463e-11 1.56548e-11 7.19217e-12 3.30159e-12 1.51446e-12 6.94195e-13 3.17987e-13 1.45565e-13 6.65946e-14 3.04485e-14 1.3914e-14 6.35485e-15 2.90094e-15 1.32361e-15 6.03644e-16 2.75174e-16 1.25386e-16 5.71098e-17 2.60017e-17 1.18339e-17 5.3839e-18 2.44857e-18 1.11322e-18 5.0595e-19 2.29878e-19 1.04413e-19 4.74118e-20 2.15225e-20 9.76745e-21 4.43153e-21 2.01009e-21 9.11523e-22 4.13253e-22 1.8731e-22 8.48808e-23 3.84558e-23 1.74189e-23 7.88841e-24 3.57166e-24 1.61684e-24 7.31777e-25 3.31139e-25 1.49818e-25 6.77705e-26 3.06509e-26 1.38603e-26 6.26661e-27 2.83284e-27 1.2804e-27 5.78633e-28 2.61455e-28 1.18121e-28 5.33577e-29 2.40994e-29 1.08833e-29 4.91421e-30 2.21867e-30 1.00156e-30 4.52075e-31 2.04028e-31 9.20702e-32 4.1543e-32 1.87425e-32 8.45494e-33 3.8137e-33 1.72003e-33 7.75678e-34 3.4977e-34 1.57703e-34 7.10978e-35 3.20502e-35
0.0492538 0.0350745 0.0223695 0.0133705 0.00765297 0.00424562 0.00230004 0.00122287 0.000640335 0.000331084 0.000169364 8.58454e-05 4.31671e-05 2.15552e-05 1.0697e-05 5.27932e-06 2.59263e-06 1.26754e-06 6.17184e-07 2.99405e-07 1.44754e-07 6.97657e-08 3.35276e-08 1.60695e-08 7.6829e-09 3.66475e-09 1.74432e-09 8.28575e-10 3.92838e-10 1.85919e-10 8.78423e-11 4.14378e-11 1.95182e-11 9.18057e-12 4.31237e-12 2.02306e-12 9.47927e-13 4.4365e-13 2.0741e-13 9.68639e-14 4.51918e-14 2.1064e-14 9.80902e-15 4.56381e-15 2.1216e-15 9.85484e-16 4.57401e-16 2.12139e-16 9.8318e-17 4.55349e-17 2.10749e-17 9.74785e-18 4.50591e-18 2.08159e-18 9.61078e-19 4.43484e-19 2.04533e-19 9.42803e-20 4.34369e-20 2.00024e-20 9.20664e-21 4.23564e-21 1.94779e-21 8.95317e-22 4.11366e-22 1.88931e-22 8.67368e-23 3.98049e-23 1.82602e-23 8.37367e-24 3.83858e-24 1.75904e-24 8.05811e-25 3.69018e-25 1.68936e-25 7.73148e-26 3.53728e-26 1.61788e-26 7.3977e-27 3.38162e-27 1.54537e-27 7.06026e-28 3.22475e-28 1.47251e-28 6.72218e-29 3.068e-29 1.3999e-29 6.38606e-30 2.91253e-30 1.32803e-30 6.05412e-31 2.7593e-31 1.25734e-31 5.72821e-32 2.60913e-32 1.18819e-32 5.4099e-33 2.46269e-33 1.12085e-33 5.10044e-34 2.32053e-34
0.0219883 0.0185792 0.0133705 0.00880636 0.00547614 0.00326871 0.00189169 0.00106844 0.000591652 0.000322293 0.00017314 9.19087e-05 4.82839e-05 2.51351e-05 1.29789e-05 6.65347e-06 3.38866e-06 1.71571e-06 8.64023e-07 4.32986e-07 2.16005e-07 1.07312e-07 5.31079e-08 2.61891e-08 1.28718e-08 6.30684e-09 3.08123e-09 1.50125e-09 7.29583e-10 3.53711e-10 1.71095e-10 8.25833e-11 3.978e-11 1.9125e-11 9.17788e-12 4.39672e-12 2.10279e-12 1.0041e-12 4.78744e-13 2.27932e-13 1.0837e-13 5.14565e-14 2.44018e-14 1.15579e-14 5.46802e-15 2.58402e-15 1.21982e-15 5.75232e-16 2.70994e-16 1.27544e-16 5.9973e-17 2.81751e-17 1.32251e-17 6.20254e-18 2.90663e-18 1.36104e-18 6.36834e-19 2.97757e-19 1.3912e-19 6.4956e-20 3.03081e-20 1.41324e-20 6.58571e-21 3.06707e-21 1.42753e-21 6.64048e-22 3.08723e-22 1.4345e-22 6.66197e-23 3.09229e-23 1.43462e-23 6.65248e-24 3.08334e-24 1.42842e-24 6.61448e-25 3.06155e-25 1.41644e-25 6.55047e-26 3.02808e-26 1.39922e-26 6.46302e-27 2.98413e-27 1.37732e-27 6.35469e-28 2.93087e-28 1.35128e-28 6.22797e-29 2.86946e-29 1.32163e-29 6.08528e-30 2.801e-30 1.28888e-30 5.92894e-31 2.72655e-31 1.2535e-31 5.76116e-32 2.64712e-32 1.21596e-32 5.584e-33 2.56364e-33 1.17668e-33
0.00981622 0.00959833 0.00765297 0.00547614 0.00365658 0.00232502 0.00142486 0.000848257 0.000493242 0.000281251 0.000157734 8.72094e-05 4.76215e-05 2.57212e-05 1.37581e-05 7.29534e-06 3.8382e-06 2.00503e-06 1.04064e-06 5.36912e-07 2.75508e-07 1.40663e-07 7.14818e-08 3.61683e-08 1.82266e-08 9.15047e-09 4.57767e-09 2.28245e-09 1.13449e-09 5.6224e-10 2.77865e-10 1.36962e-10 6.73416e-11 3.30322e-11 1.61664e-11 7.89514e-12 3.84785e-12 1.87167e-12 9.08726e-13 4.40416e-13 2.13085e-13 1.02928e-13 4.964e-14 2.39044e-14 1.14947e-14 5.51963e-15 2.64694e-15 1.2677e-15 6.0639e-16 2.89712e-16 1.38254e-16 6.59028e-17 3.13806e-17 1.49268e-17 7.09303e-18 3.36723e-18 1.59699e-18 7.56718e-19 3.58244e-19 1.69453e-19 8.00855e-20 3.78186e-20 1.78449e-20 8.41376e-21 3.96406e-21 1.86628e-21 8.7802e-22 4.12794e-22 1.93942e-22 9.10598e-23 4.27273e-23 2.00362e-23 9.3899e-24 4.39796e-24 2.0587e-24 9.63139e-25 4.50347e-25 2.10462e-25 9.83041e-26 4.58932e-26 2.14145e-26 9.98746e-27 4.65581e-27 2.16936e-27 1.01035e-27 4.70342e-28 2.18861e-28 1.01797e-28 4.73282e-29 2.19951e-29 1.02178e-29 4.74478e-30 2.20246e-30 1.02196e-30 4.74022e-31 2.19788e-31 1.01872e-31 4.72012e-32 2.18625e-32 1.01228e-32 4.68553e-33
0.00438224 0.00486712 0.00424562 0.00326871 0.00232502 0.00156402 0.00100883 0.000629588 0.000382513 0.000227273 0.000132505 7.6005e-05 4.29817e-05 2.40042e-05 1.32574e-05 7.24928e-06 3.92847e-06 2.11156e-06 1.12654e-06 5.96931e-07 3.14318e-07 1.64547e-07 8.56782e-08 4.43888e-08 2.289e-08 1.17522e-08 6.0091e-09 3.06075e-09 1.55335e-09 7.85637e-10 3.96068e-10 1.99061e-10 9.97558e-11 4.9853e-11 2.48487e-11 1.23546e-11 6.12796e-12 3.03259e-12 1.4975e-12 7.37923e-13 3.62902e-13 1.78129e-13 8.72735e-14 4.26837e-14 2.08403e-14 1.01587e-14 4.94408e-15 2.40256e-15 1.16581e-15 5.64897e-16 2.73349e-16 1.32097e-16 6.37552e-17 3.07328e-17 1.47969e-17 7.116e-18 3.41834e-18 1.6403e-18 7.8627e-19 3.7651e-19 1.80115e-19 8.60805e-20 4.11009e-20 1.96066e-20 9.34475e-21 4.44998e-21 2.1173e-21 1.00659e-21 4.78164e-22 2.26967e-22 1.07652e-22 5.10219e-23 2.41646e-23 1.14366e-23 5.40902e-24 2.55651e-24 1.20751e-24 5.69979e-25 2.68878e-25 1.26761e-25 5.97249e-26 2.81237e-26 1.32355e-26 6.22541e-27 2.92655e-27 1.37503e-27 6.45713e-28 3.03071e-28 1.42177e-28 6.66656e-29 3.12438e-29 1.46359e-29 6.85288e-30 3.20723e-30 1.50035e-30 7.01557e-31 3.27905e-31 1.53197e-31 7.15436e-32 3.33976e-32 1.55843e-32
0.00195636 0.00243271 0.00230004 0.00189169 0.00142486 0.00100883 0.000681793 0.000444208 0.000280934 0.000173329 0.000104716 6.21293e-05 3.62844e-05 2.08974e-05 1.18872e-05 6.68715e-06 3.72427e-06 2.05532e-06 1.12487e-06 6.10953e-07 3.29501e-07 1.76555e-07 9.40328e-08 4.9801e-08 2.62372e-08 1.37551e-08 7.17808e-09 3.72967e-09 1.93001e-09 9.94883e-10 5.10976e-10 2.61534e-10 1.33423e-10 6.78544e-11 3.44062e-11 1.73967e-11 8.77253e-12 4.41227e-12 2.21375e-12 1.10807e-12 5.5338e-13 2.75763e-13 1.37133e-13 6.80576e-14 3.37111e-14 1.66672e-14 8.22576e-15 4.05265e-15 1.99333e-15 9.78858e-16 4.79939e-16 2.34964e-16 1.14864e-16 5.60732e-17 2.73361e-17 1.33089e-17 6.47133e-18 3.14272e-18 1.52438e-18 7.38541e-19 3.57405e-19 1.7277e-19 8.34273e-20 4.02434e-20 1.93928e-20 9.33589e-21 4.49007e-21 2.15746e-21 1.0357e-21 4.96751e-22 2.38049e-22 1.13979e-22 5.45285e-23 2.60658e-23 1.24502e-23 5.94221e-24 2.83395e-24 1.35057e-24 6.43173e-25 3.06079e-25 1.4556e-25 6.91762e-26 3.28538e-26 1.55932e-26 7.39623e-27 3.50604e-27 1.66097e-27 7.86407e-28 3.72119e-28 1.75982e-28 8.31788e-29 3.92934e-29 1.85521e-29 8.75461e-30 4.12912e-30 1.94651e-30 9.17152e-31 4.3193e-31 2.03318e-31 9.56612e-32 4.49877e-32
0.000873374 0.00120205 0.00122287 0.00106844 0.000848257 0.000629588 0.000444208 0.000301168 0.000197681 0.0001263 7.88675e-05 4.82855e-05 2.90567e-05 1.72214e-05 1.00694e-05 5.81648e-06 3.3231e-06 1.87971e-06 1.0536e-06 5.8563e-07 3.23011e-07 1.76893e-07 9.62324e-08 5.20295e-08 2.79687e-08 1.49537e-08 7.95462e-09 4.21132e-09 2.21953e-09 1.16482e-09 6.08846e-10 3.17029e-10 1.64482e-10 8.50432e-11 4.38265e-11 2.25152e-11 1.15323e-11 5.89001e-12 3.00006e-12 1.52408e-12 7.72314e-13 3.90422e-13 1.96911e-13 9.90917e-14 4.97594e-14 2.49354e-14 1.24708e-14 6.22499e-15 3.10155e-15 1.54256e-15 7.65867e-16 3.79611e-16 1.87854e-16 9.28161e-17 4.57895e-17 2.25563e-17 1.10956e-17 5.45046e-18 2.67381e-18 1.30997e-18 6.40972e-19 3.13243e-19 1.52899e-19 7.45448e-20 3.63026e-20 1.76595e-20 8.58123e-21 4.16548e-21 2.01992e-21 9.78525e-22 4.73572e-22 2.28974e-22 1.10607e-22 5.33812e-23 2.574e-23 1.24009e-23 5.9694e-24 2.87111e-24 1.37981e-24 6.62587e-25 3.17931e-25 1.52438e-25 7.30355e-26 3.49671e-26 1.67292e-26 7.99819e-27 3.8213e-27 1.82449e-27 8.70536e-28 4.15102e-28 1.9781e-28 9.42054e-29 4.48373e-29 2.13278e-29 1.01391e-29 4.81732e-30 2.28753e-30 1.08565e-30 5.14966e-31 2.44138e-31 1.15682e-31
0.000389899 0.000588427 0.000640335 0.000591652 0.000493242 0.000382513 0.000280934 0.000197681 0.000134339 8.86829e-05 5.71181e-05 3.60143e-05 2.22899e-05 1.35712e-05 8.14298e-06 4.82225e-06 2.82205e-06 1.63379e-06 9.3658e-07 5.32061e-07 2.99745e-07 1.67565e-07 9.3003e-08 5.12748e-08 2.80928e-08 1.53017e-08 8.28889e-09 4.46686e-09 2.39544e-09 1.27868e-09 6.7958e-10 3.5968e-10 1.89619e-10 9.95907e-11 5.21201e-11 2.71839e-11 1.4132e-11 7.32397e-12 3.78438e-12 1.94986e-12 1.0019e-12 5.13452e-13 2.6247e-13 1.33845e-13 6.80941e-14 3.45651e-14 1.75074e-14 8.84897e-15 4.4636e-15 2.24712e-15 1.12914e-15 5.66332e-16 2.83547e-16 1.41721e-16 7.07164e-17 3.52294e-17 1.75231e-17 8.70274e-18 4.31579e-18 2.13718e-18 1.05686e-18 5.21922e-19 2.57407e-19 1.26788e-19 6.23726e-20 3.06465e-20 1.50402e-20 7.37263e-21 3.60997e-21 1.76566e-21 8.62669e-22 4.21044e-22 2.0529e-22 9.99937e-23 4.86581e-23 2.36551e-23 1.14892e-23 5.57516e-24 2.70296e-24 1.30931e-24 6.3369e-25 3.06442e-25 1.48069e-25 7.14882e-26 3.44876e-26 1.66249e-26 8.00808e-27 3.85458e-27 1.85401e-27 8.91128e-28 4.28022e-28 2.05445e-28 9.85451e-29 4.72377e-29 2.26289e-29 1.08334e-29 5.18316e-30 2.47834e-30 1.18431e-30 5.65609e-31 2.6997e-31
0.000174062 0.000285814 0.000331084 0.000322293 0.000281251 0.000227273 0.000173329 0.0001263 8.86829e-05 6.03746e-05 4.00371e-05 2.59553e-05 1.64963e-05 1.03026e-05 6.33474e-06 3.84084e-06 2.29942e-06 1.36083e-06 7.9691e-07 4.62176e-07 2.65658e-07 1.51441e-07 8.56688e-08 4.81157e-08 2.68435e-08 1.4882e-08 8.20203e-09 4.49536e-09 2.45092e-09 1.32966e-09 7.17974e-10 3.85959e-10 2.06602e-10 1.10148e-10 5.84989e-11 3.09548e-11 1.63225e-11 8.57807e-12 4.49364e-12 2.34678e-12 1.22198e-12 6.34486e-13 3.28547e-13 1.69681e-13 8.74122e-14 4.49214e-14 2.30311e-14 1.17813e-14 6.01338e-15 3.06285e-15 1.55684e-15 7.89773e-16 3.99878e-16 2.02091e-16 1.01949e-16 5.13405e-17 2.58108e-17 1.29547e-17 6.49172e-18 3.24801e-18 1.62263e-18 8.09434e-19 4.03203e-19 2.00568e-19 9.96346e-20 4.94295e-20 2.44908e-20 1.21192e-20 5.98984e-21 2.9569e-21 1.45799e-21 7.18085e-22 3.53278e-22 1.73614e-22 8.52302e-23 4.17977e-23 2.04772e-23 1.00221e-23 4.90036e-24 2.39378e-24 1.16825e-24 5.69634e-25 2.77503e-25 1.35071e-25 6.5688e-26 3.19188e-26 1.54971e-26 7.51808e-27 3.64435e-27 1.76522e-27 8.54373e-28 4.13213e-28 1.99703e-28 9.64456e-29 4.65453e-29 2.24476e-29 1.08186e-29 5.2105e-30 2.50788e-30 1.2063e-30 5.79866e-31
7.77063e-05 0.000137918 0.000169364 0.00017314 0.000157734 0.000132505 0.000104716 7.88675e-05 5.71181e-05 4.00371e-05 2.72954e-05 1.81677e-05 1.18414e-05 7.57634e-06 4.76802e-06 2.95642e-06 1.80867e-06 1.09305e-06 6.53225e-07 3.86385e-07 2.26389e-07 1.31484e-07 7.57424e-08 4.33008e-08 2.45785e-08 1.38584e-08 7.76503e-09 4.32516e-09 2.39572e-09 1.32e-09 7.23667e-10 3.94857e-10 2.14477e-10 1.15999e-10 6.24808e-11 3.35229e-11 1.79189e-11 9.54398e-12 5.06592e-12 2.68016e-12 1.41349e-12 7.43208e-13 3.89638e-13 2.03702e-13 1.06207e-13 5.52311e-14 2.86498e-14 1.48254e-14 7.65372e-15 3.94235e-15 2.02622e-15 1.03919e-15 5.31879e-16 2.71685e-16 1.38509e-16 7.04823e-17 3.58007e-17 1.81525e-17 9.18829e-18 4.64312e-18 2.34251e-18 1.17996e-18 5.93454e-19 2.98028e-19 1.4945e-19 7.48373e-20 3.74231e-20 1.86886e-20 9.32054e-21 4.64246e-21 2.30947e-21 1.14748e-21 5.69453e-22 2.8227e-22 1.39758e-22 6.91199e-23 3.41473e-23 1.68518e-23 8.30777e-24 4.09146e-24 2.01297e-24 9.89402e-25 4.85838e-25 2.38343e-25 1.16819e-25 5.72049e-26 2.79879e-26 1.36814e-26 6.68222e-27 3.26099e-27 1.5901e-27 7.74729e-28 3.77167e-28 1.83477e-28 8.91869e-29 4.33208e-29 2.10268e-29 1.01986e-29 4.94309e-30 2.39418e-30 1.15882e-30
3.46903e-05 6.6179e-05 8.58454e-05 9.19087e-05 8.72094e-05 7.6005e-05 6.21293e-05 4.82855e-05 3.60143e-05 2.59553e-05 1.81677e-05 1.24e-05 8.27872e-06 5.42043e-06 3.48778e-06 2.20938e-06 1.37989e-06 8.50791e-07 5.18416e-07 3.12482e-07 1.86476e-07 1.10253e-07 6.4627e-08 3.75786e-08 2.16869e-08 1.24276e-08 7.07449e-09 4.00208e-09 2.25067e-09 1.25866e-09 7.00178e-10 3.87546e-10 2.13483e-10 1.17065e-10 6.39152e-11 3.47523e-11 1.8821e-11 1.01544e-11 5.45869e-12 2.92422e-12 1.56127e-12 8.30907e-13 4.40842e-13 2.33196e-13 1.23003e-13 6.47003e-14 3.39422e-14 1.77604e-14 9.27016e-15 4.82697e-15 2.50756e-15 1.29971e-15 6.72195e-16 3.46916e-16 1.78674e-16 9.18399e-17 4.71153e-17 2.41256e-17 1.2331e-17 6.29145e-18 3.20444e-18 1.62939e-18 8.27153e-19 4.19234e-19 2.12155e-19 1.07199e-19 5.40869e-20 2.72501e-20 1.37099e-20 6.8882e-21 3.45619e-21 1.7319e-21 8.6675e-22 4.33236e-22 2.16285e-22 1.07848e-22 5.37143e-23 2.67223e-23 1.32793e-23 6.59177e-24 3.26863e-24 1.6191e-24 8.01196e-25 3.96066e-25 1.956e-25 9.65055e-26 4.75691e-26 2.34259e-26 1.15258e-26 5.66578e-27 2.78272e-27 1.36554e-27 6.69538e-28 3.2801e-28 1.60563e-28 7.85339e-29 3.83822e-29 1.87442e-29 9.14696e-30 4.46029e-30 2.17337e-30
1.54867e-05 3.16015e-05 4.31671e-05 4.82839e-05 4.76215e-05 4.29817e-05 3.62844e-05 2.90567e-05 2.22899e-05 1.64963e-05 1.18414e-05 8.27872e-06 5.65579e-06 3.78578e-06 2.4883e-06 1.60891e-06 1.02499e-06 6.44227e-07 3.99932e-07 2.45467e-07 1.49087e-07 8.96714e-08 5.34485e-08 3.15898e-08 1.85235e-08 1.07814e-08 6.23161e-09 3.57823e-09 2.04192e-09 1.1584e-09 6.53517e-10 3.6674e-10 2.04774e-10 1.13792e-10 6.29453e-11 3.46673e-11 1.90136e-11 1.03866e-11 5.65225e-12 3.0646e-12 1.65575e-12 8.91548e-13 4.78496e-13 2.56005e-13 1.36554e-13 7.2626e-14 3.85175e-14 2.03724e-14 1.07469e-14 5.65488e-15 2.9682e-15 1.55428e-15 8.1201e-16 4.23275e-16 2.20161e-16 1.14273e-16 5.91914e-17 3.05993e-17 1.57879e-17 8.13059e-18 4.17952e-18 2.14466e-18 1.0986e-18 5.61809e-19 2.86829e-19 1.46206e-19 7.44091e-20 3.78117e-20 1.91859e-20 9.72093e-21 4.91834e-21 2.48501e-21 1.25387e-21 6.31833e-22 3.17974e-22 1.59821e-22 8.02301e-23 4.0227e-23 2.01458e-23 1.00774e-23 5.03524e-24 2.51311e-24 1.25294e-24 6.23999e-25 3.10446e-25 1.54292e-25 7.66065e-26 3.79979e-26 1.88294e-26 9.32179e-27 4.61063e-27 2.27837e-27 1.12486e-27 5.54874e-28 2.73472e-28 1.34668e-28 6.62603e-29 3.25752e-29 1.60019e-29 7.85439e-30 3.85227e-30
6.91372e-06 1.50263e-05 2.15552e-05 2.51351e-05 2.57212e-05 2.40042e-05 2.08974e-05 1.72214e-05 1.35712e-05 1.03026e-05 7.57634e-06 5.42043e-06 3.78578e-06 2.58839e-06 1.73639e-06 1.1451e-06 7.43552e-07 4.76052e-07 3.00877e-07 1.87916e-07 1.16084e-07 7.09839e-08 4.29968e-08 2.58151e-08 1.53717e-08 9.08233e-09 5.32725e-09 3.10328e-09 1.79604e-09 1.03309e-09 5.90781e-10 3.35977e-10 1.90066e-10 1.06984e-10 5.99311e-11 3.34195e-11 1.85544e-11 1.02583e-11 5.64889e-12 3.09867e-12 1.69349e-12 9.2224e-13 5.00518e-13 2.70747e-13 1.45992e-13 7.84806e-14 4.20641e-14 2.24813e-14 1.1982e-14 6.36912e-15 3.3768e-15 1.78585e-15 9.42169e-16 4.95897e-16 2.60413e-16 1.3645e-16 7.13423e-17 3.72232e-17 1.9382e-17 1.00722e-17 5.22415e-18 2.70454e-18 1.39759e-18 7.20937e-19 3.71246e-19 1.90851e-19 9.79519e-20 5.0192e-20 2.56789e-20 1.31176e-20 6.69089e-21 3.40785e-21 1.73324e-21 8.80303e-22 4.46493e-22 2.26161e-22 1.14408e-22 5.78019e-23 2.91666e-23 1.46993e-23 7.39932e-24 3.72029e-24 1.86837e-24 9.37263e-25 4.69657e-25 2.35088e-25 1.1755e-25 5.87165e-26 2.92992e-26 1.46056e-26 7.27366e-27 3.61884e-27 1.79877e-27 8.93261e-28 4.43184e-28 2.19685e-28 1.08802e-28 5.38387e-29 2.66185e-29 1.31495e-29 6.49053e-30
3.08648e-06 7.11817e-06 1.0697e-05 1.29789e-05 1.37581e-05 1.32574e-05 1.18872e-05 1.00694e-05 8.14298e-06 6.33474e-06 4.76802e-06 3.48778e-06 2.4883e-06 1.73639e-06 1.188e-06 7.98475e-07 5.28099e-07 3.4419e-07 2.21332e-07 1.40579e-07 8.82747e-08 5.48467e-08 3.37428e-08 2.05691e-08 1.24311e-08 7.45226e-09 4.43367e-09 2.61893e-09 1.53653e-09 8.95718e-10 5.1899e-10 2.98976e-10 1.71288e-10 9.76205e-11 5.53585e-11 3.12431e-11 1.75525e-11 9.81807e-12 5.4688e-12 3.03396e-12 1.67667e-12 9.23152e-13 5.0646e-13 2.76898e-13 1.50887e-13 8.19586e-14 4.43805e-14 2.39603e-14 1.28985e-14 6.9242e-15 3.70703e-15 1.97945e-15 1.05429e-15 5.60149e-16 2.969e-16 1.57004e-16 8.28381e-17 4.36114e-17 2.2911e-17 1.20113e-17 6.28436e-18 3.28156e-18 1.71029e-18 8.89715e-19 4.62003e-19 2.39481e-19 1.23922e-19 6.40167e-20 3.30161e-20 1.70005e-20 8.74016e-21 4.48654e-21 2.29961e-21 1.17696e-21 6.01521e-22 3.06995e-22 1.56465e-22 7.96386e-23 4.04819e-23 2.05513e-23 1.04202e-23 5.27685e-24 2.66902e-24 1.34839e-24 6.80416e-25 3.42959e-25 1.72673e-25 8.68428e-26 4.36292e-26 2.1896e-26 1.09775e-26 5.49795e-27 2.75085e-27 1.37502e-27 6.86648e-28 3.4257e-28 1.70751e-28 8.50317e-29 4.23068e-29 2.10309e-29 1.04455e-29
1.37789e-06 3.3608e-06 5.27932e-06 6.65347e-06 7.29534e-06 7.24928e-06 6.68715e-06 5.81648e-06 4.82225e-06 3.84084e-06 2.95642e-06 2.20938e-06 1.60891e-06 1.1451e-06 7.98475e-07 5.46613e-07 3.68001e-07 2.44012e-07 1.59559e-07 1.03005e-07 6.57127e-08 4.14633e-08 2.5896e-08 1.60196e-08 9.82164e-09 5.9713e-09 3.60181e-09 2.15643e-09 1.28201e-09 7.57097e-10 4.44287e-10 2.59159e-10 1.50309e-10 8.67037e-11 4.97544e-11 2.84098e-11 1.61451e-11 9.13346e-12 5.1444e-12 2.88546e-12 1.61193e-12 8.97011e-13 4.97314e-13 2.7473e-13 1.51244e-13 8.2985e-14 4.53859e-14 2.47452e-14 1.34509e-14 7.29034e-15 3.9402e-15 2.12374e-15 1.14165e-15 6.1214e-16 3.27404e-16 1.7469e-16 9.29882e-17 4.93852e-17 2.61698e-17 1.38378e-17 7.30158e-18 3.84485e-18 2.02058e-18 1.05981e-18 5.54826e-19 2.89924e-19 1.51227e-19 7.87427e-20 4.09304e-20 2.124e-20 1.1004e-20 5.69187e-21 2.93954e-21 1.5158e-21 7.80464e-22 4.01264e-22 2.06009e-22 1.05617e-22 5.40739e-23 2.76477e-23 1.41175e-23 7.19945e-24 3.66684e-24 1.8653e-24 9.47714e-25 4.80939e-25 2.43779e-25 1.23426e-25 6.24209e-26 3.15337e-26 1.59129e-26 8.02164e-27 4.03947e-27 2.03208e-27 1.02123e-27 5.12712e-28 2.5716e-28 1.2886e-28 6.45099e-29 3.22652e-29 1.61231e-29
6.15131e-07 1.58207e-06 2.59263e-06 3.38866e-06 3.8382e-06 3.92847e-06 3.72427e-06 3.3231e-06 2.82205e-06 2.29942e-06 1.80867e-06 1.37989e-06 1.02499e-06 7.43552e-07 5.28099e-07 3.68001e-07 2.5205e-07 1.69939e-07 1.12937e-07 7.40656e-08 4.7981e-08 3.07311e-08 1.94754e-08 1.22207e-08 7.5977e-09 4.68263e-09 2.86247e-09 1.73635e-09 1.0456e-09 6.25301e-10 3.71506e-10 2.1935e-10 1.28746e-10 7.51406e-11 4.36188e-11 2.51903e-11 1.44761e-11 8.27979e-12 4.71432e-12 2.67258e-12 1.50878e-12 8.48355e-13 4.7517e-13 2.65156e-13 1.47432e-13 8.16918e-14 4.51138e-14 2.48333e-14 1.3627e-14 7.45507e-15 4.06657e-15 2.21193e-15 1.19983e-15 6.4909e-16 3.50239e-16 1.88509e-16 1.01213e-16 5.42136e-17 2.89719e-17 1.54478e-17 8.2188e-18 4.36339e-18 2.31173e-18 1.22228e-18 6.44987e-19 3.39699e-19 1.78576e-19 9.37036e-20 4.9081e-20 2.56633e-20 1.33959e-20 6.98084e-21 3.63192e-21 1.88657e-21 9.78439e-22 5.06679e-22 2.6199e-22 1.35271e-22 6.97431e-23 3.5908e-23 1.84623e-23 9.4798e-24 4.86116e-24 2.48955e-24 1.27336e-24 6.50498e-25 3.31903e-25 1.69144e-25 8.60985e-26 4.37758e-26 2.22323e-26 1.12785e-26 5.71541e-27 2.8932e-27 1.46304e-27 7.39065e-28 3.72967e-28 1.88029e-28 9.47012e-29 4.76505e-29 2.39534e-29
2.74612e-07 7.42763e-07 1.26754e-06 1.71571e-06 2.00503e-06 2.11156e-06 2.05532e-06 1.87971e-06 1.63379e-06 1.36083e-06 1.09305e-06 8.50791e-07 6.44227e-07 4.76052e-07 3.4419e-07 2.44012e-07 1.69939e-07 1.16446e-07 7.86127e-08 5.23495e-08 3.44217e-08 2.23691e-08 1.43784e-08 9.14819e-09 5.76503e-09 3.6005e-09 2.22972e-09 1.36984e-09 8.35243e-10 5.05652e-10 3.04051e-10 1.81653e-10 1.07863e-10 6.36746e-11 3.73796e-11 2.18267e-11 1.26801e-11 7.33055e-12 4.21806e-12 2.4162e-12 1.37808e-12 7.82726e-13 4.42797e-13 2.4953e-13 1.40095e-13 7.83725e-14 4.36915e-14 2.42758e-14 1.34444e-14 7.42244e-15 4.08536e-15 2.242e-15 1.22687e-15 6.69516e-16 3.6438e-16 1.97794e-16 1.07095e-16 5.78438e-17 3.11675e-17 1.67545e-17 8.98622e-18 4.80907e-18 2.56808e-18 1.3685e-18 7.27767e-19 3.86254e-19 2.046e-19 1.08172e-19 5.70844e-20 3.00699e-20 1.58117e-20 8.29991e-21 4.34944e-21 2.27549e-21 1.18854e-21 6.19819e-22 3.22733e-22 1.67789e-22 8.71042e-23 4.51526e-23 2.33727e-23 1.20817e-23 6.23666e-24 3.2151e-24 1.65526e-24 8.51093e-25 4.37058e-25 2.24162e-25 1.1483e-25 5.8753e-26 3.00258e-26 1.53271e-26 7.81504e-27 3.98035e-27 2.02505e-27 1.02917e-27 5.22488e-28 2.64982e-28 1.3425e-28 6.79481e-29 3.43567e-29
1.22595e-07 3.47877e-07 6.17184e-07 8.64023e-07 1.04064e-06 1.12654e-06 1.12487e-06 1.0536e-06 9.3658e-07 7.9691e-07 6.53225e-07 5.18416e-07 3.99932e-07 3.00877e-07 2.21332e-07 1.59559e-07 1.12937e-07 7.86127e-08 5.38883e-08 3.64224e-08 2.42982e-08 1.60148e-08 1.04369e-08 6.73046e-09 4.29766e-09 2.7189e-09 1.70516e-09 1.06062e-09 6.546e-10 4.01041e-10 2.43985e-10 1.47452e-10 8.85498e-11 5.28572e-11 3.13703e-11 1.85158e-11 1.08711e-11 6.35063e-12 3.69194e-12 2.13635e-12 1.23069e-12 7.05924e-13 4.03246e-13 2.29429e-13 1.30034e-13 7.34261e-14 4.1313e-14 2.31642e-14 1.29447e-14 7.21034e-15 4.00363e-15 2.21631e-15 1.22327e-15 6.73239e-16 3.69495e-16 2.02243e-16 1.10408e-16 6.01197e-17 3.26555e-17 1.76948e-17 9.56565e-18 5.15927e-18 2.77648e-18 1.49092e-18 7.98905e-19 4.27206e-19 2.27984e-19 1.21427e-19 6.45492e-20 3.42492e-20 1.81391e-20 9.58957e-21 5.06084e-21 2.66626e-21 1.40234e-21 7.36361e-22 3.86039e-22 2.02064e-22 1.05604e-22 5.5108e-23 2.87149e-23 1.49408e-23 7.76285e-24 4.02778e-24 2.08698e-24 1.07991e-24 5.58072e-25 2.88026e-25 1.48465e-25 7.64328e-26 3.93011e-26 2.01842e-26 1.0354e-26 5.3052e-27 2.71521e-27 1.3881e-27 7.08866e-28 3.61609e-28 1.8427e-28 9.38033e-29 4.7702e-29
5.47298e-08 1.62573e-07 2.99405e-07 4.32986e-07 5.36912e-07 5.96931e-07 6.10953e-07 5.8563e-07 5.32061e-07 4.62176e-07 3.86385e-07 3.12482e-07 2.45467e-07 1.87916e-07 1.40579e-07 1.03005e-07 7.40656e-08 5.23495e-08 3.64224e-08 2.4976e-08 1.68985e-08 1.12919e-08 7.45837e-09 4.87321e-09 3.15192e-09 2.01926e-09 1.28206e-09 8.07129e-10 5.04078e-10 3.12431e-10 1.92257e-10 1.175e-10 7.13441e-11 4.30506e-11 2.5824e-11 1.54029e-11 9.1374e-12 5.39241e-12 3.16647e-12 1.85048e-12 1.07645e-12 6.23414e-13 3.59506e-13 2.06466e-13 1.18104e-13 6.73008e-14 3.82092e-14 2.16153e-14 1.21857e-14 6.84679e-15 3.83454e-15 2.14079e-15 1.19154e-15 6.61243e-16 3.65902e-16 2.0191e-16 1.11115e-16 6.09876e-17 3.33886e-17 1.82335e-17 9.9332e-18 5.39858e-18 2.92732e-18 1.58374e-18 8.54962e-19 4.60555e-19 2.47577e-19 1.32818e-19 7.11114e-20 3.79995e-20 2.02672e-20 1.07896e-20 5.7336e-21 3.04145e-21 1.61058e-21 8.51423e-22 4.49353e-22 2.36768e-22 1.24557e-22 6.54238e-23 3.43115e-23 1.79677e-23 9.39525e-24 4.90568e-24 2.55786e-24 1.33184e-24 6.92531e-25 3.59623e-25 1.86503e-25 9.65981e-26 4.99692e-26 2.58166e-26 1.33219e-26 6.86619e-27 3.53472e-27 1.81758e-27 9.33552e-28 4.7896e-28 2.45462e-28 1.25661e-28 6.42625e-29
2.44329e-08 7.58228e-08 1.44754e-07 2.16005e-07 2.75508e-07 3.14318e-07 3.29501e-07 3.23011e-07 2.99745e-07 2.65658e-07 2.26389e-07 1.86476e-07 1.49087e-07 1.16084e-07 8.82747e-08 6.57127e-08 4.7981e-08 3.44217e-08 2.42982e-08 1.68985e-08 1.15915e-08 7.85012e-09 5.25336e-09 3.47667e-09 2.27697e-09 1.47671e-09 9.48912e-10 6.04467e-10 3.81893e-10 2.39399e-10 1.48965e-10 9.20429e-11 5.64914e-11 3.44507e-11 2.08816e-11 1.25832e-11 7.54041e-12 4.49441e-12 2.66513e-12 1.57262e-12 9.23563e-13 5.39919e-13 3.14255e-13 1.82136e-13 1.05132e-13 6.04452e-14 3.46205e-14 1.97562e-14 1.12338e-14 6.36578e-15 3.59521e-15 2.0239e-15 1.13577e-15 6.35431e-16 3.54454e-16 1.97153e-16 1.09353e-16 6.04898e-17 3.33721e-17 1.83641e-17 1.00801e-17 5.51956e-18 3.01516e-18 1.64328e-18 8.93573e-19 4.84832e-19 2.62494e-19 1.41819e-19 7.64648e-20 4.1145e-20 2.20965e-20 1.1844e-20 6.33668e-21 3.384e-21 1.80394e-21 9.5996e-22 5.09964e-22 2.70456e-22 1.43199e-22 7.56982e-23 3.99526e-23 2.10539e-23 1.1078e-23 5.8203e-24 3.05349e-24 1.59965e-24 8.36848e-25 4.37189e-25 2.28089e-25 1.18841e-25 6.18384e-26 3.21363e-26 1.66797e-26 8.64659e-27 4.47686e-27 2.31518e-27 1.19588e-27 6.17005e-28 3.17979e-28 1.63691e-28 8.4173e-29
1.09076e-08 3.52985e-08 6.97657e-08 1.07312e-07 1.40663e-07 1.64547e-07 1.76555e-07 1.76893e-07 1.67565e-07 1.51441e-07 1.31484e-07 1.10253e-07 8.96714e-08 7.09839e-08 5.48467e-08 4.14633e-08 3.07311e-08 2.23691e-08 1.60148e-08 1.12919e-08 7.85012e-09 5.3863e-09 3.65089e-09 2.44651e-09 1.62199e-09 1.06459e-09 6.92154e-10 4.46007e-10 2.84977e-10 1.80634e-10 1.13628e-10 7.09634e-11 4.40141e-11 2.71205e-11 1.66066e-11 1.01079e-11 6.11715e-12 3.68169e-12 2.20422e-12 1.31299e-12 7.78304e-13 4.592e-13 2.69707e-13 1.57722e-13 9.18479e-14 5.32702e-14 3.0775e-14 1.7712e-14 1.01565e-14 5.80335e-15 3.30462e-15 1.8755e-15 1.06098e-15 5.98328e-16 3.36393e-16 1.88569e-16 1.05401e-16 5.87496e-17 3.26576e-17 1.81057e-17 1.00121e-17 5.52263e-18 3.03881e-18 1.66812e-18 9.13563e-19 4.9919e-19 2.72164e-19 1.48067e-19 8.03835e-20 4.35493e-20 2.35461e-20 1.27058e-20 6.84303e-21 3.67855e-21 1.9738e-21 1.05718e-21 5.65228e-22 3.01682e-22 1.60746e-22 8.55083e-23 4.54121e-23 2.40792e-23 1.27478e-23 6.73848e-24 3.55661e-24 1.87444e-24 9.86454e-25 5.18402e-25 2.72052e-25 1.42574e-25 7.46189e-26 3.90016e-26 2.03589e-26 1.06138e-26 5.52645e-27 2.874e-27 1.4928e-27 7.74462e-28 4.0132e-28 2.07722e-28 1.07395e-28
4.86945e-09 1.64051e-08 3.35276e-08 5.31079e-08 7.14818e-08 8.56782e-08 9.40328e-08 9.62324e-08 9.3003e-08 8.56688e-08 7.57424e-08 6.4627e-08 5.34485e-08 4.29968e-08 3.37428e-08 2.5896e-08 1.94754e-08 1.43784e-08 1.04369e-08 7.45837e-09 5.25336e-09 3.65089e-09 2.50567e-09 1.6997e-09 1.1404e-09 7.57302e-10 4.98043e-10 3.24554e-10 2.09674e-10 1.3435e-10 8.5417e-11 5.39055e-11 3.37797e-11 2.10259e-11 1.30036e-11 7.9928e-12 4.88405e-12 2.96763e-12 1.79345e-12 1.07823e-12 6.44999e-13 3.83989e-13 2.27544e-13 1.34237e-13 7.88505e-14 4.61244e-14 2.68726e-14 1.55955e-14 9.01688e-15 5.19433e-15 2.98175e-15 1.70579e-15 9.72609e-16 5.52781e-16 3.13191e-16 1.76907e-16 9.9632e-17 5.59507e-17 3.13327e-17 1.74989e-17 9.74701e-18 5.41518e-18 3.00097e-18 1.659e-18 9.14941e-19 5.03416e-19 2.76358e-19 1.51374e-19 8.27349e-20 4.51237e-20 2.45596e-20 1.334e-20 7.23157e-21 3.91261e-21 2.11289e-21 1.13889e-21 6.12769e-22 3.29109e-22 1.76452e-22 9.44431e-23 5.04648e-23 2.69212e-23 1.43384e-23 7.62473e-24 4.04833e-24 2.14619e-24 1.13609e-24 6.00517e-25 3.16967e-25 1.67067e-25 8.7936e-26 4.62224e-26 2.42638e-26 1.27203e-26 6.66e-27 3.48258e-27 1.81881e-27 9.4873e-28 4.94281e-28 2.57212e-28 1.33691e-28
2.17386e-09 7.6125e-09 1.60695e-08 2.61891e-08 3.61683e-08 4.43888e-08 4.9801e-08 5.20295e-08 5.12748e-08 4.81157e-08 4.33008e-08 3.75786e-08 3.15898e-08 2.58151e-08 2.05691e-08 1.60196e-08 1.22207e-08 9.14819e-09 6.73046e-09 4.87321e-09 3.47667e-09 2.44651e-09 1.6997e-09 1.16681e-09 7.92058e-10 5.3203e-10 3.53837e-10 2.33131e-10 1.52245e-10 9.85913e-11 6.33385e-11 4.03833e-11 2.55621e-11 1.60693e-11 1.00355e-11 6.22792e-12 3.84176e-12 2.35617e-12 1.43706e-12 8.71826e-13 5.26209e-13 3.16043e-13 1.88917e-13 1.1241e-13 6.65921e-14 3.92813e-14 2.30759e-14 1.3502e-14 7.86982e-15 4.56991e-15 2.6441e-15 1.52449e-15 8.75979e-16 5.0168e-16 2.86396e-16 1.62987e-16 9.24749e-17 5.23136e-17 2.95094e-17 1.65995e-17 9.3121e-18 5.21016e-18 2.9076e-18 1.61854e-18 8.98771e-19 4.97891e-19 2.75172e-19 1.51734e-19 8.34823e-20 4.58311e-20 2.51074e-20 1.37258e-20 7.48847e-21 4.0774e-21 2.21578e-21 1.20183e-21 6.50653e-22 3.5161e-22 1.89669e-22 1.02134e-22 5.49029e-23 2.94639e-23 1.57858e-23 8.44385e-24 4.50946e-24 2.40453e-24 1.28018e-24 6.80553e-25 3.61253e-25 1.91484e-25 1.01353e-25 5.35714e-26 2.8277e-26 1.49056e-26 7.84674e-27 4.12538e-27 2.16612e-27 1.13594e-27 5.9496e-28 3.11238e-28 1.62621e-28
9.70474e-10 3.52736e-09 7.6829e-09 1.28718e-08 1.82266e-08 2.289e-08 2.62372e-08 2.79687e-08 2.80928e-08 2.68435e-08 2.45785e-08 2.16869e-08 1.85235e-08 1.53717e-08 1.24311e-08 9.82164e-09 7.5977e-09 5.76503e-09 4.29766e-09 3.15192e-09 2.27697e-09 1.62199e-09 1.1404e-09 7.92058e-10 5.43849e-10 3.6942e-10 2.48402e-10 1.65435e-10 1.09185e-10 7.1444e-11 4.63686e-11 2.98616e-11 1.90893e-11 1.21173e-11 7.64002e-12 4.78615e-12 2.97988e-12 1.84435e-12 1.13507e-12 6.94755e-13 4.23024e-13 2.56275e-13 1.54502e-13 9.27103e-14 5.53805e-14 3.29373e-14 1.95068e-14 1.15056e-14 6.75955e-15 3.95607e-15 2.30675e-15 1.34022e-15 7.75956e-16 4.47742e-16 2.57508e-16 1.47628e-16 8.43716e-17 4.80743e-17 2.7312e-17 1.54722e-17 8.74062e-18 4.9244e-18 2.76704e-18 1.5508e-18 8.66976e-19 4.83493e-19 2.68989e-19 1.493e-19 8.26791e-20 4.56837e-20 2.51871e-20 1.3857e-20 7.6077e-21 4.16823e-21 2.2792e-21 1.24384e-21 6.77505e-22 3.68339e-22 1.99888e-22 1.08279e-22 5.85509e-23 3.16063e-23 1.70324e-23 9.16344e-24 4.92189e-24 2.63943e-24 1.41321e-24 7.55498e-25 4.03277e-25 2.14945e-25 1.14398e-25 6.07976e-26 3.22658e-26 1.71001e-26 9.0503e-27 4.78351e-27 2.52499e-27 1.3311e-27 7.00824e-28 3.68523e-28 1.93547e-28
4.33247e-10 1.63227e-09 3.66475e-09 6.30684e-09 9.15047e-09 1.17522e-08 1.37551e-08 1.49537e-08 1.53017e-08 1.4882e-08 1.38584e-08 1.24276e-08 1.07814e-08 9.08233e-09 7.45226e-09 5.9713e-09 4.68263e-09 3.6005e-09 2.7189e-09 2.01926e-09 1.47671e-09 1.06459e-09 7.57302e-10 5.3203e-10 3.6942e-10 2.53705e-10 1.72438e-10 1.16062e-10 7.73968e-11 5.11616e-11 3.35386e-11 2.18124e-11 1.40793e-11 9.02251e-12 5.74229e-12 3.63065e-12 2.2811e-12 1.42455e-12 8.84491e-13 5.46119e-13 3.35392e-13 2.04916e-13 1.24578e-13 7.53745e-14 4.53939e-14 2.72164e-14 1.62476e-14 9.65899e-15 5.719e-15 3.37294e-15 1.98175e-15 1.16009e-15 6.76686e-16 3.93348e-16 2.2788e-16 1.31588e-16 7.57436e-17 4.34644e-17 2.48666e-17 1.41849e-17 8.06859e-18 4.57681e-18 2.58912e-18 1.46082e-18 8.2209e-19 4.61479e-19 2.58416e-19 1.4436e-19 8.04555e-20 4.47376e-20 2.4821e-20 1.37409e-20 7.59075e-21 4.18452e-21 2.30206e-21 1.26392e-21 6.92578e-22 3.78778e-22 2.06768e-22 1.12663e-22 6.12764e-23 3.32688e-23 1.80312e-23 9.75605e-24 5.26983e-24 2.84189e-24 1.5301e-24 8.22515e-25 4.41464e-25 2.36584e-25 1.26597e-25 6.76435e-26 3.60911e-26 1.92291e-26 1.02308e-26 5.43585e-27 2.88429e-27 1.52839e-27 8.08839e-28 4.27497e-28 2.25661e-28
1.93414e-10 7.54385e-10 1.74432e-09 3.08123e-09 4.57767e-09 6.0091e-09 7.17808e-09 7.95462e-09 8.28889e-09 8.20203e-09 7.76503e-09 7.07449e-09 6.23161e-09 5.32725e-09 4.43367e-09 3.60181e-09 2.86247e-09 2.22972e-09 1.70516e-09 1.28206e-09 9.48912e-10 6.92154e-10 4.98043e-10 3.53837e-10 2.48402e-10 1.72438e-10 1.18446e-10 8.05508e-11 5.42644e-11 3.62302e-11 2.39845e-11 1.57498e-11 1.0263e-11 6.63859e-12 4.26409e-12 2.72055e-12 1.72461e-12 1.08654e-12 6.80497e-13 4.23774e-13 2.6246e-13 1.61698e-13 9.91148e-14 6.04569e-14 3.67029e-14 2.21806e-14 1.33453e-14 7.99522e-15 4.77023e-15 2.83472e-15 1.67802e-15 9.89584e-16 5.81465e-16 3.40453e-16 1.98654e-16 1.15528e-16 6.69676e-17 3.86964e-17 2.22916e-17 1.2803e-17 7.33189e-18 4.18684e-18 2.38426e-18 1.35409e-18 7.67005e-19 4.33343e-19 2.44217e-19 1.37295e-19 7.70008e-20 4.30843e-20 2.40519e-20 1.3397e-20 7.44591e-21 4.1295e-21 2.28543e-21 1.26226e-21 6.95754e-22 3.82746e-22 2.10149e-22 1.15166e-22 6.29971e-23 3.43975e-23 1.87483e-23 1.02009e-23 5.5408e-24 3.00453e-24 1.62654e-24 8.79125e-25 4.74402e-25 2.55602e-25 1.37505e-25 7.38613e-26 3.96163e-26 2.12177e-26 1.13476e-26 6.06036e-27 3.23216e-27 1.72147e-27 9.15636e-28 4.86381e-28 2.58029e-28
8.63455e-11 3.48249e-10 8.28575e-10 1.50125e-09 2.28245e-09 3.06075e-09 3.72967e-09 4.21132e-09 4.46686e-09 4.49536e-09 4.32516e-09 4.00208e-09 3.57823e-09 3.10328e-09 2.61893e-09 2.15643e-09 1.73635e-09 1.36984e-09 1.06062e-09 8.07129e-10 6.04467e-10 4.46007e-10 3.24554e-10 2.33131e-10 1.65435e-10 1.16062e-10 8.05508e-11 5.53387e-11 3.76534e-11 2.53871e-11 1.69689e-11 1.12489e-11 7.39865e-12 4.82988e-12 3.13045e-12 2.01511e-12 1.28866e-12 8.18924e-13 5.17276e-13 3.24846e-13 2.02865e-13 1.26009e-13 7.78649e-14 4.78754e-14 2.92946e-14 1.78418e-14 1.08177e-14 6.53037e-15 3.92563e-15 2.35022e-15 1.40148e-15 8.32527e-16 4.92711e-16 2.90547e-16 1.70732e-16 9.99845e-17 5.83591e-17 3.39533e-17 1.96921e-17 1.13861e-17 6.5639e-18 3.77302e-18 2.16266e-18 1.2362e-18 7.04723e-19 4.0069e-19 2.2724e-19 1.2855e-19 7.25434e-20 4.08399e-20 2.2938e-20 1.28539e-20 7.18692e-21 4.0096e-21 2.23218e-21 1.24007e-21 6.875e-22 3.80387e-22 2.10051e-22 1.15767e-22 6.36828e-23 3.49667e-23 1.91645e-23 1.04849e-23 5.72628e-24 3.12201e-24 1.69927e-24 9.23366e-25 5.00932e-25 2.71326e-25 1.46731e-25 7.92289e-26 4.27158e-26 2.29958e-26 1.23615e-26 6.63546e-27 3.55678e-27 1.90388e-27 1.01772e-27 5.4329e-28 2.89642e-28
3.85471e-11 1.60589e-10 3.92838e-10 7.29583e-10 1.13449e-09 1.55335e-09 1.93001e-09 2.21953e-09 2.39544e-09 2.45092e-09 2.39572e-09 2.25067e-09 2.04192e-09 1.79604e-09 1.53653e-09 1.28201e-09 1.0456e-09 8.35243e-10 6.546e-10 5.04078e-10 3.81893e-10 2.84977e-10 2.09674e-10 1.52245e-10 1.09185e-10 7.73968e-11 5.42644e-11 3.76534e-11 2.58721e-11 1.76123e-11 1.1884e-11 7.95168e-12 5.27805e-12 3.47671e-12 2.27347e-12 1.47631e-12 9.52258e-13 6.10302e-13 3.88739e-13 2.4615e-13 1.54977e-13 9.70402e-14 6.04423e-14 3.74555e-14 2.30969e-14 1.41752e-14 8.65981e-15 5.26693e-15 3.18961e-15 1.92358e-15 1.15538e-15 6.91263e-16 4.12012e-16 2.44666e-16 1.44771e-16 8.53645e-17 5.01652e-17 2.9383e-17 1.71553e-17 9.98492e-18 5.79389e-18 3.35204e-18 1.93372e-18 1.11238e-18 6.3815e-19 3.65111e-19 2.08349e-19 1.18589e-19 6.73309e-20 3.81349e-20 2.15474e-20 1.21466e-20 6.83156e-21 3.83368e-21 2.14666e-21 1.19944e-21 6.68783e-22 3.72134e-22 2.06652e-22 1.14531e-22 6.33534e-23 3.49777e-23 1.92755e-23 1.0603e-23 5.82204e-24 3.19124e-24 1.74621e-24 9.53886e-25 5.20207e-25 2.83236e-25 1.53966e-25 8.35634e-26 4.52831e-26 2.45017e-26 1.32376e-26 7.14135e-27 3.84703e-27 2.06945e-27 1.11167e-27 5.96347e-28 3.19474e-28
1.72085e-11 7.39777e-11 1.85919e-10 3.53711e-10 5.6224e-10 7.85637e-10 9.94883e-10 1.16482e-09 1.27868e-09 1.32966e-09 1.32e-09 1.25866e-09 1.1584e-09 1.03309e-09 8.95718e-10 7.57097e-10 6.25301e-10 5.05652e-10 4.01041e-10 3.12431e-10 2.39399e-10 1.80634e-10 1.3435e-10 9.85913e-11 7.1444e-11 5.11616e-11 3.62302e-11 2.53871e-11 1.76123e-11 1.21034e-11 8.24306e-12 5.56611e-12 3.72796e-12 2.47748e-12 1.63425e-12 1.07037e-12 6.96285e-13 4.49988e-13 2.88994e-13 1.84483e-13 1.17085e-13 7.38959e-14 4.63874e-14 2.89684e-14 1.79999e-14 1.11305e-14 6.85052e-15 4.19726e-15 2.56038e-15 1.55524e-15 9.40813e-16 5.66859e-16 3.40224e-16 2.03433e-16 1.21197e-16 7.19478e-17 4.25643e-17 2.50965e-17 1.4749e-17 8.64031e-18 5.04602e-18 2.93803e-18 1.70563e-18 9.87332e-19 5.69935e-19 3.28095e-19 1.88371e-19 1.07868e-19 6.16122e-20 3.51041e-20 1.99522e-20 1.13133e-20 6.39996e-21 3.61222e-21 2.03424e-21 1.14309e-21 6.40958e-22 3.58648e-22 2.0027e-22 1.11606e-22 6.20734e-23 3.44574e-23 1.90913e-23 1.05579e-23 5.82814e-24 3.21146e-24 1.76649e-24 9.69997e-25 5.31732e-25 2.91e-25 1.58994e-25 8.67305e-26 4.72363e-26 2.56866e-26 1.39468e-26 7.56117e-27 4.09321e-27 2.21263e-27 1.19435e-27 6.43793e-28 3.46545e-28
7.68238e-12 3.40463e-11 8.78423e-11 1.71095e-10 2.77865e-10 3.96068e-10 5.10976e-10 6.08846e-10 6.7958e-10 7.17974e-10 7.23667e-10 7.00178e-10 6.53517e-10 5.90781e-10 5.1899e-10 4.44287e-10 3.71506e-10 3.04051e-10 2.43985e-10 1.92257e-10 1.48965e-10 1.13628e-10 8.5417e-11 6.33385e-11 4.63686e-11 3.35386e-11 2.39845e-11 1.69689e-11 1.1884e-11 8.24306e-12 5.66548e-12 3.86013e-12 2.60832e-12 1.74856e-12 1.16335e-12 7.68412e-13 5.04039e-13 3.2843e-13 2.1264e-13 1.3683e-13 8.75285e-14 5.56734e-14 3.52179e-14 2.21607e-14 1.38735e-14 8.64261e-15 5.35838e-15 3.30688e-15 2.03173e-15 1.24289e-15 7.57144e-16 4.59365e-16 2.77603e-16 1.67119e-16 1.00233e-16 5.98998e-17 3.56707e-17 2.11695e-17 1.25217e-17 7.38257e-18 4.33889e-18 2.54222e-18 1.48505e-18 8.64968e-19 5.02362e-19 2.90952e-19 1.68052e-19 9.68082e-20 5.56226e-20 3.18777e-20 1.8224e-20 1.03931e-20 5.91313e-21 3.35644e-21 1.90086e-21 1.07413e-21 6.05639e-22 3.40755e-22 1.91321e-22 1.07199e-22 5.99439e-23 3.34536e-23 1.86337e-23 1.03593e-23 5.74851e-24 3.18409e-24 1.7605e-24 9.71674e-25 5.3537e-25 2.94476e-25 1.61704e-25 8.86502e-26 4.8522e-26 2.6516e-26 1.44678e-26 7.88191e-27 4.28752e-27 2.32883e-27 1.2631e-27 6.84089e-28 3.69978e-28
3.42963e-12 1.56548e-11 4.14378e-11 8.25833e-11 1.36962e-10 1.99061e-10 2.61534e-10 3.17029e-10 3.5968e-10 3.85959e-10 3.94857e-10 3.87546e-10 3.6674e-10 3.35977e-10 2.98976e-10 2.59159e-10 2.1935e-10 1.81653e-10 1.47452e-10 1.175e-10 9.20429e-11 7.09634e-11 5.39055e-11 4.03833e-11 2.98616e-11 2.18124e-11 1.57498e-11 1.12489e-11 7.95168e-12 5.56611e-12 3.86013e-12 2.65342e-12 1.8086e-12 1.22287e-12 8.2049e-13 5.4647e-13 3.61405e-13 2.374e-13 1.54933e-13 1.00483e-13 6.47784e-14 4.15197e-14 2.6464e-14 1.67772e-14 1.0581e-14 6.63976e-15 4.14641e-15 2.57723e-15 1.59463e-15 9.8232e-16 6.0255e-16 3.68074e-16 2.23941e-16 1.35718e-16 8.19397e-17 4.92892e-17 2.9543e-17 1.76458e-17 1.05041e-17 6.23215e-18 3.68571e-18 2.17291e-18 1.27712e-18 7.48394e-19 4.37283e-19 2.54778e-19 1.48032e-19 8.57776e-20 4.95726e-20 2.85749e-20 1.64297e-20 9.42326e-21 5.39163e-21 3.07759e-21 1.75265e-21 9.95844e-22 5.64577e-22 3.19381e-22 1.80288e-22 1.01559e-22 5.70924e-23 3.20305e-23 1.79347e-23 1.00227e-23 5.59047e-24 3.11246e-24 1.72968e-24 9.59502e-25 5.31326e-25 2.93714e-25 1.62087e-25 8.92987e-26 4.91166e-26 2.69718e-26 1.47878e-26 8.095e-27 4.4245e-27 2.41466e-27 1.31583e-27 7.15997e-28 3.89042e-28
1.53109e-12 7.19217e-12 1.95182e-11 3.978e-11 6.73416e-11 9.97558e-11 1.33423e-10 1.64482e-10 1.89619e-10 2.06602e-10 2.14477e-10 2.13483e-10 2.04774e-10 1.90066e-10 1.71288e-10 1.50309e-10 1.28746e-10 1.07863e-10 8.85498e-11 7.13441e-11 5.64914e-11 4.40141e-11 3.37797e-11 2.55621e-11 1.90893e-11 1.40793e-11 1.0263e-11 7.39865e-12 5.27805e-12 3.72796e-12 2.60832e-12 1.8086e-12 1.24336e-12 8.47804e-13 5.7358e-13 3.8516e-13 2.56785e-13 1.70024e-13 1.11836e-13 7.30956e-14 4.7484e-14 3.06652e-14 1.96916e-14 1.25759e-14 7.98922e-15 5.04953e-15 3.17581e-15 1.98785e-15 1.23853e-15 7.68212e-16 4.74429e-16 2.91765e-16 1.78698e-16 1.09014e-16 6.62475e-17 4.01079e-17 2.4194e-17 1.45427e-17 8.71128e-18 5.20068e-18 3.09468e-18 1.83563e-18 1.08543e-18 6.39882e-19 3.76107e-19 2.20429e-19 1.28824e-19 7.50809e-20 4.36406e-20 2.52992e-20 1.46287e-20 8.43743e-21 4.8545e-21 2.78632e-21 1.59548e-21 9.11483e-22 5.19544e-22 2.95483e-22 1.67687e-22 9.49599e-23 5.36629e-23 3.02635e-23 1.7033e-23 9.56767e-24 5.36392e-24 3.00147e-24 1.6764e-24 9.34597e-25 5.20106e-25 2.8893e-25 1.60229e-25 8.87052e-26 4.90264e-26 2.70518e-26 1.49025e-26 8.19656e-27 4.50115e-27 2.46801e-27 1.35118e-27 7.3864e-28 4.03195e-28
