0.68395 0.0579775 0.0298325 0.0163394 0.00930141 0.00540139 0.00315796 0.00184345 0.0010693 0.000614838 0.000350115 0.000197433 0.000110298 6.10849e-05 3.35619e-05 1.83077e-05 9.92225e-06 5.34652e-06 2.86604e-06 1.52926e-06 8.1261e-07 4.302e-07 2.26992e-07 1.19412e-07 6.2647e-08 3.2784e-08 1.71141e-08 8.90775e-09 4.612e-09 2.35306e-09 1.22025e-09
0.0579775 0.00824874 0.00430484 0.00228837 0.00121543 0.00064004 0.000333487 0.000171998 8.79236e-05 4.46153e-05 2.25051e-05 1.12989e-05 5.65212e-06 2.81953e-06 1.40356e-06 6.9762e-07 3.46358e-07 1.7183e-07 8.52027e-08 4.22354e-08 2.09333e-08 1.03748e-08 5.14215e-09 2.54883e-09 1.2634e-09 6.26015e-10 3.09637e-10 1.52099e-10 7.28466e-11 3.16862e-11 1.57282e-11
0.0298325 0.00430484 0.00212817 0.00108237 0.000555983 0.000285653 0.000146159 7.43703e-05 3.7631e-05 1.8946e-05 9.49856e-06 4.74585e-06 2.36486e-06 1.176e-06 5.83915e-07 2.89614e-07 1.43538e-07 7.11058e-08 3.52152e-08 1.74385e-08 8.63562e-09 4.2768e-09 2.11837e-09 1.04934e-09 5.19658e-10 2.56952e-10 1.26284e-10 6.07144e-11 2.69202e-11 1.32418e-11 6.57519e-12
0.0163394 0.00228837 0.00108237 0.000528996 0.000263019 0.000131727 6.60859e-05 3.31201e-05 1.65625e-05 8.26222e-06 4.11214e-06 2.04262e-06 1.01304e-06 5.01828e-07 2.4838e-07 1.22869e-07 6.07617e-08 3.00445e-08 1.48563e-08 7.34701e-09 3.63413e-09 1.79801e-09 8.89734e-10 4.40223e-10 2.17534e-10 1.06923e-10 5.15542e-11 2.32051e-11 1.14422e-11 5.62866e-12 2.79555e-12
0.00930141 0.00121543 0.000555983 0.000263019 0.000127089 6.21586e-05 3.05936e-05 1.51004e-05 7.46014e-06 3.68551e-06 1.82e-06 8.98334e-07 4.43227e-07 2.18624e-07 1.07825e-07 5.3181e-08 2.62338e-08 1.29443e-08 6.38913e-09 3.1548e-09 1.55838e-09 7.70052e-10 3.80526e-10 1.87851e-10 9.23102e-11 4.46113e-11 2.03409e-11 1.00246e-11 4.94349e-12 2.4318e-12 1.20792e-12
0.00540139 0.00064004 0.000285653 0.000131727 6.21586e-05 2.97805e-05 1.44057e-05 7.00947e-06 3.42271e-06 1.67486e-06 8.20659e-07 4.02479e-07 1.97528e-07 9.70033e-08 4.76658e-08 2.34365e-08 1.15307e-08 5.67672e-09 2.79655e-09 1.37854e-09 6.79917e-10 3.35432e-10 1.65368e-10 8.12125e-11 3.93173e-11 1.81271e-11 8.9229e-12 4.39774e-12 2.1687e-12 1.06676e-12 5.29872e-13
0.00315796 0.000333487 0.000146159 6.60859e-05 3.05936e-05 1.44057e-05 6.86416e-06 3.29749e-06 1.593e-06 7.72594e-07 3.75766e-07 1.83155e-07 8.94263e-08 4.37263e-08 2.14081e-08 1.04935e-08 5.14914e-09 2.52925e-09 1.24354e-09 6.11902e-10 3.01256e-10 1.48265e-10 7.27407e-11 3.52572e-11 1.6407e-11 8.06544e-12 3.97026e-12 1.95673e-12 9.64865e-13 4.7455e-13 2.35686e-13
0.00184345 0.000171998 7.43703e-05 3.31201e-05 1.51004e-05 7.00947e-06 3.29749e-06 1.56656e-06 7.49627e-07 3.60644e-07 1.74217e-07 8.44312e-08 4.10251e-08 1.99779e-08 9.74704e-09 4.76348e-09 2.33147e-09 1.14267e-09 5.60689e-10 2.75357e-10 1.35234e-10 6.6254e-11 3.21308e-11 1.50645e-11 7.39515e-12 3.63533e-12 1.78941e-12 8.81809e-13 4.34756e-13 2.1379e-13 1.06156e-13
0.0010693 8.79236e-05 3.7631e-05 1.65625e-05 7.46014e-06 3.42271e-06 1.593e-06 7.49627e-07 3.55749e-07 1.69934e-07 8.1592e-08 3.93373e-08 1.90297e-08 9.23192e-09 4.48964e-09 2.18804e-09 1.06834e-09 5.22474e-10 2.55836e-10 1.25331e-10 6.129e-11 2.97206e-11 1.40145e-11 6.86948e-12 3.3721e-12 1.65752e-12 8.15769e-13 4.01935e-13 1.98123e-13 9.74054e-14 4.83519e-14
0.000614838 4.46153e-05 1.8946e-05 8.26222e-06 3.68551e-06 1.67486e-06 7.72594e-07 3.60644e-07 1.69934e-07 8.06711e-08 3.85259e-08 1.84885e-08 8.9085e-09 4.30707e-09 2.08844e-09 1.0152e-09 4.94556e-10 2.41339e-10 1.17881e-10 5.75149e-11 2.7869e-11 1.3195e-11 6.45719e-12 3.16488e-12 1.55341e-12 7.63444e-13 3.75663e-13 1.85048e-13 9.11904e-14 4.48218e-14 2.22415e-14
0.000350115 2.25051e-05 9.49856e-06 4.11214e-06 1.82e-06 8.20659e-07 3.75766e-07 1.74217e-07 8.1592e-08 3.85259e-08 1.83126e-08 8.75254e-09 4.20248e-09 2.02561e-09 9.7958e-10 4.75052e-10 2.30905e-10 1.12399e-10 5.46888e-11 2.64621e-11 1.25605e-11 6.13541e-12 3.00215e-12 1.47125e-12 7.21997e-13 3.5476e-13 1.74521e-13 8.59431e-14 4.23393e-14 2.08049e-14 1.03197e-14
0.000197433 1.12989e-05 4.74585e-06 2.04262e-06 8.98334e-07 4.02479e-07 1.83155e-07 8.44312e-08 3.93373e-08 1.84885e-08 8.75254e-09 4.16841e-09 1.99523e-09 9.59096e-10 4.62693e-10 2.23875e-10 1.08546e-10 5.26415e-11 2.54182e-11 1.2078e-11 5.88747e-12 2.87546e-12 1.40677e-12 6.89268e-13 3.38172e-13 1.66121e-13 8.16978e-14 4.02194e-14 1.98073e-14 9.73011e-15 4.82424e-15
0.000110298 5.65212e-06 2.36486e-06 1.01304e-06 4.43227e-07 1.97528e-07 8.94263e-08 4.10251e-08 1.90297e-08 8.9085e-09 4.20248e-09 1.99523e-09 9.52412e-10 4.56699e-10 2.19818e-10 1.06094e-10 5.12548e-11 2.46796e-11 1.1724e-11 5.70132e-12 2.77866e-12 1.35684e-12 6.6366e-13 3.2509e-13 1.59454e-13 7.83053e-14 3.84981e-14 1.89459e-14 9.3272e-15 4.58049e-15 2.27e-15
6.10849e-05 2.81953e-06 1.176e-06 5.01828e-07 2.18624e-07 9.70033e-08 4.37263e-08 1.99779e-08 9.23192e-09 4.30707e-09 2.02561e-09 9.59096e-10 4.56699e-10 2.18491e-10 1.04902e-10 5.04517e-11 2.42073e-11 1.14819e-11 5.56835e-12 2.70733e-12 1.31918e-12 6.44008e-13 3.14916e-13 1.54216e-13 7.56183e-14 3.7123e-14 1.82449e-14 8.97559e-15 4.41714e-15 2.16854e-15 1.07418e-15
3.35619e-05 1.40356e-06 5.83915e-07 2.4838e-07 1.07825e-07 4.76658e-08 2.14081e-08 9.74704e-09 4.48964e-09 2.08844e-09 9.7958e-10 4.62693e-10 2.19818e-10 1.04902e-10 5.01887e-11 2.39769e-11 1.13407e-11 5.48273e-12 2.65839e-12 1.2922e-12 6.29475e-13 3.07215e-13 1.50181e-13 7.35214e-14 3.60388e-14 1.76864e-14 8.68929e-15 4.27311e-15 2.10215e-15 1.0317e-15 5.10812e-16
1.83077e-05 6.9762e-07 2.89614e-07 1.22869e-07 5.3181e-08 2.34365e-08 1.04935e-08 4.76348e-09 2.18804e-09 1.0152e-09 4.75052e-10 2.23875e-10 1.06094e-10 5.04517e-11 2.39769e-11 1.12943e-11 5.44079e-12 2.62979e-12 1.27477e-12 6.19475e-13 3.01679e-13 1.47189e-13 7.19298e-14 3.52016e-14 1.72493e-14 8.46227e-15 4.15599e-15 2.04302e-15 1.00469e-15 4.92931e-16 2.43945e-16
9.92225e-06 3.46358e-07 1.43538e-07 6.07617e-08 2.62338e-08 1.15307e-08 5.14914e-09 2.33147e-09 1.06834e-09 4.94556e-10 2.30905e-10 1.08546e-10 5.12548e-11 2.42073e-11 1.13407e-11 5.44079e-12 2.62039e-12 1.26623e-12 6.1362e-13 2.98097e-13 1.45125e-13 7.07829e-14 3.45793e-14 1.69169e-14 8.2866e-15 4.06384e-15 1.99511e-15 9.80401e-16 4.81952e-16 2.36388e-16 1.16932e-16
5.34652e-06 1.7183e-07 7.11058e-08 3.00445e-08 1.29443e-08 5.67672e-09 2.52925e-09 1.14267e-09 5.22474e-10 2.41339e-10 1.12399e-10 5.26415e-11 2.46796e-11 1.14819e-11 5.48273e-12 2.62979e-12 1.26623e-12 6.11693e-13 2.96338e-13 1.43915e-13 7.00395e-14 3.41493e-14 1.6677e-14 8.15587e-15 3.99367e-15 1.95784e-15 9.60835e-16 4.71984e-16 2.31938e-16 1.13727e-16 5.62312e-17
2.86604e-06 8.52027e-08 3.52152e-08 1.48563e-08 6.38913e-09 2.79655e-09 1.24354e-09 5.60689e-10 2.55836e-10 1.17881e-10 5.46888e-11 2.54182e-11 1.1724e-11 5.56835e-12 2.65839e-12 1.27477e-12 6.1362e-13 2.96338e-13 1.43516e-13 6.9674e-14 3.38968e-14 1.65213e-14 8.06546e-15 3.94301e-15 1.93008e-15 9.4586e-16 4.64026e-16 2.27859e-16 1.11933e-16 5.48685e-17 2.71175e-17
1.52926e-06 4.22354e-08 1.74385e-08 7.34701e-09 3.1548e-09 1.37854e-09 6.11902e-10 2.75357e-10 1.25331e-10 5.75149e-11 2.64621e-11 1.2078e-11 5.70132e-12 2.70733e-12 1.2922e-12 6.19475e-13 2.98097e-13 1.43915e-13 6.9674e-14 3.38136e-14 1.64448e-14 8.01236e-15 3.91013e-15 1.91089e-15 9.35045e-16 4.58069e-16 2.24644e-16 1.10272e-16 5.41513e-17 2.6537e-17 1.31098e-17
8.1261e-07 2.09333e-08 8.63562e-09 3.63413e-09 1.55838e-09 6.79917e-10 3.01256e-10 1.35234e-10 6.129e-11 2.7869e-11 1.25605e-11 5.88747e-12 2.77866e-12 1.31918e-12 6.29475e-13 3.01679e-13 1.45125e-13 7.00395e-14 3.38968e-14 1.64448e-14 7.99484e-15 3.89394e-15 1.89962e-15 9.2803e-16 4.5395e-16 2.22309e-16 1.08986e-16 5.34804e-17 2.6254e-17 1.28624e-17 6.35168e-18
4.302e-07 1.03748e-08 4.2768e-09 1.79801e-09 7.70052e-10 3.35432e-10 1.48265e-10 6.6254e-11 2.97206e-11 1.3195e-11 6.13541e-12 2.87546e-12 1.35684e-12 6.44008e-13 3.07215e-13 1.47189e-13 7.07829e-14 3.41493e-14 1.65213e-14 8.01236e-15 3.89394e-15 1.89591e-15 9.24579e-16 4.51533e-16 2.20794e-16 1.08091e-16 5.29738e-17 2.59861e-17 1.27527e-17 6.24619e-18 3.08329e-18
2.26992e-07 5.14215e-09 2.11837e-09 8.89734e-10 3.80526e-10 1.65368e-10 7.27407e-11 3.21308e-11 1.40145e-11 6.45719e-12 3.00215e-12 1.40677e-12 6.6366e-13 3.14916e-13 1.50181e-13 7.19298e-14 3.45793e-14 1.6677e-14 8.06546e-15 3.91013e-15 1.89962e-15 9.24579e-16 4.50736e-16 2.2005e-16 1.07566e-16 5.26426e-17 2.57909e-17 1.26476e-17 6.20493e-18 3.03836e-18 1.49926e-18
1.19412e-07 2.54883e-09 1.04934e-09 4.40223e-10 1.87851e-10 8.12125e-11 3.52572e-11 1.50645e-11 6.86948e-12 3.16488e-12 1.47125e-12 6.89268e-13 3.2509e-13 1.54216e-13 7.35214e-14 3.52016e-14 1.69169e-14 8.15587e-15 3.94301e-15 1.91089e-15 9.2803e-16 4.51533e-16 2.2005e-16 1.07393e-16 5.24796e-17 2.56752e-17 1.2575e-17 6.16475e-18 3.02354e-18 1.48017e-18 7.3012e-19
6.2647e-08 1.2634e-09 5.19658e-10 2.17534e-10 9.23102e-11 3.93173e-11 1.6407e-11 7.39515e-12 3.3721e-12 1.55341e-12 7.21997e-13 3.38172e-13 1.59454e-13 7.56183e-14 3.60388e-14 1.72493e-14 8.2866e-15 3.99367e-15 1.93008e-15 9.35045e-16 4.5395e-16 2.20794e-16 1.07566e-16 5.24796e-17 2.5637e-17 1.25388e-17 6.13929e-18 3.00882e-18 1.47527e-18 7.22051e-19 3.56041e-19
3.2784e-08 6.26015e-10 2.56952e-10 1.06923e-10 4.46113e-11 1.81271e-11 8.06544e-12 3.63533e-12 1.65752e-12 7.63444e-13 3.5476e-13 1.66121e-13 7.83053e-14 3.7123e-14 1.76864e-14 8.46227e-15 4.06384e-15 1.95784e-15 9.4586e-16 4.58069e-16 2.22309e-16 1.08091e-16 5.26426e-17 2.56752e-17 1.25388e-17 6.13076e-18 3.00087e-18 1.47028e-18 7.20701e-19 3.52657e-19 1.73836e-19
1.71141e-08 3.09637e-10 1.26284e-10 5.15542e-11 2.03409e-11 8.9229e-12 3.97026e-12 1.78941e-12 8.15769e-13 3.75663e-13 1.74521e-13 8.16978e-14 3.84981e-14 1.82449e-14 8.68929e-15 4.15599e-15 1.99511e-15 9.60835e-16 4.64026e-16 2.24644e-16 1.08986e-16 5.29738e-17 2.57909e-17 1.2575e-17 6.13929e-18 3.00087e-18 1.46844e-18 7.19258e-19 3.52472e-19 1.72435e-19 8.49717e-20
8.90775e-09 1.52099e-10 6.07144e-11 2.32051e-11 1.00246e-11 4.39774e-12 1.95673e-12 8.81809e-13 4.01935e-13 1.85048e-13 8.59431e-14 4.02194e-14 1.89459e-14 8.97559e-15 4.27311e-15 2.04302e-15 9.80401e-16 4.71984e-16 2.27859e-16 1.10272e-16 5.34804e-17 2.59861e-17 1.26476e-17 6.16475e-18 3.00882e-18 1.47028e-18 7.19258e-19 3.52204e-19 1.72552e-19 8.43974e-20 4.1576e-20
4.612e-09 7.28466e-11 2.69202e-11 1.14422e-11 4.94349e-12 2.1687e-12 9.64865e-13 4.34756e-13 1.98123e-13 9.11904e-14 4.23393e-14 1.98073e-14 9.3272e-15 4.41714e-15 2.10215e-15 1.00469e-15 4.81952e-16 2.31938e-16 1.11933e-16 5.41513e-17 2.6254e-17 1.27527e-17 6.20493e-18 3.02354e-18 1.47527e-18 7.20701e-19 3.52472e-19 1.72552e-19 8.45159e-20 4.13294e-20 2.03538e-20
2.35306e-09 3.16862e-11 1.32418e-11 5.62866e-12 2.4318e-12 1.06676e-12 4.7455e-13 2.1379e-13 9.74054e-14 4.48218e-14 2.08049e-14 9.73011e-15 4.58049e-15 2.16854e-15 1.0317e-15 4.92931e-16 2.36388e-16 1.13727e-16 5.48685e-17 2.6537e-17 1.28624e-17 6.24619e-18 3.03836e-18 1.48017e-18 7.22051e-19 3.52657e-19 1.72435e-19 8.43974e-20 4.13294e-20 2.02072e-20 9.94922e-21
1.22025e-09 1.57282e-11 6.57519e-12 2.79555e-12 1.20792e-12 5.29872e-13 2.35686e-13 1.06156e-13 4.83519e-14 2.22415e-14 1.03197e-14 4.82424e-15 2.27e-15 1.07418e-15 5.10812e-16 2.43945e-16 1.16932e-16 5.62312e-17 2.71175e-17 1.31098e-17 6.35168e-18 3.08329e-18 1.49926e-18 7.3012e-19 3.56041e-19 1.73836e-19 8.49717e-20 4.1576e-20 2.03538e-20 9.94922e-21 4.89692e-21
