0.964498 0.00832174 0.00430996 0.00223219 0.00115609 0.000598756 0.000310105 0.000160608 8.31815e-05 4.3081e-05 2.23123e-05 1.15559e-05 5.98498e-06 3.09972e-06 1.60539e-06 8.31457e-07 4.30624e-07 2.23027e-07 1.15509e-07 5.9824e-08 3.09838e-08 1.6047e-08 8.31098e-09 4.30439e-09 2.22931e-09 1.15459e-09 5.97982e-10 3.09704e-10 1.60401e-10 8.3074e-11 4.30253e-11 2.22835e-11 1.1541e-11 5.97725e-12 3.09571e-12 1.60332e-12 8.30382e-13 4.30068e-13 2.22739e-13 1.1536e-13 5.97467e-14 3.09437e-14 1.60262e-14 8.30024e-15 4.29882e-15 2.22643e-15 1.1531e-15 5.97209e-16 3.09304e-16 1.60193e-16 8.29667e-17 4.29697e-17 2.22547e-17 1.1526e-17 5.96952e-18 3.09171e-18 1.60124e-18 8.29309e-19 4.29512e-19 2.22451e-19 1.15211e-19 5.96695e-20 3.09037e-20 1.60055e-20 8.28951e-21 4.29327e-21 2.22355e-21 1.15161e-21 5.96438e-22 3.08904e-22 1.59986e-22 8.28594e-23 4.29142e-23 2.22259e-23 1.15112e-23 5.9618e-24 3.08771e-24 1.59917e-24 8.28237e-25 4.28957e-25 2.22163e-25 1.15062e-25 5.95923e-26 3.08638e-26 1.59848e-26 8.2788e-27 4.28772e-27 2.22068e-27 1.15012e-27 5.95667e-28 3.08505e-28 1.5978e-28 8.27523e-29 4.28587e-29 2.21972e-29 1.14963e-29 5.9541e-30 3.08372e-30 1.59711e-30 8.27167e-31 4.28402e-31
0.00832174 0.000221812 0.000116183 6.08476e-05 3.18634e-05 1.66835e-05 8.73441e-06 4.57224e-06 2.39318e-06 1.25249e-06 6.55428e-07 3.42949e-07 1.79428e-07 9.38656e-08 4.90998e-08 2.56809e-08 1.34307e-08 7.02339e-09 3.67244e-09 1.9201e-09 1.00381e-09 5.24742e-10 2.74285e-10 1.43357e-10 7.4921e-11 3.91518e-11 2.04581e-11 1.06892e-11 5.58458e-12 2.91745e-12 1.524e-12 7.9604e-13 4.1577e-13 2.17141e-13 1.13396e-13 5.92144e-14 3.09191e-14 1.61435e-14 8.42829e-15 4.40002e-15 2.2969e-15 1.19895e-15 6.25801e-16 3.26621e-16 1.70462e-16 8.89579e-17 4.64212e-17 2.42228e-17 1.26389e-17 6.5943e-18 3.44037e-18 1.79481e-18 9.36287e-19 4.88402e-19 2.54756e-19 1.32876e-19 6.93029e-20 3.61437e-20 1.88492e-20 9.82956e-21 5.12571e-21 2.67272e-21 1.39359e-21 7.26598e-22 3.78823e-22 1.97496e-22 1.02958e-22 5.36719e-23 2.79778e-23 1.45835e-23 7.60139e-24 3.96193e-24 2.06492e-24 1.07617e-24 5.60846e-25 2.92273e-25 1.52306e-25 7.93651e-26 4.13548e-26 2.1548e-26 1.12272e-26 5.84952e-27 3.04757e-27 1.58771e-27 8.27134e-28 4.30888e-28 2.2446e-28 1.16923e-28 6.09037e-29 3.1723e-29 1.65231e-29 8.60588e-30 4.48213e-30 2.33432e-30 1.21569e-30 6.33101e-31 3.29693e-31 1.71685e-31 8.94012e-32 4.65523e-32 2.42397e-32
0.00430996 0.000116183 6.08823e-05 3.18996e-05 1.67118e-05 8.75403e-06 4.58501e-06 2.40116e-06 1.25734e-06 6.58315e-07 3.44641e-07 1.80407e-07 9.44262e-08 4.94182e-08 2.58605e-08 1.35314e-08 7.07957e-09 3.70364e-09 1.93736e-09 1.01333e-09 5.2997e-10 2.77149e-10 1.44923e-10 7.57748e-11 3.96164e-11 2.07105e-11 1.0826e-11 5.65866e-12 2.95749e-12 1.54561e-12 8.0769e-13 4.22042e-13 2.20514e-13 1.15208e-13 6.01869e-14 3.14405e-14 1.64228e-14 8.5778e-15 4.47998e-15 2.33963e-15 1.22177e-15 6.3798e-16 3.33117e-16 1.73924e-16 9.0802e-17 4.7403e-17 2.47452e-17 1.29167e-17 6.74198e-18 3.51884e-18 1.83648e-18 9.58409e-19 5.0014e-19 2.60982e-19 1.36177e-19 7.10524e-20 3.70706e-20 1.93401e-20 1.00895e-20 5.26327e-21 2.74551e-21 1.43208e-21 7.46956e-22 3.89584e-22 2.03183e-22 1.05963e-22 5.52591e-23 2.88159e-23 1.5026e-23 7.83495e-24 4.08517e-24 2.12994e-24 1.11047e-24 5.78931e-25 3.01808e-25 1.57332e-25 8.2014e-26 4.27506e-26 2.22833e-26 1.16145e-26 6.05348e-27 3.15496e-27 1.64425e-27 8.56892e-28 4.46549e-28 2.327e-28 1.21258e-28 6.31842e-29 3.29224e-29 1.71538e-29 8.93751e-30 4.65648e-30 2.42597e-30 1.26386e-30 6.58412e-31 3.42992e-31 1.78672e-31 9.30715e-32 4.84801e-32 2.52521e-32 1.31528e-32
0.00223219 6.08476e-05 3.18996e-05 1.67212e-05 8.76386e-06 4.59269e-06 2.40649e-06 1.26081e-06 6.60485e-07 3.45959e-07 1.81192e-07 9.48861e-08 4.96843e-08 2.6013e-08 1.3618e-08 7.12845e-09 3.73105e-09 1.95265e-09 1.02182e-09 5.34671e-10 2.79741e-10 1.46348e-10 7.65556e-11 4.00433e-11 2.09433e-11 1.09528e-11 5.72751e-12 2.99484e-12 1.56583e-12 8.1862e-13 4.27943e-13 2.23695e-13 1.16922e-13 6.11085e-14 3.19357e-14 1.66886e-14 8.72036e-15 4.55636e-15 2.38052e-15 1.24365e-15 6.49673e-16 3.39362e-16 1.77258e-16 9.25804e-17 4.83511e-17 2.52504e-17 1.31857e-17 6.88514e-18 3.59499e-18 1.87697e-18 9.79926e-19 5.11569e-19 2.6705e-19 1.39398e-19 7.2761e-20 3.79767e-20 1.98205e-20 1.0344e-20 5.3981e-21 2.81691e-21 1.46988e-21 7.66959e-22 4.00167e-22 2.0878e-22 1.08923e-22 5.68234e-23 2.96426e-23 1.54628e-23 8.06564e-24 4.20699e-24 2.19425e-24 1.14441e-24 5.96842e-25 3.11257e-25 1.62316e-25 8.46422e-26 4.41362e-26 2.30137e-26 1.19994e-26 6.25632e-27 3.26183e-27 1.70054e-27 8.86536e-28 4.62158e-28 2.40918e-28 1.25583e-28 6.54606e-29 3.41203e-29 1.77841e-29 9.26905e-30 4.83086e-30 2.51767e-30 1.31208e-30 6.83764e-31 3.56319e-31 1.85677e-31 9.67529e-32 5.04146e-32 2.62685e-32 1.36868e-32 7.13106e-33
0.00115609 3.18634e-05 1.67118e-05 8.76386e-06 4.59525e-06 2.40916e-06 1.26289e-06 6.61933e-07 3.46903e-07 1.81781e-07 9.52446e-08 4.98978e-08 2.61381e-08 1.36905e-08 7.16995e-09 3.75464e-09 1.96596e-09 1.02929e-09 5.38837e-10 2.82056e-10 1.47629e-10 7.72621e-11 4.04317e-11 2.11562e-11 1.10692e-11 5.79103e-12 3.02942e-12 1.58462e-12 8.28813e-13 4.33464e-13 2.2668e-13 1.18534e-13 6.19778e-14 3.24039e-14 1.69405e-14 8.85574e-15 4.62905e-15 2.41951e-15 1.26454e-15 6.60861e-16 3.45349e-16 1.80458e-16 9.42904e-17 4.92641e-17 2.57375e-17 1.34454e-17 7.02356e-18 3.66871e-18 1.91621e-18 1.00081e-18 5.22673e-19 2.72952e-19 1.42534e-19 7.44262e-20 3.88607e-20 2.02895e-20 1.05928e-20 5.53002e-21 2.88683e-21 1.50693e-21 7.86581e-22 4.10556e-22 2.1428e-22 1.11833e-22 5.83628e-23 3.04568e-23 1.58932e-23 8.29314e-24 4.32721e-24 2.25776e-24 1.17795e-24 6.14554e-25 3.20607e-25 1.67251e-25 8.72463e-26 4.551e-26 2.37383e-26 1.23815e-26 6.45778e-27 3.36802e-27 1.75651e-27 9.16028e-28 4.77695e-28 2.49102e-28 1.29894e-28 6.77303e-29 3.53153e-29 1.84131e-29 9.6001e-30 5.00507e-30 2.60933e-30 1.3603e-30 7.09129e-31 3.69659e-31 1.92692e-31 1.00441e-31 5.23536e-32 2.72877e-32 1.42225e-32 7.41257e-33 3.86322e-33
0.000598756 1.66835e-05 8.75403e-06 4.59269e-06 2.40916e-06 1.26359e-06 6.62658e-07 3.4747e-07 1.82175e-07 9.55012e-08 5.00582e-08 2.62356e-08 1.37486e-08 7.204e-09 3.77435e-09 1.97726e-09 1.03571e-09 5.42462e-10 2.8409e-10 1.48764e-10 7.7893e-11 4.07809e-11 2.13489e-11 1.11751e-11 5.84911e-12 3.06118e-12 1.60196e-12 8.38253e-13 4.38594e-13 2.29464e-13 1.20041e-13 6.27933e-14 3.28444e-14 1.71781e-14 8.98373e-15 4.69792e-15 2.45654e-15 1.28443e-15 6.71529e-16 3.51067e-16 1.83521e-16 9.59293e-17 5.01405e-17 2.62058e-17 1.36955e-17 7.15702e-18 3.73989e-18 1.95415e-18 1.02102e-18 5.33434e-19 2.78679e-19 1.4558e-19 7.60456e-20 3.97212e-20 2.07466e-20 1.08355e-20 5.65882e-21 2.95516e-21 1.54317e-21 8.05793e-22 4.20738e-22 2.19674e-22 1.14689e-22 5.98752e-23 3.12572e-23 1.63167e-23 8.51716e-24 4.44567e-24 2.32038e-24 1.21105e-24 6.32044e-25 3.29847e-25 1.72131e-25 8.98228e-26 4.68701e-26 2.44561e-26 1.27603e-26 6.6576e-27 3.47342e-27 1.81209e-27 9.45331e-28 4.93142e-28 2.57243e-28 1.34184e-28 6.99904e-29 3.65058e-29 1.90401e-29 9.93028e-30 5.17891e-30 2.70085e-30 1.40847e-30 7.34477e-31 3.82997e-31 1.99709e-31 1.04132e-31 5.4295e-32 2.83087e-32 1.47593e-32 7.6948e-33 4.01159e-33 2.09132e-33
0.000310105 8.73441e-06 4.58501e-06 2.40649e-06 1.26289e-06 6.62658e-07 3.47659e-07 1.82372e-07 9.56553e-08 5.01653e-08 2.63054e-08 1.37922e-08 7.23054e-09 3.79016e-09 1.98653e-09 1.04108e-09 5.4554e-10 2.8584e-10 1.49752e-10 7.84474e-11 4.10904e-11 2.15209e-11 1.12704e-11 5.90166e-12 3.09009e-12 1.61781e-12 8.46924e-13 4.43327e-13 2.32042e-13 1.21443e-13 6.35537e-14 3.32564e-14 1.7401e-14 9.10413e-15 4.76288e-15 2.49154e-15 1.30326e-15 6.81658e-16 3.56507e-16 1.8644e-16 9.74945e-17 5.0979e-17 2.66546e-17 1.39356e-17 7.28533e-18 3.80842e-18 1.99073e-18 1.04053e-18 5.43837e-19 2.84222e-19 1.48532e-19 7.76168e-20 4.05571e-20 2.11911e-20 1.10717e-20 5.78434e-21 3.02181e-21 1.57855e-21 8.24568e-22 4.30697e-22 2.24954e-22 1.17488e-22 6.13583e-23 3.20428e-23 1.67327e-23 8.73738e-24 4.56221e-24 2.38204e-24 1.24366e-24 6.49288e-25 3.38963e-25 1.76949e-25 9.23683e-26 4.82148e-26 2.51663e-26 1.31353e-26 6.85553e-27 3.57788e-27 1.8672e-27 9.74408e-28 5.08479e-28 2.65331e-28 1.38448e-28 7.22382e-29 3.76905e-29 1.96644e-29 1.02592e-29 5.35217e-30 2.7921e-30 1.45652e-30 7.59778e-31 3.96316e-31 2.0672e-31 1.07822e-31 5.62365e-32 2.93302e-32 1.52967e-32 7.97746e-33 4.16024e-33 2.16949e-33 1.13132e-33
0.000160608 4.57224e-06 2.40116e-06 1.26081e-06 6.61933e-07 3.4747e-07 1.82372e-07 9.57066e-08 5.02189e-08 2.63473e-08 1.38213e-08 7.24953e-09 3.80204e-09 1.99376e-09 1.04539e-09 5.48065e-10 2.87302e-10 1.50591e-10 7.89243e-11 4.13597e-11 2.1672e-11 1.13548e-11 5.94859e-12 3.11607e-12 1.63215e-12 8.54813e-13 4.47654e-13 2.3441e-13 1.22735e-13 6.42579e-14 3.36392e-14 1.76088e-14 9.21674e-15 4.82381e-15 2.52446e-15 1.32103e-15 6.91233e-16 3.61662e-16 1.89212e-16 9.89838e-17 5.17783e-17 2.70833e-17 1.41652e-17 7.40829e-18 3.8742e-18 2.0259e-18 1.05932e-18 5.53867e-19 2.89573e-19 1.51385e-19 7.91375e-20 4.13671e-20 2.16223e-20 1.13012e-20 5.90637e-21 3.08669e-21 1.61303e-21 8.42879e-22 4.40419e-22 2.30114e-22 1.20226e-22 6.28101e-23 3.28125e-23 1.71406e-23 8.9535e-24 4.67668e-24 2.44265e-24 1.27574e-24 6.66264e-25 3.47943e-25 1.81698e-25 9.48795e-26 4.95422e-26 2.58678e-26 1.35059e-26 7.05131e-27 3.68127e-27 1.92179e-27 1.00322e-27 5.23686e-28 2.73355e-28 1.42681e-28 7.44709e-29 3.88679e-29 2.02852e-29 1.05864e-29 5.52464e-30 2.88299e-30 1.50441e-30 7.85004e-31 4.09603e-31 2.13717e-31 1.11506e-31 5.81761e-32 3.03511e-32 1.5834e-32 8.26022e-33 4.30901e-33 2.24776e-33 1.17249e-33 6.11579e-34
8.31815e-05 2.39318e-06 1.25734e-06 6.60485e-07 3.46903e-07 1.82175e-07 9.56553e-08 5.02189e-08 2.63613e-08 1.38359e-08 7.26094e-09 3.80997e-09 1.99893e-09 1.04862e-09 5.50033e-10 2.88475e-10 1.51279e-10 7.93229e-11 4.15883e-11 2.18021e-11 1.14282e-11 5.98982e-12 3.1391e-12 1.64495e-12 8.61905e-13 4.51569e-13 2.36563e-13 1.23917e-13 6.49047e-14 3.39924e-14 1.78012e-14 9.32139e-15 4.88062e-15 2.55525e-15 1.3377e-15 7.00239e-16 3.66523e-16 1.91833e-16 1.00395e-16 5.25372e-17 2.74911e-17 1.43842e-17 7.52571e-18 3.93713e-18 2.0596e-18 1.07735e-18 5.63507e-19 2.94724e-19 1.54136e-19 8.06054e-20 4.215e-20 2.20396e-20 1.15235e-20 6.02476e-21 3.1497e-21 1.64654e-21 8.60701e-22 4.49891e-22 2.35146e-22 1.22898e-22 6.42286e-23 3.35652e-23 1.75399e-23 9.16522e-24 4.78891e-24 2.50212e-24 1.30725e-24 6.82948e-25 3.56776e-25 1.86373e-25 9.73532e-26 5.08507e-26 2.65598e-26 1.38718e-26 7.24469e-27 3.78346e-27 1.97578e-27 1.03174e-27 5.38745e-28 2.81306e-28 1.46878e-28 7.66858e-29 4.00366e-29 2.09017e-29 1.09116e-29 5.69612e-30 2.9734e-30 1.55207e-30 8.10124e-31 4.2284e-31 2.20691e-31 1.1518e-31 6.01114e-32 3.13703e-32 1.63707e-32 8.54276e-33 4.45775e-33 2.32604e-33 1.21369e-33 6.33256e-34 3.30399e-34
4.3081e-05 1.25249e-06 6.58315e-07 3.45959e-07 1.81781e-07 9.55012e-08 5.01653e-08 2.63473e-08 1.38359e-08 7.26475e-09 3.81394e-09 2.00203e-09 1.05078e-09 5.51442e-10 2.89357e-10 1.51815e-10 7.96426e-11 4.17759e-11 2.19108e-11 1.14906e-11 6.02529e-12 3.15914e-12 1.6562e-12 8.68191e-13 4.55065e-13 2.385e-13 1.24986e-13 6.5493e-14 3.43153e-14 1.7978e-14 9.41792e-15 4.93323e-15 2.58387e-15 1.35323e-15 7.08662e-16 3.71082e-16 1.94297e-16 1.01725e-16 5.32546e-17 2.78774e-17 1.4592e-17 7.63741e-18 3.99711e-18 2.09177e-18 1.09459e-18 5.72745e-19 2.99668e-19 1.5678e-19 8.20184e-20 4.29047e-20 2.24424e-20 1.17384e-20 6.13932e-21 3.21074e-21 1.67905e-21 8.78007e-22 4.59099e-22 2.40043e-22 1.25501e-22 6.56119e-23 3.42999e-23 1.793e-23 9.37226e-24 4.89875e-24 2.56038e-24 1.33814e-24 6.99318e-25 3.6545e-25 1.90967e-25 9.97859e-26 5.21385e-26 2.72413e-26 1.42323e-26 7.43541e-27 3.88431e-27 2.0291e-27 1.05992e-27 5.53637e-28 2.89173e-28 1.51033e-28 7.88801e-29 4.1195e-29 2.15132e-29 1.12343e-29 5.8664e-30 3.06322e-30 1.59945e-30 8.35109e-31 4.36014e-31 2.27636e-31 1.18841e-31 6.20402e-32 3.23866e-32 1.69061e-32 8.82478e-33 4.60627e-33 2.40425e-33 1.25486e-33 6.54933e-34 3.41809e-34 1.78384e-34
2.23123e-05 6.55428e-07 3.44641e-07 1.81192e-07 9.52446e-08 5.00582e-08 2.63054e-08 1.38213e-08 7.26094e-09 3.81394e-09 2.00307e-09 1.05186e-09 5.52288e-10 2.89945e-10 1.52199e-10 7.98828e-11 4.19221e-11 2.19979e-11 1.15417e-11 6.05493e-12 3.17615e-12 1.66588e-12 8.73659e-13 4.58136e-13 2.40216e-13 1.25941e-13 6.6022e-14 3.46074e-14 1.81387e-14 9.50617e-15 4.98155e-15 2.61026e-15 1.36762e-15 7.1649e-16 3.75333e-16 1.96602e-16 1.02973e-16 5.39293e-17 2.82417e-17 1.47885e-17 7.74324e-18 4.05405e-18 2.12238e-18 1.11103e-18 5.81565e-19 3.04397e-19 1.59313e-19 8.33744e-20 4.363e-20 2.28302e-20 1.19455e-20 6.24989e-21 3.26974e-21 1.71051e-21 8.94773e-22 4.6803e-22 2.44798e-22 1.28032e-22 6.69579e-23 3.50156e-23 1.83104e-23 9.57432e-24 5.00605e-24 2.61734e-24 1.36836e-24 7.15352e-25 3.73952e-25 1.95474e-25 1.02174e-25 5.34039e-26 2.79115e-26 1.45872e-26 7.62323e-27 3.9837e-27 2.08168e-27 1.08773e-27 5.68342e-28 2.96947e-28 1.55141e-28 8.1051e-29 4.23419e-29 2.21189e-29 1.15542e-29 6.03526e-30 3.15236e-30 1.64648e-30 8.59928e-31 4.49107e-31 2.34542e-31 1.22482e-31 6.39603e-32 3.33988e-32 1.74396e-32 9.10594e-33 4.75442e-33 2.4823e-33 1.29597e-33 6.76586e-34 3.53211e-34 1.84387e-34 9.62525e-35
1.15559e-05 3.42949e-07 1.80407e-07 9.48861e-08 4.98978e-08 2.62356e-08 1.37922e-08 7.24953e-09 3.80997e-09 2.00203e-09 1.05186e-09 5.5257e-10 2.90239e-10 1.52429e-10 8.00432e-11 4.20267e-11 2.20634e-11 1.15816e-11 6.07871e-12 3.1901e-12 1.67397e-12 8.78301e-13 4.60778e-13 2.41709e-13 1.2678e-13 6.64908e-14 3.48682e-14 1.82833e-14 9.586e-15 5.0255e-15 2.63439e-15 1.38083e-15 7.23709e-16 3.79269e-16 1.98744e-16 1.04137e-16 5.45602e-17 2.85834e-17 1.49732e-17 7.84301e-18 4.10787e-18 2.15138e-18 1.12664e-18 5.89956e-19 3.08904e-19 1.61732e-19 8.46714e-20 4.43249e-20 2.32022e-20 1.21446e-20 6.35631e-21 3.32659e-21 1.74087e-21 9.10974e-22 4.76671e-22 2.49404e-22 1.30486e-22 6.82648e-23 3.57112e-23 1.86804e-23 9.77112e-24 5.11067e-24 2.67292e-24 1.39789e-24 7.31027e-25 3.82272e-25 1.99888e-25 1.04516e-25 5.46452e-26 2.85694e-26 1.49358e-26 7.8079e-27 4.0815e-27 2.13345e-27 1.11513e-27 5.82841e-28 3.04617e-28 1.59198e-28 8.31958e-29 4.34757e-29 2.27181e-29 1.18708e-29 6.20251e-30 3.24069e-30 1.69313e-30 8.84552e-31 4.62104e-31 2.41401e-31 1.26101e-31 6.58695e-32 3.44058e-32 1.79706e-32 9.38593e-33 4.90202e-33 2.5601e-33 1.33697e-33 6.9819e-34 3.64593e-34 1.90383e-34 9.94103e-35 5.19063e-35
5.98498e-06 1.79428e-07 9.44262e-08 4.96843e-08 2.61381e-08 1.37486e-08 7.23054e-09 3.80204e-09 1.99893e-09 1.05078e-09 5.52288e-10 2.90239e-10 1.52506e-10 8.01234e-11 4.20895e-11 2.21071e-11 1.16101e-11 6.09657e-12 3.20098e-12 1.68046e-12 8.8211e-13 4.62986e-13 2.42977e-13 1.27501e-13 6.68986e-14 3.50973e-14 1.84114e-14 9.65728e-15 5.06501e-15 2.65622e-15 1.39285e-15 7.30308e-16 3.82884e-16 2.00719e-16 1.05214e-16 5.51465e-17 2.89019e-17 1.5146e-17 7.93659e-18 4.15848e-18 2.17872e-18 1.14139e-18 5.97903e-19 3.13182e-19 1.64032e-19 8.59074e-20 4.49884e-20 2.3558e-20 1.23352e-20 6.45842e-21 3.38123e-21 1.77009e-21 9.26589e-22 4.8501e-22 2.53855e-22 1.3286e-22 6.95306e-23 3.63857e-23 1.90397e-23 9.96239e-24 5.21244e-24 2.72706e-24 1.42667e-24 7.46323e-25 3.90397e-25 2.04204e-25 1.06806e-25 5.58607e-26 2.92142e-26 1.52777e-26 7.98918e-27 4.17757e-27 2.18435e-27 1.14209e-27 5.97117e-28 3.12174e-28 1.63197e-28 8.53118e-29 4.45949e-29 2.331e-29 1.21837e-29 6.36793e-30 3.32811e-30 1.73931e-30 9.0895e-31 4.74989e-31 2.48205e-31 1.29693e-31 6.77654e-32 3.54064e-32 1.84985e-32 9.66442e-33 5.04891e-33 2.63756e-33 1.37782e-33 7.19721e-34 3.75942e-34 1.96364e-34 1.02562e-34 5.35668e-35 2.79763e-35
3.09972e-06 9.38656e-08 4.94182e-08 2.6013e-08 1.36905e-08 7.204e-09 3.79016e-09 1.99376e-09 1.04862e-09 5.51442e-10 2.89945e-10 1.52429e-10 8.01234e-11 4.21105e-11 2.2129e-11 1.16272e-11 6.1085e-12 3.20876e-12 1.68533e-12 8.85078e-13 4.64757e-13 2.44017e-13 1.28104e-13 6.72447e-14 3.52944e-14 1.85228e-14 9.7199e-15 5.10002e-15 2.6757e-15 1.40366e-15 7.36277e-16 3.86172e-16 2.02525e-16 1.06203e-16 5.56871e-17 2.91968e-17 1.53065e-17 8.02382e-18 4.20581e-18 2.20435e-18 1.15525e-18 6.05396e-19 3.17225e-19 1.66211e-19 8.70806e-20 4.56194e-20 2.38971e-20 1.25173e-20 6.55607e-21 3.43358e-21 1.79812e-21 9.41592e-22 4.93034e-22 2.58144e-22 1.35151e-22 7.07537e-23 3.70383e-23 1.93877e-23 1.01479e-23 5.31125e-24 2.77967e-24 1.45467e-24 7.61218e-25 3.98318e-25 2.08414e-25 1.09043e-25 5.70489e-26 2.9845e-26 1.56126e-26 8.16682e-27 4.27179e-27 2.23431e-27 1.16858e-27 6.1115e-28 3.19608e-28 1.67134e-28 8.73963e-29 4.56983e-29 2.38939e-29 1.24926e-29 6.53132e-30 3.41451e-30 1.78499e-30 9.33094e-31 4.87748e-31 2.54945e-31 1.33254e-31 6.96459e-32 3.63993e-32 1.90227e-32 9.94109e-33 5.19491e-33 2.7146e-33 1.41846e-33 7.41156e-34 3.87246e-34 2.02324e-34 1.05704e-34 5.52231e-35 2.88491e-35 1.50706e-35
1.60539e-06 4.90998e-08 2.58605e-08 1.3618e-08 7.16995e-09 3.77435e-09 1.98653e-09 1.04539e-09 5.50033e-10 2.89357e-10 1.52199e-10 8.00432e-11 4.20895e-11 2.2129e-11 1.1633e-11 6.11447e-12 3.21343e-12 1.68859e-12 8.87202e-13 4.66087e-13 2.44827e-13 1.28588e-13 6.75287e-14 3.54591e-14 1.86174e-14 9.77376e-15 5.13048e-15 2.69282e-15 1.41323e-15 7.41607e-16 3.89127e-16 2.04158e-16 1.07103e-16 5.61813e-17 2.94676e-17 1.54546e-17 8.10458e-18 4.24978e-18 2.22825e-18 1.16822e-18 6.12422e-19 3.21026e-19 1.68266e-19 8.81893e-20 4.6217e-20 2.4219e-20 1.26904e-20 6.64912e-21 3.48354e-21 1.82493e-21 9.55964e-22 5.00733e-22 2.62266e-22 1.37356e-22 7.19322e-23 3.7668e-23 1.97239e-23 1.03273e-23 5.40693e-24 2.83068e-24 1.48184e-24 7.75692e-25 4.06022e-25 2.12513e-25 1.11223e-25 5.8208e-26 3.0461e-26 1.59398e-26 8.3406e-27 4.36404e-27 2.28327e-27 1.19454e-27 6.24922e-28 3.26909e-28 1.71004e-28 8.94467e-29 4.67844e-29 2.4469e-29 1.27971e-29 6.69247e-30 3.49978e-30 1.8301e-30 9.56953e-31 5.00364e-31 2.61615e-31 1.36779e-31 7.15087e-32 3.73834e-32 1.95425e-32 1.02156e-32 5.33986e-33 2.79112e-33 1.45884e-33 7.6247e-34 3.98491e-34 2.08256e-34 1.08833e-34 5.68732e-35 2.97192e-35 1.55293e-35 8.11426e-36
8.31457e-07 2.56809e-08 1.35314e-08 7.12845e-09 3.75464e-09 1.97726e-09 1.04108e-09 5.48065e-10 2.88475e-10 1.51815e-10 7.98828e-11 4.20267e-11 2.21071e-11 1.16272e-11 6.11447e-12 3.21499e-12 1.69022e-12 8.88478e-13 4.66976e-13 2.45407e-13 1.28951e-13 6.77501e-14 3.55912e-14 1.8695e-14 9.81878e-15 5.15633e-15 2.70755e-15 1.42156e-15 7.46289e-16 3.91746e-16 2.05616e-16 1.07911e-16 5.66284e-17 2.97138e-17 1.55899e-17 8.17874e-18 4.29033e-18 2.25038e-18 1.18027e-18 6.18972e-19 3.24581e-19 1.70192e-19 8.92317e-20 4.67804e-20 2.45231e-20 1.28544e-20 6.73744e-21 3.53106e-21 1.85048e-21 9.69683e-22 5.08095e-22 2.66213e-22 1.39471e-22 7.30646e-23 3.82738e-23 2.00478e-23 1.05004e-23 5.49937e-24 2.88001e-24 1.50816e-24 7.89724e-25 4.13501e-25 2.16496e-25 1.13344e-25 5.93366e-26 3.10614e-26 1.6259e-26 8.51027e-27 4.45419e-27 2.33115e-27 1.21997e-27 6.38415e-28 3.34068e-28 1.74801e-28 9.14602e-29 4.78518e-29 2.50347e-29 1.30968e-29 6.85119e-30 3.58383e-30 1.87459e-30 9.80499e-31 5.12822e-31 2.68205e-31 1.40264e-31 7.33515e-32 3.83576e-32 2.00574e-32 1.04877e-32 5.48359e-33 2.86703e-33 1.49894e-33 7.83637e-34 4.09666e-34 2.14154e-34 1.11946e-34 5.85153e-35 3.05855e-35 1.59862e-35 8.35523e-36 4.36672e-36
4.30624e-07 1.34307e-08 7.07957e-09 3.73105e-09 1.96596e-09 1.03571e-09 5.4554e-10 2.87302e-10 1.51279e-10 7.96426e-11 4.19221e-11 2.20634e-11 1.16101e-11 6.1085e-12 3.21343e-12 1.69022e-12 8.88903e-13 4.6742e-13 2.45755e-13 1.29194e-13 6.79085e-14 3.56905e-14 1.87555e-14 9.85488e-15 5.17754e-15 2.71986e-15 1.42863e-15 7.50316e-16 3.94024e-16 2.06897e-16 1.08628e-16 5.70275e-17 2.99352e-17 1.57123e-17 8.24618e-18 4.32739e-18 2.27069e-18 1.19138e-18 6.25035e-19 3.27883e-19 1.71988e-19 9.02064e-20 4.73087e-20 2.4809e-20 1.3009e-20 6.82089e-21 3.57606e-21 1.87472e-21 9.82729e-22 5.15109e-22 2.69981e-22 1.41493e-22 7.41491e-23 3.88549e-23 2.0359e-23 1.06669e-23 5.58843e-24 2.92761e-24 1.53359e-24 8.03296e-25 4.20742e-25 2.20358e-25 1.15402e-25 6.0433e-26 3.16452e-26 1.65698e-26 8.67561e-27 4.54212e-27 2.3779e-27 1.24481e-27 6.51611e-28 3.41076e-28 1.78521e-28 9.34344e-29 4.88991e-29 2.55901e-29 1.33913e-29 7.00727e-30 3.66653e-30 1.91841e-30 1.0037e-30 5.25107e-31 2.74708e-31 1.43706e-31 7.51721e-32 3.93206e-32 2.05667e-32 1.07569e-32 5.62592e-33 2.94226e-33 1.53868e-33 8.04634e-34 4.20756e-34 2.20011e-34 1.15038e-34 6.01477e-35 3.14471e-35 1.64409e-35 8.59512e-36 4.49327e-36 2.34885e-36
2.23027e-07 7.02339e-09 3.70364e-09 1.95265e-09 1.02929e-09 5.42462e-10 2.8584e-10 1.50591e-10 7.93229e-11 4.17759e-11 2.19979e-11 1.15816e-11 6.09657e-12 3.20876e-12 1.68859e-12 8.88478e-13 4.6742e-13 2.45871e-13 1.29315e-13 6.80036e-14 3.57567e-14 1.87987e-14 9.882e-15 5.19407e-15 2.72972e-15 1.43443e-15 7.53682e-16 3.95958e-16 2.07999e-16 1.09251e-16 5.73781e-17 3.01314e-17 1.58215e-17 8.30681e-18 4.36091e-18 2.28917e-18 1.20154e-18 6.30602e-19 3.30929e-19 1.7365e-19 9.11119e-20 4.78011e-20 2.50764e-20 1.31539e-20 6.89934e-21 3.61848e-21 1.89762e-21 9.95083e-22 5.21765e-22 2.73563e-22 1.4342e-22 7.51842e-23 3.94106e-23 2.06571e-23 1.08266e-23 5.67399e-24 2.9734e-24 1.55808e-24 8.16388e-25 4.27736e-25 2.24092e-25 1.17395e-25 6.14959e-26 3.22118e-26 1.68717e-26 8.83641e-27 4.62772e-27 2.42345e-27 1.26904e-27 6.64494e-28 3.47923e-28 1.82159e-28 9.53666e-29 4.99249e-29 2.61346e-29 1.36802e-29 7.16052e-30 3.74779e-30 1.96148e-30 1.02653e-30 5.37203e-31 2.81115e-31 1.47098e-31 7.69683e-32 4.02713e-32 2.10697e-32 1.10231e-32 5.76669e-33 3.0167e-33 1.57804e-33 8.25437e-34 4.3175e-34 2.2582e-34 1.18106e-34 6.17684e-35 3.23029e-35 1.68927e-35 8.83366e-36 4.61917e-36 2.41529e-36 1.26287e-36
1.15509e-07 3.67244e-09 1.93736e-09 1.02182e-09 5.38837e-10 2.8409e-10 1.49752e-10 7.89243e-11 4.15883e-11 2.19108e-11 1.15417e-11 6.07871e-12 3.20098e-12 1.68533e-12 8.87202e-13 4.66976e-13 2.45755e-13 1.29315e-13 6.80353e-14 3.57899e-14 1.88247e-14 9.90011e-15 5.2059e-15 2.73714e-15 1.43895e-15 7.56381e-16 3.97544e-16 2.0892e-16 1.0978e-16 5.76796e-17 3.0302e-17 1.59175e-17 8.36053e-18 4.39083e-18 2.30577e-18 1.21072e-18 6.35665e-19 3.33712e-19 1.75176e-19 9.19468e-20 4.82569e-20 2.53247e-20 1.3289e-20 6.9727e-21 3.65825e-21 1.91916e-21 1.00673e-21 5.28054e-22 2.76956e-22 1.45248e-22 7.61684e-23 3.99399e-23 2.09415e-23 1.09794e-23 5.75592e-24 3.01732e-24 1.58161e-24 8.28983e-25 4.34474e-25 2.27694e-25 1.1932e-25 6.25237e-26 3.27604e-26 1.71643e-26 8.99244e-27 4.71087e-27 2.46774e-27 1.29262e-27 6.77046e-28 3.54601e-28 1.8571e-28 9.72543e-29 5.09281e-29 2.66675e-29 1.39631e-29 7.31074e-30 3.82751e-30 2.00378e-30 1.04896e-30 5.49096e-31 2.87418e-31 1.50439e-31 7.87379e-32 4.12085e-32 2.1566e-32 1.12858e-32 5.90573e-33 3.09027e-33 1.61696e-33 8.46021e-34 4.42634e-34 2.31574e-34 1.21148e-34 6.33757e-35 3.31521e-35 1.73413e-35 9.07058e-36 4.74428e-36 2.48135e-36 1.29774e-36 6.78689e-37
5.9824e-08 1.9201e-09 1.01333e-09 5.34671e-10 2.82056e-10 1.48764e-10 7.84474e-11 4.13597e-11 2.18021e-11 1.14906e-11 6.05493e-12 3.1901e-12 1.68046e-12 8.85078e-13 4.66087e-13 2.45407e-13 1.29194e-13 6.80036e-14 3.57899e-14 1.88334e-14 9.90917e-15 5.213e-15 2.74209e-15 1.44218e-15 7.58409e-16 3.9878e-16 2.09658e-16 1.10214e-16 5.79316e-17 3.04469e-17 1.60001e-17 8.40725e-18 4.41712e-18 2.32049e-18 1.21892e-18 6.40216e-19 3.36229e-19 1.76563e-19 9.27098e-20 4.86754e-20 2.55537e-20 1.3414e-20 7.04083e-21 3.69532e-21 1.93929e-21 1.01764e-21 5.33966e-22 2.80154e-22 1.46975e-22 7.71003e-23 4.04422e-23 2.1212e-23 1.11248e-23 5.83411e-24 3.05931e-24 1.60414e-24 8.41062e-25 4.40945e-25 2.31159e-25 1.21174e-25 6.35151e-26 3.32902e-26 1.74473e-26 9.14348e-27 4.79146e-27 2.51072e-27 1.31553e-27 6.8925e-28 3.611e-28 1.8917e-28 9.90951e-29 5.19072e-29 2.7188e-29 1.42398e-29 7.45773e-30 3.90558e-30 2.04523e-30 1.07096e-30 5.6077e-31 2.93611e-31 1.53723e-31 8.04788e-32 4.21312e-32 2.20549e-32 1.15448e-32 6.04288e-33 3.16288e-33 1.65539e-33 8.66362e-34 4.53396e-34 2.37267e-34 1.24158e-34 6.49676e-35 3.39937e-35 1.77861e-35 9.30563e-36 4.86846e-36 2.54695e-36 1.33239e-36 6.96984e-37 3.64584e-37
3.09838e-08 1.00381e-09 5.2997e-10 2.79741e-10 1.47629e-10 7.7893e-11 4.10904e-11 2.1672e-11 1.14282e-11 6.02529e-12 3.17615e-12 1.67397e-12 8.8211e-13 4.64757e-13 2.44827e-13 1.28951e-13 6.79085e-14 3.57567e-14 1.88247e-14 9.90917e-15 5.21537e-15 2.74457e-15 1.44412e-15 7.59763e-16 3.99665e-16 2.10213e-16 1.10553e-16 5.81336e-17 3.05657e-17 1.60691e-17 8.44691e-18 4.43973e-18 2.33329e-18 1.22612e-18 6.44247e-19 3.38476e-19 1.77811e-19 9.33998e-20 4.90559e-20 2.57629e-20 1.35288e-20 7.10365e-21 3.72962e-21 1.95799e-21 1.02782e-21 5.39493e-22 2.83151e-22 1.48599e-22 7.79786e-23 4.09168e-23 2.1468e-23 1.12629e-23 5.90845e-24 3.09931e-24 1.62564e-24 8.52609e-25 4.47142e-25 2.34482e-25 1.22954e-25 6.44686e-26 3.38005e-26 1.77202e-26 9.28935e-27 4.86938e-27 2.55232e-27 1.33773e-27 7.0109e-28 3.67412e-28 1.92534e-28 1.00887e-28 5.2861e-29 2.76956e-29 1.45098e-29 7.60132e-30 3.98191e-30 2.08579e-30 1.09251e-30 5.7221e-31 2.99684e-31 1.56946e-31 8.21888e-32 4.30381e-32 2.25358e-32 1.17997e-32 6.17796e-33 3.23445e-33 1.6933e-33 8.86435e-34 4.64023e-34 2.42891e-34 1.27135e-34 6.65423e-35 3.48266e-35 1.82266e-35 9.53853e-36 4.99158e-36 2.61202e-36 1.36677e-36 7.1515e-37 3.7418e-37 1.9577e-37
1.6047e-08 5.24742e-10 2.77149e-10 1.46348e-10 7.72621e-11 4.07809e-11 2.15209e-11 1.13548e-11 5.98982e-12 3.15914e-12 1.66588e-12 8.78301e-13 4.62986e-13 2.44017e-13 1.28588e-13 6.77501e-14 3.56905e-14 1.87987e-14 9.90011e-15 5.213e-15 2.74457e-15 1.44477e-15 7.6044e-16 4.00196e-16 2.10583e-16 1.10795e-16 5.82855e-17 3.06583e-17 1.61244e-17 8.47944e-18 4.45862e-18 2.34415e-18 1.23231e-18 6.47754e-19 3.40449e-19 1.78916e-19 9.40159e-20 4.9398e-20 2.59522e-20 1.36332e-20 7.16106e-21 3.76112e-21 1.97523e-21 1.03724e-21 5.44627e-22 2.85945e-22 1.50116e-22 7.8802e-23 4.13628e-23 2.17094e-23 1.13933e-23 5.97883e-24 3.13725e-24 1.64607e-24 8.63608e-25 4.53055e-25 2.37659e-25 1.24659e-25 6.5383e-26 3.42906e-26 1.79827e-26 9.42983e-27 4.94453e-27 2.59249e-27 1.35919e-27 7.12551e-28 3.73529e-28 1.95797e-28 1.02626e-28 5.37882e-29 2.81896e-29 1.47728e-29 7.74131e-30 4.05639e-30 2.1254e-30 1.11357e-30 5.83404e-31 3.05631e-31 1.60104e-31 8.38657e-32 4.39282e-32 2.3008e-32 1.20502e-32 6.31082e-33 3.30488e-33 1.73063e-33 9.06217e-34 4.74503e-34 2.48442e-34 1.30074e-34 6.80981e-35 3.565e-35 1.86623e-35 9.76902e-36 5.11349e-36 2.67648e-36 1.40085e-36 7.33167e-37 3.83702e-37 2.00801e-37 1.0508e-37
8.31098e-09 2.74285e-10 1.44923e-10 7.65556e-11 4.04317e-11 2.13489e-11 1.12704e-11 5.94859e-12 3.1391e-12 1.6562e-12 8.73659e-13 4.60778e-13 2.42977e-13 1.28104e-13 6.75287e-14 3.55912e-14 1.87555e-14 9.882e-15 5.2059e-15 2.74209e-15 1.44412e-15 7.6044e-16 4.00373e-16 2.10769e-16 1.1094e-16 5.83868e-17 3.07245e-17 1.61659e-17 8.50479e-18 4.47377e-18 2.35306e-18 1.23749e-18 6.5073e-19 3.42147e-19 1.79877e-19 9.45569e-20 4.9701e-20 2.61211e-20 1.3727e-20 7.21298e-21 3.78976e-21 1.99098e-21 1.04588e-21 5.49359e-22 2.8853e-22 1.51526e-22 7.95693e-23 4.17797e-23 2.19356e-23 1.15159e-23 6.04515e-24 3.1731e-24 1.66542e-24 8.74042e-25 4.58676e-25 2.40684e-25 1.26286e-25 6.6257e-26 3.47597e-26 1.82344e-26 9.56475e-27 5.0168e-27 2.63118e-27 1.37989e-27 7.23617e-28 3.79442e-28 1.98955e-28 1.04312e-28 5.46876e-29 2.86692e-29 1.50285e-29 7.87753e-30 4.12894e-30 2.16402e-30 1.13412e-30 5.94335e-31 3.11444e-31 1.63194e-31 8.55075e-32 4.48003e-32 2.34712e-32 1.2296e-32 6.44129e-33 3.3741e-33 1.76735e-33 9.25685e-34 4.84823e-34 2.53911e-34 1.32972e-34 6.9633e-35 3.64629e-35 1.90927e-35 9.99684e-36 5.23405e-36 2.74028e-36 1.4346e-36 7.51014e-37 3.93139e-37 2.05791e-37 1.07718e-37 5.63806e-38
4.30439e-09 1.43357e-10 7.57748e-11 4.00433e-11 2.11562e-11 1.11751e-11 5.90166e-12 3.11607e-12 1.64495e-12 8.68191e-13 4.58136e-13 2.41709e-13 1.27501e-13 6.72447e-14 3.54591e-14 1.8695e-14 9.85488e-15 5.19407e-15 2.73714e-15 1.44218e-15 7.59763e-16 4.00196e-16 2.10769e-16 1.10989e-16 5.84375e-17 3.07643e-17 1.61937e-17 8.52293e-18 4.48515e-18 2.36e-18 1.24164e-18 6.53172e-19 3.43565e-19 1.80693e-19 9.50222e-20 4.99645e-20 2.62695e-20 1.38101e-20 7.25932e-21 3.8155e-21 2.00523e-21 1.05374e-21 5.53684e-22 2.90904e-22 1.52826e-22 8.02794e-23 4.2167e-23 2.21464e-23 1.16304e-23 6.10733e-24 3.20679e-24 1.68366e-24 8.83898e-25 4.63998e-25 2.43554e-25 1.27832e-25 6.70894e-26 3.52074e-26 1.84749e-26 9.6939e-27 5.08609e-27 2.66832e-27 1.39979e-27 7.34273e-28 3.85144e-28 2.02004e-28 1.05942e-28 5.55581e-29 2.91339e-29 1.52765e-29 8.00979e-30 4.19945e-30 2.20159e-30 1.15413e-30 6.04991e-31 3.17115e-31 1.66211e-31 8.71122e-32 4.56534e-32 2.39245e-32 1.25369e-32 6.56922e-33 3.44202e-33 1.8034e-33 9.44814e-34 4.9497e-34 2.59292e-34 1.35825e-34 7.11454e-35 3.72643e-35 1.95173e-35 1.02217e-35 5.35314e-36 2.80332e-36 1.46797e-36 7.68672e-37 4.02482e-37 2.10733e-37 1.10331e-37 5.77625e-38 3.02396e-38
2.22931e-09 7.4921e-11 3.96164e-11 2.09433e-11 1.10692e-11 5.84911e-12 3.09009e-12 1.63215e-12 8.61905e-13 4.55065e-13 2.40216e-13 1.2678e-13 6.68986e-14 3.52944e-14 1.86174e-14 9.81878e-15 5.17754e-15 2.72972e-15 1.43895e-15 7.58409e-16 3.99665e-16 2.10583e-16 1.1094e-16 5.84375e-17 3.07776e-17 1.62076e-17 8.53382e-18 4.49275e-18 2.36497e-18 1.24476e-18 6.55075e-19 3.44702e-19 1.81362e-19 9.54111e-20 5.01882e-20 2.63971e-20 1.38824e-20 7.30002e-21 3.8383e-21 2.01795e-21 1.06081e-21 5.57595e-22 2.93062e-22 1.54013e-22 8.09312e-23 4.25239e-23 2.23415e-23 1.17368e-23 6.16526e-24 3.23828e-24 1.70075e-24 8.93162e-25 4.69012e-25 2.46265e-25 1.29296e-25 6.7879e-26 3.56329e-26 1.8704e-26 9.81712e-27 5.15231e-27 2.70389e-27 1.41887e-27 7.44506e-28 3.90627e-28 2.0494e-28 1.07513e-28 5.63984e-29 2.95831e-29 1.55165e-29 8.13793e-30 4.26784e-30 2.23807e-30 1.17358e-30 6.15358e-31 3.22638e-31 1.69152e-31 8.86776e-32 4.64864e-32 2.43676e-32 1.27725e-32 6.69444e-33 3.50856e-33 1.83874e-33 9.63582e-34 5.04933e-34 2.6458e-34 1.3863e-34 7.26333e-35 3.80533e-35 1.99355e-35 1.04434e-35 5.4706e-36 2.86554e-36 1.50092e-36 7.86122e-37 4.11719e-37 2.15622e-37 1.12918e-37 5.91312e-38 3.09635e-38 1.6213e-38
1.15459e-09 3.91518e-11 2.07105e-11 1.09528e-11 5.79103e-12 3.06118e-12 1.61781e-12 8.54813e-13 4.51569e-13 2.385e-13 1.25941e-13 6.64908e-14 3.50973e-14 1.85228e-14 9.77376e-15 5.15633e-15 2.71986e-15 1.43443e-15 7.56381e-16 3.9878e-16 2.10213e-16 1.10795e-16 5.83868e-17 3.07643e-17 1.62076e-17 8.53745e-18 4.49655e-18 2.36796e-18 1.24684e-18 6.56436e-19 3.45557e-19 1.81884e-19 9.57228e-20 5.03717e-20 2.65037e-20 1.39437e-20 7.33502e-21 3.85813e-21 2.02911e-21 1.06706e-21 5.61086e-22 2.95001e-22 1.55087e-22 8.15239e-23 4.28501e-23 2.25205e-23 1.18349e-23 6.21887e-24 3.26752e-24 1.71667e-24 9.01819e-25 4.73712e-25 2.48812e-25 1.30676e-25 6.86248e-26 3.60357e-26 1.89213e-26 9.93424e-27 5.21538e-27 2.73781e-27 1.43711e-27 7.543e-28 3.95883e-28 2.07759e-28 1.09024e-28 5.72075e-29 3.00162e-29 1.57481e-29 8.26178e-30 4.33401e-30 2.27341e-30 1.19245e-30 6.25423e-31 3.28005e-31 1.72013e-31 9.0202e-32 4.72982e-32 2.47998e-32 1.30025e-32 6.8168e-33 3.57363e-33 1.87333e-33 9.81966e-34 5.147e-34 2.69767e-34 1.41384e-34 7.40951e-35 3.8829e-35 2.0347e-35 1.06616e-35 5.5863e-36 2.92687e-36 1.53343e-36 8.03342e-37 4.2084e-37 2.20452e-37 1.15476e-37 6.04849e-38 3.16799e-38 1.65921e-38 8.6896e-39
5.97982e-10 2.04581e-11 1.0826e-11 5.72751e-12 3.02942e-12 1.60196e-12 8.46924e-13 4.47654e-13 2.36563e-13 1.24986e-13 6.6022e-14 3.48682e-14 1.84114e-14 9.7199e-15 5.13048e-15 2.70755e-15 1.42863e-15 7.53682e-16 3.97544e-16 2.09658e-16 1.10553e-16 5.82855e-17 3.07245e-17 1.61937e-17 8.53382e-18 4.49655e-18 2.36895e-18 1.24788e-18 6.57253e-19 3.46127e-19 1.82257e-19 9.59571e-20 5.05147e-20 2.65892e-20 1.3994e-20 7.36427e-21 3.87496e-21 2.03872e-21 1.07251e-21 5.64151e-22 2.96719e-22 1.56046e-22 8.20565e-23 4.31451e-23 2.26833e-23 1.19245e-23 6.26808e-24 3.29448e-24 1.73141e-24 9.09859e-25 4.78091e-25 2.51193e-25 1.31968e-25 6.93256e-26 3.64152e-26 1.91265e-26 1.00451e-26 5.27519e-27 2.77006e-27 1.45447e-27 7.63644e-28 4.00906e-28 2.10457e-28 1.10472e-28 5.79844e-29 3.04326e-29 1.59712e-29 8.38118e-30 4.39789e-30 2.30757e-30 1.2107e-30 6.35172e-31 3.3321e-31 1.7479e-31 9.16832e-32 4.80879e-32 2.52206e-32 1.32267e-32 6.93616e-33 3.63716e-33 1.90713e-33 9.99944e-34 5.24259e-34 2.74848e-34 1.44084e-34 7.5529e-35 3.95904e-35 2.07512e-35 1.08761e-35 5.70012e-36 2.98724e-36 1.56544e-36 8.20313e-37 4.29835e-37 2.25218e-37 1.18001e-37 6.18223e-38 3.23881e-38 1.6967e-38 8.88805e-39 4.65573e-39
3.09704e-10 1.06892e-11 5.65866e-12 2.99484e-12 1.58462e-12 8.38253e-13 4.43327e-13 2.3441e-13 1.23917e-13 6.5493e-14 3.46074e-14 1.82833e-14 9.65728e-15 5.10002e-15 2.69282e-15 1.42156e-15 7.50316e-16 3.95958e-16 2.0892e-16 1.10214e-16 5.81336e-17 3.06583e-17 1.61659e-17 8.52293e-18 4.49275e-18 2.36796e-18 1.24788e-18 6.57526e-19 3.46413e-19 1.82481e-19 9.61134e-20 5.06169e-20 2.66535e-20 1.40332e-20 7.38772e-21 3.88877e-21 2.04674e-21 1.07712e-21 5.66788e-22 2.98213e-22 1.56887e-22 8.25283e-23 4.34083e-23 2.28296e-23 1.20056e-23 6.31281e-24 3.31911e-24 1.74494e-24 9.1727e-25 4.82142e-25 2.53404e-25 1.33173e-25 6.99806e-26 3.67709e-26 1.93194e-26 1.01495e-26 5.33168e-27 2.80058e-27 1.47095e-27 7.72523e-28 4.05689e-28 2.13031e-28 1.11856e-28 5.87278e-29 3.08317e-29 1.61853e-29 8.49596e-30 4.45938e-30 2.34049e-30 1.22832e-30 6.44593e-31 3.38245e-31 1.7748e-31 9.31195e-32 4.88544e-32 2.56295e-32 1.34447e-32 7.05235e-33 3.69907e-33 1.9401e-33 1.01749e-33 5.33597e-34 2.79815e-34 1.46725e-34 7.69333e-35 4.03367e-35 2.11477e-35 1.10867e-35 5.81191e-36 3.04658e-36 1.59692e-36 8.37016e-37 4.38694e-37 2.29916e-37 1.20491e-37 6.31419e-38 3.30873e-38 1.73374e-38 9.08419e-39 4.75958e-39 2.49363e-39
1.60401e-10 5.58458e-12 2.95749e-12 1.56583e-12 8.28813e-13 4.38594e-13 2.32042e-13 1.22735e-13 6.49047e-14 3.43153e-14 1.81387e-14 9.586e-15 5.06501e-15 2.6757e-15 1.41323e-15 7.46289e-16 3.94024e-16 2.07999e-16 1.0978e-16 5.79316e-17 3.05657e-17 1.61244e-17 8.50479e-18 4.48515e-18 2.36497e-18 1.24684e-18 6.57253e-19 3.46413e-19 1.82556e-19 9.61917e-20 5.06784e-20 2.66963e-20 1.40613e-20 7.40534e-21 3.89953e-21 2.05318e-21 1.08091e-21 5.6899e-22 2.99481e-22 1.57611e-22 8.29386e-23 4.36395e-23 2.29592e-23 1.20779e-23 6.35302e-24 3.34138e-24 1.75723e-24 9.24041e-25 4.85861e-25 2.55442e-25 1.34287e-25 7.05888e-26 3.71022e-26 1.94996e-26 1.02474e-26 5.38477e-27 2.82933e-27 1.4865e-27 7.80927e-28 4.10225e-28 2.15477e-28 1.13174e-28 5.9437e-29 3.12131e-29 1.63902e-29 8.60599e-30 4.51842e-30 2.37214e-30 1.24528e-30 6.53674e-31 3.43105e-31 1.8008e-31 9.4509e-32 4.95968e-32 2.6026e-32 1.36563e-32 7.16525e-33 3.75927e-33 1.97219e-33 1.03459e-33 5.42705e-34 2.84664e-34 1.49306e-34 7.83063e-35 4.10669e-35 2.15359e-35 1.1293e-35 5.92154e-36 3.10481e-36 1.62785e-36 8.53432e-37 4.47406e-37 2.34538e-37 1.22943e-37 6.44421e-38 3.37766e-38 1.77028e-38 9.27781e-39 4.86216e-39 2.54796e-39 1.33517e-39
8.3074e-11 2.91745e-12 1.54561e-12 8.1862e-13 4.33464e-13 2.29464e-13 1.21443e-13 6.42579e-14 3.39924e-14 1.7978e-14 9.50617e-15 5.0255e-15 2.65622e-15 1.40366e-15 7.41607e-16 3.91746e-16 2.06897e-16 1.09251e-16 5.76796e-17 3.04469e-17 1.60691e-17 8.47944e-18 4.47377e-18 2.36e-18 1.24476e-18 6.56436e-19 3.46127e-19 1.82481e-19 9.61917e-20 5.06989e-20 2.67178e-20 1.40781e-20 7.4171e-21 3.90722e-21 2.05801e-21 1.08387e-21 5.70756e-22 3.00521e-22 1.58216e-22 8.32867e-23 4.38383e-23 2.30719e-23 1.21414e-23 6.38863e-24 3.36126e-24 1.76828e-24 9.30163e-25 4.89242e-25 2.57304e-25 1.3531e-25 7.11494e-26 3.74088e-26 1.96669e-26 1.03386e-26 5.43437e-27 2.85627e-27 1.50111e-27 7.88844e-28 4.14509e-28 2.17792e-28 1.14423e-28 6.01109e-29 3.15762e-29 1.65857e-29 8.71111e-30 4.57491e-30 2.40248e-30 1.26156e-30 6.62404e-31 3.47783e-31 1.82585e-31 9.585e-32 5.03142e-32 2.64095e-32 1.38612e-32 7.2747e-33 3.8177e-33 2.00337e-33 1.05122e-33 5.5157e-34 2.89388e-34 1.51823e-34 7.96463e-35 4.17802e-35 2.19155e-35 1.14949e-35 6.02889e-36 3.16188e-36 1.65817e-36 8.69542e-37 4.55962e-37 2.3908e-37 1.25354e-37 6.57215e-38 3.44553e-38 1.80627e-38 9.46868e-39 4.96334e-39 2.60159e-39 1.36358e-39 7.14667e-40
4.30253e-11 1.524e-12 8.0769e-13 4.27943e-13 2.2668e-13 1.20041e-13 6.35537e-14 3.36392e-14 1.78012e-14 9.41792e-15 4.98155e-15 2.63439e-15 1.39285e-15 7.36277e-16 3.89127e-16 2.05616e-16 1.08628e-16 5.73781e-17 3.0302e-17 1.60001e-17 8.44691e-18 4.45862e-18 2.35306e-18 1.24164e-18 6.55075e-19 3.45557e-19 1.82257e-19 9.61134e-20 5.06784e-20 2.67178e-20 1.40838e-20 7.42299e-21 3.91185e-21 2.06124e-21 1.08598e-21 5.72083e-22 3.01332e-22 1.58701e-22 8.35723e-23 4.40044e-23 2.31676e-23 1.2196e-23 6.41959e-24 3.37871e-24 1.77807e-24 9.35627e-25 4.9228e-25 2.58988e-25 1.3624e-25 7.16615e-26 3.76902e-26 1.98212e-26 1.0423e-26 5.48043e-27 2.88137e-27 1.51477e-27 7.96263e-28 4.18533e-28 2.19972e-28 1.15603e-28 6.07487e-29 3.19205e-29 1.67714e-29 8.81119e-30 4.62879e-30 2.43146e-30 1.27713e-30 6.7077e-31 3.52274e-31 1.84993e-31 9.71407e-32 5.10055e-32 2.67796e-32 1.40592e-32 7.38058e-33 3.87428e-33 2.0336e-33 1.06736e-33 5.60182e-34 2.93982e-34 1.54272e-34 8.09518e-35 4.24757e-35 2.22859e-35 1.16921e-35 6.13383e-36 3.21771e-36 1.68786e-36 8.85326e-37 4.64351e-37 2.43537e-37 1.27721e-37 6.69786e-38 3.51227e-38 1.84169e-38 9.6566e-39 5.06302e-39 2.65445e-39 1.39161e-39 7.29523e-40 3.82419e-40
2.22835e-11 7.9604e-13 4.22042e-13 2.23695e-13 1.18534e-13 6.27933e-14 3.32564e-14 1.76088e-14 9.32139e-15 4.93323e-15 2.61026e-15 1.38083e-15 7.30308e-16 3.86172e-16 2.04158e-16 1.07911e-16 5.70275e-17 3.01314e-17 1.59175e-17 8.40725e-18 4.43973e-18 2.34415e-18 1.23749e-18 6.53172e-19 3.44702e-19 1.81884e-19 9.59571e-20 5.06169e-20 2.66963e-20 1.40781e-20 7.42299e-21 3.91339e-21 2.06286e-21 1.08725e-21 5.72969e-22 3.01912e-22 1.59065e-22 8.37949e-23 4.41376e-23 2.3246e-23 1.22416e-23 6.44587e-24 3.39372e-24 1.78658e-24 9.40425e-25 4.94971e-25 2.6049e-25 1.37075e-25 7.21245e-26 3.79459e-26 1.99621e-26 1.05004e-26 5.52288e-27 2.90459e-27 1.52745e-27 8.03174e-28 4.22294e-28 2.22015e-28 1.16712e-28 6.13494e-29 3.22456e-29 1.69471e-29 8.90609e-30 4.67998e-30 2.45905e-30 1.29199e-30 6.78763e-31 3.5657e-31 1.87301e-31 9.83795e-32 5.167e-32 2.71358e-32 1.425e-32 7.48274e-33 3.92895e-33 2.06283e-33 1.08298e-33 5.6853e-34 2.9844e-34 1.56651e-34 8.22211e-35 4.31526e-35 2.26467e-35 1.18844e-35 6.23623e-36 3.27223e-36 1.71688e-36 9.00766e-37 4.72563e-37 2.47904e-37 1.30042e-37 6.8212e-38 3.57779e-38 1.87649e-38 9.84135e-39 5.16108e-39 2.70648e-39 1.41921e-39 7.44164e-40 3.90183e-40 2.04573e-40
1.1541e-11 4.1577e-13 2.20514e-13 1.16922e-13 6.19778e-14 3.28444e-14 1.7401e-14 9.21674e-15 4.88062e-15 2.58387e-15 1.36762e-15 7.23709e-16 3.82884e-16 2.02525e-16 1.07103e-16 5.66284e-17 2.99352e-17 1.58215e-17 8.36053e-18 4.41712e-18 2.33329e-18 1.23231e-18 6.5073e-19 3.43565e-19 1.81362e-19 9.57228e-20 5.05147e-20 2.66535e-20 1.40613e-20 7.4171e-21 3.91185e-21 2.06286e-21 1.08767e-21 5.73412e-22 3.0226e-22 1.59308e-22 8.39541e-23 4.42376e-23 2.33072e-23 1.22782e-23 6.46742e-24 3.40626e-24 1.7938e-24 9.4455e-25 4.97311e-25 2.61809e-25 1.37815e-25 7.25377e-26 3.81758e-26 2.00895e-26 1.05708e-26 5.56165e-27 2.92591e-27 1.53913e-27 8.09567e-28 4.25785e-28 2.23919e-28 1.17748e-28 6.19123e-29 3.2551e-29 1.71127e-29 8.99569e-30 4.72842e-30 2.48522e-30 1.30611e-30 6.86371e-31 3.60667e-31 1.89506e-31 9.95648e-32 5.23068e-32 2.74776e-32 1.44334e-32 7.58105e-33 3.98162e-33 2.09104e-33 1.09808e-33 5.76604e-34 3.02756e-34 1.58957e-34 8.34527e-35 4.381e-35 2.29975e-35 1.20715e-35 6.33598e-36 3.32538e-36 1.7452e-36 9.15845e-37 4.8059e-37 2.52175e-37 1.32314e-37 6.94203e-38 3.64202e-38 1.91063e-38 1.00227e-38 5.25742e-39 2.75764e-39 1.44637e-39 7.58576e-40 3.9783e-40 2.08629e-40 1.09403e-40
