0.511913 0.0520862 0.032102 0.0197853 0.0121941 0.00751555 0.00463202 0.00285483 0.0017595 0.00108442 0.000668358 0.000411925 0.00025388 0.000156472 9.64379e-05 5.9437e-05 3.66325e-05 2.25775e-05 1.39151e-05 8.57622e-06 5.28573e-06 3.25773e-06 2.00782e-06 1.23747e-06 7.62683e-07 4.7006e-07 2.8971e-07 1.78555e-07 1.10048e-07 6.78254e-08 4.18024e-08 2.57639e-08 1.58789e-08 9.78657e-09 6.03171e-09 3.71749e-09 2.29118e-09 1.41211e-09 8.7032e-10 5.364e-10 3.30596e-10 2.03755e-10 1.25579e-10 7.73975e-11 4.7702e-11 2.93999e-11 1.81199e-11 1.11677e-11 6.88296e-12 4.24214e-12 2.61453e-12 1.6114e-12 9.93147e-13 6.12101e-13 3.77253e-13 2.3251e-13 1.43302e-13 8.83206e-14 5.44342e-14 3.35491e-14 2.06772e-14 1.27438e-14 7.85435e-15 4.84083e-15 2.98352e-15 1.83882e-15 1.13331e-15 6.98487e-16 4.30495e-16 2.65325e-16 1.63526e-16 1.00785e-16 6.21164e-17 3.82839e-17 2.35953e-17 1.45424e-17 8.96282e-18 5.52401e-18 3.40458e-18 2.09833e-18 1.29325e-18 7.97064e-19 4.9125e-19 3.0277e-19 1.86604e-19 1.15009e-19 7.08829e-20 4.36869e-20 2.69253e-20 1.65947e-20 1.02277e-20 6.30361e-21 3.88507e-21 2.39447e-21 1.47577e-21 9.09553e-22 5.6058e-22 3.45499e-22 2.1294e-22 1.3124e-22 8.08865e-23
0.0520862 0.0195205 0.0133501 0.00904096 0.00607323 0.0040519 0.00268762 0.00177375 0.00116551 0.00076289 0.000497651 0.000323641 0.0002099 0.000135796 8.76571e-05 5.64676e-05 3.63076e-05 2.3305e-05 1.49352e-05 9.55735e-06 6.10762e-06 3.89814e-06 2.48502e-06 1.58243e-06 1.00663e-06 6.39726e-07 4.06183e-07 2.57678e-07 1.63335e-07 1.03454e-07 6.54792e-08 4.14151e-08 2.61776e-08 1.65361e-08 1.04394e-08 6.58683e-09 4.15377e-09 2.6181e-09 1.64936e-09 1.03858e-09 6.53688e-10 4.11257e-10 2.58628e-10 1.62579e-10 1.02162e-10 6.41728e-11 4.02958e-11 2.52942e-11 1.58723e-11 9.95678e-12 6.24405e-12 3.91457e-12 2.45346e-12 1.53728e-12 9.62964e-13 6.03053e-13 3.77565e-13 2.36332e-13 1.47894e-13 9.25291e-14 5.78776e-14 3.61951e-14 2.26307e-14 1.41467e-14 8.84158e-15 5.52484e-15 3.45167e-15 2.15605e-15 1.34652e-15 8.40793e-16 5.24921e-16 3.27663e-16 2.04499e-16 1.27611e-16 7.96194e-17 4.9669e-17 3.09805e-17 1.9321e-17 1.20479e-17 7.51166e-18 4.68276e-18 2.91885e-18 1.81915e-18 1.13363e-18 7.0635e-19 4.40067e-19 2.74137e-19 1.70752e-19 1.06345e-19 6.62251e-20 4.12364e-20 2.56741e-20 1.59832e-20 9.94923e-21 6.1926e-21 3.85403e-21 2.39837e-21 1.49237e-21 9.28534e-22 5.77671e-22 3.59357e-22
0.032102 0.0133501 0.00953532 0.00671601 0.00467702 0.0032267 0.00220862 0.00150159 0.00101495 0.000682516 0.000456898 0.000304633 0.000202378 0.000134009 8.84745e-05 5.82542e-05 3.82613e-05 2.50726e-05 1.63955e-05 1.07004e-05 6.97081e-06 4.53346e-06 2.94365e-06 1.90852e-06 1.23566e-06 7.98964e-07 5.15959e-07 3.32807e-07 2.1443e-07 1.38013e-07 8.87392e-08 5.70029e-08 3.65833e-08 2.3458e-08 1.50293e-08 9.62143e-09 6.15476e-09 3.93429e-09 2.51314e-09 1.60427e-09 1.02342e-09 6.52477e-10 4.15733e-10 2.64736e-10 1.68489e-10 1.07176e-10 6.81391e-11 4.32991e-11 2.75012e-11 1.74591e-11 1.10788e-11 7.0271e-12 4.45527e-12 2.82353e-12 1.78869e-12 1.13269e-12 7.17008e-13 4.53708e-13 2.86995e-13 1.81477e-13 1.14716e-13 7.24908e-14 4.57934e-14 2.89193e-14 1.82575e-14 1.1523e-14 7.27056e-15 4.58613e-15 2.89205e-15 1.82326e-15 1.14916e-15 7.24099e-16 4.56151e-16 2.87286e-16 1.80891e-16 1.13872e-16 7.16671e-17 4.50947e-17 2.83685e-17 1.78425e-17 1.12197e-17 7.05378e-18 4.43378e-18 2.78639e-18 1.75075e-18 1.09983e-18 6.90794e-19 4.33803e-19 2.7237e-19 1.70982e-19 1.07316e-19 6.73457e-20 4.22554e-20 2.65085e-20 1.66272e-20 1.04276e-20 6.53859e-21 4.09938e-21 2.56974e-21 1.61063e-21 1.00935e-21
0.0197853 0.00904096 0.00671601 0.00489791 0.00352024 0.00250015 0.00175817 0.00122604 0.000848818 0.000583969 0.000399539 0.000272014 0.000184378 0.00012448 8.3739e-05 5.61469e-05 3.75332e-05 2.50207e-05 1.66368e-05 1.10359e-05 7.30434e-06 4.82456e-06 3.18049e-06 2.09287e-06 1.37482e-06 9.01679e-07 5.90468e-07 3.86113e-07 2.52139e-07 1.64438e-07 1.0711e-07 6.96859e-08 4.5287e-08 2.93993e-08 1.90659e-08 1.23523e-08 7.99529e-09 5.17044e-09 3.34076e-09 2.15675e-09 1.39126e-09 8.96769e-10 5.77604e-10 3.71765e-10 2.39115e-10 1.53693e-10 9.87233e-11 6.33745e-11 4.06581e-11 2.6069e-11 1.67054e-11 1.06991e-11 6.84869e-12 4.38169e-12 2.80194e-12 1.79086e-12 1.14409e-12 7.30559e-13 4.6629e-13 2.97486e-13 1.89711e-13 1.20931e-13 7.70563e-14 4.90802e-14 3.12491e-14 1.98887e-14 1.26536e-14 8.04765e-15 5.11648e-15 3.25181e-15 2.06602e-15 1.31221e-15 8.33169e-16 5.28845e-16 3.35576e-16 2.12874e-16 1.34999e-16 8.55878e-17 5.42466e-17 3.43728e-17 2.17741e-17 1.37896e-17 8.73072e-18 5.52637e-18 3.49721e-18 2.21257e-18 1.39949e-18 8.84997e-19 5.59517e-19 3.53661e-19 2.23494e-19 1.41204e-19 8.91947e-20 5.63299e-20 3.55671e-20 2.24529e-20 1.41712e-20 8.9425e-21 5.64192e-21 3.55887e-21 2.24449e-21
0.0121941 0.00607323 0.00467702 0.00352024 0.00260275 0.00189702 0.0013664 0.000974461 0.000689061 0.000483667 0.000337307 0.00023389 0.000161352 0.000110798 7.57656e-05 5.16129e-05 3.50371e-05 2.37084e-05 1.59951e-05 1.07616e-05 7.22194e-06 4.83494e-06 3.22965e-06 2.15282e-06 1.43218e-06 9.51e-07 6.30372e-07 4.17146e-07 2.75608e-07 1.8182e-07 1.19776e-07 7.87964e-08 5.17698e-08 3.39709e-08 2.22649e-08 1.4576e-08 9.53197e-09 6.22688e-09 4.06369e-09 2.64941e-09 1.72573e-09 1.12307e-09 7.30232e-10 4.7441e-10 3.0796e-10 1.99755e-10 1.29471e-10 8.38547e-11 5.42721e-11 3.51016e-11 2.26876e-11 1.46545e-11 9.45979e-12 6.10278e-12 3.93475e-12 2.53546e-12 1.63288e-12 1.05103e-12 6.76157e-13 4.34766e-13 2.79413e-13 1.79483e-13 1.15238e-13 7.39544e-14 4.74391e-14 3.0417e-14 1.94943e-14 1.24887e-14 7.99737e-15 5.1192e-15 3.27556e-15 2.09509e-15 1.33954e-15 8.56146e-16 5.46995e-16 3.49355e-16 2.23048e-16 1.42359e-16 9.08293e-17 5.7933e-17 3.69392e-17 2.35458e-17 1.5004e-17 9.55806e-18 6.08702e-18 3.87538e-18 2.46661e-18 1.56951e-18 9.98415e-19 6.34951e-19 4.03697e-19 2.56601e-19 1.63061e-19 1.03594e-19 6.57976e-20 4.17813e-20 2.65247e-20 1.68352e-20 1.06828e-20 6.77725e-21 4.29859e-21
0.00751555 0.0040519 0.0032267 0.00250015 0.00189702 0.0014156 0.00104206 0.000758402 0.000546631 0.000390705 0.000277216 0.000195422 0.000136967 9.54993e-05 6.62736e-05 4.57951e-05 3.15205e-05 2.16172e-05 1.4776e-05 1.00687e-05 6.84133e-06 4.63597e-06 3.13364e-06 2.11316e-06 1.42185e-06 9.5469e-07 6.39753e-07 4.27907e-07 2.85702e-07 1.90434e-07 1.26729e-07 8.42062e-08 5.58696e-08 3.70169e-08 2.44931e-08 1.61857e-08 1.06828e-08 7.04245e-09 4.63737e-09 3.05032e-09 2.0043e-09 1.31565e-09 8.62764e-10 5.65243e-10 3.69984e-10 2.41962e-10 1.58104e-10 1.03224e-10 6.73395e-11 4.38959e-11 2.85925e-11 1.86107e-11 1.21051e-11 7.86815e-12 5.11079e-12 3.31759e-12 2.1522e-12 1.39532e-12 9.0408e-13 5.85445e-13 3.78895e-13 2.45082e-13 1.58442e-13 1.02376e-13 6.61156e-14 4.26768e-14 2.75338e-14 1.77555e-14 1.14445e-14 7.37331e-15 4.74825e-15 3.05643e-15 1.96657e-15 1.2648e-15 8.13125e-16 5.22538e-16 3.35666e-16 2.15541e-16 1.38353e-16 8.87742e-17 5.69412e-17 3.65101e-17 2.34017e-17 1.49945e-17 9.60444e-18 6.1499e-18 3.93663e-18 2.51908e-18 1.61148e-18 1.03056e-18 6.58859e-19 4.21097e-19 2.69058e-19 1.71864e-19 1.0975e-19 7.00651e-20 4.47179e-20 2.85328e-20 1.8201e-20 1.16073e-20 7.40046e-21
0.00463202 0.00268762 0.00220862 0.00175817 0.0013664 0.00104206 0.000782622 0.000580328 0.000425696 0.00030937 0.000223011 0.000159609 0.000113504 8.02547e-05 5.64515e-05 3.95211e-05 2.75489e-05 1.91273e-05 1.32315e-05 9.12193e-06 6.26888e-06 4.29546e-06 2.93515e-06 2.00042e-06 1.36005e-06 9.22541e-07 6.24413e-07 4.21759e-07 2.84319e-07 1.91312e-07 1.28502e-07 8.61678e-08 5.76874e-08 3.85611e-08 2.57382e-08 1.71552e-08 1.14189e-08 7.59081e-09 5.03976e-09 3.34202e-09 2.21364e-09 1.4646e-09 9.67974e-10 6.39083e-10 4.21517e-10 2.77748e-10 1.82843e-10 1.20257e-10 7.90245e-11 5.18849e-11 3.40377e-11 2.23116e-11 1.46138e-11 9.56455e-12 6.25527e-12 4.08805e-12 2.66983e-12 1.74243e-12 1.13643e-12 7.40709e-13 4.82481e-13 3.14085e-13 2.04341e-13 1.32865e-13 8.63409e-14 5.60768e-14 3.6401e-14 2.36164e-14 1.5314e-14 9.92534e-15 6.42963e-15 4.16309e-15 2.69426e-15 1.74286e-15 1.1269e-15 7.28314e-16 4.70501e-16 3.03821e-16 1.96107e-16 1.26529e-16 8.16038e-17 5.26091e-17 3.39033e-17 2.18403e-17 1.40642e-17 9.05337e-18 5.82572e-18 3.74745e-18 2.40975e-18 1.54903e-18 9.9541e-19 6.39443e-19 4.10639e-19 2.63622e-19 1.69187e-19 1.08547e-19 6.96209e-20 4.46407e-20 2.86151e-20 1.83373e-20 1.17476e-20
0.00285483 0.00177375 0.00150159 0.00122604 0.000974461 0.000758402 0.000580328 0.000437878 0.000326497 0.000240978 0.000176287 0.000127956 9.22316e-05 6.60669e-05 4.70584e-05 3.33472e-05 2.35203e-05 1.65178e-05 1.1554e-05 8.05213e-06 5.59238e-06 3.87161e-06 2.6723e-06 1.83931e-06 1.26263e-06 8.64598e-07 5.90645e-07 4.02595e-07 2.73836e-07 1.85882e-07 1.25937e-07 8.51673e-08 5.74957e-08 3.87502e-08 2.60747e-08 1.75186e-08 1.17529e-08 7.87364e-09 5.26767e-09 3.51961e-09 2.34869e-09 1.56542e-09 1.04215e-09 6.93008e-10 4.60334e-10 3.05458e-10 2.02482e-10 1.34088e-10 8.87118e-11 5.86366e-11 3.87227e-11 2.55495e-11 1.68435e-11 1.10949e-11 7.30239e-12 4.80253e-12 3.15606e-12 2.07252e-12 1.36001e-12 8.91825e-13 5.84414e-13 3.82713e-13 2.50463e-13 1.63809e-13 1.07069e-13 6.99402e-14 4.56598e-14 2.97913e-14 1.94268e-14 1.26612e-14 8.24728e-15 5.36931e-15 3.49384e-15 2.2723e-15 1.47712e-15 9.5974e-16 6.23283e-16 4.0459e-16 2.6251e-16 1.70248e-16 1.10364e-16 7.15135e-17 4.63195e-17 2.99888e-17 1.94078e-17 1.25552e-17 8.11889e-18 5.24812e-18 3.39115e-18 2.19042e-18 1.41433e-18 9.12886e-19 5.89019e-19 3.79919e-19 2.44966e-19 1.57897e-19 1.01741e-19 6.55361e-20 4.22012e-20 2.71664e-20 1.74826e-20
0.0017595 0.00116551 0.00101495 0.000848818 0.000689061 0.000546631 0.000425696 0.000326497 0.000247215 0.000185132 0.000137317 0.000100995 7.37261e-05 5.3459e-05 3.85285e-05 2.76152e-05 1.96934e-05 1.39792e-05 9.88069e-06 6.95617e-06 4.87926e-06 3.4107e-06 2.3765e-06 1.6509e-06 1.14359e-06 7.9005e-07 5.4443e-07 3.74273e-07 2.56713e-07 1.75699e-07 1.20004e-07 8.1804e-08 5.56594e-08 3.7803e-08 2.56312e-08 1.735e-08 1.17259e-08 7.91295e-09 5.33209e-09 3.58797e-09 2.4111e-09 1.61815e-09 1.08461e-09 7.26118e-10 4.85547e-10 3.24313e-10 2.16382e-10 1.44218e-10 9.60217e-11 6.38687e-11 4.24411e-11 2.81759e-11 1.86884e-11 1.23847e-11 8.20014e-12 5.42494e-12 3.58604e-12 2.36859e-12 1.56325e-12 1.03096e-12 6.79416e-13 4.47423e-13 2.94441e-13 1.93634e-13 1.27255e-13 8.35771e-14 5.48559e-14 3.59824e-14 2.35881e-14 1.54539e-14 1.01189e-14 6.62182e-15 4.33094e-15 2.83107e-15 1.84964e-15 1.20781e-15 7.88288e-16 5.14227e-16 3.35283e-16 2.18503e-16 1.42331e-16 9.267e-17 6.03089e-17 3.9231e-17 2.55086e-17 1.6579e-17 1.07707e-17 6.9944e-18 4.54025e-18 2.94601e-18 1.91081e-18 1.23889e-18 8.0294e-19 5.202e-19 3.36897e-19 2.18106e-19 1.4115e-19 9.13156e-20 5.90551e-20 3.81788e-20 2.46741e-20
0.00108442 0.00076289 0.000682516 0.000583969 0.000483667 0.000390705 0.00030937 0.000240978 0.000185132 0.000140558 0.000105626 7.86628e-05 5.8115e-05 4.26276e-05 3.10657e-05 2.25069e-05 1.62187e-05 1.16298e-05 8.30136e-06 5.90058e-06 4.1777e-06 2.94707e-06 2.07185e-06 1.45188e-06 1.01435e-06 7.06662e-07 4.90982e-07 3.40261e-07 2.35238e-07 1.62258e-07 1.11675e-07 7.67003e-08 5.25745e-08 3.59689e-08 2.45633e-08 1.67452e-08 1.13963e-08 7.74358e-09 5.25347e-09 3.55881e-09 2.40735e-09 1.62621e-09 1.09706e-09 7.39142e-10 4.97375e-10 3.34285e-10 2.24411e-10 1.50481e-10 1.00796e-10 6.74441e-11 4.50815e-11 3.01037e-11 2.00826e-11 1.33847e-11 8.91254e-12 5.92934e-12 3.94125e-12 2.61755e-12 1.73699e-12 1.15174e-12 7.63077e-13 5.05187e-13 3.34205e-13 2.20932e-13 1.45947e-13 9.63454e-14 6.35584e-14 4.19014e-14 2.76059e-14 1.81761e-14 1.196e-14 7.86498e-15 5.16901e-15 3.39519e-15 2.22882e-15 1.46232e-15 9.58902e-16 6.28453e-16 4.11665e-16 2.6952e-16 1.76368e-16 1.15354e-16 7.54109e-17 4.92753e-17 3.21825e-17 2.10093e-17 1.37091e-17 8.9415e-18 5.8294e-18 3.79885e-18 2.47455e-18 1.61124e-18 1.0487e-18 6.82282e-19 4.43719e-19 2.88458e-19 1.87453e-19 1.2177e-19 7.90727e-20 5.13281e-20 3.33065e-20
0.000668358 0.000497651 0.000456898 0.000399539 0.000337307 0.000277216 0.000223011 0.000176287 0.000137317 0.000105626 8.03678e-05 6.05667e-05 4.52581e-05 3.35625e-05 2.47192e-05 1.80928e-05 1.31676e-05 9.53323e-06 6.86878e-06 4.92699e-06 3.5195e-06 2.50439e-06 1.77562e-06 1.25465e-06 8.83708e-07 6.20564e-07 4.3454e-07 3.0346e-07 2.1138e-07 1.46883e-07 1.0183e-07 7.04406e-08 4.86246e-08 3.34977e-08 2.30324e-08 1.58074e-08 1.08297e-08 7.4068e-09 5.0575e-09 3.44792e-09 2.34704e-09 1.59533e-09 1.08285e-09 7.33994e-10 4.96874e-10 3.35929e-10 2.26837e-10 1.5299e-10 1.03064e-10 6.93532e-11 4.66179e-11 3.13026e-11 2.09973e-11 1.40706e-11 9.41976e-12 6.30026e-12 4.20996e-12 2.81067e-12 1.87483e-12 1.24953e-12 8.32094e-13 5.53665e-13 3.68112e-13 2.44556e-13 1.62349e-13 1.07697e-13 7.13917e-14 4.72919e-14 3.1306e-14 2.07099e-14 1.36913e-14 9.04546e-15 5.97235e-15 3.94087e-15 2.59883e-15 1.7128e-15 1.1282e-15 7.42708e-16 4.88662e-16 3.21339e-16 2.11196e-16 1.38733e-16 9.10854e-17 5.97723e-17 3.92044e-17 2.57015e-17 1.68412e-17 1.10303e-17 7.22099e-18 4.72509e-18 3.09051e-18 2.0205e-18 1.32039e-18 8.62499e-19 5.63164e-19 3.67564e-19 2.39803e-19 1.56388e-19 1.01949e-19 6.64349e-20 4.32757e-20
0.000411925 0.000323641 0.000304633 0.000272014 0.00023389 0.000195422 0.000159609 0.000127956 0.000100995 7.86628e-05 6.05667e-05 4.61647e-05 3.48733e-05 2.61333e-05 1.94427e-05 1.43703e-05 1.05579e-05 7.7143e-06 5.60809e-06 4.05783e-06 2.92333e-06 2.09746e-06 1.49919e-06 1.06775e-06 7.57919e-07 5.36291e-07 3.78338e-07 2.66151e-07 1.86728e-07 1.30672e-07 9.12222e-08 6.35348e-08 4.41533e-08 3.06193e-08 2.11909e-08 1.46373e-08 1.00917e-08 6.94529e-09 4.77167e-09 3.2729e-09 2.24132e-09 1.53252e-09 1.04632e-09 7.13349e-10 4.85667e-10 3.30213e-10 2.24226e-10 1.52067e-10 1.03004e-10 6.96885e-11 4.70946e-11 3.17907e-11 2.14368e-11 1.44399e-11 9.71682e-12 6.53212e-12 4.38697e-12 2.94352e-12 1.9732e-12 1.32156e-12 8.84355e-13 5.91284e-13 3.95008e-13 2.63672e-13 1.75865e-13 1.17208e-13 7.80569e-14 5.1945e-14 3.45432e-14 2.29549e-14 1.52436e-14 1.0116e-14 6.70874e-15 4.44624e-15 2.94489e-15 1.94929e-15 1.28949e-15 8.52511e-16 5.63285e-16 3.71969e-16 2.45494e-16 1.61933e-16 1.06757e-16 7.03433e-17 4.63258e-17 3.0493e-17 2.00613e-17 1.31918e-17 8.67031e-18 5.69585e-18 3.74006e-18 2.45469e-18 1.61035e-18 1.05596e-18 6.92121e-19 4.53451e-19 2.96957e-19 1.9439e-19 1.27197e-19 8.31959e-20 5.43943e-20
0.00025388 0.0002099 0.000202378 0.000184378 0.000161352 0.000136967 0.000113504 9.22316e-05 7.37261e-05 5.8115e-05 4.52581e-05 3.48733e-05 2.66198e-05 2.01494e-05 1.51365e-05 1.12927e-05 8.37234e-06 6.1715e-06 4.52509e-06 3.30163e-06 2.39797e-06 1.73423e-06 1.24922e-06 8.96498e-07 6.41108e-07 4.56954e-07 3.24679e-07 2.30011e-07 1.62488e-07 1.14481e-07 8.04525e-08 5.64018e-08 3.94495e-08 2.75314e-08 1.91733e-08 1.33255e-08 9.24319e-09 6.39955e-09 4.42278e-09 3.05133e-09 2.10164e-09 1.44521e-09 9.92266e-10 6.80259e-10 4.65685e-10 3.18347e-10 2.17331e-10 1.48174e-10 1.00894e-10 6.86164e-11 4.66089e-11 3.16231e-11 2.14313e-11 1.45083e-11 9.81115e-12 6.62785e-12 4.47287e-12 3.01559e-12 2.03114e-12 1.36679e-12 9.18904e-13 6.17235e-13 4.14242e-13 2.77772e-13 1.86108e-13 1.24592e-13 8.33434e-14 5.57079e-14 3.72079e-14 2.48332e-14 1.65621e-14 1.1038e-14 7.35134e-15 4.89268e-15 3.25416e-15 2.16296e-15 1.43675e-15 9.53762e-16 6.32752e-16 4.19532e-16 2.77998e-16 1.84105e-16 1.21855e-16 8.06079e-17 5.32935e-17 3.52158e-17 2.32579e-17 1.53525e-17 1.01289e-17 6.67932e-18 4.40237e-18 2.90021e-18 1.9097e-18 1.25689e-18 8.26855e-19 5.43705e-19 3.57359e-19 2.34776e-19 1.54175e-19 1.01203e-19 6.64027e-20
0.000156472 0.000135796 0.000134009 0.00012448 0.000110798 9.54993e-05 8.02547e-05 6.60669e-05 5.3459e-05 4.26276e-05 3.35625e-05 2.61333e-05 2.01494e-05 1.53996e-05 1.16765e-05 8.79019e-06 6.57406e-06 4.88715e-06 3.61301e-06 2.65738e-06 1.9452e-06 1.41757e-06 1.02877e-06 7.43704e-07 5.35657e-07 3.84478e-07 2.75067e-07 1.96183e-07 1.39512e-07 9.89348e-08 6.99738e-08 4.93655e-08 3.47427e-08 2.4395e-08 1.70915e-08 1.19492e-08 8.33709e-09 5.80556e-09 4.03514e-09 2.79955e-09 1.93894e-09 1.34063e-09 9.25453e-10 6.37851e-10 4.38963e-10 3.01649e-10 2.06996e-10 1.41849e-10 9.7077e-11 6.63507e-11 4.52931e-11 3.08811e-11 2.103e-11 1.43051e-11 9.7198e-12 6.5971e-12 4.47292e-12 3.02958e-12 2.04993e-12 1.38571e-12 9.35818e-13 6.31405e-13 4.25629e-13 2.86662e-13 1.92901e-13 1.29698e-13 8.71307e-14 5.84872e-14 3.92291e-14 2.62918e-14 1.76078e-14 1.17833e-14 7.87985e-15 5.26575e-15 3.51642e-15 2.34664e-15 1.56496e-15 1.04298e-15 6.94656e-16 4.62372e-16 3.07571e-16 2.04473e-16 1.35853e-16 9.02089e-17 5.98661e-17 3.97071e-17 2.63218e-17 1.74392e-17 1.1548e-17 7.64294e-18 5.05579e-18 3.3427e-18 2.20897e-18 1.45905e-18 9.63252e-19 6.3563e-19 4.19243e-19 2.76393e-19 1.82135e-19 1.19968e-19 7.89853e-20
9.64379e-05 8.76571e-05 8.84745e-05 8.3739e-05 7.57656e-05 6.62736e-05 5.64515e-05 4.70584e-05 3.85285e-05 3.10657e-05 2.47192e-05 1.94427e-05 1.51365e-05 1.16765e-05 8.93345e-06 6.78382e-06 5.1164e-06 3.83473e-06 2.85758e-06 2.11808e-06 1.56218e-06 1.14686e-06 8.38323e-07 6.1031e-07 4.42622e-07 3.19855e-07 2.30356e-07 1.65366e-07 1.18351e-07 8.44574e-08 6.01043e-08 4.26611e-08 3.02043e-08 2.13335e-08 1.50335e-08 1.05706e-08 7.41693e-09 5.19359e-09 3.62964e-09 2.53189e-09 1.76295e-09 1.2254e-09 8.5033e-10 5.89101e-10 4.07483e-10 2.8143e-10 1.94085e-10 1.33658e-10 9.19177e-11 6.31279e-11 4.32992e-11 2.96613e-11 2.0294e-11 1.38685e-11 9.46645e-12 6.45439e-12 4.39589e-12 2.99071e-12 2.03259e-12 1.38002e-12 9.36031e-13 6.34273e-13 4.29391e-13 2.90423e-13 1.96254e-13 1.32502e-13 8.93835e-14 6.02458e-14 4.05733e-14 2.73027e-14 1.83582e-14 1.23345e-14 8.28102e-15 5.55556e-15 3.72441e-15 2.49506e-15 1.67033e-15 1.11745e-15 7.4708e-16 4.99138e-16 3.33269e-16 2.22381e-16 1.48296e-16 9.88324e-17 6.5828e-17 4.38195e-17 2.91524e-17 1.93837e-17 1.28812e-17 8.55541e-18 5.67926e-18 3.76803e-18 2.49868e-18 1.6561e-18 1.09709e-18 7.26416e-19 4.80747e-19 3.1801e-19 2.10261e-19 1.38956e-19 9.17903e-20
5.9437e-05 5.64676e-05 5.82542e-05 5.61469e-05 5.16129e-05 4.57951e-05 3.95211e-05 3.33472e-05 2.76152e-05 2.25069e-05 1.80928e-05 1.43703e-05 1.12927e-05 8.79019e-06 6.78382e-06 5.19489e-06 3.95003e-06 2.98401e-06 2.24079e-06 1.67338e-06 1.24323e-06 9.19229e-07 6.76625e-07 4.95958e-07 3.62096e-07 2.6338e-07 1.90903e-07 1.3791e-07 9.93121e-08 7.13026e-08 5.10466e-08 3.64455e-08 2.59532e-08 1.84356e-08 1.30644e-08 9.23704e-09 6.51664e-09 4.58777e-09 3.22331e-09 2.26025e-09 1.58196e-09 1.10523e-09 7.70816e-10 5.36682e-10 3.73058e-10 2.58911e-10 1.79417e-10 1.24147e-10 8.578e-11 5.9188e-11 4.07846e-11 2.80666e-11 1.929e-11 1.32415e-11 9.07868e-12 6.21727e-12 4.25287e-12 2.90592e-12 1.98343e-12 1.35236e-12 9.21131e-13 6.26782e-13 4.26076e-13 2.89363e-13 1.96334e-13 1.33092e-13 9.01409e-14 6.09978e-14 4.12418e-14 2.78611e-14 1.88065e-14 1.26844e-14 8.54854e-15 5.75682e-15 3.8739e-15 2.60493e-15 1.75037e-15 1.17533e-15 7.88656e-16 5.28836e-16 3.54377e-16 2.37316e-16 1.58821e-16 1.06223e-16 7.09999e-17 4.7428e-17 3.1663e-17 2.11259e-17 1.40873e-17 9.38848e-18 6.25346e-18 4.16302e-18 2.76989e-18 1.84198e-18 1.22429e-18 8.13313e-19 5.40024e-19 3.58388e-19 2.37728e-19 1.57616e-19 1.04451e-19
3.66325e-05 3.63076e-05 3.82613e-05 3.75332e-05 3.50371e-05 3.15205e-05 2.75489e-05 2.35203e-05 1.96934e-05 1.62187e-05 1.31676e-05 1.05579e-05 8.37234e-06 6.57406e-06 5.1164e-06 3.95003e-06 3.02725e-06 2.30448e-06 1.74344e-06 1.31144e-06 9.81239e-07 7.30543e-07 5.41377e-07 3.99451e-07 2.93528e-07 2.14862e-07 1.56706e-07 1.13898e-07 8.25135e-08 5.95914e-08 4.29099e-08 3.08111e-08 2.20642e-08 1.57598e-08 1.12291e-08 7.98204e-09 5.66108e-09 4.00627e-09 2.82926e-09 1.99403e-09 1.40264e-09 9.84808e-10 6.90196e-10 4.82877e-10 3.37263e-10 2.35177e-10 1.63732e-10 1.13818e-10 7.90033e-11 5.4759e-11 3.79019e-11 2.61986e-11 1.80853e-11 1.24686e-11 8.58558e-12 5.90468e-12 4.05614e-12 2.78311e-12 1.9075e-12 1.30594e-12 8.93148e-13 6.10201e-13 4.16469e-13 2.83965e-13 1.93432e-13 1.31638e-13 8.95027e-14 6.07994e-14 4.12649e-14 2.79826e-14 1.89596e-14 1.28355e-14 8.68251e-15 5.86859e-15 3.96357e-15 2.67491e-15 1.80388e-15 1.2156e-15 8.18581e-16 5.50844e-16 3.70421e-16 2.48925e-16 1.67169e-16 1.12191e-16 7.52457e-17 5.04351e-17 3.37844e-17 2.26171e-17 1.5132e-17 1.01182e-17 6.76176e-18 4.51616e-18 3.01465e-18 2.01125e-18 1.3411e-18 8.93773e-19 5.9534e-19 3.9635e-19 2.63739e-19 1.75409e-19 1.16605e-19
2.25775e-05 2.3305e-05 2.50726e-05 2.50207e-05 2.37084e-05 2.16172e-05 1.91273e-05 1.65178e-05 1.39792e-05 1.16298e-05 9.53323e-06 7.7143e-06 6.1715e-06 4.88715e-06 3.83473e-06 2.98401e-06 2.30448e-06 1.76736e-06 1.34678e-06 1.02022e-06 7.68606e-07 5.76083e-07 4.29718e-07 3.19102e-07 2.35961e-07 1.73789e-07 1.27517e-07 9.32328e-08 6.79364e-08 4.93449e-08 3.5732e-08 2.57992e-08 1.85759e-08 1.33395e-08 9.5549e-09 6.82738e-09 4.86707e-09 3.46183e-09 2.457e-09 1.74022e-09 1.23008e-09 8.6781e-10 6.11093e-10 4.29545e-10 3.01408e-10 2.1114e-10 1.47666e-10 1.03111e-10 7.18893e-11 5.00474e-11 3.47915e-11 2.41523e-11 1.67439e-11 1.15926e-11 8.01578e-12 5.53567e-12 3.81828e-12 2.63057e-12 1.81022e-12 1.2443e-12 8.54367e-13 5.86001e-13 4.01512e-13 2.74825e-13 1.87924e-13 1.28376e-13 8.76144e-14 5.97396e-14 4.06963e-14 2.76988e-14 1.8836e-14 1.27982e-14 8.6885e-15 5.89368e-15 3.99467e-15 2.70541e-15 1.83085e-15 1.23807e-15 8.36598e-16 5.64902e-16 3.81172e-16 2.57019e-16 1.73185e-16 1.16618e-16 7.84751e-17 5.27737e-17 3.54671e-17 2.38211e-17 1.59893e-17 1.07259e-17 7.19087e-18 4.81808e-18 3.22639e-18 2.1593e-18 1.44433e-18 9.6557e-19 6.45157e-19 4.3084e-19 2.87568e-19 1.9184e-19 1.27915e-19
1.39151e-05 1.49352e-05 1.63955e-05 1.66368e-05 1.59951e-05 1.4776e-05 1.32315e-05 1.1554e-05 9.88069e-06 8.30136e-06 6.86878e-06 5.60809e-06 4.52509e-06 3.61301e-06 2.85758e-06 2.24079e-06 1.74344e-06 1.34678e-06 1.03353e-06 7.883e-07 5.97859e-07 4.51034e-07 3.3859e-07 2.53004e-07 1.8823e-07 1.39465e-07 1.02934e-07 7.56939e-08 5.54689e-08 4.05138e-08 2.94978e-08 2.14129e-08 1.54994e-08 1.11884e-08 8.05535e-09 5.78509e-09 4.14467e-09 2.96254e-09 2.11288e-09 1.50367e-09 1.06792e-09 7.56936e-10 5.35484e-10 3.7812e-10 2.66523e-10 1.87537e-10 1.31738e-10 9.23909e-11 6.4694e-11 4.5231e-11 3.15765e-11 2.20124e-11 1.53237e-11 1.06529e-11 7.39606e-12 5.1283e-12 3.55143e-12 2.45642e-12 1.69702e-12 1.17103e-12 8.07158e-13 5.55739e-13 3.82222e-13 2.62606e-13 1.80238e-13 1.23582e-13 8.46522e-14 5.79302e-14 3.96064e-14 2.70538e-14 1.84629e-14 1.2589e-14 8.57652e-15 5.838e-15 3.97062e-15 2.69837e-15 1.83232e-15 1.24326e-15 8.42936e-16 5.71085e-16 3.86624e-16 2.61556e-16 1.76821e-16 1.19454e-16 8.06438e-17 5.44066e-17 3.66815e-17 2.4715e-17 1.66418e-17 1.11987e-17 7.53127e-18 5.06182e-18 3.40007e-18 2.28252e-18 1.53141e-18 1.02689e-18 6.882e-19 4.60964e-19 3.08592e-19 2.06477e-19 1.38081e-19
8.57622e-06 9.55735e-06 1.07004e-05 1.10359e-05 1.07616e-05 1.00687e-05 9.12193e-06 8.05213e-06 6.95617e-06 5.90058e-06 4.92699e-06 4.05783e-06 3.30163e-06 2.65738e-06 2.11808e-06 1.67338e-06 1.31144e-06 1.02022e-06 7.883e-07 6.05281e-07 4.62048e-07 3.50796e-07 2.6498e-07 1.99205e-07 1.49088e-07 1.11109e-07 8.24756e-08 6.09903e-08 4.49409e-08 3.30024e-08 2.4157e-08 1.7628e-08 1.28257e-08 9.30547e-09 6.73326e-09 4.85949e-09 3.49849e-09 2.51268e-09 1.80053e-09 1.28738e-09 9.18532e-10 6.54022e-10 4.64765e-10 3.29645e-10 2.33378e-10 1.64929e-10 1.16356e-10 8.19505e-11 5.76252e-11 4.04568e-11 2.83601e-11 1.9851e-11 1.38749e-11 9.6844e-12 6.75032e-12 4.69895e-12 3.26677e-12 2.26826e-12 1.57302e-12 1.08958e-12 7.53839e-13 5.20963e-13 3.59628e-13 2.47989e-13 1.70825e-13 1.1755e-13 8.08087e-14 5.54964e-14 3.80762e-14 2.60995e-14 1.78735e-14 1.22291e-14 8.35984e-15 5.70983e-15 3.89655e-15 2.65691e-15 1.81016e-15 1.23229e-15 8.38237e-16 5.69753e-16 3.86971e-16 2.62633e-16 1.78116e-16 1.20712e-16 8.17502e-17 5.53261e-17 3.74177e-17 2.52892e-17 1.70809e-17 1.15294e-17 7.77725e-18 5.24297e-18 3.53234e-18 2.37842e-18 1.6005e-18 1.07639e-18 7.23497e-19 4.86025e-19 3.26316e-19 2.18968e-19 1.46855e-19
5.28573e-06 6.10762e-06 6.97081e-06 7.30434e-06 7.22194e-06 6.84133e-06 6.26888e-06 5.59238e-06 4.87926e-06 4.1777e-06 3.5195e-06 2.92333e-06 2.39797e-06 1.9452e-06 1.56218e-06 1.24323e-06 9.81239e-07 7.68606e-07 5.97859e-07 4.62048e-07 3.54952e-07 2.71159e-07 2.06068e-07 1.55836e-07 1.17308e-07 8.79228e-08 6.56291e-08 4.87985e-08 3.61509e-08 2.6688e-08 1.96367e-08 1.44027e-08 1.05319e-08 7.67913e-09 5.58363e-09 4.04921e-09 2.92899e-09 2.11352e-09 1.5215e-09 1.09284e-09 7.83241e-10 5.60172e-10 3.99823e-10 2.84815e-10 2.02506e-10 1.4372e-10 1.01818e-10 7.20096e-11 5.08431e-11 3.58405e-11 2.52252e-11 1.7727e-11 1.24393e-11 8.71628e-12 6.09902e-12 4.26186e-12 2.97416e-12 2.07286e-12 1.44288e-12 1.00313e-12 6.96575e-13 4.83139e-13 3.34721e-13 2.31639e-13 1.60129e-13 1.10578e-13 7.62809e-14 5.25684e-14 3.61913e-14 2.48922e-14 1.71045e-14 1.17423e-14 8.05384e-15 5.51907e-15 3.77877e-15 2.58502e-15 1.7669e-15 1.20672e-15 8.2347e-16 5.61497e-16 3.82569e-16 2.60461e-16 1.77194e-16 1.20459e-16 8.18305e-17 5.555e-17 3.76835e-17 2.55459e-17 1.73061e-17 1.17163e-17 7.92685e-18 5.35961e-18 3.62154e-18 2.44559e-18 1.65048e-18 1.11321e-18 7.50396e-19 5.05535e-19 3.40379e-19 2.2905e-19 1.54049e-19
3.25773e-06 3.89814e-06 4.53346e-06 4.82456e-06 4.83494e-06 4.63597e-06 4.29546e-06 3.87161e-06 3.4107e-06 2.94707e-06 2.50439e-06 2.09746e-06 1.73423e-06 1.41757e-06 1.14686e-06 9.19229e-07 7.30543e-07 5.76083e-07 4.51034e-07 3.50796e-07 2.71159e-07 2.08403e-07 1.59314e-07 1.21178e-07 9.17357e-08 6.91387e-08 5.18893e-08 3.87888e-08 2.88867e-08 2.14354e-08 1.5852e-08 1.16849e-08 8.58655e-09 6.29107e-09 4.59618e-09 3.34879e-09 2.43359e-09 1.76407e-09 1.27567e-09 9.20354e-10 6.62522e-10 4.75893e-10 3.41127e-10 2.44034e-10 1.74238e-10 1.2417e-10 8.83294e-11 6.27231e-11 4.4464e-11 3.14682e-11 2.2235e-11 1.56864e-11 1.10498e-11 7.77221e-12 5.45899e-12 3.82891e-12 2.68194e-12 1.87607e-12 1.31065e-12 9.14498e-13 6.37303e-13 4.43598e-13 3.0841e-13 2.14176e-13 1.4857e-13 1.02949e-13 7.12604e-14 4.92748e-14 3.40377e-14 2.3489e-14 1.61937e-14 1.11536e-14 7.67501e-15 5.2765e-15 3.6243e-15 2.48727e-15 1.70548e-15 1.16844e-15 7.99844e-16 5.47082e-16 3.73899e-16 2.55339e-16 1.7424e-16 1.18809e-16 8.09527e-17 5.51185e-17 3.7502e-17 2.5498e-17 1.73244e-17 1.1763e-17 7.98152e-18 5.41215e-18 3.66754e-18 2.48373e-18 1.68098e-18 1.13698e-18 7.68569e-19 5.19223e-19 3.50566e-19 2.36557e-19 1.59535e-19
2.00782e-06 2.48502e-06 2.94365e-06 3.18049e-06 3.22965e-06 3.13364e-06 2.93515e-06 2.6723e-06 2.3765e-06 2.07185e-06 1.77562e-06 1.49919e-06 1.24922e-06 1.02877e-06 8.38323e-07 6.76625e-07 5.41377e-07 4.29718e-07 3.3859e-07 2.6498e-07 2.06068e-07 1.59314e-07 1.22493e-07 9.36985e-08 7.13265e-08 5.4049e-08 4.07806e-08 3.06442e-08 2.29385e-08 1.71075e-08 1.27142e-08 9.41777e-09 6.95385e-09 5.11897e-09 3.75731e-09 2.75018e-09 2.00763e-09 1.46181e-09 1.06176e-09 7.69361e-10 5.5621e-10 4.01226e-10 2.88812e-10 2.07466e-10 1.48736e-10 1.06426e-10 7.60104e-11 5.41894e-11 3.85652e-11 2.73994e-11 1.94345e-11 1.37629e-11 9.73135e-12 6.87038e-12 4.84341e-12 3.40958e-12 2.39689e-12 1.68269e-12 1.17975e-12 8.2607e-13 5.77695e-13 4.03505e-13 2.81501e-13 1.96157e-13 1.36532e-13 9.49251e-14 6.59257e-14 4.57369e-14 3.16976e-14 2.19455e-14 1.51785e-14 1.0488e-14 7.23999e-15 4.9932e-15 3.44049e-15 2.3685e-15 1.62908e-15 1.11953e-15 7.68712e-16 5.27387e-16 3.61527e-16 2.47631e-16 1.69484e-16 1.15909e-16 7.9209e-17 5.40891e-17 3.69086e-17 2.51671e-17 1.71488e-17 1.1677e-17 7.94568e-18 5.40306e-18 3.67166e-18 2.49346e-18 1.69225e-18 1.14777e-18 7.7799e-19 5.27023e-19 3.56799e-19 2.41413e-19 1.63247e-19
1.23747e-06 1.58243e-06 1.90852e-06 2.09287e-06 2.15282e-06 2.11316e-06 2.00042e-06 1.83931e-06 1.6509e-06 1.45188e-06 1.25465e-06 1.06775e-06 8.96498e-07 7.43704e-07 6.1031e-07 4.95958e-07 3.99451e-07 3.19102e-07 2.53004e-07 1.99205e-07 1.55836e-07 1.21178e-07 9.36985e-08 7.20698e-08 5.51596e-08 4.20205e-08 3.18703e-08 2.40713e-08 1.8109e-08 1.35724e-08 1.01359e-08 7.54384e-09 5.59639e-09 4.13879e-09 3.05173e-09 2.24377e-09 1.64522e-09 1.20317e-09 8.77678e-10 6.38683e-10 4.6368e-10 3.3587e-10 2.42759e-10 1.75092e-10 1.2603e-10 9.05371e-11 6.49159e-11 4.64595e-11 3.3191e-11 2.36708e-11 1.68529e-11 1.19792e-11 8.50134e-12 6.02391e-12 4.26203e-12 3.01107e-12 2.12425e-12 1.49655e-12 1.0529e-12 7.39797e-13 5.19135e-13 3.63835e-13 2.54682e-13 1.78062e-13 1.24348e-13 8.67388e-14 6.04371e-14 4.20649e-14 2.92465e-14 2.03131e-14 1.4094e-14 9.76923e-15 6.76489e-15 4.68e-15 3.23462e-15 2.23358e-15 1.54094e-15 1.06216e-15 7.31501e-16 5.03352e-16 3.46071e-16 2.37741e-16 1.6319e-16 1.11928e-16 7.67092e-17 5.25322e-17 3.59483e-17 2.45817e-17 1.6797e-17 1.14694e-17 7.82616e-18 5.33651e-18 3.6364e-18 2.47627e-18 1.68515e-18 1.14604e-18 7.7891e-19 5.29057e-19 3.59129e-19 2.43633e-19 1.65182e-19
7.62683e-07 1.00663e-06 1.23566e-06 1.37482e-06 1.43218e-06 1.42185e-06 1.36005e-06 1.26263e-06 1.14359e-06 1.01435e-06 8.83708e-07 7.57919e-07 6.41108e-07 5.35657e-07 4.42622e-07 3.62096e-07 2.93528e-07 2.35961e-07 1.8823e-07 1.49088e-07 1.17308e-07 9.17357e-08 7.13265e-08 5.51596e-08 4.24415e-08 3.25002e-08 2.47756e-08 1.88065e-08 1.42179e-08 1.07076e-08 8.03459e-09 6.00787e-09 4.47746e-09 3.32631e-09 2.46361e-09 1.81935e-09 1.33981e-09 9.84023e-10 7.2085e-10 5.2675e-10 3.83993e-10 2.7928e-10 2.0267e-10 1.46758e-10 1.06051e-10 7.64802e-11 5.50477e-11 3.95467e-11 2.83587e-11 2.02999e-11 1.45061e-11 1.03487e-11 7.37073e-12 5.24146e-12 3.72157e-12 2.63847e-12 1.86787e-12 1.32046e-12 9.32187e-13 6.57199e-13 4.62723e-13 3.25379e-13 2.28515e-13 1.60291e-13 1.12302e-13 7.85882e-14 5.49331e-14 3.83554e-14 2.67514e-14 1.86382e-14 1.29721e-14 9.01926e-15 6.26467e-15 4.3471e-15 3.0136e-15 2.08719e-15 1.44424e-15 9.98441e-16 6.89638e-16 4.75929e-16 3.28165e-16 2.26089e-16 1.55635e-16 1.0705e-16 7.35735e-17 5.05262e-17 3.46721e-17 2.37748e-17 1.62904e-17 1.1154e-17 7.63169e-18 5.218e-18 3.56523e-18 2.43431e-18 1.66101e-18 1.13262e-18 7.71814e-19 5.25611e-19 3.5772e-19 2.43306e-19 1.65386e-19
4.7006e-07 6.39726e-07 7.98964e-07 9.01679e-07 9.51e-07 9.5469e-07 9.22541e-07 8.64598e-07 7.9005e-07 7.06662e-07 6.20564e-07 5.36291e-07 4.56954e-07 3.84478e-07 3.19855e-07 2.6338e-07 2.14862e-07 1.73789e-07 1.39465e-07 1.11109e-07 8.79228e-08 6.91387e-08 5.4049e-08 4.20205e-08 3.25002e-08 2.50145e-08 1.91645e-08 1.46188e-08 1.11053e-08 8.40315e-09 6.33479e-09 4.75857e-09 3.56242e-09 2.6583e-09 1.97748e-09 1.46665e-09 1.08468e-09 7.99986e-10 5.88462e-10 4.31769e-10 3.16025e-10 2.30764e-10 1.68122e-10 1.22216e-10 8.8656e-11 6.41793e-11 4.6368e-11 3.34352e-11 2.40646e-11 1.72888e-11 1.23991e-11 8.87713e-12 6.34504e-12 4.52789e-12 3.22609e-12 2.29506e-12 1.63029e-12 1.1564e-12 8.19107e-13 5.79395e-13 4.09286e-13 2.88742e-13 2.03441e-13 1.43162e-13 1.0062e-13 7.06361e-14 4.95294e-14 3.46901e-14 2.42698e-14 1.6961e-14 1.18407e-14 8.2575e-15 5.75276e-15 4.00378e-15 2.7838e-15 1.9337e-15 1.34193e-15 9.30402e-16 6.44492e-16 4.46045e-16 3.08433e-16 2.13094e-16 1.47102e-16 1.01463e-16 6.99264e-17 4.81539e-17 3.31346e-17 2.27823e-17 1.56526e-17 1.07461e-17 7.37225e-18 5.05401e-18 3.46231e-18 2.37025e-18 1.62153e-18 1.10857e-18 7.57377e-19 5.17105e-19 3.52831e-19 2.40591e-19 1.63954e-19
2.8971e-07 4.06183e-07 5.15959e-07 5.90468e-07 6.30372e-07 6.39753e-07 6.24413e-07 5.90645e-07 5.4443e-07 4.90982e-07 4.3454e-07 3.78338e-07 3.24679e-07 2.75067e-07 2.30356e-07 1.90903e-07 1.56706e-07 1.27517e-07 1.02934e-07 8.24756e-08 6.56291e-08 5.18893e-08 4.07806e-08 3.18703e-08 2.47756e-08 1.91645e-08 1.47547e-08 1.13092e-08 8.63178e-09 6.56188e-09 4.96936e-09 3.74969e-09 2.81957e-09 2.11316e-09 1.57871e-09 1.17585e-09 8.73248e-10 6.46704e-10 4.77643e-10 3.51865e-10 2.58562e-10 1.89543e-10 1.38625e-10 1.01158e-10 7.36577e-11 5.35211e-11 3.88105e-11 2.80879e-11 2.02891e-11 1.46286e-11 1.05284e-11 7.56423e-12 5.42541e-12 3.88495e-12 2.77743e-12 1.98255e-12 1.41302e-12 1.00561e-12 7.14636e-13 5.07144e-13 3.59405e-13 2.54364e-13 1.79789e-13 1.26916e-13 8.9481e-14 6.30112e-14 4.43189e-14 3.11355e-14 2.18489e-14 1.53151e-14 1.07236e-14 7.50062e-15 5.24085e-15 3.65816e-15 2.55087e-15 1.77701e-15 1.23672e-15 8.59897e-16 5.97336e-16 4.14569e-16 2.87467e-16 1.99159e-16 1.37861e-16 9.53487e-17 6.58915e-17 4.54979e-17 3.13911e-17 2.16412e-17 1.4908e-17 1.0262e-17 7.05856e-18 4.85159e-18 3.33226e-18 2.2871e-18 1.56865e-18 1.07516e-18 7.36414e-19 5.04061e-19 3.44794e-19 2.35698e-19 1.61018e-19
1.78555e-07 2.57678e-07 3.32807e-07 3.86113e-07 4.17146e-07 4.27907e-07 4.21759e-07 4.02595e-07 3.74273e-07 3.40261e-07 3.0346e-07 2.66151e-07 2.30011e-07 1.96183e-07 1.65366e-07 1.3791e-07 1.13898e-07 9.32328e-08 7.56939e-08 6.09903e-08 4.87985e-08 3.87888e-08 3.06442e-08 2.40713e-08 1.88065e-08 1.46188e-08 1.13092e-08 8.70927e-09 6.67825e-09 5.09999e-09 3.8796e-09 2.94032e-09 2.22059e-09 1.67137e-09 1.25392e-09 9.3783e-10 6.99335e-10 5.20004e-10 3.85598e-10 2.85177e-10 2.10373e-10 1.5481e-10 1.13652e-10 8.3246e-11 6.084e-11 4.43696e-11 3.22911e-11 2.34535e-11 1.70016e-11 1.23013e-11 8.88424e-12 6.40496e-12 4.6096e-12 3.31192e-12 2.37568e-12 1.7014e-12 1.21662e-12 8.68654e-13 6.19301e-13 4.40896e-13 3.13447e-13 2.22536e-13 1.57783e-13 1.11726e-13 7.90132e-14 5.58093e-14 3.93721e-14 2.77431e-14 1.95263e-14 1.37275e-14 9.64013e-15 6.76242e-15 4.73871e-15 3.31715e-15 2.31968e-15 1.62053e-15 1.13099e-15 7.88575e-16 5.49311e-16 3.82289e-16 2.6581e-16 1.84656e-16 1.28167e-16 8.88822e-17 6.15868e-17 4.26384e-17 2.94958e-17 2.03878e-17 1.40812e-17 9.71796e-18 6.7016e-18 4.61804e-18 3.17992e-18 2.18807e-18 1.50452e-18 1.03378e-18 7.09838e-19 4.87074e-19 3.33996e-19 2.28876e-19 1.56739e-19
1.10048e-07 1.63335e-07 2.1443e-07 2.52139e-07 2.75608e-07 2.85702e-07 2.84319e-07 2.73836e-07 2.56713e-07 2.35238e-07 2.1138e-07 1.86728e-07 1.62488e-07 1.39512e-07 1.18351e-07 9.93121e-08 8.25135e-08 6.79364e-08 5.54689e-08 4.49409e-08 3.61509e-08 2.88867e-08 2.29385e-08 1.8109e-08 1.42179e-08 1.11053e-08 8.63178e-09 6.67825e-09 5.14424e-09 3.94612e-09 3.01508e-09 2.29502e-09 1.74065e-09 1.31564e-09 9.91135e-10 7.44314e-10 5.57267e-10 4.16012e-10 3.09695e-10 2.29928e-10 1.70264e-10 1.25767e-10 9.26752e-11 6.81314e-11 4.99749e-11 3.65772e-11 2.67148e-11 1.94718e-11 1.41645e-11 1.02839e-11 7.45261e-12 5.39103e-12 3.89287e-12 2.80625e-12 2.01957e-12 1.45108e-12 1.04097e-12 7.45617e-13 5.33268e-13 3.8084e-13 2.71594e-13 1.93418e-13 1.37558e-13 9.7701e-14 6.9303e-14 4.90972e-14 3.47396e-14 2.4551e-14 1.73302e-14 1.22189e-14 8.60545e-15 6.05387e-15 4.25425e-15 2.98642e-15 2.09425e-15 1.46711e-15 1.02674e-15 7.17856e-16 5.01412e-16 3.49899e-16 2.43943e-16 1.69918e-16 1.18251e-16 8.22222e-17 5.71215e-17 3.965e-17 2.74996e-17 1.90571e-17 1.31958e-17 9.1301e-18 6.31215e-18 4.36062e-18 3.01019e-18 2.07643e-18 1.43129e-18 9.85884e-19 6.78608e-19 4.6678e-19 3.20855e-19 2.20401e-19 1.51297e-19
6.78254e-08 1.03454e-07 1.38013e-07 1.64438e-07 1.8182e-07 1.90434e-07 1.91312e-07 1.85882e-07 1.75699e-07 1.62258e-07 1.46883e-07 1.30672e-07 1.14481e-07 9.89348e-08 8.44574e-08 7.13026e-08 5.95914e-08 4.93449e-08 4.05138e-08 3.30024e-08 2.6688e-08 2.14354e-08 1.71075e-08 1.35724e-08 1.07076e-08 8.40315e-09 6.56188e-09 5.09999e-09 3.94612e-09 3.04039e-09 2.33311e-09 1.7835e-09 1.35836e-09 1.03094e-09 7.79819e-10 5.87972e-10 4.41957e-10 3.31219e-10 2.47522e-10 1.84468e-10 1.37113e-10 1.01656e-10 7.51827e-11 5.54718e-11 4.08347e-11 2.99932e-11 2.19828e-11 1.60783e-11 1.1736e-11 8.54968e-12 6.21663e-12 4.5119e-12 3.26878e-12 2.36405e-12 1.70683e-12 1.2303e-12 8.85383e-13 6.36171e-13 4.5641e-13 3.26957e-13 2.33883e-13 1.67067e-13 1.19175e-13 8.48977e-14 6.03997e-14 4.29155e-14 3.04543e-14 2.15849e-14 1.52802e-14 1.08043e-14 7.63073e-15 5.38326e-15 3.79355e-15 2.6704e-15 1.87779e-15 1.31907e-15 9.25647e-16 6.48918e-16 4.54475e-16 3.17989e-16 2.22283e-16 1.55238e-16 1.08317e-16 7.55101e-17 5.25938e-17 3.66008e-17 2.54495e-17 1.7681e-17 1.22739e-17 8.51346e-18 5.90049e-18 4.08632e-18 2.82778e-18 1.95538e-18 1.35113e-18 9.32922e-19 6.437e-19 4.43828e-19 3.05805e-19 2.10561e-19 1.44883e-19
4.18024e-08 6.54792e-08 8.87392e-08 1.0711e-07 1.19776e-07 1.26729e-07 1.28502e-07 1.25937e-07 1.20004e-07 1.11675e-07 1.0183e-07 9.12222e-08 8.04525e-08 6.99738e-08 6.01043e-08 5.10466e-08 4.29099e-08 3.5732e-08 2.94978e-08 2.4157e-08 1.96367e-08 1.5852e-08 1.27142e-08 1.01359e-08 8.03459e-09 6.33479e-09 4.96936e-09 3.8796e-09 3.01508e-09 2.33311e-09 1.798e-09 1.3802e-09 1.05554e-09 8.04367e-10 6.10873e-10 4.62408e-10 3.48928e-10 2.62504e-10 1.96914e-10 1.47301e-10 1.09892e-10 8.17712e-11 6.06944e-11 4.49415e-11 3.31995e-11 2.44701e-11 1.79965e-11 1.32076e-11 9.67307e-12 7.07036e-12 5.15797e-12 3.7558e-12 2.72981e-12 1.98059e-12 1.43452e-12 1.03727e-12 7.48798e-13 5.39695e-13 3.88381e-13 2.7907e-13 2.00229e-13 1.43455e-13 1.02635e-13 7.33297e-14 5.23218e-14 3.72836e-14 2.65337e-14 1.88596e-14 1.33887e-14 9.49346e-15 6.72359e-15 4.75642e-15 3.36102e-15 2.37239e-15 1.67275e-15 1.1782e-15 8.28999e-16 5.82707e-16 4.09179e-16 2.87046e-16 2.01175e-16 1.4086e-16 9.8537e-17 6.88679e-17 4.80892e-17 3.35504e-17 2.3387e-17 1.62886e-17 1.13353e-17 7.8818e-18 5.47608e-18 3.80163e-18 2.63714e-18 1.82795e-18 1.2661e-18 8.76296e-19 6.06061e-19 4.18861e-19 2.89279e-19 1.99646e-19 1.37691e-19
2.57639e-08 4.14151e-08 5.70029e-08 6.96859e-08 7.87964e-08 8.42062e-08 8.61678e-08 8.51673e-08 8.1804e-08 7.67003e-08 7.04406e-08 6.35348e-08 5.64018e-08 4.93655e-08 4.26611e-08 3.64455e-08 3.08111e-08 2.57992e-08 2.14129e-08 1.7628e-08 1.44027e-08 1.16849e-08 9.41777e-09 7.54384e-09 6.00787e-09 4.75857e-09 3.74969e-09 2.94032e-09 2.29502e-09 1.7835e-09 1.3802e-09 1.06386e-09 8.16913e-10 6.25014e-10 4.76534e-10 3.6212e-10 2.74298e-10 2.07139e-10 1.55962e-10 1.17096e-10 8.76756e-11 6.54742e-11 4.87704e-11 3.62389e-11 2.68635e-11 1.98679e-11 1.46614e-11 1.0796e-11 7.93309e-12 5.81759e-12 4.25785e-12 3.11035e-12 2.26789e-12 1.65064e-12 1.19928e-12 8.69856e-13 6.29873e-13 4.55361e-13 3.28681e-13 2.36878e-13 1.70461e-13 1.22487e-13 8.78889e-14 6.29757e-14 4.50631e-14 3.22026e-14 2.29824e-14 1.63813e-14 1.16617e-14 8.2917e-15 5.88857e-15 4.17705e-15 2.9596e-15 2.09465e-15 1.48086e-15 1.0458e-15 7.37777e-16 5.19941e-16 3.66052e-16 2.57454e-16 1.80897e-16 1.26984e-16 8.90551e-17 6.23974e-17 4.36798e-17 3.05498e-17 2.13479e-17 1.49049e-17 1.03976e-17 7.24737e-18 5.04743e-18 3.51246e-18 2.44235e-18 1.69695e-18 1.17813e-18 8.17323e-19 5.66593e-19 3.92492e-19 2.71693e-19 1.8794e-19 1.29914e-19
1.58789e-08 2.61776e-08 3.65833e-08 4.5287e-08 5.17698e-08 5.58696e-08 5.76874e-08 5.74957e-08 5.56594e-08 5.25745e-08 4.86246e-08 4.41533e-08 3.94495e-08 3.47427e-08 3.02043e-08 2.59532e-08 2.20642e-08 1.85759e-08 1.54994e-08 1.28257e-08 1.05319e-08 8.58655e-09 6.95385e-09 5.59639e-09 4.47746e-09 3.56242e-09 2.81957e-09 2.22059e-09 1.74065e-09 1.35836e-09 1.05554e-09 8.16913e-10 6.29795e-10 4.83749e-10 3.7026e-10 2.82437e-10 2.14747e-10 1.62771e-10 1.23006e-10 9.26876e-11 6.96481e-11 5.21955e-11 3.90151e-11 2.90903e-11 2.16379e-11 1.60571e-11 1.18888e-11 8.78325e-12 6.47518e-12 4.76381e-12 3.49776e-12 2.5632e-12 1.8748e-12 1.36878e-12 9.97555e-13 7.2575e-13 5.27113e-13 3.82214e-13 2.76702e-13 2.00005e-13 1.44347e-13 1.04022e-13 7.48542e-14 5.37887e-14 3.85979e-14 2.76598e-14 1.97952e-14 1.41485e-14 1.00998e-14 7.2007e-15 5.12758e-15 3.64699e-15 2.59091e-15 1.83856e-15 1.30322e-15 9.22746e-16 6.52654e-16 4.61134e-16 3.2548e-16 2.295e-16 1.61663e-16 1.13766e-16 7.9984e-17 5.61804e-17 3.94245e-17 2.7641e-17 1.93622e-17 1.35512e-17 9.47601e-18 6.62074e-18 4.62197e-18 3.22398e-18 2.24702e-18 1.56488e-18 1.08896e-18 7.57207e-19 5.26124e-19 3.65291e-19 2.53438e-19 1.75709e-19 1.21732e-19
