0.118492 0.0669738 0.0378547 0.0213962 0.0120935 0.00683545 0.00386351 0.00218373 0.00123428 0.000697636 0.000394316 0.000222874 0.000125972 7.12018e-05 4.02445e-05 2.27469e-05 1.28569e-05 7.26697e-06 4.10742e-06 2.32158e-06 1.3122e-06 7.41678e-07 4.19209e-07 2.36944e-07 1.33925e-07 7.56968e-08 4.27851e-08 2.41829e-08 1.36686e-08 7.72573e-09 4.36671e-09 2.46814e-09 1.39504e-09 7.88499e-10 4.45674e-10 2.51902e-10 1.4238e-10 8.04755e-11 4.54861e-11 2.57095e-11 1.45315e-11 8.21345e-12 4.64238e-12 2.62396e-12 1.48311e-12 8.38277e-13 4.73809e-13 2.67805e-13 1.51368e-13 8.55558e-14 4.83576e-14 2.73326e-14 1.54489e-14 8.73196e-15 4.93546e-15 2.78961e-15 1.57673e-15 8.91197e-16 5.0372e-16 2.84711e-16 1.60924e-16 9.09569e-17 5.14104e-17 2.90581e-17 1.64241e-17 9.2832e-18 5.24703e-18 2.96571e-18 1.67627e-18 9.47458e-19 5.3552e-19 3.02685e-19 1.71083e-19 9.6699e-20 5.4656e-20 3.08925e-20 1.7461e-20 9.86925e-21 5.57827e-21 3.15294e-21 1.78209e-21 1.00727e-21 5.69327e-22 3.21793e-22 1.81883e-22 1.02804e-22 5.81064e-23 3.28427e-23 1.85633e-23 1.04923e-23 5.93042e-24 3.35198e-24 1.8946e-24 1.07086e-24 6.05268e-25 3.42108e-25 1.93365e-25 1.09294e-25 6.17746e-26 3.49161e-26 1.97352e-26
0.0669738 0.0462136 0.0308453 0.0201047 0.0128729 0.00812912 0.00507692 0.00314211 0.00193002 0.00117795 0.000715014 0.000431955 0.000259871 0.00015577 9.30668e-05 5.5442e-05 3.29414e-05 1.9526e-05 1.15491e-05 6.8175e-06 4.01714e-06 2.36313e-06 1.388e-06 8.14095e-07 4.76856e-07 2.78975e-07 1.63021e-07 9.51607e-08 5.54924e-08 3.23295e-08 1.88182e-08 1.09444e-08 6.36009e-09 3.69325e-09 2.14311e-09 1.24276e-09 7.20201e-10 4.17114e-10 2.41437e-10 1.39673e-10 8.07595e-11 4.66718e-11 2.69591e-11 1.55652e-11 8.98285e-12 5.18189e-12 2.98803e-12 1.72231e-12 9.92371e-13 5.71584e-13 3.29104e-13 1.89427e-13 1.08996e-13 6.2696e-14 3.60528e-14 2.07259e-14 1.19114e-14 6.84376e-15 3.93108e-15 2.25745e-15 1.29603e-15 7.43894e-16 4.26878e-16 2.44906e-16 1.40475e-16 8.05574e-17 4.61873e-17 2.6476e-17 1.51739e-17 8.69481e-18 4.9813e-18 2.85329e-18 1.63408e-18 9.35681e-19 5.35685e-19 3.06634e-19 1.75494e-19 1.00424e-19 5.74577e-20 3.28696e-20 1.88009e-20 1.07523e-20 6.14845e-21 3.51537e-21 2.00965e-21 1.14872e-21 6.56528e-22 3.7518e-22 2.14375e-22 1.22478e-22 6.9967e-23 3.99649e-23 2.28253e-23 1.30349e-23 7.4431e-24 4.24967e-24 2.42612e-24 1.38493e-24 7.90494e-25 4.51159e-25 2.57466e-25
0.0378547 0.0308453 0.0233648 0.0168915 0.0118188 0.00807048 0.00540758 0.00356865 0.00232579 0.00149994 0.000958708 0.00060804 0.000383033 0.000239852 0.000149396 9.26113e-05 5.71636e-05 3.51463e-05 2.15325e-05 1.3149e-05 8.00556e-06 4.86059e-06 2.94357e-06 1.77838e-06 1.07205e-06 6.44921e-07 3.87219e-07 2.32069e-07 1.38847e-07 8.29382e-08 4.94668e-08 2.94611e-08 1.75224e-08 1.04083e-08 6.1749e-09 3.65912e-09 2.16591e-09 1.28069e-09 7.56503e-10 4.46434e-10 2.63211e-10 1.55048e-10 9.12556e-11 5.36661e-11 3.15357e-11 1.85173e-11 1.08653e-11 6.37093e-12 3.73314e-12 2.18608e-12 1.27934e-12 7.4825e-13 4.37377e-13 2.55518e-13 1.49194e-13 8.70672e-14 5.07852e-14 2.96078e-14 1.72532e-14 1.00492e-14 5.85058e-15 3.40469e-15 1.9805e-15 1.15157e-15 6.69325e-16 3.88879e-16 2.25854e-16 1.31124e-16 7.60996e-17 4.41501e-17 2.56055e-17 1.48454e-17 8.60425e-18 4.98537e-18 2.88768e-18 1.67214e-18 9.67983e-19 5.60197e-19 3.24111e-19 1.87469e-19 1.08405e-19 6.26698e-20 3.62207e-20 2.0929e-20 1.20903e-20 6.98265e-21 4.03185e-21 2.3275e-21 1.34332e-21 7.75131e-22 4.47176e-22 2.57924e-22 1.48736e-22 8.57539e-23 4.94318e-23 2.84889e-23 1.64159e-23 9.45739e-24 5.44754e-24 3.13727e-24 1.80646e-24
0.0213962 0.0201047 0.0168915 0.0132786 0.00998073 0.00726085 0.00515146 0.00358267 0.00245123 0.00165432 0.00110355 0.000728774 0.000477055 0.000309861 0.000199875 0.000128129 8.16774e-05 5.18012e-05 3.27006e-05 2.0555e-05 1.28698e-05 8.02872e-06 4.99179e-06 3.09389e-06 1.91197e-06 1.17834e-06 7.24343e-07 4.44191e-07 2.71775e-07 1.65927e-07 1.01099e-07 6.14812e-08 3.73206e-08 2.26154e-08 1.36819e-08 8.26432e-09 4.9845e-09 3.00204e-09 1.8056e-09 1.08457e-09 6.50661e-10 3.8988e-10 2.33351e-10 1.39511e-10 8.33196e-11 4.971e-11 2.96287e-11 1.7643e-11 1.04963e-11 6.23899e-12 3.70532e-12 2.19877e-12 1.30374e-12 7.72444e-13 4.57321e-13 2.70559e-13 1.59956e-13 9.4503e-14 5.57963e-14 3.29223e-14 1.94136e-14 1.14409e-14 6.73849e-15 3.9666e-15 2.33365e-15 1.37221e-15 8.0645e-16 4.73712e-16 2.78123e-16 1.63211e-16 9.57322e-17 5.61265e-17 3.28915e-17 1.92669e-17 1.12811e-17 6.60259e-18 3.86278e-18 2.25899e-18 1.32056e-18 7.71686e-19 4.50777e-19 2.63224e-19 1.53651e-19 8.96595e-20 5.23009e-20 3.04985e-20 1.7779e-20 1.03609e-20 6.03606e-21 3.51541e-21 2.04677e-21 1.19134e-21 6.9323e-22 4.03271e-22 2.34529e-22 1.36357e-22 7.92585e-23 4.60574e-23 2.67573e-23 1.55409e-23 9.02407e-24
0.0120935 0.0128729 0.0118188 0.00998073 0.00797716 0.00612831 0.0045681 0.00332462 0.00237279 0.00166601 0.0011536 0.000789248 0.000534325 0.000358397 0.000238412 0.000157421 0.000103248 6.73048e-05 4.36301e-05 2.81385e-05 1.80619e-05 1.15432e-05 7.34732e-06 4.65896e-06 2.94385e-06 1.85399e-06 1.164e-06 7.2867e-07 4.54898e-07 2.83249e-07 1.75936e-07 1.09026e-07 6.74135e-08 4.15958e-08 2.56143e-08 1.5743e-08 9.65833e-09 5.91509e-09 3.61658e-09 2.20771e-09 1.34562e-09 8.18969e-10 4.97738e-10 3.02097e-10 1.83116e-10 1.10857e-10 6.70307e-11 4.04837e-11 2.44229e-11 1.47178e-11 8.86004e-12 5.32828e-12 3.2012e-12 1.92144e-12 1.15223e-12 6.90347e-13 4.13257e-13 2.47177e-13 1.47722e-13 8.82139e-14 5.26377e-14 3.13858e-14 1.87005e-14 1.11345e-14 6.62502e-15 3.93927e-15 2.34078e-15 1.39005e-15 8.24963e-16 4.89301e-16 2.90043e-16 1.71831e-16 1.01741e-16 6.02083e-17 3.5611e-17 2.10517e-17 1.24385e-17 7.34574e-18 4.33603e-18 2.55824e-18 1.50866e-18 8.89288e-19 5.23964e-19 3.08583e-19 1.81659e-19 1.06896e-19 6.28766e-20 3.69694e-20 2.17283e-20 1.27657e-20 7.49717e-21 4.4014e-21 2.58302e-21 1.51534e-21 8.88671e-22 5.20983e-22 3.05324e-22 1.78877e-22 1.04763e-22 6.13374e-23 3.5901e-23
0.00683545 0.00812912 0.00807048 0.00726085 0.00612831 0.00494193 0.00384973 0.00291795 0.00216283 0.00157348 0.00112668 0.000795752 0.000555318 0.00038344 0.000262267 0.000177868 0.000119705 8.00001e-05 5.3124e-05 3.50702e-05 2.30268e-05 1.50435e-05 9.78225e-06 6.33348e-06 4.08397e-06 2.62344e-06 1.67922e-06 1.07123e-06 6.81207e-07 4.31891e-07 2.73046e-07 1.72159e-07 1.08271e-07 6.79262e-08 4.25164e-08 2.65531e-08 1.65485e-08 1.02926e-08 6.38928e-09 3.95891e-09 2.44865e-09 1.51196e-09 9.3205e-10 5.73661e-10 3.52543e-10 2.16339e-10 1.3257e-10 8.11275e-11 4.95814e-11 3.02636e-11 1.84497e-11 1.12342e-11 6.83279e-12 4.15118e-12 2.51928e-12 1.52732e-12 9.25e-13 5.59664e-13 3.38298e-13 2.043e-13 1.23267e-13 7.43094e-14 4.47581e-14 2.69364e-14 1.61978e-14 9.73268e-15 5.84354e-15 3.50587e-15 2.10184e-15 1.2592e-15 7.53861e-16 4.51017e-16 2.69655e-16 1.61119e-16 9.62076e-17 5.74124e-17 3.42406e-17 2.04091e-17 1.21578e-17 7.23841e-18 4.30718e-18 2.56159e-18 1.52264e-18 9.0461e-19 5.37164e-19 3.18814e-19 1.89129e-19 1.12143e-19 6.64637e-20 3.93731e-20 2.33142e-20 1.37991e-20 8.16381e-21 4.82784e-21 2.85386e-21 1.68631e-21 9.96019e-22 5.88068e-22 3.47073e-22 2.04762e-22 1.20759e-22
0.00386351 0.00507692 0.00540758 0.00515146 0.0045681 0.00384973 0.00312169 0.00245541 0.00188395 0.00141581 0.00104538 0.000760179 0.000545458 0.000386795 0.000271413 0.000188656 0.000130015 8.89063e-05 6.03638e-05 4.0717e-05 2.72992e-05 1.82008e-05 1.20718e-05 7.96791e-06 5.23536e-06 3.42532e-06 2.23213e-06 1.44911e-06 9.37436e-07 6.04397e-07 3.88437e-07 2.4889e-07 1.59018e-07 1.01322e-07 6.43911e-08 4.08198e-08 2.58158e-08 1.62897e-08 1.02565e-08 6.4443e-09 4.04098e-09 2.52908e-09 1.57992e-09 9.85231e-10 6.13334e-10 3.81188e-10 2.36533e-10 1.46547e-10 9.06602e-11 5.60061e-11 3.45503e-11 2.12856e-11 1.30965e-11 8.04781e-12 4.93937e-12 3.02796e-12 1.85409e-12 1.13404e-12 6.92876e-13 4.22888e-13 2.5784e-13 1.57052e-13 9.55692e-14 5.81008e-14 3.52897e-14 2.14154e-14 1.29845e-14 7.86602e-15 4.7613e-15 2.87969e-15 1.7403e-15 1.05091e-15 6.34137e-16 3.82368e-16 2.30393e-16 1.38724e-16 8.3471e-17 5.01914e-17 3.01605e-17 1.81121e-17 1.08699e-17 6.51956e-18 3.90794e-18 2.34111e-18 1.40167e-18 8.38733e-19 5.01604e-19 2.99821e-19 1.79115e-19 1.06949e-19 6.38258e-20 3.80714e-20 2.2698e-20 1.35259e-20 8.05635e-21 4.79631e-21 2.85416e-21 1.69767e-21 1.00934e-21 5.99835e-22 3.56321e-22
0.00218373 0.00314211 0.00356865 0.00358267 0.00332462 0.00291795 0.00245541 0.0019986 0.00158327 0.00122617 0.000931484 0.000695935 0.000512427 0.000372477 0.000267654 0.000190352 0.000134116 9.36917e-05 6.49437e-05 4.46951e-05 3.05569e-05 2.07632e-05 1.40282e-05 9.42761e-06 6.30434e-06 4.19615e-06 2.78072e-06 1.83514e-06 1.20638e-06 7.90132e-07 5.15697e-07 3.35465e-07 2.17536e-07 1.4064e-07 9.06652e-08 5.82889e-08 3.73763e-08 2.39067e-08 1.52547e-08 9.71153e-09 6.169e-09 3.9104e-09 2.47367e-09 1.56174e-09 9.84142e-10 6.19033e-10 3.88693e-10 2.43647e-10 1.52477e-10 9.52705e-11 5.94355e-11 3.70245e-11 2.30307e-11 1.4306e-11 8.87452e-12 5.49795e-12 3.40176e-12 2.10218e-12 1.29752e-12 7.9993e-13 4.92602e-13 3.03013e-13 1.86191e-13 1.14288e-13 7.00811e-14 4.29309e-14 2.62735e-14 1.6064e-14 9.81278e-15 5.98879e-15 3.65178e-15 2.22484e-15 1.35434e-15 8.23765e-16 5.00646e-16 3.04032e-16 1.84492e-16 1.11869e-16 6.77834e-17 4.10419e-17 2.48329e-17 1.50151e-17 9.07275e-18 5.47852e-18 3.30604e-18 1.99378e-18 1.20165e-18 7.23797e-19 4.35708e-19 2.62132e-19 1.57615e-19 9.47173e-20 5.68882e-20 3.41491e-20 2.04883e-20 1.22859e-20 7.36347e-21 4.41104e-21 2.6411e-21 1.58058e-21 9.45455e-22
0.00123428 0.00193002 0.00232579 0.00245123 0.00237279 0.00216283 0.00188395 0.00158327 0.00129228 0.00102935 0.000803072 0.000615393 0.000464227 0.000345363 0.000253768 0.000184398 0.000132646 9.4545e-05 6.68234e-05 4.68659e-05 3.26349e-05 2.25751e-05 1.55203e-05 1.0609e-05 7.21293e-06 4.87929e-06 3.28504e-06 2.20182e-06 1.46956e-06 9.76915e-07 6.46965e-07 4.26916e-07 2.80749e-07 1.84026e-07 1.20251e-07 7.83449e-08 5.0898e-08 3.29769e-08 2.13103e-08 1.37368e-08 8.83364e-09 5.66752e-09 3.62814e-09 2.31765e-09 1.47747e-09 9.40001e-10 5.96907e-10 3.7834e-10 2.39376e-10 1.51193e-10 9.53353e-11 6.0017e-11 3.77236e-11 2.36751e-11 1.48365e-11 9.28425e-12 5.80177e-12 3.62066e-12 2.25655e-12 1.40459e-12 8.73201e-13 5.42195e-13 3.36268e-13 2.08314e-13 1.28905e-13 7.96793e-14 4.91997e-14 3.0348e-14 1.87008e-14 1.15123e-14 7.08025e-15 4.35037e-15 2.67058e-15 1.63793e-15 1.00371e-15 6.14532e-16 3.7594e-16 2.29793e-16 1.40348e-16 8.56517e-17 5.22314e-17 3.18273e-17 1.93798e-17 1.17919e-17 7.16986e-18 4.35649e-18 2.64525e-18 1.60512e-18 9.73339e-19 5.89851e-19 3.57229e-19 2.16213e-19 1.30784e-19 7.90621e-20 4.7767e-20 2.88428e-20 1.74061e-20 1.04985e-20 6.32869e-21 3.81302e-21 2.29612e-21
0.000697636 0.00117795 0.00149994 0.00165432 0.00166601 0.00157348 0.00141581 0.00122617 0.00102935 0.000841932 0.000673552 0.000528628 0.000407991 0.00031025 0.000232823 0.000172651 0.000126657 9.20083e-05 6.62396e-05 4.72951e-05 3.35116e-05 2.35775e-05 1.64792e-05 1.14473e-05 7.90623e-06 5.4311e-06 3.71193e-06 2.52482e-06 1.7096e-06 1.15265e-06 7.73995e-07 5.17729e-07 3.45042e-07 2.29153e-07 1.5168e-07 1.0008e-07 6.58334e-08 4.31795e-08 2.82419e-08 1.84224e-08 1.19861e-08 7.77922e-09 5.03684e-09 3.25374e-09 2.09724e-09 1.34892e-09 8.65823e-10 5.54636e-10 3.54611e-10 2.26302e-10 1.44159e-10 9.16722e-11 5.81969e-11 3.68851e-11 2.33405e-11 1.47469e-11 9.30337e-12 5.86067e-12 3.68672e-12 2.31598e-12 1.45294e-12 9.10321e-13 5.69627e-13 3.56e-13 2.22221e-13 1.38552e-13 8.6286e-14 5.36765e-14 3.33545e-14 2.07044e-14 1.28386e-14 7.95305e-15 4.92174e-15 3.04286e-15 1.87946e-15 1.1598e-15 7.15054e-16 4.40462e-16 2.71082e-16 1.66696e-16 1.02421e-16 6.28774e-17 3.85705e-17 2.36416e-17 1.44798e-17 8.86185e-18 5.41956e-18 3.312e-18 2.02259e-18 1.23431e-18 7.52734e-19 4.58742e-19 2.79389e-19 1.70047e-19 1.03432e-19 6.28733e-20 3.81956e-20 2.31899e-20 1.40711e-20 8.53301e-21 5.17165e-21
0.000394316 0.000715014 0.000958708 0.00110355 0.0011536 0.00112668 0.00104538 0.000931484 0.000803072 0.000673552 0.000551827 0.000443027 0.00034942 0.000271297 0.000207708 0.00015703 0.000117367 8.68143e-05 6.36054e-05 4.61941e-05 3.3278e-05 2.37938e-05 1.68939e-05 1.19168e-05 8.3548e-06 5.82396e-06 4.0379e-06 2.78536e-06 1.91214e-06 1.30671e-06 8.89123e-07 6.02509e-07 4.06696e-07 2.73502e-07 1.83278e-07 1.22402e-07 8.14812e-08 5.40727e-08 3.57771e-08 2.36043e-08 1.55305e-08 1.01914e-08 6.67081e-09 4.35572e-09 2.83738e-09 1.84411e-09 1.19592e-09 7.73918e-10 4.998e-10 3.22133e-10 2.07224e-10 1.33056e-10 8.52799e-11 5.4563e-11 3.48508e-11 2.22234e-11 1.41486e-11 8.99371e-12 5.70832e-12 3.61775e-12 2.28953e-12 1.44694e-12 9.13194e-13 5.75575e-13 3.6231e-13 2.27779e-13 1.43026e-13 8.97006e-14 5.61914e-14 3.516e-14 2.19758e-14 1.37204e-14 8.55714e-15 5.33137e-15 3.31824e-15 2.06322e-15 1.28162e-15 7.95355e-16 4.93126e-16 3.05463e-16 1.89048e-16 1.16897e-16 7.22213e-17 4.45821e-17 2.74978e-17 1.69467e-17 1.04358e-17 6.42145e-18 3.94827e-18 2.42581e-18 1.48931e-18 9.13699e-19 5.60161e-19 3.43179e-19 2.10103e-19 1.28544e-19 7.85932e-20 4.80217e-20 2.93233e-20 1.78944e-20 1.09132e-20
0.000222874 0.000431955 0.00060804 0.000728774 0.000789248 0.000795752 0.000760179 0.000695935 0.000615393 0.000528628 0.000443027 0.000363448 0.000292644 0.00023177 0.000180867 0.000139281 0.000105973 7.9751e-05 5.94171e-05 4.38602e-05 3.21009e-05 2.33089e-05 1.68004e-05 1.20261e-05 8.55324e-06 6.04651e-06 4.25014e-06 2.97145e-06 2.06694e-06 1.43086e-06 9.8602e-07 6.76537e-07 4.62282e-07 3.1464e-07 2.1335e-07 1.4415e-07 9.70616e-08 6.51409e-08 4.35804e-08 2.90681e-08 1.93322e-08 1.28213e-08 8.48035e-09 5.59463e-09 3.68166e-09 2.41696e-09 1.58302e-09 1.03448e-09 6.74555e-10 4.38932e-10 2.85031e-10 1.84726e-10 1.19491e-10 7.71499e-11 4.97225e-11 3.19898e-11 2.05462e-11 1.31745e-11 8.43413e-12 5.39098e-12 3.4406e-12 2.1926e-12 1.39526e-12 8.86634e-13 5.62649e-13 3.56575e-13 2.25683e-13 1.42657e-13 9.00638e-14 5.67911e-14 3.57681e-14 2.25014e-14 1.41395e-14 8.87515e-15 5.5648e-15 3.48549e-15 2.18086e-15 1.36318e-15 8.51231e-16 5.31032e-16 3.30963e-16 2.0608e-16 1.28202e-16 7.96825e-17 4.94825e-17 3.0702e-17 1.90333e-17 1.17897e-17 7.29692e-18 4.51262e-18 2.78855e-18 1.72185e-18 1.06239e-18 6.5501e-19 4.03551e-19 2.48449e-19 1.52852e-19 9.39732e-20 5.77355e-20 3.54479e-20 2.17497e-20
0.000125972 0.000259871 0.000383033 0.000477055 0.000534325 0.000555318 0.000545458 0.000512427 0.000464227 0.000407991 0.00034942 0.000292644 0.000240343 0.000193999 0.000154187 0.000120851 9.35341e-05 7.15642e-05 5.41807e-05 4.06239e-05 3.01874e-05 2.22462e-05 1.62676e-05 1.18101e-05 8.51606e-06 6.10189e-06 4.34601e-06 3.07798e-06 2.16832e-06 1.5198e-06 1.06016e-06 7.36162e-07 5.08973e-07 3.50446e-07 2.40345e-07 1.64215e-07 1.11795e-07 7.58461e-08 5.12866e-08 3.45696e-08 2.32304e-08 1.55647e-08 1.03991e-08 6.92896e-09 4.60466e-09 3.05228e-09 2.0183e-09 1.33143e-09 8.76308e-10 5.75481e-10 3.77114e-10 2.4661e-10 1.60944e-10 1.0483e-10 6.81511e-11 4.42241e-11 2.86462e-11 1.85233e-11 1.19573e-11 7.70607e-12 4.95833e-12 3.18537e-12 2.04326e-12 1.30871e-12 8.37017e-13 5.3458e-13 3.40953e-13 2.17166e-13 1.38141e-13 8.77595e-14 5.56831e-14 3.52876e-14 2.23358e-14 1.41213e-14 8.91766e-15 5.62525e-15 3.54452e-15 2.23104e-15 1.40282e-15 8.81153e-16 5.52921e-16 3.46615e-16 2.17076e-16 1.3582e-16 8.49012e-17 5.30234e-17 3.30852e-17 2.06262e-17 1.28478e-17 7.99603e-18 4.97232e-18 3.08951e-18 1.91811e-18 1.18992e-18 7.37606e-19 4.56881e-19 2.82786e-19 1.74902e-19 1.08098e-19 6.67629e-20 4.12049e-20
7.12018e-05 0.00015577 0.000239852 0.000309861 0.000358397 0.00038344 0.000386795 0.000372477 0.000345363 0.00031025 0.000271297 0.00023177 0.000193999 0.000159476 0.000128996 0.000102836 8.0909e-05 6.28974e-05 4.83603e-05 3.68084e-05 2.77548e-05 2.0747e-05 1.53836e-05 1.13209e-05 8.27235e-06 6.00469e-06 4.33147e-06 3.10611e-06 2.21501e-06 1.57123e-06 1.10898e-06 7.79008e-07 5.44739e-07 3.79277e-07 2.62986e-07 1.81633e-07 1.24973e-07 8.56777e-08 5.85345e-08 3.98574e-08 2.7053e-08 1.83056e-08 1.23499e-08 8.30815e-09 5.57374e-09 3.72935e-09 2.48888e-09 1.6569e-09 1.10038e-09 7.29091e-10 4.81994e-10 3.17946e-10 2.09289e-10 1.37482e-10 9.01325e-11 5.8976e-11 3.8517e-11 2.51094e-11 1.63398e-11 1.06146e-11 6.88387e-12 4.45705e-12 2.88116e-12 1.85957e-12 1.19838e-12 7.71145e-13 4.95505e-13 3.17942e-13 2.03727e-13 1.30367e-13 8.33128e-14 5.3174e-14 3.38954e-14 2.15799e-14 1.37226e-14 8.71589e-15 5.52952e-15 3.50408e-15 2.2181e-15 1.40255e-15 8.85924e-16 5.59016e-16 3.52379e-16 2.21902e-16 1.39601e-16 8.77407e-17 5.50939e-17 3.45625e-17 2.16628e-17 1.35655e-17 8.48747e-18 5.30577e-18 3.314e-18 2.06822e-18 1.2897e-18 8.03588e-19 5.00308e-19 3.11247e-19 1.93483e-19 1.20187e-19 7.46026e-20
4.02445e-05 9.30668e-05 0.000149396 0.000199875 0.000238412 0.000262267 0.000271413 0.000267654 0.000253768 0.000232823 0.000207708 0.000180867 0.000154187 0.000128996 0.000106124 8.59975e-05 6.87397e-05 5.42631e-05 4.23477e-05 3.27022e-05 2.50088e-05 1.8953e-05 1.42432e-05 1.06199e-05 7.86014e-06 5.77743e-06 4.219e-06 3.06206e-06 2.2095e-06 1.58556e-06 1.13188e-06 8.04011e-07 5.68421e-07 4.00055e-07 2.8035e-07 1.95657e-07 1.36012e-07 9.41938e-08 6.49972e-08 4.46948e-08 3.06316e-08 2.09259e-08 1.42513e-08 9.67678e-09 6.55174e-09 4.4236e-09 2.97872e-09 2.00058e-09 1.34027e-09 8.95725e-10 5.9722e-10 3.97287e-10 2.63702e-10 1.74658e-10 1.15441e-10 7.61474e-11 5.01296e-11 3.29385e-11 2.16025e-11 1.41423e-11 9.24208e-12 6.02941e-12 3.92693e-12 2.55343e-12 1.65769e-12 1.07451e-12 6.95442e-13 4.49438e-13 2.90036e-13 1.86906e-13 1.2028e-13 7.73007e-14 4.96135e-14 3.18023e-14 2.03596e-14 1.30181e-14 8.3138e-15 5.30322e-15 3.37892e-15 2.15043e-15 1.36707e-15 8.68125e-16 5.50696e-16 3.48969e-16 2.20911e-16 1.39705e-16 8.82627e-17 5.57086e-17 3.51281e-17 2.213e-17 1.39287e-17 8.75891e-18 5.50307e-18 3.45448e-18 2.16666e-18 1.35779e-18 8.50196e-19 5.31928e-19 3.32537e-19 2.07725e-19 1.29658e-19
2.27469e-05 5.5442e-05 9.26113e-05 0.000128129 0.000157421 0.000177868 0.000188656 0.000190352 0.000184398 0.000172651 0.00015703 0.000139281 0.000120851 0.000102836 8.59975e-05 7.07974e-05 5.74617e-05 4.60377e-05 3.64494e-05 2.85442e-05 2.21286e-05 1.69947e-05 1.29383e-05 9.76997e-06 7.32127e-06 5.44701e-06 4.02524e-06 2.95564e-06 2.1572e-06 1.56547e-06 1.1299e-06 8.11325e-07 5.79716e-07 4.12289e-07 2.91907e-07 2.05793e-07 1.4449e-07 1.01051e-07 7.0406e-08 4.88775e-08 3.38141e-08 2.3315e-08 1.60241e-08 1.09791e-08 7.4999e-09 5.10846e-09 3.46986e-09 2.35051e-09 1.58809e-09 1.07027e-09 7.19523e-10 4.82576e-10 3.22914e-10 2.15594e-10 1.4363e-10 9.54855e-11 6.3349e-11 4.19448e-11 2.77188e-11 1.82831e-11 1.20373e-11 7.91104e-12 5.19014e-12 3.39928e-12 2.22267e-12 1.45098e-12 9.45722e-13 6.15454e-13 3.99922e-13 2.59487e-13 1.68125e-13 1.08778e-13 7.02835e-14 4.53505e-14 2.92241e-14 1.88079e-14 1.20891e-14 7.76093e-15 4.97633e-15 3.18706e-15 2.03877e-15 1.30273e-15 8.31488e-16 5.30132e-16 3.37635e-16 2.1481e-16 1.36526e-16 8.66832e-17 5.49825e-17 3.4841e-17 2.20567e-17 1.39503e-17 8.81506e-18 5.5651e-18 3.51021e-18 2.21214e-18 1.39289e-18 8.76307e-19 5.50848e-19 3.45981e-19 2.17132e-19
1.28569e-05 3.29414e-05 5.71636e-05 8.16774e-05 0.000103248 0.000119705 0.000130015 0.000134116 0.000132646 0.000126657 0.000117367 0.000105973 9.35341e-05 8.0909e-05 6.87397e-05 5.74617e-05 4.73334e-05 3.84712e-05 3.08864e-05 2.4518e-05 1.926e-05 1.49834e-05 1.15514e-05 8.83051e-06 6.69726e-06 5.0417e-06 3.76888e-06 2.79883e-06 2.06549e-06 1.5153e-06 1.10542e-06 8.02118e-07 5.79076e-07 4.1603e-07 2.97508e-07 2.11811e-07 1.5016e-07 1.06022e-07 7.45656e-08 5.22462e-08 3.64759e-08 2.53776e-08 1.75972e-08 1.2163e-08 8.38083e-09 5.75745e-09 3.94381e-09 2.69391e-09 1.83516e-09 1.24688e-09 8.45027e-10 5.71276e-10 3.85285e-10 2.59246e-10 1.74045e-10 1.1659e-10 7.79358e-11 5.19893e-11 3.46112e-11 2.29969e-11 1.52508e-11 1.0095e-11 6.67018e-12 4.39947e-12 2.89678e-12 1.90415e-12 1.24961e-12 8.18749e-13 5.35611e-13 3.49852e-13 2.28177e-13 1.48602e-13 9.66399e-14 6.276e-14 4.0702e-14 2.63614e-14 1.70511e-14 1.10149e-14 7.10661e-15 4.57942e-15 2.94737e-15 1.89473e-15 1.21662e-15 7.80315e-16 4.99921e-16 3.19932e-16 2.04526e-16 1.30611e-16 8.33231e-17 5.31018e-17 3.38081e-17 2.15033e-17 1.36639e-17 8.67425e-18 5.50156e-18 3.48613e-18 2.20705e-18 1.39604e-18 8.82278e-19 5.57113e-19 3.51492e-19
7.26697e-06 1.9526e-05 3.51463e-05 5.18012e-05 6.73048e-05 8.00001e-05 8.89063e-05 9.36917e-05 9.4545e-05 9.20083e-05 8.68143e-05 7.9751e-05 7.15642e-05 6.28974e-05 5.42631e-05 4.60377e-05 3.84712e-05 3.17066e-05 2.58021e-05 2.07534e-05 1.65131e-05 1.3008e-05 1.01516e-05 7.85359e-06 6.02624e-06 4.58866e-06 3.46882e-06 2.60441e-06 1.9428e-06 1.44042e-06 1.06176e-06 7.78326e-07 5.67558e-07 4.11793e-07 2.97349e-07 2.13728e-07 1.52951e-07 1.08997e-07 7.73609e-08 5.46948e-08 3.85258e-08 2.70395e-08 1.89123e-08 1.31839e-08 9.16104e-09 6.34598e-09 4.38278e-09 3.01815e-09 2.07259e-09 1.4194e-09 9.69512e-10 6.6053e-10 4.48907e-10 3.04352e-10 2.05865e-10 1.38933e-10 9.35555e-11 6.28642e-11 4.21532e-11 2.82083e-11 1.88393e-11 1.25579e-11 8.3551e-12 5.54872e-12 3.67839e-12 2.43426e-12 1.60819e-12 1.06069e-12 6.98448e-13 4.5919e-13 3.01424e-13 1.97563e-13 1.29298e-13 8.4498e-14 5.51426e-14 3.59357e-14 2.3387e-14 1.52001e-14 9.86621e-15 6.3959e-15 4.14104e-15 2.67784e-15 1.72957e-15 1.11578e-15 7.18981e-16 4.62768e-16 2.97526e-16 1.91079e-16 1.22584e-16 7.85594e-17 5.02936e-17 3.21651e-17 2.05506e-17 1.31171e-17 8.36433e-18 5.3286e-18 3.39149e-18 2.1566e-18 1.37011e-18 8.6968e-19 5.51547e-19
4.10742e-06 1.15491e-05 2.15325e-05 3.27006e-05 4.36301e-05 5.3124e-05 6.03638e-05 6.49437e-05 6.68234e-05 6.62396e-05 6.36054e-05 5.94171e-05 5.41807e-05 4.83603e-05 4.23477e-05 3.64494e-05 3.08864e-05 2.58021e-05 2.1275e-05 1.73323e-05 1.39639e-05 1.11345e-05 8.79323e-06 6.88206e-06 5.34103e-06 4.11234e-06 3.14276e-06 2.38492e-06 1.7978e-06 1.34668e-06 1.00273e-06 7.42385e-07 5.46656e-07 4.00452e-07 2.91903e-07 2.11773e-07 1.52946e-07 1.09981e-07 7.87566e-08 5.61719e-08 3.99097e-08 2.82508e-08 1.99265e-08 1.40068e-08 9.81304e-09 6.85293e-09 4.77094e-09 3.31154e-09 2.2919e-09 1.58177e-09 1.0887e-09 7.47359e-10 5.11727e-10 3.49517e-10 2.3815e-10 1.61889e-10 1.09797e-10 7.43028e-11 5.01744e-11 3.38102e-11 2.27366e-11 1.52594e-11 1.02214e-11 6.83371e-12 4.5604e-12 3.03785e-12 2.02007e-12 1.34098e-12 8.88685e-13 5.8798e-13 3.88402e-13 2.56165e-13 1.68691e-13 1.10921e-13 7.28285e-14 4.77489e-14 3.12619e-14 2.04394e-14 1.33456e-14 8.70226e-15 5.66715e-15 3.68592e-15 2.39434e-15 1.55344e-15 1.00667e-15 6.51576e-16 4.21254e-16 2.72039e-16 1.75483e-16 1.13075e-16 7.27831e-17 4.67991e-17 3.00605e-17 1.92891e-17 1.2365e-17 7.91863e-18 5.06624e-18 3.23824e-18 2.06789e-18 1.31931e-18 8.40952e-19
2.32158e-06 6.8175e-06 1.3149e-05 2.0555e-05 2.81385e-05 3.50702e-05 4.0717e-05 4.46951e-05 4.68659e-05 4.72951e-05 4.61941e-05 4.38602e-05 4.06239e-05 3.68084e-05 3.27022e-05 2.85442e-05 2.4518e-05 2.07534e-05 1.73323e-05 1.42971e-05 1.16592e-05 9.40737e-06 7.51562e-06 5.94895e-06 4.66816e-06 3.63337e-06 2.80631e-06 2.15186e-06 1.63874e-06 1.23989e-06 9.32346e-07 6.9698e-07 5.18125e-07 3.83118e-07 2.8185e-07 2.06342e-07 1.5036e-07 1.09077e-07 7.87895e-08 5.66779e-08 4.06103e-08 2.89869e-08 2.06143e-08 1.46082e-08 1.03167e-08 7.26182e-09 5.09524e-09 3.56404e-09 2.48555e-09 1.7284e-09 1.19853e-09 8.28844e-10 5.71676e-10 3.93292e-10 2.69898e-10 1.84771e-10 1.26197e-10 8.59944e-11 5.8469e-11 3.96681e-11 2.68559e-11 1.81446e-11 1.22344e-11 8.23328e-12 5.53012e-12 3.70756e-12 2.48115e-12 1.65749e-12 1.10533e-12 7.35873e-13 4.89096e-13 3.24551e-13 2.15023e-13 1.42237e-13 9.39477e-14 6.19604e-14 4.08049e-14 2.68344e-14 1.76225e-14 1.15571e-14 7.56924e-15 4.95091e-15 3.23414e-15 2.11001e-15 1.37491e-15 8.94816e-16 5.81671e-16 3.7767e-16 2.44934e-16 1.5867e-16 1.02674e-16 6.63672e-17 4.28531e-17 2.7641e-17 1.78105e-17 1.14646e-17 7.37234e-18 4.73616e-18 3.03968e-18 1.94902e-18 1.24853e-18
1.3122e-06 4.01714e-06 8.00556e-06 1.28698e-05 1.80619e-05 2.30268e-05 2.72992e-05 3.05569e-05 3.26349e-05 3.35116e-05 3.3278e-05 3.21009e-05 3.01874e-05 2.77548e-05 2.50088e-05 2.21286e-05 1.926e-05 1.65131e-05 1.39639e-05 1.16592e-05 9.62099e-06 7.85288e-06 6.3448e-06 5.0778e-06 4.02773e-06 3.16816e-06 2.47243e-06 1.91516e-06 1.47307e-06 1.12549e-06 8.54481e-07 6.44827e-07 4.83824e-07 3.61036e-07 2.68002e-07 1.97947e-07 1.45505e-07 1.06465e-07 7.75572e-08 5.62592e-08 4.06437e-08 2.92474e-08 2.09671e-08 1.49763e-08 1.06597e-08 7.56144e-09 5.34611e-09 3.76783e-09 2.64734e-09 1.85452e-09 1.29539e-09 9.0231e-10 6.26801e-10 4.34269e-10 3.00106e-10 2.06876e-10 1.42264e-10 9.7602e-11 6.68077e-11 4.56274e-11 3.10944e-11 2.11456e-11 1.43503e-11 9.71915e-12 6.56966e-12 4.43227e-12 2.98468e-12 2.00621e-12 1.3461e-12 9.01622e-13 6.02879e-13 4.0245e-13 2.68217e-13 1.78471e-13 1.18569e-13 7.86523e-14 5.20957e-14 3.44552e-14 2.27554e-14 1.50074e-14 9.8838e-15 6.50065e-15 4.26986e-15 2.80095e-15 1.83503e-15 1.2007e-15 7.84685e-16 5.1219e-16 3.33927e-16 2.17454e-16 1.41445e-16 9.19006e-17 5.96445e-17 3.8668e-17 2.50421e-17 1.62007e-17 1.047e-17 6.75963e-18 4.35979e-18 2.80919e-18 1.80833e-18
7.41678e-07 2.36313e-06 4.86059e-06 8.02872e-06 1.15432e-05 1.50435e-05 1.82008e-05 2.07632e-05 2.25751e-05 2.35775e-05 2.37938e-05 2.33089e-05 2.22462e-05 2.0747e-05 1.8953e-05 1.69947e-05 1.49834e-05 1.3008e-05 1.11345e-05 9.40737e-06 7.85288e-06 6.48224e-06 5.29527e-06 4.28365e-06 3.43374e-06 2.72889e-06 2.15124e-06 1.68295e-06 1.3071e-06 1.00826e-06 7.72687e-07 5.885e-07 4.45581e-07 3.35477e-07 2.51225e-07 1.87167e-07 1.38758e-07 1.02384e-07 7.5204e-08 5.49992e-08 4.00546e-08 2.90534e-08 2.0992e-08 1.51106e-08 1.08378e-08 7.7461e-09 5.5177e-09 3.91755e-09 2.77267e-09 1.95638e-09 1.37632e-09 9.65462e-10 6.75366e-10 4.71157e-10 3.2783e-10 2.27521e-10 1.57512e-10 1.08781e-10 7.49503e-11 5.15224e-11 3.53386e-11 2.41856e-11 1.65174e-11 1.12572e-11 7.6567e-12 5.19753e-12 3.52141e-12 2.38134e-12 1.60742e-12 1.08307e-12 7.28491e-13 4.89155e-13 3.27899e-13 2.19443e-13 1.46624e-13 9.7815e-14 6.51535e-14 4.33326e-14 2.87773e-14 1.90834e-14 1.2637e-14 8.3566e-15 5.51851e-15 3.63942e-15 2.39702e-15 1.57671e-15 1.03581e-15 6.79629e-16 4.45382e-16 2.91523e-16 1.90591e-16 1.2446e-16 8.11823e-17 5.28944e-17 3.44255e-17 2.23812e-17 1.45353e-17 9.42999e-18 6.11156e-18 3.9569e-18 2.55932e-18
4.19209e-07 1.388e-06 2.94357e-06 4.99179e-06 7.34732e-06 9.78225e-06 1.20718e-05 1.40282e-05 1.55203e-05 1.64792e-05 1.68939e-05 1.68004e-05 1.62676e-05 1.53836e-05 1.42432e-05 1.29383e-05 1.15514e-05 1.01516e-05 8.79323e-06 7.51562e-06 6.3448e-06 5.29527e-06 4.37236e-06 3.57439e-06 2.8948e-06 2.32386e-06 1.85011e-06 1.46144e-06 1.1459e-06 8.92193e-07 6.90037e-07 5.30309e-07 4.05097e-07 3.07668e-07 2.32387e-07 1.74603e-07 1.30526e-07 9.71043e-08 7.19054e-08 5.30084e-08 3.89101e-08 2.84435e-08 2.07096e-08 1.50208e-08 1.08543e-08 7.81543e-09 5.6079e-09 4.01045e-09 2.85876e-09 2.03141e-09 1.43911e-09 1.0165e-09 7.15944e-10 5.02853e-10 3.52233e-10 2.46081e-10 1.71482e-10 1.19201e-10 8.26589e-11 5.71845e-11 3.94703e-11 2.71827e-11 1.86796e-11 1.28092e-11 8.76546e-12 5.98617e-12 4.08004e-12 2.77551e-12 1.88453e-12 1.27721e-12 8.64051e-13 5.83515e-13 3.93383e-13 2.64757e-13 1.77894e-13 1.19337e-13 7.99285e-14 5.34509e-14 3.56901e-14 2.37955e-14 1.58419e-14 1.05317e-14 6.99169e-15 4.63519e-15 3.06878e-15 2.02903e-15 1.33982e-15 8.83583e-16 5.81976e-16 3.8285e-16 2.51551e-16 1.65084e-16 1.08213e-16 7.08521e-17 4.63379e-17 3.02718e-17 1.97545e-17 1.28773e-17 8.38548e-18 5.45479e-18 3.54474e-18
2.36944e-07 8.14095e-07 1.77838e-06 3.09389e-06 4.65896e-06 6.33348e-06 7.96791e-06 9.42761e-06 1.0609e-05 1.14473e-05 1.19168e-05 1.20261e-05 1.18101e-05 1.13209e-05 1.06199e-05 9.76997e-06 8.83051e-06 7.85359e-06 6.88206e-06 5.94895e-06 5.0778e-06 4.28365e-06 3.57439e-06 2.95222e-06 2.41507e-06 1.95793e-06 1.5739e-06 1.25509e-06 9.93287e-07 7.80461e-07 6.0906e-07 4.72222e-07 3.63868e-07 2.78724e-07 2.12302e-07 1.60838e-07 1.21221e-07 9.09097e-08 6.78541e-08 5.04144e-08 3.72925e-08 2.74693e-08 2.01512e-08 1.47246e-08 1.07186e-08 7.77382e-09 5.61812e-09 4.04627e-09 2.90453e-09 2.07826e-09 1.48241e-09 1.05419e-09 7.47478e-10 5.28491e-10 3.72627e-10 2.62024e-10 1.83769e-10 1.28557e-10 8.97108e-11 6.24518e-11 4.33734e-11 3.00543e-11 2.07788e-11 1.43346e-11 9.86802e-12 6.7791e-12 4.64766e-12 3.18007e-12 2.1717e-12 1.48028e-12 1.00712e-12 6.8397e-13 4.63686e-13 3.13805e-13 2.12012e-13 1.43002e-13 9.62978e-14 6.47442e-14 4.34619e-14 2.91308e-14 1.9496e-14 1.30287e-14 8.69426e-15 5.79361e-15 3.85536e-15 2.56205e-15 1.70033e-15 1.12695e-15 7.4597e-16 4.93159e-16 3.25621e-16 2.14738e-16 1.41443e-16 9.3056e-17 6.11508e-17 4.01389e-17 2.63173e-17 1.72361e-17 1.12762e-17 7.3693e-18 4.81096e-18
1.33925e-07 4.76856e-07 1.07205e-06 1.91197e-06 2.94385e-06 4.08397e-06 5.23536e-06 6.30434e-06 7.21293e-06 7.90623e-06 8.3548e-06 8.55324e-06 8.51606e-06 8.27235e-06 7.86014e-06 7.32127e-06 6.69726e-06 6.02624e-06 5.34103e-06 4.66816e-06 4.02773e-06 3.43374e-06 2.8948e-06 2.41507e-06 1.9952e-06 1.6332e-06 1.32533e-06 1.06671e-06 8.51921e-07 6.75395e-07 5.31719e-07 4.15834e-07 3.23152e-07 2.49614e-07 1.91701e-07 1.46414e-07 1.11235e-07 8.40804e-08 6.32461e-08 4.73522e-08 3.52932e-08 2.61914e-08 1.93558e-08 1.42467e-08 1.04454e-08 7.6297e-09 5.55278e-09 4.02705e-09 2.91063e-09 2.09679e-09 1.50569e-09 1.07788e-09 7.69306e-10 5.4747e-10 3.88499e-10 2.74931e-10 1.9404e-10 1.36593e-10 9.59093e-11 6.7177e-11 4.69391e-11 3.27212e-11 2.27578e-11 1.57929e-11 1.09357e-11 7.55631e-12 5.2104e-12 3.58551e-12 2.46247e-12 1.68791e-12 1.1548e-12 7.88606e-13 5.37559e-13 3.65782e-13 2.48465e-13 1.68488e-13 1.14065e-13 7.70947e-14 5.20241e-14 3.50513e-14 2.35797e-14 1.58386e-14 1.06232e-14 7.11484e-15 4.75836e-15 3.17792e-15 2.11951e-15 1.4117e-15 9.39023e-16 6.23802e-16 4.1387e-16 2.74244e-16 1.815e-16 1.19975e-16 7.92112e-17 5.22366e-17 3.44084e-17 2.26393e-17 1.48791e-17 9.76823e-18 6.406e-18
7.56968e-08 2.78975e-07 6.44921e-07 1.17834e-06 1.85399e-06 2.62344e-06 3.42532e-06 4.19615e-06 4.87929e-06 5.4311e-06 5.82396e-06 6.04651e-06 6.10189e-06 6.00469e-06 5.77743e-06 5.44701e-06 5.0417e-06 4.58866e-06 4.11234e-06 3.63337e-06 3.16816e-06 2.72889e-06 2.32386e-06 1.95793e-06 1.6332e-06 1.34957e-06 1.10535e-06 8.97777e-07 7.23427e-07 5.78572e-07 4.59432e-07 3.62356e-07 2.83949e-07 2.21138e-07 1.71208e-07 1.31806e-07 1.00924e-07 7.68786e-08 5.82711e-08 4.39565e-08 3.3006e-08 2.4674e-08 1.83667e-08 1.36154e-08 1.00532e-08 7.39456e-09 5.41882e-09 3.95674e-09 2.87911e-09 2.08793e-09 1.50923e-09 1.08747e-09 7.81171e-10 5.5947e-10 3.99529e-10 2.84508e-10 2.02046e-10 1.43103e-10 1.01092e-10 7.12343e-11 5.00715e-11 3.51115e-11 2.45635e-11 1.71451e-11 1.19405e-11 8.29774e-12 5.75407e-12 3.98188e-12 2.74993e-12 1.89537e-12 1.30384e-12 8.95228e-13 6.13531e-13 4.19712e-13 2.86612e-13 1.95381e-13 1.32963e-13 9.03344e-14 6.12726e-14 4.14937e-14 2.80554e-14 1.89401e-14 1.2767e-14 8.59317e-15 5.77544e-15 3.87611e-15 2.59776e-15 1.73861e-15 1.16204e-15 7.75639e-16 5.1705e-16 3.4423e-16 2.28885e-16 1.52001e-16 1.0082e-16 6.67927e-17 4.41975e-17 2.92121e-17 1.92856e-17 1.27179e-17 8.3776e-18
4.27851e-08 1.63021e-07 3.87219e-07 7.24343e-07 1.164e-06 1.67922e-06 2.23213e-06 2.78072e-06 3.28504e-06 3.71193e-06 4.0379e-06 4.25014e-06 4.34601e-06 4.33147e-06 4.219e-06 4.02524e-06 3.76888e-06 3.46882e-06 3.14276e-06 2.80631e-06 2.47243e-06 2.15124e-06 1.85011e-06 1.5739e-06 1.32533e-06 1.10535e-06 9.13583e-07 7.48661e-07 6.08569e-07 4.90912e-07 3.93129e-07 3.12648e-07 2.47007e-07 1.93921e-07 1.5133e-07 1.17415e-07 9.05993e-08 6.95387e-08 5.31031e-08 4.03545e-08 3.05227e-08 2.2982e-08 1.7229e-08 1.28619e-08 9.56276e-09 7.08205e-09 5.22501e-09 3.84079e-09 2.81327e-09 2.05356e-09 1.49401e-09 1.08341e-09 7.83192e-10 5.64441e-10 4.05586e-10 2.906e-10 2.0763e-10 1.47946e-10 1.05138e-10 7.45243e-11 5.26916e-11 3.71637e-11 2.61491e-11 1.83561e-11 1.28563e-11 8.98432e-12 6.26486e-12 4.3593e-12 3.02706e-12 2.09771e-12 1.45081e-12 1.00146e-12 6.89975e-13 4.7449e-13 3.2571e-13 2.23184e-13 1.52665e-13 1.04249e-13 7.10693e-14 4.83702e-14 3.28682e-14 2.22992e-14 1.51053e-14 1.02167e-14 6.89999e-15 4.65318e-15 3.13349e-15 2.10714e-15 1.41501e-15 9.48931e-16 6.35521e-16 4.25064e-16 2.83935e-16 1.89423e-16 1.26214e-16 8.39936e-17 5.58294e-17 3.7065e-17 2.45787e-17 1.628e-17 1.07711e-17
2.41829e-08 9.51607e-08 2.32069e-07 4.44191e-07 7.2867e-07 1.07123e-06 1.44911e-06 1.83514e-06 2.20182e-06 2.52482e-06 2.78536e-06 2.97145e-06 3.07798e-06 3.10611e-06 3.06206e-06 2.95564e-06 2.79883e-06 2.60441e-06 2.38492e-06 2.15186e-06 1.91516e-06 1.68295e-06 1.46144e-06 1.25509e-06 1.06671e-06 8.97777e-07 7.48661e-07 6.18897e-07 5.07423e-07 4.12787e-07 3.33317e-07 2.6725e-07 2.12841e-07 1.68422e-07 1.32457e-07 1.03562e-07 8.05157e-08 6.22607e-08 4.78956e-08 3.66617e-08 2.79285e-08 2.11776e-08 1.59872e-08 1.20172e-08 8.99573e-09 6.70701e-09 4.98127e-09 3.68574e-09 2.71728e-09 1.99626e-09 1.46157e-09 1.06657e-09 7.75828e-10 5.62586e-10 4.06723e-10 2.93178e-10 2.10727e-10 1.51043e-10 1.07971e-10 7.69776e-11 5.47402e-11 3.88293e-11 2.74759e-11 1.93958e-11 1.36601e-11 9.59876e-12 6.72996e-12 4.70835e-12 3.28704e-12 2.29004e-12 1.59222e-12 1.10485e-12 7.65173e-13 5.28926e-13 3.64942e-13 2.51341e-13 1.72795e-13 1.18588e-13 8.1247e-14 5.55708e-14 3.79466e-14 2.58702e-14 1.76092e-14 1.19676e-14 8.12107e-15 5.50263e-15 3.72298e-15 2.51528e-15 1.69694e-15 1.14326e-15 7.69184e-16 5.16812e-16 3.46786e-16 2.32396e-16 1.5554e-16 1.0397e-16 6.94134e-17 4.6286e-17 3.08275e-17 2.05077e-17 1.36267e-17
1.36686e-08 5.54924e-08 1.38847e-07 2.71775e-07 4.54898e-07 6.81207e-07 9.37436e-07 1.20638e-06 1.46956e-06 1.7096e-06 1.91214e-06 2.06694e-06 2.16832e-06 2.21501e-06 2.2095e-06 2.1572e-06 2.06549e-06 1.9428e-06 1.7978e-06 1.63874e-06 1.47307e-06 1.3071e-06 1.1459e-06 9.93287e-07 8.51921e-07 7.23427e-07 6.08569e-07 5.07423e-07 4.19549e-07 3.4414e-07 2.80156e-07 2.26432e-07 1.81759e-07 1.44947e-07 1.14869e-07 9.04888e-08 7.08753e-08 5.52083e-08 4.27777e-08 3.29781e-08 2.52994e-08 1.93174e-08 1.46831e-08 1.11119e-08 8.37375e-09 6.28463e-09 4.69813e-09 3.49874e-09 2.59592e-09 1.91918e-09 1.41394e-09 1.0382e-09 7.59822e-10 5.54324e-10 4.03157e-10 2.92336e-10 2.11361e-10 1.52381e-10 1.09557e-10 7.85557e-11 5.61793e-11 4.00742e-11 2.85148e-11 2.02405e-11 1.43331e-11 1.01263e-11 7.13807e-12 5.02053e-12 3.52355e-12 2.46771e-12 1.72469e-12 1.20296e-12 8.37395e-13 5.81796e-13 4.03449e-13 2.79255e-13 1.92941e-13 1.33068e-13 9.16149e-14 6.29674e-14 4.32053e-14 2.95967e-14 2.02418e-14 1.38219e-14 9.4235e-15 6.41496e-15 4.36039e-15 2.9595e-15 2.00578e-15 1.35748e-15 9.17438e-16 6.19192e-16 4.1734e-16 2.80917e-16 1.88844e-16 1.26786e-16 8.5014e-17 5.69342e-17 3.80826e-17 2.54424e-17 1.69777e-17
7.72573e-09 3.23295e-08 8.29382e-08 1.65927e-07 2.83249e-07 4.31891e-07 6.04397e-07 7.90132e-07 9.76915e-07 1.15265e-06 1.30671e-06 1.43086e-06 1.5198e-06 1.57123e-06 1.58556e-06 1.56547e-06 1.5153e-06 1.44042e-06 1.34668e-06 1.23989e-06 1.12549e-06 1.00826e-06 8.92193e-07 7.80461e-07 6.75395e-07 5.78572e-07 4.90912e-07 4.12787e-07 3.4414e-07 2.8459e-07 2.33539e-07 1.90245e-07 1.53898e-07 1.23668e-07 9.87438e-08 7.83636e-08 6.18273e-08 4.85078e-08 3.78534e-08 2.93866e-08 2.27003e-08 1.74515e-08 1.33544e-08 1.01737e-08 7.71732e-09 5.8297e-09 4.3861e-09 3.28715e-09 2.45429e-09 1.82576e-09 1.3534e-09 9.99807e-10 7.36137e-10 5.40251e-10 3.95245e-10 2.88276e-10 2.09633e-10 1.52003e-10 1.09907e-10 7.92505e-11 5.69927e-11 4.08794e-11 2.92473e-11 2.08732e-11 1.48608e-11 1.05553e-11 7.47987e-12 5.28859e-12 3.73103e-12 2.62653e-12 1.8451e-12 1.2935e-12 9.04968e-13 6.31895e-13 4.4037e-13 3.06315e-13 2.12674e-13 1.47391e-13 1.01966e-13 7.0418e-14 4.85476e-14 3.34136e-14 2.29595e-14 1.57508e-14 1.07883e-14 7.37782e-15 5.03778e-15 3.43478e-15 2.3384e-15 1.58968e-15 1.07916e-15 7.31561e-16 4.95245e-16 3.34813e-16 2.26052e-16 1.52422e-16 1.02643e-16 6.90333e-17 4.63713e-17 3.11106e-17 2.0847e-17
4.36671e-09 1.88182e-08 4.94668e-08 1.01099e-07 1.75936e-07 2.73046e-07 3.88437e-07 5.15697e-07 6.46965e-07 7.73995e-07 8.89123e-07 9.8602e-07 1.06016e-06 1.10898e-06 1.13188e-06 1.1299e-06 1.10542e-06 1.06176e-06 1.00273e-06 9.32346e-07 8.54481e-07 7.72687e-07 6.90037e-07 6.0906e-07 5.31719e-07 4.59432e-07 3.93129e-07 3.33317e-07 2.80156e-07 2.33539e-07 1.93158e-07 1.58572e-07 1.29257e-07 1.04648e-07 8.41763e-08 6.72904e-08 5.34728e-08 4.22507e-08 3.32013e-08 2.59531e-08 2.01846e-08 1.56219e-08 1.20338e-08 9.22779e-09 7.04515e-09 5.35604e-09 4.05526e-09 3.05824e-09 2.29751e-09 1.71961e-09 1.28244e-09 9.53067e-10 7.05888e-10 5.21095e-10 3.83448e-10 2.81283e-10 2.05715e-10 1.50005e-10 1.09069e-10 7.90827e-11 5.71846e-11 4.12405e-11 2.96649e-11 2.12846e-11 1.52341e-11 1.08773e-11 7.74833e-12 5.50675e-12 3.90488e-12 2.76291e-12 1.95072e-12 1.37439e-12 9.66347e-13 6.78083e-13 4.74874e-13 3.31922e-13 2.31565e-13 1.61252e-13 1.12086e-13 7.77723e-14 5.38693e-14 3.7249e-14 2.57134e-14 1.7721e-14 1.21932e-14 8.37636e-15 5.74537e-15 3.93474e-15 2.69068e-15 1.83725e-15 1.25269e-15 8.529e-16 5.7989e-16 3.93726e-16 2.66966e-16 1.80775e-16 1.2225e-16 8.25664e-17 5.56936e-17 3.75202e-17 2.52459e-17
2.46814e-09 1.09444e-08 2.94611e-08 6.14812e-08 1.09026e-07 1.72159e-07 2.4889e-07 3.35465e-07 4.26916e-07 5.17729e-07 6.02509e-07 6.76537e-07 7.36162e-07 7.79008e-07 8.04011e-07 8.11325e-07 8.02118e-07 7.78326e-07 7.42385e-07 6.9698e-07 6.44827e-07 5.885e-07 5.30309e-07 4.72222e-07 4.15834e-07 3.62356e-07 3.12648e-07 2.6725e-07 2.26432e-07 1.90245e-07 1.58572e-07 1.31173e-07 1.07727e-07 8.78623e-08 7.11895e-08 5.73175e-08 4.58702e-08 3.64967e-08 2.88772e-08 2.27263e-08 1.77936e-08 1.38625e-08 1.07483e-08 8.29531e-09 6.37366e-09 4.8761e-09 3.7149e-09 2.81883e-09 2.13057e-09 1.60428e-09 1.20356e-09 8.99732e-10 6.7028e-10 4.97672e-10 3.6831e-10 2.71711e-10 1.9983e-10 1.46525e-10 1.07126e-10 7.80982e-11 5.67784e-11 4.11672e-11 2.97697e-11 2.14724e-11 1.54488e-11 1.10878e-11 7.93886e-12 5.67093e-12 4.04164e-12 2.87402e-12 2.03926e-12 1.44387e-12 1.02017e-12 7.19335e-13 5.06194e-13 3.55509e-13 2.492e-13 1.74352e-13 1.2176e-13 8.48778e-14 5.90626e-14 4.10275e-14 2.84508e-14 1.96964e-14 1.36133e-14 9.39373e-15 6.47178e-15 4.45177e-15 3.05757e-15 2.09685e-15 1.43588e-15 9.8183e-16 6.70402e-16 4.57114e-16 3.11253e-16 2.11648e-16 1.43725e-16 9.74726e-17 6.60192e-17 4.46586e-17 3.01715e-17
1.39504e-09 6.36009e-09 1.75224e-08 3.73206e-08 6.74135e-08 1.08271e-07 1.59018e-07 2.17536e-07 2.80749e-07 3.45042e-07 4.06696e-07 4.62282e-07 5.08973e-07 5.44739e-07 5.68421e-07 5.79716e-07 5.79076e-07 5.67558e-07 5.46656e-07 5.18125e-07 4.83824e-07 4.45581e-07 4.05097e-07 3.63868e-07 3.23152e-07 2.83949e-07 2.47007e-07 2.12841e-07 1.81759e-07 1.53898e-07 1.29257e-07 1.07727e-07 8.91253e-08 7.32204e-08 5.97517e-08 4.84486e-08 3.90428e-08 3.12779e-08 2.49157e-08 1.97398e-08 1.55573e-08 1.21993e-08 9.51964e-09 7.39378e-09 5.71667e-09 4.40064e-09 3.37325e-09 2.57514e-09 1.95806e-09 1.48314e-09 1.11922e-09 8.4155e-10 6.30545e-10 4.70837e-10 3.50416e-10 2.59955e-10 1.92242e-10 1.41734e-10 1.04186e-10 7.63637e-11 5.58135e-11 4.06815e-11 2.95726e-11 2.1441e-11 1.55057e-11 1.11855e-11 8.04937e-12 5.77876e-12 4.13901e-12 2.95781e-12 2.10901e-12 1.50052e-12 1.06532e-12 7.54772e-13 5.33658e-13 3.76567e-13 2.65199e-13 1.86409e-13 1.30782e-13 9.15851e-14 6.40204e-14 4.46726e-14 3.11178e-14 2.16389e-14 1.50222e-14 1.04116e-14 7.20442e-15 4.97728e-15 3.43327e-15 2.36461e-15 1.62614e-15 1.11664e-15 7.65664e-16 5.24254e-16 3.58455e-16 2.44753e-16 1.6689e-16 1.13645e-16 7.72859e-17 5.24912e-17 3.56056e-17
