0.376734 0.0541287 0.030407 0.018591 0.0118096 0.00760741 0.00491299 0.00316564 0.00203164 0.00129824 0.000826193 0.000523833 0.000331031 0.00020858 0.000131082 8.21879e-05 5.1424e-05 3.21149e-05 2.00218e-05 1.2463e-05 7.74678e-06 4.80889e-06 2.98149e-06 1.84636e-06 1.14208e-06 7.05557e-07 4.35167e-07 2.67658e-07 1.63667e-07 9.86572e-08 6.0737e-08
0.0541287 0.0118843 0.00636645 0.00349744 0.00193733 0.00107941 0.000605235 0.000341665 0.000194161 0.000111016 6.38231e-05 3.68658e-05 2.13815e-05 1.24443e-05 7.26443e-06 4.25161e-06 2.49387e-06 1.46567e-06 8.62847e-07 5.08719e-07 3.00325e-07 1.77502e-07 1.05015e-07 6.21811e-08 3.6839e-08 2.18262e-08 1.2917e-08 7.61435e-09 4.44003e-09 2.51707e-09 1.49857e-09
0.030407 0.00636645 0.00306026 0.00156883 0.000832873 0.000451959 0.000249187 0.000139126 7.84782e-05 4.46441e-05 2.5575e-05 1.4736e-05 8.53157e-06 4.95932e-06 2.89255e-06 1.69192e-06 9.92061e-07 5.82917e-07 3.43133e-07 2.02304e-07 1.19438e-07 7.05996e-08 4.17737e-08 2.47371e-08 1.46549e-08 8.67931e-09 5.13012e-09 3.01449e-09 1.74505e-09 1.02699e-09 6.11642e-10
0.018591 0.00349744 0.00156883 0.000764387 0.000392192 0.000208119 0.000113066 6.25023e-05 3.50139e-05 1.98208e-05 1.13137e-05 6.5012e-06 3.75614e-06 2.17986e-06 1.26978e-06 7.41951e-07 4.34677e-07 2.5523e-07 1.50154e-07 8.84847e-08 5.2219e-08 3.08554e-08 1.82509e-08 1.08036e-08 6.39704e-09 3.78524e-09 2.23349e-09 1.30811e-09 7.7353e-10 4.5524e-10 2.71105e-10
0.0118096 0.00193733 0.000832873 0.000392192 0.000196392 0.000102505 5.50661e-05 3.0204e-05 1.68264e-05 9.48591e-06 5.39744e-06 3.09374e-06 1.78378e-06 1.03345e-06 6.01111e-07 3.50798e-07 2.05292e-07 1.20425e-07 7.07855e-08 4.16808e-08 2.45802e-08 1.45144e-08 8.5797e-09 5.0753e-09 3.00274e-09 1.77475e-09 1.04548e-09 6.191e-10 3.66056e-10 2.154e-10 1.28229e-10
0.00760741 0.00107941 0.000451959 0.000208119 0.000102505 5.28845e-05 2.8181e-05 1.53687e-05 8.52529e-06 4.79028e-06 2.7184e-06 1.5547e-06 8.94705e-07 5.17493e-07 3.0056e-07 1.7517e-07 1.02389e-07 5.99961e-08 3.52301e-08 2.07253e-08 1.22116e-08 7.2049e-09 4.25549e-09 2.51521e-09 1.4867e-09 8.77787e-10 5.19777e-10 3.07706e-10 1.81884e-10 1.06999e-10 6.36644e-11
0.00491299 0.000605235 0.000249187 0.000113066 5.50661e-05 2.8181e-05 1.49304e-05 8.10765e-06 4.48262e-06 2.51201e-06 1.4223e-06 8.11841e-07 4.66387e-07 2.69331e-07 1.56204e-07 9.09175e-08 5.30777e-08 3.10664e-08 1.82232e-08 1.07098e-08 6.30449e-09 3.71636e-09 2.19311e-09 1.2951e-09 7.64847e-10 4.52538e-10 2.67848e-10 1.58497e-10 9.36503e-11 5.50758e-11 3.27509e-11
0.00316564 0.000341665 0.000139126 6.25023e-05 3.0204e-05 1.53687e-05 8.10765e-06 4.3882e-06 2.41973e-06 1.35292e-06 7.64514e-07 4.35605e-07 2.49842e-07 1.44065e-07 8.3438e-08 4.85024e-08 2.82819e-08 1.65349e-08 9.68898e-09 5.6886e-09 3.34553e-09 1.97034e-09 1.16172e-09 6.85468e-10 4.05054e-10 2.39523e-10 1.41693e-10 8.38044e-11 4.94951e-11 2.90985e-11 1.72931e-11
0.00203164 0.000194161 7.84782e-05 3.50139e-05 1.68264e-05 8.52529e-06 4.48262e-06 2.41973e-06 1.33127e-06 7.42872e-07 4.19034e-07 2.38367e-07 1.36508e-07 7.86033e-08 4.54647e-08 2.6396e-08 1.53738e-08 8.97845e-09 5.25574e-09 3.08277e-09 1.81134e-09 1.06585e-09 6.27912e-10 3.7044e-10 2.18757e-10 1.2928e-10 7.64344e-11 4.51838e-11 2.66735e-11 1.56763e-11 9.31086e-12
0.00129824 0.000111016 4.46441e-05 1.98208e-05 9.48591e-06 4.79028e-06 2.51201e-06 1.35292e-06 7.42872e-07 4.13794e-07 2.33026e-07 1.32354e-07 7.56889e-08 4.35245e-08 2.51433e-08 1.45806e-08 8.48276e-09 4.94885e-09 2.89407e-09 1.69594e-09 9.95604e-10 5.85356e-10 3.44675e-10 2.03201e-10 1.19918e-10 7.08256e-11 4.18504e-11 2.47268e-11 1.45904e-11 8.57213e-12 5.08848e-12
0.000826193 6.38231e-05 2.5575e-05 1.13137e-05 5.39744e-06 2.7184e-06 1.4223e-06 7.64514e-07 4.19034e-07 2.33026e-07 1.31027e-07 7.43141e-08 4.24405e-08 2.43744e-08 1.40639e-08 8.14654e-09 4.73453e-09 2.75939e-09 1.61216e-09 9.43898e-10 5.53652e-10 3.25301e-10 1.91408e-10 1.12767e-10 6.6506e-11 3.92558e-11 2.31831e-11 1.36904e-11 8.07466e-12 4.7425e-12 2.81365e-12
0.000523833 3.68658e-05 1.4736e-05 6.5012e-06 3.09374e-06 1.5547e-06 8.11841e-07 4.35605e-07 2.38367e-07 1.32354e-07 7.43141e-08 4.20916e-08 2.40079e-08 1.37717e-08 7.93728e-09 4.5928e-09 2.66654e-09 1.55265e-09 9.06322e-10 5.30192e-10 3.10762e-10 1.82455e-10 1.07282e-10 6.31624e-11 3.72279e-11 2.19613e-11 1.29626e-11 7.65106e-12 4.51068e-12 2.64845e-12 1.57047e-12
0.000331031 2.13815e-05 8.53157e-06 3.75614e-06 1.78378e-06 8.94705e-07 4.66387e-07 2.49842e-07 1.36508e-07 7.56889e-08 4.24405e-08 2.40079e-08 1.36771e-08 7.83676e-09 4.51189e-09 2.60813e-09 1.51282e-09 8.80086e-10 5.13296e-10 3.00045e-10 1.75734e-10 1.03104e-10 6.05836e-11 3.56461e-11 2.09973e-11 1.23797e-11 7.30322e-12 4.30862e-12 2.5391e-12 1.4904e-12 8.83335e-13
0.00020858 1.24443e-05 4.95932e-06 2.17986e-06 1.03345e-06 5.17493e-07 2.69331e-07 1.44065e-07 7.86033e-08 4.35245e-08 2.43744e-08 1.37717e-08 7.83676e-09 4.48557e-09 2.5799e-09 1.48992e-09 8.63441e-10 5.01883e-10 2.92486e-10 1.70843e-10 9.99901e-11 5.8625e-11 3.44258e-11 2.02432e-11 1.19174e-11 7.02254e-12 4.14077e-12 2.44178e-12 1.43838e-12 8.44063e-13 5.00028e-13
0.000131082 7.26443e-06 2.89255e-06 1.26978e-06 6.01111e-07 3.0056e-07 1.56204e-07 8.3438e-08 4.54647e-08 2.51433e-08 1.40639e-08 7.93728e-09 4.51189e-09 2.5799e-09 1.48244e-09 8.55357e-10 4.95279e-10 2.87659e-10 1.67515e-10 9.77763e-11 5.71872e-11 3.35077e-11 1.96645e-11 1.15565e-11 6.7997e-12 4.00478e-12 2.36025e-12 1.39121e-12 8.1921e-13 4.80593e-13 2.84578e-13
8.21879e-05 4.25161e-06 1.69192e-06 7.41951e-07 3.50798e-07 1.7517e-07 9.09175e-08 4.85024e-08 2.6396e-08 1.45806e-08 8.14654e-09 4.5928e-09 2.60813e-09 1.48992e-09 8.55357e-10 4.93117e-10 2.85305e-10 1.6558e-10 9.63546e-11 5.62028e-11 3.28506e-11 1.92364e-11 1.12826e-11 6.62691e-12 3.89717e-12 2.29416e-12 1.35146e-12 7.96259e-13 4.68704e-13 2.74896e-13 1.62707e-13
5.1424e-05 2.49387e-06 9.92061e-07 4.34677e-07 2.05292e-07 1.02389e-07 5.30777e-08 2.82819e-08 1.53738e-08 8.48276e-09 4.73453e-09 2.66654e-09 1.51282e-09 8.63441e-10 4.95279e-10 2.85305e-10 1.64945e-10 9.56593e-11 5.56283e-11 3.24266e-11 1.89417e-11 1.10853e-11 6.49817e-12 3.81475e-12 2.24226e-12 1.31934e-12 7.76863e-13 4.57531e-13 2.69223e-13 1.57861e-13 9.33972e-14
3.21149e-05 1.46567e-06 5.82917e-07 2.5523e-07 1.20425e-07 5.99961e-08 3.10664e-08 1.65349e-08 8.97845e-09 4.94885e-09 2.75939e-09 1.55265e-09 8.80086e-10 5.01883e-10 2.87659e-10 1.6558e-10 9.56593e-11 5.54395e-11 3.22187e-11 1.87692e-11 1.09575e-11 6.40911e-12 3.75502e-12 2.20327e-12 1.29444e-12 7.61302e-13 4.48085e-13 2.63796e-13 1.55172e-13 9.09646e-14 5.37974e-14
2.00218e-05 8.62847e-07 3.43133e-07 1.50154e-07 7.07855e-08 3.52301e-08 1.82232e-08 9.68898e-09 5.25574e-09 2.89407e-09 1.61216e-09 9.06322e-10 5.13296e-10 2.92486e-10 1.67515e-10 9.63546e-11 5.56283e-11 3.22187e-11 1.87124e-11 1.08947e-11 6.35681e-12 3.71617e-12 2.17616e-12 1.27626e-12 7.49468e-13 4.40596e-13 2.59219e-13 1.5255e-13 8.97056e-14 5.25749e-14 3.10816e-14
1.2463e-05 5.08719e-07 2.02304e-07 8.84847e-08 4.16808e-08 2.07253e-08 1.07098e-08 5.6886e-09 3.08277e-09 1.69594e-09 9.43898e-10 5.30192e-10 3.00045e-10 1.70843e-10 9.77763e-11 5.62028e-11 3.24266e-11 1.87692e-11 1.08947e-11 6.33955e-12 3.69703e-12 2.16018e-12 1.26437e-12 7.41179e-13 4.3506e-13 2.55656e-13 1.50354e-13 8.84513e-14 5.19967e-14 3.04677e-14 1.80056e-14
7.74678e-06 3.00325e-07 1.19438e-07 5.2219e-08 2.45802e-08 1.22116e-08 6.30449e-09 3.34553e-09 1.81134e-09 9.95604e-10 5.53652e-10 3.10762e-10 1.75734e-10 9.99901e-11 5.71872e-11 3.28506e-11 1.89417e-11 1.09575e-11 6.35681e-12 3.69703e-12 2.1549e-12 1.2585e-12 7.36274e-13 4.31416e-13 2.53128e-13 1.48688e-13 8.7412e-14 5.14058e-14 3.02102e-14 1.76981e-14 1.04554e-14
4.80889e-06 1.77502e-07 7.05996e-08 3.08554e-08 1.45144e-08 7.2049e-09 3.71636e-09 1.97034e-09 1.06585e-09 5.85356e-10 3.25301e-10 1.82455e-10 1.03104e-10 5.8625e-11 3.35077e-11 1.92364e-11 1.10853e-11 6.40911e-12 3.71617e-12 2.16018e-12 1.2585e-12 7.3465e-13 4.2961e-13 2.51622e-13 1.47577e-13 8.66539e-14 5.09247e-14 2.99382e-14 1.75891e-14 1.03021e-14 6.08413e-15
2.98149e-06 1.05015e-07 4.17737e-08 1.82509e-08 8.5797e-09 4.25549e-09 2.19311e-09 1.16172e-09 6.27912e-10 3.44675e-10 1.91408e-10 1.07282e-10 6.05836e-11 3.44258e-11 1.96645e-11 1.12826e-11 6.49817e-12 3.75502e-12 2.17616e-12 1.26437e-12 7.36274e-13 4.2961e-13 2.51123e-13 1.47023e-13 8.61961e-14 5.05939e-14 2.97227e-14 1.74682e-14 1.026e-14 6.00821e-15 3.54713e-15
1.84636e-06 6.21811e-08 2.47371e-08 1.08036e-08 5.0753e-09 2.51521e-09 1.2951e-09 6.85468e-10 3.7044e-10 2.03201e-10 1.12767e-10 6.31624e-11 3.56461e-11 2.02432e-11 1.15565e-11 6.62691e-12 3.81475e-12 2.20327e-12 1.27626e-12 7.41179e-13 4.31416e-13 2.51622e-13 1.47023e-13 8.60434e-14 5.04266e-14 2.95881e-14 1.73766e-14 1.02092e-14 5.9948e-15 3.50988e-15 2.07152e-15
1.14208e-06 3.6839e-08 1.46549e-08 6.39704e-09 3.00274e-09 1.4867e-09 7.64847e-10 4.05054e-10 2.18757e-10 1.19918e-10 6.6506e-11 3.72279e-11 2.09973e-11 1.19174e-11 6.7997e-12 3.89717e-12 2.24226e-12 1.29444e-12 7.49468e-13 4.3506e-13 2.53128e-13 1.47577e-13 8.61961e-14 5.04266e-14 2.95426e-14 1.73285e-14 1.01735e-14 5.97547e-15 3.50787e-15 2.05344e-15 1.21158e-15
7.05557e-07 2.18262e-08 8.67931e-09 3.78524e-09 1.77475e-09 8.77787e-10 4.52538e-10 2.39523e-10 1.2928e-10 7.08256e-11 3.92558e-11 2.19613e-11 1.23797e-11 7.02254e-12 4.00478e-12 2.29416e-12 1.31934e-12 7.61302e-13 4.40596e-13 2.55656e-13 1.48688e-13 8.66539e-14 5.05939e-14 2.95881e-14 1.73285e-14 1.0161e-14 5.96367e-15 3.50181e-15 2.05522e-15 1.20288e-15 7.09528e-16
4.35167e-07 1.2917e-08 5.13012e-09 2.23349e-09 1.04548e-09 5.19777e-10 2.67848e-10 1.41693e-10 7.64344e-11 4.18504e-11 2.31831e-11 1.29626e-11 7.30322e-12 4.14077e-12 2.36025e-12 1.35146e-12 7.76863e-13 4.48085e-13 2.59219e-13 1.50354e-13 8.7412e-14 5.09247e-14 2.97227e-14 1.73766e-14 1.01735e-14 5.96367e-15 3.49919e-15 2.05415e-15 1.20531e-15 7.0533e-16 4.15932e-16
2.67658e-07 7.61435e-09 3.01449e-09 1.30811e-09 6.191e-10 3.07706e-10 1.58497e-10 8.38044e-11 4.51838e-11 2.47268e-11 1.36904e-11 7.65106e-12 4.30862e-12 2.44178e-12 1.39121e-12 7.96259e-13 4.57531e-13 2.63796e-13 1.5255e-13 8.84513e-14 5.14058e-14 2.99382e-14 1.74682e-14 1.02092e-14 5.97547e-15 3.50181e-15 2.05415e-15 1.20557e-15 7.07238e-16 4.13802e-16 2.43959e-16
1.63667e-07 4.44003e-09 1.74505e-09 7.7353e-10 3.66056e-10 1.81884e-10 9.36503e-11 4.94951e-11 2.66735e-11 1.45904e-11 8.07466e-12 4.51068e-12 2.5391e-12 1.43838e-12 8.1921e-13 4.68704e-13 2.69223e-13 1.55172e-13 8.97056e-14 5.19967e-14 3.02102e-14 1.75891e-14 1.026e-14 5.9948e-15 3.50787e-15 2.05522e-15 1.20531e-15 7.07238e-16 4.1482e-16 2.42678e-16 1.4304e-16
9.86572e-08 2.51707e-09 1.02699e-09 4.5524e-10 2.154e-10 1.06999e-10 5.50758e-11 2.90985e-11 1.56763e-11 8.57213e-12 4.7425e-12 2.64845e-12 1.4904e-12 8.44063e-13 4.80593e-13 2.74896e-13 1.57861e-13 9.09646e-14 5.25749e-14 3.04677e-14 1.76981e-14 1.03021e-14 6.00821e-15 3.50988e-15 2.05344e-15 1.20288e-15 7.0533e-16 4.13802e-16 2.42678e-16 1.41958e-16 8.36608e-17
6.0737e-08 1.49857e-09 6.11642e-10 2.71105e-10 1.28229e-10 6.36644e-11 3.27509e-11 1.72931e-11 9.31086e-12 5.08848e-12 2.81365e-12 1.57047e-12 8.83335e-13 5.00028e-13 2.84578e-13 1.62707e-13 9.33972e-14 5.37974e-14 3.10816e-14 1.80056e-14 1.04554e-14 6.08413e-15 3.54713e-15 2.07152e-15 1.21158e-15 7.09528e-16 4.15932e-16 2.43959e-16 1.4304e-16 8.36608e-17 4.92918e-17
