0.37132 0.0272069 0.017332 0.0119227 0.00862704 0.0064516 0.00493115 0.00382531 0.00299838 0.00236779 0.00188009 0.00149898 0.00119885 0.00096111 0.000771938 0.000620883 0.00049993 0.00040287 0.000324844 0.000262029 0.000211398 0.000170542 0.00013754 0.000110852 8.92408e-05 7.17115e-05 5.74598e-05 4.58345e-05 3.63062e-05 2.84421e-05 2.29804e-05
0.0272069 0.00401874 0.00239009 0.00151299 0.00100102 0.000684121 0.000479232 0.00034225 0.000248207 0.000182248 0.000135172 0.00010109 7.6121e-05 5.76492e-05 4.38712e-05 3.35232e-05 2.57055e-05 1.97695e-05 1.52425e-05 1.17768e-05 9.11424e-06 7.06232e-06 5.47624e-06 4.24666e-06 3.29058e-06 2.54478e-06 1.96093e-06 1.50201e-06 1.13969e-06 8.52384e-07 6.69851e-07
0.017332 0.00239009 0.00135205 0.00082459 0.000531606 0.000357023 0.000247212 0.000175204 0.000126425 9.25275e-05 6.84865e-05 5.11554e-05 3.84951e-05 2.91465e-05 2.21815e-05 1.69536e-05 1.30051e-05 1.00069e-05 7.71986e-06 5.96829e-06 4.62203e-06 3.58394e-06 2.78106e-06 2.15827e-06 1.67376e-06 1.29567e-06 9.99662e-07 7.6715e-07 5.83977e-07 4.5197e-07 3.55413e-07
0.0119227 0.00151299 0.00082459 0.000488603 0.00030864 0.000204469 0.000140329 9.88914e-05 7.11045e-05 5.19244e-05 3.83821e-05 2.86479e-05 2.15503e-05 1.63152e-05 1.24175e-05 9.49294e-06 7.28422e-06 5.60698e-06 4.32734e-06 3.34707e-06 2.59341e-06 2.0121e-06 1.56239e-06 1.21348e-06 9.42029e-07 7.3025e-07 5.64575e-07 4.34671e-07 3.37569e-07 2.61284e-07 2.05523e-07
0.00862704 0.00100102 0.000531606 0.00030864 0.000192184 0.00012613 8.60577e-05 6.04296e-05 4.33573e-05 3.16224e-05 2.33585e-05 1.74278e-05 1.31078e-05 9.92314e-06 7.55279e-06 5.77447e-06 4.4315e-06 3.41168e-06 2.63358e-06 2.03747e-06 1.57916e-06 1.22564e-06 9.52172e-07 7.40037e-07 5.75052e-07 4.46422e-07 3.45925e-07 2.69213e-07 2.09106e-07 1.61857e-07 1.27312e-07
0.0064516 0.000684121 0.000357023 0.000204469 0.00012613 8.22926e-05 5.59527e-05 3.9212e-05 2.81028e-05 2.04838e-05 1.51252e-05 1.12825e-05 8.48446e-06 6.42238e-06 4.88781e-06 3.73667e-06 2.86744e-06 2.20744e-06 1.70394e-06 1.31827e-06 1.02179e-06 7.93165e-07 6.16356e-07 4.79259e-07 3.72697e-07 2.89693e-07 2.25688e-07 1.75653e-07 1.36438e-07 1.05606e-07 8.30489e-08
0.00493115 0.000479232 0.000247212 0.000140329 8.60577e-05 5.59527e-05 3.79707e-05 2.65829e-05 1.9041e-05 1.3874e-05 1.0242e-05 7.63817e-06 5.74264e-06 4.34592e-06 3.3067e-06 2.5273e-06 1.93892e-06 1.49229e-06 1.15166e-06 8.90832e-07 6.90397e-07 5.35893e-07 4.16461e-07 3.23904e-07 2.52015e-07 1.96372e-07 1.52976e-07 1.19053e-07 9.24672e-08 7.15673e-08 5.62619e-08
0.00382531 0.00034225 0.000175204 9.88914e-05 6.04296e-05 3.9212e-05 2.65829e-05 1.86005e-05 1.33189e-05 9.70209e-06 7.16025e-06 5.33826e-06 4.01215e-06 3.03523e-06 2.30856e-06 1.76376e-06 1.35263e-06 1.04066e-06 8.02846e-07 6.2082e-07 4.81009e-07 3.7329e-07 2.90069e-07 2.25615e-07 1.75711e-07 1.36889e-07 1.06619e-07 8.29629e-08 6.44276e-08 4.98608e-08 3.91824e-08
0.00299838 0.000248207 0.000126425 7.11045e-05 4.33573e-05 2.81028e-05 1.9041e-05 1.33189e-05 9.53442e-06 6.94319e-06 5.12235e-06 3.81741e-06 2.86785e-06 2.16856e-06 1.6486e-06 1.25895e-06 9.65034e-07 7.42127e-07 5.72285e-07 4.42356e-07 3.42614e-07 2.65809e-07 2.06507e-07 1.60656e-07 1.25083e-07 9.74202e-08 7.58598e-08 5.90158e-08 4.5823e-08 3.54589e-08 2.78535e-08
0.00236779 0.000182248 9.25275e-05 5.19244e-05 3.16224e-05 2.04838e-05 1.3874e-05 9.70209e-06 6.94319e-06 5.05435e-06 3.72726e-06 2.77639e-06 2.08471e-06 1.57555e-06 1.19713e-06 9.13697e-07 7.00021e-07 5.38056e-07 4.14718e-07 3.20418e-07 2.48068e-07 1.9239e-07 1.49445e-07 1.16221e-07 9.04554e-08 7.04287e-08 5.48266e-08 4.26427e-08 3.31039e-08 2.56136e-08 2.01117e-08
0.00188009 0.000135172 6.84865e-05 3.83821e-05 2.33585e-05 1.51252e-05 1.0242e-05 7.16025e-06 5.12235e-06 3.72726e-06 2.74726e-06 2.04531e-06 1.5349e-06 1.15935e-06 8.80399e-07 6.71575e-07 5.14239e-07 3.95049e-07 3.04338e-07 2.35025e-07 1.81877e-07 1.41008e-07 1.09487e-07 8.51122e-08 6.62193e-08 5.15412e-08 4.01115e-08 3.11899e-08 2.42083e-08 1.87286e-08 1.46997e-08
0.00149898 0.00010109 5.11554e-05 2.86479e-05 1.74278e-05 1.12825e-05 7.63817e-06 5.33826e-06 3.81741e-06 2.77639e-06 2.04531e-06 1.52184e-06 1.14139e-06 8.61616e-07 6.53916e-07 4.98525e-07 3.81518e-07 2.92933e-07 2.25554e-07 1.741e-07 1.34672e-07 1.04363e-07 8.09987e-08 6.2941e-08 4.89514e-08 3.8088e-08 2.96328e-08 2.3036e-08 1.7876e-08 1.3828e-08 1.08491e-08
0.00119885 7.6121e-05 3.84951e-05 2.15503e-05 1.31078e-05 8.48446e-06 5.74264e-06 4.01215e-06 2.86785e-06 2.08471e-06 1.5349e-06 1.14139e-06 8.55541e-07 6.45446e-07 4.89567e-07 3.73016e-07 2.85308e-07 2.18945e-07 1.68499e-07 1.29999e-07 1.00511e-07 7.78554e-08 6.03995e-08 4.69154e-08 3.64742e-08 2.83702e-08 2.20657e-08 1.71491e-08 1.33052e-08 1.02911e-08 8.07107e-09
0.00096111 5.76492e-05 2.91465e-05 1.63152e-05 9.92314e-06 6.42238e-06 4.34592e-06 3.03523e-06 2.16856e-06 1.57555e-06 1.15935e-06 8.61616e-07 6.45446e-07 4.86655e-07 3.6891e-07 2.80925e-07 2.14754e-07 1.64715e-07 1.26701e-07 9.77044e-08 7.5507e-08 5.84614e-08 4.53349e-08 3.52001e-08 2.73562e-08 2.12711e-08 1.65392e-08 1.28509e-08 9.96848e-09 7.70935e-09 6.04409e-09
0.000771938 4.38712e-05 2.21815e-05 1.24175e-05 7.55279e-06 4.88781e-06 3.3067e-06 2.30856e-06 1.6486e-06 1.19713e-06 8.80399e-07 6.53916e-07 4.89567e-07 3.6891e-07 2.79495e-07 2.12719e-07 1.62527e-07 1.24595e-07 9.57926e-08 7.38345e-08 5.70343e-08 4.41399e-08 3.42151e-08 2.65561e-08 2.06311e-08 1.60367e-08 1.24657e-08 9.6834e-09 7.51004e-09 5.80741e-09 4.55138e-09
0.000620883 3.35232e-05 1.69536e-05 9.49294e-06 5.77447e-06 3.73667e-06 2.5273e-06 1.76376e-06 1.25895e-06 9.13697e-07 6.71575e-07 4.98525e-07 3.73016e-07 2.80925e-07 2.12719e-07 1.6181e-07 1.23567e-07 9.46808e-08 7.27591e-08 5.60552e-08 4.32816e-08 3.34825e-08 2.59438e-08 2.01288e-08 1.56325e-08 1.21474e-08 9.4398e-09 7.33114e-09 5.68469e-09 4.39541e-09 3.44361e-09
0.00049993 2.57055e-05 1.30051e-05 7.28422e-06 4.4315e-06 2.86744e-06 1.93892e-06 1.35263e-06 9.65034e-07 7.00021e-07 5.14239e-07 3.81518e-07 2.85308e-07 2.14754e-07 1.62527e-07 1.23567e-07 9.43158e-08 7.22329e-08 5.54831e-08 4.27265e-08 3.29763e-08 2.55001e-08 1.97512e-08 1.53187e-08 1.18929e-08 9.23867e-09 7.17747e-09 5.57288e-09 4.32054e-09 3.3403e-09 2.61613e-09
0.00040287 1.97695e-05 1.00069e-05 5.60698e-06 3.41168e-06 2.20744e-06 1.49229e-06 1.04066e-06 7.42127e-07 5.38056e-07 3.95049e-07 2.92933e-07 2.18945e-07 1.64715e-07 1.24595e-07 9.46808e-08 7.22329e-08 5.52949e-08 4.2454e-08 3.26792e-08 2.52116e-08 1.94882e-08 1.50891e-08 1.16988e-08 9.07959e-09 7.05117e-09 5.47658e-09 4.25129e-09 3.29537e-09 2.54746e-09 1.99455e-09
0.000324844 1.52425e-05 7.71986e-06 4.32734e-06 2.63358e-06 1.70394e-06 1.15166e-06 8.02846e-07 5.72285e-07 4.14718e-07 3.04338e-07 2.25554e-07 1.68499e-07 1.26701e-07 9.57926e-08 7.27591e-08 5.54831e-08 4.2454e-08 3.25812e-08 2.50694e-08 1.93331e-08 1.49387e-08 1.15625e-08 8.96161e-09 6.95303e-09 5.39816e-09 4.19163e-09 3.25313e-09 2.52123e-09 1.94882e-09 1.52539e-09
0.000262029 1.17768e-05 5.96829e-06 3.34707e-06 2.03747e-06 1.31827e-06 8.90832e-07 6.2082e-07 4.42356e-07 3.20418e-07 2.35025e-07 1.741e-07 1.29999e-07 9.77044e-08 7.38345e-08 5.60552e-08 4.27265e-08 3.26792e-08 2.50694e-08 1.92819e-08 1.48644e-08 1.14816e-08 8.88367e-09 6.88316e-09 5.33883e-09 4.14379e-09 3.21683e-09 2.49606e-09 1.93418e-09 1.49491e-09 1.16977e-09
0.000211398 9.11424e-06 4.62203e-06 2.59341e-06 1.57916e-06 1.02179e-06 6.90397e-07 4.81009e-07 3.42614e-07 2.48068e-07 1.81877e-07 1.34672e-07 1.00511e-07 7.5507e-08 5.70343e-08 4.32816e-08 3.29763e-08 2.52116e-08 1.93331e-08 1.48644e-08 1.14548e-08 8.84492e-09 6.84136e-09 5.29912e-09 4.10901e-09 3.18841e-09 2.47458e-09 1.91974e-09 1.48736e-09 1.14946e-09 8.99202e-10
0.000170542 7.06232e-06 3.58394e-06 2.0121e-06 1.22564e-06 7.93165e-07 5.35893e-07 3.7329e-07 2.65809e-07 1.9239e-07 1.41008e-07 1.04363e-07 7.78554e-08 5.84614e-08 4.41399e-08 3.34825e-08 2.55001e-08 1.94882e-08 1.49387e-08 1.14816e-08 8.84492e-09 6.82745e-09 5.27924e-09 4.08794e-09 3.16897e-09 2.45835e-09 1.90754e-09 1.47955e-09 1.14615e-09 8.85688e-10 6.92671e-10
0.00013754 5.47624e-06 2.78106e-06 1.56239e-06 9.52172e-07 6.16356e-07 4.16461e-07 2.90069e-07 2.06507e-07 1.49445e-07 1.09487e-07 8.09987e-08 6.03995e-08 4.53349e-08 3.42151e-08 2.59438e-08 1.97512e-08 1.50891e-08 1.15625e-08 8.88367e-09 6.84136e-09 5.27924e-09 4.08089e-09 3.15912e-09 2.4483e-09 1.89883e-09 1.47306e-09 1.14234e-09 8.848e-10 6.83674e-10 5.34546e-10
0.000110852 4.24666e-06 2.15827e-06 1.21348e-06 7.40037e-07 4.79259e-07 3.23904e-07 2.25615e-07 1.60656e-07 1.16221e-07 8.51122e-08 6.2941e-08 4.69154e-08 3.52001e-08 2.65561e-08 2.01288e-08 1.53187e-08 1.16988e-08 8.96161e-09 6.88316e-09 5.29912e-09 4.08794e-09 3.15912e-09 2.4449e-09 1.89431e-09 1.46883e-09 1.13925e-09 8.83319e-10 6.8408e-10 5.28538e-10 4.13149e-10
8.92408e-05 3.29058e-06 1.67376e-06 9.42029e-07 5.75052e-07 3.72697e-07 2.52015e-07 1.75711e-07 1.25083e-07 9.04554e-08 6.62193e-08 4.89514e-08 3.64742e-08 2.73562e-08 2.06311e-08 1.56325e-08 1.18929e-08 9.07959e-09 6.95303e-09 5.33883e-09 4.10901e-09 3.16897e-09 2.4483e-09 1.89431e-09 1.46737e-09 1.13754e-09 8.8212e-10 6.83842e-10 5.2953e-10 4.09097e-10 3.19712e-10
7.17115e-05 2.54478e-06 1.29567e-06 7.3025e-07 4.46422e-07 2.89693e-07 1.96372e-07 1.36889e-07 9.74202e-08 7.04287e-08 5.15412e-08 3.8088e-08 2.83702e-08 2.12711e-08 1.60367e-08 1.21474e-08 9.23867e-09 7.05117e-09 5.39816e-09 4.14379e-09 3.18841e-09 2.45835e-09 1.89883e-09 1.46883e-09 1.13754e-09 8.81671e-10 6.83581e-10 5.29849e-10 4.10238e-10 3.16914e-10 2.47619e-10
5.74598e-05 1.96093e-06 9.99662e-07 5.64575e-07 3.45925e-07 2.25688e-07 1.52976e-07 1.06619e-07 7.58598e-08 5.48266e-08 4.01115e-08 2.96328e-08 2.20657e-08 1.65392e-08 1.24657e-08 9.4398e-09 7.17747e-09 5.47658e-09 4.19163e-09 3.21683e-09 2.47458e-09 1.90754e-09 1.47306e-09 1.13925e-09 8.8212e-10 6.83581e-10 5.29912e-10 4.10683e-10 3.1794e-10 2.45598e-10 1.9186e-10
4.58345e-05 1.50201e-06 7.6715e-07 4.34671e-07 2.69213e-07 1.75653e-07 1.19053e-07 8.29629e-08 5.90158e-08 4.26427e-08 3.11899e-08 2.3036e-08 1.71491e-08 1.28509e-08 9.6834e-09 7.33114e-09 5.57288e-09 4.25129e-09 3.25313e-09 2.49606e-09 1.91974e-09 1.47955e-09 1.14234e-09 8.83319e-10 6.83842e-10 5.29849e-10 4.10683e-10 3.18243e-10 2.46353e-10 1.9029e-10 1.48629e-10
3.63062e-05 1.13969e-06 5.83977e-07 3.37569e-07 2.09106e-07 1.36438e-07 9.24672e-08 6.44276e-08 4.5823e-08 3.31039e-08 2.42083e-08 1.7876e-08 1.33052e-08 9.96848e-09 7.51004e-09 5.68469e-09 4.32054e-09 3.29537e-09 2.52123e-09 1.93418e-09 1.48736e-09 1.14615e-09 8.848e-10 6.8408e-10 5.2953e-10 4.10238e-10 3.1794e-10 2.46353e-10 1.9069e-10 1.47288e-10 1.15028e-10
2.84421e-05 8.52384e-07 4.5197e-07 2.61284e-07 1.61857e-07 1.05606e-07 7.15673e-08 4.98608e-08 3.54589e-08 2.56136e-08 1.87286e-08 1.3828e-08 1.02911e-08 7.70935e-09 5.80741e-09 4.39541e-09 3.3403e-09 2.54746e-09 1.94882e-09 1.49491e-09 1.14946e-09 8.85688e-10 6.83674e-10 5.28538e-10 4.09097e-10 3.16914e-10 2.45598e-10 1.9029e-10 1.47288e-10 1.13762e-10 8.8838e-11
2.29804e-05 6.69851e-07 3.55413e-07 2.05523e-07 1.27312e-07 8.30489e-08 5.62619e-08 3.91824e-08 2.78535e-08 2.01117e-08 1.46997e-08 1.08491e-08 8.07107e-09 6.04409e-09 4.55138e-09 3.44361e-09 2.61613e-09 1.99455e-09 1.52539e-09 1.16977e-09 8.99202e-10 6.92671e-10 5.34546e-10 4.13149e-10 3.19712e-10 2.47619e-10 1.9186e-10 1.48629e-10 1.15028e-10 8.8838e-11 6.93597e-11
